,0,1,2,3,4,5,6,7,8,9,10,11,12,13,14,15,16,17,18,19,20,21,22,23,24
0,2.289486577321352e-08,0.00043689263314170804,0.06584610914512982,0.015885175733596397,0.011132224187090168,0.8869148277557334,5.688258477883893e-06,5.1086474053189286e-08,9.033906669620958e-06,2.506775983213597e-05,0.0019532159204603793,4.126959121777715e-07,1.4891136460319488e-05,0.007992832409621297,0.009286528317629016,1.9754355894676455e-05,3.3160873086821435e-05,5.000417877799446e-09,8.866352484847164e-07,1.0509912685966202e-07,0.00041613517335764176,7.168904605413669e-06,9.652082544285578e-07,1.8827972483087928e-05,1.693643045047754e-08
1,3.300268084196067e-08,0.0005794810627314409,0.07549261820825862,0.018698779967480542,0.015884697409088166,0.8696594325672568,6.942669442730655e-06,6.977001651173455e-08,1.7359222344979533e-05,3.910375352832606e-05,0.002057367225390646,3.969966631569389e-07,1.721374516730408e-05,0.007488927458732499,0.009600188901091926,2.996184681785149e-05,3.807097479355147e-05,5.243954041929208e-09,1.1233003690052699e-06,1.0484595245026482e-07,0.00035645427641854146,7.847157387026485e-06,8.492179657522345e-07,2.2952842020884156e-05,1.833444647030951e-08
2,2.9004528022894618e-08,0.0005495921673947554,0.08206247492415611,0.018523108804049736,0.02096814890477637,0.8443602777107133,9.964677421057073e-06,7.582549392047369e-08,1.7112016464302325e-05,4.0294440479826575e-05,0.0023292161035016233,3.9753355419048894e-07,1.4770491770541223e-05,0.012856085138324954,0.017662441594453945,2.2447359698689264e-05,3.163767044880449e-05,6.132438707331638e-09,1.2613764188632457e-06,1.902323215365102e-07,0.0005072817402669135,1.4607783878310865e-05,1.6390531297334166e-06,2.6900183336229695e-05,3.913097965060199e-08
3,2.759940383255855e-08,0.0005700575446202507,0.07976714484738319,0.02045745875246868,0.014977877085032204,0.8596950016863895,6.774589086018541e-06,5.511840949252597e-08,1.0479667039691329e-05,2.6457114913915546e-05,0.0026230345098015653,5.254118513860809e-07,1.8318320495712566e-05,0.01052002914263749,0.01075294243419924,2.033881634055351e-05,4.079114577039751e-05,6.417057022416151e-09,8.875573233913525e-07,9.906436132547477e-08,0.0004808789637377349,8.419367267853677e-06,1.0726947546010715e-06,2.1300689960580127e-05,2.1459694429635433e-08
4,2.99932698443314e-08,0.0007097578211912361,0.08327388861317381,0.02225964366846612,0.01710796999638118,0.8502666033806169,6.85570051140565e-06,5.811171545018088e-08,1.0843109216016037e-05,2.5245327373109195e-05,0.003285540602654717,7.523729445415473e-07,2.649868517165343e-05,0.012932559040959218,0.0094795417918554,2.0409640636026494e-05,4.9274817540006995e-05,7.963680304049999e-09,9.66717357922025e-07,1.0180885515188141e-07,0.000512753672685775,9.124751610923071e-06,1.1529023833870683e-06,2.03968100133983e-05,2.269973652228129e-08
5,3.526987855178206e-08,0.00046548771276709973,0.0899029961144107,0.032892656657663465,0.015282896483449033,0.834709777124791,8.045923438411575e-06,6.423223062390692e-08,1.0996305524378073e-05,3.461287248935142e-05,0.002966440353941352,6.420107415377361e-07,2.0967736974830098e-05,0.013348518629851895,0.009676434025183863,2.718768982630003e-05,5.428040987227614e-05,1.209869659118967e-08,7.222349717929504e-07,1.354415195755001e-07,0.0005556354850487236,8.447049898851954e-06,1.3226878186576776e-06,3.165888425212327e-05,2.6564758872242814e-08
6,2.759940383255855e-08,0.0005700575446202507,0.07976714484738319,0.02045745875246868,0.014977877085032204,0.8596950016863895,6.774589086018541e-06,5.511840949252597e-08,1.0479667039691329e-05,2.6457114913915546e-05,0.0026230345098015653,5.254118513860809e-07,1.8318320495712566e-05,0.01052002914263749,0.01075294243419924,2.033881634055351e-05,4.079114577039751e-05,6.417057022416151e-09,8.875573233913525e-07,9.906436132547477e-08,0.0004808789637377349,8.419367267853677e-06,1.0726947546010715e-06,2.1300689960580127e-05,2.1459694429635433e-08
7,3.42380285331363e-08,0.0007554454890598771,0.11844427639714485,0.019763302272143082,0.014585531096695824,0.8233726493601824,6.223202832639636e-06,6.461662722673612e-08,9.081601104335786e-06,2.317530774977832e-05,0.003230551260071416,6.278438241738623e-07,2.7956133493188158e-05,0.009393814410951095,0.00981996358304824,1.6245200901667743e-05,4.559616483562203e-05,6.464145509842718e-09,1.0835977293757684e-06,8.555400091806534e-08,0.00047295840156272854,8.982525843416702e-06,7.666618088068067e-07,2.1562754528072832e-05,1.586168722959312e-08
8,4.8803316844031054e-08,0.0005612160191918347,0.12535287856707816,0.03955891239582989,0.023990946586070375,0.7521912121404492,1.307477062459641e-05,6.355404677297069e-08,2.3643161852240225e-05,6.776341369420477e-05,0.004453693749809565,3.139003076820289e-07,1.164914024655221e-05,0.019610756648097413,0.03333355375482384,2.6267091038798368e-05,4.095521799212427e-05,9.85158750987944e-09,7.71218785905162e-07,1.6130073202365877e-07,0.0006364667283552964,1.6020383196321834e-05,2.0721687313498174e-06,0.00010748343742419565,6.599671731674443e-08
9,3.021942371487242e-08,0.00029959714368181197,0.13033992633385846,0.034223802331656526,0.013131517501136792,0.7924150953683674,5.519787249663568e-06,6.411389516684922e-08,1.1439693619243612e-05,4.8625695504553665e-05,0.0030648397187771543,2.8927142023244676e-07,1.4759844808066038e-05,0.012227788222303713,0.013578114063034288,2.4416899564486348e-05,4.232507002866636e-05,6.72359425083587e-09,7.276641105908505e-07,1.5957991246248364e-07,0.0005016336990420538,1.0067501783493419e-05,1.2617851109049843e-06,5.797380814681708e-05,1.795996937782704e-08
10,2.759940383255855e-08,0.0005700575446202507,0.07976714484738319,0.02045745875246868,0.014977877085032204,0.8596950016863895,6.774589086018541e-06,5.511840949252597e-08,1.0479667039691329e-05,2.6457114913915546e-05,0.0026230345098015653,5.254118513860809e-07,1.8318320495712566e-05,0.01052002914263749,0.01075294243419924,2.033881634055351e-05,4.079114577039751e-05,6.417057022416151e-09,8.875573233913525e-07,9.906436132547477e-08,0.0004808789637377349,8.419367267853677e-06,1.0726947546010715e-06,2.1300689960580127e-05,2.1459694429635433e-08
11,2.7724160134179623e-08,0.0006019377861405025,0.079262935376927,0.020517281161817474,0.014503768119163778,0.8616399575239341,6.724367564249618e-06,6.03081916709343e-08,1.0356843222543065e-05,2.492984843243104e-05,0.0026450730697957165,6.026757768142247e-07,2.1911583317597655e-05,0.010555179921333662,0.009647506423573855,2.0637874310030376e-05,4.539329394619653e-05,6.733990418603048e-09,9.335113967021245e-07,9.998765113973795e-08,0.0004655613099557996,8.536938326209798e-06,1.0600984439543382e-06,1.9497259143855673e-05,2.0259484133092975e-08
12,2.1417510658361337e-08,0.0010052389107547707,0.04900928517777626,0.014412935943849087,0.05467440473368532,0.8458312587781951,5.4359632353561145e-06,1.405825734565629e-08,8.592510300483346e-06,1.3359895399771162e-05,0.002158021601233283,1.0911879538261676e-06,1.2950420391032452e-05,0.02691263802755607,0.005440734153181522,1.2505856022527673e-05,2.0416963158370695e-05,1.547283586754733e-08,4.943750745155047e-07,1.1645021197821981e-07,0.0004657404860841136,3.431794808282903e-06,1.7278101179645903e-06,9.491327105088576e-06,7.668530136860532e-08
13,4.1688693604101504e-08,0.001001239303418976,0.11773823859378227,0.03701876227028813,0.026390990887155488,0.7526986535103368,5.267038351149773e-06,4.4385030045715996e-08,9.226956022526305e-06,1.7886327506101507e-05,0.020679663011643624,1.3300676023792793e-06,5.774687488629262e-05,0.02506643554665535,0.018285485952472768,1.8034036773255387e-05,7.021899626088166e-05,9.405960101542654e-09,1.161688357939226e-06,7.172235723138077e-08,0.0008825395501199679,1.053044218342669e-05,2.2588221011223402e-06,4.414311438888002e-05,1.9807651831351174e-08
14,1.1582124481396709e-08,0.0013064269592461338,0.01726481315411301,0.0017405455977481867,0.01055767260849931,0.9569889545692916,1.7066733457094291e-06,5.1035312477566e-09,1.8626953781938582e-06,6.38182140539267e-06,0.0023543200749848027,1.081212154379454e-06,1.7390716789530303e-05,0.007093704253584122,0.0023769691942135945,7.5758862272806625e-06,1.0478911973710284e-05,2.563666670242106e-09,1.2302952571942576e-06,2.559471017220468e-08,0.00026373908006806863,2.2714210611992777e-06,2.7676349938773715e-07,2.5455878320559535e-06,7.67929459561328e-09
15,2.759940383255855e-08,0.0005700575446202507,0.07976714484738319,0.02045745875246868,0.014977877085032204,0.8596950016863895,6.774589086018541e-06,5.511840949252597e-08,1.0479667039691329e-05,2.6457114913915546e-05,0.0026230345098015653,5.254118513860809e-07,1.8318320495712566e-05,0.01052002914263749,0.01075294243419924,2.033881634055351e-05,4.079114577039751e-05,6.417057022416151e-09,8.875573233913525e-07,9.906436132547477e-08,0.0004808789637377349,8.419367267853677e-06,1.0726947546010715e-06,2.1300689960580127e-05,2.1459694429635433e-08
16,3.754987353599389e-08,0.0005372409199729876,0.07982842680202507,0.0330844491123229,0.01646701776056607,0.8354288063351641,9.99073088156457e-06,5.577643684433465e-08,7.2714373094494984e-06,5.546345606252052e-05,0.0034025143418269315,1.259077977956192e-06,1.8882553575691464e-05,0.019386853777206746,0.010112298979724894,3.0729896825538234e-05,5.576882363157888e-05,2.1292900875120744e-08,8.49406780937849e-07,1.6236180697000132e-07,0.001533417637154395,1.2442493808938668e-05,1.425964129768423e-06,2.457103797436964e-05,4.2474059285552153e-08
17,4.894481474943896e-08,0.0009228637653928018,0.10420058365629377,0.03573952024345364,0.024712473906874532,0.7923890034102786,1.0526138199003857e-05,8.333737482771755e-08,1.0765563931970805e-05,3.104083811989689e-05,0.004437455087333431,2.197248520533495e-06,4.3979169935887384e-05,0.027523748052230932,0.008774300550665923,2.5522918016009683e-05,8.993230821197419e-05,2.765455335927179e-08,1.2026804165400219e-06,1.8056379982838278e-07,0.0010457044307531325,1.552929967787848e-05,2.3075588525987345e-06,2.094409299810969e-05,5.8579300004517e-08
18,4.2476811071178925e-08,0.0009589738423998821,0.05132607611654863,0.020930600194488544,0.014864067482520971,0.8768814877019347,1.3386551249080537e-05,6.379365750138769e-08,1.5269356024109132e-05,3.8476147705812034e-05,0.0030958553989596325,1.483046968924476e-06,2.811463102993042e-05,0.02119469621680345,0.009822165414963228,2.897653482018336e-05,9.198997331385631e-05,1.9621252675726465e-08,1.0528045237168248e-06,1.396258653598752e-07,0.0006697208233576808,1.6479896440116277e-05,2.0905656894352533e-06,1.869359743325546e-05,7.81852381162428e-08
19,3.198658160709909e-08,0.0007194848488041149,0.12051411450475669,0.02738716627217828,0.020669096511992745,0.8037717455286773,8.562301155997758e-06,8.745966413442747e-08,1.194166992659387e-05,2.7975647370789176e-05,0.0029088191120048654,8.24269367973118e-07,3.073558585167905e-05,0.013442505662146343,0.009864693060480285,2.0379827864488173e-05,5.27002436700128e-05,9.194145649089897e-09,1.127908366031047e-06,1.2512315316791298e-07,0.000534007668529476,1.2172841156584452e-05,9.844334706269945e-07,2.0685210859946744e-05,2.312782460399227e-08
20,2.624596626779009e-08,0.0005401317798458666,0.09642064336606236,0.02198772382429881,0.014734320650227044,0.822176138330361,9.67139328505061e-06,9.498589372320329e-08,1.1335217899206471e-05,2.9753441775446118e-05,0.0034593220072515036,3.706741464251251e-07,1.532968340330496e-05,0.010049013700216877,0.02967198684196338,1.7201614421001633e-05,3.46646064859632e-05,3.9163560169524085e-09,1.2917230546128593e-06,1.1554384043456882e-07,0.0007920631775984656,1.696874960464981e-05,1.5424303732076277e-06,3.02619629536761e-05,2.4132715769536758e-08
21,4.1801916735735385e-08,0.0007972965276310214,0.0861563784852772,0.02677893906276363,0.024782517449106308,0.8304207817378096,5.911853699022131e-06,4.5632636735787834e-08,1.0859082047061715e-05,4.369941509841719e-05,0.00417394885019869,1.0720584821107276e-06,2.3152597911830857e-05,0.017465785095509494,0.008305860448808653,2.7203527671740606e-05,4.6589295845442624e-05,1.3122299200062485e-08,1.0323845013952167e-06,1.2436348581712294e-07,0.000921652820150022,8.861326134854737e-06,1.259076828951208e-06,2.6943803817593866e-05,3.01803684808146e-08
22,3.2155898888004924e-08,0.00043051980500494023,0.10658504656384489,0.03216002853570619,0.012250557689197424,0.8213925174244031,5.431190230501334e-06,5.5252307996987444e-08,7.74427970750111e-06,3.720901868631926e-05,0.0037888870489090265,6.949876696296235e-07,2.0129962775040654e-05,0.012458684724023271,0.010014311735363025,2.5276438085527666e-05,6.415653424434694e-05,9.729930499348537e-09,7.584364986964753e-07,1.0515393630196784e-07,0.0007161585413304044,9.471815740971972e-06,1.0142018246223333e-06,3.1182040102570753e-05,1.6734578350312483e-08
23,2.759940383255855e-08,0.0005700575446202507,0.07976714484738319,0.02045745875246868,0.014977877085032204,0.8596950016863895,6.774589086018541e-06,5.511840949252597e-08,1.0479667039691329e-05,2.6457114913915546e-05,0.0026230345098015653,5.254118513860809e-07,1.8318320495712566e-05,0.01052002914263749,0.01075294243419924,2.033881634055351e-05,4.079114577039751e-05,6.417057022416151e-09,8.875573233913525e-07,9.906436132547477e-08,0.0004808789637377349,8.419367267853677e-06,1.0726947546010715e-06,2.1300689960580127e-05,2.1459694429635433e-08
24,3.051385679818595e-08,0.0006507574102293835,0.08791006215611837,0.034246629010345975,0.028728497614468745,0.8160094157452038,6.946346008924055e-06,5.933897201764025e-08,1.2132951671493651e-05,2.7715536589257065e-05,0.0036668394562002654,9.606335420008001e-07,3.183995840089956e-05,0.020287906951512145,0.007785900553605762,2.83823095762652e-05,4.954366099922586e-05,1.2302638596098874e-08,8.704378308178663e-07,1.3086354496958595e-07,0.0005231131768128213,7.853433331039399e-06,1.463456933441943e-06,2.2909285317251295e-05,2.68962896525883e-08
25,5.411949562325209e-08,0.0005575830832775504,0.13826377316369154,0.05192349316310477,0.02276875464108363,0.7494705876225318,1.1880169108232612e-05,1.4852204890067274e-07,1.2629401226772215e-05,4.0542165694920816e-05,0.005950105542420523,8.741845343502417e-07,4.3462625926380135e-05,0.014872332150711326,0.015017308275263364,3.834579636798857e-05,6.663997602059976e-05,1.3992328514373586e-08,1.4515135279989153e-06,1.585358395936474e-07,0.0009082913877990284,1.2733370316617116e-05,1.7171281337918923e-06,3.7096148722365815e-05,2.332082382597084e-08
26,3.709104002287436e-08,0.0005103136927111147,0.07652751260646048,0.027011535299491317,0.014392579323016443,0.8594879861511777,5.670225831154658e-06,6.000686302854409e-08,2.064613826542312e-05,2.1182021249231448e-05,0.0026677292974707978,2.9838359442280943e-07,1.5808877118609713e-05,0.00764679160345894,0.011276314466741285,1.9924697746129762e-05,4.7701543765501345e-05,5.097490715651956e-09,6.132226919683335e-07,9.571286202372262e-08,0.0002959585909133198,5.540847544305602e-06,1.7089548290615488e-06,4.396437473125468e-05,2.177293566806033e-08
27,2.4842210395501202e-08,0.0005857885322447052,0.06649656006263956,0.017217905572150107,0.015056211941513449,0.8684823497720476,9.481184848997032e-06,6.330313143341149e-08,1.9003357308735013e-05,3.6382635733473905e-05,0.002468295685668067,3.578066223805975e-07,1.4348665964493653e-05,0.010819001136510563,0.01828479926753057,2.0993077303773412e-05,3.765429292781932e-05,4.462385068256389e-09,9.889302109539817e-07,1.2513263204982507e-07,0.0004048405007861361,1.4034624656892585e-05,1.3221459100564178e-06,2.9431793250846265e-05,3.1273811942089686e-08
28,2.759940383255855e-08,0.0005700575446202507,0.07976714484738319,0.02045745875246868,0.014977877085032204,0.8596950016863895,6.774589086018541e-06,5.511840949252597e-08,1.0479667039691329e-05,2.6457114913915546e-05,0.0026230345098015653,5.254118513860809e-07,1.8318320495712566e-05,0.01052002914263749,0.01075294243419924,2.033881634055351e-05,4.079114577039751e-05,6.417057022416151e-09,8.875573233913525e-07,9.906436132547477e-08,0.0004808789637377349,8.419367267853677e-06,1.0726947546010715e-06,2.1300689960580127e-05,2.1459694429635433e-08
29,2.759940383255855e-08,0.0005700575446202507,0.07976714484738319,0.02045745875246868,0.014977877085032204,0.8596950016863895,6.774589086018541e-06,5.511840949252597e-08,1.0479667039691329e-05,2.6457114913915546e-05,0.0026230345098015653,5.254118513860809e-07,1.8318320495712566e-05,0.01052002914263749,0.01075294243419924,2.033881634055351e-05,4.079114577039751e-05,6.417057022416151e-09,8.875573233913525e-07,9.906436132547477e-08,0.0004808789637377349,8.419367267853677e-06,1.0726947546010715e-06,2.1300689960580127e-05,2.1459694429635433e-08
30,2.759940383255855e-08,0.0005700575446202507,0.07976714484738319,0.02045745875246868,0.014977877085032204,0.8596950016863895,6.774589086018541e-06,5.511840949252597e-08,1.0479667039691329e-05,2.6457114913915546e-05,0.0026230345098015653,5.254118513860809e-07,1.8318320495712566e-05,0.01052002914263749,0.01075294243419924,2.033881634055351e-05,4.079114577039751e-05,6.417057022416151e-09,8.875573233913525e-07,9.906436132547477e-08,0.0004808789637377349,8.419367267853677e-06,1.0726947546010715e-06,2.1300689960580127e-05,2.1459694429635433e-08
31,4.7393906140515113e-08,0.0006873755671046789,0.15895750181970175,0.024433700862144605,0.017323611530127802,0.7763925490214352,7.124681488901978e-06,1.0088320171807399e-07,8.870312049244578e-06,2.79043746895217e-05,0.0022597300109363535,8.32757651870765e-07,2.6302287886378825e-05,0.010225366069480126,0.00888937119928981,1.9068872729318532e-05,5.1321327382869646e-05,1.1874662129817233e-08,1.2995493915982642e-06,1.4241380649286227e-07,0.000655327364338584,1.0590841291835926e-05,9.967203221670389e-07,2.082670971122132e-05,2.5555269843724763e-08
32,2.7060312341998508e-08,0.0005819409374283248,0.07777158759832752,0.0175349527621571,0.015212078587026666,0.8646300980334803,6.799718895311674e-06,5.8193134571721345e-08,1.0057568060739837e-05,2.5513358044515614e-05,0.0025229015120663964,5.505266522826699e-07,1.8791050284209952e-05,0.010223826514492673,0.010891536527252346,2.028042210849279e-05,3.824545427353277e-05,6.06666675026946e-09,1.0825425930708243e-06,1.0711199491431954e-07,0.00048042516381829257,9.192821933616952e-06,1.0910139176183192e-06,1.8827777382754412e-05,2.1677695525628412e-08
33,2.9248017457825868e-08,0.0006418287191246907,0.07284027838958256,0.029024463672486824,0.009583374548789955,0.861910210993943,1.015826354993326e-05,9.16149619342723e-08,1.1288057629313257e-05,3.517523628671672e-05,0.0028702148967797375,1.9360154979558135e-06,8.341325247738604e-05,0.018769547930398544,0.0037107803609966344,4.163331450519509e-05,0.0001626540660295217,1.941968788156089e-08,9.48098215290416e-07,1.1881306029841161e-07,0.00027354689331627436,1.5032787010816496e-05,7.044974104118994e-07,1.2533292890167718e-05,1.7617351342258357e-08
34,6.745017567915415e-08,0.0014228155524850915,0.1312026029146198,0.016189342236289914,0.03044664167726082,0.7815912906541221,7.684881602839557e-06,7.025188168027746e-08,1.9890076487291196e-05,3.095987332006168e-05,0.0061564008093305195,7.103247061078238e-07,3.099074988849174e-05,0.013624298925104585,0.018559600656470193,1.6265712192212523e-05,3.889327352236054e-05,6.474920512538906e-09,2.773709776015444e-06,1.1772293421461681e-07,0.000603275351252787,1.563228485494117e-05,1.6348333109444232e-06,3.799484431004733e-05,3.875918070665974e-08
35,3.773509778882259e-07,0.00202816972851571,0.19750512849791138,0.050405532186109214,0.02191575228768548,0.7051685534564703,2.4156332664854407e-05,3.893593213151852e-07,5.3216541365131536e-05,0.0001353835662985138,0.0030630620719362053,3.1155397597031856e-06,7.482896843159438e-05,0.01223041151511115,0.006241923718977575,7.100144373189768e-05,0.0002540349830021683,8.216226834467303e-08,2.7000561769046236e-06,2.0888889820634674e-07,0.0007545935998546639,2.448173811966219e-05,8.739927973757933e-07,4.194387400492105e-05,7.813960991594263e-08
36,1.3517809676167856e-08,0.0003661534301962245,0.03255395775043796,0.01583191682338026,0.004767051418408486,0.9300843139242516,1.1132012689370098e-05,1.0399703275857512e-07,1.4452274542371824e-05,2.4588390709567553e-05,0.0010622028487447027,8.574552923432725e-07,3.023146943180305e-05,0.008926419408833373,0.0059608742258351385,4.060572488846715e-05,0.00012989453309015438,6.771147959916546e-09,7.186267036866306e-07,1.0933524783869996e-07,0.00017045848825011285,1.5649407218900705e-05,8.570180865525884e-07,7.414570141310945e-06,1.6577629279790493e-08
37,5.978866447573433e-08,0.0005107832008128963,0.16039644343784723,0.0460939219558067,0.017562933838668967,0.7407572427510102,7.065082840699725e-06,5.796289288045203e-08,1.0940263982091576e-05,4.003601217978683e-05,0.005307293333016376,6.37924055885307e-07,2.2918732334560727e-05,0.015960047878575787,0.01254430986148643,2.3851818074197464e-05,6.248968184694467e-05,1.5872276725466584e-08,7.583680778335872e-07,1.226499085767586e-07,0.0006144374656369077,8.916233537890917e-06,1.289554272315101e-06,7.339798655223695e-05,2.83456413379883e-08
38,1.0657209397348934e-08,0.0002039086894262311,0.033200603729262305,0.008532879278894498,0.004263291002618549,0.9423835866460999,3.8994735030751486e-06,3.6093735462289913e-08,3.3361496814047156e-06,1.2032953098643886e-05,0.0010758700713516263,2.3214410016915757e-07,9.77327426683478e-06,0.003573859364852438,0.00641152097025366,1.8069021856044768e-05,2.1762187761811432e-05,2.3346075862086035e-09,6.493647079597738e-07,6.36592752735732e-08,0.0002727718580060551,3.368680097129815e-06,6.553127099728621e-07,7.810757456386026e-06,6.3251675242795054e-09
39,2.629937948709996e-08,0.0005278538532959654,0.07570123489104641,0.019936202276728387,0.013730444421171674,0.8665621057095845,6.9260240137667715e-06,5.7742418284846244e-08,9.753967738841449e-06,2.5484802359207404e-05,0.002367326902194861,5.130170784231813e-07,1.740051080325272e-05,0.009873450539426211,0.010653046606779194,2.032389030374932e-05,4.066229935732233e-05,6.323295297900601e-09,8.799255822534518e-07,1.0167327542452401e-07,0.0004971463679630413,8.37399651124911e-06,1.109518054295819e-06,1.9546786067623992e-05,2.165557167456785e-08
40,4.805554397625835e-08,0.00038320905522656233,0.050317065653450815,0.057655537206035,0.010649795329047203,0.8551851228262729,1.3333603995098437e-05,1.3964100285878593e-07,2.3254883519768968e-05,4.81619831527506e-05,0.0035227237761579966,4.6693330555010236e-07,2.5921775327379716e-05,0.009273378011822559,0.012087198313398089,6.161912472090367e-05,9.404147091757488e-05,1.0410930047726039e-08,7.255978729891642e-07,1.1714928235567292e-07,0.0006074821029416345,7.686155437560591e-06,2.509585330663633e-06,4.042642346729269e-05,2.4931840446011402e-08
41,2.2984873824884752e-08,0.0007234096135137688,0.07126090273468547,0.018974768314078457,0.01882242213889717,0.8715133348019808,5.327651654546998e-06,4.532357345812083e-08,1.604961289541058e-05,2.3458381844246965e-05,0.001915021768358,3.809967905284965e-07,1.6739040038593616e-05,0.008551178059034204,0.007813003946110692,1.8894858731207164e-05,3.390697694428548e-05,4.302378475171131e-09,6.138780597224126e-07,7.083273442723223e-08,0.0002864924951466191,5.249064313049382e-06,7.624570940414512e-07,1.7923007661202033e-05,1.675860791899633e-08
42,2.4271091937260368e-08,0.000553310058800789,0.1444771645444816,0.012870179460917324,0.011144100109113184,0.8044881393155978,7.1551308811839205e-06,1.7980838844295818e-07,9.031364315450041e-06,4.09706678999903e-05,0.0018253828003894652,5.825295527116079e-07,2.150618019340819e-05,0.0065676537056882965,0.017082038409572193,1.9411889828848064e-05,4.1825962281646185e-05,3.0851923567006445e-09,3.225377601126298e-06,1.559808017620723e-07,0.0007977502450121388,3.5157937130844024e-05,6.358160016927252e-07,1.4403223610103169e-05,1.2125655665745106e-08
43,2.9148600940035527e-08,0.0006355453542369031,0.08312383397991,0.021260094208973405,0.015663396452232862,0.8537397469926608,6.934564759644637e-06,5.330744242896031e-08,9.647396282788015e-06,2.193190778898051e-05,0.002949803950055492,6.392669046452536e-07,2.0867115948234157e-05,0.011313922912080948,0.010671978761745048,1.9256489153523432e-05,4.454544755429094e-05,7.324093204642565e-09,8.726263261602572e-07,8.975454512205809e-08,0.000487244781669605,8.0617368613392e-06,1.1153741695166631e-06,2.0358496350610285e-05,2.2649653415203904e-08
44,2.759940383255855e-08,0.0005700575446202507,0.07976714484738319,0.02045745875246868,0.014977877085032204,0.8596950016863895,6.774589086018541e-06,5.511840949252597e-08,1.0479667039691329e-05,2.6457114913915546e-05,0.0026230345098015653,5.254118513860809e-07,1.8318320495712566e-05,0.01052002914263749,0.01075294243419924,2.033881634055351e-05,4.079114577039751e-05,6.417057022416151e-09,8.875573233913525e-07,9.906436132547477e-08,0.0004808789637377349,8.419367267853677e-06,1.0726947546010715e-06,2.1300689960580127e-05,2.1459694429635433e-08
45,1.5783050685002002e-08,0.0002378857534481979,0.06910967411482791,0.015448960721232417,0.006887897919071072,0.885100684112447,7.953273771146032e-06,8.789058752467382e-08,8.162212185400429e-06,2.3135191041678975e-05,0.0012755353773977985,1.6640754289109843e-07,1.0105041163488014e-05,0.0043432087639670835,0.01718151295078453,2.136158858523983e-05,2.5263226479293986e-05,2.4079208046832666e-09,8.486599403541202e-07,9.909408166045244e-08,0.00028977570433844573,7.669259847257161e-06,7.216287555540653e-07,1.9262833514091677e-05,1.0084018442885714e-08
46,2.5516102500946814e-08,0.000333344598400226,0.06287709843744563,0.024550417542343644,0.005407224747523442,0.891583981281634,4.3809508512217005e-06,6.387149018614303e-08,6.794393788399614e-06,1.9384481723971564e-05,0.002153701049429438,5.55572253879826e-07,2.0680566600472648e-05,0.006289524863437796,0.006234349074644677,2.379944794429069e-05,8.142985218210858e-05,6.377861532624072e-09,5.694355416233068e-07,7.273097592484767e-08,0.000386109194750456,5.936296314010532e-06,9.174003387012579e-07,1.9622696123000748e-05,9.620298763812572e-09
47,5.6917456132255135e-08,0.0014828072567916331,0.08028014755766691,0.008794456361853208,0.010578085201421672,0.8774876526181098,1.1622030027822085e-05,1.0875325931784405e-07,1.4857264445334784e-05,4.290576532549343e-05,0.0019104669975897662,1.6618603711025785e-06,2.8469081926923885e-05,0.00810541643955971,0.010515185337605136,2.2453608700582228e-05,7.959007565487481e-05,9.889838589042106e-09,2.946750668355029e-06,1.265517326144821e-07,0.0005972550207144941,3.0002862714438846e-05,6.602047123697235e-07,1.3016377222949528e-05,3.9214630787545643e-08
48,9.067009066836604e-08,0.0008637647230816424,0.19025133508634948,0.06513045125379228,0.19888594501725002,0.4066688966408019,1.3322616193806418e-05,3.33311634125829e-08,2.4605924881125244e-05,0.0001354047086472463,0.01578754166910516,8.396671386530794e-07,1.1201615262243353e-05,0.07832081116922844,0.04143843971174447,3.434863698421617e-05,1.833241719090702e-05,3.937561994343548e-08,9.534957401307656e-07,3.04253275056221e-07,0.0022153601684317243,1.984899463127627e-05,3.723660184656188e-06,0.0001742105015296784,1.94691681810616e-07
49,1.9987215991541683e-08,0.000541931365540677,0.09844466494098458,0.013092658945037706,0.011492432662631908,0.8575024423689401,4.6534517413755775e-06,4.307888988420254e-08,5.835460922451125e-06,2.1028393816282647e-05,0.0018270264889177225,6.650520011762632e-07,1.7400881817558033e-05,0.009222003692530227,0.007310005909652045,1.295826880066645e-05,3.624444790165467e-05,5.947909813693241e-09,9.100989644926535e-07,9.992820898056594e-08,0.00044367228441346114,9.432780734390155e-06,5.696023795722938e-07,1.3279252011836607e-05,1.4708035261191721e-08
50,6.489622380881427e-08,0.0010536428570977953,0.11508586709261842,0.022819735344977415,0.03290578111083607,0.7640247986533911,5.1099956259339244e-05,1.850270186948808e-07,3.975323286346101e-05,0.0001778173545886492,0.0026475228322819125,5.363910610311031e-07,2.06321329547854e-05,0.02120946594896988,0.03891289789648496,4.1374099214668715e-05,4.064146882731232e-05,1.376045928153262e-08,3.2662507196015336e-06,3.3184406546162376e-07,0.0008679978842328492,5.571331237870311e-05,1.5114061745985302e-06,3.9188285631357974e-05,1.609606686378667e-07
51,2.0244773021178117e-08,0.00030466277572961214,0.04505507490319718,0.009495016785369435,0.009498072663846144,0.9145464086776779,5.856093843176555e-06,3.9502260026735585e-08,5.3641013135484e-06,1.835609598780869e-05,0.0016877570236365654,4.091561339018122e-07,9.629262263360924e-06,0.0074480788963218695,0.011401049303221986,2.070895077605878e-05,2.5172516673009863e-05,5.344956630138114e-09,1.1624254399735383e-06,1.3112719804155807e-07,0.00045551223789090656,6.849658500224101e-06,1.565492268644408e-06,1.30711145536771e-05,2.5646167113001448e-08
52,3.161536507455806e-08,0.00037115355444399163,0.09040769075958321,0.028728941202811335,0.013231004167544795,0.8424411818997635,5.93920799301408e-06,5.105952517327681e-08,9.277510818206957e-06,3.653949197106098e-05,0.0032930808134905075,5.052424363561433e-07,1.9677107587614038e-05,0.011732417897528442,0.009157487127498585,2.8723372508547953e-05,4.6510016058502754e-05,9.498352356407578e-09,7.072065406868381e-07,1.2333693875711953e-07,0.0004465144767417939,7.301807938198425e-06,1.022312296382995e-06,3.4092404955940266e-05,1.6909308027867948e-08
53,2.4974432868317282e-08,0.00038708467690000105,0.03697325732900851,0.027960561402866794,0.014509856536266914,0.8806970605890125,2.897131751317134e-05,1.1046127644076516e-07,2.372041713062685e-05,3.292274094365701e-05,0.0022510435517126767,3.1125087256989517e-07,1.6017879279672126e-05,0.01133027105346402,0.025271361121294154,3.9758082266849055e-05,3.7922792763711726e-05,7.466317918677587e-09,7.953980034110412e-07,1.69553751419721e-07,0.00039905810481853014,1.023739404282436e-05,2.8753322380676183e-06,2.6545431098466157e-05,5.514272410613988e-08
54,3.114765799004752e-08,0.0008500420508545398,0.060617625511256754,0.015933326564300472,0.016608394661666127,0.881472820756073,9.356015953474937e-06,5.4959007918364876e-08,1.4516933424326429e-05,3.22656626358484e-05,0.0022058196037805316,6.55916356589932e-07,1.8479321492547743e-05,0.01118815312626624,0.010509109229731597,2.382573883424171e-05,4.216555139466163e-05,7.280511327596204e-09,1.0355874055097773e-06,9.521995916380529e-08,0.0004442376952153483,9.812544041117896e-06,9.904124639022833e-07,1.7146024082841137e-05,3.248563376023642e-08
55,1.3364163807469112e-08,0.00019192356625323325,0.07651144058506289,0.018555239908516433,0.007501682945013402,0.8742862101264944,3.9457863637655765e-06,4.784513454356604e-08,5.543363661759827e-06,2.4964905539925566e-05,0.0020369091080524753,1.4995517790844175e-07,1.0038105152748635e-05,0.00745849264947901,0.01295107759190791,1.5924112701991615e-05,2.591485099226687e-05,2.340466544040966e-09,6.802300495191763e-07,1.0178619136923802e-07,0.00038677448357143587,7.5595459295808014e-06,1.065458189441215e-06,2.428845454024212e-05,8.931393433220662e-09
56,2.8999921385250684e-08,0.0006458976735351682,0.08286364213173203,0.020571541496301044,0.015714020157294104,0.855436019355724,7.060554363461752e-06,5.858407968207464e-08,1.091843911528654e-05,2.5757542438929485e-05,0.0028293582491525845,6.203902015262806e-07,2.2533298734234343e-05,0.011210963563614834,0.010096716094584728,2.0260251168147813e-05,4.4352665009956876e-05,7.111964058502298e-09,9.490117455811294e-07,1.0188807387717626e-07,0.0004686573160963043,8.797363800671834e-06,1.0567817377333301e-06,2.0659078594901105e-05,2.2001015760700293e-08
57,2.6558081903204842e-08,0.0007525199618365743,0.10832673620192639,0.010776778336811147,0.017410616461429333,0.8398171907180841,5.441898738820887e-06,7.548638721653053e-08,6.691988456525026e-06,2.3493735281911702e-05,0.0022370910245421306,1.180158343854575e-06,2.2691583359300353e-05,0.009906992043165658,0.009847535939433301,1.66496229283419e-05,3.92105260544871e-05,5.983345211451991e-09,2.6374742834705596e-06,1.3791123520278729e-07,0.0007771709337873533,1.8172004925821898e-05,8.41383972312194e-07,1.0092334922392608e-05,1.972866731276639e-08
58,2.904738222427119e-08,0.0005392484880208367,0.08777341408383926,0.021375198731369248,0.01412287521936946,0.8496313894749574,6.567363279065267e-06,5.5269875910835374e-08,1.120551000287847e-05,2.87468506981524e-05,0.002939012259885645,4.7410880401766043e-07,1.7702152140311696e-05,0.010493026523342202,0.01248557396152412,1.9861896237167788e-05,4.1038075848842346e-05,6.1513244514901e-09,8.71001323886526e-07,1.0531780642017246e-07,0.0004737446618178918,9.212611189937317e-06,1.0938527504466495e-06,2.9526249362256055e-05,2.1137848014062102e-08
59,3.051862409065341e-08,0.0005197338599352002,0.09834389408292064,0.02378538501460679,0.015423838988634418,0.8338614685739594,6.550567625096245e-06,5.6111101963836337e-08,1.1751485978117845e-05,3.192640755923061e-05,0.0030769275672824347,4.428507498270267e-07,1.6651087852261107e-05,0.010931023408219798,0.013381672691484183,2.0372217966422507e-05,4.041987447168673e-05,6.380257159721658e-09,8.605330273538469e-07,1.1155186027813004e-07,0.000501586122367928,9.321771880569857e-06,1.1247207696023049e-06,3.482152444061502e-05,2.2086424968112108e-08
60,2.759940383255855e-08,0.0005700575446202507,0.07976714484738319,0.02045745875246868,0.014977877085032204,0.8596950016863895,6.774589086018541e-06,5.511840949252597e-08,1.0479667039691329e-05,2.6457114913915546e-05,0.0026230345098015653,5.254118513860809e-07,1.8318320495712566e-05,0.01052002914263749,0.01075294243419924,2.033881634055351e-05,4.079114577039751e-05,6.417057022416151e-09,8.875573233913525e-07,9.906436132547477e-08,0.0004808789637377349,8.419367267853677e-06,1.0726947546010715e-06,2.1300689960580127e-05,2.1459694429635433e-08
61,3.072664074709121e-08,0.0005046248307341568,0.10365969694977044,0.023452335185773773,0.014549049429713332,0.8321965617585316,6.093578823301818e-06,5.888338755718074e-08,1.0128886768458585e-05,2.9095434037914864e-05,0.002854417638088968,4.648088290493605e-07,1.7361826469486403e-05,0.010164269696261805,0.011951603870473154,1.9756662585943508e-05,4.107227206082325e-05,6.549391041649894e-09,8.711115393400019e-07,1.0730121005708537e-07,0.0005026901390094589,8.770782361370395e-06,1.0375313246786078e-06,2.9874597035518174e-05,1.9549177782656606e-08
62,2.759940383255855e-08,0.0005700575446202507,0.07976714484738319,0.02045745875246868,0.014977877085032204,0.8596950016863895,6.774589086018541e-06,5.511840949252597e-08,1.0479667039691329e-05,2.6457114913915546e-05,0.0026230345098015653,5.254118513860809e-07,1.8318320495712566e-05,0.01052002914263749,0.01075294243419924,2.033881634055351e-05,4.079114577039751e-05,6.417057022416151e-09,8.875573233913525e-07,9.906436132547477e-08,0.0004808789637377349,8.419367267853677e-06,1.0726947546010715e-06,2.1300689960580127e-05,2.1459694429635433e-08
63,2.8479590115359623e-08,0.0006362159783878653,0.0794891865612981,0.019713851720173356,0.015470250002935426,0.8600428195269304,6.91182971685743e-06,5.473654075238777e-08,1.1192400680183198e-05,2.6387961166435867e-05,0.0026554449742218285,5.424498451989406e-07,1.8831952513718558e-05,0.010533907313597999,0.010829418678024571,1.972078645652802e-05,4.118011291767377e-05,6.3327242368305205e-09,9.041253467160089e-07,9.486044583416591e-08,0.0004723293482144629,8.595052925946242e-06,1.0418862200251043e-06,2.106063740514478e-05,2.2291720674019005e-08
64,2.8221003907119796e-08,0.0005924934877704019,0.0875299562155366,0.020782042334152605,0.015956479974364373,0.8502678214595069,6.431334054702764e-06,6.080608635479635e-08,9.389499980146224e-06,2.6587065146828953e-05,0.002641419256701624,5.29222796801221e-07,1.667362181953275e-05,0.009599363309330124,0.011795200809688133,1.795265248006039e-05,3.5787779519504394e-05,5.943034857667434e-09,9.735584730947577e-07,1.0354666795096224e-07,0.0006897619255277472,8.72178849444236e-06,1.1274582787746043e-06,2.1067791662757986e-05,2.093792172891565e-08
65,6.524335431508634e-08,0.0010525803035826456,0.07419215492039356,0.03295737905934692,0.031453722444840945,0.8239256457023028,1.1972292862675254e-05,6.29803057919874e-08,2.7048890507661987e-05,5.885725517582246e-05,0.00439375400287303,1.5238392120866617e-06,3.616442238808283e-05,0.023470673931482354,0.0076779995008105124,4.5235292516919246e-05,7.724133237741353e-05,2.506764901251406e-08,1.2039536707279906e-06,1.629660575089561e-07,0.0005700721625633714,1.1904258241660794e-05,1.6659683772299053e-06,3.282243489818854e-05,6.177420872536033e-08
66,2.5661476875162955e-08,0.0005421497323448647,0.0704336064268011,0.018210706809767517,0.012816810434426456,0.8747699326350763,7.156990288917649e-06,5.696141408764729e-08,1.06729037215665e-05,2.3172616698406918e-05,0.002297841877578966,4.5880154161195397e-07,1.704781747840388e-05,0.009176166458291696,0.011182135627398683,1.8982511908277658e-05,3.9457023784958776e-05,5.5365817117138825e-09,8.73927351185353e-07,9.590226916764993e-08,0.00042383602613930185,8.117615936798498e-06,1.1142548057147911e-06,1.955415288705388e-05,2.129403039609614e-08
67,1.2487974675102883e-07,0.002039413898196373,0.26225257608310665,0.04774364424156087,0.07396592815785044,0.5800869189564173,1.6693232738620976e-05,2.6503686866718696e-07,5.711197252365339e-05,7.065883857437143e-05,0.004388843025426979,8.126385402045836e-07,4.3135026434376396e-05,0.010431352004177812,0.0180867664980327,3.875247818458967e-05,5.2172965040583254e-05,1.0564211040534082e-08,2.800483148723544e-06,9.97446870152732e-08,0.0006678933975588739,1.7190379415537284e-05,7.521288428606797e-07,3.6048671077698244e-05,3.469763732136255e-08
68,2.728017389105933e-08,0.0004564367267207731,0.08600713044191251,0.029954121550297457,0.011698518920835455,0.851505990804019,7.00740650441906e-06,6.471615080788573e-08,7.577210586683816e-06,1.858757276098686e-05,0.0026716472541719032,9.369814408246063e-07,3.454113549315698e-05,0.011301403636709182,0.00572894990759773,2.3673687166780114e-05,6.242116224020339e-05,1.3000492008205781e-08,6.797726090820006e-07,1.0936019874892357e-07,0.00049804001267852,5.6162471657188375e-06,1.188755971751467e-06,1.5298607545632684e-05,1.7848556827352346e-08
69,8.191674275014057e-09,0.0001819053765584444,0.038784686071808,0.004272824137823866,0.0021740553142057884,0.9431374103789741,1.6701105469912075e-06,1.979526170796443e-08,9.748703514752353e-07,7.1033108126243176e-06,0.0015855098333461262,4.895767061564262e-07,1.2271854533707179e-05,0.00478441154125244,0.004521862147171651,6.202498790995503e-06,2.4500793656116737e-05,2.3811353297455175e-09,1.0377767223858456e-06,9.394228967978023e-08,0.0004904558309522921,5.621414267716916e-06,7.374225764333414e-07,6.140873857695944e-06,4.554723932499039e-09
70,4.1029999164356626e-08,0.0009852322765890433,0.10068522520161151,0.01665254363293658,0.018125490062667633,0.8289442779390543,8.643011638175853e-06,6.208558566891131e-08,1.0780822040451035e-05,2.8817006774100353e-05,0.003882872843725078,6.968792114009987e-07,1.962066038953033e-05,0.011451877438015352,0.018351042888308397,1.6034420377436297e-05,3.974821501769351e-05,6.464904869326681e-09,1.5644326031220712e-06,9.026162316197917e-08,0.0007556866040915001,1.4336443856361121e-05,1.1327602322906955e-06,2.41448435506323e-05,3.177519669962289e-08
71,2.5822426233722878e-08,0.0005423027384439502,0.08154296293165374,0.019584802202316037,0.013952450086220031,0.8606137154840333,6.4404850091758895e-06,5.32089343398117e-08,9.664946542020725e-06,2.4852333910878695e-05,0.00250182436688975,4.884264752622738e-07,1.7518358512734495e-05,0.009980211681466424,0.010671385176451161,1.871003860807397e-05,3.9279666822639364e-05,5.883143987940707e-09,8.636497382962454e-07,9.501916897047548e-08,0.00046253162222424546,8.24250725589195e-06,1.0066295324301684e-06,2.054697796108137e-05,1.9756259404118445e-08
