,0,1,2,3,4,5,6,7,8,9,10,11,12,13,14,15,16,17,18,19,20,21,22,23,24
0,2.4125623613101232e-05,0.00017579407810092056,6.961017881607238e-07,6.248960606600854e-05,0.019215419248514838,0.7514364322032903,1.179269717018129e-06,1.9556639853096953e-05,7.952244403809405e-06,0.004520546964520322,0.0011532920130028009,0.0017756395875281688,6.765213869902317e-09,0.0005948056226485007,0.001373170981802198,0.000718121134736523,1.4549459769154874e-05,0.008231939406309383,0.0005200819433997108,2.3910583725196235e-07,0.07541831250435099,0.13080304401509416,0.0037096745302752075,3.621883450421345e-07,0.00022256876181942826
1,2.8458567844905297e-05,0.00045192494226765445,3.520801914064346e-07,0.00014528694831090908,0.014067405501714786,0.41992361689290036,1.2468103413574405e-06,3.850754569900559e-05,5.768080471559122e-06,0.011956904954417166,0.0006309624307238818,0.001189144920292301,3.9191744365043245e-09,0.0007307824082059079,0.001995414891031536,0.0008920918418213858,3.284596667459572e-05,0.012773768021635065,0.0009213227507194019,2.1457850307638297e-07,0.2464470238795339,0.2779342663714514,0.008909856233321405,5.150777635915961e-07,0.0009223143849889496
2,2.8516548972226983e-05,0.0004458924822900958,1.7283373464475077e-07,0.00010705436172588082,0.009424593213421546,0.3421377678821464,1.0458475073931523e-06,2.1493104537467318e-05,2.053463275314203e-06,0.0067770148354075474,0.0005541346867978354,0.0011025131049310997,2.795351338449003e-09,0.0006919373258819683,0.002671354128985206,0.0007010572389108921,4.466271936370893e-05,0.014909253235175708,0.0004802152396252962,1.3931275006465513e-07,0.2281570460228849,0.37177107532120685,0.019039749507963766,5.313031123048653e-07,0.0009307234840405875
3,3.28380097195767e-05,0.0005377636873370987,2.863333296854678e-07,0.0001696978305764753,0.01377609100650019,0.3569864954145441,1.1372857729869763e-06,3.053895369455005e-05,2.7712047533598798e-06,0.009181771064089395,0.0007145136861801734,0.0014523396171663224,4.06641136597356e-09,0.0008012080517304791,0.0016721497365673,0.0005929096051509003,4.551795274231203e-05,0.02214568491822832,0.0005383118511533722,1.8073821364581462e-07,0.26264648253453793,0.3139593864085706,0.0136879209243053,6.936069228304824e-07,0.0010233055118019296
4,3.1004489056031197e-05,0.000556505383185557,3.230173001222611e-07,0.0001746647745300359,0.015414508654282908,0.38729475190407675,1.1657417164991544e-06,2.8211999523658476e-05,2.8448727785580683e-06,0.009248083425878018,0.000738796466630916,0.001489812561589126,5.146878045493066e-09,0.0009174026861578829,0.0015837874381077056,0.0005812497655190944,4.3482338545437094e-05,0.02253835980714241,0.0004938173432927069,1.9592759261889064e-07,0.23880088043850062,0.30559428495822144,0.013560905123596126,7.109926283376291e-07,0.0009042447432693662
5,3.0024314379735273e-05,0.0005733383399692788,2.602938654349548e-07,0.00022242985263934257,0.014747099486746846,0.3430461234450345,1.0871370440428214e-06,3.134764731808359e-05,2.142998814712173e-06,0.01014002387667957,0.0007232924867366832,0.0013700308756202748,4.371509977660963e-09,0.000809731711134281,0.0013346900258860276,0.0005219286502650596,4.872510948473023e-05,0.029675312611375636,0.0004421694013910286,1.852513837888754e-07,0.29480928346996654,0.28425007560757853,0.01618129802782362,8.168535644319113e-07,0.001038578153787647
6,3.28380097195767e-05,0.0005377636873370987,2.863333296854678e-07,0.0001696978305764753,0.01377609100650019,0.3569864954145441,1.1372857729869763e-06,3.053895369455005e-05,2.7712047533598798e-06,0.009181771064089395,0.0007145136861801734,0.0014523396171663224,4.06641136597356e-09,0.0008012080517304791,0.0016721497365673,0.0005929096051509003,4.551795274231203e-05,0.02214568491822832,0.0005383118511533722,1.8073821364581462e-07,0.26264648253453793,0.3139593864085706,0.0136879209243053,6.936069228304824e-07,0.0010233055118019296
7,4.7734421554423544e-05,0.0009613328055346305,5.407224834400503e-07,0.00020965828005805353,0.01406246031297445,0.3840242499007789,1.9544282552613215e-06,3.816388734577726e-05,4.781382352784981e-06,0.010385338556268595,0.0012674162508624675,0.0017626434300318555,1.0210926830996315e-08,0.0008493162925171216,0.0017609965923071837,0.0005019262843256075,5.7855839923753915e-05,0.03297329859784613,0.0005056140164186913,3.488318761644404e-07,0.21081183281747118,0.32690741059491635,0.011787054163723618,1.3220023635124789e-06,0.0010767393768831566
8,4.087900478269625e-05,0.0007951923301932869,3.5675862625405294e-07,0.0003168115031595456,0.01573892487588559,0.24755086250987632,1.4181189599600008e-06,4.639863683443479e-05,2.286747012251582e-06,0.01836944889979261,0.0003645583550048692,0.0012135519448962624,5.109812983205048e-09,0.0010428563933995358,0.001718611154816112,0.0009383730499022356,7.149790622567913e-05,0.022752705607285165,0.0005000893005590624,2.0694293597041196e-07,0.3441025730705552,0.3173278388190964,0.02485622116425978,1.4469328600490115e-06,0.0022468848632676624
9,5.2976178535864995e-05,0.0015427529382793265,1.0096304560545514e-06,0.00047223946925502183,0.026782914012822366,0.2667277845306756,2.1311435927152375e-06,7.032337641156239e-05,6.176263770569541e-06,0.023688964215162926,0.0006587449085709533,0.0016741696295384074,1.460267716355678e-08,0.0012960407344877304,0.002032743304057222,0.0007037268649945098,9.463734173729025e-05,0.03040179768584225,0.000598219093413226,3.524930564270797e-07,0.31974823728253576,0.3040785678539212,0.01649282966897192,3.1822570111372825e-06,0.002869464520222805
10,3.28380097195767e-05,0.0005377636873370987,2.863333296854678e-07,0.0001696978305764753,0.01377609100650019,0.3569864954145441,1.1372857729869763e-06,3.053895369455005e-05,2.7712047533598798e-06,0.009181771064089395,0.0007145136861801734,0.0014523396171663224,4.06641136597356e-09,0.0008012080517304791,0.0016721497365673,0.0005929096051509003,4.551795274231203e-05,0.02214568491822832,0.0005383118511533722,1.8073821364581462e-07,0.26264648253453793,0.3139593864085706,0.0136879209243053,6.936069228304824e-07,0.0010233055118019296
11,3.428442493434811e-05,0.0005729782473300989,3.0821817724837123e-07,0.00017668399293697848,0.01405266225366525,0.3602885420525706,1.2075603557430128e-06,3.08522430794842e-05,2.8490462290354213e-06,0.009217564308462574,0.0007566006271311864,0.0015150595116235465,4.773757738272217e-09,0.0008358410421615567,0.0016567178823429626,0.000577615165762577,4.804700257128873e-05,0.023857958314921133,0.0005190336206300827,1.9664457753737557e-07,0.2524891907908123,0.31837431475522393,0.013974531381322777,7.613236738751079e-07,0.0010161948157461167
12,4.920891922124093e-05,0.0009450409904946946,1.0600319521634127e-06,0.00023798667295078153,0.01105165993716349,0.4215696002878636,4.500028382711914e-06,0.00012473898330616547,8.144076924258983e-05,0.020679456768308426,0.0016058681435526566,0.000810741617345653,6.010658899183125e-09,0.00045853136755915496,0.006524923353170016,0.0009059161184523625,2.9231513897322444e-05,0.008347096917163396,0.003289039466658468,4.826557631037904e-07,0.3211099501230052,0.19576246629973612,0.003470394647240753,1.0863989795222933e-06,0.0029395719779315745
13,4.1217767245893156e-05,0.000388147129791333,4.7426981451771817e-07,0.00013451849866247728,0.017169227682288842,0.23885032458731664,9.88702933540367e-07,3.633535104745898e-05,3.6361632465034784e-06,0.0032673932298009833,0.0016292331817442801,0.004284903584911158,4.177604531912458e-09,0.0010102608209915354,0.002606302426494514,0.0003312618346231428,7.767806134934399e-05,0.01577847765038195,0.0007711020126077538,1.4966106857227316e-07,0.3092306202036598,0.39373139476676405,0.009767183093769007,5.181608461428446e-07,0.0008886469810359132
14,5.38943275425007e-06,0.003158765906460411,2.7988407993806566e-07,0.00027405034896741477,0.02783314233240109,0.5314391036401617,1.1680983405973717e-06,3.318963907839667e-05,7.054571615162384e-06,0.06582378592015242,0.0007875415070452872,0.0002233017901409775,1.903622495552214e-08,0.000576698368585494,0.0007788445913439699,0.0003020384373955952,1.346511513045886e-05,0.022350494658586895,0.00041429398447793384,2.92335279218787e-07,0.14938684453339812,0.1917884511209647,0.004505365255064617,1.1688728360826682e-06,0.00029525061951432276
15,3.28380097195767e-05,0.0005377636873370987,2.863333296854678e-07,0.0001696978305764753,0.01377609100650019,0.3569864954145441,1.1372857729869763e-06,3.053895369455005e-05,2.7712047533598798e-06,0.009181771064089395,0.0007145136861801734,0.0014523396171663224,4.06641136597356e-09,0.0008012080517304791,0.0016721497365673,0.0005929096051509003,4.551795274231203e-05,0.02214568491822832,0.0005383118511533722,1.8073821364581462e-07,0.26264648253453793,0.3139593864085706,0.0136879209243053,6.936069228304824e-07,0.0010233055118019296
16,2.106935955801571e-05,0.0004980071916806467,1.3603729366440652e-07,0.00018012930706751495,0.009177884247786082,0.2765372139800778,9.94663009153423e-07,2.720543896925396e-05,1.429156841145192e-06,0.013483283763145901,0.00047365985652885807,0.0009111816015192971,2.538542106579195e-09,0.0006248678534478141,0.001035537733071871,0.0005833036105552806,3.4534505641555825e-05,0.02582482253838047,0.00044878655895564285,1.3947711497086095e-07,0.38248812486038375,0.27391138623489414,0.012895106924782011,5.49376552128568e-07,0.0008406431842009756
17,3.704912606889649e-05,0.0005208277244713445,3.397212440283945e-07,0.0003149603004794668,0.015631172786405984,0.31981817042533295,1.3359051043428547e-06,3.124311049226066e-05,1.7746928579483817e-06,0.008599137871215783,0.0007565608518948055,0.002043687497272239,5.426800255962156e-09,0.0013724345096674138,0.0011531743416934703,0.0005838522426945171,5.2206315889214635e-05,0.03290634636457959,0.0004122705908765526,2.261449714887679e-07,0.3137053365663456,0.27812468744512336,0.02262492011441884,7.934001837136438e-07,0.0013074865239158214
18,6.762500955160871e-05,0.0006974774357209818,3.0995837618349305e-07,0.00017855857699569186,0.008599595467491932,0.1512766442688981,1.3382159482848483e-06,3.677931518409005e-05,1.582290961532932e-06,0.008231298811495464,0.0004997840437977005,0.002465117122846318,4.9983955279041445e-09,0.0007383820115360755,0.001297783814881842,0.0004335628591663923,0.00011440784402559469,0.04039630612642125,0.0004005065636351439,1.752701681210726e-07,0.27014863940340245,0.49724464063719803,0.015357517898130267,1.410207182605996e-06,0.0018105518485887434
19,2.6731766154841635e-05,0.0005625382935782432,5.304089576951713e-07,0.0001947761783849397,0.0239543121597701,0.37113777579964574,9.405064763672275e-07,3.796050539175731e-05,4.210790349240754e-06,0.01090245972019846,0.0007276897900334287,0.002030549648591313,6.765309503050863e-09,0.0009954378741731933,0.0014039009572078484,0.0004974869637474804,4.859368071381353e-05,0.019766882953421806,0.0005378296785996908,2.2491477748754437e-07,0.22323226424425108,0.33415885679460156,0.008904079786057159,7.533442962334857e-07,0.0008732064753110975
20,2.1203894515069628e-05,0.0005054243416224171,2.1213510775892421e-07,0.00012519969570702578,0.012997335177703618,0.21236101351938005,7.411707519122585e-07,3.894161002492563e-05,2.5158538897622253e-06,0.00885171609969962,0.0004804239738361055,0.0011511130321758792,2.8867145120637138e-09,0.0005557488825625699,0.0019109938209141528,0.00041529712478566234,6.038884547652157e-05,0.015400522684013285,0.000550521484307954,1.3256229991297972e-07,0.26444881597764575,0.46876570495142766,0.010546268650411495,6.611740284805833e-07,0.0008091004509977901
21,4.120460908085883e-05,0.00042046539355638574,3.658680100342785e-07,0.0002238970924095145,0.013576055069330194,0.43541667877956575,1.705606336383945e-06,2.504909277070855e-05,2.011177823637871e-06,0.01012725389975571,0.0007362299137544261,0.0023377351234075317,6.4772723323203816e-09,0.0011919377744521406,0.0011890630447703504,0.001000491818231031,3.7929034998452855e-05,0.02667698352315431,0.0004373791002426805,2.60492084535426e-07,0.26804682202915353,0.21935934063519416,0.018181918297217832,7.056855439905627e-07,0.0009685104618837643
22,3.032432451967169e-05,0.00039366439294919825,2.744099486236805e-07,0.00016064283347521708,0.012466282060463242,0.33560790942183705,1.1080001167688004e-06,2.6988421090883584e-05,2.098838365167161e-06,0.0072728004407916075,0.0007948241630623173,0.0015644616614145334,3.0800561907006104e-09,0.0007792210005322137,0.0014224622181921388,0.000564770659260536,4.322380608334643e-05,0.024328529261704486,0.00046728215238073766,1.663163500199044e-07,0.3188145550077556,0.2819002849488891,0.012506040220875213,6.092630743248405e-07,0.0008514730968120013
23,3.28380097195767e-05,0.0005377636873370987,2.863333296854678e-07,0.0001696978305764753,0.01377609100650019,0.3569864954145441,1.1372857729869763e-06,3.053895369455005e-05,2.7712047533598798e-06,0.009181771064089395,0.0007145136861801734,0.0014523396171663224,4.06641136597356e-09,0.0008012080517304791,0.0016721497365673,0.0005929096051509003,4.551795274231203e-05,0.02214568491822832,0.0005383118511533722,1.8073821364581462e-07,0.26264648253453793,0.3139593864085706,0.0136879209243053,6.936069228304824e-07,0.0010233055118019296
24,2.280303691735492e-05,0.0006332430314528074,2.462401066955824e-07,0.0002317569634734046,0.01635933406231024,0.39005327181418875,9.729206115662804e-07,2.619162673333673e-05,2.0786535085246645e-06,0.011687824288157025,0.0006556932541752071,0.0012316308841438404,5.048340507466718e-09,0.001017978642329726,0.0010636919924545082,0.0005049444002053857,3.521240103790907e-05,0.026923244671977348,0.00044402098446059024,1.9267025115036145e-07,0.2609783459019765,0.2731999487136764,0.014073515773663442,5.912895015018583e-07,0.0008532607343460253
25,4.805172651631718e-05,0.0005400797579818962,4.4918930823337107e-07,0.0003031062067755673,0.015873836337190528,0.24625323728506987,1.9002680642001545e-06,5.952673022042109e-05,2.64604648595041e-06,0.007280522206082359,0.0013944878184704154,0.002951207696439557,7.004368680626744e-09,0.0010338158180705742,0.0014883621142157937,0.000535223860136333,8.103536557958813e-05,0.031060731448126204,0.0007228638982459991,3.1176505634482966e-07,0.35426991943916486,0.31830763631218667,0.01677942792881697,1.0289719965612738e-06,0.0010105848054301162
26,7.156500870626489e-05,0.0009410498709687368,5.759754745052089e-07,0.00023435669209091227,0.016859740475565543,0.2356755371259998,1.5819230771893671e-06,5.4748388270722545e-05,3.4342983069975137e-06,0.01090984175706832,0.0008174244151548908,0.002267080923511393,1.0160834912928204e-08,0.0007169264887220376,0.001604577585195968,0.0004433806107258533,0.00013264509699493194,0.04561118032122236,0.0004472914251090334,2.522960196548786e-07,0.24412488285530587,0.42291700090446877,0.01473213385231898,2.628184470582951e-06,0.0014301533644155906
27,2.832300149847883e-05,0.0004934108724203696,2.452512524838147e-07,0.00010713818349902693,0.009651074018903617,0.3495537033263125,9.822728975103593e-07,2.9846892351606153e-05,4.115117635367324e-06,0.009117984206666997,0.0005204606936521752,0.0009621824069448834,2.6719329053998917e-09,0.0005476339738158299,0.0022280712218753574,0.0005752804184469599,3.711316876545036e-05,0.01516195047795697,0.0005503187003573597,1.6503330502038754e-07,0.2101691972758257,0.38968162623372926,0.009512030167280559,5.57300964140519e-07,0.0010665871117097358
28,3.28380097195767e-05,0.0005377636873370987,2.863333296854678e-07,0.0001696978305764753,0.01377609100650019,0.3569864954145441,1.1372857729869763e-06,3.053895369455005e-05,2.7712047533598798e-06,0.009181771064089395,0.0007145136861801734,0.0014523396171663224,4.06641136597356e-09,0.0008012080517304791,0.0016721497365673,0.0005929096051509003,4.551795274231203e-05,0.02214568491822832,0.0005383118511533722,1.8073821364581462e-07,0.26264648253453793,0.3139593864085706,0.0136879209243053,6.936069228304824e-07,0.0010233055118019296
29,3.28380097195767e-05,0.0005377636873370987,2.863333296854678e-07,0.0001696978305764753,0.01377609100650019,0.3569864954145441,1.1372857729869763e-06,3.053895369455005e-05,2.7712047533598798e-06,0.009181771064089395,0.0007145136861801734,0.0014523396171663224,4.06641136597356e-09,0.0008012080517304791,0.0016721497365673,0.0005929096051509003,4.551795274231203e-05,0.02214568491822832,0.0005383118511533722,1.8073821364581462e-07,0.26264648253453793,0.3139593864085706,0.0136879209243053,6.936069228304824e-07,0.0010233055118019296
30,3.28380097195767e-05,0.0005377636873370987,2.863333296854678e-07,0.0001696978305764753,0.01377609100650019,0.3569864954145441,1.1372857729869763e-06,3.053895369455005e-05,2.7712047533598798e-06,0.009181771064089395,0.0007145136861801734,0.0014523396171663224,4.06641136597356e-09,0.0008012080517304791,0.0016721497365673,0.0005929096051509003,4.551795274231203e-05,0.02214568491822832,0.0005383118511533722,1.8073821364581462e-07,0.26264648253453793,0.3139593864085706,0.0136879209243053,6.936069228304824e-07,0.0010233055118019296
31,4.4072048124492605e-05,0.0008878813475377064,5.460488465433221e-07,0.0002825187310573027,0.022969605802226015,0.23308050457219626,1.2059834885935672e-06,6.453662866609244e-05,3.4059834640917606e-06,0.014993784493669721,0.0005941819978378279,0.001971244368314994,8.406492542910526e-09,0.0009277163008406996,0.0012777437449294278,0.0005206590060689841,8.969652911964414e-05,0.033524806310193014,0.0006188245910929664,2.4705388959752786e-07,0.2944572220616758,0.3799690882587738,0.012301605769792306,1.7377076216282665e-06,0.0014171562540799627
32,3.1904511495311294e-05,0.0005178293173992225,2.7267876138445077e-07,0.00015418481279175998,0.013307243946977713,0.3443354913916577,1.099327407337042e-06,3.17237729520265e-05,3.0198517135098445e-06,0.009097461797296825,0.0006756773690270061,0.0013881066931873576,3.760034028579527e-09,0.0007646287114109297,0.001798659383815147,0.000605000752372948,4.496335108448262e-05,0.019542118928718166,0.0006174938854863418,1.7249403670754958e-07,0.2631873313970285,0.33043250723789164,0.012469954979253935,6.315604577530656e-07,0.000992518087742234
33,2.2389995167863994e-05,0.0006847637935001284,1.1738897360710875e-07,9.129290980351034e-05,0.013788473725304218,0.17701525481411495,6.198962914505546e-07,1.8566511034620902e-05,6.381174328147521e-07,0.005526427834589809,0.00041464716595471343,0.001227392812129752,5.334580189220776e-09,0.0007640013682932784,0.0010150660873814233,0.0002727125140024246,6.589934086195283e-05,0.02368322536243496,0.00031899174479492427,1.0242054939978108e-07,0.1292808028643165,0.631277972895467,0.01419940401620084,6.616777769166246e-07,0.0003305694090426629
34,4.093123476617162e-05,0.0005369571965591837,3.9705210193803157e-07,0.0001389716158591194,0.012115097201665767,0.3911730856736813,1.380422476813384e-06,3.765567533772869e-05,6.575898078926626e-06,0.009506026650547983,0.0007624932692994086,0.0013129167014654891,3.949549124837425e-09,0.0007073037349705266,0.002289830189356085,0.000662767407704594,3.874792946072149e-05,0.016448441053383906,0.0008333851106826269,2.0269812206482232e-07,0.24365301206066817,0.3099620201368096,0.008557750968688459,6.458132092973473e-07,0.0012134003555549456
35,4.880266697255567e-05,0.000690840026753576,3.332738582517953e-07,0.00022125458013342643,0.011065370761233694,0.22547077778618102,1.221860885304495e-06,5.9717736453445804e-05,4.463388301958517e-06,0.013581936076478653,0.0005743201109565485,0.0016652002257731963,4.751756917478411e-09,0.000610147610386319,0.0012105670243367462,0.0004130130721390049,6.720885247391112e-05,0.0340049788444957,0.0007415054171363095,2.142925230895888e-07,0.29518722744179215,0.4047107049798059,0.007958702681995724,1.0051014127196095e-06,0.0017104814357637394
36,6.18975528108097e-05,0.0005119591555265161,5.802675538368404e-07,0.00013530556283500588,0.02208581396689143,0.11911666648507724,7.33206094841995e-07,6.745229096067861e-05,4.030539289130616e-06,0.007924076623604738,0.00034649580249249465,0.0045417094133820245,6.482695315984441e-09,0.0009237194853653137,0.002211146988570618,0.0005567919868530169,0.0001727336548332807,0.011556131221453617,0.0012329106949350158,1.332257093012561e-07,0.2330807957072157,0.5858353872748888,0.007923380184965757,9.911641205936322e-07,0.0017091510618748387
37,0.00011373185120634343,0.0006847869683875963,5.507102421018832e-07,0.0002003591435165928,0.014059512096205089,0.28516251271660753,2.0676932323275287e-06,2.9177697071247267e-05,1.967494338181742e-06,0.006048581024058196,0.0009752680176783827,0.0035606321410426816,7.128693160298218e-09,0.0015139055091465212,0.0013441596727050273,0.0006272297587177475,7.382083098895181e-05,0.04338872844262199,0.0005451186130599875,2.0604501183563824e-07,0.26487457372133794,0.3591862895311222,0.016161074792976887,1.216141110102731e-06,0.0014445222589213654
38,3.145950395588028e-05,0.0002511731247782804,1.3414562526608635e-07,6.672798780506233e-05,0.005574554668097699,0.5590753851503649,1.60601703678133e-06,1.0766984307472635e-05,1.5786013593259361e-06,0.0046706124567293126,0.0007550678798376685,0.0008749020371237751,1.7201589312887006e-09,0.0006046661372686649,0.00214216513199658,0.0010461433531298951,1.690205344736232e-05,0.013467203597513728,0.0003986043639294647,1.2461664762854329e-07,0.19467571761730995,0.19899214521008995,0.016807641867252827,3.043655398235068e-07,0.0005344114086937101
39,3.090404044769531e-05,0.00045230922040875946,2.790177504027482e-07,0.0001708502764971617,0.014318136360393117,0.35585340246913066,1.0936552023360706e-06,3.21161967330066e-05,2.6953638995611776e-06,0.009110753122690747,0.0006928963642684379,0.0014980108079532593,3.573234465493764e-09,0.0007805316288402412,0.0016586018592897745,0.0006498728062516834,4.390580177801437e-05,0.020329754344977528,0.0005807369604756858,1.729099011099578e-07,0.2892558642067835,0.2900037695848914,0.013538672944455016,6.394125638421951e-07,0.0009940270711825527
40,2.1259798204470386e-05,0.0005452633371714954,3.0898141658662734e-07,0.00036667480203394663,0.01746131687852143,0.43371748970791124,1.3285907287299678e-06,5.057964921898018e-05,3.453046708474235e-06,0.01813299385413322,0.0008043119560059243,0.001117641309290589,6.587341057020223e-09,0.000620042847858986,0.0013009009437140394,0.000759638364089968,4.543263784166645e-05,0.02762572113464955,0.00047243032563594353,3.3528349503387634e-07,0.29263302688163434,0.18408312195640253,0.01918449625647089,1.0735898550325037e-06,0.001051151279665806
41,1.310876681636272e-05,0.0005461867061627458,6.326102172202823e-07,0.00011289981179989539,0.03169273092227756,0.6069716757064131,7.451499227387039e-07,2.5478630166095767e-05,1.5493255167991726e-05,0.0155585093255288,0.00040395529966959193,0.0004531971046502809,3.434912766325025e-09,0.0007759991489125855,0.003446067773931232,0.000731426223437469,1.4399897443530654e-05,0.004595126059427192,0.0007148088740036188,1.1210054231513883e-07,0.17230547899181994,0.15624770971037397,0.004400042860529687,5.436639608314265e-07,0.0009736679719125559
42,2.274161843170034e-05,0.0003296861525703694,1.5629037367811066e-07,7.08808317044619e-05,0.008197472148475772,0.17924337172813376,7.999326153280463e-07,4.061688832230318e-05,2.587655340129485e-06,0.007230594239745602,0.0003813686318698846,0.000906656740516149,1.298736948180539e-09,0.0003785814514794536,0.0026090960637851052,0.000721010195542525,4.939962171861471e-05,0.007756909238649491,0.0009791295627018853,1.1315600268287554e-07,0.28795169225633843,0.49414398176327545,0.008287754625964368,4.0400763103031304e-07,0.0006949939000748501
43,0.012752963885782998,0.01006437117859184,0.0001908578232836095,0.0013781451898237664,0.012665971185033962,0.08431062658788278,0.00020517098085873632,1.873124351059869e-05,1.3869105114464642e-05,0.0001914176012098438,0.04423887631942107,0.19878955923801298,3.132497096271004e-06,0.0735418220670391,0.00198372819246016,8.594115300660602e-05,0.0002765591897847307,0.30866710724413043,0.00028800906574588523,4.395277988964559e-06,0.018055608792821608,0.1838101394493487,0.030965713194669866,2.917388780747772e-05,0.017468109649573575
44,3.28380097195767e-05,0.0005377636873370987,2.863333296854678e-07,0.0001696978305764753,0.01377609100650019,0.3569864954145441,1.1372857729869763e-06,3.053895369455005e-05,2.7712047533598798e-06,0.009181771064089395,0.0007145136861801734,0.0014523396171663224,4.06641136597356e-09,0.0008012080517304791,0.0016721497365673,0.0005929096051509003,4.551795274231203e-05,0.02214568491822832,0.0005383118511533722,1.8073821364581462e-07,0.26264648253453793,0.3139593864085706,0.0136879209243053,6.936069228304824e-07,0.0010233055118019296
45,3.5162035240030484e-05,0.0004639838344259159,4.3382428718366664e-07,0.00012328556740452524,0.01719054601815971,0.381319411896496,1.4470075966514127e-06,4.553721040566271e-05,5.2501407675513305e-06,0.009090334437479934,0.0007792932513526311,0.0015752463012116884,5.428371715548746e-09,0.0006976820654231939,0.002706016165402412,0.0008340216138332533,5.1523915716557236e-05,0.012732683543610788,0.0008007269861884566,2.2848858259036978e-07,0.19687109696360428,0.3626465811349882,0.011279016170584225,8.322490621063589e-07,0.000749653749804961
46,2.0217656780545046e-05,0.0003994156938415793,2.398716206657913e-07,0.0001329399700061207,0.011553449938756594,0.5544750004288891,1.1484813105210884e-06,1.796285384081392e-05,3.285103130172353e-06,0.008928698407434647,0.0006573635213201872,0.0008239214097244291,2.7324519921648996e-09,0.0008269816780718363,0.0014764989658739044,0.0006789802089879012,1.5209999075052417e-05,0.014654237875640281,0.0004782706049590266,1.5776666102108032e-07,0.20541359980604157,0.188057978089341,0.010610565876192864,3.5242810011616287e-07,0.0007735206319480692
47,2.7826840126283097e-05,0.000524010288895089,2.8298717531222676e-07,0.00018321531072155742,0.015004300904023734,0.387007365995889,1.087052996408577e-06,3.083600420640592e-05,2.9439851742796766e-06,0.009769624614174688,0.0007248539225228185,0.0012729187427145533,3.9878018705855505e-09,0.0008046810370326792,0.001655491853675349,0.0005957528287625171,4.083412223681908e-05,0.020860863574272765,0.0005326693702186794,1.8203921821328218e-07,0.2653111061779376,0.28056426503484727,0.01409904841773219,6.635105181989295e-07,0.000985171397125903
48,2.610097574068436e-05,0.0003909207432580851,3.3659872061177447e-07,0.0001732940208776191,0.013995989574913562,0.4956104780043449,1.0362959257109193e-06,2.1229635891089126e-05,2.983476803286445e-06,0.007541205009008577,0.0008631550833699421,0.0014381458704951701,3.543426572298603e-09,0.0008490178499192082,0.0013488193951758526,0.0005487886503516764,2.6075292656440562e-05,0.022044706946561066,0.0003651758927840902,1.8480969003403372e-07,0.24079014443335617,0.20099462928917436,0.012050243136952889,5.147928182917797e-07,0.0009168206777840904
49,2.70934508132223e-05,0.0003957036861930526,2.9123871065429646e-07,0.00013013891757146574,0.01452202794754686,0.39110373203041,9.190175734263461e-07,2.2812434841563945e-05,2.3414311723645746e-06,0.006658735716883722,0.0007453466874416578,0.0019060087007000542,4.156037212610618e-09,0.0008326391520840107,0.001434210957029695,0.0004946711449331904,3.9030143383446586e-05,0.021306475370204903,0.0004215920600592275,1.7310490111291717e-07,0.20819570889470393,0.33999699030600594,0.011073881603128227,5.097470912637875e-07,0.0006889621005796938
50,2.5169187494103884e-05,0.0005755150419298297,2.614464427003015e-07,0.00016268257012498592,0.01242846684502939,0.3977611376164533,1.7618373883324614e-06,3.642597005867915e-05,4.776550529553064e-06,0.020081730530474986,0.00037055369932266296,0.0006833939784434704,3.7018661769776604e-09,0.0009915838116825132,0.001593794683987442,0.001122658255829676,2.114453410305016e-05,0.011434543633328336,0.001109683597191728,1.9256311253905106e-07,0.2222216159817073,0.31886073240933005,0.009501119882367808,4.60972351944608e-07,0.0010105906994494495
51,2.546360772850457e-05,0.0006383817174187439,2.1310078777026084e-07,0.0002318099974180751,0.012124952044796395,0.27848673587890244,1.1752810844905517e-06,3.220718963715694e-05,1.9215191283971213e-06,0.011046670793164352,0.0007557262448689462,0.0012710629244968078,4.348745471555839e-09,0.0008688824629328706,0.0009445028602885169,0.00033461760755706537,3.9844834015517964e-05,0.03763967543501429,0.0004446423436767277,1.6240724573981305e-07,0.3271204782941482,0.3151925296425265,0.011976337112965932,6.747257394109069e-07,0.0008213276257116429
52,3.6741179453535236e-05,0.0005734487235826461,3.2268975709468315e-07,0.00018104409757444724,0.016175968141190246,0.2879855695326488,1.0813082593418355e-06,3.9497167152335143e-05,2.929652861762483e-06,0.009588295450272273,0.0006606637724315877,0.0017036735377822093,4.025510672764299e-09,0.0008408778683326662,0.0018955288213261963,0.0006366214077746862,6.050162110492879e-05,0.018730914982848814,0.0007116772223394361,1.694697979423617e-07,0.30029257629007255,0.3448322939150318,0.01382264351965633,7.67587362446851e-07,0.0012261880158751291
53,3.7009352904148434e-05,0.0004617327168727928,2.2612621764400208e-07,0.00013431157228096033,0.00452033454670498,0.5397300214877354,3.0594584240486833e-06,1.7743244879971745e-05,3.0389250397528896e-06,0.006734239334274467,0.0010783374408422585,0.0007481694334321074,3.5303859931709125e-09,0.000640181685644244,0.002464205111975229,0.0009678546599896132,2.2769795272698967e-05,0.02065489959155381,0.00034642055493428495,3.152547734266712e-07,0.17659834982164982,0.21928785444183377,0.024587540144370843,6.173928895113625e-07,0.0009607643751181729
54,1.557789492815479e-05,0.0004386808041540967,2.9790728072517067e-07,0.00025172747805348475,0.043434068078740125,0.24980496797033966,5.22758285268094e-07,6.504333895363261e-05,2.517199619397037e-06,0.007783358620761471,0.0012870828187312472,0.001747048813835883,5.132784413253728e-09,0.0005454787375919902,0.0013566664863605277,0.00022702475322042496,0.00010030856283858789,0.027108635808469363,0.0005958202213881633,1.2266742721900922e-07,0.3661164743202737,0.2870257195666272,0.011641738781058284,1.1166707679903225e-06,0.00044999460750904876
55,1.7097327774567754e-05,0.0004247622537773969,1.4615558848342575e-07,0.00012995219934244792,0.015250370613595392,0.3572788792207683,8.020554924905309e-07,2.2651675789760395e-05,1.4785068841683013e-06,0.00909456821656401,0.0004809662651971596,0.0007454817731014408,2.0556872950100883e-09,0.0007717710504820639,0.001969750013199296,0.0007837236039496907,3.373193689793227e-05,0.011865470541655007,0.0005447703889943443,1.0444631193609118e-07,0.2897312523765167,0.29092556936914493,0.0192636986899446,4.4542079530111063e-07,0.0006625538425452883
56,3.412220492231038e-05,0.0005946068653131668,3.2134027919826807e-07,0.00017826454879724842,0.014604768862799785,0.35876872258694587,1.2068903993286116e-06,3.197829927363632e-05,3.0050967224536433e-06,0.009470303609360632,0.0007636738005550233,0.001523581177999879,5.080380206609162e-09,0.0008355265821704569,0.0016846971849618557,0.0005762156310802447,4.948799360378954e-05,0.023614760093484725,0.0005348548739818258,2.0228522722415598e-07,0.25132246133486796,0.32079463855048657,0.01361042361502079,7.880255694529072e-07,0.001001383465796323
57,2.6792926665425624e-05,0.0004434233001236209,4.7234826022150304e-07,0.0001450785400505341,0.023786020674380667,0.21341728802615847,6.569582413805748e-07,5.5196568374763e-05,4.305122020588288e-06,0.010848938222018288,0.00046630005586325695,0.002733253221938707,5.260830622064505e-09,0.000766674823978926,0.001492469833404639,0.0005324858349445703,7.87796916718477e-05,0.01371783347249953,0.0009587661941707195,1.7275877411327694e-07,0.2651720847517741,0.45855510107438874,0.005904152352171892,6.461803311939794e-07,0.0008931018069630667
58,3.6876826487776964e-05,0.000618544006771685,3.204555801005157e-07,0.00017740095941222992,0.014576736211667031,0.3196646272788058,1.2172158511672451e-06,3.4296991975531514e-05,2.753605519486841e-06,0.009527985643450183,0.0007370226663588239,0.0015433943971832412,4.827325070063885e-09,0.0007834104661691672,0.0017486822932785348,0.0005646052987319895,5.871681834453108e-05,0.02494721399829943,0.000518441952332374,1.8752969884124753e-07,0.26675152748159714,0.3419197558807295,0.01471190437975362,9.406631804568586e-07,0.001073432151496417
59,4.158945467019169e-05,0.0006347500597816504,3.981213548771566e-07,0.00018823502718888737,0.015766420439747828,0.31793566598313017,1.2965599307171154e-06,3.71758329858853e-05,2.9552508881454043e-06,0.009562277948612696,0.0007717079154947868,0.0017290164841625851,5.358171265451222e-09,0.0008123231501446405,0.0017759396358871208,0.0005861547130400535,6.401506412479075e-05,0.027012932414830798,0.0004975424564944036,2.049994363150151e-07,0.2729710930651158,0.333713868192482,0.014729870725012903,1.1349746341154534e-06,0.0011634261726773303
60,3.28380097195767e-05,0.0005377636873370987,2.863333296854678e-07,0.0001696978305764753,0.01377609100650019,0.3569864954145441,1.1372857729869763e-06,3.053895369455005e-05,2.7712047533598798e-06,0.009181771064089395,0.0007145136861801734,0.0014523396171663224,4.06641136597356e-09,0.0008012080517304791,0.0016721497365673,0.0005929096051509003,4.551795274231203e-05,0.02214568491822832,0.0005383118511533722,1.8073821364581462e-07,0.26264648253453793,0.3139593864085706,0.0136879209243053,6.936069228304824e-07,0.0010233055118019296
61,3.909726470372634e-05,0.0006132090545376044,4.0781639172103917e-07,0.00017897200125844222,0.0157948749808511,0.33105185279666977,1.237577722271692e-06,3.4996620016772585e-05,3.126040851007406e-06,0.008932041320506765,0.0008179946494757119,0.0017984975392132674,5.2218636343115584e-09,0.0008330799109769576,0.001754097193836621,0.0005645218726743693,5.874976729352775e-05,0.02523482573275566,0.0005133558418298781,2.07435570505788e-07,0.26468112370533503,0.3326730829022385,0.013317950110376524,9.723744998773918e-07,0.0011017202685508734
62,3.28380097195767e-05,0.0005377636873370987,2.863333296854678e-07,0.0001696978305764753,0.01377609100650019,0.3569864954145441,1.1372857729869763e-06,3.053895369455005e-05,2.7712047533598798e-06,0.009181771064089395,0.0007145136861801734,0.0014523396171663224,4.06641136597356e-09,0.0008012080517304791,0.0016721497365673,0.0005929096051509003,4.551795274231203e-05,0.02214568491822832,0.0005383118511533722,1.8073821364581462e-07,0.26264648253453793,0.3139593864085706,0.0136879209243053,6.936069228304824e-07,0.0010233055118019296
63,3.4952175485558634e-05,0.0006248599319516816,2.9442988121845675e-07,0.0001670943166468435,0.012966548724855458,0.34282495326450235,1.1958968277561163e-06,3.1377511157514924e-05,2.953989333082913e-06,0.009322517068844474,0.0007493555113162139,0.0013838019669312968,4.434356141917263e-09,0.000757236661764162,0.0017619794980036543,0.0005544187417997426,4.949860076754045e-05,0.023592442631062707,0.0005283957791478412,1.9241930566215937e-07,0.25609225018974585,0.33415978575629113,0.013333882598916658,7.869229400579431e-07,0.0010592209781653905
64,2.909049357455761e-05,0.00048390897322954027,2.381060303731477e-07,0.00016146964577424218,0.01285483475253559,0.3103468607171859,1.0177535196863303e-06,2.984254439038377e-05,2.2818182266206636e-06,0.008528264675630877,0.0007122980848632156,0.00136203160966783,2.99386499072047e-09,0.000720304869677771,0.0016501083586342009,0.0005526611443623072,4.4568034427531434e-05,0.021334329092323447,0.0005437108010742433,1.4609114472896643e-07,0.3375974135018698,0.2889889422379856,0.013081536403554542,6.35077315807597e-07,0.0009735022191361034
65,8.579356164651458e-05,0.002167309337849029,6.467879106216162e-07,0.000191384198293488,0.009705209681920554,0.17547907053509854,3.5475352404643857e-06,0.00010391821497727432,1.5963710441991406e-05,0.014645039839162013,0.0009529375013335971,0.0009003034906943843,1.0515981061159435e-08,0.0004922790619636636,0.0056456745062949355,0.0005101615515193715,0.00012349193054044438,0.01793696157142462,0.0012406175309003546,3.404248942847534e-07,0.19568782079793076,0.5605374136940664,0.010919691482957388,3.4457262266017593e-06,0.0026509668107317216
66,3.042425549375172e-05,0.00048825186544354857,3.2051546265465833e-07,0.00017204770365641055,0.0143739658892762,0.4088765092525084,1.2336585613911476e-06,3.3501681586603885e-05,3.6315601707554206e-06,0.01158571299084335,0.0006415005850201486,0.0014563597377440255,4.8307491362805005e-09,0.0008307346424039093,0.0014597786702024197,0.0007545306679626201,3.6630751944795905e-05,0.0189234921250318,0.0006706336164468823,2.2582765017855772e-07,0.23345601625938253,0.29439834513674495,0.010885297295213843,5.837265084936378e-07,0.0009202667539913201
67,2.6923870295487318e-05,0.00032389250482504846,2.4532213009183926e-07,0.00014055895479697962,0.009641980918636238,0.5521861961014822,1.3389268973055522e-06,1.0997833841543249e-05,1.3094751776456949e-06,0.004912307871539153,0.0007896731039584308,0.0014726100179291767,3.733818200391475e-09,0.0011132565493761032,0.0015281353117633787,0.0008520516418507925,2.4262220006984614e-05,0.020723066496389723,0.00025187189583574643,2.091999573164063e-07,0.18530385406247227,0.19381275289175268,0.02609558024001705,4.26194782066731e-07,0.0007864946604684368
68,3.060856368614411e-05,0.0004957014562227999,1.593895547506683e-07,0.00015871919432769996,0.007131033315798369,0.4021569725534813,1.1529760096786256e-06,1.4856604547317205e-05,1.2246496688284595e-06,0.005776927539161454,0.0010000222132337082,0.0013762095066264025,3.4361780577097268e-09,0.0006085343499495755,0.0012534431906745026,0.000394261711589899,3.925434460668134e-05,0.04376512734662455,0.00021512161321166092,1.8688620996368014e-07,0.24053397130113052,0.2737734407969269,0.020391221493282537,6.396190428629697e-07,0.0008812059482536291
69,3.1214710093010606e-05,0.0004959209483462362,2.517562431909647e-07,0.00014668887184610195,0.014360820598174093,0.3640629453609431,1.046288767029343e-06,2.685684236282314e-05,2.4774500967232495e-06,0.007877563183271845,0.0007278449384107485,0.0014228031774172814,3.5605731321126233e-09,0.0008284357858350573,0.001713794149804136,0.0005473839649678289,4.2006204424896563e-05,0.01979148088222284,0.0005423116832834548,1.4550350563701982e-07,0.2504429020422577,0.3225123421822701,0.01356178083563182,5.889383832665454e-07,0.000860390140868163
70,2.84142309146298e-05,0.0006025475570237797,2.1136635981489468e-07,0.00016775277171792474,0.013667636666870247,0.29236025391528925,1.0616484224603006e-06,4.755605345422862e-05,3.1409122477222145e-06,0.011476283163031339,0.0007116350362567952,0.0010844942974902922,3.5930995215174838e-09,0.0005060542524457754,0.001950535666211289,0.0005413877955289782,5.824662612764492e-05,0.020439609992459026,0.0007146292657549156,1.6807214617960328e-07,0.29430454839444453,0.34747732034127665,0.012942224046480159,8.468887169935419e-07,0.000913437446229897
71,4.282957035745055e-05,0.0005155795234473845,2.8930914785551224e-07,0.00018021025675696073,0.010758490610244552,0.33524547335970967,1.5911189167348107e-06,3.197109208395734e-05,2.430296004087423e-06,0.007891229675945039,0.0008465128084963632,0.0016903830531478502,4.474928692290169e-09,0.0008251401526333142,0.0017348725240694813,0.0006840226186832114,5.122263748163495e-05,0.026675023729510364,0.0005352784677527218,2.271111633015235e-07,0.27448944003322306,0.3194790297911871,0.01725983396991949,7.875234139535554e-07,0.0010581262917755605
72,3.2987289942787506e-05,0.0007028286771794903,8.936504644289935e-08,0.00017167917207752898,0.005826854380321826,0.11813735574633845,2.246932566992378e-06,6.734870076100362e-05,8.427431681859346e-07,0.009967350123114904,0.001117830882668299,0.0009157188886311363,4.894840547156726e-09,0.00023813869530296493,0.0010775780968951946,0.00030274519746564615,0.00012645076987507112,0.0608031319883279,0.0005030512349477849,2.0212609304360336e-07,0.3598162056400964,0.4238066180509342,0.0160249207743858,2.049131809486789e-06,0.00035577049720877984
