,0,1,2,3,4,5,6,7,8,9,10,11,12,13,14,15,16,17,18,19,20,21,22,23,24
0,6.982709281403477e-11,3.634094444461929e-07,3.2126990963172113e-08,1.3106550528565863e-07,1.6658128718889952e-06,0.9927772904395282,6.728872222406827e-08,7.341961239787883e-09,1.9545765409863467e-05,1.7119140524660903e-06,1.2129321657093486e-11,1.8764769217516435e-08,1.083891432733252e-10,1.7526849464873055e-11,1.605727565817555e-07,3.534263236939435e-05,1.5453386929370702e-06,9.837242576285924e-06,1.368397700578739e-05,4.108487685349057e-09,0.006516569468896278,2.2611384521042553e-06,0.0006144056829249023,5.33884043285199e-06,1.6860276885272612e-08
1,8.060853060855711e-11,7.147658915800727e-07,5.862485337880838e-08,8.960516947124608e-08,2.8277702955447313e-06,0.9918856012864496,6.825390230326937e-08,6.027083136020927e-09,2.1668865125498393e-05,1.6912641527105897e-06,1.473786508093568e-11,2.6232164237377273e-08,8.609292109246309e-11,2.6468185059415808e-11,2.3447893895556858e-07,2.9800387184690274e-05,1.6830188927241894e-06,6.367830407489687e-06,2.2667470279923624e-05,2.9513479153813266e-09,0.007499256630636166,3.451440870221058e-06,0.0005181462339653611,5.606971328804989e-06,2.9683152844243265e-08
2,9.005141594517867e-11,1.4369119665889962e-06,7.242811268342595e-08,1.1165277181450306e-07,4.5173587237095455e-06,0.9855505000828263,7.826457080642596e-08,9.963452759430214e-09,2.958612297742889e-05,2.3831207844876463e-06,4.288463780180273e-11,5.666372142653112e-08,9.930986893517575e-11,7.624821770652427e-11,8.57145162340314e-07,2.098328094792424e-05,1.980384096622705e-06,1.1596548419077036e-05,1.76069988760432e-05,6.957258963466615e-09,0.013248161753626761,4.546135782078968e-06,0.0010988537351095328,6.572755047988378e-06,8.142727023220124e-08
3,5.346324546714764e-11,8.090447935787265e-07,3.886848481953948e-08,8.177580874492912e-08,2.107626983794113e-06,0.990392151466664,6.849809687999445e-08,4.794860524660147e-09,1.389865466263238e-05,1.1915796915693034e-06,1.3984749697239687e-11,3.463755403143803e-08,6.526150856071407e-11,3.601712304216263e-11,2.920553904363403e-07,2.2608344622053938e-05,1.6405379708754917e-06,8.42723152767981e-06,1.4796269184114774e-05,2.9868033299101655e-09,0.008902887817181362,3.966500982394859e-06,0.0006288727073265412,6.080610098546988e-06,3.782258556846493e-08
4,5.755268818628267e-11,7.864073238370811e-07,3.928390588809862e-08,8.332353785617888e-08,2.144650267447219e-06,0.9909415442642655,7.0960581681289e-08,4.986847439724932e-09,1.3034235743991254e-05,1.2240437224516234e-06,1.3581483660341632e-11,3.38014669003366e-08,7.929079787351227e-11,3.8784336308927185e-11,2.7423334804433107e-07,2.4239971889341534e-05,1.6797888722669031e-06,9.122357080297714e-06,1.6129751333693222e-05,3.242480986057014e-09,0.008365619168189595,3.706277628219654e-06,0.0006134217176038545,6.801336145407456e-06,3.6008555769855e-08
5,5.025243333403467e-11,8.078461725148829e-07,2.7988195908139907e-08,9.863825066368849e-08,1.7284955958967668e-06,0.9916178493531655,5.943080304755784e-08,4.596167224738804e-09,1.1690401308722122e-05,1.014179699172413e-06,1.3883778623851333e-11,2.9498903033851642e-08,6.578667848963643e-11,3.5660452166366964e-11,2.7717851933751094e-07,2.285644652539968e-05,1.4568525274491462e-06,1.1445743916555552e-05,1.3671926501014108e-05,3.1574188725145234e-09,0.007685494950157633,3.6639775403055267e-06,0.0006222185703856352,5.568229118802125e-06,3.237354390750561e-08
6,5.346324546714764e-11,8.090447935787265e-07,3.886848481953948e-08,8.177580874492912e-08,2.107626983794113e-06,0.990392151466664,6.849809687999445e-08,4.794860524660147e-09,1.389865466263238e-05,1.1915796915693034e-06,1.3984749697239687e-11,3.463755403143803e-08,6.526150856071407e-11,3.601712304216263e-11,2.920553904363403e-07,2.2608344622053938e-05,1.6405379708754917e-06,8.42723152767981e-06,1.4796269184114774e-05,2.9868033299101655e-09,0.008902887817181362,3.966500982394859e-06,0.0006288727073265412,6.080610098546988e-06,3.782258556846493e-08
7,1.9616370934046696e-10,1.1745096638549099e-06,1.1685217038448264e-07,1.555029483248049e-07,4.45844083447629e-06,0.9919494579573234,1.293176295092423e-07,1.3566112810014378e-08,2.509055145106679e-05,3.872952129994409e-06,3.15350435597385e-11,4.591458609944205e-08,2.238616811143727e-10,5.398059704375371e-11,3.5694504770339893e-07,3.5586878383090284e-05,3.2481135626800456e-06,8.069907486937484e-06,3.863522210225271e-05,5.887710729545501e-09,0.007381541386350394,6.401303277313758e-06,0.0005305226733008331,1.1057789211390988e-05,5.782317567429772e-08
8,1.5036201349733384e-10,9.49266075253166e-07,1.607202377067483e-07,1.0958278461240005e-07,4.170520042745293e-06,0.9788203512391268,1.6404354626126136e-07,8.132262244014564e-09,2.066400294512359e-05,4.275790896400514e-06,2.3847741391745586e-11,7.548161078559255e-08,1.6601204117971095e-10,1.0848175460906631e-10,4.3837272299720776e-07,2.765318883484238e-05,4.004444596209583e-06,5.912978022883457e-06,2.0512493313713934e-05,7.073744968642853e-09,0.019487806792476855,4.844630511991959e-06,0.0015740249356622858,2.375048825890671e-05,1.1537362307368115e-07
9,1.2745130165025325e-10,1.3048963420745493e-06,8.857895624008322e-08,1.22921781780123e-07,3.416493113047648e-06,0.9821124224186789,1.0836092679046561e-07,7.995742896930361e-09,2.2983679766642288e-05,3.66258529575998e-06,3.138269267910729e-11,5.795045684808369e-08,1.0587911428073562e-10,1.0018389149055776e-10,6.845949338680103e-07,1.9689147328718646e-05,2.9694273575160573e-06,8.11349582054279e-06,1.783981292356687e-05,6.233657735429268e-09,0.015998714705058134,4.903657606906075e-06,0.001787147435096048,1.563118182327445e-05,1.2406243556934236e-07
10,5.346324546714764e-11,8.090447935787265e-07,3.886848481953948e-08,8.177580874492912e-08,2.107626983794113e-06,0.990392151466664,6.849809687999445e-08,4.794860524660147e-09,1.389865466263238e-05,1.1915796915693034e-06,1.3984749697239687e-11,3.463755403143803e-08,6.526150856071407e-11,3.601712304216263e-11,2.920553904363403e-07,2.2608344622053938e-05,1.6405379708754917e-06,8.42723152767981e-06,1.4796269184114774e-05,2.9868033299101655e-09,0.008902887817181362,3.966500982394859e-06,0.0006288727073265412,6.080610098546988e-06,3.782258556846493e-08
11,6.110354650235492e-11,7.519678729629728e-07,4.067413371253071e-08,8.262821761964504e-08,2.111328621179951e-06,0.9910706747809797,7.653504937696515e-08,5.658528979627214e-09,1.4194917909928442e-05,1.336609277498356e-06,1.356096139122647e-11,3.4983424683481704e-08,8.381838346865831e-11,3.588320263861785e-11,2.722272310782334e-07,2.4934541124553795e-05,1.8061917302059207e-06,8.802143217748555e-06,1.6380366126631026e-05,3.22760167267477e-09,0.008249785120972679,3.937796827220882e-06,0.0005976562926956822,7.076120431891347e-06,3.569365871991534e-08
12,1.369634739840648e-10,1.6358713085047442e-06,1.0879390450027266e-07,1.284211722327669e-07,8.529990726614892e-07,0.9929479222027383,5.943288169027063e-08,3.909560817005702e-08,2.5888997514705558e-05,3.165511702329742e-06,2.273596576415635e-11,4.105891558485219e-08,1.2639069094883907e-10,8.285234783679893e-12,5.555997527704126e-07,4.5507878240834864e-05,2.6813898700330145e-06,4.316082718632664e-06,5.499068418290215e-05,1.6600218841295389e-09,0.006724557669015763,1.7825442818391814e-05,0.0001643572107353462,5.345833863686337e-06,1.7869585531626386e-08
13,4.946030338173561e-10,1.8394649653711004e-06,4.4142471969703904e-07,4.579144490871592e-07,1.374516025999748e-05,0.9150709456805616,3.2253416467790057e-07,4.00868465947516e-08,5.254920967580682e-05,7.817573825297186e-06,8.209189755196699e-10,5.326786829109488e-07,4.2843403187749366e-10,1.1432880050365006e-09,6.319326106625472e-06,8.190794839770812e-05,6.205285305457126e-06,4.976518988836954e-05,2.0924825479473146e-05,5.302416891587253e-08,0.0797420577542035,8.247735589144415e-06,0.004922006382461106,1.3577364713470703e-05,2.4054829121365513e-07
14,3.488559510059193e-11,3.039331148722403e-06,3.806911975343583e-08,1.2794411334126344e-07,3.351827498767042e-06,0.9950020758227567,1.7493851517567882e-08,3.074707804173811e-09,1.0489672684033134e-05,6.031274447771036e-07,2.4661978818036244e-11,9.639688742212477e-09,7.761525476828619e-11,2.3445524830232342e-11,3.544744656410423e-07,2.118045286652194e-05,6.387150546244226e-07,1.5310888241830813e-05,3.200097787119743e-05,4.534896792803206e-09,0.0045236145706734005,2.6055013032135498e-06,0.0003823892113610608,2.126635551118014e-06,1.7874091858272467e-08
15,5.346324546714764e-11,8.090447935787265e-07,3.886848481953948e-08,8.177580874492912e-08,2.107626983794113e-06,0.990392151466664,6.849809687999445e-08,4.794860524660147e-09,1.389865466263238e-05,1.1915796915693034e-06,1.3984749697239687e-11,3.463755403143803e-08,6.526150856071407e-11,3.601712304216263e-11,2.920553904363403e-07,2.2608344622053938e-05,1.6405379708754917e-06,8.42723152767981e-06,1.4796269184114774e-05,2.9868033299101655e-09,0.008902887817181362,3.966500982394859e-06,0.0006288727073265412,6.080610098546988e-06,3.782258556846493e-08
16,4.762033475289754e-11,4.3309735720581887e-07,4.9036988098400976e-08,1.0683563946687903e-07,1.7256776297164572e-06,0.9803771628151823,8.904674194510225e-08,5.398437119017808e-09,7.2440209235510595e-06,9.898384651113415e-07,2.0152753416606015e-11,6.652502651368522e-08,1.0808212434876034e-10,7.05549585580141e-11,3.563948347273713e-07,4.8351101891233554e-05,1.650973537722689e-06,1.928824831660545e-05,1.0525872138758034e-05,6.1257419359100364e-09,0.01867557540866158,2.8992710367294833e-06,0.0008460161360261305,7.436833846916017e-06,2.109516679511281e-08
17,1.358191816140575e-10,9.347680431297786e-07,8.356660039501595e-08,1.5019488440124833e-07,4.6742863333404816e-06,0.9811757514456971,2.2770567975765444e-07,8.30305644429868e-09,2.0470839699578427e-05,1.69808335496015e-06,3.1140823206702275e-11,1.1094211625749528e-07,1.302973924009352e-10,1.3074478679095715e-10,4.1024547900462233e-07,3.701588398865659e-05,3.847947378795318e-06,1.1232057306597576e-05,1.4060778457553186e-05,6.271528180323189e-09,0.017609936686480556,6.75482130072835e-06,0.0011008737567321783,1.1653128303948109e-05,9.785957608154651e-08
18,1.1093349937957294e-10,1.7043345110583854e-06,3.950855900795171e-08,1.0651497715729973e-07,3.0983298911834e-06,0.9898773723388394,1.2906205457886484e-07,5.047077393547505e-09,2.2080151694461942e-05,1.759865088150047e-06,2.131507629092899e-11,4.618255237852463e-08,7.080154361559126e-11,7.657371756685777e-11,3.745523589317712e-07,1.606950207976493e-05,5.32687273962078e-06,1.0426732425845154e-05,2.158376363360868e-05,3.542322972793283e-09,0.0088222041839214,9.843213586397269e-06,0.001195873630846525,1.1770924310762556e-05,1.8146690553650844e-07
19,5.7902628666059536e-11,4.3349328886539034e-07,4.9609130618740475e-08,6.740919674552186e-08,1.9325087347998645e-06,0.9926988131189475,1.0651744411864143e-07,6.10916056727718e-09,1.359295748442312e-05,2.0429348609091135e-06,9.331894358336927e-12,4.18871315926624e-08,9.212873897792733e-11,2.2503752351455847e-11,1.6000045856936782e-07,2.2340757134249257e-05,1.9761590195662923e-06,4.347216250452017e-06,1.299117142232409e-05,2.803624726977975e-09,0.006834692701150434,4.373464395795475e-06,0.000393847038486311,8.149840367333155e-06,3.2120443215535075e-08
20,3.7801201881475976e-11,1.3599335364226637e-06,3.320335845050469e-08,9.371363705174403e-08,1.2776300357181235e-06,0.9868983162133834,5.45172584897668e-08,7.024935447828227e-09,1.2622974777883956e-05,8.935314793986052e-07,2.0269616216394067e-11,5.249163088167392e-08,4.6704855176654154e-11,3.6890556149762665e-11,6.793961353452079e-07,2.39933526655849e-05,1.2974190447956582e-06,1.1250222189881764e-05,1.1909811523215808e-05,2.650224306706282e-09,0.012426471741739494,6.524987293536046e-06,0.0005986807681893555,4.443932658419076e-06,3.434263654512847e-08
21,9.471082976732338e-11,8.907673183010285e-07,5.8544650914626944e-08,1.8305626119378805e-07,2.983570370227906e-06,0.9842449432923303,8.753848205880865e-08,6.526079776042851e-09,1.6133689163284548e-05,1.2843320126806691e-06,4.068349987227906e-11,6.051719776853756e-08,9.758715503681224e-11,9.686519022442949e-11,5.425102364272247e-07,4.2731472720754896e-05,1.6041157874045802e-06,1.7168725960822383e-05,1.4412956860157145e-05,6.687464575247639e-09,0.014609979115230978,3.6002382965610114e-06,0.0010377537961058767,5.526157083724535e-06,4.206053968705509e-08
22,7.424324915122702e-11,6.541242647278865e-07,6.725986322010497e-08,1.4835767992069888e-07,2.787231124031551e-06,0.9829571409777177,9.087342450707367e-08,5.974976664004302e-09,1.5208684558870113e-05,2.0576152907120055e-06,3.6768937030220623e-11,5.013494062312093e-08,1.0416646462782992e-10,5.6857874854902174e-11,3.8025292801394016e-07,3.548564035492285e-05,3.029834648632802e-06,1.540325112909347e-05,1.5007450604763877e-05,7.062081659955265e-09,0.015924580892906506,4.7521396069319816e-06,0.0010167146176554105,6.384912069573842e-06,4.244013689021562e-08
23,5.346324546714764e-11,8.090447935787265e-07,3.886848481953948e-08,8.177580874492912e-08,2.107626983794113e-06,0.990392151466664,6.849809687999445e-08,4.794860524660147e-09,1.389865466263238e-05,1.1915796915693034e-06,1.3984749697239687e-11,3.463755403143803e-08,6.526150856071407e-11,3.601712304216263e-11,2.920553904363403e-07,2.2608344622053938e-05,1.6405379708754917e-06,8.42723152767981e-06,1.4796269184114774e-05,2.9868033299101655e-09,0.008902887817181362,3.966500982394859e-06,0.0006288727073265412,6.080610098546988e-06,3.782258556846493e-08
24,7.680912465515411e-11,9.804750093448437e-07,4.2410068122861265e-08,1.392568337524407e-07,3.227321232395408e-06,0.9914994668338533,7.624898110417018e-08,4.852192000068604e-09,1.3857597718593587e-05,1.3201268097465414e-06,2.186030046628443e-11,3.804307524785639e-08,9.027407757245327e-11,5.5348587388810185e-11,2.7981028903936237e-07,2.557784791008172e-05,1.7365313825195386e-06,1.114655297296744e-05,1.6182830584687435e-05,4.565498768493616e-09,0.007796068861909035,4.12140833848645e-06,0.000619980292546579,5.702466896152069e-06,4.542160585096681e-08
25,2.4483635098328674e-10,8.299716581145141e-07,1.315378756466997e-07,2.632792217771396e-07,5.711900210893962e-06,0.98005016177336,2.606653494027913e-07,2.228033186938342e-08,2.653018357560963e-05,4.358932185609381e-06,9.93108522298976e-11,1.430999863318176e-07,3.3197068962243125e-10,1.792816751176871e-10,8.09150127797672e-07,5.6104030995776844e-05,4.783983870929791e-06,2.2845843181751246e-05,1.8955308024787602e-05,1.7066556673078238e-08,0.018498697981157643,6.498695507832771e-06,0.0012898903867106886,1.290025599889208e-05,8.281871247314361e-08
26,5.483223276114006e-11,6.182227435175626e-07,2.4844119347590507e-08,5.520977871783154e-08,1.7315625407989676e-06,0.9928046906282811,5.774311958325392e-08,3.781588331467845e-09,1.9585338477550848e-05,1.23484825702721e-06,7.230612178896573e-12,1.5665278898166494e-08,6.505534171825522e-11,2.126187949969813e-11,1.731831696722351e-07,1.6400874865004126e-05,1.8645287532205887e-06,8.46567709868275e-06,1.625636791157787e-05,2.327204260796195e-09,0.006195963457986829,2.5493541607558666e-06,0.0009221763205075267,8.091672103683656e-06,3.8243673771829484e-08
27,4.9955561962450483e-11,1.2944285803047959e-06,2.627293752574008e-08,8.024662218798841e-08,1.7331542020172512e-06,0.9937452111765662,5.53926574630256e-08,5.279823301822816e-09,1.8560307518396525e-05,1.0556674254716538e-06,1.3655733978216154e-11,2.8401023593118736e-08,4.0884498575707144e-11,2.4706320896425627e-11,3.522401329552148e-07,1.5761911206882152e-05,1.3642573449077562e-06,6.488132519055249e-06,1.544851592087494e-05,1.8276485908041371e-09,0.005713399146539384,5.743665950214781e-06,0.0004691819637077171,4.160157642391748e-06,4.7724828528213475e-08
28,5.346324546714764e-11,8.090447935787265e-07,3.886848481953948e-08,8.177580874492912e-08,2.107626983794113e-06,0.990392151466664,6.849809687999445e-08,4.794860524660147e-09,1.389865466263238e-05,1.1915796915693034e-06,1.3984749697239687e-11,3.463755403143803e-08,6.526150856071407e-11,3.601712304216263e-11,2.920553904363403e-07,2.2608344622053938e-05,1.6405379708754917e-06,8.42723152767981e-06,1.4796269184114774e-05,2.9868033299101655e-09,0.008902887817181362,3.966500982394859e-06,0.0006288727073265412,6.080610098546988e-06,3.782258556846493e-08
29,5.346324546714764e-11,8.090447935787265e-07,3.886848481953948e-08,8.177580874492912e-08,2.107626983794113e-06,0.990392151466664,6.849809687999445e-08,4.794860524660147e-09,1.389865466263238e-05,1.1915796915693034e-06,1.3984749697239687e-11,3.463755403143803e-08,6.526150856071407e-11,3.601712304216263e-11,2.920553904363403e-07,2.2608344622053938e-05,1.6405379708754917e-06,8.42723152767981e-06,1.4796269184114774e-05,2.9868033299101655e-09,0.008902887817181362,3.966500982394859e-06,0.0006288727073265412,6.080610098546988e-06,3.782258556846493e-08
30,5.346324546714764e-11,8.090447935787265e-07,3.886848481953948e-08,8.177580874492912e-08,2.107626983794113e-06,0.990392151466664,6.849809687999445e-08,4.794860524660147e-09,1.389865466263238e-05,1.1915796915693034e-06,1.3984749697239687e-11,3.463755403143803e-08,6.526150856071407e-11,3.601712304216263e-11,2.920553904363403e-07,2.2608344622053938e-05,1.6405379708754917e-06,8.42723152767981e-06,1.4796269184114774e-05,2.9868033299101655e-09,0.008902887817181362,3.966500982394859e-06,0.0006288727073265412,6.080610098546988e-06,3.782258556846493e-08
31,1.1374767299990435e-10,1.2994082734495494e-06,1.0097086344102378e-07,9.60029036517031e-08,2.5127385486558057e-06,0.9845045081055106,8.17387802414037e-08,1.6544918216192683e-08,2.0238449486706216e-05,1.5238137648965283e-06,1.8819100008566602e-11,5.597689219367256e-08,1.8588585219974202e-10,4.141858869749791e-11,4.85374766937e-07,4.335777725377675e-05,2.703951917141065e-06,1.2323463680589359e-05,3.100293105834309e-05,4.6156053122010916e-09,0.014733098152021994,5.540394578814248e-06,0.0006303517341133273,1.0663578215699876e-05,3.3916974689435086e-08
32,5.699215925939134e-11,9.218077020458747e-07,3.883116238503346e-08,7.954257687089922e-08,2.075804596440141e-06,0.9913563834124441,6.075261621059973e-08,4.760812968312171e-09,1.363386756115201e-05,1.12799909456421e-06,1.276781792613949e-11,3.0310015561093675e-08,7.015181856347775e-11,3.3880105706385404e-11,2.7497437588534734e-07,2.31116704063726e-05,1.6537654712871232e-06,8.64786332206072e-06,1.8320745852682425e-05,2.7427357314703394e-09,0.007987948310902625,4.008093027394333e-06,0.0005753587619380602,6.2800626344989905e-06,3.574695937789494e-08
33,3.5919743924518255e-11,5.606038785367277e-07,1.213908740866443e-08,5.574252480785765e-08,6.413074648428728e-07,0.9976827101765546,6.605564831089553e-08,2.638534433639306e-09,2.48544129900912e-06,3.405778966973198e-07,1.090889101414735e-12,1.200122819997066e-08,1.1707339014543598e-10,1.0881768971870813e-11,2.6990173592253088e-08,4.774474304006951e-05,2.597796891738986e-06,1.116882479919004e-05,4.026632504390464e-05,9.095147602458216e-10,0.002072161480656828,5.4022877235736645e-06,0.00011887830292624969,1.4857610485447791e-05,7.87966194937409e-09
34,6.055401171741467e-11,8.545454114454914e-07,4.21500275176954e-08,8.626578599627908e-08,2.2812385298394996e-06,0.9902068356495128,7.010976346849584e-08,5.1098055557965575e-09,1.4834176240229916e-05,1.256067767464253e-06,1.523760141410471e-11,3.5357885468346385e-08,7.099937657571334e-11,3.8818453818130107e-11,3.060066563793134e-07,2.3711267276039328e-05,1.7216597820043613e-06,8.829162071875312e-06,1.6233261534365354e-05,3.1484850755704616e-09,0.009063489592618231,4.039647844547015e-06,0.0006490291007410085,6.296811600764249e-06,3.948505034693316e-08
35,1.8174762622927945e-10,2.3755804473780516e-06,3.238985035087713e-08,1.2479549880781202e-07,2.2719663059962997e-06,0.9960870735932117,6.159731205211673e-08,2.0593277014862047e-08,5.711007740009282e-05,1.2595647986853718e-06,1.7815290062398006e-11,2.4211637780393694e-08,8.74498153413174e-11,1.5487610103227616e-11,3.9086453380233065e-07,2.5879553837162798e-05,2.203027962476076e-06,9.417258990154208e-06,4.46846810089236e-05,1.5622256960616088e-09,0.003457778203007474,1.027986099228391e-05,0.0002949997710627874,3.9659023191410116e-06,4.464181998464537e-08
36,7.579730485011577e-11,8.521259617673366e-07,3.649959466235275e-08,8.859237993713747e-08,1.7259231404171412e-06,0.9877773932182118,1.9449410116546565e-07,1.0861794094711577e-08,1.4444879417601782e-05,1.0626323066991267e-06,1.9769900902329477e-11,1.3516492542319995e-07,8.385474794370753e-11,6.691243933918086e-11,4.4252086028971816e-07,3.42487695220119e-05,4.147626330981538e-06,1.4515339122980234e-05,1.3858554188081427e-05,3.1423717171952402e-09,0.011582757579584293,1.3030385284025347e-05,0.0005320732597825085,8.91309414422527e-06,6.509064104208506e-08
37,9.294868077274501e-11,6.714726890023163e-07,6.166204623553339e-08,1.1069675155959557e-07,2.7769557807380274e-06,0.9806603708922997,1.3868493203765998e-07,3.664076020587088e-09,8.1454616574169e-06,1.2803553536362596e-06,1.666653947988913e-11,6.927333555920576e-08,1.3085988063800607e-10,1.6036127177867411e-10,2.923940961804346e-07,4.173275623335956e-05,2.8690836508565303e-06,1.6053851231346634e-05,1.6431150886124506e-05,5.643864614071293e-09,0.01781525260724905,3.4647323144929657e-06,0.0014120715504185267,1.8138340152492305e-05,5.8370144456740784e-08
38,2.2002463420309212e-11,4.3290580274543266e-07,2.005024851680723e-08,4.7347974425246307e-08,8.183640848088378e-07,0.9908863545977616,4.535880683535147e-08,2.5577322970657438e-09,6.517460533281482e-06,5.69399507784979e-07,6.36232995316388e-12,2.4268210065096e-08,3.9180391699023614e-11,1.8292556916582756e-11,1.9913215531440772e-07,2.298671336519467e-05,8.56870123913965e-07,7.768596169770717e-06,9.552894724594928e-06,1.5342641404852248e-09,0.008573388420928,2.5479785563975995e-06,0.00048341866019140046,4.433024526938406e-06,1.377849419322681e-08
39,3.684203705497661e-11,6.858801513168998e-07,3.584546649865029e-08,6.216004498696117e-08,1.5380873089426749e-06,0.9895030197225066,5.455181938748501e-08,4.356178934882212e-09,1.0940519380203391e-05,8.489243845714782e-07,8.846549348820355e-12,3.1841071820511816e-08,5.461107941910034e-11,2.3579815185520185e-11,2.3521171747267258e-07,2.304332666885641e-05,1.4543788827310992e-06,7.268070410435933e-06,1.3187682311447586e-05,2.3114487342276517e-09,0.009924331280080613,3.6815998079740018e-06,0.0005041159108439119,5.432874514531538e-06,2.5341120120593464e-08
40,1.468101557240739e-10,2.5674883749534334e-06,1.6802734253767102e-07,1.1149171640219702e-07,9.19673996641816e-06,0.9758927188099178,1.3421585053178153e-07,6.703836296860822e-09,2.1236105139285964e-05,1.4876796387327616e-06,4.411763507955463e-11,1.1893576755454952e-07,1.2451149602180862e-10,2.2293476593138767e-10,7.953163346560411e-07,3.0863553461998636e-05,3.1977691909985417e-06,1.0785285018465043e-05,2.912355520842762e-05,6.620736158626179e-09,0.022830865312668515,7.05076108178871e-06,0.0011481838429472158,1.123522877664536e-05,1.4601865031463717e-07
41,4.237330590462742e-11,6.147603728999553e-07,3.997234368675164e-08,6.127654243058328e-08,1.3984932549188738e-06,0.986772997126843,8.517836136305816e-08,3.759947292181845e-09,1.0121450143356053e-05,1.1921426653474587e-06,9.764111106546065e-12,4.66734877548256e-08,5.2806277052043825e-11,3.3678029443642443e-11,2.4551687988991907e-07,1.957969423138456e-05,2.3221168204283977e-06,6.361461845173044e-06,1.1025793647146344e-05,2.513059164277097e-09,0.012396077500789535,5.0003480608222425e-06,0.0007640802757625543,8.69731718936474e-06,4.64891308180418e-08
42,3.296141622150416e-11,1.3178359870271014e-06,3.6756965685744416e-08,6.562728612000039e-08,8.11643146397496e-07,0.993525643710984,2.825165211407417e-08,7.018223339046808e-09,1.0857011493649209e-05,4.5911524498484664e-07,4.902599752662398e-12,1.9747048224999116e-08,4.0274385273259495e-11,5.582921556345064e-12,1.6300793402838812e-07,3.171858952182008e-05,1.4163348661004341e-06,4.831933547025155e-06,2.7447229631641572e-05,8.79300661652667e-10,0.006245919980986234,8.31354309558295e-06,0.00013799185325350262,2.939467577991339e-06,1.0378532585678352e-08
43,2.931815442983445e-08,0.0007640634288060139,7.667870838285929e-07,5.542289120588492e-06,0.0005143707326405692,0.8976109932679236,5.056372801460983e-06,3.8385114039250414e-08,0.0005782800015527872,2.0813549463750843e-06,7.842945285642327e-08,3.835849287011116e-06,4.2509503659126825e-10,1.6342890671460376e-06,0.0002345698410182141,9.496554491798569e-05,1.1867915012982604e-05,0.0005955852777931744,0.0001824289355809658,1.4186549377480475e-07,0.01798263195075052,5.837466090344404e-05,0.0810127474014525,4.707705513269962e-05,0.00029283862089796137
44,5.346324546714764e-11,8.090447935787265e-07,3.886848481953948e-08,8.177580874492912e-08,2.107626983794113e-06,0.990392151466664,6.849809687999445e-08,4.794860524660147e-09,1.389865466263238e-05,1.1915796915693034e-06,1.3984749697239687e-11,3.463755403143803e-08,6.526150856071407e-11,3.601712304216263e-11,2.920553904363403e-07,2.2608344622053938e-05,1.6405379708754917e-06,8.42723152767981e-06,1.4796269184114774e-05,2.9868033299101655e-09,0.008902887817181362,3.966500982394859e-06,0.0006288727073265412,6.080610098546988e-06,3.782258556846493e-08
45,4.777307927584649e-11,6.51150418954956e-07,3.320461087450063e-08,6.962093129031404e-08,1.4545834240440388e-06,0.9921368849163551,7.304265699274927e-08,7.568753041293773e-09,1.2248317830053327e-05,1.1616775164843436e-06,1.075214387023604e-11,3.556073529222705e-08,8.354833914538228e-11,2.5985883773897215e-11,2.905838145526085e-07,2.862319657951166e-05,1.439830332820273e-06,9.341433590707706e-06,1.5800697372713712e-05,2.5902118129834956e-09,0.007364705440646463,4.0745946959160355e-06,0.00041650295607503107,6.5769285846550944e-06,2.193680390174861e-08
46,8.004028079361437e-11,4.025793385372953e-07,4.37963409153312e-08,1.0244432131653044e-07,1.2992304611254543e-06,0.9895065567775863,1.1035051925816254e-07,5.287084047274158e-09,9.241485003287249e-06,1.653222994246238e-06,8.631028409324527e-12,4.7053495453498674e-08,9.970687112310883e-11,1.96026946743062e-11,9.636100525701418e-08,2.799501549820432e-05,5.550421562131211e-06,6.0573278938752e-06,1.4100146018596329e-05,2.882998628480158e-09,0.009965430228461688,8.026375035268807e-06,0.0004436406112640525,9.605062612386804e-06,3.313252461770539e-08
47,5.1098636868268526e-11,8.307225379454857e-07,3.825468814007077e-08,8.098928068568745e-08,2.2127554194685125e-06,0.9902824259309175,6.676904613412072e-08,4.688076434183289e-09,1.4334296901909396e-05,1.201239369348472e-06,1.496490481552915e-11,3.422669773199779e-08,6.251934985548258e-11,3.794974785290113e-11,3.1545863620387773e-07,2.146097337835704e-05,1.5646883119521231e-06,8.633948361663294e-06,1.4262134861321248e-05,3.114459404711305e-09,0.008980994419493989,3.7964197979964884e-06,0.0006618784887817028,5.82064103635363e-06,3.967341316940889e-08
48,8.816778391742585e-11,1.2754020047117361e-06,9.56994630844871e-08,2.0545649102544208e-07,6.572535560209511e-06,0.9693837639189976,1.1855229258561218e-07,6.261861211455306e-09,3.016735369046712e-05,1.4214403549329284e-06,1.0697049471020829e-10,9.549428869607556e-08,6.484123881917593e-11,1.9128961410531063e-10,1.361839656941653e-06,3.2018164831525827e-05,1.2226344126394415e-06,1.522683398407741e-05,8.210753473446802e-06,1.0517825838799794e-08,0.028233863944824574,3.1851729269763904e-06,0.002277162403349954,3.920078921156691e-06,9.508951926217506e-08
49,3.2197256756443605e-11,7.174975961371415e-07,3.6788355600291895e-08,6.292262628692869e-08,1.4231099893787562e-06,0.9911769149460609,5.621875814542078e-08,4.115412447228332e-09,1.0489665938180314e-05,8.827635644071774e-07,8.21200554262229e-12,3.512160969718204e-08,4.729343645049201e-11,1.7370252820715495e-11,1.9638360605436114e-07,2.0190922238069862e-05,1.4300930629426864e-06,5.03064008477667e-06,1.179177630802024e-05,2.016841991494798e-09,0.00839648230027861,4.9697457265117876e-06,0.0003646450494912358,4.6124167854960685e-06,2.5400592203221577e-08
50,1.9745374618685424e-10,4.852794616511234e-07,7.977747191845253e-08,1.2647580953929343e-07,3.602530599045765e-06,0.9912013984361355,2.498462246619996e-07,1.3845741748078115e-08,2.040846931867999e-05,4.944452990666692e-06,2.510577055162947e-11,6.505491391165043e-08,2.758513715552864e-10,8.844237411919368e-11,3.0239305014359326e-07,3.74731372490937e-05,4.1273076922295085e-06,1.0417339599468594e-05,2.3251116752615413e-05,7.487919165579888e-09,0.007841694937954433,4.542904756140408e-06,0.0008257320136287196,2.100877987579187e-05,6.782600172609346e-08
51,6.435561736813954e-11,3.592876858391761e-07,5.3316164732738105e-08,5.4510291314967474e-08,2.7348489284179753e-06,0.9887082852121192,1.1025162937784977e-07,4.270888906462866e-09,1.3931152751247404e-05,1.8229391702047856e-06,1.0424966632279705e-11,3.9050265905398524e-08,1.0452128239207103e-10,4.4210513608555847e-11,1.852258569020149e-07,2.6879041454646073e-05,2.3624353211849477e-06,7.568957930593944e-06,1.5182755659503192e-05,3.8180530533415435e-09,0.010355137171205975,2.534757008440315e-06,0.0008512608485819587,1.1452287196487335e-05,3.763832396443173e-08
52,4.372009543705722e-11,4.3229888683945625e-07,2.0737128944005306e-08,8.088588973480658e-08,1.5450712719950495e-06,0.9950539164756214,4.694751133749844e-08,5.738197927925469e-09,1.1832980226043914e-05,1.6879473915536523e-06,1.415063366088171e-11,2.402954722505809e-08,7.256483835795774e-11,2.5657885846636762e-11,2.7487227825152715e-07,1.9553795149851667e-05,8.525557283830013e-07,1.0457249621028119e-05,1.2609590037884553e-05,3.381825198617505e-09,0.0044965948282158184,2.3794254239456005e-06,0.00038355035793442486,4.112481631963334e-06,1.8194386833406948e-08
53,3.929253386241121e-11,3.157742666763458e-07,4.2791054648663323e-08,9.763315697494056e-08,2.39903763627585e-06,0.9781229070835386,1.56701185050949e-07,3.3865282651112458e-09,1.1917891491145582e-05,1.3321863443722478e-06,2.344455720560369e-11,7.025277230308745e-08,6.687089643886207e-11,7.9692845977688e-11,3.358298505394348e-07,2.9289540138442125e-05,1.7365701951744678e-06,1.2151389860834441e-05,4.9441553424766305e-06,6.551466750380691e-09,0.020112995195158027,2.5452285968945407e-06,0.0016894395209382494,7.266578485183138e-06,4.649269247538223e-08
54,6.406007264548496e-11,2.81853541660931e-07,6.693763650446727e-08,8.599608613932507e-08,2.8550919941465943e-06,0.9839911452832418,9.365054479941431e-08,5.889670527433087e-09,1.2955607672682998e-05,1.966982899298338e-06,1.722667542884338e-11,4.071283298116397e-08,1.4893336422912412e-10,3.858343443633042e-11,2.005137596149087e-07,3.729938437216313e-05,2.465501180747778e-06,1.2742266460870356e-05,1.3087952869680815e-05,7.248130971969335e-09,0.015038189440030056,2.2192974383791102e-06,0.0008759636196730972,8.305384057901917e-06,2.1117102697493247e-08
55,5.4875609459673166e-11,6.814804168444329e-07,3.730731230210786e-08,7.651574657403433e-08,2.143610450322867e-06,0.9904227100027375,8.357819737734109e-08,5.39070146691809e-09,1.389165287481883e-05,1.0958473519236796e-06,1.3201571880402773e-11,4.5183811234196886e-08,7.31981810875508e-11,4.1170413574081677e-11,2.825726138454941e-07,2.58457005246467e-05,1.6403612337465226e-06,9.285348672072516e-06,1.349065804422364e-05,3.119814264293187e-09,0.008900567427508523,3.8993447221502496e-06,0.0005976616673668373,6.516256063128655e-06,3.679139047837361e-08
56,5.699859234231038e-11,7.435167965971407e-07,3.858942487441962e-08,8.33061516680768e-08,2.0528726587417806e-06,0.9910463885997234,7.184381017494337e-08,5.282507474793841e-09,1.3617033094710268e-05,1.2485223737499612e-06,1.3245114057652858e-11,3.4045969081980176e-08,7.766286137401435e-11,3.4633094123773236e-11,2.656634389396602e-07,2.4125497678019235e-05,1.6968117872775544e-06,8.725252159116748e-06,1.5410118976410985e-05,3.1493315564960404e-09,0.00828683188704191,3.828290400477612e-06,0.0005882665576100847,6.5283676012078565e-06,3.460892477945103e-08
57,5.967303555993091e-11,6.142795270450696e-07,1.0605333435054835e-07,6.297155284799418e-08,3.390419150238056e-06,0.985508087626321,1.0615549238709357e-07,6.28589187045424e-09,1.4035850899651317e-05,1.6074625608847877e-06,1.2282123067982058e-11,6.522398223463214e-08,1.1717593950742432e-10,3.776019896322762e-11,2.2081888430298963e-07,3.3491987292144606e-05,2.5369038896857158e-06,5.579263073642514e-06,1.754684677943071e-05,4.304214137356113e-09,0.013898712949024877,4.514335832004646e-06,0.0005002087200740894,9.065772464812209e-06,3.554286709661742e-08
58,5.2368954937784276e-11,6.667571490765065e-07,3.633221254331378e-08,6.630191878362287e-08,1.8297665845319339e-06,0.9912846078684582,7.230328395904166e-08,4.77007445242722e-09,1.1679010367542856e-05,1.2609858498709717e-06,9.554434670189307e-12,3.246220290092632e-08,8.024744791356399e-11,3.297349734442377e-11,2.2728351681747936e-07,2.232106291484517e-05,1.7565438778807002e-06,8.161056269532825e-06,1.553358128593477e-05,2.8717196436632063e-09,0.008036786524148038,3.56106315835587e-06,0.000602797642799599,8.56231243736612e-06,3.3324625703431976e-08
59,5.609698512655769e-11,7.134472514198004e-07,4.728549751130512e-08,7.192278363437561e-08,2.061770759843366e-06,0.9895317398106339,7.808745497863175e-08,5.240444859001124e-09,1.2397475395021887e-05,1.3204850176594813e-06,1.0990747278589432e-11,3.6877226512331557e-08,8.705767783762934e-11,3.5399217415274106e-11,2.4629676068970523e-07,2.4777882799787373e-05,1.9434613485206975e-06,8.052616591559579e-06,1.599575754898883e-05,3.3061110314519416e-09,0.0097480497460627,3.82993407727331e-06,0.0006398032510380549,8.790124634322372e-06,3.5031017354425796e-08
60,5.346324546714764e-11,8.090447935787265e-07,3.886848481953948e-08,8.177580874492912e-08,2.107626983794113e-06,0.990392151466664,6.849809687999445e-08,4.794860524660147e-09,1.389865466263238e-05,1.1915796915693034e-06,1.3984749697239687e-11,3.463755403143803e-08,6.526150856071407e-11,3.601712304216263e-11,2.920553904363403e-07,2.2608344622053938e-05,1.6405379708754917e-06,8.42723152767981e-06,1.4796269184114774e-05,2.9868033299101655e-09,0.008902887817181362,3.966500982394859e-06,0.0006288727073265412,6.080610098546988e-06,3.782258556846493e-08
61,5.7156278593447764e-11,7.478877012872332e-07,4.782985131331024e-08,7.021332589992004e-08,2.193555227201834e-06,0.9892633313373591,7.694602454681582e-08,4.9087667122271145e-09,1.3182791540006337e-05,1.3001421555393766e-06,1.1883412911448053e-11,3.7720973020304934e-08,7.985288828242876e-11,3.8275097521595437e-11,2.655917838700061e-07,2.3980557258823698e-05,1.8922553623366015e-06,7.833597897715539e-06,1.6166977581728083e-05,3.1332821573807262e-09,0.009986929461299346,3.830272593759806e-06,0.0006698184368721725,8.24777872119049e-06,3.84172546173109e-08
62,5.346324546714764e-11,8.090447935787265e-07,3.886848481953948e-08,8.177580874492912e-08,2.107626983794113e-06,0.990392151466664,6.849809687999445e-08,4.794860524660147e-09,1.389865466263238e-05,1.1915796915693034e-06,1.3984749697239687e-11,3.463755403143803e-08,6.526150856071407e-11,3.601712304216263e-11,2.920553904363403e-07,2.2608344622053938e-05,1.6405379708754917e-06,8.42723152767981e-06,1.4796269184114774e-05,2.9868033299101655e-09,0.008902887817181362,3.966500982394859e-06,0.0006288727073265412,6.080610098546988e-06,3.782258556846493e-08
63,4.9259466521162465e-11,1.082017392630118e-06,3.4136225236549956e-08,8.029421316897508e-08,1.941485964491471e-06,0.9913155606960025,5.600160557512517e-08,4.48881344004895e-09,1.4287211953790293e-05,1.006024759369014e-06,1.3444818657308661e-11,2.9860211163375995e-08,5.525848915255086e-11,3.23802025454428e-11,3.182636440338915e-07,1.9977299441972803e-05,1.457336763778891e-06,8.231869552407948e-06,1.5852718853964673e-05,2.484354611895369e-09,0.008017650141680962,4.317335967155788e-06,0.0005927843068578272,5.286192672700682e-06,3.9682726290454914e-08
64,4.3714982399797655e-11,7.305092847568858e-07,4.919366518487642e-08,7.20043411637847e-08,1.960057985125336e-06,0.9847834434066941,6.352693329670323e-08,3.917873340088635e-09,1.1725830657386893e-05,1.0329784422041235e-06,1.2314297465701817e-11,4.091182678881047e-08,5.943560756221272e-11,3.512810770065873e-11,2.81273840383821e-07,2.37547614101446e-05,1.7450617545341246e-06,7.355857187178674e-06,1.2375837642470313e-05,2.9833646690601676e-09,0.014406438512879318,3.83018614912657e-06,0.0007387985877745193,6.2599070934655956e-06,3.454260803884782e-08
65,1.4150373612417045e-10,6.993532249673703e-07,6.588614420489694e-08,1.2070205615382797e-07,3.5404009755269903e-06,0.9926034780658808,1.1496430538679167e-07,1.1732938416634313e-08,2.629339330824287e-05,3.1129330450039974e-06,3.497510561607457e-11,4.862927948046237e-08,1.366238490943713e-10,4.7436699071804693e-11,3.9803781087169323e-07,3.375535973626164e-05,2.293584682731888e-06,9.26845817017657e-06,2.4858501824847208e-05,4.369673383712589e-09,0.0067744489221552235,5.0111153223185035e-06,0.0005058161119163501,6.619340563426464e-06,3.977644664329282e-08
66,3.941055619691967e-11,1.0989860177774083e-06,2.5802563575627778e-08,7.697525492836154e-08,1.4659627134936232e-06,0.9905708388630093,5.194782536463303e-08,4.339658326360528e-09,1.281246937553453e-05,8.759326921728707e-07,1.3881435035655314e-11,3.4166554231003515e-08,3.931750954202691e-11,3.4399933318620336e-11,4.124899871808802e-07,1.7858672743183522e-05,1.2997655552456894e-06,9.126385454324898e-06,1.2404252473409907e-05,2.190811880086318e-09,0.008714237468718508,4.703984068350544e-06,0.0006478316116497179,4.795861833371155e-06,4.174403062637073e-08
67,2.3974342172618317e-10,1.0300849895403953e-06,1.1858874393128923e-07,1.5290852354151385e-07,7.201994126653381e-06,0.9905010160497337,1.5346256930278093e-07,1.750180487200198e-08,3.8286205985939466e-05,3.7250687306318023e-06,4.2821161019249286e-11,5.822884931681361e-08,2.1427481893659774e-10,7.326692166595984e-11,4.897247312288436e-07,4.685111942656986e-05,2.7978257764123467e-06,1.0377149129590874e-05,3.811635148249437e-05,5.769808373576416e-09,0.008780739193025598,5.510210433883258e-06,0.0005543646569860432,8.937530587071488e-06,4.9804449100424314e-08
68,2.2116305470727715e-10,1.6421771038817465e-06,7.165421451649823e-08,1.780283208081986e-07,5.0298970096019935e-06,0.9921728004021305,1.1444606777481167e-07,6.759738227206358e-09,3.0343278641212253e-05,2.3627387765278945e-06,3.091418458831591e-11,2.862062068014076e-08,1.3231679989004867e-10,8.173037333726213e-11,3.4854213450563545e-07,3.8275879793629756e-05,3.2749900970070363e-06,1.1281814402056924e-05,4.691825808482836e-05,3.965395724526852e-09,0.006743658722567312,5.5469595277853374e-06,0.0009276565592182015,1.037462565885385e-05,8.121437179479528e-08
69,4.721428525676878e-11,8.346879664874573e-07,3.6643344330407664e-08,9.073054533032884e-08,2.1064931299984583e-06,0.9884188595135265,6.046741758483527e-08,4.743491194021269e-09,1.543954325329626e-05,1.2417736787325075e-06,2.0174707700925402e-11,3.67291967891466e-08,5.469544757816361e-11,3.686489539583085e-11,3.907120852191688e-07,1.9310486439264872e-05,1.5717520322878377e-06,9.763661992220282e-06,1.1571118457932206e-05,3.615266723455071e-09,0.01072993866963562,4.007804480786341e-06,0.0007801033310387006,4.584912590278948e-06,4.2451481484764406e-08
70,6.658751908988677e-11,1.0155908612593721e-06,4.360745374713181e-08,7.866938424413956e-08,2.3688249667142633e-06,0.9894254202210985,7.644632621739991e-08,5.438099248884115e-09,1.4912465610150044e-05,1.3173225993580256e-06,1.491761001081849e-11,3.891969103987672e-08,7.621841896026038e-11,4.5457713966606165e-11,3.4224920304993916e-07,2.2470906658472637e-05,2.1902830183388247e-06,9.61347755639449e-06,1.8798337527298722e-05,3.0992097550261413e-09,0.009761133761208319,4.8119037607844395e-06,0.0007271669376712137,8.14151481351922e-06,4.9820101186314645e-08
