,0,1,2,3,4,5,6,7,8,9,10,11,12,13,14,15,16,17,18,19,20,21,22,23,24
0,1.916800117417843e-06,5.7543061151129314e-05,1.0447423075364912e-06,4.527201899351668e-05,3.850825101392028e-06,0.9773648344100918,4.694371942282019e-08,8.487441004309852e-08,0.000102898913250097,0.00019592450372096096,3.7258859997448726e-06,4.452423722235047e-09,1.365746606375753e-08,0.00898322991809068,3.7681570791282103e-06,9.411133301655828e-06,0.005213750352383017,0.005801220363957493,4.716556035327527e-05,1.2675156959557806e-06,0.0010452415342397524,6.81838286743648e-05,1.5659430861174775e-05,1.011829834116491e-06,0.0010329292867763745
1,5.72137827842533e-06,0.0001450492852645206,4.882086142227458e-06,0.00020713586863188664,2.4648959755420416e-06,0.9499868753816392,1.9102882414093297e-07,1.1444734237618642e-07,9.399487258732617e-05,0.0014931490238323968,2.6365946147245164e-06,1.4534518836324564e-08,1.171574108483874e-08,0.024088002022322173,2.358114713323489e-06,7.864325399095201e-06,0.002740994315998059,0.015639430676618254,3.0438334060524847e-05,1.458326710653295e-06,0.001571857130889445,6.736637770139947e-05,4.878102840021083e-05,1.3879879981705517e-06,0.0038578202457960355
2,7.592796068984639e-06,0.00021011656157240326,3.946318543385959e-06,0.00023376172391366266,7.129324800326502e-06,0.8973500096685754,2.9881020539982074e-07,1.2855103261299272e-07,9.180328828911926e-05,0.0014705923447731815,4.568208197328589e-06,1.9231056560984442e-08,1.618442432757916e-08,0.061372862004004776,4.3439991917903634e-06,6.718749828531097e-06,0.005908038442651067,0.02144809395320248,2.234960616055546e-05,2.6555132972813743e-06,0.0015928015150121217,8.907451490048027e-05,9.541235266187385e-05,1.095648583606988e-06,0.010076570689053056
3,5.313630988428144e-06,0.0001502186376509852,3.891484123277012e-06,0.0002941370379989988,3.2632999639503317e-06,0.9192823829269899,2.0098688030309487e-07,1.1183430880087029e-07,7.122178700442364e-05,0.001315515097763259,4.284628714484355e-06,1.7209442519631113e-08,1.2462103906263247e-08,0.04677348276419866,2.201033684610882e-06,5.384919336471201e-06,0.005137144789383169,0.01920628500941842,2.2325133517767887e-05,1.7241256104022145e-06,0.0018124623170852803,9.036852604318008e-05,9.253657092732992e-05,1.3692188985364578e-06,0.005724144567963186
4,6.041068286420302e-06,0.00015892391696129666,4.04193189790217e-06,0.00031719336455496457,3.5125995627838006e-06,0.9085432965684218,2.1749613480970319e-07,1.1499343254286038e-07,7.829221119679539e-05,0.0012653321832626684,4.633567877628379e-06,2.2641680623865404e-08,1.743356597196863e-08,0.05388307920145841,2.237578272206491e-06,5.353656031595629e-06,0.00615638143712339,0.02080474083038054,2.4328510466951076e-05,1.8696546117933618e-06,0.002030313507974583,0.00010292194839010848,9.949123722040466e-05,1.5149418846548678e-06,0.0065061275193492455
5,6.041665777160821e-06,0.0001503079273770846,3.739491779754826e-06,0.00044118310768346544,2.585037672221847e-06,0.8938286660002699,1.8859544571552285e-07,1.0483993261473813e-07,7.004974814027149e-05,0.001542723745717255,4.251369987690747e-06,2.209954454463651e-08,1.4433616301083162e-08,0.058975152603959344,1.778632558685491e-06,5.165967232016309e-06,0.006045023170130435,0.03003172464366692,1.9380807003391664e-05,1.8937690066118451e-06,0.002052891690326301,0.00010822419593920797,0.00010301841227846805,1.6426639853029503e-06,0.00660422538096944
6,5.313630988428144e-06,0.0001502186376509852,3.891484123277012e-06,0.0002941370379989988,3.2632999639503317e-06,0.9192823829269899,2.0098688030309487e-07,1.1183430880087029e-07,7.122178700442364e-05,0.001315515097763259,4.284628714484355e-06,1.7209442519631113e-08,1.2462103906263247e-08,0.04677348276419866,2.201033684610882e-06,5.384919336471201e-06,0.005137144789383169,0.01920628500941842,2.2325133517767887e-05,1.7241256104022145e-06,0.0018124623170852803,9.036852604318008e-05,9.253657092732992e-05,1.3692188985364578e-06,0.005724144567963186
7,9.559140276968794e-06,0.00014836319969158867,6.711338513928505e-06,0.0002193602897078463,3.1728221344268398e-06,0.9344766964840262,2.300358374595148e-07,1.1135228294472934e-07,6.448491611455175e-05,0.0014239792470096806,3.84601928034831e-06,1.6028715454285113e-08,1.4853147490551021e-08,0.03429805622190709,1.4711345096404295e-06,4.072573431666629e-06,0.00391158853498423,0.01873084848678349,2.845568543284986e-05,1.4787729814205805e-06,0.0013348187215435066,5.3068344519837444e-05,8.47896716346128e-05,1.7845244808523204e-06,0.005193021601052241
8,8.040309812029957e-06,0.0003005480771018849,8.15079988427579e-06,0.0005866797148977573,3.381091434429004e-06,0.8922809532537945,3.9259130405867526e-07,1.4007495988099063e-07,4.770652405096203e-05,0.0028737525180993467,4.478746444283473e-06,2.64585018564577e-08,1.1665211774875962e-08,0.07947272302456423,9.836784596697054e-07,3.7681541334264855e-06,0.0026249453181845287,0.013608972056655578,2.0930803885626216e-05,2.088173115304245e-06,0.0012982852880212082,3.851968397782285e-05,0.00025048679357815524,2.0629905351696527e-06,0.006561972209392384
9,4.1384617972166825e-06,0.0002196842021920734,7.196365077664263e-06,0.0007168987188236744,1.8702730133881693e-06,0.9247646821442893,2.8582693478703735e-07,1.0190838160556296e-07,6.497433281874264e-05,0.0027627584290400796,3.1628165432209007e-06,2.9684367649338022e-08,1.197411079511711e-08,0.0474028886353261,1.2871091596716633e-06,5.58968596514142e-06,0.0023737321926863833,0.013540459823404589,1.7909242000261482e-05,2.087993515179379e-06,0.002425425717049823,5.845038228772069e-05,0.0001735157253360348,2.123569758556743e-06,0.0054507347861204565
10,5.313630988428144e-06,0.0001502186376509852,3.891484123277012e-06,0.0002941370379989988,3.2632999639503317e-06,0.9192823829269899,2.0098688030309487e-07,1.1183430880087029e-07,7.122178700442364e-05,0.001315515097763259,4.284628714484355e-06,1.7209442519631113e-08,1.2462103906263247e-08,0.04677348276419866,2.201033684610882e-06,5.384919336471201e-06,0.005137144789383169,0.01920628500941842,2.2325133517767887e-05,1.7241256104022145e-06,0.0018124623170852803,9.036852604318008e-05,9.253657092732992e-05,1.3692188985364578e-06,0.005724144567963186
11,5.746789894622783e-06,0.00015243461664850516,4.12627975704616e-06,0.0003029472999240056,3.480801227494136e-06,0.9173298481238328,2.123767376333912e-07,1.1631975114319968e-07,7.41426905484702e-05,0.0013115247641716943,4.47611280604701e-06,1.9638893281193492e-08,1.5659028055194533e-08,0.04775280021010463,2.18462016129137e-06,5.525776385393413e-06,0.005587179364454842,0.019453124278297262,2.3791730521788985e-05,1.895103887824101e-06,0.0018915454807956432,9.236484952745759e-05,9.82163175475791e-05,1.5218977806823335e-06,0.005900758897315212
12,4.175522749551871e-06,0.0001335157545222479,1.829446983362937e-05,0.00035937547982426387,1.3941958471782394e-06,0.9771231885425266,5.92491101725233e-07,7.194548868094856e-07,0.00019406879951209134,0.0013075893669659765,1.5998471566094684e-05,6.556364484305418e-08,1.1889976556751204e-08,0.008181215470747339,1.0242907298838107e-05,2.2634707405763972e-05,0.000787406499673308,0.007661031155566865,0.00018227678969384028,9.874992287883264e-07,0.0023926424565767785,0.0002242635171358096,7.588253134345784e-05,7.4378552988416465e-06,0.0012949886070728798
13,2.8580409541176797e-06,0.00013332292986427467,3.960146640117832e-06,0.0007667001819823859,4.081533268413195e-06,0.7420163188678971,3.8337870309151544e-07,3.7221810610931574e-07,6.184078081112964e-05,0.0006989091300031932,3.309276752500552e-05,7.717261352321279e-08,1.8228737535915697e-08,0.21933813733653357,3.490871677226382e-06,4.992208611784815e-06,0.00835355633725251,0.01855285634580374,2.2512399770735007e-05,1.842080842734096e-06,0.002965232848295889,0.0002983443615026039,0.00031497588841972564,1.934392608272715e-06,0.006420189551574981
14,7.12880892888297e-06,0.0006017353718696491,1.4952624752913978e-06,0.00025147453479465703,8.023564103553481e-06,0.8725917688836643,2.963349839192538e-07,1.3282135382974032e-07,5.231693996182457e-05,0.003116469496283195,7.278473627297684e-06,1.022946567305426e-08,5.1439338677456455e-09,0.09683535125097326,1.92423486794919e-06,5.583928104497529e-06,0.003756367910665154,0.017495281346921028,4.583315853616729e-05,2.0427285538213052e-06,0.0008327515407255381,7.276913188273663e-05,0.00013424051094548226,1.6497348798928355e-06,0.004178068657498501
15,5.313630988428144e-06,0.0001502186376509852,3.891484123277012e-06,0.0002941370379989988,3.2632999639503317e-06,0.9192823829269899,2.0098688030309487e-07,1.1183430880087029e-07,7.122178700442364e-05,0.001315515097763259,4.284628714484355e-06,1.7209442519631113e-08,1.2462103906263247e-08,0.04677348276419866,2.201033684610882e-06,5.384919336471201e-06,0.005137144789383169,0.01920628500941842,2.2325133517767887e-05,1.7241256104022145e-06,0.0018124623170852803,9.036852604318008e-05,9.253657092732992e-05,1.3692188985364578e-06,0.005724144567963186
16,5.188226490583529e-06,0.00022602894201211572,3.7543312011390254e-06,0.00046454220949820787,3.1726976534497385e-06,0.8640979986146213,3.528142442060351e-07,1.9282372771132352e-07,9.279455466919902e-05,0.003016361446914829,4.317887858952504e-06,4.408603232533148e-08,1.8243322874831305e-08,0.07789403822725252,3.863214984675149e-06,1.0062179241960795e-05,0.00719560438458005,0.03247398825108792,3.476202131550345e-05,2.599705650037216e-06,0.004993194055912142,0.0002584310133056501,0.00012009865377297514,1.4925492152199757e-06,0.00909709886543435
17,5.012271894603009e-06,0.00016987316216542385,3.082648138307445e-06,0.0005741980604805074,5.58022970774125e-06,0.7907962028706084,3.2180481866275303e-07,1.92166025506633e-07,6.330641340958096e-05,0.0015495402567657875,8.366374700944884e-06,4.590027076577802e-08,3.064269652913438e-08,0.1465031574455666,2.4857757418529736e-06,6.568601322985442e-06,0.015723797873707472,0.03003842151662383,2.0604098917508002e-05,3.457417376930305e-06,0.003186608908911571,0.00021999492462197295,0.000251579198288893,1.5820918089628526e-06,0.01086598934542893
18,8.149478846228724e-06,0.0001374623503263767,3.22605790837085e-06,0.0003084006561399231,5.2726349850396135e-06,0.817874104398592,2.756573572992134e-07,8.808579840730664e-08,6.258757775048985e-05,0.001765647242736285,3.5393846539084476e-06,2.7193404586185327e-08,2.6891620944372877e-08,0.09373620952149538,2.2757050963030954e-06,4.589616965282145e-06,0.014816864667067964,0.04994854785375188,1.4454605626796232e-05,2.5634171765415157e-06,0.0029579649684917495,0.00013401979582179942,0.00012139613531726229,9.89908761798751e-07,0.018091316194307445
19,6.486834682261805e-06,0.00025291642209835513,7.606017728235694e-06,0.0006522640873670427,3.856325394700844e-06,0.8820048728441064,5.595700849899648e-07,2.3146771463957884e-07,0.00013073740383017703,0.0024314182009763157,5.514972733132349e-06,6.108753732768499e-08,2.3505222430924576e-08,0.06882814287729172,4.27015759972486e-06,1.0328690143739654e-05,0.006129383742621445,0.025184526965334422,3.155066187395837e-05,2.5567907374748547e-06,0.00410539541871174,0.00021405304869982728,0.0001393707940331658,1.8196963917297727e-06,0.00985205241708477
20,4.0947158816345914e-06,0.00014883610087054186,5.046074015111515e-06,0.0004490012028779799,2.8498316153509154e-06,0.9008900748403196,3.2787362621256197e-07,3.2183158892585313e-07,9.710895815785638e-05,0.0015230302583317565,7.899590943110018e-06,3.5969816835013693e-08,1.2875244535010128e-08,0.05679225179502795,7.2292088139883696e-06,1.0725726274231981e-05,0.005858914858770057,0.024215261800726313,3.376246664990368e-05,1.8914772061642964e-06,0.0030114220251709735,0.00030054927722499226,9.924275014678109e-05,1.3580593285007083e-06,0.006538750431370831
21,6.107001178548225e-06,0.00024439972339541265,4.162695501321536e-06,0.0005233658340761972,2.7247259682246726e-06,0.8726486887520453,2.7633802815449197e-07,1.9662784483718018e-07,0.00010581818559100407,0.0022441160600689012,4.209462415239346e-06,3.450045963586386e-08,1.3682159045533835e-08,0.08805267024252765,2.200920945582738e-06,1.0989794921287875e-05,0.003231362703126769,0.025376778771260673,2.6573121342632856e-05,2.1868746935231226e-06,0.0022087797532894223,0.00011065016172841512,7.77951905799178e-05,1.5441547462842273e-06,0.005114354722106289
22,7.002355641685019e-06,8.158945896423209e-05,3.2735195683082085e-06,0.00019645395685989538,2.6075035314397094e-06,0.9108278816916047,1.0865929146055242e-07,8.637167465415324e-08,5.214592457481489e-05,0.0009541340010050105,4.052695155584768e-06,8.931815923475706e-09,1.0153506706277423e-08,0.03596728641157673,1.7900654697284954e-06,3.964635868004611e-06,0.007875223721741079,0.036930730070894494,1.6558170499607047e-05,1.2949543385400596e-06,0.0014003307714489154,9.480376045676621e-05,5.617169015707681e-05,1.1216520985327196e-06,0.005521368872255983
23,5.313630988428144e-06,0.0001502186376509852,3.891484123277012e-06,0.0002941370379989988,3.2632999639503317e-06,0.9192823829269899,2.0098688030309487e-07,1.1183430880087029e-07,7.122178700442364e-05,0.001315515097763259,4.284628714484355e-06,1.7209442519631113e-08,1.2462103906263247e-08,0.04677348276419866,2.201033684610882e-06,5.384919336471201e-06,0.005137144789383169,0.01920628500941842,2.2325133517767887e-05,1.7241256104022145e-06,0.0018124623170852803,9.036852604318008e-05,9.253657092732992e-05,1.3692188985364578e-06,0.005724144567963186
24,5.817447314405039e-06,0.00022249905723253384,2.823017932255361e-06,0.0004264194197822341,3.025905114944544e-06,0.8809172837994781,1.7141496451772184e-07,1.1848247540079854e-07,6.217074351385809e-05,0.0017141599580101214,4.2197818445952715e-06,1.9192141857645985e-08,1.278558158628447e-08,0.08178871844522528,1.3949404227964933e-06,5.5787050926847295e-06,0.005531966852903736,0.02247813956642684,2.302030266670079e-05,2.188981538120296e-06,0.0015058949545513937,8.686952473263223e-05,0.0001116803102154322,1.52977965702049e-06,0.005104276631181076
25,2.6639646549395668e-06,0.00014592632518368933,2.612122094366947e-06,0.0006049973625666572,3.017419994955044e-06,0.8269800278862827,2.5123478162261817e-07,4.048757680545297e-07,4.810500429615659e-05,0.0011951145099391648,1.5492773841678216e-05,2.4845914603022702e-08,7.648237558834605e-09,0.14393075844445716,1.9670832054097676e-06,7.281852899051432e-06,0.004749896561229013,0.017579185438725668,2.4254598143650328e-05,1.6958021820521484e-06,0.00161639580743593,0.00015677169333233037,0.0001569427327572225,1.5160095576159048e-06,0.002774688002518869
26,9.435283504931298e-06,9.106629194334389e-05,3.952794188919047e-06,0.00015881048107695692,2.6077671983874567e-06,0.957071213493266,6.946299457515683e-08,3.294699761747366e-08,5.301374240467354e-05,0.0007250539849444045,2.810582498693728e-06,6.307333130722223e-09,1.5992223470021372e-08,0.015669173141742196,4.43763588741065e-07,2.232578055055504e-06,0.00481945747549694,0.017688855075381267,1.9714479515221903e-05,1.426441017732865e-06,0.0009225944497199093,2.6627674626352402e-05,7.971933034424275e-05,3.2563821771044776e-06,0.002648410077760195
27,4.473036346595084e-06,0.0001404768716181799,3.5594808218196545e-06,0.0003291254417444729,2.8171155409898577e-06,0.9158959151442493,1.9841973137517416e-07,1.487504856180306e-07,8.032372192339605e-05,0.0012159302535893442,5.612164025165193e-06,1.973197341757256e-08,1.1119504039346381e-08,0.048064226398452994,3.1899515481732826e-06,6.654418410072481e-06,0.00550801304610374,0.0213047798182359,2.6355749372411808e-05,1.5814385915832338e-06,0.0020360961696807354,0.00015603716018315207,8.819370910648898e-05,1.4311660842331318e-06,0.005124829722676599
28,5.313630988428144e-06,0.0001502186376509852,3.891484123277012e-06,0.0002941370379989988,3.2632999639503317e-06,0.9192823829269899,2.0098688030309487e-07,1.1183430880087029e-07,7.122178700442364e-05,0.001315515097763259,4.284628714484355e-06,1.7209442519631113e-08,1.2462103906263247e-08,0.04677348276419866,2.201033684610882e-06,5.384919336471201e-06,0.005137144789383169,0.01920628500941842,2.2325133517767887e-05,1.7241256104022145e-06,0.0018124623170852803,9.036852604318008e-05,9.253657092732992e-05,1.3692188985364578e-06,0.005724144567963186
29,5.313630988428144e-06,0.0001502186376509852,3.891484123277012e-06,0.0002941370379989988,3.2632999639503317e-06,0.9192823829269899,2.0098688030309487e-07,1.1183430880087029e-07,7.122178700442364e-05,0.001315515097763259,4.284628714484355e-06,1.7209442519631113e-08,1.2462103906263247e-08,0.04677348276419866,2.201033684610882e-06,5.384919336471201e-06,0.005137144789383169,0.01920628500941842,2.2325133517767887e-05,1.7241256104022145e-06,0.0018124623170852803,9.036852604318008e-05,9.253657092732992e-05,1.3692188985364578e-06,0.005724144567963186
30,5.313630988428144e-06,0.0001502186376509852,3.891484123277012e-06,0.0002941370379989988,3.2632999639503317e-06,0.9192823829269899,2.0098688030309487e-07,1.1183430880087029e-07,7.122178700442364e-05,0.001315515097763259,4.284628714484355e-06,1.7209442519631113e-08,1.2462103906263247e-08,0.04677348276419866,2.201033684610882e-06,5.384919336471201e-06,0.005137144789383169,0.01920628500941842,2.2325133517767887e-05,1.7241256104022145e-06,0.0018124623170852803,9.036852604318008e-05,9.253657092732992e-05,1.3692188985364578e-06,0.005724144567963186
31,1.417268675193431e-05,0.00020456096797032405,9.082125278704401e-06,0.0003243517854070429,3.4636634913923315e-06,0.9052050069635579,3.2840231140005035e-07,2.282242581821575e-07,6.231341709171017e-05,0.002321873828077554,4.064865403372751e-06,1.892383530260505e-08,1.4125153267714355e-08,0.05133457221806753,1.5483574769179738e-06,4.618036433638323e-06,0.004648632204025547,0.027858655884559935,3.2189673627756216e-05,1.7682268382198072e-06,0.001552183424361548,6.524794768952863e-05,0.00010205857446343887,1.5996721478553673e-06,0.006247445801720185
32,5.620635718926106e-06,0.0001524149468063438,3.82379711393365e-06,0.0002573327603791078,3.0461602775923483e-06,0.9265135830066251,1.8827336482801227e-07,1.119477032121231e-07,7.153401687636178e-05,0.0012788044603521502,4.221293723936133e-06,1.6576051391078135e-08,1.2376161517248208e-08,0.04140433433332446,2.193332288820919e-06,5.251425991385688e-06,0.004893488159692712,0.01837125482693639,2.728989649054671e-05,1.5905619496708478e-06,0.0017385526209439178,9.121398982712425e-05,8.461585113640683e-05,1.4630199952217208e-06,0.005088041730268848
33,1.4726473300187508e-06,6.897512141237634e-05,7.96621903435086e-07,0.00032694397372807506,1.99235198832795e-06,0.8703119305788065,6.280529367174885e-08,1.6478539774543512e-07,1.8413442528746704e-05,0.0010696712705026265,7.2584758090209665e-06,8.632409136738615e-09,1.3947722144306986e-08,0.09840593101123717,5.090332156614737e-07,5.840611016675628e-06,0.012972348797199973,0.013900348832464934,2.302537877503243e-05,2.2669331938776543e-06,0.0012118256840830816,0.0001396457965047724,0.00017395710592779442,1.781704278332656e-06,0.0013548144572709756
34,4.027567544753298e-05,0.00025973246247177804,9.366369282013253e-06,5.407034246459519e-05,3.13852914059093e-06,0.9687390864862911,1.6625208199519804e-07,1.0006298841912275e-07,0.00033543948334281395,0.00027460708506014616,4.395616634486775e-06,2.1695251596678305e-08,2.0476200597312174e-08,0.009621143684626883,2.7132963301580775e-06,3.205912207302142e-06,0.0018721780858081702,0.015393112686685924,0.00019802734308306132,3.7497119985382354e-07,0.0008497884933433177,4.8659625676089365e-05,1.2199834817245568e-05,2.9938906811675264e-06,0.0022751816388829438
35,1.8556639280564964e-05,0.00018620366282736997,7.81551653103509e-06,0.00037166385685787425,3.091282142205398e-06,0.8723821919462816,3.3563491137797545e-07,1.8039740822690744e-07,0.00014083102529534276,0.0018641248597433384,3.6544810849852076e-06,3.073117735641685e-08,1.8295184849794184e-08,0.043426342573637554,2.21710802648878e-06,6.191690871857163e-06,0.005816379718273961,0.06477747121551113,3.24837876137935e-05,1.4030428650507605e-06,0.0025733495146224934,0.00013107255549249687,5.4336765378734474e-05,1.8148238100747e-06,0.008198238875170195
36,1.1309199145768167e-05,0.00022403577217727707,6.600905375693325e-06,0.0004981730998537834,4.353293300113507e-06,0.8116177932291062,6.417535830781813e-07,7.359159831679173e-07,0.00016665002463259039,0.0015276354297089475,1.043363092848359e-05,1.3973378386767808e-07,5.195768104747572e-08,0.11867929201061808,9.380987616820217e-06,1.887508649146314e-05,0.011939460746518896,0.03993426961628215,7.921095733645082e-05,2.4538984071625513e-06,0.0034208020579907738,0.0005671650280433515,8.18211452188701e-05,1.6255418030962599e-06,0.011197088978412902
37,1.6486999003249954e-05,0.00022130874535812123,8.095612414066768e-06,0.0004484240422195572,3.3893579447998926e-06,0.900739764458661,2.9298277548106286e-07,1.0349034297492499e-07,8.099712354928602e-05,0.0025272917741290166,4.24469585490905e-06,2.407131848496888e-08,1.897798244212463e-08,0.04226088112121805,1.023187079107886e-06,4.35674907405332e-06,0.005375744733999915,0.03929765720246191,2.914185911651074e-05,2.2411958374395536e-06,0.0019636583747039294,7.45232958776866e-05,0.00014327375770324102,3.6892187107851107e-06,0.00679336697266396
38,6.656132924010798e-06,9.052524507826434e-05,4.173389443738194e-06,6.712870840262023e-05,2.6288687098549386e-06,0.9719934320361799,1.533654597287855e-07,4.919115076945998e-08,6.175020255066778e-05,0.0007799758692631616,1.9744533597722435e-06,6.018019267290059e-09,6.558246974514321e-09,0.012799986674329786,1.9871641142692843e-06,3.7680625859744607e-06,0.001256750793027296,0.00895063265863797,2.3722611593105493e-05,5.510923195448117e-07,0.0005997821049218687,2.2920848028338914e-05,2.635520784219261e-05,9.651968759129909e-07,0.0033041175469349176
39,1.9038601220921477e-06,2.2449487024287633e-05,3.208008495195424e-06,0.00010346104101505797,1.0286690609817232e-06,0.9715808686938697,7.219399904558039e-08,8.188092725873404e-08,3.2095973815874886e-05,0.0005885325613711313,1.7624486036982976e-06,5.552076047390764e-09,1.082341752851769e-08,0.009306584467705992,1.3310287398485343e-06,4.421818006836361e-06,0.0038870319770130035,0.01063213914468147,1.5656490015402594e-05,7.119806111473099e-07,0.001716314960268772,4.8963279979379645e-05,2.912549529523812e-05,7.725057276266068e-07,0.002021465658157428
40,2.967799472489185e-06,0.00010336451332280513,1.5730574848281828e-06,0.00043331601958869064,2.2017305863121543e-06,0.9146877512331725,9.378082017651838e-08,1.0601440144086103e-07,3.6010567555527934e-05,0.0018068653321272519,4.033033235585031e-06,7.797535521323938e-09,8.53091823339415e-09,0.044512972505713407,7.960595741952209e-07,6.337865584769931e-06,0.007598351849262712,0.026197410792645107,1.7534547102494332e-05,2.4168052192682704e-06,0.001771672939876065,8.76830597479276e-05,0.0001168121598542058,1.8683905622285789e-06,0.0026078436146365217
41,1.4127763741701257e-05,0.00015854870926148226,7.052026572579838e-06,0.00011669217546119264,1.661113839131912e-05,0.9531859027564749,3.5708059767044724e-07,9.060581976882682e-08,0.0002586043812508003,0.00043186267993184545,3.5791599952429056e-06,1.2771720429285908e-08,2.2275021931300804e-08,0.019743939286286996,6.660799078525361e-06,1.0040493464275576e-05,0.0028065926903084347,0.014268590238430523,1.4117869340521388e-05,1.5816370565632528e-06,0.0007271457252636965,2.741952736440925e-05,2.6444211621970943e-05,9.043569849237314e-07,0.008173099640558297
42,2.5097227384810347e-06,8.570534946245884e-05,3.70291210184971e-06,0.0003335794546669643,1.1284193988216786e-06,0.9448448891271327,1.6428193260081683e-07,3.100797519498117e-07,6.712461782906509e-05,0.0015770733774148416,4.880064203105771e-06,2.6182476690983325e-08,1.4115029240712172e-08,0.025072687177356154,3.8120174392795953e-06,1.368604496222123e-05,0.005005236818681948,0.01690309936948852,5.902682530628614e-05,1.5587805747980453e-06,0.0031707191396861036,0.0002817261891016321,6.664598885331593e-05,1.8367795699684276e-06,0.0024988571648410377
43,0.00030743123963353723,0.001841029097088579,3.928522290229218e-05,0.0011275219456808165,7.406592691730625e-05,0.5253586725884668,3.128056545449269e-06,2.3793222732475706e-07,0.0013972077511435295,5.661741185143043e-05,0.0001409026207501383,9.097964543370681e-07,8.281148513946685e-08,0.35962805019982286,1.5794127880445567e-05,2.66742971773224e-06,0.006460188074449558,0.030335740374754495,3.704615890830371e-05,9.40924446996962e-07,0.00039836084865877493,8.487835217769193e-05,0.0001633488268445775,4.2585098564338496e-06,0.07252163377133543
44,5.313630988428144e-06,0.0001502186376509852,3.891484123277012e-06,0.0002941370379989988,3.2632999639503317e-06,0.9192823829269899,2.0098688030309487e-07,1.1183430880087029e-07,7.122178700442364e-05,0.001315515097763259,4.284628714484355e-06,1.7209442519631113e-08,1.2462103906263247e-08,0.04677348276419866,2.201033684610882e-06,5.384919336471201e-06,0.005137144789383169,0.01920628500941842,2.2325133517767887e-05,1.7241256104022145e-06,0.0018124623170852803,9.036852604318008e-05,9.253657092732992e-05,1.3692188985364578e-06,0.005724144567963186
45,4.128997343900653e-06,9.414184617243738e-05,4.238217414506825e-06,0.0002313115520167038,2.693552426651477e-06,0.9449602686572781,2.045613692602183e-07,1.7902701546247997e-07,7.51980991764286e-05,0.0009344374895318912,5.357438445949545e-06,1.510737059573316e-08,1.0313078777626933e-08,0.029305154399280567,4.0278819477101396e-06,8.539255030028946e-06,0.003371811143457613,0.015705273662491952,2.566189649437393e-05,1.2678486901748568e-06,0.0012728372059490302,9.860964578298723e-05,5.286706355583011e-05,1.2237892929590905e-06,0.0038405413493860546
46,3.2219316451482205e-06,8.054010754486597e-05,2.5265235480792676e-06,0.0003008043661386479,2.2036462057074184e-06,0.9205679386993969,1.0675715901857112e-07,9.812742102922938e-08,4.224828543773225e-05,0.0008772796010352109,4.672744452802745e-06,1.4133945189481158e-08,1.65427576757607e-08,0.04296485237519672,1.5591437447817279e-06,4.605707216543343e-06,0.010476465938346913,0.018073759912122504,1.9807918199586373e-05,1.7568985166187957e-06,0.0019650115362860486,0.00012349720103442893,0.00010519899736888067,1.4063056257079315e-06,0.0043804065996533165
47,3.94776537038514e-06,0.0001337309252375559,3.352309081906144e-06,0.00028225897286976545,2.9987936109494374e-06,0.9246338801373992,1.7471183249689675e-07,1.1031766330577548e-07,5.633561350492032e-05,0.0011479619883939234,4.742466723345438e-06,1.2598598245644167e-08,8.483257402128258e-09,0.048048060059022554,1.885565802276368e-06,4.398904132104527e-06,0.004028223540061437,0.015585991359072668,1.8543196046741228e-05,1.44324853394396e-06,0.0014076158146385756,6.978277621747778e-05,9.482673785528782e-05,1.1906809933361758e-06,0.004468523034080102
48,6.817380351144053e-06,0.0001347516230446937,6.526376962337533e-06,0.00044988930091670364,4.965754114768257e-06,0.8796765232011594,3.721818149196699e-07,1.410356855369353e-07,0.00011580688126735366,0.001340540739367988,4.78642602632641e-06,3.225944149263246e-08,1.77230791201042e-08,0.062303200377088114,4.608522212003181e-06,7.711733205253252e-06,0.005622452923463842,0.033991775733669995,1.1740763538743004e-05,2.239111747227187e-06,0.0027391956362286304,0.00011292221676291823,9.49350321440512e-05,1.0852286133531883e-06,0.013366961838094342
49,4.713471363488855e-06,0.000139565361318412,5.141216059641055e-06,0.000397576185316213,2.337981550830749e-06,0.9161386632587593,2.2383921113500895e-07,1.1512281426258392e-07,6.538538281599731e-05,0.0015150011921568906,4.399072996046936e-06,2.4136847400972213e-08,1.3488897154897457e-08,0.04976374830569143,2.015079878833369e-06,4.863729438430962e-06,0.004472348629227731,0.01891040194268408,2.056443443506374e-05,1.6350953222305977e-06,0.0021903931372964287,9.958784728256423e-05,0.00011907120087214552,1.5762457520244407e-06,0.006140634642012344
50,9.081177598421148e-06,0.00028009269383096557,7.238094201043959e-06,0.00035094428607950173,6.133627361081167e-06,0.8294071712203102,1.0907875066034172e-06,3.55765612663785e-07,4.997535113769001e-05,0.006016288516623085,4.956252383203546e-06,4.172086837522793e-08,1.70005721734596e-08,0.11568855215840385,3.56628532572218e-06,7.369908669467273e-06,0.005332880109150998,0.025092126781940605,3.6933458532680873e-05,2.557357583938557e-06,0.002449214870411501,0.0001294942537644356,0.0002073967781417665,1.128909276262344e-06,0.014915392634713753
51,5.496459606843881e-06,0.00016359062963351457,3.948447804312647e-06,0.00031451023477741593,3.2059430114913002e-06,0.9153008929123544,2.0539949078902718e-07,1.1721017971130706e-07,7.359519438603546e-05,0.0013605160920530809,4.401905669901422e-06,1.8244860086240706e-08,1.2224565570192137e-08,0.049873925781803614,2.2502866474905763e-06,5.397887830255308e-06,0.005168551780407488,0.019843957853955253,2.3302623554973618e-05,1.7343695869568712e-06,0.0018427357009064658,9.601819792645916e-05,9.403759769738244e-05,1.3832004261775675e-06,0.005816193820864543
52,6.0641258243786565e-06,0.00026333454525040824,5.299824129003483e-06,0.00047033189911744114,4.167537300763818e-06,0.9044055707988922,3.418077580645782e-07,1.4132123192856523e-07,8.932835770405055e-05,0.0018048550562163187,5.246230938364784e-06,3.463185846558229e-08,1.8703723113690457e-08,0.05932443464586873,2.4094337823401884e-06,6.0839343790957086e-06,0.00634015312177695,0.016565110041272226,3.214072646441493e-05,2.362771448962786e-06,0.0030296425254718704,0.00012215271328999057,0.0001679648024612166,1.9820550183576653e-06,0.007350828388821352
53,5.000611394160745e-06,0.00023739969385384743,8.33869235365118e-06,0.0006177417236393271,1.0639870119526655e-05,0.862582360634671,1.5445415090636153e-06,3.502593851356465e-07,0.00011681827964710496,0.0028551945138444754,1.1168515762073346e-05,6.880249649817955e-08,2.1191224733195494e-08,0.09163474859404015,7.849315325546851e-06,1.2614680633114934e-05,0.004745751715933715,0.018474214602591087,2.3804848135868666e-05,3.2786344627040484e-06,0.0036700925283527346,0.00017683658674824606,0.0002827825254323634,1.7903724043234593e-06,0.014519588266039688
54,4.374856430879494e-06,0.00011534057964180061,3.687813521028749e-06,0.00029817045425264245,2.968854825898247e-06,0.9275337072122526,1.7474994864326043e-07,1.2085382309959675e-07,6.603231112830526e-05,0.0011442237755038796,4.822603804511711e-06,1.555198208662276e-08,1.3073604493421715e-08,0.040008532971260766,1.852510950052461e-06,5.525480200844554e-06,0.005578896504266552,0.018751001236870388,2.221633525828343e-05,1.7492960525352723e-06,0.0019335714103665303,9.227942379505205e-05,9.474742313908966e-05,1.583968007956148e-06,0.004334390749111972
55,4.139278220500751e-06,0.00013485340131405972,3.1949409328392694e-06,0.0002534942766587561,3.1672533949397363e-06,0.9224834705097078,1.7298361288414604e-07,1.1095085424719103e-07,5.084299641764494e-05,0.0013208172252109087,4.479901814926869e-06,1.2547454951509522e-08,9.606153301406794e-09,0.047862082499403324,2.044970152922957e-06,4.896147022799816e-06,0.005110547201686399,0.016055632661142908,2.1022337551776488e-05,1.6600155871665511e-06,0.0015309916633847274,8.259903020942444e-05,0.0001012610817651347,1.1840458249801916e-06,0.004967312474520642
56,5.7139762836056975e-06,0.00015213928005732873,4.116400963986247e-06,0.0003012327297771631,3.3527324591507e-06,0.9164959667642375,2.1433002882625013e-07,1.1621367069289098e-07,7.385368815228072e-05,0.0013012628038139675,4.499415968107493e-06,2.0267725412368996e-08,1.5334214844812062e-08,0.04857094505991606,2.2288354922324997e-06,5.358885512786015e-06,0.005511093924702456,0.019422152239250444,2.4320205438062738e-05,1.8015755478215597e-06,0.0019114557498412874,9.527809322433962e-05,9.733239943264749e-05,1.4931554836978024e-06,0.006014035938805425
57,7.99872173444743e-06,0.00023365724868074986,5.6538061840568685e-06,0.00045727585912487057,4.220450116276143e-06,0.8818434489407904,3.87031019475809e-07,2.064365801531827e-07,0.00011241060401740742,0.002159752722947007,5.1064040307587945e-06,5.8344513716906635e-08,3.9672593363140574e-08,0.06472763185463133,3.44700658621244e-06,9.752883813173343e-06,0.010501898010670372,0.02602646719645144,4.63079619270888e-05,3.3845030835612443e-06,0.0037893004697676157,0.00022388708201891017,0.000144062461213504,2.1730317452811146e-06,0.009691471295758666
58,6.183754534801592e-06,0.00014320119207156723,4.193815771179034e-06,0.000281123585308046,3.0566044221620487e-06,0.929545726317982,1.9542120812988816e-07,1.0366538518505374e-07,7.549945706276072e-05,0.0011445359368338728,4.7484210334751055e-06,1.9441387596734837e-08,1.4951516399812093e-08,0.03949571499022901,1.7725020446557765e-06,4.976241982076406e-06,0.00451589892196379,0.01813372107023296,2.7398844770443875e-05,1.5542602867408667e-06,0.0017133073894003272,8.097203013319012e-05,9.449367925518361e-05,1.9844065562091406e-06,0.004719603098628159
59,5.411364167406932e-06,0.00013785545378709472,4.578579172507362e-06,0.0002898974403766907,2.8527604426849e-06,0.9361366150994689,1.9057998594348816e-07,1.0277470027600434e-07,7.275062337015461e-05,0.0012306382409279961,4.491987606548405e-06,1.7084204526485337e-08,1.263366463621298e-08,0.03476921836649078,1.8654626920209488e-06,5.084127506210246e-06,0.004080193714496673,0.016789023248795738,2.4647790093259724e-05,1.609785585871659e-06,0.0017737924587142657,7.851687451037512e-05,9.706826625766106e-05,1.908559522782239e-06,0.004491656723459079
60,5.313630988428144e-06,0.0001502186376509852,3.891484123277012e-06,0.0002941370379989988,3.2632999639503317e-06,0.9192823829269899,2.0098688030309487e-07,1.1183430880087029e-07,7.122178700442364e-05,0.001315515097763259,4.284628714484355e-06,1.7209442519631113e-08,1.2462103906263247e-08,0.04677348276419866,2.201033684610882e-06,5.384919336471201e-06,0.005137144789383169,0.01920628500941842,2.2325133517767887e-05,1.7241256104022145e-06,0.0018124623170852803,9.036852604318008e-05,9.253657092732992e-05,1.3692188985364578e-06,0.005724144567963186
61,5.753468295253412e-06,0.000143047711506237,4.827303328545951e-06,0.0002954028947252857,3.0524036237297798e-06,0.9331259187237556,2.1155270784654454e-07,1.0897571803989858e-07,7.424242351551613e-05,0.0012750433477682279,4.668724231330283e-06,1.8560554648783397e-08,1.3666267863736795e-08,0.03646563111359968,1.9676438982794512e-06,5.117743626283277e-06,0.004245180481881796,0.017452983842957,2.5296097915533025e-05,1.6451927187319144e-06,0.001824469521105398,8.112829803933483e-05,0.00010074791059974105,1.9200416601088367e-06,0.004861602356000337
62,5.313630988428144e-06,0.0001502186376509852,3.891484123277012e-06,0.0002941370379989988,3.2632999639503317e-06,0.9192823829269899,2.0098688030309487e-07,1.1183430880087029e-07,7.122178700442364e-05,0.001315515097763259,4.284628714484355e-06,1.7209442519631113e-08,1.2462103906263247e-08,0.04677348276419866,2.201033684610882e-06,5.384919336471201e-06,0.005137144789383169,0.01920628500941842,2.2325133517767887e-05,1.7241256104022145e-06,0.0018124623170852803,9.036852604318008e-05,9.253657092732992e-05,1.3692188985364578e-06,0.005724144567963186
63,5.910909028936346e-06,0.00019414564040505836,4.064741674548508e-06,0.00029904331983035955,3.433673860378659e-06,0.9190454880357115,2.1055550404431713e-07,1.1032278168841801e-07,7.44007912882461e-05,0.001446670536234604,4.289324045900074e-06,1.804708497083846e-08,1.2111286085299244e-08,0.04806115825917638,2.2926919175195496e-06,5.197961006345867e-06,0.004980063474409633,0.017970148045240848,2.6048915672669475e-05,1.7688853885167842e-06,0.00181603790577402,9.131952785218893e-05,9.984329068515539e-05,1.4427713350235436e-06,0.005866880262805527
64,4.598635281886397e-06,0.00014646846038707164,3.980048219240834e-06,0.00031486269647339687,2.9725696536584415e-06,0.9184331313868288,2.1311445112421866e-07,1.0836565296548324e-07,7.165470611511854e-05,0.001452261516978142,3.931738324112645e-06,2.0888157801970472e-08,1.4474247070513452e-08,0.046674514702327155,2.19520551452753e-06,5.423493827016967e-06,0.00527350908533955,0.01884255400432573,2.278361157656668e-05,1.7946557013988065e-06,0.0025636517869736686,0.00010146414351421554,0.00010251217310912439,1.4366330857577254e-06,0.005973941903935065
65,4.1105742283008265e-06,0.0001435395008061707,4.277364220699505e-06,0.0003224962105069564,2.9685781700194395e-06,0.9141450804752644,2.5751583731115684e-07,1.4520698648548417e-07,4.926736355045156e-05,0.001980318016637929,3.906610216334711e-06,1.7323559090906063e-08,1.0608530905528755e-08,0.053501245905999265,2.2288233070208414e-06,5.624909033163486e-06,0.004355895117919465,0.01714991907565724,2.035001312417165e-05,1.8598660028445534e-06,0.002001377239120083,8.19280254347311e-05,0.00011597566890383196,1.1292993840876285e-06,0.006106070707599047
66,4.694622778188966e-06,6.647080901294165e-05,3.5877225730716247e-06,9.980643821450818e-05,3.4973298489765623e-06,0.9647411126519356,9.861978689595697e-08,3.572297534153341e-08,4.255712643926833e-05,0.0010570175291262412,2.07354020522878e-06,4.816100132383962e-09,1.3321134772809805e-08,0.011924439100838569,9.87135340734818e-07,3.274008543465185e-06,0.0044184608177890205,0.012550010877908866,1.5129898509951556e-05,1.8157273752065982e-06,0.0013853517820944165,2.7673041055048427e-05,7.201629535063434e-05,1.6648122555880357e-06,0.003578206252807248
67,4.958583347417283e-05,0.0013020722202811026,1.7614111787148627e-05,0.0003514390198048369,1.3587548767086918e-05,0.868164316884715,2.0299983629227825e-06,5.171890555589025e-07,0.0006457863254012713,0.002770932332545221,1.0873530514982124e-05,1.1310762054557839e-07,1.8202605411833458e-08,0.05088776062983899,2.301357684965986e-05,1.5914383239802557e-05,0.00496771014882135,0.04836036396553979,0.000177102864632239,1.7338685786132402e-06,0.0034895073911686237,0.00043951391856130064,6.68000876262428e-05,2.5380248258826107e-06,0.018239154835382358
68,7.221965743267693e-06,0.0001575734550204596,7.298278170220995e-06,0.0005416203956382854,1.912203637850824e-06,0.909339207004829,2.1277167216552966e-07,1.2065785504681437e-07,7.886478657970135e-05,0.001839517511892173,3.4933059843636988e-06,2.5574195995384283e-08,1.3536816680758777e-08,0.04750901178275551,1.0371187132110726e-06,4.5661067044749136e-06,0.00429048127992758,0.0277872932883216,2.0102865881390766e-05,1.6262233012716538e-06,0.0029324810661404883,8.246002942242888e-05,0.00011783553640844511,2.0768633278828146e-06,0.005273946391060627
69,4.096402972336913e-06,0.0001412935403285073,3.955724715747063e-06,0.0003252424597961828,3.072616912325121e-06,0.9291696422022343,1.9878275659319155e-07,1.2235746924337043e-07,6.192773422554436e-05,0.0012877362314535402,5.1840928175399654e-06,1.6799026380068437e-08,1.11065622014453e-08,0.04370731858600404,2.017703906308017e-06,5.432784497143618e-06,0.004251672154040303,0.014534439093818298,2.2671279728905665e-05,1.7876842831167378e-06,0.0018697017535518514,8.229416722183998e-05,0.00011772921195938873,1.6602582356279007e-06,0.0044007752714826315
70,3.4241393247546076e-06,0.0001434801899060797,2.5833645086336947e-06,0.0002065198831098236,2.478014124011764e-06,0.9485882850045191,1.3940275671756048e-07,6.766415285479071e-08,6.0396500639676405e-05,0.0010576311367371308,4.342517040895196e-06,1.2727654858543373e-08,8.90328484014659e-09,0.02924020079498129,1.6231820366069527e-06,3.824969558673972e-06,0.003848822072459275,0.011333125986313386,3.245258423459508e-05,1.1924909735252479e-06,0.00198138296074053,8.12663131589233e-05,0.00010143982526804768,1.8927916956471132e-06,0.003303406580820307
71,5.839348379650754e-06,0.0002003065729906638,3.79148787354427e-06,0.00033692030049788774,4.796763864469945e-06,0.905716962847865,2.482338338927386e-07,1.162522784756445e-07,7.807708220028312e-05,0.0016888628175453365,4.281142086925229e-06,2.038323948719382e-08,1.6336687311347807e-08,0.05783486502942786,2.2949655639093904e-06,6.59068031337813e-06,0.005820192890706179,0.019101318623359856,2.236337859866789e-05,2.6986281787139122e-06,0.001990811190912135,8.567585269447725e-05,0.00012359123404598958,1.5368903300457287e-06,0.00696782106652596
