,0,1,2,3,4,5,6,7,8,9,10,11,12,13,14,15,16,17,18,19,20,21,22,23,24
0,1.1423682349373218e-05,1.5068970016266799e-05,2.0476380527503306e-06,0.00018895870715965866,0.00016754787280497463,0.9425991854566844,4.195967220831804e-05,3.4538278511074235e-06,0.020753846418659534,0.0011374489109905073,0.00018738416291180944,9.767529562915923e-07,3.484536865160418e-07,4.659411341083661e-06,0.031938474294653095,2.3857811726154133e-05,1.8720728498203124e-05,1.1916406257316339e-06,0.00096302170670444,3.977975214975679e-07,2.3874403338428633e-06,0.00011308370658085268,0.0012846599280671182,1.5853549356954508e-05,0.0005240414582594832
1,4.515077172510468e-06,5.432800437465409e-06,1.255716428750022e-06,7.785023811434392e-05,5.4655191252424004e-05,0.943584260965537,2.0826618106314616e-05,2.082441508773679e-06,0.0321167280534156,0.0016550174053730148,7.006260603088327e-05,2.8663057983851746e-07,2.1154360483578948e-07,3.6272450224254547e-06,0.020577030819106532,1.4756291344010709e-05,3.2582258879741323e-06,9.303964769795246e-07,0.0007275290597244744,3.8148179405851975e-07,1.070913255051008e-06,7.070805579028681e-05,0.0006766401219298276,9.090114688224955e-06,0.0003217919874184531
2,5.642591628630268e-06,8.020057411936507e-06,1.4128538559208856e-06,8.667286743186307e-05,9.02895801070241e-05,0.9226087892250686,2.4858993106332594e-05,2.749190955079363e-06,0.039184560331386564,0.0015953638606174484,0.00012324869544638669,5.0864671595102e-07,2.2581317407942758e-07,7.10521236796691e-06,0.034105881289804914,1.3946482749628922e-05,4.71300576466895e-06,8.951438102012034e-07,0.0006556419147010997,4.6597373163441107e-07,1.2859678105829376e-06,0.00010991042116271177,0.0007768661874743624,9.877159286871559e-06,0.0005810685344295476
3,6.0344764572776456e-06,7.2876037627450885e-06,1.1463074994802166e-06,8.492360299792999e-05,6.701414533651738e-05,0.9423645346465656,2.363771278277615e-05,2.3652911313060675e-06,0.02809904677903875,0.0012812122228618996,0.00010759114578880169,4.0494895879222194e-07,2.160975464426909e-07,4.302412442209253e-06,0.02595872220820279,1.2473439103131913e-05,5.071100657614728e-06,8.619616875244514e-07,0.0007222273240718367,3.1530191598650786e-07,1.2291762899942567e-06,9.986445211818319e-05,0.0007543752366956066,8.195044171528479e-06,0.0003869473619155259
4,6.939269738891247e-06,8.997897298913903e-06,1.3869708789920563e-06,9.917145985159737e-05,8.033677831231654e-05,0.9360862598794295,2.808457606435843e-05,2.8022557578443637e-06,0.03301468821336802,0.0014931316389024528,0.00012531979381941242,4.826719987718357e-07,2.9431058092503963e-07,5.647858126527462e-06,0.02680751528724465,1.3738656973169618e-05,5.613310137110086e-06,1.0784818632235878e-06,0.0008395741644574211,4.081929635547395e-07,1.5704928652596036e-06,0.00012169735130801158,0.0008150047673528163,1.011155505660092e-05,0.00043014416564951036
5,6.059967793731339e-06,6.755847767338637e-06,1.291423097250822e-06,0.00010984557237801355,7.581844627837722e-05,0.9467247840804502,2.274835902417915e-05,2.381246800992138e-06,0.028224780307732445,0.001515995204293056,0.00010019978266621944,3.3612336663811984e-07,2.3424211645014598e-07,4.628829065320756e-06,0.021029881751023157,1.2383489969951266e-05,5.017395494807442e-06,1.3256682332278126e-06,0.0007659270658262053,3.936888933365725e-07,1.4318457330401703e-06,7.948305604911766e-05,0.0009924785734629136,9.659799125228869e-06,0.0003061582333584596
6,6.0344764572776456e-06,7.2876037627450885e-06,1.1463074994802166e-06,8.492360299792999e-05,6.701414533651738e-05,0.9423645346465656,2.363771278277615e-05,2.3652911313060675e-06,0.02809904677903875,0.0012812122228618996,0.00010759114578880169,4.0494895879222194e-07,2.160975464426909e-07,4.302412442209253e-06,0.02595872220820279,1.2473439103131913e-05,5.071100657614728e-06,8.619616875244514e-07,0.0007222273240718367,3.1530191598650786e-07,1.2291762899942567e-06,9.986445211818319e-05,0.0007543752366956066,8.195044171528479e-06,0.0003869473619155259
7,8.764157176616651e-06,7.366532505682708e-06,1.1324096259700548e-06,8.396136571925771e-05,5.4998612912566516e-05,0.9468299015164423,2.62786526135696e-05,2.939595095648552e-06,0.023634750541074626,0.001180269635064459,0.00013932405973277878,3.709993046844985e-07,3.344880248799979e-07,3.3549768843470655e-06,0.0261630832260663,1.0655337226766374e-05,4.510466725949649e-06,9.651287036255327e-07,0.0008928459688920202,3.017470994055737e-07,1.2833692365771001e-06,0.0001405741712031164,0.000534701405044491,6.144418606046574e-06,0.0002711872190181041
8,7.406490327511619e-06,8.067595287876988e-06,2.4967535323903784e-06,0.00011416360150924283,8.209524532187964e-05,0.933234566342676,1.3855504347812413e-05,1.554583354337997e-06,0.03568608762310316,0.002030753489193885,7.33294030715292e-05,4.778657750994103e-07,1.9041785631052e-07,5.868461904817543e-06,0.02608947359055522,1.895529513876906e-05,7.289383753666738e-06,7.480993195339998e-07,0.00037578108257852415,4.660416981709485e-07,8.868224317551742e-07,6.0680393306207184e-05,0.0014544716709499305,2.2083769013489314e-05,0.0007082504739928675
9,4.553530519578276e-06,1.1844359391255502e-05,3.1485238675138787e-06,0.00013359664601487694,7.639856405749853e-05,0.9153159403067783,1.5642405554377502e-05,2.162290689263751e-06,0.04862634095159849,0.004494941036385546,6.276542747820133e-05,4.1862569327291807e-07,2.496416975916773e-07,1.0834737598906503e-05,0.028080564846075837,2.9895654927799517e-05,6.826518714670322e-06,1.1003277282000246e-06,0.0006363367559325784,8.737716525036285e-07,1.3666662354525189e-06,6.651934228510032e-05,0.0015357524788508342,2.641872393869818e-05,0.0008555078663336526
10,6.0344764572776456e-06,7.2876037627450885e-06,1.1463074994802166e-06,8.492360299792999e-05,6.701414533651738e-05,0.9423645346465656,2.363771278277615e-05,2.3652911313060675e-06,0.02809904677903875,0.0012812122228618996,0.00010759114578880169,4.0494895879222194e-07,2.160975464426909e-07,4.302412442209253e-06,0.02595872220820279,1.2473439103131913e-05,5.071100657614728e-06,8.619616875244514e-07,0.0007222273240718367,3.1530191598650786e-07,1.2291762899942567e-06,9.986445211818319e-05,0.0007543752366956066,8.195044171528479e-06,0.0003869473619155259
11,6.686807822520283e-06,7.710514007120882e-06,1.211539925166317e-06,9.156129285659679e-05,7.237582295590932e-05,0.9398462243756255,2.6549712939725667e-05,2.5124751722473186e-06,0.02981499648414715,0.0012855032835253726,0.0001161873032709831,4.4510916868571673e-07,2.6243835417896416e-07,4.4683112701189595e-06,0.026632464736883833,1.3122973428606924e-05,5.212835227346968e-06,9.391208797188905e-07,0.0007927304054115455,3.5304687792466744e-07,1.353140738589235e-06,0.00011188348630237691,0.0007637186280723596,9.31235051703871e-06,0.0003922138046194168
12,5.679866170545392e-06,6.321650660581003e-06,1.3487202799322316e-06,7.128335521697701e-05,9.69084696203448e-05,0.9435384798819838,2.116741165822518e-05,1.9046720381994087e-06,0.03075690075266568,0.0012272176806118187,0.00011277608475251254,3.983481576656915e-07,1.7501504683657875e-07,5.362167043058255e-06,0.022168263087698432,1.0140456941506608e-05,5.447010224843045e-06,8.219740695656537e-07,0.0004915349993734858,3.5467883138314227e-07,1.359834935395875e-06,8.166762118947628e-05,0.000926618521187445,9.880230545015267e-06,0.00045798750909722784
13,1.609289058502417e-05,1.999707556232556e-05,1.8632873194116873e-06,9.81369417508686e-05,0.00019707926181103725,0.851815102022657,6.03436292354532e-05,1.0421369006449361e-05,0.048515198209178205,0.0011137441707615935,0.0008085607769656206,2.73261228787319e-06,5.261390737833363e-07,2.04731606333369e-05,0.09322295671528855,1.757314064093391e-05,1.1639075143320014e-05,1.2012377196257064e-06,0.0012148291805636566,5.71927071885944e-07,3.2179669233454123e-06,0.0005466338918255567,0.0005970367557631062,9.795851275118309e-06,0.0016942727109569371
14,6.47661572543257e-06,9.144932264604828e-06,1.2163352118753637e-06,9.89491073169872e-05,8.263154610637265e-05,0.9414801789818535,2.565658200143941e-05,2.4981159547923798e-06,0.028656647249051617,0.0014299999536086661,0.00012739027833067774,4.0721125774835807e-07,2.5725900265823316e-07,4.91582134395328e-06,0.025846356826912664,1.200310934544153e-05,5.865180931207512e-06,1.0244697576016661e-06,0.0008915279652673048,3.386259702770474e-07,1.6077964043315782e-06,0.00011150121759658862,0.0008177353870492772,8.966615707267923e-06,0.0003767028160276709
15,6.0344764572776456e-06,7.2876037627450885e-06,1.1463074994802166e-06,8.492360299792999e-05,6.701414533651738e-05,0.9423645346465656,2.363771278277615e-05,2.3652911313060675e-06,0.02809904677903875,0.0012812122228618996,0.00010759114578880169,4.0494895879222194e-07,2.160975464426909e-07,4.302412442209253e-06,0.02595872220820279,1.2473439103131913e-05,5.071100657614728e-06,8.619616875244514e-07,0.0007222273240718367,3.1530191598650786e-07,1.2291762899942567e-06,9.986445211818319e-05,0.0007543752366956066,8.195044171528479e-06,0.0003869473619155259
16,8.585218084537466e-06,1.1340366797425097e-05,1.0689418942180087e-06,9.237833849593297e-05,7.465170098938197e-05,0.9208494058631489,3.1506492131869056e-05,4.257167915710053e-06,0.029805770753117022,0.0012439855778083504,0.00019391971796207288,8.473784424265875e-07,2.7699308242783486e-07,6.815827566802842e-06,0.04525712119931715,1.4762307868003484e-05,6.839561148239735e-06,9.407816974761232e-07,0.0009915717639661053,3.019875300316705e-07,1.4634082781453763e-06,0.00021942352422219292,0.0005850993758932553,6.359686298845575e-06,0.000591306066343518
17,1.1019919284433136e-05,1.0449492874847626e-05,1.8957238429196804e-06,9.454216026289078e-05,0.00017791132300846917,0.9324004909563243,4.7440381688626106e-05,2.9949095556137905e-06,0.04355484592503321,0.001017813354779248,0.00022002256107394336,8.450766620920063e-07,3.6552618271022917e-07,9.048516816135512e-06,0.019772782526425406,1.0448985177238107e-05,8.849144201450657e-06,1.4230812794022987e-06,0.0007043070646293872,4.3032994059449167e-07,3.1590849533813384e-06,0.00014747654506879507,0.001212982507660736,1.6158349302085496e-05,0.0005722965539721857
18,6.326660824821637e-06,1.1227954914934077e-05,2.134032120500557e-06,6.280362793000743e-05,8.855435645047107e-05,0.9213872065427551,3.0419732212035627e-05,2.8176738448239993e-06,0.03635052652888831,0.0017028046009984574,0.00014564012798985954,9.528146971471559e-07,2.3261156721047092e-07,9.761523567762233e-06,0.03684500249085008,2.747860533393295e-05,1.0086200500833387e-05,8.904969483935732e-07,0.0007527908938833968,5.347374097332154e-07,2.1374019771410928e-06,0.0001263159748260001,0.0010708311020655894,1.653676937385888e-05,0.0013459865380694477
19,3.4206486059981046e-06,6.4228594526407625e-06,6.786401913142179e-07,0.00010005464340019983,6.0670073283810586e-05,0.9445084770882339,1.684627186718937e-05,1.6568909866056498e-06,0.028901802933673858,0.0012722503229378825,5.680501633496211e-05,3.2442390785320896e-07,1.5572534451805822e-07,2.9497197671513675e-06,0.023669590943486914,9.790435145503665e-06,3.053114873375941e-06,4.891246215732342e-07,0.0005165142253020542,2.491292565971032e-07,5.220974397863965e-07,8.614365546088876e-05,0.0005014349017847402,6.268278636740006e-06,0.0002734288360039118
20,6.4312377625282e-06,1.0406066638476253e-05,9.834912723546407e-07,9.86000827595532e-05,6.896332871714932e-05,0.9259651501864913,2.763678010911692e-05,3.4995803461957328e-06,0.03345795851547374,0.0015082696999078784,0.00014735569360771353,4.661308903974607e-07,3.579794717619469e-07,5.6415645519971435e-06,0.03657591388916636,1.1840823329909062e-05,4.4491025459586775e-06,8.716936152353091e-07,0.00100536410558334,4.0820172032252157e-07,1.2706598972589724e-06,0.0002087837362384831,0.000496218702202827,6.71310463900038e-06,0.0003864456430611875
21,1.8908761394352283e-05,1.5029070219909858e-05,4.7503165915802496e-06,0.00014779989259992808,0.00013660649548453746,0.9221112037181516,4.4269717976735715e-05,5.387108088295085e-06,0.045188790212377025,0.0022532301003989914,0.0002310120186575926,1.306533143237281e-06,6.007086674562497e-07,1.4507698648266923e-05,0.026187681727533114,3.0453418410708395e-05,1.3537649211558532e-05,2.982386634834624e-06,0.0008971497840454152,8.513538332137192e-07,3.8478010822040165e-06,0.00014618120914124176,0.0016488940691683608,2.6715568243985192e-05,0.0008683026802962271
22,8.669088666667388e-06,7.72809923907126e-06,1.781060738115444e-06,8.555759254484522e-05,5.988128909203927e-05,0.9628718174192867,1.9133620120122845e-05,3.3208100609691303e-06,0.01578368898244576,0.0017107199105800093,0.0001278837466790367,3.030648137430906e-07,2.3659499892224527e-07,4.643623541677789e-06,0.017144812129016283,1.2673619523268353e-05,9.80232241472899e-06,1.5162168718761653e-06,0.0007488556172851606,3.527527110271442e-07,2.1308649199824834e-06,9.770351321647775e-05,0.0010210891946478935,6.321172786415284e-06,0.00026937769379926127
23,6.0344764572776456e-06,7.2876037627450885e-06,1.1463074994802166e-06,8.492360299792999e-05,6.701414533651738e-05,0.9423645346465656,2.363771278277615e-05,2.3652911313060675e-06,0.02809904677903875,0.0012812122228618996,0.00010759114578880169,4.0494895879222194e-07,2.160975464426909e-07,4.302412442209253e-06,0.02595872220820279,1.2473439103131913e-05,5.071100657614728e-06,8.619616875244514e-07,0.0007222273240718367,3.1530191598650786e-07,1.2291762899942567e-06,9.986445211818319e-05,0.0007543752366956066,8.195044171528479e-06,0.0003869473619155259
24,5.584764277127569e-06,1.3724771926522763e-05,1.1148024662209116e-06,0.000179121175414043,8.497459305930929e-05,0.9334221606454477,2.599909719411991e-05,3.145902537343825e-06,0.02946605300630969,0.0020027766250437853,0.00010982847250798876,4.4220375493216133e-07,2.766422095771537e-07,5.745753939246976e-06,0.03190033791383796,1.612483008766497e-05,7.086227759222914e-06,1.2618135893314262e-06,0.0012879631163532964,3.7745390773230553e-07,1.5237786773758994e-06,0.00012177578799217958,0.0009587882821305375,9.442076889000343e-06,0.0003743702626881023
25,1.2574743134856633e-05,8.681330129751439e-06,1.9775665252555815e-06,0.00011544300383796747,0.00017395177301826768,0.9422342742073601,5.676694826627491e-05,8.164840803669046e-06,0.030880881751290286,0.0010515342633854775,0.00038096987256744337,9.413101778210671e-07,4.136598377087172e-07,9.899624895804772e-06,0.0225593643215927,1.2234784180496243e-05,8.567574234265808e-06,2.677003173930411e-06,0.0008774271680874456,5.804413021962182e-07,3.810815104104182e-06,0.0001638790581983763,0.001003765979333633,8.749149533820837e-06,0.0004224688100282818
26,6.5012872682930614e-06,3.917360847762405e-06,1.9452102958504217e-06,9.691922062930133e-05,8.3964657094942e-05,0.9477491196943846,1.618587297041268e-05,1.0913301810250408e-06,0.03775822122590172,0.0014043418834246652,5.545703193041517e-05,2.1815132471520478e-07,1.6927651060286518e-07,3.866596456273972e-06,0.010250068428810658,1.0065009371116202e-05,4.029855730688861e-06,1.406883448680623e-06,0.00035819714544246177,4.0960942028954576e-07,1.1713556947423728e-06,3.1026303892410575e-05,0.001872245900338253,2.0496932030401582e-05,0.0002689637765997746
27,4.351493956536184e-06,5.19449267902628e-06,5.747202837346499e-07,6.753625264370137e-05,4.8483578037627024e-05,0.9358324593308831,1.7434280423447656e-05,1.7748895945005222e-06,0.033148466806402564,0.0009347707212413405,7.508906030099433e-05,3.404429762219886e-07,1.6295041048670637e-07,2.581975404338742e-06,0.028461728478126256,8.837860356702384e-06,2.2450592659584786e-06,4.514345065113099e-07,0.0005593013140600279,2.1824084749185803e-07,4.872713946391985e-07,0.00011426645798168046,0.00039481748493701003,5.921512237908134e-06,0.00031250389104839436
28,6.0344764572776456e-06,7.2876037627450885e-06,1.1463074994802166e-06,8.492360299792999e-05,6.701414533651738e-05,0.9423645346465656,2.363771278277615e-05,2.3652911313060675e-06,0.02809904677903875,0.0012812122228618996,0.00010759114578880169,4.0494895879222194e-07,2.160975464426909e-07,4.302412442209253e-06,0.02595872220820279,1.2473439103131913e-05,5.071100657614728e-06,8.619616875244514e-07,0.0007222273240718367,3.1530191598650786e-07,1.2291762899942567e-06,9.986445211818319e-05,0.0007543752366956066,8.195044171528479e-06,0.0003869473619155259
29,6.0344764572776456e-06,7.2876037627450885e-06,1.1463074994802166e-06,8.492360299792999e-05,6.701414533651738e-05,0.9423645346465656,2.363771278277615e-05,2.3652911313060675e-06,0.02809904677903875,0.0012812122228618996,0.00010759114578880169,4.0494895879222194e-07,2.160975464426909e-07,4.302412442209253e-06,0.02595872220820279,1.2473439103131913e-05,5.071100657614728e-06,8.619616875244514e-07,0.0007222273240718367,3.1530191598650786e-07,1.2291762899942567e-06,9.986445211818319e-05,0.0007543752366956066,8.195044171528479e-06,0.0003869473619155259
30,6.0344764572776456e-06,7.2876037627450885e-06,1.1463074994802166e-06,8.492360299792999e-05,6.701414533651738e-05,0.9423645346465656,2.363771278277615e-05,2.3652911313060675e-06,0.02809904677903875,0.0012812122228618996,0.00010759114578880169,4.0494895879222194e-07,2.160975464426909e-07,4.302412442209253e-06,0.02595872220820279,1.2473439103131913e-05,5.071100657614728e-06,8.619616875244514e-07,0.0007222273240718367,3.1530191598650786e-07,1.2291762899942567e-06,9.986445211818319e-05,0.0007543752366956066,8.195044171528479e-06,0.0003869473619155259
31,9.87298728261572e-06,9.906709575688703e-06,2.24926181432523e-06,9.715773071239572e-05,5.409859711961178e-05,0.9511303941901804,2.6410305939556376e-05,4.7517039299687625e-06,0.0241490106403916,0.001920702404560362,0.00011733879654974894,4.899409622089122e-07,2.730329647252223e-07,5.741337622327661e-06,0.02015132175186479,2.054826124933492e-05,8.216034885066983e-06,1.568166835265779e-06,0.0007860125504212409,3.8775475985481243e-07,1.935433314756782e-06,0.00010433668464116642,0.0009804185388770017,8.54594667120328e-06,0.00040831123687490854
32,5.951401787066504e-06,7.272269238815623e-06,1.0742860962687021e-06,9.128429258093386e-05,6.598868670944151e-05,0.9424579157702395,2.4097220888880493e-05,2.3494263701585477e-06,0.0264874301411498,0.0012656482489160497,0.00010728148840452424,3.8821257396580795e-07,2.2885821819136652e-07,3.8157299927254084e-06,0.02740373666595144,1.3025543910543491e-05,5.068559355230056e-06,8.827601103539274e-07,0.0008481078983867277,3.130978503312157e-07,1.2462572699315316e-06,0.00010163337708942923,0.0007371421626869543,8.189435983362684e-06,0.00035992820823942833
33,2.4220403215063503e-05,2.4211959259936508e-05,1.6738146472004616e-06,0.0002395229670320004,0.0001227396383728032,0.9409582557220829,6.779527926393135e-05,8.219371615911746e-06,0.019636269482049513,0.0009925573790355296,0.0004013407926314711,1.8905315701633714e-06,8.522715204466354e-07,5.725897789348704e-06,0.03372492608460788,2.6411045611025273e-05,2.4121113130920855e-05,2.2138508298473975e-06,0.001946163756215147,3.763863648294668e-07,3.555363221902041e-06,0.00037435734906984857,0.000941231881829887,1.2971433832599663e-05,0.00045839622519962264
34,8.174856957059537e-06,5.9517629798970595e-06,1.1323895761987097e-06,8.725243365120351e-05,6.950733706912509e-05,0.9412042174782774,2.649611263801699e-05,2.383872002050575e-06,0.028170426364770587,0.0010497301242386131,0.000125404698179963,3.67663119973412e-07,2.488717804201261e-07,3.4902453296549026e-06,0.02720307912422685,1.1074524098336388e-05,4.519552393456499e-06,1.0268533821235924e-06,0.0008437852184578243,2.8617721646925646e-07,1.3427559325922712e-06,0.00010105458233019775,0.0007520841062355541,8.108126733872246e-06,0.0003188547684224229
35,9.042781812347482e-06,4.531591800546864e-06,7.052984497359332e-07,6.240901578371338e-05,1.990640796721816e-05,0.9639577816772582,1.741443927187539e-05,2.6987091374840536e-06,0.020172993494181488,0.0009722678841442638,6.262920168847514e-05,3.433780065446909e-07,2.0812264928049852e-07,1.48144802402038e-06,0.013265577279781168,1.4652226834393508e-05,3.0447196896694283e-06,1.074727486452499e-06,0.0007514791185198147,1.5066243999931918e-07,5.785738400980046e-07,0.0001146188005011677,0.0003945750924512564,4.908034282313344e-06,0.00016492731399851834
36,6.725060299826274e-06,1.1362654386801083e-05,9.81708819535988e-07,0.00011464793298881606,2.590821909003069e-05,0.9384781225817194,2.0798307235836273e-05,5.470991426257385e-06,0.02890611443575609,0.0023014327294014034,7.157452156858889e-05,5.512798476986512e-07,2.6749851573234717e-07,5.226145848650479e-06,0.028159744229886506,2.1674279359483455e-05,5.1735914410448916e-06,1.1010892234490364e-06,0.0008964189785876605,2.999640043990047e-07,6.515142208997121e-07,0.00020851004909229332,0.0004391033637605154,3.9872728412731715e-06,0.0003141516006775727
37,1.3572847722840352e-05,9.0472987573732e-06,2.9865793753662233e-06,0.00010359629322401873,0.0001415430557505645,0.9287785619998306,3.8716173043259734e-05,2.3090157290661046e-06,0.047528021929663766,0.0014704014100487303,0.00015574784905324508,6.763780795276123e-07,4.531213047984859e-07,7.889780553749013e-06,0.018900114727629747,1.532257228630455e-05,7.669164483506008e-06,1.803582052527939e-06,0.0006924359346486206,5.833017910931201e-07,2.7948685047504854e-06,0.00010193506823623949,0.0014313587642962237,2.6038498469597122e-05,0.0005664197854644379
38,4.304356293506715e-06,2.449443376789606e-06,5.920126586281243e-07,5.634125978584627e-05,1.9818448077188674e-05,0.9707844320409146,1.812191433535602e-05,1.496899865373914e-06,0.010010490141595423,0.0007308479766461285,4.4549311001628466e-05,1.6311575742698762e-07,1.585394779311869e-07,7.531107926648773e-07,0.01691953043553551,1.4615700087559003e-05,2.908310988015063e-06,7.155898452940847e-07,0.0007489277577303238,1.9464332485831092e-07,6.134420769884935e-07,4.823814933969023e-05,0.0004657219626196751,3.9240420895752876e-06,0.00012009139578414625
39,5.671226793509687e-06,4.520466635965723e-06,9.652420336226916e-07,5.2804117348638014e-05,4.085048508740043e-05,0.9629576022413386,2.779912613046465e-05,3.0515854228010433e-06,0.01651052035104762,0.0008134836781134878,9.764969877625524e-05,4.266442296649078e-07,1.8438855594032126e-07,2.454231902046213e-06,0.017857828696510734,1.4627167685714163e-05,5.110300337331386e-06,7.519685828221534e-07,0.0006405453197174766,2.4101004086251e-07,1.2676768627021142e-06,9.388850156244874e-05,0.0005675770938854441,5.402845001167452e-06,0.00029477593639692744
40,6.119384490568066e-06,7.26290746592849e-06,1.1292420629171745e-06,8.002165583608184e-05,6.622331952231249e-05,0.9422446548879245,2.3322943815045454e-05,2.3634170324385836e-06,0.027808440141270395,0.001224581135736184,0.00010953780486449412,4.1937473706678686e-07,2.1086268791197634e-07,4.2931744051174225e-06,0.026501363985986136,1.2019524107399349e-05,5.045098860114815e-06,7.932791521354766e-07,0.0006790628573935317,3.027897350464562e-07,1.1816837209773607e-06,0.00010471763924173543,0.0007109451777822014,7.757091676977066e-06,0.00039823062049280613
41,4.972243320977804e-06,5.615830471435746e-06,8.729735487458079e-07,8.262238399135732e-05,6.468842981918949e-05,0.9425861458463088,1.9678433633443068e-05,1.8641395252570622e-06,0.02722962375012441,0.001076612794961193,8.852598880965507e-05,3.3349128041306265e-07,1.6091644077293714e-07,3.211504313432071e-06,0.027153526895665702,9.969413611255143e-06,3.7839511028341923e-06,6.470471142263053e-07,0.0006003302467434728,2.507623624357254e-07,8.166750459541063e-07,8.104578887511155e-05,0.0006518135731308955,6.788496851156979e-06,0.0003260984229480371
42,4.428113748161688e-06,6.3720772969021496e-06,4.4877757145814276e-07,6.346809849959396e-05,3.0999305340499954e-05,0.9496161796763609,1.8912260019761623e-05,2.438527432195833e-06,0.018510615845810992,0.0009227443385002994,8.074853838047735e-05,3.049250077893763e-07,2.1655729610148846e-07,1.641787535459705e-06,0.029112990362867717,1.1023281255713261e-05,3.353269820188646e-06,3.8966474647086977e-07,0.0009449801537024761,1.7476798308723694e-07,5.812846456664794e-07,0.0001958806448994052,0.00025143082427440326,3.459223252735163e-06,0.0002162176937514825
43,0.0013606395821684695,0.0016441668183414184,6.050779552268273e-05,0.0018294587030073548,0.00945918929961756,0.28412150165461525,0.0016448916687774669,2.5136184630370465e-05,0.28721589009840415,0.000453477917094832,0.027856636777573097,0.0016000597925146306,1.0528461398926292e-05,0.0008110943054415081,0.23243772062646784,0.00020506902638301242,0.0016608137063460465,1.716793556298631e-05,0.0022809064895043655,1.9906332339478115e-06,4.5510487774405674e-05,0.0017215202436648754,0.01640570033057258,0.0017939325783264443,0.1253364888830559
44,6.0344764572776456e-06,7.2876037627450885e-06,1.1463074994802166e-06,8.492360299792999e-05,6.701414533651738e-05,0.9423645346465656,2.363771278277615e-05,2.3652911313060675e-06,0.02809904677903875,0.0012812122228618996,0.00010759114578880169,4.0494895879222194e-07,2.160975464426909e-07,4.302412442209253e-06,0.02595872220820279,1.2473439103131913e-05,5.071100657614728e-06,8.619616875244514e-07,0.0007222273240718367,3.1530191598650786e-07,1.2291762899942567e-06,9.986445211818319e-05,0.0007543752366956066,8.195044171528479e-06,0.0003869473619155259
45,3.90570325657881e-06,3.988102214928944e-06,5.631917641686229e-07,8.079503247667777e-05,5.289544431970272e-05,0.9437949318821419,2.2330350340315946e-05,1.7616527377378364e-06,0.02390600967586909,0.0007869382287013806,7.317665838373671e-05,2.8421039809601144e-07,1.5902265231674314e-07,1.8658164724480025e-06,0.029803369432096535,9.880500490756202e-06,2.538118898954112e-06,5.251225353166153e-07,0.000672536087167446,2.2673923674677242e-07,5.859231007981956e-07,7.685567700057689e-05,0.00046530430823298616,5.268599536711391e-06,0.00023330451997407802
46,8.541670363257524e-06,9.232974966826411e-06,9.373181174769513e-07,9.653364816302016e-05,5.721276346144816e-05,0.9534021663701809,2.1556637418889188e-05,2.5951889002311347e-06,0.014518148135099778,0.0008704184101647793,0.00012383484762041393,5.88319606330312e-07,2.1005357110005922e-07,2.576840153302647e-06,0.029004667340899924,1.4312164523644377e-05,1.0242387242820083e-05,6.020172673261459e-07,0.0006885924243984375,1.995713072345773e-07,9.573364816220265e-07,0.00014010931149417103,0.0006602124064956623,6.208018638022245e-06,0.00035934384346314945
47,1.1837316025559558e-05,1.773325857717269e-05,1.1038133067738397e-06,8.181725543584762e-05,4.3920063586689285e-05,0.9305758784300198,3.061777047787618e-05,3.4769733198328894e-06,0.029129033789293702,0.0012385070896670934,0.00012960193183337538,1.0623273508347398e-06,4.144767770632504e-07,3.6534427729255505e-06,0.03651412661403893,2.2933505336788886e-05,7.692446475277656e-06,5.666366524042421e-07,0.0008818119068442796,2.556690750238007e-07,8.09214398600288e-07,0.0003111873180182855,0.0003852418199456599,8.675044428286214e-06,0.0005980418863418159
48,6.065564180739244e-06,1.4109809870557827e-05,1.062816086596897e-06,0.00012562809273462214,4.986052089957863e-05,0.9498458882981573,2.1572743962912708e-05,3.032653617324778e-06,0.018074196998235318,0.0017329992212614582,9.126291835238991e-05,4.3314662511654313e-07,2.35031207021169e-07,3.88352413743186e-06,0.02777183003288262,1.7252433201874573e-05,9.680261277726111e-06,8.277674738675443e-07,0.0009961757630308665,2.66646036354813e-07,1.181421274685002e-06,0.00013440562004766627,0.0007542015244004483,6.156576332010256e-06,0.0003377906147132686
49,5.771605279522284e-06,5.156502578323014e-06,1.1352598527693014e-06,5.8371095225738516e-05,5.086509558538933e-05,0.9577617087545408,1.8825487247881325e-05,2.1795587600592844e-06,0.022947793990585396,0.0009982253023948595,8.783491448955789e-05,3.987133335845223e-07,1.6858464313710618e-07,3.2298466421246565e-06,0.016661699524474882,1.0415599301244548e-05,4.10117002508706e-06,6.670596359877816e-07,0.0003844922039080039,2.6961524532622824e-07,8.405085937260374e-07,8.054886108853364e-05,0.0005931870848471375,6.431861453767286e-06,0.00031568180026713294
50,5.2061839102881205e-06,1.0859217324092144e-05,1.3000414083550463e-06,9.590312710207308e-05,6.211105077486194e-05,0.9359310356214269,2.689346753675522e-05,3.6380787788785183e-06,0.03066044725276973,0.002146471076128677,0.00010125162138840468,4.446016118438473e-07,3.2596627580126324e-07,5.381710953046123e-06,0.028893798436326407,1.6020601154950552e-05,4.674127811215791e-06,8.342036744625683e-07,0.0009843559687341464,4.16211607627067e-07,1.309474234045533e-06,0.00015572288983465126,0.00048632706340286374,6.725729490633004e-06,0.0003985462763394442
51,6.260130601019846e-06,9.222174870078076e-06,1.1668297622814834e-06,9.857246815497958e-05,6.795997942573477e-05,0.9376302172178937,2.4200365802212145e-05,2.738716441184348e-06,0.02949337293429947,0.0014635679009787595,0.00011321388351294149,4.474299141579043e-07,2.3734942670611205e-07,4.964150347596774e-06,0.028988424406656978,1.3168135992274242e-05,5.421327754688555e-06,8.931900026791769e-07,0.0008081233420766318,3.2410531906407187e-07,1.2486989937058095e-06,0.00011789547434100416,0.0007318895638459898,7.938147462066035e-06,0.00040853207612415404
52,4.246331968246833e-06,3.7799701378141657e-06,7.731515381136564e-07,0.00010143042572917591,2.321234311142315e-05,0.9534221090470544,9.506067977492254e-06,2.201536321084494e-06,0.01947709317865237,0.0024265595586886414,4.910233778032313e-05,1.2752150345126294e-07,2.0002875787373547e-07,2.258383792215555e-06,0.022899587358865228,1.3718086126026077e-05,2.17828066578047e-06,1.3632209531270672e-06,0.0008555293180301959,3.849451078597145e-07,5.154974456945053e-07,7.005248112410314e-05,0.0005000078378011524,4.328169865903651e-06,0.00012973492100238482
53,4.85458103919562e-06,3.954044797542536e-06,7.319050918885207e-07,5.092731876829972e-05,5.6642452067027845e-05,0.9449572573299698,3.724841993358007e-05,2.173437745683944e-06,0.028803175935780013,0.0005200199895820971,0.00010705784058804282,5.887513183528127e-07,1.4866707816383267e-07,3.0929058527559914e-06,0.02385192248435635,1.0388214291782438e-05,3.2101173254378365e-06,6.107269777119917e-07,0.00044337883432331245,2.422387843299453e-07,8.334935831660216e-07,7.499341270725675e-05,0.0006404204480501237,6.287385888691591e-06,0.0004198390640990762
54,8.414887916239016e-06,1.8311017220527022e-06,6.278355334413241e-07,9.491736113304468e-05,6.01913557635423e-05,0.98196213687892,2.1436605568074377e-05,1.7527401216902502e-06,0.008549288632532659,0.0004328029737637182,0.00012153518785358273,8.707775017574351e-08,2.1242443919743242e-07,9.058484572449451e-07,0.006867479886312384,3.325398430202572e-06,3.894340105022303e-06,1.9887151331761365e-06,0.000835563158557129,1.5452487991641606e-07,2.1071669580330323e-06,4.626669245095495e-05,0.0009397307523143082,3.825410580369217e-06,3.952304280379599e-05
55,6.686056623458493e-06,1.0552964821185134e-05,1.5968055303254e-06,9.434577129645053e-05,4.9786220682994144e-05,0.947862346116234,1.4868027147231458e-05,3.4196003421823882e-06,0.017647101371958317,0.002621227318751957,0.00011342463315465021,2.2848210204870635e-07,2.594864816170966e-07,5.164353737106696e-06,0.02944464461138034,1.4385683816974628e-05,8.048876129599285e-06,1.0491143038955435e-06,0.0009216688034067467,4.1382880017407393e-07,1.6192523563047977e-06,0.000131735381470826,0.0007288288831106877,5.235901882202459e-06,0.0003113624544788689
56,6.3967211740064e-06,7.604010744071545e-06,1.1715605400938059e-06,8.726232012544835e-05,6.809450562531348e-05,0.941683882066904,2.4872391944570402e-05,2.4472761173026317e-06,0.02860834719315604,0.001274637870649887,0.00011184531667595065,4.297122672341935e-07,2.3716746414366662e-07,4.370785633757693e-06,0.026094982508813522,1.2675817405816205e-05,5.164424975727729e-06,8.896501700347392e-07,0.0007475646276599312,3.2795829989349657e-07,1.2713354406927855e-06,0.00010702437728211765,0.0007505622291215801,8.568946377775516e-06,0.0003893692254309177
57,7.405489296786615e-06,1.4439316041029996e-05,1.4405472654241097e-06,0.00011255452236381942,7.942908828428447e-05,0.928847011028733,4.08449767657968e-05,3.6712807639617764e-06,0.03164076654434306,0.0017246520239932173,0.00015209555318024,6.587733039870612e-07,4.475060283429809e-07,5.425085653107811e-06,0.03406131596608573,2.2604776075111055e-05,7.850575618588989e-06,1.1380316160191655e-06,0.0018331906736094826,4.053699282395418e-07,2.495260079168403e-06,0.0001867770838818627,0.0007069956545193182,1.18618667257112e-05,0.0005345230058449655
58,6.082156575392299e-06,7.170508301057103e-06,1.2579064516580104e-06,9.132506107782659e-05,8.319166759276392e-05,0.9374228141377047,2.643478414936013e-05,1.9422082168512117e-06,0.03318663960357721,0.0012321266349533426,0.00010648766062836027,4.367829819571114e-07,2.534687736102192e-07,4.284342122285827e-06,0.02563293262467788,1.3479981788529184e-05,4.944642188497604e-06,8.883970922431251e-07,0.0007562875510982094,3.798701252473363e-07,1.3723278191648417e-06,9.116750560740817e-05,0.0008840659334170199,1.286590638641488e-05,0.00043116833669282857
59,5.916192322763637e-06,7.314193112521465e-06,1.4578945032959952e-06,8.477408457324158e-05,8.180103872901614e-05,0.9399802421403376,2.4768344099346395e-05,2.0619326480770393e-06,0.0326140134234771,0.0014264283753022602,0.0001032283668783914,4.1398854426625277e-07,2.402495033453928e-07,4.864837048986959e-06,0.023470693661170085,1.421913676682592e-05,5.325046829064867e-06,9.377771428473129e-07,0.0006998226814077637,4.083778689929163e-07,1.500407978932001e-06,8.672888621614527e-05,0.0009195084743042968,1.2602734237839162e-05,0.0004507277549972106
60,6.0344764572776456e-06,7.2876037627450885e-06,1.1463074994802166e-06,8.492360299792999e-05,6.701414533651738e-05,0.9423645346465656,2.363771278277615e-05,2.3652911313060675e-06,0.02809904677903875,0.0012812122228618996,0.00010759114578880169,4.0494895879222194e-07,2.160975464426909e-07,4.302412442209253e-06,0.02595872220820279,1.2473439103131913e-05,5.071100657614728e-06,8.619616875244514e-07,0.0007222273240718367,3.1530191598650786e-07,1.2291762899942567e-06,9.986445211818319e-05,0.0007543752366956066,8.195044171528479e-06,0.0003869473619155259
61,6.154044645500944e-06,6.767431661929251e-06,1.5136545512493767e-06,8.230901389730788e-05,8.209134898892749e-05,0.9404213655040735,2.4357640779630468e-05,2.023224654322218e-06,0.03404994849900401,0.001407929870182841,0.0001018419406249955,3.9784055319131167e-07,2.3874887145336763e-07,4.817293745078932e-06,0.021670822722953138,1.3362920727339916e-05,4.916760516854605e-06,9.69414770651791e-07,0.0006625926776467651,4.0207211650696277e-07,1.4952977782809116e-06,8.253898611263254e-05,0.0009251473848178566,1.2943858736885462e-05,0.000433051847589135
62,6.0344764572776456e-06,7.2876037627450885e-06,1.1463074994802166e-06,8.492360299792999e-05,6.701414533651738e-05,0.9423645346465656,2.363771278277615e-05,2.3652911313060675e-06,0.02809904677903875,0.0012812122228618996,0.00010759114578880169,4.0494895879222194e-07,2.160975464426909e-07,4.302412442209253e-06,0.02595872220820279,1.2473439103131913e-05,5.071100657614728e-06,8.619616875244514e-07,0.0007222273240718367,3.1530191598650786e-07,1.2291762899942567e-06,9.986445211818319e-05,0.0007543752366956066,8.195044171528479e-06,0.0003869473619155259
63,6.428872123276602e-06,9.562536313026354e-06,1.1920670214888527e-06,9.516369474383233e-05,6.780141823242827e-05,0.9382122155391055,2.448037075275574e-05,2.642424893401931e-06,0.029140839926158107,0.001458888837468426,0.0001132263372270958,4.576690187314244e-07,2.4345943050663246e-07,4.8168267874560214e-06,0.028694494611043973,1.4028430162246511e-05,5.846379766853716e-06,8.807621384855921e-07,0.0008314989197022813,3.2710155207688087e-07,1.3009595020621e-06,0.00011983985780094013,0.0007564193983016585,8.660121205198046e-06,0.00042874347954824783
64,7.596771002078974e-06,8.867193333082086e-06,1.695803226485692e-06,9.341823857182849e-05,8.954209793489802e-05,0.9416246928960108,3.165871472160769e-05,2.914946503754164e-06,0.02957657161323407,0.0014666529082764579,0.00014169332602572562,4.7315471438592047e-07,3.064156981534848e-07,5.811961399674504e-06,0.024444724312924968,1.495586535561957e-05,6.9968284515573854e-06,1.2612357216451896e-06,0.0009381944783673661,4.20492051825392e-07,2.3353842333441076e-06,0.00011048725583255291,0.0009693134118988313,1.1052799392552048e-05,0.00044836189511667304
65,4.5113629052880345e-06,3.3498741119558573e-06,5.358498365937121e-07,7.392747505933598e-05,4.708829821387633e-05,0.9617194886265383,2.0132699995630592e-05,1.6247444928827927e-06,0.013266518505542162,0.0006029483698175068,8.66804394779496e-05,2.4101851924356337e-07,1.2362037618255154e-07,1.445588478349121e-06,0.022550852941947617,8.653218144370979e-06,4.092885892036731e-06,6.687813358342869e-07,0.0007056865184583875,1.6127747200952456e-07,8.148192151757504e-07,5.962149892368116e-05,0.0006530037188479034,4.287615894560771e-06,0.00018354025050323845
66,1.3156708012480276e-05,8.512837121518845e-06,3.855876387321803e-06,9.717060627570403e-05,9.678344608862055e-05,0.9357617453427474,4.048173978704847e-05,6.312631527576079e-06,0.04062385759039136,0.002550497448383623,0.00018379048386571605,4.5940649231684473e-07,7.910642235625848e-07,8.787597669581402e-06,0.01883144743811642,1.5343294893779313e-05,4.3117111849384495e-06,2.269747797549445e-06,0.0007527105941411644,9.52304675462766e-07,2.785196849152226e-06,0.00015818503702145733,0.0005241311161630968,9.320712740929912e-06,0.000302340067442466
67,4.924462124074187e-06,1.2416945221445249e-05,2.68586031468136e-07,6.419412290664499e-05,5.77537270491211e-05,0.8790629377100297,2.762392530849053e-05,2.3276162797223144e-06,0.0517822043464468,0.000633120325646793,0.00011820010746600509,9.82942393209324e-07,1.7083488079940052e-07,2.6222198208500284e-06,0.06637004696163276,9.143948604229908e-06,2.1705147005126245e-06,1.83498632258974e-07,0.0007655224398420219,1.0041289630537323e-07,2.584367468733329e-07,0.0003676781863859567,0.0001384142156437184,3.9541453771384955e-06,0.0005727793679329103
68,6.377977488529419e-06,7.727168364875304e-06,1.0737673699410092e-06,8.712342766703267e-05,6.34845989989115e-05,0.9434947674426348,2.4349944386365103e-05,2.555508437999832e-06,0.025694799148130942,0.001253102404384544,0.00011274962709592627,4.011686372715722e-07,2.2626848421831536e-07,3.953603613926717e-06,0.02719717925293952,1.2963356613745933e-05,5.4494926674248606e-06,8.812338653230415e-07,0.0008290058171014405,2.9532386514105906e-07,1.2827106885329206e-06,0.00011091235742626839,0.0007179294997390399,7.50601627279426e-06,0.0003639028831257858
69,5.981121586294865e-06,6.156345883554729e-06,4.735561945974981e-06,8.35633266246112e-05,7.765326113497482e-05,0.9457341930341232,2.8264673727299277e-05,4.215223568836434e-06,0.03457893504181527,0.0031333779888553744,0.00010671125232213171,4.129424447263902e-07,3.339118954299012e-07,1.2865968621064829e-05,0.013241260211547836,2.3880945058972118e-05,5.78444523235646e-06,3.1289227997342124e-06,0.0006423040338482747,1.2194360399821958e-06,4.1808027332614015e-06,5.244823812100473e-05,0.0016983141709219392,1.7647997184951273e-05,0.0005324311419628435
70,3.380178785217173e-06,2.7655800122796206e-06,7.325147282299939e-07,0.00012003445930375617,0.0002073184038625868,0.9226061755304313,2.6457978541038852e-05,1.0750274499045594e-06,0.048993209238637106,0.0004675985959508622,9.05808442821019e-05,2.986489355909797e-07,9.955826857617815e-08,3.5632397970749026e-06,0.025997057152063935,2.882732674324413e-06,1.7581791893232254e-06,4.0156165322861786e-07,0.0002462555071078428,2.272118887128237e-07,5.58836213977867e-07,3.559241315294264e-05,0.000908244954015268,7.392993375378323e-06,0.00027633865967969395
71,4.0622011574776644e-06,1.6174754352234013e-05,5.893038260015672e-06,0.00012194937512678419,0.0004836459372354832,0.7994783348407712,6.819905398658352e-05,4.285808809301462e-06,0.1773058144834789,0.004605450872284806,0.0001394779545257229,7.344433245172736e-07,4.840843244787011e-07,5.8278372239283966e-05,0.01323505998221655,2.237922214944679e-05,5.112996442599437e-06,4.394760669772351e-06,0.0006777893232989574,2.9418380797517313e-06,8.588626869413334e-06,6.73420645175765e-05,0.0024524413936528734,5.2688362331092505e-05,0.0011784762098950698
