,0,1,2,3,4,5,6,7,8,9,10,11,12,13,14,15,16,17,18,19,20,21,22,23,24
0,2.7024884921202983e-10,0.008884315311389425,5.4433765390535e-09,1.8937978637684632e-06,7.280530129963739e-06,0.9255722718163595,1.1361765961827594e-07,5.183862360819669e-09,0.00014250512109918322,5.5347298618808676e-08,1.048309010566106e-08,3.2451275744555366e-07,6.523735289996308e-13,4.140101103366087e-08,0.0012400630595761281,2.508277814754554e-06,8.187882337390846e-07,0.0002968525978897077,1.2020989997916097e-05,2.2838079923834814e-09,0.010969246155855934,0.00019446105726041724,0.05245647140765665,1.7106755984683861e-06,0.00021702186950946583
1,3.429580934313026e-10,0.02030882503085732,1.0322141774547026e-08,1.1319349201243285e-06,1.256832666077864e-05,0.9110769716346251,1.2003034109552654e-07,4.805794871876964e-09,0.00017099350131361208,5.75496213390309e-08,1.3164653059475073e-08,4.506793922580878e-07,5.953110113368365e-13,7.105761801654962e-08,0.002082781773430225,1.9944934832453332e-06,1.0274151480556712e-06,0.00020788025535815598,2.2667777077598315e-05,1.8325901825966216e-09,0.01197251021138883,0.0002880133447836869,0.05338136589765162,2.3156817152671084e-06,0.00046822293588029537
2,3.4708129482263607e-10,0.036918124338808825,1.2793046277024548e-08,1.1331963276114974e-06,2.0472823713919088e-05,0.8279089635662173,1.3384051627495362e-07,7.809804966314076e-09,0.00021881302767618057,7.838564528690956e-08,3.695954039734012e-08,1.0790322782837244e-06,6.522742082293504e-13,2.3613615622086146e-07,0.008139130910034528,1.3475654265011347e-06,1.148309417315365e-06,0.00035991430379494273,1.705670411564917e-05,4.1388836697898495e-09,0.021133394044563387,0.000347706350855812,0.10366536719077857,2.6925760545726087e-06,0.0012631456486098685
3,2.6252041982691794e-10,0.0234952443452691,8.433355316500716e-09,1.0186654406218646e-06,1.0551766787983861e-05,0.8855949767980281,1.4747944840362126e-07,4.5306532839638594e-09,0.00011895490776091903,4.35634595381864e-08,1.3337087187493329e-08,7.296445647609706e-07,5.016713929138689e-13,1.1325521800556885e-07,0.0028754203368019813,1.6351709407635137e-06,1.1794159668330588e-06,0.0002735500504342252,1.5220633859764649e-05,2.009826290437762e-09,0.016825317732206375,0.0003645675699993878,0.06973898994488438,2.967563605004008e-06,0.000679342581379535
4,3.055566059575188e-10,0.02326613614571344,9.211722269673745e-09,1.0611154075807577e-06,1.1630572328526301e-05,0.8863870942445238,1.6266456936527095e-07,5.129672903959939e-09,0.00012233089033398566,4.671596229338691e-08,1.392637741499292e-08,7.803041614775021e-07,6.334025762599148e-13,1.2739555154633728e-07,0.0028318519927807892,1.8173364346533038e-06,1.324655989925329e-06,0.0003007064683962908,1.707859074455929e-05,2.2514789616145264e-09,0.01701011100412639,0.0003682834760576689,0.06898920369262433,3.3335889032235314e-06,0.0006868883199487582
5,2.924366198952459e-10,0.022387384571830617,7.022509309332446e-09,1.3340457428631746e-06,9.373019677804762e-06,0.8915073245525442,1.3940333169774694e-07,5.120494825470106e-09,0.00011047130943317432,4.0556877122207506e-08,1.3778835738425158e-08,6.674722378589098e-07,5.771317969926984e-13,1.0429533892289632e-07,0.0026065395143937014,1.8393013361868363e-06,1.2076806319646577e-06,0.00037717486671952675,1.508288639497918e-05,2.214792527128404e-09,0.01602859704455252,0.0003729914917870261,0.06602782372122991,2.7777187628643965e-06,0.0005490981175308774
6,2.6252041982691794e-10,0.0234952443452691,8.433355316500716e-09,1.0186654406218646e-06,1.0551766787983861e-05,0.8855949767980281,1.4747944840362126e-07,4.5306532839638594e-09,0.00011895490776091903,4.35634595381864e-08,1.3337087187493329e-08,7.296445647609706e-07,5.016713929138689e-13,1.1325521800556885e-07,0.0028754203368019813,1.6351709407635137e-06,1.1794159668330588e-06,0.0002735500504342252,1.5220633859764649e-05,2.009826290437762e-09,0.016825317732206375,0.0003645675699993878,0.06973898994488438,2.967563605004008e-06,0.000679342581379535
7,7.32627391935067e-10,0.03475439963988308,2.0157513155510443e-08,1.9402541417629783e-06,1.978276814645392e-05,0.9011340449032379,2.4432621492866304e-07,1.0312295786716981e-08,0.0001898898065617096,1.3122062360106357e-07,2.8636850545655315e-08,8.398846684906888e-07,1.3745425203554055e-12,1.462156570808801e-07,0.0032891967997743534,2.236789547537572e-06,1.7740090957231179e-06,0.0002346512941562627,3.522346991203863e-05,3.374595589379008e-09,0.011014753645691456,0.0005920105898202642,0.04778500397327692,4.202162814255489e-06,0.0009394650315190574
8,5.243465534957915e-10,0.023108575848524538,2.6091754268665057e-08,1.4150500773350418e-06,1.768053746696259e-05,0.798751016956629,3.0879308293646206e-07,5.187794753474114e-09,0.00013723202909844223,1.3641283542782012e-07,2.256847137481452e-08,1.56143940003101e-06,8.274221365010252e-13,3.184287884189092e-07,0.003641962304455419,1.6010862487043563e-06,2.382172697058926e-06,0.0001585637737101186,1.4542486944042348e-05,3.790792943890492e-09,0.03267380468457267,0.00046454801520186983,0.13898587003717683,7.75459632372908e-06,0.0020306671827791598
9,5.300130732883249e-10,0.03095007618164891,1.616240074003946e-08,1.584477774435524e-06,1.6316395596391593e-05,0.7817586127954618,2.1860609162158187e-07,5.6205252818219545e-09,0.0001675443059142596,1.2645884861313495e-07,3.1283737618881086e-08,1.2920320908084017e-06,5.616525138898987e-13,3.1269879149504216e-07,0.0058001322283554695,1.2016299140814028e-06,1.8894285502523172e-06,0.0002119948608855659,1.4070641281583583e-05,3.3164171010922253e-09,0.027286034570729003,0.0004859172344705341,0.15103212358192375,5.212946819270628e-06,0.002265282011196753
10,2.6252041982691794e-10,0.0234952443452691,8.433355316500716e-09,1.0186654406218646e-06,1.0551766787983861e-05,0.8855949767980281,1.4747944840362126e-07,4.5306532839638594e-09,0.00011895490776091903,4.35634595381864e-08,1.3337087187493329e-08,7.296445647609706e-07,5.016713929138689e-13,1.1325521800556885e-07,0.0028754203368019813,1.6351709407635137e-06,1.1794159668330588e-06,0.0002735500504342252,1.5220633859764649e-05,2.009826290437762e-09,0.016825317732206375,0.0003645675699993878,0.06973898994488438,2.967563605004008e-06,0.000679342581379535
11,2.8887387588269405e-10,0.021126155733126883,8.384388523493197e-09,1.0119880701638786e-06,1.0531751041462023e-05,0.8969236136963162,1.5924519408012162e-07,5.172241256352354e-09,0.00012100782690855126,4.844109195068338e-08,1.274447938788044e-08,7.369412639774769e-07,6.30962958782166e-13,1.096885814197628e-07,0.0025946586199008938,1.7918144676071704e-06,1.277250516768646e-06,0.000287933658883666,1.682678962670954e-05,2.103127513643903e-09,0.015132619028220488,0.0003647163102555214,0.06279440926809221,3.2538742484668342e-06,0.0006191093804515976
12,3.02366932388083e-10,0.05121474727587383,9.733329623275648e-09,1.5553481716007326e-06,1.629658367767953e-06,0.9283211736625723,4.70672372685612e-08,2.139798588952173e-08,0.00011190068634806627,7.338852993572007e-08,1.2764674130245077e-08,4.350370250006788e-07,4.711861698807826e-13,1.0401928650665325e-08,0.0038792604277346236,2.0613233040175263e-06,8.568680420888689e-07,0.00010336672988619326,4.588170357334102e-05,5.471025631011141e-10,0.0063090143647181055,0.001590218937760064,0.008257938238096188,1.210187024798475e-06,0.0001585739478759946
13,1.710015235506182e-09,0.02945529411526303,6.376079444271917e-08,3.836614954292446e-06,3.949907778859861e-05,0.48368887990551107,3.341977799568349e-07,2.250307302472276e-08,0.00020713503501818003,2.086181753251893e-07,5.866341580656835e-07,6.2072575117824445e-06,2.8452346569898974e-12,3.1403161113572644e-06,0.04102808319895382,4.014857517611404e-06,2.3579887409608106e-06,0.0011780422289594896,1.6475237469027238e-05,3.137321494263031e-08,0.07950682429329906,0.0003098056257840451,0.36217747092739194,4.751353460577397e-06,0.0023669331662088664
14,2.938972833571665e-10,0.07008677332589866,1.4826803282208278e-08,1.615815459150091e-06,2.8775899668914662e-05,0.8820458095242949,6.144837875720488e-08,5.772222772162163e-09,0.00017229147399131485,3.3731728866252416e-08,2.9325807673063827e-08,2.866511326722742e-07,9.885159483921245e-13,5.431883309668367e-08,0.00293613175590434,2.1515479449248396e-06,8.847623925763282e-07,0.0004869498207398293,4.4419189791020386e-05,3.7266377487012185e-09,0.010049108365337598,0.0003616353030455533,0.033475855678315077,1.0783077147087706e-06,0.00030602913307091776
15,2.6252041982691794e-10,0.0234952443452691,8.433355316500716e-09,1.0186654406218646e-06,1.0551766787983861e-05,0.8855949767980281,1.4747944840362126e-07,4.5306532839638594e-09,0.00011895490776091903,4.35634595381864e-08,1.3337087187493329e-08,7.296445647609706e-07,5.016713929138689e-13,1.1325521800556885e-07,0.0028754203368019813,1.6351709407635137e-06,1.1794159668330588e-06,0.0002735500504342252,1.5220633859764649e-05,2.009826290437762e-09,0.016825317732206375,0.0003645675699993878,0.06973898994488438,2.967563605004008e-06,0.000679342581379535
16,2.886761092504037e-10,0.010800042363736951,1.3070388792039907e-08,1.228123242055994e-06,9.469022711356962e-06,0.8344584845620144,2.1307430002760536e-07,6.622566896035932e-09,6.676564453633018e-05,4.0090183748952626e-08,2.0979312386865145e-08,1.6892159616888106e-06,1.1560426544320694e-12,2.5602775576390435e-07,0.0037895471745507925,4.1266689760272956e-06,1.4809923092294666e-06,0.0007520027673432927,1.1953533574077436e-05,5.214779977065443e-09,0.04301954444098364,0.00024799643200284707,0.10647073091697286,4.456357867235654e-06,0.0003599264140975524
17,5.528671151754692e-10,0.027027116778600882,1.4643141425533695e-08,1.83635606225056e-06,1.8963150486190096e-05,0.8183221688404962,4.4799481098828793e-07,5.528833689926689e-09,0.00011993909384506562,5.074180516900252e-08,2.4891030171918397e-08,1.924294143563396e-06,9.096814872824382e-13,4.78368853548071e-07,0.0035152132688449876,2.369492614033224e-06,2.0246127475000965e-06,0.00032975450938391,1.2450208584691284e-05,4.071677094126357e-09,0.02551148335789944,0.0004651913568722475,0.1229216870274419,6.085015408495505e-06,0.0017407658426397187
18,4.478097816346096e-10,0.04341341329270752,6.624504426730255e-09,9.083265915635904e-07,1.3920460346213901e-05,0.8210577814418532,2.3372539182048762e-07,3.655830882241456e-09,0.00015398487261310593,5.979722016698388e-08,1.514088332212711e-08,8.577942366869189e-07,4.939185264996201e-13,2.4045714898921214e-07,0.0030961627225838855,8.993334855897479e-07,3.589769991791878e-06,0.00031320921732539027,2.2390219754622042e-05,1.9915276667314916e-09,0.012804142327380625,0.0007799103399473295,0.1150744480031846,6.036377229987133e-06,0.0032577836599570493
19,1.914669070089435e-10,0.011712790434262998,7.449997216113532e-09,7.948119441612339e-07,7.114804969317254e-06,0.9413539708924642,1.904054056009515e-07,4.110774298164268e-09,8.627761191549165e-05,6.381717463255787e-08,6.697722395343347e-09,6.69572207952752e-07,5.539952839227554e-13,5.382538782081659e-08,0.001249803353524883,1.341422653237178e-06,9.801254483686757e-07,0.00011992893803822996,1.10752393357453e-05,1.5304477311503696e-09,0.00924521048448571,0.00035191363329397263,0.03538118198588874,3.349300455739121e-06,0.00047326936018065474
20,1.720211866063133e-10,0.041920438019638774,7.271279005624049e-09,1.0051529238382631e-06,5.052679032926661e-06,0.8732575721677108,9.172041713651992e-08,7.520732176990326e-09,9.757234084176664e-05,3.1441122484666227e-08,1.5295840582275583e-08,1.0372802616652265e-06,3.482029247442717e-13,8.169493904105707e-08,0.006494730475708915,1.4585992760504711e-06,8.510082548091188e-07,0.0003047444683687167,1.2255043459084986e-05,1.5529524352774038e-09,0.02316263993623885,0.0006338095934866995,0.053589395981735274,2.120376109808756e-06,0.000515080207299626
21,5.661722317355767e-10,0.022829560580055863,1.4757003014051432e-08,2.424786949834287e-06,1.562094106081172e-05,0.819193341274851,2.1670778734448433e-07,7.801470928727297e-09,0.00014443755325698748,5.028287096566838e-08,4.434225966182176e-08,1.405314803167401e-06,9.604641224781827e-13,3.1962516135197536e-07,0.005436732341110174,3.584064340798636e-06,1.3335618809612554e-06,0.000626651981157979,1.4911071045621294e-05,5.4681177678335335e-09,0.030229650703008454,0.00032032926284760035,0.12048115252925605,2.9504316164941362e-06,0.0006952540509544663
22,3.304105907177338e-10,0.018307147501432707,1.4078469070217651e-08,1.87183210510378e-06,1.0762806460511245e-05,0.8392533964513558,1.5812563245859045e-07,5.1460254878896474e-09,0.0001084048730843267,6.849797182846532e-08,2.9702415511184827e-08,7.930759909343304e-07,7.987975776359097e-13,1.3903756499907124e-07,0.003259519289104524,2.516284047651708e-06,1.8399063039434713e-06,0.0004513856028665398,1.500834934658295e-05,4.679905616086189e-09,0.027692148492819164,0.00036078350224320866,0.1099520122228347,3.068193263038594e-06,0.0005789220175472275
23,2.6252041982691794e-10,0.0234952443452691,8.433355316500716e-09,1.0186654406218646e-06,1.0551766787983861e-05,0.8855949767980281,1.4747944840362126e-07,4.5306532839638594e-09,0.00011895490776091903,4.35634595381864e-08,1.3337087187493329e-08,7.296445647609706e-07,5.016713929138689e-13,1.1325521800556885e-07,0.0028754203368019813,1.6351709407635137e-06,1.1794159668330588e-06,0.0002735500504342252,1.5220633859764649e-05,2.009826290437762e-09,0.016825317732206375,0.0003645675699993878,0.06973898994488438,2.967563605004008e-06,0.000679342581379535
24,4.91149254731834e-10,0.030693404438765018,1.1555049328724441e-08,2.0630711230358623e-06,1.7426699868447263e-05,0.8767883970685226,1.927554640205679e-07,5.666132934048785e-09,0.0001311777455321082,5.273486121282648e-08,2.262015454209685e-08,8.65117479003623e-07,8.200968258669628e-13,1.816703538467187e-07,0.0027617949913169857,2.124549514245834e-06,1.4797964493954474e-06,0.0003499875368564263,1.8226380594224293e-05,3.429049245725383e-09,0.016072896425852357,0.0004199602783772867,0.071866186631423,3.207456600139417e-06,0.0008703308886910744
25,9.06699690274858e-10,0.022202617375591056,2.110540457683867e-08,3.186530259381507e-06,2.2648620632327998e-05,0.8167231228014281,4.3707719260195114e-07,1.405694854247473e-08,0.00015474914814641747,1.3272239385494403e-07,8.688146583870492e-08,2.5035266696581924e-06,2.07942076477045e-12,6.409403174280735e-07,0.007307575282368835,3.5165255012217627e-06,2.189582409557649e-06,0.0006764674287930148,1.6527473778318565e-05,1.0528976000941356e-08,0.025386925909989484,0.00043629559123531224,0.12574074666290422,5.306286634242631e-06,0.0013142770321807502
26,1.7895429009093772e-10,0.01356164987719151,3.6058698724117345e-09,5.733107673795661e-07,7.760311005917744e-06,0.9020801229605245,9.368799131055785e-08,2.3511925220326397e-09,0.0001507864237168025,3.7615573448840155e-08,5.3281137533472505e-09,2.675568668670253e-07,3.3918689088354535e-13,4.460469981077481e-08,0.0012245200515417583,9.66617090139204e-07,1.0302215882412291e-06,0.00024395199403329059,1.371670716700298e-05,1.071317811559868e-09,0.009650911463205616,0.0002237523373390465,0.07233318922449235,2.4138484688891433e-06,0.0005041986509485453
27,2.499390527209256e-10,0.04034836751781725,5.510246995759042e-09,9.880414642239385e-07,8.607041451406234e-06,0.8931668937534657,1.1545870425192528e-07,5.11468097190805e-09,0.0001626718758934314,3.924778669014106e-08,1.2910197314281668e-08,5.707333053797152e-07,3.1487475546867184e-13,7.629868212486404e-08,0.0035882861883522496,1.0949532665240203e-06,9.465405475340289e-07,0.00020803523678793997,1.6665428485208788e-05,1.191912096900551e-09,0.010024214125207485,0.0005305702166759074,0.05105936274728481,2.04906295949683e-06,0.000880420554571271
28,2.6252041982691794e-10,0.0234952443452691,8.433355316500716e-09,1.0186654406218646e-06,1.0551766787983861e-05,0.8855949767980281,1.4747944840362126e-07,4.5306532839638594e-09,0.00011895490776091903,4.35634595381864e-08,1.3337087187493329e-08,7.296445647609706e-07,5.016713929138689e-13,1.1325521800556885e-07,0.0028754203368019813,1.6351709407635137e-06,1.1794159668330588e-06,0.0002735500504342252,1.5220633859764649e-05,2.009826290437762e-09,0.016825317732206375,0.0003645675699993878,0.06973898994488438,2.967563605004008e-06,0.000679342581379535
29,2.6252041982691794e-10,0.0234952443452691,8.433355316500716e-09,1.0186654406218646e-06,1.0551766787983861e-05,0.8855949767980281,1.4747944840362126e-07,4.5306532839638594e-09,0.00011895490776091903,4.35634595381864e-08,1.3337087187493329e-08,7.296445647609706e-07,5.016713929138689e-13,1.1325521800556885e-07,0.0028754203368019813,1.6351709407635137e-06,1.1794159668330588e-06,0.0002735500504342252,1.5220633859764649e-05,2.009826290437762e-09,0.016825317732206375,0.0003645675699993878,0.06973898994488438,2.967563605004008e-06,0.000679342581379535
30,2.6252041982691794e-10,0.0234952443452691,8.433355316500716e-09,1.0186654406218646e-06,1.0551766787983861e-05,0.8855949767980281,1.4747944840362126e-07,4.5306532839638594e-09,0.00011895490776091903,4.35634595381864e-08,1.3337087187493329e-08,7.296445647609706e-07,5.016713929138689e-13,1.1325521800556885e-07,0.0028754203368019813,1.6351709407635137e-06,1.1794159668330588e-06,0.0002735500504342252,1.5220633859764649e-05,2.009826290437762e-09,0.016825317732206375,0.0003645675699993878,0.06973898994488438,2.967563605004008e-06,0.000679342581379535
31,3.3777411919479097e-10,0.03768825422566747,1.4603244024387884e-08,1.1139452207809872e-06,9.798696777424925e-06,0.8806304462368929,1.224275048886357e-07,9.744310708149843e-09,0.00012324936715320383,3.90949005643259e-08,1.573666018082759e-08,1.068387149987835e-06,8.89908768961008e-13,1.203317824396426e-07,0.004491374052895115,2.6525668993231597e-06,1.2429830321467316e-06,0.0003791624353679101,2.568499378779248e-05,2.2140286365402672e-09,0.023440579151665714,0.00048788917064262826,0.05221217725435742,3.285931170969596e-06,0.0005016961102238617
32,2.9058521124677195e-10,0.026374834538202753,8.69732154134719e-09,9.96981542996248e-07,1.0839451616579834e-05,0.8917294693586889,1.368030660259235e-07,4.749223052580722e-09,0.00012372324632123861,4.2756227988427805e-08,1.240441336243618e-08,6.625357549735177e-07,5.571354144925675e-13,1.0259302045830478e-07,0.002667438883252824,1.7072495498196348e-06,1.2637449184214728e-06,0.0002833759130339368,1.9142418406630524e-05,1.848340740124754e-09,0.01538841624028862,0.00039186542552563174,0.06236080725905433,3.0485347078994066e-06,0.0006420980763786952
33,2.1359865981550338e-10,0.01916797576253507,3.052495627811195e-09,6.160790001522968e-07,3.3722409848077807e-06,0.9645424950754031,1.4450213024037945e-07,3.4252513877948487e-09,2.6762003651665357e-05,1.2351844633918128e-08,7.874134594531232e-10,3.2498210982052756e-07,9.24494950410684e-13,2.326211669799337e-08,0.00023424523478434583,3.4537664536087317e-06,2.9226278923680986e-06,0.00032143940959816324,5.299300650364922e-05,4.6224700721913536e-10,0.004871361594617717,0.0009122650474903581,0.00970893222051898,7.555083684587402e-06,0.00014309780674934025
34,3.457314344825108e-09,0.07292573692499234,3.579914369151192e-08,3.0283013178412412e-06,5.107244029513372e-05,0.7806609562801577,1.8027676274730374e-07,1.444555233255714e-08,0.0004308662238572489,1.0758471756031961e-07,8.7188995467223e-08,9.436425626298251e-07,2.5333137088176475e-12,5.600280287729166e-07,0.007429579350318938,4.1150847446701305e-06,2.839143480680119e-06,0.0008042855012528942,0.00011031314647039659,5.211805290443632e-09,0.019853930162609636,0.00048010626439881225,0.11577793097278569,4.5455781400735225e-06,0.0014587569877618533
35,3.6695264681459413e-10,0.06356445210185488,2.5855000982916986e-09,1.0328127376823789e-06,5.9988572718676505e-06,0.9128140712427236,5.6531999291826676e-08,8.975442672496483e-09,0.00029945960796167744,2.568400109169979e-08,8.520010629137298e-09,2.3336652711117432e-07,3.340892175578466e-13,2.4190102600547206e-08,0.002486298176797992,1.1677264530426163e-06,6.29848312189013e-07,0.0002319598275714015,3.8896114994675594e-05,4.986069521587421e-10,0.0027476879890567297,0.0006410230820561452,0.016735171677727163,9.56722451131122e-07,0.0004308334925523958
36,2.5236977472136706e-10,0.025506881513502562,4.8085170524836984e-09,8.432315775346915e-07,5.513165543603329e-06,0.8946895494954283,2.993763195003119e-07,7.497616630164061e-09,8.206112174486385e-05,2.9102658262608714e-08,1.2649278916039144e-08,2.039224484730446e-06,6.067549605790546e-13,2.1304427003507972e-07,0.004057186291836605,2.0999207929534733e-06,1.9242954383190575e-06,0.0004979079686057636,1.374445863267343e-05,1.949734813007559e-09,0.014013519820783957,0.0007835202414702746,0.059358654499363527,4.996835190383168e-06,0.0009789892342320849
37,6.313238390405925e-10,0.01671751091775083,1.921945741723189e-08,1.5739842559120464e-06,1.540944585412445e-05,0.7750045340156608,4.136374843158945e-07,4.644668878521338e-09,7.577605272497402e-05,5.085079395527429e-08,1.739543763862796e-08,1.8821985075346486e-06,1.234932703152922e-12,5.222534546663119e-07,0.002684306888510043,3.789177591723215e-06,2.9374797961452634e-06,0.0004943281774713606,1.637103036178681e-05,4.164516148070392e-09,0.0460898578542871,0.00038353030897910053,0.1574741188548455,1.0252090814171109e-05,0.0010227887242168952
38,1.4223779019290798e-10,0.010819369328213606,5.403491197952836e-09,5.317925243933295e-07,4.696910488798663e-06,0.9061673747479175,1.2616162913161687e-07,3.2891343733986014e-09,7.351184704981779e-05,2.5435432236392044e-08,6.392333789041795e-09,6.550589052939093e-07,3.9157187944593856e-13,6.04365650928051e-08,0.002013002248889585,1.972096699620405e-06,8.924169694532801e-07,0.00027365975688534015,1.1368728385158846e-05,1.1595862220385592e-09,0.019118207365060213,0.0002603195525269371,0.06097774157324205,2.7452317625204905e-06,0.0002737229236784969
39,1.6118017313003007e-10,0.01985058170519377,7.142150015055721e-09,7.62195861663703e-07,7.027040324177518e-06,0.9043101870826153,1.0569842218159777e-07,3.771172422662343e-09,8.618635882351373e-05,2.8548725718560656e-08,7.765338787487013e-09,6.300702507552617e-07,3.8996317376627976e-13,6.746280046879671e-08,0.002208207663842624,1.6108751252236874e-06,9.66652671433127e-07,0.00023412817691346728,1.2996449980935773e-05,1.4736777105156557e-09,0.018498897280094587,0.00032913926359121916,0.05403517350391312,2.4834353465901583e-06,0.0004208002215940383
40,6.240439036233957e-10,0.07211801240613049,2.9386911442779484e-08,1.100267613729554e-06,4.104426656977643e-05,0.7535538065143534,2.751137424864501e-07,5.627678848993638e-09,0.00015060526669856956,4.510854986836141e-08,3.808111002711624e-08,2.2761692662350877e-06,9.477425893493115e-13,7.61877052951951e-07,0.007635193307531859,1.804374199932974e-06,2.0267394498380653e-06,0.0003523832006479566,2.6017196373246157e-05,4.548566534985398e-09,0.034037463293854965,0.0005196045498651508,0.12882236442833014,5.778714515701579e-06,0.002729358935995437
41,1.5791524561668775e-10,0.015414603795848107,7.089560197551121e-09,6.205024900858254e-07,5.947794788297534e-06,0.8821487192115273,1.6801307766283142e-07,2.91085973362604e-09,7.078034713128038e-05,4.0334301413221055e-08,7.498010890415176e-09,9.097398370276239e-07,3.6310748721761907e-13,9.410267711217986e-08,0.002135740071048631,1.2162710887729572e-06,1.4462443655353794e-06,0.0001945168123187377,9.821680042126406e-06,1.5276540205841675e-09,0.020840195406682572,0.0004120504925783067,0.07800642900194643,4.167029962564833e-06,0.0007525139639247667
42,1.0698490318261444e-10,0.044201161775349565,5.781355949713079e-09,7.964201664454175e-07,2.471483942763846e-06,0.9348220707512301,3.401237329565412e-08,4.603163281249737e-09,6.353976352910388e-05,1.1522504656857913e-08,2.8726316878237826e-09,2.48528942093057e-07,2.1438320146310852e-13,9.605290805704003e-09,0.0011863577945388753,1.953196614859757e-06,6.177066540761869e-07,0.00011551476588100909,2.841130487393275e-05,3.809775274824696e-10,0.008546404310894607,0.0006876976547708093,0.010224326621190185,1.031667255655041e-06,0.00011732736866940238
43,4.8322249110516e-10,0.042816107589498824,1.1848949267248117e-08,1.4872859887378988e-06,1.7763318629812164e-05,0.8275407582696079,2.2568529774779628e-07,5.771243378526798e-09,0.00016914906975113692,4.539084511397677e-08,2.9696392076985815e-08,1.1640531975639924e-06,5.962656067485908e-13,2.945094614817961e-07,0.005240805674415964,1.8929370107554582e-06,1.45197341765316e-06,0.0003828880617166329,1.8680073591567174e-05,2.795145174512122e-09,0.01857667705284797,0.0004803427878387894,0.10324646998005542,3.4963513347947324e-06,0.001500249339943557
44,2.6252041982691794e-10,0.0234952443452691,8.433355316500716e-09,1.0186654406218646e-06,1.0551766787983861e-05,0.8855949767980281,1.4747944840362126e-07,4.5306532839638594e-09,0.00011895490776091903,4.35634595381864e-08,1.3337087187493329e-08,7.296445647609706e-07,5.016713929138689e-13,1.1325521800556885e-07,0.0028754203368019813,1.6351709407635137e-06,1.1794159668330588e-06,0.0002735500504342252,1.5220633859764649e-05,2.009826290437762e-09,0.016825317732206375,0.0003645675699993878,0.06973898994488438,2.967563605004008e-06,0.000679342581379535
45,2.1127427266027412e-10,0.018416007852995908,6.5410347243579444e-09,8.52754777845464e-07,6.853891775227552e-06,0.9241120863445591,1.5338697768794843e-07,6.94310575529947e-09,0.0001021503483273105,4.163763561965829e-08,9.685907183560867e-09,7.45943032189516e-07,5.945388499174731e-13,7.590215513577436e-08,0.002792286784156545,2.046621875164867e-06,9.34406475979586e-07,0.00029120147589299395,1.583243925384866e-05,1.5921051336024646e-09,0.012777165910470893,0.0003856541670136231,0.04072185742279228,2.928856079800205e-06,0.0003710988797311255
46,2.2709055902108352e-10,0.010370192303628152,5.681082505177862e-09,1.1382061155471475e-06,3.482127815630211e-06,0.9436597070274471,1.2083015019368488e-07,2.8913877477779207e-09,4.125145586551387e-05,4.188376318020305e-08,4.192264136200194e-09,5.226143376875826e-07,5.945630129274696e-13,3.348974123029605e-08,0.0005619262576036067,1.6755497575147896e-06,2.282825242229213e-06,0.00015396309482928493,1.3477968664219217e-05,1.3451326854013678e-09,0.01236543420803229,0.0005170697740376645,0.03200438100463081,3.6734733303422374e-06,0.0002996115674558901
47,2.540632021025756e-10,0.0238518126109445,8.441350839829761e-09,1.0077165807759877e-06,1.124082964700664e-05,0.8807998150005674,1.4727382821286675e-07,4.513582382033625e-09,0.00012445492024708318,4.458524258002256e-08,1.4420781294547998e-08,7.28128787771109e-07,4.853498220284044e-13,1.2021151653695714e-07,0.0031145122858307226,1.5593998421716467e-06,1.1399447223662824e-06,0.0002790924811104687,1.4617878752486619e-05,2.1208733441450136e-09,0.017034693554103385,0.0003488357650927289,0.07369387790754635,2.8683391195900256e-06,0.0007194014153815187
48,4.219484675922023e-10,0.026280643042037602,1.9936141332503805e-08,2.287761303298326e-06,2.852879275452856e-05,0.678916306105571,2.3977573929162947e-07,5.024967507856436e-09,0.00018903157501679531,4.701333726823356e-08,9.59079994334124e-08,1.6658383919871123e-06,5.242839583182698e-13,6.217422797411815e-07,0.01076333640036286,2.148661897190255e-06,7.302114901200698e-07,0.0004450339110485763,7.079847650601559e-06,7.57007523978582e-09,0.04317101561311962,0.00019079636286530572,0.23859902564567326,1.9062832569303387e-06,0.001399426554547839
49,1.2349960795062372e-10,0.021022988221267115,6.724307613954626e-09,7.037087518962434e-07,5.577051487902421e-06,0.9274014993498759,9.644839027583008e-08,3.368661862556548e-09,7.207570513902042e-05,2.8943032440744674e-08,5.920828493320716e-09,6.058425514296137e-07,3.341040538812249e-13,4.059556507044699e-08,0.0016609864912421714,1.2391714250312197e-06,8.326777865800981e-07,0.00014556553022284353,1.129661776780527e-05,1.2166672873421763e-09,0.013607105198330267,0.00041913166575725536,0.03527020278844043,2.174651452118126e-06,0.00037783198721552696
50,7.006038302267576e-10,0.011350764583877565,1.1850894987900526e-08,1.3717868856480741e-06,1.7227437309664365e-05,0.8922456323265995,5.53618265978333e-07,9.278305437295604e-09,0.0001463963103222132,1.7902701709274771e-07,2.359542770683079e-08,1.457430201451781e-06,1.640268141224183e-12,3.367748483659194e-07,0.002826923722986528,2.275042935644025e-06,2.3707068581597188e-06,0.0003372435524273761,1.9033146708690947e-05,4.434365255308738e-09,0.011273937088713746,0.00038926501103914727,0.08004616739897814,8.66809830933275e-06,0.001330147074478721
51,2.3043922077247468e-10,0.008623821458754665,8.701905546568136e-09,5.646371555084439e-07,1.2274653718979525e-05,0.8811480187120505,2.128925528170576e-07,2.9339562642950993e-09,9.949984997796937e-05,5.9011770498450566e-08,8.6098904580663e-09,7.564034264534763e-07,6.574761142980937e-13,1.3855717755872733e-07,0.0016240368359961802,1.7133418548239799e-06,1.4148841266064083e-06,0.0002451151449316269,1.3164614449835225e-05,2.283195945401187e-09,0.017100697421198435,0.00019671694107311824,0.09030380734395911,4.9614738273379084e-06,0.0006230030619528472
52,2.8254176379969516e-10,0.011908361517733817,5.397230396743658e-09,1.1178191608132583e-06,8.564513459662066e-06,0.9302811186420061,1.1481306532532118e-07,7.93320987782328e-09,0.0001336314192231294,7.91312326590068e-08,1.577024279349282e-08,5.893988574123577e-07,6.95715823959108e-13,7.667852176356781e-08,0.002931015292305164,1.6592913669808868e-06,8.04481948380798e-07,0.0003764160819001612,1.4836312578893545e-05,2.6371178207715435e-09,0.009714356780229753,0.00025628495911456356,0.04404428983308063,2.1849935413372686e-06,0.00032446601963501674
53,1.8290742652468252e-10,0.006293838502283398,9.293764454849537e-09,1.017393239815355e-06,1.110986839338712e-05,0.7722616245771697,3.4085002140840483e-07,2.6488012464044433e-09,8.462542829371409e-05,4.821253532576161e-08,1.7923498770083377e-08,1.2803853370496072e-06,5.558338198250475e-13,2.4613186089019533e-07,0.0024950994941674133,2.0658884814627413e-06,1.0582858661667336e-06,0.0003288449106261798,4.479383908527474e-06,4.557911269029592e-09,0.03277700484187813,0.00015609410732338335,0.18488109260861357,3.896465165436816e-06,0.0006961980573958396
54,1.826730477004686e-10,0.006303324660012499,8.40623190892288e-09,9.064270099257021e-07,9.689391586078093e-06,0.8904155701495902,1.22921412539166e-07,3.3004499726379726e-09,7.430574554895336e-05,5.2601773958362425e-08,1.1839811054540759e-08,5.750845102553187e-07,8.427411775695497e-13,8.358329652577094e-08,0.0014341807356802797,2.148450953950744e-06,1.1355613600489272e-06,0.0004138495247612191,1.0556515526447061e-05,3.96864182755806e-09,0.02117676883072349,0.00014480095233350583,0.07976920833746233,2.784640187228271e-06,0.0002399081876200566
55,1.9479882073483655e-10,0.011580923005572324,4.5793274264269665e-09,6.884895654791524e-07,8.187648383085196e-06,0.9166225152247817,2.4084549764509247e-07,5.078202963473381e-09,9.124514307725779e-05,2.6486575070572202e-08,8.272043294231886e-09,1.4123320918105219e-06,6.514763949372277e-13,1.529945506750268e-07,0.002169667503273719,2.21026915371148e-06,8.539382335623827e-07,0.000412316579435038,9.211109310073766e-06,2.1284024969630752e-09,0.011975782000861183,0.00026487046658357706,0.05634660925107647,3.5764031805836424e-06,0.0005094900553704292
56,2.774436417260433e-10,0.021351568468643424,8.280443909989168e-09,1.0446781952588678e-06,1.027216830727803e-05,0.8957129992080021,1.5336937046051436e-07,4.9828424939324095e-09,0.00011785092716374665,4.55119234453259e-08,1.2574117914240311e-08,7.25713929643509e-07,5.908258270127553e-13,1.0654203049171449e-07,0.002571996660527283,1.7629209999214233e-06,1.225011819592672e-06,0.0002825563818790846,1.5877345525061068e-05,2.0806298959191885e-09,0.015670207587877908,0.00036027927288711717,0.06328733188933082,3.083423916422992e-06,0.0006108847216023809
57,1.7022290000553337e-10,0.017141834004566273,1.450366835050297e-08,6.525551073571806e-07,1.1445567779811078e-05,0.9141439544979828,1.4511255436598693e-07,3.8177775454460035e-09,8.279298501407446e-05,4.3558752698305225e-08,8.077981844332176e-09,9.274800971397853e-07,6.869415210222849e-13,8.488033602522384e-08,0.00172202694358358,1.8868531059392722e-06,1.1779843178597655e-06,0.00016419402043703232,1.5144531208973721e-05,2.39942733546269e-09,0.01880090286793839,0.0003126188512570557,0.04712608527294856,3.544595231876544e-06,0.00047050846801512347
58,2.4420982488362745e-10,0.01776974797942824,7.583621303563382e-09,8.064825373196668e-07,9.304321582165547e-06,0.9038103595209226,1.5474914380230515e-07,4.260951965693618e-09,0.00010062443875629954,4.643813271508677e-08,8.718349868409714e-09,7.145388567736335e-07,5.772583417042923e-13,9.702780270295387e-08,0.0020413152668952205,1.6080722435435217e-06,1.2874620061164397e-06,0.00025425573918544647,1.560389502077745e-05,1.7771449389365226e-09,0.015086164402128956,0.0003503640175480772,0.059977027421613316,3.8117491782761875e-06,0.0005766838921625137
59,2.387123923140315e-10,0.019357356359969387,9.20837791700636e-09,8.729303587537469e-07,9.87870097210484e-06,0.8958630780479868,1.5615269877418642e-07,4.297737655659392e-09,9.726058845948768e-05,4.513976891332019e-08,9.86586214933858e-09,7.699542702275599e-07,5.948010762484785e-13,1.036713475374827e-07,0.002216447709517109,1.7238313845049645e-06,1.305480905285491e-06,0.00025587779308873943,1.5346268614370742e-05,2.021322425091749e-09,0.017837990707640698,0.0003593562362941193,0.06339732503243747,3.7419470945928757e-06,0.0005813378145837075
60,2.6252041982691794e-10,0.0234952443452691,8.433355316500716e-09,1.0186654406218646e-06,1.0551766787983861e-05,0.8855949767980281,1.4747944840362126e-07,4.5306532839638594e-09,0.00011895490776091903,4.35634595381864e-08,1.3337087187493329e-08,7.296445647609706e-07,5.016713929138689e-13,1.1325521800556885e-07,0.0028754203368019813,1.6351709407635137e-06,1.1794159668330588e-06,0.0002735500504342252,1.5220633859764649e-05,2.009826290437762e-09,0.016825317732206375,0.0003645675699993878,0.06973898994488438,2.967563605004008e-06,0.000679342581379535
61,2.53415098233137e-10,0.020471473755355248,9.680848911495343e-09,8.553183862499988e-07,1.0616093854928906e-05,0.8894577219272538,1.575372714555485e-07,4.192697383574163e-09,0.00010587083053162468,4.570024562414982e-08,1.0709056197050322e-08,7.704203292279127e-07,5.700189246858265e-13,1.1133192211119352e-07,0.0023996403756341963,1.6754457650073745e-06,1.2875489671266406e-06,0.000245280949253123,1.57637179549373e-05,1.9680698227347094e-09,0.01818883717100887,0.0003518862026750647,0.06810028293615203,3.669031414312835e-06,0.0006440269013674448
62,2.6252041982691794e-10,0.0234952443452691,8.433355316500716e-09,1.0186654406218646e-06,1.0551766787983861e-05,0.8855949767980281,1.4747944840362126e-07,4.5306532839638594e-09,0.00011895490776091903,4.35634595381864e-08,1.3337087187493329e-08,7.296445647609706e-07,5.016713929138689e-13,1.1325521800556885e-07,0.0028754203368019813,1.6351709407635137e-06,1.1794159668330588e-06,0.0002735500504342252,1.5220633859764649e-05,2.009826290437762e-09,0.016825317732206375,0.0003645675699993878,0.06973898994488438,2.967563605004008e-06,0.000679342581379535
63,2.662362402783742e-10,0.031414030767641876,8.051253889038838e-09,1.0076385438261155e-06,1.0166554184100054e-05,0.8844616919712548,1.2606340127655783e-07,4.6915928635761845e-09,0.0001328215474464603,3.859491974388729e-08,1.2884673891419629e-08,6.474889714363205e-07,4.542941212495007e-13,9.63637612951625e-08,0.0030723040337434144,1.5045421849278188e-06,1.143745500634872e-06,0.0002618943935145234,1.733115479109571e-05,1.6694361552296565e-09,0.015599985255145103,0.0004228388781067901,0.06389019029687816,2.6406129135649116e-06,0.0007095125334496607
64,1.9345354994848147e-10,0.01938313340171783,9.724198296555015e-09,8.210345888604356e-07,8.508530855559283e-06,0.8714666464939608,1.2444224540233894e-07,3.412102258426561e-09,9.037282556469937e-05,3.513866508286377e-08,1.0088727007368496e-08,7.815778302369128e-07,4.4567695642734566e-13,9.683024638047778e-08,0.0024613228364284,1.6435806810352685e-06,1.2012630815573719e-06,0.00022867174682801705,1.2130366863056227e-05,1.9093630044269716e-09,0.025797798177707564,0.00032057313466267716,0.0796699096947849,3.0524144282706063e-06,0.0005531511805697787
65,5.225030801000643e-10,0.022310657447769538,9.491051215386244e-09,1.3564041687833311e-06,1.3861298028128216e-05,0.9086959929435341,1.7950554944547268e-07,9.09550974347701e-09,0.00019568308251752817,9.71880767744441e-08,3.123816000234144e-08,7.883716086536033e-07,8.558473675682098e-13,1.4178957884217874e-07,0.0043202143711212745,1.987144964256051e-06,1.1412312731212147e-06,0.0003118714716552446,2.40894564618083e-05,2.6438083693373235e-09,0.009394424488052005,0.000375103792264754,0.05370450832092206,2.7062625634388563e-06,0.0006451424380021178
66,4.878522374299892e-10,0.0058928685385924665,2.5299859713068654e-08,1.1560817056075308e-06,3.891824555101189e-05,0.9258914287099596,3.5906912613371977e-07,3.2874440761176807e-09,0.00012056066512604021,1.1390068462863318e-07,1.1199444725045347e-08,5.304676129984789e-07,2.5199488819955058e-12,1.2663498621218405e-07,0.0005423897537441105,3.0677847715771268e-06,1.6968194503345495e-06,0.0001724957544880464,2.1784763689120816e-05,6.013756059050641e-09,0.01154660841100517,0.00012741571757819708,0.05521879893206672,5.337604994546479e-06,0.0004142958539907154
67,8.387501808752164e-10,0.02921384238827979,1.4146137427508562e-08,1.5891025110835482e-06,2.8752563839676438e-05,0.8989246165877944,2.201157734548092e-07,1.106155288200919e-08,0.00024994330159477387,1.1537177587795973e-07,3.447921639464574e-08,8.17388200499687e-07,1.4172002977777747e-12,2.2969386176169908e-07,0.004464647506773975,2.6130172029647313e-06,1.2638617328349369e-06,0.0003829505028248006,3.865530319756825e-05,3.4515218434785344e-09,0.009611013000340132,0.0003419369739711344,0.05596986285321905,3.711991925145482e-06,0.0007631544965852683
68,1.2541924668654229e-09,0.04937464791559998,1.5141722510920905e-08,2.3240952690505154e-06,2.7010075195743313e-05,0.8294508022462772,2.6936981326861473e-07,6.623390746530313e-09,0.00030137710801561536,8.84931402347765e-08,3.311635666679887e-08,6.182088614292023e-07,9.682557571907129e-13,2.6774281641837365e-07,0.003502199316724872,2.687834890250082e-06,2.621765125411663e-06,0.0003577901403851227,4.9085177220966657e-05,2.5038959601672536e-09,0.012008759700796913,0.000576731689300564,0.10265845273825906,4.75060832334098e-06,0.0016794571334578744
69,2.2007203952160036e-10,0.02255118857643582,7.668344188139612e-09,1.060726157492192e-06,9.810052332885676e-06,0.8673457540324618,1.203191042439983e-07,4.2959719556695325e-09,0.00012585948629746652,4.517567737731897e-08,1.7768599477217016e-08,7.041288429599667e-07,4.2278968525398727e-13,1.0696066533830707e-07,0.0036268703128228405,1.346966935397212e-06,1.047359190563806e-06,0.0003043541838152969,1.1626511810012171e-05,2.430335823236382e-09,0.01911481119544274,0.0003268144098559089,0.08588126273165442,2.2445556889742834e-06,0.0006949399310623386
70,3.06775420704985e-10,0.028685108338028398,8.681019327381734e-09,8.921211558967612e-07,1.1719374691049603e-05,0.8713768467660741,1.5074864835920557e-07,4.764835137982365e-09,0.0001236840167435062,4.64386088713165e-08,1.3580906755710256e-08,8.004917647993726e-07,5.624623863394961e-13,1.433728369888068e-07,0.0032940185723043876,1.5424472372582627e-06,1.5402986711741206e-06,0.00031682311903603584,1.9626941281669408e-05,1.9738643176634868e-09,0.017532731169681726,0.000427756746713462,0.07732598649178091,3.808230295343817e-06,0.0008767450064827997
71,2.38695052170958e-10,0.001200144041057954,2.716801399162902e-09,5.388161360741519e-07,1.33215164910483e-05,0.9584882322860812,1.4295071908687562e-06,3.4102999892161304e-09,0.00011748345731674647,1.7612589647968007e-07,3.5172986756353647e-09,5.232563270186903e-07,1.249534174225515e-12,1.0902134697581285e-07,0.00030685775855502517,1.319747172223903e-06,1.1778437319014314e-06,0.00011239081642820381,5.540439436163754e-06,2.57386970318337e-09,0.002239701132418164,0.00011163341255326754,0.036777296308744274,8.364729575819685e-06,0.0006137473253264651
