,0,1,2,3,4,5,6,7,8,9,10,11,12,13,14,15,16,17,18,19,20,21,22,23,24
0,1.602253134259356e-09,0.019894837100145685,2.288631216712989e-08,6.852971088139942e-06,0.00011089623523821704,0.758291546639419,4.769441980379347e-07,1.6912577501515246e-08,0.0006376299545718839,1.7880249480682668e-07,2.8495625796187225e-07,1.1004634884311916e-06,1.7990658455715048e-12,1.2571949168032282e-06,0.013104473100586326,4.695851480628723e-06,5.317567991375119e-07,0.0008437723112451168,1.4744751681007787e-05,1.7532298157337052e-08,0.015654739306385588,9.91565575656111e-05,0.19021976286952555,1.919515001370049e-06,0.0011110837826708354
1,2.004200189261797e-09,0.043269587367728464,4.103442068583397e-08,4.032415630162035e-06,0.00018554273901046995,0.7298132722477367,5.014520965222965e-07,1.5473573536173427e-08,0.0007628306816690805,1.817218765650702e-07,3.44595426719398e-07,1.476779775537302e-06,1.5788260408994589e-12,2.0947094356356847e-06,0.021216783093258022,3.651145490017512e-06,6.333607015198875e-07,0.0005671057146903693,2.6713510368507825e-05,1.348275018860485e-08,0.016063743696541156,0.00014121512568052565,0.18561021650349635,2.5009464976399174e-06,0.002327500196366547
2,1.691653793281951e-09,0.062026575975238044,4.305243541353565e-08,3.250083147389644e-06,0.0002559633065942112,0.5475482740684652,4.7603486667848057e-07,2.004254912878721e-08,0.000797402141408803,2.095831331150327e-07,7.996952248880966e-07,2.896922884591624e-06,1.4631115487827146e-12,5.798882694068027e-06,0.0649395273598124,2.032960432232711e-06,6.024024808948672e-07,0.0007953810102962595,1.686734517667676e-05,2.569213886016855e-08,0.022716966403600884,0.00013799358051307787,0.2955110840495141,2.4444755099735463e-06,0.005235363238766234
3,1.4391319733362438e-09,0.047037299043967286,3.0837216945592076e-08,3.3729603635697064e-06,0.00014373369197923186,0.672429124511078,5.843791674071805e-07,1.3632546239623966e-08,0.00048726393527903373,1.2807476656721904e-07,3.263349720281196e-07,2.2762915383402634e-06,1.2597102321167058e-12,3.1518330733122596e-06,0.02725562138212196,2.8076069966254953e-06,7.108659431535383e-07,0.0007224583466635228,1.7121027078319355e-05,1.3904231726080281e-08,0.021005689239470906,0.00017239808562519404,0.22749056765038977,3.064276120097855e-06,0.0032222406490191673
4,1.6719287442385177e-09,0.04715404947689554,3.3839649842225256e-08,3.498444552880933e-06,0.00015777322782342147,0.6734439721622317,6.417958306459782e-07,1.543076764669163e-08,0.0005006375235028268,1.3655466168724014e-07,3.4037337596270333e-07,2.4460646444456256e-06,1.5844551041184916e-12,3.5405330804107567e-06,0.027074636742353775,3.1106130251823455e-06,7.996513064170605e-07,0.0007922482292382068,1.9257712481984247e-05,1.5462061838311194e-08,0.021453533466891522,0.00017555012557817973,0.22593563955300705,3.4476163521411863e-06,0.0032746737271734713
5,1.6029680817783908e-09,0.045713597049208785,2.582278497455518e-08,4.415987480216902e-06,0.00012709702458995947,0.686691996060166,5.550969805545993e-07,1.5550369423722765e-08,0.00045141012650535964,1.1917196742770753e-07,3.377504784897556e-07,2.1206751390414343e-06,1.462909646871317e-12,2.9080965733411246e-06,0.025086499297809407,3.1815105495935444e-06,7.410626640622997e-07,0.0010137715572802956,1.718882011409739e-05,1.5335615268092928e-08,0.020414760186697058,0.0001807375647515514,0.2176566040689477,2.914113892695672e-06,0.0026289864650036825
6,1.4391319733362438e-09,0.047037299043967286,3.0837216945592076e-08,3.3729603635697064e-06,0.00014373369197923186,0.672429124511078,5.843791674071805e-07,1.3632546239623966e-08,0.00048726393527903373,1.2807476656721904e-07,3.263349720281196e-07,2.2762915383402634e-06,1.2597102321167058e-12,3.1518330733122596e-06,0.02725562138212196,2.8076069966254953e-06,7.108659431535383e-07,0.0007224583466635228,1.7121027078319355e-05,1.3904231726080281e-08,0.021005689239470906,0.00017239808562519404,0.22749056765038977,3.064276120097855e-06,0.0032222406490191673
7,4.333094382766006e-09,0.07333819486532343,7.694359252686883e-08,7.054314581686048e-06,0.0002976127016453576,0.7026279889822665,1.0412125615466528e-06,3.232235488224759e-08,0.0008514019558705638,4.15138078628072e-07,7.913921990350332e-07,2.678313266608986e-06,3.568464995507326e-12,4.483460610940157e-06,0.03353043025777232,3.91380550940471e-06,1.0961957950729574e-06,0.0006554765684866559,4.018991663562154e-05,2.5544734796081162e-08,0.014073091826164947,0.00028569316687633356,0.16937635618176902,4.415821181994554e-06,0.004897534776059232
8,2.5024013844731987e-09,0.03728838421966835,8.461878469038776e-08,4.090942036919656e-06,0.00021277867790671644,0.5172708854561691,1.0428877419671207e-06,1.367382914783282e-08,0.0004812214567170755,3.592965451815583e-07,4.6448534608399015e-07,4.120422771845582e-06,1.8735727486565287e-12,7.560613356923887e-06,0.028100869965727818,2.4809487641960455e-06,1.2203508455844672e-06,0.0003536238385763335,1.4228342962574074e-05,2.342094008417548e-08,0.034445781612375284,0.00017930621095169403,0.3738989724103463,6.938565520419973e-06,0.007725545077840777
9,2.3279101983311595e-09,0.049370909565449324,4.9859644026202994e-08,4.151363261222095e-06,0.0001790441541320709,0.480550008691628,6.852088553005388e-07,1.373560156420358e-08,0.0005457471205020216,3.03529221981696e-07,5.964200311397295e-07,3.280805957341937e-06,1.1652452062824276e-12,6.854152095566753e-06,0.04350321897833224,1.709619270087614e-06,9.177786937207556e-07,0.00043745032480157705,1.3036923288112509e-05,1.839076448793133e-08,0.028185022630502637,0.00018388201664924542,0.3886931115773372,4.4257544401160325e-06,0.008315559070465385
10,1.4391319733362438e-09,0.047037299043967286,3.0837216945592076e-08,3.3729603635697064e-06,0.00014373369197923186,0.672429124511078,5.843791674071805e-07,1.3632546239623966e-08,0.00048726393527903373,1.2807476656721904e-07,3.263349720281196e-07,2.2762915383402634e-06,1.2597102321167058e-12,3.1518330733122596e-06,0.02725562138212196,2.8076069966254953e-06,7.108659431535383e-07,0.0007224583466635228,1.7121027078319355e-05,1.3904231726080281e-08,0.021005689239470906,0.00017239808562519404,0.22749056765038977,3.064276120097855e-06,0.0032222406490191673
11,1.6260323019983502e-09,0.044712172379338624,3.1586792383530586e-08,3.448780262329606e-06,0.00014654054557377728,0.6926522826051964,6.358854040141025e-07,1.5971673157257904e-08,0.0005114145558429039,1.4409901538659023e-07,3.226757470053138e-07,2.359968718654958e-06,1.595668266408379e-12,3.1434281015858665e-06,0.025863135826676244,3.1164542978470866e-06,7.843143565108081e-07,0.0007758776824582795,1.9365848861330465e-05,1.4741527838134375e-08,0.019701016206687925,0.0001785179904989767,0.21236758921063395,3.411057669300138e-06,0.0030546565570374394
12,1.7908406664770453e-09,0.13545796589723588,4.408736080591428e-08,7.718966437947737e-06,2.4718285829798746e-05,0.7710561976952572,1.847056048103267e-07,9.272747128911537e-08,0.0006169348565495678,2.737331794724748e-07,4.221069097792323e-07,1.7996629186383747e-06,1.4509689831644332e-12,3.4511379438678637e-07,0.049575823463327715,4.15852721696254e-06,5.05081987172784e-07,0.0003038401796465438,5.308521967802086e-05,4.850963989216646e-09,0.008821783517516243,0.0009207517985040948,0.03226223668114328,1.249986274695712e-06,0.0008898610629000667
13,4.91819219734618e-09,0.02622724702475529,1.156031320567253e-07,6.844402103951415e-06,0.0002811264938094009,0.18437047762383865,7.217149717595593e-07,3.500080905861943e-08,0.0004078177978447063,3.448684436560577e-07,7.643582564968402e-06,9.247156719731235e-06,3.92408162621707e-12,4.426129158648991e-05,0.17826647409552587,3.47956252478975e-06,7.509619572621266e-07,0.0016465208169083821,9.537741525939422e-06,1.224536376054562e-07,0.04416207873925516,7.242425425915729e-05,0.5588620759596525,2.520984761576016e-06,0.005618126947295754
14,1.6269103266281479e-09,0.1607058685455056,4.82723657635317e-08,5.65288663288108e-06,0.00037497943806726617,0.672388154357387,2.4445180977998806e-07,1.7855550843987556e-08,0.0007311932511728211,9.272199319347164e-08,7.80631396398289e-07,9.158882886401576e-07,2.2794278218678015e-12,1.5933168996522942e-06,0.03197881051775273,3.4366127078287445e-06,5.39587657398789e-07,0.0014272481372437612,4.830541663166117e-05,2.504271034581712e-08,0.012644694673283623,0.0001886538310858472,0.11784423206445618,1.0691020119203107e-06,0.0016534417681988642
15,1.4391319733362438e-09,0.047037299043967286,3.0837216945592076e-08,3.3729603635697064e-06,0.00014373369197923186,0.672429124511078,5.843791674071805e-07,1.3632546239623966e-08,0.00048726393527903373,1.2807476656721904e-07,3.263349720281196e-07,2.2762915383402634e-06,1.2597102321167058e-12,3.1518330733122596e-06,0.02725562138212196,2.8076069966254953e-06,7.108659431535383e-07,0.0007224583466635228,1.7121027078319355e-05,1.3904231726080281e-08,0.021005689239470906,0.00017239808562519404,0.22749056765038977,3.064276120097855e-06,0.0032222406490191673
16,1.4231052231312792e-09,0.019512915277261348,4.4238529171446836e-08,3.6486036221242706e-06,0.00011559569432946296,0.5828118460770803,7.671534168585974e-07,1.8286736416467282e-08,0.00024156777107597224,1.076111507176608e-07,4.581468993846306e-07,4.867000558423056e-06,2.708283984958357e-12,6.372281824168013e-06,0.03236077574919283,6.557141354253393e-06,8.27485975978309e-07,0.001820933139827015,1.2464333461657878e-05,3.2894438221904974e-08,0.04973830712804759,0.00010830789759453008,0.3117304659005258,4.287155526548154e-06,0.0015188316057576563
17,2.6182055610763835e-09,0.04538848352029561,4.86229238357064e-08,5.162670046484323e-06,0.00023455394146902685,0.5383032222852968,1.5830062733909e-06,1.3994439481857461e-08,0.00043123662879541514,1.3322702330878126e-07,5.332332612976516e-07,5.163644519285174e-06,2.0082587163063045e-12,1.1678814266817698e-05,0.028176683335864067,3.5077464229962225e-06,1.0543542642613579e-06,0.0007288031685330351,1.2068778025292524e-05,2.5163334117860266e-08,0.027588462733589468,0.00018421121273622492,0.3516957237621877,5.492774223455726e-06,0.007222150761994892
18,2.1042857687472626e-09,0.07560481349397598,2.0706190096483073e-08,2.5519435454755946e-06,0.00016782416568391687,0.5311341563841069,8.214142944321964e-07,9.027110577715792e-09,0.000547259260585116,1.5183758751413618e-07,3.345312470207955e-07,2.2787359372736714e-06,1.0435074187563551e-12,5.967379080255009e-06,0.025574596807206095,1.2566574665248183e-06,1.8981799081317728e-06,0.0007173838318679292,2.122112044209423e-05,1.2107791617676497e-08,0.013575754366249488,0.0003179119214864258,0.33800652237232737,5.336471173367469e-06,0.014311915179407138
19,1.3114951329677978e-09,0.029495263414201407,3.3440526696306375e-08,3.383932506274264e-06,0.00012264394008341232,0.7957968938522123,8.465660245194127e-07,1.4718244601991017e-08,0.00044724700073180476,2.2381221048045968e-07,2.1284246609925626e-07,2.3612231012427984e-06,1.5689778986819825e-12,1.8916512543040112e-06,0.01490614240574222,2.645116250032458e-06,6.649054538763851e-07,0.0003660759293980307,1.4396280238587036e-05,1.2971908880142707e-08,0.013818939257701815,0.00018878116454658706,0.14204706344595686,3.819960163876756e-06,0.0027804408560118993
20,9.416868181905531e-10,0.07754849257999623,2.7162213992476747e-08,3.3683093596476738e-06,6.760111734211674e-05,0.6748143264496943,3.7817932314822335e-07,2.319043288163305e-08,0.00036866552211211755,9.948499290534029e-08,3.6580306883025097e-07,3.130548127016479e-06,9.385657478900362e-13,2.1319507597086323e-06,0.0563085847281929,2.5251247653647363e-06,5.395027354947298e-07,0.0008064516346725458,1.4558062452166695e-05,1.1135845841146043e-08,0.027095611199079703,0.00030900551175101336,0.16029899476714607,2.2921277409625427e-06,0.0023528149655698155
21,2.6802660542524055e-09,0.03875722740677334,4.9484436378101785e-08,6.846042928648058e-06,0.0001852763786928784,0.5474114935407786,7.406253785168973e-07,2.0607385468205185e-08,0.0005011111491647925,1.3105386802716742e-07,9.113567302911465e-07,3.857813913133835e-06,2.1942250238382737e-12,7.5189633875958925e-06,0.04337052920906361,5.56956793273394e-06,7.07617332202008e-07,0.0014114541658107392,1.5075222877781163e-05,3.314511789751872e-08,0.033588807019047165,0.0001311200919234555,0.3318765058796765,2.730201276747612e-06,0.002722280774043141
22,1.6509289721325072e-09,0.034032598286284486,4.416217201605805e-08,5.841449573902529e-06,0.00013006593484358935,0.5734491159883358,5.602028863410606e-07,1.4446017410428626e-08,0.0004053735653036538,1.7928993072739552e-07,6.744673917499154e-07,2.2429903146648207e-06,1.7816350828961066e-12,3.564491638992792e-06,0.029086353801767523,3.89171434253525e-06,9.99651907630422e-07,0.0011349679750233643,1.5031294189268809e-05,2.9464945521503156e-08,0.03109915447780645,0.00015717536344078114,0.32795091884653355,2.808719623918793e-06,0.0025183917630155067
23,1.4391319733362438e-09,0.047037299043967286,3.0837216945592076e-08,3.3729603635697064e-06,0.00014373369197923186,0.672429124511078,5.843791674071805e-07,1.3632546239623966e-08,0.00048726393527903373,1.2807476656721904e-07,3.263349720281196e-07,2.2762915383402634e-06,1.2597102321167058e-12,3.1518330733122596e-06,0.02725562138212196,2.8076069966254953e-06,7.108659431535383e-07,0.0007224583466635228,1.7121027078319355e-05,1.3904231726080281e-08,0.021005689239470906,0.00017239808562519404,0.22749056765038977,3.064276120097855e-06,0.0032222406490191673
24,2.638109029611318e-09,0.06187569851023286,4.1458217896101936e-08,6.7217159275980826e-06,0.0002298490562581266,0.6555176844587648,7.399326228161101e-07,1.6941334818246367e-08,0.0005263032866342443,1.501984531208923e-07,5.403893714409208e-07,2.680825557070599e-06,2.0110786044856025e-12,4.940704959804649e-06,0.02619567577520051,3.5896595531357415e-06,8.7577520360967e-07,0.0009113862213005358,2.0227146469818026e-05,2.2974649011725847e-08,0.020063036891589173,0.00019860845292220885,0.2303818955119496,3.254980113805019e-06,0.004056056492593847
25,4.298689833393409e-09,0.0373306964889169,6.651385489602029e-08,9.012718168393838e-06,0.00027062321985527103,0.5143185936663807,1.4991386070347819e-06,3.479647619569672e-08,0.0005482689470458165,3.352951455423194e-07,1.8820580217346605e-06,6.498894393830745e-06,4.363479239825867e-12,1.5599445811038755e-05,0.05859205658942856,4.971026810140407e-06,1.1073921596099368e-06,0.0014769365051963176,1.5444155798212974e-05,6.280324225523366e-08,0.026356163691099017,0.00017028821412508574,0.35538300912984694,4.560709847878314e-06,0.0054922842967152444
26,1.0253056140080577e-09,0.0271882090891482,1.4044363258634817e-08,1.94760284838372e-06,0.0001138537333276331,0.6989290906600939,3.8995524937196727e-07,7.039907773661579e-09,0.0006467696872282148,1.1718752096981973e-07,1.3705753732287564e-07,8.383077403715234e-07,8.841153668538496e-13,1.2961911411955443e-06,0.011592171875094917,1.691258448475105e-06,6.398113858389286e-07,0.0006450518832537441,1.5874673797628018e-05,7.823323899101817e-09,0.012199432573164606,0.0001051942652586108,0.24605621006973868,2.562306312327253e-06,0.0024984918779248477
27,1.3964953204720616e-09,0.08279921546905537,2.106037759640043e-08,3.2975245080383856e-06,0.0001213324001976017,0.6925170191703963,4.6875059287263567e-07,1.5451409531854133e-08,0.0006779012258105074,1.1866967793943951e-07,3.2487360369166415e-07,1.8171962381006922e-06,8.120473065674861e-13,2.1719617376535077e-06,0.034560525546021306,1.90601319966446e-06,5.891974329441732e-07,0.0005556049781813325,1.9298857140765175e-05,8.472578734674279e-09,0.012860549554276617,0.0002564627274875398,0.17131026645904848,2.1762826419735986e-06,0.004308906761077936
28,1.4391319733362438e-09,0.047037299043967286,3.0837216945592076e-08,3.3729603635697064e-06,0.00014373369197923186,0.672429124511078,5.843791674071805e-07,1.3632546239623966e-08,0.00048726393527903373,1.2807476656721904e-07,3.263349720281196e-07,2.2762915383402634e-06,1.2597102321167058e-12,3.1518330733122596e-06,0.02725562138212196,2.8076069966254953e-06,7.108659431535383e-07,0.0007224583466635228,1.7121027078319355e-05,1.3904231726080281e-08,0.021005689239470906,0.00017239808562519404,0.22749056765038977,3.064276120097855e-06,0.0032222406490191673
29,1.4391319733362438e-09,0.047037299043967286,3.0837216945592076e-08,3.3729603635697064e-06,0.00014373369197923186,0.672429124511078,5.843791674071805e-07,1.3632546239623966e-08,0.00048726393527903373,1.2807476656721904e-07,3.263349720281196e-07,2.2762915383402634e-06,1.2597102321167058e-12,3.1518330733122596e-06,0.02725562138212196,2.8076069966254953e-06,7.108659431535383e-07,0.0007224583466635228,1.7121027078319355e-05,1.3904231726080281e-08,0.021005689239470906,0.00017239808562519404,0.22749056765038977,3.064276120097855e-06,0.0032222406490191673
30,1.4391319733362438e-09,0.047037299043967286,3.0837216945592076e-08,3.3729603635697064e-06,0.00014373369197923186,0.672429124511078,5.843791674071805e-07,1.3632546239623966e-08,0.00048726393527903373,1.2807476656721904e-07,3.263349720281196e-07,2.2762915383402634e-06,1.2597102321167058e-12,3.1518330733122596e-06,0.02725562138212196,2.8076069966254953e-06,7.108659431535383e-07,0.0007224583466635228,1.7121027078319355e-05,1.3904231726080281e-08,0.021005689239470906,0.00017239808562519404,0.22749056765038977,3.064276120097855e-06,0.0032222406490191673
31,1.8717941492798457e-09,0.0771565396346694,5.451077349672195e-08,3.847356344155798e-06,0.00013712483955976342,0.6719146081396771,4.789635511694227e-07,3.066372371204373e-08,0.0005130208349365598,1.1744193994480873e-07,3.9626710798082675e-07,3.374283336440194e-06,2.3039423569891944e-12,3.4202339859145307e-06,0.04415948908341257,4.708268263533718e-06,7.448718012540511e-07,0.0010413214888993704,2.910139653303022e-05,1.600002854665196e-08,0.030242486664065833,0.00023065146011048092,0.17221899894441742,3.409035889298374e-06,0.0023360577428750188
32,1.6107561465396083e-09,0.054333843953405354,3.150092683144165e-08,3.373615675344856e-06,0.0001477287493349601,0.6883986024282411,5.471770348989157e-07,1.4657066590117936e-08,0.0005117914172900136,1.261645686309278e-07,3.089750110344486e-07,2.109132981310001e-06,1.4131700924803418e-12,2.904113359877043e-06,0.026052110829783152,2.9658969611332287e-06,7.773755301533257e-07,0.0007792195427763392,2.1809081601403983e-05,1.2949616161641301e-08,0.0194997603428359,0.00019099578487173196,0.20694183420232207,3.188786628849989e-06,0.003105941710007706
33,1.5223228898762135e-09,0.06101172627239393,1.2719575221293169e-08,2.8114043492260162e-06,5.615486975383568e-05,0.8790609512036099,6.84569130459048e-07,1.3099552144251035e-08,0.00014710470864446747,4.114010202963954e-08,2.7982199108078356e-08,1.2802270266905443e-06,2.495617932477474e-12,8.99944442737167e-07,0.0034663874767966096,6.559054117032289e-06,2.1962092656750487e-06,0.0011656768461771765,7.107108926377966e-05,3.840292912318442e-09,0.008032798291682196,0.0006052256008171821,0.04531429297937968,9.013073065053267e-06,0.001045065873544576
34,1.5816447976557058e-08,0.11072770557848446,1.1523695014251031e-07,8.37522515287125e-06,0.0006312055302112684,0.49426462305688285,6.13963000667233e-07,3.619707192687472e-08,0.0015069246450212122,2.8449322090401673e-07,1.7973546802915096e-06,2.3818554794440964e-06,5.655936115352529e-12,1.3090750294715868e-05,0.0554904650842671,6.113399548057353e-06,1.3850863250618695e-06,0.0017367339895564837,0.00010275825539475867,3.270397693909278e-08,0.02015644568864928,0.00017292126855286694,0.3097381595146952,3.9366597328207215e-06,0.005433878640746724
35,2.33276077928796e-09,0.14894737293870053,1.2053877010394792e-08,3.924839096921812e-06,0.00010188191746650162,0.7508362699316286,2.4489894125468497e-07,2.9376555773587004e-08,0.0014494403464491948,8.840479349974001e-08,2.5255198592196585e-07,7.902774438273564e-07,9.447062142547727e-13,7.862228792844659e-07,0.027167204790361305,2.215327867653196e-06,4.1402485733797566e-07,0.0006455319642680752,4.949752986425098e-05,4.065739050507979e-09,0.004035267281677861,0.0003238949578958715,0.06407564243066562,1.0836360268563074e-06,0.002358147897252574
36,1.3636360601500693e-09,0.052883511067102346,1.8517634493959856e-08,2.8773440061504167e-06,7.733957123187411e-05,0.6855779466879306,1.2267736258075381e-06,2.283797395264543e-08,0.00031882121631975974,9.154993574216826e-08,3.357069883066709e-07,6.278091366353934e-06,1.5809699529555879e-12,5.952284885859173e-06,0.0397706875246177,3.411889606294258e-06,1.2380637152897668e-06,0.0013843353112919488,1.5995121643977997e-05,1.4635688053874756e-08,0.017742130799076317,0.0003986577874829042,0.1968093870715016,5.358628228967532e-06,0.004994360152928712
37,2.7801671650332465e-09,0.02726589295749296,5.7484247242747006e-08,4.161794275923847e-06,0.00016800922519255378,0.48138235179714467,1.3309708098828058e-06,1.1339088887660826e-08,0.0002460163881183689,1.2046453172505984e-07,3.4022617194015724e-07,4.86012160238526e-06,2.5534482024260896e-12,1.1750910771619704e-05,0.020635792197931005,5.329931185958177e-06,1.4665126405629234e-06,0.0010720864529829377,1.5101933754885036e-05,2.3307511549474672e-08,0.04772739616325703,0.0001497361029706347,0.41738789636757456,8.789939184334758e-06,0.003911474628837699
38,8.032757635640169e-10,0.022757667586364248,1.893679006107403e-08,1.8789322067950256e-06,6.45308175524646e-05,0.7208011445574101,5.22370971329079e-07,1.0548691569364445e-08,0.00030766371807889855,7.637420801635488e-08,1.6597690254399764e-07,2.149509343682743e-06,1.0214243808496012e-12,1.7807833279573456e-06,0.020396740780461,3.5054395175969224e-06,5.731590161962408e-07,0.0008239565647931964,1.3122784575582468e-05,8.504211378362438e-09,0.02439127223979881,0.0001320546116318521,0.2089311876590635,2.9423338876286746e-06,0.0013670250068986195
39,9.216409558144881e-10,0.042332254194307764,2.7907755939443996e-08,2.6374010516754377e-06,9.973834307192997e-05,0.723303443960937,4.307706620637184e-07,1.2035472695140718e-08,0.0003681020172393817,8.759298752456717e-08,1.9656359432501996e-07,2.0819590564886845e-06,1.033478872699363e-12,1.9477717172477834e-06,0.02213637778055698,2.9419262286088596e-06,6.119427679320967e-07,0.0006465223283792208,1.553997702050357e-05,1.0623015443984014e-08,0.02486236697543818,0.0001647356146742046,0.1839977217953376,2.7085012543335384e-06,0.0020595010947982405
40,2.9600631717985567e-09,0.11156423968084173,8.8585605798748e-08,3.252704595476615e-06,0.0004750027328195782,0.4608166019197317,9.360464033176369e-07,1.44110607760256e-08,0.0005082521997499241,1.1773591707929701e-07,7.984703235860513e-07,5.446867074942248e-06,1.9917611540822428e-12,1.735214103337653e-05,0.05667345796709025,2.506814573958393e-06,9.861644979700118e-07,0.0007485431255622775,2.420967029619893e-05,2.7102632610513512e-08,0.031756143413839547,0.0001980416059311298,0.32646785008917417,4.819675174673615e-06,0.010731307914014901
41,8.67122871061121e-10,0.032527550501013594,2.4998480632555626e-08,2.104257711716684e-06,8.079060949841547e-05,0.6499533993239556,6.525864617222139e-07,8.62323147773362e-09,0.0002927788961327605,1.1511082919827624e-07,1.9379012179384656e-07,2.8019112736769516e-06,8.639758377633613e-13,2.716616545100445e-06,0.021400418260777092,1.9751129508249137e-06,8.650864158378877e-07,0.0005268757176915609,1.067505558553325e-05,1.0565767560304605e-08,0.026074542166165626,0.00019731381527370842,0.2651248985420929,4.145505097888449e-06,0.003795142078938931
42,6.829361396608426e-10,0.11056439586077543,2.5354670610835112e-08,3.158809306912468e-06,3.973436514487032e-05,0.8208522773288017,1.508184035762545e-07,1.6473404015129148e-08,0.00031088635884904425,3.9035463100942694e-08,8.428893965495293e-08,9.052231244561512e-07,6.149082963716991e-13,3.1219087987858953e-07,0.013950509722653165,3.877481035056448e-06,4.2121621865516363e-07,0.0003540488923682043,3.703531890076033e-05,3.0673228347495256e-09,0.013079503774378822,0.00038405867171339183,0.03976301194507235,1.2121270197732207e-06,0.0006543309920028118
43,2.3642322862338974e-09,0.07513818045062136,3.74400181401628e-08,4.4027791001055695e-06,0.00021665591000378652,0.5508775855366153,8.078717512505676e-07,1.5151670965430372e-08,0.0006176353196019209,1.1834632489785621e-07,6.613410492443164e-07,3.1768929102597574e-06,1.3112596385072735e-12,7.4209622684354805e-06,0.04389980605127474,2.8176733926621474e-06,7.749473637382832e-07,0.0009065917727634619,1.8268187225894336e-05,1.7356080110614723e-08,0.019936742002089537,0.00019923328544987318,0.3016899506767941,3.156915737844435e-06,0.006475940764348952
44,1.4391319733362438e-09,0.047037299043967286,3.0837216945592076e-08,3.3729603635697064e-06,0.00014373369197923186,0.672429124511078,5.843791674071805e-07,1.3632546239623966e-08,0.00048726393527903373,1.2807476656721904e-07,3.263349720281196e-07,2.2762915383402634e-06,1.2597102321167058e-12,3.1518330733122596e-06,0.02725562138212196,2.8076069966254953e-06,7.108659431535383e-07,0.0007224583466635228,1.7121027078319355e-05,1.3904231726080281e-08,0.021005689239470906,0.00017239808562519404,0.22749056765038977,3.064276120097855e-06,0.0032222406490191673
45,1.2673242013798647e-09,0.042307175605420584,2.6396578523331017e-08,3.119275979411328e-06,0.00010168673631447978,0.7584705915623258,6.441969425328936e-07,2.303310614183819e-08,0.0004594569045694221,1.3155877995895463e-07,2.6369190532004216e-07,2.555693093757204e-06,1.603051611526399e-12,2.3305985131331788e-06,0.030161977621321997,3.800431768184526e-06,6.133606094304654e-07,0.0008459326874493629,1.951105780305423e-05,1.1954405944407353e-08,0.017975097679352396,0.00020274109340732207,0.1474858427523237,3.2685410574831746e-06,0.0019531962980448257
46,1.4744476883271712e-09,0.02797992531906074,2.2186092096313735e-08,4.930314441576708e-06,5.661833195405844e-05,0.806793896566671,5.388575790012187e-07,1.0545365755825475e-08,0.0002097418197157258,1.3880082937225678e-07,1.3976065866639447e-07,1.8914439500283144e-06,1.600226790206516e-12,1.2082281576606365e-06,0.0074265774559703025,3.099167605960592e-06,1.5743321876034795e-06,0.0005387358188527197,1.6494654793788396e-05,1.1487651703829856e-08,0.018646738811910913,0.00029805082090444176,0.1361320014415918,4.1080692539389875e-06,0.0018835442887534751
47,2.1755804491137196e-09,0.045267934490258184,3.270746742714008e-08,4.244544705409459e-06,8.816883939196399e-05,0.7663697965047105,6.433271603858622e-07,1.581866016579604e-08,0.00036081146287730257,1.1310936925625775e-07,1.7709478428061087e-07,2.5140681315650336e-06,1.8432049194253973e-12,2.0237262905924823e-06,0.014559602181625043,4.7733867073684425e-06,1.0439660586396397e-06,0.0006647915511704642,2.6892771833432375e-05,9.312570795346413e-09,0.020260377206235334,0.00028155898713375224,0.15000958831187008,4.487324073654016e-06,0.002090397129490696
48,1.5228271421872096e-09,0.045822268550982266,3.5617256832217503e-08,3.8003560977148454e-06,0.00017038516830351002,0.6102953539823558,6.182781200682588e-07,1.329790321169633e-08,0.0005163500163766735,1.2521595187311067e-07,4.663097263258822e-07,2.5802067825951263e-06,1.2243920231672375e-12,4.282399806184133e-06,0.033962094671794764,2.866053961856093e-06,6.157345433320498e-07,0.0007580278322510137,1.4053767100179448e-05,1.752450881090715e-08,0.024459777193674943,0.00014316208755104813,0.2802879032047088,2.6862440698144343e-06,0.0035525147621206293
49,7.73306121030195e-10,0.0487108209994674,2.707901044976937e-08,2.73392310083464e-06,8.649610042317183e-05,0.7790905013379267,4.233082240208658e-07,1.1544529662737721e-08,0.00033820104967198777,9.529791148830936e-08,1.6993517034570623e-07,2.102107241523575e-06,9.262766154800297e-13,1.3088748797216586e-06,0.018304806097552178,2.3615143922141387e-06,5.602253966401792e-07,0.0004451460292335145,1.409528066506981e-05,9.667124859624902e-09,0.019022152147155885,0.00022307271366733242,0.1316881071088081,2.4606840662652065e-06,0.0020643362001483262
50,3.994655479598846e-09,0.02375162529555373,4.437778277280997e-08,4.717319996806917e-06,0.0002471174001283826,0.6497470238979302,2.1926360773445797e-06,2.7204413342494595e-08,0.0006343041222849917,5.292320746319784e-07,6.266761665915725e-07,4.415001255735725e-06,3.908629556104775e-12,9.93894908146207e-06,0.028145928620213145,3.6974225552564813e-06,1.3836967448813882e-06,0.0008609636976774869,2.0724452128718877e-05,3.101838197783153e-08,0.014071488303056004,0.00017973810556195442,0.27546860651024996,8.554233411220942e-06,0.00683631782870928
51,1.305209856035165e-09,0.017275847954899615,3.0272145668092384e-08,1.992798968803621e-06,0.00017364223177936317,0.638171235376627,8.437189511391524e-07,8.74241791100406e-09,0.000427554292537829,1.7374385492664862e-07,2.2782486220757622e-07,2.2447187510579284e-06,1.5686808860885062e-12,4.090450225844424e-06,0.01583103163609655,2.805719673810379e-06,8.160448611088861e-07,0.0006565269539627079,1.3979722022658903e-05,1.6305275210542243e-08,0.02029455658487563,8.875371882487709e-05,0.30394380523835546,4.798926346766071e-06,0.0031050157169051993
52,1.671276034236666e-09,0.026280985830303406,2.1427642163825625e-08,4.001436072989093e-06,0.00012459731051089374,0.770798883657536,4.862349803097704e-07,2.6278051190646416e-08,0.0005916548094930227,2.5070659657168767e-07,4.1443321761767883e-07,2.0168182355653992e-06,1.8954428860640527e-12,2.2890262444264493e-06,0.03060846089570614,3.1081941866203526e-06,5.257052428674343e-07,0.0010829529481096542,1.8245567669503034e-05,1.955370186561518e-08,0.01338391878525019,0.00013342514800937603,0.15530719310786018,2.4556419725732313e-06,0.0016540648102354243
53,7.831238972245573e-10,0.010021899325871126,2.4080942917058895e-08,2.6965482637751154e-06,0.00011724830765386174,0.4396649178354459,1.0753897303029158e-06,5.948730424276996e-09,0.0002741327542859379,1.0651783069457732e-07,3.7007343101366305e-07,3.0215734809818856e-06,1.0049367405026356e-12,5.6480873090339895e-06,0.019248248423037222,2.5213572321561916e-06,4.906925629584983e-07,0.0007049630650986546,3.644419758688522e-06,2.467658154984719e-08,0.030298590937569203,5.740610699283844e-05,0.4967508004133671,2.96094545378835e-06,0.002839201735240771
54,1.0611855512656777e-09,0.013001454430532449,3.1727044511832725e-08,3.217356215441855e-06,0.0001381548661570574,0.6759504625265986,4.894856026460666e-07,1.0346624188235607e-08,0.0003290023048390949,1.590034586825735e-07,3.0270024406627584e-07,1.7867753571305708e-06,2.096420415173661e-12,2.4161811157048594e-06,0.014173838584803564,3.7780768241730997e-06,6.627056227102212e-07,0.001075715417786604,1.1911443241127353e-05,2.7914519866417135e-08,0.02687994113657271,6.75026307683293e-05,0.2671908907389188,2.81758170905423e-06,0.0011654250021616158
55,1.1783274982658337e-09,0.02642815792681329,1.9936079707044285e-08,2.5484685972725766e-06,0.0001255635568328339,0.729229844740353,9.884458484614962e-07,1.660418935190602e-08,0.0004029355952475866,8.643805250982936e-08,2.2937963035494914e-07,4.649892792669744e-06,1.7697779284775495e-12,4.634751638568226e-06,0.02293735499329547,4.0223037485948e-06,5.528731122273234e-07,0.0011326542786595194,1.1504912968989452e-05,1.6308706678299745e-08,0.01690140688279494,0.0001362062417454142,0.20000750672111536,3.957525129548027e-06,0.002665140042550514
56,1.55098850948075e-09,0.04415698593279989,3.0973645141268915e-08,3.523696303300674e-06,0.000142012721607797,0.6947570173077829,6.173961649134986e-07,1.5337124001217736e-08,0.0004935854586176764,1.3573292585283145e-07,3.132657085168704e-07,2.3202369602874708e-06,1.5054242640519064e-12,3.018056275975886e-06,0.025112393282966817,3.0825163310581685e-06,7.522703907446784e-07,0.0007586400483437397,1.8250051797660243e-05,1.4550920919474304e-08,0.020143053731586345,0.00017518881120502777,0.21125701661698623,3.2481488193514666e-06,0.002968782302241674
57,1.0292737003920133e-09,0.038763975859440095,5.908085875874956e-08,2.4345459976936463e-06,0.00017183220287054324,0.7445307438184151,6.04667684780617e-07,1.288838539040264e-08,0.0003834686385768175,1.3881849422782104e-07,2.1739543544886268e-07,3.1337446558416056e-06,1.8344466012148284e-12,2.583361860050804e-06,0.01854370183382672,3.552819566412893e-06,7.351821426526131e-07,0.00045886424626422577,1.831414460172523e-05,1.7888609722446583e-08,0.02634110695175805,0.00015878689746301488,0.16820460749766303,3.872101932977974e-06,0.002407234382388475
58,1.3844693861470101e-09,0.038325401404451544,2.8758578647878654e-08,2.776895264173149e-06,0.00012981578405940229,0.7113350579127393,6.24010423049905e-07,1.3418429284339889e-08,0.00042743191104029467,1.3931409130148355e-07,2.2193176935892046e-07,2.3379257279332875e-06,1.4842895805485717e-12,2.8053444701893866e-06,0.020709257351342113,2.845471409828542e-06,8.067498962466706e-07,0.0007024597320981023,1.8271051754731504e-05,1.2582621985798245e-08,0.02004120874645152,0.00017577046120280994,0.20524677062953006,4.07792620783296e-06,0.0028718633004864076
59,1.346609087008566e-09,0.04059060223757094,3.530060126742686e-08,2.970332700149126e-06,0.00013817444026520225,0.697159543104546,6.249817910313952e-07,1.3366000915186375e-08,0.0004111886474732077,1.3569970699855478e-07,2.467623821820738e-07,2.4781184091463997e-06,1.5276488468276583e-12,2.95241988523824e-06,0.021860539386499626,3.0531740460315612e-06,8.030318143175359e-07,0.0006843359510572099,1.785475465670038e-05,1.4220225580712416e-08,0.023385330999735613,0.00017530892552881244,0.2127370940227169,3.9670980702978436e-06,0.0028227316761801394
60,1.4391319733362438e-09,0.047037299043967286,3.0837216945592076e-08,3.3729603635697064e-06,0.00014373369197923186,0.672429124511078,5.843791674071805e-07,1.3632546239623966e-08,0.00048726393527903373,1.2807476656721904e-07,3.263349720281196e-07,2.2762915383402634e-06,1.2597102321167058e-12,3.1518330733122596e-06,0.02725562138212196,2.8076069966254953e-06,7.108659431535383e-07,0.0007224583466635228,1.7121027078319355e-05,1.3904231726080281e-08,0.021005689239470906,0.00017239808562519404,0.22749056765038977,3.064276120097855e-06,0.0032222406490191673
61,1.41297642303298e-09,0.041777523826345614,3.542179902544506e-08,2.9058661958443833e-06,0.00014597057470297172,0.6824349601917169,6.288049523657692e-07,1.292396795200027e-08,0.00044162493275091757,1.3563031131133879e-07,2.663932073987473e-07,2.4330450905821557e-06,1.442889068379273e-12,3.1523656974176974e-06,0.023264934016806148,2.918496122908577e-06,7.820519609304149e-07,0.0006624783997778409,1.789591152784667e-05,1.3795723853850114e-08,0.022965314873055715,0.0001688364286045174,0.22500899072553102,3.8139096996199e-06,0.0030943700000320797
62,1.4391319733362438e-09,0.047037299043967286,3.0837216945592076e-08,3.3729603635697064e-06,0.00014373369197923186,0.672429124511078,5.843791674071805e-07,1.3632546239623966e-08,0.00048726393527903373,1.2807476656721904e-07,3.263349720281196e-07,2.2762915383402634e-06,1.2597102321167058e-12,3.1518330733122596e-06,0.02725562138212196,2.8076069966254953e-06,7.108659431535383e-07,0.0007224583466635228,1.7121027078319355e-05,1.3904231726080281e-08,0.021005689239470906,0.00017239808562519404,0.22749056765038977,3.064276120097855e-06,0.0032222406490191673
63,1.4544495609479566e-09,0.06306988867649328,2.884204980634075e-08,3.3568673609647114e-06,0.00013741552201544113,0.6748477768737756,5.001181261000389e-07,1.4246403951311623e-08,0.0005397380818086572,1.1317149881020505e-07,3.1637306617495976e-07,2.0305404333644303e-06,1.1481535579003412e-12,2.6902966678584427e-06,0.029271142618516734,2.5902487953218283e-06,6.976108863336662e-07,0.0007123845317393826,1.9522920734037418e-05,1.1648793948872556e-08,0.019395675265910895,0.0002022667830715042,0.2084231341635661,2.737464682815638e-06,0.003365965678005329
64,1.0519255525790777e-09,0.03791997538101157,3.4475574887728454e-08,2.7494209205858135e-06,0.00011412452443830965,0.6505297506818236,4.803102954988461e-07,1.0375934447865548e-08,0.000365978235821952,1.0223177295866398e-07,2.433055077328858e-07,2.3947427867167806e-06,1.112766541105575e-12,2.6657329303803703e-06,0.023007957882681673,2.835997757778183e-06,7.087406356948095e-07,0.0006080950939285837,1.3427809678217804e-05,1.3219014106886122e-08,0.03153762595986943,0.00014810918161697163,0.2532123051962813,3.085774927460867e-06,0.0025273246717519133
65,3.210541567759267e-09,0.04943524376604147,3.780311140458871e-08,5.271210281942467e-06,0.00022098383343875942,0.690097076531227,7.298808934775425e-07,2.9335233898823443e-08,0.0009135262257579839,3.137956890753135e-07,9.252783175982823e-07,2.482632919026473e-06,2.2315805998022093e-12,4.565006046479362e-06,0.04640857372310738,3.513169795394111e-06,6.94620911373514e-07,0.0008880825003195926,2.76723017995732e-05,2.1149020264316253e-08,0.01242438126610863,0.00017734578129135882,0.1959853658230429,2.7632664090113014e-06,0.0034003978864630673
66,3.354513639482112e-09,0.014731327443342433,1.0517997182827587e-07,5.027546997907407e-06,0.0006639503663874857,0.7366061220314452,1.5541171150347508e-06,1.1390593782447564e-08,0.0006391464017100381,3.8230323918024017e-07,3.6611803124402924e-07,1.7573711909787084e-06,6.556803108494571e-12,4.498607516655204e-06,0.00650911331179364,5.607726464957344e-06,1.0731016490604717e-06,0.0005114982802605723,2.6288635312997963e-05,4.95171597022915e-08,0.016148465989231624,6.497346589245149e-05,0.22156835596794355,5.571797142764232e-06,0.0025047499685364833
67,1.4715514115518686e-09,0.04723242016015482,3.115828639764378e-08,3.407081553742841e-06,0.00014667778708888675,0.6728199541970595,5.890819961564483e-07,1.3863720113290242e-08,0.0004945976686851223,1.305516722317051e-07,3.326346624796729e-07,2.2810086534257956e-06,1.2847807046716212e-12,3.197259719906322e-06,0.02748806715828433,2.833514410432373e-06,7.119377191341901e-07,0.0007275099000342173,1.741354981434996e-05,1.4073807037581089e-08,0.02080169400694104,0.00017212362572625962,0.22685099144963042,3.076825784781487e-06,0.0032319300317589835
68,6.334651098075525e-09,0.08577429888752681,5.215495617208794e-08,6.8996514885848114e-06,0.00034642115543803313,0.5618671058186316,9.84288627939051e-07,1.7475075140428e-08,0.0011336210945443123,2.4215938511199505e-07,7.361328712231283e-07,1.6959617838060068e-06,2.221155211681139e-12,6.760503555464631e-06,0.028698842112726,4.1706508977443215e-06,1.4127499932447705e-06,0.0008111345294150675,5.002402699488863e-05,1.584102405857356e-08,0.013208361709383536,0.0002359305486109739,0.3006720138471549,4.421989623355439e-06,0.007174830373419626
69,7.407086065028471e-10,0.03375004392562389,1.894202209245912e-08,3.296895705309861e-06,0.00010086469496558934,0.530618118695545,2.9576002505884124e-07,9.418928598873733e-09,0.00048528732807818077,1.2720534904903066e-07,6.993963229273877e-07,1.6568507334279804e-06,6.360886796903066e-13,2.3245059459982535e-06,0.04433602149333258,1.2374916299803003e-06,4.3866466169599623e-07,0.0008562869245508388,6.398826356060994e-06,2.163535586884344e-08,0.0234385608185389,0.00010654049180745103,0.36306775235880867,1.130146754732762e-06,0.0032228667876135104
70,1.6124586832088364e-09,0.05543807442291774,2.998704569421109e-08,2.8675136547540332e-06,0.00015229270818690175,0.6452571730295544,5.754153339439953e-07,1.4106381694431409e-08,0.00048035427043612114,1.3181612311014027e-07,3.196610610732614e-07,2.442580093591857e-06,1.3923540087839387e-12,3.857460955492192e-06,0.03024278196937366,2.5955801967252706e-06,9.1616859686272e-07,0.0008448107551759537,2.1525864695330202e-05,1.3391826012281734e-08,0.02116171003718744,0.00019857968406992017,0.24221959479402128,3.852549156942717e-06,0.003965484620104396
71,1.7086110165406456e-09,0.0030317412894218894,1.342724048166104e-08,2.280184595881042e-06,0.00024552650646438907,0.8315015244427362,6.8496783349549265e-06,1.2186519478973963e-08,0.0006353401436358709,6.550497169629249e-07,1.1422293638142466e-07,1.8954261518574218e-06,3.693775707391373e-12,3.985650735888949e-06,0.0036711297120450752,2.6731684765300356e-06,8.200501908707021e-07,0.0003291804611107091,7.48287927094861e-06,2.2230283931667644e-08,0.003464268742024392,6.010842946731273e-05,0.15325080972918675,1.0095359852515916e-05,0.003773469317296024
