,0,1,2,3,4,5,6,7,8,9,10,11,12,13,14,15,16,17,18,19,20,21,22,23,24
0,0.0001084970626445919,1.5761072372324486e-05,8.624330176132971e-06,0.0004027957150295513,0.00029689719155729576,0.9737860546697623,7.70226587732864e-05,9.404228472080137e-06,0.005838039323952033,0.0009842085293013166,0.0012173108763655416,4.5889303235711067e-07,2.0299388373893713e-06,6.764035890073824e-06,0.004090547145742205,1.22289172568346e-05,0.00013694828805631065,3.456062970868321e-05,0.0031881483245851843,6.315414248761131e-07,8.881963108436501e-05,0.00013064195435766792,0.00943295412431205,3.112889720919572e-05,9.9522020096478e-05
1,3.784348446491172e-05,5.315229920541958e-06,4.696067131612592e-06,0.00015134259732190006,8.904498527516678e-05,0.978399252533366,3.819899213773082e-05,5.39561819187371e-06,0.009154134969918439,0.001383068623574254,0.0004163255894429969,1.256145432682915e-07,1.0569951229481442e-06,5.3481225228842065e-06,0.002652846736516788,6.8926559357063645e-06,2.2704211129085597e-05,2.4259155865300778e-05,0.0023895082411246418,5.311347564768864e-07,3.9487845484004406e-05,8.01630120794271e-05,0.005015195120231347,1.603274454835449e-05,6.122971939420643e-05
2,4.6316310132736815e-05,8.063919940239199e-06,5.282119006637149e-06,0.00017510744137899762,0.00015115138946572955,0.9733659418305313,4.427742999708623e-05,7.1977104203668125e-06,0.011214921583825574,0.0013982197689609665,0.0007336316905668609,2.1710979082856233e-07,1.1374964461219595e-06,1.0319520493470719e-05,0.004508995895625985,6.698250151317631e-06,3.2443255580424636e-05,2.3756406962399765e-05,0.0022065337798909852,6.806530484621189e-07,4.66773175856744e-05,0.0001231807114333782,0.005762359271376384,1.77255204302337e-05,0.00010916361695781982
3,5.425280344947359e-05,7.512822153673068e-06,4.613792593441745e-06,0.00017737484663344456,0.00011649834064270173,0.9782362685576133,4.2971698997079875e-05,6.349556734926064e-06,0.007925932105480728,0.001108032171753205,0.000676800343600367,1.8453395641862044e-07,1.1883350269864405e-06,6.249668782872847e-06,0.003361020486030302,6.23874087693685e-06,3.64633755438385e-05,2.4098449640085e-05,0.0023982202249570816,4.83196294483545e-07,4.534531322801109e-05,0.00011399653913220977,0.005561032492566792,1.5544361117164758e-05,7.332724319448523e-05
4,6.176884744510151e-05,9.14149813186477e-06,5.519523558519902e-06,0.00020315707360916597,0.0001371768684310328,0.9753545998459224,5.1730026196369395e-05,7.4457849405793866e-06,0.009397432876223546,0.0012810399027743285,0.0007774639276197045,2.1809873099717957e-07,1.588482978048464e-06,8.274982603557611e-06,0.0034696143074959265,6.761251536637184e-06,4.019449655047715e-05,2.975695695515408e-05,0.002793987251519732,6.099909305757508e-07,5.851781069729583e-05,0.00013902022641690463,0.00606411880067688,1.8918912191601135e-05,8.194225586343555e-05
5,5.4114173849401784e-05,6.890507937526972e-06,5.131036087070068e-06,0.0002255977619533198,0.00013009108575832512,0.9769265231415261,4.130176114441607e-05,6.3695206684697575e-06,0.007913698984987883,0.0012894802909651992,0.0006268061455321778,1.5390420401293162e-07,1.2670395829296785e-06,6.707493774092005e-06,0.002707531661903247,6.125610223497748e-06,3.598571224143604e-05,3.639225102669052e-05,0.0025126558575414917,5.901622433075764e-07,5.238834402348635e-05,9.088850665740207e-05,0.007247136809308241,1.803102960999609e-05,5.8141207250548386e-05
6,5.425280344947359e-05,7.512822153673068e-06,4.613792593441745e-06,0.00017737484663344456,0.00011649834064270173,0.9782362685576133,4.2971698997079875e-05,6.349556734926064e-06,0.007925932105480728,0.001108032171753205,0.000676800343600367,1.8453395641862044e-07,1.1883350269864405e-06,6.249668782872847e-06,0.003361020486030302,6.23874087693685e-06,3.64633755438385e-05,2.4098449640085e-05,0.0023982202249570816,4.83196294483545e-07,4.534531322801109e-05,0.00011399653913220977,0.005561032492566792,1.5544361117164758e-05,7.332724319448523e-05
7,8.6866966452338e-05,7.786142273630053e-06,4.838224187644562e-06,0.0001800086815110255,9.94560679156656e-05,0.9805478198458641,4.937836130375418e-05,8.366712930537684e-06,0.006583719138489834,0.0009867915357377628,0.000944171847480001,1.917191076926158e-07,1.9458531456056837e-06,4.975028468281963e-06,0.003342070095828676,5.5765699366984146e-06,3.5005519913398515e-05,2.7877340125376236e-05,0.0028742383803230455,4.6856706416057025e-07,4.769687711964283e-05,0.00016892140802938403,0.003926023833144292,1.2087258971680166e-05,5.3718024675700824e-05
8,7.171917491161757e-05,8.567864161088072e-06,1.0637480920908347e-05,0.0002468417700761547,0.00014790119689026953,0.9713887511625372,2.6032489746240965e-05,4.304850360706524e-06,0.010066875417755626,0.0017585114698987255,0.0004862855737427855,2.2884801462711208e-07,1.1322260457598803e-06,8.577699206727213e-06,0.00336964174152139,9.83418236462598e-06,5.4452396211018224e-05,2.2057995149139047e-05,0.0012665210574792222,7.459472529569749e-07,3.3719342252171015e-05,7.123611221225498e-05,0.010766377573803745,4.373027770614171e-05,0.0001353161497788409
9,4.031152673182758e-05,1.2275274424172795e-05,1.2439976033073202e-05,0.0002808243178419588,0.00013375284682537147,0.9637406547727078,2.8369188973117904e-05,5.836157241510882e-06,0.013792620020010206,0.0039279385045816245,0.0003957731099816349,1.880804606198508e-07,1.3588014255000114e-06,1.5653434320119024e-05,0.003704078771612242,1.490745203782142e-05,4.864113699555557e-05,3.071007209280639e-05,0.0021486816941349582,1.3414995448918713e-06,5.029213963604101e-05,7.622585408683883e-05,0.011326381494305662,4.955005140991413e-05,0.00016119382258450153
10,5.425280344947359e-05,7.512822153673068e-06,4.613792593441745e-06,0.00017737484663344456,0.00011649834064270173,0.9782362685576133,4.2971698997079875e-05,6.349556734926064e-06,0.007925932105480728,0.001108032171753205,0.000676800343600367,1.8453395641862044e-07,1.1883350269864405e-06,6.249668782872847e-06,0.003361020486030302,6.23874087693685e-06,3.64633755438385e-05,2.4098449640085e-05,0.0023982202249570816,4.83196294483545e-07,4.534531322801109e-05,0.00011399653913220977,0.005561032492566792,1.5544361117164758e-05,7.332724319448523e-05
11,6.138003703082057e-05,7.984326309874185e-06,4.950107950493874e-06,0.00019204152962110698,0.00012654032781790159,0.9771989155088333,4.8829123943013326e-05,6.798753906117442e-06,0.008425334713263457,0.0011078169105044877,0.0007400782408418754,2.06669507131952e-07,1.4639569834245054e-06,6.5330086520196075e-06,0.00344246709397888,6.612379704681636e-06,3.8012406834272625e-05,2.6503978746372374e-05,0.002630496995860283,5.427581036433641e-07,5.035134458008449e-05,0.0001289083953577067,0.005654457455022457,1.7824299370911047e-05,7.494967727581505e-05
12,5.181488850685952e-05,6.4491671964297735e-06,5.708656745260343e-06,0.00014721072253324802,0.00018256373417536903,0.9773133610550832,3.774448352113408e-05,4.975781756642241e-06,0.008762146475806094,0.0010581161698084952,0.0007283599092884447,1.8380317715127725e-07,9.561477889739824e-07,8.051789360377795e-06,0.0027884565519735852,4.984505142886563e-06,4.011430576216851e-05,2.3248153426824032e-05,0.0015286372319487829,5.682217127020863e-07,5.1092263381197424e-05,9.037513021984603e-05,0.0070558940075914674,1.9747756792215635e-05,8.923908730081219e-05
13,0.00016377235874586558,2.2563961407912195e-05,8.458888810122054e-06,0.00022781476324869134,0.0003770695445979253,0.9545000628178646,0.00011902801948829174,3.03612450273554e-05,0.014645070035536828,0.001045191772332767,0.005586542285958223,1.3703244317020074e-06,3.284078637106216e-06,3.1661551505194954e-05,0.012810035830164105,9.767520255527142e-06,9.234198989547084e-05,3.758011794235978e-05,0.00434362012171835,9.778324806218908e-07,0.00012876490953579346,0.0006717676509969629,0.004778149765845021,2.0849841323398562e-05,0.0003438927722498607
14,5.904242859719457e-05,9.492639536467258e-06,4.889489979346373e-06,0.0002083032749904207,0.00014544546783668764,0.9769858883022744,4.616126489328641e-05,6.909097727693117e-06,0.007964843256229358,0.001219468951161727,0.0008210400212849573,1.945901552329965e-07,1.4069504333069522e-06,7.123361506116496e-06,0.0033487878456418753,6.096704019343055e-06,4.3024970088273125e-05,2.8471753506892822e-05,0.0028921784590971015,5.175052461138918e-07,5.7823335181940964e-05,0.00012955012755507529,0.00592404564902119,1.690935058613362e-05,7.238520344974087e-05
15,5.425280344947359e-05,7.512822153673068e-06,4.613792593441745e-06,0.00017737484663344456,0.00011649834064270173,0.9782362685576133,4.2971698997079875e-05,6.349556734926064e-06,0.007925932105480728,0.001108032171753205,0.000676800343600367,1.8453395641862044e-07,1.1883350269864405e-06,6.249668782872847e-06,0.003361020486030302,6.23874087693685e-06,3.64633755438385e-05,2.4098449640085e-05,0.0023982202249570816,4.83196294483545e-07,4.534531322801109e-05,0.00011399653913220977,0.005561032492566792,1.5544361117164758e-05,7.332724319448523e-05
16,8.014095063709616e-05,1.2011162384027752e-05,4.613346423472953e-06,0.00019803339594440646,0.00013468573974515673,0.9740360781161951,5.892566263892408e-05,1.1664461866402397e-05,0.008748127327697475,0.0011288337197730251,0.0012488320032989831,3.909495865839529e-07,1.6000741868085913e-06,1.0364451564062509e-05,0.005937171193521072,7.66050003135975e-06,5.054094070620859e-05,2.7618689594822626e-05,0.0033669799032150943,4.915224807803574e-07,5.689837433949881e-05,0.0002525118360408471,0.004497439868717135,1.2786887889771447e-05,0.00011559892152172625
17,0.00011197325174418863,1.1132590376561326e-05,8.627367302754528e-06,0.00020454410927051812,0.00031848442583014394,0.9695462422192436,9.204814321131932e-05,8.306758343397636e-06,0.012542719647714558,0.0008980329778487229,0.0014666304701222083,4.0893706027601673e-07,2.276740363440199e-06,1.3719442819201035e-05,0.002539385852983969,5.545502256840797e-06,6.784935066615911e-05,4.3457224780564585e-05,0.0023945263292474324,7.070126907816864e-07,0.0001262086465653816,0.00017395957609508286,0.009277985423574945,3.331231826136272e-05,0.00011191568162669773
18,5.5336120601555205e-05,1.1224870467337096e-05,8.451119969285378e-06,0.00012691243877567489,0.00014759106933574066,0.9703038439427829,5.765459873989355e-05,7.219468753136838e-06,0.010682545988671032,0.0014853629969965591,0.0008716256560572101,4.041986868154969e-07,1.2563523208814214e-06,1.4466070738902608e-05,0.004784685001175493,1.3120262807341818e-05,7.023761914588976e-05,2.469142167131289e-05,0.0025984948705497857,7.902981109717068e-07,8.29158490808023e-05,0.00014226835300297188,0.008225752873171783,3.088661404333117e-05,0.00025226194434332347
19,2.8523214649951128e-05,6.456351494231104e-06,2.587604136404343e-06,0.00020221223613772735,0.00010192111881374391,0.9812318160582608,2.9915257623257604e-05,4.304638409359723e-06,0.0081927070567803,0.001111106930986943,0.0003401482897040836,1.376284776585741e-07,8.03186274365539e-07,4.257371716240343e-06,0.003091147669782196,4.719588498713118e-06,2.0979266849462825e-05,1.3182698083373885e-05,0.0017324521110421015,3.703558804245317e-07,1.9094067908994536e-05,9.541405810225154e-05,0.003703423510589659,1.141773424998813e-05,5.090199554770215e-05
20,5.296620837018823e-05,1.0324454074402617e-05,3.7187773517284115e-06,0.0001963613939891011,0.00011415461933441968,0.9752945696492373,5.0175678301240994e-05,8.968980848677167e-06,0.009698655484556833,0.0013187757921525097,0.0008643819914440752,1.9565699362172794e-07,1.8088285104530464e-06,8.274057268926049e-06,0.0047992290020485145,5.6256838710283085e-06,3.0486292334211498e-05,2.3229373016399362e-05,0.0034034371981934305,5.921146994618042e-07,4.726387633471502e-05,0.00023128559556933055,0.003750639675003237,1.2144676870641682e-05,7.273493962556374e-05
21,0.0001809372711837074,1.5900505164731928e-05,2.0082801151167632e-05,0.00031949637737252554,0.0002453829359735227,0.9635106187443427,8.22028634038676e-05,1.4769014924193836e-05,0.012754464738933873,0.001957484275403803,0.0015153850697667845,6.194082163759268e-07,3.5238486647789395e-06,2.1058073097450226e-05,0.003397752399635673,1.5752487637324442e-05,0.00010055269362774078,8.67236933680055e-05,0.0030060459125625214,1.3567880359566646e-06,0.00014417023983151955,0.0001703995785017538,0.012216566305289289,5.28088261463255e-05,0.0001659451477642026
22,7.981578611188149e-05,7.969805286706324e-06,7.203030240231803e-06,0.00017938382694475925,0.00010509721522913981,0.9807081532737467,3.439286894083416e-05,9.035944828178985e-06,0.004346517565720249,0.0014335605211742587,0.0008221388020378757,1.44617665973355e-07,1.3153789767316166e-06,6.637045066254679e-06,0.002183593166406785,6.403595859067846e-06,7.123305925735671e-05,4.2145100110809e-05,0.0024041217249595333,5.392174285607243e-07,7.624505553548283e-05,0.0001123015947308973,0.007298861420442134,1.2022173586809197e-05,5.1168209712685973e-05
23,5.425280344947359e-05,7.512822153673068e-06,4.613792593441745e-06,0.00017737484663344456,0.00011649834064270173,0.9782362685576133,4.2971698997079875e-05,6.349556734926064e-06,0.007925932105480728,0.001108032171753205,0.000676800343600367,1.8453395641862044e-07,1.1883350269864405e-06,6.249668782872847e-06,0.003361020486030302,6.23874087693685e-06,3.64633755438385e-05,2.4098449640085e-05,0.0023982202249570816,4.83196294483545e-07,4.534531322801109e-05,0.00011399653913220977,0.005561032492566792,1.5544361117164758e-05,7.332724319448523e-05
24,4.661238121643861e-05,1.3477435358381085e-05,4.222530837454673e-06,0.0003516740304605183,0.00013957587063164533,0.9726356138471337,4.730476302297802e-05,8.068338203411475e-06,0.008460480175271356,0.0017132472925641057,0.0006485974652758468,1.8835692835500453e-07,1.4052959640420707e-06,8.390456445878462e-06,0.004132442857900897,7.607215689223868e-06,4.8580523187780004e-05,3.33856781355425e-05,0.004284955338194731,5.420309354591198e-07,5.635254082244266e-05,0.0001358330076156634,0.007134066222944771,1.6963299364550588e-05,7.041304589468835e-05
25,0.00011351555420062756,9.315825681571927e-06,8.141563586171984e-06,0.0002486109398254812,0.0003078862380663846,0.9732903683399334,0.00010045984318249596,2.2275369159545393e-05,0.008693956253597883,0.0009458135002794553,0.002417525171951652,4.315759976712215e-07,2.323900265791921e-06,1.4537319313051454e-05,0.0029795095004314176,6.338686364851696e-06,6.25921755758925e-05,7.566011589085277e-05,0.002934243591575262,9.25836802659628e-07,0.00013924725315464075,0.0001886077561256754,0.007339911182971536,1.6936138247092612e-05,8.08663678187839e-05
26,6.425834850261653e-05,4.114731164094252e-06,8.245495125259512e-06,0.0002048454863860435,0.00014903315033685673,0.9712925955839683,3.056103290884521e-05,3.0743971549611255e-06,0.010430367274475768,0.0011633542550468952,0.0003734470146461438,1.1087077130226084e-07,9.911323294916003e-07,5.684062481287156e-06,0.0013054959474306284,5.198873145936154e-06,3.089993945790154e-05,4.033190140538569e-05,0.0011619664011026996,6.291065286147103e-07,4.375493817463703e-05,3.732893202218666e-05,0.013551421571441926,3.969528668281535e-05,5.259426730954626e-05
27,3.599194723365353e-05,5.199932974370571e-06,2.2266020003423737e-06,0.0001343804342977529,8.037772993171771e-05,0.9799091683450408,3.16643995232534e-05,4.638995552783878e-06,0.009632949019690206,0.000833572810047117,0.00044430555263569034,1.4337400722206967e-07,8.327169032503569e-07,3.896905959325317e-06,0.0037359156153444263,4.253843475909247e-06,1.5573875022903935e-05,1.2232225775716493e-05,0.001897326471503018,3.238020351367447e-07,1.8551463966464165e-05,0.00012728129571544145,0.002998982769802857,1.0770168585605532e-05,5.943970297519413e-05
28,5.425280344947359e-05,7.512822153673068e-06,4.613792593441745e-06,0.00017737484663344456,0.00011649834064270173,0.9782362685576133,4.2971698997079875e-05,6.349556734926064e-06,0.007925932105480728,0.001108032171753205,0.000676800343600367,1.8453395641862044e-07,1.1883350269864405e-06,6.249668782872847e-06,0.003361020486030302,6.23874087693685e-06,3.64633755438385e-05,2.4098449640085e-05,0.0023982202249570816,4.83196294483545e-07,4.534531322801109e-05,0.00011399653913220977,0.005561032492566792,1.5544361117164758e-05,7.332724319448523e-05
29,5.425280344947359e-05,7.512822153673068e-06,4.613792593441745e-06,0.00017737484663344456,0.00011649834064270173,0.9782362685576133,4.2971698997079875e-05,6.349556734926064e-06,0.007925932105480728,0.001108032171753205,0.000676800343600367,1.8453395641862044e-07,1.1883350269864405e-06,6.249668782872847e-06,0.003361020486030302,6.23874087693685e-06,3.64633755438385e-05,2.4098449640085e-05,0.0023982202249570816,4.83196294483545e-07,4.534531322801109e-05,0.00011399653913220977,0.005561032492566792,1.5544361117164758e-05,7.332724319448523e-05
30,5.425280344947359e-05,7.512822153673068e-06,4.613792593441745e-06,0.00017737484663344456,0.00011649834064270173,0.9782362685576133,4.2971698997079875e-05,6.349556734926064e-06,0.007925932105480728,0.001108032171753205,0.000676800343600367,1.8453395641862044e-07,1.1883350269864405e-06,6.249668782872847e-06,0.003361020486030302,6.23874087693685e-06,3.64633755438385e-05,2.4098449640085e-05,0.0023982202249570816,4.83196294483545e-07,4.534531322801109e-05,0.00011399653913220977,0.005561032492566792,1.5544361117164758e-05,7.332724319448523e-05
31,9.656446259663707e-05,1.038161667904493e-05,9.534834016862155e-06,0.00020739743356359457,9.712545036187278e-05,0.9777158391870882,4.9252106222479945e-05,1.3160103815562456e-05,0.006716230921937398,0.0016088839895327747,0.0007827146987042566,2.436105169570938e-07,1.5988418160601003e-06,8.37252062290996e-06,0.0025656792687755196,1.0594742312841555e-05,6.215793720783152e-05,4.519056310576992e-05,0.002551421748252985,6.051742000754481e-07,7.184362472617797e-05,0.00012320951487836896,0.0071561375921858,1.6813027260876214e-05,7.904702961902764e-05
32,5.022448499446646e-05,7.243579074400519e-06,4.104943949182512e-06,0.00018242827640615753,0.00010986517556804046,0.9781954999217652,4.3546340870091776e-05,6.0983335931092485e-06,0.007543609830084368,0.0010865912620670447,0.0006415476073522898,1.6784099937722448e-07,1.1787146775797848e-06,5.558562490750324e-06,0.0035463089330920413,6.22624867356222e-06,3.510562095466814e-05,2.3609197702848288e-05,0.0028149529867286523,4.559603954845255e-07,4.578230425349283e-05,0.00011378027155611467,0.005453647468704571,1.4844085506275484e-05,6.762204854063566e-05
33,0.00022863028064072784,2.5167759253919387e-05,7.417941551534431e-06,0.0005060858486203743,0.00023221885280489066,0.9710219025673126,0.00012503636217416707,2.1385015406962255e-05,0.005846594426812709,0.000874757548367981,0.002573461995559378,8.788946741583235e-07,4.92227392439608e-06,8.565867206407498e-06,0.00426812187551933,1.336403842863663e-05,0.00017355084260067412,6.34533776116191e-05,0.0062126996359340835,6.139631907776878e-07,0.00013374386840403073,0.00041178118582888565,0.0071281431737270995,2.715719467763416e-05,9.034520976710706e-05
34,7.727568656991643e-05,6.230022392011484e-06,4.69958362311821e-06,0.0001845522139498575,0.00012315242470996635,0.9778181247697214,4.910315549737658e-05,6.6183415033984436e-06,0.007902883806811463,0.0008932244629915838,0.0008207405642382233,1.7954530210044796e-07,1.4081509223408875e-06,5.143830461147599e-06,0.0035016193815492393,5.673634089100721e-06,3.390410413422244e-05,2.9142542153870666e-05,0.002757297958002616,4.4096629314264867e-07,4.9764957119968296e-05,0.00011902668993343248,0.005532122894663005,1.5637124458073218e-05,6.203318890946086e-05
35,9.999709123844644e-05,4.8065485700537776e-06,3.219544541788377e-06,0.00013489920003477977,3.275392707625067e-05,0.9855996615257964,3.277991642062209e-05,7.824876541692884e-06,0.00559074688963947,0.0008476089589835045,0.0004114589071315716,1.707203017566102e-07,1.3603114204514e-06,2.0818867523412676e-06,0.001592388830187309,8.16623214230772e-06,2.3121559712128975e-05,3.4662188338851894e-05,0.0025540743946408165,2.405697735808015e-07,2.1870983008365082e-05,0.00014016301496440735,0.0028158163454040804,9.953745725878012e-06,3.017183165307113e-05
36,5.72513129505117e-05,1.122624400908614e-05,3.827561443776321e-06,0.0002275806010881761,4.320186096775763e-05,0.978343880298794,3.8707364413581505e-05,1.3773790146418718e-05,0.00840147416270766,0.001985730981166891,0.0004245642310296359,2.3102089515259418e-07,1.4071408950092831e-06,7.679101021389357e-06,0.00364138149618509,1.023672034018615e-05,3.563391705443987e-05,2.988279035010492e-05,0.003049450118777818,4.3998562280524115e-07,2.5032448494363762e-05,0.00023026512876170391,0.0033507804298631527,7.410587727828289e-06,5.895070529333708e-05
37,0.0001435214773542673,9.640417098201264e-06,1.3258306716986252e-05,0.00022150242235519855,0.0002604648974086624,0.9676440755829153,7.534120653900828e-05,6.656884928293234e-06,0.013609769089620603,0.001222753109925121,0.0011034577372877183,3.65068400300106e-07,2.795007492299767e-06,1.1960847464874756e-05,0.002425778760411484,8.047941676589895e-06,6.018733644325187e-05,5.341223878550855e-05,0.0022589295543612754,9.17598672029055e-07,0.00010687121909101805,0.0001282278536590997,0.010464265306239255,5.277082873432574e-05,0.00011502930641891608
38,3.811659337554984e-05,2.36939333491225e-06,2.2690418215703215e-06,0.00010675460716137161,3.206836744494471e-05,0.9880039092442965,3.453595380453205e-05,3.9459850640720995e-06,0.002847751275619733,0.0005789701941695767,0.0002722590382783411,7.738922626499095e-08,8.016470220709813e-07,1.1460178417109717e-06,0.0021141489000822216,6.75829464662943e-06,2.110176195053346e-05,1.8538462649157792e-05,0.0023693396211307686,2.599000129119243e-07,2.300055484240148e-05,5.6652596992473156e-05,0.0034346593418382743,6.9116673134555e-06,2.3654150080024303e-05
39,5.19490767951104e-05,4.815584037182355e-06,3.941180006045973e-06,0.00011367818715296946,7.268834276813918e-05,0.9848784680634852,4.973106000675659e-05,8.226161555105311e-06,0.004612479564037366,0.0007099831841612661,0.000624385404568196,1.9722633968112432e-07,1.0438882574256984e-06,3.558670223358319e-06,0.0023252475732170926,7.424085818105128e-06,3.725054683784287e-05,2.1243726071449708e-05,0.0021268547889665562,3.7774290848652223e-07,4.6166644850681043e-05,0.00010799377435727356,0.004126130656792102,1.0426226090324723e-05,5.5738640695964606e-05
40,5.63461358241304e-05,7.56807511497011e-06,4.6502092907120985e-06,0.0001695408016406262,0.00011660907212326025,0.978681326377597,4.2758681992041785e-05,6.380633571936182e-06,0.00785733459088355,0.001064908946278041,0.0006986544057714072,1.9311311364822339e-07,1.192720639060219e-06,6.247129172395784e-06,0.0034283810437117116,6.09580373544795e-06,3.668175862973379e-05,2.2627872572678566e-05,0.0022686561482901943,4.7324769298047274e-07,4.40671494308735e-05,0.00012001121387271106,0.0052686898905622455,1.5017556324833811e-05,7.558742216388562e-05
41,1.9829445111577204e-05,1.9545093828010107e-06,1.0614366095720452e-06,0.00016535743579695512,0.000105125615183592,0.9850212322866783,1.4827333104457406e-05,1.9684674399944836e-06,0.006308379267947189,0.00043012269898148365,0.00026109150649033136,7.486344549448365e-08,2.4263098680051684e-07,1.2504835496697242e-06,0.004388497740713005,2.01718586389264e-06,7.980023506929593e-06,5.137539615864614e-06,0.0008294489325791991,1.4725424969003526e-07,4.464943641406427e-06,3.876947778092506e-05,0.0023554182460409196,5.646185964066196e-06,2.995448933613529e-05
42,3.960683385792662e-05,6.561034726801759e-06,1.8189289252964965e-06,0.00013271545268720808,5.4108867084095595e-05,0.9840507990326236,3.4347152848121335e-05,6.480478374751075e-06,0.005248835944634347,0.0008042527226402084,0.0005048701687747403,1.369847135006832e-07,1.1896288211637466e-06,2.399390868334405e-06,0.003762286132448266,5.496219003476344e-06,2.3987512938934938e-05,1.0979907417503221e-05,0.003142858979550131,2.700422671713644e-07,2.1639290187964066e-05,0.0002201389592477702,0.0018766862808097407,6.619590189603386e-06,4.091446435944302e-05
43,0.01797877558581269,0.0018762370174181693,0.00030754883345122274,0.0048015493296669565,0.019601289171521395,0.39242107052659,0.003726333043462011,8.38019718372614e-05,0.09652292232916712,0.0004395539704532455,0.22625299016084208,0.0008938579458591907,7.654226360920312e-05,0.0013028334634270012,0.03134986447925256,0.000111294266248411,0.01398705170968883,0.0006708670006492524,0.008529469119414199,3.5336037541499657e-06,0.001989786904308884,0.0024377892888444758,0.14646002765418753,0.003936252393806852,0.024238757966727472
44,5.425280344947359e-05,7.512822153673068e-06,4.613792593441745e-06,0.00017737484663344456,0.00011649834064270173,0.9782362685576133,4.2971698997079875e-05,6.349556734926064e-06,0.007925932105480728,0.001108032171753205,0.000676800343600367,1.8453395641862044e-07,1.1883350269864405e-06,6.249668782872847e-06,0.003361020486030302,6.23874087693685e-06,3.64633755438385e-05,2.4098449640085e-05,0.0023982202249570816,4.83196294483545e-07,4.534531322801109e-05,0.00011399653913220977,0.005561032492566792,1.5544361117164758e-05,7.332724319448523e-05
45,2.186132000241571e-05,2.3201889049213586e-06,1.114191171107465e-06,0.00015155982912552773,7.034500628293388e-05,0.9841934153527969,3.827270583391279e-05,3.5441903935958484e-06,0.005919362178668642,0.00043597013637686405,0.00030829474395242866,9.058048109155912e-08,5.982210264949354e-07,1.3201471499981613e-06,0.004387540235361361,3.7827362602299276e-06,9.570234010890885e-06,8.80254048934624e-06,0.0020826887074815357,2.3779529260324447e-07,1.1110393480379996e-05,6.913328488779985e-05,0.002244328757760219,6.267916716284919e-06,2.846860609278182e-05
46,8.420920133798374e-05,9.883745059598319e-06,4.236011102473016e-06,0.00020917960879604104,0.00010388381727847963,0.9823892623799013,4.036905821150619e-05,7.313912650628155e-06,0.004157356248980521,0.0007810186892413984,0.0008266768593740971,2.830229322823779e-07,1.2821396556392633e-06,3.936969318994527e-06,0.0037209821888502656,7.634402817164236e-06,7.751249146833262e-05,1.8349839813526958e-05,0.002301858834997922,3.3525198187337723e-07,3.7571808604403395e-05,0.00016333094005178858,0.004970647328365451,1.2728828332222852e-05,7.015642087597881e-05
47,0.00012526576606950625,1.9522383254348115e-05,5.3784512829305186e-06,0.00018345959340686308,8.281188078751893e-05,0.977491209189979,6.004394601529834e-05,1.015542162829939e-05,0.008538476253621821,0.0011393666738759617,0.0009074939328198662,5.346207183763163e-07,2.7033327962523925e-06,5.827489854555763e-06,0.004740249260237017,1.2743057503034155e-05,6.147761937806176e-05,1.8346435719617396e-05,0.0030206553304596203,4.510213520429401e-07,3.3774110241116595e-05,0.00037320844961000486,0.0030274247603892216,1.8765069455959973e-05,0.00012065594954349237
48,5.1333523661614706e-05,1.40216042013994e-05,4.198121535637557e-06,0.00025028291638677863,8.313934337435249e-05,0.9793154256797987,3.904199267360361e-05,7.841596044158498e-06,0.005218663019310993,0.0015269043997342294,0.0005436061209308712,1.824409625857964e-07,1.23752289100814e-06,5.772506484868316e-06,0.0035840362211703313,8.317510445453345e-06,6.640635514463272e-05,2.2713815473057185e-05,0.0033382356135511705,4.02495319575443e-07,4.474844223168256e-05,0.00014823308860210612,0.005650406615389236,1.1413659980732892e-05,6.34353947010939e-05
49,5.5176368407075024e-05,5.427889777568777e-06,4.80374961644337e-06,0.00012537238664137417,9.0846168649108e-05,0.9837844704142481,3.475469338490924e-05,5.93460474811502e-06,0.006416880163913835,0.0008596623092439552,0.0005732489212826935,1.885635650097407e-07,9.88551458363903e-07,4.685907311691537e-06,0.0021346914352326257,5.362801022452134e-06,3.038201239837464e-05,1.9410786080980452e-05,0.0012785033496260354,4.280478265590433e-07,3.1520770900765136e-05,9.300320925954522e-05,0.004371545873624201,1.2713868338118318e-05,5.99971534422511e-05
50,4.40449181892401e-05,1.0826806558699406e-05,5.144189689986707e-06,0.00019060893941554946,0.00010327148193654897,0.9768157603620715,4.934702880434304e-05,9.364601282418496e-06,0.009019604821517436,0.001913755037097349,0.0006009576159675121,1.8568448201686057e-07,1.7127165377594727e-06,8.130445934487318e-06,0.003773128152166854,7.698375260689005e-06,3.2200244202693464e-05,2.2980016942678675e-05,0.0033584569569750553,6.26232226727543e-07,5.061897122835819e-05,0.00017292003331379792,0.0037205144697611933,1.2527965554327404e-05,7.56139328827812e-05
51,5.717131269122551e-05,9.639567073262681e-06,4.7577266735319865e-06,0.00020965978767091214,0.00012047843985647966,0.9770748510471827,4.3794157670949045e-05,7.47525505285881e-06,0.008286628979641867,0.0012734290789629017,0.0007262163678380712,2.0803209629493705e-07,1.3257016799650722e-06,7.19395041761764e-06,0.003772148799146193,6.7111606756447056e-06,3.9479137712928706e-05,2.5289843668152624e-05,0.0026792892431007024,5.068128360194747e-07,4.580100976690744e-05,0.00013553657570082337,0.005379355577816049,1.526384070242336e-05,7.77885943652787e-05
52,3.294823919112756e-05,3.6239538291168644e-06,2.6549314190497737e-06,0.0001904370564264372,3.724206497119996e-05,0.9826716815175464,1.6584033867727757e-05,5.756456562634365e-06,0.0053997230533286015,0.0019637637714326603,0.0002869060150803971,5.6623276110840626e-08,9.040699136742116e-07,3.2623404401983372e-06,0.0029691860009631492,6.245523604867512e-06,1.4888400388875917e-05,3.2826837976237994e-05,0.0026912104489722434,5.049730408326658e-07,1.771019818079087e-05,7.943363236443558e-05,0.003540476398611134,7.134623967689493e-06,2.483883464427119e-05
53,4.2859713718725766e-05,3.991070465064892e-06,3.034800373941906e-06,0.00010209383650519889,9.4180327665898e-05,0.980238128161327,7.021585598314331e-05,5.641529366703703e-06,0.008497427328625547,0.00046760913919045735,0.0006424106419872056,2.494095298000982e-07,8.181712461275174e-07,4.768400715426292e-06,0.003076154258029113,5.070058560490394e-06,2.2739816232560975e-05,1.7327986120744597e-05,0.0015292001133158594,3.702441643929343e-07,3.350088211298446e-05,8.43559290819209e-05,0.004965713371512265,1.1987940998578719e-05,8.015101317080865e-05
54,4.2985656842113384e-05,1.5543990912667194e-05,6.0595355406304194e-06,0.00016440823271819945,0.00012152433297960191,0.9673074244912896,4.4393865238045436e-05,7.452505890201611e-06,0.015030448573311761,0.001988095890911268,0.000619807544083451,4.1161910232553784e-07,1.1284511204258562e-06,1.439636927631253e-05,0.006954665519370953,1.2412514566164566e-05,4.118313068704881e-05,1.486027214545091e-05,0.0022134533110744047,6.866801086157316e-07,3.321839320755195e-05,0.00017151209956181254,0.004922545791534052,2.2471538545861056e-05,0.0002489096899817658
55,5.203244789683721e-05,1.0138770362018097e-05,5.607842549671719e-06,0.0001808636379471748,8.015490579119394e-05,0.9794356606476619,2.596169894510394e-05,8.774196571111964e-06,0.004969197235668783,0.0021854138896596534,0.0006524060867156397,9.729055436038163e-08,1.2096384054501943e-06,7.41579828262438e-06,0.0038135702828902313,6.603367367853406e-06,5.372706342281786e-05,2.6154444604575294e-05,0.0029673909204897837,5.636012567812173e-07,5.638189105689959e-05,0.00014545836975850832,0.005248042160215989,8.881215064519274e-06,5.8292596860457295e-05
56,5.7578668721553626e-05,7.820078525564382e-06,4.716760668617937e-06,0.00018166240667605752,0.00011807337201463697,0.9779528272315828,4.539965841780036e-05,6.563424639332148e-06,0.008083522034839214,0.0010997673955420223,0.0007029590209865661,1.9604470460463935e-07,1.3022797962336009e-06,6.366024787725985e-06,0.003375719139302927,6.326398003201713e-06,3.718154532689734e-05,2.4846181779411577e-05,0.0024819657821414215,5.00377952767148e-07,4.705074837032752e-05,0.00012231037484394886,0.00554517005489693,1.6232419377098854e-05,7.394257610238587e-05
57,6.44182191554462e-05,1.4426153104325508e-05,5.695298762295396e-06,0.00022710187205234356,0.0001331406323775025,0.9713708146206121,7.578638833773278e-05,9.427368844629125e-06,0.009179167292340543,0.0014979800290841137,0.0009133658231058342,2.81986876118107e-07,2.391278881547186e-06,7.989071533627818e-06,0.004409385505870389,1.0856491559724375e-05,5.4705333281617655e-05,3.134229237524072e-05,0.006193803863780505,6.029653116637283e-07,9.475207815144582e-05,0.00020868091757941974,0.005371267255386907,2.2137783927323997e-05,0.00010047947770765343
58,5.448838307103691e-05,7.3471634184769835e-06,4.994786950422346e-06,0.0001885423628011329,0.00014338593177570737,0.975850556013835,4.8193373347855464e-05,5.277650600232008e-06,0.009341285613607449,0.0010520686965051998,0.0006717705942811907,2.029514283071984e-07,1.363668491236863e-06,6.272832973471815e-06,0.0033220924198961587,6.698828452158741e-06,3.583982603387767e-05,2.4461880103108686e-05,0.002484111529907145,5.681414787174415e-07,5.026948655414815e-05,0.00010544628276058676,0.006488209501179994,2.3906498384556668e-05,8.264558216296323e-05
59,5.4266833211385824e-05,7.570606023971173e-06,5.928376918082317e-06,0.00017776428204405043,0.00014274680789503014,0.976020435819703,4.5443349636281446e-05,5.595145789473043e-06,0.009183139543753152,0.0012252452785244791,0.000658233488186449,1.926297222463042e-07,1.336965358434302e-06,7.0937418045981035e-06,0.0030346055379044455,7.153588359975628e-06,3.8800926321783454e-05,2.639433368703986e-05,0.0023177196815183103,6.255559158438449e-07,5.5543443079217935e-05,0.00010015075083660358,0.006774078018797666,2.3980162593936417e-05,8.595513241456972e-05
60,5.425280344947359e-05,7.512822153673068e-06,4.613792593441745e-06,0.00017737484663344456,0.00011649834064270173,0.9782362685576133,4.2971698997079875e-05,6.349556734926064e-06,0.007925932105480728,0.001108032171753205,0.000676800343600367,1.8453395641862044e-07,1.1883350269864405e-06,6.249668782872847e-06,0.003361020486030302,6.23874087693685e-06,3.64633755438385e-05,2.4098449640085e-05,0.0023982202249570816,4.83196294483545e-07,4.534531322801109e-05,0.00011399653913220977,0.005561032492566792,1.5544361117164758e-05,7.332724319448523e-05
61,5.613947402966409e-05,6.97176356438458e-06,6.0747485395379375e-06,0.00017117227141223766,0.00014254012250547633,0.9761097919199265,4.4586511724211375e-05,5.537294735351136e-06,0.00953730073930181,0.00119463313818869,0.0006508019116576718,1.8823284840807733e-07,1.3043402460965321e-06,7.040918336252363e-06,0.002801093575992778,6.696214419059512e-06,3.602008510407236e-05,2.6892410139394428e-05,0.00216880212578998,6.049522359530143e-07,5.476214298535578e-05,9.610167441427493e-05,0.006767452874645374,2.425653449632955e-05,8.323402276097287e-05
62,5.425280344947359e-05,7.512822153673068e-06,4.613792593441745e-06,0.00017737484663344456,0.00011649834064270173,0.9782362685576133,4.2971698997079875e-05,6.349556734926064e-06,0.007925932105480728,0.001108032171753205,0.000676800343600367,1.8453395641862044e-07,1.1883350269864405e-06,6.249668782872847e-06,0.003361020486030302,6.23874087693685e-06,3.64633755438385e-05,2.4098449640085e-05,0.0023982202249570816,4.83196294483545e-07,4.534531322801109e-05,0.00011399653913220977,0.005561032492566792,1.5544361117164758e-05,7.332724319448523e-05
63,5.725291022404134e-05,9.852731076943625e-06,4.740960900081894e-06,0.00019882283982558383,0.0001182222444059836,0.9770259162345726,4.407080371985832e-05,7.16341582769773e-06,0.008185741769438504,0.0012589624809722392,0.0007146443286684193,2.1052163688179151e-07,1.3174257806182851e-06,6.985538614717738e-06,0.003732280309890115,7.024046029194986e-06,4.2072452376589706e-05,2.4396246609929883e-05,0.002738933527403365,4.986638950947736e-07,4.7299701213814216e-05,0.00013726847529175023,0.005538499577704161,1.626008293784727e-05,8.156271098412017e-05
64,6.645192236148396e-05,8.88966683935663e-06,6.627056166861352e-06,0.00018849309585283587,0.00015043677327241587,0.9751871469373138,5.793807352923775e-05,7.655555511385429e-06,0.008392700391621263,0.0012462580758924402,0.0008651388736366688,2.1117225758457252e-07,1.6216064580134017e-06,8.476360983749669e-06,0.0031458373342733237,7.2435458865130385e-06,4.942684941720317e-05,3.421276412549904e-05,0.0030964646910210366,6.166504320987068e-07,8.612209276289132e-05,0.00012536818426648236,0.007161452161912944,2.033815147600802e-05,8.487201272903531e-05
65,3.884359542746259e-05,3.4086884935654425e-06,2.098020829620266e-06,0.00015135946182636117,8.020393931597646e-05,0.9847531835457658,3.5638836816310486e-05,4.256872985507188e-06,0.003723490916856715,0.0005226154523327143,0.0005276707230120334,1.0542503577114712e-07,6.590790287747185e-07,2.0800648322010383e-06,0.002896536118271207,4.232253280419651e-06,2.847225677114837e-05,1.8241527917866445e-05,0.0023220391692505287,2.4401690293776364e-07,2.9518473714466106e-05,6.64814179937345e-05,0.004746471450191506,7.965766948831953e-06,3.418292619862845e-05
66,0.00014776195930258263,9.199382989039282e-06,1.768227806613384e-05,0.00021251814892165197,0.0001799818168098931,0.9753665844561578,8.155386908552258e-05,1.887520890763293e-05,0.011344567595083625,0.0020421044350342516,0.001348039776853792,2.7059839745815325e-07,4.959267449858882e-06,1.344664890587777e-05,0.0023829620760206227,8.342582184975566e-06,3.660561161438816e-05,6.829964508431053e-05,0.002399232662669424,1.4748081628459784e-06,0.00010767972971825266,0.0002032512139306633,0.003922190149143465,1.9182793603566157e-05,6.323328590238187e-05
67,4.541213089610798e-05,1.3713459512158278e-05,1.1726919596019208e-06,0.00014230015738670045,0.00010913175882797868,0.96878491886692,5.0524192887063966e-05,6.773630138591075e-06,0.01577618776402785,0.0006220505656765373,0.0007946941511380096,4.6000486055041433e-07,9.91347284504127e-07,4.191455598444991e-06,0.009259794556062509,4.9356803297877975e-06,1.616343161402871e-05,5.571927740537529e-06,0.002705880837902438,1.748407102466529e-07,1.0197252536236876e-05,0.00044030163510799016,0.001080026931561164,8.101756496680473e-06,0.00011632897282434913
68,5.75958412361469e-05,7.991932926558063e-06,4.333779871725764e-06,0.00018279374348301715,0.00011103196572239676,0.9787037989426234,4.409102573432244e-05,6.904146668607623e-06,0.007222621839450368,0.001082300749142037,0.0007140706478300336,1.8475822714320926e-07,1.2469184936986441e-06,5.737277998609386e-06,0.0035194784598551136,6.516931995533081e-06,3.935022695652294e-05,2.4667391790711788e-05,0.0027365066414400075,4.5446147031280656e-07,4.702652194020038e-05,0.00012689233044468356,0.005271011942986594,1.427065726870137e-05,6.912086444359762e-05
69,5.026969004332899e-05,6.124106176862307e-06,1.7661420986242705e-05,0.00016446852704501234,0.00012642336946580397,0.9696025329468159,5.1678201150977184e-05,1.0661260804076606e-05,0.009861441159910346,0.0026351198293334413,0.0006271325526329294,1.7663629781172918e-07,1.703442838673577e-06,1.871459869980169e-05,0.001719924412686441,1.1111004567376483e-05,4.001454808529114e-05,8.132645129119558e-05,0.002148637205038671,1.700997157140875e-06,0.00015360513022488322,5.941295141532758e-05,0.012479104322815114,3.133436427433098e-05,9.972087024298309e-05
70,3.117857212802687e-05,2.9239022842376972e-06,3.021568148747754e-06,0.0002536571859452614,0.00036164036056786115,0.973079434388978,4.903709241063816e-05,2.94854192236996e-06,0.013990719484702019,0.00041512549783224756,0.0005796910202569255,1.384939629408285e-07,5.633155124953769e-07,5.277220826162792e-06,0.0034154672844903555,1.4862697685547525e-06,1.2991833330472456e-05,1.1530016488950138e-05,0.000841990716551732,3.5523646980487696e-07,2.123175413527698e-05,4.1709064014941504e-05,0.006810188973691957,1.4306452964856868e-05,5.338575261507008e-05
71,3.418203353421727e-05,1.7068320933375575e-05,2.2082057420882085e-05,0.0002572458985390876,0.0008386293068439601,0.9154996523754175,0.00012704851462909874,1.2116272813714349e-05,0.05363569633207383,0.004240218572063629,0.0008761888794028797,3.370925019835323e-07,2.41925741240947e-06,8.953863018159877e-05,0.0019216300944338365,1.1249241876848205e-05,3.7419329974231114e-05,0.00011760756626350177,0.00241092319047135,4.320641822295627e-06,0.00031885594563021866,8.215359339084536e-05,0.01910918132736806,9.504427213571085e-05,0.00023919125286486905
