,0,1,2,3,4,5,6,7,8,9,10,11,12,13,14,15,16,17,18,19,20,21,22,23,24
0,8.376298453003704e-06,5.6669856125003134e-05,3.2302773763673436e-08,5.378318552261827e-06,0.007256953684061607,0.8331790526381816,3.4843532133312004e-07,1.2928683102447495e-06,7.373314037295298e-07,0.00021226061550070008,0.002854063301359626,0.00045671206366555066,4.2986036720958235e-10,0.0003786238025692626,0.0009608931810941836,6.426300702316897e-05,1.8600840960577826e-06,0.0045773307845946645,0.00023834166929675315,9.216743079096079e-09,0.02407136387869368,0.1231258245722006,0.002537511620243748,1.9856845417202347e-08,1.2080183030352745e-05
1,9.287227063083059e-06,0.0001718572754524068,1.7090951221206395e-08,1.4128293528584664e-05,0.005788517516994788,0.5553444985826306,3.872148532545679e-07,3.0129200065643128e-06,6.314529095072218e-07,0.0007639452740476177,0.001551354990991489,0.0003090753947202418,2.7766484755717946e-10,0.00047105749897897087,0.0015470512865280266,9.175246591519942e-05,4.6268249042762226e-06,0.00829974987972949,0.0004424858686992913,1.0493795189035564e-08,0.09027395296309211,0.32812918838031474,0.00672660353892854,3.227472391210286e-08,5.67750125760763e-05
2,9.483496739574769e-06,0.00016470673731054644,8.495920128631153e-09,1.0924057803360342e-05,0.003609384374771297,0.45702504673878347,3.396481759671341e-07,1.733977926318776e-06,2.395285522442697e-07,0.0004520022200033132,0.0013636876470859767,0.00027533729906763064,1.8235187117642542e-10,0.00043917220981172994,0.002004935301710386,7.428314993577359e-05,5.883431886927997e-06,0.009586526238936823,0.0002368182098786335,7.0905038877318605e-09,0.08794538286594901,0.42315173595005556,0.013582188876768804,3.1529479831416526e-08,6.014074059096862e-05
3,1.137260885788482e-05,0.00021053316314485334,1.4303462341877464e-08,1.629550193333738e-05,0.005518154211579225,0.4911736080296766,3.78762580664433e-07,2.3519626250587785e-06,3.169014137644861e-07,0.0005991762996347792,0.0017953941382784912,0.0003799367824118856,2.98354874509329e-10,0.0005392265635257492,0.001309758849745866,6.532239360999464e-05,6.213715144397255e-06,0.014552696806718982,0.0002709190570618201,9.252658967359919e-09,0.0938993432333111,0.3794122683891739,0.010173080787602552,4.2638970392074133e-08,6.358534852259279e-05
4,1.081173176874029e-05,0.0002159297281819706,1.5959356414053135e-08,1.6741701414228665e-05,0.00613536064879362,0.5195892054363668,3.8229812578909526e-07,2.1579582696765054e-06,3.19710458077785e-07,0.0005931559248047512,0.0018253183960374546,0.0003869998335504652,3.746000478092875e-10,0.0006139606575945387,0.0012202319193733398,6.367821020093241e-05,5.897355831688985e-06,0.014666171861235894,0.00024937995485115364,9.82498514611347e-09,0.08425305076405035,0.36005782532374986,0.010036632559277779,4.342894695870072e-08,5.6718438174286434e-05
5,1.050324803452179e-05,0.00023023485294802843,1.315635301063388e-08,2.1128193532305363e-05,0.006038766489777882,0.4930244962282956,3.636977035562563e-07,2.377253560089516e-06,2.5012815768761967e-07,0.0006797809630062743,0.0018026222946613587,0.0003667424357454289,3.2755900903245365e-10,0.0005697836137688115,0.001072013747597887,5.985535295333564e-05,6.595759243213552e-06,0.01976844515172371,0.00022758171740190804,9.59815908731719e-09,0.10633422922464213,0.35758558778307936,0.012132433584623167,4.968722724692929e-08,6.613551024549216e-05
6,1.137260885788482e-05,0.00021053316314485334,1.4303462341877464e-08,1.629550193333738e-05,0.005518154211579225,0.4911736080296766,3.78762580664433e-07,2.3519626250587785e-06,3.169014137644861e-07,0.0005991762996347792,0.0017953941382784912,0.0003799367824118856,2.98354874509329e-10,0.0005392265635257492,0.001309758849745866,6.532239360999464e-05,6.213715144397255e-06,0.014552696806718982,0.0002709190570618201,9.252658967359919e-09,0.0938993432333111,0.3794122683891739,0.010173080787602552,4.2638970392074133e-08,6.358534852259279e-05
7,1.697672524994946e-05,0.00034916049188053836,2.4828045700652006e-08,1.7915285331566463e-05,0.00548791565678353,0.4965662888126558,6.063247034874415e-07,2.7323140558245873e-06,4.885518602739418e-07,0.0005938248653768026,0.0031018684215239527,0.0004559109925101306,6.869865884830212e-10,0.0005568767089946137,0.0013784798232972786,5.376080206599895e-05,8.071102425344278e-06,0.020774713213814532,0.00025617331741240967,1.548549354138033e-08,0.07210843848478454,0.3894519068582153,0.00875469301160513,7.713571081483204e-08,6.308009921634667e-05
8,1.4722193234227522e-05,0.0002972347575367302,1.754688946103e-08,3.115914007021986e-05,0.005709580518959504,0.3982567174731326,4.923459445735989e-07,3.376152015077693e-06,2.672913331420375e-07,0.0011784461149290698,0.0009902470166162775,0.00035208459092089524,3.332779991218636e-10,0.0007745080744773994,0.0013102582915576718,0.00010457201618813708,8.553241833795523e-06,0.017238170323905615,0.00024214481580661667,1.1537462022801403e-08,0.13811109156222112,0.4165873995396899,0.018638375716493343,7.538441550830665e-08,0.00015049402108918374
9,1.7769669629795284e-05,0.0004947117364689796,4.0839800195225394e-08,3.697063066641153e-05,0.008690915808690415,0.42190385350751136,5.580587298048313e-07,4.592838179722386e-06,5.665960056020302e-07,0.0013578697417637202,0.0015515806644179073,0.0004622575635615027,7.586358607793327e-10,0.0008139183681008026,0.0013170314814055814,7.73771384407917e-05,1.1341148715763893e-05,0.022355797780102996,0.0002526460276910117,1.7962246939563698e-08,0.12014555551034171,0.408321014188177,0.012026058817394582,1.3761796449561508e-07,0.0001574155453572342
10,1.137260885788482e-05,0.00021053316314485334,1.4303462341877464e-08,1.629550193333738e-05,0.005518154211579225,0.4911736080296766,3.78762580664433e-07,2.3519626250587785e-06,3.169014137644861e-07,0.0005991762996347792,0.0017953941382784912,0.0003799367824118856,2.98354874509329e-10,0.0005392265635257492,0.001309758849745866,6.532239360999464e-05,6.213715144397255e-06,0.014552696806718982,0.0002709190570618201,9.252658967359919e-09,0.0938993432333111,0.3794122683891739,0.010173080787602552,4.2638970392074133e-08,6.358534852259279e-05
11,1.180767923464138e-05,0.0002231563492676927,1.5210787808083108e-08,1.6809561123310642e-05,0.005621632841142563,0.49205848397921575,3.967655714989419e-07,2.345597375852416e-06,3.21531794016572e-07,0.0005965517669008827,0.001873151587835158,0.0003942771690979918,3.478564513201441e-10,0.0005636097006805037,0.0012901331786708227,6.35347293202472e-05,6.494177085501317e-06,0.015497810488959271,0.00026110183532653767,9.907419854907204e-09,0.08950865563598678,0.3815939171507412,0.010352696246112477,4.6183440189413625e-08,6.304037905284186e-05
12,1.745188505280001e-05,0.00029308732693380076,3.919407138123712e-08,1.5827504214565536e-05,0.0037908086301178994,0.5905671905183385,1.0023206624454878e-06,9.201409851015785e-06,6.534927062053332e-06,0.001163895668091268,0.003588811006517441,0.00022533235079615042,3.44514196333822e-10,0.00022398607516872746,0.004470240916107143,0.00010931889129623683,5.054190557610617e-06,0.005888420165301794,0.0014135527151513088,2.332231972943528e-08,0.10830172831275217,0.2769126645039841,0.002861436323592403,5.764927548190201e-08,0.00013433384826975437
13,1.5269100009613725e-05,0.0001686332296374097,2.4972437924459187e-08,1.269967390354699e-05,0.007136647809070758,0.3400603871373829,3.4905909305164685e-07,2.908381340687985e-06,4.4739582225599324e-07,0.00023055350286998644,0.004146414904683186,0.001103337553902287,3.4594381385249854e-10,0.0006876067278358257,0.0020862041992936293,3.897830971688416e-05,1.1228641775497034e-05,0.011168681413047575,0.0004136315870463223,8.16208790759184e-09,0.10534565244044894,0.5200727153086676,0.007242377677896516,3.525509836373465e-08,5.520721098742296e-05
14,1.879015990022051e-06,0.0009246330763021919,9.816046549948391e-09,2.181414516095945e-05,0.009660312556252465,0.6777047237371203,2.0133839394252606e-07,2.30479516528672e-06,4.863042621878786e-07,0.0034107317286667287,0.0015729103002433808,5.958868918330203e-05,7.606526403183157e-10,0.0002733898897940273,0.00041822381310123533,2.582337614228438e-05,2.2501730766607435e-06,0.01869732869250148,0.00015411662511104397,1.1274010432136629e-08,0.065382820501036,0.2184037895088806,0.00326443260497602,5.883138948377701e-08,1.8158446540739635e-05
15,1.137260885788482e-05,0.00021053316314485334,1.4303462341877464e-08,1.629550193333738e-05,0.005518154211579225,0.4911736080296766,3.78762580664433e-07,2.3519626250587785e-06,3.169014137644861e-07,0.0005991762996347792,0.0017953941382784912,0.0003799367824118856,2.98354874509329e-10,0.0005392265635257492,0.001309758849745866,6.532239360999464e-05,6.213715144397255e-06,0.014552696806718982,0.0002709190570618201,9.252658967359919e-09,0.0938993432333111,0.3794122683891739,0.010173080787602552,4.2638970392074133e-08,6.358534852259279e-05
16,9.168566545712822e-06,0.00023846568836813397,8.813141714146729e-09,2.2940906398179694e-05,0.004813776479178355,0.4218825868395478,4.024844915302558e-07,2.8622083514924647e-06,1.9756631180298027e-07,0.0010045080333743218,0.001544682052257078,0.00031403802214723716,2.612799909369123e-10,0.0004814271785553651,0.0010225709617383194,7.710348480055663e-05,6.758743534705655e-06,0.020298815044536147,0.0002809278573562083,9.414043559767528e-09,0.15912455374040735,0.3759383660087995,0.012870602420479568,4.748413127032865e-08,6.517974022405228e-05
17,1.4162512991174177e-05,0.0002280080789341943,1.805041342067505e-08,3.09865084398663e-05,0.006844296989385824,0.4606064258732657,4.5740215924441147e-07,2.4637501497468187e-06,2.1019656875900503e-07,0.0006173607421870007,0.0018551944015475603,0.0005725188887273313,4.4264134218217215e-10,0.00101896893169787,0.0009287796414338698,7.089617297546611e-05,7.596588371109891e-06,0.023737683285231955,0.00022761703092907717,1.1880272170093285e-08,0.11588976014039436,0.3697636214969322,0.01749326059320483,5.2855828281364815e-08,8.964754531761041e-05
18,2.4957308056186963e-05,0.0003032009868523506,1.6926807615888864e-08,2.022093747573709e-05,0.003911078283760971,0.21724782580127458,4.6686417986763057e-07,3.130267735581245e-06,1.8688403514251942e-07,0.0006079634599706972,0.0012650328873000235,0.0006936879008160268,4.0492948074487436e-10,0.0005737264668184391,0.0009836264926338083,5.081521950425282e-05,1.613362741266807e-05,0.028922804588866778,0.0002174787370200376,9.702752378161326e-09,0.10495944962449065,0.6277535442714804,0.01232030525908971,9.217127262484259e-08,0.00012424492546382203
19,9.751747988766485e-06,0.00021412765971582542,2.5410836607460437e-08,1.7957635228737644e-05,0.008879532560322532,0.5013086803832486,3.229849629365306e-07,2.7595283157837625e-06,4.59673387060005e-07,0.0006587528235556435,0.00185608085252715,0.0005354655324599932,5.030583874454942e-10,0.0006676293572027297,0.0010786788823795425,5.5388605946348815e-05,6.388820729791906e-06,0.013176489238864619,0.0002688334793920285,1.1509582389126118e-08,0.07437478977500071,0.3901717863638245,0.006662114953252014,4.472482133983509e-08,5.3926993395924146e-05
20,8.001464486574335e-06,0.00020919956886189173,1.151122799196772e-08,1.2634440418261918e-05,0.005269877085677116,0.3080352837781461,2.5970855936814736e-07,3.0361668765856157e-06,3.1312432516447787e-07,0.0006193953938856073,0.0012340283689700094,0.00031478097541044986,2.2560165956355767e-10,0.00039289914544106104,0.0015028932297197941,4.955079634915291e-05,8.246647361747113e-06,0.01072394448008321,0.0002892948088087833,7.253326370656138e-09,0.09733517329183697,0.5661425911122517,0.007793016988368156,4.2067796995451845e-08,5.5518366209186374e-05
21,1.4488360163791898e-05,0.00017187069890295015,1.886317451471297e-08,2.2005000034897588e-05,0.005937493925099897,0.5863488935281044,5.513305844017634e-07,1.9832930186905318e-06,2.2837525695116922e-07,0.0006583350863106584,0.0018350602526941253,0.0006192408826114281,4.84608253367166e-10,0.0008489483561889827,0.0009332288514609807,0.00010782863772002198,5.399033304247827e-06,0.017738702165158476,0.00022890411382537365,1.279195186420444e-08,0.09725810055217778,0.27340990262166603,0.013797489947950615,4.4910852695190264e-08,6.126793717783369e-05
22,1.2104840789264556e-05,0.0001851401224116454,1.4748006568826868e-08,1.7292998245255374e-05,0.005767063372756384,0.481903355833179,4.062248852620901e-07,2.3853251806368325e-06,2.605772272809997e-07,0.0005218142980908357,0.002262823653439595,0.00046498896632656114,3.0580868472181124e-10,0.0005603779790400297,0.0012589067230256896,6.76544374008809e-05,7.239599639503805e-06,0.01784639461944391,0.00026604459134250226,9.53541826428771e-09,0.11194210745391847,0.3658392591183129,0.011017105496338504,4.6227861081040116e-08,5.720295191114004e-05
23,1.137260885788482e-05,0.00021053316314485334,1.4303462341877464e-08,1.629550193333738e-05,0.005518154211579225,0.4911736080296766,3.78762580664433e-07,2.3519626250587785e-06,3.169014137644861e-07,0.0005991762996347792,0.0017953941382784912,0.0003799367824118856,2.98354874509329e-10,0.0005392265635257492,0.001309758849745866,6.532239360999464e-05,6.213715144397255e-06,0.014552696806718982,0.0002709190570618201,9.252658967359919e-09,0.0938993432333111,0.3794122683891739,0.010173080787602552,4.2638970392074133e-08,6.358534852259279e-05
24,7.995513846169125e-06,0.00024899808463534615,1.2399158929165965e-08,2.2334696952999185e-05,0.006787849112870358,0.5362168576979651,3.1330427169433786e-07,1.9527977834814364e-06,2.2813271409655664e-07,0.0007428150003253875,0.0016035178315370326,0.0003404636755615455,3.8029483478208027e-10,0.0007233982967590082,0.0008283242363879129,5.576874882475732e-05,4.798549219817558e-06,0.018081028662531817,0.00022121045473348088,9.66954410686441e-09,0.0930676919433562,0.3301417206410837,0.010847294552202773,3.62249531765351e-08,5.5379392486189605e-05
25,1.9287946620393214e-05,0.00023388029262529545,2.38758997212008e-08,2.755029407260832e-05,0.006620335617442769,0.3820447457886571,6.971076875148927e-07,4.385801100288384e-06,3.2691164326509223e-07,0.0004948962795423096,0.003797872955011549,0.0008511959789425996,5.650983489825804e-10,0.0007750834415355109,0.001339741341797662,6.702090781796553e-05,1.1868410653044034e-05,0.022192472270219442,0.0004016772828527561,1.6247715750092325e-08,0.13081465147707386,0.4371777260106304,0.013057143732851759,6.652131181371806e-08,6.733294119637827e-05
26,2.481446644282373e-05,0.0003554760102956307,2.7561562148911487e-08,2.1279074052356224e-05,0.006205059237961095,0.34015040571308136,5.437821990670386e-07,3.845186949147873e-06,3.8316708281473215e-07,0.000670713799015307,0.0020879115006974163,0.000590670843365593,7.076888555241351e-10,0.0005076400145050765,0.0012123239969964378,4.85603948593006e-05,1.6008382852540357e-05,0.03044614796686338,0.00022006094934653701,1.298701225202264e-08,0.08397479976267903,0.5228172660948879,0.010560378736713475,1.4215676068625246e-07,8.552750612981335e-05
27,9.763178257437397e-06,0.0001904412080342971,1.1872868160718092e-08,1.047692249336352e-05,0.004068556114792291,0.45671507574260733,3.117426865780183e-07,2.3698857973554514e-06,4.542671054315159e-07,0.000586716805540489,0.0012946203739734635,0.0002535661091491056,1.980376125451536e-10,0.000352232389113977,0.0018423714327223035,6.450112265223617e-05,5.5355038842017055e-06,0.009348448779695206,0.00028806734002737917,7.994652510498924e-09,0.07640328686637674,0.4409701261925297,0.0075247943190112,3.5963231913014954e-08,6.822767475977996e-05
28,1.137260885788482e-05,0.00021053316314485334,1.4303462341877464e-08,1.629550193333738e-05,0.005518154211579225,0.4911736080296766,3.78762580664433e-07,2.3519626250587785e-06,3.169014137644861e-07,0.0005991762996347792,0.0017953941382784912,0.0003799367824118856,2.98354874509329e-10,0.0005392265635257492,0.001309758849745866,6.532239360999464e-05,6.213715144397255e-06,0.014552696806718982,0.0002709190570618201,9.252658967359919e-09,0.0938993432333111,0.3794122683891739,0.010173080787602552,4.2638970392074133e-08,6.358534852259279e-05
29,1.137260885788482e-05,0.00021053316314485334,1.4303462341877464e-08,1.629550193333738e-05,0.005518154211579225,0.4911736080296766,3.78762580664433e-07,2.3519626250587785e-06,3.169014137644861e-07,0.0005991762996347792,0.0017953941382784912,0.0003799367824118856,2.98354874509329e-10,0.0005392265635257492,0.001309758849745866,6.532239360999464e-05,6.213715144397255e-06,0.014552696806718982,0.0002709190570618201,9.252658967359919e-09,0.0938993432333111,0.3794122683891739,0.010173080787602552,4.2638970392074133e-08,6.358534852259279e-05
30,1.137260885788482e-05,0.00021053316314485334,1.4303462341877464e-08,1.629550193333738e-05,0.005518154211579225,0.4911736080296766,3.78762580664433e-07,2.3519626250587785e-06,3.169014137644861e-07,0.0005991762996347792,0.0017953941382784912,0.0003799367824118856,2.98354874509329e-10,0.0005392265635257492,0.001309758849745866,6.532239360999464e-05,6.213715144397255e-06,0.014552696806718982,0.0002709190570618201,9.252658967359919e-09,0.0938993432333111,0.3794122683891739,0.010173080787602552,4.2638970392074133e-08,6.358534852259279e-05
31,1.5535685629306157e-05,0.00035403567421493393,2.7309940681173684e-08,2.8516680547591984e-05,0.009509789051099306,0.34168868197250224,4.0307771393856586e-07,4.84944031970146e-06,3.793861596445901e-07,0.0010636242034385535,0.0013848997148996121,0.000531553823393228,5.800692270234144e-10,0.0007244817338222958,0.0009341851806025215,5.9857121249461405e-05,1.1265780555447905e-05,0.02351999991563692,0.00032024172568586413,1.2450558937682349e-08,0.11585964549372998,0.494851919811521,0.009041106016912609,9.859583215876255e-08,9.488957396478684e-05
32,1.102726585771873e-05,0.00020449600874146285,1.378994449458701e-08,1.5232942678187664e-05,0.005392476039919773,0.47511350187879925,3.6719999138363544e-07,2.499463835216734e-06,3.4953919896971306e-07,0.0006062694332332004,0.001702128449095014,0.0003642801785709206,2.792785217652664e-10,0.0005140989884821859,0.0014046962419312465,6.706894716189843e-05,6.185337506407655e-06,0.012912341507817969,0.00031139701072124403,9.015817640873476e-09,0.0951172326623611,0.3968302185702659,0.009361486243201005,3.9408018802982526e-08,6.258359757028168e-05
33,8.19501979574316e-06,0.0002524482095089565,6.591446469568627e-09,9.757522125756784e-06,0.005156026897557176,0.22273075219065977,2.0218402438488985e-07,1.4125699630094682e-06,7.229548829581559e-08,0.000355457770430996,0.0009529393441363395,0.0003365730162819623,3.697527563320418e-10,0.0005344614125804786,0.000633622625532432,2.6645074800541374e-05,8.320291171897926e-06,0.016581248657886447,0.00014385931620297158,5.326740601944951e-09,0.04698289306260064,0.6961238057863139,0.0091383244225598,3.916136532880195e-08,2.2930881073354685e-05
34,1.3920969830332235e-05,0.00020857175097854607,1.9441102177668663e-08,1.3701581434840424e-05,0.005136610432428818,0.5198899440866804,4.3326605681198214e-07,2.9950642596996424e-06,7.10009763276147e-07,0.0006084950962020598,0.0019007598782324457,0.00035212992402292053,2.971647430497437e-10,0.00046792819954795335,0.00180322810459389,7.233150870742774e-05,5.6761620237427394e-06,0.01060634929971634,0.00041757809386038576,1.0174044953285222e-08,0.08699607858437859,0.36460796837594706,0.006819523443761312,4.1081069599423175e-08,7.499517419174518e-05
35,1.8234332517497547e-05,0.0003030225791766926,1.8053977332102196e-08,2.3810874829724047e-05,0.005159018428633583,0.33237744621044907,4.391406529351957e-07,5.2831674141349385e-06,5.515351658694114e-07,0.0009708761322216274,0.0016190404819250528,0.0004888026821954795,4.303528803822312e-10,0.00042689608207206227,0.0011115970664165873,5.189549988569804e-05,1.1176553151839179e-05,0.023511036232674525,0.00041795039943258905,1.2510841383620551e-08,0.11022157375852232,0.5160273136405844,0.00713848801580421,7.404413072231516e-08,0.00011544214697192921
36,2.224260247044621e-05,0.00018722642247401668,2.968827386258135e-08,1.4295067466951316e-05,0.007183604696868488,0.1816070159184744,2.8439308860982005e-07,5.136392976017801e-06,4.825938456669826e-07,0.0005294870429920831,0.0009538039123689129,0.0012287717590096026,4.309300152731085e-10,0.0006130845124755455,0.0015618882208979792,6.365371008004286e-05,2.0109806629771898e-05,0.008793185859020596,0.0005709016536608686,8.52252316390064e-09,0.09111929728560698,0.6997122148897401,0.005698823983844198,5.5297508424866424e-08,0.00011439533677328271
37,4.121827262116286e-05,0.00029412855277740897,2.7816592008617352e-08,2.025153863485273e-05,0.006130024177739098,0.3829447941488869,7.026807654521791e-07,2.3747971865127885e-06,2.166420979467781e-07,0.0004028416883009581,0.002556039428688532,0.000995379063633153,6.051070437850025e-10,0.0010710184860521174,0.0010387797945216354,6.454911987175214e-05,1.1196611852059182e-05,0.0316508904869434,0.0002744816712920654,1.0521900101246842e-08,0.09313605182306574,0.46643237332272347,0.012845211172258269,8.373949073091313e-08,8.735383699755047e-05
38,1.0752851766153484e-05,9.671479473141576e-05,6.3808283199834396e-09,6.49770648994171e-06,0.0022334114559759105,0.686009300888306,5.103957559846387e-07,8.648961153626206e-07,1.7231158671954855e-07,0.0002891020740123297,0.0018890902888450821,0.0002219523552375682,1.310749205292925e-10,0.0003723782746188482,0.0016340103883078336,0.00010653214951225509,2.46051183976268e-06,0.00844520175757184,0.00019906464512368566,6.074918080006588e-09,0.06512532254744659,0.220759031600294,0.012565613309174098,1.967640763181575e-08,3.1982534059644496e-05
39,1.0778124303280972e-05,0.0001822592442054305,1.4235344973360761e-08,1.688954241423677e-05,0.005809625794320708,0.5042129273802893,3.688389102020319e-07,2.5222496604303896e-06,3.189190150557323e-07,0.0006252240376712204,0.0017398523316703434,0.00039719520638572083,2.692057915765976e-10,0.0005320003587330056,0.0013144132271153705,7.412534800939142e-05,6.022768647917396e-06,0.013604789530682653,0.0002961650675367532,9.22070291345155e-09,0.10575250048890385,0.3551766856591805,0.01018114925160393,3.9926648035435337e-08,6.412297883882353e-05
40,6.706613382957078e-06,0.00017299719364135735,1.3731547223896075e-08,3.058769372117299e-05,0.006159493881451007,0.6315763693619529,3.868039665827998e-07,3.2737900510122336e-06,3.8366465142955436e-07,0.0010760487558183723,0.0018366440231578501,0.00027420237938774884,3.295287301516624e-10,0.00040701434719705364,0.0010211126449060789,8.361674517069039e-05,5.1374998673995505e-06,0.01590186261348094,0.0002310506830940137,1.4466650047929797e-08,0.11711483614210455,0.2114889800587159,0.01254083744417997,4.919967103875264e-08,6.837993270395989e-05
41,3.1239216911469635e-06,0.00013547516187793746,2.0778840887128548e-08,7.584543509825371e-06,0.008478701911718567,0.7775548170121114,1.3628452304954936e-07,1.4954019382376607e-06,1.232270614300269e-06,0.0007692652684133052,0.000716459967985494,9.975888158687426e-05,1.5705844256923376e-10,0.0003474145989950034,0.0017130062154775965,6.559893738683972e-05,1.3776646449365711e-06,0.0025938550208538516,0.00022238627940895112,5.321404847345141e-09,0.04932436567655566,0.15530153079608283,0.0026204573150144304,1.9101074177951495e-08,4.191151123140249e-05
42,8.565328659177014e-06,0.0001357724532096692,8.09437934274859e-09,7.494054283497267e-06,0.0032857133957214825,0.2634304973681488,2.8934161894349964e-07,3.4237051972227977e-06,3.3004521197707105e-07,0.0005008580063961379,0.0011248761669947441,0.0002639862603870514,1.0721131426491412e-10,0.000242760829399831,0.0022890449136392754,7.892645244572029e-05,7.752236630981397e-06,0.005750741479220399,0.000491005520850723,6.330494356653707e-09,0.11183163841391666,0.6037973604167548,0.006701646383747818,2.8496703295553395e-08,4.727419877680273e-05
43,0.004842741498848006,0.003349645095294946,6.130104012192527e-06,0.00010830812372432693,0.004117751089499525,0.1853740487665503,4.817950275833978e-05,1.4487056672202787e-06,1.2934661023472675e-06,1.5529295189019065e-05,0.10244071851991984,0.0530396852865296,1.553072321704756e-07,0.04064464736891196,0.0012429317823915366,1.485346777192939e-05,3.489873278977601e-05,0.2823951500605785,0.00014965940918465855,2.795221058168126e-07,0.007764648558692702,0.2885039661867119,0.0249701641868026,1.1533980796432393e-06,0.0009320125646510136
44,1.137260885788482e-05,0.00021053316314485334,1.4303462341877464e-08,1.629550193333738e-05,0.005518154211579225,0.4911736080296766,3.78762580664433e-07,2.3519626250587785e-06,3.169014137644861e-07,0.0005991762996347792,0.0017953941382784912,0.0003799367824118856,2.98354874509329e-10,0.0005392265635257492,0.001309758849745866,6.532239360999464e-05,6.213715144397255e-06,0.014552696806718982,0.0002709190570618201,9.252658967359919e-09,0.0938993432333111,0.3794122683891739,0.010173080787602552,4.2638970392074133e-08,6.358534852259279e-05
45,1.1653848557763908e-05,0.00015751330950231895,1.9698916813849462e-08,1.052790814901447e-05,0.005686676129518059,0.49860858180707585,4.589010821414843e-07,3.0299133253829016e-06,5.601545498991525e-07,0.0005293871023778949,0.0018178096013720673,0.00037257878331911404,3.134964582240367e-10,0.0004370885740198226,0.00189399647343738,8.425580367245333e-05,5.871301848860055e-06,0.007973816997918281,0.0003672316449139837,1.0447954725052443e-08,0.06913662563910673,0.4056943223505436,0.0071632314232670845,4.2651002599639415e-08,4.470922107166442e-05
46,6.867799892566898e-06,0.00014505012175977005,1.1141772780561082e-08,1.2039189122436403e-05,0.004600664445935335,0.6893233702112266,3.21900996185116e-07,1.3611804921556016e-06,3.276096431135457e-07,0.0005336841703495342,0.0015105096821528988,0.00021668922532178299,1.8915352986897803e-10,0.0005073560883357285,0.001070490683416503,7.146007846006455e-05,2.209171471485256e-06,0.009327229650413483,0.00022732994247469566,7.391573318409258e-09,0.0706069044824921,0.21376909632991456,0.00802064884494539,2.131186540324061e-08,4.6349156818572924e-05
47,9.593213015261102e-06,0.00020350970896748185,1.4015314592812845e-08,1.734798582002854e-05,0.005882608956156867,0.532646643089428,3.599459874743494e-07,2.324706386543227e-06,3.348122230675505e-07,0.0006359680289121611,0.0017919031292589036,0.0003308223038636088,2.875291184120139e-10,0.0005408819505723613,0.0012785890172208408,6.554603968682418e-05,5.434083935465862e-06,0.013664983086850675,0.00026499459961676645,9.265966376045127e-09,0.09452828774089057,0.33779224610042524,0.010276326431280663,3.9868004278666175e-08,6.123163268687569e-05
48,8.920542523019745e-06,0.00015796472861312038,1.6039871231777075e-08,1.594318915885689e-05,0.006101522969165984,0.6410984287149731,3.142147667071189e-07,1.6158984312583923e-06,3.231346362470582e-07,0.0004855985388606229,0.002017090928707439,0.000370700910557914,2.6871424327401624e-10,0.0005719603984348922,0.0010909387243502944,5.985763526962516e-05,3.8154917964542015e-06,0.013685724112880644,0.000192736754398825,8.413351811366544e-09,0.08334338950753027,0.2415410383463989,0.00919507193498382,3.27418808290212e-08,5.698585974380943e-05
49,9.376797845561576e-06,0.00015901290682452873,1.4196811623027083e-08,1.3082213879528349e-05,0.006174546398443878,0.5064152900309858,2.888120459148434e-07,1.8380445866890064e-06,2.6330183904430785e-07,0.00044567814819674423,0.0017866136477212985,0.000490013646582693,3.14290183443819e-10,0.0005504668356491265,0.0011288150454293955,5.471595191964673e-05,5.6172534751068484e-06,0.013385377767621534,0.0002222980235867958,8.419218480273942e-09,0.07457817566026397,0.3859958118422329,0.00853770814585232,3.274527057367083e-08,4.4953849426750104e-05
50,8.858179987397086e-06,0.00019906089092786117,1.243347193551818e-08,1.5332056909104394e-05,0.004985825843665844,0.5072853025607718,4.776000784972065e-07,2.882471540220985e-06,4.349642565275281e-07,0.0012113396717090988,0.0008483108969148507,0.0001980854195393755,2.4939374721602693e-10,0.000617163967973718,0.0010370159645414518,0.000122469687576525,3.268591122725108e-06,0.008062547687289806,0.000500525276867129,9.88867976843818e-09,0.081332776367673,0.38599174181091,0.007517269768575777,2.77591522130128e-08,5.9259990471635254e-05
51,1.0165145487472064e-05,0.0002937835511968359,1.2166875314107298e-08,2.1828680887151926e-05,0.005719475048166965,0.40777624124780343,4.154065590953511e-07,2.507249184829815e-06,2.32946544638694e-07,0.000727165163613004,0.0020767615928135195,0.000386032849420454,4.2086122938044966e-10,0.0006613854833641879,0.0008398162326021835,4.098951435082162e-05,6.489487126431907e-06,0.027197678067708946,0.00024774914662523383,8.92837431829497e-09,0.11018005243647155,0.4338483809692136,0.009909596260054615,4.920166419347736e-08,5.3182803029901364e-05
52,1.2534749262341106e-05,0.00022160764686293075,1.6418096745236583e-08,1.7282602799719084e-05,0.006110481564224921,0.42131543411668004,3.7415894710363157e-07,2.96399742571041e-06,3.4716809850165154e-07,0.0006423774154184184,0.0016767856260646394,0.0004427944569127564,2.8218586310314925e-10,0.0005753462854002964,0.0014348676725196726,6.994938844090415e-05,7.614044298312247e-06,0.012942327976238559,0.0003421151905140593,9.164166532500908e-09,0.11014257907687244,0.43419104860812446,0.00977542799671548,4.4840022503900877e-08,7.566955370718626e-05
53,1.2261816042634203e-05,0.00016321234113860698,9.72808465062223e-09,1.0589059750890289e-05,0.0018630078648700303,0.6566393111900389,8.016520515334511e-07,1.2930318012758778e-06,3.103062880247583e-07,0.0003946373310727055,0.0024263416303889015,0.00018477126716911197,2.365101402404636e-10,0.0003599288182249983,0.0020225632423917735,0.00010297723403501343,3.5829244613030325e-06,0.011593580382127733,0.00017770348298900006,1.2588692619322677e-08,0.05900777774364876,0.247320200423372,0.017660345606835222,3.7746069327469864e-08,5.4742351944692965e-05
54,9.226977017151548e-06,0.00020004692741615665,1.4363008686276366e-08,1.8162891800242767e-05,0.007299536634516943,0.47594051914073826,3.129589577801611e-07,2.839703922537912e-06,3.235055201275774e-07,0.0005859298862250184,0.0022203855486490295,0.00040462464781000976,3.1578372140033555e-10,0.0004893730646920952,0.0012124645623559102,5.032402468547946e-05,7.298683901881774e-06,0.016280642306902366,0.00028078268348004446,8.747731489149566e-09,0.10498355479184704,0.3807025895976619,0.009260689509329295,4.585077605270833e-08,5.030267527112785e-05
55,6.388946240757863e-06,0.00016058705945409043,7.616137947366509e-09,1.3041222583690443e-05,0.005193042780008547,0.5110113656086936,3.0454018623986e-07,1.7158450168233209e-06,1.755206627737686e-07,0.0005641471461177253,0.0013778666838572195,0.00020895088202857554,1.4862580323790407e-10,0.0005155740837886618,0.001457589063125266,8.113623638197337e-05,4.291493578721172e-06,0.008875594041961981,0.0002483408862905066,6.0433358413804904e-09,0.10598058224328344,0.3504582335937934,0.013799464827035781,2.6502391696741427e-08,4.156698541879074e-05
56,1.1651200782132085e-05,0.00022951340216383022,1.5744236196759412e-08,1.6810488497633996e-05,0.005797705504559625,0.4891046589450323,3.953783854598191e-07,2.4351969608895315e-06,3.403412764639962e-07,0.0006142239458357468,0.0018778698008851409,0.0003897022875101562,3.628241310589664e-10,0.000556636182259794,0.0013086922053214232,6.326727595881948e-05,6.646518347251143e-06,0.01523111624321012,0.00026946002150485634,1.0126957889930102e-08,0.08921045653121404,0.3852923387905806,0.009954351344676688,4.749026478609183e-08,6.165467075395042e-05
57,1.0139205100289494e-05,0.00017294713216109097,2.504921181894764e-08,1.6294620586307156e-05,0.009689397959313178,0.31123518484746227,2.3594309283937606e-07,4.622625229001286e-06,5.180871452622874e-07,0.0007380756541702024,0.0013011856001333623,0.0007836610002575476,3.616147187310417e-10,0.0005443151036826818,0.0012331467684634782,6.01965693213892e-05,1.1195256940276788e-05,0.009899857938828468,0.000495824626917198,9.190150139159493e-09,0.11562389983463955,0.5433004401882652,0.004813369402312966,4.140853379766889e-08,6.541562646698126e-05
58,1.2793463914468272e-05,0.00024209052848705133,1.6083652715143176e-08,1.7363686210177798e-05,0.005686004733589942,0.4521392373646702,4.148574117767973e-07,2.6504771490095955e-06,3.226765653840089e-07,0.0006393230912921236,0.0018566715375081036,0.00040353812468929475,3.528345562711346e-10,0.0005303571552859285,0.0013522416608513484,6.373375237922768e-05,7.734608908848232e-06,0.016617784543919906,0.00026060794293138856,1.002883690250011e-08,0.09627784784401819,0.4129872649991905,0.010834014880904429,5.654775555423893e-08,6.791905704300374e-05
59,1.4453474005475833e-05,0.00024853786866113815,1.9838489778972575e-08,1.813047907298512e-05,0.006168177347568753,0.4515653027016764,4.4267427096346134e-07,2.8520995774176345e-06,3.44827332944528e-07,0.0006331753371627046,0.001961241903376625,0.0004517949836658623,3.907011271532347e-10,0.000553022274443376,0.0013866094529560486,6.582645350216944e-05,8.46831253990126e-06,0.018019366168579375,0.00025180210905871987,1.0844023373149885e-08,0.09787452280077258,0.4098300034852179,0.010873231899905179,6.790706836270285e-08,7.259436637084423e-05
60,1.137260885788482e-05,0.00021053316314485334,1.4303462341877464e-08,1.629550193333738e-05,0.005518154211579225,0.4911736080296766,3.78762580664433e-07,2.3519626250587785e-06,3.169014137644861e-07,0.0005991762996347792,0.0017953941382784912,0.0003799367824118856,2.98354874509329e-10,0.0005392265635257492,0.001309758849745866,6.532239360999464e-05,6.213715144397255e-06,0.014552696806718982,0.0002709190570618201,9.252658967359919e-09,0.0938993432333111,0.3794122683891739,0.010173080787602552,4.2638970392074133e-08,6.358534852259279e-05
61,1.3688354695458748e-05,0.000240305952636101,2.027279641520804e-08,1.7250634711162154e-05,0.006267970950408172,0.46288093280462794,4.16916721749732e-07,2.673566731424389e-06,3.586541490913608e-07,0.0005866606572769787,0.0020595282068535357,0.00047351878295139174,3.8153001152966015e-10,0.0005695071012667366,0.0013782474197541444,6.336223208133697e-05,7.897621033055645e-06,0.016681909470239543,0.00026079252252713656,1.069750054159335e-08,0.09538335805924122,0.40309670416305815,0.009945333363047142,5.8777704051494644e-08,6.949243645754432e-05
62,1.137260885788482e-05,0.00021053316314485334,1.4303462341877464e-08,1.629550193333738e-05,0.005518154211579225,0.4911736080296766,3.78762580664433e-07,2.3519626250587785e-06,3.169014137644861e-07,0.0005991762996347792,0.0017953941382784912,0.0003799367824118856,2.98354874509329e-10,0.0005392265635257492,0.001309758849745866,6.532239360999464e-05,6.213715144397255e-06,0.014552696806718982,0.0002709190570618201,9.252658967359919e-09,0.0938993432333111,0.3794122683891739,0.010173080787602552,4.2638970392074133e-08,6.358534852259279e-05
63,1.2080600641910193e-05,0.00024380753119819884,1.4611308873144481e-08,1.596136150726397e-05,0.0052053456161959746,0.47092290683272364,3.969128561919089e-07,2.3939655830744606e-06,3.3330073620946465e-07,0.0006004247740439187,0.0018836863858940802,0.0003645784915011705,3.286929560308537e-10,0.000512715720514191,0.0013788935226588313,6.0947546500799e-05,6.744029037305977e-06,0.015463610119714125,0.0002648192178479692,9.820168347067611e-09,0.09032378954195625,0.4026777225245044,0.0099934746195987,4.812111107233534e-08,6.52945035045223e-05
64,1.0758080464473747e-05,0.0002103067856956045,1.2977917215993066e-08,1.7300197035935355e-05,0.005697472040603701,0.46108979878080125,3.634236730871982e-07,2.587438460277308e-06,2.907977313726716e-07,0.0006342731001597687,0.0018964639455419643,0.0003800063210760865,2.483899933681958e-10,0.0005129478981890682,0.0013996059105961165,6.772181270325044e-05,6.712215684409644e-06,0.014978237665518297,0.0003013578841780495,8.394026336980184e-09,0.12910583129958778,0.3730022199169514,0.010619004996714533,4.361847156349644e-08,6.667424982849644e-05
65,2.6106867667250904e-05,0.0005248701886690673,2.3288805706773233e-08,1.0944252282222245e-05,0.002440517729812655,0.23584394529800662,7.651494903503818e-07,5.677413153667919e-06,1.2171956986654732e-06,0.000651541885057154,0.0019906816807091113,0.00022228673940200805,4.4934639257786847e-10,0.00023363179635951066,0.002959380986750678,4.883466121692208e-05,1.3720337880533987e-05,0.01186695829152308,0.0004065656743492166,1.5370998039216026e-08,0.05902970149206025,0.6772288279180282,0.006386623318420231,1.2852528880516327e-07,0.00010703348902359015
66,1.0483882851035968e-05,0.00018759494634395634,1.590270625861291e-08,1.670682417670479e-05,0.0059486292441255076,0.5390181171329257,3.9381306745609957e-07,2.5696914599646013e-06,3.9604075840724623e-07,0.0007229703119903537,0.0016032123785582214,0.0003863397154026692,3.43662507046344e-10,0.0005611559686384564,0.0011489223637271757,7.975868964990532e-05,5.158200151724201e-06,0.012157842327636096,0.000333955560901984,1.0808764285217087e-08,0.08554522579587147,0.34391543164519267,0.008297247457719087,3.621897074699861e-08,5.782473474771233e-05
67,8.779850992156188e-06,0.0001235574360483719,1.1355305556999336e-08,1.3753169016920634e-05,0.003760566844462807,0.6825513821311814,3.984670266897509e-07,8.538859957896182e-07,1.4413244811746014e-07,0.00032049644692898024,0.0017883994793831438,0.00035824603468468465,2.5826272013982756e-10,0.0006952487604692954,0.0011060087668028613,8.60927194735033e-05,3.208065890810989e-06,0.012787114499811007,0.00012344366268120027,9.794737417896344e-09,0.06539746449381209,0.21253050137285712,0.01829450894803322,2.5318851183717438e-08,4.978410484311678e-05
68,1.0772330946609115e-05,0.00020310542675801424,7.836251991214524e-09,1.6085819609353757e-05,0.003353397549707019,0.5366255565079462,3.5278986074544886e-07,1.253410129262616e-06,1.439307803646698e-07,0.00040661289032972486,0.0023409537676468274,0.0003599274390711295,2.6046042195771127e-10,0.00041740957279215717,0.001106729888505101,4.8779463148454885e-05,6.118644143751009e-06,0.025875465441073463,0.00012900624269530575,8.851470673717346e-09,0.09114035348439664,0.32122236145558114,0.016673421830980986,4.192540291344336e-08,6.213324031176097e-05
69,1.4434018762203426e-05,0.0003024367536248956,2.7056160272231064e-08,3.729033536717683e-05,0.005406193522874811,0.46200022602041896,5.293674694225359e-07,5.1555250713490775e-06,5.870033396175519e-07,0.0014620773424056383,0.0015462586166067633,0.00042214891389461137,4.704052480760966e-10,0.00046453284165484123,0.00144883150770646,0.0001161104501498716,1.0911734334068912e-05,0.022495189008714913,0.0003246091617461483,2.411947634561367e-08,0.16271448893348278,0.3288863639197665,0.012150038041624442,1.0083002865491176e-07,0.0001914345049137541
70,1.1695941398617969e-05,0.0002071193883931522,1.5163225179738178e-08,1.6424234187442575e-05,0.005620170559682975,0.5043011595477375,3.7939041978211877e-07,2.166874631394714e-06,3.064103752750838e-07,0.0005729575758945495,0.0017814555571645594,0.0004026569003868653,3.097088083968338e-10,0.0005910035149343326,0.0012711830140490804,6.64617555231699e-05,5.997007715510851e-06,0.01465642597149397,0.0002578084392598224,9.290694392118546e-09,0.0912631090770229,0.3685154221031557,0.010390821937224636,4.1441111253006954e-08,6.520859460908054e-05
71,1.5271816581946504e-05,0.0002077590032383823,1.475253717486006e-08,1.7936432592984284e-05,0.004624041434489961,0.4627530608659829,5.2965052206859e-07,2.631323870533304e-06,2.8910079625156825e-07,0.0005316616119276151,0.002209798858707943,0.000452591277211262,3.362039687869801e-10,0.0005515794092638241,0.0014538348519781959,7.593663716374749e-05,7.696785702382606e-06,0.01771888008396938,0.0002844232316080243,1.1370553838506508e-08,0.1035247846624639,0.3921187110390095,0.013380081492862697,5.226481682413417e-08,6.842170594483998e-05
72,1.5659930780028644e-05,0.0003243824810204975,5.266938820232823e-09,2.2386888031945835e-05,0.0027728588691677755,0.19323936269223355,9.006665056043995e-07,6.677150416842456e-06,1.2154868095425242e-07,0.0008023400491828237,0.0034191512628572282,0.00030471598032231123,3.9521842476559663e-10,0.00018929349973621608,0.0010637674983082024,4.303753731467962e-05,2.2859068175630423e-05,0.04827596086325182,0.0003489761838912567,1.2098134417904374e-08,0.1777298879469832,0.5560521186551854,0.015330911244663945,1.5325529528652167e-07,3.445896770306016e-05
