,0,1,2,3,4,5,6,7,8,9,10,11,12,13,14,15,16,17,18,19,20,21,22,23,24
0,2.16001412201115e-09,0.013038561223836766,2.575103958388744e-08,4.936618776229367e-06,0.0002495253905957726,0.8509609144477843,2.0380002353814233e-07,1.0728216573566914e-08,0.004196744086246796,2.523839562684013e-07,2.9178801032572104e-07,1.8240854858558575e-07,9.622112288415216e-13,1.1284396602012234e-07,0.004674302545630406,2.8734457221677396e-06,4.2286348338454036e-07,0.0002059728706832835,2.3945769846233998e-05,6.659494074407318e-09,0.00796317894414053,6.0721227039375754e-05,0.11809917841136112,3.0422320113761223e-07,0.0005173294074212913
1,2.818918440248118e-09,0.02557745819929882,4.9347994164529464e-08,3.027120482882041e-06,0.0004665708502223356,0.8414294725315749,2.342915311999254e-07,1.0954970968609662e-08,0.005228852703993295,2.9358604825074963e-07,3.6829237243956944e-07,2.55735126904512e-07,9.538399102309618e-13,1.864484792547702e-07,0.007382980210972007,2.4246425500637164e-06,5.499528719467595e-07,0.00014635710902698667,4.448448341379591e-05,5.969143074055884e-09,0.00846981548765203,8.747966603601386e-05,0.11013438966917374,4.084950671573768e-07,0.001024321432125512
2,2.605609123614081e-09,0.04411906443728254,5.060926901455597e-08,2.957569253777847e-06,0.0007086658304357086,0.6993581073018168,2.399865133163223e-07,1.5576171191348728e-08,0.006176569324329032,3.6724494553738374e-07,1.0365019396574292e-06,5.296995976194381e-07,9.416027712285035e-13,5.795815596188168e-07,0.02718625309775918,1.3618522758462726e-06,5.359044499795432e-07,0.00024559667967849583,2.8697657371284228e-05,1.308387487434019e-08,0.012652650064395055,9.448896502532503e-05,0.20668022087269516,4.0938862588122865e-07,0.002741586164184263
3,2.079916267002439e-09,0.030614125331416695,3.308582101016405e-08,2.8967688272056436e-06,0.00035032309523294256,0.801228761767001,2.597192374181521e-07,9.516620036625314e-09,0.00319521924559697,2.0918040676123122e-07,3.7429292747666623e-07,3.662961476686905e-07,7.862584516390458e-13,3.018278905822232e-07,0.010014800333815051,1.8530063145766993e-06,5.819649089223851e-07,0.00021179303681397664,2.9280907817800866e-05,6.57755703110047e-09,0.010144749974172354,0.00010375439364921122,0.14263822822187558,5.045875990963607e-07,0.001461564787648275
4,2.169789486206846e-09,0.030416183452929502,3.303497316033432e-08,2.8649095341850085e-06,0.00035144455348404047,0.8051453137588807,2.5802325311249526e-07,9.66465008438943e-09,0.0029462734480787426,2.0962471190527169e-07,3.5691289086386597e-07,3.547594638079364e-07,9.487931768227073e-13,3.305260027043261e-07,0.009577348346587466,1.9733303660113927e-06,5.822116046218124e-07,0.00023022630322715382,3.233703106802032e-05,7.075705767342561e-09,0.009578287793531046,9.483954427515787e-05,0.14023607283606426,5.656685957334431e-07,0.001384125019383787
5,2.020972953843526e-09,0.029918760552826346,2.456521572981133e-08,3.5079739729751756e-06,0.0002771812065864889,0.8117996272964835,2.1585283413409966e-07,9.330126091555608e-09,0.002619607680390291,1.766664295195026e-07,3.4789853442867725e-07,2.995784271944553e-07,8.445925431503625e-13,2.691961480285856e-07,0.008895437279459953,1.931468243161929e-06,5.177201018591702e-07,0.00028650758686867277,2.8275722209874626e-05,6.809120075448796e-09,0.008950696358632899,9.505753542160349e-05,0.13599673969571588,4.683007001122828e-07,0.0011243317037337597
6,2.079916267002439e-09,0.030614125331416695,3.308582101016405e-08,2.8967688272056436e-06,0.00035032309523294256,0.801228761767001,2.597192374181521e-07,9.516620036625314e-09,0.00319521924559697,2.0918040676123122e-07,3.7429292747666623e-07,3.662961476686905e-07,7.862584516390458e-13,3.018278905822232e-07,0.010014800333815051,1.8530063145766993e-06,5.819649089223851e-07,0.00021179303681397664,2.9280907817800866e-05,6.57755703110047e-09,0.010144749974172354,0.00010375439364921122,0.14263822822187558,5.045875990963607e-07,0.001461564787648275
7,6.5807231602711014e-09,0.04669446284189,8.748446111857884e-08,5.830566259375875e-06,0.0007436377477350506,0.8188772822487753,4.807143238380955e-07,2.2948944490590387e-08,0.0059369606331337,6.571887847767727e-07,9.032591053974762e-07,4.5962042494688785e-07,2.1459525027149982e-12,4.2054295077846503e-07,0.012053776490844808,2.6007543898248722e-06,9.733920191023254e-07,0.0001826235957685665,6.850763802246696e-05,1.1387112242702786e-08,0.007264052644499149,0.0001826567790721566,0.10567733769524834,7.120698591022113e-07,0.0023055351735062723
8,4.040256520081367e-09,0.027842704003434058,9.697684062702373e-08,3.7376186253735277e-06,0.0005430724976636719,0.6717928960438979,5.072855197446397e-07,1.0173114827402836e-08,0.0035159638392964977,5.787130794999624e-07,5.688345110517146e-07,7.288252645798489e-07,1.1851816919052467e-12,7.932691952968903e-07,0.011413280127925845,1.8099784537610455e-06,1.111370049605105e-06,0.00011432864721461385,2.706639028126402e-05,1.0781280815491145e-08,0.01865700111137563,0.00012313396109760213,0.262050538712403,1.2377463964239512e-06,0.003908819051636698
9,3.3911950783005947e-09,0.037647245662337285,5.4544855217776545e-08,3.6810780313788323e-06,0.00043690831169305235,0.6374473112284036,3.2162503765139046e-07,9.531538259393843e-09,0.0036804416683800505,4.752807265165738e-07,7.066819876431347e-07,5.562427765866613e-07,7.335379840952723e-13,7.178200649561181e-07,0.018037274160233804,1.2066251548235055e-06,7.654076909953556e-07,0.00014472077978695244,2.37786095280202e-05,8.54480886004683e-09,0.015215324749102616,0.00011910312595448584,0.28316521609940193,8.083804419970421e-07,0.004073360450134778
10,2.079916267002439e-09,0.030614125331416695,3.308582101016405e-08,2.8967688272056436e-06,0.00035032309523294256,0.801228761767001,2.597192374181521e-07,9.516620036625314e-09,0.00319521924559697,2.0918040676123122e-07,3.7429292747666623e-07,3.662961476686905e-07,7.862584516390458e-13,3.018278905822232e-07,0.010014800333815051,1.8530063145766993e-06,5.819649089223851e-07,0.00021179303681397664,2.9280907817800866e-05,6.57755703110047e-09,0.010144749974172354,0.00010375439364921122,0.14263822822187558,5.045875990963607e-07,0.001461564787648275
11,2.203902032049099e-09,0.028340925987434713,3.267934683679427e-08,2.8099576930724962e-06,0.0003417737419489604,0.8165763782551649,2.709673807003252e-07,1.047742131481206e-08,0.003173631275491807,2.2516673475488938e-07,3.497739489874638e-07,3.639395182874297e-07,9.636054305324414e-13,2.929347435294579e-07,0.009191800958364802,2.00644294468722e-06,6.111052256171634e-07,0.00022258415131725209,3.231480910268175e-05,6.737441618239069e-09,0.00927667020953784,0.00010201634786165362,0.13140859429716714,5.57169858143611e-07,0.0013257704094850088
12,3.515338626260308e-09,0.08066453557579246,7.32642856651035e-08,8.04295764100283e-06,7.513735028216628e-05,0.8683878672486738,1.1918652963401906e-07,1.051047604853922e-07,0.0059198250011533796,5.730631849021702e-07,6.19874317112358e-07,5.236837690446945e-07,1.167742387088484e-12,3.395533979747441e-08,0.018300250415908468,3.4634228034702045e-06,6.447596630674663e-07,8.172645970998252e-05,8.888637563837781e-05,2.456039998955699e-09,0.005532932675795221,0.000890329856064935,0.019562038036042603,2.0928718891581476e-07,0.00048205647290918275
13,1.0983266840540496e-08,0.0268670779919183,1.8940597314312202e-07,8.36365761576427e-06,0.0010677024678248436,0.26819003027668925,5.227422397773544e-07,4.4756929144045704e-08,0.0054952557929605185,7.120500233685975e-07,1.4645170944668077e-05,3.1227055488907225e-06,2.959097970894773e-12,5.9504866284479e-06,0.1161344005444445,3.2358489849736434e-06,1.0400818016418747e-06,0.0006550346167294426,1.7683937757950397e-05,6.977113557912431e-08,0.04169564045949995,8.549219896752792e-05,0.5356075290158145,4.781854134592994e-07,0.004145766847928286
14,1.1163921759461885e-09,0.09783668035573917,2.684560009026654e-08,3.3162789138720005e-06,0.0005268103606915418,0.807216994990726,6.223957211426496e-08,5.957424568795143e-09,0.0024498851741484645,9.647567507927166e-08,5.401709900069367e-07,8.26425216530141e-08,1.0513948763537308e-12,1.3059684692684504e-07,0.009730281252311618,1.5304238132364807e-06,2.1363788741434502e-07,0.0004124553163319323,6.182177058717719e-05,9.660278039122673e-09,0.0040079022469988335,5.946915994827032e-05,0.07714899762511637,1.666169997189372e-07,0.0005425190834341596
15,2.079916267002439e-09,0.030614125331416695,3.308582101016405e-08,2.8967688272056436e-06,0.00035032309523294256,0.801228761767001,2.597192374181521e-07,9.516620036625314e-09,0.00319521924559697,2.0918040676123122e-07,3.7429292747666623e-07,3.662961476686905e-07,7.862584516390458e-13,3.018278905822232e-07,0.010014800333815051,1.8530063145766993e-06,5.819649089223851e-07,0.00021179303681397664,2.9280907817800866e-05,6.57755703110047e-09,0.010144749974172354,0.00010375439364921122,0.14263822822187558,5.045875990963607e-07,0.001461564787648275
16,1.9315107004420684e-09,0.014749827023893578,4.548327483084034e-08,3.123375237346811e-06,0.00025599203066224734,0.743867369020106,3.0337427307951224e-07,1.2091627975907834e-08,0.0014659035283734825,1.6722805075198051e-07,4.814768294258499e-07,7.450939579417871e-07,1.6662610082652874e-12,6.050129502315494e-07,0.012497924469743566,4.36272046892434e-06,6.292120235426873e-07,0.0005418522984848756,2.3122013261945575e-05,1.4599355247673467e-08,0.02403097764581664,6.506162267056697e-05,0.2018135502175382,7.524133486673022e-07,0.0006771761148740668
17,6.525867367038551e-09,0.03572469590056204,8.112830861066213e-08,6.137091464968679e-06,0.0008542750667901686,0.6655793758642751,1.1368045890627936e-06,1.682142704751595e-08,0.004827699308031419,2.9582616025603177e-07,1.0041523294362824e-06,1.3727413865375474e-06,1.485120011760973e-12,1.3287693466247246e-06,0.014098174068914107,2.8698725698104853e-06,1.4973892907363966e-06,0.00024003759555903098,2.350072930286182e-05,1.3677642308060597e-08,0.020425858263700993,0.00020008038464630422,0.2531493186648327,9.541332539531794e-07,0.00486026921826359
18,4.119688030476726e-09,0.059275033107120595,2.7029349745411674e-08,2.785181481430499e-06,0.000490943598146164,0.6689123902055388,4.4384119494915767e-07,8.056352284133917e-09,0.004598810769816392,2.8330210686264585e-07,5.100353611133427e-07,4.593878899965945e-07,7.195067022985433e-13,6.545899357465326e-07,0.011410982351190053,9.274835822832918e-07,1.940209578902172e-06,0.0002319931827667485,4.006401009428813e-05,6.273370841839922e-09,0.007938278475058149,0.0002515079120727435,0.23864182222024163,9.062829296307038e-07,0.008199218374412995
19,2.055641658085291e-09,0.015834972044035327,4.1998351137647605e-08,2.7646253922677954e-06,0.0003323477500149006,0.8888904272891636,4.4738987141864476e-07,1.2150441032588055e-08,0.003204579295993805,4.046265629931121e-07,2.517841264613177e-07,4.464232423970276e-07,1.0630350395095946e-12,1.6473885990156373e-07,0.005050171266846647,1.8816239467332618e-06,6.590787176037284e-07,9.995758770994536e-05,2.3852971353221356e-05,6.252034950585942e-09,0.007333610049473817,0.00012862693317839194,0.07791078259578617,6.151930308090074e-07,0.0011829742751618118
20,1.3155327996322584e-09,0.05528120616279853,2.746200831590455e-08,2.8524748263172797e-06,0.00016224792991988921,0.7922578689291058,1.639166982259538e-07,1.6663211890505196e-08,0.0025115847714332518,1.483234379063942e-07,4.3002196743142344e-07,5.52621136935701e-07,5.59049504943331e-13,2.1437982868830607e-07,0.023593860798491753,1.6771496272356244e-06,4.410046685487794e-07,0.00025853968092014526,2.2975321888396105e-05,5.097846155699752e-09,0.014834047609441058,0.0001936840063631767,0.109798172193562,3.6918120352294046e-07,0.001078912983523151
21,4.250200668718366e-09,0.030691917982079688,5.4633385223636965e-08,6.4226977285732395e-06,0.00045764457402094384,0.6983452472861911,3.3083867009675807e-07,1.4843314050604428e-08,0.003566296341857778,2.1557578646598556e-07,1.102126237459961e-06,6.422159182246032e-07,1.3467801694382065e-12,7.772341713112207e-07,0.01793948174379733,3.730402879230593e-06,5.975070329199857e-07,0.00042473014564322736,2.831922876843198e-05,1.5198831610587113e-08,0.01711611826150545,8.715770972934343e-05,0.22989958145956774,4.7265899073964896e-07,0.0014291250823457507
22,3.104604049210739e-09,0.02374399728191305,5.918312676004248e-08,6.016353574766892e-06,0.0003918428872827044,0.7266680141358152,3.1720899805697375e-07,1.3364112614613281e-08,0.0032291002525553546,3.594364059090654e-07,9.680603065863462e-07,4.6754024786977754e-07,1.3632222181535886e-12,3.733015436780525e-07,0.011808083092719704,3.0175817246996373e-06,1.1123470976995158e-06,0.00037569642686524326,2.8855716958592278e-05,1.6184462146621793e-08,0.018067259061863076,0.00012541759351186559,0.21422737438463282,5.100476939367892e-07,0.0013211254506206977
23,2.079916267002439e-09,0.030614125331416695,3.308582101016405e-08,2.8967688272056436e-06,0.00035032309523294256,0.801228761767001,2.597192374181521e-07,9.516620036625314e-09,0.00319521924559697,2.0918040676123122e-07,3.7429292747666623e-07,3.662961476686905e-07,7.862584516390458e-13,3.018278905822232e-07,0.010014800333815051,1.8530063145766993e-06,5.819649089223851e-07,0.00021179303681397664,2.9280907817800866e-05,6.57755703110047e-09,0.010144749974172354,0.00010375439364921122,0.14263822822187558,5.045875990963607e-07,0.001461564787648275
24,3.5454829583014657e-09,0.041795731648383884,4.114017220415757e-08,5.540894958095636e-06,0.0005319394310089235,0.7821223397866136,3.131506146738365e-07,1.1148111859448894e-08,0.0033062345951499136,2.3001934760842144e-07,6.134257337699294e-07,4.2158002192821636e-07,1.2007210746475067e-12,4.6368895713307917e-07,0.00994894897491982,2.2041430608363897e-06,6.792490694675679e-07,0.00027535814432047936,3.2745528405115344e-05,1.0527130193570984e-08,0.009678663431012698,0.00011767615505559605,0.15031640805381788,5.23532200377264e-07,0.0018628982052502725
25,9.100628073154333e-09,0.02777987970208454,1.0522329569428517e-07,9.363771785776343e-06,0.0009414604663723984,0.6518760858776478,1.041698255419264e-06,3.6480354058735594e-08,0.005604515407781154,6.876735612857436e-07,3.151476407936677e-06,1.6412835822039147e-06,3.128417952067185e-12,1.6707729400850843e-06,0.027257006315309026,3.891157355375832e-06,1.4793151879578211e-06,0.00048452536120999944,2.8166079775486307e-05,3.293229190537798e-08,0.019592381193022475,0.00016990086622892578,0.26277242176840926,8.119913409771493e-07,0.003469734082043553
26,1.4024950387391463e-09,0.017633637109492287,1.4077472470155104e-08,1.6881327759497789e-06,0.0002516200270449046,0.8231118826064354,1.5431223513261758e-07,4.607889363226426e-09,0.003750048341430786,1.8454811351028497e-07,1.4462465301066758e-07,1.21535510122315e-07,5.421664800546771e-13,1.2424904728208688e-07,0.0040745933866289065,1.122941101395582e-06,4.670894234908613e-07,0.00018287778285469005,2.802505004070898e-05,3.6400122841177745e-09,0.005266324237335517,5.6837281554045904e-05,0.14460432585117447,4.214884143955098e-07,0.0010353756763229033
27,2.161596306461696e-09,0.05399974300597579,2.3664022414644683e-08,2.9235448855985873e-06,0.0003057840182279003,0.8113681690506734,2.1627368145237595e-07,1.1301046120908609e-08,0.0046921135074991255,1.9667713641028436e-07,3.8747526120980835e-07,3.0560006411158405e-07,5.069949344509161e-13,2.1255696161825277e-07,0.012878400726900127,1.2818986823146453e-06,5.079451067247088e-07,0.00016083813789289503,3.3249951600009464e-05,4.008411036857798e-09,0.006451278815678081,0.00016106545804365436,0.10791212036592408,3.550297387967924e-07,0.002030808824483904
28,2.079916267002439e-09,0.030614125331416695,3.308582101016405e-08,2.8967688272056436e-06,0.00035032309523294256,0.801228761767001,2.597192374181521e-07,9.516620036625314e-09,0.00319521924559697,2.0918040676123122e-07,3.7429292747666623e-07,3.662961476686905e-07,7.862584516390458e-13,3.018278905822232e-07,0.010014800333815051,1.8530063145766993e-06,5.819649089223851e-07,0.00021179303681397664,2.9280907817800866e-05,6.57755703110047e-09,0.010144749974172354,0.00010375439364921122,0.14263822822187558,5.045875990963607e-07,0.001461564787648275
29,2.079916267002439e-09,0.030614125331416695,3.308582101016405e-08,2.8967688272056436e-06,0.00035032309523294256,0.801228761767001,2.597192374181521e-07,9.516620036625314e-09,0.00319521924559697,2.0918040676123122e-07,3.7429292747666623e-07,3.662961476686905e-07,7.862584516390458e-13,3.018278905822232e-07,0.010014800333815051,1.8530063145766993e-06,5.819649089223851e-07,0.00021179303681397664,2.9280907817800866e-05,6.57755703110047e-09,0.010144749974172354,0.00010375439364921122,0.14263822822187558,5.045875990963607e-07,0.001461564787648275
30,2.079916267002439e-09,0.030614125331416695,3.308582101016405e-08,2.8967688272056436e-06,0.00035032309523294256,0.801228761767001,2.597192374181521e-07,9.516620036625314e-09,0.00319521924559697,2.0918040676123122e-07,3.7429292747666623e-07,3.662961476686905e-07,7.862584516390458e-13,3.018278905822232e-07,0.010014800333815051,1.8530063145766993e-06,5.819649089223851e-07,0.00021179303681397664,2.9280907817800866e-05,6.57755703110047e-09,0.010144749974172354,0.00010375439364921122,0.14263822822187558,5.045875990963607e-07,0.001461564787648275
31,3.217057399556495e-09,0.05077503462750494,6.623229640330741e-08,3.606045449171259e-06,0.00036207861975228573,0.8053905410713864,2.3510088903247638e-07,2.3968007213200392e-08,0.003694131015442169,2.0940004267430305e-07,4.88772948112663e-07,6.028428725756263e-07,1.5378930878620825e-12,3.3773339566715303e-07,0.01606604795978383,3.4006360255964414e-06,7.26438076397671e-07,0.0003024583629638392,5.449169724880855e-05,7.711499039962552e-09,0.015564814430870766,0.00015894941236311487,0.10648650468406105,5.840654443642317e-07,0.001134655953081111
32,2.1463320708544593e-09,0.034440592073574146,3.1588033532206106e-08,2.757195697746568e-06,0.0003359302054557899,0.8158105038989885,2.235719215708179e-07,9.353179947627626e-09,0.0030870669531325866,1.9595013146454442e-07,3.2639498542540184e-07,3.121995447666389e-07,8.524330465416053e-13,2.700614496108312e-07,0.009098063952047345,1.8921162856467782e-06,5.820649814175586e-07,0.00022185411241361887,3.678301531067387e-05,5.94285339790191e-09,0.008779213249991358,0.00010457095155173537,0.12675170466189495,5.192245439481505e-07,0.0013265891148459934
33,9.91165725073981e-10,0.030872186592163346,7.3743306435833605e-09,1.4103149095637513e-06,6.375556345492499e-05,0.9425421311253899,1.4269560864355613e-07,4.268937864545827e-09,0.00039913168102974296,3.864952468954836e-08,1.4910596299875134e-08,1.089500844944263e-07,1.1502039229425235e-12,5.935587084214206e-08,0.0008277858388475941,3.2378954840794226e-06,8.674052060818175e-07,0.0002797890112301583,9.922738372331586e-05,1.2005895147361053e-09,0.0023785696754032005,0.00017712154320110167,0.022108744494654838,1.361655759090641e-06,0.00024430142168417086
34,3.2351372457060284e-08,0.08686191425388268,1.4308034829583925e-07,1.0172991840507764e-05,0.001766675863930182,0.6526963700244202,3.2256774358097416e-07,3.2415899164791975e-08,0.011638314651003092,5.750274583885797e-07,2.6067899195892534e-06,4.5530146883589344e-07,4.222608659451612e-12,1.5056482851616795e-06,0.022992194963671414,4.853066387259138e-06,1.466770034626225e-06,0.0005853106163431801,0.0002172287916337937,1.8153770542000333e-08,0.010491491636473227,0.00013459806719704338,0.2095304426057532,7.327519356933774e-07,0.003062541605005133
35,5.517128452247963e-09,0.09315575093736822,1.9964889903677324e-08,4.2741532026119414e-06,0.00034527179183128996,0.8359952952910529,1.7595921386257883e-07,3.390306755374779e-08,0.014654840269434186,1.9204838988020107e-07,4.207772819977514e-07,2.0975863568125107e-07,6.855023407831819e-13,8.22409459070657e-08,0.011293274798145474,1.7812919443609692e-06,5.81629892226163e-07,0.0001815323403906541,8.716737388988902e-05,2.101932026674393e-09,0.002773555775836886,0.0003238924026452119,0.03977431654765602,1.7989507976273004e-07,0.0014071432294593036
36,3.3448953028018022e-09,0.03852467393893449,2.9734360224554902e-08,3.132612239702267e-06,0.0002610170405044903,0.7929619729434431,8.298385121056926e-07,2.795180052553939e-08,0.003471920106835143,1.8335434033750632e-07,5.592591452273586e-07,1.7838898108778066e-06,1.13541053057275e-12,6.355290488544412e-07,0.01853973265593355,2.9414357492450503e-06,1.8145109598139677e-06,0.00043359189871926436,2.9861853792972565e-05,7.134464107349841e-09,0.013591225073314764,0.00043102371929522895,0.12878648915216975,8.918415988030468e-07,0.002955651178996676
37,3.69003257247167e-09,0.021611004201393943,5.478419087854524e-08,3.758678759867893e-06,0.0003722179835745993,0.6559391615125132,5.004032354119017e-07,6.916596656355648e-09,0.0014711520542811881,1.898730548586435e-07,3.7009895552266087e-07,6.702888908124035e-07,1.5882295166360716e-12,1.181974278979741e-06,0.00810424663499362,3.442125990701918e-06,1.005814097452484e-06,0.00033828246914096894,2.892746313412193e-05,1.117330963263676e-08,0.020735772640917215,8.095443601636604e-05,0.28948837107139286,1.5433867548313966e-06,0.0018171703229056177
38,7.986284340119723e-10,0.014003092911648304,1.5009106838615656e-08,1.3828557671060446e-06,0.0001225674104189969,0.8456317181630847,1.700058423367657e-07,5.621447947681555e-09,0.0014371562619438177,1.059355966428163e-07,1.4785111129451097e-07,2.594283805825948e-07,5.844068748081484e-13,1.5173652991490796e-07,0.006802320979145475,1.988219301135667e-06,3.2802495487850765e-07,0.0002421284122745763,1.9984282263076628e-05,3.862243876441034e-09,0.009400574631283572,5.786113018058333e-05,0.1217949893074948,4.631844335387145e-07,0.0004825839763332755
39,1.2949099375383483e-09,0.026417880749088733,3.049876160685365e-08,2.1437696776879463e-06,0.00023474719992237935,0.839988539046373,1.8875759895568573e-07,8.417168941918203e-09,0.002382458796032337,1.3650635324662852e-07,2.1180733888123968e-07,3.3955378621228574e-07,6.209772484180112e-13,1.7413144907170796e-07,0.007808061996465438,1.9524848048245945e-06,5.08009042842948e-07,0.0001795397707200278,2.6069647847665143e-05,4.700402763347705e-09,0.012413182772172973,0.00010075797820608381,0.10955729343064011,4.34677303201705e-07,0.0008853340033119323
40,5.431129538588403e-09,0.08066480327595982,1.2743388526038418e-07,3.176848395431283e-06,0.0014551593562174621,0.6293375908319084,5.249450858219437e-07,1.328140039954134e-08,0.004437855032790178,2.3491617224808602e-07,1.0911146604444918e-06,1.2007020168133732e-06,1.510923179686137e-12,1.8622438407862875e-06,0.024291152790608013,2.1431037867894536e-06,1.1044216980141852e-06,0.0002457334247935059,4.8681418973865506e-05,1.475090641745109e-08,0.02086298648336783,0.00015548628174337202,0.23297119890396117,9.183935649890633e-07,0.005516934611622327
41,1.4190993033559282e-09,0.021127932683999255,3.07418281670567e-08,1.915418216780157e-06,0.00021673787063654395,0.7910388646375573,3.1655028859515637e-07,6.7715630883913e-09,0.002097797736541717,2.0667212225127447e-07,2.357526838762546e-07,4.918862929253218e-07,5.924850571376296e-13,2.655497614439344e-07,0.007867286521192117,1.4453052198758953e-06,8.006494897850042e-07,0.00015450956762280463,2.0020800579660743e-05,5.2493107977464e-09,0.013375685066081338,0.00012965145604359535,0.16221307984582795,7.114899922725297e-07,0.0017520003574561952
42,1.2777856166237235e-09,0.06603243617934468,3.931222419110925e-08,3.087751697049036e-06,0.00011575945122823274,0.8932867302401162,8.767838960687777e-08,1.7003362066657615e-08,0.0027465507999765875,7.927782329151425e-08,1.199524122098672e-07,2.2458494467357214e-07,4.5363659494672575e-13,3.035263541184974e-08,0.005298150217215982,3.0017393048710436e-06,4.893445571028001e-07,9.370587854295121e-05,6.217633160855211e-05,1.5203476389224623e-09,0.007933443547530986,0.00032870489778374446,0.023759898166672136,1.9799635957114706e-07,0.00033506649768299976
43,3.6917511310826e-09,0.053652851912872786,4.087823154153276e-08,4.226777934262453e-06,0.0005415260279275997,0.7097872598471174,3.6607198890376584e-07,1.1045007628623882e-08,0.004145152153068485,2.0563128144441477e-07,8.017798388707236e-07,5.204399585881666e-07,8.832961689089194e-13,7.624722404883808e-07,0.016962600698096755,1.988116524634596e-06,6.639616620513953e-07,0.0002911084610953745,3.43921505700474e-05,8.790725113888752e-09,0.009775514635278119,0.0001256489388388107,0.201568029551164,5.590501136366078e-07,0.003105756915828878
44,2.079916267002439e-09,0.030614125331416695,3.308582101016405e-08,2.8967688272056436e-06,0.00035032309523294256,0.801228761767001,2.597192374181521e-07,9.516620036625314e-09,0.00319521924559697,2.0918040676123122e-07,3.7429292747666623e-07,3.662961476686905e-07,7.862584516390458e-13,3.018278905822232e-07,0.010014800333815051,1.8530063145766993e-06,5.819649089223851e-07,0.00021179303681397664,2.9280907817800866e-05,6.57755703110047e-09,0.010144749974172354,0.00010375439364921122,0.14263822822187558,5.045875990963607e-07,0.001461564787648275
45,1.6575925333480116e-09,0.025337951268646935,2.759419340661415e-08,2.413345286905945e-06,0.00023824752583812798,0.8619465487966217,2.7743687590417153e-07,1.4937500586248232e-08,0.002843498952780899,2.0313357250885325e-07,2.8040339694276433e-07,3.9611781540793535e-07,9.41112588333163e-13,2.0994730843958993e-07,0.010470682980094728,2.3879908883557393e-06,4.773373350183314e-07,0.00023300474935614377,3.085815467617087e-05,5.350294659096465e-09,0.008625401834724973,0.00011447010463505186,0.08932767340770864,5.204977348669567e-07,0.0008244464741799539
46,3.112066156417818e-09,0.015686838011377106,3.4987499891120686e-08,4.4322271748378505e-06,0.00018103069282906332,0.8889251151962148,3.607219485338288e-07,1.0606854502904324e-08,0.001881280037299391,2.7377762587109903e-07,1.991452794046962e-07,4.5378521096157825e-07,1.1627802039925643e-12,1.1423586605836712e-07,0.0026381423689050875,2.4814590034364476e-06,2.116582338753727e-06,0.0001485728139951935,2.9870814078446574e-05,5.4265240177523796e-09,0.011722111949716278,0.0002651966560356,0.07754656326191356,6.911105629132582e-07,0.0009641010185174938
47,3.258794017017626e-09,0.02675979672988894,3.689344136325029e-08,3.388871828920155e-06,0.00021043853207945696,0.8678502206643701,2.977595846391507e-07,1.1050298866836727e-08,0.0023421883918515155,1.7975244713302466e-07,1.9161496693776941e-07,4.181847856083428e-07,1.1273907276948994e-12,1.850810525897992e-07,0.004859083894162366,3.252445348399214e-06,9.219728883478814e-07,0.0001793073764362642,4.64418315743666e-05,3.9967600002802105e-09,0.00983207822785218,0.00017411343855291294,0.08683098179725147,7.391527504801675e-07,0.000905719079905635
48,2.365933613970712e-09,0.03134520038956258,4.0470155353665926e-08,3.468500130836036e-06,0.00044632054201910364,0.7529360396233201,2.9620375847224103e-07,1.0119562977813069e-08,0.00370193390701218,2.1767408636783334e-07,5.789742102976345e-07,4.4739791628316704e-07,7.975043562291025e-13,4.2666126545182036e-07,0.013325641838207484,1.958713432776219e-06,5.436403874833634e-07,0.0002323364845294005,2.4762257182573233e-05,8.71929283088227e-09,0.012600055709637003,9.399303857834327e-05,0.1835488325124575,4.5385474581603134e-07,0.0017364304018177054
49,1.2290472123977763e-09,0.028727444430924832,3.3661370433925746e-08,2.286717089093009e-06,0.00023351604222940947,0.8731686681147348,2.1115855058867953e-07,9.05020712830338e-09,0.0024661940655612844,1.6713216487890272e-07,2.0518374772531707e-07,3.796865117875342e-07,5.980037925029226e-13,1.2128193510003236e-07,0.006544873526989208,1.6218668958789616e-06,5.278872724170382e-07,0.00012094601004794002,2.3852612210998342e-05,4.580509230964636e-09,0.010047330310398232,0.00014698297177326514,0.07757132182064035,3.9575231587587687e-07,0.0009429049062743576
50,6.029825656264358e-09,0.015812426674460936,5.314325075836294e-08,3.879663409229683e-06,0.0006259696252172177,0.7841483450694763,1.0170313752405236e-06,1.9423262226942416e-08,0.004466964850346012,8.434446054286586e-07,7.134369981528654e-07,7.667330497017912e-07,2.397541936861974e-12,9.146369897793831e-07,0.010290482891058463,2.5206632232723554e-06,1.2367576940937621e-06,0.00023883088826222182,3.672430354920291e-05,1.3774940049934152e-08,0.007551672151083061,0.00011835344068079334,0.17349945145951276,1.4109534600902116e-06,0.003197382951871733
51,1.9936288802103465e-09,0.011130696440152804,3.65541971808084e-08,1.7387688037490998e-06,0.0004502760403897602,0.7850122510355181,3.901347540390662e-07,6.550604525810665e-09,0.0029147030066776435,3.062799691073875e-07,2.6363435782133764e-07,3.8215352181266096e-07,1.0658291567111328e-12,3.844420962402669e-07,0.005672644136514059,1.9999133915108406e-06,7.257147039345651e-07,0.0001882154084396676,2.595295168054497e-05,8.09374052003196e-09,0.010214886231670214,5.6378821442626425e-05,0.18293995801331267,8.213023509724543e-07,0.0013869723770158823
52,1.707262996402055e-09,0.016837218000878718,1.8112035823908175e-08,2.7088537883667217e-06,0.0002390601302609455,0.8688378001229848,1.6149914117027484e-07,1.3054460455518455e-08,0.0029595413512788094,3.1741065664580246e-07,3.678195953054998e-07,2.516789870459393e-07,9.713583207031084e-13,1.8954864174970285e-07,0.010220011247716357,1.6300359861477176e-06,3.076808674082102e-07,0.0002790194867765628,2.6754395141385265e-05,7.804906501917672e-09,0.005524273979164628,6.124894185719373e-05,0.09435846724080303,3.664719230914117e-07,0.0006502634239136678
53,1.3775833477474138e-09,0.007455991248481253,3.3527644656871185e-08,2.7194751191956363e-06,0.0003758869174204174,0.6025721995386811,6.401126408470424e-07,5.633292556061896e-09,0.0023268145406148866,2.2219432748927961e-07,5.528878025963208e-07,6.493219223239153e-07,7.775963973876697e-13,6.112390587364702e-07,0.008786640219508165,1.9755070848749446e-06,5.314077667016264e-07,0.00024871431984523795,6.970207833138808e-06,1.4400489667565066e-08,0.01927404726229711,4.659251462344662e-05,0.3573598030972457,5.630876164594647e-07,0.0015378199603225315
54,2.0540144454946365e-09,0.02746710823931622,3.3893076638524255e-08,2.8900162266669843e-06,0.00035444120275993215,0.8030691778400064,2.6067091009921803e-07,9.461584819272487e-09,0.0031348819243676843,2.1576570579143354e-07,3.7505158834805595e-07,3.657687443173301e-07,8.289219563712548e-13,2.95514495921582e-07,0.009509075945078665,1.9203247093423485e-06,5.906909500258922e-07,0.00021843818685665469,2.8599200471209483e-05,7.0038157577031445e-09,0.010511767022513564,9.772360286767229e-05,0.14425070584596736,5.04505879915211e-07,0.001350610267263544
55,1.9388437489071863e-09,0.01453413723801208,2.4946665672793096e-08,2.09699992514574e-06,0.0003573087765350484,0.8486193683677161,5.705779916791935e-07,1.5199867137227005e-08,0.0032731958004339314,1.5393185812661977e-07,2.7677837533758557e-07,1.0468953243255726e-06,1.2388127871545336e-12,4.330003994509997e-07,0.008371839046886634,2.997728526315498e-06,5.530106642137523e-07,0.0003194602362667249,1.8359701042491844e-05,8.106312370089002e-09,0.009418869042390287,9.76455270853683e-05,0.11374989108150398,6.403424753418097e-07,0.0012311057236599006
56,2.0786313373123033e-09,0.02798388923817548,3.1730767733671514e-08,2.867304663929459e-06,0.0003322884100525352,0.8178303458990897,2.611972329989595e-07,1.0058526207813537e-08,0.0030727995339338383,2.1289487166054264e-07,3.410799720779812e-07,3.5541658319369985e-07,9.067711667789154e-13,2.800039921144411e-07,0.008989056620449574,1.955657179925126e-06,5.774380886412016e-07,0.00021743486935973401,3.010012896594441e-05,6.7161498944664464e-09,0.009414339951060257,9.919795429057085e-05,0.13073233116001173,5.24501296189387e-07,0.0012907901557478766
57,1.722943784006868e-09,0.02183090649552927,8.641660619037006e-08,1.9544008022570775e-06,0.0005163151046287459,0.8516917781866831,3.454002082519716e-07,1.1280648203541432e-08,0.0031665218986173345,2.6209779675889027e-07,2.713528155267006e-07,6.521400910601118e-07,1.2340038161948041e-12,2.3087991926851663e-07,0.006704764224331427,2.599235480686391e-06,7.987613327532477e-07,0.00012001617607501298,3.139374530556139e-05,8.576785298475545e-09,0.0161070115635258,0.0001183707590043164,0.09857747569432426,6.401851393846147e-07,0.0011275837001718024
58,1.7605311884054132e-09,0.024015124242386554,2.7716979861686894e-08,2.2488859893606714e-06,0.00028620410519522387,0.8319891176338607,2.4728561490476985e-07,8.38876279496458e-09,0.0024512304915088115,2.124433025004095e-07,2.3151453735732633e-07,3.3562572071384774e-07,8.913527210502914e-13,2.562553366814048e-07,0.0071975644555949255,1.7879511698750287e-06,5.811184227114276e-07,0.0002032837662430477,3.0017427199479328e-05,5.78362840680393e-09,0.008815134026335726,9.345352574133603e-05,0.1237391523146791,6.551389139858339e-07,0.0011731181414534636
59,1.8249361798653317e-09,0.025486313086560308,3.664824223549213e-08,2.436301074081437e-06,0.000323120061111917,0.8223228366404478,2.6374344813496207e-07,8.8580928734732e-09,0.0025493107780317466,2.1600382567483986e-07,2.668248401130149e-07,3.778679965960665e-07,9.34924998644795e-13,2.729200013790331e-07,0.007721796060509592,1.978720492588017e-06,6.197185709490174e-07,0.0001945970101774832,3.01140893714871e-05,6.592656924485735e-09,0.010825732002729871,9.889469736462302e-05,0.12923523756036093,6.452004018023934e-07,0.0012049167878199823
60,2.079916267002439e-09,0.030614125331416695,3.308582101016405e-08,2.8967688272056436e-06,0.00035032309523294256,0.801228761767001,2.597192374181521e-07,9.516620036625314e-09,0.00319521924559697,2.0918040676123122e-07,3.7429292747666623e-07,3.662961476686905e-07,7.862584516390458e-13,3.018278905822232e-07,0.010014800333815051,1.8530063145766993e-06,5.819649089223851e-07,0.00021179303681397664,2.9280907817800866e-05,6.57755703110047e-09,0.010144749974172354,0.00010375439364921122,0.14263822822187558,5.045875990963607e-07,0.001461564787648275
61,2.0221060950264808e-09,0.026431735952402283,3.844960065004551e-08,2.4802307020217617e-06,0.00035416788722116916,0.8124458013162625,2.772808227845329e-07,9.031984887297986e-09,0.002831870459523306,2.250685946367371e-07,2.9963902206418387e-07,3.8752324512148966e-07,9.187589829890958e-13,2.9692358749359884e-07,0.008316390338185473,1.9628851226211516e-06,6.395927881435959e-07,0.0001919884755536282,3.102446142390943e-05,6.5904437650965696e-09,0.0109441511848645,0.00010000295677703986,0.13699649631961083,6.326172652984503e-07,0.0013491127919709807
62,2.079916267002439e-09,0.030614125331416695,3.308582101016405e-08,2.8967688272056436e-06,0.00035032309523294256,0.801228761767001,2.597192374181521e-07,9.516620036625314e-09,0.00319521924559697,2.0918040676123122e-07,3.7429292747666623e-07,3.662961476686905e-07,7.862584516390458e-13,3.018278905822232e-07,0.010014800333815051,1.8530063145766993e-06,5.819649089223851e-07,0.00021179303681397664,2.9280907817800866e-05,6.57755703110047e-09,0.010144749974172354,0.00010375439364921122,0.14263822822187558,5.045875990963607e-07,0.001461564787648275
63,1.973228790359251e-09,0.04082328761041891,2.8672043505172274e-08,2.8480536704786153e-06,0.000317243871199155,0.8035830126297016,2.0879348691237677e-07,9.308742903942548e-09,0.003293666061732326,1.7867554179221065e-07,3.4906614429661503e-07,3.052798265981534e-07,7.026760550806394e-13,2.567888691439621e-07,0.010573435638763699,1.654248537595201e-06,5.275481403615301e-07,0.000211311583831316,3.2642677580655806e-05,5.4986777308950825e-09,0.008821427171174817,0.00011300509739920934,0.1307521277105933,4.4731899560832823e-07,0.0014720187209965583
64,1.6102942201541592e-09,0.024416732462710457,4.02316047346964e-08,2.4441432079945935e-06,0.00030290802943145376,0.7879541958186613,2.330035575153557e-07,7.961638301695054e-09,0.0025693154274218292,1.8221990893939817e-07,2.9859784031571114e-07,4.1677885627567766e-07,7.457935496813773e-13,2.58617230915639e-07,0.008688435930835063,1.9621738000121196e-06,6.297436952864961e-07,0.00018230205282725927,2.3477610688078935e-05,6.683280944105454e-09,0.016095089912349293,9.56217155121744e-05,0.15849052686141196,5.20838320791296e-07,0.0011743915741690663
65,3.384967834494564e-09,0.03082284066444885,4.0945828367498234e-08,3.709671879979591e-06,0.0004574500506502359,0.8111599597516674,3.1601106401517484e-07,1.504292033660041e-08,0.00459660548730291,3.411898835227936e-07,6.375998773873075e-07,4.185614691531091e-07,1.091669786041518e-12,3.635681082235375e-07,0.01275040015073437,2.232602807408299e-06,6.546886229665403e-07,0.00022993490279743812,3.8919552039900254e-05,8.117936596974258e-09,0.008476427954194633,0.00011598563902227004,0.1298097975703034,4.984975714111527e-07,0.0015324383928097837
66,4.957612793187807e-09,0.0074089376832782725,1.4151373460539413e-07,3.5838014977644707e-06,0.0017770898160152234,0.8519300684094916,8.492266484480016e-07,9.169137621984598e-09,0.004571950540282441,6.85058130949036e-07,3.952931290192242e-07,3.524218953918311e-07,4.427200959438895e-12,3.7131081745650005e-07,0.002101986251969401,4.107680976208871e-06,1.1217304863885982e-06,0.00013378327689565726,4.4035828712773766e-05,2.2499086228091943e-08,0.009261143256107893,4.516612552002243e-05,0.12167934457540824,9.557155592973084e-07,0.0010338938531791045
67,2.138101768560097e-09,0.03072721598360681,3.364487480255014e-08,2.930643405825783e-06,0.0003589922932712086,0.8013813855507873,2.6337424056895636e-07,9.734425484292197e-09,0.0032608802881358423,2.1387137857498163e-07,3.8284784132353347e-07,3.693768263557758e-07,8.031543652420556e-13,3.063226725082118e-07,0.010113024188729442,1.8758136453720988e-06,5.870577454794424e-07,0.00021309880550220392,2.9809875489545344e-05,6.660624516345801e-09,0.01010308305341372,0.00010427029064866754,0.14223072649646828,5.070422187415607e-07,0.0014700246451424068
68,9.335895050876501e-09,0.0628847456185142,5.6147877288933544e-08,6.1046929790187425e-06,0.0007959983514674591,0.7059590051573074,4.2192990744557205e-07,1.1720391397560647e-08,0.007239277617043066,3.76566804656336e-07,8.293909471184058e-07,2.736192639844113e-07,1.348234538549329e-12,6.792480969287132e-07,0.011083910763560047,2.807110801310048e-06,1.136861108478208e-06,0.0002407389656915496,9.102549263418569e-05,7.090321350185157e-09,0.006597991289949292,0.00014561926639682166,0.20152353385128882,7.677681094204765e-07,0.003424672142295566
69,1.3631252619074311e-09,0.02597683286791377,2.5720732962001384e-08,3.1329250403274285e-06,0.0003290491727641894,0.6655596576035301,1.7054608492138842e-07,8.84126646992505e-09,0.004574355119765656,2.406637537107438e-07,1.0422911574327192e-06,3.825667185689569e-07,4.42972504326187e-13,2.5812769198336024e-07,0.020680448683608344,9.052392709957375e-07,4.771870738856756e-07,0.0002843130935355698,1.130391035351691e-05,1.1457794834069134e-08,0.015225285195127409,8.873516520870801e-05,0.2653622842184895,1.9858774533868237e-07,0.0019008794518036044
70,2.399876188697095e-09,0.036843428139154574,3.240501251717612e-08,2.6041431814422986e-06,0.00037231846686554,0.7833542714143735,2.574313253451677e-07,1.0088049322034932e-08,0.0031458051552851647,2.2159526849129048e-07,3.745813220843963e-07,3.9303419840200914e-07,8.943846111324867e-13,3.784327175192359e-07,0.011248812094656122,1.7747646307879528e-06,7.542935442428459e-07,0.00025412029034733205,3.794910416541514e-05,6.523682834763834e-09,0.010158619655616357,0.00012053517427336714,0.15265830423281915,6.470026922871619e-07,0.0017983795760475932
71,2.8949873392319184e-09,0.0018745938126888656,2.274655943062718e-08,1.8564951376792865e-06,0.0007843566087540235,0.8911526711456434,4.090212591314853e-06,1.1923171289412892e-08,0.005760083797451251,1.1860139517603502e-06,1.7388755501378832e-07,4.941884328242142e-07,2.367036142275552e-12,3.2156167457600756e-07,0.0015449874870133798,1.7962926754218604e-06,9.977814019415821e-07,8.521832453380338e-05,1.0855153224704013e-05,1.0665819520058478e-08,0.0027826964195656885,5.67588701535113e-05,0.09399440669683759,1.4406778493134367e-06,0.0019409663399591866
