,0,1,2,3,4,5,6,7,8,9,10,11,12,13,14,15,16,17,18,19,20,21,22,23,24
0,1.9562641251363644e-08,4.103542551950302e-08,4.901069813133351e-06,0.0004842937358776315,3.30267693732084e-06,0.9716760873434345,1.8170431825373894e-05,4.335467548337217e-06,6.085184797472225e-07,1.164918333348533e-06,2.6066818820347246e-06,5.789395545628142e-08,0.00016000581026493754,8.909241484141047e-06,2.9464058770924332e-06,0.026247897715666137,3.6489302724794846e-05,5.1226411923316404e-08,2.413607021964e-06,8.630163998174659e-05,1.4735338377232549e-05,1.05431789712801e-08,0.0012445769453539013,6.915793823470312e-08,3.7295652758023595e-09
1,1.8903808947838223e-08,3.752431477010912e-08,4.699924642795421e-06,0.00034033461502395773,3.1252220068997656e-06,0.9630857524435512,1.79357173898569e-05,4.649084683397216e-06,6.723867999893488e-07,1.4628228724384545e-06,2.0070940004828224e-06,5.2122734242100576e-08,0.00015394400777193358,6.592216804304442e-06,2.5970758522218313e-06,0.0354282175892375,3.0701572034046836e-05,4.584368606144932e-08,3.0660761744857776e-06,9.394318572173003e-05,1.0461989973323461e-05,1.0873414592625996e-08,0.0008096093198306871,5.9358172433274707e-08,3.0294978354984916e-09
2,1.84619810827244e-08,3.479118897297578e-08,5.5646114183075456e-06,0.0003559019881320564,3.892141458076638e-06,0.9698999313045754,2.3937694733461133e-05,5.33040361467543e-06,7.293419747305368e-07,1.779567692462908e-06,2.120711028567057e-06,5.345573202908345e-08,0.00013277391755580413,1.0114288947256455e-05,4.152175526717912e-06,0.027864129423983808,2.656145079809527e-05,5.655941300343351e-08,3.6150738388314023e-06,0.00018726539935448082,1.638769609454345e-05,1.954690656192765e-08,0.0014555484689044928,7.548682062402409e-08,6.038326136629263e-09
3,1.586275238822672e-08,3.434319477136461e-08,4.348840421587435e-06,0.000369036997131899,2.7304597063637927e-06,0.9730029526962808,1.7065146112016963e-05,3.85169469988328e-06,5.091099218743787e-07,1.1377158638111208e-06,2.134037703143821e-06,5.3103547163750985e-08,0.0001407427593380995,7.843081737168884e-06,2.75401935255971e-06,0.025255739966759134,3.113975686131567e-05,4.554928623820024e-08,2.3866853960731975e-06,9.356709894951913e-05,1.3226841933523643e-05,1.066393793482051e-08,0.001048609731222298,6.04509380765344e-08,3.3869525542720067e-09
4,1.8134241580571125e-08,4.206129195730256e-08,4.459313472516961e-06,0.00040523855209573977,3.142448269874629e-06,0.9720426466192137,1.687119786255261e-05,4.042649953121552e-06,5.693834852740313e-07,1.145234785965377e-06,2.5215523851392934e-06,6.854228877677005e-08,0.00017654017186350556,8.850399051463697e-06,2.5669469220408334e-06,0.02608205813658697,3.5943574647154356e-05,5.2409863727396535e-08,2.611505998903269e-06,9.388037885061633e-05,1.4043938325189459e-05,1.0805165180649441e-08,0.001102609412469873,6.303001566068798e-08,3.600893499360136e-09
5,2.1138939201082586e-08,3.343271387917981e-08,5.2252618340805935e-06,0.000525763682338182,2.991818012672174e-06,0.9660473773812538,2.2155185631129917e-05,4.923364081726594e-06,5.988649736341871e-07,1.5471456059435673e-06,2.5892902366516327e-06,6.577193996750232e-08,0.00016820008106194976,1.0088665574776166e-05,3.080113288634137e-06,0.03169366515609576,4.000480787250092e-05,7.410462552898583e-08,2.382540157833364e-06,0.00013290035851377146,1.6316261896078074e-05,1.355149083781855e-08,0.0013198852963193096,9.222577168252503e-08,4.499770333465384e-09
6,1.586275238822672e-08,3.434319477136461e-08,4.348840421587435e-06,0.000369036997131899,2.7304597063637927e-06,0.9730029526962808,1.7065146112016963e-05,3.85169469988328e-06,5.091099218743787e-07,1.1377158638111208e-06,2.134037703143821e-06,5.3103547163750985e-08,0.0001407427593380995,7.843081737168884e-06,2.75401935255971e-06,0.025255739966759134,3.113975686131567e-05,4.554928623820024e-08,2.3866853960731975e-06,9.356709894951913e-05,1.3226841933523643e-05,1.066393793482051e-08,0.001048609731222298,6.04509380765344e-08,3.3869525542720067e-09
7,3.2649806747736124e-08,5.805009337391763e-08,9.35496735964707e-06,0.00048100118006857366,3.2446733843575983e-06,0.974827856350453,1.806444790134797e-05,7.85862553621011e-06,5.756040707708522e-07,1.084273025592135e-06,2.6487854765509867e-06,7.61350824162843e-08,0.00035342248136172695,6.368703856999954e-06,1.958408775607068e-06,0.02341046084391401,4.7736086499491765e-05,6.001487847055063e-08,4.386664008330192e-06,9.115844767395408e-05,1.2536171627289927e-05,1.0801184054655715e-08,0.0007199838004149701,5.945564661770078e-08,2.3778999660445653e-09
8,2.4456979587131444e-08,3.5648561728784586e-08,7.940972068103867e-06,0.0007713175408488181,3.959820121841044e-06,0.9681524966537008,2.5967448942966563e-05,5.430099903442806e-06,8.938844284429388e-07,2.4581184571729495e-06,3.5316274045331353e-06,4.245459142795999e-08,0.0001265735730782481,1.4442380068195235e-05,6.449385255002458e-06,0.028736682496117945,3.5010318709554636e-05,6.760605112450808e-08,2.3446167709859913e-06,0.00015310307156915802,2.1178093204520293e-05,2.0258216754333845e-08,0.001929816946876475,2.0559602447414566e-07,6.9320484724402075e-09
9,1.9016724388918115e-08,2.839626714081169e-08,8.195895846428595e-06,0.0006391930242924292,3.1906209694761402e-06,0.9702657372133069,1.5625969087188663e-05,5.278522952574707e-06,6.92752520817006e-07,1.8665821414943013e-06,2.9052307243600972e-06,4.0593493547308076e-08,0.00014944761065230821,1.0797210776035684e-05,4.089497314295953e-06,0.027376336877114302,3.5866583120780935e-05,4.914976087932556e-08,2.2598869694122914e-06,0.00014258249193797656,1.544170907212855e-05,1.6034315731065512e-08,0.0013201841685142428,1.5159778957162943e-07,3.3643354524105906e-09
10,1.586275238822672e-08,3.434319477136461e-08,4.348840421587435e-06,0.000369036997131899,2.7304597063637927e-06,0.9730029526962808,1.7065146112016963e-05,3.85169469988328e-06,5.091099218743787e-07,1.1377158638111208e-06,2.134037703143821e-06,5.3103547163750985e-08,0.0001407427593380995,7.843081737168884e-06,2.75401935255971e-06,0.025255739966759134,3.113975686131567e-05,4.554928623820024e-08,2.3866853960731975e-06,9.356709894951913e-05,1.3226841933523643e-05,1.066393793482051e-08,0.001048609731222298,6.04509380765344e-08,3.3869525542720067e-09
11,1.6441128421943715e-08,3.693908720404685e-08,4.380224084055789e-06,0.0003675892223656751,2.7119796155289686e-06,0.9726320089072623,1.6770071873208693e-05,4.021692263006178e-06,5.19173042096935e-07,1.1070492105837363e-06,2.1691251446782352e-06,5.911352158251562e-08,0.0001574730839556928,7.769683117797902e-06,2.5828393575485657e-06,0.025655710228129652,3.407412541934111e-05,4.728804557158113e-08,2.470938377290871e-06,9.141773730457953e-05,1.2814992070100333e-05,1.0710240779891197e-08,0.0010041762752847504,5.883740102605007e-08,3.3226971657219812e-09
12,1.6451136455866167e-08,3.96886636850665e-08,4.3246532189756445e-06,0.0003547396845052955,3.5592138140274478e-06,0.9737489863479214,1.7774160869860662e-05,3.52897750711714e-06,5.331684071522496e-07,1.1494738772117965e-06,2.263473875408902e-06,6.384420391145792e-08,0.00013669383082857116,9.395063412956436e-06,2.9062462270102647e-06,0.024336398216755397,2.7884920258951676e-05,5.1388448311012354e-08,2.626778459454823e-06,0.00010745114640323202,1.569000171405275e-05,1.11748174301299e-08,0.0012238497630433077,5.8028251572272095e-08,4.303379396036173e-09
13,2.5931137192149854e-08,5.6151036915275655e-08,4.459189881058222e-06,0.0007279216852012483,4.448895778106116e-06,0.9706758162168955,1.2195484259991722e-05,3.7926339481763415e-06,6.880019289166902e-07,7.16581419349253e-07,7.799014127006071e-06,9.150520510170812e-08,0.00030354322760312946,1.2355127073848334e-05,3.0775380112698453e-06,0.0257126731278187,5.580628355529901e-05,5.074361178847754e-08,2.8143528921845057e-06,6.393926419176617e-05,1.7718638890758662e-05,7.520724016998063e-09,0.002389898816279804,1.01115923254409e-07,2.9526057233315234e-09
14,3.607690094481977e-08,3.196362548796713e-08,1.3409711791065211e-05,0.0015644170522497978,4.643791331444097e-06,0.9484126329431648,4.5338168903144724e-05,1.6165974061377383e-05,1.7877902109631922e-06,3.278510311911946e-06,3.425580125928069e-06,4.2801294922768746e-08,0.0001791698444587737,1.365304103191131e-05,9.053768553150264e-06,0.046575516338212906,7.350339263296438e-05,9.132991001229913e-08,2.707685561176502e-06,0.0002189254455550408,2.2616559468559728e-05,3.472202848300157e-08,0.002839236374429051,2.7242340029886943e-07,8.71078561898584e-09
15,1.586275238822672e-08,3.434319477136461e-08,4.348840421587435e-06,0.000369036997131899,2.7304597063637927e-06,0.9730029526962808,1.7065146112016963e-05,3.85169469988328e-06,5.091099218743787e-07,1.1377158638111208e-06,2.134037703143821e-06,5.3103547163750985e-08,0.0001407427593380995,7.843081737168884e-06,2.75401935255971e-06,0.025255739966759134,3.113975686131567e-05,4.554928623820024e-08,2.3866853960731975e-06,9.356709894951913e-05,1.3226841933523643e-05,1.066393793482051e-08,0.001048609731222298,6.04509380765344e-08,3.3869525542720067e-09
16,1.6347474495897444e-08,2.9036834557184054e-08,3.4532091665099416e-06,0.0004783486067001905,2.8175819112524786e-06,0.964420040642042,2.3359802279581566e-05,3.478227935808445e-06,3.7833371686631333e-07,1.8262888914843818e-06,2.375960245345094e-06,7.217001366919173e-08,0.00011935084495354085,1.1612019003678337e-05,2.8639211367963357e-06,0.03345113918387594,3.2162361060023115e-05,8.11177894348948e-08,1.949901386560244e-06,0.00013171667961488809,2.647355380177657e-05,1.2394073109316463e-08,0.0012863660884627729,7.087505468421577e-08,4.852574930054994e-09
17,3.353042106540538e-08,5.324780739719275e-08,6.156574984053822e-06,0.0006935109889636015,5.120936161643139e-06,0.9595359736578879,2.7342527617674035e-05,7.347211652117097e-06,7.025495761914488e-07,1.503556722100721e-06,3.847441846377558e-06,1.4433836124362236e-07,0.0002734803954572064,1.5384490447404196e-05,3.3528651988160865e-06,0.036880595006879124,5.739024744500567e-05,1.2867065774166846e-07,3.8608754451983916e-06,0.00017952217465979354,2.7816605213586582e-05,1.7811840107143265e-08,0.0022766176885450438,8.947362768874138e-08,7.1325820676370615e-09
18,2.2207574583616513e-08,4.4699800778635155e-08,3.739880399621071e-06,0.0004457134120871929,3.2416921773003055e-06,0.9629532540909119,3.005753833580359e-05,4.832520885204366e-06,7.215692996888728e-07,1.6230346692929765e-06,2.897715067755718e-06,9.479553544355054e-08,0.0001477052964190565,1.2371112679589884e-05,4.432730072883951e-06,0.03445805633503231,4.554325329095633e-05,8.592385083795173e-08,2.906828522427946e-06,0.00013201339712857202,1.9035266543036588e-05,1.8455759075800644e-08,0.001731496382351091,8.409931074060136e-08,7.762294954114506e-09
19,2.0799953054504233e-08,4.373154406054293e-08,6.25230606358666e-06,0.0004751076755308774,3.583218803805016e-06,0.9709768162256743,1.9214652358624578e-05,5.774465668474732e-06,6.523803900954806e-07,1.2846301652908762e-06,2.3009693120843684e-06,7.579475219768014e-08,0.0002155259640919636,8.770485972012546e-06,2.4567820367066148e-06,0.0270759929900436,4.064776330558613e-05,6.027197614736043e-08,3.1591147791540443e-06,0.00011691351537875532,1.4924035031890483e-05,1.3419861883110829e-08,0.001030339693902078,6.540453369843153e-08,3.7088699690045116e-09
20,1.3268202968388026e-08,2.9724764279002946e-08,4.844589959014491e-06,0.0003878076184408265,2.58526970905401e-06,0.9772255968977014,1.9103163357773895e-05,4.436958354944264e-06,5.281800859310122e-07,1.1982214321857713e-06,2.294993962313202e-06,3.83877118340284e-08,0.00010688505045372341,7.865375591304586e-06,4.631834500869804e-06,0.020757182236775622,2.8434800814708802e-05,3.1871937374083464e-08,2.7072822069931617e-06,9.866933955392435e-05,1.698082580176429e-05,1.5604557356012154e-08,0.0013280387093136813,7.597013821530183e-08,3.8246720583405564e-09
21,2.054943559720099e-08,4.586621600031986e-08,4.353073997356581e-06,0.00042638809370379763,4.18053143737155e-06,0.9677550115869473,1.761974062755534e-05,3.56488848102365e-06,5.150562643430689e-07,1.4847501212875556e-06,2.834282874732534e-06,9.034444480013632e-08,0.00017053990169655885,1.1533807179192783e-05,2.41981331547561e-06,0.03024423215287329,3.154644732117849e-05,7.419802905217413e-08,2.741576356707102e-06,0.00011858185181699111,2.0446586440518688e-05,1.0826601366644736e-08,0.0011816940367891282,6.572283961838304e-08,4.314189691801494e-09
22,1.749826357246784e-08,2.9690909045629564e-08,4.785950256583979e-06,0.0004935827034229303,2.3482844813404615e-06,0.9697997471390806,1.584484090558908e-05,4.167124326623644e-06,4.18096102407547e-07,1.280707713682422e-06,2.5391948702093548e-06,5.880244102290017e-08,0.00015074538382740373,8.44263444550176e-06,2.6513422855861467e-06,0.028334561096637123,4.206935374045924e-05,5.368390448486129e-08,2.0870015977831127e-06,9.433004600865111e-05,1.6076447795019825e-05,1.0753645197690614e-08,0.001024075169610082,7.43994298095583e-08,2.654299020768294e-09
23,1.586275238822672e-08,3.434319477136461e-08,4.348840421587435e-06,0.000369036997131899,2.7304597063637927e-06,0.9730029526962808,1.7065146112016963e-05,3.85169469988328e-06,5.091099218743787e-07,1.1377158638111208e-06,2.134037703143821e-06,5.3103547163750985e-08,0.0001407427593380995,7.843081737168884e-06,2.75401935255971e-06,0.025255739966759134,3.113975686131567e-05,4.554928623820024e-08,2.3866853960731975e-06,9.356709894951913e-05,1.3226841933523643e-05,1.066393793482051e-08,0.001048609731222298,6.04509380765344e-08,3.3869525542720067e-09
24,2.2253689541222973e-08,4.4463200924504324e-08,4.99473178409361e-06,0.0005482986798973857,4.504142734802893e-06,0.9612142127107867,1.7488996379803757e-05,4.762609246969699e-06,6.830138603380143e-07,1.4011601444136992e-06,3.04027204980099e-06,8.772894247839236e-08,0.00022693660196761707,1.1625374134166776e-05,2.4266382117399417e-06,0.03640690368198944,3.8965422609539876e-05,7.162654156180958e-08,2.920504740872131e-06,0.00011662016857128004,1.658761557858832e-05,1.1073367009104635e-08,0.0013773103296466215,7.605283395203682e-08,4.147090395024898e-09
25,3.503623717262766e-08,3.806445600030306e-08,7.710324784481174e-06,0.000838957421958579,4.228336322723898e-06,0.9517459456539692,2.5177058732154383e-05,9.428822752687137e-06,7.222174431098278e-07,1.7530109198676915e-06,3.88658195291751e-06,7.869355160481439e-08,0.0002960742501290443,1.0205666557968192e-05,3.1142234099072073e-06,0.045141124491565716,5.566313806988178e-05,8.855958244389786e-08,4.1382847456610295e-06,0.00014709163209139964,2.1825279273846923e-05,1.445500785407401e-08,0.0016825888256215055,1.0610497636302965e-07,3.865887933307143e-09
26,2.0287066517828172e-08,3.6988024303430814e-08,5.324196217449411e-06,0.000490120002295149,3.0520682029955496e-06,0.9710363011450482,1.8588304879901546e-05,4.903783002609249e-06,8.911530123013948e-07,1.0448370485892915e-06,3.0108453703331064e-06,5.032834719163845e-08,0.00016857928750228598,8.244783700263777e-06,3.892844932643361e-06,0.02642367273688789,4.158504108657463e-05,4.850385782802456e-08,2.2258034907602105e-06,0.00010306280885497213,1.088826709474581e-05,1.2604015056942776e-08,0.0016743327009857642,1.0650427978997775e-07,4.174795540873735e-09
27,1.2825129523286076e-08,3.103513483712905e-08,3.88755190125193e-06,0.00032900334099112414,2.578005188341436e-06,0.9738680281664862,2.0282434658056526e-05,3.769056362391704e-06,6.988723345571802e-07,1.3996243619913344e-06,1.997820933021335e-06,4.194388348656991e-08,0.00010746457073839098,8.221459216592363e-06,3.987908065730509e-06,0.0242990848637965,2.832049499562074e-05,3.8096059160061124e-08,2.2823366780796245e-06,0.00011207300017736528,1.201597569586857e-05,1.5218915916880136e-08,0.0011946871302821822,7.36559751250074e-08,4.612038837753102e-09
28,1.586275238822672e-08,3.434319477136461e-08,4.348840421587435e-06,0.000369036997131899,2.7304597063637927e-06,0.9730029526962808,1.7065146112016963e-05,3.85169469988328e-06,5.091099218743787e-07,1.1377158638111208e-06,2.134037703143821e-06,5.3103547163750985e-08,0.0001407427593380995,7.843081737168884e-06,2.75401935255971e-06,0.025255739966759134,3.113975686131567e-05,4.554928623820024e-08,2.3866853960731975e-06,9.356709894951913e-05,1.3226841933523643e-05,1.066393793482051e-08,0.001048609731222298,6.04509380765344e-08,3.3869525542720067e-09
29,1.586275238822672e-08,3.434319477136461e-08,4.348840421587435e-06,0.000369036997131899,2.7304597063637927e-06,0.9730029526962808,1.7065146112016963e-05,3.85169469988328e-06,5.091099218743787e-07,1.1377158638111208e-06,2.134037703143821e-06,5.3103547163750985e-08,0.0001407427593380995,7.843081737168884e-06,2.75401935255971e-06,0.025255739966759134,3.113975686131567e-05,4.554928623820024e-08,2.3866853960731975e-06,9.356709894951913e-05,1.3226841933523643e-05,1.066393793482051e-08,0.001048609731222298,6.04509380765344e-08,3.3869525542720067e-09
30,1.586275238822672e-08,3.434319477136461e-08,4.348840421587435e-06,0.000369036997131899,2.7304597063637927e-06,0.9730029526962808,1.7065146112016963e-05,3.85169469988328e-06,5.091099218743787e-07,1.1377158638111208e-06,2.134037703143821e-06,5.3103547163750985e-08,0.0001407427593380995,7.843081737168884e-06,2.75401935255971e-06,0.025255739966759134,3.113975686131567e-05,4.554928623820024e-08,2.3866853960731975e-06,9.356709894951913e-05,1.3226841933523643e-05,1.066393793482051e-08,0.001048609731222298,6.04509380765344e-08,3.3869525542720067e-09
31,3.902346388338291e-08,5.315416686516653e-08,1.0362037832938693e-05,0.0005311010052411062,4.666035167005492e-06,0.9640344289216417,2.6503477395981816e-05,1.0222748629584434e-05,6.272680913555285e-07,1.505579888500436e-06,2.4527119592923823e-06,9.624441453817863e-08,0.0002966546496716105,9.122141017969683e-06,2.7715241854888257e-06,0.03357635125149092,4.616568480597557e-05,1.0350424648226564e-07,5.251882017888953e-06,0.00017034246813564055,1.9317576287554804e-05,1.690300356110654e-08,0.0012517680588985606,7.102964067348499e-08,5.118704925760901e-09
32,1.611648411371803e-08,3.540052724021957e-08,4.426267643044676e-06,0.00033398990505736085,2.824307860047073e-06,0.9732073872417648,1.6930680736943745e-05,3.989286070430115e-06,4.948455070093229e-07,1.1243554225838641e-06,2.112088392135232e-06,5.5625847520913e-08,0.00014249577591194992,7.73775984702636e-06,2.8189715541106708e-06,0.025083175887108906,2.9907605449371905e-05,4.494786423341607e-08,2.7528850486694833e-06,9.906114327743245e-05,1.3410983416846776e-05,1.1439622985238461e-08,0.0010451358402160755,5.716090945143974e-08,3.4784596064856215e-09
33,1.566204201371306e-08,3.430117279552139e-08,4.405395156591719e-06,0.00036496995622211005,2.789385140709524e-06,0.9736544979051951,1.7035340368955923e-05,3.8038386527942348e-06,5.058458310358289e-07,1.1336792407729524e-06,2.1431239242608847e-06,5.128733055558083e-08,0.00013513456991407993,7.844612866455112e-06,2.8687686566500755e-06,0.024591022119260772,2.9859929067417468e-05,4.405467002236484e-08,2.4079582726449964e-06,9.371670788876437e-05,1.3620325560023128e-05,1.076493287006921e-08,0.0010720201092613406,6.0927250590946e-08,3.4321206073744675e-09
34,9.485665216578839e-09,1.9654141012620768e-08,3.1691557473794925e-06,0.00035270256541307393,1.6659698811386268e-06,0.9698541604964364,1.8066674674420423e-05,3.238183172008084e-06,3.536300178933025e-07,1.2041615960516123e-06,1.2792883273074455e-06,4.1316800201982035e-08,9.52583693755464e-05,6.475754888743639e-06,2.231143898374612e-06,0.02872199981007868,2.9984323883694546e-05,4.220447891656079e-08,1.3518283114340877e-06,9.172641949730844e-05,1.2697084856025913e-05,9.386909468551489e-09,0.0008022637444822046,4.668022139284106e-08,2.6672459297998373e-09
35,8.032191081326333e-09,2.4337864632032565e-08,3.1396688041984553e-06,0.00026673741457626803,2.156175886035182e-06,0.9816551210081353,1.162998344508395e-05,2.103278661726119e-06,3.5897237034015606e-07,8.064914367140074e-07,1.838275693224669e-06,3.427201135025755e-08,8.629912001087237e-05,7.33004149304861e-06,2.9088695344331905e-06,0.016792527583798705,1.9799771124825098e-05,2.4045844490704132e-08,1.6584659246124632e-06,7.734194415980668e-05,1.2194038222625591e-05,8.568198059645269e-09,0.0010558945455900906,5.242066035153918e-08,2.6743622611668995e-09
36,1.1924728573219252e-08,2.3480301127039073e-08,2.1984632264079256e-06,0.00036992737250412714,1.233978499839925e-06,0.9479618495884532,1.7288435947038354e-05,5.322077298946195e-06,6.849487121519798e-07,8.116987781932327e-07,1.4373361004078945e-06,6.396664154953583e-08,0.0001871944448253246,4.8745565977751045e-06,1.8418956849059825e-06,0.05047266044648334,7.317963047956872e-05,4.311596423018715e-08,1.5246528480131672e-06,6.056130600027262e-05,5.088203632635096e-06,9.104886875568544e-09,0.0008321260487047258,4.116408051945373e-08,2.158620202553674e-09
37,3.86620824975311e-08,3.9586451816032365e-08,8.77211842560611e-06,0.0007971194140290362,3.6835137739797938e-06,0.9628079014827714,2.4786123698801473e-05,6.816110479632276e-06,6.722061391719474e-07,1.8088000351599833e-06,4.027176098589172e-06,7.439572670684526e-08,0.00023094752993850254,1.1642963697003304e-05,3.7072378390347923e-06,0.034359184703134565,5.160597647569877e-05,1.0370948551129966e-07,3.247994147084933e-06,0.00014646382338907304,1.9166547738440256e-05,1.4758160034523457e-08,0.0015180142686957642,1.5625773287408038e-07,4.639853812747749e-09
38,9.962313063025084e-08,1.5145952340581523e-07,2.530983402195147e-05,0.0022317135037627,2.1031715897611072e-05,0.9664839963027182,3.763061282006233e-05,1.3471658118752046e-05,3.740075551795271e-06,4.690015450407824e-06,8.764679093633253e-06,1.549962637991321e-07,0.00038340799159242937,4.2276146209404575e-05,7.6101204639395455e-06,0.026777777959630725,7.557155731894185e-05,2.4902314051622105e-07,4.83780369463623e-06,0.0003204353976743133,4.344455243488684e-05,4.462650295354443e-08,0.0035131576996418937,4.097872138103201e-07,2.2858128490297907e-08
39,1.2172924032599001e-07,2.2327895425680828e-07,2.7089616840671668e-05,0.0028198805234698715,3.151050647904105e-05,0.9744526286886616,1.0841037855091698e-05,1.3138662529389237e-06,5.37238228927925e-06,9.507633742568288e-06,5.8023550665800024e-05,1.0338843810289967e-07,0.0003365292442090598,0.00012561413367806357,5.8299803910099524e-06,0.020778348357371336,3.958896048674137e-05,2.337672470920242e-07,2.554921218973784e-06,0.00010110641025057584,1.5075995425742086e-05,1.400803902685996e-08,0.0011765030653428255,1.9777386232647158e-06,7.214826797083209e-09
40,1.583599449523935e-08,3.438366206804283e-08,4.353647983056713e-06,0.00036794628751649083,2.732030146559225e-06,0.9731012595000743,1.701697817416031e-05,3.8417795018635944e-06,5.080872028118487e-07,1.1357576353265095e-06,2.1306324313134454e-06,5.3104520846661626e-08,0.00014051456252502906,7.841632160894205e-06,2.7518254179752486e-06,0.025161603770121447,3.105992541358449e-05,4.544626021662709e-08,2.387840670095708e-06,9.351555477297065e-05,1.3220784802632861e-05,1.0661434464425513e-08,0.001045956261099343,6.032782509496224e-08,3.3826529208415503e-09
41,5.657573544477915e-08,1.2720300502178501e-08,5.81619884658826e-06,0.0006872437995925807,2.563439703209968e-06,0.9473246256832496,9.977187098127794e-05,1.0104910684042052e-05,1.326891526086272e-07,1.828939041002092e-06,8.808763668298958e-06,1.9282628580887344e-07,0.0001675773884208604,3.1725543191947496e-05,1.612837496625196e-05,0.038478413211908404,5.0201453675187725e-05,4.5308287780295276e-07,1.1638377219099445e-05,0.0010509001725954325,0.00013440749293313673,7.277038879891379e-08,0.011917033711401591,2.6121385640503364e-07,2.878932445692386e-08
42,1.8098110230239364e-08,3.517485246102835e-08,8.637278876412525e-06,0.00033462543904019484,2.911967808059756e-06,0.9707344421436639,1.5978804646009892e-05,9.414472072472265e-06,4.564954834475737e-07,1.3839502171259855e-06,1.7030902585535482e-06,5.9372710184497195e-08,0.00017531063506588944,5.632451674514713e-06,3.104665494975264e-06,0.027856284907623697,3.639372156284583e-05,3.4787706050383365e-08,5.851077077539384e-06,0.00011993115930347643,1.627420104854032e-05,2.155973785687729e-08,0.0006714434990048593,4.891907162266434e-08,2.1278893442705322e-09
43,1.1339050984613184e-08,2.7908999076413127e-08,4.255130388371735e-06,0.0002942187645974757,2.781873142666097e-06,0.9728018801464172,1.704162831578299e-05,3.412827972197513e-06,6.171558725983802e-07,2.2845979419807186e-06,1.5917612086928834e-06,3.402242249275582e-08,8.573404592707126e-05,7.984722200766651e-06,3.3393217204394813e-06,0.025842549254411935,2.064967955265778e-05,3.529588190605276e-08,2.174361589654125e-06,0.00013182267746125563,1.3833685238151111e-05,1.579928178965637e-08,0.0007636321510689983,6.828031981506404e-08,3.5690160632610475e-09
44,1.586275238822672e-08,3.434319477136461e-08,4.348840421587435e-06,0.000369036997131899,2.7304597063637927e-06,0.9730029526962808,1.7065146112016963e-05,3.85169469988328e-06,5.091099218743787e-07,1.1377158638111208e-06,2.134037703143821e-06,5.3103547163750985e-08,0.0001407427593380995,7.843081737168884e-06,2.75401935255971e-06,0.025255739966759134,3.113975686131567e-05,4.554928623820024e-08,2.3866853960731975e-06,9.356709894951913e-05,1.3226841933523643e-05,1.066393793482051e-08,0.001048609731222298,6.04509380765344e-08,3.3869525542720067e-09
45,1.3612830653956111e-08,2.7291045711777943e-08,4.399365514605468e-06,0.0003330328590307364,2.1640725826447132e-06,0.9713503245741696,1.730996870116939e-05,4.349696399677012e-06,4.730781358682908e-07,1.105289853031278e-06,1.700777323667263e-06,4.0080539464526456e-08,0.00012395393842310363,5.866382494476955e-06,2.8505998368058067e-06,0.02716805741017994,2.9763555594758083e-05,3.4869814609044265e-08,2.4627224663403134e-06,8.408246527930316e-05,1.1043792234756708e-05,1.0745787696803987e-08,0.0008568753960713001,5.478781285703006e-08,2.6678774726051944e-09
46,1.8733666748028623e-08,4.4759898384205257e-08,5.569428407476233e-06,0.0003452521314534175,4.97581241086846e-06,0.9735572480040419,2.167977863417486e-05,4.044322914507088e-06,6.661864865028134e-07,1.6281780179465353e-06,2.214989189827248e-06,5.428369390574779e-08,0.00013408923091953786,1.0368953340590528e-05,3.4417595957003966e-06,0.024508147013310427,2.076670691055153e-05,5.1217776563483524e-08,3.7919680308295787e-06,0.00013941018577549953,1.7392341793129503e-05,1.3647251553913669e-08,0.0012190624801363735,6.231893636430322e-08,5.567407295326811e-09
47,2.730853320865716e-08,5.368686028473998e-08,5.1396226866437436e-06,0.00024518838900471746,2.693776372655099e-06,0.9678280809993518,2.6318604419991854e-05,6.761731621347532e-06,5.519148769751559e-07,1.4589330783125908e-06,1.7616023288547337e-06,1.1010603320406361e-07,0.00018514529298882038,6.492165311598784e-06,2.7533918853471453e-06,0.03083647634109511,4.3808150347500845e-05,7.656952505770067e-08,5.513622199780447e-06,0.0001239888453013205,1.2685759375708058e-05,2.0273353842128364e-08,0.0006648439371233218,4.443735067409623e-08,4.538973822696475e-09
48,1.020267803668971e-08,2.97511846399427e-08,2.7436148779047404e-06,0.00015622999658400252,7.437354174322706e-07,0.9790978242187419,1.0500165469154469e-05,4.189442922033211e-06,2.4588129637882555e-07,3.381819017409258e-07,9.365218389721226e-07,4.459255647759363e-08,0.0001641254983934639,1.9725626970859197e-06,1.2492103151830397e-06,0.02016261651555991,4.702723698612836e-05,1.8453150049567555e-08,2.259464086210982e-06,2.5974927714957476e-05,4.1746380452986575e-06,5.268244837599149e-09,0.00031672326440456707,1.5791645174615908e-08,8.632882378326914e-10
49,1.1724458845897263e-08,3.249068736256979e-08,5.106826540267073e-06,0.0002637998325088741,2.2819130844553867e-06,0.9825349314451648,1.2234511927725708e-05,3.039102184068349e-06,3.5478307414922183e-07,1.0002043720637616e-06,1.576040472738708e-06,5.433944453950387e-08,0.00011299107054200994,7.115409443376975e-06,2.363419798717782e-06,0.01626800654309977,2.6231904366213004e-05,3.577490817921323e-08,2.3221633253119023e-06,9.697602999697543e-05,1.2453711719560614e-05,1.19829989554391e-08,0.0006470163807310637,4.9912355612618585e-08,2.4827944516279068e-09
50,4.1885519420894454e-08,5.2448899730896604e-08,7.475504179180238e-06,0.0005311886331485372,6.022413547444851e-06,0.9450555679273374,8.16206156629011e-05,1.1384947345929322e-05,1.325744623853166e-06,5.288834385748497e-06,2.187916524777371e-06,6.936303243807154e-08,0.00018328310746394365,1.3866669738702472e-05,5.8341160776105426e-06,0.05219424953911764,3.3012592649633296e-05,1.4342582867351104e-07,7.153315061454903e-06,0.00030774097929385714,2.4246103380403584e-05,3.5268157488614075e-08,0.001528093874705758,9.647745998114943e-08,1.8296857628561712e-08
51,2.224883535680462e-08,6.885804302485709e-08,8.6174292614948e-06,0.001228633341195028,4.034132299814427e-06,0.9767812541905773,1.163440558581002e-05,4.710960116560513e-06,1.1136028199070346e-06,1.546031188139185e-06,3.3257844286789925e-06,5.271114644443557e-08,0.00024174583803865884,9.984101548087321e-06,1.8904055598792777e-06,0.020962605001676227,5.6525999431586906e-05,4.1203081654633904e-08,1.3764824998187965e-06,4.008522922705729e-05,1.3121721662711116e-05,7.6600123938042e-09,0.0006274886803329385,1.1216882866313893e-07,1.8126025318935552e-09
52,1.2569343669962541e-08,4.2405866659646065e-08,4.20989405238652e-06,0.00028065903779437966,2.795179183780866e-06,0.9805690212939655,1.6998129684739854e-05,4.033849503655045e-06,4.7646897255942567e-07,8.101690550345262e-07,1.7170911521737221e-06,4.929818147453964e-08,0.00012283142032938897,6.7054880464898125e-06,3.1480027321024113e-06,0.017810333183015545,2.7469031182883364e-05,3.025772630211745e-08,2.8105923630799804e-06,7.31364855997465e-05,1.418386890658219e-05,1.1584402138536724e-08,0.001058472910413846,3.807993217189461e-08,3.7085937830226236e-09
53,1.570233683297624e-08,2.5808248240047064e-08,2.792979057748661e-06,0.00045225673647231293,2.626072074608427e-06,0.9523853491801384,4.4847104543913016e-05,5.301455977088959e-06,9.407991220510707e-07,1.7337109085136626e-06,2.1729498317051177e-06,4.502483502829423e-08,0.00012119100211977925,9.124845822667796e-06,5.030188174608262e-06,0.044604409725851044,3.447725425249927e-05,6.268549869341869e-08,2.356193901244386e-06,0.0001422798866533113,1.4311319371045207e-05,1.5714104647351773e-08,0.0021685440713438346,8.099132326147772e-08,8.59803669446948e-09
54,1.8692469898986514e-08,5.180371725045582e-08,2.9357397564471207e-06,0.00029413631793312,2.994116100715022e-06,0.9608178682060462,2.7503510608135445e-05,3.9564163215848866e-06,7.163072357480814e-07,1.698392506123365e-06,1.7409499557720989e-06,7.305136112199108e-08,0.0001246047612999932,8.267607639656238e-06,2.928455289693265e-06,0.0377378520844557,3.271393268610822e-05,6.250088157569336e-08,2.816022830934124e-06,8.077012208983522e-05,1.207380112053087e-05,1.24188871452196e-08,0.0008441545376726623,4.4517331518494606e-08,5.7338025490502074e-09
55,3.942478661555136e-08,9.883346685811679e-08,5.324143857260889e-06,0.0005210833460657037,6.731957033060904e-06,0.957122381680122,3.204444079494534e-05,6.061067892826247e-06,1.1003923077141549e-06,1.4582777909102982e-06,3.1975187407353433e-06,2.0470273465087387e-07,0.0002900834957942934,1.2345188645381816e-05,2.491931820383188e-06,0.040497861770636724,5.4147964870292044e-05,1.4082822928233726e-07,4.279003411908108e-06,0.00011738749110647716,1.86159569698897e-05,1.3602814015184569e-08,0.0013028359893205732,6.308053333203941e-08,7.910254419399408e-09
56,1.723122189241169e-08,3.9107301675286595e-08,4.545256694541765e-06,0.00037862044970265503,2.8808829625173796e-06,0.9729446756127913,1.6905976956613964e-05,4.039609755897423e-06,5.470777550209485e-07,1.1403127683656832e-06,2.2730618249732255e-06,6.06892588469856e-08,0.00016195343664734797,8.144919740665573e-06,2.6263113665398557e-06,0.025301806968648633,3.419468673835636e-05,4.874846247450285e-08,2.5399371421039037e-06,9.311486850944689e-05,1.306691335554448e-05,1.0862189229944697e-08,0.0010266823597587108,6.126117369269109e-08,3.45727290138945e-09
57,1.685550392888035e-08,4.2122023482839236e-08,5.620300517179818e-06,0.00022876516682401876,3.6538862931288528e-06,0.9761324384000466,1.4000723100689447e-05,4.695489155938573e-06,3.6574179038352093e-07,9.216156955785508e-07,1.8550347223964031e-06,8.806620448310133e-08,0.00016384025017963588,7.0699830691612196e-06,2.4230402640867623e-06,0.02240979538870258,2.6887960007002494e-05,4.4327006924357234e-08,5.184717760415152e-06,0.00012593705100397249,1.616046110385943e-05,1.4466625361879503e-08,0.000850138889052616,3.70339605369467e-08,3.029386067700963e-09
58,1.65634149234634e-08,3.4468851536295434e-08,4.652155435759194e-06,0.0003939485898427565,2.6923295090399798e-06,0.9729853542033345,1.700439099338841e-05,3.889420760641793e-06,5.404181820420936e-07,1.2008582725526783e-06,2.366872994628166e-06,5.280629688540619e-08,0.00014224246436276273,8.180002661247568e-06,3.041574525901136e-06,0.025214974852061416,3.2782216771483215e-05,4.613926930042439e-08,2.3726229893374908e-06,9.527850420054887e-05,1.3206780416638018e-05,1.1485111174310709e-08,0.0010760324124721714,7.441880993308432e-08,3.4484594309939713e-09
59,1.650919830640523e-08,3.336102601005744e-08,5.2603600184319395e-06,0.00041784229479130793,2.751279345441328e-06,0.9740690417048755,1.6492710183621635e-05,3.870279607947735e-06,5.442498565663292e-07,1.3109833262649111e-06,2.4919920218646468e-06,4.910746993759946e-08,0.00013401073573582884,8.62119096545622e-06,3.3628449597950344e-06,0.024088692105630118,3.2115628943431976e-05,4.518085417774029e-08,2.3079077840427792e-06,0.00010226722397999132,1.4163718875190427e-05,1.237310719969115e-08,0.0010946049314748856,8.789290653490797e-08,3.4330620358907447e-09
60,1.586275238822672e-08,3.434319477136461e-08,4.348840421587435e-06,0.000369036997131899,2.7304597063637927e-06,0.9730029526962808,1.7065146112016963e-05,3.85169469988328e-06,5.091099218743787e-07,1.1377158638111208e-06,2.134037703143821e-06,5.3103547163750985e-08,0.0001407427593380995,7.843081737168884e-06,2.75401935255971e-06,0.025255739966759134,3.113975686131567e-05,4.554928623820024e-08,2.3866853960731975e-06,9.356709894951913e-05,1.3226841933523643e-05,1.066393793482051e-08,0.001048609731222298,6.04509380765344e-08,3.3869525542720067e-09
61,1.650155455862184e-08,3.317120686456036e-08,5.355649753132972e-06,0.000403001235988562,2.656516308836804e-06,0.9749166352224934,1.5879321352216875e-05,3.9861673635000556e-06,4.938756265571504e-07,1.209938933127243e-06,2.280996733340401e-06,5.0459459159800435e-08,0.00013606596961453118,8.13693623014008e-06,3.062941856774382e-06,0.02334092022665933,3.2275099662802105e-05,4.495680696405629e-08,2.3558034512115243e-06,9.835978015934766e-05,1.3876318465863725e-05,1.1865270129062664e-08,0.0010132114562312893,7.643460011835859e-08,3.154218298727369e-09
62,1.586275238822672e-08,3.434319477136461e-08,4.348840421587435e-06,0.000369036997131899,2.7304597063637927e-06,0.9730029526962808,1.7065146112016963e-05,3.85169469988328e-06,5.091099218743787e-07,1.1377158638111208e-06,2.134037703143821e-06,5.3103547163750985e-08,0.0001407427593380995,7.843081737168884e-06,2.75401935255971e-06,0.025255739966759134,3.113975686131567e-05,4.554928623820024e-08,2.3866853960731975e-06,9.356709894951913e-05,1.3226841933523643e-05,1.066393793482051e-08,0.001048609731222298,6.04509380765344e-08,3.3869525542720067e-09
63,1.6014236189040505e-08,3.651963186418554e-08,4.344465360382603e-06,0.0003612780149262403,2.7634593620466263e-06,0.9737871090326499,1.6999347138307745e-05,3.8003832419246967e-06,5.225423160570398e-07,1.1271370806657207e-06,2.12441062576566e-06,5.404371539669786e-08,0.0001418956023862862,7.789948735773368e-06,2.719103832933246e-06,0.024515984733478872,3.1185296039479755e-05,4.519252950858991e-08,2.3923951002634647e-06,9.009457245056565e-05,1.2995846532177646e-05,1.0567868252730349e-08,0.00101464894973628,5.9002273708161226e-08,3.418751440040421e-09
64,1.5132832855452478e-08,3.6337563949312275e-08,4.721352461407318e-06,0.0003668105540001534,2.966034827481354e-06,0.9757438208440272,1.678711425218939e-05,3.896042214337655e-06,4.664972471637152e-07,1.1604149736880852e-06,2.1523509255845646e-06,5.42827439149642e-08,0.00013005575366116217,8.0094270187094e-06,2.9543507907367108e-06,0.022525933344117795,2.8949934540330725e-05,4.276440396542702e-08,2.5330902458739487e-06,9.536669190044912e-05,1.6803762564988936e-05,1.179427578894938e-08,0.0010463895613340563,5.914715366203737e-08,3.419922441779199e-09
65,3.495615319451788e-08,5.097108363914034e-08,4.670202585807107e-06,0.0005487246843605844,5.224200336342715e-06,0.9468092719163224,2.853570729129022e-05,5.638976252219459e-06,9.485771707226553e-07,1.9938619755470256e-06,3.4623051266370366e-06,1.134034892249845e-07,0.00024946983826187966,1.272447410314918e-05,2.756629912443428e-06,0.05052554218474701,4.363009324491012e-05,1.2447573668498284e-07,3.7600130435042078e-06,0.00016232348912941213,1.6393668150956302e-05,1.3526947663183715e-08,0.001574496234828835,8.890358404852746e-08,6.706161969311181e-09
66,1.4624158512975244e-08,3.2513137427916845e-08,4.038556733306091e-06,0.00031002934869606326,2.212799443986939e-06,0.9757287886509858,1.897747841156135e-05,4.0960264217776926e-06,5.248897547791611e-07,9.353226039413014e-07,1.900643079814016e-06,4.497264944858053e-08,0.00012656527029330275,6.450745896122843e-06,3.253413503613981e-06,0.022575614405300825,3.091436081029415e-05,3.7789713450479e-08,2.483154866312425e-06,8.505650066664113e-05,1.1066425041170114e-05,1.1278137404224321e-08,0.0010868916611816298,5.56010452982467e-08,3.56746737242075e-09
67,5.555544981426111e-08,8.196856482546403e-08,1.2096909163961456e-05,0.0009363599668437676,8.787419094302884e-06,0.9437890156488754,2.7474906930780636e-05,1.3521518844665622e-05,1.6410788874792422e-06,2.3807791079113696e-06,3.3793150886281936e-06,7.9608463717235e-08,0.0003428038054169038,8.805263689790727e-06,2.9286772895801783e-06,0.0536433241159372,5.287413982006841e-05,7.955296727298477e-08,6.280200377166763e-06,9.815495279382826e-05,1.6234650483313017e-05,1.4376215224374068e-08,0.0010335346230003263,8.700851718710627e-08,3.958176939496501e-09
68,1.4156708148681965e-08,3.491008709116495e-08,3.9522279648016915e-06,0.00033332231736569014,2.76418986959554e-06,0.974835668068442,1.5745322628903844e-05,3.2796909576999743e-06,5.258163624643847e-07,1.2358276872540921e-06,2.1514332297928084e-06,4.43848198082167e-08,0.00010289277839136943,7.831658341080978e-06,3.4292429493569303e-06,0.023575311094214825,2.6471223203476814e-05,3.5419854495539244e-08,2.341858579965384e-06,7.912537242621293e-05,1.3212954474756769e-05,1.1820643777285036e-08,0.0009905306183155018,6.418015171369615e-08,3.432330369361964e-09
69,1.702886199811117e-08,3.629369316364381e-08,4.544890759685817e-06,0.00040539122293391857,2.9687907888989953e-06,0.9709772725353002,1.8129110799066088e-05,4.13829196171441e-06,5.734751137240715e-07,1.2370207903011643e-06,2.191240051945854e-06,5.365663375272346e-08,0.0001449780764629291,8.145396985280492e-06,2.8472352314436534e-06,0.027207657981190087,3.247430886968675e-05,4.7994372040527706e-08,2.4077931463908858e-06,9.332035405500017e-05,1.3431927443437504e-05,1.0971699228781973e-08,0.001078056837783982,6.395687200024374e-08,3.6082001498331528e-09
70,3.269189747761016e-08,6.299020924230882e-08,6.326020915404815e-06,0.0003595535553879972,4.043438151836354e-06,0.9787263285482446,2.5184846886312483e-05,5.5050502311020925e-06,4.59388250580171e-07,1.12623842927895e-06,3.178071155251838e-06,7.238131133172702e-08,0.00016153710304963326,8.77688157740179e-06,4.296711527494134e-06,0.019206372133846634,2.9739748582131515e-05,5.935500480409514e-08,5.75802270581111e-06,9.375697794902227e-05,2.3053812287685873e-05,1.5146839986237295e-08,0.0013346958158967715,5.957106207301121e-08,5.498600087875294e-09
