,0,1,2,3,4,5,6,7,8,9,10,11,12,13,14,15,16,17,18,19,20,21,22,23,24
0,3.473055715243018e-05,3.032086030214292e-08,0.008407587531672749,6.1009995001446664e-06,0.0003752584393017915,0.9834001583232549,1.5716418046819695e-06,1.8606484604392089e-06,0.0005223091293640591,6.0039748890883035e-06,1.5770470276911839e-06,5.460336340275904e-09,0.00019625229894461145,1.9946997801488681e-07,7.376924707070207e-06,0.006204493624450583,0.00029978022779299696,0.00016787366873221118,3.6765652802898554e-06,8.20381594807282e-05,9.859209961459817e-05,1.1227166650964002e-08,1.7245130993845042e-06,8.07298120733456e-05,0.00010005733505483221
1,2.927458831235042e-05,2.6795566542010915e-08,0.00796420096817553,3.6465495332060833e-06,0.00032439491182646615,0.9778829741470974,1.3464372202981002e-06,2.0323049664811634e-06,0.0008660680934488973,4.4849070748410165e-06,1.1434853722629885e-06,5.7940091014584245e-09,0.00027259112550919725,9.963453851674143e-08,1.2487382965354432e-05,0.01194602969383791,0.0002337822976720293,0.0001196565897923953,6.336272367752084e-06,7.573173297890546e-05,0.00010807792054126541,1.3620198310802563e-08,7.616196900238637e-07,7.827845529437096e-05,6.655467201095029e-05
2,4.0410300476881116e-05,3.6348272700654414e-08,0.007561559200696343,4.225306378426307e-06,0.0007147400808782496,0.9788554855527151,1.8656735817186954e-06,2.3897270439925982e-06,0.0008366804311136604,5.06614146742821e-06,1.729878893206757e-06,7.3497002148089624e-09,0.0003833897384868088,1.8957307734175594e-07,1.6275024511448395e-05,0.010487030492222018,0.00045764667569982923,0.00015771903965684298,5.778834157016504e-06,0.0001409505973181025,0.00011642386915614252,1.5978942241094847e-08,1.4675138004492034e-06,8.084691300524091e-05,0.00012806975874863553
3,2.9960022433886618e-05,2.7788102831835965e-08,0.006886640832017182,4.4068419790721145e-06,0.00040007805889670023,0.9824697334261593,1.2890320939986848e-06,1.953417079688559e-06,0.0006864202708604333,4.210371539060145e-06,1.5224921184025956e-06,5.599712720085785e-09,0.00025952473659812133,1.4643415465476142e-07,1.018272978131341e-05,0.008393446584677357,0.00035021968944801656,0.0001364899114150487,5.195835544988779e-06,8.803163901461168e-05,0.00010842946748905712,1.3955460641448376e-08,1.2083175035069704e-06,8.065207493543927e-05,8.021047098401347e-05
4,3.357405052466401e-05,2.981425963196026e-08,0.0070248260002505804,4.640076590984201e-06,0.0004309268849155722,0.9818331941976928,1.3641440637575488e-06,1.946328360590078e-06,0.0007632040525914343,4.1553106512878544e-06,1.5662955468608486e-06,6.8719640695660975e-09,0.0003415181589238968,1.6371148949294192e-07,1.0493678052815129e-05,0.008600640788725645,0.00040103346328734547,0.00014863842280914182,5.528942960033476e-06,9.594860253477039e-05,0.00011922972708658356,1.5261458580399983e-08,1.2271071639457908e-06,8.64266573154133e-05,8.97014507801334e-05
5,3.2568964214223205e-05,2.7647939155478278e-08,0.006653633650073278,5.611126503648285e-06,0.0003582515503177101,0.9832345092804089,1.1745105329362804e-06,1.748985526968674e-06,0.0006460971837631652,4.611729595281516e-06,1.5274123244750434e-06,5.814041277011467e-09,0.00027257003767238775,1.6665499037796846e-07,8.843432473346861e-06,0.007814528722947786,0.0003972570694425831,0.0001775207706920502,4.453920737774353e-06,9.417987956314379e-05,0.00011089399606414253,1.500879405515315e-08,1.3493885356963341e-06,8.993776572218149e-05,8.851549712356554e-05
6,2.9960022433886618e-05,2.7788102831835965e-08,0.006886640832017182,4.4068419790721145e-06,0.00040007805889670023,0.9824697334261593,1.2890320939986848e-06,1.953417079688559e-06,0.0006864202708604333,4.210371539060145e-06,1.5224921184025956e-06,5.599712720085785e-09,0.00025952473659812133,1.4643415465476142e-07,1.018272978131341e-05,0.008393446584677357,0.00035021968944801656,0.0001364899114150487,5.195835544988779e-06,8.803163901461168e-05,0.00010842946748905712,1.3955460641448376e-08,1.2083175035069704e-06,8.065207493543927e-05,8.021047098401347e-05
7,5.251891951381141e-05,2.3394124178324196e-08,0.01293195648550341,3.525803666698849e-06,0.0003923768217211333,0.9778958905210111,1.921621502159179e-06,2.3349703287135008e-06,0.0006038898621220039,4.208509728778506e-06,1.5581388265287823e-06,6.549689484239549e-09,0.0003838373602068263,1.262642260196716e-07,7.367208580470016e-06,0.007019348237196115,0.0002291490948644177,0.00014265274663529087,5.930888680040252e-06,6.456953084719266e-05,7.975377827208729e-05,7.625213452067159e-09,9.447518673004489e-07,9.744233464123777e-05,7.865858103158277e-05
8,3.203919609987837e-05,3.357356854059111e-08,0.01084064642033218,7.0831456090931005e-06,0.00036793172673968395,0.9816263030113787,1.8994365476539119e-06,2.103494800099936e-06,0.00045094694257655525,6.193994522565924e-06,1.602276851509619e-06,5.846704199803073e-09,0.00018658833106663606,2.013616068772663e-07,5.619392801092056e-06,0.005824915090691729,0.0001972714757942021,0.00010508083533902823,3.5681508187701385e-06,7.859043342738421e-05,8.845169888938053e-05,7.121286155465862e-09,2.137715021547418e-06,8.997114427003573e-05,8.080818325625458e-05
9,2.461855462036304e-05,3.195467280930146e-08,0.009917207581744627,7.043645105878067e-06,0.00028472964674477536,0.9812216305715713,1.5743946139315886e-06,1.5831295092684054e-06,0.0005697428607386257,6.27381044275242e-06,1.1748113626667516e-06,5.7314244732375646e-09,0.00017915870736759306,1.462106596160955e-07,7.327684272703301e-06,0.007114896657454394,0.0001916484260258392,0.00010672117553102652,3.3297653209375184e-06,7.657936163593462e-05,0.00012020989551591767,9.280183369525048e-09,1.6070797167705136e-06,8.124422071008839e-05,8.150484305443877e-05
10,2.9960022433886618e-05,2.7788102831835965e-08,0.006886640832017182,4.4068419790721145e-06,0.00040007805889670023,0.9824697334261593,1.2890320939986848e-06,1.953417079688559e-06,0.0006864202708604333,4.210371539060145e-06,1.5224921184025956e-06,5.599712720085785e-09,0.00025952473659812133,1.4643415465476142e-07,1.018272978131341e-05,0.008393446584677357,0.00035021968944801656,0.0001364899114150487,5.195835544988779e-06,8.803163901461168e-05,0.00010842946748905712,1.3955460641448376e-08,1.2083175035069704e-06,8.065207493543927e-05,8.021047098401347e-05
11,3.292502385238663e-05,2.960727532478118e-08,0.00709196607869829,4.6041124201269764e-06,0.00043031718099123214,0.9816951688616351,1.3783240431538878e-06,1.9975970778075998e-06,0.0007368032977622048,4.3300646645100875e-06,1.564391752666249e-06,6.4805015163055945e-09,0.0003194749802087124,1.584677282769689e-07,1.0528053364414253e-05,0.008744295748902967,0.0003857287105604157,0.00014704789248035918,5.4810914183284064e-06,9.645406235036192e-05,0.00011514588873413122,1.4863812641197082e-08,1.2384478626633528e-06,8.592722099978379e-05,8.741355090260022e-05
12,3.039696847731506e-05,2.8998403259188166e-08,0.005646966756902269,4.395264519283718e-06,0.00044225436939633177,0.9850447384617051,1.1057734811375348e-06,1.4836158825050795e-06,0.0006109565772478045,4.356472310604018e-06,1.2835142323816148e-06,4.804468833576358e-09,0.0002763183835118176,1.7741132542719634e-07,8.26662261889548e-06,0.006932771554047678,0.0004601864105284854,0.00015296478914946296,4.130828687193315e-06,9.898099690429572e-05,0.00011036659101391987,1.2945361751314871e-08,1.3141880410682098e-06,7.035662281768251e-05,9.618107896556017e-05
13,3.6591415113265345e-05,3.699032030977994e-08,0.010509708638674712,8.976812826590154e-06,0.0006643857854271916,0.9773440523326843,2.5184849161600338e-06,6.04301672198026e-06,0.0008599043022158903,3.955062053821321e-06,6.111478306064647e-06,1.680798888721605e-08,0.0003712402839145956,4.1413681429963326e-07,1.3623296870880685e-05,0.008905062745590955,0.000541203203392067,0.00017551749782357837,7.397957186503771e-06,0.00014563259930983999,0.0001554265118405183,2.7266691772950165e-08,3.427989527454613e-06,0.00014074456852142007,9.798081526713612e-05
14,2.4434378845146684e-05,1.1201949097499051e-08,0.011500494881883757,3.2433655427518077e-06,0.0001617579788707584,0.9806171903653484,7.194922173704154e-07,1.421722227713756e-06,0.0007582847066776794,1.6827085810424381e-06,9.368939502374739e-07,4.486922986789033e-09,0.00021921216949682707,5.796184424995407e-08,1.0948549843783452e-05,0.006105185093514868,0.00021964051009750534,0.00011043859697054555,3.3253209826684795e-06,3.60560638023822e-05,0.00010745807291363864,1.072766190729875e-08,5.100124209711163e-07,5.3393843982735155e-05,6.358089345117617e-05
15,2.9960022433886618e-05,2.7788102831835965e-08,0.006886640832017182,4.4068419790721145e-06,0.00040007805889670023,0.9824697334261593,1.2890320939986848e-06,1.953417079688559e-06,0.0006864202708604333,4.210371539060145e-06,1.5224921184025956e-06,5.599712720085785e-09,0.00025952473659812133,1.4643415465476142e-07,1.018272978131341e-05,0.008393446584677357,0.00035021968944801656,0.0001364899114150487,5.195835544988779e-06,8.803163901461168e-05,0.00010842946748905712,1.3955460641448376e-08,1.2083175035069704e-06,8.065207493543927e-05,8.021047098401347e-05
16,2.9851966023717317e-05,3.926962211401591e-08,0.006941720024712841,5.8036795133898085e-06,0.0004647186818125298,0.9773247403540161,1.965640002778366e-06,3.0024186803712438e-06,0.0007865728617309823,8.096113049251563e-06,1.5502075743086734e-06,9.049608691213427e-09,0.0003312517294106926,1.9637997459464905e-07,1.4968009086129697e-05,0.012907351403312698,0.0004599374439721093,0.00017101367053990366,7.3850216849603904e-06,0.00013672345739878215,0.00020629497777790027,2.5817020856361406e-08,1.6720139215325697e-06,8.914468564364665e-05,0.00010596512390907757
17,3.513705504913497e-05,3.6903911309336994e-08,0.0063446981854703745,6.9081372751487345e-06,0.0006836048695202945,0.9807605630468035,1.7059375571879725e-06,2.8322915785168257e-06,0.0006991696719396109,5.380967852083163e-06,2.3347115301533206e-06,9.185544930317148e-09,0.00045518725293452187,3.177161559456568e-07,1.0509838980729578e-05,0.009463533098549533,0.0007770703762595099,0.00019417666769777305,5.327728176768235e-06,0.0001755945633396893,0.00015388173761010456,2.209731934375674e-08,2.481457012074468e-06,9.872922563957388e-05,0.00012078727629228272
18,4.343346177982123e-05,3.0900913198812584e-08,0.005984425854195138,4.669207961187555e-06,0.0006331508105516065,0.9833325359845065,1.5356075074616393e-06,1.6389308458581973e-06,0.0006288583608372731,6.1019855840636626e-06,1.3067262647171888e-06,6.565151334522918e-09,0.00044823097182293065,2.4954165639225e-07,1.0522058568246942e-05,0.007210188735850307,0.0008576399402716791,0.0002764811445515209,4.0732335814299175e-06,0.00014102920833578174,0.00015914551939036085,1.8590486906889483e-08,1.593693583992153e-06,6.658789107914602e-05,0.0001865450747233252
19,3.361166392572356e-05,3.6374097363127e-08,0.010092736504039176,6.038741136119297e-06,0.00045622998631194715,0.9756841045938552,2.1412657481547135e-06,2.7458291129439146e-06,0.0009191527855351849,5.52164745829581e-06,1.7229023678636734e-06,9.107076770862738e-09,0.00033121646763799854,1.564324098213103e-07,1.3481544883260638e-05,0.011530532319698727,0.00033934615579750947,0.00014029148753568317,6.159964611077441e-06,0.00010105772358827917,0.00014761054180512142,1.7925886967528143e-08,1.3536864812787594e-06,9.255530814960518e-05,9.216904084988887e-05
20,3.007769368674486e-05,2.9584474554225775e-08,0.008689343243973802,5.357742889650006e-06,0.0003500102723767008,0.9765354279368366,1.6306304413841005e-06,4.194630914034109e-06,0.0008296484997434236,4.992672078133098e-06,2.1750514126731808e-06,8.362167437326973e-09,0.00024778781989085873,1.5478189509949392e-07,1.988142487708022e-05,0.012314060226071268,0.0003882116292665378,0.00016552823289264797,8.108000714668448e-06,9.747419109787812e-05,0.00013865256758326778,2.9285588698781852e-08,1.268552797465949e-06,8.551293454789865e-05,8.04340317816398e-05
21,3.405580132338902e-05,3.5872247718052436e-08,0.007819945450733053,6.574353170715305e-06,0.0004057507950936903,0.9737520196940591,1.6320564475885506e-06,2.5133457196544868e-06,0.0009562981042639719,6.284726736734706e-06,1.450558234353291e-06,9.58806817673218e-09,0.00042908050318903827,1.8551816379625527e-07,1.1294726621937723e-05,0.015574321839147247,0.00035126301218339035,0.00016936399613214507,6.018524021575593e-06,0.00013619599509450065,0.0001423227088479807,1.8529409588976033e-08,1.2238731199201972e-06,0.00010667099632967804,8.54694316410862e-05
22,3.524702210958096e-05,2.1063597225621416e-08,0.00635453007321172,3.7978773757993406e-06,0.0003546613333052882,0.9842402292065007,8.943946047021359e-07,1.6313094069789176e-06,0.0006111035069889107,3.69159335408925e-06,1.4935285910734234e-06,3.782612586451469e-09,0.00021786675049917037,1.2040181715761935e-07,1.0797313135213816e-05,0.007100514243083205,0.0005068043932943082,0.00021354163159256073,4.3083698745100476e-06,7.660958655182017e-05,0.00010031651996526742,1.8183271227839136e-08,9.988064230422606e-07,7.300493740696197e-05,8.779417142689151e-05
23,2.9960022433886618e-05,2.7788102831835965e-08,0.006886640832017182,4.4068419790721145e-06,0.00040007805889670023,0.9824697334261593,1.2890320939986848e-06,1.953417079688559e-06,0.0006864202708604333,4.210371539060145e-06,1.5224921184025956e-06,5.599712720085785e-09,0.00025952473659812133,1.4643415465476142e-07,1.018272978131341e-05,0.008393446584677357,0.00035021968944801656,0.0001364899114150487,5.195835544988779e-06,8.803163901461168e-05,0.00010842946748905712,1.3955460641448376e-08,1.2083175035069704e-06,8.065207493543927e-05,8.021047098401347e-05
24,3.096655982430047e-05,3.555655385450974e-08,0.005590652475110044,6.089925904920973e-06,0.00042242852583226475,0.9830889918003847,1.2029537703980078e-06,2.0026229708541355e-06,0.0006209181752283628,5.284883410958172e-06,1.5594121255162614e-06,6.113302669905411e-09,0.0003096919691690188,2.245105004314185e-07,7.739924058910444e-06,0.008897900016566606,0.00045172925334757366,0.00015432608464720113,5.053850382111244e-06,0.00012233063857882217,0.00010612819913341874,1.500317126389199e-08,1.5813592001941605e-06,9.180725377197217e-05,8.133293305377204e-05
25,2.813688256790932e-05,3.6059882589860915e-08,0.00782135682959,8.673120665903032e-06,0.0004944626940870736,0.9773348856480932,1.975333837006462e-06,6.1605056481413705e-06,0.0006853180244406809,5.286659838741035e-06,4.117498480162464e-06,9.864746305546102e-09,0.0002435036947157235,2.9796728619069847e-07,1.0851775899672337e-05,0.012307340392965214,0.0004396369188897579,0.00014530923503553998,7.906091819679445e-06,0.000139360575715978,0.00012203369784522723,2.4879172641969694e-08,2.6397359021253286e-06,0.00013016885296014604,6.050705991423786e-05
26,3.615445203454476e-05,1.9258381260824422e-08,0.0061307034006243015,3.589638253448599e-06,0.00033895920790193715,0.9866912793423049,7.324290131934099e-07,8.920634040724966e-07,0.0005986069159128883,2.4400670618172233e-06,1.3618932356492238e-06,3.3885152577315215e-09,0.0002803445532433692,9.498655456129541e-08,4.739162020634324e-06,0.005167620715088139,0.00029196766740486994,0.00014183190838930237,3.5960584049691146e-06,6.077716153610601e-05,7.206445728895642e-05,7.348928098276724e-09,9.382899032668883e-07,0.00011505861137805643,5.621702321620468e-05
27,2.7024005979150976e-05,2.724055439436265e-08,0.0066320757450113845,4.599083178142942e-06,0.0003340299672349358,0.9818988140183708,1.181073401728592e-06,2.3928909894426114e-06,0.0007165891574423055,4.188809711335809e-06,1.719499942114311e-06,5.632018626278447e-09,0.00021760036981806056,1.3925572553675064e-07,1.2126397978840779e-05,0.00931568104589591,0.00034157069437996506,0.00013993739238807638,6.087334391168068e-06,8.286122297370214e-05,0.00010859797853648958,1.8805166479974593e-08,1.1594956923866071e-06,8.346508929793149e-05,6.810779392109048e-05
28,2.9960022433886618e-05,2.7788102831835965e-08,0.006886640832017182,4.4068419790721145e-06,0.00040007805889670023,0.9824697334261593,1.2890320939986848e-06,1.953417079688559e-06,0.0006864202708604333,4.210371539060145e-06,1.5224921184025956e-06,5.599712720085785e-09,0.00025952473659812133,1.4643415465476142e-07,1.018272978131341e-05,0.008393446584677357,0.00035021968944801656,0.0001364899114150487,5.195835544988779e-06,8.803163901461168e-05,0.00010842946748905712,1.3955460641448376e-08,1.2083175035069704e-06,8.065207493543927e-05,8.021047098401347e-05
29,2.9960022433886618e-05,2.7788102831835965e-08,0.006886640832017182,4.4068419790721145e-06,0.00040007805889670023,0.9824697334261593,1.2890320939986848e-06,1.953417079688559e-06,0.0006864202708604333,4.210371539060145e-06,1.5224921184025956e-06,5.599712720085785e-09,0.00025952473659812133,1.4643415465476142e-07,1.018272978131341e-05,0.008393446584677357,0.00035021968944801656,0.0001364899114150487,5.195835544988779e-06,8.803163901461168e-05,0.00010842946748905712,1.3955460641448376e-08,1.2083175035069704e-06,8.065207493543927e-05,8.021047098401347e-05
30,2.9960022433886618e-05,2.7788102831835965e-08,0.006886640832017182,4.4068419790721145e-06,0.00040007805889670023,0.9824697334261593,1.2890320939986848e-06,1.953417079688559e-06,0.0006864202708604333,4.210371539060145e-06,1.5224921184025956e-06,5.599712720085785e-09,0.00025952473659812133,1.4643415465476142e-07,1.018272978131341e-05,0.008393446584677357,0.00035021968944801656,0.0001364899114150487,5.195835544988779e-06,8.803163901461168e-05,0.00010842946748905712,1.3955460641448376e-08,1.2083175035069704e-06,8.065207493543927e-05,8.021047098401347e-05
31,4.955771209187731e-05,3.186012546080219e-08,0.011203218473573579,5.532009676154199e-06,0.0004296211038262217,0.9775385968247532,2.039444663919611e-06,4.018140771423591e-06,0.0006333529289521718,6.075306396755085e-06,1.7910788816145417e-06,7.654403586717537e-09,0.0003284604147231628,2.0504047491281193e-07,9.875488564902901e-06,0.008811574153823372,0.0003834663051572898,0.00019291429054379565,6.596316539111628e-06,9.70973929766482e-05,0.00011424484763462372,1.460128909333382e-08,1.3905514879016034e-06,8.413307316434474e-05,9.618498550477681e-05
32,3.0127694240940538e-05,2.8166910074298456e-08,0.006714061634490275,4.137372832885673e-06,0.0003800816714298968,0.982822886436213,1.273307586334466e-06,2.014691224365578e-06,0.0006738202099254465,4.2485113550928906e-06,1.527060794423636e-06,5.5804030726917815e-09,0.0002547066709530468,1.4209469136587214e-07,1.0377592164737817e-05,0.008271772798298509,0.0003399394203901976,0.00013349232179979393,5.857245017982742e-06,8.265190402218924e-05,0.00010817731106790058,1.4504415277414932e-08,1.1626309837809218e-06,8.149534323453305e-05,7.599782555487541e-05
33,2.8321690722164468e-05,2.7400998456610872e-08,0.006214777357660915,4.534836474110173e-06,0.00039108312938427307,0.9830271951109983,1.2075186251695197e-06,2.044619379628527e-06,0.0006323042910696046,4.3312130568667545e-06,1.5870648217742648e-06,5.489681271745819e-09,0.0002669281056706647,1.5859626411104682e-07,9.114582671419771e-06,0.008531847170619564,0.00038273864831076215,0.00013670188349262672,5.398860434745096e-06,9.322810752883564e-05,0.00010695164016209312,1.4693994240012968e-08,1.3007271734914492e-06,8.461549025432004e-05,7.35817705506546e-05
34,1.4453624376553585e-05,2.515941225710542e-08,0.005104031486787001,9.076746184571029e-06,0.0004178232528059564,0.9829774409541788,1.291962679364254e-06,2.0481085482420287e-06,0.00030658310855552967,1.0177817926816537e-05,1.4890746349363754e-06,4.326329821403237e-09,0.00016591367413720638,2.817566070434081e-07,7.261118038513744e-06,0.009778016968143113,0.0005438407734925929,0.00014053702395645324,2.222002337159504e-06,0.00020629292275475337,0.00013041606582395144,1.5785806225649773e-08,3.7997135034599946e-06,6.827067319685294e-05,0.0001086858997830285
35,1.7818052994677275e-05,2.639737826638712e-08,0.004998860839217682,3.7187524441470904e-06,0.0003774071586405921,0.9857940675470952,9.310400362678017e-07,1.3252080577805414e-06,0.0005014126697427745,3.6400395607274664e-06,1.397057681456729e-06,4.183766551119543e-09,0.00020724183308205987,1.438896349871975e-07,8.703287852175003e-06,0.0073809329107867895,0.0003031193696053731,7.476270696942988e-05,4.3201751452304375e-06,9.522589224016471e-05,8.711832091353406e-05,1.028099428513954e-08,1.4348119029947932e-06,7.074800303739147e-05,6.562957121947861e-05
36,4.946802162638896e-05,3.5796272276938334e-08,0.01085629518129891,6.198832125393402e-06,0.0005279601675176797,0.9594146277542479,2.739466929457854e-06,8.607605848346633e-06,0.001236276341247726,5.357055330387734e-06,2.5523074370718566e-06,1.9919984351959197e-08,0.0007694364061561063,2.2811501707039975e-07,2.525115837090735e-05,0.025787016000539918,0.0005835058952063816,0.00019581225102525957,1.3608347352620804e-05,0.00015810555664172145,0.0001537277412936348,3.772941761423981e-08,1.0735023761836904e-06,0.00010233692011166831,9.972192662525659e-05
37,4.5590759879193005e-05,2.9249372905613467e-08,0.008955642867139112,5.6829056852618e-06,0.00042179399518003696,0.9813498523289157,1.5640340666440742e-06,1.8580702441732253e-06,0.0006251291154822779,5.489687621292284e-06,1.6300922943207691e-06,5.267186336428642e-09,0.0002667048610757907,1.4836663865385062e-07,6.764571180425035e-06,0.007439721364458599,0.00029328669756917075,0.00019349652973309794,4.3949647052209465e-06,8.654374336237676e-05,9.492989543043485e-05,1.0272209585791782e-08,1.4216073883834025e-06,0.00011652809563182121,8.178065754908844e-05
38,3.100179992577445e-05,5.5796382790201214e-08,0.008241365510749016,2.6691658837017493e-05,0.0007302966023193094,0.9746835761308787,2.1288107465471783e-06,8.68194252625746e-06,0.000908737249968418,7.4934261960837324e-06,5.3126979664315264e-06,1.4791935698931836e-08,0.0003223067251171263,7.06524735463856e-07,1.13750099862993e-05,0.011938815067701255,0.0017342647406672004,0.00038543195024442643,4.763709515344476e-06,0.0003296190554600756,0.00037145720109493184,6.04636022092567e-08,6.040637383403359e-06,0.00012214888632781378,0.00012765360973211154
39,0.00046254335545174214,8.682903702685639e-06,0.004487922790131644,0.00022550818731065854,0.058662265196255906,0.9133989692961346,1.8600181958121057e-05,1.401352885920741e-06,0.00519463530727241,3.9346906517574716e-05,3.6573066297361044e-05,4.0972651152482795e-08,0.0002736091774365895,4.310060970794209e-05,7.286544267342112e-06,0.009138950356739011,0.0005273132750956708,0.0008862820922631757,1.4838879498662986e-06,0.0045323952057992395,3.737238808003534e-05,7.039116331473215e-09,9.278122826643171e-05,0.0007720009648502136,0.0011509277138583667
40,2.886728658116638e-05,2.7667468627773948e-08,0.006565385089432711,4.608705180012977e-06,0.00039130919562202005,0.9826112761158391,1.2451039274976974e-06,1.981402213140771e-06,0.0006644835205612759,4.346202914245767e-06,1.5349962347803988e-06,5.452564748939106e-09,0.000252479348536152,1.482995455702634e-07,9.782788062454646e-06,0.008595980609635153,0.00036065372655007635,0.0001385609433968689,5.173992473609365e-06,9.132167051836586e-05,0.00010958394679265906,1.4279729204569044e-08,1.2528335810460062e-06,8.262117629123411e-05,7.735564634811841e-05
41,1.6820669585109588e-06,1.3884680800762698e-08,0.0010355656902548277,8.163081204560936e-06,1.0838761742543148e-05,0.9974833792994877,1.7993843968750436e-07,2.038256700665197e-06,1.9934623771409294e-05,2.4489977593121606e-05,1.1243270334478082e-06,6.880588347290543e-10,4.702564181532251e-06,3.1240133800508347e-07,7.158052999182978e-07,0.0009481754448041169,0.00017623396749956574,7.276611045012172e-05,5.232524371161294e-06,2.2756881495175312e-05,0.0001217057562923992,2.284832508121496e-08,5.508064323517281e-06,4.4359651238326456e-05,1.0097384454744014e-05
42,1.9513493253702332e-05,2.2250591627817122e-08,0.007093076714490607,4.161314481320366e-06,0.0001978995052740786,0.9753403841579903,1.1834122477772466e-06,4.3301974139987386e-06,0.0006522641457279306,5.2717326569346735e-06,1.5290574299524413e-06,6.323523360115659e-09,0.00020374327167828012,9.479031314080194e-08,1.7032599062914674e-05,0.015724573973215257,0.00028191125802694766,0.0001129476438355228,1.0729284063879176e-05,7.48057035059413e-05,0.00012944121542651747,2.801272504505437e-08,8.702144105629873e-07,7.880104978090473e-05,4.537867887363163e-05
43,1.530403095612989e-05,2.1750318865283723e-08,0.0040868170287128415,3.258614200063254e-06,0.00021740977550199504,0.9856271066906751,8.641452332026004e-07,1.6479437559113453e-06,0.00038970165689868985,8.788259709184054e-06,7.736044237414101e-07,3.0121026196807464e-09,0.00016768972857587777,1.1042476305293444e-07,8.44783120455039e-06,0.008584530069596521,0.0003836166986603667,0.000135648975407152,5.648308467575235e-06,8.552722886508381e-05,0.00015501876541830118,2.094171682110384e-08,1.1611279344871988e-06,5.962106142709858e-05,6.126232547456101e-05
44,2.9960022433886618e-05,2.7788102831835965e-08,0.006886640832017182,4.4068419790721145e-06,0.00040007805889670023,0.9824697334261593,1.2890320939986848e-06,1.953417079688559e-06,0.0006864202708604333,4.210371539060145e-06,1.5224921184025956e-06,5.599712720085785e-09,0.00025952473659812133,1.4643415465476142e-07,1.018272978131341e-05,0.008393446584677357,0.00035021968944801656,0.0001364899114150487,5.195835544988779e-06,8.803163901461168e-05,0.00010842946748905712,1.3955460641448376e-08,1.2083175035069704e-06,8.065207493543927e-05,8.021047098401347e-05
45,3.039218581600558e-05,2.4030813610677276e-08,0.008380827809734382,4.18049295295007e-06,0.00034806309815727394,0.9783608199554608,1.4161751075507735e-06,2.767650004091754e-06,0.0007492607743255602,3.964140816764612e-06,1.756204700293615e-06,6.134078739078372e-09,0.0002411488420175493,1.1487262609095663e-07,1.4404330098823406e-05,0.011105021580691836,0.00028973918339813914,0.0001311682291144834,6.414166845431661e-06,7.89593282805242e-05,9.499730336715113e-05,1.6501044481892513e-08,9.870538564502865e-07,8.379737423007919e-05,6.975258246127805e-05
46,3.8530697067005814e-05,3.6300420093528494e-08,0.00945964294280286,4.397567329438143e-06,0.0005430208866130247,0.978368561420071,2.202588185046213e-06,2.1769031991693385e-06,0.0009472915451611965,5.195898390721332e-06,1.6063407342466384e-06,7.192874726128638e-09,0.00025487061333907135,1.4859516428961976e-07,1.2582642030253502e-05,0.009611291329396246,0.00022449066114027503,0.00013685260446569792,5.581316173084274e-06,8.49800364555481e-05,0.00011168374385731846,1.1546691961174222e-08,1.2203321370132747e-06,8.772596291882092e-05,9.589033338184986e-05
47,4.6617848946444756e-05,2.7712626258401365e-08,0.007957097614669924,3.7377477473679413e-06,0.0005160802935992901,0.9725819471990146,1.6026825136223108e-06,2.1254101452671917e-06,0.0010276713708153424,4.3166048899383284e-06,1.20331843177628e-06,8.669069862591555e-09,0.0006432640385860652,1.19642328677797e-07,1.6112843670408868e-05,0.016090831052932256,0.000475175564301448,0.00017360215259400814,7.020721181203843e-06,0.00011613207846164405,0.00013613706063797095,1.7993221137196456e-08,7.81577478683017e-07,8.939669452391143e-05,0.00010897210761295453
48,1.8723905675464722e-05,2.603130308258297e-08,0.003090720898220298,2.846454821036607e-06,0.00021440008773219717,0.9893002346458315,7.208136929308291e-07,1.734214688974608e-06,0.0003801058747417858,4.0166931434630435e-06,1.3096030040364953e-06,3.1565028983604628e-09,0.00015557924645417105,1.345141279601497e-07,4.86253823365938e-06,0.006249073588381481,0.00025827324540076004,8.252619297309715e-05,8.910758661945919e-06,5.132019905058998e-05,6.230974740690296e-05,1.150990536856873e-08,9.046104551488125e-07,7.932947889293308e-05,3.192199069868923e-05
49,2.8941058979282236e-05,2.637708068510568e-08,0.007797136597110306,4.813638989387467e-06,0.00032474043946574457,0.982711980528907,1.2538925768243377e-06,1.8377949970268145e-06,0.0006346070404833083,4.4126617048316476e-06,1.437515773024757e-06,5.894508377628334e-09,0.00024781197955582227,1.5033764051874357e-07,9.524024931674317e-06,0.007428919453066926,0.00030767858499207754,0.00013771487217060783,4.617717736457513e-06,8.077430327451189e-05,0.00010890880487056559,1.3371699037028359e-08,1.227482828947319e-06,7.873299213656305e-05,8.27326345206485e-05
50,4.005872333332372e-05,4.0448353260541044e-08,0.009706434322138307,4.673776792035644e-06,0.0006279171278328257,0.9776658222854006,3.915827184967819e-06,4.759853965433379e-06,0.0004943484512203978,1.2479028155127378e-05,1.757078368029529e-06,9.506037303521319e-09,0.0003109988173096704,2.9017627596813077e-07,1.4034173044582745e-05,0.010075859486558146,0.0003885253855280686,0.00016107353894553574,7.877338469920071e-06,0.00012430063039982318,0.00013526118717135078,1.7768763386649407e-08,2.214698878809733e-06,6.84156753518824e-05,0.00014891469452111777
51,3.8485573946486456e-05,6.159077505806529e-08,0.007426037033692965,1.0951162392788196e-05,0.00023603666784228485,0.983506359044018,1.1194115864093182e-06,3.7869983131515783e-06,0.0008052318543885675,5.48979998517455e-06,2.1084076098785087e-06,7.36714173603044e-09,0.00014897350126445068,3.018690571937724e-07,9.900753056030821e-06,0.006850684164801159,0.00038873039034688134,0.0002166911267040085,7.1712250164498644e-06,8.22426710976503e-05,0.00010913692394102485,2.5908132659017416e-08,1.2974983509893146e-06,8.115703772320745e-05,6.801201881580332e-05
52,2.7418964160541733e-05,5.1638641556405916e-08,0.00965249413780422,7.356290583307119e-06,0.0006140789701258339,0.9772475796869058,2.599312771067217e-06,3.0575280032024125e-06,0.0008359755946950912,5.327803120191909e-06,1.9598739572472357e-06,1.024221432215654e-08,0.00031543789935970195,1.9980609851512417e-07,1.0971630463360243e-05,0.010407324563205452,0.0003122620479389765,7.677181703524439e-05,6.56691423504803e-06,0.00012262860147867712,0.00016770373073431497,1.2348680819450645e-08,2.1508876568775593e-06,9.583714748341267e-05,8.422256264731994e-05
53,3.583574684171846e-05,4.091865722639719e-08,0.011646084258161812,6.1661231179667475e-06,0.0009340030735385546,0.969865847655953,4.483768970863775e-06,4.352635027502304e-06,0.0010241274097296054,6.9316155657360524e-06,2.887544806323014e-06,1.3970558897650329e-08,0.0004052256399000861,2.129167349392223e-07,2.0559407601026913e-05,0.015021152791594964,0.0003219058979417182,0.00013309191162320922,7.019124095471323e-06,0.00016151272676854288,0.00015141147287214683,1.762091105690572e-08,2.3579167316130568e-06,0.00011568537161147511,0.00012907248068471134
54,3.3073887155846384e-05,3.857361373512835e-08,0.006731951381724421,3.594827243722407e-06,0.00043554222400055646,0.983501645659228,1.3965234978769731e-06,1.4138865338891939e-06,0.0006248835731247184,5.441897218643663e-06,9.907404217399482e-07,5.1990664622776884e-09,0.000226502361065652,1.6619029872992427e-07,1.4162260473047613e-05,0.007694233007401077,0.00026541019960582524,0.00010585666239979944,4.583341535936387e-06,8.970701160774916e-05,8.019003090545226e-05,1.0512959976580485e-08,1.1029253793918844e-06,5.19518710089931e-05,0.00012614525252867238
55,6.848063854361448e-05,3.4558407147722055e-08,0.011729036757445471,6.076771623831434e-06,0.0005082813369508447,0.969121148430372,2.1573364776381412e-06,1.8949025492867036e-06,0.0023709810399326356,2.915426890503959e-06,1.455621341437596e-06,1.7650240494806617e-08,0.0009411385695329467,1.2582911690225558e-07,1.4758056150195453e-05,0.014189548568557748,0.00030901029490085403,0.00023972002021379514,6.474131120250057e-06,8.788707574777389e-05,0.00014880780367329077,1.4935069365874406e-08,6.086803004744515e-07,0.00013022808040708884,0.00011919748443417357
56,3.2488165105173014e-05,2.9249531027866497e-08,0.007079248958452403,4.4950471600573654e-06,0.0004177291631611028,0.981997920428593,1.37146093741302e-06,2.0027124103138746e-06,0.0007221277747765111,4.2927417388729225e-06,1.5571101217437784e-06,6.384707294515158e-09,0.00030670987689228747,1.5604035716322416e-07,1.048366661914343e-05,0.008520202540073553,0.00037282547204706617,0.00014288835653619405,5.577658644004105e-06,9.248406598941345e-05,0.00011384567842768716,1.4653748606457324e-08,1.2213372522730314e-06,8.457966185032885e-05,8.574179486765994e-05
57,3.505159702963046e-05,3.4087465766985176e-08,0.008198750805922255,5.24208236808835e-06,0.00047661497978179176,0.974447633470224,1.917132824921418e-06,3.2500886695696948e-06,0.0008862147997454848,5.6032678532887725e-06,1.5726261572728677e-06,1.0604372630993094e-08,0.0005068529484450236,1.8792989959948875e-07,1.470818413186291e-05,0.01433136303492941,0.00045348396449497745,0.00015126283778286588,7.6142914760108624e-06,0.0001335782246010691,0.00015045366305388078,2.0626184516891233e-08,1.2419468565174228e-06,8.736131100272445e-05,9.997549472676318e-05
58,3.15547568116002e-05,2.6235109086148927e-08,0.00691205797445235,4.285793760505789e-06,0.00039141348855078247,0.9828322180320768,1.272811128769019e-06,1.824258934752215e-06,0.0006928940550766984,3.743749309321883e-06,1.65099871475938e-06,5.8955284254267575e-09,0.00028825148478528565,1.3653706349137778e-07,8.763595695515685e-06,0.008035441520434141,0.000307511802691245,0.00012924372796281066,5.5261949525605885e-06,8.117294021138195e-05,0.00010085794036305807,1.2178952449118445e-08,1.1921737150491133e-06,9.860426180845813e-05,7.033759191052309e-05
59,2.900106946267901e-05,2.5432098448657845e-08,0.007389503091600789,4.362613979864104e-06,0.0003643906118333581,0.9824088563487431,1.2358242562653864e-06,1.8294002093824837e-06,0.0006762681009385041,3.801217947678371e-06,1.6141560740871184e-06,5.438152623380862e-09,0.0002506113539014232,1.241497282236557e-07,9.16561491532969e-06,0.008101311793743725,0.00028481415435224554,0.00012177816871928903,5.199212411929893e-06,8.004707858046473e-05,0.00010240636551681592,1.2121069346623936e-08,1.1837617481215714e-06,9.543773158454472e-05,6.701518843179489e-05
60,2.9960022433886618e-05,2.7788102831835965e-08,0.006886640832017182,4.4068419790721145e-06,0.00040007805889670023,0.9824697334261593,1.2890320939986848e-06,1.953417079688559e-06,0.0006864202708604333,4.210371539060145e-06,1.5224921184025956e-06,5.599712720085785e-09,0.00025952473659812133,1.4643415465476142e-07,1.018272978131341e-05,0.008393446584677357,0.00035021968944801656,0.0001364899114150487,5.195835544988779e-06,8.803163901461168e-05,0.00010842946748905712,1.3955460641448376e-08,1.2083175035069704e-06,8.065207493543927e-05,8.021047098401347e-05
61,3.073259811636486e-05,2.709216961523727e-08,0.007582551290203828,4.468410242001943e-06,0.00038141818566247933,0.9820612807018226,1.34757784737844e-06,1.9300000987650722e-06,0.0007026848375371395,4.058028128432961e-06,1.6332257820422653e-06,5.883828292419083e-09,0.00026224823338999757,1.3250059489402082e-07,9.89320806371665e-06,0.008161445958543529,0.00029959658783490994,0.00013104638279736884,5.388569955835143e-06,8.187646414430245e-05,0.00010746551471256882,1.3123528243234955e-08,1.2098461786439444e-06,9.383106341381168e-05,7.371471540328691e-05
62,2.9960022433886618e-05,2.7788102831835965e-08,0.006886640832017182,4.4068419790721145e-06,0.00040007805889670023,0.9824697334261593,1.2890320939986848e-06,1.953417079688559e-06,0.0006864202708604333,4.210371539060145e-06,1.5224921184025956e-06,5.599712720085785e-09,0.00025952473659812133,1.4643415465476142e-07,1.018272978131341e-05,0.008393446584677357,0.00035021968944801656,0.0001364899114150487,5.195835544988779e-06,8.803163901461168e-05,0.00010842946748905712,1.3955460641448376e-08,1.2083175035069704e-06,8.065207493543927e-05,8.021047098401347e-05
63,3.0068537363219667e-05,3.146805932845665e-08,0.006750130604272629,4.5603753068028775e-06,0.00040317371137250625,0.9828780001051229,1.2879241502656667e-06,1.8704344542205432e-06,0.0006905967056444062,4.426692382666397e-06,1.4965666762494061e-06,5.7461099264082e-09,0.0002590692973962376,1.549166294235476e-07,1.0290795426259403e-05,0.008106017006864596,0.00035405571249713007,0.00013262059407775144,5.369333603220043e-06,9.021583350545385e-05,0.00011254134866499239,1.4236294970730908e-08,1.2584972502822495e-06,8.03177846457817e-05,8.242577222896077e-05
64,2.695097766851141e-05,2.873044034694638e-08,0.006687921279246734,4.496034320886207e-06,0.0003772591754668082,0.9828912614784294,1.2633265169641557e-06,1.8005211543488637e-06,0.0006856229512445464,4.554454496252308e-06,1.3826413864970416e-06,5.9367308675539115e-09,0.00027761245390179375,1.4666519229091734e-07,1.0179497011616875e-05,0.008132999973960707,0.0003675913467740588,0.00013217957468241936,5.2636671980936335e-06,9.170434648136059e-05,0.00013542595457686251,1.5273150468101544e-08,1.2841401322571721e-06,8.048632596630706e-05,8.256327386952888e-05
65,3.9157800105771565e-05,2.137315658212888e-08,0.005934678599990558,3.4729134901479515e-06,0.0003934660153720511,0.982541129730746,7.858292763991095e-07,1.154058255424155e-06,0.0012890596202181032,1.4521234727998192e-06,1.861064248996571e-06,5.511638207214899e-09,0.00034807488775512297,8.700412436499056e-08,8.903560506460951e-06,0.008700152520007136,0.00029242694615622025,0.00014042904148066807,5.298682583153204e-06,5.3561742955152956e-05,7.201885884965318e-05,1.1749744325234045e-08,6.15848869147658e-07,0.00012031025512870865,5.186426186912758e-05
66,2.962000444088884e-05,3.0164414026304784e-08,0.006975038435840275,5.1681849254092535e-06,0.0003807220175698428,0.9818396865046456,1.3549143144091455e-06,2.3684486932391004e-06,0.0007180407012755724,4.3282936462384615e-06,1.667760230404742e-06,6.38809779047568e-09,0.00024720942362211755,1.724352238367538e-07,1.0460802429801836e-05,0.008929389215583228,0.0003522297944308521,0.00014025389111793876,5.490403164591062e-06,8.889801071335783e-05,0.000108574305284693,1.565961964135496e-08,1.2673218993643542e-06,7.959079341945617e-05,7.841612539745044e-05
67,6.191203976724835e-05,5.858042536783516e-08,0.013861295326942585,4.552059195581164e-06,0.0007841401227784102,0.966713603675898,4.05330397361301e-06,5.202067116851207e-06,0.0017906896853579425,5.279352539340604e-06,2.655618572796341e-06,1.104345070988024e-08,0.00025230072492768435,1.3002068704591834e-07,3.3546607832402365e-05,0.015614989333183444,0.0002711686304884861,0.0001725800302745076,1.2031490404713707e-05,7.901835523945422e-05,0.0001324741273323345,2.4664106007727448e-08,9.115296917425451e-07,9.173854588154034e-05,0.00010563306393217391
68,2.757612822399791e-05,2.9796869825214417e-08,0.005548794556902484,3.3911328516472656e-06,0.0004972001470976771,0.9825249165424729,1.2876397703875405e-06,1.9456654645267642e-06,0.000678580019807968,4.111526740879533e-06,1.591329938052484e-06,5.1268105009275715e-09,0.00026048808841795836,1.377395603547726e-07,1.424267915224716e-05,0.0095890091820404,0.00037666564553508913,0.00011223015180805979,6.269827295077315e-06,0.00010094004111926104,9.122409970142773e-05,1.5265749212387928e-08,1.1989881954575318e-06,7.53044068678631e-05,8.284427160680605e-05
69,3.197738906452619e-05,2.8153755962151938e-08,0.006838977254822587,4.133072519555485e-06,0.0004005737008190102,0.9826438907593074,1.284154651607306e-06,1.8709777199649572e-06,0.0007151746149530219,4.213969487782679e-06,1.3877067585306636e-06,5.335706441981807e-09,0.0002528690563116133,1.4426432677000188e-07,1.0698276320505356e-05,0.008237570328833054,0.0003590294082225382,0.00014555667784825997,5.096261051473796e-06,8.190116476369962e-05,0.0001043348059239416,1.4260932635935046e-08,1.0715182886775655e-06,7.195615497128481e-05,8.624073263930709e-05
70,1.3799995955835716e-05,2.3205498626203816e-08,0.00329411316525458,2.656511638099234e-06,0.00023750528181588703,0.9913092184938901,7.850777933394181e-07,8.889207698865473e-07,0.0004553179338591461,3.145610338324293e-06,1.4814649556778412e-06,2.7445118807286028e-09,8.050991027602804e-05,8.314227514660562e-08,6.083896400259645e-06,0.004110236612916213,0.00016002003754356898,6.623587735072653e-05,5.841028779592262e-06,3.260280106054628e-05,9.243514976303733e-05,1.0386052503953212e-08,1.2604133591869661e-06,8.916073946969288e-05,3.658159847184773e-05
