,0,1,2,3,4,5,6,7,8,9,10,11,12,13,14,15,16,17,18,19,20,21,22,23,24
0,1.2618930504575056e-08,8.480265531973751e-08,1.3838881402617938e-05,0.00022750234541316653,3.248465129644756e-06,0.9935967967916828,9.710742023226265e-06,1.8057046470502788e-06,1.5804034347818256e-07,1.2172782288530594e-06,2.0902021363753343e-06,9.799591785797286e-08,8.099862385117342e-05,1.550703746926618e-05,4.268186748567583e-06,0.005703114019934101,2.4976362448438615e-05,3.6833947103917936e-08,3.9458172540211e-06,4.6704159884322225e-05,2.1543606776186364e-05,2.8755495806224e-08,0.0002422677216386269,4.147729131622561e-08,3.5287502149516567e-09
1,1.3194392997635602e-08,7.10480532187389e-08,1.1147262911419957e-05,0.00015972199715560555,2.6399463876214763e-06,0.9916214727740343,9.46111330399582e-06,2.1980239293030026e-06,1.8723494103167823e-07,1.4399840433924069e-06,1.374255671322669e-06,7.240361542868267e-08,7.441613158391712e-05,9.421216555969537e-06,3.364754430766218e-06,0.007830048825948854,2.0602007023536683e-05,2.783490608626392e-08,5.180292220311597e-06,5.1994741233739925e-05,1.4632576474298425e-05,2.4718020151264328e-08,0.00018044943825433458,3.5694929601766474e-08,2.529978786469376e-09
2,1.166196693065027e-08,6.269565489546025e-08,1.2407185626149358e-05,0.00016977381432933868,3.2196404622385186e-06,0.9932503846193523,1.2279669598750427e-05,2.3713494578551744e-06,1.9948827641037874e-07,1.6485884196452735e-06,1.4533289916481745e-06,7.000931755505717e-08,6.209761384454504e-05,1.4639418626241207e-05,5.36987006911917e-06,0.006003112514678759,1.7418578587412124e-05,3.232069521704088e-08,5.516648271596825e-06,9.7591730720575e-05,2.1025280840708307e-05,4.1673639470833594e-08,0.00031922337770412307,4.420008411602659e-08,4.720784152975249e-09
3,1.0553683042225381e-08,6.744842566177312e-08,1.1047618856815893e-05,0.00017188601049075518,2.494644349366675e-06,0.9938349467826028,9.16627017672346e-06,1.7104380738183167e-06,1.3777573472217427e-07,1.127578222475429e-06,1.569837963119373e-06,7.979621104958813e-08,6.961468810984717e-05,1.2141566931175053e-05,3.718610086503826e-06,0.005569841437918459,2.066115572875903e-05,2.9781054310246663e-08,3.95565479217859e-06,5.036881180644531e-05,1.8311938567847778e-05,2.567158731053611e-08,0.00021704768141937923,3.531252839846867e-08,2.934679135209524e-09
4,1.16775333797065e-08,8.134830462482013e-08,1.1343051941173548e-05,0.00019108302803838288,2.798016724866715e-06,0.9934691209961434,9.580452148980166e-06,1.7968501571489281e-06,1.480556673270547e-07,1.1259585016951113e-06,1.9013431946980584e-06,1.0631766136721842e-07,9.372929237648845e-05,1.449349865083007e-05,3.3606547081354913e-06,0.00587111014346405,2.4911143029740967e-05,3.650595373126847e-08,4.232843611272639e-06,5.015065723450677e-05,1.9010892662962607e-05,2.7158069180549655e-08,0.00022980186259165326,3.509857198225151e-08,3.1530584076006406e-09
5,1.3410597835448639e-08,6.70428768317438e-08,1.3223313522861749e-05,0.00022831530768554622,2.7663770347022803e-06,0.9924578616952728,1.1708789132285908e-05,2.113619608907999e-06,1.563039625548898e-07,1.4919367827827555e-06,1.8309300669437373e-06,1.0086823072417362e-07,8.347261672423203e-05,1.5507074479228492e-05,4.026706622751922e-06,0.006794942461604419,2.546878961951919e-05,4.800384774313544e-08,3.9648530688049375e-06,7.159627108104014e-05,2.2115675803891737e-05,3.240520224947469e-08,0.0002591221447876681,4.951848557439535e-08,3.883897595258919e-09
6,1.0553683042225381e-08,6.744842566177312e-08,1.1047618856815893e-05,0.00017188601049075518,2.494644349366675e-06,0.9938349467826028,9.16627017672346e-06,1.7104380738183167e-06,1.3777573472217427e-07,1.127578222475429e-06,1.569837963119373e-06,7.979621104958813e-08,6.961468810984717e-05,1.2141566931175053e-05,3.718610086503826e-06,0.005569841437918459,2.066115572875903e-05,2.9781054310246663e-08,3.95565479217859e-06,5.036881180644531e-05,1.8311938567847778e-05,2.567158731053611e-08,0.00021704768141937923,3.531252839846867e-08,2.934679135209524e-09
7,1.9995908193824114e-08,1.1540436508343431e-07,2.6317296996020512e-05,0.00019376362638982416,2.7269310371034637e-06,0.9943859442038193,1.0123363225974122e-05,3.2850558275980727e-06,1.3587358201316806e-07,1.1654164949440286e-06,2.134528058340556e-06,1.2105793529599823e-07,0.0001823132873826404,1.0052367329931522e-05,2.9880505607000465e-06,0.004942123743387582,2.9683748287875738e-05,3.908190232340321e-08,7.67369172491493e-06,5.0468620263782236e-05,1.9019033388968313e-05,3.19436432962016e-08,0.00012971631213917965,3.533834003302956e-08,2.028008985380625e-09
8,1.5519769320320566e-08,7.809865158538104e-08,1.9603922645230418e-05,0.0003277518160257251,3.816512369230324e-06,0.9933795128247143,1.2232466630691075e-05,2.106355393929142e-06,2.4809994864444964e-07,2.3636219444601465e-06,2.47167172454231e-06,6.905811048129684e-08,5.486808364516548e-05,2.2552058336662646e-05,9.195973517107171e-06,0.005662907713050714,2.2269132006146434e-05,4.1932862441214186e-08,3.686034263815377e-06,7.674380600403913e-05,2.9753993132916845e-05,4.8690766981509215e-08,0.00036754276270061295,1.132425648471558e-07,6.609220306597105e-09
9,1.2751241203632498e-08,5.508760381222279e-08,2.0990458288652447e-05,0.0002891125750876294,2.8638684537235762e-06,0.9932777154918504,7.751143113264348e-06,2.2723317486190746e-06,1.8548188743201034e-07,1.8958036546443808e-06,2.1671552939041735e-06,5.861733088257316e-08,7.069751679178533e-05,1.6148166649063647e-05,5.717917102828555e-06,0.005907048310524838,2.3301485880445625e-05,3.0185523828048484e-08,3.786660306252263e-06,7.716094584626748e-05,2.1766243638186e-05,3.822783846495974e-08,0.0002691271831851523,9.35458469100976e-08,2.845312118104056e-09
10,1.0553683042225381e-08,6.744842566177312e-08,1.1047618856815893e-05,0.00017188601049075518,2.494644349366675e-06,0.9938349467826028,9.16627017672346e-06,1.7104380738183167e-06,1.3777573472217427e-07,1.127578222475429e-06,1.569837963119373e-06,7.979621104958813e-08,6.961468810984717e-05,1.2141566931175053e-05,3.718610086503826e-06,0.005569841437918459,2.066115572875903e-05,2.9781054310246663e-08,3.95565479217859e-06,5.036881180644531e-05,1.8311938567847778e-05,2.567158731053611e-08,0.00021704768141937923,3.531252839846867e-08,2.934679135209524e-09
11,1.0670545248031725e-08,7.058133391482113e-08,1.090323196162785e-05,0.00017232728931665576,2.4270100881996143e-06,0.9936579743029492,9.377567530357631e-06,1.8382517621274056e-06,1.401525574673093e-07,1.0901929011771533e-06,1.5596296081465605e-06,8.657800411086443e-08,7.939842960461579e-05,1.2058521277285977e-05,3.4241661442374506e-06,0.005743833875509626,2.2691223731106494e-05,3.079039561073756e-08,4.092018110641877e-06,4.958845126144525e-05,1.719727671733838e-05,2.5855366346314526e-08,0.00020981791576579092,3.3187157494619204e-08,2.830400300990178e-09
12,9.85320111192332e-09,7.276350622111827e-08,1.0096126294319195e-05,0.00016844414822342687,3.0377975014192653e-06,0.9941660308211544,9.55251593653286e-06,1.4388816157589545e-06,1.3293121342706585e-07,1.01824638019817e-06,1.651411856520666e-06,9.376840321105968e-08,6.882871009081655e-05,1.4907732036874753e-05,3.697593436824832e-06,0.005204152950442663,1.8567690026641014e-05,3.503249162170395e-08,3.5843202682420765e-06,5.45447276203191e-05,1.946827084349625e-05,2.4231478892982996e-08,0.0002505739978984741,3.1838966141905164e-08,3.639112215380121e-09
13,1.3808169061184935e-08,1.2302057031355336e-07,1.4775751628991521e-05,0.00028300805380334645,4.3328474880387074e-06,0.9939199268038169,6.848502399387794e-06,1.295584436555066e-06,1.3843889903603698e-07,8.141018753986236e-07,7.263850304536847e-06,1.8442307266141662e-07,0.00016280379686890533,2.6222515176513914e-05,5.109515282298062e-06,0.005082902547164387,3.576875530715812e-05,4.035439007592674e-08,4.663033581003918e-06,3.478402131489666e-05,2.8569434544680448e-05,2.834235558054852e-08,0.00038032330916421263,5.6170725028145134e-08,3.0176611353750597e-09
14,1.9350787238940405e-08,5.6472350970217885e-08,3.0450690000701373e-05,0.0006853793733531368,3.6680931999270925e-06,0.9897855369951901,1.805117708792892e-05,5.944747314998152e-06,4.450706790151817e-07,2.8474752119855464e-06,2.1764923065367293e-06,5.9373957999580017e-08,6.942982042574781e-05,1.9594899594283288e-05,1.1828194726396543e-05,0.008655806080441817,4.7006221595942615e-05,5.009573258736107e-08,3.2704342483447905e-06,0.0001078970981828204,2.9369753813897258e-05,7.326473416877167e-08,0.0005208726498159261,1.5961643305091602e-07,6.5588143142156065e-09
15,1.0553683042225381e-08,6.744842566177312e-08,1.1047618856815893e-05,0.00017188601049075518,2.494644349366675e-06,0.9938349467826028,9.16627017672346e-06,1.7104380738183167e-06,1.3777573472217427e-07,1.127578222475429e-06,1.569837963119373e-06,7.979621104958813e-08,6.961468810984717e-05,1.2141566931175053e-05,3.718610086503826e-06,0.005569841437918459,2.066115572875903e-05,2.9781054310246663e-08,3.95565479217859e-06,5.036881180644531e-05,1.8311938567847778e-05,2.567158731053611e-08,0.00021704768141937923,3.531252839846867e-08,2.934679135209524e-09
16,1.1661758526964006e-08,6.642881499546208e-08,9.796828086506891e-06,0.0002146418922670558,2.643008029255668e-06,0.9920398776042416,1.249224102123045e-05,1.3595672588957758e-06,1.0457256995402309e-07,1.901116381527547e-06,2.0294284718303215e-06,1.354540314661784e-07,6.461094129801781e-05,1.9758740850953945e-05,3.87162004404259e-06,0.0072415123563678106,2.3463403865829633e-05,6.182266348122869e-08,3.357565929940583e-06,6.605066138750641e-05,4.0093944831180264e-05,3.398053521661727e-08,0.00025207688631749065,4.3462110525830474e-08,4.810865276908015e-09
17,1.874604151971712e-08,1.0975538996810176e-07,1.5241969658417664e-05,0.0002751441879567714,4.191790985619124e-06,0.9913385286751856,1.5334305163397812e-05,2.693981655318135e-06,1.6851328866684848e-07,1.435019664391867e-06,2.8568956522739775e-06,2.4745003484272555e-07,0.00016112502818980496,2.719016042007212e-05,3.778829673196587e-06,0.007551169671368134,4.016105686332312e-05,9.432193457116934e-08,5.845424393609738e-06,9.219424421270844e-05,3.486655645405474e-05,4.8037818140203816e-08,0.0004275064273539587,4.2348496785605955e-08,6.602144701347874e-09
18,1.3605158174623785e-08,9.392608193747451e-08,8.243128950610827e-06,0.00017713057012154053,2.3998746040862685e-06,0.992584786954845,1.463769254507483e-05,1.6846819614377155e-06,1.90985636650823e-07,1.5437354947369633e-06,2.151193715645414e-06,1.592342764655415e-07,8.228161793647148e-05,2.193670151914809e-05,4.569826332029198e-06,0.006600566069001219,3.475369572833135e-05,6.082717923404241e-08,4.130077494262914e-06,6.528322447088556e-05,2.4627557137343787e-05,4.817295890713939e-08,0.000368655154757784,4.412367661856366e-08,7.3684164143833546e-09
19,1.1129296601951328e-08,7.787956623276066e-08,1.4908114463910239e-05,0.0002213039311370885,3.2913595131202884e-06,0.9934591643778746,1.0533066132897345e-05,2.388704380416448e-06,1.6236475986582047e-07,1.1546900613682564e-06,1.6361708364602281e-06,1.0884456126269291e-07,0.00010675335589809813,1.431765386914017e-05,3.180943347452561e-06,0.005848351583496873,2.5303580462515447e-05,3.779505762802311e-08,4.575872969334997e-06,6.190382846931121e-05,1.8210552509768307e-05,3.0788192909404376e-08,0.00020255650883897885,3.399951968820165e-08,2.9047848457666243e-09
20,7.971312981885178e-09,5.292368300698466e-08,1.1812340995057103e-05,0.0001749104664046009,2.1371090878879487e-06,0.9951243914312184,9.362688393974434e-06,1.9727137461149033e-06,1.3128062636930418e-07,1.1273204172586608e-06,1.602110761696162e-06,5.00245319123581e-08,4.7561449082432246e-05,1.1105030146896697e-05,6.763314857455709e-06,0.004253271666185893,1.724818923132635e-05,1.7489030716841285e-08,4.113907015881892e-06,5.198452129587786e-05,2.2704381037406215e-05,3.568054794287882e-08,0.0002575887005279026,4.447682226736094e-08,2.8130387529960094e-09
21,1.4391390631325803e-08,9.332314184619657e-08,1.2052615422245644e-05,0.0002020277969226424,3.7692368485778947e-06,0.9925346548382952,9.654923987345696e-06,1.4867020013416768e-06,1.3815382915205093e-07,1.5899585632893979e-06,2.357383347315153e-06,1.4433046032855097e-07,8.612012048408135e-05,1.8736431936604974e-05,3.502355602031029e-06,0.006767879758584005,2.2172158365132704e-05,5.285852937768766e-08,4.563187427473984e-06,6.12100017824507e-05,3.030379553777107e-05,2.84306997870039e-08,0.0002374006795164441,4.2541829508825106e-08,4.025495632197089e-09
22,1.20675521318587e-08,6.332070349402415e-08,1.4682782326421744e-05,0.00022994853101529898,2.27144956773192e-06,0.9931348118732496,8.270583682669358e-06,1.6515381070016615e-06,1.0887764280460982e-07,1.428822052993713e-06,2.287288858062958e-06,1.0290510561761282e-07,7.831407715720578e-05,1.4943946683888381e-05,3.984243125076477e-06,0.006200754076376134,2.994124594670679e-05,3.9983809119865893e-08,3.5719362675539117e-06,4.974937038383429e-05,2.5024818393172535e-05,3.150256926417711e-08,0.00019795279804777507,4.9403297081011906e-08,2.55807936961044e-09
23,1.0553683042225381e-08,6.744842566177312e-08,1.1047618856815893e-05,0.00017188601049075518,2.494644349366675e-06,0.9938349467826028,9.16627017672346e-06,1.7104380738183167e-06,1.3777573472217427e-07,1.127578222475429e-06,1.569837963119373e-06,7.979621104958813e-08,6.961468810984717e-05,1.2141566931175053e-05,3.718610086503826e-06,0.005569841437918459,2.066115572875903e-05,2.9781054310246663e-08,3.95565479217859e-06,5.036881180644531e-05,1.8311938567847778e-05,2.567158731053611e-08,0.00021704768141937923,3.531252839846867e-08,2.934679135209524e-09
24,1.1431443321763123e-08,8.133671659119239e-08,1.218375122661669e-05,0.000260119766291461,4.270858742386873e-06,0.991272092872699,1.0160344703888425e-05,1.948769209649774e-06,1.7072855949851768e-07,1.295045476688642e-06,2.2514033550275715e-06,1.3295577950001017e-07,0.00011552610648765182,2.0845589500090796e-05,3.2891892255085992e-06,0.007912615028772631,2.513378914790458e-05,4.734148826510143e-08,4.197631739522285e-06,6.167852958772804e-05,2.037997370389779e-05,2.7849695197274645e-08,0.00027149765060048396,3.858474920500184e-08,3.471098391044897e-09
25,1.9212547723298417e-08,7.699773747925304e-08,1.9645085516473168e-05,0.0003373752263444724,3.9878387976936024e-06,0.9899451800625576,1.2872011137604382e-05,3.611406998616399e-06,1.703156939405528e-07,1.6973905420560158e-06,2.8404542701878623e-06,1.2447055995757661e-07,0.0001427925407028286,1.695212202139574e-05,4.381217982487596e-06,0.009051955675125532,3.2926968155681855e-05,5.496176566251494e-08,6.568611931696685e-06,7.97064018785713e-05,3.026678384635183e-05,3.7329731759479394e-08,0.00030669848602948255,5.508986492114073e-08,3.3382600534513226e-09
26,1.1909027206528149e-08,6.5651735238875e-08,1.0492079704006006e-05,0.0001928965341486326,2.27234110200948e-06,0.9939629978176279,9.32446808217057e-06,2.228247346959819e-06,2.4852828196784793e-07,9.459993801570837e-07,1.4908134742353006e-06,5.904573436952844e-08,6.557185662907612e-05,9.61789901594074e-06,4.687174314566236e-06,0.0053168513382500756,2.3764057670952823e-05,2.3768447631533447e-08,3.3860579075404353e-06,5.4847111857940714e-05,1.3375599574591017e-05,2.4630689442227528e-08,0.0003247614736096812,5.2358368120697645e-08,3.238019734289279e-09
27,8.192975472711904e-09,5.566048918493933e-08,8.937063536518783e-06,0.0001540717744948181,2.1330241846535387e-06,0.994231010352213,1.0157073035925816e-05,1.7248042801142697e-06,1.8498093914941777e-07,1.2941156007407973e-06,1.3352058446511703e-06,5.511629217035106e-08,5.005243687394437e-05,1.1809251761785539e-05,5.114507876640809e-06,0.005165190581294477,1.846962732841744e-05,2.173489874113439e-08,3.592478237275136e-06,5.973452540567778e-05,1.5649188034689946e-05,3.323652922937791e-08,0.00025931959442405955,4.193071631842682e-08,3.542732195169257e-09
28,1.0553683042225381e-08,6.744842566177312e-08,1.1047618856815893e-05,0.00017188601049075518,2.494644349366675e-06,0.9938349467826028,9.16627017672346e-06,1.7104380738183167e-06,1.3777573472217427e-07,1.127578222475429e-06,1.569837963119373e-06,7.979621104958813e-08,6.961468810984717e-05,1.2141566931175053e-05,3.718610086503826e-06,0.005569841437918459,2.066115572875903e-05,2.9781054310246663e-08,3.95565479217859e-06,5.036881180644531e-05,1.8311938567847778e-05,2.567158731053611e-08,0.00021704768141937923,3.531252839846867e-08,2.934679135209524e-09
29,1.0553683042225381e-08,6.744842566177312e-08,1.1047618856815893e-05,0.00017188601049075518,2.494644349366675e-06,0.9938349467826028,9.16627017672346e-06,1.7104380738183167e-06,1.3777573472217427e-07,1.127578222475429e-06,1.569837963119373e-06,7.979621104958813e-08,6.961468810984717e-05,1.2141566931175053e-05,3.718610086503826e-06,0.005569841437918459,2.066115572875903e-05,2.9781054310246663e-08,3.95565479217859e-06,5.036881180644531e-05,1.8311938567847778e-05,2.567158731053611e-08,0.00021704768141937923,3.531252839846867e-08,2.934679135209524e-09
30,1.0553683042225381e-08,6.744842566177312e-08,1.1047618856815893e-05,0.00017188601049075518,2.494644349366675e-06,0.9938349467826028,9.16627017672346e-06,1.7104380738183167e-06,1.3777573472217427e-07,1.127578222475429e-06,1.569837963119373e-06,7.979621104958813e-08,6.961468810984717e-05,1.2141566931175053e-05,3.718610086503826e-06,0.005569841437918459,2.066115572875903e-05,2.9781054310246663e-08,3.95565479217859e-06,5.036881180644531e-05,1.8311938567847778e-05,2.567158731053611e-08,0.00021704768141937923,3.531252839846867e-08,2.934679135209524e-09
31,2.5481729610392955e-08,9.710921015069486e-08,2.4826030336913492e-05,0.00023913460648344333,3.6913689076349396e-06,0.991849709506463,1.3563722208111218e-05,4.231325753480268e-06,1.680010572767854e-07,1.4894748632644243e-06,1.7820815609000986e-06,1.3200336274907301e-07,0.00013977212005188743,1.300323483799112e-05,3.6661734661213695e-06,0.007292601995036035,3.058875511564623e-05,6.300779883989709e-08,8.149335934486222e-06,8.905992762824748e-05,2.6021618337445625e-05,3.822662165395689e-08,0.0002581355942871366,4.509463638132362e-08,4.204311479781992e-09
32,1.0498393279017418e-08,6.677890631541343e-08,1.0987011432274281e-05,0.000155830072845817,2.4873720252480516e-06,0.9938598551511953,9.250216098220103e-06,1.793080083946053e-06,1.3292484501882983e-07,1.1130949696249698e-06,1.5194093263741217e-06,7.99428670461336e-08,6.995486487780678e-05,1.185198209066912e-05,3.7829574694484567e-06,0.005556457178679011,1.9752794447523907e-05,2.868278288261649e-08,4.528269805218946e-06,5.3791871410550605e-05,1.812019173757624e-05,2.7386068865212815e-08,0.00021854201030265858,3.331287072981683e-08,2.9444688505648352e-09
33,1.0505040492912232e-08,6.692283234124085e-08,1.112435918726265e-05,0.0001701454526543508,2.528399612090289e-06,0.994008946413561,9.039737453861872e-06,1.6809742262516287e-06,1.3737639248703382e-07,1.1225078332321558e-06,1.5667843165568749e-06,7.586977715048699e-08,6.53500218304381e-05,1.1934426314985974e-05,3.911623000607609e-06,0.005397971350337873,1.966087198271998e-05,2.8534652432279624e-08,3.9439544316536395e-06,5.028143098333309e-05,1.885711603088405e-05,2.5425208733339223e-08,0.00022155075902866413,3.62113763707238e-08,2.9719343323229094e-09
34,4.9643370763412164e-09,3.507778003669785e-08,7.042142302692448e-06,0.00016865279887312633,1.487851110564269e-06,0.9937456685158693,8.934380433488317e-06,1.219806748399791e-06,8.821754074705916e-08,9.996378524286304e-07,9.01406078528939e-07,5.905027751220914e-08,4.247240999345014e-05,1.0363542161621469e-05,2.9587287215403084e-06,0.005771806936823715,1.859463470931412e-05,2.555657121141721e-08,1.692054304723846e-06,4.427742457519114e-05,1.5369277957237032e-05,1.9399128903997738e-08,0.0001572991973653789,2.489285702542602e-08,2.095626625661618e-09
35,4.71921524892862e-09,4.3037253561801115e-08,7.644419777326443e-06,0.00012703296761035676,1.9340210799735157e-06,0.9958983355416384,6.29425108914603e-06,9.20212614431257e-07,8.906758600355585e-08,7.358763107568238e-07,1.3020156644656628e-06,4.6820595643018775e-08,3.9884794412298036e-05,1.144023949056092e-05,4.070045800318135e-06,0.003619738509381186,1.2362399325698867e-05,1.5061727102129345e-08,2.466780868998759e-06,4.020171052960017e-05,1.5234292353313594e-05,1.9328772685907624e-08,0.00021015327264933004,2.8488038493121342e-08,2.126215295797334e-09
36,5.543550045091646e-09,4.224163301693266e-08,4.518751881809415e-06,0.00016685180227631367,1.0223594051618635e-06,0.9895445647797209,9.252927943666902e-06,2.1824142702820954e-06,1.71654848854038e-07,7.026155755266721e-07,9.188113958694652e-07,9.100904270461477e-08,0.00010108147891840281,8.959279209568472e-06,2.034864736808293e-06,0.009880925707347924,4.9465264020953735e-05,2.4109821318568176e-08,2.1548513339911445e-06,3.3172474982240165e-05,5.897672036075387e-06,2.2806022592691426e-08,0.00018591647877212224,1.8414913897367088e-08,1.686339793828617e-09
37,2.544882681410532e-08,9.180956565159104e-08,2.4655367899533453e-05,0.00031028871787190155,3.5704817761385673e-06,0.9920938742691526,1.1951083266533269e-05,2.5596324431713726e-06,1.6777314512525786e-07,1.8939198690529476e-06,3.0945796205502565e-06,1.366227270344081e-07,0.00011523199244005588,1.8961633343862124e-05,5.003560430787905e-06,0.0069877258975678674,3.339630450941407e-05,7.192119432744219e-08,5.757298624427824e-06,7.765565597821791e-05,3.0205635570111104e-05,4.0183366710055564e-08,0.0002735486180256205,8.705657311655285e-08,4.536211417645731e-09
38,5.113632474687957e-08,3.150921189901644e-07,6.0785832357569664e-05,0.000904658164223462,1.72892663690654e-05,0.9926052476268229,1.9905166528831174e-05,4.409907570919171e-06,9.933425939751385e-07,5.1856814580030625e-06,6.453796108504341e-06,2.8428047615297826e-07,0.00017597956838742072,8.78649832197772e-05,1.0112487087259162e-05,0.005195419108106634,5.6875572182592024e-05,1.9192664632077835e-07,6.262990999675797e-06,0.00015949014383668215,5.9719991824857495e-05,1.457743513715022e-07,0.0006221058669492693,2.262150061639287e-07,2.6078448905181475e-08
39,5.336401479282273e-08,6.214465459840575e-07,0.00010127518058923403,0.0006687858039084501,3.401314399029064e-05,0.9954302633833569,5.392489575437956e-06,4.1650081217756805e-07,8.026465606949402e-07,7.40636528928739e-06,4.021646174645125e-05,2.739314672707336e-07,0.00017181046542669108,0.00027190126772308335,8.620970779856916e-06,0.0030064684288860955,2.43233952716441e-05,1.624629797769984e-07,6.156127481882586e-06,4.8805357711002296e-05,2.0133457714004582e-05,6.933745035649244e-08,0.00015148669608463014,5.33570709592612e-07,7.743924229523823e-09
40,1.0541564495640867e-08,6.749643843639252e-08,1.1070933710237692e-05,0.0001715727291563536,2.4965033895508273e-06,0.9938530931468393,9.146591286236697e-06,1.7063791415921975e-06,1.3745755561357384e-07,1.1261457531475844e-06,1.5695761080863155e-06,7.981256676282234e-08,6.953002307135356e-05,1.2147516718597544e-05,3.7195688174507628e-06,0.005552691263820322,2.062030369485251e-05,2.974946855996241e-08,3.9569166055125474e-06,5.033862922992088e-05,1.830676426673467e-05,2.5678399193876698e-08,0.00021651805266906457,3.528783603290392e-08,2.9318924478796295e-09
41,3.6295598360970416e-08,3.754785184059193e-08,2.066871545175559e-05,0.00017423784017369008,1.961524428326052e-06,0.9894092003561312,5.496320970936199e-05,2.7642943392291413e-06,2.96068231240586e-08,2.950514091828211e-06,7.940371211624702e-06,5.375015561035045e-07,9.255542708171442e-05,6.981961795280646e-05,2.2950173437429317e-05,0.007251827966523369,4.0319084659196027e-05,3.983088708087804e-07,2.860337992841546e-05,0.0005830148804882902,0.0002965244055602836,4.790273020797914e-07,0.0019379902649455044,1.440539559532799e-07,4.5631927520970375e-08
42,1.2029663404789195e-08,6.505080638649061e-08,2.02235675867281e-05,0.0001491630173141626,2.103430426224859e-06,0.993542933237419,8.559643246410473e-06,4.393032386948412e-06,1.3394104605010626e-07,1.5100742253409106e-06,1.2506070696729396e-06,7.597748165858935e-08,8.317401045878984e-05,7.996225909239445e-06,4.592581872365935e-06,0.005898469936311228,2.4497538855610627e-05,1.839324959733888e-08,9.935161626744788e-06,6.668371056172294e-05,2.3371652807570608e-05,5.8071652697761833e-08,0.00015074416311679892,3.324782233780292e-08,1.6970833386269562e-09
43,7.796601214100442e-09,4.438774530568475e-08,9.053472760656745e-06,0.00014214471307336733,1.9574219036792036e-06,0.9936483513996904,8.483107487233523e-06,1.7393587352448513e-06,1.7103317008257865e-07,2.1212266696175774e-06,1.0033705888148032e-06,3.7960383431299625e-08,3.8732463930610936e-05,9.712395647761289e-06,4.1686041994808274e-06,0.00584774634813317,1.380653047626859e-05,1.8118161087921135e-08,3.4864079355555713e-06,7.102626368801009e-05,1.7610447092878008e-05,3.12697686644086e-08,0.00017850062038011265,4.2845492291688814e-08,2.4362850673252422e-09
44,1.0553683042225381e-08,6.744842566177312e-08,1.1047618856815893e-05,0.00017188601049075518,2.494644349366675e-06,0.9938349467826028,9.16627017672346e-06,1.7104380738183167e-06,1.3777573472217427e-07,1.127578222475429e-06,1.569837963119373e-06,7.979621104958813e-08,6.961468810984717e-05,1.2141566931175053e-05,3.718610086503826e-06,0.005569841437918459,2.066115572875903e-05,2.9781054310246663e-08,3.95565479217859e-06,5.036881180644531e-05,1.8311938567847778e-05,2.567158731053611e-08,0.00021704768141937923,3.531252839846867e-08,2.934679135209524e-09
45,8.147675217337812e-09,4.543667180758104e-08,1.0093342884121468e-05,0.0001498838303988177,1.7884385398104399e-06,0.9938465142448277,8.534739229321651e-06,1.9126625879862075e-06,1.17893083687698e-07,9.984808554103965e-07,1.0986295769892285e-06,4.8299637776378755e-08,5.343386463864678e-05,8.02521479270555e-06,3.822566463205778e-06,0.005658785709309571,1.742622701035963e-05,1.8976360114125014e-08,3.7370441869290104e-06,4.595029542288591e-05,1.3685120417998122e-05,2.1919611038183926e-08,0.00017401549480858776,3.146781993733238e-08,1.9531892215349314e-09
46,1.2421560099517056e-08,8.637384854563375e-08,1.4374599930030741e-05,0.00017074885831936057,4.6711593739292716e-06,0.9938284093328903,1.1606969939909474e-05,1.7394448176509417e-06,1.7001635769529377e-07,1.5071789408448408e-06,1.7979371250694803e-06,8.553398034207568e-08,6.881544999902601e-05,1.69359322399881e-05,4.773026933372881e-06,0.00550463631380976,1.4111048695841871e-05,3.5701339994070484e-08,6.002677516165554e-06,7.113842040358515e-05,2.3559545423738583e-05,3.165557398759215e-08,0.00025470872790059936,3.697515700096112e-08,4.697923265867183e-09
47,2.146624708314362e-08,1.1517883331375939e-07,1.1755566691376208e-05,0.00010204053718425637,1.7634807181658108e-06,0.9930117885284737,1.3542767765223132e-05,3.032548533557542e-06,1.724961742790141e-07,1.6385528685554865e-06,1.1925962355839767e-06,1.620717474093416e-07,0.00010221042518306565,8.908621129165105e-06,2.991166750909731e-06,0.006454842631554742,3.5384191897163685e-05,4.755293137822318e-08,9.535352394442605e-06,6.577909421942462e-05,1.8941905101538447e-05,5.327272750039194e-08,0.00015404831367977776,2.7407289288249588e-08,4.273669009204661e-09
48,5.74013105839075e-09,4.78871081899373e-08,4.926700364804146e-06,5.887918047579153e-05,4.908344337811437e-07,0.9958148807757635,4.9857245674937264e-06,1.715194875602462e-06,6.410400971707919e-08,3.012677244179369e-07,5.328818439581551e-07,4.6796190061186985e-08,7.041560899720978e-05,2.3809913317752394e-06,1.4248436561618429e-06,0.00391997959957442,2.5835565712017482e-05,8.162529879095954e-09,3.3911289446391605e-06,1.4390292602354446e-05,4.9740273308111475e-06,1.0178100944883921e-08,7.03032907878019e-05,8.627840001663233e-09,5.951035084163972e-10
49,7.688375559957194e-09,6.114162857235458e-08,1.3473129957423234e-05,0.00012738962405790054,1.9283326707097314e-06,0.9959502993179161,6.790037429620619e-06,1.2877675020684395e-06,8.784628238697732e-08,9.75374340183404e-07,1.2392263676418483e-06,8.494154554308436e-08,5.927450556529714e-05,1.1583783417399e-05,3.1505135747156243e-06,0.0036044202194041417,1.870417834539054e-05,2.6286722465947295e-08,3.5101545429452006e-06,4.946992897828962e-05,1.685160694835591e-05,2.9669752881294842e-08,0.00012932310570366713,2.943083032884706e-08,2.1881404225016747e-09
50,2.406583430382398e-08,9.259845272995521e-08,1.6287624184241198e-05,0.00022426340558842194,4.460413102683499e-06,0.9882378433604023,3.767234808432979e-05,4.661810877448214e-06,3.2194412097389884e-07,4.458442714771589e-06,1.5295353291156963e-06,9.296183223526031e-08,9.351298712712789e-05,1.9886713677044988e-05,6.716986103210731e-06,0.01080313997827261,2.195283045238739e-05,7.53596228605578e-08,1.1287926560142016e-05,0.00015348425625478024,2.9731079937957174e-05,7.57125572808487e-08,0.0003283639290083481,5.139555836613286e-08,1.2334344301878185e-08
51,1.0868324417345226e-08,1.4300543568526055e-07,2.334191884249054e-05,0.000521286978623249,4.244746402879674e-06,0.9949289775955271,6.3790168615021655e-06,1.921022443154147e-06,2.723888631507774e-07,1.5289632256590575e-06,2.2036329079727475e-06,9.265007446379504e-08,0.00011664641279786376,1.785412523957675e-05,2.687264601816326e-06,0.0041929124612377355,3.452169776654202e-05,2.7750825761251312e-08,2.025598652655531e-06,2.2508198354071624e-05,1.7872352320504617e-05,2.2003003717039052e-08,0.0001024659375946799,5.171193506735785e-08,1.6981382034317303e-09
52,8.19601848709419e-09,8.221643969385365e-08,9.25622138539989e-06,0.00013332792773693524,2.395931485615579e-06,0.9957097378302693,8.425061483516996e-06,1.714885159853878e-06,1.386380040458966e-07,7.403229899717128e-07,1.1977035434583876e-06,6.945587874138167e-08,5.846393734756703e-05,9.862274536539645e-06,3.857328431742122e-06,0.003746235795147298,1.8404449312960832e-05,1.7791587329270346e-08,4.207748910338175e-06,3.7146160542376715e-05,1.850613486453929e-05,2.446839026164602e-08,0.00023615428979917836,2.2223906887348246e-08,3.00682819163645e-09
53,7.962560210118269e-09,4.2620024722889404e-08,5.324625743614049e-06,0.0001699350788414963,1.925949146707175e-06,0.9906955502993195,2.054585185240691e-05,2.1434291294603927e-06,2.1321515459172395e-07,1.3376347498659123e-06,1.1632989514899766e-06,5.425679826722737e-08,5.363841664580324e-05,1.18245732826585e-05,5.284055019461116e-06,0.00849198794410893,1.9090868020947084e-05,3.008652469066076e-08,3.458943216233684e-06,7.453693794545983e-05,1.604676729585571e-05,2.9371775492371224e-08,0.0004257873897303133,3.485775803217273e-08,5.566403943779049e-09
54,1.0306705142379629e-08,9.96790183612577e-08,5.562678115646206e-06,0.00011619873632185821,2.176159403394527e-06,0.9925403802054428,1.2783581951715344e-05,1.3744252225197228e-06,1.8669490764222104e-07,1.4028866591040562e-06,1.121042251704894e-06,1.038369341073861e-07,6.08031848301829e-05,1.243494478833833e-05,3.0396960862733527e-06,0.006976836935283397,2.14633585981251e-05,3.500943293277353e-08,3.7536222094807182e-06,3.937940001820139e-05,1.459916563778307e-05,2.5739218386421436e-08,0.00018620209482131085,2.1925153304895063e-08,4.690988341266884e-09
55,2.6753851509497714e-08,2.1785936933131546e-07,1.3739012964033721e-05,0.00022864462151717338,5.900691739997396e-06,0.9910966322610335,1.612872015594232e-05,2.1109814252017904e-06,2.6625583706049826e-07,1.3316547538160542e-06,2.594895858856306e-06,3.7836819458696374e-07,0.00014944962806274568,2.081665696737617e-05,3.234639701814629e-06,0.008080328120021131,3.8016505897108e-05,1.1352634590076765e-07,5.9840892848472715e-06,5.598179856572754e-05,2.655490731349173e-05,3.1613099171933264e-08,0.0002514719216664892,3.634718586022395e-08,8.169187202310308e-09
56,1.1149326455665592e-08,7.461829316783009e-08,1.1491413324565355e-05,0.0001788613545247982,2.594465564814482e-06,0.9937154733957668,9.34539382214835e-06,1.7957657628588306e-06,1.4372275263301567e-07,1.1129595313687831e-06,1.6962053873324843e-06,9.139623140696705e-08,8.298289753547856e-05,1.292677924467001e-05,3.4898196680591888e-06,0.005669290238572559,2.298780612813794e-05,3.270955456592459e-08,4.126732157234537e-06,5.008847393911593e-05,1.7667498575728912e-05,2.6299221640040787e-08,0.00021365087523210127,3.5076634768192146e-08,2.9532476156063926e-09
57,1.2452358364084042e-08,7.996260467586426e-08,1.5466727276409513e-05,0.00012080598168249668,3.094119261752113e-06,0.9939799254189737,8.38683231813701e-06,2.270685907702704e-06,1.0575528715160272e-07,1.041553382943278e-06,1.523251805831473e-06,1.3410979128827825e-07,8.955440260130993e-05,1.1510286471163084e-05,3.3751559331901293e-06,0.005450744564394463,2.0883009016310732e-05,3.2038690975342795e-08,8.950314988021838e-06,6.933886622092526e-05,2.3630286723564476e-05,3.986462071796049e-08,0.00018906593265649729,2.5682479073356546e-08,2.744553337081799e-09
58,1.1186295340932202e-08,6.683817486787754e-08,1.2039169744785073e-05,0.0001821477173084906,2.412190752901381e-06,0.9938289062033049,9.122563079804229e-06,1.7641918739055337e-06,1.4476735292343587e-07,1.2105867447564943e-06,1.706353562292671e-06,7.801308705055205e-08,6.890711123931357e-05,1.2402849148681011e-05,4.1721770922389895e-06,0.0055589145939353435,2.1739073239934943e-05,3.0059271490083074e-08,3.9900577096540305e-06,5.1841209998427414e-05,1.8480771550865687e-05,2.8057406192384325e-08,0.00021983752857226217,4.3741812804169204e-08,2.9877408995423166e-09
59,1.1104518178323948e-08,6.431495917640676e-08,1.3575975076292378e-05,0.00019585226496137684,2.4916262838936233e-06,0.9940616230250507,8.840027294744178e-06,1.7462380776784514e-06,1.4550621917284798e-07,1.3102057794250594e-06,1.78856860207768e-06,7.239293202975734e-08,6.363336142206021e-05,1.3005557717178824e-05,4.687923712717614e-06,0.005309749264571361,2.1115328585114098e-05,2.9724912458490628e-08,3.7638229945063106e-06,5.5332637091102026e-05,1.973761753041381e-05,2.9549643866296725e-08,0.00022133892248199166,5.2037828106005694e-08,3.0017543420244147e-09
60,1.0553683042225381e-08,6.744842566177312e-08,1.1047618856815893e-05,0.00017188601049075518,2.494644349366675e-06,0.9938349467826028,9.16627017672346e-06,1.7104380738183167e-06,1.3777573472217427e-07,1.127578222475429e-06,1.569837963119373e-06,7.979621104958813e-08,6.961468810984717e-05,1.2141566931175053e-05,3.718610086503826e-06,0.005569841437918459,2.066115572875903e-05,2.9781054310246663e-08,3.95565479217859e-06,5.036881180644531e-05,1.8311938567847778e-05,2.567158731053611e-08,0.00021704768141937923,3.531252839846867e-08,2.934679135209524e-09
61,1.1062908339206283e-08,6.468907921774496e-08,1.4107825117291985e-05,0.00018493690662005197,2.426856337178211e-06,0.9942840844745288,8.457220275574508e-06,1.7528036040827042e-06,1.304618071809092e-07,1.2256064582324905e-06,1.6710194667351501e-06,7.558489324773831e-08,6.511208367449021e-05,1.238181740337782e-05,4.28540422284722e-06,0.0051208610651932215,2.102521869152591e-05,2.98424850129537e-08,3.891426027303357e-06,5.327970895091297e-05,1.952146293726472e-05,2.8828473508020024e-08,0.00020059033319651156,4.551896167011648e-08,2.77868661237233e-09
62,1.0553683042225381e-08,6.744842566177312e-08,1.1047618856815893e-05,0.00017188601049075518,2.494644349366675e-06,0.9938349467826028,9.16627017672346e-06,1.7104380738183167e-06,1.3777573472217427e-07,1.127578222475429e-06,1.569837963119373e-06,7.979621104958813e-08,6.961468810984717e-05,1.2141566931175053e-05,3.718610086503826e-06,0.005569841437918459,2.066115572875903e-05,2.9781054310246663e-08,3.95565479217859e-06,5.036881180644531e-05,1.8311938567847778e-05,2.567158731053611e-08,0.00021704768141937923,3.531252839846867e-08,2.934679135209524e-09
63,1.0769780213581878e-08,7.17503790104237e-08,1.1031799433303769e-05,0.0001696271525576779,2.516688243103817e-06,0.9939867653745815,9.141248070273942e-06,1.6973294146164481e-06,1.4218080321785393e-07,1.118658081893298e-06,1.5682554648868648e-06,8.132116077641755e-08,7.029563684156897e-05,1.2041497920332058e-05,3.672543959482484e-06,0.005427189590427509,2.085866944278796e-05,2.9646434477366126e-08,3.971558316532128e-06,4.838679895742353e-05,1.807286104362909e-05,2.54234793849476e-08,0.00021164553537912506,3.474187077525596e-08,2.9679562584939287e-09
64,1.0992618780574273e-08,7.101065700281465e-08,1.2097764902894478e-05,0.00017535034041309862,2.6386096182432073e-06,0.9942927577827488,8.997765686295794e-06,1.8066602828439113e-06,1.3095422208528643e-07,1.1797096804018467e-06,1.5873319184019065e-06,7.941314182494366e-08,6.332457295033735e-05,1.1704858105088939e-05,4.06021994422038e-06,0.005104231684054266,1.9583071475702983e-05,2.81439203123817e-08,4.287570982225278e-06,5.135350902299376e-05,2.3780991331612345e-05,2.7536881813508216e-08,0.00022086948130482906,3.704295509668576e-08,2.9811807340259157e-09
65,2.0214188296326488e-08,1.0659845334998817e-07,1.1448849218705434e-05,0.00022659747186058355,4.330476394249471e-06,0.9884832495652989,1.6555989711780256e-05,2.415064525270388e-06,2.390849684954817e-07,1.975274763111619e-06,2.3017457648281563e-06,1.921857545207343e-07,0.00013729468261935226,2.1597942380482606e-05,3.2626669151469493e-06,0.010630697512332837,3.1248039270796104e-05,8.434436105939497e-08,6.307079036276674e-06,8.675903511221568e-05,2.261725873507546e-05,3.847023917577783e-08,0.00031061259741217603,4.1619832145565395e-08,6.230851088733689e-09
66,8.756351526336642e-09,5.79216492990278e-08,8.475622231625668e-06,0.00012662094761226725,1.7444526256325718e-06,0.9949252190567702,9.16387156297775e-06,1.7409543676194495e-06,1.3586773113800294e-07,8.216751664864012e-07,1.1414514171109357e-06,5.643287825590544e-08,5.721419556708122e-05,8.5663250804009e-06,3.7803569784735188e-06,0.004548860408866279,1.82783277325701e-05,2.00785619650885e-08,3.8512189249742566e-06,4.574751568574466e-05,1.350288683137917e-05,2.2600635409199074e-08,0.0002249377910773922,2.8620633651794438e-08,2.6630606064325087e-09
67,3.5092042967617525e-08,1.583978587410815e-07,3.138303885119989e-05,0.0004319836983627562,7.753695910084385e-06,0.9875165861885982,1.3856572993677448e-05,5.618399391882238e-06,3.9824260376520233e-07,2.2090598554125325e-06,2.5409116004006426e-06,1.2734571147920846e-07,0.00016325537971059086,1.3036949209691374e-05,4.265054160370973e-06,0.011490430666352122,3.407722964898946e-05,5.296969072336035e-08,9.220104399267172e-06,5.212814843848088e-05,2.369446291021283e-05,3.253266655774763e-08,0.0001970979478510447,5.4550038194754905e-08,3.3611433068947014e-09
68,8.960003651900652e-09,6.548057128575377e-08,9.391507314807232e-06,0.00015353675823657128,2.41926193249602e-06,0.9944700613814804,8.060008191020743e-06,1.4252695883070898e-06,1.4679083276559868e-07,1.2005621160602162e-06,1.4589622840737756e-06,6.093188055646213e-08,4.634518330009943e-05,1.1359747175673985e-05,4.6348315140050075e-06,0.005006293226723512,1.6830597851112298e-05,2.1110921268577334e-08,3.590368542203383e-06,4.2470845583673385e-05,1.7563586016943614e-05,2.6434223506631756e-08,0.00020298749929477036,3.781767551665494e-08,2.8767458778122875e-09
69,1.1305385296649941e-08,7.168130766152681e-08,1.159757874397543e-05,0.00019174917036566278,2.765462978081399e-06,0.9933891118564722,9.674754003368635e-06,1.8207695285726197e-06,1.5467006765974443e-07,1.2095290342128336e-06,1.6313480595100084e-06,8.186973556317013e-08,7.156007009240384e-05,1.2734854030021961e-05,3.878491808233401e-06,0.005985147095791245,2.1550469547151176e-05,3.180829652818377e-08,3.911022463729937e-06,4.9913527790822665e-05,1.8624445462378312e-05,2.6055657606028984e-08,0.00022270144239292514,3.757816937107772e-08,3.1428160978686485e-09
70,2.2415309349661423e-08,1.4985639072485813e-07,1.775181540647899e-05,0.00013098965446911302,3.3333028083942256e-06,0.9956528815961853,1.1892127264681221e-05,1.962619888941857e-06,1.2478233263317775e-07,1.2922497154238658e-06,2.5881907842772005e-06,1.2885661831926053e-07,7.538471218918264e-05,1.3098035343731132e-05,6.539600204785598e-06,0.003731519934787433,1.9413910246626376e-05,3.766334115855322e-08,1.0058657485561859e-05,4.758318338027529e-05,3.915158735798689e-05,4.5315830026364224e-08,0.0002340051021908826,3.940282012174905e-08,5.427648286355305e-09
