,0,1,2,3,4,5,6,7,8,9,10,11,12,13,14,15,16,17,18,19,20,21,22,23,24
0,1.9012746349854063e-08,2.1791797508957488e-09,7.871967386471699e-07,1.085037973987437e-05,6.197141885423761e-05,0.9588712064681384,3.5352713592939406e-06,2.5419674523148807e-08,2.166034687683578e-06,8.067141881613532e-05,1.0781809106708613e-05,1.644225300620746e-07,6.48824330846719e-11,1.9165378107103512e-05,3.2762149813356307e-07,0.04087502321112014,4.009109513686987e-13,3.4363995191449653e-07,3.2038428671830666e-06,1.0388718436991354e-06,4.015978149225632e-05,2.3541912707849243e-09,1.8132531389786576e-05,1.029190606164909e-10,4.215677643588205e-07
1,1.705610825111211e-08,1.7702674511113363e-09,1.2940351326447668e-06,7.069517212735461e-06,6.845491631676459e-05,0.9427250180473022,3.904706999352085e-06,3.124230918683256e-08,3.653874545986285e-06,8.426281798004421e-05,9.626009353985472e-06,1.8091771801095554e-07,7.271283042673411e-11,1.705867469506382e-05,3.576733860076524e-07,0.05703435779002955,3.585850916603464e-13,2.0835919230860637e-07,4.02304368784882e-06,1.318544510109053e-06,2.861984985275873e-05,2.5723426517046925e-09,1.0247737054756185e-05,9.989049911029223e-11,2.9067104005464946e-07
2,2.2177958139346467e-08,1.960952964180831e-09,8.293659738830382e-07,7.25616112283103e-06,4.9750271899867804e-05,0.9473954120805999,4.218368940575428e-06,2.881525938164019e-08,2.3521766240534597e-06,6.976896480487854e-05,1.0032487480274254e-05,1.8181915895999174e-07,7.340807966086714e-11,1.6405916142733216e-05,4.163089187889541e-07,0.05239243678717749,4.700154607933032e-13,2.883433845171825e-07,3.2015635672987312e-06,1.4194671821414588e-06,2.7942694592413376e-05,3.5466331027015292e-09,1.7717420851485575e-05,1.080332822453603e-10,3.131188629152248e-07
3,1.6415829991021568e-08,1.7779957160525188e-09,9.607244285691888e-07,8.086765145216524e-06,6.41558596318692e-05,0.9604784202991291,3.357959498820739e-06,2.421007885389696e-08,2.468335636914059e-06,6.906905458622352e-05,1.0881831418035001e-05,1.6652469216345532e-07,7.337993242621623e-11,1.630449738355515e-05,2.875650708061353e-07,0.0393007853745934,3.394765503022818e-13,2.808764545676074e-07,2.8242745650267846e-06,1.1411622814416399e-06,2.7842551784310665e-05,2.1690589029965937e-09,1.2647498223340494e-05,9.837505668949346e-11,2.741004186440525e-07
4,1.7521232495842714e-08,2.028244457684338e-09,1.091467254333017e-06,8.38801330952785e-06,7.161049613925438e-05,0.9625738407521048,3.6304732065005056e-06,2.369722547503476e-08,2.506739487549616e-06,7.057695267289003e-05,1.1344481400009147e-05,1.769959387812966e-07,9.555404762876966e-11,1.853785676199132e-05,2.8579899437568493e-07,0.03719490400110677,3.6906233971692637e-13,2.986764569678512e-07,2.762008573233752e-06,1.1753692302030247e-06,2.594465942455519e-05,2.2393985553661348e-09,1.2616446343619202e-05,1.1284493148475904e-10,2.631167253782544e-07
5,1.5155388616305755e-08,1.7850386179240028e-09,8.554716977474022e-07,9.67620732431848e-06,6.412410540658126e-05,0.9641728254538925,3.243563820079118e-06,2.3931365442123724e-08,2.1124834759397708e-06,7.055054092043782e-05,1.1748379972710736e-05,1.5527700540175595e-07,7.276552631662111e-11,1.562332834155336e-05,2.542093041524734e-07,0.03559873910153136,3.3244354296485037e-13,3.3521301757905643e-07,2.515917631436235e-06,1.1563592508365783e-06,3.1322728548368026e-05,1.9225566908110187e-09,1.4441755840811092e-05,1.0312660346754303e-10,2.76932444535067e-07
6,1.6415829991021568e-08,1.7779957160525188e-09,9.607244285691888e-07,8.086765145216524e-06,6.41558596318692e-05,0.9604784202991291,3.357959498820739e-06,2.421007885389696e-08,2.468335636914059e-06,6.906905458622352e-05,1.0881831418035001e-05,1.6652469216345532e-07,7.337993242621623e-11,1.630449738355515e-05,2.875650708061353e-07,0.0393007853745934,3.394765503022818e-13,2.808764545676074e-07,2.8242745650267846e-06,1.1411622814416399e-06,2.7842551784310665e-05,2.1690589029965937e-09,1.2647498223340494e-05,9.837505668949346e-11,2.741004186440525e-07
7,2.2144028178634896e-08,3.2804079030576855e-09,2.157070167536624e-06,1.1342128693338503e-05,8.685991136032224e-05,0.9719071616362684,5.4112600631491666e-06,3.112593323317032e-08,4.8780070139031e-06,6.643215595867317e-05,2.0771704041595105e-05,2.0854256916317e-07,2.4536136647962046e-10,2.0737888537057348e-05,3.261318446019945e-07,0.027836430579797476,4.783776146079224e-13,4.00317239709382e-07,2.610339896813203e-06,2.157289662859531e-06,2.040940858127952e-05,2.255072496511863e-09,1.1370742775199077e-05,2.1215214220754832e-10,2.756220951245998e-07
8,2.8316106854471112e-08,2.835422607325086e-09,1.9796704903147983e-06,1.817093094538586e-05,8.474047821419735e-05,0.9238682259893097,6.810499176567306e-06,4.8255123206103776e-08,3.6615082703650764e-06,0.00012440276337713667,1.1566764281135625e-05,1.9056039685365406e-07,1.0992687155938655e-10,2.44685182396883e-05,4.6196758126921996e-07,0.07577702850667142,5.591003452266867e-13,3.1016815134662673e-07,3.941945103817112e-06,2.0249790205369624e-06,4.813872360043555e-05,2.262279107275632e-09,2.3112562086531418e-05,2.3140962496192357e-10,6.814542560155077e-07
9,2.921849857118727e-08,4.049008021824654e-09,3.828217216810794e-06,2.2715826320061938e-05,0.0001165733577914721,0.9430990533587724,8.37131591087441e-06,4.993321233610032e-08,6.30608011592009e-06,0.00012118418190625998,1.6092562286095168e-05,2.1144397160252834e-07,2.2045671515739079e-10,3.159098231767404e-05,4.354270740964439e-07,0.05651102014172857,5.105453090698788e-13,3.385444592634617e-07,3.862015917284815e-06,2.757358871232051e-06,3.825882871004215e-05,1.8797104674120093e-09,1.661145493141288e-05,3.2011975441077663e-10,7.032801824056578e-07
10,1.6415829991021568e-08,1.7779957160525188e-09,9.607244285691888e-07,8.086765145216524e-06,6.41558596318692e-05,0.9604784202991291,3.357959498820739e-06,2.421007885389696e-08,2.468335636914059e-06,6.906905458622352e-05,1.0881831418035001e-05,1.6652469216345532e-07,7.337993242621623e-11,1.630449738355515e-05,2.875650708061353e-07,0.0393007853745934,3.394765503022818e-13,2.808764545676074e-07,2.8242745650267846e-06,1.1411622814416399e-06,2.7842551784310665e-05,2.1690589029965937e-09,1.2647498223340494e-05,9.837505668949346e-11,2.741004186440525e-07
11,1.7965677778539898e-08,1.9630473103311357e-09,1.057876577217883e-06,8.469479737846823e-06,6.666341547679161e-05,0.9611673674869189,3.6460165850307586e-06,2.5276216335921084e-08,2.5901455733109242e-06,6.966451148356121e-05,1.1806352536599302e-05,1.7920330579840506e-07,8.763500590128573e-11,1.7229442538219015e-05,2.9692091223148925e-07,0.03860565138554308,3.77648184969299e-13,3.063423185223309e-07,2.8214207604792908e-06,1.2406929972592566e-06,2.754305583490452e-05,2.2836050925674698e-09,1.313851292482543e-05,1.1241064362091817e-10,2.8004900595059327e-07
12,1.5756679878302506e-08,1.6271836259268568e-09,7.203334286263236e-07,7.238927558605558e-06,5.798072739356361e-05,0.9637964745447083,2.9067817515143767e-06,1.91448085911783e-08,1.6289224156724763e-06,6.276124538800534e-05,9.829099167982566e-06,1.6252283547391876e-07,6.706372440471875e-11,1.5642586812789872e-05,2.3618025604548272e-07,0.0359999129043546,3.2329947144859313e-13,3.180178756284184e-07,2.2721755234818235e-06,9.692527781576896e-07,2.650427635778019e-05,2.1492353457734124e-09,1.4174655575835365e-05,8.773724142737825e-11,2.2801278616174177e-07
13,2.543577703521006e-08,1.647734862488453e-09,1.5521516946460598e-06,9.236071829128507e-06,9.350877968601269e-05,0.9655132347350078,3.3287478647027087e-06,3.83697773440166e-08,4.15976148119339e-06,5.191445629559097e-05,1.936375500035257e-05,4.2749472464938115e-07,1.0114686268910903e-10,2.3563772289432272e-05,3.851839400646706e-07,0.03422817861933074,5.894308122408465e-13,3.020331572806239e-07,5.10639991644168e-06,1.2992061627657755e-06,3.323086851233334e-05,3.056963233693494e-09,1.0798848387878152e-05,9.014956114284612e-11,3.4041258062729476e-07
14,5.97738209444803e-08,1.1448858930653997e-09,1.8108411395843072e-06,1.001737281330564e-05,5.2152209050232154e-05,0.9154880222053055,6.847096481481577e-06,4.4633811572405705e-08,2.9525632591711105e-06,4.030767478013051e-05,1.6235319053566288e-05,5.888513181517282e-07,5.908899142071643e-11,2.7172171479346056e-05,6.215118056549747e-07,0.0842731626612906,7.202077556252893e-13,2.9580263496367263e-07,5.228183915919318e-06,1.7257601178171699e-06,4.44346504930177e-05,3.2031955082382537e-09,2.7577257468141805e-05,1.1189096617582398e-10,7.389401793916867e-07
15,1.6415829991021568e-08,1.7779957160525188e-09,9.607244285691888e-07,8.086765145216524e-06,6.41558596318692e-05,0.9604784202991291,3.357959498820739e-06,2.421007885389696e-08,2.468335636914059e-06,6.906905458622352e-05,1.0881831418035001e-05,1.6652469216345532e-07,7.337993242621623e-11,1.630449738355515e-05,2.875650708061353e-07,0.0393007853745934,3.394765503022818e-13,2.808764545676074e-07,2.8242745650267846e-06,1.1411622814416399e-06,2.7842551784310665e-05,2.1690589029965937e-09,1.2647498223340494e-05,9.837505668949346e-11,2.741004186440525e-07
16,1.5542795822477664e-08,1.6593981910333402e-09,6.184710505351033e-07,9.393837120160139e-06,5.581927560467463e-05,0.951462857418072,3.053439391816018e-06,2.467164173057453e-08,1.557193974143079e-06,8.82919670346385e-05,9.685418349812928e-06,1.7072345235340754e-07,5.733832318362745e-11,1.5887163264103224e-05,2.41540794348492e-07,0.04828749826398047,3.643243223476129e-13,3.56942309641478e-07,2.8516274976244467e-06,1.0510163349630948e-06,4.3979740475759255e-05,2.2461137191737812e-09,1.6366886356722e-05,8.55908694365283e-11,2.748116931502407e-07
17,2.204455555330984e-08,2.20916707418888e-09,1.1069971888645713e-06,1.2805374187250479e-05,7.006160057468856e-05,0.9612522047681542,4.22385221856033e-06,2.693968247114609e-08,2.1712760411382384e-06,7.080115116401429e-05,1.3974988493433202e-05,2.1247816920411496e-07,9.756936064552796e-11,2.2666812154392697e-05,2.722791575546065e-07,0.03848859793899925,4.163508330219634e-13,4.1975657411775913e-07,2.869696771414473e-06,1.3608826478920136e-06,3.676230209470077e-05,2.0735505032587507e-09,1.9050251667986403e-05,1.262808961753505e-10,3.84102519288906e-07
18,2.8554712634428952e-08,2.5785010977964898e-09,1.0280245372740276e-06,9.691456960655177e-06,5.673233428150924e-05,0.9465872634007622,4.480997416225909e-06,3.025333408746337e-08,2.3246501726208295e-06,9.246260046400106e-05,1.1343045946203576e-05,2.63304057413956e-07,8.999056474536572e-11,1.9595329713438353e-05,3.9098833858097904e-07,0.053140830035937364,6.531743720980569e-13,4.7605081962416295e-07,3.274497401314343e-06,1.3890046430610467e-06,4.686194126463812e-05,3.5875146012497053e-09,2.1022312529801144e-05,1.5562266892671556e-10,5.048044255856459e-07
19,1.5936825453397556e-08,2.036781591504253e-09,1.7880647921462414e-06,9.815347563322708e-06,0.00010295173923120629,0.9666796770274876,3.391377127611261e-06,2.801815186857409e-08,3.9331568685857365e-06,7.435073882708838e-05,1.2941883915396616e-05,2.0895331483072397e-07,1.204789721144149e-10,1.992016926775271e-05,2.903410176772227e-07,0.03305155221961442,3.6503708708816514e-13,2.57140605748682e-07,3.0731392821214186e-06,1.3086036239602054e-06,2.521478450000313e-05,1.9678728128997938e-09,8.993641771782908e-06,1.2366635438983924e-10,2.834670466834864e-07
20,1.8279361867628322e-08,2.156207100700291e-09,1.0458408293615363e-06,9.355525289824741e-06,7.506104291483601e-05,0.9555872648896774,3.456605269352097e-06,3.9300884221887115e-08,3.3704984970432157e-06,8.997831910754795e-05,1.1862184043584906e-05,1.9320639492116574e-07,8.226614295715403e-11,1.5948266423907526e-05,4.164566000807991e-07,0.044146326480222,5.419656849849756e-13,3.0504354554979747e-07,3.902468736346391e-06,1.420864257094602e-06,3.582989416180424e-05,3.4713912597838707e-09,1.3854178271845489e-05,1.2544379960329233e-10,3.448196613192464e-07
21,2.0595902570346856e-08,1.5602666328347245e-09,1.02271023823508e-06,7.913329494493508e-06,5.683660557818669e-05,0.9424174958239695,4.181105098686063e-06,2.103300857756942e-08,1.5468326054112425e-06,6.990119516460567e-05,9.842757560120092e-06,2.3218292965944606e-07,9.033247747459561e-11,1.8721406420367808e-05,2.2495795947997813e-07,0.05736325873872272,3.535812198450848e-13,3.2029929632803375e-07,2.320580088888133e-06,1.3705986857996322e-06,2.8873626613713407e-05,2.0282219468857147e-09,1.5663021814707283e-05,1.0675969303640649e-10,2.288129136238959e-07
22,1.825972604210012e-08,1.427250788829356e-09,8.431497689103376e-07,8.149765097147683e-06,5.608437003415175e-05,0.9571368828467,3.348532990664898e-06,2.4469039865472866e-08,1.844698048924907e-06,6.105055036384657e-05,1.2030060332028163e-05,2.0139351892678833e-07,6.533940099875791e-11,1.5383808530354696e-05,2.559577335507527e-07,0.042651444574704864,3.91364269416843e-13,3.339876797375282e-07,2.633892865115348e-06,1.1664663803151776e-06,3.2767263369246516e-05,2.039699121744732e-09,1.528252299092513e-05,9.297009020624053e-11,2.498044749249578e-07
23,1.6415829991021568e-08,1.7779957160525188e-09,9.607244285691888e-07,8.086765145216524e-06,6.41558596318692e-05,0.9604784202991291,3.357959498820739e-06,2.421007885389696e-08,2.468335636914059e-06,6.906905458622352e-05,1.0881831418035001e-05,1.6652469216345532e-07,7.337993242621623e-11,1.630449738355515e-05,2.875650708061353e-07,0.0393007853745934,3.394765503022818e-13,2.808764545676074e-07,2.8242745650267846e-06,1.1411622814416399e-06,2.7842551784310665e-05,2.1690589029965937e-09,1.2647498223340494e-05,9.837505668949346e-11,2.741004186440525e-07
24,1.3800131677309925e-08,2.0370845040720802e-09,9.47917717324727e-07,1.1523620251391165e-05,7.924812655785352e-05,0.9668572085270044,3.1595559036553066e-06,2.365703289237012e-08,2.197002873447136e-06,7.455286622279983e-05,1.166048346243036e-05,1.5905840003239625e-07,9.042957361449853e-11,2.0584604572528096e-05,2.2060095555568678e-07,0.032890486582871914,2.955027638144212e-13,3.2105468776902374e-07,2.845776102987413e-06,1.2063638421775232e-06,3.030484761054799e-05,1.8370729122839975e-09,1.3066472937244588e-05,9.15041916902139e-11,2.650244747909981e-07
25,2.2874451442759062e-08,2.068587057984342e-09,1.7159371394388578e-06,1.760894262584134e-05,9.058213793156768e-05,0.9529262749862766,5.575147644216644e-06,5.523699055893561e-08,3.6615174135716714e-06,7.532062440319343e-05,2.252322490921523e-05,2.8985171616415837e-07,1.3823659117603937e-10,2.2996069259813208e-05,3.198345989463068e-07,0.046765422257258604,5.406737396060446e-13,4.1534051566316785e-07,4.430759109853208e-06,2.5466781408924157e-06,4.212502085084481e-05,2.3073654910263657e-09,1.7752068530803613e-05,1.562165078197424e-10,3.568192865955302e-07
26,2.5839051781605234e-08,2.585774745569481e-09,1.6733557609773447e-06,1.0179581618976414e-05,6.838121184775808e-05,0.959492399545799,4.9853041287497615e-06,3.130573830060852e-08,3.436376036885751e-06,7.661861878011045e-05,1.5239552376849592e-05,1.938242258743193e-07,1.292318691062393e-10,1.5353736389743454e-05,3.641531216535799e-07,0.0402606389961887,5.576712284448848e-13,4.2018104453678524e-07,2.3389902526975763e-06,1.6843069123879512e-06,2.9678573198011424e-05,2.195292604770816e-09,1.5974275127899148e-05,2.372191113595707e-10,3.7712432297014234e-07
27,1.845755295931639e-08,2.008234916004642e-09,9.859597051353178e-07,6.893438893346229e-06,5.3675514063300225e-05,0.9562023078767726,3.6829328428608534e-06,2.9438072401318197e-08,3.4656030894658516e-06,7.278442606022483e-05,1.0268960804255024e-05,1.503748938880776e-07,6.657982691457776e-11,1.3782327024433186e-05,4.217771696734597e-07,0.043587783933800396,3.8843282109480445e-13,2.52648226230487e-07,3.1340314400269688e-06,1.3215082140697471e-06,2.63416234921171e-05,2.999373189673067e-09,1.2356078437339587e-05,1.0979779218571441e-10,3.3790507084100154e-07
28,1.6415829991021568e-08,1.7779957160525188e-09,9.607244285691888e-07,8.086765145216524e-06,6.41558596318692e-05,0.9604784202991291,3.357959498820739e-06,2.421007885389696e-08,2.468335636914059e-06,6.906905458622352e-05,1.0881831418035001e-05,1.6652469216345532e-07,7.337993242621623e-11,1.630449738355515e-05,2.875650708061353e-07,0.0393007853745934,3.394765503022818e-13,2.808764545676074e-07,2.8242745650267846e-06,1.1411622814416399e-06,2.7842551784310665e-05,2.1690589029965937e-09,1.2647498223340494e-05,9.837505668949346e-11,2.741004186440525e-07
29,1.6415829991021568e-08,1.7779957160525188e-09,9.607244285691888e-07,8.086765145216524e-06,6.41558596318692e-05,0.9604784202991291,3.357959498820739e-06,2.421007885389696e-08,2.468335636914059e-06,6.906905458622352e-05,1.0881831418035001e-05,1.6652469216345532e-07,7.337993242621623e-11,1.630449738355515e-05,2.875650708061353e-07,0.0393007853745934,3.394765503022818e-13,2.808764545676074e-07,2.8242745650267846e-06,1.1411622814416399e-06,2.7842551784310665e-05,2.1690589029965937e-09,1.2647498223340494e-05,9.837505668949346e-11,2.741004186440525e-07
30,1.6415829991021568e-08,1.7779957160525188e-09,9.607244285691888e-07,8.086765145216524e-06,6.41558596318692e-05,0.9604784202991291,3.357959498820739e-06,2.421007885389696e-08,2.468335636914059e-06,6.906905458622352e-05,1.0881831418035001e-05,1.6652469216345532e-07,7.337993242621623e-11,1.630449738355515e-05,2.875650708061353e-07,0.0393007853745934,3.394765503022818e-13,2.808764545676074e-07,2.8242745650267846e-06,1.1411622814416399e-06,2.7842551784310665e-05,2.1690589029965937e-09,1.2647498223340494e-05,9.837505668949346e-11,2.741004186440525e-07
31,2.187083651875492e-08,2.686515649712983e-09,1.9189706475444903e-06,1.4067495665675585e-05,0.00010176664118293853,0.9525275806347414,4.5195447230878e-06,3.6777176538578715e-08,3.3898599761238955e-06,9.415457943170294e-05,1.286408665742463e-05,2.2986914542092424e-07,1.3812108586296135e-10,2.521643477013347e-05,2.915755589752155e-07,0.047158428629284634,4.3755844756151625e-13,3.530410181026625e-07,3.5549114936473235e-06,1.8452746143529488e-06,3.487458237565329e-05,2.249545022452562e-09,1.4477623808948702e-05,1.6851700416215393e-10,4.0235375494530435e-07
32,1.694200049569603e-08,1.8239256970837669e-09,9.712008906113405e-07,7.875790234497202e-06,6.56993646038865e-05,0.9588252361574039,3.3521106490874193e-06,2.565539789769967e-08,2.6161738527106446e-06,7.123373320938534e-05,1.0688381489035838e-05,1.7574880947995334e-07,7.361976826402814e-11,1.6896666429055927e-05,3.101605974939377e-07,0.04094891989285831,3.6606847583510987e-13,2.744956619320377e-07,3.139097437497365e-06,1.142052805562636e-06,2.8624533570835534e-05,2.4292153800488435e-09,1.2514905846224981e-05,9.675931028565511e-11,2.825123658606488e-07
33,1.659363957451112e-08,1.832325868496423e-09,9.02260687929179e-07,7.822604613622656e-06,6.400549178658064e-05,0.9610335300499965,3.286807611986222e-06,2.344500772606072e-08,2.2285177821797983e-06,6.788860852053353e-05,1.0637368921546005e-05,1.7175352447977797e-07,7.894344729844529e-11,1.687467286615573e-05,2.7507764916620146e-07,0.03874826715018293,3.503822931017598e-13,2.944679416030629e-07,2.7662590744587214e-06,1.1633263435155401e-06,2.6525162797336783e-05,2.3582927679111777e-09,1.306580293049642e-05,9.649750292975606e-11,2.502117117678007e-07
34,9.660252647261184e-09,1.190693029319628e-09,4.425340843903419e-07,1.206099050581748e-05,5.954397758042723e-05,0.959336223231765,2.595890270597355e-06,1.9327882378485805e-08,6.59559907593134e-07,7.265753259469956e-05,9.623697586233789e-06,1.3709678214367738e-07,5.953980214593464e-11,1.3852360687926687e-05,1.2593671888828894e-07,0.040430174568386525,2.733366197787959e-13,4.006309070970983e-07,1.564731597663585e-06,1.2559102547546196e-06,3.373178886854311e-05,1.599771781478447e-09,2.4764131101406446e-05,7.850551636981494e-11,1.5351348163801156e-07
35,1.4200637926962362e-08,1.3750416452416317e-09,8.171485947181696e-07,6.730150495670887e-06,5.994821949198733e-05,0.9603568331157785,3.1298227844317206e-06,1.8452557304172275e-08,1.7607020140855307e-06,5.7696462000720346e-05,9.460541892678053e-06,1.510199602437032e-07,6.867230891224795e-11,1.5357115476795907e-05,2.3951600511869073e-07,0.039450875122465014,2.7493096488411574e-13,2.296963478091295e-07,2.2240401554038457e-06,1.0203443898858876e-06,2.0722958402772454e-05,1.8738269151173723e-09,1.2581622272523623e-05,8.037069592920355e-11,1.8635009008592906e-07
36,3.7977879773201064e-08,3.1223948056340325e-09,3.6818248569800807e-06,1.320472077452131e-05,0.00017796684032005738,0.9138299433642344,5.0816637510133995e-06,6.886280142571682e-08,7.683593909957198e-06,0.00012790140059620907,1.2555627925326938e-05,5.788209904320835e-07,1.786527083606295e-10,3.857254607671477e-05,7.191485634687901e-07,0.0857056374261075,1.1338629036596125e-12,2.256783974642131e-07,1.1042987255221032e-05,1.7538454549757519e-06,4.943475304842725e-05,4.4386854496696215e-09,1.3099094134126764e-05,1.9390113074294973e-10,8.018881540373831e-07
37,3.376068004494425e-08,1.9386028636250667e-09,1.3970732445539717e-06,9.05439078576144e-06,6.998862661000097e-05,0.9533458315771401,4.263325657705869e-06,2.392136692410867e-08,1.933446326048593e-06,5.1943578031321423e-05,1.2718411114191551e-05,3.2935283811310737e-07,1.0465325257682293e-10,2.7523486571761205e-05,2.62474975648576e-07,0.046423306100169696,4.4259370148144574e-13,3.937699328182489e-07,2.9798558552821646e-06,1.3394435257750117e-06,2.9936431906454272e-05,2.3031316074780095e-09,1.640325755040653e-05,1.161425857316224e-10,3.33252744631643e-07
38,1.7073044287758716e-08,6.164124560938956e-09,4.7060807007357045e-06,5.157317729724893e-05,0.000311481441972097,0.9711074959220805,3.944695142741377e-06,1.0639526621754657e-07,1.2612765253685341e-05,0.00018164195042725474,2.3509301322453888e-05,3.319524006999767e-07,2.737822297878104e-10,4.430306965072957e-05,4.238501842750431e-07,0.028158187352406844,7.596630277666654e-13,4.7176739471596685e-07,7.50587717034159e-06,2.9604033867541954e-06,7.479526531151823e-05,2.7292651067600505e-09,1.2801410099240382e-05,2.743914381630235e-10,1.1208071646156977e-06
39,1.4174454264152028e-08,8.851174958918238e-08,8.652039315718615e-07,4.764781683018404e-06,6.435893736905413e-05,0.997874243229452,4.566268190269133e-06,1.8855497513098056e-09,9.352562897614516e-06,6.976938786282452e-05,8.40110196988092e-06,1.3710683671391255e-08,1.4824830540685654e-09,4.1228461704672154e-05,8.431037715158669e-07,0.0019105098951883968,1.9357014406270197e-13,4.0353242953293236e-07,6.128240517995688e-07,3.7959349405699774e-07,1.6952816149897892e-06,5.024222005102032e-09,7.4788033258024176e-06,3.8381957018160075e-10,4.0185790770581324e-07
40,1.669053070882814e-08,1.7794347253978366e-09,9.578614415408822e-07,7.989256652496487e-06,6.421844361639033e-05,0.9606143248668133,3.3393744945266133e-06,2.4068791056316916e-08,2.455164896300685e-06,6.820164682826503e-05,1.0841484598937157e-05,1.6943035607562532e-07,7.334357690432574e-11,1.655295452211806e-05,2.891943072666844e-07,0.03916572812929497,3.427118569189006e-13,2.8061517243894273e-07,2.852461594602817e-06,1.1270844076452505e-06,2.770365922499536e-05,2.2035132880131746e-09,1.2648719132451655e-05,9.71479803802312e-11,2.747395415089462e-07
41,5.860843223898573e-08,1.3880242377363156e-09,7.812874895164981e-08,1.3212556981901332e-05,1.3056973749704508e-05,0.9605976236991227,5.827217375157205e-06,1.5808843379968914e-08,4.903781328203551e-08,2.4785324367759246e-05,4.538219393634675e-05,1.5258012502218247e-06,1.2317728979837155e-10,2.0746811802435734e-05,6.7930032572731e-08,0.03889915831651797,1.842496085866992e-12,1.142968716693006e-05,1.14485554241732e-06,2.959329381576766e-06,9.745310970248251e-05,9.321434585588562e-09,0.00026528775963639937,9.398910552460424e-11,1.2592112797087328e-07
42,1.971307262576884e-08,1.3455282402009534e-09,8.344112178098059e-07,7.725430751515884e-06,5.331203298905547e-05,0.91456545754383,3.69457425378582e-06,4.939493899523363e-08,2.7354059747500853e-06,8.511044115025133e-05,9.536341587508726e-06,2.251724137582946e-07,4.9275981155534586e-11,1.3977112538495679e-05,4.4304621115039415e-07,0.08519270084967978,5.393439674105814e-13,2.2018092995864427e-07,5.1025334210356074e-06,1.7817693062656648e-06,3.9713766376876955e-05,4.190910759631781e-09,1.7045282563070764e-05,8.380314514807068e-11,3.0932673574321095e-07
43,7.551273177624978e-09,1.1205862776562823e-09,3.0579810703666955e-07,4.9922135332140165e-06,4.8444009762408356e-05,0.9531283803452876,1.6731385177948733e-06,2.2698711403953438e-08,1.372372815243353e-06,0.000103379016431582,5.766282415419942e-06,7.754297925442122e-08,2.450069846693136e-11,7.0865076959010935e-06,2.549922418937424e-07,0.04664920563569767,2.815590423665889e-13,2.0307380719518836e-07,2.4770247494696726e-06,6.413120250945038e-07,3.4228319404871426e-05,2.5266523325986317e-09,1.1318526637689586e-05,6.002698066270299e-11,1.599058580798992e-07
44,1.6415829991021568e-08,1.7779957160525188e-09,9.607244285691888e-07,8.086765145216524e-06,6.41558596318692e-05,0.9604784202991291,3.357959498820739e-06,2.421007885389696e-08,2.468335636914059e-06,6.906905458622352e-05,1.0881831418035001e-05,1.6652469216345532e-07,7.337993242621623e-11,1.630449738355515e-05,2.875650708061353e-07,0.0393007853745934,3.394765503022818e-13,2.808764545676074e-07,2.8242745650267846e-06,1.1411622814416399e-06,2.7842551784310665e-05,2.1690589029965937e-09,1.2647498223340494e-05,9.837505668949346e-11,2.741004186440525e-07
45,1.768887394393378e-08,1.7649682284600378e-09,1.3131918554911222e-06,7.773234913822749e-06,7.166329780674028e-05,0.9556872641410955,4.09998964448852e-06,2.9461280045239422e-08,3.287871493686021e-06,6.910360757460228e-05,1.1969634263938893e-05,1.7759079460511363e-07,9.108066603835648e-11,1.6387373597473464e-05,3.408556188221741e-07,0.044086335345036774,3.688765138499727e-13,2.406350831551517e-07,3.1164661348388603e-06,1.3793190925655763e-06,2.3871799397437808e-05,2.27996644149562e-09,1.1370017933046088e-05,1.1963432185893472e-10,2.5422249044427115e-07
46,3.18035719342069e-08,2.7103047834772632e-09,1.404029805891693e-06,1.4276169922217881e-05,8.246897054566865e-05,0.9500259136058278,4.542571864864423e-06,5.378048837460528e-08,3.2021070983188096e-06,9.003453504539801e-05,1.8626689350792992e-05,3.5134963921109204e-07,1.3707370699615542e-10,1.863203055886556e-05,4.6085733735544556e-07,0.04965742248498704,1.1887687401625707e-12,5.394634114934557e-07,4.1277049943995925e-06,2.1727019531572514e-06,5.1818437454944215e-05,4.209036392860743e-09,2.3449765876212014e-05,2.1572933591839144e-10,4.6366693310883687e-07
47,3.113041612621879e-08,1.4672785276671106e-09,6.275626760239453e-07,4.145856468390441e-06,3.310315537902023e-05,0.9358705520951602,3.3587123323894585e-06,2.0379940679496162e-08,1.2916662691639195e-06,5.3223414074675964e-05,8.166588034945228e-06,3.2393508957647797e-07,6.39581250951388e-11,1.4038766786728261e-05,3.173482078168422e-07,0.06396156358550312,5.41034810274258e-13,3.697453285977416e-07,2.405354438358796e-06,1.3335265356889303e-06,2.6758719575502987e-05,4.594820225420234e-09,1.8121160669969006e-05,8.524590035778426e-11,2.4108526917488355e-07
48,2.8823532868858436e-08,3.870706688643816e-09,9.846598181461928e-07,1.2130488480479015e-05,9.416869044405775e-05,0.9270304749687522,5.0247093159757484e-06,5.3060287967298856e-08,2.9774335917493608e-06,0.00013111248375565998,1.1516106490720707e-05,2.4199376516103384e-07,1.4527201763135537e-10,2.5269179144483246e-05,6.279970937007766e-07,0.07260312858563692,1.140449814507529e-12,3.675801976131981e-07,6.965163349199887e-06,1.6553003895035968e-06,4.5517852719452386e-05,5.73806763005348e-09,2.7277353386541228e-05,1.9167475161186442e-10,4.6762298602353304e-07
49,1.5400390871698303e-08,1.3360517543733195e-09,8.492648317578888e-07,6.335881782497183e-06,5.746793477964197e-05,0.9650239511477253,2.749191059332268e-06,2.01386589021051e-08,1.9163063974086248e-06,5.17540016154217e-05,1.0796139942537664e-05,2.0865195001784813e-07,7.161482809186799e-11,1.498217593756192e-05,2.2924367802542503e-07,0.03479081758538044,3.123728358514452e-13,2.849656500784397e-07,2.3369959204585047e-06,1.1468720251121847e-06,2.2607501546158597e-05,2.275121837612632e-09,1.1331564081118414e-05,7.384542265164714e-11,1.9527970099618887e-07
50,1.5423760520370852e-08,2.480713670839874e-09,1.1216109200886276e-06,7.955064916175387e-06,7.459811416973922e-05,0.9240563206971241,4.871088477767211e-06,3.288949373281162e-08,3.1705627267217977e-06,0.00013292461523962794,6.894029834691661e-06,1.2785244635210612e-07,7.947781617698814e-11,2.2306221384918254e-05,3.6650432479604894e-07,0.07564050998830696,3.149162506035403e-13,1.8557599080336e-07,4.757688291141474e-06,1.299119986328417e-06,3.0190583486677713e-05,3.008179232212195e-09,1.2031538067319243e-05,1.093795998715714e-10,3.151529864547476e-07
51,1.4090602837519693e-08,1.9731813958692276e-09,8.194659774095464e-07,1.6105947057430724e-05,8.370889991885979e-05,0.9729223591421462,3.344923092599305e-06,2.5826991061633758e-08,1.9014645881756363e-06,7.098288167844932e-05,1.601966199385763e-05,1.68044233257228e-07,9.120356442119173e-11,2.386857180290401e-05,2.016310882467974e-07,0.026800488687867753,2.991193611150353e-13,4.2469827833313873e-07,2.8873852505349116e-06,1.1023656681126312e-06,3.937975749405128e-05,1.5815144217095781e-09,1.591043567152889e-05,8.993357445903057e-11,2.823824662539724e-07
52,2.150801823042735e-08,2.4898923060178704e-09,2.01546419239324e-06,1.540674392345906e-05,0.0001451481436555291,0.9334922255031923,4.015935147461303e-06,5.7250007197223316e-08,5.577329817254394e-06,0.00012272457424239444,1.2005604564851358e-05,2.717733184455449e-07,9.831278846197445e-11,2.8324123129301177e-05,5.143912875975201e-07,0.06609715306295465,6.125273666156284e-13,2.090567543532297e-07,8.367743724794562e-06,1.410652664806002e-06,5.0456752188317735e-05,2.7748275054137805e-09,1.3467208932752843e-05,1.3369762256437316e-10,6.216809410843622e-07
53,2.3126552700235357e-08,1.875421359703934e-09,9.133855111086059e-07,6.733433160356978e-06,2.9761128630816554e-05,0.9433631290095533,7.553444560490635e-06,2.455795507451168e-08,2.458120055507325e-06,5.838016605664779e-05,1.3418062979261743e-05,1.235742340181426e-07,8.354457870324468e-11,1.1793023999753899e-05,4.042997226274834e-07,0.05645792410630284,3.6665735452313245e-13,3.2732994461719957e-07,1.964113058933371e-06,1.9550002729724926e-06,2.1099564224318596e-05,2.350249451334118e-09,2.174349211551773e-05,1.6152563469837935e-10,2.6659000110931417e-07
54,2.7415712167557086e-08,2.4888520112555227e-09,1.2034757519184177e-06,6.4463890998533105e-06,4.5546892864056894e-05,0.9242887074934775,5.778683090089917e-06,2.0717059627003727e-08,2.656679397885358e-06,8.84846843701413e-05,6.841498759829419e-06,1.911964740723555e-07,8.086439992448355e-11,2.3339872969013217e-05,4.2763274093449313e-07,0.07548249322871747,3.532283806678902e-13,2.317294231100037e-07,3.1972017943523166e-06,1.3021356109300788e-06,2.7315876661391648e-05,3.1353394905175674e-09,1.5323988322584825e-05,1.1457354885411332e-10,4.5738772029590935e-07
55,2.5544266599114727e-08,2.50741455153531e-09,2.013950964009209e-06,9.797553894202397e-06,6.889988194464108e-05,0.9683878383375328,4.530127466399802e-06,2.5872209335230076e-08,4.638683911102848e-06,5.6464721603389116e-05,1.7644894751263785e-05,2.975121246115202e-07,1.4605848818850946e-10,2.0913941968420458e-05,3.242380783183763e-07,0.03138420214774488,3.929622107043557e-13,3.884105711781314e-07,2.872299890095097e-06,1.7721749320464626e-06,2.682985841101271e-05,2.084885128247416e-09,1.0097662370614615e-05,1.408004167421204e-10,4.173058137116385e-07
56,1.8219388182516073e-08,2.011441059156004e-09,1.088873480229531e-06,8.65835438376102e-06,6.843337685305382e-05,0.9610392299913219,3.7070104007952516e-06,2.596022313496406e-08,2.6615301256066164e-06,7.019683200234331e-05,1.2050510830764438e-05,1.8256043781551428e-07,9.151470973181473e-11,1.7577360718377265e-05,3.021279332326715e-07,0.03873021699434117,3.892014783961547e-13,3.0914742626344087e-07,2.9010134025445494e-06,1.2726746263439182e-06,2.7727367483174798e-05,2.3108492267618293e-09,1.3154300074947795e-05,1.1529817965623067e-10,2.81265054120118e-07
57,1.9307910732010334e-08,1.8731641959465895e-09,1.891238852817792e-06,8.485677593914577e-06,0.00011209131206605314,0.9398043179179383,3.098573592951534e-06,4.239625193965486e-08,4.242459275011092e-06,0.00010004490757304534,1.0348485908454093e-05,3.75458282749025e-07,1.0941611031121339e-10,2.1661365770488816e-05,3.496018574897696e-07,0.05987918750518311,5.911540834247235e-13,2.3608681892986834e-07,5.5820982684100024e-06,1.5600750757990951e-06,3.716550576168018e-05,3.4986645621519617e-09,8.96828371146421e-06,1.0628009302931038e-10,3.2615419050843025e-07
58,1.7983409129289902e-08,1.933366574405461e-09,1.0573931588109449e-06,8.5224880058492e-06,6.693382655639905e-05,0.9597486366959427,3.6576190120190674e-06,2.6154720621996534e-08,2.567822898211839e-06,7.262984930397995e-05,1.1747033118270978e-05,1.7373217090777902e-07,8.38836391257122e-11,1.629010758518355e-05,3.052780377697429e-07,0.04002024043809407,3.988351164569125e-13,3.1003023095128694e-07,2.7810666113805664e-06,1.2205257106845764e-06,2.877861116984555e-05,2.2741901731671796e-09,1.3812688933611713e-05,1.2088121044080428e-10,2.862426092365545e-07
59,1.9275806680926803e-08,1.931065856029364e-09,1.2599280500285932e-06,8.727175490342879e-06,6.893088434145746e-05,0.9564936223635315,3.9373485584205795e-06,2.7995268070312406e-08,2.782496646279496e-06,7.407081950369578e-05,1.1910591211199745e-05,1.8657234265671024e-07,9.04437918126094e-11,1.632959317725347e-05,3.12440403328957e-07,0.04327075630028611,4.071480553663639e-13,3.119213896865457e-07,2.7294448216413153e-06,1.3684355756284687e-06,2.8811872119060297e-05,2.2271220774843384e-09,1.3599490090518862e-05,1.3672614766723393e-10,3.006656212795813e-07
60,1.6415829991021568e-08,1.7779957160525188e-09,9.607244285691888e-07,8.086765145216524e-06,6.41558596318692e-05,0.9604784202991291,3.357959498820739e-06,2.421007885389696e-08,2.468335636914059e-06,6.906905458622352e-05,1.0881831418035001e-05,1.6652469216345532e-07,7.337993242621623e-11,1.630449738355515e-05,2.875650708061353e-07,0.0393007853745934,3.394765503022818e-13,2.808764545676074e-07,2.8242745650267846e-06,1.1411622814416399e-06,2.7842551784310665e-05,2.1690589029965937e-09,1.2647498223340494e-05,9.837505668949346e-11,2.741004186440525e-07
61,1.8076857627196105e-08,1.9131058283634997e-09,1.2665043606858883e-06,8.502319614973142e-06,7.097999381436887e-05,0.9596072422472084,3.7165697010542883e-06,2.6650510980807078e-08,2.9057208512928865e-06,7.089851218750658e-05,1.1940417110408913e-05,1.8735482461094276e-07,9.200480618634254e-11,1.680834050353238e-05,2.993276852918046e-07,0.040161290459992664,3.792892812526447e-13,2.938833770629776e-07,2.7883129337754488e-06,1.3314356134548347e-06,2.6893533757276274e-05,2.1918000564357822e-09,1.2320291732149631e-05,1.2275236692143247e-10,2.857273205371155e-07
62,1.6415829991021568e-08,1.7779957160525188e-09,9.607244285691888e-07,8.086765145216524e-06,6.41558596318692e-05,0.9604784202991291,3.357959498820739e-06,2.421007885389696e-08,2.468335636914059e-06,6.906905458622352e-05,1.0881831418035001e-05,1.6652469216345532e-07,7.337993242621623e-11,1.630449738355515e-05,2.875650708061353e-07,0.0393007853745934,3.394765503022818e-13,2.808764545676074e-07,2.8242745650267846e-06,1.1411622814416399e-06,2.7842551784310665e-05,2.1690589029965937e-09,1.2647498223340494e-05,9.837505668949346e-11,2.741004186440525e-07
63,1.7440957212994167e-08,2.011981404111046e-09,9.721943204021106e-07,8.119364151982365e-06,6.405780390947791e-05,0.9625747624722923,3.4282406463388186e-06,2.4757613585415504e-08,2.6118469910358554e-06,7.009367079694839e-05,1.1373786750961418e-05,1.6593838992474096e-07,8.15123380683937e-11,1.6147449329207586e-05,3.0833091745058966e-07,0.0372028677192457,3.782407836574559e-13,3.050559289683658e-07,2.7921202014818493e-06,1.1832666756116104e-06,2.747471839315043e-05,2.3693385414339777e-09,1.3004923804083819e-05,1.0997917617452886e-10,2.843254943713789e-07
64,1.636368347551418e-08,1.624112488810642e-09,7.814570449425463e-07,8.234360165222178e-06,6.304397247612885e-05,0.960970142096135,2.9938373478015592e-06,2.4367136958092803e-08,2.0701099168711834e-06,7.046341199133729e-05,1.1011635075240518e-05,1.7311484278944978e-07,6.120410091136163e-11,1.5282333550920862e-05,2.8087666765773653e-07,0.03880343122998167,3.7048024774891273e-13,3.120519101672478e-07,2.8626092788394472e-06,9.704422806138233e-07,3.3878025303501736e-05,2.157824929093648e-09,1.3746125760037289e-05,9.309686679868018e-11,2.7764284199309205e-07
65,4.349427472039204e-08,5.1454136489346735e-09,3.7026078788071825e-06,1.5827977740287797e-05,8.82501308921262e-05,0.9367200417051961,1.1049935498624291e-05,8.282714865932495e-08,1.39430267671374e-05,0.00010962895709330235,2.186630780072862e-05,1.8971875942126128e-07,1.9949447565457692e-10,2.2715561307492543e-05,1.1009930380613797e-06,0.06292968784537695,9.369387825377556e-13,2.8491234880539246e-07,6.380976694031702e-06,3.1417756065846467e-06,3.334291761638361e-05,3.684418162343166e-09,1.7818278408708767e-05,4.2077787547106407e-10,8.905995121653859e-07
66,1.797251145132305e-08,1.7232398045656934e-09,7.051241335455581e-07,8.119624066920543e-06,5.757177483736395e-05,0.9714007026819144,2.8096496030569467e-06,1.930483047584359e-08,1.9507421062640658e-06,5.5985456318896474e-05,1.1653836368328862e-05,1.420738534551161e-07,5.568836440413514e-11,1.4290997130439609e-05,3.058004994537634e-07,0.028397522028217975,3.5355210394040505e-13,3.330321884815829e-07,2.195522244709767e-06,7.65524684956958e-07,2.914596722715476e-05,1.868252598667684e-09,1.543998554264494e-05,1.0050963416054603e-10,3.1915367604990294e-07
67,1.4306254552625767e-08,2.2947287037400086e-09,1.1530221926259006e-06,9.991808238852834e-06,0.00010340519728537574,0.9635336224323656,2.7106991877365314e-06,3.861615505512633e-08,4.999338752681295e-06,0.0001077851971695702,1.1766416783775438e-05,1.3953787712310866e-07,6.434251135053368e-11,1.5451004940874822e-05,4.095017378598231e-07,0.03615320236385258,4.118017747215099e-13,2.3286612728427402e-07,4.766552241793977e-06,8.757563089912094e-07,4.027712461366821e-05,2.2658295463849565e-09,8.761255954895546e-06,1.166676766110969e-10,3.9225997873243555e-07
68,1.7802393663176474e-08,2.2896077467057665e-09,1.94710971306299e-06,1.105552108933607e-05,0.00012786320547427936,0.9455994985065552,4.096765462055215e-06,3.9944032380700944e-08,4.990635081746212e-06,0.00010049511593099834,1.0609722763089007e-05,1.9227407474743015e-07,1.0221102878779915e-10,2.7227919846067878e-05,4.0786476227874284e-07,0.0540626606532638,3.867918631760969e-13,1.7971563648068013e-07,5.926185695590293e-06,1.2314734714638454e-06,3.121427316707012e-05,2.253529108174897e-09,9.960173520443678e-06,1.180883940013729e-10,3.803742433964148e-07
69,1.5238101968026005e-08,1.6214721059911315e-09,8.200108303796971e-07,7.134052245446794e-06,6.276405769628705e-05,0.964507923807132,2.9593473150402307e-06,2.143336841426906e-08,2.241541322542649e-06,6.275075400649856e-05,1.0494174175092085e-05,1.5499585382949e-07,6.398787900432272e-11,1.559960632780803e-05,2.75080305022058e-07,0.03528511344987945,3.125164630214797e-13,2.628657516525561e-07,2.726347759713683e-06,9.357310601314569e-07,2.575149693473646e-05,2.089339806885069e-09,1.1809526154924204e-05,8.427406097771455e-11,2.4262439249587107e-07
70,1.1510523555677009e-08,1.6933172352000215e-09,5.852484413104939e-07,7.592404160172846e-06,7.040488484163972e-05,0.9610556472732358,2.4272693738739146e-06,3.648559906175032e-08,2.897439693373397e-06,9.142620057278152e-05,1.1696112553919243e-05,1.079732401123269e-07,4.972170370647672e-11,8.697719976461337e-06,3.916072147461327e-07,0.038695362099396266,4.417528376522734e-13,2.6854798613828936e-07,3.546040784428289e-06,9.469432783364405e-07,3.556537765634827e-05,2.4890027097174685e-09,1.2146969656099586e-05,1.1370682026788429e-10,2.3754562542212328e-07
