,0,1,2,3,4,5,6,7,8,9,10,11,12,13,14,15,16,17,18,19,20,21,22,23,24
0,0.00040416431577884723,5.584359021158798e-08,0.003162328125473647,0.0005651765420506293,3.0322502678951993e-05,0.304777890518862,0.0037364010200431016,0.001448056785581576,1.5104609065316212e-05,0.00029948214085734825,0.00015493645865419678,5.657202415394084e-07,1.6171653947891058e-06,8.919805578992524e-07,4.281897184801571e-06,0.00873278199130837,0.010747943953695542,0.14816809291949778,0.0013000296570105133,9.435289063764728e-06,0.014847071629935189,6.986581100437158e-08,0.5015714146133051,1.9151636547636985e-05,2.7328178101345863e-06
1,0.0003901246170377058,6.817558651845215e-08,0.004388342740678264,0.0006884501472157175,3.372080223828746e-05,0.270789581501415,0.004363600145422444,0.0016886244286920154,1.5804845116374773e-05,0.00039869820221436294,0.0001336099591672164,6.650603467061903e-07,1.961170328112268e-06,9.67107878630782e-07,4.136605748516366e-06,0.014548020146597375,0.012919833578184216,0.17633967351109917,0.0015206063701365688,1.2408429536919019e-05,0.01639184874467637,6.121313727621475e-08,0.49534172099123336,2.444819309519602e-05,3.0233132179104976e-06
2,0.00043309259334726053,8.945043943381559e-08,0.00414226716771771,0.0007929761636838815,4.952403612739195e-05,0.2698730961504165,0.004506980480523827,0.0020187893824086933,1.7367969581891403e-05,0.0003607290532114242,0.0002004927380893559,8.964067751687756e-07,1.96244808686376e-06,1.4745764257418454e-06,6.046556358237478e-06,0.011372654748764723,0.015437849725680044,0.15331396301006994,0.001350678131012868,1.3294118789502535e-05,0.01742060774238044,8.957290265648882e-08,0.5186572665989759,2.368936887187971e-05,4.1218093585482865e-06
3,0.00047724011358932645,7.581058825965472e-08,0.0036876109278314436,0.0007236602041814146,3.9720054399107966e-05,0.2728078952960005,0.004340732002614164,0.0016709902542106007,1.275958723853896e-05,0.0002876487609538578,0.00017901822450591231,7.729818946185219e-07,1.8125551868250504e-06,9.203345404745143e-07,4.175529462684534e-06,0.01026469114439154,0.01602167888528019,0.16242335926331183,0.0013348283506811939,9.30830252796713e-06,0.016354227208236753,7.028216386107869e-08,0.5093341601575803,1.9827842981301918e-05,2.8159256473108615e-06
4,0.0005355963323412488,8.695134804003684e-08,0.0042851402863439475,0.0007444590146184634,4.6325544999996156e-05,0.25145722405793414,0.004777873094971417,0.0018065428005226696,1.4531208589323055e-05,0.00030546596480378574,0.00020150627058191772,8.764190807932216e-07,2.296822062612381e-06,1.1601596355697958e-06,3.984258022971563e-06,0.00991217934284411,0.015997129096133614,0.1841468019957877,0.0013560325577769586,1.1095623655144408e-05,0.019515132835811595,8.009446618325368e-08,0.5048527486947653,2.2736775929194178e-05,2.9937969733819597e-06
5,0.0004212688837714487,6.832916216586297e-08,0.003415491640083255,0.0007708517283796687,3.949517220423968e-05,0.2283819229163627,0.003472963125207957,0.001391123116318649,1.1509280091646414e-05,0.0002920922311486643,0.00014996717504642807,5.731336141259176e-07,1.677923551383311e-06,8.703953930786611e-07,3.1124685670068587e-06,0.008325422226243584,0.013453588802400197,0.19349289253278026,0.001151335100090977,9.703791570061224e-06,0.014772376585293798,5.118948765235928e-08,0.5304197434135837,1.9886644824017226e-05,2.0121948233280113e-06
6,0.00047724011358932645,7.581058825965472e-08,0.0036876109278314436,0.0007236602041814146,3.9720054399107966e-05,0.2728078952960005,0.004340732002614164,0.0016709902542106007,1.275958723853896e-05,0.0002876487609538578,0.00017901822450591231,7.729818946185219e-07,1.8125551868250504e-06,9.203345404745143e-07,4.175529462684534e-06,0.01026469114439154,0.01602167888528019,0.16242335926331183,0.0013348283506811939,9.30830252796713e-06,0.016354227208236753,7.028216386107869e-08,0.5093341601575803,1.9827842981301918e-05,2.8159256473108615e-06
7,0.0017552750390508714,8.934399528548952e-08,0.007177303437177851,0.0006966246885987767,4.410734190672692e-05,0.28655469146031504,0.006056359952335407,0.0033080198668250433,1.2778317414679263e-05,0.0002736115574493208,0.0004002370967253548,1.2341458913590156e-06,4.826920836477718e-06,9.75741106452096e-07,3.7362221210549076e-06,0.009834586903773005,0.017518551742716392,0.28080084659941207,0.0012670621678015307,1.1487701290607119e-05,0.023215239942692464,1.317344624499232e-07,0.36104196328169413,1.7995972593625147e-05,2.262821814118667e-06
8,0.0004962727684517962,9.946706357066566e-08,0.006238077346552991,0.0008848928641245646,3.785484469503973e-05,0.22374842911829934,0.001730145947477349,0.0009736856459614144,1.425706250604098e-05,0.0005237864405076225,0.00011101742365006231,5.874794935523582e-07,1.5180873508334832e-06,1.2386194689560482e-06,4.295010472596987e-06,0.009727952213649383,0.01739346910045239,0.10820306537356236,0.0006896339865499234,1.1046602436994205e-05,0.008728338169392783,5.1714671528905426e-08,0.620444724342785,3.166804260900908e-05,3.892327814894959e-06
9,0.0003059553464648344,1.0830455914896245e-07,0.007179635040326578,0.0008712562940197021,3.409523133638805e-05,0.19646162310392098,0.0018926820330682794,0.001334749094043688,1.6164895464145925e-05,0.0008397695913955746,9.639210502226463e-05,4.94733523754949e-07,1.7514674168552109e-06,1.8648104209923641e-06,4.090631463995115e-06,0.01401748646944417,0.01542616541845346,0.1465027309690063,0.0009715123649961292,1.8585696951336618e-05,0.013094572035873817,4.981767898683821e-08,0.6008896607483073,3.4481984081862166e-05,4.121812759441021e-06
10,0.00047724011358932645,7.581058825965472e-08,0.0036876109278314436,0.0007236602041814146,3.9720054399107966e-05,0.2728078952960005,0.004340732002614164,0.0016709902542106007,1.275958723853896e-05,0.0002876487609538578,0.00017901822450591231,7.729818946185219e-07,1.8125551868250504e-06,9.203345404745143e-07,4.175529462684534e-06,0.01026469114439154,0.01602167888528019,0.16242335926331183,0.0013348283506811939,9.30830252796713e-06,0.016354227208236753,7.028216386107869e-08,0.5093341601575803,1.9827842981301918e-05,2.8159256473108615e-06
11,0.0005301992558011054,8.314051745842024e-08,0.004030809222901284,0.0007464063534258424,4.4811199980137385e-05,0.26569392771852934,0.0047233106365315875,0.0017268252845063462,1.3981086594624965e-05,0.0002951419809799208,0.00019642469813092758,8.850264412831031e-07,2.183082463064178e-06,1.0187885696293891e-06,4.2783776271182854e-06,0.010688214456139834,0.01644533457089152,0.17245581057853088,0.00138265634683698,1.0608664259941439e-05,0.017805435600486093,7.879087563091407e-08,0.5031758215324627,2.27350102213836e-05,3.018596295569676e-06
12,0.00046056221689869033,7.268984997670803e-08,0.0037853862681967014,0.0006821657148028934,4.474590530547523e-05,0.2619657532676762,0.004188166839178435,0.0014548815377022903,1.2797250884745568e-05,0.000269633098052013,0.00018223841755033604,7.449591292534844e-07,1.749240869563951e-06,9.477822672486213e-07,3.928933978094458e-06,0.009189745052276991,0.01631069099338979,0.15344762237185483,0.001183024467013988,9.675400625850844e-06,0.01655436207674995,6.596246397424272e-08,0.5302262703961447,2.184648284655656e-05,2.9226742914820045e-06
13,0.0013830385792148914,1.932655533706722e-07,0.0065259818696632825,0.000840971502606412,0.00010353215627999423,0.22856601305578778,0.00889930777690994,0.007443742878531688,2.1770090010981633e-05,0.00026896331523433304,0.001158942770423544,4.0997391879896045e-06,4.409258226760432e-06,4.535062250416007e-06,1.0968502401593274e-05,0.011762674784201704,0.032664144477401916,0.24536398182687263,0.0019016113711585356,1.5709073592417467e-05,0.04459682007987813,3.6907896279258304e-07,0.4084245383446699,2.3924546483595928e-05,9.7565944952869e-06
14,0.0006226606505530207,6.747115265974621e-08,0.00465615319190088,0.0005503905321161736,1.706296809089123e-05,0.48689740809968823,0.004915623531653276,0.0022064538523361445,2.582898991146787e-05,0.0004057315842398329,0.00012818136199006422,1.48920478928112e-06,1.692856004088414e-06,9.556812974276282e-07,1.2192665633978596e-05,0.025041973778200922,0.012659429658763887,0.08293001505831678,0.0009684777053216621,1.1345698992288505e-05,0.004609773269396216,1.2423705912429333e-07,0.37331227934871314,1.7014927543904757e-05,7.673676334844804e-06
15,0.00047724011358932645,7.581058825965472e-08,0.0036876109278314436,0.0007236602041814146,3.9720054399107966e-05,0.2728078952960005,0.004340732002614164,0.0016709902542106007,1.275958723853896e-05,0.0002876487609538578,0.00017901822450591231,7.729818946185219e-07,1.8125551868250504e-06,9.203345404745143e-07,4.175529462684534e-06,0.01026469114439154,0.01602167888528019,0.16242335926331183,0.0013348283506811939,9.30830252796713e-06,0.016354227208236753,7.028216386107869e-08,0.5093341601575803,1.9827842981301918e-05,2.8159256473108615e-06
16,0.0007723557725038595,9.802904107122226e-08,0.003551541656095524,0.0007885895628790622,4.63520756570014e-05,0.2909173651739568,0.006525161729602242,0.003133046451981786,1.45314465035e-05,0.00025640559383465156,0.0003442292837135062,1.512401800381141e-06,2.439110894562275e-06,1.2942726467024276e-06,6.674606958205783e-06,0.01128297792824648,0.01889341957715707,0.203500745447045,0.0019362163092859653,8.73066389426734e-06,0.021428665998736173,1.4380103082555553e-07,0.436566756535599,1.6820759223588852e-05,3.925811712992279e-06
17,0.0007717288482546791,9.21883032572294e-08,0.004276701690760632,0.0005808792969863128,8.217334658910971e-05,0.19524798286081407,0.007061660356024115,0.0016603525638319368,1.5030408435222878e-05,0.00016557368369865438,0.00034683512751699564,1.2563951299624837e-06,2.7051941717146198e-06,1.4290334519892052e-06,2.5758810168936083e-06,0.005711269508208728,0.020064245032824866,0.20970010067515493,0.0011066496881953817,9.098973233220981e-06,0.03117747887355626,9.45309472708604e-08,0.5219839441355547,2.7100060233853043e-05,3.041647105250225e-06
18,0.000376045735011874,9.752035222765918e-08,0.004274332056410043,0.0004652439088120448,4.080522400251389e-05,0.22882590946493142,0.006059364098542467,0.0013662655603571014,1.5569307261676446e-05,0.00029096963499971614,0.00019445011049844845,1.1851619172504794e-06,1.935229510828722e-06,1.5487706847007987e-06,5.605494886643972e-06,0.014889821180167412,0.022141170536997653,0.13051613685865843,0.0017299586834366434,1.1431711795864105e-05,0.025562335642506942,8.935492363081911e-08,0.5631924091407972,3.034628832340116e-05,6.973324213988516e-06
19,0.0003630366008531862,8.856307986986897e-08,0.0030787815811144314,0.001086891143904513,4.7380617192483804e-05,0.3417780749607509,0.004046692613070722,0.0015781689907298183,1.642273262228944e-05,0.0003603730838206787,0.00013018035660359247,8.465306586301833e-07,1.6358160270357802e-06,8.926329102479309e-07,5.53681660021722e-06,0.011164143584009432,0.01415322635844109,0.11607993748235582,0.0011317463257670757,1.0549037457623888e-05,0.009440556969662737,7.51128965550234e-08,0.4955000227068824,2.179550008251481e-05,2.943882506050332e-06
20,0.0006071990795030575,9.382789445922207e-08,0.003430339494860731,0.0008001259565259867,4.425713406727574e-05,0.32904910943749954,0.004892737209290905,0.0031136010804602254,1.7203822215622682e-05,0.00034249210245089506,0.0002838872787119438,9.470859153965883e-07,2.559644300739369e-06,1.3869690139729352e-06,6.240186263345218e-06,0.009573988482426157,0.014297340836911,0.18268825073661799,0.0016785969939665285,1.1939541967613315e-05,0.019989969291343005,1.554419732711155e-07,0.4291473854457544,1.7025016291287106e-05,3.1679037745952326e-06
21,0.0007421449143710908,1.1903120055451925e-07,0.008460351459494087,0.0007426893351967834,4.912131360860914e-05,0.15622363742559364,0.004894607929240251,0.0018844101826337933,1.373102609775547e-05,0.0003754240872079026,0.00021740921451120907,1.3223616042239772e-06,3.3333186082743625e-06,1.7943462886767866e-06,2.7976831982759656e-06,0.013797042350868712,0.02135806694509771,0.2817748306352943,0.0012026833965002807,1.458255889972086e-05,0.02464932676919298,6.681928526243595e-08,0.48355345333959965,3.3210652549979935e-05,3.842903856357738e-06
22,0.0006932946864088575,8.831790816034837e-08,0.005236652812764385,0.0007116367487269152,3.4236725694516946e-05,0.23858784676739123,0.002912080161317606,0.0019292646376811956,7.74792676173616e-06,0.00034467272351724164,0.00021463662673753647,6.095366920814763e-07,2.018387621717919e-06,9.065628613869064e-07,2.7203698709313195e-06,0.008427633402761823,0.023838657800478297,0.21586476188690665,0.0011860585637229637,8.552428803642763e-06,0.019241347033210118,7.227042209144515e-08,0.48073726519196935,1.5249922357159099e-05,1.988507412344067e-06
23,0.00047724011358932645,7.581058825965472e-08,0.0036876109278314436,0.0007236602041814146,3.9720054399107966e-05,0.2728078952960005,0.004340732002614164,0.0016709902542106007,1.275958723853896e-05,0.0002876487609538578,0.00017901822450591231,7.729818946185219e-07,1.8125551868250504e-06,9.203345404745143e-07,4.175529462684534e-06,0.01026469114439154,0.01602167888528019,0.16242335926331183,0.0013348283506811939,9.30830252796713e-06,0.016354227208236753,7.028216386107869e-08,0.5093341601575803,1.9827842981301918e-05,2.8159256473108615e-06
24,0.00036092744671402486,9.174759178978671e-08,0.002684244366651917,0.0010284203036438975,3.951353284108822e-05,0.23414017158546518,0.0035628073242068236,0.0018026320197843241,1.0812131802901903e-05,0.0003186520037063318,0.00014878762832796553,6.406172040183516e-07,1.53749116333047e-06,9.4400530927829e-07,3.836294437030095e-06,0.008970232556995587,0.0155279811133106,0.1834686602709458,0.0015945428971179461,7.940855141172407e-06,0.01594879253070695,6.399465063622876e-08,0.5303599100469177,1.580731661095532e-05,2.04991875279708e-06
25,0.0006052330646040867,8.293091649452653e-08,0.003771681748576301,0.0008213936990481629,6.958658352807973e-05,0.1989043529500743,0.0076014597221352705,0.004497058675126012,1.1563178960997676e-05,0.00019554338696048292,0.00042076925777854773,1.3605797742338462e-06,2.531574338392397e-06,1.5370443789653411e-06,2.5732792878861544e-06,0.007405195283284279,0.0168443989747053,0.34372842772155293,0.0013696841635763835,1.0845510021696783e-05,0.029300638080199556,9.826612390355401e-08,0.3844181126959627,1.3710510919565288e-05,2.1611181653572045e-06
26,0.0003990117752660205,4.986927289176176e-08,0.004179990404905558,0.0005475505423533662,3.7311311961815154e-05,0.17019968100258515,0.0019048777384425449,0.0005301521154786715,1.2282361512567598e-05,0.0002709139438589146,8.726645556923617e-05,3.0971388030415077e-07,1.2417757281450474e-06,6.761596751810274e-07,1.7260479408788466e-06,0.005631463802588735,0.010455209294325647,0.1478031215449076,0.0005549464025274293,9.124688533639215e-06,0.009752118346988654,2.3784238858239954e-08,0.6475857437936762,3.349278267907677e-05,1.7143411030738886e-06
27,0.0005073712372970683,7.08536391617265e-08,0.0026384065163696496,0.0008146972597072299,3.7360502458855415e-05,0.394133754991205,0.004160184379843795,0.00225308676467727,2.0450860445553877e-05,0.00031129052888737295,0.00018538889051669492,8.632021832401845e-07,1.6826708664078895e-06,9.233089930328181e-07,6.5948749680999e-06,0.009707914065315336,0.010360949066425483,0.13336519562709187,0.0014120827163281355,8.748031125700389e-06,0.010620498324064332,1.1986944868403108e-07,0.42943105307441143,1.811530800547823e-05,3.197075725138258e-06
28,0.00047724011358932645,7.581058825965472e-08,0.0036876109278314436,0.0007236602041814146,3.9720054399107966e-05,0.2728078952960005,0.004340732002614164,0.0016709902542106007,1.275958723853896e-05,0.0002876487609538578,0.00017901822450591231,7.729818946185219e-07,1.8125551868250504e-06,9.203345404745143e-07,4.175529462684534e-06,0.01026469114439154,0.01602167888528019,0.16242335926331183,0.0013348283506811939,9.30830252796713e-06,0.016354227208236753,7.028216386107869e-08,0.5093341601575803,1.9827842981301918e-05,2.8159256473108615e-06
29,0.00047724011358932645,7.581058825965472e-08,0.0036876109278314436,0.0007236602041814146,3.9720054399107966e-05,0.2728078952960005,0.004340732002614164,0.0016709902542106007,1.275958723853896e-05,0.0002876487609538578,0.00017901822450591231,7.729818946185219e-07,1.8125551868250504e-06,9.203345404745143e-07,4.175529462684534e-06,0.01026469114439154,0.01602167888528019,0.16242335926331183,0.0013348283506811939,9.30830252796713e-06,0.016354227208236753,7.028216386107869e-08,0.5093341601575803,1.9827842981301918e-05,2.8159256473108615e-06
30,0.00047724011358932645,7.581058825965472e-08,0.0036876109278314436,0.0007236602041814146,3.9720054399107966e-05,0.2728078952960005,0.004340732002614164,0.0016709902542106007,1.275958723853896e-05,0.0002876487609538578,0.00017901822450591231,7.729818946185219e-07,1.8125551868250504e-06,9.203345404745143e-07,4.175529462684534e-06,0.01026469114439154,0.01602167888528019,0.16242335926331183,0.0013348283506811939,9.30830252796713e-06,0.016354227208236753,7.028216386107869e-08,0.5093341601575803,1.9827842981301918e-05,2.8159256473108615e-06
31,0.0008726405014349787,1.1224561479986777e-07,0.006416337043370728,0.0007563733386759759,3.5634834595931724e-05,0.23758881204805563,0.004687417583352405,0.003000932108320801,1.1683501206194994e-05,0.0003717436857659576,0.00023193772780531307,1.0009644266132552e-06,2.638989715665368e-06,1.1521290046718588e-06,3.548838047791667e-06,0.013531451953089557,0.021976107318451055,0.240078750781469,0.0013922885718831621,1.0254682182846518e-05,0.020162423924581035,9.098007857067579e-08,0.4488456916306319,1.8026479236854146e-05,2.9481390027277165e-06
32,0.00043020430459909644,7.283514634010032e-08,0.003259250186066951,0.0007192120495738146,3.838410190902129e-05,0.27255449441019175,0.004340798766117536,0.0015906836362532496,1.270613980479619e-05,0.0002827724176997306,0.00016896198154999186,7.338210340028391e-07,1.7268487174844261e-06,8.559006942098895e-07,4.448137165207345e-06,0.010669745533756892,0.015324506595781998,0.15852488891315658,0.0015173731974408233,9.02455302505046e-06,0.016449667960734007,6.917326783659169e-08,0.5140767443597025,1.9885473260622308e-05,2.7887033504052872e-06
33,0.0009958714169753585,1.3811694415666772e-07,0.003246390998748758,0.0009944595650537116,6.1026867343036526e-05,0.21421978051827392,0.00873328166601611,0.0037956111381839412,9.172159487407884e-06,0.00017886647677771135,0.00043906772457471356,2.4434775242629476e-06,3.7003401350775907e-06,9.820953339348063e-07,3.0651506508991117e-06,0.012969799011526914,0.031911636939524694,0.3211659501230577,0.0021671820597223097,7.648091441947015e-06,0.027459201985193634,1.5189537990924508e-07,0.37161522717060325,1.6934881152869116e-05,2.410130373649222e-06
34,8.736990431029566e-05,1.3933143994852755e-07,0.0025529378701888454,0.0007498283369780227,3.0162365228970704e-05,0.31446563389100257,0.003979317416961896,0.0013169603389111579,1.1760953734291054e-05,0.0004946513302632788,8.234191321844987e-05,1.0821807397909698e-06,9.601724072762347e-07,1.419851032772253e-06,4.784979709780117e-06,0.021028797350773048,0.024720691246165438,0.06348089052949127,0.0010744642018585052,1.3866552170656218e-05,0.009917491527512682,6.096699310847589e-08,0.5559543327830995,2.3484432584864276e-05,6.5695732235589966e-06
35,0.00030956058983846405,8.37948830177483e-08,0.003892356923476156,0.0007075291123378267,5.720199763743176e-05,0.224824430819893,0.004059881073766128,0.0011214828184269625,1.222613011658267e-05,0.00026389901675649214,0.00016777351943499891,7.042420214711727e-07,1.547666365448236e-06,1.1873920191014858e-06,4.889404755516853e-06,0.008690004251449094,0.018115172633949368,0.1040384952008512,0.0010261448492690898,1.1366573895965756e-05,0.019073044142996536,5.238767457672053e-08,0.6135923546719412,2.4895154959007392e-05,3.7156312853869026e-06
36,0.0005360840357561655,1.3743424524155154e-07,0.0036516743719449437,0.0009411717675637231,1.8409055165579352e-05,0.3676951853457004,0.004841844355982085,0.004680760365365979,1.5500480869208016e-05,0.0006521287274476538,0.00015574256014363382,1.2764943097592619e-06,2.4576781069307505e-06,1.2039847446434733e-06,6.725710323695425e-06,0.027352478268871563,0.02128765992057591,0.20922964784435558,0.0023728812544613147,1.1654211982526075e-05,0.010827039049611437,1.8449801951541257e-07,0.3457024271780904,1.215951293984798e-05,3.5658934221764286e-06
37,0.0009462091204453165,8.531375354554689e-08,0.006715182525046327,0.0005937224848581547,6.335245270603442e-05,0.17186988895245375,0.005593412824183153,0.0012732788931658864,1.6681365169220713e-05,0.0002377121944820391,0.00022935057500455782,1.0741590083290024e-06,3.1519227666336214e-06,1.3096183000162239e-06,2.3757763226430285e-06,0.008143851263976851,0.016636586133561115,0.24406119451395777,0.0009544580021533508,1.1128944522108066e-05,0.023719642202774165,6.424666706070635e-08,0.5188853121750358,3.792142024539102e-05,3.0529194409551256e-06
38,0.00046806319795592103,6.959932342804755e-08,0.00350568857981021,0.0006837671947851436,3.386833550118058e-05,0.2888912503791885,0.00445690346804847,0.001594689571960535,1.208275878944939e-05,0.00028800071272733934,0.00015967744856471453,7.137231667935893e-07,1.8081859010566833e-06,7.711137228535722e-07,4.129229237606011e-06,0.011268748870036144,0.015214531606580178,0.16430810547517746,0.0014208181398671393,9.057890231876e-06,0.015365735033885216,6.682872123492442e-08,0.4922902518013302,1.8620493283628006e-05,2.5803622036279137e-06
39,7.833544648263748e-05,4.398054068797759e-08,0.000946081587970245,0.0007624024253233425,0.0003346361511130914,0.02093373559149063,5.889653002280742e-05,4.215504335811214e-06,4.535354671080959e-05,0.0001729472663959982,3.7272782363883556e-05,2.3702114512012014e-08,1.987634031890904e-07,2.7838233818759794e-06,4.294500698307244e-06,5.895819694655041e-05,0.0008972440612525577,0.018908737576039218,6.935066076010668e-05,4.277463932761632e-06,0.0015504270534604538,2.8446554044191977e-09,0.9550559764178675,7.229634668147232e-05,1.5077760560069255e-06
40,0.0004606115190824485,7.483536516089799e-08,0.003583824060605006,0.0007258885007513857,3.90210107456543e-05,0.2701133343556297,0.0042828201653482565,0.0016629527172406524,1.2572949016245387e-05,0.00028891126586255104,0.00017434331177638879,7.467777426463901e-07,1.777465865140146e-06,9.033296453638336e-07,4.099733263076998e-06,0.01029415635655523,0.015780658324210325,0.16417401553971975,0.001357029315868411,9.244784103849708e-06,0.01631370533931159,6.849971952176664e-08,0.5106969018834837,1.960196545426861e-05,2.7359936336283145e-06
41,0.0004355707064281698,3.076290195171086e-08,0.0017875070579154216,0.0015485428077062831,4.461428114849791e-05,0.4721463680116251,0.0018154065542650831,0.0011955995712483874,1.4135309546487705e-05,0.0002130693938381921,9.945313666300929e-05,3.8166809754091067e-07,6.373980721857096e-07,3.067547060775802e-07,7.483855553805214e-06,0.004704239920827382,0.005989986035136889,0.0729426917868877,0.000589414994925754,4.414870175626644e-06,0.0026594891545173994,3.980392281152339e-08,0.43378865386206833,1.0690030445546083e-05,1.2722713764021319e-06
42,0.000610283492486165,1.1881837309027279e-07,0.003117235335750853,0.0008208684072811698,3.302558085067767e-05,0.45183619872470027,0.00542628191169652,0.003997275526883633,1.40219680826576e-05,0.00040966181844855916,0.0002464141591810847,1.2499639926602426e-06,2.7390838910789484e-06,8.284242416998123e-07,7.986871545240984e-06,0.021937071322289184,0.023949983977634898,0.13971829170098332,0.002430636457197973,1.1190723211617859e-05,0.015392577163159381,2.409438235375748e-07,0.33001632942558795,1.5810147894711976e-05,3.6780508121104665e-06
43,0.0002695847540275557,5.710237333544958e-08,0.0027950926758422844,0.0007153530744479823,2.426829803521156e-05,0.3883694954328326,0.002514092214775331,0.0016731115705246348,1.2846126345320086e-05,0.0005087414376195633,0.00010016732729786593,3.037600152570871e-07,1.3164551106137455e-06,6.966839645914475e-07,4.679207555499791e-06,0.009798480005554435,0.00984187824668854,0.1207068460678325,0.00142804444221178,1.0061468255092393e-05,0.01188893417701866,6.969563199892787e-08,0.44931934945477314,1.4586718319840982e-05,1.943602946540813e-06
44,0.00047724011358932645,7.581058825965472e-08,0.0036876109278314436,0.0007236602041814146,3.9720054399107966e-05,0.2728078952960005,0.004340732002614164,0.0016709902542106007,1.275958723853896e-05,0.0002876487609538578,0.00017901822450591231,7.729818946185219e-07,1.8125551868250504e-06,9.203345404745143e-07,4.175529462684534e-06,0.01026469114439154,0.01602167888528019,0.16242335926331183,0.0013348283506811939,9.30830252796713e-06,0.016354227208236753,7.028216386107869e-08,0.5093341601575803,1.9827842981301918e-05,2.8159256473108615e-06
45,0.00044390388818195327,6.397304702164844e-08,0.002557549538175554,0.0009665718649743669,4.3774618920364766e-05,0.3707063477709793,0.005710482899484866,0.0022226480228557744,1.5539777669583428e-05,0.00026077281599099465,0.00017100052605040146,8.871477755379945e-07,1.8140807444459243e-06,6.807230970997224e-07,6.470682125470297e-06,0.012747483891859845,0.012228848849513259,0.1484291087732144,0.0015526586323987316,9.826989275312216e-06,0.011244054343197413,8.605243829926212e-08,0.4306606778384111,1.6247966124310696e-05,2.4983334944299794e-06
46,0.00028808808036404234,3.97144378303447e-08,0.0034069518185832312,0.0005116214488104499,3.367266901949328e-05,0.21495914990447115,0.0038920311079033306,0.0013593329248633768,1.9368545770145275e-05,0.00030972183525512965,0.00012081264466256474,3.4089350225349894e-07,1.4726091402802063e-06,1.1541536268247244e-06,2.890758705610239e-06,0.006677267328040322,0.005810390533836169,0.20770963525791386,0.0011514142931511276,1.1722650388241367e-05,0.01989541124633508,3.8581820059711174e-08,0.5338138042023108,2.16625093173585e-05,2.004287771113887e-06
47,0.0015392715515991342,2.0513485352236968e-07,0.005123314043711856,0.0007139148677305046,4.106131075570648e-05,0.38283510189186737,0.009179803530748968,0.003723433968853317,1.6732336075679908e-05,0.00031565725836821235,0.00037253652859439804,3.306744256151973e-06,4.788215195906948e-06,9.725470470959192e-07,7.843123789742413e-06,0.028441698414531005,0.0370399052781137,0.16296517415989745,0.0021200374289072153,1.102413206277916e-05,0.016873977624975993,3.0497085885938147e-07,0.3486359555766549,2.758205806594873e-05,6.397302484722182e-06
48,0.0005470419482869002,1.8160038146193004e-07,0.0026034767783076527,0.0010604049756148105,2.6531127518119298e-05,0.30573189978225,0.003907105152240631,0.0028017507627295835,7.057245872932669e-06,0.00037985522463526564,0.00016761365758948557,8.820744176458336e-07,1.6619027593956507e-06,7.173725231320541e-07,4.865215330578911e-06,0.01359270099845763,0.03678810031947342,0.14426901785089333,0.002150065852402333,5.33445928064713e-06,0.014511551059683764,1.2650254979828992e-07,0.4714298827670645,9.869465221714726e-06,2.305904515139575e-06
49,0.0005717457357589703,7.971500875255825e-08,0.004379498046847931,0.0007085259550921148,3.78841873687016e-05,0.3317566583099279,0.004315651645345566,0.001801490079253997,1.3660786664301757e-05,0.000296797224862584,0.0001929141227557207,9.342578168814327e-07,2.0520695495379144e-06,9.357922258431453e-07,3.6172569228604634e-06,0.00951149347341362,0.015841130394435365,0.15654184603341625,0.0009629454630409971,1.0250957653289673e-05,0.012998081990087815,8.046893045150843e-08,0.46002958295283974,1.93770575756536e-05,2.766023205356409e-06
50,0.0005046384277233009,1.0133745159846833e-07,0.0043539907734287744,0.0007680541954164828,3.720295639322369e-05,0.3070785400781797,0.006908291163133107,0.0032016360642764447,1.8125808063298857e-05,0.000432931833637802,0.0001870653455882236,9.767021758536405e-07,2.6003757341106974e-06,1.355113927341804e-06,4.7458166375744345e-06,0.013432814591958624,0.014563457861970176,0.19195976964553985,0.0019561243345733005,1.123933014848118e-05,0.022369575459947364,1.1554914086531133e-07,0.432185399983513,1.7886459980125337e-05,3.360791461313816e-06
51,0.0008771994210491693,6.852786909614656e-07,0.004103761764767554,0.004393569581703379,4.328291768810226e-05,0.25212801488050157,0.002648432977378742,0.015778576275100435,1.3673913967638223e-05,0.0010562117279672607,0.0003388269774291246,1.996822608919479e-06,3.0951657180642877e-06,4.361209009709002e-06,9.642944294643005e-06,0.011800472606820754,0.026497617733696695,0.30441358011763725,0.002223599679989856,1.012818227839859e-05,0.016037303307072197,3.717183779859813e-07,0.3576051560748714,7.576882230649918e-06,2.8618391495064206e-06
52,0.0005980755589649582,1.1351697491627305e-07,0.0045399593257873065,0.000619547613965569,7.686385338509555e-05,0.22534023365077527,0.00809855305716656,0.0015753513235014505,1.348060688760917e-05,0.00016062867699706313,0.00029370329871553774,1.615091864511328e-06,2.0944989301944522e-06,1.310247389612835e-06,3.894299644725699e-06,0.008477480268116224,0.027293384287287826,0.1236034916603588,0.001116021087168582,7.89066890714261e-06,0.028110516360864767,8.351168749509105e-08,0.5700353040875921,2.561417994451754e-05,4.7892671222704525e-06
53,0.0003663223443008614,5.662372748876616e-08,0.0024563802928711156,0.0005262293821662753,3.73247696224303e-05,0.3296125310766825,0.01021966997308129,0.0016749533222008524,1.6416591077551626e-05,0.00015124337690953165,0.00017551482137439936,1.2808496847694575e-06,1.531732744099974e-06,8.004592980696652e-07,4.64017580350541e-06,0.01073949932290296,0.012135563924451524,0.12754786167976503,0.0012185760612332447,7.86099429869559e-06,0.013876534728902764,6.549108887744523e-08,0.4892095762932114,1.5972124884786942e-05,3.5935877157788114e-06
54,0.00043392714537273573,1.7243399477908754e-07,0.005170609268947122,0.000800462873429846,3.8411196237152865e-05,0.3117215667182965,0.006085855245744103,0.00255968755966612,2.4296284429982075e-05,0.0005470657386269772,0.00018214107495478365,2.049984299213895e-06,2.2680565406365718e-06,2.0903993569238242e-06,1.2229362572065286e-05,0.030002292511878914,0.023053202204215303,0.1056897525988283,0.0018626930465125565,1.5318310272661955e-05,0.014972658683161392,1.490024485648154e-07,0.4967757097546627,3.360334797888236e-05,1.1787197571984039e-05
55,0.0007583846637801205,6.89543480037595e-08,0.0029728837391949196,0.0007378452818350783,8.045890446938147e-05,0.2531113285419354,0.012008870376271675,0.0015966429733045354,2.4390513647953196e-05,0.000115207863742318,0.00028225184639495165,2.649570077630332e-06,2.3782144950940263e-06,9.099073071339982e-07,3.7249276395029124e-06,0.010037437312290414,0.012575153925839355,0.19836713870200096,0.0011758533039731927,7.652607474123168e-06,0.014724494149454464,7.440022622515695e-08,0.4913744571965863,3.5820276307433184e-05,3.921847403851949e-06
56,0.0005064408983030819,7.914757118398738e-08,0.003792630449044617,0.0007248389930272959,4.1202848677280344e-05,0.2716168042803907,0.004565419174494771,0.001713316028952201,1.335493820224461e-05,0.00028751338742961555,0.00018797291158444192,8.299241870829749e-07,1.9734201973566605e-06,9.624527545079864e-07,4.1704787514781186e-06,0.010249593943497413,0.01598922498994106,0.16820111719402758,0.0013570116223445994,9.69771529349037e-06,0.01694490332458472,7.505678148750983e-08,0.5037672882841274,2.0693146415027732e-05,2.885389419355338e-06
57,0.0005248166427015374,1.2660907127126597e-07,0.004631205976211675,0.0007084576272549161,4.752119956264772e-05,0.22786230939286747,0.0068963057466814755,0.002420316770666991,1.3616498081127908e-05,0.00034874684129432455,0.0002507727459172732,1.3096147770103912e-06,3.1070538774120283e-06,1.3393577361492765e-06,5.172195445962726e-06,0.018334269856877687,0.025122360937246548,0.19986658839352764,0.00272838641632759,1.2254278516882813e-05,0.03519119423998546,1.1547104970024676e-07,0.4749979869800478,2.730887575971171e-05,4.4102785138663566e-06
58,0.0004436552342543491,7.604193925301801e-08,0.003578042479963008,0.0006881745350343367,4.7505284121390464e-05,0.24669169188723736,0.004427722007552148,0.001292128460464189,1.457963398733672e-05,0.0002701706461910124,0.00017256814102256651,7.815866423508807e-07,1.9448402851077455e-06,9.398495499970121e-07,4.0779815997643e-06,0.010064315697990427,0.014832603528120344,0.1549978881960809,0.0013312107568491608,1.050802957650981e-05,0.017347198121197265,6.500091500877428e-08,0.543751307528128,2.77790341379008e-05,3.0654971602752217e-06
59,0.00043934394599876015,7.943149918367775e-08,0.004314110049539705,0.0006776704036298694,4.5465391521462744e-05,0.2382686357628995,0.00405908840678944,0.0013225113052582683,1.4064729459376502e-05,0.0003108249074410495,0.00016476146353195376,7.311712706191787e-07,1.9396804280944907e-06,1.0561066500073257e-06,3.7374161915328883e-06,0.010290089822428293,0.015758510771427297,0.1590671551184544,0.0012156135573593843,1.1226883601981692e-05,0.01814656795293246,6.134663367096384e-08,0.5458558976129576,2.770854546865547e-05,3.148216627408863e-06
60,0.00047724011358932645,7.581058825965472e-08,0.0036876109278314436,0.0007236602041814146,3.9720054399107966e-05,0.2728078952960005,0.004340732002614164,0.0016709902542106007,1.275958723853896e-05,0.0002876487609538578,0.00017901822450591231,7.729818946185219e-07,1.8125551868250504e-06,9.203345404745143e-07,4.175529462684534e-06,0.01026469114439154,0.01602167888528019,0.16242335926331183,0.0013348283506811939,9.30830252796713e-06,0.016354227208236753,7.028216386107869e-08,0.5093341601575803,1.9827842981301918e-05,2.8159256473108615e-06
61,0.0004742417249755933,7.62490802381841e-08,0.004488691343673696,0.0006646959117078003,4.5852650104944914e-05,0.23785572972918365,0.004049189024276767,0.0013320602188974758,1.4597102050148535e-05,0.0003071593590425954,0.00016822353562107866,7.205108737161129e-07,1.9715538797241602e-06,1.0473631130004253e-06,3.543317133597607e-06,0.009710676296107525,0.0150368435765601,0.1645015659477784,0.0011695036842290076,1.0990579586828194e-05,0.01802687034552263,6.056848272870028e-08,0.5421046131431007,2.804779773588735e-05,3.028467282302534e-06
62,0.00047724011358932645,7.581058825965472e-08,0.0036876109278314436,0.0007236602041814146,3.9720054399107966e-05,0.2728078952960005,0.004340732002614164,0.0016709902542106007,1.275958723853896e-05,0.0002876487609538578,0.00017901822450591231,7.729818946185219e-07,1.8125551868250504e-06,9.203345404745143e-07,4.175529462684534e-06,0.01026469114439154,0.01602167888528019,0.16242335926331183,0.0013348283506811939,9.30830252796713e-06,0.016354227208236753,7.028216386107869e-08,0.5093341601575803,1.9827842981301918e-05,2.8159256473108615e-06
63,0.00048194831898243156,9.004346227827013e-08,0.0036447509384902755,0.0007609042608978109,3.994059656245383e-05,0.26836693818979795,0.004300499115624317,0.0017506757453618074,1.26747126615629e-05,0.0003080410858006155,0.0001817888458507479,8.205562045498437e-07,1.8901461857105953e-06,9.669267538278792e-07,4.458509861635631e-06,0.011003488751634724,0.01767137956720437,0.160244531329849,0.0014560447353703337,9.42093183562938e-06,0.016967224182163367,7.785749577412526e-08,0.5127679987121236,2.046039580421785e-05,2.985544020835107e-06
64,0.0004538534574748547,8.165513162678492e-08,0.004291327483659697,0.0006181843223441267,4.448164863353477e-05,0.21632314456157908,0.004719292324707944,0.0015267532615441562,1.235262948753975e-05,0.0002818479744240806,0.0001903998825530215,7.46179412493722e-07,2.0320216969185574e-06,1.1410177415103236e-06,3.4415404145156807e-06,0.009780240164804681,0.017520682940584616,0.18049412364573478,0.0014208339761072166,1.026703974397883e-05,0.024694125956879625,6.502990293624759e-08,0.5375841968312032,2.3366082795803125e-05,3.0183714381466702e-06
65,0.0007535234373519646,2.005568135254132e-07,0.012190407221604862,0.0007397977325185443,5.9623422998125576e-05,0.2095322445509639,0.005053747368872831,0.002643525886110781,3.3494813858512363e-05,0.0007452062589311913,0.00022862819637940705,1.393381379521755e-06,4.811568759230095e-06,4.337540588661327e-06,4.3755996506683855e-06,0.0143651782282232,0.019194915510417913,0.19954119273673127,0.001179175418521999,2.5425788728900135e-05,0.03207094296499251,1.5576975148264575e-07,0.5015704216765793,5.0009375030396944e-05,7.2649942412038085e-06
66,0.0003690135966386997,6.92284227763565e-08,0.002600488346891958,0.0007036294316967801,3.542157327952897e-05,0.2747767664718013,0.0035542032053218504,0.0012579714300983932,1.1677059724257832e-05,0.00024821052186415514,0.00014919218894630639,6.574111908954186e-07,1.2670346859151948e-06,7.715178294375103e-07,4.416008317211745e-06,0.008687099312635121,0.015073517680423568,0.12680309992135247,0.001305273757612348,6.951617470022728e-06,0.013254414263369605,6.098479679888422e-08,0.55113495434002,1.8142265384003855e-05,2.7308302264529063e-06
67,0.0008425561167276089,9.273789518675127e-08,0.0016754417451445391,0.0009066879561787136,5.133037500186666e-05,0.5369696987900621,0.00997951040170471,0.004024802256933826,2.2592961858236735e-05,0.0001618968612909048,0.00034935094679936304,2.756557637500292e-06,2.05887931207093e-06,6.269221877707037e-07,1.2697508929732222e-05,0.016060673588377154,0.015841923088157614,0.10424815523244686,0.002275053962323041,5.456273902635319e-06,0.01034053216699333,2.830613926143792e-07,0.29620519902897036,1.5993319580980343e-05,4.629260191332107e-06
68,0.0007486289399133167,1.0211871859483165e-07,0.0028347614590847016,0.0008036696892094643,3.645161990423578e-05,0.29443954822175106,0.004958697450257312,0.003158333521304381,9.55850709650506e-06,0.00026563083621359705,0.00027848453476893433,9.181010287192813e-07,2.1312722918238257e-06,7.221790885419926e-07,5.538317993637381e-06,0.013585705695472208,0.02414040847082366,0.2063641759627311,0.0024194851239758685,7.06307678711186e-06,0.021048657465809577,1.33885495193439e-07,0.42487501794736726,1.3706505928328795e-05,2.469096984938781e-06
69,0.0005119006111468401,7.654513659819316e-08,0.0033141847098789143,0.0007623494331848454,4.173481540128181e-05,0.2916675561406852,0.004364144981940948,0.0016306996668873277,1.2445229657654544e-05,0.00026033255134717023,0.00018633369309182182,8.23966917380462e-07,1.7428167859206292e-06,7.996502693594424e-07,4.676735129987559e-06,0.01037746591880773,0.017068943299169727,0.14662161357553985,0.0013553088727002295,8.327692732227948e-06,0.01483422992499951,7.531553747423809e-08,0.5069518332719436,1.956969645924983e-05,2.830884649323544e-06
70,0.00056437967589795,1.018254444293068e-07,0.00381332005781685,0.0004783218900258477,2.1745977384062318e-05,0.26705320991517356,0.004536738128792315,0.0019446070962304805,9.458578105070362e-06,0.0004012512237563319,0.0001914185109155413,8.847232510879351e-07,2.5630572475088797e-06,7.403779905568664e-07,4.680331908148714e-06,0.026092580214831886,0.026150807629721152,0.20813724101264022,0.0029365326599745134,1.0310315426792453e-05,0.02412104911738137,1.113262455124772e-07,0.43349911951054365,2.50213454570404e-05,3.8054978380259148e-06
71,0.000708271651381049,7.847232264091913e-08,0.003272023602235196,0.0008051857971945811,3.0163976696430112e-05,0.35832017465936084,0.0033487724690160004,0.0018281518670391435,9.549915809931712e-06,0.0002770700685801798,0.00020626636444095954,8.66694620754831e-07,1.6867734980596693e-06,5.983806324137078e-07,5.690790548198507e-06,0.01107196027478677,0.020253983745243325,0.13268937309347756,0.0013713692144463343,6.448311768268275e-06,0.010894169001036394,9.254993483160928e-08,0.4548807469927512,1.4674451288324471e-05,2.6308818904797152e-06
72,0.00048681695868448867,7.442177560740769e-08,0.003698301289045244,0.0007179239001636107,4.1132840580739954e-05,0.2580405359290016,0.004022100283393471,0.0015982129845931482,1.2573530106304469e-05,0.0002792872550847845,0.00018429772978993558,7.428048720528299e-07,1.7538240177664221e-06,9.467181032854057e-07,3.959127387735933e-06,0.00930719503776769,0.015850842396950393,0.16430756448957887,0.0012780339031958092,8.959829288439516e-06,0.01663929948084885,6.766129543317041e-08,0.5234962891380646,2.031371676858978e-05,2.7747496416412173e-06
