,0,1,2,3,4,5,6,7,8,9,10,11,12,13,14,15,16,17,18,19,20,21,22,23,24
0,2.1311482217681959e-07,1.2881274969636506e-09,0.004196030736409329,4.46374225960561e-06,3.8939256837297345e-07,0.9944108700001485,5.118182527382939e-08,2.0666948557217294e-06,2.3534788008791044e-05,4.382137734052214e-06,4.925374978417757e-07,1.0093561365582622e-09,1.5174832554854687e-06,4.281762378142038e-08,2.4594812439740038e-06,0.0004711571735024163,5.2131672687048086e-05,3.22624451604728e-05,3.4305681190206933e-06,2.909467544195827e-06,0.0007747267278591358,4.90356873151536e-08,9.416816655212684e-07,9.967012786120144e-06,5.907809252251763e-06
1,2.781603233116842e-07,1.3169286009814654e-09,0.007658877612135208,7.063389238062255e-06,2.865830380670698e-07,0.9911532339164844,8.775074449250417e-08,1.718518168910387e-06,1.4417680070151553e-05,1.0817926587806016e-05,3.6128187105856473e-07,9.586802798636662e-10,1.016011992039871e-06,5.5050306497401475e-08,1.1018324225878649e-06,0.00029801490612797933,2.6132704227422633e-05,4.4391028933757987e-05,1.7875487891192016e-06,2.0769625633030303e-06,0.0007585626011465471,2.5199497525158246e-08,1.4640011413159002e-06,1.0093152653050482e-05,8.133905928504319e-06
2,3.7952696501588246e-07,1.822943280540125e-09,0.007184377088576498,8.550159868559664e-06,6.239777833411946e-07,0.9915731178040317,1.1595231037222343e-07,2.067388868947334e-06,1.3497253686975769e-05,1.2613949905202227e-05,5.570663126536205e-07,1.1836681053522076e-09,1.394179665230405e-06,1.0840725011283284e-07,1.5490972091139681e-06,0.0002601375913750937,5.484005362897598e-05,6.072809093811496e-05,1.6089870136227714e-06,4.214084677234292e-06,0.0007900844098748637,3.1176824759041046e-08,2.9427387411691152e-06,1.0074613029277598e-05,1.6383394851750233e-05
3,2.7908413005705834e-07,1.2797205422479602e-09,0.006589157732250567,8.905896302576608e-06,3.383535815450752e-07,0.9922621065501837,7.987171334113141e-08,1.6770495485012304e-06,1.101711019285316e-05,1.006932945592949e-05,4.7535734695915364e-07,9.498883609439788e-10,1.0498819647679024e-06,8.09154375428454e-08,9.283504619267067e-07,0.0002148044790926148,4.359031471030232e-05,5.310656057399795e-05,1.4314506290741509e-06,2.6025707838004612e-06,0.0007754761051493868,2.7167930221919757e-08,2.339310929385397e-06,1.0228820978401778e-05,1.0225507043617387e-05
4,3.140379914456977e-07,1.3445556291381253e-09,0.006714197773997249,9.273611482273342e-06,3.650129480477285e-07,0.9920382383058792,8.406346783309077e-08,1.640019205180594e-06,1.2360661278328435e-05,9.662963287022653e-06,4.914154392586492e-07,1.1719361523470183e-09,1.4099027651316162e-06,8.916388700760563e-08,9.513779614929207e-07,0.00021756879042419923,5.043216517079177e-05,5.8013262676796345e-05,1.5156634677236904e-06,2.783320928057683e-06,0.0008557131480024122,2.987755387595711e-08,2.3595890912379724e-06,1.1068306369339511e-05,1.1435050234403034e-05
5,3.0612279195952194e-07,1.3265511406902961e-09,0.006156090468710187,1.183026082992861e-05,3.113157990251593e-07,0.9926244148538915,7.375854091051132e-08,1.493044434296873e-06,1.079160892979576e-05,1.124094538544982e-05,4.752766231821379e-07,1.0228857561416987e-09,1.1239692788581406e-06,9.867294335357555e-08,7.769693174315401e-07,0.00019993926017510235,5.1376208551621614e-05,7.275140779526221e-05,1.2060966611138997e-06,2.8422656997470615e-06,0.0008272018739782946,3.012818373157902e-08,2.641864723017775e-06,1.145950515855984e-05,1.1521772161006627e-05
6,2.7908413005705834e-07,1.2797205422479602e-09,0.006589157732250567,8.905896302576608e-06,3.383535815450752e-07,0.9922621065501837,7.987171334113141e-08,1.6770495485012304e-06,1.101711019285316e-05,1.006932945592949e-05,4.7535734695915364e-07,9.498883609439788e-10,1.0498819647679024e-06,8.09154375428454e-08,9.283504619267067e-07,0.0002148044790926148,4.359031471030232e-05,5.310656057399795e-05,1.4314506290741509e-06,2.6025707838004612e-06,0.0007754761051493868,2.7167930221919757e-08,2.339310929385397e-06,1.0228820978401778e-05,1.0225507043617387e-05
7,5.352854609371023e-07,1.1507721764688077e-09,0.013383988410601191,5.9364003404408125e-06,3.418382140539787e-07,0.9858767069386658,1.2516539250935722e-07,1.8881728064559953e-06,9.017938783957732e-06,9.664143546355128e-06,5.209242553120674e-07,9.286767394040495e-10,1.1835978584403574e-06,6.540294995246403e-08,6.33771113746169e-07,0.00014314434714298986,2.2189071616798592e-05,4.882126911512202e-05,1.7028228978911263e-06,1.4744593394441153e-06,0.00046891154782864505,1.2325619628304574e-08,1.805944223183402e-06,1.2123130650135893e-05,9.205012128070252e-06
8,2.898626404797014e-07,1.7173948278730846e-09,0.010541955802941,1.5542890428561123e-05,3.1822504094169546e-07,0.9885785490131553,1.225356672836369e-07,1.8115342328203895e-06,6.812127999272819e-06,1.6764103896261197e-05,4.966950957235907e-07,9.437204507352358e-10,6.837544235466309e-07,1.1694400294210365e-07,4.68846713466094e-07,0.00014628655774890102,2.1910573827022234e-05,3.792940832354963e-05,9.360440878395316e-07,2.4648537731141854e-06,0.0006002252680918201,1.2175566495350911e-08,4.630400023933648e-06,1.1633254119197714e-05,1.003646708524783e-05
9,2.0666721637772036e-07,1.5975355521270597e-09,0.008997498109813252,1.615873561793829e-05,2.46173977029806e-07,0.9897074329761282,9.9607938779803e-08,1.3220011090419331e-06,9.33257024666392e-06,1.667249295621604e-05,3.57880290949312e-07,1.0282404507124789e-09,7.608840500283798e-07,8.617939810443576e-08,5.933295887516858e-07,0.0001936653311501393,2.3163857501332716e-05,3.9935950585264417e-05,8.756078821597947e-07,2.616328089036583e-06,0.0009642181573590744,1.7335388265487592e-08,3.4419922644126013e-06,1.1321522887257192e-05,9.973682786059402e-06
10,2.7908413005705834e-07,1.2797205422479602e-09,0.006589157732250567,8.905896302576608e-06,3.383535815450752e-07,0.9922621065501837,7.987171334113141e-08,1.6770495485012304e-06,1.101711019285316e-05,1.006932945592949e-05,4.7535734695915364e-07,9.498883609439788e-10,1.0498819647679024e-06,8.09154375428454e-08,9.283504619267067e-07,0.0002148044790926148,4.359031471030232e-05,5.310656057399795e-05,1.4314506290741509e-06,2.6025707838004612e-06,0.0007754761051493868,2.7167930221919757e-08,2.339310929385397e-06,1.0228820978401778e-05,1.0225507043617387e-05
11,3.078915544304177e-07,1.3634080541378171e-09,0.006815470827796143,9.210167694953023e-06,3.653548384237679e-07,0.9919710817747112,8.568604861672718e-08,1.6989334527954156e-06,1.1946676854250603e-05,1.0134643763455209e-05,4.943090423732065e-07,1.104662667957657e-09,1.2883461538450344e-06,8.699237429552474e-08,9.566161415066139e-07,0.0002220787461837014,4.727290094528808e-05,5.647897189551751e-05,1.5172204102708178e-06,2.7893450790596687e-06,0.0008222718009561263,2.8806927717213787e-08,2.38748072252086e-06,1.1026519517416104e-05,1.1017518865754986e-05
12,3.142384596963589e-07,1.3196648658189074e-09,0.0037922522485765355,9.526157421047292e-06,4.338112531073481e-07,0.9949770965636053,4.98517404869532e-08,7.447012879148527e-07,7.428282796758793e-06,1.1743977386276606e-05,2.7586577272369797e-07,6.161232212221107e-10,1.3402170059312431e-06,1.4917611949866123e-07,5.376994713045423e-07,0.00012122404881723699,0.00011680759986760852,9.227043651245878e-05,6.50552373004344e-07,3.8784597167899524e-06,0.0008328716664305066,2.4340716780763536e-08,3.010317180828704e-06,6.325795767665188e-06,2.1042055932233037e-05
13,3.5062708338010526e-07,1.6674529499429526e-09,0.011397964235172368,2.1781287461018338e-05,5.575252056955294e-07,0.9869493324728084,1.7166753544585425e-07,6.388607262526015e-06,1.365167995512215e-05,9.42865552707442e-06,2.196557067480092e-06,3.5543518385324e-09,1.8084684826048884e-06,2.5255428925641674e-07,1.6089087501283813e-06,0.0002694011746082805,7.936371165209284e-05,7.193430044675526e-05,2.1270776952231475e-06,4.793693549435553e-06,0.0011274198173522661,6.468401601899035e-08,7.265495508151652e-06,1.751261310169079e-05,1.4618963664728222e-05
14,4.238251720991964e-07,4.6396584590422645e-09,0.004390229857116977,1.2686317022023853e-05,8.971538547324066e-07,0.9945392426413677,1.7342389624206558e-07,2.5918537746299913e-06,8.976560451203887e-06,3.534484242003524e-05,8.281146474992995e-07,1.065403111654641e-09,9.671377894025045e-07,1.8993050410393138e-07,1.1330326056492668e-06,0.0003006526806750187,5.45136184680565e-05,5.9767251895131515e-05,2.8899842872563652e-06,6.35159788050747e-06,0.0005463159144805612,3.3265762868745186e-08,6.228546933573778e-06,1.619293911778675e-05,1.3363804815188442e-05
15,2.7908413005705834e-07,1.2797205422479602e-09,0.006589157732250567,8.905896302576608e-06,3.383535815450752e-07,0.9922621065501837,7.987171334113141e-08,1.6770495485012304e-06,1.101711019285316e-05,1.006932945592949e-05,4.7535734695915364e-07,9.498883609439788e-10,1.0498819647679024e-06,8.09154375428454e-08,9.283504619267067e-07,0.0002148044790926148,4.359031471030232e-05,5.310656057399795e-05,1.4314506290741509e-06,2.6025707838004612e-06,0.0007754761051493868,2.7167930221919757e-08,2.339310929385397e-06,1.0228820978401778e-05,1.0225507043617387e-05
16,2.8820042074631373e-07,1.918879260544239e-09,0.006773173701440114,1.2999550829130806e-05,4.108851558554911e-07,0.990849946834833,1.3702779877613492e-07,2.8446658744650687e-06,1.4168904953921468e-05,2.1227955627566935e-05,4.910672812346559e-07,1.8896197658599692e-09,1.5443407438161549e-06,1.220325090946628e-07,1.4611373463402023e-06,0.00037499584170481916,6.261201124479034e-05,7.604186261788142e-05,2.132393196614914e-06,4.469818540998184e-06,0.001770957798998054,5.851022022401427e-08,3.284541619710957e-06,1.173621992381696e-05,1.4890888620003407e-05
17,3.1662666082550826e-07,1.479089750791644e-09,0.006048382713600513,1.564267436648328e-05,5.598124502528085e-07,0.9920589041134894,1.0850384681145223e-07,2.708677860854648e-06,1.1012186527052346e-05,1.3751270928001526e-05,7.546632940735362e-07,1.783445471645313e-09,2.131420394932839e-06,1.8974768390375784e-07,1.018084567872521e-06,0.00026820727440228536,0.0001226589657732116,9.096248851214735e-05,1.412333993849326e-06,5.871384823993498e-06,0.0013200662220879086,5.393711744659147e-08,5.248783688415299e-06,1.260012716388324e-05,1.7434724230491e-05
18,3.90840189515229e-07,1.404953664330088e-09,0.005432336150705412,1.047154253418227e-05,5.730342651533413e-07,0.9927443096534844,9.590217860090204e-08,1.4568881120526923e-06,1.0064792461025041e-05,1.5772102424586523e-05,4.0974505481821263e-07,1.1953301541689232e-09,2.1056387091435428e-06,1.5784833756989131e-07,9.403319832393466e-07,0.00019838239429065797,0.00013077948591470463,0.00012100674110018483,1.0499669607546504e-06,5.187993777349533e-06,0.0012862598055126736,3.9458759955628476e-08,3.419652938919222e-06,8.552761161753271e-06,2.623466885958397e-05
19,3.1803007667342254e-07,1.7191317331181743e-09,0.009689196703064335,1.3163839976440487e-05,4.1217716752713986e-07,0.9885707902859253,1.4711069897174586e-07,2.490337306502125e-06,1.6114082283374337e-05,1.3686404499396114e-05,5.493692437636762e-07,1.808467940116309e-09,1.510603977924009e-06,9.676520356583219e-08,1.1984675009823292e-06,0.00031722284668123785,4.606575913128664e-05,5.943853239115417e-05,1.6970925588633452e-06,3.149538524448803e-06,0.001235404084218076,3.806941736366165e-08,2.698872486967177e-06,1.2118828236066603e-05,1.24886718302149e-05
20,2.828156718804713e-07,1.4883334822626518e-09,0.007832395181896943,1.0709634546955643e-05,3.2946291954692313e-07,0.9905555792775784,1.0909119857233833e-07,3.716915653269118e-06,1.4705016922715108e-05,1.180164000254372e-05,7.314254730685357e-07,1.5402085492586482e-09,9.966107676360727e-07,9.872216683973162e-08,1.7299562719944813e-06,0.00031234253763949636,4.965345559696992e-05,6.664174676192007e-05,2.3387054610635325e-06,2.83680217321642e-06,0.001109012999550789,6.151001801996034e-08,2.5297357945448837e-06,1.1246208535031622e-05,1.0147518856634242e-05
21,3.2313333415862077e-07,2.0285164367138197e-09,0.007614201553501027,1.4532757383762795e-05,3.418212060886692e-07,0.9907243251660275,1.0843406825617643e-07,2.359293398051774e-06,1.744575431297257e-05,1.609361581439962e-05,4.631096915830128e-07,1.7789197469797347e-09,1.5326485859610642e-06,1.0996696495497628e-07,1.1021186639515035e-06,0.00043813866306418675,3.7103467695732755e-05,6.277966464409405e-05,1.832220957324818e-06,3.903147920405457e-06,0.0010367720517419619,3.755686390004377e-08,2.3314765360834887e-06,1.388283382132792e-05,1.0275736366087729e-05
22,3.516858458139142e-07,9.617812950207625e-10,0.006013439231065853,7.130637176611687e-06,3.2930084709552845e-07,0.9928871988648778,5.7229173779016236e-08,1.337291532134239e-06,9.976993512492325e-06,8.4258218175895e-06,4.883801354244609e-07,6.341221789631461e-10,9.144539862984613e-07,6.968563402027768e-08,9.190725447780675e-07,0.00016847627842716642,6.624889257522973e-05,8.828843177942461e-05,1.1672263348665103e-06,2.1985018044776618e-06,0.0007200804961390477,3.468403771002037e-08,1.9156439165341966e-06,9.48012402927539e-06,1.1469476903142055e-05
23,2.7908413005705834e-07,1.2797205422479602e-09,0.006589157732250567,8.905896302576608e-06,3.383535815450752e-07,0.9922621065501837,7.987171334113141e-08,1.6770495485012304e-06,1.101711019285316e-05,1.006932945592949e-05,4.7535734695915364e-07,9.498883609439788e-10,1.0498819647679024e-06,8.09154375428454e-08,9.283504619267067e-07,0.0002148044790926148,4.359031471030232e-05,5.310656057399795e-05,1.4314506290741509e-06,2.6025707838004612e-06,0.0007754761051493868,2.7167930221919757e-08,2.339310929385397e-06,1.0228820978401778e-05,1.0225507043617387e-05
24,2.874667565541548e-07,1.793310751265516e-09,0.005276591188738787,1.321495544396278e-05,3.5648870248455085e-07,0.9935465330317466,7.555480318036469e-08,1.7868198561430495e-06,1.0038863779852337e-05,1.3747797142161559e-05,4.833465853997929e-07,1.0421897499709993e-09,1.185406504253586e-06,1.3173219211865247e-07,7.116019415805632e-07,0.00023344457440169304,5.4960648520679225e-05,6.061138954196117e-05,1.4045218645359425e-06,3.7768304867904578e-06,0.0007554715482377135,2.9706888314327643e-08,3.184030811239202e-06,1.1560917489866344e-05,1.0408742063897114e-05
25,2.766826027936788e-07,1.8130536366616516e-09,0.008089589824164968,1.881771232428309e-05,4.075169025192936e-07,0.9905833366084725,1.2524961714421887e-07,6.2155885698049995e-06,1.1208715422091774e-05,1.2983577560716105e-05,1.3370143691522379e-06,1.7405803001213597e-09,9.373241602992026e-07,1.6817718600657678e-07,1.1492267644917272e-06,0.0003436378801717345,5.208922112957165e-05,5.486302262518253e-05,2.382299706841847e-06,4.251996009037232e-06,0.000787498436199043,4.9684576374174067e-08,5.072668662173726e-06,1.5899189315630377e-05,7.69882985352037e-06
26,3.2383695927177306e-07,7.498300140087834e-10,0.0059348832382613214,7.180487275904793e-06,2.6339316226348046e-07,0.99333252806616,4.0491598372441387e-08,7.133657405077791e-07,8.503588591196786e-06,5.575138571415576e-06,4.1102921048920916e-07,5.10256021215462e-10,1.1571430162930324e-06,4.511193328085696e-08,4.2185287038901006e-07,0.00012884648821612433,3.726220786489935e-05,5.3868508168877874e-05,9.018473247944897e-07,1.8010826465594347e-06,0.0004617459181620546,1.3341296462986795e-08,1.8376321151070467e-06,1.4607666856312272e-05,7.067303912234303e-06
27,2.5433167382583707e-07,1.254179182937268e-09,0.006035343897968945,9.167102048315543e-06,2.9615827446655666e-07,0.9927676739901818,7.178973439226605e-08,2.0671961960473153e-06,1.2125633558744748e-05,9.460862743723961e-06,5.404973625739758e-07,9.83847833380434e-10,9.484798012790857e-07,8.018853403333004e-08,1.1050331072650291e-06,0.00024624291025116067,4.56495514538259e-05,5.5612357573185175e-05,1.7025256467315227e-06,2.5379109362243733e-06,0.0007875856242633877,3.803273731227938e-08,2.1841590308266093e-06,1.0656867171060876e-05,8.652661723859206e-06
28,2.7908413005705834e-07,1.2797205422479602e-09,0.006589157732250567,8.905896302576608e-06,3.383535815450752e-07,0.9922621065501837,7.987171334113141e-08,1.6770495485012304e-06,1.101711019285316e-05,1.006932945592949e-05,4.7535734695915364e-07,9.498883609439788e-10,1.0498819647679024e-06,8.09154375428454e-08,9.283504619267067e-07,0.0002148044790926148,4.359031471030232e-05,5.310656057399795e-05,1.4314506290741509e-06,2.6025707838004612e-06,0.0007754761051493868,2.7167930221919757e-08,2.339310929385397e-06,1.0228820978401778e-05,1.0225507043617387e-05
29,2.7908413005705834e-07,1.2797205422479602e-09,0.006589157732250567,8.905896302576608e-06,3.383535815450752e-07,0.9922621065501837,7.987171334113141e-08,1.6770495485012304e-06,1.101711019285316e-05,1.006932945592949e-05,4.7535734695915364e-07,9.498883609439788e-10,1.0498819647679024e-06,8.09154375428454e-08,9.283504619267067e-07,0.0002148044790926148,4.359031471030232e-05,5.310656057399795e-05,1.4314506290741509e-06,2.6025707838004612e-06,0.0007754761051493868,2.7167930221919757e-08,2.339310929385397e-06,1.0228820978401778e-05,1.0225507043617387e-05
30,2.7908413005705834e-07,1.2797205422479602e-09,0.006589157732250567,8.905896302576608e-06,3.383535815450752e-07,0.9922621065501837,7.987171334113141e-08,1.6770495485012304e-06,1.101711019285316e-05,1.006932945592949e-05,4.7535734695915364e-07,9.498883609439788e-10,1.0498819647679024e-06,8.09154375428454e-08,9.283504619267067e-07,0.0002148044790926148,4.359031471030232e-05,5.310656057399795e-05,1.4314506290741509e-06,2.6025707838004612e-06,0.0007754761051493868,2.7167930221919757e-08,2.339310929385397e-06,1.0228820978401778e-05,1.0225507043617387e-05
31,5.146806544457728e-07,1.5619240759218034e-09,0.011844428444610559,9.966123500659492e-06,4.029379987647917e-07,0.9869893456025407,1.4851869383142222e-07,3.388361594639172e-06,1.0167272519317985e-05,1.470460567435196e-05,6.038081540924716e-07,1.225699097832797e-09,1.125195649983172e-06,1.1352722167836288e-07,8.477425345947964e-07,0.00019409843269660643,3.9582489835782126e-05,7.209137790588664e-05,1.8372854355214021e-06,2.368747550324982e-06,0.0007882830942902991,2.5587850624383414e-08,2.800176731961103e-06,1.111025617671651e-05,1.2042942555374786e-05
32,2.83492179693173e-07,1.302466026882055e-09,0.006427064688222926,8.177453331081905e-06,3.228341871245732e-07,0.9924505827242877,7.860269440935221e-08,1.7200677395623804e-06,1.0930698967813933e-05,9.88185605947436e-06,4.822555343225651e-07,9.445979214164546e-10,1.025748085625961e-06,7.785485397024122e-08,9.516933278746625e-07,0.0002102289483219179,4.154021535955543e-05,5.116705305582572e-05,1.6403671239351274e-06,2.3940673812476752e-06,0.0007592686362648806,2.7984694592361358e-08,2.2104762393986084e-06,1.0402313455104918e-05,9.537721567880142e-06
33,2.6171698515691223e-07,1.232495346975204e-09,0.005931890939231977,9.228709790733757e-06,3.2622622838102867e-07,0.992916067087839,7.370738697842709e-08,1.7688757743686746e-06,1.0129545075718816e-05,1.0216981742860158e-05,4.965302285754508e-07,9.380100288463927e-10,1.1007013786986112e-06,8.701161397479577e-08,8.391515529345568e-07,0.0002224459565810724,4.848533392184221e-05,5.342323725821769e-05,1.4861948763863437e-06,2.787623672817212e-06,0.0007662185987109962,2.910401452896266e-08,2.5074513992974476e-06,1.0790695396909905e-05,9.336448832913801e-06
34,1.2198725245479884e-07,1.1692089813118133e-09,0.004386013077045442,2.2817898402291927e-05,4.2018710966334893e-07,0.9938860912441876,8.920854156106286e-08,1.792388564295912e-06,4.7339926865163935e-06,3.10431390677893e-05,4.236837687961165e-07,8.070438924049336e-10,8.504948655152137e-07,1.9804452414659365e-07,5.366695120875909e-07,0.00027844105821946314,8.987321682659631e-05,6.303285375753222e-05,5.020892171878358e-07,8.637863973697823e-06,0.0011898557724642604,3.1102669827305544e-08,9.414161374364689e-06,8.70661849691802e-06,1.637127121927109e-05
35,7.285486954145723e-07,1.331677120382383e-09,0.011737992273211057,1.1817466712627955e-05,3.8551364627158614e-07,0.9865545498743903,1.4648761810885345e-07,3.229653370929575e-06,1.9840895417317278e-05,1.215786587397819e-05,5.65118703281731e-07,1.7018381688315678e-09,1.6923080690176696e-06,8.549164558388413e-08,1.2138415216236298e-06,0.00026862531500035743,5.8894984977518035e-05,0.0001607821509310254,1.9199630519951605e-06,2.1802764079326843e-06,0.0011333279034058373,4.729717557620091e-08,1.6469700794895751e-06,1.2887485049024035e-05,1.5279281530428047e-05
36,5.333568933292169e-07,1.6508737303974448e-09,0.010375173169942048,1.1568596670890581e-05,5.151415261275586e-07,0.9873774538186607,2.0271426383117675e-07,8.294261384806983e-06,2.5162265595592964e-05,1.0935704179625697e-05,1.0030299683114301e-06,4.300142006680316e-09,3.2761560548034943e-06,1.4760979423937943e-07,2.4158272751828047e-06,0.0006907250962464713,7.757154724914457e-05,8.88739126604266e-05,4.362229288136579e-06,3.870042268145964e-06,0.001288661723946359,9.498337169644279e-08,1.9347952246113783e-06,1.4477588646016092e-05,1.2740477873459091e-05
37,4.341128135636248e-07,1.2866352345975644e-09,0.008737975483494281,1.203121297807199e-05,3.450527925438031e-07,0.9901526535108219,9.735831582373828e-08,1.636279122697758e-06,1.0026620414547536e-05,1.3651279526664778e-05,5.231630173351912e-07,9.493050944866115e-10,1.1803809375359598e-06,8.253943049921466e-08,6.239044427496408e-07,0.00019478395889516604,3.94095894863859e-05,8.462991725847137e-05,1.2192783010899838e-06,2.711639928319553e-06,0.0007168093694910415,2.1532922417739772e-08,2.7620298174144367e-06,1.5543595105507936e-05,1.0845954745416148e-05
38,2.6732989792239447e-07,1.4102269078632178e-09,0.006552463412927964,1.2851087289902634e-05,3.6813823482794523e-07,0.9919907294893864,8.448749941213889e-08,2.1793974888173237e-06,1.142202031800484e-05,1.1638998547504995e-05,5.746954333940006e-07,1.1487932547766669e-09,1.1582941538911967e-06,1.0994210698706301e-07,9.382479964848726e-07,0.00023877477086283244,6.243001214088327e-05,6.651523447115763e-05,1.3674866280332808e-06,3.606141754491088e-06,0.0010169352257442036,3.676912372661717e-08,3.1817969461578127e-06,1.0985659136785807e-05,1.1378802889992072e-05
39,5.446990299701016e-06,1.4040521272107675e-06,0.011631949827075367,0.0022249048383901886,6.882249224251502e-05,0.981335780413149,5.2349007043058116e-06,6.127886535624645e-06,0.00010745945905736592,0.000294255148903186,6.807307572186213e-05,5.401436208087142e-08,1.7574972434896538e-06,0.00010697692000096918,4.305047676969934e-06,0.000534699358045554,0.00011843347395016432,0.00041575196233770796,1.2333435518054907e-06,0.0003178504113712496,0.0005671443437094886,1.260192208989507e-07,0.0014657787452660822,0.00021972761063484707,0.0004967021684224518
40,2.6701041195809486e-07,1.2739380880203473e-09,0.006237684072564381,9.421079522699481e-06,3.3110750054805095e-07,0.9925908646950434,7.688825773487035e-08,1.7027760147477019e-06,1.0619739815976296e-05,1.049270818356502e-05,4.771918339282996e-07,9.235619537341682e-10,1.0249715848499537e-06,8.260375989493937e-08,8.852312457766142e-07,0.00022063901706884695,4.5496085854247356e-05,5.426551235324488e-05,1.413865556163151e-06,2.736407830238816e-06,0.000788688823345995,2.7896021852787164e-08,2.4485092445156487e-06,1.0451080907662157e-05,9.900528577586963e-06
41,8.274817080089332e-07,1.849579272229506e-09,0.01453361677580403,6.792694895045196e-06,1.0944818188020766e-06,0.9842607372423664,1.6952081632466486e-07,1.626033127825797e-06,3.947414361848912e-05,5.342074748148302e-06,5.56591958491293e-07,1.7609173407767142e-09,2.829184612242314e-06,5.2223333108140293e-08,2.6317382862269933e-06,0.00041410077560442865,3.709555238136852e-05,5.744351579938736e-05,1.5062746995459059e-06,2.94855453861339e-06,0.0005984239873093862,2.113478178390611e-08,1.260751590912552e-06,1.2515057687945344e-05,1.8930598017065263e-05
42,1.8117142243042114e-07,1.0956394817287028e-09,0.006104465671038799,8.38133451132156e-06,2.032618175923953e-07,0.9922020216819225,8.301963636229329e-08,3.662796813747898e-06,1.277838196662219e-05,1.1534411191296143e-05,5.267627561774483e-07,1.2635702925919172e-09,9.001894064771178e-07,6.361275671548543e-08,1.3401432584771202e-06,0.00042715220258137705,3.640570119340051e-05,4.576377780931038e-05,2.971408394243318e-06,2.195121764957858e-06,0.0011207841416490873,5.8477466088312606e-08,1.7052098473878918e-06,1.1330524699741195e-05,5.488636886102525e-06
43,1.292680302828103e-07,1.0901270086196127e-09,0.0036799375322189953,7.105143731147483e-06,1.9425006220688758e-07,0.9947109278705689,5.519028267824951e-08,1.361710735503166e-06,6.290464703515501e-06,2.3595380465817217e-05,2.3142102089857372e-07,5.051717454701963e-10,6.701389262389762e-07,6.66197699909286e-08,6.813864706823624e-07,0.00022400064803544312,4.6849305314834075e-05,5.152677440289428e-05,1.4463191963006859e-06,2.8608007930665383e-06,0.001224063416758127,3.900288352270128e-08,2.479097749010913e-06,7.876646020522107e-06,7.610016560586394e-06
44,2.7908413005705834e-07,1.2797205422479602e-09,0.006589157732250567,8.905896302576608e-06,3.383535815450752e-07,0.9922621065501837,7.987171334113141e-08,1.6770495485012304e-06,1.101711019285316e-05,1.006932945592949e-05,4.7535734695915364e-07,9.498883609439788e-10,1.0498819647679024e-06,8.09154375428454e-08,9.283504619267067e-07,0.0002148044790926148,4.359031471030232e-05,5.310656057399795e-05,1.4314506290741509e-06,2.6025707838004612e-06,0.0007754761051493868,2.7167930221919757e-08,2.339310929385397e-06,1.0228820978401778e-05,1.0225507043617387e-05
45,2.956083910045045e-07,1.181947930280668e-09,0.007721614070757357,7.698335039775782e-06,3.2546208758278594e-07,0.9912059479707872,9.011896431633698e-08,2.3141739455201884e-06,1.3056928778805286e-05,8.568383505240505e-06,5.734281833096935e-07,1.0337578827615278e-09,9.525690189033793e-07,6.512523072021706e-08,1.2651729409324563e-06,0.00027590259622078494,3.3776955266317644e-05,4.7789387471552015e-05,1.8634719665712426e-06,2.1561248484603123e-06,0.0006545924067921002,3.065581941391219e-08,1.8247711820574874e-06,1.0987837374821093e-05,8.30622972136162e-06
46,1.7095517060698743e-07,6.966402223700763e-10,0.003171146309056423,8.241798965779073e-06,2.2393674955312254e-07,0.9955607129518788,3.1023862922878166e-08,1.2474643198617743e-06,6.449217742919044e-06,6.023911894199128e-06,4.50262333195725e-07,6.317180370104651e-10,1.2180340788674314e-06,8.871150879078538e-08,5.125119480721922e-07,0.00015722718827680492,0.00011808781066540692,5.756100322440007e-05,1.1526844198769759e-06,2.6179955652157567e-06,0.0008877314670951161,4.171205816428498e-08,2.3933785614527877e-06,9.266556841125592e-06,7.401785424525548e-06
47,4.215122409547893e-07,1.2756156047724976e-09,0.007310106704562315,7.81965794327088e-06,4.5979998418722083e-07,0.9908764753634229,1.091442639606159e-07,1.8324541144208898e-06,1.7975324299103972e-05,1.0427661152552863e-05,4.1316888281545027e-07,1.6480239070642288e-09,2.515157478311131e-06,7.365700004994234e-08,1.3676610497470031e-06,0.0004193400882582821,6.126109652211557e-05,7.317756455601132e-05,1.917331520292931e-06,3.1959340639105924e-06,0.001183434393141923,4.0304371954644556e-08,1.6105453778655578e-06,1.2131207702549902e-05,1.389134445104303e-05
48,1.660763574098073e-07,1.0476074983349329e-09,0.003091774173792419,5.587997537351525e-06,1.5822741222397607e-07,0.9962708059766094,4.037978447697854e-08,1.4453510598651158e-06,5.296031258440303e-06,9.191965369090863e-06,3.9288533177047633e-07,4.697066216479524e-10,5.907626662554944e-07,6.360545169523791e-08,4.5293940582427904e-07,0.00015600122374223233,3.0354195030066296e-05,2.9392288531151922e-05,2.3481449443051843e-06,1.4437428687419012e-06,0.00037924432319407165,2.0586626440204837e-08,1.7042508492137837e-06,9.662923767149615e-06,3.860431095884611e-06
49,2.6064553207164944e-07,1.2349912709683849e-09,0.007239940945331175,9.89415110839919e-06,2.815123334798029e-07,0.9915931436767425,7.898269581472959e-08,1.5370512074063054e-06,1.029233472981704e-05,1.0634571995411319e-05,4.450256065582381e-07,1.0206419672357317e-09,1.0090643827756698e-06,8.719014493821572e-08,8.072028466912697e-07,0.00018684858215555535,3.8386651004555556e-05,5.2986107640775285e-05,1.232080200756246e-06,2.3968253677353863e-06,0.0008266807635059974,2.56937171526546e-08,2.4620027246672413e-06,1.008446767966364e-05,1.0482215712831536e-05
50,3.7928473231607093e-07,1.9952654914807297e-09,0.009795348770757687,9.827982340477952e-06,5.847675421348754e-07,0.9887368320727257,2.8001692415709274e-07,4.265797132652283e-06,7.754875362103838e-06,3.3892119432019084e-05,5.739740542725877e-07,1.677799583301897e-09,1.2426996774067376e-06,1.7577072580617478e-07,1.2312379915706192e-06,0.0002599184044771819,4.630000737387779e-05,6.24509639050374e-05,2.122991229630114e-06,3.9098127128980775e-06,0.0009991544484055004,3.2983918082264237e-08,4.8325726917993664e-06,9.003428747301702e-06,1.9881344075367917e-05
51,3.7121091925981534e-07,3.6505749758739243e-09,0.006864527784918133,2.3701551554606446e-05,2.075570256808817e-07,0.9919165249344166,7.462983669571726e-08,3.5860108205293362e-06,1.4546454037901595e-05,1.4321739925826456e-05,6.931044545711066e-07,1.3622821371906934e-09,5.40724892474637e-07,1.955053849531154e-07,9.276827006291718e-07,0.00018180153551950444,4.3026196313666005e-05,8.41978450010939e-05,2.2397058285701585e-06,2.498331063598483e-06,0.000824340183701533,5.334568600851536e-08,2.530511193265484e-06,1.0869036357866874e-05,8.219405590171204e-06
52,2.3652055454432548e-07,2.0795719004704886e-09,0.009544649005019001,1.6078661188683747e-05,4.889074256417445e-07,0.9885584275971123,1.6493007992086458e-07,2.7977224662028206e-06,1.3371912903973996e-05,1.2656373919610627e-05,6.233377941059115e-07,2.009127633911909e-09,1.4985085378818874e-06,1.0609729765308647e-07,1.0258356435150634e-06,0.0003002568338159937,4.298969754211693e-05,3.0432203661490497e-05,1.8258923852388476e-06,3.872172195802379e-06,0.0014402631538180137,2.6803377235995055e-08,4.356440858716859e-06,1.2967725750475302e-05,1.0879577952305474e-05
53,3.364376635230316e-07,1.989892018807252e-09,0.012607916981465466,1.4998164778837621e-05,7.746208455435441e-07,0.9856300503378751,3.141845731395996e-07,4.367713636051492e-06,1.6260302272711022e-05,1.9970589966343635e-05,9.072942711758139e-07,2.633117921317266e-09,1.6319085208757236e-06,1.2483518866556692e-07,2.097345534717649e-06,0.00042999750874715974,4.071590546111182e-05,5.51880408406706e-05,1.8965486777284344e-06,5.334476617348523e-06,0.001129449212205972,3.6375297263212694e-08,5.052338579327835e-06,1.4053334792398915e-05,1.852091917900398e-05
54,3.31062328027321e-07,1.9136218957625506e-09,0.006461503269308856,6.7896285478214065e-06,4.02879417661643e-07,0.9926195759746259,9.787767194486624e-08,1.1756427803915829e-06,1.089109495811348e-05,1.287178537019979e-05,3.0680089196632163e-07,9.175684666278914e-10,8.665656294587107e-07,9.622341569762738e-08,1.21868672499357e-06,0.00018643892660034228,2.9398350358746584e-05,4.040430084013468e-05,1.2782046103735482e-06,2.293506878152883e-06,0.0005991281214502755,1.9695067529926612e-08,2.08570552604999e-06,6.6930670108921145e-06,1.6129798796269016e-05
55,6.727528341640698e-07,1.6393171332040245e-09,0.012037422653420178,1.4553387733872721e-05,3.8154549756230446e-07,0.9860377668435291,1.4165402094658063e-07,1.7529031921889958e-06,4.665687303441036e-05,6.9969896012221504e-06,4.5457263978607407e-07,3.834924057334453e-09,4.097108228934184e-06,6.914418687302476e-08,1.522835360948679e-06,0.0004232474289421966,3.8614398303953947e-05,0.00010973475422247162,1.8937140182717216e-06,2.4371351173679394e-06,0.0012374477302648785,3.6195972965578517e-08,1.0346403524590947e-06,1.7308478702506706e-05,1.575078658141575e-05
56,3.044449952173987e-07,1.3350983700267112e-09,0.0067502934437718275,8.942928408410705e-06,3.5404033037051756e-07,0.9920557958020538,8.469856802393979e-08,1.7053928090484504e-06,1.1750965057523248e-05,9.969602443453273e-06,4.932741305205839e-07,1.0900944500413697e-09,1.2455322344104944e-06,8.546447476655475e-08,9.578605793293163e-07,0.0002166663356733408,4.62387082267247e-05,5.540978245211036e-05,1.551933240426431e-06,2.6690522181122006e-06,0.0008114500549017414,2.8757923165936703e-08,2.336577345004941e-06,1.0845351559035068e-05,1.0817571410896962e-05
57,3.190976170408445e-07,1.521769418304317e-09,0.007399172999724064,1.0921949251758164e-05,4.2793829985876936e-07,0.9907079863301508,1.270295615600336e-07,2.8258048110854613e-06,1.5373127886711705e-05,1.3401120389052574e-05,5.213686801110529e-07,2.0622320327880784e-09,2.2784605410466065e-06,1.1557608586815871e-07,1.2568132865751471e-06,0.0003804300980469922,6.374664964625499e-05,6.523842276575029e-05,2.1018190126532757e-06,4.003914552979071e-06,0.0013022345450844667,4.620994337867361e-08,2.511432661380739e-06,1.1837426183222484e-05,1.311828181595365e-05
58,2.957600831733982e-07,1.1616054963998634e-09,0.006743391247619973,8.561454601358007e-06,3.118648870083628e-07,0.9922183995230345,7.531006586266878e-08,1.549628652655786e-06,1.1092559035042447e-05,8.490688014535118e-06,5.101950356273574e-07,9.844133676088093e-10,1.1595668761502778e-06,7.008690655009767e-08,8.288850080619148e-07,0.00020518109092273443,3.7520616023531116e-05,4.944602827699838e-05,1.5418528117190232e-06,2.283890230296977e-06,0.0006859077925583625,2.377534730832313e-08,2.1910720267908963e-06,1.2417965313747222e-05,8.74700064928965e-06
59,2.6732376983506517e-07,1.131995317463102e-09,0.007131275319552595,8.714864405091669e-06,3.0158175014439506e-07,0.991805299084622,7.480956675251189e-08,1.5415130310743777e-06,1.0718251242417956e-05,8.794371393100932e-06,5.001632361668553e-07,9.087055033282681e-10,1.021743592781716e-06,6.550948704046687e-08,8.304486588305435e-07,0.00020596374603141523,3.495057897210778e-05,4.607654213799522e-05,1.421630134701885e-06,2.3163157968683768e-06,0.0007170496411356614,2.301950777695154e-08,2.2640088870212504e-06,1.2151488666837043e-05,8.376003720936297e-06
60,2.7908413005705834e-07,1.2797205422479602e-09,0.006589157732250567,8.905896302576608e-06,3.383535815450752e-07,0.9922621065501837,7.987171334113141e-08,1.6770495485012304e-06,1.101711019285316e-05,1.006932945592949e-05,4.7535734695915364e-07,9.498883609439788e-10,1.0498819647679024e-06,8.09154375428454e-08,9.283504619267067e-07,0.0002148044790926148,4.359031471030232e-05,5.310656057399795e-05,1.4314506290741509e-06,2.6025707838004612e-06,0.0007754761051493868,2.7167930221919757e-08,2.339310929385397e-06,1.0228820978401778e-05,1.0225507043617387e-05
61,2.8603079331889006e-07,1.2210775743469158e-09,0.007377980479548457,8.868465716443424e-06,3.167480318769721e-07,0.991520425141886,8.253746145530222e-08,1.6353544502879056e-06,1.1153450238723142e-05,9.42644416722789e-06,5.107619541321075e-07,9.8365335054355e-10,1.0517798911077327e-06,7.013041606714022e-08,9.036466897662127e-07,0.00020611947603591625,3.618566572195678e-05,4.943678358386475e-05,1.4887646115878012e-06,2.339374407996225e-06,0.0007482102007579254,2.4899034323256348e-08,2.314393515197039e-06,1.1953734183505275e-05,9.21353217189083e-06
62,2.7908413005705834e-07,1.2797205422479602e-09,0.006589157732250567,8.905896302576608e-06,3.383535815450752e-07,0.9922621065501837,7.987171334113141e-08,1.6770495485012304e-06,1.101711019285316e-05,1.006932945592949e-05,4.7535734695915364e-07,9.498883609439788e-10,1.0498819647679024e-06,8.09154375428454e-08,9.283504619267067e-07,0.0002148044790926148,4.359031471030232e-05,5.310656057399795e-05,1.4314506290741509e-06,2.6025707838004612e-06,0.0007754761051493868,2.7167930221919757e-08,2.339310929385397e-06,1.0228820978401778e-05,1.0225507043617387e-05
63,2.803140837065801e-07,1.4730763412282442e-09,0.006486296196817688,9.074442750918124e-06,3.4285369953264936e-07,0.9923563083854596,8.040950457023913e-08,1.5781221624569797e-06,1.1037562889463857e-05,1.0590066027131474e-05,4.6387982437727016e-07,9.576753252076142e-10,1.0228510178418259e-06,8.442417853119654e-08,9.278010879519704e-07,0.000203140528058386,4.252354026648167e-05,5.009262544819087e-05,1.4815976830400059e-06,2.6025670667969145e-06,0.0007989982132752207,2.6965383207088676e-08,2.4455589150043805e-06,1.0218983341707462e-05,1.0379680306234412e-05
64,2.4629823372633014e-07,1.327895738069233e-09,0.006378938235240427,9.227204452379407e-06,3.1689416869420444e-07,0.9922348863895075,7.87412517258254e-08,1.518241710302585e-06,1.103150716464768e-05,1.109225943246927e-05,4.1993354741736906e-07,1.0217041857652879e-09,1.144864728272571e-06,8.147474644166564e-08,9.08597511431986e-07,0.00020667018516027494,4.6241522475684977e-05,5.15922499758577e-05,1.4267907395207656e-06,2.734588015179647e-06,0.0010180665444680162,2.989698326779111e-08,2.510425448370939e-06,1.0208604631348775e-05,1.0626200807023178e-05
65,3.720078513603038e-07,7.731482120055485e-10,0.005961683194122591,7.204772247982617e-06,2.783893856584131e-07,0.9931122784174624,4.261367859677039e-08,9.993280091109384e-07,2.0828880389020913e-05,3.069522184076004e-06,5.854081476877236e-07,1.0074899922318881e-09,1.7024810070952281e-06,4.0381036835644696e-08,9.541738229735323e-07,0.00025364325350837294,4.2116717198953324e-05,6.264066988460185e-05,1.48293680521762e-06,1.6156320101778715e-06,0.0005047878187119096,2.693835133462813e-08,1.0288170237352045e-06,1.5833093295996314e-05,6.782773226041985e-06
66,2.8509221320421816e-07,1.3777433104446126e-09,0.006804472028485398,1.0487175316895437e-05,3.241866906565097e-07,0.9920055427196266,8.664748635400454e-08,2.1152474746826405e-06,1.1808809580311387e-05,1.0284327552862011e-05,5.28280060840851e-07,1.133076309636804e-09,1.027506831384307e-06,9.709973050484384e-08,9.814329496751245e-07,0.00023449910690482648,4.4530894997648186e-05,5.643229961648974e-05,1.5417267549134567e-06,2.609470461917915e-06,0.0007895731854413182,3.160070875656241e-08,2.413466579406928e-06,1.0121027754257898e-05,1.0204155961644447e-05
67,6.668703937977991e-07,2.561239851067069e-09,0.016181778712253153,9.217184882177733e-06,6.185671324015844e-07,0.9821953901066202,2.8634718404447545e-07,5.153076909957467e-06,3.1072453241690195e-05,1.2403955169732726e-05,8.849033421476997e-07,2.1900097172905335e-09,1.0714716759971404e-06,6.531516284013043e-08,3.6187370864699693e-06,0.0004356024221585847,3.149637050536791e-05,7.290168259361901e-05,3.738518441411093e-06,2.0605203123481344e-06,0.000984165356272399,5.301454674272429e-08,1.576542248266084e-06,1.2209711452487541e-05,1.3963409164722696e-05
68,2.715552566140086e-07,1.3712552595680927e-09,0.005325585008932653,6.323279427783653e-06,4.299135092369564e-07,0.993680130956667,7.950960899642025e-08,1.6299352559020595e-06,1.136058044639256e-05,9.119775612235045e-06,5.175368953679797e-07,8.540303673688106e-10,1.0320292548320932e-06,7.352621305781333e-08,1.36723901943177e-06,0.00023587466332205008,4.561651515115779e-05,4.405015791212409e-05,1.8000298999515622e-06,2.7694439452175763e-06,0.0006096763891949866,3.010259533273629e-08,2.171771084707453e-06,9.645826472008998e-06,1.0442029037442107e-05
69,3.0027193185628127e-07,1.270708702687144e-09,0.006455323754789407,8.314596116697261e-06,3.4374001716695754e-07,0.9924045174454696,7.965781170287228e-08,1.5970773632106627e-06,1.1552523994485828e-05,1.005773982667216e-05,4.3395764728419357e-07,9.157975114167446e-10,1.0636389912192352e-06,8.111113105217133e-08,9.668916365757933e-07,0.00021133172274417455,4.686471954649868e-05,5.892843639850803e-05,1.3908940668614005e-06,2.466238880617602e-06,0.0007619054822047819,2.84354665482626e-08,2.066101784508109e-06,9.153873027003133e-06,1.1229502646934338e-05
70,1.262992314348517e-07,8.751261120899087e-10,0.0035293824979910926,5.547872428362995e-06,1.5986830680979993e-07,0.9956842217913384,4.260248743661178e-08,7.67981532332091e-07,6.557256227284341e-06,7.112407309852413e-06,4.1347544227780796e-07,4.698828718877214e-10,3.8625668990244523e-07,3.5351891425557796e-08,6.644714030298404e-07,0.00011948770431222985,2.0101078438087263e-05,2.4673098028622863e-05,1.6120061320872827e-06,1.027825009608047e-06,0.0005797247416788585,1.9510033746645347e-08,2.1341544125612653e-06,1.103244535073878e-05,4.767959314803261e-06
