,0,1,2,3,4,5,6,7,8,9,10,11,12,13,14,15,16,17,18,19,20,21,22,23,24
0,0.00041457285914817647,1.0226508035475433e-07,5.6511000903966356e-05,0.0002618278066069823,1.249216120499315e-06,0.9148544830620615,0.0006046615935332367,0.0009736340560760075,1.4215809436689703e-05,3.469493971045716e-05,8.204182783110641e-05,9.903586517654871e-06,7.693883926781523e-08,1.1631595600567109e-07,0.00023085540343570297,0.01047790593957858,0.010221183936083077,0.00043215152352773817,0.0003462120228917415,1.0312440750391799e-07,3.7138314140304775e-05,1.5535129504723719e-06,0.060909041741292455,1.4308862201498487e-06,3.433231765016709e-05
1,0.0004237994038788904,1.262172603202163e-07,8.239316404024404e-05,0.00033488094440818335,1.519954117691873e-06,0.8995611962978469,0.0007995787663873941,0.0011871459004320548,1.5398048806453376e-05,4.667337756674914e-05,7.762191757353473e-05,1.2424951217813994e-05,1.0049340772798197e-07,1.2738967257775917e-07,0.0002337767536351238,0.018089990983978864,0.013145553661260578,0.0005540148191807686,0.00044298177584743806,1.435697824361007e-07,4.5433715042923204e-05,1.4241559570154735e-06,0.06490260794340037,1.9074700676788134e-06,3.917832523052317e-05
2,0.0005394168660196781,1.8861964855346483e-07,8.757164115507683e-05,0.00042216251425878645,2.3984305513567798e-06,0.8899231458631867,0.000864483084977165,0.0015098538778929762,1.9072421467369576e-05,4.6288181852436926e-05,0.00012192475165631201,1.7990541983420497e-05,1.1291385959443073e-07,2.2068331393298433e-07,0.00034321981482263837,0.015069039966867603,0.016482293615283954,0.0005455236355314204,0.00041003560006325825,1.639236086285208e-07,5.297278311365648e-05,2.1836633793053924e-06,0.07348142313687539,2.1056037897495758e-06,5.6207864841089306e-05
3,0.0005471316837532872,1.507659429899145e-07,7.425491836228825e-05,0.00036508660766697694,1.7967324668678216e-06,0.8970834726825897,0.00076671120898715,0.0012427478342676777,1.3090662729070329e-05,3.701976009868401e-05,0.00010608903079898898,1.4642705553482856e-05,9.656929384893949e-08,1.321568020622089e-07,0.0002464356094951477,0.013569006698009358,0.016728427670975595,0.0005363249969029646,0.0003938863587843701,1.1483675885194183e-07,4.589289879164619e-05,1.7065390095863618e-06,0.06818555908563205,1.6391901240871517e-06,3.858279620326302e-05
4,0.0006046792871061317,1.7356743154016285e-07,8.613656277737704e-05,0.0003853921746439329,2.099642494949841e-06,0.8938241022064901,0.0008538541736122212,0.0013949058424175846,1.4901418024110583e-05,4.1040897807831734e-05,0.0001227827283987495,1.693662183881521e-05,1.1952993065747925e-07,1.6541928740818927e-07,0.0002559922999438547,0.013890308927036733,0.01748704033398204,0.0006060056324453097,0.00042020838222007,1.4064710788106426e-07,5.4013140993803566e-05,2.0103151936768026e-06,0.06989179165132388,1.8785612714946504e-06,4.3320036219754164e-05
5,0.00048462048334193457,1.320637189655148e-07,7.399833682615397e-05,0.0004022663356969594,1.9432330633204055e-06,0.8930102225294643,0.0007349553769935561,0.0011147783365116155,1.2305555647782204e-05,3.8627699758475754e-05,9.851039369962008e-05,1.2233135789982079e-05,9.603426754647573e-08,1.277349005507433e-07,0.0002015461113104277,0.012095574737718044,0.015202665956325986,0.0006683536225402992,0.0003824067605079171,1.3114590616917326e-07,4.645785335502927e-05,1.3460373698316104e-06,0.07538440376654645,1.6894482951281248e-06,3.060731044395987e-05
6,0.0005471316837532872,1.507659429899145e-07,7.425491836228825e-05,0.00036508660766697694,1.7967324668678216e-06,0.8970834726825897,0.00076671120898715,0.0012427478342676777,1.3090662729070329e-05,3.701976009868401e-05,0.00010608903079898898,1.4642705553482856e-05,9.656929384893949e-08,1.321568020622089e-07,0.0002464356094951477,0.013569006698009358,0.016728427670975595,0.0005363249969029646,0.0003938863587843701,1.1483675885194183e-07,4.589289879164619e-05,1.7065390095863618e-06,0.06818555908563205,1.6391901240871517e-06,3.858279620326302e-05
7,0.001483463933144126,1.4829447557509672e-07,0.00011476279401816269,0.00029432079445853367,1.5759675090159918e-06,0.9216022463005145,0.0008828749483256828,0.0022251654131652805,1.0076431432378585e-05,3.2911503238276656e-05,0.00020359128950463948,1.8861852079312176e-05,1.9365341585097995e-07,1.1073152989990676e-07,0.00022385739049357158,0.012335773818309142,0.017261364443846,0.0007232412573645532,0.00035953934715728537,1.237347452430737e-07,5.327244167403586e-05,2.863481723664338e-06,0.042139904665970875,1.1572097429971732e-06,2.859830216146304e-05
8,0.0005640579734196468,1.9041071959375203e-07,0.0001239240906836932,0.0003912744522743186,1.92745804273902e-06,0.8791323100428816,0.00045717720596025066,0.000820468595506152,1.4475689386426452e-05,5.6356835965291565e-05,8.52460373474402e-05,1.6047363186420483e-05,8.548332515403464e-08,1.7104163973003503e-07,0.0002832082165834966,0.015266790353701837,0.02082006600890897,0.00035439358050615854,0.00022491074977655067,1.459953031902956e-07,2.779773238611098e-05,1.420214824779335e-06,0.08128676204025156,2.749936969061716e-06,6.804249044983971e-05
9,0.0003513696319012677,2.217013296122894e-07,0.00014628062678278495,0.0004168732497317828,1.8538544443856662e-06,0.866339942688589,0.0005259697178456803,0.001135247950336139,1.823429051608722e-05,9.734856815433601e-05,7.474683599289139e-05,1.4207555500588004e-05,1.0065477643618558e-07,2.6822050189026643e-07,0.00029392366933176284,0.023420194399463204,0.019470757641309903,0.00047173296025976145,0.000332294217212164,2.56021771017953e-07,4.2349767683548184e-05,1.4495671268909305e-06,0.08676218418664575,3.3016742668765174e-06,7.889034852640373e-05
10,0.0005471316837532872,1.507659429899145e-07,7.425491836228825e-05,0.00036508660766697694,1.7967324668678216e-06,0.8970834726825897,0.00076671120898715,0.0012427478342676777,1.3090662729070329e-05,3.701976009868401e-05,0.00010608903079898898,1.4642705553482856e-05,9.656929384893949e-08,1.321568020622089e-07,0.0002464356094951477,0.013569006698009358,0.016728427670975595,0.0005363249969029646,0.0003938863587843701,1.1483675885194183e-07,4.589289879164619e-05,1.7065390095863618e-06,0.06818555908563205,1.6391901240871517e-06,3.858279620326302e-05
11,0.0006008963845563752,1.6409843691841444e-07,8.055935173514624e-05,0.0003803050273103522,2.011901583312481e-06,0.895752402057632,0.0008234739977473809,0.0013028664321559497,1.4227318430695962e-05,3.8761502933797876e-05,0.00011660510172127679,1.6443591837004035e-05,1.1419256044278773e-07,1.4519355312210725e-07,0.0002577718953695891,0.014187828313514398,0.017324305382492577,0.0005693917984987946,0.00041382474758243484,1.3117329039766513e-07,4.951626445753829e-05,1.925832375453622e-06,0.06802320434012682,1.846921959086565e-06,4.12771781392664e-05
12,0.000560752562897849,1.5449782024275413e-07,8.053433625904377e-05,0.0003638291319019285,2.1133262385521743e-06,0.8907382102962934,0.000773953514619618,0.0011384775834216508,1.3919378329730132e-05,3.66483785664837e-05,0.00011240066632440251,1.4837015566391014e-05,9.874268821266676e-08,1.4477534999730138e-07,0.0002404660732371516,0.01271980821737578,0.017769026030949434,0.0005350246663477978,0.0003667247193916888,1.2382022660715063e-07,4.9249100007571766e-05,1.6815811586723347e-06,0.07443809763121355,1.9053135992269736e-06,4.181864021507063e-05
13,0.00203728699016931,5.222963814824178e-07,0.00017001747145691995,0.0005809907817441303,5.570230883865731e-06,0.8537446143940476,0.0016418706054371816,0.0062228436806915114,2.845527902790402e-05,4.7242285094561476e-05,0.0007386631943759923,8.45193487257695e-05,2.879239209629733e-07,8.167835844600746e-07,0.0007368011864961644,0.018623861849381855,0.04066577996429427,0.0010349505625250955,0.0006785840448507698,2.258973689127411e-07,0.00015152334780103575,9.908857139368617e-06,0.07264020588464543,2.6466016138519885e-06,0.00015181053834170818
14,0.0005982368532252601,2.650806212048653e-07,0.00010222567197551662,0.0006885626394295012,7.048117792194944e-06,0.8019541484123981,0.0010491783200331627,0.001733427288956372,7.718819119989542e-06,4.521396429371202e-05,0.0002913645801703505,1.1032839992915831e-05,1.72312850190759e-07,2.0559828774189013e-07,0.00013432831534659713,0.00948051031119542,0.04133243663098145,0.0018049203884448468,0.000978760285537434,1.8321785468976706e-07,0.0003410897900546559,1.6324283618948792e-06,0.139411893390306,2.8488270825238665e-06,2.2595915688483456e-05
15,0.0005471316837532872,1.507659429899145e-07,7.425491836228825e-05,0.00036508660766697694,1.7967324668678216e-06,0.8970834726825897,0.00076671120898715,0.0012427478342676777,1.3090662729070329e-05,3.701976009868401e-05,0.00010608903079898898,1.4642705553482856e-05,9.656929384893949e-08,1.321568020622089e-07,0.0002464356094951477,0.013569006698009358,0.016728427670975595,0.0005363249969029646,0.0003938863587843701,1.1483675885194183e-07,4.589289879164619e-05,1.7065390095863618e-06,0.06818555908563205,1.6391901240871517e-06,3.858279620326302e-05
16,0.0009254478019272901,2.1217448725002223e-07,8.046367779384917e-05,0.00043497979042616066,2.1266282162241774e-06,0.8959117800745132,0.0010385273577549466,0.0022677808153083305,1.614274281314765e-05,3.771020037155694e-05,0.00019036896948152257,2.6579468264320644e-05,1.3700009049803182e-07,2.0806673350217533e-07,0.0003749429750747055,0.015051817745063999,0.019426741081161176,0.0007300232898672412,0.0005593266010870611,1.1498792218091438e-07,6.222094650548453e-05,3.2908509780669503e-06,0.06280468292559375,1.546884958233559e-06,5.282694360621683e-05
17,0.0009894359294015747,2.1143705490955115e-07,0.00011476150531474919,0.0003787747604182296,4.302082164409246e-06,0.8685497382499142,0.0014578803143170504,0.0015005658075119398,1.8160487028114312e-05,2.972471915089885e-05,0.00023685244353749196,2.6886769232903296e-05,1.777926819507751e-07,2.47533340436878e-07,0.00019547762969191062,0.009997030233252026,0.025636813875840252,0.0008715873468027496,0.0004344368152824176,1.5157030483337522e-07,0.00010972630030308523,2.6748243267302006e-06,0.08939055752051446,2.669409467269954e-06,5.115464314554343e-05
18,0.0005850103129495814,2.740666495185468e-07,0.00011541194994111978,0.000337503139398249,2.367361786359186e-06,0.8437005492497132,0.0011534093956767951,0.0011963302244184404,2.2294170797701906e-05,5.093717874296784e-05,0.00013121123171044939,2.666781159941694e-05,1.327979987392287e-07,3.1052744412752876e-07,0.00037049355169455403,0.02290632326908052,0.026781821028704123,0.0005805752345595008,0.0005932669591565328,1.6942065687216234e-07,8.859145776113688e-05,2.49155885449699e-06,0.10123795051396196,3.5529941392248133e-06,0.00011235459260461465
19,0.0003240489654618121,1.3764994766552717e-07,5.2545318024907555e-05,0.0004597097598537807,1.7431976523418348e-06,0.917446895609787,0.0005796088222044345,0.0008782802976702756,1.4032936403950178e-05,3.818141305532132e-05,5.8057594460813226e-05,1.2248790236286093e-05,7.30840057217455e-08,1.0494964847397518e-07,0.00024172957533156225,0.011421264522617342,0.011319387084302511,0.00032179122228817884,0.0002747488109813675,1.0619769591639546e-07,2.2976871208623287e-05,1.3658602026299189e-06,0.05649862619938659,1.4964323647685071e-06,3.083883520765739e-05
20,0.0005743982911119367,1.5663300131569289e-07,5.695701030612531e-05,0.0003538704936986992,1.708878662278821e-06,0.9214199785190603,0.0007198380685035402,0.0018361715716016364,1.5150754316180331e-05,3.722066324073248e-05,0.0001333197664254055,1.4396602585710024e-05,1.1307448747903111e-07,1.621004227421131e-07,0.00029996898327457045,0.010392360933716075,0.012396959576458273,0.0005071351046603891,0.00041564240976235786,1.2174712735137605e-07,4.630573566802815e-05,3.0153730234212266e-06,0.05073904011839599,1.210810517852931e-06,3.4796779971658e-05
21,0.001108601308010989,2.9172612658534186e-07,0.00021676980971044633,0.0004868972801239206,3.1426757031204075e-06,0.8433671411384388,0.0013746976719879094,0.002030133211344018,1.776655611410191e-05,6.040659593502655e-05,0.0002015531917809712,3.837507821762905e-05,2.312264926980902e-07,3.081288429194759e-07,0.000262269655630191,0.02720584887540497,0.0332299332182247,0.0012156245261556841,0.0005286164928841443,2.526891646449642e-07,9.281225402000133e-05,2.3628767979192843e-06,0.08847334168329257,3.5396758772398435e-06,7.908245371906599e-05
22,0.0008036396900291637,1.7352071019599785e-07,0.00010682616376250317,0.0003575516178435592,1.666826130788096e-06,0.8888121341802072,0.0006068997232495668,0.0015376976020053297,7.959963728803232e-06,4.398610310176581e-05,0.00014141945164031008,1.2537241640291995e-05,1.139798127419054e-07,1.2504706551012553e-07,0.0001778386494448921,0.012265130464277785,0.027194582018381003,0.0007277388317190687,0.00039034913214662883,1.1475931137014694e-07,5.853971111842279e-05,1.8849340137926972e-06,0.06672072149662349,1.286592751218992e-06,2.9082299284501286e-05
23,0.0005471316837532872,1.507659429899145e-07,7.425491836228825e-05,0.00036508660766697694,1.7967324668678216e-06,0.8970834726825897,0.00076671120898715,0.0012427478342676777,1.3090662729070329e-05,3.701976009868401e-05,0.00010608903079898898,1.4642705553482856e-05,9.656929384893949e-08,1.321568020622089e-07,0.0002464356094951477,0.013569006698009358,0.016728427670975595,0.0005363249969029646,0.0003938863587843701,1.1483675885194183e-07,4.589289879164619e-05,1.7065390095863618e-06,0.06818555908563205,1.6391901240871517e-06,3.858279620326302e-05
24,0.00042073648894568364,1.8725888760872505e-07,5.857402221029162e-05,0.0005159661718506881,1.927821603570427e-06,0.887985616473484,0.0007398348112714521,0.0014516333197213587,1.1789300345234728e-05,4.286508825745069e-05,9.911554938107949e-05,1.4093925283315632e-05,8.704648272868213e-08,1.4153359996578535e-07,0.00025740322580188675,0.01383516786114798,0.018067595022896916,0.0006161713591249507,0.0005095627816891522,1.1135176147853047e-07,4.815730224902451e-05,1.6951327075725727e-06,0.0752866016912766,1.4381438282995634e-06,3.352731619171335e-05
25,0.001042231753144794,2.489127510660651e-07,0.00011984124425045024,0.0005981805597366995,4.245352905614384e-06,0.8744450346750847,0.0017127834520333212,0.004676259108606551,1.6514635417984923e-05,4.02170103142465e-05,0.000337567398719794,3.280794962209714e-05,2.02581193876546e-07,3.240533536874401e-07,0.00021460490063945767,0.014349087324870873,0.025687341473351555,0.0016696247211584712,0.0005890945243996709,1.9754137508793207e-07,0.00012337875279572457,3.3129426153146615e-06,0.07429455263589388,1.6544720080250958e-06,4.06920237570379e-05
26,0.0004068184566721231,8.503565013218407e-08,8.669168124910356e-05,0.000282531755167711,1.9279236098633512e-06,0.8814934441911187,0.000536413487422936,0.00047565307647933353,1.2628129122635388e-05,3.391549744635774e-05,6.575178283777444e-05,7.97559045020639e-06,6.98561561570104e-08,9.293342940077831e-08,0.00012939494841312255,0.009029389030131143,0.012777622834645296,0.0005022417612399031,0.0002201942132180229,1.2750476539970892e-07,3.343052572868434e-05,6.934531459346443e-07,0.09387062076829075,2.567416174866346e-06,2.9718147434606552e-05
27,0.0004419417177449244,1.1292763282796865e-07,4.3979530545920944e-05,0.00031127709755631155,1.3143505731528137e-06,0.932685130270953,0.0005958629961118091,0.0012392547098617726,1.6551835230805343e-05,3.163533545273649e-05,7.987892101309733e-05,1.2108155322411117e-05,7.445581220211395e-08,1.0723946250874194e-07,0.00026994269752388453,0.00988949425911879,0.008343602201487993,0.00035066945200511114,0.00032155067081435706,8.637333769814747e-08,2.5762633727621227e-05,2.1014426579594926e-06,0.04530405387061006,1.2104431824564314e-06,3.2296412260548985e-05
28,0.0005471316837532872,1.507659429899145e-07,7.425491836228825e-05,0.00036508660766697694,1.7967324668678216e-06,0.8970834726825897,0.00076671120898715,0.0012427478342676777,1.3090662729070329e-05,3.701976009868401e-05,0.00010608903079898898,1.4642705553482856e-05,9.656929384893949e-08,1.321568020622089e-07,0.0002464356094951477,0.013569006698009358,0.016728427670975595,0.0005363249969029646,0.0003938863587843701,1.1483675885194183e-07,4.589289879164619e-05,1.7065390095863618e-06,0.06818555908563205,1.6391901240871517e-06,3.858279620326302e-05
29,0.0005471316837532872,1.507659429899145e-07,7.425491836228825e-05,0.00036508660766697694,1.7967324668678216e-06,0.8970834726825897,0.00076671120898715,0.0012427478342676777,1.3090662729070329e-05,3.701976009868401e-05,0.00010608903079898898,1.4642705553482856e-05,9.656929384893949e-08,1.321568020622089e-07,0.0002464356094951477,0.013569006698009358,0.016728427670975595,0.0005363249969029646,0.0003938863587843701,1.1483675885194183e-07,4.589289879164619e-05,1.7065390095863618e-06,0.06818555908563205,1.6391901240871517e-06,3.858279620326302e-05
30,0.0005471316837532872,1.507659429899145e-07,7.425491836228825e-05,0.00036508660766697694,1.7967324668678216e-06,0.8970834726825897,0.00076671120898715,0.0012427478342676777,1.3090662729070329e-05,3.701976009868401e-05,0.00010608903079898898,1.4642705553482856e-05,9.656929384893949e-08,1.321568020622089e-07,0.0002464356094951477,0.013569006698009358,0.016728427670975595,0.0005363249969029646,0.0003938863587843701,1.1483675885194183e-07,4.589289879164619e-05,1.7065390095863618e-06,0.06818555908563205,1.6391901240871517e-06,3.858279620326302e-05
31,0.0010035430488545057,2.2223432829604003e-07,0.00013001058546372956,0.0003793201033180456,1.7222237464496067e-06,0.8869021345982411,0.0009397740199596805,0.0024889527609598945,1.2047533676193422e-05,4.7701740063611335e-05,0.00016081732001939597,2.212804706576302e-05,1.381717587560951e-07,1.7086124980933978e-07,0.00023607790820906,0.0193109577446142,0.02514819079801908,0.0008098664181340659,0.00044376819106413845,1.3083138358484388e-07,5.937047521218226e-05,2.418882056468222e-06,0.06185212861196363,1.5161143205438807e-06,4.689077631787547e-05
32,0.0005083509735968845,1.47667219760067e-07,6.85820534304199e-05,0.00037100121707287886,1.7758519644260832e-06,0.8950060691098359,0.0007772263429375819,0.0012109368216608224,1.324467672088449e-05,3.767142101767229e-05,0.00010134972971698609,1.3659184587224518e-05,9.591183303845688e-08,1.2671518806832202e-07,0.0002570712018166218,0.014043514059673908,0.016220412073813,0.0005487855415341536,0.0004553612929441185,1.1460129301284161e-07,4.859453038627584e-05,1.685391661366428e-06,0.07027524309706873,1.6635914226468471e-06,3.73169416036223e-05
33,0.0013693611444660935,3.4619083580337683e-07,8.560971414524641e-05,0.0006208475596295415,3.088977114661272e-06,0.8635461501990562,0.0016251957945990522,0.0035145549531953235,1.0966215368227583e-05,3.300500097695804e-05,0.00030349532629234024,4.885687544894396e-05,2.3418992891330566e-07,1.7567659828319325e-07,0.00023883075601619308,0.02195542122310036,0.04195319059380296,0.001290363257367215,0.0008150794373023423,1.2169651306479748e-07,9.40980063053463e-05,4.441873995369444e-06,0.06244437054464411,1.6676907740689666e-06,4.052710252323882e-05
34,0.0005493310375359027,1.5039953992393337e-07,7.426899866247483e-05,0.000364827534515635,1.7970978897176804e-06,0.897177084686422,0.0007668553313961478,0.0012439469169539866,1.3082966194198978e-05,3.694772878197811e-05,0.00010634770302460127,1.4632107296824993e-05,9.664632881823702e-08,1.3190675216891252e-07,0.0002465345457846591,0.01354453415387158,0.016710720360547705,0.0005373173564045945,0.0003941287772187536,1.1466932780769125e-07,4.591732362625499e-05,1.7077737249005347e-06,0.0681293792385003,1.636746035344667e-06,3.8507993663592633e-05
35,0.0004924862059960236,1.6309984814813987e-07,7.877047987731087e-05,0.00038997991250605275,2.1056572585794584e-06,0.8874564327560407,0.0007578090623472876,0.0011333187639450332,1.364204521533196e-05,3.8683362179514964e-05,0.00010616698273878384,1.4379776525448947e-05,9.467109126677552e-08,1.5078647426399172e-07,0.00026922559680339403,0.013210669441687915,0.017945385389138924,0.0004887636023915719,0.00037928767312538834,1.271426318742611e-07,4.99079872439028e-05,1.6043644548573797e-06,0.07712572100892752,1.8457006327719798e-06,4.327853091824315e-05
36,0.00048730061697557705,2.0306457392646906e-07,5.498185549181794e-05,0.00035554800822738407,7.113727182834434e-07,0.91610576879954,0.0007677338912110086,0.002492503695580448,1.2657650776610544e-05,5.543588425764697e-05,7.30155091409065e-05,1.9594954531635336e-05,1.0566858169661421e-07,1.2888840844357896e-07,0.00027557494949201236,0.025211069586236815,0.016533909976025673,0.0005387208750621205,0.0005227129945801688,1.0564081394064921e-07,2.540824041904173e-05,3.2862130257846715e-06,0.03642711536883152,8.029316586512133e-07,3.560336383894125e-05
37,0.0011003805923338026,1.7572899205865862e-07,0.000165945568278044,0.0003556864759860666,3.3351079168995168e-06,0.8703732542274432,0.0013046714875271212,0.001199707245882466,1.8411177692722624e-05,3.88270747925081e-05,0.00017276083068602628,2.525839550905815e-05,1.9345211749169313e-07,2.0415883372780295e-07,0.00020141827482534586,0.015174999018571758,0.022638019106832427,0.0009373473599704699,0.0003946944247998102,1.8817561771846025e-07,8.152768647748645e-05,1.910269988099812e-06,0.08575152740450732,3.4453889227517226e-06,5.61113654955956e-05
38,0.00046203350117213763,1.098321431763332e-07,5.8213550638607214e-05,0.0002960965946103299,1.0732248043542024e-06,0.9107344160518897,0.0006864118885280992,0.0009625400016908099,1.0212243863227392e-05,3.451739590231461e-05,6.797946773645698e-05,9.881021141623294e-06,8.471167240762301e-08,7.524955665166003e-08,0.00021010656116218752,0.014818102118363461,0.01294700552131322,0.0004991506164835376,0.0004147950514984616,9.475118817663488e-08,3.486774683089986e-05,1.2960343714580792e-06,0.05772359549741833,1.2506518551579059e-06,2.6090714165228385e-05
39,0.0003578964062147757,4.2189079189060727e-07,0.00011344928383933357,0.0015253096082567716,5.547141803023111e-05,0.4916303485092329,0.00010438219733546244,2.3004700692113803e-05,0.00024089786717923438,0.00012386721442289957,0.00015655352339743035,3.220841884794925e-06,8.11162542970374e-08,1.957599247309238e-06,0.0024616383094972108,0.0008361757037960609,0.005671781309819734,0.00027857393733920485,0.00018079359836325695,4.900435359741006e-07,2.538347960940367e-05,5.564620205538188e-07,0.4959876239526359,3.356326861090765e-05,0.00018655775799223773
40,0.0005311091281535271,1.4933872615073147e-07,7.276888632266143e-05,0.0003677802925870243,1.7836769102620704e-06,0.8962814343976349,0.0007691016871698476,0.0012428849525169241,1.299220081789106e-05,3.72707824280059e-05,0.00010424127364565236,1.4315837328604544e-05,9.556216349335695e-08,1.302500756569733e-07,0.00024396384045305043,0.013752295208481384,0.0166218893655006,0.0005458288994835872,0.0004037131206990081,1.152487797986542e-07,4.620366832217863e-05,1.670010663538339e-06,0.06890878323590131,1.6356680126029438e-06,3.7843467222304015e-05
41,0.00033628496905213444,4.2108183979469623e-08,2.5305626108095426e-05,0.00045465593445995634,1.4153728235069876e-06,0.9517106870927572,0.0002830228557899655,0.0005840279001192557,9.975195643180955e-06,1.5957809126761075e-05,4.122932415510513e-05,5.604470396868967e-06,2.6379129443336034e-08,3.1396645636203815e-08,0.00024683420488898797,0.004151718971504802,0.0042445099070408275,0.00016971974606831583,0.00011802899317047772,3.7111306082158793e-08,6.265959959078321e-06,6.387119893319886e-07,0.03758152589390596,6.239477399917147e-07,1.1830118035043282e-05
42,0.0005358650670007955,1.8353829472422e-07,4.90005004683264e-05,0.0003216194300305817,1.1541367891084535e-06,0.9263257530854206,0.0006889138324717638,0.0019228069904730612,1.1617348047421217e-05,3.8870846517245826e-05,9.322043694826307e-05,1.4970100111476567e-05,1.171052561589305e-07,9.458406591780903e-08,0.00026576745439809167,0.017725524337219353,0.016403478774271233,0.00036968474306544913,0.000494338879584107,9.569992984671949e-08,3.636181905784015e-05,3.687114009432572e-06,0.03466563065405646,1.0368686786079918e-06,3.0206653833936342e-05
43,0.0002333508379789087,8.353394483082837e-08,4.2952465165425186e-05,0.0002716796630145828,8.751044812843958e-07,0.9338383567457359,0.0003522393285120125,0.0008873496596048509,9.91901856012769e-06,4.685290009723858e-05,4.4300778018033644e-05,4.224841180259257e-06,5.560483410695291e-08,7.321543782043874e-08,0.0001876994190961774,0.009257959809870788,0.007651130116338043,0.00031325348651813247,0.00031252919806459936,9.57175501979624e-08,2.6504736748867523e-05,1.1906065652467425e-06,0.04649794859254131,9.35368136151736e-07,1.8439252005137126e-05
44,0.0005471316837532872,1.507659429899145e-07,7.425491836228825e-05,0.00036508660766697694,1.7967324668678216e-06,0.8970834726825897,0.00076671120898715,0.0012427478342676777,1.3090662729070329e-05,3.701976009868401e-05,0.00010608903079898898,1.4642705553482856e-05,9.656929384893949e-08,1.321568020622089e-07,0.0002464356094951477,0.013569006698009358,0.016728427670975595,0.0005363249969029646,0.0003938863587843701,1.1483675885194183e-07,4.589289879164619e-05,1.7065390095863618e-06,0.06818555908563205,1.6391901240871517e-06,3.858279620326302e-05
45,0.00041301100457694323,1.1221334104374142e-07,4.3981253350483656e-05,0.0004264936556888608,1.5422764078159002e-06,0.9229251844295523,0.0007081579879890898,0.0012999877657774142,1.348014251650015e-05,3.125494869491359e-05,7.405348697337003e-05,1.181590371963631e-05,7.804258553542401e-08,8.671972852532068e-08,0.0002903860610112775,0.012942594640281498,0.010105384340065537,0.0004140204658642003,0.0003727187544111593,9.652526216646119e-08,2.6415081247106513e-05,1.610178927137367e-06,0.04987047325042409,1.119367795780932e-06,2.594150380760364e-05
46,0.0003038397375776264,7.395105167237617e-08,6.77806961100713e-05,0.0002708361902777654,1.632203380315313e-06,0.9031241146790486,0.0007874963126974612,0.0010084017530042058,1.9724847226735578e-05,3.881095705474141e-05,7.757486703001102e-05,7.789853045630162e-06,7.555399535746557e-08,1.5399969328452067e-07,0.00020050263209873398,0.010039776506330166,0.0066589972772166175,0.0006441637698487669,0.00037077999551119963,1.5155080533307637e-07,5.3811322721929696e-05,9.863429699829456e-07,0.07628772812787209,1.8528949762730928e-06,3.294397845574843e-05
47,0.0013658143199472362,3.619898219674084e-07,9.568253298121118e-05,0.0003160826039618086,1.3863706654852016e-06,0.895642201045633,0.0009983937573241005,0.0023027250631149953,1.4918376347005499e-05,4.2455626865746736e-05,0.00015944485560165912,4.243123829574845e-05,1.959250592706018e-07,1.4518311963062235e-07,0.00035076708535603944,0.028938727268787545,0.02897821605186388,0.0004704316532163312,0.0004772178763807856,1.1435645146968618e-07,3.927283924168907e-05,5.531498310352917e-06,0.03968466470531647,1.9240670532020116e-06,7.089370928335153e-05
48,0.000551879947094728,3.06813388979009e-07,5.341917839082755e-05,0.00046237487692868786,1.1173103814209383e-06,0.88668452678843,0.0006337872673679209,0.001865575438053207,6.679263214472453e-06,4.651664250701357e-05,9.066351555158228e-05,1.4376225586390043e-05,8.574768005778472e-08,9.810403954694036e-08,0.0002488154437688115,0.016809185863728537,0.033810608945201916,0.00046172272180416095,0.0005629072702737217,6.989476962276863e-08,3.975307821217586e-05,2.5849852858961093e-06,0.05762351863426909,7.911050704058739e-07,2.863493900075315e-05
49,0.0005403948899386392,1.3296123257948202e-07,7.426085678198546e-05,0.00030825123067320135,1.440689740071426e-06,0.9196680806154447,0.0006361399381633111,0.0011187770544510212,1.1830175113845125e-05,3.2513708211624746e-05,9.447671399776145e-05,1.4672236024858686e-05,9.058062469338769e-08,1.1523684820799857e-07,0.00017556724962109217,0.010252549181026263,0.013679417663462605,0.000437358967836521,0.00024631215687893616,1.0153272473742145e-07,3.200164441355775e-05,1.6211834630291958e-06,0.05264095891976733,1.3341439050993923e-06,3.160046965419047e-05
50,0.00047941665105903305,1.796903789238927e-07,7.933610764084432e-05,0.0003516300737291305,1.4208178608874188e-06,0.9113213230314153,0.000953648728943103,0.0020441309668515865,1.619456042888905e-05,5.534805447026512e-05,9.152451316873152e-05,1.445603838368615e-05,1.182262954008378e-07,1.7194284979604424e-07,0.0002589276680725387,0.01630380603655288,0.013687662065292068,0.0005427431469475326,0.0005170888231991748,1.298402288752e-07,5.393312500014635e-05,2.413004181182119e-06,0.05318253403807577,1.3232356426510473e-06,4.053961333153361e-05
51,0.000707804091644198,8.968386185391316e-07,6.468333351344496e-05,0.0013314806743782227,1.7052071098728328e-06,0.9033714577315133,0.000595770615336825,0.010347075508868705,1.0808075654706445e-05,8.991639664520217e-05,0.00021341215667677389,4.4858053904605616e-05,1.2861079209091183e-07,4.4249827872760326e-07,0.0005938274773418245,0.017306292375736998,0.02723102876844323,0.0006937883769300459,0.000576098750838475,1.1961630644983694e-07,3.742105920189139e-05,8.395136585713089e-06,0.03672422401345204,5.328757042531502e-07,4.7831756523897106e-05
52,0.0007785570151622216,2.980758911509582e-07,0.00012178949419738043,0.0004004180685880324,3.757443811190982e-06,0.8521429953179328,0.0013586683985747354,0.001474109530222763,1.7378479745925063e-05,3.237007227985973e-05,0.0001898145720840141,3.191248759438154e-05,1.2876641632015654e-07,2.6544764340701745e-07,0.00027472367167384756,0.01394401717731618,0.03306900053248768,0.0005091182869030649,0.0003947793602637561,1.2415901122760925e-07,9.397178076737354e-05,2.3723537142616205e-06,0.0950755932885931,2.6664746000724226e-06,8.11697445252608e-05
53,0.000457823646870785,1.3211199790912245e-07,5.832290377101014e-05,0.00030530321516415205,1.5881397563207651e-06,0.9003828979034193,0.0013289044981394907,0.001229834266013805,1.757199045751464e-05,2.514376790968225e-05,9.100397920363232e-05,1.929783802448825e-05,8.629076051415766e-08,1.374498655777478e-07,0.0002468361566516206,0.013415309140416271,0.012211200492898894,0.0004780557394144523,0.0003535735555243298,9.91554005234961e-08,4.124916504048728e-05,1.4762552960533893e-06,0.0692890290883923,1.4101957860890929e-06,4.371305382461089e-05
54,0.0005244722471668613,3.72556947655776e-07,0.0001100543564403136,0.0004182899419591174,1.7695355034187245e-06,0.8689752658119366,0.0009976449549576518,0.0017150527940498518,2.7131489294617337e-05,6.946859990053984e-05,9.7904969608339e-05,3.7273733642605115e-05,1.2627405952173054e-07,3.2948829127057304e-07,0.0005929947489702087,0.03545118736722937,0.021908212968222,0.00036251332979514623,0.000495229868619244,1.757386867186557e-07,4.427084395686953e-05,3.2309562781599796e-06,0.0680151878702701,3.0921777593322823e-06,0.00014874737645455415
55,0.0007486348058330956,1.4124000963572599e-07,7.3163778599843e-05,0.00042799267096127805,3.3440097814207495e-06,0.8939978914747645,0.0016847860105630964,0.0011620285341552513,2.6271761476932734e-05,2.04238484829647e-05,0.00014567640337552785,4.411503629086148e-05,1.2199426258094805e-07,1.5822490751114154e-07,0.00022544095698038392,0.01410726183715607,0.012676657954664832,0.0006783215511501636,0.0003633586950527138,1.0594473805410185e-07,4.323210053244843e-05,1.6656431186597956e-06,0.07350691738571609,3.1492916923742353e-06,5.9138845733744296e-05
56,0.0005712384456801112,1.5591539284444383e-07,7.587312926044318e-05,0.0003659130836557634,1.8384787918241416e-06,0.8978461428188531,0.0007889000556500558,0.0012777236396375447,1.3545188046151406e-05,3.753602524506107e-05,0.00011035603758858449,1.5335270915366012e-05,1.0328388185568977e-07,1.373091294879547e-07,0.00024777657777223707,0.01352533306282144,0.016674359464448733,0.0005519096971881953,0.0004013616159576982,1.195184909726179e-07,4.7027780690202496e-05,1.8146820806782398e-06,0.06740458354986498,1.6834000502796935e-06,3.923196890643534e-05
57,0.0006885284728949274,2.927737755183108e-07,0.00010511440161748803,0.00043842691622777833,2.4459369620258648e-06,0.8611630851803588,0.0012693524932500429,0.0019743055194866577,1.6314784137020066e-05,5.3749755501834016e-05,0.0001596033755319864,2.5885553222832227e-05,1.8227116236027258e-07,2.1760621878505615e-07,0.00034084784992118635,0.02614733376207927,0.029062402508849734,0.0007565935506504976,0.0009023400631846795,1.6646122152931206e-07,0.0001082511387659985,3.0593527900946787e-06,0.07671414591415537,2.6043324363453655e-06,6.475002559727895e-05
58,0.0005051025997867174,1.556503346500804e-07,7.684420567562922e-05,0.00037275633884037315,2.2088569017428246e-06,0.8874389045346727,0.0008006578551570616,0.001010295468002002,1.5641164872011898e-05,3.83791450882094e-05,0.00010445592230815977,1.5110735751960592e-05,1.0555932078289049e-07,1.4307999849937164e-07,0.0002535521034060544,0.01404981895207886,0.016127858275014142,0.0005356647701250485,0.0004199419561062914,1.3717733220137716e-07,5.1166340436453826e-05,1.6191225187214786e-06,0.07813267728009239,2.3766470796855877e-06,4.442625909940675e-05
59,0.0005093042982127463,1.6177072409643883e-07,8.898075135456623e-05,0.00036283451615598403,2.196119852685142e-06,0.8852171381926632,0.0007985573017072358,0.0010377362950333945,1.523176462185456e-05,4.149696838197525e-05,0.00010359480844134291,1.4952169529391087e-05,1.0672608891570853e-07,1.544417317113503e-07,0.00023731040936067794,0.014485852703201877,0.017470025971005453,0.0005422247227062682,0.00039056285724581904,1.445272178009525e-07,5.387692178320509e-05,1.5743018755238207e-06,0.0785774644495786,2.3878448088291184e-06,4.61291667166491e-05
60,0.0005471316837532872,1.507659429899145e-07,7.425491836228825e-05,0.00036508660766697694,1.7967324668678216e-06,0.8970834726825897,0.00076671120898715,0.0012427478342676777,1.3090662729070329e-05,3.701976009868401e-05,0.00010608903079898898,1.4642705553482856e-05,9.656929384893949e-08,1.321568020622089e-07,0.0002464356094951477,0.013569006698009358,0.016728427670975595,0.0005363249969029646,0.0003938863587843701,1.1483675885194183e-07,4.589289879164619e-05,1.7065390095863618e-06,0.06818555908563205,1.6391901240871517e-06,3.858279620326302e-05
61,0.0005390495415595384,1.5501722841502494e-07,9.454961881613979e-05,0.00034763359499117436,2.1728430814254334e-06,0.8881601443727644,0.0007938473625441045,0.0010602519210937142,1.5488727190820907e-05,4.1573058971293746e-05,0.00010696760597903897,1.4957449058646668e-05,1.0840414435260177e-07,1.5540879572063457e-07,0.00022710080815666257,0.014002178673189918,0.016855462700907237,0.0005548092629997183,0.00037655912045492327,1.4412387486005557e-07,5.415755858629911e-05,1.5696265187807145e-06,0.0767026406182757,2.4008452012466424e-06,4.5921735615874675e-05
62,0.0005471316837532872,1.507659429899145e-07,7.425491836228825e-05,0.00036508660766697694,1.7967324668678216e-06,0.8970834726825897,0.00076671120898715,0.0012427478342676777,1.3090662729070329e-05,3.701976009868401e-05,0.00010608903079898898,1.4642705553482856e-05,9.656929384893949e-08,1.321568020622089e-07,0.0002464356094951477,0.013569006698009358,0.016728427670975595,0.0005363249969029646,0.0003938863587843701,1.1483675885194183e-07,4.589289879164619e-05,1.7065390095863618e-06,0.06818555908563205,1.6391901240871517e-06,3.858279620326302e-05
63,0.0005492370034885304,1.79306649315215e-07,7.425811054958067e-05,0.0003837002906995235,1.8101103101801342e-06,0.893204248505088,0.0007581687180878571,0.0013141444960534027,1.3119507419438762e-05,4.022026298274696e-05,0.00010862093443077984,1.5698691500296837e-05,1.0025476701662271e-07,1.4103633051777374e-07,0.00026530825050383037,0.014705888819037729,0.018502592461558873,0.0005292848219521925,0.00042836097278231756,1.1775351933398543e-07,4.7602070881938945e-05,1.8983342268928002e-06,0.06901171180526734,1.7119718335961044e-06,4.187551007895553e-05
64,0.0006054416064475734,1.8211090640810718e-07,9.881487494030724e-05,0.00036860251968902726,2.3686393954002734e-06,0.8742848472562907,0.0009964958179594237,0.0013470074705140846,1.4528325423861453e-05,4.1690867328746484e-05,0.0001344660497781351,1.6533177284474707e-05,1.25214081804091e-07,1.8366895273398458e-07,0.00024094238732386472,0.014941748178185566,0.021406056555828473,0.0007003739380073534,0.0004993196448138052,1.4692093885739606e-07,7.995431030315223e-05,1.8631017396105785e-06,0.08416886630906148,2.170817586898195e-06,4.727023721796101e-05
65,0.0007613883437280368,3.5998649503685035e-07,0.0002143764076919516,0.0003359740228623678,2.742938953415123e-06,0.8833636441782257,0.001068194574692782,0.0021509927554513,3.2036849045229756e-05,8.35889262986237e-05,0.00016390315112386545,3.512728339552685e-05,2.1887887832256846e-07,5.504483685631094e-07,0.0003372138472235473,0.02273152486226989,0.022593852232693255,0.000557991865849599,0.00036109637286728657,3.1779182045798815e-07,7.830284398689292e-05,4.245924206843341e-06,0.06498485357222865,3.988643561793137e-06,0.00013351329808119203
66,0.0012974757794319844,1.9457027390649613e-07,0.0002268305588832313,0.0003765560075151004,2.416068207467292e-06,0.8998675138783808,0.0014084862130847317,0.003560989032472508,1.5853338127650532e-05,6.002707532251657e-05,0.00020672262428978765,2.5143407724057255e-05,3.006522524286856e-07,2.2699688926177696e-07,0.0002185057589712394,0.02361570297985397,0.02076543923877392,0.0011553422311997928,0.0004202740542468233,2.8995085071021594e-07,8.56094275721805e-05,3.041929633817682e-06,0.046642026953616876,1.8901263733091617e-06,4.314114605165207e-05
67,0.0007318202474637489,1.6709887437035094e-07,2.9844195877523614e-05,0.0003739398716437618,1.5615100346086444e-06,0.9394578113287159,0.0008936371804036717,0.0019197929832736058,1.904010165692605e-05,1.910573850505298e-05,0.00011847625827089627,3.0508666156940597e-05,8.341640809393218e-08,8.68313657856014e-08,0.0004342869046914391,0.013735092844035877,0.010633570965760434,0.00027102359881692894,0.0004146532631252421,4.9353088517660884e-08,2.172147561889854e-05,4.167742934292743e-06,0.030846444220265053,1.1240282686932446e-06,4.199017474375915e-05
68,0.0008773110795013042,1.9965128989185995e-07,5.9820226374467206e-05,0.00039621026991635357,1.66226813319242e-06,0.8962272088286652,0.0008682959018704157,0.0022432107046688986,9.706658804030177e-06,3.3423828577662314e-05,0.00016093271297167012,1.6660227348520435e-05,1.1869778419928264e-07,1.0480961858439597e-07,0.00029681085998690005,0.01698679063353223,0.02429764812678863,0.0007042196698065411,0.0006807531249007842,8.811931705492446e-08,6.141737473118696e-05,3.043334338933876e-06,0.056041630330488715,1.144893809159191e-06,3.1587666775546256e-05
69,0.0005653963015034331,1.4760342941768309e-07,6.555686610448679e-05,0.00037130796881870677,1.7997867573368017e-06,0.9006402911963002,0.0007278932858250497,0.0011753588598443746,1.2409300851081646e-05,3.310027023753118e-05,0.00010463622628518657,1.4586553368914534e-05,9.031259803661995e-08,1.1415475435093658e-07,0.0002575715573631325,0.012954265382422855,0.016873047901635692,0.00047647802188326355,0.0003821581314289519,9.95854862424098e-08,4.08316862061654e-05,1.7444908514587458e-06,0.0652630562800849,1.5502474246816266e-06,3.650802853469968e-05
70,0.0007373601069078267,2.317196278679687e-07,8.90096792816094e-05,0.0002723644921576273,1.1365182911829805e-06,0.867906968431925,0.0008685772897671219,0.0015127592113126304,1.1327016517425896e-05,5.544111219947456e-05,0.00011957665844253607,1.806937307624797e-05,1.5666408924626605e-07,1.264334701395052e-07,0.00026329281277946796,0.03396913984994498,0.027946950992091203,0.0007807420047685702,0.0008722170959133393,1.3565421959939824e-07,7.840436690488322e-05,2.7494248309341896e-06,0.06443730854785036,2.3952201683090974e-06,5.355932346253369e-05
71,0.0002361752375165047,2.32106997475134e-07,0.00016983768554492052,0.000436484524568925,7.077151187872347e-06,0.7880886191954992,0.0030076495356699032,0.001771744521700992,5.5941182323605254e-05,7.697307355815025e-05,0.00012300862241249792,1.879431751562695e-05,1.8264541072636388e-07,8.830281695492372e-07,0.0002032889769658968,0.02086244367398704,0.014809516865155777,0.0015098472339883297,0.0006691318719555351,6.493388526990441e-07,0.0002597355647674763,1.4411045755442742e-06,0.16758145508492542,6.987608925554651e-06,0.00010189984782474022
