,0,1,2,3,4,5,6,7,8,9,10,11,12,13,14,15,16,17,18,19,20,21,22,23,24
0,0.00038116781248474937,2.5069873106197337e-07,4.0049448552785066e-05,0.0005168644687595551,2.4516238639726685e-06,0.8744125688208527,0.0009201551479527023,0.0007765336226558699,2.0997843947952178e-05,3.001211410406154e-05,6.32712360635336e-05,3.5513640133661956e-05,8.81685167652306e-08,9.602431023706892e-08,0.00038473248316154104,0.03322399386907654,0.02129373347043919,0.00022053819591822454,0.00035783500523396157,1.0689317482878182e-07,1.819648824272044e-05,2.103606497025131e-06,0.06721420002681111,3.919958146681512e-06,8.061933236868643e-05
1,0.00039305415587366114,3.090542577786012e-07,5.7491991040319595e-05,0.0006341673892366787,2.88800713300491e-06,0.8453841689178422,0.0011850403852804049,0.0009614470356271742,2.201812241215113e-05,3.970598541335054e-05,6.0352782006070794e-05,4.3516730770947506e-05,1.1606076617246331e-07,1.0460855184407931e-07,0.0003763676379857717,0.05487077798379141,0.027021284084969913,0.00027629986634212654,0.0004451021564039763,1.4578319173962468e-07,2.229538194941283e-05,2.0083002726226726e-06,0.0681072089581617,4.965676023104245e-06,8.916294469651826e-05
2,0.0005007306134293348,4.5682971115822444e-07,6.0884367971194634e-05,0.0007986446519415982,4.579443906443846e-06,0.8381623482087415,0.001284961128425936,0.0012133679091877376,2.730870481362359e-05,3.9015562255523835e-05,9.462961222002593e-05,6.292269190107863e-05,1.3042426101609855e-07,1.7920961505054088e-07,0.0005497421170049711,0.04560648981239744,0.03372546754468482,0.00027164193340183985,0.0004106443170011659,1.66016360607349e-07,2.589972416783044e-05,3.0643732315015738e-06,0.07702407268099604,5.501016276529251e-06,0.00012715110609602844
3,0.0005103017960165872,3.6294541099164014e-07,5.166789171203058e-05,0.0006970422654649115,3.493373186615237e-06,0.8477519026965478,0.001151186974372036,0.000992521352643327,1.8984634433551816e-05,3.0952792694471605e-05,8.272457081598033e-05,5.1830494872841934e-05,1.1165878032618309e-07,1.073428556174322e-07,0.0003978560878547486,0.04122726627397794,0.03419356427516949,0.0002680127194774409,0.0003942300103781231,1.1669866724492434e-07,2.2376026982277067e-05,2.382209322630163e-06,0.07205870418260737,4.349449809359946e-06,8.795127594603485e-05
4,0.000567459942653775,4.1305983495584847e-07,5.953302506538933e-05,0.0007338776323653724,4.11012508256758e-06,0.8440373218661285,0.0012810199112432065,0.0011073473941489208,2.160156244591888e-05,3.376929439707397e-05,9.611031176289268e-05,6.0044886961828084e-05,1.3808511032339997e-07,1.330890503452333e-07,0.00041134760233235376,0.04180480087778202,0.03554201857162529,0.0003015619356602742,0.00041623671914311437,1.419619801741165e-07,2.614046055921358e-05,2.809403667699017e-06,0.07338893675938273,4.980015883808103e-06,9.814550573233244e-05
5,0.000453933879572898,3.2000772647742687e-07,5.1724231835545385e-05,0.0007703011577127551,3.784701763452385e-06,0.8472766084639972,0.0011075551865393563,0.0008956225293136876,1.7916579103083605e-05,3.2478912755038194e-05,7.713008684610973e-05,4.3505714275510786e-05,1.1148333832781125e-07,1.0429606226533945e-07,0.0003273265310846366,0.03695739024342342,0.0312422042800189,0.00033471327873335323,0.00038470897253910956,1.3371290945522276e-07,2.2754707908764387e-05,1.8911326207940694e-06,0.0799230761873262,4.495899509703605e-06,7.02078230839694e-05
6,0.0005103017960165872,3.6294541099164014e-07,5.166789171203058e-05,0.0006970422654649115,3.493373186615237e-06,0.8477519026965478,0.001151186974372036,0.000992521352643327,1.8984634433551816e-05,3.0952792694471605e-05,8.272457081598033e-05,5.1830494872841934e-05,1.1165878032618309e-07,1.073428556174322e-07,0.0003978560878547486,0.04122726627397794,0.03419356427516949,0.0002680127194774409,0.0003942300103781231,1.1669866724492434e-07,2.2376026982277067e-05,2.382209322630163e-06,0.07205870418260737,4.349449809359946e-06,8.795127594603485e-05
7,0.0013847615945712572,3.3803788218172125e-07,7.76446363267768e-05,0.0005872023302900453,3.185348880946024e-06,0.8755454870207303,0.0013157234275898468,0.0017050253166666597,1.4900120414670862e-05,2.657178522304306e-05,0.00015713896528723523,6.705357315716607e-05,2.1543090236921124e-07,8.705977983138546e-08,0.0003733162000175946,0.03741055399145262,0.034607159720703676,0.00036728222220273665,0.00035704367033900027,1.2435032379710666e-07,2.4449380421513907e-05,3.796568007324064e-06,0.04590302990005049,3.1324450151377684e-06,6.477690376375333e-05
8,0.0005312480163805801,4.4539477439465647e-07,8.355976488865251e-05,0.0007341579642174308,3.823922732443135e-06,0.8240863917861602,0.0007050440121977194,0.0006250263812386121,2.0784698519605865e-05,4.3790886637189496e-05,6.618431155220191e-05,5.728839810233773e-05,1.004752489775612e-07,1.3088526132670195e-07,0.0004467195216239633,0.04559787601468697,0.041875956813184415,0.00017346743976533844,0.00022053318419739003,1.4634705430614917e-07,1.3373904702535669e-05,1.9539917868023692e-06,0.08455431645851619,7.350961728287153e-06,0.00015032846484195543
9,0.0003332254668379396,5.33135089129861e-07,9.840781627858496e-05,0.0007701449621128843,3.578923408700048e-06,0.7950247978129142,0.0008217526096990093,0.0008490715750040564,2.5551125498915686e-05,7.420023510435642e-05,5.732525923661551e-05,5.178768600103034e-05,1.198865557625807e-07,2.0180350116433767e-07,0.00046388903053235214,0.07132337217648421,0.03957756586804438,0.00022955479199574907,0.0003267904234087132,2.558904982254033e-07,2.0257939218303326e-05,1.971147310463459e-06,0.08976168981788644,8.786037296860121e-06,0.00017516858008196395
10,0.0005103017960165872,3.6294541099164014e-07,5.166789171203058e-05,0.0006970422654649115,3.493373186615237e-06,0.8477519026965478,0.001151186974372036,0.000992521352643327,1.8984634433551816e-05,3.0952792694471605e-05,8.272457081598033e-05,5.1830494872841934e-05,1.1165878032618309e-07,1.073428556174322e-07,0.0003978560878547486,0.04122726627397794,0.03419356427516949,0.0002680127194774409,0.0003942300103781231,1.1669866724492434e-07,2.2376026982277067e-05,2.382209322630163e-06,0.07205870418260737,4.349449809359946e-06,8.795127594603485e-05
11,0.0005588409458374675,3.9345130853347543e-07,5.587864875774624e-05,0.0007248723131758583,3.905347888016105e-06,0.8448238415928255,0.001233971549929404,0.0010365566891880887,2.059235116445364e-05,3.228690803273204e-05,9.065101971676561e-05,5.807392401964131e-05,1.3149813627701238e-07,1.174980035056576e-07,0.00041530295353438073,0.04301216235929483,0.035313495281473053,0.0002838371385018232,0.0004130353208943114,1.3283774887016322e-07,2.4056252376268428e-05,2.6758833582277333e-06,0.07179642384378054,4.8920329660182776e-06,9.387235808758982e-05
12,0.0005240226789719904,3.70639439812539e-07,5.592500105506844e-05,0.0006948159757375856,4.1185483772474565e-06,0.8418926062708719,0.0011638905408494467,0.0009079898394977087,2.0202087930504783e-05,3.0494845294427058e-05,8.773851459118536e-05,5.262124253635134e-05,1.141920405458952e-07,1.172326408160637e-07,0.00038805827883099545,0.0386024929814644,0.0362546064677176,0.00026727418713205184,0.00036644642475515865,1.2559176467996313e-07,2.3962277040788634e-05,2.346757547929203e-06,0.07855940519555277,5.057433400666987e-06,9.519679495828738e-05
13,0.0018600354427852851,1.1912753808334103e-06,0.00010737534665323232,0.001057899893441856,1.0951532667189758e-05,0.7803304800104145,0.0025204597033146917,0.004399265965091532,4.0447902680185876e-05,3.3457558259080316e-05,0.0005498232200487332,0.00030621416368285706,3.2615704973440583e-07,5.834261384035134e-07,0.0011436653469997797,0.05391345941585481,0.07893422337710193,0.00046561591530621234,0.0006242694340654951,2.1581422185687514e-07,6.720473926178193e-05,1.3122600179497856e-05,0.07328296080771081,7.014745958364887e-06,0.00032973620573115836
14,0.0005791495977744244,6.362149944454395e-07,7.067019063220022e-05,0.0013132954253796587,1.4250528310581103e-05,0.7271598503340757,0.0017022866418190943,0.0012550450033776707,1.116528373553585e-05,3.358081284969943e-05,0.00022435489979839436,4.361649393538229e-05,2.0775489062826987e-07,1.5453874675457055e-07,0.00022016984096354924,0.03108799441642271,0.08590040436395951,0.0008961095273266304,0.0009534994684090819,1.8998512772655305e-07,0.0001572356860505468,2.122808620444857e-06,0.1483126882380707,8.178791902935539e-06,5.314315282607691e-05
15,0.0005103017960165872,3.6294541099164014e-07,5.166789171203058e-05,0.0006970422654649115,3.493373186615237e-06,0.8477519026965478,0.001151186974372036,0.000992521352643327,1.8984634433551816e-05,3.0952792694471605e-05,8.272457081598033e-05,5.1830494872841934e-05,1.1165878032618309e-07,1.073428556174322e-07,0.0003978560878547486,0.04122726627397794,0.03419356427516949,0.0002680127194774409,0.0003942300103781231,1.1669866724492434e-07,2.2376026982277067e-05,2.382209322630163e-06,0.07205870418260737,4.349449809359946e-06,8.795127594603485e-05
16,0.0008637129248258317,5.100923226453795e-07,5.5689250697600674e-05,0.0008193761000826182,4.153409442371595e-06,0.8416996814064128,0.001575719803738028,0.0017703023529292425,2.3303875616879087e-05,3.067962592132497e-05,0.0001476559644284202,9.476172853713494e-05,1.6047447675395881e-07,1.652978938379133e-07,0.0006000852024184886,0.045780731953182933,0.039650317616674556,0.0003583149369922908,0.0005509274882521912,1.1766951889671743e-07,3.0090160550694092e-05,4.567952200108019e-06,0.06581506787243678,4.139035257679718e-06,0.00011976780518990257
17,0.0009073920264714915,4.809925422624703e-07,7.675240643917214e-05,0.0007418113416531903,8.614038219888172e-06,0.8168046124264694,0.0021479579290344586,0.0011292038322293888,2.6827202652081235e-05,2.3492551446047162e-05,0.00018053831632954727,9.631008242664613e-05,1.9599986325543333e-07,1.916246964347593e-07,0.0003252332817525845,0.030303398683999512,0.05071344434765758,0.00042456382250351775,0.00041827072740645,1.5202147103213261e-07,4.8880089633708014e-05,3.5150979980354726e-06,0.09549431430181278,7.253102546757176e-06,0.00011659375274487583
18,0.0005148588977212698,6.610561843346121e-07,7.847457773819167e-05,0.0006169867460479499,4.247807385396748e-06,0.7683621749754043,0.0016519261885616153,0.0009351182301610479,3.0440944653668057e-05,4.298334379141107e-05,9.653009197818646e-05,8.868817898064307e-05,1.4946363187189954e-07,2.447974783477325e-07,0.000576921209676292,0.06866906935594023,0.053630974226073734,0.0002799136096890188,0.0005865756775899567,1.6954516911783393e-07,4.236793256139303e-05,3.3559992501380687e-06,0.10353253832398379,8.921595743783803e-06,0.00024570722460422135
19,0.0003075853403351003,3.280410049859728e-07,3.6832719730332443e-05,0.0008961446840644386,3.5140306250350877e-06,0.876360833872638,0.0008931042230092389,0.0006950127604150668,2.0851162984411155e-05,3.147243164057848e-05,4.597578648764903e-05,4.4616329910181484e-05,8.485505210388375e-08,8.519208516643566e-08,0.0003972043225375567,0.03525108176512738,0.023295448891370862,0.00016369632638162018,0.00027712248273895,1.0860150819761461e-07,1.1219253058647292e-05,1.8826919356094591e-06,0.06119007629511581,4.11044039616484e-06,7.160749984706986e-05
20,0.000540123226294605,3.711412257147545e-07,3.973257839177249e-05,0.0007026550170299626,3.4282332402723693e-06,0.8808001104327227,0.0011009159973685244,0.001429047912250699,2.2403685167357606e-05,3.0856488867227364e-05,0.00010345501066251474,5.192529493745434e-05,1.297414159417054e-07,1.295346566883892e-07,0.0005007840492613141,0.032510232577199726,0.02552266667588474,0.00025991543997763624,0.00042243406202375746,1.2527735411674502e-07,2.2075127369895763e-05,4.0424489157122125e-06,0.05584885424655482,3.3256262272152115e-06,8.0260174999341e-05
21,0.0009850955417430524,6.527694895721725e-07,0.00013529231525079952,0.0008816949587389796,5.895569567815797e-06,0.7644859705026584,0.0019947896114389132,0.0014653857579130715,2.4340365430609906e-05,4.472758476693699e-05,0.00014718862980156783,0.00012927032183042875,2.520747388220004e-07,2.2190405639802474e-07,0.00039817054199741667,0.07614755828537292,0.06341897770867931,0.0005559463915037137,0.0004954200346332783,2.3377898965195356e-07,4.164444876215758e-05,3.109666177405446e-06,0.08846373826831963,8.888644070135899e-06,0.00016553432406911844
22,0.0007324047913192206,4.217065038722616e-07,7.397766618329835e-05,0.000683894837318831,3.147751719620652e-06,0.8294607009632734,0.0009245726932206792,0.0012111263709722903,1.137692128496784e-05,3.7125527937162555e-05,0.00010661788584157514,4.381003059590822e-05,1.3144577412417614e-07,1.0022128688290293e-07,0.0002908462904351294,0.03826616118042435,0.05574713843774008,0.00036686349631650275,0.00040201027105206925,1.176566025932416e-07,2.8509892909718936e-05,2.5402343322374965e-06,0.07153735362905395,3.369502389173681e-06,6.568059551226895e-05
23,0.0005103017960165872,3.6294541099164014e-07,5.166789171203058e-05,0.0006970422654649115,3.493373186615237e-06,0.8477519026965478,0.001151186974372036,0.000992521352643327,1.8984634433551816e-05,3.0952792694471605e-05,8.272457081598033e-05,5.1830494872841934e-05,1.1165878032618309e-07,1.073428556174322e-07,0.0003978560878547486,0.04122726627397794,0.03419356427516949,0.0002680127194774409,0.0003942300103781231,1.1669866724492434e-07,2.2376026982277067e-05,2.382209322630163e-06,0.07205870418260737,4.349449809359946e-06,8.795127594603485e-05
24,0.00040197629453749413,4.5166370944621e-07,4.0973864689448463e-05,0.0009730191425564397,3.807480709226013e-06,0.8358415864004535,0.0011462383016622808,0.001131112795451329,1.706580744031888e-05,3.4552879157290964e-05,7.786449366981314e-05,5.1112982631263936e-05,1.0426473339751819e-07,1.1205755197238142e-07,0.0004131093330654757,0.04253699915906274,0.03717040129450342,0.000306981499579485,0.0005061785735160233,1.1487376927164673e-07,2.3603473632370805e-05,2.3651888980383617e-06,0.07923999941380885,3.899904856265921e-06,7.636885635496822e-05
25,0.000968439354263612,5.698075174775628e-07,8.026441371855575e-05,0.0011169949818800988,8.401328003621076e-06,0.8167776805976521,0.002672773975239769,0.003405501636566292,2.347366121649406e-05,3.0727326024556194e-05,0.00025375350672404945,0.00011451412314135502,2.391703057224353e-07,2.3775975861661042e-07,0.00033802772234845787,0.043223212030898656,0.05144958017228882,0.0008093093163345581,0.0005786221402087299,2.0003606035457721e-07,5.860928672427525e-05,4.384560599441689e-06,0.07799223919545238,4.443096798725246e-06,8.780080027331058e-05
26,0.00039463319980052484,2.0118147397834233e-07,5.956742024072061e-05,0.0005455211195037048,3.914708966230182e-06,0.8451518512505775,0.0008303501060494262,0.0003808383291752208,1.8641541416311814e-05,2.7177369537716617e-05,5.293793122812208e-05,2.9038332072849218e-05,8.24798620151375e-08,7.42854608903396e-08,0.0002098706596827151,0.027009878198281836,0.02609255112837181,0.0002520243619170117,0.00021900549707554471,1.2828625051858565e-07,1.6310814482069406e-05,9.952683843161473e-07,0.09863036929556589,6.861545954784566e-06,6.717568866834169e-05
27,0.000442250423820207,2.765015495699933e-07,3.148912289284807e-05,0.0006061473058317731,2.7316622988479023e-06,0.8985101242347031,0.000956651305266994,0.0009924940568046263,2.4789247252527357e-05,2.5507790815728774e-05,6.576576659992577e-05,4.617934080524713e-05,9.16461375429786e-08,8.734091095130465e-08,0.00044474966719457187,0.0309069666853138,0.01761135321355226,0.00018040345351039372,0.00032361595765359306,9.05848403505125e-08,1.2895327873332633e-05,3.027492470058824e-06,0.04873306110810426,3.3906894833245242e-06,7.586007431424303e-05
28,0.0005103017960165872,3.6294541099164014e-07,5.166789171203058e-05,0.0006970422654649115,3.493373186615237e-06,0.8477519026965478,0.001151186974372036,0.000992521352643327,1.8984634433551816e-05,3.0952792694471605e-05,8.272457081598033e-05,5.1830494872841934e-05,1.1165878032618309e-07,1.073428556174322e-07,0.0003978560878547486,0.04122726627397794,0.03419356427516949,0.0002680127194774409,0.0003942300103781231,1.1669866724492434e-07,2.2376026982277067e-05,2.382209322630163e-06,0.07205870418260737,4.349449809359946e-06,8.795127594603485e-05
29,0.0005103017960165872,3.6294541099164014e-07,5.166789171203058e-05,0.0006970422654649115,3.493373186615237e-06,0.8477519026965478,0.001151186974372036,0.000992521352643327,1.8984634433551816e-05,3.0952792694471605e-05,8.272457081598033e-05,5.1830494872841934e-05,1.1165878032618309e-07,1.073428556174322e-07,0.0003978560878547486,0.04122726627397794,0.03419356427516949,0.0002680127194774409,0.0003942300103781231,1.1669866724492434e-07,2.2376026982277067e-05,2.382209322630163e-06,0.07205870418260737,4.349449809359946e-06,8.795127594603485e-05
30,0.0005103017960165872,3.6294541099164014e-07,5.166789171203058e-05,0.0006970422654649115,3.493373186615237e-06,0.8477519026965478,0.001151186974372036,0.000992521352643327,1.8984634433551816e-05,3.0952792694471605e-05,8.272457081598033e-05,5.1830494872841934e-05,1.1165878032618309e-07,1.073428556174322e-07,0.0003978560878547486,0.04122726627397794,0.03419356427516949,0.0002680127194774409,0.0003942300103781231,1.1669866724492434e-07,2.2376026982277067e-05,2.382209322630163e-06,0.07205870418260737,4.349449809359946e-06,8.795127594603485e-05
31,0.0008942597221784992,5.338988709107824e-07,8.706816328007506e-05,0.0007065840292374236,3.1696679840678154e-06,0.8220320010378396,0.0013557607742213681,0.001953731026248545,1.68461281263321e-05,3.9892390689753095e-05,0.00012018001743895243,7.478831937046786e-05,1.5394527892681834e-07,1.3578586332831328e-07,0.00037328924453677967,0.057058594449235035,0.050322460473122395,0.00039040754609310585,0.0004404021462905642,1.283525902003103e-07,2.8280045576846876e-05,3.3212592720760296e-06,0.06399051989114247,3.8368531638719045e-06,0.0001036548323484379
32,0.0004767919341042962,3.568400989099829e-07,4.787717706394648e-05,0.0007084210970070609,3.4503553031517313e-06,0.8450640719285866,0.001168635278468424,0.0009725141279540075,1.92101723651361e-05,3.1530099846012756e-05,7.938686432835515e-05,4.860316492478824e-05,1.11173845378085e-07,1.0344499016072638e-07,0.0004156935684079637,0.042714564856429604,0.0332349258364842,0.0002751601076650595,0.00045570093033816904,1.1649495461273905e-07,2.3725738672527595e-05,2.3637559480096685e-06,0.07416694197698237,4.406418845632752e-06,8.533665638540741e-05
33,0.0012159626635138998,7.56089991908237e-07,5.5591146174282494e-05,0.00115031808481093,5.913228426888407e-06,0.7831792577855526,0.0022989789333254045,0.002510611129927277,1.5310992398956517e-05,2.5191710601047737e-05,0.0002216893854267399,0.0001637192397319242,2.5394299081879716e-07,1.2899615798689e-07,0.00037267638174065597,0.06337467921326823,0.07989264502144824,0.000607927428820611,0.0007572035701771002,1.1855518554938173e-07,4.135101668575992e-05,5.636648447535601e-06,0.06401266973711682,4.36136454603686e-06,8.704773353296214e-05
34,0.0007662824608519967,2.8530045812590654e-07,5.2605604127743344e-05,0.0006539962012362361,3.6605904608205156e-06,0.8630156867825576,0.0011904256406489538,0.0010884534019670402,1.816958910250236e-05,2.5153527763590518e-05,0.0001065293476455513,4.927137037574301e-05,1.2226830645767106e-07,8.924871011372141e-08,0.00041305212391019375,0.03443656196817535,0.03092856400991308,0.0003206963712859942,0.0004143590522328856,1.0154688678464463e-07,2.3592179958097025e-05,2.5938072390479198e-06,0.06641280633660948,3.815837942549916e-06,7.312543163400552e-05
35,0.0004579271940389492,3.9371082090769343e-07,5.482055589858465e-05,0.0007430475125036001,4.060788107214092e-06,0.8370520198687768,0.001133956040721228,0.0009075691905708716,1.971658411344987e-05,3.2505830424649985e-05,8.251255280716952e-05,5.074513576619158e-05,1.0924688367358498e-07,1.226286208635862e-07,0.00043432549508481803,0.040211390183448215,0.036677420467488266,0.00024437038766955357,0.00038044426722681996,1.2910573294533596e-07,2.432509660231451e-05,2.238192346524924e-06,0.08138237990806031,4.874877674187297e-06,9.859517861174661e-05
36,0.0004380648083942942,4.5316309840817166e-07,3.493613616209252e-05,0.0006752828806902022,1.394978472781676e-06,0.8516747144866699,0.0011539141291080177,0.0018102485311242721,1.7953724278816063e-05,4.1817782774053675e-05,5.398544937639775e-05,6.703616536339794e-05,1.1539031526743012e-07,9.428301069766408e-08,0.000434313981158399,0.07221674066981824,0.03214812894406354,0.0002561911396254123,0.0005080196986363686,9.959637197443099e-08,1.1585687729009009e-05,4.246586225587916e-06,0.03837283900027806,2.079658583229978e-06,7.574312867160222e-05
37,0.0010311196837118682,4.0324743674102003e-07,0.00011136286162425729,0.0006740559430585481,6.586424641977016e-06,0.8154459729906711,0.0019176754068685649,0.0009178957962541908,2.6408211330139954e-05,3.0539534703426284e-05,0.00013405194689951043,8.869016617875907e-05,2.2067003459264248e-07,1.573789813778861e-07,0.0003209344890720718,0.044688006530519124,0.04493709501065999,0.00045672284167155977,0.0003784629283061276,1.875662141483468e-07,3.7808866148038256e-05,2.6237374076476814e-06,0.08865970479848125,9.120715433079533e-06,0.00012419225369199183
38,0.00044269366228409825,2.636142168604762e-07,4.0407199046621695e-05,0.0005683613551895724,2.107483038769743e-06,0.8642441965854935,0.001044665296593986,0.0007833524616932502,1.480008784943851e-05,2.8578120158363585e-05,5.405575836422731e-05,3.508624848770369e-05,9.951617461578877e-08,6.115570558651862e-08,0.00034062974410912155,0.04442589605057181,0.026592029869838656,0.00025333155461073606,0.0004174656046459707,9.612309419858447e-08,1.712984896305644e-05,1.8548471687947348e-06,0.06063105574202966,3.2501753417494213e-06,5.853189532955716e-05
39,0.00034469026480671647,9.119746031948977e-07,7.934954906850536e-05,0.0029756188660708667,0.00010114981885969034,0.5436401439319285,0.00022760766857335678,2.063183162661952e-05,0.00041226041668301764,9.233390575109286e-05,0.00016130859349936362,1.6021950089160318e-05,1.2406158932959644e-07,1.726806299460516e-06,0.00487718356371792,0.002532699905215179,0.01178019231302329,0.00013166215811900446,0.00020316573887345422,5.753534015813914e-07,1.07727522571005e-05,1.148121981332497e-06,0.431777752087829,9.492821686285818e-05,0.0005160401492703214
40,0.0004964209681773105,3.5979503163691907e-07,5.0641276073884956e-05,0.0007008389097231295,3.4656186205223556e-06,0.8469414716196038,0.0011541083518473187,0.0009946576390390074,1.882134705846101e-05,3.114568607218795e-05,8.143895299761886e-05,5.0657352166462556e-05,1.1071646767610228e-07,1.0584498301819401e-07,0.00039325100797469686,0.04168948251765412,0.033980547957753314,0.0002725497952175688,0.00040352873793193003,1.1707538043869827e-07,2.2553592450316208e-05,2.341089368889722e-06,0.07262089468932015,4.329983337855018e-06,8.615947574857312e-05
41,0.00034088193690637477,1.0543326692303977e-07,1.828987407851476e-05,0.0008975876611654409,3.0432701324854094e-06,0.9341991715343322,0.000463703563459469,0.00048461289424208765,1.569167654920923e-05,1.2948569061467492e-05,3.5207781325957496e-05,2.2426762000794035e-05,3.2772426621621433e-08,2.6781725135670643e-08,0.00042012408528763217,0.013100170018586417,0.009074518560599815,8.665628849803291e-05,0.00011837697173561115,3.9612478101653e-08,3.150723813715096e-06,9.631879527775695e-07,0.04067139747454583,1.7885855387441364e-06,2.9083980290450047e-05
42,0.0004966144292457196,4.334942936998327e-07,3.434945970165732e-05,0.0006474144598312835,2.301956349236101e-06,0.8654592720646186,0.001073959367052401,0.0014897892494224422,1.736271159186896e-05,3.223236428431959e-05,7.148802529216321e-05,5.551553222913794e-05,1.301874057892582e-07,7.741930782131428e-08,0.00045321630761049355,0.056681365037899285,0.03362106016031681,0.00019417550833860688,0.0005105140110108402,9.705094794636161e-08,1.723194507569514e-05,4.694525129797563e-06,0.03906213626037013,2.8685484145025173e-06,7.169992425987254e-05
43,0.00022897094281912914,2.072989465000427e-07,3.1327044098683615e-05,0.0005576836641568795,1.837221395956315e-06,0.8948990105816571,0.0005908448191960014,0.0006846996977781168,1.522826267986795e-05,3.8404554054878515e-05,3.5266952784893785e-05,1.683174456756881e-05,6.716979381561022e-08,5.97093883326061e-08,0.0003290726873631806,0.03154215233256615,0.016476979905231948,0.0001685513555183431,0.0003320175095100679,1.0303007739193974e-07,1.3055636429363446e-05,1.5621088674346583e-06,0.05398778683943409,2.778814087101858e-06,4.550011759746377e-05
44,0.0005103017960165872,3.6294541099164014e-07,5.166789171203058e-05,0.0006970422654649115,3.493373186615237e-06,0.8477519026965478,0.001151186974372036,0.000992521352643327,1.8984634433551816e-05,3.0952792694471605e-05,8.272457081598033e-05,5.1830494872841934e-05,1.1165878032618309e-07,1.073428556174322e-07,0.0003978560878547486,0.04122726627397794,0.03419356427516949,0.0002680127194774409,0.0003942300103781231,1.1669866724492434e-07,2.2376026982277067e-05,2.382209322630163e-06,0.07205870418260737,4.349449809359946e-06,8.795127594603485e-05
45,0.0004044913002885091,2.669895756629946e-07,3.06479803769383e-05,0.0008216154832853766,3.10682097687803e-06,0.8830620112553473,0.0011017088855856685,0.0010527956879960163,1.9779979870177455e-05,2.538035945275269e-05,5.987954305231127e-05,4.273765564782823e-05,9.300768088049005e-08,7.008844595304282e-08,0.0004704465674633426,0.03876922185927033,0.020842844611033997,0.00021176909841642223,0.00037444238684993924,9.800635934359808e-08,1.3075649359726292e-05,2.3190610163276925e-06,0.052629881510416504,2.957740404989581e-06,5.835847182680917e-05
46,0.00028518237927343355,1.8166387409649492e-07,4.565135252371005e-05,0.0005280325806011535,3.182691050945065e-06,0.8703397785014025,0.0011782324829873554,0.0007969751734744847,2.859328687263316e-05,3.1994855134640655e-05,6.024128372696384e-05,2.787582486131936e-05,8.658003563113185e-08,1.217960394825483e-07,0.00033019068444761545,0.030345359752295895,0.013756446018765028,0.00031451968373902414,0.00037267128916821046,1.5048701481507285e-07,2.5472762754721112e-05,1.3999677906168712e-06,0.08144791550813334,4.89186802954999e-06,7.485152600279997e-05
47,0.0012097682882348396,8.101493958056232e-07,6.278810519722647e-05,0.0005903449033942438,2.623188216523611e-06,0.8137790041408981,0.0013865333657878964,0.0017239468951689956,2.0883895968885004e-05,3.361988339343908e-05,0.00011856407330432448,0.0001426197649595986,2.1014037686899724e-07,1.1168211430802823e-07,0.000551790030672012,0.08319242388113275,0.05572903069135257,0.00022404863321808479,0.000446740769482463,1.1117941941873417e-07,1.7486621558976148e-05,7.219726856426636e-06,0.04059956172287115,4.935730817319633e-06,0.0001548225362076539
48,0.0005058250469547314,7.46860091654709e-07,3.694657201311177e-05,0.0008645165401812357,2.034438372128987e-06,0.8153788203184384,0.0009185090348783548,0.0014984784332772638,9.276144520953341e-06,3.969515887053047e-05,6.87343711600894e-05,4.8935869729116104e-05,9.832489415025494e-08,7.936100760001178e-08,0.00040102611653717283,0.051005214688881605,0.06858894012424174,0.00023130642757445127,0.0005663378231284522,7.124368231307274e-08,1.9097236153564636e-05,3.575446405180658e-06,0.05974606092200733,1.9895574428547375e-06,6.368393955606411e-05
49,0.0005048952065365982,3.200029788135522e-07,5.207993579456575e-05,0.0006035167693245957,2.87265765906706e-06,0.8784935837782393,0.0009736365040920215,0.0008868898516962805,1.7537055637852298e-05,2.7313385152151082e-05,7.384122193506963e-05,5.288597572326944e-05,1.0455392953017581e-07,9.401279128210171e-08,0.0002901776959464344,0.031913149699230973,0.028209505862752133,0.00022201563054307017,0.0002508830016606355,1.043364411311333e-07,1.5634184375632383e-05,2.2223290822354435e-06,0.05732955585044379,3.655101306393132e-06,7.352539672719629e-05
50,0.0004591365779662124,4.334215531003144e-07,5.54731167884809e-05,0.0006833140791221771,2.809815622557965e-06,0.8573098443725943,0.001446966626881682,0.0015702110460486156,2.3395196288971702e-05,4.49248544405758e-05,7.145701695904265e-05,5.276931372114102e-05,1.3932844067114004e-07,1.3538437868211366e-07,0.00042928395740370317,0.05126008125539471,0.028318966822177515,0.0002755282054430333,0.0005163138346046687,1.3557105566861896e-07,2.551094983573632e-05,3.2765011166280056e-06,0.05735281042853798,3.635960292089575e-06,9.344636333228036e-05
51,0.0006284320883941364,2.260023672831697e-06,4.4919232018306905e-05,0.0028208849427747,3.2768068721921584e-06,0.8341651954382684,0.0009721509589105943,0.007028252975181853,1.650688065619387e-05,7.187709778749386e-05,0.0001545097930577033,0.0001646025568004978,1.5790053641783054e-07,3.360242144592266e-07,0.0010501613574475446,0.05599291221565056,0.05435213907772576,0.000330789686005593,0.000621020679566602,1.2579203090690568e-07,1.6943855398990234e-05,1.0476898393273255e-05,0.04143587784492747,1.6559793806577546e-06,0.00011453389432669688
52,0.0007306868807411877,6.941109407322922e-07,8.28115381237727e-05,0.0007766534482599627,7.410911927592754e-06,0.7858095827929226,0.001989532784775814,0.0011488126901614782,2.5689246706998842e-05,2.575857630066513e-05,0.00014854674744145841,0.00011867014363791768,1.4212155673376197e-07,2.1477114223645406e-07,0.0004591462474152801,0.04240517249717809,0.06567336854054974,0.0002518282114914796,0.00037702418065961487,1.235929925664367e-07,4.201375834537678e-05,3.1974580522033783e-06,0.09972473738109333,7.182720369154076e-06,0.0001909986472139645
53,0.0004342440165344015,3.1445014201141467e-07,4.0271620345586173e-05,0.0005923586534422195,3.1465974895053214e-06,0.8567892339103806,0.0019298004177036405,0.0009820681313195657,2.57243098845009e-05,2.0817794605757123e-05,7.219673980144055e-05,6.88933600553376e-05,9.870029276519439e-08,1.114308417648829e-07,0.0004064427615118132,0.04028220628006149,0.024821233522284068,0.00023696913249751598,0.00034441808693966346,1.0104652303867385e-07,1.9294072359945152e-05,2.0926645103847297e-06,0.0728238403037136,3.766181235928118e-06,0.00010035581552348174
54,0.00046775268602677867,8.817373174270183e-07,7.324453087132504e-05,0.0007538558732229321,3.2774553446904498e-06,0.7790270143800383,0.0014466013237675992,0.0013225072540704018,3.788084398543422e-05,5.474358717441852e-05,7.370898982852372e-05,0.00013016445193417573,1.408032654984657e-07,2.5904467671732085e-07,0.0009261063293008887,0.10367965029602069,0.04315536041202086,0.00016882315825382817,0.0004653264588340289,1.7265863455696237e-07,2.0426792404026944e-05,4.386783810455295e-06,0.06784913513966954,7.827362285347368e-06,0.00033075164724155403
55,0.0007238191595298887,3.3721435233647214e-07,5.040232928308873e-05,0.0008223832904509796,6.8200944270380965e-06,0.8488750416677522,0.0025516566279457508,0.0009318257854481589,3.9436552572842714e-05,1.6211179400172338e-05,0.00011837154968532679,0.0001653152894959237,1.4170121347542073e-07,1.2923330864233177e-07,0.00037358960848418347,0.04227976542185894,0.025820562745389714,0.00033031567797563795,0.0003471432721316467,1.0757932581119508e-07,2.027779593732494e-05,2.4065216025459538e-06,0.07637692328999078,8.506068542688369e-06,0.00013851034389487406
56,0.0005335662906025695,3.7452417469586387e-07,5.275327061426437e-05,0.0006988608639331125,3.583926353589539e-06,0.8487726003218209,0.0011858584042587204,0.0010191048522537774,1.9660251694836486e-05,3.1284744980625096e-05,8.614536677372587e-05,5.435110975168515e-05,1.1942735347474596e-07,1.1135421428006153e-07,0.00039992018502705494,0.04105587771645114,0.034064526573513144,0.0002757388277060974,0.00040112766930222647,1.2134778348010594e-07,2.2909619198020064e-05,2.5323207273195713e-06,0.07122500054144368,4.4717104915671605e-06,8.939877957602324e-05
57,0.0006200142768197525,6.808218599726675e-07,7.050117612253044e-05,0.0008146091907782758,4.482038192544901e-06,0.7816062560642395,0.0017550545991582367,0.001536439741475373,2.257730382255398e-05,4.420849900064058e-05,0.00011977732721935873,8.746182545850767e-05,1.9850235444134186e-07,1.723485954563096e-07,0.000539121252840262,0.0764043354463404,0.056974249342897555,0.0003667050733077614,0.0008599494380745926,1.6294143177149093e-07,4.912899403074507e-05,4.118633293248272e-06,0.0779700500914252,6.552544665561498e-06,0.00014319252659575015
58,0.0004820004711476389,3.728378566847109e-07,5.348974699424772e-05,0.0007110203297308911,4.34996242101361e-06,0.838129612124756,0.0012130489300217887,0.0008119830108871189,2.2774020843402128e-05,3.1487548861129464e-05,8.296357568609715e-05,5.448306055883749e-05,1.2314401121299027e-07,1.1628489112316027e-07,0.000408960581979511,0.04238655611074765,0.032959558420747694,0.0002689040241064884,0.0004162204586758726,1.3860821944813924e-07,2.4915071454371013e-05,2.2928036090194273e-06,0.08182688910055727,6.3037077146015485e-06,0.00010143606352106201
59,0.00048501015972621903,3.903903319540336e-07,6.206556267908377e-05,0.000691292591909403,4.28459123279973e-06,0.833479222392458,0.0012055295443314025,0.0008392003686034032,2.2106010835194705e-05,3.432234910096482e-05,8.216955821900092e-05,5.3890671129160635e-05,1.243436247297524e-07,1.2634414192128499e-07,0.00038372151753599025,0.04385958496399094,0.035769175985824235,0.00027278113873393974,0.00038872010877966605,1.4609456370873075e-07,2.6276171461523057e-05,2.233368173437439e-06,0.08222565398085183,6.301661443544316e-06,0.00010567013031816693
60,0.0005103017960165872,3.6294541099164014e-07,5.166789171203058e-05,0.0006970422654649115,3.493373186615237e-06,0.8477519026965478,0.001151186974372036,0.000992521352643327,1.8984634433551816e-05,3.0952792694471605e-05,8.272457081598033e-05,5.1830494872841934e-05,1.1165878032618309e-07,1.073428556174322e-07,0.0003978560878547486,0.04122726627397794,0.03419356427516949,0.0002680127194774409,0.0003942300103781231,1.1669866724492434e-07,2.2376026982277067e-05,2.382209322630163e-06,0.07205870418260737,4.349449809359946e-06,8.795127594603485e-05
61,0.0005095223019634551,3.6992449101897836e-07,6.553205017229519e-05,0.000664987134000554,4.274602994255807e-06,0.8378942699182786,0.0012007907783283687,0.0008451856385333241,2.255702228622281e-05,3.410804176405918e-05,8.425217307781793e-05,5.373011960530261e-05,1.2553928635808567e-07,1.257108649459273e-07,0.0003671137219631256,0.04236808349807749,0.03435166170032314,0.00027794812649220796,0.00037406764352541585,1.454668100205658e-07,2.623791434969023e-05,2.195714745222716e-06,0.08074151843051913,6.387920178764078e-06,0.00010480890736947363
62,0.0005103017960165872,3.6294541099164014e-07,5.166789171203058e-05,0.0006970422654649115,3.493373186615237e-06,0.8477519026965478,0.001151186974372036,0.000992521352643327,1.8984634433551816e-05,3.0952792694471605e-05,8.272457081598033e-05,5.1830494872841934e-05,1.1165878032618309e-07,1.073428556174322e-07,0.0003978560878547486,0.04122726627397794,0.03419356427516949,0.0002680127194774409,0.0003942300103781231,1.1669866724492434e-07,2.2376026982277067e-05,2.382209322630163e-06,0.07205870418260737,4.349449809359946e-06,8.795127594603485e-05
63,0.0005034468398883964,4.30751564056685e-07,5.153343822184265e-05,0.0007322989963524713,3.4768082088488067e-06,0.8392492038399827,0.0011296316515550372,0.0010409599080967093,1.893267256534437e-05,3.385505526955233e-05,8.337994853047524e-05,5.504234588359361e-05,1.1435667862954754e-07,1.1429605818050102e-07,0.00042862775098332257,0.04490289337211618,0.037671184229131335,0.00026378082830556576,0.00042985470422200365,1.194191382874278e-07,2.30513093089415e-05,2.5983578777398858e-06,0.07327549157384636,4.53310450536046e-06,9.544444170900732e-05
64,0.0005540014457549803,4.30209455249298e-07,6.746011831503033e-05,0.0006990148914339485,4.530682258039092e-06,0.8182131008558249,0.001481225303893058,0.0010586668234539747,2.076800254116236e-05,3.448275422811298e-05,0.00010251823543099525,5.719658505237535e-05,1.422336262882837e-07,1.4591516668932035e-07,0.00038571953251345675,0.04487971949346482,0.04311971504641991,0.00034641102712001416,0.0004973698570596942,1.4718425776840633e-07,3.830760846596314e-05,2.543074446525827e-06,0.08832547738517209,5.643328560080535e-06,0.00010526240608488151
65,0.0006169648762217637,8.528425098462468e-07,0.00014092697570659743,0.0006631966410380655,4.964069228696331e-06,0.8048417480396148,0.0014759424895507836,0.0015879529624637028,4.593682815358776e-05,7.167439488919332e-05,0.00011337531737031107,0.0001199795719266119,2.1787716417689902e-07,4.3581707848888077e-07,0.000576629861658143,0.07198601585107484,0.04454181630605817,0.0002648517441755572,0.00036005531640732435,3.124437812726925e-07,3.3536682966084645e-05,5.047969151868013e-06,0.07222347489179663,1.0585568097133839e-05,0.0003135046619162878
66,0.0011446798788026602,4.243532986073971e-07,0.00014051750066351127,0.0007253124073388895,4.6606593066982835e-06,0.8363153227536526,0.001992995611773969,0.002556521196028048,2.235664339291069e-05,4.562101375784555e-05,0.00015031416727154346,8.412397893536484e-05,3.131519470418959e-07,1.6463840403185895e-07,0.0003485908763196587,0.06675018108753782,0.03959181630393772,0.00054397181325055,0.0004010027072741067,2.6823576599564463e-07,3.687835088727282e-05,3.8779044408451955e-06,0.04904369877388231,4.839521813280355e-06,9.154647031692682e-05
67,0.0007047613333297189,3.991617889121897e-07,2.091365694447436e-05,0.0007305890757153538,3.2841331824708795e-06,0.8962681843519329,0.001417175601786319,0.001498573624480869,2.9221604585508854e-05,1.5053203250616808e-05,9.574889349630326e-05,0.00011759566568955082,9.79622912497142e-08,7.082626248229493e-08,0.0007252459796312603,0.0425041561639127,0.021908699972345617,0.00013444738887057061,0.0004033151294401033,5.1119930033221355e-08,1.0359369086777966e-05,5.7811160566356815e-06,0.03330264542558699,3.1856756953506342e-06,0.00010044356470699368
68,0.0007844232577118313,4.714821553663594e-07,4.078886077800312e-05,0.0007484227293102508,3.1384676491641134e-06,0.8338404527967679,0.001295239687989673,0.0017257600270501328,1.3747685808427069e-05,2.777918365615151e-05,0.00011956153126885052,5.661375485094473e-05,1.3454984643497095e-07,8.223328924843825e-08,0.0004735045782194825,0.051451941360173545,0.04887998799926126,0.0003470295309607873,0.0006835941140227441,8.911844889416162e-08,2.9443779940362324e-05,4.038300521475331e-06,0.05940111113771574,2.975496165921981e-06,6.966833643724378e-05
69,0.0005285810898474335,3.5314829703497555e-07,4.5601661422536816e-05,0.0007117728922153832,3.5329663105648506e-06,0.8522562142259718,0.0010990300930467144,0.0009334650218902541,1.8101114676733758e-05,2.7484964538698006e-05,8.173704598819481e-05,5.193947796596515e-05,1.0439012366730341e-07,9.248279548406079e-08,0.00041658673087437137,0.039405190165532414,0.034432450441495364,0.0002386591604454648,0.00038190936542246317,1.0124270210423994e-07,1.9858397887012968e-05,2.421466075381693e-06,0.06925725328789072,4.1476428080258e-06,8.34115237763265e-05
70,0.0006017230023109642,5.444604959545734e-07,5.976609182704283e-05,0.0005061109589002469,1.989709505808325e-06,0.7687791110809384,0.0012010691250389147,0.001128808199842528,1.542265487327402e-05,4.749696148780565e-05,8.256299686186775e-05,5.8832439122037996e-05,1.6266889657459947e-07,9.972940187281505e-08,0.00041664222755441655,0.10322929310869022,0.054694326047772225,0.0003706956647873076,0.0008580082794782086,1.329691758515166e-07,3.5665788830931285e-05,3.3453722425430486e-06,0.06778306984576114,6.049211260274042e-06,0.00011907140494350115
71,0.00020522327691416218,5.398345510145084e-07,0.00010837972231893905,0.0008340286233188496,1.2990991363915295e-05,0.7254834196846319,0.004173025070109335,0.001323026482144243,7.851674271042442e-05,6.175539046667496e-05,8.907080150709614e-05,6.449223973638234e-05,1.893195429597534e-07,6.712177458030635e-07,0.00033279930463074055,0.0614951125265926,0.028935041560274505,0.0006986928115737261,0.0006425574541362488,6.093019267428742e-07,0.00011170527433603694,1.8663325331955534e-06,0.17510124518577727,1.7765864975781153e-05,0.0002272749861815052
