,0,1,2,3,4,5,6,7,8,9,10,11,12,13,14,15,16,17,18,19,20,21,22,23,24
0,1.279167024061539e-06,1.4063144517902606e-05,8.269160094925307e-07,8.647388820543569e-06,0.007427201602411798,0.8529762090508999,2.8221440833430515e-07,1.6241525411795226e-07,0.0025560577978208823,3.6265647259186915e-07,1.3822126494732928e-08,3.85958915730096e-09,2.427985303239854e-07,1.5141239661089336e-08,5.268305567519702e-07,0.032779249959319016,5.195959063995076e-07,0.01753448858121727,0.08610656359810459,9.681454165381424e-08,0.00011722087491355604,7.960414818407169e-08,0.0004737016957432484,2.177039259599553e-06,7.431164566422167e-09
1,1.304539060457401e-06,1.6380613198830636e-05,1.2028327290871933e-06,6.72169751564384e-06,0.009778733826541333,0.8259903495635463,2.4026581953713614e-07,1.476125910378579e-07,0.00325620490842844,3.8357642105182104e-07,1.3045467877587524e-08,3.3175065965343715e-09,2.0770426678497016e-07,1.1996580416112868e-08,4.99488383401878e-07,0.03142249300052134,4.6207470228300437e-07,0.010614856610170623,0.11845343339230983,7.329980846215563e-08,0.00010658912536458199,8.200999523620713e-08,0.0003478479170070602,1.7504595507667315e-06,7.122512947739603e-09
2,1.7526064074471212e-06,3.0664687152448735e-05,1.4118451641831784e-06,9.680877444397404e-06,0.0170162437244409,0.8280608385528787,3.0184747766255047e-07,2.705204288128779e-07,0.004831701665899404,5.458284002553594e-07,3.7024210744237626e-08,6.3200048946992624e-09,2.6853424004148017e-07,3.7107110985806886e-08,1.6642955191275653e-06,0.024581511267897857,5.688617271138225e-07,0.02087342255854488,0.10370514432163236,1.8884214084007663e-07,0.00017045585158361045,9.936094634115613e-08,0.0007110666363526353,2.0983825862949083e-06,1.847980824157236e-08
3,1.1520977353970453e-06,1.8967308051195294e-05,8.225576193808277e-07,7.52226783751413e-06,0.008199500647286063,0.8524959802505169,2.73573536360491e-07,1.4029138418190272e-07,0.002346676161320062,2.911441023100497e-07,1.342136640261214e-08,4.3100639763767515e-09,1.908612811067822e-07,1.9243450174666112e-08,6.26997609052656e-07,0.027770307501365464,5.096901821306231e-07,0.01633379881839497,0.09225592794550674,8.445006917875781e-08,0.00012415249419132042,9.42918592642384e-08,0.00044083225438556914,2.101988219108652e-06,9.43266606264895e-09
4,1.2495892023566543e-06,1.8511697129029484e-05,8.643384714267216e-07,7.464798102564003e-06,0.008322096360725815,0.8415893532915378,2.854935918766647e-07,1.4497331607652968e-07,0.002137738969354229,3.052174381028213e-07,1.3407137985456899e-08,4.436719989663927e-09,2.3460954479193954e-07,2.176531003058632e-08,6.094723986150358e-07,0.029726960839917098,5.298251083528333e-07,0.017635659298907418,0.09999266340088854,9.182197505961405e-08,0.0001207099650571817,8.857571543848326e-08,0.0004419444288357696,2.444153914203134e-06,9.269700254910798e-09
5,9.9281816323453e-07,1.8961006699891896e-05,5.94486399365386e-07,8.566164246124582e-06,0.006443974196659204,0.8636165406920515,2.348184390705873e-07,1.3195229570745624e-07,0.0019411182181619908,2.522880450386889e-07,1.341059016887705e-08,3.987428813409892e-09,1.8207597650949912e-07,1.774640361069634e-08,6.157346695033792e-07,0.0269481931859689,4.516188352791759e-07,0.02156907859343715,0.07889638274578346,8.593945011417143e-08,0.00011298143636125752,9.385980740036423e-08,0.0004386311783475157,1.893701918882069e-06,8.143860141817626e-09
6,1.1520977353970453e-06,1.8967308051195294e-05,8.225576193808277e-07,7.52226783751413e-06,0.008199500647286063,0.8524959802505169,2.73573536360491e-07,1.4029138418190272e-07,0.002346676161320062,2.911441023100497e-07,1.342136640261214e-08,4.3100639763767515e-09,1.908612811067822e-07,1.9243450174666112e-08,6.26997609052656e-07,0.027770307501365464,5.096901821306231e-07,0.01633379881839497,0.09225592794550674,8.445006917875781e-08,0.00012415249419132042,9.42918592642384e-08,0.00044083225438556914,2.101988219108652e-06,9.43266606264895e-09
7,6.199317665713985e-06,2.377982046331678e-05,3.599605846689589e-06,1.4583766026468703e-05,0.018826623768988762,0.659986447481945,6.240741518161634e-07,4.890409337295556e-07,0.004037812911991767,1.2566393830071665e-06,3.550116110385674e-08,6.1079224410737105e-09,9.299871480462276e-07,2.893709096073732e-08,6.525049320480471e-07,0.04333475007253135,1.283870890466332e-06,0.012413858335414646,0.26092838767557425,1.8177777867622276e-07,9.261764345317484e-05,1.5717053858247485e-07,0.0003211388125779718,4.540496422885945e-06,1.4679167232596325e-08
8,3.433681341597681e-06,2.102928638767713e-05,3.1679643182214232e-06,1.0896902297009055e-05,0.014921849445535151,0.8017639004306263,6.249870792672253e-07,2.774018830847431e-07,0.0034297187307568322,9.462904934431227e-07,2.0829844166675827e-08,8.760985872270077e-09,4.74152886752102e-07,5.328309823405445e-08,8.909251618433699e-07,0.035118033158254944,1.3260917557262113e-06,0.011598098860579782,0.13190692322132744,1.9819309342057153e-07,0.0002743646250447155,1.1919696804895332e-07,0.0009360944779799495,7.525020472131062e-06,2.4081828453594572e-08
9,2.9388737983360772e-06,2.79998553521738e-05,1.6389478627127787e-06,1.252472179268955e-05,0.012922490794246188,0.8205112934985788,4.20705739422479e-07,2.6102098931569784e-07,0.0039174260040914415,7.785748495052052e-07,2.6005881601938468e-08,6.186866834966916e-09,3.095594549637462e-07,4.828571420811949e-08,1.269502493919716e-06,0.02588382644833823,9.36454026200012e-07,0.016192863088290804,0.11929272777046081,1.720952003948343e-07,0.0002052448606202223,1.1373317173843327e-07,0.0010198875736336112,4.770469815731164e-06,2.4968730196569652e-08
10,1.1520977353970453e-06,1.8967308051195294e-05,8.225576193808277e-07,7.52226783751413e-06,0.008199500647286063,0.8524959802505169,2.73573536360491e-07,1.4029138418190272e-07,0.002346676161320062,2.911441023100497e-07,1.342136640261214e-08,4.3100639763767515e-09,1.908612811067822e-07,1.9243450174666112e-08,6.26997609052656e-07,0.027770307501365464,5.096901821306231e-07,0.01633379881839497,0.09225592794550674,8.445006917875781e-08,0.00012415249419132042,9.42918592642384e-08,0.00044083225438556914,2.101988219108652e-06,9.43266606264895e-09
11,1.2788972751313618e-06,1.766421084688371e-05,8.809279097604604e-07,7.358189507981524e-06,0.008010215710229127,0.8427925178043784,2.997625758095987e-07,1.617826032382168e-07,0.0023129803483569905,3.313117998733553e-07,1.3296105994865277e-08,4.5273583219081125e-09,2.426193021563139e-07,1.9184365408960112e-08,5.990868060534629e-07,0.030018098683336856,5.609341293491602e-07,0.016946783905436927,0.09934172133233726,9.060275442561909e-08,0.00011846186612008867,9.478140529683365e-08,0.00042713649118620027,2.474759677314975e-06,8.984195397520575e-09
12,8.885232524782452e-07,1.607847939571717e-05,6.335112675913344e-07,6.964572644523658e-06,0.010624038093186775,0.8760540991939681,2.981725421705742e-07,8.752748361657012e-08,0.0021374004363062284,2.2761921241993815e-07,1.2151921947174359e-08,4.26347071760668e-09,1.608549856297116e-07,2.8572843703640523e-08,5.63514809964178e-07,0.02458037426909314,4.550491879525962e-07,0.020040419032331575,0.06575744309136809,1.04154317112623e-07,0.00013802687761514898,6.602460095795288e-08,0.0006394510970574586,2.1634205631045434e-06,1.14965736389602e-08
13,9.368474542074334e-06,3.5408266053534445e-05,5.998355349434411e-06,4.8329091051903306e-05,0.03921636192106359,0.6547916461193375,9.735021495730603e-07,1.213590485743911e-06,0.008387903198052148,1.4691004092267634e-06,5.107168330136105e-07,4.132892307732631e-08,1.0950353575273264e-06,4.129140121245081e-07,8.803960416542212e-06,0.08995198508302753,1.5308539639743814e-06,0.07933097087856371,0.125341651380626,1.2133137061123736e-06,0.000658099475658141,1.6917755286890326e-07,0.0022014863593741753,3.318643319759364e-06,3.926017072510552e-08
14,2.5802399671888232e-06,9.035885409782548e-06,1.0260752597150135e-06,6.63034832759577e-06,0.00659021351667423,0.8741210639794789,9.944294873858467e-07,3.195849903679446e-07,0.0041416438276135545,5.72995385788873e-07,9.622186788243932e-09,1.0845644535114155e-08,2.3601460219331285e-07,3.185790507295139e-08,6.672900077111325e-07,0.03379699096688598,1.3859832216635338e-06,0.01189935497141556,0.0683327312078126,8.10688364901118e-08,0.00022276539071318754,1.3664314177107264e-07,0.0008646163869451822,6.87972371922241e-06,2.114436727081252e-08
15,1.1520977353970453e-06,1.8967308051195294e-05,8.225576193808277e-07,7.52226783751413e-06,0.008199500647286063,0.8524959802505169,2.73573536360491e-07,1.4029138418190272e-07,0.002346676161320062,2.911441023100497e-07,1.342136640261214e-08,4.3100639763767515e-09,1.908612811067822e-07,1.9243450174666112e-08,6.26997609052656e-07,0.027770307501365464,5.096901821306231e-07,0.01633379881839497,0.09225592794550674,8.445006917875781e-08,0.00012415249419132042,9.42918592642384e-08,0.00044083225438556914,2.101988219108652e-06,9.43266606264895e-09
16,1.0649828187018664e-06,1.097572527208916e-05,1.0199455800694554e-06,9.691546184791606e-06,0.006554052889059055,0.8228690563705586,3.5693936679114057e-07,1.57474936409503e-07,0.0012114923216898382,2.4524250950374086e-07,1.8215009672370973e-08,7.673986133187522e-09,3.3033845753390794e-07,3.5314523575497894e-08,7.165156503855634e-07,0.05877502050035498,5.834994738222924e-07,0.03744339195471447,0.07227507082364552,1.650482100195495e-07,0.0002429526986615326,7.407592148258193e-08,0.0006006717399437629,2.8426353282722105e-06,5.528143035816335e-09
17,3.4984005593925852e-06,2.1852834285532636e-05,1.7227894775927125e-06,1.5275480277683927e-05,0.01805465020106087,0.8153461827505109,9.735515980680098e-07,2.6862930904606395e-07,0.003517243391384059,4.195015737106621e-07,3.0875660620961795e-08,1.3670802041678058e-08,4.030376258323365e-07,7.272607518852688e-08,8.673011807133575e-07,0.0469495774122883,1.3124312634233442e-06,0.022712043504339016,0.0923708912571496,1.7845665025796923e-07,0.0002366421011529352,1.6747473166438158e-07,0.0007615041662463882,4.183266942098135e-06,2.4787855141684147e-08
18,2.419718045302027e-06,3.4676215765248467e-05,7.844140993668137e-07,1.0150066505845144e-05,0.01165300886145018,0.8174127778012428,4.928732379479372e-07,1.6194253744941172e-07,0.003500133587139851,3.7887190700271166e-07,1.8436455515414225e-08,5.470998014514964e-09,2.06189644238969e-07,3.7172241290067397e-08,7.131038246861937e-07,0.019568834304268052,1.6206174952288639e-06,0.020042668298495728,0.12694223598025878,1.0426237790842033e-07,0.00012203618457655233,2.18852252050825e-07,0.000702681564892829,3.5980369820143295e-06,3.717330589285394e-08
19,1.1028907732896797e-06,1.0727410795000041e-05,1.074979824002034e-06,5.955173888122454e-06,0.007314317763088736,0.8803103940873966,4.0457622538819944e-07,1.7403576390772828e-07,0.002424509512800136,4.899033928722295e-07,8.703158384154374e-09,5.161760099491778e-09,2.448958313884424e-07,1.0188024105868101e-08,3.4496781178457173e-07,0.025783971309997548,5.833350811462454e-07,0.0076556679787958565,0.07611773403773199,7.432228930813368e-08,9.79920349287595e-05,1.1100691695241728e-07,0.0002715161441670119,2.5776544308375855e-06,7.9251269747554e-09
20,6.592542504861503e-07,3.19333868487047e-05,5.643718114758496e-07,7.269025695174005e-06,0.004186700557800896,0.8794160906153833,1.7151098803832214e-07,1.9552600014206966e-07,0.002070251240950182,2.07235925297179e-07,1.4759828537520914e-08,5.369504535168358e-09,1.2223360502188855e-07,1.3770945619477249e-08,1.2776439968444277e-06,0.023164585228880877,3.6509404056126477e-07,0.020259987707177712,0.07033987316220483,6.558292989297688e-08,0.00014920393877650083,1.5381111814198946e-07,0.0003688528293405601,1.4285060368876508e-06,7.63595984207691e-09
21,2.2131443963590007e-06,2.1777407754837096e-05,1.2046893173142505e-06,1.6587111593698084e-05,0.010756067291609639,0.8077710041688847,3.603022989556403e-07,1.9781718566590997e-07,0.002600432897646419,3.2483791562124906e-07,3.813381213078104e-08,7.657052213837157e-09,2.949478991504341e-07,5.2685737686319085e-08,1.1678598670640908e-06,0.050976359991057124,5.599080041679975e-07,0.03358343594079536,0.09331903697645087,1.79325713646257e-07,0.00019766396377899126,9.283093332921086e-08,0.0007487545566130126,2.174304706589126e-06,1.1248975162062758e-08
22,1.5463376165250486e-06,1.5269325348532646e-05,1.3488687886754427e-06,1.3451291327630736e-05,0.009490605835326363,0.8240532593937269,3.364901291220809e-07,1.8626827926312784e-07,0.002429155219867067,4.6406180612959337e-07,3.10825577247855e-08,5.920238098429011e-09,2.967972936670121e-07,2.486875932466002e-08,7.655745800671445e-07,0.04239431362830085,9.504836858459523e-07,0.02871523451294768,0.09201903136386803,1.8571820385323494e-07,0.00022152380850323834,1.1945881554435838e-07,0.0006397599783081397,2.124583857769092e-06,9.127864189052543e-09
23,1.1520977353970453e-06,1.8967308051195294e-05,8.225576193808277e-07,7.52226783751413e-06,0.008199500647286063,0.8524959802505169,2.73573536360491e-07,1.4029138418190272e-07,0.002346676161320062,2.911441023100497e-07,1.342136640261214e-08,4.3100639763767515e-09,1.908612811067822e-07,1.9243450174666112e-08,6.26997609052656e-07,0.027770307501365464,5.096901821306231e-07,0.01633379881839497,0.09225592794550674,8.445006917875781e-08,0.00012415249419132042,9.42918592642384e-08,0.00044083225438556914,2.101988219108652e-06,9.43266606264895e-09
24,1.448748580740508e-06,2.4283040868292164e-05,8.223863945287873e-07,1.1798793789010401e-05,0.010759138102061163,0.8431932940688026,2.791182128521443e-07,1.417305420889889e-07,0.00222036112619336,3.0317962144083024e-07,1.960907904605071e-08,4.7981980983044316e-09,2.3967024192639014e-07,2.6567061874662883e-08,6.407385606518079e-07,0.029232576198387473,5.222767158506626e-07,0.021291149528172678,0.09270414906978355,1.216366888084294e-07,0.00011029102960093953,1.0261961169239448e-07,0.0004462927366745034,1.98203449396216e-06,1.1191662839957794e-08
25,5.1687890124558985e-06,1.9638935126975557e-05,2.595286645713764e-06,2.541810289723718e-05,0.019479488020395827,0.758969823887022,9.687099314294703e-07,6.606036419912171e-07,0.004386933541630427,9.850301478077847e-07,8.698483894052786e-08,1.650448129661221e-08,9.01287740400434e-07,8.104989600379935e-08,1.531025960180279e-06,0.06391232922502593,1.4646006833617898e-06,0.03817245989383569,0.11401001399770735,4.1683819117254196e-07,0.00022119836167394929,1.673869050091377e-07,0.0007836641881423195,3.968233765041986e-06,1.9514701459005285e-08
26,1.0712609876451052e-06,1.4312638694008525e-05,5.80133642123059e-07,4.768965205431634e-06,0.006262564858649849,0.8670807066342793,2.3912538304655873e-07,1.1346033275698493e-07,0.0031152310453366615,2.986111197280028e-07,6.697029396053106e-09,2.263263220406682e-09,1.778916011241451e-07,9.69001872146212e-09,3.7316157640622513e-07,0.019408457951960903,5.906542175286817e-07,0.014341262939966203,0.08905902738174037,6.198348587467978e-08,9.942842027484037e-05,6.994878748272551e-08,0.0006078961142619248,2.739048541177951e-06,9.119644223524629e-09
27,1.0233542064661905e-06,2.8645415160296848e-05,5.495547518032876e-07,7.410507348178553e-06,0.0067105356576151395,0.8675749915493343,2.2050097042680116e-07,1.5544341085159915e-07,0.0030694622622485725,2.574847717621096e-07,1.3401279496472234e-08,3.737634846375178e-09,1.1902583890178302e-07,1.3725026765034739e-08,7.803701742648828e-07,0.0196171203584065,4.1058067738439407e-07,0.013108431691560885,0.08945485864339364,5.5614918947004506e-08,8.401343091360529e-05,1.3095399485332526e-07,0.00033936528967339486,1.4198757286938161e-06,1.157096013380044e-08
28,1.1520977353970453e-06,1.8967308051195294e-05,8.225576193808277e-07,7.52226783751413e-06,0.008199500647286063,0.8524959802505169,2.73573536360491e-07,1.4029138418190272e-07,0.002346676161320062,2.911441023100497e-07,1.342136640261214e-08,4.3100639763767515e-09,1.908612811067822e-07,1.9243450174666112e-08,6.26997609052656e-07,0.027770307501365464,5.096901821306231e-07,0.01633379881839497,0.09225592794550674,8.445006917875781e-08,0.00012415249419132042,9.42918592642384e-08,0.00044083225438556914,2.101988219108652e-06,9.43266606264895e-09
29,1.1520977353970453e-06,1.8967308051195294e-05,8.225576193808277e-07,7.52226783751413e-06,0.008199500647286063,0.8524959802505169,2.73573536360491e-07,1.4029138418190272e-07,0.002346676161320062,2.911441023100497e-07,1.342136640261214e-08,4.3100639763767515e-09,1.908612811067822e-07,1.9243450174666112e-08,6.26997609052656e-07,0.027770307501365464,5.096901821306231e-07,0.01633379881839497,0.09225592794550674,8.445006917875781e-08,0.00012415249419132042,9.42918592642384e-08,0.00044083225438556914,2.101988219108652e-06,9.43266606264895e-09
30,1.1520977353970453e-06,1.8967308051195294e-05,8.225576193808277e-07,7.52226783751413e-06,0.008199500647286063,0.8524959802505169,2.73573536360491e-07,1.4029138418190272e-07,0.002346676161320062,2.911441023100497e-07,1.342136640261214e-08,4.3100639763767515e-09,1.908612811067822e-07,1.9243450174666112e-08,6.26997609052656e-07,0.027770307501365464,5.096901821306231e-07,0.01633379881839497,0.09225592794550674,8.445006917875781e-08,0.00012415249419132042,9.42918592642384e-08,0.00044083225438556914,2.101988219108652e-06,9.43266606264895e-09
31,2.860535797837615e-06,2.8866069011897635e-05,2.323602632716715e-06,8.324838009213604e-06,0.00941347306283274,0.7149408739689949,3.3052925337146527e-07,4.549871160399036e-07,0.0030286601310210025,3.8216800024041107e-07,1.854894759411227e-08,6.709788438037367e-09,5.895002919374153e-07,2.2679186099637972e-08,9.329745272551325e-07,0.0506517340746926,9.191348918888435e-07,0.02182783268113785,0.199465870076484,1.1841414498749917e-07,0.00018947686619137449,1.2691304489670637e-07,0.0004317861240839215,4.0066846229081985e-06,8.725294410788984e-09
32,1.1388123963458036e-06,2.1274908291238025e-05,8.200971128360878e-07,6.899293963452025e-06,0.007711282912689116,0.837236334253207,2.3126703815234847e-07,1.334983959625455e-07,0.002197309749082327,2.684367290846166e-07,1.1871447418583985e-08,3.789468436766034e-09,1.9538191650058658e-07,1.7159483901822833e-08,5.85431385959723e-07,0.02729412516603557,4.97211673157781e-07,0.01601010386758672,0.10901061962897254,7.436808585811425e-08,0.00011296322766958065,9.502891604023431e-08,0.00039290093994960996,2.1050745382362173e-06,8.623964878263295e-09
33,1.085904784151013e-06,1.7497256158068066e-05,6.778388983885031e-07,6.599681801289159e-06,0.0063820083848832145,0.8347662512986174,2.64581447501512e-07,1.2537338197289532e-07,0.0016088979908110003,2.42884831881981e-07,8.654921583428977e-09,3.79071033931336e-09,2.2095041356494082e-07,1.6172812609538324e-08,4.2315058950646614e-07,0.030543364427459047,5.562518046963637e-07,0.01745406559550078,0.10878241543677435,6.785877400435371e-08,9.703848835952616e-05,9.843594995361706e-08,0.0003354267028886114,2.635607207025672e-06,7.280219756752145e-09
34,8.775312912383286e-08,6.847487296656975e-06,1.5465053540585523e-07,2.674767655980531e-06,0.0017059339301272395,0.9641074290951244,1.5856596915946453e-07,4.677800109583497e-08,0.0007940145933353917,1.0705968325302025e-07,2.3274850401850114e-09,2.639682175011952e-09,3.7573094441631714e-08,3.693042491623682e-09,2.738225963863058e-07,0.011032647974742852,1.7826932594514825e-07,0.007217789208499929,0.014787023356318704,3.4220865931011704e-08,8.82683590869953e-05,6.36594451409541e-08,0.0002551861654348449,1.0303655940550673e-06,3.6839273326394163e-09
35,8.541704021889615e-07,1.23871474189613e-05,9.925762848151008e-07,7.271539731838325e-06,0.009350401688562139,0.8735168403910295,3.414406544424009e-07,9.842532287126214e-08,0.0015514410664235444,3.0541144985277254e-07,1.3047508585682315e-08,5.302052358265839e-09,2.0208236056315256e-07,2.9921773596933683e-08,5.838297111873092e-07,0.03050584469674817,5.531823572830739e-07,0.017844705759730715,0.06636246969801418,1.3233499821341765e-07,0.0002049134561622376,6.902722001247366e-08,0.0006367659243351847,2.7687241138830212e-06,9.155633799728055e-09
36,1.8858022164808248e-06,1.836374768803361e-05,6.914017046665993e-07,9.666682920482892e-06,0.0067221860972501895,0.816892095005346,7.492005143573843e-07,3.2850590402591305e-07,0.0023946868187499806,2.660587779609795e-07,1.9328878822661514e-08,1.4059163013467734e-08,2.9353977438937193e-07,3.412691403292855e-08,7.982526690080612e-07,0.04607263537919595,1.3141235002301634e-06,0.03245266728120992,0.09493675303424166,9.541847262657389e-08,0.0001316721839058945,2.7729606276939204e-07,0.0003594487934250854,3.043527610513739e-06,1.4333904157354495e-08
37,2.8052047173062802e-06,1.4077683851607636e-05,1.4821856228818446e-06,1.1425327048687865e-05,0.012780540295074338,0.7806986360033356,6.977497636873378e-07,1.405703854877682e-07,0.0015978878950942714,3.4766644504059915e-07,1.741186990311261e-08,9.245195478442698e-09,4.6898643919238915e-07,8.760601534250091e-08,5.829082930481526e-07,0.05782278699791056,1.1429726273133484e-06,0.03177316484422381,0.11413297310259374,1.6805844015706962e-07,0.00025411549015766594,9.122806345979052e-08,0.0008998041902040949,6.531850276635121e-06,1.4526350694495472e-08
38,5.471956726030639e-06,5.228879351150515e-05,2.194988750997989e-06,1.8714396350261003e-05,0.03415472324950325,0.7507773880762642,5.529570794922954e-07,4.211046120077402e-07,0.00887675381753993,9.113429731641641e-07,4.8355929738626296e-08,6.947467116644368e-09,3.962034830389668e-07,5.277192574543192e-08,1.1624936918508568e-06,0.023438768401390527,1.454925696910373e-06,0.016872014397890073,0.1649729929280187,2.3294695929597545e-07,0.00011968385357115614,1.9244392418559033e-07,0.0007001733693284006,3.3475965016457553e-06,5.1680911074921685e-08
39,0.0004420907819308222,3.081590517588886e-05,1.8218689631180862e-06,0.00021912123431330128,0.7018203101939533,0.10008143497082914,8.743675564776196e-06,3.9986208434056254e-07,0.03155743683121432,2.7804366588231213e-05,1.2428143581763678e-05,8.514421172801264e-09,1.407281743374701e-06,1.95707495226281e-05,6.81611632329519e-06,0.005396225877234787,2.1101592452533645e-06,0.038902274244931916,0.11675162023466515,3.421283251817e-06,8.999944875385199e-06,6.33151676757127e-08,0.004697211185325291,5.196138303424861e-06,2.6671207896178485e-06
40,1.1955217290570845e-06,1.9564001833433996e-05,8.613300092421663e-07,7.6144412166124894e-06,0.008626862374510299,0.8492807774541848,2.795937375455784e-07,1.4184134452066799e-07,0.0023772361725110836,2.924074702547018e-07,1.3889001934464858e-08,4.454284607892648e-09,1.9546400556918743e-07,2.042592181663124e-08,6.427523043141853e-07,0.028101869141211492,5.202872468747169e-07,0.016452263793392544,0.09455325061456332,8.675801032825023e-08,0.0001273451141500808,9.539381873640924e-08,0.00044672024363991906,2.1367378234155115e-06,9.792078305832432e-09
41,8.371248065961734e-07,2.6246548422650962e-06,8.83910555132062e-07,2.803805933309887e-06,0.0013312996888773076,0.9355199160412819,1.350102591934113e-06,7.759546990828314e-08,0.0005444548411008331,3.4479864162825944e-07,1.3712371448943718e-09,1.1959078999939434e-08,1.5758657206135303e-07,1.2166356869837659e-08,1.2120940357098135e-07,0.020167627345427035,4.657071894447211e-06,0.005180291084952981,0.03590189971277183,5.384922052486458e-08,0.0004927018040943468,2.3044347600071855e-07,0.0008292329352878557,1.8392831671074608e-05,1.606445425829991e-08
42,5.234439411044499e-07,3.312432645300141e-05,8.860970139833658e-07,6.034992994242083e-06,0.0026655267752121238,0.8261098996819568,9.289548112990562e-08,2.1024839365956935e-07,0.0019896278185482026,1.3329284224636312e-07,5.5641206418945074e-09,3.119656498093447e-09,1.1428022249458319e-07,2.4438731646097135e-09,3.9285215268247297e-07,0.03391928165213953,3.6811579951743496e-07,0.007768760867546328,0.12730935232757412,2.4688395869552843e-08,8.654817455687015e-05,2.2071348037850122e-07,0.00010797789682303734,8.849202877970603e-07,2.8105342948868905e-09
43,3.4569550425219196e-07,6.658391551733702e-06,5.913495694669968e-07,3.3605772473964523e-06,0.0032655052199211474,0.9172530116115222,1.4502464375331938e-07,9.572558503738237e-08,0.001351406380591462,3.3460384326749926e-07,3.9129991344884095e-09,2.4113573105444433e-09,1.403696594007842e-07,3.37223865210316e-09,2.627489630822578e-07,0.019967490127140792,3.512620395016523e-07,0.007983859192446634,0.049762032554406366,5.0220698550544714e-08,0.00012699226776104148,6.25628491961308e-08,0.00027550975554951993,1.7818974179902206e-06,2.764493466853348e-09
44,1.1520977353970453e-06,1.8967308051195294e-05,8.225576193808277e-07,7.52226783751413e-06,0.008199500647286063,0.8524959802505169,2.73573536360491e-07,1.4029138418190272e-07,0.002346676161320062,2.911441023100497e-07,1.342136640261214e-08,4.3100639763767515e-09,1.908612811067822e-07,1.9243450174666112e-08,6.26997609052656e-07,0.027770307501365464,5.096901821306231e-07,0.01633379881839497,0.09225592794550674,8.445006917875781e-08,0.00012415249419132042,9.42918592642384e-08,0.00044083225438556914,2.101988219108652e-06,9.43266606264895e-09
45,9.497560358670453e-07,1.2625241103052145e-05,7.602662232258591e-07,5.0096849244698894e-06,0.004346206862005387,0.830844868278781,3.4230714927131067e-07,3.1534550918807905e-07,0.0018682143977879087,3.3489331761449066e-07,9.191976838216214e-09,5.075131666870874e-09,3.4185237933021416e-07,1.0616719667136584e-08,6.201576594672966e-07,0.04253181770499225,4.5221030797794057e-07,0.01843866539832668,0.10161600102113734,6.639683824368148e-08,9.164313324377874e-05,1.0234131274865342e-07,0.00023770990738067847,2.923941636159002e-06,4.0181201440205804e-09
46,1.6531680782907599e-06,1.3560468234589187e-05,9.862303207929703e-07,8.792059681808649e-06,0.006676137308021271,0.8488763892084229,3.7568610652191074e-07,1.612874445694503e-07,0.0019823812486172735,3.7388358300975706e-07,1.1034917471793313e-08,5.221738391584714e-09,2.6920381595463384e-07,1.3676198746532162e-08,3.4494288110202325e-07,0.03191337702308335,1.0698574671426565e-06,0.013689117343097423,0.09632336248366949,8.40341673997369e-08,0.0001351486110500088,1.4470877268971036e-07,0.00037335529417358205,2.876866133244256e-06,9.15032299463031e-09
47,2.883786350982266e-06,1.3237499120618285e-05,1.3888238440538118e-06,9.346691527520165e-06,0.005296084891025271,0.7614801009465234,4.567458209497804e-07,2.1062669271338625e-07,0.00158934167650348,3.182620567144018e-07,7.715042544580302e-09,5.875995663730477e-09,4.448841522704975e-07,1.3177310180818189e-08,2.4957685018678204e-07,0.05906245114477383,1.1734204261769725e-06,0.013069514092558144,0.15906875526443226,6.090231872180434e-08,0.00012457071440477626,1.5960793765811333e-07,0.0002746904076988387,4.527165490606397e-06,6.101142140026673e-09
48,1.1235139091235608e-06,1.4883132744448822e-05,6.488999561200375e-07,3.7639045605948654e-06,0.00352632072425067,0.7911756776182002,2.1826772711214954e-07,1.5856215897411336e-07,0.0013333581448477883,3.145931818144816e-07,3.2697913982654082e-09,2.3536704531274933e-09,2.9209009587790597e-07,5.9216408848022624e-09,2.1286446625013607e-07,0.024059188301163156,9.106333368742677e-07,0.010671281223294643,0.16893354676350786,4.037882673171499e-08,6.307640030316284e-05,1.1998085862441713e-07,0.0002102086630813624,4.638366597558496e-06,5.427828400790739e-09
49,6.296347519102422e-07,1.6798434840674703e-05,7.635580934994823e-07,5.4268333702015125e-06,0.005547156227672221,0.889501843442335,2.0866545817248782e-07,1.1609697341456095e-07,0.0018530046310603972,2.2378987561180723e-07,7.683441963954244e-09,4.108124924105687e-09,1.3549007933818937e-07,8.044247588824123e-09,4.1050975533532536e-07,0.022631025000507156,4.149427339871715e-07,0.009507905136353797,0.07056392331873364,5.695849066457714e-08,0.00011267996135017837,1.1494046391675405e-07,0.00025562107152543974,1.5152854360707493e-06,6.234324812468018e-09
50,5.116503733871917e-06,1.0426723615697339e-05,1.9926005312031313e-06,1.1575866850085582e-05,0.013992028978895291,0.7660320089555215,1.1216338000488158e-06,4.448523096140491e-07,0.002976636156035464,1.2255819166437258e-06,2.5029598440570662e-08,9.44008003928672e-09,9.188045273971691e-07,5.442170864127292e-08,6.409134842352832e-07,0.049187297530879345,1.5070872157891283e-06,0.019579891729091654,0.1475005579808588,2.188700755866142e-07,0.00012319295880576506,1.10318819575038e-07,0.0005645850276074121,8.395323207120656e-06,1.671083082609609e-08
51,7.630340238328696e-07,0.0003374886423300035,5.003690876822987e-07,4.1907719899165356e-05,0.0034887629546386852,0.8748253984420417,7.386994900153873e-08,4.807748166785602e-07,0.004425599086854244,1.3780485035084377e-07,5.252478048335179e-08,5.78267010969602e-09,7.842622283189873e-08,1.0526965620795014e-08,3.964100864975091e-06,0.018692097063142076,2.105607680422499e-07,0.023799485071505633,0.07400060893610452,6.23953401607923e-08,8.958940361761509e-05,6.019532727052183e-07,0.0002917033487121848,4.0192526566023987e-07,1.5282276153452194e-08
52,1.7971660950804178e-06,3.641266583559328e-05,1.8342803635365348e-06,8.699223316480143e-06,0.013476032563633713,0.8101470469282348,4.857859915030316e-07,1.3057161913892778e-07,0.003035916206317876,1.6532457101977093e-07,1.1788849345362943e-08,5.987694422212139e-09,1.834930156329389e-07,2.9492735599735504e-08,5.653064777952696e-07,0.037431318517276616,1.2506064964306102e-06,0.012215366933742438,0.12264909178817171,7.797194795247695e-08,0.0002889320171259863,1.6204267936999116e-07,0.0007012384967894316,3.2247962757042124e-06,2.004474274290788e-08
53,7.995847943415008e-07,7.4023076712835305e-06,7.989253465491079e-07,9.420328677241595e-06,0.009110870895026065,0.8978389064718425,6.161044070233053e-07,1.0584932761862353e-07,0.0021717064280391708,3.00486144009381e-07,1.9244322218408313e-08,7.613691007306748e-09,1.8120231391410663e-07,3.440092552903695e-08,6.581270951304844e-07,0.0355649712443643,5.235207302363096e-07,0.02271094907838013,0.03128540732300236,1.7917935717039546e-07,0.00026223960470463044,6.345047192674013e-08,0.0010315848247094699,2.243654157275759e-06,1.0150498773832672e-08
54,1.3566452323245257e-06,5.927683771983836e-05,5.596423573407199e-07,8.547476632171903e-06,0.007835452335268972,0.8412739613327839,2.743115382762659e-07,1.58486702363411e-07,0.0032782515585896245,1.9442298571145917e-07,1.2957704581459727e-08,4.42244714598248e-09,9.931733676762701e-08,2.4519976963712093e-08,1.041647384237868e-06,0.01928947156468829,4.70771060773784e-07,0.012046377982495275,0.11575557609998417,4.2877977933499173e-08,8.399072478950366e-05,1.9451608624000497e-07,0.0003627942099926726,1.8428111358608002e-06,2.252712911461492e-08
55,9.553879876870508e-07,8.837722918074221e-06,5.230596919202697e-07,5.511264984531859e-06,0.007028247164579629,0.8729297520137701,5.126496279427249e-07,1.955973736612122e-07,0.0022256429023047608,2.1040473890068718e-07,9.191167264074714e-09,1.0712027988403633e-08,2.7398499654263354e-07,2.300546628448646e-08,4.6899238756759783e-07,0.04110462769954143,4.1475562427927354e-07,0.02299704142925544,0.053262819692560325,8.874260980552113e-08,9.49634475958382e-05,8.63009060427491e-08,0.00033634516748481496,2.431361842397945e-06,7.348556827504111e-09
56,1.1733550268883906e-06,1.7528198183795894e-05,8.325915545597388e-07,7.338406730095721e-06,0.007820693945985602,0.8507639689093975,2.8181252311655936e-07,1.4965645793080624e-07,0.0022307227470031994,3.097985766653141e-07,1.2924932068479568e-08,4.418711319704116e-09,2.2280086861889485e-07,1.8551395277036444e-08,5.884761777648803e-07,0.028927748412286697,5.208630657084357e-07,0.016718009009928998,0.09296551413993051,8.816807000566161e-08,0.00011896151475038533,9.187507069924187e-08,0.0004229256286114905,2.2850075911565387e-06,8.787169892547641e-09
57,9.727083808725682e-07,1.3182073950423783e-05,1.8484574388971035e-06,5.138676201940682e-06,0.011573888797250178,0.8466077335274395,3.539251320041446e-07,1.5741916049217777e-07,0.0023630158774684555,3.671901831836531e-07,1.0005496993377033e-08,6.405357854706962e-09,2.879400785516895e-07,1.4153768558748607e-08,4.0876519633330775e-07,0.03519793336429388,6.337075257636321e-07,0.009514221360242072,0.09423950109977793,1.0698947637602372e-07,0.00016196160270475794,9.647013099700574e-08,0.0003155958760488472,2.5561558790465935e-06,7.45141606315801e-09
58,1.0267338318381906e-06,1.579190093013433e-05,7.313331778523331e-07,5.840039858498676e-06,0.006599667783576024,0.8563161437101332,2.695279068419718e-07,1.342321267572884e-07,0.001894908619081762,3.010446268800939e-07,8.79360621318361e-09,4.011992471452953e-09,2.1937468068197608e-07,1.6207381894944932e-08,4.897053168769525e-07,0.026282711978727044,5.223970125806779e-07,0.015416622118477212,0.09293979522723096,7.650518097363903e-08,0.00011131780291133035,8.691331047260467e-08,0.0004104579610704614,2.848082445865098e-06,7.99540518543576e-09
59,1.1171506534105326e-06,1.6714873786493308e-05,9.622659246031753e-07,6.35448926486392e-06,0.007685274914861427,0.8488165148581744,2.9516551395045815e-07,1.452717964513018e-07,0.002050993623329902,3.151378005493105e-07,1.0167840195733636e-08,4.40989332766349e-09,2.40745283049143e-07,1.7412359525296633e-08,5.161945954034828e-07,0.029134098501403388,5.758989186205269e-07,0.015088459672830934,0.09662644046147328,8.882153008394631e-08,0.0001318376718290188,9.090739118497279e-08,0.00043602748175156,2.895447625337367e-06,8.454169025665914e-09
60,1.1520977353970453e-06,1.8967308051195294e-05,8.225576193808277e-07,7.52226783751413e-06,0.008199500647286063,0.8524959802505169,2.73573536360491e-07,1.4029138418190272e-07,0.002346676161320062,2.911441023100497e-07,1.342136640261214e-08,4.3100639763767515e-09,1.908612811067822e-07,1.9243450174666112e-08,6.26997609052656e-07,0.027770307501365464,5.096901821306231e-07,0.01633379881839497,0.09225592794550674,8.445006917875781e-08,0.00012415249419132042,9.42918592642384e-08,0.00044083225438556914,2.101988219108652e-06,9.43266606264895e-09
61,1.1539366768198404e-06,1.7232479819290464e-05,9.713010218815156e-07,6.305935481955609e-06,0.008206442008796336,0.8473717192676121,2.9301097411868264e-07,1.3973633605366992e-07,0.0021969290897792607,3.07040131012563e-07,1.0783958841044466e-08,4.426513104888501e-09,2.2263018910124405e-07,1.838374764091183e-08,5.433115564469316e-07,0.02856399053357093,5.665612732615379e-07,0.01457473864718409,0.09847768326403997,8.470003048618245e-08,0.00013454252034404563,9.07783875730292e-08,0.00044331852945467785,2.682142097600927e-06,8.98102353525513e-09
62,1.1520977353970453e-06,1.8967308051195294e-05,8.225576193808277e-07,7.52226783751413e-06,0.008199500647286063,0.8524959802505169,2.73573536360491e-07,1.4029138418190272e-07,0.002346676161320062,2.911441023100497e-07,1.342136640261214e-08,4.3100639763767515e-09,1.908612811067822e-07,1.9243450174666112e-08,6.26997609052656e-07,0.027770307501365464,5.096901821306231e-07,0.01633379881839497,0.09225592794550674,8.445006917875781e-08,0.00012415249419132042,9.42918592642384e-08,0.00044083225438556914,2.101988219108652e-06,9.43266606264895e-09
63,9.78979353554757e-07,2.512035043040826e-05,6.954473522672234e-07,7.122662624701848e-06,0.0072123991280283566,0.8565205736093418,2.1441172981716418e-07,1.2719978607762323e-07,0.0023569136458675135,2.3646119542284756e-07,1.2298232912220252e-08,3.6886482411752815e-09,1.517411401615875e-07,1.6077588081673174e-08,6.729171971116006e-07,0.023745435863478995,4.3507019188780276e-07,0.015417533775271546,0.0941958585029928,6.721386113278927e-08,0.00011192184901488448,1.0362417707536287e-07,0.00040165416102643886,1.7417983301484504e-06,9.523138813037668e-09
64,9.146486937380269e-07,1.69277659464308e-05,1.0362745187808047e-06,6.679607205762151e-06,0.0077964481291896365,0.8675401372378261,2.4836929527556494e-07,1.1522220561867414e-07,0.002070214097836344,2.528318011739891e-07,1.1495497219234481e-08,4.7405440596583034e-09,1.7510488036337686e-07,1.721066917495298e-08,5.7611944150017e-07,0.029382425868638314,5.268405284106835e-07,0.014060644754764783,0.07842588415648717,8.506209051657938e-08,0.0001938911127479212,8.875585833182196e-08,0.0005006214485001746,2.0649766803558113e-06,8.168152932531203e-09
65,3.690123369827124e-06,1.611542899408417e-05,1.6348646711978011e-06,1.1697500572411231e-05,0.014107553798352348,0.7584717344757854,4.942081092042633e-07,3.716526743658872e-07,0.004376222253720567,7.65780801888778e-07,3.3272905248828166e-08,6.090364909019283e-09,4.642899829868578e-07,2.694117724809926e-08,7.74325936581461e-07,0.04276970629729823,7.903404037956645e-07,0.016218498856750627,0.16357061717059115,1.224610410823258e-07,9.326358252584306e-05,1.1648321564438717e-07,0.00035277226110103636,2.5171958801878517e-06,1.0343773958620605e-08
66,1.1980784137751924e-06,1.811884834396328e-05,8.78364656869878e-07,7.5157215959121e-06,0.008630787489433066,0.8498542391063177,2.8548977422402536e-07,1.4147501537180947e-07,0.00236213581471738,3.0527211101483537e-07,1.3474861946172736e-08,4.351201040041579e-09,2.0474288952250545e-07,1.9366515580228003e-08,5.978093901390784e-07,0.028565672336832854,5.273673493531878e-07,0.01602692255938283,0.0939628096250485,8.802890441689181e-08,0.00012500864628391497,9.217866701536028e-08,0.00044024240939970346,2.1820935974089634e-06,9.349296631323581e-09
67,8.871099993577247e-07,1.8323422988676007e-05,6.775052776981089e-07,6.905788848824423e-06,0.006752086793202783,0.8693794510506662,2.3781933369948318e-07,1.1333730459276671e-07,0.0019953053445546723,2.395642223514565e-07,1.1105910143953573e-08,3.920053353286769e-09,1.5748156841253318e-07,1.714671855709083e-08,5.747802836725617e-07,0.025118979344177977,4.6528684700967127e-07,0.016172497779935967,0.07997562236299793,7.718170666112227e-08,0.00012475729603664967,8.900353458938228e-08,0.0004505513495060253,1.9593153046253323e-06,8.909019830277608e-09
68,1.1073649872235646e-07,6.273419922388022e-06,2.5307400460039654e-07,2.219003677002805e-06,0.0021204803457036334,0.9587384051954555,1.2587229423080286e-07,7.423606147482548e-08,0.0007831807839355898,1.0785036838374936e-07,3.4029505216446633e-09,4.856990445583898e-09,6.289831137907443e-08,4.748042455499653e-09,4.2022331147909235e-07,0.011585125652512776,1.7060027036729356e-07,0.011156209818192708,0.015181320105854523,5.3813122377557074e-08,0.00015896213859117663,5.427562560537492e-08,0.0002654005384459741,9.733286297597865e-07,3.0812269132830817e-09
69,8.051292501934947e-07,1.893676313917109e-05,6.364417024369352e-07,1.264034533371702e-05,0.00926249928460574,0.898679287869266,1.9912387489749075e-07,1.4619418953367678e-07,0.004027552088198074,3.6762451952242323e-07,4.878330479930508e-08,4.218610119222462e-09,1.1859480268330944e-07,1.7022116191611594e-08,1.4337415488036747e-06,0.016925379531975242,4.5477740680758574e-07,0.029400311818441927,0.04053577588669241,1.9592212264649972e-07,0.00020261193853050326,9.121959946936749e-08,0.0009297283887790662,7.446624944366825e-07,1.2629495947971336e-08
70,1.2832205282359635e-06,2.0326945059564936e-05,8.374666892560231e-07,7.416387638091745e-06,0.008449263246423502,0.841415194108372,2.845314435087975e-07,1.49375477450931e-07,0.0023774613207794533,2.9986435714402944e-07,1.3422169333082103e-08,4.436653638796182e-09,2.060941128124859e-07,2.114452690540917e-08,6.548810645537141e-07,0.027727296727550012,5.704544872568353e-07,0.017337536050475416,0.10207396990053548,8.506034862183657e-08,0.00012594073181396363,9.989978781826334e-08,0.0004586934817086096,2.3809639680254655e-06,1.028402929486084e-08
71,9.915155764584821e-07,3.50562837219127e-05,8.454074463220108e-07,8.167944724431137e-06,0.007285170015231381,0.8310811301778378,1.4631577331432675e-07,1.2814325540311487e-07,0.002256562705937665,1.8293802603385062e-07,1.538050995490185e-08,3.755764117783967e-09,1.3293425102315492e-07,1.798692765407795e-08,9.238207963169869e-07,0.026897936753782062,4.267870251502816e-07,0.019258209428212766,0.1125609297157941,7.210074224909902e-08,0.00016020643411135044,1.0743102167999008e-07,0.00045119726283959376,1.4300655773527569e-06,8.695113899381609e-09
