,0,1,2,3,4,5,6,7,8,9,10,11,12,13,14,15,16,17,18,19,20,21,22,23,24
0,0.0012921883798697783,1.7290326889984596e-06,0.00017884270348773992,0.00015764105120922935,1.069960125051398e-06,0.28041851197259027,0.0011973522445007398,0.0017796597285725695,9.383460287204444e-06,9.19059127095265e-05,0.00017667797877164723,0.00013210219618481757,5.55190841749405e-07,2.44100258837696e-07,0.0003415286874508783,0.468653216751677,0.20284232153273266,0.0006937824855786642,0.002160659072418701,2.644509550182128e-07,0.0001691364917448958,9.890781988752057e-06,0.03927070552543459,1.5429461398279878e-05,0.0004052008465223776
1,0.0009631932191096303,1.4483786376163862e-06,0.00018138288787282117,0.00014890560746813811,9.829480834398436e-07,0.21307692758010963,0.0012188546193671204,0.0015547332839490136,8.051729018603441e-06,8.8656058999106e-05,0.0001231975561881331,0.00011618894595992639,5.155469925188917e-07,1.9267253878898582e-07,0.0002590125381592237,0.5691303077956908,0.17679314175456698,0.0006860525460775223,0.0021540082334474387,2.638158879408769e-07,0.00015665079519153424,6.451770632506556e-06,0.032980423397583974,1.5611994439152135e-05,0.00033484432402829985
2,0.0012490391115014792,2.2726452392689816e-06,0.0002048394118527482,0.00019388193184384717,1.5649984414112531e-06,0.21251807116353402,0.0013245513865196997,0.0020163365753664243,9.934851418135176e-06,9.196976232132353e-05,0.00019481969649592386,0.00017613268451498328,5.961573780128727e-07,3.423693649422756e-07,0.0003898436739609814,0.5050614435339386,0.23548617545608894,0.0006804242495408533,0.0020010312410113445,3.13306341056276e-07,0.0001826904040155223,9.958406182383553e-06,0.03768703046633877,1.7647014974632664e-05,0.0004990895018145913
3,0.0013394311936025395,1.9606614717925266e-06,0.00018048622264295596,0.00017456616705780847,1.2289897555261413e-06,0.22416670405260022,0.0012332262016484553,0.0017887940305469725,7.129830876333419e-06,7.749009011044035e-05,0.00018085885418791614,0.00015128513190495817,5.459791873983652e-07,2.179353679561192e-07,0.0002918657970458723,0.4772848991157505,0.253690196764374,0.0007009497850711836,0.002026525464895592,2.324144538815085e-07,0.00016859114767745707,8.551464295010694e-06,0.03615015586990619,1.4321213233630884e-05,0.00035978562233530216
4,0.0014413222794875996,2.1661132545187195e-06,0.00020085943708115242,0.0001812639156416698,1.4129395891403932e-06,0.22225356511924457,0.0013612131754592524,0.0019545526067532093,8.096151742216764e-06,8.371740204728928e-05,0.0002043726582121495,0.0001687330273550421,6.531646706384122e-07,2.640642468665753e-07,0.0002985720363933855,0.4763685578560441,0.2547788995786361,0.0007874178820323456,0.002164110718310863,2.7634143795898203e-07,0.00019547925116908263,9.756417178181937e-06,0.037125073857218666,1.6231469955026806e-05,0.00039343253683873556
5,0.00128632118694992,1.8435892688433656e-06,0.00019420537765850828,0.00020713460356758067,1.4363412928612868e-06,0.24188666576666837,0.0012823815198318156,0.0017323266786410784,7.299007953920097e-06,8.703385269030251e-05,0.00018169765309844694,0.00013662932966183872,5.848399188497398e-07,2.2755243618055875e-07,0.00025976443998642165,0.4584013363219809,0.24753420225735642,0.0009400052466930484,0.0021295145760036314,2.849785006504946e-07,0.00018453318922284092,7.295932587587282e-06,0.04321142937009537,1.5952764633649063e-05,0.0003098936233009212
6,0.0013394311936025395,1.9606614717925266e-06,0.00018048622264295596,0.00017456616705780847,1.2289897555261413e-06,0.22416670405260022,0.0012332262016484553,0.0017887940305469725,7.129830876333419e-06,7.749009011044035e-05,0.00018085885418791614,0.00015128513190495817,5.459791873983652e-07,2.179353679561192e-07,0.0002918657970458723,0.4772848991157505,0.253690196764374,0.0007009497850711836,0.002026525464895592,2.324144538815085e-07,0.00016859114767745707,8.551464295010694e-06,0.03615015586990619,1.4321213233630884e-05,0.00035978562233530216
7,0.003607512568926311,1.920839704229843e-06,0.0002670949437881135,0.0001542913556614264,1.128458355821229e-06,0.25179949864662193,0.0014475505092109162,0.0032857829773842136,5.897845767483489e-06,7.348108779019168e-05,0.000349237401317106,0.0001857405527772305,1.077077437878792e-06,1.8314674190181796e-07,0.00028642518050158843,0.4468937466471131,0.26294893048563217,0.001029059837346307,0.002070617036635142,2.601304914168157e-07,0.00019900676567599255,1.4603618656280956e-05,0.025100060431456555,1.0534036453991946e-05,0.0002663584185527135
8,0.001204621792677332,2.103327272908993e-06,0.0002526016130851657,0.00016740975363852532,1.2200287419715618e-06,0.197157661070085,0.0007146906205651921,0.0010046522853790593,7.284738085309496e-06,9.69138446589769e-05,0.00012818326799753736,0.00014821480575210816,4.215892595575612e-07,2.3635260754960223e-07,0.00030361347978485144,0.4845100418819434,0.2715419031941983,0.00042460730630365054,0.0010938703504082014,2.57375808917769e-07,9.332249980680187e-05,5.908008460184173e-06,0.04056029166581552,2.2223725566706482e-05,0.0005577454220971436
9,0.0005794981374340219,1.9320110403244256e-06,0.0002249526758297408,0.00014429923829390302,9.290777119846963e-07,0.15482298725296653,0.0006496260287964038,0.0010244343791329608,7.174934030842738e-06,0.00012931702266301136,8.50833697636218e-05,0.00010400191998023683,3.8818939076771614e-07,2.736842589931707e-07,0.00024768331087771637,0.6027525751340448,0.20148828564727406,0.0004410283743185501,0.001289039560303694,3.5377155085926255e-07,0.00010700408262867417,4.555296837503255e-06,0.03536893435780792,2.1974805053744314e-05,0.0005036677380091961
10,0.0013394311936025395,1.9606614717925266e-06,0.00018048622264295596,0.00017456616705780847,1.2289897555261413e-06,0.22416670405260022,0.0012332262016484553,0.0017887940305469725,7.129830876333419e-06,7.749009011044035e-05,0.00018085885418791614,0.00015128513190495817,5.459791873983652e-07,2.179353679561192e-07,0.0002918657970458723,0.4772848991157505,0.253690196764374,0.0007009497850711836,0.002026525464895592,2.324144538815085e-07,0.00016859114767745707,8.551464295010694e-06,0.03615015586990619,1.4321213233630884e-05,0.00035978562233530216
11,0.001422606067971894,2.0506940800712052e-06,0.00018780191713405718,0.00017698466293071527,1.3398522041760218e-06,0.21944735937485324,0.0012977334722374808,0.0018172795410276038,7.6077816450029244e-06,7.85722703471335e-05,0.0001927752545091988,0.0001635352307714643,6.221111494142926e-07,2.3120532931300817e-07,0.00029711830113983087,0.48348769118281587,0.2524886619671948,0.0007298136932380725,0.0020968000067167736,2.564388229473588e-07,0.00017767631890407468,9.314364437868139e-06,0.03552770367071991,1.5754909837716386e-05,0.00037270970998155715
12,0.0013939793030208472,2.0358470521581517e-06,0.0001995828223621652,0.0001761297976243082,1.4567584826628155e-06,0.2249372500047842,0.0012558248959541856,0.0016642857318547436,7.640241687387864e-06,7.784832593387744e-05,0.00019390271998782105,0.00015567216727849483,5.663110267430575e-07,2.4203827264771693e-07,0.0002888515035830627,0.45353030460528665,0.27325797692952686,0.0007051522584332192,0.0018993322070701975,2.536892356957745e-07,0.00018236589277448138,8.540685592814902e-06,0.03964935328237444,1.673106450075581e-05,0.0003947209162995844
13,0.0031847521755173783,4.213707481999313e-06,0.00024660142625426105,0.00018200425535406102,2.5660180339895583e-06,0.14484772030783893,0.001847460969933582,0.005226540035702152,1.0442361303162304e-05,5.834106437024412e-05,0.0007786414537158999,0.0005667336925841417,1.049303943455777e-06,7.734014471227859e-07,0.0005643264312311634,0.4265192932335797,0.3851501475817828,0.000856474368551451,0.002302934238116666,2.8918786492440193e-07,0.00034778371426582476,3.0345734883763843e-05,0.02636728354333064,1.5914482132946584e-05,0.000887367310779718
14,0.0010821949006875658,2.975114614845731e-06,0.00019100986274691575,0.00022930400461847642,3.216748785344489e-06,0.13115809225218464,0.0011367518091174788,0.0017960272108050207,2.5938915266398227e-06,6.751759951764931e-05,0.00034706947109764856,9.385441415416085e-05,7.717865365227467e-07,2.3663487551593332e-07,0.0001117230967603677,0.2741665916200928,0.5380668717428396,0.0014675688712888844,0.0031699253067208897,2.8400448972511614e-07,0.0008002930109509995,6.3829885340355074e-06,0.04592388287304252,1.7153772032803785e-05,0.0001577070119789637
15,0.0013394311936025395,1.9606614717925266e-06,0.00018048622264295596,0.00017456616705780847,1.2289897555261413e-06,0.22416670405260022,0.0012332262016484553,0.0017887940305469725,7.129830876333419e-06,7.749009011044035e-05,0.00018085885418791614,0.00015128513190495817,5.459791873983652e-07,2.179353679561192e-07,0.0002918657970458723,0.4772848991157505,0.253690196764374,0.0007009497850711836,0.002026525464895592,2.324144538815085e-07,0.00016859114767745707,8.551464295010694e-06,0.03615015586990619,1.4321213233630884e-05,0.00035978562233530216
16,0.002084361463822972,2.509080884174132e-06,0.00019049122609913411,0.00018804161157393864,1.3304555854165623e-06,0.19965289386175486,0.0014886339408529917,0.0028491759091313694,7.752704294563858e-06,7.14373994931199e-05,0.0002900610878527628,0.00025439947133224243,7.188341738661008e-07,3.1022757352414105e-07,0.00040174443614450896,0.48439763035442235,0.27483875797688095,0.000828523526691812,0.002431708996885266,2.1724396463338134e-07,0.00020102089255749023,1.4497312060342e-05,0.029340922821614452,1.2274113609787566e-05,0.0004505850507435038
17,0.0023491043990985574,2.608565053568889e-06,0.00027157701158058177,0.00018589868779465238,2.8454465701154235e-06,0.22168694972288966,0.002169054145045147,0.0021072035879118557,9.901368771467226e-06,6.392665323550873e-05,0.00038688068838524804,0.0002594315159759153,9.462104464270289e-07,3.9506504486544043e-07,0.00024200800436631733,0.3477191434473393,0.3702355220246738,0.0011284264789079943,0.0022124276746374725,3.0620689175457653e-07,0.00037098111994070276,1.2851439749989958e-05,0.04809184828642458,2.279851491192256e-05,0.0004669637343527195
18,0.0009153582930166572,2.2847554156454885e-06,0.0001921057217384345,0.00011067367800950173,1.0822340217370636e-06,0.13670579396420252,0.0012080534589001995,0.0010610394645874052,7.893815601628407e-06,6.992392571900066e-05,0.0001400730778355994,0.00018479246870331005,4.789987774604578e-07,3.2707574282789445e-07,0.0002962395629301519,0.5507807826690837,0.2689268457210589,0.000488828135324938,0.0019309026738012043,2.2912655557881556e-07,0.00020015083527196717,7.309377808285909e-06,0.03605239828306717,2.0979610372120878e-05,0.0006954530724538221
19,0.0009445216466811596,2.0874811008114186e-06,0.00014727582120021196,0.0002601987094728298,1.4281571530850146e-06,0.2771266886962878,0.0011428270040188529,0.0015082091640616045,9.30660313981682e-06,9.392150082658598e-05,0.00011929540583812851,0.00014813918767507593,4.881606048825726e-07,2.0362810841028902e-07,0.00034066032050609823,0.4776937041213223,0.20073258880522105,0.0005203131751787665,0.0017663624807248554,2.5335470987899776e-07,0.00010395772070381177,8.106489427748214e-06,0.03697285402028529,1.5864661014207474e-05,0.00034074368473676036
20,0.0017032853650305654,2.449754417187333e-06,0.00016798978226960994,0.00020670104405647244,1.4167370260137522e-06,0.27907041538151245,0.0013898745141577302,0.003132004006280599,9.819762296675582e-06,9.397206536039303e-05,0.0002712615047869455,0.0001778213326424046,7.732121037872168e-07,3.15044218780311e-07,0.0004294849872572952,0.44587469754531994,0.23066448593860242,0.000801542276596089,0.0025756438080075618,3.000711480249963e-07,0.00020233481540433016,1.7928875466353785e-05,0.03280606044876011,1.2791318126738731e-05,0.00038663040915160556
21,0.0015501035163285454,2.0773236743973865e-06,0.0002811131854685843,0.00014221088632227697,1.3184194244678336e-06,0.13229223848497199,0.001386776560848207,0.0015954902360807248,6.110956481574593e-06,7.017703975298903e-05,0.00019525277431395752,0.00022567645969305363,7.301386481223149e-07,2.752033714168462e-07,0.00018978747899524526,0.5514504639782025,0.2770265658617417,0.000946126190921582,0.0017097074238688265,2.8640129556186274e-07,0.00019802432622294627,6.516769616506506e-06,0.03028056208427799,1.909752252946006e-05,0.0004233107769472462
22,0.0017701165168360902,1.968983759043225e-06,0.00022235196412013182,0.00015617202910946153,1.0601831052915363e-06,0.20640402560991672,0.0009429621120479783,0.001949734668172349,4.044051676968454e-06,7.994389170147827e-05,0.0002151982019994319,0.00011451541160801057,5.921659501051573e-07,1.7671498974163922e-07,0.00019219716184233794,0.3891786058795887,0.362438031582564,0.0008784465908945211,0.0019094150979935267,2.1061997856197819e-07,0.00019774067529930073,8.453679330023736e-06,0.033088235313120946,1.0291249852858989e-05,0.00023550964454234046
23,0.0013394311936025395,1.9606614717925266e-06,0.00018048622264295596,0.00017456616705780847,1.2289897555261413e-06,0.22416670405260022,0.0012332262016484553,0.0017887940305469725,7.129830876333419e-06,7.749009011044035e-05,0.00018085885418791614,0.00015128513190495817,5.459791873983652e-07,2.179353679561192e-07,0.0002918657970458723,0.4772848991157505,0.253690196764374,0.0007009497850711836,0.002026525464895592,2.324144538815085e-07,0.00016859114767745707,8.551464295010694e-06,0.03615015586990619,1.4321213233630884e-05,0.00035978562233530216
24,0.0009750155711285986,2.2935311433615354e-06,0.0001353000284500712,0.00023464333823831326,1.2784719173428986e-06,0.21045833225014726,0.0011702116690243728,0.0018780550625035408,6.151800509210404e-06,8.24759344999571e-05,0.00015753244700005063,0.00014125288084922803,4.7372973352556645e-07,2.1286823303333138e-07,0.00029131191619842473,0.4799430006909608,0.2618644512799448,0.0007614378678769821,0.0024986516626934897,2.1838092491324238e-07,0.00016629163124819022,7.696110284202486e-06,0.03891102583704146,1.2567655684223796e-05,0.00030011738376476934
25,0.0022412182842992496,2.622954027227887e-06,0.00024979014751341083,0.00024331611742483219,2.544113424688365e-06,0.19098820181481937,0.002479646796736118,0.005282579844387513,7.634276838797073e-06,6.790867542579284e-05,0.0004755521101187202,0.00028201077316263045,1.0253159697307366e-06,4.1612977560915215e-07,0.00021933184361120554,0.42715313232105645,0.33140858739245405,0.0018132902087785766,0.002565545936673063,3.4682354028982906e-07,0.0003819144947590811,1.3691722929372571e-05,0.033801805162330854,1.2313086522731754e-05,0.00030557365342047887
26,0.0012757512044622795,1.3981436052481539e-06,0.00025879187150569505,0.00017227574483822124,1.6990058445910539e-06,0.282073339963364,0.0011509830750639914,0.000896666679950471,8.948659419955565e-06,8.752589931830349e-05,0.00014576272075566014,0.00010568814749517235,4.981679848855297e-07,1.941888887088239e-07,0.0002004518805875793,0.4031026329045036,0.24352337742816488,0.0008494857442152725,0.001510014895232763,3.1973065863660357e-07,0.00016131592116963407,4.4801234616289465e-06,0.06408774910759146,2.81034558835705e-05,0.00035254533603391527
27,0.0014780584143545476,2.001319288064511e-06,0.00014915832438513947,0.00019846175628195504,1.2241712533238002e-06,0.30674252314513545,0.00129872138224289,0.0023238948673573014,1.1725649273136113e-05,8.706660520849357e-05,0.00018310132329527396,0.00017241483454319827,5.844650058214318e-07,2.3399423086379693e-07,0.0004238622194862179,0.47541107222439905,0.1763586043212411,0.0006051884016293915,0.0021529264320192506,2.401773768308567e-07,0.00012718026537452301,1.3886204788550984e-05,0.03183837557532345,1.4369073672697545e-05,0.00040512485283324037
28,0.0013394311936025395,1.9606614717925266e-06,0.00018048622264295596,0.00017456616705780847,1.2289897555261413e-06,0.22416670405260022,0.0012332262016484553,0.0017887940305469725,7.129830876333419e-06,7.749009011044035e-05,0.00018085885418791614,0.00015128513190495817,5.459791873983652e-07,2.179353679561192e-07,0.0002918657970458723,0.4772848991157505,0.253690196764374,0.0007009497850711836,0.002026525464895592,2.324144538815085e-07,0.00016859114767745707,8.551464295010694e-06,0.03615015586990619,1.4321213233630884e-05,0.00035978562233530216
29,0.0013394311936025395,1.9606614717925266e-06,0.00018048622264295596,0.00017456616705780847,1.2289897555261413e-06,0.22416670405260022,0.0012332262016484553,0.0017887940305469725,7.129830876333419e-06,7.749009011044035e-05,0.00018085885418791614,0.00015128513190495817,5.459791873983652e-07,2.179353679561192e-07,0.0002918657970458723,0.4772848991157505,0.253690196764374,0.0007009497850711836,0.002026525464895592,2.324144538815085e-07,0.00016859114767745707,8.551464295010694e-06,0.03615015586990619,1.4321213233630884e-05,0.00035978562233530216
30,0.0013394311936025395,1.9606614717925266e-06,0.00018048622264295596,0.00017456616705780847,1.2289897555261413e-06,0.22416670405260022,0.0012332262016484553,0.0017887940305469725,7.129830876333419e-06,7.749009011044035e-05,0.00018085885418791614,0.00015128513190495817,5.459791873983652e-07,2.179353679561192e-07,0.0002918657970458723,0.4772848991157505,0.253690196764374,0.0007009497850711836,0.002026525464895592,2.324144538815085e-07,0.00016859114767745707,8.551464295010694e-06,0.03615015586990619,1.4321213233630884e-05,0.00035978562233530216
31,0.0017291156661071653,2.1529883742642497e-06,0.00021979592462398575,0.00013845705735714077,8.782189495264648e-07,0.16562480256419126,0.001129048527326017,0.0025526982017460937,4.918606479077935e-06,7.323869005825112e-05,0.00019589346475968008,0.0001688548487225267,5.5634609412596e-07,2.0199085162525872e-07,0.00021069229563122917,0.5169286416100857,0.2824948514018435,0.000781591729024512,0.0017587710990535892,1.9304049650561492e-07,0.00015789617980818324,8.63481611201427e-06,0.025482769469281383,1.0149090864675083e-05,0.0003251961721580691
32,0.0012413356215891212,1.9056450307881054e-06,0.0001672402312902813,0.00017575639622866745,1.204915533752898e-06,0.22131225480166067,0.0012349921652142402,0.0017297103727296115,7.1284530437319555e-06,7.826305927123354e-05,0.00017168734380348927,0.00014056433851623358,5.391165800480361e-07,2.0814967290688763e-07,0.00030178600840655905,0.4884173745609154,0.24476677357671192,0.000707671408965876,0.0022940456734712026,2.3038159993307562e-07,0.00017624914529671564,8.378155448780552e-06,0.036704657651822264,1.434766926873289e-05,0.0003456951579280038
33,0.0019082629654278433,2.637680155525e-06,0.00011882522869634957,0.00018068837732721394,1.226902412215928e-06,0.13066303191330095,0.001434351891544326,0.00287742356815797,3.5287224616523414e-06,4.2219184912337114e-05,0.00029330336656513737,0.00028106173740569335,7.50915176695677e-07,1.6513746183070568e-07,0.00017346336793897058,0.4661788521648327,0.3715549543808797,0.0009893269768718668,0.002483836782793391,1.5009754758251445e-07,0.00019028235676586753,1.2797917594795383e-05,0.02037719667182399,8.81664640637846e-06,0.0002228450455391867
34,0.0021724404456906275,1.6851359767071955e-06,0.00020231122249679198,0.00018345439006493106,1.421219057765749e-06,0.25857814667368806,0.001435325270339222,0.0021653378926788786,7.810821617966423e-06,7.171815781285113e-05,0.0002537966698554239,0.0001551904487019664,6.499861860345956e-07,2.0299953850807577e-07,0.00034173098300322,0.44378773508143127,0.2481269372927521,0.0009521366507540903,0.0024579967243209154,2.2516578836171715e-07,0.00020094122410157538,1.0049916013119552e-05,0.038544585836087254,1.4157575784080628e-05,0.00033401221625816357
35,0.0012021308918883302,2.080399606361635e-06,0.00018862337350612798,0.00018566898449281848,1.4353715603423714e-06,0.22281897622713306,0.0012259499367851256,0.0016231953307824607,7.489919915082814e-06,8.027302055642663e-05,0.00018023033452414897,0.00014690387651683282,5.307914415352491e-07,2.4578321840870393e-07,0.0003176204790664064,0.46080710648360906,0.26689963254715304,0.0006441823124711578,0.0019691118882189697,2.546818612054098e-07,0.00018328682705630827,7.97260943862238e-06,0.041091400625893774,1.611617780327106e-05,0.00039958112550114613
36,0.0009257408986740738,1.7780654213715226e-06,9.338727798374371e-05,0.00013476501731493672,4.028127221474253e-07,0.18882703251656646,0.001037829851253301,0.0025742656965537618,5.539647201966596e-06,8.151102646350259e-05,9.436344999263302e-05,0.00014023239854785334,4.5105452538516077e-07,1.459856537025876e-07,0.0002517706740887225,0.6088166728929099,0.1779308429152777,0.0005596488145443066,0.0021968849525612717,1.553090019048488e-07,7.386633258792178e-05,1.1995712931311493e-05,0.016011188626294196,5.244741355026873e-06,0.00022428332957287415
37,0.002275644101678872,1.9602982372387506e-06,0.0003394502704103227,0.0001495342572373078,1.9468147415754388e-06,0.19057965015356987,0.001771655578723499,0.0014762912555362697,8.648997844046765e-06,7.07785073811594e-05,0.00024951635462704857,0.00022011582732771242,9.233002315641102e-07,2.844148596361542e-07,0.00021104059663996114,0.46561373918005217,0.29356989857203414,0.0010516710341964479,0.0017739667972294646,3.2943312033079564e-07,0.00025140161535333085,8.15099608233147e-06,0.039898735845192226,2.591892832497766e-05,0.000448746869368723
38,0.0011476131675817107,1.3995803343447832e-06,0.00014378704368086997,0.00014887526298541955,7.753575556779952e-07,0.23730599573902378,0.0011587533674453593,0.0013877685465335963,5.8916816788398955e-06,7.352825168527073e-05,0.00011767510263918598,0.0001025563959896709,4.804290045385826e-07,1.2619267376387578e-07,0.00026109497873325646,0.5261900970407434,0.19591757120649314,0.0006837504978409204,0.0022363705335915417,1.9603758824877584e-07,0.0001314659527671765,6.363059597282983e-06,0.03271965290510751,1.1343845240490378e-05,0.0002468678234848608
39,0.0021452768616027316,1.2004258174077911e-05,0.0005830168478862342,0.0016282128784975186,4.8100102190320574e-05,0.2505828063964024,0.0003489603857353131,0.0001332321154336289,0.00019216912321687134,0.0005187090249407509,0.0006209135428774695,0.0001022648456949406,9.975885908431697e-07,8.606483438516714e-06,0.00577872435927532,0.06528316761173739,0.2425877194208495,0.000791480155294182,0.0015209617468268947,1.8962627450997322e-06,0.0001684909636183846,9.35350215706088e-06,0.42322955236332727,0.00035086452150992535,0.003352518637977331
40,0.001297928822957315,1.9318830539506424e-06,0.00017683799626684883,0.0001751122409411755,1.2162565938448318e-06,0.22309499438145175,0.0012314748196128262,0.0017809146548155958,7.05264015318026e-06,7.771137359556226e-05,0.0001771527852391574,0.00014745889783936784,5.384700136962829e-07,2.142929136994521e-07,0.00028809080967804175,0.4809308089332807,0.2509510273292089,0.0007096177099150936,0.0020623755242301124,2.3236988765126902e-07,0.000168944135856682,8.333001860545062e-06,0.0363439622999557,1.4225308094244505e-05,0.00035184306258418893
41,0.001613453510010325,1.093244827927394e-06,0.0001272755439885449,0.00045788898696427625,2.0581921989328826e-06,0.4986520068479414,0.0010204327180087795,0.0016626180700854388,1.2310810820147935e-05,6.952267779507356e-05,0.00014203317564890356,0.0001212004915041677,2.947929112601997e-07,1.1036257838416093e-07,0.0006423328016894164,0.3183178363050714,0.12874438723109413,0.0004861324365704271,0.0013709888028349106,1.583582391508454e-07,4.9820897656550065e-05,5.934587304747015e-06,0.04624298781555428,1.2355016711950872e-05,0.0002447663219894379
42,0.001180324713284356,2.0169371500754084e-06,0.00010124088699199815,0.00014125647387509195,7.351318700053996e-07,0.21728682876636268,0.0010649300345942784,0.0024547153129608557,5.887517882058898e-06,7.12216910505609e-05,0.0001427770709719497,0.00013069329514024837,5.931101172614124e-07,1.341255295179015e-07,0.00028361562886649905,0.5402622628276207,0.21588093487007934,0.00046317117079597314,0.002458585233118308,1.7252019512737192e-07,0.0001252531989549665,1.620506643938762e-05,0.017681057944311924,8.104150357602092e-06,0.00023728232147927252
43,0.0008610947343626478,1.4863644886837464e-06,0.00015674269799867733,0.00018462257699795542,9.043736192987955e-07,0.3324901589084141,0.0008588761606171935,0.0017037035463963995,7.775090033456616e-06,0.00013053633535578586,0.00010909737686928562,6.467711523362786e-05,4.736183922382095e-07,1.6605708923456176e-07,0.00031925779471430216,0.45921770288878017,0.16549054508992952,0.000579257840056998,0.0022072398731899346,2.8316290164412694e-07,0.00013926328109098134,8.158450796623274e-06,0.03521273946737946,1.1994625659454566e-05,0.00024324256963250857
44,0.0013394311936025395,1.9606614717925266e-06,0.00018048622264295596,0.00017456616705780847,1.2289897555261413e-06,0.22416670405260022,0.0012332262016484553,0.0017887940305469725,7.129830876333419e-06,7.749009011044035e-05,0.00018085885418791614,0.00015128513190495817,5.459791873983652e-07,2.179353679561192e-07,0.0002918657970458723,0.4772848991157505,0.253690196764374,0.0007009497850711836,0.002026525464895592,2.324144538815085e-07,0.00016859114767745707,8.551464295010694e-06,0.03615015586990619,1.4321213233630884e-05,0.00035978562233530216
45,0.0009516076112183186,1.1777861626258652e-06,7.755485190085368e-05,0.00031695532120415535,1.240146458182191e-06,0.32602662255971054,0.0014950720278173156,0.0022826907937806185,1.0790530831755058e-05,6.832476171115259e-05,0.00010908966650126562,0.00011489548788854249,4.290330439339604e-07,1.1389753726757065e-07,0.0005390823207359483,0.5286103055848355,0.10697931400145981,0.0005924639567464366,0.002593066308184777,2.0484197773502208e-07,7.521174740676065e-05,8.38575299023229e-06,0.028937398041863804,9.05815947438248e-06,0.000198944808558175
46,0.0010345269122789508,1.3156907868618035e-06,0.00022377752146197794,0.00018377133652264056,1.554845294002367e-06,0.3131347882883622,0.0017156095722328526,0.0019070196526915725,1.4595605012695772e-05,0.000108566039054557,0.00017858245435918623,0.00011271617661972344,5.734322608591272e-07,3.3487776900430907e-07,0.0003350791432448988,0.4801671082316516,0.1405218841679314,0.0011133282450714048,0.002560730389558645,4.06086949912523e-07,0.0002561836779155127,6.623310555073769e-06,0.05597814134391453,2.2145020248782782e-05,0.0004206379782512684
47,0.0018233650876780935,2.8633237931959865e-06,0.00013579892452536852,8.809225831288475e-05,5.112147620378144e-07,0.12087452610336005,0.0007776876462830842,0.0018984417821762748,4.129498004422939e-06,5.3619169458462e-05,0.0001498708071779754,0.00024459438197668774,6.094437026901644e-07,1.3792576071263753e-07,0.0002350137834383141,0.5913478118520155,0.26896280871096306,0.00032869552000123944,0.0012759291142103624,1.3593549503306168e-07,7.399008539623541e-05,1.5778269869569946e-05,0.011322101004900782,9.023097850648111e-06,0.0003744650588873917
48,0.0009053528018741631,2.918380759254697e-06,9.421227431737486e-05,0.00015575026606814952,5.217684523283391e-07,0.14192499857325616,0.0006700424250304997,0.0017739114178805598,2.2991909543659906e-06,6.679824703379264e-05,0.00010202007233169326,0.00010797862805746243,3.3547443889211366e-07,1.0932329200633605e-07,0.0002060688733027712,0.4426002878698002,0.38856355047160984,0.00039077037364438234,0.0018590086997358098,1.0222456796930184e-07,9.256769977537004e-05,8.395120229203285e-06,0.020279740146912247,4.7312660891613725e-06,0.00018752841058648068
49,0.0015558375496357378,2.0710377034199956e-06,0.00020831397676690348,0.00017638971263827564,1.1777927850221363e-06,0.27450295906783917,0.0012353702113420998,0.001924395477028211,7.727086524507435e-06,8.090449206487333e-05,0.00019169197327752372,0.00017898679255114853,6.068355918250264e-07,2.2425336558290877e-07,0.00024877582033320514,0.4356794928931611,0.2472774149732883,0.0006922757821503277,0.001568077467243028,2.4416280329743386e-07,0.00014237294765399088,9.702753612659945e-06,0.03395017074363616,1.4077605679828306e-05,0.0003507385913237983
50,0.0011625897532966337,2.133657316358306e-06,0.0001940021196717934,0.0001654002775202016,9.643624635172336e-07,0.22149744964094273,0.0014167340546686995,0.0026155990118563554,8.411904061993236e-06,0.00010889706583978554,0.00014852085219706898,0.00014188834650845234,6.45692795390275e-07,2.61703836881741e-07,0.0003048767495798499,0.5433419797384114,0.19785762113171537,0.0006687221235352862,0.002402615972709889,2.6157191238824537e-07,0.00017851113641006658,1.0961101741612562e-05,0.0273995869555072,1.1359081206377811e-05,0.0003600059942947487
51,0.0012728418467089773,9.210741505509148e-06,0.00011396071690337508,0.00045129770655812844,8.66862994501227e-07,0.16281814795268285,0.0007193421792607273,0.010179124873111367,4.2001833231143475e-06,0.00012954620059970167,0.00026527101543664906,0.0003625021352159416,5.603989305872716e-07,5.038259568880597e-07,0.0005064236313772446,0.4797783881473095,0.32586013256292373,0.0006244320156702857,0.0021192240533723736,1.84473705268759e-07,9.948394755336786e-05,3.1142666957837714e-05,0.014309370115678304,3.697216464293038e-06,0.00034014452979940754
52,0.0014774400444341875,3.012120026004955e-06,0.00022334060219551588,0.00015454820069523787,2.000250934362299e-06,0.17223412194863766,0.0016814066645384979,0.0016843327964325046,7.607466635644378e-06,5.446021032898893e-05,0.0002524671478967714,0.00025287655863195685,5.595621140796663e-07,3.386991866024768e-07,0.00026317637997309395,0.392310572363943,0.38553015295865783,0.0005373452916183082,0.0016522804261515638,1.9946846760378515e-07,0.00026333337158062953,9.376261532133081e-06,0.04079453227138885,1.853855343293246e-05,0.0005919803805660563
53,0.0012128645578334245,1.79103163004152e-06,0.00015919867687440184,0.00016420240509253413,1.1842428571119243e-06,0.24713917391775053,0.002159249834049776,0.0018721623725994826,1.0440386714648451e-05,5.9493399904605505e-05,0.00016589506236385515,0.00020865905017299817,5.090911896557418e-07,2.477243488163861e-07,0.00033056439087613104,0.505536173708535,0.19710379980678425,0.0006799047173922994,0.0019290195160045005,2.2051188469755962e-07,0.00015627049677834203,7.663993071794227e-06,0.04064258755375393,1.3465174023885843e-05,0.0004452583775134103
54,0.000643629062379435,2.58562748759073e-06,0.00014006857728142668,0.00010650327469080197,6.324600067066026e-07,0.10818773785243262,0.0008197483709705213,0.0012199766628928248,7.3566515959624455e-06,7.360494598452424e-05,8.389029958534327e-05,0.00021026774605102666,3.6187921707794347e-07,2.7395018216011714e-07,0.00036659866943667785,0.685299746338156,0.18169093991833432,0.00023781190878361544,0.0012700864849838013,1.8715085260464015e-07,7.89697725819344e-05,7.774282690602642e-06,0.018803928176095643,1.435700770488933e-05,0.0007329629296217636
55,0.001772557752824492,1.761005003661666e-06,0.00018182460964430227,0.0002206437290534468,2.3834250833129663e-06,0.2376028669146765,0.0027977356863202094,0.001625550216721805,1.583419607836828e-05,4.535159114520873e-05,0.00024248460789333257,0.0004491050293477502,6.503892607564354e-07,2.6894507840281443e-07,0.0002979908740854356,0.5201946250542492,0.18645423867769553,0.0009343427104214227,0.0020083468544806497,2.2146712170342415e-07,0.00015849016655678972,7.5716881199833795e-06,0.04436792983378914,2.9825285752615187e-05,0.0005873992895960128
56,0.0013988478400492796,2.0288680821152547e-06,0.00018432186135393982,0.00017537974541400258,1.2599055112115306e-06,0.22504890517654833,0.001272187312908952,0.0018415627898177348,7.39542103822793e-06,7.868305581417796e-05,0.00018831742277438827,0.0001584469825889278,5.837691274653318e-07,2.2649952251933087e-07,0.0002940693287409381,0.4769028475159066,0.2531975301306757,0.0007232870187242337,0.0020730052439184667,2.420487540063263e-07,0.00017317063614282174,9.095412826100158e-06,0.035887526062078526,1.4743538126465144e-05,0.0003663364135549049
57,0.0010196538388549707,2.31015046865905e-06,0.00015159649245450522,0.00013152968000345797,1.0192828870778891e-06,0.1352241791993168,0.0012141915557979522,0.0017400715059677746,5.497524809895119e-06,7.006567593154237e-05,0.0001652526024288303,0.00015903015656431482,6.118091956418923e-07,2.1673336461166378e-07,0.00025107233683651503,0.5635256934421441,0.2664795087230421,0.0006164018879781655,0.002875712236526604,2.068290776435346e-07,0.00023579219137880494,9.32107259976087e-06,0.02573973490181545,1.4028156379930057e-05,0.00036730201417498157
58,0.001236984749412858,2.0048880748933227e-06,0.0001881297956293628,0.00017654286232100748,1.4901525889914996e-06,0.2192942939035647,0.0012684308802084242,0.0014503975512891072,8.373159416052137e-06,7.980247917791862e-05,0.0001769618010211982,0.00015540314893837086,5.924118562379391e-07,2.3500479041342353e-07,0.00029814923463730204,0.4880546621045391,0.24362059797769525,0.0006894966743813114,0.0021084904125268093,2.746879390732117e-07,0.00018502527504165534,8.053457317244146e-06,0.04056493863486471,2.026410677512711e-05,0.0004104046459926511
59,0.0011950322176600076,2.008313542910886e-06,0.0002053720740063794,0.00016617279962681167,1.4303317803141293e-06,0.21209949558226168,0.0012301715648631566,0.0014373685102548118,7.919980186109985e-06,8.283822595922543e-05,0.0001691703277405955,0.0001476394711980943,5.755589692119993e-07,2.424520430661581e-07,0.000269375699028465,0.48696397509604783,0.25297777244546565,0.0006794470945803078,0.0019299701972639103,2.78011538084229e-07,0.00018881706690278982,7.568236395049148e-06,0.03980811132608839,1.9781518089991833e-05,0.00040946589850719017
60,0.0013394311936025395,1.9606614717925266e-06,0.00018048622264295596,0.00017456616705780847,1.2289897555261413e-06,0.22416670405260022,0.0012332262016484553,0.0017887940305469725,7.129830876333419e-06,7.749009011044035e-05,0.00018085885418791614,0.00015128513190495817,5.459791873983652e-07,2.179353679561192e-07,0.0002918657970458723,0.4772848991157505,0.253690196764374,0.0007009497850711836,0.002026525464895592,2.324144538815085e-07,0.00016859114767745707,8.551464295010694e-06,0.03615015586990619,1.4321213233630884e-05,0.00035978562233530216
61,0.0013015972005866662,1.9562413945583544e-06,0.00022383785461085252,0.00016443054835353746,1.4666575942486675e-06,0.22086193068089768,0.0012694732469343615,0.0015053743430072227,8.396466151199249e-06,8.526427913248308e-05,0.0001798402491093827,0.00015115371399420443,5.996039207653636e-07,2.5097326748988576e-07,0.00026687775696998057,0.4818612183490451,0.2483833524868865,0.0007208418478236563,0.0019308628124328315,2.849055732397241e-07,0.00019638233166014218,7.718371804324194e-06,0.0404370037772636,2.058590563190868e-05,0.00041929939595420094
62,0.0013394311936025395,1.9606614717925266e-06,0.00018048622264295596,0.00017456616705780847,1.2289897555261413e-06,0.22416670405260022,0.0012332262016484553,0.0017887940305469725,7.129830876333419e-06,7.749009011044035e-05,0.00018085885418791614,0.00015128513190495817,5.459791873983652e-07,2.179353679561192e-07,0.0002918657970458723,0.4772848991157505,0.253690196764374,0.0007009497850711836,0.002026525464895592,2.324144538815085e-07,0.00016859114767745707,8.551464295010694e-06,0.03615015586990619,1.4321213233630884e-05,0.00035978562233530216
63,0.0012603218827793442,2.1990437719225964e-06,0.00017038828622555326,0.0001711446282628136,1.1523221754052373e-06,0.20714302126249798,0.0011309449328265593,0.0017734136857298053,6.599221788656188e-06,7.884508449960552e-05,0.00017317510217915462,0.00015261555714399719,5.323422231976852e-07,2.1799962905504893e-07,0.0002925899588555737,0.4853531993030111,0.26525664976177477,0.0006413955670266409,0.002033439098134242,2.2355320689491116e-07,0.0001624691375106639,8.927238673390241e-06,0.033807227552534826,1.3883776805642576e-05,0.0003654237007332685
64,0.001330766222409723,2.1025261478662312e-06,0.00021487934158903176,0.00015773711134096357,1.4376300084687345e-06,0.19523572297598565,0.0014214719549821527,0.001732835263221846,6.997069761027162e-06,7.774518856238193e-05,0.00020363153181356946,0.00015188871500613024,6.326605600851895e-07,2.6774358876486337e-07,0.0002553783475760174,0.4662369184003366,0.28991677361209434,0.0008088542996909016,0.0022641016172283883,2.644910363388052e-07,0.0002578244339773188,8.353462462534172e-06,0.03930876188090392,1.6583807249057046e-05,0.00038806971246698824
65,0.0012640816232624148,3.4310316279244737e-06,0.0003395433595910524,0.00011407266679320094,1.2555856790214949e-06,0.15020665808644823,0.0011090757854619955,0.0021676002094059665,1.13273731334844e-05,0.00011985139543419792,0.0001913441383685227,0.0002551440653012788,8.265388516336705e-07,6.04068508983509e-07,0.000279100282828911,0.5680150665252771,0.24977879606524592,0.00048409513553737145,0.001259548534912679,4.3458143197525226e-07,0.00018326401465161283,1.5080971827448162e-05,0.02332414397866741,2.322250859123707e-05,0.0008524314731604104
66,0.0022343457865341065,1.7156843268227937e-06,0.0003594131080480364,0.00014176091789012306,1.2205002408428416e-06,0.17869239005035542,0.001574842303146313,0.003563308413854423,6.67003179484951e-06,9.247699421313387e-05,0.0002483038965956794,0.00017257532359881848,1.1160498893176962e-06,2.5791578759427894e-07,0.00020341326112643498,0.5748838275586147,0.21441654121410555,0.001129266290667228,0.0016838784838011747,4.057524385945083e-07,0.00021446364413682975,1.0697169971574448e-05,0.02007077515733096,1.2136264884286479e-05,0.0002841982266473214
67,0.0019008948023532906,2.5652144959583388e-06,8.383286564135153e-05,0.00018912206722187383,1.105261697896686e-06,0.23961625159099756,0.0014705521020192476,0.0030102206272498862,1.0339320840137973e-05,4.489584512500397e-05,0.00021532693190352595,0.0003504326386577131,5.222289830754928e-07,1.6087916076194274e-07,0.0005433421644220946,0.5429760157979876,0.18965790983836772,0.000363604413907698,0.002156857739746769,1.1318988624606525e-07,8.452398527109804e-05,2.269734560381537e-05,0.01685427580481502,1.031209078606244e-05,0.000434125252858609
68,0.0017056347861665047,2.1564852321409647e-06,0.00011828476478722291,0.0001500814113348929,8.967994533508477e-07,0.17361171553583138,0.001095387457460136,0.0025442683438720846,4.011174342198278e-06,5.5610737086633284e-05,0.00021533009220991685,0.00013983831857556335,5.510409190561916e-07,1.3640150047023142e-07,0.0002742237311304068,0.48520356552161126,0.30824119245207426,0.0007056070219662042,0.002672652007037222,1.457554530195903e-07,0.00017529226191257983,1.2274512598777835e-05,0.022830936761449604,7.82218694026655e-06,0.00023238443905492979
69,0.0014013090568355787,1.9827154433007444e-06,0.0001626310743943482,0.00017970940809539101,1.240012728377056e-06,0.22619651267312674,0.0011788205149796973,0.001727745917627082,6.764235810153688e-06,7.072275057366854e-05,0.0001809191087581971,0.0001540626434445477,5.213220467155633e-07,1.920018786835051e-07,0.00030763374840671206,0.46691280357744674,0.2636328544807058,0.0006284895135233232,0.001981956345619687,2.058804083466127e-07,0.00015184655956121396,8.938015611189465e-06,0.03475196024696578,1.3681328526683639e-05,0.00034649686748200497
70,0.0015991572733303587,1.6587150384003919e-06,0.00022293331544280114,0.0004942466296078129,4.6835892475379515e-06,0.4841712016678057,0.0021993706836601445,0.0023744441176078187,1.9366949721529112e-05,7.531294529970418e-05,0.0002847501317975855,0.00019114367882765504,4.814283862958989e-07,3.9993098239106614e-07,0.0005067006324784031,0.22897646435168706,0.19085714537732448,0.0008711151836755463,0.0014456538073643983,3.223586129781806e-07,0.0001589039541153878,7.542847080603188e-06,0.08511371081736877,1.732966040296395e-05,0.0004059599531338071
71,0.0004769654951134878,2.4258732378815446e-06,0.00031724751106151363,0.0001711856004461727,3.7331263339895293e-06,0.16031816090426734,0.003601114415243393,0.002013993558147121,2.3310443891640972e-05,0.0001260803547832425,0.00016677827406162978,0.00015668069603834103,7.929462208803498e-07,1.094168258517224e-06,0.00019939022380065019,0.5750237304368466,0.18254739474117956,0.0014865655342077536,0.0026566826307321922,9.799304026813231e-07,0.0006884972737552261,5.893534359910465e-06,0.06922030844094225,4.62568125155276e-05,0.000744737074152609
