,0,1,2,3,4,5,6,7,8,9,10,11,12,13,14,15,16,17,18,19,20,21,22,23,24
0,1.15278365872298e-06,3.302922441954775e-05,2.3763415002684216e-06,1.2455997062010106e-05,0.008425774252180886,0.8455528731807416,1.9972751317190778e-07,2.433889355609017e-07,0.005563846778850195,3.8438777962802623e-07,2.1257720676047225e-08,4.3141507438821266e-09,1.3759851435743273e-07,6.535118319194909e-09,8.613397418343043e-07,0.0360352586920653,5.328846189947391e-07,0.006841568840368666,0.09689060166058865,6.526992433115496e-08,0.00024063370521496197,1.8707131158080688e-07,0.00039677718627266706,1.0000624050257814e-06,7.519342194758847e-09
1,1.2147196908147653e-06,3.7572960887106894e-05,3.444063142756812e-06,9.545638934199113e-06,0.011116879665480367,0.8072965512820309,1.7289344636362004e-07,2.1982982233059904e-07,0.006907063391013377,4.086379356803564e-07,2.002816135873722e-08,3.6685714245759652e-09,1.1949720615132403e-07,5.325671691273019e-09,8.105443919617849e-07,0.03459373745360604,4.853779083900614e-07,0.004215452165887183,0.13530390421628716,4.976333867400279e-08,0.00021890161208504462,1.891481624108823e-07,0.00029241036914875746,8.305701582919757e-07,7.177031315226956e-09
2,1.6317442592129696e-06,6.86525745289699e-05,3.878263453585037e-06,1.2597046751224651e-05,0.019976075165079488,0.8144539949070839,2.233628623479928e-07,3.6730341624887016e-07,0.009953837994937549,5.498251374573587e-07,5.38589177372161e-08,6.435362072456846e-09,1.4339875792074304e-07,1.609768309376652e-08,2.5989667383101105e-06,0.026225825836902975,6.169287371981289e-07,0.008296708437890262,0.12005043998168632,1.226234909553615e-07,0.00035737463543079174,2.2194138067067994e-07,0.0005930388264249696,1.0052674841962039e-06,1.857560265961907e-08
3,1.0573107957871533e-06,4.285254110763115e-05,2.252596412764846e-06,1.0023443580231054e-05,0.0095526286813699,0.8426285252929686,1.9729063682495913e-07,1.9264614522794815e-07,0.004852073837414676,2.9373139369185783e-07,1.994723293422858e-08,4.392357963441949e-09,1.0239859238655608e-07,8.200793254616427e-09,9.925823762763191e-07,0.02985565257713517,5.370881137596538e-07,0.006559141374970521,0.10586759859961804,5.550103777614142e-08,0.00025895570699056874,2.1023632222469887e-07,0.0003656382727371058,9.764498662395762e-07,9.300030662270855e-09
4,1.128823394996733e-06,4.176386226088758e-05,2.337939812474251e-06,9.784175009226883e-06,0.009684714920696459,0.8327303134515951,2.0466680401355186e-07,1.9527362061351994e-07,0.004405637211892018,3.025858019227591e-07,1.9652923387771067e-08,4.453906343062835e-09,1.2288678517446173e-07,9.122278752799268e-09,9.57841462939031e-07,0.031604419276694565,5.535368525863461e-07,0.007016367189510464,0.11388450384738052,5.941822866907927e-08,0.00025153538531066423,1.965366916755803e-07,0.00036373893346007677,1.1199093040039348e-06,9.098322353732506e-09
5,9.22520197099609e-07,4.392215823044691e-05,1.6465113668101764e-06,1.1445728917595145e-05,0.007414312913605498,0.8577294372894906,1.683148278075996e-07,1.8262466136871124e-07,0.0040031541188370835,2.5609144679630247e-07,1.9717953409164748e-08,4.019741687234808e-09,9.977897167034734e-08,7.707519878574746e-09,9.848981272878275e-07,0.029020350024607844,4.745501154926368e-07,0.008653601700686265,0.09251066557228448,5.698624368117462e-08,0.00023440421039213886,2.0639926635679787e-07,0.0003727539035230228,9.141269669960294e-07,8.1320187834138e-09
6,1.0573107957871533e-06,4.285254110763115e-05,2.252596412764846e-06,1.0023443580231054e-05,0.0095526286813699,0.8426285252929686,1.9729063682495913e-07,1.9264614522794815e-07,0.004852073837414676,2.9373139369185783e-07,1.994723293422858e-08,4.392357963441949e-09,1.0239859238655608e-07,8.200793254616427e-09,9.925823762763191e-07,0.02985565257713517,5.370881137596538e-07,0.006559141374970521,0.10586759859961804,5.550103777614142e-08,0.00025895570699056874,2.1023632222469887e-07,0.0003656382727371058,9.764498662395762e-07,9.300030662270855e-09
7,5.155205317909184e-06,5.4046901238025496e-05,9.798613765898469e-06,2.0363870427546193e-05,0.020588009282186053,0.6432112942426271,4.2677042784150263e-07,7.019712590831149e-07,0.008639869070691713,1.2775798606586887e-06,5.182086368407472e-08,6.655362010016626e-09,4.99929651390072e-07,1.1782004938934808e-08,1.01777932113021e-06,0.04582191475042846,1.2604323822607762e-06,0.004637376279873861,0.27656129738500734,1.1799498721330804e-07,0.00018221240294536534,3.618627479031734e-07,0.00026093168410506047,1.9812672574459244e-06,1.4465260105561485e-08
8,2.9567879462572883e-06,4.654767925799327e-05,8.409210666165593e-06,1.514166516686005e-05,0.016618803309389567,0.7885171255625241,4.347680613254184e-07,3.911623219400416e-07,0.007090142614242071,9.587678726774063e-07,3.067701540896759e-08,9.198921242557183e-09,2.600114207561973e-07,2.1783686694470797e-08,1.3724541404833245e-06,0.03797484180120183,1.3185954649172728e-06,0.004569825540692167,0.14385524546090706,1.308256638404008e-07,0.0005373461914216662,2.6636860886869613e-07,0.0007550627378732661,3.333872169706336e-06,2.2953363313958807e-08
9,2.4314336694637257e-06,6.322620961550733e-05,4.260538347157338e-06,1.7031119388264056e-05,0.014047225532644704,0.8130033725236978,2.8109386666443316e-07,3.5260046471179314e-07,0.007925676770978156,7.666951466840469e-07,3.726490674209362e-08,6.2721734075686055e-09,1.6359838637839784e-07,1.9544434329222214e-08,1.958783863466642e-06,0.02741989388769561,8.977859826031581e-07,0.006307820956440329,0.12997983289308263,1.1142473052989107e-07,0.0003985596331653099,2.4837538308092027e-07,0.000823709175465806,2.0922760491838156e-06,2.361042173808138e-08
10,1.0573107957871533e-06,4.285254110763115e-05,2.252596412764846e-06,1.0023443580231054e-05,0.0095526286813699,0.8426285252929686,1.9729063682495913e-07,1.9264614522794815e-07,0.004852073837414676,2.9373139369185783e-07,1.994723293422858e-08,4.392357963441949e-09,1.0239859238655608e-07,8.200793254616427e-09,9.925823762763191e-07,0.02985565257713517,5.370881137596538e-07,0.006559141374970521,0.10586759859961804,5.550103777614142e-08,0.00025895570699056874,2.1023632222469887e-07,0.0003656382727371058,9.764498662395762e-07,9.300030662270855e-09
11,1.132865676283544e-06,4.035430759814064e-05,2.402652273139497e-06,9.85008169096111e-06,0.009209948807162754,0.8351720341691964,2.1194393410068366e-07,2.2236385089219386e-07,0.004845849491303577,3.307804686318623e-07,1.9590095906536935e-08,4.653310852921419e-09,1.2783817293592818e-07,7.969468527153261e-09,9.474222536399499e-07,0.03196750997532548,5.751865810184807e-07,0.006637260009717575,0.11151425299854295,5.869994476778149e-08,0.0002447270823788905,2.1346435409979607e-07,0.0003508334726437186,1.1153231866888779e-06,8.850867953415883e-09
12,8.912492279055848e-07,3.713698394475914e-05,1.7740600473130014e-06,8.942043561440046e-06,0.012588079656494685,0.866138879238967,2.2209362316924942e-07,1.1956696027894223e-07,0.00432245654322851,2.3002268157784535e-07,1.7866546747478235e-08,4.072816278243272e-09,8.914818177287523e-08,1.2727917309667142e-08,9.084678880035504e-07,0.02653569385734163,5.057100150530641e-07,0.008344983349954614,0.08116348976742313,6.9880777299812e-08,0.0002965167588055073,1.4081871304563515e-07,0.0005577110554872757,1.1135296948562812e-06,1.1529700829837664e-08
13,8.378693820681003e-06,8.187125529667351e-05,1.698303386803275e-05,7.060039143631405e-05,0.044805810099678475,0.6616772476129756,7.069563078836769e-07,1.8236876963610847e-06,0.0183862254839414,1.5740214908683002e-06,7.674946474444872e-07,4.614524232758548e-08,6.340358388202011e-07,1.7411150926496264e-07,1.3847470071553696e-05,0.10028403033103557,1.5913255050919446e-06,0.030966400606252886,0.1405134755002535,8.22434864068205e-07,0.0013223531800114106,4.00380657595384e-07,0.0018426498701644384,1.5461187313271385e-06,3.9758702466696476e-08
14,2.2084575625862816e-06,2.0000410485942287e-05,2.685656001219175e-06,8.954897647195003e-06,0.007458766350591937,0.8667495631652015,6.921724481121186e-07,4.33649380401722e-07,0.008442552221440676,5.708236353205977e-07,1.410371145409723e-08,1.1025328404483838e-08,1.2546168651095406e-07,1.2993549435631327e-08,1.0301341778221044e-06,0.036168664809393146,1.3917351614911947e-06,0.004770470973845736,0.07522391285478496,5.345071729857727e-08,0.0004443002946650593,3.018285032114257e-07,0.0007002156878604819,3.046758558945821e-06,2.0083661294391665e-08
15,1.0573107957871533e-06,4.285254110763115e-05,2.252596412764846e-06,1.0023443580231054e-05,0.0095526286813699,0.8426285252929686,1.9729063682495913e-07,1.9264614522794815e-07,0.004852073837414676,2.9373139369185783e-07,1.994723293422858e-08,4.392357963441949e-09,1.0239859238655608e-07,8.200793254616427e-09,9.925823762763191e-07,0.02985565257713517,5.370881137596538e-07,0.006559141374970521,0.10586759859961804,5.550103777614142e-08,0.00025895570699056874,2.1023632222469887e-07,0.0003656382727371058,9.764498662395762e-07,9.300030662270855e-09
16,1.0484920977356837e-06,2.560479903866946e-05,2.8932036133706387e-06,1.2409253035496357e-05,0.008023821966839345,0.8232637879696455,2.7413502153281796e-07,2.184780759268767e-07,0.002596457007848599,2.4794345040465274e-07,2.6807792932259815e-08,7.502592572492011e-09,1.7849817497439712e-07,1.5152492899341696e-08,1.152378164310165e-06,0.06286575948883091,6.641280800699135e-07,0.015199119040424557,0.08694600900107707,1.099958808273651e-07,0.0005333513699372911,1.6515560080979775e-07,0.0005252458128193105,1.4266974220535158e-06,5.722042717707008e-09
17,3.067728370589363e-06,5.085335349083669e-05,4.79852434429998e-06,2.1109878560627742e-05,0.020467675990495034,0.8087444894211372,6.784872083354597e-07,3.830516206568332e-07,0.007539784068619968,4.2748404173182287e-07,4.610809902026477e-08,1.4536467418815102e-08,2.1689957088692263e-07,3.015916413238429e-08,1.390967864000077e-06,0.050380912341951016,1.325083538929856e-06,0.008763886275283442,0.10290435292264923,1.1651786697388851e-07,0.0004851636514205927,3.850733097762288e-07,0.0006269982067236852,1.8686665965619978e-06,2.460160500064577e-08
18,2.3692455534731756e-06,7.721429683989058e-05,2.1702063482589847e-06,1.2897105839940343e-05,0.013963146437016651,0.7970523558010755,3.6636514543561325e-07,2.1545428866645148e-07,0.007038161263421266,3.779373314362638e-07,2.7261280054531063e-08,5.335159913981507e-09,1.0971958366456756e-07,1.6382637888933118e-08,1.1277528404320694e-06,0.020925146558838172,1.7864410965184786e-06,0.00819682651522211,0.15187300083327376,6.78062856787069e-08,0.00026294644464676034,4.736892598226725e-07,0.000587406135576951,1.7482518062565332e-06,3.675963131169602e-08
19,1.018496239107706e-06,2.4500724796831903e-05,3.0839218922249593e-06,8.992414076461578e-06,0.008296336255393446,0.8677005110115725,2.9101486359105305e-07,2.700790742542713e-07,0.005237398760935822,5.437075704262605e-07,1.3816684958545105e-08,5.890355335099719e-09,1.483725614561605e-07,4.540413924668399e-09,5.60022564738803e-07,0.029207526011634576,6.13879889784944e-07,0.003128133714352896,0.08595900996057933,5.309381113295704e-08,0.00019735296089560045,2.595355694234173e-07,0.00023214238987263948,1.2214627009337237e-06,7.961698427809237e-09
20,6.505864641757105e-07,7.366101257675001e-05,1.667213237169488e-06,1.0325291698554358e-05,0.004934391187527971,0.872628262357088,1.3260065431817797e-07,3.031665348916632e-07,0.004544046697106045,2.270442713642024e-07,2.2394477188254967e-08,5.996402435805945e-09,7.425922858564681e-08,6.2288554886556755e-09,2.054743449616884e-06,0.026079642628731445,4.0784806294325986e-07,0.008093459378040352,0.08299765653723881,4.566798612129672e-08,0.0003099703160007452,3.5853705628938457e-07,0.00032188712055627495,7.331754974944533e-07,8.011256740554242e-09
21,2.0136127891655892e-06,5.251966954791077e-05,3.532105119488841e-06,2.3636558167925917e-05,0.012348643929057223,0.8069587111456514,2.6130537495988855e-07,3.0580381955122255e-07,0.005918327036508884,3.452016076132877e-07,5.781406722530537e-08,8.376186290784346e-09,1.6906454090747514e-07,2.1890934742071714e-08,1.917683267345339e-06,0.05559522145646467,5.906506958052059e-07,0.01294201822023102,0.10508809101793384,1.2297817967197092e-07,0.0004121224573733591,2.1931676170380694e-07,0.0006501012371880993,1.029812142742837e-06,1.1656388130711653e-08
22,1.4310636354019991e-06,3.519702118559879e-05,3.751520143929297e-06,1.759096101328967e-05,0.011032226406527961,0.8199496468256585,2.494858463103824e-07,2.661103545353115e-07,0.005178292169736082,4.692929872530716e-07,4.4996463068802256e-08,6.040888945363172e-09,1.6243268364107424e-07,1.0416704125197377e-08,1.2237865464130818e-06,0.04538908242215769,1.0203017810949054e-06,0.011375560725322184,0.10600136343005463,1.2355988272908988e-07,0.0004644495787252939,2.676571891653498e-07,0.0005465201044385877,1.034493827750779e-06,9.19624602928629e-09
23,1.0573107957871533e-06,4.285254110763115e-05,2.252596412764846e-06,1.0023443580231054e-05,0.0095526286813699,0.8426285252929686,1.9729063682495913e-07,1.9264614522794815e-07,0.004852073837414676,2.9373139369185783e-07,1.994723293422858e-08,4.392357963441949e-09,1.0239859238655608e-07,8.200793254616427e-09,9.925823762763191e-07,0.02985565257713517,5.370881137596538e-07,0.006559141374970521,0.10586759859961804,5.550103777614142e-08,0.00025895570699056874,2.1023632222469887e-07,0.0003656382727371058,9.764498662395762e-07,9.300030662270855e-09
24,1.4065732892464093e-06,5.8239573011461864e-05,2.4907014805807237e-06,1.7327905293622776e-05,0.012397549405151148,0.8323954685468193,2.04781579972657e-07,2.2692469743236007e-07,0.004976603895651851,3.3441964713098114e-07,3.105718715084368e-08,5.398538592352096e-09,1.4515043742717997e-07,1.1754324139934028e-08,1.0803816091170216e-06,0.03287848698275729,5.631310577928644e-07,0.008502033665694684,0.10814178933062815,8.599115055836849e-08,0.0002328881224912018,2.418717522752212e-07,0.00039179867766495345,9.74174117459178e-07,1.15839674279934e-08
25,4.401613131477439e-06,4.581287487955679e-05,7.238176827378738e-06,3.605665541136517e-05,0.02174420567415298,0.75913695879197,6.766389784500993e-07,9.688714710746563e-07,0.009564406075377029,1.023073990012999e-06,1.2900284162804646e-07,1.8422464483497917e-08,4.949191319453086e-07,3.3794995776555254e-08,2.447980155556336e-06,0.06916684024189282,1.4641637116355767e-06,0.014531393146890519,0.12466113918040303,2.7463870980834186e-07,0.000444455867218977,3.9470352941888754e-07,0.0006473671672693578,1.7786881625207265e-06,1.9636433259542876e-08
26,1.0311938930884622e-06,3.157333743084194e-05,1.5699413438847184e-06,6.098143917551136e-06,0.007503558597998049,0.8529836453378555,1.7792663114806042e-07,1.4976657412222422e-07,0.006212852309519722,2.9742080448716563e-07,9.902046952501276e-09,2.204042323033712e-09,9.461705523136757e-08,4.244873644793743e-09,5.855961982443481e-07,0.020847085047982918,6.488919944830602e-07,0.005962456589095696,0.10572803867002949,4.0752536047436656e-08,0.00021184891335211957,1.5130899093414e-07,0.0005067488348554121,1.3215067192412239e-06,8.944259162377029e-09
27,9.469620067936072e-07,6.723157608834583e-05,1.6008575556289663e-06,1.0697321660062455e-05,0.007672614846511411,0.8562929802891248,1.5750827819117773e-07,2.3499470506281724e-07,0.006682817929629604,2.752717295400432e-07,2.082281968959126e-08,4.149875384871952e-09,6.856070699896577e-08,5.981432784715777e-09,1.2818487877329126e-06,0.021706537730810996,4.2796690567386864e-07,0.005170550552882139,0.1019287139745958,3.796595353615908e-08,0.00017437796385829046,3.056950365793393e-07,0.0002874337340413393,6.637751890703098e-07,1.171981467472774e-08
28,1.0573107957871533e-06,4.285254110763115e-05,2.252596412764846e-06,1.0023443580231054e-05,0.0095526286813699,0.8426285252929686,1.9729063682495913e-07,1.9264614522794815e-07,0.004852073837414676,2.9373139369185783e-07,1.994723293422858e-08,4.392357963441949e-09,1.0239859238655608e-07,8.200793254616427e-09,9.925823762763191e-07,0.02985565257713517,5.370881137596538e-07,0.006559141374970521,0.10586759859961804,5.550103777614142e-08,0.00025895570699056874,2.1023632222469887e-07,0.0003656382727371058,9.764498662395762e-07,9.300030662270855e-09
29,1.0573107957871533e-06,4.285254110763115e-05,2.252596412764846e-06,1.0023443580231054e-05,0.0095526286813699,0.8426285252929686,1.9729063682495913e-07,1.9264614522794815e-07,0.004852073837414676,2.9373139369185783e-07,1.994723293422858e-08,4.392357963441949e-09,1.0239859238655608e-07,8.200793254616427e-09,9.925823762763191e-07,0.02985565257713517,5.370881137596538e-07,0.006559141374970521,0.10586759859961804,5.550103777614142e-08,0.00025895570699056874,2.1023632222469887e-07,0.0003656382727371058,9.764498662395762e-07,9.300030662270855e-09
30,1.0573107957871533e-06,4.285254110763115e-05,2.252596412764846e-06,1.0023443580231054e-05,0.0095526286813699,0.8426285252929686,1.9729063682495913e-07,1.9264614522794815e-07,0.004852073837414676,2.9373139369185783e-07,1.994723293422858e-08,4.392357963441949e-09,1.0239859238655608e-07,8.200793254616427e-09,9.925823762763191e-07,0.02985565257713517,5.370881137596538e-07,0.006559141374970521,0.10586759859961804,5.550103777614142e-08,0.00025895570699056874,2.1023632222469887e-07,0.0003656382727371058,9.764498662395762e-07,9.300030662270855e-09
31,2.417863020947726e-06,6.201125606189945e-05,6.025872803491655e-06,1.105818519355387e-05,0.01048468483250357,0.7038605600279342,2.377318743523844e-07,6.221620686088723e-07,0.006147155913032145,3.8684523499125303e-07,2.6136308879012486e-08,7.12570284180715e-09,3.1662960319921314e-07,9.562598252795185e-09,1.4070334716315126e-06,0.053760166268040914,9.409175423049628e-07,0.008524209384109974,0.2164156647516016,7.741773242902203e-08,0.00036902047775029583,2.8379399369601053e-07,0.00035084759831774203,1.8536911522326183e-06,8.52234623732477e-09
32,1.0348530199713994e-06,4.7264379565483705e-05,2.1932641642403946e-06,8.973971706771225e-06,0.008989010139921129,0.8259522679040913,1.6665051213307492e-07,1.7796397922848057e-07,0.0044610648548542055,2.6567231825757146e-07,1.7357818084798874e-08,3.758715501684518e-09,1.0255677217056351e-07,7.222570961952224e-09,9.126540512669728e-07,0.029038346642899254,5.227988699797422e-07,0.006450862419548983,0.12448784784814942,4.834875556127118e-08,0.00023464170520221423,2.0819809814884625e-07,0.0003230786329178441,9.718122462176618e-07,8.389251969900027e-09
33,9.672435740989046e-07,3.9655066865667516e-05,1.823593252218386e-06,8.519851811828099e-06,0.007430055077844554,0.826776341632993,1.884913978715596e-07,1.662815729986409e-07,0.0033244777100103354,2.3691084310909518e-07,1.2546235349241108e-08,3.7637758465553796e-09,1.1295734158023918e-07,6.678823500304141e-09,6.633988760499885e-07,0.032082230899379456,5.757553202157683e-07,0.006844974413404716,0.12301031928860441,4.318495417355115e-08,0.0002027569188095873,2.1805138623147277e-07,0.0002744529419118101,1.1901895041096667e-06,7.1515071628753485e-09
34,9.221799177305001e-08,1.6164621942462784e-05,4.618502459131966e-07,4.06822151866925e-06,0.0019663924547542867,0.9614161590238409,1.1876425434974174e-07,7.39359307639694e-08,0.0016703643638102115,1.2030710392209658e-07,3.6232058964185e-09,2.909679215363093e-09,2.496481634692934e-08,1.7691617981102493e-09,4.4221947523973754e-07,0.013027659284705213,1.9178773695745263e-07,0.002991003587767072,0.018506561520900945,2.435067817073589e-08,0.00017567607723603695,1.4221781781580979e-07,0.00022369738552322914,5.487640761425616e-07,3.775826873538518e-09
35,7.305123660121549e-07,2.8495409471230686e-05,2.4151012645900384e-06,8.755253651316404e-06,0.009935562024841981,0.8701119710471663,2.2280081980647928e-07,1.1710707312553689e-07,0.002835731100863034,2.768184269302309e-07,1.6887487134260907e-08,4.413018461378879e-09,1.0215709160928778e-07,1.2202297351243458e-08,8.805943764766839e-07,0.030851675722619917,5.272640555140559e-07,0.007159044279740505,0.0781322886027534,8.314450858882286e-08,0.0003932641964092706,1.31261424998402e-07,0.0005363361674147483,1.3474750570848895e-06,8.455800516106451e-09
36,1.7567931405806957e-06,4.473710084907139e-05,2.086375071549581e-06,1.4375606290391963e-05,0.00766128612554834,0.8139069058123818,5.37801051208402e-07,5.290320509842328e-07,0.005473011562227451,2.9188781006349745e-07,3.040669302269851e-08,1.5954417067485734e-08,1.7566270441057237e-07,1.4628528551443029e-08,1.346229824411666e-06,0.05148615626910854,1.3727329033677053e-06,0.012674778529378716,0.10813930069273295,6.7131100890973e-08,0.0002748566740376318,6.601185375462751e-07,0.00031424132611683687,1.4507329223099962e-06,1.4814572220742735e-08
37,2.240982717411723e-06,3.239429247472461e-05,3.3949233279114866e-06,1.3407271842563766e-05,0.012919945896155728,0.7807594508868969,4.2518313495413665e-07,1.5501808530735902e-07,0.0027548917420053428,3.010457241959257e-07,2.1385351329109677e-08,7.252235577671497e-09,2.2649600424747085e-07,3.5086160315548915e-08,8.562264236760242e-07,0.05683641999524229,1.0116634927780871e-06,0.01253994382795517,0.13292502821784313,1.0173788227593848e-07,0.00046410521304584895,1.6446156018853077e-07,0.0007423613453180195,3.09689706697423e-06,1.2952052940962825e-08
38,4.72550408308391e-06,0.00011419182522689667,5.9134468529896844e-06,2.6750615473661314e-05,0.037281342186235585,0.7321446285190856,3.84935465488442e-07,6.126762155703753e-07,0.01818512320460548,9.529852581158034e-07,7.249990510158472e-08,7.581406801424915e-09,2.2578959712766627e-07,2.2207264302629145e-08,1.8080136667842912e-06,0.0257835395446503,1.451641970406164e-06,0.006728012069922492,0.17891396944635865,1.5843761553183646e-07,0.00023363805085961986,4.328138407268907e-07,0.0005704739424811397,1.5130507705299052e-06,4.901118818159234e-08
39,0.0003623095909998786,7.485175505397245e-05,3.6363324938620215e-06,0.0003038841590626228,0.6611269806534946,0.11047727797365785,5.036452692092235e-06,4.6130423035456167e-07,0.05350794837951534,2.5242996947881687e-05,1.603245392310929e-05,6.9215090461656015e-09,7.937069034184914e-07,8.307207230729672e-06,1.0010983217967611e-05,0.005939034643660473,1.7561160522805113e-06,0.01825988520776705,0.1459532966879293,2.264845534856979e-06,1.404262796219041e-05,1.1482131203653471e-07,0.0039020177427569534,2.513988783351046e-06,2.2924473086614518e-06
40,1.0949087664446594e-06,4.409911069672506e-05,2.3502594706598305e-06,1.0109664298034423e-05,0.010046732657473008,0.8391949352934243,2.0150772234467995e-07,1.9392586704604533e-07,0.004902812498136123,2.941098614208229e-07,2.0585617953981084e-08,4.5210143163257924e-09,1.0449415997200459e-07,8.683044517352886e-09,1.0151073275345314e-06,0.03015839030437968,5.478099856544142e-07,0.006606476643387842,0.10839400594698992,5.6900098471062456e-08,0.00026538273101539263,2.1217418239218698e-07,0.0003699493370521305,9.91192240976323e-07,9.633787149422884e-09
41,7.089370135908608e-07,5.946620176331104e-06,2.1956839336300943e-06,3.409091479097784e-06,0.0014887740784669983,0.9314775886502199,9.095961919064332e-07,9.525293590910602e-08,0.0010383777861441748,3.1474941772206275e-07,1.8614696924934634e-09,1.1139349801138724e-08,7.488142153272124e-08,4.707124332976726e-09,1.844037374705779e-07,0.020766977576407237,4.844169385859091e-06,0.0020641927648841086,0.04146965164853161,3.214954307496828e-08,0.0010240197657516768,5.143859357384947e-07,0.0006430459931164209,8.109327954786772e-06,1.4779407453862189e-08
42,5.287555930772485e-07,7.42877816083475e-05,2.6142873691952626e-06,8.805705018661614e-06,0.0030869400346292637,0.800382263552354,7.07742221402524e-08,3.2855113673822744e-07,0.004222745687880858,1.4790409907705174e-07,8.593476203649925e-09,3.5669477569185296e-09,7.163129013615972e-08,1.1446201753023186e-09,6.257277059877543e-07,0.038687396822730986,4.011862446841858e-07,0.0031028904160659513,0.15016272985113305,1.7064977967518934e-08,0.00017469252524703765,5.071001184720697e-07,9.14693237744246e-05,4.491278271016837e-07,2.8839288399996325e-09
43,3.454712530518132e-07,1.4996071986031485e-05,1.6745291248511711e-06,4.546029152999397e-06,0.003915158690941993,0.9075582050338872,1.119816579368812e-07,1.3654982897089042e-07,0.0028012081631620923,3.4949122297283637e-07,5.8940668582590985e-09,2.548569586829401e-09,8.006766344350438e-08,1.5627551533218196e-09,4.195966301335297e-07,0.02217728043043111,3.911209034385323e-07,0.0032861951811806404,0.0597357102483657,3.3766007451626385e-08,0.0002675772282288666,1.4051982760754568e-07,0.00023452671248731238,9.002699308122801e-07,2.840733961580043e-09
44,1.0573107957871533e-06,4.285254110763115e-05,2.252596412764846e-06,1.0023443580231054e-05,0.0095526286813699,0.8426285252929686,1.9729063682495913e-07,1.9264614522794815e-07,0.004852073837414676,2.9373139369185783e-07,1.994723293422858e-08,4.392357963441949e-09,1.0239859238655608e-07,8.200793254616427e-09,9.925823762763191e-07,0.02985565257713517,5.370881137596538e-07,0.006559141374970521,0.10586759859961804,5.550103777614142e-08,0.00025895570699056874,2.1023632222469887e-07,0.0003656382727371058,9.764498662395762e-07,9.300030662270855e-09
45,8.779701583156766e-07,2.949446491061745e-05,2.1966641019401017e-06,7.180251646673169e-06,0.005033459563028572,0.8209527213303557,2.4716071587213477e-07,4.6777302708166756e-07,0.004076343551121757,3.5704985419489263e-07,1.4194109640924969e-08,5.586200496854413e-09,1.9425610899069988e-07,4.644221027024541e-09,1.0061441529442781e-06,0.04666004354845134,4.786804701193069e-07,0.007259243220585101,0.11558142452910393,4.516401799300314e-08,0.00019037604200251168,2.392669618019628e-07,0.00020220499162019648,1.3698263244721374e-06,4.126748658283311e-09
46,1.4938425676973782e-06,3.055537930346612e-05,2.688739317254413e-06,1.1917327684363867e-05,0.00769406483862056,0.8383727644675061,2.6815083378700963e-07,2.2436039185019817e-07,0.004108300012944232,3.8018308665372995e-07,1.6489650983656862e-08,5.392862187108472e-09,1.4607800019342047e-07,5.810868865919654e-09,5.463814029664868e-07,0.034463754035839844,1.1102058188506675e-06,0.005501381280851939,0.10922179532034405,5.576133639192228e-08,0.0002777894988773345,3.231105457845147e-07,0.00030908081345943153,1.3235570229766771e-06,8.9608621955867e-09
47,2.4440396465711207e-06,3.0366959871313808e-05,3.818525321563802e-06,1.3101732673680644e-05,0.005918316890489353,0.7505600592642359,3.1765913287651676e-07,3.036685754679184e-07,0.0034312468765435524,3.275017028715202e-07,1.1426994067305976e-08,6.4047718659734434e-09,2.4131046173273767e-07,5.447243594056568e-09,3.940776069734877e-07,0.06298024662986859,1.1719603626667305e-06,0.004965399124718771,0.17161556241310913,4.0100152943762506e-08,0.00024835190297755385,3.693511466018104e-07,0.00022588541336548298,2.005229622876719e-06,6.089404096527234e-09
48,9.988658010164284e-07,3.2791560384191556e-05,1.6881817584130136e-06,4.6142222361011616e-06,0.004125023145758841,0.7734195179828559,1.5555900320488788e-07,1.9867112509096186e-07,0.0026582888760443004,2.9521561321944944e-07,4.6126195932286185e-09,2.2146525133988916e-09,1.4311094011788969e-07,2.4189048441698667e-09,3.2588420186301074e-07,0.0246830279863558,9.436418710650676e-07,0.004190256526685533,0.19057808715068605,2.5045599272323792e-08,0.00013176008198225125,2.5616315715498247e-07,0.00016950547116887797,2.082181625265789e-06,5.228969421723223e-09
49,5.99047924058255e-07,3.9597201738079936e-05,2.261462902582669e-06,8.039134010419583e-06,0.006361396064447083,0.8782759788846946,1.512045436304306e-07,1.8197163427307504e-07,0.00407466728908192,2.462898968148824e-07,1.2201225524956706e-08,4.655469278673846e-09,8.131102212319667e-08,3.5918750264584438e-09,6.840592754604018e-07,0.025495830311624088,4.4004745367107016e-07,0.003824369394072506,0.0814598596174751,4.006452135216946e-08,0.000233974153966319,2.7016262328003033e-07,0.0002205770824599358,7.284201213190062e-07,6.375941652643032e-09
50,4.509880342808171e-06,2.354794977769257e-05,5.333822479796724e-06,1.4823028987813613e-05,0.01624787632392124,0.7530237977805033,7.982982841422307e-07,5.844192981575761e-07,0.0061633981146220086,1.1869149797491166e-06,3.5789360263771234e-08,9.308690243352572e-09,4.648060499260363e-07,2.228457977658938e-08,9.903924435018917e-07,0.051059406773325704,1.5671337302853622e-06,0.0075706780957297696,0.16515924535154505,1.379816230489991e-07,0.00025593188286266485,2.4439740787458376e-07,0.00046161196067958336,3.780804641814071e-06,1.6504133825343325e-08
51,6.933029402516091e-07,0.0007120230891956642,1.2266742203214224e-06,5.508197952174647e-05,0.0034903169692849655,0.8669384799483123,5.1342246810723235e-08,6.196982668492615e-07,0.007535982895016161,1.404536569396967e-07,6.544058770524192e-08,5.532639565986063e-09,4.863535347242981e-08,5.057446313580624e-09,5.555826067662999e-06,0.02055798043763654,2.036320921545498e-07,0.009611432662706202,0.09069233252676942,4.0879737943345376e-08,0.00015169745600562717,1.1339719284982117e-06,0.0002446379792396391,2.2927968960484755e-07,1.4329437429210923e-08
52,1.7061858021410007e-06,7.73085355185161e-05,4.7957605499108304e-06,1.106083321674402e-05,0.015855193969872148,0.7882323614991243,3.57537572076579e-07,1.701963453675924e-07,0.005881976083277115,1.6470170253390064e-07,1.7258176189620767e-08,5.724789997650909e-09,9.825480931249105e-08,1.2779345143338076e-08,8.66330907004633e-07,0.04004676834831712,1.3583575146251012e-06,0.0051527263221916985,0.14355600170514057,5.165257421681614e-08,0.000597437080762036,3.4117912925608083e-07,0.0005776515633374904,1.5490898263402123e-06,1.9050198092757677e-08
53,8.202813906316596e-07,1.7345882353463136e-05,2.359912594566039e-06,1.2907217883356946e-05,0.011118276280210417,0.8951334402402691,4.777854980290959e-07,1.5729393145080596e-07,0.004702580397721803,3.2327437608591873e-07,2.9799440627579782e-08,7.957593741153554e-09,1.0615814289057232e-07,1.5630348579845225e-08,1.0844654578673464e-06,0.039648206567576394,6.070814693356966e-07,0.009482559278788449,0.03838741173556229,1.2537421816026381e-07,0.0005734065728552904,1.4519133145261783e-07,0.0009164322837952343,1.162709580147916e-06,1.0627610497649891e-08
54,1.2181378770410342e-06,0.00013306251944392687,1.38436313819183e-06,1.0388307074541448e-05,0.008350302948215092,0.8208205088956042,1.815530632242232e-07,1.882803091982624e-07,0.0058159760804595475,1.8158050334925962e-07,1.699844239446942e-08,3.692055901318618e-09,5.230142894320784e-08,1.0649261557001726e-08,1.557405917268422e-06,0.019710856409015858,4.63546618760806e-07,0.00492479787097637,0.13975655364118691,2.7508209391496194e-08,0.00016099030793863487,3.62439601492117e-07,0.0003099525621250607,9.410605486108914e-07,2.094098442480347e-08
55,9.065158886452194e-07,2.11079872388359e-05,1.572734240481836e-06,8.328143083239585e-06,0.008148960238250904,0.8690939879983857,3.7361605278857757e-07,3.0824448198323586e-07,0.004985833254284027,2.353988572601474e-07,1.4746615612840557e-08,1.2386987154342346e-08,1.6482318718073913e-07,1.0374953555142704e-08,7.830410033653223e-07,0.04648600211550422,4.449445122770693e-07,0.009180051308994247,0.0615789136538459,6.259752888241416e-08,0.0001984397397977655,2.0778231934425073e-07,0.0002921039259258905,1.1667437021325288e-06,7.684358625077457e-09
56,1.0591373698289067e-06,4.001351796170951e-05,2.289030788037341e-06,9.863841644310676e-06,0.00904675342153842,0.8424578531078735,2.0114687014939266e-07,2.0717314293809527e-07,0.00466816641646863,3.123161689956802e-07,1.9202563945681157e-08,4.555580516272601e-09,1.1900000169952668e-07,7.823350401853096e-09,9.349236488216548e-07,0.03102093096803252,5.411594392418475e-07,0.0066166108716591105,0.10553588846045148,5.7655923861141454e-08,0.0002471436363058431,2.0690691599279884e-07,0.00034976125494474487,1.0457793806813348e-06,8.691975150125434e-09
57,9.269069300466594e-07,3.055605914264158e-05,5.346666674425861e-06,7.3317582917143286e-06,0.01333267518444094,0.8291054168724096,2.558618940586851e-07,2.348005811851329e-07,0.005053097287668429,3.9165070688741557e-07,1.555193412307293e-08,6.992877446385257e-09,1.6604205272433692e-07,6.288539635304669e-09,6.67832324436817e-07,0.038918702423952296,6.716615356576536e-07,0.003803451552853798,0.10913510512507854,7.26817470756165e-08,0.0003365312272882161,2.2227862266778149e-07,0.0002669248862081182,1.2148661742489162e-06,7.5400711127303e-09
58,9.35274090215914e-07,3.5643461549987544e-05,1.9707196572432294e-06,7.460471198412768e-06,0.007769710205971255,0.8471568606432331,1.9451834203360825e-07,1.7653706817688462e-07,0.0038809362426545616,2.933536649829485e-07,1.2763393467764177e-08,3.93593275435972e-09,1.1234298306788301e-07,6.784002809363963e-09,7.676241439981734e-07,0.027671899719668915,5.506569930907864e-07,0.006123719552030144,0.10677495056425014,4.876656355492096e-08,0.00023488549279100795,1.9122530210988977e-07,0.00033735291964853887,1.3083542842780435e-06,7.870582121980507e-09
59,1.0234047399512743e-06,3.742546766299516e-05,2.5956840927253807e-06,8.28941548761386e-06,0.00899154413954846,0.8380276605477927,2.1319830194856851e-07,1.947105253165904e-07,0.004189030449052219,3.128569414618629e-07,1.4940154764901218e-08,4.392158208625552e-09,1.2667429149831344e-07,7.371899640329463e-09,8.099417494110353e-07,0.03104676623116297,6.08037557610086e-07,0.006074214419149072,0.11098240508582692,5.774555891505638e-08,0.0002753514751828422,2.0016588669714947e-07,0.0003597939734308031,1.3413902193890204e-06,8.28162559937298e-09
60,1.0573107957871533e-06,4.285254110763115e-05,2.252596412764846e-06,1.0023443580231054e-05,0.0095526286813699,0.8426285252929686,1.9729063682495913e-07,1.9264614522794815e-07,0.004852073837414676,2.9373139369185783e-07,1.994723293422858e-08,4.392357963441949e-09,1.0239859238655608e-07,8.200793254616427e-09,9.925823762763191e-07,0.02985565257713517,5.370881137596538e-07,0.006559141374970521,0.10586759859961804,5.550103777614142e-08,0.00025895570699056874,2.1023632222469887e-07,0.0003656382727371058,9.764498662395762e-07,9.300030662270855e-09
61,1.0683007584853679e-06,3.854279171640429e-05,2.620902553658259e-06,8.108850697733595e-06,0.009665103446212868,0.8349995391381525,2.1288071153093962e-07,1.851989690482162e-07,0.004463868992929477,3.0272298179224454e-07,1.577327022284315e-08,4.3534646847780125e-09,1.1616424502906152e-07,7.808358025621555e-09,8.515127161099903e-07,0.03030528365354112,6.034538804060994e-07,0.005872509576227961,0.11399029204675822,5.470060545325473e-08,0.0002832625170538258,1.9876297889378797e-07,0.0003659865538859503,1.2510823103276836e-06,8.815020426227222e-09
62,1.0573107957871533e-06,4.285254110763115e-05,2.252596412764846e-06,1.0023443580231054e-05,0.0095526286813699,0.8426285252929686,1.9729063682495913e-07,1.9264614522794815e-07,0.004852073837414676,2.9373139369185783e-07,1.994723293422858e-08,4.392357963441949e-09,1.0239859238655608e-07,8.200793254616427e-09,9.925823762763191e-07,0.02985565257713517,5.370881137596538e-07,0.006559141374970521,0.10586759859961804,5.550103777614142e-08,0.00025895570699056874,2.1023632222469887e-07,0.0003656382727371058,9.764498662395762e-07,9.300030662270855e-09
63,9.465368012941022e-07,5.6719682979643466e-05,1.945029211412578e-06,9.458220558723086e-06,0.008530324715674583,0.8426762740482421,1.5930969132672936e-07,1.7864019689475154e-07,0.004881067412353547,2.428298340474622e-07,1.847898775689731e-08,3.726106888970328e-09,8.426070368839527e-08,7.01168467889108e-09,1.0763230399808347e-06,0.025818234196589504,4.768094687874327e-07,0.006335703735485606,0.11110649352938629,4.5355847160595574e-08,0.00023759080195283742,2.2891028147471428e-07,0.00034186042366489986,8.505314933310826e-07,9.47976361424715e-09
64,8.8637197476167e-07,3.816393494495151e-05,2.8726953013436707e-06,8.729909038959826e-06,0.009286758511996238,0.8549811496817833,1.851093463753421e-07,1.5873198149823077e-07,0.004257433660158328,2.566667720315923e-07,1.7156483488702776e-08,4.713246651330428e-09,9.563548118620327e-08,7.500549401975507e-09,9.182911198578801e-07,0.031752210872114835,5.795643735846542e-07,0.005792971334222121,0.0930377020226091,5.677869193775816e-08,0.00041322617620152927,1.9505068504743296e-07,0.00042440414627965904,1.007354214366096e-06,8.130429255158096e-09
65,3.039016594977903e-06,3.6251922972571115e-05,4.373473026103386e-06,1.6907308592052135e-05,0.015319751334548978,0.7490431788773868,3.337303316595815e-07,5.404243312653428e-07,0.009231257477452674,7.90553578277352e-07,4.972675281168467e-08,6.664897743708031e-09,2.571498267507256e-07,1.0901008214014912e-08,1.2121672948784826e-06,0.04639266158736435,7.626360563708328e-07,0.006315388636696118,0.17316506680249036,8.236597120722051e-08,0.0001807220904518148,2.6640391969438896e-07,0.0002859921292926702,1.086741129957603e-06,9.878031537122466e-09
66,1.1013791310122423e-06,4.095564045792389e-05,2.4068790569808667e-06,9.995318597045013e-06,0.010059602909704996,0.8393319622018183,2.0595164617963314e-07,1.940607597624553e-07,0.004882224691074033,3.076504832906883e-07,2.0016407696875072e-08,4.428046356351042e-09,1.0968722366150535e-07,8.25864245491313e-09,9.467221234569226e-07,0.0306788054726835,5.562340201973538e-07,0.006431063182520632,0.10793203840138406,5.776307148844018e-08,0.00026105412624103047,2.0542664603831976e-07,0.00036515000897943456,1.0143648106351748e-06,9.224469978818407e-09
67,8.40651228840912e-07,4.168848004951802e-05,1.8795257603623863e-06,9.044901573545392e-06,0.00800515249112014,0.85985446182019,1.7501830843643075e-07,1.5546014961272844e-07,0.00413891728021401,2.4136241102568246e-07,1.6505146046362876e-08,3.931006263570818e-09,8.461615644676462e-08,7.381295204563462e-09,9.167546349925657e-07,0.026997741456670037,5.032134830138944e-07,0.006544641212715352,0.09375785848104572,5.0815057532590697e-08,0.00026564613792809204,1.9751711799848957e-07,0.00037883134208142085,9.347587342186769e-07,8.885922251285237e-09
68,1.1462117870692762e-07,1.418887923797951e-05,7.197917081021466e-07,2.907703475066389e-06,0.002645872094190277,0.9586039762326597,9.976397117582324e-08,1.0311294466481358e-07,0.0016270540784589496,1.1308636104825782e-07,5.1642633341520544e-09,4.872163560042185e-09,3.557111445874407e-08,2.197103115685861e-09,6.752259248798514e-07,0.012832795478502282,2.0172440482199698e-07,0.004775750111857082,0.018912052283586583,3.699808822551228e-08,0.0003492034469503152,1.2080054511443642e-07,0.0002334538016780055,5.097671075084109e-07,3.1925248967183127e-09
69,7.851393694356916e-07,4.471036048894553e-05,1.908086859733827e-06,1.8703706861967485e-05,0.01080442561415048,0.9005514140767589,1.51320220736911e-07,2.3646894871063864e-07,0.00909295245391996,4.1749018275318857e-07,7.913970868266584e-08,4.932915441739239e-09,7.2686796955058e-08,7.910565141633971e-09,2.473411467639729e-06,0.019032985253811932,5.056256820123654e-07,0.012169429363012688,0.04699803338427442,1.4402178896482181e-07,0.00043333440804583004,2.1769532552028465e-07,0.0008466175367737313,3.7638792683845604e-07,1.3524142639866099e-08
70,1.1769231124742104e-06,4.531744234865156e-05,2.2491092046951414e-06,9.571866061148572e-06,0.009913625436302838,0.8306170965091548,2.0604382764699145e-07,1.9811191285356123e-07,0.004826992132208458,2.9586086416863506e-07,1.960396301700161e-08,4.373844281756773e-09,1.0769693294263612e-07,8.932785902866547e-09,1.0230705462737383e-06,0.029457958274195215,6.041959739719377e-07,0.006988949109196548,0.11749153290144831,5.5075012326632996e-08,0.0002637251708510155,2.1871284512768344e-07,0.0003779479192717146,1.1054809622478586e-06,1.0047173345669108e-08
71,9.193300619973231e-07,7.78307847117667e-05,2.269631885141153e-06,1.115640016169681e-05,0.008144060673758858,0.8184419883434553,1.0579671212227273e-07,1.8122151475510035e-07,0.004518746325128243,1.90757372771257e-07,2.2274285501126258e-08,3.781826978927586e-09,7.767719905860983e-08,7.885479580399209e-09,1.4282354131802316e-06,0.02942314488756555,4.49181195652432e-07,0.007932830464903127,0.13074099551744675,4.992206955830007e-08,0.0003147900411991652,2.289544722136207e-07,0.0003877926714187889,7.207562185068091e-07,8.48454384453887e-09
