,0,1,2,3,4,5,6,7,8,9,10,11,12,13,14,15,16,17,18,19,20,21,22,23,24
0,8.75669287765063e-06,2.12152178681773e-06,7.361030352023725e-06,1.144308051747816e-06,7.342439915639042e-05,0.9855477093341021,0.0003114875398501123,1.1060581361725901e-08,0.00017478658061592395,1.0459345992415158e-05,0.0005029934060627953,1.366243314257728e-06,1.078425336368918e-09,0.0008602719320838708,0.0012380473618499204,0.010925570513793241,2.4534714113897945e-11,3.2796742022030353e-07,0.0001731219272493505,9.724474009915937e-08,2.2206882911587937e-05,5.850473833166452e-07,0.0001136634634368232,1.9305791446764173e-09,2.4483162848580875e-05
1,7.799816872826793e-06,3.711725398920829e-06,6.928721713026165e-06,2.1189706891791075e-06,7.623390519495278e-05,0.975169498489775,0.00039155560181948593,2.095188283591523e-08,0.00031565412902443194,2.8608871693110385e-05,0.00034210630761266137,1.0857108582190396e-06,9.361634331699422e-10,0.001195000995462702,0.0019140703303592234,0.019868219116281473,2.83634251087199e-11,2.881862841633824e-07,0.00041814427690701393,1.30913567845189e-07,4.8425685818726074e-05,8.967513315335197e-07,0.00014632234718174294,1.8389617931090708e-09,6.31753907821994e-05
2,1.49348546885354e-05,4.7347013510660475e-06,3.821664785242746e-06,1.6798368139842684e-06,5.7681569826616745e-05,0.9710805997091455,0.00039458021640584724,1.6352973020478655e-08,0.00012350034133209065,1.863018048402929e-05,0.00040946469242550616,1.443382040430714e-06,7.69411175755652e-10,0.0011376217874213448,0.003818831943515064,0.02202982862618277,7.477416829940805e-11,4.7316272868598846e-07,0.0003181791516431554,1.0749066302502563e-07,5.707199988980263e-05,1.9408451584495172e-06,0.0004395797276676856,2.699701254934528e-09,8.527421897156761e-05
3,1.1747961004041755e-05,4.434738435222503e-06,5.313538886166899e-06,2.0541908910116665e-06,7.217629394266568e-05,0.9812241759938336,0.0003733155387735136,1.3733173981065836e-08,0.00015279700364039206,1.815869530957042e-05,0.00048105748866226247,1.342387087275871e-06,9.201936107013872e-10,0.0012701294506351245,0.0019608914822848078,0.013795662786281098,4.043731761683211e-11,5.363072658719292e-07,0.0002596452508245696,9.568968422803985e-08,5.372105417833187e-05,1.0555631843747125e-06,0.00024472213142809134,2.4758946849318894e-09,6.694928406817202e-05
4,1.1329150975876989e-05,4.881679840650428e-06,5.913527186988833e-06,2.1543566465163358e-06,8.202051897214773e-05,0.9827608033296146,0.0003747798758287273,1.264020438164258e-08,0.00014786142919587844,1.8447150462570342e-05,0.00047770449751509734,1.3786556759567289e-06,1.237520943389929e-09,0.0014765113794557008,0.0017276889666876878,0.012335227643309998,3.995864307151177e-11,5.521084940850357e-07,0.0002385706466488331,9.895159016667763e-08,4.660467667227849e-05,1.0210056802632082e-06,0.0002274087317308336,2.597593039782993e-09,5.902520253805156e-05
5,9.905250011316944e-06,4.07243654511141e-06,4.343542056327571e-06,2.4518517416758446e-06,7.05313206314736e-05,0.9838041430325567,0.0003245613100036511,1.21240333284844e-08,0.00011283837314259433,1.8353238218854736e-05,0.0004637415223031616,1.1665538021902086e-06,8.489382296917215e-10,0.001227711405836639,0.0014124656988018845,0.011954159748449376,3.507004025807791e-11,6.773010691146538e-07,0.0002038562907355444,9.225732410451499e-08,5.859788488394396e-05,8.958488170612173e-07,0.000263547666243535,2.3446244635997657e-09,6.187211415949625e-05
6,1.1747961004041755e-05,4.434738435222503e-06,5.313538886166899e-06,2.0541908910116665e-06,7.217629394266568e-05,0.9812241759938336,0.0003733155387735136,1.3733173981065836e-08,0.00015279700364039206,1.815869530957042e-05,0.00048105748866226247,1.342387087275871e-06,9.201936107013872e-10,0.0012701294506351245,0.0019608914822848078,0.013795662786281098,4.043731761683211e-11,5.363072658719292e-07,0.0002596452508245696,9.568968422803985e-08,5.372105417833187e-05,1.0555631843747125e-06,0.00024472213142809134,2.4758946849318894e-09,6.694928406817202e-05
7,1.6851360404046083e-05,9.138169377258529e-06,1.3947704582739726e-05,2.596838271035618e-06,7.684478393936526e-05,0.9861169853573927,0.0008186415103437462,1.5619417118867184e-08,0.00038208698195928907,1.5459743425853432e-05,0.001169467888253892,1.6935658142144754e-06,3.5174996035037263e-09,0.0016320924396587924,0.002105991764650975,0.007168022402121589,4.20972874502536e-11,7.90170473564139e-07,0.00020384976187355053,1.884574442190578e-07,3.5161451989703895e-05,9.732985224455298e-07,0.00016834852714671053,5.401558856887629e-09,6.084324178124434e-05
8,2.6187527889018524e-05,8.269424142496637e-06,1.1444721889512474e-05,5.33406969393398e-06,0.00011130219652652247,0.9538037774037081,0.0007782639869009165,3.034575647312042e-08,0.00023780038578274771,5.154907190754853e-05,0.00032800234218698636,1.5180005418381572e-06,1.479955867597752e-09,0.002223986106772396,0.0034803519429058684,0.037585992746934596,8.505517864968832e-11,6.626429548430748e-07,0.00040541062105832617,1.5033785052135798e-07,0.00010749572606051893,1.3383194678349828e-06,0.00055066393008314,8.113194950403498e-09,0.00028045847077977294
9,2.6814735769057684e-05,1.358771940236706e-05,3.179468674225472e-05,7.168803122325981e-06,0.00018187622674248387,0.9681512882678136,0.0010161042321631803,3.6110107040996125e-08,0.000612116270228754,5.2988816684525875e-05,0.0005659233269851074,1.7384589699843923e-06,4.042313228691059e-09,0.002560183164312766,0.0033587092402513996,0.02237254280898691,8.104982791526119e-11,7.508646579842373e-07,0.0003791813748907075,2.2946103604881524e-07,8.146503988496447e-05,9.554271374944536e-07,0.0002993991121912622,1.5358220918234416e-08,0.0002851263703357531
10,1.1747961004041755e-05,4.434738435222503e-06,5.313538886166899e-06,2.0541908910116665e-06,7.217629394266568e-05,0.9812241759938336,0.0003733155387735136,1.3733173981065836e-08,0.00015279700364039206,1.815869530957042e-05,0.00048105748866226247,1.342387087275871e-06,9.201936107013872e-10,0.0012701294506351245,0.0019608914822848078,0.013795662786281098,4.043731761683211e-11,5.363072658719292e-07,0.0002596452508245696,9.568968422803985e-08,5.372105417833187e-05,1.0555631843747125e-06,0.00024472213142809134,2.4758946849318894e-09,6.694928406817202e-05
11,1.2126072551819597e-05,4.725814522462166e-06,5.660847554865214e-06,2.1473530693266755e-06,7.336655885400978e-05,0.9817513928019848,0.00038748329542340876,1.3864095365502323e-08,0.00015633719451559034,1.8318055366567813e-05,0.0004988916303259882,1.412263207059796e-06,1.0845967365165732e-09,0.0013415845211923966,0.0018949547458679676,0.013235091267426141,4.235190452183368e-11,5.743277605773136e-07,0.0002511360493679901,1.0424687815951454e-07,5.150670601974465e-05,1.0785088956305558e-06,0.00024549635062594077,2.6347488364912107e-09,6.659376279661932e-05
12,1.1367299175581139e-05,3.991930013627094e-06,3.8659072435465605e-06,1.8106360468032184e-06,7.134082274146486e-05,0.9822479013079127,0.00028611489424142626,9.640476057338772e-09,7.901550479638564e-05,1.557448575893658e-05,0.00040567640506415284,1.385378999266102e-06,8.062418375823073e-10,0.0013633624844452093,0.0015120803276703384,0.013390228914037456,4.1081502841616914e-11,6.282795088130951e-07,0.0001977209093686188,7.598693056786066e-08,5.098378433859635e-05,1.1196489573166396e-06,0.0003007761417873458,2.115708193002031e-09,5.4966347454161825e-05
13,2.560759242763716e-05,5.138590277107659e-06,1.4356947337223852e-05,2.417475559572236e-06,0.00011471621245934531,0.9787263919478828,0.0005164177188103236,2.5684844895362455e-08,0.000289202199889907,9.18908841561973e-06,0.0020664070067523354,6.616880269634482e-06,1.4708245849191412e-09,0.00222203434840331,0.0040109713947885815,0.011036255397185606,1.1677594002766135e-10,7.19859327042525e-07,0.0005324255196947694,1.4913968404061628e-07,9.036337845175267e-05,2.1243844504467964e-06,0.00024324742884797193,2.8513700023921115e-09,8.521736526943943e-05
14,0.00011577910759157045,1.9502100307005222e-06,1.5332827848229663e-05,3.4081623576506255e-06,6.827598719074883e-05,0.9378943386190209,0.0010678251723392328,3.4887877107241166e-08,0.0001570449886146906,6.775136351881522e-06,0.0009943301714596233,1.3225860960982423e-05,9.071808587154969e-10,0.0028445577742746233,0.006025267470424628,0.04861746963062065,2.3875417401115745e-10,8.772553806382787e-07,0.0005936954058176776,1.9372170740367352e-07,0.00010682866956102757,2.3375315000902213e-06,0.0011651722296411834,4.399039174815739e-09,0.0003052736344545524
15,1.1747961004041755e-05,4.434738435222503e-06,5.313538886166899e-06,2.0541908910116665e-06,7.217629394266568e-05,0.9812241759938336,0.0003733155387735136,1.3733173981065836e-08,0.00015279700364039206,1.815869530957042e-05,0.00048105748866226247,1.342387087275871e-06,9.201936107013872e-10,0.0012701294506351245,0.0019608914822848078,0.013795662786281098,4.043731761683211e-11,5.363072658719292e-07,0.0002596452508245696,9.568968422803985e-08,5.372105417833187e-05,1.0555631843747125e-06,0.00024472213142809134,2.4758946849318894e-09,6.694928406817202e-05
16,8.512529380222859e-06,3.6513830783725337e-06,2.6747814362815396e-06,2.207101328045454e-06,4.923726247385094e-05,0.9787112193518853,0.00029677821123121073,1.3872559738229669e-08,9.227833534130885e-05,2.9794104881159062e-05,0.0003239289968793594,1.1078779744595028e-06,4.914351351036341e-10,0.0011010169034091192,0.0012865260141366266,0.017423855148278322,3.356077753961213e-11,6.904399967254064e-07,0.00024910375842021306,8.463067080880269e-08,0.00010301766380196189,1.149626755285804e-06,0.00025044478906377385,1.600470424117539e-09,6.270509155156211e-05
17,1.4555261848454256e-05,3.957679297568096e-06,5.151853682713584e-06,3.4305243923016403e-06,6.779294910904613e-05,0.9817734178668559,0.0004046729542427102,1.073962848552094e-08,8.531412175502658e-05,1.5893267110481135e-05,0.0004738543599101469,1.7518785609731228e-06,1.0624745987208743e-09,0.0021912705300162045,0.00106659075207886,0.013194055221886734,3.548797304840403e-11,9.147110226020514e-07,0.00019061323397315862,1.0958468412094898e-07,6.219878768289015e-05,9.057681864851173e-07,0.00036083258306042856,2.1527287790446116e-09,8.270212032329027e-05
18,4.899855465668217e-05,9.268089897476309e-06,9.47975189278542e-06,3.657474415192781e-06,9.463962281333064e-05,0.9654326419664088,0.0007390351754382764,2.6081934462262616e-08,0.00017192487255155095,2.8710787920588344e-05,0.0005922047272331415,4.042360088824361e-06,1.6252734504276575e-09,0.0024897006256764764,0.0036415941893923115,0.02525915868646032,1.6377975744793866e-10,1.5779786712139245e-06,0.00044338471027704785,1.336820747955142e-07,0.0001422659502738731,3.1062143649755003e-06,0.0006359548457745664,7.878174801804532e-09,0.0002484839845552456
19,8.245246715112536e-06,4.41918518127239e-06,9.970861785053988e-06,2.1141750977684035e-06,0.0001074488155320821,0.9854042340829515,0.0003155463417583732,1.3293889163184179e-08,0.00025267206662291255,1.9901450185926455e-05,0.0004867458887091465,1.5900976935946496e-06,1.4547701164869863e-09,0.0015425226856908387,0.0014589780673429351,0.009932444948353762,3.073684974162073e-11,4.2464934117577826e-07,0.0002440456538129816,1.0906553075350738e-07,4.126298903082336e-05,8.952528072153451e-07,0.00011336766752912334,2.2115780124990995e-09,5.3043817353213005e-05
20,1.4340266363840545e-05,7.277980870980379e-06,5.75640169096253e-06,2.2421730800717658e-06,9.83785057427567e-05,0.9757403380917528,0.00039531876363062697,2.9458255192573682e-08,0.0002376121531798837,2.9499753349863706e-05,0.0005357242821561244,1.662250168701386e-06,9.500794267300806e-10,0.0012804820811151512,0.003994487703873804,0.016667032452883826,9.162434520282276e-11,6.352517195798195e-07,0.000511747912082174,1.149042121318321e-07,9.51110321589398e-05,2.9227737429201484e-06,0.0002866997368311866,3.68833400672811e-09,9.25813411008287e-05
21,1.323607709845767e-05,2.4332315984894227e-06,5.218774279701486e-06,2.14818483062961e-06,5.409949559704108e-05,0.9746712490061075,0.0004154998418806439,9.472009227376833e-09,7.485708900275179e-05,1.61411220428277e-05,0.0003500843168652396,2.0153196034089196e-06,1.1205924150904322e-09,0.0015205291370651692,0.0009428245680457256,0.021395374091295178,2.8550928581197717e-11,5.604700422736429e-07,0.0001602785749331583,1.2155569807191016e-07,4.383724874997204e-05,6.325665011216693e-07,0.00027883498370651495,1.8852209916426615e-09,5.001183868274388e-05
22,1.0825355433178868e-05,2.7227865682177497e-06,5.10962604996177e-06,1.6507186054989373e-06,5.638276943815362e-05,0.9817238397605138,0.000313050620467145,1.3062267271300938e-08,0.00010126944197737883,1.3716118642519158e-05,0.000555259063280748,1.635766360804883e-06,6.485688412328426e-10,0.0010338061926610373,0.001321136951596811,0.0143449748521331,4.305713177685343e-11,7.153731302934635e-07,0.0001858021987995691,1.1115654856208669e-07,6.262817984046085e-05,1.0751042134987478e-06,0.00022289197822129085,2.03258019755117e-09,4.1380199044537255e-05
23,1.1747961004041755e-05,4.434738435222503e-06,5.313538886166899e-06,2.0541908910116665e-06,7.217629394266568e-05,0.9812241759938336,0.0003733155387735136,1.3733173981065836e-08,0.00015279700364039206,1.815869530957042e-05,0.00048105748866226247,1.342387087275871e-06,9.201936107013872e-10,0.0012701294506351245,0.0019608914822848078,0.013795662786281098,4.043731761683211e-11,5.363072658719292e-07,0.0002596452508245696,9.568968422803985e-08,5.372105417833187e-05,1.0555631843747125e-06,0.00024472213142809134,2.4758946849318894e-09,6.694928406817202e-05
24,6.364783172019153e-06,4.51130842223473e-06,4.023378723552946e-06,2.595309334122857e-06,7.751347991357795e-05,0.9857938973036937,0.0002658696742865883,9.10454662741176e-09,0.00010610882561284099,2.0735374155439802e-05,0.00034955883169529204,9.509421659341705e-07,9.7291417658573e-10,0.0016552440827909702,0.001002980597414753,0.010214208240229259,2.0996638739472552e-11,5.181215149261985e-07,0.00020126911594134966,8.833928145695951e-08,4.6880358672385065e-05,7.580725696150608e-07,0.00019400868402175684,1.4571737902282882e-09,5.190362075679333e-05
25,1.9790408787554444e-05,3.803024215912545e-06,1.0631597958694602e-05,4.1817192316503274e-06,8.39997664200699e-05,0.976978596681695,0.0007894931000241398,3.440268120573869e-08,0.00021469401147431732,1.4884364786520137e-05,0.0014475777058428115,3.608106056397787e-06,1.6719106389509588e-09,0.0017950942282838093,0.0019174287215784475,0.01581292191986163,7.096717489939649e-11,1.0293977546305033e-06,0.0004032490051209523,2.547385355576035e-07,9.548827088888831e-05,1.2533190946262302e-06,0.00033588739753255764,3.6075179474855146e-09,6.609276177898073e-05
26,4.36567512053909e-05,7.341719345422252e-06,1.463050714595615e-05,3.0832431838113085e-06,0.00010149053766102958,0.9773229987538616,0.0007647253806466417,2.9475869988167542e-08,0.0002707203342405747,2.0386622719335333e-05,0.0008908408418762146,2.731678083008762e-06,2.351847722352666e-09,0.0012638796469213519,0.0030091062254830755,0.015419536515843197,1.4958468337794392e-10,1.5150401695878995e-06,0.0002573197217568438,1.5951530647574512e-07,7.602891464713476e-05,1.6798507043501553e-06,0.0004080941135547013,1.3622969708994076e-08,0.00012002848537202841
27,1.0794461591762125e-05,4.348030484069264e-06,4.505175215201663e-06,1.4993371701853703e-06,5.047924264202112e-05,0.9792700724721902,0.00033622239279323637,1.761525103428409e-08,0.00024376157945291737,2.177708928524806e-05,0.00034110937636361484,9.271987153904848e-07,6.02103835863398e-10,0.0008006962694412121,0.002966047976010139,0.015328325803677285,4.0907195568865504e-11,4.1002954958123515e-07,0.00027920746173481153,1.0360019941498375e-07,4.9294787145467106e-05,1.4587896264481878e-06,0.00020197870917924892,2.4035809669942123e-09,8.695955568944665e-05
28,1.1747961004041755e-05,4.434738435222503e-06,5.313538886166899e-06,2.0541908910116665e-06,7.217629394266568e-05,0.9812241759938336,0.0003733155387735136,1.3733173981065836e-08,0.00015279700364039206,1.815869530957042e-05,0.00048105748866226247,1.342387087275871e-06,9.201936107013872e-10,0.0012701294506351245,0.0019608914822848078,0.013795662786281098,4.043731761683211e-11,5.363072658719292e-07,0.0002596452508245696,9.568968422803985e-08,5.372105417833187e-05,1.0555631843747125e-06,0.00024472213142809134,2.4758946849318894e-09,6.694928406817202e-05
29,1.1747961004041755e-05,4.434738435222503e-06,5.313538886166899e-06,2.0541908910116665e-06,7.217629394266568e-05,0.9812241759938336,0.0003733155387735136,1.3733173981065836e-08,0.00015279700364039206,1.815869530957042e-05,0.00048105748866226247,1.342387087275871e-06,9.201936107013872e-10,0.0012701294506351245,0.0019608914822848078,0.013795662786281098,4.043731761683211e-11,5.363072658719292e-07,0.0002596452508245696,9.568968422803985e-08,5.372105417833187e-05,1.0555631843747125e-06,0.00024472213142809134,2.4758946849318894e-09,6.694928406817202e-05
30,1.1747961004041755e-05,4.434738435222503e-06,5.313538886166899e-06,2.0541908910116665e-06,7.217629394266568e-05,0.9812241759938336,0.0003733155387735136,1.3733173981065836e-08,0.00015279700364039206,1.815869530957042e-05,0.00048105748866226247,1.342387087275871e-06,9.201936107013872e-10,0.0012701294506351245,0.0019608914822848078,0.013795662786281098,4.043731761683211e-11,5.363072658719292e-07,0.0002596452508245696,9.568968422803985e-08,5.372105417833187e-05,1.0555631843747125e-06,0.00024472213142809134,2.4758946849318894e-09,6.694928406817202e-05
31,2.2078841441366024e-05,8.330334873181002e-06,1.3547433980511562e-05,4.327320204371349e-06,0.00015563591877466038,0.9750955933536198,0.0005353731143759268,2.7917181149219004e-08,0.0002508873143792669,3.19854883843731e-05,0.0005158898468554339,2.2717895067487926e-06,2.092996507317382e-09,0.00248986307020171,0.0018858881364486346,0.018071151606645713,6.52294949759404e-11,9.192097739102921e-07,0.00042820468006904986,1.55093608859522e-07,8.63416544725037e-05,1.3946057232137086e-06,0.00027356887465635214,5.791187752356139e-09,0.00012655644540935623
32,1.1822177270337283e-05,4.608426803240058e-06,5.4363831245226646e-06,2.0435080306993923e-06,7.60675272305755e-05,0.9800873972382315,0.00037100501571921536,1.595431342106949e-08,0.00017419050264141009,1.977085647440516e-05,0.0004708549858753148,1.4071959020343269e-06,9.194267150358526e-10,0.0012968414443116833,0.0021638893532360355,0.01463551798410971,4.459256554751501e-11,5.155731229806954e-07,0.00031404619405689936,9.923704170774148e-08,5.756879382771166e-05,1.2262554008750907e-06,0.000236708605156333,2.4279909860527893e-09,6.896339610922045e-05
33,1.57168358015559e-05,7.868402740374855e-06,4.0406127267292705e-06,1.6860303977640672e-06,0.0001123847769763843,0.9801102262028106,0.00031168416082635235,1.3182464500343673e-08,7.301337535873044e-05,1.783416408433695e-05,0.0004568778666753886,1.9042388633260424e-06,1.5578568675508296e-09,0.0019840855195120536,0.0020375121933649924,0.014074693586645821,8.265004899705162e-11,8.286582360114369e-07,0.00031328816921945437,9.349695397130573e-08,5.046020021964398e-05,3.080492088843045e-06,0.00038218657079774535,2.984725656937498e-09,4.0516638002665275e-05
34,7.80216834233382e-06,2.8417316608241155e-06,1.940561158658108e-06,2.542265588184986e-06,6.423307477145302e-05,0.9799554842561505,0.00024602896617527284,6.167389045892613e-09,1.63416105003356e-05,1.3056342391053296e-05,0.000458526194701634,1.382159812565698e-06,6.072214345639105e-10,0.0013598009916408514,0.0007860847540928647,0.016150218132607315,3.921048742852043e-11,9.921650510795548e-07,0.00010221618720274475,8.622094921713499e-08,6.869132193370666e-05,9.743531791616467e-07,0.0007268127551367865,1.7652297495921464e-09,3.393520790272319e-05
35,1.1175494522439285e-05,4.315893883207069e-06,5.173540141989679e-06,1.967493478342148e-06,7.223483319790825e-05,0.9812335055867416,0.00036567809430070416,1.2567737738423054e-08,0.00013773404231832938,1.7053411391626573e-05,0.0004826641641727472,1.3054367432461709e-06,9.045449402066594e-10,0.0012824944492487232,0.0019375117334787066,0.013838432080366845,3.881871641052209e-11,5.049287647034748e-07,0.00024492322302448817,9.301536580605777e-08,5.0422505735389865e-05,1.0141733951556456e-06,0.00025018599450417464,2.362263072945901e-09,6.15940318590855e-05
36,7.359359248917019e-05,1.2892174681723955e-05,3.8395365220110327e-05,5.885860529684068e-06,0.0004449623336421725,0.9265436553584074,0.0007533219005556231,9.88748052964534e-08,0.0008447562586743439,5.568139351483883e-05,0.0005870850247119907,1.3218282273567064e-05,4.5450301363363635e-09,0.005465040749355622,0.009727535494875742,0.05144866210127982,4.912686332606074e-10,6.018737480052113e-07,0.002897004367048216,1.9006555529780993e-07,0.00017711385241279075,5.375943085305229e-06,0.0004060296544053583,1.029297642733032e-08,0.0004988841494528048
37,5.470743786126463e-05,5.913930821064304e-06,1.3513487249655395e-05,2.5548409841830994e-06,9.806819514748286e-05,0.9722355613543686,0.0008003178698260604,1.536683818119389e-08,0.00012038005354707739,1.1753167259671725e-05,0.0007675770597822347,4.529772756390422e-06,1.9776438653915e-09,0.003306192934729753,0.0019263091328437748,0.01978372697913348,7.978039515764281e-11,1.2272260459123125e-06,0.00029268620240761493,1.2581640342301037e-07,6.503874010496276e-05,1.525046696439184e-06,0.00041261909724172837,5.409615294406522e-09,9.564882091158041e-05
38,1.8105235389569277e-05,2.6152449631800376e-05,3.8381620623954955e-05,1.8834869146819162e-05,0.0006826674059460236,0.9756124946037547,0.0003916970601004687,9.313588487012861e-08,0.001395297447429812,8.8386465480183e-05,0.0008526634905754437,3.3299684392256465e-06,5.454742497530471e-09,0.004333062646811716,0.0034104094025283584,0.010853375173368457,1.617476964235045e-10,1.0694313625088382e-06,0.0013800933965755512,2.479992285444852e-07,0.00019845871863695104,2.3136952739687326e-06,0.00020010552943595925,1.0763712626108201e-08,0.0004927438741725261
39,1.667749285233211e-05,1.0495212778644966e-05,6.9263345741719125e-06,2.180702059042037e-06,8.388806247921346e-05,0.9834329170236459,0.0005898965620976886,1.1111116189725957e-08,0.00021409457087416547,1.7156760586710455e-05,0.0006734245039831249,1.1696590710954298e-06,1.9193356701083276e-09,0.001842999260452603,0.0030930093236086844,0.009354068139921779,4.698271073416071e-11,6.208724889461091e-07,0.00025501749994300097,8.950446005315626e-08,3.9374347860824116e-05,1.3547938273948432e-06,0.0002837970106056216,4.26248692199541e-09,8.082502190764559e-05
40,1.3333718224766832e-05,4.6634981919062975e-06,5.531605217551947e-06,1.8629779657495812e-06,7.11541694383847e-05,0.9811051769780154,0.0003789329375952812,1.3416816848332188e-08,0.00015114790808972117,1.6872931576983987e-05,0.000489680409626988,1.495900550117783e-06,8.988317177975971e-10,0.0013726734448346082,0.002081197627842682,0.013670332256141298,4.3433711184638405e-11,5.583326643462209e-07,0.0002686656205822648,9.268005707990758e-08,5.411889210630952e-05,1.2390436822028987e-06,0.00024274229032201797,2.4493580749148617e-09,6.850996883381212e-05
41,3.507430422724191e-05,4.221355311804827e-06,2.2075347835945156e-06,3.484490614883909e-06,3.7486822653358534e-05,0.977786935510039,0.0008005935965326444,1.4154401080053287e-08,2.8781460790917705e-05,9.514756488044698e-06,0.001508752989456407,4.730929066746707e-06,1.1653891392257794e-09,0.0018188840451553718,0.0012464129690382385,0.014916650462514775,1.1068204325324262e-10,3.5296205940865816e-06,0.00023915397767757587,1.5826090975406378e-07,0.00012121742963657586,2.32664304146849e-06,0.001370169374623768,3.014753274676179e-09,5.969502161828893e-05
42,1.3515797174136349e-05,4.5013933565554705e-06,4.807132216449213e-06,1.5541849962406932e-06,6.717313335400483e-05,0.9505368910802793,0.00041292670937305204,4.9841934676965595e-08,0.0002364442900254414,3.231617242189327e-05,0.00043223627621505204,1.8636381261192523e-06,4.442678534822575e-10,0.0009314098289163262,0.005238143152303092,0.04069138549395111,1.0871259967723213e-10,4.1583010762100544e-07,0.000867537434773397,1.7373144789164653e-07,0.0001294125167562188,4.717815316224265e-06,0.0003161704185120625,2.38228815207684e-09,7.63511931744634e-05
43,2.784972445079386e-06,1.929181140505413e-06,1.188325893449109e-06,1.313368046061868e-06,5.333806852061153e-05,0.9790945676514851,0.00011300104755863482,1.6013123462823036e-08,8.721874818826093e-05,4.036912190285765e-05,0.00016181480294305182,4.1050079416583137e-07,1.7560467878432094e-10,0.00037357171108538557,0.0013221800630302061,0.018209630414912345,2.5600334866622836e-11,2.823809242882652e-07,0.00025391112309037915,5.0691707069623194e-08,7.973380130352056e-05,9.888254525468002e-07,0.00016629963134014514,9.717088782694107e-10,3.539838219904685e-05
44,1.1747961004041755e-05,4.434738435222503e-06,5.313538886166899e-06,2.0541908910116665e-06,7.217629394266568e-05,0.9812241759938336,0.0003733155387735136,1.3733173981065836e-08,0.00015279700364039206,1.815869530957042e-05,0.00048105748866226247,1.342387087275871e-06,9.201936107013872e-10,0.0012701294506351245,0.0019608914822848078,0.013795662786281098,4.043731761683211e-11,5.363072658719292e-07,0.0002596452508245696,9.568968422803985e-08,5.372105417833187e-05,1.0555631843747125e-06,0.00024472213142809134,2.4758946849318894e-09,6.694928406817202e-05
45,1.4390295645545061e-05,4.799259092390739e-06,7.610283790885136e-06,1.9419483412603816e-06,9.024608946208118e-05,0.9779111169810286,0.0004992603112520125,1.9153408030977517e-08,0.00022987037668788422,1.897856281601241e-05,0.0005657980711967559,1.5695105248624545e-06,1.3067209918592238e-09,0.0012739727373474892,0.002807635754056275,0.015883199720336198,5.212344173946185e-11,4.4085791872966664e-07,0.0003447379743225585,1.1024234181539964e-07,4.6748606438215305e-05,1.1882263493684817e-06,0.00023317761846501308,3.472828700969696e-09,6.318258750489892e-05
46,7.512420075355823e-05,1.0371200775839743e-05,1.4225538513675145e-05,4.85516726315637e-06,0.0001857438627519792,0.9574624135599314,0.0006388574875907494,7.699787656890745e-08,0.00023657772782226981,2.9673718484641776e-05,0.0013083835341802515,8.674057155513297e-06,2.8847216109543773e-09,0.0017070818169543133,0.006987678315729425,0.029235482116319406,8.901656173029124e-10,2.1617012791777737e-06,0.0007207509315749764,2.3262422450868746e-07,0.00022027532735086782,5.924709387071802e-06,0.0009334810309328611,1.8356946734732928e-08,0.0002119322413137929
47,5.021644499369672e-05,4.331734014001658e-06,6.866995505954006e-06,1.2272662230139014e-06,4.570444094739672e-05,0.9650803943024823,0.0005295912257331965,1.833447702267016e-08,0.00011032156650743867,1.3342337199053883e-05,0.0004939849394022458,5.451551442140447e-06,9.104090731183793e-10,0.0014742247384814345,0.00285163911647284,0.028463767793787106,1.2267576292473538e-10,1.1321512627368303e-06,0.0002938055983604549,1.5185829525299767e-07,8.090381177053054e-05,3.997523731963158e-06,0.0003922167380054107,3.604741451989032e-09,9.670489307845972e-05
48,3.590235973913635e-05,2.2200987010636014e-05,6.326597237336167e-06,3.8034084641936886e-06,0.00017947083135942644,0.9433092311004038,0.0009178393851059139,7.495520875538141e-08,0.0003032245599869412,7.029357264560057e-05,0.0005640313884487984,2.510801954777391e-06,2.8480587473210637e-09,0.00253579830271018,0.009699731128464083,0.03927779236547381,3.612231992131641e-10,8.831581542622772e-07,0.0019027085782981179,1.5458210508822148e-07,0.00016309500437711804,7.836582184553457e-06,0.0008351667852518384,1.0306798295252403e-08,0.00016191004933542775
49,8.404109107793588e-06,2.546937024511909e-06,4.392854579151345e-06,1.3502350543117154e-06,6.112651469620197e-05,0.9855573787630588,0.00022729556208836392,9.090472651685951e-09,9.237193526675647e-05,1.1558188657212768e-05,0.00043541396943583375,1.6359236288846294e-06,7.122357247218165e-10,0.0010490534952007466,0.0011980591828592007,0.010930240240669147,3.1528531131121645e-11,5.011042402780218e-07,0.00016324968612422866,9.049889250088816e-08,3.908945456250947e-05,1.019636521161783e-06,0.00017917373765613572,1.3988153672907525e-09,3.603673762390428e-05
50,9.00961274513262e-06,5.835587187124771e-06,5.1932127521231656e-06,2.4142143838899575e-06,7.498911333995524e-05,0.9651407938376042,0.0006919821400759226,2.0520654418510358e-08,0.00025886711444600164,5.038123437612146e-05,0.00019810688199697595,7.116062435940095e-07,1.0772559175594645e-09,0.0020953001062523845,0.0018118924812891178,0.028764740394621166,1.9358187328065872e-11,2.8037818782934765e-07,0.0005719022872302829,1.113518974067142e-07,4.873615570668992e-05,1.2017869069060313e-06,0.0001937797631360376,1.9680040388455777e-09,7.37471543485069e-05
51,7.556435731001294e-06,4.6469931721320685e-06,3.751745826790042e-06,3.2363343292100673e-06,6.146376309354342e-05,0.9881749756521548,0.0004136340487222197,1.4377556998655205e-08,0.00013724940107033475,2.3004861201409467e-05,0.0005803364259800138,1.0929171607581097e-06,8.453945096556712e-10,0.0016761490849670016,0.0009734429140436201,0.0073740321662322025,2.1118794910635287e-11,9.543019870107993e-07,0.00024268151275555968,9.531700710263967e-08,8.707999502325782e-05,1.056579161093504e-06,0.00018481515894459117,1.5831066657265707e-09,4.872756425924768e-05
52,2.157623623384822e-06,6.51754130732501e-07,6.403236576826039e-07,4.3281782133701563e-07,6.905802808917451e-06,0.9959426458332195,0.00011969969813342028,1.4898740464888201e-09,2.2997681780131344e-05,3.975778779673227e-06,0.0002286367798662169,2.2078291568403428e-07,2.21102064175157e-10,0.00020506505536253985,0.0002179036371575128,0.0031199327017842216,3.657979575726751e-12,5.688260231519727e-07,1.2548260407118761e-05,5.741723575587222e-08,8.424955769217414e-06,2.2700851008704925e-07,0.00010016891388833962,4.160167193954526e-10,6.136216474610213e-06
53,1.1808572441010719e-05,3.0561409113317817e-06,3.984780583151419e-06,1.6866952736128703e-06,1.830509840276785e-05,0.9766738343976459,0.0010766579810585883,1.0054808013802572e-08,0.0001360204808623327,1.108496592595968e-05,0.0006712168594800771,6.502910283170224e-07,7.729257265502367e-10,0.0007278192194072439,0.0023621978513624683,0.017642135447505244,2.3562775543974547e-11,4.918926968000002e-07,0.0001167806110018035,1.8082254546493424e-07,3.0173605977831076e-05,6.364974491773001e-07,0.00045781335068842296,2.8453197441676957e-09,5.345074113636075e-05
54,1.337492458396336e-05,5.9633473061695874e-06,5.463545994197527e-06,1.800469061328479e-06,3.744586282373185e-05,0.9681781441206557,0.0006245220593801754,7.684709729098809e-09,0.0001741065836260547,2.5278638040506826e-05,0.0001884006397299595,1.0027152920180902e-06,9.696988067937612e-10,0.0022665613962521724,0.0021339187393089654,0.025689934357730437,1.745048690100019e-11,2.859510705865821e-07,0.00024299230387922593,1.1425324683869006e-07,3.387148085878132e-05,1.0177167499241438e-06,0.00024092432712654536,1.5785159136491925e-09,0.000134866316907499
55,2.3305323289784362e-05,5.603225547581675e-06,1.4183818002048972e-05,3.2883658201460427e-06,7.584611398580122e-05,0.9849109976450448,0.0005558834849334554,1.8488366204380683e-08,0.0004777073484492019,1.6840811517619825e-05,0.0007354120765623112,3.04351560898547e-06,2.532486064469523e-09,0.0015399746255345922,0.0017962247698905635,0.009232003382328685,4.340303288155876e-11,8.696761422022809e-07,0.00026714472598947413,1.7466908504925346e-07,4.9466505380905436e-05,8.313664404111202e-07,0.00015246084459312576,4.098481082528293e-09,0.00013871254311689934
56,1.2682411069956974e-05,5.092783071366795e-06,6.00411658018394e-06,2.2194907787553356e-06,7.856388451827361e-05,0.9814734590378837,0.000400654224142207,1.4930090793922613e-08,0.00016741949216456372,1.9083214212020735e-05,0.0005200751796858333,1.461609239756571e-06,1.199893215278684e-09,0.0013559596593181289,0.001999968441871087,0.013323084047214577,4.6035874758386256e-11,5.85807092451825e-07,0.00026680975630519454,1.0822155155655364e-07,5.2580997676284924e-05,1.1141294496477088e-06,0.0002459661295270103,2.8941392609755707e-09,6.708829648808641e-05
57,1.4967339264586198e-05,5.231897989297695e-06,1.4402634221163807e-05,2.9103880864838264e-06,0.00021553427948337004,0.9663639353724998,0.00027930804748953366,4.338933767722388e-08,0.0003753465892836231,3.877939048443786e-05,0.00043701000354637483,4.452531325161077e-06,1.5292048883754722e-09,0.002007462389100647,0.0027865083113705015,0.026152129036924737,1.20336536514401e-10,4.5929183727827497e-07,0.0009173270505230211,1.5306737425776053e-07,0.00011114422132676188,2.45514733855035e-06,0.00016177566497859797,3.0074793117241104e-09,0.00010865929919309058
58,1.5305865668827342e-05,5.6225934610479125e-06,6.593080164709748e-06,2.3403804097292416e-06,8.632372656805345e-05,0.9794550951443852,0.00044300495617188976,1.727295035775281e-08,0.00017181685706726637,2.076081457159925e-05,0.0005615021806894038,1.5791827807055124e-06,1.1988002272755039e-09,0.0013449854994553882,0.0023623266694883633,0.014795669992984053,6.003101645203632e-11,6.691791254076831e-07,0.00028926392136362455,1.0640011324469265e-07,6.284379616631766e-05,1.2921418035808789e-06,0.0002945308603104836,3.836467843022299e-09,7.834438900177791e-05
59,1.6891866173601602e-05,5.270805736489809e-06,8.603387312467614e-06,2.4708002200194725e-06,9.118819930271585e-05,0.9781784644341136,0.00047735074776176513,1.842721037521828e-08,0.0001841035785547331,2.0034040759929213e-05,0.0005919589393290573,1.7577112523812685e-06,1.2704989184398642e-09,0.001379345643233607,0.0023068202357608386,0.0160303146962424,6.206812934275293e-11,7.055045523435115e-07,0.00026869808095422834,1.2200887435125388e-07,6.347691370055285e-05,1.2193430349615194e-06,0.0002884296638062591,4.479331649492759e-09,8.274916021473211e-05
60,1.1747961004041755e-05,4.434738435222503e-06,5.313538886166899e-06,2.0541908910116665e-06,7.217629394266568e-05,0.9812241759938336,0.0003733155387735136,1.3733173981065836e-08,0.00015279700364039206,1.815869530957042e-05,0.00048105748866226247,1.342387087275871e-06,9.201936107013872e-10,0.0012701294506351245,0.0019608914822848078,0.013795662786281098,4.043731761683211e-11,5.363072658719292e-07,0.0002596452508245696,9.568968422803985e-08,5.372105417833187e-05,1.0555631843747125e-06,0.00024472213142809134,2.4758946849318894e-09,6.694928406817202e-05
61,1.5092647135338976e-05,5.192885312068185e-06,8.754453152673462e-06,2.3406391303649166e-06,9.24797984072848e-05,0.9797973588939932,0.0004361147849154032,1.6834498430925508e-08,0.0001905938411120281,1.8541043306516136e-05,0.0006061251679354864,1.8039249532552466e-06,1.2414059056342273e-09,0.001440667484840987,0.002206882241331322,0.014518476589766875,5.5686875845616183e-11,6.380909768559138e-07,0.0002720261403971891,1.1859528899769444e-07,5.989890815375095e-05,1.185937350079666e-06,0.0002480847276379256,3.7191099992467172e-09,7.760135420141217e-05
62,1.1747961004041755e-05,4.434738435222503e-06,5.313538886166899e-06,2.0541908910116665e-06,7.217629394266568e-05,0.9812241759938336,0.0003733155387735136,1.3733173981065836e-08,0.00015279700364039206,1.815869530957042e-05,0.00048105748866226247,1.342387087275871e-06,9.201936107013872e-10,0.0012701294506351245,0.0019608914822848078,0.013795662786281098,4.043731761683211e-11,5.363072658719292e-07,0.0002596452508245696,9.568968422803985e-08,5.372105417833187e-05,1.0555631843747125e-06,0.00024472213142809134,2.4758946849318894e-09,6.694928406817202e-05
63,1.2519813096550704e-05,5.441959761034538e-06,5.510703403641332e-06,2.0607303150111757e-06,7.055847628093014e-05,0.9818826626159314,0.00040150002929103265,1.4278525429309632e-08,0.00016966508453238128,1.8907548813943764e-05,0.0005167958579830362,1.309571926584251e-06,1.0515919442471885e-09,0.0012744600138570466,0.0021611822656652517,0.012845791072360986,4.410848920590895e-11,5.890121404866295e-07,0.0002592844689173818,1.0340807729462412e-07,5.3624000988433694e-05,1.198708270628932e-06,0.00024663819670531364,2.8415829165169987e-09,7.017824587275752e-05
64,1.2583050960545592e-05,4.643162736928316e-06,5.25898556914247e-06,2.4581324060755636e-06,8.365325937365968e-05,0.9794123777772503,0.0003560328336010728,1.8620419203276425e-08,0.00014834732950195345,2.1836134502114184e-05,0.0005659875777596712,1.6253425032108924e-06,7.765486010544125e-10,0.0012363406109437295,0.0021728104780482367,0.015203885178400493,5.5800758397588874e-11,6.627215619247997e-07,0.0003257788497438069,9.472657654480836e-08,9.069494328980538e-05,1.229071489975415e-06,0.00027529329626442637,2.8100378805598524e-09,7.838427470998437e-05
65,2.6564303379568698e-06,5.528028712587843e-07,1.0335332793478536e-06,1.074408422527642e-06,4.749688656255569e-05,0.9893179638945822,5.622311251412466e-05,2.6499278223435305e-09,1.1739534324103103e-05,7.882514629514025e-06,0.00016359212508848306,1.214154724063101e-06,1.6945464758996268e-10,0.0008712234860523286,0.00021073303573788504,0.009040103264097656,9.179752127403872e-12,4.4884145201795155e-07,6.831692660041456e-05,3.0864944759035456e-08,4.161335900730155e-05,3.429048440632476e-07,0.0001415598497738111,2.4694465887505086e-10,1.4194994646637861e-05
66,1.162230947518248e-05,4.397500756144498e-06,5.314460353139128e-06,2.050924880686139e-06,7.199999377434404e-05,0.9812016753804959,0.00037251348647057713,1.3734776398946721e-08,0.0001534170270477146,1.8254061793642782e-05,0.0004763148836306017,1.338372021047429e-06,9.214348854831603e-10,0.0012689490466584704,0.0019384523790309804,0.013850449010889868,3.989734353677193e-11,5.312552397997693e-07,0.00025990632967645813,9.619081337535323e-08,5.335146195117183e-05,1.0480494846323881e-06,0.00024187583913477966,2.447621097957519e-09,6.642489269143653e-05
67,1.9723408328111416e-05,1.1562952296223462e-05,9.721456715451676e-06,3.15370988021759e-06,0.00016931267027561962,0.9774291798469683,0.000518884230480427,5.52161403822253e-08,0.0008310373538673227,4.980829632764059e-05,0.0006698144589618586,1.545375616693471e-06,1.425768413870861e-09,0.0013603363998224594,0.004589026564427687,0.012876996301265329,8.659764768086818e-11,6.121928787854598e-07,0.001052082753726771,8.752076916794566e-08,0.00012087377946802353,2.1910189318673016e-06,0.00015081851147829274,6.038662376526421e-09,0.00013316843034475776
68,1.4572948503264785e-05,7.857670345857537e-06,1.3049112053921368e-05,2.901074617560883e-06,0.00018492418555656422,0.9704977375960222,0.0005617443384765309,2.862486078515039e-08,0.00044059029699984695,3.588769932406167e-05,0.00044223124004232414,1.6374803254353553e-06,1.9079605710156603e-09,0.0025053158081086145,0.003328724637265211,0.020848224260632417,5.122547745348383e-11,3.164136782207767e-07,0.0007785654181081419,1.0555804271908988e-07,5.87551305658804e-05,1.3347499380693483e-06,0.00017888822565668183,3.735510033177509e-09,9.660183617948028e-05
69,1.5058212485856022e-05,5.380161132915006e-06,1.3177788269323956e-05,5.88975028118206e-06,8.805366324491512e-05,0.9664468689444767,0.0006005723072401609,3.789748058650177e-08,0.00032786244192416306,3.812400859980256e-05,0.0005225274510460664,1.7935309561738365e-06,1.482397169665714e-09,0.0013165243222604546,0.0023119135062523175,0.027326344566315736,6.824451974281237e-11,7.96254941926404e-07,0.0003380588476311128,3.163147397715819e-07,0.00010917882082409874,9.713060116492628e-07,0.0003394109857236254,5.9839020003337295e-09,0.0001911313836178119
70,1.1394375115620533e-05,7.1724549519593395e-06,3.37540201443426e-06,2.409994416203897e-06,0.00010638177115416961,0.9779331570827666,0.0004278273852079514,4.339843271415438e-08,0.00032175808475146697,3.51915269498712e-05,0.0007471861470189246,8.517363365063789e-07,9.299582004039762e-10,0.0005977670227640042,0.00489532386908056,0.013763613013126282,8.933685984984421e-11,5.891698366361097e-07,0.0006674812573632843,8.22006542097841e-08,9.581040687272599e-05,1.6781830331428702e-06,0.00031669233501747636,5.450575856839695e-09,6.420671326446163e-05
