,0,1,2,3,4,5,6,7,8,9,10,11,12,13,14,15,16,17,18,19,20,21,22,23,24
0,0.004957371504570449,4.242355892482137e-06,0.00014730971166228277,0.00018647344279228514,3.670751980536788e-06,0.29578557071459066,0.0012318481535676287,0.0031234409162211787,3.1731099098339836e-05,4.503058420556339e-05,0.0010385788658830429,0.0011032208155766254,6.483441808753563e-07,6.561254621186236e-07,0.0013761264031945959,0.38239799313400463,0.2747035149379136,0.0003369250301162924,0.0016536293144577769,1.5902357591776361e-07,0.00011987603034246053,6.142735807757832e-05,0.029154797939696678,4.0355961754148586e-05,0.002495401481182321
1,0.0025100684688051295,2.486680996556848e-06,0.00011076543774482853,9.911939867699063e-05,1.9008473334178603e-06,0.5913413378655348,0.0010166630269547263,0.002584421844812858,0.00010131054773661254,0.00010645920802157134,0.0007191966494952928,0.00046815959586324937,6.022713969005858e-07,9.05437730340062e-07,0.0023553949964907656,0.3072371996477235,0.06216188349307013,0.00027397422421387703,0.0024245496321027506,2.4785854377891933e-07,8.612447091685936e-05,8.774996165180614e-05,0.022981491917752388,3.557654915551744e-05,0.0032924099672753653
2,0.003399555603539276,4.159065022875382e-06,0.00012755979017448627,0.0001311679929004476,3.258276496725516e-06,0.5930292522407183,0.0011073018552861765,0.0033876857747061045,0.00013184121059316395,0.00011340588466392881,0.0012654150609525802,0.0007660349625302967,7.183127675062759e-07,1.748657171114949e-06,0.0038742715483833607,0.2729163026642902,0.08517267137678936,0.00027867645276291727,0.0022665901752905986,3.1144686023796125e-07,9.820778790758929e-05,0.0001430311590750489,0.026377733560339827,4.140643063770439e-05,0.005361692710140069
3,0.0036371142092056965,3.3392929828191695e-06,0.0001115864707891787,0.00011623536613871742,2.4771160378777324e-06,0.6062465751644774,0.0010271311902058876,0.0029686678576612427,9.025370703490793e-05,8.85994944330048e-05,0.0011229002684856341,0.0006489646595383277,6.413712117688518e-07,1.0624485217346663e-06,0.0027147263903802145,0.2568001744015733,0.09229727595119597,0.0002825949142520889,0.002189964357518948,2.2254271187152884e-07,9.254941515035394e-05,0.00011710308286834526,0.02570739332647035,3.404667309472154e-05,0.0036984003280595605
4,0.00391257827772452,3.6315580680834052e-06,0.00012537643670870803,0.00012137058963596868,2.8616407786889615e-06,0.5966640182669383,0.0011395397673551126,0.003209266718146789,0.00010115616863731607,9.477996302138342e-05,0.0012518987529132218,0.0007197858586216332,7.725988844167476e-07,1.2739161266613829e-06,0.002746320216476366,0.26113847844030974,0.09486001963324359,0.0003190476089184024,0.002349555321235111,2.6680188958236485e-07,0.00011024238897777679,0.00013178634300032126,0.026939709591051332,3.964032292246842e-05,0.004016622818414519
5,0.0034678115107989686,2.862658544615849e-06,0.00011938487499010264,0.00013615194999824976,2.71314658172042e-06,0.6190923950398458,0.0010215825336938574,0.0028490098953254973,8.410859298226004e-05,9.344780840944015e-05,0.0010688151358004944,0.0005551245932160271,6.563265697821505e-07,1.0638330433039417e-06,0.002221423752655771,0.24122718527287879,0.09060693953689851,0.00038629756599759067,0.002178565220537783,2.6283947628230994e-07,0.00010332718797920707,9.21111582844411e-05,0.031688137434904506,3.7404190061468296e-05,0.002963217940525407
6,0.0036371142092056965,3.3392929828191695e-06,0.0001115864707891787,0.00011623536613871742,2.4771160378777324e-06,0.6062465751644774,0.0010271311902058876,0.0029686678576612427,9.025370703490793e-05,8.85994944330048e-05,0.0011229002684856341,0.0006489646595383277,6.413712117688518e-07,1.0624485217346663e-06,0.0027147263903802145,0.2568001744015733,0.09229727595119597,0.0002825949142520889,0.002189964357518948,2.2254271187152884e-07,9.254941515035394e-05,0.00011710308286834526,0.02570739332647035,3.404667309472154e-05,0.0036984003280595605
7,0.009521244347750252,3.1487738660232228e-06,0.00015012116668248985,9.688085441982247e-05,2.318535407424414e-06,0.6531346178014538,0.0011486861126704857,0.004806822972598711,7.08170576747185e-05,8.06421440977892e-05,0.002136053698497451,0.0007088447759072415,1.218675975830958e-06,8.006081835263491e-07,0.002603897100462923,0.2136693161871656,0.08986326255022624,0.00039883312450275324,0.002359186163609516,2.232928535340221e-07,0.00010583855903557068,0.00019452018876852474,0.01641414618696928,2.2930146756555194e-05,0.0025056289744639798
8,0.003498792603352734,3.177682411178682e-06,0.00018150742324111378,0.00011767572804841759,2.260597966725158e-06,0.5381933006252674,0.000576212268058771,0.0017004827550203326,8.612697027674044e-05,0.00010955512178427142,0.0007210839067579965,0.0006578152459426772,5.037180248251046e-07,1.1284754358566125e-06,0.0024680054086903195,0.30074383404659033,0.10958126106826559,0.00018368540730150166,0.0010315098922864978,2.6799469837775155e-07,5.371001061681886e-05,7.186137293789619e-05,0.03424251312475558,6.503012150777421e-05,0.005708698430760112
9,0.001871676340713486,3.6925877357437785e-06,0.00017863539960898285,0.00011275085019625283,1.920269639774008e-06,0.46315083507343857,0.000576548540607488,0.002075838027644672,9.744598168411694e-05,0.0001752442274276329,0.0005517550824470017,0.0005215545659326251,4.91648170682942e-07,1.60807529552887e-06,0.0023883443797842094,0.3965162636949245,0.09200061072268528,0.000206309988613582,0.0014235966170620285,3.800563641187044e-07,6.878878878797345e-05,6.721319242078355e-05,0.03181230647305147,6.531851672811657e-05,0.006130870899035239
10,0.0036371142092056965,3.3392929828191695e-06,0.0001115864707891787,0.00011623536613871742,2.4771160378777324e-06,0.6062465751644774,0.0010271311902058876,0.0029686678576612427,9.025370703490793e-05,8.85994944330048e-05,0.0011229002684856341,0.0006489646595383277,6.413712117688518e-07,1.0624485217346663e-06,0.0027147263903802145,0.2568001744015733,0.09229727595119597,0.0002825949142520889,0.002189964357518948,2.2254271187152884e-07,9.254941515035394e-05,0.00011710308286834526,0.02570739332647035,3.404667309472154e-05,0.0036984003280595605
11,0.003920979757469804,3.45305124635137e-06,0.00011734458769836299,0.00012010466446755024,2.6584966188616505e-06,0.5955876177771966,0.0010812860220201532,0.0030619131439661123,9.395462529957852e-05,8.95914865191909e-05,0.001179261407034735,0.0006994358921090015,7.328057020767424e-07,1.109654291546264e-06,0.0027287395937858174,0.26516235594091214,0.0938233277487646,0.0002994346022957964,0.00225470953439057,2.4572737650341024e-07,9.813268694141283e-05,0.00012623447892993754,0.025750222286872196,3.747730535266412e-05,0.003759676722738385
12,0.0038092817774460063,3.4515219086874348e-06,0.0001233265250678331,0.00011861038139090533,2.9481252184349696e-06,0.610606164149196,0.0010526806883070126,0.002809911643460343,9.648032030481819e-05,8.85964772492784e-05,0.0012082121150591271,0.0006682857755999453,6.653762844942007e-07,1.184719522040749e-06,0.0026856504693717194,0.24241598552231466,0.09947819801372307,0.00028619096597045106,0.002045224133017821,2.420596932978678e-07,0.00010057276787491665,0.00011767090395630234,0.028222196492989033,3.922325033403312e-05,0.004019045824739815
13,0.010961974643489544,1.0799402890973151e-05,0.000178938187230314,0.0001568387755271832,7.5065098704589306e-06,0.5005524105286531,0.0018716787768797674,0.011716977871534584,0.0001891941646727473,9.363952644544808e-05,0.0074912887244460175,0.0033081117078881672,1.5218865259222397e-06,5.731727444647363e-06,0.008099401873338725,0.24986028110586597,0.16718424187229558,0.00042393916778274844,0.003322843072449794,3.4019997595942263e-07,0.0002148535989714252,0.0006308370007312676,0.02067328527825133,4.084052876434984e-05,0.013002523868074212
14,0.003990346215734125,1.0263974606013975e-05,0.00015135052323117293,0.00020433538666298764,1.1887665325809498e-05,0.5327123044918707,0.0013019554879346823,0.003876178508810559,6.128922765840005e-05,0.00013762142382735861,0.003939228411241443,0.0006117857216643564,1.2995083458057326e-06,2.0043716182998196e-06,0.0018934875998156536,0.16620095839511703,0.2391684391183134,0.0007486920251189977,0.005691963981064815,3.6773763526834796e-07,0.0005198829697798376,0.00016128672332244462,0.03569101276383802,5.0699660342213504e-05,0.0028613581071207273
15,0.0036371142092056965,3.3392929828191695e-06,0.0001115864707891787,0.00011623536613871742,2.4771160378777324e-06,0.6062465751644774,0.0010271311902058876,0.0029686678576612427,9.025370703490793e-05,8.85994944330048e-05,0.0011229002684856341,0.0006489646595383277,6.413712117688518e-07,1.0624485217346663e-06,0.0027147263903802145,0.2568001744015733,0.09229727595119597,0.0002825949142520889,0.002189964357518948,2.2254271187152884e-07,9.254941515035394e-05,0.00011710308286834526,0.02570739332647035,3.404667309472154e-05,0.0036984003280595605
16,0.006232104016545544,4.794148632860677e-06,0.00012659942102370293,0.00013260612698158894,2.9127220562633612e-06,0.5543093589210737,0.00128026188990491,0.00496553554836944,0.00010497115453883371,8.639858001561382e-05,0.002024779217507043,0.0012535306936075712,8.925073106496543e-07,1.6843080850758598e-06,0.004232188746112475,0.28231922705031937,0.11202826497571107,0.00034983967715415063,0.0027276052481008803,2.2354144308207249e-07,0.00011159113311736045,0.00021594290797957683,0.022105438034086895,3.190119466331406e-05,0.005351348235659071
17,0.006949540014684326,4.052496075057331e-06,0.0001819806455642691,0.00012708568209344104,5.6445287392487914e-06,0.577610234899858,0.0018231344133102063,0.003521126634865139,0.00011790763605033201,6.433514028071542e-05,0.0023581434789452394,0.0012511087370711215,1.1344319905357186e-06,1.867977701018388e-06,0.0020880995187924894,0.20815648876920348,0.15041773264899228,0.00046485364312382025,0.0020285471755762913,3.110341061683695e-07,0.000201605456179601,0.00016328162832081092,0.03752186541168058,6.282586275373585e-05,0.004877092134041961
18,0.00293893645417467,4.6693916995118825e-06,0.00015203439064729652,9.196452683334269e-05,2.375398334469891e-06,0.4266749155536763,0.0011563398800110824,0.00219234060102188,0.00010928166350138175,9.661403548574982e-05,0.0009336446998708461,0.0009622003185369432,6.414981610949555e-07,1.919491625128845e-06,0.003104172324442834,0.3864337564403186,0.13040884625850194,0.00023061834408006675,0.0022793159918529536,2.6243482047593565e-07,0.00013155903639175412,0.00011111581148179446,0.03333141591102283,6.2235519333631e-05,0.00858882402417328
19,0.00207775770417884,3.178149825517286e-06,7.629348590485686e-05,0.00014963327181217794,2.5971910609124083e-06,0.6817552199399083,0.0008502107282689542,0.0020669271431943323,0.00010918430736429827,9.747985035346137e-05,0.0006197389925664918,0.0005354553253191352,5.09970837058917e-07,8.344759280729731e-07,0.002797644088778322,0.22266534548115507,0.059587181036681855,0.00017169712918266913,0.0017330344315044308,2.1353033974903875e-07,4.8220104975267895e-05,9.89070884416934e-05,0.021510765172440237,3.25940715589632e-05,0.003009377328419298
20,0.003822151231278291,4.226281978593339e-06,8.757227187016342e-05,0.0001196270219751286,2.689287052234802e-06,0.673717584291984,0.0009989622585164985,0.004192017196165242,0.00011592230959081061,0.00010514749035953075,0.0015075323501087402,0.0006631342295645982,8.130139722501619e-07,1.3718487464474872e-06,0.003934647162918677,0.21067361227969567,0.0742023575639187,0.00026230430559033346,0.0026938443140572537,2.554691972679295e-07,9.150917366035195e-05,0.00023233079066153103,0.018815950450670985,2.6006790293047165e-05,0.003728430616173646
21,0.006011270193693049,3.4824225919732648e-06,0.00024404879451769734,0.00012057387423618297,2.901727498847763e-06,0.39335703277962053,0.0014145018039926473,0.003590437656983217,8.07843107576754e-05,7.719952168248453e-05,0.0013782165150722726,0.001345090584129608,1.006083831846825e-06,1.6093941851219352e-06,0.0017706238391037093,0.4052396601803388,0.145141173094497,0.0005048988003322846,0.0017514812360947911,3.300896735764912e-07,0.00014721080286713597,9.351175159655636e-05,0.03247584997459505,6.704192492650133e-05,0.005180062643181287
22,0.005260041140057516,3.2909530042889557e-06,0.00015625949035452379,0.00011733298283407738,1.9885234910816856e-06,0.5674931658038515,0.0007840318216514556,0.003967017387830878,4.55776997849638e-05,0.00010019272931451378,0.0013748609647529508,0.0004742629715446198,7.158672456731375e-07,9.501427790169432e-07,0.001764667479989394,0.2292342815379075,0.15578238010584822,0.00043592513968909356,0.002200110086212934,2.1629400199771198e-07,0.00013221818133882365,0.00011519860968854296,0.0282103626743844,2.426907230008209e-05,0.0023206823401419833
23,0.0036371142092056965,3.3392929828191695e-06,0.0001115864707891787,0.00011623536613871742,2.4771160378777324e-06,0.6062465751644774,0.0010271311902058876,0.0029686678576612427,9.025370703490793e-05,8.85994944330048e-05,0.0011229002684856341,0.0006489646595383277,6.413712117688518e-07,1.0624485217346663e-06,0.0027147263903802145,0.2568001744015733,0.09229727595119597,0.0002825949142520889,0.002189964357518948,2.2254271187152884e-07,9.254941515035394e-05,0.00011710308286834526,0.02570739332647035,3.404667309472154e-05,0.0036984003280595605
24,0.002536227608353104,4.0759968429924564e-06,8.687168238101117e-05,0.0001644878441026163,2.5136933589304708e-06,0.5739679727188841,0.0009492185337919706,0.003240556646446521,7.489088889479997e-05,0.00010564567888661435,0.0009455722092674755,0.0005758413582135084,5.596779008409548e-07,1.0832998382634892e-06,0.0027688752029526365,0.27617596711868375,0.10301756609413909,0.00031872453967866265,0.002895567682671362,2.1882218561555455e-07,9.72740540461727e-05,0.00010570965834761022,0.028861849187512525,2.9743610247724887e-05,0.0030729861923722832
25,0.007659369871522361,4.526827361384419e-06,0.00018094048052694404,0.0001898119198775837,5.499057325653123e-06,0.5244450680255531,0.002183843789577773,0.010773427208545823,9.447024513392559e-05,7.732313708091004e-05,0.0034255474450729712,0.0014156408200520906,1.2560671414332995e-06,2.3478171338089465e-06,0.0021463224407135724,0.2559729142164031,0.1535776217650008,0.0009031991608644357,0.0028183889587891846,3.491345369543808e-07,0.0002487484089557156,0.0001976408299502131,0.030196992968113647,3.33524390847642e-05,0.0034453969656817827
26,0.0033615202567839645,1.6942713487182927e-06,0.0001539924814753033,0.00010611787311259745,2.757143363417043e-06,0.6626045482459253,0.0008331862573067654,0.0014183329484718022,9.125054392002939e-05,7.621202025549667e-05,0.0007495419119352359,0.00042389901567584077,5.092179547609237e-07,8.025297627157191e-07,0.0013784644218230817,0.19948322163422258,0.07948511852081808,0.00032775722595310873,0.0011285771321277388,2.7945749569851277e-07,7.704654868121543e-05,4.76586978417918e-05,0.0452425489908498,6.487109927757808e-05,0.002940091553617395
27,0.0029630484704230575,3.0346807090022245e-06,7.324207414587794e-05,0.0001030255028304818,2.1176607019556337e-06,0.7046719104178655,0.0008654656804840835,0.0029107977816744146,0.00013489938167340565,9.187271318144022e-05,0.0009521151645017141,0.0005948460471476934,5.847778162363317e-07,9.648521148065535e-07,0.003513750508253463,0.21159389206714008,0.04869916077569544,0.00018666874818618184,0.002017417926197479,2.058198214104077e-07,5.2812015681694396e-05,0.0001643211174196012,0.01673116653589822,2.8197502215431085e-05,0.003644481778221311
28,0.0036371142092056965,3.3392929828191695e-06,0.0001115864707891787,0.00011623536613871742,2.4771160378777324e-06,0.6062465751644774,0.0010271311902058876,0.0029686678576612427,9.025370703490793e-05,8.85994944330048e-05,0.0011229002684856341,0.0006489646595383277,6.413712117688518e-07,1.0624485217346663e-06,0.0027147263903802145,0.2568001744015733,0.09229727595119597,0.0002825949142520889,0.002189964357518948,2.2254271187152884e-07,9.254941515035394e-05,0.00011710308286834526,0.02570739332647035,3.404667309472154e-05,0.0036984003280595605
29,0.0036371142092056965,3.3392929828191695e-06,0.0001115864707891787,0.00011623536613871742,2.4771160378777324e-06,0.6062465751644774,0.0010271311902058876,0.0029686678576612427,9.025370703490793e-05,8.85994944330048e-05,0.0011229002684856341,0.0006489646595383277,6.413712117688518e-07,1.0624485217346663e-06,0.0027147263903802145,0.2568001744015733,0.09229727595119597,0.0002825949142520889,0.002189964357518948,2.2254271187152884e-07,9.254941515035394e-05,0.00011710308286834526,0.02570739332647035,3.404667309472154e-05,0.0036984003280595605
30,0.0036371142092056965,3.3392929828191695e-06,0.0001115864707891787,0.00011623536613871742,2.4771160378777324e-06,0.6062465751644774,0.0010271311902058876,0.0029686678576612427,9.025370703490793e-05,8.85994944330048e-05,0.0011229002684856341,0.0006489646595383277,6.413712117688518e-07,1.0624485217346663e-06,0.0027147263903802145,0.2568001744015733,0.09229727595119597,0.0002825949142520889,0.002189964357518948,2.2254271187152884e-07,9.254941515035394e-05,0.00011710308286834526,0.02570739332647035,3.404667309472154e-05,0.0036984003280595605
31,0.005094528020170714,3.6535521150094458e-06,0.000161622833552109,0.00010608051549919704,1.619350720086441e-06,0.4754186324345894,0.000985783295528831,0.0049435436520966144,5.583870961499528e-05,9.288713893502404e-05,0.0011270619780275972,0.0007193448876488618,7.028586094509394e-07,9.892046556850824e-07,0.0018755634418450287,0.35220458762569723,0.12881955430350334,0.00037133297892200925,0.00203049008732153,2.0637554247310967e-07,0.00010520405804382644,0.00011368920612815545,0.022503043027379755,2.6971481638742164e-05,0.0032370689822143043
32,0.0032712181112299374,3.2437634112960678e-06,0.00010225003299927892,0.00011784227505399857,2.374041398079926e-06,0.6036593281388785,0.0010195964040450249,0.0028877344792391235,8.846205854745162e-05,9.238056863569904e-05,0.0010397969668849327,0.0005769720339092127,6.333544876998128e-07,1.0001645334110475e-06,0.002797973375452336,0.26382026285103044,0.0881988313285161,0.0002872579215633544,0.002546945246965594,2.21599478531953e-07,9.717291451306568e-05,0.00011417882250842551,0.02580780194381155,3.2847575525230296e-05,0.003433674027381937
33,0.006413096533833298,4.467136402844233e-06,9.777143257977191e-05,0.00015506809221868688,2.5761454188056833e-06,0.38698907432771956,0.0013955666486273601,0.0061865741215756795,4.2222609352473675e-05,5.154242647617131e-05,0.0019034207804801162,0.0014300997309885381,1.0523213421883174e-06,8.977334064419213e-07,0.0016410002876350567,0.36495792847900066,0.2015845963242484,0.000525291095050947,0.00288696588959716,1.820354735428091e-07,0.00014620492802243533,0.00017912475703553573,0.0209245106303774,2.835053177345795e-05,0.0024524150013634665
34,0.0054257943313640025,2.6191241840619944e-06,0.0001153685633424891,0.00011236283301159854,2.731161569064377e-06,0.6537550347993494,0.0010994443848985158,0.0032266848987209935,9.272680851480287e-05,7.692019896621498e-05,0.0014893718549358424,0.0006046577799883997,7.182121359519784e-07,9.086722896408317e-07,0.0029598054691470795,0.21800237789173094,0.08171706307830645,0.00035950863630842053,0.002479450964904103,2.0486823027531553e-07,0.00010098793621503453,0.0001265456323052413,0.02506374817683665,3.1423634415589826e-05,0.003153540088329213
35,0.003299864348544034,3.6790851349525836e-06,0.00011653678717750959,0.00012593535399735327,2.9724929511016137e-06,0.6111673936484813,0.0010274024400109296,0.0027669290722933987,9.694238186829884e-05,9.483014520444334e-05,0.001166516994461306,0.000635534725098883,6.278971013778546e-07,1.248184006976271e-06,0.0030827377747655337,0.24335991450247632,0.09706154064656622,0.0002644818953619846,0.0021904334601702165,2.4538760884415235e-07,0.00010087270830269645,0.00011311232239228406,0.02909435615009671,3.723951227503704e-05,0.004188652083652495
36,0.0028825605484785245,3.079656392685354e-06,6.653297172815575e-05,0.00010298535527803352,8.677888471457256e-07,0.5329696118412356,0.0009503742790631521,0.0052188287806466584,7.413627054025559e-05,9.323646320028928e-05,0.000628372501679998,0.0007226217375891971,5.603837534004131e-07,8.299887932206799e-07,0.0023837313093199516,0.3610996073208965,0.07454705226573008,0.0002463258930548978,0.0021906495429034525,1.6104381071323234e-07,4.4394833442722784e-05,0.00017597274830260476,0.013067455252911397,1.4002929989512717e-05,0.0025160482924116994
37,0.00745717860633915,2.9446281560044264e-06,0.0002546681578389667,0.00010649920946426891,3.955710491820839e-06,0.5138992782012058,0.0015563175929931303,0.0025232889417648326,0.00010361416349371576,7.309278095844503e-05,0.001547004201353722,0.0010703871251153518,1.164103670383096e-06,1.3714611668777242e-06,0.0017457714088950755,0.29685086970710706,0.12928374363816325,0.0004890617015858279,0.0017078106967856961,3.476858799694585e-07,0.00015859169986304176,0.00010070564517802147,0.03618225190384118,8.30865197156243e-05,0.004796994508972741
38,0.002912162431858177,2.102587906561203e-06,8.507273389610028e-05,9.855113402896841e-05,1.3681820910768854e-06,0.613037194468445,0.0009157394732656152,0.0023022214858310313,6.391298379923544e-05,8.053805566144998e-05,0.000634160027936846,0.0003779242596438042,5.296635296230955e-07,5.498850686726086e-07,0.002164347944483007,0.2788036879882809,0.07022266302109761,0.0002771966678466978,0.0023770184259652165,1.7491417363073815e-07,7.439979223287208e-05,7.854040405068605e-05,0.02332440489972374,2.4324108870941237e-05,0.0021412144603124746
39,0.005002571851654367,6.663687227463034e-05,0.0004096632067366004,0.0015449166296842896,0.00013245526122312385,0.5482937909036774,0.00025704979070867255,0.00020501629592697024,0.004437010388394761,0.0015272545347743845,0.0035317025421150437,0.00033768828483766045,1.6650581230957096e-06,7.645644049495676e-05,0.06241475968176773,0.03276171673630424,0.06528442223346459,0.0003488114711485904,0.002888240953708464,1.93920124418873e-06,0.00010091272501259264,0.0001593692695465135,0.22946248644488126,0.0008684064632807011,0.039885056759015214
40,0.0035386272142362584,3.2851825447451274e-06,0.00010987449005172573,0.0001167580602508025,2.4533628371484305e-06,0.6035762571216332,0.001026782595754589,0.0029539761243829606,8.924090212884609e-05,8.884341345825283e-05,0.0011001983094543638,0.0006336638814326875,6.335620520360415e-07,1.0450541865937663e-06,0.0026735282000015033,0.25989697790460464,0.09176361310577169,0.00028739679714398866,0.002229653404751405,2.230515069268688e-07,9.322863808704578e-05,0.00011379723307367656,0.02604104121237831,3.4127579455577034e-05,0.003624773598821047
41,0.0020247903869218325,1.2751631384619243e-06,4.135419553368902e-05,0.00016654615749363882,3.2099451256828543e-06,0.8580048351710334,0.0005038429090790632,0.001249954107033038,0.00012756492141033398,5.8325133944510914e-05,0.0005907902265060361,0.00029392301350630564,2.1422384498897755e-07,3.5332271858049704e-07,0.004579555661436636,0.0917270308839099,0.02155529530726627,0.00010241248427614609,0.0010708884115778843,1.0384202432556935e-07,1.397308997333488e-05,5.114218233299173e-05,0.016048135588612764,1.797201850518476e-05,0.0017665116527949942
42,0.002957208220181711,3.7135939181124767e-06,5.868877441251179e-05,9.329159458469943e-05,1.5652414935617693e-06,0.6198810339930472,0.0009055773459697896,0.003957400517036362,8.103026574799956e-05,8.780222021111167e-05,0.0008818944862345968,0.0005384252839690126,7.042531106887982e-07,6.460306263577157e-07,0.002767470371250691,0.27793851668786657,0.07258828715597279,0.00017296265089031775,0.0028649018184959425,1.632561661628894e-07,6.577748125652232e-05,0.00023705485826428267,0.011466604133838283,1.816866115010752e-05,0.0024311111043045577
43,0.00166497351334629,2.177369363503774e-06,6.89881919906462e-05,9.712439867005682e-05,1.40567593251929e-06,0.753488042897472,0.0005335946189561332,0.0022425458605629446,7.936599669262811e-05,0.00013909105536739192,0.0005179260138458104,0.00018427317383091387,4.156902434892717e-07,6.295005694682648e-07,0.0024889835671887497,0.1740359096309855,0.042562211488357975,0.0001782016692732724,0.002202253530461494,1.9421450472600724e-07,5.7536656711090746e-05,9.51854411134476e-05,0.017505937319650226,1.8135605974336565e-05,0.0018348969189356929
44,0.0036371142092056965,3.3392929828191695e-06,0.0001115864707891787,0.00011623536613871742,2.4771160378777324e-06,0.6062465751644774,0.0010271311902058876,0.0029686678576612427,9.025370703490793e-05,8.85994944330048e-05,0.0011229002684856341,0.0006489646595383277,6.413712117688518e-07,1.0624485217346663e-06,0.0027147263903802145,0.2568001744015733,0.09229727595119597,0.0002825949142520889,0.002189964357518948,2.2254271187152884e-07,9.254941515035394e-05,0.00011710308286834526,0.02570739332647035,3.404667309472154e-05,0.0036984003280595605
45,0.0017203990416469269,1.6803315175783447e-06,3.362791442308875e-05,0.00015965002997269976,2.1044237059300193e-06,0.7218339338892911,0.0009737675382141629,0.0024788750721863517,0.00011419296941604479,6.839590982345762e-05,0.0004955927261354397,0.0003355728460350801,4.026241786322943e-07,3.921704001794997e-07,0.0042494185996198265,0.220732261783285,0.028022710138023137,0.000168529328391086,0.0026188638278745488,1.541366092300269e-07,3.081169184035469e-05,9.15310140029249e-05,0.014302686435655071,1.6220064047331895e-05,0.0015482254937050433
46,0.002265709006756852,2.281431093401609e-06,0.00010931296035605679,9.671730762620083e-05,2.9871075890652457e-06,0.7218067584840402,0.001173022713095021,0.0024535659736199286,0.00018528598429915245,0.0001160970517556847,0.0010620398046091882,0.00043488555980188733,5.637511104811049e-07,1.5513577698479506e-06,0.0030905719930581768,0.19296058738046407,0.03844873021558668,0.0003416151121003112,0.002418959331896015,3.261562830216778e-07,0.00010029584555605799,8.64505613792904e-05,0.028532825177491533,4.164873418685404e-05,0.004267210998474946
47,0.006292975780775828,6.154680550071464e-06,0.00010803652793212589,7.337629231904074e-05,1.342527771923167e-06,0.43558893846108376,0.0008669803620901145,0.003956574893344007,7.214151721903933e-05,7.50178264237005e-05,0.0011401128165778893,0.001437435691660065,9.414981435863719e-07,8.184762450862994e-07,0.0026261695495844914,0.41377344989565995,0.11711351690064785,0.00015488167837166548,0.0015960271599582139,1.6805127572056478e-07,4.828205570735597e-05,0.0002786958209591815,0.009787610633869546,2.9497454262500353e-05,0.004970853447567234
48,0.002656520912544461,5.8514981198035855e-06,7.701400623592128e-05,0.0001263063667580783,1.0172226680891803e-06,0.41940527801746397,0.0005843049239003466,0.003389066256702564,2.757507837075959e-05,0.00010144785238073169,0.0005914809136491587,0.0004803251738697849,4.4438042516155996e-07,6.061598901326384e-07,0.0020028482906518917,0.33818559955578337,0.20771063240442206,0.00018650048670251513,0.002390144420328193,1.1875005331380847e-07,6.765219615213987e-05,0.00011717103281201899,0.019718311976282314,1.451328819474856e-05,0.00215926883563857
49,0.003835939706011112,3.052071023521294e-06,0.00011591831852300388,0.00010569463314363306,2.097566671140488e-06,0.6712301782062194,0.0009433487637263343,0.0029170002540303244,8.757794098260509e-05,7.918655149359113e-05,0.0010359900483806752,0.0007009358443634616,6.376149509284938e-07,9.54794625172231e-07,0.001985338189734663,0.21039357868627012,0.07981155225919014,0.000246071734094119,0.0014511741188639774,2.0535056637112077e-07,7.005225618491874e-05,0.00011828474114111382,0.0216822981189139,3.024147966380451e-05,0.0031526907512317293
50,0.0028409603940341946,4.186026251862455e-06,0.00012292626462370062,0.00011034831701172253,1.9665413871758665e-06,0.588368118390295,0.001107860162221658,0.004280955298744773,0.00010808817013048102,0.0001542617870426217,0.0009025231199159926,0.0005557896237170551,7.47304143404978e-07,1.437017437176681e-06,0.0030749081279029095,0.29540256245881535,0.07649823031562514,0.0002611993245362155,0.003002692523782404,2.538200054892947e-07,0.0001050672325924683,0.0001595857457565452,0.018957987728802164,2.6080516592357844e-05,0.003951263788632105
51,0.0032312843622759667,2.852495515530806e-05,7.85750939080513e-05,0.00030791728080178634,2.4157364497577404e-06,0.5201907459690592,0.0006609258550893532,0.016120901846541254,8.232551855066207e-05,0.0002478698915375408,0.002078396578114779,0.0019080428223875322,8.088619760037041e-07,3.484702647930752e-06,0.007053290733535882,0.29929581353603785,0.12992384680831928,0.00022839219141435854,0.003280503080431742,2.2417840547036555e-07,5.4195243924669375e-05,0.0006214652442957557,0.009037073710858469,1.0560152048320856e-05,0.005552415646232979
52,0.004347011911939784,5.770895434363909e-06,0.0001583237232532514,0.00011550086778244195,4.462942608594847e-06,0.5276425819779762,0.001588532762992276,0.0030950239859004994,0.0001078209844331865,6.98621768458244e-05,0.0016895150546344078,0.0012568173004256996,7.578366480126974e-07,1.8139993548683978e-06,0.0027055582049636726,0.25520672173168313,0.16049485448414852,0.0002336371276464038,0.001902949582663004,2.281009489499285e-07,0.00015672257721807933,0.00014146620893496186,0.03213299968885383,5.146092606586191e-05,0.006889604946644049
53,0.0031782681845226625,2.6732040447037844e-06,9.769821196720908e-05,0.00010302548648919056,2.1991446255648416e-06,0.6014775244396787,0.0016960051377393184,0.0029413233685550984,0.00012025268075416185,5.919495053022951e-05,0.000962450121716531,0.0009054533072101344,5.653107070802927e-07,1.1559832389621053e-06,0.0028094697119228633,0.27732842720221235,0.0723381252838895,0.0002621361991277963,0.0017751691476107078,2.117111566579238e-07,8.20224582146962e-05,9.281230453023377e-05,0.029273137523641322,3.345358218399062e-05,0.004457245343730473
54,0.0022987253760909324,7.210385319388651e-06,0.00011885694974562797,9.269428620690337e-05,1.8769231936759178e-06,0.3960326692863681,0.0009187854545174845,0.002756671046498949,0.00014914074891369592,0.00012675031772480102,0.0007728726065266034,0.0013951054136958111,5.79667470436706e-07,2.1749279795593527e-06,0.005212016669485361,0.47506642997667103,0.08437058866712387,0.00011635921578027195,0.0017923398696567201,2.501014077703556e-07,5.218809411301862e-05,0.0001637507459258079,0.01612645024003202,4.6098436691134295e-05,0.012379414592860901
55,0.004455115716800747,2.503848970612375e-06,0.00011237591104249028,0.0001307870131683963,4.528841821948511e-06,0.5925995761383225,0.0022756188480672975,0.0023272419495058722,0.00019687798039641895,4.33999030207819e-05,0.0013258667109849337,0.0020008707345120507,7.485338151291227e-07,1.1759455243002897e-06,0.0023224842887731695,0.2907720819420406,0.06261190690137483,0.0003354525155471689,0.0017354592967697292,2.1882884598423585e-07,8.029770371472411e-05,8.850341756857317e-05,0.030593156393939128,8.348808754611535e-05,0.005900262547926544
56,0.00379813058166767,3.4089471004390733e-06,0.00011426523044254468,0.00011657449547478331,2.523038846314032e-06,0.6049640425996471,0.0010577596221375341,0.003046936816431439,9.269432174943149e-05,8.907622207494667e-05,0.0011583445101025385,0.0006771159406042289,6.849235695256096e-07,1.0962151108314496e-06,0.002700193471304663,0.2575065590412534,0.09247585023799568,0.0002919071659062561,0.0022236862692940136,2.316131166480696e-07,9.57249866038004e-05,0.00012327107992161728,0.025687644742634835,3.5324863783791865e-05,0.0037369530632259335
57,0.0033772199630447922,5.0543421818846815e-06,0.0001105593844122019,0.00011011374140550171,2.4396256545463735e-06,0.46773699024816034,0.0012662176814258843,0.0036211642654081864,8.47345654941188e-05,0.00010063868517141343,0.0011935380807744384,0.0008226851849488801,8.778192271603133e-07,1.2097427212500965e-06,0.00285452642339478,0.37256117973294467,0.11588019909725066,0.00029539557437618924,0.003940979109433138,2.2818715371620561e-07,0.00015058638958060736,0.00016153057873761854,0.021275307836568058,3.761032924810789e-05,0.004409013411281749
58,0.0033506858395144726,3.322719040531558e-06,0.00011677042988805439,0.00011829676713518675,2.9514482714926794e-06,0.5982243727962719,0.001055047788909167,0.002398601355724049,0.00010448797291091579,9.040939423989595e-05,0.0010683593333076587,0.0006621667247985131,6.996307358893852e-07,1.111536834164794e-06,0.002692954940579683,0.2665662170532833,0.08781618625869368,0.00027861874949295756,0.002216862208461626,2.6576810821739884e-07,9.984473257499547e-05,0.00010792665356625122,0.028869278081398837,4.851941548342284e-05,0.004106042400774969
59,0.0033038980369441166,3.4139998081603632e-06,0.0001304328699296259,0.00011319757379940807,2.862822158854136e-06,0.588426427011666,0.001038498023711103,0.002419623117196043,0.00010011036233662986,9.612543109941796e-05,0.0010335602395274497,0.0006377022582084809,6.884952808128315e-07,1.166959232577319e-06,0.002466488598259959,0.27095036111769083,0.0934799040369426,0.000279574651634953,0.0020733804558474983,2.716084253875096e-07,0.00010417679710112416,0.00010296825593777453,0.029008046410541895,4.822377777864422e-05,0.004178897088940815
60,0.0036371142092056965,3.3392929828191695e-06,0.0001115864707891787,0.00011623536613871742,2.4771160378777324e-06,0.6062465751644774,0.0010271311902058876,0.0029686678576612427,9.025370703490793e-05,8.85994944330048e-05,0.0011229002684856341,0.0006489646595383277,6.413712117688518e-07,1.0624485217346663e-06,0.0027147263903802145,0.2568001744015733,0.09229727595119597,0.0002825949142520889,0.002189964357518948,2.2254271187152884e-07,9.254941515035394e-05,0.00011710308286834526,0.02570739332647035,3.404667309472154e-05,0.0036984003280595605
61,0.003574940694589282,3.196838556796986e-06,0.00013994241371100577,0.00010993879624661988,2.886530370048802e-06,0.6017489613004844,0.0010551764658342261,0.002489169407647791,0.00010390744176638647,9.555032936744229e-05,0.001079720065442783,0.0006414733643132465,7.045201553088801e-07,1.17608135398951e-06,0.002361931566657758,0.2612971779125337,0.08952937393208492,0.00029346528712942627,0.0020092725511258393,2.7197498422596456e-07,0.00010658056855405219,0.00010232211449795768,0.02904581935515385,4.95372589564481e-05,0.0041575032284824585
62,0.0036371142092056965,3.3392929828191695e-06,0.0001115864707891787,0.00011623536613871742,2.4771160378777324e-06,0.6062465751644774,0.0010271311902058876,0.0029686678576612427,9.025370703490793e-05,8.85994944330048e-05,0.0011229002684856341,0.0006489646595383277,6.413712117688518e-07,1.0624485217346663e-06,0.0027147263903802145,0.2568001744015733,0.09229727595119597,0.0002825949142520889,0.002189964357518948,2.2254271187152884e-07,9.254941515035394e-05,0.00011710308286834526,0.02570739332647035,3.404667309472154e-05,0.0036984003280595605
63,0.003508953666118926,3.975583910018817e-06,0.00010839566839670781,0.00011837716620344897,2.3797288773426395e-06,0.5863471746621852,0.000972387536410128,0.003091425479431804,8.707980538752474e-05,9.545544589419537e-05,0.0011124168210589805,0.0006801983021139396,6.489193353271778e-07,1.1063755611925148e-06,0.002855254839547429,0.2711446742745543,0.09880374364979783,0.0002654975982034477,0.002279262293137816,2.2282262389594263e-07,9.004028582698259e-05,0.00012862377796103765,0.024370939660274926,3.330893909358281e-05,0.003898456698094088
64,0.0038285315284078626,3.7076269709490175e-06,0.00014063972864755204,0.00011492204346228972,2.8998515658759544e-06,0.5638440249952014,0.0012465131486723952,0.003142230402300077,8.752928375282131e-05,9.445741217845571e-05,0.0012624055546844903,0.0006607244976854957,7.784972865533451e-07,1.3112719336567076e-06,0.0024190029027064616,0.27167461626683853,0.11428891072781579,0.00035274330567589403,0.0025896922557256986,2.6199678263544916e-07,0.0001504291477455942,0.00011786118850061448,0.030004321067319897,3.969209280104086e-05,0.0039317932053378945
65,0.0039032433617256935,6.396208514314846e-06,0.00020888318924001275,9.25080631995932e-05,2.894072703390116e-06,0.5167188175162224,0.0010567099925085533,0.0038093348737426873,0.00015763560649673615,0.00014955399427413592,0.0013850375009027494,0.0011762944732286824,1.0033329596728032e-06,2.7908305882265864e-06,0.003133419349807213,0.3355870118307992,0.10117061649880438,0.00023121217302156548,0.001683570316906344,4.231630662241062e-07,0.00010259041783039708,0.00021115517071195256,0.02016926022403736,5.7839036752267245e-05,0.00898179880195628
66,0.0074201394192584536,3.084533430644429e-06,0.00023384791955123228,0.00010974241935142966,2.8495402331867476e-06,0.544486151239009,0.0014925329876182539,0.006291951585709525,8.987275771999743e-05,0.00010581901806276944,0.001699444514496594,0.000816419888441266,1.4129367642741443e-06,1.2361991457556911e-06,0.0020319824251168934,0.3239668182910646,0.08885152606625059,0.0005147087078795909,0.002051936025745447,3.7622768913686894e-07,0.00012953541705338704,0.0001599718361545052,0.016492738199799413,3.181269707800365e-05,0.0030140891473759393
67,0.003302611111005456,2.5648495569511373e-06,0.00018433162942829717,0.00012036793703642674,2.323541948716252e-06,0.5540216385191118,0.0009231029348297731,0.002487847556036819,6.129780197783243e-05,0.00010808396711311929,0.0009285099725621995,0.0004033172624924902,6.197738745851801e-07,1.204112771521182e-06,0.0017081500186605057,0.2560077098858316,0.12711238012315842,0.00044548436901934016,0.0019591976766196516,3.099117558897009e-07,0.0001528879161583988,6.129295421944289e-05,0.04691067797321154,4.1819303056503694e-05,0.003052268898562715
68,0.004781263477612815,4.246627673374144e-06,8.061862254738506e-05,0.00011270200148397186,1.9232439506009216e-06,0.5280729337688409,0.0009955064298053304,0.004737971967537655,5.336998044083806e-05,7.92030612190484e-05,0.0014139217271938122,0.0005905842047733383,7.301501324393519e-07,7.269152177903208e-07,0.0028761029964599182,0.3022515364119584,0.12905129393453732,0.00032504583703140224,0.003676521092199232,1.5831845781487973e-07,0.0001161076625803123,0.00018775600100572135,0.018064447232732407,1.9461296152664006e-05,0.0025058670384554803
69,0.003724627945087013,3.4716198412026465e-06,9.894981057635227e-05,0.00011757818560528829,2.5839294497027137e-06,0.6178430079515705,0.0009849056957450986,0.0028169178745842093,8.966458702302455e-05,8.256498254226117e-05,0.0011600204069517222,0.0006684215533832345,6.21270529029758e-07,9.57734464579988e-07,0.0029606445456463607,0.24682964146317898,0.0925776467284598,0.00024806855961577277,0.0021662638226646116,2.0154391366641516e-07,8.115874562179381e-05,0.00012606026306196297,0.02372203273779186,3.2336638327553945e-05,0.003661651404364429
70,0.00260056554909758,1.8145641459702036e-06,8.484956058692339e-05,0.00020273492300942623,7.608685098043476e-06,0.8314979363876116,0.0011971454502472786,0.0020499926175599225,0.00018414552292863646,5.2513916759252615e-05,0.0012268014957232628,0.0005448119261969986,3.626752952480145e-07,1.2935447947689802e-06,0.0033218231862296686,0.07237768650417795,0.04207940429380295,0.0002025076502282447,0.0009913890021652045,2.0872979882793484e-07,5.328934367893346e-05,6.479283106938631e-05,0.03823485992755681,3.0285038909990446e-05,0.002991176673327297
71,0.0014746884275040064,5.361457342680716e-06,0.0002318912287064365,0.00013073116054041194,9.069567190441948e-06,0.48134269577678757,0.0035285719000267405,0.0038261150803134557,0.0003652627643446263,0.00016740236678690365,0.0011664738846506393,0.0008657542703323562,1.0435503167427027e-06,6.713502906431499e-06,0.002179206944933188,0.3570687001695503,0.07873886117563356,0.0006228697488951608,0.00306433925795275,1.0521507123654689e-06,0.00040891356347454047,9.679101397625048e-05,0.05464918351233685,0.00013155614897598374,0.009916751375809761
72,0.0012958222965316292,2.3466809198823134e-06,4.2882169883248074e-05,8.84768997931772e-05,7.117271139870611e-07,0.6065582107497353,0.0009168532581793268,0.002304274983326464,6.136693813329033e-05,9.040666518408766e-05,0.0002618373869294784,0.00027110764110224744,4.363712311444326e-07,3.4105681627371743e-07,0.0024796655318725593,0.3303472990722769,0.04058800348723737,0.00013443047912872763,0.002464225161383048,1.4313971410531514e-07,3.595706950832996e-05,8.66258484349331e-05,0.010606217695385745,1.0536905231103588e-05,0.0013518207849475983
