,0,1,2,3,4,5,6,7,8,9,10,11,12,13,14,15,16,17,18,19,20,21,22,23,24
0,0.006957815453885273,8.515285470137196e-06,8.833639158079037e-05,0.00019648728532810613,5.226339941227566e-06,0.33213414209326736,0.0015701266310056703,0.004996310076988222,6.664558461818363e-05,4.104798282882942e-05,0.0018804706448176962,0.003005151077961537,8.881711787135279e-07,7.979350122587413e-07,0.003114386616938294,0.42382989620380923,0.20290905367597445,0.00020559080153375236,0.0021451252225566917,1.2617748308489638e-07,6.906232663907058e-05,0.00021327647088246543,0.01215985549953009,3.7237968781050386e-05,0.004364428081987817
1,0.003277770396654928,4.4710567205171e-06,6.042366344930092e-05,9.601451352845903e-05,2.5044796473365083e-06,0.6073282704818482,0.0012087989865850477,0.0036781156237306514,0.00018981876333758804,8.468351327697872e-05,0.0011802506234950495,0.0011695258685549446,7.613851718149878e-07,9.465903812216964e-07,0.004738237492392732,0.3167016787897613,0.04278948181899836,0.00015423517181844843,0.0028884023226882515,1.7814493584274872e-07,4.5946271272712007e-05,0.00026934683331028433,0.008973515399580054,3.098650156553695e-05,0.00512563530729443
2,0.004439017662297703,7.898556421937468e-06,7.215609524001592e-05,0.00012886863924009814,4.378371149164019e-06,0.6071766767378495,0.0013152643738730397,0.004962607078688387,0.0002528037208963468,9.56654860612886e-05,0.0021313812320801952,0.001971212798072849,9.216495325662783e-07,1.9755908807862365e-06,0.008085283636742954,0.28620794750402206,0.060652652624376184,0.00015749924431692164,0.0027265183815509964,2.311067491209421e-07,5.317822665062218e-05,0.0004557763694525702,0.010276819798336698,3.6270745862736086e-05,0.008786994369655389
3,0.004768111104038943,6.361266809290024e-06,6.337052163356978e-05,0.0001148363825788374,3.3525270627185997e-06,0.6240188956122595,0.0012283495036600426,0.004368552653752713,0.00017468011599102435,7.502449396402636e-05,0.0018989825079191935,0.0016778086957197217,8.276963571598993e-07,1.2067615892195862e-06,0.005707266885729684,0.2707167688638696,0.06573852536239978,0.000160500626609919,0.0026487388310461176,1.664175502687079e-07,5.035886685444924e-05,0.0003748836308250033,0.010073953179847519,3.006237720357557e-05,0.006098415114727898
4,0.005123549942370085,6.99924941974247e-06,7.16235447842681e-05,0.00012029417277053818,3.888137229751015e-06,0.6137344067851896,0.001359701154161809,0.0047475408846345424,0.00019652376303535806,8.118212498477993e-05,0.002128424903216174,0.0018716861331461276,9.969772019927348e-07,1.469939630810213e-06,0.005825537954214066,0.27587741603199006,0.06806500856268903,0.00018085188675151374,0.002840811910574481,2.0038799990264604e-07,5.9987322995547606e-05,0.0004248434245770996,0.010546149735986027,3.496556537751602e-05,0.00669593950506922
5,0.004576609021465159,5.377728273665357e-06,6.719907544916801e-05,0.0001340368943047963,3.6473913130219743e-06,0.6420172758692585,0.0012302595535593063,0.0041729892106274315,0.00016235069166868144,7.781598707719828e-05,0.0017975083653274724,0.001429058937383635,8.470966193504655e-07,1.17634603005082e-06,0.004641554962824355,0.2550779152810479,0.06407245228508075,0.00021944763470653283,0.002647254273743073,1.9459779148244844e-07,5.615360445779215e-05,0.00029330920531026375,0.012451825195258906,3.307867686618934e-05,0.004830662114555296
6,0.004768111104038943,6.361266809290024e-06,6.337052163356978e-05,0.0001148363825788374,3.3525270627185997e-06,0.6240188956122595,0.0012283495036600426,0.004368552653752713,0.00017468011599102435,7.502449396402636e-05,0.0018989825079191935,0.0016778086957197217,8.276963571598993e-07,1.2067615892195862e-06,0.005707266885729684,0.2707167688638696,0.06573852536239978,0.000160500626609919,0.0026487388310461176,1.664175502687079e-07,5.035886685444924e-05,0.0003748836308250033,0.010073953179847519,3.006237720357557e-05,0.006098415114727898
7,0.012466784154923985,5.7489428514467995e-06,8.244024825510494e-05,9.668858467448655e-05,3.0800701691708123e-06,0.6706931185455717,0.0014116188576008325,0.006797579472356374,0.00013677105712908282,6.421259695763681e-05,0.0035141830379436046,0.0017850508446265608,1.5825896544364448e-06,8.494200747084746e-07,0.005333076152865207,0.221454008590558,0.061820946854243455,0.0002262649797437378,0.0029236314293341866,1.612884773149356e-07,5.7701246630688727e-05,0.0006041674745394863,0.006528206234531006,2.0830654797472085e-05,0.00397129667149034
8,0.004619806782598813,6.229234335381045e-06,0.00010422336873003067,0.00011833075400500866,3.0894724430849573e-06,0.5614734972320975,0.0006924617313608265,0.0026239250771596706,0.00016997855102419545,9.658173778796153e-05,0.001256303955233941,0.0017189522028692797,6.530275492642581e-07,1.3456873038378914e-06,0.005325614419121536,0.31792461658126514,0.07909858300717316,0.00010668790076339325,0.0012835029410896818,2.0184638414397544e-07,2.990914509815103e-05,0.00023922113565119665,0.013447919247074615,5.66242983070879e-05,0.009601740663573055
9,0.0025064360672933587,7.179530604949719e-06,0.00010256177723913851,0.00011271877090008056,2.6559629025129466e-06,0.4818249272757569,0.0006965670577923533,0.003184789928972145,0.00019348235840984643,0.0001514647472821328,0.0009720540113061686,0.0013728524641299425,6.362421319731496e-07,1.9195290984999907e-06,0.005137965680696373,0.4123093187413255,0.06631379572569862,0.00011934479274689629,0.0017619247857262985,2.8231065350664337e-07,3.867897490487665e-05,0.00022439613480827985,0.01255139066264892,5.737259574464778e-05,0.010355283871226056
10,0.004768111104038943,6.361266809290024e-06,6.337052163356978e-05,0.0001148363825788374,3.3525270627185997e-06,0.6240188956122595,0.0012283495036600426,0.004368552653752713,0.00017468011599102435,7.502449396402636e-05,0.0018989825079191935,0.0016778086957197217,8.276963571598993e-07,1.2067615892195862e-06,0.005707266885729684,0.2707167688638696,0.06573852536239978,0.000160500626609919,0.0026487388310461176,1.664175502687079e-07,5.035886685444924e-05,0.0003748836308250033,0.010073953179847519,3.006237720357557e-05,0.006098415114727898
11,0.005137633923961818,6.462911301162418e-06,6.592492103289053e-05,0.00011807185847122556,3.5654119451600005e-06,0.6147314990305204,0.001294078627782042,0.004467067946788507,0.00018045946117460228,7.46203197510894e-05,0.0019748993479212413,0.001788977738074479,9.402721598005153e-07,1.2282129540861351e-06,0.005670548006173114,0.27874335318277915,0.06615685337744605,0.00017002508463205516,0.0027251638135294123,1.8171939816644706e-07,5.3169447183739615e-05,0.0003989936297476574,0.01010399048008733,3.2994565006344644e-05,0.006099296710178443
12,0.005006691894788135,6.6796723386608975e-06,7.069957866276218e-05,0.00011798442118510188,4.016384304913482e-06,0.6298342588771528,0.0012618754862915886,0.004179995234716782,0.0001882002842776251,7.622103579713487e-05,0.0020620532972517908,0.0017456564920915153,8.636670860141562e-07,1.3731827086201577e-06,0.005717419289166541,0.25726139042544094,0.07154745237283554,0.00016306342731837897,0.0024869267524976948,1.8270506263532922e-07,5.499128612848769e-05,0.00038132590348050505,0.011074531386098485,3.4715364182067216e-05,0.006721431579135335
13,0.013925540904607153,2.035666895102886e-05,0.0001011326035207952,0.00015460276215260263,9.907967069715164e-06,0.5149664625368294,0.0021670495635965066,0.0171734257411516,0.0003627011356714898,8.148725182768415e-05,0.012311623975067973,0.008255060411711371,1.9020070953590644e-06,6.533816457369638e-06,0.016813995920314274,0.2603228897892976,0.11771910815243627,0.00023847963218128786,0.0039765864989664374,2.5133706102976967e-07,0.00011479220507471927,0.0019835559130414924,0.008070825551806179,3.533875819162397e-05,0.02118638889591886
14,0.005835114224752167,2.0690553665314808e-05,9.306050647929628e-05,0.0002130306811200669,1.7687453373344013e-05,0.5814811261418219,0.0016990764015169094,0.006232188927377856,0.00013503747468630574,0.0001208291802936027,0.0073476198224458064,0.00176849741447246,1.745890881352798e-06,2.5847247714369857e-06,0.004333554340835411,0.18047583817698348,0.18082026955424516,0.00044830490936956496,0.007320639883778676,2.791363094183922e-07,0.0003134495750799442,0.000572125885655455,0.015322514200948139,4.966303284899937e-05,0.005375071906287876
15,0.004768111104038943,6.361266809290024e-06,6.337052163356978e-05,0.0001148363825788374,3.3525270627185997e-06,0.6240188956122595,0.0012283495036600426,0.004368552653752713,0.00017468011599102435,7.502449396402636e-05,0.0018989825079191935,0.0016778086957197217,8.276963571598993e-07,1.2067615892195862e-06,0.005707266885729684,0.2707167688638696,0.06573852536239978,0.000160500626609919,0.0026487388310461176,1.664175502687079e-07,5.035886685444924e-05,0.0003748836308250033,0.010073953179847519,3.006237720357557e-05,0.006098415114727898
16,0.008039258021164834,9.20862697342098e-06,7.221464246166585e-05,0.0001313375879783273,3.911459981175747e-06,0.5704967183215531,0.001497197543549287,0.007419933709771539,0.0002037668457375263,7.54992182766142e-05,0.003418565771375626,0.0031963089162147275,1.1305043904591904e-06,1.9684116792402602e-06,0.008928077146269307,0.29491345968075583,0.07978611933418796,0.00019827488066418797,0.0032925060425775723,1.667219603587494e-07,6.0543028436004487e-05,0.0006957867134121879,0.008635937979383359,2.776760693184653e-05,0.008894341284313795
17,0.00919929871987214,8.004016332687112e-06,0.00010584019857984546,0.00012916830054800145,7.714696862356564e-06,0.6094894912270794,0.0021869487422862283,0.005396426946281965,0.00023429877726466468,5.75991751921711e-05,0.004070554865397448,0.0032835000694526593,1.475877844166259e-06,2.2213520194167497e-06,0.004572043661458597,0.22502674121796942,0.1094815595502844,0.00026873889398421714,0.0025240749433781476,2.37393263446067e-07,0.00011112581281544783,0.0005407759293202792,0.014924059261578927,5.575318940286725e-05,0.008322347181531225
18,0.003892511925899875,9.098913079922152e-06,8.776685682871144e-05,9.320764480541959e-05,3.2592523047088176e-06,0.4483343143576982,0.0013752657298132967,0.0033716781496043197,0.00021546267125535697,8.55795651895544e-05,0.0016217281317719373,0.0024997252764885065,8.29171073143893e-07,2.2722953361901083e-06,0.006676027487928021,0.4068746794783637,0.09393339833423457,0.00013356381062364363,0.0027967906329088113,1.983768271190477e-07,7.221427031108982e-05,0.0003670006462405553,0.013140477446124043,5.443562083411312e-05,0.014358513954455235
19,0.0027219947190577146,6.063314071983395e-06,4.3454808650670725e-05,0.0001461902459480516,3.489844664521817e-06,0.6927871102622587,0.0010073894006666234,0.003054205618245884,0.00020947621391072908,8.260656133002996e-05,0.0010549737412365852,0.001381831730275738,6.54563690339007e-07,9.589093174504886e-07,0.0058640578661585795,0.23314617596073808,0.04258755592451021,9.745138698085369e-05,0.002085888219329905,1.5894852035579588e-07,2.6337725106733584e-05,0.0003170506732935212,0.008365502096678783,2.8490538036968253e-05,0.004980930727321108
20,0.004934265203492249,8.057789263096066e-06,4.9827511825000326e-05,0.0001175741658349497,3.5914679254351355e-06,0.6846648444545691,0.001166889598770769,0.006201298348386376,0.00022254567965989563,9.036179876892975e-05,0.002534008274382028,0.001697710989745546,1.025364037039694e-06,1.5882323376261983e-06,0.008230063776025837,0.21961721159424027,0.05279003986110089,0.00014799106386136302,0.0032215258349972886,1.8871541343278918e-07,4.938794228614492e-05,0.000739375463192936,0.007311887956092167,2.2589140463507884e-05,0.006176149773328126
21,0.007919674305518307,6.866204670299191e-06,0.00014043577999195726,0.00012209414747634329,3.9774673993071134e-06,0.4157383975770973,0.0016853649591636528,0.005507678769471456,0.00016080366690079072,6.89924530369867e-05,0.0023913219845182777,0.003496240523125669,1.2979251432119962e-06,1.9212745659925016e-06,0.0038720037572906327,0.4292923512926408,0.10501941981857911,0.0002901669675941733,0.002174981045261882,2.4953691564148227e-07,8.111734435971688e-05,0.00031214297340478257,0.012861108482155794,5.877845857767286e-05,0.00879261328514011
22,0.006983733951991679,6.366128282955846e-06,8.989111186231003e-05,0.00011901318514358279,2.7371401484091368e-06,0.60234006688214,0.0009522008818677506,0.006035034780887628,9.139795597018963e-05,8.759133362925948e-05,0.0023680800099937947,0.001244871356912522,9.296100276904175e-07,1.110420376410483e-06,0.0038129801713036515,0.24563308465409753,0.11154212464992175,0.0002528266676975558,0.0027320637915647524,1.6369614310045435e-07,7.30666259071698e-05,0.00037825207813909034,0.011306860258343517,2.1798211198352444e-05,0.003923754446449165
23,0.004768111104038943,6.361266809290024e-06,6.337052163356978e-05,0.0001148363825788374,3.3525270627185997e-06,0.6240188956122595,0.0012283495036600426,0.004368552653752713,0.00017468011599102435,7.502449396402636e-05,0.0018989825079191935,0.0016778086957197217,8.276963571598993e-07,1.2067615892195862e-06,0.005707266885729684,0.2707167688638696,0.06573852536239978,0.000160500626609919,0.0026487388310461176,1.664175502687079e-07,5.035886685444924e-05,0.0003748836308250033,0.010073953179847519,3.006237720357557e-05,0.006098415114727898
24,0.0033522563177520227,7.91753488821338e-06,5.030384090438572e-05,0.00016364856895653148,3.4127885152733593e-06,0.5953023217769553,0.0011253236997007929,0.004920064518483697,0.00014747584249286236,9.275799306045684e-05,0.0016317926915273317,0.0015012322656553637,7.208157662042856e-07,1.2866870453586507e-06,0.005934637961492718,0.2910237573009372,0.07409306111646476,0.00018245363214262146,0.0035207504209788256,1.6463016294702232e-07,5.334714792591073e-05,0.0003478497856065375,0.011315959878325756,2.613875286487696e-05,0.005201364031394112
25,0.010045066799112433,8.687965301590543e-06,0.00010327481977202442,0.0001893914254741579,7.371303444415224e-06,0.5524050231906235,0.0025839962529305436,0.016025231910214134,0.00018569265328755266,6.763666038140908e-05,0.005776872478150819,0.0036292546586471713,1.6052843117812025e-06,2.695809522438799e-06,0.004605743868337887,0.2722865047231569,0.10954409734997102,0.0005135774763690848,0.0034652066766904656,2.6030857519559187e-07,0.00013508262201273764,0.000641078088114002,0.011978719698454184,2.9524811459657414e-05,0.00576840316568493
26,0.004480193514364829,3.029463694221356e-06,8.360906150452232e-05,0.00010383551897491375,3.6186979756138153e-06,0.6969362613144794,0.0010196400031007354,0.002052327245295485,0.00017236461547281924,6.022485805517181e-05,0.0012338572240623957,0.0010644647195390347,6.557870928235677e-07,8.157180204419994e-07,0.0027974647266210263,0.2111344636035564,0.054618970073521136,0.00018845616143496957,0.0013951416966332321,2.00661930673153e-07,4.1833004909331714e-05,0.00014792723086426467,0.017865314515459706,5.6893211145334214e-05,0.004538437372291427
27,0.003815723930283813,5.35714158225323e-06,3.967015567133362e-05,9.872190008368806e-05,2.7134470810714406e-06,0.7164009647810158,0.0010077074799929035,0.004161946949986813,0.00024833115145063097,7.33319709554098e-05,0.0015386905045348773,0.0014484127084411701,7.219375887286404e-07,1.0026014732731322e-06,0.006944588324324167,0.2159639537195162,0.033120784322426954,0.00010538401591628356,0.0024015645718632964,1.4488753598170153e-07,2.8107033067899764e-05,0.0004970028289991451,0.006485854620145903,2.4017701846968476e-05,0.005585301314215435
28,0.004768111104038943,6.361266809290024e-06,6.337052163356978e-05,0.0001148363825788374,3.3525270627185997e-06,0.6240188956122595,0.0012283495036600426,0.004368552653752713,0.00017468011599102435,7.502449396402636e-05,0.0018989825079191935,0.0016778086957197217,8.276963571598993e-07,1.2067615892195862e-06,0.005707266885729684,0.2707167688638696,0.06573852536239978,0.000160500626609919,0.0026487388310461176,1.664175502687079e-07,5.035886685444924e-05,0.0003748836308250033,0.010073953179847519,3.006237720357557e-05,0.006098415114727898
29,0.004768111104038943,6.361266809290024e-06,6.337052163356978e-05,0.0001148363825788374,3.3525270627185997e-06,0.6240188956122595,0.0012283495036600426,0.004368552653752713,0.00017468011599102435,7.502449396402636e-05,0.0018989825079191935,0.0016778086957197217,8.276963571598993e-07,1.2067615892195862e-06,0.005707266885729684,0.2707167688638696,0.06573852536239978,0.000160500626609919,0.0026487388310461176,1.664175502687079e-07,5.035886685444924e-05,0.0003748836308250033,0.010073953179847519,3.006237720357557e-05,0.006098415114727898
30,0.004768111104038943,6.361266809290024e-06,6.337052163356978e-05,0.0001148363825788374,3.3525270627185997e-06,0.6240188956122595,0.0012283495036600426,0.004368552653752713,0.00017468011599102435,7.502449396402636e-05,0.0018989825079191935,0.0016778086957197217,8.276963571598993e-07,1.2067615892195862e-06,0.005707266885729684,0.2707167688638696,0.06573852536239978,0.000160500626609919,0.0026487388310461176,1.664175502687079e-07,5.035886685444924e-05,0.0003748836308250033,0.010073953179847519,3.006237720357557e-05,0.006098415114727898
31,0.00670718049450179,6.783006275213752e-06,9.027698684294495e-05,0.00010508179585244599,2.1964766569908105e-06,0.49845154355432836,0.0011944305684435967,0.0071608836858151875,0.0001085687987284669,7.685080796522027e-05,0.0018903280890098196,0.0018391162092899524,9.077771729178989e-07,1.0815551485551283e-06,0.003916052719047374,0.3708358775236378,0.09029985849789449,0.00021208860124390596,0.002479789334700364,1.531947987235766e-07,5.727353836814994e-05,0.00035926942396719626,0.008946496982452496,2.4086495883302376e-05,0.005233823881974889
32,0.00429284005083505,6.148786681694956e-06,5.7948320313016144e-05,0.00011613953288940993,3.2055254180058586e-06,0.6211240901355718,0.0012187102022828459,0.00423815970291622,0.0001707850578388144,7.775636578807728e-05,0.0017549333548414266,0.0014895895229825092,8.159461702838237e-07,1.1287065830469283e-06,0.005855425310089264,0.2775241704546377,0.06264503747801758,0.00016295980584421182,0.003068800485046067,1.6514762718074792e-07,5.272825908559636e-05,0.00036422152280751166,0.010105233825730243,2.898180914401945e-05,0.005640024690858503
33,0.008561434554524423,8.910174481849624e-06,5.7898479176638635e-05,0.00015936535798054748,3.5749210125651995e-06,0.41346744396397794,0.001691238979276181,0.009497243679640234,8.617017241616019e-05,4.693009414259158e-05,0.003326598895496151,0.0037576840695643715,1.3841480605644694e-06,1.0948530186780144e-06,0.0036484520059628872,0.39165196823236026,0.1466883225043767,0.0003055370331651076,0.0036207161248209396,1.4079025242880677e-07,8.15000407212255e-05,0.000600076963003883,0.008445687222142017,2.5648853797480492e-05,0.004264977886628312
34,0.00703018863553882,4.798878900367673e-06,6.379124025553578e-05,0.00010968713851625301,3.620827584287283e-06,0.6733722668122548,0.001312303237562397,0.004633114198956069,0.00017609845560731776,6.27368408041395e-05,0.002445408628288567,0.0015246377709842312,9.134625488619641e-07,9.749524832622864e-07,0.006022525661347667,0.22798100535253676,0.056774111119896206,0.00020261094988576175,0.0029724581133043467,1.498045510745993e-07,5.421236163505164e-05,0.00039190374912226257,0.009825535792122782,2.7636715075983233e-05,0.0050073093002371526
35,0.004345898896794511,7.108155294595875e-06,6.683857469895182e-05,0.00012506981543189663,4.0468082203443745e-06,0.630063400360149,0.0012314432570112567,0.004114967278600438,0.00018898371244749872,8.144141338126919e-05,0.0019910644449512805,0.0016606968162276785,8.154207471357211e-07,1.444621616799953e-06,0.006543156688356671,0.25810620431840614,0.06980228317438678,0.00015082469371156,0.002658814456025072,1.8507223359543296e-07,5.5122666734580555e-05,0.0003666136467752026,0.011404444109531777,3.297231067200704e-05,0.006996159287593943
36,0.0037916358103519425,5.899333625557467e-06,3.841321674416509e-05,0.00010146323544431387,1.2181798834762695e-06,0.5446225143511162,0.0011339119970863953,0.007729392737443996,0.00014730040064239502,7.947058285785417e-05,0.0010959164951897236,0.0018752778419541863,7.156471437381847e-07,9.923187993589056e-07,0.005042395733597231,0.36836314111393226,0.05308879186492851,0.00013994052689101985,0.0026533165272489907,1.1969062458850192e-07,2.5144692927606616e-05,0.0005690405350585653,0.005202418922366802,1.2649749073007365e-05,0.004278918495068051
37,0.00979861022633267,5.654609885707244e-06,0.0001439416140319476,0.00010722673048438588,5.321219394481628e-06,0.5425327700835458,0.0018568538921910115,0.003837535584251504,0.00020284807426700202,6.352528990283108e-05,0.002637183408283149,0.0027492236762927777,1.4896092827148944e-06,1.5718249207006982e-06,0.003742841361479938,0.31498653763129963,0.09217548575611369,0.0002814477508745533,0.002119951091199927,2.5844768322871864e-07,8.676507203473262e-05,0.0003290194629802544,0.01433008872163437,7.243296031156777e-05,0.007931415901321478
38,0.0038149150986931863,3.862870747042847e-06,4.718018631141313e-05,9.607492686365216e-05,1.8270209664814072e-06,0.6301657178623454,0.0010942591007496421,0.003320844911432168,0.00012176136747336902,6.54470530313607e-05,0.001055253425469322,0.0009597979190489313,6.763003410353443e-07,5.937629256178427e-07,0.004424071165501519,0.29011165759694413,0.04885973274957553,0.000156740029907522,0.0028509880680255683,1.278134435849297e-07,4.0087233563185595e-05,0.0002452666578850002,0.009123505111625125,2.140726984212404e-05,0.0034182044972882147
39,0.006102518510052972,0.00014520312640935756,0.00022552837935549012,0.0017230325701373616,0.0001734318326149441,0.5886747211600425,0.00036781133248998537,0.0003161972517900377,0.009800872587045229,0.0014280533983713872,0.005933693629260296,0.0009023855235942144,2.3980332217777476e-06,9.646678764169746e-05,0.1399433658163484,0.03471995985427669,0.045966497380391436,0.00020300193131120905,0.004423856142239766,1.4214949187245467e-06,5.777904220689974e-05,0.0006056305259163328,0.08691709178446591,0.0007995274370598795,0.07046955446883772
40,0.0046412751942594985,6.278146045431828e-06,6.252397907233176e-05,0.00011544097990015376,3.325615970613025e-06,0.6211597897101888,0.0012277774077199346,0.004353590120934796,0.00017297161812989564,7.543663312965932e-05,0.0018642019007446158,0.0016416649448867124,8.18354935921978e-07,1.192340618991188e-06,0.005633426463430459,0.27406016190421284,0.06547736494175496,0.0001631801087493619,0.002696322431076858,1.6706705800451918e-07,5.075522371834211e-05,0.0003652097292979702,0.010201531906271943,3.0142619457142188e-05,0.0059954506584348624
41,0.002621309666838784,2.4614304971009158e-06,2.3633479749240607e-05,0.00016126120156247567,4.240416445554038e-06,0.860736871960984,0.000591394531750907,0.0018677453373136203,0.0002423443387997231,5.010407936496444e-05,0.0010003859053573966,0.000757348386142033,2.746409399904744e-07,4.1444978871739575e-07,0.009467888648065281,0.09625716561801782,0.015537527207643934,5.819586772462105e-05,0.0012899750914091514,7.733280660520509e-08,7.727699347792188e-06,0.00016554094237951429,0.006201802408218537,1.5604131231793754e-05,0.0029387052276202115
42,0.0038549926882813623,6.592412450853482e-06,3.2318641276880466e-05,9.00166070232118e-05,2.0776064846418918e-06,0.6337853413700885,0.0010818346202960535,0.005574230894102829,0.0001529659810672973,6.945166917927765e-05,0.0014452317979799093,0.0013420933187933688,8.857971640172764e-07,6.802617877261818e-07,0.0055293314799050395,0.28480318198559046,0.04961463402709808,9.800012693416358e-05,0.003401396435186398,1.1749428217281896e-07,3.5521176623654566e-05,0.0007143216777305963,0.0045396503020265185,1.608607512874578e-05,0.003809045553518504
43,0.0021966073159783253,4.056399096163321e-06,3.879300057271816e-05,9.46078211927383e-05,1.893397996271167e-06,0.76502664209174,0.0006359603452365006,0.0033187196651510978,0.00015341278592863073,0.00011460150778581104,0.0008824613209817908,0.0004765840886685922,5.25763585086521e-07,7.162428508702306e-07,0.005133571087179423,0.17899346688420117,0.029933859376362705,0.00010150690700200067,0.002652632482713739,1.4053004176675616e-07,3.1735740603422326e-05,0.0003033843695359411,0.006870068181431963,1.5978824616754914e-05,0.0030180738695463356
44,0.004768111104038943,6.361266809290024e-06,6.337052163356978e-05,0.0001148363825788374,3.3525270627185997e-06,0.6240188956122595,0.0012283495036600426,0.004368552653752713,0.00017468011599102435,7.502449396402636e-05,0.0018989825079191935,0.0016778086957197217,8.276963571598993e-07,1.2067615892195862e-06,0.005707266885729684,0.2707167688638696,0.06573852536239978,0.000160500626609919,0.0026487388310461176,1.664175502687079e-07,5.035886685444924e-05,0.0003748836308250033,0.010073953179847519,3.006237720357557e-05,0.006098415114727898
45,0.0022299219150001136,2.8887725365026587e-06,1.802830978712872e-05,0.00014915679562831796,2.6675216373305147e-06,0.7286919126835184,0.0011424370067519738,0.003415611198491294,0.00020641482883646835,5.2072681812067815e-05,0.000789914319360727,0.0008128353450301706,5.0051010267394e-07,3.8810612778945983e-07,0.008128019786937005,0.22416633169230182,0.018863425509599258,9.428923836409145e-05,0.0030684647288835307,1.0750545488858973e-07,1.63566836067891e-05,0.0002699935589939131,0.005541951630992428,1.4003606436593518e-05,0.0023223060638087227
46,0.0029467035824989243,4.394657410704309e-06,6.188360428828004e-05,9.534160865458674e-05,3.971531059755229e-06,0.7318801951712895,0.0013614881284139293,0.0036703899386943224,0.00035241703234910397,9.97675475536415e-05,0.0017950957425518362,0.001119145869273971,7.133334195415856e-07,1.7950496114818572e-06,0.006488400643416984,0.20099405451409916,0.027632126364419654,0.00019169715398578593,0.0028960839195914124,2.393136951369184e-07,5.3970677232615175e-05,0.00028008119727572603,0.010986992317487267,3.5751825618380923e-05,0.007047299276108156
47,0.008303842641779215,1.1084765920878252e-05,6.044689833911131e-05,7.21686069479734e-05,1.8581646319228705e-06,0.4538769770896134,0.0010665317431948415,0.0057039270775507585,0.00014167307633782222,6.038151007070843e-05,0.0019277961699289306,0.003633818676577098,1.2025613273619316e-06,8.987898491059778e-07,0.005374290759121539,0.4237814039963781,0.08103672035130667,8.957702344387885e-05,0.001958287175550689,1.2285245395104555e-07,2.7389238588843145e-05,0.0008634138663085321,0.0039875135963939904,2.6815595013154318e-05,0.007991857773371478
48,0.003612192000942055,1.1627733091704275e-05,4.601404700900933e-05,0.0001299906375548555,1.4450166572696499e-06,0.45037648573129185,0.0007193963095731372,0.005293606604221022,5.69112890495223e-05,9.177463459803816e-05,0.001059752181378134,0.0012934484255782825,5.916855149564734e-07,7.489732826076667e-07,0.004445382576165781,0.3655937329075443,0.15190472757848797,0.0001109752439023594,0.0030024462112157495,9.299153134413426e-08,3.8447664865715705e-05,0.00039624922645707314,0.008013986491764132,1.3300571172157266e-05,0.003786673267150978
49,0.005009214825471562,5.546996129783567e-06,6.381832937344566e-05,0.00010291295792965208,2.776668559793494e-06,0.6904409726784476,0.0011289345833443661,0.004184913904901561,0.00016577693856971353,6.411525995430037e-05,0.0017063919797582845,0.001757782300153642,8.117415696670091e-07,1.013956734802411e-06,0.004054907214082545,0.22018622785147265,0.055307692190694556,0.00013967798682095055,0.001758373587772395,1.493820834658418e-07,3.78004722232004e-05,0.0003658525637972234,0.008508497096382206,2.65403765207185e-05,0.004979298157251932
50,0.0036941830919339654,8.002413075118768e-06,6.967069841672937e-05,0.00010914588933998363,2.6537835728460263e-06,0.6004010790046205,0.0012954159383363932,0.006398083466474644,0.00020858931862633172,0.0001324341308103089,0.001540519606359246,0.0014255044416787105,9.433178766941513e-07,1.6811482662536055e-06,0.006494366196207293,0.3052889542363548,0.054603833903380666,0.00014825985807327338,0.0036208935236921595,1.8712777667780698e-07,5.73608890787391e-05,0.0005152441053342866,0.007403299577772981,2.260544151800334e-05,0.006557088891423347
51,0.004412835601008835,5.5981043069526445e-05,4.5716830448613956e-05,0.0003300973707712254,3.2693639937462137e-06,0.5350681851435308,0.0008365696326173794,0.023536731182005333,0.00016883033072499304,0.00021096874550166907,0.003640728124178358,0.004900651121392846,1.128712663642523e-06,4.101316428425775e-06,0.015524579108812303,0.30113346163459215,0.0906241930386553,0.00013212166471100574,0.004313480973185888,1.6571646872785383e-07,3.03953768818189e-05,0.002087366611855937,0.003609410829178601,9.966627764279422e-06,0.009319063899558585
52,0.005824787830488397,1.0824384347735e-05,8.994278138501623e-05,0.00011597302489513383,6.037900467158719e-06,0.5598037972239973,0.0019356286730260876,0.0045955015369595655,0.00021046756179612255,5.914030313933174e-05,0.0028600946521004852,0.003235216620310935,9.92608971549764e-07,2.0012812305220142e-06,0.00570991189551591,0.27442914534489204,0.11396402675255196,0.00013651449047366262,0.0023618049454021883,1.717767131456613e-07,8.602134176236997e-05,0.00045313997912968155,0.012871545533558784,4.608646921225468e-05,0.011191225087672585
53,0.004167598245266363,4.726354230866508e-06,5.300793235372568e-05,9.954480434696037e-05,2.8679488245019964e-06,0.6220977646472485,0.0020130445547208984,0.004158434481547174,0.00022352953136394702,4.681466292980551e-05,0.001562265976104035,0.0022227056548824865,7.16610077586869e-07,1.171118344119188e-06,0.005587598818171534,0.2875145049107056,0.049350215645604247,0.0001487386997004834,0.0021412643425050048,1.5137068703329542e-07,4.3863907961629245e-05,0.0002825295114114832,0.011445190058898415,2.922651228023092e-05,0.0068025236998332855
54,0.0029779922559001657,1.3531457396179447e-05,6.702085546315372e-05,9.113046849491818e-05,2.5246665256825317e-06,0.4044357656661068,0.001069728290542104,0.004102082012024931,0.000285331449760963,0.00010816348201259821,0.0013133230045400636,0.003506833018728229,7.296442896522418e-07,2.5049593195843317e-06,0.010786916265297807,0.4826480168627134,0.05946966202331151,6.629683276619815e-05,0.0021485341017644013,1.8353007538493765e-07,2.848086591938902e-05,0.0005226992968434519,0.006272725658526514,3.9573277278996505e-05,0.020040250054398103
55,0.0057829891166181775,4.351924562661142e-06,6.0058138873765284e-05,0.00012480036630086992,5.767048290231504e-06,0.6113256262992824,0.0026776099043636665,0.0032673199825860788,0.00035906684261742284,3.3908058892368746e-05,0.0021148015170626535,0.0047841193773302945,9.371352451829515e-07,1.1620435243327497e-06,0.004570871186752108,0.299228062029221,0.042293006697848766,0.00018872057246250963,0.002083937943608147,1.5447339962838627e-07,4.264410756534942e-05,0.00026594446845077725,0.011907532288664544,7.134983590040602e-05,0.008805258640576682
56,0.0049754440687612,6.467952948312128e-06,6.47231136964255e-05,0.0001150446509161128,3.407563413076508e-06,0.6229367079982274,0.0012645535785592388,0.004473563504687784,0.00017903718614242057,7.515755109533827e-05,0.001953975457901569,0.0017456337092331216,8.821229302916153e-07,1.2378571748598129e-06,0.005663021914923443,0.2712813500246377,0.06572183450767684,0.00016569562508273277,0.002688287981276666,1.7271887078368293e-07,5.201319252553588e-05,0.0003932877618358025,0.010067581016732599,3.1157946925802005e-05,0.0061397609938247145
57,0.004471304771108915,8.842707413256987e-06,6.01399195855297e-05,0.000107102104529156,3.194497642988593e-06,0.49160709397446883,0.0015277154015025589,0.005130219902210101,0.00015951150405281423,7.893715552362618e-05,0.0019402547586454362,0.002033192094402329,1.1133631084262164e-06,1.220143029834872e-06,0.005697624488644519,0.3876934873931417,0.07877543958310677,0.00016905142374174428,0.004734543338710766,1.637590271345827e-07,8.034115563301519e-05,0.00048880273005043,0.00845801956431798,3.3104803095509345e-05,0.006739579463306578
58,0.004405022333329516,6.2135909825993264e-06,6.556098082210224e-05,0.00011631724985320348,3.9490532221983785e-06,0.6178478419100546,0.0012640232647564084,0.00351281670365195,0.00020023741957916354,7.517894048601667e-05,0.0017912421070276827,0.0016941846696784545,8.984829966325862e-07,1.2272049365572164e-06,0.005592432200973133,0.2802410999781935,0.061950543330682624,0.0001584920838474538,0.0026813395771841425,1.9613688405631383e-07,5.408361438218851e-05,0.00034177408645953217,0.011311519767687088,4.2532460787158394e-05,0.00664127285154212
59,0.004353629914057947,6.403049370548675e-06,7.329855427942165e-05,0.00011166581656836693,3.843013515203333e-06,0.6090977363314782,0.0012470547529229903,0.003552788324160342,0.00019250538859672803,8.011386056260739e-05,0.0017387905330402923,0.0016373341829826176,8.865529145388771e-07,1.2924624878446148e-06,0.005145567195867462,0.2854253455819067,0.06606208577323412,0.00015935708442029297,0.0025161915923678363,2.0093962786778668e-07,5.6521934167001664e-05,0.00032732399092526873,0.01138810635158952,4.237230546406257e-05,0.006779584513492191
60,0.004768111104038943,6.361266809290024e-06,6.337052163356978e-05,0.0001148363825788374,3.3525270627185997e-06,0.6240188956122595,0.0012283495036600426,0.004368552653752713,0.00017468011599102435,7.502449396402636e-05,0.0018989825079191935,0.0016778086957197217,8.276963571598993e-07,1.2067615892195862e-06,0.005707266885729684,0.2707167688638696,0.06573852536239978,0.000160500626609919,0.0026487388310461176,1.664175502687079e-07,5.035886685444924e-05,0.0003748836308250033,0.010073953179847519,3.006237720357557e-05,0.006098415114727898
61,0.004700707568701029,5.952235117352301e-06,7.812348174221248e-05,0.00010818396329141905,3.856946623161234e-06,0.6226094079224008,0.0012662417652958655,0.0036363618539664317,0.0001988607149764456,7.899680464994189e-05,0.001806092558601787,0.0016383736866235035,9.045028312443002e-07,1.286953322061123e-06,0.004901425470853261,0.27486462068658424,0.06298353735204924,0.00016700460409043027,0.002436899578083124,2.001738080713062e-07,5.7658948130696244e-05,0.00032335223426426175,0.011396769830458174,4.3434909689721905e-05,0.006691745253845567
62,0.004768111104038943,6.361266809290024e-06,6.337052163356978e-05,0.0001148363825788374,3.3525270627185997e-06,0.6240188956122595,0.0012283495036600426,0.004368552653752713,0.00017468011599102435,7.502449396402636e-05,0.0018989825079191935,0.0016778086957197217,8.276963571598993e-07,1.2067615892195862e-06,0.005707266885729684,0.2707167688638696,0.06573852536239978,0.000160500626609919,0.0026487388310461176,1.664175502687079e-07,5.035886685444924e-05,0.0003748836308250033,0.010073953179847519,3.006237720357557e-05,0.006098415114727898
63,0.004605303609089031,7.553106014810753e-06,6.161801839434354e-05,0.00011696963834125573,3.2245026049718622e-06,0.6041960389300703,0.0011645928137961684,0.00454799974263918,0.000168722666643339,8.075721952354955e-05,0.001882423443256798,0.0017578840721753823,8.376617321123357e-07,1.2562416479639255e-06,0.0059999821825063105,0.2856995043466121,0.07031920532548154,0.00015103209804958118,0.00275612995990246,1.6669862196527168e-07,4.9040926450161566e-05,0.00041126079750695825,0.00956404509122421,2.943670669117163e-05,0.006425014201024393
64,0.005068043680723898,6.955669448556385e-06,7.923863182787934e-05,0.00011397331747722412,3.90957269820428e-06,0.5885963513693233,0.0015031347358216243,0.004613007982463791,0.00016953229579461617,7.89027813085899e-05,0.0021251983937265553,0.0017022919588096758,1.0061835049408892e-06,1.4482685201515042e-06,0.005065599234152517,0.2879689571507641,0.08079896489483243,0.00020167571272903295,0.003151984455603213,1.9474634931720459e-07,8.156880852417909e-05,0.00037506211398465175,0.011858947872893702,3.522738835419658e-05,0.006398822780363485
65,0.005067711828471155,1.2099448630368212e-05,0.0001172350734328596,9.13418161473672e-05,3.89770240370454e-06,0.528295307007914,0.0012517367378013144,0.005569894359678876,0.00030123665398056504,0.0001259726399099136,0.002330393837992649,0.003006138667653504,1.2776624915480365e-06,3.148400627501585e-06,0.006574216381630401,0.34992215693973905,0.07188812025941124,0.00013068542425256945,0.002030132368834426,3.1252522528272604e-07,5.541579951919581e-05,0.0006692312187552559,0.007868432004138037,5.0241646388746655e-05,0.014633663594970384
66,0.009950717193997228,5.9121781405953115e-06,0.00013436324608401393,0.00010790409860836572,4.113778387882272e-06,0.5593858442824811,0.0018562706442900928,0.009282539294560143,0.0001852429074627712,8.733721842185091e-05,0.003014934971552278,0.002189753214155682,1.8227233981429414e-06,1.496969319103245e-06,0.004340666347972691,0.33024765986597415,0.06370599823551286,0.00029298588818561024,0.0025452997925703796,2.7642191123152865e-07,7.650049262344028e-05,0.0005274912243999162,0.006758179683945985,2.9947025879572058e-05,0.005266742300164936
67,0.0039333586676215965,3.0450652583379787e-06,0.00022886673503540346,0.00012609160108741652,2.925513837463066e-06,0.5156310724023111,0.0009973486678101662,0.00276354160666285,6.65656073747271e-05,0.00011666926916499699,0.001182838747957197,0.0004955518835072801,7.735653663103901e-07,1.5628362654985558e-06,0.0016903685046153942,0.26880048309190174,0.14712176960085216,0.0005401950321809002,0.0020778073693812917,3.8079180900386195e-07,0.00019567324716692454,7.017255425854209e-05,0.05026102050704011,5.42528249719505e-05,0.0036376643065615132
68,0.006267768571938718,7.879758131590596e-06,4.555128348356225e-05,0.00011159890727862802,2.5730004252435664e-06,0.552212028193565,0.0011866461437302065,0.0069839263451639015,0.0001038370042232468,6.684041854697162e-05,0.0023663662639889604,0.001502811969189389,9.29186434178245e-07,8.125279018179206e-07,0.00597549894795335,0.3164577067248724,0.09014448340422927,0.00018641603584886962,0.004449904054997122,1.1699780222115045e-07,6.296577696296008e-05,0.0005930104610188759,0.00717263872752086,1.7207624774748643e-05,0.004080481670017932
69,0.0048738471382462805,6.636034242305775e-06,5.642169529611279e-05,0.00011616166855161615,3.498886090068212e-06,0.634524680944279,0.0011767567632264217,0.004154670373093067,0.00017373036347777382,7.027565401898166e-05,0.0019637493685203265,0.001730228185813958,8.021165207548694e-07,1.0970543001691684e-06,0.006229611676600865,0.26026837364663336,0.06605741979083682,0.00014101946920669518,0.002617674107027711,1.5124368787154452e-07,4.425694783867694e-05,0.00040398687136529985,0.009294572255994693,2.855627588794787e-05,0.0060618214692432
70,0.003297956237393846,3.1705182007520364e-06,4.5504291361208824e-05,0.00020551669455095946,1.0698025731337803e-05,0.8661631342039311,0.0014169686010671154,0.0029588319738625443,0.000362981440169584,4.132001106317872e-05,0.002037235922221768,0.0013471638028407923,4.344878650778159e-07,1.4301777175041564e-06,0.006841901731541298,0.06706788552522863,0.02714467449746632,0.0001113640475851773,0.0011036677355107558,1.480511567820146e-07,2.6985298087182938e-05,0.00019511435530369792,0.014981910755548018,2.5000099255531702e-05,0.0046090015153399475
71,0.001979533771626793,1.0338139479795742e-05,0.00013200281009886252,0.0001303611977976796,1.2162108674892393e-05,0.5006999483733233,0.004157082081358349,0.005684265484099746,0.0006987403381541154,0.00014299499117637876,0.0020004275717490955,0.0022605256986706645,1.3493765698155788e-06,7.576578597250341e-06,0.004676098152641539,0.37791224725174494,0.05710603285832119,0.00035148432778163153,0.003714949821172933,7.769037587872373e-07,0.0002189890453107724,0.00031607601127555437,0.021282838550319046,0.0001144338098586335,0.016388764746438092
72,0.0014956180909352055,3.839685019253627e-06,2.031161378894794e-05,8.206404677761368e-05,8.149645145265672e-07,0.6157227871787707,0.0011047091500903225,0.003185369439223907,0.00010936114140478969,6.853537205378252e-05,0.00035973047351321784,0.0005871812484479528,5.195361810421647e-07,3.044929893766726e-07,0.004837033517837474,0.3385471098878852,0.024810048288816673,7.028341709214693e-05,0.0031121054617534935,9.316510867082279e-08,1.845935354073846e-05,0.00025402149144068236,0.003801694242224125,7.916911812732726e-06,0.0018000878287772698
