,0,1,2,3,4,5,6,7,8,9,10,11,12,13,14,15,16,17,18,19,20,21,22,23,24
0,1.2623728138708403e-05,1.4553731621055764e-06,2.6131416982203974e-06,1.2725602598503817e-06,3.2171427424954094e-05,0.9676823995957001,0.0005935021331637856,1.271990322128907e-09,5.4957882639002294e-06,4.390173321463597e-06,0.00021620987889967282,1.1505829846846378e-06,6.635658650733614e-10,0.0036183884774439474,0.00037726885686731267,0.02649944701014711,7.521767980955386e-12,4.5292509393195457e-07,3.66728567151367e-05,7.188648282131953e-08,1.3258383631580204e-05,4.691837363852875e-07,0.0008837511858459333,8.830086614048189e-10,1.6932024931699842e-05
1,1.0465885965492192e-05,2.471865470915557e-06,2.226108451084699e-06,2.196341262100165e-06,3.238801866583833e-05,0.9455887193034782,0.0006749916516599959,2.155118581969207e-09,8.94878870458562e-06,1.1817709812828542e-05,0.0001348733120960773,8.485839892072896e-07,5.380837352675469e-10,0.004836153277222319,0.0005523179530516053,0.04687343660855514,8.17593496257458e-12,3.8273541666822116e-07,8.168461100668662e-05,8.788517092378017e-08,2.7273605137191815e-05,6.991365661113665e-07,0.0011162998938624472,7.852551596310692e-10,4.1713237821022246e-05
2,2.2116921922300792e-05,3.193439761986576e-06,1.4471235485766475e-06,2.101666861251337e-06,2.8015497363758653e-05,0.9356689352515413,0.000786555900611704,2.1959137534090864e-09,4.626148777632224e-06,9.35728901536162e-06,0.00015364370983189275,1.193368838556237e-06,5.429411770679592e-10,0.004886438624239387,0.0010074727322935118,0.05417240904751817,2.110506830350165e-11,6.301017074649193e-07,7.57400077506521e-05,8.019373033250806e-08,3.301327099014349e-05,1.4793786579405707e-06,0.0030830153225190372,1.2894254938110011e-09,5.85309531335444e-05
3,1.6222177002545865e-05,2.9733751163006075e-06,1.9314806598339813e-06,2.4059765909477133e-06,3.375187847436627e-05,0.956167306741231,0.000690374206228462,1.6610733305654607e-09,5.126501660339766e-06,8.408175547296348e-06,0.00018658440492098251,1.0984212752275066e-06,5.857157692623643e-10,0.005442102469446568,0.0005591911077593702,0.03493344320725842,1.173584605973046e-11,6.894937343566809e-07,5.833337340070928e-05,7.072272046401968e-08,3.125233898653171e-05,8.171487558628815e-07,0.0018111653240267477,1.1036306938076913e-09,4.674811304773028e-05
4,1.6208820949787704e-05,3.344052689937757e-06,2.1275652142077806e-06,2.4648405533579978e-06,3.885564872268603e-05,0.9587403995625122,0.0006957115608188017,1.5671510865794694e-09,5.036455651928355e-06,8.713437333545928e-06,0.00018664749748499506,1.1552580944573955e-06,7.900721918220336e-10,0.0062084549286072115,0.0005197315077385159,0.031730468981022726,1.2429502436766608e-11,7.205315180004495e-07,5.5610221723940434e-05,7.111277041759302e-08,2.7940894406796544e-05,8.317906788825239e-07,0.0017138978984944286,1.2027368760180362e-09,4.160386062340029e-05
5,1.3978269023985002e-05,2.742230378410771e-06,1.6133710273545368e-06,2.8837869507603926e-06,3.3449977452085584e-05,0.960634792382808,0.000608869842855687,1.5187027037829254e-09,3.923358930162487e-06,8.584712950167212e-06,0.00018069790799015443,9.780664963083554e-07,5.499133280515397e-10,0.005293326402802232,0.0004100012820040452,0.030731444243270966,1.0383420953795019e-11,8.654220293357225e-07,4.7474780311713295e-05,6.93693665808943e-08,3.417906893542808e-05,7.091352358952566e-07,0.0019457964950138087,1.05606795867094e-09,4.361675909927068e-05
6,1.6222177002545865e-05,2.9733751163006075e-06,1.9314806598339813e-06,2.4059765909477133e-06,3.375187847436627e-05,0.956167306741231,0.000690374206228462,1.6610733305654607e-09,5.126501660339766e-06,8.408175547296348e-06,0.00018658440492098251,1.0984212752275066e-06,5.857157692623643e-10,0.005442102469446568,0.0005591911077593702,0.03493344320725842,1.173584605973046e-11,6.894937343566809e-07,5.833337340070928e-05,7.072272046401968e-08,3.125233898653171e-05,8.171487558628815e-07,0.0018111653240267477,1.1036306938076913e-09,4.674811304773028e-05
7,2.14049209607747e-05,5.856676351270846e-06,4.744180746102967e-06,2.7866462611182065e-06,3.530480515813168e-05,0.9705840996853579,0.0013328517070917516,1.8125197432769675e-09,1.1870757352481256e-05,6.863220147890702e-06,0.0004549146711823738,1.4141320853518528e-06,1.9745742052730905e-09,0.006639917797972773,0.0006334010888563019,0.018918026043996013,1.2652909029709707e-11,9.617564845351196e-07,4.5696494668412376e-05,1.3683262697781236e-07,2.1061269226151257e-05,7.808657114184773e-07,0.0012362858639365086,2.17382737500404e-09,4.161461025144034e-05
8,3.270260079398791e-05,5.1520461069256166e-06,3.7707597517427744e-06,5.5180990553522905e-06,4.8959103285647725e-05,0.8964395779447094,0.0012650179177100972,3.4036830040468266e-09,7.303317414700716e-06,2.1392286246852286e-05,0.0001287738964455832,1.2193579816145066e-06,8.363339179552386e-10,0.008552361341663383,0.000990023512666742,0.0883344455494269,2.4673049367643693e-11,8.189476665127873e-07,8.589366571474707e-05,1.042749554061168e-07,6.085668454251816e-05,1.0389504101964814e-06,0.0038378975843421674,3.2817523831169303e-09,0.00017716461266713
9,3.174992974933829e-05,8.101435190670837e-06,9.799379815465267e-06,7.2357772081659e-06,7.62423498195039e-05,0.9304460896221823,0.0015877633234409867,3.848593617271888e-09,1.737036505018613e-05,2.1651486938098445e-05,0.00021713760040218335,1.339520813765996e-06,2.0392152149813924e-09,0.00974983947874891,0.0009472127463155811,0.05440714778656989,2.245149611860703e-11,9.154104250248452e-07,7.720055922111984e-05,1.574428533622482e-07,4.667308309057088e-05,7.421884246728608e-07,0.0021650354122700164,5.75210283184459e-09,0.0001805834391070136
10,1.6222177002545865e-05,2.9733751163006075e-06,1.9314806598339813e-06,2.4059765909477133e-06,3.375187847436627e-05,0.956167306741231,0.000690374206228462,1.6610733305654607e-09,5.126501660339766e-06,8.408175547296348e-06,0.00018658440492098251,1.0984212752275066e-06,5.857157692623643e-10,0.005442102469446568,0.0005591911077593702,0.03493344320725842,1.173584605973046e-11,6.894937343566809e-07,5.833337340070928e-05,7.072272046401968e-08,3.125233898653171e-05,8.171487558628815e-07,0.0018111653240267477,1.1036306938076913e-09,4.674811304773028e-05
11,1.691968514189763e-05,3.184869712205333e-06,2.0482586471368504e-06,2.4794714682992605e-06,3.4661934304096816e-05,0.9570185800634713,0.0007140183851689186,1.6935242345181095e-09,5.29073447446257e-06,8.58027476212451e-06,0.00019254603186900896,1.1654401365716664e-06,6.919549124230534e-10,0.005699272674236479,0.0005500850082415189,0.0337984558816283,1.2591988676184987e-11,7.364669294516363e-07,5.7517466563122465e-05,7.579627873971518e-08,3.0148056823111276e-05,8.51197630470255e-07,0.0018170118807788193,1.1869100717212033e-09,4.636683675274067e-05
12,1.6889991453881132e-05,2.786071220175794e-06,1.438487914665342e-06,2.1766413644433702e-06,3.4356159434103446e-05,0.9563597642482375,0.0005666254241621971,1.2727825851595107e-09,2.9128885197052655e-06,7.780125382919645e-06,0.000155760340813183,1.1574752979711173e-06,5.553781007731751e-10,0.0058352754945159525,0.0004404116475750833,0.034241804389731255,1.2469945770340666e-11,8.277913956554631e-07,4.797345780330211e-05,5.607690052391638e-08,3.0253158664163916e-05,9.010438415135231e-07,0.0022119984469557577,1.0192839330887472e-09,3.8847778901612644e-05
13,3.899898990890039e-05,3.601684540174782e-06,4.830722816496652e-06,2.764772064292719e-06,5.241405497125848e-05,0.9579879522548392,0.0010138942395880128,3.3079894640721088e-09,1.013347784050931e-05,4.716360216564976e-06,0.0007261754525495434,5.23738710543135e-06,1.0068004853978316e-09,0.009088423275788824,0.0011138845194514557,0.027914520655767532,3.434879940050467e-11,9.792121189511972e-07,0.0001245385585331808,1.059583112496642e-07,5.134852039788848e-05,1.7575138865328965e-06,0.00179615372481075,1.3770997092136456e-09,5.7562938254739644e-05
14,0.00012572510364426017,1.2020130402620554e-06,4.529468992947761e-06,3.5889858183914985e-06,2.7440411018475943e-05,0.8728563281862698,0.0017522480970126595,3.551637248152884e-09,4.528925785765241e-06,3.0054323749498653e-06,0.0003459599224500223,8.316328931230962e-06,5.09220666523068e-10,0.010435303276627929,0.001378903206114027,0.10516771885986861,5.267321627799484e-11,1.062912044259324e-06,0.00010767541554474223,1.3054868022777835e-07,5.409253371299691e-05,1.533752816875899e-06,0.0075496343423967615,1.6908376036310865e-09,0.00017106647248614823
15,1.6222177002545865e-05,2.9733751163006075e-06,1.9314806598339813e-06,2.4059765909477133e-06,3.375187847436627e-05,0.956167306741231,0.000690374206228462,1.6610733305654607e-09,5.126501660339766e-06,8.408175547296348e-06,0.00018658440492098251,1.0984212752275066e-06,5.857157692623643e-10,0.005442102469446568,0.0005591911077593702,0.03493344320725842,1.173584605973046e-11,6.894937343566809e-07,5.833337340070928e-05,7.072272046401968e-08,3.125233898653171e-05,8.171487558628815e-07,0.0018111653240267477,1.1036306938076913e-09,4.674811304773028e-05
16,1.2107766076487973e-05,2.457309400688021e-06,9.770639434529342e-07,2.5205881811617946e-06,2.2894154531612334e-05,0.9493666910085251,0.00054931144920889,1.617605677700006e-09,3.0159616920426803e-06,1.2942109238421642e-05,0.00012761215425327973,8.989712194752533e-07,3.0978504601399214e-10,0.004702975846760612,0.000377123780391643,0.04275589444529072,9.899117426190335e-12,8.913679842975664e-07,5.3714131850150136e-05,6.121325334933705e-08,5.747801531064089e-05,8.995681315355963e-07,0.0019053592524158917,7.310760722682827e-10,4.417117397464497e-05
17,2.0916978898965465e-05,2.676535515121069e-06,1.859482337601622e-06,3.855221167937243e-06,3.26248513002526e-05,0.9532643265716256,0.0007454950473474497,1.386646397510707e-09,3.044972814789482e-06,7.6193826148678285e-06,0.00017893685312098627,1.4551423153230443e-06,6.900391683239979e-10,0.008972783884263346,0.00031758606815367977,0.03369395997106311,1.0944783099289335e-11,1.159154863820343e-06,4.5648062858391046e-05,7.897108280936025e-08,3.580647796099375e-05,7.508554497536779e-07,0.002612820460466228,1.000423100844964e-09,5.659196672569452e-05
18,5.1753435999200296e-05,5.659957103131298e-06,3.054302838820642e-06,3.680283026371227e-06,3.986738960050985e-05,0.9239516966053893,0.0011621206457113895,2.4079200343334086e-09,4.920331570142347e-06,1.1986383075321496e-05,0.00021203718761928655,2.6967202830479628e-06,8.935561577306781e-10,0.00988044517512011,0.0009309604365782438,0.05931718948387589,3.69871344583253e-11,1.6895593792771566e-06,8.115597705972491e-05,8.81122462073431e-08,7.046427117487153e-05,1.9426689580818974e-06,0.00411924920194737,2.8225938091142166e-09,0.00014733571038653655
19,1.228992721340184e-05,3.081273167319235e-06,3.476533686860194e-06,2.574703494793929e-06,5.0136691395539524e-05,0.965012302287832,0.0006131473457516219,1.691657139420103e-09,8.235277240497293e-06,9.475364550157917e-06,0.00019039095809464014,1.3173868616541006e-06,9.215971333966896e-10,0.006725970388873935,0.00043046712752922614,0.025889144955719177,9.560013431069319e-12,5.826578467685453e-07,5.725272055759363e-05,8.069159620349536e-08,2.5502892270891437e-05,7.438092515046388e-07,0.0009250078868875789,1.037859044497986e-09,3.881545950505058e-05
20,1.7618200203646375e-05,4.570507783626491e-06,2.0376756424510014e-06,2.6281242314744725e-06,4.340811262630715e-05,0.9493028342804517,0.0006961487673767794,3.1335002941736873e-09,7.2812007443829995e-06,1.2853099961234323e-05,0.00020159112192861067,1.239830525884471e-06,5.667734368209494e-10,0.005511361907749169,0.0010179256784524637,0.040929166200429544,2.2293211991652954e-11,7.678214371006941e-07,0.00010077130063528526,8.49845137584015e-08,5.141284173288678e-05,1.936161594875093e-06,0.002032222982625676,1.4682190996809294e-09,6.213400856673091e-05
21,2.002189167453294e-05,1.771457289815005e-06,1.7698151817976182e-06,2.4002329807042817e-06,2.4469839456582167e-05,0.9390630178977943,0.0007950180688418307,1.1328846696064089e-09,2.446407679270316e-06,7.266689134506109e-06,0.00014008083477564574,1.6221641745645855e-06,6.96236601172157e-10,0.006366255953985526,0.00029667168619664923,0.05096671260488986,9.188377334677401e-12,7.853448737595712e-07,3.6255658881872514e-05,8.246405374915748e-08,2.656266838876075e-05,5.446682615484316e-07,0.002210220208458155,9.127169858362038e-10,3.602069199997113e-05
22,1.6979794115424112e-05,1.957402161451186e-06,1.907474511403611e-06,1.977624575235627e-06,2.8699905039704236e-05,0.9552881419803624,0.0006186486699028287,1.8127659302675272e-09,3.841206771611662e-06,7.1147106160795874e-06,0.00021022345754392264,1.4131751091398251e-06,4.620959016454373e-10,0.0043871334866635485,0.00040628336246831124,0.037222435465621595,1.430517824485093e-11,9.489786235400804e-07,4.753366124358665e-05,7.945999873490812e-08,3.761209962025882e-05,9.30297562881756e-07,0.0016861745423727317,1.0431570409824943e-09,2.9959912791449196e-05
23,1.6222177002545865e-05,2.9733751163006075e-06,1.9314806598339813e-06,2.4059765909477133e-06,3.375187847436627e-05,0.956167306741231,0.000690374206228462,1.6610733305654607e-09,5.126501660339766e-06,8.408175547296348e-06,0.00018658440492098251,1.0984212752275066e-06,5.857157692623643e-10,0.005442102469446568,0.0005591911077593702,0.03493344320725842,1.173584605973046e-11,6.894937343566809e-07,5.833337340070928e-05,7.072272046401968e-08,3.125233898653171e-05,8.171487558628815e-07,0.0018111653240267477,1.1036306938076913e-09,4.674811304773028e-05
24,1.0214482375596672e-05,3.137386253368934e-06,1.5375340331582975e-06,3.1727475028253424e-06,3.7526561368080696e-05,0.9637673548816174,0.0005387609442751506,1.2656331337211737e-09,3.882219957354246e-06,9.90007214418194e-06,0.00014406863169119525,8.493507888224446e-07,6.513844313761132e-10,0.00702307547921457,0.000314413808857018,0.02648404935124947,7.095565740860271e-12,7.277821101629714e-07,4.9383875643929e-05,6.73042937449483e-08,2.9495104476420297e-05,6.545955562742317e-07,0.0015390002805760025,7.482722742420461e-10,3.8724933629992047e-05
25,2.380519273839093e-05,2.474015134359261e-06,3.608685785894809e-06,4.7409206984103e-06,3.875587652610334e-05,0.9473285016398523,0.0012910373904896088,3.804908267267244e-09,6.577730451840431e-06,6.819747206865588e-06,0.0005178597216437442,2.6910941425481727e-06,9.573370229168232e-10,0.007592684420682988,0.0005207495866403457,0.0400760197194531,1.8710735097452103e-11,1.2041555502595222e-06,8.519362841626763e-05,1.828363071008256e-07,5.3288742044219564e-05,9.25412877313227e-07,0.0023975388200823326,1.421016719070289e-09,4.5334461303376625e-05
26,4.044901163460884e-05,4.264329994712912e-06,4.420266911732262e-06,3.080336407319152e-06,3.9919268783450366e-05,0.9532423311912048,0.0011059872836522429,2.3893969014678997e-09,6.714683520767571e-06,7.837645171808103e-06,0.0003230860409445328,1.7529870135317654e-06,1.1199061354316114e-09,0.005185360803439559,0.0007404989096356419,0.036435495274743615,3.0090106094994293e-11,1.5816777261495673e-06,4.278245427195662e-05,1.0804435846677505e-07,3.797238608586316e-05,9.9818833711774e-07,0.0027031931396666853,4.15038088042133e-09,7.215838672150518e-05
27,1.4785517746773732e-05,2.945130668420953e-06,1.6687215010748722e-06,1.818652954306573e-06,2.4117049626718014e-05,0.9543437388622082,0.0006284865205459076,2.196090366781624e-09,8.233898231720168e-06,1.0233877362333592e-05,0.0001374418698320392,7.880185542187581e-07,3.9833779967583925e-10,0.003497852231349857,0.0008270573097155408,0.03886618611387831,1.191335335947753e-11,5.324063797859834e-07,6.43162768575085e-05,7.948668554636883e-08,2.9498936695816656e-05,1.1166172969635668e-06,0.0014794090162936612,1.0653626964758489e-09,5.9689813911082856e-05
28,1.6222177002545865e-05,2.9733751163006075e-06,1.9314806598339813e-06,2.4059765909477133e-06,3.375187847436627e-05,0.956167306741231,0.000690374206228462,1.6610733305654607e-09,5.126501660339766e-06,8.408175547296348e-06,0.00018658440492098251,1.0984212752275066e-06,5.857157692623643e-10,0.005442102469446568,0.0005591911077593702,0.03493344320725842,1.173584605973046e-11,6.894937343566809e-07,5.833337340070928e-05,7.072272046401968e-08,3.125233898653171e-05,8.171487558628815e-07,0.0018111653240267477,1.1036306938076913e-09,4.674811304773028e-05
29,1.6222177002545865e-05,2.9733751163006075e-06,1.9314806598339813e-06,2.4059765909477133e-06,3.375187847436627e-05,0.956167306741231,0.000690374206228462,1.6610733305654607e-09,5.126501660339766e-06,8.408175547296348e-06,0.00018658440492098251,1.0984212752275066e-06,5.857157692623643e-10,0.005442102469446568,0.0005591911077593702,0.03493344320725842,1.173584605973046e-11,6.894937343566809e-07,5.833337340070928e-05,7.072272046401968e-08,3.125233898653171e-05,8.171487558628815e-07,0.0018111653240267477,1.1036306938076913e-09,4.674811304773028e-05
30,1.6222177002545865e-05,2.9733751163006075e-06,1.9314806598339813e-06,2.4059765909477133e-06,3.375187847436627e-05,0.956167306741231,0.000690374206228462,1.6610733305654607e-09,5.126501660339766e-06,8.408175547296348e-06,0.00018658440492098251,1.0984212752275066e-06,5.857157692623643e-10,0.005442102469446568,0.0005591911077593702,0.03493344320725842,1.173584605973046e-11,6.894937343566809e-07,5.833337340070928e-05,7.072272046401968e-08,3.125233898653171e-05,8.171487558628815e-07,0.0018111653240267477,1.1036306938076913e-09,4.674811304773028e-05
31,2.458820566578417e-05,4.994842255976861e-06,4.1428295583895626e-06,4.496137803573293e-06,6.429971698406342e-05,0.9424157455932516,0.0008247210880338607,2.767625462242618e-09,6.6857466482844184e-06,1.2834260246438728e-05,0.00019515342041811785,1.636383779221834e-06,1.0318785666253415e-09,0.00983006717859065,0.0005152018119556535,0.043865830351172065,1.677869923932915e-11,1.0809049617808676e-06,8.088022784309432e-05,1.0810695853960797e-07,4.768388035953268e-05,1.0192981617304754e-06,0.0020172787025285067,2.0781739858677364e-09,8.154541836635616e-05
32,1.5904897239182273e-05,3.0622005767059093e-06,1.952544962022642e-06,2.3494829818670455e-06,3.507682926376268e-05,0.9543170894742781,0.0006738381032751037,1.8490176344271871e-09,5.684130549435651e-06,9.007722721661692e-06,0.00018122965220319307,1.1248711294485222e-06,5.752509739956586e-10,0.00551477374084484,0.0006095725196465911,0.03674314522558108,1.2584701207533848e-11,6.525820541156902e-07,6.797260141311799e-05,7.211072518982101e-08,3.283459628553307e-05,9.225580153774006e-07,0.0017362185321022332,1.062472529656886e-09,4.7512124825651655e-05
33,1.97474736633166e-05,4.996830037291497e-06,1.4049812426057533e-06,2.05336147709374e-06,5.180421675605871e-05,0.9516634758322645,0.0005473194803859745,1.6219284450098689e-09,2.443772826969504e-06,8.711082235213148e-06,0.0001642317351075874,1.4397440219994191e-06,9.273625791684569e-10,0.008299234423858602,0.0005311832894552975,0.035897878714555374,2.1367358254083708e-11,9.98866168777127e-07,6.924038667794714e-05,7.01483894069347e-08,2.9120964520087333e-05,2.2280068452653803e-06,0.002674268922901926,1.2201599830091184e-09,2.814397579027208e-05
34,1.650311894122356e-05,3.1014847488072495e-06,2.1429213354245133e-06,2.3120101667595983e-06,3.396705026241776e-05,0.9570089432262312,0.000702754579874761,1.771034183280935e-09,6.432375867557034e-06,8.552827725526516e-06,0.0001885585239174921,1.0864694663480504e-06,5.96179465821176e-10,0.005369121387395788,0.000623964549737443,0.03428894089046475,1.1712551070133436e-11,6.345739392938903e-07,6.354683198339796e-05,7.132823178411652e-08,3.034230795520983e-05,8.197523840789777e-07,0.0015979084447743416,1.1184344085660092e-09,5.02918472358716e-05
35,2.3949807418912993e-05,4.7885212414849825e-06,2.6737447218870564e-06,4.447035859700556e-06,2.6390961382150822e-05,0.9595828060661512,0.0007496406392115889,3.945843552117751e-09,1.3985684912246187e-05,1.7833921941947295e-05,0.0002029270379318587,1.3533564868960926e-06,5.581789456564926e-10,0.004727105747309425,0.0005708827240326973,0.032452235316850035,1.8106745080146594e-11,1.6841390322725837e-06,9.105109496390662e-05,1.2781152499300208e-07,6.721033912871337e-05,1.2006950277070663e-06,0.0012836695113471626,1.659069420007625e-09,0.00017402966232445686
36,6.381150315156463e-05,7.192725131695591e-06,8.86839999637054e-06,4.480945382020297e-06,0.00013631422881230974,0.8721985201024046,0.0010280802068116186,6.368626555249586e-09,1.6973772606171224e-05,1.9133276688583132e-05,0.00020682604551764558,6.985218586046733e-06,1.8435232017971217e-09,0.01751261438105671,0.002271014074487634,0.10320702615628767,9.234573735586022e-11,6.652106176887056e-07,0.0003696412143384702,1.0457914074929166e-07,8.031109592806636e-05,3.100136170668237e-06,0.0026165530086423505,3.109049327983276e-09,0.00024177230469634266
37,5.9791282987499425e-05,3.5863740325757168e-06,4.219311625198305e-06,2.6121041849482634e-06,4.220640950868649e-05,0.9354184351182,0.0012045922640056207,1.5969041083846522e-09,3.534253952015164e-06,4.988149224629131e-06,0.00028604275451668564,3.2454972474396236e-06,1.0310759152070938e-09,0.012306062204649398,0.0005413163002337543,0.04713069618502879,2.107243830976411e-11,1.413827264454853e-06,5.716932370816474e-05,8.615952350029547e-08,3.564850491411792e-05,1.108573451841595e-06,0.002833132964734066,2.0327034249939397e-09,6.010775525075745e-05
38,1.9704239286185592e-05,1.8308525938606334e-05,1.2356667924254901e-05,2.402393605952504e-05,0.000284397312957013,0.9490068500800335,0.0007012957481098233,9.713895319641538e-09,2.9255774071504584e-05,3.872478413914824e-05,0.00033958804130578745,2.680523713362743e-06,3.174734325121483e-09,0.0207827160646756,0.0008281566912976915,0.025299657640061837,4.563157768813722e-11,1.6778236879350548e-06,0.0001985957766202998,2.0192679257662776e-07,0.00011370528405951676,1.756294860002227e-06,0.0019688398812978407,4.690420816615463e-09,0.00032748935842592965
39,2.161934738765384e-05,6.721925838968911e-06,2.3500984307812255e-06,2.3962721449591263e-06,3.788914083832534e-05,0.963930713495232,0.0009986290531791577,1.2581320449020132e-09,6.55652082124602e-06,7.62056212768525e-06,0.00025599067138076337,9.455908268871948e-07,1.1089630994011324e-09,0.007653181457719994,0.000878261675203227,0.023973633978068117,1.3457179368743922e-11,7.822238309340703e-07,5.4993624823541695e-05,6.422016474757022e-08,2.3003321713703075e-05,1.0461140819351642e-06,0.002088840547504122,1.7488877372329005e-09,5.475602924126222e-05
40,1.83049457539332e-05,3.118002719977058e-06,2.0229062515575807e-06,2.198224660218671e-06,3.363693357893499e-05,0.9559619738194103,0.000699863483453227,1.6463849756095554e-09,5.149155719705378e-06,7.937409569610562e-06,0.0001896311746253198,1.220712284787667e-06,5.771365343066019e-10,0.00581868066760656,0.000594117782806561,0.03473691153547574,1.2657083955316075e-11,7.13790260306436e-07,6.064288740488514e-05,6.863137819867834e-08,3.1576894386188e-05,9.524341142806415e-07,0.001783558955554591,1.1036306649994818e-09,4.771631317604616e-05
41,4.523308937980055e-05,2.9907724742836312e-06,8.733422475740876e-07,4.1858339483556926e-06,1.7203664753842383e-05,0.942147790374268,0.001387746019549248,1.798223332387805e-09,9.798712307893716e-07,4.693477024724319e-06,0.0005912442813303394,3.673106525218057e-06,7.210192966908035e-10,0.0072742178999219585,0.0003434147076550649,0.03894184910939119,3.252053223392473e-11,4.332390675337833e-06,5.185327877644431e-05,1.3721546007443244e-07,6.442956041983698e-05,1.7721886303278824e-06,0.009067036190385893,1.3295700525789428e-09,4.433974461840761e-05
42,1.6668895102665745e-05,2.7801897245861617e-06,1.5658801363892367e-06,1.7729562641658463e-06,2.8325214491149415e-05,0.8995825229080398,0.0007193109550972011,5.202507987030613e-09,6.88583780357537e-06,1.3766548128786293e-05,0.00016024084604981197,1.3398789582151076e-06,2.6531199339508663e-10,0.0037723654703600284,0.001255070578189115,0.09192329257883246,2.6088933653250365e-11,5.257167200828507e-07,0.00016188492557135022,1.2199544217633044e-07,6.767067670825315e-05,3.1100629490995237e-06,0.0022326223222427465,9.628718384999095e-10,4.8149106407556895e-05
43,4.236245221939975e-06,1.440096580937174e-06,3.990776467474709e-07,1.4436214905156718e-06,2.3356399451109432e-05,0.9523148089372244,0.00021964882542500067,1.7920003514407376e-09,2.6973049467306624e-06,1.8030395791524617e-05,6.310062820684938e-05,3.4132668804157614e-07,1.1876651287588764e-10,0.0016825101608172715,0.0003799934645301055,0.0438791731883936,7.570627680389732e-12,3.9017756522543737e-07,5.5587990222610914e-05,3.593387285579149e-08,4.487935551922301e-05,8.278390633835869e-07,0.0012828674595248592,4.3819252175760983e-10,2.422921528714135e-05
44,1.6222177002545865e-05,2.9733751163006075e-06,1.9314806598339813e-06,2.4059765909477133e-06,3.375187847436627e-05,0.956167306741231,0.000690374206228462,1.6610733305654607e-09,5.126501660339766e-06,8.408175547296348e-06,0.00018658440492098251,1.0984212752275066e-06,5.857157692623643e-10,0.005442102469446568,0.0005591911077593702,0.03493344320725842,1.173584605973046e-11,6.894937343566809e-07,5.833337340070928e-05,7.072272046401968e-08,3.125233898653171e-05,8.171487558628815e-07,0.0018111653240267477,1.1036306938076913e-09,4.674811304773028e-05
45,1.7972193300305077e-05,3.159884882315258e-06,2.6081223955481765e-06,2.23323297815805e-06,3.941731837284247e-05,0.95165736802584,0.0008695014353494882,2.0438437258471853e-09,6.863517333481548e-06,8.256567216144422e-06,0.00021957327296527645,1.1995575176437654e-06,7.567724849081845e-10,0.0054862206940347645,0.0007645957642575593,0.039055170190140515,1.3733877504223857e-11,5.55937645180524e-07,6.960909951870258e-05,8.055201132538916e-08,2.692195383524747e-05,8.546091698283467e-07,0.0017241419865925622,1.3992928896190452e-09,4.369187099989625e-05
46,8.563152489629171e-05,6.388665456112811e-06,4.667227328326651e-06,5.562556317575576e-06,8.178110925183292e-05,0.9093500354797673,0.0010151715322365747,8.389623318686965e-09,6.614000484803378e-06,1.2911111231257538e-05,0.00048673009541275663,6.460140465116066e-06,1.5827717305103357e-09,0.007040269825166314,0.0017823874228923863,0.07294910073918462,2.306326659204279e-10,2.5761246513924265e-06,0.00014232720712440322,1.7455635430426173e-07,0.00012425836578979367,4.2372908344139396e-06,0.006754428276143495,6.929261336590225e-09,0.00013826961672200715
47,5.4510904925192985e-05,2.6870416344023143e-06,2.071568080821452e-06,1.2594010221213492e-06,1.9038893417083888e-05,0.9256647947316005,0.0008330706643587805,1.8285033956103823e-09,3.2181570112754475e-06,5.753687917269488e-06,0.00017974685860530607,3.6784293582314744e-06,5.075470584034255e-10,0.005600414769329091,0.0007235192492581115,0.06419353137896168,2.8654968394813046e-11,1.3075612025584781e-06,5.554528870050574e-05,1.0176545080415188e-07,4.163949310132052e-05,2.6612670612696327e-06,0.002554986329966421,1.3267733602524055e-09,5.6458867558499914e-05
48,2.77070745628652e-05,1.1026445523085168e-05,1.7015859123708254e-06,3.2415309478776705e-06,6.361179585058086e-05,0.8985128127423496,0.0010925800761310293,5.0348278155979e-09,6.372023784861544e-06,2.3903292081845636e-05,0.00019332963346469035,1.4424905515175112e-06,1.1491880267612752e-09,0.008876021982458304,0.00205982774233665,0.08383383184698805,6.247895213041356e-11,8.519440711322031e-07,0.00024944892730940677,9.542645835976753e-08,7.176841019929525e-05,4.090849184623861e-06,0.004884149745208389,2.7081925877831093e-09,8.217547993811424e-05
49,1.3736332457268833e-05,1.8920021131700698e-06,1.678596391431153e-06,1.7837976330473578e-06,2.9591130389962284e-05,0.964484663060305,0.0005005146623291416,1.2860823992128978e-09,3.486287525834978e-06,5.9313228492387935e-06,0.0001770132288794409,1.4068038197217043e-06,5.12660970930902e-10,0.004721826024951399,0.00036078500836828834,0.02815910880422259,1.010195889421982e-11,7.251669996309485e-07,4.131542339100741e-05,6.976219068109497e-08,2.5088122121641068e-05,8.486952924439252e-07,0.0014409133938333557,7.375258462218734e-10,2.761982756443692e-05
50,9.448709728771818e-06,3.6204475784753347e-06,1.5765929175595666e-06,2.204285562485896e-06,3.215159171769701e-05,0.9205249416038107,0.0009016652828513861,1.824822138308091e-09,6.385756888017711e-06,1.880942593466035e-05,7.815028275033268e-05,5.420681160374496e-07,5.196152896168165e-10,0.007908178280989496,0.000542896303301608,0.06843083715747879,5.597328132389187e-12,3.163489934170837e-07,0.00010311218269999828,7.190932592445553e-08,2.699390733547041e-05,8.932898060411992e-07,0.0013613362038668595,6.897716728104503e-10,4.586532853966989e-05
51,8.778120379756403e-06,2.9034014143073394e-06,1.30633967784403e-06,3.3391888560420526e-06,2.7393905960185852e-05,0.9717667451904516,0.0006326624171966601,1.428443756206059e-09,3.973372415755791e-06,9.180188342153012e-06,0.0002270169933311761,8.429990246068323e-07,4.454949935950384e-10,0.0068386528985080125,0.00028848925548418763,0.01872035822121253,5.794655164702582e-12,1.087569695181916e-06,4.7328653850583646e-05,6.782086133291117e-08,4.753931798724219e-05,7.585533628392492e-07,0.0013379977874161896,6.046326525675018e-10,3.357532020599777e-05
52,3.955959251499604e-06,5.222665802046484e-07,2.604307733370194e-07,5.674500969569565e-07,3.903122019030162e-06,0.989063920159868,0.00026291719945589683,2.412407449532367e-10,9.578010087974138e-07,2.2616288080707175e-06,9.054937724543987e-05,2.1686860899711307e-07,1.7279137746851248e-10,0.0009773689164100327,7.313737014065649e-05,0.008694491458204834,1.4042581335292718e-12,8.260890512410181e-07,3.853438612518082e-06,4.3032233270473114e-08,5.757298642483179e-06,2.2773721234455963e-07,0.0008093620283674111,2.383642529192591e-10,4.899713608266511e-06
53,1.7966944998690398e-05,2.123543841547626e-06,1.5316683541382873e-06,2.018534530468618e-06,9.600524964774287e-06,0.9459569484130198,0.0019646988957993414,1.4454703300015867e-09,5.179606386701055e-06,5.573968839921256e-06,0.0002628410742157107,6.053464435829999e-07,5.350407941229637e-10,0.0030743218174029275,0.0007028933856475368,0.044670875704607836,7.957216275860466e-12,6.589313189778694e-07,3.0445858649399382e-05,1.3430649969481355e-07,1.8856688022387717e-05,5.596996185377348e-07,0.0032342573700526204,1.3824972779209893e-09,3.790434581953774e-05
54,2.056315473260155e-05,4.197342084589373e-06,2.044054232789485e-06,2.079611104911104e-06,1.990033318384707e-05,0.9226442799211437,0.001162340174610398,1.076791697497125e-09,6.2499232881443216e-06,1.2416174450073066e-05,7.788083794191717e-05,8.908227848488772e-07,6.71691802516433e-10,0.008985636043610221,0.0006870614366527805,0.0643563257030608,6.559754815131964e-12,3.949269210956771e-07,6.0768617614529314e-05,7.824790781062532e-08,2.1468523375545317e-05,8.863178212483811e-07,0.001842683998858037,8.627915692812315e-10,9.18512167853714e-05
55,2.692590523866704e-05,3.7503587235016692e-06,4.603409460561818e-06,3.5918578724377656e-06,3.0371775850664744e-05,0.9674996322723384,0.0009299164271196512,1.6976085367862774e-09,1.1760494940356068e-05,6.717297956438058e-06,0.0003000606501050748,2.1471211423471382e-06,1.2874887601072646e-09,0.006581785894187291,0.00049358539874878,0.022748635009609986,1.1146619871515579e-11,1.1033110367111082e-06,4.749132738479776e-05,1.2895437455657885e-07,2.7177050619161438e-05,5.832145475663611e-07,0.001184080606747953,1.5443322138030875e-09,9.594712141909001e-05
56,1.7293619107608646e-05,3.3741589913007994e-06,2.159483457835932e-06,2.535538390182968e-06,3.678903376181547e-05,0.9568058759971163,0.00072205444957178,1.7874035568317125e-09,5.569031962241484e-06,8.770550870703263e-06,0.00020027107628738743,1.1968733103464181e-06,7.467707883295794e-10,0.005729191956341477,0.0005765714238363244,0.03394145730687294,1.3457837080956338e-11,7.410789033885413e-07,5.995385998699546e-05,7.870521533314605e-08,3.0470789312885232e-05,8.694625810194052e-07,0.0018083005955835437,1.2710884340555495e-09,4.64711898179834e-05
57,1.9723178780154168e-05,3.574545394909966e-06,4.452749842978127e-06,3.093138266020647e-06,8.376898901918669e-05,0.9286008466362469,0.0005311166744190002,4.256244269171816e-09,1.060956361736232e-05,1.6425016126924977e-05,0.00016871264843742285,3.093179102447127e-06,8.819639691568349e-10,0.008153471505002882,0.0007634250578762654,0.06009039079206739,3.058726611503491e-11,6.06587386310931e-07,0.00017031429373835793,1.0151548300561584e-07,6.093268583224838e-05,1.7368811380142986e-06,0.0012422621955673757,1.284825979088607e-09,7.133571303342445e-05
58,1.9734153470723605e-05,3.6804713927523594e-06,2.3109873456298314e-06,2.6133454520282106e-06,3.911839883972605e-05,0.9532550040656765,0.0007799150338650172,1.9207178235587144e-09,5.475948677881596e-06,9.322402740719368e-06,0.00021215948229243379,1.2335427241678418e-06,7.278012364565492e-10,0.005695487519700244,0.0006579075539561796,0.03705037398867498,1.632661069213233e-11,8.190325575865847e-07,6.15914641197546e-05,7.593064032632947e-08,3.5115156258375046e-05,9.526642076884441e-07,0.002114224625845014,1.595444831068888e-09,5.287997127161792e-05
59,2.228825951409344e-05,3.483817007234788e-06,3.0111839060914384e-06,2.818367883225712e-06,4.159274768307968e-05,0.9500168714193941,0.0008592102488920252,2.1213255772393467e-09,5.998200466692191e-06,9.163015365880091e-06,0.00022390202245970028,1.3869021709885917e-06,7.869091087202213e-10,0.0058702158469719195,0.0006423425166638017,0.04005768259527159,1.7104389625600156e-11,8.764139284606198e-07,5.895181600099642e-05,8.7707731657133e-08,3.592688656763171e-05,9.136720907667306e-07,0.002086992510832938,1.8918335649708288e-09,5.627903202453723e-05
60,1.6222177002545865e-05,2.9733751163006075e-06,1.9314806598339813e-06,2.4059765909477133e-06,3.375187847436627e-05,0.956167306741231,0.000690374206228462,1.6610733305654607e-09,5.126501660339766e-06,8.408175547296348e-06,0.00018658440492098251,1.0984212752275066e-06,5.857157692623643e-10,0.005442102469446568,0.0005591911077593702,0.03493344320725842,1.173584605973046e-11,6.894937343566809e-07,5.833337340070928e-05,7.072272046401968e-08,3.125233898653171e-05,8.171487558628815e-07,0.0018111653240267477,1.1036306938076913e-09,4.674811304773028e-05
61,2.0949551212631344e-05,3.4862911388745253e-06,3.099401716740965e-06,2.7131791911305643e-06,4.2978045171808115e-05,0.9533598224981928,0.0008098410149073608,2.037787840551122e-09,6.40587653489938e-06,8.719332042983252e-06,0.0002299740594663789,1.4605792147178168e-06,7.93667913303611e-10,0.006134628440162627,0.0006265703308600297,0.036763981452127684,1.608758107887832e-11,8.158771343723758e-07,6.198945455722787e-05,8.573561969714862e-08,3.458369034407888e-05,9.227368000858749e-07,0.0018333883550171932,1.6494538967190902e-09,5.35796015892946e-05
62,1.6222177002545865e-05,2.9733751163006075e-06,1.9314806598339813e-06,2.4059765909477133e-06,3.375187847436627e-05,0.956167306741231,0.000690374206228462,1.6610733305654607e-09,5.126501660339766e-06,8.408175547296348e-06,0.00018658440492098251,1.0984212752275066e-06,5.857157692623643e-10,0.005442102469446568,0.0005591911077593702,0.03493344320725842,1.173584605973046e-11,6.894937343566809e-07,5.833337340070928e-05,7.072272046401968e-08,3.125233898653171e-05,8.171487558628815e-07,0.0018111653240267477,1.1036306938076913e-09,4.674811304773028e-05
63,1.710192759927943e-05,3.5772969505572996e-06,2.0084739602232896e-06,2.3840201187712043e-06,3.332001327205612e-05,0.9582964339686098,0.0007276325332900048,1.7244531245146075e-09,5.698444271723525e-06,8.744609419871863e-06,0.00019850949631189326,1.0733954126967177e-06,6.621764219435637e-10,0.005393974921063566,0.0006156315365616849,0.03275151541168615,1.279628851164982e-11,7.439264197014453e-07,5.8080670857577314e-05,7.576056685865008e-08,3.091273963930294e-05,9.235259700406261e-07,0.001803118023078919,1.2564030259687427e-09,4.8535649110440896e-05
64,1.714714250931953e-05,3.062334786337406e-06,1.9014919642247485e-06,2.730236013212102e-06,3.917384595395105e-05,0.952801548473461,0.0006377037901648046,2.1902778388244613e-09,4.998515829830378e-06,1.0008424529976114e-05,0.0002130264727891017,1.3118205173825814e-06,4.944937254895871e-10,0.005145825409073433,0.0006226175481194669,0.03834586653142887,1.613760835023694e-11,8.201893791222953e-07,7.172412789192023e-05,6.79088523479096e-08,5.005568756917483e-05,9.521144296306728e-07,0.001976421839217426,1.2436321429458875e-09,5.3032150978280235e-05
65,3.3571888774230887e-06,2.104280658621153e-07,2.2762091062409712e-07,1.1510101652116003e-06,2.2886381999566664e-05,0.974331620189549,7.0362099652524e-05,2.7912735377750435e-10,2.1822874472979923e-07,3.6298974910991906e-06,4.210581617534904e-05,1.1690544285519064e-06,8.210158219013986e-11,0.00337055388111632,3.061428465195293e-05,0.021109328140032323,2.2370574452436835e-12,6.746081227844168e-07,1.3855293119989624e-05,1.5491251226521234e-08,2.5300761526258165e-05,2.497497939690467e-07,0.0009661814402485044,7.177630587782609e-11,6.2879988346507555e-06
66,1.6063584431705103e-05,2.9504222133748097e-06,1.9309766163891592e-06,2.4023411971159212e-06,3.365405626145825e-05,0.9560804846183943,0.000688896702033759,1.660671047853814e-09,5.140068212222222e-06,8.439106328457515e-06,0.0001850794736781259,1.095759362693131e-06,5.857660818373919e-10,0.005436983637511526,0.0005537865537482597,0.03505217052816538,1.160143362574592e-11,6.840864522334549e-07,5.8358447876522374e-05,7.108254476442723e-08,3.108333664558384e-05,8.123093290546205e-07,0.0017934718813416887,1.0919474246141431e-09,4.6437677669568264e-05
67,1.4967774153967122e-05,6.217543908977046e-06,2.440516077113394e-06,2.6327456854760404e-06,5.5841492157207e-05,0.9621016874992679,0.0006126680536014397,3.086514231889314e-09,1.3704210584944678e-05,1.5026636254430564e-05,0.0002442817773650026,8.752867874402245e-07,5.223020254963035e-10,0.005331955249277761,0.001082585582047121,0.02917706332450154,1.5672502488812682e-11,6.210850495226919e-07,0.0001250697083973608,5.530498260558995e-08,5.5217263115215146e-05,1.2086507736094976e-06,0.0010821485153793325,1.5010224320342192e-09,7.372665512073928e-05
68,1.712604595860934e-05,4.9074271307823075e-06,3.986984831945427e-06,2.9420723876641476e-06,7.392986661228167e-05,0.937048875391539,0.0008803873709224154,2.6215276857907566e-09,1.106222212831589e-05,1.3691232598064378e-05,0.00017244815121887286,1.1981956464461544e-06,9.605587322742235e-10,0.010020565168648105,0.0009251679574853923,0.04921575547436754,1.3594607043747405e-11,3.979764724425045e-07,0.00013738396426828619,7.136137952352858e-08,3.253486814449814e-05,9.6639143115046e-07,0.0013731420772148395,1.4045517757566207e-09,6.345479938100824e-05
69,2.1344305629480438e-05,3.4430655921642272e-06,4.428302671333585e-06,6.460546148956758e-06,3.9588145841011076e-05,0.9253377057816422,0.0010972668632943832,4.502476813194538e-09,1.0522404427960568e-05,1.6894963000891467e-05,0.00019798580357414206,1.4333794136000312e-06,9.134619778196978e-10,0.005303980391688228,0.0006290050664546636,0.06460909350613434,1.9502472076928985e-11,1.0424945982242338e-06,7.361125324694267e-05,2.1727246028745383e-07,5.968679085250874e-05,7.712559003272785e-07,0.002462992912528455,2.6379000329704268e-09,0.00012251742155845505
70,1.07930833200058e-05,4.334571116591256e-06,1.0521165889718518e-06,2.4026681703404143e-06,3.949872141774643e-05,0.9599561193775553,0.0006021522139091879,3.207672671658795e-09,6.960968799545862e-06,1.2028637020980486e-05,0.0002926493851409698,5.793126238323278e-07,4.1578240349396616e-10,0.002625114002628108,0.0012404244008495918,0.03274747337765232,1.8811023379230212e-11,6.488491174140791e-07,9.946773438777751e-05,6.034366188651911e-08,4.949292292832653e-05,1.0367599373436925e-06,0.002265727417363653,1.6098331859274333e-09,4.197788371066224e-05
71,1.0603427801383816e-05,3.5137541862992696e-06,1.6600636990028784e-06,1.9667195163959598e-06,4.495618541284434e-05,0.9685382249051563,0.0004109142412206143,1.1913944776247722e-09,5.634881275645519e-06,9.976283443013403e-06,0.00013282570769105738,7.763108214177224e-07,5.327970918499317e-10,0.005340994449512481,0.000512766349982987,0.02374361392573364,8.664795742899995e-12,4.938589224073433e-07,5.591131898288451e-05,4.008761353019707e-08,2.542309409586934e-05,7.358011399470016e-07,0.0011161197951836904,8.457404566741954e-10,4.2846260011864825e-05
