,0,1,2,3,4,5,6,7,8,9,10,11,12,13,14,15,16,17,18,19,20,21,22,23,24
0,3.891814572101517e-07,0.00017426218036898364,0.00011255433352183128,3.0888571005676105e-05,0.0010642403056735869,0.01897290204172844,4.0213919942666894e-05,1.3986907710436802e-07,9.470351418162328e-05,2.8950518656191076e-06,0.00064742347190058,1.67364797948656e-09,8.594640250649322e-08,6.645362223283097e-05,0.9783400743838574,4.549644905722455e-06,5.919309255904987e-07,7.378374613302502e-11,3.6952958320703874e-05,3.4565288606556076e-08,8.904265150298328e-05,1.7783965192931898e-05,0.0002885533880299533,1.1333153140380258e-05,3.929602045196623e-06
1,5.313003206204945e-07,0.00019567623982455127,0.00012203954440566074,3.169950793022963e-05,0.0012473255819690512,0.026421653126200574,5.245992737347576e-05,2.295699201990133e-07,0.00016091136120396397,4.650811724975482e-06,0.000546085124503016,1.565442459809682e-09,1.0814625341932206e-07,4.956572783859072e-05,0.9706919801151687,9.036473931820662e-06,6.179162625501963e-07,7.090895197154409e-11,6.559880977260804e-05,5.048549580270904e-08,7.954883527291331e-05,1.6660975384996878e-05,0.0002876184324094873,1.2367437422553034e-05,3.5829130586485454e-06
2,3.8395979064680223e-07,0.00011866202722120117,0.00010045779767386925,2.4082288262399486e-05,0.0009891449804688088,0.016353825652575055,4.606605279821335e-05,1.7377415432163975e-07,0.00011907078451676745,4.0149720652093055e-06,0.00039894725599121876,1.015655352077006e-09,6.341955066018144e-08,5.8285323359675043e-05,0.9813151397424652,4.307073686832923e-06,4.1446042583377887e-07,6.617009198620276e-11,4.5653925615007694e-05,6.275756168451826e-08,7.299014268603237e-05,2.1077240491739538e-05,0.00031014921290244336,1.1889113986486871e-05,5.136959925172089e-06
3,3.9853201585833873e-07,0.00016660563448496309,0.00011641631008585403,2.9793644865891735e-05,0.0009821765610298534,0.023113834854227758,4.4171618484617566e-05,1.6318340721590442e-07,9.0280959141709e-05,3.235141487193287e-06,0.0005877427771252762,1.7364838568564951e-09,9.433156248993638e-08,6.054978973505998e-05,0.9743288387878251,5.411526329164427e-06,5.924922061652343e-07,7.439798267261329e-11,4.684002312208074e-05,4.37162525942206e-08,9.62905066936075e-05,1.7675321655211227e-05,0.0002943122754927409,1.0848471301417677e-05,3.681730586037963e-06
4,4.291422405719488e-07,0.00021119476052178677,0.00012746404477742118,3.502792972210051e-05,0.0011662062429753485,0.025932440769724244,4.957597037101666e-05,1.7448199888908184e-07,9.954877359632093e-05,3.4265820820719406e-06,0.0007651102234593568,2.46513531780536e-09,1.3654672321948885e-07,7.888078509850096e-05,0.9709929837362541,6.147446765740472e-06,7.358869689029332e-07,9.408252676501604e-11,5.160701733249182e-05,4.8079207319135465e-08,0.00010776152814998841,1.985202522964337e-05,0.00033553945025498774,1.1588506150432922e-05,4.117511177679015e-06
5,5.423267073548263e-07,0.00014735215627177824,0.0001359884914758625,4.469132449554214e-05,0.0010744448998191124,0.02366951275103567,5.15114176636443e-05,1.8994167191384e-07,0.00010784694216910815,4.517290861107321e-06,0.0006758924492004019,2.035676967248607e-09,9.987777989198342e-08,8.385856820485095e-05,0.9733944243019983,6.690707370048967e-06,7.60169457991765e-07,1.3882230290514165e-10,4.115841834163734e-05,6.558777804357795e-08,0.00011557275374293842,2.021739083992198e-05,0.0004013530329023462,1.791763471678805e-05,5.3893909964737154e-06
6,3.9853201585833873e-07,0.00016660563448496309,0.00011641631008585403,2.9793644865891735e-05,0.0009821765610298534,0.023113834854227758,4.4171618484617566e-05,1.6318340721590442e-07,9.0280959141709e-05,3.235141487193287e-06,0.0005877427771252762,1.7364838568564951e-09,9.433156248993638e-08,6.054978973505998e-05,0.9743288387878251,5.411526329164427e-06,5.924922061652343e-07,7.439798267261329e-11,4.684002312208074e-05,4.37162525942206e-08,9.62905066936075e-05,1.7675321655211227e-05,0.0002943122754927409,1.0848471301417677e-05,3.681730586037963e-06
7,4.952779967764118e-07,0.00030680849472494937,0.00021725144349863556,2.7702878076521473e-05,0.0010988081308996628,0.02617743634714265,3.58360638879497e-05,2.050657670532432e-07,6.68266512263607e-05,2.3717225399069552e-06,0.000978788988630895,2.6139736038244337e-09,2.0200893493493444e-07,4.5170498881061024e-05,0.9706530863645317,4.761961627533533e-06,5.892135874506452e-07,6.213143767432188e-11,6.842452278332671e-05,3.166477067135862e-08,0.0001064206312248637,1.742796964726198e-05,0.00017988681194102825,9.867519127824872e-06,1.5970924459518638e-06
8,3.1572380427582496e-07,7.502534453099888e-05,8.832384636996728e-05,2.9344740865758325e-05,0.0006899795181968425,0.009963053461296162,3.233538864477171e-05,8.316406753555391e-08,0.00010155823434734919,4.206731406786047e-06,0.00040285755737169693,5.51170858726842e-10,3.002275960680566e-08,7.061978548083806e-05,0.9881751866565196,2.603345199851059e-06,3.404896647326558e-07,6.778109846964313e-11,1.5342805257017337e-05,3.7221045204822186e-08,5.7760304345989073e-05,1.7230188624677393e-05,0.00024289202717120293,2.4995068904342976e-05,5.877755173032125e-06
9,3.647368656030617e-07,8.449645383657356e-05,0.00015671557007487653,4.069185267835595e-05,0.0007620498998903642,0.018653461123374043,2.7466845591471993e-05,1.6074126068527833e-07,9.391591350352127e-05,4.6665733924331095e-06,0.0005437542004247993,8.675180348417303e-10,6.364988784387368e-08,6.684583579903468e-05,0.9790928911743243,4.510000539875667e-06,5.458022446389189e-07,6.62641138227012e-11,3.0797078303287896e-05,5.905165616686456e-08,8.515554354203038e-05,1.9471504362425048e-05,0.0003052595113291557,2.3692766826837586e-05,2.9632365092865572e-06
10,3.9853201585833873e-07,0.00016660563448496309,0.00011641631008585403,2.9793644865891735e-05,0.0009821765610298534,0.023113834854227758,4.4171618484617566e-05,1.6318340721590442e-07,9.0280959141709e-05,3.235141487193287e-06,0.0005877427771252762,1.7364838568564951e-09,9.433156248993638e-08,6.054978973505998e-05,0.9743288387878251,5.411526329164427e-06,5.924922061652343e-07,7.439798267261329e-11,4.684002312208074e-05,4.37162525942206e-08,9.62905066936075e-05,1.7675321655211227e-05,0.0002943122754927409,1.0848471301417677e-05,3.681730586037963e-06
11,4.076991876859777e-07,0.00018524440205702717,0.00012190693697802721,3.211262728584804e-05,0.001023475280876118,0.025405207819978782,4.7480585052373456e-05,1.8323640576795295e-07,9.39247516291893e-05,3.2475961544889246e-06,0.0006331591817844141,2.059280079573329e-09,1.1612971272354536e-07,6.432607396125008e-05,0.9718881780621288,6.018790892682187e-06,6.762119915890338e-07,8.035677032448096e-11,5.088499510902275e-05,4.634704649187245e-08,9.961885581954389e-05,1.8526728600118398e-05,0.00031094081744863146,1.0670142117772131e-05,3.644588144916942e-06
12,4.400713073564199e-07,0.00021044509179810029,0.00012410795962808247,3.3267680624975405e-05,0.0014692241482756367,0.02589426453892497,5.1571728199651564e-05,1.4168331649836845e-07,0.00010068867400289883,3.323128910524496e-06,0.0006506341369431866,2.2448595085395164e-09,1.0306768841120179e-07,8.578695727112026e-05,0.9708156971362999,5.555595649916315e-06,5.961782760391756e-07,1.0508269086980637e-10,4.7485643914368295e-05,5.232162453591065e-08,0.00010856010872538803,1.6577741404645126e-05,0.0003648385394722414,1.092913643264786e-05,5.706381366737619e-06
13,2.302071793940911e-07,0.00015044730242605068,8.084431415497733e-05,2.806798928255837e-05,0.0009573634528836846,0.011982217512019704,1.8314172268657524e-05,6.644444005862391e-08,3.969841557135323e-05,9.811649926313511e-07,0.0020056681703639065,1.941856912432971e-09,1.3205796537213771e-07,5.884775868666262e-05,0.9842436337155963,2.865352749251754e-06,4.2546381679454065e-07,3.872994846947549e-11,2.8237153179428374e-05,1.4017119538547542e-08,8.64139482557473e-05,9.018886437879211e-06,0.0002956431214664646,9.541101370681345e-06,1.32629718573706e-06
14,8.411322259644495e-07,0.0011289696904858914,0.00018059520898448762,2.72236121134891e-05,0.002694039128475411,0.09840134473117092,6.758065819255413e-05,1.5090758954960297e-07,7.442163217026671e-05,3.3602068908465445e-06,0.002053271726330413,1.3326413337167992e-08,5.911828032659735e-07,0.00013274089381258534,0.8944209749821262,1.2744098831042215e-05,1.1266106348957058e-06,1.5195915989437957e-10,0.0002347456524335496,5.0451749894008227e-08,0.00021404544623776216,1.6268829800131237e-05,0.00032479583179424986,6.400571832365383e-06,3.703334941629365e-06
15,3.9853201585833873e-07,0.00016660563448496309,0.00011641631008585403,2.9793644865891735e-05,0.0009821765610298534,0.023113834854227758,4.4171618484617566e-05,1.6318340721590442e-07,9.0280959141709e-05,3.235141487193287e-06,0.0005877427771252762,1.7364838568564951e-09,9.433156248993638e-08,6.054978973505998e-05,0.9743288387878251,5.411526329164427e-06,5.924922061652343e-07,7.439798267261329e-11,4.684002312208074e-05,4.37162525942206e-08,9.62905066936075e-05,1.7675321655211227e-05,0.0002943122754927409,1.0848471301417677e-05,3.681730586037963e-06
16,5.755968539185747e-07,0.0001685819590892988,0.00012553801301432618,4.722028081883165e-05,0.0011027346096552126,0.02492817622965262,7.05423010787445e-05,1.707861714176283e-07,7.5515508562094e-05,7.063894278800633e-06,0.0007694258572882324,3.712035687998784e-09,1.0303036020004483e-07,0.00012126852180392168,0.9717837290477163,7.678919476392597e-06,8.606835783557546e-07,2.3856649786890073e-10,4.781372499306704e-05,7.921903626412289e-08,0.00027755499883315616,2.7662705650941824e-05,0.0004145804922316757,1.4744870781825706e-05,8.37479847227434e-06
17,9.641665388430425e-07,0.0003636382525437068,0.0001818737034346243,5.5150651161444154e-05,0.0018363016738562163,0.030143156410594795,8.511573349828003e-05,3.284002362555356e-07,0.00013015758880477828,5.079492843852418e-06,0.0011657726863778476,8.840444254498996e-09,2.806719992109637e-07,0.00019448622328799466,0.9646126556914335,8.586258302542352e-06,1.720371523234367e-06,3.921193836051883e-10,8.810124948861549e-05,1.0868806470936777e-07,0.00025591179698507087,4.500837409261713e-05,0.000798903905225717,1.3853637412486285e-05,1.2835139730170997e-05
18,9.260331359414143e-07,0.0003162288351745144,0.00010592633622510608,3.493594805951904e-05,0.0009820383468049942,0.0297842122288407,9.398581021240921e-05,2.402729773718162e-07,0.00018934246733084362,7.251712202116337e-06,0.0007547149086162721,5.106774889906751e-09,1.5735704007566115e-07,0.00016871133586763147,0.9665509249160569,7.436654213318041e-06,1.9074018100595927e-06,3.264179217516776e-10,6.742703776031189e-05,9.69254621186337e-08,0.00015721693466762073,5.27890286382032e-05,0.0006870231618861465,1.621779274004352e-05,2.0283121084846135e-05
19,4.000554594522841e-07,0.0002153249712532294,0.00015870347245459005,3.7551078493286835e-05,0.001448973506161799,0.023222872447856122,5.224764933248309e-05,2.229602445715255e-07,9.31168123389059e-05,3.0534519339745217e-06,0.0006799821030145182,2.6798883384164897e-09,1.456928839268939e-07,7.073058578701904e-05,0.9735401210874409,5.956281458266546e-06,6.393386536122692e-07,8.906587921738035e-11,5.6582021992321675e-05,4.889920638205934e-08,0.00010923241553505427,2.1230774213748028e-05,0.00026993945189252125,9.609274504284686e-06,3.312898934756415e-06
20,1.3322872277542103e-07,6.229596626651773e-05,6.130241189167501e-05,1.4973787558553266e-05,0.00036778306477888874,0.009727334824668678,2.5666351561825595e-05,1.0142105568033874e-07,3.378294258042894e-05,1.4739723498084357e-06,0.00031555941135562104,5.442935941434107e-10,3.530380575596049e-08,2.378816106087916e-05,0.9891145218412395,1.9763676482912864e-06,2.3281273196470058e-07,1.8873837661052444e-11,2.3854562943571243e-05,1.879435112187927e-08,6.215219130587458e-05,1.276597032194557e-05,0.00014305867113276893,5.781056446625108e-06,1.4063210539230203e-06
21,7.51991163234276e-07,0.00028565440828781576,0.00016472895712050457,4.796057187879353e-05,0.001991544145471318,0.026682396272268327,5.271028750912197e-05,1.8337453499288965e-07,0.00010594901724713231,5.795521626237046e-06,0.001093993470644516,4.125417028509722e-09,1.533068745189523e-07,0.00011650860250457735,0.9687042071888047,8.113974751144882e-06,8.108965934041899e-07,1.8272524792604405e-10,6.973871896828701e-05,6.588727823707701e-08,0.000216535711572498,2.1953252002497528e-05,0.00040865886189246913,1.5238559867445768e-05,6.3427129959929565e-06
22,4.2371322351192206e-07,0.0001295103607428163,0.0001435088239881021,3.8274312460878074e-05,0.0007880252693065145,0.022904138478973976,3.3466488618092657e-05,1.5590056093154662e-07,6.740482967535517e-05,4.0973766259067235e-06,0.0007547958381172289,1.993018741978777e-09,8.823984375067177e-08,6.876160820141779e-05,0.9745549415422983,5.671030596454403e-06,7.868936703185099e-07,9.50238759438361e-11,3.993194451312793e-05,4.7047934766661694e-08,0.00013562720705495785,2.0770270255949146e-05,0.00029172027687496445,1.4817308511236359e-05,3.0331499089060703e-06
23,3.9853201585833873e-07,0.00016660563448496309,0.00011641631008585403,2.9793644865891735e-05,0.0009821765610298534,0.023113834854227758,4.4171618484617566e-05,1.6318340721590442e-07,9.0280959141709e-05,3.235141487193287e-06,0.0005877427771252762,1.7364838568564951e-09,9.433156248993638e-08,6.054978973505998e-05,0.9743288387878251,5.411526329164427e-06,5.924922061652343e-07,7.439798267261329e-11,4.684002312208074e-05,4.37162525942206e-08,9.62905066936075e-05,1.7675321655211227e-05,0.0002943122754927409,1.0848471301417677e-05,3.681730586037963e-06
24,5.202344618072392e-07,0.00024601299618224606,0.00015800477509554572,5.9869824629997525e-05,0.0023249420201725875,0.028612766588913652,6.0257144610999535e-05,2.2219062611053102e-07,0.00012371409308871382,4.074202719504736e-06,0.0010384688715972558,3.8833012381332454e-09,2.060995456280355e-07,0.00013006899644930114,0.9665209900772195,9.969172771374688e-06,8.427372621184066e-07,1.5540684304452427e-10,6.079745990213787e-05,6.632454602525417e-08,0.0001351611890689358,1.9809502394661455e-05,0.0004747479373083961,1.3357811547795866e-05,5.125711177953693e-06
25,3.69674467079198e-07,0.00010346406448660509,0.00011007367457098902,4.1549480774904214e-05,0.0009191299383894592,0.014871801661891084,4.052262291857457e-05,2.3243343052739088e-07,6.176161126369996e-05,2.6736918560622917e-06,0.0007964851498139318,1.6496569234305362e-09,1.1264377389607652e-07,4.639839373200601e-05,0.9825105574088343,6.64033489272166e-06,4.995191142387121e-07,7.134778201330133e-11,4.2764708388088476e-05,3.8238944921257304e-08,0.00011392641169843117,1.5117576632331798e-05,0.0003036932038032676,1.0269800671938873e-05,1.916034646339854e-06
26,6.412703671460714e-07,0.00016334555091296457,0.00011517483486863688,4.187989251576637e-05,0.000993316138011491,0.025183800146636327,3.9775808530976706e-05,2.0358311828084646e-07,0.0002106123466213055,3.1484366592984744e-06,0.0006383577833149767,1.226817810466128e-09,9.176904454923524e-08,5.542564766788364e-05,0.9718846849461549,6.045431835992682e-06,8.498191280937292e-07,8.066704832097043e-11,3.5593719732976115e-05,5.081435977650293e-08,6.387148512858113e-05,1.4363624009017567e-05,0.0005204530800478357,2.385073404310228e-05,4.461829805098969e-06
27,2.6355323856759423e-07,0.00011065041117657036,7.257355910479309e-05,1.9588780759261164e-05,0.0006228411574373498,0.01572593807635241,4.184269071786237e-05,1.299911034679088e-07,0.00010533080566693308,3.1279568637869515e-06,0.00037188245879376765,8.48099672870301e-10,5.429430002118448e-08,4.592592901905333e-05,0.9825201765540956,3.615902091669758e-06,4.472773820936999e-07,4.268862726480203e-11,3.247159801798725e-05,3.8057854087260794e-08,5.492116325624954e-05,1.9459228412079247e-05,0.0002343178221153093,1.059747771885718e-05,3.8043637336061414e-06
28,3.9853201585833873e-07,0.00016660563448496309,0.00011641631008585403,2.9793644865891735e-05,0.0009821765610298534,0.023113834854227758,4.4171618484617566e-05,1.6318340721590442e-07,9.0280959141709e-05,3.235141487193287e-06,0.0005877427771252762,1.7364838568564951e-09,9.433156248993638e-08,6.054978973505998e-05,0.9743288387878251,5.411526329164427e-06,5.924922061652343e-07,7.439798267261329e-11,4.684002312208074e-05,4.37162525942206e-08,9.62905066936075e-05,1.7675321655211227e-05,0.0002943122754927409,1.0848471301417677e-05,3.681730586037963e-06
29,3.9853201585833873e-07,0.00016660563448496309,0.00011641631008585403,2.9793644865891735e-05,0.0009821765610298534,0.023113834854227758,4.4171618484617566e-05,1.6318340721590442e-07,9.0280959141709e-05,3.235141487193287e-06,0.0005877427771252762,1.7364838568564951e-09,9.433156248993638e-08,6.054978973505998e-05,0.9743288387878251,5.411526329164427e-06,5.924922061652343e-07,7.439798267261329e-11,4.684002312208074e-05,4.37162525942206e-08,9.62905066936075e-05,1.7675321655211227e-05,0.0002943122754927409,1.0848471301417677e-05,3.681730586037963e-06
30,3.9853201585833873e-07,0.00016660563448496309,0.00011641631008585403,2.9793644865891735e-05,0.0009821765610298534,0.023113834854227758,4.4171618484617566e-05,1.6318340721590442e-07,9.0280959141709e-05,3.235141487193287e-06,0.0005877427771252762,1.7364838568564951e-09,9.433156248993638e-08,6.054978973505998e-05,0.9743288387878251,5.411526329164427e-06,5.924922061652343e-07,7.439798267261329e-11,4.684002312208074e-05,4.37162525942206e-08,9.62905066936075e-05,1.7675321655211227e-05,0.0002943122754927409,1.0848471301417677e-05,3.681730586037963e-06
31,9.207939870363314e-07,0.0002634045361638817,0.00023775728280214903,3.819101562292877e-05,0.0015285901419855904,0.02600829654369444,5.440768903888186e-05,3.658070508577684e-07,0.00011458611510566117,4.291965014818454e-06,0.0006606641506055609,3.2679097527653906e-09,1.633516147210918e-07,6.822177160545753e-05,0.970343001150246,7.265464526506523e-06,7.962179865275334e-07,1.6012052981461845e-10,9.242710540868177e-05,7.796747662919454e-08,0.00015108353378027968,2.638813259472554e-05,0.00038078522669518776,1.3075543193225577e-05,5.235065770142934e-06
32,3.906889249116039e-07,0.0001672012565663853,0.00011644892627821966,2.708753863737844e-05,0.0009808401742332623,0.023046252273195126,4.516995892653727e-05,1.7195611726100765e-07,8.508214438617127e-05,3.1530536512234766e-06,0.000567164035607122,1.8052551209492282e-09,9.822127128669435e-08,5.86128130757658e-05,0.9744255908928889,5.418039038639836e-06,5.703069881714295e-07,7.16679613478344e-11,5.478405301055265e-05,4.596736616027687e-08,9.578574763800476e-05,1.8641656387261262e-05,0.0002881686144101973,9.692767590080503e-06,3.6270368881494977e-06
33,5.647946058572396e-07,0.00031858440119986273,0.00015361497844616371,4.4430096392398654e-05,0.0011725491523813547,0.04293694751896948,8.235005343464569e-05,3.3261577254914336e-07,0.00015419767540779394,5.324223853709762e-06,0.0009409839937196602,5.73446150157448e-09,3.2631980098072803e-07,0.00012759823624375978,0.9533860004485857,1.2549496115681819e-05,1.8839850709592662e-06,1.7285826154183066e-10,8.293279950587876e-05,7.71243119049885e-08,0.00011226076258806683,4.311147435454787e-05,0.0004063481095807869,1.1958779165547567e-05,5.067053173080463e-06
34,2.176849295307351e-07,0.00010646276880693639,9.993033211478939e-05,4.177249561718975e-05,0.0007096721162734339,0.032339722267426166,5.576028404889161e-05,1.6162444622191723e-07,6.343826142076925e-05,3.4057043567595196e-06,0.0003947163567093934,1.6320358028352734e-09,7.56073989579655e-08,6.162632918758033e-05,0.9656850637231351,7.363684486315066e-06,7.070624920773559e-07,7.777609582238602e-11,2.595190923653536e-05,4.67316709304894e-08,0.00010942148556966,1.4716847422561527e-05,0.00026847858711046127,8.321367895441325e-06,2.965058432500051e-06
35,1.7030838803921748e-06,0.00038243291779023117,0.00018499859252502524,4.248312071916672e-05,0.0014248809012529743,0.027637357713191688,8.174210614589793e-05,5.361698885367902e-07,0.0002592141412582144,7.71173929666001e-06,0.0007448536997238483,4.502082457446867e-09,1.9642160110149336e-07,7.40516573607185e-05,0.9684103345423128,1.1792272416831963e-05,1.4536333616937949e-06,2.54699806726174e-10,0.00011115366300610046,8.208268418101203e-08,0.0001454424425406333,3.9298040876405236e-05,0.00041292721828502124,1.7322867767761844e-05,8.026215332088742e-06
36,3.9966231221254575e-07,0.00019273853686076618,7.327434751586238e-05,3.505480210145053e-05,0.0005170051016431584,0.041123143912710616,9.369865155093625e-05,6.341855570812491e-07,0.00023435702316359363,3.900496916265622e-06,0.0004435903019296631,3.8963266024688815e-09,2.547994447590652e-07,6.864529261163337e-05,0.9565126479327019,1.672765831211603e-05,2.9735689564474577e-06,9.831054268599208e-11,7.107416448173157e-05,6.865651784145478e-08,5.7433041689613035e-05,5.076418165562159e-05,0.0004905306772149324,7.154788303184475e-06,3.924221211469089e-06
37,6.509914190990872e-07,0.00013374814157238318,0.00016292695217930156,4.492905120272712e-05,0.0009961091967087183,0.01839878433043201,3.5495857204777116e-05,1.3675032609611926e-07,8.312534556948998e-05,3.973275193197506e-06,0.0009105394745543167,1.8182081072901192e-09,8.495477267515677e-08,8.029338304861998e-05,0.9786136163931582,5.217847001328469e-06,6.627076465094373e-07,1.4221046967997028e-10,3.447212232008641e-05,4.908398650096341e-08,0.00010900330879911848,1.7190976492830602e-05,0.0003378539693628592,2.682601817843102e-05,4.3079084520747935e-06
38,1.3523337460275622e-06,0.00044196717925207605,0.00024348128378940081,5.4088781401997355e-05,0.00401591464069663,0.00797330826739863,3.6714011885254345e-05,1.4850543684410003e-07,0.00046644851988598935,7.537845339945816e-06,0.0011189492647579367,2.4951989707391624e-09,8.315300216856351e-08,0.0002444630896624483,0.9847509225956329,2.0139510994399877e-06,7.295836010858758e-07,2.592429062616842e-10,3.11892894397528e-05,5.783554014306778e-08,0.00010797589427082122,5.105113520979918e-05,0.00038258742907011097,4.6449729665088315e-05,2.2562925773748848e-05
39,4.325369704010799e-07,0.00019327912655218857,0.00012721210710630739,2.8618903735797822e-05,0.0011594565052745229,0.020818719120119372,3.8816998515160945e-05,1.331559938757155e-07,0.0001033081427854857,3.336234000740292e-06,0.0007183635666093342,1.6561967190684493e-09,9.534120375380019e-08,6.931139172262695e-05,0.9763139836334802,4.62877675665236e-06,5.373627505471497e-07,7.251872929867803e-11,4.5138211875344865e-05,3.922196123055122e-08,8.231763206824924e-05,1.7669076241243502e-05,0.00025773986183284065,1.3250220084568366e-05,3.6111436441790826e-06
40,3.30112259770674e-07,0.00021532362675550715,0.00016343425116740635,2.070482282858423e-05,0.0012423133943854114,0.02279822588534964,3.6500193870251124e-05,1.1501085476596834e-07,6.069072356533168e-05,2.604990801121324e-06,0.0005405686082749333,2.0558002281475396e-09,8.791535383419517e-08,6.688112142990645e-05,0.9744882195585308,3.34674390553314e-06,4.276247146762186e-07,6.519350949128419e-11,5.4936316188341925e-05,3.982702109655444e-08,9.376941274191385e-05,1.941500190195688e-05,0.00018066953751837294,7.93830634109237e-06,3.4548932459442055e-06
41,5.673415804192854e-07,1.3737741914633262e-05,5.65501100864073e-05,6.498089794762054e-06,6.826047640362398e-05,0.0033697954218164126,4.0053354782089575e-05,1.1171479049628527e-07,1.962472573297984e-06,2.1135269380554953e-06,0.0007678431383370248,4.4896929491206836e-09,3.3839210508516055e-08,6.52923472623244e-05,0.9942033217461814,1.253079142397289e-06,4.0821112492223394e-07,4.1937052591285996e-10,0.00013797122805510626,1.1622356403783238e-07,0.0006149935327379308,0.00011162409015391034,0.0005213523084600321,7.1928212786118884e-06,8.942274748168345e-06
42,2.563418739662543e-07,0.00012237092604351074,0.0001419414832103276,1.5765819238667274e-05,0.0005300785860405539,0.015855337059978356,3.293106192546556e-05,3.663495222599631e-07,5.224511981510272e-05,2.958976363098726e-06,0.00031867362450451576,1.5443266044859762e-09,9.19332685341999e-08,2.527694101762283e-05,0.9825118314761992,4.150863557319575e-06,4.917690835232607e-07,2.7217908037039162e-11,0.00010374870835073255,4.0922909616926524e-08,0.00010701385353333907,3.8854295564722813e-05,0.0001296104633354123,4.69798893830036e-06,1.2638641814009071e-06
43,4.1308888476933655e-07,0.00010550278814809732,0.00011873168928209181,2.8384312806267835e-05,0.0007793683909845723,0.022932345585504124,4.590245162754916e-05,2.2731980023065423e-07,0.00013822726530505114,8.869046939231804e-06,0.0003412972641976983,7.659524063581673e-10,5.751253826109734e-08,5.0069096942030735e-05,0.9749931087375079,6.1054996808315466e-06,5.041323171176293e-07,5.708043464251904e-11,5.4322414450458056e-05,8.224522676874367e-08,9.797697323539539e-05,2.5837281159288017e-05,0.0002535651034148066,1.5179489980666343e-05,3.921487034052769e-06
44,3.9853201585833873e-07,0.00016660563448496309,0.00011641631008585403,2.9793644865891735e-05,0.0009821765610298534,0.023113834854227758,4.4171618484617566e-05,1.6318340721590442e-07,9.0280959141709e-05,3.235141487193287e-06,0.0005877427771252762,1.7364838568564951e-09,9.433156248993638e-08,6.054978973505998e-05,0.9743288387878251,5.411526329164427e-06,5.924922061652343e-07,7.439798267261329e-11,4.684002312208074e-05,4.37162525942206e-08,9.62905066936075e-05,1.7675321655211227e-05,0.0002943122754927409,1.0848471301417677e-05,3.681730586037963e-06
45,2.1016606004785705e-07,8.758823071028017e-05,8.19253948432672e-05,2.1168760077472673e-05,0.0005589636383240859,0.01846382511383303,3.76615474753367e-05,1.5255840606067847e-07,5.622374738507318e-05,2.099181376208692e-06,0.0003427499691313726,8.20667258857669e-10,5.841421127855421e-08,2.8854690061452358e-05,0.9800170677530838,4.634277239848823e-06,3.491861945490361e-07,3.2423301751144984e-11,3.4472581973903745e-05,2.9854552502105945e-08,5.964310463567811e-05,1.1662173033328403e-05,0.0001819801914701365,7.00774142215199e-06,1.6708714083515638e-06
46,3.444387810004594e-07,0.000178087322292316,0.00010817950911492509,2.1797904768077646e-05,0.0015648298550617957,0.015745599179889068,4.8163591582518594e-05,1.0888733397749178e-07,9.312041365374527e-05,3.2600733644534717e-06,0.0005193008282036972,1.30410531646946e-09,7.017094074321303e-08,6.759940197897355e-05,0.9812510453256904,3.8064133063414816e-06,2.8775851202355025e-07,6.534153369468351e-11,4.7007363941957536e-05,4.122804565853811e-08,8.295850473460649e-05,1.586871797132114e-05,0.00023430427368959815,9.02893554117589e-06,5.188532154953797e-06
47,1.3295867372717815e-06,0.0004987675282168234,0.0001495068197897801,1.687217414695801e-05,0.0007907645759514151,0.028944050768777933,8.991017919185494e-05,4.7296342543601816e-07,0.00017688889148582908,7.59547662136878e-06,0.0005243993821284158,6.606859738724994e-09,1.964981939066782e-07,6.23840161683913e-05,0.9680366925747093,7.735805670361084e-06,1.6518953147916247e-06,1.8653262623487106e-10,0.00019608063373695146,8.247631034267858e-08,0.00014631003463182532,8.207055214778304e-05,0.0002477832360319591,9.37377020063911e-06,9.073367018413371e-06
48,3.215583608606234e-07,0.0002725024539748106,9.370206523876614e-05,2.088010323743274e-05,0.00034662684288845077,0.07753009949531468,5.755957834820972e-05,4.6803581519902004e-07,8.155159560590277e-05,1.5817220548798807e-06,0.00040545310818990295,2.8625985221207232e-09,2.5174817995337007e-07,2.20894167740123e-05,0.9206886512113535,1.0707186910237802e-05,1.644281596236494e-06,3.31765936365023e-11,0.0001047914075535322,3.170495714726001e-08,7.249540976670717e-05,1.6211490555523656e-05,0.0002677801842750568,3.556943871071329e-06,1.0395594029993473e-06
49,3.424421532129927e-07,0.00019662892502460101,0.00018480767807634943,2.646571892328127e-05,0.0008901584106568879,0.031073323457931592,4.355129401834249e-05,1.6455287613158176e-07,6.453389076254799e-05,3.5823995761400628e-06,0.0005343212972508878,2.6729098699139166e-09,1.1069635386865574e-07,7.23665840266072e-05,0.9664799500187297,4.417655337201446e-06,7.260475156589867e-07,8.583662466456379e-11,5.821270214348279e-05,5.669758813044358e-08,0.00012054317607601087,2.7998532884310058e-05,0.00020497247000797895,9.344060692420103e-06,3.41853264826417e-06
50,4.642085883165415e-07,0.00012581511284052586,6.556135532708011e-05,1.2998770696887534e-05,0.0008277427072733876,0.008854379286316456,0.00010141827051612576,2.0280285255560852e-07,0.00013072384480811307,7.611689545658022e-06,0.0002406728706024152,8.567967545749178e-10,4.663596294832493e-08,5.160089541854334e-05,0.9892008349222663,4.386130522008513e-06,2.7094726970381113e-07,8.707282723490672e-11,6.248591488503743e-05,6.265459689968394e-08,6.731228493206919e-05,3.783984431234139e-05,0.00018853435566080814,8.086753447309284e-06,1.0946797488956513e-05
51,3.0817881044848957e-07,0.00033879040375164263,0.0001808811466758816,6.054785355220696e-05,0.0015093471948138136,0.01935556904979502,3.142653729476708e-05,1.7867885998796732e-07,0.0001740353850924749,3.258163544652943e-06,0.0008781634118085015,1.5370885456835212e-09,1.3541000561905777e-07,6.931386991527917e-05,0.9771164818907153,3.471028545243223e-06,6.77577170124463e-07,3.962671661257702e-11,2.0041014108162873e-05,1.8007683024978455e-08,8.4075228776361e-05,1.8628077090319952e-05,0.0001372530960430779,1.5924213881002886e-05,1.473005351761264e-06
52,7.610712139097474e-07,7.737557386276922e-05,0.00019255737295400106,7.293565815951049e-05,0.0010144191295677072,0.028013894417383646,3.8084290695666774e-05,1.682572242820395e-07,0.00010156067923123622,8.44170406593687e-06,0.001228464310961508,1.585411748014677e-09,1.1312926426658091e-07,9.639901126745874e-05,0.9685452362919289,1.351911390951656e-05,8.067857426724443e-07,2.1857304267002835e-10,3.5229630379636556e-05,1.0322195686303096e-07,9.574294767338765e-05,1.582273147470877e-05,0.00039543160587331453,4.9804981330447315e-05,3.1262798937394304e-06
53,1.5060074603115307e-07,5.613033965142022e-05,2.828649035035422e-05,2.1560089940994458e-05,0.000449960844353378,0.012889097942130936,8.282043513948641e-05,1.295716257502859e-07,8.935043151465535e-05,1.981163452067339e-06,0.0002580837734892434,5.415214034624991e-10,4.382451988970388e-08,3.413295828538218e-05,0.9856848843549885,5.249517596581574e-06,3.0180295161413825e-07,4.108557029292608e-11,1.7458165516642057e-05,3.263492904520491e-08,3.806676110116045e-05,9.420023171566228e-06,0.0003222990543599955,6.654819922354601e-06,3.90381765601806e-06
54,7.450866813144711e-07,0.0004890245808448455,8.406615354588231e-05,2.353899126492587e-05,0.0012947892030486885,0.031501972875343016,0.00012251400129870615,2.434103155528088e-07,0.00023137915274826302,6.630444854074233e-06,0.00048164543153956005,4.110230948084956e-09,1.468018199658018e-07,0.00010051909892208388,0.9650799709693775,9.44420786241076e-06,1.1306183610597144e-06,1.6358697218879556e-10,8.57956483213623e-05,5.679267760997597e-08,0.00010307682907269585,3.5392507301427905e-05,0.0003264381883903549,8.303773858793211e-06,1.3170958731952835e-05
55,1.446540313945111e-06,0.0010845040139118433,0.00015620465482189968,4.223139304042648e-05,0.004023276138794826,0.030100296697133523,0.00012695029476303765,2.092649303805347e-07,0.00031352399662752607,4.8789105689937655e-06,0.0011916811352165266,1.4694866209771009e-08,2.8520441369013926e-07,0.00016110427773571664,0.9620405806032605,1.0170072783349061e-05,1.3393501896706835e-06,4.750654716202131e-10,8.810874103783265e-05,6.091579431265296e-08,0.00017086146369023374,2.665148623177413e-05,0.00042091406013516723,1.3401143618586556e-05,2.1304471054597375e-05
56,4.1963666211742e-07,0.00019215248719469362,0.00012372299956246404,3.136828748780165e-05,0.001069270916565785,0.024561166338351332,4.77248360034828e-05,1.7477299300931037e-07,9.626050045589334e-05,3.2886006620404477e-06,0.0006567819340364252,2.093736530071283e-09,1.163578454760846e-07,6.692736390590695e-05,0.9726572249353831,5.776335447910393e-06,6.5568468558065e-07,8.40316509475264e-11,5.050588603105482e-05,4.650658155173006e-08,9.836059871721827e-05,1.8775207176771675e-05,0.00030443805471041694,1.0988787190105257e-05,3.850794581685178e-06
57,4.709275365873894e-07,0.00025264025359651287,0.00018591401589117374,2.1658257521809705e-05,0.00131852425966611,0.025458223849227267,4.758735654600794e-05,2.694970659664063e-07,6.455931309781794e-05,3.2528379490050567e-06,0.0006075096343870844,4.474204405540478e-09,1.586351019323909e-07,6.143259176538788e-05,0.9713692541791545,5.966200819431748e-06,6.957395626325926e-07,8.676227577697051e-11,0.00014805314326546038,6.24758488218621e-08,0.0001644021689527657,3.5100912856537044e-05,0.00024489321856659493,5.862184967368689e-06,3.503785686698253e-06
58,3.712897439282842e-07,0.00014007885840885235,0.00011281143912610821,2.8589579140695057e-05,0.0008270106977840349,0.020736959950322726,3.9604148745919535e-05,1.4656676141228455e-07,8.508388906337885e-05,3.14919643691956e-06,0.0005796945492706688,1.4483290149282267e-09,8.332053314147014e-08,5.5743603879946683e-05,0.9769580321110894,4.848670672761043e-06,5.510198712766313e-07,6.760806239370887e-11,3.998681213420004e-05,4.1825602830811484e-08,8.452350789251775e-05,1.702159197062907e-05,0.00026953052989788027,1.2831478726390021e-05,3.3038469873016817e-06
59,3.460380140430651e-07,0.0001251786194941217,0.00011485904009149644,2.808487036884737e-05,0.0008009079955580046,0.01862812267234133,3.543925423232685e-05,1.3432578236745847e-07,8.055909969272625e-05,3.096642485841185e-06,0.0005407238249983585,1.2151847913283224e-09,6.908590078469326e-08,5.217108640489679e-05,0.9791866371151436,4.243465282839296e-06,4.899591749990429e-07,6.078393772021304e-11,3.571019282918606e-05,3.957614381588903e-08,8.186121490803029e-05,1.6079997291623612e-05,0.0002485311743789985,1.3576381787364938e-05,3.137091725509267e-06
60,3.9853201585833873e-07,0.00016660563448496309,0.00011641631008585403,2.9793644865891735e-05,0.0009821765610298534,0.023113834854227758,4.4171618484617566e-05,1.6318340721590442e-07,9.0280959141709e-05,3.235141487193287e-06,0.0005877427771252762,1.7364838568564951e-09,9.433156248993638e-08,6.054978973505998e-05,0.9743288387878251,5.411526329164427e-06,5.924922061652343e-07,7.439798267261329e-11,4.684002312208074e-05,4.37162525942206e-08,9.62905066936075e-05,1.7675321655211227e-05,0.0002943122754927409,1.0848471301417677e-05,3.681730586037963e-06
61,3.7467957027167014e-07,0.00013415786385996878,0.00013018006262948065,2.968015641315409e-05,0.0008466766232672452,0.020328729089616603,3.5250733344542904e-05,1.4945973767020168e-07,7.749469538711802e-05,3.137516324586775e-06,0.0005599749778924276,1.3782264866103818e-09,7.649717308793743e-08,5.343446916432342e-05,0.9773820401867133,4.47667650266408e-06,5.219699646497182e-07,6.606243720825301e-11,3.947007819645509e-05,4.1639788924580805e-08,9.06886901249271e-05,1.6736030061468384e-05,0.000250747310817091,1.2956887420709775e-05,3.002261740354742e-06
62,3.9853201585833873e-07,0.00016660563448496309,0.00011641631008585403,2.9793644865891735e-05,0.0009821765610298534,0.023113834854227758,4.4171618484617566e-05,1.6318340721590442e-07,9.0280959141709e-05,3.235141487193287e-06,0.0005877427771252762,1.7364838568564951e-09,9.433156248993638e-08,6.054978973505998e-05,0.9743288387878251,5.411526329164427e-06,5.924922061652343e-07,7.439798267261329e-11,4.684002312208074e-05,4.37162525942206e-08,9.62905066936075e-05,1.7675321655211227e-05,0.0002943122754927409,1.0848471301417677e-05,3.681730586037963e-06
63,4.0424377219354914e-07,0.00018165629486796288,0.00011540973828172797,2.8745614006532314e-05,0.0009970631410716273,0.023069567787341615,4.476347410600537e-05,1.6107542479402645e-07,9.401772244606805e-05,3.204576579650238e-06,0.0005891445502798691,1.7808878161596763e-09,9.613672300629223e-08,6.0352838579965566e-05,0.9743521341113643,5.238610829794098e-06,5.971335003138402e-07,7.317604000361247e-11,4.706817236535431e-05,4.176115721429817e-08,9.447962497332468e-05,1.788636771844776e-05,0.00028356485505372426,1.0636236012527162e-05,3.7640794802791823e-06
64,3.545275883839445e-07,0.00015243139615969773,0.00011824964389509231,2.973347392800287e-05,0.000953060386680579,0.020803417896717427,4.070603439201874e-05,1.5497819075081136e-07,7.20875509021066e-05,3.045099012509302e-06,0.0005516014177005008,1.5845270709571715e-09,8.058645082760443e-08,5.1775715909810287e-05,0.9767584107470068,4.564145178084234e-06,4.844136513059772e-07,6.425828674722579e-11,4.3975685880078574e-05,4.0436880667157654e-08,0.00012003051105020163,1.587235777987426e-05,0.00026673373133185457,9.967225321349779e-06,3.220389606682444e-06
65,1.521733671291156e-06,0.0004262586451580724,0.00014331924414050093,5.2182589544035236e-05,0.0024714047553461974,0.029328755015776396,0.00010418591596975301,3.445972123226197e-07,0.00032521694217992,8.445240651043004e-06,0.0011571724930523116,6.14885989406742e-09,2.471878563130871e-07,0.00016106277066596736,0.9647760777541184,1.399694072036476e-05,1.5293256441586554e-06,3.700863985264399e-10,0.000105777011688023,1.043285492733506e-07,0.0001516512506469208,3.971198532696119e-05,0.0006954277335198472,2.041494006722889e-05,1.5185079548482952e-05
66,3.2515865457607534e-07,0.00013799773503670807,8.178834938520257e-05,2.1460129026863065e-05,0.0006296509794086071,0.02208386217341971,4.691000288926193e-05,1.7055187368445428e-07,8.988655062157733e-05,2.27964577009632e-06,0.00040469634642124376,1.202068273974166e-09,7.590954298814908e-08,4.1751218556307574e-05,0.9760186164599098,4.31488118510023e-06,5.335615670573188e-07,5.0826163975698154e-11,4.28644296754469e-05,3.821409794247952e-08,6.705953331408689e-05,1.5754120751284953e-05,0.0002981787119832557,8.384140687616316e-06,3.3999433274266374e-06
67,1.6384277585573706e-07,7.215959611943884e-05,7.336624679291163e-05,2.5797272483929033e-05,0.0002889623657880776,0.05173254078519006,4.240289160520396e-05,6.059305284392358e-08,2.8921279879639297e-05,2.7963175128151055e-06,0.0005755455348351997,1.7604453745945345e-09,7.487246436659545e-08,0.00012736414224517995,0.9462544822982636,3.8563518056403396e-06,9.798608846144018e-07,9.797263229632313e-11,2.5184079740634358e-05,8.45222435161374e-08,0.00012366844646435627,1.8354834383186168e-05,0.0005846578680009387,1.3210339585244216e-05,5.363799464783421e-06
68,4.923875965515965e-07,0.00020934798421310904,0.00016975483820067905,5.124670876259574e-05,0.00124685590062869,0.03851142301743722,6.859057425555686e-05,2.423763517801319e-07,8.912764770710547e-05,3.2311499895157285e-06,0.0008735565391953205,4.167761652753389e-09,2.1528316029623316e-07,0.00010077567193884657,0.9578704949221626,8.782532242715992e-06,9.824309551857353e-07,1.8809416584114217e-10,5.5727027531837775e-05,7.728778247150769e-08,0.00016300315871131847,1.8431597315879545e-05,0.0005414820894344687,1.1173568214910107e-05,4.980950355166061e-06
69,4.0634286945306877e-07,0.00016949647441218005,0.00011373172115142769,3.084845696571326e-05,0.0010511832191373205,0.02168409279294446,4.51175599803286e-05,1.640511481911296e-07,0.0001003802316586578,3.3074723873079426e-06,0.0005711741633258979,1.6432999226614106e-09,8.997203496788574e-08,6.02083204911008e-05,0.9757089018650341,5.494761638485135e-06,5.755419021442872e-07,7.45166988713569e-11,4.350912276791608e-05,4.142539987490617e-08,9.071390903514146e-05,1.719735383383168e-05,0.0002883840456514677,1.1119167984886031e-05,3.860310428718753e-06
70,2.713299584414775e-07,0.00010572695914994198,0.0001571346318925852,0.00014406518248223155,0.001679083843257912,0.0785907762583863,7.490472477917744e-05,3.164148813362874e-07,0.0002465552134995678,6.2529614693440275e-06,0.0005855860318287104,1.9276361351855734e-09,1.9839161197528698e-07,0.0001414618524548349,0.9172672767730333,2.7690970590361003e-05,1.6218947949466125e-06,1.4209067204888673e-10,2.727108240673034e-05,1.4351468346645407e-07,8.047750090562086e-05,1.2857901304348857e-05,0.0008238509619840725,2.2682049695318628e-05,3.7914852225761374e-06
