,0,1,2,3,4,5,6,7,8,9,10,11,12,13,14,15,16,17,18,19,20,21,22,23,24
0,1.6862416062966308e-09,6.99371672794473e-08,3.406858158095006e-08,1.2771640531516934e-06,2.5302638785689314e-08,0.985735215755975,7.3788747201027286e-06,1.0620167402982301e-05,2.4172400515966136e-06,1.8058774344114954e-06,4.3069399309691875e-12,1.011792988771122e-05,1.3921489292186346e-07,3.906668134675968e-12,3.6999196537799318e-09,0.01303181017127304,1.6760809040624868e-06,1.216059596391468e-05,0.000304381634731092,7.931101183343067e-10,2.3386507378124576e-06,0.0008589752462508887,3.31138917143026e-08,1.9516640223158367e-05,1.4573385142237424e-10
1,2.1675371790815474e-09,6.667033254685258e-08,4.843056354082439e-08,1.3780143160858201e-06,3.149532625742339e-08,0.982687336931286,6.844257082884101e-06,1.2515166082053535e-05,3.2708441706449123e-06,2.5098925931825424e-06,4.7362351081508794e-12,8.779144940333854e-06,1.765283778955708e-07,3.1005066193868272e-12,3.282052777563813e-09,0.016028619511473455,1.6409658768696347e-06,9.908410208670933e-06,0.00041759265208659625,7.721275432184155e-10,2.058819602519597e-06,0.000799053893654318,2.856740044153535e-08,1.8133450934967685e-05,1.2413662083785984e-10
2,2.276673566773733e-09,1.1268237248598725e-07,4.922954763416673e-08,1.53855255880215e-06,4.2661135671239406e-08,0.9855544394597118,8.09278302895511e-06,1.7560675233078545e-05,4.007907882938229e-06,2.592833179572554e-06,8.75307976850999e-12,1.3904940236264949e-05,1.8918764342161622e-07,5.945913267068223e-12,7.56017535748025e-09,0.012932533533702915,1.8668359545233603e-06,1.6395169523817345e-05,0.00037060431314947984,1.3093269426391542e-09,2.9004773014322898e-06,0.0010536300475148836,4.2947049769258e-08,1.9484376777377878e-05,2.2562030407649545e-10
3,1.6803937629965402e-09,7.179748569467703e-08,3.4161193214517125e-08,1.263675882423834e-06,2.5314887568475567e-08,0.9858868204120341,7.365063203281585e-06,1.0628198764748905e-05,2.387178750752436e-06,1.7786986265979893e-06,4.29299935240533e-12,1.0248218145173159e-05,1.3703600638593582e-07,3.9605517037844025e-12,3.783469729092717e-09,0.012862555531120954,1.687716760564416e-06,1.2152235725802022e-05,0.00030551680271477706,7.881762589596463e-10,2.383163917900035e-06,0.0008752697531699301,3.303608570928003e-08,1.9635597061997656e-05,1.4816909114459176e-10
4,1.8849063056611355e-09,6.823464745126663e-08,3.67269849472278e-08,1.2864516553484812e-06,2.7585939550517546e-08,0.9852485659771022,7.81521813019141e-06,1.0741518115887888e-05,2.320469237075449e-06,1.9513623869235334e-06,4.522689312495362e-12,1.0423058094961169e-05,1.6367649204580317e-07,4.591059453730795e-12,3.665597448250273e-09,0.01354588992447012,1.7939739767354185e-06,1.2899838183156157e-05,0.00032704604478647406,8.833514568458522e-10,2.3727242951293634e-06,0.0008043646295195826,3.455844826768195e-08,2.219143224906065e-05,1.5231602892974706e-10
5,1.6443665923622271e-09,7.370167746295904e-08,2.74111755261543e-08,1.365867910731412e-06,2.40186991667144e-08,0.9867378334858145,6.70201605123658e-06,9.440604650847504e-06,2.2157731775050748e-06,1.6095056815987525e-06,4.537252241483624e-12,8.906431746066796e-06,1.332206073755623e-07,4.303730138225607e-12,3.7471510052216774e-09,0.012124396739702685,1.5797217626933914e-06,1.5141425824296757e-05,0.0002888247230155353,8.548770248654938e-10,2.1458006244509625e-06,0.000780595529975716,3.644649076544689e-08,1.8941171187643397e-05,1.4898856289026493e-10
6,1.6803937629965402e-09,7.179748569467703e-08,3.4161193214517125e-08,1.263675882423834e-06,2.5314887568475567e-08,0.9858868204120341,7.365063203281585e-06,1.0628198764748905e-05,2.387178750752436e-06,1.7786986265979893e-06,4.29299935240533e-12,1.0248218145173159e-05,1.3703600638593582e-07,3.9605517037844025e-12,3.783469729092717e-09,0.012862555531120954,1.687716760564416e-06,1.2152235725802022e-05,0.00030551680271477706,7.881762589596463e-10,2.383163917900035e-06,0.0008752697531699301,3.303608570928003e-08,1.9635597061997656e-05,1.4816909114459176e-10
7,1.7530749607117329e-09,7.248494990585926e-08,3.5574665233356295e-08,1.2948283785932957e-06,2.6004549106492534e-08,0.9856750617187778,7.505346229766277e-06,1.0957994728633328e-05,2.4319375624546166e-06,1.8593257685164055e-06,4.43953785566277e-12,1.0399410650269826e-05,1.424935327690646e-07,4.041681927673558e-12,3.812994025097685e-09,0.013051442972872944,1.7247063192577531e-06,1.2098460418927563e-05,0.0003143913847498977,8.066450102069926e-10,2.3748419753343375e-06,0.0008881781026060745,3.2901875664456546e-08,1.9962977464107064e-05,1.5072929879662505e-10
8,4.136173774225866e-09,8.116299390874087e-08,9.052729030964104e-08,1.9333056104922333e-06,3.740001223634452e-08,0.979949691172668,1.4868996840987014e-05,1.9928947265931957e-05,3.0266255508476666e-06,4.588239927230149e-06,6.130342932968453e-12,1.8209342927356892e-05,3.4346939304522485e-07,8.151416110559203e-12,4.878677381998323e-09,0.018233783451885296,3.431097262380496e-06,1.161506397925434e-05,0.00045979148854841004,1.433825626803053e-09,3.972820929220228e-06,0.0012194553249569955,5.394407133823427e-08,5.5086889892358615e-05,2.6503586231607093e-10
9,3.022675022431085e-09,1.0520338634300435e-07,4.9164420818305995e-08,1.9335368691608524e-06,3.053204891947099e-08,0.9852362271668839,1.0137423972670524e-05,1.6742504910464905e-05,3.2025254549276536e-06,3.253974294102378e-06,6.518283688321697e-12,1.3075806041334e-05,2.0102086242799681e-07,6.624135229496981e-12,6.103761796511083e-09,0.013059674936374619,2.451690352059375e-06,1.3886152038760544e-05,0.00039180757497391135,1.1399089012772356e-09,3.0277373027091536e-06,0.001210257446953903,5.334822811036513e-08,3.387171055064729e-05,2.6459236712041707e-10
10,1.6803937629965402e-09,7.179748569467703e-08,3.4161193214517125e-08,1.263675882423834e-06,2.5314887568475567e-08,0.9858868204120341,7.365063203281585e-06,1.0628198764748905e-05,2.387178750752436e-06,1.7786986265979893e-06,4.29299935240533e-12,1.0248218145173159e-05,1.3703600638593582e-07,3.9605517037844025e-12,3.783469729092717e-09,0.012862555531120954,1.687716760564416e-06,1.2152235725802022e-05,0.00030551680271477706,7.881762589596463e-10,2.383163917900035e-06,0.0008752697531699301,3.303608570928003e-08,1.9635597061997656e-05,1.4816909114459176e-10
11,1.8316087976332494e-09,6.636561354917e-08,3.667923061050949e-08,1.2728558436668395e-06,2.628493575459204e-08,0.9852292339316443,7.760273559407027e-06,1.152230342082526e-05,2.4232278302443096e-06,2.046643456600767e-06,4.556167382474543e-12,1.0837805221821242e-05,1.62151336282662e-07,4.2718664162067066e-12,3.721173734527112e-09,0.01353164857593408,1.8006392289046945e-06,1.2460841883666968e-05,0.0003197086874414936,8.65731401454126e-10,2.3275926802384936e-06,0.0008451911369925622,3.3041620436625066e-08,2.143438616860186e-05,1.4861498482679584e-10
12,3.3705221391727723e-09,1.0863548970612819e-07,8.340451140005432e-08,1.8228946703836857e-06,2.1708338415121097e-08,0.9812236412578378,7.349716919650652e-06,3.499616832390205e-05,4.338355347660077e-06,4.1722911932400385e-06,7.19692915017565e-12,1.5622335274037127e-05,2.1483747440986252e-07,2.8640920006938936e-12,5.889425723401023e-09,0.016196715700839935,2.5147876972769283e-06,6.939063443980463e-06,0.000567786873706158,7.187054070184252e-10,2.347610869151816e-06,0.0019105674170570262,2.1437683905208687e-08,2.072535233662262e-05,1.6227099453557183e-10
13,1.1434113272559208e-08,1.394728385789604e-07,2.077660517447133e-07,7.231975579118102e-06,9.02551326881349e-08,0.9466297838737208,2.6473314683182028e-05,9.113771405021128e-05,6.807135378183471e-06,7.695487070007592e-06,8.733251707453724e-11,0.00010221987427793787,9.826822199746536e-07,5.7742808023460986e-11,3.556107713297672e-08,0.05046289863149734,5.354130086755202e-06,6.538658438002606e-05,0.0005118704498838706,8.340732426793822e-09,1.0738682457012293e-05,0.0020286445344754613,1.3015169315780495e-07,4.215133003204692e-05,4.734936545751938e-10
14,1.6827547263269181e-09,7.147485952249197e-08,3.4146188799606064e-08,1.2620442542352032e-06,2.521192979745958e-08,0.9858708604788747,7.397963047210393e-06,1.0661561921253115e-05,2.387909332896607e-06,1.7821156298361976e-06,4.2799257374904615e-12,1.0305432032213482e-05,1.3691483431542838e-07,3.962761369079755e-12,3.783412195961592e-09,0.012876413306448018,1.6927213501833122e-06,1.2121436300548968e-05,0.0003047693387542391,7.856583679654417e-10,2.3894282665659618e-06,0.0008779452400640141,3.3041482233544526e-08,1.970382597692209e-05,1.4838453510369647e-10
15,1.6803937629965402e-09,7.179748569467703e-08,3.4161193214517125e-08,1.263675882423834e-06,2.5314887568475567e-08,0.9858868204120341,7.365063203281585e-06,1.0628198764748905e-05,2.387178750752436e-06,1.7786986265979893e-06,4.29299935240533e-12,1.0248218145173159e-05,1.3703600638593582e-07,3.9605517037844025e-12,3.783469729092717e-09,0.012862555531120954,1.687716760564416e-06,1.2152235725802022e-05,0.00030551680271477706,7.881762589596463e-10,2.383163917900035e-06,0.0008752697531699301,3.303608570928003e-08,1.9635597061997656e-05,1.4816909114459176e-10
16,2.1084950744252815e-09,4.17144604250486e-08,4.8251568911154144e-08,1.569324878339176e-06,2.9381631693448916e-08,0.9740461634257175,1.2180306159388862e-05,1.2041587827446221e-05,1.6501146015887898e-06,1.840383224786019e-06,6.768854761632027e-12,1.7619011771925366e-05,2.498081865958185e-07,8.926199553529716e-12,4.459757850757507e-09,0.02492586833049497,2.300724863233492e-06,2.6319127795803663e-05,0.0002672293841186646,1.7300853738450935e-09,4.66901845238417e-06,0.0006499794879707485,5.3373802612719085e-08,3.0138810810826633e-05,1.1762890484488207e-10
17,3.6342366975445245e-09,8.329375705178093e-08,5.7622946940052427e-08,2.445569959723899e-06,4.1558755292322644e-08,0.9782806201011973,1.8473253047743882e-05,1.9200835245422152e-05,3.1214625102932206e-06,2.333913238187358e-06,8.847413117088144e-12,2.8451123918176206e-05,2.470022720954594e-07,1.143387316110767e-11,5.4222252775550335e-09,0.019892454131761876,3.1397005051826214e-06,1.7277651900712032e-05,0.00027676576562437943,1.5023909451439216e-09,3.914518530463729e-06,0.001420275783187577,4.988392627340647e-08,3.1035940852176174e-05,3.077287665843253e-10
18,3.30216394442321e-09,1.1791583706104486e-07,3.009633419401754e-08,1.6116599778842327e-06,3.503368244944366e-08,0.9883745161277592,1.0671759351407811e-05,1.0647919999348501e-05,2.8438989852147373e-06,2.1170578506635603e-06,6.392102283655625e-12,1.0689144425780812e-05,1.249968316618619e-07,7.017279287315191e-12,4.993510564072424e-09,0.009534735018549161,4.232686118072663e-06,1.750871017444506e-05,0.00041513926898287457,9.409036245000395e-10,2.860144201095125e-06,0.001584566354809355,4.9100315912439105e-08,2.7493441328324423e-05,4.144984386207681e-10
19,1.7481288983596118e-09,4.546904007014888e-08,4.4054487087756496e-08,1.303417274720352e-06,2.524887370935451e-08,0.9854398154099215,1.0357954346233066e-05,1.4739929878192523e-05,2.5556518974062267e-06,3.2706340784263483e-06,3.8492891077371525e-12,1.3514399483364787e-05,1.8796150546985717e-07,2.8785037753490137e-12,2.8108971752783444e-09,0.013223520805184566,1.816656909891718e-06,7.233965460567368e-06,0.0002564303408432749,8.02914155258651e-10,2.0383347700521173e-06,0.0010009502299495173,2.3552930246950275e-08,2.2120477284344457e-05,1.3721321546157832e-10
20,1.2195849588369715e-09,1.1202851375146718e-07,3.118698240851354e-08,1.280736581454452e-06,1.814071964015925e-08,0.9876962716414176,6.014997146950578e-06,1.594836622709238e-05,2.633037510160037e-06,1.5699895086663147e-06,5.620316180420013e-12,1.5205288462499726e-05,9.865614098049454e-08,3.9225553625233856e-12,7.722039838628086e-09,0.010622588741314002,1.4759566781197979e-06,1.3057022239193118e-05,0.00023454501054744447,7.672181434217631e-10,3.0836860663687917e-06,0.0013706660785105915,3.277144855520294e-08,1.535678075024186e-05,1.648482482703851e-10
21,3.5279360968933298e-09,8.058366055162977e-08,5.059392540809567e-08,2.7461820563840674e-06,3.7384711697467904e-08,0.9751312065032858,1.1620271565617794e-05,1.5985183613884277e-05,3.0606424830983346e-06,2.282091897079653e-06,1.1289149675872567e-11,1.7833781099073354e-05,2.5066674720259997e-07,1.0656678525161402e-11,6.159667944683055e-09,0.02352886479930925,2.0806062760593837e-06,2.45699126616014e-05,0.0003363257791667819,1.7088241639909324e-09,3.2761789799595267e-06,0.0008955705802446817,5.809194682023488e-08,2.4088551800139568e-05,1.9619510570967078e-10
22,2.6751817163039863e-09,6.987474429295509e-08,5.6132131645392845e-08,2.1021485874471063e-06,3.408778656950301e-08,0.978608258632646,1.03374508589245e-05,1.4075650510630629e-05,2.7837266883230075e-06,2.754199974445123e-06,9.275626667502655e-12,1.3347358282285241e-05,2.2625877439421807e-07,6.345561615175167e-12,5.060627124944762e-09,0.019883831340799043,2.9896586448948355e-06,2.134322759514535e-05,0.0003677460121839754,1.63306111102218e-09,3.857299460739482e-06,0.0010415972656437188,5.3416368531779935e-08,2.4526700591582078e-05,1.7323606723015497e-10
23,1.6803937629965402e-09,7.179748569467703e-08,3.4161193214517125e-08,1.263675882423834e-06,2.5314887568475567e-08,0.9858868204120341,7.365063203281585e-06,1.0628198764748905e-05,2.387178750752436e-06,1.7786986265979893e-06,4.29299935240533e-12,1.0248218145173159e-05,1.3703600638593582e-07,3.9605517037844025e-12,3.783469729092717e-09,0.012862555531120954,1.687716760564416e-06,1.2152235725802022e-05,0.00030551680271477706,7.881762589596463e-10,2.383163917900035e-06,0.0008752697531699301,3.303608570928003e-08,1.9635597061997656e-05,1.4816909114459176e-10
24,2.0457148678311047e-09,9.38004490059609e-08,3.452698746140017e-08,1.9217394359487855e-06,3.2225792761081715e-08,0.9854938336279706,7.323235020753304e-06,1.133027883778676e-05,2.6383585440652274e-06,1.854457001897695e-06,6.3029275670505636e-12,1.0961444332285455e-05,1.7081383582370065e-07,5.112418153206051e-12,4.057556994339443e-09,0.013219095583880009,1.6183235628164349e-06,1.5473647803812836e-05,0.000302307230640579,1.1231960148383697e-09,2.0544806933669628e-06,0.0009112428415498762,3.6741110873646775e-08,1.796922586028026e-05,1.7880666735603195e-10
25,4.778048091776799e-09,7.745398350557636e-08,8.380399377028074e-08,3.4561938953373186e-06,5.296127006136881e-08,0.9718945911469653,2.007229667844333e-05,3.476876001028051e-05,3.986089627569398e-06,4.468400522009118e-06,2.06640889824982e-11,3.561906550458491e-05,4.604185124294497e-07,1.547829366766336e-11,8.759148583220408e-09,0.026248765176410938,3.349113525287755e-06,2.64738081181872e-05,0.00033645043225360093,3.013557035551021e-09,3.909477207341418e-06,0.0013527480739891008,5.565364100376293e-08,3.059480538195024e-05,2.816133420474309e-10
26,1.8028610297689163e-09,5.803295394677982e-08,2.365884712964611e-08,8.939748527111865e-07,2.572654869353291e-08,0.989119198751353,6.172605978927911e-06,7.411024035616585e-06,2.6473220031198894e-06,1.8443155796558072e-06,3.1275133560705252e-12,5.061310583730287e-06,1.2531853924651092e-07,3.1261907167884404e-12,2.8895562361701437e-09,0.009902359662556296,1.7146480774633627e-06,1.3731852985393648e-05,0.00036115550316131464,6.532472046999294e-10,1.8937269608302866e-06,0.0005536173883275798,4.125750001831637e-08,2.2018420658755023e-05,1.465783684575375e-10
27,2.5813967286964472e-09,2.1363768905374245e-08,1.0342645080485647e-07,1.1329493043111384e-06,5.1153988800612033e-08,0.9597834167741218,1.6438996838920983e-05,7.079694058374297e-06,9.7255778215441e-07,2.126959677224534e-06,4.498302648001476e-12,1.5001161488760497e-05,5.212566816251837e-07,1.2068904277408954e-11,2.3052597251057863e-09,0.039376294272805853,3.3975621499369024e-06,3.0217517905417017e-05,0.000363732712782535,2.5723029559829597e-09,9.345422815583206e-06,0.000324489222444192,7.485183916847528e-08,6.557459067525195e-05,7.689364944590811e-11
28,1.6803937629965402e-09,7.179748569467703e-08,3.4161193214517125e-08,1.263675882423834e-06,2.5314887568475567e-08,0.9858868204120341,7.365063203281585e-06,1.0628198764748905e-05,2.387178750752436e-06,1.7786986265979893e-06,4.29299935240533e-12,1.0248218145173159e-05,1.3703600638593582e-07,3.9605517037844025e-12,3.783469729092717e-09,0.012862555531120954,1.687716760564416e-06,1.2152235725802022e-05,0.00030551680271477706,7.881762589596463e-10,2.383163917900035e-06,0.0008752697531699301,3.303608570928003e-08,1.9635597061997656e-05,1.4816909114459176e-10
29,1.6803937629965402e-09,7.179748569467703e-08,3.4161193214517125e-08,1.263675882423834e-06,2.5314887568475567e-08,0.9858868204120341,7.365063203281585e-06,1.0628198764748905e-05,2.387178750752436e-06,1.7786986265979893e-06,4.29299935240533e-12,1.0248218145173159e-05,1.3703600638593582e-07,3.9605517037844025e-12,3.783469729092717e-09,0.012862555531120954,1.687716760564416e-06,1.2152235725802022e-05,0.00030551680271477706,7.881762589596463e-10,2.383163917900035e-06,0.0008752697531699301,3.303608570928003e-08,1.9635597061997656e-05,1.4816909114459176e-10
30,1.6803937629965402e-09,7.179748569467703e-08,3.4161193214517125e-08,1.263675882423834e-06,2.5314887568475567e-08,0.9858868204120341,7.365063203281585e-06,1.0628198764748905e-05,2.387178750752436e-06,1.7786986265979893e-06,4.29299935240533e-12,1.0248218145173159e-05,1.3703600638593582e-07,3.9605517037844025e-12,3.783469729092717e-09,0.012862555531120954,1.687716760564416e-06,1.2152235725802022e-05,0.00030551680271477706,7.881762589596463e-10,2.383163917900035e-06,0.0008752697531699301,3.303608570928003e-08,1.9635597061997656e-05,1.4816909114459176e-10
31,4.003243111764356e-09,1.1009975766929822e-07,1.0600087277836335e-07,1.5448573007534268e-06,4.370028221126943e-08,0.9769392624818121,9.810643834555693e-06,2.8775912918796072e-05,3.7780524484803932e-06,2.9298971958416426e-06,8.174970710940374e-12,1.9091473349797287e-05,3.544293189016316e-07,7.48249029302096e-12,6.8291336999304506e-09,0.021240707328369142,2.885811754276154e-06,1.5313169682297642e-05,0.0006071173260589953,1.4206549148077725e-09,4.003772080882216e-06,0.0010902200700708454,3.973683078866002e-08,3.389276791216638e-05,1.9945950524885888e-10
32,1.846116956821018e-09,7.877575585480219e-08,3.599540195637782e-08,1.2403090345001575e-06,2.704263054665815e-08,0.9859562105624026,6.736900645714059e-06,1.0474626277123926e-05,2.4082147067751676e-06,1.819238269358458e-06,4.350213772179142e-12,9.363975809589902e-06,1.4420663242722783e-07,4.11966020935635e-12,3.820083253147468e-09,0.012768814419222833,1.7534858688709237e-06,1.2540666456757066e-05,0.00035939641286323747,7.868523230415686e-10,2.3390917717072726e-06,0.0008461827342582077,3.292618134415154e-08,2.0393802332261477e-05,1.5195583460263605e-10
33,2.0924569818404324e-09,1.0336598570360776e-07,5.1211776141765685e-08,2.09741127867624e-06,3.9229950816443813e-08,0.9844226061857642,1.1259047393471187e-05,2.0085728877099703e-05,6.007731393051232e-06,2.4953268355179192e-06,1.2204227143922033e-11,1.6793676879645653e-05,1.354944699892844e-07,5.077307930579098e-12,1.0430976445504853e-08,0.01407709612622898,1.4319074961874546e-06,1.3770334645329892e-05,0.0002244747145803156,1.1896094603821157e-09,3.904726475525668e-06,0.0011846524429663706,5.734560512432237e-08,1.2924019032491309e-05,2.420410875604712e-10
34,6.007432314137554e-10,4.892371238153776e-08,1.6913579912469746e-08,8.565239534336175e-07,1.2645301258712393e-08,0.9901443976171616,6.099490151962358e-06,7.294413006126139e-06,1.5449854457219997e-06,1.1228443861928804e-06,2.1067050194642735e-12,8.77582922891259e-06,7.067155330168863e-08,2.0143371438649384e-12,2.857524749774287e-09,0.008888045819409829,1.0451353959355902e-06,8.661320974384228e-06,0.0001396107800874104,5.142910637862952e-10,2.053716913527019e-06,0.0007758907529715493,2.6411229903778074e-08,1.4421127405023543e-05,1.0145161143147229e-10
35,4.791503436543238e-09,2.0261962227506358e-07,4.386543083357602e-08,2.195562896265985e-06,3.621910124019683e-08,0.9860371050429317,5.5863069915482555e-06,3.894641506559626e-05,9.879394427562981e-06,3.1677220219468544e-06,1.005916172014843e-11,1.1523916138229421e-05,1.5465216450203623e-07,3.088234600541374e-12,7.55427276951786e-09,0.011364331639036199,1.9363549606138087e-06,9.981375033528136e-06,0.0006125708298317868,5.949329795860633e-10,1.2723773280824358e-06,0.0018895791052900952,2.204177471590349e-08,1.1451313013859545e-05,2.9308290103210084e-10
36,1.2055857595420555e-09,8.20326669337301e-08,2.949887104890925e-08,9.42241602928289e-07,2.79118761257441e-08,0.9903779733596749,3.07610135988571e-06,3.84964189416995e-06,1.9670320432202284e-06,1.4609497635231196e-06,2.133698589677876e-12,2.046906009043414e-06,1.0460598149983385e-07,1.664641719553014e-12,1.96784959738579e-09,0.00882189409591573,7.93171687882677e-07,8.32747117274953e-06,0.00042019564515479834,5.099764639476197e-10,1.5804312165041092e-06,0.00033949538570550013,3.340059734730577e-08,1.6116346760472197e-05,8.283567122210983e-11
37,3.4641002834085583e-09,5.673089521757042e-08,5.0356957457150446e-08,1.5047511094585652e-06,3.719042862963435e-08,0.9771232426490893,1.4071662018305982e-05,8.095303376332327e-06,1.5210738890757192e-06,1.7990967217019734e-06,5.0520741965417896e-12,1.386953016038605e-05,2.5231093762139774e-07,1.3404173845683703e-11,3.4981054574679853e-09,0.021679752150236025,3.234005735196192e-06,2.3032076616510397e-05,0.0004025390093636954,1.4135110470323958e-09,4.517326686333314e-06,0.000671654189945452,6.481495062246893e-08,5.0697179938347946e-05,1.9677126104318263e-10
38,1.6648099729427318e-07,4.163671683136479e-06,5.153623274615132e-07,3.354679171198673e-05,1.0289703736724732e-06,0.9592385965400505,4.914828816551837e-05,0.00046428906860340014,9.588831097708684e-05,3.448628057526216e-05,2.1759355278045287e-10,6.822898981225942e-05,1.916331765268268e-06,8.395665923181431e-11,5.1510180808437594e-08,0.01855718531469005,3.103394748007896e-05,4.004033025216973e-05,0.0035417612445443588,1.1586655813063239e-08,2.671987855335916e-06,0.017747660612629983,1.2339473054378496e-07,8.746801187003102e-05,1.667051807221837e-08
39,1.2879685732926506e-09,6.329411917037867e-08,3.2895704771463636e-08,1.0082067301075622e-06,2.136703607869177e-08,0.9861177752314538,6.370097679083202e-06,9.676949195569616e-06,2.044642733311039e-06,1.4467671291994188e-06,3.2305119973690197e-12,9.932859113546024e-06,1.187008667618689e-07,3.0820607676004303e-12,3.3522689806903393e-09,0.012718299007981765,1.5672144168915096e-06,1.0902223161308399e-05,0.0002778531373477213,6.603063545396797e-10,2.652398937544261e-06,0.0008219421916920507,2.926412694805315e-08,1.8258125850942305e-05,1.1786689321502613e-10
40,1.7387272269795718e-09,7.404576653450868e-08,3.557697875077226e-08,1.2849451645256306e-06,2.6294638980153018e-08,0.9856821995742887,7.502930356923076e-06,1.084630601830901e-05,2.412988946381341e-06,1.7930289347954236e-06,4.431260118319927e-12,1.0576436436494468e-05,1.4062474275806552e-07,4.139843363865e-12,3.886971965370019e-09,0.013043350374432949,1.7270182051450722e-06,1.2308022241137195e-05,0.0003122987434581278,8.092980245104894e-10,2.4523841677445643e-06,0.0008909503262641231,3.347861548648436e-08,1.998030417443904e-05,1.5259933394138592e-10
41,1.990100413156996e-09,1.5700182162053407e-07,3.953611840841893e-08,2.2380590782290104e-06,4.675776788650888e-08,0.9832283946850816,3.011101847715981e-06,1.6919397734881138e-05,5.301033255420473e-06,1.943246358575965e-06,1.0363791927041476e-11,6.639612406096405e-06,2.078615703230092e-07,3.683436020261407e-12,5.946533261895715e-09,0.015699238753400267,6.682894375824977e-07,1.8128635040468504e-05,0.0004584972069399649,1.1436352967971303e-09,1.176346180441976e-06,0.0005489724353277774,2.7789871162264306e-08,8.383049109080315e-06,1.0733645783149537e-10
42,4.290089749096838e-09,3.877683503627987e-08,3.039134519509213e-08,1.8595467008159461e-06,6.175093039252338e-08,0.9842317946841004,2.8140316971734797e-05,8.116707998639702e-06,2.0753755157492873e-06,3.236564083575612e-06,9.395338537573308e-12,1.4941468774865667e-05,3.468242671519264e-07,2.661648383957339e-11,4.895749411568083e-09,0.014917349569226768,2.8373165890915506e-06,3.891591091148215e-05,0.00023786856849633998,2.8463733605681437e-09,3.5338817030312635e-06,0.0004492622702316921,1.2640683590492726e-07,5.945123398056911e-05,3.6627745575198414e-10
43,6.699616057210488e-10,3.296170827493976e-08,2.476456965360398e-08,5.978893301992402e-07,1.339128828501583e-08,0.9897146226483574,4.5001708386412726e-06,6.713393248640756e-06,1.5197387300771464e-06,1.7814337363681283e-06,1.5679105947864945e-12,5.906648125967236e-06,9.432131708114153e-08,1.0930194153263053e-12,1.8752489298265217e-09,0.009395740642835312,1.294876825150272e-06,6.592172189174919e-06,0.00020775002883690924,4.4611462947368966e-10,2.3057226987736115e-06,0.0006339084332488236,2.1598265450772757e-08,1.6576109627349945e-05,6.023618268042054e-11
44,1.6803937629965402e-09,7.179748569467703e-08,3.4161193214517125e-08,1.263675882423834e-06,2.5314887568475567e-08,0.9858868204120341,7.365063203281585e-06,1.0628198764748905e-05,2.387178750752436e-06,1.7786986265979893e-06,4.29299935240533e-12,1.0248218145173159e-05,1.3703600638593582e-07,3.9605517037844025e-12,3.783469729092717e-09,0.012862555531120954,1.687716760564416e-06,1.2152235725802022e-05,0.00030551680271477706,7.881762589596463e-10,2.383163917900035e-06,0.0008752697531699301,3.303608570928003e-08,1.9635597061997656e-05,1.4816909114459176e-10
45,4.529925112072691e-09,2.7569302080537253e-07,3.336691505151173e-08,3.465773307037442e-06,6.108580021947893e-08,0.9884066530138,6.268128572796197e-06,3.718198610109894e-06,2.933692598049446e-06,1.0408595093125126e-06,7.047387241115263e-12,5.1360617828288255e-06,1.0450507878719315e-07,8.266691179820787e-12,3.774453480454726e-09,0.009812938455519584,2.976584027252712e-06,2.2645354968201887e-05,0.0005594202228664221,1.0919462511114412e-09,3.3627698614872685e-06,0.0011483119249129188,1.0555548296750015e-07,2.0538828740502634e-05,5.129867403419252e-10
46,3.3492081467744267e-09,4.384873070599566e-08,4.44558561592934e-08,1.6365599890017838e-06,2.2364302050850956e-08,0.9833614286112214,1.2058960423657645e-05,1.1786569894382308e-05,1.8073525434695192e-06,2.7239735303048505e-06,3.925171392258951e-12,1.5146620851717613e-05,2.032764518591385e-07,3.3516575458710117e-12,1.8108277995982512e-09,0.014554749001698064,5.511884201980528e-06,9.395404149485275e-06,0.00033850045748676385,7.974872381741883e-10,3.0137362848419414e-06,0.00165244493664307,2.6886176168459418e-08,2.9448955924099927e-05,1.7884084681305204e-10
47,1.1969151417258392e-09,8.008734460864227e-08,2.680935019123701e-08,1.127822834218727e-06,2.4793336095938793e-08,0.9884403258782003,6.464598595819006e-06,9.700002446958948e-06,2.500902418397145e-06,1.5359735759813696e-06,4.3299046885310344e-12,8.880973865757764e-06,1.1024755555852811e-07,3.693940275497316e-12,4.50701240507061e-09,0.01045842822672748,1.2779544679568971e-06,1.3274670449561945e-05,0.0002532291569819103,7.984201010626404e-10,2.1659989033804e-06,0.000784598718003033,3.5092846798990495e-08,1.6205431637291158e-05,1.5008722783552224e-10
48,1.6896462703281965e-09,7.441598765398905e-08,3.513559242883108e-08,1.337789832927492e-06,2.6236434407502366e-08,0.9855064340871593,7.627243825946459e-06,1.0930453901341914e-05,2.5106168608990818e-06,1.747355463159484e-06,4.660009686567503e-12,1.0813047267274389e-05,1.3792208369246584e-07,4.1639821081540975e-12,4.03537934806227e-09,0.013242745912187022,1.6353566698778977e-06,1.2558968561378115e-05,0.00029412895726790237,8.30931255324769e-10,2.4650963968680364e-06,0.0008857627710320533,3.476443714535129e-08,1.8987151972266768e-05,1.5228534495705322e-10
49,2.0808144826115305e-06,1.204586894263754e-07,8.411143125776322e-08,3.5201218149148245e-05,1.7764947567390772e-06,0.7717115668841781,0.00022737410830340888,4.626548894279911e-05,1.4722669425621804e-05,2.1154818476991465e-05,1.1299711457925739e-09,7.918713723055975e-06,9.079115410229654e-06,2.8642200549118407e-08,1.0180156620556976e-07,0.20973865680915627,2.8261160860508232e-05,0.00834243345010986,0.008607622659671646,6.704925151568784e-08,7.334297695337653e-06,6.812076721243093e-05,8.390072323497754e-06,0.0011216317388228496,5.52518885865369e-09
50,8.928437458987873e-10,1.1263582938326468e-07,2.4148995957475497e-08,1.0342515543947741e-06,1.8785933696815924e-08,0.9890618518455332,3.6490676305453643e-06,7.349826039049889e-06,2.1947548086046876e-06,8.465906837630732e-07,3.1641333301350408e-12,7.166871237378231e-06,6.979450134735339e-08,2.358780314695802e-12,4.261179599080108e-09,0.00978575666315459,1.0704677792289154e-06,1.1484743481870763e-05,0.00025521483735343494,5.276597004124456e-10,2.616231384163873e-06,0.0008482125005707679,3.1974044408815767e-08,1.1288206151920317e-05,1.161262796705401e-10
51,1.5741671246712452e-09,1.420761874687643e-07,3.155529348659935e-08,1.8299989003195395e-06,2.314936275960776e-08,0.9876043830273769,5.62044639157865e-06,1.3421172503039355e-05,3.065335591757429e-06,1.5388039182035274e-06,6.109899568891062e-12,1.0896623217258628e-05,1.0552688959451821e-07,3.801515847385615e-12,5.808591209248881e-09,0.01075552643590898,1.378294373869491e-06,1.203771498754993e-05,0.00028677308996818464,7.584302168987459e-10,2.1246751243063165e-06,0.0012877327771751265,3.1930022793878165e-08,1.3329024523358112e-05,1.9118341710194712e-10
52,6.7042116656315816e-09,6.637447596096274e-07,2.974281373457359e-07,3.7549681552777203e-06,9.606553662857694e-08,0.9611761681826676,2.8609171381603472e-05,1.1365809318785905e-05,2.7996881168452653e-06,4.977669051298906e-07,9.148602602789014e-12,3.920236963425067e-05,9.799929096459525e-08,2.5464218260848424e-11,1.0348208913295165e-08,0.032925744708129624,1.852717463000376e-05,1.4170352592518438e-05,0.0005937637291760821,8.228222292708428e-10,5.904332577061644e-05,0.005075471695434861,1.5723158146326408e-07,4.954909816448234e-05,1.5807603099181068e-09
53,1.2805517023433375e-09,3.416030649644458e-08,3.211138787808571e-08,1.4359417698577732e-06,2.609538377615852e-08,0.9811832729109692,1.700768122504381e-05,8.771151001342272e-06,2.002921636889247e-06,1.6165849957036334e-06,5.23165905941948e-12,1.582385407296707e-05,1.5351317119540946e-07,6.237770514660135e-12,3.7903176507162655e-09,0.017915299126708563,1.8099285458819431e-06,1.824656392093412e-05,0.0001392204170942142,1.403659407835437e-09,4.114338996294597e-06,0.0006669001630927052,6.371595262685431e-08,2.4162188666866557e-05,1.4510327932479198e-10
54,1.7880038451958767e-09,1.5137770613485777e-07,2.1253276747530115e-08,1.5292167553236708e-06,2.0506955904873017e-08,0.9898886213745788,6.29172340382965e-06,1.1913775881622455e-05,2.7778653479309793e-06,1.430776915413408e-06,4.2449919062949535e-12,9.398956678573041e-06,7.35114131118557e-08,4.253243699465761e-12,5.723598192121385e-09,0.008388324158650687,1.4461819820610426e-06,9.88137311873301e-06,0.0002991643268645601,4.912101790295929e-10,1.7569610703358453e-06,0.0013608883325821944,2.9089412641311546e-08,1.627095557899267e-05,2.7051602101149017e-10
55,1.662162585401042e-09,6.32232675568853e-08,3.3421027298818656e-08,1.2421981768030475e-06,2.5572519999943073e-08,0.984924998770607,8.190028701816478e-06,1.1651675933815524e-05,2.4249319612581007e-06,1.769659846248598e-06,4.3582714164388105e-12,1.2392665485343338e-05,1.4807692235689454e-07,4.356167126068347e-12,3.81979388908469e-09,0.013873476711108121,1.640631805126793e-06,1.2872153340222813e-05,0.0002765499447914656,8.462453398394635e-10,2.366288917765514e-06,0.0008501082474492504,3.270713597197903e-08,2.0006608060440904e-05,1.4602574176238769e-10
56,1.7460984755762549e-09,6.644538249329099e-08,3.5045893990218365e-08,1.2564889294180765e-06,2.592355401346136e-08,0.9856734682511653,7.5637592285145075e-06,1.0964040059474418e-05,2.368062014041102e-06,1.9389081285048274e-06,4.3953139263501785e-12,1.0438303118344682e-05,1.5486928088853144e-07,4.124508003484819e-12,3.641513792911867e-09,0.013124538873971645,1.7124632092728e-06,1.234372665326503e-05,0.0003076421789179894,8.467680767261341e-10,2.2929975739326763e-06,0.000822449314771993,3.2898734305228644e-08,2.0701060208978022e-05,1.4630351145746112e-10
57,1.7208914592956552e-09,5.853807875207876e-08,7.285668798483019e-08,1.139332030214311e-06,3.573288645121939e-08,0.980076892018808,9.43657289359192e-06,1.520519659520695e-05,2.4679621237415852e-06,2.472244529026224e-06,4.374025421737345e-12,1.79611459236796e-05,2.2634771530248656e-07,3.94690826507541e-12,3.6745008366477704e-09,0.018511229888882572,2.158123652607165e-06,9.752703960423319e-06,0.0003332782413852409,1.0836291415196813e-09,3.692266477035761e-06,0.0009895518004194705,2.8173748392096948e-08,2.43342374139144e-05,1.284457456715944e-10
58,1.5307608228731e-09,5.8878137944734214e-08,3.0731878723494814e-08,1.0326289877859308e-06,2.3045511730557245e-08,0.9869261458276821,6.991271998436989e-06,9.424159414974451e-06,1.9437347883655588e-06,1.8775012279187537e-06,3.355752543219636e-12,9.442277231747404e-06,1.4462898539340635e-07,3.815787763552876e-12,3.1986731320888707e-09,0.011948549217510393,1.6654134804269967e-06,1.1838115552688661e-05,0.00030341477193146797,7.611595275592088e-10,2.2151661006681936e-06,0.0007519955383567838,3.093019731534299e-08,2.3170531289449514e-05,1.3197049958168007e-10
59,1.6674823921213463e-09,6.305227790208592e-08,3.8769631569528636e-08,1.1237641689801596e-06,2.6238421066053517e-08,0.9853544690811293,7.695975082188183e-06,1.0341205519048851e-05,2.075108318517671e-06,1.962089577723616e-06,3.815244648343532e-12,1.0682977326136021e-05,1.5965641424215153e-07,4.183844959009848e-12,3.466007043394213e-09,0.013438713420564009,1.8274686450079925e-06,1.1955835381136545e-05,0.000320763773658475,8.500883588295551e-10,2.619987480413942e-06,0.0008114161275961454,3.2727536348114386e-08,2.402661063758935e-05,1.3905734950733308e-10
60,1.6803937629965402e-09,7.179748569467703e-08,3.4161193214517125e-08,1.263675882423834e-06,2.5314887568475567e-08,0.9858868204120341,7.365063203281585e-06,1.0628198764748905e-05,2.387178750752436e-06,1.7786986265979893e-06,4.29299935240533e-12,1.0248218145173159e-05,1.3703600638593582e-07,3.9605517037844025e-12,3.783469729092717e-09,0.012862555531120954,1.687716760564416e-06,1.2152235725802022e-05,0.00030551680271477706,7.881762589596463e-10,2.383163917900035e-06,0.0008752697531699301,3.303608570928003e-08,1.9635597061997656e-05,1.4816909114459176e-10
61,1.748048357274604e-09,6.561069830172732e-08,3.915675514271459e-08,1.1354248547128669e-06,2.705509220090882e-08,0.9852807928329316,7.800390062538496e-06,1.0458252728787204e-05,2.1905167564508026e-06,1.9335067034223836e-06,3.945689239947675e-12,1.0683340445795352e-05,1.5536820268043455e-07,4.2594166749694744e-12,3.6127118775980066e-09,0.013488650880778571,1.85653329558224e-06,1.1916751242468982e-05,0.00032916396540188267,8.282027139628009e-10,2.6790182534619605e-06,0.0008269034025480812,3.354226029308879e-08,2.3508108390603092e-05,1.4542954428727797e-10
62,1.6803937629965402e-09,7.179748569467703e-08,3.4161193214517125e-08,1.263675882423834e-06,2.5314887568475567e-08,0.9858868204120341,7.365063203281585e-06,1.0628198764748905e-05,2.387178750752436e-06,1.7786986265979893e-06,4.29299935240533e-12,1.0248218145173159e-05,1.3703600638593582e-07,3.9605517037844025e-12,3.783469729092717e-09,0.012862555531120954,1.687716760564416e-06,1.2152235725802022e-05,0.00030551680271477706,7.881762589596463e-10,2.383163917900035e-06,0.0008752697531699301,3.303608570928003e-08,1.9635597061997656e-05,1.4816909114459176e-10
63,1.672518593541914e-09,9.072536696022734e-08,3.200071644580602e-08,1.2705286047743562e-06,2.5397674962863994e-08,0.9873047454833952,6.365425026567127e-06,1.0408119311171702e-05,2.545070819456773e-06,1.6549796583841791e-06,4.465647206781461e-12,9.135543772419726e-06,1.210314708613479e-07,3.8837785055820666e-12,4.301389153377353e-09,0.011400184289969879,1.5935564355975217e-06,1.211686234218794e-05,0.0003221088943523842,7.332758604009903e-10,2.3176033439910184e-06,0.000907274621466648,3.363836734032543e-08,1.7969348246920945e-05,1.641249318957854e-10
64,1.5423435550975081e-09,6.779200121257537e-08,4.177400179100505e-08,1.1442393554214566e-06,2.5790468470121714e-08,0.9846688994779846,7.716827360330163e-06,9.637186087393581e-06,2.1181511000408528e-06,1.6199323340390604e-06,3.883711635823927e-12,1.1290891499872334e-05,1.395078066335055e-07,3.938131062689645e-12,3.7046960461904766e-09,0.014092214020200786,1.9138262080263694e-06,1.1762106860173293e-05,0.00028978188639290143,8.182739837860028e-10,3.4941974997337837e-06,0.0008762282259791385,3.7386825362914505e-08,2.1860569698200287e-05,1.3720059192155108e-10
65,3.0025574480569213e-09,7.188129628114288e-08,5.474629529506498e-08,1.7325386283997069e-06,3.336316444863021e-08,0.9812614157423096,9.343618482964872e-06,1.9120243026476313e-05,3.6301133243541003e-06,3.1421020233777714e-06,7.2158413346202265e-12,1.4217220033038684e-05,2.2420352375128183e-07,4.6850803084796666e-12,4.430251904505769e-09,0.01715153558961234,1.978046786177766e-06,1.1065375954292149e-05,0.000425430740672538,9.407907534330207e-10,2.0594407650621173e-06,0.001074767079472818,2.806920951023501e-08,2.014134326753932e-05,1.5665052295341737e-10
66,1.8364698589250775e-09,6.26887936284735e-08,3.952870990260725e-08,1.269310641251538e-06,2.8687654406824145e-08,0.9847463444626642,8.059016906591502e-06,1.0626676773494596e-05,2.365569156602602e-06,2.0164432602955333e-06,4.3212120579280555e-12,1.0361255983256932e-05,1.651097094314038e-07,4.0313564116456075e-12,3.3350636995839854e-09,0.014052634085828351,1.806524442251973e-06,1.1904621063655261e-05,0.0003211105724901663,8.716911769293608e-10,2.43397979030673e-06,0.0008072874090838972,3.284729146467228e-08,2.1445017220324632e-05,1.4095928123574745e-10
67,1.864611960906089e-09,7.351015490495186e-08,3.763207118405689e-08,1.331132205559088e-06,2.7308268097321513e-08,0.9851295442416796,7.636899827079902e-06,1.179227862726541e-05,2.586102458939274e-06,1.955278930588037e-06,4.6710228452198655e-12,1.0873816176548512e-05,1.4987873045226775e-07,4.125049580094672e-12,3.912754223189838e-09,0.013564679280889343,1.7310206305618148e-06,1.2049027743336246e-05,0.00032627322458274273,8.178448637399237e-10,2.353136560509447e-06,0.0009069480202817577,3.216458826456688e-08,1.9919290748129616e-05,1.5083791630431394e-10
68,1.1330009375203156e-09,5.854500610296084e-08,2.7851670019218212e-08,9.744464396135607e-07,2.0456142635320593e-08,0.9877166224569263,7.062583949445686e-06,9.567072496682389e-06,1.945024595906484e-06,1.4413720465656705e-06,3.302419005818539e-12,1.0873323580033989e-05,1.1356534072964285e-07,3.2330298529457593e-12,3.5358214584862216e-09,0.011178561723035323,1.4339477554978818e-06,1.1399525361780262e-05,0.0002230134358332622,7.13896385403431e-10,2.5041498995386525e-06,0.0008163734369845991,2.9885853426364625e-08,1.7971683983258854e-05,1.2384506621131107e-10
69,1.3905378158530986e-09,8.747038750615075e-08,2.876550762721307e-08,2.0106154678278648e-06,2.993453036554781e-08,0.9885522057559699,7.837759016405428e-06,1.3987597794133514e-05,3.582837726000585e-06,1.9943461163086657e-06,1.2950968433161911e-11,1.2734799874792525e-05,1.2385650420800964e-07,4.441038345664711e-12,9.076510738001837e-09,0.010094183578786484,1.7598671676509485e-06,2.6453518151455335e-05,0.0001771949063958713,1.708250603829528e-09,3.766142478338509e-06,0.0010909892730221079,6.495165485643881e-08,1.0951620329477532e-05,2.104275589121977e-10
70,1.2829519571264575e-09,5.762577266528705e-08,3.330776965896868e-08,1.4347146640654895e-06,2.331165088397228e-08,0.9849339993155249,7.694002202349937e-06,1.0299385081463762e-05,2.5472149351400544e-06,1.6710266441360058e-06,4.325108304483863e-12,9.87743235926114e-06,1.299855663648222e-07,2.928864211257167e-12,3.2368623858650304e-09,0.01404093410852841,1.156551133521558e-06,1.0251909924367113e-05,0.00021803038823130528,7.976854594574052e-10,2.053954857094505e-06,0.0007453467492628899,3.042344635655602e-08,1.4423153620081222e-05,1.1407116213564908e-10
