,0,1,2,3,4,5,6,7,8,9,10,11,12,13,14,15,16,17,18,19,20,21,22,23,24
0,2.1583829367111645e-06,4.786992042847307e-08,2.1806551323542146e-10,9.98624203023194e-10,3.7873490346649096e-07,0.9873811588653985,2.7840828115254726e-05,1.0678350762430277e-09,8.434885160045139e-09,7.314791796269424e-07,7.716979335419146e-05,3.925040740177571e-07,5.4721100599798577e-11,3.95728730251729e-06,0.0001943040530396232,0.010308240591344423,9.093884550929182e-11,4.515169200348635e-06,2.3451960473821992e-06,2.7240303843777957e-08,1.387498126769141e-06,0.00023511337749356327,0.0017602189969180239,1.5164089330714627e-10,1.115630562747421e-09
1,1.622208026028411e-06,3.964850187761841e-08,2.814586872518265e-10,9.489037630386348e-10,3.5767345437378154e-07,0.9836588524104022,2.9883687286748643e-05,1.3389843924715977e-09,1.2724765197012334e-08,9.165030257159666e-07,6.128914238561499e-05,3.6524066724949434e-07,5.552202587119275e-11,3.736463159010971e-06,0.00018578842432013035,0.0145219714895058,6.956178325767499e-11,3.0275784864605082e-06,2.9280034841262305e-06,3.924478765553867e-08,1.2311180935301006e-06,0.00021111851653141288,0.0013168160701510444,1.2340727123342225e-10,1.0351279391483628e-09
2,2.6038555453575717e-06,5.659460987011336e-08,2.4197891454221064e-10,8.725507851236694e-10,3.303119591911998e-07,0.9854334893733672,2.8994262039989988e-05,1.0276232373993282e-09,9.700591342424579e-09,6.565168577075977e-07,7.820087776569978e-05,3.866769878932182e-07,6.304605310910293e-11,3.641057575481945e-06,0.0002911804418729373,0.01185372152479133,1.157224648836277e-10,3.879968936535864e-06,2.1338507213923875e-06,3.224787896511393e-08,1.1150391852214801e-06,0.00026959352603449856,0.0020299703898619048,1.784736027169624e-10,1.2840223386356247e-09
3,2.0590848759544276e-06,4.516312529573011e-08,2.1958713227532524e-10,9.58013291905848e-10,3.6773877949271674e-07,0.9874669181978847,2.783484815407902e-05,1.0266633807265252e-09,8.314897550709415e-09,7.039368487041273e-07,7.65681260011796e-05,3.8889629943389047e-07,5.603457208612206e-11,3.800077077805377e-06,0.00018559164877471234,0.010299495555783354,8.57812159845347e-11,4.3341063526010706e-06,2.2112888559000477e-06,2.8269890523928887e-08,1.274273039639987e-06,0.00022464107810465984,0.001703725875078946,1.475584076084772e-10,1.0265372868825041e-09
4,2.1613125026011175e-06,5.0573084909288406e-08,2.582705167769854e-10,1.0216926297866328e-09,4.011611495554137e-07,0.9878992879648427,2.9365620170804065e-05,1.0519194438932567e-09,8.959173468922995e-09,7.400005044235507e-07,7.895785458846222e-05,4.3624277469029786e-07,7.333843250566427e-11,4.241985762035225e-06,0.00018065144459516525,0.009885280779295803,9.340306300516879e-11,4.770343646771715e-06,2.186006929431175e-06,3.174942816448031e-08,1.2244264700987858e-06,0.00023669772841806769,0.001673502126719779,1.6764485000864173e-10,1.053674195589553e-09
5,1.8886132173573816e-06,4.305541595876137e-08,1.8626522064889016e-10,1.0786946383356197e-09,3.857187956574408e-07,0.988298047477735,2.599044486433481e-05,1.0525340984135318e-09,7.151782881654547e-09,7.422495594803361e-07,7.73638949889504e-05,3.441490856270757e-07,5.3617676175860596e-11,3.5004080735184667e-06,0.00016260956753641622,0.009440391853925697,8.653990361764088e-11,5.032482013486364e-06,2.0762096279944802e-06,2.5977600763011115e-08,1.4137398295070694e-06,0.00019917052964154048,0.0017809629041577355,1.566971522994025e-10,9.577996076361875e-10
6,2.0590848759544276e-06,4.516312529573011e-08,2.1958713227532524e-10,9.58013291905848e-10,3.6773877949271674e-07,0.9874669181978847,2.783484815407902e-05,1.0266633807265252e-09,8.314897550709415e-09,7.039368487041273e-07,7.65681260011796e-05,3.8889629943389047e-07,5.603457208612206e-11,3.800077077805377e-06,0.00018559164877471234,0.010299495555783354,8.57812159845347e-11,4.3341063526010706e-06,2.2112888559000477e-06,2.8269890523928887e-08,1.274273039639987e-06,0.00022464107810465984,0.001703725875078946,1.475584076084772e-10,1.0265372868825041e-09
7,2.053739646208323e-06,4.476603451551598e-08,2.175303173345665e-10,9.564688772105148e-10,3.688052574865162e-07,0.9874151058992344,2.7519084685556502e-05,1.022273221424586e-09,8.225144729335981e-09,7.030847283799045e-07,7.581440317976544e-05,3.8812343378105906e-07,5.504594485799327e-11,3.8012528044547125e-06,0.00018524246797356944,0.010350776476915813,8.546415521454314e-11,4.30756451345432e-06,2.2181116984252765e-06,2.7901845128015985e-08,1.2805876992131495e-06,0.0002241019226960152,0.0017062340710118137,1.4589116737231607e-10,1.0288235778133327e-09
8,4.8522954912635475e-06,7.186693425969264e-08,4.375896178260093e-10,1.67840675644852e-09,4.989563672087374e-07,0.9740944437127339,4.942635263778152e-05,1.996807458000464e-09,1.2471312330030868e-08,1.3158734470840169e-06,6.356229610648869e-05,4.882640261022339e-07,9.328752958898467e-11,5.445153813330008e-06,0.00029769681212599364,0.02243722303609383,1.6873331976241687e-10,4.693687987090777e-06,3.027644168905147e-06,4.2568539418187416e-08,1.785665846731503e-06,0.0002552590703375702,0.002780146909290839,3.8654534933402726e-10,2.6013700447908414e-09
9,4.183534174081717e-06,8.50357775760631e-08,6.524268298063707e-10,1.7645337779773734e-09,5.349591512079233e-07,0.9771529142074719,6.112231957001847e-05,2.45342507547745e-09,1.883569492369525e-08,1.4806414815080058e-06,7.968656725488542e-05,5.294684172038523e-07,1.488858221811104e-10,5.187031429333745e-06,0.0002817436268648203,0.01988949408568271,1.7727656641209125e-10,5.1007893141362075e-06,3.070205776267903e-06,6.703846816833946e-08,1.5994309697943349e-06,0.0002667881808080241,0.0022463860313444856,4.995993742520349e-10,2.314201662876073e-09
10,2.0590848759544276e-06,4.516312529573011e-08,2.1958713227532524e-10,9.58013291905848e-10,3.6773877949271674e-07,0.9874669181978847,2.783484815407902e-05,1.0266633807265252e-09,8.314897550709415e-09,7.039368487041273e-07,7.65681260011796e-05,3.8889629943389047e-07,5.603457208612206e-11,3.800077077805377e-06,0.00018559164877471234,0.010299495555783354,8.57812159845347e-11,4.3341063526010706e-06,2.2112888559000477e-06,2.8269890523928887e-08,1.274273039639987e-06,0.00022464107810465984,0.001703725875078946,1.475584076084772e-10,1.0265372868825041e-09
11,2.174152985437241e-06,4.895056608240311e-08,2.3898833749090655e-10,1.0149395674659599e-09,3.816708982600509e-07,0.9876824778122604,2.9276256582065374e-05,1.0684676471340514e-09,8.826801581122463e-09,7.275741266125949e-07,7.925507905594456e-05,4.133145823030586e-07,6.693375307481629e-11,4.010852811834248e-06,0.00018513298445471413,0.010058622308401054,9.20962332698409e-11,4.663466101748771e-06,2.2019069775473673e-06,3.091073252611039e-08,1.244186038325171e-06,0.00023246829663680735,0.0017168577466424816,1.6305519336106934e-10,1.0588635812435645e-09
12,1.969981163688276e-06,4.894203596936521e-08,3.709887287030212e-10,1.045921579278072e-09,2.5006821183011467e-07,0.9836018679703006,5.3792055760518696e-05,2.374380333474298e-09,2.9593903347033705e-08,1.0380929673299554e-06,0.0001041808138309231,3.431843921475879e-07,5.653845470757261e-11,2.6149694932648144e-06,0.0003147815265009134,0.014341770995541282,8.865254882014302e-11,3.033510301288667e-06,3.6293106974799804e-06,6.291702299946409e-08,1.5384241792106362e-06,0.0002503505111869056,0.0013186916346387054,1.7895656799215926e-10,1.3824336145251349e-09
13,3.2074568624664117e-06,7.183544319730927e-08,4.519731050863695e-10,1.2945358882042445e-09,5.412400206644699e-07,0.9888479021799845,3.7241633046939066e-05,1.4017979959324438e-09,1.2780499457537523e-08,5.218460689050997e-07,0.0002210051303072037,1.1435423605640001e-06,8.729600850145717e-11,6.90779458142371e-06,0.0003260572355619803,0.008043836680391611,1.854344722888492e-10,6.0535608928306725e-06,3.5872865685789148e-06,4.0295945542335084e-08,2.136643306241197e-06,0.00047180078907453176,0.002027927020776324,1.7204034695343625e-10,1.4552288190893753e-09
14,2.4518816852659566e-06,4.469360457569835e-08,2.39949264232162e-10,1.0157151085966238e-09,3.763986498288533e-07,0.986514160670204,2.920464287563506e-05,1.0523939772033494e-09,8.504459178606779e-09,6.640813454195919e-07,7.940380998761628e-05,4.534417325723616e-07,5.7624068059893815e-11,4.177707988705001e-06,0.00020192035302171404,0.01103388501820704,9.713888955902781e-11,4.378751102694529e-06,2.3324684395213815e-06,2.8684775413212526e-08,1.3196106338134404e-06,0.00023727720879941568,0.0018879082958507206,1.512156497149425e-10,1.1625999599449074e-09
15,2.0590848759544276e-06,4.516312529573011e-08,2.1958713227532524e-10,9.58013291905848e-10,3.6773877949271674e-07,0.9874669181978847,2.783484815407902e-05,1.0266633807265252e-09,8.314897550709415e-09,7.039368487041273e-07,7.65681260011796e-05,3.8889629943389047e-07,5.603457208612206e-11,3.800077077805377e-06,0.00018559164877471234,0.010299495555783354,8.57812159845347e-11,4.3341063526010706e-06,2.2112888559000477e-06,2.8269890523928887e-08,1.274273039639987e-06,0.00022464107810465984,0.001703725875078946,1.475584076084772e-10,1.0265372868825041e-09
16,2.2196892220130877e-06,5.1355897578040506e-08,2.0286010053386973e-10,1.2564426229061419e-09,4.114883579035911e-07,0.9851423797543933,2.8772352912801916e-05,1.2982989786671219e-09,7.863863920270117e-09,1.0511435879791335e-06,7.672020175235875e-05,4.042165725012112e-07,4.615530452270966e-11,4.199767533164929e-06,0.00019568372321882696,0.012475533974833116,1.037348303479009e-10,5.510727531276577e-06,2.7706336179250494e-06,2.4434201601949546e-08,2.4442752161453546e-06,0.00023222987771226545,0.0018295800852616685,1.6932235015047575e-10,1.357499478848993e-09
17,3.1556211081618606e-06,5.4374169753440755e-08,2.553470229210601e-10,1.520813276212962e-09,4.867872217547451e-07,0.986648509184939,3.177009343692699e-05,1.1514267705605587e-09,6.9981098871250664e-09,7.724877774796922e-07,8.212582697161535e-05,5.383952534740516e-07,7.857876139955348e-11,6.0085073404127355e-06,0.00016474013840258377,0.010569235915884169,1.168929737723998e-10,6.509004386003134e-06,2.4321047013956326e-06,2.8350358507563094e-08,1.6740684170454074e-06,0.0002271789139171496,0.002254768472799744,1.937866856373974e-10,1.4379597558672357e-09
18,5.7600843212123345e-06,8.965902548558613e-08,3.5906572502584625e-10,1.4200523246643681e-09,4.7117875439752876e-07,0.9844174914925357,4.425684128634472e-05,1.5507998114390581e-09,1.1031328776871038e-08,1.0323652293735833e-06,9.645608263481438e-05,7.417788946092692e-07,1.0767412862328061e-10,5.675086719490347e-06,0.00026289043459597764,0.012200419946757683,2.3483559510625446e-10,9.45541856293654e-06,3.0099757336073077e-06,3.289709479519423e-08,2.022732886718544e-06,0.0004319434928887572,0.0025182332870511115,3.676149429870586e-10,2.173655394616523e-09
19,1.8356168626403347e-06,4.764974910364748e-08,3.402820088098393e-10,1.1026097723147214e-09,5.06087220835056e-07,0.9884043706451526,2.7464313072119458e-05,1.3186881892105315e-09,1.1728251982594277e-08,8.601404175845982e-07,7.725602170545523e-05,5.596088921371924e-07,8.461776731681524e-11,4.583461380547627e-06,0.0001694625374146582,0.009724545628341805,9.267950112919532e-11,4.351205668275505e-06,2.5839206034531015e-06,3.935197461189422e-08,1.2607199503613966e-06,0.0002871517599512005,0.0012931054670451592,1.5584354996328072e-10,1.041624775029495e-09
20,2.6398398753152013e-06,7.963378156558244e-08,3.0584558674022145e-10,1.1483658967231643e-09,5.443249673442181e-07,0.9867718744750605,2.9966722604616914e-05,1.979471575826607e-09,1.498368364825477e-08,1.0828568838780835e-06,9.425169344316002e-05,5.11162818245153e-07,6.937340163861787e-11,4.21966902180425e-06,0.0003319763484535503,0.010541619472788522,1.7426409091630575e-10,5.5086369827745724e-06,3.8082585297036445e-06,3.448064993238851e-08,2.110174330776947e-06,0.0005229248989939978,0.0016868269502321295,2.3787764773833087e-10,1.501700146447169e-09
21,2.483911536819554e-06,3.352507383445755e-08,2.747573744081761e-10,1.0613078863082216e-09,3.2912319362505755e-07,0.9828544875115443,3.420084900272508e-05,7.475777873278312e-10,5.888863434100153e-09,6.71851156909907e-07,6.239833850413689e-05,4.975421301879195e-07,7.817336038487358e-11,4.648431545428255e-06,0.00012469943712410347,0.01489411230865267,6.959516444166726e-11,4.1260135706352254e-06,1.5398053191208428e-06,3.289951054069977e-08,1.0247471573451028e-06,0.00012772846244004022,0.00188697598334584,1.5180850535188837e-10,9.871081616186454e-10
22,2.0074366390051784e-06,3.8214805146844076e-08,2.480306735670521e-10,1.1382374023278206e-09,3.736832702913377e-07,0.9870548266615452,3.083410075231923e-05,1.0298329550791525e-09,6.794034834237245e-09,6.317259901008824e-07,0.00010029839501241021,4.582498939936625e-07,5.253944036805981e-11,4.088675312792248e-06,0.00015598947545171794,0.01064943978420742,9.09685567824444e-11,5.380714507970411e-06,1.98456095269166e-06,3.23310277162961e-08,1.650509808374671e-06,0.00020586979830832249,0.0017860852996190511,1.4921697400674765e-10,8.800345517308455e-10
23,2.0590848759544276e-06,4.516312529573011e-08,2.1958713227532524e-10,9.58013291905848e-10,3.6773877949271674e-07,0.9874669181978847,2.783484815407902e-05,1.0266633807265252e-09,8.314897550709415e-09,7.039368487041273e-07,7.65681260011796e-05,3.8889629943389047e-07,5.603457208612206e-11,3.800077077805377e-06,0.00018559164877471234,0.010299495555783354,8.57812159845347e-11,4.3341063526010706e-06,2.2112888559000477e-06,2.8269890523928887e-08,1.274273039639987e-06,0.00022464107810465984,0.001703725875078946,1.475584076084772e-10,1.0265372868825041e-09
24,1.6630613949055622e-06,4.332670031856794e-08,1.8731655454910676e-10,1.0914979043573202e-09,4.070650077540715e-07,0.9891727440536194,2.263396842479819e-05,9.412342686466637e-10,6.98610392366881e-09,7.608000560951801e-07,6.377518161511676e-05,3.6651651638289197e-07,5.617494353035378e-11,4.4888553595762686e-06,0.00013500445087702545,0.00891157147428576,6.75991867342584e-11,4.523816688609846e-06,2.2345294445508993e-06,2.5470707168734862e-08,1.3052240842611876e-06,0.00019090798502600128,0.0014875337860965363,1.1455559228717305e-10,9.896133984128634e-10
25,3.3400877120476794e-06,6.023277493883204e-08,4.427504618071356e-10,2.0920875671279157e-09,5.634171045199766e-07,0.9837432210533256,5.767673985923194e-05,2.575335862036754e-09,1.3621131837896822e-08,9.133745939959676e-07,0.000169562230653338,7.73311913916102e-07,1.2237940347095742e-10,5.75382447430424e-06,0.00021537903026772284,0.013201193635201194,1.644193004124997e-10,6.807005781514408e-06,4.042948648721936e-06,6.197132925937706e-08,2.2035325895487627e-06,0.0002913993332386657,0.0022970277571272976,2.7195597967513866e-10,1.2233435924920283e-09
26,4.716575351557144e-06,7.388702389208894e-08,4.005479258948938e-10,1.374268843491252e-09,4.646170213284133e-07,0.9854567168866805,5.012223829931627e-05,1.6953975624075936e-09,1.2180528983176219e-08,9.179974243387516e-07,0.0001112915914958028,5.545158570187541e-07,1.2813668147504176e-10,3.7185052353767116e-06,0.00024639276754569227,0.011109487684778338,2.360539746112868e-10,9.155278518787826e-06,2.2391448742441244e-06,4.163523857818147e-08,1.4759101219692953e-06,0.0003382740894410041,0.0026643386379319087,5.240349765903606e-10,1.498191669359277e-09
27,3.4287978682768836e-06,3.84393765097857e-08,2.896893954352288e-10,2.5307710359398642e-09,9.38918516800468e-07,0.985355550365945,4.906866817699555e-05,5.649317079588836e-10,1.4691352524738853e-09,3.536397673431733e-07,0.00024992787911148445,1.3704943737946057e-06,1.6835369853287835e-10,1.4425847305397326e-05,5.4072194517114154e-05,0.009712253723082832,9.58987211970551e-11,1.148637562747918e-05,2.2078787788996222e-06,2.170188182216524e-08,2.094721812019268e-06,6.570478471962688e-05,0.004477049791145589,1.7763275234987654e-10,4.815803466535195e-10
28,2.0590848759544276e-06,4.516312529573011e-08,2.1958713227532524e-10,9.58013291905848e-10,3.6773877949271674e-07,0.9874669181978847,2.783484815407902e-05,1.0266633807265252e-09,8.314897550709415e-09,7.039368487041273e-07,7.65681260011796e-05,3.8889629943389047e-07,5.603457208612206e-11,3.800077077805377e-06,0.00018559164877471234,0.010299495555783354,8.57812159845347e-11,4.3341063526010706e-06,2.2112888559000477e-06,2.8269890523928887e-08,1.274273039639987e-06,0.00022464107810465984,0.001703725875078946,1.475584076084772e-10,1.0265372868825041e-09
29,2.0590848759544276e-06,4.516312529573011e-08,2.1958713227532524e-10,9.58013291905848e-10,3.6773877949271674e-07,0.9874669181978847,2.783484815407902e-05,1.0266633807265252e-09,8.314897550709415e-09,7.039368487041273e-07,7.65681260011796e-05,3.8889629943389047e-07,5.603457208612206e-11,3.800077077805377e-06,0.00018559164877471234,0.010299495555783354,8.57812159845347e-11,4.3341063526010706e-06,2.2112888559000477e-06,2.8269890523928887e-08,1.274273039639987e-06,0.00022464107810465984,0.001703725875078946,1.475584076084772e-10,1.0265372868825041e-09
30,2.0590848759544276e-06,4.516312529573011e-08,2.1958713227532524e-10,9.58013291905848e-10,3.6773877949271674e-07,0.9874669181978847,2.783484815407902e-05,1.0266633807265252e-09,8.314897550709415e-09,7.039368487041273e-07,7.65681260011796e-05,3.8889629943389047e-07,5.603457208612206e-11,3.800077077805377e-06,0.00018559164877471234,0.010299495555783354,8.57812159845347e-11,4.3341063526010706e-06,2.2112888559000477e-06,2.8269890523928887e-08,1.274273039639987e-06,0.00022464107810465984,0.001703725875078946,1.475584076084772e-10,1.0265372868825041e-09
31,3.293809731768712e-06,7.622233292023145e-08,4.0073554385432694e-10,1.5903079836879638e-09,7.418356082193578e-07,0.9828938643459386,3.858157853045489e-05,1.9896452952876912e-09,1.0905689455567263e-08,1.243050040114696e-06,7.692785643590234e-05,5.660416888021469e-07,1.1937236919719788e-10,6.053457675412602e-06,0.00019423908544902676,0.01433640229213121,1.5844246387529415e-10,6.408599633457988e-06,3.6663101270208255e-06,3.996366546681695e-08,1.783705816631005e-06,0.0003280315973963551,0.0021080633364415325,3.2799365182874346e-10,1.4191701887210352e-09
32,2.11794573239089e-06,4.854817183110033e-08,2.3598045423814924e-10,9.88763303552486e-10,3.8922388371788207e-07,0.9870200933256594,2.8048523615519473e-05,1.1459234870028272e-09,9.43411523999106e-09,7.517944088573173e-07,7.731097872022695e-05,4.10139729455251e-07,5.74780309085074e-11,3.969051237514538e-06,0.00020211906971756365,0.010720930416011886,9.354809505946485e-11,4.30647396310666e-06,2.543179692840239e-06,2.9685721190102098e-08,1.37092334034757e-06,0.0002498814121530182,0.0016856660934867584,1.503522763415253e-10,1.1085934774362635e-09
33,1.5021214105514853e-06,2.5328259700059655e-08,2.110933000129175e-10,8.992667871415652e-10,1.982150664258981e-07,0.9864228856424992,3.3585697883420356e-05,8.710217270449137e-10,9.587490116329423e-09,6.291194098410578e-07,7.95440186621318e-05,2.8642971539076513e-07,3.3234374913486585e-11,2.4167752380362175e-06,0.00017052048973653395,0.011635477594620873,5.122976816814865e-11,2.9387334470511284e-06,1.548514602351065e-06,3.046662182394455e-08,1.2205216337201318e-06,0.00010546471194034837,0.0015417127599792468,1.0986316046343079e-10,1.0960741642458855e-09
34,1.8841792526920386e-06,3.94579901819738e-08,1.7285458547803218e-10,9.745166050032226e-10,4.1210372009320765e-07,0.9879057477044746,2.2972402342673778e-05,7.985690364408875e-10,4.6635684934791055e-09,6.11009451811258e-07,7.711505185178182e-05,3.732435898304389e-07,5.02879721127316e-11,3.836778094930635e-06,0.00014598285173523674,0.00972285673996716,8.198980474537989e-11,4.991276941551371e-06,1.6900003925766952e-06,2.2670493140739602e-08,1.3018340990462612e-06,0.00019286727861578728,0.0019172877355643542,1.437554411801434e-10,7.958808598223228e-10
35,6.037316792060693e-06,9.778927824815165e-08,3.718338383055148e-10,2.588291057438656e-09,4.5762645883020655e-07,0.987125068113351,6.372384623468119e-05,4.382134079613442e-09,2.483755565807864e-08,2.0724349532679533e-06,0.0001055384449515762,6.886098712064962e-07,1.195835830484004e-10,4.660668802605621e-06,0.0001952169488896418,0.010117533893911887,2.535215146566733e-10,1.469759669419863e-05,5.884272384727187e-06,5.424222791536955e-08,2.664590000651297e-06,0.0005703413626212242,0.0017852262689956335,4.1932002299713793e-10,3.001340947996825e-09
36,6.482758390802834e-07,1.8980844763472366e-08,7.041650288068175e-11,5.22658896463409e-10,1.3007659385033837e-07,0.9930138508332652,2.1928899430804474e-05,3.8088602328103105e-10,3.118266095803697e-09,3.63177738516508e-07,7.671590786686186e-05,9.16321474788648e-08,1.8994030307964887e-11,1.3033227990110443e-06,8.455406006943839e-05,0.005400237864330694,2.178591841230816e-11,3.453752767848376e-06,5.73087883296423e-07,1.7740238203025077e-08,6.797750446194142e-07,6.5019131164079e-05,0.0013304089532227943,7.688613109708053e-11,3.188599397407666e-10
37,6.232902331902623e-06,6.30305537043389e-08,3.997947907094783e-10,1.3148215038690022e-09,4.814690482098996e-07,0.9817319425128356,5.435280813669732e-05,1.0702970260043524e-09,6.842599877581835e-09,5.974981699135079e-07,0.00010548375018326671,8.754255342144907e-07,1.1105173856687276e-10,8.453828727656508e-06,0.00019112996518922854,0.014611259139937341,1.5175385419285236e-10,7.174869743925331e-06,2.6915980480527883e-06,3.2943834236052347e-08,1.4647678977386585e-06,0.00029318974310534415,0.002984562226947464,2.584414225681667e-10,1.3710155519912182e-09
38,1.4460558935720734e-05,1.059695227857625e-05,1.9962387185733862e-08,4.809551926500327e-07,0.00013648580567854644,0.9391184107417818,7.583543874870361e-05,1.9206023898015396e-06,8.305232342048953e-07,0.00015876382435764754,0.00047070101937452127,1.8680477196745407e-05,1.6134383887283947e-08,0.00010079134759728858,0.0006808946375962047,0.009990305803267291,6.035701021297226e-08,0.00021287959916952538,0.00040084683360501163,2.1276749328660794e-06,5.40024365130334e-05,0.04339222401180763,0.005158541415890998,2.2418834075419814e-08,1.004678359199288e-07
39,1.944925260828701e-06,4.022948374902661e-08,2.254599086734933e-10,1.0402965094429631e-09,3.907515881320994e-07,0.9863459856128894,2.683223453736557e-05,1.0887753462279536e-09,7.997337461817668e-09,7.466057304883677e-07,7.351903576756683e-05,4.035491543888978e-07,5.219418799871646e-11,3.774745268399416e-06,0.00017327583942382748,0.011472540184673752,8.415378350102685e-11,4.132256293118025e-06,2.2985370303136143e-06,2.8945488239147628e-08,1.4011610860522171e-06,0.00020369168274340872,0.0016889820357942214,1.4164947137153524e-10,1.037919924405611e-09
40,2.121338829210442e-06,4.648116873778611e-08,2.2382612447123968e-10,9.563724514793414e-10,3.733290704158872e-07,0.987449610988912,2.7890866491527156e-05,1.0301607008662249e-09,8.404027655371364e-09,7.027536515337161e-07,7.719714772150393e-05,4.0080033170760606e-07,5.638923006324269e-11,3.907335018662199e-06,0.00019020194407232165,0.010291252013631744,8.833678268107431e-11,4.380219446497446e-06,2.2607835443946107e-06,2.8091126802801357e-08,1.2953673308036204e-06,0.000233926087663013,0.0017143924909275886,1.486627222696885e-10,1.053285927337001e-09
41,1.170083669359786e-06,3.57738152658005e-08,3.645139176186539e-10,7.217248701111607e-10,3.8225061629144586e-07,0.9792507647365193,1.9988862711364937e-05,1.328485783431918e-09,1.7895592545792157e-08,1.183254439075634e-06,3.082692542244925e-05,2.4978220073689467e-07,3.4025546292246024e-11,2.7827304933761987e-06,0.0002757997069286715,0.019172093244555995,5.910923586423084e-11,1.333761104123907e-06,2.611949204160334e-06,3.697161972450604e-08,9.373976831210793e-07,0.00020236184087703008,0.0010374185147122622,1.1670630808703164e-10,1.6932697608007e-09
42,1.6772481282856433e-06,2.17035789559138e-08,1.3477225745414467e-10,8.11805770612731e-10,2.0131622910298222e-07,0.9942444564370831,2.564395962839627e-05,1.731433374353963e-10,2.051786073538822e-09,2.239385782544502e-07,6.856592277832061e-05,3.2520555706915406e-07,9.98219842452131e-11,4.465621024404134e-06,4.053175410250912e-05,0.0037103026158139545,2.6090952366130697e-11,6.08792310768289e-06,3.885995577694799e-07,1.733267625282045e-08,3.2081838802466635e-07,4.471604397847335e-05,0.0018520496690321113,9.29608064418577e-11,5.003759385490703e-10
43,9.249904516662715e-07,3.01960762012153e-08,1.169545178905393e-10,8.750883570577491e-10,4.0018260195167623e-07,0.9871041280001026,1.3671251042799262e-05,1.264571736310441e-09,7.411787307493137e-09,1.2115427442137085e-06,4.3839548402211193e-05,2.0795194220694662e-07,2.142349308809627e-11,2.009352459279465e-06,0.00016823069801417286,0.01127964570422917,6.661779790548243e-11,3.3486902779842337e-06,2.345784633809896e-06,1.8371062535118394e-08,1.9663857876528834e-06,0.0002121204255409472,0.001165890135008783,1.0690789310208894e-10,9.262707943077059e-10
44,2.0590848759544276e-06,4.516312529573011e-08,2.1958713227532524e-10,9.58013291905848e-10,3.6773877949271674e-07,0.9874669181978847,2.783484815407902e-05,1.0266633807265252e-09,8.314897550709415e-09,7.039368487041273e-07,7.65681260011796e-05,3.8889629943389047e-07,5.603457208612206e-11,3.800077077805377e-06,0.00018559164877471234,0.010299495555783354,8.57812159845347e-11,4.3341063526010706e-06,2.2112888559000477e-06,2.8269890523928887e-08,1.274273039639987e-06,0.00022464107810465984,0.001703725875078946,1.475584076084772e-10,1.0265372868825041e-09
45,1.1840157086471497e-06,3.05183925398555e-08,6.420165393379697e-11,1.5453060746147666e-09,2.3281231215067647e-07,0.9923545941407699,1.216236021641552e-05,3.2388061981540745e-10,1.6814349064066799e-09,4.389727375951798e-07,8.057705725143506e-05,3.1232717267858727e-07,1.682846584348841e-11,4.950811920538714e-06,6.431641802644079e-05,0.005046017930139979,4.731391279089774e-11,1.0128863002712499e-05,1.112547800831643e-06,1.1752438736232219e-08,2.874174941545204e-06,0.00011001277037688253,0.0023110375337605303,4.783101314461426e-11,1.266233543566329e-09
46,8.478878528613577e-06,1.3620181493663241e-07,6.275463794269483e-10,2.9123853131229667e-09,1.0952285359366753e-06,0.9804161423189042,4.535394568183424e-05,3.857281466472359e-09,1.7603179724351345e-08,1.3343306387304175e-06,0.0001696604865286326,1.3707942208163444e-06,2.0471777600062917e-10,6.901188938378044e-06,0.00047265211352560927,0.014196425033796313,7.950477620104317e-10,1.3555355548465259e-05,5.5170537370796875e-06,5.363227546460509e-08,3.6114785328596467e-06,0.000759019709142226,0.003898662036162546,8.225473960861217e-10,3.390781543677255e-09
47,1.8453145247606808e-06,4.348440419908392e-08,2.0834360413408537e-10,9.740310409252851e-10,3.700279875488295e-07,0.9880696455561193,2.6896731507393977e-05,1.0160728427662318e-09,8.110030871035516e-09,7.008639064332327e-07,7.754871169351237e-05,3.5681526505404665e-07,5.39284654754745e-11,3.6402355252371988e-06,0.0001780980366566682,0.009748113679473716,7.988681009384306e-11,4.216531145948512e-06,2.1582204457924462e-06,2.75892978678367e-08,1.256076110340918e-06,0.00020480779652550803,0.0016802627661916905,1.4240510556666102e-10,9.785202780766074e-10
48,1.6453025614516632e-06,3.428815727832192e-08,1.9630109759903633e-10,8.533917602873956e-10,3.0870222547900224e-07,0.9884646584370714,2.5179540673255096e-05,8.120305108560221e-10,7.069671093503301e-09,6.007464968799323e-07,7.185829675104549e-05,3.417899149171896e-07,4.5545151501761465e-11,3.26664256566022e-06,0.00015350169925324486,0.009564629383521437,6.438155730436806e-11,3.819956207391251e-06,1.6956764341724396e-06,2.6705540586905093e-08,1.0935337549348887e-06,0.00017328393764522667,0.0015340453282755486,1.178328232596102e-10,8.737961396253575e-10
49,2.284097063403961e-06,4.9077117969305426e-08,2.2999595917437296e-10,1.0265791078011868e-09,3.7379504319610935e-07,0.986517473863166,3.080558714822555e-05,1.1578831783872536e-09,9.12218623085473e-09,7.623721729118222e-07,7.940964889192579e-05,3.8413064674179726e-07,5.738186173301896e-11,3.849522195372951e-06,0.0002049943282680942,0.011079844737330131,9.451277298600012e-11,4.447800882094003e-06,2.4304299497639036e-06,2.908267450274183e-08,1.3886713247943332e-06,0.0002296529552006558,0.0018418068944517686,1.6743436944960114e-10,1.1504988001462783e-09
50,1.944393814237725e-06,3.6272895530161005e-08,1.8059399093691983e-10,8.799316819018963e-10,3.045417490248796e-07,0.9912541256615899,2.1060558869759324e-05,5.968915290979489e-10,5.345686031756125e-09,3.800062792700621e-07,0.00012192386528084511,4.635521080880351e-07,4.7261352410337857e-11,2.850359789140538e-06,0.00018479715386716123,0.006160237900966557,1.0567502521447639e-10,5.496304955569875e-06,1.2229510778073048e-06,2.1869809861886694e-08,1.2346238062601788e-06,0.00017571128469089531,0.0020681804792112026,1.3930521393113706e-10,9.238938908049555e-10
51,2.0771988620212115e-06,4.932946655341758e-08,2.1123701412346933e-10,1.0437288686473366e-09,3.8514885269333056e-07,0.9890611017488431,2.9168033550367118e-05,1.1116579561840854e-09,8.551840795732782e-09,7.545817347857565e-07,8.597386423889675e-05,4.073950193447577e-07,5.6888687466091435e-11,4.09057529948553e-06,0.00017935700247349376,0.008717679506790902,8.93237469788217e-11,5.322546278234026e-06,2.3829291928500235e-06,2.63896470017665e-08,1.544282301070774e-06,0.0002549023394698683,0.0016547648919362557,1.5168232259404753e-10,1.0196837135654023e-09
52,5.68016404623322e-05,1.0110615371948492e-06,6.3063162438864556e-09,1.5787330936258998e-08,2.2409991999521926e-05,0.7538543606075114,0.00011137735542341662,1.1136145171545867e-07,1.2439762462773994e-07,9.66378295405786e-06,0.0002125607144821504,9.100771927987577e-06,2.7466451335520653e-10,7.824253435699356e-05,0.0062073640584572225,0.22148320415261838,8.443961387860726e-09,3.694542297405448e-06,0.0006634820019794726,7.5156941695788e-08,5.432976820621154e-05,0.004156207753127016,0.013075783407418058,2.5357249771798727e-09,6.159122543500628e-08
53,2.10459752342876e-06,3.349525156110962e-08,2.0153979996966964e-10,6.513439198391069e-10,1.2834001051703792e-07,0.986345122973806,5.2164120863532416e-05,6.949419237557692e-10,8.579093376452415e-09,4.634556772414897e-07,8.973619951193698e-05,1.9129216666434749e-07,4.757808531025815e-11,2.147294835142247e-06,0.00019601325120130374,0.011190584058244035,5.364144734196442e-11,3.6640340158358824e-06,9.731180511299302e-07,3.7650616420235466e-08,6.929530251382055e-07,0.0001233298219432142,0.001992602201712668,1.7059047386172237e-10,7.428151461414132e-10
54,3.169689248326393e-06,5.0642063038075165e-08,2.8011048707643553e-10,7.072887754457017e-10,2.3236990447495832e-07,0.9793351201263676,3.648541165236561e-05,8.023929200370858e-10,1.072696369326604e-08,7.742430917614536e-07,4.116579514872536e-05,3.8693721370456915e-07,5.90560527441498e-11,5.026407734616318e-06,0.00022407585388897584,0.01857224669199764,6.196236734355285e-11,2.595604690723245e-06,2.1831299648967315e-06,3.27942147460109e-08,8.462504774315185e-07,0.00020955574524151433,0.0015660378658885487,1.2257095889778895e-10,1.680865463160856e-09
55,2.0989077447563725e-06,4.432332909445738e-08,2.267894633917899e-10,9.627828985195952e-10,3.52249601816381e-07,0.9880203728352415,2.864287180192617e-05,1.0224057836824447e-09,8.91630290410013e-09,7.028931064847664e-07,7.628126031792139e-05,4.063982031051557e-07,6.079342946621127e-11,3.7566576468668563e-06,0.00017675651003017567,0.009826914573279588,8.487165341086885e-11,4.504464341376676e-06,2.147719129958464e-06,2.9550777091911402e-08,1.2168368612549812e-06,0.00022280243090425246,0.001632957057835458,1.4843934262291226e-10,1.0374621417758754e-09
56,2.184003551561112e-06,5.124177532985365e-08,2.4948524466395684e-10,1.0372858741866997e-09,4.000011717087748e-07,0.9874689901555763,2.9637295556379054e-05,1.1255150291502085e-09,9.27999749814695e-09,7.606063463666728e-07,8.02974158668941e-05,4.1828944952606335e-07,7.037219158935085e-11,4.042650430513842e-06,0.00019150092054395754,0.01024380015765848,9.738199586647842e-11,4.715284438909624e-06,2.3182143314886115e-06,3.1749325565278247e-08,1.2776881691281953e-06,0.00023845957131599804,0.0017311016454098537,1.7228768672815363e-10,1.0767564968536715e-09
57,2.2444280225017136e-06,5.976230867547462e-08,4.709589671700561e-10,1.3663050835154636e-09,7.723131042950283e-07,0.9827011457656015,2.5810133092913706e-05,2.1099897972959164e-09,1.6044235245060588e-08,1.2891335898559016e-06,7.051267560951379e-05,9.25832040291518e-07,1.0523708849831238e-10,6.1191915993564445e-06,0.00020702543137007018,0.01528944344988181,1.4805965256311112e-10,4.4568528777813e-06,5.031003741359506e-06,4.9128966075948215e-08,1.974016280779864e-06,0.00043656519617502596,0.0012465538416977803,1.696910692970827e-10,1.4295637128211927e-09
58,2.4163378615462614e-06,5.393029071840499e-08,2.5005695532177977e-10,1.051209195064525e-09,4.127360402141754e-07,0.9869549778875204,3.1139480981262734e-05,1.1683184198584549e-09,9.043601716362733e-09,7.796261726412653e-07,8.472595538138236e-05,4.216269464657832e-07,6.744454490132646e-11,3.945270707546834e-06,0.00020789912519412332,0.010552665221199771,1.0943710573489909e-10,5.024115680075815e-06,2.3613713674819854e-06,2.9620513570469266e-08,1.4156016866179067e-06,0.00024855686642860414,0.0019031622013654633,1.969855448660887e-10,1.1376086707089253e-09
59,2.442587856924262e-06,5.138131267723587e-08,2.921501455762737e-10,1.0920292950003622e-09,4.1727735941290007e-07,0.9855650164781443,3.419176398709536e-05,1.248033196394373e-09,9.465120838423659e-09,8.063071630249852e-07,8.505649115300715e-05,4.291882494723903e-07,7.16761296956452e-11,3.9437501039331925e-06,0.000204311976898749,0.011934650717687465,1.1125427242317979e-10,4.919922533536613e-06,2.2787521754232924e-06,3.440117164569413e-08,1.3891176477374704e-06,0.00024128212749702634,0.0019187641418675731,2.1661552109821251e-10,1.120311799766868e-09
60,2.0590848759544276e-06,4.516312529573011e-08,2.1958713227532524e-10,9.58013291905848e-10,3.6773877949271674e-07,0.9874669181978847,2.783484815407902e-05,1.0266633807265252e-09,8.314897550709415e-09,7.039368487041273e-07,7.65681260011796e-05,3.8889629943389047e-07,5.603457208612206e-11,3.800077077805377e-06,0.00018559164877471234,0.010299495555783354,8.57812159845347e-11,4.3341063526010706e-06,2.2112888559000477e-06,2.8269890523928887e-08,1.274273039639987e-06,0.00022464107810465984,0.001703725875078946,1.475584076084772e-10,1.0265372868825041e-09
61,2.27804583511167e-06,4.9508668636928274e-08,2.9163248644102107e-10,1.050449275247958e-09,4.069284464885264e-07,0.986134355916121,3.248065841165435e-05,1.2007052689778876e-09,9.661370070260541e-09,7.702465297707076e-07,8.511715295768872e-05,4.449265283495588e-07,6.782981901771969e-11,4.000711804835239e-06,0.0001991874710452275,0.01151455807373466,1.031438030026385e-10,4.63953701326046e-06,2.3270909397789658e-06,3.4568341569544744e-08,1.3708633145959654e-06,0.00024222456507684619,0.0017757400650966321,1.8833588957131144e-10,1.1066673175311863e-09
62,2.0590848759544276e-06,4.516312529573011e-08,2.1958713227532524e-10,9.58013291905848e-10,3.6773877949271674e-07,0.9874669181978847,2.783484815407902e-05,1.0266633807265252e-09,8.314897550709415e-09,7.039368487041273e-07,7.65681260011796e-05,3.8889629943389047e-07,5.603457208612206e-11,3.800077077805377e-06,0.00018559164877471234,0.010299495555783354,8.57812159845347e-11,4.3341063526010706e-06,2.2112888559000477e-06,2.8269890523928887e-08,1.274273039639987e-06,0.00022464107810465984,0.001703725875078946,1.475584076084772e-10,1.0265372868825041e-09
63,2.188974123880785e-06,5.179495056957145e-08,2.3054845218254628e-10,9.756053825516932e-10,3.660005771961858e-07,0.9878018615954199,2.942513599071535e-05,1.0866601498160682e-09,9.193177652862491e-09,7.341931381597794e-07,8.096292158406826e-05,3.8781280391761523e-07,6.122945511645968e-11,3.8139668751852406e-06,0.000202651885574611,0.009898650233566193,9.464916839746973e-11,4.638718465969993e-06,2.257156626712507e-06,2.97632990304073e-08,1.3073555497348093e-06,0.00024412056812151713,0.0017265390142653255,1.6575432436014015e-10,1.1014428151085576e-09
64,2.095527204267861e-06,4.933056964932089e-08,2.21722723220541e-10,1.1562901786445514e-09,4.331383314512844e-07,0.9866281797629015,2.6907090832584677e-05,1.2459215778603642e-09,8.48948240415623e-09,8.512645033832654e-07,8.470741552173718e-05,4.1957547956531706e-07,4.847227643996006e-11,3.909055550259922e-06,0.00020778446753025228,0.010957978598174125,1.0626038090381453e-10,4.85206610371234e-06,2.7263652824006202e-06,2.5761542901871533e-08,1.9608450116464177e-06,0.00023444670149273914,0.001842660341615227,1.6311030737009048e-10,1.2610927450872477e-09
65,5.14778459608788e-06,1.225025545677176e-07,4.5322162605028556e-10,1.1664891738669999e-09,3.726602749721383e-07,0.9821821867980454,6.989398032175861e-05,2.83069015902467e-09,3.038019574855336e-08,1.147247901993007e-06,0.00011582279207528874,4.020392864942883e-07,1.0623063893433414e-10,4.003762142815984e-06,0.0005605078468373363,0.014074566828544457,2.198845077138618e-10,5.195931102805127e-06,4.411757004375719e-06,5.307536880764535e-08,1.5673375683380506e-06,0.0005235164553750658,0.0024510433268204474,4.691131330366295e-10,2.248354146699684e-09
66,1.8625816738852526e-06,4.140089677411116e-08,2.3394717515104476e-10,9.583565973953407e-10,3.6476102939472e-07,0.9866960257373236,2.7944034202085143e-05,1.0864409495153174e-09,9.095391316053047e-09,7.710313282965792e-07,6.717038886653997e-05,3.880126977926409e-07,6.066739417925728e-11,3.786920415135845e-06,0.0001627362624673313,0.011334245973513735,7.476667500661868e-11,3.93332072659799e-06,2.2791932588892737e-06,3.263605428218041e-08,1.161505863733288e-06,0.00021158405030163136,0.001485659584039587,1.3618105697099832e-10,9.595894383345947e-10
67,2.239677059646562e-06,5.1238780741042255e-08,2.2839216636828138e-10,1.025914392124346e-09,4.069603940840624e-07,0.9873763435509476,2.9584794551255234e-05,1.2686357853753835e-09,9.818265545034506e-09,8.062669102582933e-07,8.140373828452124e-05,4.0913395167358617e-07,5.721511327373077e-11,3.916030299216273e-06,0.00020752079585054355,0.010302803634637293,9.900610531543478e-11,4.689615175847863e-06,2.7123739536469798e-06,2.8373663033211154e-08,1.4988063866636364e-06,0.00027353619512494924,0.0017120350239468744,1.6514380376020841e-10,1.1275092716332191e-09
68,1.7856749297335266e-06,3.775835123686922e-08,1.6748735694359975e-10,8.326620043819585e-10,2.8894318522105734e-07,0.9895165635084029,2.411229244413074e-05,7.470987717044677e-10,6.246057279569087e-09,5.568379162635256e-07,7.892673536819805e-05,3.285771960294967e-07,4.6205068309097295e-11,2.990204570766453e-06,0.00016023290233649698,0.008330169042187103,7.465122071057194e-11,4.654336956045522e-06,1.5040182119920605e-06,2.4276861317052537e-08,1.1277735099830859e-06,0.00018365686750625203,0.001693031150210909,1.314769818852088e-10,8.542168195647098e-10
69,2.0320924776364344e-06,4.5107296309544574e-08,2.2501593180482458e-10,9.67473791035875e-10,3.617624513932446e-07,0.9872133859879711,2.8410192979305723e-05,1.0471949616724229e-09,8.519259174983193e-09,7.238594746291082e-07,7.582305842407677e-05,3.809011188000623e-07,5.714951126288026e-11,3.719906324779659e-06,0.00018412313457756696,0.010578016640103905,8.555819562793154e-11,4.332038609490424e-06,2.1778099715045e-06,2.9619133880328226e-08,1.2711228716216534e-06,0.00021961312226105584,0.0016855415630858124,1.517122655677056e-10,1.027503323697924e-09
70,2.057420510530227e-06,3.853164244947532e-08,2.7340807011256457e-10,8.864733840938639e-10,3.4230947442102895e-07,0.9869469040215068,2.5907223143166225e-05,7.072348871818387e-10,6.945785254235677e-09,5.759299236832249e-07,6.172874734205055e-05,4.7621179852606486e-07,6.216185002261313e-11,5.087877172824756e-06,0.00014314922900667562,0.011095045440886202,6.702050950735308e-11,3.832496294228931e-06,1.7341495769274927e-06,3.1050664703216186e-08,9.676728839633736e-07,0.0001924332270122441,0.001519678360778784,1.1177942007350719e-10,1.0465186793506086e-09
