,0,1,2,3,4,5,6,7,8,9,10,11,12,13,14,15,16,17,18,19,20,21,22,23,24
0,4.954608063541343e-07,2.6660838770282727e-06,0.0013081642138561625,9.447527792956903e-06,8.318301784683624e-07,0.885829684997434,0.0029671659730888195,0.0013098718093225545,4.85398348280492e-07,6.161606152110218e-05,1.8712241317725205e-05,2.7907073336735424e-06,9.036902429993141e-05,1.7734609461140216e-05,0.03998545351624417,0.0008406555346914122,0.0001525578495857173,3.9752081178186516e-08,0.05026892328826518,0.0013537626624255655,0.0007945940829746431,0.014934193460012894,4.9627667221416766e-05,1.1749089329478832e-07,3.875696616251495e-08
1,6.501903829494793e-07,2.7129018592349538e-06,0.0012087179566560003,9.81002583716302e-06,8.858433394210537e-07,0.8911048573523523,0.002792364048201862,0.0015009368928742388,7.864431695633494e-07,7.997305212999345e-05,1.6472643561850174e-05,2.1090809915424027e-06,8.6894938430851e-05,1.3430555904739e-05,0.03414292396132563,0.001183587252277162,0.00015309874764739468,3.550584754996304e-08,0.054725096880747066,0.001324277961270326,0.0005883434485288907,0.011014885996154484,4.6980673629982735e-05,1.3444899827202956e-07,3.319788125208725e-08
2,5.758622369488172e-07,2.3129052232271953e-06,0.0013932401060830352,9.412933627433411e-06,1.0901198478533447e-06,0.843979888120864,0.003772244582418094,0.0018171114577116205,7.240440116443706e-07,8.73000946225689e-05,1.6519744612175865e-05,2.0721757412131756e-06,7.355898751817481e-05,1.9459997601352042e-05,0.056557884913823214,0.0008892681319528789,0.00011886330519421645,4.0178455164269236e-08,0.06670161894136967,0.0026206311151215607,0.00089977683768484,0.020957583110978957,7.860741482961794e-05,1.5318481502502114e-07,6.173365566275703e-08
3,4.775569495999771e-07,2.5408660565858027e-06,0.0012450404941943508,8.96755895520999e-06,7.892672373272033e-07,0.8882786863143544,0.002878475867400512,0.0012643208021769657,4.668019160274075e-07,6.0732922014458754e-05,1.7780438947327914e-05,2.7009268335233695e-06,8.622390873214482e-05,1.7141494171233747e-05,0.038911202838038436,0.0008257442430782886,0.00014541508675001334,3.85827307410804e-08,0.04968671447709064,0.0013836710177062904,0.0007847035376423607,0.014348615893767751,4.939719663902636e-05,1.1418428472108039e-07,3.7722332367676977e-08
4,4.5714572056342273e-07,2.815526180287257e-06,0.0012169820206332715,9.610336341886069e-06,7.810795599020271e-07,0.8966919896922125,0.002894442962044253,0.0012377030100314671,4.423716552612122e-07,5.723591760318566e-05,1.9878332975321813e-05,3.4213102786057903e-06,0.0001095875830560714,1.978698305782572e-05,0.03374492288114547,0.0008214466258103885,0.0001754389866792878,4.468231768598981e-08,0.04592457465028312,0.0013125747536861933,0.000786294508837089,0.014920553156144694,4.887179989318577e-05,1.0618982478928019e-07,3.749402752642389e-08
5,6.249605735126583e-07,2.3685520686333573e-06,0.0014564662815228309,1.3427960232903667e-05,9.607978229925751e-07,0.8875005239974768,0.0035755447528714995,0.0014493589691458963,5.473223127924108e-07,8.279953278097238e-05,2.130363145116737e-05,3.496937598589649e-06,0.00010332146337751153,2.3332171688023336e-05,0.0375068397418335,0.0010803856843732598,0.00017411449104923427,7.099628803310454e-08,0.04855143256734471,0.002060128456034318,0.0009703600330216299,0.01535797747241996,6.439110726779629e-05,1.6840970291139042e-07,5.3709740434113986e-08
6,4.775569495999771e-07,2.5408660565858027e-06,0.0012450404941943508,8.96755895520999e-06,7.892672373272033e-07,0.8882786863143544,0.002878475867400512,0.0012643208021769657,4.668019160274075e-07,6.0732922014458754e-05,1.7780438947327914e-05,2.7009268335233695e-06,8.622390873214482e-05,1.7141494171233747e-05,0.038911202838038436,0.0008257442430782886,0.00014541508675001334,3.85827307410804e-08,0.04968671447709064,0.0013836710177062904,0.0007847035376423607,0.014348615893767751,4.939719663902636e-05,1.1418428472108039e-07,3.7722332367676977e-08
7,5.658804144143709e-07,3.0869275264921322e-06,0.0015669403043359047,9.002826533612062e-06,8.06370559030145e-07,0.8836000308321541,0.002784981185159755,0.0014447057373964407,4.4721543080623507e-07,5.6542662113220366e-05,1.9774001896002355e-05,3.0140542467178735e-06,0.0001115436057800262,1.5896080154989818e-05,0.03666651229712608,0.0007398911971048522,0.00015725963315630932,3.949638913324406e-08,0.056275018277483255,0.0012962189977829078,0.0007978001795482145,0.014407311673259645,4.24672918362199e-05,1.1102381105330692e-07,3.22488005884952e-08
8,6.333535111496043e-07,2.450096806618307e-06,0.002001533402495756,1.7365373136892153e-05,1.3301885670012677e-06,0.837125253621283,0.003617939646262276,0.001183959679134059,9.685640660800495e-07,0.00013230299440950387,2.748180374030398e-05,1.5857671440963686e-06,5.640514236892207e-05,3.0570366903568387e-05,0.09060411324261881,0.0008769878570380846,0.0001245682421304067,4.4603992081309906e-08,0.040300226790622375,0.001993216639692258,0.001075906489703368,0.020741693258036098,8.287095746802876e-05,5.033069907711692e-07,8.861187836075101e-08
9,5.142144720429987e-07,1.8005159746285125e-06,0.0021408336741755977,1.575748673423287e-05,9.390411919107735e-07,0.8825801123661822,0.0018662091916760767,0.0012809979009764051,6.376302779593168e-07,9.65933008235009e-05,2.410512563365506e-05,1.6845729909462544e-06,7.510062928523523e-05,2.3034126703101658e-05,0.049761796268508074,0.0008292552283223528,0.00014612669372279338,3.443486043486049e-08,0.042668493746792234,0.0020195124157894218,0.0008929384154828865,0.015505437529654246,6.773357812582339e-05,3.178419039017687e-07,3.4069740460311284e-08
10,4.775569495999771e-07,2.5408660565858027e-06,0.0012450404941943508,8.96755895520999e-06,7.892672373272033e-07,0.8882786863143544,0.002878475867400512,0.0012643208021769657,4.668019160274075e-07,6.0732922014458754e-05,1.7780438947327914e-05,2.7009268335233695e-06,8.622390873214482e-05,1.7141494171233747e-05,0.038911202838038436,0.0008257442430782886,0.00014541508675001334,3.85827307410804e-08,0.04968671447709064,0.0013836710177062904,0.0007847035376423607,0.014348615893767751,4.939719663902636e-05,1.1418428472108039e-07,3.7722332367676977e-08
11,4.788274392961417e-07,2.68779383361733e-06,0.0012149404658452533,9.103821505842752e-06,7.597011206277528e-07,0.8923586183583735,0.0028546854898874835,0.0013371552691351719,4.544762430596428e-07,5.6955173189151035e-05,1.776290311905101e-05,3.027839949673864e-06,9.88560993331873e-05,1.7186029624963704e-05,0.0351045094065788,0.0008333488586627608,0.00016125006771282758,4.0418036246814723e-08,0.04984919089757362,0.0013343766704065746,0.0007643385459893309,0.013931597656265598,4.8535919500180215e-05,1.035515713534097e-07,3.5759102973532635e-08
12,2.3994333362119187e-07,2.090178770002982e-06,0.0008322923670024695,7.186987878353008e-06,1.4570276189752439e-06,0.9362089234177396,0.002519268531647698,0.0004174360708632906,3.16198100764172e-07,3.815672332586e-05,1.3530104162996177e-05,3.158369275748626e-06,5.8507105135541793e-05,3.0511882295488178e-05,0.023799619980412346,0.0006308355555236306,7.215929028404551e-05,5.99374397279061e-08,0.025274138348322366,0.0018004569325007337,0.000641482725069233,0.007590309290297768,5.770837163722711e-05,8.062023699879992e-08,7.404112553509866e-08
13,4.77514226323575e-07,3.772529058946324e-06,0.0015990790193434507,1.3298211992077281e-05,9.289591982704061e-07,0.8749884005552482,0.0022520872585950315,0.001049681527849928,3.886398615525326e-07,3.992984606962244e-05,6.991644481387402e-05,5.46100375706878e-06,0.00021070534907479026,2.773408899481986e-05,0.051031955858475454,0.0007701034718487338,0.000253837972835968,4.205407702712666e-08,0.04851121591904145,0.0008227026226596901,0.000992446551955487,0.0172975314807331,5.810008001770555e-05,1.765359493072981e-07,2.6504322067753435e-08
14,5.063873564680121e-07,2.4395522166427568e-06,0.0013799457504527722,1.064168521778108e-05,8.568640234164109e-07,0.8788060300128183,0.003162201757750679,0.0014218007614625033,5.50948183118963e-07,6.89837935472147e-05,1.921875556009855e-05,2.5392848894774925e-06,8.654544089562123e-05,1.867507705091258e-05,0.045259789074420256,0.0008772604602616371,0.00015345556782049035,4.051638856461655e-08,0.050331015363702714,0.001548015353602162,0.0008251326288741298,0.01596741141584722,5.6760296588175994e-05,1.4055323955707975e-07,4.269783015596295e-08
15,4.775569495999771e-07,2.5408660565858027e-06,0.0012450404941943508,8.96755895520999e-06,7.892672373272033e-07,0.8882786863143544,0.002878475867400512,0.0012643208021769657,4.668019160274075e-07,6.0732922014458754e-05,1.7780438947327914e-05,2.7009268335233695e-06,8.622390873214482e-05,1.7141494171233747e-05,0.038911202838038436,0.0008257442430782886,0.00014541508675001334,3.85827307410804e-08,0.04968671447709064,0.0013836710177062904,0.0007847035376423607,0.014348615893767751,4.939719663902636e-05,1.1418428472108039e-07,3.7722332367676977e-08
16,4.782422408119569e-07,2.3211529691211696e-06,0.001113720373143513,1.1705386085337771e-05,8.644038511286227e-07,0.8806487033232047,0.0043381270382153595,0.0010362558632047957,3.287685347289224e-07,0.00011484069508705504,2.2299869967386695e-05,5.785916104427359e-06,9.032187994449034e-05,3.3004107325947796e-05,0.036549619512266575,0.001153423638094816,0.0001579787334142775,1.0087223281240264e-07,0.0496410262442048,0.0022023867849822873,0.0019269846558803024,0.020892251992343836,5.7272205592424293e-05,1.2612731545120207e-07,7.221379378084066e-08
17,7.009585761102962e-07,3.6160061651893068e-06,0.0016460962213815558,1.2056046482024997e-05,1.0576012400950713e-06,0.8479764843979424,0.004438430596480212,0.0019721140321566377,3.910737160882583e-07,7.373571065384897e-05,2.474637693962263e-05,1.0353539053513782e-05,0.0001919492562461288,3.683938597150007e-05,0.031083088044865332,0.0010353503012620784,0.0002862701750611011,1.3763102597849842e-07,0.07526892680656884,0.0026089681512591768,0.0016103326933622284,0.03163896950836484,7.920449494131635e-05,9.724969540144614e-08,8.374058886903767e-08
18,6.187769391121636e-07,3.3731272697682335e-06,0.0008514616890265497,8.033362377379568e-06,6.947709305115536e-07,0.8602557751013056,0.005293161051538601,0.001343614763054703,5.487456209796126e-07,8.904845637630344e-05,2.0195125703536043e-05,6.747386900865926e-06,0.0001227929450559023,3.213144208418724e-05,0.035277110343711414,0.001085714396043458,0.00026915638127984965,1.0628791503978468e-07,0.06174559685219457,0.0021775064459619064,0.0010428950746608641,0.03029229033054162,8.120265021355136e-05,1.0685431104945553e-07,1.1763898277970054e-07
19,5.2126390806289e-07,3.2575415099132077e-06,0.001671819435069093,1.1558232059828107e-05,1.0738717523072375e-06,0.8810191675768558,0.0032764210257252443,0.0017311626278944871,4.881508363748285e-07,5.677943438615375e-05,1.9738307039167423e-05,4.236555344437753e-06,0.00012977507788978934,2.1224151943273168e-05,0.036021391607388674,0.0007987226854644511,0.0001790368676232327,5.18842530477297e-08,0.05520725188757776,0.0015937272251524328,0.0009376673153706113,0.017266125071998928,4.86605018572488e-05,1.0265869483763006e-07,3.9042404721827954e-08
20,3.6850840250244987e-07,2.412578269210136e-06,0.0012150616391540486,8.58183361725081e-06,6.996172039005547e-07,0.8234600884390746,0.003544871493266629,0.0017265967159691969,4.6330509986965724e-07,5.3658581068841386e-05,2.0981080967758124e-05,1.9764594270872304e-06,7.048618792801964e-05,1.6189035880478273e-05,0.08587343136131245,0.0005993114869559607,0.00012130761671933482,2.1535702728085536e-08,0.05749338902996001,0.0013668510450563702,0.0010965989966264388,0.02326065546383825,6.583255659742289e-05,1.276751749439697e-07,3.7756726550702994e-08
21,6.446957259220472e-07,3.2764910063889326e-06,0.001395651429286191,1.1167465660558892e-05,1.1276986029948227e-06,0.8910086981707394,0.002690247891435325,0.0010975848415374875,4.6125035766399765e-07,9.882808719919136e-05,2.3282016630123217e-05,5.038252466001049e-06,0.00010289647118653331,2.546740035272773e-05,0.029953469357170602,0.00107003550610352,0.00016331745756980844,7.42894730888097e-08,0.05339132332674639,0.001724458007061096,0.0013230537564530027,0.01586216653289896,4.754118342204497e-05,1.3865570454597936e-07,4.976521033224415e-08
22,5.7569760548877e-07,2.2236406217274785e-06,0.001692762942980547,1.3606417294960209e-05,7.510022223132073e-07,0.8852145969442382,0.0024328853854788304,0.0013021388227612838,3.9155256432700805e-07,8.362380163696197e-05,2.778992818392342e-05,3.7412865932899127e-06,0.00010898421709265017,2.1511272414993217e-05,0.0367420454987732,0.0010124062222395336,0.00021032934872515144,5.58605869843843e-08,0.052429485048498786,0.001520115793816513,0.0011626790637345797,0.015967636932158486,4.947017035705983e-05,1.6174044536051932e-07,3.140897483094851e-08
23,4.775569495999771e-07,2.5408660565858027e-06,0.0012450404941943508,8.96755895520999e-06,7.892672373272033e-07,0.8882786863143544,0.002878475867400512,0.0012643208021769657,4.668019160274075e-07,6.0732922014458754e-05,1.7780438947327914e-05,2.7009268335233695e-06,8.622390873214482e-05,1.7141494171233747e-05,0.038911202838038436,0.0008257442430782886,0.00014541508675001334,3.85827307410804e-08,0.04968671447709064,0.0013836710177062904,0.0007847035376423607,0.014348615893767751,4.939719663902636e-05,1.1418428472108039e-07,3.7722332367676977e-08
24,4.211887085533578e-07,2.5405212861574228e-06,0.0011917797670128343,1.3051108188934702e-05,1.1222285346543833e-06,0.9134531159610767,0.002693120552113219,0.0012514227017218216,4.5190075951553153e-07,5.686161006665161e-05,1.917603756632678e-05,4.092171384922655e-06,0.00012216920415944148,2.5249651996780247e-05,0.026181677073055236,0.0011086825840628208,0.00017205724416242317,5.796629847594689e-08,0.03957783069766038,0.0014899269224764049,0.0007846894417306001,0.011795322448804582,5.504170795027261e-05,1.0165445488724238e-07,3.765476751680348e-08
25,9.575213489149515e-07,2.882893951506736e-06,0.00218220134206449,1.873288416886495e-05,1.1287766789986175e-06,0.8274325139434479,0.004462342954744008,0.0037419074628381637,5.365493825014182e-07,8.101120289109001e-05,3.2506247326815485e-05,4.9567870936100266e-06,0.000206781274824807,1.9671571890014415e-05,0.046785404300244464,0.0014099217905558434,0.00024558270183118176,7.549508966223931e-08,0.08840040846118759,0.002141495743802486,0.0014985789292398493,0.021259410163373547,7.081145183655577e-05,1.4411259913098583e-07,3.543758799211969e-08
26,6.79817787338797e-07,2.484461587621473e-06,0.0013287172748351682,1.213434858219236e-05,9.177545474354218e-07,0.8905332478577442,0.002575633876219592,0.0014465573640611664,1.0705379490587511e-06,5.842450108132097e-05,2.0599503446979144e-05,1.5850344832085602e-06,7.61263678307039e-05,1.4266755602821313e-05,0.04895137609917411,0.0008548532571079974,0.00016463218200723795,3.1218734619514615e-08,0.04039470285667456,0.0015178998560994527,0.0005296427970343656,0.01143122391496829,8.287678767255692e-05,2.710504376234447e-07,4.452433041658195e-08
27,9.703612521805814e-07,4.003878509889756e-06,0.003346266742057348,1.3502014451686701e-05,1.1644436738212257e-06,0.9140694132712699,0.0013279383900504074,0.0012823942047442967,8.754010178615228e-08,2.794356182864549e-05,2.040169859250128e-05,1.313260648185432e-05,0.00032016744128716127,1.439183996298358e-05,0.005807718265530297,0.0010067371932524732,0.00020003828759105827,1.500405461768445e-07,0.06651449041325934,0.0006806016312134895,0.0012704895311541732,0.004061786975936796,1.616542544434313e-05,3.225745223287784e-08,1.1984355341041869e-08
28,4.775569495999771e-07,2.5408660565858027e-06,0.0012450404941943508,8.96755895520999e-06,7.892672373272033e-07,0.8882786863143544,0.002878475867400512,0.0012643208021769657,4.668019160274075e-07,6.0732922014458754e-05,1.7780438947327914e-05,2.7009268335233695e-06,8.622390873214482e-05,1.7141494171233747e-05,0.038911202838038436,0.0008257442430782886,0.00014541508675001334,3.85827307410804e-08,0.04968671447709064,0.0013836710177062904,0.0007847035376423607,0.014348615893767751,4.939719663902636e-05,1.1418428472108039e-07,3.7722332367676977e-08
29,4.775569495999771e-07,2.5408660565858027e-06,0.0012450404941943508,8.96755895520999e-06,7.892672373272033e-07,0.8882786863143544,0.002878475867400512,0.0012643208021769657,4.668019160274075e-07,6.0732922014458754e-05,1.7780438947327914e-05,2.7009268335233695e-06,8.622390873214482e-05,1.7141494171233747e-05,0.038911202838038436,0.0008257442430782886,0.00014541508675001334,3.85827307410804e-08,0.04968671447709064,0.0013836710177062904,0.0007847035376423607,0.014348615893767751,4.939719663902636e-05,1.1418428472108039e-07,3.7722332367676977e-08
30,4.775569495999771e-07,2.5408660565858027e-06,0.0012450404941943508,8.96755895520999e-06,7.892672373272033e-07,0.8882786863143544,0.002878475867400512,0.0012643208021769657,4.668019160274075e-07,6.0732922014458754e-05,1.7780438947327914e-05,2.7009268335233695e-06,8.622390873214482e-05,1.7141494171233747e-05,0.038911202838038436,0.0008257442430782886,0.00014541508675001334,3.85827307410804e-08,0.04968671447709064,0.0013836710177062904,0.0007847035376423607,0.014348615893767751,4.939719663902636e-05,1.1418428472108039e-07,3.7722332367676977e-08
31,1.2955462011833914e-06,3.774299151528811e-06,0.003013649242837588,1.2809517073467062e-05,1.2625320683194738e-06,0.813884041355765,0.0036999270306020352,0.003281036504784972,5.376786265700909e-07,7.378990697395749e-05,2.0685971440312902e-05,4.848493524339695e-06,0.00017084953334161807,1.807551189591081e-05,0.03718531475995978,0.0009382680669731663,0.000199122274854113,8.622728331359582e-08,0.11375446817534535,0.0024673959715945035,0.0012619942556891396,0.01994280520227087,6.37750300869342e-05,1.31955990687795e-07,5.4955665389819275e-08
32,4.808331899837172e-07,2.591027913090134e-06,0.0012173146903391929,7.890858181638609e-06,7.757194786536914e-07,0.8807783899202274,0.0028191551277995702,0.0013299112068845275,4.344134405391218e-07,5.72943465027136e-05,1.6795442005809887e-05,2.795185750236058e-06,8.579963406491564e-05,1.632819101584927e-05,0.0386234178382128,0.0008002751479214182,0.00014063033531133408,3.705590198752599e-08,0.05681083767019735,0.0014258872525472683,0.0007907931153001439,0.015022178282822256,4.985034685922285e-05,9.923721447020448e-08,3.712091731894725e-08
33,4.4395376132249725e-07,2.803675713061883e-06,0.0010763131933141966,9.263540522272976e-06,5.88878549203613e-07,0.8976198734958725,0.0030970432045409895,0.001469661239016039,3.9461287795353666e-07,5.889445222973559e-05,1.8626459503000876e-05,5.2676504439286246e-06,0.0001698103163250041,2.181984708272794e-05,0.022774569838451886,0.001033374265687429,0.0002759445761058135,5.7137898337429265e-08,0.05254337603898424,0.0013150839862431458,0.0006632128916464271,0.01780191832407859,4.15584649562148e-05,6.95983534432958e-08,3.03578423835125e-08
34,3.289902266575251e-07,1.886871494231133e-06,0.0009827409764159157,9.107118244897495e-06,6.529830515341109e-07,0.9118000545074616,0.0027621417381427033,0.001053048832247066,3.7158042077395146e-07,5.367948777994404e-05,1.4602561584055261e-05,2.4572252465158052e-06,7.43134512893865e-05,1.6830299738808138e-05,0.03346822742820188,0.0008425638881870292,0.00013274640380314667,3.655991651983739e-08,0.035530991673184485,0.0013397868509121853,0.0007315474759152878,0.011135360857459845,4.639779704639996e-05,9.278473246552172e-08,3.1657296580888894e-08
35,8.971399616342346e-06,9.990177102267004e-06,0.003230967160652495,1.8846837274617004e-05,1.464135853604133e-06,0.6182136508220891,0.007621285980102787,0.010694634384412106,2.2118769194897915e-06,0.00023575989112126038,2.9789370741385944e-05,1.633018790159628e-05,0.00047915398607643937,1.7037383166412447e-05,0.020952666771795157,0.0026799937073978485,0.0007063744985637622,3.977319616788059e-07,0.2955423288980057,0.0028054225328671576,0.0013676971831251851,0.035310788865652205,5.3950527225472187e-05,1.7993408728779596e-07,1.0575628870766884e-07
36,7.91726462907094e-07,3.6818123191909385e-06,0.0032504635951790075,1.0087241887488518e-05,2.1418066680129575e-06,0.8670023524824158,0.002557682919971507,0.0007031159174193815,4.2945133571470924e-07,9.67944047712085e-05,2.444254426843325e-05,1.58572607388121e-06,4.7873989324407465e-05,2.0637306002164572e-05,0.05915149491259522,0.0004214322356837139,4.6379100220290025e-05,4.534086912360184e-08,0.05220158969553358,0.00179532386894991,0.0016839648849644405,0.010936467164068606,4.084337105613603e-05,3.0806490080698397e-07,7.043705898502522e-08
37,1.0808302460422626e-06,2.8587286266177192e-06,0.0027313671755423213,1.7733681120865527e-05,1.1482693598980629e-06,0.8619520718057115,0.0032600316735135796,0.0015534755253977695,5.674601751029361e-07,0.00010049241975965747,3.464558832821708e-05,3.951755418432857e-06,0.0001269432183451129,2.6398680313469703e-05,0.0455932825815345,0.0010233730772967273,0.00020577167584184854,9.33670465297134e-08,0.062455022170993676,0.0021020118010698875,0.0011632993943995102,0.017583075296219306,6.091652184786703e-05,3.314739894635441e-07,5.582790219518718e-08
38,5.711464173942451e-06,1.9157656843386576e-05,0.01286998927719892,6.90939210394806e-05,1.4370276416511745e-05,0.5630212372576808,0.009793613422873292,0.004826278945146461,1.3637048342821233e-05,0.0007471274924421413,9.028552962164623e-05,9.0610886779011e-06,0.00026508732931817023,0.0001884125655243236,0.11189635229041407,0.0009400626401353784,0.0004900483006911663,4.3817785290353334e-07,0.10367785175949831,0.006413323187290903,0.0020404096438423336,0.18249710441879913,0.00010785859219919297,2.572358933900258e-06,9.153550429462816e-07
39,4.683268612210392e-07,2.4260158027703833e-06,0.0012008499667787418,8.856200471095642e-06,7.589705958570894e-07,0.8869997731973904,0.002930197532592289,0.001327697863526664,4.438421656715176e-07,5.841673896312047e-05,1.6943932445262923e-05,2.7307658750484877e-06,8.542294740369911e-05,1.6635948812319676e-05,0.038818259372412685,0.000829901480650072,0.00014510270611812521,3.872431137070189e-08,0.050949291661280045,0.0014323648281250826,0.0008168949721119654,0.014304180323154163,5.219865998661667e-05,1.0677036625633953e-07,3.825179954150837e-08
40,4.0985460776580933e-07,2.8309079068775604e-06,0.0014298425295839149,6.922083790593913e-06,8.249769685601288e-07,0.891156603298745,0.002220402814290726,0.0009735012954727474,3.419266730091969e-07,4.843641465716142e-05,1.6210412584075417e-05,2.922211233414554e-06,7.577118226064527e-05,1.7142953270606298e-05,0.03671135764114209,0.0005916484852002832,0.00012001313923096042,3.3770922365878634e-08,0.05037459795210739,0.0012081536263401093,0.000776953920280896,0.01422732436818353,3.762786759722597e-05,9.261152477755969e-08,3.375542494437324e-08
41,3.5814721070462046e-07,3.727261398879541e-06,0.0010594781493158344,9.293606707430222e-06,1.1267001453626366e-06,0.9538033410655886,0.0012798278624833125,0.0008169333298906458,9.429577274346933e-07,4.08887200464341e-05,1.0094741782860512e-05,1.065494116563905e-06,6.823244360402991e-05,8.686304732136712e-06,0.0187615293096812,0.0007906598882306624,0.0001023963785803246,1.3968448737513305e-08,0.0192689007232019,0.0004628201128826687,0.00023071579453558472,0.003258362270898423,2.0500699550583087e-05,9.053228495298727e-08,1.3536954729944386e-08
42,2.925247009250735e-07,1.68545421758873e-06,0.0006395154013273293,1.2919427237019444e-05,9.965607039417473e-07,0.9531381748449502,0.003167639687722884,0.00028076695658348555,5.739792596498054e-07,5.405133480364076e-05,2.1025641787834658e-05,1.6087760129021805e-06,6.0102970246567816e-05,2.855546400034406e-05,0.02549967308799838,0.0009612008944793932,9.413644337885594e-05,6.398555454634059e-08,0.010442537623626532,0.0010320757301572388,0.00033099216735185514,0.004178705045603075,5.239496445054259e-05,2.401349093412754e-07,7.089893563167595e-08
43,4.608959572240937e-07,2.100307024875339e-06,0.001031242671412743,9.26517154600327e-06,9.003704149184323e-07,0.8767961082831192,0.002792953578897349,0.0011702889479209397,8.786574962253991e-07,0.00014882401297414667,1.562200755195333e-05,1.459180136969264e-06,5.468778484875093e-05,1.9441877893019635e-05,0.04429814334656302,0.000978033384196725,0.0001088269110041996,2.8743162766108257e-08,0.052201983448632354,0.0021644949191097387,0.000852043501074267,0.017294169488005176,5.78187425660514e-05,1.7807794544788829e-07,4.569054601593744e-08
44,4.775569495999771e-07,2.5408660565858027e-06,0.0012450404941943508,8.96755895520999e-06,7.892672373272033e-07,0.8882786863143544,0.002878475867400512,0.0012643208021769657,4.668019160274075e-07,6.0732922014458754e-05,1.7780438947327914e-05,2.7009268335233695e-06,8.622390873214482e-05,1.7141494171233747e-05,0.038911202838038436,0.0008257442430782886,0.00014541508675001334,3.85827307410804e-08,0.04968671447709064,0.0013836710177062904,0.0007847035376423607,0.014348615893767751,4.939719663902636e-05,1.1418428472108039e-07,3.7722332367676977e-08
45,2.09982002643518e-06,1.3026740821130886e-05,0.002409463559422457,1.1522051954375805e-05,3.4253233996970136e-06,0.8234818763911733,0.0026363202809820555,0.000597717682852477,9.716329452567343e-07,0.00021663200037723253,6.175429948115422e-05,3.7144167936519924e-05,0.00033498156297215726,0.00016170393996682092,0.010468338713062162,0.0008775127637580016,0.0004124954437270701,6.785877137844269e-07,0.10308710846028174,0.0035470193359828225,0.0021775021888841666,0.049382681743877964,7.737574804995544e-05,2.5056392624886515e-07,3.969964250197721e-07
46,3.855814542227086e-07,1.637977972358877e-06,0.0006990033187150966,1.1189528106938094e-05,2.441339569275937e-07,0.9332587713853935,0.0014886096528263398,0.0013145838490879684,3.3393841393815056e-07,3.162612412637662e-05,1.9568358688930737e-05,3.2091730462704385e-06,0.00012024956925068086,1.1061429187538578e-05,0.021513698276702128,0.0009089704483576691,0.00036205121123733427,3.029211791928924e-08,0.030677743431780907,0.000746051668113764,0.000537510618243256,0.008237731342288215,5.56313532949111e-05,9.365376208460054e-08,1.3683874727332139e-08
47,3.6986775127423275e-07,1.9297822650602567e-06,0.001245614791961025,1.1078822825827015e-05,8.186509305705879e-07,0.9082289274423067,0.002528675530050879,0.0010582530591290826,4.389168033988729e-07,5.5726671815544406e-05,1.7781840297838725e-05,1.9050676291332929e-06,7.387209193947235e-05,1.7644569211741576e-05,0.038940803998663634,0.0008287481864742741,0.00012556412968074557,3.277988495853595e-08,0.03413546748336258,0.0012672906141114875,0.0006880992128811863,0.010720177553527268,5.061350084144521e-05,1.3406316281889767e-07,3.137249210144817e-08
48,5.425363294838162e-07,2.6165774229833452e-06,0.0015083734022907798,1.1212219459776282e-05,1.1367475753815284e-06,0.8738238150222277,0.0034043523002516085,0.0012324794883174677,5.537063704513332e-07,8.56023695147885e-05,2.1762829168300958e-05,2.893896106301016e-06,8.274578608986754e-05,2.374485874391363e-05,0.04794419115515044,0.0009438241699397899,0.00013458885421897444,5.2120458739734466e-08,0.05004666303375294,0.0018117924446406232,0.0009978046871795972,0.01786120168893184,5.7827382239608306e-05,1.6718020909798055e-07,5.5543409422993435e-08
49,2.059361070817159e-05,1.8186169972489648e-06,0.0002065253756227656,0.0003173489317032735,1.3736375533788187e-05,0.20279408296260926,0.13923495206484868,0.052677687241034006,0.00016925571563659658,0.0006383791461596393,0.00016508896967179523,1.769040430634625e-07,0.00029490699870537426,1.0972025316449286e-05,0.3232505043270131,0.12598288569919908,0.00013313297879077505,9.127103613234696e-08,0.1456770806512308,0.0016644953423616098,0.0003281511313170696,0.0035114276012558057,0.0029013038175093033,4.804296937562579e-06,5.979447585951622e-07
50,1.9127229220484663e-07,1.4611261406448585e-06,0.0008959214461789997,7.4157479441382445e-06,3.883833570218439e-07,0.9586328214033384,0.000649821059275985,0.0005056310482954984,1.6851683927811593e-07,1.4020106751292401e-05,1.5014520151696335e-05,2.0547502591676912e-06,6.417887832092898e-05,9.151529013971776e-06,0.017282515344314735,0.0004566110541535416,0.00013068166680794632,1.638220726897785e-08,0.016464371060202397,0.0004748911707273343,0.000395853755078997,0.003965627599374115,3.111597570869159e-05,6.867168955324e-08,7.531576187555797e-09
51,5.00009095281357e-07,3.2834249204546627e-06,0.0014736703092699656,1.1308292634539945e-05,9.197909373657443e-07,0.8940399912562976,0.0027203589200438597,0.0013174270867032242,5.737872700007795e-07,6.653783927849995e-05,2.0909878955741706e-05,2.8009657293714236e-06,0.00010116026959989837,1.8386712797560545e-05,0.038588817225620735,0.0007974803859903374,0.0001633335076399321,3.541093029745283e-08,0.04439021692840157,0.0010865348991900131,0.0007970879085723792,0.014358609679015172,3.98925246921544e-05,1.3143287583026133e-07,3.1553538350079595e-08
52,3.2326716159177876e-07,1.3881257701886618e-05,0.0008104441969757832,1.3806046485061772e-06,9.54962144590825e-07,0.6882921339598401,0.004395585658386812,0.0022842751724799627,3.4774324966627474e-07,1.0547699906437355e-05,6.536225832581482e-06,4.593501189545877e-06,6.692765895604021e-05,7.741188380160181e-06,0.08053770122879896,0.00016489723658496725,7.270614795878744e-05,8.43999968897366e-09,0.18951266476887732,0.0005160774086006195,0.0012307406233451625,0.03202503337720113,4.4411143035653063e-05,1.1569579930339134e-08,7.495916394754403e-08
53,2.825671247747134e-07,1.4962133323142067e-06,0.00047826628495950004,1.0428041599999288e-05,6.518542717103576e-07,0.868135592032141,0.00919102465436533,0.001643770919562384,8.064918182219772e-07,6.164351797480139e-05,1.3722091662825315e-05,1.5287492538843394e-06,6.536358932057974e-05,1.792502478576108e-05,0.07164447233503658,0.0013248225187852453,0.0001251515230854368,3.601571704744507e-08,0.029736674177902704,0.001885130993436135,0.0005792978037462679,0.014977614117959247,0.0001041053052478628,1.1838827777081282e-07,7.47886324565483e-08
54,4.797755369927247e-07,4.822287721101048e-06,0.0005542555757412162,4.352470526948953e-06,7.167551498522258e-07,0.8948802815191534,0.003971694040962743,0.0009384240829008323,5.946656005304972e-07,6.74391299621215e-05,1.1172437668721883e-05,4.2810136225958765e-06,7.618738313704251e-05,1.620808533139123e-05,0.028343054519262573,0.0010414004694547178,0.00014636636565276595,4.3600985634306836e-08,0.053591767329702396,0.0009611497866606513,0.0006131578380985379,0.01473622941421625,3.580481642172156e-05,5.51543847032282e-08,6.148214440214591e-08
55,8.108233430794654e-07,5.364653138668055e-06,0.0013395159541212643,9.580511853645411e-06,1.3231724139815823e-06,0.8766435234582688,0.004444521708210245,0.0013567670232538923,6.89870422359048e-07,6.720974919504379e-05,2.1744997719949112e-05,7.3086871955832705e-06,0.00013069055961188711,2.2257760191195847e-05,0.034481802010386295,0.0010554298248409756,0.00019624194245205476,8.995413261234102e-08,0.06127741026295024,0.001426044984163697,0.0009791171981629807,0.016485875939331793,4.6490853205148165e-05,1.1269348476472224e-07,7.540794984782994e-08
56,4.933877277633011e-07,2.7994794546162866e-06,0.0012724426713513195,9.282389630926971e-06,7.980462312816727e-07,0.8917186806137378,0.0028959863953460178,0.0012873958158913102,4.7175400735382726e-07,5.8644874331482516e-05,1.8975173658421607e-05,3.0827166090385414e-06,0.0001002092440954538,1.7968007115542803e-05,0.03635857177418024,0.0008245159312421776,0.0001619032720956251,4.217051807042627e-08,0.04873999578895584,0.00133436042899415,0.0007634853914457305,0.014381815235946139,4.792970471824173e-05,1.1222234311052602e-07,3.7510372323447415e-08
57,5.84836237249415e-07,3.5519175372316506e-06,0.0017545125914285753,5.300633043665386e-06,8.876086190773935e-07,0.7964677872909409,0.0023887715346929696,0.001782855007600619,2.7229549036114596e-07,4.964619176489703e-05,1.6808719079913445e-05,6.57050780471062e-06,0.00011178834318467569,1.7099653960397336e-05,0.03551288098945262,0.0006491748672543982,0.00015934441841958998,4.617828086299034e-08,0.13013913843855246,0.0017652539718287963,0.0012780537511573227,0.02784738818264172,4.2191056090566385e-05,5.508969062873848e-08,3.5925245848608674e-08
58,4.948222283058774e-07,2.516878547372916e-06,0.0012948731979372595,9.617390252815142e-06,7.686790166835348e-07,0.887058553015428,0.0027512956681294727,0.0011786961391754185,5.122381068714178e-07,6.354731431015546e-05,2.025799097421402e-05,2.4693227889073983e-06,8.2634377661182e-05,1.771794598081194e-05,0.043946557207860615,0.0007995356171600585,0.0001478543736158732,3.6953669561433526e-08,0.046102912578285506,0.0013536090773561683,0.0007648300296602543,0.0143488627411767,5.165604094624806e-05,1.521388980323262e-07,3.8260833675297637e-08
59,5.115540743571544e-07,2.4792866142522096e-06,0.001460195677195196,1.0478952121934856e-05,8.341486535973164e-07,0.8835104464714375,0.0026647030442611013,0.0011685349120523002,5.306997517918668e-07,6.835309198448265e-05,2.1461276314370076e-05,2.3657604706798056e-06,7.845972216970674e-05,1.8846161964553896e-05,0.04729729564157761,0.0007844892321350005,0.00014500149359009145,3.790454001261474e-08,0.04595807469991053,0.0014491681314389344,0.0008167520284093914,0.014486900077130658,5.386195650741634e-05,1.782168295416217e-07,3.9858865227358625e-08
60,4.775569495999771e-07,2.5408660565858027e-06,0.0012450404941943508,8.96755895520999e-06,7.892672373272033e-07,0.8882786863143544,0.002878475867400512,0.0012643208021769657,4.668019160274075e-07,6.0732922014458754e-05,1.7780438947327914e-05,2.7009268335233695e-06,8.622390873214482e-05,1.7141494171233747e-05,0.038911202838038436,0.0008257442430782886,0.00014541508675001334,3.85827307410804e-08,0.04968671447709064,0.0013836710177062904,0.0007847035376423607,0.014348615893767751,4.939719663902636e-05,1.1418428472108039e-07,3.7722332367676977e-08
61,5.169740747024021e-07,2.476384225092866e-06,0.0015655999313557915,1.0345514977310603e-05,8.328984944284485e-07,0.8848848041029154,0.0025132594647500677,0.0012362584799251674,4.882839808668658e-07,6.460691717710215e-05,2.0402812097282056e-05,2.4199546333676697e-06,8.174700255858227e-05,1.788364722943891e-05,0.04409895571245683,0.0007542290633379011,0.00014298978023244476,3.7527851002603494e-08,0.0481768861192216,0.001435525991033391,0.0008232583658419923,0.014115882050992198,5.039823297713528e-05,1.5866289762636468e-07,3.612476326444306e-08
62,4.775569495999771e-07,2.5408660565858027e-06,0.0012450404941943508,8.96755895520999e-06,7.892672373272033e-07,0.8882786863143544,0.002878475867400512,0.0012643208021769657,4.668019160274075e-07,6.0732922014458754e-05,1.7780438947327914e-05,2.7009268335233695e-06,8.622390873214482e-05,1.7141494171233747e-05,0.038911202838038436,0.0008257442430782886,0.00014541508675001334,3.85827307410804e-08,0.04968671447709064,0.0013836710177062904,0.0007847035376423607,0.014348615893767751,4.939719663902636e-05,1.1418428472108039e-07,3.7722332367676977e-08
63,4.867717744726469e-07,2.7691540854459072e-06,0.0012421852194997862,8.643843584385975e-06,7.977816084710688e-07,0.8875615435897674,0.002887426450136743,0.001251022385279352,4.807559890105262e-07,6.014110372065105e-05,1.7887597835496877e-05,2.7774457858455365e-06,8.750966414205825e-05,1.6990878352363375e-05,0.03901182857855259,0.0007988877688381606,0.00014634195805854255,3.790039819635882e-08,0.05021237715499776,0.0013147063615123156,0.0007763315014646862,0.014551328889031162,4.734693850758358e-05,1.121579839492305e-07,3.8149093731317996e-08
64,4.897808380713324e-07,2.739133078800761e-06,0.0013663758019586674,9.335242764235444e-06,8.722466499315718e-07,0.8774815892215011,0.0028714377399096775,0.0013455997812294616,4.3905179585247413e-07,6.246777682411539e-05,1.8726093372737798e-05,2.829377308583798e-06,8.133870485354849e-05,1.7228127279276272e-05,0.043380135810375434,0.0007344292482019773,0.00013075550293037105,3.759252091504329e-08,0.05463346045553945,0.0014518435534704546,0.0010804882310434308,0.015274900357585252,5.232430512024213e-05,1.1747579062630854e-07,3.938805795132873e-08
65,8.248234272641974e-07,3.3287766108674243e-06,0.0012281509206001553,1.12719661613478e-05,1.1116210901477388e-06,0.8687044953888692,0.004420643446094761,0.0016714219978032215,7.596263928092944e-07,0.00010156794014272646,2.1633819618717505e-05,4.815576212630352e-06,0.00012869974948856883,2.340073886983977e-05,0.03287167535963644,0.001435729789138014,0.00021031368448205486,8.521127297077373e-08,0.06672711451815631,0.0020039173968826726,0.0008965884215728291,0.019470726834491598,6.152202658309292e-05,1.339065438232374e-07,6.645985792164908e-08
66,5.326411217572957e-07,2.6421010068905807e-06,0.0017144760556160943,1.3788895447131692e-05,1.1718235395094269e-06,0.8935988004395446,0.002672822581589007,0.0011522853416198566,4.592098827839036e-07,9.36483567247896e-05,2.5140721772226164e-05,3.670788911782573e-06,0.00010619449274300529,2.609458330021416e-05,0.0346020723996218,0.0010863152143252358,0.00016455967800184636,5.938962202692598e-08,0.046529602480155564,0.0015684143076106316,0.0010745125953708949,0.01551794022105374,4.460348854045088e-05,1.5354724895044108e-07,3.864562929955855e-08
67,1.0874682578422118e-07,8.515316355462701e-07,0.0004279813297103763,3.71453595554428e-06,2.500715140006129e-07,0.9410004796635337,0.001524840938874768,0.000294004731052504,1.4117984199662815e-07,2.9389895774072146e-05,9.79604678155474e-06,1.3491035234960107e-06,3.2696266755934e-05,1.7587597588800248e-05,0.027590884392410187,0.0003733546177509465,7.897802134625807e-05,2.001452297612198e-08,0.017696668653495107,0.0013843524918646514,0.0005004120230754838,0.00897467933293315,5.7354662914956625e-05,7.267369120986996e-08,3.147662713887623e-08
68,4.930308572880836e-07,2.3980895564658382e-06,0.0013413523411188542,9.820058823282819e-06,7.644310264404716e-07,0.8912482723524733,0.0030752018161383453,0.0013701223150638508,4.374025930589223e-07,6.066573948674658e-05,1.8019668106858457e-05,3.0082474549495026e-06,9.923649065138578e-05,1.7769185370052603e-05,0.035880928662122356,0.0008686280817733886,0.00015700989535570773,4.6364038421566415e-08,0.04929170824566455,0.001527685838383362,0.0008130771136723191,0.014162891857692756,5.031306100812769e-05,1.1211496796422223e-07,3.759660023316251e-08
69,4.0660981018584026e-07,2.252270287280239e-06,0.0011274389851657688,7.206308074068118e-06,6.234222877428574e-07,0.8922512817128615,0.0025203212111328077,0.0011059419547464892,3.511500848271075e-07,5.224647809483287e-05,1.6306756079945122e-05,2.710907571654647e-06,8.101525697906424e-05,1.598991381648076e-05,0.035361768234847456,0.0006907413342047823,0.00013633719409987514,3.4746434905920966e-08,0.0501528022609431,0.0014175300422219837,0.0007958487687875601,0.014213120302160823,4.7595996588665474e-05,9.532203538659989e-08,3.2860683173034975e-08
70,2.5427338172377424e-07,1.2911553890066247e-06,0.0008807553085412731,1.2115562655140837e-05,6.563333560466941e-07,0.9394690779062421,0.0021280796792874524,0.0009018721798532282,4.651084273991423e-07,5.1952591947947534e-05,1.295995446361403e-05,1.7607731219295602e-06,7.426089875868936e-05,1.822320596156071e-05,0.024155249156231604,0.0010253221627430406,0.0001428387187189196,3.423603291541228e-08,0.02181675624537792,0.0014458400527047127,0.0004481110060327847,0.007359664366273712,5.231894368117614e-05,1.1520476321777134e-07,2.4976052886633407e-08
71,1.0320130205758886e-06,3.468436391320616e-06,0.001001776343813479,1.5846782752322513e-05,1.4785981916945213e-06,0.8589738635998668,0.0055237982269003665,0.002551978102742701,1.1945605788146097e-06,0.00011563290664745955,2.725721542292435e-05,5.308277374407178e-06,0.00015768481280351205,2.3983794320773443e-05,0.041274303454336116,0.002504565423940822,0.0002451960066937135,9.806361165133099e-08,0.06534660917198676,0.0024034819424799086,0.0010137923231014914,0.018708770311804825,9.862025247179923e-05,1.826707988363645e-07,7.67079471941907e-08
