,0,1,2,3,4,5,6,7,8,9,10,11,12,13,14,15,16,17,18,19,20,21,22,23,24
0,1.4452737160142105e-05,8.204378796228231e-05,0.0009293210877472072,1.3566437417271466e-05,7.767120090968767e-06,0.9570114200410936,0.0014788093959048644,7.827672472671817e-05,9.742408700737535e-06,7.826417755599331e-05,0.000294197310971359,8.4110926870001e-05,0.00042673606761607766,0.0004626833632725428,0.004248681288874061,0.0005797682224497822,0.0014090306463709816,3.685996444170071e-06,0.020919931355347112,0.0009142191559559753,0.0004263739621771839,0.010294607408029845,0.00022813575351161793,1.4939304065821566e-06,2.680693342876389e-06
1,1.5575480739633254e-05,7.331444348682356e-05,0.0008364790932361275,1.2312394850768484e-05,7.521320194924461e-06,0.9575763126949649,0.0013683187530532917,9.052357725258188e-05,1.59439544614464e-05,0.00010855826141178842,0.0002152852153285388,5.233298699303472e-05,0.00037191357125817485,0.00030671897720653757,0.003582483559826167,0.0008107101434504643,0.0012327657685152005,2.6135514620749338e-06,0.02367594992240841,0.0009172972763157159,0.00027213119964627407,0.008273909106367237,0.000177323819942359,1.647304639480625e-06,2.0576229880782527e-06
2,1.630567560077311e-05,6.982062260707571e-05,0.0009622476039055987,1.1919266720281089e-05,1.0294993424671303e-05,0.9381011797888249,0.001966632528259929,0.00011416047214691196,1.637522991641049e-05,0.00012048614570543655,0.00023629476961084268,5.575545349563867e-05,0.00032772612714564435,0.0005020471273275071,0.006260032690488956,0.0006079122589493661,0.0009930619225767727,3.4520956197684552e-06,0.030669086171372633,0.002015560627703325,0.00045439728479806224,0.016116906033353483,0.0003617322062898276,1.9770680925311735e-06,4.635836063555325e-06
3,1.3568482717177875e-05,7.627471211252149e-05,0.0008830227530648007,1.272964025280314e-05,7.210480064962488e-06,0.9577919605180824,0.0014350327758480127,7.624665751489987e-05,9.272863244248728e-06,7.782724343074697e-05,0.0002733865559599491,7.938799011578438e-05,0.0004031514867929866,0.00043853635662269725,0.004140031549028882,0.0005713945609629478,0.0013294216460596356,3.4743129121852298e-06,0.02073635892716677,0.0009354733363963048,0.0004156254411941261,0.010065154258332508,0.0002214569630076436,1.4456788429462128e-06,2.5548102720011135e-06
4,1.2825936314544843e-05,8.920075957901998e-05,0.0008608345423146697,1.3813811026283893e-05,7.743455371683397e-06,0.9585105830329366,0.001469525684024704,7.237106492885543e-05,8.894434423640351e-06,7.03705340352409e-05,0.0003263396975260515,0.00010574430928273128,0.0005431553288761371,0.0005257230629930257,0.0036452488300818178,0.0005648329858553069,0.0015432178930970914,3.9962120513086e-06,0.020055910239712028,0.0008776970269683572,0.000424061796225287,0.010036150166851072,0.0002278610249802084,1.3088325384211934e-06,2.5893380059375834e-06
5,2.0170898027925814e-05,6.788397684196551e-05,0.0010293158399040303,2.0221301804958397e-05,7.985615391435746e-06,0.9577244250370721,0.0016889412222541762,9.140061012200984e-05,1.1171497235927146e-05,0.00011219357731605111,0.0003211516441633096,0.00010498711332647154,0.000475323784441706,0.0006256346242013666,0.0036252399952457688,0.0007558034361178825,0.0018611467760419906,7.598325651145834e-06,0.01815430583336801,0.0014532761414911078,0.0005102070277972175,0.011025299916501415,0.0003001870198715899,2.348883449967901e-06,3.7799023600727255e-06
6,1.3568482717177875e-05,7.627471211252149e-05,0.0008830227530648007,1.272964025280314e-05,7.210480064962488e-06,0.9577919605180824,0.0014350327758480127,7.624665751489987e-05,9.272863244248728e-06,7.782724343074697e-05,0.0002733865559599491,7.938799011578438e-05,0.0004031514867929866,0.00043853635662269725,0.004140031549028882,0.0005713945609629478,0.0013294216460596356,3.4743129121852298e-06,0.02073635892716677,0.0009354733363963048,0.0004156254411941261,0.010065154258332508,0.0002214569630076436,1.4456788429462128e-06,2.5548102720011135e-06
7,1.554288195314521e-05,9.238546300519678e-05,0.001169364685506241,1.3114540296409248e-05,7.620635866937837e-06,0.9536198063379974,0.0014157266003000579,8.744304649010805e-05,8.551857479230756e-06,7.150762604729222e-05,0.00031953438060457076,8.853818948152496e-05,0.0005408013386392807,0.0003973970161701172,0.004108779564109393,0.0005204164348333049,0.001380716787307728,3.3782289855363346e-06,0.024547772609892233,0.0008623195601612931,0.0004302165500866188,0.010110255327699604,0.00018531704059126082,1.4228714498046265e-06,2.0704250455396496e-06
8,2.2343117263057e-05,7.370016951617451e-05,0.0014956885747115936,2.5287826519772793e-05,1.2451023501835867e-05,0.9489272690402035,0.001784932721851053,7.081490238277609e-05,2.218202555783407e-05,0.0001910704814535032,0.0004453459988956337,4.088912113890395e-05,0.00022508547843816444,0.0008422971735167615,0.010849848536701847,0.0005926284503392332,0.0011786683483655427,4.572651327636909e-06,0.01536875689868566,0.0014936141550676468,0.0005779956228415407,0.015308510094010377,0.00043040442874223584,8.469080509709869e-06,7.174078457953208e-06
9,1.5170760969969335e-05,4.6986865606018816e-05,0.0015160757149423375,2.1281999014093982e-05,7.304100039702919e-06,0.9602309612307403,0.0008634348328312997,7.928773541242277e-05,1.2675170803361582e-05,0.00013355374224985884,0.0003214678338616101,4.228526331607376e-05,0.0003050581449632595,0.0005321295093780873,0.00490256001508777,0.0005741894756797542,0.0013757640109541165,3.163357708356469e-06,0.01571084371039137,0.0014152479860863431,0.0004348304378574912,0.011169881538958537,0.00027922986799348674,4.413877990797587e-06,2.2028171635959076e-06
10,1.3568482717177875e-05,7.627471211252149e-05,0.0008830227530648007,1.272964025280314e-05,7.210480064962488e-06,0.9577919605180824,0.0014350327758480127,7.624665751489987e-05,9.272863244248728e-06,7.782724343074697e-05,0.0002733865559599491,7.938799011578438e-05,0.0004031514867929866,0.00043853635662269725,0.004140031549028882,0.0005713945609629478,0.0013294216460596356,3.4743129121852298e-06,0.02073635892716677,0.0009354733363963048,0.0004156254411941261,0.010065154258332508,0.0002214569630076436,1.4456788429462128e-06,2.5548102720011135e-06
11,1.3081670231550373e-05,7.966112292448432e-05,0.000870259541604518,1.2925711933413844e-05,7.047266853744679e-06,0.9579327495471109,0.0014366366382731737,7.991958019793728e-05,8.771875698467027e-06,7.15227365840849e-05,0.00027753907377239557,8.864437193174686e-05,0.0004700981709375498,0.00042853552109303495,0.003796819416266135,0.0005837967200366384,0.0014143995370470082,3.497297403743428e-06,0.02129360115092865,0.0008893627815189398,0.0004030270017332541,0.009622238660886266,0.00021224117127663307,1.2953257657640986e-06,2.328107989740843e-06
12,8.9362675644351e-06,9.462527938155444e-05,0.0005600179026899149,1.031612047009523e-05,1.8193709516224744e-05,0.9747925966324357,0.0013383237547062552,2.4533743591137185e-05,7.131195999992208e-06,4.401422247460669e-05,0.00022153604463456277,0.00012336160229947614,0.00028985740131935527,0.0010252066675450052,0.0025492604061712856,0.0003746946524813158,0.0007325937399706042,6.998258839666732e-06,0.01099528089201473,0.0012548615352456158,0.0004056959100688929,0.004743313201794847,0.00037050280095981164,7.877745001088694e-07,7.360283324564114e-06
13,1.6620388245797287e-05,0.0001577437682613562,0.0015403744012124794,2.716433194331232e-05,1.5608755334235788e-05,0.9431777776881023,0.0012715545064522027,5.982876378330361e-05,7.687048698151844e-06,4.5943175945407404e-05,0.002145575138821017,0.00021236363195593393,0.00131580856996904,0.0010149210990358644,0.008620038851431821,0.0005431741508493003,0.002244358925318996,4.281503762205896e-06,0.024602718492273946,0.0005534511814502598,0.0007369975361755697,0.011284310662400189,0.0003970000552564631,2.669228499130726e-06,2.028144821717529e-06
14,1.3739875315979143e-05,7.566646570754931e-05,0.0008951919351956135,1.3025463542049146e-05,7.2381848149991835e-06,0.9575812163223374,0.0014504083056859594,7.764048167399669e-05,9.481591915987492e-06,7.942925118968251e-05,0.0002746529631361588,7.866356895378137e-05,0.00040163023916871856,0.0004429094190794551,0.004206035473527485,0.0005762630302961255,0.0013485263618503449,3.519875717527356e-06,0.020634863315021627,0.0009506975983596738,0.00041808437970416827,0.010231819741419759,0.00022520534712282148,1.4899929872984571e-06,2.6008162757587704e-06
15,1.3568482717177875e-05,7.627471211252149e-05,0.0008830227530648007,1.272964025280314e-05,7.210480064962488e-06,0.9577919605180824,0.0014350327758480127,7.624665751489987e-05,9.272863244248728e-06,7.782724343074697e-05,0.0002733865559599491,7.938799011578438e-05,0.0004031514867929866,0.00043853635662269725,0.004140031549028882,0.0005713945609629478,0.0013294216460596356,3.4743129121852298e-06,0.02073635892716677,0.0009354733363963048,0.0004156254411941261,0.010065154258332508,0.0002214569630076436,1.4456788429462128e-06,2.5548102720011135e-06
16,1.7673204018043153e-05,7.25451102955872e-05,0.0009008776942152864,1.794717600619648e-05,7.565030943119839e-06,0.9522733198637695,0.0019946104800496025,6.568864854979809e-05,6.4077848122608364e-06,0.00016946636997375582,0.00031698806011142813,0.00019304859292395323,0.0003918075032882416,0.0009607318759326364,0.003407964633210273,0.0007500202858821982,0.0018316766673021402,1.3293812345041193e-05,0.01762130310100264,0.0016830696190844852,0.0011546850621663642,0.0158783632040087,0.0002634334845700899,1.7329765843385582e-06,5.779758954159542e-06
17,2.690868752398279e-05,0.00013158064531943313,0.0011704407435055957,1.809986013245853e-05,1.0655208960687736e-05,0.9293054064488944,0.002118096905997435,0.00011951855350382596,8.646653985047436e-06,9.210730635149889e-05,0.00042891999842861706,0.00040142331869652835,0.0009862049645344183,0.0012597186823339677,0.0029520459126357894,0.0006373773087935325,0.0031928671156798687,1.859990703750812e-05,0.03157616394678089,0.0020365490993527356,0.0009975024843033458,0.022021662188698103,0.00048038898350307433,1.2943487914503832e-06,7.820726255997923e-06
18,2.485806942878121e-05,0.00011685570407127155,0.0005730886117172897,1.0585812390473536e-05,5.923643642243147e-06,0.9368822012042446,0.0025221605889452292,9.081823634472876e-05,1.3740804408644801e-05,0.00012820139135039105,0.00026572435198133335,0.00022741053640791322,0.0005748739564630141,0.0009684380940294602,0.0028728365999447516,0.0006978664546968426,0.0032487297804472816,1.4318400623549372e-05,0.02462353162174494,0.001707005599730374,0.0005419246834870934,0.023465678991020183,0.0004106180188462152,1.3731054886919942e-06,1.1235738544898449e-05
19,1.3392940846934428e-05,9.707343983835097e-05,0.00129235395535595,1.7279592089955507e-05,1.110153953158206e-05,0.9481842369864334,0.001767428441934511,0.00010812317858635597,9.377658276378342e-06,7.259541391339982e-05,0.0003353128258028876,0.00012405415083077283,0.000661238477320429,0.0005373666280922922,0.004384565179334479,0.0005871752045708204,0.001473957554107122,4.159113052677525e-06,0.025882712355369684,0.00109602088184373,0.0005093977709836361,0.012614643812610416,0.00021269975114586695,1.3011224080215173e-06,2.4320257204332644e-06
20,9.709565755904552e-06,7.271137866862177e-05,0.0010361836897624457,1.3201753913391192e-05,7.372697867084993e-06,0.9355781417654876,0.0021466304753078235,0.00011655777218997229,8.450403369278534e-06,7.192441800148237e-05,0.00034167737802641624,5.664497198910661e-05,0.0003499593191930102,0.0003661304101316177,0.011537866732388049,0.0004908826108700823,0.001001264138719958,1.722713325165222e-06,0.027434514933261125,0.0009218123706830351,0.0006315884217734293,0.017531850356565494,0.0002692750951616715,1.6000638114367616e-06,2.326563776774462e-06
21,2.1210666052180117e-05,0.00011176219335125156,0.0010102112841513062,1.6725665873255585e-05,1.1868546044156616e-05,0.9539139040304303,0.0013441115368882765,6.571308860138965e-05,1.0132795739006413e-05,0.0001307667099237944,0.0003963014208099741,0.00016314068032419597,0.0005080620400610936,0.0007535114897520749,0.003178349554419244,0.0007296080163654609,0.0015633646506450548,7.715552903022836e-06,0.022901829962496508,0.0012186963960708179,0.0007527857605927732,0.010940655053021539,0.00024383977453566302,1.830930248968282e-06,3.902200698894388e-06
22,1.7579857163421346e-05,6.138218981400837e-05,0.0012312544766906134,1.935566609951143e-05,5.844789568513647e-06,0.9579540478427387,0.001107168112575951,7.791206646025982e-05,7.093419001794945e-06,0.00011330687430617192,0.0003865932689101055,0.00010817681888190365,0.00045156728798764246,0.0005216096211074849,0.003560747501600295,0.0006906346679510071,0.002169751915794137,5.7063940961899496e-06,0.018285545904999978,0.0010180311185612062,0.0006148573967249209,0.011386240354547402,0.00020142947037271792,2.1357111713015316e-06,2.027272874702721e-06
23,1.3568482717177875e-05,7.627471211252149e-05,0.0008830227530648007,1.272964025280314e-05,7.210480064962488e-06,0.9577919605180824,0.0014350327758480127,7.624665751489987e-05,9.272863244248728e-06,7.782724343074697e-05,0.0002733865559599491,7.938799011578438e-05,0.0004031514867929866,0.00043853635662269725,0.004140031549028882,0.0005713945609629478,0.0013294216460596356,3.4743129121852298e-06,0.02073635892716677,0.0009354733363963048,0.0004156254411941261,0.010065154258332508,0.0002214569630076436,1.4456788429462128e-06,2.5548102720011135e-06
24,1.2208359540916483e-05,8.389161098707245e-05,0.0008946677594540142,2.052457964615277e-05,1.3042326807031721e-05,0.9632623192550094,0.0013500860184159748,6.96152490362313e-05,9.012527063035295e-06,6.732204161767459e-05,0.0003727453581297169,0.00013430979452787285,0.0006400682369617219,0.000731776299551592,0.003057044390227758,0.0007664601078961621,0.001430592146141223,5.348557486135674e-06,0.017911543808129097,0.0010104964634092422,0.00044908188332804997,0.007421695476932096,0.0002822169718029409,1.3333489170144327e-06,2.5974289816990918e-06
25,2.8211132896698818e-05,9.429925546226136e-05,0.001831963710151072,3.176230610055822e-05,1.2991114877194672e-05,0.9220365687957471,0.002545914451132244,0.00024026154235709532,1.0082684956867839e-05,0.00010071894537230441,0.0006520750609995601,0.00016755388696350126,0.0011545086258057033,0.0005306391322070644,0.006157896818442461,0.0010914078310773252,0.002159614287479889,6.9624582089163345e-06,0.04356365424919398,0.0014836694002466214,0.0009454126659545049,0.014794766544420156,0.00035479202927160856,1.9272597181967013e-06,2.3458109573255456e-06
26,2.2761298485913735e-05,7.170954338386033e-05,0.0009250067592511506,1.8973636242357396e-05,7.878631185452657e-06,0.9635122704972652,0.0012179773318478527,9.31400226606984e-05,2.4351702033832994e-05,7.686163988616109e-05,0.00033311092749634645,4.410952985681475e-05,0.0003572285366382717,0.00038697465067448304,0.0050382417900677635,0.0005993954388194976,0.001769497775263379,3.1091201770730535e-06,0.015673197429216575,0.0010551279061939704,0.0002658723421123152,0.008063781537306835,0.0004320048795512942,4.190303296337238e-06,3.2267710865925577e-06
27,2.9225568840128042e-05,0.0001018320087447514,0.0026534354208183892,3.043138508003718e-05,9.00163277396953e-06,0.9667603437130942,0.00041928246811466133,5.914772972165062e-05,8.235390482931604e-07,2.3958308151429456e-05,0.0004292879231347625,0.0005747411341052972,0.0015690977322708882,0.0004336039476443821,0.0005158778586227216,0.0005848346580878059,0.002356856449884341,1.8916719908924625e-05,0.020356599516621946,0.00035816922946641145,0.0010622762398336872,0.0015572724441290531,9.4073899466626e-05,3.476045244124504e-07,5.628679113328802e-07
28,1.3568482717177875e-05,7.627471211252149e-05,0.0008830227530648007,1.272964025280314e-05,7.210480064962488e-06,0.9577919605180824,0.0014350327758480127,7.624665751489987e-05,9.272863244248728e-06,7.782724343074697e-05,0.0002733865559599491,7.938799011578438e-05,0.0004031514867929866,0.00043853635662269725,0.004140031549028882,0.0005713945609629478,0.0013294216460596356,3.4743129121852298e-06,0.02073635892716677,0.0009354733363963048,0.0004156254411941261,0.010065154258332508,0.0002214569630076436,1.4456788429462128e-06,2.5548102720011135e-06
29,1.3568482717177875e-05,7.627471211252149e-05,0.0008830227530648007,1.272964025280314e-05,7.210480064962488e-06,0.9577919605180824,0.0014350327758480127,7.624665751489987e-05,9.272863244248728e-06,7.782724343074697e-05,0.0002733865559599491,7.938799011578438e-05,0.0004031514867929866,0.00043853635662269725,0.004140031549028882,0.0005713945609629478,0.0013294216460596356,3.4743129121852298e-06,0.02073635892716677,0.0009354733363963048,0.0004156254411941261,0.010065154258332508,0.0002214569630076436,1.4456788429462128e-06,2.5548102720011135e-06
30,1.3568482717177875e-05,7.627471211252149e-05,0.0008830227530648007,1.272964025280314e-05,7.210480064962488e-06,0.9577919605180824,0.0014350327758480127,7.624665751489987e-05,9.272863244248728e-06,7.782724343074697e-05,0.0002733865559599491,7.938799011578438e-05,0.0004031514867929866,0.00043853635662269725,0.004140031549028882,0.0005713945609629478,0.0013294216460596356,3.4743129121852298e-06,0.02073635892716677,0.0009354733363963048,0.0004156254411941261,0.010065154258332508,0.0002214569630076436,1.4456788429462128e-06,2.5548102720011135e-06
31,3.90425073338433e-05,0.00011656072351012156,0.002297546670959203,1.7257841736102038e-05,1.0780722517333338e-05,0.9205449002692738,0.0018242366679077679,0.00021518323285641728,1.0324343237065679e-05,9.952953498517971e-05,0.0002787434552505945,0.00015706203214060877,0.0007859296005831073,0.0004686403651278391,0.0036543993468778646,0.0006173387368547588,0.0019901941931174693,8.954135527810118e-06,0.04832284913818644,0.0018762123783629063,0.0007071474555822479,0.01567971878470828,0.0002718427792102922,1.5956905291740003e-06,4.009393623846599e-06
32,1.3051310998452137e-05,7.729749719558177e-05,0.0008677768720284594,1.110568265536585e-05,7.255210880561062e-06,0.9524977753398173,0.001451974921884322,8.222258523914369e-05,8.656821107954296e-06,7.3428095438071e-05,0.00026028632457219343,8.153603189062348e-05,0.00041610887748274857,0.00041103164306627066,0.004218465304460852,0.0005699882673285479,0.0012368007724295692,3.1514579547838307e-06,0.025341397587994672,0.0009730425816388734,0.00041554484317186534,0.010757832828095736,0.00022058272826137737,1.2303841986889084e-06,2.4560302080289136e-06
33,1.2113335027379305e-05,7.593484173214551e-05,0.0007233274725047237,1.231066990206279e-05,4.578472200099652e-06,0.9565232685213166,0.0014052978671569081,8.646659096044412e-05,7.483872330311118e-06,7.438213185901047e-05,0.00025518907806864157,0.00015516882508347403,0.0007833533904194929,0.0005256241730192779,0.0019929903569771736,0.0007020929408279487,0.002620284503370371,5.3786187667649454e-06,0.020389557499195802,0.0008838976446975565,0.0003160415704060817,0.012279423278905481,0.0001630810921347893,8.59137856718058e-07,1.894115280622073e-06
34,8.758137157795263e-06,5.167871443669115e-05,0.0006820213045204528,1.2514611378432382e-05,5.290199514886085e-06,0.9696655846430787,0.0013312217368833083,6.177769181655481e-05,6.493891896614266e-06,6.731573458146108e-05,0.0001977709122369846,6.952892972603444e-05,0.00031800069403681124,0.00038322949350078756,0.003317376770584723,0.0005857745432136686,0.001216186025817689,3.256507450041645e-06,0.013116118493165869,0.0008553710547108839,0.0003738914133397467,0.007485645006208381,0.00018217346179089726,1.0868199434184404e-06,1.9332090091941983e-06
35,0.0004214617358398464,0.00037332699290409347,0.0027307714914110016,2.6896171698094762e-05,1.0614435367334605e-05,0.8190347347382658,0.003454293373065989,0.0008313913355316408,5.796702756172999e-05,0.0004501438713081044,0.0003555468953965314,0.0006622706209796171,0.0021429269644271495,0.0005158852789254639,0.0016723117518400094,0.001844539384318489,0.011789385983461437,6.64609336887912e-05,0.11345073663619974,0.0025270624707036645,0.0008334625433299168,0.0365046224184802,0.0002300784948836552,2.864134806207432e-06,1.0244315605430154e-05
36,3.103235005477206e-05,0.0001318181598127613,0.002984358858646405,2.4973145420372948e-05,3.2186427535806115e-05,0.9436553066071923,0.00152584404709712,5.071819835818879e-05,9.290719465351676e-06,0.00012800010044464267,0.0007944607455064157,5.216600739289709e-05,0.00031480175573132753,0.0007188090424796718,0.01035954216148621,0.00036529513959511,0.00047152385862436725,4.393076873684625e-06,0.028005796620544473,0.001215663349959504,0.001340723168780778,0.007442818753473097,0.0003297634214011611,5.625566833198376e-06,5.0887172901835655e-06
37,3.991861137896141e-05,8.814522338806918e-05,0.0020972741405190136,2.8524053334421704e-05,1.0342683060991944e-05,0.9482033539709597,0.0015241833406640726,9.405404593687306e-05,1.1664185557855265e-05,0.00013598795434230867,0.0005952575568702305,0.00012404406599495914,0.0005805150221935237,0.0007542019521490247,0.0047738923275253975,0.0006976282181473355,0.002247466028126608,1.0981897684007319e-05,0.02330720355684465,0.0014871435450888723,0.0006664797091196445,0.01220084696708306,0.0003114497210296946,5.230689401564702e-06,4.210533599145774e-06
38,8.736320931622632e-05,0.00030441064093060695,0.0034553233260833376,5.2187389433946035e-05,4.386405671257939e-05,0.8973961866548242,0.003166270485481278,0.00019025628177070158,7.932638580964952e-05,0.00033891748134952675,0.0009427010483634178,0.0002023396883846761,0.0009550827028917763,0.0022547048419892576,0.008110392460430086,0.0007307614593636115,0.00376351240599827,2.062721578041387e-05,0.0340327657132634,0.0025985190261772237,0.0008747414125185185,0.03979690130683055,0.0005725432334363848,1.0248873602169453e-05,2.0052699258325448e-05
39,1.0532713804323566e-05,5.375892336871493e-05,0.0007306480057880947,1.0814147808425306e-05,5.137014761342117e-06,0.9560192848782432,0.0016120729155974169,9.868285421224906e-05,5.966507218777291e-06,6.278486820067214e-05,0.00017343751339856178,7.674567731457832e-05,0.00033232831940479136,0.00030864529657731953,0.004157427183654741,0.0005853513992514929,0.0012149381912287484,3.1175262402021966e-06,0.022518399631374898,0.001072963517536551,0.000514337683668473,0.010181960345712773,0.00024728841192387264,8.911343989592125e-07,2.48533931071936e-06
40,1.061505313004794e-05,9.359865786656833e-05,0.0010653514427185447,8.850273789352077e-06,8.518001522775452e-06,0.9568443249030695,0.0010918281094506326,5.377891618070288e-05,6.273066730875282e-06,5.73163486163507e-05,0.0002501555998204355,8.679105900032239e-05,0.0003445623367127436,0.00044287605015277915,0.0042518797242577745,0.0003692290675003615,0.000948239048703189,2.6746037409491896e-06,0.02266642211739331,0.0007828068966545111,0.000418725780825245,0.010032485927253292,0.0001594131556845102,1.028996563512497e-06,2.2548626616645217e-06
41,7.164301958181345e-06,0.00011642480971289238,0.0008022648581200963,1.2641845408683368e-05,1.2879406944870171e-05,0.9829284068263552,0.0006472221551940543,4.374341832746883e-05,2.0770037598889523e-05,5.242359787876455e-05,0.00014869912458547949,2.4800851390746433e-05,0.0002941542616605042,0.00020651248424049067,0.002389044083473466,0.0004961973517826581,0.0006818508241892277,7.840261220242296e-07,0.008324679458965303,0.00028893676893670673,0.00010794389614792078,0.0023145283220293144,7.604486010626179e-05,1.083573814226298e-06,7.988550567757561e-07
42,1.355987846950647e-05,7.642627330812669e-05,0.0008969851346334054,1.2593021001935156e-05,7.1586859636181415e-06,0.9566664448821619,0.0014359991096173704,7.877252402231934e-05,9.193443183329404e-06,7.814662119516031e-05,0.0002712355054897325,7.982843713459844e-05,0.00040624338479780536,0.00043060719878345287,0.004181614840309578,0.0005717302394281793,0.0013313182129095532,3.4048189506786796e-06,0.021501241918394042,0.0009410516308257464,0.00042167568660297244,0.010362110091816673,0.00021873662859636433,1.420702192129438e-06,2.501130211888364e-06
43,1.1581668213736904e-05,4.5589368416645403e-05,0.0006987135581661247,1.0406201337485607e-05,5.674671560471901e-06,0.953060106892989,0.001349829383249392,8.420209041749558e-05,1.761122213760101e-05,0.00024321270186742367,0.00015167344159875814,2.8058949409079448e-05,0.00019289653423169959,0.0003626078291971156,0.00420045998377816,0.0006921998736628801,0.0009442929995505918,2.107548362761148e-06,0.020448518069307847,0.0016604636767944575,0.0003637097995101602,0.015232779496857135,0.00018840821298307778,2.2535877406060405e-06,2.6422386602631968e-06
44,1.3568482717177875e-05,7.627471211252149e-05,0.0008830227530648007,1.272964025280314e-05,7.210480064962488e-06,0.9577919605180824,0.0014350327758480127,7.624665751489987e-05,9.272863244248728e-06,7.782724343074697e-05,0.0002733865559599491,7.938799011578438e-05,0.0004031514867929866,0.00043853635662269725,0.004140031549028882,0.0005713945609629478,0.0013294216460596356,3.4743129121852298e-06,0.02073635892716677,0.0009354733363963048,0.0004156254411941261,0.010065154258332508,0.0002214569630076436,1.4456788429462128e-06,2.5548102720011135e-06
45,9.870222503610809e-06,5.768918127369858e-05,0.0008125112989719632,1.1532493926700839e-05,5.767230908294468e-06,0.9606680051916523,0.001451930446300903,8.239010499456854e-05,7.944620235921578e-06,6.536878645167078e-05,0.00021712600400631066,5.2855420149747636e-05,0.0003260163068586905,0.0002989234820270017,0.0049410237916840466,0.0005662571137620674,0.001042915215767828,2.120154673975593e-06,0.019355670704603298,0.0008166300626825127,0.00034723904354782474,0.0086726718006583,0.0001845695316191163,1.2483614485797372e-06,1.7234292913836495e-06
46,1.2152136709133302e-05,3.401020213182271e-05,0.0005954378485311357,1.532790677702147e-05,1.2126497782792763e-06,0.9766405155542177,0.0005428570739211187,8.416445609127394e-05,3.883593651995276e-06,3.929866397583246e-05,0.00019296714120513954,9.11673766960236e-05,0.0004572466878387231,0.00017532590065895515,0.0014692618807823122,0.0006487435070119204,0.0043381056419238805,3.3545053241117487e-06,0.008810243120468903,0.0004194189984507409,0.0002522185426930255,0.005037257355858149,0.00013410806234694927,1.1554327865494126e-06,5.657601689873834e-07
47,1.203110924670825e-05,6.836621390812865e-05,0.0008942930720637964,1.4514148731013386e-05,7.73024580792814e-06,0.9624365665530993,0.0013623306100978207,6.925339748381731e-05,9.056186309119488e-06,7.374963789972424e-05,0.0002889157536593203,6.797736328685842e-05,0.0003828627866965725,0.00045837590620703635,0.004304256387418937,0.0005721203217633402,0.001221710920764089,3.1882266899648734e-06,0.017603557493359942,0.0008936045101893469,0.0003984327655093607,0.008619953158000775,0.00023322246273177973,1.5761370529311041e-06,2.354632022289973e-06
48,1.725351487523931e-05,8.46721656289861e-05,0.0011037809603727294,1.7155175339028115e-05,1.1622675690384391e-05,0.9513362473855899,0.001739767711386142,7.543697511678249e-05,1.2097490457121039e-05,0.00011396958379578635,0.00038062360175589844,8.909285535463638e-05,0.0004049811918838787,0.0006932125158388141,0.005464324991941706,0.0006572207865439041,0.0012822284912651514,5.148710395732254e-06,0.021542362961206298,0.0012986550606592091,0.0005626886989437641,0.012799269416117375,0.00030163766237960337,2.336299233693478e-06,4.213118228362844e-06
49,0.0013756757093577787,0.00019063530379404586,0.0005540448598503515,0.0008494362506902828,0.0002668261574123933,0.7132244274642338,0.03939199751054845,0.002216774368532042,0.004312282428461737,0.001087940674399102,0.006707633992677651,1.4324279751037386e-05,0.0016398052167736685,0.0011829345369225033,0.06085227367857503,0.04227762771725641,0.003623274229639835,1.9531432744104947e-05,0.06710590441316419,0.0023784146309891777,0.0007197227637380574,0.004212725015172253,0.04554817967142408,0.00014904907164757085,9.855862224443235e-05
50,2.014010110816033e-05,9.735555568267397e-05,0.0010047335684210674,1.282387742640752e-05,9.76051084417521e-06,0.9303780058319989,0.0027708738309692718,0.00011798483089805693,1.5939408874342994e-05,0.000156447439305038,0.0002695283481963497,8.26801842224234e-05,0.0004267276036595059,0.000567804170601452,0.005870710354749034,0.0007095380887762332,0.001344282400196809,4.900932213305535e-06,0.03424573013783014,0.0015652314105734585,0.0005387054921493468,0.01951507990489397,0.0002675938574608051,1.8123446436564785e-06,5.6098143053988184e-06
51,1.6890605046816162e-05,0.00014876137531062272,0.0014951014882692813,2.602499842745155e-05,1.1525988496011565e-05,0.9628167049883205,0.0012372377152015562,8.540193809007566e-05,1.4905464514964863e-05,9.374136595749006e-05,0.0004722825070401647,9.693945576713252e-05,0.0006595183279048773,0.000523695692272,0.004109757128565916,0.0005531272921257924,0.0018722655859982407,3.1401656911302116e-06,0.015366957614709246,0.0005071912288484849,0.0004616373382129652,0.009287208411422988,0.00013624205202890336,2.1948169572498126e-06,1.5464548202065197e-06
52,6.1461200376076674e-06,0.0007369606465047012,0.0005566266063666114,1.7961138469560341e-06,1.2892665338255516e-05,0.8480757876288161,0.0029327366457500195,0.00014389289949066808,7.315353444487163e-06,9.338454695097386e-06,9.112737724986302e-05,0.0001894616920007554,0.0003836734215455819,0.00018707440467343993,0.010507703650577052,9.694541013599956e-05,0.0006142271906188913,4.4788856214455697e-07,0.11015516742556572,0.0002768237105618679,0.0009200219143360178,0.023861778576162184,0.00022632404685918127,7.237651103044555e-08,5.65778034975411e-06
53,7.69793652374354e-06,4.621140622222615e-05,0.0003631809527111025,1.501724228251112e-05,6.948706100178381e-06,0.9543115580768139,0.005155328457170524,0.00010326636955166367,1.762852261631305e-05,8.334730007323473e-05,0.00021936648087809182,4.1525558569159736e-05,0.0003051074757165043,0.00048258717262306784,0.009089108836096095,0.0009094466393939717,0.001003970510641554,2.9565234303775468e-06,0.01434212140301448,0.0014331185161113296,0.0003174440204997916,0.011226485483059725,0.0005093600330807835,1.5821902639253748e-06,5.634186555863895e-06
54,1.4617034098456271e-05,0.00017733355522686124,0.00039028235066787537,5.3630681401988135e-06,7.147843075004425e-06,0.9552547830217797,0.0019523923967392784,5.580050102017373e-05,1.41097975049129e-05,9.233290647864541e-05,0.00014635960104417533,0.00013643782611758184,0.00034510617702579607,0.0004563818107843403,0.002675547785449279,0.0006355255105049271,0.001338519561698977,4.2208445877375696e-06,0.023951405405008234,0.000679488869572975,0.0003175335746813755,0.011191261698028433,0.00015214790611384974,6.340533246721851e-07,5.2669013265027245e-06
55,2.595074825660257e-05,0.00019498520073837138,0.0009054796768517482,1.4260519716654775e-05,1.3536443930489552e-05,0.9479620453812585,0.002350291452715145,8.532269683988616e-05,1.599204331175744e-05,8.698736732693566e-05,0.00035192229421296997,0.00026043722222476,0.0006933372457667675,0.000669899581964451,0.0034929755467307806,0.0007366751838746297,0.002056126212327202,9.493616473870047e-06,0.026656996641455707,0.0009960207189659862,0.0005472369478889212,0.01162513507778202,0.0002414175577237287,1.3380037617528036e-06,6.136617900298513e-06
56,1.3593255494553814e-05,8.567808217331103e-05,0.0009087520506228694,1.3141564862515774e-05,7.609667601286198e-06,0.9570887875440943,0.0014689778118463792,7.739385971179365e-05,9.487028863278156e-06,7.479463163306072e-05,0.00029994485601825255,9.079026213719622e-05,0.00048122192108844547,0.0004668757977407112,0.00399401187771503,0.0005685875817936017,0.0014286152979415554,3.648973026548863e-06,0.02119878190746368,0.0009058637280588526,0.000404704968623502,0.010188790294288421,0.00021600134977420315,1.4060867571546893e-06,2.5396006695643382e-06
57,1.3660894996711811e-05,0.00010345956214605757,0.001270301919898882,6.679821654151115e-06,8.235378601793237e-06,0.8964641131087052,0.0013608215093417109,0.00011966120649977632,5.089300602567875e-06,6.424965432907027e-05,0.0002335343528020154,0.00019753776799689445,0.0005696974107520672,0.00038494621281273705,0.0039434423289529865,0.0004958868040641772,0.0012718730636933628,3.4991219596347036e-06,0.06940724114330488,0.0012847109029005285,0.0006779850426601348,0.021945304003046368,0.0001652508584138448,5.810651199554585e-07,2.237564744430972e-06
58,1.3808015503559688e-05,7.265196236467548e-05,0.0009484346182821842,1.3785829113311762e-05,6.895917633394983e-06,0.9583450833455217,0.001375488083177633,7.217479149168106e-05,9.999888271923197e-06,8.364610481056683e-05,0.00031138294502204735,6.93524497399759e-05,0.0003792819474212414,0.0004416934711435383,0.004845647506446996,0.0005616390816232154,0.001338953970978789,3.2201014634002237e-06,0.019142968011959013,0.0009176273848449596,0.0004012286447290821,0.010416792119575968,0.0002237355428000541,2.009081733586384e-06,2.499184347797763e-06
59,1.4307114515460708e-05,6.958429835729256e-05,0.0010810603437582846,1.5231234114885549e-05,7.32987704221172e-06,0.9573864371673396,0.00134897430732892,7.427650117012137e-05,1.0377770712389507e-05,9.284107906847743e-05,0.00032682513788012766,6.445064384431355e-05,0.00035772339371756875,0.0004643178548000611,0.005313015352556243,0.0005660699904237427,0.0013432857753603732,3.279495586732763e-06,0.018909533880461026,0.00099503543077222,0.00042535867485993007,0.010893754103690504,0.00023197676515540518,2.3977927825261633e-06,2.5560147014231574e-06
60,1.3568482717177875e-05,7.627471211252149e-05,0.0008830227530648007,1.272964025280314e-05,7.210480064962488e-06,0.9577919605180824,0.0014350327758480127,7.624665751489987e-05,9.272863244248728e-06,7.782724343074697e-05,0.0002733865559599491,7.938799011578438e-05,0.0004031514867929866,0.00043853635662269725,0.004140031549028882,0.0005713945609629478,0.0013294216460596356,3.4743129121852298e-06,0.02073635892716677,0.0009354733363963048,0.0004156254411941261,0.010065154258332508,0.0002214569630076436,1.4456788429462128e-06,2.5548102720011135e-06
61,1.46898841420244e-05,6.904021530092092e-05,0.0011525056368121365,1.5177416616776555e-05,7.142739515423659e-06,0.9580696756884279,0.0012611816649518248,7.887465214044888e-05,9.3434722596134e-06,8.622983495702154e-05,0.00030657790933403,6.695614926177686e-05,0.000374242007824242,0.00043227756596616224,0.004792110112536271,0.000548173539052549,0.0013577874100591477,3.3292050733023907e-06,0.019404657439409008,0.0009667268578812508,0.00042939574751228607,0.010333907797537619,0.00021561022266092096,2.1012813154143556e-06,2.285549451797246e-06
62,1.3568482717177875e-05,7.627471211252149e-05,0.0008830227530648007,1.272964025280314e-05,7.210480064962488e-06,0.9577919605180824,0.0014350327758480127,7.624665751489987e-05,9.272863244248728e-06,7.782724343074697e-05,0.0002733865559599491,7.938799011578438e-05,0.0004031514867929866,0.00043853635662269725,0.004140031549028882,0.0005713945609629478,0.0013294216460596356,3.4743129121852298e-06,0.02073635892716677,0.0009354733363963048,0.0004156254411941261,0.010065154258332508,0.0002214569630076436,1.4456788429462128e-06,2.5548102720011135e-06
63,1.3827515088376669e-05,8.424368344706904e-05,0.0008774829675514023,1.219301241966654e-05,7.3438782026502016e-06,0.9573007120963595,0.0014497176225428611,7.54552726088392e-05,9.621017908270454e-06,7.69201295868393e-05,0.00027488329056013044,8.183951118943751e-05,0.00041039550002504034,0.00043490985252917197,0.004167914691670695,0.0005516678357572469,0.0013327127913984411,3.39283771909345e-06,0.021111933097622982,0.0008858146991048398,0.00041152481565584476,0.010208752630868012,0.0002127314681575526,1.4066629548277317e-06,2.6031190715993245e-06
64,1.3386986885372268e-05,8.19017487479681e-05,0.0010047168922261613,1.3724781071946788e-05,8.099480688832183e-06,0.9532005948722523,0.001526965671065964,8.504465516703028e-05,8.317120097312746e-06,8.128398205000179e-05,0.00028785860125315837,8.243016762459013e-05,0.0003844943687797908,0.00042110035654489614,0.004958401559325826,0.000535710043146394,0.001189250085416361,3.2111189417162744e-06,0.02329750782035537,0.0009628205812592013,0.0005982370870856371,0.011021503414826904,0.00022944482663179183,1.4363523632720981e-06,2.5574261921734245e-06
65,1.2097293100078878e-05,7.236027574185499e-05,0.0008917599808141041,1.2266798134631774e-05,6.876132182606102e-06,0.9593897452162109,0.001365310620100623,7.285455807647418e-05,8.340262742712359e-06,7.115094196743215e-05,0.0002640961257104104,7.168037593240952e-05,0.00037749459994117104,0.0004044579995831443,0.004342940503466501,0.0005325068529045552,0.0012223794623530235,2.9712627662628556e-06,0.019877442469457805,0.0008686167128949747,0.0004072390709303985,0.009512971325619011,0.00020879473107224196,1.3792057643526014e-06,2.267222532217641e-06
66,1.619375836982738e-05,8.222173820025938e-05,0.0013014595439707812,2.0615838263241425e-05,1.1497776727835513e-05,0.9565576276872221,0.0013470237286116237,7.03407351145203e-05,9.022597747064863e-06,0.00012311948727945375,0.0004109238005301956,0.00010933139263126466,0.0005011532760723245,0.0006746431611600081,0.0038589433910673275,0.0007627550151546791,0.0014948736851007663,5.4958872666467126e-06,0.020031714273007588,0.0010590356490140665,0.0006071520319776557,0.010735178227272324,0.00020503876795822045,2.005981675232187e-06,2.6325686050971068e-06
67,2.8373232371213165e-06,1.9091800607204376e-05,0.00027482924161290105,4.767067655694333e-06,1.5431074901241021e-06,0.9840408487745449,0.0006091689626847485,1.5087679271296556e-05,1.8614929350958682e-06,3.0814499939033104e-05,0.00011693493831925991,3.928343587422592e-05,0.00014025297354955933,0.0003761394085375241,0.0019741101189934586,0.0002389045154294353,0.0007621889778840242,2.0718807709544375e-06,0.005454114775958114,0.00086814629035998,0.0002344454346657052,0.004585899684018414,0.00020422763356262467,7.898239105895803e-07,1.6401581880857754e-06
68,1.4085426172246227e-05,7.223454329023767e-05,0.0009396089912285905,1.3892700964077274e-05,6.867839606627286e-06,0.958183938531003,0.0015155437697157218,8.285998922356618e-05,8.786165594088977e-06,7.771162584122165e-05,0.0002723080026995101,9.016990870617461e-05,0.0004689135601005622,0.00046279128113038914,0.0036740880408343123,0.0005930678439956982,0.001469028597631547,4.287296301917869e-06,0.020407511346752,0.001043020620537705,0.0004283528904303769,0.009940574475705144,0.00022636610858515268,1.4037074015533055e-06,2.5867365482207276e-06
69,1.141774389405223e-05,6.554456655975859e-05,0.0008037076522323473,1.0217705501773793e-05,5.557038897999526e-06,0.9587041437713124,0.0012406544423218574,6.697097631043602e-05,6.784017605256889e-06,6.625811318832391e-05,0.0002489868872859975,7.957733313887345e-05,0.0003836378747055826,0.0004011283641727622,0.003661738520537091,0.000481216702195706,0.0012459435721533841,3.126004504895834e-06,0.02101067102949901,0.0009567062068471117,0.0004163705828517246,0.009917896824009939,0.00020838343196824557,1.205280398059643e-06,2.155357907465721e-06
70,6.292201010928e-06,3.409156722516681e-05,0.0005673490404137334,1.5358468325603644e-05,5.075046413483815e-06,0.9791149166064544,0.0009779198859783203,5.1804947629347436e-05,8.46355236865607e-06,6.420634153067409e-05,0.0001560122821480038,4.729260562273544e-05,0.0003093693950755513,0.0004050066087159508,0.002157615572435556,0.0006881718768359738,0.0012596969755511093,2.8782291241218775e-06,0.00796753867852335,0.0009331704447136885,0.00020591868931285094,0.004823601048816034,0.00019548221020510904,1.2592684670756153e-06,1.5084571025538686e-06
71,4.04927283181553e-05,0.00014457131437381124,0.0008162223375206403,2.5663262122953522e-05,2.158968522391651e-05,0.9306750443124908,0.0031043989268216663,0.00018073693277604,3.8088033267970334e-05,0.00019723015382678316,0.0004838422751701678,0.000191723207063867,0.0008417237729458945,0.0008872652009862569,0.004804970092086935,0.001866642519657165,0.0024415387986352947,1.204453836696532e-05,0.03367321177672258,0.0021848640709312083,0.0006160167632544573,0.016160464686726866,0.0005804371833511108,2.788176076697387e-06,8.429251281799068e-06
