,0,1,2,3,4,5,6,7,8,9,10,11,12,13,14,15,16,17,18,19,20,21,22,23,24
0,0.00030701602308359885,0.0014477571588783866,0.010152470421314518,0.00011794316254931727,0.00014409735178876819,0.8499831613563925,0.002810522677375442,0.0003682987143359403,0.00012317244499520963,0.00028377097579938956,0.0028879325694620116,0.000808728193206796,0.0029601286244733908,0.0024352957779007712,0.008497954984729453,0.000896997992639931,0.007725336020616651,3.5752417696082745e-05,0.06500910682906788,0.0010998087379910156,0.001769698987221517,0.03969209083515993,0.0004172710037890374,1.1074226277239534e-05,1.4612513255499003e-05
1,0.0003319465903837971,0.00130578234076361,0.009207189899738096,0.00010787503075231625,0.00014043863805412977,0.8545239307748355,0.0026192101750910847,0.0004264964068157897,0.00020043795888094817,0.0003923661037210106,0.0021395811494856263,0.0005123808767134422,0.002602048401876592,0.0016406916616366048,0.007228195523761528,0.0012491737546179269,0.006823834513704731,2.5711916713641894e-05,0.07364327647603273,0.0011084832111266582,0.0011481009102253237,0.03227125366038379,0.0003279881627499018,1.2242519643360298e-05,1.1363342291958784e-05
2,0.0003328387527407963,0.0011954088174292111,0.010116457226770384,0.0001002332570988083,0.00018293520966764247,0.8028307655340169,0.0035764226282881265,0.0005126521225416256,0.00019761254062389906,0.00041648364350711336,0.0022447067840458464,0.0005230238268576717,0.0022055370870500066,0.002544078177183817,0.011929950411938204,0.0009042265349897255,0.005305444286292021,3.2340975813189975e-05,0.09077558255635175,0.0022876215700942024,0.0018137185724386958,0.05930414445191427,0.0006297219923413715,1.4022344029588855e-05,2.4070695975086076e-05
3,0.00028926314180305503,0.0013481156288590859,0.00968430956037378,0.00011104457423676071,0.00013418064279836287,0.8529733996378388,0.002734793244466955,0.00035975895744414063,0.00011724029590079357,0.0002827635366179926,0.0026979111604958144,0.0007648456962361526,0.0028067136633505383,0.0023139593851156984,0.008314723001044305,0.0008872089845062308,0.007301305969440212,3.3804607061893454e-05,0.06470298719697218,0.0011281264846868266,0.0017306451800278976,0.038851742866735754,0.0004064647003260251,1.0748654982778464e-05,1.3943228678014111e-05
4,0.0002742877686931461,0.0015618730468172455,0.00942409762579168,0.00011952872590419653,0.0001426774580529791,0.8525970256883182,0.0027921124207212736,0.0003430593022594693,0.00011165781417614368,0.0002557571599282203,0.0032006459413425553,0.0010072734523528075,0.0037489218363273183,0.0027383088746649594,0.007340870409275133,0.0008772634137269426,0.008402741235967525,3.857269300984288e-05,0.06314782903976332,0.0010605981434932985,0.0017658865155490175,0.038607647783008334,0.0004176306131202559,9.713917109113692e-06,1.4019120626983488e-05
5,0.000423482686629788,0.0011905959919675856,0.011204179088814338,0.00017333887500756173,0.0001471609331132353,0.8501345950804396,0.003188850756294807,0.0004272536107561689,0.0001387436540329099,0.000401688419591002,0.0031514949178896813,0.0009955241892095766,0.0032801086582719676,0.0032476784698580352,0.00729501716211467,0.0011627789416185728,0.010038126409031912,7.202906089797858e-05,0.05681695782453176,0.0017286044713339425,0.002105661140789164,0.04209383743447987,0.0005449057577190583,1.7167894586836764e-05,2.021857101982131e-05
6,0.00028926314180305503,0.0013481156288590859,0.00968430956037378,0.00011104457423676071,0.00013418064279836287,0.8529733996378388,0.002734793244466955,0.00035975895744414063,0.00011724029590079357,0.0002827635366179926,0.0026979111604958144,0.0007648456962361526,0.0028067136633505383,0.0023139593851156984,0.008314723001044305,0.0008872089845062308,0.007301305969440212,3.3804607061893454e-05,0.06470298719697218,0.0011281264846868266,0.0017306451800278976,0.038851742866735754,0.0004064647003260251,1.0748654982778464e-05,1.3943228678014111e-05
7,0.00032500222658883007,0.0015840027408994771,0.012566432251136522,0.00011242146878624459,0.0001389017917877539,0.8387339628824932,0.002656539234051822,0.0004049966820756525,0.00010518285761657546,0.00025620228012789513,0.003110972140762196,0.0008320435223276417,0.0036815231497771624,0.0020615981857136753,0.008176049778848286,0.0008015457771306082,0.007400465548037635,3.232672426120717e-05,0.07568795821106461,0.0010304324775357507,0.0017662674562070873,0.03817625078545133,0.0003374097643458877,1.0425500953759936e-05,1.10865620191135e-05
8,0.00045880268215312155,0.0012888371136587102,0.015271545615009458,0.00020741036259821553,0.00022446208604399816,0.8311656634275445,0.003319266763131424,0.0003232946992081198,0.00028172953162643795,0.0006680754851845443,0.004092384263725616,0.0003905998166501755,0.0015171061197533666,0.004249822490609966,0.02044534728884439,0.0009059521430771898,0.006343276150565715,4.288049957642903e-05,0.046834052922946214,0.001746489334511321,0.002269526261472689,0.05709602172582943,0.0007606274253595583,5.843045215759654e-05,3.839533876163763e-05
9,0.000319073694868991,0.0008015808482545194,0.016396606442300475,0.00018070131233756574,0.00013265339264616002,0.8568775485732125,0.001649610165787514,0.0003709364703003798,0.0001491283819758214,0.0004730399929095913,0.0032034964681674103,0.000399897666188647,0.002124262049530144,0.0027258920531543877,0.009944452971033177,0.0009005929385077073,0.007254833021540645,3.0349236024713835e-05,0.0504372134619518,0.0017010674970446365,0.0018076403662173662,0.041565714259366573,0.0005104988966866508,3.16580821421217e-05,1.1551757850412498e-05
10,0.00028926314180305503,0.0013481156288590859,0.00968430956037378,0.00011104457423676071,0.00013418064279836287,0.8529733996378388,0.002734793244466955,0.00035975895744414063,0.00011724029590079357,0.0002827635366179926,0.0026979111604958144,0.0007648456962361526,0.0028067136633505383,0.0023139593851156984,0.008314723001044305,0.0008872089845062308,0.007301305969440212,3.3804607061893454e-05,0.06470298719697218,0.0011281264846868266,0.0017306451800278976,0.038851742866735754,0.0004064647003260251,1.0748654982778464e-05,1.3943228678014111e-05
11,0.00027883131201461537,0.0014011128901027714,0.009544294590969074,0.00011255836962720042,0.0001309480593274263,0.8529086851370152,0.002734721801514275,0.000376295613078186,0.00011051888404566741,0.00026010949395568035,0.002739535447288049,0.0008492054557972117,0.0032571451389937396,0.002257728858364753,0.00764728193591219,0.0009062934479425129,0.007730940740312879,3.397017620038225e-05,0.06647316652195895,0.0010740704695402481,0.0016788329882643103,0.03708152478689972,0.0003898866097366952,9.649260819289108e-06,1.2692010319128501e-05
12,0.000203612494667524,0.001824449877582775,0.006516845582474194,9.284134842820948e-05,0.0003526856293115008,0.905161461606666,0.002705566237799702,0.0001269214412166235,9.960150890320272e-05,0.00017212203333877722,0.0022152888904664425,0.0012554665911672885,0.0021270302445354433,0.00554263950356313,0.005348549693769995,0.0006061220823021984,0.004317499945452329,6.990478476550902e-05,0.03703892729075846,0.0015755958934692955,0.001767405693747813,0.020141022823536407,0.0006899662030805875,6.0776872102852725e-06,4.2394911786482214e-05
13,0.00030771850198811233,0.002321120956943967,0.013936581444373626,0.00022037881655998195,0.00027315948617703237,0.8039098318978408,0.002460812281335459,0.0002525024857045422,7.979256541342303e-05,0.00017595754636741143,0.018270525573195362,0.0019927709676300265,0.007904494000678015,0.005076603699823025,0.015483215903703529,0.0009206246416806036,0.010166929683673625,4.195227323119413e-05,0.07370316928738657,0.0006982404624327499,0.003482617117659302,0.03759506172545533,0.0006981152512366014,1.7059180218549648e-05,1.0764249291068156e-05
14,0.0002927416597646528,0.0013385707834490889,0.009808894555319551,0.00011353629553729439,0.00013469271929407027,0.8522685013314718,0.0027625610496376744,0.0003660336886999597,0.00011994531199297016,0.00028836060305525855,0.0027075902173529583,0.0007583111147566224,0.002795341733372271,0.0023366486624630312,0.008436002031709404,0.0008938358137974407,0.007407121529040667,3.4232200031563626e-05,0.06432245535553177,0.0011451547319180251,0.0017396732640435797,0.039491618786225584,0.0004129148291132859,1.1065547585431954e-05,1.4196184836226036e-05
15,0.00028926314180305503,0.0013481156288590859,0.00968430956037378,0.00011104457423676071,0.00013418064279836287,0.8529733996378388,0.002734793244466955,0.00035975895744414063,0.00011724029590079357,0.0002827635366179926,0.0026979111604958144,0.0007648456962361526,0.0028067136633505383,0.0023139593851156984,0.008314723001044305,0.0008872089845062308,0.007301305969440212,3.3804607061893454e-05,0.06470298719697218,0.0011281264846868266,0.0017306451800278976,0.038851742866735754,0.0004064647003260251,1.0748654982778464e-05,1.3943228678014111e-05
16,0.0003459212661054899,0.0012214449804509111,0.008529208443849865,0.00014700828736446004,0.00012506634675821948,0.838373141455338,0.00359142271594616,0.0002934000451843969,7.898346726430956e-05,0.0005651846397595067,0.003031132756737855,0.0017848659931635953,0.002568392293923568,0.0047146034971777715,0.006660934566019895,0.0011235689731360664,0.009927210472451842,0.00011522751110276974,0.05169065690655728,0.0018717266064189621,0.004649645978025834,0.05806213216051199,0.00048782192786879107,1.2219275174255352e-05,2.9079433707950786e-05
17,0.0005093499599956266,0.0020662805063832936,0.011046841022387765,0.0001394941278578009,0.00017374314441703366,0.7679606363573181,0.0036438519440452166,0.0005052035716551214,0.00010178508424079838,0.00030928241143124283,0.0037512670260516153,0.003415553374161631,0.006004218280557352,0.005821297090706901,0.00540394379294824,0.000926239511033059,0.015678826778954914,0.00015672886007639408,0.0894659762086496,0.002228508707165681,0.003723000263173399,0.07612474883766307,0.0007967495374615314,8.746843244066247e-06,3.7726758420527014e-05
18,0.00048039637001096253,0.0019230251126771596,0.0055128048060116034,8.496339469271534e-05,9.718980118474156e-05,0.7906613060419964,0.004450847217936138,0.0004000100277699549,0.0001657540704089425,0.00042561807779810715,0.0024160861689182297,0.0020319445192056806,0.003675950385362452,0.004626536133031066,0.00539545127122884,0.0010081286256819525,0.01693878155566262,0.00012284853081828695,0.07049495874832931,0.0018680413166780202,0.002097698687771469,0.08434776426471492,0.0007091480260637205,9.481182971422554e-06,5.5265663075356476e-05
19,0.00028060825668364077,0.0016950914438652541,0.013641440386913018,0.00014567379657122115,0.00020094435319294797,0.8212796947512278,0.0032733741200182353,0.0004954883201931991,0.0001188718525354662,0.0002597386721868104,0.0031672231649773576,0.001169257945695798,0.004428714183878794,0.0027597632658839808,0.008474076524411959,0.0008868248616769475,0.007968660535371886,3.9487465150388316e-05,0.07816615216550862,0.0012817359581086254,0.0020580788906596815,0.04780746063833864,0.00037903059353207834,9.432852327545018e-06,1.3175001090368013e-05
20,0.00019415725282508742,0.0011731095966506953,0.010085871162530445,0.00010543617889901887,0.00012117131359804793,0.8006051783932543,0.003805085637495012,0.0005135475124707775,9.909712677332107e-05,0.0002461226843183611,0.003155889235398948,0.0005149283479201146,0.0022757377380711588,0.0017792445899081895,0.021403874010507803,0.0007363482518747786,0.005214121969455141,1.5699333075087347e-05,0.08148750166814271,0.0010598087834910808,0.0024702362594638348,0.06244048301365157,0.0004745975427829573,1.1111069269755748e-05,1.1641328171911127e-05
21,0.0004288184706961672,0.001836345991564774,0.010450594084088894,0.00013953299107339823,0.00020412139207253422,0.8398438522493663,0.0024790650437502733,0.0003012668735083436,0.00011911357139058853,0.00045091907050292277,0.0038474618721418457,0.0014792907973353708,0.00339815380236175,0.0037454140494048937,0.006374775797711994,0.0011131705508248162,0.008201781055752045,7.009250763590684e-05,0.07039904216911783,0.0014270258205768083,0.003054808393802326,0.04015705519374241,0.0004453929555848841,1.313718496958889e-05,1.9768111023582734e-05
22,0.0003677589794067199,0.0010658150756905863,0.01324757462814696,0.00016490829278073278,0.00010741850125785202,0.8474325203836971,0.0021003675421528206,0.000363530735777261,8.786712129597465e-05,0.0004028727187372346,0.0037671937726049256,0.0010150433282465014,0.003101761182836607,0.0026969569813535357,0.007153889182855754,0.0010621975718223724,0.011543771654371215,5.406447668730644e-05,0.0571119918194135,0.0012178461499362811,0.0025141281313530565,0.043025783152852375,0.0003682870213765398,1.5562370776360807e-05,1.0889224570265294e-05
23,0.00028926314180305503,0.0013481156288590859,0.00968430956037378,0.00011104457423676071,0.00013418064279836287,0.8529733996378388,0.002734793244466955,0.00035975895744414063,0.00011724029590079357,0.0002827635366179926,0.0026979111604958144,0.0007648456962361526,0.0028067136633505383,0.0023139593851156984,0.008314723001044305,0.0008872089845062308,0.007301305969440212,3.3804607061893454e-05,0.06470298719697218,0.0011281264846868266,0.0017306451800278976,0.038851742866735754,0.0004064647003260251,1.0748654982778464e-05,1.3943228678014111e-05
24,0.0002688363680962163,0.001518579692740457,0.009916613755274034,0.00017696374641323412,0.0002431114669409365,0.8648281159173012,0.002608293671526513,0.0003380692352865773,0.00011748191901950669,0.00025149905960867886,0.0036260477721340423,0.0013066253234107102,0.004449632420452352,0.003813330524400325,0.006175528089055212,0.0012017294838313774,0.007938293813059208,5.2221720465633544e-05,0.058077552061338904,0.0012356894748450514,0.0018976402940279224,0.029417800429758986,0.0005159643161224865,9.935414198149548e-06,1.4444030692233036e-05
25,0.0005339477150091777,0.00144438812554389,0.017959100979401923,0.0002433478335359319,0.00021255332822499157,0.7533983077282861,0.004322997195153048,0.000997937515613182,0.00010944969027471594,0.0003295870354010781,0.0058119687286566765,0.0014003479287389771,0.007083810927183288,0.0024810413629042924,0.011320676299772892,0.0015445536858744726,0.010278419861399723,5.9847354344921276e-05,0.1247399474559617,0.0016312412354460152,0.003522747605571736,0.04996105632376011,0.0005886014963985339,1.2885155001512901e-05,1.1237432541107982e-05
26,0.00047492455377136177,0.001310371023914451,0.009802966056682128,0.0001720533143252418,0.00016166702632388458,0.8714220066289009,0.0025949715509604124,0.00043419907268107445,0.000313262248270129,0.0003137166021399428,0.0031113723476080346,0.00047696503022137394,0.002484387313200848,0.0022487394505665936,0.009728539402953972,0.0010225886947628174,0.009569683070035322,3.4111402476490814e-05,0.04888835532565679,0.0013784002344877351,0.0012636675513661953,0.03195011310278126,0.0007929123513748523,2.9857281117695148e-05,2.0169363420549977e-05
27,0.0005861442533574722,0.0016405809393538336,0.027778843539078335,0.0002491695879764929,0.00015784403625754447,0.857452495068028,0.0007687686007064271,0.00026624149021187247,9.539471336288888e-06,8.521107965945076e-05,0.00426184977273527,0.005030386911718259,0.010186011436692616,0.002161795780691924,0.001091976460537463,0.0009007194475938012,0.01173088007555156,0.00016686645149624488,0.06472731966584297,0.0004330094926841383,0.004410367876166433,0.005725962835917084,0.0001725875288254043,2.587695197664052e-06,2.840502383373539e-06
28,0.00028926314180305503,0.0013481156288590859,0.00968430956037378,0.00011104457423676071,0.00013418064279836287,0.8529733996378388,0.002734793244466955,0.00035975895744414063,0.00011724029590079357,0.0002827635366179926,0.0026979111604958144,0.0007648456962361526,0.0028067136633505383,0.0023139593851156984,0.008314723001044305,0.0008872089845062308,0.007301305969440212,3.3804607061893454e-05,0.06470298719697218,0.0011281264846868266,0.0017306451800278976,0.038851742866735754,0.0004064647003260251,1.0748654982778464e-05,1.3943228678014111e-05
29,0.00028926314180305503,0.0013481156288590859,0.00968430956037378,0.00011104457423676071,0.00013418064279836287,0.8529733996378388,0.002734793244466955,0.00035975895744414063,0.00011724029590079357,0.0002827635366179926,0.0026979111604958144,0.0007648456962361526,0.0028067136633505383,0.0023139593851156984,0.008314723001044305,0.0008872089845062308,0.007301305969440212,3.3804607061893454e-05,0.06470298719697218,0.0011281264846868266,0.0017306451800278976,0.038851742866735754,0.0004064647003260251,1.0748654982778464e-05,1.3943228678014111e-05
30,0.00028926314180305503,0.0013481156288590859,0.00968430956037378,0.00011104457423676071,0.00013418064279836287,0.8529733996378388,0.002734793244466955,0.00035975895744414063,0.00011724029590079357,0.0002827635366179926,0.0026979111604958144,0.0007648456962361526,0.0028067136633505383,0.0023139593851156984,0.008314723001044305,0.0008872089845062308,0.007301305969440212,3.3804607061893454e-05,0.06470298719697218,0.0011281264846868266,0.0017306451800278976,0.038851742866735754,0.0004064647003260251,1.0748654982778464e-05,1.3943228678014111e-05
31,0.0007310108011104995,0.0017960592206777107,0.02183023570322738,0.00013224077313486127,0.00017773880890720975,0.7479668848293055,0.0031063155982876574,0.0008884820430362665,0.00011604525082350929,0.0003302303349813621,0.0024598052693614795,0.0013327841712998144,0.00478256851380339,0.0021862793388055376,0.006625823286279707,0.0008904404461358188,0.009518253529130508,7.643490384911652e-05,0.13671503439095933,0.002046752816656895,0.002637108915934034,0.05317620627924417,0.00044745624546268484,1.058107266573093e-05,1.9227456919757337e-05
32,0.00027497539963515906,0.001342403645272371,0.009412216466993525,9.594545958261962e-05,0.0001330640119171165,0.8388769468421582,0.002731156626633832,0.00038243114275493924,0.00010756377749011324,0.00026375324328931456,0.0025466491142645733,0.0007728087990830437,0.002859079343305341,0.0021412427414808526,0.008385519795604228,0.0008760187296702671,0.006695397380376644,3.032832162528266e-05,0.0779652528966645,0.0011598416050177319,0.00171041172921177,0.040814362581689356,0.00040036276696567015,9.072607500365489e-06,1.319497181328169e-05
33,0.00025729241699008304,0.0013486094878149874,0.007895464470449788,0.00010688089223618883,8.59766729297673e-05,0.843039655169469,0.0026619020249309196,0.00040361837224916846,9.606545688397024e-05,0.00026886567159949707,0.002487614979037902,0.0014706109822491694,0.005320508362244569,0.0027542711168469574,0.004021015243957223,0.0010705046179786022,0.014175865323519325,5.1502171461345755e-05,0.06261791525888029,0.0010547176961172655,0.001312505089384391,0.04718320431372736,0.0002985563953057364,6.424649331345833e-06,1.0453164405202771e-05
34,0.0002996039593492927,0.0013882393774587959,0.009875014668728598,0.00011075226491827562,0.00013730202838104074,0.8490317501608603,0.0027422924477334743,0.0003652622940665349,0.00012028871194659037,0.0002853051554145212,0.0027672826070378204,0.0007702443137999535,0.0028556610269189955,0.0023308380588691487,0.008452488797802898,0.000882448115467938,0.007322488953255273,3.386006852615645e-05,0.06722155841419611,0.001133436402771357,0.0017409232763226786,0.03969570874037378,0.0004120529314970547,1.0979225921505378e-05,1.4217998381902307e-05
35,0.006069478230471571,0.004785755090478878,0.02131675273043366,0.00017012590792628374,0.00014550163224879016,0.5357711890183429,0.004747168034262952,0.00271633722179958,0.0005337538010417275,0.0011540466775634046,0.0025305155092630338,0.004526745079390243,0.010518317870396296,0.0020175274452065343,0.0024952930057390355,0.0020228259341733717,0.046014988463185476,0.00044392043150231006,0.24491370888597805,0.0021663054388463667,0.0024983150299114827,0.10207671656608192,0.00030865797022228906,1.540239828630247e-05,4.065162724765247e-05
36,0.0006061145366716492,0.002005178981197748,0.03014557526697626,0.000200146354584463,0.0005320161392157383,0.8064296968287389,0.0026636670699544027,0.00022626570543147462,9.679954748728189e-05,0.00042287341877146807,0.007621353558755518,0.00045762821778227964,0.0020614026567930856,0.0033763700323128976,0.02006660497844275,0.00055973278965083,0.002322747503255465,3.872182476822289e-05,0.08740215434130184,0.0013859216748521848,0.005383330972530222,0.02535200666244669,0.0005826954383540082,3.74864379757686e-05,2.3509061748779577e-05
37,0.0007922150370436833,0.0014491655647762304,0.021439096748222475,0.00023081977596641382,0.00018092098833728739,0.8159750087571838,0.002770598862339478,0.000422032654539815,0.00013686541719770096,0.00047014590625786524,0.005535606746833283,0.0011174210970393912,0.0038091821331150367,0.0037032702345548116,0.00921061111429963,0.0010549004970001224,0.011393383835731803,9.889546138411014e-05,0.07109569712910771,0.0017238928078145768,0.002641239682586724,0.04414734569684467,0.0005444895470687969,3.58924927801121e-05,2.1301811974458066e-05
38,0.0003446841873252368,0.0015371535340924333,0.010983883295692722,0.00012683889492335308,0.0001593688784430294,0.8407136003044512,0.002935462538699702,0.00039017305289928793,0.0001444296885111293,0.0003245909774479888,0.003023800340219621,0.0008338642564252105,0.0030317378227961993,0.002706145422265697,0.008809207027185628,0.0009010951328759843,0.008049898983398206,4.0036787516508826e-05,0.06714961616497954,0.0012371020905482108,0.0018468246889604956,0.0442374606103818,0.00044305617254036106,1.2958363429551343e-05,1.7010783991129298e-05
39,0.00021909291147902832,0.0009193207624444216,0.007864750761735734,9.285034497241953e-05,9.253852326533612e-05,0.8507349123219979,0.0031056409965942913,0.00047708927602686454,7.238024544307822e-05,0.00022340023686802816,0.0016371281102848358,0.0007371626769259819,0.0022703171825823763,0.00157468970639701,0.008345742078293458,0.0009102732556041867,0.006617492378699576,3.0014387920183732e-05,0.07074772459136809,0.0013101079165423173,0.0021846756189574236,0.03935441260976305,0.00045842595209922844,6.323028269693457e-06,1.353412546541933e-05
40,0.00022583409970723605,0.001607387028409513,0.011581224022726157,7.717737462329434e-05,0.00015567439140848382,0.8494965119507478,0.002078090230672106,0.00025422762785314853,7.773113137209306e-05,0.0002080559192454543,0.0024785170998401942,0.0008192462267532692,0.002392149530888619,0.0023036451775941013,0.008549417570307812,0.0005798685626799034,0.005147764274928733,2.5919293762386582e-05,0.07090124546565765,0.0009473937792545764,0.0017359623877395065,0.03804308093793424,0.0002941335437134057,7.6636663598469e-06,1.2078705820420551e-05
41,0.00016663287616098074,0.0022374679068174435,0.009403017355972581,0.00011862606480416565,0.00025563095792360016,0.9312534096679912,0.0013509606563833917,0.00022424566887044547,0.00028569583166097705,0.00020663274621586048,0.0015747375844400117,0.00026830602461852315,0.0022104815635437696,0.001203059527239036,0.005139963351350679,0.0008188763208788924,0.004165612158545213,8.53736611935845e-06,0.027958175299672355,0.0003809880057540918,0.0004961106121181256,0.01010650286022824,0.00015271282573984943,8.692721036474961e-06,4.924045914776548e-06
42,0.0002883205729804949,0.0013473976638291646,0.009807007679608466,0.0001095944896827255,0.0001328978656268539,0.8496932870756592,0.002729354555890482,0.00037038007306207507,0.00011598432048235632,0.00028314531291471633,0.0026698349693300904,0.0007670369847014081,0.0028201636923570264,0.002267328557981192,0.008372899572239316,0.0008852822104381417,0.0072931583122985396,3.305892053292536e-05,0.06684003775855625,0.0011315848950073368,0.0017504651718545177,0.039867102804299955,0.00040051319954472175,1.0539577111964281e-05,1.3623764010432454e-05
43,0.00024791516577012915,0.0007795135708105465,0.007735938104133339,8.88766040301047e-05,0.00010323066888382364,0.8412746891120663,0.002532670125503736,0.00039749228959994553,0.00020424461102281944,0.0008454217241695269,0.0015212342441968155,0.0002672241590208188,0.001357128824584126,0.0018443760494927259,0.008463864053888555,0.0010718493336705976,0.004985898159684425,2.0316436083247976e-05,0.06632076719747272,0.0019795135750684647,0.0015166672641604062,0.05606745330337239,0.0003438083330121336,1.6219493988003865e-05,1.3687596314485703e-05
44,0.00028926314180305503,0.0013481156288590859,0.00968430956037378,0.00011104457423676071,0.00013418064279836287,0.8529733996378388,0.002734793244466955,0.00035975895744414063,0.00011724029590079357,0.0002827635366179926,0.0026979111604958144,0.0007648456962361526,0.0028067136633505383,0.0023139593851156984,0.008314723001044305,0.0008872089845062308,0.007301305969440212,3.3804607061893454e-05,0.06470298719697218,0.0011281264846868266,0.0017306451800278976,0.038851742866735754,0.0004064647003260251,1.0748654982778464e-05,1.3943228678014111e-05
45,0.0001564051112252241,0.0007661556470919421,0.008371203878347663,9.218658068792197e-05,8.65802007540572e-05,0.8747692931608393,0.0028273489031496574,0.00042414575282697666,8.413315839357475e-05,0.0002026444334466243,0.0017643081871589388,0.00034157836099240333,0.0018734134934892894,0.001090125952540344,0.012103852399156904,0.0008938438735497311,0.004484100121037087,1.2890428483485825e-05,0.05842078158058642,0.0008840674621517064,0.0012372437901778833,0.02880947030095261,0.00028972036663922553,8.158588389431157e-06,6.348267931684598e-06
46,0.00024355985324834854,0.0006009301983942139,0.005617945307577682,0.00013608514505632964,2.3698264232187318e-05,0.9079537825250257,0.0012000257785194258,0.0003837661415445494,5.097956534362312e-05,0.00016595758840774006,0.0018051923030145691,0.0009923440357453778,0.0030719820302172215,0.001028126050581313,0.0028968935215081446,0.001162627309274233,0.023080493992694386,3.624888899550409e-05,0.027396202746247798,0.0005701249991301025,0.001259762046731143,0.020048714474972928,0.0002625956756152151,8.342362763795576e-06,3.6191951584418226e-06
47,0.00025983127731833494,0.0012174048137310219,0.009916632505139945,0.00012738199347926606,0.0001447509288330956,0.8670533805120562,0.0026255560546258137,0.00033096410315400953,0.0001148467120573005,0.0002709440998348415,0.002885285923416851,0.0006618144554726343,0.0026968871726586355,0.002435102840675366,0.00875211400168225,0.0008997472261721083,0.006763380860599512,3.137233498199182e-05,0.055956112442868446,0.0010923455512671962,0.0016797211983638066,0.03362716227506308,0.0004325012094152096,1.1814157195021034e-05,1.2945349937936464e-05
48,0.00036727577974355984,0.001496034254780213,0.01198539981734033,0.0001459198048391893,0.00021191150191090925,0.8313029449019,0.0032583009094636216,0.00035743904703759824,0.00015159848736701995,0.00040633328104968763,0.0036398902986508204,0.0008515678530705666,0.0027966624795075644,0.0035434291344738156,0.01067140535036023,0.000999050217560438,0.006986495650700796,4.908136137425301e-05,0.06748975464873393,0.0015326170416036277,0.0023035970550291125,0.04887554644931421,0.000538392859359029,1.6817408868687112e-05,2.2534405960874757e-05
49,0.015923045992572635,0.001895680730697318,0.004078954929992426,0.00457562536923081,0.0025647208642572274,0.4895363818500031,0.04306473420068752,0.005918767320901081,0.028592743171132858,0.0026768300939688104,0.044060255758942735,8.517161471992924e-05,0.006277228752028084,0.004342600778707961,0.09130328815472018,0.03744256121650839,0.013019225708740307,0.00011305685914831652,0.1313357772875235,0.0020851916421550432,0.0022126512062973732,0.011864056262890815,0.055915638487101633,0.0007935468049406735,0.0003222649421313622
50,0.0005937265636256918,0.001804246687336695,0.010211305141212358,8.448376754383499e-05,0.00021440509716612048,0.6022943195181679,0.0109828617108654,0.0008241275903754317,0.00032915847003708035,0.0012567643881248992,0.002005452798682931,0.0006184798256842423,0.002441911105655439,0.0032984159754059716,0.015629307162574824,0.001183138459319557,0.005443927431951865,6.0527651798353583e-05,0.18088605185060547,0.0032085185238024667,0.002543088429714274,0.15349571178826793,0.0005008515519559798,1.439219179406623e-05,7.482631833111232e-05
51,0.0003575098927858593,0.0026327416536754134,0.015774755501474273,0.0002211823790282184,0.00021365298845059163,0.85864190084258,0.0023751151803687275,0.00039881063113225484,0.00019342157282335815,0.00034398952675074437,0.004488626122199247,0.0009471403179434347,0.004480177490612105,0.002755803904955533,0.008091938130319266,0.0008694336268947555,0.010279357469940619,3.073338459408799e-05,0.04793176984178254,0.0006184753159104234,0.0019130602052725163,0.0361647325041725,0.0002509631457094107,1.59800120989286e-05,8.728358525070972e-06
52,8.78015057483113e-05,0.009886231095486628,0.0040078153912859946,9.796472236714047e-06,0.0001858127339050953,0.6179169327238064,0.003977726412314309,0.0004591786428238809,7.376817992184906e-05,2.8654653602218935e-05,0.0005893252516818861,0.0013757544695507488,0.001688576047996317,0.0007252235295217257,0.015609404737470856,0.0001227844848513866,0.0021680976612250148,3.0399839283846104e-06,0.2668498094488037,0.0002768735030733024,0.0029770814642212933,0.0706534372945775,0.00030300773593019276,3.644391745497335e-07,2.3502136861732525e-05
53,0.00016500474028917258,0.0008018341249198362,0.0039039803834766684,0.00012711118374619917,0.00012161584571172889,0.8593416036145097,0.009459617630372374,0.00048673528202392306,0.0002130966976344658,0.00029880567756879477,0.002179755897032649,0.000401654480544105,0.0021239126493844025,0.0024651082560244036,0.01801386375314657,0.001407571298568124,0.005533961598811075,2.8157438156212387e-05,0.04606491274411617,0.00171705423231956,0.0013378703391562234,0.0428333152801182,0.0009326968765562277,1.1635474834916146e-05,2.9124500978314718e-05
54,0.00029937028935102673,0.0030190082414995024,0.003936502766494242,4.5870295367705635e-05,0.00012111635067347473,0.8495332314076925,0.0036432322027166067,0.0002610476356685213,0.0001785045602186739,0.000324059358946909,0.0014206467675910647,0.001297010246903259,0.0023441026948215734,0.0023299895651347395,0.005296643675780721,0.0009684329850580449,0.007523772947600457,3.908088140802174e-05,0.07191171935197037,0.0007998807210680913,0.0013094343383794015,0.04308025949031027,0.00028474040026124365,4.69375114286734e-06,2.7649073940770016e-05
55,0.0005316518273094411,0.0033416427224719166,0.009651540461022725,0.00012136367688037537,0.00024361912867945537,0.8204375091337401,0.0043210513855218916,0.0003916717304834937,0.0001994595818088505,0.0003080463838633532,0.00333502983192676,0.0024034970165384877,0.00464354512672943,0.0034376012356251606,0.006808788323195227,0.0011001645174217576,0.011052105476254542,8.818562281949015e-05,0.07961426539198276,0.0011624541515589549,0.0022008618185930273,0.04413418443857768,0.0004295681477439204,9.725095513352277e-06,3.246777373773045e-05
56,0.00028845903107691315,0.0014955798040401347,0.009927693178568099,0.00011397525164790619,0.0001405222029927786,0.8499187463601713,0.002785143401127935,0.0003635233612039026,0.00011849396265536093,0.0002707503215610517,0.0029491221516726204,0.0008649802472722487,0.0033215641191708654,0.002443831156786612,0.00801871548475635,0.0008813772117714614,0.007766052435966658,3.527110207122988e-05,0.0660872047765149,0.001090933539896298,0.0016809126537468517,0.03901742729583581,0.0003955632317137993,1.0418642375056996e-05,1.3739075403787154e-05
57,0.0002560561408298336,0.0016177992884167521,0.012089765589067759,5.2155583702169516e-05,0.00013497918155543933,0.6998907650755191,0.0022834651178745124,0.0004902185812556653,5.861529713526007e-05,0.00020635572834747527,0.0020161959870778796,0.001649685656163177,0.003452145833901914,0.001801515210167098,0.0069084739366911925,0.0006742575006749047,0.006216788516960651,2.9998235870330554e-05,0.18244685115267065,0.0013423278209007369,0.0024423148934584475,0.07365702785176113,0.00026744882722700054,3.883970078029388e-06,1.0909022692853734e-05
58,0.0002935307705696811,0.0012805683582238158,0.01033534839168829,0.00011978498416417461,0.00012772800766200614,0.8546120966804701,0.002622666575449946,0.0003406865897210083,0.0001257720650241155,0.00030291490920529313,0.0030651455493095063,0.0006692776454259652,0.0026416101688778227,0.002325525949128748,0.009703531889015097,0.0008733175572514509,0.007347531394953546,3.1314114376324125e-05,0.059848436534238804,0.0011074337647766367,0.0016722011671501805,0.04011375634540402,0.000411410500028871,1.4808988504822836e-05,1.3601099380008497e-05
59,0.0003042331065202317,0.001233656853554724,0.011774488964201494,0.0001321219998780289,0.00013627662741471952,0.8510426809503154,0.0025717672362302484,0.00035022248774339447,0.00013103727076677237,0.0003354084593531734,0.0032026599548655673,0.000624287592078362,0.002494615438690928,0.002445267553082951,0.010576297227422702,0.0008771552240071481,0.007377792636054887,3.192768187323154e-05,0.0589739315029448,0.0011955203801058314,0.0017670824172508189,0.041965555895423765,0.0004244814436995173,1.757426597437202e-05,1.3956830546645264e-05
60,0.00028926314180305503,0.0013481156288590859,0.00968430956037378,0.00011104457423676071,0.00013418064279836287,0.8529733996378388,0.002734793244466955,0.00035975895744414063,0.00011724029590079357,0.0002827635366179926,0.0026979111604958144,0.0007648456962361526,0.0028067136633505383,0.0023139593851156984,0.008314723001044305,0.0008872089845062308,0.007301305969440212,3.3804607061893454e-05,0.06470298719697218,0.0011281264846868266,0.0017306451800278976,0.038851742866735754,0.0004064647003260251,1.0748654982778464e-05,1.3943228678014111e-05
61,0.0003114748496184344,0.0012108631848924704,0.012535840442761055,0.0001312784685551268,0.00013217453677069697,0.8523360364857889,0.0024033449705200592,0.00037079325150102786,0.0001165534220010256,0.000311357476533182,0.0030200948952976646,0.0006428316117684774,0.0026033811684530116,0.002268159264437842,0.009600123940303129,0.0008524636250228598,0.007387876165932013,3.228359729087254e-05,0.06080488081159713,0.001164758297451711,0.0017838024096293278,0.03955621327361088,0.0003955918082668292,1.543118240065503e-05,1.2390859595621132e-05
62,0.00028926314180305503,0.0013481156288590859,0.00968430956037378,0.00011104457423676071,0.00013418064279836287,0.8529733996378388,0.002734793244466955,0.00035975895744414063,0.00011724029590079357,0.0002827635366179926,0.0026979111604958144,0.0007648456962361526,0.0028067136633505383,0.0023139593851156984,0.008314723001044305,0.0008872089845062308,0.007301305969440212,3.3804607061893454e-05,0.06470298719697218,0.0011281264846868266,0.0017306451800278976,0.038851742866735754,0.0004064647003260251,1.0748654982778464e-05,1.3943228678014111e-05
63,0.00029442432918470873,0.0014869666541070259,0.009612658436821051,0.00010641952859649241,0.00013659304734996367,0.8513460494035592,0.002759985237965454,0.00035579708658340617,0.00012177660100759565,0.00027935824690739525,0.00270680719929474,0.0007882565815423684,0.0028531651871270187,0.0022952894160812726,0.00835217069271798,0.0008557777462584295,0.007324640409071391,3.301743593132269e-05,0.0656855771623411,0.001067935857155343,0.0017118214602693054,0.039410539237122656,0.00039030260093955347,1.0456340759023527e-05,1.4214101306440043e-05
64,0.0002815764771244166,0.0014135511680404204,0.01085082535053942,0.00011779041283822703,0.00014768910895969663,0.8402897332791025,0.0028667907187649526,0.0003950480468742377,0.00010282506067635364,0.0002909539994895917,0.0028145495540046373,0.0007786785953567229,0.002646131885095014,0.0021875191752438357,0.00983546338648738,0.0008259827505966562,0.006423401346919936,3.0839356103097836e-05,0.0720034774501101,0.0011493369947490574,0.0024405759094573167,0.041666548852762796,0.00041649665143170386,1.054693725352901e-05,1.3667532018596629e-05
65,0.0002594910055558677,0.0012801835348750842,0.00981915556125084,0.00010742050854035914,0.0001283615235836869,0.8581684438745557,0.0026136767247965714,0.000345368407257668,0.00010553175273562205,0.0002599120218293534,0.002623154380500725,0.0006930182940035744,0.002641956847455611,0.0021425609327287106,0.008760686247959849,0.0008326666070944335,0.006730596766882504,2.9103195402013857e-05,0.062483034169714326,0.001054699101932776,0.0017037491644648647,0.036809003791002964,0.00038551057232106086,1.0303123493470374e-05,1.2411890062282243e-05
66,0.00034768954373945866,0.0014596100470679343,0.01418100832723759,0.0001756550094639837,0.00021089604648758756,0.8421764317869223,0.0025565218840298398,0.000336304236348112,0.00011421610737631877,0.0004410345682194111,0.0039556437000479415,0.0010446739603362314,0.0034664721951094706,0.003469985881940458,0.007669375046049766,0.0011647267846700228,0.008149451170968148,5.263393720290462e-05,0.06347589593297148,0.0012666617985988067,0.0024996941377498604,0.04138406676211701,0.00037244415541231863,1.4596387578934335e-05,1.4310592353931358e-05
67,1.9253047208684973e-05,0.00012004565532888821,0.0012155787480540717,1.957603136919454e-05,8.543152615876663e-06,0.9700285512361135,0.0006279813065936114,2.240720551048474e-05,7.059119628845161e-06,5.751176240162437e-05,0.0006409815733395253,0.00023092595014887865,0.0004523834486986632,0.0017604351491596797,0.002445065671999394,0.00020643613532134972,0.0028349718922081445,1.3584527997125338e-05,0.006888845836164662,0.001055173119510305,0.0006822881165516286,0.010264874206335187,0.00038735600844293406,3.837403234264903e-06,6.333696063594181e-06
68,0.0002994274389669031,0.0012698923780427535,0.01028317353418351,0.00012063991431538699,0.00012749882836779597,0.8531156842223383,0.002878790600846051,0.00038955244956265055,0.00011025940775648052,0.0002817839730389488,0.0026910631805684574,0.00086154796114583,0.003247368148054564,0.0024295157189066683,0.007411573752262079,0.0009207475423913433,0.008001727250826032,4.138095267847068e-05,0.06384858180305329,0.0012548840038333793,0.0017812527199079884,0.03819405770022756,0.00041514178537217414,1.0429134096592216e-05,1.4025599256817563e-05
69,0.00024237016985726527,0.001138787682858402,0.008733096161049524,8.890526144575475e-05,0.0001020242587553651,0.8567529348802021,0.002363426572671135,0.00031562219550003765,8.449833092273803e-05,0.0002401649794278585,0.00247489298271706,0.0007570225642290614,0.002661553515916141,0.002098477010739538,0.007419007432675997,0.000753823363951136,0.00677966603342534,3.0187852786263312e-05,0.06581767025035469,0.0011553099552966527,0.001732880411181992,0.037851974238286915,0.00038512718350939944,8.98013328835532e-06,1.1596578951093406e-05
70,7.834924256050794e-05,0.0003350781704647251,0.00472055796595881,0.0001686242614827893,7.618079705970652e-05,0.9507547684012982,0.0014502772604838272,0.0001986776342073068,0.00010874344488206928,0.00021622237568337638,0.0010048426924006333,0.00031986202408175815,0.0018830879827345243,0.002111934178707651,0.0026292763906051388,0.0013520284536217989,0.007178610964873442,2.5923320822895904e-05,0.012459885000881892,0.0012228489601903948,0.0005120115078599117,0.010834092607911978,0.00034359627992817916,8.83762774279698e-06,5.682453555571955e-06
71,0.0007552040018917438,0.002300388279397934,0.007422305470777872,0.0001977772432497968,0.0003292628478156599,0.7840919310927991,0.005258212363284316,0.0007680181586187314,0.0004296608562901645,0.0006281133057499028,0.0043711058486274705,0.001708451496162027,0.005193672396856802,0.004119630362546125,0.008900076436626042,0.0026095012233562304,0.012626824022294226,9.972902062020425e-05,0.09537706111292697,0.002325358378785004,0.0024505187151091785,0.056964165783057116,0.0010145890549497943,1.850838282682325e-05,3.9934145380775365e-05
72,0.0003045014129557233,0.0014536264591070477,0.010256212682525074,0.00010444567870260205,0.00013774503482303293,0.833450134445694,0.00276192260772142,0.0003773028637046833,0.00011587718447864219,0.0002852655059171789,0.0028006516898560945,0.0008472831992845817,0.0028608637808773237,0.002494898303757672,0.008928822147644526,0.0008332427821813661,0.007565220457800337,3.504689072735912e-05,0.07397906402065885,0.0011741746820395403,0.0018936506135787572,0.046883383672042485,0.00043059455415995666,1.0461108392423292e-05,1.5608221369428414e-05
