,0,1,2,3,4,5,6,7,8,9,10,11,12,13,14,15,16,17,18,19,20,21,22,23,24
0,0.0004844108077691078,0.0027218052669044823,0.018103958298768548,4.730296150280989e-05,0.0001550182390593638,0.39431455543293553,0.0019650555585274156,0.0005049078342486645,5.76208152255831e-05,0.00021775721686498523,0.00366103392640834,0.002874528651188786,0.0033819946740519117,0.005213535705619616,0.0113708631036419,0.00028488190311835626,0.009837796387569002,5.660356891826723e-05,0.2555426122951734,0.0012495169779271301,0.004780371705749375,0.2825388230724908,0.0005890768011044409,5.062890163095736e-06,4.090590506902587e-05
1,0.0005437010339382006,0.0025668512350733802,0.01687977852096234,4.430267076863247e-05,0.00015803345664412624,0.41189070052010074,0.0019036740902011195,0.0005903499190542613,9.53200594468504e-05,0.0003057112249891872,0.002809340254858948,0.0019308972600078635,0.003063585897763497,0.0036318152328171844,0.009903865726311563,0.00040857157846085657,0.00884171547108167,4.316048337159486e-05,0.2976995292983449,0.001300499390876271,0.0032598556476450893,0.23160991575956524,0.0004796848875537473,5.7111472407441274e-06,3.3429232922126954e-05
2,0.0004244550826096488,0.0018232277142093904,0.01480303188612097,3.3355721011452645e-05,0.00015857313173551352,0.3026525646708632,0.0020300352971608137,0.0005801648522185953,7.50712724045463e-05,0.0002627279960005314,0.002339624564343897,0.0015128146798227093,0.0020793365568400647,0.004492836372153671,0.013073040751687831,0.00023446618280963173,0.005648420482140137,4.131439015724624e-05,0.2894351690055437,0.0020966398806469885,0.003988673009649856,0.3514339955422188,0.0007211503360246001,5.253595616568427e-06,5.405702600958675e-05
3,0.0004629525836123956,0.002573156676746567,0.017439188225555395,4.4878114191821275e-05,0.0001464467068345925,0.4005352115910722,0.001933478056526785,0.0004957686777881258,5.539404730841573e-05,0.00021823102537459527,0.003458943573496691,0.002760953906570499,0.003239288108943975,0.00499312688273362,0.011210584393057298,0.0002847580734265815,0.009359504864798847,5.4378416593228e-05,0.25696940283286734,0.0012929095520671716,0.0047292351259163945,0.2771179821282001,0.000579707048613894,4.954745710265511e-06,3.956464199311895e-05
4,0.0004380291189307561,0.0029696755817414378,0.017019260015982612,4.870431463406262e-05,0.00015583293121502483,0.4022715717396988,0.001982114744785752,0.0004748428472763222,5.3119160920224205e-05,0.0001993201601558477,0.004117472350660465,0.0036168014813267348,0.004317075097853293,0.005952612155147095,0.010008621012338412,0.0002831673672511525,0.010838707678537216,6.192668494818269e-05,0.25015202784383844,0.0012230325667248797,0.004834980624221624,0.2783371813076944,0.0005994877129186347,4.52910248356682e-06,3.990639871484791e-05
5,0.0006735215264182591,0.0022836970468496855,0.020086654713830202,6.91756065434218e-05,0.0001605782436347781,0.399715824583424,0.0022470571943180185,0.0005840400778629088,6.52371084486685e-05,0.0003065743754106001,0.004024883108039105,0.0035835799203569212,0.0037685607997221186,0.006938060605206372,0.009837425670548683,0.0003709893125763742,0.012731566638287993,0.00011437817319425816,0.22620236917664371,0.0019612746789774223,0.0057322510048399365,0.2977056887775377,0.000771788830511729,7.818065645387847e-06,5.7004761171760765e-05
6,0.0004629525836123956,0.002573156676746567,0.017439188225555395,4.4878114191821275e-05,0.0001464467068345925,0.4005352115910722,0.001933478056526785,0.0004957686777881258,5.539404730841573e-05,0.00021823102537459527,0.003458943573496691,0.002760953906570499,0.003239288108943975,0.00499312688273362,0.011210584393057298,0.0002847580734265815,0.009359504864798847,5.4378416593228e-05,0.25696940283286734,0.0012929095520671716,0.0047292351259163945,0.2771179821282001,0.000579707048613894,4.954745710265511e-06,3.956464199311895e-05
7,0.0004958783340387602,0.0029015814910863342,0.021516116750801804,4.445490457014612e-05,0.00014968148982084508,0.3806522755926223,0.0018619549030713986,0.0005331493695368351,4.784567955286266e-05,0.0001969298497212367,0.003797183475310055,0.0029612287374275507,0.004065242819803506,0.0044102976776682155,0.01054106479702084,0.000255305263302541,0.009063480799178602,5.180874463262896e-05,0.2873513630873647,0.001166484870965232,0.004826790523858645,0.26260686535500405,0.00046698120076607964,4.6105127616846815e-06,3.142377011302279e-05
8,0.0006331830914547443,0.0021232686685995475,0.02478084531379929,7.735337586416588e-05,0.00021102656126042798,0.3434483824377242,0.0020907279424923564,0.0004264979225107896,0.00011914855706581019,0.0004803590038283954,0.004680306882987692,0.0012270906146341135,0.0016116019503744701,0.008426443734393104,0.025114779701291164,0.0002620421903857945,0.007708941587621433,5.858039142580521e-05,0.16886100418964833,0.0018060657385507723,0.005489232544332681,0.39927869600011245,0.0009672256578592488,2.3996021076559713e-05,9.319992070679666e-05
9,0.000495910368298254,0.0015130426886495229,0.02939700264834025,7.65394670779376e-05,0.00014742278776136734,0.399694487824016,0.0012274006314439102,0.0005325528078128649,7.095385268419437e-05,0.000392507390900627,0.004079317410444235,0.0014727538435791313,0.00250083599226594,0.0062711201148805285,0.013622565237657017,0.00030118090611646047,0.00961458892023026,4.957907534209628e-05,0.2013334321612136,0.0020193616804335224,0.005182702635740766,0.31922115423532194,0.0007351688467644515,1.4549216867880117e-05,3.386925615731225e-05
10,0.0004629525836123956,0.002573156676746567,0.017439188225555395,4.4878114191821275e-05,0.0001464467068345925,0.4005352115910722,0.001933478056526785,0.0004957686777881258,5.539404730841573e-05,0.00021823102537459527,0.003458943573496691,0.002760953906570499,0.003239288108943975,0.00499312688273362,0.011210584393057298,0.0002847580734265815,0.009359504864798847,5.4378416593228e-05,0.25696940283286734,0.0012929095520671716,0.0047292351259163945,0.2771179821282001,0.000579707048613894,4.954745710265511e-06,3.956464199311895e-05
11,0.00044665837527275846,0.0026703423722338163,0.01728322722815868,4.585374488581681e-05,0.0001430242309461173,0.40093606462654724,0.001939504867082972,0.0005234324484440802,5.255336332181516e-05,0.0002029479042130323,0.003525224029864455,0.003054167703367967,0.003766274279068286,0.004911964518030444,0.010404760534429838,0.0002917483562206911,0.009991991739286608,5.4529238805327346e-05,0.264791027490435,0.0012380581736610955,0.004601914787634102,0.2685252202010427,0.0005589116005082921,4.488228581605891e-06,3.610995795736316e-05
12,0.00038928058486279967,0.004065753921993947,0.01440599198844924,5.2256051714248344e-05,0.0004843386288057949,0.588439026988555,0.002449406328880194,0.0002114235140779481,5.9710508880559506e-05,0.0001755279251303569,0.003807302766197075,0.005634696804285055,0.003092864048511802,0.015271087163765318,0.009464304909919036,0.0002877416435916217,0.007097571799317096,0.0001456594572910016,0.16594355088964058,0.0023271184137789273,0.0061909748169944505,0.16855931294855095,0.0012974594182347272,3.9225631603462236e-06,0.00014371591541197863
13,0.00044137292039032487,0.0038158782134050384,0.023067091588235396,8.893410682936964e-05,0.00028653555830387035,0.3675857920719871,0.0017834979886619641,0.000338396121504292,3.6349461574354395e-05,0.0001520200338358123,0.019692102251623714,0.006646051183918842,0.008360371508128083,0.01060132911845329,0.01881762906298952,0.0003316646715240602,0.011916198679615974,6.839049907778711e-05,0.262786588463256,0.0008468201955824747,0.009265195027611734,0.2521308109494008,0.0009036263080411086,7.550208908172915e-06,2.9803807141032575e-05
14,0.00046666303391213224,0.002545680251501818,0.017600494265865553,4.57231781097094e-05,0.00014644947425846325,0.3987566858075332,0.0019459165069005387,0.0005027703957675312,5.6457279340171754e-05,0.00022179304917658248,0.003459283950252581,0.002727354228190912,0.003215740034758523,0.005025387863062433,0.011334951379366081,0.00028585103190795046,0.009464090739007263,5.483792004179343e-05,0.25461233684573653,0.0013076212067929698,0.004736631808003774,0.2808553603986086,0.000586718503785043,5.08145578655409e-06,4.011939233347124e-05
15,0.0004629525836123956,0.002573156676746567,0.017439188225555395,4.4878114191821275e-05,0.0001464467068345925,0.4005352115910722,0.001933478056526785,0.0004957686777881258,5.539404730841573e-05,0.00021823102537459527,0.003458943573496691,0.002760953906570499,0.003239288108943975,0.00499312688273362,0.011210584393057298,0.0002847580734265815,0.009359504864798847,5.4378416593228e-05,0.25696940283286734,0.0012929095520671716,0.0047292351259163945,0.2771179821282001,0.000579707048613894,4.954745710265511e-06,3.956464199311895e-05
16,0.0005129768440684411,0.0022324792172172337,0.014478702992218996,5.482885644395744e-05,0.000132045957325736,0.3626743562927739,0.0024046989698474817,0.0003685774504336715,3.560800262738232e-05,0.0003977904613473874,0.003518161221547687,0.005903769339990106,0.0027683460370036246,0.009405204009081366,0.008190766953153487,0.0003326964217588689,0.01157786166778573,0.00017226670568166048,0.1873738871360896,0.001924996760206722,0.011098742857168817,0.37374010998510615,0.000617766753109706,5.140433558688332e-06,7.821867445343142e-05
17,0.0005850425518289228,0.0027930083170621973,0.014553936491931308,4.1729820015540076e-05,0.00013663848970051656,0.265366204140241,0.0018680069206887348,0.000518068539149127,3.551234242311378e-05,0.00018001700066816052,0.0034766119965807855,0.00856344229720542,0.004989707340325331,0.008998071064787281,0.005421569390489844,0.00022373859965684297,0.01458206828241179,0.00017576828192942555,0.25935378238415324,0.0018653083870686738,0.007332383277522773,0.3980424248794731,0.0008188721945848089,3.0052459119030856e-06,7.508176419017518e-05
18,0.0005561283516807098,0.0026956691836280836,0.007633018073983944,2.7155286706436566e-05,8.239319350414051e-05,0.2850438486729264,0.0023710823811385006,0.0004121592562813055,5.908045206905396e-05,0.0002523439738087034,0.002373792962551335,0.005365855485473636,0.003189971181478193,0.007668502909705989,0.005641535677005912,0.0002525970217785501,0.0162653548899219,0.0001454548388168121,0.20326113756904426,0.0016121820795936348,0.004304199735056588,0.4499084739483691,0.0007599331984590777,3.3854480933135353e-06,0.00011474422892451933
19,0.0003996191371801265,0.0028128251371271344,0.021794904147857813,5.303064901960947e-05,0.00019431558130133774,0.35155057599373796,0.0020636874906006103,0.0006172163473765861,4.9757049742377844e-05,0.00018352899451395298,0.0035870858710754404,0.0037160196132619843,0.00453138071688837,0.005223667976695651,0.010215480204845783,0.00026768529028333853,0.009045840306206492,5.6593545149808025e-05,0.27787759401741524,0.0013320657711867496,0.005068038078136775,0.29883806351166226,0.00048450551748942277,3.896394830157752e-06,3.262265641493865e-05
20,0.0002465058135247692,0.0017742465261220757,0.014728822060503112,3.578196483701304e-05,0.0001080543304830754,0.3021613236364486,0.00219535452660378,0.0005790947595132526,3.8298211253936556e-05,0.00016199381562240277,0.0032568797796150508,0.0015020412933583547,0.00214031900670459,0.003259467685440351,0.02320345587649725,0.0001961077584063547,0.005555621044460932,2.0695639902214053e-05,0.2574383090877294,0.0010056101887015642,0.005508289829123682,0.3743040678243892,0.0005483936775039442,4.205727673509086e-06,2.70599355816112e-05
21,0.0006555588984239157,0.0033516561040402024,0.018116962160491277,5.396505317147977e-05,0.00021201169267337497,0.38006578123528156,0.0017007357623470573,0.0004019594596133218,5.4531404434539796e-05,0.0003331057920772217,0.004689955250027737,0.005061280429257045,0.0037700157730676935,0.007720672824865499,0.00830763372481112,0.0003425894157040903,0.01013027260595475,0.00010740877486633256,0.2678546448178607,0.001574953700171096,0.007857656460176249,0.27696882602191664,0.0006081082373012284,5.828561034804313e-06,5.3885840431012784e-05
22,0.0005699129970288034,0.0019856298255952628,0.023376596626375614,6.570571375512722e-05,0.00011466839424715125,0.3883001086715238,0.0014648195372770553,0.000500629420722028,4.1190295780551416e-05,0.0003075153800824425,0.004714978196256069,0.003529860402933469,0.003521762856809308,0.005758439379335634,0.009596133785745866,0.00033339867668997944,0.01461440103234521,8.333456424067726e-05,0.22333847193082598,0.001372562586820989,0.006674303777222634,0.30918045419614026,0.000517801663044453,7.0479163302946265e-06,3.027217287116071e-05
23,0.0004629525836123956,0.002573156676746567,0.017439188225555395,4.4878114191821275e-05,0.0001464467068345925,0.4005352115910722,0.001933478056526785,0.0004957686777881258,5.539404730841573e-05,0.00021823102537459527,0.003458943573496691,0.002760953906570499,0.003239288108943975,0.00499312688273362,0.011210584393057298,0.0002847580734265815,0.009359504864798847,5.4378416593228e-05,0.25696940283286734,0.0012929095520671716,0.0047292351259163945,0.2771179821282001,0.000579707048613894,4.954745710265511e-06,3.956464199311895e-05
24,0.00045221205894130053,0.0030639467638152898,0.019147999572131476,7.855291442656217e-05,0.0002814883975595827,0.44221762375061785,0.002005216958682356,0.0005035170380300915,6.066280953897013e-05,0.00021477190794862307,0.0050674987545598574,0.004979911590988449,0.005498351839751708,0.009085059439568064,0.00925566530716971,0.0004196157825431199,0.011238017685986569,8.899653233474948e-05,0.2433319748873124,0.0015412641072316546,0.005573467297042975,0.23504066066228016,0.0008042045666120268,5.0840018881817445e-06,4.4235373038282006e-05
25,0.0006342513893591629,0.0020582292116173304,0.02430768159441564,7.439324508266792e-05,0.00017256546098553738,0.2678034712043486,0.002294903189344871,0.0010436608277036295,3.96075405396358e-05,0.00019698532449313147,0.005565299248541707,0.003728369080372047,0.006101340149088712,0.0041043297867206,0.011644424548412243,0.00037408749286930304,0.010094806693113367,7.095706581712942e-05,0.37235465546695956,0.001418881721437193,0.00718261845422386,0.2780721649278671,0.0006336889425801951,4.541118428876335e-06,2.4086315677801885e-05
26,0.0008089855913524465,0.0026744625211439,0.0189881595133947,8.00735950579256e-05,0.0002077589850476738,0.47226714120659796,0.002175591662566641,0.0006536537224802668,0.00015538982805323034,0.0002932407529873916,0.004232608236579988,0.0020398990957368737,0.0031558437470686437,0.005514757172009039,0.014030127798220552,0.0004206808693551121,0.01283258411101995,6.645366794705573e-05,0.21304976298385037,0.0018783302342159785,0.0042936457581183194,0.23886044210141277,0.0012406832906823363,1.45729519325009e-05,6.515060316842468e-05
27,0.00105739390402199,0.0037544805864251317,0.052493788834797286,0.00010609190662398907,0.00020119607016079805,0.5003650000256583,0.0008527719695057884,0.000460937444602927,8.937832782688102e-06,0.0001014301546634546,0.00591840741876317,0.016317581914632298,0.011901737952739428,0.0058207273022448285,0.0023771410324215127,0.0003576637685926475,0.017341702678973357,0.00027468705895114564,0.30005141956793335,0.000738751313086976,0.011301620291473023,0.06785494691097023,0.0003261766382427645,1.9489655424446657e-06,1.345845619038632e-05
28,0.0004629525836123956,0.002573156676746567,0.017439188225555395,4.4878114191821275e-05,0.0001464467068345925,0.4005352115910722,0.001933478056526785,0.0004957686777881258,5.539404730841573e-05,0.00021823102537459527,0.003458943573496691,0.002760953906570499,0.003239288108943975,0.00499312688273362,0.011210584393057298,0.0002847580734265815,0.009359504864798847,5.4378416593228e-05,0.25696940283286734,0.0012929095520671716,0.0047292351259163945,0.2771179821282001,0.000579707048613894,4.954745710265511e-06,3.956464199311895e-05
29,0.0004629525836123956,0.002573156676746567,0.017439188225555395,4.4878114191821275e-05,0.0001464467068345925,0.4005352115910722,0.001933478056526785,0.0004957686777881258,5.539404730841573e-05,0.00021823102537459527,0.003458943573496691,0.002760953906570499,0.003239288108943975,0.00499312688273362,0.011210584393057298,0.0002847580734265815,0.009359504864798847,5.4378416593228e-05,0.25696940283286734,0.0012929095520671716,0.0047292351259163945,0.2771179821282001,0.000579707048613894,4.954745710265511e-06,3.956464199311895e-05
30,0.0004629525836123956,0.002573156676746567,0.017439188225555395,4.4878114191821275e-05,0.0001464467068345925,0.4005352115910722,0.001933478056526785,0.0004957686777881258,5.539404730841573e-05,0.00021823102537459527,0.003458943573496691,0.002760953906570499,0.003239288108943975,0.00499312688273362,0.011210584393057298,0.0002847580734265815,0.009359504864798847,5.4378416593228e-05,0.25696940283286734,0.0012929095520671716,0.0047292351259163945,0.2771179821282001,0.000579707048613894,4.954745710265511e-06,3.956464199311895e-05
31,0.000845654711965425,0.0024877382881063666,0.0283138100069639,3.9219512733069833e-05,0.00014126129008060144,0.2595732794210118,0.001603619911437867,0.0008808980578931717,4.092775997501711e-05,0.00019028024173763065,0.0023201642509067554,0.0034544371016207833,0.003980833399524787,0.003460731202875607,0.0066010691832487705,0.00021257611022240596,0.008904472944061579,8.834425618463086e-05,0.3924152897059543,0.0017100137396695995,0.005228804500895277,0.27699665069054413,0.00046657919889016953,3.6515736353680393e-06,3.9692939860885054e-05
32,0.00041823788810019176,0.0024338462188141377,0.01604899099327484,3.6740219868990436e-05,0.0001378859199582385,0.37386980363497646,0.001829712058744534,0.0004965238448005774,4.81853619058632e-05,0.00019245527537981125,0.0030959574965700675,0.0026504004827659104,0.003121782780556867,0.004373032290935631,0.010683678996841412,0.00026644870794591594,0.008116068988330453,4.648265973224094e-05,0.29217031582255826,0.0012575935118134224,0.004431829392059797,0.2736936121256228,0.0005408728570982971,3.968307964483131e-06,3.5574163380780464e-05
33,0.0003839060692098191,0.0023842895404284,0.013536326192901347,4.146539345843629e-05,8.810254875926906e-05,0.36978910463370956,0.0017717079530384157,0.0005369718907866489,4.323873033322582e-05,0.00020038893162304137,0.003014136878355252,0.004838171951695953,0.005738627283012416,0.005668058691370564,0.005264308431190922,0.0003229393869399571,0.01726626875624176,7.571156497084065e-05,0.2348680281344034,0.001147407691142737,0.003386911199815262,0.3291982802454361,0.00040499118131281003,2.856006803285884e-06,2.780071306069105e-05
34,0.0004724983650193335,0.002611609204576059,0.017517581075440145,4.409746048293795e-05,0.00014770061621635644,0.39314581715282304,0.0019110641712343657,0.0004955898717240671,5.598089193007088e-05,0.0002168567288710743,0.0034951188174597242,0.002741996903838917,0.0032469008278309813,0.0049544046760082415,0.011224410774402586,0.00027921949903636457,0.009245307218712657,5.372417338728819e-05,0.26294404026752305,0.0012801251771110147,0.004689386814069942,0.27860275469013734,0.0005790645748541219,4.9845330487476285e-06,3.976551426164018e-05
35,0.004402833839026679,0.004354218540964116,0.018036721760971004,3.340889129648997e-05,8.032282595442258e-05,0.1244504779306823,0.0016753931398731379,0.001696734403006253,0.00011748266460718925,0.000432233531468558,0.0015542976830078042,0.008001270975107227,0.005694850197555132,0.0021756128355266587,0.0016404059142256155,0.0003217389505228254,0.026818524159047098,0.00034803748235826156,0.45565431280717517,0.0012233181078357056,0.0034744273190944986,0.33753705461519784,0.00021539022725796614,3.3679345671935543e-06,5.756326367069949e-05
36,0.0009156267790155605,0.0033967295377823874,0.05155727603743955,7.659097664808249e-05,0.0005229049465824118,0.3835829884658821,0.0019085815199517226,0.0003187452234828763,4.46532878741018e-05,0.0003338049486171304,0.008410505052776896,0.0015418244945349818,0.0023507388362468346,0.006586470975689751,0.024600622409725395,0.0001998450176497626,0.0028632351255844066,6.294908717549069e-05,0.3269444282339883,0.001658461180265222,0.012679930985483569,0.16861412571515397,0.0007511787361286731,1.641358175202492e-05,6.136884456899231e-05
37,0.0011172140690298394,0.0024374204526085197,0.03481453036194384,8.570983321224203e-05,0.00017677443101322935,0.35166081407035554,0.0017827500443539487,0.0005495128189560182,5.857810170685181e-05,0.0003393965560606909,0.006318912251887039,0.0035691469420019704,0.00400423165930534,0.007190587268083422,0.011415195918195332,0.00032043747044327117,0.013330049588794279,0.00013911680294327334,0.25926568672034894,0.0018171529610898065,0.006563000282275985,0.29227194596161576,0.0007041299860187398,1.4806031235775363e-05,5.289941652030961e-05
38,0.000522765028708935,0.002781822622645544,0.018812544067882336,4.882220804479101e-05,0.00016484938621147988,0.3757964631342294,0.001974064548685903,0.0005131968146712096,6.47870067387576e-05,0.00023867441557101588,0.0036857881652076823,0.0028555353192723596,0.003331022875196153,0.005557179061509273,0.011324753814245104,0.00027546224070974134,0.009841362497890164,6.0972846936211516e-05,0.25390731972524017,0.0013490759467072908,0.004799352099991229,0.30144158436097684,0.0006011924278827559,5.678197653272373e-06,4.5731187192449556e-05
39,0.0003441761522302992,0.0017247976118366529,0.013952495526822806,3.705609359681468e-05,9.934090630769211e-05,0.39020267300560374,0.0021431871949439884,0.0006442518202913902,3.3883198262030146e-05,0.0001706163247328197,0.0020779484812430684,0.0025944379306698413,0.0025809993166561913,0.003368230599717907,0.011058382016866125,0.00028587311037514204,0.008372461057526627,4.7130018873217304e-05,0.2745984568455094,0.001467203014087239,0.005810250932179958,0.2777067572862151,0.0006389786098891007,2.8953609979989146e-06,3.751758456509983e-05
40,0.00035820227479850563,0.00300391842891898,0.020444597363518533,3.093295089090625e-05,0.00016702294249714458,0.3944487261601797,0.0014549764790524492,0.0003474725319371359,3.6350789835255944e-05,0.00015911932749305808,0.0031264978139243192,0.002911378438108801,0.0027262159677672714,0.004863664394003893,0.011311374772967186,0.00018654625451707522,0.006510867552936324,4.140240702180969e-05,0.27699325723161783,0.0010748077160653298,0.004682305011787428,0.26466769539877194,0.0004154580070420126,3.4936991143422357e-06,3.37160852327702e-05
41,0.0003968291030693489,0.006343016706332637,0.02463234927702495,7.314534412545351e-05,0.0004389024920949127,0.6576111702518737,0.0015453136948369826,0.000450001555746177,0.00019480639723658822,0.00025403692198108167,0.002969226314075801,0.0015842996474017394,0.0037890271728172093,0.004130976098485279,0.010121967130908767,0.000418736274593606,0.00776828521231841,2.308301987408864e-05,0.16625572617796783,0.0007008007548675217,0.002275913210385758,0.10766058913574629,0.00033283554324459576,5.870366463988108e-06,2.309219652744859e-05
42,0.0004548198502711206,0.0025345334036610597,0.017409164742647393,4.369864062912901e-05,0.00014298504237662794,0.3933072649310634,0.001902418275921715,0.0005032129547468974,5.404794598544171e-05,0.00021554937318928353,0.0033755486288667832,0.002728353302799931,0.0032090207292452197,0.0048274392089572155,0.011132038889692374,0.000280140774999699,0.009222461972573516,5.242618610888214e-05,0.2615320895437729,0.0012786339849560643,0.004714297044573892,0.2804735676440446,0.000563372470097671,4.7932496762436875e-06,3.812120914317823e-05
43,0.0003356577055522635,0.001305895213336038,0.012347330830489485,3.403267478092361e-05,0.0001007066855300588,0.35973468445284673,0.0016232363984721606,0.0004812988213120884,8.697748364953687e-05,0.0005854149995172826,0.001829294311771406,0.0008669179583846286,0.0014260080712533033,0.00381996980451728,0.010640537423173946,0.00031177315418104613,0.006027244448503796,2.9164045329171776e-05,0.22035404942628511,0.0020241910299031393,0.0036855308956983543,0.3718528720547526,0.00045529617450484195,6.973808777404085e-06,3.494212747757896e-05
44,0.0004629525836123956,0.002573156676746567,0.017439188225555395,4.4878114191821275e-05,0.0001464467068345925,0.4005352115910722,0.001933478056526785,0.0004957686777881258,5.539404730841573e-05,0.00021823102537459527,0.003458943573496691,0.002760953906570499,0.003239288108943975,0.00499312688273362,0.011210584393057298,0.0002847580734265815,0.009359504864798847,5.4378416593228e-05,0.25696940283286734,0.0012929095520671716,0.0047292351259163945,0.2771179821282001,0.000579707048613894,4.954745710265511e-06,3.956464199311895e-05
45,0.0002752487647720896,0.0016096639069863043,0.01664861705881878,4.206087561445008e-05,0.00010547748991372262,0.4494539772511781,0.0022300822495128873,0.0006507763827202534,4.417297059024666e-05,0.0001790521413951894,0.0025025286695009004,0.0013803802756649232,0.002408205494968606,0.0026991622350437893,0.017922626057644976,0.00032038171241792024,0.006465973480295459,2.335758839481094e-05,0.2552539063450029,0.0011387579953554944,0.0038150536147754676,0.234346318697428,0.0004596821551650668,4.18795364411453e-06,2.034863319583424e-05
46,0.0004700485064543342,0.0015085460026813577,0.01361958324872924,8.367062756045448e-05,4.014902158032585e-05,0.5759265394134961,0.0012636825545413637,0.000672295711411793,3.346137460474902e-05,0.0001970049330843615,0.0031742298326055333,0.004928476039635929,0.004723281771198599,0.0036064042249751007,0.005488162117639612,0.0005441629600330161,0.03949625122236394,8.41462730396584e-05,0.1317513539485054,0.0009405109239723154,0.005003290922161672,0.20590630090376533,0.0005173312211730089,5.430362466997244e-06,1.5685882319687327e-05
47,0.00044700358331896763,0.0024987882924691874,0.01907667995880819,5.475437247810337e-05,0.00016915007406529805,0.43622737297079744,0.0019885080459021488,0.0004866970242303413,5.8027045674169205e-05,0.0002231251457788521,0.003951435218331055,0.0025727892519130913,0.0033300036065029605,0.005600981255467354,0.012581476443996986,0.0003089412195611792,0.00925590005310095,5.428627203797353e-05,0.2385251462496098,0.001339455708155994,0.004918209346322506,0.2556271477050801,0.0006588744930171969,5.803353110634974e-06,3.944331026944886e-05
48,0.0005342372574776908,0.0026273975308731172,0.019722471714943575,5.4608402721321836e-05,0.00021240704455076207,0.3641962495507233,0.0021295270706345416,0.0004483907239999074,6.603569717363264e-05,0.0002872303326313277,0.004326066648911681,0.0028424874895246204,0.0029779291021236128,0.007089820130949974,0.01330785215543556,0.0002971031019615007,0.00831426382103324,7.275096827413738e-05,0.242785058613069,0.0016141323555439891,0.005777700377483005,0.3195387259091303,0.0007115375082741495,7.1646902430338666e-06,5.885180231303805e-05
49,0.019158114780639737,0.0030607602598861547,0.007163596301352166,0.001459362656807275,0.002263751416356875,0.1850728604450918,0.024113956009580863,0.006252130477906281,0.010625836058920125,0.0018982377957701983,0.04308625381153461,0.0002601913631231865,0.005714630641089638,0.00910064334932925,0.10253890293462656,0.00833784181141411,0.01419243796110003,0.00015546703904702875,0.4062170181934143,0.0020898327676467016,0.004575304700215401,0.08897060309626487,0.05257792789072429,0.00032103801595219215,0.0007933002222065735
50,0.0004175931427619676,0.0014979525239101415,0.008481354499401794,1.6251322922299744e-05,0.00010358655008187214,0.1296674851919384,0.0034291598247826282,0.0005379275655225498,6.935421240884496e-05,0.00044866350564777866,0.0011730336124151036,0.0009879378039634242,0.0013033067084011229,0.0032483182753737187,0.00967341012795535,0.00017842220998134947,0.0032890918021254633,4.2451307267621487e-05,0.32219038409351064,0.0016684218909451844,0.0031509617529587707,0.5080069754006515,0.00032501778427729657,3.053287474140274e-06,8.988560332100012e-05
51,0.0005784390522987393,0.005180272771998835,0.02875560148852552,9.593563083778793e-05,0.00024061885346594977,0.42727221371298585,0.0018143179280862517,0.000587472875837028,9.676248070872737e-05,0.00028609433913008803,0.006018696584939941,0.003541268857491451,0.005428069450531095,0.006421884806522716,0.011739856662306793,0.000303620307119159,0.01424908264326302,5.0581480633034615e-05,0.1991652352633078,0.0007367780897505597,0.005475133292635654,0.2815453909145971,0.000382731910265734,7.6895577064414e-06,2.6251045054910974e-05
52,9.068356123319106e-05,0.008413921911523098,0.004376439992040877,2.7744697691191384e-06,0.0001074328005679713,0.1655444031703754,0.0016002866023158621,0.00037405162592946036,2.1330714608656457e-05,1.5997583192686908e-05,0.0004577437248635862,0.0024669271406667277,0.0011317801380452371,0.0008807499020436139,0.011352471693851417,3.021848326292929e-05,0.0016654047840826784,3.3002370511685024e-06,0.5340246534246439,0.00019972518020621718,0.0040413090995117355,0.2629307353489798,0.00023363346561317455,1.3794353148872626e-07,3.3887002089897526e-05
53,0.000269945904087486,0.0016081637667021231,0.007360858690173686,5.479176501935153e-05,0.0001409252541769023,0.4323166766897641,0.006884646783603715,0.0006647469434757958,0.00010478214478480384,0.0002396734388110589,0.0030147421650241137,0.0015486281665252927,0.0025626178445961175,0.005759468811317145,0.0253917141460777,0.00047408152696410343,0.007520863496601976,4.82801056650791e-05,0.18176513420589083,0.0020415179220146665,0.003828811778232263,0.3149085686232268,0.0013979652833746138,5.751524556115189e-06,8.664301933410076e-05
54,0.0004623068574584674,0.005590081338529749,0.007130845669340123,1.8640106385405576e-05,0.00013517457554337658,0.3919744852453017,0.0025064258696111865,0.000336966035110413,8.15980368127459e-05,0.00024015251862646248,0.001821385088982723,0.00456605415583424,0.002631679361722234,0.005000814464540329,0.007001598828853127,0.00030270064213724294,0.00922647037265912,6.290416408274356e-05,0.2669894389769113,0.0008946639453423563,0.0034878298812497676,0.28906147819891115,0.0003969104354592197,2.1630653082944837e-06,7.723216528647809e-05
55,0.0007828954800926878,0.005850789765539538,0.015832721454287987,4.400871477474845e-05,0.00024460169104310316,0.35791984411569816,0.002782182068030897,0.00047994258650705106,8.491533615205566e-05,0.00021250468731695113,0.0038988853673617907,0.007948848377941789,0.00483463488936728,0.0066265335279281235,0.008321054925946526,0.0003230060695750208,0.012555262081211264,0.00013079981315744334,0.28895901526062223,0.001215958534806064,0.005519864563063046,0.2747835632968848,0.0005599872632000136,4.0653417944338906e-06,8.411478769696115e-05
56,0.00046051594750289807,0.0028430542187213906,0.01774218684272486,4.559339404747531e-05,0.0001528137985215881,0.3977808103223483,0.0019581082624104094,0.0004951245205218502,5.5585616322688323e-05,0.0002069762432617922,0.003751500032824217,0.003110709735338377,0.003793651538937572,0.005219075083704709,0.010724390391089711,0.0002813891900076385,0.009836300635128392,5.664776343130505e-05,0.26089106679565255,0.0012429694019996105,0.004575060988050057,0.27417180230415766,0.0005610214182699636,4.765864533626546e-06,3.8879690491408515e-05
57,0.0002499666780427546,0.001865726377866902,0.013293584269116109,1.3211674149669295e-05,8.964449492617473e-05,0.2014344741795107,0.0009906630222722855,0.00041560559249735065,1.7212451754166692e-05,9.907286439168027e-05,0.0015904016677544723,0.0035542275933063906,0.002432705221930763,0.0024009111302588115,0.0057515498912363,0.0001337346045645574,0.004930732047170166,2.934316627574388e-05,0.43388295624046264,0.0009404447122896416,0.004050501900480394,0.3215777099123464,0.0002355973858042561,1.1240321568908588e-06,1.889888943464071e-05
58,0.00047272675985523724,0.002464538853347744,0.01870130633748926,4.8705807566510085e-05,0.00014081385539186503,0.40422334583825054,0.001872611596070192,0.0004728182089086093,5.9726075507673705e-05,0.0002354940904413921,0.003943517892633076,0.0024450097670868838,0.00307313602055902,0.005060405250844548,0.013118986412633623,0.00028290676949782,0.009472606263449276,5.094747058045464e-05,0.2396473755586439,0.0012805264557240745,0.004617723000465733,0.2876781919616482,0.0005907768600181593,6.822924149006635e-06,3.89799692373879e-05
59,0.0004859709153347152,0.0023576357017419457,0.02095698678258912,5.277696268967956e-05,0.00014898949909057394,0.39963150750283666,0.0018198290312633526,0.00047760999287395285,6.144804388275199e-05,0.0002569139104383523,0.004066586737906639,0.002272377380977065,0.0028679666482201516,0.005238307984573609,0.014065329651910376,0.0002821451704700403,0.009346598931762623,5.168897827309925e-05,0.23417176718864016,0.0013675276712725804,0.0048359271799044805,0.2945340697246318,0.000602401025513685,7.954302468108955e-06,3.968308073453332e-05
60,0.0004629525836123956,0.002573156676746567,0.017439188225555395,4.4878114191821275e-05,0.0001464467068345925,0.4005352115910722,0.001933478056526785,0.0004957686777881258,5.539404730841573e-05,0.00021823102537459527,0.003458943573496691,0.002760953906570499,0.003239288108943975,0.00499312688273362,0.011210584393057298,0.0002847580734265815,0.009359504864798847,5.4378416593228e-05,0.25696940283286734,0.0012929095520671716,0.0047292351259163945,0.2771179821282001,0.000579707048613894,4.954745710265511e-06,3.956464199311895e-05
61,0.0005000204524354778,0.0023294166956956664,0.02244125676926195,5.312397502053732e-05,0.000146315359156396,0.4035023922345833,0.001726302076439396,0.0005100482290888315,5.525920902395932e-05,0.00024300684157182095,0.003864474526054896,0.002364647890982335,0.003015371036251944,0.004938694356898262,0.012898251377065214,0.00027834438948655854,0.009440951207925671,5.29041292384054e-05,0.24324340650968113,0.0013515549992384394,0.0049562074491949215,0.28147776176375666,0.0005674407217117615,7.0631837916790135e-06,3.578461644468834e-05
62,0.0004629525836123956,0.002573156676746567,0.017439188225555395,4.4878114191821275e-05,0.0001464467068345925,0.4005352115910722,0.001933478056526785,0.0004957686777881258,5.539404730841573e-05,0.00021823102537459527,0.003458943573496691,0.002760953906570499,0.003239288108943975,0.00499312688273362,0.011210584393057298,0.0002847580734265815,0.009359504864798847,5.4378416593228e-05,0.25696940283286734,0.0012929095520671716,0.0047292351259163945,0.2771179821282001,0.000579707048613894,4.954745710265511e-06,3.956464199311895e-05
63,0.000467917715119742,0.002813737167573339,0.017190395707302485,4.273183362321258e-05,0.00014803540003267078,0.39710676704434156,0.0019374738031537758,0.0004867362860815778,5.7084980574353036e-05,0.00021405899123272078,0.0034459464093719518,0.0028252201052284785,0.0032685278747617164,0.0049175855351209575,0.011178311944171187,0.00027298010091369486,0.00931891415532141,5.279689929467538e-05,0.2589826138430364,0.001216741430927985,0.004646938318604992,0.27881040351424985,0.0005532448938959259,4.788076845584512e-06,4.004796921980298e-05
64,0.0004358283339877321,0.0026095960600537173,0.018634952084514364,4.516436979550939e-05,0.00015544946533786603,0.380729058745075,0.0019445036796376838,0.0005138562123268672,4.658704274613855e-05,0.00021278003891657282,0.0034559939282275366,0.002725135418770214,0.0029245879973283672,0.004494681645060877,0.012577546003410725,0.00025482945021057806,0.00782350863289867,4.8262030005467234e-05,0.27375525775180043,0.0012602611637916631,0.006367527369666035,0.27837369216429536,0.0005688471167251309,4.635284940202569e-06,3.745801047733018e-05
65,0.00042436802548464586,0.0024928043018832753,0.018068888238252673,4.447568390816554e-05,0.0001429658767020608,0.4109716702850073,0.0018885751361098684,0.00048817756769622435,5.107832083284663e-05,0.00020581847493400982,0.003437481252500358,0.0025536297430350167,0.0031204109341489263,0.00473942483187,0.012073119595011653,0.0002732870395135854,0.008853392037249046,4.782672939760638e-05,0.25362182367835073,0.001236973325637242,0.004753703217503814,0.26990689371497734,0.0005623453115824106,4.862697412300932e-06,3.600398099875342e-05
66,0.0005180638896078587,0.002669779640172219,0.024340753213579844,7.112701362306071e-05,0.0002230786524829213,0.39445901951053786,0.0017873586454179276,0.0004401746062973778,5.3429332783059504e-05,0.0003326435421345869,0.005060757249374159,0.0036437540682386954,0.003883577379728483,0.007605142127099511,0.010402355256330834,0.00036850044559572586,0.010442447695945328,8.199815852074784e-05,0.23237815498833236,0.0014219487883630482,0.006584648702990589,0.2926500397229784,0.0005343951605817494,6.773586641227237e-06,4.007862264241168e-05
67,5.170668468107031e-05,0.0003700205314036339,0.0040706587347659525,1.628468722431387e-05,1.734680409400442e-05,0.7860828472194127,0.0007981005565256242,5.881639546523519e-05,6.227906400612781e-06,8.886043333413405e-05,0.0014555374245915527,0.001319581612828359,0.0009188619331657774,0.007027839343362338,0.0061356842052335365,0.00013187321772773557,0.006601049980023131,3.7332580079699445e-05,0.04429251706403165,0.0021315010165210034,0.003184331465323682,0.13421917205972794,0.0009505661571488665,3.3891143097501904e-06,2.9892872617619274e-05
68,0.00048463599653672973,0.002458365043935612,0.018606963785555937,4.880102419245502e-05,0.00014096606036482403,0.40498311943679344,0.0020504732251596046,0.0005360978293795234,5.248955628961273e-05,0.00021785542663870853,0.003476478949825767,0.0031452904326705264,0.0037600457330934324,0.00525449130534822,0.010054989236541223,0.00029772180819530173,0.010251195889065059,6.724291496492897e-05,0.2556939146876088,0.0014446241475511035,0.004909994224035826,0.27142302259435,0.0005961410798114309,4.831872566667025e-06,4.0247739525317776e-05
69,0.0003909732490152338,0.0021897532043142786,0.015858556556883098,3.6367454440866874e-05,0.0001124680168959665,0.40409285122425237,0.0016850696020175224,0.0004397405145440045,4.0449512517307706e-05,0.00018743864274668054,0.0031969220905758563,0.002742892657472808,0.003094022559896019,0.004570092212166874,0.010097494172959003,0.00024411011792549204,0.008772973690524408,4.8837374408405775e-05,0.2627445062841347,0.0013313091515013684,0.004759266106472549,0.2727734582536547,0.0005530850914028418,4.183521231546128e-06,3.3178738046167584e-05
70,0.00019378881055480955,0.0010366027123325532,0.01332328813924588,0.00011211391728900932,0.00013615178836365427,0.7407722196483884,0.0016889181210100897,0.00041168837171581146,8.332253072681792e-05,0.00026663194621191663,0.002196430131314727,0.001896038417136442,0.003466754482096988,0.007748281012910993,0.005977693807677083,0.0007028090582572294,0.01497932318814074,6.82870948493948e-05,0.0743731712947378,0.002240744025094936,0.0022782710604671986,0.12519567479153673,0.0008180075670490395,6.843271684704858e-06,2.69448112069065e-05
71,0.000975463706959843,0.003659020799945937,0.011545151734125573,6.5597933144394e-05,0.00030736763937917326,0.3052909772834883,0.003142273918532315,0.0008198889855451761,0.00017016335378390883,0.0003966063495543678,0.004487594245634949,0.00501827462597774,0.00492322357720573,0.0075492918514379875,0.009685420050579098,0.0006715646522642818,0.013080673505941937,0.0001387162961189262,0.29050022626656347,0.0022104144022643997,0.005082890128164659,0.3290498443064926,0.001124345549989178,7.16862189120077e-06,9.784021501480782e-05
72,0.00038257404007062423,0.0015813634046394208,0.01306105003881324,0.00014576835418381637,0.0001655033570056549,0.8349871885387364,0.002644777645785113,0.00041006259324253327,9.828557347820897e-05,0.0002944921903795719,0.0033440820056648882,0.0012157206696575304,0.003914874586908367,0.0029583874919349618,0.006996802556133166,0.0009628840438787574,0.009039571203072272,5.4877153832709744e-05,0.0745638804313628,0.0012057061552143062,0.002386916509166444,0.03912489194944091,0.0004346106841678397,1.0581687884381833e-05,1.5147135345866417e-05
73,0.0004454768306675643,0.0027597291625506737,0.018689300012895146,4.4369240010417216e-05,0.00016076649362781897,0.3832441857587382,0.0019348748746353108,0.00048007271249936464,5.235221752049972e-05,0.00021325353543854254,0.0035955351999053067,0.00275855269732123,0.003096279280125595,0.004978539933277159,0.012459195466785693,0.0002678746438103834,0.008582353889426478,4.9937892719425265e-05,0.26274089559562563,0.0011534453016977815,0.004934498213743724,0.28679488016706817,0.0005204413111679105,4.776272760310208e-06,3.8413295981606737e-05
