,0,1,2,3,4,5,6,7,8,9,10,11,12,13,14,15,16,17,18,19,20,21,22,23,24
0,9.966191226519309e-06,0.00046649647927801333,0.000144567009666199,3.0602900762300845e-05,0.016101673452921083,0.10342685113160496,0.016949123192991047,0.008690063250395313,0.0005422510258937856,0.00022423397347006067,0.5608199496739956,1.0956950192772364e-05,1.4201580976646337e-07,0.0028504830658632567,0.047610263890550966,0.0012407494927435562,0.0018507328473828747,8.058086471142477e-05,0.2086126961685645,3.7687478930367333e-06,0.0007801696337065895,0.016058543520344692,0.012227860890324484,0.0002369792336828282,0.001030294396024365
1,2.4724394106637406e-05,0.0010362760301584645,0.0005433603726109814,9.857341320698968e-05,0.014529926064139066,0.12855163846834566,0.054179438724382536,0.012194658492061238,0.0006520698342182527,0.0011785896853201288,0.48814164655439013,2.6022171362467198e-05,1.5558663834624993e-07,0.005139305463266206,0.042556790095696746,0.0014820588322596703,0.00131735256390569,0.0001793284806311483,0.19520328921291227,5.077755267831235e-06,0.0012908175459329337,0.018070697989134903,0.03045645687785818,0.00039139871222663644,0.0027503466799668644
2,2.3040415321168126e-05,0.001030601614693592,0.0003356907434680554,8.033097547787378e-05,0.028700134638614757,0.08490103390546937,0.062221679947605774,0.009949423349328662,0.0004464353395743312,0.000831105956832716,0.5797891480868549,2.4377677355954706e-05,1.472811112496826e-07,0.008568873130685462,0.055427554696807456,0.000901132664319226,0.0019158283403321616,0.00016510584719944233,0.09970032230455651,6.458816477369252e-06,0.0009219657790104217,0.016351288666192385,0.04245990764733535,0.00021809955985902213,0.005030312615516721
3,1.8200734838763242e-05,0.0008510695033397493,0.00035501051825184856,0.00011176890319281747,0.015078550975998181,0.09477310431866733,0.047594353081112505,0.009491337885209518,0.0003887219026144598,0.0008320461531514429,0.6114959676494292,2.4146676214204347e-05,1.24575662864532e-07,0.007473185808561417,0.03043171114307647,0.0007809206815899935,0.0018198696939236818,0.00016995524502447273,0.1100691153406347,4.5382907625665545e-06,0.0011586973600070988,0.018277052384231073,0.04533695056209182,0.0003022285451468595,0.003161372067267022
4,1.996521179672918e-05,0.0008744466742066239,0.0003503942481241422,0.00011311189836456805,0.015526659565227785,0.09064316018489638,0.04788844759897902,0.008745238932394912,0.00042095741744362677,0.0007710898167669096,0.6099003154696648,2.912486033781035e-05,1.6399231353473796e-07,0.007876673569760944,0.029633204713465585,0.0007310357650657633,0.0020799591000634676,0.0001794371862046811,0.11371541049919809,4.646197557716888e-06,0.0012532437828971746,0.019886904181365964,0.04559107136613689,0.0003214619125759608,0.0034438758551909375
5,2.074167047912799e-05,0.0008829636948863755,0.00034432940672185226,0.00016690983767532095,0.01268483410409118,0.09626228525415562,0.04531146191384742,0.008994791079357573,0.0003887476570218869,0.0010294672519947595,0.6170991971392974,2.8839928013250548e-05,1.4051326630295882e-07,0.009381407351606273,0.025894371907424118,0.0007568842678822921,0.00227943490982521,0.00026998709072676797,0.09744818667748557,5.110851379473603e-06,0.0013745151506646847,0.023070434858330283,0.052232315840121446,0.00036194436065265325,0.0037106972830930995
6,1.8200734838763242e-05,0.0008510695033397493,0.00035501051825184856,0.00011176890319281747,0.015078550975998181,0.09477310431866733,0.047594353081112505,0.009491337885209518,0.0003887219026144598,0.0008320461531514429,0.6114959676494292,2.4146676214204347e-05,1.24575662864532e-07,0.007473185808561417,0.03043171114307647,0.0007809206815899935,0.0018198696939236818,0.00016995524502447273,0.1100691153406347,4.5382907625665545e-06,0.0011586973600070988,0.018277052384231073,0.04533695056209182,0.0003022285451468595,0.003161372067267022
7,4.132374488214545e-05,0.0008749334537373243,0.0007996154523277855,8.111063519349355e-05,0.014948920880261935,0.10159957906391007,0.060443628531378836,0.01037876366948307,0.0003364639803232404,0.0010152179457726103,0.5655017476579567,2.282781717995459e-05,1.613350536660362e-07,0.005223022705802786,0.017758734070403518,0.0005533307294725136,0.0013035548449964866,0.00016714303522511254,0.16094425583885802,4.030016159957332e-06,0.0007860619502583187,0.00894062940086325,0.04495710397092693,0.0004569488979718778,0.0028608903716006574
8,2.2637566662537542e-05,0.001214705791001768,0.0006588612488858974,0.00017711664319263913,0.01603564800553233,0.0928197978460102,0.06850061423180648,0.009139187084001249,0.00023844923690376305,0.0013591746121821946,0.5805748077965608,2.432055460429531e-05,1.0805551807331323e-07,0.00912205143846368,0.013110043039276898,0.0004863255847400479,0.0010934815591233655,0.00010226336504010194,0.08129031611480993,5.362989755487506e-06,0.0008296737499163693,0.007238331718957865,0.11236224603696673,0.0004130177196548693,0.0031814580104323627
9,1.7548258252047435e-05,0.001374633681175845,0.0008013084372830873,0.0003120137870553499,0.012034748815951013,0.12416283128629982,0.07532128952238647,0.009312039656055525,0.0004440773759338813,0.0020236430029592425,0.5225364786147295,4.009315639585556e-05,1.5292264655986248e-07,0.008519297332105697,0.022254536326077656,0.0009429297960045015,0.0012788970765355743,0.00015193933223624903,0.0935410646577492,7.2145346340477856e-06,0.0020969698943286968,0.014973906941798872,0.10342948463051967,0.0005540362202595397,0.003868864740626102
10,1.8200734838763242e-05,0.0008510695033397493,0.00035501051825184856,0.00011176890319281747,0.015078550975998181,0.09477310431866733,0.047594353081112505,0.009491337885209518,0.0003887219026144598,0.0008320461531514429,0.6114959676494292,2.4146676214204347e-05,1.24575662864532e-07,0.007473185808561417,0.03043171114307647,0.0007809206815899935,0.0018198696939236818,0.00016995524502447273,0.1100691153406347,4.5382907625665545e-06,0.0011586973600070988,0.018277052384231073,0.04533695056209182,0.0003022285451468595,0.003161372067267022
11,1.9271059664279724e-05,0.0008632041023072523,0.0003588867826634204,0.0001119004312327271,0.015563122673787403,0.09216673372251317,0.04819395200302086,0.00927945082026504,0.0003946772505670724,0.0008232882868706076,0.6103559607898617,2.6444899171890858e-05,1.4931985022674686e-07,0.0075926439305300485,0.028958477276353818,0.0007634118951273776,0.001920629715304454,0.00017116896420887908,0.11298435322813663,4.817780513820751e-06,0.001177175525145899,0.018201428624205186,0.046538163612411566,0.0003230799561277189,0.0032076073501592006
12,4.601423852489814e-05,0.002069002172299932,0.00015981190163273355,0.0002009967857857097,0.07453545381818677,0.21378880832772107,0.032080506183003406,0.002356952927121301,0.0003187068662751719,0.0019856020177247444,0.33397902099753296,1.2280644345026705e-05,2.95862897226976e-07,0.0765684512489898,0.014520421086677046,0.00036436031924941606,0.028756826706456465,0.0009798391833422432,0.028612006725234094,1.7411718811879434e-05,0.0022896740301867197,0.018025685281033564,0.13622464633478293,0.00014279971719802676,0.03196442490498697
13,1.9925834885448027e-06,0.0001356764697550165,7.944471596723096e-05,5.561947006894452e-05,0.003839667244545801,0.014865315887092934,0.01764372532537227,0.0060506390797739895,7.162815022668303e-05,7.662789699731194e-05,0.8807265379416859,2.0411377373649116e-05,3.588140453870533e-08,0.005510429381531949,0.009295947290077326,0.00014686732221494997,0.0005550906370883512,2.9949700382155637e-05,0.02054792388718634,9.464412660706354e-07,0.00035313739100039786,0.010179687750228076,0.02905272876077622,8.49722208907755e-05,0.00067499719360445
14,1.813001243772319e-05,0.0007444806022347052,0.0004021684432513716,0.00011370289875954989,0.014045833325010087,0.09957578110536858,0.04636634904072786,0.009703866395182621,0.00040381837384746635,0.0007801913154232121,0.60858815387817,2.5524553587156013e-05,1.385674314076237e-07,0.007031992076143948,0.031867989801672485,0.0007993183435916916,0.001931334952502264,0.00017554812871502327,0.1080387523947637,4.492671582164737e-06,0.001275132790773919,0.019396448607560554,0.045121663191431266,0.00030974984650351334,0.003279438683327895
15,1.8200734838763242e-05,0.0008510695033397493,0.00035501051825184856,0.00011176890319281747,0.015078550975998181,0.09477310431866733,0.047594353081112505,0.009491337885209518,0.0003887219026144598,0.0008320461531514429,0.6114959676494292,2.4146676214204347e-05,1.24575662864532e-07,0.007473185808561417,0.03043171114307647,0.0007809206815899935,0.0018198696939236818,0.00016995524502447273,0.1100691153406347,4.5382907625665545e-06,0.0011586973600070988,0.018277052384231073,0.04533695056209182,0.0003022285451468595,0.003161372067267022
16,1.5100373833130497e-05,0.0010552716717250482,0.0003164757806843055,0.00014960656253859407,0.013489012010085287,0.07834481158209532,0.07360643251342916,0.013302763895621529,0.0004695902912051676,0.001557226350882656,0.5134990465660646,5.17021924944711e-05,1.6261678424827369e-07,0.009615907491341932,0.04941699152167422,0.0012838838665934927,0.0022686903645128898,0.00023324162539253962,0.13917056250036378,6.08505673269471e-06,0.0028793702791501587,0.04401384205084215,0.05044828227141228,0.0002796984036465179,0.004526242160893822
17,1.0601673026290085e-05,0.0006116441661836787,0.00018139569316466024,0.00013999106036482158,0.016368587623372864,0.051784455646392634,0.04279876065740243,0.008391283400894779,0.00022641181498313123,0.0006221960994783819,0.6684836200523769,3.4463807993296367e-05,1.787021313764668e-07,0.013128304019958976,0.021291710925674265,0.0005314773058857365,0.0038480239054205032,0.00016579308871886612,0.05519945408018912,6.120693980035267e-06,0.0013963723570797212,0.02821444482276501,0.0823255785411325,0.00021469119496489003,0.004024438666465079
18,3.010891140462036e-05,0.0009676759049399357,0.00032148532930777695,0.00013719059971081804,0.02905501706765666,0.10157077951344423,0.06916780396415033,0.007493904433690322,0.00038289024533538074,0.0014759996453864574,0.5257733824000306,3.620182523580616e-05,2.785128627152251e-07,0.018251316783374966,0.03764810110098225,0.0006897662029278368,0.007119247970578751,0.0005139164313641417,0.07367604715374494,8.659267242314442e-06,0.0024513769475135814,0.03479666869516412,0.07540722213177496,0.00022721899035722475,0.0127977399718193
19,1.815384601562895e-05,0.0010610047635009247,0.0005337669873330002,0.00017242648018021066,0.013629570505992736,0.0652634442795588,0.09847348455549491,0.0124746996737297,0.0005384201631397217,0.0010485334790623216,0.5687702643432243,5.93846354373298e-05,1.6494201675251964e-07,0.007480910826627979,0.03934899899031566,0.0009784659222719925,0.0014802284670726307,0.0001668780723326047,0.10613987154267374,4.312685603262594e-06,0.0018336173395791296,0.028352162873055836,0.04787752215848753,0.0003025926198549735,0.003991119847438445
20,8.769931423838248e-06,0.0004993356959613231,0.0002723786481235751,0.00010078984918845083,0.0077734792733700625,0.055959135977881894,0.044726712891231375,0.016489825897378494,0.0003217182057114791,0.0005703279527915851,0.6419337558110012,3.0136351575845423e-05,7.917895337020238e-08,0.005686451893570303,0.05907042366728307,0.0009278780946962546,0.001264633939015173,0.00013572838913622403,0.09769737447749652,2.9863083431647525e-06,0.0011153696111926709,0.03543810676231532,0.027560303788138448,0.000168871148352409,0.0022454262558678655
21,2.0958682751813082e-05,0.0011936779882936997,0.00039513557463565125,0.00017559793226954397,0.01318797973423626,0.10256469132799435,0.05897090279585916,0.013339392026210088,0.0006579801352714921,0.0012592990193257495,0.5655667918958763,4.300929140415842e-05,1.6234859212376038e-07,0.010479234068012263,0.03425645352981899,0.0017033172831299893,0.0012888389318033541,0.00023054093877339238,0.13226253420803288,5.652409745499549e-06,0.0015764196967923616,0.02337805911202405,0.03422478384306174,0.0003852480590836678,0.0028333391670014633
22,2.4812496198870237e-05,0.0005089001700762947,0.0003229247151659183,8.568256616181385e-05,0.01420247744525568,0.11726708295342783,0.025899985147306834,0.007889001264903701,0.0003364382842267119,0.0007171844451091672,0.6351332619871313,1.2870648890425901e-05,1.2588866174426594e-07,0.006002571123952381,0.03101622219682608,0.0007254394784001397,0.003724461129394511,0.00037545572920463126,0.09388179608880616,4.6194950976387695e-06,0.0011125156590532986,0.023835024334531114,0.03312139003635078,0.0002960937426419791,0.0035036629732251006
23,1.8200734838763242e-05,0.0008510695033397493,0.00035501051825184856,0.00011176890319281747,0.015078550975998181,0.09477310431866733,0.047594353081112505,0.009491337885209518,0.0003887219026144598,0.0008320461531514429,0.6114959676494292,2.4146676214204347e-05,1.24575662864532e-07,0.007473185808561417,0.03043171114307647,0.0007809206815899935,0.0018198696939236818,0.00016995524502447273,0.1100691153406347,4.5382907625665545e-06,0.0011586973600070988,0.018277052384231073,0.04533695056209182,0.0003022285451468595,0.003161372067267022
24,2.1431859415831288e-05,0.0012926275156978063,0.0002917799502779112,0.0001676200630382633,0.015227283457534565,0.09898246115753212,0.042869894603197393,0.009650242107263013,0.0003830248201682752,0.001134697321939445,0.5990592862837514,2.6247704334185123e-05,1.3495682724622027e-07,0.012267786304353297,0.021543824705273707,0.0008250248236682606,0.002170014718256197,0.00021063344135789725,0.11336324610013032,6.0606146923363335e-06,0.0011088287573199353,0.019072858468476436,0.05685022192525612,0.00035751785955576024,0.003117250480682345
25,3.691358453715276e-06,0.00026332136389221417,0.00011287869085440646,8.357917753998804e-05,0.005401941376525275,0.030248843146266594,0.024276847811592187,0.01330131212070598,0.00010712923677249364,0.0002324579170466355,0.8273140921131553,1.3073607627441703e-05,2.924951110656047e-08,0.006135921217588857,0.010257456732481013,0.0003951329712137342,0.0005638976431779395,5.142486847006265e-05,0.04234946545413032,1.5492184208041689e-06,0.00037120652212613325,0.010096702479794353,0.027744041707545217,0.00013551606072294267,0.0005384879543852645
26,4.0487150396201e-05,0.0007154087170634352,0.00046903361004162767,9.382076434556841e-05,0.01612056595741784,0.1507100239895315,0.019939856278546133,0.003866556387049765,0.0004008860038105876,0.0006680665915565399,0.581444890478225,1.2761063261040509e-05,2.41145224740718e-07,0.003912386570501252,0.009145295529535193,0.0005006855165002989,0.0028596235292770423,0.00022780452896261957,0.1359407669745094,6.291167521793286e-06,0.0009158183166319585,0.008657063327261754,0.060159418933401494,0.001032863754304403,0.002159383715122752
27,1.875694384516169e-05,0.0008699203769071844,0.00036421489238510984,0.00011244854261707786,0.015519707591765332,0.09611029287952186,0.048589433794229205,0.009396094237012266,0.0003904300492259191,0.0008500294109291073,0.6086732174538731,2.4209837245322525e-05,1.2710054890374392e-07,0.007539926700083162,0.029888499089622742,0.0007761656774367262,0.0018296974013090129,0.00017060976464505144,0.11015025206207041,4.618416996663659e-06,0.0011652493254206003,0.01769439585358606,0.0463228491636939,0.0003065822512078278,0.0032322711838223424
28,1.8200734838763242e-05,0.0008510695033397493,0.00035501051825184856,0.00011176890319281747,0.015078550975998181,0.09477310431866733,0.047594353081112505,0.009491337885209518,0.0003887219026144598,0.0008320461531514429,0.6114959676494292,2.4146676214204347e-05,1.24575662864532e-07,0.007473185808561417,0.03043171114307647,0.0007809206815899935,0.0018198696939236818,0.00016995524502447273,0.1100691153406347,4.5382907625665545e-06,0.0011586973600070988,0.018277052384231073,0.04533695056209182,0.0003022285451468595,0.003161372067267022
29,1.8200734838763242e-05,0.0008510695033397493,0.00035501051825184856,0.00011176890319281747,0.015078550975998181,0.09477310431866733,0.047594353081112505,0.009491337885209518,0.0003887219026144598,0.0008320461531514429,0.6114959676494292,2.4146676214204347e-05,1.24575662864532e-07,0.007473185808561417,0.03043171114307647,0.0007809206815899935,0.0018198696939236818,0.00016995524502447273,0.1100691153406347,4.5382907625665545e-06,0.0011586973600070988,0.018277052384231073,0.04533695056209182,0.0003022285451468595,0.003161372067267022
30,1.8200734838763242e-05,0.0008510695033397493,0.00035501051825184856,0.00011176890319281747,0.015078550975998181,0.09477310431866733,0.047594353081112505,0.009491337885209518,0.0003887219026144598,0.0008320461531514429,0.6114959676494292,2.4146676214204347e-05,1.24575662864532e-07,0.007473185808561417,0.03043171114307647,0.0007809206815899935,0.0018198696939236818,0.00016995524502447273,0.1100691153406347,4.5382907625665545e-06,0.0011586973600070988,0.018277052384231073,0.04533695056209182,0.0003022285451468595,0.003161372067267022
31,3.944935053116097e-05,0.00108257746063239,0.0007324209696708835,0.00012908767403198724,0.014211798217889796,0.09075053958708458,0.07221520725249748,0.02005588147258925,0.0002976956322393317,0.0015409023706891827,0.5526372720314174,2.4991506931543423e-05,1.2271311455217245e-07,0.00866271799811915,0.02048776792249949,0.0006570913505969774,0.001605420214996814,0.00023186906643057062,0.14552359606743817,4.863858189712541e-06,0.0009634835989324151,0.01289204476621625,0.05162839499872462,0.00031102122719868546,0.0033137826913376914
32,1.938214976629082e-05,0.0008802810262099931,0.0003473199950027389,9.97629268259838e-05,0.014036059368367963,0.09487673697280109,0.04474464891407677,0.009646526364300434,0.00039590456218469033,0.0008136948974631331,0.5961465155971191,2.400103982914876e-05,1.258407467612077e-07,0.006867264930000661,0.030483164047038054,0.000772196251143001,0.0017526915543162364,0.00016532277197403163,0.13407805764430225,4.2626330966071814e-06,0.0011164041928550048,0.018590821706697604,0.04095308293596437,0.00031571791624802106,0.00287005376167013
33,3.7429189610650054e-05,0.001333590862826425,0.0008120580271123832,0.00010436262089718252,0.021249624195412316,0.10561415205182284,0.08980878163953801,0.008564888459595573,0.0008179179096734801,0.0009561470166292291,0.511283275254266,3.564629216107767e-05,1.2854665736691346e-07,0.005522756631301188,0.07186721203001901,0.0008359333984184406,0.001228016583647779,0.00021339443562881668,0.12229544671796098,4.132251713676215e-06,0.0014617111408340659,0.01588351914169754,0.03295217295583949,0.0002752763992511668,0.006842426247485334
34,9.862651383282624e-06,0.0006744048191311054,0.0002844802265139178,0.00019046947174083302,0.01567181439188713,0.09100667589412835,0.05476926903947553,0.010006084739139866,0.00024260666222505255,0.0012971573792587455,0.6186718917179488,2.3103129639819894e-05,1.0614409782392572e-07,0.011946732719184373,0.028087962788106494,0.0009170016655797793,0.0023511742350280384,0.00018243107035663647,0.05215229611251245,6.805179969690166e-06,0.001464133292014129,0.021243144889015658,0.08432621502589256,0.00023601353074569433,0.004238163225024155
35,0.00013198186403196624,0.0010972385153097722,0.001128212185952706,0.0001966974652380283,0.011815456721974102,0.08091206100638536,0.11664137785735405,0.027882911321626385,0.0011420421340081522,0.0017499700829966731,0.4393098764141382,7.27142046668268e-05,2.5324113485618354e-07,0.006715756471952833,0.031042079974336983,0.0011604334546102498,0.002406402200483752,0.001411028652487704,0.20935550324661514,3.968208249309513e-06,0.002295485953755262,0.03846005616430343,0.01895217428178409,0.000474530969175307,0.0056417874074288854
36,1.6744206818819982e-05,0.00064349325615565,0.00029388944837451203,8.706019154044667e-05,0.010489706198846944,0.049011038268948266,0.057731102967498046,0.019884178515455327,0.0004038716516005847,0.0005485475382432861,0.5918703654656882,5.1077174087626014e-05,1.7201282084931814e-07,0.006836601967530966,0.046143136101376776,0.001127083115256013,0.0016584462330186892,0.00014338887391333963,0.15296781379508229,3.5437585813530885e-06,0.0009554336447765682,0.033281454139436055,0.023141157549528904,0.000199099298851017,0.002511594626569187
37,5.411940416348419e-05,0.0012511018063314572,0.0006922723827602834,0.00017104104730913296,0.014848187775720074,0.09593206917809965,0.061781801886780466,0.008249640622252198,0.000445929438860224,0.0015789515651700042,0.569296582759133,3.0258805803129714e-05,1.7490222694251332e-07,0.006738177452596585,0.013952167838491748,0.000615895854666882,0.0020515534980535127,0.00037147925166278233,0.13585512358073187,5.654108952063822e-06,0.0012942942854627841,0.015606538656799653,0.06468854975634611,0.0007367979337016544,0.0037516362079243596
38,1.5880185762991876e-05,0.0008090690631475751,0.00032158630736813583,0.00012243246130326518,0.01419191738965596,0.08573854260774143,0.04516002079755316,0.009724972382884136,0.0003540807196247849,0.0008062754711394468,0.6290285204942347,2.4980785819543105e-05,1.2304972512990647e-07,0.007903520914292762,0.028073408158118585,0.0007405815384892524,0.0020017714565372007,0.00016800337326024634,0.1001006310810605,4.771892526988932e-06,0.001223133236771473,0.02008433686622316,0.05005892870248003,0.000293762168045401,0.0030487488962340353
39,1.7677885691849726e-05,0.0007614049736034741,0.0003737454888654904,0.00010826770915960634,0.014313989440761824,0.10306561090408932,0.04559451068521859,0.010099849125065986,0.00038685610302152966,0.0008323599652523625,0.6005862851533297,2.318497848880064e-05,1.3178613103281415e-07,0.006899014502101922,0.03115718799515742,0.0008315215423211142,0.0019158184179226565,0.00017313829412787907,0.11637372431776638,4.514853591220807e-06,0.0012430599913035895,0.018639030404421608,0.04325338940595988,0.00030560603383034037,0.0030401200428165666
40,2.0346492107575214e-05,0.0009168798553566485,0.0004327961909653504,0.00010034894320969256,0.01626261831289897,0.09543513915240216,0.0555701123801428,0.0089126114237382,0.0004620205678633631,0.0007671682133390061,0.5930931919533516,2.861150864193748e-05,1.3818705370788775e-07,0.007178659106520014,0.03910034051494379,0.0007434631605990449,0.0016564191978712503,0.00015881358524829384,0.11369252673200185,4.121464326620193e-06,0.0011767123210951142,0.018330244791958102,0.04181745587256054,0.00027868745073190835,0.003860572621072421
41,4.196566577384571e-05,0.0009717614653806534,0.0005950066880828155,4.900638157477654e-05,0.07541932435532471,0.10191539491231547,0.08350447296829847,0.007854280323060854,0.0013798893802748043,0.0003057306251453348,0.5291938755678839,1.9079255543276462e-05,2.1570307844485273e-07,0.003683703314979106,0.09730427821147397,0.0016329941473772168,0.0009934496519322762,0.00011932853697053326,0.07003184229698622,4.899452763004141e-06,0.0004845317740359303,0.005797051378375653,0.013927682918922131,0.0001976429638277003,0.004572592060618989
42,1.5872409688606902e-05,0.0007559437817205372,0.0003392200017442202,0.00010887193428262671,0.012239714350519317,0.09288803430488779,0.04360479113392627,0.010932518412630859,0.0003784809532115849,0.0008253446539637893,0.6023274741285598,2.4944323312992183e-05,1.2326491077162915e-07,0.006589706196346986,0.03249579727699513,0.0008869498053957668,0.0017598416705802238,0.00016346361598835682,0.12713578211260715,4.33313789345338e-06,0.0012169773975580873,0.02142158220508911,0.0409082276555115,0.0003054104038402988,0.002670594868834714
43,1.3192704482586758e-05,0.0008088951232036012,0.0003838959085446911,0.00015660360609031696,0.010959809001073814,0.2114795535225682,0.038578240218261284,0.01281613893739159,0.00037538508921947566,0.0034610237342329896,0.3890065086594236,1.7800123338273455e-05,1.7522960294629314e-07,0.007912197569806892,0.032473941953084735,0.0017764375881854841,0.003644070250764989,0.0003408346937475479,0.1761553702368656,1.0094867434644618e-05,0.0037174641283792276,0.037531289398302414,0.06459017084844905,0.0004362813456062372,0.0033546252619398335
44,1.8200734838763242e-05,0.0008510695033397493,0.00035501051825184856,0.00011176890319281747,0.015078550975998181,0.09477310431866733,0.047594353081112505,0.009491337885209518,0.0003887219026144598,0.0008320461531514429,0.6114959676494292,2.4146676214204347e-05,1.24575662864532e-07,0.007473185808561417,0.03043171114307647,0.0007809206815899935,0.0018198696939236818,0.00016995524502447273,0.1100691153406347,4.5382907625665545e-06,0.0011586973600070988,0.018277052384231073,0.04533695056209182,0.0003022285451468595,0.003161372067267022
45,3.7859294543018466e-05,0.004552913840204465,0.00019958305374885834,0.0002444708312370975,0.03367618538865271,0.09325339085658917,0.03728981588815945,0.0010626703660571559,0.0002888729186985993,0.003067450608317115,0.2320738832723869,3.340480206278258e-05,3.1206785271978393e-07,0.04105936552619214,0.00301257867011004,0.00011874554204460994,0.012822885442628303,0.00035834160256413577,0.06058493359841437,1.601220671165768e-05,0.005756205519874102,0.015081945330098646,0.4389410769231702,0.0004707869084130575,0.01599630954126902
46,7.155197731142437e-06,0.0002728053483608557,0.00013515871273284426,0.00012011231157632013,0.006577497163003515,0.10538270251962974,0.009861067435454805,0.0066273833119928,0.00014524168953334037,0.00041763476260186404,0.6510436308423807,1.2617774364895624e-05,1.9516495875408045e-07,0.006819188025372358,0.014301957380848971,0.0005293854876550779,0.009395051711768845,0.00018468428203229987,0.08567191214240763,5.387254118229457e-06,0.0014320554427736804,0.03865336940302887,0.060208579504150574,0.00030817918619770315,0.001887047945323975
47,4.2014421935664326e-05,0.0011226867377095208,0.0005132710591259476,0.00010499737249747366,0.018361128767822026,0.09323791085178174,0.07070667374765774,0.01015206094093242,0.0008063349651150204,0.001212381241986453,0.42802815007631567,6.218370434147178e-05,4.0486629258575536e-07,0.005915699318110294,0.053827897184461425,0.0016585541091583503,0.003351823568010887,0.0002983604874768336,0.22664383553642853,7.149896680171492e-06,0.002290575800051248,0.039901969965103284,0.035336565221134826,0.00045338388389032147,0.0059639862759801624
48,1.8602126389018205e-05,0.0008019995184956438,0.0003909213928663438,0.00011907795491798286,0.016582748311604213,0.09140901414413428,0.05347720395395825,0.009788485203462366,0.00041768720229279886,0.0008158322695844079,0.619185648793017,2.6500988521489058e-05,1.2995251112650297e-07,0.007733135973957951,0.03564123747850514,0.0008293984938099118,0.001832664215296813,0.00018545577408615694,0.09117424422247469,4.7876015116349475e-06,0.0012433512009336727,0.018823933819141034,0.04547713345014258,0.0002789536634116878,0.0037418522949737142
49,2.020152518041259e-05,0.000893214383457665,0.0002804244506809321,8.534413032164164e-05,0.020186904099771828,0.08981933249122355,0.047421620514502626,0.009623390290478697,0.00040580059303089457,0.0007058089514523233,0.6158391131828074,1.8951366926060172e-05,1.1165757837539979e-07,0.0069819926622263035,0.03173676170295622,0.0008405006929687611,0.0018554893982873015,0.0001633359408463093,0.11795725826184572,4.4093255333398004e-06,0.0009265744104005296,0.015550803548119222,0.03553858232025454,0.0002652921666328995,0.0028787819325166784
50,1.3769462181856717e-05,0.0006310527208432797,0.00024618581298202784,0.00010529090532995875,0.010931131869744223,0.12583753393448505,0.014726159830485998,0.00479509377146335,0.0005755014989344094,0.000324582086439076,0.661550149687505,1.3056082665067078e-05,1.0772236023128215e-07,0.004153310612563983,0.02537350377832794,0.0007668915452902003,0.0019932691601972745,0.00015757666789387013,0.09950449591243332,3.9035912944495815e-06,0.001019063835741112,0.016558644206135897,0.028683010516187584,0.00043039959245759897,0.001606315196057316
51,2.0508849158858803e-05,0.001954861721205813,0.0003035764396053957,0.0001965736193639312,0.007412565705582993,0.06369388091144544,0.04271855785246635,0.012008530537654665,0.00042931469246165397,0.0009296708748123786,0.6095271746094061,3.392402458570117e-05,5.844747610688131e-08,0.011357661294238685,0.029292291253787125,0.0005078840195031014,0.0013573812791120908,0.00019690370547478957,0.1441503762532468,2.937822241286882e-06,0.0010437715515433635,0.032544702317959,0.037477908803211696,0.0002496569577354783,0.0025893264567213646
52,2.0894235612924607e-05,0.0004976172322001941,0.0003049563622985451,7.638809884769488e-05,0.013676443262579767,0.14433614477875722,0.027151907862931025,0.008225377548347127,0.00039504035840896227,0.0007060463719442578,0.6169579569156143,1.175715330995962e-05,1.0273397722691537e-07,0.006821348967725757,0.03878238787488104,0.0008970116413038594,0.002034478089541984,0.0003252962619185221,0.09168703979176383,3.8157817706141545e-06,0.0007896858138409602,0.01778464138965425,0.025098423873701484,0.0002567454904248668,0.003158492108643818
53,8.1074984682499e-06,0.0005366219771831893,0.00032595709110203757,9.075029229128442e-05,0.019193405881436996,0.033397616565185195,0.14741496959239223,0.01144479186992972,0.0002674220698329806,0.0006027865320756787,0.631905291531053,4.1990881423826175e-05,8.51389843938895e-08,0.006024361816150026,0.03847102101372719,0.000668398318367248,0.0006279953231990891,6.773601216262487e-05,0.04484358029602424,2.8987338624073454e-06,0.0008619678474272752,0.012622922531338768,0.04720202940424437,0.00014990287560580953,0.0032273889065322263
54,4.117606081658251e-05,0.0026363482055657074,0.0004677246319153812,0.00010992598348177956,0.028813032405483247,0.11658183513106188,0.09070917598544029,0.008339972076089656,0.0006791107484715181,0.0016547703129440622,0.42687370263297336,3.799655319597928e-05,1.3887404624103314e-07,0.014137273343271344,0.08393563010447652,0.0009990843384291626,0.001772259948255584,0.00021131349730092275,0.14375528917536817,5.857834931439712e-06,0.001123203603945587,0.021257674472173062,0.0449903981488845,0.00019797052685973333,0.010669135404618321
55,2.1732425848478755e-05,0.0009268895932074501,0.00039965948180565816,0.00012016437989514484,0.015180523839715514,0.09398714482936221,0.053694090762421064,0.009587727641299426,0.0004987491508911143,0.0008277316286248941,0.5957228257812682,3.113577505431742e-05,1.5079176758241678e-07,0.007274017879196228,0.03244672294632784,0.000851479911808817,0.0017420289038899241,0.00019194434135241722,0.12091797446577188,4.481030802977379e-06,0.0012800312395593026,0.019575261250068643,0.04097530194894552,0.0003394931058839816,0.003402736895231275
56,1.9670674404651878e-05,0.0008583221840530736,0.00036834498756559917,0.00011150059738805213,0.015188906354325332,0.09293630381062759,0.04872541054133487,0.009319858510707973,0.0004096429042231904,0.0008045345726809051,0.606252448081099,2.7584299682707258e-05,1.5119438063305183e-07,0.007506987603028945,0.03013593576819025,0.0007634195260302466,0.0019111569216502488,0.00017299930451623874,0.11599825850390702,4.6411762646018576e-06,0.001197027580832159,0.018679619294650056,0.04499087336637229,0.00031949721323115297,0.003296905028853178
57,2.0612766309681853e-05,0.0010045376033448578,0.00035470352248347315,0.00011024485910801778,0.014934103867389095,0.07231695703084423,0.05996489195665459,0.012800525395960145,0.0005150728379494957,0.0009909701455887792,0.5086383048974668,5.572692469740567e-05,2.9587356118333347e-07,0.007384449409846401,0.04049115863303164,0.0011702190990024925,0.0027552929115504388,0.0001722093200132842,0.1901819988335787,6.896983218752844e-06,0.0017244301351835465,0.03470970576923424,0.04551508731196358,0.0003393319391309706,0.003842271972888253
58,1.9779030507902656e-05,0.0007843386178496795,0.0003552629285201995,0.00010433784185739827,0.013389702335471165,0.09031157554035843,0.042688143394010704,0.008156724155008276,0.00039768865214747913,0.0006930017974780189,0.6244731066108143,2.5905474387040176e-05,1.4273882238175133e-07,0.006082818664105703,0.02297353630734996,0.0006940012417484187,0.0015467063906873797,0.0001542943393738206,0.12391314556358941,4.053051531358329e-06,0.0010493299961610134,0.015456131154484527,0.043810909642297134,0.0004078809028294879,0.002507483628609029
59,1.829049618054453e-05,0.0007665973846603231,0.0004071080110875451,0.00011083617329084356,0.012854271794297035,0.09352985920721925,0.04351651179018899,0.008553784993593366,0.00039524850209762423,0.0007446600289413266,0.6253913421743231,2.431130816311515e-05,1.2663500638769428e-07,0.005644852018647424,0.02475969221984264,0.0007354902359945661,0.0014240221850126676,0.00014715177340703946,0.11593931602741545,4.244267269038374e-06,0.001107142362150689,0.015299951414191952,0.045765189189898824,0.0004075116605378807,0.0024524881465822733
60,1.8200734838763242e-05,0.0008510695033397493,0.00035501051825184856,0.00011176890319281747,0.015078550975998181,0.09477310431866733,0.047594353081112505,0.009491337885209518,0.0003887219026144598,0.0008320461531514429,0.6114959676494292,2.4146676214204347e-05,1.24575662864532e-07,0.007473185808561417,0.03043171114307647,0.0007809206815899935,0.0018198696939236818,0.00016995524502447273,0.1100691153406347,4.5382907625665545e-06,0.0011586973600070988,0.018277052384231073,0.04533695056209182,0.0003022285451468595,0.003161372067267022
61,1.8885374075864133e-05,0.0007805146295679928,0.0004084729906643683,0.00010888509516565972,0.013351466316785646,0.09132599846677947,0.04614342525583941,0.00886924530745154,0.00039208067067288393,0.0007647147098139273,0.6214110252906677,2.536437366222629e-05,1.3438997716626256e-07,0.005855414537615811,0.025683391293932,0.0007274648684459433,0.0014692489107339807,0.0001512317788831022,0.11707127243209847,4.298680062909489e-06,0.0011077447113235469,0.015644107952541234,0.0456974968784948,0.00039288731011947786,0.002595227774624893
62,1.8200734838763242e-05,0.0008510695033397493,0.00035501051825184856,0.00011176890319281747,0.015078550975998181,0.09477310431866733,0.047594353081112505,0.009491337885209518,0.0003887219026144598,0.0008320461531514429,0.6114959676494292,2.4146676214204347e-05,1.24575662864532e-07,0.007473185808561417,0.03043171114307647,0.0007809206815899935,0.0018198696939236818,0.00016995524502447273,0.1100691153406347,4.5382907625665545e-06,0.0011586973600070988,0.018277052384231073,0.04533695056209182,0.0003022285451468595,0.003161372067267022
63,2.0185325805335497e-05,0.0010959804275203343,0.0003633018158151157,0.00011626731082591387,0.015942119049150487,0.0960580300251115,0.04847568046787634,0.008844362215989261,0.0004171775326041083,0.0009186827050276918,0.5912546264155225,2.5471927616769856e-05,1.2667171496499248e-07,0.007946050267721444,0.03154451831145894,0.0007518461416716819,0.0018434800256666923,0.00016633706907011285,0.12207923003849881,4.8306881684847235e-06,0.0012058325158327515,0.018651359476350184,0.04855793645330816,0.00031439234572742817,0.003402174775944839
64,1.7805921298272545e-05,0.0009583141773177289,0.0003878899670579807,0.0001326231935475976,0.015083859861959842,0.10443780137745,0.05167048997259135,0.009246024424808624,0.0004417914435675952,0.0010413735033588019,0.572268765866566,3.023199965844623e-05,1.555755170737982e-07,0.008391697842405395,0.03257117418586967,0.0008203258659524686,0.0021677724089727095,0.00019437875930779718,0.11675067135348875,5.362408941404399e-06,0.0018396451977361178,0.022889270466750752,0.05451639085810763,0.000334815241765288,0.0038013681260028478
65,2.254353389158896e-05,0.0006643690945379016,0.00022145742924836238,6.674011206840488e-05,0.014767256857003258,0.08111992992777534,0.02416885587005532,0.005046970780003098,0.0006547479875360575,0.000266395585034469,0.6698554684314697,2.190026369340003e-05,1.642300083254792e-07,0.0041967089709505755,0.026001007363892804,0.0007356872300219834,0.0017994674753785515,0.00016208556418690048,0.1293443212032194,2.9514826023434683e-06,0.0006865879116764022,0.016864612453699922,0.020984020074115987,0.0004000602263915378,0.0019456899415382194
66,2.1001672874888746e-05,0.0007901511338165914,0.00041239143534304695,9.924365744397286e-05,0.01770383737784593,0.11277411196937194,0.04594449474184679,0.008160817875417867,0.0003904803638523294,0.0009123522685562282,0.5915512844115594,2.0518598957704834e-05,1.5014334151978287e-07,0.006299290668019286,0.02802629686623692,0.000787114157440401,0.0020541187924279143,0.00018028942358238746,0.11387258608685268,5.351024735333325e-06,0.001264007619279166,0.015379147318127746,0.049651015408483164,0.0003713204212893969,0.0033286265632974086
67,2.1233815930363355e-05,0.0010134016915157237,0.0003712891998036946,9.754733101412405e-05,0.016080818381751193,0.07740993167250632,0.0591910724220149,0.010576178886725077,0.0004577265915953267,0.0007994094688125216,0.5985290606670027,2.791143981091258e-05,1.1104267293863535e-07,0.006567712989214018,0.03760511452868307,0.0007968651974773753,0.0015132491397545566,0.00016287395375686923,0.12804190753496586,3.928107545143762e-06,0.0010718154813676958,0.019751379254356775,0.03643044823298786,0.0002726570360894796,0.003206355932645444
68,2.008854349647895e-05,0.0008885207215007761,0.0004490783210023907,0.00014460091297891368,0.012962245809001759,0.09846556413887257,0.04967045051408367,0.010024468469857344,0.0003982921431954113,0.000984927379087071,0.6046168127199869,2.79741044740066e-05,1.29352419072382e-07,0.00795702390186719,0.024153418712463168,0.0007458452819596725,0.0018266975803056676,0.0001954033470239477,0.10844985059544596,4.690056578862444e-06,0.0014460325466157668,0.018790749974676762,0.054227557262320494,0.0003623645791002517,0.0031872130316859034
69,3.5178995813821752e-06,0.0003614301049553219,0.00020364053067238336,8.74619607488195e-05,0.006282726080978339,0.05109441733976055,0.024782405909908465,0.0068209295363422465,0.00011496383905640972,0.00036757417612274054,0.7678879124974519,1.1220288738340713e-05,3.4963755026434865e-08,0.003176000788975783,0.00939727861509967,0.0003659716199887126,0.00037375067438946095,2.8286229361791807e-05,0.058374511965921465,2.2464760954181385e-06,0.0006625421644614346,0.005677669619210988,0.06304415080173986,0.0003568079511675184,0.0005225479655158541
70,3.049677525712571e-05,0.0007753134181863608,0.0006457543835464951,0.00016364054216413883,0.02134098677926838,0.08860926309041062,0.08154708638335548,0.022135019665889495,0.00044630036010056987,0.0011265373983277047,0.586903183042026,3.301915086455125e-05,1.8316754842145328e-07,0.01245363985081407,0.05027361214906179,0.0014184696827051378,0.002404453523407572,0.0003061386178654249,0.06587397145705302,7.547278277722035e-06,0.0009168385530162786,0.020222642849904028,0.03629408487255251,0.00018220398437336158,0.005889613024023539
71,1.9674240743029263e-05,0.0011675307310717521,0.00033611102371631704,0.00012478545211557824,0.023766034198031975,0.08998045399859499,0.0587469294135639,0.009457857678552147,0.00041296387972152,0.001117629750438634,0.5783582007155641,2.7426003664912372e-05,1.6313499949969513e-07,0.009112051476227928,0.031154846135288745,0.0009536111149156773,0.002046739530587826,0.00015510671787119694,0.10569688654343788,7.952461502554623e-06,0.0012619985400463603,0.01639093924933192,0.06548564974474087,0.00034084295657925374,0.0038776153086915333
72,1.8291946407957203e-05,0.000977290759735767,0.000325423347013829,0.00011366378584745036,0.016692120893452348,0.09192903206088932,0.04636916296531914,0.008422519839816008,0.00036118140216826947,0.0008844683693714435,0.6075609100371895,2.3273275359035492e-05,1.2035595226374778e-07,0.008206064547034705,0.030000637873490724,0.0007089863978229899,0.0020153076190013433,0.0001601907758612844,0.10640310613035181,5.066812722689946e-06,0.0011112146723320623,0.018296109543289103,0.055548717676106495,0.0002972985026717431,0.0035698404107927834
73,2.1757426048837372e-05,0.001407108963251983,0.0004058696936213462,0.00018099827908245534,0.013462328524520213,0.14130425916140849,0.04190048328881588,0.01105394411421086,0.0005542915704930093,0.0009847258721574807,0.5921602087248637,1.877441480737829e-05,8.018420679516993e-08,0.011016512586377002,0.018056399702779263,0.0009010833525267864,0.0011219727693672933,0.0001817654178269678,0.11352966357483378,3.909760467419908e-06,0.0009279284816106453,0.011094725588382946,0.037324552471890815,0.00034172418508154895,0.0020449318913670746
