,0,1,2,3,4,5,6,7,8,9,10,11,12,13,14,15,16,17,18,19,20,21,22,23,24
0,0.00024142152600326925,1.1769589626376114e-07,5.525998598555483e-07,0.000907774208519805,1.079169293753086e-06,0.9762423385367889,0.00011831506281593759,8.220043774537662e-06,3.1984539883055346e-05,6.513246527914288e-05,2.2977663738179297e-05,1.6954266040931745e-08,1.8147433662347236e-06,1.8192678206007871e-09,0.0005270155127481373,0.00032328567570436456,0.000155276605930325,0.0007837455884832673,0.014503567499387648,1.882899765371152e-07,4.815991126334408e-06,6.89480985396072e-06,0.006051925678202807,1.444589094100193e-06,9.273073998639269e-08
1,5.6762025772107636e-05,3.046240551801378e-08,2.2462701794289918e-07,0.0001894013433838168,2.159866755354522e-07,0.986930874724447,3.748400320511776e-05,3.981831228708747e-06,7.1366189656144e-05,0.00011398358550140795,7.087866184056519e-06,2.5995277016195585e-09,7.178135281932548e-07,1.887771050764994e-09,0.0003204504777252621,9.605597624148584e-05,1.1632452964093164e-05,0.00041397011103223825,0.009351525077902673,1.4224022820107833e-07,1.7938751881982922e-06,4.795957145915008e-06,0.0023869197411121403,5.23836829983371e-07,5.53073255853759e-08
2,6.85807511039027e-05,4.007459009160015e-08,2.1053782276531274e-07,0.00021283646517102547,3.02206713917961e-07,0.9882147750221351,3.3966603920769086e-05,4.8464342180610644e-06,7.675281760487357e-05,0.0001097748152214358,1.047717281216315e-05,3.3694464916421294e-09,6.908144731048702e-07,2.78584101238549e-09,0.00047613464079140997,7.652422135713947e-05,1.3833961169889925e-05,0.00038154570043097386,0.007891212825528229,1.5460399036141852e-07,1.6594543016844917e-06,7.207083806212453e-06,0.002417922344344671,4.7267889432651567e-07,7.261431047891311e-08
3,8.058216963206899e-05,3.65887752606365e-08,2.0474036024987229e-07,0.00022742587628811245,2.5978948113550764e-07,0.9874095939834124,3.8664867099841684e-05,4.032923693645438e-06,5.909058733099213e-05,8.631274407376981e-05,9.943716522124178e-06,3.1251638790293684e-09,8.090744748641297e-07,1.873587964220346e-09,0.00037018418115374155,7.64535997000449e-05,1.5021853458083952e-05,0.0004279688307584567,0.00866834378125172,1.268297542745466e-07,1.8170170821629425e-06,6.043086045062581e-06,0.002516543837996837,4.824665775685595e-07,5.245632561254333e-08
4,9.419297982611507e-05,4.454888380665779e-08,2.443133832230303e-07,0.0002562016443209267,3.064711262789451e-07,0.9858243585587492,4.5398460414513665e-05,4.6644893209026925e-06,7.036536951123238e-05,9.79438490914926e-05,1.1799103644597978e-05,3.765806321795144e-09,1.0777556902696642e-06,2.4669793034857994e-09,0.00038288080773488705,8.044610137866219e-05,1.631379687373125e-05,0.000523495847822478,0.009858844133500374,1.5862500052529887e-07,2.26393350528262e-06,7.437902784811599e-06,0.002720903031952734,5.923564111489937e-07,5.968628724508457e-08
5,8.514234032656365e-05,3.7007741225591817e-08,2.4573703968992896e-07,0.0002950698789408951,3.1783225837802595e-07,0.9862648054680261,3.955709090419732e-05,4.090123959323861e-06,6.326964357945841e-05,9.953243677815509e-05,1.0155998650081843e-05,2.9407549970803123e-09,9.061892461770083e-07,2.276241619096698e-09,0.00029908066178765676,7.193758644441968e-05,1.550362284613941e-05,0.0006490765401245098,0.008685644658241953,1.576085759832549e-07,2.239013881340582e-06,4.927727412761829e-06,0.0034076537842717964,5.986633887948113e-07,4.516857761043086e-08
6,8.058216963206899e-05,3.65887752606365e-08,2.0474036024987229e-07,0.00022742587628811245,2.5978948113550764e-07,0.9874095939834124,3.8664867099841684e-05,4.032923693645438e-06,5.909058733099213e-05,8.631274407376981e-05,9.943716522124178e-06,3.1251638790293684e-09,8.090744748641297e-07,1.873587964220346e-09,0.00037018418115374155,7.64535997000449e-05,1.5021853458083952e-05,0.0004279688307584567,0.00866834378125172,1.268297542745466e-07,1.8170170821629425e-06,6.043086045062581e-06,0.002516543837996837,4.824665775685595e-07,5.245632561254333e-08
7,7.538342018023016e-05,3.577606299017748e-08,1.9949396545962454e-07,0.00022542094712103513,2.5699038002997483e-07,0.9875462981741775,3.752000029223792e-05,3.912259531182547e-06,5.908176442486409e-05,8.720429294389677e-05,9.362627042831821e-06,3.0252401581149824e-09,7.550583761948885e-07,1.8746445276965524e-09,0.0003658949385445619,7.701968652814026e-05,1.4859105006987966e-05,0.00041961295998481856,0.008488105283771427,1.2549387711126e-07,1.7823344590339311e-06,5.753345078905552e-06,0.0025808768178887335,4.815693027857155e-07,5.2761174218020584e-08
8,9.80135968661696e-05,4.677937561366524e-08,4.7301713011061795e-07,0.0003304160237341833,3.4314814033674925e-07,0.9883504444545521,2.192367863331807e-05,2.5843219030867077e-06,7.6093583352838e-05,0.00015679115311776346,6.710493281732213e-06,2.9452721053316865e-09,7.914643994833075e-07,2.6622186934621253e-09,0.0004124299496125132,0.00010599098759986019,2.2725040889163962e-05,0.0003457000621673092,0.005047595575009665,2.0185121626413175e-07,1.525215316940246e-06,3.9618187553040944e-06,0.005013864530144846,1.278662758493247e-06,8.898455216695197e-08
9,5.9838531295899676e-05,6.49249257645745e-08,5.077901533797819e-07,0.0003477932811748604,2.8830000701124286e-07,0.9853214408638121,2.4808535593030254e-05,3.929922223275632e-06,9.222043315922864e-05,0.00029593579572166065,5.714475210460048e-06,2.864249696250087e-09,8.615639121069296e-07,4.334076796394764e-09,0.00043358145839256105,0.0001684337835419042,2.269736582128966e-05,0.00045819615820125897,0.007819650097383557,3.1228869599689926e-07,2.025832075852738e-06,4.5490174709189e-06,0.004935772056025382,1.26263556056041e-06,1.0769131515870425e-07
10,8.058216963206899e-05,3.65887752606365e-08,2.0474036024987229e-07,0.00022742587628811245,2.5978948113550764e-07,0.9874095939834124,3.8664867099841684e-05,4.032923693645438e-06,5.909058733099213e-05,8.631274407376981e-05,9.943716522124178e-06,3.1251638790293684e-09,8.090744748641297e-07,1.873587964220346e-09,0.00037018418115374155,7.64535997000449e-05,1.5021853458083952e-05,0.0004279688307584567,0.00866834378125172,1.268297542745466e-07,1.8170170821629425e-06,6.043086045062581e-06,0.002516543837996837,4.824665775685595e-07,5.245632561254333e-08
11,9.393149805865533e-05,4.0912526016275756e-08,2.2788239122885474e-07,0.0002477374769046477,2.925919117931336e-07,0.9865180030376606,4.3464541347902685e-05,4.370834009754576e-06,6.451727546075417e-05,8.826955161606258e-05,1.1399504962890279e-05,3.7090056377360218e-09,9.999490130116628e-07,2.0780018683309695e-09,0.00039310228816228455,8.155182628140143e-05,1.6213967577076578e-05,0.00046711915055358257,0.00936164307284609,1.4460172428279576e-07,2.014353916114926e-06,7.011667484058431e-06,0.0025973091150633437,5.715038763848651e-07,5.760964449435816e-08
12,8.321151552972744e-05,5.7420214291458766e-08,1.4773350972657267e-07,0.00038959573638577306,1.1604418466839633e-07,0.9691638797970019,6.37207727510204e-05,7.867906115292354e-06,5.22304119679924e-05,9.751641245269723e-05,1.0963901363840232e-05,4.730416482447578e-09,1.333820282497562e-06,1.4999794344600075e-09,0.000731723691169791,0.00015311099094033744,1.4789308458748598e-05,0.0004749671604099539,0.026992049598055682,9.669181923857986e-08,1.7800096759846002e-06,9.626031015819413e-06,0.001750820950792612,3.379026535331617e-07,4.996285283472182e-08
13,0.00024319456014231967,9.513183201891288e-08,2.8285433312929764e-07,0.00029502992628015033,6.589659364061862e-07,0.977967703470148,7.128539181105877e-05,1.584028279690135e-05,0.00010020434970209247,8.485508477385455e-05,6.552169343114157e-05,1.2798164703827437e-08,2.0208700542720297e-06,6.269437106500855e-09,0.0010923437049014182,7.707067783546626e-05,2.8865607668498933e-05,0.0006518257379619605,0.01733429061929654,1.9113175409173274e-07,3.879743934446368e-06,3.611278068627742e-05,0.0019280510381104214,5.143198349633607e-07,1.4298917263392353e-07
14,0.00013440041069871287,1.2501154665082714e-07,2.9672445936062857e-07,0.0006029179528899769,1.0026253569927427e-06,0.9696004189544488,6.72307790229748e-05,5.315627449259054e-06,6.6847199190425e-05,0.00013560344952326462,2.677870906356932e-05,4.155603984715147e-09,2.286261198416453e-06,3.829585117784456e-09,0.0003588538420779425,6.451748029349289e-05,3.33839056037685e-05,0.0011822409818247528,0.023891177056080636,1.962451856105036e-07,7.271502994174922e-06,1.0612666160238692e-05,0.0038075854026861644,8.828422196365788e-07,4.638483626948297e-08
15,8.058216963206899e-05,3.65887752606365e-08,2.0474036024987229e-07,0.00022742587628811245,2.5978948113550764e-07,0.9874095939834124,3.8664867099841684e-05,4.032923693645438e-06,5.909058733099213e-05,8.631274407376981e-05,9.943716522124178e-06,3.1251638790293684e-09,8.090744748641297e-07,1.873587964220346e-09,0.00037018418115374155,7.64535997000449e-05,1.5021853458083952e-05,0.0004279688307584567,0.00866834378125172,1.268297542745466e-07,1.8170170821629425e-06,6.043086045062581e-06,0.002516543837996837,4.824665775685595e-07,5.245632561254333e-08
16,0.00011756810446143966,5.2986058905450924e-08,1.8738615763433447e-07,0.00025690677842685585,2.990993619784031e-07,0.9828831629856662,5.1966400347580876e-05,6.700712361105415e-06,6.408238686143753e-05,8.177004183986542e-05,1.7994332695613955e-05,5.8696741579823055e-09,1.0681682705025058e-06,2.6822440758254114e-09,0.0006283299861886953,8.439841609510388e-05,1.894085096601388e-05,0.0004975595155395818,0.013204754373939028,1.1825336566172966e-07,2.25217890172015e-06,1.2412211475156699e-05,0.0020689944206404272,3.98450221543624e-07,7.340823958507952e-08
17,0.00015852981096336856,4.510784255424505e-08,3.2748685079275453e-07,0.00025284536224441016,6.355886087671991e-07,0.9852961402788124,6.965909901969823e-05,4.805738457552105e-06,8.298050815560055e-05,6.737426630595775e-05,2.052760258763844e-05,5.3651318123200465e-09,1.4150195473663084e-06,3.362162816076069e-09,0.00024796675173985463,5.512234471189073e-05,2.352615894290342e-05,0.0008202014867197368,0.008926143489977131,1.6576791626151684e-07,4.497872947114897e-06,8.492787500923608e-06,0.003957650215042697,8.766197100643671e-07,6.190810036409439e-08
18,7.202924042857161e-05,4.243242121949622e-08,2.840928991344725e-07,0.00016422530197742502,2.5533204036432585e-07,0.9844473386096879,4.624070223720935e-05,3.949169606685556e-06,6.925325103101956e-05,0.00010718905973276789,9.21899974560071e-06,4.518632361407031e-09,7.383582046533939e-07,2.823421771119742e-09,0.00044382170554969913,0.0001390223050963845,2.4421330782932362e-05,0.00042277922992706515,0.010502398725837152,1.629038665169998e-07,2.6932284975203855e-06,6.5825534724743665e-06,0.0035364678516142324,7.608638131498066e-07,1.1740947643912132e-07
19,4.194414564769643e-05,3.66012575195084e-08,1.4113146251335856e-07,0.0002676238889768934,2.7875771036387937e-07,0.9900673783080269,3.177535865056617e-05,2.6523187892668597e-06,6.785458659906966e-05,9.200694867332387e-05,5.81561379257417e-06,2.6864275068570653e-09,6.137043660898588e-07,1.6064693097523535e-09,0.00038244213219968933,6.304028536497749e-05,1.02830797617386e-05,0.0002335918951719508,0.006711043575168583,1.1555750740995378e-07,1.0122773678795768e-06,4.8491516936864026e-06,0.002014993708830186,4.5592165181904155e-07,4.675843231391126e-08
20,8.081064053486082e-05,5.144609670833012e-08,1.632916304297954e-07,0.0002297192478449073,2.6931119526272295e-07,0.9855553636477671,4.0051071194453226e-05,5.567219531286215e-06,7.653038073683795e-05,9.969945369553375e-05,1.4405102849428847e-05,3.4927763523738323e-09,1.1143045594444466e-06,2.7473860211247795e-09,0.0005714888783223179,6.22450471526687e-05,1.237593175408579e-05,0.00037264808142784315,0.01112793422772472,1.4955521651944484e-07,1.8616844927860415e-06,1.285493452720248e-05,0.0017342311765450934,3.983101512913986e-07,6.081488688914343e-08
21,0.00023687022542212926,6.798010098074673e-08,7.806082193841567e-07,0.0004100131572093321,4.4326585414155606e-07,0.9796105096471904,6.892809919733324e-05,9.40203463342325e-06,7.572048719755971e-05,0.00014751239494252628,1.8338531706439893e-05,9.018390797531763e-09,2.0495381974872332e-06,4.7264604164028864e-09,0.00032744082268895214,0.0002055293494952029,4.470151268358066e-05,0.001512470122220921,0.01182558073533069,3.0246878652965566e-07,5.137588128789936e-06,8.026418992639333e-06,0.005488710334346304,1.3539163062167874e-06,9.701629789317168e-08
22,0.00012247035049235846,4.377757575708698e-08,3.7718718857641955e-07,0.00023094972317830371,2.8674579130891056e-07,0.9869701146139341,3.5842002424359236e-05,6.084549293504116e-06,4.0773111149788955e-05,0.0001170636382097565,1.4229262416330375e-05,3.145941454044322e-09,1.034995643596208e-06,2.7716059069825703e-09,0.000271410187895767,8.697298507050854e-05,2.7172200740809693e-05,0.0008017015601825619,0.007920995271574936,1.8091803100412062e-07,3.5474482883891277e-06,6.1775675841718216e-06,0.0033420527435711216,4.6552995584825263e-07,4.7712259857420004e-08
23,8.058216963206899e-05,3.65887752606365e-08,2.0474036024987229e-07,0.00022742587628811245,2.5978948113550764e-07,0.9874095939834124,3.8664867099841684e-05,4.032923693645438e-06,5.909058733099213e-05,8.631274407376981e-05,9.943716522124178e-06,3.1251638790293684e-09,8.090744748641297e-07,1.873587964220346e-09,0.00037018418115374155,7.64535997000449e-05,1.5021853458083952e-05,0.0004279688307584567,0.00866834378125172,1.268297542745466e-07,1.8170170821629425e-06,6.043086045062581e-06,0.002516543837996837,4.824665775685595e-07,5.245632561254333e-08
24,7.384467866276319e-05,6.554123210773959e-08,2.0104884621722447e-07,0.00046937189759422253,3.24245910150098e-07,0.9797334478927676,4.8832821175362026e-05,4.777868304922124e-06,6.887154158634805e-05,0.00012601599491309662,9.693911080467638e-06,3.48707450915102e-09,1.0867881340548067e-06,2.6823400755537078e-09,0.00047642756007551567,9.453860515094947e-05,1.8467582911458707e-05,0.0006203464311317787,0.014903475144526123,1.547309953116567e-07,2.3591562131221935e-06,6.881963226491652e-06,0.0033401638100781406,5.918447972218031e-07,5.277127170903334e-08
25,0.00015705850933663817,3.8548942671630044e-08,2.970042839419647e-07,0.0002877859708078567,5.489245750209035e-07,0.9846725145389749,8.235787332697348e-05,1.4118495437145217e-05,5.851773399425377e-05,6.536906434277338e-05,3.0569559417563927e-05,6.8177938342740135e-09,1.330189925301064e-06,3.349595320092631e-09,0.0002570256917360891,7.554408402233887e-05,2.3239925994992994e-05,0.0013576137068531113,0.0099219750597266,1.9946999179161928e-07,4.374422896002978e-06,9.237599431500757e-06,0.0029797839623693294,4.4219914768368704e-07,4.72970763076877e-08
26,9.784434557445065e-05,2.628842584284605e-08,4.2714537328349235e-07,0.0002657392559876956,3.791842840285961e-07,0.9879247534811144,2.649319300038884e-05,2.2377517273337656e-06,8.29436492528951e-05,0.00011191748728232584,6.61158480633488e-06,1.984757269224719e-09,7.132311865156027e-07,2.4112987004973003e-09,0.00015507907589760992,5.817836792700746e-05,1.449228102632365e-05,0.0007128585669714475,0.004241810230921085,1.7851920736159307e-07,2.1691407147215427e-06,2.3365472350164065e-06,0.006291558878152853,1.2034297575185862e-06,4.396811737976839e-08
27,0.00018528952976013912,6.480546387511818e-08,8.275512017850483e-07,0.00044950438006166946,4.784195941803982e-07,0.9741712934075862,6.0132713909696035e-05,6.570278391194558e-06,3.536738026552552e-05,0.00014989498817854016,1.7295950133478757e-05,4.314424683942989e-09,1.4160793693823808e-06,3.5284358502608e-09,0.0002474967596150733,0.00016984452383421954,8.564984152848449e-05,0.0018295831884146002,0.013276724101850022,2.475910802495154e-07,8.116206300354197e-06,3.879565335963548e-06,0.009299298184934392,9.55747676388284e-07,6.096265397971211e-08
28,8.058216963206899e-05,3.65887752606365e-08,2.0474036024987229e-07,0.00022742587628811245,2.5978948113550764e-07,0.9874095939834124,3.8664867099841684e-05,4.032923693645438e-06,5.909058733099213e-05,8.631274407376981e-05,9.943716522124178e-06,3.1251638790293684e-09,8.090744748641297e-07,1.873587964220346e-09,0.00037018418115374155,7.64535997000449e-05,1.5021853458083952e-05,0.0004279688307584567,0.00866834378125172,1.268297542745466e-07,1.8170170821629425e-06,6.043086045062581e-06,0.002516543837996837,4.824665775685595e-07,5.245632561254333e-08
29,8.058216963206899e-05,3.65887752606365e-08,2.0474036024987229e-07,0.00022742587628811245,2.5978948113550764e-07,0.9874095939834124,3.8664867099841684e-05,4.032923693645438e-06,5.909058733099213e-05,8.631274407376981e-05,9.943716522124178e-06,3.1251638790293684e-09,8.090744748641297e-07,1.873587964220346e-09,0.00037018418115374155,7.64535997000449e-05,1.5021853458083952e-05,0.0004279688307584567,0.00866834378125172,1.268297542745466e-07,1.8170170821629425e-06,6.043086045062581e-06,0.002516543837996837,4.824665775685595e-07,5.245632561254333e-08
30,8.058216963206899e-05,3.65887752606365e-08,2.0474036024987229e-07,0.00022742587628811245,2.5978948113550764e-07,0.9874095939834124,3.8664867099841684e-05,4.032923693645438e-06,5.909058733099213e-05,8.631274407376981e-05,9.943716522124178e-06,3.1251638790293684e-09,8.090744748641297e-07,1.873587964220346e-09,0.00037018418115374155,7.64535997000449e-05,1.5021853458083952e-05,0.0004279688307584567,0.00866834378125172,1.268297542745466e-07,1.8170170821629425e-06,6.043086045062581e-06,0.002516543837996837,4.824665775685595e-07,5.245632561254333e-08
31,0.0001552923064198045,5.713002286614785e-08,4.885810974129573e-07,0.0002770553129966359,2.6886424497402847e-07,0.9842100084493696,5.3141350750986894e-05,9.593785364106654e-06,5.955576601036946e-05,0.00013361931382984278,1.413173645216814e-05,4.968312492465319e-09,1.2857242991068274e-06,3.2392192842455256e-09,0.0003403138564382678,0.00015029862387964425,3.00990322741852e-05,0.0008462153057352561,0.01016731602297939,1.9688829069103632e-07,3.6010377961104076e-06,7.610804070295315e-06,0.0035391444778909175,6.265599673333361e-07,7.086228831119931e-08
32,7.613306673228709e-05,3.670067020379587e-08,1.9031971848609229e-07,0.000235057749274731,2.525010250809858e-07,0.9858372609375554,4.054872392551665e-05,3.978039327373215e-06,5.884246782501672e-05,8.638096529414564e-05,9.837951037816437e-06,3.063213203431429e-09,8.350246765693152e-07,1.785699098677405e-09,0.0004092640770933266,8.063447030318149e-05,1.4551334018827607e-05,0.0004246643915551225,0.010228731184974802,1.2600610299441128e-07,1.8925578292382222e-06,6.182966064754104e-06,0.002484051747968863,4.893017019805064e-07,5.26664119862277e-08
33,0.0002894309835096322,8.527807103791373e-08,3.1458104837183523e-07,0.0005975518921039751,4.758116591270182e-07,0.9696994798590103,0.000128205333003508,1.1595650392422292e-05,4.8211918216173705e-05,6.455259197539541e-05,3.3268798548334805e-05,1.3007186398746357e-08,3.5365476844957905e-06,2.2905952749507245e-09,0.0004474920754927097,0.0001783658178337728,4.9575063076401265e-05,0.0013571560591750169,0.023921006088639753,1.9197717174371858e-07,5.107786335677287e-06,1.6530456205697425e-05,0.0031468903361602475,9.013341893446316e-07,5.8462715227127144e-08
34,4.3487057954444844e-05,4.372656840902682e-08,1.8554160411347462e-07,0.00021765167838174178,2.1649400746054482e-07,0.9890744002282168,3.280832088694966e-05,3.7257636126982505e-06,5.555123154386476e-05,0.00011712029361194429,6.157716638100834e-06,2.9440664425100035e-09,6.104432907390015e-07,2.15970273144216e-09,0.0003241634351846511,9.771876387771473e-05,1.6233194273023956e-05,0.00032686574391400377,0.007179608015830597,1.4452907320169962e-07,1.512081387500252e-06,5.2330630681322746e-06,0.002496041574969846,4.570112318091492e-07,5.898710325909661e-08
35,0.0001538101695970335,3.191381861128866e-08,2.411389273363351e-07,0.00018700807928134888,1.6970605754561912e-07,0.9825469571300511,7.308413203931655e-05,7.1954685646495776e-06,5.94168186413989e-05,6.699610390722224e-05,1.3342190154599112e-05,5.614556341456688e-09,1.5198257492150887e-06,1.4060504828889583e-09,0.0002302068726274198,0.00014246754762731377,1.734710043852073e-05,0.0008402326997706068,0.013631748914546547,1.1490608597644363e-07,2.900046850985413e-06,8.126082451543624e-06,0.002016465633443222,5.695003632684738e-07,4.0998398415853613e-08
36,8.089325425714485e-05,6.705282075166063e-08,2.4481567500324056e-07,0.00027074352222903974,1.6438338910832056e-07,0.9825328353259174,5.401969200129693e-05,1.0613746740559719e-05,7.320756082298807e-05,0.00015860761233121184,1.0244589461980126e-05,5.783231075588445e-09,1.1170830605298124e-06,3.696773467293439e-09,0.0005082772374813214,0.00017810548108586975,2.270396796481203e-05,0.0005674054603658641,0.013352143564396514,1.7150731175552564e-07,2.1775333350763768e-06,1.1812051580876092e-05,0.0021639725957038826,3.852811081103753e-07,7.720095431302212e-08
37,0.00021239200256563718,4.5956048962901814e-08,5.257239214963529e-07,0.0002739239401510905,5.171366431147765e-07,0.9855671828111091,6.353530785839207e-05,4.348604757316963e-06,8.673080485710732e-05,8.670332254822783e-05,1.634144411110921e-05,6.491743929020444e-09,1.6520342626156907e-06,3.076972995038137e-09,0.0002461380288805149,9.147220249039246e-05,2.68275102073322e-05,0.0009013022065647364,0.007971794117647854,1.9657984358517336e-07,3.560479856331049e-06,6.808435198643675e-06,0.004436599260250434,1.3159226141345682e-06,7.659889503633581e-08
38,0.0003294513534828504,1.2781053219438124e-06,1.4875798436979668e-06,0.0017306164168578767,1.5341718784177375e-05,0.9709221418359366,5.35927096596648e-05,2.1379609695886327e-05,0.0008784314179216387,0.0006770386440141764,0.0001703306925412952,2.4971717817290582e-08,3.47893517504657e-06,1.9085868317850885e-07,0.0013145669713807665,4.184436243579962e-05,9.351780669718527e-05,0.0011646516478132478,0.013355546061598812,6.953072542280875e-07,1.4351073082794575e-05,7.280241787652334e-05,0.009132669247400332,3.861836332385229e-06,7.08418492139759e-07
39,7.77283991496416e-05,3.315700881435541e-08,2.0071041692142354e-07,0.00020485646136054656,2.3564777620107628e-07,0.9878176753966256,4.027432304976573e-05,4.35689704104422e-06,5.298568550381612e-05,7.969741200729321e-05,9.742743747210189e-06,3.2250668988179524e-09,7.784180785253683e-07,1.6988717394319096e-09,0.00034702155406364965,8.347033355993897e-05,1.5345122896003256e-05,0.0004168598021215522,0.00845910638997277,1.2407265670366891e-07,1.8566408674727806e-06,5.908771596502704e-06,0.002381237046354397,4.490700477414066e-07,5.1020159296451305e-08
40,0.00011911875693046482,4.292481390597507e-08,2.476326222344522e-07,0.00016889205013098505,2.926875030874243e-07,0.991340054549994,3.45853313689648e-05,3.836823352205681e-06,5.99256718081264e-05,7.011279196598873e-05,1.3918311679158334e-05,4.322427432213879e-09,8.960203969487402e-07,2.106219730346917e-09,0.0004259009516880285,5.474724429645037e-05,1.6570015648327857e-05,0.0002680623452980503,0.005593815252880095,1.1137185810850529e-07,1.5335115243690223e-06,9.144104529960006e-06,0.001817700687395166,4.16036145384045e-07,6.849752284923789e-08
41,2.1662662393156083e-05,8.910542541920145e-09,4.3336883522789515e-08,0.00021613959485554165,2.5951821800963016e-07,0.9952030260742233,1.106389734555191e-05,9.240443998478061e-07,4.899071374867069e-05,3.3213892636036426e-05,3.5206595630543325e-06,1.0283368994622553e-09,1.3034030482524462e-07,3.714388882343342e-10,0.0005757080989544984,1.893978036452786e-05,2.7676054863817914e-06,6.056840278663481e-05,0.002683848796360668,3.4396369483446696e-08,1.662477366347918e-07,1.589926643115389e-06,0.0011171889450504267,1.8038367518357887e-07,2.2371682786887498e-08
42,0.00010201515412353721,3.007765602167189e-08,3.7720688719285205e-07,0.0003250351162714584,4.5322478136519456e-07,0.9851889708908442,3.371370007523166e-05,3.099121612180034e-06,7.789501656599148e-05,0.000103442565191405,1.0013437456872966e-05,2.7261380468961305e-09,6.061482105139953e-07,3.2640409931104426e-09,0.00023121676972539629,5.179579501556104e-05,1.72950664938606e-05,0.00093224103622463,0.005819967910844007,1.528961968951884e-07,2.479338755475328e-06,2.5359156969557987e-06,0.007095794499433108,8.106463735535857e-07,5.24753853886767e-08
43,2.6860048369818005e-05,1.791428387698315e-08,1.2000099340797058e-07,0.00011148623936871242,1.521156894567327e-07,0.9922122033757355,1.7344150994557734e-05,2.604596580465425e-06,4.3309592257091746e-05,9.781984451148931e-05,4.858702988009488e-06,1.0208435818822096e-09,3.5943964855776795e-07,1.1530975888011178e-09,0.0002982419124778052,4.93515466646874e-05,6.66377636657605e-06,0.00018692733500061924,0.005406124135244183,1.066222076380724e-07,1.1397093300610584e-06,3.507372350430849e-06,0.0015305196213391112,2.472175305043794e-07,3.255612631582551e-08
44,8.058216963206899e-05,3.65887752606365e-08,2.0474036024987229e-07,0.00022742587628811245,2.5978948113550764e-07,0.9874095939834124,3.8664867099841684e-05,4.032923693645438e-06,5.909058733099213e-05,8.631274407376981e-05,9.943716522124178e-06,3.1251638790293684e-09,8.090744748641297e-07,1.873587964220346e-09,0.00037018418115374155,7.64535997000449e-05,1.5021853458083952e-05,0.0004279688307584567,0.00866834378125172,1.268297542745466e-07,1.8170170821629425e-06,6.043086045062581e-06,0.002516543837996837,4.824665775685595e-07,5.245632561254333e-08
45,0.00010403120003349013,4.887415825361426e-08,2.998969652794423e-07,0.0002418679758874423,2.863963870762978e-07,0.9861241461483328,3.880447311481362e-05,4.507230944053797e-06,6.255092900392528e-05,0.00011254641237104769,1.1550431778776339e-05,3.4390341538558312e-09,9.901059871953987e-07,2.759661549227968e-09,0.00033261328590279015,8.362695876991906e-05,2.0642415464885182e-05,0.0005792364560580331,0.009028253518646378,1.5218693431333544e-07,2.6747442132490956e-06,6.730596456193243e-06,0.0032437684154428383,6.030102913952002e-07,6.213816003378732e-08
46,0.00020460010182442334,8.800065587605152e-08,2.6664525330544014e-07,0.0003902656128488619,3.2382975298561046e-07,0.9858812300119959,5.879184568233662e-05,5.765074071163071e-06,2.5789448770138817e-05,5.7472189996561745e-05,1.7065115508505684e-05,1.0334435449909873e-08,1.603571506692632e-06,1.3081777173561518e-09,0.000635759428309401,0.00018794682292780032,6.926630197456452e-05,0.00032732302711925294,0.009764206402880459,1.1791531215061711e-07,2.070309628672008e-06,1.2918376368481547e-05,0.0023564586188273727,5.841294161141172e-07,7.557675602528071e-08
47,0.00016952047325059948,1.1071043600716343e-07,2.7129085354033916e-07,0.0002453650897058636,2.624905204498293e-07,0.9835264097998502,6.903972308316759e-05,6.974721106625198e-06,7.177534585537873e-05,9.689552798934746e-05,1.6967264322761773e-05,1.0584122292690207e-08,2.1527312343927007e-06,2.346733385631125e-09,0.0006677139493496998,0.00018097456275801101,3.247744679406753e-05,0.000323011862132738,0.013022567633037463,1.5710083950612008e-07,1.976944614329189e-06,2.1824252805364353e-05,0.0015427207016821814,7.06164383568001e-07,1.1128253914680582e-07
48,7.905983323959947e-05,2.5894659011184906e-08,1.9754617346301341e-07,0.0001878357731305139,2.6745784423312777e-07,0.9890778753130841,3.450560504880812e-05,3.5775085255268816e-06,6.642457006998201e-05,7.593176382216695e-05,1.0029612968312647e-05,2.7128072728235627e-09,7.106304518988096e-07,1.7418679730696457e-09,0.00031974570936034626,5.984483364689784e-05,1.106102109197707e-05,0.000422678752595857,0.007244621259047133,1.2163259515505875e-07,1.6186193903959164e-06,5.26173521633349e-06,0.0023980668963718955,4.849400503672234e-07,4.863694063468056e-08
49,7.844208310094227e-05,8.976128833774849e-08,1.7773267224696955e-07,0.0005414686615516055,4.71414437127839e-07,0.9513740137195476,5.875674572492094e-05,5.66548305626243e-06,8.8784733652681e-05,0.00016254882490642945,1.5103416908562097e-05,3.744487995769144e-09,1.116361852663687e-06,3.331267997923247e-09,0.0012344728117726477,0.00015359823284302255,2.890840977222813e-05,0.0006584466800959668,0.041411097828976846,1.6178046871506986e-07,3.5454610918461094e-06,1.098136364194749e-05,0.004171230914454615,8.049406432832309e-07,1.0556178361142787e-07
50,5.361028671213658e-05,4.755615550989897e-08,1.930462934191878e-07,0.00020056656928425963,2.3164500227932393e-07,0.9851141891773508,4.851688804811318e-05,5.2220225256490394e-06,7.542519515519713e-05,0.00012764533991866626,8.515472399754286e-06,3.2170860857559293e-09,9.201237389093526e-07,2.476300371368532e-09,0.0004186358607740537,8.633972361354934e-05,1.2225494770352142e-05,0.00034619244040553923,0.011721971397483684,1.42167113140531e-07,2.0023063562596173e-06,8.274646270153321e-06,0.0017686770081375845,3.8828631906589284e-07,6.165278561116273e-08
51,0.0001082890322976457,1.3348322337047095e-07,2.6268597289628244e-07,0.0005544801381586253,3.7583977097784704e-07,0.9797137691037031,4.780612975638225e-05,8.623172625989484e-06,8.259384869416185e-05,0.00017164595571581495,1.6084163805566903e-05,5.777430631113564e-09,1.5853274991757835e-06,4.530837779612825e-09,0.0007222760443696236,9.936672022179595e-05,2.180992775534042e-05,0.0005633654032970899,0.01552345735585541,1.791358415715236e-07,2.4301879410357264e-06,1.4253505522782113e-05,0.0023466197949095235,5.077280367028338e-07,7.500675656798719e-08
52,0.00032934448706987144,2.5920548983895675e-07,9.653071076811893e-07,0.0002435078990164072,7.4458659463655465e-06,0.979284585729394,0.0005260800448328404,5.120530348910544e-06,0.00015291566196027478,2.1315176633322652e-05,9.879860339826129e-05,5.1221685409596734e-08,1.9474087094819214e-06,1.0291744052186424e-08,0.0004266068226382145,5.6268142635815686e-05,0.000209251267972029,0.00024202830020698664,0.008543990413599462,1.1220688956545792e-07,2.9671745249733762e-05,1.664755496103593e-05,0.00979914839645954,3.2986611857467205e-06,6.290548652202724e-07
53,4.8299403411553755e-05,1.6529220374176754e-08,1.0542582416184886e-07,0.000127350669614533,1.599447464416043e-07,0.9908941074892025,5.267038329258259e-05,3.3715497307183886e-06,5.294525098365076e-05,3.904923926066144e-05,6.748874175092493e-06,3.0239475810362576e-09,4.288484273793412e-07,1.0582753393986733e-09,0.00026802684355224616,5.920402865196014e-05,9.023014149273333e-06,0.000300115439816116,0.006020784318090609,7.872197828831754e-08,1.0603763025121037e-06,3.855295361701431e-06,0.0021122785262392887,2.746648907530183e-07,4.108085482145469e-08
54,5.2873563501699214e-05,8.662341663944781e-08,2.389807251534087e-07,0.00020782904335069164,2.2934491637136577e-07,0.9853554473614542,3.75575459161583e-05,5.0840607329512295e-06,0.0001078391637266543,0.00018946790787974926,7.46267803362316e-06,5.975351846466732e-09,7.041997608926905e-07,3.827538917858467e-09,0.0008278887017717371,0.0001775279828822517,1.8959277592577223e-05,0.0002243694785533592,0.010672756568570094,1.6363182802058915e-07,1.2733160219496458e-06,1.0350798369698177e-05,0.0021010849454683807,6.152043492962758e-07,1.7981828731400087e-07
55,7.280554950885296e-05,1.8080121126297327e-08,1.2323757064522077e-07,0.00023581062074907742,3.3391145584261365e-07,0.9881749818155832,7.314916281599907e-05,2.3853773447539098e-06,9.163873738916986e-05,3.2658905239115375e-05,8.191549646392347e-06,5.478115546159924e-09,7.211918818026027e-07,1.048996709457384e-09,0.00024269155067556636,6.053941080034186e-05,8.277277386498787e-06,0.0004292291189528121,0.007914417744103347,8.317319816847507e-08,1.160340021006872e-06,3.803653163195111e-06,0.002646168829046492,7.593166787827641e-07,4.491955548246809e-08
56,8.639330613778777e-05,3.859737212090511e-08,2.1302465431731589e-07,0.00023349835648794795,2.705137486469632e-07,0.9870202653348353,4.1281177691197246e-05,4.199773665377846e-06,6.138264987672926e-05,8.60681963343153e-05,1.0675879784649045e-05,3.417936395882634e-09,8.983069353204124e-07,1.9716884892796344e-09,0.0003783068361690914,7.77885480743748e-05,1.5435365072158326e-05,0.00044498140623574714,0.008997977727525848,1.338369443540146e-07,1.9195559884289314e-06,6.543440464013994e-06,0.0025311525695413256,5.155843015548696e-07,5.4622534508367446e-08
57,0.00010272665288961309,7.676548842804573e-08,2.7828786758703246e-07,0.00031332883973572587,3.280074557932958e-07,0.9712964870518113,7.163114932385948e-05,6.309103946898513e-06,7.516946435007361e-05,0.00013051751466478038,1.4196698003666023e-05,5.287342479609456e-09,1.7717573651123504e-06,2.7614218018083735e-09,0.0005704020234849163,0.00015218404141748213,2.3854417943472923e-05,0.0005983068126620851,0.02411495940876811,1.7912142797018383e-07,3.946398745699912e-06,1.1890747191796789e-05,0.002510606711074773,7.572256181712034e-07,8.374999845443672e-08
58,8.246953722244772e-05,3.684994952346617e-08,2.1872284474580453e-07,0.0002408283021960019,3.1102616726837574e-07,0.9867923185724413,4.060997996348913e-05,3.365606488117793e-06,6.846451297451664e-05,8.442994251028313e-05,1.0000509687700725e-05,3.3398361340548425e-09,9.150858528120879e-07,1.8965170399874066e-09,0.00037149790031852577,7.728651250364206e-05,1.4744417838688863e-05,0.0004244534085161365,0.008918831518517344,1.444641551801188e-07,1.925914767400755e-06,5.850910709503239e-06,0.0028605343991876366,6.982731768483553e-07,5.839565783425725e-08
59,8.068398380796859e-05,3.8251267701990736e-08,2.5601302159338335e-07,0.00022742604073578424,3.027485316819425e-07,0.9874467270656833,3.7272028594276644e-05,3.5346536680869486e-06,6.66857171980737e-05,9.897023123785248e-05,9.355770028796632e-06,3.0829850032809176e-09,8.701690875425758e-07,2.0981893294081476e-09,0.00033313888331706676,8.217400713847726e-05,1.597624264842716e-05,0.0004448857101486261,0.00817054198863965,1.545876872743804e-07,2.0752751654149067e-06,5.5046383001887674e-06,0.0029726726562630495,6.887138370699024e-07,5.944281768421697e-08
60,8.058216963206899e-05,3.65887752606365e-08,2.0474036024987229e-07,0.00022742587628811245,2.5978948113550764e-07,0.9874095939834124,3.8664867099841684e-05,4.032923693645438e-06,5.909058733099213e-05,8.631274407376981e-05,9.943716522124178e-06,3.1251638790293684e-09,8.090744748641297e-07,1.873587964220346e-09,0.00037018418115374155,7.64535997000449e-05,1.5021853458083952e-05,0.0004279688307584567,0.00866834378125172,1.268297542745466e-07,1.8170170821629425e-06,6.043086045062581e-06,0.002516543837996837,4.824665775685595e-07,5.245632561254333e-08
61,8.477308344857292e-05,3.5695129972251913e-08,2.620491021552646e-07,0.00021879458439198215,3.0672221557971763e-07,0.988016829050087,3.775790486996118e-05,3.5455222632489643e-06,6.941350729193573e-05,9.463400465293571e-05,9.549095613218158e-06,3.0810647154625397e-09,8.65777044428945e-07,2.107155898079973e-09,0.00030595951041535393,7.482154214330949e-05,1.4886333620910486e-05,0.0004556674364928775,0.007665140530743421,1.4824973346703862e-07,2.0774576514431005e-06,5.381204146150796e-06,0.002938406930148055,6.81473885164656e-07,5.714668834777753e-08
62,8.058216963206899e-05,3.65887752606365e-08,2.0474036024987229e-07,0.00022742587628811245,2.5978948113550764e-07,0.9874095939834124,3.8664867099841684e-05,4.032923693645438e-06,5.909058733099213e-05,8.631274407376981e-05,9.943716522124178e-06,3.1251638790293684e-09,8.090744748641297e-07,1.873587964220346e-09,0.00037018418115374155,7.64535997000449e-05,1.5021853458083952e-05,0.0004279688307584567,0.00866834378125172,1.268297542745466e-07,1.8170170821629425e-06,6.043086045062581e-06,0.002516543837996837,4.824665775685595e-07,5.245632561254333e-08
63,8.51763621134522e-05,4.8183825485145834e-08,2.1783401310216873e-07,0.0002605247168838292,2.7685085149962303e-07,0.9858936242438116,4.1071896055990095e-05,4.463353596481624e-06,6.279757102834841e-05,9.97577196673378e-05,1.0605992218758467e-05,3.52296417218796e-09,9.356341076592745e-07,2.194266754672953e-09,0.00042473859631105107,8.57643904140242e-05,1.7071240300706125e-05,0.0004429402605898982,0.009990799646762829,1.38255777720855e-07,2.0115396374806135e-06,7.174836330054954e-06,0.0025692719226539,5.242859210933236e-07,5.894989688705444e-08
64,0.00010241003856458062,4.5761725260438886e-08,2.975462382946208e-07,0.00023980858400179147,3.2284862621220944e-07,0.9846489869457782,4.6859050957697764e-05,4.880913617442927e-06,6.275334381035348e-05,0.00010138314592603673,1.257378145513122e-05,3.6632940641005427e-09,1.0443071758739885e-06,2.5856437302868224e-09,0.0003482227749122982,8.836635270224019e-05,2.1064726874508866e-05,0.0005827819134505161,0.010511397677959593,1.556061452959476e-07,3.1084954256542307e-06,6.88077722453456e-06,0.003215958870064409,6.266102863501881e-07,6.367813988339872e-08
65,0.00012062305457513605,1.1042144953060813e-07,5.858014167412766e-07,0.0002659473969643116,4.040465798383852e-07,0.9858179416730698,4.0929448395544464e-05,7.84860449557281e-06,0.00014704903955965076,0.0002797931457897322,1.351471427436369e-05,5.44293404854548e-09,1.6327733064111663e-06,8.511045674419622e-09,0.0004152632213409885,0.000116247058434263,2.2924989098428256e-05,0.0006144175022371054,0.009115547918414322,3.100942202989747e-07,3.321023483584095e-06,1.4021515948124353e-05,0.003000454897851417,9.663786764484302e-07,1.3132643840083748e-07
66,0.00021623131896511297,5.197794680691464e-08,6.871081925456158e-07,0.00022666166523786427,3.9760242053203956e-07,0.9875637337354073,6.564024188037452e-05,1.4184493913766572e-05,7.23348892330693e-05,0.00013656053893586654,2.4279358031234352e-05,6.834316032839001e-09,2.3600166315217216e-06,3.4934420162727545e-09,0.00028271381106840604,0.00012874869302689356,2.4415386257566007e-05,0.0009183188171845735,0.008516978131240398,3.0213468988536016e-07,3.2865848566172716e-06,1.2408908590370239e-05,0.0017890620393808806,5.653392928277856e-07,6.687985734392799e-08
67,7.595246337450982e-05,3.7728604338404855e-08,1.632572774881755e-07,0.0002184619720922417,2.5455907756535755e-07,0.9873777082199887,4.0661492079544324e-05,4.002519424693798e-06,6.360983290065499e-05,7.760865040085459e-05,1.0143721592509425e-05,3.3764971158384006e-09,7.967002582223863e-07,1.7008175881166445e-09,0.0004209671407070562,7.239336376305846e-05,1.3073790277543016e-05,0.00035392569708459566,0.009261408115445485,1.0952551781209257e-07,1.5324219363969936e-06,7.145287435792641e-06,0.0019995546918985126,4.307433618589423e-07,5.302818572677307e-08
68,5.8937279642759424e-05,2.618335238670855e-08,2.1540812524863066e-07,0.0002009230425109614,2.5984877457677416e-07,0.9904355801870554,3.0191059921766374e-05,2.7874466006233792e-06,6.941935519348048e-05,8.92418565192333e-05,7.011543831703292e-06,2.495618140715804e-09,5.805184393589284e-07,1.971180273175608e-09,0.00027494995337954173,5.708611972186581e-05,1.0935779184917755e-05,0.0003660189109271689,0.005501567681850872,1.2796417158980085e-07,1.37195592929786e-06,3.817354533362258e-06,0.0028883653864855384,5.299313289910296e-07,5.0765721103093895e-08
69,7.25444640449384e-05,3.035979129958773e-08,3.4681651615625984e-07,0.0001836441159579689,2.3859125392036367e-07,0.9872869717928919,4.108366037321169e-05,5.5105873767389255e-06,6.413755672226185e-05,0.000119609049582856,9.088351833273267e-06,3.0044012370610726e-09,7.712758655306671e-07,3.049257489817377e-09,0.0002317285048311889,9.110396868192925e-05,1.579605680612804e-05,0.0007182245736938215,0.007489716013796163,1.9407510264516524e-07,3.0173645373028165e-06,4.396647654311138e-06,0.003661219334331312,5.622197193815619e-07,5.85649768183237e-08
70,3.941293247017794e-05,1.1422735152797667e-08,1.0229998873136085e-07,0.0003041955909756127,7.160428327909568e-07,0.994161685391016,2.5046802150260915e-05,1.4246567321392152e-06,9.19091432891994e-05,2.8193195936056614e-05,7.333775124937285e-06,1.6879013982686694e-09,2.2828178289120652e-07,1.2315114114286885e-09,0.00028468160399954,9.407088279715943e-06,4.111527511880662e-06,0.0001520364065719344,0.0019971658443941683,6.01837371994562e-08,4.749463059929964e-07,1.7403833204912435e-06,0.0028897143749179845,3.1668788028210893e-07,2.8498633956246452e-08
