,0,1,2,3,4,5,6,7,8,9,10,11,12,13,14,15,16,17,18,19,20,21,22,23,24
0,0.000512325209501559,2.32955938151107e-05,8.89797813505109e-10,1.0408506181056052e-08,8.939157389721689e-07,0.7313593897065334,0.0004476674313504099,1.297999915748769e-08,3.5754274908882385e-08,1.186081173014533e-06,0.0042205455813783535,1.4588552537571586e-06,2.1842727502028786e-11,2.4271445660419865e-05,0.05747567664810545,0.006762534791239647,4.098221297511272e-08,0.00010447654382268703,5.503241405318841e-05,1.4405868298333384e-08,9.094401375508805e-05,0.029681962320450884,0.16923727850447262,1.3976526262337887e-08,9.315246671323665e-07
1,0.0004662722654820314,6.118300515941153e-05,7.76425929485006e-10,2.2745613839190133e-08,9.986839468099721e-07,0.6258309244272404,0.0004488729849284835,2.5123361196062252e-08,5.933432503413365e-08,3.683464685366842e-06,0.0028398668883952817,1.0972031377940708e-06,1.8750643833328496e-11,3.5283847293523416e-05,0.0912208543803248,0.009532657981964624,5.6246680533756824e-08,0.00012772340226132646,0.00012835140082109403,1.6797311141122e-08,0.00026853805748662513,0.04989913189488284,0.21913104795630467,1.6383018341532027e-08,3.3147301983203807e-06
2,0.0005545742935189751,7.067162507335453e-05,5.660924738476405e-10,1.729632888998403e-08,9.436921966637284e-07,0.4832869505990042,0.00025997023543081687,1.7499859585088573e-08,2.936528084015691e-08,2.0374842262104035e-06,0.0027464851623249372,1.2386530080283192e-06,1.7684984190515022e-11,3.133188874663472e-05,0.11052547002128774,0.005753442745796185,1.026967485805823e-07,0.00014872757361667835,6.557225356482208e-05,1.1089322846192705e-08,0.00022096122598621597,0.06614824334877635,0.33018016415767276,1.989661734515011e-08,3.016611833789217e-06
3,0.0005891732515934542,8.015113657498205e-05,6.644011188732775e-10,2.6923486320458767e-08,1.0716294387654905e-06,0.5176387298706419,0.000378475765709605,2.3203470656846248e-08,2.9262577972684554e-08,2.9983863349978947e-06,0.003385836819002069,1.5135128954648126e-06,2.26675239901661e-11,3.677394059682674e-05,0.07359408517205587,0.006076764722450784,9.925982245203081e-08,0.00023319181911304752,7.778401807748745e-05,1.4977148083531077e-08,0.00027542378369534675,0.06343615923850916,0.33418830030752006,2.4106793533297458e-08,3.34820542258331e-06
4,0.000567863526852298,8.176754062025576e-05,7.252258209678706e-10,2.6054702530413284e-08,1.161133239320982e-06,0.5351342805889773,0.0003830048717250708,2.1316591774681365e-08,3.014803870355518e-08,2.913716842112864e-06,0.0033428415069427894,1.5238456389268168e-06,2.7783080677026604e-11,4.063678590206282e-05,0.07302965870308575,0.005900874941374143,9.359204537218895e-08,0.00022787910742289773,7.300054477233697e-05,1.5249310416832787e-08,0.00024933465470668235,0.06061064278374186,0.3203493857623432,2.498076519605172e-08,3.017891350104435e-06
5,0.000525823697761816,8.811561131019766e-05,5.946521444265584e-10,3.581963098697347e-08,1.15534244206723e-06,0.4824912456761601,0.0003588967499393113,2.6236828995639577e-08,2.2812673345390524e-08,3.6103065913496898e-06,0.0033181118549438678,1.5061363173676098e-06,2.5991819147766703e-11,3.607827377649825e-05,0.05636432051190011,0.005396283032965173,1.1383595146323252e-07,0.0003249996010041709,6.698954536831518e-05,1.6469672507760457e-08,0.00031249355069589595,0.06282083901508434,0.38788596296975786,2.9064630879578147e-08,3.323263949421129e-06
6,0.0005891732515934542,8.015113657498205e-05,6.644011188732775e-10,2.6923486320458767e-08,1.0716294387654905e-06,0.5176387298706419,0.000378475765709605,2.3203470656846248e-08,2.9262577972684554e-08,2.9983863349978947e-06,0.003385836819002069,1.5135128954648126e-06,2.26675239901661e-11,3.677394059682674e-05,0.07359408517205587,0.006076764722450784,9.925982245203081e-08,0.00023319181911304752,7.778401807748745e-05,1.4977148083531077e-08,0.00027542378369534675,0.06343615923850916,0.33418830030752006,2.4106793533297458e-08,3.34820542258331e-06
7,0.0005841923639511472,7.899302633292935e-05,6.557786232229716e-10,2.6733369357854172e-08,1.0763234757499762e-06,0.5175968241509706,0.00037022677147820156,2.3073872249861198e-08,2.8913271109146733e-08,2.9877114676199053e-06,0.0033348375596560127,1.5098003770522748e-06,2.2128679830840243e-11,3.6680076198029726e-05,0.07349674741586011,0.006103018891728538,9.891318397746895e-08,0.00023084462999534483,7.786120168309237e-05,1.4707207646283666e-08,0.000277363610236557,0.06335352621855943,0.3344497500931144,2.3711545236928798e-08,3.343424558318948e-06
8,0.0010321755312644155,0.00013361681858329403,1.252927608972091e-09,4.7978421322672006e-08,1.4264878463912392e-06,0.3299694645695683,0.0005300465901067223,4.61894059151466e-08,3.472179240744457e-08,5.855633223712382e-06,0.0019874185577512193,1.7025477614874015e-06,3.877751988804506e-11,4.5663586222358694e-05,0.09023074640769849,0.00942753094713137,2.164099330506163e-07,0.0002434799454307599,8.390874198585393e-05,1.964437053291214e-08,0.0003424770720854304,0.07381796780332144,0.4921380232783176,7.22977888956679e-08,8.056948283993786e-06
9,0.0010546472739500195,0.0001908795113327498,2.1823587582767865e-09,6.685770928003001e-08,1.6011034092109904e-06,0.3595312192691448,0.0009550470663672641,6.449146475733542e-08,6.283952201264571e-08,7.582619047372196e-06,0.003235573260386319,1.8693362549937527e-06,7.624038591606574e-11,4.738584072560683e-05,0.09981348469503434,0.008676927375073537,2.480176754750077e-07,0.00031136011998150374,9.199101416082244e-05,3.556061192429542e-08,0.00033287660974092573,0.07173508706004258,0.45400281037315593,1.253635977782058e-07,9.052083011566261e-06
10,0.0005891732515934542,8.015113657498205e-05,6.644011188732775e-10,2.6923486320458767e-08,1.0716294387654905e-06,0.5176387298706419,0.000378475765709605,2.3203470656846248e-08,2.9262577972684554e-08,2.9983863349978947e-06,0.003385836819002069,1.5135128954648126e-06,2.26675239901661e-11,3.677394059682674e-05,0.07359408517205587,0.006076764722450784,9.925982245203081e-08,0.00023319181911304752,7.778401807748745e-05,1.4977148083531077e-08,0.00027542378369534675,0.06343615923850916,0.33418830030752006,2.4106793533297458e-08,3.34820542258331e-06
11,0.0006152484621703703,8.663081868642708e-05,7.085602390577371e-10,2.8077650645145373e-08,1.098805547600577e-06,0.5140171999447471,0.00039513249548626847,2.3809374245162783e-08,3.031518745502215e-08,3.0789511133629164e-06,0.003466263044954816,1.5847133382110047e-06,2.699753112910519e-11,3.837984892797797e-05,0.07268728394548535,0.005896068476144478,1.0556563743521569e-07,0.00025003419792563974,7.573908475033068e-05,1.6154515364820272e-08,0.00026526488256065935,0.06489348540900347,0.3373038989408523,2.66149357447064e-08,3.3767054469637908e-06
12,0.0007149784649090437,9.733900377301674e-05,1.3501212255826264e-09,3.3116460339152976e-08,7.354959355337041e-07,0.5831382494248641,0.001289361294401955,5.291613890667168e-08,1.9926212245964438e-07,4.544645858392264e-06,0.006446385022827165,1.01995199276797e-06,2.8388066305452552e-11,2.5707829860654088e-05,0.17157398985127512,0.00877729253713674,7.131123104613357e-08,0.00012794521630205,0.0002224274360708559,3.340386820292531e-08,0.00028535103904507044,0.049970125122123274,0.17731857455754704,3.094464230173115e-08,5.55077310475902e-06
13,0.0008649605392015165,6.065491716184904e-05,1.2638667799309702e-09,2.3745162180871052e-08,1.3928914855161818e-06,0.46773578166375385,0.0003736661767159254,2.7595320888321558e-08,4.241815974565922e-08,1.1679898800599367e-06,0.00970398850686376,5.095196935509425e-06,2.3221553458594466e-11,5.5846478404209416e-05,0.1244617561956228,0.004262312494017537,1.8348723170631528e-07,0.0001958036981291444,0.0001136030742877629,1.4591100517386958e-08,0.0003817407900775163,0.09041414985345946,0.30136459909537117,1.7355914461439663e-08,3.1699586546505538e-06
14,0.0006845666695709701,6.661306010434512e-05,7.15502868240069e-10,2.5516878296681274e-08,1.0212098308626505e-06,0.5097496149744082,0.00036388400259906455,2.2212656419323132e-08,2.8953778961894808e-08,2.466262414475686e-06,0.0033911922973607206,1.8030195519082559e-06,2.0863949079633806e-11,3.846789600397622e-05,0.07491653144227275,0.006406514752240188,1.0483544938883217e-07,0.00021532994519408115,7.688481971616752e-05,1.4595786096339759e-08,0.0002654256207568797,0.06289454711415178,0.34092143385062745,2.1458601400800323e-08,3.484753678851241e-06
15,0.0005891732515934542,8.015113657498205e-05,6.644011188732775e-10,2.6923486320458767e-08,1.0716294387654905e-06,0.5176387298706419,0.000378475765709605,2.3203470656846248e-08,2.9262577972684554e-08,2.9983863349978947e-06,0.003385836819002069,1.5135128954648126e-06,2.26675239901661e-11,3.677394059682674e-05,0.07359408517205587,0.006076764722450784,9.925982245203081e-08,0.00023319181911304752,7.778401807748745e-05,1.4977148083531077e-08,0.00027542378369534675,0.06343615923850916,0.33418830030752006,2.4106793533297458e-08,3.34820542258331e-06
16,0.0006054554219998161,9.272028416494892e-05,4.55632843392291e-10,3.3656798878508655e-08,8.862820653379821e-07,0.5114106511855814,0.00035048066081955963,2.820374654482863e-08,2.077925652468293e-08,5.067534450732624e-06,0.0030646520659338536,1.4364039994458975e-06,1.7123816849663366e-11,3.2939801142565906e-05,0.05466982523589745,0.007019026806764598,1.1521394705403416e-07,0.00040294435311136623,7.872054334076763e-05,1.5124565534870497e-08,0.0005391396047408003,0.07456486339438585,0.3471573211597426,2.504559584840627e-08,3.6307651918732123e-06
17,0.0006898540083650105,8.117981095999659e-05,7.48228569038301e-10,4.6934117798682285e-08,1.2254239217883433e-06,0.41773052892491475,0.00036007353037039764,2.563086191617786e-08,1.8778011555688482e-08,3.0874434229082248e-06,0.002919394268910496,2.3434064516593115e-06,3.1930358968272363e-11,5.860395937028527e-05,0.04338257076819319,0.005429183276698368,1.256653626161015e-07,0.00036457234305291357,6.065385859723125e-05,1.7735260419974238e-08,0.0003201303942666842,0.06306735912344817,0.46552466804259945,2.7123184446535398e-08,4.308769498866818e-06
18,0.0016638546138977035,0.00016227332232958777,1.0818093353188583e-09,4.030643110881787e-08,1.0712144890250853e-06,0.3245601842452029,0.00049524526948074,3.4456737794269823e-08,2.2742830754871004e-08,4.062527036538316e-06,0.003329429424955913,3.608538943806661e-06,4.220172273173868e-11,5.012969827600319e-05,0.0638496291046863,0.0055096366908022176,3.5657582476046266e-07,0.0006276317581470914,6.924334038074154e-05,1.7839830754898518e-08,0.00039854570514666885,0.12925025526561595,0.47001733412657776,6.553694353249071e-08,7.326571421292672e-06
19,0.0005399161708480857,8.805703816122806e-05,1.243562283173807e-09,3.412856306835559e-08,1.743637201337561e-06,0.5616082654934387,0.0004184450476734267,3.40460042660815e-08,4.618161031374911e-08,3.930614331593202e-06,0.003677010236905927,2.4553468772367933e-06,3.7851091839829665e-11,5.1931870885752945e-05,0.07598214569428026,0.006451063553106321,1.1509268752383703e-07,0.00023232382632029815,9.663014336584068e-05,2.2821463548730355e-08,0.0002870354048510695,0.08329847654086095,0.2672566570597078,2.8259231679152945e-08,3.63051021045564e-06
20,0.0005911016152381689,0.0001229213336384499,8.253146251616353e-10,2.979994417140709e-08,1.5350949423236847e-06,0.42253948750008746,0.00032110673150515987,4.7765005734101336e-08,4.4550059004346974e-08,4.2584358628452995e-06,0.0033756445228444536,1.86891171305682e-06,2.5256102799202802e-11,3.610832711395763e-05,0.1151705696601625,0.005435018154782997,2.0087820839907282e-07,0.00024889233041009275,0.00011414566967558584,1.705265077084322e-08,0.00040918951527522355,0.13996031894479313,0.31166345072868046,3.531764570487555e-08,4.006309189646312e-06
21,0.0007540021878160746,4.800885968521529e-05,6.995920531607368e-10,2.6068739311659264e-08,7.831807504716175e-07,0.5417919855663018,0.00043306546532475605,1.297255239828855e-08,1.5461008886384316e-08,2.2669319244184847e-06,0.002833784379338947,2.082281076430689e-06,2.6901063211099082e-11,4.500722058798246e-05,0.03944666208461445,0.008105724893797052,6.823736609694863e-08,0.0002484163766273651,4.3343509067988415e-05,1.5860931957898036e-08,0.00021611236787128098,0.03482146978256456,0.37120453442967727,1.9152962092826616e-08,2.592002920158377e-06
22,0.0006186399733111873,5.625258848684185e-05,6.796204117253045e-10,2.3539448773095147e-08,9.814117321939873e-07,0.5519390119267459,0.0003236811204398868,2.288259542253067e-08,2.1710602013858965e-08,2.5183459574553e-06,0.00400819347919886,1.9596950327580105e-06,1.7393513188069267e-11,3.341651949635397e-05,0.054331353601642096,0.006460913715631916,1.1520077858704524e-07,0.0003165105299704775,6.471708277739724e-05,1.605916110582235e-08,0.0003447401772807667,0.06929657208642002,0.3121979462572494,2.100313873715913e-08,2.370395887896647e-06
23,0.0005891732515934542,8.015113657498205e-05,6.644011188732775e-10,2.6923486320458767e-08,1.0716294387654905e-06,0.5176387298706419,0.000378475765709605,2.3203470656846248e-08,2.9262577972684554e-08,2.9983863349978947e-06,0.003385836819002069,1.5135128954648126e-06,2.26675239901661e-11,3.677394059682674e-05,0.07359408517205587,0.006076764722450784,9.925982245203081e-08,0.00023319181911304752,7.778401807748745e-05,1.4977148083531077e-08,0.00027542378369534675,0.06343615923850916,0.33418830030752006,2.4106793533297458e-08,3.34820542258331e-06
24,0.00043131394983599323,0.00010462378804798523,5.783268171330155e-10,4.1042980499342055e-08,1.2785982352713186e-06,0.5223595807574651,0.00034933247928060196,2.3378224286842398e-08,2.2477168904438022e-08,4.16184648851935e-06,0.0028717350562122834,1.437676513309643e-06,2.98740894189607e-11,5.1237257099401756e-05,0.049603831252190485,0.00543283958029593,8.02490505603567e-08,0.0003054188288996726,7.535855821812307e-05,1.812873969968789e-08,0.0003041698824640407,0.06297651567669979,0.35512347782095927,2.1846147139866113e-08,3.4792605822431296e-06
25,0.001046841747226612,9.778828895351744e-05,1.406086244216165e-09,7.141112744708844e-08,1.599644515778815e-06,0.3877522119027869,0.0007543134895394496,8.061534445505047e-08,3.8878052784464796e-08,3.62699142272005e-06,0.008244288015256491,4.127137138286264e-06,5.882231186616705e-11,4.941154063441776e-05,0.060387810621786615,0.005928573067738218,2.7708490170696714e-07,0.00046528483177679533,0.00012748573698551595,3.8357045955290205e-08,0.00043814185719589263,0.08584033499764543,0.44885404469497275,5.16267936490132e-08,3.555996250228778e-06
26,0.0014751127294215657,0.00012836283256727123,1.1226133885212686e-09,3.41990134839385e-08,1.0550502776116446e-06,0.3572600858912088,0.0006300565548784578,3.978131909300349e-08,2.9467569508978767e-08,3.5574055331104807e-06,0.004172139405378889,2.2112803553883086e-06,5.2597984071431645e-11,2.7023667389396082e-05,0.07068895537216836,0.005168610844126795,3.445572031242563e-07,0.0005365615486161528,5.6569841917788395e-05,2.0740782770070505e-08,0.00025133302682662085,0.0882758574973363,0.47131770457915767,1.0402620756543255e-07,4.228525532866799e-06
27,0.000621965170162444,6.89330467521041e-05,6.981861355965228e-10,7.179308055008108e-08,2.023590386847923e-06,0.2038491654070733,0.000511763853038355,1.2438810778845667e-08,2.0625347578944643e-09,1.1788881841597449e-06,0.007900034439018024,5.533961161860746e-06,9.846488328646814e-11,0.00010401603105156943,0.009739744272866455,0.002834132269968239,1.4093637610554102e-07,0.0007047219288026254,3.4252636024357405e-05,1.207226363931149e-08,0.00027399835146186077,0.01747977799916057,0.7558676114884684,3.6865120927259916e-08,8.697015812127333e-07
28,0.0005891732515934542,8.015113657498205e-05,6.644011188732775e-10,2.6923486320458767e-08,1.0716294387654905e-06,0.5176387298706419,0.000378475765709605,2.3203470656846248e-08,2.9262577972684554e-08,2.9983863349978947e-06,0.003385836819002069,1.5135128954648126e-06,2.26675239901661e-11,3.677394059682674e-05,0.07359408517205587,0.006076764722450784,9.925982245203081e-08,0.00023319181911304752,7.778401807748745e-05,1.4977148083531077e-08,0.00027542378369534675,0.06343615923850916,0.33418830030752006,2.4106793533297458e-08,3.34820542258331e-06
29,0.0005891732515934542,8.015113657498205e-05,6.644011188732775e-10,2.6923486320458767e-08,1.0716294387654905e-06,0.5176387298706419,0.000378475765709605,2.3203470656846248e-08,2.9262577972684554e-08,2.9983863349978947e-06,0.003385836819002069,1.5135128954648126e-06,2.26675239901661e-11,3.677394059682674e-05,0.07359408517205587,0.006076764722450784,9.925982245203081e-08,0.00023319181911304752,7.778401807748745e-05,1.4977148083531077e-08,0.00027542378369534675,0.06343615923850916,0.33418830030752006,2.4106793533297458e-08,3.34820542258331e-06
30,0.0005891732515934542,8.015113657498205e-05,6.644011188732775e-10,2.6923486320458767e-08,1.0716294387654905e-06,0.5176387298706419,0.000378475765709605,2.3203470656846248e-08,2.9262577972684554e-08,2.9983863349978947e-06,0.003385836819002069,1.5135128954648126e-06,2.26675239901661e-11,3.677394059682674e-05,0.07359408517205587,0.006076764722450784,9.925982245203081e-08,0.00023319181911304752,7.778401807748745e-05,1.4977148083531077e-08,0.00027542378369534675,0.06343615923850916,0.33418830030752006,2.4106793533297458e-08,3.34820542258331e-06
31,0.0008413765393397046,0.00016006973417578092,1.3233240419062722e-09,6.461193555977325e-08,1.9913387846375642e-06,0.3796450549306427,0.0005601067387521109,6.211003450202858e-08,3.2028771819789964e-08,6.846828606884217e-06,0.0029549556839019017,2.370775247804147e-06,5.52127396004331e-11,5.914162000595821e-05,0.05559347131904701,0.007599974392540406,2.2261236855614616e-07,0.0004218645809603612,0.00010954374207734695,2.8893762232651718e-08,0.00039654042069403546,0.09714327530289672,0.4544974584756247,6.624446985877665e-08,5.479696822569384e-06
32,0.0005852785834931867,7.977521999966504e-05,6.759612830694247e-10,2.5144299388384187e-08,1.1017470907117195e-06,0.533307340960937,0.0003642366860550228,2.4258339288920566e-08,3.3949880107559934e-08,3.0512167745928246e-06,0.0033241614175134084,1.492659815394678e-06,2.149356147145692e-11,3.700098623293794e-05,0.0812315657573653,0.006357671695664662,9.842660570022994e-08,0.000214200748550046,9.089361474372631e-05,1.4696291551475421e-08,0.0002858995227809282,0.06860662970317875,0.30550612693029133,2.221806236412657e-08,3.353158580029622e-06
33,0.0004933603872708706,4.1537806840618215e-05,7.869756599639585e-10,2.5523271259875697e-08,6.410834832221882e-07,0.6180284177927713,0.0005589346979752623,1.8092220879290988e-08,5.4841626782741005e-08,2.587096982394693e-06,0.0040014411475284275,1.130821169147952e-06,1.340498248163528e-11,2.625642497256769e-05,0.08814596660665047,0.0074872208734752576,4.8620505549511976e-08,0.00013127511434924907,7.482548347257944e-05,1.4414068985840332e-08,0.00027498129836435567,0.02579352848638953,0.2549330364152256,1.6775832807014475e-08,4.6793951722084416e-06
34,0.0007177850659668704,6.558594740687214e-05,9.50194502247876e-10,1.6789036517208843e-08,7.110775874239016e-07,0.638029690607723,0.0006561728154273193,2.5317934903686462e-08,1.34776097972599e-07,3.0921180196747382e-06,0.0032862927911997677,9.772610116349106e-07,1.809400355287235e-11,2.9990329830611302e-05,0.14742589210067159,0.008080021591408809,5.305188409291793e-08,9.935657731986734e-05,0.0001725820981622196,1.490561739505152e-08,0.00021869144717831805,0.052795262244874304,0.14841301789471528,1.697950926499308e-08,4.615243127914637e-06
35,0.0017816214002089967,0.00019091239677355255,1.0726188100069804e-09,8.054851563224128e-08,9.024798453988122e-07,0.4610544552853899,0.0009174433609601011,1.1236046632655115e-07,8.353488171437882e-08,1.1888859489639943e-05,0.0039258810223664715,2.7311746805903598e-06,4.7890738443115176e-11,3.7249586701055525e-05,0.05350439934586076,0.006450916975981341,2.939133573706514e-07,0.0009975752997621816,0.00018635013571649658,4.200785885372478e-08,0.0005612026852616154,0.1700249189428741,0.3003389713172026,6.734397760383148e-08,1.1898901358186601e-05
36,0.0004877963004218805,7.309920427209209e-05,5.293669517476822e-10,2.524976688840365e-08,8.720911690059055e-07,0.5432380581638149,0.0003823489932417156,1.912129847932017e-08,2.451019801768581e-08,2.770116751745434e-06,0.0035150625748118277,1.1636403454504946e-06,1.9448011224648487e-11,3.1460348197117285e-05,0.06279974434367346,0.005439924491581169,7.471269158599249e-08,0.00024078518072879606,6.193374704823014e-05,1.464467001926393e-08,0.0002504020647819128,0.053127189908120716,0.3303444690780774,2.119333825253019e-08,2.739772184248475e-06
37,0.0022275306408757927,9.882278198637913e-05,1.1055509937149887e-09,2.832031529210278e-08,9.396373036100823e-07,0.4206764395310103,0.0007175747835620745,2.0058134170533143e-08,1.6926870091846414e-08,2.1231290724594244e-06,0.004220307297486137,3.474053961340529e-06,3.87554216259234e-11,6.38517021444757e-05,0.05031797426097462,0.0073109256050383955,1.772931324198602e-07,0.0004469233872437653,7.213533774621091e-05,1.6335780885832014e-08,0.00024286078999301213,0.07710553915709831,0.4364884109259318,3.9821967614283974e-08,3.867078064236075e-06
38,0.0004513171107686397,0.0031685052879852162,1.648007764982321e-08,3.600220652836062e-06,4.3652644086206354e-05,0.02749635709351124,0.00017463595187380335,4.952348744177701e-06,2.1316354895237737e-07,5.862788828120578e-05,0.002528724295795782,1.7318539264529125e-05,1.2039855734726972e-09,0.00017709340063971595,0.029486973762890768,0.0004073991830578199,9.442668785824938e-06,0.0025957430197570707,0.0004151129290972605,1.692670490969004e-07,0.001608693929954378,0.7005885099477958,0.23064040506797173,1.418707917300591e-06,0.00012111588650728764
39,0.0005394551508105995,6.382367398456055e-05,6.584460935527031e-10,2.7203248785002265e-08,1.134620276456517e-06,0.5415366485419704,0.00032926804710499505,2.453368816726444e-08,2.8523378724753922e-08,3.083004764777231e-06,0.0031433115051235434,1.606225604385715e-06,1.9222148630745427e-11,3.525511005436525e-05,0.06707719707126533,0.006888747526849035,9.50002856555767e-08,0.00021751167120771258,8.075575152243134e-05,1.4909801805659668e-08,0.0003082889733208357,0.05879378399053985,0.3209767151152527,2.0881893111906764e-08,3.2022903834228937e-06
40,0.0012101797641181002,9.280051651024765e-05,7.788997799918434e-10,1.218882259308956e-08,9.333084099487437e-07,0.5182995851347288,0.0003419265357731871,1.669260257381162e-08,3.205630906031982e-08,1.8715285681628722e-06,0.0032983401161779274,2.1849503630729375e-06,1.608862736809831e-11,4.6118800603655204e-05,0.10577908817911016,0.005810371611060631,1.2290116341649023e-07,0.0002139547441701907,9.905447751273518e-05,9.346974363673792e-09,0.0002582664141978503,0.13007585588322826,0.23446576303234667,1.891709991477933e-08,3.4921051601932206e-06
41,0.00020395549786579167,4.515293197425965e-05,9.161247026277241e-10,1.0701487336441707e-08,1.411505345102367e-06,0.6143100653296638,0.00026645031315766375,1.7979788031934404e-08,1.2769521228236673e-07,3.774748891772698e-06,0.0010579607321788754,3.8048312433730766e-07,1.0008662993430606e-11,2.356520707279875e-05,0.22948880515379952,0.010803965096778388,2.6614183039406876e-08,2.3803933562475388e-05,0.0001228719035373783,7.557997974020947e-09,0.00016213052595239432,0.029222544894987185,0.11425910198277918,1.4710317718812351e-08,3.85357420940711e-06
42,0.0006215593841064853,6.93652167693488e-05,7.038095968527957e-10,4.6777729403712876e-08,7.630616024513327e-07,0.49253269769536717,0.0006278075481208021,5.577215316072855e-09,9.938868454329133e-09,1.3161547719711859e-06,0.004446210900636085,1.5131977701874987e-06,7.206662202519511e-11,6.026998886473756e-05,0.019390918667144975,0.002058807603089097,3.710713762545678e-08,0.0005132255458759277,1.3695966234144844e-05,1.3186261872914001e-08,8.55711245321469e-05,0.011186209018796245,0.468386677181884,3.373378071189268e-08,3.2446475647568053e-06
43,0.00021561115870869624,4.925456928518903e-05,2.414434326089407e-10,1.8415479627587265e-08,1.181200801411189e-06,0.6044326074029559,0.00013400180176825692,2.7185236851085266e-08,2.368905912300916e-08,5.264755982397686e-06,0.0017046152816694252,6.26757905456118e-07,6.387115349761849e-12,1.5917259200085278e-05,0.07291548621571657,0.007217281611405767,6.932645630070016e-08,0.00016508934467725258,8.210529154981484e-05,7.846266591694331e-09,0.0004968717217540264,0.06499615239374386,0.247565578572972,1.4648967110936906e-08,2.1933006075977605e-06
44,0.0005891732515934542,8.015113657498205e-05,6.644011188732775e-10,2.6923486320458767e-08,1.0716294387654905e-06,0.5176387298706419,0.000378475765709605,2.3203470656846248e-08,2.9262577972684554e-08,2.9983863349978947e-06,0.003385836819002069,1.5135128954648126e-06,2.26675239901661e-11,3.677394059682674e-05,0.07359408517205587,0.006076764722450784,9.925982245203081e-08,0.00023319181911304752,7.778401807748745e-05,1.4977148083531077e-08,0.00027542378369534675,0.06343615923850916,0.33418830030752006,2.4106793533297458e-08,3.34820542258331e-06
45,0.0005835349973821836,8.028882048400803e-05,6.327439770962587e-10,2.736730926097785e-08,1.029525667959515e-06,0.5176793208189117,0.0003666966367217286,2.2248489863691033e-08,2.7291804282733722e-08,2.9914735892986324e-06,0.0033644506616438137,1.5183737248917878e-06,2.1777156615467875e-11,3.686018314617355e-05,0.06935792375282603,0.005921919048991695,9.811796267503041e-08,0.000248081623028396,7.456272058658622e-05,1.4854224367283937e-08,0.0002837730569763428,0.06335951411679291,0.33863391248351327,2.321342722998417e-08,3.4079582742618216e-06
46,0.0014971113214924641,0.00014564905785173377,1.019475501765632e-09,4.786414652983796e-08,2.05529472577565e-06,0.19969140982004294,0.00022659978220892794,8.374587928878397e-08,2.0072696843617856e-08,3.4458343467887346e-06,0.0038874205469633894,4.756902203504024e-06,5.496877582199956e-11,2.7807489092072113e-05,0.07892174638647168,0.003894098197170887,1.318369792798896e-06,0.0006075994376757981,8.048362652721635e-05,1.7992290042964148e-08,0.0004745090567546635,0.16755675595155775,0.5429721110841178,1.1883464106141158e-07,4.8322569057908214e-06
47,0.0011120602885582643,8.171633741782934e-05,7.097189109132708e-10,2.0494082189214856e-08,8.02192121372905e-07,0.5073378891528664,0.00039124296421467445,2.1055493618349378e-08,2.4227835042749568e-08,2.617212847397819e-06,0.0033489775044055984,2.332970483138792e-06,2.1409535540529847e-11,3.562622464880792e-05,0.06730521729544077,0.006856872802889856,1.409701971714438e-07,0.0003203658404015319,7.18066371444945e-05,1.540859379073003e-08,0.00027749342130667246,0.09473702896976559,0.31811416578543095,2.4882507991145634e-08,3.536630218471988e-06
48,0.0006467865777352262,9.70757311799516e-05,6.747818907636293e-10,2.8154478811655162e-08,1.1701818187065453e-06,0.48680652254157253,0.0003850379464207932,2.740439887990623e-08,3.077131751859844e-08,3.368930025927256e-06,0.0033613661011330813,1.545825539339742e-06,2.5768597804821297e-11,3.7590450216258796e-05,0.08031164270947473,0.006130433585889918,1.2179137836981049e-07,0.0002499565165424272,8.931156122265239e-05,1.5330158902367505e-08,0.00029174029153314655,0.07481043403498762,0.3467722661255005,2.8471002361223683e-08,3.4982659220048254e-06
49,0.0006381590441414103,9.112551958167362e-05,6.903576800773842e-10,2.9235042760893568e-08,1.077795058632825e-06,0.4938415991555929,0.0004320364784788948,2.600886835761568e-08,3.24122316111194e-08,3.3081035347265506e-06,0.003473556150639608,1.4202453923153884e-06,2.4407005333869824e-11,3.6496451315071135e-05,0.0808436408535814,0.006312127862935822,1.075998033140006e-07,0.0002350474563274555,8.635418159451092e-05,1.5388115306919975e-08,0.0002868413948850774,0.06326917573640263,0.3504440375060925,2.833275568984992e-08,3.756372863658537e-06
50,0.0006240538051508926,8.830522297534242e-05,7.172067346117505e-10,2.7713427790104973e-08,1.0856639471776798e-06,0.5426223761536914,0.0004711864791235528,2.6057303660048012e-08,3.6707715346944396e-08,3.7772950217955103e-06,0.0029823183017385056,1.312238542155929e-06,2.4172977141440907e-11,4.1582345248240454e-05,0.07614362751473931,0.007524941197170927,8.165596947477616e-08,0.0002102044251577648,0.00010057087604603446,1.6317708184264133e-08,0.00026879273737534954,0.06600323596894447,0.30290881590887087,2.4093118737376397e-08,3.600579633286224e-06
51,0.0006338152902025057,0.00010873325650291574,6.584429194776469e-10,4.136034475776398e-08,1.0344144655336406e-06,0.5013512063186552,0.0005084155010070209,3.5844550646957654e-08,2.957813296649691e-08,4.332078907441262e-06,0.0044856005611012065,1.8504925818679557e-06,2.929261944264997e-11,4.2428391469920575e-05,0.056283994369359276,0.004858162034808767,1.1936343925386352e-07,0.00044077354335430934,8.712845106957818e-05,2.087061739904803e-08,0.00039436167610124804,0.08996810823862648,0.3408264140571737,2.8566112383316027e-08,3.3650536802124925e-06
52,0.0008512287735569124,0.00013975352995781377,1.3667905343709126e-09,4.5983204042002724e-08,2.572269413777955e-06,0.34263011320347286,0.0004315694507458624,5.737477507191427e-08,4.736084258020041e-08,4.452509259711415e-06,0.0033808016023716752,2.71900960815822e-06,3.319196837888386e-11,6.46674323832534e-05,0.13586717186734623,0.008428052836902244,2.4316245962116774e-07,0.00017213507820113376,0.0002132712541952556,1.535622012766159e-08,0.00047910621767671127,0.0974913676460983,0.40983343175075104,4.332874037812851e-08,7.131601834714406e-06
53,0.0005721354579612379,5.893949851100821e-05,5.706373575773992e-10,1.8804485178279322e-08,2.9692524602163726e-07,0.5349795567152333,0.0009022879959679839,1.1514213836057736e-08,3.478453627021157e-08,1.775971606834528e-06,0.004256027959533916,5.527164631685485e-07,2.025570122629441e-11,2.1026997798720514e-05,0.07681386447468333,0.006410201077753302,3.830520459596953e-08,0.00016135565608699898,3.658461285655805e-05,2.1081198870997527e-08,0.0001161202741691231,0.027185713741876127,0.3484809075399178,2.236082410065934e-08,2.5049429786381904e-06
54,0.0009459088794482498,0.0001237394933971453,8.582718273224842e-10,2.1682227873342182e-08,6.277864146960175e-07,0.5470388570040304,0.0006887296300074514,1.2473900581208423e-08,4.0866892870346156e-08,3.647348663509383e-06,0.0018504889490559113,1.2158368262802671e-06,2.7873259338905972e-11,6.186857581891903e-05,0.09530390041690086,0.010223726657494851,5.017486378824666e-08,0.00014891775654160363,7.972243822523916e-05,1.608302565698841e-08,0.00017750871313945203,0.05804511638250564,0.2852990212306835,2.0410259285792538e-08,6.840323531232968e-06
55,0.0006629081619716513,8.442703133194426e-05,7.360527325963519e-10,2.959065170787434e-08,1.0073214937110852e-06,0.524452116309737,0.0004346721531964801,2.3825418004668492e-08,3.226014394735013e-08,3.1081247724084224e-06,0.003631421013056964,1.7085034455849357e-06,2.637122015087555e-11,3.8242276471881736e-05,0.07049271278036912,0.005964024998815488,1.0309567791494092e-07,0.00026130823389550287,7.780220638177393e-05,1.708815796126357e-08,0.00026966910469346727,0.06333693930630592,0.3302839230325584,2.562230000432064e-08,3.7771967293253533e-06
56,0.0006009777633882045,8.771999547173436e-05,7.262382285517403e-10,2.8528147686808866e-08,1.133943180559743e-06,0.5161270211856039,0.0003999281535018001,2.448446843563367e-08,3.183520949531077e-08,3.1605693204402263e-06,0.003478522529329545,1.5480196186460831e-06,2.7818481495652222e-11,3.829333192564294e-05,0.07486745204152923,0.006006340765654408,1.0569375540774772e-07,0.00024235469347450586,7.905568622915586e-05,1.6459193542245013e-08,0.00026666849609068065,0.06361042222698304,0.3341858070652323,2.7102033087654418e-08,3.3586766017605672e-06
57,0.0006981933981255968,8.699895579297139e-05,1.5899092862194824e-09,3.6488897982987896e-08,2.819684625290499e-06,0.5105417961067281,0.00027231924059340965,5.931020034705231e-08,6.04400262066175e-08,5.223714166019949e-06,0.0030429864239081006,4.403940729658081e-06,3.12655993652325e-11,5.9126699577777336e-05,0.10090357968476589,0.009876901380985343,2.3582848210289504e-07,0.00021026758424096088,0.00020768861744012632,2.0514819968802474e-08,0.0005659620275662461,0.127693214542243,0.2458227534890492,2.748707959278684e-08,5.322818781191297e-06
58,0.0006591660455186254,9.659528076980398e-05,7.431978938130207e-10,2.875145675741795e-08,1.1815114448822886e-06,0.46953789836227583,0.0004057417266341495,2.7612433653282742e-08,3.0227788244880054e-08,3.4143567042260184e-06,0.003452306799088531,1.5652880557937508e-06,2.7932291932640543e-11,3.4998664800095764e-05,0.0793450250624631,0.00600702747753101,1.3512211383831933e-07,0.0002668080134817265,7.706743815075069e-05,1.5499877000702306e-08,0.0002899321613830105,0.06996896016963605,0.3698484957307535,3.5222718723432536e-08,3.5427037904554098e-06
59,0.000715563068386704,9.530232202508276e-05,9.187017748216288e-10,3.077468938792961e-08,1.2555497602525356e-06,0.4602786429619825,0.0004523010434389849,2.971726772957285e-08,3.0864544999461296e-08,3.4780285880338618e-06,0.00359657647404054,1.7657036541581654e-06,3.132187831988263e-11,3.655828154210083e-05,0.07754328007444958,0.006443579451549452,1.5116611934414832e-07,0.00028150268607294085,7.344233523690537e-05,1.7427334028592863e-08,0.0002926516359399306,0.06971800494637548,0.38046214478310153,4.165797561164139e-08,3.648095900840849e-06
60,0.0005891732515934542,8.015113657498205e-05,6.644011188732775e-10,2.6923486320458767e-08,1.0716294387654905e-06,0.5176387298706419,0.000378475765709605,2.3203470656846248e-08,2.9262577972684554e-08,2.9983863349978947e-06,0.003385836819002069,1.5135128954648126e-06,2.26675239901661e-11,3.677394059682674e-05,0.07359408517205587,0.006076764722450784,9.925982245203081e-08,0.00023319181911304752,7.778401807748745e-05,1.4977148083531077e-08,0.00027542378369534675,0.06343615923850916,0.33418830030752006,2.4106793533297458e-08,3.34820542258331e-06
61,0.0006677013887188992,9.164541750088816e-05,9.403680127513114e-10,3.0261723047912185e-08,1.2837678722531898e-06,0.48262165652026495,0.0004367083007353651,2.809207518164019e-08,3.26312209157039e-08,3.286213001963902e-06,0.003726778124827191,1.8484562832930718e-06,2.953269378654025e-11,3.9424231080595096e-05,0.07943888093426438,0.006421238338896858,1.357178294474856e-07,0.00025862193395464046,7.86806259577728e-05,1.746686314984561e-08,0.0002958628731028426,0.06947197698962863,0.3564404239901295,3.506151281643188e-08,3.7016926547022554e-06
62,0.0005891732515934542,8.015113657498205e-05,6.644011188732775e-10,2.6923486320458767e-08,1.0716294387654905e-06,0.5176387298706419,0.000378475765709605,2.3203470656846248e-08,2.9262577972684554e-08,2.9983863349978947e-06,0.003385836819002069,1.5135128954648126e-06,2.26675239901661e-11,3.677394059682674e-05,0.07359408517205587,0.006076764722450784,9.925982245203081e-08,0.00023319181911304752,7.778401807748745e-05,1.4977148083531077e-08,0.00027542378369534675,0.06343615923850916,0.33418830030752006,2.4106793533297458e-08,3.34820542258331e-06
63,0.0006157981064108907,9.800834123953118e-05,6.785157093801289e-10,2.7361850557686266e-08,1.0356681527491794e-06,0.5064614820335923,0.0004117212066482838,2.3977353759557175e-08,3.166445192069787e-08,3.2125090607960187e-06,0.0035427830982745338,1.4314622030831996e-06,2.584128134539257e-11,3.618223527276513e-05,0.07908483944915384,0.0057095479553402615,1.0705578795658682e-07,0.0002537288756054888,7.792430096766897e-05,1.603864877947141e-08,0.00027169417595170894,0.0694597886598145,0.33396705085435524,2.7917381156528086e-08,3.536348125118469e-06
64,0.0005461957307947351,7.688939387161332e-05,5.901370616869774e-10,2.7373341051002232e-08,1.1652452363252817e-06,0.5088339646490029,0.00031336717688334336,2.5587022723065996e-08,2.7177614278022e-08,3.3179356167389944e-06,0.0034205138157330506,1.5611056670099434e-06,1.7459956487819747e-11,3.402762268863584e-05,0.07716000151461774,0.006314276717812715,1.1380575139028245e-07,0.00024377487371042843,8.65974209649201e-05,1.2597126215446727e-08,0.00040641966805771005,0.06580407408890017,0.3367501794279465,2.3323018617514943e-08,3.4431410241574667e-06
65,8.835282604496093e-05,7.069764486914995e-06,1.5122489881849485e-10,1.6448543096720545e-08,1.3145135862033519e-06,0.7531681389433043,3.8220757752733976e-05,3.237089438597824e-09,2.1265957465131103e-09,1.0096036718883873e-06,0.0013453039136156122,1.9403925170544044e-06,3.80896765342895e-12,4.259255923633607e-05,0.008815554259504485,0.004005025254309761,1.5769101163541045e-08,0.0001702124835484649,1.778370694490646e-05,3.609897551831396e-09,0.0002988933599107532,0.0148325175831229,0.2171653542351701,1.6391098915211312e-09,6.728579018687974e-07
66,0.00034337891338574804,2.83031886837269e-05,1.363749598081494e-09,3.210250976630484e-08,9.69245223812665e-07,0.8369910600736593,0.0006498890807284712,3.3987640698324565e-08,8.950658486565815e-08,6.660853957864872e-06,0.0015084892990463927,1.3713530347808058e-06,3.789654396103829e-11,5.0328104667080684e-05,0.022034837379194146,0.021062210790619044,1.617167099866288e-08,9.826167790103853e-05,0.00017030288159704688,6.163197074391246e-08,0.0001335138646021044,0.03013612292225291,0.08678205222727382,7.737705183707458e-09,2.005604444207731e-06
67,0.0006616134006233507,9.557262473841088e-05,6.964209771968472e-10,2.9322435020042787e-08,1.1666873965208304e-06,0.5010004034677052,0.00042456870836371106,3.029189260852654e-08,3.504320384472683e-08,3.600464311723199e-06,0.003636285003441906,1.5506146141583006e-06,2.4209327133147724e-11,3.60108545733126e-05,0.08273288932719089,0.00613528708001829,1.1969271324131207e-07,0.0002541420743664996,9.770438416492364e-05,1.547888071574022e-08,0.00031574905712201164,0.07548380695006071,0.329115664593557,2.921879525330945e-08,3.724939200327876e-06
68,0.0005240598870819903,6.496113185017512e-05,4.726802278721318e-10,2.4370504552441487e-08,7.560446021892402e-07,0.522096755449244,0.0003051386658677231,1.659011418394233e-08,1.912254318173183e-08,2.3456076509569097e-06,0.0034925887831957075,1.38436631937607e-06,1.761840529340955e-11,2.8062772288185232e-05,0.05439812431901691,0.004781316121069579,8.973186938673597e-08,0.00029304037061437214,4.73079230442889e-05,1.3991200883272451e-08,0.0002554757488857193,0.05468241638850434,0.3590232583608464,2.0090897474922524e-08,2.8236724896332594e-06
69,0.0006487714114228103,0.00012769808971470733,1.8748941198609858e-09,9.697041890906183e-08,1.027830126187877e-06,0.45901404725201744,0.0008514543804987516,5.893538063985574e-08,5.327247691663968e-08,8.288858445341468e-06,0.003750534532850523,1.8323987434307747e-06,5.813605461916256e-11,4.076219461699328e-05,0.053644022411645405,0.0106835042648737,1.590528775439961e-07,0.00042358757955739156,7.658820147091563e-05,7.543886331573848e-08,0.000398930056522467,0.052541344367639325,0.4177787767970601,6.427659978529556e-08,8.319493147037355e-06
70,0.0006109499519628023,5.635847856072369e-05,8.274977928857868e-10,2.24010447547519e-08,9.068062880667181e-07,0.5869750462475744,0.0003483290990021047,1.2581806649283103e-08,2.371593695848099e-08,2.109812195041019e-06,0.0026774134995785188,1.883350649943738e-06,2.0450734504334422e-11,5.380617965909444e-05,0.055460956951804925,0.007005367728312909,6.187214171639898e-08,0.00019594894817148692,5.490494862955891e-05,1.4847709863279987e-08,0.00021782776086868742,0.05010289350245392,0.29623165927357753,1.4747672886322372e-08,3.4864464490482496e-06
71,0.0007362160255451235,7.353155480966265e-05,7.17427867342715e-10,3.017837836796998e-08,8.514751239079899e-07,0.48848001924655593,0.0004816188424786025,2.4903373203159828e-08,2.7472281546838402e-08,2.6768479722592275e-06,0.004014825869299893,1.6352712866578897e-06,2.448149276152192e-11,3.499157656345459e-05,0.0649162248492451,0.0066568912449453685,1.094469568632418e-07,0.0002717970695384613,7.233938116770137e-05,1.9220438362108802e-08,0.0002750467516308346,0.057423842909488355,0.37655404740736037,2.6300115810423572e-08,3.2054135347065877e-06
