,0,1,2,3,4,5,6,7,8,9,10,11,12,13,14,15,16,17,18,19,20,21,22,23,24
0,3.9379324759573575e-06,0.00019843468005389847,6.28536872671227e-05,4.145963871245099e-05,0.007387018499766569,0.04142607027839089,0.009176777186439933,0.009248863968464235,0.0002714251354227437,0.00012994551604551588,0.672986904670878,1.920368586120354e-05,2.3713197859833418e-07,0.0024024775642394474,0.024331472798919635,0.0008641441302120464,0.004665911832640072,8.121849615675695e-05,0.15899026811395411,4.4537164819638856e-06,0.0014714088639990086,0.04635661441978324,0.018977443732783348,0.00027826907733544256,0.000623185241737913
1,9.588313474282985e-06,0.00043640300875320007,0.00022678089567163456,0.00012887031341723455,0.006870754862902462,0.05200938767210477,0.02848603576004792,0.013135829286634128,0.0003322388528136448,0.0006436581532063307,0.6078791814901496,4.497090449989423e-05,2.641138457371422e-07,0.004310566538942868,0.022514469832660148,0.001045234223670467,0.0034379466941443317,0.00017743761599287234,0.15408803144116198,6.039427602029974e-06,0.0024283152731314353,0.053309644364875924,0.046398251049730124,0.0004608592008635263,0.0016192407097038138
2,8.554538032745236e-06,0.00041301186441607205,0.00013714358228131856,0.00010160345062470327,0.012538885931578897,0.03373433695641272,0.030908873195586318,0.010328846455435244,0.00022173878739966264,0.0004415850324327939,0.6820937640550637,4.0252131649429795e-05,2.41001482909496e-07,0.006693577935343025,0.02760224768206199,0.0006267766759309907,0.004730407119275116,0.00015733955191412033,0.0775929671549825,7.285140817254431e-06,0.0016924527664103576,0.04630906248628477,0.06061775909534734,0.0002526334030182806,0.002748654006217541
3,6.550802370181255e-06,0.0003328298949016375,0.0001391149908697244,0.0001344888296499699,0.00655873907824726,0.0360977288197794,0.023189192758129,0.009589457824573518,0.0001835838142969299,0.00043159501860965294,0.6978078390232552,3.835875969229766e-05,1.967202250628699e-07,0.00572819952011286,0.014991411629395062,0.0005249286211354102,0.004356390744983049,0.00015460577894135566,0.08241541289623609,5.055938722398801e-06,0.002020253024957443,0.049754869398957395,0.06350221236733214,0.00033325865504884206,0.0017037250895780825
4,7.08360196297636e-06,0.0003394390960451294,0.00013601694909219249,0.00013578224177912437,0.006664713510284553,0.03432903740566373,0.023166138237069887,0.008819609896108803,0.00019524804665342992,0.0003997664316544767,0.6936191326272526,4.5809602082325824e-05,2.535247938439836e-07,0.006055213025453319,0.014457107633719636,0.00048784044003238365,0.0049162484428102015,0.0001618075504661339,0.08428940579758946,5.137302157475451e-06,0.0021630028201596444,0.053660401374309344,0.06375444747528272,0.0003506844153449353,0.0018406725522318675
5,7.23915741493847e-06,0.0003380529341747434,0.00013110563121694128,0.00019544611590753826,0.005372696233119436,0.03575507280919934,0.021624910898549333,0.00889930460076944,0.00017856380434101016,0.0005160804045180888,0.6926660183295764,4.562114259745553e-05,2.175721224523165e-07,0.007213298539672021,0.01247707893508913,0.0004946760223877131,0.0052976760301146255,0.00023727464310288138,0.07138218885867684,5.530251260624226e-06,0.002339681197656729,0.061172438271419605,0.07129801796628975,0.0003850625149189806,0.0019667471359037874
6,6.550802370181255e-06,0.0003328298949016375,0.0001391149908697244,0.0001344888296499699,0.00655873907824726,0.0360977288197794,0.023189192758129,0.009589457824573518,0.0001835838142969299,0.00043159501860965294,0.6978078390232552,3.835875969229766e-05,1.967202250628699e-07,0.00572819952011286,0.014991411629395062,0.0005249286211354102,0.004356390744983049,0.00015460577894135566,0.08241541289623609,5.055938722398801e-06,0.002020253024957443,0.049754869398957395,0.06350221236733214,0.00033325865504884206,0.0017037250895780825
7,1.475458608662189e-05,0.0003549918471557913,0.00031148109837377875,0.00010320844877300879,0.006749419594317538,0.04002650919339871,0.03022817124716366,0.010861297053528467,0.00016510643332048799,0.0005433251250158838,0.6747164331108364,3.773812175811636e-05,2.6023752238548556e-07,0.004250461660754926,0.009327484036716172,0.0003925780450027975,0.003299381037323134,0.00015756396590627353,0.12275846587021254,4.698995926756249e-06,0.001450966118118823,0.02626528171665414,0.065859463755506,0.000512600575805602,0.0016083581248219098
8,7.987214391424362e-06,0.0004700118592648325,0.00025106069480393113,0.00021130624766031728,0.006725217117345128,0.034247283748915,0.033593716527557244,0.00933940841233185,0.0001140132922760908,0.0006985439952894935,0.6604310434063869,4.01690640900725e-05,1.6824333118686443e-07,0.007040508592292518,0.006729074718081939,0.0003275658136089789,0.0025219517898354285,9.420082863098551e-05,0.06123481396014005,5.8325367280791365e-06,0.0014475778240252443,0.020476971360042118,0.1518247726209223,0.00044457624469917083,0.0017222238873497969
9,6.414864574671161e-06,0.0005407726792416584,0.0002982388291736869,0.00035936729152531184,0.005165308696639833,0.045390931584071516,0.036264132585832,0.00947695161522427,0.00020790006732186421,0.0009933382261713894,0.6187008947286357,6.559478873284361e-05,2.357647835021098e-07,0.006817575190066778,0.011074071908336978,0.0006030799299561777,0.003027290007904494,0.00013980007894720328,0.07215710784455139,7.607127251205851e-06,0.003540330615316239,0.042170618706507526,0.14032442211085303,0.000595953098934288,0.0020720616594465976
10,6.550802370181255e-06,0.0003328298949016375,0.0001391149908697244,0.0001344888296499699,0.00655873907824726,0.0360977288197794,0.023189192758129,0.009589457824573518,0.0001835838142969299,0.00043159501860965294,0.6978078390232552,3.835875969229766e-05,1.967202250628699e-07,0.00572819952011286,0.014991411629395062,0.0005249286211354102,0.004356390744983049,0.00015460577894135566,0.08241541289623609,5.055938722398801e-06,0.002020253024957443,0.049754869398957395,0.06350221236733214,0.00033325865504884206,0.0017037250895780825
11,6.911536558872859e-06,0.00033699379868451897,0.00014044496130841323,0.0001344930422986979,0.006753093453858015,0.03512687534758839,0.023441337646050654,0.009375097677051945,0.0001862804400487449,0.000426647053100009,0.6956678231549065,4.177646001497702e-05,2.334417872475646e-07,0.005806835763335998,0.014294788469203719,0.0005134651311397879,0.0045801376461518835,0.00015558260421281834,0.08439539527680101,5.344341039632481e-06,0.00204929450146357,0.04951022287067881,0.06497034861974216,0.00035461153332528266,0.0017259652296485095
12,1.7095254234407467e-05,0.0008835140337548091,6.645372257236049e-05,0.0002519286932732307,0.032461134479618535,0.08367419348464498,0.017643544067362845,0.002654205065110344,0.00017212128505195314,0.0010494888382245077,0.43050408596469536,2.3799026773972694e-05,5.028662939204527e-07,0.06239788167981354,0.00835368007142067,0.00026643930647436004,0.06593218185673907,0.0009281615715088245,0.02536878795532376,1.875964789317006e-05,0.004374337522668053,0.05695221050445906,0.18823363539737797,0.00017026403214489584,0.01760159367256538
13,7.213420395786972e-07,5.3250824019632497e-05,3.0214622561321813e-05,6.4776556508435e-05,0.0015443470049944957,0.005456638050962302,0.008332365149595518,0.005668531207020166,3.297873282468111e-05,4.103520115147223e-05,0.8893480794733744,3.16629745675873e-05,5.423959029295784e-08,0.0041090385509083725,0.004350038305811146,9.456996456848414e-05,0.0012112376003936651,2.7109003802076368e-05,0.01489216085986506,1.0153788332489064e-06,0.0005886233434729145,0.025812576972281877,0.03785576636866573,8.910371972002058e-05,0.00036410455246765964
14,6.603258781700338e-06,0.0002945614852408027,0.0001577839792441021,0.0001370973755465973,0.006181615703193878,0.03807793184881401,0.022702824871019912,0.009800563232022831,0.0001946705636959492,0.0004046026395688617,0.6943373398787098,4.0747940960535504e-05,2.2034235712618816e-07,0.005397886500991652,0.015830169903446656,0.0005422583472674805,0.004631321865748357,0.0001614897597636051,0.0812931645334897,5.0186982307374545e-06,0.002231351448276765,0.05285900821283095,0.06259228966317947,0.0003420800671091512,0.0017773978805094436
15,6.550802370181255e-06,0.0003328298949016375,0.0001391149908697244,0.0001344888296499699,0.00655873907824726,0.0360977288197794,0.023189192758129,0.009589457824573518,0.0001835838142969299,0.00043159501860965294,0.6978078390232552,3.835875969229766e-05,1.967202250628699e-07,0.00572819952011286,0.014991411629395062,0.0005249286211354102,0.004356390744983049,0.00015460577894135566,0.08241541289623609,5.055938722398801e-06,0.002020253024957443,0.049754869398957395,0.06350221236733214,0.00033325865504884206,0.0017037250895780825
16,5.3793411520679e-06,0.0004027614493637433,0.00012120054964066781,0.00017895872503626863,0.005666219849090829,0.029557579146951275,0.03436146901030981,0.01295126606761166,0.00021464654393020947,0.000766585523568203,0.5875620998884865,8.097228629514194e-05,2.517966387289604e-07,0.007568983488691452,0.02311134740268219,0.0008179594828026482,0.005306124595506084,0.0002096085869211919,0.10019758362196517,6.537706937750842e-06,0.004761580872327734,0.11419288123408428,0.06925096256008571,0.00030217405860877625,0.002404866211312076
17,3.602824866255575e-06,0.00022452866551980427,6.692669457900124e-05,0.00015637194380435366,0.00639426927740229,0.01865885039357293,0.01923230232387629,0.007817009499320985,0.00010059458082294366,0.0003003744407301474,0.7029575129019108,5.131285249366172e-05,2.5789152215681545e-07,0.009444211273802834,0.00971412951627945,0.0003317509508156076,0.008186661885071013,0.00014130843950225594,0.03903688102084903,6.157907928820555e-06,0.002238719959052886,0.06975107922193442,0.1029578854828361,0.00022011469163540378,0.002007185359870545
18,1.0450374405572231e-05,0.0003743849592516135,0.00012330246171282446,0.0001654417886109674,0.011850733267194193,0.038050019145454146,0.0326352101815898,0.0075080898333146386,0.00018042182036748575,0.000729110357281385,0.6005974673767726,5.8577263031961824e-05,4.2697315469232426e-07,0.014036849646515836,0.018033812038916564,0.0004574089064549972,0.01583391556491695,0.0004494788213295407,0.055092092514104705,9.174170299253243e-06,0.004138157255547386,0.09206930709878228,0.10081560135214981,0.00024832592841037113,0.0065322409004304445
19,6.504641940011745e-06,0.00041000599890643203,0.0002014613335671961,0.0002060818723641984,0.005823755336074115,0.025147276741146425,0.04583720571206592,0.012314173233826659,0.0002482209998738588,0.0005320395194484891,0.653252577374246,9.311677680853493e-05,2.590115625600449e-07,0.005998318705402764,0.018835801990505618,0.0006402347271182706,0.0035854975064755425,0.0001541516112827869,0.0786008979948379,4.7784110998161895e-06,0.0031393774710166524,0.07592773316673862,0.06655448692296549,0.0003299386962979006,0.002156104244428179
20,3.1359111239336418e-06,0.000192573270011961,0.00010363714716639376,0.00011699708655290576,0.0033524742944594597,0.02099432216452702,0.020971697768266833,0.015539551328412737,0.0001460257967139708,0.00029036678169642744,0.7020566067828731,4.530432233523449e-05,1.22368803856397e-07,0.004251161471173398,0.026870078298027237,0.0005911276606595026,0.0029584485782701386,0.00011937506321112648,0.07059998934857725,3.2644191310368892e-06,0.0018650828397925332,0.08933282686995589,0.03823171508853134,0.00018424265903021944,0.001179872680696449
21,7.595908422644206e-06,0.00047274912740412903,0.00015483627600727896,0.0002141281356417146,0.0056466087395138495,0.03836509440501118,0.0292167340768099,0.013462616533184493,0.0003041046278646515,0.0006483446676505688,0.6639409039314007,7.151624743664615e-05,2.547291466616539e-07,0.008456176569460334,0.01682503454169137,0.0010796126165404075,0.0030658403657636904,0.00021069397863186207,0.099095803132273,6.180423048689298e-06,0.002736071818969039,0.0642973747614097,0.04971755295530392,0.00042263617413881773,0.0015815352572747827
22,8.637376641917667e-06,0.00020186419106773748,0.00012454806078695806,0.00010416409509268011,0.006046983864063222,0.04343816391089588,0.012830505986820909,0.007925107037851565,0.00015675583183130605,0.00036963278720441575,0.716095834301615,2.1203190775280796e-05,1.9671136747577407e-07,0.00470700124366081,0.014939610454311341,0.00047944580913269173,0.00848341647959777,0.00032499231556616404,0.06955345027453387,5.064812159703277e-06,0.0019234013195928534,0.06338772321794714,0.04668408285615192,0.0003211913579525735,0.0018670225133786515
23,6.550802370181255e-06,0.0003328298949016375,0.0001391149908697244,0.0001344888296499699,0.00655873907824726,0.0360977288197794,0.023189192758129,0.009589457824573518,0.0001835838142969299,0.00043159501860965294,0.6978078390232552,3.835875969229766e-05,1.967202250628699e-07,0.00572819952011286,0.014991411629395062,0.0005249286211354102,0.004356390744983049,0.00015460577894135566,0.08241541289623609,5.055938722398801e-06,0.002020253024957443,0.049754869398957395,0.06350221236733214,0.00033325865504884206,0.0017037250895780825
24,7.549861771847727e-06,0.0004908879535207601,0.00011293476002592711,0.00019767751908402736,0.006441724454439523,0.03697447134718489,0.02069498859921986,0.009597086157777981,0.0001777508520034585,0.0005694854999149388,0.6818254405379598,4.2190178360887855e-05,2.1092410457929067e-07,0.009401161830765009,0.010571641692121566,0.0005395111325113696,0.005098390380979344,0.00018924696147852124,0.08343122961481762,6.533774644532281e-06,0.001925786483170515,0.051683717703040574,0.07795594904600404,0.00038457088275795195,0.0016798618523402916
25,1.3405763332572119e-06,0.00010112384134275568,4.37405871195903e-05,9.684118409848086e-05,0.002248402276611699,0.011342660851340317,0.011312033428145681,0.012100430357201876,4.9554844113968035e-05,0.00011984029187028786,0.8566868729474331,2.053512800816241e-05,4.6850879120716884e-08,0.004629143485992045,0.004845435532526062,0.00025012111356814134,0.001342240768513048,4.7143236934042263e-05,0.03013266128858848,1.6958336963270741e-06,0.0006495083070419844,0.026256002142487092,0.03727595285402911,0.00014287802936992707,0.000303794242755601
26,1.4434240520391124e-05,0.00029118074099730056,0.00018693741981072633,0.00011745043624041759,0.00721236127029478,0.057796986113664926,0.01048688665143422,0.00421990273015645,0.00019588124725377932,0.0003607301652136055,0.6851400471994413,2.1640601266039446e-05,3.800674325183987e-07,0.0031945805996426335,0.004958755747337552,0.0003558811726209408,0.00689347960769153,0.00021090342164634338,0.10378707903422411,7.0996639410996995e-06,0.0016691270624014038,0.025278853018867127,0.08527369796549021,0.0011002141474620976,0.001225509674948675
27,6.751662069311152e-06,0.0003405053121294493,0.00014279811032281723,0.00013555191873093834,0.006753014472619938,0.03665126771624727,0.02369790289561098,0.009519597491207437,0.0001845570490348007,0.0004415135485666123,0.6963602678878292,3.852622908532889e-05,2.008242836065596e-07,0.005790358966479583,0.014763401164289498,0.0005228154185708575,0.00438758222655195,0.00015542214054590082,0.08264485849017457,5.151625738788607e-06,0.0020348123088551754,0.0483510432633027,0.06499037651143748,0.000338526969375375,0.0017431957969404781
28,6.550802370181255e-06,0.0003328298949016375,0.0001391149908697244,0.0001344888296499699,0.00655873907824726,0.0360977288197794,0.023189192758129,0.009589457824573518,0.0001835838142969299,0.00043159501860965294,0.6978078390232552,3.835875969229766e-05,1.967202250628699e-07,0.00572819952011286,0.014991411629395062,0.0005249286211354102,0.004356390744983049,0.00015460577894135566,0.08241541289623609,5.055938722398801e-06,0.002020253024957443,0.049754869398957395,0.06350221236733214,0.00033325865504884206,0.0017037250895780825
29,6.550802370181255e-06,0.0003328298949016375,0.0001391149908697244,0.0001344888296499699,0.00655873907824726,0.0360977288197794,0.023189192758129,0.009589457824573518,0.0001835838142969299,0.00043159501860965294,0.6978078390232552,3.835875969229766e-05,1.967202250628699e-07,0.00572819952011286,0.014991411629395062,0.0005249286211354102,0.004356390744983049,0.00015460577894135566,0.08241541289623609,5.055938722398801e-06,0.002020253024957443,0.049754869398957395,0.06350221236733214,0.00033325865504884206,0.0017037250895780825
30,6.550802370181255e-06,0.0003328298949016375,0.0001391149908697244,0.0001344888296499699,0.00655873907824726,0.0360977288197794,0.023189192758129,0.009589457824573518,0.0001835838142969299,0.00043159501860965294,0.6978078390232552,3.835875969229766e-05,1.967202250628699e-07,0.00572819952011286,0.014991411629395062,0.0005249286211354102,0.004356390744983049,0.00015460577894135566,0.08241541289623609,5.055938722398801e-06,0.002020253024957443,0.049754869398957395,0.06350221236733214,0.00033325865504884206,0.0017037250895780825
31,1.4014814951025881e-05,0.00043599656713982714,0.0002885280050399733,0.00016113915928834462,0.006280167448057365,0.034830555790344546,0.03663174434629614,0.020384883470467657,0.00014629908363241885,0.0008133061999683243,0.6521301364220023,4.2283679357398876e-05,1.9709149596361094e-07,0.00684681839380377,0.010672124432306461,0.0004557561572489413,0.0037706604466199983,0.00021042221204133646,0.11046370673576396,5.534435021253054e-06,0.0017253340709150872,0.036476503972109976,0.07501822591327013,0.00035313877626298555,0.001842522376594805
32,6.968619138498446e-06,0.00034544971462287043,0.0001367913092740467,0.00012148453922690811,0.006151857012101692,0.03629484805691993,0.021996688470739236,0.009804925214152023,0.00018635711380363931,0.0004262800788682434,0.6862624987609447,3.8287478216434816e-05,1.9898432055856968e-07,0.005329457315610854,0.015055149622941194,0.0005208199573830555,0.004225526487043656,0.00015087323191733385,0.09990352066724666,4.794568152827408e-06,0.0019572139562079155,0.050838006059895545,0.05833174434292152,0.0003494194720866183,0.0015608389662641682
33,1.4267413358883325e-05,0.0005570644071987939,0.0003310041693568597,0.00013483090350867487,0.009890279556364595,0.043131347135261615,0.04581291059741771,0.009393641546509075,0.00041221599410325843,0.0005243540848167773,0.6398343089527968,6.024065376470647e-05,2.192856259012887e-07,0.004592150130987277,0.03698255492493974,0.0006039990468956348,0.003227887325902734,0.00020869051038406068,0.10000581851342988,4.935401843467345e-06,0.002728781705449219,0.047427985545892296,0.04997916553448676,0.0003317972280475492,0.0038095494316576534
34,3.530417088419914e-06,0.0002588883051177236,0.0001074508331236717,0.00020975512447107443,0.006524461074994936,0.032922403209114035,0.02531297017191181,0.009671453854794721,0.00011168087321669191,0.0006239490881083722,0.6863553461536428,3.494498137210436e-05,1.5863713764458695e-07,0.00848394437985962,0.013270253066046015,0.0005736684639604824,0.005278319284592569,0.00015625635036194263,0.03974134274091741,6.983454100635195e-06,0.002393675137151922,0.0553976218448467,0.11019225519656727,0.00025488549683487993,0.0021138018606666224
35,4.594587526704133e-05,0.0004504724743083462,0.0004448705151630555,0.0002438983883639316,0.005573226103684304,0.033083360673759665,0.0577696272940284,0.02817260118028075,0.0005567301822587001,0.000916274888724184,0.5384450955292278,0.00011700923663224042,4.158129607694526e-07,0.005459102388318326,0.016386430936030292,0.0008230155573886294,0.006020718361676469,0.0012305236690632394,0.16089471713513886,4.729410639506237e-06,0.004126634373954568,0.1066548121642222,0.028890223668444723,0.000542198085998276,0.0031473660944655066
36,5.955064276260642e-06,0.0002511092137933655,0.00011407255932124844,0.00010677433520644746,0.004473711842152592,0.01896855941420998,0.02727408744182583,0.018836746563338985,0.0001853549288150727,0.0002857701297202678,0.6658290249965155,7.957590203642926e-05,2.6617161959033453e-07,0.005457116545799054,0.02144537169751368,0.0007176232789062868,0.003952055982890041,0.00013208374533734085,0.10865404483822119,3.928437614978833e-06,0.0016819801780774604,0.0867243067139451,0.03322017029824091,0.00021863036161066853,0.0013816793590118593
37,1.8521759691322485e-05,0.0004900335216352544,0.00026791820325568915,0.0002061664448649632,0.006402329580544942,0.03596860967888386,0.030937676200050668,0.008613001910342465,0.00020979044099020646,0.0008170179110315204,0.6574391575248126,4.9580814672023204e-05,2.693545166875848e-07,0.005289458523970334,0.007266547251422039,0.00041864880444530955,0.004658355308806595,0.00032254963577397827,0.10144029644348611,6.245427302403173e-06,0.002235086616985542,0.04289195320420696,0.09123637951535002,0.0007831417382476037,0.0020312641847107715
38,1.2097916113779954e-05,0.0004305843512735305,0.00021995966031667787,9.621948067994506e-05,0.008834660740810376,0.05741642226100413,0.03025177928304921,0.009081804100586933,0.0002818501543514417,0.0005171680711140321,0.6503816042755985,3.478741784565411e-05,2.1609649876754757e-07,0.004756817292935495,0.02193602241342491,0.0006843495692003146,0.0030607159552371596,0.0001692621849353812,0.12838419389761352,4.294443145670603e-06,0.0016833646015753975,0.03510956150988748,0.0441859044212581,0.00039319251209855025,0.002073167389444962
39,6.401659433058392e-06,0.0003012787154486403,0.00014683256354766248,0.0001313002534554116,0.006276128142078793,0.039298219414442934,0.022400170507929223,0.010237600171259022,0.00018322679624409354,0.0004349313711309122,0.6906714476554903,3.710503893858215e-05,2.0840699546622986e-07,0.005347787897114015,0.01540259060983641,0.0005597745365141193,0.004600267658135789,0.000158034035711277,0.08740109681630957,5.062967215343437e-06,0.0021703948315553966,0.05098898812649683,0.06125176973378032,0.0003388707579198472,0.0016505113330171047
40,7.882505868152787e-06,0.0003802672814367335,0.00019001765305215172,0.0001177751181595987,0.007408900399600307,0.03707791977454044,0.029841615269945564,0.008868169271163467,0.0002414325436670117,0.00038866329596589895,0.6819286303099977,5.157876711550982e-05,2.3584711054669805e-07,0.005651761958142518,0.022163004186357815,0.0004929454300612371,0.0038593940409095743,0.00014326873885393165,0.08772717605904684,4.447148858292413e-06,0.0021166805966978696,0.05120985365639611,0.057455725674852555,0.00029917351986834186,0.0023734809523318656
41,1.6789445598790283e-05,0.0004343780255636216,0.0002622466066674724,7.074314893486502e-05,0.03483714728971599,0.044625369518560346,0.04539997932688685,0.009180246258725752,0.000718197117607667,0.0001903948728873321,0.695813480673995,3.547354022931029e-05,3.8484977436130093e-07,0.0033458807572460335,0.05230892814403435,0.001224483064170622,0.002827266642940093,0.0001286855797904855,0.0617610664326567,6.237658089023506e-06,0.0010236497482287183,0.019290202191880535,0.023450169104606303,0.00025595378546246374,0.0027926462157473035
42,5.7159392504614725e-06,0.00029635933372217294,0.00013257026484674549,0.00013077611326571737,0.005355107646356566,0.035254769034129496,0.021272073074440925,0.010938919100705847,0.0001770195340145244,0.00042811890831916604,0.6867130418372545,3.935591463417724e-05,1.9339128916458057e-07,0.005078608473654695,0.01585259634850255,0.0005885648802556824,0.004203701823691984,0.00014794069944926006,0.0941412438379066,4.82566100220863e-06,0.002104856332293037,0.05761877068824689,0.057734477309023806,0.0003355489265908708,0.0014448449271529519
43,5.177940796817076e-06,0.0003430024748917471,0.00015900615677439935,0.00019365193083475675,0.005177799710541938,0.08120219107687272,0.02026686794804398,0.013623493431339834,0.00018848725881216662,0.0017529691033872927,0.49346750805569245,3.0490512969987615e-05,2.8353684038685623e-07,0.006377216370184139,0.01698176632957079,0.0011975872485622803,0.008849440008692512,0.00031306505272685306,0.14048464602875724,1.1265358856058809e-05,0.006430122187007304,0.1056727115573964,0.09488496335180106,0.0005082136515156062,0.0018780737171312303
44,6.550802370181255e-06,0.0003328298949016375,0.0001391149908697244,0.0001344888296499699,0.00655873907824726,0.0360977288197794,0.023189192758129,0.009589457824573518,0.0001835838142969299,0.00043159501860965294,0.6978078390232552,3.835875969229766e-05,1.967202250628699e-07,0.00572819952011286,0.014991411629395062,0.0005249286211354102,0.004356390744983049,0.00015460577894135566,0.08241541289623609,5.055938722398801e-06,0.002020253024957443,0.049754869398957395,0.06350221236733214,0.00033325865504884206,0.0017037250895780825
45,1.2035463554839241e-05,0.001583445153051858,7.119490972164336e-05,0.0002701511182699619,0.013085465754089191,0.03342503409478551,0.017633891769523954,0.0010895921099346086,0.00013131887723082553,0.0014169148899750388,0.2616568013089879,5.301562300531358e-05,4.604527851622119e-07,0.03060714855951748,0.0016114107767239915,8.071915329190594e-05,0.026879291328279604,0.00031044387761412437,0.04348576902300104,1.545487219332942e-05,0.009086537898695662,0.0412384133432377,0.5077540581653435,0.00045346504433104405,0.00804796643285493
46,2.4832022763210077e-06,0.00010477076550120251,5.062464091560686e-05,0.00012893413795600606,0.002735518288872273,0.035936893973706675,0.004766269668178646,0.006237491112605118,6.564828586123176e-05,0.00020243891484010289,0.6863691882593839,1.884929340489718e-05,2.6959831754801334e-07,0.004744168111334601,0.006674107819485376,0.00032587953859141013,0.018595747475701457,0.00014998390717046352,0.0606414304686014,5.329677553086469e-06,0.0022301612127456805,0.09280533317134185,0.07596231027889332,0.0003127761783541323,0.0009333920184075333
47,1.5136058317877891e-05,0.0004541672112054172,0.0002062994819466484,0.00013353884198205498,0.008255432717616461,0.0372408940263055,0.0353918282017169,0.010730049839373264,0.00038162759582134414,0.0006483001166103168,0.5237057305319889,9.91017009240608e-05,6.298609857804677e-07,0.004867784214337588,0.026882635483109537,0.0011197380882080714,0.008157190979036968,0.0002764098981264503,0.1711374677734208,8.16228934160985e-06,0.0040426678452176465,0.10956295760372671,0.052901269985773214,0.0005130911723374392,0.003267888482569544
48,6.761497785236212e-06,0.0003155865702942093,0.0001534245405422343,0.00014297811762071342,0.007226284893404884,0.03506757250369531,0.025944576134392956,0.009861558979952395,0.00020113533006720145,0.00042100578121209687,0.7042493067486035,4.217478689632698e-05,2.072296335914617e-07,0.005892599729899229,0.017586472033840905,0.0005611065175061153,0.00440023973249634,0.00017002247566120113,0.06910817125730272,5.320395673734011e-06,0.002176375193760761,0.051298110094101824,0.06284819643616053,0.0003092308513580269,0.0020115821681379385
49,7.411612731408532e-06,0.00035385136539828294,0.00011346859997549698,0.00010556296051448414,0.00882008128619222,0.0349327787226698,0.023437941400080955,0.009818459375935045,0.0001987910441039943,0.0003710620663160983,0.7087507113751139,3.110014950322112e-05,1.81988645517398e-07,0.005409660774615335,0.015970467971931662,0.0005759148321358899,0.00450797121296192,0.00015286024768568253,0.08929252452748243,4.980664847944073e-06,0.0016690536871506732,0.04333948169936453,0.05024759875078374,0.0002984559804069694,0.0015896277034526836
50,5.0816384701962946e-06,0.00025133222642125647,9.82018170154791e-05,0.00012847673174795946,0.004808631686912997,0.0472901633265832,0.007613430950941828,0.004984335316043865,0.0002729859777110414,0.00017444668351209965,0.7493718016006807,2.2040193944041954e-05,1.7500219552356045e-07,0.003352569140798564,0.012659898406845378,0.0005177217312726692,0.004769073525482057,0.0001474031626355703,0.07443478332906944,4.363583635381009e-06,0.0018119573964052377,0.045595251613916,0.040310700427894634,0.0004628712585762988,0.000912303271288652
51,7.064287990323668e-06,0.0007129457652096606,0.00011565395044788526,0.00022723722278231073,0.0031482356138108915,0.023485463736033576,0.02055172141068197,0.011628376991598544,0.00019377917152443196,0.0004663684732196278,0.6735141239649203,5.379544633332829e-05,9.295536893406345e-08,0.008586221977131403,0.013877024064660954,0.00033282269975652663,0.003090660905289206,0.00017243962753877307,0.10176440390672363,3.2132911830241202e-06,0.0017664595370161455,0.08310356333695156,0.05154606201420572,0.0002668482280382284,0.0013854214215831167
52,7.757557149450657e-06,0.00020699581325538122,0.00012291028625960546,9.36676596157075e-05,0.00614704086301217,0.054440698538816786,0.013846957314823046,0.008502540109021914,0.00019477217424115903,0.0003680428617279971,0.7236775170916033,1.9735764047647548e-05,1.6593692717821344e-07,0.005253819522056915,0.019396634939918566,0.0006038482874127104,0.004903300749445663,0.0002918715986506978,0.07227898431161459,4.277596706814482e-06,0.0014303938453028723,0.04987375508190096,0.03632959560869246,0.0002933933569960287,0.0017113231308003927
53,3.0683323663698605e-06,0.00022058350682659434,0.00013055848828553485,0.00011172316440537277,0.00812231805547148,0.01310257110583154,0.07021283274473016,0.01171293345155925,0.00012854415259049758,0.0003257214758719788,0.7282411147262304,6.71531294594096e-05,1.339672876660591e-07,0.004714130500129494,0.018923736680084968,0.00044479143098741545,0.0015006601878149559,6.379157852598574e-05,0.03576964686488553,3.265841882764418e-06,0.0015077671305872016,0.035128953066690886,0.06765105649479561,0.00017341368166728572,0.0017395302410313713
54,1.568407518222819e-05,0.001100093343433689,0.0001988443135417571,0.0001500529217465789,0.012752586973420042,0.04667642565420857,0.04832507629224329,0.009477066975735408,0.00034084012064741737,0.0009198818708551002,0.558281848281869,6.99162529011164e-05,2.3487145895035787e-07,0.01221727767374452,0.043164303185858136,0.0007030018286828965,0.004401372111709806,0.0002101603378288186,0.1176863365039656,6.878096055054503e-06,0.002148250693510526,0.06434401938292253,0.07054446145402322,0.00024566264089324994,0.006019724143562548
55,7.928192396280288e-06,0.0003658110847536893,0.00015843054463159068,0.00014570717969649685,0.006721039095737735,0.0364002205965251,0.026316834150940684,0.009766258572324904,0.00024124037715891902,0.00043073269691549127,0.685557755853403,4.968336633159336e-05,2.414666767814266e-07,0.0056135520517175755,0.016279115486861975,0.0005819815373255763,0.004238740354044502,0.0001777869835172565,0.09124836639394207,5.048186650751287e-06,0.0022626325062496963,0.05379896111075248,0.057396562636084905,0.0003763090920118105,0.0018590604833494321
56,7.0231201965531165e-06,0.0003351952447995597,0.0001437278195784253,0.00013414782480259654,0.006588440636561049,0.035371155489435334,0.02369859068304256,0.009431425384423974,0.00019128620595133282,0.00041912403556863554,0.6929632530223035,4.341134545537452e-05,2.3530429643561193e-07,0.005762722003419403,0.014800528118742398,0.0005120237585214636,0.004558186223640445,0.0001565265868067077,0.08655661891460123,5.164803629753089e-06,0.0020779121840074485,0.050752044158217165,0.06337117472005188,0.0003511939107213024,0.0017688885012253645
57,7.365305407875304e-06,0.00039084025527144265,0.00013855887553204644,0.00013200923465848558,0.006492245307976535,0.02781461991769785,0.028835734453685907,0.012744615961349855,0.00023776833128124055,0.0005087474836646513,0.5897203431228147,8.437561199032816e-05,4.4220595143993326e-07,0.005657083642191154,0.019585435045174827,0.0007632103067311212,0.006433450026619994,0.00015544004140494348,0.1392811507423732,7.473605717992951e-06,0.0029310235828819116,0.09156275362753113,0.0641079760763089,0.0003730338818070274,0.0020343033539754352
58,7.032738932728253e-06,0.00030658598558654473,0.00013835652063170806,0.0001254888471443632,0.005824414190190359,0.03429246358014373,0.020827714901967654,0.008280844742892316,0.00018528276257943882,0.0003624834768854815,0.7099473212093081,4.074807137185243e-05,2.2196798651616956e-07,0.004703535940741293,0.011401887730397858,0.0004660230490912413,0.0037161144184725487,0.00013991096769903655,0.0917883330452756,4.525317002061284e-06,0.0018272120104516007,0.04225361570098941,0.06155927801759067,0.00044090854149127576,0.0013596962651764102
59,6.532720484204175e-06,0.00030012063631607933,0.0001574677279414997,0.00013292750755308468,0.005605569298484175,0.03546157660999873,0.02121793307685634,0.008665282638596339,0.0001842716137123123,0.00038816720831054695,0.7111903272161973,3.838267719656036e-05,1.9824480169646033e-07,0.004383698020372557,0.012244267308711672,0.0004925475072703755,0.003437541598831172,0.0001338163635502067,0.08621465027667455,4.728985434280451e-06,0.0019231184033929483,0.041864052096782865,0.06418022562656539,0.00044068799906810883,0.00133190863689698
60,6.550802370181255e-06,0.0003328298949016375,0.0001391149908697244,0.0001344888296499699,0.00655873907824726,0.0360977288197794,0.023189192758129,0.009589457824573518,0.0001835838142969299,0.00043159501860965294,0.6978078390232552,3.835875969229766e-05,1.967202250628699e-07,0.00572819952011286,0.014991411629395062,0.0005249286211354102,0.004356390744983049,0.00015460577894135566,0.08241541289623609,5.055938722398801e-06,0.002020253024957443,0.049754869398957395,0.06350221236733214,0.00033325865504884206,0.0017037250895780825
61,6.740548237949655e-06,0.0003055849208362043,0.00015812602620449013,0.0001308409826756181,0.005816556861166673,0.034704334974845624,0.022451731190234702,0.008976676939539763,0.00018305558108558628,0.0003984609848408309,0.7076103185778108,3.99957392749607e-05,2.0993606465811395e-07,0.004542980886691771,0.012689222602169512,0.0004879435971060031,0.0035444152463294004,0.0001374657786397666,0.08709891791819627,4.79118737078309e-06,0.0019260369390505059,0.042798333108354784,0.06415450634175121,0.0004261200101525576,0.0014066331213693098
62,6.550802370181255e-06,0.0003328298949016375,0.0001391149908697244,0.0001344888296499699,0.00655873907824726,0.0360977288197794,0.023189192758129,0.009589457824573518,0.0001835838142969299,0.00043159501860965294,0.6978078390232552,3.835875969229766e-05,1.967202250628699e-07,0.00572819952011286,0.014991411629395062,0.0005249286211354102,0.004356390744983049,0.00015460577894135566,0.08241541289623609,5.055938722398801e-06,0.002020253024957443,0.049754869398957395,0.06350221236733214,0.00033325865504884206,0.0017037250895780825
63,7.236128197964988e-06,0.00042481337078141074,0.0001426334808589798,0.00014033179268009064,0.006934965512432899,0.03669372782861233,0.02371158058309863,0.009023747206974526,0.0001956739584358091,0.000477829876035579,0.680389076573462,4.047449546184007e-05,2.000704442894631e-07,0.006114512940755949,0.015538921279255807,0.0005074086016871749,0.004429069752017684,0.00015162993195018341,0.09134208377355124,5.393478673858888e-06,0.002103748247035114,0.050954493830422436,0.06849045500938683,0.00034775462551483413,0.0018322376522725277
64,6.4139781874030095e-06,0.0003734200932388249,0.00015148790900094573,0.00015867818831265262,0.006568957400382238,0.039647447850918546,0.02514391002014712,0.00939450964212755,0.00020622060407523633,0.0005371025659339118,0.6584882844919097,4.751990074043196e-05,2.4263266348785966e-07,0.0064272659285652236,0.015988695260008835,0.0005500898897098358,0.005154535382765517,0.00017542432403300744,0.08740347080913523,5.943506068555691e-06,0.0031330939797386734,0.061748531424139975,0.07628870191856588,0.00036845135774345774,0.002031600941887698
65,8.034572347401254e-06,0.0002611879037095052,8.86626220168417e-05,8.170953037472697e-05,0.006408990408083347,0.030992628478104484,0.012093924417512999,0.0052052402676187525,0.0003055512631515277,0.0001440679000181246,0.7498172098069493,3.484425973758274e-05,2.5625585797061537e-07,0.0032633034777964647,0.012918165067091252,0.0004959739523591547,0.0042785276336519676,0.00014826860243263376,0.0951913078157967,3.327299986894949e-06,0.0012277264833148568,0.0457216134546209,0.029807466005499786,0.00043030103487185493,0.001071711487094941
66,8.50684917234724e-06,0.0003057425358864217,0.00018164851058661449,0.00011504935499752294,0.008709296717861307,0.04885387454342821,0.022600653011769334,0.007782684717124161,0.00019492362144364216,0.0005079526213368567,0.6788799551648661,3.084069639014309e-05,2.7362423834681383e-07,0.004493483030331874,0.013705850634619597,0.0005517979366391248,0.0054204430665020665,0.00017648350193876533,0.08947447053870644,6.708691877099279e-06,0.002395639417756376,0.03921813289707887,0.07400422676624069,0.00047173903460283865,0.0019096225146054886
67,7.670516672115652e-06,0.0003961662235798497,0.00014663490014968472,0.00011919113539066136,0.00704286598428516,0.030090702232419882,0.028750122366166156,0.010701990506953758,0.00021785021175122513,0.000417792801777847,0.6883960508122403,4.4452963175669254e-05,1.7857999100147442e-07,0.005100042538423844,0.018529797785723615,0.0005411457847167234,0.0036908033359382697,0.0001503373927232339,0.09592809884557317,4.444306165220305e-06,0.0018963843168746742,0.054015601921194326,0.05176271468574926,0.0003047508994917933,0.0017442089528725308
68,7.2694458200745e-06,0.00034717563083538916,0.00017477588858918455,0.00017152034224864288,0.0057165667250924515,0.03757822501465219,0.024147636909879096,0.010063201199311986,0.00019257937508086452,0.0005016716399919179,0.6867897658913619,4.434514143871267e-05,2.0627838646059562e-07,0.0060372617035114136,0.012158766785509464,0.0005071120597003618,0.004379691990541392,0.0001786202581851596,0.08130958585335685,5.206835239919327e-06,0.002508761569998319,0.05112481365486892,0.07393375301347072,0.0003954105691866616,0.0017260762237419874
69,1.2452588720458974e-06,0.00013718328970975833,7.483042710325015e-05,9.634147368541192e-05,0.0025140196099123955,0.017775463107197145,0.011463471828186737,0.006497234235430951,5.1727555160807964e-05,0.00018172733694603465,0.8140201999420954,1.6906831307516738e-05,4.9947409510288764e-08,0.002286513920642839,0.004564736397299205,0.0002248417551289884,0.0008332240374718538,2.5170427948571133e-05,0.04230427476776595,2.252039702060166e-06,0.0010588224756984108,0.015329931348822356,0.07990971774791657,0.0003572253075358579,0.0002728889310504137
70,1.1056802059147209e-05,0.0003142898448094049,0.000248130965736054,0.0001902420024067926,0.00931547738419383,0.03394736325603278,0.038941649438610455,0.02157016969977021,0.00021718380907803547,0.0005666059487593775,0.6888490266619469,5.200797171780613e-05,2.8333189234435856e-07,0.009193246192393605,0.024632659283849334,0.000920025782984201,0.005690663302491739,0.0002727677765402527,0.05287890084974363,8.053598691412644e-06,0.0016324994776635694,0.05610617388367092,0.051182123013336134,0.0002112259726808011,0.0030481737489411165
71,7.157158464433529e-06,0.0004538312278409175,0.00013360308956915102,0.00015036865085563627,0.01021440913037946,0.03471827961471305,0.028557565331308307,0.009627310682626612,0.00019854431224149765,0.0005727918903439276,0.6669298185264424,4.3764389485698965e-05,2.5739830329132036e-07,0.006945011529379381,0.015537768482894369,0.0006419385077602842,0.004914662724714862,0.00014380369034101937,0.08017845038620396,8.659007000302344e-06,0.002216279561562825,0.04533118189256297,0.09000905154159483,0.0003769234029803034,0.002088567870430423
72,6.5130485618220374e-06,0.00037656745506946547,0.00012697632503424138,0.00013571739485598468,0.0071573376448266475,0.034778742688459235,0.022463641370150066,0.00851292152981572,0.0001686699472206163,0.0004554659951320964,0.6898339885535395,3.6714912844794404e-05,1.8833853316754918e-07,0.0062287801685554514,0.014641099009961652,0.00047425091638640465,0.004761765314964516,0.00014457471345992456,0.07923738415658489,5.5756614992241385e-06,0.001923862244962988,0.04943873766323075,0.07686981998749784,0.00032589006816017836,0.0018948148906926677
73,1.0242697931584746e-05,0.0009968796374454332,0.00018969831087672098,0.0003871236244426558,0.005357034055147513,0.08520924117133381,0.018641300488040028,0.013505672049901517,0.0004216545814672387,0.000611390757889046,0.6949004433557178,2.6311410423191156e-05,8.787900854900699e-08,0.014284205154706357,0.005443459657865391,0.0007289047388186255,0.0017222345881227948,0.00019796200280861672,0.09237234976651655,3.8134044644041367e-06,0.0013935740722749263,0.019486302614825545,0.04289996335008024,0.0004459064268284458,0.0007642442030632192
