,0,1,2,3,4,5,6,7,8,9,10,11,12,13,14,15,16,17,18,19,20,21,22,23,24
0,0.9644263669317472,4.23991557936556e-08,6.654634328560987e-07,3.415540989773165e-08,1.1659177506028235e-09,1.6998917911149994e-10,3.266422047261602e-08,2.2027614544207163e-05,1.557096661104585e-07,8.245424664994889e-07,1.834817489515436e-09,2.888828703144193e-06,4.080049177921102e-06,8.616884270296501e-10,9.8611286634966e-14,1.7759819802880609e-07,1.2141689366579103e-05,0.035525863514817436,4.52352548724407e-06,9.907450312842529e-08,9.927334882361948e-09,9.631285334859648e-09,3.059921707101899e-10,2.7058367392317918e-09,4.9636143070644875e-08
1,0.9668728532038499,3.905784951324119e-08,6.795030790403328e-07,3.3924970725502657e-08,1.317782703344501e-09,1.9552984366290444e-10,3.794540348330536e-08,2.783060200804917e-05,2.060698328576143e-07,1.0875851369410937e-06,1.7686763010880827e-09,2.5821190757098522e-06,4.737535476045237e-06,8.370775029876298e-10,1.0461543755530645e-13,2.826352340212001e-07,1.1782222462552667e-05,0.033071491594205034,6.153693738031954e-06,1.274359314515239e-07,8.243350020700683e-09,1.0894543510531352e-08,3.233655334057406e-10,3.0106763729243353e-09,4.828064043845865e-08
2,0.9641124275075545,3.756243975035151e-08,8.121317262433081e-07,3.403068501580763e-08,1.3675914962653226e-09,1.9883620059556873e-10,4.0625648638132675e-08,2.9604383499891006e-05,1.9000313043670941e-07,1.2923192312484783e-06,1.8339816424179364e-09,2.350253742617876e-06,4.226125692984868e-06,1.0497263134407714e-09,1.3586653285813693e-13,2.3074839675532843e-07,1.0679741388189651e-05,0.03583140416630514,6.392204183018915e-06,1.7913368190610712e-07,1.108789849554899e-08,1.4748203572383241e-08,4.0501193258982743e-10,3.6202321081447775e-09,6.475107617420852e-08
3,0.9623469450669043,4.333062870910818e-08,7.179367079082142e-07,3.4174868817634966e-08,1.24724344960313e-09,2.0361357760590305e-10,3.7171037992232756e-08,2.463774601892687e-05,1.6225666751381183e-07,9.760782966196735e-07,1.9445261299815626e-09,3.128306784416298e-06,4.613842059975268e-06,9.473354405881394e-10,1.1218854351517927e-13,2.216983048940748e-07,1.2427067138410547e-05,0.0376004045019695,5.439534298205665e-06,1.2837097568764172e-07,1.1011914355322301e-08,1.1242701576530377e-08,3.4163111543429334e-10,3.0004593446685575e-09,5.297780090250931e-08
4,0.9602158244053937,5.14718768375432e-08,7.135225286906132e-07,3.8161908614712766e-08,1.4137517294038074e-09,2.433754435731003e-10,4.073675886478058e-08,2.5364355621567933e-05,1.796038163857481e-07,9.77370494351697e-07,2.2648392148237834e-09,3.8041742912923284e-06,5.776974470595255e-06,1.1004061656725743e-09,1.1710341807994774e-13,2.488960059659537e-07,1.4311322385013834e-05,0.03972664256509394,5.800502918872605e-06,1.376105410722546e-07,1.1866900753952175e-08,1.1411978926873708e-08,3.9950274759296285e-10,3.0547172865667233e-09,5.657030487242481e-08
5,0.9533173798922296,3.433000541858545e-08,6.749192305166478e-07,3.716561480278535e-08,1.1215142479850473e-09,1.8839125184642248e-10,3.5456485071508754e-08,2.189248789779628e-05,1.6017677816402159e-07,1.0913050862604824e-06,1.7572928026367686e-09,2.828055450994108e-06,3.9105920424177965e-06,1.071632236927106e-09,9.765543526739282e-14,2.11322085425877e-07,1.2572641546923176e-05,0.04663483791071097,4.095193490530789e-06,1.4995860956208512e-07,1.046748701391572e-08,1.0756640495456432e-08,3.5331194921270045e-10,3.590987319946999e-09,5.928538049403383e-08
6,0.9623469450669043,4.333062870910818e-08,7.179367079082142e-07,3.4174868817634966e-08,1.24724344960313e-09,2.0361357760590305e-10,3.7171037992232756e-08,2.463774601892687e-05,1.6225666751381183e-07,9.760782966196735e-07,1.9445261299815626e-09,3.128306784416298e-06,4.613842059975268e-06,9.473354405881394e-10,1.1218854351517927e-13,2.216983048940748e-07,1.2427067138410547e-05,0.0376004045019695,5.439534298205665e-06,1.2837097568764172e-07,1.1011914355322301e-08,1.1242701576530377e-08,3.4163111543429334e-10,3.0004593446685575e-09,5.297780090250931e-08
7,0.9756251359486545,4.4771761374063526e-08,8.554730941095814e-07,2.933626369247493e-08,1.1086883965352565e-09,1.760793787331527e-10,3.026794879840715e-08,2.758925349551305e-05,1.0879257653660373e-07,6.155594237108317e-07,2.0193426914905397e-09,2.58271606185036e-06,6.546918640728026e-06,5.718855856772085e-10,9.22572523329575e-14,1.7226860888385935e-07,9.601963456096865e-06,0.024319929191757295,6.623522655156214e-06,8.491630778584589e-08,8.59366255745115e-09,7.82643337486746e-09,2.1997650884120308e-10,2.13144822861419e-09,2.645168494468621e-08
8,0.9619122818464423,3.034877471947573e-08,9.322912402781344e-07,4.9141090522893455e-08,1.418237216171669e-09,1.8985494334605935e-10,3.672301117096559e-08,2.0735874720429272e-05,2.0436391409978267e-07,1.4241222194446329e-06,2.1850907851314514e-09,1.6845141692947183e-06,2.5570209221150624e-06,1.3196466319718718e-09,1.9074359546536139e-13,1.9228425538029966e-07,9.718215224101891e-06,0.0380459811439041,3.899299328183247e-06,1.5332630211607905e-07,1.1757318175512502e-08,1.3480949985629286e-08,4.599194198114686e-10,7.1764074601837126e-09,8.149686657664424e-08
9,0.9669985833114295,2.7190752944313727e-08,9.19083994190542e-07,4.1483217002776906e-08,1.1298564923673776e-09,1.5908735129641469e-10,2.5605565120447815e-08,2.203431265444146e-05,1.6129457972576318e-07,1.165724875834766e-06,1.890446155685608e-09,1.6716101437839596e-06,3.100458266579055e-06,9.596087710483758e-10,1.1712053015351496e-13,1.7554492713459486e-07,1.0301882714512289e-05,0.032957665819826676,3.919042323231933e-06,1.3191547730236044e-07,9.179348261272172e-09,1.0958646635824425e-08,3.195602090573301e-10,5.30824159929455e-09,4.581433948240111e-08
10,0.9623469450669043,4.333062870910818e-08,7.179367079082142e-07,3.4174868817634966e-08,1.24724344960313e-09,2.0361357760590305e-10,3.7171037992232756e-08,2.463774601892687e-05,1.6225666751381183e-07,9.760782966196735e-07,1.9445261299815626e-09,3.128306784416298e-06,4.613842059975268e-06,9.473354405881394e-10,1.1218854351517927e-13,2.216983048940748e-07,1.2427067138410547e-05,0.0376004045019695,5.439534298205665e-06,1.2837097568764172e-07,1.1011914355322301e-08,1.1242701576530377e-08,3.4163111543429334e-10,3.0004593446685575e-09,5.297780090250931e-08
11,0.962713028842069,4.6987692008924145e-08,7.276250825183355e-07,3.5157662247975256e-08,1.2982091830022904e-09,2.2034672882317023e-10,3.901364991352786e-08,2.5852136975955954e-05,1.668397456667734e-07,9.74098233202961e-07,2.065850409894384e-09,3.3747535364667815e-06,5.230490647137434e-06,9.706857580123894e-10,1.1532847392232382e-13,2.3792009132824408e-07,1.3154531367029585e-05,0.03723109545872804,5.823469030020288e-06,1.303568465316444e-07,1.1120635219975815e-08,1.138339649424296e-08,3.515633838072842e-10,2.9651601176171733e-09,5.1942680367698274e-08
12,0.9296454778642518,5.860264488686008e-08,6.827347207249928e-07,4.321992204162741e-08,2.4893744191434502e-09,2.794888470833479e-10,3.839269577465556e-08,1.3255184843161701e-05,1.6055642498666527e-07,1.010969700731876e-06,2.4738992456790948e-09,4.704255908636197e-06,4.57771616169252e-06,2.0404896463945093e-09,1.0681585128493488e-13,2.3725293028753086e-07,1.1333981632398009e-05,0.07031426270253446,3.820345831968697e-06,1.8694279900413264e-07,1.575793702892369e-08,7.620382983435976e-09,6.138455239642392e-10,3.4069587298877424e-09,1.1459451411231456e-07
13,0.9701836477150844,7.151022094804266e-08,7.891589137175015e-07,4.998622779094473e-08,1.9036107776634166e-09,2.777097650824959e-10,3.5678160027455304e-08,2.2676479981095086e-05,1.62004508041557e-07,6.498082155796566e-07,4.947137788993352e-09,4.854118693390603e-06,8.331149238946818e-06,1.1651429100820595e-09,1.7645828255299342e-13,2.439460317127211e-07,1.5262770716760734e-05,0.029756588475164044,6.466137889528238e-06,9.510932224132882e-08,1.5445763768922506e-08,8.47723948834027e-09,5.119010428695322e-10,3.4081532564162116e-09,3.98147965513006e-08
14,0.9648995756371078,6.149840446855104e-08,7.133583007705482e-07,2.8430757832979526e-08,1.4584634683818125e-09,2.5798359536591214e-10,3.591265079973151e-08,2.1971189282969314e-05,1.3392675186469652e-07,8.199410603279848e-07,2.3803038353795857e-09,4.356019708530625e-06,6.161029609836598e-06,9.752632596366018e-10,1.1000236668141384e-13,2.3509298745892092e-07,1.160761275141623e-05,0.03504665252476414,7.450208160002043e-06,1.2158381485368348e-07,1.2692464637648784e-08,9.84002907364579e-09,3.4140377388684986e-10,2.306143422909063e-09,4.578172158220728e-08
15,0.9623469450669043,4.333062870910818e-08,7.179367079082142e-07,3.4174868817634966e-08,1.24724344960313e-09,2.0361357760590305e-10,3.7171037992232756e-08,2.463774601892687e-05,1.6225666751381183e-07,9.760782966196735e-07,1.9445261299815626e-09,3.128306784416298e-06,4.613842059975268e-06,9.473354405881394e-10,1.1218854351517927e-13,2.216983048940748e-07,1.2427067138410547e-05,0.0376004045019695,5.439534298205665e-06,1.2837097568764172e-07,1.1011914355322301e-08,1.1242701576530377e-08,3.4163111543429334e-10,3.0004593446685575e-09,5.297780090250931e-08
16,0.9343935264628802,4.233995470203549e-08,5.912747088617573e-07,3.852726446616926e-08,1.1424561607932725e-09,2.347827842206133e-10,4.593670466410355e-08,1.823032338692692e-05,1.4103703982205112e-07,1.437944401582254e-06,1.980260124406444e-09,4.52246824438972e-06,3.710304455680098e-06,1.5163657406042423e-09,1.1292533113358682e-13,2.426073084987619e-07,1.5074507579714328e-05,0.06555801800515827,4.076016916498093e-06,1.737131698202886e-07,1.8995028864343734e-08,1.317020386308663e-08,4.1253195884174605e-10,3.4947408314650622e-09,8.75843424664768e-08
17,0.9501943493789459,4.964915728710198e-08,5.956615752870136e-07,2.8280460800346073e-08,1.0225113061928405e-09,2.0567983125025398e-10,3.6029542899541266e-08,2.133164405132267e-05,1.2580918300888865e-07,8.909575004557768e-07,1.73589358765475e-09,4.5861997354911095e-06,5.112264081140384e-06,1.1157550930649136e-09,8.422435268674672e-14,1.935287173839979e-07,1.494716032838091e-05,0.049752594594984094,4.927579669737555e-06,1.3990032462638456e-07,1.2620476621547729e-08,1.1296885099127172e-08,3.5638059307646353e-10,2.2228219127079966e-09,6.078525380417679e-08
18,0.9429562029439466,4.945325881021691e-08,4.99617736007039e-07,2.875671639975284e-08,9.015135092895769e-10,2.290590003388165e-10,4.232380263477048e-08,2.154914861936562e-05,2.0010213938945387e-07,1.3960683466700471e-06,1.6157264281602486e-09,4.030347243358044e-06,4.076483390071218e-06,1.4520418503793273e-09,1.0108298233132826e-13,2.18725597751085e-07,1.8790861716648647e-05,0.05698838311257391,4.216613448574095e-06,1.755956370431946e-07,1.2714922117136228e-08,1.6473296539235825e-08,4.703320759380003e-10,3.0803428254172314e-09,1.0290849149679256e-07
19,0.9615532940862948,5.074642509611825e-08,8.574551733700969e-07,4.388014995846395e-08,1.6356420535357448e-09,2.421062570759912e-10,4.6440370488071835e-08,3.2197305344248275e-05,1.7524392007792328e-07,1.0150817253415285e-06,2.2417166015171284e-09,3.833820721296635e-06,6.352392257108216e-06,1.075942229722708e-09,1.3191395543413572e-13,2.662367121118414e-07,1.319273442636676e-05,0.0383817122467154,6.7301240198877695e-06,1.466957001410634e-07,1.2737616158405176e-08,1.2605529074643489e-08,3.6798286421375795e-10,2.9884289118178556e-09,5.1614948112269717e-08
20,0.9655895645437229,5.581492961241111e-08,1.0136714174556147e-06,4.931287106234097e-08,1.5731952045542402e-09,2.9806717812433036e-10,6.500256062457615e-08,4.250875744526059e-05,2.221607977399402e-07,1.2703517474131735e-06,2.8405058733443654e-09,3.5087293370658542e-06,5.65678467429019e-06,1.2227398833597055e-09,2.7234037128692875e-13,2.747532319080532e-07,1.6071066102731926e-05,0.03433152571512134,7.913188296421153e-06,1.7729097042767246e-07,1.8502837916078207e-08,2.164336775745534e-08,5.549717780361275e-10,4.24811531793617e-09,7.197270042270315e-08
21,0.9547250388937633,4.529859805593492e-08,6.499371061355183e-07,3.064005927066714e-08,1.4393432856170138e-09,1.979099785936462e-10,2.913516214279675e-08,1.679971944269806e-05,1.326472598033659e-07,1.0898292045105368e-06,2.051221957548802e-09,3.955732597249886e-06,4.257653678924288e-06,1.1234798589987516e-09,8.721980083504473e-14,2.2673235306535315e-07,1.0707830442213924e-05,0.045231725553333275,5.092966831104733e-06,1.346792566501657e-07,1.283556755769353e-08,9.551298598114323e-09,3.0196457091768544e-10,2.892759894160052e-09,5.23572786294561e-08
22,0.9611270736915792,3.1478958369078374e-08,6.813841649143099e-07,3.47057585081897e-08,9.376710661773965e-10,1.5676143028101892e-10,2.7109222076038164e-08,2.0147220514145022e-05,1.2290610110827286e-07,1.0316620224040717e-06,1.8384733132509069e-09,2.7281733709206924e-06,3.6100778088309392e-06,8.29341586849003e-10,8.67813635170661e-14,1.923762503181852e-07,1.270563423326978e-05,0.03882747912144873,3.957381703590847e-06,1.0936742561492356e-07,1.0958080963521642e-08,9.894004502524154e-09,2.5480358334632087e-10,3.243413324298477e-09,3.9596801334596325e-08
23,0.9623469450669043,4.333062870910818e-08,7.179367079082142e-07,3.4174868817634966e-08,1.24724344960313e-09,2.0361357760590305e-10,3.7171037992232756e-08,2.463774601892687e-05,1.6225666751381183e-07,9.760782966196735e-07,1.9445261299815626e-09,3.128306784416298e-06,4.613842059975268e-06,9.473354405881394e-10,1.1218854351517927e-13,2.216983048940748e-07,1.2427067138410547e-05,0.0376004045019695,5.439534298205665e-06,1.2837097568764172e-07,1.1011914355322301e-08,1.1242701576530377e-08,3.4163111543429334e-10,3.0004593446685575e-09,5.297780090250931e-08
24,0.9527266728891017,5.474834919684596e-08,7.16104456549833e-07,4.6421964168684896e-08,1.863308987073353e-09,2.635252304043943e-10,4.2529077539128376e-08,2.489529351582381e-05,1.9962900274681182e-07,1.0444055638455242e-06,2.3474522509261926e-09,4.367302579268061e-06,6.309048037360628e-06,1.3625921598418686e-09,1.108590574179017e-13,3.051608503967441e-07,1.4500862141832443e-05,0.04721512280647799,5.478037188868772e-06,1.5123275154364497e-07,1.1907698881910018e-08,1.0120391135696613e-08,4.4030272897879366e-10,3.1190916771004713e-09,6.210446703126744e-08
25,0.9672396706427789,3.584839656630193e-08,7.441151887343843e-07,3.996300172075474e-08,1.1550451316123302e-09,1.7460593580242213e-10,4.177462725471625e-08,3.307619004841644e-05,1.360046873458552e-07,7.907678185755908e-07,2.1643650481772394e-09,2.793339623831536e-06,5.636492638146578e-06,7.54266214788512e-10,1.1912014324656993e-13,2.2129744007654545e-07,1.2174660015886407e-05,0.032698615123706434,5.840055650838719e-06,1.1924988277746452e-07,1.0868216161101047e-08,9.928622474172137e-09,3.330214279531142e-10,2.6138744079924056e-09,3.6482358482172576e-08
26,0.9709586904594828,3.42042693748659e-08,7.176241598957354e-07,3.277285514980982e-08,1.1340827276300521e-09,1.6756611933429958e-10,2.7935634777119303e-08,2.3303369827287172e-05,1.9792220411180408e-07,8.63358132301009e-07,1.8363291294688508e-09,1.9310691066230694e-06,3.5692641170272135e-06,8.003474624675525e-10,1.1126377058074746e-13,1.8477350586151222e-07,1.1167320828724745e-05,0.028994582359749593,4.510918223996854e-06,1.1248627631220412e-07,7.390758988453537e-09,1.0576026135134046e-08,3.638965609707414e-10,3.926136899757627e-09,4.796637093310213e-08
27,0.9629635782452133,4.576418090609163e-08,7.766663261390514e-07,4.24110486465094e-08,1.4022507105392316e-09,2.505215584187834e-10,5.043787048329602e-08,3.22553298135586e-05,2.516444194398028e-07,1.3960607978946962e-06,2.3333136968369875e-09,2.9133220597261243e-06,4.752379655650786e-06,1.224150405975823e-09,1.825230060195792e-13,2.7974446064400923e-07,1.4711039645950274e-05,0.03697237391133241,6.283505205959895e-06,1.7311419056020705e-07,1.2808853474247019e-08,1.785464280796518e-08,5.080735555982306e-10,4.493417409216164e-09,7.554837258389751e-08
28,0.9623469450669043,4.333062870910818e-08,7.179367079082142e-07,3.4174868817634966e-08,1.24724344960313e-09,2.0361357760590305e-10,3.7171037992232756e-08,2.463774601892687e-05,1.6225666751381183e-07,9.760782966196735e-07,1.9445261299815626e-09,3.128306784416298e-06,4.613842059975268e-06,9.473354405881394e-10,1.1218854351517927e-13,2.216983048940748e-07,1.2427067138410547e-05,0.0376004045019695,5.439534298205665e-06,1.2837097568764172e-07,1.1011914355322301e-08,1.1242701576530377e-08,3.4163111543429334e-10,3.0004593446685575e-09,5.297780090250931e-08
29,0.9623469450669043,4.333062870910818e-08,7.179367079082142e-07,3.4174868817634966e-08,1.24724344960313e-09,2.0361357760590305e-10,3.7171037992232756e-08,2.463774601892687e-05,1.6225666751381183e-07,9.760782966196735e-07,1.9445261299815626e-09,3.128306784416298e-06,4.613842059975268e-06,9.473354405881394e-10,1.1218854351517927e-13,2.216983048940748e-07,1.2427067138410547e-05,0.0376004045019695,5.439534298205665e-06,1.2837097568764172e-07,1.1011914355322301e-08,1.1242701576530377e-08,3.4163111543429334e-10,3.0004593446685575e-09,5.297780090250931e-08
30,0.9623469450669043,4.333062870910818e-08,7.179367079082142e-07,3.4174868817634966e-08,1.24724344960313e-09,2.0361357760590305e-10,3.7171037992232756e-08,2.463774601892687e-05,1.6225666751381183e-07,9.760782966196735e-07,1.9445261299815626e-09,3.128306784416298e-06,4.613842059975268e-06,9.473354405881394e-10,1.1218854351517927e-13,2.216983048940748e-07,1.2427067138410547e-05,0.0376004045019695,5.439534298205665e-06,1.2837097568764172e-07,1.1011914355322301e-08,1.1242701576530377e-08,3.4163111543429334e-10,3.0004593446685575e-09,5.297780090250931e-08
31,0.9423507515603046,1.0312909340376977e-07,8.452397810662264e-07,1.2438950967712193e-07,3.2010876901640845e-09,1.1559825176207263e-09,1.0577314993686953e-07,2.22087320385837e-05,6.983249661148588e-07,4.320660283387704e-06,8.027673181005151e-09,6.367098771825507e-06,5.969943460801422e-06,5.016782080474565e-09,6.554106361875535e-13,8.963847944090287e-07,3.282327492822353e-05,0.05756791892148733,6.315662545617339e-06,2.770462745791052e-07,3.258942064931507e-08,2.987975623122486e-08,1.3506778394364998e-09,1.579133224043e-08,1.7684524259463476e-07
32,0.9643049266074526,4.644076817411864e-08,7.522017710063303e-07,3.258434180780234e-08,1.2932092244321052e-09,2.189325626886948e-10,3.8283408571127546e-08,2.5845676493544126e-05,1.5972390034158704e-07,9.874313839876348e-07,2.0050835932812794e-09,3.21017635837891e-06,4.884853308427471e-06,9.506659621471543e-10,1.205043893825805e-13,2.31415547373448e-07,1.2371558767572717e-05,0.03564001880464399,6.278031707498516e-06,1.328441019330639e-07,1.1329973563789405e-08,1.1876228374630286e-08,3.4968347150602766e-10,2.89893583088396e-09,5.244321181350793e-08
33,0.9579304525802586,4.72758037062062e-08,4.859117483992745e-07,3.090850800596945e-08,7.45994775273501e-10,2.290020145338586e-10,3.556875132715339e-08,2.9112202949131535e-05,1.5792361958856174e-07,8.769260832083045e-07,1.6008568635966695e-09,4.837160712063184e-06,7.691547063372328e-06,8.542521479510186e-10,5.898640262084993e-14,2.783849230097262e-07,2.2541976110112233e-05,0.04199793541431122,5.346434455429131e-06,1.117378700442264e-07,7.954327331146564e-09,1.0320432035013802e-08,2.608672731623188e-10,1.8462119555947926e-09,3.423482954807189e-08
34,0.9714941706083376,4.2683489545345804e-08,6.791390978705757e-07,2.690907733574666e-08,1.1742826917272315e-09,1.6348914947400674e-10,2.879258722851132e-08,2.2130418964674833e-05,1.529325752784953e-07,8.021231653812757e-07,1.9211019551096184e-09,2.542029536927753e-06,4.382020396819964e-06,7.665303345596351e-10,9.979467870066618e-14,1.7605300871883813e-07,1.0057329102593392e-05,0.02845873818653738,5.8993348318493625e-06,1.019349711341521e-07,8.854963633875048e-09,9.781318874698918e-09,3.022424189194244e-10,2.6900497646919053e-09,4.385024115683175e-08
35,0.445740228719435,3.68639383086348e-05,0.0013842939389584698,0.00019775137436955413,5.186247038970366e-05,6.369041419977923e-05,0.00012650685672598567,0.00011581903389321782,4.150333217037714e-05,0.0005163264967156838,7.507621703892959e-05,0.0008982987435041261,0.0010872584264295813,0.0002251636549644802,1.3708926375847636e-07,0.0002557296835054995,0.0008919706137461074,0.5458193972792591,0.0008530651604188293,0.0010875540118063733,0.00017472160852894788,1.9239309635037892e-05,3.2793461765585305e-05,4.693279360047416e-05,0.00025781537136693373
36,0.9631074506551887,4.1994299044361066e-08,8.734064190519882e-07,3.3887728351545326e-08,1.5171563437299338e-09,1.9286054634279133e-10,3.304284318115811e-08,2.003592256157241e-05,1.3577990329877105e-07,1.0070401108041958e-06,2.1064834708439954e-09,2.6776991201283314e-06,3.908392175153631e-06,1.0078394174163737e-09,1.2317371597432093e-13,1.8336461787041443e-07,8.977333141595968e-06,0.03684901791179819,5.400298544795452e-06,1.3477367722749286e-07,1.2815890747713166e-08,1.0301565542395239e-08,3.332306717777726e-10,3.485132872549183e-09,5.673758853133207e-08
37,0.9491557872214976,7.246800335536883e-07,9.120928187030561e-07,7.421635661218151e-08,6.661991249067642e-09,4.308001155366578e-09,5.306466502624742e-07,0.00018329790440551003,1.8234488738529803e-06,4.695948313605325e-06,4.765970648188983e-09,3.40429314960682e-05,4.345237144762337e-05,5.9889871393410995e-09,9.174642564464609e-13,2.571227427364063e-06,9.98436752466078e-05,0.05041217381424356,5.88048543082574e-05,6.034547053824632e-07,5.795112421304988e-08,1.4619647353994074e-07,2.7608542388540826e-09,1.775066312696119e-09,4.311027892632979e-07
38,0.9615137528431735,3.870385488123762e-08,7.08084746437618e-07,3.663968499628303e-08,1.2863731200480669e-09,1.6292140786022902e-10,3.115166644900949e-08,2.1980639988473688e-05,1.849015672823357e-07,1.0184246764955615e-06,1.773915188130272e-09,2.6208439581986766e-06,3.817385485556312e-06,1.0185319312280277e-09,9.885426657578289e-14,1.7458131231788825e-07,1.1342599665055961e-05,0.03843979251827676,4.289311251622929e-06,1.2316881093458826e-07,9.684224083037778e-09,1.1136785557634484e-08,3.2456440081785205e-10,3.438826614070471e-09,5.937563986171179e-08
39,0.9581047799799922,4.98981508034592e-08,8.749234217108488e-07,4.343546659282562e-08,1.4392217131413076e-09,2.907617231624449e-10,6.564455767387605e-08,4.081908393634233e-05,1.8350914626463115e-07,1.1749060099144829e-06,2.1335081824668968e-09,3.827884271529258e-06,6.063684003619153e-06,1.1325519231656052e-09,1.8425753306655282e-13,3.1737656201792335e-07,1.6694611051788466e-05,0.04181740001940883,7.403606518886494e-06,1.8675955829408986e-07,1.6206241272161364e-08,1.7459701055604966e-08,5.222476412280488e-10,3.016212900808298e-09,7.24773127989156e-08
40,0.9534635915150442,1.943731555535646e-08,3.350072210347824e-07,6.978523021846882e-08,5.325864554919862e-10,2.0021135985220393e-10,8.967051805024829e-08,5.570585923110294e-05,4.238074502952031e-07,1.6941845731129724e-06,1.458724758786033e-09,1.746343612233516e-06,4.821239569430154e-06,9.374420130654535e-10,1.07784058178298e-13,4.6802811263638e-07,3.042493659276195e-05,0.04643704307921916,3.3162181544368616e-06,1.5358487940086797e-07,6.884719381700314e-09,1.5505403780307277e-08,5.880719510041321e-10,4.233756285164752e-09,6.696225272086214e-08
41,0.9671539981065401,5.068029478525675e-08,8.132829957127513e-07,4.159432639380273e-08,1.5470483748430572e-09,2.2282144844014239e-10,3.6505284158923286e-08,2.6799056015125276e-05,2.0368420711507593e-07,1.0140157620146619e-06,2.073955672186637e-09,2.8759564278601637e-06,5.257049699852979e-06,9.458036267449912e-10,1.1525339278441838e-13,2.497164763563681e-07,1.2597985261772677e-05,0.03279051699662305,5.360667743141199e-06,1.095086060195738e-07,9.608029555476775e-09,1.021030828977864e-08,3.1847503752657684e-10,3.1832368456222546e-09,4.708394253466533e-08
42,0.9778903764676652,5.5239954267005784e-08,9.630690933931045e-07,2.7142992681512665e-08,1.081737617145525e-09,2.3461176867141254e-10,4.463333197625129e-08,5.0586089882411104e-05,1.641345619241942e-07,1.1754559550604676e-06,1.8125700409680235e-09,3.554822443437354e-06,6.273683842176202e-06,7.288999857468708e-10,1.603138396661252e-13,2.5472122522448093e-07,1.525929815638104e-05,0.022017305755367474,1.3748109558541121e-05,1.287090569647145e-07,1.3010840151763421e-08,2.5336748353026236e-08,2.7103456778140723e-10,2.156029733088053e-09,3.803428056148472e-08
43,0.9601601033354097,3.456236506038895e-08,8.11793135944457e-07,4.3400868793489987e-08,1.4389539884912638e-09,2.4162337751502924e-10,4.742034961958179e-08,3.1722237139512175e-05,2.84197933455087e-07,2.4641362860195105e-06,1.876917594972099e-09,2.1352032471755424e-06,3.7362820862332036e-06,1.3567282485575478e-09,1.542915848139966e-13,3.0915110503657226e-07,1.3056986679664005e-05,0.03977877745969731,6.104334120229452e-06,2.4517225848047473e-07,1.2679088415640464e-08,2.1592861416471236e-08,4.409131033518941e-10,5.336164134460015e-09,7.93639133374492e-08
44,0.9623469450669043,4.333062870910818e-08,7.179367079082142e-07,3.4174868817634966e-08,1.24724344960313e-09,2.0361357760590305e-10,3.7171037992232756e-08,2.463774601892687e-05,1.6225666751381183e-07,9.760782966196735e-07,1.9445261299815626e-09,3.128306784416298e-06,4.613842059975268e-06,9.473354405881394e-10,1.1218854351517927e-13,2.216983048940748e-07,1.2427067138410547e-05,0.0376004045019695,5.439534298205665e-06,1.2837097568764172e-07,1.1011914355322301e-08,1.1242701576530377e-08,3.4163111543429334e-10,3.0004593446685575e-09,5.297780090250931e-08
45,0.9693686467627931,4.12825509566015e-08,9.74962475634627e-07,5.186091882573455e-08,1.431771128023519e-09,2.7731455589739343e-10,7.474201523051786e-08,5.552731308017703e-05,2.0482172039081803e-07,1.085209695032733e-06,2.400304410067139e-09,2.637546683751082e-06,6.373211967977786e-06,8.196963938250769e-10,2.4439801941660747e-13,3.861843460622274e-07,1.397137030422906e-05,0.03054156557065982,8.222270889522004e-06,1.5401748460135547e-07,1.2346271227222255e-08,1.500740616800364e-08,4.432879258327107e-10,3.5277155274438275e-09,4.661840271706967e-08
46,0.9610954617166854,4.368543377940499e-08,6.799698775083638e-07,3.687143899212911e-08,1.0605072636140105e-09,2.2770823066712634e-10,3.681387110404943e-08,2.6117579366242472e-05,1.6976781402277362e-07,9.523778621672616e-07,1.9811188036405806e-09,3.4740578516937577e-06,5.106660480148965e-06,9.345221985793089e-10,1.0587555820446195e-13,2.455726922592123e-07,1.6475969559103512e-05,0.03884606954366473,4.9295259231141285e-06,1.227911355303593e-07,1.046724379249757e-08,1.1522168874643708e-08,3.475122968078879e-10,3.063220588610829e-09,4.749223634600705e-08
47,0.9040973168324979,4.4102927255985454e-08,4.835834957266669e-06,1.501713306627937e-06,1.82882530812662e-08,1.4605750879239251e-09,1.5405166036168023e-07,3.4530738964795655e-05,7.59178674976383e-07,4.691822905948819e-06,1.7346131642518094e-08,1.9994960650852506e-06,9.147132782529449e-06,1.338973361698159e-08,1.2773053856829668e-12,1.4475079909565516e-06,2.1553239698545546e-05,0.09581839908619656,2.6555399982915516e-06,6.029864044425098e-07,4.2311470936916654e-08,9.51918778370492e-09,4.0873812869839834e-09,6.99059407031254e-08,1.8442501722007983e-07
48,0.9430193310111333,3.678184219129894e-08,8.329141459484215e-07,4.7640099486395233e-08,2.1348544705785986e-09,1.8062392051207715e-10,3.333060944802279e-08,1.4941535132455172e-05,1.9369133984164963e-07,1.6041236526751419e-06,2.357319021679896e-09,2.8700548940349125e-06,2.8348996719452175e-06,1.8792083643253406e-09,1.3689232646810164e-13,1.8973807041389645e-07,8.75063752185451e-06,0.05694420493387792,3.7737848612475066e-06,2.0200003039206425e-07,1.6726414770772632e-08,1.2731136338285802e-08,4.878629988168381e-10,5.980554434261072e-09,1.1044500575514647e-07
49,0.9569993583184216,5.719087813085356e-08,9.5342448474207e-07,3.6282323627673126e-08,1.3993064426677518e-09,2.9373988358034374e-10,3.737179700889013e-08,2.421331798569073e-05,1.4771804033911712e-07,1.0993069907172418e-06,2.1737408313249144e-09,4.56259174725096e-06,5.254725415990652e-06,1.2650304523905483e-09,1.342672626419184e-13,2.2409420511823508e-07,1.533479972470229e-05,0.04294217516566876,6.2878849852063106e-06,1.5739229260661907e-07,1.5268831676271722e-08,1.5162629224741494e-08,3.590059320551801e-10,3.2996138528329876e-09,6.119300610194699e-08
50,0.9619370807740394,6.229601418635888e-08,8.393406680465789e-07,4.327159071469458e-08,1.35881367121859e-09,2.959788272910867e-10,2.322158666596927e-08,1.6872908220585693e-05,1.3573545657883143e-07,6.076863861459837e-07,3.034595944603748e-09,5.127026725338984e-06,5.921760312344769e-06,1.078935803309775e-09,1.0442761272363259e-13,2.13489926014706e-07,1.8544584738601808e-05,0.038010385036336226,3.99180367811615e-06,8.647502230463875e-08,1.163959035493099e-08,7.756143171804013e-09,3.528732462335365e-10,3.51333539890547e-09,3.555892767746721e-08
51,0.9684583169981793,5.597870589547714e-08,8.591750486894887e-07,5.741723910234175e-08,1.4029012124426451e-09,2.0754699481644743e-10,3.035772762480867e-08,2.6534739258236017e-05,2.0818273877610813e-07,1.0383198162975936e-06,2.2276431086057606e-09,3.0274863566273968e-06,5.4375084571902806e-06,9.599070717620629e-10,9.809684824421606e-14,2.1533204116088483e-07,1.49818569888552e-05,0.031485280555556244,3.8198889706074675e-06,7.480421173805244e-08,1.052725072620369e-08,9.064771174328835e-09,2.354462140860685e-10,3.4028464065813283e-09,3.337029267687008e-08
52,0.967110717385768,7.039591106504977e-08,8.311741889420984e-07,3.360452692158177e-08,1.4672777364740924e-09,2.6581145517988956e-10,5.2295743903358065e-08,3.331003440541636e-05,1.880007944265097e-07,9.74230096011062e-07,2.159857758590654e-09,4.1546624905939025e-06,5.875280912348527e-06,1.055708854517298e-09,1.7079853925936715e-13,2.3223165902673495e-07,1.465427677103158e-05,0.03282046978232963,8.202745117818893e-06,1.2657801379081188e-07,1.4845097499227343e-08,1.649120694758687e-08,4.1616657506016024e-10,2.499613066226597e-09,6.812036057667197e-08
53,0.9451781600701145,4.718641211319701e-08,6.848463104596796e-07,7.415767823923727e-08,1.733870694579678e-09,4.0287407546960856e-10,1.483712727674672e-07,5.60442221556007e-05,3.639624576537283e-07,1.7733984954496906e-06,2.793108802377589e-09,3.4206559429401204e-06,6.846162184750362e-06,1.7283537346499995e-09,3.300654661151748e-13,5.8268124984983e-07,1.9720210411925345e-05,0.0547247871197856,6.889444126255335e-06,2.779853818567787e-07,1.696975810255788e-08,2.025150746242458e-08,1.0251454104479373e-09,5.014816080052715e-09,1.2960625575569627e-07
54,0.9557265285550777,6.157890078204403e-08,5.627567128429964e-07,3.0437445943081596e-08,1.245953089652553e-09,2.606974392235464e-10,4.681782948904835e-08,2.5388370419695735e-05,2.1310822434631447e-07,1.1830561389147071e-06,1.745630504985693e-09,4.416952072198454e-06,4.9878853306100925e-06,1.1560813758057707e-09,1.11808097535238e-13,2.880210406704925e-07,1.596593027344134e-05,0.04421414392727627,5.9436919525650014e-06,1.324213714880523e-07,1.1651646787940932e-08,1.366679530587482e-08,3.793350087729893e-10,2.443003113710823e-09,7.394067885227985e-08
55,0.9812787020495758,1.7415736797489087e-08,1.925176012637167e-06,9.57413783086912e-08,1.022643962160694e-09,4.554285168467645e-10,4.63443925633708e-08,6.724615350130952e-05,2.278227203425835e-07,3.1908237750663455e-06,3.5776795006818858e-09,6.498551477315521e-07,4.742554905815131e-06,1.4826828908101096e-09,4.312522526992334e-13,3.834816118770949e-07,1.9072847882512342e-05,0.018614876574386582,8.347560205495594e-06,3.6184910700691255e-07,1.5421376356001704e-08,3.377501628460507e-08,9.901789975718135e-10,1.519135307983586e-08,4.1832869320665805e-08
56,0.962571756754477,4.649138730524231e-08,7.24008697790332e-07,3.5634584023284765e-08,1.319191552744367e-09,2.1415613884235756e-10,3.827971571042184e-08,2.518583726622336e-05,1.691569243634271e-07,9.668961489834019e-07,2.0892210265905755e-09,3.3045564899221954e-06,5.130286912716703e-06,9.801028387678967e-10,1.1494921598468362e-13,2.3046028838068604e-07,1.2801587872123197e-05,0.03737377253748824,5.62559829675414e-06,1.2910988629124024e-07,1.1027087922959842e-08,1.112475811751436e-08,3.527027606130016e-10,3.0353252657578732e-09,5.2660903520586565e-08
57,0.9686049532221566,6.548398428078294e-08,8.572646102261964e-07,2.3737154527023303e-08,1.3911345610233794e-09,2.506367404503121e-10,3.5290306928252785e-08,2.693882717826821e-05,1.241453567318634e-07,9.566599375403997e-07,2.085140070297184e-09,4.89265142349271e-06,6.122788841718148e-06,9.443769035909106e-10,1.2476109377103001e-13,2.4023583008704264e-07,1.2748033817023132e-05,0.0313311823980505,1.0643374994090368e-05,1.3087843828928607e-07,1.4365534292006568e-08,1.533126762623509e-08,3.062696996811217e-10,2.0398937471430985e-09,4.829354100753329e-08
58,0.9642066929819272,4.141023231300915e-08,7.316602840311047e-07,3.5046981531206575e-08,1.2362193208132138e-09,2.0152544366460944e-10,3.553009277137591e-08,2.3298698096915527e-05,1.6631499043661182e-07,9.966665235490126e-07,2.091048835962517e-09,2.8638486312204504e-06,4.370634780663035e-06,9.430604361682677e-10,1.2028421250025077e-13,2.1946658373763953e-07,1.1976833536368029e-05,0.03574310383408268,5.2601197652515555e-06,1.2496526687363922e-07,1.0669216672185836e-08,1.117450174910561e-08,3.445836985816281e-10,3.5050201696219132e-09,5.1822928146272376e-08
59,0.9631714013453789,3.994809052116344e-08,8.121977709900939e-07,3.755141698720147e-08,1.3055297469508258e-09,2.0382331428188016e-10,3.494624947919602e-08,2.3157214401695557e-05,1.664546031558122e-07,1.06021126986842e-06,2.14022425680782e-09,2.752010148697306e-06,4.095920158482481e-06,1.0180653745217516e-09,1.3054991122117558e-13,2.1248925840683543e-07,1.1820082897620907e-05,0.036779075182725,5.111700066903542e-06,1.3590176716595612e-07,1.1269275407451934e-08,1.187621810587999e-08,3.580582024494078e-10,3.9972079656985234e-09,5.4675263115965705e-08
60,0.9623469450669043,4.333062870910818e-08,7.179367079082142e-07,3.4174868817634966e-08,1.24724344960313e-09,2.0361357760590305e-10,3.7171037992232756e-08,2.463774601892687e-05,1.6225666751381183e-07,9.760782966196735e-07,1.9445261299815626e-09,3.128306784416298e-06,4.613842059975268e-06,9.473354405881394e-10,1.1218854351517927e-13,2.216983048940748e-07,1.2427067138410547e-05,0.0376004045019695,5.439534298205665e-06,1.2837097568764172e-07,1.1011914355322301e-08,1.1242701576530377e-08,3.4163111543429334e-10,3.0004593446685575e-09,5.297780090250931e-08
61,0.9642262861674672,3.859527017131056e-08,8.256692016282023e-07,3.558052142178768e-08,1.2332668340277775e-09,1.9420393215080754e-10,3.295006034716428e-08,2.3059992032565887e-05,1.5106557567695948e-07,1.0001610459095025e-06,1.9939653634763803e-09,2.656162354782637e-06,3.9951218083713464e-06,9.312125485920016e-10,1.2069211710614658e-13,1.9883061683316643e-07,1.1383627807633824e-05,0.035725089766488895,5.037805080817204e-06,1.2824681787409562e-07,1.0915431872619327e-08,1.127725353894352e-08,3.215811505396727e-10,3.6446765306384775e-09,4.97461375862311e-08
62,0.9623469450669043,4.333062870910818e-08,7.179367079082142e-07,3.4174868817634966e-08,1.24724344960313e-09,2.0361357760590305e-10,3.7171037992232756e-08,2.463774601892687e-05,1.6225666751381183e-07,9.760782966196735e-07,1.9445261299815626e-09,3.128306784416298e-06,4.613842059975268e-06,9.473354405881394e-10,1.1218854351517927e-13,2.216983048940748e-07,1.2427067138410547e-05,0.0376004045019695,5.439534298205665e-06,1.2837097568764172e-07,1.1011914355322301e-08,1.1242701576530377e-08,3.4163111543429334e-10,3.0004593446685575e-09,5.297780090250931e-08
63,0.9632558763428222,4.5337541116487096e-08,7.159698701803631e-07,3.3485130962128075e-08,1.248712203313057e-09,2.0531212640452183e-10,3.6700044428989185e-08,2.4370389569681055e-05,1.6193665165919755e-07,9.538316211157995e-07,1.96197837100582e-09,3.1881189109750757e-06,4.674820008554731e-06,9.357547997887485e-10,1.1220253969955458e-13,2.180245856254368e-07,1.2403979724448162e-05,0.03669161788884983,5.498322162082729e-06,1.2312675738219408e-07,1.0951421963848608e-08,1.1151415572884505e-08,3.3372771688243255e-10,2.933791187179394e-09,5.200352352543796e-08
64,0.9633431632042064,4.8268172038758885e-08,8.184003999979044e-07,3.650240407703206e-08,1.3928216566432474e-09,2.208311668609222e-10,3.978356558766323e-08,2.513764986911376e-05,1.5436211383803283e-07,1.0247258744176969e-06,2.1851527400015516e-09,3.312937618235813e-06,4.6445770975375e-06,1.0114464809524324e-09,1.34937982574919e-13,2.1726476178566606e-07,1.2282712483492071e-05,0.036602976745319156,5.9216119848225914e-06,1.3139596851974967e-07,1.3667581002952933e-08,1.2442147493788223e-08,3.580772249822843e-10,3.2050815356426823e-09,5.5374886660172875e-08
65,0.958747142162327,4.038296277058256e-08,5.395692631381836e-07,2.8775358992039412e-08,1.097891540805359e-09,1.7268826402640082e-10,3.2366687397920174e-08,2.12239076679982e-05,1.672978504230622e-07,9.859793527897704e-07,1.6365187013584413e-09,3.2061804528088874e-06,4.366605028299379e-06,9.169358385996196e-10,7.777398688573554e-14,2.214785904959706e-07,1.2116684283523113e-05,0.041204965103822815,4.763260078618628e-06,1.21380090708987e-07,9.153765917416632e-09,9.896603335913213e-09,3.086241977137262e-10,2.533854655927523e-09,5.3149221832512926e-08
66,0.9772998040222797,5.401679637194445e-08,6.642461510905836e-07,1.954882210765694e-08,6.315108115904699e-10,2.4052327656402005e-10,6.05145534829842e-08,4.960679343669646e-05,1.9356238246447852e-07,7.305388334941821e-07,1.4000102944397233e-09,2.0958689669180994e-06,5.258918221583411e-06,5.884555572254429e-10,1.8174543817042368e-13,1.9790130859651493e-07,1.4170692073968952e-05,0.02261840201487552,8.546337062266899e-06,1.1435015316661053e-07,7.455892026603504e-09,1.6163170280888942e-08,3.9910012422883946e-10,2.0310653088775946e-09,5.1764173117643174e-08
67,0.9592632448067734,4.4937611162248883e-08,7.418558992339838e-07,3.568697791033685e-08,1.2658651335992501e-09,2.3182641428418702e-10,3.9393075413758715e-08,2.4456593029882407e-05,1.641628412415559e-07,1.0440035185241873e-06,2.067964622438269e-09,3.3754641895588157e-06,4.8001371442468805e-06,1.0715513521945324e-09,1.210823243522696e-13,2.3431013889041955e-07,1.3488521153983721e-05,0.040682582017681504,5.5111568901982396e-06,1.4574117702559282e-07,1.2148588663221692e-08,1.2117439723689175e-08,3.846572095030034e-10,3.288465047272375e-09,5.8635418715110804e-08
68,0.9702199966553156,5.6099181974410265e-08,7.80689175037296e-07,3.6132320177973347e-08,1.5965560788923185e-09,2.2519636229245448e-10,3.6033130404374116e-08,2.3309630123343603e-05,2.1273334336224855e-07,1.1105815430302603e-06,2.469243813901785e-09,2.941006439641947e-06,3.794211239031754e-06,1.090193031949723e-09,1.7310596700376412e-13,2.1378171989020867e-07,1.262595134780443e-05,0.029728613569292805,6.059107258471682e-06,1.1253000455801303e-07,1.2417100766326933e-08,1.4809505550707622e-08,4.0917262038810506e-10,3.815938867826798e-09,6.445548453294687e-08
69,0.9644195245231922,3.9886657460114085e-08,6.883552089563168e-07,4.301452757192869e-08,1.3524861424183528e-09,1.6495527351872204e-10,3.5275932095206274e-08,2.463490735094046e-05,2.040225101315286e-07,9.609289441410021e-07,1.7559014233141124e-09,2.4042951837429754e-06,3.843187647470196e-06,8.793813500316792e-10,1.0598540791720965e-13,2.1805694173400718e-07,1.1873445572744421e-05,0.0355314345568188,3.924068180520961e-06,9.394672044507926e-08,8.660324996252437e-09,9.146138430522085e-09,3.0499204951477537e-10,3.2029307824004244e-09,5.2061394448147734e-08
70,0.9690005156478158,4.630368021802576e-08,6.96101487977586e-07,2.6556211162985038e-08,1.1121867462643587e-09,1.7954052081992412e-10,3.425890007860676e-08,2.3379010609064917e-05,1.365877190175222e-07,8.614135759636707e-07,1.9424288279209707e-09,2.921519621263745e-06,4.256035268479516e-06,7.876868802666158e-10,1.1624943231399646e-13,1.7824993394854372e-07,1.0616751430428738e-05,0.030949973124554574,6.17369756424967e-06,1.0682326614763231e-07,1.1631374529917068e-08,1.1293758971790558e-08,3.053456785984525e-10,2.482506897596099e-09,4.8183416318754786e-08
