,0,1,2,3,4,5,6,7,8,9,10,11,12,13,14,15,16,17,18,19,20,21,22,23,24
0,6.651087526364422e-06,3.0352125802564863e-06,5.614325563842405e-06,5.748908743423973e-05,0.038409517969246194,0.867223844754578,2.823314004344657e-05,7.390411730920102e-06,0.021981248954513526,0.0007845136690781884,1.2966746692593708e-05,1.3695431818026988e-07,1.909158241152346e-06,8.766733984048042e-07,6.720533072378017e-05,0.005389236121760602,9.979826712979402e-06,0.04086135307835144,0.008371220687256625,2.6127081019767598e-05,0.0005151130106756338,3.7515951865993875e-07,0.016214782350668644,2.0570175767266272e-05,6.090325992018877e-07
1,8.475155289238854e-06,3.000251700588407e-06,8.517132691742395e-06,6.0920582094861305e-05,0.046919219049142404,0.858136236362948,2.233869715221892e-05,9.111909716679943e-06,0.03490608172663087,0.0010263540730826586,1.3004210574189964e-05,1.0308381544961574e-07,2.282689087994073e-06,5.391741491491336e-07,5.448934936405244e-05,0.006487086262826122,9.160858487370795e-06,0.02716510887611955,0.01232377243574385,2.3504434670418874e-05,0.00042693398167697663,3.441280452217981e-07,0.012376937336536947,1.6027617122631623e-05,4.506213308312193e-07
2,9.256639016149058e-06,4.599956227928149e-06,9.570399712710383e-06,6.626771681349537e-05,0.06861822709417485,0.8026913125045136,2.8944167977379317e-05,1.2188037259985052e-05,0.042432135832591714,0.0012941485775205684,3.088565166432806e-05,1.8506584489815844e-07,2.3272449798393293e-06,1.405121797643798e-06,0.00015638977953624116,0.004644291649878953,1.0945584682979815e-05,0.044674696472868404,0.008885222269139079,4.684380711777461e-05,0.0007317375327589363,3.9136329362683573e-07,0.025627585971241016,1.9332051124870465e-05,1.1095082628837383e-06
3,6.65574171999352e-06,3.03235071665652e-06,5.614151541398769e-06,5.7534053232859244e-05,0.03840015063868094,0.867207974819177,2.822836742774234e-05,7.396842960949895e-06,0.02199828036215075,0.0007849697525296159,1.2964774754640388e-05,1.368195602344591e-07,1.9108696973727727e-06,8.755187214300407e-07,6.714630890853432e-05,0.005393039011458432,9.979802930882834e-06,0.040866289630239715,0.008372644068783642,2.6136749156143274e-05,0.0005148914534463274,3.7490416090035336e-07,0.01621260003336013,2.0564713029666694e-05,6.082616539153044e-07
4,7.268810370418305e-06,2.9394456218478317e-06,5.801676351578766e-06,5.796996045149759e-05,0.03855258874092233,0.8653830065289219,2.8857765582256487e-05,7.677089616595137e-06,0.02022368769920225,0.0008002758424834327,1.22455194399705e-05,1.3367889338352556e-07,2.3568326952483295e-06,9.247978168914427e-07,6.169223743915791e-05,0.005876034370881741,1.0368158440246203e-05,0.0435005123336194,0.009376102481245088,2.768577833513328e-05,0.0004913762344268733,3.528343911501049e-07,0.015546238729660702,2.3338691677910815e-05,5.637615130634622e-07
5,5.401053641946659e-06,3.091711621710666e-06,3.846888579938542e-06,6.301897301042615e-05,0.028172388936283137,0.8749687357842443,2.1720627786189165e-05,6.3056924947412476e-06,0.017416400317441946,0.0005882521360157642,1.1176745006796198e-05,1.1395962847937745e-07,1.6405749530952714e-06,7.57720903594635e-07,6.110193972034197e-05,0.00527961027943254,8.327341530118819e-06,0.05030133748359463,0.0075188626861680515,2.3283488548549926e-05,0.0004600889865172133,3.6023689922032913e-07,0.015066293794639647,1.739854576813609e-05,4.840955694847309e-07
6,6.65574171999352e-06,3.03235071665652e-06,5.614151541398769e-06,5.7534053232859244e-05,0.03840015063868094,0.867207974819177,2.822836742774234e-05,7.396842960949895e-06,0.02199828036215075,0.0007849697525296159,1.2964774754640388e-05,1.368195602344591e-07,1.9108696973727727e-06,8.755187214300407e-07,6.714630890853432e-05,0.005393039011458432,9.979802930882834e-06,0.040866289630239715,0.008372644068783642,2.6136749156143274e-05,0.0005148914534463274,3.7490416090035336e-07,0.01621260003336013,2.0564713029666694e-05,6.082616539153044e-07
7,7.071709478183167e-06,3.0608137434455783e-06,5.907369743373081e-06,5.915517001116026e-05,0.03971125103988866,0.8651014260956132,2.9293746175920635e-05,7.746059876450154e-06,0.0225581305005061,0.0008266548113296561,1.3416479806989443e-05,1.3889170741526962e-07,2.0213987377753865e-06,8.943535092061326e-07,6.746584442358853e-05,0.0055198115120661095,1.0319552454954051e-05,0.04069385234137272,0.008717135418498206,2.6879686566301818e-05,0.0005111350704404355,3.8249752979134283e-07,0.016105035540691343,2.1194104202954392e-05,6.199916258647925e-07
8,1.603449027294146e-05,3.1824953320173977e-06,2.2196512969134416e-05,6.793874408181709e-05,0.06108866410963726,0.8217815033630305,6.0596896299160665e-05,1.0677781108110172e-05,0.029208527324557768,0.0025737198932579337,1.8416339649375e-05,2.754297139448388e-07,4.175877904135055e-06,2.271928753057015e-06,8.949654692546257e-05,0.006391581977654527,2.4273982170569267e-05,0.025570859381474992,0.010809006403725962,5.1509555883820614e-05,0.0011839253087475086,4.463327451484711e-07,0.04093930818543173,7.974139888882716e-05,1.669739784359412e-06
9,1.2041786170037768e-05,4.1208958859708616e-06,1.216459206055521e-05,7.012722652727621e-05,0.05042585955098145,0.8251821308394967,4.155889749963111e-05,9.708343514935175e-06,0.032095046013161876,0.001992567508050697,2.2400663063477004e-05,2.3154340669750555e-07,2.407759152128228e-06,2.044931263400887e-06,0.0001357669490886464,0.004535965778569333,1.612929531522291e-05,0.03152213673453912,0.008392453773503233,4.1095327387941374e-05,0.0010036144592170024,4.4597669217984166e-07,0.04442963803028889,4.85819320033646e-05,1.761193160209365e-06
10,6.65574171999352e-06,3.03235071665652e-06,5.614151541398769e-06,5.7534053232859244e-05,0.03840015063868094,0.867207974819177,2.822836742774234e-05,7.396842960949895e-06,0.02199828036215075,0.0007849697525296159,1.2964774754640388e-05,1.368195602344591e-07,1.9108696973727727e-06,8.755187214300407e-07,6.714630890853432e-05,0.005393039011458432,9.979802930882834e-06,0.040866289630239715,0.008372644068783642,2.6136749156143274e-05,0.0005148914534463274,3.7490416090035336e-07,0.01621260003336013,2.0564713029666694e-05,6.082616539153044e-07
11,7.398118538834354e-06,2.8661720909688735e-06,6.014773858812769e-06,5.6948574037379375e-05,0.03736226265878643,0.8664702031072878,3.0285548963130466e-05,8.602150819252534e-06,0.022122847638979908,0.0008651831326821349,1.232099412150691e-05,1.413406273000661e-07,2.41172528967501e-06,8.576129174704664e-07,6.283437343143634e-05,0.005971841495102755,1.0989152871113132e-05,0.04177248086635908,0.009349143685283686,2.7310111378352306e-05,0.0004922658300126661,3.8079399465023595e-07,0.01534002443382833,2.3819569844445777e-05,5.661388927109434e-07
12,1.13575243956115e-06,1.3786070204100496e-06,1.248554186089891e-06,2.5463098296083553e-05,0.1013888008559042,0.7117524045016362,2.4834647495888195e-05,2.2674324535137838e-07,0.007741654436063984,0.00013789274351082797,6.091605114694029e-06,1.0261302428625598e-07,3.9797110279756165e-07,6.255446087097631e-06,2.825532639892127e-05,0.0016523067972874046,3.92692502059808e-06,0.0685426334458894,0.0010591411373961606,3.891233615493442e-05,0.0007568138032446357,4.906188318115517e-08,0.10681047796582382,1.759759130752352e-05,1.9980344657683806e-06
13,3.725284197012776e-05,4.6766160116554705e-06,4.718112009123908e-05,0.00027147805814992196,0.12433387212556248,0.540477414196008,7.61119390630965e-05,4.683338323457149e-05,0.05613272007798069,0.0037962922214533085,0.0005034827837255674,1.6859800254205342e-06,9.23191228298127e-06,1.7386680767966338e-05,0.000958651703947831,0.016049005356856057,2.5564940628576268e-05,0.15503664845861223,0.007989337155700965,0.0002966373805495144,0.0031968968472262113,6.199287672659093e-07,0.09065757507652646,3.109100950288658e-05,2.3522053549631945e-06
14,7.708562130780305e-06,2.681977082356518e-06,5.934314358850041e-06,5.702583176979278e-05,0.03668872732597561,0.8666616239914281,3.5359847725109976e-05,8.834191992074928e-06,0.024311505516433483,0.0009200967863450337,1.26276883339301e-05,1.6608123261300045e-07,2.0529489186229166e-06,9.54392595568934e-07,6.919934636208238e-05,0.005556997487293517,1.189258755184885e-05,0.03884621711773364,0.007855039858706739,2.6584845840352422e-05,0.0005652093530905942,4.06699837752379e-07,0.018326809846717595,2.5638388572678927e-05,7.050119710274059e-07
15,6.65574171999352e-06,3.03235071665652e-06,5.614151541398769e-06,5.7534053232859244e-05,0.03840015063868094,0.867207974819177,2.822836742774234e-05,7.396842960949895e-06,0.02199828036215075,0.0007849697525296159,1.2964774754640388e-05,1.368195602344591e-07,1.9108696973727727e-06,8.755187214300407e-07,6.714630890853432e-05,0.005393039011458432,9.979802930882834e-06,0.040866289630239715,0.008372644068783642,2.6136749156143274e-05,0.0005148914534463274,3.7490416090035336e-07,0.01621260003336013,2.0564713029666694e-05,6.082616539153044e-07
16,5.116768738251024e-06,1.7501428403112045e-06,6.678659257883485e-06,6.972425636447809e-05,0.02996800245804657,0.8342517631074338,3.0090932828132818e-05,7.472580699690825e-06,0.009731453761780055,0.0005724112589733618,1.80990910687213e-05,2.783882868274694e-07,2.8138758586752366e-06,1.6458339003408195e-06,8.370494838787534e-05,0.01089062664256233,8.856143063304922e-06,0.08977336126173638,0.006013019656580283,4.5670213698553585e-05,0.0010638052524896949,2.9518691594339874e-07,0.017432100180307258,2.0958754395915526e-05,3.00643785616602e-07
17,1.7959077601685716e-05,3.3334001304644934e-06,1.2139400598537771e-05,0.00011009827846606987,0.08363065919828684,0.7876833074373122,0.0001054205728026513,1.3317001550055062e-05,0.03261860474348402,0.0011885153436684843,3.0040608576840466e-05,4.452706717623865e-07,3.95856513529039e-06,3.2776745287312955e-06,9.05049248243276e-05,0.008265148210317553,2.3551957161880153e-05,0.04967819910732575,0.007288500775893544,5.499164788629312e-05,0.0009109520593525897,6.429670035376858e-07,0.028224304046430657,4.0403838426615894e-05,1.7238925636614696e-06
18,1.2207890422662247e-05,5.684823606967199e-06,5.326806467453527e-06,6.386430803356403e-05,0.057477430766254264,0.8202064691432069,5.638825148711014e-05,7.241822448038188e-06,0.03499408850369336,0.001074262785007037,1.823213305179379e-05,1.8252903222302615e-07,1.8442105525571842e-06,1.7116944740492043e-06,8.052135820576644e-05,0.00324631688238655,2.8598990925917188e-05,0.043788193960998555,0.0100702337640398,2.8708471452791347e-05,0.00047226092570747336,8.703283227655646e-07,0.028320595116257705,3.582979489173407e-05,2.9347390727004534e-06
19,6.663141195372572e-06,1.6559108214467602e-06,7.374565809185035e-06,5.613740942576654e-05,0.03502542219535015,0.8961834108297132,4.743491189642469e-05,1.1319514243063948e-05,0.02454784406891617,0.001535051387301111,9.330908004601225e-06,1.8968743951206374e-07,2.8917061987953356e-06,5.324876400374966e-07,3.8193788352151516e-05,0.005498840602311205,1.1414684347227893e-05,0.019993183232374444,0.0066157217897397395,2.7126493475776637e-05,0.0003618102719831754,4.602835332190082e-07,0.009991232590575274,2.621095933613791e-05,5.465800168760698e-07
20,2.946125874878043e-06,4.7495612700225935e-06,3.703078772153365e-06,5.2926481667333325e-05,0.015356999592896693,0.8965791489692627,1.398076002592317e-05,9.581483198439743e-06,0.016265464204909225,0.0005047342100577644,1.2966150531520543e-05,1.8782450288697055e-07,1.1082311182756523e-06,5.77002222447394e-07,0.00013807468455756707,0.00453936378665645,6.041087220008161e-06,0.0474650361953318,0.005556414505036532,1.8600111572038353e-05,0.0006688784618012606,5.873813243241268e-07,0.012785147935484478,1.236615557772283e-05,4.160191274717555e-07
21,9.360725758313934e-06,3.590237263929741e-06,7.795707422813824e-06,0.00012642188248009517,0.04453263822220244,0.8223662497538997,2.6139534495561148e-05,8.603115107313106e-06,0.021489496458359746,0.0007630008812418984,3.4951946198618905e-05,2.609184941724112e-07,2.3801512744819916e-06,2.1025460413310897e-06,0.00012024965987172957,0.009218574012992361,8.170228701034818e-06,0.07119120618079985,0.007699842597014261,4.610332178986765e-05,0.0007827763519435972,3.854129888967e-07,0.02154431750249652,1.477027552004995e-05,6.123756415881866e-07
22,8.593320706628875e-06,2.7323277055599897e-06,9.363632132539144e-06,0.00010428440271897376,0.04907573778075424,0.8105415105398825,3.181504289722562e-05,9.37152301258459e-06,0.022363104535889643,0.001304040522887531,3.601349852806537e-05,2.0501069938120302e-07,2.9490216065144856e-06,1.3831472541299313e-06,9.484107192158034e-05,0.008015722915142324,1.6921393772095595e-05,0.07574902209001436,0.008546051552281575,6.110888106944559e-05,0.0008600582286233269,4.723230341999836e-07,0.023144664097200368,1.9386877263644127e-05,6.462630014390711e-07
23,6.65574171999352e-06,3.03235071665652e-06,5.614151541398769e-06,5.7534053232859244e-05,0.03840015063868094,0.867207974819177,2.822836742774234e-05,7.396842960949895e-06,0.02199828036215075,0.0007849697525296159,1.2964774754640388e-05,1.368195602344591e-07,1.9108696973727727e-06,8.755187214300407e-07,6.714630890853432e-05,0.005393039011458432,9.979802930882834e-06,0.040866289630239715,0.008372644068783642,2.6136749156143274e-05,0.0005148914534463274,3.7490416090035336e-07,0.01621260003336013,2.0564713029666694e-05,6.082616539153044e-07
24,6.1789226380744995e-06,3.332766250985845e-06,4.928788570972863e-06,8.196836650733548e-05,0.04348625604957763,0.8649968946291762,2.4247136938517905e-05,5.8146829751226124e-06,0.01881012447363193,0.0006723142715910076,1.4993355337436465e-05,1.4731291449039883e-07,1.8914786288800312e-06,1.0161921681130817e-06,5.661356075317082e-05,0.005530101994134647,8.271541612359998e-06,0.04449181979401117,0.007217453057423597,2.943801140171476e-05,0.00044576005939964895,3.8278886953377086e-07,0.014094189089974916,1.5261519385486424e-05,6.001561270366286e-07
25,2.4922551855944933e-05,2.876056801385799e-06,1.9576192017188862e-05,0.0001735424476541787,0.08762370682226388,0.7377473590951441,0.00011584757624238869,3.2511466180576795e-05,0.04086427607830393,0.002595533351248474,8.310809848279866e-05,6.522458693659105e-07,7.978316300952837e-06,3.898731561216277e-06,0.0001700352501269455,0.01246451121713486,2.6447056153064948e-05,0.07910977997717575,0.008552826780728285,0.00011269737507112235,0.00099022302870677,7.117285349483379e-07,0.0292375106301369,3.8106501761354434e-05,1.3614245436291725e-06
26,6.688329152557274e-06,1.4672092775480443e-05,4.117258143321633e-05,0.0003979732486383362,0.07215780610292984,0.8232013557175188,4.91835477646804e-05,3.955753839339888e-05,0.010397392109801324,0.0010377767349967681,0.00026267675919634434,4.7494192413452545e-06,3.873464988742767e-06,1.2482078362706337e-05,0.0009799425520153316,0.0196057078922375,5.677876569102729e-06,0.05539505179981434,0.00561990667155854,0.00012418516986553325,0.0018692187474999085,2.0018444657274678e-06,0.008758941975798039,1.0867847469277084e-05,1.1378975131638421e-06
27,5.75001713495379e-06,4.610349283904075e-06,3.6658615355639857e-06,5.9457306748442467e-05,0.029905319271666172,0.882606853364313,2.1718421414505462e-05,8.37551220608233e-06,0.030916182726534538,0.0007243551526974448,1.283340857851561e-05,1.151037886103726e-07,1.2057438553272407e-06,5.820439796791792e-07,8.103141353741136e-05,0.003717961966448101,7.649827172755473e-06,0.03103336755452477,0.007927596444461709,1.6732991034845085e-05,0.0003202785540727185,5.194041427215747e-07,0.012609797899018413,1.3281682906862102e-05,7.57978942894218e-07
28,6.65574171999352e-06,3.03235071665652e-06,5.614151541398769e-06,5.7534053232859244e-05,0.03840015063868094,0.867207974819177,2.822836742774234e-05,7.396842960949895e-06,0.02199828036215075,0.0007849697525296159,1.2964774754640388e-05,1.368195602344591e-07,1.9108696973727727e-06,8.755187214300407e-07,6.714630890853432e-05,0.005393039011458432,9.979802930882834e-06,0.040866289630239715,0.008372644068783642,2.6136749156143274e-05,0.0005148914534463274,3.7490416090035336e-07,0.01621260003336013,2.0564713029666694e-05,6.082616539153044e-07
29,6.65574171999352e-06,3.03235071665652e-06,5.614151541398769e-06,5.7534053232859244e-05,0.03840015063868094,0.867207974819177,2.822836742774234e-05,7.396842960949895e-06,0.02199828036215075,0.0007849697525296159,1.2964774754640388e-05,1.368195602344591e-07,1.9108696973727727e-06,8.755187214300407e-07,6.714630890853432e-05,0.005393039011458432,9.979802930882834e-06,0.040866289630239715,0.008372644068783642,2.6136749156143274e-05,0.0005148914534463274,3.7490416090035336e-07,0.01621260003336013,2.0564713029666694e-05,6.082616539153044e-07
30,6.65574171999352e-06,3.03235071665652e-06,5.614151541398769e-06,5.7534053232859244e-05,0.03840015063868094,0.867207974819177,2.822836742774234e-05,7.396842960949895e-06,0.02199828036215075,0.0007849697525296159,1.2964774754640388e-05,1.368195602344591e-07,1.9108696973727727e-06,8.755187214300407e-07,6.714630890853432e-05,0.005393039011458432,9.979802930882834e-06,0.040866289630239715,0.008372644068783642,2.6136749156143274e-05,0.0005148914534463274,3.7490416090035336e-07,0.01621260003336013,2.0564713029666694e-05,6.082616539153044e-07
31,1.6516655610555752e-05,4.0222014596622075e-06,1.6395519744083212e-05,7.181778893431693e-05,0.04433026006826021,0.8165728111733442,3.945011952499987e-05,2.8555316275424358e-05,0.02911458914579944,0.0010621636186942827,1.6265961785207524e-05,2.388375984568644e-07,6.771087338504435e-06,1.0887775009083018e-06,9.704405824836743e-05,0.012879063455960843,1.8839224517356116e-05,0.06015272395762929,0.01916839474016057,4.0536736802169176e-05,0.0008745625582857489,5.12153707006801e-07,0.015444224368994132,4.266850171937078e-05,4.839721049120605e-07
32,6.72361248499393e-06,3.4683642537760973e-06,5.579991380333094e-06,5.436045152571814e-05,0.03669961057215589,0.8692670142962265,2.3921409833673407e-05,7.142287022703497e-06,0.02088606503879704,0.0007201890141710851,1.1437952747004816e-05,1.2065135357258596e-07,1.9839108370989207e-06,8.002813289779434e-07,6.288639527344274e-05,0.005493064966183124,9.951247865135914e-06,0.04139230388017411,0.010287866971350148,2.3407406900986705e-05,0.0004718041143936977,3.822365162915327e-07,0.0145484932711198,2.0863199149738784e-05,5.584769552213395e-07
33,4.565883224661964e-06,1.963278357566641e-06,1.486390255306295e-06,2.9059586237415556e-05,0.009128854854488984,0.886033655027073,1.6332934813115932e-05,4.193687636415962e-06,0.0028348561405877664,0.0002123669934983355,7.42116831093086e-07,4.570739345734098e-08,4.608765715031633e-06,2.3738336729550768e-07,5.775165492041516e-06,0.009609875774078343,1.3731503115367333e-05,0.0631655814934171,0.026032643711854205,7.602044886450067e-06,0.00011550972418695691,3.900650042811128e-07,0.0027171146270426956,5.87164296529725e-05,9.071179007556859e-08
34,0.00011176960972850572,5.7937116440681374e-06,3.07851305008606e-05,0.00015049770737014142,0.1818529166105073,0.5765040718489441,4.656500868895443e-05,2.5665037454431405e-05,0.06367644194360735,0.0020153750048478693,5.927250705655399e-05,1.619053986355378e-07,1.2098722793731908e-05,3.7915388350996348e-06,0.00010922226693476457,0.015304399888975589,2.760872872712453e-05,0.07915626926054194,0.05900185424980213,6.288110636818293e-05,0.0005711980885083711,3.9366740142804355e-07,0.021229155264893353,4.08058485011834e-05,1.0053419682490223e-06
35,2.3515429760260583e-05,7.69007210877417e-06,4.765768504121815e-06,9.499549566049981e-05,0.03545597717466307,0.7810899543201387,2.486692515289459e-05,4.2300801555881814e-05,0.11483973841433832,0.0009154777482706384,1.4459235233565054e-05,8.879910006497417e-08,2.6479807423009785e-06,2.6110239500417617e-07,7.481649780826309e-05,0.0060542978606935634,1.2351959604582843e-05,0.031739613506790075,0.02342387445821689,1.1523256517381722e-05,0.00015536183932828512,1.0038764147564885e-06,0.005998587700069476,1.11992527888145e-05,6.30524143711198e-07
36,1.0717285332340543e-05,3.064329737483105e-06,5.493787814653242e-06,7.743194148809256e-05,0.031871927658215254,0.8332163183975521,8.566791465953144e-05,2.1394214839290305e-05,0.023631653034031946,0.0008236682595645383,2.1140672558840672e-05,5.725878316622541e-07,3.3390968439820665e-06,1.8141044653661767e-06,0.00010212032049365361,0.009108926661393402,2.52529785441948e-05,0.0788030091721513,0.008084191184471304,3.3202189566124006e-05,0.0005790180625963127,1.1984219680092328e-06,0.01345608437549456,3.176420960136437e-05,1.0291387846778984e-06
37,1.547516730874625e-05,2.726270357347048e-06,1.0451088309310052e-05,8.2183851255346e-05,0.05522771355411143,0.795284456983763,5.878250470491187e-05,6.411454131436469e-06,0.0126129300165117,0.0009028126424358512,1.6572647613817902e-05,2.774185786302114e-07,4.7830017646675185e-06,4.335804172418176e-06,6.711734814513326e-05,0.010470007237562558,1.9598015258536182e-05,0.07821099477745162,0.011446366015662164,5.0350795287576826e-05,0.0010093620473258385,3.372070931174563e-07,0.03442548172316507,6.952174306035268e-05,9.506849696018407e-07
38,2.0274857131266065e-05,5.8563183056974986e-06,1.3407148423167381e-05,0.00010192017387580073,0.12360557439140629,0.7372627884347529,5.113366062225936e-05,1.3756400613184243e-05,0.06538139224686582,0.0018215977270487026,2.9497976899556073e-05,1.9175356661797456e-07,2.7999765664008827e-06,1.8837772546868022e-06,8.893542197311562e-05,0.004591504994943842,2.283334899140729e-05,0.030342043806975305,0.011829340251537574,4.886065434345876e-05,0.0005238072997631335,5.996720566322692e-07,0.0242081487513613,2.9257944769186703e-05,2.59300995262927e-06
39,1.4009326338860845e-06,2.044612833818877e-06,3.8893077734841525e-06,2.0591520683312394e-05,0.010696186371775204,0.9364091600923043,8.377437835457365e-06,5.152089047788201e-06,0.008896664191525608,0.00020069779147174064,2.267609649272438e-06,9.560487243649256e-08,9.693817979855717e-07,1.5407532187294335e-07,3.254389249043968e-05,0.005466682563248855,5.502236669416648e-06,0.02481906254673771,0.005746676041471914,9.865625823566102e-06,0.0007749926375861822,2.87013100411612e-07,0.0068848352172643104,1.1778512002178738e-05,1.2269407872996928e-07
40,1.9695329283952214e-05,6.146835950693439e-06,2.6066308370379478e-05,7.292688738301676e-05,0.18033462416563978,0.693016697687076,6.653845181505623e-05,8.414490819701112e-06,0.027237743051628474,0.0009007318493178207,3.7508489751902486e-05,4.455985753146417e-07,3.897630458044714e-06,6.4722768267101756e-06,0.00013148505872517918,0.008131609180191582,1.9842037547806767e-05,0.04652870202697771,0.014843448017814027,5.740202846015298e-05,0.001265549765913553,4.921369163704584e-07,0.027242907956436493,3.8585869249259036e-05,2.066868871290992e-06
41,6.239296113421498e-06,7.494886158337026e-07,1.0373713680401992e-05,2.3370078743437384e-05,0.012106865472820824,0.8960555255927812,0.00027258289565736685,5.779816829258072e-06,0.006992131125892954,0.0018944718639299755,5.080118885245869e-06,1.1035511675533741e-06,1.954373157948057e-06,1.8303000895903117e-06,4.396576500592653e-05,0.003572869815241582,8.988025649942497e-05,0.017897297674266992,0.002520842373804583,2.7861815881470328e-05,0.0024773742109588264,1.3126869618997052e-06,0.055732506109908826,0.00025480067350953884,3.2309295957950956e-06
42,2.8599463885050142e-06,5.368702041561377e-06,5.427223507564082e-06,5.5020126216120026e-05,0.011601647713806692,0.9229027347297021,7.287084435112271e-06,1.387311326643359e-05,0.02000407607661235,0.0003190316217723782,4.5360444468380094e-06,8.796268202751149e-08,1.3144259254038877e-06,1.0016690521678258e-07,3.988269227236693e-05,0.007447517480471114,6.172692155405993e-06,0.020949732325291952,0.012861122573043176,8.667110064110907e-06,0.00033655504440407676,7.60256568254405e-07,0.0034187084270564426,7.382226953624968e-06,1.3423401102988094e-07
43,2.1364715983001723e-06,1.323053044642396e-06,3.7302552008437623e-06,2.774843319207116e-05,0.01525975568631588,0.9326141554908239,1.1619912474534106e-05,5.792023541674387e-06,0.013427244757862698,0.0006957660175598382,3.234087297121559e-06,6.712712521115085e-08,1.340138026386381e-06,1.4456232725555377e-07,2.8512095480608904e-05,0.003981169528340315,6.4278093577559156e-06,0.01970504210881736,0.005587973308986388,1.4241364721021078e-05,0.0005066491478317271,2.5562472002079077e-07,0.008100870263874698,1.4649670552034797e-05,1.5106092776241801e-07
44,6.65574171999352e-06,3.03235071665652e-06,5.614151541398769e-06,5.7534053232859244e-05,0.03840015063868094,0.867207974819177,2.822836742774234e-05,7.396842960949895e-06,0.02199828036215075,0.0007849697525296159,1.2964774754640388e-05,1.368195602344591e-07,1.9108696973727727e-06,8.755187214300407e-07,6.714630890853432e-05,0.005393039011458432,9.979802930882834e-06,0.040866289630239715,0.008372644068783642,2.6136749156143274e-05,0.0005148914534463274,3.7490416090035336e-07,0.01621260003336013,2.0564713029666694e-05,6.082616539153044e-07
45,5.953963833386579e-06,2.0307156111427757e-06,4.810979651521204e-06,4.5523495895845286e-05,0.02026574267537981,0.884822446284505,3.932105766789907e-05,2.2640386414669014e-05,0.019544435601464235,0.000841556559367144,8.180020647468703e-06,1.629694504586734e-07,3.5648583703306414e-06,4.781876037337394e-07,6.913192759601793e-05,0.009412608906278225,8.380993632992222e-06,0.04745926281902458,0.010081947365323203,2.02269431665627e-05,0.000358182107508479,4.4883896441047507e-07,0.006956742395091541,2.5996685441523276e-05,2.2326210982522574e-07
46,5.411124952081571e-06,4.258982016638291e-06,5.2057177707006875e-06,5.245724817298821e-05,0.04793102152239915,0.8443377098883821,2.3916996107588465e-05,6.846130015753981e-06,0.027023230567146415,0.0006912230270831457,1.731121785159064e-05,1.2151643756742744e-07,1.4608254554363157e-06,1.233738198024913e-06,0.00011879421033340452,0.0046737161877628474,5.6279488198182416e-06,0.04670215742425241,0.008079202781118037,2.621968566551973e-05,0.000480781331314084,2.80308981985612e-07,0.019794703327790052,1.6395428069106395e-05,7.128639034799817e-07
47,1.8826516383947892e-05,2.050502278394599e-06,9.150092411501417e-06,8.391495553357319e-05,0.02752154537497767,0.873869063769325,4.903112846280537e-05,1.4313368214805883e-05,0.0171066585548794,0.0009528794992894567,7.5902221348346085e-06,1.9574874652230616e-07,5.7038623075761276e-06,6.814093348814847e-07,2.8469890786219782e-05,0.0135145364374036,2.2525492866289507e-05,0.03965205535804693,0.01651330819809326,2.2856119417845085e-05,0.0005085674320712409,5.987466229273456e-07,0.010048577603522749,4.654511851204604e-05,3.545983764939319e-07
48,6.777070468057842e-06,2.441535870222221e-06,3.962945905790092e-06,2.8309567179032157e-05,0.018065976943141753,0.9069300158679103,2.4144022023578007e-05,9.235462546188487e-06,0.013823691662046611,0.00081522089286208,2.767206109563934e-06,7.407183385070541e-08,3.103628764599272e-06,2.977487433381192e-07,2.3793146302063076e-05,0.005167790032658559,1.746793293036326e-05,0.02948755780785435,0.01776327087293394,1.2472743217867949e-05,0.000255623590349102,4.620564743703092e-07,0.007506555647314706,4.86501615622824e-05,3.373829975542877e-07
49,3.413314215765325e-06,2.5709871829123484e-06,5.136387549492236e-06,4.610554540595431e-05,0.02365307522591536,0.9144625773208126,2.0073063873615163e-05,6.7867283971646464e-06,0.017096710455823397,0.0006069719164047099,7.16218774936096e-06,1.4004104304545242e-07,1.4387353799812432e-06,3.6158983964116047e-07,4.2992680325381945e-05,0.0046447099228664615,7.852533345247155e-06,0.023702375440379415,0.0060778902753171726,1.886475439880408e-05,0.000462972580635641,4.552763800710959e-07,0.00911468296246527,1.4305700778016399e-05,3.7437351533923016e-07
50,3.505693139255254e-05,1.8451590492810228e-06,1.4675479149185897e-05,9.27929812099131e-05,0.07937024225753192,0.7896698162618924,0.00016338298068031346,2.515388354706376e-05,0.035131440425304306,0.0038259475408265044,2.6508796630011378e-05,3.0026538789748093e-07,9.305603686789145e-06,2.680324846653991e-06,7.093517650821414e-05,0.009437137797691406,3.274647891070372e-05,0.0455685919776652,0.014799725705275655,6.277665907406472e-05,0.00045459898838689974,5.286364567494569e-07,0.021112102666353796,9.029642058863703e-05,1.4106019539844658e-06
51,2.3606628812863514e-06,1.3929268713417123e-05,2.474807178702945e-06,0.00013301193541122652,0.013616124571953093,0.90764252945571,6.807762472566542e-06,8.312832617309294e-06,0.020945178652524554,0.00027182286456954206,1.754878077075724e-05,1.219692646065221e-07,5.826537963032575e-07,3.8931487579424674e-07,0.00015014594791556074,0.003775870307977841,2.9908422563227994e-06,0.03935334707748204,0.005344696656787393,1.2260138396470475e-05,0.0003650084984728779,8.969702777892559e-07,0.008329206877290083,3.923790267422758e-06,4.573601371032868e-07
52,6.262942725263087e-06,2.8121994619254627e-06,5.121556058632058e-06,5.6483356628103995e-05,0.0356486347225279,0.8719630393238632,2.5779767881050634e-05,7.447868476030725e-06,0.021282522102207123,0.0008080152407531797,1.2635775407284141e-05,1.3031356864488663e-07,1.883659604817503e-06,8.090206966769694e-07,6.646264741960975e-05,0.0052588109995242854,8.96640973721122e-06,0.04119749496935277,0.008189645646587135,2.5584502748438543e-05,0.00047300578935033724,3.545342296663424e-07,0.014938414201100345,1.9142890247431706e-05,5.395598428394163e-07
53,4.93521439416853e-06,1.3317914566332988e-06,5.941540770098402e-06,7.193325811506597e-05,0.04842313789213667,0.8192417569707211,7.832218887922682e-05,5.431515397800765e-06,0.021254686182330052,0.0009174077954537552,2.5500431603595528e-05,2.853858892626342e-07,1.759318725638812e-06,2.0794863152698983e-06,8.69267459491759e-05,0.00612423211720597,1.040418579154811e-05,0.05659812556773188,0.0025412905059296127,5.761356510499517e-05,0.0010292243380934623,2.76041509562542e-07,0.04349318517896289,2.3275221100007023e-05,9.375604325000346e-07
54,6.4292625590761625e-06,9.747264833975745e-06,3.008135866789225e-06,6.0257043305724244e-05,0.03358226814325959,0.8821698823768125,2.752834641370543e-05,6.6726004928242824e-06,0.02723886669655955,0.000509516430285389,1.3196891046476475e-05,1.3568700773770724e-07,8.409688355157169e-07,1.2923234290765759e-06,0.0001281764306574187,0.0031982557386157438,6.313923514971787e-06,0.030174913501338264,0.008977804315185323,1.173905458303846e-05,0.00028045987096807955,6.661604851693798e-07,0.013573843483701312,1.6596868332035383e-05,1.5884819107795216e-06
55,6.037182189946077e-06,1.7421093172016837e-06,4.2178348022327624e-06,4.9428709735735726e-05,0.031377934732739754,0.8675438611172,5.0782356476839335e-05,1.2650357387553463e-05,0.021666520587248057,0.0005526580310402906,9.210243755276958e-06,4.0782863633426805e-07,2.9169493263094533e-06,1.1899149259402522e-06,5.643693515895324e-05,0.008640660964273907,8.439758057773427e-06,0.052529309622015505,0.005335402361166294,2.743536788348304e-05,0.000415270847491278,4.069007744315596e-07,0.011682533752160565,2.40185016335998e-05,5.270346026165856e-07
56,6.878877560930809e-06,2.855994537483955e-06,5.653721412161085e-06,5.7863027524423467e-05,0.036530750222058074,0.8696782024093619,2.8564337878909733e-05,8.105116686883806e-06,0.021450204995638242,0.0008094807430131633,1.2090461210458641e-05,1.3824202288702617e-07,2.2308698550986164e-06,8.266372737687162e-07,6.174557368057039e-05,0.005742756521450177,1.0189286695859475e-05,0.04130836450471926,0.008710685196059963,2.6760381250649765e-05,0.0004886123014961957,3.7154874826078104e-07,0.015034333366948054,2.178294783344758e-05,5.527150831785817e-07
57,6.009411409619828e-06,2.41286469285576e-06,1.4277924656882343e-05,4.28081201926047e-05,0.05340246800857185,0.8689211987121898,3.197123633603042e-05,9.520818211689222e-06,0.022520328628946488,0.0009782927723477135,1.0357637847520422e-05,2.3257896650169641e-07,3.2254414267080406e-06,7.176613873646839e-07,4.902305357939643e-05,0.007240111704141387,1.283922983418752e-05,0.024640019988013063,0.009196816833282278,3.622738022464622e-05,0.000752231667432083,3.9602024953022783e-07,0.012102586939402672,2.543224241169777e-05,4.931242453124462e-07
58,5.954975795612189e-06,2.5307620520389703e-06,5.145449062049715e-06,4.438508295483968e-05,0.030748444166143418,0.8832016000306547,2.777657008073321e-05,7.104139396316911e-06,0.01764898082760453,0.0008045602647811813,8.150602183560815e-06,1.307780610218238e-07,2.1865944123724912e-06,7.483479429526971e-07,5.220380907823325e-05,0.005282952189898529,1.0507222268067771e-05,0.037859400977479335,0.008688769779089965,2.3351212930185783e-05,0.00048378760231269934,3.5142134363246686e-07,0.015061782081429578,2.8681215689710875e-05,5.138973545770713e-07
59,6.504786364309249e-06,2.6219084396652047e-06,6.797597236137307e-06,4.8395648245630894e-05,0.03548294664607445,0.8755479002513915,3.0796224042385916e-05,7.693615681265286e-06,0.01880339503293659,0.0008316499380517078,9.405743637020144e-06,1.4583479440885455e-07,2.4195313908532256e-06,8.091651507625007e-07,5.4721333556926884e-05,0.00599433733664224,1.1684640324920766e-05,0.037454938987838984,0.008973331286075359,2.711987076444088e-05,0.0005859981630808588,3.6584943066376187e-07,0.016086149659540878,2.933759942325065e-05,5.333498847844015e-07
60,6.65574171999352e-06,3.03235071665652e-06,5.614151541398769e-06,5.7534053232859244e-05,0.03840015063868094,0.867207974819177,2.822836742774234e-05,7.396842960949895e-06,0.02199828036215075,0.0007849697525296159,1.2964774754640388e-05,1.368195602344591e-07,1.9108696973727727e-06,8.755187214300407e-07,6.714630890853432e-05,0.005393039011458432,9.979802930882834e-06,0.040866289630239715,0.008372644068783642,2.6136749156143274e-05,0.0005148914534463274,3.7490416090035336e-07,0.01621260003336013,2.0564713029666694e-05,6.082616539153044e-07
61,6.753623546668883e-06,2.80190450395836e-06,6.949421118712312e-06,4.84297144394176e-05,0.0384843372998519,0.8712786014808248,3.018436057489908e-05,7.431852113844876e-06,0.02028327397016257,0.0008410986582574872,1.0451484780632851e-05,1.4698117468797205e-07,2.2736836392061136e-06,8.726092640178157e-07,5.9381222814217576e-05,0.005740108295151163,1.1500544985171402e-05,0.03664379393590411,0.009174766334052502,2.6783364694070113e-05,0.0005865181480748957,3.6648571941791825e-07,0.01672510126386647,2.7481767299390434e-05,5.915931861237394e-07
62,6.65574171999352e-06,3.03235071665652e-06,5.614151541398769e-06,5.7534053232859244e-05,0.03840015063868094,0.867207974819177,2.822836742774234e-05,7.396842960949895e-06,0.02199828036215075,0.0007849697525296159,1.2964774754640388e-05,1.368195602344591e-07,1.9108696973727727e-06,8.755187214300407e-07,6.714630890853432e-05,0.005393039011458432,9.979802930882834e-06,0.040866289630239715,0.008372644068783642,2.6136749156143274e-05,0.0005148914534463274,3.7490416090035336e-07,0.01621260003336013,2.0564713029666694e-05,6.082616539153044e-07
63,5.603745227269015e-06,3.993693572896454e-06,4.625966292003162e-06,5.483752338207345e-05,0.033450499853243124,0.8758879070163611,2.1676796443559792e-05,6.627239650782124e-06,0.02191458296232895,0.0006299152601408769,1.1719688517250816e-05,1.1518928631811967e-07,1.5143633807622238e-06,7.389045310309059e-07,7.158305416840585e-05,0.004677235876753194,8.454831435266815e-06,0.03929147967047204,0.008616197837377501,2.088234619734532e-05,0.0004597259180101683,4.0329644806410266e-07,0.014842059252007376,1.7012565807644212e-05,6.071489649531668e-07
64,5.445013680513063e-06,2.9056258413998955e-06,7.35502548796123e-06,5.2821614180480374e-05,0.03642880109358304,0.8746703850234303,2.3814285493062496e-05,6.288864641345639e-06,0.01882321038788726,0.0006926861685685848,1.1693365088810171e-05,1.5406264609253322e-07,1.8300706442156814e-06,8.13774011778999e-07,6.487361103962844e-05,0.005712778939438154,1.0620867743537198e-05,0.03654913208723231,0.007405544865886503,2.8059520205107052e-05,0.0008254576903574944,3.5806738668655517e-07,0.01865385221995297,2.05837271971037e-05,5.340283758220293e-07
65,7.360980382332025e-06,2.9657375554189385e-06,5.96002347948372e-06,6.06795143407113e-05,0.0402720694217389,0.8632402490952955,2.995625983255977e-05,8.156998441042847e-06,0.023300428887037223,0.0008637070056657188,1.404784353369066e-05,1.4219002399986952e-07,2.0887904825275387e-06,9.05222564527105e-07,6.826866587127548e-05,0.005683290693676713,1.040048673596724e-05,0.04117618748121873,0.008814609009550622,2.729949523696529e-05,0.0005012538970079823,3.8352190107302535e-07,0.015887994151880032,2.0984900987335274e-05,6.097255596726564e-07
66,1.5252586932320017e-06,1.0856430332443278e-05,8.909123829694677e-07,4.520446857409894e-05,0.00667328030042321,0.8907217672673605,5.9497951389906145e-06,4.6993140967430295e-06,0.014015317188519366,0.0002084571746355568,1.1907510780912388e-05,1.214371301583516e-07,2.3558433585843742e-07,6.588634123607077e-07,0.00029449909301425384,0.001997655004255154,3.067598498135786e-06,0.06285161123232684,0.003847439690592263,7.406930676033711e-06,0.0004647268124861902,6.471003223456221e-07,0.018824456526566967,6.870487827881248e-06,7.480176174460791e-07
67,1.1138873213802876e-06,2.7192398811749833e-06,1.8088910763383647e-06,2.7983949133228453e-05,0.010580037916054783,0.9227161400687279,1.0682258195490113e-05,1.769284450625916e-06,0.007462228000394896,0.00021405881319118647,4.186031575256754e-06,9.188588053146399e-08,4.878852529859503e-07,4.3025759483664324e-07,4.6110113499324154e-05,0.0023321674021098237,5.103929477639883e-06,0.033190440267080665,0.0027739985051355594,1.3616759211237169e-05,0.0006192577106600595,2.739639936106542e-07,0.019982260293193364,1.2545478703307531e-05,4.872082045849741e-07
68,2.449432456924651e-05,5.535936286545924e-06,1.042266454293069e-05,0.0001089905831852116,0.08460363889177851,0.769372961592056,3.900516709406676e-05,9.652224925772116e-06,0.043539759937608585,0.001401574322242507,2.6891311044500073e-05,1.0638303266527677e-07,3.684356946036907e-06,1.7228217661722812e-06,7.353755048284954e-05,0.007901074275734308,1.7718739500868756e-05,0.047307313239149724,0.023279116216945468,3.332263674182317e-05,0.0003826536962652659,4.5122657842530596e-07,0.02182510117682655,3.0141894575471142e-05,1.128830120293608e-06
69,6.658212013496612e-06,3.032451017210611e-06,5.614715945818481e-06,5.7524566641722707e-05,0.03839988019481494,0.8672237611964514,2.8234686896613984e-05,7.397918932633098e-06,0.02199235002489553,0.0007849439609151226,1.2954782903826163e-05,1.3680516540432679e-07,1.9118941596426756e-06,8.75535137583632e-07,6.710803938574841e-05,0.005395054920149337,9.980837497849623e-06,0.04085774291818587,0.008378085794022872,2.612749413895788e-05,0.000514647980445078,3.749045517405505e-07,0.016204412788283253,2.0579278284466066e-05,6.080991639861493e-07
70,1.481365417710989e-06,1.7171715027662614e-06,4.984482846835894e-06,9.917539227942284e-05,0.020668259127297976,0.9274243688154606,1.3444244182683608e-05,4.578024396170916e-06,0.02247100514269995,0.00048138079781012607,1.2554386845627641e-05,1.085915104692702e-07,7.298795919750222e-07,1.9930664859744243e-07,3.759422658275871e-05,0.005164727107514036,1.8632550779796256e-06,0.013447211608144558,0.0020850540644181117,2.0155747740824966e-05,0.0003482327215089607,2.4674276606377155e-07,0.0077077464629705566,2.9862841381505783e-06,1.9505064711162333e-07
71,2.5678864778520095e-05,4.871460628863436e-07,8.534195154306838e-06,5.4273234752295545e-05,0.10508544058384071,0.7872463996168972,0.0006384998885306741,2.2915410130106634e-05,0.05422049912207111,0.0052128659503163175,1.0419713544350508e-05,2.492584798473001e-07,9.226944100874123e-06,1.5169527756174406e-06,2.2079300666433523e-05,0.00642117868512376,3.3159139886983106e-05,0.018708693150575294,0.005613494593696885,5.479751852338286e-05,0.00021627369976072406,3.630402216218826e-07,0.01627541687763505,0.00011600876935845316,1.528343116790602e-06
72,9.681494595321942e-06,1.0260278573962067e-05,6.243902346512624e-06,7.90038820993291e-05,0.05252651571563677,0.817746549440287,1.4571122574166473e-05,5.282085205984307e-06,0.039752939447991104,0.001224402348354365,3.8304934750143585e-05,1.2607958822323523e-07,9.75375685138931e-07,1.588335318700647e-06,0.00019971209503731743,0.0024233381784474254,1.1123386084414332e-05,0.038214673338411706,0.010797664032935273,2.7077728622476768e-05,0.0006121804992122411,5.860627759293647e-07,0.036279863837577773,1.499434968643767e-05,2.3420482023942806e-06
