,0,1,2,3,4,5,6,7,8,9,10,11,12,13,14,15,16,17,18,19,20,21,22,23,24
0,3.017438682164103e-06,2.1920352483551116e-07,1.2413760840901778e-06,0.0042143331911169,1.1962247364999735e-05,0.9805530840909756,3.066854375373005e-06,3.5484986693238313e-07,0.0032978149977898044,0.001206361128120451,8.402092344989005e-07,5.785143949472341e-09,2.244362492015599e-08,9.480767589143891e-08,0.002332628518803825,7.607405211394926e-06,4.9438844846040415e-06,5.155416697551108e-06,0.00017665475890680463,9.728887990082453e-08,5.1319022601033276e-08,3.6488706322310416e-07,0.008176695178927365,2.223878252188132e-06,1.1588401700880553e-06
1,1.705534104993386e-06,1.4259911140370149e-07,1.125523085554753e-06,0.002952744501639062,7.734194617473054e-06,0.9828250314955272,1.9607610516195942e-06,2.7824704633918267e-07,0.004177766708462387,0.0017849685088630503,4.774956428686512e-07,3.074632030062854e-09,1.7602700614727133e-08,8.014783761778328e-08,0.0019377605945420035,7.984432931494362e-06,1.9600758921249457e-06,4.7241458209703194e-06,0.00016313010678350884,1.164041622065061e-07,3.481529324322596e-08,2.398221703464506e-07,0.0061268422760725316,2.140236918991015e-06,1.030695089945984e-06
2,2.037714453047976e-06,1.963366958474316e-07,1.0830500321255899e-06,0.003249444633318469,1.2279757962507947e-05,0.9799876678789536,2.297306113704588e-06,3.2862162638586534e-07,0.004999768019636416,0.0015827109462667169,7.79702870720187e-07,4.74654048962243e-09,1.8807223434451986e-08,1.231275705473687e-07,0.00319278760745582,7.2903405870425e-06,2.509406601342755e-06,4.306419521742398e-06,0.00015685429379158844,1.3757051444094507e-07,3.754584959639929e-08,3.579870012113338e-07,0.006792984707244284,2.3622535883583754e-06,1.6312185807192462e-06
3,2.0534081544017e-06,1.546759627755242e-07,8.684591148449378e-07,0.0030699269470384973,8.458020252350533e-06,0.9833121595344537,2.0740557270989747e-06,2.764011725039471e-07,0.00346476078931897,0.0012445721131206153,6.498234720984063e-07,3.639435499923215e-09,1.673669566753284e-08,7.473548915760884e-08,0.002235975772645474,6.2053598913829455e-06,2.5533802287338057e-06,4.326781486997786e-06,0.00015958858832731555,9.192084799877946e-08,3.367913642186438e-08,2.972900013263486e-07,0.006482049689850142,1.816702103167762e-06,1.0114960726767617e-06
4,2.411511381841641e-06,2.0192709020811445e-07,1.0981700122893782e-06,0.003679741674998374,1.0337579225599265e-05,0.98091913900241,2.4187893440965426e-06,3.2826942878908187e-07,0.003994563735114025,0.0014931349652098362,7.609919219904308e-07,4.3702064979279184e-09,2.2770783180976563e-08,1.0025422564217836e-07,0.002431753736750869,7.079094218752717e-06,2.9878089364335693e-06,5.294950232391867e-06,0.0001873124980353396,1.20036088118215e-07,4.4425827809226616e-08,3.645494377509224e-07,0.007257287663985943,2.3028501256497715e-06,1.1883750082805518e-06
5,2.10000767157677e-06,1.4929489974350095e-07,9.837572852681636e-07,0.00398152916211606,9.436998229915975e-06,0.9805957508527958,2.1062347307265233e-06,2.897565185339445e-07,0.0034708601549698695,0.0014393885014989908,6.15484334109775e-07,3.2585249029536576e-09,1.8289638299442443e-08,8.281633151390316e-08,0.0017651790766040842,6.2504183998375215e-06,2.601133524555192e-06,6.717906140779404e-06,0.00016894655184495708,1.1062070971073042e-07,4.037037620181624e-08,2.4002754039031255e-07,0.008543658438795218,2.12320510225151e-06,8.176814166375447e-07
6,2.0534081544017e-06,1.546759627755242e-07,8.684591148449378e-07,0.0030699269470384973,8.458020252350533e-06,0.9833121595344537,2.0740557270989747e-06,2.764011725039471e-07,0.00346476078931897,0.0012445721131206153,6.498234720984063e-07,3.639435499923215e-09,1.673669566753284e-08,7.473548915760884e-08,0.002235975772645474,6.2053598913829455e-06,2.5533802287338057e-06,4.326781486997786e-06,0.00015958858832731555,9.192084799877946e-08,3.367913642186438e-08,2.972900013263486e-07,0.006482049689850142,1.816702103167762e-06,1.0114960726767617e-06
7,2.510269813521515e-06,1.6836251398059505e-07,9.14021711069064e-07,0.003133244358704089,7.64732359950793e-06,0.9840201591761717,2.1333211828617408e-06,3.066615047764857e-07,0.003188350454942798,0.0012626991170276692,7.203633613091923e-07,3.579243456229262e-09,2.0204081389697498e-08,7.034431175032518e-08,0.002424618512534647,6.083336611728921e-06,2.5982288941618387e-06,4.378410295205415e-06,0.00017845393479631774,8.870729746278445e-08,3.530634211423024e-08,3.556058030642073e-07,0.005761869795310404,1.6298078431727878e-06,9.407961019086966e-07
8,3.0761910453609088e-06,1.6658854652526615e-07,2.3943350837907997e-06,0.003849506463054586,1.2078475891868049e-05,0.9737164465313305,1.6307196285454263e-06,1.9342041116412333e-07,0.005475880069588924,0.0021124140980139775,5.418274062908532e-07,3.979752717317411e-09,2.1559067552641514e-08,1.3745400742869564e-07,0.002065872093938652,7.551475743530794e-06,3.61414625789864e-06,4.644203176175114e-06,9.047730096203365e-05,1.6748659738070604e-07,3.6148433973991105e-08,2.2215773232466059e-07,0.012646175414669775,5.0449333258988335e-06,1.7029263333535553e-06
9,2.357722387915434e-06,2.7044944828589744e-07,2.950364790488581e-06,0.005076761649973712,1.1269063451889534e-05,0.9692264040166255,1.9273208163405207e-06,3.141306394143413e-07,0.006563093786288365,0.003995019853527002,5.040607748763556e-07,4.45845601445578e-09,2.9118142003147398e-08,2.1823414631277967e-07,0.0022138866601139214,1.3198452066439815e-05,3.9492473037028235e-06,6.8531564590772964e-06,0.00014860521531689697,2.693313923608691e-07,5.07448908617925e-08,2.7147378460233905e-07,0.012723967540037585,5.78294341470085e-06,2.0410057517422916e-06
10,2.0534081544017e-06,1.546759627755242e-07,8.684591148449378e-07,0.0030699269470384973,8.458020252350533e-06,0.9833121595344537,2.0740557270989747e-06,2.764011725039471e-07,0.00346476078931897,0.0012445721131206153,6.498234720984063e-07,3.639435499923215e-09,1.673669566753284e-08,7.473548915760884e-08,0.002235975772645474,6.2053598913829455e-06,2.5533802287338057e-06,4.326781486997786e-06,0.00015958858832731555,9.192084799877946e-08,3.367913642186438e-08,2.972900013263486e-07,0.006482049689850142,1.816702103167762e-06,1.0114960726767617e-06
11,2.372276723918901e-06,1.7737592402301558e-07,9.892793172672343e-07,0.0033951938984777223,9.450296107650819e-06,0.9821092991768591,2.325808613369599e-06,3.02614478462228e-07,0.0037548696474533345,0.0013208498142407168,7.228676055295377e-07,4.221992648393142e-09,2.0697795759462104e-08,8.469916411245373e-08,0.0024269855814409258,6.822114526033653e-06,2.806855624535865e-06,4.707662131877537e-06,0.0001751884358332158,1.0593122276587279e-07,3.8640601797006186e-08,3.4524157203576017e-07,0.0067830684952160285,2.145606460638368e-06,1.1227606166241442e-06
12,1.6467274665109637e-06,7.938174102890213e-08,1.9620478524299984e-06,0.001349897638603125,6.046659421479956e-05,0.9722436339426747,1.6385147799885364e-06,8.571565720269633e-08,0.006199652613783852,0.0009356084088672421,8.192458072539252e-07,2.927390293710947e-09,8.962226698758757e-09,1.7813270307660876e-07,0.0009876231644359616,2.4129732958834065e-06,3.389419710442114e-06,3.5935238545410956e-06,3.061590475129713e-05,2.085805258163128e-07,6.630063456735171e-08,1.1721203370384681e-07,0.01816799979053674,6.255075903886446e-06,2.037200548991369e-06
13,4.933070360035671e-06,5.174638303190464e-07,1.3722771898986491e-06,0.004400157413672404,2.403287028621777e-05,0.9689415758608388,5.407538678297238e-06,8.305347853860542e-07,0.006213717656172229,0.0012873920739933568,3.3468870176585837e-06,1.513925464251079e-08,4.179926148278998e-08,2.7001540003838623e-07,0.011638648071325372,1.002257318684221e-05,5.9523363424848235e-06,4.891759495089485e-06,0.0004036916519491303,1.6477458642129351e-07,1.0108822184102646e-07,1.359504508117438e-06,0.007044375843301691,2.7822602823547198e-06,4.399536059528304e-06
14,1.911749119949805e-06,1.2682954395053202e-07,8.938297265488462e-07,0.0026258646223164283,6.803285684813568e-06,0.9842031633856841,1.8947102456315559e-06,2.6107540004322123e-07,0.0034067816411949606,0.0011821470011832464,5.365914833423546e-07,3.5494049839963164e-09,1.448638159424765e-08,6.804094669375736e-08,0.0023473522104221845,6.826822696215017e-06,2.238984219203509e-06,3.5406116298118372e-06,0.00012700695798807055,9.177412487210476e-08,2.657980089444955e-08,2.611897609162024e-07,0.0060793720280131695,1.7141368770136593e-06,1.0979061513258227e-06
15,2.0534081544017e-06,1.546759627755242e-07,8.684591148449378e-07,0.0030699269470384973,8.458020252350533e-06,0.9833121595344537,2.0740557270989747e-06,2.764011725039471e-07,0.00346476078931897,0.0012445721131206153,6.498234720984063e-07,3.639435499923215e-09,1.673669566753284e-08,7.473548915760884e-08,0.002235975772645474,6.2053598913829455e-06,2.5533802287338057e-06,4.326781486997786e-06,0.00015958858832731555,9.192084799877946e-08,3.367913642186438e-08,2.972900013263486e-07,0.006482049689850142,1.816702103167762e-06,1.0114960726767617e-06
16,2.625262020755468e-06,2.3681385812402088e-07,6.890886657144457e-07,0.0033173196458151795,9.040289478901494e-06,0.9828659596084689,2.60511603945349e-06,4.352730730521054e-07,0.003340513288749067,0.0011541925761294795,1.0444293382556318e-06,6.360480038276773e-09,2.0037731189514557e-08,9.023323799478069e-08,0.003984488674100752,7.582439608621035e-06,3.192206009477108e-06,4.359011837562889e-06,0.00024232887568163586,8.37317489881978e-08,3.725621746406223e-08,5.882651696438322e-07,0.0050597316029492145,1.4220625270036327e-06,1.4078510636055247e-06
17,3.373295043047141e-06,2.233635827075875e-07,1.428634402957231e-06,0.0035653638321733526,2.195559632087645e-05,0.97654613840146,3.681395772261486e-06,2.906367119974454e-07,0.00491337075908179,0.0010323822846794858,1.1625292911718496e-06,6.385189289501853e-09,2.5661737968142718e-08,1.344766937698552e-07,0.0018357999049626208,5.709920486645055e-06,4.464777100938372e-06,6.744988656154042e-06,0.00016534278873297812,1.2846130829020943e-07,8.381036623296386e-08,3.543485044460599e-07,0.011886223834897288,4.071966270186034e-06,1.5379465733758742e-06
18,2.2019485677526584e-06,1.7809966288332135e-07,1.2643032044117777e-06,0.002005580853078796,1.0546145984944221e-05,0.9816746602249375,2.64526535610858e-06,2.9000332863834317e-07,0.0040188454333878855,0.0013065161188191782,8.667494465979555e-07,6.526124795187965e-09,1.8004384435347062e-08,1.1701139312474901e-07,0.002569180609127792,1.0455832174281642e-05,4.1011128091769365e-06,4.700958862962499e-06,0.00016667495030966365,1.3755051242517122e-07,5.295354420537901e-08,3.5749220568218293e-07,0.008215139438033191,3.086070178784913e-06,2.3763445647173627e-06
19,1.201253016897596e-06,1.401461751508325e-07,5.709153882918517e-07,0.0037530647291483823,7.766547726169512e-06,0.9846846076256373,1.5690088222660759e-06,2.0219220335087462e-07,0.00376190756896992,0.0013142568718979087,3.530651710046083e-07,3.0296511589948295e-09,1.3310101363030004e-08,5.707000155713399e-08,0.002038143508087493,4.946268659602104e-06,1.5509370318657316e-06,2.6143125150091474e-06,0.00011450192234631653,7.929501753540621e-08,1.5178076853644224e-08,2.6275564195090584e-07,0.004310019685603604,1.427780856705642e-06,7.250222523189699e-07
20,2.079564881433552e-06,2.1478170482667396e-07,6.850037108573242e-07,0.0035946825618727632,9.11229194566489e-06,0.9826786446691882,2.24704011761744e-06,3.600825082329806e-07,0.0038046043210907643,0.0013479485017576511,8.472498442511325e-07,4.02560705546365e-09,2.2689514543241087e-08,8.413924306925888e-08,0.003541587752227671,6.143258189073349e-06,2.269531384771231e-06,4.0020957903002075e-06,0.00022385836391166936,1.0754653869324602e-07,3.2674483033506536e-08,5.25342997314177e-07,0.00477724890266821,1.5877423943334967e-06,1.0998664278532304e-06
21,5.629205404015347e-06,3.401174984551003e-07,3.7110517625700227e-06,0.005497043491396826,1.4969681599882194e-05,0.9684398493925475,3.7745683042605313e-06,5.445102521440067e-07,0.0050691519062715535,0.002424289904999221,1.0930033288004675e-06,8.93332516550123e-09,4.485111239457217e-08,2.393441330625801e-07,0.0023449882392097953,1.548578967698261e-05,7.047738461446463e-06,1.3244635720563589e-05,0.00022075067968329267,2.3573329009750697e-07,1.2227646409586257e-07,3.8719889964666524e-07,0.01592912827564337,5.760673650319223e-06,2.158797364311972e-06
22,2.990821573679354e-06,1.828240440618284e-07,1.4854408807459362e-06,0.0032087477433661413,6.8773709774929e-06,0.9822484857498015,1.727937650117996e-06,4.2474094678638033e-07,0.0019736911384700385,0.0017654387240564069,7.512295292360962e-07,3.13402420557644e-09,1.8572444690723917e-08,9.26938242008525e-08,0.0014855011735128087,7.1172079489174585e-06,5.364576227715643e-06,7.6732622402273e-06,0.00016289416266455743,1.026850774811641e-07,6.06570501886466e-08,2.974677225909892e-07,0.009117826109383989,1.4466698975429147e-06,7.979066849119455e-07
23,2.0534081544017e-06,1.546759627755242e-07,8.684591148449378e-07,0.0030699269470384973,8.458020252350533e-06,0.9833121595344537,2.0740557270989747e-06,2.764011725039471e-07,0.00346476078931897,0.0012445721131206153,6.498234720984063e-07,3.639435499923215e-09,1.673669566753284e-08,7.473548915760884e-08,0.002235975772645474,6.2053598913829455e-06,2.5533802287338057e-06,4.326781486997786e-06,0.00015958858832731555,9.192084799877946e-08,3.367913642186438e-08,2.972900013263486e-07,0.006482049689850142,1.816702103167762e-06,1.0114960726767617e-06
24,2.0238644244247353e-06,2.523108689192202e-07,7.943673518047443e-07,0.006124403483147099,9.951959759664731e-06,0.9784200181543378,2.4653023104903364e-06,3.8988543907752e-07,0.003647446058514455,0.0017318904150015997,6.890449678471574e-07,4.04988525848309e-09,2.283183787261889e-08,9.574169260530669e-08,0.002386406805241896,7.026005291333047e-06,3.225963441991879e-06,6.848412954231433e-06,0.00027090829848551467,1.0422935516781414e-07,4.020616590279378e-08,3.867144208435627e-07,0.0073819647563691405,1.815708801591217e-06,8.254299333028104e-07
25,2.871044706567532e-06,1.7410491173993355e-07,1.120868145889495e-06,0.004216353126675181,1.6069066864533744e-05,0.9789208244482223,4.258121277876394e-06,6.21652787974078e-07,0.0032729083961200406,0.001003027392818351,1.277455737634263e-06,5.191067496072446e-09,2.238105520371204e-08,1.1207041081643286e-07,0.00204180453123722,6.449843891935158e-06,3.571448462693458e-06,1.0032261092884356e-05,0.00022481206283102236,1.2754585564869642e-07,9.255427413333594e-08,3.1126448056628784e-07,0.010270265930363794,1.933545695072329e-06,9.536910135127029e-07
26,1.1278772237428952e-06,5.597070713674772e-07,5.656301598233528e-08,0.0016070822086579732,2.273255393699719e-06,0.9436328964374859,4.692012837962095e-06,1.9718886810900075e-06,0.0007984348413010956,0.0004685644211201526,3.3601351431007363e-06,1.6247488606177732e-08,1.7764520231129414e-08,2.956732083424489e-08,0.05175677169901414,9.841310930919905e-06,3.027746982331697e-06,5.663205217036041e-07,0.0014612886346441166,1.9535864793614702e-08,1.3260582711390381e-08,8.144876399547083e-06,0.00023740369030335543,5.0088533700394834e-08,1.789908960810715e-06
27,1.5454829655440732e-06,1.3294661081348975e-07,4.875297003890834e-07,0.0025836099455208155,7.645360583518894e-06,0.9853450099257467,1.6787166210271696e-06,2.1859226534127927e-07,0.004372577236892772,0.0009918988978649408,5.270236852481699e-07,3.341753852439207e-09,1.3507705010622969e-08,5.369145023251092e-08,0.0027672699278151027,4.6829730790521274e-06,1.2391961781071357e-06,2.3984773020189837e-06,0.0001356387450195341,7.021025327040408e-08,1.6907529813744616e-08,3.4753312572619734e-07,0.0037804611079529458,1.5009574074183278e-06,9.717649707299232e-07
28,2.0534081544017e-06,1.546759627755242e-07,8.684591148449378e-07,0.0030699269470384973,8.458020252350533e-06,0.9833121595344537,2.0740557270989747e-06,2.764011725039471e-07,0.00346476078931897,0.0012445721131206153,6.498234720984063e-07,3.639435499923215e-09,1.673669566753284e-08,7.473548915760884e-08,0.002235975772645474,6.2053598913829455e-06,2.5533802287338057e-06,4.326781486997786e-06,0.00015958858832731555,9.192084799877946e-08,3.367913642186438e-08,2.972900013263486e-07,0.006482049689850142,1.816702103167762e-06,1.0114960726767617e-06
29,2.0534081544017e-06,1.546759627755242e-07,8.684591148449378e-07,0.0030699269470384973,8.458020252350533e-06,0.9833121595344537,2.0740557270989747e-06,2.764011725039471e-07,0.00346476078931897,0.0012445721131206153,6.498234720984063e-07,3.639435499923215e-09,1.673669566753284e-08,7.473548915760884e-08,0.002235975772645474,6.2053598913829455e-06,2.5533802287338057e-06,4.326781486997786e-06,0.00015958858832731555,9.192084799877946e-08,3.367913642186438e-08,2.972900013263486e-07,0.006482049689850142,1.816702103167762e-06,1.0114960726767617e-06
30,2.0534081544017e-06,1.546759627755242e-07,8.684591148449378e-07,0.0030699269470384973,8.458020252350533e-06,0.9833121595344537,2.0740557270989747e-06,2.764011725039471e-07,0.00346476078931897,0.0012445721131206153,6.498234720984063e-07,3.639435499923215e-09,1.673669566753284e-08,7.473548915760884e-08,0.002235975772645474,6.2053598913829455e-06,2.5533802287338057e-06,4.326781486997786e-06,0.00015958858832731555,9.192084799877946e-08,3.367913642186438e-08,2.972900013263486e-07,0.006482049689850142,1.816702103167762e-06,1.0114960726767617e-06
31,3.5586166687526786e-06,2.305413765988939e-07,2.036754349285903e-06,0.0036977144612688724,7.3640151687428006e-06,0.9801375499237969,2.355944037143632e-06,5.542589006174274e-07,0.0030236548772505684,0.0021636440287513825,7.098577448155135e-07,3.885039133577998e-09,2.4512731287240902e-08,1.1569986841166419e-07,0.0017746833539062945,9.90325197494477e-06,4.590041711986924e-06,8.074043648062814e-06,0.00018291913470236905,1.268111480609969e-07,6.59281366406463e-08,3.3214754344994544e-07,0.008976782754124914,1.949576855669694e-06,1.0555792949494815e-06
32,2.0437083219625505e-06,1.5529414312840157e-07,8.19305982155036e-07,0.0031905641565227326,8.582341274553356e-06,0.9833336823906768,2.156619473982394e-06,2.8995820270241475e-07,0.003396266740127122,0.0012383763158715048,6.926964927738779e-07,3.7044798076141284e-09,1.7631604085773268e-08,7.231637954947869e-08,0.0023462517478744544,6.384260043226465e-06,2.5568984759475043e-06,4.583340387823435e-06,0.00018575621770894712,9.209577415454359e-08,3.543629466193376e-08,3.168848654749174e-07,0.006277509153954903,1.8030652619704848e-06,9.877198052028754e-07
33,5.616915320602982e-06,3.5177063147963997e-07,1.0100975114224715e-06,0.007629817882021844,1.0507707779737811e-05,0.977915489101568,4.896717510923578e-06,6.647644420341663e-07,0.0021470637029645085,0.0009612168771083294,1.5432079258378483e-06,9.681963112661197e-09,5.085467024555957e-08,7.375542459839139e-08,0.0026495073873337143,1.1019177547314294e-05,8.597483138464024e-06,9.88403398328292e-06,0.0004285168568103059,9.790393630585539e-08,8.015091854301915e-08,7.470843784593187e-07,0.0082100466237232,2.3393654927308054e-06,8.508958949434899e-07
34,1.0367335016625152e-05,1.1880598334063183e-07,1.2844292218793917e-06,0.004103939617590548,1.2045640070029294e-05,0.979211487606167,3.6188529044104756e-06,3.897745967936173e-07,0.0038519308487463323,0.0007360947607046079,1.6896469428063592e-06,3.32178907082921e-09,3.9007585751313365e-08,5.067798563357813e-08,0.0040689809128364425,5.041640323681001e-06,2.50637993290832e-06,8.768085674467102e-06,0.00037350866137768703,6.983543489754367e-08,7.520305954537724e-08,4.586560880956044e-07,0.007604553122516698,2.1991153206611905e-06,7.780621302766736e-07
35,2.682364927054175e-06,9.434211477884943e-08,4.5815004058175e-07,0.0022488793961522265,2.3028915137174937e-06,0.9895100484454269,1.721498135068447e-06,2.6700167142471e-07,0.0020604871707438615,0.0008686034677678512,3.2070089862207236e-07,2.318080074346805e-09,1.5056612355974592e-08,1.9054499904808714e-08,0.000991560040460764,7.659692147234284e-06,1.4612905939480818e-06,6.020411293690458e-06,0.00021810955535008796,3.7608860537531216e-08,2.0519155512578732e-08,2.464841021481324e-07,0.00407750539618464,1.1281923925142131e-06,3.489508741662635e-07
36,2.1485433022985906e-06,3.044091804538274e-07,9.064339768116805e-07,0.004595202743248085,3.367271056128079e-06,0.9820773529955066,1.9891371922740172e-06,5.559161299072861e-07,0.0031152757376197056,0.002439721151837602,3.847798578303044e-07,4.600659184974346e-09,2.192198877954235e-08,8.293741816215002e-08,0.0027827062763149295,1.4574099218467248e-05,3.0120779382743444e-06,5.206424591056341e-06,0.0002365825496873371,9.591123816177635e-08,2.3507307633911026e-08,4.796730960709253e-07,0.004717864612281051,1.1566882245795132e-06,9.796011287947445e-07
37,4.41865790105522e-06,2.1072306201542358e-07,2.2630210611633743e-06,0.0036152951238206045,1.7463898558103485e-05,0.9743795065179084,3.32375019785315e-06,2.6181711024297886e-07,0.0054454829476894276,0.0014341767090328657,9.17467208197878e-07,6.133130587147812e-09,3.2175737914704886e-08,1.3921933206313274e-07,0.001660998634128688,7.908261447500015e-06,4.316886524673622e-06,8.17179642103996e-06,0.00015721723212217315,1.5491377544193135e-07,8.396131128089106e-08,3.024552865387319e-07,0.013249806454286025,5.873363654821107e-06,1.6678792914701633e-06
38,2.4207174739371447e-06,2.7676217706620834e-07,1.1823472786020423e-06,0.004246827375570122,1.673753423758586e-05,0.9759995614500727,2.484867165645284e-06,3.083959382036854e-07,0.005985730717454131,0.0016190159910079258,9.500488898778125e-07,5.31153693627112e-09,2.0880054187275437e-08,1.5444072676120449e-07,0.0029864084074799416,6.011826067094706e-06,3.357216594129759e-06,4.635466437335193e-06,0.00017515083318780854,1.2228355355627447e-07,4.6677841857219996e-08,3.963858929937051e-07,0.00894337630703781,3.066314232920824e-06,1.7514420907701432e-06
39,1.727899354137005e-06,7.574138093021668e-08,6.899319851153551e-07,0.001639194146726008,3.881235181941126e-06,0.9901152435546805,2.1774727294267784e-06,3.5963242978243077e-07,0.0015486895062797725,0.0007323592236997505,4.790531172272512e-07,3.290149120634753e-09,1.1985021291650434e-08,3.237656400643168e-08,0.0012975181373498118,7.978422209114149e-06,2.3881380818255365e-06,3.7259822998330152e-06,0.0001297062986080563,6.3780493169381e-08,3.22629424968991e-08,2.2429348772273383e-07,0.004511822691283747,9.841137809444644e-07,6.308301642982762e-07
40,2.6296664383684606e-06,1.9359111409776448e-07,1.0329157354630165e-06,0.002083615844629516,8.259134356673473e-06,0.9858780380067802,1.8197841972828604e-06,2.6983243420630945e-07,0.00325631496424188,0.0010486796733427165,7.687988970414648e-07,4.9778286071741465e-09,1.6236145745683606e-08,8.611028694796629e-08,0.0033744778855817554,5.297438248562282e-06,2.9813425896736647e-06,1.98118092932099e-06,9.785440112882876e-05,7.868306333650199e-08,2.688986974260065e-08,4.795854985151345e-07,0.004232197657742993,1.316688154762965e-06,1.5787107638087377e-06
41,1.6623375747295345e-05,1.7425708671781907e-06,1.355841502625668e-05,0.003971097425315304,1.085631240445237e-05,0.9393547237926312,1.1545890486127096e-05,2.083513517578068e-06,0.0031364842662355607,0.005890747200213346,3.7335686608545346e-06,1.9700735324371506e-08,2.559435405080549e-07,8.268626209319468e-07,0.0013951690416560026,7.645121154698208e-05,6.148238755185639e-05,9.48917095820692e-05,0.0011204978910195995,8.4398123039922e-07,2.089636259796025e-06,1.371970709344638e-06,0.044812247385778076,1.5384473972016505e-05,5.271472692315236e-06
42,1.7792176323547915e-06,1.7806707228231388e-07,4.653070456194821e-07,0.002587486675122556,4.747998521e-06,0.9878496650211153,1.950640704314387e-06,3.0040416134166977e-07,0.002665187005799466,0.0010458828789190638,5.642378704023679e-07,3.385473721156385e-09,1.9841005878942495e-08,3.856030954375907e-08,0.0030254557701808386,6.4431206976771954e-06,1.982019258520002e-06,2.147830033992446e-06,0.000224440657710353,6.006264576928163e-08,2.0520022197978746e-08,5.886346973905153e-07,0.0025788128103154282,1.00933233089489e-06,7.700013542351754e-07
43,9.482812169946591e-07,5.974249844547784e-08,4.5582287426730804e-07,0.0017247771174706478,3.927675417436755e-06,0.9904035529117734,9.286791022911614e-07,2.023812552956556e-07,0.0020099080537541933,0.0011740022506933486,3.013888076116418e-07,1.245270517382469e-09,8.58773127233666e-09,2.9288231428806676e-08,0.0013319678080944363,4.141537547504835e-06,9.937346810801082e-07,2.7214577743682036e-06,0.00010132176919351243,6.633837916409931e-08,1.497672449309798e-08,1.752300153839301e-07,0.003238325317932289,7.584249384830139e-07,4.099786224439482e-07
44,2.0534081544017e-06,1.546759627755242e-07,8.684591148449378e-07,0.0030699269470384973,8.458020252350533e-06,0.9833121595344537,2.0740557270989747e-06,2.764011725039471e-07,0.00346476078931897,0.0012445721131206153,6.498234720984063e-07,3.639435499923215e-09,1.673669566753284e-08,7.473548915760884e-08,0.002235975772645474,6.2053598913829455e-06,2.5533802287338057e-06,4.326781486997786e-06,0.00015958858832731555,9.192084799877946e-08,3.367913642186438e-08,2.972900013263486e-07,0.006482049689850142,1.816702103167762e-06,1.0114960726767617e-06
45,8.613925338478173e-07,5.2804556928265167e-08,2.0835930460665533e-07,0.0027146338550342107,5.437761865913213e-06,0.9883442670414296,1.846171931634051e-06,1.9220971029254028e-07,0.00285688360968015,0.0005037809701607519,3.3517302959513904e-07,2.1887486128732037e-09,8.873967154286777e-09,1.8641878818575492e-08,0.003412419902833735,3.732460104052987e-06,6.08505698369437e-07,1.3917172240633072e-06,0.0001250264765155902,4.5723298770418256e-08,7.281358000483758e-09,2.3294765322265822e-07,0.0020269269053410487,6.368617126914981e-07,4.4216442850435534e-07
46,9.155037224062709e-07,9.896225887777559e-08,1.198910160950015e-06,0.0030798262450207133,1.5097458071931777e-05,0.9699585150571315,2.1551811401669048e-06,2.3713465265403678e-07,0.013266411559027193,0.0027021943197268316,4.329048604362174e-07,1.4917972682960964e-09,1.5894237131858694e-08,1.465488177132803e-07,0.0017950895954117472,6.249909854138635e-06,4.4912659114263936e-07,9.999554883514857e-06,0.00018986767082589687,2.59240840959589e-07,4.795099315763925e-08,1.0537629306490665e-07,0.008965432512276807,4.112055711303025e-06,1.1398356926302499e-06
47,3.2687114377207535e-06,3.4318952963558216e-07,7.010415995573798e-07,0.002615330705592554,4.753174844491372e-06,0.9856004272046427,2.4995316903924396e-06,3.3295290388049617e-07,0.0035317535882111064,0.001268885224137988,6.428616616107906e-07,7.1048723417236084e-09,2.82981683567596e-08,5.79529805218455e-08,0.0033482555134588658,1.0544270318113558e-05,3.472250146329336e-06,2.4895668576184855e-06,0.00021646976580371152,6.997196736381558e-08,2.1547304965347037e-08,8.811650366934755e-07,0.0033855368357798114,1.7545336493604268e-06,1.47303740429558e-06
48,2.240912468003352e-06,3.982314576069002e-07,6.72656682460487e-07,0.0043730839508363244,4.986185284289594e-06,0.9847810689084597,1.9251012503169657e-06,5.192682316461868e-07,0.0016507949240195422,0.0018008094335821272,6.650095813852054e-07,4.6626956390846015e-09,1.9371211631454426e-08,7.584361638834967e-08,0.0019057110491507443,7.780634865768384e-06,7.005834761220758e-06,4.90207264106259e-06,0.00023397734438364455,6.571569366003473e-08,3.2447598604844573e-08,6.280465303019229e-07,0.005221101228835407,8.156434146018659e-07,7.155227478840254e-07
49,1.8286938372144772e-06,1.1621243988903395e-07,9.3932598381652e-07,0.0022984845521566988,6.224959838250596e-06,0.9864303878023015,1.7167935234176185e-06,2.3035498137168905e-07,0.00279347808759846,0.00107810065957652,4.53931712013307e-07,3.056874152849545e-09,1.3502318517620874e-08,5.8116010751364314e-08,0.0014774726383821623,5.417268592182225e-06,2.1753597238999527e-06,3.3311311669146824e-06,9.376515340576606e-05,8.100495599596204e-08,2.6867328442543805e-08,2.1462137017492172e-07,0.00580317703442675,1.49956079325886e-06,8.033107017655391e-07
50,1.5151461474489026e-06,1.7032239860900382e-07,7.264101306064397e-07,0.002891833225734226,7.193542551198361e-06,0.9856306591849242,2.0819287702004612e-06,3.7193697060621084e-07,0.00326205834137972,0.0016283113306269001,5.736719364244182e-07,3.4891947050516874e-09,1.787729131365881e-08,6.979940839227745e-08,0.0022670241928348486,6.923399722649661e-06,1.9342084805724747e-06,3.988447520149393e-06,0.00020148255068518244,9.612851150234931e-08,2.989456612511853e-08,3.715403977040493e-07,0.004090358074022811,1.2779616337031487e-06,9.273941601280432e-07
51,2.7684281280842315e-06,8.564694932346098e-07,9.135358417989399e-07,0.010604779719048005,9.565804653484033e-06,0.9707611062906942,2.8034254773935994e-06,8.435068908887962e-07,0.004913720411961437,0.0031038674964972415,9.751642349670565e-07,7.647818125042977e-09,3.692577976134472e-08,1.925809669032048e-07,0.005119696491658708,8.723325400882081e-06,4.0249981946862225e-06,6.0858137703000945e-06,0.0004069065082252556,1.1188631449348545e-07,3.5875195161455e-08,1.0301433379154748e-06,0.0050483083838418485,1.356738525786982e-06,1.2824280493105375e-06
52,1.821304287789764e-06,1.315052006015603e-07,7.350396021710257e-07,0.0030500367069405507,6.370988106497337e-06,0.9844891439748192,1.6600233269030025e-06,2.6923428976280413e-07,0.0030535308233030516,0.0013657601780843252,5.345571941513148e-07,2.8011345192611326e-09,1.5419225250812937e-08,6.047866352406891e-08,0.002116870820568359,6.24944563127929e-06,2.058624165503949e-06,4.555598154847513e-06,0.00016388042208900444,8.910215426585352e-08,2.6665787618745154e-08,2.70588060100021e-07,0.005733631050098369,1.512300159473974e-06,7.8234895300362e-07
53,1.3841116889326496e-06,8.468330758954793e-08,5.201319826131537e-07,0.0019322858903793544,7.0715486198785835e-06,0.9861724394511019,2.6660631523291925e-06,2.2673148460130186e-07,0.0032084675536658168,0.0005688497365621676,5.661827174737223e-07,4.1097108810965454e-09,1.0121287665665186e-08,4.94829185488772e-08,0.002107504089900293,5.2685565916903475e-06,1.542310558947831e-06,3.0146714896640932e-06,0.00010203974625423572,7.312429278256256e-08,2.2293237066026436e-08,1.8846941316372894e-07,0.005883333002751682,1.3672554611047967e-06,1.020681469727817e-06
54,1.898944065029231e-06,3.8415408597568243e-07,1.367593549352875e-06,0.0028351939409606,1.0100243745244628e-05,0.9766251031571469,2.6627695403920333e-06,3.3825553610865587e-07,0.007682910072716918,0.002389495011296025,6.565577817454561e-07,9.360267416080464e-09,2.2645486598749814e-08,1.8982049010862456e-07,0.005068486945759244,1.3983052339037814e-05,2.9720318387337272e-06,2.6226529953900377e-06,0.00015927940381344207,1.6299907485546984e-07,2.789355086459617e-08,5.618438974375076e-07,0.005194551461101987,3.0776567689326897e-06,3.941532191808588e-06
55,1.744551564700105e-06,1.0857488054487004e-07,6.259926419324986e-07,0.0033681832955887885,1.4761301700115931e-05,0.9796349927759406,3.833727058124651e-06,1.525863133023715e-07,0.006740925433582359,0.0005719620541241946,5.543298809248141e-07,6.330291181824201e-09,1.6475770673464512e-08,5.973539360165688e-08,0.001914924300557074,5.4280506330777395e-06,1.3854012068451564e-06,3.6566012361321444e-06,0.000136685740195902,7.884505881677299e-08,2.8562262323669777e-08,1.9772602599880057e-07,0.007594508322445011,3.970023318372231e-06,1.2092623292284683e-06
56,2.1935924293667174e-06,1.658394723986618e-07,9.081055306967677e-07,0.003170944595984448,8.717985654669872e-06,0.9829822508810302,2.1665019816033956e-06,2.8927931954949163e-07,0.00354314188763521,0.0012654156174748386,6.841608595690435e-07,3.9216176587098454e-09,1.8318617055491425e-08,7.859263375080394e-08,0.0022938478209186554,6.406300419919546e-06,2.6590584931084213e-06,4.474283434142212e-06,0.00016541062063325538,9.657820348970634e-08,3.554280235016049e-08,3.2151017574576807e-07,0.0065467896974205865,1.923912740619758e-06,1.0553945171364771e-06
57,2.9725911088767533e-06,3.5488335512601103e-07,1.3841725050183915e-06,0.004350922240818454,1.146263004035196e-05,0.9789372907710606,3.5357027477345484e-06,4.7604238847968243e-07,0.004537500386589,0.0020615554871579967,1.0433286064320211e-06,6.653644314466193e-09,3.9014438449759435e-08,1.284409684811051e-07,0.003335267011409308,1.1644588748494412e-05,4.4470958355824414e-06,6.293731274193252e-06,0.00039492507625565486,1.3918652929277784e-07,7.359124261639704e-08,6.474135760179811e-07,0.006333397318096495,2.831942129191956e-06,1.6606994736013652e-06
58,2.1786991691146597e-06,1.583678303450594e-07,9.956011823059643e-07,0.003228850518996997,1.1482567882384352e-05,0.9811201427890452,2.4187915220034084e-06,2.494588383961865e-07,0.004356060238327634,0.0012330166750808384,7.265733135713044e-07,4.305354981396112e-09,2.0306491199888424e-08,8.652085788597433e-08,0.00224464552344752,6.61439434346886e-06,2.6095382549132487e-06,4.7174192382266555e-06,0.0001670749950226872,1.158624234909522e-07,4.099697609626243e-08,3.0149358633298275e-07,0.007613397367723749,2.867996362683638e-06,1.222998727671963e-06
59,2.2298903876336166e-06,1.6710090226636462e-07,1.2134976597590766e-06,0.0031144389463885814,1.1055872967728678e-05,0.9808391216614041,2.3347664068640867e-06,2.602829983648388e-07,0.004318611504607712,0.0014387306965603476,6.832711683859476e-07,4.118615885537718e-09,2.0388954683696917e-08,9.665790028689927e-08,0.0020697292427301066,7.205269403393141e-06,2.8572765301365065e-06,4.996579465748035e-06,0.00015630937375788874,1.2522475149604145e-07,4.50141002892121e-08,2.849620050400262e-07,0.00802528817263974,2.9186999690803876e-06,1.2715277244799994e-06
60,2.0534081544017e-06,1.546759627755242e-07,8.684591148449378e-07,0.0030699269470384973,8.458020252350533e-06,0.9833121595344537,2.0740557270989747e-06,2.764011725039471e-07,0.00346476078931897,0.0012445721131206153,6.498234720984063e-07,3.639435499923215e-09,1.673669566753284e-08,7.473548915760884e-08,0.002235975772645474,6.2053598913829455e-06,2.5533802287338057e-06,4.326781486997786e-06,0.00015958858832731555,9.192084799877946e-08,3.367913642186438e-08,2.972900013263486e-07,0.006482049689850142,1.816702103167762e-06,1.0114960726767617e-06
61,2.2961513153189204e-06,1.5901757321428927e-07,1.2492474251357847e-06,0.003090619870236326,1.1172554221241194e-05,0.9808004496653542,2.3301686479800197e-06,2.5793567719691185e-07,0.004381752348523861,0.0014042299008272228,6.719410736303105e-07,4.019213792938396e-09,2.0047120452290953e-08,9.425287364426072e-08,0.0019397176669597746,6.9261501460964636e-06,2.739124662884614e-06,5.056592609692951e-06,0.00015055696592105577,1.2095069833543675e-07,4.553819653038703e-08,2.698208221283447e-07,0.008195037247427891,2.988960749273593e-06,1.233861723190421e-06
62,2.0534081544017e-06,1.546759627755242e-07,8.684591148449378e-07,0.0030699269470384973,8.458020252350533e-06,0.9833121595344537,2.0740557270989747e-06,2.764011725039471e-07,0.00346476078931897,0.0012445721131206153,6.498234720984063e-07,3.639435499923215e-09,1.673669566753284e-08,7.473548915760884e-08,0.002235975772645474,6.2053598913829455e-06,2.5533802287338057e-06,4.326781486997786e-06,0.00015958858832731555,9.192084799877946e-08,3.367913642186438e-08,2.972900013263486e-07,0.006482049689850142,1.816702103167762e-06,1.0114960726767617e-06
63,2.1663427648770353e-06,1.917887470227068e-07,8.763651199141053e-07,0.0033714923432952835,8.721298137690696e-06,0.9825368971900442,2.1605110130010943e-06,3.120469705596773e-07,0.0036111737375196995,0.001377879680342048,7.039948973535112e-07,4.143168097282155e-09,1.8365484457345452e-08,8.384444972020537e-08,0.0024405045873452055,6.733587008880597e-06,2.880888559513587e-06,4.528304199865349e-06,0.00018092282726360693,9.509824623142108e-08,3.508148575555889e-08,3.546833053001173e-07,0.006448297988941879,1.865288169959877e-06,1.100013519823686e-06
64,2.5804087590279377e-06,1.8741201290542102e-07,1.2696273783402615e-06,0.0032734254054867197,1.1401416889004173e-05,0.9807754368535025,2.709918222071578e-06,3.3882835260431563e-07,0.003755928260210143,0.0014204131315009901,8.685529312723996e-07,4.455487792003052e-09,2.2421186240691687e-08,1.0401261628398425e-07,0.00213782549413645,7.424772781760049e-06,3.5085602583827575e-06,6.245363572304858e-06,0.00020061418876102322,1.1997685626988973e-07,6.143260190865785e-08,3.2745694173883647e-07,0.008395441640184952,2.4938062613164967e-06,1.246603107953325e-06
65,9.881715378426401e-07,1.1559491510215142e-08,6.685448613989928e-08,0.001480436258435728,2.0258098446171214e-06,0.9941782856082487,1.3546538682625352e-06,1.0937784777386474e-07,0.0003776174058210721,9.87461358627562e-05,3.8844429167429233e-07,8.176204857568274e-10,3.385908350368004e-09,2.9021373889303775e-09,0.0009733920236123667,1.4132780978684234e-06,1.0335027819978433e-06,2.1920175867836774e-06,0.00012507727260412398,8.936525538832995e-09,8.681354938476545e-09,9.183558079792173e-08,0.0027565037313652865,1.646525779070005e-07,7.668250995820624e-08
66,4.531115826697649e-06,2.8882878563216055e-07,3.5700711401679665e-06,0.0042913306241216505,1.150182239557796e-05,0.9800906883908171,3.0451530790806014e-06,6.640813573014343e-07,0.004151863749599357,0.002990026251393201,8.489257012526748e-07,4.38039888128371e-09,5.309232441893161e-08,1.4283961148148962e-07,0.002420934347285415,1.2369371390507806e-05,3.375024498291971e-06,7.720945932545152e-06,0.0001835502558151322,2.5299667928134906e-07,7.812491757718179e-08,4.4562515907760205e-07,0.005818810837945473,2.6517029463406854e-06,1.2514408783943566e-06
67,3.052491169870985e-06,1.3552841675895885e-07,2.6610815452574575e-06,0.003682386768350319,9.154248181017145e-06,0.9735284707761175,1.9738729431737413e-06,3.4783448193076365e-07,0.0025351681287041016,0.001991260352552379,7.049850520174497e-07,3.0634128259981547e-09,2.206071132761674e-08,1.3175182790467627e-07,0.0012574503261409404,8.202103485948688e-06,5.281577933279521e-06,1.1155549625237384e-05,0.000129238567761892,1.8647139109895128e-07,8.480132318550542e-08,1.7144907106957058e-07,0.016828915819351854,2.8620287601664903e-06,9.783616889614861e-07
68,1.2418644377614417e-06,1.0291278036314663e-07,1.7180909256500352e-06,0.002821994855898346,1.2883763401196951e-05,0.9752483966991091,1.5149013346257929e-06,1.2062991127020328e-07,0.007463743469731656,0.001576861676844424,3.3121355638808333e-07,3.6659195689546514e-09,1.126181272741387e-08,1.4356979109188385e-07,0.001482725491524669,4.945488175342575e-06,1.3937526734392656e-06,3.0838259878626268e-06,4.400360485489528e-05,1.630359337995878e-07,2.1865686286290014e-08,1.0214136814394536e-07,0.011328161654470176,4.545726321544598e-06,1.784837549590219e-06
69,2.042661428136131e-06,1.5641858199468867e-07,7.711371045779495e-07,0.0030672691060732856,8.38078933816545e-06,0.9837179305509353,2.046927200630329e-06,2.6379756989129157e-07,0.0034529640766585907,0.001164794073963586,6.54298537564533e-07,3.6310225849835726e-09,1.6272538391703386e-08,6.894228426985433e-08,0.002372125901758309,5.882516864814977e-06,2.500818568519981e-06,3.910804081683016e-06,0.00016224700526122233,8.323639372427271e-08,3.0479024213824176e-08,3.156936865347305e-07,0.006032836410885529,1.7164362820250242e-06,9.88013956611793e-07
70,2.0527543452021202e-06,1.54615807736031e-07,8.685057720023071e-07,0.0030712649814627776,8.465997301088812e-06,0.9833081836695071,2.07411514611982e-06,2.7627624624623854e-07,0.003466538668925094,0.001244024736484311,6.497579357250528e-07,3.638877856744438e-09,1.6730022785401055e-08,7.475595175552886e-08,0.0022362839229629933,6.1989932098838066e-06,2.5519035825114365e-06,4.324033727892901e-06,0.0001594479351656456,9.191506456050818e-08,3.366550916875635e-08,2.97118005067748e-07,0.006483293166707638,1.8166775966951753e-06,1.0114646822614168e-06
71,1.5240558373273862e-06,3.613213374292675e-07,3.8704316707705875e-06,0.005101197004651989,6.0136114698922216e-05,0.9470610853708347,6.268249383709192e-06,4.563476528402087e-07,0.018228839924723527,0.0037553816152136026,7.64807523630104e-07,6.699952408223299e-09,3.2994111918728936e-08,6.411946593383006e-07,0.0015113946344423345,1.3695275614919066e-05,3.073530102366222e-06,1.7506395998591186e-05,0.00017362765713004491,6.844758679808887e-07,2.0222667454718065e-07,1.8899514132911557e-07,0.024043503486629772,1.23064570917638e-05,3.2507330541005554e-06
