,0,1,2,3,4,5,6,7,8,9,10,11,12,13,14,15,16,17,18,19,20,21,22,23,24
0,7.432719551917921e-05,3.5961101933761355e-05,0.00029500228592966264,1.2388460733906214e-05,0.0010617744476908878,0.9611069217804978,5.170819337178409e-07,4.475255943367367e-08,0.014173215360314668,3.169747241840522e-07,0.005597094874679512,1.0252853320232122e-07,2.8603281559414184e-06,2.139233121066157e-06,0.0006925129001659302,9.61679648984919e-05,0.0040982102066237465,0.00012091349091961625,0.0022922310805657815,6.578249008159467e-06,0.00048153308189426624,5.888736808495789e-05,0.00022754895078991153,0.009240298555428033,0.00032245174529440304
1,7.381013647104972e-05,3.015248960759226e-05,0.00030127366291852987,7.929982663180702e-06,0.0008014596615953466,0.9629018266314402,4.0005449601872016e-07,4.446134660730935e-08,0.017688277415096706,2.759064659478109e-07,0.003372886914783075,7.955474006327027e-08,2.920622544232721e-06,1.2166616059840817e-06,0.0007193696721813865,0.00013924465084092037,0.0026427108039081115,9.841269538363753e-05,0.0027863691855528664,5.648154596177594e-06,0.0003741335838826912,4.319568342999223e-05,9.632992102164742e-05,0.007702679280333575,0.00020935221309446893
2,9.285008663009112e-05,4.535530660137404e-05,0.0002575336173426597,8.860160313141454e-06,0.002069959079349507,0.9561265516981664,6.164682855189877e-07,5.215926276688131e-08,0.018687678312843826,2.914191705959012e-07,0.00583322604334641,9.77848253313549e-08,3.408569134365892e-06,2.4638378121169612e-06,0.0013449452557195306,0.00012594475083065645,0.004726464788775226,0.00012313230367127506,0.00244959026283166,9.263327671477951e-06,0.0003945047729451225,5.917879862668126e-05,0.00018737739296035213,0.0070060646297699595,0.0004445891731139622
3,6.9118619311366e-05,3.2372585823960517e-05,0.00025626698336920025,1.0512900522420764e-05,0.001060617142392471,0.9609904229344387,4.457785113818742e-07,4.538289996541983e-08,0.015157068850835748,2.53924514544189e-07,0.005464278240692062,9.321660734316097e-08,2.923040755588175e-06,1.9182870776245982e-06,0.0007516543808838673,0.00010694203195482647,0.004172635685226968,0.00011243251582523312,0.002400065775719163,6.329377169041711e-06,0.00043731044854277757,5.862767284769035e-05,0.00017355584132115834,0.008455301129993747,0.0002788072527631356
4,7.442035192064547e-05,3.398784255968353e-05,0.000261245890547562,1.1525205911884046e-05,0.0010885826217888962,0.9578625660615391,4.714734171370172e-07,4.6276183544024426e-08,0.016630910721075174,2.5430919281516983e-07,0.005642451465738101,1.1459706567185032e-07,3.6690902608250147e-06,2.092442538250668e-06,0.0007961052937321948,0.00010947435710413045,0.0047207545603670156,0.00012045621258944926,0.0025267934481209577,6.687156801621e-06,0.0004726670777066283,6.806279643271542e-05,0.00018368684660062344,0.009073600293087677,0.000309373607717747
5,7.249093920995564e-05,3.178694423313337e-05,0.0002400311641881899,1.3614271922853006e-05,0.0008945434054037663,0.9600815605044198,3.8580735648988704e-07,4.0073070046676015e-08,0.014181221541495852,2.8648348445026264e-07,0.005342830491025298,1.018330709022622e-07,3.3535906045701537e-06,2.2281035147894963e-06,0.0005832876425247997,9.672289148951096e-05,0.005049416429247726,0.0001521198107552454,0.0021747994417630596,7.1790147661755414e-06,0.0005031837576188674,6.480159506009205e-05,0.00020086625153319324,0.010008341072488106,0.0002948069397528411
6,6.9118619311366e-05,3.2372585823960517e-05,0.00025626698336920025,1.0512900522420764e-05,0.001060617142392471,0.9609904229344387,4.457785113818742e-07,4.538289996541983e-08,0.015157068850835748,2.53924514544189e-07,0.005464278240692062,9.321660734316097e-08,2.923040755588175e-06,1.9182870776245982e-06,0.0007516543808838673,0.00010694203195482647,0.004172635685226968,0.00011243251582523312,0.002400065775719163,6.329377169041711e-06,0.00043731044854277757,5.862767284769035e-05,0.00017355584132115834,0.008455301129993747,0.0002788072527631356
7,0.00012856168085719847,2.919778481820569e-05,0.0004785066485567343,7.393714002826308e-06,0.0007766023654007536,0.9641370989740345,4.656933909108815e-07,4.186693597413563e-08,0.012205120419350488,3.1678121605136966e-07,0.004061795139411007,6.536743011824805e-08,2.309995049666443e-06,9.688387021924666e-07,0.0004432836078632003,6.656044254519217e-05,0.0019540375367318595,0.00010074743804292462,0.002916892642040713,4.000887788831331e-06,0.00021141051782658774,2.8657382530129277e-05,0.0001674260675346408,0.012071177536912845,0.00020736067102648394
8,9.423875221847841e-05,5.829752203836836e-05,0.0005325506974044585,2.1102332120889183e-05,0.0011417921901506587,0.9617151730230306,7.760499046272547e-07,5.17681765397233e-08,0.01154615652844715,5.300466169469063e-07,0.005349676223609176,1.199780230723033e-07,2.5862727951379688e-06,2.4648041469861624e-06,0.0004059073222810715,8.367874316936922e-05,0.0023403161995485117,7.588849006352885e-05,0.002064553944582758,8.730114492599328e-06,0.00035590674983345695,2.850490291617395e-05,0.0004713587654327219,0.013388315471007658,0.0003113231079890971
9,6.254664889852884e-05,4.3741245783776104e-05,0.000484819786157503,2.325918346285295e-05,0.0007432873746895452,0.9626762075866844,6.068694332644951e-07,4.1325788519761625e-08,0.013765826524005665,4.988877605586986e-07,0.003896365697955091,1.4061782896367643e-07,3.3969882857366997e-06,2.0296177466050515e-06,0.0004466571335900706,0.00010882320250033381,0.0028096158290955853,8.966509917326921e-05,0.0017521354284876617,9.428766465017152e-06,0.0006392774755712724,3.909144062037094e-05,0.0002988200838916393,0.011797302535951997,0.0003064146501715332
10,6.9118619311366e-05,3.2372585823960517e-05,0.00025626698336920025,1.0512900522420764e-05,0.001060617142392471,0.9609904229344387,4.457785113818742e-07,4.538289996541983e-08,0.015157068850835748,2.53924514544189e-07,0.005464278240692062,9.321660734316097e-08,2.923040755588175e-06,1.9182870776245982e-06,0.0007516543808838673,0.00010694203195482647,0.004172635685226968,0.00011243251582523312,0.002400065775719163,6.329377169041711e-06,0.00043731044854277757,5.862767284769035e-05,0.00017355584132115834,0.008455301129993747,0.0002788072527631356
11,7.322770460387467e-05,3.304141825588316e-05,0.00026631292791983157,1.1122631814437375e-05,0.0010855392189702115,0.9591748380382649,4.681150775216655e-07,4.7626542743133034e-08,0.015910454202692985,2.5950853393430534e-07,0.005580341796442349,1.0515683115911694e-07,3.407664114170438e-06,1.9855582556266163e-06,0.0007660326504343682,0.00011163580632671012,0.004368041936404391,0.00011651310546770671,0.002485992600399859,6.715711432528436e-06,0.0004450705217098906,6.178367698470542e-05,0.00017936035816727036,0.009029065657900561,0.0002886364064522541
12,6.230469697445529e-05,4.133634968959682e-05,5.0745338763062486e-05,7.987450135872165e-06,0.0022127135505433226,0.9680032369117973,1.664871115513697e-07,6.407708446203875e-09,0.007723164016464767,3.029456075298296e-07,0.0014842200424487514,2.303665137430221e-08,2.072093264601952e-06,5.5973474530030915e-06,0.0002786066902492255,3.0878671668502024e-05,0.015698740916636127,0.00020641986925430333,0.0004238144968467872,8.75090060129539e-06,0.00035471522141881646,3.298132035451323e-05,0.00024308128725848002,0.0021950308306966423,0.0009331031204016676
13,4.711206436432532e-05,3.982011019752893e-05,0.0003204292733671114,2.8050803335516788e-05,0.0018028669971049212,0.9133660595299987,1.0459247372121782e-06,1.4875053535009427e-07,0.015914805710685362,1.9212495167479416e-07,0.03960498270375806,3.5122362788924e-07,3.935400099105417e-06,6.6498122423776365e-06,0.0015316716083036335,0.0001186389656878825,0.006869195318990707,0.00010613785523794122,0.0030658712536976262,8.278640187844339e-06,0.0007579649233190838,0.00019223224175542546,0.0007353653947767125,0.015126299930698596,0.0003518934383395757
14,6.215295121032718e-05,2.4159136543755324e-05,0.0002984119058648358,1.0462861942355241e-05,0.0008522048042054873,0.961497895744712,3.86919226689252e-07,4.1679681706433215e-08,0.01604215400629009,2.1109569953394018e-07,0.004674789657197421,9.795142849301175e-08,3.3715140921699713e-06,1.5165395754629743e-06,0.0007624746546013521,0.00010644704203219358,0.0041867133060333895,0.00010883054538564673,0.0020891273763918583,6.011668696344096e-06,0.0004962598929055839,5.970846762984507e-05,0.0001597324417581045,0.008278440576407538,0.0002783972604879548
15,6.9118619311366e-05,3.2372585823960517e-05,0.00025626698336920025,1.0512900522420764e-05,0.001060617142392471,0.9609904229344387,4.457785113818742e-07,4.538289996541983e-08,0.015157068850835748,2.53924514544189e-07,0.005464278240692062,9.321660734316097e-08,2.923040755588175e-06,1.9182870776245982e-06,0.0007516543808838673,0.00010694203195482647,0.004172635685226968,0.00011243251582523312,0.002400065775719163,6.329377169041711e-06,0.00043731044854277757,5.862767284769035e-05,0.00017355584132115834,0.008455301129993747,0.0002788072527631356
16,7.821741560639515e-05,5.477693796053151e-05,0.00029520730460570635,1.7250220714629335e-05,0.0012444291081321057,0.9503287426446747,8.575257345494089e-07,8.264192924940223e-08,0.018403099175318686,5.763995754704315e-07,0.006343616208708095,2.1640883949534602e-07,4.255788662292633e-06,3.650257995962743e-06,0.0011345431456839473,0.00016704540883472237,0.006598987821630157,0.00018052961135723672,0.003716114218087473,1.0192251593234588e-05,0.0011549281253272934,0.00014026998900980704,0.0002665656483993627,0.009395434710238706,0.00046041103138007945
17,6.739306323729639e-05,4.598697937350077e-05,0.00023361064971071557,2.3012697009215907e-05,0.0020050287797830258,0.9426001680991959,7.761311903984478e-07,7.534978265588998e-08,0.015347269500972111,3.829948625442831e-07,0.010632667311423654,2.1968617482867382e-07,5.997446013101352e-06,5.577169731332092e-06,0.0009756308639419114,0.00013411604753247564,0.012240067732081994,0.00016765355635632267,0.0023622353894620935,1.4281699345755952e-05,0.000863198712390239,0.00014986997999784444,0.0005732581476045138,0.010988936783964358,0.0005625852288624924
18,8.583901404275793e-05,4.091571784706128e-05,0.00020160593030103458,1.24406958131009e-05,0.0017349947349254787,0.9563566031484563,5.503990668349907e-07,3.283175508391887e-08,0.015145518701734823,4.327791104396473e-07,0.004313587996377093,1.1218231292410642e-07,4.467068337564651e-06,3.40922284384079e-06,0.0008821711707794641,9.191974375499635e-05,0.010386711707166452,0.00023007373991759515,0.0017425830974213163,1.0613932400615623e-05,0.0007808556245913833,9.597422768821451e-05,0.000296519171786733,0.006838133668305147,0.0007439334932637634
19,7.7087316294859e-05,5.021711065270891e-05,0.00044954155660797507,1.8784780373369198e-05,0.0013198847669361746,0.9448740130186815,1.0230281069483869e-06,8.212741894549482e-08,0.02350651182021422,4.077397051878651e-07,0.0070446826305368545,2.4543973717326096e-07,5.216457745885882e-06,2.6149973360872766e-06,0.0011864848919936795,0.00017018941457485056,0.00512579946896086,0.00012552563968792234,0.0034028188635428233,9.112029030743221e-06,0.0009061331320807292,0.00011006213826410926,0.00026759054935302163,0.010942800690579181,0.00040317039158429223
20,6.23294429072367e-05,3.497428716441333e-05,0.0003310436635801405,1.3608276744147334e-05,0.0010845546247649066,0.9490347089753455,6.762386033936196e-07,1.0808742786847835e-07,0.01833653254309548,2.812335368331766e-07,0.009691600628535706,1.7594836765931744e-07,3.6609995644229696e-06,2.6002453106195736e-06,0.0018094185450596922,0.00016931487025829162,0.00564134775966022,0.00013735277940767033,0.0037560549125631483,7.67061552393172e-06,0.0007370567330412153,0.00014701354740479013,0.00019418076454257802,0.008473716737995362,0.0003300175395948067
21,6.826334935546999e-05,4.1332067078840946e-05,0.0002647956666850562,1.4405771027416282e-05,0.000905168646658886,0.9576724911054456,4.833039164114067e-07,6.219625702088828e-08,0.0188846175358338,3.6540406386595667e-07,0.004723478156085711,1.32332967742475e-07,3.699680134680409e-06,2.6316855197649015e-06,0.0006723926770809762,0.0001844981926687888,0.0032707239029786004,0.00012493769246382498,0.002745887378907885,8.580663759726276e-06,0.0005523032060745579,6.12245494324677e-05,0.00014436179595291352,0.009429050426701316,0.0002241126129485713
22,7.891360167078856e-05,2.027302011748698e-05,0.00020250882857056522,7.435803596179203e-06,0.0008989210132096394,0.9654996037108723,2.408292857300691e-07,3.233616787429991e-08,0.011577677638743778,2.041053485750598e-07,0.004884728872036436,4.6217612929342996e-08,2.2523257173683065e-06,1.3676032832886839e-06,0.0006578154073947265,8.175893065977266e-05,0.005848819410920803,0.00017811210377708623,0.001820772894145691,5.350147022547905e-06,0.0003415600817391133,6.107590998318002e-05,0.00012856894188200045,0.0074411416933518265,0.00026081857289068634
23,6.9118619311366e-05,3.2372585823960517e-05,0.00025626698336920025,1.0512900522420764e-05,0.001060617142392471,0.9609904229344387,4.457785113818742e-07,4.538289996541983e-08,0.015157068850835748,2.53924514544189e-07,0.005464278240692062,9.321660734316097e-08,2.923040755588175e-06,1.9182870776245982e-06,0.0007516543808838673,0.00010694203195482647,0.004172635685226968,0.00011243251582523312,0.002400065775719163,6.329377169041711e-06,0.00043731044854277757,5.862767284769035e-05,0.00017355584132115834,0.008455301129993747,0.0002788072527631356
24,7.815325454888902e-05,4.900691962241956e-05,0.00021150207854995194,1.4987372473253211e-05,0.0010972460735038268,0.9598773082126724,4.192674881746597e-07,4.661358539643573e-08,0.014221166453708762,3.5409375370459485e-07,0.00534490155187362,1.0354460700337861e-07,3.2183763173361356e-06,3.053013400982613e-06,0.0005446111252689166,0.00011451133604446878,0.004957768545915248,0.00012919556378626238,0.0025274719829559643,9.02164967927311e-06,0.00042947847555673636,5.957331701891597e-05,0.00021894419323439796,0.009830761038188779,0.00027719594624518127
25,4.2878289128777776e-05,3.2610656079245166e-05,0.0002272241313078146,1.9314084807915514e-05,0.0013350790273530984,0.9451315830083237,6.57690270395006e-07,1.4074553573655207e-07,0.011738632499911453,2.3699411494895645e-07,0.019901771359440715,1.4058100668537115e-07,2.4361651060436966e-06,4.402499493604808e-06,0.0007864893449041133,0.00015439797412022453,0.0045570316851607905,9.424563317339902e-05,0.0029487841134535142,7.90001304906418e-06,0.00046691742510339575,9.255647112518278e-05,0.00034675323120314814,0.011940678247802402,0.00016713812902449692
26,1.6858075252345435e-05,0.0001465243004920085,0.000287180700985663,3.6853779871776865e-05,0.003629083066445575,0.8431215926916024,1.2571968291269923e-05,1.3159569031633287e-06,0.03453920921845054,1.239242900671319e-06,0.0197362893432213,1.6613787380866456e-06,2.7297458547971893e-06,3.856184865431307e-05,0.07543552176313775,0.0012243297580212511,0.007460590517842706,0.00012083218538966465,0.004686967566629366,1.3883379298474122e-05,0.004072562681242994,0.0014956952768189033,0.00024614933177457307,0.0007408406888352306,0.0029309555333450585
27,6.580750464772088e-05,3.175728618055757e-05,0.0002508176742973638,1.1069187525905866e-05,0.0009796573884300747,0.9562952372785452,4.3640657169887056e-07,5.641495893720947e-08,0.01673141516625819,2.2826690067211273e-07,0.006875939200558819,1.0907523368722766e-07,3.059651691319283e-06,2.0934594368315e-06,0.0009440315184877487,0.00012286957017063,0.0047869952948536194,0.00012393985038340342,0.0028865201527942305,6.234183317677569e-06,0.0005013718298763262,8.603837055162175e-05,0.00016191911588867288,0.008872425498113151,0.0002599706543259015
28,6.9118619311366e-05,3.2372585823960517e-05,0.00025626698336920025,1.0512900522420764e-05,0.001060617142392471,0.9609904229344387,4.457785113818742e-07,4.538289996541983e-08,0.015157068850835748,2.53924514544189e-07,0.005464278240692062,9.321660734316097e-08,2.923040755588175e-06,1.9182870776245982e-06,0.0007516543808838673,0.00010694203195482647,0.004172635685226968,0.00011243251582523312,0.002400065775719163,6.329377169041711e-06,0.00043731044854277757,5.862767284769035e-05,0.00017355584132115834,0.008455301129993747,0.0002788072527631356
29,6.9118619311366e-05,3.2372585823960517e-05,0.00025626698336920025,1.0512900522420764e-05,0.001060617142392471,0.9609904229344387,4.457785113818742e-07,4.538289996541983e-08,0.015157068850835748,2.53924514544189e-07,0.005464278240692062,9.321660734316097e-08,2.923040755588175e-06,1.9182870776245982e-06,0.0007516543808838673,0.00010694203195482647,0.004172635685226968,0.00011243251582523312,0.002400065775719163,6.329377169041711e-06,0.00043731044854277757,5.862767284769035e-05,0.00017355584132115834,0.008455301129993747,0.0002788072527631356
30,6.9118619311366e-05,3.2372585823960517e-05,0.00025626698336920025,1.0512900522420764e-05,0.001060617142392471,0.9609904229344387,4.457785113818742e-07,4.538289996541983e-08,0.015157068850835748,2.53924514544189e-07,0.005464278240692062,9.321660734316097e-08,2.923040755588175e-06,1.9182870776245982e-06,0.0007516543808838673,0.00010694203195482647,0.004172635685226968,0.00011243251582523312,0.002400065775719163,6.329377169041711e-06,0.00043731044854277757,5.862767284769035e-05,0.00017355584132115834,0.008455301129993747,0.0002788072527631356
31,0.00012738581695943238,4.148147837620638e-05,0.0004454666401496789,1.120524445791874e-05,0.0010004482596322605,0.9608019451266359,6.024226758454991e-07,6.906173104809569e-08,0.013980493671999078,4.2705410959266846e-07,0.004965558806997326,9.274533218722904e-08,2.617367414827329e-06,1.6877788543899463e-06,0.0006600228623437389,9.397436267046517e-05,0.0031972515230690927,0.00013683218134015362,0.003268858345456618,6.05279184198341e-06,0.00037840692179889727,4.974115766025062e-05,0.00020961952215275287,0.010335152033791513,0.0002846068225489976
32,7.424891905094278e-05,3.342648492243563e-05,0.0002493490287015795,9.77551171863799e-06,0.0009975532812108757,0.9607180212304424,4.331278847372078e-07,4.699937325984093e-08,0.015151391030432348,2.5501887768793117e-07,0.0054367051060067555,9.337864286694148e-08,2.862496929786897e-06,1.8779360656585322e-06,0.0007587040067195664,0.00010473390422238584,0.0040816759543710265,0.0001148361121961135,0.0027675476995926373,5.869015600637043e-06,0.0004155290392131327,6.131078644992297e-05,0.00016017871496898275,0.00858779261742813,0.0002657825989774554
33,3.2097385636471345e-05,1.976861929559573e-05,9.899150222834205e-05,1.70271958560901e-05,0.0007804941935334082,0.9572866633180108,2.7340732328408414e-07,8.282354241158007e-08,0.006065825243937807,2.7601980293494526e-07,0.010105283515990689,8.442674189779333e-08,3.6051879499406856e-06,4.359123101650409e-06,0.00029561902769682465,0.0001536917245785528,0.009679020252227428,0.00010912250995757942,0.0024526772455679786,9.055381308450359e-06,0.00035729927398273423,0.0001091558124088899,0.0003232779387542607,0.011973686772028331,0.00012256209853770314
34,0.0003034696646472915,5.144540475680137e-05,0.0003901347129575817,2.9575957759311474e-06,0.0007579385906923671,0.9148954093443254,3.2356028825669953e-07,3.8280335124827464e-08,0.053096241567286664,7.944573164191104e-08,0.004316398093392462,9.595812829995516e-08,2.6656938376630885e-06,5.150999562920116e-07,0.0010856342508287916,7.045087794766184e-05,0.001392511292724978,0.00010205051100719499,0.011094094714548048,1.4659347011268246e-06,0.00017011090138278982,4.269111163456351e-05,2.8386175166922056e-05,0.012060416486288713,0.00013447473165741308
35,0.00031329627906606644,4.230735660736051e-05,0.0005281686997188078,1.1371531456984173e-05,0.0009424001927360613,0.923759145887751,6.033305137790347e-07,5.842864858420207e-08,0.04171745222809611,3.686433078147495e-07,0.0038037494197989186,1.5678430980054677e-07,5.13211292243762e-06,1.1004055144238542e-06,0.0007097399566624371,0.00010891353202464059,0.00482210981655323,0.0005017996831644896,0.004898229857406459,5.06955284968929e-06,0.0008335942544469892,9.547082361965416e-05,0.00010015085144809818,0.016448519554950226,0.0003510908164258674
36,0.00010026921337617541,4.8072448657292284e-05,0.00036392097035748994,1.3591123787742305e-05,0.0014367956248091695,0.922974225056336,9.180749392509047e-07,1.67863073671629e-07,0.032165548092813696,2.836190230847909e-07,0.010044896460921606,3.8632041479835624e-07,9.448282681129743e-06,2.602407094652275e-06,0.0025645815551538446,0.0003182850033687398,0.007757962414559138,0.00013679180044368867,0.008276391644151575,1.01121446246778e-05,0.0007918699952956853,0.00024151126390992345,0.00018639218813950301,0.01219860120953159,0.0003563752225358271
37,0.0001451079405819462,4.254283182607899e-05,0.0003792577493915584,1.401212293876341e-05,0.0009444332422133113,0.9516269610379137,4.789464529023332e-07,3.8708922222467e-08,0.014621675648321142,4.5356474121020153e-07,0.005120899604901584,9.556838140712717e-08,3.207461947049298e-06,1.6612812109659258e-06,0.0003794164296532521,7.838914687598887e-05,0.00422928374823629,0.0001963535899295062,0.002921526642161851,7.344264969998875e-06,0.00043566250035672043,5.342413854166854e-05,0.00027105545772570475,0.018243015091620518,0.00028370328018471576
38,5.351966901444354e-05,0.00010343530617521198,0.0002949991467849788,0.0001772800108948444,0.0024527779548129255,0.8273337110722608,1.0974438246673347e-06,2.4825052483466935e-07,0.023192373647274243,7.29494595218012e-07,0.031421744179959035,9.045910338224586e-07,1.4744566564960711e-05,1.8463084609415725e-05,0.0009585016626567032,0.00023939551496209756,0.07487238831843666,0.0004110584138980015,0.0029925464068170093,7.655628137045939e-05,0.005183452364926381,0.0008370064262157094,0.002670358902453635,0.025885053692781084,0.0008076535971527623
39,3.4130758717898824e-05,7.658253320576382e-06,0.00023174273773546026,5.473109179544854e-06,0.00039391485850158865,0.9768655538706729,2.2724492615127693e-07,3.9369236589589667e-08,0.008870754529845823,1.5456520398385463e-07,0.0025553124198805866,4.743988435868075e-08,2.4585811349680973e-06,6.133000445925099e-07,0.0005734739874368704,0.00010940456599511433,0.003018971757384375,8.141762139820725e-05,0.0016560590026919104,3.079082213152732e-06,0.0003956122426367994,4.0151673056846e-05,6.306345916533415e-05,0.004944741439955599,0.00014594412978070524
40,8.669540696650944e-05,4.302503320143133e-05,0.00043376396254587914,7.830726813900829e-06,0.0012872188007988818,0.9550673558811479,7.563022319571477e-07,4.4131167492466905e-08,0.022698789978101076,2.234584960120452e-07,0.005293499421204192,1.3942419076821502e-07,3.100859544218678e-06,1.7141389104489458e-06,0.001601844626574029,9.147336922006694e-05,0.0027016309491638226,8.170419660912062e-05,0.0028668746305071336,4.422851795888696e-06,0.00042128848594368874,6.091846056285244e-05,0.000153968814863946,0.00665752032357406,0.00043419576586500424
41,0.00010773110582580321,2.696550341751544e-05,0.00033875192563077655,4.431166895945839e-06,0.002927850277000426,0.9453019384202076,5.059369163037538e-07,3.088359896508656e-08,0.03615223845237516,8.720324210808884e-08,0.003941594553474413,5.6589252882118315e-08,3.7855262970743212e-06,7.944661658690133e-07,0.0015021438690383724,0.00015348584223957238,0.0020907437104684197,7.036977322642845e-05,0.001427159704644275,5.044327940371256e-06,0.00018745058283969963,1.9026241680080253e-05,5.65952019680843e-05,0.005404923480576351,0.0002762952550775151
42,4.85603358577934e-05,2.238696061812188e-05,0.00028901251021041694,1.2397527513750746e-05,0.0004610069368997089,0.9558937487095177,4.138019532474185e-07,1.1792945214303544e-07,0.014107059646866734,3.080994148346521e-07,0.006155230368634769,1.6155202676609705e-07,4.0936785407524405e-06,1.5162091120722741e-06,0.001045202538872722,0.00023599636556988958,0.004843783268179745,0.0001172542324681057,0.005445757709209166,6.616219182213172e-06,0.0007146178334659328,0.0001413654000412441,0.00012222981776040508,0.010165268585432145,0.00016589376319949158
43,3.8051815567832654e-05,1.9366489088827625e-05,0.00018254458613522782,9.45621187978187e-06,0.0004976122482852366,0.9762323700426523,3.138184184048194e-07,4.8573513369191025e-08,0.007131199922122693,6.03224957678435e-07,0.0024255672263158216,5.2274593948802794e-08,2.153001804989071e-06,1.829908501929811e-06,0.00042364963836074345,0.00012601888965733035,0.004523614468193882,0.00014196354423799484,0.001852175781823149,7.34814429896575e-06,0.0006119062171217102,6.097275010388076e-05,0.00012866248102440684,0.005370697244099786,0.00021182149724002273
44,6.9118619311366e-05,3.2372585823960517e-05,0.00025626698336920025,1.0512900522420764e-05,0.001060617142392471,0.9609904229344387,4.457785113818742e-07,4.538289996541983e-08,0.015157068850835748,2.53924514544189e-07,0.005464278240692062,9.321660734316097e-08,2.923040755588175e-06,1.9182870776245982e-06,0.0007516543808838673,0.00010694203195482647,0.004172635685226968,0.00011243251582523312,0.002400065775719163,6.329377169041711e-06,0.00043731044854277757,5.862767284769035e-05,0.00017355584132115834,0.008455301129993747,0.0002788072527631356
45,4.845967140519088e-05,1.6276428565429155e-05,0.0002993495782297402,6.2545105450984875e-06,0.0008687705652802187,0.9611065813461424,4.230716178602789e-07,8.170738206714617e-08,0.014896127672270623,1.3575555160952607e-07,0.007676040317090704,7.391145791864172e-08,2.541558911782669e-06,9.459349729608058e-07,0.0015552795138934568,0.00019508874271471566,0.002335701519038506,6.90736427903853e-05,0.0030858475799764727,4.472421877497016e-06,0.0002573918737092807,5.2994546000737876e-05,7.701148883122162e-05,0.00730071158457403,0.00014436505717014595
46,0.00016991119066614042,0.00010533201471303121,0.0005740820357782362,6.947272854173856e-06,0.002958906221644945,0.9338935356805034,1.7591535934153582e-06,5.1219142281355826e-08,0.04251221731445067,4.6075517077368445e-07,0.004845182358747381,1.318184572224365e-07,1.956431835673906e-06,2.012340617203018e-06,0.0014163212154112384,0.00012776035809167357,0.0008338521269660146,9.958841559904314e-05,0.0033830104653027058,5.579750551467826e-06,0.00037990455257632923,2.2076090148144077e-05,0.00012778952234094226,0.008107951908813187,0.0004236797860249246
47,0.00012161181500008696,4.1093058970326534e-05,0.00031684006396962667,1.0459091179320934e-05,0.0011293109478880802,0.9427854705395229,5.410892665590029e-07,4.425037757495783e-08,0.026043743132803235,3.544347775532522e-07,0.003785772089868902,1.8357836603805974e-07,7.1768030681669995e-06,1.5593029930461925e-06,0.0010650304459076693,0.00018353458479441434,0.006754578179881939,0.00017159452821714636,0.004175711170699295,8.884681891329683e-06,0.0007680303698252609,0.00011321735414076753,0.0001565253775484919,0.011933448217196533,0.00042528489184552246
48,6.528644593299292e-05,3.838016354397157e-05,0.00014150766666139533,7.267044350903011e-06,0.0005189738846670197,0.9644222908966306,2.7021275212347e-07,4.408589874330157e-08,0.008750377370473818,2.738355147075111e-07,0.005225868870702274,6.256653700030947e-08,1.7415978886151754e-06,1.6511047839189217e-06,0.00035078754987938023,7.867340256047414e-05,0.0033435010614229796,7.48784102376494e-05,0.005796822016895769,3.502374097504911e-06,0.00021678895763842105,5.701162837378689e-05,0.00013049202319342026,0.010656190975751661,0.00011735585361104649
49,6.333862438237723e-05,3.118397896871266e-05,0.00031949147662581166,1.3474367949562036e-05,0.000797509693507695,0.96236454649729,4.53779861382807e-07,4.515095671542261e-08,0.013933510714089721,2.9656591931535617e-07,0.005186484624584165,1.1478093342140785e-07,3.1470300723737744e-06,2.0334929161203683e-06,0.0006780405389407425,9.762067640388626e-05,0.003926161918664091,0.00011296374746564337,0.002184267864259409,6.473158562306992e-06,0.0005148298692763634,6.305363505157438e-05,0.00021138808325225632,0.009192814591369775,0.00029675513869675607
50,9.183084518855568e-05,6.200996950671355e-05,0.0003869392495800746,1.2755597603260523e-05,0.0019940680158071662,0.9586657673603486,1.71578140705187e-06,1.0308354210740296e-07,0.012487014257752367,9.603787429945794e-07,0.006378944231138465,1.8493506874897844e-07,3.6726098525125163e-06,3.926899521245898e-06,0.0013251953355530967,0.0001362022636003996,0.004510862892401146,0.00012529580915262336,0.0038873912369343055,1.0024178058553515e-05,0.000653258883152323,9.03076672768703e-05,0.0004554442799240755,0.008073275308075762,0.0006428489308109247
51,0.00010909393445060578,0.00010600650510308211,0.00031043073001204424,2.1338099940781153e-05,0.0009553650569196168,0.9442335111751302,5.642060371164356e-07,7.51179588497149e-08,0.02195456568599949,3.934328584975233e-07,0.008170922063329221,1.8561783120649317e-07,2.7124093593332357e-06,4.135620727835065e-06,0.0009468454710066956,9.74578713027799e-05,0.005410673605569663,0.00015675862261196134,0.005145417401627728,7.87303315327409e-06,0.0006418362823479787,0.0001239377382572127,0.00024068254800214752,0.011025725876626603,0.000333491893836112
52,6.535020244807785e-05,2.686338876536477e-05,0.00022770049730992418,8.662824129242176e-06,0.000970855698511673,0.9645688665721517,3.6633145021132714e-07,4.031191327681286e-08,0.013843079858114482,2.2713013800144138e-07,0.0050259122962131786,7.179322202030823e-08,2.5462216179853e-06,1.7158765619737285e-06,0.0007188312474800516,0.00010023025387253012,0.0038250541569321618,0.00011554575181735369,0.002158989061619837,5.623479116271732e-06,0.00036724169207557114,5.16549503059082e-05,0.00014104705935586107,0.007522327891070853,0.00025119545380654205
53,6.0912282482305195e-05,4.6275099237452064e-05,0.000455932748464651,1.7431830473308218e-05,0.002928420614150634,0.9416636483135148,2.1064738302100902e-06,1.1744984727003869e-07,0.02009175452106661,4.2432036735026113e-07,0.013299742729592424,2.597406208336221e-07,4.702531621381501e-06,3.6999317429960367e-06,0.001844405416036444,0.00018026223083467537,0.004424696008941432,0.00010008083276418461,0.0027293875194188155,1.0820285921534251e-05,0.0008153680870905291,9.299523599127864e-05,0.00048013461781488417,0.010207162260964122,0.000539258917209874
54,0.00010642724447335174,6.603929579441644e-05,0.0002680256024741131,7.541551104723774e-06,0.0014177693757181234,0.9631377216069972,5.542193680436236e-07,2.8605508129350418e-08,0.0183032685741038,3.4513078092731345e-07,0.0032553239332115836,9.617175698181983e-08,2.55305067662171e-06,2.3676642896322463e-06,0.0012257551088218684,8.88213517391401e-05,0.0030626307153809647,9.782694077265124e-05,0.002564523815112632,5.774976822734578e-06,0.0003535754587795089,4.7349037196225046e-05,0.00015179865083273696,0.0052853180901036865,0.0005485638281802518
55,0.00016405360328871363,4.5895163556974036e-05,0.0004631181693752563,1.3678045447363134e-05,0.0009519685840124676,0.903125363360196,6.025812097326024e-07,3.534785655324251e-08,0.06625853064901908,1.8160083504459186e-07,0.003630625772611851,3.181044880823001e-07,9.693078804425325e-06,1.23368667782386e-06,0.0008495229022944001,0.00014527399711633854,0.0031716875937701735,0.00019454613455692073,0.0038203544580634446,5.510656794839426e-06,0.0007850088992905656,6.810937846851833e-05,8.509193623227479e-05,0.015873543433045707,0.0003360528629875267
56,7.260417777690676e-05,3.305832648832471e-05,0.0002649994279786989,1.0989980818882283e-05,0.0010630002419593665,0.9593774530353483,4.698004884200483e-07,4.738889139575191e-08,0.01581042286162911,2.5801847029925434e-07,0.005593407871831211,1.0633418844972952e-07,3.343127073285351e-06,1.993662484156704e-06,0.0007767713950772964,0.00010858230824321677,0.004329645707009476,0.0001150765652562887,0.002536159587176969,6.483273731739452e-06,0.000447477353689599,6.29575872352404e-05,0.00017964508536052874,0.008913650933033005,0.0002913959487596511
57,9.051368506010427e-05,4.719587860863298e-05,0.00032031307099160335,1.507956044566374e-05,0.0011834327431985022,0.9434915420028448,6.749875479380875e-07,7.441761976807216e-08,0.02273296687965287,3.999980262771811e-07,0.0056092923243998664,2.3646829598776068e-07,7.201206555805806e-06,2.447907852823508e-06,0.001099530747862168,0.00018494393493954993,0.007362243234998304,0.00014697619559632266,0.004434306722541198,1.1042766169744599e-05,0.000787257281583075,0.0001317879515277145,0.00022974073754684435,0.01171093618608543,0.0003998631100491111
58,7.787478422166494e-05,3.072703556023288e-05,0.00027269229125295215,1.070752072475091e-05,0.0009586408209135039,0.9578608405432503,4.337656798673502e-07,4.360090428765078e-08,0.015711179443917984,2.279146818493973e-07,0.005874702188716793,1.0331653316351749e-07,3.215946748132127e-06,1.707107696157563e-06,0.0006207051902091906,0.00010021283222914052,0.0036377887273611603,0.00010928380066611436,0.0026892044580868676,5.633519648637446e-06,0.0003970165227458529,5.401553304198949e-05,0.0001760897730187675,0.011168933285125434,0.00023802007706512745
59,7.272077621561619e-05,2.9421928606912507e-05,0.00030361310809483706,1.1035361693395954e-05,0.0009128516812923293,0.959190139877768,4.333792930608494e-07,4.4419525586807254e-08,0.015312397189577815,2.3708580464397526e-07,0.0057161498805551585,9.761756625772075e-08,2.9518211218647018e-06,1.5942872391294865e-06,0.0006331297723498618,0.00010320580889141245,0.0034073234658485176,0.00010496635700833043,0.0024644592748895096,5.883676109338822e-06,0.00041418206347701105,5.164886083556749e-05,0.00017537093967316233,0.010853655156448795,0.0002324862101137165
60,6.9118619311366e-05,3.2372585823960517e-05,0.00025626698336920025,1.0512900522420764e-05,0.001060617142392471,0.9609904229344387,4.457785113818742e-07,4.538289996541983e-08,0.015157068850835748,2.53924514544189e-07,0.005464278240692062,9.321660734316097e-08,2.923040755588175e-06,1.9182870776245982e-06,0.0007516543808838673,0.00010694203195482647,0.004172635685226968,0.00011243251582523312,0.002400065775719163,6.329377169041711e-06,0.00043731044854277757,5.862767284769035e-05,0.00017355584132115834,0.008455301129993747,0.0002788072527631356
61,7.662017250192076e-05,3.130127393190341e-05,0.0003091808903524699,1.1192033726924801e-05,0.0009715881690096805,0.958340673616427,4.668142083334997e-07,4.6341090267245056e-08,0.015759631187010372,2.485700358055418e-07,0.005822797757547354,1.0347520791974669e-07,3.124631501909877e-06,1.6826047116967048e-06,0.0006715924002821876,0.000103913845934483,0.003525619839158588,0.00010961903529251068,0.002542900218993098,6.041788669517921e-06,0.000421634396499437,5.3840564661872076e-05,0.0001808881388340529,0.010805594578147868,0.0002496976562628528
62,6.9118619311366e-05,3.2372585823960517e-05,0.00025626698336920025,1.0512900522420764e-05,0.001060617142392471,0.9609904229344387,4.457785113818742e-07,4.538289996541983e-08,0.015157068850835748,2.53924514544189e-07,0.005464278240692062,9.321660734316097e-08,2.923040755588175e-06,1.9182870776245982e-06,0.0007516543808838673,0.00010694203195482647,0.004172635685226968,0.00011243251582523312,0.002400065775719163,6.329377169041711e-06,0.00043731044854277757,5.862767284769035e-05,0.00017355584132115834,0.008455301129993747,0.0002788072527631356
63,7.773981306600371e-05,4.026595598042706e-05,0.00026683150120180817,1.1180370626793903e-05,0.0011046458610358169,0.959748740134315,4.7601578064870684e-07,4.6393990163557154e-08,0.015868560736887857,2.8041984762569307e-07,0.005485022292518666,1.013940931252853e-07,2.9041216420478195e-06,2.126885757325345e-06,0.0007885701126968143,0.00010456453191279888,0.004234795649959382,0.00011398791751896914,0.0026317860718575318,6.527772125687858e-06,0.0004430025644919556,6.16904332260051e-05,0.00018217989857182324,0.008521319494191007,0.00030265365670464125
64,6.512294172213435e-05,3.278767072463036e-05,0.0002722328647008697,1.2116217760740797e-05,0.0009673434457477377,0.9611834823006882,4.88934302799658e-07,4.706507850285612e-08,0.015299889765863868,2.992725820325457e-07,0.004967250865082332,1.1346494803574282e-07,3.267025968477129e-06,2.1488567807406645e-06,0.0007614931951043249,0.0001094328714290864,0.004521120278669015,0.00012294488459375547,0.0022999323068443687,6.742079905251933e-06,0.000593316335504336,6.864553764324188e-05,0.00018537047154487766,0.008206836372334268,0.0003175749744765719
65,2.624837619460237e-05,4.2168558972260995e-05,0.00040020972168557616,2.5461813845039424e-05,0.0008952103131001799,0.980353948833533,1.419160770963617e-06,1.4041391103884236e-07,0.00296817444170709,2.5957859730337776e-06,0.0036499314049804428,8.385803264031971e-08,1.1448275242096806e-06,6.860917236824079e-06,0.0008137595263511373,9.32028027410747e-05,0.0040359265444632674,9.71950641782136e-05,0.0011328217613016164,1.4815541213644836e-05,0.001021802734976962,5.968571597313369e-05,0.0007837149251653508,0.0028989145427117343,0.0006745624134573171
66,6.86143159241225e-05,5.9457950433005725e-05,0.00026580574433735166,1.61894419551842e-05,0.0011855845644699412,0.9469911873991972,6.704456322822625e-07,8.052107204592263e-08,0.021802220314324623,2.6167399501261944e-07,0.008975328833085352,1.982278168289549e-07,3.4580079570386117e-06,3.6160331860016632e-06,0.001289341028843722,0.00014463517060283947,0.004803769115057887,0.00010927238276808297,0.004161052433155582,6.837011901716909e-06,0.0006194366580013021,0.00011385313897668676,0.0002166124197789018,0.008842668798978845,0.0003198483685484806
67,6.281626970128137e-05,2.9195961157213164e-05,0.00024129983102774537,1.0596357630081016e-05,0.0009832423330342905,0.9633661955127696,4.059790799685341e-07,4.287940521194511e-08,0.013750169498075364,2.48318504245287e-07,0.005229021092061176,8.669464751427817e-08,2.8525686336861975e-06,1.922056181995858e-06,0.0006802437364361898,0.0001033849149632873,0.004147292901757311,0.00010933568387225864,0.002161930311241264,6.304299687345205e-06,0.0004223334087516128,5.5054908428859824e-05,0.000174511601709715,0.008194645752822402,0.00026686712842025057
68,7.071308543411294e-05,3.2692479376950094e-05,0.00027276358221596904,1.1239632621246375e-05,0.0010022523467925059,0.9607160488087264,4.4520447360401683e-07,4.519208009353127e-08,0.015311377833494483,2.6436520856932775e-07,0.005322646970806719,9.628201234798061e-08,2.9298781359723744e-06,1.9041849009881529e-06,0.0006954289028247338,0.0001046378100132758,0.004101253527071598,0.00011584218902207679,0.0023706963965202167,6.342334611509513e-06,0.0004643299923621258,5.8207458404507374e-05,0.00018025739926768233,0.008881710294741309,0.0002758738488812438
69,5.051809168683949e-05,3.0532231324183724e-05,0.0003180496957517842,1.6347806391075413e-05,0.0009848059896213886,0.9587493763858891,5.662254474693267e-07,7.206289148443584e-08,0.011120758173130562,2.688896243069538e-07,0.009586774953556755,1.1917363940989033e-07,2.4284281331608844e-06,2.3667236982705524e-06,0.0006603331544143035,0.00011889840393311906,0.003112653407732269,7.79603805720003e-05,0.002302081071216186,7.230852366954907e-06,0.00045632132920112213,5.25198088618017e-05,0.0002917787191369419,0.011849100985274728,0.00020813705650476807
70,0.00010150084146299825,3.412659027339234e-05,0.00046484029409056245,1.667326011206184e-05,0.0018619544805809963,0.9532736840542054,5.933386888857766e-07,7.609195920073927e-08,0.024551412947942827,3.775817130156449e-07,0.0037537623724011315,1.0958028722453443e-07,5.722193449870273e-06,2.3332198619106124e-06,0.0016073226544063258,0.0002580133006259019,0.0058623257267469454,0.00018749378045900854,0.0011962233004349223,1.7974047422435866e-05,0.00039218530093443815,6.228269082766943e-05,0.000162765065129968,0.005627723615014618,0.0005585236709683799
71,0.0001020743742133623,7.347776842121238e-05,0.00027637115673044663,1.8721168670425038e-05,0.0028910483742460667,0.9488512791774018,8.370151118705344e-07,6.152464652428812e-08,0.019511386226086135,5.904142002477737e-07,0.005402159348082278,1.5109925374777354e-07,5.795716106194694e-06,3.940558395273937e-06,0.0008437524229395856,0.00019489311583087207,0.006704271308091849,0.00013441561004845002,0.0022461400017414956,2.415636541546999e-05,0.0006049828882428343,5.679167335581144e-05,0.0003832644076916839,0.011142577371168274,0.0005268609139082125
