,0,1,2,3,4,5,6,7,8,9,10,11,12,13,14,15,16,17,18,19,20,21,22,23,24
0,1.6911711599538536e-06,2.2884426317725908e-08,6.633154323271016e-07,0.0007196396972978488,1.2298157852079687e-06,0.9832905486319635,1.202384599231753e-06,5.903995138002052e-08,0.0005247194382595546,0.00011210913145474942,6.96994353201436e-08,3.436806945741175e-09,1.3685924509193594e-09,9.292052598064746e-09,8.092684738094326e-05,2.9351847360607225e-06,6.214842143698814e-06,1.0248084455693342e-06,5.150587752415449e-06,6.413719250315893e-09,8.248309650477865e-09,2.4309792391954478e-08,0.015250674198719703,7.468147526414803e-07,3.184370304597616e-07
1,1.0632173709329887e-06,1.623324329773524e-08,6.067967693946892e-07,0.0005382299873675127,8.854331276924378e-07,0.9868677590329042,8.038087760065968e-07,4.825961546331458e-08,0.0006551153727913136,0.0001578043920738808,4.430671398353306e-08,2.008158299079001e-09,1.1279269868648888e-09,8.160873835989982e-09,6.846250077371706e-05,2.939259930332473e-06,2.739788389591796e-06,9.64002039192816e-07,4.836320157853117e-06,7.402710677344606e-09,5.963261221070822e-09,1.749440369364966e-08,0.011696629956345184,7.230237356148115e-07,2.861505399772903e-07
2,1.1972872244181016e-06,2.1994866333432537e-08,5.748761013644285e-07,0.0005912164175192985,1.304798567833137e-06,0.9855370614020885,9.06822066626749e-07,5.7199231541712436e-08,0.0007736720051631337,0.0001463644391943475,6.755935207137036e-08,3.020522393288865e-09,1.1417190766490455e-09,1.2369376891000827e-08,0.00011097196294322569,2.798774860208068e-06,3.427097436640074e-06,8.834969863421188e-07,4.638246110789138e-06,8.615315443161106e-09,6.102192266269428e-09,2.484686937568758e-08,0.012823562353019109,7.711192843449847e-07,4.460519884319921e-07
3,1.2937127950685952e-06,1.8301212814322263e-08,4.965233475161957e-07,0.000559451711048263,9.484892858970115e-07,0.986271636467613,8.468714550394903e-07,4.9865116762226785e-08,0.0005565511762229368,0.00011835699101956694,5.918485559966267e-08,2.3637781168395767e-09,1.1021820850543467e-09,7.995702158342738e-09,7.90304795206772e-05,2.4216156683548013e-06,3.5881934682369425e-06,9.075815028984697e-07,4.808616385993704e-06,6.074297156581482e-09,5.9949140532491265e-09,2.1990690991086562e-08,0.012398573700331764,6.256109998192443e-07,2.893865852115436e-07
4,1.4888286108605728e-06,2.3220660513743195e-08,6.094495762568674e-07,0.0006638840432917986,1.1430468877743747e-06,0.9847032833913827,9.762928476543544e-07,5.8014877364798235e-08,0.0006311188389942996,0.0001385534902702083,6.835315325711573e-08,2.802784041195168e-09,1.450987710819778e-09,1.0379998546306094e-08,8.51294622738054e-05,2.7111539953046494e-06,4.1451279010432036e-06,1.0886837407435623e-06,5.566131079766902e-06,7.692695828888124e-09,7.661157961125485e-09,2.6349026287103215e-08,0.01375898790672956,7.748473626342666e-07,3.3337971388376586e-07
5,1.3236931258757667e-06,1.7446211668624658e-08,5.593688999160295e-07,0.0007069958734772174,1.0494184480692946e-06,0.9825490459226917,8.60292406481044e-07,5.190847788687329e-08,0.0005556959561507885,0.00013461769427819205,5.618655907898193e-08,2.1078528687859128e-09,1.2029649130357155e-09,8.690261310524885e-09,6.335166137815051e-05,2.4339549721220583e-06,3.6235384126371857e-06,1.3636287355580248e-06,5.058463513733139e-06,7.264631875300306e-09,7.108758521572667e-09,1.7910164706022355e-08,0.01597289264517766,7.228302845377924e-07,2.3523216444906453e-07
6,1.2937127950685952e-06,1.8301212814322263e-08,4.965233475161957e-07,0.000559451711048263,9.484892858970115e-07,0.986271636467613,8.468714550394903e-07,4.9865116762226785e-08,0.0005565511762229368,0.00011835699101956694,5.918485559966267e-08,2.3637781168395767e-09,1.1021820850543467e-09,7.995702158342738e-09,7.90304795206772e-05,2.4216156683548013e-06,3.5881934682369425e-06,9.075815028984697e-07,4.808616385993704e-06,6.074297156581482e-09,5.9949140532491265e-09,2.1990690991086562e-08,0.012398573700331764,6.256109998192443e-07,2.893865852115436e-07
7,1.569019144187036e-06,1.9532956830113738e-08,5.12996624310439e-07,0.0005736247650687378,8.785413253762804e-07,0.9876388940368767,8.719416122853175e-07,5.447968281833719e-08,0.0005088009919108521,0.00011719414676359008,6.570941496616209e-08,2.2969628624948952e-09,1.3187644135852275e-09,7.380529766345648e-09,8.419150768589882e-05,2.3031615123538408e-06,3.632451267322203e-06,9.16459474140122e-07,5.337040396663617e-06,5.805141939325066e-09,6.275211810880311e-09,2.5979516691544637e-08,0.011060263996649285,5.58263458223666e-07,2.619020481398614e-07
8,1.7199065757318427e-06,1.9395745807569644e-08,1.2244790025312734e-06,0.000654100386729138,1.2492405913441224e-06,0.9752724064678233,6.583213203088708e-07,3.464538834808411e-08,0.0008821722952287638,0.00019378977579012407,4.786796190707888e-08,2.737305196256944e-09,1.2567915251880864e-09,1.4475696195912503e-08,7.476029373091438e-05,3.050092011476385e-06,4.775011929034181e-06,9.11152937884645e-07,2.7235770548972167e-06,1.024915353164532e-08,5.895486792966634e-09,1.6050108959708945e-08,0.022904119957225383,1.663464446070674e-06,5.230039647224528e-07
9,1.2784659443972492e-06,3.056239650747756e-08,1.566167927870714e-06,0.0008278003681776115,1.270606383403156e-06,0.9740474491777873,7.407424382977394e-07,5.2994030494016363e-08,0.0011114069886567386,0.00037113689467924843,4.593988745813332e-08,3.0487468142723567e-09,1.6508124837639556e-09,2.415060801595843e-08,8.071609300144905e-05,5.061293873643644e-06,5.0994130854022405e-06,1.2830639971750317e-06,4.1773638862403885e-06,1.739470542237222e-08,8.284323924978575e-09,1.8985994050590664e-08,0.02353809449252945,2.0527435276569845e-06,6.631125989015333e-07
10,1.2937127950685952e-06,1.8301212814322263e-08,4.965233475161957e-07,0.000559451711048263,9.484892858970115e-07,0.986271636467613,8.468714550394903e-07,4.9865116762226785e-08,0.0005565511762229368,0.00011835699101956694,5.918485559966267e-08,2.3637781168395767e-09,1.1021820850543467e-09,7.995702158342738e-09,7.90304795206772e-05,2.4216156683548013e-06,3.5881934682369425e-06,9.075815028984697e-07,4.808616385993704e-06,6.074297156581482e-09,5.9949140532491265e-09,2.1990690991086562e-08,0.012398573700331764,6.256109998192443e-07,2.893865852115436e-07
11,1.461094720215815e-06,2.0593272049281755e-08,5.529671367077991e-07,0.0006181946242847053,1.0405138411082232e-06,0.9857208051543707,9.374258760712535e-07,5.3739839853617293e-08,0.0005897950738707939,0.00012467387119181972,6.460448937956464e-08,2.664577073001417e-09,1.3389913157051337e-09,8.799382205228386e-09,8.460101746901161e-05,2.6134742445200806e-06,3.907852469773003e-06,9.782907536840365e-07,5.2433518401336655e-06,6.893775261959639e-09,6.701971219694504e-09,2.502756829846402e-08,0.012843979045874497,7.156478415195562e-07,3.1023034846390357e-07
12,1.0862219445232852e-06,1.197817832252005e-08,1.1211787553208773e-06,0.00025837386696412555,5.877912026424528e-06,0.9676547837753562,6.290284502175485e-07,1.701202563951797e-08,0.0011076870867858316,0.00010645025753225408,7.258916168451244e-08,2.1973100265535367e-09,6.088031948984272e-10,2.1100656880786748e-08,4.158203753007876e-05,1.1027362805668894e-06,4.740955738986168e-06,7.236586107201452e-07,1.0225855855156293e-06,1.3213305857387849e-08,1.0308450525776582e-08,1.0319441676015612e-08,0.03081185539460443,2.1299894293559694e-06,6.739870718775202e-07
13,2.870622545264786e-06,6.047717415080773e-08,7.511534600569482e-07,0.0007757158432566767,2.397323429682745e-06,0.9844262279383363,2.022868509692768e-06,1.4113449689211895e-07,0.000993705244976348,0.00012916019097265123,2.6454554235251706e-07,9.299404346976274e-09,2.509440657423891e-09,2.7809644065912803e-08,0.00037654025602165675,3.992291478190242e-06,7.949535517567326e-06,9.907117485729057e-07,1.134977032671202e-05,1.0258043387087031e-08,1.6008122199860275e-08,9.42263097160067e-08,0.013263543621226774,9.30583031074881e-07,1.225776984981817e-06
14,1.7481610753381732e-06,4.216351857210404e-08,5.22206036111678e-07,0.0009827766254809213,2.206329105972396e-06,0.9822245108971656,1.2078248593545919e-06,6.667857740647507e-08,0.0006279888490373498,0.00016704339732626235,1.2452416261252448e-07,2.4698663737267986e-09,2.2065893764412643e-09,1.278329600219767e-08,6.679254105687703e-05,1.8777683419235805e-06,6.073919835042656e-06,2.013207505260378e-06,1.1885461589620207e-05,7.373154834691154e-09,1.7269452623535157e-08,3.863453721111564e-08,0.01590195711248778,8.565309500045432e-07,2.2506499174010142e-07
15,1.2937127950685952e-06,1.8301212814322263e-08,4.965233475161957e-07,0.000559451711048263,9.484892858970115e-07,0.986271636467613,8.468714550394903e-07,4.9865116762226785e-08,0.0005565511762229368,0.00011835699101956694,5.918485559966267e-08,2.3637781168395767e-09,1.1021820850543467e-09,7.995702158342738e-09,7.90304795206772e-05,2.4216156683548013e-06,3.5881934682369425e-06,9.075815028984697e-07,4.808616385993704e-06,6.074297156581482e-09,5.9949140532491265e-09,2.1990690991086562e-08,0.012398573700331764,6.256109998192443e-07,2.893865852115436e-07
16,1.6717521435629275e-06,2.7634532758826105e-08,4.322291298022773e-07,0.0006034068907292371,9.80025989767447e-07,0.9883480049036576,1.0501720949268532e-06,7.786530082295351e-08,0.0005545894543698955,0.00011832294118344717,9.03569285465131e-08,3.992065773359673e-09,1.3252317156662138e-09,1.01052443118542e-08,0.00013987556102289594,3.1554435214425367e-06,4.4593508981240035e-06,9.655009043838652e-07,7.082127456641405e-06,5.923966212971085e-09,6.693485857689989e-09,4.0465417164306335e-08,0.010214812771774906,5.132579711904019e-07,4.132549792027194e-07
17,2.1098812008749023e-06,2.7087859009729545e-08,8.198477517679075e-07,0.0006481060214815646,2.1493609332507e-06,0.9772308125804459,1.4068351613141548e-06,5.405971798851745e-08,0.0007517519481877397,0.00010838275966100223,9.829963584596968e-08,3.7062966274757554e-09,1.7411215737604462e-09,1.3978431393895076e-08,6.652301765400074e-05,2.316226612726252e-06,6.0686722340436915e-06,1.413961027292739e-06,5.061377531037927e-06,8.680932227413707e-09,1.407621954379517e-08,2.678742255253952e-08,0.021171174372245367,1.2462203592182695e-06,4.084998763150186e-07
18,1.3099771401590061e-06,2.231190329609597e-08,7.32466273789847e-07,0.0003718825938267013,1.144529406439014e-06,0.9827862211461981,1.042336075185231e-06,5.235012700919009e-08,0.0006970482242304512,0.00013526760935193672,7.544864287668021e-08,4.439740638777183e-09,1.1289225172868469e-09,1.3764031767598912e-08,9.562858523727342e-05,4.3580977126238576e-06,5.600397983262411e-06,9.658284022066371e-07,4.922797277916295e-06,9.244891036098223e-09,8.857776862396446e-09,2.5985807334085276e-08,0.01589179640774272,1.1096277149834136e-06,7.558435829906675e-07
19,7.671793026278846e-07,1.649695869891346e-08,3.290176254775402e-07,0.0006515074100764719,8.664638663579732e-07,0.9903184052339221,6.337843471538142e-07,3.728964639107927e-08,0.0005979375563414075,0.00012515188337118398,3.339950855058265e-08,1.9125583430884665e-09,8.824153853677144e-10,6.109274981694911e-09,7.181096145086989e-05,1.9196491695372338e-06,2.1826137169524274e-06,5.527442357948464e-07,3.488618379037059e-06,5.322536388282321e-09,2.828937215790739e-09,1.9795867351965342e-08,0.008223626501503337,4.883904563362017e-07,2.079545323755598e-07
20,1.2775085753234613e-06,2.6137973828432686e-08,3.797936332456851e-07,0.0006623547864517455,9.969542280937506e-07,0.989602178674929,8.892043097963152e-07,6.468684588418435e-08,0.0005836847349846437,0.00013088417866465222,7.463919619781751e-08,2.4668980137104723e-09,1.4942690693255008e-09,8.687669944920474e-09,0.00011930395610636298,2.3141866415028436e-06,3.2677740357911697e-06,8.1739739834136e-07,6.721698940314128e-06,6.90615522853115e-09,5.7045247887172485e-09,3.962760654230342e-08,0.008883896479194167,5.105588809739723e-07,2.917618865707774e-07
21,3.188551815200003e-06,3.5739144619161e-08,1.7958488794777446e-06,0.0009274059842618106,1.593968212962236e-06,0.9687281185475988,1.498848604822874e-06,8.861514755133324e-08,0.0008198764433870315,0.00020653371136083136,9.319300793010708e-08,5.5329362442382984e-09,2.5048618123850574e-09,2.3442677814713118e-08,8.469888677337688e-05,5.460283115370811e-06,8.734416365224228e-06,2.4861173698489706e-06,6.384565676125356e-06,1.347169866451113e-08,1.907557068458627e-08,2.6662410267402388e-08,0.029199501256383525,1.8097958551008415e-06,6.045368848991746e-07
22,1.8111575329945001e-06,1.975530050015843e-08,7.850168778819035e-07,0.0005726398952439427,8.0613871935381e-07,0.9828973271231274,7.436978865289451e-07,6.810289539499555e-08,0.00032343290367386075,0.00015363423660934026,6.652148692849902e-08,1.902104554439726e-09,1.2847373280275719e-09,8.872942591559885e-09,5.4341018957396397e-05,2.590506858910199e-06,6.551852648846138e-06,1.5076651047810093e-06,4.810165494289854e-06,6.955495781623957e-09,1.0114194842229866e-08,2.1170226513105858e-08,0.01597811494850178,4.905412473405991e-07,2.084521307237872e-07
23,1.2937127950685952e-06,1.8301212814322263e-08,4.965233475161957e-07,0.000559451711048263,9.484892858970115e-07,0.986271636467613,8.468714550394903e-07,4.9865116762226785e-08,0.0005565511762229368,0.00011835699101956694,5.918485559966267e-08,2.3637781168395767e-09,1.1021820850543467e-09,7.995702158342738e-09,7.90304795206772e-05,2.4216156683548013e-06,3.5881934682369425e-06,9.075815028984697e-07,4.808616385993704e-06,6.074297156581482e-09,5.9949140532491265e-09,2.1990690991086562e-08,0.012398573700331764,6.256109998192443e-07,2.893865852115436e-07
24,1.2054265970864075e-06,2.8864189074080933e-08,4.691782787388471e-07,0.0010491891628564072,1.0545227079058525e-06,0.9839361526537022,9.841066322486829e-07,6.858222976472241e-08,0.0005901816952107599,0.0001695890045890933,5.997206469859766e-08,2.617301963291255e-09,1.4464470147535142e-09,1.0323415389130995e-08,8.480976943338607e-05,2.915959147256604e-06,4.496724388003131e-06,1.3753826146852454e-06,7.83153945969928e-06,7.1453688703766445e-09,6.930186538220567e-09,2.7247687056747396e-08,0.014148636939769966,6.4361410681372e-07,2.5119161556072384e-07
25,1.8403925824715424e-06,2.0807150950115514e-08,6.413969217446078e-07,0.0007731061738757573,1.6654136168952677e-06,0.9797840775377847,1.6745901267281095e-06,1.100666928297771e-07,0.0005215653678229083,9.990098781834072e-05,1.0861153197267107e-07,3.1588237464029236e-09,1.5378500340055323e-09,1.137065105025325e-08,7.428224396131316e-05,2.6147204091912994e-06,4.953276236865155e-06,2.0423036513125566e-06,6.8617570595834976e-06,8.543106133538369e-09,1.5418488366068303e-08,2.3694328263576254e-08,0.018723567966082804,6.422128496536678e-07,2.6045057628561496e-07
26,6.455764344033341e-07,9.273208233584862e-08,5.1557311639965095e-08,0.00033854842031393544,2.830767172797888e-07,0.9969074693303382,1.8363166423865053e-06,4.881149380260253e-07,0.00016508321629814322,8.228035840432105e-05,2.94683160151207e-07,1.1871904483702151e-08,1.3051366444531955e-09,5.696768440003193e-09,0.001850581761627288,5.980505608105969e-06,5.515616726427379e-06,1.4905450135475857e-07,4.9305505661470706e-05,1.9922638870274744e-09,3.411323751217148e-09,6.539158326433748e-07,0.0005899270247554027,2.4374372386730997e-08,7.645808771074972e-07
27,9.684082369936005e-07,1.7073268977003512e-08,3.097560520936355e-07,0.0005031761818613323,8.472001817388949e-07,0.9908605961945226,6.96830261758203e-07,4.2657703902799365e-08,0.0006818073996255984,0.00010712261855684796,4.8169383700035765e-08,2.1506891975865205e-09,9.456645075262188e-10,6.298835623304975e-09,9.723619181587882e-05,2.0125805359600244e-06,1.986318765210871e-06,5.525398297493517e-07,4.356221630701697e-06,5.13729946366046e-09,3.3349199074727044e-09,2.595711138304155e-08,0.007737371567666753,5.270802843329514e-07,2.811852955490413e-07
28,1.2937127950685952e-06,1.8301212814322263e-08,4.965233475161957e-07,0.000559451711048263,9.484892858970115e-07,0.986271636467613,8.468714550394903e-07,4.9865116762226785e-08,0.0005565511762229368,0.00011835699101956694,5.918485559966267e-08,2.3637781168395767e-09,1.1021820850543467e-09,7.995702158342738e-09,7.90304795206772e-05,2.4216156683548013e-06,3.5881934682369425e-06,9.075815028984697e-07,4.808616385993704e-06,6.074297156581482e-09,5.9949140532491265e-09,2.1990690991086562e-08,0.012398573700331764,6.256109998192443e-07,2.893865852115436e-07
29,1.2937127950685952e-06,1.8301212814322263e-08,4.965233475161957e-07,0.000559451711048263,9.484892858970115e-07,0.986271636467613,8.468714550394903e-07,4.9865116762226785e-08,0.0005565511762229368,0.00011835699101956694,5.918485559966267e-08,2.3637781168395767e-09,1.1021820850543467e-09,7.995702158342738e-09,7.90304795206772e-05,2.4216156683548013e-06,3.5881934682369425e-06,9.075815028984697e-07,4.808616385993704e-06,6.074297156581482e-09,5.9949140532491265e-09,2.1990690991086562e-08,0.012398573700331764,6.256109998192443e-07,2.893865852115436e-07
30,1.2937127950685952e-06,1.8301212814322263e-08,4.965233475161957e-07,0.000559451711048263,9.484892858970115e-07,0.986271636467613,8.468714550394903e-07,4.9865116762226785e-08,0.0005565511762229368,0.00011835699101956694,5.918485559966267e-08,2.3637781168395767e-09,1.1021820850543467e-09,7.995702158342738e-09,7.90304795206772e-05,2.4216156683548013e-06,3.5881934682369425e-06,9.075815028984697e-07,4.808616385993704e-06,6.074297156581482e-09,5.9949140532491265e-09,2.1990690991086562e-08,0.012398573700331764,6.256109998192443e-07,2.893865852115436e-07
31,2.0873532804096824e-06,2.6771213485839954e-08,1.0662500844934925e-06,0.0006698795816502735,8.135531092660308e-07,0.9814669709108373,9.51753848035627e-07,9.363891681428325e-08,0.000502346672908902,0.00019720673579841139,6.291850787367509e-08,2.7040606728583844e-09,1.4645520783502888e-09,1.239675611355202e-08,6.612876173329003e-05,3.8819594688910475e-06,6.196970052540498e-06,1.6024419328999094e-06,5.372643043275059e-06,7.87608997273144e-09,1.0485040108984376e-08,2.3652790613325697e-08,0.01707425259328328,6.753037136385729e-07,3.2460732706502226e-07
32,1.257741736644708e-06,1.7815019357766107e-08,4.649027614701294e-07,0.0005754168738802846,9.364442234783872e-07,0.9868267110273181,8.69283454917144e-07,5.124566277257202e-08,0.000534622919414139,0.00011772159742230465,6.105957950054393e-08,2.297058222656944e-09,1.1596796322053424e-09,7.446268506615468e-09,8.15052031780978e-05,2.4701441080092384e-06,3.5211137940853364e-06,9.479572504416671e-07,5.501539190978404e-06,6.158620890468447e-09,6.130237632033407e-09,2.280594501249704e-08,0.01184699927584865,6.069783701300797e-07,2.7087997679398133e-07
33,3.0492727923823754e-06,4.224738857754034e-08,5.727178756728087e-07,0.0012479658551714141,1.0320735920788517e-06,0.9821627235202955,2.0694544662464388e-06,1.1337428032409536e-07,0.00038762305647718336,0.00010431062216801352,1.179938987191666e-07,5.5014996867554855e-09,3.1583919318443e-09,8.946148828749957e-09,9.973847785706841e-05,4.466690231064029e-06,1.1048268596485013e-05,1.912442207710326e-06,1.355543814665774e-05,6.474826788671516e-09,1.505846957690098e-08,5.493392224429619e-08,0.015958529247901556,7.679044799199884e-07,2.672689143401964e-07
34,5.754616867067905e-06,1.2966178372919858e-08,6.480238193704668e-07,0.0007544709467028402,1.2639867647362982e-06,0.9845030066613483,1.396523973142378e-06,6.27915904342567e-08,0.0005722649631555974,6.747010122233468e-05,1.3520102660172406e-07,2.052491486516574e-09,2.2704531424252895e-09,4.838990062477843e-09,0.00013747910341383246,1.8615614370315548e-06,3.3619079305855875e-06,1.762435803720466e-06,1.0306686792108677e-05,4.340740266458104e-09,1.086792187776029e-08,2.989863693163055e-08,0.013937826650100116,6.636795322308444e-07,1.9692310799825484e-07
35,1.987564616403802e-06,1.3974303180714796e-08,3.8938686251625236e-07,0.00046801933498276344,3.8281531773509594e-07,0.9893807928604752,8.916641132365645e-07,5.276351610903087e-08,0.0004320781313540653,9.947549685059537e-05,3.7958670389050786e-08,1.950647484992523e-09,1.2925857041983964e-09,3.4761131899190255e-09,4.635091850919641e-05,3.542404900161354e-06,2.3712032090753567e-06,1.537128372691697e-06,6.856869962371707e-06,3.667657453947329e-09,5.5285785870989974e-09,1.9619006129093284e-08,0.009554485339889934,5.501531044386976e-07,1.484964015310697e-07
36,1.528443346377467e-06,3.8413031251805545e-08,5.514635173046476e-07,0.0008993733803642107,4.862092341406581e-07,0.9885921205773538,8.899243433701147e-07,1.0118753132564625e-07,0.0005357701069030005,0.00022362845756718658,4.1662758844544156e-08,3.183745939456744e-09,1.5903972462375017e-09,9.96535443196042e-09,0.00010459720580832973,5.182526289259028e-06,4.495225689812341e-06,1.156727325801985e-06,7.337023089695964e-06,6.6035027561279346e-09,4.96200168391851e-09,3.815047560574866e-08,0.009621913803789205,4.309487972683459e-07,2.922577820481106e-07
37,2.7302478838927133e-06,2.3371057966454438e-08,1.255321911147207e-06,0.0006525383958031506,1.8460022537986367e-06,0.973589466431643,1.315015083402023e-06,4.7162646420443726e-08,0.0008495010272640531,0.00013548075354309752,8.111676596798805e-08,3.790264406767854e-09,2.013370157865145e-09,1.4303821786587556e-08,6.136722126307471e-05,3.076310219677961e-06,5.723633780514533e-06,1.7231938011480374e-06,4.663385268318531e-06,1.0096933464912477e-08,1.391735014734331e-08,2.111299162141435e-08,0.02468678548105088,1.8534790005522714e-06,4.5721502835569717e-07
38,1.53686797059654e-06,3.442709930669467e-08,6.858383846334166e-07,0.0007414737202017875,1.797654368379896e-06,0.9814398375250989,9.660767566228404e-07,5.838828897093901e-08,0.0009631274715128603,0.00016336499274087962,8.66398841202846e-08,3.440333419933403e-09,1.3596523789167892e-09,1.7369670939982647e-08,0.00010596881215494276,2.4082541724757137e-06,4.6920753970608525e-06,9.698786670857808e-07,5.240023794333408e-06,8.057815581896005e-09,8.48330255873284e-09,3.086858409189497e-08,0.016566135862876225,1.0261531972929588e-06,5.197580745647139e-07
39,1.0477880513890769e-06,9.528759701963341e-09,3.7455699730127204e-07,0.00032603770030553475,4.4371916635888743e-07,0.9907617591009631,8.817841413160891e-07,6.270195493694266e-08,0.000248439572866704,7.186582584052584e-05,4.286663188326781e-08,2.0451022243044054e-09,8.176270827183337e-10,3.4325457268214637e-09,4.663913326640071e-05,2.9694973900407564e-06,3.4258200068187643e-06,7.679384558299944e-07,4.0850066002013e-06,4.217233652495714e-09,5.467254743650651e-09,1.7174056992306807e-08,0.00853061544804418,3.2880550017474557e-07,1.7005123698235504e-07
40,1.6147896858534663e-06,2.3126490482140963e-08,5.596295761704602e-07,0.00037274333574235236,8.963173758079346e-07,0.9909436037535396,7.178207052208289e-07,4.776524832778513e-08,0.0005318849047661628,0.00010190271351836686,6.800739087913373e-08,3.0822866784778196e-09,1.0570270261505215e-09,9.052088752434583e-09,0.00011512046545866171,2.0215901507050744e-06,3.926172053034511e-06,4.1911443753263015e-07,2.970478573512809e-06,5.090259498417296e-09,4.654089661335769e-09,3.553635794127459e-08,0.007920536478308966,4.4752896105713033e-07,4.3753590778836497e-07
41,8.700743528556259e-06,2.508363139176793e-07,6.48818670240547e-06,0.0007754425634861167,1.1573401585273522e-06,0.9301056493788545,3.7079157535870535e-06,3.701669276031023e-07,0.0005450012445576229,0.0006283216853805264,3.028873292798831e-07,1.1848042842445936e-08,1.518796436189452e-08,9.427047733182991e-08,5.252726689334288e-05,2.521628948591837e-05,7.456197561305682e-05,1.4405910247199087e-05,3.214432712969689e-05,4.680943193099747e-08,2.952170824341367e-07,1.2433511468819322e-07,0.0677191635170762,4.482616095085665e-06,1.5174803529629561e-06
42,1.1915318803704018e-06,2.262784914788139e-08,2.901495800170663e-07,0.0005064705636343387,6.211833111333243e-07,0.9935884603454319,8.766601640231613e-07,5.636535375842485e-08,0.0004382846469312344,0.00010218788998041069,5.582673107796266e-08,2.208649441640007e-09,1.499002746262899e-09,4.494677825624531e-09,0.00010600745513178335,2.5122215823719085e-06,3.0383485288873556e-06,4.912241243523895e-07,7.144626318989244e-06,4.4274456772710516e-09,4.406859264910572e-09,4.604983335071957e-08,0.005241632873089455,3.7492203564356975e-07,2.1745187302718414e-07
43,5.94688014817801e-07,7.392715592488361e-09,2.635742034609162e-07,0.00032369233423550157,5.090626703822995e-07,0.9930038662600553,3.963542428186314e-07,3.6250111240171794e-08,0.00033590472047900923,0.00011153174915155157,2.984557195624196e-08,8.187553927334104e-10,6.050073693105821e-10,3.315892528468439e-09,4.8916831856086385e-05,1.537478543275792e-06,1.414538005134886e-06,5.732674043449926e-07,3.1222604646620845e-06,4.73487018918295e-09,2.8958111905890894e-09,1.3514299148256468e-08,0.006167186770377027,2.73573460859221e-07,1.1716380123894357e-07
44,1.2937127950685952e-06,1.8301212814322263e-08,4.965233475161957e-07,0.000559451711048263,9.484892858970115e-07,0.986271636467613,8.468714550394903e-07,4.9865116762226785e-08,0.0005565511762229368,0.00011835699101956694,5.918485559966267e-08,2.3637781168395767e-09,1.1021820850543467e-09,7.995702158342738e-09,7.90304795206772e-05,2.4216156683548013e-06,3.5881934682369425e-06,9.075815028984697e-07,4.808616385993704e-06,6.074297156581482e-09,5.9949140532491265e-09,2.1990690991086562e-08,0.012398573700331764,6.256109998192443e-07,2.893865852115436e-07
45,5.409317760819687e-07,5.693386817095684e-09,1.2241802137421937e-07,0.000513504781350762,6.196701876673623e-07,0.9947294936245102,7.550269431727696e-07,3.242441526990282e-08,0.0004242513234300217,4.715216906877063e-05,3.00963605442225e-08,1.3144361048519868e-09,5.887637723679021e-10,1.8328697729800153e-09,0.00011204051703649911,1.4076524446095871e-06,9.055565948242505e-07,3.198921712746813e-07,3.806121497560479e-06,3.1424535908433877e-09,1.3034094697776318e-09,1.5243745382350592e-08,0.004164658293785929,2.194114006993788e-07,1.1096993943622602e-07
46,5.156281922552686e-07,1.2566658366839763e-08,7.141654006408015e-07,0.0005448144647255576,1.7811023933940205e-06,0.979082558175427,7.663589724825714e-07,4.072100260517502e-08,0.0022722214357227197,0.0002908822626879197,4.0533239619694376e-08,1.1306524971356764e-09,8.965097007747803e-10,1.9263350238116894e-08,7.2194170486635e-05,2.522610935455945e-06,6.736464063674616e-07,1.923314531461263e-06,5.024221505797099e-06,1.8316526425909923e-08,7.50696878745826e-09,7.54860733522027e-09,0.01772134082750773,1.5061205115518064e-06,4.1301107724788266e-07
47,2.311495825410407e-06,4.5885587539360454e-08,5.141509011593701e-07,0.0005080315016757287,6.365126429497174e-07,0.990870543985687,1.0484855261427244e-06,6.835108161427988e-08,0.0006395720762027504,0.00014263090914776148,6.704156168406682e-08,5.019648984891049e-09,1.966773742818594e-09,8.391927453413535e-09,0.00012415802436056023,4.534365099687884e-06,5.585420887791071e-06,6.365274585232008e-07,6.879515102510817e-06,5.3392915765493835e-09,5.096496162166755e-09,6.667889594518359e-08,0.007691413409061984,7.216485195090312e-07,5.082006358040847e-07
48,1.5395641960907371e-06,5.226650589545819e-08,5.9275448058636e-07,0.0009086212095742,8.114563433542655e-07,0.9860299422858672,1.1037735069500783e-06,9.859739608070211e-08,0.0003566713941132716,0.0002065733555113547,7.202410340602712e-08,3.732990994280835e-09,1.7836212415642749e-09,1.290770953352292e-08,8.852867172155946e-05,4.098074702105999e-06,1.0454136997620003e-05,1.3096160584296047e-06,7.55919598157989e-06,7.3852138301190605e-09,8.955536214431291e-09,4.3982932025287066e-08,0.0123811617616141,4.395149355762217e-07,2.9159838689543327e-07
49,1.197874849747537e-06,1.4291877787771242e-08,5.259142366814738e-07,0.00042775720320473485,7.455758985846207e-07,0.9877342033886841,7.079733534490137e-07,4.198561269623972e-08,0.00046256270945617335,0.00010064393220536815,4.424442596649272e-08,2.084776985695847e-09,8.876870757750345e-10,6.474521963840517e-09,5.398708037986981e-05,2.035499606251429e-06,3.087687181813428e-06,7.095907371352816e-07,2.9064993378245223e-06,5.165104458099568e-09,4.91379103913737e-09,1.6623784534741026e-08,0.011208028792351658,5.250823446968886e-07,2.3852458944254154e-07
50,1.0189577646432057e-06,2.2452757955285516e-08,4.861961880908006e-07,0.0005678541720473259,9.069875778306614e-07,0.9899326670039311,8.590606884172344e-07,7.141221196845574e-08,0.0005495096963506773,0.00017389290417012927,5.686007755948941e-08,2.3357877433530177e-09,1.2762648829793322e-09,8.844418152644207e-09,8.311967997900102e-05,2.8192323277989034e-06,3.116333181943248e-06,9.066897260514829e-07,6.246060980462857e-06,7.188546605452652e-09,6.202482817278036e-09,2.862545177879546e-08,0.008675616605715366,4.88716979953395e-07,2.865043916801712e-07
51,2.1312142333516054e-06,2.404642903810823e-07,6.698620500642486e-07,0.002906252651417024,1.3691857562776656e-06,0.9855049698524186,1.336973508535659e-06,2.6607287567539384e-07,0.0011119654724437162,0.0005069047694373858,1.2105063118652028e-07,7.750017124915891e-09,3.54844960166848e-09,4.3863116036212284e-08,0.0002826499130682189,4.577932526992807e-06,7.4125444359237e-06,1.5362643139765202e-06,1.7266001043927996e-05,9.736846102719509e-09,8.77017082798009e-09,1.424789500487402e-07,0.009649014147072704,5.235004386331978e-07,5.759804875411095e-07
52,7.530471929135864e-07,7.072619643610348e-09,2.2991415361019658e-07,0.0006059323252483241,2.6352681874411006e-07,0.991656275760435,3.241639323363491e-07,4.335303933534744e-08,0.00032205311194028337,0.00019480050559613784,2.3465737812184952e-08,6.417652366090423e-10,8.288244814295377e-10,3.001988218110924e-09,7.235860094193701e-05,2.8510900353541344e-06,1.0363924545920808e-06,1.5453779235703815e-06,5.9866169766319325e-06,6.4743482403813726e-09,2.0818246585132812e-09,1.1864979038899564e-08,0.007135135206599985,2.7638079982530176e-07,7.919382431377683e-08
53,9.282370259088136e-07,1.0845265365878494e-08,3.428766579550542e-07,0.0003863910866737486,8.116046391819285e-07,0.986744706831909,1.0928719895041532e-06,4.33490558059435e-08,0.0005260724954754792,6.228114226375007e-05,5.259113947765837e-08,2.7178243832225183e-09,7.155922676328897e-10,5.967504911579857e-09,7.734366437513127e-05,2.256237529720975e-06,2.409726513641458e-06,7.163264193621179e-07,3.2782803171055717e-06,5.3128002907001955e-09,4.342629265001391e-09,1.4003927375887742e-08,0.012190420159200228,5.036810689677495e-07,3.049322023311763e-07
54,1.2256966057285121e-06,5.077635809502395e-08,8.96847374739516e-07,0.0005557301945610678,1.312312024875068e-06,0.9859898536183397,1.0702429833972086e-06,6.664486043141324e-08,0.0013859584150745375,0.0002610252396622778,6.666739442642767e-08,6.954275178908751e-09,1.428953538337429e-09,2.6746796624547772e-08,0.00019284204713836855,5.883168421788239e-06,4.649719734645918e-06,6.25528382803223e-07,4.887955944364e-06,1.1784404676845282e-08,5.694029751460756e-09,4.143391809301477e-08,0.01159114245759987,1.2326747108390867e-06,1.3857504499866348e-06
55,1.1439431479305746e-06,1.3395439072493003e-08,4.321958337981916e-07,0.0006127356636022159,1.6226691871390564e-06,0.9819578213607031,1.4995811504940748e-06,2.970438148751223e-08,0.0011186455382308966,6.409773413524043e-05,5.229025462380237e-08,4.328310611755459e-09,1.055493061219242e-09,7.755974210713033e-09,7.271797017605133e-05,2.4191230663403373e-06,2.1270073518252983e-06,8.624159060086525e-07,4.071093901849855e-06,5.831989526270092e-09,5.494728322833626e-09,1.385005072628301e-08,0.016157791002757514,1.4718492833301743e-06,4.0714494475598105e-07
56,1.371975970781316e-06,1.9380596212678327e-08,5.176286900058417e-07,0.0005781789069555677,9.772786784234162e-07,0.9861133490561986,8.825470762734419e-07,5.188014488336674e-08,0.0005651354466015693,0.00011992584766997592,6.201596494786751e-08,2.5133931570734058e-09,1.2012919442024668e-09,8.317214615726113e-09,8.058490681777603e-05,2.483484512005007e-06,3.726550873640341e-06,9.383398024843213e-07,4.976700300515631e-06,6.379349845353225e-09,6.308932199216108e-09,2.3508996577829946e-08,0.012525813688467353,6.584226509714673e-07,2.9771284969900573e-07
57,1.716785491176709e-06,3.928757840679908e-08,7.174890187900306e-07,0.000758125066620587,1.2065761652624056e-06,0.9865677424608295,1.3592201603247523e-06,8.064182338568557e-08,0.0007005409711798533,0.00018627965570384755,8.842542935117064e-08,4.03778132767602e-09,2.3517215786022867e-09,1.2578058831434101e-08,0.00011228382413872215,4.274389497599104e-06,5.872266124215929e-06,1.2061039354855165e-06,1.1036151581213993e-05,8.646445874363014e-09,1.1674032851681095e-08,4.56808376980751e-08,0.011645986715375653,9.118307328168872e-07,4.471697357095097e-07
58,1.2954929845126386e-06,1.789314836925827e-08,5.49826440642963e-07,0.0005686333635225567,1.1996060538394081e-06,0.9845065268772581,9.465069512449422e-07,4.355127979942089e-08,0.0006755494865690955,0.00011733829048925633,6.263044968446698e-08,2.6376509085560967e-09,1.2806224362696214e-09,8.766438380541641e-09,7.792577044257959e-05,2.5438277745660643e-06,3.504466344015333e-06,9.510576798646208e-07,4.870476636368437e-06,7.538934668991372e-09,6.780427006233418e-09,2.129437398132814e-08,0.014036725506830487,9.319949874074794e-07,3.3507571019562094e-07
59,1.3148053560013259e-06,1.8884457073513975e-08,6.388286427870833e-07,0.0005552680105707625,1.1700401275554726e-06,0.9839484181116341,9.198233448481539e-07,4.506232634564421e-08,0.0006647721433714178,0.00013191270087921798,5.955404187841788e-08,2.56384340810156e-09,1.2719706921779038e-09,9.563279289187805e-09,7.197930946393482e-05,2.6925826582740925e-06,3.827266864873893e-06,9.871230049625037e-07,4.602029324318641e-06,7.850393207627906e-09,7.300563454433063e-09,2.0472866477578445e-08,0.014610045721008571,9.350824634651242e-07,3.438975429642653e-07
60,1.2937127950685952e-06,1.8301212814322263e-08,4.965233475161957e-07,0.000559451711048263,9.484892858970115e-07,0.986271636467613,8.468714550394903e-07,4.9865116762226785e-08,0.0005565511762229368,0.00011835699101956694,5.918485559966267e-08,2.3637781168395767e-09,1.1021820850543467e-09,7.995702158342738e-09,7.90304795206772e-05,2.4216156683548013e-06,3.5881934682369425e-06,9.075815028984697e-07,4.808616385993704e-06,6.074297156581482e-09,5.9949140532491265e-09,2.1990690991086562e-08,0.012398573700331764,6.256109998192443e-07,2.893865852115436e-07
61,1.3640132863727204e-06,1.817776311761661e-08,6.735304182764025e-07,0.0005419807788133027,1.178142402974651e-06,0.9836013518585722,9.099972474561982e-07,4.4986357359883356e-08,0.0006842164694522999,0.0001316661566063926,5.885702672097484e-08,2.5089317892361945e-09,1.25600822262088e-09,9.58880073129205e-09,6.809741806595216e-05,2.6301347675745726e-06,3.66049260530099e-06,1.0031729163188052e-06,4.4045831839031275e-06,7.729424244924267e-09,7.49301770492875e-09,1.9495919351952148e-08,0.014955378672805922,9.71373390154098e-07,3.431122161680716e-07
62,1.2937127950685952e-06,1.8301212814322263e-08,4.965233475161957e-07,0.000559451711048263,9.484892858970115e-07,0.986271636467613,8.468714550394903e-07,4.9865116762226785e-08,0.0005565511762229368,0.00011835699101956694,5.918485559966267e-08,2.3637781168395767e-09,1.1021820850543467e-09,7.995702158342738e-09,7.90304795206772e-05,2.4216156683548013e-06,3.5881934682369425e-06,9.075815028984697e-07,4.808616385993704e-06,6.074297156581482e-09,5.9949140532491265e-09,2.1990690991086562e-08,0.012398573700331764,6.256109998192443e-07,2.893865852115436e-07
63,1.3364538897805522e-06,2.28112336699864e-08,5.004414556938173e-07,0.0006018495476920085,9.556172650566297e-07,0.9864395787288676,8.628506112845458e-07,5.613010696243994e-08,0.0005795931533722974,0.00013370535214660319,6.297999956899587e-08,2.6307957194185793e-09,1.2011835130316042e-09,9.00141380152539e-09,8.555540577051683e-05,2.6339619815249357e-06,3.9938713562608445e-06,9.316398742647646e-07,5.3850157512488e-06,6.31643287279831e-09,6.194138247513176e-09,2.6328246220403857e-08,0.012141973217989653,6.357660763446844e-07,3.1538234921689073e-07
64,1.561622175000244e-06,2.17192524620011e-08,6.669338154381155e-07,0.0005919293660223096,1.1959389582324133e-06,0.9835605598812852,1.072564842607988e-06,5.9384696569583806e-08,0.0005790515547612486,0.00013162847014324417,7.471495018016823e-08,2.72461427948751e-09,1.449285510670718e-09,1.0176371656566669e-08,7.488068084487664e-05,2.8026227881033915e-06,4.718051766719064e-06,1.2303569947287871e-06,5.9660284902758625e-06,7.566559815768198e-09,9.9401067412494e-09,2.4421822675652167e-08,0.015041406259747822,7.88002736521475e-07,3.2956696766632224e-07
65,6.007427793983264e-07,1.3959279647886226e-09,5.409094031321059e-08,0.00029570453265992505,2.937867501960522e-07,0.9936822038460527,7.544400091531565e-07,2.1174745839343345e-08,7.294251139843382e-05,1.1465688223280987e-05,3.739333692620419e-08,6.046593016367571e-10,3.0337298885900815e-10,4.113157946836614e-10,4.238502408391442e-05,7.785480586815795e-07,1.528286975807927e-06,5.549741808985654e-07,4.21426514751995e-06,1.0071334829442474e-09,2.1049721825939447e-09,6.314486205269622e-09,0.005886343652928264,7.75345408398492e-08,2.7365320285069153e-08
66,2.4618745843105665e-06,2.896478463016653e-08,1.5811105400882643e-06,0.0006875229265156789,1.1812160407344455e-06,0.9866059941285799,1.2866984209588884e-06,9.95034859473622e-08,0.0006870129110157202,0.00024367619882644705,6.826250757013066e-08,2.437823250520528e-09,2.7838813265378803e-09,1.4302895257602547e-08,8.575351462038465e-05,3.82019817497317e-06,4.15550455590316e-06,1.4374485425809832e-06,5.750897653769305e-06,1.2782787061171772e-08,1.3733094732348458e-08,3.0552223354565625e-08,0.011666979351021376,7.802168038425756e-07,3.3248062044554817e-07
67,1.8171893132339994e-06,1.5180323887337863e-08,1.3273829887848496e-06,0.0006657776756278507,1.0639331352006942e-06,0.9690117288902925,8.199601576891872e-07,5.869908811197246e-08,0.00041089892731990477,0.00016943310392015457,6.394172965716928e-08,1.989981188266048e-09,1.4030512576804766e-09,1.2645380884100847e-08,4.558637905953296e-05,2.9553131085360397e-06,6.812541266825947e-06,2.1319031409023563e-06,3.933328374457931e-06,1.1445820833617491e-08,1.3687904709025989e-08,1.2757591921895437e-08,0.029674305193675074,9.503121350990188e-07,2.662156115775944e-07
68,7.462163085990031e-07,1.1720498354158759e-08,9.114649594630591e-07,0.000486952969483892,1.386075311268669e-06,0.9774757778955462,6.007179049818817e-07,2.1300026425487943e-08,0.00117089520146241,0.00014619870021726023,3.0659203587680503e-08,2.3975994240792614e-09,6.953670004205195e-10,1.465082264209219e-08,5.44661487539385e-05,1.927432338263949e-06,1.8938759613753698e-06,6.269418890223245e-07,1.3522917249045285e-06,1.0327672387049667e-08,3.6553116449932254e-09,7.462320037168168e-09,0.020654137228694653,1.507176904732013e-06,5.167937178398724e-07
69,1.2936610100560139e-06,1.8572617015060157e-08,4.495792323484911e-07,0.000561339854242055,9.41064487050638e-07,0.9870367301943408,8.378920700416785e-07,4.804570593672597e-08,0.0005540085622874351,0.00011238807753850597,5.963631531557956e-08,2.3446669492634103e-09,1.0852784403453875e-09,7.454873172112169e-09,8.344316293987764e-05,2.3151589082595655e-06,3.5397022738552414e-06,8.336537684744074e-07,4.906001396015448e-06,5.602516710398059e-09,5.52196733866532e-09,2.330391682840001e-08,0.011635925705802254,5.940921636102529e-07,2.820696815076265e-07
70,1.0936111823618323e-06,1.3922034310194142e-08,4.913769848557007e-07,0.0006723959560228816,1.4191823239782735e-06,0.9849456976472866,8.643921894117807e-07,3.871695577401314e-08,0.0006894265242273934,9.166754718114324e-05,5.450007054159194e-08,2.1497508378103218e-09,8.887522897569104e-10,8.348381323500763e-09,8.386529007492743e-05,1.5093080597494971e-06,2.625841597491269e-06,6.763938771066345e-07,3.1485391472733547e-06,5.842317666057699e-09,4.672853368009563e-09,1.562871493039281e-08,0.013504088590619162,6.1241423724438e-07,2.727151575167054e-07
