,0,1,2,3,4,5,6,7,8,9,10,11,12,13,14,15,16,17,18,19,20,21,22,23,24
0,0.0003410463549683588,1.4317453570622282e-06,1.6405391160389415e-05,4.980155709513054e-05,0.024808553182387488,0.646052034891596,0.010206781179957847,2.496040823291297e-05,0.010137412696583479,0.018622370631667128,8.554699137749043e-06,6.61658719017803e-06,1.428200632197572e-05,4.166909272092274e-05,4.25318803305768e-05,0.004811980818218157,0.007527813406902565,0.04808094601513474,0.01824542051534913,3.720241183550315e-05,0.0014676513576887364,2.1684795328071763e-05,0.1896792750748271,0.0196050065744129,0.00014856672559583162
1,0.00043196461119160456,1.288067511887501e-06,2.499760635912103e-05,4.873401230182623e-05,0.03256384744810299,0.6758848300895851,0.008617540333513274,2.830039857572535e-05,0.015871649889499878,0.024238777712224147,8.131733778927508e-06,4.675851679040687e-06,1.705897190888347e-05,2.6232360978233967e-05,3.311770266167047e-05,0.006098059836201943,0.006964199170002534,0.03334318911927485,0.02772205721408449,3.4399951108474565e-05,0.0012936890540938626,1.791783464511047e-05,0.15044452277073797,0.01617557113906043,0.0001052471209179087
2,0.0004218377767283423,1.8336912142364277e-06,2.5050413301572907e-05,5.127216194733879e-05,0.041202635937007064,0.5325980176037742,0.009064492457776994,3.8201011657638656e-05,0.01760614435505162,0.02989685248554976,1.9205384161226132e-05,7.945257935475371e-06,1.670980755163921e-05,6.160190180375004e-05,9.082323483361072e-05,0.0035477151106674478,0.007149859250637205,0.04883349317268604,0.01672100925432901,6.761725730466557e-05,0.0018374093463640394,1.8478703369325245e-05,0.2740059580355926,0.016477492070860914,0.00023834431789413027
3,0.0003412550575501113,1.4299585796567636e-06,1.6403128375951148e-05,4.983719549485834e-05,0.024801799973128702,0.6460520560698608,0.01020628579451358,2.4980841226098134e-05,0.010145004722026047,0.018632101753271374,8.552560459316528e-06,6.610425284789578e-06,1.4294914422172054e-05,4.161619148443602e-05,4.249084614101037e-05,0.004815828742113014,0.0075269013381245595,0.048088371301369386,0.018244952348143408,3.721694969291455e-05,0.0014670733070910216,2.1665220126868773e-05,0.18966507215326192,0.019599840496134037,0.0001483587121236712
4,0.00037238376215691397,1.3739762091888393e-06,1.6972322785195236e-05,5.015809319366801e-05,0.0250581294848539,0.6443409785867306,0.010397060407507448,2.5996166250579895e-05,0.00932953938272903,0.019178909454523867,8.12210769538043e-06,6.442557284627334e-06,1.7812723098753507e-05,4.422708766246154e-05,3.909819684757841e-05,0.005230421256528477,0.00777522863326365,0.051436129076339,0.02037338900387046,4.005947870247455e-05,0.0013961735570425888,2.0080460675275566e-05,0.18243796561117756,0.022266258444299865,0.0001370901685716457
5,0.00029088935595863265,1.4425329905754676e-06,1.1553648403969608e-05,5.659459400025811e-05,0.019078225048436537,0.657248686054921,0.00798091086849201,2.2351364317824877e-05,0.008271332554743556,0.014880671680750874,7.858150201273199e-06,5.609645439195972e-06,1.3169308810305905e-05,3.818946785323398e-05,3.9944462548907314e-05,0.004758662673046596,0.006377142586103298,0.06221892984625913,0.01653703152421792,3.63064821701707e-05,0.0013240018710742542,2.0167604023800583e-05,0.18361884741553922,0.017040714366859486,0.00012076689283809594
6,0.0003412550575501113,1.4299585796567636e-06,1.6403128375951148e-05,4.983719549485834e-05,0.024801799973128702,0.6460520560698608,0.01020628579451358,2.4980841226098134e-05,0.010145004722026047,0.018632101753271374,8.552560459316528e-06,6.610425284789578e-06,1.4294914422172054e-05,4.161619148443602e-05,4.249084614101037e-05,0.004815828742113014,0.0075269013381245595,0.048088371301369386,0.018244952348143408,3.721694969291455e-05,0.0014670733070910216,2.1665220126868773e-05,0.18966507215326192,0.019599840496134037,0.0001483587121236712
7,0.0003640488682274215,1.443198238067223e-06,1.7270592440334846e-05,5.1261668053707286e-05,0.025695783524067102,0.6431471221384522,0.010583566824858424,2.6172767229583145e-05,0.010401667887092958,0.019647793579827988,8.873130321794546e-06,6.6913100368197926e-06,1.5149400197412986e-05,4.256690882362255e-05,4.268318910211788e-05,0.004920618355076271,0.0077942445584230175,0.04793793643199985,0.019025244215991936,3.836203414900319e-05,0.0014541143756414048,2.205628928034241e-05,0.18839832673614654,0.020205673837652045,0.00015132817867005957
8,0.0006660663253127925,1.0278087062234246e-06,4.6665383140490506e-05,4.533841207693723e-05,0.029164756070205338,0.4310248450230403,0.01622911574514825,2.8012899528187243e-05,0.010073237981412781,0.04717329871499472,9.360989733225096e-06,9.253407531373088e-06,2.4684036801007543e-05,7.553494284714408e-05,3.950258850304646e-05,0.004046397563595275,0.013837381746620947,0.022837062947203786,0.016797199475739124,5.743505607024788e-05,0.002360684065434265,1.807390010881587e-05,0.3501064414282826,0.055040071695266986,0.0002885517926958874
9,0.0005193512685390762,1.5020287707379674e-06,2.6600800838557405e-05,4.799030763043936e-05,0.024667212054373604,0.44372986114884383,0.010959449374405092,2.6173168456367828e-05,0.011297997970435633,0.03775841891857924,1.1844427433980136e-05,7.781580953361283e-06,1.4181810526107911e-05,6.711575604962686e-05,6.316576609511398e-05,0.002809327903007643,0.009837434094660981,0.028510142785296764,0.014112366960803294,4.592729715152302e-05,0.0020492254988249098,2.0081959997837504e-05,0.3788822112539926,0.03421137047161864,0.00032326539271503697
10,0.0003412550575501113,1.4299585796567636e-06,1.6403128375951148e-05,4.983719549485834e-05,0.024801799973128702,0.6460520560698608,0.01020628579451358,2.4980841226098134e-05,0.010145004722026047,0.018632101753271374,8.552560459316528e-06,6.610425284789578e-06,1.4294914422172054e-05,4.161619148443602e-05,4.249084614101037e-05,0.004815828742113014,0.0075269013381245595,0.048088371301369386,0.018244952348143408,3.721694969291455e-05,0.0014670733070910216,2.1665220126868773e-05,0.18966507215326192,0.019599840496134037,0.0001483587121236712
11,0.00038262678846196044,1.3322473887884942e-06,1.75155705463832e-05,4.889230530955835e-05,0.024394436928002205,0.6447326638956938,0.011008342676088448,2.8902044777662507e-05,0.010164598822084347,0.020606963236248808,8.15437385253791e-06,6.761358220333799e-06,1.8127872051844616e-05,4.1157582972799604e-05,3.972136497998587e-05,0.005316028857560117,0.008308401520288394,0.049663044153914496,0.020368813791763397,3.937473102419316e-05,0.0014066477550254012,2.1569886585323307e-05,0.18039939480459255,0.022838809423491063,0.00013771800907579784
12,2.3729547330877197e-05,2.352632294639209e-07,1.6567173663160111e-06,1.054272560416793e-05,0.03513833091449881,0.31140705676983044,0.004641399619609383,3.817597094477406e-07,0.0019414497292257647,0.0016922102294391233,1.6851613038172956e-06,2.195530391522515e-06,1.6657247982244031e-06,0.00011113957837142845,7.171730668856559e-06,0.0007964549164849289,0.0012065030115871174,0.04186284973224065,0.0009961354680837209,3.1600478070683886e-05,0.0010363613040029085,1.0978822330972709e-06,0.5913886420476533,0.007523516197901129,0.00017598796036477786
13,0.001183002180571209,8.839774285650686e-07,6.177908308306169e-05,0.0001003013964245486,0.04576693772198697,0.18560172233405084,0.014875408937998174,7.006641614621009e-05,0.011733647514114593,0.04444540157051369,0.0001716122248981242,3.15616669154056e-05,3.4526788393513066e-05,0.00043506646460775305,0.00028029329621027255,0.006376307654882134,0.010687488705921568,0.10504631474395225,0.008703531451531266,0.00023399658134068903,0.004625191044084153,1.3623456616196424e-05,0.5435859865796862,0.015664960221757257,0.00027038798688543397
14,0.00031051444651928543,1.6132076290074006e-06,1.616304639484042e-05,5.160418849518421e-05,0.02610460690044674,0.6611401742098769,0.008764192551567606,2.2507140895389644e-05,0.00966274512533169,0.016983919394299093,8.917582348438297e-06,5.882104613279458e-06,1.3891125372474138e-05,3.9698287377879406e-05,4.252410933935899e-05,0.004817340574608278,0.006719706678640213,0.05072659190152006,0.0195578670214415,3.753542067743035e-05,0.0013926248414661865,2.100174216897242e-05,0.17648145502116636,0.01694096453464807,0.00013595884315571735
15,0.0003412550575501113,1.4299585796567636e-06,1.6403128375951148e-05,4.983719549485834e-05,0.024801799973128702,0.6460520560698608,0.01020628579451358,2.4980841226098134e-05,0.010145004722026047,0.018632101753271374,8.552560459316528e-06,6.610425284789578e-06,1.4294914422172054e-05,4.161619148443602e-05,4.249084614101037e-05,0.004815828742113014,0.0075269013381245595,0.048088371301369386,0.018244952348143408,3.721694969291455e-05,0.0014670733070910216,2.1665220126868773e-05,0.18966507215326192,0.019599840496134037,0.0001483587121236712
16,0.0002600038253943644,7.109248739267961e-07,1.9426142662599653e-05,5.9429637434445407e-05,0.018503910935733857,0.5995024301835288,0.010880008556764546,2.398046862342395e-05,0.004325168022434343,0.013387455466187958,1.1119172193984484e-05,1.2738272775074847e-05,2.0834994429490122e-05,7.346140223758582e-05,4.6722330518404066e-05,0.009987347124097953,0.006707321373696575,0.10074086951467501,0.012579400838182889,6.321957211782534e-05,0.003015354675439608,1.5798015606209552e-05,0.20002591615638107,0.019669978432566945,6.739396144286399e-05
17,0.0008862988834980319,1.2925578979344713e-06,2.94491278268317e-05,8.237913431134412e-05,0.046113970351723176,0.4749218251280766,0.03458085716318563,3.812229837052322e-05,0.012680193227566246,0.022967065947909097,1.725495798219268e-05,1.78663126586689e-05,2.498233360178034e-05,0.00013724639248361808,4.726768263497542e-05,0.006348160888666313,0.016182431270707478,0.05110337614475754,0.013517418104867472,6.453486864669883e-05,0.0022163798094222828,3.132327562285349e-05,0.2843428268063839,0.03328289391497441,0.00036458341622447093
18,0.0006230585657320204,2.6988826740815063e-06,1.4325990450295889e-05,5.24980788227761e-05,0.032014248375438724,0.5081010686238898,0.017354355153933777,2.2600957207277295e-05,0.014344488427356857,0.022720311973541643,1.1333224693954476e-05,7.685752315063402e-06,1.1954231799376002e-05,7.038722772801254e-05,4.5756397029688626e-05,0.002443172432125873,0.021477936304164877,0.04429477424357426,0.020931610134278637,3.443230829762308e-05,0.0011687235766585536,5.131346532297227e-05,0.2835710078773412,0.029940604723214772,0.0006896530724077374
19,0.00037116593179628663,7.825322171944889e-07,2.1630163844338695e-05,4.5007359181741544e-05,0.025378899882804427,0.7033837934157936,0.01855337273225653,3.5222944010183055e-05,0.011238696578324868,0.03581817874167155,6.112700016968476e-06,8.277828207676792e-06,2.1115892645165545e-05,2.627304069346083e-05,2.416959481497401e-05,0.004980558598007752,0.009366818943067769,0.025426405167311813,0.01593669017814817,3.929258772088439e-05,0.0011089873395652332,2.550326737880005e-05,0.12115952303366631,0.026887334890345758,0.0001361866565085268
20,0.00016450139158168277,2.4570961982540245e-06,1.1160704228848906e-05,4.560978355347583e-05,0.010628541139864939,0.7096062203755343,0.005438536934811576,3.2345056024202655e-05,0.007635911793759043,0.012144877417393568,8.867629368670054e-06,9.171024541769056e-06,8.148643394937356e-06,2.8803100857180536e-05,9.366237393684783e-05,0.004142807732354631,0.005136555317140759,0.05993514019332529,0.013336291509466271,2.6628160431074814e-05,0.002105780528476625,3.7214409808943494e-05,0.15656980696578882,0.012741074486726517,0.00010988623143194878
21,0.0004951373430989665,1.3742715867962262e-06,2.020062009217176e-05,9.724814454582689e-05,0.028327971343440946,0.5658173292711535,0.009646788230025682,2.565434014724536e-05,0.009066887718772398,0.0164215005138888,2.1148474480006285e-05,1.0596418536677194e-05,1.6857775786487694e-05,9.351623711770248e-05,6.558041442531678e-05,0.0078050394983692215,0.005969660126551548,0.08371771110706487,0.015527198160661847,6.261763457891341e-05,0.002110856683805915,1.828243784780904e-05,0.24095644387819276,0.013572938847541976,0.00013146050828664158
22,0.00043533450239994945,1.0871471906402985e-06,2.5580566774109364e-05,8.458232322701548e-05,0.02872541165228532,0.5322585380210034,0.010837948128051136,2.8805905618313376e-05,0.00930125575650719,0.028717252167043544,2.1837027683418188e-05,8.936077218759445e-06,2.0357159588980216e-05,6.093142864760177e-05,5.1894168661333585e-05,0.0067165745550324795,0.012590226590203465,0.0813235016648988,0.017020794772261986,7.989702403296119e-05,0.0023092039785635055,2.446016735334115e-05,0.2519541964150296,0.017257745710702266,0.00014364709002076106
23,0.0003412550575501113,1.4299585796567636e-06,1.6403128375951148e-05,4.983719549485834e-05,0.024801799973128702,0.6460520560698608,0.01020628579451358,2.4980841226098134e-05,0.010145004722026047,0.018632101753271374,8.552560459316528e-06,6.610425284789578e-06,1.4294914422172054e-05,4.161619148443602e-05,4.249084614101037e-05,0.004815828742113014,0.0075269013381245595,0.048088371301369386,0.018244952348143408,3.721694969291455e-05,0.0014670733070910216,2.1665220126868773e-05,0.18966507215326192,0.019599840496134037,0.0001483587121236712
24,0.00038399255897998046,1.6949822738023397e-06,1.5533859722887345e-05,7.571139097552322e-05,0.031696202601408915,0.650976247563093,0.009258137017225112,2.0849887833791447e-05,0.009145896301492554,0.017348986608296584,1.1261124240356797e-05,6.9165234511857995e-06,1.5539105297001256e-05,5.3390989932834004e-05,3.798852605962755e-05,0.0050146521962853245,0.0070838356219134575,0.0579884956083807,0.017807160686540813,4.67050166528328e-05,0.0013165552704220785,2.2555411837871247e-05,0.17574533236518816,0.015765561757228177,0.00016079702526753688
25,0.0013263791569162596,9.369841616472661e-07,4.4372053153251184e-05,0.00011500422337265616,0.05176918994109043,0.3969618859365034,0.03582647010615215,8.520742370492051e-05,0.014499845283818336,0.05072310730675095,4.914891438559066e-05,2.1312838905977578e-05,5.159539702693881e-05,0.00017015306725346225,8.316343770095842e-05,0.00837025243713118,0.01763664981376394,0.08492994528464497,0.015367221614943851,0.0001473464775420925,0.002222235947605714,2.6243810692599276e-05,0.2884375700135356,0.030866291215189808,0.00026847131405322125
26,0.0002466318813811377,4.439394295018751e-06,6.900090553069353e-05,0.00018943991692335957,0.04407080761397403,0.744142821458269,0.018691288475699903,4.827448305463498e-05,0.002953495016312589,0.01462322309609459,9.290289389288393e-05,0.00012839994881298084,1.1953118143472396e-05,0.0003113715617466428,0.0003377616599163203,0.014686555462094346,0.004838789655174392,0.061960779953451346,0.011943698318411912,8.329643714510729e-05,0.006439009142913662,0.00012093987815760791,0.06621254935975723,0.007615120846761279,0.0001774495220858749
27,0.00031309158647713074,2.433446235478043e-06,1.1131397779828435e-05,5.1097155965872374e-05,0.020460217011625207,0.7050771675215628,0.008389265557045824,2.7765664485665967e-05,0.014567541605704415,0.017060732327470192,8.511511620506821e-06,5.5562558876009456e-06,8.717834461184765e-06,2.812259430396223e-05,5.3819764237510665e-05,0.0034467473987870607,0.006419122410472327,0.03812560762469405,0.01935632967129788,2.302517385480818e-05,0.0009962976784607975,3.360058932676901e-05,0.15177626195136049,0.01355963651409926,0.00019819975278325146
28,0.0003412550575501113,1.4299585796567636e-06,1.6403128375951148e-05,4.983719549485834e-05,0.024801799973128702,0.6460520560698608,0.01020628579451358,2.4980841226098134e-05,0.010145004722026047,0.018632101753271374,8.552560459316528e-06,6.610425284789578e-06,1.4294914422172054e-05,4.161619148443602e-05,4.249084614101037e-05,0.004815828742113014,0.0075269013381245595,0.048088371301369386,0.018244952348143408,3.721694969291455e-05,0.0014670733070910216,2.1665220126868773e-05,0.18966507215326192,0.019599840496134037,0.0001483587121236712
29,0.0003412550575501113,1.4299585796567636e-06,1.6403128375951148e-05,4.983719549485834e-05,0.024801799973128702,0.6460520560698608,0.01020628579451358,2.4980841226098134e-05,0.010145004722026047,0.018632101753271374,8.552560459316528e-06,6.610425284789578e-06,1.4294914422172054e-05,4.161619148443602e-05,4.249084614101037e-05,0.004815828742113014,0.0075269013381245595,0.048088371301369386,0.018244952348143408,3.721694969291455e-05,0.0014670733070910216,2.1665220126868773e-05,0.18966507215326192,0.019599840496134037,0.0001483587121236712
30,0.0003412550575501113,1.4299585796567636e-06,1.6403128375951148e-05,4.983719549485834e-05,0.024801799973128702,0.6460520560698608,0.01020628579451358,2.4980841226098134e-05,0.010145004722026047,0.018632101753271374,8.552560459316528e-06,6.610425284789578e-06,1.4294914422172054e-05,4.161619148443602e-05,4.249084614101037e-05,0.004815828742113014,0.0075269013381245595,0.048088371301369386,0.018244952348143408,3.721694969291455e-05,0.0014670733070910216,2.1665220126868773e-05,0.18966507215326192,0.019599840496134037,0.0001483587121236712
31,0.0009419845874364113,1.8851934202045333e-06,4.724905795157497e-05,6.154544712690329e-05,0.029186175117301084,0.5582130883605791,0.013716445318684658,9.618448220146798e-05,0.012986216899512426,0.025369301114093117,1.1354283944018876e-05,1.0548542373529082e-05,5.1170309498077164e-05,5.2680610892317435e-05,6.070006490957045e-05,0.0105873160194042,0.014852622698684568,0.07179222085355369,0.042635513425405704,5.932735290727412e-05,0.0023719922284863243,2.8123451928331554e-05,0.17652774432069954,0.040218666677160904,0.00011994358184491021
32,0.00034991533603613,1.657269268362879e-06,1.66731990280621e-05,4.778116634694893e-05,0.0243150498730309,0.6591421600506944,0.008737591130834646,2.447676989531828e-05,0.009811474218227928,0.01750944657618903,7.684336707402443e-06,5.861637688090978e-06,1.5246102073390592e-05,3.8699440809269305e-05,4.032152077350419e-05,0.00498649420213634,0.007574891929973968,0.049597921355546935,0.02294063634063568,3.429137630841472e-05,0.0013575979575244652,2.2123368696767464e-05,0.17305501430597695,0.0202291998883729,0.00013779064722430198
33,0.00023183654895926186,1.1998083265027749e-06,4.8474825122889634e-06,2.594520046893695e-05,0.005387369829583803,0.7319098424882539,0.005602223906801941,1.3484442359182811e-05,0.001297632919579947,0.004686278969797764,4.293459493653543e-07,2.2564291357724776e-06,2.9893935103221367e-05,9.55228352952243e-06,3.5967047891905703e-06,0.00950184489056695,0.012668394549687559,0.06795732715375709,0.07175154286849122,8.455323287991942e-06,0.0003841388208220875,3.2448782667456315e-05,0.03000926880996272,0.058457160447221164,2.302805838521318e-05
34,0.006327601581025032,2.3638116846658905e-06,8.06066120639594e-05,0.00012720740690396647,0.10523938045639596,0.3235252266037786,0.013988325249889497,8.360407357221675e-05,0.026154497158042526,0.044474899512367175,3.989252432238078e-05,6.2826501133923285e-06,8.92910841563085e-05,0.00016501669678147205,5.869668836082772e-05,0.011161356855916033,0.01941711440243997,0.08410416488546393,0.1155572781830575,8.586629262185427e-05,0.0012652353079768434,1.8618766876331304e-05,0.2146987157169346,0.033107536215017844,0.0002212212642371156
35,0.0015848908017438244,4.329699057404072e-06,1.5084237881555103e-05,8.640134602626029e-05,0.027734110288184715,0.658434344525793,0.0110568620152747,0.00014531699468396702,0.05830604966706553,0.022341379251850233,1.0539943250613315e-05,4.196185681224049e-06,2.015936817896884e-05,1.3958067957145583e-05,5.2118290069424086e-05,0.00600206450597548,0.012219754750457607,0.04445787032435616,0.06511100770683845,1.6813829989748757e-05,0.0005255225560889361,6.813885812331598e-05,0.07893487645790301,0.01267130632306582,0.00018290400450301418
36,0.0005742300197758226,1.4250084509404281e-06,1.4882139198275996e-05,6.07310557041061e-05,0.019196114506676982,0.5997642794772364,0.03286795384305087,6.376429744008974e-05,0.009877541012655212,0.016925923665734206,1.2559937755251233e-05,2.629517885283701e-05,2.0619068386853835e-05,8.13454026746184e-05,6.0970080204330184e-05,0.007919495653434206,0.02177241578557789,0.0893083717014551,0.017745859650159408,3.881179170480477e-05,0.0017946918355652155,7.602908848346998e-05,0.15086443885656334,0.030677869464039886,0.0002533814792199643
37,0.0005797607410779484,8.646013754168002e-07,2.25090065282421e-05,5.4132965761765714e-05,0.026012320809303657,0.46905355781804453,0.01704692795798363,1.6376493143676238e-05,0.004429570660948824,0.016392332585896688,7.715291021519213e-06,1.0301088162819195e-05,2.7198636749373033e-05,0.0001420561188587723,2.9722395110525655e-05,0.007423195187067433,0.011306262772812348,0.06964392911407052,0.017734145565519617,5.376744707961809e-05,0.0022731848868946802,1.4691363104071913e-05,0.3071678740444718,0.050395628387680365,0.00016197406133223297
38,0.0001464219921177146,8.406316039436661e-07,9.544752610066772e-06,3.2102843492607363e-05,0.011651079251720787,0.7321100430069702,0.007342908715045311,1.4966524921777847e-05,0.005050721455698771,0.010268699156426765,4.30515074303943e-06,5.300388418515858e-06,1.0000558255775092e-05,2.368391052671813e-05,3.145979872488722e-05,0.005576369064987575,0.004224012739248058,0.05016936712676191,0.013562495806914278,2.24921134740434e-05,0.0015063687508427095,1.5544429654980785e-05,0.14283873413498552,0.01532620721014424,5.633048570970379e-05
39,7.321692047640854e-05,9.869720725573366e-07,1.2521731871373032e-05,1.850363943396833e-05,0.007366008554023817,0.8203564844283076,0.003504732678190391,1.7294641054947767e-05,0.004385767427418928,0.004954265156932578,1.4390099955269795e-06,5.0636249047851155e-06,7.130180543028296e-06,7.467887251218234e-06,2.0940155803246355e-05,0.005758143496455753,0.004846526353746511,0.030698890492494926,0.013805594016242734,1.4012372326450164e-05,0.002733798808466581,1.9015801610062505e-05,0.08877005965888654,0.012590495722009825,3.1640269480434964e-05
40,0.0008674004901664622,2.8149917908069393e-06,6.661993686346297e-05,5.658879768886662e-05,0.09864162416329866,0.45927272858977514,0.019559281091525868,2.5958332216938127e-05,0.011104857844694936,0.019640819019497848,2.170462884472297e-05,1.8157462857865038e-05,2.517636196407053e-05,0.00022851735579425974,7.298004905933801e-05,0.005808025739317193,0.01363851833545308,0.04654736821055774,0.029147718862613105,7.056777766269562e-05,0.0030767210007175195,2.8466299021233323e-05,0.2607121670426542,0.030927215882378862,0.00043800173358514763
41,0.0003907780004946799,2.721672303115758e-06,1.2576014692631404e-05,8.594184266067564e-05,0.050321085925443265,0.6661313826512327,0.003487329833143695,3.1422881049873186e-05,0.019857401589163073,0.013379255128659617,1.56164651129955e-05,2.420887112268512e-06,1.6618494477371276e-05,3.305304720683186e-05,5.605218226914363e-05,0.006455760561586852,0.0024743254291945626,0.08385387081437572,0.03374413529609974,4.3834212592774955e-05,0.000687859651127461,1.0309893930527462e-05,0.11306470716446482,0.005776996461583308,6.454390002238657e-05
42,0.00017224334033868221,3.1159723657605347e-06,1.6806349702069295e-05,4.195984673183351e-05,0.008919031258664108,0.8396751423040693,0.0032592501714935438,3.811503961960278e-05,0.009260765529945487,0.0066951481314608185,2.699362911546337e-06,3.681653168675559e-06,7.857806258011478e-06,4.592986137892202e-06,2.555343374803314e-05,0.00738625915677693,0.0066192133487443785,0.027108484301584964,0.0388949261858919,1.0275656082758092e-05,0.0012939677268583951,5.6389976340905426e-05,0.04207445574302719,0.008392623330052038,3.744138802537722e-05
43,9.875957549700965e-05,6.023398319054466e-07,1.1592287487952989e-05,2.299476559531602e-05,0.010029725899388919,0.7982185637589575,0.004457937106388741,1.885972187624275e-05,0.006170567412556566,0.017694733202384808,1.9804674714183858e-06,3.561038857346532e-06,9.62642500235033e-06,6.8728094676096895e-06,1.8596532835827574e-05,0.003844890079435554,0.0052554015049498,0.023432345110637097,0.012473330408848245,2.0752240172717703e-05,0.0017535327264498384,1.5884342764646506e-05,0.10112195423585686,0.01527981464079839,3.712136648721187e-05
44,0.0003412550575501113,1.4299585796567636e-06,1.6403128375951148e-05,4.983719549485834e-05,0.024801799973128702,0.6460520560698608,0.01020628579451358,2.4980841226098134e-05,0.010145004722026047,0.018632101753271374,8.552560459316528e-06,6.610425284789578e-06,1.4294914422172054e-05,4.161619148443602e-05,4.249084614101037e-05,0.004815828742113014,0.0075269013381245595,0.048088371301369386,0.018244952348143408,3.721694969291455e-05,0.0014670733070910216,2.1665220126868773e-05,0.18966507215326192,0.019599840496134037,0.0001483587121236712
45,0.0003024491201820091,9.553079570070335e-07,1.4240202978509659e-05,3.7759535767180264e-05,0.014016103744632484,0.7279192648582308,0.015566156329420374,7.447389768514957e-05,0.009153286044838302,0.020235370603936584,5.289928102943028e-06,8.10410876623756e-06,2.6542995585356948e-05,2.380569976295201e-05,4.5676086538192215e-05,0.008937299162069473,0.006577026133409579,0.05978284294738219,0.02287924616168943,2.9609830669742335e-05,0.00113714402844276,2.6136591788873695e-05,0.0863762282148755,0.026769687134679598,5.530133060875241e-05
46,0.00024744272229382036,1.7985274411726631e-06,1.4237455109153472e-05,4.186762393154519e-05,0.029537764113072337,0.6204436515409959,0.008326521263379946,2.141778276929277e-05,0.011854382276029501,0.015576257912004104,1.0354014820218604e-05,5.5290598142032585e-06,1.0424858066361205e-05,5.403651577412272e-05,6.94453042618475e-05,0.004059611510211694,0.003845032419165373,0.052285567595466195,0.016278607753842354,3.5823117150172646e-05,0.0013115779373979476,1.4646537893697126e-05,0.22096467381658128,0.014832695703970524,0.00015663263855732337
47,0.0010428210813060858,1.1189343166887208e-06,2.7595509810607198e-05,7.196302525790345e-05,0.017401383685196815,0.6565888008491549,0.018256565297035583,4.5317335291897525e-05,0.007736517709252062,0.02072508616868356,4.747772604911073e-06,8.971066852396909e-06,3.798812918094658e-05,3.010056433624248e-05,1.752702072406343e-05,0.01231609682856467,0.019686719456569617,0.04470396918017447,0.04130369074451526,2.7353206900729033e-05,0.0015273122013730951,4.182233234061628e-05,0.1126122060763098,0.045692559234954924,9.176658929217231e-05
48,0.00040132565910189953,1.3770222924447311e-06,1.3373696586252758e-05,2.7527391826224714e-05,0.012591367293595914,0.7044414003252644,0.00881994549423156,3.419904987104983e-05,0.006884147312329356,0.021684481439524082,2.039103266322805e-06,3.664729965954546e-06,2.5125429524327266e-05,1.4687776208371287e-05,1.6147598876825304e-05,0.004794321688013505,0.015478301916779232,0.036100048117542465,0.04619186840236766,1.8892224473580838e-05,0.0007695857071664827,3.1479180628663036e-05,0.09144648610755526,0.050115005202133474,9.320213087454473e-05
49,0.00018418790039269163,1.3723659958492276e-06,1.572246446979111e-05,3.878174167997444e-05,0.01673962948813178,0.7668225884716381,0.008019006390529075,2.2203445375215258e-05,0.008105018178225287,0.014420142969177652,4.717279021521889e-06,6.845405221275801e-06,1.0328478079092966e-05,1.777490173468446e-05,2.9303789227925262e-05,0.004390147502746602,0.006734493302748677,0.030005993559516445,0.015175544084970738,2.6354567653562185e-05,0.0015185926662641457,2.9822748477294012e-05,0.11248225601459116,0.015100046693865565,9.912559026593445e-05
50,0.0014901824625484382,5.750260875274005e-07,3.28450966663945e-05,6.502430812243317e-05,0.04150839111902907,0.4538160865897593,0.04895752884201836,6.982310781159746e-05,0.01303286810948504,0.07540278892727782,1.421112797055734e-05,1.1270747249481697e-05,6.0977273306046105e-05,0.0001030626893037913,3.3425880977972565e-05,0.006791583354432073,0.01873833591888874,0.044660812900725134,0.02336310961477476,7.877713123987301e-05,0.0009893701198059664,2.0566216820509273e-05,0.20243712212549841,0.06806820389513887,0.00025305741506174376
51,0.00011258588150937882,1.870532367822478e-05,5.335746978379553e-06,0.00014085830602056834,0.007716460209464387,0.8162416755759586,0.0016497946461339,2.5081150432127722e-05,0.009262329568623408,0.0037267748769404816,1.4426165341642796e-05,4.6076341220400465e-06,2.1047113011099616e-06,1.4617535173327094e-05,0.0001659995716729846,0.0028136586244873665,0.002143302046599345,0.05892018208752279,0.015000653009091761,1.1607588857910537e-05,0.0012655850222248364,0.00010023786544186349,0.07821002310086891,0.002305285030554577,0.0001281087209999375
52,0.0003266100761182492,1.3259405912924206e-06,1.514184391108174e-05,4.9334926984798355e-05,0.023561877017490445,0.6592528521395169,0.009481972160821537,2.5468989140910547e-05,0.009938574788311536,0.019578352650798863,8.487125701230424e-06,6.356948974058178e-06,1.4391163851176984e-05,3.9361880679671406e-05,4.269751369263699e-05,0.00475305006486865,0.006843437636418517,0.04961218523598678,0.018035390138132646,3.750684040180766e-05,0.0013698608788009414,2.0387735373578525e-05,0.1782720361592818,0.018580315941295188,0.00013302420285567007
53,0.00018418405475563131,3.830613391244352e-07,1.2796480976822238e-05,4.515538713197753e-05,0.02333753271709196,0.45574683008502986,0.02224977649465823,1.336167751328402e-05,0.007160946064171464,0.016445475633530306,1.1943101779201528e-05,1.0375960337941378e-05,1.0207470792025057e-05,7.54873182253258e-05,3.8010623069750013e-05,0.004337874085897936,0.005668812091267224,0.05022549518131333,0.003821764401521538,6.408602324128842e-05,0.0022574065700371555,1.0317766296381106e-05,0.391271736436868,0.016843724175814895,0.000156317137339335
54,0.00030976856609289005,5.308566600002332e-06,8.817683765183095e-06,5.350902122089134e-05,0.02006769592800318,0.7216797113250387,0.009883277833006878,2.2259856060220868e-05,0.012981122619160524,0.01163640517908128,7.713780728147608e-06,6.258256807137929e-06,5.740610057022032e-06,4.577560164194082e-05,7.51198637530663e-05,0.0028888884377934925,0.005110071117853314,0.03286852086827889,0.021200651304453824,1.4062485336659559e-05,0.0008117453366870294,4.9873621772640815e-05,0.14460066864260293,0.015296153909376355,0.0003708795848277037
55,0.00029303793143797363,6.401900994149879e-07,1.0963391931747493e-05,3.4441416579433076e-05,0.021863404824384886,0.6763491531742069,0.020318330001581213,3.5576554316244306e-05,0.00909237841142045,0.012202079005354366,5.399918076862515e-06,1.764006490772094e-05,2.01139705143408e-05,5.902850835603038e-05,3.351281586875174e-05,0.007678680380011089,0.006192149245680371,0.06678784391856717,0.010803286237312911,4.00838717430694e-05,0.0013037474911654049,1.835421320143904e-05,0.14262358375668563,0.024100723170665323,0.00011584753593147093
56,0.00035344965099715834,1.3333714205868502e-06,1.6557595410001658e-05,4.9469707886132555e-05,0.024065272186517574,0.6543997523885146,0.01039577992944756,2.7145807001620228e-05,0.009882962353980333,0.019383475094244495,7.987307664013669e-06,6.605141014804984e-06,1.6809752586266893e-05,3.971943694516096e-05,3.91963706066847e-05,0.005132849121504985,0.007695245837831558,0.04930210727442293,0.0191345181901101,3.882662239227167e-05,0.0014050575049820992,2.1029865124745914e-05,0.17744610918157952,0.021004246193429263,0.00013449411438561917
57,0.0002782703377850479,1.0755078413060964e-06,4.1056029875229557e-05,3.278709952286342e-05,0.03425652093176249,0.6891615675242961,0.011849542333801723,2.8235739691008782e-05,0.009778282642141681,0.022016953351955866,5.9849645933430535e-06,1.0796839892442014e-05,2.1634650544049917e-05,3.221671057546504e-05,2.9567591281668806e-05,0.006602767916368938,0.009864622738776602,0.02810045667811256,0.02031519620592588,4.770313056684672e-05,0.0023508092905821856,2.2741907006398787e-05,0.14006306951604033,0.024973630510187743,0.00011450985087209787
58,0.00031014486119178747,1.1793353993569584e-06,1.5198089628243665e-05,3.8769690385435575e-05,0.020239240229351196,0.6574815626835313,0.010052634984838146,2.4249078602619945e-05,0.00821029012189948,0.0195026380431145,5.470225367292981e-06,6.274642532565647e-06,1.6841007637748537e-05,3.615488113878992e-05,3.3049988127108506e-05,0.004734884151015673,0.007903583427318495,0.04516807831749731,0.019043814540183893,3.4360862640736515e-05,0.001369793144757047,1.978164278249114e-05,0.1780827379945602,0.027544018647093785,0.00012524940940498728
59,0.00033105621230046246,1.2160014310030204e-06,1.9846260382239613e-05,4.1498202362710723e-05,0.023074533765129582,0.643148204188635,0.010840955339477501,2.5925772457862696e-05,0.00860143871777951,0.020057578287234347,6.250347721695662e-06,6.889176977346979e-06,1.8365775426795387e-05,3.846894565884934e-05,3.4472145929272475e-05,0.0052281448239155336,0.008647440577485092,0.04399087097808953,0.019432663998270736,3.9687883344848285e-05,0.0016347589732245587,2.035083633614632e-05,0.18691221559554805,0.02771862054083053,0.00012854665405080787
60,0.0003412550575501113,1.4299585796567636e-06,1.6403128375951148e-05,4.983719549485834e-05,0.024801799973128702,0.6460520560698608,0.01020628579451358,2.4980841226098134e-05,0.010145004722026047,0.018632101753271374,8.552560459316528e-06,6.610425284789578e-06,1.4294914422172054e-05,4.161619148443602e-05,4.249084614101037e-05,0.004815828742113014,0.0075269013381245595,0.048088371301369386,0.018244952348143408,3.721694969291455e-05,0.0014670733070910216,2.1665220126868773e-05,0.18966507215326192,0.019599840496134037,0.0001483587121236712
61,0.00034228514313752235,1.2815835505742824e-06,2.006570697670912e-05,4.1320824418886644e-05,0.024733608798747853,0.6375872812711455,0.010719753989820535,2.480435662468892e-05,0.009230627738816605,0.01990826487015746,6.843398059916385e-06,6.948221547301663e-06,1.704113609205251e-05,4.122156421778475e-05,3.6929949788169464e-05,0.005041772016707627,0.00847713773983369,0.042753283466927486,0.019641334733373633,3.84040774098361e-05,0.0016358598578060765,2.0341634313114604e-05,0.19368341340252834,0.02584883068543604,0.0001413438325627841
62,0.0003412550575501113,1.4299585796567636e-06,1.6403128375951148e-05,4.983719549485834e-05,0.024801799973128702,0.6460520560698608,0.01020628579451358,2.4980841226098134e-05,0.010145004722026047,0.018632101753271374,8.552560459316528e-06,6.610425284789578e-06,1.4294914422172054e-05,4.161619148443602e-05,4.249084614101037e-05,0.004815828742113014,0.0075269013381245595,0.048088371301369386,0.018244952348143408,3.721694969291455e-05,0.0014670733070910216,2.1665220126868773e-05,0.18966507215326192,0.019599840496134037,0.0001483587121236712
63,0.00030036681473802226,1.9611070772555315e-06,1.4051277473614316e-05,4.9319630443596965e-05,0.022420548636087983,0.6681874084131795,0.008012470135221677,2.3162015361752766e-05,0.01045675236944078,0.015506046263762605,8.050743125474246e-06,5.663392213808799e-06,1.1789099353780465e-05,3.6205593168239844e-05,4.6611582198847785e-05,0.0042883206734433445,0.006597196711506485,0.047672356803805056,0.01961772152304467,3.0844065878564544e-05,0.001335791363366079,2.398434837028405e-05,0.17850176640676238,0.01669835730785272,0.00015325372312350092
64,0.00025324395522152737,1.2898113151733821e-06,2.0377818346866578e-05,4.2739525754936425e-05,0.022140747609060388,0.6450281796008998,0.008398711118944852,1.988751126491122e-05,0.008232312774962376,0.015501898643402335,7.076049156995622e-06,7.356380648880504e-06,1.2669243973215173e-05,3.655164552537352e-05,3.932639215951153e-05,0.004986663254165059,0.007634663113390353,0.0407973757128631,0.015144768436599034,3.7267131866829685e-05,0.00234915568426016,2.017987966648413e-05,0.21023446519747271,0.018929923075849054,0.00012317043323021695
65,0.0003815721095003441,1.393488509551748e-06,1.7360196881299034e-05,5.217347273741546e-05,0.02618502691479374,0.6421911017589641,0.010897507798728825,2.735958698268922e-05,0.010702236619369972,0.020436356878352744,9.273785013827975e-06,6.805628780309911e-06,1.557256652939533e-05,4.322208909211668e-05,4.3158765495808386e-05,0.005061959388342321,0.007911716473551902,0.04875882157080182,0.01929936107650176,3.8874646868453856e-05,0.001434470812461228,2.2036449113471737e-05,0.18621201878713112,0.020101679866257754,0.00014893926923805487
66,0.00010736694562192167,4.606286840702146e-06,3.64323118082591e-06,4.084957158482599e-05,0.005589754266215512,0.6813813674674644,0.0029198183427767976,1.7228976277897207e-05,0.006856818166841824,0.005926465939093311,7.553231698013703e-06,6.027567581234457e-06,2.341003900784037e-06,2.96990834922074e-05,0.00014354482176966656,0.0021697277015931826,0.0032932262948090424,0.06759692407677735,0.010624507814590779,1.1342487689258676e-05,0.001461604518161624,4.207178686443771e-05,0.20341133231466518,0.008172892533960575,0.0001792855685487504
67,5.0182212927370676e-05,1.2866336869332915e-06,5.211559427538716e-06,2.2613315216599335e-05,0.006249598463594663,0.7045275173464838,0.0036877481828595615,5.3867569619446195e-06,0.0032578359610301853,0.004723435023369663,2.372458312263194e-06,4.232342396631541e-06,3.2105531501538427e-06,1.7344625065642887e-05,2.6686790464379518e-05,0.0020742230769824383,0.003849721402103895,0.03504460529764654,0.006091175284849705,1.665291586911742e-05,0.0018007727273947147,1.7142640609050174e-05,0.2168642539317423,0.0115453754376272,0.00011141506022770057
68,0.0012212428133589125,2.4191480322589096e-06,2.821755358740277e-05,8.811111880394422e-05,0.04869064215434169,0.5180160245513792,0.013178186000227708,2.901219080115139e-05,0.01839016938897014,0.029229547845404064,1.5526012369654953e-05,4.402645909748429e-06,2.443392409621639e-05,6.812765863926202e-05,3.9056223978374496e-05,0.00663288810278721,0.013115561799711267,0.04916729914241472,0.049004371054100805,3.961177643129504e-05,0.0009907932555814104,2.546749094792267e-05,0.22553950708206624,0.026212291934448486,0.000247089131611092
69,0.00034140830313455746,1.4300954782256762e-06,1.6405936934129967e-05,4.9832520680092426e-05,0.024803310746542864,0.6461077241742025,0.010209395975907604,2.4985997931277217e-05,0.010142991813456997,0.018632494735670423,8.546448499866356e-06,6.610120382061139e-06,1.4303572137076755e-05,4.161960765756487e-05,4.246871634472043e-05,0.00481804939604473,0.007528197615343451,0.04808140204516585,0.018258218765934944,3.7205688546085125e-05,0.001466471490286821,2.1666656395171953e-05,0.18958180990558207,0.0196151215836565,0.00014832808808451137
70,8.507751941187407e-05,5.349931909346611e-07,1.2636258226745648e-05,5.7150358278409876e-05,0.017911920406363333,0.8046769990912501,0.00657374364590498,1.1057700779509572e-05,0.009625759807683647,0.01064385469895805,7.240029801368832e-06,4.142548243770098e-06,5.112629849075691e-06,1.1683991029152611e-05,2.1902602609685945e-05,0.004948988476011934,0.0016510748717989009,0.02139672278771068,0.0048567817086555935,3.2165513136701175e-05,0.0013029604066761423,9.199648901188975e-06,0.11246234126812027,0.003646231685242114,4.471735216587334e-05
71,0.0009548165094028191,1.1467596379985888e-07,1.6287430952628386e-05,3.275209522252949e-05,0.050541379649750064,0.39622896285827586,0.1756890346258045,5.465534902109626e-05,0.017819457766690295,0.09214832430975578,4.847367944091128e-06,8.03331542656347e-06,5.626970410878783e-05,5.571011515861214e-05,8.7644413633377e-06,0.004237910639481039,0.015719136305604054,0.01671382725833381,0.007446232425087754,6.502914454409413e-05,0.0004030820232364102,1.0439159217463406e-05,0.14325642233260352,0.07829739018030882,0.00023112031674237584
72,0.0004469214658047177,4.620672448075241e-06,1.6122335865066515e-05,6.229212773040316e-05,0.027964308240988073,0.5209733859195601,0.004328157217013085,1.6642350320203057e-05,0.015790134149443007,0.025588083707725688,2.1195645964053446e-05,4.849436753247422e-06,6.545677984866765e-06,5.221892590692807e-05,0.00010071878699140235,0.0017873781347042005,0.007835129269003649,0.037474736885846884,0.022042859182107938,3.187368408749933e-05,0.0013975983638223435,3.4155759845822e-05,0.32154768053736743,0.0120066725172775,0.000465719005437754
