,0,1,2,3,4,5,6,7,8,9,10,11,12,13,14,15,16,17,18,19,20,21,22,23,24
0,2.2996220824204453e-07,0.0002777722140495504,0.00044054065220971517,0.00041032071185423646,0.0002005068132217219,0.7385248073756202,9.666575598577626e-05,6.380727238510288e-06,0.00018024444556320168,6.774542927158327e-06,0.0006598514170333282,3.080124976833798e-08,6.230728728746303e-06,3.421556872731801e-05,0.25868761888593356,0.00017405716092082612,4.3448706029792554e-05,1.2763736237574023e-10,6.804767861113976e-05,1.0105247303333345e-07,9.411949641711045e-05,2.9058837646123347e-05,5.3070622914653885e-05,5.875691613883258e-06,3.002318491844876e-08
1,3.185304388777831e-07,0.00032902961564896594,0.00048076424020494676,0.0004663893927550293,0.00025915766733417646,0.7491899259746608,0.00010740644999168051,8.363187108905734e-06,0.0003142346365997543,9.846331938536955e-06,0.000660462968145647,2.826206069149285e-08,6.985356076206827e-06,3.060959872888932e-05,0.2475753320153304,0.0002627002814560498,4.7898346654556366e-05,1.299466895800955e-10,8.668866860008206e-05,1.0400565818651818e-07,7.882909949260483e-05,2.8577012226401875e-05,4.925693351812749e-05,7.061076422420939e-06,3.021900113941293e-08
2,2.4117063361932333e-07,0.0002659495299603626,0.0004476748349414265,0.00038630706245830655,0.0002806684747806103,0.6235830768458351,0.00012690884353309476,7.85375105000636e-06,0.0002778733187809138,9.0437739221705e-06,0.0006002338994304912,2.2746193148833836e-08,5.069998397230295e-06,4.0470776678647046e-05,0.3734734012657759,0.00016692179209874382,3.2913442468272784e-05,1.2124952471501599e-10,8.077476813168625e-05,1.590409446423274e-07,9.122664586311915e-05,4.369110776645758e-05,7.223683784121304e-05,7.229319320401475e-06,5.063194478198085e-08
3,2.478742208921966e-07,0.00030332394873678334,0.0004679702435233677,0.000444042004508453,0.00022098618193185614,0.7279474957818526,0.00010046972828830331,6.5845193565187684e-06,0.00019058005417693465,6.883801455180239e-06,0.0007273582507656081,3.3295576262646844e-08,6.649574299981891e-06,3.688437726688102e-05,0.2690573105107479,0.00017738614725531994,4.667792000382655e-05,1.3720028226848336e-10,6.917941618918503e-05,9.813934511572409e-08,9.821351308082219e-05,3.04236081302128e-05,5.5060112074835284e-05,6.108889485648726e-06,3.19705272126023e-08
4,2.5921875098630886e-07,0.00036089706902979896,0.0004864900019200822,0.000487073890430254,0.00024180755115107866,0.7488054527456135,0.00010667275176444499,6.927585496192421e-06,0.00019402715871963828,6.855893589639127e-06,0.0008706486065774855,4.501859303966765e-08,9.052549260337595e-06,4.522637291115231e-05,0.2478615322889757,0.00018327275350799526,5.6117678716491726e-05,1.673830289574623e-10,7.428246242427645e-05,1.017359624410901e-07,0.0001051711302058541,3.340432910744297e-05,5.873049786306743e-05,5.916161379352795e-06,3.438066677322202e-08
5,3.422734546869159e-07,0.0002718328279945479,0.0005601966761406738,0.0006980534757380841,0.0002508888719535147,0.7373094419981695,0.00012483942227085827,7.922895042586528e-06,0.00021839887145582413,9.48379148799201e-06,0.000856723053456625,4.1811884839216435e-08,7.876871475370682e-06,4.7752771203346544e-05,0.2590397987742384,0.00024228356967526612,6.030173100727787e-05,2.611435220738321e-10,6.375980907056406e-05,1.43436182805102e-07,0.00011794959477245007,3.186161045738699e-05,7.068385224937434e-05,9.378656160826092e-06,4.309331356544501e-08
6,2.478742208921966e-07,0.00030332394873678334,0.0004679702435233677,0.000444042004508453,0.00022098618193185614,0.7279474957818526,0.00010046972828830331,6.5845193565187684e-06,0.00019058005417693465,6.883801455180239e-06,0.0007273582507656081,3.3295576262646844e-08,6.649574299981891e-06,3.688437726688102e-05,0.2690573105107479,0.00017738614725531994,4.667792000382655e-05,1.3720028226848336e-10,6.917941618918503e-05,9.813934511572409e-08,9.821351308082219e-05,3.04236081302128e-05,5.5060112074835284e-05,6.108889485648726e-06,3.19705272126023e-08
7,4.148013823329635e-07,0.0004814048493911048,0.000980514995359213,0.00047901130739538345,0.00024136154982876566,0.7462824795847784,0.00010711584695663908,1.118080813266314e-05,0.00016833301363793906,6.5463987596500884e-06,0.0010550320663969353,4.8189542728210606e-08,1.5051465776935373e-05,3.17372106728959e-05,0.24961623356244456,0.00015197227563891426,5.8501456871123433e-05,1.6362913880276114e-10,0.00011984232084427493,9.984143876236339e-08,0.00011221412612618521,3.735026005060246e-05,3.7124330109121976e-05,6.408025669019744e-06,2.1549166538934126e-08
8,2.728393930386253e-07,0.0002308269716201365,0.0005468799234969843,0.0006271738611168097,0.00027556236993698217,0.5130096048945295,9.613345048884447e-05,4.1784162279672305e-06,0.0003338321876958444,1.2521976567920684e-05,0.0008625442917004012,1.4567431932133599e-08,3.001279936924173e-06,5.669070180724417e-05,0.4835161828318542,0.00013853011998885212,3.3653264952130796e-05,1.361790189714031e-10,3.6086120436510496e-05,1.0701633299694496e-07,8.776935582438378e-05,3.694286019382033e-05,6.821685441076076e-05,2.3208820978801216e-05,6.488689782360436e-08
9,2.3511624201304098e-07,0.0001848668029293102,0.0007094477477542883,0.0006680317677234335,0.00020799281753607266,0.6753047376436351,6.603275333728319e-05,5.926740730080597e-06,0.00020933120368603816,1.0704712952323412e-05,0.0008461428702636162,1.8687667488568132e-08,5.042202824781522e-06,4.425239258764779e-05,0.3212650751772661,0.00017509251648156933,4.453113085039724e-05,1.1949268406216654e-10,4.974763640880505e-05,1.2746727299386496e-07,9.50529062116189e-05,3.2682521101829076e-05,5.947140050524646e-05,1.5429592179116203e-05,2.6072360181288492e-08
10,2.478742208921966e-07,0.00030332394873678334,0.0004679702435233677,0.000444042004508453,0.00022098618193185614,0.7279474957818526,0.00010046972828830331,6.5845193565187684e-06,0.00019058005417693465,6.883801455180239e-06,0.0007273582507656081,3.3295576262646844e-08,6.649574299981891e-06,3.688437726688102e-05,0.2690573105107479,0.00017738614725531994,4.667792000382655e-05,1.3720028226848336e-10,6.917941618918503e-05,9.813934511572409e-08,9.821351308082219e-05,3.04236081302128e-05,5.5060112074835284e-05,6.108889485648726e-06,3.19705272126023e-08
11,2.501033992083293e-07,0.0003178714470085339,0.00047372814547272715,0.0004589022118382562,0.00021703232137040504,0.7468310764789495,0.0001031675102608735,7.242583657526424e-06,0.00018954608121610295,6.726321686852997e-06,0.0007400659731554301,3.77698128228634e-08,7.832198013237157e-06,3.7889764651978437e-05,0.2501093878570247,0.0001843158380674545,5.19785588189057e-05,1.4644789506928548e-10,7.29550808468589e-05,1.0086854834710822e-07,9.768742632316225e-05,3.128759408831402e-05,5.513819433470113e-05,5.748595651727675e-06,3.0929354443867994e-08
12,1.6992835895916043e-07,0.0005446452542824584,0.00028456347699943056,0.00033926920674352877,0.0008886664525899541,0.8249488734620128,0.00011381493397892563,1.74058695578491e-06,0.00017094051453773727,3.759042796900043e-06,0.0005671697774235541,7.090125208613642e-08,4.6090411194024686e-06,0.00011867562475365014,0.17160949702420233,0.00011279899018994665,2.3001651586669645e-05,3.7578391942316245e-10,3.735959569110077e-05,1.4782606317156007e-07,0.00010453386741267502,1.3931196551586382e-05,0.0001087445474261721,2.8519108711249766e-06,1.6481041620374475e-07
13,2.5860951976015205e-07,0.0004214864983189374,0.000525235937285285,0.0006425066151594353,0.0003069253965986019,0.602471396036539,6.838874207612616e-05,4.707461557110808e-06,0.00013640660420642623,4.0244232162938996e-06,0.0032663827702770643,6.112925813834802e-08,1.3196198653583338e-05,6.407057326366384e-05,0.39152758060688464,0.00014113734418926476,6.155108151543333e-05,1.3988999932193104e-10,7.047871749319756e-05,5.719585784676346e-08,0.00015106845425792573,2.9584972262793072e-05,8.474515640760298e-05,8.726132314003298e-06,2.3202997751629898e-08
14,2.771640702599187e-07,0.0002549847730997322,0.0005582740150514978,0.0006161541442602794,0.00022520983833752617,0.6665585990105019,0.00011632350203863129,8.30979520540769e-06,0.00024895989066017846,8.761499219735666e-06,0.000729182953846457,2.7576519571544377e-08,6.041186905657289e-06,3.873063297947002e-05,0.3301082795078456,0.0001960499287569152,5.416925532874497e-05,1.53761557691693e-10,6.0300634588718415e-05,1.1428256134376527e-07,0.00010154684797876767,3.586913465633304e-05,6.49697296695868e-05,8.826144925919322e-06,3.8397230317704235e-08
15,2.478742208921966e-07,0.00030332394873678334,0.0004679702435233677,0.000444042004508453,0.00022098618193185614,0.7279474957818526,0.00010046972828830331,6.5845193565187684e-06,0.00019058005417693465,6.883801455180239e-06,0.0007273582507656081,3.3295576262646844e-08,6.649574299981891e-06,3.688437726688102e-05,0.2690573105107479,0.00017738614725531994,4.667792000382655e-05,1.3720028226848336e-10,6.917941618918503e-05,9.813934511572409e-08,9.821351308082219e-05,3.04236081302128e-05,5.5060112074835284e-05,6.108889485648726e-06,3.19705272126023e-08
16,2.8252009106477036e-07,0.00028124309022901087,0.0004487645758931705,0.0006430637268138948,0.00022232025618016606,0.745788571390292,0.00013226591460666846,5.992606838378771e-06,0.00013658184197003784,1.1944101160110024e-05,0.0008507159247845037,6.285707003750897e-08,6.455561216756036e-06,5.953637001816674e-05,0.2507108192372849,0.00023815499523462886,5.899708387072268e-05,3.3640374167936763e-10,5.869178553651042e-05,1.3678397132023533e-07,0.00023496575370772263,3.7941826054537166e-05,6.555907567148125e-05,6.8792331727746554e-06,5.3151927661963116e-08
17,4.154763806728924e-07,0.0004816285484166709,0.000578092278252064,0.0006585141389192794,0.0003042743328665002,0.7728395824769512,0.00015607333105120393,1.0848182678073952e-05,0.00019832015169127395,7.813684583559955e-06,0.0010533307965665262,1.196179020418902e-07,1.5381558464240317e-05,7.865389393382633e-05,0.2228256426259293,0.0002314334446147836,0.00010155556724490177,4.767945593020733e-10,0.00010156732327251691,1.7604587807260422e-07,0.00018840013218220705,5.4277719512257224e-05,0.00010832484683018944,5.499290448626533e-06,7.405863554662872e-08
18,3.9383008677605394e-07,0.00046678436257995964,0.0003242972872052487,0.0003969108022647537,0.00019221675298894178,0.7776946978760876,0.00015940326907598574,7.443585033365691e-06,0.00030425684901494405,1.0589947487329073e-05,0.0007352248861263359,7.821833929997794e-08,8.80000128090261e-06,7.227390039772294e-05,0.21894619725842915,0.00020774049655523631,0.00010317831384191149,3.9960363782313683e-10,7.89560844668526e-05,1.594576708703689e-07,0.00012158822325359308,6.286858117345068e-05,9.958173957644324e-05,6.2437503437840664e-06,1.1412711574613692e-07
19,2.6268950468762874e-07,0.0003768423086234147,0.0006383508629587924,0.0005478604813812067,0.00029117539615640327,0.7391197110650845,0.00012095306109862089,9.400532078071767e-06,0.00021483065346599266,6.927278863595768e-06,0.0007863275581041279,4.850426854179098e-08,1.0302403745720529e-05,4.4487686777834664e-05,0.2573119023447856,0.00018012896608803438,5.5525773176009356e-05,1.7313324196761867e-10,8.239825877650894e-05,1.211661775928112e-07,0.0001062154490792071,3.913154865348483e-05,5.119175336236499e-05,5.87167021418598e-06,3.2414442202183214e-08
20,1.4649468507542507e-07,0.00020206709143846244,0.0003775742016036963,0.0003201638206827072,0.00014232236742335496,0.5523401351434546,9.251874450723517e-05,7.112786462672411e-06,0.0001375299138495528,5.17173081039929e-06,0.0006338877498007595,1.772085650820145e-08,4.110260540063755e-06,2.466401783927741e-05,0.44530976664861255,0.00010856754367742787,2.937652335940083e-05,5.787836596953716e-11,6.443591129256557e-05,8.005733754105519e-08,0.00010527613432568603,3.881258833959761e-05,5.0718227459950666e-05,5.5223162981505644e-06,2.1947464376230774e-08
21,3.5939147113858796e-07,0.0004221227445085791,0.0005350936099665166,0.0005909042949507845,0.00033869689150169716,0.7570569234710435,9.347883244295952e-05,5.744681573702344e-06,0.00020257938849290092,1.0656850596361727e-05,0.001086454868151739,5.7992866998501475e-08,7.946714231240487e-06,5.7285733093484156e-05,0.2389705836911618,0.0002218673388909754,5.318031499985035e-05,2.4933720636426376e-10,7.525168666314574e-05,1.1733794721371136e-07,0.00016914488611485636,3.130775719806989e-05,6.205718419156901e-05,8.140571609594512e-06,4.3516994029203377e-08
22,3.1313835532259173e-07,0.00025753542602383706,0.0006650443120606113,0.000688555196190827,0.00019095680161489937,0.7317652300400854,8.603370463552553e-05,7.2955272010834105e-06,0.00014785734217175663,9.755588464314673e-06,0.0010530799557908269,4.4068230111574636e-08,7.707538624319308e-06,4.304061569331854e-05,0.26447322478044505,0.0002194394869474242,7.392153463409257e-05,2.0439104462725614e-10,6.645773737225557e-05,1.0364147670187239e-07,0.00014738393366163163,3.6058918766861296e-05,5.222167781765364e-05,8.713024766799678e-06,2.5804578304645706e-08
23,2.478742208921966e-07,0.00030332394873678334,0.0004679702435233677,0.000444042004508453,0.00022098618193185614,0.7279474957818526,0.00010046972828830331,6.5845193565187684e-06,0.00019058005417693465,6.883801455180239e-06,0.0007273582507656081,3.3295576262646844e-08,6.649574299981891e-06,3.688437726688102e-05,0.2690573105107479,0.00017738614725531994,4.667792000382655e-05,1.3720028226848336e-10,6.917941618918503e-05,9.813934511572409e-08,9.821351308082219e-05,3.04236081302128e-05,5.5060112074835284e-05,6.108889485648726e-06,3.19705272126023e-08
24,2.7379745971734714e-07,0.00035690560414264127,0.0005226359453006056,0.0007052261250787527,0.000387792662615094,0.7750348410004584,0.00010583826908525092,7.504761126867205e-06,0.0002244258607040032,7.441813743115956e-06,0.0009766567316863652,5.607223670668538e-08,1.0789927936265568e-05,6.385911939038484e-05,0.22099069060945428,0.0002551515519567922,5.730219719946633e-05,2.2940697361860497e-10,7.291722922513091e-05,1.260365369322065e-07,0.0001099920706950361,2.916918282445488e-05,7.373163711379757e-05,6.633641769166175e-06,3.792285363926207e-08
25,4.712005430934261e-07,0.00031676539081253164,0.0007627424592256894,0.0008994577947923901,0.000314008958674661,0.6491718167198888,0.0001548119267501843,1.789653511575001e-05,0.00020349222864737035,8.985894847470508e-06,0.001422992053285325,5.69753863265701e-08,1.4953858534605108e-05,4.3390638816466125e-05,0.34585562096890693,0.0003043203273249244,7.093775979458661e-05,2.5525054400904737e-10,0.00012527710237558774,1.450571189926986e-07,0.00018040861975938106,4.4018962598014025e-05,7.931999736489604e-05,8.07859619105449e-06,2.9717994669531224e-08
26,3.201234426103306e-07,0.0002876706271460781,0.00044532650623407035,0.0005507532325526606,0.00022695377342618308,0.7080120802439404,9.269685278843435e-05,7.031519580201338e-06,0.0003379373495223402,6.2052593937780405e-06,0.000769387062988008,2.3029719463680296e-08,6.067019496438401e-06,3.128410832263904e-05,0.2887511614897147,0.00018185312680413167,5.3291735530947166e-05,1.2275130994902668e-10,5.401382427064089e-05,9.915876963150244e-08,6.99819841511544e-05,2.385077623306733e-05,8.121900967270527e-05,1.0756325333399892e-05,3.573821512230213e-08
27,1.831002752889362e-07,0.00025836609360520854,0.0003331262794343053,0.00033011996193756023,0.00019303538119259952,0.6316356485117401,0.00011619794022952583,5.9709832089153895e-06,0.00027760573635896674,7.850644974312668e-06,0.0005983388836067856,2.02980575884839e-08,4.567368902462685e-06,3.378154931100185e-05,0.365774021408929,0.00015598180137034985,3.66347257035914e-05,8.589174223266572e-11,6.135138809200854e-05,1.0610010136229944e-07,7.196910675710002e-05,4.0428982661668744e-05,5.753716026184989e-05,7.11752099421645e-06,3.898640236988847e-08
28,2.478742208921966e-07,0.00030332394873678334,0.0004679702435233677,0.000444042004508453,0.00022098618193185614,0.7279474957818526,0.00010046972828830331,6.5845193565187684e-06,0.00019058005417693465,6.883801455180239e-06,0.0007273582507656081,3.3295576262646844e-08,6.649574299981891e-06,3.688437726688102e-05,0.2690573105107479,0.00017738614725531994,4.667792000382655e-05,1.3720028226848336e-10,6.917941618918503e-05,9.813934511572409e-08,9.821351308082219e-05,3.04236081302128e-05,5.5060112074835284e-05,6.108889485648726e-06,3.19705272126023e-08
29,2.478742208921966e-07,0.00030332394873678334,0.0004679702435233677,0.000444042004508453,0.00022098618193185614,0.7279474957818526,0.00010046972828830331,6.5845193565187684e-06,0.00019058005417693465,6.883801455180239e-06,0.0007273582507656081,3.3295576262646844e-08,6.649574299981891e-06,3.688437726688102e-05,0.2690573105107479,0.00017738614725531994,4.667792000382655e-05,1.3720028226848336e-10,6.917941618918503e-05,9.813934511572409e-08,9.821351308082219e-05,3.04236081302128e-05,5.5060112074835284e-05,6.108889485648726e-06,3.19705272126023e-08
30,2.478742208921966e-07,0.00030332394873678334,0.0004679702435233677,0.000444042004508453,0.00022098618193185614,0.7279474957818526,0.00010046972828830331,6.5845193565187684e-06,0.00019058005417693465,6.883801455180239e-06,0.0007273582507656081,3.3295576262646844e-08,6.649574299981891e-06,3.688437726688102e-05,0.2690573105107479,0.00017738614725531994,4.667792000382655e-05,1.3720028226848336e-10,6.917941618918503e-05,9.813934511572409e-08,9.821351308082219e-05,3.04236081302128e-05,5.5060112074835284e-05,6.108889485648726e-06,3.19705272126023e-08
31,6.370168297199218e-07,0.00044783566521306415,0.0010724619983054694,0.000622499971457905,0.00033318808101171773,0.7391088765239768,0.00014949099148908447,1.796992830786475e-05,0.00021001511892117616,9.089741855595413e-06,0.0007757240146627889,6.771343419431205e-08,1.342237563424021e-05,4.0098562099675685e-05,0.25644936484963293,0.0002324621966346559,6.948857444133828e-05,3.4493567244520777e-10,0.00015862013369553684,1.9128094822818353e-07,0.0001659414355729786,4.67253079372715e-05,6.935144396099294e-05,6.427117563367415e-06,4.961147755134011e-08
32,2.4146835280495977e-07,0.0003064596477713807,0.0004594634732461842,0.00039192804892852436,0.00021996265960927893,0.7281976827892047,0.00010009918560601018,6.891908660462766e-06,0.0001794484195788115,6.5636754963508135e-06,0.0007003741720811945,3.4443801353699565e-08,6.805409011221039e-06,3.593040523163073e-05,0.2688984384870926,0.00017404400109672833,4.4342337849987674e-05,1.304630420318627e-10,8.061145765830914e-05,1.0287445852961769e-07,9.770991462751935e-05,3.243416237856038e-05,5.4973632791153505e-05,5.425778533977246e-06,3.151646963784178e-08
33,2.519171952653213e-07,0.00037093823454729827,0.00046361914497620223,0.0005916660202875992,0.00014320603936153218,0.8870428453126279,0.00014333865906285596,1.1732398387042023e-05,0.0001872443613937553,8.8569525021971e-06,0.0008060606731005192,1.2825962082305454e-07,2.7736209730305246e-05,6.60589880088444e-05,0.1093320410988407,0.00034950300961029073,0.0001897485314059961,3.676200976312745e-10,8.706765305152084e-05,1.2274312357635817e-07,7.18881633866207e-05,6.206451592896876e-05,4.0443696902574554e-05,3.411415645234452e-06,2.5633682327904884e-08
34,7.963603199176845e-07,0.0008208699930847516,0.0008002641824233343,0.00038791802504159684,0.0005294637895431885,0.5863733703834005,0.00012138530068160546,9.299609805502743e-06,0.00039144458396311296,9.931936080174529e-06,0.0016313494921948945,5.271952078542143e-08,1.1421798504427643e-05,4.92906486084089e-05,0.4081088086773124,0.0001654856147559837,4.504330332821961e-05,1.8000085402091465e-10,0.00024820468527331045,1.2225106332279845e-07,0.00014569026223862057,5.543763971945249e-05,8.330561751069594e-05,1.097339061893654e-05,6.955500584786117e-08
35,7.842208313181858e-06,0.001835943909799943,0.0018248602498057687,0.001375048825860149,0.0004669881615930555,0.8195565617464177,0.0004149398699672449,9.031040311538865e-05,0.0013641885662284848,4.576178350633965e-05,0.0013624178116769458,3.537300548664251e-07,5.2640776166704094e-05,5.895600597007496e-05,0.16925015500760182,0.000873146919686555,0.0005001467548138644,3.1048826761194667e-09,0.00045450853378436703,3.1256861314861987e-07,0.000238342356713563,0.00013676584650228543,7.46672267513687e-05,1.4978758596510501e-05,1.5887357819437037e-07
36,1.398850131971889e-07,0.0002317787780674869,0.0002092617425475071,0.0003369526905305981,7.700772191904835e-05,0.8465711595979455,0.00012615034064795302,1.2963350465284048e-05,0.0002791078534776425,5.657324864754717e-06,0.00034458816607454485,5.460142122048414e-08,1.1234468115404129e-05,3.06463559599254e-05,0.15108000676961136,0.00031646568273860777,0.000158350281814937,1.2561352715700805e-10,6.147462937539391e-05,9.806509881743035e-08,3.8817921276207345e-05,5.612976229316796e-05,4.9575340623904366e-05,2.356583856867784e-06,2.1960647218475192e-08
37,5.637716175554636e-07,0.0003063247734166106,0.0009344922557031881,0.0009031386504461933,0.00028955953149745737,0.6770780984315468,0.00010902459935197927,7.538605498925213e-06,0.0002135433924672835,1.0819961422468155e-05,0.0014069048306020963,4.3405588538072054e-08,8.699753732403014e-06,5.333295214616948e-05,0.31806198176613637,0.00022353587220266214,6.682216387895552e-05,3.276516392269143e-10,7.263157109050203e-05,1.3214697391722546e-07,0.00013393371783515913,3.288806791340952e-05,6.766579823922713e-05,1.8279996265243573e-05,4.365677522392245e-08
38,1.5376108512906094e-07,0.00019512400555165313,0.0003165506372283166,0.0002971137632041762,0.00012276771625442903,0.7892581204920791,7.753848346729593e-05,5.483023017193449e-06,0.00010660660655390307,4.55669613758487e-06,0.0004917108826515295,2.4872529573641277e-08,5.2953678641901035e-06,2.308036471096411e-05,0.2086838751287053,0.00016781045712295164,3.714501183721502e-05,8.692154750721327e-11,6.057738522021576e-05,7.878388932558831e-08,7.810449891919267e-05,2.0588574225913452e-05,4.406221638299622e-05,3.6135387393319355e-06,1.7645700919709084e-08
39,1.7142029603259528e-07,0.00018834541693039123,0.0003188517856970922,0.0003620295613124135,0.00012631856446092626,0.7680790180167647,0.0001063618345475544,8.355068379632914e-06,0.000123160743512026,4.924164459422406e-06,0.00039044181166712934,2.8323908786493997e-08,5.214780307010527e-06,2.3332371865733555e-05,0.2297751948483694,0.0001782379182107776,4.5600769614947615e-05,1.1304109013367778e-10,6.260222390834958e-05,1.0667546259604463e-07,0.00010767427893412543,2.6379412382544815e-05,6.422954376708653e-05,3.3916044486167805e-06,2.874775137304517e-08
40,1.55018505765065e-07,0.0004383407782046801,0.0006956533823906476,0.0001912323709981201,0.00027512496005630433,0.7390013300151403,5.345448603788032e-05,2.9829558572379967e-06,9.136775064038388e-05,4.023182348549908e-06,0.0005452585990483621,3.74345953235753e-08,4.3799590102448e-06,4.0340159159526e-05,0.2583472752965363,6.588077461841797e-05,2.4015086444406293e-05,8.931197867756696e-11,7.61234515985838e-05,7.44922861334008e-08,8.279953790027078e-05,3.2039046405821205e-05,2.459665960484534e-05,3.4881886461489796e-06,2.6324653732255517e-08
41,5.419621334778755e-07,9.948407131416047e-05,0.00050367430247773,0.00032418352446335715,6.71235956198545e-05,0.46727382200334466,0.00021375038146825647,1.1208501186773276e-05,2.9786333190418343e-05,9.864495441845113e-06,0.0015563037472956166,1.2555667672775293e-07,7.3844965002153384e-06,6.644319534908812e-05,0.5283555450860712,0.00017340452255922595,7.097835454094834e-05,8.43717288680872e-10,0.00027488677566648526,4.218689724720776e-07,0.0006131025215359917,0.0001749743445107102,0.00016477924724923296,8.112059306351855e-06,9.820940791093774e-08
42,2.5594824846164715e-07,0.00033572817928488396,0.0008224312155280743,0.0002981699539776442,0.00015724842846421292,0.6717020817431943,9.022788467373266e-05,2.009076264983574e-05,0.00014566642547055993,8.199342079089875e-06,0.0005548590498119737,4.3770636491932944e-08,9.223424051153917e-06,2.2015119689569862e-05,0.3251112567493177,0.00016634007402800685,5.685793144375694e-05,7.61089425124689e-11,0.00022450490989962062,1.1641769331311369e-07,0.00014780338146272695,9.191895035964998e-05,3.136714365230276e-05,3.5781038306356248e-06,1.501444348341928e-08
43,2.0702262071032547e-07,0.00019712631118025734,0.0004166664337612665,0.0003903891368759172,0.00017978915622989122,0.7223924349109365,9.112078218036949e-05,6.955946745232242e-06,0.00026881907926388826,1.684458637851712e-05,0.00046381993018221616,1.4434965849942451e-08,3.775408808660492e-06,3.0137456928075075e-05,0.2750506032848947,0.00020495590953014658,3.356839003459773e-05,8.750750345715334e-11,6.727533091114432e-05,1.4858916792443006e-07,9.374793354408864e-05,3.8993296368843635e-05,4.432823872651251e-05,8.250203354478234e-06,2.813890275314464e-08
44,2.478742208921966e-07,0.00030332394873678334,0.0004679702435233677,0.000444042004508453,0.00022098618193185614,0.7279474957818526,0.00010046972828830331,6.5845193565187684e-06,0.00019058005417693465,6.883801455180239e-06,0.0007273582507656081,3.3295576262646844e-08,6.649574299981891e-06,3.688437726688102e-05,0.2690573105107479,0.00017738614725531994,4.667792000382655e-05,1.3720028226848336e-10,6.917941618918503e-05,9.813934511572409e-08,9.821351308082219e-05,3.04236081302128e-05,5.5060112074835284e-05,6.108889485648726e-06,3.19705272126023e-08
45,1.1780234413465364e-07,0.00011694079116024646,0.00034564474397942753,0.0003063078388652207,9.491979568311623e-05,0.6604231440327843,9.266875803450157e-05,8.843658697751644e-06,0.00012323333677717008,4.643342775062365e-06,0.00033590774266717627,1.0450373911545186e-08,3.5690859606191643e-06,1.3799967663433313e-05,0.33777656734198297,0.00015930899214569767,2.6543569480861217e-05,4.444974255390549e-11,5.446789312233587e-05,7.934440830232715e-08,5.392935487164175e-05,2.253387369553347e-05,3.246275813359214e-05,4.344074641212513e-06,1.1405301846061512e-08
46,2.3536335955094474e-07,0.0005836855026771806,0.0005663486943434134,0.0002444478547701797,0.0011010514496023,0.47006900241470034,0.00019149272637368652,4.053819669133758e-06,0.0003504747480359669,1.0147359486722706e-05,0.0007147034210794686,2.105499589879687e-08,4.0410158745405516e-06,7.037881621540349e-05,0.5256484202135284,9.917282663931066e-05,9.566393695986932e-06,1.1705809447317133e-10,0.000120811189203783,1.4828366891813127e-07,0.00010589414084275352,4.39869663815607e-05,5.6107339925692205e-05,5.682602066501496e-06,1.2568580530934857e-07
47,6.573514640368318e-07,0.0007863694939407736,0.0005582040868219782,0.00022403044642758965,0.000165334679419628,0.752899436541498,0.00018418933895183345,1.5648359180007385e-05,0.00028114591966095574,1.2071802139668115e-05,0.0005807972291658407,1.1678033941261604e-07,1.2242518921189997e-05,3.285154529907286e-05,0.24340637617945032,0.00019934567434902478,0.00010505945252236619,2.9785015728152453e-10,0.00024073640292054263,1.5424405554173062e-07,0.0001343446057846405,0.00011761650142665406,3.9000347042104004e-05,4.2032997123025854e-06,6.690165633370141e-08
48,1.1210426273898399e-07,0.00022399653419784922,0.00019189593509484873,0.00015446161926688205,3.75289828866667e-05,0.9185649431013234,5.994876992052311e-05,8.407724842310276e-06,6.479178262202963e-05,1.960302205281314e-06,0.00020576435569688142,3.5641466692160316e-08,8.460124428068001e-06,8.205489711780521e-06,0.08010131205521685,0.00014272229019588392,6.964737270132544e-05,4.831144675586438e-11,7.38386983258493e-05,3.8292425790797784e-08,4.667125173273143e-05,1.4304684700511092e-05,2.0129766723419366e-05,8.172823209301365e-07,5.78941950376949e-09
49,1.6830409122556443e-07,0.000297266950097632,0.0005478189460547836,0.0002886409159660462,0.00015719244090632304,0.7928404869113699,7.282050634125827e-05,5.038231297892575e-06,0.00010764023554783065,5.597444738294833e-06,0.0005103061703116064,4.127280426398322e-08,6.0051483288042945e-06,3.34918578125187e-05,0.20473896283432783,0.00011601869357678381,4.393769288984607e-05,1.2123817716469612e-10,6.64560104221622e-05,9.456032394724179e-08,9.259928591123543e-05,3.5179316026151425e-05,3.023510908942489e-05,3.978432955676997e-06,2.2607570470141172e-08
50,5.042563483057086e-07,0.000403708940615056,0.0005402348064613271,0.00039025821307752366,0.0003758104956209873,0.5067603593149873,0.0004288071623980766,1.500934344509628e-05,0.0005323482800272341,3.073979570816813e-05,0.0005917440575113524,2.964810450403619e-08,6.910484652857531e-06,5.6881284962825275e-05,0.48906921158680755,0.00026509997820453065,3.8334774904644144e-05,2.7684282720997624e-10,0.00017804491703967375,2.7812661151444165e-07,0.00012742549015621344,0.00011648751007877425,6.290936858920712e-05,8.700706202650721e-06,1.6118064178885884e-07
51,3.609446084143382e-07,0.0007025535583791868,0.0010017773990973887,0.0011580784525508352,0.0003993982320348063,0.7317161842286557,9.01944853733144e-05,9.02043153705089e-06,0.00043399449505409786,1.1002126996254652e-05,0.0013593383506108848,4.4793384259634524e-08,1.2805509048470167e-05,5.339525974187039e-05,0.26255245726184934,0.00017300133888207132,8.471868753678077e-05,1.4151173478037485e-10,4.960500256487066e-05,5.874414617569834e-08,0.00011157540247164426,3.723669971151017e-05,3.107057394151952e-05,1.2107977350782471e-05,1.9902961010135967e-08
52,5.305066048006661e-07,0.00013001599804233,0.0008740547745837519,0.0013712783363387178,0.00020409527812175542,0.7672838665456503,9.679322605601061e-05,7.742649594650524e-06,0.00018951416994576162,2.0515970360511225e-05,0.0015169341293675208,3.2910517020733505e-08,9.288510207458604e-06,5.917925918367308e-05,0.2274206546949328,0.00047094748776039944,8.048698270572035e-05,4.999629973888758e-10,5.067723742805725e-05,2.0766848165982713e-07,9.879370801505339e-05,2.771938107990996e-05,5.984981333740261e-05,2.6794862596564518e-05,2.5399125019308567e-08
53,1.3116128140554533e-07,0.00015300169638685388,0.00016993240739831406,0.00042343685134331075,0.00016263323862496663,0.5902221026965692,0.0002632286105663019,8.019114523911241e-06,0.0002773189027154847,5.771311782059948e-06,0.0004686999375099015,1.5868871854782336e-08,4.634350616026074e-06,3.159698608984548e-05,0.40731674202694834,0.00022699836540148583,3.1819788733988584e-05,1.0609262662534903e-10,4.1815435391761156e-05,1.2373608176014716e-07,6.152493447320737e-05,2.7150001974927782e-05,9.807036167995573e-05,5.1800765148218124e-06,5.203242756604178e-08
54,2.9687637072859525e-07,0.0007534481669591832,0.0002628890015790752,0.0002417042237398686,0.00026574873344363444,0.7816479280880634,0.00015689461194356278,5.599130066240351e-06,0.00034288556133637617,8.73251663503666e-06,0.0004966654758876267,5.912339612157952e-08,6.897532489003426e-06,4.242226959509758e-05,0.21524527874473498,0.00021830053806216703,5.223459034867281e-05,1.7413105784881328e-10,8.882387784579436e-05,7.938419865528405e-08,7.845206316229319e-05,3.7478905623494154e-05,4.361723479760745e-05,3.494398805156695e-06,6.877678526249386e-08
55,7.24699300961571e-07,0.0016230040926258973,0.0005420766789017614,0.0005451378914026584,0.0006893912440878893,0.7644205951936549,0.00024301950750769282,7.701562687090716e-06,0.000534061157948439,8.026792464548847e-06,0.0011062285765511047,2.2709353330614982e-07,1.601200868810257e-05,7.290462405759798e-05,0.229490107281467,0.0002556684131180347,9.344881388225206e-05,6.841914356118254e-10,0.00010178044008304679,1.0601307888715396e-07,0.0001430883857252081,3.8451284911926207e-05,6.221610189411165e-05,5.873691066936476e-06,1.4776716930424164e-07
56,2.5926208564034246e-07,0.0003366349827520156,0.00048694354460899586,0.00045168238161184186,0.0002297738204683462,0.7369311819703305,0.00010496512099954445,6.983490948622056e-06,0.00019902657089921282,6.891747630665729e-06,0.0007755553275958177,3.7902249890085356e-08,7.827767839017837e-06,3.903314912806116e-05,0.25992985647265027,0.00017981401346398436,5.0465268857160167e-05,1.4908739902464143e-10,7.379207423710162e-05,1.0068142486903078e-07,9.679807611468139e-05,3.183650548459139e-05,5.4454985073663953e-05,6.051967234476863e-06,3.2767223636806735e-08
57,2.5093198271453775e-07,0.0004100363708930786,0.0006293797677044805,0.0002639635715078582,0.00023445854858518143,0.7509736364621832,9.097471446591173e-05,9.641903250753194e-06,0.00012076209271103941,5.789981546143302e-06,0.0006371783433853677,7.502485417348693e-08,9.07950622377512e-06,3.531823464854816e-05,0.24593766646548157,0.00015197146968766104,5.0839417157361286e-05,1.4260899922666022e-10,0.00018064844145243043,1.2799444306295903e-07,0.00015097368395769115,5.9834030466696545e-05,4.440738289644438e-05,2.9564298177672253e-06,2.9088088128617943e-08
58,2.5240677874514503e-07,0.00027902963303042374,0.0004943214532914865,0.0004560131925021292,0.0002045734626613933,0.6984374327756834,9.527809044884637e-05,6.2691700864264635e-06,0.00019573786589851562,7.352127102198625e-06,0.0007856376078324735,2.939533979103075e-08,6.151763266060492e-06,3.636480270672565e-05,0.29852651146850456,0.00017012484813025273,4.5740653480419976e-05,1.304879606234589e-10,6.501498004901934e-05,9.899915750261713e-08,9.431842588453383e-05,3.180876486812218e-05,5.3901403046521686e-05,8.005529596258031e-06,3.1050166292109526e-08
59,2.505844824261515e-07,0.00026820050137326817,0.0005323874976352501,0.0004823304823532093,0.00021406148839438817,0.6847486580302274,9.029986601162431e-05,5.959677160859039e-06,0.00019510808497633732,7.772512440596981e-06,0.0008014212140336052,2.7477056346679716e-08,5.594654351188575e-06,3.743477262995092e-05,0.3121480672009628,0.00016579372003261615,4.393148132725529e-05,1.2988933471398712e-10,6.141208594739134e-05,1.0027162918813938e-07,9.772690537007662e-05,3.126099553656724e-05,5.316722367163449e-05,9.001989770960616e-06,3.1152735544969946e-08
60,2.478742208921966e-07,0.00030332394873678334,0.0004679702435233677,0.000444042004508453,0.00022098618193185614,0.7279474957818526,0.00010046972828830331,6.5845193565187684e-06,0.00019058005417693465,6.883801455180239e-06,0.0007273582507656081,3.3295576262646844e-08,6.649574299981891e-06,3.688437726688102e-05,0.2690573105107479,0.00017738614725531994,4.667792000382655e-05,1.3720028226848336e-10,6.917941618918503e-05,9.813934511572409e-08,9.821351308082219e-05,3.04236081302128e-05,5.5060112074835284e-05,6.108889485648726e-06,3.19705272126023e-08
61,2.602620454278029e-07,0.00026521937717285856,0.0005780067001519322,0.0004915841782982844,0.00021018517081599223,0.7012842459248196,8.664699647333744e-05,6.522451885650671e-06,0.00017970995350512052,7.455245893562422e-06,0.0007687197483848089,2.8159508168341264e-08,5.881033172179251e-06,3.523796413491632e-05,0.29561568429984264,0.00016526654058799837,4.4939032554551385e-05,1.316623872184475e-10,6.450972785555724e-05,1.0051192647101546e-07,0.00010010362115083578,3.0478894945393893e-05,5.093830709254046e-05,8.247540384096651e-06,2.8225735675928972e-08
62,2.478742208921966e-07,0.00030332394873678334,0.0004679702435233677,0.000444042004508453,0.00022098618193185614,0.7279474957818526,0.00010046972828830331,6.5845193565187684e-06,0.00019058005417693465,6.883801455180239e-06,0.0007273582507656081,3.3295576262646844e-08,6.649574299981891e-06,3.688437726688102e-05,0.2690573105107479,0.00017738614725531994,4.667792000382655e-05,1.3720028226848336e-10,6.917941618918503e-05,9.813934511572409e-08,9.821351308082219e-05,3.04236081302128e-05,5.5060112074835284e-05,6.108889485648726e-06,3.19705272126023e-08
63,2.4994161916955617e-07,0.0003304279052389765,0.0004625713614899204,0.0004256354762717697,0.0002243293529676596,0.7274931317412148,0.00010095004989585996,6.4304298071388945e-06,0.00019785840182067951,6.816275046988048e-06,0.000728004094566874,3.412464050501457e-08,6.699434098136851e-06,3.679319381049201e-05,0.2695067438890023,0.00017095811133790485,4.665459527840575e-05,1.3435238625231751e-10,6.934697817378311e-05,9.358012900794873e-08,9.654425773071714e-05,3.077896032422419e-05,5.2931405794297814e-05,5.98366923011533e-06,3.263615806636178e-08
64,2.3654185844191547e-07,0.0003011236803561604,0.0004866213987145692,0.0004441201984676492,0.00022237593541526028,0.7140562067669639,9.346225761306466e-05,6.630268193309782e-06,0.0001661901085907774,6.708674086878804e-06,0.0007146869414282144,3.197706554202864e-08,5.893198246254751e-06,3.3858412844336544e-05,0.28298015443575086,0.00015492574849441083,4.065063704970531e-05,1.2420306103932013e-10,6.886577421453672e-05,9.627846447765969e-08,0.00012705399482246685,2.9521644127399426e-05,5.4580058851857296e-05,5.974941239969201e-06,3.00029369394104e-08
65,1.0272999986719365e-07,0.0001805521589061884,0.00044841569306985815,0.000273662107985958,0.00012131173939067665,0.7026378685633675,4.8917492924166334e-05,4.111812402687813e-06,7.766470834124694e-05,3.2636689400144213e-06,0.00047121113946989627,1.4406305523861284e-08,3.3571930282501453e-06,2.087499269425891e-05,0.29542507913577654,7.773573976375039e-05,2.4735049634352407e-05,4.36542514324966e-11,4.314773511996069e-05,5.72690015264516e-08,8.046523862049643e-05,1.966543396692089e-05,3.37253783009984e-05,4.047931653652397e-06,1.2637681320727804e-08
66,2.552575830732912e-07,0.0003079669279986474,0.0004915186948691774,0.00046749555610208225,0.00023287070103696916,0.7271254891464936,0.00010047245031517463,6.631642390083518e-06,0.00019167359242571675,7.269469958719871e-06,0.0007597760304539072,3.4488722235639745e-08,6.816975117338399e-06,3.873806445001694e-05,0.269767952789294,0.00018239067519451065,4.754841963112088e-05,1.4433309161617758e-10,6.9853549323555e-05,1.000591451931621e-07,0.00010266340213353248,3.119148066949354e-05,5.4897151993045984e-05,6.360903266492626e-06,3.242709930001285e-08
67,7.887108866289936e-08,0.00012448674061232157,0.00020862408024896036,0.00024187466194223943,7.820082452152902e-05,0.8083447457059388,5.6979611968863786e-05,2.1622514163529777e-06,6.352851328546653e-05,3.674970664846682e-06,0.0004588547616998661,2.1803830819326943e-08,3.3270652243081395e-06,3.630307026576375e-05,0.19006031112419117,9.927375071193516e-05,3.382862669593833e-05,8.911589105463202e-11,2.8419676278966848e-05,9.11630899487627e-08,7.361476427075584e-05,1.9535913446723126e-05,5.7897427137746876e-05,4.1407374089416586e-06,2.379494332636473e-08
68,2.671489964273503e-07,0.00021677846792307132,0.0005797345931350432,0.0008662701008761461,0.0001569605068674712,0.8643846171748244,0.00016034529528193846,1.067322952383339e-05,0.00013695667856430932,5.3961130558134865e-06,0.0007235524603754638,6.728686246813813e-08,1.8612648769745646e-05,4.243481916005683e-05,0.13208250143999364,0.00027118666590320435,8.726578946374743e-05,4.2339677556509315e-10,5.4804433891618244e-05,1.4983228532621287e-07,0.0001085052870580476,1.9011938931476176e-05,6.946202148956907e-05,4.415698057906405e-06,2.994531232393481e-08
69,9.636824992251987e-08,0.00012262743839032728,0.0002799639183639753,0.00015021710750540244,4.711353966755986e-05,0.8448853719080656,4.493906484031025e-05,3.7152401782074437e-06,3.631071272025241e-05,2.768693691888392e-06,0.00045197145101590226,2.6651715249043335e-08,5.243446332262973e-06,1.9463684097275135e-05,0.15360529780280377,7.784770655477984e-05,3.417369005995914e-05,6.305931121451408e-11,7.437021973861871e-05,1.0188964612152949e-07,9.04724138011801e-05,2.383317562907238e-05,4.1508707429119146e-05,2.554773547802678e-06,1.0332896116051277e-08
70,1.0272558166656234e-07,0.00012195877074537236,0.00029686435250374807,0.0006700647529151793,0.00015916915796949962,0.8725870724176339,7.175729921953872e-05,4.810988453028424e-06,0.00019469412702066303,5.97112523600499e-06,0.00038242210470978077,2.00703609309528e-08,5.676023339801657e-06,3.73704053317426e-05,0.12499975127207047,0.0002699327166901449,5.1933346051970986e-05,1.2489564635094144e-10,2.2606180288343513e-05,1.1191559159007971e-07,4.493443052831293e-05,1.2922281438543283e-05,5.443548762943804e-05,5.399850628148345e-06,1.8073166680315385e-08
