,0,1,2,3,4,5,6,7,8,9,10,11,12,13,14,15,16,17,18,19,20,21,22,23,24
0,4.188123471931898e-05,5.0433351558324786e-05,7.306745812062359e-05,1.3387171837384634e-05,0.0019135505899279418,0.9408976241369452,8.884668143514451e-07,5.765440298447175e-08,0.007151216807168263,2.504602508838152e-07,0.02153101842718555,1.9074107320811586e-07,2.2709455505720085e-06,1.4833956460371069e-05,0.0007110281470770634,2.47032506605923e-05,0.015561911000130263,0.00012848378682741066,0.003472371432552077,2.9021832825326317e-06,0.0006380493363496549,0.00024252126724453931,0.0010322213613285485,0.005793837357682507,0.000701299474849994
1,6.760897594720723e-05,9.105038098571499e-05,0.00018263929660006405,2.7473898240476688e-05,0.0015703016523300548,0.9494105661236064,1.8186349940274512e-06,5.167613717499054e-08,0.0055957138362613176,1.0014300767276296e-06,0.01567318131426192,2.7248884832922427e-07,2.0009166827969622e-06,1.959891408758375e-05,0.0004111465622361864,1.7215943040799774e-05,0.009796927938290284,0.00017685528221517477,0.0029310906898222526,3.5880501227381068e-06,0.0009378961136809579,0.00018369297143770152,0.0029659696253250445,0.008664438136848791,0.00126789914792028
2,8.035306234340393e-05,0.00012913955523194482,0.00015355456056248432,3.009697916479553e-05,0.003729263784580868,0.9274214471901648,2.684028637480835e-06,5.942050943965734e-08,0.00558586352703284,1.0172332600219012e-06,0.02599843758799585,3.1821119832564737e-07,2.2026292298954565e-06,3.86520404512287e-05,0.0007081215457777978,1.4610835573326654e-05,0.016575169970288933,0.00021094552976935185,0.002474266490769844,5.347427656629614e-06,0.0009448327442693727,0.0002406436090377308,0.005614773971528743,0.007514526341742588,0.0025236717232223213
3,6.04523895725002e-05,9.672414748342314e-05,0.0001474721952086026,3.680913808835693e-05,0.0020317142760217597,0.9331031270107325,1.9044663014462955e-06,5.175324151234061e-08,0.004483734948079851,9.364621081699453e-07,0.024254387467759854,2.933140942439747e-07,1.8964301154041605e-06,3.224547925267628e-05,0.00039907314602822424,1.2692927837280004e-05,0.015563763293187764,0.0002013011752140848,0.002332140643941688,4.093156300563827e-06,0.0010354218439467197,0.00023750307893346325,0.005417035700672648,0.008889064318016986,0.0016561612378601885
4,6.482454009274837e-05,0.00010202633807139579,0.00014862807044274188,4.0013895509153984e-05,0.002129732788884748,0.92833065788562,2.0100890696241346e-06,5.2623744560254855e-08,0.004923964753731775,9.538485245359683e-07,0.025034345852135702,3.553367348264211e-07,2.3657016074267327e-06,3.516933810803058e-05,0.0004219250403674373,1.3281384799540095e-05,0.017565852143702296,0.00021644439635977951,0.0024403709785517534,4.4689743292067915e-06,0.00111769838817542,0.00027179846032539284,0.00573431776905617,0.00956626166052552,0.001832479741530323
5,6.432428833579243e-05,9.35542187980811e-05,0.00014405812045255954,4.596571944143231e-05,0.0016860995856285775,0.9299265736503843,1.6884650995388577e-06,4.641544505833421e-08,0.004278705671685968,1.0275272028969985e-06,0.0232716050289076,3.203370928510061e-07,2.155042092259025e-06,3.496150213349142e-05,0.0003223488938056656,1.1569774939955073e-05,0.018169179556327072,0.00026376392361878256,0.0021806053291200667,4.392471381165978e-06,0.001188722287936518,0.0002618255405152225,0.005940681152920981,0.010381805092478586,0.0017240204042557967
6,6.04523895725002e-05,9.672414748342314e-05,0.0001474721952086026,3.680913808835693e-05,0.0020317142760217597,0.9331031270107325,1.9044663014462955e-06,5.175324151234061e-08,0.004483734948079851,9.364621081699453e-07,0.024254387467759854,2.933140942439747e-07,1.8964301154041605e-06,3.224547925267628e-05,0.00039907314602822424,1.2692927837280004e-05,0.015563763293187764,0.0002013011752140848,0.002332140643941688,4.093156300563827e-06,0.0010354218439467197,0.00023750307893346325,0.005417035700672648,0.008889064318016986,0.0016561612378601885
7,0.00011329454675939742,9.46109326552588e-05,0.00026740645670980006,2.741161752251179e-05,0.0016431311931100168,0.9441354544752215,2.0136758832506423e-06,4.8102483311538924e-08,0.003801516280695854,1.2581128359359053e-06,0.018346375925287057,2.10814204271326e-07,1.5736244348427137e-06,1.7460433150172616e-05,0.0002474026127491027,8.815297317083413e-06,0.007955260310201688,0.0001899880903776469,0.0028135433749429334,3.092236231652097e-06,0.0005341482819776426,0.00012007138345185417,0.005431772323921109,0.012937910740298984,0.0013062291575768976
8,7.551950301513517e-05,0.0001494010711585307,0.0002734360273428177,6.593898674237812e-05,0.002189105199414584,0.9305636214377419,3.001558011808158e-06,5.818531977330692e-08,0.0031690975886264376,1.8143504807641733e-06,0.023520312351937907,3.2020055092567647e-07,1.5651187369479313e-06,4.0536431615289536e-05,0.00021481974487082384,9.949519190396365e-06,0.008990635561874452,0.00013998488219417148,0.001826706015574216,5.388669238617936e-06,0.0007871948838238189,0.00011416543038228957,0.013482887878892399,0.01262101740699919,0.0017535219962644076
9,5.514247282220891e-05,0.00012095966336597376,0.00026861532784403354,7.414222330001414e-05,0.0014731029492251306,0.9393095482516417,2.5001259688058394e-06,4.576717383017423e-08,0.004030637417491839,1.6829767844506506e-06,0.017783358211679704,4.1070285112332097e-07,2.1411631968514475e-06,3.2714749730114666e-05,0.00024561254616600785,1.2816787534080545e-05,0.010463399924703019,0.00016100787748292672,0.0016652873341994497,5.699023638442613e-06,0.0014147676798167113,0.0001566234963252813,0.008852927532323359,0.012076374473679425,0.0017904813210552451
10,6.04523895725002e-05,9.672414748342314e-05,0.0001474721952086026,3.680913808835693e-05,0.0020317142760217597,0.9331031270107325,1.9044663014462955e-06,5.175324151234061e-08,0.004483734948079851,9.364621081699453e-07,0.024254387467759854,2.933140942439747e-07,1.8964301154041605e-06,3.224547925267628e-05,0.00039907314602822424,1.2692927837280004e-05,0.015563763293187764,0.0002013011752140848,0.002332140643941688,4.093156300563827e-06,0.0010354218439467197,0.00023750307893346325,0.005417035700672648,0.008889064318016986,0.0016561612378601885
11,6.419363480542748e-05,0.00010025510123482446,0.0001532558222918622,3.910866473292263e-05,0.002102284679014992,0.9304660967932571,2.0095683706918214e-06,5.419694655266716e-08,0.004736928429213817,9.691058250414157e-07,0.02475976375781729,3.318923515507268e-07,2.2090903688875143e-06,3.350798562745346e-05,0.0004071587895951546,1.3379387944870029e-05,0.01628188831573941,0.0002085062302894227,0.002421746912895591,4.426305273151763e-06,0.0010595120673089536,0.0002492603539032279,0.005632154491217728,0.00953913750769178,0.0017218609162822963
12,4.7631830435849804e-05,0.00010824757862790428,2.9512724131165466e-05,2.8725851871946607e-05,0.0036026046886889034,0.912512580109879,7.104818477657806e-07,9.324939308251136e-09,0.0019797558774127693,1.107557855610357e-06,0.006570118612861493,6.994160365162448e-08,1.2764845816712815e-06,0.0001008337037581074,0.00013465098562231653,3.5291200238075194e-06,0.0592524031934356,0.000367085412173182,0.0004093379812853413,5.190633686693075e-06,0.000830519036070008,0.00013681977768406308,0.007027893529405881,0.001975455022185932,0.004873930539931831
13,3.2902532596678624e-05,9.57959290811922e-05,0.00014464865067374542,7.904248469247342e-05,0.003037425248587518,0.7895419858861785,3.674005545923935e-06,1.5303360426600248e-07,0.0038243686680706607,6.737606456617015e-07,0.14185195083085658,8.241532594489418e-07,2.1099375646628992e-06,9.996575995431536e-05,0.0006623798423751651,1.2941490718190844e-05,0.022604115798326448,0.0001741906584856058,0.002465327006631761,4.9179976014305115e-06,0.0015257919150617324,0.0006441507751545277,0.01889361844796482,0.01256414922187442,0.001732895964494254
14,5.444228795876325e-05,7.065480062533954e-05,0.00016812760478953815,3.581986514122675e-05,0.0016497771611988356,0.9375852702827943,1.6225451949682812e-06,4.736804539761424e-08,0.00465600619762457,7.733249474830844e-07,0.02085054229069487,2.9480727032674156e-07,2.144295912199086e-06,2.5388681710019213e-05,0.0004058919560335627,1.266259048661261e-05,0.015757332504288252,0.00019796788977174807,0.002001270240683623,3.8670058000332014e-06,0.0011462764906048886,0.00024033888483527101,0.0049019605716352985,0.008590725988914893,0.0016407943630378276
15,6.04523895725002e-05,9.672414748342314e-05,0.0001474721952086026,3.680913808835693e-05,0.0020317142760217597,0.9331031270107325,1.9044663014462955e-06,5.175324151234061e-08,0.004483734948079851,9.364621081699453e-07,0.024254387467759854,2.933140942439747e-07,1.8964301154041605e-06,3.224547925267628e-05,0.00039907314602822424,1.2692927837280004e-05,0.015563763293187764,0.0002013011752140848,0.002332140643941688,4.093156300563827e-06,0.0010354218439467197,0.00023750307893346325,0.005417035700672648,0.008889064318016986,0.0016561612378601885
16,6.65557718407437e-05,0.0001419588263479609,0.00016837050382884194,5.253148820796507e-05,0.0022400330854372365,0.9143996594675592,3.5252815142106037e-06,9.169977848751842e-08,0.005433138197989803,1.8764366014176847e-06,0.02770583485734225,6.46229679641622e-07,2.699425571562114e-06,5.2312685542480974e-05,0.0006130858140339637,1.9615954797819084e-05,0.02249969164874717,0.00030755503310595417,0.0036833024751571956,5.708914369819917e-06,0.0026041342529808126,0.0005481998236565258,0.007175324657966901,0.009777890174407486,0.0024962572935346345
17,5.319542114291734e-05,0.00011998096155266345,0.0001247492615871961,7.081731201111292e-05,0.0034484849162646105,0.8743919790842729,3.005997042272217e-06,8.500280515316951e-08,0.0041398231516273165,1.3457832427838135e-06,0.04224134785648519,5.833829582964974e-07,3.435771803906946e-06,8.314466612214743e-05,0.0004864781806961204,1.540025408178623e-05,0.04166043279389957,0.00028675410568610143,0.002164123782723988,8.385312536172022e-06,0.0018822852676505526,0.0005564963449744502,0.01516430226280487,0.010154088101103204,0.002939275024925019
18,6.763363489845599e-05,0.00010263697444598057,0.00010965994712164259,3.906435879801587e-05,0.0029365195106948443,0.9143545941965951,2.172762022117028e-06,3.866317277880839e-08,0.004092169338030798,1.4227119910621342e-06,0.018846401766516658,3.156452353744718e-07,2.633390302043236e-06,5.254877299269276e-05,0.0004443460199796331,1.0150548018747121e-05,0.0361321202228059,0.0003925647221255606,0.0016546031915336897,5.72007771426101e-06,0.0017233518134344868,0.00038009910458272606,0.008193071733423414,0.006599223919819397,0.00385693697374449
19,6.813995268967883e-05,0.00014569119967332858,0.0002517067918014567,6.209761840476384e-05,0.002555965717730293,0.9123648856912939,4.166465699239728e-06,8.918559068822426e-08,0.0069189067857436184,1.4671825902975255e-06,0.030528135107418634,7.244716358805809e-07,3.3108831960471916e-06,4.1455231650042093e-05,0.0006296619906585906,2.057898210570264e-05,0.01869917072216704,0.0002240103698343047,0.003246507612453475,5.963423742987867e-06,0.0020541755215835837,0.0004240404158372707,0.007903817009376082,0.011504663015627014,0.002340668651496327
20,5.22898165447312e-05,9.591618480500079e-05,0.00017760142484517715,4.478440710338272e-05,0.001982043723504251,0.9083311954640391,2.6426470085218296e-06,1.1641304941060009e-07,0.005078137687447401,9.952737296146337e-07,0.040552802425463316,4.94956684400932e-07,2.255202676481181e-06,4.170983084079801e-05,0.0008942510415896788,1.9116260440336477e-05,0.020842793307841848,0.00024591367920066755,0.0034175490264695954,4.738498003546877e-06,0.0016456151721816164,0.0005632533432761374,0.005690100756901924,0.008450321009103081,0.0018633624472499445
21,6.227594931281401e-05,0.00011660669525805321,0.00016178404138659402,4.6479318300818835e-05,0.0017159946235959448,0.9380143274765567,2.146193838658531e-06,6.915485215498795e-08,0.005845523163726024,1.228474900980322e-06,0.02150385691819457,4.3147653831361436e-07,2.44513809768223e-06,3.908909075707407e-05,0.000382828995161573,2.1548711560658266e-05,0.011585419994574398,0.00021547047350524017,0.002837761234655143,4.901256598518417e-06,0.0013116232926777584,0.0002509052782322312,0.004232602924724482,0.01032043689429688,0.0013242432286969187
22,6.654881463945805e-05,5.8656947119180774e-05,0.00011722752158002426,2.5417301974237845e-05,0.001634745370863982,0.9352103616645102,1.0628051992331957e-06,3.940984643494894e-08,0.0034592314345643074,7.509208295769805e-07,0.02141894194801929,1.5121456361871895e-07,1.4780465001648174e-06,2.2301561457402264e-05,0.0003554696581113438,9.800080605616792e-06,0.02132928995905107,0.0003140267753927289,0.0018825692922063441,3.2756222833684357e-06,0.0008502146917383532,0.0002577729613610468,0.003794808345480105,0.007693439201399229,0.0014924184507037809
23,6.04523895725002e-05,9.672414748342314e-05,0.0001474721952086026,3.680913808835693e-05,0.0020317142760217597,0.9331031270107325,1.9044663014462955e-06,5.175324151234061e-08,0.004483734948079851,9.364621081699453e-07,0.024254387467759854,2.933140942439747e-07,1.8964301154041605e-06,3.224547925267628e-05,0.00039907314602822424,1.2692927837280004e-05,0.015563763293187764,0.0002013011752140848,0.002332140643941688,4.093156300563827e-06,0.0010354218439467197,0.00023750307893346325,0.005417035700672648,0.008889064318016986,0.0016561612378601885
24,6.544390737125481e-05,0.00013294014184167955,0.00012123566081263833,4.952543699110985e-05,0.0019992446821784256,0.9299067363903161,1.7569024162542123e-06,5.3135631033605494e-08,0.004029570699498862,1.2100046881820781e-06,0.02363936263417893,3.0979035289289753e-07,1.9901668879748073e-06,4.905760292091006e-05,0.0002873075513059511,1.273654153563874e-05,0.01792462218564089,0.00022479910908100245,0.002384127710408054,5.148329076000242e-06,0.0009838474591018628,0.00023951459670049067,0.006573036962564434,0.00977385257958442,0.0015925698189150797
25,3.418047833147143e-05,8.39881343099431e-05,0.00011663983281855119,6.074337554853458e-05,0.0022677046645249617,0.874195509485094,2.406565479937872e-06,1.4357543543119073e-07,0.0030375208811478215,7.966993292350101e-07,0.07757304856234734,3.695381950482149e-07,1.420795904784929e-06,6.909024729652444e-05,0.0003741163278207579,1.5775443832997234e-05,0.01664483453585077,0.0001653656355000223,0.002495206138255906,4.475065743694717e-06,0.000995023824728217,0.0003478987495442524,0.009787473484249612,0.010789495587899284,0.0009367723708108937
26,1.3641604826351348e-05,0.00035826095631231005,0.00014504729081610664,0.00011736926245033491,0.005892306421834588,0.8088384465342334,4.0491734711897565e-05,1.2352819357341983e-06,0.008248000241646404,3.8627835729419114e-06,0.08147648734739814,3.971460124934118e-06,1.592291816050739e-06,0.0006026246884325278,0.02697216808979387,0.00010517780942644304,0.027210405394102122,0.00020632305089240692,0.003916866976301603,7.414210569775414e-06,0.007916300612908541,0.0049623663612302134,0.00786941974183784,0.0007768242902742211,0.014313395562551142
27,5.56034529450886e-05,8.955281005800536e-05,0.00013913773500970553,3.758581804651776e-05,0.0018074022904250003,0.9250812675222351,1.7900355543941382e-06,6.412371424670587e-08,0.00473608238618852,8.279404037631263e-07,0.029746178072554138,3.255847854113972e-07,1.9336238161687916e-06,3.461879384749932e-05,0.00048710381994462203,1.4151689072233066e-05,0.017934410752610604,0.00022377773419250677,0.002732085732173259,3.894570797488773e-06,0.0011675436835380886,0.00034551771907879184,0.004886212153292597,0.008968237090674512,0.001504694865041777
28,6.04523895725002e-05,9.672414748342314e-05,0.0001474721952086026,3.680913808835693e-05,0.0020317142760217597,0.9331031270107325,1.9044663014462955e-06,5.175324151234061e-08,0.004483734948079851,9.364621081699453e-07,0.024254387467759854,2.933140942439747e-07,1.8964301154041605e-06,3.224547925267628e-05,0.00039907314602822424,1.2692927837280004e-05,0.015563763293187764,0.0002013011752140848,0.002332140643941688,4.093156300563827e-06,0.0010354218439467197,0.00023750307893346325,0.005417035700672648,0.008889064318016986,0.0016561612378601885
29,6.04523895725002e-05,9.672414748342314e-05,0.0001474721952086026,3.680913808835693e-05,0.0020317142760217597,0.9331031270107325,1.9044663014462955e-06,5.175324151234061e-08,0.004483734948079851,9.364621081699453e-07,0.024254387467759854,2.933140942439747e-07,1.8964301154041605e-06,3.224547925267628e-05,0.00039907314602822424,1.2692927837280004e-05,0.015563763293187764,0.0002013011752140848,0.002332140643941688,4.093156300563827e-06,0.0010354218439467197,0.00023750307893346325,0.005417035700672648,0.008889064318016986,0.0016561612378601885
30,6.04523895725002e-05,9.672414748342314e-05,0.0001474721952086026,3.680913808835693e-05,0.0020317142760217597,0.9331031270107325,1.9044663014462955e-06,5.175324151234061e-08,0.004483734948079851,9.364621081699453e-07,0.024254387467759854,2.933140942439747e-07,1.8964301154041605e-06,3.224547925267628e-05,0.00039907314602822424,1.2692927837280004e-05,0.015563763293187764,0.0002013011752140848,0.002332140643941688,4.093156300563827e-06,0.0010354218439467197,0.00023750307893346325,0.005417035700672648,0.008889064318016986,0.0016561612378601885
31,0.0001023497267659246,0.00012864391898294888,0.0002326266587764926,4.2960756600747706e-05,0.001922553999680557,0.9349209713999758,2.409471005478314e-06,7.970796608848705e-08,0.0038601656047687646,1.6750213498686536e-06,0.021844536439407262,2.7636328537477934e-07,1.650176643873618e-06,3.305325327210349e-05,0.00032654817673417793,1.0855557798245866e-05,0.013320652170587538,0.000255430806077,0.0029217084514375218,4.365307676202565e-06,0.0009007689440633793,0.00020570944704112956,0.007108549379522409,0.010123615484332113,0.001727843776248957
32,6.560700970682181e-05,0.00010103466085727618,0.00014528889273664316,3.43224927481831e-05,0.0019460395839203178,0.9334156919727967,1.8761554911384458e-06,5.344649293619735e-08,0.004567984295385393,9.486018370884167e-07,0.024178681256436404,2.978237272447638e-07,1.883510237395421e-06,3.1278212747939126e-05,0.00040870050807460616,1.273735025802843e-05,0.01516915999560264,0.00020544408216645338,0.0027034900998871283,3.884310731570186e-06,0.0009947136064067422,0.00024748524540657845,0.00500280768587402,0.009169089687800253,0.0015914995126707207
33,2.4887361367989224e-05,5.569985326465964e-05,5.263811274583055e-05,5.5986936033008436e-05,0.00145091965961264,0.8958319185877313,1.128804488582947e-06,9.853748452646668e-08,0.0016591463587461264,1.0675216777949477e-06,0.04121298396773294,2.3467491960407997e-07,2.099373279546734e-06,7.434708687210254e-05,0.00015005875977868106,1.768227853623242e-05,0.034787041244819815,0.0001955246380689093,0.0021995167521095195,5.877007178151591e-06,0.0008312889264786656,0.00041785250533751524,0.009543626093168252,0.010729421346242794,0.0006989536123250176
34,0.00025674989115269945,0.0001669641897901205,0.00021574734904957035,1.1941404686964457e-05,0.0016978033465282164,0.9290890600603048,1.4181218068728521e-06,4.719147052894746e-08,0.015601693836852294,3.7339854426866197e-07,0.019947351384442834,2.9944239302991904e-07,1.8579432787088415e-06,1.0235883525916396e-05,0.0005908606846706366,1.0286093036296923e-05,0.006222937830873099,0.00020962009723458807,0.010175458071313941,1.3815589385495958e-06,0.0004549484959715405,0.0001817873257511762,0.0010345552679095695,0.0132358572558695,0.0008807638746043465
35,0.00024112481250089908,0.00012294249194901935,0.00027298920393052715,4.176895317318294e-05,0.0017299682161665121,0.9199957938759697,2.3385118771319473e-06,7.008345938554326e-08,0.010946386676799784,1.4238741482320043e-06,0.016836464076051726,4.467308363514257e-07,3.193403276038305e-06,2.0753868581032368e-05,0.00036181228963923223,1.2580280984689058e-05,0.020491667431142065,0.0009192279175497126,0.0045173864403048845,3.5488692545920596e-06,0.0019907998011244525,0.0004052538708191346,0.0032628172645027104,0.015761102038374303,0.0020581390175845636
36,7.782267101372828e-05,0.00013569966426763434,0.00017977504186103443,4.7426434533422654e-05,0.0026802140699576345,0.8853317107959338,3.43459988942712e-06,1.84739357058547e-07,0.00833853039083162,1.1173272945982261e-06,0.04199450891159966,1.0146034270481128e-06,5.525697985132408e-06,4.7057999350357065e-05,0.0011905026088813997,3.6217387331708905e-05,0.030428091306461232,0.0002592491931744781,0.007002681213240597,7.171332308452888e-06,0.0018049492780685317,0.0009153826384078046,0.005833415778292332,0.011650015982257768,0.0020283003342736697
37,0.00013019654891252487,0.0001326492020349195,0.0002364079150370398,4.838462201983629e-05,0.0018328767700139124,0.9211310250910488,2.2373719069142763e-06,4.461622553199819e-08,0.004698146202366177,1.6025932538942194e-06,0.022796917029371967,3.318473006140424e-07,2.1477014296472e-06,2.6352287274617385e-05,0.0002187104207314006,9.534099038297287e-06,0.014772815938538597,0.0003232620303013004,0.003040197008980278,4.468189915143439e-06,0.0010680140980207698,0.00021741409659886056,0.00818921288026843,0.01940606617270246,0.0017109852667079508
38,3.1966527758734974e-05,0.00016222691269407777,0.00012707633091281037,0.0003539460606350943,0.0027615264790346937,0.6389378398049874,3.163766704217309e-06,2.1874222127967855e-07,0.004353566168916626,1.6108036646467635e-06,0.09452751760539675,1.5988497942959356e-06,5.780832162500894e-06,0.00018994920273186558,0.0003730463085141177,1.724499956850805e-05,0.17920979696792771,0.0005196169247222913,0.0021047101583798024,2.1987534773803773e-05,0.007676247778078822,0.0023743963442655136,0.04716103349913997,0.016039639817049322,0.0030442915799652037
39,2.9820315239558367e-05,2.5238526829648792e-05,0.00012457224924627657,2.1167163769469498e-05,0.0007983677608704959,0.9605211163603067,9.409258745770774e-07,4.757352888456767e-08,0.0025595823094274155,6.473666637201808e-07,0.011561370782645252,1.4395310818069594e-07,1.5912842544522425e-06,1.2140467308805805e-05,0.0002976379841359511,1.3280011843330278e-05,0.012984434266907851,0.0001636410766406253,0.0015757106248861419,2.3840186457449025e-06,0.000965536511121741,0.00017269696250035667,0.0021524920748560044,0.005103345327535518,0.0009120941018533672
40,7.429687597076522e-05,0.00012916331293501846,0.00023168826274545484,2.8140625431811547e-05,0.002607356464727691,0.9360191179814229,3.0922803295396787e-06,5.1175442421088396e-08,0.006578649657369253,8.917275706734394e-07,0.023774420203212063,4.16272507891312e-07,2.0376103712994624e-06,3.0478019790315767e-05,0.0008167120109733619,1.174942948570815e-05,0.010893927586696732,0.00015748280121728685,0.0027078044135044,3.3281286132631578e-06,0.0010155576539077136,0.00024681440235852203,0.004956921190784142,0.0071481583447788955,0.0025617435678528923
41,0.00010035274030721999,9.443010944884731e-05,0.00021129487874092323,1.7802573131339534e-05,0.005649208908140405,0.9427078042118577,2.38174615841913e-06,3.7522386834212304e-08,0.011370763701428045,3.725143671643342e-07,0.01830802166524192,2.0993398071269655e-07,2.6362598078740724e-06,1.4539665235093134e-05,0.0008177740426027639,1.92662036327384e-05,0.008241837668894782,0.00013090459971592174,0.001575146416018171,3.6505639917395e-06,0.0005061544804062021,8.53614046296208e-05,0.0020016099472390946,0.006377514975415766,0.0017609232672208183
42,4.211128564721276e-05,6.311570626531057e-05,0.00015776981352147188,4.074934572560995e-05,0.0008996461830416276,0.926884336602392,1.6763257885586893e-06,1.2882626063307855e-07,0.0040808547354473845,1.110377718392024e-06,0.02657907624940777,4.6184045524121997e-07,2.5785876255147916e-06,2.4635374676298512e-05,0.0005517463814995023,2.767281855550414e-05,0.018334596108859524,0.00021790826664400047,0.005011927511214378,4.2922573840059106e-06,0.001643380541408085,0.000554091318785583,0.003596648339978453,0.01030166917556792,0.0009778160261297603
43,3.402638226860689e-05,5.2077639815460876e-05,0.00010667476537260368,2.987725579815626e-05,0.000928108059022069,0.9543628608376562,1.3350521766781353e-06,5.530382064809187e-08,0.002199802150190567,1.925205412984189e-06,0.011276954112953354,1.6672035341420656e-07,1.422217435601754e-06,2.7428258485467916e-05,0.00024096271074501287,1.4592631579435818e-05,0.016285337871074303,0.0002521682259729046,0.0019031701877162683,4.081869465710575e-06,0.0014328551513986371,0.0002554400594413138,0.0036108232652574375,0.005768503290833328,0.0012093507757536767
44,6.04523895725002e-05,9.672414748342314e-05,0.0001474721952086026,3.680913808835693e-05,0.0020317142760217597,0.9331031270107325,1.9044663014462955e-06,5.175324151234061e-08,0.004483734948079851,9.364621081699453e-07,0.024254387467759854,2.933140942439747e-07,1.8964301154041605e-06,3.224547925267628e-05,0.00039907314602822424,1.2692927837280004e-05,0.015563763293187764,0.0002013011752140848,0.002332140643941688,4.093156300563827e-06,0.0010354218439467197,0.00023750307893346325,0.005417035700672648,0.008889064318016986,0.0016561612378601885
45,4.1703313955121744e-05,4.9064177264981167e-05,0.0001624359903087488,2.2722031749281278e-05,0.0016330753409021248,0.936115280519759,1.7127861708083548e-06,9.295204912776619e-08,0.004225602744357912,5.33182566700689e-07,0.03271972192373972,2.222078786825198e-07,1.6333768291508606e-06,1.6945580848916756e-05,0.0007803045529551236,2.250151829694767e-05,0.009558644285423929,0.0001338863849612882,0.0028966479622188563,3.0695856068092505e-06,0.0006321203454320159,0.00022198523035984438,0.00246159871182315,0.00742172394632255,0.000876771348219235
46,0.0001570081434228733,0.00029851057593132307,0.00037207293553349354,2.330280396778077e-05,0.005277708874874154,0.9336775451535806,7.611577017582667e-06,5.521455381340358e-08,0.013236189169990824,1.4535236268953658e-06,0.02225803986256933,4.5523399306117183e-07,1.3980255859238107e-06,2.8652210128963244e-05,0.0007853170420526164,1.4375024718928356e-05,0.003083749051452818,0.0001613956580710793,0.0037195791050894248,3.0423278261664123e-06,0.0009464287395002361,9.360889333656572e-05,0.003897578129318473,0.00951320726118316,0.002441715462673698
47,0.00011345599070639897,0.00012750414732961852,0.00019598371428098426,3.6038340607558626e-05,0.002238855381551502,0.9198468544960983,2.4258821790033104e-06,4.982470346647166e-08,0.008320809110647833,1.294587730947872e-06,0.017024570425011046,6.01570743672566e-07,4.753810185370709e-06,2.4010686775878218e-05,0.0006054024181340487,2.299717785202224e-05,0.023951805925309228,0.0003006287545032671,0.004289526012995672,5.839219979969639e-06,0.0018532633024338858,0.00044793852980275835,0.004665447429629636,0.013385168002829862,0.0025347752579780456
48,5.4975099005373664e-05,0.00011847961180207659,7.808696426960398e-05,2.751866692351718e-05,0.0010898123035725368,0.9371927935509685,1.1395061833226443e-06,5.0805856594382037e-08,0.0025328123394154824,1.0936296736090524e-06,0.023269268093064246,1.8915646987542624e-07,1.1361089010542641e-06,3.1655037614338945e-05,0.0001824200048604807,9.589581657685534e-06,0.013592147079843941,0.0001433637109582404,0.004980987188494031,2.679286860249477e-06,0.0005242927550603238,0.00022719716588794035,0.004506282144071727,0.010684883120347537,0.0007471470882375973
49,5.5702905668342143e-05,9.224160044592464e-05,0.00018116021300408768,4.580084906084406e-05,0.0015630975752320116,0.9340253521779424,1.9392752065507195e-06,5.1196937521344565e-08,0.004154290867738912,1.0759138100047653e-06,0.023170784861815216,3.558798900787672e-07,2.036338571022282e-06,3.369884956303538e-05,0.0003625744393106731,1.1668756847723081e-05,0.014608581560954587,0.00020207719760843238,0.0021317155149370797,4.153488163385093e-06,0.0012058706425245877,0.0002534199978773113,0.006483763902813253,0.009657157198012342,0.0017514287960646304
50,7.169137754512163e-05,0.0001578934509071799,0.00019311896456280923,4.150159078933556e-05,0.0035720477533247373,0.9175624280970808,6.127522630024764e-06,1.111626263068402e-07,0.0033378133106579406,3.190782622285916e-06,0.027573540919859148,4.856442219321608e-07,2.1868357332319654e-06,6.463776335100102e-05,0.0006396318226134577,1.5342307214854172e-05,0.017191802287862067,0.000228825584892526,0.003324800342135731,6.193775249237998e-06,0.0014186514294104154,0.000348794898814768,0.013023888436568374,0.007761999187118519,0.0034532947522082536
51,0.0001133265354740705,0.0005069557263929622,0.00018893837500109266,0.00010068066634689507,0.0015899960049027802,0.8940777227611467,2.5129642502600383e-06,1.17223417278488e-07,0.007181303287810349,1.745994256476224e-06,0.041459143889449636,7.019637288309583e-07,1.512123817329656e-06,9.678540814126592e-05,0.0005658359940050762,1.0902044041493054e-05,0.023186523616649437,0.000344296790799161,0.006851756059734903,5.204734419645221e-06,0.001727538634988251,0.0007376216371446052,0.007768445643783988,0.011458944437047534,0.002021487483250094
52,5.672010856119286e-05,7.936093591608305e-05,0.00013114296197545714,3.0400122017839284e-05,0.0018344460479688288,0.9393397762314167,1.5714137125463296e-06,4.6593448138465716e-08,0.004073901691505156,8.308848626225612e-07,0.022474958986608024,2.2809948185611484e-07,1.655412948477556e-06,2.89649892764383e-05,0.00038122169405102753,1.1751691071082678e-05,0.01434835897176328,0.0002069315597700238,0.002114900855418482,3.5532876080954804e-06,0.0008780890834560291,0.00021286237308789472,0.004412332125007959,0.007888654458518324,0.0014873394205486732
53,5.2396385582377805e-05,0.000125505962525418,0.0002496012330136515,5.44932797191973e-05,0.005136508995222188,0.8858909130482002,8.0898478043067e-06,1.214386375246056e-07,0.005764578217964813,1.40712334335449e-06,0.05497623781304088,7.512830534361294e-07,2.896218348515505e-06,5.4639124450881346e-05,0.0009295583195759422,2.0378296533247688e-05,0.015317374532197612,0.00017147630127688262,0.002589637470456357,6.242965690694684e-06,0.0017926960192302197,0.00035319403326797315,0.013122630923908413,0.010438033005177868,0.0029406381617781835
54,9.408060021729016e-05,0.0002057492290919825,0.00015366218166480082,2.8634651681114573e-05,0.002881230223294674,0.9458182894212067,2.3094819129298873e-06,3.3984388312439167e-08,0.00541785123976598,1.3986000889366744e-06,0.014505904326656644,2.887527062108544e-07,1.6874673023319345e-06,4.144076846873139e-05,0.0006440564538775636,1.1614064761062856e-05,0.012577034253644898,0.00018858474072432608,0.002410710958243065,4.520122360227464e-06,0.0008563539360806747,0.0001923764538199519,0.004965761101006687,0.005700096121498017,0.003296330865536686
55,0.00014599791393775445,0.0001432102034663622,0.0002753129285311446,4.576787835809109e-05,0.0019662161530360407,0.9181504622014128,2.6041031929571556e-06,4.0499437258648506e-08,0.019829963765422582,7.005585431659016e-07,0.016835066451328748,9.820845262842673e-07,6.615662397819291e-06,1.984496452100468e-05,0.00047291623236333396,1.8245778674513194e-05,0.012465555515706054,0.00033696342348027604,0.0041382701386978105,3.938456471930557e-06,0.002003375108276655,0.00027669492553818403,0.0027716369883977366,0.01810981087232153,0.0019798071919595794
56,6.374653372476313e-05,9.951238193663883e-05,0.00015252446104913417,3.838091222093471e-05,0.0020584056169658128,0.930784954744007,2.0092340106173164e-06,5.3853246435963164e-08,0.00471015375893095,9.595352026254363e-07,0.02476928862629933,3.33551260973714e-07,2.168549605884695e-06,3.3307844773967276e-05,0.00041451286656052713,1.3089940808852333e-05,0.016123744543138255,0.00020638551165412126,0.0024677545979999776,4.270323675342345e-06,0.0010629365983263906,0.00025357875280927663,0.005585955804644666,0.009419615677290891,0.0017323557798566943
57,7.998617903831343e-05,0.00014311301268633532,0.0001872725481881179,5.2113982664339765e-05,0.0022907143218713873,0.9102715110324168,2.9027165746307274e-06,8.167795399911174e-08,0.0067892118554377925,1.447539068296112e-06,0.024812451958987007,7.343671264135388e-07,4.528124867575755e-06,3.993015500100384e-05,0.0005801608820777312,2.1661282952607902e-05,0.02602023860704748,0.0002540299767988224,0.004251961088131859,7.0170406303114186e-06,0.0018201057546234937,0.000505663731961678,0.007096051443077596,0.012413025385534605,0.0023540853352815483
58,6.840841854970931e-05,9.457810750919006e-05,0.0001561834049390934,3.761785490434103e-05,0.0019065846392022385,0.929962039723872,1.8818944794078685e-06,5.012332913762361e-08,0.00475503249711865,8.749166633374927e-07,0.026061120920240117,3.2897254405132636e-07,2.1225577950259994e-06,2.898184189652848e-05,0.0003377809586738874,1.2505235613189832e-05,0.013755600809331432,0.00019841652320874839,0.0026398360863538165,3.896640112595043e-06,0.000964099096432131,0.00022009150699006078,0.005510152544427506,0.011843079242974935,0.0014387354828387482
59,6.465067599421967e-05,9.042128359713854e-05,0.00017572725187466227,3.8560620820135436e-05,0.001809391836389543,0.9323097898270443,1.8935708569487761e-06,5.0704208952132506e-08,0.004659396998094388,8.924432013736707e-07,0.025442595594407112,3.1360361368802314e-07,1.953602968365544e-06,2.680326225921194e-05,0.0003462710035299703,1.2729541339586003e-05,0.012748768749593188,0.00018857698020037844,0.0024372705766911823,3.949458828394065e-06,0.0009967593675920836,0.00021010102263844147,0.005470399926097474,0.011555684335643263,0.0014070477625160857
60,6.04523895725002e-05,9.672414748342314e-05,0.0001474721952086026,3.680913808835693e-05,0.0020317142760217597,0.9331031270107325,1.9044663014462955e-06,5.175324151234061e-08,0.004483734948079851,9.364621081699453e-07,0.024254387467759854,2.933140942439747e-07,1.8964301154041605e-06,3.224547925267628e-05,0.00039907314602822424,1.2692927837280004e-05,0.015563763293187764,0.0002013011752140848,0.002332140643941688,4.093156300563827e-06,0.0010354218439467197,0.00023750307893346325,0.005417035700672648,0.008889064318016986,0.0016561612378601885
61,6.742836067605537e-05,9.430379596851359e-05,0.00017576284505421247,3.874390718157879e-05,0.0019131732884224543,0.9310826530128056,1.993485959838757e-06,5.26478110056853e-08,0.004729995665826236,9.319325495482718e-07,0.025750708090254107,3.238170900757095e-07,2.048360841431781e-06,2.817746774673376e-05,0.00036352653769645244,1.2758071933242407e-05,0.013358170267299777,0.00019922624147122067,0.002480464298488712,4.065876300629392e-06,0.001009754717534609,0.00021892577294010767,0.005583801561080222,0.011384143710765982,0.0014988662663015897
62,6.04523895725002e-05,9.672414748342314e-05,0.0001474721952086026,3.680913808835693e-05,0.0020317142760217597,0.9331031270107325,1.9044663014462955e-06,5.175324151234061e-08,0.004483734948079851,9.364621081699453e-07,0.024254387467759854,2.933140942439747e-07,1.8964301154041605e-06,3.224547925267628e-05,0.00039907314602822424,1.2692927837280004e-05,0.015563763293187764,0.0002013011752140848,0.002332140643941688,4.093156300563827e-06,0.0010354218439467197,0.00023750307893346325,0.005417035700672648,0.008889064318016986,0.0016561612378601885
63,6.844756993151625e-05,0.00012210680298445562,0.0001549713372640671,3.944171396391966e-05,0.0021513655666204547,0.9314651168605184,2.0567629807378584e-06,5.3002744576472624e-08,0.0047627454070426015,1.0509368202661436e-06,0.024304117354691037,3.21947636101702e-07,1.9053320125743217e-06,3.5624894247047935e-05,0.0004217091876095108,1.2721240054116399e-05,0.01578273561965573,0.0002040819545513454,0.0025682566648064188,4.3552720780792715e-06,0.0010579725198431114,0.0002484417544242947,0.005714754174153175,0.009068062116231224,0.0018075840071350112
64,5.784119291528888e-05,0.00010001219020658458,0.0001560536619860313,4.232857182149358e-05,0.0019138847461097255,0.9329355451081838,2.091945816667147e-06,5.335685637514709e-08,0.0045930699711147485,1.1189084601142611e-06,0.022176714617793684,3.551563038382253e-07,2.1339097895937746e-06,3.607642570672569e-05,0.0004062253073468824,1.3299192072932518e-05,0.016944460720466445,0.00022133814682005464,0.002244869280617355,4.540717624928698e-06,0.0013940336177702653,0.0002746931802053239,0.005815430151292161,0.008768924878303849,0.0018949050444150768
65,2.3138563547944412e-05,0.0001086654391027093,0.00021883153081552143,7.773525079900492e-05,0.001672938772905333,0.9347802932193594,5.505720824295733e-06,1.463410491461286e-07,0.0008689343456985717,8.115540521078965e-06,0.015192243516214793,2.3667705503916282e-07,7.442929045873848e-07,0.00010034901237054492,0.0004196948581805437,1.0560046637919532e-05,0.014775391057180355,0.00017099415236314637,0.001041726449474993,8.457931292560524e-06,0.002205600738171064,0.00022813543755896115,0.02137967593927368,0.0029392620334187597,0.003762623133279921
66,5.582457854432781e-05,0.00013458408439669984,0.00013799514688751273,4.9065630796053235e-05,0.002109066327744255,0.9206512841936476,2.2373932197189315e-06,7.329537577422235e-08,0.005024607335082319,9.825200514440675e-07,0.03180890854463374,4.150759944302347e-07,1.9742940143338927e-06,5.148033293274749e-05,0.0005029638573101963,1.4266455097351011e-05,0.01807754743763831,0.0002052566579622867,0.002948372374177315,4.427675892335518e-06,0.0012282674458722396,0.0003488822505435479,0.006452562234831879,0.008413270768380233,0.0017756840889733496
67,5.521307699359645e-05,8.735159955038452e-05,0.0001393566493033389,3.7023967769516896e-05,0.001887126829352239,0.9354300291224149,1.7387817634577798e-06,4.8910334431361435e-08,0.004076123586779912,9.120918310358237e-07,0.02325477694880327,2.7266531795818307e-07,1.8472029641486596e-06,3.225092649621616e-05,0.0003625316858396283,1.2226742880874942e-05,0.015459902559115805,0.0001957652880302684,0.0021040801699032147,4.049097339132756e-06,0.0009974730319613648,0.00022332839470356377,0.005442582218776053,0.008606042513308659,0.0015879459384670997
68,6.15474331660338e-05,9.728400530188098e-05,0.0001561240855888,3.917459400560381e-05,0.001923564120657078,0.9333698906604314,1.9023617508060128e-06,5.1562658068819965e-08,0.0045122708231108075,9.697348359317662e-07,0.02372864874112595,3.0228205308536495e-07,1.8964562107912935e-06,3.2137676770299186e-05,0.0003695442344981769,1.2369862190840873e-05,0.015286649083000214,0.00020666090635979226,0.002300163113262712,4.073922754197736e-06,0.0010936116839551392,0.0002357949625132861,0.0056319023148203775,0.009295834015618596,0.001637631363360123
69,4.477504584126336e-05,8.858845114179346e-05,0.00017808861341196257,5.328096962554538e-05,0.0019031537911249907,0.9160036896860744,2.3579425073109264e-06,7.791119166776394e-08,0.003353303741669472,9.634826089382493e-07,0.04083564358746974,3.6341735034576015e-07,1.5849569015373576e-06,3.742339966658655e-05,0.0003538839239024365,1.4184789344547262e-05,0.011485156850292156,0.00014058930423408475,0.002223500956167551,4.599323680626502e-06,0.001062328587417087,0.00020924160886611729,0.00850836551771954,0.012263732255013213,0.0012311218867770328
70,8.661750519802567e-05,8.51944281482223e-05,0.0002640028927716668,5.4169518779062544e-05,0.0030219330004562844,0.9336193906240237,2.338549514534678e-06,8.828337616855879e-08,0.006105558698150145,1.1670262572551277e-06,0.017207016032501996,3.1696115959987606e-07,3.472530369873171e-06,4.0398393643520376e-05,0.000732299354886603,2.37722540695468e-05,0.022987040193608314,0.00033785509784998487,0.0011378224085757398,8.652403951789397e-06,0.0008830895564703956,0.000250540150746794,0.004728907632699622,0.005321651179019261,0.003096705323772042
71,8.84656124896488e-05,0.0002023425040900897,0.00017213868628966394,6.021215915030179e-05,0.00495036654934645,0.9124792520299245,3.7378103061248564e-06,6.866959014440394e-08,0.005870852791485904,1.8721557204193778e-06,0.024255441136958586,5.008600825427075e-07,3.59643629823188e-06,5.8175785419204065e-05,0.0004534442233134003,2.0803109437467684e-05,0.02158472302468031,0.00021444517762182988,0.0023217495143221323,1.1769105035359766e-05,0.0013963981110373608,0.00022803781425269028,0.011036166811485188,0.011655878841358462,0.002929561080304041
