,0,1,2,3,4,5,6,7,8,9,10,11,12,13,14,15,16,17,18,19,20,21,22,23,24
0,8.60128044125609e-08,0.1105474931841061,0.00019279754246541054,0.00015021165409102844,0.046329756663077246,0.3322027115155139,0.0003911287666810808,3.4132638794326894e-07,0.4315033282444013,0.000895402865390379,0.04518301787863685,1.0404500356074414e-08,5.534945049850133e-07,0.003642207148033452,0.027968167683755006,1.0297231726434217e-06,5.349068060162516e-11,8.679422294705542e-07,0.0008304058238010993,4.937036144447941e-08,2.2044988293591798e-05,3.2410315367495763e-06,3.354686053258648e-06,5.55553781971806e-07,0.00013123644292960515
1,7.723604955593017e-08,0.40963863606230894,7.427830783364835e-05,0.00046576922674902466,0.02915974739642249,0.17613787736369785,0.0004373705897270618,6.999134811501239e-07,0.3126788012816992,0.0039037226564697237,0.01843813317612733,5.5918978809317476e-09,3.156177216113777e-07,0.00505348015484051,0.04135938171720757,1.465931572074138e-06,1.0480739447426184e-10,1.3620806362868703e-06,0.001698257846077577,5.117590612114063e-08,9.437321985657435e-05,7.76104591692147e-06,8.906351086136785e-06,7.104875607247322e-07,0.0008388154643465797
2,1.1202458075738327e-07,0.5410997738743281,5.2760383769834545e-05,0.0005281838014312316,0.028916756363625264,0.17957234923745774,0.00045554772954972705,6.197519843737214e-07,0.14058945015145843,0.0027637407952555634,0.022714562477697296,7.885544778426808e-09,3.043768101957336e-07,0.007005621919218689,0.07370534776697325,1.4990860602942345e-06,2.3229134506663834e-10,2.136122067141332e-06,0.001240860055850344,4.799461536769252e-08,0.0001267933044132695,1.4564749361197041e-05,2.8394241744259857e-05,9.870734863316253e-07,0.001179578600425391
3,1.0075532418067462e-07,0.572022348291859,7.288958443819769e-05,0.000673200168881836,0.03387030147448331,0.16284290377195662,0.0004548847898455198,6.618915212692614e-07,0.15611656082944847,0.0032870464772890265,0.025236723626075555,7.961047815939856e-09,4.0732902878827586e-07,0.0065348573783087895,0.03669983654458706,1.080535108206584e-06,1.7829145583671879e-10,2.7823814562259718e-06,0.0010587013686838955,5.390814237941607e-08,0.00011152342299406151,9.799137469305886e-06,1.6961734952156824e-05,1.147956584530896e-06,0.0009852185022224927
4,9.437986261682842e-08,0.5744748676490817,7.820566370815693e-05,0.0006364543791855046,0.03690026128344691,0.1656411651410563,0.0004392747114544109,5.696436271563602e-07,0.15092534549038664,0.0030886307126355597,0.02391033060659828,8.034252904785338e-09,4.952425697642509e-07,0.0074792974115183,0.03449550299656977,1.0217305685596235e-06,1.666977595017074e-10,2.59675823886512e-06,0.0009640527815960998,5.2784248529413245e-08,9.607652135308701e-05,9.434470487010869e-06,1.591834743654022e-05,1.1021262284618662e-06,0.0008392409671910725
5,9.551653727099449e-08,0.6219255392294424,6.803991149852301e-05,0.000932466270281011,0.036352120722078135,0.15620377798182492,0.0004378850698674671,7.198077843730584e-07,0.11787714240599578,0.0036930539737408327,0.026123810181775998,8.06617464652885e-09,4.54837313164211e-07,0.006690197998860827,0.027669613353134476,9.352898130608796e-07,2.0048905054757488e-10,4.135530985615258e-06,0.0008465742077014635,5.956124090858562e-08,0.00012749673489954573,9.369953165531063e-06,2.0628972904931998e-05,1.4011372050010946e-06,0.0010144730852851102
6,1.0075532418067462e-07,0.572022348291859,7.288958443819769e-05,0.000673200168881836,0.03387030147448331,0.16284290377195662,0.0004548847898455198,6.618915212692614e-07,0.15611656082944847,0.0032870464772890265,0.025236723626075555,7.961047815939856e-09,4.0732902878827586e-07,0.0065348573783087895,0.03669983654458706,1.080535108206584e-06,1.7829145583671879e-10,2.7823814562259718e-06,0.0010587013686838955,5.390814237941607e-08,0.00011152342299406151,9.799137469305886e-06,1.6961734952156824e-05,1.147956584530896e-06,0.0009852185022224927
7,9.4725945450183e-08,0.660441669558582,9.430968790899013e-05,0.00048185823902455264,0.017403159355349616,0.08544796747810117,0.0005553861768946338,4.863720283278423e-07,0.17623594769253692,0.0017869247077698484,0.031206989862329376,5.864074909166891e-09,7.126402812470049e-07,0.004048660238085411,0.021118648368474543,3.9535782017966516e-07,1.3008298930997763e-10,2.5828710736075173e-06,0.0005462185099893223,6.64217651145321e-08,4.3272173718920944e-05,5.9277911843174565e-06,6.879410475526382e-06,1.3949257680332158e-06,0.0005704414407349136
8,1.1264429651964949e-07,0.6974709277634101,9.847156806724511e-05,0.001240154088364475,0.0363632286369453,0.07175187120010167,0.0004943806691755639,1.0796607990213622e-06,0.132736165385497,0.0053837488876439165,0.009946592966931646,5.7753706813456845e-09,4.5140173009039907e-07,0.006983333127720694,0.03414096023377336,1.2257168456619723e-06,2.7900283849022194e-10,2.1329072058129874e-06,0.0008856101786207935,4.801691065240537e-08,0.00012778733379504185,7.375390139103093e-06,2.3043336034415516e-05,2.6147843592494987e-06,0.0023386780472591695
9,8.070677608833891e-08,0.708871952859021,0.00014847702706802322,0.0009851255566986406,0.031013206473323604,0.04259102415223568,0.0003941838505931818,8.60773256976964e-07,0.17587020896704972,0.00359914580476074,0.00997165489278009,4.536119936019551e-09,6.625937810062333e-07,0.004543359485469427,0.019841513605804165,4.914817676410132e-07,1.999496188303158e-10,1.7530191265195672e-06,0.0005204158695077751,4.802671924823274e-08,6.365702040670248e-05,4.022056733773043e-06,8.269127351185792e-06,3.041622160844745e-06,0.001566840291538327
10,1.0075532418067462e-07,0.572022348291859,7.288958443819769e-05,0.000673200168881836,0.03387030147448331,0.16284290377195662,0.0004548847898455198,6.618915212692614e-07,0.15611656082944847,0.0032870464772890265,0.025236723626075555,7.961047815939856e-09,4.0732902878827586e-07,0.0065348573783087895,0.03669983654458706,1.080535108206584e-06,1.7829145583671879e-10,2.7823814562259718e-06,0.0010587013686838955,5.390814237941607e-08,0.00011152342299406151,9.799137469305886e-06,1.6961734952156824e-05,1.147956584530896e-06,0.0009852185022224927
11,1.0256345324311236e-07,0.5848185499530592,7.445351878017039e-05,0.000656866330784411,0.032817669306994576,0.15668732682433434,0.00045561391644344967,6.375818133840899e-07,0.15255753337776812,0.0031454474589177987,0.025033548165578675,8.11424062556208e-09,4.5599648192047743e-07,0.006561965752160138,0.03512590326587166,1.0189864207590529e-06,1.8351982860324466e-10,2.847505903304294e-06,0.0009876978572704526,5.571948451546823e-08,0.00010257678094514239,9.765919868139764e-06,1.658056386372238e-05,1.1881005510230932e-06,0.000942186255491558
12,1.0926049940417388e-07,0.5804409644390154,2.493871106509933e-05,0.0007970747015423341,0.10598354800899425,0.25037467652710005,0.00013647918923256143,1.9018222644977023e-07,0.0036885184976836287,0.0024991745267912953,0.013498428764013325,2.6821252912236124e-08,5.080234741608018e-07,0.027823367055235863,0.013594834929459492,1.4151423565915743e-06,5.929628079433951e-10,1.4192319414999864e-05,0.00022121591584261637,2.3091625536226988e-08,0.00016930112271026853,2.8549054641005097e-05,0.00020581332077734433,1.3142156851342245e-06,0.0004953355863977744
13,1.498119166771723e-07,0.4185632402766806,0.00013941082428684995,0.0005466972364881095,0.040994641601497565,0.14231426700827227,0.000449240277957763,8.115482703024954e-07,0.2434338998270492,0.0011312846333374471,0.076192916356925,2.8189040208427536e-08,4.185603138336855e-07,0.009727275346585277,0.06374433688218281,7.280883940905021e-07,3.015416636853675e-10,2.344179098547731e-06,0.0016745758915800463,5.671704747466612e-08,0.0001528096632246109,1.3861222074953672e-05,1.3288486343798078e-05,7.728455450178697e-07,0.0009029442243457235
14,2.008035375653202e-07,0.4592036338057559,0.00011275632131424544,0.0008888574736561725,0.03698013418011739,0.20621996187828662,0.0007158173763076052,8.91119446134565e-07,0.18605244979566357,0.002688171592602534,0.03652039176792317,1.6883351060216746e-08,4.263425832994593e-07,0.010328008092719698,0.05691991531639858,1.8669811374423229e-06,2.7027244012453804e-10,3.415646346635114e-06,0.0014702811358072469,7.77367430984007e-08,0.0001576875861109482,1.3006918773581081e-05,3.0524636681819524e-05,1.2907029102509345e-06,0.0016902156355527902
15,1.0075532418067462e-07,0.572022348291859,7.288958443819769e-05,0.000673200168881836,0.03387030147448331,0.16284290377195662,0.0004548847898455198,6.618915212692614e-07,0.15611656082944847,0.0032870464772890265,0.025236723626075555,7.961047815939856e-09,4.0732902878827586e-07,0.0065348573783087895,0.03669983654458706,1.080535108206584e-06,1.7829145583671879e-10,2.7823814562259718e-06,0.0010587013686838955,5.390814237941607e-08,0.00011152342299406151,9.799137469305886e-06,1.6961734952156824e-05,1.147956584530896e-06,0.0009852185022224927
16,9.674358331966039e-08,0.6194227142555747,4.5469391495635485e-05,0.0009008022581291614,0.026781254060669564,0.17896863417380296,0.00046267981368273856,8.538034348774678e-07,0.10973474981702057,0.006310587281278103,0.021964980379368074,7.867499225241931e-09,2.876971488894617e-07,0.006448797925705063,0.026387858396199837,1.4656149603252397e-06,1.9000908227423144e-10,4.739285309864794e-06,0.0012087701161463342,6.162469749188376e-08,0.00023587054898160383,1.2894800611651062e-05,1.9138287979537778e-05,9.917609717385034e-07,0.001086293905739533
17,1.4066540852019792e-07,0.6039385721905617,9.142862905887264e-05,0.001393828998280456,0.041324935378990624,0.17864340893725328,0.0005627330256938041,7.673526290905046e-07,0.10202053745903607,0.0035853541068300203,0.027051736327386423,1.4419542252014694e-08,5.917406593891185e-07,0.013742458346765553,0.025078633942509407,1.304630304493542e-06,2.314233170220469e-10,5.480596508640706e-06,0.0008992613012017961,8.288953943737398e-08,0.0001546505334875253,1.1692288383006984e-05,3.3757777692334964e-05,1.3196336026145067e-06,0.0014573085972511585
18,2.15730377759453e-07,0.7723399520451582,7.368417827652095e-05,0.0007126767623950823,0.019878536194584726,0.0753770539715922,0.0005632324784340293,6.720620458279185e-07,0.0746990624066084,0.003144300394833412,0.016940692832004795,1.2508772730958283e-08,4.788280612547651e-07,0.006540392431120175,0.027000591372043376,9.269659838891366e-07,4.052415578468938e-10,5.462639319964349e-06,0.0007117890889654097,5.0578285522562186e-08,0.00012631576417077925,1.4058100635326913e-05,2.248616583284983e-05,2.3453944849739506e-06,0.0018450107007710805
19,7.044946535719224e-08,0.5138257651755078,0.00012724862293026664,0.0006698740169349446,0.04933763266814544,0.14313722701858572,0.0003496974899915813,7.223728500836843e-07,0.22978399041138323,0.003383022825379253,0.022055477140836305,9.55305991875131e-09,5.908344166937561e-07,0.007100229579423484,0.028376498591225305,8.256628976919698e-07,1.5701009287485924e-10,1.964011413379709e-06,0.0009700369902364787,6.14579852040497e-08,8.159630322609519e-05,8.705817663326789e-06,8.899455960554531e-06,1.0696175780768724e-06,0.0007787837758937086
20,7.074675658237102e-08,0.6114499261515506,6.073694491707818e-05,0.0005803839510288314,0.03504102725542254,0.11030680766946804,0.0003296310466151734,1.0028663227908317e-06,0.16633747683436348,0.0036946985112270335,0.018594608961342515,6.83157385069462e-09,3.1510604445900145e-07,0.005149941919882204,0.0461167051941011,8.830478148423973e-07,2.476056660582299e-10,2.0731962480302584e-06,0.0012676303551693278,4.876929973244861e-08,0.00013018480256237765,1.618849975542568e-05,1.4375483573843067e-05,1.1459314633820288e-06,0.0009041296758910704
21,1.8341531471496842e-07,0.4898761055704961,0.00010547293667991571,0.00092892045342755,0.03803423790106007,0.2651809352069899,0.0007613438888438629,6.244350687439763e-07,0.12616960757676696,0.004191978510127826,0.029405203988684552,1.8301917004403814e-08,7.091955747040066e-07,0.011854599312581182,0.031129700141318002,2.463530400148072e-06,1.9312223548676046e-10,4.493965371663169e-06,0.0010390991977356013,8.981573353338483e-08,0.00014304699225776537,9.585524330114261e-06,2.8683516903554657e-05,1.2928704207459694e-06,0.0011316035588736634
22,1.273041384837911e-07,0.504210048404102,8.758826738929525e-05,0.0007273149675992596,0.036986294716503394,0.22623947710895362,0.0005187033356395417,7.4341661860492e-07,0.14157025012108243,0.0031740719607967587,0.04133478412513815,1.176970541287287e-08,3.918502757521176e-07,0.007484662139187599,0.03557528551545485,1.3518569395279648e-06,2.3763286588744194e-10,4.792125659693193e-06,0.001039548966273101,7.029821128419419e-08,0.0001729757084794486,1.2394073950810955e-05,2.102037448152848e-05,1.2433266192309443e-06,0.0008368480291674208
23,1.0075532418067462e-07,0.572022348291859,7.288958443819769e-05,0.000673200168881836,0.03387030147448331,0.16284290377195662,0.0004548847898455198,6.618915212692614e-07,0.15611656082944847,0.0032870464772890265,0.025236723626075555,7.961047815939856e-09,4.0732902878827586e-07,0.0065348573783087895,0.03669983654458706,1.080535108206584e-06,1.7829145583671879e-10,2.7823814562259718e-06,0.0010587013686838955,5.390814237941607e-08,0.00011152342299406151,9.799137469305886e-06,1.6961734952156824e-05,1.147956584530896e-06,0.0009852185022224927
24,6.358250809173312e-08,0.645883218910973,6.134983766395298e-05,0.0009728654310778128,0.039449309891061914,0.1500111506357995,0.000345626915262489,5.837207430766491e-07,0.10924898003903631,0.003993167388551147,0.019201455096123594,6.845627100994816e-09,4.914242134109099e-07,0.008636123622010274,0.020336545205733754,8.317325089824486e-07,1.2910932879505347e-10,3.0508166878054946e-06,0.000873892651237568,5.7809436852733696e-08,0.00010389319069291529,8.331206671773793e-06,1.559124249100119e-05,8.582799437270104e-07,0.0008525543948346373
25,1.651400601592393e-07,0.5476329008560371,0.00014463245602241146,0.0015692176999246485,0.038376301057869724,0.12420502855910023,0.0009095426152882078,1.7380833068890385e-06,0.1770005337858887,0.002630049733501442,0.06723811220571671,1.9493271264963203e-08,7.617861262997886e-07,0.009067919366943069,0.028523278336508362,9.900370968712769e-07,3.39837181679809e-10,5.332869857217319e-06,0.0014907266974809154,1.410064808850695e-07,0.0001711049290813827,1.0750091759973555e-05,2.1924395718706808e-05,1.7798643283034649e-06,0.0009970485927932907
26,2.0163352818018638e-07,0.6847434851079562,0.0001256169364742113,0.0007229292454208835,0.02616777057482815,0.08211780070831347,0.000608910111843984,8.968359536420613e-07,0.14405620547158007,0.0026233301182306567,0.02776458767102403,8.877573851606536e-09,7.736435770326934e-07,0.003598401725002273,0.02577322820734249,6.280186544158175e-07,4.092490805984431e-10,5.256605073518342e-06,0.0005334595861241862,6.402840050381372e-08,7.80320645179278e-05,8.007507506129425e-06,1.5603425501764336e-05,4.434650294932129e-06,0.0010503668360282434
27,8.252084704348399e-08,0.481037781603665,5.9240265653497927e-05,0.0004537974247791705,0.022452291990259086,0.1689765550804587,0.00039017327458968623,6.703788957051205e-07,0.24876441855834347,0.0033745458929054966,0.017974843039006455,4.7540504963053435e-09,2.334409875186834e-07,0.004232103318144025,0.04989257757690303,1.1340664380849234e-06,1.2993277806705638e-10,1.746732815719883e-06,0.0011334524799125295,5.220704414940582e-08,9.426007670399207e-05,1.0957687809628485e-05,1.1875993426303495e-05,8.359592316551827e-07,0.0011363655471966154
28,1.0075532418067462e-07,0.572022348291859,7.288958443819769e-05,0.000673200168881836,0.03387030147448331,0.16284290377195662,0.0004548847898455198,6.618915212692614e-07,0.15611656082944847,0.0032870464772890265,0.025236723626075555,7.961047815939856e-09,4.0732902878827586e-07,0.0065348573783087895,0.03669983654458706,1.080535108206584e-06,1.7829145583671879e-10,2.7823814562259718e-06,0.0010587013686838955,5.390814237941607e-08,0.00011152342299406151,9.799137469305886e-06,1.6961734952156824e-05,1.147956584530896e-06,0.0009852185022224927
29,1.0075532418067462e-07,0.572022348291859,7.288958443819769e-05,0.000673200168881836,0.03387030147448331,0.16284290377195662,0.0004548847898455198,6.618915212692614e-07,0.15611656082944847,0.0032870464772890265,0.025236723626075555,7.961047815939856e-09,4.0732902878827586e-07,0.0065348573783087895,0.03669983654458706,1.080535108206584e-06,1.7829145583671879e-10,2.7823814562259718e-06,0.0010587013686838955,5.390814237941607e-08,0.00011152342299406151,9.799137469305886e-06,1.6961734952156824e-05,1.147956584530896e-06,0.0009852185022224927
30,1.0075532418067462e-07,0.572022348291859,7.288958443819769e-05,0.000673200168881836,0.03387030147448331,0.16284290377195662,0.0004548847898455198,6.618915212692614e-07,0.15611656082944847,0.0032870464772890265,0.025236723626075555,7.961047815939856e-09,4.0732902878827586e-07,0.0065348573783087895,0.03669983654458706,1.080535108206584e-06,1.7829145583671879e-10,2.7823814562259718e-06,0.0010587013686838955,5.390814237941607e-08,0.00011152342299406151,9.799137469305886e-06,1.6961734952156824e-05,1.147956584530896e-06,0.0009852185022224927
31,1.0202903699164959e-07,0.7234435235378736,0.0001040957985087414,0.001011012649700246,0.042589435057603715,0.07033520896984191,0.00035803518868663764,1.115250976081802e-06,0.11825532720370738,0.004100543373268473,0.014320799930774505,8.773913153335734e-09,6.553088123415428e-07,0.006297934923948994,0.0170906505910056,6.997327451480439e-07,2.5975748351608426e-10,3.349687028544467e-06,0.0008646454400441469,6.076791891402248e-08,9.546800848708629e-05,8.649964332469786e-06,1.2397674816144545e-05,2.148070807477598e-06,0.0011041318064041812
32,9.747501282979745e-08,0.5521071930310522,6.921148311546281e-05,0.0006119010257808595,0.033406551297973146,0.16416491434203087,0.0004348293639968602,6.822226031284869e-07,0.1731917895864483,0.0033357976878617855,0.02402170562715054,7.677299833041845e-09,3.75097823078311e-07,0.0063376663100960795,0.039985802150932705,1.123261011395533e-06,1.7492647760543746e-10,2.4905427042300855e-06,0.0012249990784910466,5.1350195820673665e-08,0.00011417946914436891,1.0533669064384403e-05,1.5601516446464375e-05,1.0292452713000824e-06,0.000961467313566864
33,7.933947680751053e-08,0.8207302039014512,2.8144357026976902e-05,0.0003633815515774414,0.035713035779252444,0.07541266608551543,0.00020621164331552388,4.512052701400007e-07,0.02665999451144451,0.002102368403156224,0.012860536628949723,7.649379503603996e-09,5.653663333048198e-07,0.0065781340043655915,0.018300457516627046,5.464401110652943e-07,3.3032250880674814e-10,3.367815470137594e-06,0.0006465468562697677,3.407926466076855e-08,5.8081189452250574e-05,2.3824589459861064e-05,1.97032940597068e-05,1.0942775945721946e-06,0.00029056318485364506
34,7.023131995519376e-08,0.1708869071569156,5.581369437141846e-05,9.399786683583873e-05,0.006791680357541523,0.06577966926797314,0.00027049860035794027,3.074018074095597e-07,0.7059654012909757,0.0010414173765080127,0.008125457966825064,1.8138239282049405e-09,1.0904856553210132e-07,0.0014232541797434652,0.0375972045793103,4.7263276052753717e-07,3.1610254490430544e-11,2.969978286690973e-07,0.001325764322267096,1.720328747940784e-08,2.4935834996415267e-05,2.961621349518705e-06,1.1460883471461114e-06,2.814393555857751e-07,0.0006123329953224602
35,1.4646238937303187e-07,0.5603891090887999,5.751022657440342e-05,0.0008703755607608839,0.011249740748426999,0.06618585898796905,0.0004186385130799612,1.7575104160281441e-06,0.3224513172642461,0.00622703876573214,0.012242420607228126,5.974155217810313e-09,3.0954430537352036e-07,0.0022155085434964637,0.013878108770328702,5.768106483239528e-07,2.0938093578451878e-10,4.999406792247333e-06,0.0014441288725637682,7.774690154515911e-08,0.00011556129431591161,1.0193332223182159e-05,4.874331170567085e-06,1.3710801771788045e-06,0.0022303703479176714
36,1.5468013204006255e-07,0.5400614111008789,0.0001570358976346569,0.0005763940993589107,0.06414581472713587,0.04848598188576338,0.00028903411718604225,1.4277578982641128e-06,0.2630274531401337,0.0033385480797408092,0.00984186885609244,2.073788090891342e-08,6.953322951573684e-07,0.0076533147861105695,0.057541128178935246,1.178466842650598e-06,6.358829691258251e-10,9.118253718056958e-07,0.0028277431402068554,3.363770798097425e-08,0.00010362547621321781,1.3299932719836788e-05,9.407686752080044e-06,1.7099947335294782e-06,0.001921805826392162
37,3.9605469366449415e-07,0.6894299951682366,0.0001312420731353348,0.0006569471841445935,0.028440623322245978,0.11640079852458897,0.0008459236995591124,5.331282748053932e-07,0.08901173647580715,0.0016770866018672803,0.03552822527662015,1.8212947423598697e-08,7.122921981146043e-07,0.011182768802791463,0.02458834089747092,9.769208281620733e-07,2.7266258098983755e-10,6.010022189152255e-06,0.0008606970479931843,5.63747091698314e-08,9.160459472074655e-05,1.0104726067866095e-05,1.9051357551213125e-05,2.0968219662068105e-06,0.001114054146730293
38,7.669990912513195e-08,0.6401586001275693,8.457702416089856e-05,0.0008767889869143546,0.040255269063347955,0.10015263543755852,0.0003263624367963003,8.485639188937238e-07,0.16078410488497855,0.0035057386717491433,0.019385093903193054,7.59982489599288e-09,4.79336978959194e-07,0.006092968929518378,0.02618312700163494,6.722616463780533e-07,2.0522555571727716e-10,2.533407076080881e-06,0.0009741771927243504,5.2854181913650586e-08,0.00010107392827526874,8.671609780326253e-06,1.2248206318997098e-05,1.3084113952510292e-06,0.0010925832553226335
39,1.1352678243490277e-07,0.27548174891375404,9.868346160253632e-05,0.0011444536495784038,0.058225190336528655,0.34678393687568115,0.00044160172920771197,1.4842784467075818e-06,0.22392677574394235,0.005560608725341407,0.03217448977691414,1.7253489688298132e-08,2.46700760651403e-07,0.008224793671906877,0.04384075944548734,3.508595408105684e-06,2.1794391193422834e-10,3.3806447088432233e-06,0.002253484203688014,9.312386443686546e-08,0.00034990073716550913,1.1048597220936232e-05,2.6337467984521254e-05,8.510700243374622e-07,0.001446491252567356
40,1.8409955117187868e-07,0.5754513752819878,7.670246250261555e-05,0.00027132509228379264,0.023158374069870043,0.1686844471994769,0.0004623392990884379,3.417159604909776e-07,0.14386800870116742,0.0014434336268190325,0.027457208647560027,1.0557538616207943e-08,2.5231850379801705e-07,0.009709219168453216,0.047211686020452746,9.070127339881467e-07,1.4335459999011444e-10,2.4355958856302372e-06,0.0011850810230795024,3.4185346932050454e-08,9.358672797258199e-05,1.7681656355366707e-05,1.138747274222501e-05,6.344363575004346e-07,0.0008933434849556251
41,7.268286877633624e-08,0.5149882126808085,8.052955323445352e-05,0.0005581202637638695,0.03855011638132271,0.15863692827647458,0.0003524278052709316,5.887552152251847e-07,0.2167610362033522,0.0033582619631545474,0.01898430383558033,5.626049620435177e-09,3.540096709653509e-07,0.005851176543794033,0.039795621495058026,9.906080125664452e-07,1.2741332874631483e-10,1.6573180166546713e-06,0.001047249480560331,4.178374987648694e-08,9.194182183728234e-05,7.473915189653698e-06,1.1263361674725622e-05,9.798295272888505e-07,0.0009206456783994622
42,9.480760564907155e-08,0.4723346783116206,5.679126318837596e-05,0.0004506547125038997,0.02902812920482129,0.14626116066481928,0.0004315966619594536,1.569450398296137e-06,0.23788889392093235,0.004243898244056652,0.022138515540185325,7.3768058137404524e-09,1.736053589021763e-07,0.004241328266668269,0.07879105335180706,2.1762309623501853e-06,2.801063832085389e-10,1.5497275108442606e-06,0.0029664955642263132,6.623121333529059e-08,0.00020380730749625185,2.4705300245242193e-05,1.5775919775717775e-05,8.348542589595412e-07,0.0009160432014734036
43,4.301683575966491e-08,0.4069780940977064,2.7399611453940465e-05,0.0006012857057234428,0.04588791348566081,0.298659088872321,0.00023045276632099155,1.0981975331761873e-06,0.16561956326099486,0.010225480431255861,0.015210809270372709,3.98411940359204e-09,1.3254385566807077e-07,0.0033756707023644143,0.05028711060068134,2.4011492325531685e-06,1.686577418517861e-10,2.093178868960395e-06,0.0017816380407887956,3.921705341443338e-08,0.0002833077737959981,1.4282216187586695e-05,1.934669711494989e-05,7.474040256613563e-07,0.0007919976070747159
44,1.0075532418067462e-07,0.572022348291859,7.288958443819769e-05,0.000673200168881836,0.03387030147448331,0.16284290377195662,0.0004548847898455198,6.618915212692614e-07,0.15611656082944847,0.0032870464772890265,0.025236723626075555,7.961047815939856e-09,4.0732902878827586e-07,0.0065348573783087895,0.03669983654458706,1.080535108206584e-06,1.7829145583671879e-10,2.7823814562259718e-06,0.0010587013686838955,5.390814237941607e-08,0.00011152342299406151,9.799137469305886e-06,1.6961734952156824e-05,1.147956584530896e-06,0.0009852185022224927
45,9.879407583714958e-08,0.43958609394086845,0.00011110157875075226,0.0004524939331436687,0.042314608286842643,0.13717670863625991,0.0005783477029072147,9.511780593630855e-07,0.2844063540458213,0.0027504428817036975,0.024334774601238646,7.700789164195566e-09,5.3370419268853e-07,0.005409687649098725,0.06056166856884233,1.358060686635075e-06,1.8461648224382635e-10,1.1408417028739542e-06,0.0015712826183671405,5.704549244871731e-08,6.956666194324492e-05,9.327508305314066e-06,1.219371275236124e-05,1.3522337574451034e-06,0.0006498479297815513
46,2.1532802739409365e-07,0.7489853193542256,9.645817246105124e-05,0.0010231118585999907,0.04332555740513658,0.046516367399775875,0.0003295133616423625,2.137451331599948e-06,0.08664799445443207,0.002849681946807243,0.027448100928578727,2.1012730066965314e-08,8.062576155477445e-07,0.0037518964800978645,0.03653405881951256,6.532598611003614e-07,2.0313301832758518e-09,5.459031823868588e-06,0.000979633827948365,6.56036001820958e-08,0.00016631229247474527,1.9701631105414358e-05,2.610556056835679e-05,5.175563592095313e-06,0.001285650966721182
47,4.432679363875622e-07,0.6326895462418317,8.191899527376133e-05,0.00037453566137409796,0.016617347590555626,0.15515514253135748,0.0007100901446938019,6.382295339637806e-07,0.11081651461182063,0.002323734685928392,0.03088956767576274,2.314818196871218e-08,4.221391844913232e-07,0.006103051022032098,0.041634773199353964,1.5740200926599375e-06,4.0460976329806405e-10,6.252764577812657e-06,0.0011144865217117034,7.231057870358245e-08,0.00012827894337924105,2.5636586423771034e-05,1.839329883434e-05,1.5608187987205184e-06,0.0013059951861718923
48,8.2303149179427e-08,0.8234385262077174,2.3725730177372156e-05,0.0003556857910322467,0.019105430368383868,0.03628497065938862,0.00032881141504361664,9.649063684583004e-07,0.06651728046628555,0.0034660964471531146,0.008004900170295733,3.58777124856911e-09,3.7972678924539823e-07,0.002978173511200096,0.03714714511592057,7.810152173571008e-07,4.247576555116612e-10,1.2885819704120043e-06,0.0016508612164716876,2.8825506822923614e-08,7.083448670901358e-05,1.6308841424633545e-05,1.45338985589748e-05,1.4625596984607558e-06,0.0005917237430086608
49,1.0687096854941659e-07,0.47122453705963374,9.2119478420037e-05,0.0006730913550941678,0.044326660052608,0.24725698145470396,0.0004153561509445753,6.575225019035091e-07,0.15221891594711773,0.002920873809328742,0.03471980281043353,1.4614691513616422e-08,4.613727553266954e-07,0.008643630062443959,0.035528307394457656,1.2229652360120792e-06,1.9423337610901524e-10,3.6594605214409223e-06,0.0009988344364402408,7.174569726010576e-08,0.00012571016251410543,1.3336373576727569e-05,1.8827077053729924e-05,9.377023089739116e-07,0.0008158839263146626
50,7.802760558073669e-08,0.5590593744719972,4.842366770772296e-05,0.0004940172857041139,0.02385808986401557,0.15173816635490053,0.0006537846293353995,6.270521753191002e-07,0.20692915673266254,0.006678085918009006,0.008893276277672718,3.324709106205617e-09,3.0037832280414687e-07,0.007676009787364762,0.03074750523490954,2.0494723661079136e-06,6.846488777802967e-11,1.1694928531798029e-06,0.0022033575443411364,4.391999981319811e-08,7.861734812313996e-05,1.0306946347303251e-05,1.0185284151022119e-05,5.883684458013585e-07,0.0009167825478157338
51,7.521396868360014e-08,0.6563858067724919,5.8458543729504605e-05,0.0011710679625562995,0.024411836665720617,0.13893473586735589,0.0005797274284814989,7.779502783714246e-07,0.11620575478296784,0.003981075530607565,0.030758381304848086,7.147738308139245e-09,4.099024983593684e-07,0.008158433609787793,0.017491506190969532,6.18786979965789e-07,1.2255448155827764e-10,5.482805906857779e-06,0.0008524996780820302,7.3116745767143e-08,0.0001510309309853014,1.0270952153429121e-05,1.4850977081026266e-05,9.051287991740013e-07,0.0008262126267116064
52,8.449621363225841e-08,0.3177748166096854,3.378249652496153e-05,0.00039869711350371017,0.011127059152184602,0.5059166520261072,0.0005542456589816406,1.998708872264499e-07,0.09600287402319667,0.002113702792829055,0.041674158664266374,4.416811810384974e-09,2.7779381423550133e-07,0.0041184515665144495,0.019504661033020523,9.284620749584292e-07,5.287076605404759e-11,7.357785826666815e-06,0.00027011551284145135,7.79573407947968e-08,6.783611192572524e-05,6.9936154383767e-06,1.918401054235554e-05,6.000207713517288e-07,0.00040723875582610356
53,1.5879572976209384e-07,0.4456308864029047,5.9924106739610956e-05,0.0004999572702731609,0.008426007994635255,0.24052881282921196,0.0016458951759933892,4.306502769365739e-07,0.18431760164557726,0.002047078600261968,0.049146800832833785,4.639407775268607e-09,3.240493970562186e-07,0.004298186574005276,0.0615820989290836,1.7389220439769833e-06,1.0711037236814151e-10,3.2623984189974917e-06,0.000674014344743436,1.0382385936285525e-07,7.682478022334708e-05,7.56095567782941e-06,3.228099150657907e-05,1.2520366817623123e-06,0.001018793143402863
54,1.2994822757636653e-07,0.6377360402501282,5.408960504104674e-05,0.0003473119805084168,0.0117540417835701,0.1475905073473707,0.0006766767411290019,2.278999908659187e-07,0.14085723545554543,0.0030181910697031932,0.009822725478458317,4.7183107547186595e-09,3.046092190810121e-07,0.008270899295156658,0.037413558169125054,1.5242717852956056e-06,6.265860398231242e-11,1.4487990174216421e-06,0.0008158531045372847,4.085449148520607e-08,5.6480976575648176e-05,7.933492524240556e-06,1.2357546579491208e-05,6.101912075597136e-07,0.0015618063491384248
55,1.6604812060710612e-07,0.5582366743516156,0.00013200176583196972,0.0007276688652527163,0.017313428546791482,0.10268758814757671,0.0005614908205540229,5.943598110725827e-07,0.2648871746195332,0.0022286509293531205,0.02797393027520264,1.2650866234258921e-08,7.794704096737804e-07,0.004765288477090682,0.018288495567972296,4.993227868488965e-07,1.4605075959381167e-10,4.083539164186606e-06,0.0006734531019703886,8.575566137674442e-08,5.884435481105951e-05,5.6633335276782e-06,6.5606243453779055e-06,1.3849580277112798e-06,0.0014454799676727416
56,1.0122181137104471e-07,0.5883355841208864,7.553859428071391e-05,0.0006479668930307255,0.03310214989628185,0.14976402083396714,0.00044770952475631763,6.552464810765383e-07,0.15633286474044059,0.0031053915352550893,0.024787235833361638,8.050259495089584e-09,4.722862449672361e-07,0.00635062014827213,0.03500799395328486,9.84212854706005e-07,1.8748472375698059e-10,2.748992297566942e-06,0.0010038996592719876,5.601820655715278e-08,9.93836236859572e-05,9.661623947283422e-06,1.573194872312426e-05,1.20826818204207e-06,0.0009080125867317897
57,8.601239377729683e-08,0.4715201327855569,0.000127097332219886,0.0006239076975353179,0.07159460354692866,0.11616757940444242,0.00023403885127804022,1.3478463166166367e-06,0.2678341434701466,0.004712496108436646,0.016251098914967177,1.7082004951588046e-08,4.7478782980847033e-07,0.006873656381276057,0.040443113834656354,1.3473625561574436e-06,3.60032217843467e-10,1.5751463429009607e-06,0.002358880913846496,5.1893409490178795e-08,0.0001578499218567174,1.4704416032943954e-05,8.602444327130812e-06,1.032452446465002e-06,0.0010721610331602723
58,1.0692108814678031e-07,0.6204462813529973,7.684752326039113e-05,0.000646395348725309,0.03347263290791644,0.13138767459248848,0.0004556312993179533,7.040550671202861e-07,0.14242292512325333,0.0032060268254209107,0.024099609565135842,7.841115016131647e-09,4.629818836708749e-07,0.005711607483735522,0.03605151657401493,9.609982312675024e-07,2.2676612650905562e-10,2.924001092736582e-06,0.0009328662110358306,5.153252201749405e-08,0.00010502378545895442,9.859850292925195e-06,1.722962635856962e-05,1.5568386954879345e-06,0.0009510965341256668
59,1.2372095359494058e-07,0.6126314552834159,9.850974648652738e-05,0.0006872456586160731,0.03572171475988276,0.12810364785426093,0.0004914702685591256,7.641423898971659e-07,0.14981888094528503,0.0031140140335930515,0.025863604662439803,8.999124710058227e-09,5.127447753389753e-07,0.005747389711524668,0.03570394202560404,9.782035400863293e-07,2.541125649467372e-10,3.2848219296534848e-06,0.0008523201295543336,5.650307958731064e-08,0.00010669952312693194,9.459363801704755e-06,1.7267050249167212e-05,1.9660869422507836e-06,0.0010246835067520867
60,1.0075532418067462e-07,0.572022348291859,7.288958443819769e-05,0.000673200168881836,0.03387030147448331,0.16284290377195662,0.0004548847898455198,6.618915212692614e-07,0.15611656082944847,0.0032870464772890265,0.025236723626075555,7.961047815939856e-09,4.0732902878827586e-07,0.0065348573783087895,0.03669983654458706,1.080535108206584e-06,1.7829145583671879e-10,2.7823814562259718e-06,0.0010587013686838955,5.390814237941607e-08,0.00011152342299406151,9.799137469305886e-06,1.6961734952156824e-05,1.147956584530896e-06,0.0009852185022224927
61,1.1073114169628362e-07,0.5938977165743056,0.00010044555224760677,0.0006498711780061264,0.03682289496987119,0.13361085633000996,0.00045346888572263125,6.941994609949541e-07,0.16105908953723558,0.0028944783575768165,0.026869389389040186,9.134726576897511e-09,4.961403063821437e-07,0.006046840445519267,0.03560352141528931,9.228064725608252e-07,2.2358670313764664e-10,2.9113704009223015e-06,0.0008886865362343509,5.499093230802479e-08,0.0001025545310632671,9.207001390742253e-06,1.5161520771676534e-05,1.6129486683513014e-06,0.0009690052300191934
62,1.0075532418067462e-07,0.572022348291859,7.288958443819769e-05,0.000673200168881836,0.03387030147448331,0.16284290377195662,0.0004548847898455198,6.618915212692614e-07,0.15611656082944847,0.0032870464772890265,0.025236723626075555,7.961047815939856e-09,4.0732902878827586e-07,0.0065348573783087895,0.03669983654458706,1.080535108206584e-06,1.7829145583671879e-10,2.7823814562259718e-06,0.0010587013686838955,5.390814237941607e-08,0.00011152342299406151,9.799137469305886e-06,1.6961734952156824e-05,1.147956584530896e-06,0.0009852185022224927
63,9.595154151615694e-08,0.61399232437278,6.574213449488822e-05,0.0005802531617246951,0.028086921291708145,0.13987905218945226,0.00043162454378299907,5.970211042051671e-07,0.14811510884959564,0.002980475998956936,0.023631865012069615,6.7316905100314485e-09,4.056414513304305e-07,0.005538278388412069,0.03475640531303209,8.837211049150192e-07,1.7232502152446118e-10,2.694653611342576e-06,0.0009202605173005741,5.123868874834901e-08,9.474744672250657e-05,9.66153917955409e-06,1.4683468723138231e-05,1.1669351547846107e-06,0.000896693705392681
64,1.062251159677797e-07,0.5611960645108836,6.925387437150654e-05,0.0007164701373079204,0.03692927627237334,0.16956576327407832,0.00043236440024689826,7.88125859760769e-07,0.1472713828552399,0.003611862861359648,0.02895137638189137,9.341752333193415e-09,3.258759031759838e-07,0.0063660571674992355,0.04235084986958626,1.2271195360870155e-06,2.2531774117948373e-10,3.236061987856792e-06,0.0012356064345396597,5.0712751607454954e-08,0.00017943407361717216,1.1172384158673624e-05,1.9368691505651614e-05,1.2158921297248806e-06,0.0010867372309867097
65,5.6485136893637795e-08,0.14250108448223325,3.9278416149484046e-05,0.0008631777510852586,0.08593151578681955,0.6806993448948718,0.00014498185259854813,2.636999334164372e-07,0.028597141241366992,0.0030598072449783266,0.025460554169216852,2.721797349061902e-08,1.633462651552122e-07,0.017572587793978498,0.013545273302706199,2.372414062113255e-06,9.984739908210447e-11,5.946198202289775e-06,0.0006805701415852715,3.768922389929457e-08,0.00030488415046436493,8.872127161882507e-06,3.73258642738598e-05,2.311909167885406e-07,0.0005445024389482226
66,8.269656239380983e-08,0.3970442671958257,8.806936294740659e-05,0.000686409315093842,0.03486794330887669,0.22312920555569074,0.0005103467574969717,7.849698437268355e-07,0.28449290519636894,0.005130450877873409,0.01872792741012828,8.129613118131559e-09,4.886191477705669e-07,0.007167668902307204,0.025460611318413304,1.7934555348790895e-06,9.503156096546439e-11,1.8543355526706112e-06,0.0017553718065109105,8.361722639492981e-08,8.978761497591272e-05,8.1122154849769e-06,9.43463112628243e-06,6.424300402061818e-07,0.0008257501823265752
67,1.3826668749839949e-07,0.38968104991167957,9.360945263644294e-05,0.000801768588252788,0.03349150017023848,0.39213640471179556,0.0006634899025254526,3.1825663608360836e-07,0.07984088007322677,0.0019907835729472538,0.03968080987943996,1.724081691462208e-08,4.775647759984325e-07,0.015604446103772294,0.04406137667943896,2.371902690100474e-06,1.5871571484756887e-10,4.507126878824757e-06,0.0006094409931898335,9.721364840937984e-08,0.00012137721978435783,1.0202148740775747e-05,5.794219352116928e-05,8.488700229701104e-07,0.0011461417979377643
68,1.6712107341342877e-07,0.4057276856056179,2.5352098661300582e-05,0.0008394353225994992,0.007950554855315824,0.4300857937455741,0.000525922954960792,2.44399236071018e-07,0.03190113286172406,0.001528543628190762,0.09495816438657231,1.255960056461828e-08,2.0718994091295007e-07,0.0035281760417351,0.021338268588871948,8.281716555735364e-07,2.1852159370717288e-10,2.979102230471167e-05,0.00016669436359141747,1.1703165275431138e-07,0.0002023555341484959,1.117648436511933e-05,7.81826248076227e-05,1.10641234844213e-06,0.0011000867769297318
69,1.0143808707563943e-07,0.5833548252718979,8.548010273761734e-05,0.000843226995690339,0.03182757998150516,0.14134208893009403,0.00048020405103631046,8.18049842097102e-07,0.17227395951332297,0.003789101676995778,0.024212179186866425,8.044549753052587e-09,4.5219463174369603e-07,0.005740758248744737,0.03367082191807911,1.0860240013937422e-06,2.0398748691994255e-10,3.1077319953786784e-06,0.000998241498421872,6.815870510173829e-08,0.00011915327975883447,8.73993598014334e-06,1.6685442304334346e-05,1.4577717788054686e-06,0.0012298543489856688
70,9.770553890415991e-08,0.5775432153627397,6.941799415404987e-05,0.0006658294340414684,0.033598295995719576,0.15706266520584222,0.0004471756139985781,6.948803763857411e-07,0.15688512504854749,0.0033653887065908427,0.025053039432097007,7.5665978595454e-09,4.0025757546251054e-07,0.006068411074756403,0.03705823518181543,1.0554903355614567e-06,1.8332057576123878e-10,2.7425746125489727e-06,0.0010832380309096503,5.29594915059012e-08,0.0001116930915537809,9.848023460343609e-06,1.670832968356032e-05,1.1788426477950627e-06,0.0009554830135931534
71,6.893989410948971e-07,0.4788037597246603,0.00013957500361115368,0.0016317671821450162,0.012427449103669528,0.1765045414956641,0.0038697967405790057,1.9664408139679016e-06,0.1326588666928758,0.0019375776062191315,0.1281895956286788,2.867578909795771e-08,7.190313104310136e-07,0.007970672361101973,0.05231644240933139,3.1451461397172323e-06,5.796276571027097e-10,1.3971725206671611e-05,0.0014452631637079242,3.6409839730808785e-07,0.0002495075669108805,1.4372191273481987e-05,8.29003083927584e-05,3.630687261139091e-06,0.0017333970376916467
72,8.620573669322442e-08,0.462255863458247,9.948873617583223e-05,0.0005189301036153564,0.0382660970108705,0.20743994339508193,0.0003427869914543617,3.640984027426671e-07,0.21731846108528655,0.0025972709482144332,0.018005283307508,7.772766575356613e-09,3.438838749349241e-07,0.00914176301288761,0.04172955859485935,1.1794704674958963e-06,9.259690147692834e-11,1.4670613537263888e-06,0.0009109426494507488,4.0971747242237725e-08,7.705409990619638e-05,7.188300639182414e-06,1.287185976720469e-05,6.713831453300952e-07,0.0012723355059441595
