,0,1,2,3,4,5,6,7,8,9,10,11,12,13,14,15,16,17,18,19,20,21,22,23,24
0,0.9830954895738758,1.483497082210719e-12,3.915609689952539e-05,7.5971995769466525e-06,1.59061884854911e-05,1.7079426164395087e-09,0.00024330580358840258,3.760745049847237e-06,1.4426923806306197e-09,5.9144327694103665e-06,3.1014690571292244e-06,1.1807249830831084e-06,0.005229464045288361,0.008031292337863559,6.683564496248232e-10,0.0013974568326864947,0.0005750541150733323,0.00024125044911003267,3.2842763197626124e-05,1.8341762115606462e-05,5.020960124473061e-07,2.329503034490673e-10,2.61038137752042e-06,0.0010557632391188642,5.690445407536616e-09
1,0.9855495491691771,1.2681749069136786e-12,4.3149830010819755e-05,7.908949836463632e-06,1.5715976218981755e-05,1.5145032651538341e-09,0.0001991221079899644,4.167137881551228e-06,1.600719058121831e-09,6.082260881774097e-06,2.751351062473388e-06,8.878656658143776e-07,0.005864995072272001,0.005256120273961057,4.934554319144574e-10,0.001480708146961286,0.0004896909799151622,0.0001877747107161601,3.499145639229292e-05,1.751830770978876e-05,3.867988326586703e-07,1.9683591907821793e-10,1.9278036427146157e-06,0.0008365441097561225,3.88433384464184e-09
2,0.9836848497797046,1.1733266416592215e-12,3.0525056331834884e-05,9.203499994160747e-06,1.1743291105220225e-05,2.2274400454858135e-09,0.000349496923429796,3.022805381869111e-06,1.0448623394158456e-09,4.167358096404431e-06,1.6796740927879224e-06,1.2088037606759764e-06,0.00516254845304328,0.006256169776031978,3.5303547785958045e-10,0.0022882427917765417,0.000615353811945013,0.00024177021755471045,3.41573469439402e-05,1.112987290527288e-05,4.771001467073472e-07,2.856480825021906e-10,2.0695654554704296e-06,0.0012921760844987317,3.875641731153707e-09
3,0.9836957442903522,1.2784825555515797e-12,3.743298485764613e-05,8.018838074193685e-06,1.4816098108166246e-05,1.5647449104591606e-09,0.00023313844263741465,3.994913666724524e-06,1.4137546840434147e-09,6.0241205720166435e-06,3.037922748335988e-06,1.0856934194340796e-06,0.005595604814392932,0.00718166916503056,5.929395223249505e-10,0.0014132183657382957,0.0005430989638405186,0.00023157398153187685,3.0615377124979395e-05,1.905950907807115e-05,4.4107311269111285e-07,2.0951090998081125e-10,2.394645846613301e-06,0.0009790220956061972,4.9220324451923905e-09
4,0.9832592802421722,1.2234881368469567e-12,3.584008684211845e-05,7.642364586606704e-06,1.4580698313281055e-05,1.5577225237367263e-09,0.00023034187742467272,3.920735015132594e-06,1.3477446750172936e-09,6.044153833967236e-06,2.8593854980448858e-06,1.0281935898353196e-06,0.005955197432988909,0.0072012937215951795,5.599808263231705e-10,0.0013988619474727933,0.000555314752728704,0.00023851086817289614,3.1812932081414865e-05,1.9328091487239112e-05,4.1813373062545286e-07,1.9714206485044047e-10,2.3726306691696087e-06,0.0010353432882893442,4.799694004006622e-09
5,0.9828407666934939,1.417024108175493e-12,3.420930820776982e-05,9.943151284053047e-06,1.513622211043612e-05,1.8176206202197852e-09,0.00023830114543696988,4.1679286852212816e-06,1.477929427736035e-09,6.353425945600822e-06,3.4184445444955015e-06,1.1242075489919432e-06,0.005818154688861261,0.007600073225677446,6.458063588441278e-10,0.001515799073193091,0.0005685496948671209,0.0002955672168243575,3.0892735115391765e-05,2.2145208611917148e-05,4.655071358096444e-07,2.3039868044704567e-10,2.7341238509664016e-06,0.0009921885834228616,5.242010266871957e-09
6,0.9836957442903522,1.2784825555515797e-12,3.743298485764613e-05,8.018838074193685e-06,1.4816098108166246e-05,1.5647449104591606e-09,0.00023313844263741465,3.994913666724524e-06,1.4137546840434147e-09,6.0241205720166435e-06,3.037922748335988e-06,1.0856934194340796e-06,0.005595604814392932,0.00718166916503056,5.929395223249505e-10,0.0014132183657382957,0.0005430989638405186,0.00023157398153187685,3.0615377124979395e-05,1.905950907807115e-05,4.4107311269111285e-07,2.0951090998081125e-10,2.394645846613301e-06,0.0009790220956061972,4.9220324451923905e-09
7,0.9839221142156686,1.2517121990954794e-12,3.7254789522914094e-05,7.913779053840219e-06,1.4637895586777631e-05,1.523871447047971e-09,0.00023030008927242066,3.9834666368753295e-06,1.3996738515012825e-09,6.019292667836834e-06,3.0009004317678247e-06,1.057571366654896e-06,0.005592577464459784,0.007011595432071189,5.781120674227104e-10,0.0013859134618408478,0.0005390333638891946,0.0002257165365355865,3.0420609995507268e-05,1.8811183418937126e-05,4.282962520803547e-07,2.059718261591941e-10,2.3343265399745195e-06,0.0009668787826013829,4.833306923252666e-09
8,0.9858425656620516,1.0692643757705605e-12,4.398918031292263e-05,6.457879371518002e-06,1.165700217874858e-05,1.0848172096757694e-09,0.00019642378181397677,3.152052777752224e-06,1.1793470217575607e-09,6.813864972204816e-06,2.5477858877775874e-06,9.394700524370991e-07,0.0044251888131001255,0.006751091563732829,4.897748911848512e-10,0.0009415984592129055,0.0005646120673288218,0.0001228452471382357,2.452044452250247e-05,1.5076160048912807e-05,4.264611783125275e-07,1.8126145176682023e-10,2.3855572782474326e-06,0.0010376997102432134,5.9005271169795695e-09
9,0.9817872409801877,1.4083908540442493e-12,3.7841659739977424e-05,9.139153971807726e-06,1.7697968596939898e-05,2.1308544880655735e-09,0.00028263230205655913,4.667132096193864e-06,1.6361959168909794e-09,5.566438206607198e-06,3.1232989044511552e-06,1.2004188206886959e-06,0.006937146522727944,0.006892872783724165,6.016968378288917e-10,0.0020490958553247515,0.0005866636176253262,0.0003304353150804203,3.873477653860035e-05,2.1357498408795032e-05,4.823957754157693e-07,2.4452725747505654e-10,2.3274814795940234e-06,0.0009917655732184123,4.212832751170929e-09
10,0.9836957442903522,1.2784825555515797e-12,3.743298485764613e-05,8.018838074193685e-06,1.4816098108166246e-05,1.5647449104591606e-09,0.00023313844263741465,3.994913666724524e-06,1.4137546840434147e-09,6.0241205720166435e-06,3.037922748335988e-06,1.0856934194340796e-06,0.005595604814392932,0.00718166916503056,5.929395223249505e-10,0.0014132183657382957,0.0005430989638405186,0.00023157398153187685,3.0615377124979395e-05,1.905950907807115e-05,4.4107311269111285e-07,2.0951090998081125e-10,2.394645846613301e-06,0.0009790220956061972,4.9220324451923905e-09
11,0.9835652624621283,1.201889805875899e-12,3.6239837646803154e-05,7.759877749460536e-06,1.4271966393139382e-05,1.547604496370282e-09,0.00023059749962549452,4.1571275106125476e-06,1.381206855868217e-09,6.24538806577351e-06,2.867265687300201e-06,1.0433340795160166e-06,0.006135695804507434,0.00672901891838768,5.488145117818052e-10,0.001410992690898191,0.0005558871504652373,0.00023236698184509673,3.147821055771827e-05,1.9284895496258845e-05,4.0640588794585205e-07,2.0406684397533517e-10,2.259072506946836e-06,0.0010141568306944377,4.5969720730121455e-09
12,0.9887598538106254,9.500551002709763e-13,4.060980165678998e-05,6.5546423686471106e-06,8.839237108550179e-06,8.7289656153666e-10,0.0001720254538009939,5.763262339041892e-06,1.3032307231967199e-09,5.5522277279540355e-06,2.3694786095338833e-06,8.036806638288845e-07,0.005414645357281883,0.003288765350545075,4.1205944944591524e-10,0.001071984005209693,0.0004243044405552945,0.00011115214486848037,2.593843375706977e-05,1.1171662804741818e-05,2.6380467996905445e-07,2.0043050097157422e-10,1.0930814426217978e-06,0.0006483045557484361,2.778638721401624e-09
13,0.9822699658834256,1.1367380874955008e-12,4.1082562193909946e-05,8.818750376603592e-06,1.3147125621072085e-05,1.052926145122066e-09,0.00019672293895327373,4.628071466709272e-06,1.4421436815095848e-09,6.874246289713305e-06,5.591788212118007e-06,1.3933973221388455e-06,0.005058530399004233,0.009705663377842243,9.052149068636684e-10,0.0011400043866768557,0.0005259659796456371,0.00024068198811901467,2.1335654845738654e-05,2.4854571057696542e-05,4.882482831272362e-07,1.9447198719719853e-10,2.9249419005015304e-06,0.0007313162807536598,5.8121165636677205e-09
14,0.9813608979782386,1.8023365850292366e-12,4.0744490917854045e-05,1.0121863262596613e-05,1.912519067559095e-05,2.050842394268612e-09,0.0002240158042467517,4.4436439791966655e-06,1.6673489745562206e-09,6.6132581431644855e-06,3.7736742778623936e-06,1.0446788500989718e-06,0.006987486901523575,0.007605036626268347,7.303623674542668e-10,0.001754045161929641,0.0005646177708992922,0.0003503931870961698,4.317530478960891e-05,2.5266746139906372e-05,4.7672667075245616e-07,2.363944471540762e-10,2.7218235870471294e-06,0.0009959895685860672,4.9131671204393015e-09
15,0.9836957442903522,1.2784825555515797e-12,3.743298485764613e-05,8.018838074193685e-06,1.4816098108166246e-05,1.5647449104591606e-09,0.00023313844263741465,3.994913666724524e-06,1.4137546840434147e-09,6.0241205720166435e-06,3.037922748335988e-06,1.0856934194340796e-06,0.005595604814392932,0.00718166916503056,5.929395223249505e-10,0.0014132183657382957,0.0005430989638405186,0.00023157398153187685,3.0615377124979395e-05,1.905950907807115e-05,4.4107311269111285e-07,2.0951090998081125e-10,2.394645846613301e-06,0.0009790220956061972,4.9220324451923905e-09
16,0.9870842812120721,1.3201679341108763e-12,3.59121902911894e-05,7.0088919985558585e-06,1.344246656443275e-05,1.2818314801878367e-09,0.00019864345716033525,3.797727837600988e-06,1.4886859940603108e-09,5.671513436692271e-06,2.4472405132654304e-06,7.988826433023811e-07,0.004866546321717397,0.005185246903748186,4.758640364868965e-10,0.0010800063875545047,0.00046406813719869554,0.0001514102690571374,2.9599915834138977e-05,1.4043144259503724e-05,3.2065783719471715e-07,1.9661623204846468e-10,1.8664316409929118e-06,0.0008548801159563558,4.688360683888609e-09
17,0.983909058046964,1.2112941713074982e-12,3.566548787754266e-05,8.139319594749494e-06,1.4273874909092847e-05,1.4896759574558391e-09,0.0002404029176408261,3.9381892215484034e-06,1.3887589432378158e-09,5.869238323922998e-06,3.0481622686874424e-06,1.1068437178089815e-06,0.005370780720637566,0.007278973489281829,5.764277723419271e-10,0.001370802339479115,0.0005383836421877424,0.00022521491825057955,2.8313554075529396e-05,1.85816485554208e-05,4.2600349199016197e-07,2.0999664868479197e-10,2.3578738537125345e-06,0.0009446550718279267,4.99176970630961e-09
18,0.9847829760365986,1.151270580427269e-12,2.321180656453186e-05,6.091715140373142e-06,1.3921516688635092e-05,1.207144394177505e-09,0.00022363056100350914,2.8374573639580277e-06,1.2261323174139488e-09,5.245724901713888e-06,2.8044404230852797e-06,8.117587959977573e-07,0.0044169691460353025,0.007808442913101258,5.172966963087169e-10,0.0008327113280771541,0.0006231688422152293,0.00024378247726564007,2.5907818266035063e-05,1.7358768819267617e-05,3.31588128414661e-07,1.8863563067495674e-10,2.538537069558413e-06,0.0009672479158153099,6.507366055486082e-09
19,0.9851334182939552,1.1279971858062835e-12,4.207001929869536e-05,7.96520521399241e-06,1.4142482453745651e-05,1.6049260790709594e-09,0.0002767978693748225,4.639329855719686e-06,1.5536468543473153e-09,7.309224723475387e-06,2.5771797589035713e-06,1.1228482215704788e-06,0.006230518159442613,0.005113468087727641,4.5042865055583264e-10,0.0013379504176680335,0.0005989164755820223,0.00016334346433819312,2.8735595223209566e-05,1.728526190650627e-05,3.851208566780729e-07,2.479936147045525e-10,1.9127048074665022e-06,0.0010174336057776985,4.795690548906051e-09
20,0.9811841463726001,2.3634209252669913e-12,4.493486337553105e-05,1.2067636377636491e-05,1.5743565522974446e-05,2.4300394319357327e-09,0.00025038386479448046,6.287554878023631e-06,1.928972783425498e-09,7.465662776064025e-06,4.494190780131936e-06,1.7594022683515236e-06,0.006253874645180491,0.008281387357192315,1.1292023189141683e-09,0.0018137999248650169,0.0006285182733372483,0.00035175251183676144,3.646431626887816e-05,2.445620224326959e-05,6.994085891551204e-07,3.841873872530514e-10,3.157971260900766e-06,0.001078594044320447,6.356766872953198e-09
21,0.9840928972721923,1.2742166632310195e-12,4.096012886196292e-05,6.7124838905999165e-06,1.5615979371419455e-05,1.6432658271448996e-09,0.0002529293030507326,4.1890429452312996e-06,1.4370379372436886e-09,6.431900549543583e-06,2.4467857825678787e-06,9.820071271234398e-07,0.0063078617057057175,0.005881795823134282,5.079704583086355e-10,0.0013527499026346542,0.0006167532918367937,0.00020124314563378252,3.4187947692626824e-05,1.791233080164444e-05,4.312350906698082e-07,2.14720002488796e-10,2.1914920073336073e-06,0.0011616995878987494,4.829523868932886e-09
22,0.9792250807785078,2.190427659735108e-12,3.442372426074285e-05,5.649787557804893e-06,1.6330463291950635e-05,2.7500884019082853e-09,0.00026287552392674995,3.856345057459321e-06,1.3295886374803283e-09,4.653693274490531e-06,1.4269457307648044e-06,9.996142325144354e-07,0.006539013729823792,0.009242079212386777,5.743196373113746e-10,0.00163714037066458,0.0005712821600196672,0.0002404712918809548,5.862433789357705e-05,1.464222973318612e-05,4.2890162112371127e-07,2.0414225047988503e-10,2.570495415648622e-06,0.0021384394342131067,6.100178121015383e-09
23,0.9836957442903522,1.2784825555515797e-12,3.743298485764613e-05,8.018838074193685e-06,1.4816098108166246e-05,1.5647449104591606e-09,0.00023313844263741465,3.994913666724524e-06,1.4137546840434147e-09,6.0241205720166435e-06,3.037922748335988e-06,1.0856934194340796e-06,0.005595604814392932,0.00718166916503056,5.929395223249505e-10,0.0014132183657382957,0.0005430989638405186,0.00023157398153187685,3.0615377124979395e-05,1.905950907807115e-05,4.4107311269111285e-07,2.0951090998081125e-10,2.394645846613301e-06,0.0009790220956061972,4.9220324451923905e-09
24,0.9822602328524299,1.4419118239323171e-12,3.321173557554456e-05,1.1381173107543157e-05,1.600052003482821e-05,1.7781954915648842e-09,0.00023302979773076322,4.01656829849311e-06,1.4925454896138447e-09,6.706141910295882e-06,3.846785046769703e-06,1.1756617935686291e-06,0.005681977471400722,0.008460862641698173,6.634794347268026e-10,0.0015021429509524179,0.0005220599067126371,0.0003053517692422406,3.0080825489120402e-05,2.334488524128465e-05,4.254543478062535e-07,2.344262159593798e-10,2.683586588173334e-06,0.000901459591922544,5.510388762919322e-09
25,0.9825187057652122,2.3296328877005655e-12,4.4433278033247405e-05,7.361360222848525e-06,2.0060675104329486e-05,2.8612835552510217e-09,0.00022762297478852914,3.070292150173568e-06,1.6508913859630942e-09,5.217352556220438e-06,2.191627322786082e-06,1.0604221632075276e-06,0.005325470154315527,0.007640643755272158,6.528076257244184e-10,0.0018525698766981777,0.0006081680370902434,0.00026966652139341125,5.47761797587387e-05,1.606669647753351e-05,6.690569493100385e-07,2.594086620807405e-10,3.119626386316486e-06,0.001399114937606673,5.983777503258886e-09
26,0.9770618343684718,2.0254479498694444e-12,5.423005977871917e-05,1.3653862206161481e-05,1.715738052795147e-05,2.1921313899078605e-09,0.0002902299615901134,6.068976070224889e-06,1.6985690621261915e-09,7.343475820095455e-06,5.350364555885856e-06,2.0823824186994435e-06,0.006389340787021086,0.011835878729481117,1.1893398968991277e-09,0.0022690532697926613,0.0005764575343748111,0.0003498265243630405,3.4774747728562406e-05,2.721022194965879e-05,7.356563161935762e-07,3.303362530157595e-10,3.21484858669201e-06,0.0010555451656849661,6.270859306488498e-09
27,0.9845385605438643,1.5681476029314428e-12,3.366324588527714e-05,9.093983362512137e-06,1.4738074592695258e-05,1.6393702560662527e-09,0.0002265518200673649,4.4845377936140855e-06,1.666005091102186e-09,5.9988178144259725e-06,3.346977937286712e-06,1.0765748486264988e-06,0.0053016641307583184,0.006887407942373247,6.64569479184544e-10,0.0013345072969227346,0.0004873805185163983,0.0002347844912434077,3.068513793476561e-05,1.8207663009110264e-05,3.8062719020508204e-07,2.3937236973886485e-10,2.2706726795256325e-06,0.0008651873721412614,5.360179657463806e-09
28,0.9836957442903522,1.2784825555515797e-12,3.743298485764613e-05,8.018838074193685e-06,1.4816098108166246e-05,1.5647449104591606e-09,0.00023313844263741465,3.994913666724524e-06,1.4137546840434147e-09,6.0241205720166435e-06,3.037922748335988e-06,1.0856934194340796e-06,0.005595604814392932,0.00718166916503056,5.929395223249505e-10,0.0014132183657382957,0.0005430989638405186,0.00023157398153187685,3.0615377124979395e-05,1.905950907807115e-05,4.4107311269111285e-07,2.0951090998081125e-10,2.394645846613301e-06,0.0009790220956061972,4.9220324451923905e-09
29,0.9836957442903522,1.2784825555515797e-12,3.743298485764613e-05,8.018838074193685e-06,1.4816098108166246e-05,1.5647449104591606e-09,0.00023313844263741465,3.994913666724524e-06,1.4137546840434147e-09,6.0241205720166435e-06,3.037922748335988e-06,1.0856934194340796e-06,0.005595604814392932,0.00718166916503056,5.929395223249505e-10,0.0014132183657382957,0.0005430989638405186,0.00023157398153187685,3.0615377124979395e-05,1.905950907807115e-05,4.4107311269111285e-07,2.0951090998081125e-10,2.394645846613301e-06,0.0009790220956061972,4.9220324451923905e-09
30,0.9836957442903522,1.2784825555515797e-12,3.743298485764613e-05,8.018838074193685e-06,1.4816098108166246e-05,1.5647449104591606e-09,0.00023313844263741465,3.994913666724524e-06,1.4137546840434147e-09,6.0241205720166435e-06,3.037922748335988e-06,1.0856934194340796e-06,0.005595604814392932,0.00718166916503056,5.929395223249505e-10,0.0014132183657382957,0.0005430989638405186,0.00023157398153187685,3.0615377124979395e-05,1.905950907807115e-05,4.4107311269111285e-07,2.0951090998081125e-10,2.394645846613301e-06,0.0009790220956061972,4.9220324451923905e-09
31,0.8849920081765478,6.989171047283279e-12,2.368125989128453e-05,5.0527334573591616e-05,8.666707612534342e-05,1.9054586696778062e-08,0.0015212005362722145,9.861384842137126e-07,3.745861454121327e-09,1.4100957295230474e-05,1.1598032141369176e-05,5.711552416646259e-06,0.002723647504143995,0.10236499196025668,2.027233722833824e-09,0.0031412037450851494,0.0011045441115067828,0.0011319705364891777,3.233027646611724e-05,6.326079109803673e-05,1.5224626376853726e-06,1.1038679097816376e-09,2.8838387292257944e-05,0.0027010836259837336,9.959675384080783e-08
32,0.9838527204403151,1.3705964949907663e-12,3.747465842923492e-05,7.657884340043346e-06,1.5094647499791651e-05,1.5922318986958509e-09,0.0002185181030296838,3.8749050393748164e-06,1.4136400109291665e-09,5.879066772636164e-06,2.900873634913636e-06,1.0201147483634027e-06,0.005652641392386058,0.006987699252708881,5.879583245718675e-10,0.0013989252744454294,0.0005370805842169834,0.00023407027292775295,3.3855752543098184e-05,1.823905573194446e-05,4.2905300887084797e-07,2.0925295321587986e-10,2.3277714665587745e-06,0.0009895822697175978,4.8225837451547665e-09
33,0.9840981682128618,1.3149504265292908e-12,3.9270612360446884e-05,8.168516645722186e-06,1.5158498272637378e-05,1.536573210860745e-09,0.00023105875462101639,4.033683267486366e-06,1.4990832975077147e-09,6.1324603852321225e-06,3.280678906560449e-06,1.1087637415408351e-06,0.005281138941672934,0.0072240467447363,6.31920157440177e-10,0.0013541568929007824,0.0005385852562234286,0.00022045489205393083,2.9115452649383408e-05,1.9361547430694515e-05,4.637922530291626e-07,2.1258192341951156e-10,2.4885187827144394e-06,0.0009237986707930428,5.2279679296076564e-09
34,0.9583038526301515,5.057405888441529e-12,7.402177937708349e-05,3.052270770224667e-05,2.9819247274086864e-05,1.1147550475292715e-08,0.0008442950767964694,1.0581869406793509e-05,3.2610730949452647e-09,1.5288220179077637e-05,6.379568341059275e-06,5.9530012984829365e-06,0.012166543871471702,0.017351544158800507,2.116451142289417e-09,0.005442507353975501,0.0014118040104529222,0.000926343396373968,5.3172297078189595e-05,6.588510405153553e-05,2.1244895553129457e-06,1.1329922679823787e-09,8.690003898040278e-06,0.003250637751166661,1.579952426077653e-08
35,0.9757443573232635,1.5634158091496491e-12,5.107521128656931e-05,9.759434388355883e-06,1.8991378838871604e-05,2.3832611894196567e-09,0.0003123323674667563,3.8278287074829935e-06,1.3690238206763955e-09,7.828313063413174e-06,3.831320495133894e-06,1.683735978438864e-06,0.006667071540563709,0.012489511076671506,8.577524246109892e-10,0.001960146516692915,0.0007491375388264553,0.0003442129431741441,3.570782387870904e-05,3.0210060175065506e-05,8.248912054303089e-07,2.483796585697357e-10,4.2524896860463924e-06,0.0015652261271480066,7.2185088092217856e-09
36,0.9815183065717821,8.830793496131186e-13,2.762664358380777e-05,7.829775980942282e-06,1.0993422502436948e-05,1.296468112553483e-09,0.0003117084511287322,5.19612006797256e-06,1.2386013976057818e-09,5.540785345767579e-06,3.3393574471916176e-06,1.6815340261726377e-06,0.006349614318176842,0.0082848203458903,5.833266122023599e-10,0.001514704557174238,0.0006462601424117274,0.00029516861338383375,2.284230117638513e-05,1.9227784274506636e-05,3.8242528906825654e-07,2.556653610996127e-10,2.070897638989193e-06,0.0009726779691315402,4.608642979802713e-09
37,0.9288541107909837,3.0632367219383166e-10,0.0009728828357641846,8.280802478032093e-05,0.00014931896748182256,5.561704312472764e-08,0.00020007250810172064,0.006070822783936497,1.7863977820802256e-06,0.00017904893070111685,5.380627297931003e-05,1.3621741301324533e-05,0.053808652493055845,0.00015804388345337344,3.821302597751764e-08,0.007564695565984002,0.000788897362664676,0.0002639723541056964,0.0005372388801278204,8.050845508629278e-05,8.23775142206736e-07,3.799039904049125e-08,8.915698372132193e-07,0.00021785238351506258,1.1896424045415905e-08
38,0.9785837261708716,1.583612758866707e-12,4.0051635628947026e-05,8.60370687720211e-06,1.7326700573800225e-05,2.644454959884775e-09,0.0002961629888808642,4.1572206527463255e-06,1.4377752978141985e-09,5.86498816168566e-06,3.220094980588676e-06,1.5009649810303448e-06,0.0070438303085721835,0.009253770208792913,7.631640131865428e-10,0.0022973721765974886,0.000665447336178385,0.0003988981657223413,4.35687358988533e-05,2.222226961900092e-05,6.791210912585939e-07,2.6405285686991713e-10,3.083957370037753e-06,0.0013105031860804611,4.951437805688702e-09
39,0.9825429119119159,1.4858828446431573e-12,4.45754652245692e-05,8.86663467703692e-06,1.5898580226346756e-05,1.9346064810355592e-09,0.00024813554586206634,4.635785767775243e-06,1.561763540246704e-09,6.31147334648145e-06,3.0747127734753253e-06,1.2705741176388043e-06,0.0062568692513378325,0.007118943277817441,6.633342206196006e-10,0.0017419838350732858,0.0005994934166550874,0.00025952326771645475,3.5044876050757373e-05,2.08860810278258e-05,5.643598282466781e-07,2.455586804778399e-10,2.6209767588507313e-06,0.0010883806311593543,4.93591482139028e-09
40,0.9824779389458244,1.3870632966159516e-12,3.184774277119876e-05,1.2715335838489437e-05,1.2665139449018086e-05,2.3210446666107135e-09,0.00025920160970119684,6.2420918799304545e-06,1.6834231289671637e-09,7.2528334651730564e-06,3.061912937580543e-06,1.2027830013023594e-06,0.007867251824939293,0.005280897643213802,5.866337171409285e-10,0.0020060006190304514,0.0005760705363793994,0.00032337148822868586,3.0923265689568384e-05,2.377533240719811e-05,4.417602237865904e-07,2.6655758406516504e-10,2.4964891332782393e-06,0.0010766337403212687,4.0465185559550454e-09
41,0.9816345076996489,7.669509552869286e-13,3.973164038482332e-05,4.935954735013576e-06,1.231633177940514e-05,1.5020181018456965e-09,0.00035834148230607255,2.8122462593902117e-06,9.510564517552966e-10,6.548586897773379e-06,2.2118618843559984e-06,1.410311744726578e-06,0.005279889439512608,0.00862553867039897,4.635069259558717e-10,0.0011154333685595374,0.0009535368301978359,0.00018548517153960884,2.2955560838397868e-05,1.9220765357278543e-05,6.676170379252857e-07,2.0488662968634292e-10,3.347417234966965e-06,0.0017310989377309005,6.983716613819936e-09
42,0.9830858759603147,2.4302508982920233e-12,6.52519641620236e-05,1.384932487581516e-05,1.650185096760432e-05,2.442483484120399e-09,0.0002250831467156291,8.51620133657051e-06,2.381444418439659e-09,6.330039578324582e-06,3.5383883362016353e-06,1.4225131433609276e-06,0.007497298310214718,0.00460033252777917,7.900157187136112e-10,0.002708188371424691,0.0005562439615106248,0.00027539162067013534,4.8959835258353466e-05,2.0700395181776512e-05,6.170095055217723e-07,3.960919406969357e-10,2.024696131595524e-06,0.0008638642762799719,3.5941473989167417e-09
43,0.9815477073759701,1.5178028500808802e-12,5.23183085635796e-05,9.047925164840086e-06,1.794248388577124e-05,2.442535886091855e-09,0.00024933538934172493,5.526604493237378e-06,1.7754133329818493e-09,8.740363868090063e-06,2.9748726034933123e-06,1.2789998076682785e-06,0.008126523491094427,0.005711912810132131,6.632851813030734e-10,0.001902401876133464,0.0007383455844102423,0.00027025985134320005,4.05052616154649e-05,2.5915667067647273e-05,6.880754478704841e-07,2.713374945857308e-10,2.77570858595313e-06,0.0012857896080825928,4.5882989225100375e-09
44,0.9836957442903522,1.2784825555515797e-12,3.743298485764613e-05,8.018838074193685e-06,1.4816098108166246e-05,1.5647449104591606e-09,0.00023313844263741465,3.994913666724524e-06,1.4137546840434147e-09,6.0241205720166435e-06,3.037922748335988e-06,1.0856934194340796e-06,0.005595604814392932,0.00718166916503056,5.929395223249505e-10,0.0014132183657382957,0.0005430989638405186,0.00023157398153187685,3.0615377124979395e-05,1.905950907807115e-05,4.4107311269111285e-07,2.0951090998081125e-10,2.394645846613301e-06,0.0009790220956061972,4.9220324451923905e-09
45,0.9837676612998129,1.5516509984043423e-12,3.6675468777544726e-05,8.656706469723808e-06,1.6314632940865786e-05,1.4987255935234561e-09,0.0001899520121865068,2.5846464073822936e-06,1.442300553530983e-09,5.600691122677119e-06,3.5525022016061754e-06,1.0071916114292922e-06,0.0038717625362467423,0.009329682582874924,6.63302995065841e-10,0.0010830859751810014,0.0005247554291212661,0.0002271570491417549,2.7696009945698027e-05,1.9158732201197566e-05,5.114254838371716e-07,1.9657048713238724e-10,3.4680592275709505e-06,0.0008807058178471167,7.428747082249412e-09
46,0.9866432233298741,5.574221355693284e-13,2.9297047888922524e-05,7.1322030660469265e-06,9.33036561889205e-06,1.1512174854709796e-09,0.00026134594707173214,3.60583258495466e-06,9.619462707704473e-10,6.163588959473378e-06,1.9932560251065268e-06,9.752328460153907e-07,0.005798217355432012,0.004177601983904174,2.7054782363734463e-10,0.0011771702691422286,0.0007225985647236129,0.00016910057366720076,2.0582252314531594e-05,1.5727998212229963e-05,3.5544726605816327e-07,2.0129899665189963e-10,1.6925202610730081e-06,0.0009538803016005049,3.343973406989902e-09
47,0.7653053047928366,1.2616996816847192e-10,0.00019467166891265624,5.8930859691814685e-05,0.00036726692005018257,2.5647512506131047e-08,0.00042841925030749666,1.2454248031974533e-05,2.1944910627773698e-08,3.105292856528519e-05,0.00012966604946724677,8.291566783351246e-06,0.005947160496590356,0.21758672060963513,8.288912351916687e-08,0.002794186650175076,0.0008876189951692263,0.0038154195717098704,0.00011526559640452681,0.0004237843562013388,7.228501571591702e-06,1.4141062937001882e-09,6.710940799623543e-05,0.0018190743302108172,2.411778661732791e-07
48,0.9847869330680183,1.1097298509919443e-12,3.242658083391882e-05,6.420460731591466e-06,1.3115909536852315e-05,1.4526819528145033e-09,0.00021770521346597252,3.7801498135099373e-06,1.198654151985533e-09,5.717027491678639e-06,2.157160432674986e-06,8.533401304816067e-07,0.006082408431719066,0.005648468707766048,4.3504929282053095e-10,0.0012764538438174372,0.0005644390072068022,0.00021023384805059128,3.358269367746992e-05,1.594308127161102e-05,3.496421597375553e-07,1.900549420305166e-10,1.913127203357771e-06,0.001097091400133731,4.028988896744619e-09
49,0.9820807118054534,1.6136731529388004e-12,5.1990128932513024e-05,9.682034990510875e-06,1.742370607672141e-05,2.121546189603245e-09,0.00028111915905323784,5.3218188377762964e-06,1.8052720415873219e-09,7.436105600098134e-06,3.496321254904543e-06,1.5184042149343927e-06,0.006676415547387398,0.007033830342043976,7.264784356199471e-10,0.0017852357078316184,0.0006370595913807328,0.00024908817433745236,3.5266456330748834e-05,2.3454807562745007e-05,5.976980887014703e-07,2.9731045963919277e-10,2.636074509154896e-06,0.001097705645391129,5.5185013146058866e-09
50,0.9741544292402882,6.2721628275415676e-12,8.383925753146716e-05,2.1022993256449012e-05,3.0066968491474216e-05,5.434514698187914e-09,0.00026227836589251774,6.61851254751954e-06,3.4027736307349083e-09,7.531032497313113e-06,7.136709643003155e-06,2.6965283280792067e-06,0.006631430979777284,0.012392357573291213,2.26501262510146e-09,0.00352627679766559,0.0008022407528954726,0.0007013906061524209,6.460442809054171e-05,4.073179475991877e-05,1.9024707343727516e-06,6.305602696602643e-10,6.994880652020417e-06,0.001256428512271986,9.856099849597943e-09
51,0.9827347230539327,2.110246079314978e-12,3.903956068425834e-05,1.2380361597785765e-05,1.567788515655931e-05,1.902852934028464e-09,0.00022987333446240454,5.239054586552884e-06,1.8398910515038103e-09,6.52718958491267e-06,4.385962516215196e-06,1.326302020242835e-06,0.005383434181251803,0.008245836232213125,9.2560794470187e-10,0.0015663561559556998,0.0005190526383694495,0.00030035268642921586,3.246748510536962e-05,2.2044084799287347e-05,5.050900438505684e-07,3.030229976722817e-10,2.808752833581395e-06,0.0008779588295940664,6.185377718320461e-09
52,0.9854674301046892,1.5861115381459092e-12,5.0619270861508594e-05,6.726475302860021e-06,1.545634605952002e-05,1.324563337296053e-09,0.00031007675391522897,2.8576327707477387e-06,1.4424512908414099e-09,3.887177048867047e-06,2.4363591314245424e-06,1.0694647943030693e-06,0.003620792267684596,0.007182707625238666,5.294857320266651e-10,0.0013859620396113855,0.0007014542320882557,0.00015696621182550023,2.962151700976427e-05,1.1828624538648798e-05,6.330391699165068e-07,2.670237571261984e-10,2.8000388652090678e-06,0.0010466644122624337,6.842021871211289e-09
53,0.9791365471094566,1.1396030016320417e-12,3.951454650311911e-05,1.076616135259517e-05,1.7882306584771428e-05,1.967828518632951e-09,0.00038813124868579207,3.928773802289449e-06,1.6060626719856339e-09,6.982747704190805e-06,4.646087086935885e-06,1.6591468413781916e-06,0.005834085961735879,0.0106189917986375,7.484942604343427e-10,0.0017587241762031594,0.0007083812984690689,0.0003260047501844919,2.281395549843622e-05,3.064369286995616e-05,6.706794735706687e-07,2.407209090194781e-10,4.06228892799208e-06,0.001085551634312614,7.071423923692004e-09
54,0.9827773920471913,2.1105672335490404e-12,2.7157035835212105e-05,8.988487114560869e-06,1.5133003217205383e-05,1.7760102338600143e-09,0.00025615956036231726,3.5789621062596693e-06,1.5329098515891841e-09,5.025249977217465e-06,3.246475792441892e-06,1.0976460990258497e-06,0.0040222251886236635,0.009902277709289737,8.070286123281676e-10,0.0012300656758678478,0.00046625417335998873,0.0002540964745599,3.2151446648213706e-05,1.483199336153532e-05,3.806668428562966e-07,2.703682533645725e-10,2.5432251286040558e-06,0.0009773830858134048,7.50438137068201e-09
55,0.9822182615241608,1.2591667861323927e-12,3.700305355315041e-05,8.580887108159267e-06,1.4824274203327837e-05,1.7699039433015208e-09,0.00025907935910162935,4.444989589594563e-06,1.4702501347629394e-09,6.242447037148613e-06,3.106378132922115e-06,1.3086390576196406e-06,0.006333622695518855,0.007530123948278562,6.066922691901539e-10,0.0016206399618934214,0.000580228525133976,0.0002689890383566398,3.091019982611843e-05,2.1129657562326743e-05,4.6312015827700055e-07,2.3106266464832657e-10,2.5020782264219344e-06,0.0010585302069529587,4.936979745053851e-09
56,0.9832736587838479,1.2562214205567952e-12,3.710402427656269e-05,8.147303586065214e-06,1.4772714798243922e-05,1.6219943529948496e-09,0.00023517569598548865,4.198404897850135e-06,1.4183812510439557e-09,6.333455318507219e-06,2.989712831257144e-06,1.0798711502511188e-06,0.006109629674575169,0.006990443296288286,5.773541624868052e-10,0.001449534927804183,0.0005559435260189282,0.0002405517499524508,3.1698453369913315e-05,2.0039229936261602e-05,4.2727490215635035e-07,2.09440199639685e-10,2.358017929375605e-06,0.0010159052705186879,4.7835863498921825e-09
57,0.9804693965168284,1.4640287524632266e-12,6.402824928649286e-05,8.684122290114204e-06,1.900581658785921e-05,2.0812917152611523e-09,0.00027754191746904157,5.637384825291895e-06,1.8107464676348013e-09,8.465708996326303e-06,3.2612647063018297e-06,1.5003302791472667e-06,0.008307195136369868,0.006622171103658824,6.527900089104836e-10,0.001899463424985009,0.000738101166957086,0.00024167026201061593,3.998314638869499e-05,2.748153410706263e-05,6.288414842019648e-07,2.765009803272721e-10,2.6422673612787896e-06,0.0012631318949126013,5.087702576129238e-09
58,0.9828531830590818,1.2689638137938186e-12,3.7378722355473296e-05,7.433981150327905e-06,1.460788355311954e-05,1.6950444107549561e-09,0.0002364924492386263,3.9923396794565325e-06,1.3393647986758758e-09,6.420802111774131e-06,2.7237474920864323e-06,1.1009836985141764e-06,0.006209618709663557,0.007129541041071922,5.692650732109271e-10,0.001441932315480639,0.0005953023978823473,0.0002416107819379201,3.330859250624753e-05,1.9580971293361003e-05,4.5459645584613855e-07,2.120510247063361e-10,2.465424270488265e-06,0.0011628424885212474,4.895561028162693e-09
59,0.9827724673215326,1.2630323257027655e-12,4.15526130187765e-05,7.588470096628862e-06,1.5178108160031903e-05,1.6595049184214392e-09,0.0002431543454890437,4.13100674499312e-06,1.3824379546633302e-09,6.567760331692565e-06,2.855195685837348e-06,1.1293756480267808e-06,0.00627780355648492,0.007115251819968041,5.803281905019551e-10,0.0014675821120563798,0.0006090100368877304,0.00023337624623108032,3.285090430945885e-05,2.0653296744845056e-05,4.82389679205161e-07,2.1292438836087716e-10,2.5160741784698336e-06,0.0011458405620406028,4.968253426107221e-09
60,0.9836957442903522,1.2784825555515797e-12,3.743298485764613e-05,8.018838074193685e-06,1.4816098108166246e-05,1.5647449104591606e-09,0.00023313844263741465,3.994913666724524e-06,1.4137546840434147e-09,6.0241205720166435e-06,3.037922748335988e-06,1.0856934194340796e-06,0.005595604814392932,0.00718166916503056,5.929395223249505e-10,0.0014132183657382957,0.0005430989638405186,0.00023157398153187685,3.0615377124979395e-05,1.905950907807115e-05,4.4107311269111285e-07,2.0951090998081125e-10,2.394645846613301e-06,0.0009790220956061972,4.9220324451923905e-09
61,0.9834876940843661,1.293575831999053e-12,4.1249286507980844e-05,7.4137940146730115e-06,1.5183043630973341e-05,1.639880171663449e-09,0.0002370428682958087,3.90923232783958e-06,1.4070258151024454e-09,6.276792225349957e-06,2.8340865890457678e-06,1.1024697317103407e-06,0.005819678796955549,0.006992001556827871,5.791683630668106e-10,0.0014280788586019917,0.0005912916791314185,0.00022196016950199612,3.2662353904689815e-05,1.9129884487352262e-05,4.834644606977507e-07,2.1430471263379034e-10,2.4910853139619954e-06,0.0010895076256823089,5.025770203259912e-09
62,0.9836957442903522,1.2784825555515797e-12,3.743298485764613e-05,8.018838074193685e-06,1.4816098108166246e-05,1.5647449104591606e-09,0.00023313844263741465,3.994913666724524e-06,1.4137546840434147e-09,6.0241205720166435e-06,3.037922748335988e-06,1.0856934194340796e-06,0.005595604814392932,0.00718166916503056,5.929395223249505e-10,0.0014132183657382957,0.0005430989638405186,0.00023157398153187685,3.0615377124979395e-05,1.905950907807115e-05,4.4107311269111285e-07,2.0951090998081125e-10,2.394645846613301e-06,0.0009790220956061972,4.9220324451923905e-09
63,0.9835870712099818,1.574883747240784e-12,3.740056866872959e-05,8.421751019747913e-06,1.5752729168600565e-05,1.7366078700921757e-09,0.00023155213325941207,4.037692599343743e-06,1.544769328351086e-09,6.011333959527837e-06,3.1848231999929356e-06,1.0940266609765699e-06,0.0054650909247618475,0.007378206158911789,6.663759251254716e-10,0.0014167180124613412,0.0005487405625794503,0.00025024102504017025,3.3670189664634585e-05,1.897353762271728e-05,4.604254054235588e-07,2.356029503315864e-10,2.541040449881856e-06,0.0009908222062209283,5.463432788704061e-09
64,0.9821376435767548,1.5015454040120511e-12,4.660130413157792e-05,8.47374713710776e-06,1.686835836349808e-05,1.909312663000506e-09,0.0002476324113612773,4.095465806976088e-06,1.5493915064655562e-09,6.520762418509833e-06,3.333769440957876e-06,1.2882048404205885e-06,0.005869702936412672,0.00794995313555356,7.130137761191022e-10,0.001645785857305659,0.00063758496906428,0.00026056072397605365,3.469398657972576e-05,2.1883205783161216e-05,6.327706095326783e-07,2.417833199171311e-10,2.97835957232832e-06,0.0011037565127467045,5.527138394755469e-09
65,0.9848301305722978,1.131284784487198e-12,3.5610171590776994e-05,7.415136259142932e-06,1.3705095664194418e-05,1.3693819560838746e-09,0.00022229882666388313,3.9244542784004575e-06,1.3422189211808085e-09,5.725600966028352e-06,2.841496041999546e-06,9.895653997251317e-07,0.005402229628709607,0.00648714094059317,5.238137176871305e-10,0.0013122098772424494,0.0005189917137764984,0.00020518927228054446,2.896783213311429e-05,1.7040488004031844e-05,3.8514512042957785e-07,1.9448237020006024e-10,2.0827883351391607e-06,0.0009031135304673689,4.433147190807697e-09
66,0.9846130817050183,8.926153728746612e-13,4.008068266183659e-05,6.879573119965458e-06,1.5027373543578128e-05,1.3649030141649688e-09,0.00023420521750182354,3.7308482332724798e-06,1.2917450394062765e-09,6.287661320691062e-06,2.429168860029284e-06,8.512769985704125e-07,0.006448013482860843,0.005456054309593046,3.9217910716545206e-10,0.0013783969172311847,0.0005814947968974479,0.00018618025890092222,3.0808497659518637e-05,1.9051362743544476e-05,3.776082639524348e-07,1.6675777048807556e-10,1.9761022145987576e-06,0.0009750661361067791,3.803792362778449e-09
67,0.9777085564198394,1.967519046149098e-12,4.4698193803883353e-05,1.0782027256663224e-05,1.7968542237189995e-05,2.6553175415315585e-09,0.0002982083810855193,4.2414259048525595e-06,1.5873980849880712e-09,7.076779674553e-06,3.7713467813143983e-06,1.549534059253586e-06,0.0064528602558034725,0.010841572440701575,9.105642912936638e-10,0.001884793263737552,0.0007684873178569713,0.0003940795271384988,3.7859509773475946e-05,2.95201322109732e-05,8.04417658875393e-07,2.906863376780075e-10,4.399393464104357e-06,0.0014887579079214382,7.737156718678807e-09
68,0.98727249524286,9.779943510228335e-13,2.6849209641551308e-05,6.234543956627268e-06,1.2580446173169335e-05,9.27357482461556e-10,0.0001638751142025413,2.6922554198093516e-06,1.1478517600171842e-09,4.469697944203525e-06,2.379908527898227e-06,5.783779330714673e-07,0.004378027695331263,0.00581226165148169,3.7596333322568076e-10,0.0010154600309130435,0.000393383265624242,0.00016498343793388341,2.8346414572410546e-05,1.256285375161594e-05,2.3014095748369295e-07,1.3331550644413694e-10,1.650380869321964e-06,0.000700933049760007,3.696679973517312e-09
69,0.9841698621600117,1.2760928316576466e-12,3.6182499257994416e-05,7.4485370297375415e-06,1.4115187372717009e-05,1.5374830978772239e-09,0.00022806237838275423,3.786937944858762e-06,1.3300789063213243e-09,5.574194597877782e-06,2.5871142560847196e-06,1.0122320454187908e-06,0.005473681670755199,0.006820003535561465,5.320029213160144e-10,0.0014259447861670839,0.0005263049518425693,0.00021348465777249959,3.23986312802035e-05,1.6402243116140985e-05,4.083277122573119e-07,2.048024251779683e-10,2.177933359796025e-06,0.001020553813528076,4.60236224174024e-09
70,0.9811578730636338,1.6329673658226486e-12,5.48338930330041e-05,1.4569545122715602e-05,1.8857238290458545e-05,2.362794231673942e-09,0.00029252180465825107,5.802376649561888e-06,1.989035828480938e-09,7.929461088947105e-06,4.427454201334684e-06,1.502364619484719e-06,0.00699782289938409,0.0074348018717017355,7.618142386593026e-10,0.0021864893857940527,0.0005409480953848086,0.00028288038596669215,3.328533718751361e-05,2.997697419928528e-05,5.848495975323512e-07,2.79179167193277e-10,2.8280796102345278e-06,0.0009320542937560902,5.231663999325498e-09
