,0,1,2,3,4,5,6,7,8,9,10,11,12,13,14,15,16,17,18,19,20,21,22,23,24
0,6.035835335631172e-06,1.0636177717480736e-05,2.6424000755662105e-06,9.253501535896755e-05,3.5791948578596484e-08,4.795460496085716e-05,0.9253454735328835,2.9088126669476493e-05,4.95137323374364e-06,0.017005745263933978,9.820092774804417e-07,2.8105134653891868e-08,8.790177778576288e-06,4.862284451341339e-06,1.2426252497097446e-07,0.055624932226892534,2.7946724196823514e-10,5.670751034285803e-06,1.8105101224786694e-05,0.0017362754300967,2.8531974371386866e-07,5.412937102420445e-07,4.219217059135582e-05,1.0526617105319108e-05,1.5858488487215205e-06
1,5.763556377350627e-06,1.2211987318948485e-05,2.4041663933288594e-06,0.00010005326251637408,3.4457314054227026e-08,4.5913740075415216e-05,0.9046344534138794,3.3258616552350365e-05,5.949137325650694e-06,0.02439050146283917,7.641496696026638e-07,2.5209848719514327e-08,6.432396223957342e-06,5.3858783685051745e-06,1.613997362415618e-07,0.06916703415165984,3.015879701174414e-10,4.920190702256476e-06,2.6015753373006978e-05,0.001503152985797363,4.3035028649899655e-07,6.898543759435584e-07,4.288423417954506e-05,9.207625115999725e-06,2.3517184824271517e-06
2,7.055364667128154e-06,1.520366835044234e-05,2.040043182005207e-06,0.00010503925468907893,3.473234241915589e-08,4.425195322976791e-05,0.909636627886345,3.342858969136784e-05,4.216503818727722e-06,0.020845357525795687,8.113639579521346e-07,3.002989972193096e-08,7.859637673250619e-06,6.2431217262400015e-06,1.8849720029258933e-07,0.06751850178512715,4.3484369038914667e-10,6.118170892346088e-06,2.3196977636071933e-05,0.001660734936144753,4.083930654694156e-07,9.467097262380883e-07,6.81876230151976e-05,1.0970838748330013e-05,2.5459582317793004e-06
3,6.436158132540008e-06,1.4693463569604229e-05,2.390402342196207e-06,0.00011646924982355935,3.744502289594607e-08,4.2806840041910866e-05,0.9198975847622193,3.362269122580314e-05,4.592387630641178e-06,0.02226875970825526,8.660484284240596e-07,2.8526282188073803e-08,8.055345888490243e-06,6.005164247183516e-06,1.436553690219775e-07,0.055926406871532136,3.694935226226632e-10,6.585535530379731e-06,2.149459176469694e-05,0.001574188537975899,4.1121040532212856e-07,7.463479646468147e-07,5.3705283349157954e-05,1.1577238216737919e-05,2.392165288715281e-06
4,6.558449141361649e-06,1.643615054387234e-05,2.6587399712058446e-06,0.00012452783692829024,4.35546215993235e-08,4.5234430363184245e-05,0.9218982908470453,3.3309587449713354e-05,4.874352076440028e-06,0.023130122445356137,9.274851129204344e-07,3.182690112073012e-08,1.0052838660019611e-05,6.8210921506330355e-06,1.4579638224808078e-07,0.05300934653501107,3.9588133152307103e-10,7.042287519274343e-06,2.150876970420048e-05,0.001612240468905191,4.103313949447639e-07,7.700275569032656e-07,5.385338560690581e-05,1.2428531794249087e-05,2.363833922088615e-06
5,6.2452313788258716e-06,1.598048949231322e-05,2.350486313426161e-06,0.0001386884489316806,4.034897070139811e-08,4.212140543475153e-05,0.9214933751665145,3.6950832764890795e-05,4.168181557934669e-06,0.024139188913230657,9.143792829755094e-07,2.8732099186216124e-08,9.027590960292593e-06,6.1328361751636675e-06,1.2771194207229482e-07,0.05228561030560535,4.045057856962793e-10,7.970595768027917e-06,2.0228773486227013e-05,0.0017143596686686126,4.3443344953866507e-07,7.548532365179824e-07,5.977111406031702e-05,1.3165883993577146e-05,2.363212176507611e-06
6,6.436158132540008e-06,1.4693463569604229e-05,2.390402342196207e-06,0.00011646924982355935,3.744502289594607e-08,4.2806840041910866e-05,0.9198975847622193,3.362269122580314e-05,4.592387630641178e-06,0.02226875970825526,8.660484284240596e-07,2.8526282188073803e-08,8.055345888490243e-06,6.005164247183516e-06,1.436553690219775e-07,0.055926406871532136,3.694935226226632e-10,6.585535530379731e-06,2.149459176469694e-05,0.001574188537975899,4.1121040532212856e-07,7.463479646468147e-07,5.3705283349157954e-05,1.1577238216737919e-05,2.392165288715281e-06
7,6.786115107480005e-06,1.3985273885947324e-05,2.2641470789322935e-06,0.00012241497109526266,4.4527469126576474e-08,5.360980066784336e-05,0.8921613370447273,3.7658411075055225e-05,4.577916182287276e-06,0.026337375414202245,8.255411864283442e-07,3.102929980987911e-08,6.360938533804299e-06,7.039952774827704e-06,1.7508571856867293e-07,0.07959891467497397,3.967608987759798e-10,6.623431735937242e-06,2.748551659382417e-05,0.0015292757583126703,5.538255388453842e-07,9.209009893296115e-07,6.845306961180072e-05,1.0494136320581208e-05,2.7921201572760308e-06
8,6.962999085226229e-06,1.6913824387485718e-05,2.734229337743701e-06,0.0001489295471680278,3.67809082563312e-08,2.6898597622657096e-05,0.9088051377683959,4.432790215649144e-05,4.613458462409554e-06,0.029832187190423912,5.211128161334329e-07,2.6739298579382164e-08,9.435379879389222e-06,5.703370092653793e-06,1.385398503062873e-07,0.059410938936545296,4.920053042690742e-10,5.416487972215439e-06,2.085040480975304e-05,0.001582571801376438,4.0921546790688787e-07,7.095388176171011e-07,5.443779325654526e-05,1.654366699932582e-05,3.5542228642358505e-06
9,6.136060297211806e-06,1.6524449918546317e-05,3.1740860741540676e-06,0.0001471828513319944,3.307101311827372e-08,2.4724016699055617e-05,0.9279832142319671,3.936402898967221e-05,5.3363911869954275e-06,0.02635521045628226,5.929898616351704e-07,2.3877609954563044e-08,1.1656700591945819e-05,4.780267209466945e-06,1.0999755405216811e-07,0.043598812774551424,3.959969231803771e-10,5.408979098011961e-06,1.6224279766551782e-05,0.0017210667742536727,3.18516231556624e-07,4.992538270385661e-07,3.908872815744523e-05,1.7574299928031323e-05,2.942521602340425e-06
10,6.436158132540008e-06,1.4693463569604229e-05,2.390402342196207e-06,0.00011646924982355935,3.744502289594607e-08,4.2806840041910866e-05,0.9198975847622193,3.362269122580314e-05,4.592387630641178e-06,0.02226875970825526,8.660484284240596e-07,2.8526282188073803e-08,8.055345888490243e-06,6.005164247183516e-06,1.436553690219775e-07,0.055926406871532136,3.694935226226632e-10,6.585535530379731e-06,2.149459176469694e-05,0.001574188537975899,4.1121040532212856e-07,7.463479646468147e-07,5.3705283349157954e-05,1.1577238216737919e-05,2.392165288715281e-06
11,6.48451052369334e-06,1.5311618111410278e-05,2.461540614556616e-06,0.00012097248464273186,3.821837834296916e-08,4.20490509516807e-05,0.9228338708574418,3.390717646007502e-05,4.629336172870245e-06,0.022251725833029746,8.872855428317056e-07,2.959033185102417e-08,9.057469350019765e-06,6.113490687236627e-06,1.398427607768868e-07,0.052940094277828836,3.865555299216082e-10,6.877678929989857e-06,2.0816473982928077e-05,0.001635202865923628,3.978977137705342e-07,7.462857921973495e-07,5.367946550134288e-05,1.2145485369845564e-05,2.3608774024243844e-06
12,5.233569432736766e-06,9.488852551071082e-06,2.377169243449591e-06,8.184156336136146e-05,2.0537785668618688e-08,2.5858744584578624e-05,0.9425677534948873,3.176729989478053e-05,6.5719277482398035e-06,0.015693275996677084,7.214795668284723e-07,1.755554355683958e-08,5.366425869598863e-06,3.07523789713716e-06,1.3055921371869814e-07,0.040203449435935255,2.314863337428557e-10,3.4322851238420707e-06,1.96215389176282e-05,0.0013025040624132051,2.8827127845719954e-07,3.9486675766161365e-07,2.5129079707123364e-05,9.565415944593576e-06,2.114398178906499e-06
13,7.265868750181832e-06,1.4619943452161012e-05,3.087043164910246e-06,0.00011324575498049592,4.9420060438423494e-08,4.572938099992209e-05,0.931789052457728,3.36582560287094e-05,5.331081569300728e-06,0.015694897967012962,1.3608606103061963e-06,4.677292030364171e-08,9.526904156121556e-06,8.500769633579332e-06,1.9858621879805758e-07,0.050657408360174135,4.582436204992242e-10,5.975785145781954e-06,2.7216807394899902e-05,0.001514249869845889,4.748900171799562e-07,8.62738403762209e-07,5.482599905738794e-05,1.0148081722517029e-05,2.2659427085579106e-06
14,9.156544169465919e-06,7.939015457017557e-06,2.227176168496522e-06,8.245038376014355e-05,2.3878174096751514e-08,2.9600150442472202e-05,0.9282497546368387,3.112526394196047e-05,3.492696728791143e-06,0.010870193450905405,7.260065918330972e-07,3.425635260486195e-08,4.8179363759096435e-06,5.31450480171975e-06,1.4768949043189868e-07,0.05930554578269849,3.7980121592789896e-10,4.665629880730353e-06,2.1270546623468584e-05,0.0013044141764983691,3.492196630740328e-07,6.55425953007787e-07,5.471351482768083e-05,8.853013426729062e-06,2.5287204283860666e-06
15,6.436158132540008e-06,1.4693463569604229e-05,2.390402342196207e-06,0.00011646924982355935,3.744502289594607e-08,4.2806840041910866e-05,0.9198975847622193,3.362269122580314e-05,4.592387630641178e-06,0.02226875970825526,8.660484284240596e-07,2.8526282188073803e-08,8.055345888490243e-06,6.005164247183516e-06,1.436553690219775e-07,0.055926406871532136,3.694935226226632e-10,6.585535530379731e-06,2.149459176469694e-05,0.001574188537975899,4.1121040532212856e-07,7.463479646468147e-07,5.3705283349157954e-05,1.1577238216737919e-05,2.392165288715281e-06
16,6.426258756137405e-06,1.534800586504226e-05,2.2905083936650473e-06,0.00011946546519816529,3.6823007908180365e-08,4.288482649238852e-05,0.9151388523285916,3.438705890212352e-05,4.471564169871145e-06,0.024549969665160407,8.292916881529703e-07,2.8299153112548004e-08,7.741559118186915e-06,6.091794886077361e-06,1.421894894929794e-07,0.058401035671595276,3.7749664617395255e-10,6.905440268307039e-06,2.2237633874077038e-05,0.001571538031495862,4.5054215919378045e-07,7.921313703140263e-07,5.407975038141416e-05,1.1482877441104854e-05,2.5119050454233797e-06
17,6.981176539250596e-06,1.686625750044228e-05,2.4185196527009824e-06,0.00014917401450508072,4.102324700352878e-08,3.9351720334674894e-05,0.9267836365311158,3.447663105913926e-05,3.918095480777607e-06,0.022090909336138522,8.735000037211106e-07,3.301638299629701e-08,1.0762733207674684e-05,7.402778024683417e-06,1.2412840206552442e-07,0.0490654247102881,4.27402462332054e-10,7.988983458591547e-06,1.96453193334437e-05,0.0016788914799437025,4.0282092978513753e-07,7.600793413286844e-07,6.446251953412172e-05,1.288641073839754e-05,2.5677874354719067e-06
18,6.233802271783241e-06,1.4558816888838413e-05,2.4338275894321036e-06,0.00011825390119667196,3.99276431038743e-08,4.58665375228172e-05,0.9175664425502984,3.37485946319943e-05,4.801300127322042e-06,0.022570025632966104,9.045564343690648e-07,2.8492632393871056e-08,8.06079849128861e-06,6.148277761375813e-06,1.497306656292505e-07,0.05793795343644007,3.5703314413975285e-10,6.3838216360929855e-06,2.2227932404317647e-05,0.0015866843943758207,4.193917104853385e-07,7.326415718643408e-07,5.4289234327660955e-05,1.1270006956867647e-05,2.342036422152083e-06
19,7.013002035469147e-06,9.708091572752339e-06,1.1617415907078001e-06,6.944533741876159e-05,1.5378326830318448e-08,3.364581055981445e-05,0.9267466853016086,2.3350578925023997e-05,2.5321859843951723e-06,0.013316695944154912,6.818396382863782e-07,1.729777629114229e-08,3.3991018566803328e-06,3.69846078917638e-06,1.307767546644499e-07,0.05849666684464479,2.6075171397324246e-10,5.797502295431542e-06,1.6905500569634183e-05,0.0011905803808845061,3.4639783746003267e-07,6.193229099795722e-07,6.067367528346506e-05,8.087833533603761e-06,2.1414322970247542e-06
20,6.640708900352434e-06,2.076350625259612e-05,2.7069449598252274e-06,0.00014715212209019874,5.379365197702651e-08,4.2974216465429226e-05,0.910873851502862,5.2288799988315567e-05,5.8440749456694005e-06,0.03048859977419199,9.379644298603845e-07,3.494646751274673e-08,1.0506267207407406e-05,6.973818828426927e-06,1.9848732597953525e-07,0.05642628147104667,6.031088397044931e-10,7.583909279606496e-06,2.880202813954864e-05,0.001795398342335232,5.453848638732175e-07,1.2244777960650922e-06,6.23793223303804e-05,1.5430733088571567e-05,2.8267994438443186e-06
21,6.5311724391717706e-06,1.2096779737513788e-05,2.2377596824818555e-06,0.00010593724352612197,3.016892273904634e-08,3.8677484551580184e-05,0.9181559224969118,2.484223501255391e-05,3.2752475330800407e-06,0.019145358004723053,7.016309416346412e-07,3.035335201467491e-08,9.200393706830409e-06,6.043256175815788e-06,1.0244810442781702e-07,0.06075961529532666,2.922451746914964e-10,6.028309179148761e-06,1.6399213860961536e-05,0.0016431563769406597,3.085665831337297e-07,5.408937131461815e-07,5.09297090378649e-05,1.0001136640526377e-05,2.0335311516779856e-06
22,6.869104476669221e-06,1.3172444833203816e-05,2.4133743602088125e-06,0.00011670831723215979,3.6088150086348134e-08,4.783202059006522e-05,0.9105678931572693,3.7114389334764505e-05,4.3711718000112824e-06,0.022439428458447996,9.678693440814156e-07,3.0987629482551715e-08,6.852043087320092e-06,5.724996084593673e-06,1.3900959962850067e-07,0.0648204612691201,4.084394553413982e-10,7.962825187335915e-06,2.2264525474671963e-05,0.0018287119275003344,5.062053526180592e-07,8.389941703027127e-07,5.612195818885669e-05,1.128609461519352e-05,2.2923597118311057e-06
23,6.436158132540008e-06,1.4693463569604229e-05,2.390402342196207e-06,0.00011646924982355935,3.744502289594607e-08,4.2806840041910866e-05,0.9198975847622193,3.362269122580314e-05,4.592387630641178e-06,0.02226875970825526,8.660484284240596e-07,2.8526282188073803e-08,8.055345888490243e-06,6.005164247183516e-06,1.436553690219775e-07,0.055926406871532136,3.694935226226632e-10,6.585535530379731e-06,2.149459176469694e-05,0.001574188537975899,4.1121040532212856e-07,7.463479646468147e-07,5.3705283349157954e-05,1.1577238216737919e-05,2.392165288715281e-06
24,6.018107942990421e-06,1.9516059934617898e-05,2.5417483881079987e-06,0.00016335078806252974,5.0489964990317927e-08,4.9414362076163246e-05,0.9155089041074317,3.57828501160275e-05,4.5919245152967e-06,0.028866380097312957,9.63736961514812e-07,3.286104271515787e-08,1.1565712683049715e-05,8.085969396494861e-06,1.328883481827426e-07,0.05340793233927393,4.0951997907823383e-10,8.435793288648585e-06,2.2789388603856733e-05,0.0018056409951467392,4.6519703991856707e-07,8.389043040934254e-07,6.174998998049947e-05,1.2289116557085273e-05,2.5261621081871285e-06
25,5.837887589193191e-06,1.1866786888178196e-05,2.2957232902700518e-06,0.00012637304107564881,2.9064736469668365e-08,2.5374538798760475e-05,0.9422202216134307,4.2872111018612976e-05,3.7808863380288972e-06,0.01653829144207381,9.626672926911211e-07,2.9452531177384738e-08,8.805986279230972e-06,4.30900486587534e-06,1.0513916849785467e-07,0.03908784399570942,4.1834693089938167e-10,6.307477003396802e-06,1.87551248738016e-05,0.0018352543211258942,3.4813261670006156e-07,5.936690054329683e-07,4.5154137850433097e-05,1.2741205594508015e-05,1.8461724960622004e-06
26,7.5661996479864975e-06,1.423231526865215e-05,2.9938523602681853e-06,0.00011504054920705394,2.945269387271296e-08,2.9165086494974028e-05,0.9428765605751818,3.705080359982686e-05,4.6711989908073615e-06,0.018461777837259188,8.345993728804492e-07,2.5118333839198568e-08,9.392210761479284e-06,4.112571789657471e-06,1.0068444278757283e-07,0.03665484027918875,4.332751219042886e-10,8.201993282440093e-06,1.4318061289035254e-05,0.0016960141868094566,3.07737531950479e-07,5.938618404003806e-07,4.148087347984203e-05,1.8382505826204186e-05,2.3070120715906873e-06
27,6.842236313204053e-06,1.4738973792849492e-05,2.372063417127689e-06,0.00010479906012172231,3.374620446222225e-08,4.657729107175259e-05,0.9095208061932268,3.999351246727555e-05,6.11937232646173e-06,0.024990583330007837,8.179989893154858e-07,2.63229999892837e-08,6.558378915893815e-06,5.104416074733817e-06,1.854446452978175e-07,0.06344253836455699,3.9697574506897924e-10,6.351164610328848e-06,2.4288595409519565e-05,0.001714555356606185,4.475110428934928e-07,9.606318570739176e-07,5.076906761112088e-05,1.1685060747208659e-05,2.845510008198452e-06
28,6.436158132540008e-06,1.4693463569604229e-05,2.390402342196207e-06,0.00011646924982355935,3.744502289594607e-08,4.2806840041910866e-05,0.9198975847622193,3.362269122580314e-05,4.592387630641178e-06,0.02226875970825526,8.660484284240596e-07,2.8526282188073803e-08,8.055345888490243e-06,6.005164247183516e-06,1.436553690219775e-07,0.055926406871532136,3.694935226226632e-10,6.585535530379731e-06,2.149459176469694e-05,0.001574188537975899,4.1121040532212856e-07,7.463479646468147e-07,5.3705283349157954e-05,1.1577238216737919e-05,2.392165288715281e-06
29,6.436158132540008e-06,1.4693463569604229e-05,2.390402342196207e-06,0.00011646924982355935,3.744502289594607e-08,4.2806840041910866e-05,0.9198975847622193,3.362269122580314e-05,4.592387630641178e-06,0.02226875970825526,8.660484284240596e-07,2.8526282188073803e-08,8.055345888490243e-06,6.005164247183516e-06,1.436553690219775e-07,0.055926406871532136,3.694935226226632e-10,6.585535530379731e-06,2.149459176469694e-05,0.001574188537975899,4.1121040532212856e-07,7.463479646468147e-07,5.3705283349157954e-05,1.1577238216737919e-05,2.392165288715281e-06
30,6.436158132540008e-06,1.4693463569604229e-05,2.390402342196207e-06,0.00011646924982355935,3.744502289594607e-08,4.2806840041910866e-05,0.9198975847622193,3.362269122580314e-05,4.592387630641178e-06,0.02226875970825526,8.660484284240596e-07,2.8526282188073803e-08,8.055345888490243e-06,6.005164247183516e-06,1.436553690219775e-07,0.055926406871532136,3.694935226226632e-10,6.585535530379731e-06,2.149459176469694e-05,0.001574188537975899,4.1121040532212856e-07,7.463479646468147e-07,5.3705283349157954e-05,1.1577238216737919e-05,2.392165288715281e-06
31,6.975833386212258e-06,1.737808738367758e-05,3.2920696583440555e-06,0.0001595128859942998,4.679180424902228e-08,3.380664986035517e-05,0.9255753605676558,4.693468954473976e-05,4.914806847838392e-06,0.025885717336151068,8.56830862509883e-07,3.454261387792792e-08,1.2307083916519725e-05,6.167215720874088e-06,1.1552028607955214e-07,0.046237454304829506,5.063377948478485e-10,8.165077272781905e-06,2.0036607486544097e-05,0.0019087353622889206,4.0607239508747536e-07,7.544221229545844e-07,5.092953495699157e-05,1.7559161385491433e-05,2.538039237534442e-06
32,6.541019394096765e-06,1.4722879769203494e-05,2.406963588304674e-06,0.00011474219184689886,3.809814523949877e-08,4.3805699986756294e-05,0.9175163544979417,3.495490392651136e-05,4.8894525298932e-06,0.022620583699476227,8.835317230033762e-07,2.9025002943420212e-08,7.745359318264615e-06,6.021851758033489e-06,1.5465434598292947e-07,0.05796345409972031,3.8361274158873694e-10,6.500896991795992e-06,2.3440976167805906e-05,0.0015643518081515332,4.381371847183885e-07,7.890001762186712e-07,5.3319514006894796e-05,1.1374084967434884e-05,2.457270267389942e-06
33,6.6475006830741174e-06,1.6058468301138784e-05,2.4031781207118744e-06,0.00012383489043921137,4.125810885597874e-08,4.525893772588256e-05,0.9178856651958064,3.461360321688042e-05,4.39020387799361e-06,0.023296157354776637,9.082078876178105e-07,3.1250998967081556e-08,8.976827280348047e-06,6.638717553983056e-06,1.4490965269024167e-07,0.056808003988644135,4.070438618823021e-10,7.333328682928109e-06,2.2046252485884446e-05,0.0016563497808435594,4.276110475924387e-07,8.440263813176459e-07,5.888208553049572e-05,1.1979198038711054e-05,2.3628168709140253e-06
34,6.547459059501448e-06,1.4474723869883782e-05,2.4093792384599144e-06,0.00011197622398152563,3.648198665793137e-08,4.2406029428569526e-05,0.9211296053466186,3.3241298105199e-05,4.8454439509399345e-06,0.021853449948299325,8.548555597314527e-07,2.7979920653327746e-08,7.885972612514295e-06,5.854234216198787e-06,1.4679686433159995e-07,0.0551659565372735,3.612247286579126e-10,6.3450112777340036e-06,2.1868461011107837e-05,0.001526275491917293,4.035984062439572e-07,7.326987779881189e-07,5.081754783020062e-05,1.1424205036322237e-05,2.4139135325746765e-06
35,6.586255545025459e-06,1.4672085302563844e-05,2.368689608336815e-06,0.00011705764904093053,3.590674743543044e-08,4.103025583350633e-05,0.9211099306576578,3.491013546174805e-05,4.672073819084835e-06,0.02267727242758288,8.426665354854519e-07,2.7997008097468675e-08,7.881444144627663e-06,5.73863047038051e-06,1.3966395713349536e-07,0.05431401816724624,3.770810940683037e-10,6.778011188906051e-06,2.1576611404418763e-05,0.0015669719464436879,4.148829035029808e-07,7.502835011591743e-07,5.195066380416486e-05,1.190027333770195e-05,2.472244373934452e-06
36,5.0322830028713174e-06,1.2847960776956492e-05,1.5218008146213545e-06,9.303718409862534e-05,2.2598078958598297e-08,5.1711474908466394e-05,0.9349518998089478,2.4205296397840648e-05,3.0661712216084306e-06,0.017310251166830798,1.1495482270447012e-06,1.6780394106581675e-08,4.962642751191812e-06,3.940998831862622e-06,1.0522943462950411e-07,0.045715189073781234,2.206978762961277e-10,8.962644664728509e-06,1.29617237295215e-05,0.0017332908721037791,3.657126244452866e-07,6.2074134466904e-07,5.3814580642944536e-05,9.494477825976752e-06,1.529007867670062e-06
37,9.201322760992966e-06,1.1487894035804443e-05,2.2989747436080755e-06,8.499528140453075e-05,2.431196404837277e-08,2.9397078770102677e-05,0.943119905965764,2.219202531415547e-05,2.744499216295569e-06,0.011887902056166463,7.830297926590103e-07,3.1061464423253965e-08,7.297712748268174e-06,5.721181568710485e-06,9.395435081019449e-08,0.043460033497363305,3.2424730397601935e-10,6.8612981281606515e-06,1.5281550907944854e-05,0.0012763034267618803,2.8368346797723206e-07,5.682181381703849e-07,4.410431417022036e-05,1.0529049452026848e-05,1.9582872983217347e-06
38,5.365790428895682e-06,0.0001345232667901552,1.5739267255071084e-05,0.003309292669388025,5.001137210914329e-07,2.4709674820797562e-05,0.7317716205170071,0.0006002363249527819,3.117579154478039e-05,0.23882091096347385,1.3299224813652456e-06,9.958235308887853e-08,0.00014080634738577726,1.91893291241312e-05,1.4015422884609388e-07,0.018119027583260592,4.599290252286246e-09,2.6867931179586196e-05,6.045639362259123e-05,0.006730270956154575,1.3545129769182404e-06,2.4768780634132865e-06,6.765388880523937e-05,0.00010097185601243985,1.527568567858201e-05
39,6.499252101993257e-06,1.0100551210894243e-05,2.7669544165544836e-06,0.00013165969024635997,4.584610229131397e-08,5.027146904104586e-05,0.8808000539320439,5.015425193629779e-05,5.088605650448745e-06,0.025984064207974233,8.850864792577512e-07,3.649633561828893e-08,6.15466184456649e-06,5.713654772248926e-06,1.5298951717471218e-07,0.0908966033810488,4.1499269654541564e-10,6.220736325706358e-06,2.901077248018507e-05,0.0019416001293333176,6.122315008584903e-07,7.506879745187152e-07,5.813315938805063e-05,1.0903012760154438e-05,2.517824522627317e-06
40,9.221368987218342e-06,1.6222501505775684e-05,2.9172587838978156e-06,8.881975095703084e-05,4.2313786951683274e-08,5.217614563122552e-05,0.9250702172175354,2.628413431631521e-05,5.210416367535597e-06,0.016337827251588926,1.0913660950676557e-06,4.0695298206459196e-08,7.0336204496757365e-06,8.984795197011375e-06,2.1394301680317666e-07,0.05703563066433315,4.2037800639568453e-10,6.5800121364577346e-06,2.731323647382105e-05,0.0012379949631368015,4.963323141417829e-07,1.0675845632398782e-06,5.2363236584196895e-05,9.456289001366487e-06,2.7944815616870454e-06
41,5.9964109264061785e-06,1.710405320575493e-05,4.222275124397254e-06,0.00013864476285687014,7.503599708445661e-08,6.978901291712853e-05,0.8740429112073113,4.295440554479753e-05,1.168094383828559e-05,0.036808201973967586,8.730347386373987e-07,2.8443925719298753e-08,8.504517507913987e-06,7.845768498238836e-06,2.779575507567569e-07,0.08719003062577432,3.630368876487546e-10,4.387789010050449e-06,3.409147085594247e-05,0.001547462175452126,5.70192753609589e-07,7.782415566131412e-07,4.734010474804421e-05,1.269366021026586e-05,3.5355726911378498e-06
42,6.27506886070939e-06,1.2765919002412907e-05,2.1058217191268253e-06,9.626526094800766e-05,3.3091407724199176e-08,4.1627687448372404e-05,0.8823057491596923,5.0282882933260654e-05,5.2094139986454e-06,0.026242238601475027,7.738924852258181e-07,2.7676572282798082e-08,4.773392719812257e-06,4.643036761185273e-06,2.182962290056346e-07,0.08929637123924841,4.862628362857337e-10,5.332419258230045e-06,3.2573664678385914e-05,0.001821527279760304,6.120492426694979e-07,1.2370369740821957e-06,5.6435477622730494e-05,1.0415170387366181e-05,2.505974311843997e-06
43,6.683227282747655e-06,1.3567768755922544e-05,2.391392797048983e-06,0.00010530314719914211,3.1221654055042857e-08,3.580414301637422e-05,0.9348523575657081,2.8210061820100955e-05,4.075000165732787e-06,0.017050961117103993,8.486681273711067e-07,2.8022362320114937e-08,8.450526096256934e-06,5.695499934623187e-06,1.240541646742689e-07,0.04630968476406255,3.3397661018595745e-10,6.0995213686265725e-06,1.810988106503352e-05,0.0014891601544002302,3.2315991065481654e-07,6.151983020727804e-07,4.8229152159673196e-05,1.1066997408147924e-05,2.1794211580992762e-06
44,6.436158132540008e-06,1.4693463569604229e-05,2.390402342196207e-06,0.00011646924982355935,3.744502289594607e-08,4.2806840041910866e-05,0.9198975847622193,3.362269122580314e-05,4.592387630641178e-06,0.02226875970825526,8.660484284240596e-07,2.8526282188073803e-08,8.055345888490243e-06,6.005164247183516e-06,1.436553690219775e-07,0.055926406871532136,3.694935226226632e-10,6.585535530379731e-06,2.149459176469694e-05,0.001574188537975899,4.1121040532212856e-07,7.463479646468147e-07,5.3705283349157954e-05,1.1577238216737919e-05,2.392165288715281e-06
45,6.872718583544511e-06,1.651541203325171e-05,2.282729543303923e-06,0.00013400229841820384,3.775931107966871e-08,4.88329081706938e-05,0.9115023400465372,3.247637495302852e-05,4.117649100141096e-06,0.025320840552604935,8.868734061111305e-07,2.9720863903405307e-08,7.499063159638919e-06,7.009737968462234e-06,1.3624586701058514e-07,0.06114058895561877,3.8494391837594146e-10,8.556342495490725e-06,2.1742274193809276e-05,0.0016660115243530187,5.048917209970576e-07,8.390283599690747e-07,6.369233998164918e-05,1.1291974707259084e-05,2.8921931045131372e-06
46,1.0288620979683887e-05,2.02187225636921e-05,3.2632184830318342e-06,0.0001893788440035542,5.001122010465742e-08,3.1515292706608245e-05,0.9151140090553597,7.217004596710951e-05,4.701070274143483e-06,0.026053852976002063,1.0149705398441587e-06,5.0790010068655935e-08,1.3551856303169002e-05,6.345748868749206e-06,1.6295321111207637e-07,0.05585723444693591,1.1843691306809996e-09,1.05596208746914e-05,2.685739150992574e-05,0.002475786396154114,5.563678365152187e-07,1.2894619811849617e-06,8.034798128912347e-05,2.3191470817074863e-05,3.601501739827292e-06
47,6.10506571727302e-06,1.526944432212315e-05,2.4841036475529544e-06,0.0001263409194261941,4.1703263773583287e-08,4.435918423681893e-05,0.9196166750604824,3.51210024980171e-05,4.931048462974329e-06,0.023616364003554373,9.013598269067218e-07,2.8206237863614935e-08,8.534637475832079e-06,6.264650292276766e-06,1.4834153521819005e-07,0.05485372372181638,3.714884888380767e-10,6.539461128828692e-06,2.2224805743096738e-05,0.0015635033742563236,4.248384229444916e-07,7.264508907381797e-07,5.487897626105116e-05,1.1979355260221008e-05,2.4299137524115074e-06
48,6.763472617962528e-06,1.69743788440252e-05,2.195234623176004e-06,0.00012278777430135065,3.9392613369408664e-08,3.795030333228393e-05,0.9179325413791646,3.966279204841328e-05,4.505494434107565e-06,0.02472336123266354,8.338467859743401e-07,2.992741713688483e-08,8.665276014120027e-06,6.116457663216652e-06,1.6084870948348277e-07,0.05548068755993839,4.84728538274244e-10,6.7797144061934365e-06,2.572103902694869e-05,0.0015081677207749076,4.576658014459584e-07,9.214229077020587e-07,5.9341758900863084e-05,1.2783291665345712e-05,2.5515306168113078e-06
49,6.544684717423286e-06,1.4822471021585455e-05,2.798172448368674e-06,0.00011933567835806215,4.5832654562120544e-08,5.860083645996908e-05,0.913332618354339,3.368183520424598e-05,4.719792453799196e-06,0.022332770572603772,1.0967142296435725e-06,3.828739575918974e-08,9.11921878361703e-06,7.381749326307722e-06,1.477051589744907e-07,0.06201566415208668,3.8796050902424066e-10,8.14317488471752e-06,2.1357913076009548e-05,0.0019572890188290534,4.47823918194623e-07,9.326305000583368e-07,5.9462300389671356e-05,1.0819904084227625e-05,2.1607891158670866e-06
50,7.514175763313372e-05,2.065919152937757e-05,3.567021886020632e-05,0.001890918918687858,6.391982221687066e-07,0.0018691029428396972,0.8824095529114327,8.109991940645397e-05,4.750525780444263e-06,0.0029569508884222727,0.0006237447416356653,7.129756304732214e-06,5.3957584320287914e-05,3.3134730027019865e-05,1.7807152637911279e-06,0.06747779909037567,3.8223617220448714e-08,0.0012945714440352513,6.285668816940472e-06,0.03415238551304323,1.4357540563635387e-05,3.3440386643352977e-06,0.006859838094204538,0.00011777475690443635,9.371629408885478e-06
51,6.195024939271863e-06,1.6150854442139126e-05,2.3508730233398693e-06,0.00012652222991523418,3.867518333714862e-08,4.1122893415539564e-05,0.9256750637386437,3.584506054233629e-05,4.694889483452833e-06,0.024006277717829608,9.020232348395319e-07,2.837622358321973e-08,8.50107495934277e-06,6.160325119413424e-06,1.354115724603393e-07,0.04844438420326554,3.768817515526981e-10,7.273706207103881e-06,2.1898723875595858e-05,0.0015296253032850413,4.3748498833174094e-07,7.769015053233255e-07,5.127777432091893e-05,1.195712995723189e-05,2.3792271854407755e-06
52,6.3135377000444546e-06,1.4639825407578024e-05,2.0390744785440544e-06,9.915902759400844e-05,2.9846251175466527e-08,6.050534381728624e-05,0.9254734400807042,2.481621349462976e-05,4.1123293313323005e-06,0.021103876123542326,9.792521443279148e-07,2.5241363932279647e-08,8.679220511198042e-06,5.447363613055061e-06,1.1184843823220298e-07,0.05117745338783107,2.7886298172340945e-10,9.841656227363386e-06,1.4386602540444338e-05,0.0019280026333966605,3.2296684467395254e-07,7.738663226147893e-07,5.260950184020297e-05,1.0616291991186148e-05,1.8184857508469133e-06
53,1.1170409542601041e-05,0.00019109726238753666,2.3815843163063133e-05,0.0017834739762573868,1.9386764710223022e-05,0.00038605408476531287,0.19396344761397005,0.0004895143946231992,3.944640536942345e-05,0.6265354804985681,1.992842362107735e-06,1.0621017188348846e-06,0.00011139955916532728,0.0002098652678054409,8.540776393295798e-07,0.17359122625813944,1.1135225487492858e-08,2.31870830912597e-05,0.000866353944544894,0.0015447479313528039,1.1127807165295798e-05,1.511067407729879e-05,0.000131823816551331,3.2831598242158555e-05,1.5518649562072464e-05
54,5.805091045743249e-06,1.0872588422897078e-05,1.7988452641270006e-06,7.075390571266295e-05,1.7549468584623997e-08,3.3769381440269806e-05,0.9202860346704987,1.6936612440156703e-05,3.610845698930985e-06,0.017065932153487937,4.883792921290172e-07,2.0213979700306408e-08,5.090007989445842e-06,5.289616773288299e-06,1.2229054979268805e-07,0.061211064534368295,1.8895195996200276e-10,3.7813609665024248e-06,1.5787288782490027e-05,0.0012155908866592294,2.8022318037097163e-07,5.303186426823194e-07,3.7509877602508313e-05,6.472628707394918e-06,2.4405400744117114e-06
55,6.7946916494743275e-06,1.1407761025230905e-05,2.527704801243582e-06,9.651583055461797e-05,2.1217457336032678e-08,2.9264409541791565e-05,0.9527235105560803,2.5457341002378096e-05,4.614728099623819e-06,0.014158499349158879,8.079693106854318e-07,2.59272928177515e-08,9.752269298225286e-06,4.163797705993464e-06,7.903301519335871e-08,0.031192436617052413,2.567086865895117e-10,6.804858761873464e-06,1.3128869201408844e-05,0.0016703814402964931,2.1702973046200544e-07,4.377190786141739e-07,3.0158034247544892e-05,1.103477976799528e-05,1.957809160893369e-06
56,6.604709281524744e-06,1.5641497477934316e-05,2.5477918564340825e-06,0.00012098288646043106,3.9467606456074276e-08,4.235783031788097e-05,0.9228693178717186,3.4443183493573894e-05,4.7863740929013134e-06,0.02235600379803766,9.036687119265912e-07,3.0470265972581067e-08,9.312136437133277e-06,6.201149031214483e-06,1.432264516460591e-07,0.05279362045808773,3.9724473054952565e-10,6.909886831594757e-06,2.1360267346451064e-05,0.0016398989043059557,4.009459006088056e-07,7.603915766648182e-07,5.29853362995613e-05,1.2369715139886152e-05,2.3776360254149983e-06
57,7.263404241412363e-06,1.7299973523213e-05,3.97964671045336e-06,0.00015470235708745216,7.299299031987617e-08,5.634953559247192e-05,0.8761221771363346,5.426628237554662e-05,7.643102143118148e-06,0.03692701499261713,9.221128891893597e-07,5.283563367748997e-08,1.2784708999455118e-05,8.681917884276045e-06,1.8667806717402385e-07,0.08439105701473056,6.060781151362345e-10,6.8894305452402454e-06,3.748617923488361e-05,0.0021207784079607986,5.978832007590152e-07,1.1473776455805665e-06,5.252520857647636e-05,1.3188057900116764e-05,2.9321570379337627e-06
58,6.480661415781798e-06,1.523917867938672e-05,2.477310140584331e-06,0.00011756449603877935,3.717747688720471e-08,3.9870290320928515e-05,0.9244192651300882,3.5024950663793796e-05,4.623268608039775e-06,0.022089812220923207,8.792673758263728e-07,2.809001045835974e-08,8.414718816632066e-06,5.715062366095236e-06,1.4141443008509893e-07,0.05158246573621623,3.982970292472682e-10,6.862977965625134e-06,2.0473548358631593e-05,0.0015749730471094397,4.0620291915007425e-07,7.466532676026752e-07,5.3209375717495864e-05,1.2907025987806608e-05,2.3817968065508847e-06
59,6.5873025320227825e-06,1.3978614711101037e-05,2.6852797110475886e-06,0.00011453996253675391,3.5383730037153937e-08,3.721067165064801e-05,0.924963684199023,3.602017293633781e-05,4.559685337884413e-06,0.020956564685405858,8.581245349974569e-07,2.8645372975169192e-08,8.144307277614866e-06,5.33816616743293e-06,1.3233686092342563e-07,0.052098311636831804,3.9568888841437513e-10,6.757909998553785e-06,1.913432718658883e-05,0.0016589873461003899,3.961683574825039e-07,7.053664858745223e-07,4.961985171106602e-05,1.3405326423626296e-05,2.314133427076349e-06
60,6.436158132540008e-06,1.4693463569604229e-05,2.390402342196207e-06,0.00011646924982355935,3.744502289594607e-08,4.2806840041910866e-05,0.9198975847622193,3.362269122580314e-05,4.592387630641178e-06,0.02226875970825526,8.660484284240596e-07,2.8526282188073803e-08,8.055345888490243e-06,6.005164247183516e-06,1.436553690219775e-07,0.055926406871532136,3.694935226226632e-10,6.585535530379731e-06,2.149459176469694e-05,0.001574188537975899,4.1121040532212856e-07,7.463479646468147e-07,5.3705283349157954e-05,1.1577238216737919e-05,2.392165288715281e-06
61,6.460939101088945e-06,1.415475855297072e-05,2.730657938346294e-06,0.00011260194116660942,3.627715893669792e-08,3.944441686263521e-05,0.9249637279642343,3.4341078444019145e-05,4.765496631327106e-06,0.020618580058501024,8.96539824250967e-07,2.8863090522203003e-08,8.210257327917736e-06,5.5370982716515006e-06,1.3725623858882156e-07,0.052439860911295384,3.7877455113547277e-10,6.535259940521974e-06,1.9619700402091075e-05,0.0016573607864085935,3.916563074665365e-07,7.048459376840832e-07,4.892386183394308e-05,1.2652910628085021e-05,2.296085127412459e-06
62,6.436158132540008e-06,1.4693463569604229e-05,2.390402342196207e-06,0.00011646924982355935,3.744502289594607e-08,4.2806840041910866e-05,0.9198975847622193,3.362269122580314e-05,4.592387630641178e-06,0.02226875970825526,8.660484284240596e-07,2.8526282188073803e-08,8.055345888490243e-06,6.005164247183516e-06,1.436553690219775e-07,0.055926406871532136,3.694935226226632e-10,6.585535530379731e-06,2.149459176469694e-05,0.001574188537975899,4.1121040532212856e-07,7.463479646468147e-07,5.3705283349157954e-05,1.1577238216737919e-05,2.392165288715281e-06
63,6.5620834796396345e-06,1.5690425006903288e-05,2.3892279203359917e-06,0.00011452569004710788,3.5942653528077633e-08,4.1418829414417554e-05,0.924154162215016,3.3444598797485446e-05,4.67358993040483e-06,0.02191416749137553,8.888092865403972e-07,2.7870675684978648e-08,8.271681510173755e-06,5.805124168743106e-06,1.4613575286879506e-07,0.05201692162158109,3.8415098091403404e-10,6.8665486531798704e-06,2.088864568104708e-05,0.001584957650606696,4.065167023466174e-07,7.709723181719861e-07,5.2388949264843116e-05,1.2167881078264237e-05,2.421114927998934e-06
64,6.542188759997083e-06,1.5173640231164862e-05,2.501359207321006e-06,0.0001235074345170997,4.1406022463352024e-08,4.458306385535735e-05,0.9152940393183213,3.7611171589388026e-05,4.801479513283939e-06,0.02373519723305751,9.429331557142741e-07,3.070877719903784e-08,7.350875848300956e-06,6.334740223602379e-06,1.5906117075443595e-07,0.05906632589079032,4.05437079605173e-10,7.011286413171248e-06,2.423820246461198e-05,0.0015515684106266073,5.248300408137985e-07,8.078493142951822e-07,5.60705272265956e-05,1.2012841334711114e-05,2.6231421011467053e-06
65,5.67012856147274e-06,1.3021665990087544e-05,2.0714296249932025e-06,8.528736619704041e-05,1.7708247824054073e-08,1.7397870504502266e-05,0.9585577791191492,2.8524925877921352e-05,5.303112844578112e-06,0.013900410293189497,6.15761333352437e-07,1.4074570756035955e-08,7.295609609249796e-06,2.980663361523665e-06,1.23146331053404e-07,0.02620606619438749,2.877405783240322e-10,3.5763002423866373e-06,1.4691182108518056e-05,0.001105031334947339,2.073210420509909e-07,4.0851295452318257e-07,2.8270822314147153e-05,1.3081174200810905e-05,2.1539946691594007e-06
66,1.1500356946178906e-05,2.363640387264113e-05,2.1069307043883194e-06,0.00011509991594193851,4.31070035951199e-08,4.304552213151979e-05,0.9501935854516412,2.9802588131627147e-05,2.871950519851615e-06,0.012343954184171176,1.592449469942048e-06,3.0721789007182526e-08,4.8299635650667904e-06,7.821793525230736e-06,3.3062614660143e-07,0.0362128538238344,7.472675850286462e-10,1.1536261545623901e-05,1.686554035497924e-05,0.0008132931726066764,7.568890988583874e-07,1.1430803191246278e-06,0.00013821984633355193,2.107874239783341e-05,3.99993068119665e-06
67,6.776121027043408e-06,1.896849639345613e-05,2.741101060142974e-06,0.0001361548220968982,4.873724136904415e-08,3.6850902537752665e-05,0.9207373945606472,5.0877158726811304e-05,7.548008465801302e-06,0.03159079864324567,8.461880436859211e-07,2.5630031699186018e-08,8.584787661527803e-06,5.460355350327955e-06,1.7277897953469576e-07,0.04602612796914314,4.653734199068097e-10,6.308256613050232e-06,3.1252408233912e-05,0.0012724473783457604,5.047852585882386e-07,8.461678411064016e-07,4.073760374008515e-05,1.5571377718938464e-05,2.95529622306106e-06
68,6.631220187714353e-06,1.6429955277309565e-05,3.1666531674015937e-06,0.00013447063841514055,6.55479140803653e-08,4.119444757519205e-05,0.9035087313465212,4.3367067765096025e-05,7.044724996511983e-06,0.029416612561937602,7.730491345608015e-07,3.533398950936044e-08,9.84577594959561e-06,8.328714160039425e-06,2.0408662436125895e-07,0.0655197611529291,4.349006713889207e-10,4.262256564522732e-06,3.844599275389021e-05,0.0011787483489264353,5.018075565410763e-07,7.873347403803176e-07,4.608541647883399e-05,1.1708900943847206e-05,2.7972305905296e-06
69,6.964626828376985e-06,1.6131013945537093e-05,2.4137489999709643e-06,0.00011861224765197278,5.177695410146668e-08,5.427847964546446e-05,0.9163620172078439,3.258271605892175e-05,4.835312210842697e-06,0.022444503860751957,1.0085150686083666e-06,3.372427777349646e-08,8.323707811377143e-06,8.225631778493516e-06,1.8312908662016374e-07,0.05951850143886415,3.974963675785625e-10,6.625852963273576e-06,2.677393579465837e-05,0.001309073178936993,4.7572968316201745e-07,9.043399796547941e-07,6.428615641424232e-05,1.0753436142867924e-05,2.4398348109106534e-06
70,5.87237107749264e-06,1.4798165027321567e-05,1.8545589551368952e-06,0.00011237293811861781,3.519614235745164e-08,3.760790859590655e-05,0.9204095580681618,4.809327408016302e-05,5.183373577676949e-06,0.025839123396859325,8.954221100478158e-07,2.108676720170988e-08,6.318994197482098e-06,3.955999310687816e-06,1.7030605632877031e-07,0.05199680613250999,4.284684543681976e-10,6.3845399326402206e-06,2.6246078120956856e-05,0.0014148588269272012,4.7549306896210136e-07,8.009122005344512e-07,5.231931997445011e-05,1.3986189947988781e-05,2.2610198111702418e-06
71,6.825205587566989e-06,3.987625763015529e-05,4.355463106072098e-06,0.00023611257330868814,1.8767651290152154e-07,0.00012065317083828349,0.8347737976430891,6.043854157453243e-05,1.3558552447615484e-05,0.0797792932716507,1.2788810715221998e-06,4.260108761717774e-08,1.323416619154781e-05,1.4672923381323676e-05,3.715115177153231e-07,0.08339490184334289,6.423918902155693e-10,8.804518893350306e-06,5.589752524491025e-05,0.001374190980283233,1.1038985076788606e-06,1.6021074482564301e-06,7.572426931210042e-05,1.7899377070663047e-05,5.1763985096543665e-06
