,0,1,2,3,4,5,6,7,8,9,10,11,12,13,14,15,16,17,18,19,20,21,22,23,24
0,9.648972213659033e-06,2.93889845812608e-05,6.194557094459089e-06,6.225441382137646e-05,4.1032145270754243e-08,2.3134568262088786e-06,0.9503313541278429,0.0007731520941094007,0.0004522508543360436,0.03943899326071261,6.43444368316167e-07,3.5404799473665698e-09,1.4364498111521194e-06,2.9542737210620527e-07,2.853772385111305e-06,0.008226231416625821,1.5112997773718098e-09,2.487571724504027e-07,0.0004440844058750158,0.00011735085559246559,8.655658748612855e-07,4.123235833466263e-07,1.989651760485622e-06,8.278270578304534e-05,1.5208418332718805e-05
1,9.559035754632195e-06,3.5284483841662546e-05,5.7692279934851084e-06,7.235717613091675e-05,4.226581742330721e-08,2.2318950869625262e-06,0.9301136284658358,0.0008911144758613609,0.0005494188922973283,0.057176598122285476,4.944157837525661e-07,3.3163472389678127e-09,1.1128679836713117e-06,3.54898547367588e-07,3.6673387689215092e-06,0.010256248588543423,1.6415563138640735e-09,2.2010320286040737e-07,0.0006800456501525762,0.00010206339014655866,1.3408996759480428e-06,5.24318487042065e-07,2.055316151343833e-06,7.192683952657622e-05,2.3936374221447463e-05
2,1.0816028229009538e-05,4.287195580266407e-05,4.055677846689482e-06,7.037858562168654e-05,3.799540649864313e-08,2.321023633758927e-06,0.9409794960727411,0.0007749720068012175,0.00032462389511162275,0.046794538564547836,5.305328770901014e-07,3.6326305791485625e-09,1.195171260302263e-06,4.1001299423584247e-07,4.41911139397425e-06,0.010228198794948224,2.1268734136156352e-09,2.783862605663596e-07,0.0005456645971415753,0.00010739697747197775,1.2974114383434545e-06,7.167948682764183e-07,3.7864178987727213e-06,7.760998831954248e-05,2.4378237881211883e-05
3,9.932684085758344e-06,4.110402843633358e-05,5.0433949680299445e-06,7.946440292723869e-05,4.166443534640322e-08,2.154836491754903e-06,0.9394334788583172,0.0008182651642026302,0.000388388237922139,0.050369446659464405,5.616178921286172e-07,3.5099007312683923e-09,1.3201875061972323e-06,3.8122265824538124e-07,3.2318374208333346e-06,0.008110334894112997,1.8151082175438223e-09,2.881322981188197e-07,0.0005230239999296174,0.00010399814140034602,1.2281051194331754e-06,5.38736397858471e-07,2.6859592668467153e-06,8.241747477410356e-05,2.2664434963674472e-05
4,9.899806396165268e-06,4.4744731109157526e-05,5.513156954696801e-06,8.368425398695067e-05,4.760865369049233e-08,2.304097547562797e-06,0.9384567487556739,0.000778381386046256,0.00039443995771739607,0.051755261185166164,5.911458372426769e-07,3.813436009678206e-09,1.5931021809933963e-06,4.3338647070168506e-07,3.2210933836107215e-06,0.007745598258700607,1.889672766240181e-09,3.111148843909084e-07,0.0004975009130340903,0.00010531746679297445,1.2222575585116976e-06,5.506289764869788e-07,2.7397025172876527e-06,8.778895195478321e-05,2.210133534780645e-05
5,9.538434322613506e-06,4.46613583997492e-05,4.907739287356821e-06,9.566603542325666e-05,4.4761449243206274e-08,2.0930938239290516e-06,0.9364790553562716,0.0008830632172836876,0.0003434937074344519,0.05397207820372327,5.836727477336516e-07,3.513683453218904e-09,1.4931720436041364e-06,3.9327042149417953e-07,2.812389808267466e-06,0.007442884647216679,1.9618598254667437e-09,3.495530985905282e-07,0.0004841689049308042,0.00011234737349311952,1.2874423206014154e-06,5.324341489383486e-07,3.0002370844629953e-06,9.315927260680783e-05,2.2380247116370043e-05
6,9.932684085758344e-06,4.110402843633358e-05,5.0433949680299445e-06,7.946440292723869e-05,4.166443534640322e-08,2.154836491754903e-06,0.9394334788583172,0.0008182651642026302,0.000388388237922139,0.050369446659464405,5.616178921286172e-07,3.5099007312683923e-09,1.3201875061972323e-06,3.8122265824538124e-07,3.2318374208333346e-06,0.008110334894112997,1.8151082175438223e-09,2.881322981188197e-07,0.0005230239999296174,0.00010399814140034602,1.2281051194331754e-06,5.38736397858471e-07,2.6859592668467153e-06,8.241747477410356e-05,2.2664434963674472e-05
7,1.0628366326981323e-05,4.0948820792864185e-05,4.89562396864943e-06,8.808416430258803e-05,5.197311854935364e-08,2.7725269264701784e-06,0.9222342766664264,0.0009572523153203841,0.00040077175120162485,0.06328233726211523,5.382755909414258e-07,3.935729270256729e-09,1.0738120383256533e-06,4.6625515145204685e-07,4.082227404506488e-06,0.012057796928723347,2.005666592933976e-09,2.9514724331780914e-07,0.0006989810476814325,0.00010401352830101801,1.7434251815342013e-06,6.86007897125853e-07,3.5591042106705182e-06,7.666421605441908e-05,2.807461262643068e-05
8,1.06543750141535e-05,4.3992837705174185e-05,5.517104215347289e-06,9.696825606479758e-05,3.9596679504253895e-08,1.386204463664096e-06,0.9251320978276155,0.0009639222003047022,0.00033631691418037904,0.06373346681893138,3.246795173833407e-07,3.2127271566083176e-09,1.4179952231574591e-06,3.6952717242796166e-07,3.022790838821688e-06,0.00895861861925444,2.3171144974287995e-09,2.4053945754648194e-07,0.0004593427408523017,9.823655282637951e-05,1.2409162797329776e-06,4.861345309260619e-07,2.962973193362082e-06,0.00011612904137219957,3.323982446493562e-05
9,9.398781647573389e-06,4.2751231450945884e-05,6.671826880904227e-06,9.6800962431077e-05,3.5002695009796443e-08,1.2110507976599306e-06,0.9339978917121684,0.0009139357087855878,0.00041737517732187186,0.05733022360471311,3.5769827203502895e-07,2.8474267288669107e-09,1.6992992738122396e-06,2.98178506120873e-07,2.427780869060427e-06,0.006538962329477728,1.948149528490765e-09,2.385834726900695e-07,0.0003711848930374347,0.00011025249008069653,9.881577849990613e-07,3.554620102342659e-07,1.9947771963460276e-06,0.0001258155433939823,2.9124952156345896e-05
10,9.932684085758344e-06,4.110402843633358e-05,5.0433949680299445e-06,7.946440292723869e-05,4.166443534640322e-08,2.154836491754903e-06,0.9394334788583172,0.0008182651642026302,0.000388388237922139,0.050369446659464405,5.616178921286172e-07,3.5099007312683923e-09,1.3201875061972323e-06,3.8122265824538124e-07,3.2318374208333346e-06,0.008110334894112997,1.8151082175438223e-09,2.881322981188197e-07,0.0005230239999296174,0.00010399814140034602,1.2281051194331754e-06,5.38736397858471e-07,2.6859592668467153e-06,8.241747477410356e-05,2.2664434963674472e-05
11,9.950673496277309e-06,4.2333538504025364e-05,5.163505158151022e-06,8.177294334116246e-05,4.214726052932685e-08,2.119689675461191e-06,0.9403761292263739,0.0008133314205360303,0.00038456612833633763,0.04989300033563009,5.732105868446247e-07,3.601345076255764e-09,1.4549716427320655e-06,3.8666562034884994e-07,3.1272875377542677e-06,0.0076697374963187155,1.8822280820804318e-09,3.0267170332581793e-07,0.0004956679300891203,0.00010708303944040505,1.1906665098209613e-06,5.364249021527179e-07,2.6991996878555416e-06,8.65352725889103e-05,2.229007148695512e-05
12,1.3446809179015082e-05,0.00010711686610572605,3.987081180347441e-06,0.00019655459791987227,1.6352289898215382e-07,8.343313079557376e-06,0.8611093259005836,0.0006944324089985871,0.00010405705649597433,0.11785808939047535,7.50322409291659e-07,9.678245733033368e-09,3.3528164749593946e-06,2.164402739322482e-06,3.276228775917345e-06,0.019117093612260917,4.38060142066446e-09,1.5987541011039846e-06,0.0004389870092594164,0.00016433033838390796,2.744898706520245e-06,2.245989128251292e-06,2.2347895995856683e-05,0.00011835059560713144,2.7226130393289983e-05
13,1.213050544343097e-05,4.038618092727284e-05,6.771811775971341e-06,6.970503626125448e-05,5.1248532265960094e-08,2.0961126872503238e-06,0.9567362307416755,0.0009052602122503186,0.0004844224165387974,0.033801374985722527,9.178944987106911e-07,6.043609980210481e-09,1.4478372830428495e-06,4.861450253408267e-07,4.741001234414254e-06,0.007039597104909372,2.508033348790164e-09,2.6004509559293884e-07,0.0006933473508216872,9.812940616850413e-05,1.4477253224181457e-06,6.859018130453705e-07,2.5133567946673367e-06,7.640593067169265e-05,2.1582496903576474e-05
14,1.0008207010217714e-05,4.06825206067816e-05,5.040494495630797e-06,7.898391474764159e-05,4.13524635049433e-08,2.141778732718729e-06,0.9400265793365609,0.0008176751126681602,0.0003865553138802246,0.04976508912191535,5.601118747823794e-07,3.5258252069345542e-09,1.3083985823909726e-06,3.806583497008233e-07,3.235337469297555e-06,0.008125336030887179,1.817734269925395e-09,2.866221506128427e-07,0.0005231759540817885,0.00010366752585218185,1.2257621961628697e-06,5.380964191346718e-07,2.688107073089321e-06,8.208853664608802e-05,2.270636177696455e-05
15,9.932684085758344e-06,4.110402843633358e-05,5.0433949680299445e-06,7.946440292723869e-05,4.166443534640322e-08,2.154836491754903e-06,0.9394334788583172,0.0008182651642026302,0.000388388237922139,0.050369446659464405,5.616178921286172e-07,3.5099007312683923e-09,1.3201875061972323e-06,3.8122265824538124e-07,3.2318374208333346e-06,0.008110334894112997,1.8151082175438223e-09,2.881322981188197e-07,0.0005230239999296174,0.00010399814140034602,1.2281051194331754e-06,5.38736397858471e-07,2.6859592668467153e-06,8.241747477410356e-05,2.2664434963674472e-05
16,9.884382574084334e-06,4.2029811329273384e-05,4.7546989833415065e-06,8.07304968213252e-05,4.103871554653219e-08,2.190889296827089e-06,0.9340185922490086,0.0008326137105290473,0.00036503415033574817,0.05526153323904965,5.394033875324876e-07,3.534268748873858e-09,1.253491950980248e-06,3.8860777667034856e-07,3.1716412285512824e-06,0.008628969750980089,1.857730942753903e-09,3.06897305140473e-07,0.0005348991594552748,0.00010380296077354695,1.3622726932508636e-06,5.773293686236785e-07,2.78113646259149e-06,8.129027919249303e-05,2.3247010781955474e-05
17,1.074490825592906e-05,4.4921221202435545e-05,4.920589219655192e-06,0.00010300596322368172,4.477460176162133e-08,1.968335872894527e-06,0.9419290557303751,0.0008147088095224937,0.00029409570512249487,0.0489457597492036,5.482501272024281e-07,4.1490228694135264e-09,1.7269627266078417e-06,4.797862361984019e-07,2.6266484893163003e-06,0.007170895702067774,2.1108753650940603e-09,3.712032310239287e-07,0.0004419088693823836,0.00010972879026638654,1.2351461706476408e-06,5.391414237232563e-07,3.48069283581043e-06,9.299333885792922e-05,2.423342168685279e-05
18,9.644674486829467e-06,4.097329826145529e-05,5.14220016697513e-06,8.035728589258985e-05,4.4384961757904396e-08,2.297260943133127e-06,0.9383305762776142,0.0008253997010337588,0.0004076253477406748,0.05113613130391963,5.865046098350477e-07,3.484362094069225e-09,1.3174993399561934e-06,3.8830228086443007e-07,3.379302809894618e-06,0.00840062535370219,1.7706555933405697e-09,2.804488939719075e-07,0.0005427134179021578,0.00010498126059581232,1.2526308860194293e-06,5.372275925306031e-07,2.707069313566234e-06,8.088889231281546e-05,2.2145099721644278e-05
19,1.1266502202271747e-05,2.967850203065196e-05,2.4850154159778217e-06,4.969300537604675e-05,1.7956458085451472e-08,1.6830577621973336e-06,0.9589882387261698,0.0005770217384962269,0.0002169150639307026,0.030840884383482058,4.474437805281253e-07,2.15723148876342e-09,5.847505246354316e-07,2.4687910506791995e-07,3.0931103778592513e-06,0.008678048775263745,1.336501820268242e-09,2.5186168542927196e-07,0.0004351085881203047,7.835207416753564e-05,1.0674782293120108e-06,4.5149224869208577e-07,3.1976707193134887e-06,5.96882978381464e-05,2.1574132881996734e-05
20,1.0258648098913065e-05,5.6829365640574514e-05,5.620758020246146e-06,9.697024105718572e-05,6.030029768782401e-08,2.226129878017016e-06,0.9201315140129449,0.0012800691369508777,0.0004894599130006012,0.06854841155878662,6.179771852422013e-07,4.41178800930405e-09,1.6174183553629925e-06,4.419448737282008e-07,4.614623507006167e-06,0.008399809536799828,2.9912727991721624e-09,3.3641586049059074e-07,0.0007136856622933665,0.00011631465593690252,1.7199206309520777e-06,9.232653883961865e-07,3.1978253392205846e-06,0.00010850578254747348,2.6787503545461573e-05
21,9.965565359474885e-06,3.148450093823895e-05,4.781883724821812e-06,7.291195216657948e-05,3.443915649840491e-08,2.0134181932681333e-06,0.9442833699303204,0.0006066584617622059,0.0002527929770156613,0.04454513688775757,4.4133253595103666e-07,3.796224772672437e-09,1.445645620205506e-06,3.91501606233914e-07,2.205693966020583e-06,0.009606463021779576,1.4780176278294082e-09,2.8340708002285355e-07,0.0003704630349179744,0.00011135016201330739,9.732494421954214e-07,4.0656238177041545e-07,2.7429617283687866e-06,7.4840210360566e-05,1.8837925930936622e-05
22,1.0911684905903687e-05,3.4545811483430266e-05,4.816445233529428e-06,7.119736156082612e-05,3.583476266753215e-08,2.2364583363243956e-06,0.944164905235556,0.000830030091282704,0.00031506008256602616,0.04478366865432406,6.204293418193142e-07,3.7115820071727614e-09,1.055441021103638e-06,3.4399334178675575e-07,2.9709593251409655e-06,0.009077016363195405,2.0267203649780442e-09,3.524640967997057e-07,0.0004800960336620089,0.0001138183602898988,1.4205089414233063e-06,5.924894792577509e-07,2.88852034797695e-06,8.172512619751866e-05,1.9685912446109167e-05
23,9.932684085758344e-06,4.110402843633358e-05,5.0433949680299445e-06,7.946440292723869e-05,4.166443534640322e-08,2.154836491754903e-06,0.9394334788583172,0.0008182651642026302,0.000388388237922139,0.050369446659464405,5.616178921286172e-07,3.5099007312683923e-09,1.3201875061972323e-06,3.8122265824538124e-07,3.2318374208333346e-06,0.008110334894112997,1.8151082175438223e-09,2.881322981188197e-07,0.0005230239999296174,0.00010399814140034602,1.2281051194331754e-06,5.38736397858471e-07,2.6859592668467153e-06,8.241747477410356e-05,2.2664434963674472e-05
24,9.200041812690454e-06,5.5631319157590984e-05,5.4264554850706195e-06,0.00011503517347655633,5.8668421599099626e-08,2.5369595885266325e-06,0.9206729204994663,0.0008767923786075674,0.00038731919755874785,0.06883786463764112,5.930492723788881e-07,4.136708548165635e-09,1.885436535657516e-06,5.43314456349421e-07,3.0377134702447833e-06,0.008220547428877527,2.0378888789404133e-09,3.7175938079344706e-07,0.0005719014097840864,0.00012063724804555322,1.4603708241883067e-06,6.360980319368847e-07,3.2015380082886273e-06,8.697147749313743e-05,2.5421650006882347e-05
25,9.105967508159709e-06,3.1035946704411814e-05,4.586517607290779e-06,7.784440213279e-05,2.8308961543298026e-08,1.1292388021718237e-06,0.959830926246801,0.000984061575720295,0.00028400145953496426,0.033062412302709746,6.006757378010382e-07,3.4671775180278713e-09,1.3780814109804553e-06,2.49897758729152e-07,2.168768080652466e-06,0.005079770432396118,2.0537006252063123e-09,2.7932613450652444e-07,0.00040549015392099725,0.0001130050304334828,9.601957406577113e-07,4.069138512359742e-07,2.144686522404334e-06,9.237207431053411e-05,1.6036276341199656e-05
26,1.2134444060833961e-05,3.6355995298131286e-05,6.308992420898315e-06,7.286382127711811e-05,3.121249967714932e-08,1.363277746613223e-06,0.9547333095374774,0.000897871680581864,0.00037297247642611677,0.038093664556332105,5.342270466905562e-07,3.1452857322487135e-09,1.5173568767230196e-06,2.409704845275994e-07,2.1399834499866577e-06,0.005168724376055561,2.2069554288127953e-09,3.489072819086985e-07,0.0003343849883249566,0.00010800902514869049,8.669051779662492e-07,4.0450295411204157e-07,1.9900035462903616e-06,0.00013382613011119583,2.0131277179463603e-05
27,1.0650747211913747e-05,4.052777432369295e-05,4.960027063895422e-06,6.95114715984446e-05,3.672032180061636e-08,2.3951086471314335e-06,0.9337424972038104,0.0009254424923383372,0.0005159298462761354,0.0547769315480922,5.271661624713287e-07,3.1914835335349163e-09,1.0646512858822877e-06,3.2605721913701236e-07,4.1019471807097705e-06,0.009104098226356886,1.8532510433707578e-09,2.782234795873439e-07,0.0005769314757352335,0.00011200518984148203,1.2878394814751033e-06,6.873666256120113e-07,2.495638701211911e-06,8.071117488473092e-05,2.659705862697231e-05
28,9.932684085758344e-06,4.110402843633358e-05,5.0433949680299445e-06,7.946440292723869e-05,4.166443534640322e-08,2.154836491754903e-06,0.9394334788583172,0.0008182651642026302,0.000388388237922139,0.050369446659464405,5.616178921286172e-07,3.5099007312683923e-09,1.3201875061972323e-06,3.8122265824538124e-07,3.2318374208333346e-06,0.008110334894112997,1.8151082175438223e-09,2.881322981188197e-07,0.0005230239999296174,0.00010399814140034602,1.2281051194331754e-06,5.38736397858471e-07,2.6859592668467153e-06,8.241747477410356e-05,2.2664434963674472e-05
29,9.932684085758344e-06,4.110402843633358e-05,5.0433949680299445e-06,7.946440292723869e-05,4.166443534640322e-08,2.154836491754903e-06,0.9394334788583172,0.0008182651642026302,0.000388388237922139,0.050369446659464405,5.616178921286172e-07,3.5099007312683923e-09,1.3201875061972323e-06,3.8122265824538124e-07,3.2318374208333346e-06,0.008110334894112997,1.8151082175438223e-09,2.881322981188197e-07,0.0005230239999296174,0.00010399814140034602,1.2281051194331754e-06,5.38736397858471e-07,2.6859592668467153e-06,8.241747477410356e-05,2.2664434963674472e-05
30,9.932684085758344e-06,4.110402843633358e-05,5.0433949680299445e-06,7.946440292723869e-05,4.166443534640322e-08,2.154836491754903e-06,0.9394334788583172,0.0008182651642026302,0.000388388237922139,0.050369446659464405,5.616178921286172e-07,3.5099007312683923e-09,1.3201875061972323e-06,3.8122265824538124e-07,3.2318374208333346e-06,0.008110334894112997,1.8151082175438223e-09,2.881322981188197e-07,0.0005230239999296174,0.00010399814140034602,1.2281051194331754e-06,5.38736397858471e-07,2.6859592668467153e-06,8.241747477410356e-05,2.2664434963674472e-05
31,1.1240165470684056e-05,4.962468745504736e-05,7.2443425939614375e-06,0.00011187668342664549,5.610176182272395e-08,1.6886600323988014e-06,0.928177376967814,0.0012342882678779612,0.0004274756309027932,0.06199434683928913,5.411562351622699e-07,4.596051470335091e-09,2.0175324114860784e-06,4.0446841748058563e-07,2.7392560804644694e-06,0.007154432019049173,2.7474227139231624e-09,3.5514138293873964e-07,0.0005392727723019642,0.00012510581285513306,1.3200303437880393e-06,5.748768966203002e-07,2.608969066006374e-06,0.00012935993312631724,2.6042341734800013e-05
32,1.0217376503470953e-05,4.195392968405792e-05,5.173292706098202e-06,7.954255570409891e-05,4.316941962454585e-08,2.201653907925448e-06,0.9374997016854235,0.0008645726426513777,0.00042368114206462815,0.051833542807532926,5.72871284040742e-07,3.6336135672071e-09,1.2914070802320456e-06,3.885759174288007e-07,3.526285529814772e-06,0.008435018517297416,1.9064814017276513e-09,2.8273121621562686e-07,0.0005847099221484437,0.00010391624573352063,1.3182238476268238e-06,5.743321064666204e-07,2.650061546439826e-06,8.125609567412823e-05,2.3858934925496044e-05
33,1.0109089642393254e-05,4.516788037227401e-05,4.969654221207807e-06,8.465476187694183e-05,4.570941204981315e-08,2.296552553636366e-06,0.9365391565245376,0.0008369303792001604,0.0003643936391031598,0.05306655418752865,5.902622778067373e-07,3.775124105545791e-09,1.4507078796036239e-06,4.208121787026627e-07,3.2738621022496685e-06,0.008286779361563357,1.992218547548945e-09,3.233504285688588e-07,0.000531066952517113,0.00010944581326868072,1.2892616915328717e-06,6.140723320584619e-07,3.0067099101768407e-06,8.51982319653114e-05,2.2256456093913076e-05
34,1.123117044190444e-05,3.922602357888441e-05,5.5531274851680224e-06,6.700471327409505e-05,3.767240526495638e-08,2.0178981964521763e-06,0.9439209405758259,0.0008045501330556453,0.0005428631117903682,0.04630600303345291,5.284275903316234e-07,3.2356783116556664e-09,1.1814030026670574e-06,3.408878734062968e-07,3.6535979577875388e-06,0.007497414964310345,1.6666406481553768e-09,2.406914211472898e-07,0.0006002030768634248,8.944234482413657e-05,1.148579469972681e-06,5.062015923645707e-07,1.9475730657843942e-06,7.86854030732696e-05,2.5274487129499904e-05
35,1.0176542661758795e-05,4.0859395623242875e-05,5.042844936219432e-06,7.998044504225112e-05,3.999535343857516e-08,2.059182617212113e-06,0.9387932345543697,0.0008552216038643877,0.0004020461777917201,0.051265939795737105,5.457918689739104e-07,3.466657379815551e-09,1.3064067914072622e-06,3.6303691388580554e-07,3.115308362321081e-06,0.007796422986342628,1.843200582513801e-09,2.9562780078562885e-07,0.000527281291290786,0.00010401481381231442,1.2249862472467313e-06,5.389100674629647e-07,2.54472111847895e-06,8.436058116039859e-05,2.337969036829144e-05
36,7.430681312320751e-06,3.4784777525888066e-05,2.8585198972467753e-06,5.477875197775865e-05,2.2616167018993356e-08,2.6632540300468323e-06,0.9566308364915671,0.00046925302967164875,0.00022779952227930175,0.035670932530274896,6.851091767324839e-07,1.886123635180863e-09,8.381206245458663e-07,2.4954574342101193e-07,2.1930331175699534e-06,0.006436642937718851,9.373993211605066e-10,3.8381045053205547e-07,0.00027188460973986425,0.00010674491001855307,9.10821728279328e-07,4.3148863631891525e-07,2.7220715374691992e-06,6.243787857850354e-05,1.2512664703160879e-05
37,1.5007552975172151e-05,3.1329749971807914e-05,4.840467625323152e-06,5.326835757797826e-05,2.473315910858808e-08,1.3519420875938455e-06,0.9678955069729475,0.0005222449839560335,0.00021861773442841101,0.024656876852103386,4.988595552300877e-07,3.753582915973034e-09,1.1341015058425804e-06,3.439854840477228e-07,2.09183349472268e-06,0.006066911230021916,1.6418542307366905e-09,2.921097867785509e-07,0.00035129804553667013,7.997313438038945e-05,8.022600434957994e-07,4.0647684179222976e-07,2.1364174664223815e-06,7.683877912947121e-05,1.8198024483597567e-05
38,6.595094621751941e-06,0.00028351432000385345,3.3945952659894074e-05,0.0018786712630524563,5.829372174177795e-07,8.890367331303464e-07,0.4772363556997239,0.015994201020162982,0.003138563986192156,0.49641542076234235,5.918766505305936e-07,1.3470418629793959e-08,2.0047711056786445e-05,9.712885142270433e-07,2.5694870885152886e-06,0.002166411452281049,2.092922097352869e-08,7.436337998342474e-07,0.0018102116598023097,0.0003536511880737938,3.5843259569246083e-06,1.4860483691970532e-06,1.8918026170509451e-06,0.0005151864392880967,0.00013387861415250775
39,1.06519825689199e-05,2.943232230886684e-05,6.1517722606151025e-06,9.616214773368772e-05,5.436815383149649e-08,2.5758371984967285e-06,0.916735164868104,0.0013798602555178316,0.000445320915895831,0.06557916327622941,5.732381359379061e-07,4.731447438460919e-09,9.693421536120856e-07,3.6688674810446355e-07,3.72373582692044e-06,0.01470531751244943,2.2957854344956266e-09,2.8950475583861104e-07,0.0007513040147771108,0.00013104820957747596,2.1677479437819986e-06,5.727342087917371e-07,3.2158306565527974e-06,8.810187571008426e-05,2.780459385194162e-05
40,1.4711325491298045e-05,4.347521260483786e-05,5.555655304166869e-06,5.4119471856489037e-05,4.153774698679324e-08,2.7452354234837615e-06,0.9551340415452915,0.0005923814283953924,0.0004139541733748155,0.03448465425182903,7.31742327532112e-07,4.655216574370663e-09,9.736694039809001e-07,5.377709587569651e-07,4.883951027443766e-06,0.008438175853674283,1.9188437106740444e-09,2.9422122027342655e-07,0.0006369780550725557,7.826246860354207e-05,1.4761866289233196e-06,8.059242478697653e-07,2.6862340498058857e-06,6.291490464668403e-05,2.559260676016406e-05
41,9.92512932466199e-06,5.001037155647707e-05,1.0086353753897667e-05,9.573057304720084e-05,9.368839304611894e-08,3.6724972183285046e-06,0.8977700353770023,0.001048536352872617,0.0010773527757847359,0.08553302633345526,5.549948403409379e-07,3.7408127720486854e-09,1.4320826242381339e-06,5.536662462665118e-07,6.51482824724288e-06,0.013276750993689057,1.8420513658762393e-09,1.9827906062472773e-07,0.0008778297760434577,0.00010183253778118582,1.763377820990669e-06,6.225949605453504e-07,2.3188100160681007e-06,9.459753860221658e-05,3.655548479511771e-05
42,1.0891270014962818e-05,3.92214517087663e-05,4.728699569064534e-06,6.733664095856435e-05,3.951254303585076e-08,1.9861964095441345e-06,0.924292329355728,0.0013840582620717027,0.0004693789713791023,0.059353748852688064,5.404057965157271e-07,3.85488989179629e-09,8.303058814706928e-07,3.071530948435638e-07,5.434214936333919e-06,0.013202514633067687,2.8141376063415335e-09,2.3069537690203948e-07,0.0009362457225809789,0.00012127894144286122,1.9628307058996595e-06,9.82597102498291e-07,2.8553444281038613e-06,7.820961457126699e-05,2.488165891627405e-05
43,1.0127479245968104e-05,3.810888707652711e-05,4.988130693672226e-06,7.11826536400248e-05,3.3658447032920646e-08,1.7625877964387229e-06,0.9539104169531374,0.0006731153938593955,0.00034245627845967333,0.037841829043886305,5.494355934989025e-07,3.3311196611769574e-09,1.3611000096153518e-06,3.5607869133333495e-07,2.777366020439965e-06,0.006470353638404875,1.6141268777009274e-09,2.6563409925101845e-07,0.0004303144589762493,9.745973995403372e-05,9.500490789661606e-07,4.398521518954043e-07,2.363020187798487e-06,7.820632509903941e-05,2.057729024388353e-05
44,9.932684085758344e-06,4.110402843633358e-05,5.0433949680299445e-06,7.946440292723869e-05,4.166443534640322e-08,2.154836491754903e-06,0.9394334788583172,0.0008182651642026302,0.000388388237922139,0.050369446659464405,5.616178921286172e-07,3.5099007312683923e-09,1.3201875061972323e-06,3.8122265824538124e-07,3.2318374208333346e-06,0.008110334894112997,1.8151082175438223e-09,2.881322981188197e-07,0.0005230239999296174,0.00010399814140034602,1.2281051194331754e-06,5.38736397858471e-07,2.6859592668467153e-06,8.241747477410356e-05,2.2664434963674472e-05
45,9.535492132050866e-06,3.7735064087316776e-05,5.258173842582338e-06,7.317125332398429e-05,4.24118518330407e-08,2.000573073139427e-06,0.9434741415149404,0.0008480522557988109,0.00041452640320884855,0.046610737288917764,5.600926952232853e-07,3.4440189042648915e-09,1.3710497061301976e-06,3.4665327477343835e-07,3.349082312851375e-06,0.00778827299649912,1.8007514115050782e-09,2.459107178238648e-07,0.0005211940533136987,0.00010081995930552926,1.0949870121025024e-06,5.056086827358157e-07,2.428996132117954e-06,8.470723926425853e-05,1.98976951367743e-05
46,1.6976443172146494e-05,5.181549089059462e-05,6.517069485111983e-06,0.00011366080315515254,5.0389041387924254e-08,1.39787276711895e-06,0.9381531796363795,0.0017346812834113893,0.00033621306363005535,0.050749397347781645,6.635877684735889e-07,6.305149712805671e-09,2.0621964077829135e-06,3.624158854080058e-07,3.5704162328943768e-06,0.007850186070148169,6.521450011197443e-09,4.5540654927759483e-07,0.000616403379988644,0.000152929912013622,1.5895041195650002e-06,9.333346687121248e-07,4.080099564701529e-06,0.00017282468114889044,3.0036769190058535e-05
47,9.394791698923916e-06,4.3089414855208766e-05,5.27062898849496e-06,8.658222333401345e-05,4.6930850634478205e-08,2.2157636142128754e-06,0.9363717411744114,0.0008559536951169735,0.00041651560004934485,0.053517383213362905,5.806526049318887e-07,3.4691320693741915e-09,1.405603179747251e-06,4.0042740770351344e-07,3.3392428704465706e-06,0.007926097833197573,1.8440717652048568e-09,2.871353102161092e-07,0.0005429958710117323,0.00010300596631912207,1.275108048514031e-06,5.294681935582005e-07,2.7455105571624544e-06,8.603959687777863e-05,2.3098834935471406e-05
48,1.0644554863442275e-05,5.0343395119635275e-05,4.462814954430278e-06,8.570466451781307e-05,4.3853989630352976e-08,1.7024087978589296e-06,0.9334160454313448,0.0010324443418495894,0.00036307768499652636,0.05639061633271142,5.235373084429955e-07,3.722358286226586e-09,1.4910102961366585e-06,3.8387552581149784e-07,3.7138699390186907e-06,0.007751525802268597,2.7422418493200133e-09,2.928352959312434e-07,0.0006640424876444578,9.785196908148122e-05,1.3795121262740863e-06,7.08534848042093e-07,3.0303978576537574e-06,9.575409019652545e-05,2.4210129866187994e-05
49,1.0083044622078583e-05,4.1097306386810945e-05,5.921445170659184e-06,8.322839157656689e-05,5.188620974787859e-08,3.0838756317732556e-06,0.935102271680365,0.0008387494697201627,0.00040499044624667864,0.05326161924526575,7.037317374730948e-07,4.760895296194131e-09,1.482465709623634e-06,4.733760596294253e-07,3.3402470809240743e-06,0.00948420407225704,1.8944342828662037e-09,3.6352084173229783e-07,0.000521921250004718,0.0001328149444299006,1.3803894631577094e-06,6.864753065254929e-07,3.0539955525491233e-06,7.741387917278263e-05,2.105820585904031e-05
50,0.0001953240219176974,0.00019035780877808058,0.0001603424184577113,0.0012040302827225897,1.2266921545577424e-06,4.997108604473426e-05,0.9727679888591733,0.004477636137942836,0.000921996703856167,0.008169515717932542,0.0005619340919422393,1.5972576319065396e-06,2.2234153168610947e-05,1.8860502901324928e-06,8.005264595189638e-05,0.005352346378110647,6.476900727726742e-07,6.560895052173325e-05,0.0002493368179538696,0.002197130587997387,4.4195794546534435e-05,4.526013677578905e-06,0.00022654230089308856,0.002907311393328203,0.00014626014493316936
51,9.287176730273558e-06,4.431826101582533e-05,4.778246218199157e-06,8.414816172867072e-05,4.042574308462608e-08,1.978558497866883e-06,0.9386361562424961,0.000844451707237382,0.00037809993716021446,0.05257730269286836,5.673122569562087e-07,3.3277132008530975e-09,1.3425797958734878e-06,3.773593394543472e-07,2.9581694428844055e-06,0.006700916925012833,1.8149842340132234e-09,3.189182161714473e-07,0.0005026607402961275,9.904003699757246e-05,1.2773898421619896e-06,5.512201662603998e-07,2.5245774539128734e-06,8.471015621222102e-05,2.2188062574114484e-05
52,9.327706701208989e-06,3.758251933276476e-05,3.998252778809864e-06,6.16721146006611e-05,2.8859026959082005e-08,2.970213459871021e-06,0.9484906420665205,0.0005287499422884402,0.00031168704848366744,0.043155208396719984,6.05297381474588e-07,2.772330222747877e-09,1.3024157668897338e-06,3.258412478898398e-07,2.2825237803660055e-06,0.0068836854655897435,1.2228127140299825e-09,4.447362641283392e-07,0.00029380707758347473,0.00012318294534383436,8.745350813046831e-07,5.416990088089336e-07,2.5292229455960164e-06,7.27409234395553e-05,1.580620151126226e-05
53,8.729670284620982e-06,0.000269292516846695,3.199382257028103e-05,0.0006286813191442878,1.2417192588234419e-05,7.649157014109526e-06,0.07407995790147677,0.009071171469572628,0.0023734919345222544,0.8867115887910718,4.97504773802009e-07,8.601402544047725e-08,8.28364332255106e-06,5.965577127008457e-06,9.771380312827382e-06,0.012507884757827074,3.4720051855849914e-08,4.337099806696764e-07,0.013971890421629694,5.32871687938794e-05,1.9602761160399934e-05,6.803752311159147e-06,2.210092785907011e-06,0.00011760453673434177,0.00010067018407169677
54,9.620684003480598e-06,3.0616823157119574e-05,4.030445792261392e-06,4.764237172093968e-05,2.0161028311380214e-08,1.7497386701543957e-06,0.953899556363004,0.00037019069712447284,0.0002914408260982088,0.035843899951618186,3.1049331192111383e-07,2.6583912774391633e-09,8.231430828498274e-07,3.916911777040138e-07,2.7279551849839376e-06,0.008972701435359616,8.820961432981601e-10,1.6988965437330194e-07,0.0003754211995468147,7.731972424219316e-05,8.338348329677768e-07,4.015416721572496e-07,1.8894081412462408e-06,4.386610277920956e-05,2.4371978309115184e-05
55,1.1030534997016917e-05,3.3434707241685204e-05,6.249826086149685e-06,7.047218719115694e-05,2.6349247195345378e-08,1.4496540714976602e-06,0.9590791269696372,0.0006987000201746428,0.00045743740894943377,0.03448294218693486,5.151039972567123e-07,3.469449510401701e-09,1.6104547288917122e-06,2.8199303030603473e-07,1.853078886117856e-06,0.00457969087587592,1.3679803415830141e-09,3.0863696694318505e-07,0.0003527446507640545,0.00011432814553318321,7.096994071530974e-07,3.548287710023335e-07,1.383824027294781e-06,8.384208839850461e-05,2.1501937652897935e-05
56,1.0036502143825944e-05,4.318550732147748e-05,5.2610311071871074e-06,8.186399555853284e-05,4.324007403111153e-08,2.1299160861437396e-06,0.9401952794651793,0.0008218604337984514,0.00039185995543656276,0.05007265583701312,5.821588882597561e-07,3.6577013047821084e-09,1.4950301535150323e-06,3.894639630050148e-07,3.1828836686516158e-06,0.007642098530741293,1.930492158481793e-09,3.041892731280893e-07,0.0005057196730279025,0.00010751061524555939,1.1953739508649426e-06,5.441185574675135e-07,2.6848274993784586e-06,8.79425003941481e-05,2.216916272447066e-05
57,1.1517314424833499e-05,5.2370933752113765e-05,9.417681257450878e-06,0.00011722458335034755,9.252452478331346e-08,2.759826771826871e-06,0.8875203765063931,0.0015908902975371804,0.0007260691492923875,0.09558227273169627,6.000362269904736e-07,7.094510517311152e-09,2.151923110446368e-06,5.711073247703855e-07,4.625269387127486e-06,0.013048154053672828,3.5299112319230036e-09,3.077854159612212e-07,0.0010399699690321698,0.00014728204779696635,2.0873070707046034e-06,9.234451568514216e-07,2.659495050972386e-06,0.00010562585535410095,3.2039531978185945e-05
58,9.961167916832101e-06,4.216350604619718e-05,5.197066161153138e-06,8.04973234256487e-05,4.158166268354288e-08,1.9907734914342862e-06,0.9407642130649737,0.000853609522233504,0.0003798590382751685,0.04964740590951537,5.69055592022136e-07,3.4717535194453304e-09,1.379148590724125e-06,3.6203108180444267e-07,3.145062108453979e-06,0.007494585059053738,1.9781112185361934e-09,3.0207017639427706e-07,0.0004914529883078187,0.00010355063708122294,1.22245505869044e-06,5.321062933239254e-07,2.707708038300764e-06,9.295484374953548e-05,2.2292431301601797e-05
59,1.0127567606546767e-05,3.782624775275755e-05,5.643320276625978e-06,7.694070652069584e-05,3.881841743858988e-08,1.8576444170962245e-06,0.9442588430194732,0.0008604344440761548,0.00037276526828416084,0.04619061403207395,5.540510940735488e-07,3.5193610895733037e-09,1.32897960432704e-06,3.3473067542138443e-07,2.8948712288619113e-06,0.007501368247482415,1.927253145379326e-09,2.965066104433032e-07,0.00044825169376370576,0.00010868034283183582,1.163241736161237e-06,4.947591672054925e-07,2.4850514248640466e-06,9.576690652232034e-05,2.128410234543246e-05
60,9.932684085758344e-06,4.110402843633358e-05,5.0433949680299445e-06,7.946440292723869e-05,4.166443534640322e-08,2.154836491754903e-06,0.9394334788583172,0.0008182651642026302,0.000388388237922139,0.050369446659464405,5.616178921286172e-07,3.5099007312683923e-09,1.3201875061972323e-06,3.8122265824538124e-07,3.2318374208333346e-06,0.008110334894112997,1.8151082175438223e-09,2.881322981188197e-07,0.0005230239999296174,0.00010399814140034602,1.2281051194331754e-06,5.38736397858471e-07,2.6859592668467153e-06,8.241747477410356e-05,2.2664434963674472e-05
61,9.959321992849771e-06,3.93113348111237e-05,5.816311865689788e-06,7.737113298472707e-05,4.05994960701167e-08,1.954520136964638e-06,0.9440608063391775,0.0008397679670458758,0.000396869205901546,0.04631256594405331,5.798100265597702e-07,3.58655567241057e-09,1.357633435170745e-06,3.520679259701968e-07,3.0586351597475248e-06,0.007551666118633,1.88676659865063e-09,2.866832398677789e-07,0.00047168513595111414,0.00010927614689312284,1.17367991088686e-06,5.015803393443534e-07,2.455851943418093e-06,9.144732715773591e-05,2.1691178595897965e-05
62,9.932684085758344e-06,4.110402843633358e-05,5.0433949680299445e-06,7.946440292723869e-05,4.166443534640322e-08,2.154836491754903e-06,0.9394334788583172,0.0008182651642026302,0.000388388237922139,0.050369446659464405,5.616178921286172e-07,3.5099007312683923e-09,1.3201875061972323e-06,3.8122265824538124e-07,3.2318374208333346e-06,0.008110334894112997,1.8151082175438223e-09,2.881322981188197e-07,0.0005230239999296174,0.00010399814140034602,1.2281051194331754e-06,5.38736397858471e-07,2.6859592668467153e-06,8.241747477410356e-05,2.2664434963674472e-05
63,1.0157038867073159e-05,4.392904238336876e-05,5.043879070672367e-06,7.768860340142912e-05,3.9969613223023516e-08,2.067641243674376e-06,0.941507503238562,0.0008061269729447493,0.00039423663430588626,0.048936275156996285,5.750974127458994e-07,3.4287759068227554e-09,1.3648760192369755e-06,3.6896683946699094e-07,3.2818198453388064e-06,0.007485036507561607,1.8834144864229354e-09,2.9676418395151483e-07,0.000508802456106061,0.00010390920879438473,1.1981981519686372e-06,5.516218001935503e-07,2.6003406530182848e-06,8.615294341557066e-05,2.2787709637708656e-05
64,1.0386639182335238e-05,4.3164859896510356e-05,5.271684516021099e-06,8.442848794208375e-05,4.670239729361471e-08,2.2167640647153326e-06,0.9357536690267664,0.0009304821606212795,0.00039923094117684976,0.05325853820847141,6.183937022773525e-07,3.864474245566679e-09,1.1870648671702258e-06,4.0613542432628983e-07,3.660575776897077e-06,0.008680083817511595,2.0705484839322048e-09,3.089432914593402e-07,0.0006079271980846974,0.00010081135985900323,1.6319359140381227e-06,5.915574333955454e-07,2.893916178527376e-06,8.705474251671426e-05,2.5382949382426405e-05
65,1.0217724091635708e-05,4.367921321201727e-05,5.443331294223435e-06,0.00010250642646546602,6.740769234819311e-08,3.9420914964641e-06,0.9130943903544699,0.0008902395136276819,0.0003356410675997365,0.07129338599778526,6.684088035067313e-07,5.459374859254271e-09,1.4277236422644514e-06,6.215007446760814e-07,3.3913678206371475e-06,0.013353177724993844,2.03258988225661e-09,4.4449391466373453e-07,0.0006186218573074245,0.0001347509278749745,1.9247643797608387e-06,7.757192415502069e-07,4.214249715297651e-06,7.57993952023434e-05,2.466124665957579e-05
66,1.793461603995966e-05,6.500731916916536e-05,3.967885155990531e-06,6.0454173197318094e-05,4.2760076891485314e-08,1.8287435857699356e-06,0.9718237413047963,0.0007167577893125355,0.00020175622108305514,0.021589324545944026,1.0153141286248448e-06,3.5075266865619534e-09,6.886553062542126e-07,4.899474225562162e-07,6.718723234922122e-06,0.004840892862838971,3.4328548198501063e-09,4.581920382107477e-07,0.0004471098336252073,5.060417694852876e-05,1.9469804226673985e-06,9.108236735507102e-07,6.452418020534673e-06,0.00013289925825187614,2.8990515345639615e-05
67,9.544416187746191e-06,3.770291054298317e-05,4.719833142490442e-06,7.607774038041809e-05,3.768840059232522e-08,2.3291598590432896e-06,0.9450480627486055,0.0006793829975448784,0.00031360697821573597,0.04440140993229445,5.674630862307526e-07,3.5594277287750675e-09,1.2716797745611487e-06,4.032776025206685e-07,3.0202720718297388e-06,0.008768361159207394,1.6230505027863495e-09,2.9787860894490104e-07,0.00044125255193293896,0.00011241866699686577,1.154692477407744e-06,5.086935948696062e-07,3.084801546019181e-06,7.361443862587906e-05,2.1164836822432626e-05
68,1.013055118629098e-05,4.699500632996459e-05,7.551923295009384e-06,9.59986666263978e-05,7.697380869587071e-08,1.944420066352301e-06,0.9181210095773751,0.001160733597227705,0.0006852346718985949,0.06958291674580164,4.992549735178831e-07,4.410483367401869e-09,1.7496162000043875e-06,5.148697339954116e-07,4.591959773034074e-06,0.009101875207453813,2.2854005249681678e-09,1.809204042990796e-07,0.0009760043067525301,8.1288646566715e-05,1.4686852824820039e-06,5.682843954613128e-07,2.0475570332258245e-06,8.938815623205738e-05,2.7223705699101945e-05
69,1.058651668146507e-05,4.4375964762399494e-05,4.8307422587004555e-06,7.739901256740115e-05,5.411167106876489e-08,2.775744313945958e-06,0.9399761673375189,0.0007662945919188191,0.00040238279495338454,0.04938071723616817,6.681033280498934e-07,3.915422452548368e-09,1.2928730337755631e-06,4.993669291790315e-07,4.086096286407377e-06,0.00851350759418623,1.8555977420502283e-09,2.916957632349508e-07,0.0006264036107752852,8.592805038180318e-05,1.3858997286441432e-06,6.540420198239835e-07,3.2010129081401634e-06,7.438218360588917e-05,2.2109647219059913e-05
70,1.0784397269336475e-05,3.751411887109733e-05,7.313590196601018e-06,7.989446847922986e-05,4.0527773061046744e-08,3.126393320896342e-06,0.9509953499190067,0.00033172280761270973,0.0002758158271036579,0.03796397634988878,4.849772769092731e-07,5.174975672523948e-09,1.7256512439280691e-06,8.422573860539422e-07,2.263768327924332e-06,0.009791473366160253,1.090786466211959e-09,3.1828773485617356e-07,0.00029106386227746074,0.00012261367790385508,9.235626237828778e-07,4.471053604132803e-07,3.0345917331413784e-06,5.278236765742349e-05,2.64818590297232e-05
71,9.253369306850466e-06,2.2789192167765253e-05,3.3209339329342906e-06,5.1678802435913136e-05,1.639005036568053e-08,1.210808661614037e-06,0.9684816607736342,0.0005710225309175432,0.00019247238265065393,0.023872479321971625,4.587685582687291e-07,2.6554333383927403e-09,9.06382419242828e-07,2.2313971356787669e-07,1.8764097957919555e-06,0.006311328708255122,1.323280188516496e-09,2.527822371240696e-07,0.0002915256100317461,0.00010649448235617104,7.322168611320035e-07,3.534879249774024e-07,2.3045770304275384e-06,6.367153405836523e-05,1.3963416315082255e-05
