,0,1,2,3,4,5,6,7,8,9,10,11,12,13,14,15,16,17,18,19,20,21,22,23,24
0,2.52878438115767e-06,2.140146661281022e-06,0.0001329383479118037,1.075607242122482e-07,0.001195399001806679,1.8659043426151006e-07,0.572527060458771,5.014045314491633e-06,0.0032972865537419745,3.3294275259374023e-07,0.00033515902006888256,2.062336363546264e-05,0.0008265867022722548,0.00886784062187356,1.505501309273663e-07,2.0606878693062384e-06,9.66877790446258e-07,0.0009763487986409579,0.00011702135004699375,4.8942730951441844e-05,0.4114854528007064,1.0289195917274436e-06,1.1405874850513178e-05,7.87577769722986e-05,6.465949209928204e-05
1,2.3191466535827566e-06,1.9751484112272262e-06,0.00012916741275875555,1.3445507240096906e-07,0.0011906640843420185,1.1421175529625384e-07,0.6180533435713376,4.106771284769759e-06,0.0015756559433411162,1.8584017393958445e-07,0.0002434610079718418,2.5832846658261555e-05,0.0008807076605694564,0.005137734637800117,9.377437350215215e-08,2.8162308605176464e-06,1.4198321319035967e-06,0.0009135868436387429,9.17353641547884e-05,4.425772443693475e-05,0.37156040028295256,6.233199034458908e-07,1.0467690014619288e-05,8.368080484087672e-05,4.5515394561561605e-05
2,2.706247049709915e-06,2.273754373230777e-06,0.00014921787200547254,1.297986917918316e-07,0.0016377825204653266,1.0432311818950197e-07,0.6085738026307712,5.077210288761724e-06,0.0017692377790111487,1.9232007174430737e-07,0.00033095106436140115,3.1402652414580126e-05,0.0008888087407270372,0.0070320366936513,1.2252388317030092e-07,2.691805444406861e-06,1.5510880790518205e-06,0.0008550203337856864,7.664373213338433e-05,5.297902527051029e-05,0.3784325198355995,7.398005341083423e-07,9.77580535373693e-06,8.583753356823874e-05,5.839490934728691e-05
3,2.9574884764744517e-06,2.0295581875335995e-06,0.00013201377243297267,1.2332876860177692e-07,0.0013049995639241815,9.597217363313749e-08,0.6048940641892292,4.1843348842711605e-06,0.0013269697014891453,1.4424037880759443e-07,0.0003013420619369908,2.745350243165781e-05,0.0008780473195102151,0.004903245420018969,8.787696585721021e-08,2.2159936126050904e-06,1.5926278534710227e-06,0.0008590395881875625,7.754198150559378e-05,3.673075736066253e-05,0.38511745614380555,6.334802393011072e-07,9.503357438533274e-06,7.576716127656427e-05,4.176057791188791e-05
4,3.047044165445947e-06,2.130015331494284e-06,0.00013660977370603893,1.269072396783978e-07,0.0012472942292337823,8.825923165798822e-08,0.6012449996828859,4.213868817371761e-06,0.001343437253799124,1.4618277271257798e-07,0.0002986638945742312,2.78531781052948e-05,0.0010047683419171546,0.0053205311693254684,7.840622126585306e-08,2.0541456108083693e-06,1.5111110937524839e-06,0.0009117854381851192,7.42807322842643e-05,3.896340962647413e-05,0.3882120276208572,6.60561007212252e-07,9.016983365389206e-06,7.726337966964422e-05,3.844841097373359e-05
5,2.966716879561452e-06,1.9127634893583387e-06,0.00014567950692768813,1.529695233907783e-07,0.0013988372818498872,1.015970611880882e-07,0.5704251902777676,4.1719367303669515e-06,0.0013553068481089088,1.707924017984931e-07,0.00028008032367330234,2.352439035162518e-05,0.0009414603321984855,0.005296098119888298,7.36303531658899e-08,2.1759844227654e-06,1.5466353211692574e-06,0.0012285206136897053,7.810411492363457e-05,4.521098688739795e-05,0.4186369257401073,5.346969021458785e-07,1.2058051086851575e-05,8.486820205773858e-05,3.432748739682531e-05
6,2.9574884764744517e-06,2.0295581875335995e-06,0.00013201377243297267,1.2332876860177692e-07,0.0013049995639241815,9.597217363313749e-08,0.6048940641892292,4.1843348842711605e-06,0.0013269697014891453,1.4424037880759443e-07,0.0003013420619369908,2.745350243165781e-05,0.0008780473195102151,0.004903245420018969,8.787696585721021e-08,2.2159936126050904e-06,1.5926278534710227e-06,0.0008590395881875625,7.754198150559378e-05,3.673075736066253e-05,0.38511745614380555,6.334802393011072e-07,9.503357438533274e-06,7.576716127656427e-05,4.176057791188791e-05
7,4.776517945233199e-06,2.067181483198723e-06,0.00013875461724749882,1.2390707539191543e-07,0.0009691329258385586,8.781750436482905e-08,0.6480081599806408,4.705632485912041e-06,0.0009498097255014141,1.1269907887795558e-07,0.00041563826226276995,2.9210472860258006e-05,0.0015845781443964509,0.0036304606412675133,7.999126962385689e-08,1.8696376824515896e-06,1.5058085085482148e-06,0.0009536242452016054,7.700452508911537e-05,3.798945339143137e-05,0.3430986922908932,8.494557099879045e-07,6.281355870468159e-06,5.723658172525392e-05,2.7248129070027287e-05
8,5.35649564602706e-06,3.524639911743184e-06,0.00038564800176907555,2.377719760132415e-07,0.00250337083536073,1.4437320382693795e-07,0.502440113957054,4.480123284587188e-06,0.0023472974894323366,3.4476027036154595e-07,0.00033974921224857145,3.9359039087746075e-05,0.0010501611045917556,0.009675368645178309,1.4169810427516734e-07,3.986543291932342e-06,3.2935460888609097e-06,0.0010554838183386135,6.972696563786367e-05,6.754196369590253e-05,0.47963640071000085,6.383435277370983e-07,2.4998344641615136e-05,0.0002411965636389997,0.0001014350540182389
9,2.65060175670138e-06,3.7044662769078117e-06,0.0003160925358359582,2.2431405575309815e-07,0.0019362708054334826,1.3087059558737399e-07,0.4739521062875184,4.7712040516978575e-06,0.002427521746233461,4.951927933080161e-07,0.000248072238327706,3.024780921986225e-05,0.0009978257102425682,0.012050507135901766,1.3078281114187528e-07,4.730655656617836e-06,2.563613689312688e-06,0.0011199635963483013,8.841468306260017e-05,9.074930984918709e-05,0.5063969141178797,5.976153193060692e-07,2.148039800338415e-05,0.0002087357295409779,9.509857959619843e-05
10,2.9574884764744517e-06,2.0295581875335995e-06,0.00013201377243297267,1.2332876860177692e-07,0.0013049995639241815,9.597217363313749e-08,0.6048940641892292,4.1843348842711605e-06,0.0013269697014891453,1.4424037880759443e-07,0.0003013420619369908,2.745350243165781e-05,0.0008780473195102151,0.004903245420018969,8.787696585721021e-08,2.2159936126050904e-06,1.5926278534710227e-06,0.0008590395881875625,7.754198150559378e-05,3.673075736066253e-05,0.38511745614380555,6.334802393011072e-07,9.503357438533274e-06,7.576716127656427e-05,4.176057791188791e-05
11,3.0286770041624532e-06,2.02359206475767e-06,0.00013206839557515843,1.26367492145766e-07,0.001275903224814493,9.394900723040337e-08,0.6104201761027781,4.102858223839542e-06,0.0013030902334864613,1.3893523103507488e-07,0.0003017503624930542,2.81458095520214e-05,0.0009635072664668339,0.004832316166257947,8.471141701499807e-08,2.1627458854107288e-06,1.5639290672122987e-06,0.0008626367869091064,7.565774496429382e-05,3.852859607435833e-05,0.3796248834424165,6.505298269333037e-07,9.332488212589845e-06,7.826661750008039e-05,3.9760467279189205e-05
12,2.8828698904001466e-06,1.9698889997596124e-06,0.00019181347143022246,1.043004712290408e-07,0.0025094312434838437,9.884326342212667e-08,0.5307546993879677,3.313303318269967e-06,0.0015771213872445636,1.6112278296415316e-07,0.0003377287031508662,2.8415599160672054e-05,0.0007904662255832814,0.006743637517899393,7.790016140953394e-08,2.2336348116802897e-06,2.0511936357942004e-06,0.0008458866428346736,4.834674894467579e-05,5.841233410478972e-05,0.45590869258173417,5.174088142869463e-07,1.2869683610268505e-05,0.00012099682719281178,5.807117950873874e-05
13,4.120360832585361e-06,2.7396825440119855e-06,0.00015050248315905278,8.83071132396166e-08,0.0016316614493186575,7.481014967840776e-08,0.589802268920486,6.464749284474284e-06,0.0013677815247465303,1.1110303602550187e-07,0.0008613245250777372,6.010196336138522e-05,0.001140163252913337,0.00871556819007577,1.5306770047011951e-07,1.904474908796209e-06,1.795729078478479e-06,0.0006741660882532885,6.368977289986507e-05,4.511089144034414e-05,0.39532648471940707,1.2157355218947244e-06,5.381021987808694e-06,6.488126333756823e-05,7.224591336599172e-05
14,3.575011509542825e-06,1.810582887204026e-06,0.0001508504619853392,1.289116691083205e-07,0.001151115142031282,1.4419749473378554e-07,0.7165285964404511,5.026982508711155e-06,0.0019627873221549114,1.6084007954655846e-07,0.0002818243868337445,3.822196688970316e-05,0.000799858069607404,0.0050118684686540045,1.5009423599493702e-07,3.4341440933409566e-06,1.5894016789175575e-06,0.0007374044480899745,7.353001070009128e-05,4.141318006023486e-05,0.2730369762525567,7.542081281896801e-07,1.1571287142605945e-05,8.841251486711791e-05,6.879567369056279e-05
15,2.9574884764744517e-06,2.0295581875335995e-06,0.00013201377243297267,1.2332876860177692e-07,0.0013049995639241815,9.597217363313749e-08,0.6048940641892292,4.1843348842711605e-06,0.0013269697014891453,1.4424037880759443e-07,0.0003013420619369908,2.745350243165781e-05,0.0008780473195102151,0.004903245420018969,8.787696585721021e-08,2.2159936126050904e-06,1.5926278534710227e-06,0.0008590395881875625,7.754198150559378e-05,3.673075736066253e-05,0.38511745614380555,6.334802393011072e-07,9.503357438533274e-06,7.576716127656427e-05,4.176057791188791e-05
16,2.8417517535745965e-06,1.9848547251266977e-06,0.0001370656553326746,1.2691315841557947e-07,0.0013538816718896797,1.03165806977139e-07,0.5995818100663375,3.915882491837284e-06,0.0013616454581396697,1.5071029694328587e-07,0.0002841187913783134,2.5786356893234184e-05,0.0008428996111195144,0.004789021776415684,8.483653209429765e-08,2.243441299869281e-06,1.6393937281090693e-06,0.0008566375745982238,7.588333004250448e-05,3.7759717514772866e-05,0.39050532153779705,5.825777450612046e-07,1.0640236311515195e-05,8.193735061999034e-05,4.1917338071638486e-05
17,2.874583637246043e-06,3.149150636963391e-06,0.0001504137008352811,2.1114349015191579e-07,0.0012052613002504228,2.0087116187679994e-07,0.6473211736117549,7.012765724060459e-06,0.001781983552811081,3.5115903003037344e-07,0.0003149360927860023,3.1990147459947726e-05,0.0008361090598860823,0.0051871601173842105,2.617110643162343e-07,5.749456088475561e-06,2.265235561115887e-06,0.0008931548634369664,0.00016794502265157971,4.886109370559093e-05,0.3418664162636264,9.210842150682839e-07,1.2964562174359285e-05,8.387761014473616e-05,7.475584048317692e-05
18,6.3790868795533e-06,2.479498218352245e-06,0.00013281323533103752,3.516304745045402e-07,0.002240299384026907,1.8371361672623574e-07,0.6698652619675767,6.361171812577524e-06,0.0017066310692787471,1.785413826080088e-07,0.000521230224237695,2.2996002187029385e-05,0.0017234689834053787,0.0034605109517274486,1.1029698365403681e-07,1.59337109350176e-06,1.4368976174630084e-06,0.0015128822677187507,0.00010417173419390094,4.5595443694466957e-05,0.3185415163795004,9.892688221867362e-07,1.0628348802231028e-05,7.320078004833786e-05,1.872975136994063e-05
19,3.421349114509665e-06,1.5002662583488173e-06,0.00013838699303425492,7.288441855059656e-08,0.0009407040204347341,6.536892206491387e-08,0.5086944817616278,3.959563913124668e-06,0.0008202867409911009,9.578406104135674e-08,0.00036535026360408134,2.400309437216259e-05,0.000760860908486238,0.004317469560449523,6.30723843465282e-08,1.845742680302221e-06,1.7085081570430948e-06,0.0009269638790387186,6.501425018952197e-05,2.8790223314241326e-05,0.48279874594065064,4.930679667083755e-07,8.48622244227878e-06,6.044898193529244e-05,3.678155155336977e-05
20,3.0613910726441934e-06,2.771151528241082e-06,0.00011742796191799392,1.466389671655862e-07,0.0011863518585286503,1.1219338648902974e-07,0.6289888416136706,5.98574893764817e-06,0.0017347338658888858,2.0568926601499123e-07,0.0003608907905217372,2.670829807577372e-05,0.0012661320932486609,0.00609943056148965,1.276405642053195e-07,2.1629480820914065e-06,1.3207708528289448e-06,0.000855804455989908,0.00010615730288739818,4.6059510054629995e-05,0.35908527677697594,1.1882240316197557e-06,6.996912297769166e-06,6.271683267667605e-05,3.938876908684152e-05
21,3.565848928331965e-06,1.8190271458371546e-06,0.00018542370476565503,1.0556064965128878e-07,0.001126060407265248,5.189894084022294e-08,0.5463780870848809,3.9992390982959405e-06,0.0008853795805451537,1.0358195301572514e-07,0.0002811650212926296,3.8824064966622346e-05,0.0010428602859050625,0.005848704502265479,4.6112370761911756e-08,2.471097636478247e-06,1.9245248698107425e-06,0.0011695978619986676,4.790019335803395e-05,4.210418812433238e-05,0.4427993352710262,4.5007596566582236e-07,9.224455892428185e-06,9.171681590389732e-05,3.9079594251012584e-05
22,4.103656290050822e-06,1.971596123500953e-06,0.00017651957237681948,1.0869366979489216e-07,0.0011423350106803713,8.768030179227904e-08,0.45414895939992966,4.965977278996487e-06,0.0008009254575506692,1.6065138343851035e-07,0.0003543526232911489,2.1739818590392085e-05,0.000950854940390688,0.004805128819699017,5.650116399048308e-08,2.0432298375265973e-06,2.404470397047432e-06,0.0013016082788495926,7.130738265881097e-05,3.853182266970639e-05,0.5360684330190579,6.186397919129267e-07,1.0565769721203736e-05,6.236014786983134e-05,2.985684042609209e-05
23,2.9574884764744517e-06,2.0295581875335995e-06,0.00013201377243297267,1.2332876860177692e-07,0.0013049995639241815,9.597217363313749e-08,0.6048940641892292,4.1843348842711605e-06,0.0013269697014891453,1.4424037880759443e-07,0.0003013420619369908,2.745350243165781e-05,0.0008780473195102151,0.004903245420018969,8.787696585721021e-08,2.2159936126050904e-06,1.5926278534710227e-06,0.0008590395881875625,7.754198150559378e-05,3.673075736066253e-05,0.38511745614380555,6.334802393011072e-07,9.503357438533274e-06,7.576716127656427e-05,4.176057791188791e-05
24,2.4400448420920985e-06,2.7399561396462004e-06,0.0001167002614281784,1.9039395479277463e-07,0.0012443975944143666,8.867761725688626e-08,0.5959646534300613,4.409733030875549e-06,0.001395278297922917,1.9624278982737974e-07,0.00024139311438985632,2.376395818024655e-05,0.0009841855566329971,0.0054232760288473025,8.921388692611422e-08,2.4174911087124674e-06,1.5716593578101887e-06,0.0010655263824256825,0.00011131256577495792,3.866098498318206e-05,0.39325260083988517,6.346106660437364e-07,1.0319382192198944e-05,7.859037546532455e-05,3.456320400225843e-05
25,2.5541563835527783e-06,1.1008821678863562e-06,0.00011377601074907492,7.968548713342652e-08,0.0011542160807117324,6.078930453266851e-08,0.585040654745334,5.493915441714703e-06,0.0007090982657012816,7.296800149086286e-08,0.0003973606630284347,2.7359166845234125e-05,0.0008675023652935913,0.004385964437420263,3.880407432237717e-08,1.5127887923240116e-06,1.2372893466812448e-06,0.0012459609045572856,4.198599768912836e-05,4.4859873516457726e-05,0.4058869204965808,4.4569736853369376e-07,6.339436030325011e-06,4.414587723609568e-05,2.1258702938263717e-05
26,3.891610342590956e-06,1.7944767658829616e-06,0.00023362207492251565,1.8514749437201378e-07,0.002245115514940576,1.2829960192420873e-07,0.5200092592412731,2.63356753916567e-06,0.0019247498049652855,1.9164620743347062e-07,0.00024807218310842237,2.2727614726088966e-05,0.0008731641786363325,0.005940873631731617,5.949294337945502e-08,2.152017497069296e-06,1.9946515434849037e-06,0.0014320565331855755,5.575685467142105e-05,5.420763241137627e-05,0.4666908323151066,3.5714455681531113e-07,2.5680733017185495e-05,0.0001877407993602064,4.2752833451670634e-05
27,3.1923995656630325e-06,2.5320523186987585e-06,0.00011450646867756504,1.7197288846052611e-07,0.0014828722290153658,1.587368377893302e-07,0.7054559336179799,5.501892659190723e-06,0.002464259175163505,2.0503303415996392e-07,0.00033068249395559973,3.349812071510603e-05,0.0010776150886044854,0.0054381253852681735,1.643461888141205e-07,2.763714640885086e-06,1.2475417893684951e-06,0.0008142363115655448,0.00010652877451105084,4.682470256833186e-05,0.282469857348351,1.1462641691657274e-06,9.009115063848787e-06,8.523533478579089e-05,5.373187968264232e-05
28,2.9574884764744517e-06,2.0295581875335995e-06,0.00013201377243297267,1.2332876860177692e-07,0.0013049995639241815,9.597217363313749e-08,0.6048940641892292,4.1843348842711605e-06,0.0013269697014891453,1.4424037880759443e-07,0.0003013420619369908,2.745350243165781e-05,0.0008780473195102151,0.004903245420018969,8.787696585721021e-08,2.2159936126050904e-06,1.5926278534710227e-06,0.0008590395881875625,7.754198150559378e-05,3.673075736066253e-05,0.38511745614380555,6.334802393011072e-07,9.503357438533274e-06,7.576716127656427e-05,4.176057791188791e-05
29,2.9574884764744517e-06,2.0295581875335995e-06,0.00013201377243297267,1.2332876860177692e-07,0.0013049995639241815,9.597217363313749e-08,0.6048940641892292,4.1843348842711605e-06,0.0013269697014891453,1.4424037880759443e-07,0.0003013420619369908,2.745350243165781e-05,0.0008780473195102151,0.004903245420018969,8.787696585721021e-08,2.2159936126050904e-06,1.5926278534710227e-06,0.0008590395881875625,7.754198150559378e-05,3.673075736066253e-05,0.38511745614380555,6.334802393011072e-07,9.503357438533274e-06,7.576716127656427e-05,4.176057791188791e-05
30,2.9574884764744517e-06,2.0295581875335995e-06,0.00013201377243297267,1.2332876860177692e-07,0.0013049995639241815,9.597217363313749e-08,0.6048940641892292,4.1843348842711605e-06,0.0013269697014891453,1.4424037880759443e-07,0.0003013420619369908,2.745350243165781e-05,0.0008780473195102151,0.004903245420018969,8.787696585721021e-08,2.2159936126050904e-06,1.5926278534710227e-06,0.0008590395881875625,7.754198150559378e-05,3.673075736066253e-05,0.38511745614380555,6.334802393011072e-07,9.503357438533274e-06,7.576716127656427e-05,4.176057791188791e-05
31,3.897273783396224e-06,2.1576429914422512e-06,0.00017755529898385252,1.1144822859647887e-07,0.0009211820764137474,8.030169580952247e-08,0.5395664871612074,5.888437852503619e-06,0.000951131912251696,1.4839346334959364e-07,0.0002984897331308438,2.9653444335435293e-05,0.0008548297792520034,0.00540871418075854,6.232548372909106e-08,2.5043605884578165e-06,2.0282617887347155e-06,0.0011238674119748565,6.543375909417834e-05,3.327069703721708e-05,0.45043932007034976,5.907989920857282e-07,9.9047900284978e-06,6.346604261816498e-05,3.922439769572673e-05
32,2.7511682041661085e-06,2.019699535039533e-06,0.00012094676188700026,1.2877385769220954e-07,0.0012208385899177083,9.997909084601196e-08,0.6042837368957538,4.11599658370319e-06,0.0012864837286715861,1.480962099594336e-07,0.00028830473299084627,2.6062326763083584e-05,0.0008708394791840445,0.004570090046868977,9.578196217158897e-08,2.3448711293340037e-06,1.5993846042622564e-06,0.0008471581406477087,8.977000770424282e-05,3.6203152689814106e-05,0.38622045306977226,6.493686665714076e-07,9.69884928813913e-06,7.439242081135412e-05,4.1068677205794636e-05
33,3.5690150019741605e-06,1.8341592387859438e-06,9.564719623855377e-05,1.21186281423624e-07,0.0007751468880849777,5.485805007285545e-08,0.6541583395333522,4.268662105028481e-06,0.0005600226123322517,6.398449748597274e-08,0.0003280908060190031,3.646201458859388e-05,0.0013248216915180333,0.0026298999270327745,4.701074070856478e-08,2.1472063540881913e-06,1.8907122000137234e-06,0.0009401566595574572,7.018723496305232e-05,2.7920699207391544e-05,0.3389558723192739,6.24402988954459e-07,5.675771774980796e-06,5.7190970047639044e-05,1.994447855054668e-05
34,2.9501851341400376e-06,2.031958682482086e-06,0.00013199221176190073,1.2329662537679677e-07,0.0013053075978164991,9.593725087515104e-08,0.6048761630905566,4.186207231239262e-06,0.0013273075722673065,1.4444590009915855e-07,0.00030089048050863527,2.7467131656419012e-05,0.0008771974209143845,0.004908845419095679,8.786013074223634e-08,2.2196335316216007e-06,1.593661249302543e-06,0.000858061487668869,7.753671005127284e-05,3.675491285220546e-05,0.38513128612984004,6.334817002346698e-07,9.501743806008924e-06,7.579562910771273e-05,4.182579466046175e-05
35,3.1964218559007583e-06,2.007130556423846e-06,0.00013135412747997604,1.2652780698555292e-07,0.0012087408263239188,1.0117257355683132e-07,0.6109085987101939,4.492328983569135e-06,0.0013112196826946957,1.4519419554173256e-07,0.00030397798064996014,2.8087113289305004e-05,0.0008950283076238763,0.004719225680220173,8.524401116277889e-08,2.2736777366983296e-06,1.5988872154566375e-06,0.0009372333532280427,8.012954235931294e-05,3.536450950275599e-05,0.37930497782565825,6.614701964945831e-07,9.505258798656526e-06,7.236299762752007e-05,3.950602921787408e-05
36,2.925791724034814e-06,2.893912465225834e-06,0.0001199073837805695,1.5917161628574818e-07,0.0008777203813338358,1.105563480337608e-07,0.6715773133644589,6.753443551369209e-06,0.0014896402525869396,2.302225037510002e-07,0.0002492028586618001,3.2651685484636186e-05,0.001139030220299857,0.005478384991745363,1.1887538609614344e-07,4.030192875748535e-06,1.8635953970038154e-06,0.0010353079633656536,0.00011861157635171888,4.627536991139738e-05,0.317703401417449,1.0748318573059167e-06,8.138881805515198e-06,6.134478416252837e-05,4.290827487726922e-05
37,4.111724949212635e-06,1.4253205815605617e-06,0.0001874184578252524,1.0001059839958379e-07,0.0012794194678920855,6.342479329459947e-08,0.5638270494838634,2.8739869754759823e-06,0.0010503363676933523,9.124702232976554e-08,0.0002744414242521465,2.9715964710804435e-05,0.0010137011205005127,0.005089135302265068,3.790266755604365e-08,1.5354212844984826e-06,1.5445695131085787e-06,0.001127197882367193,3.906718654278655e-05,3.558827255907474e-05,0.4258977407465988,3.967713909534204e-07,1.0392704157838836e-05,9.518279659217616e-05,3.143244240315351e-05
38,4.222314273281749e-06,1.4145359183554425e-05,0.0005588571265002156,1.3047959504151486e-07,0.014381761493574577,3.722372335949604e-08,0.14091114652398284,5.905654794666859e-06,0.0077908222228701566,4.201413154553781e-07,0.0016334720910001635,0.00010259970330564519,0.0005351041705213813,0.23586960861504724,9.613931047310934e-08,4.276906100148689e-07,2.3657317690531543e-06,0.0004976623532452124,1.1447664067006949e-05,5.288674862942332e-05,0.596969961118704,1.3730988489597932e-06,1.0822483222564472e-05,0.00024644469901153145,0.0003982791528942492
39,2.5020723085942098e-06,1.259575777448793e-06,9.69913883463794e-05,8.083720689686543e-08,0.0006640959402547268,1.1132092818094752e-07,0.6434600580438894,5.729241902928966e-06,0.0006546304336473932,8.954047349223892e-08,0.00026610055445242203,2.983615217072832e-05,0.0006781330332719004,0.0026134203102207054,6.303361690222858e-08,2.7977411399929163e-06,1.698228635339001e-06,0.0007363074493200207,6.632183211950861e-05,2.7983168580743897e-05,0.35061070461704663,6.152883857302494e-07,7.420299459049703e-06,4.187494310575058e-05,3.1174953739114326e-05
40,5.234346987148753e-06,2.222165489416196e-06,0.00018724371340965288,9.36246848260303e-08,0.0015149163160155408,1.093106997335455e-07,0.6459763255432319,4.237796141160348e-06,0.001481148313984937,1.1581416258870637e-07,0.00044595691993019816,4.438569006083406e-05,0.0010417792225996473,0.0051524452576273624,1.0833440987915708e-07,1.983716079920979e-06,1.8554360416282342e-06,0.00058746082698953,5.1312688883194784e-05,3.385373721154571e-05,0.3433208889963145,9.146377070291766e-07,7.443897401673762e-06,7.897626130135048e-05,5.8987432634853225e-05
41,4.798140369231037e-06,2.579814153552512e-06,0.00015033727172179568,3.565821961495879e-07,0.0036804208243884865,2.8774296676589907e-07,0.7768858018379009,5.415539749437796e-06,0.00372707991613853,2.4485446019166667e-07,0.0004659784865862005,4.509615417320753e-05,0.0009396070102154459,0.004981929031748978,3.850158222645056e-07,3.4053153934630213e-06,1.6092463932343308e-06,0.0008166951235492089,0.00010878011762907496,5.4840423043753935e-05,0.20789996046755613,9.99057899439073e-07,1.523827953340622e-05,0.00013012067243202126,7.803307397907644e-05
42,2.814582500228298e-06,3.1466029411985835e-06,9.020135093827811e-05,1.5211414675852937e-07,0.0010443285505578393,1.5427735061516263e-07,0.6773671746187218,6.350341794194597e-06,0.001332006816367848,1.994558032460828e-07,0.00032737740345054793,3.1535854758420275e-05,0.0012437280438968355,0.0033985450189455506,1.8026165996137523e-07,4.103460582079369e-06,2.037069711775614e-06,0.0006045170594046451,0.00016116910212550902,4.134349984554501e-05,0.3142224677952827,1.7077732114994427e-06,6.288140607561003e-06,6.162611109823674e-05,4.684469429728918e-05
43,2.5621473742952864e-06,2.2935975713151464e-06,0.00013036661692957332,1.487491397777292e-07,0.0013425792909998197,1.572117769297585e-07,0.5736719378385392,5.074772876331685e-06,0.0016154797012437792,2.4993147048102604e-07,0.00028678061569146167,2.1311470652079277e-05,0.0009015080405138906,0.005156902907019745,1.207652700785146e-07,2.696113560191907e-06,1.6110446831087716e-06,0.0009086686790720206,0.00010788754168516055,4.7582513609308085e-05,0.41566537468868076,8.334276302659961e-07,1.1026234488899068e-05,7.37674396810887e-05,4.307865984036744e-05
44,2.9574884764744517e-06,2.0295581875335995e-06,0.00013201377243297267,1.2332876860177692e-07,0.0013049995639241815,9.597217363313749e-08,0.6048940641892292,4.1843348842711605e-06,0.0013269697014891453,1.4424037880759443e-07,0.0003013420619369908,2.745350243165781e-05,0.0008780473195102151,0.004903245420018969,8.787696585721021e-08,2.2159936126050904e-06,1.5926278534710227e-06,0.0008590395881875625,7.754198150559378e-05,3.673075736066253e-05,0.38511745614380555,6.334802393011072e-07,9.503357438533274e-06,7.576716127656427e-05,4.176057791188791e-05
45,2.1695015651260552e-06,1.3883637141557948e-06,6.491507789854837e-05,1.6914718622110528e-07,0.001177323809937921,1.6511435141013715e-07,0.8133859683979534,4.431215240411206e-06,0.0016406448103724485,1.1265831230309329e-07,0.0002590328408251096,2.6923572450635542e-05,0.0007949160848257046,0.0025764788373116142,1.6108343185593176e-07,2.3299956562090592e-06,9.091330662235658e-07,0.0006139618948557172,9.440726269343789e-05,3.4988168022716886e-05,0.1792263714439325,7.469554277305159e-07,7.434158832848466e-06,5.200931734029064e-05,3.204115479570546e-05
46,6.901622416608363e-06,3.200064965064945e-06,0.00016859134887052215,1.6333789480372353e-07,0.0011377664001889515,1.1068325293560882e-07,0.6449493629695259,5.641121011353984e-06,0.0005976150912931984,1.0787124267744794e-07,0.0004201635732242278,5.512896680244831e-05,0.0012750137123330857,0.002639812136303986,1.1139613755375043e-07,4.265042973319245e-06,5.654286398109485e-06,0.0006820178006885843,8.093215098145845e-05,3.0090580065791246e-05,0.34780364656003054,1.0857863933004129e-06,9.660947214705186e-06,7.7325043366272e-05,4.563150642470368e-05
47,2.7612376825447134e-06,1.864425026867091e-06,0.00013144863822233354,1.2412138788358846e-07,0.001368875432024956,9.609393310262322e-08,0.5870094456496996,3.997624207106899e-06,0.0013496396016396933,1.455181268755311e-07,0.0002946306643876857,2.4826172185575147e-05,0.0008118207007865302,0.00504178829120485,8.509127983737277e-08,2.0579424757984563e-06,1.5127898052677949e-06,0.0008957275720394384,7.657128669923923e-05,3.68905154927122e-05,0.40281803170354535,5.656611095910257e-07,1.0288410350099953e-05,7.642452065238625e-05,4.0380336034723854e-05
48,3.282722020450405e-06,2.7610467069996087e-06,0.00013532360090329296,1.470699629427358e-07,0.0010369309502919733,9.409484249577233e-08,0.5931716014478553,4.969595432904605e-06,0.0011024880134405685,1.760514991105753e-07,0.0002717988737019335,2.6762095004084503e-05,0.000970505415122099,0.0046564812991444215,8.888658865900211e-08,2.613724814786283e-06,2.136980672249657e-06,0.0008987519464993796,9.684479952595634e-05,3.268759201337757e-05,0.3974698597115688,7.528396038726972e-07,9.415961550204238e-06,6.614357874016389e-05,3.738170249410672e-05
49,3.565197926202372e-06,1.978919497226502e-06,0.00015957000659092913,1.2268821165103687e-07,0.001402936027294682,1.2508221752370515e-07,0.636640303205291,4.438521956160679e-06,0.0014214321377436648,1.4500261357351184e-07,0.00032696817347041925,3.3976099788985324e-05,0.000982224784080857,0.004698965167909593,7.976287051076332e-08,2.3755052519492495e-06,1.6728872918115629e-06,0.0008819279715830377,6.061538633159063e-05,4.3382260110029055e-05,0.35319460390724056,6.761495188897665e-07,9.993911896415559e-06,8.461538501539919e-05,4.33058582974376e-05
50,1.7398693524266144e-05,8.702962648545368e-07,0.00029349563639090634,1.955590881043266e-07,0.008068792671085062,3.697776075494963e-07,0.4660705524950112,1.6039167389187156e-06,0.0019184622698272234,5.1197138712297107e-08,0.0014783008744799202,8.047528318339575e-05,0.000452163429956102,0.003077540368266853,2.110165730691452e-07,4.2183287241460305e-06,7.990906032560939e-06,0.0019526295696080638,4.272800055790942e-05,5.429203935020146e-05,0.5152651523094499,2.8366251846692635e-07,0.0001293078156345364,0.0009209215534192337,0.00016199232956865588
51,4.4224822192017425e-06,7.736031667157737e-06,0.00017510993624538225,3.2549633261936884e-07,0.0013694306410494492,1.1778548017351393e-07,0.6097913455393655,1.025739159883504e-05,0.001953593877852854,3.8531495804240145e-07,0.0004289848901850938,4.6670408986463015e-05,0.0017294615081484706,0.01064788920516991,1.7959760396845216e-07,3.3011801760000745e-06,2.1626766835477134e-06,0.0011961179948216357,0.0001412583981576892,5.2491779263283306e-05,0.37230284706562794,1.7186907972156632e-06,8.235074680484834e-06,7.146239669655478e-05,5.449463623244654e-05
52,4.147645186501399e-06,2.695743229334592e-06,0.00016254136505064964,2.8223340648115513e-07,0.0012030555042780212,2.0363783094011745e-07,0.5990170683640765,8.186603646078325e-06,0.0020864940551876864,4.623100506193457e-07,0.0003514816859997678,2.4519669968615186e-05,0.0014426016081060596,0.006641091481807262,1.791860278833434e-07,4.355983261330734e-06,1.7571189611388818e-06,0.0022254700026156015,0.00018514354638534831,7.56628815343848e-05,0.386423937795654,1.1208614449082083e-06,1.4216374327976763e-05,8.311645853887008e-05,4.020788342418367e-05
53,7.407402455286884e-06,1.5168363416236565e-05,0.0006748507492036812,5.773530952653662e-07,0.0024043974518076876,7.731681474726944e-08,0.013869084368727167,4.0475183791440046e-06,0.0008307872054274902,5.64053014800465e-06,0.0004050012070186767,2.9192722610348e-06,0.0017535640842807278,0.016477906651769982,9.83797161401988e-08,1.6528995107721387e-06,6.5296741675737855e-06,0.002070046072696081,0.0002169791945745701,7.517323505495512e-05,0.9609446547966013,1.8324736402348434e-06,1.352009729630377e-05,0.00019310687922954018,2.4976822707484633e-05
54,2.321995356671422e-06,4.152381952977809e-06,0.00018720049740967605,1.2615328136637208e-07,0.0014455495310998307,1.1351035459388786e-07,0.6697513900422586,5.5301792833619706e-06,0.002684352983316788,3.0777375526351547e-07,0.0002828089292344887,5.7992390167196426e-05,0.0008387573971327198,0.011098082363303223,2.167303599530361e-07,5.438409352313986e-06,1.9471472264987867e-06,0.0005812638837537497,8.747571307220234e-05,5.9383268144446104e-05,0.31262727631832954,9.648857557981595e-07,9.634830106022218e-06,0.00011616756520427431,0.00015154512078864493
55,2.2616375886757197e-06,1.0654436461421054e-06,8.390251217908475e-05,1.0067386491711575e-07,0.0012412301092958563,7.763517881337753e-08,0.7863327530611931,2.26249239098166e-06,0.0013868740832615556,5.249147287283155e-08,0.00022806443694579857,4.3062122714307325e-05,0.0006964827848357273,0.002962715978467183,5.5253671531759215e-08,1.743229894009193e-06,8.565454921681388e-07,0.000656655665180413,4.223573126938855e-05,2.6744654857186493e-05,0.2061563559549891,3.3488030331929736e-07,7.973063730121616e-06,9.015829790697303e-05,3.598125967088872e-05
56,3.0559987197386273e-06,2.049907508301614e-06,0.00013229237265096426,1.2494535263052309e-07,0.001261295748007505,9.51805161966685e-08,0.6098803889496168,4.189357564390038e-06,0.001309430378866507,1.417142841970571e-07,0.0003031655798036738,2.8124355731470143e-05,0.0009278616023656679,0.004858039002176837,8.60088910768266e-08,2.18287337274347e-06,1.5838608683050904e-06,0.0008674767347216053,7.698508947390845e-05,3.701799907566278e-05,0.3801779714161471,6.507920199455853e-07,9.338881935902512e-06,7.600253155760697e-05,4.044871877115506e-05
57,1.996043762931643e-06,2.2166102738694187e-06,9.438168234438404e-05,1.0461623631406589e-07,0.0008389298794467229,7.335280412946033e-08,0.5934239065525346,3.3764996608744453e-06,0.0009398740433303167,1.2478288264038754e-07,0.0002394207041721782,2.5942453161271474e-05,0.0009985686863099536,0.0037306920009943932,8.142678484638735e-08,2.618293156789452e-06,1.5375909080834378e-06,0.0006709093146555592,0.00010914551737854372,3.250835073969582e-05,0.398770420985045,6.715319673033172e-07,6.8673966880039086e-06,6.798687201209953e-05,3.764481274947684e-05
58,2.7866323343286474e-06,1.9757427612201367e-06,0.0001319866024580574,1.3255305976502026e-07,0.0014627336414006163,9.711974651865655e-08,0.6043775986589937,3.4813618906062192e-06,0.001413462350661866,1.3776712390060324e-07,0.0002872892160031118,2.8035415160891994e-05,0.0009204442291631066,0.004800497615926855,8.618419286201673e-08,2.202328274585106e-06,1.5474917811406822e-06,0.0008276610774467687,7.513481042435629e-05,4.038180575329443e-05,0.385470510147708,5.801406805392581e-07,1.0721461196778121e-05,9.701853540339546e-05,4.349711045382618e-05
59,2.76798374078489e-06,2.0204075703591203e-06,0.0001475835734180084,1.262816197679064e-07,0.001487585324548158,9.83218591433459e-08,0.5729030131739029,3.585644175618324e-06,0.0013838915485666604,1.511633463414531e-07,0.0002846606740799916,2.694068012930661e-05,0.0008675222745014549,0.005196595343951878,8.123571612335467e-08,2.254647337719465e-06,1.6772280292889358e-06,0.0008452759039535491,7.060939968103102e-05,4.15249699255804e-05,0.416577233442643,5.571516099602692e-07,1.1236265419612015e-05,9.765050029543303e-05,4.5356859978314774e-05
60,2.9574884764744517e-06,2.0295581875335995e-06,0.00013201377243297267,1.2332876860177692e-07,0.0013049995639241815,9.597217363313749e-08,0.6048940641892292,4.1843348842711605e-06,0.0013269697014891453,1.4424037880759443e-07,0.0003013420619369908,2.745350243165781e-05,0.0008780473195102151,0.004903245420018969,8.787696585721021e-08,2.2159936126050904e-06,1.5926278534710227e-06,0.0008590395881875625,7.754198150559378e-05,3.673075736066253e-05,0.38511745614380555,6.334802393011072e-07,9.503357438533274e-06,7.576716127656427e-05,4.176057791188791e-05
61,2.8547784537772313e-06,1.9545866106296934e-06,0.00015289818620731348,1.231103460577136e-07,0.0015259043818453104,9.732136801992752e-08,0.5612767233413187,3.5794476531231878e-06,0.0014039101578691684,1.4863883762800402e-07,0.0002906747956073356,2.6938581240359214e-05,0.0008402309789732414,0.0054041076027111995,7.583637805305861e-08,2.078932134475765e-06,1.6337158347930488e-06,0.0008686276249340843,6.677143884540429e-05,3.985259950948641e-05,0.4279366318655776,5.401796880303127e-07,1.1386297496367858e-05,9.72153112320348e-05,4.504028932769064e-05
62,2.9574884764744517e-06,2.0295581875335995e-06,0.00013201377243297267,1.2332876860177692e-07,0.0013049995639241815,9.597217363313749e-08,0.6048940641892292,4.1843348842711605e-06,0.0013269697014891453,1.4424037880759443e-07,0.0003013420619369908,2.745350243165781e-05,0.0008780473195102151,0.004903245420018969,8.787696585721021e-08,2.2159936126050904e-06,1.5926278534710227e-06,0.0008590395881875625,7.754198150559378e-05,3.673075736066253e-05,0.38511745614380555,6.334802393011072e-07,9.503357438533274e-06,7.576716127656427e-05,4.176057791188791e-05
63,2.9662622847141037e-06,2.420673875659707e-06,0.00013386188131914666,1.293219650611771e-07,0.001283995706830246,9.492318326939284e-08,0.5961721946880593,4.386531976738155e-06,0.0013470405344929964,1.595682698712739e-07,0.00030095185082313096,2.899463312971791e-05,0.0009149774097713883,0.005197930226025681,9.379026268364343e-08,2.3960005721190386e-06,1.734702961232279e-06,0.0008343124409158653,8.46105246987202e-05,3.690656769052147e-05,0.3935165093451715,7.009569363616785e-07,9.3743220133543e-06,7.849825000424053e-05,4.4758886766449164e-05
64,2.542830608077455e-06,1.7246023236966702e-06,0.0001287658588718923,9.721665782701487e-08,0.001134237483795367,7.534298246065466e-08,0.5375775986995156,3.4024631924800194e-06,0.001003453430753736,1.1821857751215622e-07,0.0002663124704202324,2.2555641392895067e-05,0.0007856673375288099,0.00457408615706173,6.2173031051502e-08,1.8237280060763886e-06,1.5776153679143211e-06,0.0008106174639813097,6.694684917078209e-05,3.203511339788592e-05,0.4534716843468003,4.939825247607803e-07,9.192405968857026e-06,6.985805605562785e-05,3.507051201312044e-05
65,2.953880968401287e-06,5.342554568799123e-07,4.454223498486999e-05,1.407738315570897e-07,0.0008507363065483063,2.1288630321606824e-07,0.7393464166355848,2.5932020005761595e-06,0.00046894597024723804,4.714969102476596e-08,0.0003216231653743635,1.4135726950388851e-05,0.00046825311401360185,0.0006307272402614016,1.0980147173702679e-07,1.7881942122491855e-06,1.5224602660530807e-06,0.0009113949612580014,0.00013469819872857121,1.4723574810891964e-05,0.25672052777267473,3.111859010631895e-07,1.3576693589320035e-05,3.579714497485112e-05,1.3687469895716917e-05
66,2.3518516606165467e-06,3.138011378811659e-06,0.00010258496628075656,2.0748966672635433e-07,0.0016427581348887647,2.4866107938392197e-07,0.5568134355975215,3.7456704729089125e-06,0.002423177581755949,2.5856389141720744e-07,0.000299484205066957,3.0403234292263535e-05,0.00039287744538194755,0.006306795078286685,2.512356383339769e-07,3.2628240684658406e-06,2.8875874466086915e-06,0.0007375628603635415,0.000160057069971639,2.6903474430107447e-05,0.43078446889285776,7.29101553254125e-07,3.095500314834259e-05,0.0001295018115508748,0.00010195364734637361
67,2.8850866089591765e-06,2.8170535261323305e-06,8.681084062367821e-05,1.2587080566096674e-07,0.001328214664174637,1.3764840432526383e-07,0.7587799627165581,5.170168413809213e-06,0.0023891580154287353,1.4623952060626198e-07,0.00036888268004004805,4.444336848652516e-05,0.0007882202782104774,0.004897175575848235,1.668484841485546e-07,2.2304129233009705e-06,1.1996053834067586e-06,0.0005203798211299416,9.603849588229961e-05,2.553767174052556e-05,0.23053372465095662,1.2091722858153075e-06,5.6990234632860575e-06,6.23191711612323e-05,5.73449199394976e-05
68,4.178034424385376e-06,2.612979742289416e-06,0.00010013943660338872,1.2717822912794164e-07,0.0007773258959604578,1.1193206734512756e-07,0.5725860511855023,6.853034857902346e-06,0.0007799885246055566,1.4037923459968373e-07,0.0003990299938922916,2.5848265469797733e-05,0.0009724592058712378,0.0030120195344004778,1.1082617625890022e-07,2.8572833924912504e-06,2.4422466121934007e-06,0.0009445053262460938,0.00013748715752071736,2.545948911714933e-05,0.420137906864197,1.090152611501932e-06,7.30135721719474e-06,4.432538693877866e-05,2.9628329109415144e-05
69,4.501294838171794e-06,3.0456383157750003e-06,0.00010675068857578747,1.7632989235249776e-07,0.0018008544268115043,1.5351630874485212e-07,0.7038393627783466,4.362794374952833e-06,0.0018010140960255407,1.39491198728982e-07,0.0004583595425972069,3.9083595613301543e-05,0.0009047178068541553,0.003884101613643091,2.0082465384071626e-07,2.3913561525718813e-06,2.2421621149974917e-06,0.0005790817362842328,0.00011024278342303478,2.6412736925852992e-05,0.286281047639735,1.164760231249098e-06,9.541711903433692e-06,8.44164077349924e-05,5.6634267444863734e-05
70,2.9760795557922725e-06,2.4423040234786907e-06,0.00012642836223937003,9.663095700013465e-08,0.0007924503908990746,8.706328062449546e-08,0.5108512579137231,4.9083337330808895e-06,0.0008851062130332649,1.7253456944630216e-07,0.00029312634636958227,2.7652454807428825e-05,0.0008861904901309543,0.0045359677076309115,8.131857028872754e-08,3.3317438442934237e-06,2.2753425713698485e-06,0.0009801907443809995,0.00010827971949742182,3.3002052371589616e-05,0.4803434703943769,7.817310142195547e-07,8.47523894500169e-06,6.74602813587289e-05,4.378860811606559e-05
71,1.942362607519034e-05,3.5074466978198508e-06,0.0001861821576638532,3.0261601973368734e-07,0.0008575520656140798,3.3391935011456453e-07,0.693156314099872,9.455071078987284e-06,0.000962706143810142,1.9021165883402351e-07,0.0009249834852980285,6.213029152736916e-05,0.0016645898631181125,0.002165223799655041,4.2480872511607537e-07,4.824834532301941e-06,5.475456050294477e-06,0.0009552749920320646,0.00023412000925165257,2.0841522707292823e-05,0.2986179252345358,2.502669264840172e-06,1.2712087759406604e-05,7.192363723771263e-05,6.107995046412966e-05
