,0,1,2,3,4,5,6,7,8,9,10,11,12,13,14,15,16,17,18,19,20,21,22,23,24
0,4.2085330582005754e-05,4.431413052434977e-05,9.85142355948047e-05,0.0001857499804236342,3.3339224938707574e-07,1.7861814190898096e-06,0.9595822721822473,0.0010232666574420388,0.004433462328855893,0.02533599518436782,5.471140969390405e-07,2.376219407046087e-08,4.400622608092099e-06,3.2654369607205086e-06,9.810706010943229e-06,0.006870076185873836,2.290472535071618e-09,4.5987562519099073e-08,0.0020455711734334325,4.692672766673195e-05,8.117512729033955e-07,2.3489368855932653e-07,1.2208980581321015e-06,8.309020267573678e-05,0.00018619264371798702
1,3.92305050882517e-05,5.1692211062413836e-05,8.619261504741155e-05,0.00021998613986531118,3.3690551352073817e-07,1.8045829063438694e-06,0.9435389027785687,0.001152465844913146,0.0051921869501556335,0.037377204394932195,4.260590426684941e-07,2.065470861441619e-08,3.232024613622398e-06,3.8323389164370096e-06,1.2493860616203736e-05,0.008873335476074834,2.3719782100502607e-09,4.128177382359077e-08,0.003044518481019522,4.14000653102339e-05,1.2873801332250638e-06,2.8964014812117976e-07,1.3364380215469669e-06,7.065793586880035e-05,0.00028712306372109315
2,4.395366084837718e-05,5.9632137019172485e-05,5.894048974257149e-05,0.00020513609703701023,2.913239598188247e-07,1.951859515842358e-06,0.9528532327841645,0.0009757165344927676,0.0030583739562189713,0.030542233566651426,4.48993186500049e-07,2.1737560354139507e-08,3.1680869002090407e-06,4.320156054794394e-06,1.5325689534674594e-05,0.009328256757472852,2.92109915788184e-09,5.061593319627744e-08,0.002437749803276312,4.266213104835915e-05,1.26687663212167e-06,3.8905600584928603e-07,2.487246060335947e-06,7.27352923071839e-05,0.0002916522272775658
3,4.178289054444429e-05,6.0110800785847435e-05,7.651224811128412e-05,0.00023697836299464597,3.2868926973036047e-07,1.72782224345999e-06,0.9522350438877982,0.0010582996600575713,0.0037272780481045153,0.03277785853681594,4.772742595022791e-07,2.209432436126469e-08,3.7726487607378004e-06,4.113380951097769e-06,1.1108056524536087e-05,0.007007476050311794,2.623168944450041e-09,5.336867566189323e-08,0.0023547380615199557,4.1486980231222515e-05,1.179761416151821e-06,2.995537577045509e-07,1.7080718535623889e-06,8.080136336996109e-05,0.0002768397641491216
4,4.230618496340888e-05,6.602444336112424e-05,8.428962218915799e-05,0.0002481188013173916,3.7481838778747466e-07,1.8391774814412477e-06,0.9516820268798405,0.0010242347725955454,0.0037949660944349324,0.03366973977084098,5.045752065029274e-07,2.4419033464809924e-08,4.511517805300991e-06,4.677839107031066e-06,1.1195746632908659e-05,0.006699083562832915,2.7844164904008307e-09,5.839657024150809e-08,0.0022614554801060668,4.222019394355278e-05,1.1939359181180863e-06,3.1402178291436207e-07,1.7427645406924094e-06,8.677096454538857e-05,0.0002723232321460913
5,4.006762808064021e-05,6.485870362993541e-05,7.399256802769666e-05,0.00028296888546732997,3.477809602013893e-07,1.7023367186527517e-06,0.9504426898418777,0.001135591356128724,0.0033510462371675433,0.035487739236418195,4.910774938739805e-07,2.2050713174189547e-08,4.236369513786683e-06,4.229383762597472e-06,9.726173851787341e-06,0.006498364266440195,2.767974069191546e-09,6.365925677526979e-08,0.002188773727285748,4.476646429622122e-05,1.228244233288055e-06,2.9290724931703106e-07,1.8980308675494295e-06,8.935624850440898e-05,0.0002755440540807362
6,4.178289054444429e-05,6.0110800785847435e-05,7.651224811128412e-05,0.00023697836299464597,3.2868926973036047e-07,1.72782224345999e-06,0.9522350438877982,0.0010582996600575713,0.0037272780481045153,0.03277785853681594,4.772742595022791e-07,2.209432436126469e-08,3.7726487607378004e-06,4.113380951097769e-06,1.1108056524536087e-05,0.007007476050311794,2.623168944450041e-09,5.336867566189323e-08,0.0023547380615199557,4.1486980231222515e-05,1.179761416151821e-06,2.995537577045509e-07,1.7080718535623889e-06,8.080136336996109e-05,0.0002768397641491216
7,4.3646675964944895e-05,5.886474863637848e-05,7.239029037672846e-05,0.0002651533990640117,4.0684699021078156e-07,2.2649154175269087e-06,0.9380517080286622,0.0012343592527911667,0.003878568336747392,0.042027401876290574,4.528493630091066e-07,2.4348599655121615e-08,3.0791632359978563e-06,4.999638561234837e-06,1.4110333716098248e-05,0.010697652192956333,2.8362804378451734e-09,5.318587814935048e-08,0.0031834332632355964,4.1845067374757896e-05,1.6587253894266782e-06,3.729712823354098e-07,2.3001523934931447e-06,7.318672546324379e-05,0.00034206417532914107
8,4.343304813202471e-05,6.428593811659017e-05,8.261932473563799e-05,0.00029470554120039036,3.1312720856032837e-07,1.1312643656833117e-06,0.9433625708506694,0.0012458714504767444,0.003149272081118598,0.041509955677479615,2.8301141150492325e-07,2.0130609471684416e-08,4.090668925359631e-06,4.015354143180394e-06,1.0164775397317687e-05,0.007653340086712393,3.266803921046526e-09,4.578985632278649e-08,0.0020256073313360172,3.9851481618786514e-05,1.204453581540736e-06,2.644536182415316e-07,1.931925693612299e-06,0.00011295195704984277,0.00039206700973908395
9,4.140823921999499e-05,6.601665076261988e-05,0.00010921879365298574,0.00029351979625257316,2.9012389716274643e-07,9.573786261991043e-07,0.949865033706919,0.0011945898889866684,0.004060497633063596,0.03677182851752837,3.118718329717234e-07,1.9308396306101253e-08,5.408874846942146e-06,3.340328897434192e-06,8.200910025166413e-06,0.005405716584750856,2.927076242404514e-09,4.58806112365639e-08,0.0016415296764821657,4.5136201259016725e-05,9.219260742465138e-07,1.9804537969233437e-07,1.2319753588947419e-06,0.00013048890180514047,0.00035408585829479995
10,4.178289054444429e-05,6.0110800785847435e-05,7.651224811128412e-05,0.00023697836299464597,3.2868926973036047e-07,1.72782224345999e-06,0.9522350438877982,0.0010582996600575713,0.0037272780481045153,0.03277785853681594,4.772742595022791e-07,2.209432436126469e-08,3.7726487607378004e-06,4.113380951097769e-06,1.1108056524536087e-05,0.007007476050311794,2.623168944450041e-09,5.336867566189323e-08,0.0023547380615199557,4.1486980231222515e-05,1.179761416151821e-06,2.995537577045509e-07,1.7080718535623889e-06,8.080136336996109e-05,0.0002768397641491216
11,4.1815506915517393e-05,6.136335109799858e-05,7.772478066945978e-05,0.00024197450916783417,3.2942035110506776e-07,1.7083506105837976e-06,0.9531390763573893,0.001050850505326852,0.0036585192397047333,0.03237256377734098,4.862651972708166e-07,2.25702102014636e-08,4.064462343818664e-06,4.163950128819334e-06,1.0775251314203691e-05,0.006700500459782751,2.709095247448927e-09,5.6224556348066286e-08,0.002232535208581359,4.271596465957463e-05,1.1544431982525072e-06,3.0079971651074146e-07,1.7303772423546273e-06,8.405781985948722e-05,0.00027150769553948976
12,5.982304128790401e-05,0.00016850578055072903,6.605906145266689e-05,0.0006185170297488583,1.3719865821372932e-06,6.422486592136991e-06,0.9009984073021956,0.000953807597444891,0.0010217838644225553,0.07719157401434475,6.60453115304144e-07,6.755684901162483e-08,1.0426596652158825e-05,2.5310166518522258e-05,1.1676809401073093e-05,0.01621946967209236,7.034933725918774e-09,3.047767748513247e-07,0.002082870190619722,6.679914192383753e-05,2.7342342524789825e-06,1.3233571261960782e-06,1.471907984664075e-05,0.00012371006817770493,0.00035364869709418655
13,5.322801794486982e-05,6.173836765135983e-05,0.00010878271706576712,0.00020496457099280927,4.1183118263824007e-07,1.6830788411863437e-06,0.9633919092844196,0.0011306506653167973,0.004664608268318514,0.021031671557639006,7.992979691885172e-07,4.0243955546650006e-08,4.347047187941871e-06,5.5007299255556635e-06,1.6226500473435203e-05,0.005883028996632261,3.63879646044535e-09,4.914562064062732e-08,0.003053720333524609,3.9469163416148985e-05,1.3330095294784063e-06,3.895978371073926e-07,1.585122362541337e-06,7.547386740090918e-05,0.0002683849459957281
14,3.330055195847135e-05,9.657474188226523e-05,8.33248653498811e-05,0.0003024155432698193,4.6702739158045954e-07,2.141098954660314e-06,0.9306731005986264,0.0011355265245986937,0.004480756239902838,0.05368052730224524,5.283544524393142e-07,1.9470248996946124e-08,5.435902477172172e-06,4.580226536776222e-06,1.0868812670923372e-05,0.006645931468809167,2.752093460654017e-09,6.977164720248561e-08,0.002426003633014176,4.742662623911161e-05,1.3356395470622188e-06,3.5639556201949275e-07,1.6518304415339747e-06,0.00010118865063031659,0.000266465971449632
15,4.178289054444429e-05,6.0110800785847435e-05,7.651224811128412e-05,0.00023697836299464597,3.2868926973036047e-07,1.72782224345999e-06,0.9522350438877982,0.0010582996600575713,0.0037272780481045153,0.03277785853681594,4.772742595022791e-07,2.209432436126469e-08,3.7726487607378004e-06,4.113380951097769e-06,1.1108056524536087e-05,0.007007476050311794,2.623168944450041e-09,5.336867566189323e-08,0.0023547380615199557,4.1486980231222515e-05,1.179761416151821e-06,2.995537577045509e-07,1.7080718535623889e-06,8.080136336996109e-05,0.0002768397641491216
16,4.1443544722394533e-05,6.136065197615794e-05,7.197676398189493e-05,0.00024193532934641806,3.244651615037152e-07,1.7650212540789994e-06,0.9485098509797634,0.0010707273183972821,0.003515434854374704,0.036147208999358256,4.5648980544224375e-07,2.2190992470874818e-08,3.6193105947522816e-06,4.2097544319660295e-06,1.0885654818483613e-05,0.00749874058724306,2.6670006972503803e-09,5.635864412341108e-08,0.002411590497265648,4.14651235141489e-05,1.2971506225115017e-06,3.1828606474344695e-07,1.771923815793655e-06,7.927477520354052e-05,0.0002842613016466887
17,4.45160785161079e-05,6.426742779727545e-05,7.385891208960364e-05,0.0003013999114696848,3.436923976765162e-07,1.6454479262650357e-06,0.9554202190074766,0.0010159841406389746,0.002778520313499587,0.03160412716709183,4.6471149935056975e-07,2.5876091351005383e-08,4.66063227110449e-06,5.306513884646231e-06,8.917977500814426e-06,0.0062982354491486975,2.850401068886661e-09,6.969489136142374e-08,0.0019491519753415231,4.3570261318468774e-05,1.2004541782965392e-06,3.0031260999851966e-07,2.2437156631063407e-06,8.615375160860601e-05,0.0002948137246878665
18,4.415875475731398e-05,6.0597737207169296e-05,7.378237435256992e-05,0.00023135228947360065,2.893351413151162e-07,1.52762586137496e-06,0.9545357007347122,0.0010230977991522881,0.0033692648446383474,0.0316101223625605,4.381413223710881e-07,2.2380552948255638e-08,3.806744622243358e-06,4.002987176004282e-06,1.0038372262768725e-05,0.006459585600701802,2.704728810994432e-09,5.658299528653144e-08,0.002157177875748928,4.053673543136558e-05,1.1227351615448235e-06,2.989728070943559e-07,1.6734860725162702e-06,8.326235007197097e-05,0.00028808047248779506
19,4.611628259575575e-05,4.351759679222587e-05,3.6257791828452974e-05,0.000154984711183295,1.4218758524456523e-07,1.3135843258403158e-06,0.9660414459169824,0.0007619379113513027,0.0020850483414494,0.020834066725910587,3.6864745652305337e-07,1.3445176987820747e-08,1.7927182503538543e-06,2.6129039401123694e-06,1.0575975939152566e-05,0.007609041090373275,1.9697550771608957e-09,4.4041943450571053e-08,0.0020124207535457024,3.169632275347086e-05,9.911155600816974e-07,2.3704951960063154e-07,2.076310809305269e-06,5.829419802527185e-05,0.00026500240694706174
20,4.1622646368355e-05,8.005931011955247e-05,8.270285119973011e-05,0.0002829394975041213,4.614361785676022e-07,1.9048114413512362e-06,0.9374751586775415,0.0015670340859201513,0.004656951619007482,0.044703299365213334,5.24185847470778e-07,2.663723776664122e-08,4.389263305457082e-06,4.801835423254817e-06,1.5694789218334066e-05,0.007485620845912651,3.924002779091719e-09,6.162873620810167e-08,0.003127735350584531,4.6038511759703816e-05,1.641615326759769e-06,4.95730639155351e-07,2.0713728603926404e-06,9.945100371678688e-05,0.00031930900493483156
21,4.252942545710313e-05,4.586699427801335e-05,7.320568165065297e-05,0.00021409785968545656,2.667152634723957e-07,1.5829052113403222e-06,0.9578026383809416,0.0007889355979150704,0.0024084490880166244,0.028477304581039118,3.72639845574606e-07,2.426371584801422e-08,4.0502702236883905e-06,4.248613358450103e-06,7.496297018228343e-06,0.008122087468345151,2.125683274301272e-09,5.3032305343666005e-08,0.0016580938148350916,4.39139070958383e-05,9.405040411078066e-07,2.2929213964033172e-07,1.713526029717106e-06,7.277784020246343e-05,0.0002291191757018552
22,4.5482999522610474e-05,5.126341671186943e-05,7.324441478198508e-05,0.0002171972263898911,2.8447445467817165e-07,1.7657764983920356e-06,0.9557534516700542,0.0010771541604585818,0.003066731284823928,0.029498581918838657,5.224630180131078e-07,2.37205486665886e-08,3.1888594304011363e-06,3.7525141721232905e-06,1.006981186733115e-05,0.0076589449220646946,2.9172161445355456e-09,6.421920297719837e-08,0.0021679611250152698,4.565957914123876e-05,1.3266496418215151e-06,3.219384047362115e-07,1.8134212894365448e-06,7.970197201252405e-05,0.00024148854443969048
23,4.178289054444429e-05,6.0110800785847435e-05,7.651224811128412e-05,0.00023697836299464597,3.2868926973036047e-07,1.72782224345999e-06,0.9522350438877982,0.0010582996600575713,0.0037272780481045153,0.03277785853681594,4.772742595022791e-07,2.209432436126469e-08,3.7726487607378004e-06,4.113380951097769e-06,1.1108056524536087e-05,0.007007476050311794,2.623168944450041e-09,5.336867566189323e-08,0.0023547380615199557,4.1486980231222515e-05,1.179761416151821e-06,2.995537577045509e-07,1.7080718535623889e-06,8.080136336996109e-05,0.0002768397641491216
24,3.951038828396589e-05,8.181372858258201e-05,8.296189728943002e-05,0.0003392957108571712,4.563156490274002e-07,2.032830704080063e-06,0.9397102511817208,0.0011533243913971686,0.003716474727634828,0.044685965163448985,5.053700808613043e-07,2.6553284228556982e-08,5.2313577016143955e-06,5.926960802046965e-06,1.053739047460279e-05,0.007115000291992504,2.9644270489603748e-09,7.041339135829844e-08,0.0026000240107533997,4.819966438495435e-05,1.4415227374580243e-06,3.674779935953233e-07,2.041030030914538e-06,8.481988503279647e-05,0.000313718771344596
25,3.6442223099568104e-05,4.37324407456176e-05,6.548405788490315e-05,0.00023052762125783474,2.1728040622394213e-07,9.588420517651734e-07,0.9674653476320144,0.001216249789159802,0.0025635712702543937,0.02161753560004046,5.105765570791129e-07,2.073858228591362e-08,3.7015610666797705e-06,2.6792675651956624e-06,7.328760527270155e-06,0.004647112869265063,2.7760596554979985e-09,5.1745321757767504e-08,0.0017763500559398676,4.535445835002684e-05,9.376731516356352e-07,2.1772394059470672e-07,1.4552794795179211e-06,8.560259244916443e-05,0.00018860716482899684
26,5.1127481679092114e-05,5.4625544612374125e-05,9.806981396545893e-05,0.00021908752370388896,2.5057840901203407e-07,1.0972415116105678e-06,0.9640244711540698,0.001114307384634329,0.0036225191892895994,0.024617794180056135,4.524637835255159e-07,2.026595677951181e-08,4.703052769350358e-06,2.695625197695127e-06,7.128627659948889e-06,0.004294919666678955,3.0828106890340185e-09,6.422948885768495e-08,0.0014673278698343504,4.309659588200089e-05,7.823003912469315e-07,2.1863322934326186e-07,1.22936198143645e-06,0.0001298639256215488,0.00024414420678311517
27,4.376436746810433e-05,5.873207335514282e-05,7.367673323321399e-05,0.00020935938293115057,2.9126451134717724e-07,1.9501751730077804e-06,0.9464512845243561,0.0012051431606700412,0.004887701413518745,0.03596087876570369,4.540132470503909e-07,1.9716107080831564e-08,3.0099233162470326e-06,3.468017614748744e-06,1.4199446595591948e-05,0.008033331464235998,2.6962593812811647e-09,5.18509407748901e-08,0.0026040279849963246,4.53430234904823e-05,1.2567798119114127e-06,3.8109699747790907e-07,1.63298650119524e-06,7.939276206194618e-05,0.0003206463769035376
28,4.178289054444429e-05,6.0110800785847435e-05,7.651224811128412e-05,0.00023697836299464597,3.2868926973036047e-07,1.72782224345999e-06,0.9522350438877982,0.0010582996600575713,0.0037272780481045153,0.03277785853681594,4.772742595022791e-07,2.209432436126469e-08,3.7726487607378004e-06,4.113380951097769e-06,1.1108056524536087e-05,0.007007476050311794,2.623168944450041e-09,5.336867566189323e-08,0.0023547380615199557,4.1486980231222515e-05,1.179761416151821e-06,2.995537577045509e-07,1.7080718535623889e-06,8.080136336996109e-05,0.0002768397641491216
29,4.178289054444429e-05,6.0110800785847435e-05,7.651224811128412e-05,0.00023697836299464597,3.2868926973036047e-07,1.72782224345999e-06,0.9522350438877982,0.0010582996600575713,0.0037272780481045153,0.03277785853681594,4.772742595022791e-07,2.209432436126469e-08,3.7726487607378004e-06,4.113380951097769e-06,1.1108056524536087e-05,0.007007476050311794,2.623168944450041e-09,5.336867566189323e-08,0.0023547380615199557,4.1486980231222515e-05,1.179761416151821e-06,2.995537577045509e-07,1.7080718535623889e-06,8.080136336996109e-05,0.0002768397641491216
30,4.178289054444429e-05,6.0110800785847435e-05,7.651224811128412e-05,0.00023697836299464597,3.2868926973036047e-07,1.72782224345999e-06,0.9522350438877982,0.0010582996600575713,0.0037272780481045153,0.03277785853681594,4.772742595022791e-07,2.209432436126469e-08,3.7726487607378004e-06,4.113380951097769e-06,1.1108056524536087e-05,0.007007476050311794,2.623168944450041e-09,5.336867566189323e-08,0.0023547380615199557,4.1486980231222515e-05,1.179761416151821e-06,2.995537577045509e-07,1.7080718535623889e-06,8.080136336996109e-05,0.0002768397641491216
31,4.8327956456056066e-05,7.488486511098519e-05,0.00011371516071638275,0.0003393944217851025,4.517099739238891e-07,1.3548823703045443e-06,0.9449118396156228,0.0015742090914774235,0.004096821181305448,0.0399318925244378,4.6291124195821275e-07,3.0402410542323024e-08,6.216200716288321e-06,4.581338981467006e-06,9.135954932929797e-06,0.006003738358485184,3.925298861373773e-09,6.717685019138951e-08,0.002386032520869729,5.07810710018813e-05,1.2236476723819947e-06,3.1831648036050696e-07,1.6387171661367036e-06,0.00012675970032978415,0.00031611834830608623
32,4.2733607455520075e-05,6.115303672784798e-05,7.819499587150285e-05,0.00023740127869702126,3.408007772987204e-07,1.7717343154569988e-06,0.950339831189544,0.0011152605513887334,0.004049410567888227,0.03371023375386209,4.881774319621175e-07,2.274194866212329e-08,3.6745472291405086e-06,4.1878707542484675e-06,1.2104521388006037e-05,0.007302383902192208,2.7462651291511467e-09,5.2451447414492705e-08,0.002626388833238223,4.145368021792019e-05,1.2692381087127924e-06,3.18499167037043e-07,1.6925032809326057e-06,7.95622529152571e-05,0.00029006651788741027
33,4.9225753427505366e-05,0.00011451302675310107,7.58043552575759e-05,0.0003546289911236291,6.193387077797121e-07,2.5513638799084528e-06,0.9404341845273618,0.0012111597159740176,0.0025674467499246186,0.04459776936765726,6.653259086495058e-07,3.804033682738033e-08,7.562707027337787e-06,8.208650578158276e-06,1.1811942858777944e-05,0.007564828209678887,4.77449634491391e-09,1.1296136863871067e-07,0.0025887259823569628,5.68820570656783e-05,1.5443934378752123e-06,6.916598961053471e-07,3.314327028000297e-06,0.0001018250950398758,0.0002458806828549407
34,4.6907217563273444e-05,5.7181246479856247e-05,8.329930754911479e-05,0.0001992802609096882,2.9588118541650837e-07,1.6201828981855248e-06,0.9536303744056924,0.0010497973165329735,0.005157179240296341,0.030106823252488618,4.518121090539351e-07,2.0293335222722734e-08,3.321834071832232e-06,3.6401616333632437e-06,1.2619947771794635e-05,0.006516621793262485,2.4283038753378276e-09,4.496767028533727e-08,0.0027080307569670664,3.591953481221071e-05,1.1190294977132119e-06,2.8417856172977576e-07,1.2518105942354209e-06,7.717561302141121e-05,0.0003067375267917896
35,4.290119508184003e-05,5.990033078589425e-05,7.651475872183675e-05,0.00023919046171012295,3.164161591024947e-07,1.6526328493980247e-06,0.9515604659169431,0.001108632134376293,0.0038631407142010205,0.033462620171218746,4.6356408746365695e-07,2.1888713565304005e-08,3.756209307056392e-06,3.919783410780756e-06,1.0734550743340712e-05,0.006769411805716093,2.678188860732879e-09,5.471134745933075e-08,0.0023821763121809683,4.167777317124667e-05,1.1753362990166606e-06,3.00233149630242e-07,1.6228924905080724e-06,8.288555373372389e-05,0.0002864619754129353
36,3.036488760919117e-05,5.021794508296359e-05,4.191361511829821e-05,0.0001652375308950945,1.7357552636052744e-07,2.0549427366930415e-06,0.9669820266944508,0.0005958594206070916,0.002139243653698924,0.023071096717265278,5.55596013060217e-07,1.185163708190342e-08,2.514570071089854e-06,2.7368698875370796e-06,7.2491536887301345e-06,0.0054415160936631644,1.318979914156136e-09,6.829252369147088e-08,0.001214247813948301,4.269695877824628e-05,8.196828270606064e-07,2.359687678949036e-07,1.7164254110958767e-06,5.832935364547001e-05,0.0001491110671670601
37,6.386822159845271e-05,4.840091532354335e-05,7.684244066065747e-05,0.00016102502111208758,2.0195061773073193e-07,1.045203852716323e-06,0.9745435689794365,0.0006724607419880532,0.0020998900026873413,0.015653270936675217,4.3484898202344896e-07,2.4902061862768854e-08,3.5557194944131483e-06,3.84243276861868e-06,6.949240028155737e-06,0.004789215131811883,2.4152200266954223e-09,5.6053637029521123e-08,0.0015452388360777968,3.1868275515129205e-05,7.442909552520132e-07,2.2716810857387923e-07,1.303257685743818e-06,7.781291559593028e-05,0.0002181500981053643
38,4.734958529707561e-05,0.00019147794570797716,0.00024974583298734317,0.0010716013160939725,1.4234490075077859e-06,1.5038194287574252e-06,0.8654887663503315,0.0043018966956008455,0.012102549438318937,0.10567649115060193,6.233606905646485e-07,5.4331839183286883e-08,1.6713198106795665e-05,8.464869713740066e-06,1.3220189986216963e-05,0.004722184153225139,9.64376860697664e-09,1.0159010192875468e-07,0.004986669923162911,7.976451695248366e-05,2.2638131832871644e-06,5.813460309222431e-07,1.7024435016660766e-06,0.00023806953704585368,0.0007967714993149105
39,4.389551682483564e-05,4.20669054395842e-05,9.153602432902965e-05,0.00029805690551611857,4.354337672667291e-07,2.079588316840499e-06,0.932429606420759,0.0017855037834702122,0.004218020413848065,0.04375066080504807,4.7575614923577895e-07,2.952167437856334e-08,2.8391151155289767e-06,4.0151095619153065e-06,1.2696575983663314e-05,0.013377411435614557,3.3114142089037973e-09,5.1582350918740133e-08,0.003457521329782256,5.291355424231398e-05,2.065294082655015e-06,3.0568030687131947e-07,2.1279903715255527e-06,8.464026664100045e-05,0.00034104167938999315
40,6.439373308339571e-05,6.73090639832682e-05,9.11849144971937e-05,0.00016088975487513126,3.429174591191297e-07,2.100808244306295e-06,0.963284705872942,0.0007700752688457908,0.004049086305872864,0.021614074921157855,6.382314497754124e-07,3.1821008362456516e-08,3.054388945408978e-06,6.09710853635597e-06,1.639475805799939e-05,0.006609631172108818,2.867843133557839e-09,5.623195452163197e-08,0.0028541550111259523,3.071920161025954e-05,1.3761270638908553e-06,4.5893083599762885e-07,1.6014855727015476e-06,6.394010549309501e-05,0.0003076789974327865
41,4.306695833114034e-05,7.807479733011571e-05,0.00016161896751178795,0.00029334420691571694,7.802434757480058e-07,2.930505329457256e-06,0.9146652804272859,0.0014337393693551316,0.01076353470392379,0.05676765429949829,4.968854349206358e-07,2.4776768613238288e-08,4.348200080418734e-06,5.99169739972584e-06,2.3089024123213723e-05,0.011121562733944303,2.8675530501373743e-09,3.859147693317656e-08,0.004030824486047545,4.170759625171438e-05,1.7535887309836643e-06,3.5752430606504704e-07,1.4623899332339935e-06,0.00010052881452032597,0.0004577863444718661
42,4.3222272269504306e-05,5.475987146747894e-05,6.788276660633234e-05,0.00019947931770859312,3.0379796524118796e-07,1.7157485241327781e-06,0.9370555160722348,0.001687992167290722,0.004514204643222028,0.039624333245070156,4.5136142626189626e-07,2.293716013917164e-08,2.326632824803549e-06,3.28853858765948e-06,1.8645233192537388e-05,0.012137569399918238,3.687564196030579e-09,4.053703810524586e-08,0.004166928493831359,4.8765543870505996e-05,1.8235394509420162e-06,5.122332566752137e-07,1.8723697776663015e-06,7.079278842135705e-05,0.00029754680132070493
43,3.8665008704536397e-05,7.224227377665238e-05,7.640629707910577e-05,0.00032652889674066835,6.179595126523613e-07,3.1059919983124603e-06,0.8954967320657369,0.0019120811851605507,0.005325626045429433,0.07758449841084246,4.896231430820388e-07,2.5070105355103455e-08,3.278505316976826e-06,4.949375795065443e-06,1.752846756660232e-05,0.014311982154890096,3.761140217143966e-09,6.554940540949927e-08,0.004310735988910728,4.943580583822915e-05,2.569369213469927e-06,5.529341746596156e-07,2.53068187991731e-06,9.241277077991671e-05,0.00036693580685911954
44,4.178289054444429e-05,6.0110800785847435e-05,7.651224811128412e-05,0.00023697836299464597,3.2868926973036047e-07,1.72782224345999e-06,0.9522350438877982,0.0010582996600575713,0.0037272780481045153,0.03277785853681594,4.772742595022791e-07,2.209432436126469e-08,3.7726487607378004e-06,4.113380951097769e-06,1.1108056524536087e-05,0.007007476050311794,2.623168944450041e-09,5.336867566189323e-08,0.0023547380615199557,4.1486980231222515e-05,1.179761416151821e-06,2.995537577045509e-07,1.7080718535623889e-06,8.080136336996109e-05,0.0002768397641491216
45,4.026128368092969e-05,5.478321429796168e-05,7.937735118712122e-05,0.00021561345104179142,3.3137395133616977e-07,1.6090180178289778e-06,0.9547339946219944,0.0011039980230099927,0.003960146806315209,0.030257214338200545,4.7602673670722357e-07,2.1637632750360812e-08,3.8071109342811993e-06,3.7066609408384866e-06,1.1617503756883786e-05,0.006807944130349958,2.613062020576396e-09,4.5719185075446545e-08,0.002355843539750165,4.021105647602618e-05,1.068537734667092e-06,2.8479348116954526e-07,1.55243691393152e-06,8.280504507622282e-05,0.00024328370627216072
46,7.419643760102919e-05,8.028742213951137e-05,0.00010319544053535242,0.000348344048268888,4.201758416557343e-07,1.1399950112894992e-06,0.9493356322799095,0.002326638197595486,0.003288498283151558,0.03409212553409481,5.882553110196704e-07,4.092116669053387e-08,6.158471159998045e-06,3.873957130789721e-06,1.2676729069565331e-05,0.006880418404643447,1.012149394570388e-08,8.733128958043911e-08,0.0028140941821869336,6.221747830176338e-05,1.5937606646919653e-06,5.162651104801432e-07,2.652549578985417e-06,0.00018442305339989658,0.00038017070534299624
47,4.8227843838742924e-05,5.4910037022316766e-05,7.021837545386822e-05,0.00019498235709071655,2.524419420161046e-07,1.5941550099420072e-06,0.9573633215358405,0.000964870345599813,0.003171115809367195,0.028323687470922225,4.466436223653494e-07,2.306885737040737e-08,3.3239798607271397e-06,3.6633175387994877e-06,1.0291317729141237e-05,0.007248349767136094,2.5997245364558844e-09,5.4710303028887475e-08,0.002153803779595359,4.25560395251559e-05,1.084937100221803e-06,3.150372965228865e-07,1.6078004790503367e-06,7.525798417080816e-05,0.0002660386449736205
48,4.291444127384925e-05,7.212877009392264e-05,6.500273357277511e-05,0.0002565787605777755,3.428181634670349e-07,1.4403659519431998e-06,0.9467377941757679,0.001316414945945703,0.0034462081950564446,0.037636297420928895,4.50877552354863e-07,2.2492798176772477e-08,4.1295929458650124e-06,4.056299105800531e-06,1.2888158734355701e-05,0.007002832727117819,3.812183195794313e-09,5.3897960092436703e-08,0.0029749085772949177,3.952179050799146e-05,1.350762111488587e-06,3.7999242031025403e-07,2.013591604717002e-06,9.150758313070014e-05,0.000290757217199565
49,4.314934853714385e-05,6.056495092150002e-05,9.122765290992739e-05,0.00024925367900681817,4.1209996169675195e-07,2.409823771897147e-06,0.9488608330347793,0.0011094296057903303,0.003948195398189343,0.03471805083250741,5.936862766368626e-07,3.055874654534234e-08,4.315009113779569e-06,5.110825319193495e-06,1.155670031233735e-05,0.008107851341018529,2.8203219790955704e-09,6.67407014883816e-08,0.0023929712706701966,5.281223956110069e-05,1.3239025819208414e-06,3.860542559365207e-07,1.9119517039969365e-06,7.703919155269103e-05,0.0002605012814882338
50,0.0010545112928306499,0.0002700473900622455,0.005978324274968989,0.00462918289376892,1.3139261965490215e-05,3.7985303982676565e-05,0.9495511797284212,0.0056579534003816725,0.014911111804869566,0.0034888090048964524,0.0006401258855786202,2.2392645730056402e-05,8.902965103139125e-05,3.5074640512310715e-05,0.00033916672294785215,0.004241565188477203,1.1294021356987738e-06,1.0663814374562265e-05,0.0011838479034727574,0.0011123296880351061,4.017397514658373e-05,2.319139810249411e-06,0.00014313844020791177,0.0028335786004467433,0.0037132199459453167
51,3.8930200776067946e-05,6.444363080515951e-05,7.177353296135001e-05,0.0002492612587428858,3.15508725417096e-07,1.6180332848232201e-06,0.9523143757420739,0.0010657814735885336,0.003580251483276543,0.0340893310629882,4.788202903786288e-07,2.0927884394865045e-08,3.808770820718156e-06,4.145380643727993e-06,1.0078590837821367e-05,0.005870663243640793,2.5459637206980633e-09,5.9169416510155826e-08,0.002241792918315058,3.96712041321371e-05,1.214167092887468e-06,3.074863109229998e-07,1.623124216611998e-06,8.064764642184764e-05,0.0002694040767894484
52,3.8543502576746604e-05,5.29985997510966e-05,5.889487243339212e-05,0.0001815960284548103,2.2200058118953545e-07,2.3775125240045687e-06,0.9603920542279615,0.0006791082876752487,0.0029410861473930803,0.02793239761074459,5.047489120152009e-07,1.6962093213426236e-08,3.5637756836365424e-06,3.463473473772119e-06,7.816794769374884e-06,0.006069309349698536,1.7372063762060228e-09,8.074003164818118e-08,0.0013248390165273927,4.863470025913065e-05,8.419568550264251e-07,2.9939622982333183e-07,1.623663097893282e-06,6.932432040757776e-05,0.00019040057465911879
53,6.661262414742419e-05,0.0008673032156155296,0.0012958749721101062,0.003204262269862192,0.00023942901741193763,7.476585603994283e-06,0.09934596551446906,0.01646373580923674,0.03886117357265439,0.7429928587049943,7.122046610374273e-07,1.2218404199838562e-06,6.96081841393316e-05,0.0001375022915278785,4.185087237576069e-05,0.009578910355308806,9.013009577398921e-08,1.5045916459697902e-07,0.08448928774012039,2.8468558313403355e-05,2.274886712692573e-05,5.302235259974044e-06,1.4934842386248365e-06,0.00025140860018273587,0.002026551890959212
54,3.8628655818646144e-05,4.575689738557106e-05,5.8953066987349176e-05,0.00014740701737228501,1.5868737517075041e-07,1.3998541870457833e-06,0.9639093293074307,0.0004841580499436406,0.002691449531177684,0.02320076306704573,2.739354923325768e-07,1.6367378614883062e-08,2.420804300063809e-06,4.1873496503286945e-06,9.050469942550436e-06,0.0074056434061349615,1.2721472976642018e-09,3.345231860367724e-08,0.0016363565609907908,3.1993665711601374e-05,7.974015247080127e-07,2.2284247120073267e-07,1.2454579095312852e-06,4.352000864166267e-05,0.0002862328706618824
55,4.9385906972241345e-05,5.154914202581363e-05,0.00010275830068749467,0.00021305881360594552,2.1718317345577515e-07,1.1446062828367662e-06,0.9654305911044421,0.000945004400436069,0.004626061763659956,0.022637384281436423,4.4558963446141845e-07,2.3627843111546184e-08,4.841606087501141e-06,3.097901999696636e-06,6.5276439220379715e-06,0.0038845526916854935,2.1155394375058047e-09,5.871267167486885e-08,0.0016278844833963941,4.6474741629866774e-05,6.940630022004266e-07,2.030455169552806e-07,8.493767353221371e-07,8.726921644052999e-05,0.00027991968117297426
56,4.269145386692577e-05,6.348828653562254e-05,8.025442434323131e-05,0.0002435408457373222,3.41533782570571e-07,1.7054078220841892e-06,0.9527677084526106,0.0010710776130813703,0.0037703316705267856,0.03261002491472969,4.950779006237235e-07,2.3231076222732908e-08,4.26460273335785e-06,4.202115969846735e-06,1.1019564400791923e-05,0.006633038637558132,2.825265616958717e-09,5.6597669340938456e-08,0.0022898304048960573,4.303137531932924e-05,1.1556243572293655e-06,3.0619559712422436e-07,1.708146362221155e-06,8.679580621587028e-05,0.0002729051916417748
57,5.012879798904744e-05,7.936897197043242e-05,0.0001544589012704908,0.0003627163552527459,7.822029803939711e-07,2.3399406785668537e-06,0.9094252868359314,0.002087634407664834,0.007292983319379485,0.0635962100813836,5.337092862541082e-07,4.7126722525576135e-08,6.435771315461714e-06,6.489116270100379e-06,1.6199698574218537e-05,0.011573004981654542,5.205332440109607e-09,5.965506876641444e-08,0.004763157490401004,6.086241569649504e-05,2.0608054359244905e-06,5.168891015181883e-07,1.7171973956295056e-06,0.00010748027895527382,0.0004095198442889452
58,4.194788962628373e-05,6.215809860472234e-05,7.916473187916376e-05,0.0002410534043954634,3.296951788678599e-07,1.609885614906375e-06,0.9530483079971039,0.0010987502419294627,0.0036963790276973705,0.0326025993447637,4.831252699806569e-07,2.1962132474081823e-08,4.0322672059596314e-06,3.914200393317969e-06,1.0838249531459948e-05,0.006484302057457847,2.84265428323253e-09,5.5481102464435654e-08,0.0022140875383825365,4.1531282435263354e-05,1.1584557832736914e-06,2.925678022369631e-07,1.7143651493372779e-06,9.107487466076163e-05,0.0002741904132448904
59,4.221022906100974e-05,5.564565749038577e-05,8.507807336870823e-05,0.00023129593029475108,3.0571791380172115e-07,1.4988444370092647e-06,0.9554128330097139,0.0011104998691462895,0.003636046254426883,0.030503146232764494,4.678699830619497e-07,2.2261616312981617e-08,3.9234701091177e-06,3.6067820321646627e-06,9.951878168383808e-06,0.006478545644847215,2.7520546947390056e-09,5.394422046095978e-08,0.002024355245798007,4.382544928374862e-05,1.0927184584532105e-06,2.7011117613937e-07,1.5730745674273575e-06,9.280877283218338e-05,0.00026094020623555465
60,4.178289054444429e-05,6.0110800785847435e-05,7.651224811128412e-05,0.00023697836299464597,3.2868926973036047e-07,1.72782224345999e-06,0.9522350438877982,0.0010582996600575713,0.0037272780481045153,0.03277785853681594,4.772742595022791e-07,2.209432436126469e-08,3.7726487607378004e-06,4.113380951097769e-06,1.1108056524536087e-05,0.007007476050311794,2.623168944450041e-09,5.336867566189323e-08,0.0023547380615199557,4.1486980231222515e-05,1.179761416151821e-06,2.995537577045509e-07,1.7080718535623889e-06,8.080136336996109e-05,0.0002768397641491216
61,4.161118383063283e-05,5.826994601129159e-05,8.851785738894145e-05,0.00023290965218392934,3.2286333139551206e-07,1.585103961857425e-06,0.9551318390990021,0.001073127379465934,0.0038718838030431103,0.030479014892053267,4.923778520200539e-07,2.279860230583253e-08,4.06209338086036e-06,3.831993368952641e-06,1.0468207120448905e-05,0.006483699814355652,2.684125387760411e-09,5.244457182540379e-08,0.002117063032679129,4.405551044579715e-05,1.0949979755300246e-06,2.7329519914985876e-07,1.550322758443601e-06,8.892105062602263e-05,0.00026532759666585875
62,4.178289054444429e-05,6.0110800785847435e-05,7.651224811128412e-05,0.00023697836299464597,3.2868926973036047e-07,1.72782224345999e-06,0.9522350438877982,0.0010582996600575713,0.0037272780481045153,0.03277785853681594,4.772742595022791e-07,2.209432436126469e-08,3.7726487607378004e-06,4.113380951097769e-06,1.1108056524536087e-05,0.007007476050311794,2.623168944450041e-09,5.336867566189323e-08,0.0023547380615199557,4.1486980231222515e-05,1.179761416151821e-06,2.995537577045509e-07,1.7080718535623889e-06,8.080136336996109e-05,0.0002768397641491216
63,4.246610825987206e-05,6.445102318458434e-05,7.628467784011516e-05,0.00023216602998678073,3.1552519271106526e-07,1.6687473834904978e-06,0.9537787987796696,0.0010360555521498947,0.0037689733223715974,0.03184697368467455,4.908045223813309e-07,2.157390766097959e-08,3.924588082332537e-06,3.995170860279716e-06,1.1231786749341164e-05,0.006449757139022801,2.700403963729063e-09,5.523664595621747e-08,0.0022766273200512397,4.163155175581919e-05,1.1466281419764262e-06,3.0586140798108923e-07,1.659384136208501e-06,8.412860472966264e-05,0.0002768681988692435
64,4.325656107480616e-05,6.28905854541743e-05,7.93270805053586e-05,0.0002524920476111217,3.6671145236632026e-07,1.8049890115146656e-06,0.948291231837537,0.001197773740656422,0.003928827450067517,0.035337515662323196,5.209608789649728e-07,2.418028429471176e-08,3.4483374683311366e-06,4.346727124898128e-06,1.2685365302941523e-05,0.00758460415185399,2.9324866776433283e-09,5.561762403658503e-08,0.0027580426812175408,4.035586716740834e-05,1.5414914416028585e-06,3.2020247226867916e-07,1.830802721910107e-06,8.398768788125639e-05,0.00031274632838047324
65,4.279607737505368e-05,6.543947986768616e-05,8.636834914538046e-05,0.00032377726171248504,5.636844651406324e-07,3.2508263486110277e-06,0.9315786923762389,0.0011672468438669766,0.003362175501483805,0.04822436587478106,5.745905005058529e-07,3.6001434121070845e-08,4.358332441636816e-06,7.111101042571376e-06,1.177374443149141e-05,0.011789611107065091,2.971625410951062e-09,8.24819004131344e-08,0.002880079740587209,5.545290074505337e-05,1.8587352588435731e-06,4.296137651472242e-07,2.722081072542909e-06,7.445756380426053e-05,0.0003167727590405114
66,8.183940936253046e-05,0.00011164330913158525,6.061965955825021e-05,0.0001959614773767158,3.386923813639383e-07,1.2668373212518577e-06,0.978187764924998,0.0008634519326167725,0.0017387486696369197,0.012583087181032316,8.684330449802161e-07,2.2992276079817956e-08,2.4282961417724606e-06,5.628085768631525e-06,2.264459810470549e-05,0.0036992765348778755,5.6038362288494144e-09,8.46945531724866e-08,0.0018761457805574922,2.0351960541861195e-05,1.613069933835618e-06,4.814076813144611e-07,4.522620583670727e-06,0.00014475920856587673,0.00039644462011672053
67,3.99739802322197e-05,5.395071315502227e-05,7.077265181843364e-05,0.00022424604402046451,2.921395506523087e-07,1.8521624217969235e-06,0.9570658778017842,0.0008749473770184509,0.0029862963267530624,0.02867552281655555,4.748030659726228e-07,2.211626018632075e-08,3.52937754284003e-06,4.3230509981916205e-06,1.034937069168287e-05,0.0076226372153763745,2.3208724597387816e-09,5.435484562374624e-08,0.001988979582774,4.426749522471734e-05,1.1099140433696797e-06,2.8220841818882155e-07,1.95695057978349e-06,7.091898504853047e-05,0.00025736024094824295
68,4.238962336215942e-05,6.954879199944506e-05,0.0001132810763458026,0.0002864391070776562,6.025395914574542e-07,1.6020986436225198e-06,0.9334680940527124,0.001523733189313878,0.006475512948893333,0.04529188859996273,4.3842354664671085e-07,2.767290950176537e-08,4.8444891602133155e-06,5.54395579844511e-06,1.585673397880267e-05,0.007884659020666583,3.2981161910766574e-09,3.5413078015277363e-08,0.004361871840406099,3.320056918683898e-05,1.4603265791260237e-06,3.2618991913531395e-07,1.344955558949879e-06,8.78832727677867e-05,0.00032941181042502716
69,4.4521862744179e-05,6.58054399909281e-05,7.408173919474644e-05,0.00022971894793231336,4.2514651906246195e-07,2.229923432197856e-06,0.9527337071151069,0.0009710783394387043,0.0038632749140672133,0.03176637895890775,5.70790897285254e-07,2.492380406020269e-08,3.750653505617034e-06,5.504187680037166e-06,1.3764507919777893e-05,0.007088600304984378,2.598073599218101e-09,5.478501291325449e-08,0.0027592174017053582,3.397849313765282e-05,1.3102173867619944e-06,3.6214103072868557e-07,1.997540892437822e-06,7.196704829602088e-05,0.0002676720183393131
70,5.075427274250574e-05,6.140323069356684e-05,0.00013965035339078905,0.0002555537635621988,3.523712174293216e-07,2.3421414834848694e-06,0.9660421876356436,0.0003878018944987547,0.002509289682463779,0.021730411099272727,4.2778148204953847e-07,4.156658641967417e-08,6.383953661987739e-06,1.1460550218047617e-05,6.942535371229306e-06,0.007185802670362951,1.644058385883072e-09,6.578005764234841e-08,0.0011588680224827415,5.0726114816649645e-05,8.213427003262273e-07,2.4147560353389413e-07,1.80807653416296e-06,5.487342171380356e-05,0.00034178861938114966
71,3.7774142558249664e-05,3.181905020385989e-05,4.81438609980874e-05,0.0001519592348749737,1.251784185453052e-07,9.944675975406038e-07,0.9740528593535244,0.0007322970324805733,0.0018244559335006646,0.015778732731918394,3.8257463733961395e-07,1.5958894192748644e-08,2.4497885215298886e-06,2.3026641024718588e-06,6.4965863987505065e-06,0.005739950349092476,1.8471825692362638e-09,4.480862785341264e-08,0.0013156698132989811,4.213556083745997e-05,7.117910490734006e-07,1.8570539322353856e-07,1.5017792352730374e-06,6.030975925138044e-05,0.00016868002740210342
