,0,1,2,3,4,5,6,7,8,9,10,11,12,13,14,15,16,17,18,19,20,21,22,23,24
0,5.424904387787473e-05,5.9746832399136415e-05,0.00010094234348482437,0.00018257814819952267,6.515580552495595e-07,2.6584123634352296e-06,0.9492267113619537,0.0012250721750783294,0.0058433110820979945,0.030490794972426953,7.101236675969369e-07,3.061645961102474e-08,3.906017867995441e-06,5.168287108774408e-06,1.9787905614795867e-05,0.008498301893584706,3.1126575903235444e-09,4.259830620464173e-08,0.0039421471305735875,2.960112149570876e-05,1.2844802281473702e-06,3.974875559214737e-07,1.6696532799739525e-06,8.388130620193384e-05,0.0002263523354605769
1,4.883663874103738e-05,6.987505166476871e-05,8.535716987277789e-05,0.0002210293696605063,6.399998492102318e-07,2.7008505631919095e-06,0.9275789417528894,0.001397744717113493,0.006929601481192484,0.04637604882698337,5.454048383219049e-07,2.5940403291463073e-08,2.9270852908059193e-06,5.909547558948574e-06,2.5069097625368517e-05,0.010996650998396022,3.1436979987482028e-09,3.765810229359405e-08,0.005805782923966143,2.694618324632011e-05,1.9902136685610052e-06,4.746206272041513e-07,1.8469674642364378e-06,7.003962255242824e-05,0.0003509747340317451
2,5.7372314099437885e-05,8.013010336458526e-05,6.055357608389366e-05,0.00020276436465631344,5.654367729143104e-07,2.819206146480751e-06,0.9412652036676529,0.0011808075877445532,0.0039050159430100125,0.03639317457619074,5.721555683770436e-07,2.775923662855084e-08,2.73092866026557e-06,6.862934348496367e-06,3.071039295710344e-05,0.011689015897755799,4.0854102273636615e-09,4.74726443795459e-08,0.004655123801538517,2.6972818875352948e-05,2.03775200662743e-06,6.769643866566003e-07,3.444586783190599e-06,7.4773608672848e-05,0.00035859206543396887
3,5.463645278721352e-05,8.104537407525366e-05,7.879758950496292e-05,0.00023559504785845029,6.397476930771174e-07,2.483081793717449e-06,0.9408926231656329,0.0012831215081624031,0.004753424373447597,0.038936888840959374,6.090189049992173e-07,2.826367994125464e-08,3.2905421788760925e-06,6.5476865369543455e-06,2.2115961078809612e-05,0.008710645366648888,3.6793743853794723e-09,5.026866928270764e-08,0.004483266842478734,2.6295889271164286e-05,1.8847608658874e-06,5.197133614017561e-07,2.3638137137891236e-06,8.346595482195978e-05,0.00033965705649987725
4,5.530319891048286e-05,9.032641222543307e-05,8.779502100851971e-05,0.00024923102979645495,7.384585630202561e-07,2.627848029100968e-06,0.9404978644991365,0.0012479259102482893,0.004893710295626084,0.03997395808517545,6.515646620781031e-07,3.130105467514892e-08,4.045143679421621e-06,7.44494905985363e-06,2.21449863728469e-05,0.00812131307364746,3.9292187203727515e-09,5.5558962412666176e-08,0.0042887494067560625,2.6795158135705285e-05,1.8876331303435598e-06,5.406520048583506e-07,2.3906694615721e-06,9.117058010558658e-05,0.000333294635029035
5,5.295099718871516e-05,8.729056120355128e-05,7.715313323318436e-05,0.0002799734115322971,6.821604931381434e-07,2.4191134529994006e-06,0.9395956427801911,0.001371522422548717,0.004226994786275716,0.0416070566909151,6.264076223577874e-07,2.831249575114012e-08,3.6601257149729493e-06,6.786402309155707e-06,1.9295450686135215e-05,0.008049583906191511,3.925732015866857e-09,6.029764101553017e-08,0.004154327224743492,2.8052036649717788e-05,1.976400587221276e-06,5.132249982977004e-07,2.614714077084054e-06,9.328318014848818e-05,0.0003375023333683496
6,5.463645278721352e-05,8.104537407525366e-05,7.879758950496292e-05,0.00023559504785845029,6.397476930771174e-07,2.483081793717449e-06,0.9408926231656329,0.0012831215081624031,0.004753424373447597,0.038936888840959374,6.090189049992173e-07,2.826367994125464e-08,3.2905421788760925e-06,6.5476865369543455e-06,2.2115961078809612e-05,0.008710645366648888,3.6793743853794723e-09,5.026866928270764e-08,0.004483266842478734,2.6295889271164286e-05,1.8847608658874e-06,5.197133614017561e-07,2.3638137137891236e-06,8.346595482195978e-05,0.00033965705649987725
7,5.731138524611553e-05,7.951614891867636e-05,7.42418491614541e-05,0.0002643011269049203,7.888318347660103e-07,3.211601096082741e-06,0.9237964037644718,0.0015046953438888448,0.004895667630881472,0.04951961042406252,5.762038359053073e-07,3.104869767464811e-08,2.6833576560562054e-06,7.929479751640985e-06,2.7881759194862195e-05,0.013195062476234398,4.025039151701524e-09,5.058086210910003e-08,0.006041417530695455,2.6588374450128426e-05,2.639005845668093e-06,6.527517344853633e-07,3.192416617131255e-06,7.61185636666761e-05,0.000419424319252119
8,5.736136473039038e-05,8.642756602314599e-05,8.510760952283202e-05,0.0002886074410932172,6.080316056251296e-07,1.616105275086247e-06,0.930860197313056,0.001514428742172108,0.00396830485183112,0.048969697316982426,3.6103119915905765e-07,2.5585780280689448e-08,3.4155176235689574e-06,6.368143624375827e-06,2.05261365797801e-05,0.009623978835218382,4.674946786411282e-09,4.357431588648814e-08,0.003879655627153053,2.494803592521042e-05,1.9794882502698886e-06,4.743318891588522e-07,2.6892884291435243e-06,0.0001178504388567855,0.00048532294791600307
9,5.296864180994462e-05,9.000297446687346e-05,0.00011231558096778935,0.00028835631514208997,5.658734623460526e-07,1.3978771242472515e-06,0.9377727993255519,0.0014502551588754875,0.005336226215674974,0.04451917884812765,4.073682679240094e-07,2.3984165939954594e-08,4.566292159020511e-06,5.175097777289112e-06,1.6782254339908936e-05,0.006610565771733075,4.0805118153713924e-09,4.340077266255157e-08,0.00313098892698642,2.8023309219059808e-05,1.518889431067378e-06,3.437891144760995e-07,1.6858008395016697e-06,0.00013704502894010083,0.0004387591945383809
10,5.463645278721352e-05,8.104537407525366e-05,7.879758950496292e-05,0.00023559504785845029,6.397476930771174e-07,2.483081793717449e-06,0.9408926231656329,0.0012831215081624031,0.004753424373447597,0.038936888840959374,6.090189049992173e-07,2.826367994125464e-08,3.2905421788760925e-06,6.5476865369543455e-06,2.2115961078809612e-05,0.008710645366648888,3.6793743853794723e-09,5.026866928270764e-08,0.004483266842478734,2.6295889271164286e-05,1.8847608658874e-06,5.197133614017561e-07,2.3638137137891236e-06,8.346595482195978e-05,0.00033965705649987725
11,5.4515877661653486e-05,8.30441975927015e-05,8.05626297596111e-05,0.00024077966467572637,6.451372390382608e-07,2.4612521876519104e-06,0.9420526551366033,0.001270786922701998,0.004703723712519169,0.03852099767109543,6.236085617122398e-07,2.8922481192711887e-08,3.582400978593405e-06,6.6343860631768345e-06,2.1446505545366438e-05,0.00826190027857993,3.783648404968724e-09,5.284431687797748e-08,0.004244443785241109,2.7000435847017188e-05,1.8376811601418942e-06,5.174541618172626e-07,2.3775090912804333e-06,8.70546070430035e-05,0.00033232359524404604
12,8.041147634433241e-05,0.0002222271167468939,6.760465248245282e-05,0.0005897240578231754,2.6425095524482596e-06,8.86214676387577e-06,0.8858388074620736,0.001128982630331333,0.001255531909270219,0.08618320228923364,8.318343694240437e-07,8.889504249727493e-08,9.109845638047373e-06,4.050728308967731e-05,2.304295699922837e-05,0.019928798877701808,1.0070412754312427e-08,2.7818746021678477e-07,0.004007147258130781,4.118632187206034e-05,4.208689273606546e-06,2.3391539817488256e-06,2.0153306026969758e-05,0.00012519530749714944,0.0004191057618822126
13,7.092584939556806e-05,8.555407476635098e-05,0.00011572208231212416,0.00020724374947532107,8.249584539851236e-07,2.3344776836906464e-06,0.9546908085521402,0.0013799611799711843,0.005886297604215706,0.02424876963483324,1.0433381838184756e-06,5.283759289940537e-08,3.94800169457625e-06,8.937892960506828e-06,3.2008867694484666e-05,0.007030786734238775,5.33853658843327e-09,4.731787919829036e-08,0.005792938608276649,2.501984119095602e-05,2.1070422134658614e-06,6.87962330443898e-07,2.1987604549328606e-06,8.117471442526833e-05,0.00033060057908013564
14,4.1241838183501664e-05,0.00013042083039777668,8.483447372976744e-05,0.00030201372778064105,9.066451820954605e-07,3.165191378928237e-06,0.9136542410941777,0.001347227256964776,0.005987835318827197,0.06546112717701402,6.821979933493939e-07,2.4415170553198527e-08,4.9696204276740226e-06,7.122101269767496e-06,2.1487215600894088e-05,0.00795552032869019,3.6091919108976627e-09,6.327792533728799e-08,0.004540049474544684,2.991091220921181e-05,2.0552602914542495e-06,5.695755079548304e-07,2.210911492843989e-06,0.00010181495433161513,0.00032050259171609974
15,5.463645278721352e-05,8.104537407525366e-05,7.879758950496292e-05,0.00023559504785845029,6.397476930771174e-07,2.483081793717449e-06,0.9408926231656329,0.0012831215081624031,0.004753424373447597,0.038936888840959374,6.090189049992173e-07,2.826367994125464e-08,3.2905421788760925e-06,6.5476865369543455e-06,2.2115961078809612e-05,0.008710645366648888,3.6793743853794723e-09,5.026866928270764e-08,0.004483266842478734,2.6295889271164286e-05,1.8847608658874e-06,5.197133614017561e-07,2.3638137137891236e-06,8.346595482195978e-05,0.00033965705649987725
16,5.414963411726908e-05,8.247390817401582e-05,7.39985860121086e-05,0.00023971635012224812,6.302241116262887e-07,2.5402779588412743e-06,0.9363971153741988,0.0012952096300309101,0.004477634894474132,0.04292904797923237,5.810414785353478e-07,2.8391655504388472e-08,3.1429009068431786e-06,6.699727378383539e-06,2.1702937506628976e-05,0.009359569716695984,3.731250836132906e-09,5.2879648185635894e-08,0.0045942666401608935,2.6252447679177344e-05,2.0735379552875802e-06,5.521972310604319e-07,2.4519336697667955e-06,8.152068011181728e-05,0.00034858437823872374
17,5.834058794569888e-05,8.645886786752432e-05,7.626556520707089e-05,0.00029767392220843704,6.717912034034798e-07,2.3203137687424634e-06,0.9461257393113912,0.0012162986968351692,0.0034808716911950673,0.03682516768965297,5.935290683866865e-07,3.279358769209268e-08,4.084810292361855e-06,8.443466518973443e-06,1.74932482845732e-05,0.007667635969539046,4.010104276947296e-09,6.572063664965565e-08,0.0036557087456301827,2.712217787494154e-05,1.89928548152548e-06,5.186939522089628e-07,3.071403797739063e-06,9.017116389954078e-05,0.0003533465440565114
18,5.86537863101161e-05,8.15843973261232e-05,7.68351995821535e-05,0.00022888790802090512,5.669927178106337e-07,2.1727825528322645e-06,0.9443001461123395,0.001240117195195314,0.004237898755227647,0.03708665784396716,5.579282133412009e-07,2.884792437093377e-08,3.2788146364633478e-06,6.438490598410177e-06,1.9984155900617367e-05,0.008071109929402792,3.859980795706857e-09,5.3723157869685306e-08,0.004113933832063381,2.5517194890174084e-05,1.8125036709005269e-06,5.288919684980226e-07,2.319971015768225e-06,8.685522809430432e-05,0.0003540556552426274
19,6.142454654556694e-05,5.907870382804112e-05,3.757540351365924e-05,0.00015550137763827498,2.7900731439670365e-07,1.8649335968322847e-06,0.9575754101693655,0.0009431882717530533,0.0026418870962297432,0.02468194944956331,4.7209808925057977e-07,1.7283125047015067e-08,1.5597274189221364e-06,4.160934025415563e-06,2.1170161814993468e-05,0.009527448231198637,2.865298435831773e-09,4.2258084107787636e-08,0.003871517424244803,2.0262995195457486e-05,1.603770705183631e-06,4.220295048926071e-07,2.9126049859080105e-06,6.169874389067236e-05,0.0003285499130700534
20,5.502369693506574e-05,0.00010727592935261466,8.564044104796391e-05,0.0002781393855419303,8.988362385742238e-07,2.701396574294172e-06,0.9236065517975482,0.0018913491416468402,0.0058352785007295,0.052286057197256264,6.649226642830287e-07,3.411253255101582e-08,3.7415224460086435e-06,7.674067601864758e-06,3.1202781172728375e-05,0.009333022124188007,5.576916528849565e-09,5.827772597228048e-08,0.005944705537486195,2.8823733423971842e-05,2.648846216817549e-06,8.75189387737917e-07,2.8616174232235617e-06,0.00010330214254111969,0.00039146322540188725
21,5.365573958312928e-05,6.21261291517514e-05,7.410883582293551e-05,0.00021432894896116842,5.165792424277923e-07,2.351626460275746e-06,0.946877126094092,0.0009494399683177083,0.003178339083296907,0.034935068580130256,4.795642241591652e-07,3.067739976495305e-08,3.6221928889939524e-06,6.674806927203442e-06,1.5077970839875085e-05,0.010080644850155213,2.8627005461212126e-09,4.881218001221073e-08,0.00316007000651846,2.810993070199642e-05,1.4822696134975736e-06,3.82585267606296e-07,2.3623053664619714e-06,7.344603491113727e-05,0.00028050354524654706
22,6.0362645984645206e-05,6.884307359688408e-05,7.591129806013422e-05,0.00021397087702183969,5.550922219464107e-07,2.508369143025913e-06,0.9457350455130874,0.0013030364023857565,0.0038473907922491135,0.03455245988587804,6.640339607943453e-07,3.0460313157814705e-08,2.7400042023497833e-06,6.011432770515387e-06,2.0041945161398416e-05,0.009569227937195392,4.153990083388822e-09,6.077347844037736e-08,0.004129011861481563,2.8673199478721716e-05,2.1364814270230133e-06,5.688314219720158e-07,2.512038969124217e-06,8.297455946070915e-05,0.00029525833705991233
23,5.463645278721352e-05,8.104537407525366e-05,7.879758950496292e-05,0.00023559504785845029,6.397476930771174e-07,2.483081793717449e-06,0.9408926231656329,0.0012831215081624031,0.004753424373447597,0.038936888840959374,6.090189049992173e-07,2.826367994125464e-08,3.2905421788760925e-06,6.5476865369543455e-06,2.2115961078809612e-05,0.008710645366648888,3.6793743853794723e-09,5.026866928270764e-08,0.004483266842478734,2.6295889271164286e-05,1.8847608658874e-06,5.197133614017561e-07,2.3638137137891236e-06,8.346595482195978e-05,0.00033965705649987725
24,5.0274365144873275e-05,0.00011047207287275225,8.569887962898089e-05,0.0003396454275657903,8.950652551065191e-07,2.9214810917618384e-06,0.9262014605035339,0.0013728590740397758,0.004797974348767237,0.053130778053410654,6.501589375801759e-07,3.346607678929191e-08,4.689612216754137e-06,9.381911773575557e-06,2.06109177836524e-05,0.00852402091237432,4.031653856278976e-09,6.55232936741606e-08,0.004845821922967136,3.0126807121930227e-05,2.2552604720396738e-06,6.088063907973301e-07,2.7582367153994675e-06,8.760965503050265e-05,0.0003783835058812206
25,4.8118878295462e-05,5.934775731605838e-05,6.913615437757439e-05,0.00022999210076900177,4.307486728177152e-07,1.3570586185723255e-06,0.9601693325696362,0.0014697185165625571,0.0032549354622442373,0.02530252833648874,6.583609940626228e-07,2.6652061122977897e-08,3.2413776316192695e-06,4.31545824011894e-06,1.4500910364549024e-05,0.005663324757311811,3.946938521183329e-09,4.924436812124691e-08,0.003354933599093423,2.8317821594786684e-05,1.5082260406298014e-06,3.783931219597344e-07,1.9954503041057016e-06,9.06136533681761e-05,0.0002312345655857385
26,6.851680252977967e-05,7.459157658310666e-05,0.00010420181188351766,0.00021780650896188454,4.987665948957661e-07,1.549941279687216e-06,0.9562627787378069,0.0013557009041573467,0.004581940930072347,0.028706304137922693,5.830326758087514e-07,2.6627148855139805e-08,4.134813214312693e-06,4.388438801092479e-06,1.4281564066565545e-05,0.005320715999326755,4.477832795244099e-09,6.111506335047685e-08,0.002812085572514495,2.7193770033087314e-05,1.2613638072581716e-06,3.8956245541061305e-07,1.7043517669217394e-06,0.00013736769637987353,0.00030191149712131116
27,5.640676267988553e-05,7.854840711546238e-05,7.490036526887762e-05,0.0002072875226190782,5.623672939980734e-07,2.8420820825639667e-06,0.9328546820332589,0.001460020923563525,0.006307128590398517,0.04331290434148095,5.774668368170329e-07,2.505820608400903e-08,2.615906214432299e-06,5.447426958620268e-06,2.8554211517786987e-05,0.010114198150575971,3.72590937413687e-09,4.790237338168764e-08,0.004985359313186067,2.8830754732981122e-05,2.005707855962419e-06,6.503279632061262e-07,2.2600893010831636e-06,8.075552723718109e-05,0.0003933850353691644
28,5.463645278721352e-05,8.104537407525366e-05,7.879758950496292e-05,0.00023559504785845029,6.397476930771174e-07,2.483081793717449e-06,0.9408926231656329,0.0012831215081624031,0.004753424373447597,0.038936888840959374,6.090189049992173e-07,2.826367994125464e-08,3.2905421788760925e-06,6.5476865369543455e-06,2.2115961078809612e-05,0.008710645366648888,3.6793743853794723e-09,5.026866928270764e-08,0.004483266842478734,2.6295889271164286e-05,1.8847608658874e-06,5.197133614017561e-07,2.3638137137891236e-06,8.346595482195978e-05,0.00033965705649987725
29,5.463645278721352e-05,8.104537407525366e-05,7.879758950496292e-05,0.00023559504785845029,6.397476930771174e-07,2.483081793717449e-06,0.9408926231656329,0.0012831215081624031,0.004753424373447597,0.038936888840959374,6.090189049992173e-07,2.826367994125464e-08,3.2905421788760925e-06,6.5476865369543455e-06,2.2115961078809612e-05,0.008710645366648888,3.6793743853794723e-09,5.026866928270764e-08,0.004483266842478734,2.6295889271164286e-05,1.8847608658874e-06,5.197133614017561e-07,2.3638137137891236e-06,8.346595482195978e-05,0.00033965705649987725
30,5.463645278721352e-05,8.104537407525366e-05,7.879758950496292e-05,0.00023559504785845029,6.397476930771174e-07,2.483081793717449e-06,0.9408926231656329,0.0012831215081624031,0.004753424373447597,0.038936888840959374,6.090189049992173e-07,2.826367994125464e-08,3.2905421788760925e-06,6.5476865369543455e-06,2.2115961078809612e-05,0.008710645366648888,3.6793743853794723e-09,5.026866928270764e-08,0.004483266842478734,2.6295889271164286e-05,1.8847608658874e-06,5.197133614017561e-07,2.3638137137891236e-06,8.346595482195978e-05,0.00033965705649987725
31,6.336939420349054e-05,0.00010196344534713078,0.00011965157634844286,0.00033406226656132975,8.941787128613973e-07,1.923446921860465e-06,0.9329154493609378,0.0019023772074368659,0.005245032378022201,0.04694592591598797,6.007607555599126e-07,3.845070175070692e-08,5.307913859205999e-06,7.258505680009199e-06,1.830186624324102e-05,0.007264420027841052,5.595626718849603e-09,6.425626535725891e-08,0.004513585323459729,3.127715125365854e-05,1.999319157709424e-06,5.588763216239311e-07,2.228438756524196e-06,0.00013529137977741826,0.0003884129638203353
32,5.578054847313964e-05,8.230109986772845e-05,8.026153141150446e-05,0.0002356886291070432,6.614308045771453e-07,2.551086577358612e-06,0.938314822974198,0.0013512648609065145,0.005163747057177953,0.04009994219699395,6.21741097190854e-07,2.907253826886975e-08,3.198787337600482e-06,6.656644188583231e-06,2.412366939978506e-05,0.00910573376795032,3.841764239944818e-09,4.926881525486762e-08,0.005003627686468616,2.6303155861656788e-05,2.0263688215363083e-06,5.521391045910429e-07,2.344637415661515e-06,8.184104554824897e-05,0.0003558667581708459
33,6.55403435666265e-05,0.00015480056480613743,7.858190776752804e-05,0.0003452673961829059,1.2171776877859606e-06,3.6599706159036943e-06,0.927411277852451,0.001463580025236341,0.003240538005318641,0.05224901845817211,8.548489180783398e-07,4.911284337029742e-08,6.401372575239206e-06,1.3142982351344691e-05,2.3913471083422437e-05,0.009485841081226734,6.879747052911061e-09,1.078022955294133e-07,0.0050031278578195676,3.551787925311787e-05,2.5235632902802966e-06,1.2527943962321185e-06,4.604318216448e-06,0.00010620086228177098,0.0003029734718966524
34,5.999912127600364e-05,7.769711978805503e-05,8.502584853962152e-05,0.00020003477674063847,5.744728647321866e-07,2.3666598117470345e-06,0.9414400474445986,0.0012739691483263,0.006751177890165473,0.03645650740868547,5.81458077292498e-07,2.5781424397051208e-08,2.9837804491633662e-06,5.723685375064829e-06,2.5138630703169614e-05,0.007991299138575162,3.326887246610931e-09,4.194539906075299e-08,0.005145705086316791,2.299684287616596e-05,1.756962105582008e-06,4.781576743322526e-07,1.7217967789910962e-06,7.901754469967637e-05,0.00037512597186121864
35,5.5958598492425834e-05,8.065741782572261e-05,7.887412243887773e-05,0.0002375384702878191,6.162336180887385e-07,2.376643720312433e-06,0.9401096275919345,0.0013403041345865956,0.004931964750468357,0.039740916978400063,5.917824377330639e-07,2.7958087214460437e-08,3.2749231004354246e-06,6.237124668695671e-06,2.135491580880224e-05,0.008395880914206916,3.741384742599191e-09,5.140576234584606e-08,0.004526374735749958,2.6335319737856764e-05,1.8770692630971231e-06,5.184678983478306e-07,2.239093344441486e-06,8.55458759659155e-05,0.0003508517308108257
36,3.9331520314131454e-05,6.715195299536785e-05,4.35858868293343e-05,0.00016466729621472954,3.3998584982909363e-07,2.9310905481386256e-06,0.9597096467497486,0.0007154376914469658,0.0027482098173885303,0.02728972955893721,7.0960126181235e-07,1.4968218414966237e-08,2.196976139961282e-06,4.362256412689746e-06,1.4286694714822534e-05,0.006632244869610284,1.8224992414007094e-09,6.364658307644645e-08,0.0022925799661357976,2.649550438546624e-05,1.3043022851269424e-06,3.994282383549948e-07,2.335162865767052e-06,6.046304999202879e-05,0.0001815102003845396
37,8.592598514182393e-05,6.599287529937079e-05,8.12299685509115e-05,0.00016005619995370287,4.01955975297598e-07,1.4931536218516569e-06,0.9683642928182512,0.0008206093330660215,0.0026662579476919674,0.01839580401585726,5.596204742297684e-07,3.26477209426966e-08,3.1220691990354847e-06,6.2505995803738444e-06,1.3920826351996849e-05,0.005981939830111482,3.4971325540962723e-09,5.37406803300454e-08,0.0029772092400104774,2.017653201841813e-05,1.2028072911655236e-06,4.0660985792991123e-07,1.8096242534818012e-06,8.208595762886023e-05,0.0002691621442794265
38,6.112575184591347e-05,0.00025409523500395355,0.0002523370323199293,0.001025355791472646,2.708395807815501e-06,2.0275005705684788e-06,0.8449679196600657,0.005033197629651881,0.014695021489568402,0.11782523611147036,7.888918031842885e-07,6.757410862254622e-08,1.4619887569216783e-05,1.3052640538371855e-05,2.5470576219018923e-05,0.005508930650887142,1.3507654877687316e-08,9.286940550635634e-08,0.00909920933286682,4.8353380053548036e-05,3.4425788729066788e-06,9.828101775920768e-07,2.2834944763325385e-06,0.0002476269921130134,0.0009160402154772139
39,5.497820006737712e-05,5.414869591197219e-05,8.874658210276503e-05,0.00028723037012545315,8.089088582327635e-07,3.046525221823591e-06,0.9158974693178874,0.0021152994147748726,0.005265923651834825,0.052018580904202714,5.959938167151208e-07,3.580218452397184e-08,2.3126127455046733e-06,6.164604150729061e-06,2.53675199446302e-05,0.017112746478148696,4.423471668724934e-09,4.702556750005855e-08,0.006537846365295494,3.307487752327228e-05,3.306159026448949e-06,5.206674047593251e-07,2.9897873801342934e-06,8.292780919968267e-05,0.0004058273031525002
40,8.673693112537277e-05,9.139881654581951e-05,9.52663649008108e-05,0.00015831582870024375,6.771890340871799e-07,3.0031351926602176e-06,0.953950104649998,0.0009397167433563698,0.005119725208907492,0.025261293224590125,8.223856083546373e-07,4.1541682859456836e-08,2.6387163787472984e-06,9.82459402223021e-06,3.29377475468024e-05,0.008251921178770768,4.16356298374584e-09,5.414541217766632e-08,0.005524759251459183,1.9369991748830612e-05,2.230605731034277e-06,8.299577079299329e-07,2.2298187769363756e-06,6.715584933558688e-05,0.00037894195990451556
41,5.33197685124786e-05,0.00010410179346818838,0.0001604889866333339,0.00028869768831277817,1.4796118210175543e-06,4.369205197525028e-06,0.8917074825138787,0.0017043980719250592,0.014251626598679491,0.0695830809160555,6.30098788436219e-07,3.113682018034597e-08,3.8810712454176065e-06,9.237344473740803e-06,4.617242975249088e-05,0.013761236794189077,3.749900924285332e-09,3.45332864877035e-08,0.007636599234118703,2.6617522570238197e-05,2.7012266752301397e-06,5.80383292298439e-07,1.985867019082275e-06,9.828202338358659e-05,0.0005529614300001348
42,5.590797351240513e-05,7.13144953837403e-05,6.829475244744853e-05,0.00019502000700891554,5.827661002869245e-07,2.46556613829795e-06,0.9210396266399477,0.002042153295049231,0.0056358311588745715,0.04678143210398488,5.678781619336849e-07,2.8649342380357998e-08,1.9230786828190226e-06,5.134088532058311e-06,3.743161952467272e-05,0.015603115702041844,5.180467689983502e-09,3.7506533493163645e-08,0.007988093806677856,3.059665433788655e-05,2.9649131813824494e-06,8.90737999488477e-07,2.6292452117240014e-06,7.205165345670038e-05,0.00036190052740061283
43,4.847780566972883e-05,9.508092440492312e-05,7.504087063593086e-05,0.00032161846717439907,1.1651020643006475e-06,4.506171013745663e-06,0.8693707011262242,0.0023277247860688734,0.006893681366486094,0.09402995837265715,6.153883695672063e-07,3.0979630128537294e-08,2.820099881647978e-06,7.463159521082916e-06,3.522094239908392e-05,0.017973686437750967,5.137971737493046e-09,5.9170802782880965e-08,0.008232825358076096,3.152184369908547e-05,4.039641923111224e-06,9.184938554200244e-07,3.492061761173945e-06,9.259227835712396e-05,0.0004467540136015345
44,5.463645278721352e-05,8.104537407525366e-05,7.879758950496292e-05,0.00023559504785845029,6.397476930771174e-07,2.483081793717449e-06,0.9408926231656329,0.0012831215081624031,0.004753424373447597,0.038936888840959374,6.090189049992173e-07,2.826367994125464e-08,3.2905421788760925e-06,6.5476865369543455e-06,2.2115961078809612e-05,0.008710645366648888,3.6793743853794723e-09,5.026866928270764e-08,0.004483266842478734,2.6295889271164286e-05,1.8847608658874e-06,5.197133614017561e-07,2.3638137137891236e-06,8.346595482195978e-05,0.00033965705649987725
45,5.2156357230673414e-05,7.423447806691077e-05,8.185013276316885e-05,0.00021536527763748385,6.469699985674021e-07,2.32669437949048e-06,0.9436309346373656,0.001336778696906565,0.005118525836807109,0.03619856582150942,6.113467513320885e-07,2.761080581150857e-08,3.373973414808398e-06,5.878782559140523e-06,2.3105362605868474e-05,0.008368916448430332,3.626599474253504e-09,4.2916677696474514e-08,0.004473552676232095,2.5511418227497688e-05,1.6942789207902957e-06,4.861356566610443e-07,2.1340321967693246e-06,8.553077600457289e-05,0.00029774571225230323
46,9.89325623709554e-05,0.00010880098485760903,0.00010844255975762226,0.0003458754182654572,8.325999568094136e-07,1.6042724815059062e-06,0.9374099078679567,0.0028688427863667646,0.004171919138730252,0.03998908701765375,7.553274578122799e-07,5.3516275361101004e-08,5.3660459082528775e-06,6.1793535035986855e-06,2.5810410249046135e-05,0.008678225845547108,1.4952332443261345e-08,8.17002978685093e-08,0.005463461360210753,3.952803705310062e-05,2.583341077414855e-06,9.181538320384576e-07,3.7111922165729757e-06,0.0001955211846984477,0.00047354437094282
47,6.44525641405881e-05,7.471206374251769e-05,7.363125934266734e-05,0.00019410995474905882,4.984760125722293e-07,2.2598921065637573e-06,0.947597818346091,0.0011778450094482866,0.004005682976422484,0.033228790226697294,5.720347987160642e-07,2.993847116906821e-08,2.9083655238269565e-06,5.910891226689736e-06,2.0482590879830228e-05,0.00899164654033599,3.754435672391167e-09,5.2425525177355563e-08,0.004120075701017551,2.6940599887445297e-05,1.7449135725927248e-06,5.609009506540886e-07,2.2304595806257977e-06,7.934734082323542e-05,0.00032769277421787566
48,5.6879413682985595e-05,9.683137914683523e-05,6.75846961089708e-05,0.000253103909943345,6.703054642418734e-07,2.0454030862778064e-06,0.9346436058306997,0.001590600706732002,0.0043255346330193485,0.044050260788980854,5.728148100999892e-07,2.893770052202285e-08,3.546628933784351e-06,6.512368201039344e-06,2.56019087178981e-05,0.00873541379423938,5.422915306854876e-09,5.1030747258625706e-08,0.00565898540701253,2.4811669706852532e-05,2.1762045628961925e-06,6.7038734979212e-07,2.783735801347377e-06,9.51894764876073e-05,0.0003565331459490736
49,5.6674663452939356e-05,8.230398081233547e-05,9.455433639764454e-05,0.0002480930870750057,8.073261739083489e-07,3.462385005000548e-06,0.936744833361612,0.001349210530571154,0.005063247047948192,0.041262020838250056,7.60229054216575e-07,3.9422135234313805e-08,3.8155939418384155e-06,8.160578662139833e-06,2.3060460660063575e-05,0.010044237580492714,3.984284693949458e-09,6.301535297774706e-08,0.0045757957001520255,3.359550401947651e-05,2.1050958079457895e-06,6.72491778669533e-07,2.6408110497059744e-06,7.994649384713183e-05,0.0003198954814629365
50,0.0015675257837100315,0.0004015480809352156,0.00572204197745927,0.004380333938044646,2.6287271946975116e-05,5.5184160759216444e-05,0.9377688191095057,0.007535954699455859,0.01914204370591133,0.004473356331052198,0.0008599517967085993,3.087873243585408e-05,7.81795895136266e-05,5.06935893628036e-05,0.0008017003855573548,0.005562315130005228,2.1329522861260475e-06,1.1103542910018722e-05,0.0024674251372782084,0.0006656952259085523,7.229227555711965e-05,4.944731564290051e-06,0.0002223169271717692,0.003407030927565428,0.00469024399739484
51,5.087289663102984e-05,8.706822824866098e-05,7.4986497645112e-05,0.0002476427324548125,6.210669853627581e-07,2.3130821359818954e-06,0.9415643690133269,0.0012831056753806796,0.004578744383946999,0.0402266778473936,6.148947033010197e-07,2.676236993325883e-08,3.342426389013078e-06,6.622955439182467e-06,1.99500009899099e-05,0.007175247709922425,3.563257160248081e-09,5.576675756989451e-08,0.004235395862088278,2.4822808640885007e-05,1.938250688955903e-06,5.281251178775857e-07,2.215837326995635e-06,8.418805171159512e-05,0.0003286455604477776
52,4.873396489505842e-05,7.100764170818601e-05,5.919504387268955e-05,0.000180881669809799,4.2546018646795064e-07,3.5496136493337116e-06,0.9500863779054872,0.0008189772762685623,0.003870672208961359,0.034303100581660306,6.447353122465166e-07,2.14627526407319e-08,3.144797303371361e-06,5.429598844052043e-06,1.5770862088665977e-05,0.007657240169699728,2.3264940289493262e-09,7.380650867957204e-08,0.002537055967639589,3.124697388593297e-05,1.3305375113841225e-06,4.997244125767144e-07,2.2517314998742473e-06,6.904823059715184e-05,0.00023331770895107572
53,6.820250659804686e-05,0.0009139622497373774,0.00108806543329286,0.00258843005211129,0.0003918074254629015,9.276049445838172e-06,0.07782269125808139,0.015573509570398252,0.03921162500832202,0.71472636688516,7.474345397032317e-07,1.2934112114229393e-06,4.5012980361038744e-05,0.0001852574472787898,6.601746222257067e-05,0.01026167703352673,9.812185771465041e-08,1.1415308422018662e-07,0.13481286991938654,1.4783598726214153e-05,3.174669673249175e-05,7.704501094572404e-06,1.6946283239066886e-06,0.00019232243617333167,0.0019847237368707583
54,4.8827635968844656e-05,6.20717955360997e-05,5.895683639570197e-05,0.0001489199421658495,3.038372719627374e-07,2.0857294435916775e-06,0.9539968752535801,0.0005922085128514921,0.0035685477852835466,0.028693524518988368,3.5203434488228486e-07,2.0677624877501534e-08,2.178721799633717e-06,6.520648381719478e-06,1.8209302910735714e-05,0.009244287831110455,1.718114490823588e-09,3.0965444947328294e-08,0.003135721345396825,2.0858536685331886e-05,1.250254124572199e-06,3.72180526429323e-07,1.737255509363926e-06,4.377771522384163e-05,0.00035235896531666725
55,6.098393588802829e-05,6.99722571983623e-05,0.00010160067518861818,0.0002115753587804034,4.136020975163469e-07,1.6966817243887385e-06,0.9562049933452724,0.0011323708265071127,0.006162639978412555,0.027824920620716363,5.785913265053601e-07,2.9098386735605612e-08,4.4071528981232585e-06,4.711355164934406e-06,1.3104155053761263e-05,0.004688092480037825,2.796497093591771e-09,5.325202894704654e-08,0.0030645109885900283,2.9570549496113582e-05,1.0677402482366208e-06,3.2894343505727965e-07,1.1595360231968293e-06,8.806187287986528e-05,0.00033315420614781426
56,5.566053273760804e-05,8.59127032365933e-05,8.309668394479122e-05,0.00024254901232452486,6.682618438552878e-07,2.4531480032492518e-06,0.9416081357798889,0.0012962827719202779,0.004840619447775936,0.038775589796313556,6.34730047700792e-07,2.9728708189740354e-08,3.755849221133713e-06,6.689978611777946e-06,2.1906000181710082e-05,0.008170219465768708,3.949383383130926e-09,5.32720317341804e-08,0.0043497924675288515,2.7206904937388835e-05,1.8394265091560832e-06,5.269961583865314e-07,2.3487253627449146e-06,8.997369609941274e-05,0.0003340506714603931
57,6.375716119941465e-05,0.0001054237660690428,0.00014911169939136365,0.000347145980730141,1.44951908681608e-06,3.351636745327481e-06,0.8884750846990864,0.0025049782201886322,0.009199532420112963,0.07524455949098469,6.742480188838545e-07,5.7511194913802265e-08,5.46424779598998e-06,9.734794877362968e-06,3.240460738224984e-05,0.014223913000045838,7.145166099129192e-09,5.4922704864157895e-08,0.008997203819449795,3.812690134489499e-05,3.2133616332992018e-06,8.900252837808899e-07,2.3686273417389774e-06,0.00010831428790853641,0.00048317790625700927
58,5.5566597202984706e-05,8.430820825864696e-05,8.307334869236853e-05,0.00023877527195338453,6.512867718130197e-07,2.3015405909725234e-06,0.9423257951279393,0.0013299906959270886,0.004709581334452859,0.03841191883290703,6.191852374297404e-07,2.8482716533172826e-08,3.5383548642038885e-06,6.305148944446866e-06,2.161608366200648e-05,0.008034960020058044,4.042950456289922e-09,5.251935276029523e-08,0.004228517481138097,2.6161890648851927e-05,1.8566239028744538e-06,5.133127504556749e-07,2.3579649763595953e-06,9.517164081804689e-05,0.0003363350032827908
59,5.611444861219719e-05,7.550465808189788e-05,8.929581348636588e-05,0.00022996583633722316,6.038228268495118e-07,2.124261332500426e-06,0.9455423650216118,0.0013482892743706073,0.0045977244097033226,0.0357420015051829,5.997395618773082e-07,2.8746506515344908e-08,3.427249435257613e-06,5.809219589847654e-06,1.974182614891426e-05,0.007984696281462306,3.9425669520087356e-09,5.1509134781687794e-08,0.003851650046155835,2.7559953988218613e-05,1.7561716806955949e-06,4.761782854875079e-07,2.1688427894735596e-06,9.779080959331557e-05,0.00032025043155501975
60,5.463645278721352e-05,8.104537407525366e-05,7.879758950496292e-05,0.00023559504785845029,6.397476930771174e-07,2.483081793717449e-06,0.9408926231656329,0.0012831215081624031,0.004753424373447597,0.038936888840959374,6.090189049992173e-07,2.826367994125464e-08,3.2905421788760925e-06,6.5476865369543455e-06,2.2115961078809612e-05,0.008710645366648888,3.6793743853794723e-09,5.026866928270764e-08,0.004483266842478734,2.6295889271164286e-05,1.8847608658874e-06,5.197133614017561e-07,2.3638137137891236e-06,8.346595482195978e-05,0.00033965705649987725
61,5.549405186416973e-05,7.925620647854585e-05,9.337920409832776e-05,0.00023118469974383837,6.404402802040521e-07,2.2488158638140207e-06,0.9451084665006381,0.001302409593504364,0.004906709957256418,0.03570061734857955,6.319695310893488e-07,2.9612764671601005e-08,3.563516945760353e-06,6.192932587968487e-06,2.0814769091682163e-05,0.007998056118811004,3.8567298991637975e-09,5.005478753090479e-08,0.004038667345045872,2.7701488353277076e-05,1.7591894845900715e-06,4.831428045909069e-07,2.1337140530530802e-06,9.380838329814246e-05,0.0003256970874035566
62,5.463645278721352e-05,8.104537407525366e-05,7.879758950496292e-05,0.00023559504785845029,6.397476930771174e-07,2.483081793717449e-06,0.9408926231656329,0.0012831215081624031,0.004753424373447597,0.038936888840959374,6.090189049992173e-07,2.826367994125464e-08,3.2905421788760925e-06,6.5476865369543455e-06,2.2115961078809612e-05,0.008710645366648888,3.6793743853794723e-09,5.026866928270764e-08,0.004483266842478734,2.6295889271164286e-05,1.8847608658874e-06,5.197133614017561e-07,2.3638137137891236e-06,8.346595482195978e-05,0.00033965705649987725
63,5.566101864734685e-05,8.685571285688032e-05,7.887350616409344e-05,0.00023061543981793764,6.157866197227732e-07,2.3921988786402084e-06,0.9429542431016771,0.0012545161130786283,0.00479577055676344,0.037714707538198215,6.266021459823257e-07,2.7617538592793342e-08,3.4155535477535503e-06,6.374480397733764e-06,2.2338385271457002e-05,0.008005852338303806,3.795767534817736e-09,5.210123279433205e-08,0.00432941904900573,2.6294017122103796e-05,1.8360168146417698e-06,5.314168788676028e-07,2.2926521580908015e-06,8.718130316779973e-05,0.000339503697945279
64,5.731585672166213e-05,8.484187850418663e-05,8.218263135264243e-05,0.00025068315689119055,7.160096705104868e-07,2.5577627546102395e-06,0.9364655586772549,0.0014565233194039845,0.004938235875308837,0.041455226153793906,6.630886857574683e-07,3.1046336196196786e-08,2.983178984265425e-06,6.957577875324111e-06,2.5151821226893207e-05,0.009419440082954245,4.1893883470239986e-09,5.2975621405853003e-08,0.005247942321453546,2.549715572294929e-05,2.474820244015801e-06,5.656151628932903e-07,2.5408916510194826e-06,8.77250400649353e-05,0.00038412887297187834
65,5.6049914336035275e-05,8.633321943666529e-05,8.595167397846975e-05,0.00030793636011818763,1.0627127535257565e-06,4.581680631344001e-06,0.9176854091190956,0.0013885757527157627,0.004163592823450961,0.055713463309293984,7.22108299525194e-07,4.499423007949976e-08,3.731841920800481e-06,1.0959600627074452e-05,2.3301411648031715e-05,0.014557738948372723,4.137561467135518e-09,7.582401595196018e-08,0.005423883436684885,3.4306322874726256e-05,2.8947457489665463e-06,7.445831895882574e-07,3.7199514902147e-06,7.588258756502824e-05,0.00036903293996034067
66,0.00010962035773694842,0.00015508643043719514,6.522119673225313e-05,0.00019904889980157153,6.781019187608926e-07,1.72911799940495e-06,0.9728752100536707,0.0010695895237020836,0.002235479543763476,0.014607717228384899,1.1277244857776065e-06,3.016879616158773e-08,2.2238544889727518e-06,9.070403857751142e-06,4.480209442775361e-05,0.004374083861954803,8.2909720817816e-09,8.0680702081444e-08,0.0035765045575877974,1.2834156256658203e-05,2.5478109310476654e-06,8.431351600151293e-07,6.168589248472717e-06,0.00015772925597309993,0.0004925649610099333
67,5.216220772666175e-05,7.271875483539359e-05,7.295721457949985e-05,0.00022240476160182275,5.692935580845358e-07,2.6862722919232807e-06,0.9466084407477889,0.00105864413261124,0.003836497100665503,0.03427441480960378,6.063067736258929e-07,2.8405055283224087e-08,3.0859245866224837e-06,6.8926029263152645e-06,2.0734077401635016e-05,0.009541774348264432,3.2356663323337696e-09,5.084411173410632e-08,0.003803411750092381,2.809435735209495e-05,1.7743401241810615e-06,4.88034788202142e-07,2.7060358360858315e-06,7.279344226566949e-05,0.00031606099949258283
68,5.453936464526497e-05,9.477071795311963e-05,0.00011697693281748732,0.00028722857377552866,1.1797225172066256e-06,2.2876941080721803e-06,0.9173125305932437,0.0018400256807036195,0.008365534771367776,0.053751134658253645,5.649123563784563e-07,3.509983685841374e-08,4.366277205794723e-06,8.738623447839712e-06,3.1092617605338324e-05,0.009426263876898093,4.573848520546073e-09,3.338076416865354e-08,0.008185955412277417,2.097507150885497e-05,2.2792462067792545e-06,5.499995180728865e-07,1.8274784591126143e-06,9.156209774303688e-05,0.00039954262293833174
69,5.1737481118630215e-05,7.592336349024715e-05,8.002003894620994e-05,0.00024049535347492586,5.328162610142299e-07,2.104017526739365e-06,0.9401684203847711,0.0013573501386930742,0.004679592811802141,0.04015376955430527,5.378863907215069e-07,2.591307462147236e-08,3.3130528248536674e-06,5.325812203856712e-06,1.913169586939575e-05,0.008670651191999376,3.6482365044564595e-09,4.885417010958757e-08,0.0040197835750909235,3.02610342333339e-05,1.7461798397438943e-06,4.4988277522660043e-07,2.1180088931001454e-06,8.939364899370977e-05,0.00034726365501527525
70,6.681570260016821e-05,8.234496216530973e-05,0.00013829220593330994,0.00024284657400607904,6.656378993629737e-07,3.3344781442353434e-06,0.9584370066909691,0.00047096699103371827,0.003123910932856459,0.02560268320999446,5.459347630478253e-07,5.1159091057687153e-08,5.219997176477933e-06,1.750448866249984e-05,1.4251853331484345e-05,0.009067414185301386,2.3665710744565593e-09,6.214093396311808e-08,0.002223023283475619,3.144035114460436e-05,1.3456562563644931e-06,4.409322428773683e-07,2.535363151204651e-06,5.740824997075285e-05,0.00040988665232535463
71,5.015574222218505e-05,4.3185812827456934e-05,5.010962341483145e-05,0.0001512766775017788,2.46802393542885e-07,1.4269620620417342e-06,0.9676680478626318,0.0008938412480985451,0.002311378974251196,0.018737230572935238,4.905159415753892e-07,2.0565527298863745e-08,2.111782301402962e-06,3.7076567902146007e-06,1.309225954771516e-05,0.00723956551822349,2.658958748004653e-09,4.276978586270299e-08,0.002531238546596126,2.6688483587715156e-05,1.1618329991322557e-06,3.3186279674732297e-07,2.1031690420043226e-06,6.334806928043168e-05,0.0002091940302829513
