,0,1,2,3,4,5,6,7,8,9,10,11,12,13,14,15,16,17,18,19,20,21,22,23,24
0,6.921065418755352e-05,8.372267860757808e-06,3.5967031471117117e-06,5.503025628655977e-05,2.3024666505013307e-08,1.771644859153393e-06,0.9279446727969973,0.00023531973791298302,0.0006014686521610394,0.01840930249575972,4.977686232464368e-08,4.954698237657501e-09,1.0884399242034912e-07,2.2300692332717834e-06,6.961003721181108e-06,0.04689045492616061,2.902638602705536e-10,1.2313149832827949e-08,0.005338344337442215,1.058248122952069e-05,7.605564956362535e-07,1.8873640267070436e-07,2.4314842780262304e-06,3.7936585562938398e-06,0.00041530833367539914
1,6.478663025798137e-05,1.0544122951686446e-05,3.249695118606557e-06,6.877425503946728e-05,2.3805041900185267e-08,1.7260762368996314e-06,0.9050933185645916,0.00027418108952021115,0.0007246854297216515,0.02788697443110763,3.8777083601934435e-08,4.3792685888751895e-09,8.816643776832808e-08,2.66739865470175e-06,8.737430077970453e-06,0.05730547259927268,3.118299771875283e-10,1.1417691213561051e-08,0.007876067713041326,9.684984298704032e-06,1.1697866428262627e-06,2.3540269812636935e-07,2.6282922037098273e-06,3.3838767928537647e-06,0.0006615453644182962
2,7.597447518279463e-05,1.241597133100215e-05,2.3357493621674542e-06,6.31315405482945e-05,2.112308151084793e-08,1.7757683427915628e-06,0.9113692688380391,0.0002287008890501875,0.00040677388362024704,0.02184893491546036,4.0547204250624785e-08,4.719920470528863e-09,8.440404786198502e-08,3.123273930048726e-06,1.0701206685329595e-05,0.05913315959052489,4.0591942174136525e-10,1.4374209333983012e-08,0.00614252131652312,9.625167861859607e-06,1.1838045392599502e-06,3.3369267394704835e-07,4.84109599690261e-06,3.6733788403247683e-06,0.0006813598671045256
3,7.123060169716869e-05,1.2279460402582192e-05,2.9615838017275917e-06,7.435840524184324e-05,2.3686044324246302e-08,1.6097653555224752e-06,0.9224439782565865,0.00025405748730974434,0.0005001776950917635,0.023959170872452404,4.354354180703517e-08,4.698673899778585e-09,9.92942784862489e-08,2.9236132163396157e-06,7.799443328755624e-06,0.045939997137563866,3.6375581512488976e-10,1.5214977000810743e-08,0.006065913792131376,9.583436131535171e-06,1.1161503974376765e-06,2.5482877590495186e-07,3.4337215988874974e-06,4.047426429516373e-06,0.0006449195212156019
4,7.111888091401587e-05,1.3488612219241974e-05,3.2321257591132596e-06,7.88594430587736e-05,2.7016104269721762e-08,1.7235098615182279e-06,0.9239765438312859,0.0002481539367382603,0.0005138460050480092,0.02488545223459143,4.641223865064038e-08,5.109796987153516e-09,1.1951598267778177e-07,3.2811418805711383e-06,7.866834783633363e-06,0.04372502342593314,3.855761644030593e-10,1.6705128172242354e-08,0.005818786302088539,9.81561092212703e-06,1.130622025767965e-06,2.633753380474556e-07,3.5302537454679265e-06,4.3773162559221595e-06,0.0006332913927233872
5,6.871913461940283e-05,1.3318668963593545e-05,2.9156316473561577e-06,8.949557999549455e-05,2.5413425967681545e-08,1.570548169176147e-06,0.92392590913624,0.0002748482326956021,0.00044779298045915595,0.02606095148243338,4.4851724722409845e-08,4.683771626718845e-09,1.1060931575771942e-07,3.019901241761192e-06,6.860716780101909e-06,0.04281203000334542,3.917064755215821e-10,1.826892714306176e-08,0.005623920457308507,1.0294044368447482e-05,1.1872704615278283e-06,2.5102886859781406e-07,3.820190010104779e-06,4.59237635664456e-06,0.0006482983971641108
6,7.123060169716869e-05,1.2279460402582192e-05,2.9615838017275917e-06,7.435840524184324e-05,2.3686044324246302e-08,1.6097653555224752e-06,0.9224439782565865,0.00025405748730974434,0.0005001776950917635,0.023959170872452404,4.354354180703517e-08,4.698673899778585e-09,9.92942784862489e-08,2.9236132163396157e-06,7.799443328755624e-06,0.045939997137563866,3.6375581512488976e-10,1.5214977000810743e-08,0.006065913792131376,9.583436131535171e-06,1.1161503974376765e-06,2.5482877590495186e-07,3.4337215988874974e-06,4.047426429516373e-06,0.0006449195212156019
7,7.633160547373088e-05,1.209953152393167e-05,2.821341643935725e-06,8.195986425625323e-05,2.956122302259287e-08,2.0529280928490757e-06,0.8926996218330129,0.0002931149165030436,0.000509346607582231,0.02961096229070681,4.0967104020478536e-08,5.323267181583794e-09,8.21341150517325e-08,3.601680171920348e-06,9.679659489064016e-06,0.0677199894724577,3.9937048580495585e-10,1.5346370622737924e-08,0.008169568880162873,9.488149310745362e-06,1.5342539766842455e-06,3.2329061729771916e-07,4.52893076959352e-06,3.6649662217008705e-06,0.0007891360665764016
8,7.331005389100386e-05,1.3521072196193232e-05,3.2771321201990718e-06,9.475747227554041e-05,2.2625094078203203e-08,1.0089728586408514e-06,0.9104285570063433,0.00031149750477564526,0.00042637207940077854,0.03175787385935673,2.5184794254578916e-08,4.1157297972996285e-09,1.04008488732188e-07,2.7750088485370244e-06,7.36008579076688e-06,0.0507538835985294,4.775143316616314e-10,1.301491994421193e-08,0.005135282247414245,9.202099678157087e-06,1.2027265702440067e-06,2.2823859865670997e-07,3.8863689417238875e-06,6.0958696246724166e-06,0.000969739176244252
9,6.28331501747568e-05,1.2984287208402007e-05,4.041356910927826e-06,9.324293947020416e-05,1.9927734890006267e-08,9.14988592139512e-07,0.929474185789989,0.000284386193406602,0.0005606429760438866,0.028798713335810598,2.828254911756483e-08,3.550137525259682e-09,1.2754136612159393e-07,2.1960805381709875e-06,5.866341124571373e-06,0.03581354013503044,3.7253785197589545e-10,1.2578711016729897e-08,0.00403291026189817,1.01508509694167e-05,9.263935551198149e-07,1.5454931352300082e-07,2.488432363358554e-06,6.531546861174357e-06,0.0008330981377029542
10,7.123060169716869e-05,1.2279460402582192e-05,2.9615838017275917e-06,7.435840524184324e-05,2.3686044324246302e-08,1.6097653555224752e-06,0.9224439782565865,0.00025405748730974434,0.0005001776950917635,0.023959170872452404,4.354354180703517e-08,4.698673899778585e-09,9.92942784862489e-08,2.9236132163396157e-06,7.799443328755624e-06,0.045939997137563866,3.6375581512488976e-10,1.5214977000810743e-08,0.006065913792131376,9.583436131535171e-06,1.1161503974376765e-06,2.5482877590495186e-07,3.4337215988874974e-06,4.047426429516373e-06,0.0006449195212156019
11,7.136046746911346e-05,1.2644731458230858e-05,3.0353396319013153e-06,7.638037440923731e-05,2.392853522140962e-08,1.5939043379568803e-06,0.9252427801727048,0.0002534916354275436,0.0004971628036006569,0.023819087734548865,4.468475901694133e-08,4.820532422793087e-09,1.086781045519304e-07,2.9555596580196716e-06,7.592339800126617e-06,0.043604370957443385,3.7734758576152774e-10,1.6048360496627608e-08,0.0057532565894865455,9.886909558971848e-06,1.0922221874368102e-06,2.5419143488125984e-07,3.4598901066572302e-06,4.258798528629622e-06,0.0006351368405675338
12,0.00010515830275310908,3.0411363705752287e-05,2.3413198593889474e-06,0.00016685024345184328,9.24413837354015e-08,6.016673246333952e-06,0.8278647635105889,0.00021164378973562847,0.00012586942658150625,0.05356025682900535,5.4292706788804634e-08,1.4168483567579427e-08,2.302199855433647e-07,1.7225418100654686e-05,8.100805011574208e-06,0.11171111603753099,9.245173461384044e-10,8.057884101196916e-08,0.00536587720923846,1.3519028531120597e-05,2.6252431987681234e-06,1.1345658351259118e-06,2.8120202784126613e-05,5.5533897125299555e-06,0.0007729440152106151
13,8.98182100873704e-05,1.1666202494156694e-05,3.949668879769073e-06,6.161665164947879e-05,2.8497762814379253e-08,1.6363325080489321e-06,0.9353871916759324,0.0002663763521438914,0.000613129581887376,0.015074806272192291,7.279154813185219e-08,8.159057014049221e-09,1.0287634294869723e-07,3.789788590591632e-06,1.1336538791088848e-05,0.03989574802897509,4.785079586203224e-10,1.4019727939053002e-08,0.007963667307719607,8.81526595226328e-06,1.2962337554750617e-06,3.2909724966253443e-07,3.218492513640679e-06,3.5543172966593004e-06,0.0005978271584342288
14,5.2149577611494914e-05,1.9704150838531993e-05,3.1486002985650394e-06,9.781124575251361e-05,3.3413806563154495e-08,2.073743747150277e-06,0.9072254671268069,0.0002712403879223777,0.0006308681125606212,0.041910871780105,4.874013028896775e-08,3.8492158523320955e-09,1.4394491451762354e-07,3.1299134029787085e-06,7.64635450101164e-06,0.04304893796766784,3.546643323774004e-10,1.9294387785103812e-08,0.006089265309516186,1.0961126848907431e-05,1.2720761504582287e-06,2.773454253678937e-07,3.2863412216965263e-06,5.030046510430226e-06,0.0006166091959926865
15,7.123060169716869e-05,1.2279460402582192e-05,2.9615838017275917e-06,7.435840524184324e-05,2.3686044324246302e-08,1.6097653555224752e-06,0.9224439782565865,0.00025405748730974434,0.0005001776950917635,0.023959170872452404,4.354354180703517e-08,4.698673899778585e-09,9.92942784862489e-08,2.9236132163396157e-06,7.799443328755624e-06,0.045939997137563866,3.6375581512488976e-10,1.5214977000810743e-08,0.006065913792131376,9.583436131535171e-06,1.1161503974376765e-06,2.5482877590495186e-07,3.4337215988874974e-06,4.047426429516373e-06,0.0006449195212156019
16,7.03209564084815e-05,1.2619845610733354e-05,2.79330437191313e-06,7.625909885009655e-05,2.3344645513973072e-08,1.6331203757504926e-06,0.9167148465683281,0.0002570972882391419,0.00047089994959485,0.026595304944859902,4.140129638522562e-08,4.699173657716243e-09,9.535399849528914e-08,2.9945992481874055e-06,7.617728042722889e-06,0.04894253333181674,3.696646993415671e-10,1.6082272861267338e-08,0.006160492744015973,9.579404050939326e-06,1.229958676014912e-06,2.7055553677194836e-07,3.5474819237161775e-06,3.991068689380106e-06,0.0006657868003088969
17,7.754947370263225e-05,1.332386440844344e-05,2.9496947732380314e-06,9.453866715924083e-05,2.5086917741294646e-08,1.488120667583291e-06,0.9295589727894272,0.0002484478797803162,0.00037434708700085484,0.02316087363480314,4.247780364595729e-08,5.488633054345756e-09,1.2166462008365932e-07,3.72678478326559e-06,6.345542475881942e-06,0.040768628090880686,4.115253680625253e-10,1.997113267363996e-08,0.004971137445284781,9.877684628131832e-06,1.1692426874348484e-06,2.568796398456217e-07,4.4361295269493515e-06,4.566761311820599e-06,0.0006971491264262494
18,7.637363019443e-05,1.2370274128547128e-05,2.879299341576151e-06,7.257789994403503e-05,2.092405214057024e-08,1.405337598491252e-06,0.9268315946383144,0.00024828627926766863,0.00044782178055616,0.02306691423883104,3.980046677939208e-08,4.767612454481446e-09,9.857800029765152e-08,2.843555566737701e-06,7.104256563352183e-06,0.04294540004165926,3.857674775938911e-10,1.6227969399639046e-08,0.005587231551849509,9.35037716514225e-06,1.081930091343524e-06,2.591434210189838e-07,3.3879861960471216e-06,4.2515211801697725e-06,0.0006786855742626265
19,7.020389107988327e-05,1.2719968584161076e-05,3.215556482635972e-06,7.806145758161085e-05,2.600878094591969e-08,1.6648498208822562e-06,0.9211567659184801,0.0002640735229939846,0.0005357698591231911,0.02532938858598501,4.4823427772407886e-08,4.955133204847845e-09,1.0782023563466171e-07,3.066548018449252e-06,7.868666139001324e-06,0.04568654676980883,3.751530570208396e-10,1.5493479437795456e-08,0.0061826289577880614,9.89151285953399e-06,1.1404753229681834e-06,2.607888860137244e-07,3.3625063727960943e-06,4.1961501276654975e-06,0.0006489745383353642
20,7.251531569848154e-05,1.69638156159772e-05,3.3577008433499113e-06,8.996763739486146e-05,3.448040312273921e-08,1.7303789801219738e-06,0.9070489380899125,0.0003899912204531217,0.0006385643240120441,0.03349127570450395,4.7843377098124305e-08,5.762589942018982e-09,1.1617784647660385e-07,3.4279504132612106e-06,1.1419874751914833e-05,0.04929444874735394,5.80527596478873e-10,1.764889803756591e-08,0.00813964004157271,1.061496935569205e-05,1.6215324601762496e-06,4.365604035952204e-07,4.114457605687177e-06,5.315602254521419e-06,0.0007754335827717105
21,7.002144474707863e-05,9.066213503314355e-06,2.747199114862718e-06,6.519566794826885e-05,1.8707020438020728e-08,1.5241386533232645e-06,0.9191513481321517,0.0001849403689277296,0.00032921505159586744,0.021167357711298823,3.366071315247243e-08,5.088388221082511e-09,1.0472133507923032e-07,2.915314838229633e-06,5.312604466903503e-06,0.0541997647413064,2.789324012623071e-10,1.4404832067706234e-08,0.004266801600718614,1.0044140092725412e-05,8.799803087979261e-07,1.8499974325701489e-07,3.3885111797689935e-06,3.4795636318447595e-06,0.0005256357545512885
22,7.730537813863045e-05,1.0267983205653283e-05,2.8227131323291785e-06,6.604524728925831e-05,2.014603458522066e-08,1.6302553191900726e-06,0.920471855172589,0.0002551564883614362,0.00040344045406767216,0.021387284574196374,4.682992281180927e-08,4.985349768863602e-09,8.154522779162637e-08,2.6145767326125766e-06,7.053905770567548e-06,0.051228596365442365,4.061797730474429e-10,1.811125806041954e-08,0.00551403690333299,1.049976218613233e-05,1.2572545693486196e-06,2.7658656205153977e-07,3.6010078917568975e-06,3.98787104779349e-06,0.0005520954761919387
23,7.123060169716869e-05,1.2279460402582192e-05,2.9615838017275917e-06,7.435840524184324e-05,2.3686044324246302e-08,1.6097653555224752e-06,0.9224439782565865,0.00025405748730974434,0.0005001776950917635,0.023959170872452404,4.354354180703517e-08,4.698673899778585e-09,9.92942784862489e-08,2.9236132163396157e-06,7.799443328755624e-06,0.045939997137563866,3.6375581512488976e-10,1.5214977000810743e-08,0.006065913792131376,9.583436131535171e-06,1.1161503974376765e-06,2.5482877590495186e-07,3.4337215988874974e-06,4.047426429516373e-06,0.0006449195212156019
24,6.54465933334906e-05,1.6901652479958002e-05,3.2609739512472144e-06,0.00010851823381752978,3.3601890249924e-08,1.9160811478087e-06,0.9122500762945189,0.0002768628735314812,0.0005146096501408764,0.03362640662309673,4.675957017363893e-08,5.557479198133766e-09,1.406028457960282e-07,4.1846589383749026e-06,7.423584996454639e-06,0.04573335817483196,4.0400829455257376e-10,1.9857726498032864e-08,0.006636851321744229,1.1026881283988411e-05,1.3782751600169897e-06,2.996946817938803e-07,4.027990160631142e-06,4.321415826310963e-06,0.0007328822428379939
25,6.400592507805689e-05,8.99764275764783e-06,2.680511146744222e-06,7.192137560550758e-05,1.6184794539368644e-08,8.752092890710226e-07,0.9486475227211315,0.0002925768771668017,0.0003467187725003128,0.015544328048062543,4.753219825812262e-08,4.56234022499093e-09,9.874317302965499e-08,1.9318540660420265e-06,5.173719604951654e-06,0.02997586191868012,3.9662190839085914e-10,1.4762186292854448e-08,0.0045782698225098045,1.02559901335019e-05,9.050661686710337e-07,1.8501283097929678e-07,2.8359555266445144e-06,4.47407753817893e-06,0.00044029731888860154
26,8.652829181241746e-05,1.1053032350788387e-05,3.805946139136576e-06,7.0051549137541e-05,1.7811744603592173e-08,1.0133293919470647e-06,0.9475332437389626,0.0002735375334801555,0.00048434639806649256,0.018355820271249577,4.106967170843979e-08,4.156206154918533e-09,1.1972712685476197e-07,1.87740299159614e-06,5.0312329242333015e-06,0.0288479346026336,4.337171363468139e-10,1.8465818199869795e-08,0.0037263292983615117,1.0083528804294276e-05,7.624465402890037e-07,1.8533127523497078e-07,2.523099145655569e-06,6.7167423411789134e-06,0.0005789545601068481
27,7.400962555697393e-05,1.217867992308279e-05,2.8883285286188017e-06,6.558959646409698e-05,2.0910140262113083e-08,1.8157015906210305e-06,0.9136805764746329,0.00028529199615117377,0.0006651525593647482,0.026414741968539213,4.117531156682421e-08,4.197263744432707e-09,8.048967184035422e-08,2.4869943047989792e-06,9.901636449402875e-06,0.0514431916612832,3.6469857525843335e-10,1.4717470805079418e-08,0.006572637467032386,1.0446912117533065e-05,1.1718874114485951e-06,3.2137649042211845e-07,3.2048744012706857e-06,3.956194803502593e-06,0.0007502742103975761
28,7.123060169716869e-05,1.2279460402582192e-05,2.9615838017275917e-06,7.435840524184324e-05,2.3686044324246302e-08,1.6097653555224752e-06,0.9224439782565865,0.00025405748730974434,0.0005001776950917635,0.023959170872452404,4.354354180703517e-08,4.698673899778585e-09,9.92942784862489e-08,2.9236132163396157e-06,7.799443328755624e-06,0.045939997137563866,3.6375581512488976e-10,1.5214977000810743e-08,0.006065913792131376,9.583436131535171e-06,1.1161503974376765e-06,2.5482877590495186e-07,3.4337215988874974e-06,4.047426429516373e-06,0.0006449195212156019
29,7.123060169716869e-05,1.2279460402582192e-05,2.9615838017275917e-06,7.435840524184324e-05,2.3686044324246302e-08,1.6097653555224752e-06,0.9224439782565865,0.00025405748730974434,0.0005001776950917635,0.023959170872452404,4.354354180703517e-08,4.698673899778585e-09,9.92942784862489e-08,2.9236132163396157e-06,7.799443328755624e-06,0.045939997137563866,3.6375581512488976e-10,1.5214977000810743e-08,0.006065913792131376,9.583436131535171e-06,1.1161503974376765e-06,2.5482877590495186e-07,3.4337215988874974e-06,4.047426429516373e-06,0.0006449195212156019
30,7.123060169716869e-05,1.2279460402582192e-05,2.9615838017275917e-06,7.435840524184324e-05,2.3686044324246302e-08,1.6097653555224752e-06,0.9224439782565865,0.00025405748730974434,0.0005001776950917635,0.023959170872452404,4.354354180703517e-08,4.698673899778585e-09,9.92942784862489e-08,2.9236132163396157e-06,7.799443328755624e-06,0.045939997137563866,3.6375581512488976e-10,1.5214977000810743e-08,0.006065913792131376,9.583436131535171e-06,1.1161503974376765e-06,2.5482877590495186e-07,3.4337215988874974e-06,4.047426429516373e-06,0.0006449195212156019
31,7.965889904692149e-05,1.5342519431374174e-05,4.43373281356423e-06,0.00010903311027110579,3.268890127516907e-08,1.2535241619368856e-06,0.9221555590697181,0.0003877685166225562,0.0005558065457127413,0.030287085602129785,4.249636786660881e-08,6.111279806791252e-09,1.559907292456741e-07,3.1693382826642327e-06,6.5178120777724315e-06,0.039558680054651595,5.508027111541103e-10,1.9342273590735266e-08,0.006059615631973915,1.1656810965782691e-05,1.2227874486939846e-06,2.6939834094674554e-07,3.330145268216454e-06,6.648302818466647e-06,0.00075269101790933
32,7.32457369732106e-05,1.2506088828306227e-05,3.0321355251744216e-06,7.415813792030556e-05,2.4596002284482204e-08,1.6522606481839944e-06,0.9191685871082788,0.00026715981412549135,0.0005443164968358484,0.02454536216594792,4.454839395079492e-08,4.878723873929696e-09,9.703236251043842e-08,2.9885661788713707e-06,8.50688885914832e-06,0.047807852518192535,3.8097660592126955e-10,1.4939746640780605e-08,0.006796735397583089,9.56018790736372e-06,1.1976592578042848e-06,2.7204640561477724e-07,3.389277776682938e-06,3.9666096227130525e-06,0.0006753245269271724
33,8.432560208138903e-05,2.1857493036247806e-05,2.7473837574510162e-06,0.00010393928965355672,4.2805187582223073e-08,2.4768338508644733e-06,0.9061684315556469,0.0002848613429800161,0.00032774148949155736,0.032055396053787544,5.991852797361974e-08,7.92447071804167e-09,1.7056185791085733e-07,5.712829691823979e-06,8.581717118685104e-06,0.053482281741623595,6.530901582571981e-10,3.1941333517559417e-08,0.006860605340318974,1.2628127341068444e-05,1.5667987457603383e-06,6.205524178919984e-07,6.933470453841044e-06,4.790857091158494e-06,0.0005641877164437956
34,8.273853747853865e-05,1.1479475818806456e-05,3.299056840891157e-06,5.817589179800711e-05,2.0251105543660465e-08,1.5174500488330073e-06,0.9282094537883571,0.000249791258609101,0.0008302335252571927,0.021556644753742905,4.090674908368717e-08,4.170977419301601e-09,8.59972848742081e-08,2.4301696530478374e-06,9.386197458358407e-06,0.040747988359224746,3.1267170416608315e-10,1.1754244392796654e-08,0.007480335432372208,7.86907338186815e-06,1.0064741230591827e-06,2.275804132850743e-07,2.175274225022764e-06,3.68948073116739e-06,0.000741394827432824
35,7.298444057224952e-05,1.2232612093111948e-05,2.968651843105751e-06,7.511038593304083e-05,2.279781235007888e-08,1.5418181883068607e-06,0.9235822668447475,0.00026509294221787157,0.0005189202057888958,0.024462968746479213,4.2321907967967064e-08,4.647772960277146e-09,9.891413271807369e-08,2.7951103094993667e-06,7.50641513252087e-06,0.04419734284586167,3.68687589453231e-10,1.561822367055496e-08,0.006113455062153702,9.603690196813767e-06,1.1112204156138824e-06,2.544562421342554e-07,3.2523656225390264e-06,4.144950056997935e-06,0.0006662625676080123
36,5.128045506864806e-05,1.0702181888452484e-05,1.7217191276938117e-06,5.30913665784539e-05,1.2848654633225675e-08,1.8579346291114841e-06,0.9444537881106561,0.0001443988647596088,0.00029913210732309916,0.017406369682787224,5.1253995455485593e-08,2.4659521854149745e-09,6.827615916191492e-08,1.91594222552029e-06,5.138746645670172e-06,0.034180126546197606,1.8551903845012387e-10,1.9288397235855627e-08,0.0030154294871161808,9.7145959888151e-06,7.884497110827129e-07,1.9277451612293378e-07,3.2766696281678987e-06,3.161306775584067e-06,0.0003577587396992907
37,0.00011087109022557323,9.319189404678382e-06,2.85198550957599e-06,4.865076146602837e-05,1.3992837312131807e-08,9.822964120956963e-07,0.9512463412297174,0.0001571989234196523,0.0002675637387577923,0.01096197788981491,3.926469289041357e-08,5.264404723909588e-09,8.723239826784805e-08,2.7159955574848122e-06,4.828921347541506e-06,0.03266286341016109,3.290120539976212e-10,1.5901107903623737e-08,0.004014360401900636,7.234926294577489e-06,7.075224249064539e-07,1.9472733990224383e-07,2.6901283207388572e-06,3.7171373231302677e-06,0.0004947677401488793
38,7.087871369413128e-05,3.478129068145267e-05,8.339343898590092e-06,0.0003394387458082899,8.918266784370989e-08,1.4275977114125156e-06,0.8663834213548133,0.0010582692564713716,0.0015628147962358078,0.08336416447339433,5.390598675920887e-08,9.336109032271952e-09,3.67391121225475e-07,5.26126238647242e-06,9.1265616176715e-06,0.033294031890884326,1.1886540315905395e-09,2.7420376245655798e-08,0.01210333541618832,1.8636970321546774e-05,2.270817273108143e-06,4.577436872097147e-07,3.581801084874794e-06,1.1271958212408245e-05,0.001727941580720268
39,7.46690047889111e-05,8.475738171895186e-06,3.5073070419953775e-06,8.75892528161928e-05,3.050601395330155e-08,1.8884819071667284e-06,0.8747977231833519,0.00040940976632101214,0.0005539453931585256,0.0306656696995227,4.207800188843895e-08,6.3706129621477556e-09,7.577207478017735e-08,2.7865587968456757e-06,8.529734709268797e-06,0.08398696995072724,4.453595197217998e-10,1.4484497427909055e-08,0.00862268039901855,1.1976582505600955e-05,1.833948433041763e-06,2.5979161855520815e-07,4.00209523064018e-06,4.1116341511026905e-06,0.0007538018211681353
40,0.0001089312489720785,1.298013451859866e-05,3.267901786419051e-06,4.7288910040407864e-05,2.2980345934443864e-08,2.0078605634397334e-06,0.9303316166226425,0.00017795251121161524,0.000521339878521315,0.015359496727699814,5.6824697438307244e-08,6.536939811318522e-09,7.357970988986184e-08,4.1804857938158525e-06,1.1473405835800902e-05,0.045361917011979704,3.82524365379061e-10,1.5942040963221434e-08,0.007349789122627474,7.067385809050829e-06,1.2935933654004274e-06,4.0250030430078384e-07,3.2757135353224785e-06,2.986408750030726e-06,0.0006925563297845874
41,6.468328526573655e-05,1.5109461214772026e-05,5.848729676911214e-06,9.088573820826974e-05,5.266615246630785e-08,2.838351758997866e-06,0.8683627530117475,0.000331041357331875,0.0014680764105322796,0.04358535798573747,4.318190664585043e-08,4.710355187437779e-09,1.075389631016692e-07,4.019792114861733e-06,1.6071528977122192e-05,0.07510952941431889,3.5014289675080807e-10,1.0198887195154836e-08,0.009889381687286276,9.710790889817569e-06,1.6237586214937454e-06,2.7995821161751057e-07,2.9136864707904113e-06,4.636271219931769e-06,0.0010350201340081097
42,7.526184706384974e-05,1.1071213512517816e-05,2.7128965827452213e-06,5.860098297643279e-05,2.1925186507013096e-08,1.5306838134086174e-06,0.8833085442276294,0.0003856135368630475,0.0005878935154142943,0.027364325712153734,3.992928031739411e-08,5.045443754693845e-09,6.02563974787241e-08,2.3740461230789496e-06,1.2792679477234749e-05,0.07698750965362632,5.083654216603656e-10,1.124457878226316e-08,0.01050988274672094,1.0701880094685815e-05,1.6854930658324269e-06,4.443676305374883e-07,3.501693754418228e-06,3.4872552615669775e-06,0.0006719266589839362
43,6.369486984397094e-05,1.5202126108693774e-05,2.9492087201132343e-06,0.00010376542837610733,4.452400921437137e-08,2.82279619340986e-06,0.8404501215435848,0.00045957589909209476,0.0007256317704904163,0.05792817822045885,4.373922845356442e-08,5.261994911670811e-09,8.964348815516269e-08,3.4610194139654435e-06,1.2004990131347055e-05,0.08860338068378823,5.119441912875537e-10,1.8528076128162762e-08,0.010747939556878805,1.1375306950679938e-05,2.3601344591482556e-06,4.5801691718333357e-07,4.879412867868783e-06,4.654990756238644e-06,0.0008573418162268619
44,7.123060169716869e-05,1.2279460402582192e-05,2.9615838017275917e-06,7.435840524184324e-05,2.3686044324246302e-08,1.6097653555224752e-06,0.9224439782565865,0.00025405748730974434,0.0005001776950917635,0.023959170872452404,4.354354180703517e-08,4.698673899778585e-09,9.92942784862489e-08,2.9236132163396157e-06,7.799443328755624e-06,0.045939997137563866,3.6375581512488976e-10,1.5214977000810743e-08,0.006065913792131376,9.583436131535171e-06,1.1161503974376765e-06,2.5482877590495186e-07,3.4337215988874974e-06,4.047426429516373e-06,0.0006449195212156019
45,6.394750901539958e-05,1.0091762586991547e-05,3.186006743622535e-06,6.136203614935216e-05,2.4074538481906263e-08,1.399495523203718e-06,0.929483664974235,0.00027870715283768023,0.0005868360694854512,0.020569366804625663,4.375990355675913e-08,4.416378159151769e-09,1.0373111106315536e-07,2.2951345151582133e-06,8.592311683318264e-06,0.04239925523883191,3.5100452884075367e-10,1.0757265051916023e-08,0.006028337052985405,8.998019388559573e-06,8.896360081004364e-07,2.1944407589623137e-07,2.7657773139673582e-06,4.257305162446826e-06,0.0004856411786321329
46,0.00011983473668584704,1.5294363692986456e-05,3.833043894407e-06,0.00010703605250791881,2.8918765549962482e-08,1.0723719440553148e-06,0.919308747538695,0.0005328682714360193,0.00041194222419702536,0.0245862209262226,5.189305282354651e-08,8.199834837784978e-09,1.456421417945878e-07,2.770471264723312e-06,8.691672515179193e-06,0.04706498497498018,1.3151849955236945e-09,2.431692834547182e-08,0.006951346817426869,1.400709044575781e-05,1.548591761916663e-06,4.326496076358934e-07,5.513515776314954e-06,8.677321782358734e-06,0.000854917079254759
47,8.32432984757448e-05,1.0848821354066949e-05,2.664319084366064e-06,5.933764916181823e-05,1.786189721782415e-08,1.4825030730428747e-06,0.924993113517111,0.00022617113734683288,0.0004086113813062327,0.019916516832131054,4.039012224601543e-08,4.91746226616461e-09,8.406229013338733e-08,2.6177107687620764e-06,7.112121150857042e-06,0.04811472264478025,3.5747550249438253e-10,1.564926120409425e-08,0.005552057773373335,9.678632876339413e-06,1.0211716706280463e-06,2.729674104051563e-07,3.2593803183510507e-06,3.6536967993986804e-06,0.000603451203298996
48,7.548978149786171e-05,1.4995874740765976e-05,2.6007130340700365e-06,7.984970369350658e-05,2.523375837401393e-08,1.3114452808711922e-06,0.9185896670179395,0.0003128362029160834,0.00045441198668421187,0.02692960162075867,4.105234712235362e-08,4.935224362887379e-09,1.0958113503080096e-07,2.9868526918076817e-06,8.997326239409176e-06,0.04518149194350984,5.418197522445564e-10,1.558607073423926e-08,0.007647422558459006,8.941912973201557e-06,1.2872641899346646e-06,3.3355107557494685e-07,3.99139930043391e-06,4.6683652244327476e-06,0.0006789175494354252
49,7.391615415535074e-05,1.2160686408044035e-05,3.488000815352314e-06,7.687656741772969e-05,2.959019501267442e-08,2.2790911564907442e-06,0.9137600360636178,0.0002633816979358278,0.0005249733367307791,0.024974389534413728,5.4301935120919295e-08,6.608284990597821e-09,1.129615551435952e-07,3.6435804234974544e-06,8.071517038029923e-06,0.05347130267662182,3.8761297110326394e-10,1.902110882190767e-08,0.0062076085200108745,1.2193621924672494e-05,1.2410065252935906e-06,3.3083251777195754e-07,3.851291887041164e-06,3.7550892522028193e-06,0.0005962778604558697
50,0.001267987295865125,5.906171211064251e-05,0.00014993935294801644,0.0015624538354795292,7.899534624948252e-07,3.757415326939734e-05,0.950878944572781,0.0011107012737036988,0.0013950956430874544,0.0030578429619579836,4.03186863534773e-05,2.253281310430667e-06,2.0941658501109996e-06,2.462855504911073e-05,0.00016159188321290862,0.03007090318317491,8.531249119436547e-08,2.6513613997811884e-06,0.0025446498495974887,0.0002692764227863723,2.7106752927583234e-05,1.453816194953843e-06,0.0003312143033660587,0.00011550417385954384,0.006885877497760786
51,6.693739797779185e-05,1.3244658875786467e-05,2.8292734006317848e-06,7.841881376231691e-05,2.317441962170876e-08,1.5130800792022365e-06,0.9292033185792125,0.00025728403480102695,0.000487483231795622,0.025042841357522477,4.429596139325765e-08,4.490416315174407e-09,1.0100617817322009e-07,2.955550463257955e-06,7.145565824448469e-06,0.03836012296722222,3.5727787103291874e-10,1.6906617207116897e-08,0.0058277394305796745,9.086939816578756e-06,1.165165636239e-06,2.609921603329577e-07,3.2366949864995462e-06,4.114974238466868e-06,0.0006301110607743711
52,6.643246984954372e-05,1.1125690804089822e-05,2.3051178353846493e-06,5.684187103483354e-05,1.608978868466347e-08,2.299419759194076e-06,0.9354213498971102,0.00016170065944589736,0.0004120777403510962,0.020800931814752257,4.7011578355559095e-08,3.7381111185318856e-09,1.0003109302597151e-07,2.4731716400471212e-06,5.5242372958606785e-06,0.039174720787555094,2.361210721976429e-10,2.3138678933541623e-08,0.0034180850957080348,1.14671987369201e-05,7.741464359866032e-07,2.510202379513833e-07,3.1989833978329044e-06,3.449840523991091e-06,0.0004448005921543819
53,8.752693877549177e-05,0.00012375195719856538,2.8008356386387713e-05,0.000787220232419984,1.1282327285615431e-05,8.322523839123116e-06,0.09561196861519639,0.0036757889724032666,0.0041437408258030274,0.5923668948018073,5.1586428599893536e-08,1.544782580765106e-07,8.953601676710615e-07,6.982809558931675e-05,3.1153677751819204e-05,0.08664820207280345,9.215821529842305e-09,3.9626298718713216e-08,0.21238030086622278,6.0053492617033785e-06,2.492967119778835e-05,4.844077785721923e-06,3.877380585898346e-06,9.130520761065847e-06,0.003976072469950687
54,6.312398440911852e-05,9.414293593497644e-06,2.2058725401353205e-06,4.668531497627135e-05,1.1001005623084487e-08,1.3184801800553543e-06,0.9283610303709459,0.00011630938990786762,0.00037483999162244905,0.017666598107894768,2.4583423163739507e-08,3.3676298603115907e-09,6.508166819706179e-08,2.855092971312517e-06,6.4186835984362695e-06,0.04848164319697113,1.692083713168487e-10,9.176515945601355e-09,0.004175636139984347,7.562735519832385e-06,7.338774261845008e-07,1.7959535277293318e-07,2.476575968081171e-06,2.131476932437627e-06,0.0006787234397542744
55,7.881537358593469e-05,9.766266448067092e-06,3.6403229116784695e-06,6.420998283613392e-05,1.4443854255580537e-08,1.1336804418117571e-06,0.951648084250749,0.00021754748695890035,0.0006229944608954254,0.016607616120193295,4.079732740734457e-08,4.638251412590325e-09,1.1866730998994748e-07,2.0794064320689345e-06,4.5385293557701805e-06,0.02597454492110431,2.603565989795739e-10,1.614487020322236e-08,0.004135750985759137,1.061110836934325e-05,6.45032509100108e-07,1.616298929922714e-07,1.727555191829385e-06,3.988247219541031e-06,0.000611949687176001
56,7.198328110272746e-05,1.2929985953425148e-05,3.0951356015859987e-06,7.667923817507236e-05,2.457699364990711e-08,1.5998383552948293e-06,0.925198681897169,0.0002562330603137615,0.0005075987624171053,0.023941302371916887,4.5331882020152867e-08,4.8962554999028e-09,1.1234699293712091e-07,2.980561654854703e-06,7.721937069667707e-06,0.043396162751222586,3.872964750240311e-10,1.6113913594984407e-08,0.005871209624878137,9.940975359052162e-06,1.092617617152732e-06,2.575686971207204e-07,3.439925085038196e-06,4.3324559869729866e-06,0.0006325543580904178
57,8.231507117548989e-05,1.5304898055030048e-05,5.444616326707196e-06,0.00010702959485879184,5.268171900864857e-08,2.2119118398709208e-06,0.863347772198368,0.00048568619028975025,0.0009474464784997974,0.04556681618494044,4.741063964813339e-08,9.581715364027293e-09,1.5805434365982945e-07,4.378571244650175e-06,1.1219219384239354e-05,0.0762592490608403,6.79948026662655e-10,1.6460137445612053e-08,0.012245870880295391,1.3697227044715925e-05,1.9048251663914027e-06,4.378936274950602e-07,3.44741840715157e-06,4.950244932702556e-06,0.0008945326462000341
58,7.122694564054414e-05,1.2627957729387683e-05,3.0691552466512733e-06,7.565223546852491e-05,2.37181682410742e-08,1.4970815182467158e-06,0.9263669429194721,0.0002622756149402614,0.0004906520267951041,0.02375300426577547,4.398678853960481e-08,4.630239925218029e-09,1.0468084921356856e-07,2.7978234860197613e-06,7.575208339909103e-06,0.04264170871610027,3.924657419174415e-10,1.5874567413270193e-08,0.005655352765264842,9.548400797159312e-06,1.1036886994136853e-06,2.4937051225552704e-07,3.464944810029684e-06,4.56482894726087e-06,0.0006364927673777012
59,7.237897650045682e-05,1.1368478835905087e-05,3.3399090327336726e-06,7.294876238402949e-05,2.212552989554705e-08,1.3731811227144108e-06,0.928968776475604,0.000267630493686927,0.0004820023116130457,0.022102153729768866,4.270047329594167e-08,4.709034080715634e-09,1.0242537844292351e-07,2.572484419237092e-06,6.9304594643830904e-06,0.042225940839329,3.871199480718728e-10,1.558349653055134e-08,0.0051549915367088365,1.0092534724812681e-05,1.042693776968323e-06,2.3155375576042594e-07,3.1648594975725522e-06,4.7496552628042e-06,0.0006081231334797115
60,7.123060169716869e-05,1.2279460402582192e-05,2.9615838017275917e-06,7.435840524184324e-05,2.3686044324246302e-08,1.6097653555224752e-06,0.9224439782565865,0.00025405748730974434,0.0005001776950917635,0.023959170872452404,4.354354180703517e-08,4.698673899778585e-09,9.92942784862489e-08,2.9236132163396157e-06,7.799443328755624e-06,0.045939997137563866,3.6375581512488976e-10,1.5214977000810743e-08,0.006065913792131376,9.583436131535171e-06,1.1161503974376765e-06,2.5482877590495186e-07,3.4337215988874974e-06,4.047426429516373e-06,0.0006449195212156019
61,7.091925124424985e-05,1.1790025640273319e-05,3.439512009421052e-06,7.310276912631969e-05,2.3207566180795946e-08,1.462591314434368e-06,0.9282868108020135,0.0002572910358511515,0.0005116817837156484,0.022075743825003043,4.481874922143996e-08,4.794859434548958e-09,1.0469542607606189e-07,2.726751596822182e-06,7.304085428105277e-06,0.04265884819108804,3.737700779016364e-10,1.50447692148381e-08,0.005403447994141936,1.0132909566415826e-05,1.0465327569255045e-06,2.3366754476473204e-07,3.133054211711534e-06,4.4876165046614605e-06,0.0006162046661025315
62,7.123060169716869e-05,1.2279460402582192e-05,2.9615838017275917e-06,7.435840524184324e-05,2.3686044324246302e-08,1.6097653555224752e-06,0.9224439782565865,0.00025405748730974434,0.0005001776950917635,0.023959170872452404,4.354354180703517e-08,4.698673899778585e-09,9.92942784862489e-08,2.9236132163396157e-06,7.799443328755624e-06,0.045939997137563866,3.6375581512488976e-10,1.5214977000810743e-08,0.006065913792131376,9.583436131535171e-06,1.1161503974376765e-06,2.5482877590495186e-07,3.4337215988874974e-06,4.047426429516373e-06,0.0006449195212156019
63,7.248447612321401e-05,1.3225096088326121e-05,2.967507541616817e-06,7.315670828426508e-05,2.2804033725271535e-08,1.5522319525320295e-06,0.9268087227417849,0.0002499003787074731,0.0005071955466909087,0.02337391198557411,4.490944586698193e-08,4.573040027014109e-09,1.031975767490128e-07,2.837436065568174e-06,7.92462545685645e-06,0.04235396633472843,3.772443652477984e-10,1.5796399702645143e-08,0.005865097034777436,9.630586945165194e-06,1.0927969227368314e-06,2.6084995247690273e-07,3.342528241600895e-06,4.257859283109005e-06,0.0006482816171389016
64,7.417730318469331e-05,1.2941600719329315e-05,3.1004358882174073e-06,7.972492664124124e-05,2.6513218945808947e-08,1.6461109269407758e-06,0.9165014838477623,0.0002881538060275931,0.0005179449663722266,0.02556893689879597,4.733663298948127e-08,5.128776567446895e-09,8.993614960252064e-08,3.1217326826053917e-06,8.816501000911759e-06,0.04916275861944148,4.1236506084000663e-10,1.6110228789267686e-08,0.007025975551384422,9.272038230497297e-06,1.471814741529452e-06,2.766078017554662e-07,3.6819320509488373e-06,4.271884576088634e-06,0.0007320579843992362
65,7.345048766827356e-05,1.268294789359024e-05,3.177533852905454e-06,9.343640784634875e-05,3.905637570437301e-08,2.979112009963477e-06,0.8817988637745753,0.000263883456344066,0.0004229311423224638,0.0331194721333481,5.07346874839686e-08,7.64583254818492e-09,1.1002507441835583e-07,4.939713298864987e-06,8.016982857864534e-06,0.07622873205179252,3.973078633847077e-10,2.263337326924205e-08,0.007264001750786993,1.2096210417778109e-05,1.6911935252756268e-06,3.634904517993247e-07,5.287354784814433e-06,3.5181049077654018e-06,0.0006802456586639465
66,0.0001114870251150914,2.2779447030270805e-05,2.163562037697014e-06,6.281756082295645e-05,2.0317419774506714e-08,1.1374975844327822e-06,0.9618751742110316,0.00018915984197935356,0.00022985167773296176,0.010078016084585138,6.882288640590967e-08,3.6489048231740873e-09,6.53612723719493e-08,3.548307457299277e-06,1.370381061446264e-05,0.022772356056305117,6.266388555811657e-10,2.401960900715314e-08,0.0037566833341045824,5.166113919269722e-06,1.293093378900403e-06,3.662027532248072e-07,8.578809805849112e-06,7.211267301943202e-06,0.0008583232997087718
67,6.86085022702623e-05,1.1075474416783022e-05,2.763607178689189e-06,6.985849268650091e-05,2.1125847309390445e-08,1.7226401302112686e-06,0.9227610556781484,0.0002091341062928559,0.00040280208348217447,0.02091264814338665,4.3278872851107525e-08,4.775050144880163e-09,9.402097288332572e-08,3.0708828328363625e-06,7.299324967352311e-06,0.04980942101647627,3.231434223693237e-10,1.5366757985875153e-08,0.005119459000281876,1.0213051982720097e-05,1.0442302063216205e-06,2.3900419180650694e-07,3.888427773481294e-06,3.5604885209500795e-06,0.0006019569541290762
68,7.084229853712529e-05,1.1265936910182867e-05,2.3477552349235385e-06,6.606506475132038e-05,1.632358425114255e-08,1.6700459689572563e-06,0.9322201258622047,0.00020187465240211353,0.0003521231238660051,0.019555866243233522,4.5420873122633704e-08,4.103686807741974e-09,8.452595990284422e-08,2.4685136261756368e-06,6.24114811583107e-06,0.042786009491455765,3.163243570815192e-10,1.961183888936559e-08,0.004121397345965196,1.0950845245951913e-05,9.821169258508643e-07,2.449319060628504e-07,3.96841514871423e-06,3.842993413753253e-06,0.0005815429128203297
69,6.700779536251193e-05,1.178738501587127e-05,3.0726214491140625e-06,7.746367460625537e-05,1.969941701018411e-08,1.3338676514267031e-06,0.9240575077869085,0.00026796483531420196,0.0004910955839458991,0.02480443712874969,3.827624765745938e-08,4.277821515738894e-09,1.0228626907300241e-07,2.4085431363723926e-06,6.588168161438885e-06,0.044262359339956765,3.580306165334278e-10,1.5051715104606044e-08,0.005261927355497184,1.1103893009502767e-05,1.024243954342608e-06,2.192569426424148e-07,3.0334192310466614e-06,4.426636912340481e-06,0.0006650585146937174
70,8.164396221675311e-05,1.0286097388556005e-05,4.531364490050879e-06,6.488184277391843e-05,2.0855978381279187e-08,2.350527294862471e-06,0.9248762577470923,8.601500529625306e-05,0.000308708721621554,0.015351575603839079,3.663413998589839e-08,7.44107261669848e-09,1.067048344820609e-07,7.052383359432598e-06,5.3339190568187916e-06,0.05542805133839029,2.0240618162341916e-10,1.7205799282677815e-08,0.0029954649297679655,1.0404394585176307e-05,9.001355165377621e-07,2.152683991719423e-07,3.7965396538999896e-06,2.3376179321321356e-06,0.0007600035570944639
71,6.601074683310863e-05,6.4882195153316275e-06,1.9087552922382325e-06,4.65674481534131e-05,8.921467903781403e-09,8.982129062909453e-07,0.9478117857203215,0.00017129505552153615,0.00023658193630669974,0.011070889822928578,3.475150289556787e-08,3.442140146833047e-09,6.32363945566047e-08,1.6660172249379255e-06,4.4725672486193615e-06,0.036877472287702745,2.5696535132207844e-10,1.2964096222642227e-08,0.003297156827245683,9.54540242687998e-06,6.731206154112028e-07,1.6097124442679775e-07,2.9614152787262167e-06,3.051011601249628e-06,0.0003902908890653933
