,0,1,2,3,4,5,6,7,8,9,10,11,12,13,14,15,16,17,18,19,20,21,22,23,24
0,0.00012742972511675004,2.0162491794977353e-05,3.0393408448704557e-06,6.994841231701754e-05,1.6836704861390365e-07,6.8565524153652885e-06,0.8067187195977974,0.00023039169756676863,0.00032688813683166064,0.019827574949778312,9.561408525903499e-08,1.2678845385876926e-08,8.647379680277076e-08,1.5196776352211752e-05,4.330131467575148e-05,0.15322396110557843,7.203490482213076e-10,1.3865639091115762e-08,0.018700673684509006,5.151057502017615e-06,2.601770054674862e-06,8.661959211889461e-07,2.0063382750079858e-05,3.3689850809002088e-06,0.0006534271033481659
1,0.00011056915781181776,2.4609220455720967e-05,2.5923494671913546e-06,8.216256682544687e-05,1.6162655510185933e-07,6.58235433865364e-06,0.7575804176096961,0.00025639985541263074,0.00039060494857381137,0.03006304573007464,7.049718588250139e-08,1.0517249861742914e-08,7.031589394599528e-08,1.6616666481997854e-05,5.218194929961428e-05,0.1843605369636532,7.267229981329353e-10,1.2236907401186322e-08,0.026042816411459144,4.790670878616028e-06,3.6705998143042322e-06,1.0333909595416677e-06,2.0450580661227928e-05,2.878193998292689e-06,0.0009777148596229962
2,0.00013326357656909474,2.8909301705177996e-05,1.8914880613417547e-06,7.688168042317359e-05,1.4709239118868476e-07,6.585226899614481e-06,0.7629118576542562,0.00022033131739865813,0.0002165552393062537,0.02304422478752366,7.493465648335754e-08,1.1609074121614812e-08,6.551789685429399e-08,1.9749955789517783e-05,6.572468744141512e-05,0.19121088856670845,1.0004766901721909e-09,1.5286543750310738e-08,0.020968953921880047,4.668768908907865e-06,3.869756426550216e-06,1.4844575038382984e-06,3.8801825062078205e-05,3.1938797139445027e-06,0.0010418484673832614
3,0.000127716429091682,3.000799215383675e-05,2.488258209683104e-06,9.217932932001225e-05,1.678380270356502e-07,6.210058781419633e-06,0.8001233407668776,0.0002454036519475959,0.00027462447063464866,0.026159472431347655,8.224118888259794e-08,1.1899715933082418e-08,8.256494787172142e-08,1.9243541895703967e-05,4.8064663368076554e-05,0.15113600861869572,8.968935409638367e-10,1.7007016849261918e-08,0.020699780657719737,4.889020647977782e-06,3.619007204530851e-06,1.1803197277222583e-06,2.7809472853593067e-05,3.60667806317185e-06,0.0009939921836694988
4,0.0001289294504700322,3.316757778508189e-05,2.7427515678576492e-06,9.866328743507315e-05,1.9349565526090218e-07,6.6930292428189615e-06,0.8074157528705759,0.00024004653610418895,0.00028260227953403146,0.02717986649754271,8.839802859593522e-08,1.3062350557527898e-08,9.970880334702312e-08,2.2003556712330355e-05,4.847444208610524e-05,0.14358258831062998,9.50313201778641e-10,1.8903513288070458e-08,0.01993424484488565,4.9940552678318675e-06,3.6994698561243667e-06,1.2264904589544233e-06,2.8735923885846115e-05,3.911930086576503e-06,0.0009812421772084853
5,0.00012329059499981517,3.288297122960361e-05,2.461335634954099e-06,0.00011074220421560476,1.799850948872649e-07,6.175587754983207e-06,0.808315311987086,0.0002639334428748321,0.0002487861876885831,0.028923927247173537,8.468260210909744e-08,1.1845760802269394e-08,9.374118859051135e-08,1.9978632048788288e-05,4.205324549805093e-05,0.14178526051930224,9.525805317762057e-10,2.0734189487375227e-08,0.019087443560416674,5.327392617308217e-06,3.8164333487058205e-06,1.171479041363524e-06,3.073840038450911e-05,4.097363346179749e-06,0.0009922094739219514
6,0.000127716429091682,3.000799215383675e-05,2.488258209683104e-06,9.217932932001225e-05,1.678380270356502e-07,6.210058781419633e-06,0.8001233407668776,0.0002454036519475959,0.00027462447063464866,0.026159472431347655,8.224118888259794e-08,1.1899715933082418e-08,8.256494787172142e-08,1.9243541895703967e-05,4.8064663368076554e-05,0.15113600861869572,8.968935409638367e-10,1.7007016849261918e-08,0.020699780657719737,4.889020647977782e-06,3.619007204530851e-06,1.1803197277222583e-06,2.7809472853593067e-05,3.60667806317185e-06,0.0009939921836694988
7,0.00012284161228834492,3.1748242698718234e-05,2.8016310751087626e-06,8.496468007357568e-05,1.3047478500767343e-07,4.5817524783671885e-06,0.8746027201706733,0.00020882708005222358,0.0002754661524144763,0.019866108678948554,9.441122642281228e-08,1.0517628079597263e-08,1.1004201429660538e-07,1.5429853401426028e-05,3.6770505098448136e-05,0.08965594779518765,8.16776222345923e-10,1.7674430975858613e-08,0.01427349539841184,5.007114693647078e-06,2.4678527589601763e-06,8.754036627108567e-07,1.975487857649467e-05,4.300578337123758e-06,0.0007855266823081769
8,0.00013055780959189225,3.294508863605804e-05,2.738711518582417e-06,0.00011649984188586076,1.5883167069303523e-07,3.838046298811409e-06,0.7835532779100159,0.0002960609190598827,0.00023027436434496344,0.03407520264610262,4.717911779792194e-08,1.0325127559948281e-08,8.591026374561365e-08,1.82336960102908e-05,4.4457912842092034e-05,0.16279657290355268,1.158800133450215e-09,1.4554865397012833e-08,0.017176210949450012,4.630679690321987e-06,3.8397919496373215e-06,1.048726057175835e-06,3.107584767863663e-05,5.394741544991614e-06,0.001476821453924132
9,0.0001157982380973398,3.277410340478861e-05,3.5314303511663592e-06,0.00012091263737081892,1.4645292968631866e-07,3.6080167416676903e-06,0.8323638434048078,0.00027895740146884626,0.00031092129266485706,0.031943415489123224,5.478884070640876e-08,9.242367753218318e-09,1.0943573036032694e-07,1.5263132522535076e-05,3.6583668888041837e-05,0.11951108375458709,9.34504874256397e-10,1.461379231311146e-08,0.013896515679964593,5.304676140647304e-06,3.0704109897009966e-06,7.324902855386106e-07,2.0995355062812954e-05,6.001947056284931e-06,0.0013303514023063187
10,0.000127716429091682,3.000799215383675e-05,2.488258209683104e-06,9.217932932001225e-05,1.678380270356502e-07,6.210058781419633e-06,0.8001233407668776,0.0002454036519475959,0.00027462447063464866,0.026159472431347655,8.224118888259794e-08,1.1899715933082418e-08,8.256494787172142e-08,1.9243541895703967e-05,4.8064663368076554e-05,0.15113600861869572,8.968935409638367e-10,1.7007016849261918e-08,0.020699780657719737,4.889020647977782e-06,3.619007204530851e-06,1.1803197277222583e-06,2.7809472853593067e-05,3.60667806317185e-06,0.0009939921836694988
11,0.00012894561120599355,3.1114814630715926e-05,2.570117670447904e-06,9.536840014693398e-05,1.7086465791856574e-07,6.191096789741292e-06,0.8081805660669235,0.000246040743760253,0.0002744400164723602,0.026137848610286396,8.499265388922896e-08,1.2299991227884232e-08,9.094467434053093e-08,1.9653925708614682e-05,4.699942406629893e-05,0.14406073274133788,9.344065513384591e-10,1.8090876701246897e-08,0.019742496064923957,5.066293526577158e-06,3.565515274574218e-06,1.18514370674063e-06,2.8188687202274745e-05,3.816048595813575e-06,0.0009848325505103092
12,0.00017351375775136055,6.556029030619257e-05,1.839775344057193e-06,0.00018561039151742192,5.852327863998317e-07,1.844113514679311e-05,0.6312419091112962,0.0001885220075691182,5.927077349936961e-05,0.046690799030436464,9.484332452408673e-08,3.387553644525063e-08,1.6518860536666948e-07,0.00010110647272740947,4.434056428564477e-05,0.3035801104304973,2.202345639969762e-09,7.824356859727019e-08,0.016333621673892552,5.980506906956391e-06,7.661801479266808e-06,4.693287623385379e-06,0.00020362976716977986,4.5475826504768286e-06,0.0010878820537333278
13,0.00016374996946550167,2.995643207586262e-05,3.47059082374201e-06,7.801901891134612e-05,2.0359612352461027e-07,6.069223091355073e-06,0.825892194211877,0.00026032079352387066,0.0003345678822392837,0.016046714620855256,1.411969148473e-07,2.186581114903433e-08,9.144616205695909e-08,2.577400835343556e-05,7.065895642049848e-05,0.12906777415808843,1.2482145331596348e-09,1.5824445048092102e-08,0.027030159961818796,4.715309558185462e-06,4.108932481161353e-06,1.587951537141106e-06,2.686063216692854e-05,3.2818291609769555e-06,0.0009495403398799312
14,9.391284111383749e-05,4.75920543505859e-05,2.62976273287143e-06,0.00012338561387190808,2.40104568614246e-07,8.183497919175632e-06,0.789523153587196,0.000263175685053284,0.0003497455250069811,0.04606216569258247,9.317670734511248e-08,9.757784626910005e-09,1.172821108106213e-07,2.0963621536535027e-05,4.7440839817207726e-05,0.14133118151413626,8.551761692737306e-10,2.151284212242308e-08,0.021124504389327482,5.454631955061536e-06,4.235857730718258e-06,1.2528054238706484e-06,2.6845446268704734e-05,4.400977508600575e-06,0.000959292967278759
15,0.000127716429091682,3.000799215383675e-05,2.488258209683104e-06,9.217932932001225e-05,1.678380270356502e-07,6.210058781419633e-06,0.8001233407668776,0.0002454036519475959,0.00027462447063464866,0.026159472431347655,8.224118888259794e-08,1.1899715933082418e-08,8.256494787172142e-08,1.9243541895703967e-05,4.8064663368076554e-05,0.15113600861869572,8.968935409638367e-10,1.7007016849261918e-08,0.020699780657719737,4.889020647977782e-06,3.619007204530851e-06,1.1803197277222583e-06,2.7809472853593067e-05,3.60667806317185e-06,0.0009939921836694988
16,0.00011646348177194214,3.102423586160488e-05,1.9960199263665464e-06,9.61462812798685e-05,1.5167411355223602e-07,6.331446236631485e-06,0.7633061342307087,0.00024791365472051863,0.0002207315157376714,0.035361483752080584,6.789828051999648e-08,1.1293190011208711e-08,6.945683983501075e-08,1.9405171740543215e-05,4.230689286639834e-05,0.17884872358883813,8.985054816592289e-10,1.980256543912231e-08,0.0206206567095709,4.868002851173923e-06,4.750543271013876e-06,1.3710189548897973e-06,2.9281962181861234e-05,3.338367314592035e-06,0.001036752100591539
17,0.00014064522049138668,3.3494224527360756e-05,2.536116462271219e-06,0.0001183537768603774,1.7927447789542103e-07,5.804195671212401e-06,0.8208112763491485,0.00024059248514689328,0.0002083294468011813,0.02556586608432871,8.131794073174689e-08,1.4193142994453965e-08,1.0528625886175268e-07,2.5062825694165247e-05,3.922677773005247e-05,0.1347251441128567,1.0226483467083841e-09,2.2821375011689488e-08,0.016950493018747615,5.186763272959742e-06,3.760999211550534e-06,1.217930521657425e-06,3.619015751748833e-05,4.132723567076526e-06,0.001082282875598813
18,0.00013902310698121103,3.069234399101252e-05,2.4647569484776827e-06,9.12908040270305e-05,1.5044740102990383e-07,5.425800741587137e-06,0.81288071982314,0.0002413154257740731,0.0002464262300854736,0.02510641514470005,7.631681938629619e-08,1.2327266473588789e-08,8.317646103025969e-08,1.9189747456000467e-05,4.401561572812006e-05,0.1409082352479788,9.632952184427107e-10,1.8386166533671375e-08,0.019183891434866717,4.798037061881784e-06,3.5374119720713308e-06,1.2163443498980605e-06,2.7789196185441645e-05,3.828645473239737e-06,0.0010593832651291416
19,0.00012594266865479173,3.113803562686758e-05,2.7057653724452875e-06,9.675270447696903e-05,1.8426257190737745e-07,6.4216839447533215e-06,0.7995639118722306,0.00025434785482037045,0.0002937980774242351,0.02761257010254558,8.466561856454905e-08,1.2563508002243315e-08,8.989738286346779e-08,2.0251968863889724e-05,4.834252768844472e-05,0.14986431340381712,9.225348949278981e-10,1.736124416120716e-08,0.021039398247176256,5.046356607925069e-06,3.6885136351226986e-06,1.208963960609511e-06,2.719901944341551e-05,3.7365481589279315e-06,0.000998836012691305
20,0.00012830358138658096,4.108858159672256e-05,2.7974117771446855e-06,0.00010984411926418968,2.404578096459255e-07,6.554896998482966e-06,0.7767927072617306,0.00036752439314305634,0.0003436415217381939,0.03575175870673053,8.910805858697183e-08,1.4457874525463573e-08,9.619331756103328e-08,2.2476693876404464e-05,6.8613159413015e-05,0.15804829069170503,1.4004018036724784e-09,1.9565766551229633e-08,0.027093194559164382,5.341795912626062e-06,5.127007493521239e-06,1.996620263010506e-06,3.2709845842701505e-05,4.658522812659112e-06,0.0011729094459226792
21,0.00012537079058486434,2.173811183208684e-05,2.2971690015847296e-06,8.07291625671506e-05,1.3256215547344592e-07,5.77446128488265e-06,0.7882146240639734,0.00017678188011060618,0.00017684845609301206,0.022437167823764273,6.343948310269338e-08,1.2822715818201865e-08,8.43812460740197e-08,1.9322511501276372e-05,3.2208379799271637e-05,0.17342783128494618,6.792353169996558e-10,1.599693663573646e-08,0.014436112255566487,4.955574689978913e-06,2.871644170476774e-06,8.429820273300369e-07,2.7220712868560088e-05,3.0542091333103045e-06,0.0008039386443129608
22,0.0001360005008901614,2.513974387901902e-05,2.3551550108307314e-06,8.025518748957287e-05,1.397709518160319e-07,6.239667114434478e-06,0.7916825022629047,0.00023961528422448015,0.00021944090864657028,0.02317011966163137,8.689749148821e-08,1.247301664143906e-08,6.898076570583333e-08,1.7064390997777674e-05,4.228098458927755e-05,0.16527108412661115,9.734327152245285e-10,2.0213681589764913e-08,0.018235217907482355,5.384338961087003e-06,3.918052658590845e-06,1.2750422252521404e-06,2.8450796892290695e-05,3.506007905414488e-06,0.0008298206705455491
23,0.000127716429091682,3.000799215383675e-05,2.488258209683104e-06,9.217932932001225e-05,1.678380270356502e-07,6.210058781419633e-06,0.8001233407668776,0.0002454036519475959,0.00027462447063464866,0.026159472431347655,8.224118888259794e-08,1.1899715933082418e-08,8.256494787172142e-08,1.9243541895703967e-05,4.8064663368076554e-05,0.15113600861869572,8.968935409638367e-10,1.7007016849261918e-08,0.020699780657719737,4.889020647977782e-06,3.619007204530851e-06,1.1803197277222583e-06,2.7809472853593067e-05,3.60667806317185e-06,0.0009939921836694988
24,0.00011620771019568772,4.1403992212935155e-05,2.7314992760716217e-06,0.0001327336831298873,2.3505614828788923e-07,7.423705520856741e-06,0.7900316754404016,0.0002620249776699729,0.0002819751787462713,0.036737236783050686,8.73689266703837e-08,1.3945626125245226e-08,1.1851338314872817e-07,2.748402513815773e-05,4.4824305421888074e-05,0.14898989299001134,9.708809055724694e-10,2.233925346449311e-08,0.02216880008605317,5.653851642431609e-06,4.356980787036498e-06,1.3858864191677455e-06,3.202201172956839e-05,3.815304051883585e-06,0.0011078733943224964
25,0.00012025635699854146,2.3291815952178874e-05,2.3802077654472497e-06,9.343044247215574e-05,1.1997435904977138e-07,3.4926879015672877e-06,0.8623462135239118,0.0002946551367548767,0.0001983324992767016,0.017587971574750512,9.424660171723439e-08,1.2243655870093195e-08,8.740560127990502e-08,1.342823728591887e-05,3.331030037621469e-05,0.1022877441189952,1.0321014778603968e-09,1.7286077013192202e-08,0.01624442555073858,5.524969824950855e-06,3.03559927050825e-06,9.051125023671607e-07,2.4116420351104833e-05,4.191485909739419e-06,0.0007129617705653888
26,0.0001640298016124997,2.8804132818795693e-05,3.4116211026808783e-06,9.185891687969581e-05,1.332125248029385e-07,4.030894704264691e-06,0.8659888611443407,0.0002769458718062473,0.00027652830130548973,0.020660187103920005,8.223009947451633e-08,1.130445189870505e-08,1.0642727429859218e-07,1.3244946442885381e-05,3.2533671337073784e-05,0.09817822584668137,1.1400239899839888e-09,2.1740420121913124e-08,0.01329865001619109,5.434176233681009e-06,2.5778532587499985e-06,9.130667981929893e-07,2.1656627807775175e-05,6.3238885142593e-06,0.0009454260634499262
27,0.00013008393020146248,2.8556211072036987e-05,2.335194493784353e-06,8.000314330463907e-05,1.4610626952329197e-07,6.983033983495369e-06,0.7746238584190356,0.0002773293465624491,0.0003633938969665339,0.028938964653709407,7.620478254922765e-08,1.0239865421317569e-08,6.328413013008762e-08,1.5617248732941016e-05,6.148938877756707e-05,0.17160826959468597,8.930851891930854e-10,1.588409374870691e-08,0.0226771512822421,5.176861237925089e-06,3.858496942673198e-06,1.4408881996356772e-06,2.5724399201101943e-05,3.4647782823283397e-06,0.001145986620141873
28,0.000127716429091682,3.000799215383675e-05,2.488258209683104e-06,9.217932932001225e-05,1.678380270356502e-07,6.210058781419633e-06,0.8001233407668776,0.0002454036519475959,0.00027462447063464866,0.026159472431347655,8.224118888259794e-08,1.1899715933082418e-08,8.256494787172142e-08,1.9243541895703967e-05,4.8064663368076554e-05,0.15113600861869572,8.968935409638367e-10,1.7007016849261918e-08,0.020699780657719737,4.889020647977782e-06,3.619007204530851e-06,1.1803197277222583e-06,2.7809472853593067e-05,3.60667806317185e-06,0.0009939921836694988
29,0.000127716429091682,3.000799215383675e-05,2.488258209683104e-06,9.217932932001225e-05,1.678380270356502e-07,6.210058781419633e-06,0.8001233407668776,0.0002454036519475959,0.00027462447063464866,0.026159472431347655,8.224118888259794e-08,1.1899715933082418e-08,8.256494787172142e-08,1.9243541895703967e-05,4.8064663368076554e-05,0.15113600861869572,8.968935409638367e-10,1.7007016849261918e-08,0.020699780657719737,4.889020647977782e-06,3.619007204530851e-06,1.1803197277222583e-06,2.7809472853593067e-05,3.60667806317185e-06,0.0009939921836694988
30,0.000127716429091682,3.000799215383675e-05,2.488258209683104e-06,9.217932932001225e-05,1.678380270356502e-07,6.210058781419633e-06,0.8001233407668776,0.0002454036519475959,0.00027462447063464866,0.026159472431347655,8.224118888259794e-08,1.1899715933082418e-08,8.256494787172142e-08,1.9243541895703967e-05,4.8064663368076554e-05,0.15113600861869572,8.968935409638367e-10,1.7007016849261918e-08,0.020699780657719737,4.889020647977782e-06,3.619007204530851e-06,1.1803197277222583e-06,2.7809472853593067e-05,3.60667806317185e-06,0.0009939921836694988
31,0.00014591150284151778,3.782222202241467e-05,3.771328399732331e-06,0.00013712865062663986,2.362471574665875e-07,4.956382126109269e-06,0.8118117737060764,0.0003777292657183999,0.0003086410443056646,0.03353469910694792,8.138106226179203e-08,1.5649958484432394e-08,1.2970984388607217e-07,2.1417975914711173e-05,4.0433782248647135e-05,0.1313683204096681,1.356573876077044e-09,2.2169757981267974e-08,0.020991061928336732,5.925324174238576e-06,4.06363397333846e-06,1.2621758551037153e-06,2.7215855084591315e-05,5.960755131821179e-06,0.0011714184361938
32,0.00013018774522941838,3.0295292671872808e-05,2.5227055970978034e-06,9.11564699150875e-05,1.728312758181231e-07,6.351053438536303e-06,0.791504941821996,0.00025642381545097804,0.00029744758113303037,0.026724672658567192,8.341050231771299e-08,1.2223990008094501e-08,8.000723449407773e-08,1.9448492300628093e-05,5.209967702352853e-05,0.15676438995893896,9.310718727103173e-10,1.657146554078293e-08,0.023046877460121473,4.848121043101728e-06,3.857253056561123e-06,1.2495397553227822e-06,2.7226914938569508e-05,3.5084197649127545e-06,0.001032129043517571
33,0.00014957753696544934,5.241182973390321e-05,2.285925921145266e-06,0.00012727413735664077,2.995196997234696e-07,9.2526928775964e-06,0.7715182000596994,0.0002694367990258002,0.00017487481133211764,0.03371270478893381,1.1172054039332564e-07,1.9905349208359266e-08,1.3841535722637354e-07,3.751740014106409e-05,5.170576484764775e-05,0.17000520032877006,1.585256415300091e-09,3.5041904934976275e-08,0.0229565375471398,6.238731391650637e-06,5.008789788940718e-06,2.8151531733830232e-06,5.5282040847382894e-05,4.186442208582556e-06,0.0008588830317376199
34,0.0001490720293443417,2.8058646546240247e-05,2.768592161936603e-06,7.252212203728641e-05,1.446298081159644e-07,5.997331186073311e-06,0.8113096979308374,0.00024331105320227428,0.0004621684366193868,0.024067835646926126,7.752677042331635e-08,1.0514513422299835e-08,7.138019227288973e-08,1.6004200249869185e-05,5.828552322523848e-05,0.13660281948234304,7.679915552406411e-10,1.3278588606331135e-08,0.02580696741778758,4.0326984386413505e-06,3.3120483795444474e-06,1.0563555482773822e-06,1.76884618917222e-05,3.299044748754016e-06,0.0011447848806620008
35,0.00017052498316262073,2.909662979655083e-05,2.565027636511837e-06,0.00010405248437242888,1.0389711814423952e-07,3.880226885694749e-06,0.8357826247344787,0.0004311726697209862,0.0004589338770151724,0.036506546263164054,5.8577014174167993e-08,1.027718263367764e-08,8.184216155483893e-08,1.0495156200863076e-05,3.122190448866236e-05,0.10169729997907959,1.0810450711554215e-09,2.386811751660231e-08,0.02326232924138141,5.496789272016779e-06,3.4435341022027263e-06,1.1941111175448204e-06,1.4415032840676003e-05,5.003534743199845e-06,0.0014794242779018886
36,9.512144576138825e-05,2.7571137277606794e-05,1.4956443959611803e-06,6.847794219819635e-05,9.491524981469183e-08,7.5933417335924626e-06,0.8522308200195757,0.00014367777062999996,0.0001727249770247887,0.02009147155540437,1.0033645062292772e-07,6.374652269060029e-09,5.91929555014134e-08,1.315233279913828e-05,3.270483543441478e-05,0.11585686259449718,4.6458653686001427e-10,2.2725093772780173e-08,0.010649100145627222,5.119782416961234e-06,2.6521242119523715e-06,9.254125290763476e-07,2.7246611096392286e-05,2.9181019786048512e-06,0.0005700802164191779
37,0.00020518307405000555,2.3777997989809444e-05,2.4859868487300972e-06,6.224994366292576e-05,1.0261344133919387e-07,4.018706817071662e-06,0.860194061055136,0.000155513474240323,0.00015387893262627415,0.01263027650290463,7.650447576556995e-08,1.3710054676510151e-08,7.639375323894423e-08,1.8630552818100293e-05,3.04519479321949e-05,0.11165852095895598,8.194223147448938e-10,1.873875655472283e-08,0.01404829907166875,3.86075322446075e-06,2.35162206006022e-06,9.381491741163975e-07,2.2291979828987946e-05,3.416886333579216e-06,0.0007795036238240535
38,0.0001278157110144087,8.979023157167262e-05,7.47692512278483e-06,0.0004328978526447922,6.580538509144285e-07,5.4165108923650295e-06,0.755650305419814,0.0010010866294844697,0.0008554893885809214,0.08982285616678412,1.0273571083259603e-07,2.483888427499336e-08,3.249387291078696e-07,3.717808510319742e-05,5.6588878147475364e-05,0.10835910773649536,3.0180702910594496e-09,3.108498044757717e-08,0.04067716469100309,9.704988340041309e-06,7.235614481561395e-06,2.172955983964815e-06,2.9851204285051104e-05,1.035865061057256e-05,0.002816357689414072
39,0.0001185389468364118,1.8525847957608707e-05,2.5969521280265895e-06,9.634126965963827e-05,1.9163412602752483e-07,6.733304288344497e-06,0.682692341963102,0.00035857169955175335,0.00028059708890295476,0.03131603154900649,7.0588827366911e-08,1.4117224944357941e-08,5.676060475843194e-08,1.5843673732276824e-05,4.788542925374775e-05,0.2573207245788782,9.804659344893163e-10,1.446633500714654e-08,0.026645130144656533,5.618445483502773e-06,5.323556420872948e-06,1.0786057133167052e-06,2.891644679934071e-05,3.3007884149934006e-06,0.0010355511616300037
40,0.0001913439781440859,3.1820092329022456e-05,2.775458320648377e-06,5.76178666414608e-05,1.5743253085541912e-07,7.701413864192528e-06,0.8123389853669546,0.00016877971946554343,0.0002854647228130749,0.016628978910592493,1.0664258633031848e-07,1.6423430728789135e-08,6.307351463139053e-08,2.6952316056001695e-05,6.743607144659919e-05,0.14528168134316458,9.154318462065136e-10,1.8297155151689332e-08,0.02384854052649679,3.7719814135989928e-06,4.004839087818725e-06,1.8803180759880771e-06,2.5572139776059957e-05,2.6631415554189667e-06,0.0010236670091524154
41,9.504683689914097e-05,3.513239544007606e-05,4.956715020234516e-06,0.00010428167954804089,3.739297970713507e-07,1.1567922929475833e-05,0.6738921534832888,0.0002978651127415367,0.0009517365981041511,0.05060539011353576,7.31207116733351e-08,1.0118755631299849e-08,8.547067429306586e-08,2.3690991418347604e-05,0.00010005124057775477,0.24050016353584064,7.085904144179166e-10,9.489206395744392e-09,0.0318387961750419,4.8101360850664305e-06,4.8011802863613685e-06,1.1447802199026285e-06,1.954349264654701e-05,3.7384232604666035e-06,0.0015045763493802399
42,0.00012053028697400894,2.435145337797613e-05,2.0222261240923132e-06,6.527223403815806e-05,1.39146680601722e-07,5.491720143748004e-06,0.6951029858321373,0.00034619382433204404,0.0003021733070444008,0.028363352325900256,6.776498603840631e-08,1.129865012633029e-08,4.5368721287009565e-08,1.3438614477640236e-05,7.362567450144285e-05,0.24141417828944212,1.151754617919224e-09,1.1222460972657461e-08,0.03318385380695307,5.104363970810957e-06,4.982058018208964e-06,1.8616328919116847e-06,2.5798873441083213e-05,2.8493670977817624e-06,0.000941658155880362
43,9.982559960669473e-05,3.1615462264732835e-05,2.139816135778862e-06,0.00011353496334971275,2.7617034042668806e-07,9.701362178646827e-06,0.6412532453091211,0.0004058634645896671,0.00035759736161319704,0.05678691964353561,7.30142207955408e-08,1.1447065019173597e-08,6.267290227654432e-08,1.9039754941928777e-05,6.706881475063023e-05,0.266407185985555,1.1335986849260984e-09,1.786238591495265e-08,0.03322231881998582,5.146388818138417e-06,6.992575570030553e-06,1.835645061313843e-06,3.508829891595911e-05,3.680739121979649e-06,0.0011707576943706182
44,0.000127716429091682,3.000799215383675e-05,2.488258209683104e-06,9.217932932001225e-05,1.678380270356502e-07,6.210058781419633e-06,0.8001233407668776,0.0002454036519475959,0.00027462447063464866,0.026159472431347655,8.224118888259794e-08,1.1899715933082418e-08,8.256494787172142e-08,1.9243541895703967e-05,4.8064663368076554e-05,0.15113600861869572,8.968935409638367e-10,1.7007016849261918e-08,0.020699780657719737,4.889020647977782e-06,3.619007204530851e-06,1.1803197277222583e-06,2.7809472853593067e-05,3.60667806317185e-06,0.0009939921836694988
45,0.00011701493382438528,2.441283342523528e-05,2.7029307828323056e-06,7.737204872423196e-05,1.7533678911767795e-07,5.46954534562427e-06,0.8139495185955091,0.00027497634585875403,0.00032559112974092923,0.02250924563770904,8.408717168471028e-08,1.1270509253015375e-08,8.426496650494486e-08,1.5365987213950662e-05,5.396425615556761e-05,0.14070961904211374,8.73082111452918e-10,1.2054384911254489e-08,0.02114186317190127,4.488873816429488e-06,2.997561922153673e-06,1.0121688675262324e-06,2.2686384262754343e-05,3.818327474396906e-06,0.0007575123384483708
46,0.00021340316470492735,3.723203101254853e-05,3.1634827423786857e-06,0.00013081311628069983,2.012778506577195e-07,4.027256349788465e-06,0.7871740990149712,0.0005330467363205539,0.00022734105360661984,0.02703090734376511,9.708255434973415e-08,2.074909716136988e-08,1.1953559074068546e-07,1.728475413038216e-05,5.548487541059883e-05,0.1588640554382457,3.424285276183184e-09,2.6362962327313966e-08,0.02429929805769498,7.281835175460267e-06,5.043259530223256e-06,2.0292729599043267e-06,4.515423447226637e-05,7.875365137313831e-06,0.0013419912751487198
47,0.00016136088102406315,2.463043207761629e-05,2.1023958485750906e-06,6.504409197805802e-05,1.0866613622266995e-07,5.450858554593048e-06,0.7988405435790843,0.0002050982420809928,0.0002007146680090367,0.019638760781542915,7.298439649520036e-08,1.2676366158527723e-08,6.330856069234162e-08,1.6141262466510877e-05,4.1673597194555776e-05,0.1618007882827111,8.70935293693056e-10,1.7624857276293315e-08,0.01806397360252322,4.922580348955369e-06,3.1605489273806623e-06,1.3019645662244394e-06,2.5601776564567775e-05,3.0691386394921537e-06,0.0008953851846055063
48,0.00013485699635824028,3.836886102235835e-05,2.0568200957467736e-06,9.947415006695257e-05,1.7849416177453753e-07,4.769003229539132e-06,0.7890327494410528,0.0003228045316925676,0.00024418067063749805,0.030903713200944552,7.501726239210873e-08,1.2367793737478079e-08,9.30653604659865e-08,1.8962190364445885e-05,5.7997685628414036e-05,0.15014849008504397,1.4995069962997872e-09,1.7268271248562126e-08,0.027894961843507222,4.524646683583507e-06,4.311742149703727e-06,1.660083462426343e-06,3.342618793983381e-05,4.32688801168478e-06,0.0010479872597519626
49,0.0001313872107963859,2.8997570831795204e-05,2.882356758155675e-06,9.447126915398329e-05,2.081063819929948e-07,8.597054780836086e-06,0.7781820598921092,0.00025183250515769737,0.00028174870546914167,0.026572041219338444,1.0136752577753705e-07,1.65049605166369e-08,9.054012458532469e-08,2.3767643611467555e-05,4.918034818895038e-05,0.17236650590340705,9.46252561676678e-10,2.0832245772617493e-08,0.021048455093086577,6.003122744023147e-06,4.032282062243423e-06,1.4980966265507562e-06,3.090645488331478e-05,3.2882038011113025e-06,0.0009119067697020971
50,0.003301238744603425,0.00018547569555003006,0.0001492086567073962,0.002253095504843884,8.015254240742112e-06,0.00017105151267827795,0.8404377772167432,0.0013089674365409896,0.0007782577871054521,0.0040962834006916206,9.8785027256553e-05,9.076229908726222e-06,2.044651333502006e-06,0.00015501976249033219,0.0018152612686903509,0.11523693152349458,5.23634390678081e-07,4.643455101175375e-06,0.008707606432173113,0.00012325980481171268,0.00013442310590892805,1.0463054801381733e-05,0.004717105479252743,0.00020272005929958362,0.016092765301381547
51,0.00012113666747038032,3.3219054836866894e-05,2.4203311100173992e-06,9.786026981435315e-05,1.6538720552547568e-07,6.008177477597081e-06,0.8223528057129926,0.0002482781372942141,0.00027342996831457295,0.028065112304591747,8.440617376107821e-08,1.1496074309436304e-08,8.744309994663617e-08,1.9806962422144742e-05,4.3998065787065724e-05,0.1278853368217931,8.745592271489565e-10,1.9463191825822794e-08,0.019839829518872372,4.781834043902634e-06,3.7475193370002184e-06,1.2344242961799204e-06,2.623361932028094e-05,3.710638074479781e-06,0.000970680901846483
52,0.0001243166819581004,2.723095835494637e-05,1.9763091369458145e-06,7.359837211467395e-05,1.1982939424626637e-07,9.127442385119205e-06,0.8297560823624722,0.00016381799541768092,0.0002313525208430213,0.02318996985884578,9.202330336532838e-08,9.704527738410013e-09,8.087971964047087e-08,1.6860538293698225e-05,3.561498943474449e-05,0.1332415253629639,6.048983356770854e-10,2.6312123411644847e-08,0.012371084761251644,5.755248270565469e-06,2.717015787400989e-06,1.1745408119918039e-06,2.7036681090345252e-05,3.144925032299561e-06,0.0007172840815679551
53,8.817145637762407e-05,0.00017689794339088494,1.5006718060608886e-05,0.0006019879120248474,4.866551984930272e-05,1.9197468272578038e-05,0.04745803387400941,0.002020763831720932,0.0012906827085621632,0.3813018810752164,5.537167606241812e-08,2.3618341828843838e-07,4.225081998100134e-07,0.0002957890522741844,0.00010156698769994783,0.16380224667175114,1.2663687183412572e-08,2.895000210792069e-08,0.398908175155199,1.8641301759790866e-06,4.808918938926325e-05,1.3502370377526087e-05,1.8274424604597784e-05,4.702754660283367e-06,0.0037837450793999413
54,0.00011525665727727481,2.315891519391574e-05,1.8617471402821903e-06,5.8813466206420556e-05,7.946286620014189e-08,5.066142722009559e-06,0.8071864457256679,0.00011364242385335023,0.00020463849249906314,0.01919296942360548,4.6912266471141856e-08,8.583523800742178e-09,5.3284217308279344e-08,1.9132335726448424e-05,3.984286955067743e-05,0.15751964038763677,4.2185389867791237e-10,1.0352636965790957e-08,0.014425317524512166,3.7608000489174923e-06,2.4384363204675163e-06,8.314752782430184e-07,2.0323478717184707e-05,1.919598839112011e-06,0.001064741081839654
55,0.00014710421477498098,2.538156650203377e-05,3.2105546609482386e-06,8.498712091488141e-05,1.0780018698944232e-07,4.650905222927822e-06,0.8731645287892291,0.00022373842169132286,0.00036701630250494813,0.019361222317012275,8.220476907390853e-08,1.249715026362091e-08,1.0601443293975962e-07,1.4385107846756196e-05,3.0043573402818472e-05,0.0905015541168845,6.764118510957765e-10,1.8692970115810845e-08,0.015036129031944383,5.798765223683636e-06,2.199022782930525e-06,7.787447512857382e-07,1.4983332620074252e-05,3.7217817636112843e-06,0.0010082384443451358
56,0.00013001271671021647,3.169436487390562e-05,2.611923388461153e-06,9.571323114404413e-05,1.7555527127572764e-07,6.236863337516874e-06,0.8075835314415359,0.00024921048926435617,0.0002807308481582455,0.026365889248267178,8.613607805919699e-08,1.244446362371766e-08,9.345157744058515e-08,1.9750059284705304e-05,4.790155145904091e-05,0.14395343189604226,9.577910398174881e-10,1.814051678081354e-08,0.02021037422879649,5.080777683213972e-06,3.582651105388622e-06,1.1977258969542647e-06,2.8023025743643524e-05,3.877724802686287e-06,0.0009807625468077664
57,0.00013781907232358662,3.359969391749276e-05,4.185110591310763e-06,0.00012423690747557185,3.4934233341787033e-07,7.640114757307272e-06,0.6826301320582095,0.0004435829462196429,0.000470474794410306,0.04452446619460738,8.351165131263292e-08,2.250516424006653e-08,1.1440512441658036e-07,2.6533951666645863e-05,6.539612265059219e-05,0.23047452303471305,1.6028715581747617e-09,1.6494942137120497e-08,0.03970549929806847,6.179802447453761e-06,5.959641288540644e-06,1.8387106865097225e-06,2.643047099976459e-05,4.072280664106939e-06,0.001306841932215754
58,0.00012842691034967423,3.118686797623066e-05,2.598234208157916e-06,9.438164387733353e-05,1.6892041689263467e-07,5.8210115996191126e-06,0.8103953436783674,0.0002558644900998118,0.0002723988274568038,0.026234132190889412,8.368362130116652e-08,1.1819989470700043e-08,8.82414210143735e-08,1.846193688004934e-05,4.719748947302671e-05,0.1420239204287429,9.7904982508743e-10,1.78507028558471e-08,0.019458344461182657,4.949898705148652e-06,3.5927530134325626e-06,1.1673230423170296e-06,2.8304951244270397e-05,4.110486781671681e-06,0.0009894249209084
59,0.00013103861940977192,2.8199699750222063e-05,2.840279421924758e-06,9.136258538932093e-05,1.5823206630973415e-07,5.349836409585635e-06,0.8153591430718273,0.000261407436959174,0.0002679301042206118,0.024424460973093323,8.155204109015958e-08,1.207971969271884e-08,8.669215263783124e-08,1.709609005270314e-05,4.323392509659752e-05,0.14061098526789137,9.677536541970311e-10,1.7604694110607514e-08,0.017768488067771003,5.239262267038568e-06,3.4027858293166844e-06,1.0879708980684967e-06,2.59344025453371e-05,4.287326736577629e-06,0.0009481551660031643
60,0.000127716429091682,3.000799215383675e-05,2.488258209683104e-06,9.217932932001225e-05,1.678380270356502e-07,6.210058781419633e-06,0.8001233407668776,0.0002454036519475959,0.00027462447063464866,0.026159472431347655,8.224118888259794e-08,1.1899715933082418e-08,8.256494787172142e-08,1.9243541895703967e-05,4.8064663368076554e-05,0.15113600861869572,8.968935409638367e-10,1.7007016849261918e-08,0.020699780657719737,4.889020647977782e-06,3.619007204530851e-06,1.1803197277222583e-06,2.7809472853593067e-05,3.60667806317185e-06,0.0009939921836694988
61,0.0001286708413933051,2.9148003069280195e-05,2.9242444813692786e-06,9.172730849470821e-05,1.663729703554469e-07,5.68105492333096e-06,0.8136133371013082,0.00025145604745291085,0.0002833654172570856,0.024278152564830093,8.567942555203743e-08,1.2310099717740032e-08,8.798367089838714e-08,1.8175721716336848e-05,4.55541310231526e-05,0.14159419739268844,9.351565628376614e-10,1.697622737957624e-08,0.01865541580374898,5.220982312905122e-06,3.432421904907703e-06,1.0951206521778437e-06,2.5711073088858745e-05,4.0452180153748236e-06,0.0009623192940881889
62,0.000127716429091682,3.000799215383675e-05,2.488258209683104e-06,9.217932932001225e-05,1.678380270356502e-07,6.210058781419633e-06,0.8001233407668776,0.0002454036519475959,0.00027462447063464866,0.026159472431347655,8.224118888259794e-08,1.1899715933082418e-08,8.256494787172142e-08,1.9243541895703967e-05,4.8064663368076554e-05,0.15113600861869572,8.968935409638367e-10,1.7007016849261918e-08,0.020699780657719737,4.889020647977782e-06,3.619007204530851e-06,1.1803197277222583e-06,2.7809472853593067e-05,3.60667806317185e-06,0.0009939921836694988
63,0.00013105930386105258,3.2719946628119e-05,2.5213927679092935e-06,9.14314738100481e-05,1.6285692411430607e-07,6.0401437997444794e-06,0.8119794793114248,0.00024280321005713248,0.00028087818095064876,0.025735381839088953,8.55584749365755e-08,1.1706737624782903e-08,8.714807178313906e-08,1.889095249669352e-05,4.911452348181503e-05,0.14026658323487254,9.365095875127932e-10,1.785990356361111e-08,0.020115627411347262,4.974806926703673e-06,3.5559465275390116e-06,1.2217666202263252e-06,2.7270168783651614e-05,3.828692827512192e-06,0.0010062516271061462
64,0.00013041536633899553,3.1246453786171e-05,2.5580810004321916e-06,9.701819227279068e-05,1.8414550909038324e-07,6.305673123662768e-06,0.7849638622070104,0.00027536307854116016,0.00028303294035357757,0.02788804546816463,8.785017813425718e-08,1.273238426455405e-08,7.432431673584499e-08,1.9984974344302662e-05,5.3835213882889375e-05,0.16143148150521802,1.0037316119335594e-09,1.771954745669675e-08,0.02366245906460415,4.730391042695076e-06,4.677085428793886e-06,1.2661440601902241e-06,2.9358680736995882e-05,3.7658565872760006e-06,0.0011102158478356783
65,0.00012377952158974538,2.804340735301928e-05,2.453823854942491e-06,0.00010884600636520279,2.612236496247532e-07,1.0690920229475248e-05,0.7066116867829362,0.00024112006021015928,0.00021500670886071796,0.03342884591469291,8.951451970506213e-08,1.7843516441187985e-08,8.056320231609407e-08,3.0194972563967233e-05,4.665969479336317e-05,0.2344395055409734,9.173655079697754e-10,2.3226701201805534e-08,0.02366928068663708,5.50856988410023e-06,5.329947501802623e-06,1.5351618315068826e-06,4.024016841256495e-05,2.8982659858389413e-06,0.0009879005563693014
66,0.00020319251417120495,6.247455422195052e-05,1.978164335344617e-06,8.805813764649844e-05,1.528233319583698e-07,4.425553517198865e-06,0.8966055518648754,0.00019409802713572783,0.00012677177820435694,0.011464892301485712,1.3811163652244965e-07,9.429623947663004e-09,5.922724308667854e-08,2.4702466692463268e-05,8.817120874966567e-05,0.0769731282795965,1.6917079338239747e-09,2.9296276270582923e-08,0.012588395028616878,2.980691600025932e-06,4.305704129668936e-06,1.7906599664282657e-06,7.980885942226861e-05,7.394721197711245e-06,0.001477488904615175
67,0.0001229799641159631,2.694211918148209e-05,2.3198848790747544e-06,8.658577187811467e-05,1.4968761480205165e-07,6.563529995731198e-06,0.796210085282964,0.00020155545730638353,0.00021909322524367092,0.022532527108991812,8.167902356879838e-08,1.2111392259926043e-08,7.751155072942197e-08,2.025695685805106e-05,4.48383145500807e-05,0.16211618357302182,7.983222056677361e-10,1.7073437895914236e-08,0.0174371353719835,5.152332879603272e-06,3.38763064484264e-06,1.1021939850104252e-06,3.147840762506057e-05,3.1621553006079397e-06,0.0009283118572537883
68,0.00012998112385531222,2.774481156729997e-05,2.0043353099041485e-06,8.404862212962912e-05,1.1871118029921618e-07,6.455528312221394e-06,0.8186605493301986,0.0002018554064377114,0.00019572411615055202,0.021487367497976445,8.783793707675652e-08,1.0638142276553612e-08,6.991685840327056e-08,1.64827115427262e-05,3.982913663243417e-05,0.14359544578307115,8.135973076286913e-10,2.194573821302151e-08,0.014578152411214755,5.604887651669716e-06,3.312028870931269e-06,1.1489142958740431e-06,3.318616335899972e-05,3.4997866419591954e-06,0.0009272975413283764
69,0.00012180942646691903,2.8474483311263046e-05,2.5744919650545426e-06,9.771229085119899e-05,1.4216296006664338e-07,5.149327344971755e-06,0.802718967165377,0.0002683657355525393,0.0002719951611827549,0.027257980672742637,7.334476993532129e-08,1.089660860080215e-08,8.238245804741163e-08,1.5733667899745588e-05,4.2175669122906404e-05,0.14939239115462943,9.173796271469987e-10,1.6581311713077428e-08,0.01868151974438773,5.606928963392798e-06,3.4756530159172977e-06,1.0137192802766755e-06,2.527317198986134e-05,3.996011945081015e-06,0.0010554592384832658
70,0.00014697368222703323,2.4568209601493587e-05,3.7989862253798107e-06,8.193438617106587e-05,1.5023681939804302e-07,8.882727392077707e-06,0.7939126050062721,8.260549006603682e-05,0.00016421935190935312,0.016239526931749505,6.898936330224628e-08,1.8725281924532552e-08,8.481292686113094e-08,4.7595178483513445e-05,3.2466859841085516e-05,0.17782761751303786,4.94871852266246e-10,1.908313616402165e-08,0.01020137548119202,5.049755639629834e-06,2.986135453167085e-06,9.718641242845534e-07,3.112498547944199e-05,2.060542976037384e-06,0.0011832945697595413
71,0.00012343876834175268,1.607470142279768e-05,1.6420755687326331e-06,6.050487272669708e-05,6.646428696207786e-08,3.5842053596501744e-06,0.8458202801664396,0.00017674303527447677,0.00013513748938388898,0.012569219028759107,6.8431532766351e-08,8.987213578874363e-09,5.205833133610848e-08,1.1194510294402101e-05,2.948320111820088e-05,0.12829478437783304,6.75257789591203e-10,1.4690900999810795e-08,0.012084019513146728,4.930615365374541e-06,2.3642479560649565e-06,7.633531165574184e-07,2.534797848626385e-05,2.828452860333975e-06,0.0006374480990226432
