,0,1,2,3,4,5,6,7,8,9,10,11,12,13,14,15,16,17,18,19,20,21,22,23,24
0,2.6094971262327754e-06,0.0002479023661897251,0.0007113664867688977,0.0009196306188964705,3.3232854003618346e-07,1.5686328106046965e-06,0.9743092197806231,9.846545924484746e-05,8.5527680890612e-05,0.00032178132685640966,0.00013529645648427003,1.1745409881765467e-07,0.010215014493363296,5.306442123252722e-06,2.6357846787225484e-08,7.071099931752816e-06,1.1175770714890944e-09,2.033442894518892e-05,8.379643693100187e-07,0.012380235845961094,5.556437464411252e-09,5.391167275585092e-08,1.121348621568291e-06,0.0005360314016765009,1.4194294379452526e-07
1,2.5958844372385225e-06,0.0001377066843849904,0.000990857844670937,0.0005993152531359342,3.376573088932282e-07,1.919057673304957e-06,0.9758984315350131,9.274743364319463e-05,0.00014898637553285968,0.0002784791323623559,0.00012204246824353029,1.179709159725673e-07,0.008667523287613629,4.472506141903848e-06,2.9138536603730768e-08,1.082442200280962e-05,7.887311751929664e-10,1.1252927124846965e-05,1.0780564420119254e-06,0.012655091284449435,4.068115377476835e-09,4.531488009003415e-08,6.659812716703789e-07,0.00037537226556013493,1.0266180800015444e-07
2,2.7478414033083515e-06,0.0001718293678950236,0.0006521517139745546,0.0006243996255823892,2.624023008109435e-07,1.7737669029121101e-06,0.9732940041839385,8.671681066184443e-05,8.827618252840498e-05,0.00021987344213391424,0.0001300059484846451,1.216077436500836e-07,0.009571151987375546,4.589296550169584e-06,3.1795509316333865e-08,8.466802862182903e-06,1.0420636733420945e-09,1.5771020459804385e-05,7.62354395816345e-07,0.01470773499749983,3.740186536763263e-09,6.352967898230403e-08,1.138459513360986e-06,0.0004180157281838751,1.0635217071638078e-07
3,2.651271834532516e-06,0.00018111979888810837,0.0008816465375029064,0.0007381371301170102,3.498222569091647e-07,1.779518705203697e-06,0.9717554646580846,9.041797128687096e-05,9.916312983868165e-05,0.0002509676313972328,0.00014736113854980063,1.2538860969566347e-07,0.011594674064686419,4.775513886178951e-06,2.3639990540693783e-08,7.246918349236638e-06,9.261460382859602e-10,1.7399098642302772e-05,7.535628221617838e-07,0.013734078531155188,3.7147010216468885e-09,4.646741268491041e-08,8.765295420424828e-07,0.0004908411032885281,9.593230590383414e-08
4,2.6818955018421665e-06,0.00019942845077471462,0.00094828831038062,0.0007478575826633591,4.134393972032022e-07,1.979137231712346e-06,0.9681286031142416,7.931072589187131e-05,9.593784811360331e-05,0.00025335311116289665,0.00015109235024906548,1.432968591299163e-07,0.015193496352156968,5.9283780124861174e-06,2.366248672345386e-08,7.112935676202954e-06,9.585732298064148e-10,1.8237025399061535e-05,7.145173735882909e-07,0.013671700363781724,3.502425953452028e-09,5.034675017392631e-08,9.150474385573635e-07,0.0004926408623246359,8.678513297609486e-08
5,2.4701216587845912e-06,0.00022158431163162655,0.0008536539525858017,0.0010192234942635883,4.111510424830487e-07,1.8483753104408489e-06,0.9664396583501544,0.00010855536878835156,8.848699769492413e-05,0.00030749760780846117,0.00016841270159409383,1.3356266286694996e-07,0.013964738883949859,5.14477673925251e-06,2.055169623788981e-08,6.635301213441434e-06,1.0816348691313748e-09,2.447206971558845e-05,7.247713541698481e-07,0.01619577663365211,4.443046390860025e-09,4.936153067371629e-08,1.06996293993548e-06,0.000589325155773637,1.0101155812236778e-07
6,2.651271834532516e-06,0.00018111979888810837,0.0008816465375029064,0.0007381371301170102,3.498222569091647e-07,1.779518705203697e-06,0.9717554646580846,9.041797128687096e-05,9.916312983868165e-05,0.0002509676313972328,0.00014736113854980063,1.2538860969566347e-07,0.011594674064686419,4.775513886178951e-06,2.3639990540693783e-08,7.246918349236638e-06,9.261460382859602e-10,1.7399098642302772e-05,7.535628221617838e-07,0.013734078531155188,3.7147010216468885e-09,4.646741268491041e-08,8.765295420424828e-07,0.0004908411032885281,9.593230590383414e-08
7,2.4051844432022675e-06,0.00013521567351978167,0.00130073890490332,0.0016469177970233582,1.1756055752672523e-06,8.792100288844295e-06,0.967606907473226,0.0003217457911175413,0.0003340057197393501,0.0014408250098694175,0.00018544098612699212,3.119032274379956e-07,0.003158294605054617,1.0079719642102356e-05,1.1078186404544714e-07,8.910637746138204e-05,1.5811399057976927e-09,1.8414673958997904e-05,4.549524712431611e-06,0.02337736857337685,6.131127070132196e-08,1.206701598905817e-07,2.4876217671583668e-06,0.0003543833693580224,5.390411730724366e-07
8,2.6239566185395237e-06,0.00021514630492589645,0.0010254696098576535,0.0010025452568956316,3.139184336307978e-07,1.0331006323488188e-06,0.9699183119510856,0.00011779687905588113,9.598220174952958e-05,0.00036295073570495135,7.835946610119075e-05,1.1052826291012193e-07,0.012571926400950945,4.506133398911621e-06,2.1898368794638328e-08,7.106263866226425e-06,1.1785197843723973e-09,1.3704947053877577e-05,6.12574919117191e-07,0.013860978385839625,3.88793734720245e-09,4.398349895940172e-08,8.855593149214625e-07,0.0007194053360205881,1.5954098699135025e-07
9,3.0664611563028515e-06,0.00023017066779760733,0.0013371440559311455,0.0010512755554897039,3.3154312482010674e-07,8.838478884653953e-07,0.9636040251314207,0.00011708545219676133,0.00010461084738416791,0.00030314574072334984,8.434216067261847e-05,1.2149436978751518e-07,0.017441225348693683,4.396856910445969e-06,1.738342084163919e-08,5.3996023464152306e-06,1.1501024099753864e-09,1.4871760721376124e-05,5.53821980187692e-07,0.014846537799052338,2.912438535418871e-09,3.5083089520388524e-08,6.668116858929316e-07,0.0008499438799082737,1.446314943231277e-07
10,2.651271834532516e-06,0.00018111979888810837,0.0008816465375029064,0.0007381371301170102,3.498222569091647e-07,1.779518705203697e-06,0.9717554646580846,9.041797128687096e-05,9.916312983868165e-05,0.0002509676313972328,0.00014736113854980063,1.2538860969566347e-07,0.011594674064686419,4.775513886178951e-06,2.3639990540693783e-08,7.246918349236638e-06,9.261460382859602e-10,1.7399098642302772e-05,7.535628221617838e-07,0.013734078531155188,3.7147010216468885e-09,4.646741268491041e-08,8.765295420424828e-07,0.0004908411032885281,9.593230590383414e-08
11,2.731044621292964e-06,0.00019067871441802293,0.0008882899887280008,0.0007612160602368352,3.5986904762833777e-07,1.7520171456655455e-06,0.969744597920098,8.910800698374979e-05,9.42452815115033e-05,0.0002496612751455691,0.00014680738378175626,1.318429845874668e-07,0.013257618791521196,5.030831350438162e-06,2.2746840594779932e-08,6.891683200711095e-06,9.867842070905321e-10,1.8549005515363988e-05,7.171025107821568e-07,0.014025221294547198,3.549057404273483e-09,4.8255335812270313e-08,9.074914182439602e-07,0.0005153159206648936,9.29365502850818e-08
12,2.654231959970503e-06,0.0004313344058400005,0.0008026287056187335,0.001502167739576511,9.475587779982491e-07,6.003878570878006e-06,0.9417975093729084,7.229850114780649e-05,4.441141740085775e-05,0.0005846701969732417,0.0002599364204321878,3.133189943329411e-07,0.030087367601553523,1.6417837325780454e-05,2.0709280219608026e-08,1.228923851271406e-05,1.5866495523499357e-09,8.151400171663566e-05,5.638905995309932e-07,0.023633936988819767,8.714647899522453e-09,1.141670590997591e-07,3.495997874865604e-06,0.0006592923239859056,1.0119377368302281e-07
13,3.653446587953279e-06,0.0001838279221896868,0.0015040177387678755,0.0007632728513128753,5.815875897275986e-07,1.9209053225016876e-06,0.9667475726570687,0.0001118124373984261,0.0001490002180816813,0.00014819326356958618,0.00029168585007242496,2.740155742279625e-07,0.015975493913848282,7.807374394428381e-06,3.9537770347409735e-08,5.847135123619e-06,1.3892075413422755e-09,1.560280097844938e-05,1.154497942112212e-06,0.013630981444233184,4.135476678593292e-09,5.882238883436513e-08,8.746219129946632e-07,0.00045622572390285497,9.570928490435346e-08
14,7.075312565135238e-06,2.9278716263640992e-05,0.0013025993772142876,0.0003578851930156501,1.3504133625530558e-07,8.335594734639319e-07,0.9829117788410606,0.0001161361279633182,0.00012933005793740323,4.227508616343595e-05,0.00011045467904125805,2.5007655583013196e-07,0.0034249514179418177,3.0971570894288327e-06,3.948696533230997e-08,9.286543813222015e-06,1.0370831986536768e-09,5.483490912339867e-06,1.0904051112646175e-06,0.011293506659187578,2.4721027251687356e-09,2.7729715193119766e-08,6.977652899029441e-07,0.00025360830646353093,1.7545973403081178e-07
15,2.651271834532516e-06,0.00018111979888810837,0.0008816465375029064,0.0007381371301170102,3.498222569091647e-07,1.779518705203697e-06,0.9717554646580846,9.041797128687096e-05,9.916312983868165e-05,0.0002509676313972328,0.00014736113854980063,1.2538860969566347e-07,0.011594674064686419,4.775513886178951e-06,2.3639990540693783e-08,7.246918349236638e-06,9.261460382859602e-10,1.7399098642302772e-05,7.535628221617838e-07,0.013734078531155188,3.7147010216468885e-09,4.646741268491041e-08,8.765295420424828e-07,0.0004908411032885281,9.593230590383414e-08
16,2.797087858019712e-06,0.00013311336978349543,0.001514633452940657,0.0006464215106420708,3.852811244810748e-07,1.6023620386817063e-06,0.9693299975284583,8.187606656007402e-05,0.0001508518837001545,0.0001369364636440471,0.00017080675970582284,1.500284709771207e-07,0.0130916968570161,4.901856717413023e-06,2.6816891041052133e-08,5.661165499009433e-06,7.880659064240226e-10,1.0495287470082002e-05,7.120189867291741e-07,0.014276928642017912,2.2204610336053765e-09,3.395225924151763e-08,6.457028999916662e-07,0.00043922980548592516,9.309130277063472e-08
17,2.6122699499960804e-06,0.00016808597135240563,0.0008663236363188466,0.0005812865503045569,3.1351136357628355e-07,1.7444908741453944e-06,0.9758119927640369,8.91768239277935e-05,0.00011293115618865299,0.00024133384575154073,0.00014411342162996588,1.0545701810378867e-07,0.00911199569171674,3.8023842967531427e-06,2.7534482414502374e-08,7.680923417514975e-06,8.655785141598529e-10,1.4190657333025068e-05,8.152807072653511e-07,0.0123621737716249,3.5779667715670756e-09,4.539650561206249e-08,7.330488152716941e-07,0.00047841950087444137,9.14679643317162e-08
18,1.5125833389099836e-06,0.00011379828116270965,0.0014940912591451731,0.0008731663232820894,8.469378292188806e-07,4.1819616015648845e-06,0.9684402195570476,9.772748280640339e-05,0.00021220594325195482,0.00022509842640014923,0.00034205214990561724,1.434611445869546e-07,0.010725288171341767,6.5228261183025734e-06,3.6110959287150325e-08,1.1057587219651601e-05,5.405111783328991e-10,9.975235894693898e-06,1.1578375783419359e-06,0.01714843795746602,4.789800797621899e-09,3.2227178516234723e-08,7.851534986302395e-07,0.0002916011447624142,5.6050754463976304e-08
19,2.9174601578258802e-06,0.00013894499241793004,0.00034292185195177464,0.00046231396317954123,1.2599433484745027e-07,1.2840234019761491e-06,0.9835787970544617,8.068886125019247e-05,5.559253212927654e-05,0.00018693609165964663,0.0001157771145367616,6.122596785057411e-08,0.004169786698050887,2.1646230819596123e-06,2.333045067373494e-08,7.4706939587255165e-06,7.767100028049411e-10,1.75521581309087e-05,6.555685196290029e-07,0.010414402400525732,3.909981402287748e-09,4.133510540580576e-08,1.0444350991882663e-06,0.0004203960584795227,9.684645672717502e-08
20,3.404539331374236e-06,0.0001070168296680743,0.0010091952505725192,0.0005721155177218992,2.585045738460303e-07,2.311493444674988e-06,0.9787824233962966,3.747292721592644e-05,6.375644077121212e-05,0.00015701135784207412,0.00015015385394466334,1.1317024454824481e-07,0.007961082547132894,4.703982379323208e-06,1.2272884760513731e-08,8.869749233987083e-06,4.1013889734198756e-10,1.7321282394211367e-05,4.7038260891645444e-07,0.010784186354620815,2.507343621042375e-09,1.6688196711738227e-08,6.987326934360543e-07,0.00033731314574531886,8.866299958070317e-08
21,2.6043343092593514e-06,0.00021795268274744456,0.0009251245203128047,0.0007663045342708008,3.815773594569348e-07,1.7512054396017218e-06,0.9736017133199236,0.00011421841029142999,0.0001400203197668989,0.0002732408029003842,0.00017279213474247066,1.117365067715874e-07,0.010371499407361458,4.273406438266109e-06,3.23426892512312e-08,6.3601260702195215e-06,1.101101124844513e-09,1.7058453449728837e-05,9.550576863345524e-07,0.012817397707567436,4.466973573928255e-09,5.318827434037931e-08,8.346320286217928e-07,0.0005651976988151564,1.1683297366443622e-07
22,2.811100431490653e-06,0.00016914296898141724,0.0008438101993058458,0.0007145669517352678,3.66324223978252e-07,2.595610246463567e-06,0.9700936973987989,8.542144016805592e-05,8.68595774182192e-05,0.00023347822598513776,0.00020910153472230095,1.3631869356172754e-07,0.010819003357039825,5.050813883843039e-06,2.4441965830067758e-08,8.894629035000901e-06,9.849093567011525e-10,2.397354543739047e-05,7.328467296104728e-07,0.016240074514276847,4.289354663534415e-09,5.039614049055777e-08,1.168770247438078e-06,0.00045895363103172845,8.012923733710074e-08
23,2.651271834532516e-06,0.00018111979888810837,0.0008816465375029064,0.0007381371301170102,3.498222569091647e-07,1.779518705203697e-06,0.9717554646580846,9.041797128687096e-05,9.916312983868165e-05,0.0002509676313972328,0.00014736113854980063,1.2538860969566347e-07,0.011594674064686419,4.775513886178951e-06,2.3639990540693783e-08,7.246918349236638e-06,9.261460382859602e-10,1.7399098642302772e-05,7.535628221617838e-07,0.013734078531155188,3.7147010216468885e-09,4.646741268491041e-08,8.765295420424828e-07,0.0004908411032885281,9.593230590383414e-08
24,2.270902580660531e-06,0.00026431096977816356,0.0009518700774932798,0.0012835133526455532,5.292252865572179e-07,2.1737015811696477e-06,0.9586573239750139,9.446134169688325e-05,9.063636902779516e-05,0.0003663163979089493,0.00016999269508496904,1.6223631364956357e-07,0.0196958335789266,7.795261484347615e-06,1.8790935803255256e-08,7.000630659487263e-06,9.964191136175869e-10,2.5804743294320074e-05,7.777873737706848e-07,0.01787896167262581,4.715119454620902e-09,5.220379363941922e-08,1.0713670620089235e-06,0.0004990136385007551,1.0336939317066606e-07
25,2.6892114413529e-06,0.00020061072377498286,0.000941370676141417,0.0007198083212846129,3.812454965113994e-07,2.045824621853079e-06,0.9719120756893082,8.457988576932294e-05,0.00011310524851033554,0.00028493743782829486,0.00014237660035461123,1.267578828268754e-07,0.011672455894049626,5.2638216575298526e-06,2.6686600127941257e-08,8.064365192084727e-06,9.058273432282493e-10,1.7050577838575553e-05,7.993594549116822e-07,0.013405747286221832,3.948403505489172e-09,5.0707960003486414e-08,8.655292985662508e-07,0.0004854543680525187,1.0892702900161489e-07
26,4.043699561368013e-06,0.00019433907170710862,0.00104798982792318,0.0007207972702774925,2.9368204995406577e-07,1.1686133678078653e-06,0.9677072980851377,0.000127057379900416,9.456127210646684e-05,0.000228621712730926,0.00013384999031360712,1.2097008573143677e-07,0.014404291274058066,2.924968119736412e-06,1.7174935524128985e-08,4.911562280841419e-06,1.4154225760709632e-09,2.4319257490419576e-05,5.812551128364862e-07,0.01434646574025188,2.790508531308706e-09,4.2272740318088725e-08,7.530806246681727e-07,0.0009554533919663201,9.42413263872532e-08
27,3.0731615764909657e-06,0.00016360758447537142,0.00082386963402329,0.0006026100782586203,2.6790866257315775e-07,1.823007465870852e-06,0.9755265312683353,0.00010845224019423435,0.0001411438605327607,0.00026106631055451495,0.00012640460387968448,1.0431211687669866e-07,0.007630843721972394,3.559308540849039e-06,3.410318480232228e-08,9.084013853098459e-06,9.807707242739765e-10,1.4795197192541345e-05,9.167530413138267e-07,0.01409595336162537,3.976168285672304e-09,5.7172594392132985e-08,8.44255817984733e-07,0.0004848159103419225,1.3727482046932507e-07
28,2.651271834532516e-06,0.00018111979888810837,0.0008816465375029064,0.0007381371301170102,3.498222569091647e-07,1.779518705203697e-06,0.9717554646580846,9.041797128687096e-05,9.916312983868165e-05,0.0002509676313972328,0.00014736113854980063,1.2538860969566347e-07,0.011594674064686419,4.775513886178951e-06,2.3639990540693783e-08,7.246918349236638e-06,9.261460382859602e-10,1.7399098642302772e-05,7.535628221617838e-07,0.013734078531155188,3.7147010216468885e-09,4.646741268491041e-08,8.765295420424828e-07,0.0004908411032885281,9.593230590383414e-08
29,2.651271834532516e-06,0.00018111979888810837,0.0008816465375029064,0.0007381371301170102,3.498222569091647e-07,1.779518705203697e-06,0.9717554646580846,9.041797128687096e-05,9.916312983868165e-05,0.0002509676313972328,0.00014736113854980063,1.2538860969566347e-07,0.011594674064686419,4.775513886178951e-06,2.3639990540693783e-08,7.246918349236638e-06,9.261460382859602e-10,1.7399098642302772e-05,7.535628221617838e-07,0.013734078531155188,3.7147010216468885e-09,4.646741268491041e-08,8.765295420424828e-07,0.0004908411032885281,9.593230590383414e-08
30,2.651271834532516e-06,0.00018111979888810837,0.0008816465375029064,0.0007381371301170102,3.498222569091647e-07,1.779518705203697e-06,0.9717554646580846,9.041797128687096e-05,9.916312983868165e-05,0.0002509676313972328,0.00014736113854980063,1.2538860969566347e-07,0.011594674064686419,4.775513886178951e-06,2.3639990540693783e-08,7.246918349236638e-06,9.261460382859602e-10,1.7399098642302772e-05,7.535628221617838e-07,0.013734078531155188,3.7147010216468885e-09,4.646741268491041e-08,8.765295420424828e-07,0.0004908411032885281,9.593230590383414e-08
31,2.3421928649615062e-06,0.00014863358270425812,0.0006555393675523744,0.0005064827886450347,3.013582854568786e-07,2.6534315081647816e-06,0.9792472750550486,6.509482905059944e-05,0.00011077183219341943,0.00021475135168364703,0.00017436283976442587,9.401754765431474e-08,0.007089060560240324,4.50677775561602e-06,3.4945064067834945e-08,9.489645339454364e-06,6.69615629082248e-10,1.3677606812330216e-05,8.862687760494181e-07,0.011436893181145519,3.911017292568652e-09,4.9295534942588214e-08,9.190690093884006e-07,0.0003160899688593547,8.545398143230655e-08
32,2.7219353787200927e-06,0.00018168090102787287,0.0008991218150504692,0.0007121014762496884,3.561755152222054e-07,1.8074908398923759e-06,0.9723205946212029,9.54818196233658e-05,0.00011192095085285309,0.00025878757634269033,0.00014716145184896442,1.2758957745636737e-07,0.011217799329518626,4.756918934541379e-06,2.6750108366267293e-08,7.655197778847045e-06,9.878506774588308e-10,1.6523083814338727e-05,8.583795037579468e-07,0.01353674401116817,3.968505149778932e-09,5.066434918497758e-08,8.503308365203438e-07,0.0004827660521843985,1.0052193722320271e-07
33,2.5644751293703423e-06,0.00043656302186273363,0.0006604845658766545,0.0010454953477702998,5.383568558972322e-07,2.3837777257677764e-06,0.9390637818866779,8.039772070262e-05,4.9194740719204055e-05,0.0003438115655134219,0.00020906924527778605,2.110029220180807e-07,0.03667561494639853,8.711200409260444e-06,1.845134159269553e-08,5.407401488063112e-06,1.610232260857303e-09,4.636247753573461e-05,5.576934705693099e-07,0.020725914474492558,3.9034448008078905e-09,1.0355932536040971e-07,1.5678412026767465e-06,0.0006411829654604745,5.776816435512617e-08
34,2.769765062819674e-06,0.0001777370042223365,0.0009018197687916914,0.000694080012677881,3.418606763151143e-07,1.7580697841837227e-06,0.9728691233454374,8.93515544414379e-05,0.000107935282057088,0.0002429410624582447,0.00014375657419318414,1.233625554426152e-07,0.011211198107952049,4.685160853523588e-06,2.4961248503539965e-08,7.2253403956619336e-06,9.120864058321558e-10,1.6266998867285413e-05,7.888883637938051e-07,0.013046389097153816,3.614777170204911e-09,4.636063630769558e-08,8.174240041187159e-07,0.0004807170100130244,9.84612902472571e-08
35,4.407946682802308e-06,0.00020843517172622157,0.0008190908690240096,0.0008207003143750167,2.6626254782588177e-07,1.2094676656263852e-06,0.9742675083203257,0.00018350485503662646,0.00013837256476949825,0.0003569515226482279,0.00011557310702035265,1.2453276630869834e-07,0.009103986811554903,2.989493668936559e-06,2.327375565370687e-08,6.552840406030142e-06,1.6062113422713726e-09,2.50159881467951e-05,1.143738784227736e-06,0.013177021112291491,4.90075825250797e-09,6.187026257427535e-08,7.34424548246768e-07,0.0007661370184440895,1.8198657939629716e-07
36,2.6425270692597142e-06,0.00018082713546385625,0.0008728872160720248,0.0007347010200884226,3.471979709097832e-07,1.7869974745841674e-06,0.9718459464373653,8.978284326719516e-05,9.822849503996313e-05,0.00024966903840758386,0.0001480920978671498,1.2436100157917216e-07,0.01151830857100664,4.75009200575352e-06,2.3538878538947838e-08,7.234145302214023e-06,9.182560869147385e-10,1.7492625605198703e-05,7.477313048184007e-07,0.01373641978798474,3.7024625626193086e-09,4.632907916338117e-08,8.799986546220662e-07,0.0004889620554282852,9.513694322453025e-08
37,2.3525773186802215e-06,0.00018582583349502363,0.000885249920459046,0.0008000366689612372,3.8782316438435383e-07,1.9377552183567553e-06,0.9711410109109434,0.00010306094165619014,0.00011413591300782692,0.00029567040088756364,0.00015007423374419808,1.210215643072207e-07,0.011199561468229476,4.77003390595911e-06,2.6693612374249837e-08,8.008497098288173e-06,9.679323438817564e-10,1.7020901470445085e-05,8.377356010365882e-07,0.01458888514476749,4.295723261109247e-09,5.0919806456412844e-08,9.285421120237215e-07,0.0004999392098907976,1.0158943004694361e-07
38,3.1601392851135076e-06,0.0016281542393675207,0.00998021388075218,0.024432174400954614,6.420254554208964e-06,9.16875748881567e-07,0.7002324956541797,0.002256251996816963,0.0008206652129331974,0.002780725041595592,0.0002391767146399578,1.0838329080779203e-06,0.19416722202940392,2.005807871023611e-05,2.098666434327367e-08,2.6097469209472168e-06,1.3668834004990298e-08,7.679778674517444e-05,3.0909299992561944e-06,0.05895994109370293,2.1966254369088996e-08,1.3086165443952774e-07,7.888282530447624e-07,0.004386902836950168,9.629421711733814e-07
39,2.8357712723511087e-06,0.00011095556654593744,0.0013367095505892295,0.0012143710449116574,5.648317784049563e-07,2.4237211927463203e-06,0.9639427549632618,0.00019894772053452621,0.00012819848078356275,0.00037237906072443394,0.00016916878564958023,2.293815159173789e-07,0.009131773547096236,5.311218134337536e-06,2.5795439234530084e-08,1.6433689945413162e-05,1.3208168504446632e-09,1.9029505789067655e-05,1.2362011629083288e-06,0.02282372121440303,8.169425752251684e-09,4.8062012214804724e-08,1.2161747883736132e-06,0.0005215184768524554,1.3774537396052197e-07
40,3.061587658153537e-06,0.0001912808509454198,0.0008981679777992853,0.0006338310605610006,3.4796791363121833e-07,1.8923929250384516e-06,0.9735239240969317,7.423792702316852e-05,9.797850235023447e-05,0.00021657126494092321,0.00015421767775753695,1.3721174888168754e-07,0.011775646740929227,5.476762688341696e-06,2.6677158712625503e-08,7.007919076512753e-06,9.225007898426482e-10,1.690194407626586e-05,7.66629822636346e-07,0.01194550774255176,3.551383667201926e-09,4.975848633004964e-08,8.694071621589268e-07,0.0004519952798169987,9.814579170373578e-08
41,2.7504505623277846e-06,0.00021878069389231502,0.0024220194557043125,0.0009768590712071364,9.560439637067964e-07,3.3910500661238904e-06,0.9692200717689401,0.00011207495655492774,0.00039026343571018886,0.00041775653298717753,0.0001753233913250912,1.6437704536233687e-07,0.012848300440324886,8.66657121761178e-06,5.3437756305533195e-08,1.2284066502430815e-05,8.599305408389313e-10,9.882779007398008e-06,1.4447450211169516e-06,0.012667650563540352,6.230877900729623e-09,4.561066185430731e-08,6.631121203709227e-07,0.0005103964601112436,1.938949692725712e-07
42,2.5340269220724567e-06,0.00014618121969964525,0.0006358910987537994,0.0006165471501726723,2.3786386278196705e-07,1.4469253809601322e-06,0.9753844919319147,0.00016389924939507833,0.00012131928874801334,0.0002825175590573333,0.00013891467885072422,1.1416504020323459e-07,0.005739907586679393,2.8753410495335727e-06,3.8265775746739374e-08,1.1081913037411225e-05,1.3118856748745115e-09,1.2224945713506882e-05,1.3570851534229726e-06,0.016334470168688997,5.8289752410480024e-09,7.322313930225978e-08,9.337659212657802e-07,0.0004028235484688647,1.1185771345584698e-07
43,2.0726835440759396e-06,0.0002394325962983823,0.0007613083694223347,0.0011653420047180493,7.08575724616719e-07,3.9323265876590116e-06,0.9680203330600753,0.00021059927776697149,0.00016505786007779612,0.000959335714193426,0.00017241352601940924,1.3598139784027282e-07,0.008919475871223723,5.021241125681667e-06,4.1983101773895836e-08,1.9567378221679047e-05,1.519781173596475e-09,2.5338915522668707e-05,1.6626253233070582e-06,0.018702051918566866,1.3336799076741265e-08,1.0072450007673558e-07,1.4245796075061313e-06,0.0006244854712539683,1.4245914670458145e-07
44,2.651271834532516e-06,0.00018111979888810837,0.0008816465375029064,0.0007381371301170102,3.498222569091647e-07,1.779518705203697e-06,0.9717554646580846,9.041797128687096e-05,9.916312983868165e-05,0.0002509676313972328,0.00014736113854980063,1.2538860969566347e-07,0.011594674064686419,4.775513886178951e-06,2.3639990540693783e-08,7.246918349236638e-06,9.261460382859602e-10,1.7399098642302772e-05,7.535628221617838e-07,0.013734078531155188,3.7147010216468885e-09,4.646741268491041e-08,8.765295420424828e-07,0.0004908411032885281,9.593230590383414e-08
45,4.4905048397440345e-06,0.0008378627722174636,0.000670453992435587,0.003970032079245601,7.140549592778607e-07,6.922195066224027e-06,0.9520699113306494,0.00013275935813091618,7.231281229871829e-05,0.001402869881488132,0.00037371057872793404,2.8744466370159433e-07,0.012765211786733777,1.3793221463380412e-05,2.769170581946696e-08,1.5901419041441563e-05,2.5565359440466516e-09,0.00021067321206042505,1.2938674114730614e-06,0.026668175660476415,3.931529766100609e-08,1.1690945733444141e-07,4.515067864810933e-06,0.000777283743117314,6.385441115576872e-07
46,5.597847270158714e-06,0.000303943301768192,0.001341602632239497,0.0016130127721633233,5.460902816019099e-07,1.2121456808236126e-06,0.9419651120878519,0.0003489979938189335,0.00011294879658920283,0.0003690524930993186,0.00020073118212634935,3.073604943067835e-07,0.025108754324218795,4.251389581824851e-06,2.8709101176350213e-08,6.17089000240991e-06,5.651342927502962e-09,4.072150109603802e-05,1.1007852540447506e-06,0.027051671648142452,6.553295165825419e-09,1.0178655989130177e-07,1.432597423555473e-06,0.0015225246190098752,1.6484158831594983e-07
47,2.4195396599286122e-06,0.00018638852871498562,0.0009370920147706744,0.0008155121724509062,4.0147483501902904e-07,1.867204823850902e-06,0.9712973707744623,9.456230914575493e-05,0.00010902523236528231,0.0002653769522346402,0.00015762620834953469,1.2431264870684722e-07,0.012026947736442578,5.108327066729727e-06,2.4650870531340686e-08,7.074727082152454e-06,9.123773525320678e-10,1.7117262361168536e-05,7.8493314832663e-07,0.013574288996766264,4.0037734647069565e-09,4.475036582677565e-08,8.900379711649097e-07,0.000499849493578013,9.744373484286722e-08
48,2.7062357220005106e-06,0.00022184824817312533,0.0005728575595194561,0.0006829489030505531,2.567134842673549e-07,1.0510689318421994e-06,0.974412441379788,0.00011189952292834977,7.727708757591111e-05,0.00028229302461236605,0.00010852502475649492,1.0523741754461758e-07,0.011617367382974518,3.5878144898358167e-06,2.45223709063485e-08,5.713226828327082e-06,1.4641009145901078e-09,1.688695219333423e-05,8.454874858759528e-07,0.01129169464191528,3.914682636986496e-09,6.252480893153226e-08,8.876667980630657e-07,0.0005886229467783134,9.144861319641032e-08
49,2.833734154269316e-06,0.00017575914097318248,0.0011620942045270006,0.0008213908473379612,4.995084833225127e-07,2.6967967160111754e-06,0.9616617955566685,9.608676130975421e-05,0.00010307945162972772,0.00026540831104498736,0.00019274326180236822,2.09574383975215e-07,0.015431089881414343,6.693655950288366e-06,2.3998448075331158e-08,9.531091963984604e-06,1.0579183693753589e-09,2.270506044828483e-05,8.066760473604468e-07,0.01958132722969112,4.1719533220372745e-09,6.04509217110956e-08,1.0696301243639877e-06,0.0004620010717069258,8.887438050810949e-08
50,2.324514812257205e-06,0.0001552996722427898,0.0006778893376768809,0.0005818739927739171,2.534818255257666e-07,1.469651362077495e-06,0.9771968637858216,7.271217596353616e-05,8.893776127025814e-05,0.0002544573569081404,0.00010120769965051146,9.077513714155239e-08,0.009448727694038766,3.9667467231945896e-06,2.0619330351407904e-08,7.288645442986902e-06,6.889741875642138e-10,1.2869124743671562e-05,6.973411665791207e-07,0.01099418033263814,2.9864530061203953e-09,4.1201770136543915e-08,6.987162533908883e-07,0.0003980412421444032,8.445487651564699e-08
51,2.6809670103747966e-06,0.00017805001508459513,0.0009069368818241048,0.0007187287118834493,3.52065633928855e-07,1.8268938399578628e-06,0.9717539755142053,8.954638247532962e-05,0.00010245270329580128,0.0002494549833917134,0.00014676483358474948,1.266432716508077e-07,0.011453810032063631,4.76693763788428e-06,2.4450648490371102e-08,7.5497116696753756e-06,9.232765846103848e-10,1.6910527347232572e-05,7.601381986288919e-07,0.013875948926798389,3.685324048529065e-09,4.6773759632793935e-08,8.711876019265252e-07,0.0004883129519377183,9.715823501958342e-08
52,2.6722201968596398e-06,0.00017909055286880181,0.0007706964123865405,0.0006759388968410875,3.2181932203740834e-07,2.068552400280223e-06,0.9713700522264286,7.790652697325397e-05,8.620964295076377e-05,0.00023898829436112652,0.00015505070303981495,1.1737646006862155e-07,0.011603120760192329,4.678896688441494e-06,2.1995296434808383e-08,7.42521478773492e-06,8.418960414342812e-10,2.019628508615038e-05,6.560134609138401e-07,0.014338612716966658,3.378444889202212e-09,4.785307965867042e-08,9.531552987010916e-07,0.0004650863768428168,8.3287729908312e-08
53,2.1231514651225067e-06,0.004849259789156239,0.030287255242284067,0.029155350873427386,0.0007368989632985394,2.976478359306854e-06,0.03920763956150757,0.0013957350249517242,0.0005856524022499534,0.008820470157343566,0.0002261288514713397,2.4025392774370917e-05,0.8735838446599626,0.0002570912046767384,1.8966679973118256e-08,2.4766921086127675e-06,5.740576685553656e-08,8.393391431659543e-05,9.495400048146756e-06,0.007753698970892007,1.382071674305156e-07,2.776347534401999e-07,3.0598777767165164e-07,0.003014320077574491,8.249899861166067e-07
54,2.7188356966007492e-06,0.0001580939007003324,0.0005957861933792913,0.00035038996358266065,1.4422444074500954e-07,1.2122467750610503e-06,0.9832054419511894,3.619378039355829e-05,7.183565217957856e-05,0.00021260376328223083,5.491330663763429e-05,7.574321783541363e-08,0.006913414201780751,4.317582008373104e-06,2.2206993683012246e-08,8.876706035376242e-06,4.6115263799313093e-10,8.351520402598018e-06,5.747816724265786e-07,0.008093639783351782,2.235225932944013e-09,3.840151884634238e-08,5.602470108107843e-07,0.00028067677568203894,1.1553568987411536e-07
55,4.405714167167668e-06,0.00017795566256836013,0.0013080497581847135,0.0008307908869075957,3.0298664935603056e-07,1.1941604120089304e-06,0.9631185981465796,9.777802627339021e-05,0.00010886785686682788,0.00019068292159361703,0.000122592780504331,1.7763805999822975e-07,0.017475417079115325,4.6711513631551384e-06,1.4120522018850282e-08,4.880423117571859e-06,9.619540246682801e-10,2.1185709671728848e-05,6.71670723117142e-07,0.015938413347966838,2.2449170878835366e-09,3.6129921681955654e-08,5.622128083723245e-07,0.0005926241661388575,1.242430133327969e-07
56,2.7773656646029475e-06,0.00019030061572493243,0.000905105371879149,0.0007587879431671144,3.644184391352307e-07,1.7469763413517588e-06,0.9694716643746338,9.025638498842276e-05,9.551047482233889e-05,0.0002458486880770915,0.00014870846055978676,1.3457836712446232e-07,0.013414085279216309,5.022352292807015e-06,2.315385068386512e-08,6.89651885478753e-06,1.013867457252003e-09,1.8467121433747377e-05,7.292170603663174e-07,0.014121533388500213,3.5685441126999714e-09,4.8493193913114654e-08,9.056069523972384e-07,0.0005209861619640862,9.247160412288811e-08
57,3.3879392756061504e-06,0.00024336481101296567,0.0021870880283966403,0.0013517690595784213,9.491195603686509e-07,2.5129657196660527e-06,0.9481319493611626,0.00019675043908428132,0.00022627697854297487,0.0005473461475039524,0.0001618604028460894,3.59638353589344e-07,0.023084745672635815,9.307096667094086e-06,3.261008013716845e-08,1.2872763797560702e-05,2.0118613676718776e-09,1.9925701982049966e-05,1.7071419342925163e-06,0.023194636690798843,7.222457734944492e-09,8.705037947109417e-08,8.497520907035553e-07,0.0006220412568655692,1.701374124146298e-07
58,2.770755650704465e-06,0.00019406925541450774,0.0008636068128267136,0.000733478309115768,3.4776095605141835e-07,1.5975303178409e-06,0.971709965327762,0.00010018349610169579,9.4212935275389e-05,0.00026175697795488746,0.00014333806843063119,1.2315284746050224e-07,0.012039929489425007,4.327492709679897e-06,2.3574757660016542e-08,6.735152179261205e-06,1.091257932667045e-09,1.8738411434502725e-05,7.287146888812084e-07,0.013230431921076665,3.828311865678858e-09,4.8928924844542376e-08,9.081907254802324e-07,0.000592578547579909,9.427427478737721e-08
59,2.9021540727232206e-06,0.00018213841513713721,0.0010043108236291037,0.0007353571827516191,3.508633032966211e-07,1.5680726055179985e-06,0.969941613058875,0.00010741073798580986,9.846795677280113e-05,0.0002526995317251925,0.00014564163519067643,1.3143496889504855e-07,0.012188832674166603,4.1394781525852696e-06,2.278289112446192e-08,7.032124549328538e-06,1.1046221167656216e-09,1.8872200281316872e-05,6.993628380953354e-07,0.014672073879645527,3.688985887909339e-09,4.650531978974107e-08,8.68137033880866e-07,0.0006347206820551277,9.551244078011284e-08
60,2.651271834532516e-06,0.00018111979888810837,0.0008816465375029064,0.0007381371301170102,3.498222569091647e-07,1.779518705203697e-06,0.9717554646580846,9.041797128687096e-05,9.916312983868165e-05,0.0002509676313972328,0.00014736113854980063,1.2538860969566347e-07,0.011594674064686419,4.775513886178951e-06,2.3639990540693783e-08,7.246918349236638e-06,9.261460382859602e-10,1.7399098642302772e-05,7.535628221617838e-07,0.013734078531155188,3.7147010216468885e-09,4.646741268491041e-08,8.765295420424828e-07,0.0004908411032885281,9.593230590383414e-08
61,2.863721306817631e-06,0.00018396793608848594,0.00107434839406381,0.0007515915227003534,3.7368182214427437e-07,1.6715716910445945e-06,0.9691898447167857,0.00010063774054641738,0.00010482876632270799,0.0002460903694128243,0.0001517342606333604,1.379989736436898e-07,0.012756790539947004,4.585553677472181e-06,2.3214330498923715e-08,7.069924769153419e-06,1.0414671659529729e-09,1.8132346651592216e-05,7.242755002034063e-07,0.014818049772180987,3.637448172610206e-09,4.554908702438822e-08,8.447965364411954e-07,0.0005855413383488551,9.732970783134904e-08
62,2.651271834532516e-06,0.00018111979888810837,0.0008816465375029064,0.0007381371301170102,3.498222569091647e-07,1.779518705203697e-06,0.9717554646580846,9.041797128687096e-05,9.916312983868165e-05,0.0002509676313972328,0.00014736113854980063,1.2538860969566347e-07,0.011594674064686419,4.775513886178951e-06,2.3639990540693783e-08,7.246918349236638e-06,9.261460382859602e-10,1.7399098642302772e-05,7.535628221617838e-07,0.013734078531155188,3.7147010216468885e-09,4.646741268491041e-08,8.765295420424828e-07,0.0004908411032885281,9.593230590383414e-08
63,2.8005336155451667e-06,0.00020328847798482174,0.0008439186058952123,0.000707714578811017,3.311882752601988e-07,1.6750605832048938e-06,0.9717850628962755,8.977496734368633e-05,9.786832221653884e-05,0.00024845615343185005,0.00014676091562099532,1.210619919013482e-07,0.011998904818001605,4.594668006945572e-06,2.4683135658249483e-08,6.6556093251705595e-06,1.0027449351561623e-09,1.8189033659617202e-05,7.487122758450327e-07,0.013317168012169861,3.633830739227684e-09,5.02652295666532e-08,8.685711274871947e-07,0.000524920520723427,9.770772358871269e-08
64,2.7484750369067912e-06,0.00020429313432157565,0.0008964594094275731,0.0008601068072314377,4.213447192456806e-07,1.9475414783500634e-06,0.9722469496577271,0.000109578684758503,0.00010275163737686943,0.00029382293932040575,0.00017209317114503668,1.4337316905504568e-07,0.010913272958747607,5.302007330146847e-06,2.7563014553192084e-08,7.930718551887953e-06,1.1275903394934241e-09,2.013551784646152e-05,9.197172755620425e-07,0.01362281206491244,5.47021698891327e-09,5.2848979246074244e-08,1.0435414606449215e-06,0.0005370674057927194,1.1288256911926472e-07
65,2.8102939945349365e-06,0.0001676841811805593,0.0007214092956170027,0.0004970757949566803,1.8857835940359033e-07,7.93048372915583e-07,0.9800311722802258,8.708040683701292e-05,0.0001026438885519811,0.00016382203253337006,0.00010158487912923396,7.221707898109474e-08,0.00880869206353871,2.6515450110166796e-06,2.4295238995299983e-08,4.190068987812414e-06,8.779741832327436e-10,9.825613652435503e-06,6.564017287718589e-07,0.008755160153728398,2.2616057298876046e-09,3.502374212333205e-08,5.53903408420286e-07,0.0005417824682841621,8.842626171696992e-08
66,6.863359577146985e-06,0.0005789856907534317,0.000713580903550717,0.0008129118525726896,4.62555541487206e-07,1.993474419619045e-06,0.9827993570157659,0.00011868513604081703,7.282124245350591e-05,0.0001392737600951491,0.0007643406806661931,2.0906526438771176e-07,0.006487846715485213,4.319794846113634e-06,1.2874604040943041e-07,2.7675778963477475e-06,5.268082628648113e-09,6.322108313122007e-05,6.557187200841084e-07,0.005598601637350286,1.7560134338341242e-08,1.0049030444718167e-07,3.456174065198955e-06,0.0018291569002356453,2.3759700718522578e-07
67,2.591208175914397e-06,0.00016408230613477838,0.0008790730409664296,0.0007322840054683613,3.36575112884886e-07,2.0001803646009587e-06,0.9696334852405666,7.910916618893168e-05,8.479232769349914e-05,0.00022725716975928527,0.00015095351180795537,1.379975283354632e-07,0.011718650201328715,5.283676220729134e-06,2.2316736067702995e-08,8.218816032622702e-06,8.590483229489124e-10,1.8299512654182054e-05,6.729298950044762e-07,0.015857967728725192,3.5551679714231168e-09,4.630402849562211e-08,1.011041835002577e-06,0.0004336287434179084,9.15851422771627e-08
68,3.073869109530786e-06,0.00018087883885425167,0.0006323410511308744,0.0008119550648711657,2.6649835630260996e-07,2.3845579987570983e-06,0.9677442168438509,8.666227407443825e-05,6.224123448564233e-05,0.0002428765181098483,0.0001902778942088052,1.332781437503272e-07,0.010176522219211838,3.946724091955918e-06,2.02848657283082e-08,8.083719421096872e-06,1.0738201185964416e-09,3.616815943008693e-05,5.469059385390807e-07,0.019267949583440126,4.327274548180634e-09,5.395686736794163e-08,1.4993602939622384e-06,0.0005477937208887159,1.020412614674951e-07
69,2.5143897609615723e-06,0.00019557346929643883,0.000823315603904172,0.0005847061767532141,5.097507888384121e-07,2.8344485773150012e-06,0.9773219575763284,6.129879851726538e-05,0.00010719832948771051,0.00022159310522091585,0.00021365669522019828,1.445813505112422e-07,0.011395158078133598,7.584396099159469e-06,3.3463755042997794e-08,7.196209408970022e-06,7.493056067680214e-10,1.584479186460931e-05,9.055056921854322e-07,0.008682705918768395,4.43243133382469e-09,5.26478454588186e-08,9.530080786408569e-07,0.00035418356867132937,7.430473968444203e-08
70,2.5198493595334355e-06,0.00018740331068825715,0.0007521879721263857,0.0007064082736627529,3.2697091232339675e-07,1.4584176111958566e-06,0.9748332075964664,0.00012949101177546274,0.00011006197409304977,0.00028078892345731856,0.00015400155626009925,1.0202319766367418e-07,0.009584730933667646,3.240643867220922e-06,2.6459251137726895e-08,6.415032986161921e-06,1.146614380611796e-09,1.739518931345879e-05,8.845967215150911e-07,0.012613872914117445,4.272355020878294e-09,5.070483342161074e-08,8.108612123926206e-07,0.000614519995789177,8.936966082208637e-08
71,2.670348435879127e-06,0.00019679418403897978,0.0009473380827451804,0.0007716881178864478,3.959697735085947e-07,1.920674430954822e-06,0.9712327097910575,9.3357466236336e-05,0.00011057281375406303,0.00027754021045689513,0.00015209193759019237,1.3029081919844014e-07,0.01215050153330572,5.136138228760254e-06,2.5415010205963085e-08,7.432299997238573e-06,9.59702579700252e-10,1.773893544851873e-05,8.04618321042042e-07,0.013517842211466787,4.018106080116589e-09,4.896523740777025e-08,8.728658144175411e-07,0.0005122791491408093,1.0300299512612631e-07
