,0,1,2,3,4,5,6,7,8,9,10,11,12,13,14,15,16,17,18,19,20,21,22,23,24
0,2.954635304528751e-06,0.0473617752604561,0.1335166613822655,0.0035260708565507796,0.0005852027293313518,8.607646656383496e-07,0.1355411439308765,0.0002607842891815404,0.013218710407826517,0.000233664525967191,0.002695003211235468,2.094442733273493e-06,0.6519672134824323,0.00026236714879312913,1.1247143691310035e-06,3.3698349833170363e-08,3.320526527905174e-08,6.504656020658724e-06,6.308146638901247e-06,0.0003114077152438263,1.4467904877774787e-08,2.0484772115667593e-07,1.1770808948433049e-07,0.010498708858571845,1.0349142051924736e-06
1,3.3103494755655596e-06,0.08252673659974477,0.1383555878468404,0.00581126190593178,0.0006489632793563471,1.0689927380333913e-06,0.18449187008657802,0.00046190509995196346,0.026063186935549775,0.0006050422845119253,0.002622247972963437,2.1983597841336705e-06,0.546190206361365,0.00035911041293410796,2.2668334423759103e-06,6.214976989219381e-08,4.819413178019357e-08,7.313488151501837e-06,1.5116081613926587e-05,0.00038324722125609073,4.12375650166838e-08,3.722404438402036e-07,1.5632610084006884e-07,0.011445965897846662,2.7138419529747497e-06
2,3.494639052251874e-06,0.09522247722456834,0.08578949580794948,0.005531101222420949,0.0004722767476119672,7.580138802607857e-07,0.17552279340845553,0.00034064017338006504,0.010259381604555341,0.0003342886181353265,0.002472459558252762,2.1568454764823552e-06,0.6099006077271021,0.0003947939901471674,2.400801492784145e-06,4.387414145376057e-08,6.80582302566882e-08,8.692955740911652e-06,8.094344953792704e-06,0.00037685933716927693,2.9702484512397307e-08,4.604250799218545e-07,3.2522642423058503e-07,0.013353686049025678,2.613644269216076e-06
3,2.956332264717365e-06,0.09030186869200314,0.11077106752363795,0.005774691251406255,0.0005759768687464212,6.742504174775131e-07,0.1480429158067189,0.0003608096080343645,0.011033136748048704,0.00038315974806588815,0.002436849743315115,2.039728833087545e-06,0.6151740072919152,0.0003352726074239461,1.4747567141306097e-06,3.384351779577695e-08,5.756067961274744e-08,9.434851017953366e-06,7.391766663404742e-06,0.0003480700584148975,2.8649853829842865e-08,3.5877251490151627e-07,1.8773435070505938e-07,0.014435514464463403,2.0213409780393487e-06
4,2.465730088166524e-06,0.07789652131574235,0.0998622420161181,0.004950967599970764,0.0005672790798834117,6.318060566155733e-07,0.12246351379169482,0.0002547750728496482,0.008677580913213044,0.0003132565096054275,0.0020753012457977783,1.980389641389996e-06,0.6708351626795906,0.00035922256582915406,1.169453591250856e-06,2.817356533914253e-08,4.6579080616890246e-08,8.10979361491026e-06,5.7906444247413625e-06,0.0002853126187014435,2.2330367969675794e-08,2.9821983715494316e-07,1.635820758431398e-07,0.0114366506749027,1.5072137567901683e-06
5,2.3450786506181423e-06,0.09351868634289366,0.09679398541849205,0.0069673035319540175,0.0005833883744834928,5.69733977178117e-07,0.12933164738974337,0.0003760677775065177,0.008099540911996264,0.00040229319163836476,0.002284431069304755,1.8115236556375345e-06,0.6449920716065001,0.0003119461026679841,1.0818285818498017e-06,2.7141819230434934e-08,6.009105518069081e-08,1.1560728158193517e-05,5.749834661752224e-06,0.000368833697342899,2.9072619046570642e-08,3.3955852643564107e-07,1.965767525187905e-07,0.01594426711418698,1.766302831917611e-06
6,2.956332264717365e-06,0.09030186869200314,0.11077106752363795,0.005774691251406255,0.0005759768687464212,6.742504174775131e-07,0.1480429158067189,0.0003608096080343645,0.011033136748048704,0.00038315974806588815,0.002436849743315115,2.039728833087545e-06,0.6151740072919152,0.0003352726074239461,1.4747567141306097e-06,3.384351779577695e-08,5.756067961274744e-08,9.434851017953366e-06,7.391766663404742e-06,0.0003480700584148975,2.8649853829842865e-08,3.5877251490151627e-07,1.8773435070505938e-07,0.014435514464463403,2.0213409780393487e-06
7,3.81266072459507e-06,0.14371674661520478,0.2347020557601146,0.025397193418464987,0.005295645746799808,4.82956054223796e-06,0.20757684354863085,0.002557316149831145,0.04687592906057813,0.004432112556486472,0.0038724166757313915,6.678580362299642e-06,0.2963547855544072,0.0014210044215970748,1.3460651594710732e-05,5.686838533589216e-07,2.810367431912831e-07,1.791951529126418e-05,7.178564288353434e-05,0.0006652750209966506,7.605261938582855e-07,2.452562387659783e-06,1.6103719291734342e-06,0.026988538707674738,1.9976970976247786e-05
8,2.5386322009619288e-06,0.08756020377645257,0.11157356579854098,0.007689001178503137,0.0004861133218967136,2.3107915988749518e-07,0.12430437041260799,0.0004187072384667646,0.007085617725091417,0.0004338694163102379,0.0008963212491753683,1.4378967907815976e-06,0.6358403030881257,0.0002808741234640138,1.1146864120744596e-06,2.7480364957273536e-08,7.360380631019883e-08,5.370588051794589e-06,4.836106525345271e-06,0.00024217910602440068,2.4100155011978482e-08,2.1700563016889153e-07,1.907936504780707e-07,0.02316962516189895,3.1864306939761626e-06
9,2.1853619480665365e-06,0.07471730341345093,0.12453201800618643,0.005822659859881495,0.0004273591582589069,1.4035063220144974e-07,0.08549751529383799,0.00031207349419478303,0.0063276552686294995,0.0002646724702659812,0.0007294458957249799,1.1899006023186596e-06,0.6789971537159929,0.00019961084743120143,6.615202309534341e-07,1.3905709007996638e-08,5.5173472422221213e-08,4.210184798603242e-06,3.300105149644079e-06,0.00018084180393019441,1.334603126434804e-08,1.2440934577773932e-07,9.171461486729478e-08,0.021977541530360023,2.1632693193398786e-06
10,2.956332264717365e-06,0.09030186869200314,0.11077106752363795,0.005774691251406255,0.0005759768687464212,6.742504174775131e-07,0.1480429158067189,0.0003608096080343645,0.011033136748048704,0.00038315974806588815,0.002436849743315115,2.039728833087545e-06,0.6151740072919152,0.0003352726074239461,1.4747567141306097e-06,3.384351779577695e-08,5.756067961274744e-08,9.434851017953366e-06,7.391766663404742e-06,0.0003480700584148975,2.8649853829842865e-08,3.5877251490151627e-07,1.8773435070505938e-07,0.014435514464463403,2.0213409780393487e-06
11,2.811105028256262e-06,0.08575956790051219,0.10230085586084772,0.005402482525978921,0.0005401462442806725,6.242330365341743e-07,0.13592582770909323,0.00032038027959702044,0.009609467422834488,0.00034671402994797517,0.002240846089370101,1.9961374776207427e-06,0.6433628643875366,0.00032862998269990283,1.304076399653875e-06,3.042323517079196e-08,5.51600889957519e-08,9.190190492466458e-06,6.508534338510503e-06,0.0003283319652099171,2.5071453118303443e-08,3.388303234444527e-07,1.8020302956259663e-07,0.01350903038421244,1.79125297541966e-06
12,1.3762107515687932e-06,0.0890181576203703,0.04290448408465613,0.004186512193211209,0.0007349382406699024,5.776107144820342e-07,0.05194352471280007,0.00010726672628946024,0.001049204681679081,0.0002742189766867881,0.0013073396819318556,2.497946990728286e-06,0.7958745902810039,0.0005383973161266622,4.83338258801882e-07,2.2072140659900296e-08,7.188972072630704e-08,1.851346866155035e-05,1.623113048113821e-06,0.00020495479975514753,2.1014215072346677e-08,4.974714284363993e-07,4.2057169649313324e-07,0.011829530407251952,7.755699406606106e-07
13,3.2012985197931714e-06,0.06315439380261882,0.17255226767611245,0.004829088809198562,0.0007649932551385519,5.464043072359408e-07,0.11133608988864375,0.0003529066919830758,0.013785693190947603,0.00014505266186204117,0.004064779909293703,4.085708685778072e-06,0.6190980635105666,0.0004955874608784195,1.9514031931496158e-06,1.9722080772271733e-08,6.81184873721431e-08,6.347052828018482e-06,8.830484770554574e-06,0.0002859442726852723,2.580037771327351e-08,3.885649585787679e-07,1.37809018932968e-07,0.009107938871785116,1.5976310581397197e-06
14,1.613549990443197e-05,0.014615074351056601,0.38673371135050294,0.005351233358510016,0.0003166520147147796,4.0400405486558546e-07,0.3315403375162083,0.0007875176040003069,0.015503085436685464,6.046726049869894e-05,0.003083515008909336,1.0252154057986435e-05,0.22861275531521594,0.0005705078753369013,3.941945333407008e-06,8.489312678382303e-08,1.3344255126964637e-07,4.821606746148447e-06,1.2683432326590873e-05,0.0006075575802247482,3.226966818262934e-08,4.734638103605014e-07,4.1680385289906086e-07,0.01216106100213868,7.1448105644385415e-06
15,2.956332264717365e-06,0.09030186869200314,0.11077106752363795,0.005774691251406255,0.0005759768687464212,6.742504174775131e-07,0.1480429158067189,0.0003608096080343645,0.011033136748048704,0.00038315974806588815,0.002436849743315115,2.039728833087545e-06,0.6151740072919152,0.0003352726074239461,1.4747567141306097e-06,3.384351779577695e-08,5.756067961274744e-08,9.434851017953366e-06,7.391766663404742e-06,0.0003480700584148975,2.8649853829842865e-08,3.5877251490151627e-07,1.8773435070505938e-07,0.014435514464463403,2.0213409780393487e-06
16,3.077074159266876e-06,0.10879267071224047,0.09802425905000281,0.007308163063183189,0.0005879612718249228,8.694182725594402e-07,0.16990014735296824,0.00045669595990345627,0.010945968182643123,0.0006270323053060679,0.0026108705328531157,2.1382077799973454e-06,0.5845793576560709,0.0003697257180915471,1.509585658829652e-06,4.5577426916780296e-08,6.477344674799277e-08,1.401839757776165e-05,8.673832462980163e-06,0.00043551966188615986,4.679386849211707e-08,4.88665193942069e-07,2.2784823025753243e-07,0.015328200549390257,2.2678095580786697e-06
17,3.366330672067892e-06,0.1027475028622855,0.12047992843654684,0.0052171554211454104,0.0006043118969879629,7.760531345173557e-07,0.16816608798798716,0.00040456035457233025,0.015628753908118822,0.00043135391687795663,0.0028470302909008823,1.8727832603900927e-06,0.5665181390787107,0.0002948549955689107,1.9781676655107095e-06,3.760329492215345e-08,5.931920910436476e-08,8.865165997583687e-06,9.687043036483039e-06,0.0003275132425837956,3.13305571112006e-08,3.692548173478572e-07,1.7311270889793115e-07,0.01630329408123773,2.2973621219942544e-06
18,1.2294823818091538e-06,0.05929504700848806,0.12234430820669985,0.007894375715229447,0.001239314593277909,2.5096842379452267e-06,0.15352919980579985,0.0003661241224395609,0.03654491676255134,0.0004511366740385632,0.006725293634908922,1.5403855259122767e-06,0.6049639773931302,0.00038157779713609565,2.7040796029025754e-06,5.278616620546812e-08,1.9661468269099198e-08,4.331471762751101e-06,1.3864192887119266e-05,0.0004651685303120747,3.458624887928819e-08,1.6584228289647953e-07,1.7143331316645076e-07,0.005771770056994492,1.1660931157992307e-06
19,6.3691653559710646e-06,0.14149525179047365,0.07463961215266238,0.006099534169907586,0.00033785636124736827,8.601503824988536e-07,0.31964617388173505,0.0005088247468715469,0.010571732000060416,0.00046148030572402575,0.003611663022373716,1.524171833778606e-06,0.41604087635039905,0.00027252278270939695,3.178143689758629e-06,6.284527473726688e-08,8.816145041644834e-08,1.656592660405475e-05,1.0641203334111295e-05,0.0004598905713107069,4.89938036524386e-08,5.592900573731167e-07,4.6983315205873244e-07,0.025810519972694228,3.694006892553977e-06
20,4.326404890990528e-06,0.06851233220041934,0.14148617000869732,0.004871959943879039,0.0004310505647607259,1.1277117701965279e-06,0.21066968572102643,0.00014962986552127542,0.009901082363845,0.000267285295401599,0.0029963867648569284,1.5434786286166689e-06,0.5481264707912042,0.0003628033886099419,1.0441336835812063e-06,4.721828904590105e-08,2.2875939633249623e-08,9.436281169698509e-06,5.145513679037339e-06,0.00033205320246353456,1.749201135291269e-08,1.2285557279217542e-07,1.710775194529904e-07,0.011868003863566942,2.0809825933638505e-06
21,3.026832630354572e-06,0.11907558433845834,0.1195383025405339,0.006527173977988966,0.0006634902717143956,6.564975840973072e-07,0.15299735407267404,0.00048822277386887514,0.015654430619943007,0.0004295272646718296,0.0030167500027304247,1.8389982578731199e-06,0.562846422572713,0.00031047105832432523,2.041141828527881e-06,2.8959242143969868e-08,7.519737848014942e-08,1.00470150088256e-05,9.643227863610776e-06,0.0003356274435821078,3.614676822428478e-08,4.4560278519063044e-07,1.8925391585012334e-07,0.018085971107425783,2.6430821078094443e-06
22,3.7317447690617795e-06,0.0893376568979605,0.14018316328642672,0.006689978092035614,0.0007242349920883083,1.0038167999813549e-06,0.1680820117298416,0.0004647800490646938,0.011444582896828528,0.0004138982421101192,0.00392693544152849,2.7406431282186207e-06,0.5609883175410058,0.00040725009757403826,1.6541069365949713e-06,4.3437074711923236e-08,8.016742910193664e-08,1.628797471539626e-05,8.326907728046645e-06,0.0004543316747106268,4.7725477120250967e-08,5.108030955089866e-07,2.469366887293295e-07,0.016846256761858677,1.9280331238399958e-06
23,2.956332264717365e-06,0.09030186869200314,0.11077106752363795,0.005774691251406255,0.0005759768687464212,6.742504174775131e-07,0.1480429158067189,0.0003608096080343645,0.011033136748048704,0.00038315974806588815,0.002436849743315115,2.039728833087545e-06,0.6151740072919152,0.0003352726074239461,1.4747567141306097e-06,3.384351779577695e-08,5.756067961274744e-08,9.434851017953366e-06,7.391766663404742e-06,0.0003480700584148975,2.8649853829842865e-08,3.5877251490151627e-07,1.8773435070505938e-07,0.014435514464463403,2.0213409780393487e-06
24,1.4136406372605988e-06,0.08398016831065866,0.07651113514030511,0.006898249066760028,0.0005627974091184721,5.090535504905692e-07,0.0912110726841221,0.0002448790163309248,0.006553366630966854,0.00038900646611612195,0.0016404177174499965,1.5626540243670647e-06,0.721990358304366,0.00034660270032300895,7.246360256157221e-07,2.067385663862419e-08,3.815350931715247e-08,8.495325257433817e-06,4.581639817894145e-06,0.00031162068641971634,2.2072773995491246e-08,2.4914726910464057e-07,1.4057928815292107e-07,0.00934123029234953,1.3379987030013409e-06
25,2.9107455741438998e-06,0.10046754678979106,0.11073207493494157,0.005357069835370676,0.0006134330760334121,7.696104363661618e-07,0.1416891660875589,0.000317412534252762,0.01220201762610769,0.0004289390863087477,0.0022809434431474637,1.9650538806230868e-06,0.6111841639113882,0.00035545237798593094,1.6145714456470174e-06,3.576478141032129e-08,5.3604415269205564e-08,9.111614360753883e-06,7.5582466589921885e-06,0.0003137536359205344,2.889953398535771e-08,3.698284605885413e-07,1.8252532650275812e-07,0.014031161422320646,2.264773998172281e-06
26,4.59808115798764e-06,0.07851353871600346,0.12820224195290206,0.004129202293442921,0.0004177775818306169,2.6249489430740073e-07,0.12089705148428423,0.0004147470227327402,0.006786629390105256,0.00023134556602883143,0.001604365348807736,1.7609785253420248e-06,0.62638314389665,0.00017122369007808812,8.025343098099191e-07,1.6933793347852895e-08,9.693068917004028e-08,1.1653048624291805e-05,4.127322921876456e-06,0.00024524986230618334,1.652092777317139e-08,2.903805233826692e-07,1.3366701235091883e-07,0.03197809545367822,1.6288477701194838e-06
27,4.485684656321292e-06,0.1089979183232353,0.13383438163826786,0.00639087838189874,0.0005487374197979366,1.116623965579566e-06,0.20507474099248593,0.0005489073247389557,0.0245907661708802,0.0005572827954788614,0.003012417699197762,2.209035099233186e-06,0.4994643344379862,0.00034329407714472725,2.793559640960527e-06,5.3525748778341214e-08,6.698424339044906e-08,1.1345034468162705e-05,1.2021773505840343e-05,0.0004890390598744739,4.222249585496857e-08,5.897146007070058e-07,2.2747163329723676e-07,0.016108269091526357,4.080957428681736e-06
28,2.956332264717365e-06,0.09030186869200314,0.11077106752363795,0.005774691251406255,0.0005759768687464212,6.742504174775131e-07,0.1480429158067189,0.0003608096080343645,0.011033136748048704,0.00038315974806588815,0.002436849743315115,2.039728833087545e-06,0.6151740072919152,0.0003352726074239461,1.4747567141306097e-06,3.384351779577695e-08,5.756067961274744e-08,9.434851017953366e-06,7.391766663404742e-06,0.0003480700584148975,2.8649853829842865e-08,3.5877251490151627e-07,1.8773435070505938e-07,0.014435514464463403,2.0213409780393487e-06
29,2.956332264717365e-06,0.09030186869200314,0.11077106752363795,0.005774691251406255,0.0005759768687464212,6.742504174775131e-07,0.1480429158067189,0.0003608096080343645,0.011033136748048704,0.00038315974806588815,0.002436849743315115,2.039728833087545e-06,0.6151740072919152,0.0003352726074239461,1.4747567141306097e-06,3.384351779577695e-08,5.756067961274744e-08,9.434851017953366e-06,7.391766663404742e-06,0.0003480700584148975,2.8649853829842865e-08,3.5877251490151627e-07,1.8773435070505938e-07,0.014435514464463403,2.0213409780393487e-06
30,2.956332264717365e-06,0.09030186869200314,0.11077106752363795,0.005774691251406255,0.0005759768687464212,6.742504174775131e-07,0.1480429158067189,0.0003608096080343645,0.011033136748048704,0.00038315974806588815,0.002436849743315115,2.039728833087545e-06,0.6151740072919152,0.0003352726074239461,1.4747567141306097e-06,3.384351779577695e-08,5.756067961274744e-08,9.434851017953366e-06,7.391766663404742e-06,0.0003480700584148975,2.8649853829842865e-08,3.5877251490151627e-07,1.8773435070505938e-07,0.014435514464463403,2.0213409780393487e-06
31,3.4948390816539283e-06,0.10477744735381929,0.11136187213007151,0.005662480186859659,0.0006157152499109474,1.6219569402449562e-06,0.23796721831174775,0.000321883441445918,0.018369396409446306,0.00043407927952960235,0.004621572376000117,2.0204822068020593e-06,0.5035688801355661,0.00046783065471306563,3.329504215344609e-06,6.163015505891506e-08,4.8066484822872415e-08,9.87209158720324e-06,1.1646037927418745e-05,0.00042769834315266493,4.141761925456157e-08,4.814403706416982e-07,3.011816638853674e-07,0.01136840154424178,2.6059352429394324e-06
32,3.1889062764679624e-06,0.0932208652064435,0.11299235280013126,0.005834216137343206,0.0005965808837916633,7.307813966652218e-07,0.15547642589341854,0.0003997050715956338,0.013093098225804732,0.00041694123364857975,0.002572630778022797,2.159814870372356e-06,0.6004328934407439,0.0003451607946711689,1.7378690254039903e-06,3.796013716355278e-08,6.222206044620525e-08,9.393331257611058e-06,9.134252676162468e-06,0.00035457470506140067,3.29755410387695e-08,4.005028273846873e-07,1.9133731556910613e-07,0.014235237162592123,2.2477133473480885e-06
33,1.2696524599338398e-06,0.08496025138387236,0.02496874935651074,0.002800371707789829,0.0003583157455896106,2.0565906134999935e-07,0.04427125235697611,0.00012994730085513274,0.001221944838562121,0.00017429666110569845,0.0009518545114486805,1.4522546771051033e-06,0.8306389400454947,0.0002176286266444222,3.405206580120929e-07,8.184716085228163e-09,6.22982131687037e-08,1.0067805285365294e-05,2.027578150403049e-06,0.0001470640768047774,9.57116314028913e-09,3.885070603424554e-07,1.4302863512498556e-07,0.00914298338343251,4.249448330967944e-07
34,3.1890918703304217e-06,0.09063751131945691,0.11517758007466114,0.0055727400143066475,0.0005698125890580923,7.071685152707733e-07,0.15395362871016258,0.00036640956806417057,0.012685061130479921,0.00038750134552073946,0.0024711676432397824,2.054817164262629e-06,0.6033054481817074,0.0003358182131954608,1.6092185261044225e-06,3.546718364193294e-08,5.6529907136266886e-08,9.085417931798723e-06,8.149088022172756e-06,0.00034332257348590836,2.8998607349747002e-08,3.636101928547933e-07,1.7901767925755987e-07,0.014166383222787477,2.1569882736569778e-06
35,8.055897412794108e-06,0.13509406816955208,0.13053904312639214,0.009638697280763917,0.00041222801237163274,5.167583823304691e-07,0.19449984045641466,0.0020160868747242946,0.03397719491496566,0.0011837019468362278,0.0020274616015127696,2.5528936229157312e-06,0.45720562031669054,0.00017072545528117343,1.623090493556449e-06,3.9203066390075644e-08,1.7328272954835412e-07,2.6552764195093408e-05,2.170363008332802e-05,0.0006194989132470163,6.930215101879827e-08,1.0674574713083904e-06,1.2566125763054094e-07,0.03254641642714019,6.936563241627266e-06
36,2.9603313245895163e-06,0.09078416034643128,0.11050765734383608,0.005793872454028002,0.000574463841561689,6.848224377432251e-07,0.14945830742155766,0.00036068257408838704,0.011044169530759285,0.0003847425846317854,0.002470911261705866,2.0300734704717346e-06,0.6134481185784818,0.00033564646161655926,1.479768270800463e-06,3.403034106723444e-08,5.722759738295462e-08,9.570461486538474e-06,7.37241849147565e-06,0.0003517498136621935,2.8826801536842143e-08,3.605838289892895e-07,1.8952457322777495e-07,0.014458732507263422,2.0172117522342154e-06
37,2.984211281735458e-06,0.08996190481967616,0.11096922121732937,0.005719652162536639,0.0005712346583381509,6.653142440526064e-07,0.14777505043294928,0.00035677105246401775,0.010876171270479431,0.0003766872080722426,0.0024240744090130205,2.041882377709062e-06,0.615797226587375,0.000334854619928398,1.4575579768609074e-06,3.3431938089796654e-08,5.750328750028607e-08,9.445304603589304e-06,7.299497813587242e-06,0.0003450860239327056,2.8263645343058105e-08,3.566848815960702e-07,1.8609192385747129e-07,0.014465504464256469,2.0053296748709086e-06
38,4.321732896873354e-06,0.08659405422472567,0.10386756456402589,0.0044828756185557395,0.0004678221385687803,1.323934589504804e-06,0.2542517713773851,0.0002810547503229026,0.01188438282357223,0.0003799251714791678,0.0035063657164803733,2.048795425665587e-06,0.5203398819942852,0.00039734439247540693,2.3063187069972036e-06,6.53054685129543e-08,4.500925151553344e-08,1.103224644006875e-05,8.484786977494233e-06,0.0004117226067501374,3.2355099184547306e-08,4.2024383668307045e-07,2.905662918259539e-07,0.013102859728020111,2.0035983690257554e-06
39,3.466624638109124e-06,0.05565416919416645,0.20720692546873232,0.012462571498854073,0.0010912956026149214,1.3433040491041904e-06,0.18529507218189684,0.001084282625941035,0.02143607174588685,0.0007872821347297899,0.0035553456567693,4.230951063889285e-06,0.49416001992180947,0.0004336905009979675,2.0652147273766835e-06,1.102938805669168e-07,8.599642094518375e-08,1.2258998929798454e-05,1.6300904099444734e-05,0.0008021938148261222,9.502643650832129e-08,4.297212726413787e-07,2.996582638481231e-07,0.015986927035789283,3.465923203124265e-06
40,3.528416015156463e-06,0.09588718744972324,0.11910795316426327,0.00498907767037722,0.0005638748314410939,7.078361730564878e-07,0.14918760268920572,0.00029773850407851913,0.011349761029783112,0.0003271053152496251,0.002506809630260446,2.2817578260953323e-06,0.6019470771380993,0.0004012467930674791,1.6170416730869147e-06,3.131625277196762e-08,5.675129786347179e-08,9.64402642895108e-06,7.420114177568707e-06,0.0003060981762499128,2.797896757795813e-08,4.1499414401589927e-07,1.7303220590240663e-07,0.013100417285543306,2.1470574956209385e-06
41,1.796288572885697e-06,0.08275542383517116,0.2296821411376579,0.005104291210919927,0.0013865999250303764,1.0467282351201454e-06,0.09023891268638813,0.00027480407176112636,0.050447777033043775,0.0004935725867457516,0.0019603732445354475,1.4435709253267302e-06,0.5269692805692837,0.00040622858827680597,2.8378308448069537e-06,3.345269718847663e-08,2.6451135427952716e-08,2.6469653014285572e-06,1.1108564495824936e-05,0.0001546333406136343,3.0058710538750705e-08,1.5190318864650849e-07,7.4843471038609e-08,0.01010148777672389,3.277336270167175e-06
42,4.9958975625484235e-06,0.11815329079167017,0.12868206640057006,0.00876251015926428,0.0006601360014539229,8.489349208558898e-07,0.2485479174096578,0.0014112614905520608,0.026033104008580256,0.0008009774831007633,0.0038556446824053263,3.0688222501656498e-06,0.4411986077695894,0.0003088183803387545,4.052916423949329e-06,8.234035143008905e-08,1.5708796442605205e-07,1.1810067451652954e-05,2.7380015946746895e-05,0.0006383374686572595,9.620369096353359e-08,1.025256874847717e-06,3.1900028723292185e-07,0.02088915482391249,4.336586522471388e-06
43,2.461714316553423e-06,0.14125312105784812,0.10004721499176705,0.01232454178417456,0.001396600441669792,2.5111646257233226e-06,0.18278566142117975,0.0011038094643970218,0.02688594800890504,0.0024674288678895335,0.003671000343591319,2.4149946914256854e-06,0.5079647692544638,0.0004043949249143836,3.123994113198225e-06,1.302748833226295e-07,9.58109498249923e-08,1.850243785472305e-05,2.219597792022565e-05,0.0006277674381538085,1.5474680370563774e-07,9.271301807542754e-07,3.867604510487074e-07,0.019011016164662838,3.820829592599526e-06
44,2.956332264717365e-06,0.09030186869200314,0.11077106752363795,0.005774691251406255,0.0005759768687464212,6.742504174775131e-07,0.1480429158067189,0.0003608096080343645,0.011033136748048704,0.00038315974806588815,0.002436849743315115,2.039728833087545e-06,0.6151740072919152,0.0003352726074239461,1.4747567141306097e-06,3.384351779577695e-08,5.756067961274744e-08,9.434851017953366e-06,7.391766663404742e-06,0.0003480700584148975,2.8649853829842865e-08,3.5877251490151627e-07,1.8773435070505938e-07,0.014435514464463403,2.0213409780393487e-06
45,4.215927038482143e-06,0.36621596472567386,0.07991182280433494,0.022063787540375735,0.0007578014222275282,1.749830666779014e-06,0.12860440290517156,0.0003219311006453677,0.005737598310687183,0.0011123553631925268,0.0052904826905663125,2.788820175773254e-06,0.3685515004505713,0.0008752556104610615,1.1463572545816663e-06,3.3203445700553736e-08,1.0785957492295246e-07,0.00011661287747607592,6.3361201168705516e-06,0.00045670214678517274,2.2522219840387426e-07,8.760267767935342e-07,6.293249884499746e-07,0.0199552544083927,1.0418951201962323e-05
46,3.994939417891299e-06,0.0777995815021413,0.08800548303501725,0.005895790227159494,0.0005762142217426456,1.0673826245851816e-07,0.05684330067606865,0.0008320920768219053,0.0033813542687408274,0.0001998347498446616,0.0012495403098394435,3.079720235427232e-06,0.7290789612033619,0.00015136360125110913,7.493176840033837e-07,1.186265525237441e-08,3.7197841480798906e-07,1.0431017673571605e-05,5.44263273002486e-06,0.00023384403510540644,2.274200876932123e-08,4.61004866373973e-07,1.7727391422658198e-07,0.03572609303477649,1.6978302658735318e-06
47,7.581112785826353e-06,0.10636339631428163,0.10716624971806994,0.003653085008199496,0.0003429653276688357,6.072920052929239e-07,0.18205776484933947,0.00034496373899569124,0.008283059420467889,0.0003357368039937555,0.0020244551080410354,2.9492379490229702e-06,0.5700360257311727,0.00030126032413614173,1.448047525684205e-06,4.134665605200921e-08,8.757349133719857e-08,1.538222233738163e-05,7.318122767539064e-06,0.00037983337866044577,2.6029924046113292e-08,6.788979729191291e-07,1.894919923001187e-07,0.018672315384357815,2.5795172076071637e-06
48,3.2418698709327544e-06,0.12092192555539144,0.046481903907614974,0.005107934018081134,0.00036652267123930805,2.3688883076339942e-07,0.1354391354391951,0.0005118342737873709,0.005573271826221976,0.000432682101371302,0.0013224221789897685,1.510938054387303e-06,0.6630149397662455,0.0001976180392707472,1.4297425499556473e-06,2.6284929433476222e-08,1.3841503912093915e-07,8.06327397312946e-06,9.997858078016794e-06,0.00022503074931319602,2.784843164431951e-08,4.904346441220197e-07,2.2585595505147795e-07,0.020377524259199035,1.86580372264632e-06
49,2.5603970217273686e-06,0.07044148527660983,0.12813844992378157,0.005464217502580826,0.0006874394054717701,8.857821447077579e-07,0.11863361192695016,0.00032374349356498904,0.010366463778056919,0.0003370267232023969,0.0027087785860408697,2.9645073935106073e-06,0.6513735623438646,0.00040530973265630066,1.165987221258599e-06,3.276506025680391e-08,5.199203608489394e-08,1.0952174274323662e-05,6.231664418244305e-06,0.00041306323895781146,2.7641379205361974e-08,4.125490791639992e-07,1.7334829518420516e-07,0.010679822227368126,1.567032570270459e-06
50,3.1109301567060666e-06,0.0887149290940989,0.09344897406982212,0.005509615744019854,0.0004793225594342011,7.162696763997086e-07,0.18256046458621122,0.0003458809705988578,0.01228395261799743,0.0005011139073599198,0.001967100736191535,1.754354671640962e-06,0.600825977443635,0.0003334297058037815,1.4702166409151881e-06,4.296668311802093e-08,4.669823957823059e-08,8.422541942071834e-06,8.805404648769502e-06,0.0003313353614950291,2.788730395278116e-08,3.686717854917848e-07,1.7701688434939503e-07,0.012670846135074998,2.114109624138171e-06
51,2.2353319159436505e-06,0.09634326780214036,0.08384647820078643,0.00953496263929145,0.00044319858758383815,5.396311119064432e-07,0.16644812012780524,0.0004189970740562237,0.007715780550107043,0.0004364182857244996,0.0026865824978890293,1.7268468617368748e-06,0.618909236852605,0.0003817493631483027,7.432978555394535e-07,1.8512217021281134e-08,4.502044193200397e-08,1.7399199316238113e-05,5.470923938024475e-06,0.0004086940203580073,3.54705323623668e-08,3.7635290099699906e-07,1.7160663270229836e-07,0.012396219983353619,1.5318214265738687e-06
52,3.0465471882382314e-06,0.09053152032241014,0.10178330732182335,0.0054912966171560395,0.0005284178636351852,9.300938175754236e-07,0.16120888878899228,0.00031217974472400826,0.010761571557326047,0.0003908331461404225,0.002818397480720343,1.970119581350259e-06,0.6122130729182559,0.0003508928383235983,1.4135673949126227e-06,3.65759684177502e-08,4.8538634866337475e-08,1.2132758820486269e-05,6.526029514114387e-06,0.00039912625709030117,2.7952163144978676e-08,3.9197359276383424e-07,2.0841199959344814e-07,0.013181955488865133,1.8070858619288172e-06
53,2.130290084788009e-07,0.060249359234547696,0.09395829010609208,0.004697505736381036,0.007551723621922746,4.778817883284638e-08,0.001081358883280308,0.00026548125159242466,0.0034169220761981834,0.00032918945587873404,0.00017676648476478227,3.5836569194301777e-06,0.8224162638427168,0.00021313626278613508,9.249791895724097e-08,1.088014036345636e-09,1.043261077501551e-07,1.9998611810214966e-06,3.5069048352034964e-06,1.859762276742884e-05,1.8342534943693735e-08,1.1919725199977972e-07,5.062434865191149e-09,0.005615108404507279,6.052621788352261e-07
54,4.57262467301296e-06,0.11560730386910177,0.0969732582415546,0.0035774736917122303,0.0002609604220855767,8.611791435641566e-07,0.26397149053040453,0.00014741137985085472,0.011802808335921481,0.0004599672146068779,0.001303221101941378,1.603358795030559e-06,0.49541146025704735,0.0004914404489228783,2.1415066764641963e-06,6.523635785890884e-08,2.7618228188289905e-08,6.423185959389066e-06,7.024382686186451e-06,0.00029197564890295273,2.2655462865228107e-08,3.6972207607633865e-07,1.9016380185462578e-07,0.00967398209483877,3.945129248205377e-06
55,3.3073959473354116e-06,0.06609539389459176,0.12207455095175333,0.003951279987263134,0.00031695767759641386,3.708381877326153e-07,0.10322171584932166,0.0002519955375635959,0.011199607637107397,0.0002145323339358496,0.001428588187833587,1.8957757370440443e-06,0.6793151374515533,0.00021338123776007553,6.34997590413091e-07,1.4569696740348416e-08,3.5336287810176024e-08,8.520575455213344e-06,4.3719385567767e-06,0.00031216730624952045,1.0473518677406723e-08,2.171328870908221e-07,6.70107263669827e-08,0.011383501089053581,1.7448138256458769e-06
56,2.8386092762008853e-06,0.08457790765690953,0.10196040916796778,0.005290350393359184,0.0005393089011502707,6.011444854885903e-07,0.1320299986824472,0.00032046525585973924,0.009613965350523333,0.000334783654828094,0.002211529063747137,2.007850120363904e-06,0.6489998960938679,0.00031981854884640645,1.2839031879955563e-06,2.9278056975565985e-08,5.579617218662701e-08,8.991286407318298e-06,6.580616322676716e-06,0.0003193806344939502,2.4480181727266703e-08,3.296635186773057e-07,1.725255629254634e-07,0.01345751876071414,1.7526819928603401e-06
57,1.9949353554743564e-06,0.06087496918238763,0.14202236152063868,0.005213213045972601,0.0009591909748012549,4.2611769876148216e-07,0.06026390189398766,0.00045089019968394664,0.013173440875379682,0.0004550019075014148,0.0012213769839801492,3.414094896122757e-06,0.7044783487162434,0.0003135102121316503,9.397033073741009e-07,2.8430695589859855e-08,7.735655296109986e-08,5.495225340092581e-06,9.858480763098409e-06,0.000245840059757378,2.844317019962649e-08,3.3336287816126737e-07,8.481766518937105e-08,0.01030341326869575,1.8601905156990478e-06
58,3.146455410846586e-06,0.09227797236654503,0.10773900465419121,0.00543274743449368,0.0005657007286560102,5.453052569740532e-07,0.1429600859068056,0.00037906462874603676,0.009194282660313672,0.0003621452780694013,0.002240722376470517,1.9948416284682277e-06,0.6202306180318289,0.00030012469568528155,1.4006122750972603e-06,3.102235396270613e-08,6.994191103695226e-08,9.808877026755732e-06,6.76585768984003e-06,0.00030936615361813833,2.8090396971241024e-08,3.6021320913637354e-07,1.978783748302876e-07,0.017981886595895235,1.9293931474321e-06
59,3.3801493318602517e-06,0.08633522719067364,0.12865855488274608,0.005281984104275013,0.0005680065922171227,5.055921241653553e-07,0.14328104122307916,0.0003952560649263255,0.009251312587889854,0.00033320871416866446,0.002237140707211749,2.0898562011620865e-06,0.6026295575062689,0.00028590127018754034,1.3140377702544968e-06,3.0086373389810484e-08,7.15721194993485e-08,1.0089337706229938e-05,6.15057099411076e-06,0.00031572349454490835,2.7235640342692127e-08,3.383822917006207e-07,1.8373119255919485e-07,0.020400956507430082,1.948602635533014e-06
60,2.956332264717365e-06,0.09030186869200314,0.11077106752363795,0.005774691251406255,0.0005759768687464212,6.742504174775131e-07,0.1480429158067189,0.0003608096080343645,0.011033136748048704,0.00038315974806588815,0.002436849743315115,2.039728833087545e-06,0.6151740072919152,0.0003352726074239461,1.4747567141306097e-06,3.384351779577695e-08,5.756067961274744e-08,9.434851017953366e-06,7.391766663404742e-06,0.0003480700584148975,2.8649853829842865e-08,3.5877251490151627e-07,1.8773435070505938e-07,0.014435514464463403,2.0213409780393487e-06
61,3.177626491145671e-06,0.0852481786566102,0.13126347774218985,0.0052289607998678034,0.000586938690809542,5.304388329139304e-07,0.13659211844143287,0.00036722163771623175,0.009924077849979158,0.00032447739061680143,0.0022563257122244318,2.1182498692562523e-06,0.6097299525088848,0.0003011475184098551,1.3266347854169924e-06,2.9763404735307246e-08,6.535083503834878e-08,9.253856965643241e-06,6.4050243134831985e-06,0.00031420558027290695,2.633953965749041e-08,3.260774855052527e-07,1.699911859555533e-07,0.017837552766525676,1.9353507510201406e-06
62,2.956332264717365e-06,0.09030186869200314,0.11077106752363795,0.005774691251406255,0.0005759768687464212,6.742504174775131e-07,0.1480429158067189,0.0003608096080343645,0.011033136748048704,0.00038315974806588815,0.002436849743315115,2.039728833087545e-06,0.6151740072919152,0.0003352726074239461,1.4747567141306097e-06,3.384351779577695e-08,5.756067961274744e-08,9.434851017953366e-06,7.391766663404742e-06,0.0003480700584148975,2.8649853829842865e-08,3.5877251490151627e-07,1.8773435070505938e-07,0.014435514464463403,2.0213409780393487e-06
63,3.146821157471436e-06,0.10164829702353864,0.10415602526396109,0.005406133211872789,0.0005291899024104915,6.382263517410928e-07,0.14723370606162556,0.0003468198961023668,0.010758471152933864,0.000368843740656512,0.002446497760655648,1.9362239760546357e-06,0.6114227039211041,0.00031981175462655507,1.5336466684846173e-06,3.089221326779255e-08,6.072080141726764e-08,9.866646490341341e-06,7.324805468198998e-06,0.00033304765297739763,2.8038786502311722e-08,3.848296286665544e-07,1.84252660556189e-07,0.01500324804537593,2.0695079564274864e-06
64,3.239738891503135e-06,0.10398844283895113,0.12614142102624684,0.006900697195076757,0.0007284341898104335,7.827960305547162e-07,0.15825996455469277,0.0004854224125920219,0.012642168011875236,0.00048577937504981297,0.0029824186873148436,2.4291263792007123e-06,0.5694850596633717,0.0003771826416102203,1.9074555220786616e-06,4.2199403512713734e-08,7.645132070545898e-08,1.1441265941235867e-05,9.799156641858082e-06,0.0003844533364964047,4.8002362123132926e-08,4.5731892877874314e-07,2.2447696119400614e-07,0.01710564058696428,2.4674915649338813e-06
65,1.8332941332057503e-06,0.0607155688117576,0.13914403466187641,0.01188093823198719,0.0018851744984767318,4.20446408218464e-06,0.10479409185930534,0.000275430233972278,0.006455020693283047,0.0007675435335446569,0.004679384638504113,6.696283431239963e-06,0.6606531497429561,0.0011981721770150723,8.133498993595077e-07,9.922170236826417e-08,4.125720967863014e-08,3.27790579613705e-05,6.534664545849079e-06,0.0007900521640645813,8.946456231536156e-08,5.265618192183421e-07,4.2454968069650336e-07,0.006705693268392749,1.7033158366575285e-06
66,3.214266205162478e-06,0.10348888877714153,0.11409761902363452,0.005708797414405858,0.0005961110376873831,6.302029915957357e-07,0.15145876989051532,0.0003633724805203628,0.010118054914409952,0.0003430310855870896,0.0027125211213054144,2.02776666593431e-06,0.593105053984465,0.0003444422134485539,1.686509649324827e-06,3.071604610341361e-08,6.800553512333066e-08,1.0291990165477187e-05,6.981746378662608e-06,0.0003241669750197141,3.0583452604417216e-08,3.8990250809021077e-07,2.1563298883143456e-07,0.017311439950775605,2.16380849673947e-06
67,2.891130985152326e-06,0.08070546712482232,0.11030691914942715,0.005650999104507988,0.0005341486463792584,7.679828784605526e-07,0.15588447501543323,0.0002946186822250485,0.00909493394668802,0.00032893142972077185,0.0025225489280396936,2.1784549184949804e-06,0.6210173353665434,0.0003829418992892206,1.4481186564906488e-06,3.886534864101349e-08,5.1248848598020715e-08,9.705451875337896e-06,6.201656697859803e-06,0.00039827475312319993,2.6605728321427758e-08,3.421116501443134e-07,2.3215969601006597e-07,0.012852594120150669,1.9280463663500083e-06
68,3.858704741773366e-06,0.10928096497108723,0.09866072052337009,0.006871707453386323,0.00045790564539287514,1.1772664470712663e-06,0.19671735683325425,0.0003737204324964313,0.008272711432031206,0.00041012358337490457,0.0038272240040693015,2.2058738429178437e-06,0.5561847271496905,0.00035067160759929465,1.5018082399192773e-06,4.5080351586055135e-08,6.59849645571346e-08,2.3680541239113786e-05,5.6068377833067324e-06,0.000665629261532604,3.780303745424273e-08,5.549666458397134e-07,3.7380044200059286e-07,0.017885079139931703,2.3492950478631054e-06
69,3.1337524490766893e-06,0.08234848412197199,0.12197106749247165,0.007141128878149251,0.00043976164873329483,4.606398642716191e-07,0.14978491287030116,0.0005162181681717781,0.010992305424816147,0.0004353234930055835,0.0018136142076136876,1.7973304768827732e-06,0.6039627370899112,0.00022417604174142407,1.1876694800151093e-06,3.6506296149934736e-08,6.75438805703478e-08,9.669029119023995e-06,6.945904218293447e-06,0.0004783974333410158,2.7428207940339816e-08,2.7803236340567034e-07,1.7884409758467062e-07,0.019865377161894526,2.7132874241121985e-06
70,3.209988531052295e-06,0.112030041910361,0.09771700755243415,0.0065327417150633635,0.0006116180689734512,6.389372304432207e-07,0.17176004370024545,0.0006257645885479371,0.013726518962718837,0.0005265438909287753,0.002982579288639409,1.8092063544111398e-06,0.5717702524495175,0.00024289489167683633,1.9339288823715897e-06,3.6583371072289305e-08,8.486924726616427e-08,1.0812689620880826e-05,1.090365563842044e-05,0.0003684918956540298,3.937541096010305e-08,4.4127844339106305e-07,2.1550701671210317e-07,0.021073137298025665,2.2377674665787254e-06
71,5.1002236050819325e-06,0.04805240249759234,0.07495102963135991,0.005880906938367184,0.00017549223344034897,3.447943833031594e-07,0.29618148914721004,0.0004639712937088077,0.004463817343426374,0.0001520336801853188,0.002859334166974657,2.010188011506353e-06,0.5493222942272861,0.00021441519027457312,9.625653069895044e-07,3.440981594063799e-08,6.854454305991684e-08,1.3828364095376909e-05,5.25467338680142e-06,0.0006863847772595155,1.868267233927866e-08,3.0506482676188146e-07,3.4019567621008987e-07,0.016566867290166667,1.2938764248195976e-06
72,1.913074868987034e-06,0.053212622902263626,0.28575607430001426,0.003103594330536974,0.0008627701298037643,1.0303627188616203e-06,0.07628594101238129,7.777822383176772e-05,0.027222592911289114,0.00019927626435018174,0.0012265668673759123,2.287624114329369e-06,0.5466146352606813,0.0007788059023688488,1.8977681933977563e-06,3.2735862426653174e-08,1.292375422153253e-08,1.8317930098841816e-06,4.617772602284215e-06,0.0001562341596652772,1.15748076622222e-08,1.3160438755279762e-07,7.607147545520548e-08,0.004485707782207111,3.5566474355036057e-06
