,0,1,2,3,4,5,6,7,8,9,10,11,12,13,14,15,16,17,18,19,20,21,22,23,24
0,0.0016619056104542086,0.0057375003521450245,0.00016387527093662075,5.42099864091241e-06,4.566300787641079e-07,5.90316886147384e-05,0.016492547938438244,0.6266177997426842,0.0013038536767687107,0.0009271806274257629,0.00505814734047307,0.006572775219913834,0.0007780851362652589,0.012135943903195482,0.0014857580029583896,0.004248227624159569,0.00023007377468048837,0.0002859076050795766,0.022900189903131876,5.926269591175444e-07,0.0013170230462378387,0.288202031702711,1.3679805900755284e-07,7.093343105135945e-08,0.0038154638465572894
1,0.0018441760341832733,0.005646507399427615,0.00021201509864372188,7.804358463246296e-06,5.348291520359568e-07,4.742658631183624e-05,0.024090361213642435,0.70685302992039,0.0008533841499961754,0.0007832652521110438,0.004048713777082781,0.007773167420515521,0.0009467261857769078,0.007650198651671017,0.0012157898542324982,0.007780468982159695,0.00036573043060197274,0.0003630020323305115,0.0300027685964414,6.143680689086445e-07,0.0017044687421728611,0.19476034102916254,1.5241436263035953e-07,9.000061187936694e-08,0.0030492626724875154
2,0.0016489058564487377,0.006325216530655048,0.00017426910072280502,6.912159242517428e-06,6.897821289112315e-07,3.375794511902804e-05,0.01749684964592039,0.7011894118440152,0.0007508646626075182,0.0005833828720780888,0.005288613437329977,0.00962207353752338,0.0006818679319337054,0.011451061910058374,0.0014603527731252414,0.004930243079989357,0.00037901235092436137,0.0002480675259854938,0.017294381774636634,5.558187707361588e-07,0.001354107096266875,0.21523244474845282,1.2722049117242595e-07,6.987971270844853e-08,0.0038467605158609484
3,0.0022701118364741603,0.006368671767239302,0.00016631116075022613,7.70257333205714e-06,5.860491081291307e-07,3.656261227290077e-05,0.020821155699826472,0.6910040413188621,0.000614586401605978,0.00047149676085669906,0.005520720851625769,0.009934860071853738,0.0008451825956810417,0.007432613662104952,0.0011629064624457711,0.0048553687497090246,0.00042260241558360253,0.0002837385277353793,0.020782563924926452,4.138026670524901e-07,0.0013928535835365868,0.2228307987251619,1.2360704282324876e-07,6.632072217318675e-08,0.0027739605188759225
4,0.0022981630348888537,0.006858629016599106,0.00018137180212685517,8.114362421022154e-06,6.382923293390755e-07,3.148623956113974e-05,0.022147318033223902,0.6836019748414881,0.0006657385184653888,0.00048099090387188184,0.0055140485416453715,0.01003251271114501,0.0010193313361486528,0.008842143935463462,0.0010193073358014653,0.004448653240457399,0.00040084250231442215,0.000317023655118285,0.020886111711294127,4.7023978671374313e-07,0.0016054024763713808,0.22696969350971166,1.237889673379059e-07,7.546575341283426e-08,0.002669834505045612
5,0.00259968021459067,0.006556747227453041,0.00021111176371949733,1.0569052257279906e-05,7.254165353633908e-07,4.13988816274828e-05,0.0221056636631622,0.7134903062806018,0.0006729009848361645,0.0005948269302311476,0.005671794674874287,0.008991768367696487,0.0010295253235739622,0.008660471189812346,0.0009807579303786637,0.004899900881638963,0.0004634229653048495,0.000466801390895943,0.023061961564664137,5.52026778600163e-07,0.0018176629216147475,0.19531349664172187,1.8019303335387829e-07,8.676881904161508e-08,0.0023576867441780116
6,0.0022701118364741603,0.006368671767239302,0.00016631116075022613,7.70257333205714e-06,5.860491081291307e-07,3.656261227290077e-05,0.020821155699826472,0.6910040413188621,0.000614586401605978,0.00047149676085669906,0.005520720851625769,0.009934860071853738,0.0008451825956810417,0.007432613662104952,0.0011629064624457711,0.0048553687497090246,0.00042260241558360253,0.0002837385277353793,0.020782563924926452,4.138026670524901e-07,0.0013928535835365868,0.2228307987251619,1.2360704282324876e-07,6.632072217318675e-08,0.0027739605188759225
7,0.0030676530470041805,0.005827808353419029,0.00017651734242534665,7.561515789926818e-06,5.176387652089121e-07,3.198657985760603e-05,0.021820285152298308,0.6875815179371914,0.0005079414509326466,0.00039202982646783537,0.006179395921033167,0.008842884929917255,0.001158677288486159,0.005683908049114258,0.000969811512901388,0.003991932098761221,0.00037725081734878174,0.0003097901100777379,0.020963510081667202,3.8326224447075565e-07,0.0013785999177296125,0.22878756140845657,9.776170541753497e-08,5.8208241226666316e-08,0.0019423197881641783
8,0.0036344330296255063,0.010270538287097392,0.0004500647988459845,1.2213241267715965e-05,7.768892877474932e-07,4.2690585272700726e-05,0.011296258718138738,0.6944725642115905,0.0008439116172028164,0.0010866647363637599,0.004807911438694298,0.013519684425432029,0.0008365931090450654,0.014114584774881193,0.001611673575171658,0.008218248086004302,0.0007689766122604736,0.0002616552040379764,0.01258506529752219,6.632786243915716e-07,0.0011924228602663727,0.2135885487403271,2.403836216353767e-07,1.66112675649664e-07,0.006383449986742851
9,0.0014082285420048682,0.010607918054269314,0.00038755814344017714,9.299327369780244e-06,5.395229888814738e-07,3.2375855740906854e-05,0.009183804299740627,0.7327856123085655,0.0009084122740407839,0.001920305305259011,0.0029612358120474167,0.008000480120414296,0.0007161928575981304,0.02053834468281328,0.0012494155840610743,0.00939485060748385,0.0005029033606368241,0.0002825103387476701,0.016193234389732126,9.366509375879276e-07,0.0014332245771818486,0.17563657892944548,1.8699270003635922e-07,1.3961514877878727e-07,0.005845711847631664
10,0.0022701118364741603,0.006368671767239302,0.00016631116075022613,7.70257333205714e-06,5.860491081291307e-07,3.656261227290077e-05,0.020821155699826472,0.6910040413188621,0.000614586401605978,0.00047149676085669906,0.005520720851625769,0.009934860071853738,0.0008451825956810417,0.007432613662104952,0.0011629064624457711,0.0048553687497090246,0.00042260241558360253,0.0002837385277353793,0.020782563924926452,4.138026670524901e-07,0.0013928535835365868,0.2228307987251619,1.2360704282324876e-07,6.632072217318675e-08,0.0027739605188759225
11,0.0024445333239037866,0.006493262496459975,0.0001751141339898844,8.262099871676755e-06,6.29534829516711e-07,3.482851839528473e-05,0.02286198956693454,0.6789310157653214,0.0006296658094965062,0.0004517957762690282,0.005687053315988835,0.010556541870979198,0.0010145500618944433,0.007401928550850553,0.0011342506966654912,0.004998961216254067,0.00042873753778942497,0.0003021754385643931,0.02180847598269943,4.602064751156524e-07,0.0014988241753879899,0.23042426114263043,1.2590936414822562e-07,7.733002511107158e-08,0.0027124795389598506
12,0.0028231974193569024,0.007907854585275851,0.0003977490738518367,6.452228016277488e-06,2.5936892677784537e-06,5.070170995202673e-05,0.02165314178861948,0.6561426407232138,0.0010995539812449372,0.000649803065508413,0.01059681321622029,0.01687438704198392,0.0007487596662072516,0.022094738913571013,0.0011723191307737022,0.004818387046424666,0.0009078048397000377,0.00033238004181509567,0.009898880519458288,9.93112451424278e-07,0.0027114836409921407,0.2315567143447119,2.7462615371692375e-07,1.6898851760096853e-07,0.007552206606711709
13,0.0017572514825449563,0.004941020177586392,0.00010824606366836116,2.5398176885737543e-06,5.500297749507943e-07,1.0277495155140843e-05,0.010084600933416678,0.6685895631672398,0.0003140073617149388,0.00014745765733337315,0.01206362347660897,0.01531366406637125,0.000528295238636153,0.011536827729479506,0.000941522879096484,0.0017156770608521789,0.0003157925400171307,0.00011790870742662644,0.007175139136786633,2.5567496446649643e-07,0.0010551141901589526,0.2598562176335943,3.681601608662778e-08,3.073840172080835e-08,0.0034243799254662323
14,0.0016364662376117372,0.03378463638636595,0.00015924006737546537,2.7047475654555965e-05,2.7954764823784202e-06,1.8892166016818245e-05,0.021818510553700786,0.5770669263813777,0.0003902469559568257,0.0009617805097620167,0.013425751219295191,0.004417042116890403,0.002387741421991537,0.016084928643519604,0.0005460110119204784,0.0017984137382579307,0.000891101472240575,0.0010445747621318777,0.08504973779011406,6.236033131874473e-07,0.008771659820404731,0.22883341256642065,1.7087147173940014e-07,8.435412424102115e-08,0.0008822043975996567
15,0.0022701118364741603,0.006368671767239302,0.00016631116075022613,7.70257333205714e-06,5.860491081291307e-07,3.656261227290077e-05,0.020821155699826472,0.6910040413188621,0.000614586401605978,0.00047149676085669906,0.005520720851625769,0.009934860071853738,0.0008451825956810417,0.007432613662104952,0.0011629064624457711,0.0048553687497090246,0.00042260241558360253,0.0002837385277353793,0.020782563924926452,4.138026670524901e-07,0.0013928535835365868,0.2228307987251619,1.2360704282324876e-07,6.632072217318675e-08,0.0027739605188759225
16,0.002345678723117357,0.006870846884284531,0.00021527168366878256,9.242228914499199e-06,6.936438272765822e-07,5.069251280918663e-05,0.02379846218129424,0.6974279808835138,0.000752476019582482,0.0006345090797865202,0.005227257257549208,0.00911075450309523,0.0009817275451859515,0.007250905125561986,0.0011802841830142433,0.006223846746826862,0.00047538295389401965,0.0003292619183375772,0.02320112158571314,5.715077913869439e-07,0.001595197964801068,0.20939237041141082,1.690341788939315e-07,9.344276426275627e-08,0.00292520197907653
17,0.0019386294730495861,0.006621201148563604,0.00016031528502427159,8.155028179127489e-06,4.5077014617667747e-07,4.364579928687128e-05,0.017054930684163805,0.7000854849893268,0.0005923382162028735,0.0006410391955938586,0.004539353459051487,0.00839870932415017,0.000742554262975452,0.006329994545677794,0.0015457072386151907,0.006534437832632778,0.0004116768904901249,0.0002475147173610471,0.02384898300953671,4.3090601143405994e-07,0.0010826838009590492,0.2162070813433147,1.2054716019949635e-07,6.100587304586141e-08,0.002964500526654076
18,0.004467478118491019,0.004782036098787356,0.00010183405532410757,1.8358598292666667e-05,7.032845050108864e-07,4.9222228724905996e-05,0.015414662946978255,0.6939159085566632,0.0005144007447559541,0.00039500980786486993,0.006033716570566282,0.0031566659801317387,0.001336013813228671,0.0022879082387605595,0.000732912176929717,0.0017168741527305168,0.000224269332159904,0.0004494785347049273,0.02354182919329774,2.8681192838263985e-07,0.0007220576468958659,0.23968222016412988,9.309988010345925e-08,3.612722826318432e-08,0.00045602371703998436
19,0.003161801042452773,0.0037941960972112964,0.00017905400451989146,3.4853998159452184e-06,3.7947197635116807e-07,1.9345212165033943e-05,0.01786669696364748,0.7547815178515835,0.00032816076645409103,0.00023884347149908633,0.008304356345561795,0.008361116492459495,0.0007762596854400764,0.006341979488764007,0.000695877405213598,0.003509844981669696,0.00039739920937459134,0.0003605581846664674,0.017159117662503484,2.952604177977389e-07,0.002107721220079356,0.16942548206878025,9.332325792332743e-08,4.624122687831771e-08,0.002186372149259202
20,0.0030684212600287173,0.006634380641509735,0.0002635866521682816,9.169800781596215e-06,7.915840099395783e-07,4.954919779727556e-05,0.027837757957475166,0.7209450130277936,0.0006688603409622644,0.0005285576857326546,0.006132605155918532,0.014185009318344145,0.0008460463025252736,0.007410555774917955,0.0012408168853651,0.0080798873253154,0.0006851889646789008,0.00038598423805993843,0.02248328620597886,4.846837411489215e-07,0.001801461869134294,0.1728147065255392,2.1292029994822054e-07,1.0564424973122212e-07,0.00392756003767228
21,0.0032202061267262356,0.006394463784620927,0.00033619304075149667,7.174101122187324e-06,6.237383606150994e-07,2.0864613235415622e-05,0.020394130608238026,0.7515853385370584,0.0005044984423143711,0.0004513153966976883,0.005478115174170289,0.014249260986344638,0.0010764707305920967,0.011417315685349034,0.000659676298089515,0.006266647158807906,0.0005981975382856147,0.00046008374255280616,0.014391140909552033,5.495528097041795e-07,0.002133242408900658,0.1571689280992623,1.4797914031978592e-07,1.0384600076710606e-07,0.003185311501017032
22,0.0025992681404701976,0.0047317589616885205,0.00019161182485406022,5.606614478044805e-06,3.9204586090189504e-07,2.7753910358097903e-05,0.011677060900710582,0.7711866187713363,0.000294323218960321,0.0004878398286493976,0.005176954635535522,0.005619979671803339,0.0006785235108033346,0.006216284811831425,0.0005427441988684339,0.003353384132734025,0.0005084950626671102,0.0003983761522508021,0.015565264397939173,3.292472893580767e-07,0.0016307200589930953,0.16769970706981432,1.1360931526231636e-07,3.745810346106031e-08,0.00140685176468477
23,0.0022701118364741603,0.006368671767239302,0.00016631116075022613,7.70257333205714e-06,5.860491081291307e-07,3.656261227290077e-05,0.020821155699826472,0.6910040413188621,0.000614586401605978,0.00047149676085669906,0.005520720851625769,0.009934860071853738,0.0008451825956810417,0.007432613662104952,0.0011629064624457711,0.0048553687497090246,0.00042260241558360253,0.0002837385277353793,0.020782563924926452,4.138026670524901e-07,0.0013928535835365868,0.2228307987251619,1.2360704282324876e-07,6.632072217318675e-08,0.0027739605188759225
24,0.0016592265724460645,0.009615345016646775,0.00012491298456378927,1.2515077361593165e-05,5.360519336051288e-07,2.9750508798804427e-05,0.017060170157663816,0.6874797718219704,0.0005413310029261011,0.0006066854426080233,0.004260179108129677,0.007976242128748026,0.0008256090470892211,0.008397146433754487,0.0010778162725387742,0.0042068038799336314,0.00042607943558115014,0.00031623866318681654,0.028289622612275488,3.5255631245164976e-07,0.0013535841769947352,0.2236743649639697,1.250177339704284e-07,5.7679358951011865e-08,0.002065533387474087
25,0.0027170276068823117,0.01777533597836011,0.00027443390231015897,1.6898539109100128e-05,6.018852719765844e-07,0.00010657493422330019,0.021960013264728573,0.47006400058871656,0.0015765082749626981,0.0019006817635757547,0.0036248314127490066,0.011078398929428242,0.0011988700067954933,0.008853707967188316,0.004879127062388755,0.0161237967301674,0.000755147718328014,0.00020163954770339632,0.05057473853369033,6.678114959195606e-07,0.0011477656590649877,0.37690104744221603,2.739687882880302e-07,1.9046074797245381e-07,0.008267720011107413
26,0.005602619200238068,0.007696237922163571,0.0005580423101141834,1.5701250568234778e-05,1.4666159806804978e-06,7.773396182792275e-05,0.029505776442617242,0.6935986126043874,0.0015688903935597808,0.0010052327731910008,0.00685937337386484,0.012176598882208603,0.0015420284816573663,0.01322109311938181,0.0010603833087529239,0.007595709316606565,0.0006974882878067345,0.0008399023503587221,0.021671517630014753,1.0935763492549208e-06,0.002741833753238814,0.18787868613453967,5.02231301126898e-07,2.9615923007175606e-07,0.004083179920040825
27,0.0017483639496177555,0.005391275931043305,9.37813255711808e-05,7.783922216955525e-06,4.697423048731175e-07,4.822716379459078e-05,0.01619453472509537,0.6247765828802104,0.0008754125731231624,0.0004750047319600076,0.004224674330302288,0.00796481661858622,0.0006455075626920156,0.005729615812461444,0.0015783196006482344,0.003752838018189852,0.0002299966202851987,0.00017743621599040986,0.020314214487702233,3.193700202091879e-07,0.0006926116568765918,0.30252770983087107,9.048806916117906e-08,5.186889323813397e-08,0.002550360573474431
28,0.0022701118364741603,0.006368671767239302,0.00016631116075022613,7.70257333205714e-06,5.860491081291307e-07,3.656261227290077e-05,0.020821155699826472,0.6910040413188621,0.000614586401605978,0.00047149676085669906,0.005520720851625769,0.009934860071853738,0.0008451825956810417,0.007432613662104952,0.0011629064624457711,0.0048553687497090246,0.00042260241558360253,0.0002837385277353793,0.020782563924926452,4.138026670524901e-07,0.0013928535835365868,0.2228307987251619,1.2360704282324876e-07,6.632072217318675e-08,0.0027739605188759225
29,0.0022701118364741603,0.006368671767239302,0.00016631116075022613,7.70257333205714e-06,5.860491081291307e-07,3.656261227290077e-05,0.020821155699826472,0.6910040413188621,0.000614586401605978,0.00047149676085669906,0.005520720851625769,0.009934860071853738,0.0008451825956810417,0.007432613662104952,0.0011629064624457711,0.0048553687497090246,0.00042260241558360253,0.0002837385277353793,0.020782563924926452,4.138026670524901e-07,0.0013928535835365868,0.2228307987251619,1.2360704282324876e-07,6.632072217318675e-08,0.0027739605188759225
30,0.0022701118364741603,0.006368671767239302,0.00016631116075022613,7.70257333205714e-06,5.860491081291307e-07,3.656261227290077e-05,0.020821155699826472,0.6910040413188621,0.000614586401605978,0.00047149676085669906,0.005520720851625769,0.009934860071853738,0.0008451825956810417,0.007432613662104952,0.0011629064624457711,0.0048553687497090246,0.00042260241558360253,0.0002837385277353793,0.020782563924926452,4.138026670524901e-07,0.0013928535835365868,0.2228307987251619,1.2360704282324876e-07,6.632072217318675e-08,0.0027739605188759225
31,0.0020036076054682447,0.00783932091685235,0.0001409879520820135,1.0733413013987709e-05,1.0192190005878091e-06,5.80303295822029e-05,0.02758822045697175,0.5754885276818881,0.0010680060524895223,0.000568183186336554,0.007209811457355408,0.012012298715673273,0.0009578587474861802,0.009524839956933416,0.0022348505701407615,0.004730045226873453,0.00042773247897926945,0.0002536429784751386,0.029794398577413315,5.205609301325216e-07,0.0014616285180945369,0.31256749256544636,1.5915707672977236e-07,9.196186930287201e-08,0.004057991713567378
32,0.002186421232239913,0.006510331875025796,0.00015729283613541097,8.21062373293056e-06,5.834782125782738e-07,3.857246298819309e-05,0.02233403828690403,0.6749768943506634,0.0006130229298632545,0.0004846120012345566,0.0054662768791939815,0.009604458154726858,0.0008959889238877838,0.0068301608641867925,0.0012998049089008228,0.005307998464972361,0.0004374517012643226,0.00028622164515591537,0.025909883526968772,4.214883408158956e-07,0.0014989536524682824,0.23237811525974653,1.2924420440241507e-07,7.020228229484867e-08,0.002774085006699903
33,0.0027466938093797305,0.00536113880583027,8.254296183562643e-05,7.198622493336108e-06,3.233716077771092e-07,1.2062093291620195e-05,0.022382574560429358,0.7092471076649458,0.000150480172650139,0.00010429560670481176,0.0061755749499636395,0.016301761457284077,0.0012243663380196604,0.002728875494135619,0.00036866021626282057,0.003612305324368158,0.0005414065467418631,0.00026882151569289955,0.01573908339478718,1.8598106951595401e-07,0.0010698479072059571,0.21100100619692502,4.695410177707085e-08,3.81211134295116e-08,0.0008736019331599086
34,0.004800665111996235,0.004461984210789486,0.00018549739716475027,7.910729183204412e-06,6.686805219422426e-07,3.443128103679733e-05,0.024111123845903838,0.683337643935505,0.000577148886329082,0.0002995728029780294,0.008065102642696925,0.008692461760545635,0.0011850372579433046,0.004875766024764836,0.00110293609347146,0.0034140256576483145,0.00034754603525954155,0.0003862555632801431,0.023571758490607712,3.265495119240291e-07,0.0016323603604533844,0.22707482447377128,1.1351577544244135e-07,6.64106198357239e-08,0.0018347722822418472
35,0.0023087169177919793,0.006067624702821646,0.00016087033829410472,7.472327675977352e-06,5.419739564777606e-07,3.586722427851481e-05,0.02023423322399549,0.6962882352278088,0.0005888424955819842,0.0004548467504445131,0.005322781483743943,0.009727943893831364,0.0008299472268062262,0.006921898160167055,0.001090906183185425,0.004816441832002052,0.00040773892138299073,0.0002862946454203909,0.02037803963955881,3.900057516242558e-07,0.001326902716431337,0.22015415825647766,1.1754696808382221e-07,6.296345749892102e-08,0.002589125342166161
36,0.0023115065374175263,0.006428261152755547,0.00016984533530836754,7.811846677059345e-06,6.084265878228043e-07,3.711866008279608e-05,0.02124279518953163,0.689646556000774,0.0006243266475036368,0.0004726021825152607,0.005671518264459197,0.010053214060292547,0.0008587739712284336,0.007521415138607019,0.0011792921553672175,0.0048639792115518846,0.00042876761631288737,0.0002875223514438157,0.021021056904052055,4.208409967236553e-07,0.0014329354821340755,0.22291395937449096,1.2697841365358547e-07,6.849463380570184e-08,0.0028255171768622176
37,0.002095741431095752,0.0063467493674711495,0.0001529101132056658,7.501605704926862e-06,5.54402546963998e-07,3.71747356390893e-05,0.019786891128422492,0.6895501154756221,0.0005982954990607437,0.00047428833567075905,0.005370927517854624,0.00954004990556842,0.0007890705215403282,0.007140255629652001,0.0012176851292273235,0.00480879932338552,0.00040922797813660705,0.00026162026813513205,0.02094167567073322,3.9680847851191755e-07,0.0012993022469586202,0.22641424732431173,1.1741907607033689e-07,6.100140553581004e-08,0.002756341161096597
38,0.001686984226969303,0.010508396579744233,0.00014796336926900253,5.602021759469569e-06,1.0400356259131163e-06,1.4062096268151621e-05,0.008235715574330586,0.6585822624686505,0.0005994178151194387,0.00037369163339754963,0.008453829389893149,0.012421958890674153,0.000510766140949268,0.021909068437107656,0.0007799572846275993,0.0015335744780362252,0.0003699679180483248,0.0001540094670269907,0.006997802954091492,3.037126847518635e-07,0.001138533601006753,0.26176655593459325,7.041999383685786e-08,4.91988807366786e-08,0.0038084163512517267
39,0.001557935409782304,0.0020024508982241897,9.792964772197633e-05,3.0669178845594537e-06,2.1044525596708706e-07,2.9916200795997952e-05,0.0201343990366656,0.8065447302003466,0.00021548120113232117,0.0001815716559242288,0.0033383186858249444,0.007951506343274612,0.0004673286953306633,0.0021871105043209864,0.00047247414981995746,0.005365118046431717,0.00031394450868177945,0.00019836995532025872,0.013126840006258859,2.1310001172126325e-07,0.0010150851141888931,0.1334563830562852,6.659463189851367e-08,2.8090728590734908e-08,0.001339521535156213
40,0.000640548622256054,0.004246458398724292,7.993748381654549e-05,1.2314611254021528e-05,2.831478004042204e-07,3.2386390308052315e-05,0.015647966753232014,0.8043718759202153,0.0003919090884567949,0.0009436626160042226,0.0021204392964019546,0.0024762361773090387,0.0005111418686826438,0.0049732817939646045,0.000632368912004138,0.007000005745011403,0.0002947709799836566,0.000728528366689584,0.06174881169782184,4.264954201247311e-07,0.0019884780149703914,0.09019828778166473,1.996058606881637e-07,5.199933180284416e-08,0.0009596282328156403
41,0.0032237979317724296,0.005988649865874389,0.00015332830531630698,2.0370862286273163e-05,1.4213968800534713e-06,0.00010641766477270948,0.018115892737383555,0.6723796045208534,0.0013030855010977482,0.0006578909304174752,0.00677982852877362,0.010624426597869293,0.0005556042099421399,0.005312281295496607,0.00395331484380374,0.004489584967673147,0.00035310891180746697,0.0002105621859331964,0.02141293024717863,3.7076149211293906e-07,0.0005610964006493553,0.2402801197041236,1.8855482916734414e-07,7.802528561496684e-08,0.003516045048487989
42,0.0011523026142968354,0.00427966744136955,5.173403391171113e-05,4.7229204545974056e-06,2.3682136072144534e-07,3.2023811308299596e-05,0.013679389229606964,0.6055532044721976,0.00033265847206722916,0.00030097801639167115,0.003097322426310591,0.005755055348718257,0.000627683356977361,0.0022330699500896973,0.001073779184555861,0.0044690023253369055,0.00025247302551773974,0.00011005217274839864,0.024010801735636526,2.160367688883366e-07,0.0005745664805589797,0.3310769467505319,3.827624711385786e-08,2.5180943540204047e-08,0.0013320499160929553
43,0.0011954681605344537,0.004615352351023023,0.0001450134122677878,6.8467778941042984e-06,4.3143704592080854e-07,7.646256095481461e-05,0.012968317710264871,0.7063248886007686,0.0007885027796782254,0.0012198165992784575,0.0031862744793111383,0.003463672901302799,0.000592445556278505,0.006125374980843443,0.001401083968824143,0.00511328638566014,0.00025896284757592796,0.0002399148209424555,0.026129439107431398,5.473469544471692e-07,0.0012196590125932722,0.22283116640713252,1.2954602567941082e-07,4.926127384746515e-08,0.0020968929881401764
44,0.0022701118364741603,0.006368671767239302,0.00016631116075022613,7.70257333205714e-06,5.860491081291307e-07,3.656261227290077e-05,0.020821155699826472,0.6910040413188621,0.000614586401605978,0.00047149676085669906,0.005520720851625769,0.009934860071853738,0.0008451825956810417,0.007432613662104952,0.0011629064624457711,0.0048553687497090246,0.00042260241558360253,0.0002837385277353793,0.020782563924926452,4.138026670524901e-07,0.0013928535835365868,0.2228307987251619,1.2360704282324876e-07,6.632072217318675e-08,0.0027739605188759225
45,0.0018908907346315842,0.004115811396035393,9.458097231264439e-05,1.0079982761006054e-05,6.197392558985488e-07,5.671400377421546e-05,0.03271218213126425,0.6661535643615136,0.0007192753443448162,0.00033652372778437143,0.004861328350428808,0.009344913760813846,0.0008575573691072722,0.0034188824161474735,0.001965928402114169,0.005518524870579747,0.0002745071769120803,0.00021645840499258514,0.0290365476985627,3.9110108844016864e-07,0.0008429310896689207,0.2354579903071354,1.0308163749048875e-07,5.66927543233489e-08,0.002113636884379001
46,0.003587885693044199,0.00732803137956987,8.779925954117846e-05,8.280841725530434e-06,3.6335082911061316e-07,2.6144777093731173e-05,0.01541218535411108,0.6099035233739751,0.00013474867538077238,0.00015179609657136562,0.005212956794622837,0.01828598487802711,0.000687861376463016,0.0018226480043930901,0.001126254471364694,0.006334566899572544,0.0013190959984146237,0.00011290823477628494,0.014926232748891113,1.4736090529049182e-07,0.0005673512770324014,0.3109648572739064,7.276985661292789e-08,3.586815057552343e-08,0.00199826724178135
47,0.002466748385641865,0.007263492037598059,0.00013768770341792653,6.4178926554366075e-06,4.217437010359813e-07,2.9569147121304462e-05,0.01974889049591256,0.64567193558678,0.0004950002834755046,0.0003694695561377892,0.004801501321197463,0.012118314969618581,0.0009223530525181768,0.005368973076440637,0.0010680352855773803,0.0054468214617636864,0.0004332311847310877,0.00020364569589259034,0.018555942856195655,3.237672777949627e-07,0.0009695214853114422,0.2712749794227983,8.001131404525695e-08,5.802262045433302e-08,0.0026465855543011062
48,0.001375821549315762,0.011452560432362062,8.010996377029571e-05,1.034773991518066e-05,2.0898882323288018e-07,2.182850753655535e-05,0.01126958415344665,0.6985955309556486,0.00021184785319208508,0.0005160947088855327,0.002302787035915214,0.006165119317528574,0.0005689644081518659,0.004029151208874985,0.0008385251147743029,0.00464227555635503,0.0006317881842189255,0.00016905221043871457,0.02446954551639462,1.6679248719077074e-07,0.0007255767560052918,0.23068755449547196,7.372984624276934e-08,2.259963560857303e-08,0.0012354622210055352
49,0.002516224998970242,0.005293771456082108,0.0001875294707831157,6.748482478256365e-06,5.62061005586759e-07,4.7813808091248394e-05,0.02044608632943354,0.7102484486524401,0.0006144920110292651,0.0004276312836494538,0.0054426577714871615,0.011383314713366328,0.0008209971551025423,0.006392122583252267,0.000893202669973169,0.0046660423952147615,0.0004023026886859618,0.0002734329699590635,0.013661984341864502,4.4834027520123893e-07,0.0011371791655647645,0.21259582776302072,1.231563481295008e-07,6.411548624688745e-08,0.00254099161643614
50,0.026556736972962618,0.008043100743157167,0.000523290539477836,2.1496301600253295e-05,5.5357981507008764e-06,0.00011835214159651536,0.024674660307241813,0.5296431225060666,0.0005446489985730167,0.00013531983163254943,0.05951970134377656,0.07893116551838811,0.0010845686146259933,0.005603131078796378,0.003868792303285812,0.015748781340880962,0.005786899915764376,0.0007731559842646248,0.011356766692823915,1.0749759217924225e-06,0.0021693906306246894,0.21250392095917153,1.2892562295792566e-06,8.00989996651652e-07,0.012384296254989947
51,0.0028186416858117097,0.004911056734038942,0.000216090227091229,7.050400217341497e-06,7.594578623231e-07,5.138364868015305e-05,0.029983580488060498,0.6860062665945084,0.0007658446516566639,0.0004613043470074576,0.006658592503276647,0.01140557010427646,0.0009448733549076001,0.00715862922637535,0.001278041930809338,0.006353140813667288,0.0004993882971560709,0.00035300771430932075,0.022893323152468423,5.388802994023971e-07,0.0018760776378178173,0.21184641465576304,1.784952313145787e-07,9.770481036975313e-08,0.0035101472938968647
52,0.002733418147599497,0.008826684957309816,0.0001906860926567639,7.4074972598076266e-06,1.1835217321764552e-06,3.3831230827412436e-05,0.040058646476519494,0.6298636162629769,0.0006921586492478802,0.00024539301567364066,0.008781062271822961,0.021065561974719208,0.0009348008070196438,0.009270846116336016,0.0011881060147573073,0.004288302928653653,0.0006743324031804362,0.00020823200851703875,0.017728910468362134,3.586681415205327e-07,0.0021808072671051066,0.2462285276885119,1.5368101057352902e-07,9.688013203753883e-08,0.004796874969927021
53,0.0021115133512290252,0.0040677707024698,0.0001354184685151614,5.807445772718544e-06,5.763367373516237e-07,4.715092213469196e-05,0.045934790744277025,0.7027812560943318,0.000736937257423272,0.00023819239319041192,0.005784157938555433,0.016075486978013843,0.0007312244596399791,0.006176750669958485,0.0011746083339866543,0.005147802494594498,0.0003562291226079271,0.00025768108036917925,0.016794347123243875,3.80104888310019e-07,0.0013032524976044346,0.18676140034031544,1.4193539233071332e-07,6.22120438031167e-08,0.0033770609927046536
54,0.00110342906116687,0.011530839780847445,0.00017644745894240246,5.414614922418437e-06,4.4205653260810454e-07,2.96398508227022e-05,0.01463537608855849,0.6393885283812208,0.0008834644164129565,0.0008657663086440146,0.003470923911673701,0.017198868202482093,0.0005099324238600158,0.015895924036149287,0.0023391226442055785,0.010676274549919512,0.00047104988302372133,0.00013099074494093404,0.01647412466569978,5.342441339287184e-07,0.0008207576427167677,0.2532994060764991,1.0269504046768403e-07,7.858229997847741e-08,0.010092561679284528
55,0.0034692500974285757,0.005162667064060852,0.00016724145923718554,9.559832045567954e-06,1.1593338154604935e-06,4.762982264569281e-05,0.06394049953366286,0.636647829782864,0.001113787261799952,0.00019780706452448576,0.008031719515570409,0.03383639928825025,0.0011253700415416459,0.006360986907253075,0.0011521378601684785,0.006074416065436225,0.00040285703399650744,0.0003470017772701509,0.02005637669280734,3.96385970212205e-07,0.0014313802864255936,0.20612990165291406,1.6767023933869987e-07,1.4724936193123346e-07,0.004293310320710256
56,0.002359213065935974,0.006432972729517111,0.00016809426348839878,7.904468398952003e-06,5.951199989751511e-07,3.579417244688174e-05,0.021809096124011287,0.6846861968440707,0.000619500499277881,0.00045550396860531196,0.005582430089043301,0.010236962837656542,0.0009159259463010821,0.007365360782055517,0.0011347374816079205,0.004809771728342439,0.00042176634765036706,0.00029089943634275957,0.02112368311219483,4.25369137554122e-07,0.0014255524876055402,0.22740602901300824,1.2401902913615604e-07,6.977664515988366e-08,0.00271139031762815
57,0.0015958264812892602,0.0077515907267377985,0.00013255072993218205,6.702101619942649e-06,4.5015654685556074e-07,2.377461553423286e-05,0.02494142300096416,0.6438129844822099,0.0004432320431831923,0.0004150322996390874,0.004728603067446371,0.010277195374666126,0.0011193186255271865,0.0058259779631222855,0.0010488118485469581,0.006595533118969034,0.00044813621099280913,0.0002428792535309014,0.038068653582533335,3.723664522809007e-07,0.001926238136928386,0.24797824770082497,8.252613987438324e-08,6.80922812490177e-08,0.002616315494381595
58,0.002565692126798545,0.007338299359631483,0.00020195806156373723,9.75249406686755e-06,8.338500777769793e-07,4.277976432030663e-05,0.027339355920325905,0.6528485006583726,0.0008244949476755475,0.0005211502391747168,0.00632293492613185,0.012165184346892654,0.0011540636431945925,0.008418350401541364,0.00141256682711253,0.006016363689274677,0.0004736250149021858,0.00033066257273934967,0.026220348320062904,5.820870657244311e-07,0.001795785610520033,0.2404674823522854,1.6677549295509934e-07,1.1601787478256091e-07,0.0035289499929014707
59,0.002417120189637322,0.0074459558515939765,0.00023429633983980982,8.843671235709075e-06,8.015695753512463e-07,4.17103757161694e-05,0.024132519228973928,0.6775433726426858,0.0007943846468590098,0.0006118055390472761,0.00588524882390366,0.01111975744575199,0.0010485784868781744,0.009564609568323673,0.0012641730561926581,0.00628104674627703,0.000506706039884763,0.0003373301637226226,0.023216229177171113,6.183628045882062e-07,0.0019036338203299679,0.22196250762513253,1.7093681865179513e-07,1.1212701437812679e-07,0.0036784675646298393
60,0.0022701118364741603,0.006368671767239302,0.00016631116075022613,7.70257333205714e-06,5.860491081291307e-07,3.656261227290077e-05,0.020821155699826472,0.6910040413188621,0.000614586401605978,0.00047149676085669906,0.005520720851625769,0.009934860071853738,0.0008451825956810417,0.007432613662104952,0.0011629064624457711,0.0048553687497090246,0.00042260241558360253,0.0002837385277353793,0.020782563924926452,4.138026670524901e-07,0.0013928535835365868,0.2228307987251619,1.2360704282324876e-07,6.632072217318675e-08,0.0027739605188759225
61,0.002685840151369522,0.007015639039995489,0.00025493611427562573,8.860354957865889e-06,8.320636859674171e-07,4.33719125240806e-05,0.02451917560214337,0.6847783174558387,0.0008450762272684692,0.000618255143925088,0.006121584051998167,0.010934813291131816,0.001083748018039008,0.009679240197880246,0.0011820917562184988,0.005990798989524453,0.00048727710781941387,0.0003732431296769689,0.022664773745815464,6.257938747976512e-07,0.0019863639364139395,0.21515687295413316,1.8067383172832982e-07,1.1856900699298869e-07,0.003567963718651246
62,0.0022701118364741603,0.006368671767239302,0.00016631116075022613,7.70257333205714e-06,5.860491081291307e-07,3.656261227290077e-05,0.020821155699826472,0.6910040413188621,0.000614586401605978,0.00047149676085669906,0.005520720851625769,0.009934860071853738,0.0008451825956810417,0.007432613662104952,0.0011629064624457711,0.0048553687497090246,0.00042260241558360253,0.0002837385277353793,0.020782563924926452,4.138026670524901e-07,0.0013928535835365868,0.2228307987251619,1.2360704282324876e-07,6.632072217318675e-08,0.0027739605188759225
63,0.0021241589609088973,0.007721643503293752,0.0001570403466381174,7.94637913268071e-06,5.558676053850284e-07,3.3594401805903956e-05,0.019172112361697167,0.6732358893519275,0.0005915054663289491,0.0005019753110592547,0.005217235447232667,0.01004865465757357,0.0008559311654950919,0.0076332019409087095,0.0011988794406829078,0.004970684407661942,0.00044415320512508253,0.00025760933215514834,0.021857417079488572,4.000965232870673e-07,0.001334033882705267,0.2397821867213613,1.1533028903866587e-07,6.610328010983556e-08,0.002853009239119918
64,0.002355683030422325,0.006713573530737355,0.00021487410095496535,7.526228357108759e-06,7.031038465131556e-07,3.253043028616476e-05,0.025216646633333572,0.6967555542068986,0.0005942558746178335,0.0004818438783585736,0.006052025122857007,0.009815525921745942,0.001037462364053904,0.008945261802333022,0.0009916873197103942,0.005214866908674618,0.0005120472351020931,0.00035971745561114393,0.024153737903231987,5.072258265349358e-07,0.002366442224576803,0.2052922180003226,1.5000660760184108e-07,8.358675579054282e-08,0.0028850759047775467
65,0.0021715627125547345,0.0069266530692935115,0.0001786139473008037,7.171185483920735e-06,5.666703815589694e-07,3.266445560775658e-05,0.019177199796677803,0.6884019050222386,0.000641095470608271,0.0005112540666524086,0.005224182389435026,0.00990491368040735,0.0008606517060849259,0.008692413642955352,0.001085830906277936,0.004773207739805254,0.00041066714821840085,0.00027204410750808803,0.018799004671413995,4.393436962019594e-07,0.0013954156719450182,0.2275907229561936,1.1581866468205147e-07,6.777531460386965e-08,0.0029416360452802267
66,0.002292996172335287,0.006254358387845984,0.00016954022732138365,7.5834201968448e-06,5.821813036729289e-07,3.570711614962349e-05,0.020865158611410337,0.6945063572823712,0.0006066017199167159,0.0004679037132392416,0.0055087724813071455,0.009830377586839086,0.0008628613618278897,0.007394466989313726,0.0011252722053971295,0.004829311861399262,0.0004164465487321356,0.00028778247965895317,0.020430159571783336,4.1891816682545506e-07,0.0014023975193656556,0.2199984805771159,1.2073560117506918e-07,6.585605509271795e-08,0.0027062764753463427
67,0.004218547502520612,0.005183182017946676,0.0014534217160789339,1.1256544727603733e-05,9.397408996340213e-07,4.4233492789328896e-05,0.02234864887015415,0.8178036099750345,0.00045762578720096286,0.0014141786351980345,0.006404445049617064,0.005190048027113353,0.001754032595815463,0.02029369429369658,0.0004837693523769355,0.00837474311129632,0.0012725927000723754,0.0018006735565583095,0.019143154197678227,2.2865927567692375e-06,0.010402306646608577,0.06919594470517973,9.337818559019828e-07,2.3108587260742434e-07,0.00274550002095131
68,0.0024658727038658033,0.009471770989097811,0.0011047902737178865,1.6396624575534087e-05,3.2887871264428892e-06,0.00012847172788198273,0.04630631946890128,0.6197073911083211,0.005588125277556331,0.002133717488989435,0.007431963253282632,0.027891261924593878,0.0013466781688713776,0.07206227325290712,0.0021291645718362886,0.008469503815160772,0.0005146845377139158,0.0005946568736414237,0.011147805591195829,3.357806689008274e-06,0.002698426093762987,0.16037227989920885,8.365651890014347e-07,5.376911626062465e-07,0.018410425504750774
69,0.0018632613182454467,0.004688442048272346,0.0002411421969684217,5.883745651875182e-06,4.881588158973567e-07,3.2529727932157273e-05,0.01948576689928492,0.7693898754858458,0.0006080451222170146,0.0005976838168696409,0.0045796631351883565,0.007800254590579524,0.0008050051838632015,0.010499269109701767,0.0007197993233721296,0.004975334153311561,0.00035510038882691724,0.0004233366567052722,0.017207442145269383,5.808234196597947e-07,0.0020493589700263347,0.15106059300711985,1.4870145508597896e-07,7.03951055069878e-08,0.0026109248959517773
70,0.002022757196398129,0.00668665696215451,0.0001588956618184695,6.169164532026948e-06,4.0638021561092956e-07,3.221107468250633e-05,0.01764281446625408,0.6862713314831074,0.0004876721155891245,0.0005431504813880772,0.004673824786166568,0.008979980076489308,0.0008304917260255239,0.0066634936366669496,0.0010582070346928576,0.006513641814477285,0.00047319095485706805,0.0002871060338531721,0.02421481015236061,4.0965621613888997e-07,0.0014368757513300932,0.22825303300927646,1.0789022953623956e-07,6.301018877509256e-08,0.0027626994810296193
71,0.001222014523422289,0.007290755121380384,0.00026010205349615175,5.935022557656211e-06,1.1691740203997057e-06,2.8065764696580326e-05,0.031310353671785605,0.7282019717804155,0.0012550613012193058,0.0007187394044611279,0.004752878896608261,0.009290869979404323,0.0009031476872600584,0.023199923972150992,0.0006809989220568824,0.00495522999138248,0.00034576541247897464,0.00046871856611583457,0.018088879774486203,9.664022055332018e-07,0.0035156937176964347,0.1595051028944514,1.813472875355879e-07,1.1772968021225435e-07,0.003997356889279993
72,0.0021733181466636804,0.006238852405328238,0.00016068164111674108,7.64494331423465e-06,5.587492185264849e-07,3.776636052706304e-05,0.021919890810422494,0.6906363967342146,0.0006102714039530639,0.0004702818372373819,0.005234536987814498,0.009805873319249512,0.0008538458213383658,0.006951199731112042,0.0011804490153048085,0.005105916161352986,0.0004132477879350997,0.0002774937644733108,0.021508279720929478,4.171379537290832e-07,0.0013536542148169534,0.22236774390559427,1.1982083713204673e-07,6.41236590732752e-08,0.0026914954556325867
