,0,1,2,3,4,5,6,7,8,9,10,11,12,13,14,15,16,17,18,19,20,21,22,23,24
0,4.3257545394368095e-06,6.203430989892615e-08,8.479426875253289e-08,1.4337991540086287e-05,1.7112665264628397e-06,2.342856195877612e-06,0.9897589462518231,3.534359718473273e-05,0.00013605354835943977,0.007365909086173363,1.292726181074477e-06,1.0088365246103113e-08,1.4427836076075326e-06,7.158913909697623e-05,0.00011316409070453835,0.0001958939842630181,6.352471538285109e-07,3.0500983123767304e-05,7.033488397092164e-06,0.0001458959433694544,1.2058235621285202e-05,0.0007412734716572355,1.0327423706521655e-05,1.3480905267429612e-06,0.001348417123304363
1,4.6017116764901855e-06,5.722169723033579e-08,7.597296974502594e-08,1.2394842537430394e-05,1.684800227160783e-06,2.6323259922010094e-06,0.9877948522066005,4.242055492961444e-05,0.0001942610422921643,0.00959915314576274,1.0295816040759929e-06,7.881053128616474e-09,1.4429070521899937e-06,4.975716782167003e-05,0.0001014113335758363,0.00030349012191079527,5.537346930621187e-07,2.3959344726921368e-05,9.148627780427756e-06,0.00017231408768614138,9.043690128389021e-06,0.0006175039924296593,9.117058172121445e-06,1.3977678007483683e-06,0.0010476888788796608
2,3.7690769717872867e-06,5.0686164156027526e-08,7.373481368441468e-08,1.1909565769684271e-05,2.0056406406682475e-06,2.771707772294134e-06,0.9871153343193168,3.816924483338458e-05,0.00018216115298605716,0.009450009828859776,1.0001974560874717e-06,7.808111259408633e-09,1.0984172479805873e-06,7.027714007371061e-05,0.00012412064553417264,0.00020794495553265802,4.800327424524944e-07,2.4257218703663735e-05,8.61538381632927e-06,0.00025678298068677825,1.2292648482506932e-05,0.0009296332274151228,1.269496035371315e-05,1.42235272579816e-06,0.001543117072989222
3,4.1260476317053214e-06,5.8649091535796895e-08,8.418013917868415e-08,1.3221586622977231e-05,1.6309746889762404e-06,2.729051834350262e-06,0.98943195263327,3.687504412053166e-05,0.00013262192076764396,0.007774696750503379,1.1835914758615611e-06,1.021210580505614e-08,1.4690896080654446e-06,6.562176081610017e-05,0.00011064333430236044,0.00021911305092433642,6.070601276258723e-07,2.8901993026032927e-05,8.020362970836912e-06,0.00017382088699200072,1.2391092994740364e-05,0.0007356404868929438,1.0213654604612324e-05,1.3112760026444083e-06,0.001233055308485737
4,4.249974287725895e-06,7.09750407212141e-08,9.574286940073468e-08,1.3775297396621941e-05,1.8191693549497894e-06,2.8092147746486067e-06,0.9898252566134796,3.7939068827477765e-05,0.00012521286029798807,0.007355315080966618,1.38156406832903e-06,1.3511280690784774e-08,1.9803971089226186e-06,7.545089882262031e-05,0.00010328794226934453,0.00021966108958626574,6.786200805046741e-07,3.284445564221744e-05,9.049509333297722e-06,0.0001760422642993712,1.3241346685683263e-05,0.0007614671690253326,1.0328601737141194e-05,1.2164700469889238e-06,0.0012268121627177684
5,5.091102948839366e-06,4.503479377128193e-08,9.53204964818552e-08,1.787906702566701e-05,1.5584983330829457e-06,2.5569010973635564e-06,0.9871754607410145,4.036909815236287e-05,0.00013432701967782212,0.00971887116808454,1.2347476158587256e-06,1.078026226893348e-08,1.4631637188461617e-06,7.607056785855188e-05,9.710298918073941e-05,0.0002476232439952679,7.201326980711748e-07,4.533513187308015e-05,6.907333338799354e-06,0.00022798891305226624,1.3585822399604466e-05,0.0007652721999589009,1.145040808720967e-05,1.8678148638447698e-06,0.0014071127994723757
6,4.1260476317053214e-06,5.8649091535796895e-08,8.418013917868415e-08,1.3221586622977231e-05,1.6309746889762404e-06,2.729051834350262e-06,0.98943195263327,3.687504412053166e-05,0.00013262192076764396,0.007774696750503379,1.1835914758615611e-06,1.021210580505614e-08,1.4690896080654446e-06,6.562176081610017e-05,0.00011064333430236044,0.00021911305092433642,6.070601276258723e-07,2.8901993026032927e-05,8.020362970836912e-06,0.00017382088699200072,1.2391092994740364e-05,0.0007356404868929438,1.0213654604612324e-05,1.3112760026444083e-06,0.001233055308485737
7,2.7483346488298495e-06,3.2268328639953456e-08,3.3271554619628085e-08,1.1082264200288532e-05,1.4584363688459471e-06,3.1776188553124694e-06,0.9803772427551638,1.9847804680356475e-05,0.00019945493962154662,0.013813699929199886,7.140325503436859e-07,8.144324108441505e-09,4.034856881492812e-07,0.00011875659855674808,0.00013603798836702566,0.0002873854928028705,6.080029242696733e-07,3.624343394132796e-05,4.748942944123564e-06,0.0002749144800373407,1.3393727021539327e-05,0.0011244090529519424,1.9963023810861823e-05,1.5957179462965989e-06,0.0035520402535109794
8,5.156576376609118e-06,5.583551306333796e-08,1.0889790313854138e-07,2.4700288209872072e-05,2.4208511942671235e-06,2.859931638676835e-06,0.979612293661768,2.7589633251071704e-05,0.0002638688738636922,0.015498716077399591,1.8507678838484161e-06,6.270251534822696e-09,8.22607559983719e-07,0.00012855573341476835,0.00022283211890146955,0.0002057107109913899,6.372540321235702e-07,3.2596226064452617e-05,4.9099317311797855e-06,0.00020730279074406786,1.5885055503953207e-05,0.0011035729821488054,1.6440144495838755e-05,5.394086069854942e-06,0.0026157126930884305
9,6.574544796638231e-06,6.120525065283352e-08,1.8087634140983123e-07,3.17918762443846e-05,2.4336552234346405e-06,4.052773874213489e-06,0.975480397395213,5.2632371134696855e-05,0.0002622343511591193,0.019973599427680105,2.0123870155843723e-06,9.845750521753817e-09,1.6505415667744601e-06,0.00013163353016400824,0.00018185051374480283,0.0003195204807238124,1.019633135572956e-06,4.282001006923273e-05,8.633960040125509e-06,0.00034377212831233716,2.0001079913231198e-05,0.001332856005892157,1.7477585371351146e-05,4.97188634339171e-06,0.0017778119350396783
10,4.1260476317053214e-06,5.8649091535796895e-08,8.418013917868415e-08,1.3221586622977231e-05,1.6309746889762404e-06,2.729051834350262e-06,0.98943195263327,3.687504412053166e-05,0.00013262192076764396,0.007774696750503379,1.1835914758615611e-06,1.021210580505614e-08,1.4690896080654446e-06,6.562176081610017e-05,0.00011064333430236044,0.00021911305092433642,6.070601276258723e-07,2.8901993026032927e-05,8.020362970836912e-06,0.00017382088699200072,1.2391092994740364e-05,0.0007356404868929438,1.0213654604612324e-05,1.3112760026444083e-06,0.001233055308485737
11,4.137708804919019e-06,6.226694011055228e-08,9.024936273380368e-08,1.36438155431695e-05,1.6469754602271895e-06,2.793413027483865e-06,0.9899204378649247,4.0021710701021344e-05,0.0001259598997651425,0.0073986450525340645,1.227211932279731e-06,1.1513760490587741e-08,1.7354830413024388e-06,6.501257198399487e-05,0.00010618724448926589,0.0002280219123614952,6.508781545656517e-07,2.9564454810932713e-05,8.651082204889725e-06,0.00017289540830608475,1.2418593894879776e-05,0.0007275717339079333,9.88414104120669e-06,1.2258511163699758e-06,0.0011275029619309351
12,3.0955952875149338e-06,1.019423126705544e-07,7.10593404821416e-08,1.0516457724756308e-05,5.717593276790162e-06,4.3827118683081614e-06,0.989812165797389,1.1195197629961035e-05,0.00010169670234705941,0.004677632681520481,1.3548978616576863e-06,2.2542831719694426e-08,1.2372932682516545e-06,0.00018965427720312236,9.529585178995429e-05,0.0001641012184092963,3.461800537982871e-07,6.331691355107432e-05,6.4369740637773865e-06,0.0003006170241210661,1.76035961945354e-05,0.0004030900286954089,2.1618352903967603e-05,7.943498119013112e-07,0.004107934760543517
13,5.648166669830107e-06,1.2001833159120294e-07,1.50989900734063e-07,2.0204183075328343e-05,3.062803353165986e-06,2.3322509169583436e-06,0.9915786232038428,3.342384381071823e-05,0.00011762180930892869,0.00547001493800306,4.724111944061644e-06,2.1183060663458343e-08,3.784895163967813e-06,0.00012797790608772363,0.00018085697491654972,0.00019446705211543524,8.069268610612537e-07,3.9015208054625494e-05,1.0878108607747743e-05,0.00012644858802222158,1.7455063635757774e-05,0.0007647695977037774,1.5363486308817873e-05,1.953030351516526e-06,0.0012802756599529443
14,4.6943706188279606e-06,4.3676760181786774e-08,8.302867029252601e-08,1.766072406588193e-05,1.4902361543008924e-06,2.1271607272700113e-06,0.9863277760313988,4.3185331969059915e-05,0.0001880442335278575,0.010324781598646195,1.0677671751988499e-06,7.633143527908128e-09,1.0737271635775212e-06,6.776391597419276e-05,0.00011593925334489414,0.00021007950160937568,7.017180157106794e-07,3.237627114193235e-05,5.899110044268363e-06,0.00018767428626643927,1.2195490618033744e-05,0.0009022103835955003,1.1401143423268985e-05,2.002673852678112e-06,0.0015397207320927626
15,4.1260476317053214e-06,5.8649091535796895e-08,8.418013917868415e-08,1.3221586622977231e-05,1.6309746889762404e-06,2.729051834350262e-06,0.98943195263327,3.687504412053166e-05,0.00013262192076764396,0.007774696750503379,1.1835914758615611e-06,1.021210580505614e-08,1.4690896080654446e-06,6.562176081610017e-05,0.00011064333430236044,0.00021911305092433642,6.070601276258723e-07,2.8901993026032927e-05,8.020362970836912e-06,0.00017382088699200072,1.2391092994740364e-05,0.0007356404868929438,1.0213654604612324e-05,1.3112760026444083e-06,0.001233055308485737
16,4.613232706601266e-06,9.967544843961201e-08,1.0086872731715721e-07,1.205875517761602e-05,2.2510298178805557e-06,3.560356044986257e-06,0.9928950522761353,5.291563608517482e-05,0.00028014839563853466,0.004720556597269021,1.2788366693514772e-06,6.386041203427152e-09,2.096283808639685e-06,4.351193501698363e-05,0.00015347980696706423,0.00021364803818396533,6.081285265291501e-07,1.2169534099209365e-05,1.1645888234940145e-05,0.00012579056421788097,5.5052831349497396e-06,0.0005660688728526335,1.1424401477924969e-05,1.3300151611088414e-06,0.0008800792025565737
17,3.6141819317683443e-06,5.562390154708711e-08,8.390674422911828e-08,1.2758426835951397e-05,1.6157304078855572e-06,3.1323687272348183e-06,0.9888722891912292,3.332315463365159e-05,0.000175098595821268,0.008694261897392433,1.112586140052396e-06,5.477454585992798e-09,1.0698706787041083e-06,4.8749070783373754e-05,0.0001569782097089089,0.0002335984540468127,4.5904648060859483e-07,1.610833365026864e-05,7.3100560191505e-06,0.0001432842749502485,9.381670093160195e-06,0.0005990272963289025,8.593118723746553e-06,1.7259224063078156e-06,0.000976363534909959
18,3.2126085595411395e-06,5.0101806613466754e-08,2.2278608458907264e-07,2.9906909914634543e-05,3.903903265301423e-06,3.5324407893598373e-06,0.9930050284977302,5.7586864481100766e-05,0.00013648624116438483,0.005463272746479063,1.701747985367434e-06,3.298242513889663e-09,1.7010574665333986e-06,2.9915105036042388e-05,0.0002602866158757555,0.00032999918970524325,2.2954885671971386e-07,7.936825224071882e-06,9.18608808609646e-06,0.00012415563182966268,1.107944248102654e-05,0.00022809478686431012,7.8460599297964e-06,2.0519755372477547e-06,0.0002826095266050157
19,5.077431636208066e-06,6.308583494555752e-08,7.369287448706111e-08,1.2320748085186525e-05,1.4402317933926136e-06,3.534802845719113e-06,0.9854619911758853,2.843830804363117e-05,0.00017056570202946184,0.01089907166305973,1.284986285035848e-06,8.983938801077757e-09,1.0904831839602299e-06,7.923386496461917e-05,0.00013419834695699176,0.0002475854679615732,7.108199320263089e-07,3.26439748913462e-05,7.488502227777793e-06,0.00018763633724821214,1.3189596247524876e-05,0.0008074861092369721,1.3551707843713701e-05,1.939390183560039e-06,0.0018893745868096825
20,1.0056243139134887e-05,7.942012721557948e-08,1.1464193089837942e-07,1.9088460232531404e-05,2.6785425636212633e-06,3.771019613465221e-06,0.9831133716884717,3.4644927406077825e-05,0.0001964450252228914,0.012696117040904979,1.411731579383461e-06,2.124748271142755e-08,2.8004278559057694e-06,0.0001278907304924835,5.018565381514705e-05,0.00044463132994105356,9.901334514812036e-07,0.00012013845763986195,9.746081877933791e-06,0.00032799701072508197,1.1203364257008351e-05,0.00048326371521096125,1.4792041165914683e-05,1.8035418197955867e-06,0.0023267575230728026
21,3.008941489487068e-06,4.624078287099143e-08,6.232413194783775e-08,1.0259664623306603e-05,1.0966866722872134e-06,2.559962997696035e-06,0.9926579854687344,3.662259684240946e-05,0.0001227692798582866,0.0051014193224503705,8.620014429869669e-07,6.68093576569516e-09,1.2059486534914868e-06,4.342489671019871e-05,0.00011025066701986493,0.00017670883582635472,5.453143935335232e-07,1.7321891277787684e-05,6.753483071046541e-06,0.000127378008584596,7.955421752214425e-06,0.0006334054898119807,8.920320857170444e-06,9.695826240210236e-07,0.0009284609684560115
22,5.903180477254762e-06,5.690526267842796e-08,1.2990497719801785e-07,2.021378586443409e-05,1.573817117813028e-06,2.845526301326981e-06,0.9829678112149332,4.48914858976867e-05,0.00012462296545876557,0.013632870136878339,1.602969218276128e-06,1.4007741853438969e-08,1.7278208828756541e-06,9.149874217267412e-05,0.00011378028575383185,0.0002735775055184408,9.60289157813678e-07,5.0894124748379837e-05,8.704975886665697e-06,0.00022708276638947343,1.9733707162122844e-05,0.0010372973501286441,1.0555693651648632e-05,2.045173652066933e-06,0.0013596056647666615
23,4.1260476317053214e-06,5.8649091535796895e-08,8.418013917868415e-08,1.3221586622977231e-05,1.6309746889762404e-06,2.729051834350262e-06,0.98943195263327,3.687504412053166e-05,0.00013262192076764396,0.007774696750503379,1.1835914758615611e-06,1.021210580505614e-08,1.4690896080654446e-06,6.562176081610017e-05,0.00011064333430236044,0.00021911305092433642,6.070601276258723e-07,2.8901993026032927e-05,8.020362970836912e-06,0.00017382088699200072,1.2391092994740364e-05,0.0007356404868929438,1.0213654604612324e-05,1.3112760026444083e-06,0.001233055308485737
24,4.1982512792755035e-06,6.127386083975677e-08,1.0179968483595653e-07,1.8993099058097306e-05,2.5008704325703144e-06,2.6470789311905824e-06,0.9899601035736563,4.0702546568191996e-05,0.00012126589141516553,0.007241658595521194,1.5137287517068568e-06,1.5166730990868578e-08,2.2595830439272596e-06,9.479158626074857e-05,9.594306633062952e-05,0.0002880655233562666,6.523240840902598e-07,4.2161503898561886e-05,8.436106304862427e-06,0.00020199723354755433,1.3140687972110452e-05,0.0006327453218697144,1.2206945564315116e-05,1.2669529675145986e-06,0.0012125712889095547
25,4.0692480061569855e-06,5.300846778780366e-08,8.480920650701434e-08,1.4055752075530577e-05,1.573139481873117e-06,2.4255957743888824e-06,0.990143060370307,4.041756241400056e-05,0.00012059167099148024,0.007271378322848232,1.205440120083756e-06,1.002473606096041e-08,1.5550790914814764e-06,6.112515138381009e-05,0.00010685370970781467,0.0002201389111853674,5.969416935141596e-07,2.8732497019107208e-05,7.90338114123182e-06,0.0001674033981971095,1.2442114436483366e-05,0.0007013899948772292,9.960607519929972e-06,1.242780131420395e-06,0.0010817304891864974
26,7.763684247042163e-06,6.685800389165673e-08,1.1086753854384257e-07,2.01068732579969e-05,2.1793635058792027e-06,3.129044856337722e-06,0.9877132866496523,5.196594363708094e-05,0.00030659418223567955,0.008778304553253855,1.5945418774117024e-06,7.733469391468338e-09,1.574434853866598e-06,6.352341438150367e-05,0.00014900459766270722,0.00026574233576445353,8.027924247986361e-07,3.08522409936149e-05,8.549808913146831e-06,0.00022740474693469696,1.0623817885231251e-05,0.0006924311137361633,1.9034049553869062e-05,3.3878503021617373e-06,0.00164195850105836
27,3.1102882802627182e-06,4.944781924628189e-08,6.124118632043668e-08,1.0668324977726438e-05,1.446918026791995e-06,2.5597573368549225e-06,0.9882004209751216,3.3009326246315054e-05,0.00018954636535395465,0.008670299226955334,9.796175514500148e-07,6.3498668000533436e-09,9.700677154880019e-07,5.859645798919165e-05,0.00013940306201100087,0.000192051938355086,5.094858861332748e-07,1.7683262661026846e-05,6.88787215855879e-06,0.00017627815277164016,9.719833074895671e-06,0.0009161008039622475,1.054068911217414e-05,1.5280652723233034e-06,0.0013575724703078292
28,4.1260476317053214e-06,5.8649091535796895e-08,8.418013917868415e-08,1.3221586622977231e-05,1.6309746889762404e-06,2.729051834350262e-06,0.98943195263327,3.687504412053166e-05,0.00013262192076764396,0.007774696750503379,1.1835914758615611e-06,1.021210580505614e-08,1.4690896080654446e-06,6.562176081610017e-05,0.00011064333430236044,0.00021911305092433642,6.070601276258723e-07,2.8901993026032927e-05,8.020362970836912e-06,0.00017382088699200072,1.2391092994740364e-05,0.0007356404868929438,1.0213654604612324e-05,1.3112760026444083e-06,0.001233055308485737
29,4.1260476317053214e-06,5.8649091535796895e-08,8.418013917868415e-08,1.3221586622977231e-05,1.6309746889762404e-06,2.729051834350262e-06,0.98943195263327,3.687504412053166e-05,0.00013262192076764396,0.007774696750503379,1.1835914758615611e-06,1.021210580505614e-08,1.4690896080654446e-06,6.562176081610017e-05,0.00011064333430236044,0.00021911305092433642,6.070601276258723e-07,2.8901993026032927e-05,8.020362970836912e-06,0.00017382088699200072,1.2391092994740364e-05,0.0007356404868929438,1.0213654604612324e-05,1.3112760026444083e-06,0.001233055308485737
30,4.1260476317053214e-06,5.8649091535796895e-08,8.418013917868415e-08,1.3221586622977231e-05,1.6309746889762404e-06,2.729051834350262e-06,0.98943195263327,3.687504412053166e-05,0.00013262192076764396,0.007774696750503379,1.1835914758615611e-06,1.021210580505614e-08,1.4690896080654446e-06,6.562176081610017e-05,0.00011064333430236044,0.00021911305092433642,6.070601276258723e-07,2.8901993026032927e-05,8.020362970836912e-06,0.00017382088699200072,1.2391092994740364e-05,0.0007356404868929438,1.0213654604612324e-05,1.3112760026444083e-06,0.001233055308485737
31,6.463809316717303e-06,6.064812478232598e-08,1.0924475060823025e-07,1.5678629442569787e-05,1.845204686665529e-06,2.286528708785045e-06,0.990654929045886,6.286047888162869e-05,0.00011676803372063383,0.006591226446771876,1.0900853118913405e-06,1.4565732147589446e-08,2.2143756225699848e-06,5.486454102580908e-05,7.42202897663816e-05,0.00022143952339610261,7.004068480665563e-07,4.5054197797672934e-05,1.0604847210103777e-05,0.00021347817115066576,1.490918499107916e-05,0.0006975386933167952,1.072932764617123e-05,1.074527493473421e-06,0.0011998391924005693
32,3.980184710641313e-06,6.026753544866862e-08,8.255394965506957e-08,1.2263616670746403e-05,1.6635365456241419e-06,2.859346354526184e-06,0.98980973889027,3.822857023420574e-05,0.00012677951271487009,0.007406898346513531,1.1686250876801956e-06,1.0904725462404793e-08,1.5242073050262534e-06,6.376865734585145e-05,0.00011153233476705003,0.00022340557502433347,5.925629718275313e-07,2.7504492855493728e-05,9.145771569739507e-06,0.00018095541754772532,1.272254824590508e-05,0.0007583481824561665,1.0411638328710603e-05,1.1718224824394913e-06,0.001195182433787235
33,3.113664800356949e-06,4.6177009478936294e-08,7.20546510860006e-08,1.1970367438764411e-05,7.519269627517741e-07,2.3007820085885384e-06,0.9910585776900029,5.239102753933273e-05,7.450133527519407e-05,0.00649162695896241,9.748885605637385e-07,2.2526391560695486e-08,3.873954560653362e-06,7.679329280933851e-05,4.3968242449785105e-05,0.00029327507723989895,1.3344783442780338e-06,4.8221989573634995e-05,8.638746172047145e-06,0.0001673340641868648,7.780996844993366e-06,0.000965956388897708,6.4529699978855494e-06,5.653915365130003e-07,0.000679455007783441
34,7.002719643560523e-06,9.764629018052501e-08,1.10267894460748e-07,1.3327403064169262e-05,2.439353100661694e-06,2.6497420831701656e-06,0.9884436760967722,4.2254412107811105e-05,0.0001981182282225299,0.008068658296855201,1.825204639891044e-06,1.3017492428989272e-08,2.0624387180485257e-06,7.702697231177935e-05,0.00012647734100615276,0.00020573788727549846,6.903705373853077e-07,3.3007544223287134e-05,1.2659890410474121e-05,0.00017881012692873776,1.3170459920890405e-05,0.0009000243336582719,1.2844763440336307e-05,1.7764629715589182e-06,0.0016555390204314561
35,5.082001964290447e-06,5.8989379362867794e-08,8.355843375346857e-08,1.298748576701195e-05,1.5000467468692201e-06,2.39321523747138e-06,0.9890117100301331,4.327665222466483e-05,0.00014164234208717167,0.008201881123893364,1.0899595968516314e-06,1.0847494890188864e-08,1.5628916163148478e-06,5.817053219969703e-05,9.267597918216527e-05,0.0002275654607703639,6.665178846157694e-07,3.3434513655513304e-05,8.554602029360198e-06,0.0001702547491120659,1.1686782786788387e-05,0.0007437457257272159,9.224682680422252e-06,1.2584203288534803e-06,0.0012194828890675934
36,4.228735193639306e-06,5.994568823481448e-08,8.717170827136027e-08,1.3477175636540095e-05,1.6947457207739686e-06,2.757161235961127e-06,0.9893069820574215,3.6283013058884985e-05,0.00013307862769273448,0.007873323856696606,1.224280461132295e-06,1.0212676077335532e-08,1.464558548292816e-06,6.683995568795266e-05,0.00011329697262787557,0.0002165325883150536,5.968885106769815e-07,2.9304458781555344e-05,8.062236364537958e-06,0.0001754469142972268,1.281579153072999e-05,0.0007306313878569582,1.0346622221249113e-05,1.3676318633893496e-06,0.001260087010204299
37,7.322352338869617e-06,5.20281696470323e-08,1.3312816451814894e-07,2.5143764764968126e-05,1.889496595924201e-06,2.525962672006686e-06,0.9859049137008915,3.9137808168750246e-05,0.00014897459792529547,0.010726537643444839,1.9824507143402576e-06,1.1190784496609234e-08,1.714888841698371e-06,9.668089488113254e-05,0.00011832599923263491,0.0002442052132192751,8.357440900974004e-07,5.688603626100655e-05,6.98120013404456e-06,0.00022175633881110277,1.5304906132794234e-05,0.0007613492966768412,1.3549886315814134e-05,3.4272988178404282e-06,0.001600358171950613
38,5.149887195219252e-06,6.81940928931916e-08,1.0183374629785874e-07,1.564896076498244e-05,2.030088184937211e-06,2.5616960356811107e-06,0.9872109118699961,3.867478033882127e-05,0.0001768012988144464,0.009388795222215715,1.3934141177193605e-06,1.0882822393000782e-08,1.5103871460674816e-06,8.218534389974642e-05,0.00012002640914856791,0.0002018282087648452,6.745137550311495e-07,3.459469220579123e-05,8.061841887411445e-06,0.000191873433847062,1.3407051847427992e-05,0.0009001597183802477,1.1142076759099635e-05,1.7969405514195777e-06,0.0015905912534822147
39,2.647927861336148e-06,3.592650910619603e-08,4.955296834722837e-08,9.919044767286476e-06,9.847279921886465e-07,2.4296049226388736e-06,0.992722580711419,4.232358347500747e-05,7.407082323446755e-05,0.005051660350452583,6.57211312713137e-07,9.063996949791523e-09,1.114482846819283e-06,3.772371414875103e-05,8.929239867455117e-05,0.00021964301174440018,5.151774562344065e-07,2.1028366111721654e-05,7.3555712261560505e-06,0.0001520785266394224,1.3006329755094126e-05,0.0006102621738012573,9.831548180012887e-06,6.100745972068718e-07,0.0009301700959064993
40,4.123347751404188e-06,5.253476189373278e-08,7.842393364083601e-08,1.3270142943345032e-05,1.4715964216719784e-06,2.538008350550918e-06,0.9895144689869144,3.8356158908085993e-05,0.0001333194094681942,0.007798082625389483,1.1206597585245218e-06,9.324798302919277e-09,1.4328347938981046e-06,6.0310664178645e-05,0.00010467243633242911,0.00022562767521807996,6.080105379495321e-07,2.833024318122695e-05,7.638429828838961e-06,0.0001694275877684665,1.1575380654112167e-05,0.0007036535159183204,1.004864754062424e-05,1.3111085985030165e-06,0.0011684722460496007
41,3.857389008631661e-06,9.51211076668567e-08,1.1737676358298735e-07,1.724241334245442e-05,2.9065573672691615e-06,3.833891436483189e-06,0.9888534603930588,3.9705766631863975e-05,0.00022892767533512056,0.008738430889667475,1.236319489966343e-06,7.484518004252973e-09,1.6964750653730541e-06,6.278554545850309e-05,0.00014388446553611453,0.00030586050820030235,5.190912826385755e-07,1.8499477184774205e-05,7.515494806324045e-06,0.00013966315508982983,9.07387517701796e-06,0.00047677774362869937,8.834823977795585e-06,1.5209506163244614e-06,0.0009335471162491644
42,3.308232595096343e-06,5.795660179330755e-08,9.425114309639838e-08,1.031818124432831e-05,1.1827961516763035e-06,2.5644937049350416e-06,0.9886086892541244,9.205623724213386e-05,0.0001061145198722392,0.008272977239547893,8.821930221938651e-07,1.3103639205255729e-08,1.8163583211803634e-06,3.841990149507204e-05,0.00012381975297540954,0.0002338428858208653,7.11625934724413e-07,1.5535880953056773e-05,1.8076245961570844e-05,0.00018489312681216563,1.9153022344058577e-05,0.0016424246930827112,7.349788702254467e-06,6.685556307578031e-07,0.0006150297030769662
43,4.9144410082546465e-06,5.089398978484513e-08,9.777931411673746e-08,1.4025056264666664e-05,1.663068702294805e-06,3.3944938656464834e-06,0.9715268832829584,4.7981981214029454e-05,0.0002483352294144426,0.02431394969664866,9.755281312397123e-07,7.149110329604369e-09,1.0234203840631508e-06,7.334848900444962e-05,0.0001291847544693647,0.00029888108910289295,6.584349520402412e-07,2.7607787353002968e-05,1.0173242752322838e-05,0.00034534044121304003,1.6116454667372473e-05,0.0014244083174817918,1.0273401448500691e-05,2.301139415419971e-06,0.0014984044271338555
44,4.1260476317053214e-06,5.8649091535796895e-08,8.418013917868415e-08,1.3221586622977231e-05,1.6309746889762404e-06,2.729051834350262e-06,0.98943195263327,3.687504412053166e-05,0.00013262192076764396,0.007774696750503379,1.1835914758615611e-06,1.021210580505614e-08,1.4690896080654446e-06,6.562176081610017e-05,0.00011064333430236044,0.00021911305092433642,6.070601276258723e-07,2.8901993026032927e-05,8.020362970836912e-06,0.00017382088699200072,1.2391092994740364e-05,0.0007356404868929438,1.0213654604612324e-05,1.3112760026444083e-06,0.001233055308485737
45,4.3572911238850986e-05,5.079870989151053e-07,4.4355556074440683e-07,3.081170154330362e-05,1.051629299132998e-05,4.7781741969738866e-06,0.9299007730114877,2.3701582082014952e-05,0.00037191454303201995,0.03969495491784427,8.661682745417623e-06,1.664218402633698e-07,6.055685471719483e-06,0.0013235487333104568,8.137166358286978e-05,0.00022305469729668744,3.256544895044272e-06,0.0008587439764904859,2.197083864804585e-05,0.0007603862103657412,7.112238719000448e-05,0.0035742763762830376,4.323568760936533e-05,7.189176906715995e-06,0.022934985240288263
46,7.566252164577974e-06,4.845368810396513e-08,1.4609848010979838e-07,2.8740189299679257e-05,6.720398313661457e-07,4.445422272447392e-06,0.9868498263636465,0.0001086730176845886,0.00012077224576015591,0.01025137062680894,1.3891110036361384e-06,1.576309982972559e-08,2.9241964972263405e-06,5.398315660972064e-05,0.00011064887494656133,0.00044931214864269244,2.4890576421179408e-06,4.911303161217411e-05,9.695943445579482e-06,0.00022260002474028829,1.59888860301803e-05,0.0009497677101097264,1.3552423775150022e-05,2.2853596467023548e-06,0.0007439736025620685
47,5.133928974359693e-06,7.278545327666747e-08,6.56526984874154e-08,7.151463369998479e-06,1.0862398702103757e-06,2.3934947069704716e-06,0.9887642928243824,4.7975234000271234e-05,0.00012467401486958776,0.008034072416635415,8.44442816216048e-07,1.547570371296781e-08,1.5952032661731233e-06,4.524442026546581e-05,8.096864548727137e-05,0.00019229647116139785,7.332366165372163e-07,2.9890808084531324e-05,1.3167194439951745e-05,0.00017657830822589982,1.2913487564152751e-05,0.0011836280789547405,7.3149523757360394e-06,7.747367349724431e-07,0.0012671164833422273
48,2.6383341019971756e-06,5.741421816453463e-08,5.392981282899481e-08,7.1544230405817645e-06,4.990395678466135e-07,3.3871658618380566e-06,0.9955283171181798,6.218046813739054e-05,7.661924513536985e-05,0.0030288418464587976,5.773285735897892e-07,9.424773514403802e-09,2.237756043085123e-06,2.0805870769226803e-05,7.480556188033624e-05,0.00021864110109814995,8.685596881975286e-07,1.1907781146865746e-05,1.0154253305157646e-05,8.376150572822117e-05,5.960818682745276e-06,0.00047647826063268407,5.606616798768068e-06,3.71705141111271e-07,0.00037806447122390414
49,3.6986453578855223e-06,7.818837564239009e-08,1.2454026387264757e-07,1.3378711033238816e-05,1.7549897060251997e-06,4.297928809393275e-06,0.9877186685839129,3.713322221267168e-05,0.00011147254942401259,0.00889269819406603,1.3212823497825733e-06,1.7420700163254766e-08,1.8112491311982224e-06,9.131527169007608e-05,0.00012587900216518995,0.00020550855710254484,7.953739149216888e-07,3.4375205134401844e-05,1.0284618062518012e-05,0.0002412526370314357,1.8681406774339306e-05,0.0011604771128413207,9.982853613788282e-06,1.2835884720920826e-06,0.00131370886785475
50,0.00016622986638477308,1.5108735138287138e-05,5.087841119559731e-05,0.010531348569283621,0.000253618046968034,0.003128728885073584,0.9397125424766688,0.00028269501352235865,0.0006496377452606452,0.007824851644497787,0.0022199643956005745,1.113044108032689e-05,0.0007977074289910413,0.0074385167421968075,0.003968602468503582,0.013550699387363703,0.00028512559888664574,0.001538502239805274,8.528432252854442e-05,0.0011797132022493347,0.0020557604974557435,0.000750500707144524,0.0020969442755761005,0.00018997420700456316,0.001215934691619317
51,3.879835552327684e-06,5.320123485791933e-08,6.847986013340999e-08,1.1032856322657478e-05,1.5250969693758407e-06,2.7666050238191876e-06,0.9899469011933519,3.312576383259736e-05,0.00012096792699992406,0.00714101695868501,1.0635222437654797e-06,1.0648518183555714e-08,1.3414703136182692e-06,6.381916419958101e-05,0.0001011043886321934,0.0002211312364295138,5.728453247823851e-07,3.0191894075099942e-05,8.246204350395097e-06,0.00018957970072595311,1.2061688146678883e-05,0.0007141879614290049,1.123641137486862e-05,1.120318205077008e-06,0.0013829946281986103
52,2.553351945315557e-06,7.250292611626114e-08,5.60823380652055e-08,7.87012358612131e-06,1.4882219987775184e-06,2.4407122431437286e-06,0.9932089441972296,3.195486040485193e-05,0.00010660541177217433,0.004266112138947773,8.793533366333733e-07,9.545530639614112e-09,1.1612556227758478e-06,4.831555593788722e-05,0.0001242105658651909,0.0001340536822091199,4.4390761777108537e-07,1.4479243667349615e-05,8.34075947676166e-06,0.00010891566130226704,1.2149426422267809e-05,0.0007519458646882093,9.082772315061234e-06,6.269795458991527e-07,0.0011572878230706768
53,0.00032723761321243913,4.745858822062885e-06,1.5118158211495455e-05,0.00018168328892172208,5.728787086979207e-05,3.775621980530224e-05,0.7916251311984098,0.00021290368170008396,0.0007076623591944285,0.17586931407228937,5.3365274730993e-05,9.071400353789333e-07,4.56278960097547e-05,0.0023622055743240163,0.0003972945472530601,0.0009050090576467974,1.6520390849256525e-05,0.0012476590279789507,0.00029719746037324443,0.0017002481957951723,0.0005761533866958136,0.013366317759467543,4.7688185724659076e-05,3.765727308978532e-05,0.00990730850858914
54,3.0211787895368592e-06,7.490418274274398e-08,3.501939586943249e-08,5.857535455493087e-06,1.1639185699813803e-06,2.314903241221315e-06,0.9906488785152353,2.3536838489610365e-05,0.00013815473124072225,0.006601676809458693,5.829156568845212e-07,1.0325936373841593e-08,9.545450586992667e-07,4.9749001365489015e-05,7.096113839315433e-05,0.00019539939294354938,4.900286972829802e-07,2.2250905782271692e-05,6.660876641101281e-06,0.00010019386262491659,7.745566407535772e-06,0.000620326522987043,6.342450280951839e-06,5.542552673568272e-07,0.0014930638578981833
55,4.352860882470907e-06,9.730212857877894e-08,5.121802468552438e-08,7.558687531469918e-06,2.051681678828183e-06,1.5652060037859034e-06,0.9930086884974386,2.2199182069839642e-05,0.00012536102101899717,0.004175119181108332,9.337757399304769e-07,2.159566952812845e-08,1.4863368072486667e-06,5.424063599276847e-05,6.052022410408702e-05,0.00015605921497356044,4.433956675502572e-07,4.335895108664487e-05,6.723549805929556e-06,0.00010459619187459843,9.908399439377344e-06,0.0004431579071274749,6.416736264614466e-06,6.384089794059208e-07,0.001764449838581781
56,4.262103707586347e-06,6.59366545951678e-08,9.160170850400624e-08,1.3382527569451572e-05,1.7316915083857862e-06,2.759580262012719e-06,0.9898044430845361,3.818083469300434e-05,0.00013131741430599762,0.007453349140742695,1.2711816060750236e-06,1.1688825877776562e-08,1.7342236572890354e-06,6.736048551962618e-05,0.00010714001365719897,0.00021977969070912038,6.364527129152344e-07,3.0236931426027296e-05,8.632330392356572e-06,0.00017100548929062335,1.2298979286872996e-05,0.0007326012152276695,9.760213779710803e-06,1.2647632001633245e-06,0.0011866824250203357
57,3.912917375489192e-06,7.640506109944102e-08,9.002144486915823e-08,8.742408865040656e-06,1.8883382092559035e-06,2.7970566714062543e-06,0.9904183375402664,5.159091853687881e-05,9.123277585369837e-05,0.006433839640140395,1.1524186353453952e-06,2.358937447425682e-08,2.198788705796567e-06,6.099507725236e-05,9.607663876788617e-05,0.0002252980132682958,6.45099869888643e-07,3.0206388317329597e-05,1.8966852016652263e-05,0.00022428372342867973,1.8698201876233713e-05,0.001212023890667819,9.245382641384813e-06,6.19506658525251e-07,0.0010870584060945904
58,4.669430283598512e-06,6.219569217192285e-08,9.96250261465849e-08,1.5006746504299943e-05,1.73589412795358e-06,2.9095396706499266e-06,0.9882853895771397,3.833417812643369e-05,0.0001503330201807378,0.008780170485147962,1.377737455030575e-06,1.0168154355800765e-08,1.5432036658526703e-06,6.848058849411562e-05,0.00012601568831476542,0.00023153531078829004,6.557758526920644e-07,2.9745272260601167e-05,8.32580717292094e-06,0.00018314950660999166,1.2911492602846479e-05,0.0007852409782781327,1.0551401216460753e-05,1.7781138869609362e-06,0.0012599682633473437
59,4.796806567277927e-06,6.197953306248422e-08,1.1042462281910782e-07,1.6736235693280828e-05,1.8128386520475853e-06,3.077914192535499e-06,0.9870066079475474,3.853692957776311e-05,0.00015838644547948525,0.009869835181785195,1.4914918684669595e-06,9.97075541362186e-09,1.4648198252585123e-06,7.49562256205071e-05,0.00014119094314796722,0.00023314477828285436,6.89327039629694e-07,3.084384257424933e-05,8.133407723160022e-06,0.0001985640010632083,1.4284684969720811e-05,0.000850490672575391,1.1216313389096597e-05,2.1481109690314903e-06,0.0013314087065450931
60,4.1260476317053214e-06,5.8649091535796895e-08,8.418013917868415e-08,1.3221586622977231e-05,1.6309746889762404e-06,2.729051834350262e-06,0.98943195263327,3.687504412053166e-05,0.00013262192076764396,0.007774696750503379,1.1835914758615611e-06,1.021210580505614e-08,1.4690896080654446e-06,6.562176081610017e-05,0.00011064333430236044,0.00021911305092433642,6.070601276258723e-07,2.8901993026032927e-05,8.020362970836912e-06,0.00017382088699200072,1.2391092994740364e-05,0.0007356404868929438,1.0213654604612324e-05,1.3112760026444083e-06,0.001233055308485737
61,4.985823889015009e-06,6.306536630320612e-08,1.1634254781212391e-07,1.7256418474571394e-05,1.8446764522915678e-06,3.151509137702249e-06,0.9871940995304742,4.149306833152409e-05,0.00015096537943691922,0.009718736657581033,1.4626966715284608e-06,1.0522491303744969e-08,1.546302232405491e-06,7.51846747054139e-05,0.0001363400654091122,0.00023601951364671006,7.040297053283726e-07,3.2461948881904724e-05,8.475354754541485e-06,0.00020263893316448803,1.4886519894713954e-05,0.0008496870555312812,1.1166905466069878e-05,2.010351336661128e-06,0.0012946926544170902
62,4.1260476317053214e-06,5.8649091535796895e-08,8.418013917868415e-08,1.3221586622977231e-05,1.6309746889762404e-06,2.729051834350262e-06,0.98943195263327,3.687504412053166e-05,0.00013262192076764396,0.007774696750503379,1.1835914758615611e-06,1.021210580505614e-08,1.4690896080654446e-06,6.562176081610017e-05,0.00011064333430236044,0.00021911305092433642,6.070601276258723e-07,2.8901993026032927e-05,8.020362970836912e-06,0.00017382088699200072,1.2391092994740364e-05,0.0007356404868929438,1.0213654604612324e-05,1.3112760026444083e-06,0.001233055308485737
63,4.1407469722292195e-06,6.30108583893428e-08,8.450458708547829e-08,1.2789924534898231e-05,1.6548142010470228e-06,2.737209637058724e-06,0.9895657332088874,3.640933391444084e-05,0.00013568232240073825,0.007651078060546742,1.1867362506659771e-06,1.0314073523859447e-08,1.4824784792943172e-06,6.479556335879239e-05,0.00011190033209954384,0.00021227666902057392,6.029155822917394e-07,2.7959057789972736e-05,8.082780832578318e-06,0.00016606656015251536,1.2239209805014156e-05,0.0007365999466609061,9.86703395062803e-06,1.2854890861535622e-06,0.0012352717763176365
64,4.139716591469751e-06,6.584265833575679e-08,9.844328292406851e-08,1.3748764429802825e-05,1.8474629779183721e-06,2.7886843415812437e-06,0.9893545439818703,3.8503304586541116e-05,0.00011916145142431128,0.007839640696002959,1.2536592296185843e-06,1.1292888897769282e-08,1.436998982817062e-06,6.356647815952542e-05,0.00012396786942120357,0.00020131964769969505,5.650795537603559e-07,2.7898491853403868e-05,8.731549581834025e-06,0.00017648252140263536,1.6900593469452615e-05,0.0007800479081135527,1.0032741947533398e-05,1.2908928921490918e-06,0.0012119559266377128
65,5.14253302987306e-06,5.86559779247156e-08,7.647226725928199e-08,1.2492414179392131e-05,1.682557645958817e-06,2.2823057977862544e-06,0.9882661206337495,3.746013866267462e-05,0.00015336728003897986,0.008654012657677328,1.1614939892858833e-06,1.1798646856713e-08,1.595315625073531e-06,6.961966833781264e-05,8.517342853491088e-05,0.00023675537723850205,6.425831665731816e-07,3.925392002831854e-05,8.381455490368923e-06,0.00019070349909135456,1.119807840989584e-05,0.0007512537487363012,1.0265634203424043e-05,1.3117600953031057e-06,0.0014599765893793836
66,1.601295122073145e-06,3.245665983140514e-08,1.8314465999861183e-08,3.678698101947198e-06,4.126535143861606e-07,2.0657026248026643e-06,0.99706684892883,3.0233803249059654e-05,9.984918728145582e-05,0.0013858676337102798,3.288163859979417e-07,3.4504143233332774e-09,6.208452745847067e-07,1.4835143260509942e-05,9.017708345239141e-05,8.031935316822718e-05,3.499526081072048e-07,6.129838632894667e-06,4.938761746632238e-06,6.697323274854393e-05,3.3234395299734627e-06,0.0003984915582762792,8.249795619934606e-06,3.39121924107412e-07,0.0007343109333977028
67,3.5993912931342847e-06,5.642183438150251e-08,8.443429307009714e-08,1.316765813691933e-05,1.4975865261770986e-06,3.6491836719521128e-06,0.9887647064871988,3.078307475369761e-05,0.0001162214112827068,0.008082120915950175,1.265718105781456e-06,1.14347238588148e-08,1.4497006508271178e-06,8.414293444031757e-05,0.000120431652860104,0.00021993304011584783,6.8925997847776e-07,3.181347007865766e-05,7.729011560562418e-06,0.0002176680283094393,1.4285734025094284e-05,0.0008269870177176659,1.2665317114037413e-05,1.4609933673435822e-06,0.0014435801220111578
68,3.13274343162532e-06,3.539202601032382e-08,6.161996999910592e-08,1.1809348121757576e-05,9.852683254824925e-07,1.8479037939259635e-06,0.9929378499653785,3.15302316302902e-05,6.402266454580367e-05,0.0050069562660893996,7.800585329081966e-07,1.6963102060427477e-08,2.4647640023489557e-06,6.216622365374014e-05,3.232264806799862e-05,0.00019558546581046414,5.795895693801917e-07,6.112359090999871e-05,5.717605771073841e-06,0.00018869457272121276,1.0075928539961928e-05,0.00042425158155299966,7.0562812540501084e-06,5.712536517182735e-07,0.0009503620695471607
69,4.3071457700697875e-06,5.534264989593287e-08,7.144660361308449e-08,1.640067689207505e-05,2.032739249296466e-06,1.8033638296636395e-06,0.9892299227782068,3.688994092512354e-05,0.00021320971719681863,0.008158363429683018,9.511674478675321e-07,5.76268177018502e-09,1.0159427727429023e-06,5.340990015493753e-05,0.00011111249650295734,0.00022952181395106825,4.724776894030753e-07,2.3928749849808133e-05,4.7533005462726175e-06,0.00010813049491044564,8.007289858737976e-06,0.0004978700023045415,8.413872867012882e-06,1.4817130500089858e-06,0.001287868434406062
70,4.984884593968015e-06,7.091619719172213e-08,8.302736131786216e-08,1.0881554966331934e-05,1.611680420432494e-06,2.2717834425505272e-06,0.9901996667970027,3.649326279613043e-05,0.0001186735167432066,0.0069144510728026435,1.3310505914941856e-06,1.0929661464280775e-08,1.3996815111967703e-06,5.755967986314647e-05,0.00012217675274959683,0.0001684950637067426,5.507255126060532e-07,2.7230109273109873e-05,9.645279088063315e-06,0.00013916630967545295,1.4455059557605809e-05,0.0008283493297178253,9.404299287780299e-06,1.187574757263467e-06,0.001329849658720028
