,0,1,2,3,4,5,6,7,8,9,10,11,12,13,14,15,16,17,18,19,20,21,22,23,24
0,1.2897133954229114e-06,0.06882776079776948,0.23797972454351177,0.003886599460337961,0.0012691410849665892,7.763953540796134e-07,0.0697495781877054,0.00016472278873870094,0.023314680028390662,0.00017893139106235303,0.0027248691696238497,1.652086650468366e-06,0.5821679972488708,0.0003992433382999467,1.7113610498961036e-06,1.4606487096749514e-08,2.535417776597146e-08,2.9982773100725084e-06,4.519544143923097e-06,0.00016718594371006455,1.2040552491786889e-08,1.6201393256804174e-07,8.618393415682309e-08,0.00915450477545733,1.8136645670266455e-06
1,1.5572389856349807e-06,0.11617701506413498,0.24537505503846593,0.006078358889424634,0.001344231281503506,9.505752376075514e-07,0.09677229939008052,0.00028265308144670887,0.044193602236274214,0.00042207466126009517,0.002691349544953709,1.717869848234755e-06,0.4757010686027909,0.0005276565829678437,3.482622362552892e-06,2.6589373655828614e-08,3.672173666219889e-08,3.3482930244161412e-06,1.0396903866246108e-05,0.00020188734784798453,3.229956591410949e-08,2.8593915682663204e-07,1.1589595856589456e-07,0.010206115506895248,4.681822837420321e-06
2,1.6030313482739505e-06,0.1416325760808812,0.16009572670671682,0.006285874530307096,0.0010653738527617361,6.954310065429892e-07,0.0934158489685776,0.00022409922022475313,0.018167884227849762,0.00025378654278930253,0.0026198201356016524,1.8113746236856644e-06,0.5630987050741625,0.0006299215563341612,3.7601099099725023e-06,1.9291202422189304e-08,5.578744650016855e-08,4.259886382945041e-06,5.8755079087741926e-06,0.0002101952420827575,2.5400382291703356e-08,3.888019954180572e-07,2.5367371519020204e-07,0.012276737604684704,4.701961103972033e-06
3,1.3275133260863053e-06,0.12977569740571734,0.20076263375709835,0.006393568375057634,0.0012427096280062978,5.989422979044631e-07,0.07742839160739107,0.00022557103215213253,0.018868265674733802,0.00028097984623320834,0.002475351548008262,1.609440342967163e-06,0.5488367363676043,0.0005145397393325839,2.2309992514810815e-06,1.450431549150074e-08,4.439662572772366e-08,4.416694801075903e-06,5.101038139076627e-06,0.00018707712015916288,2.3305822009324125e-08,2.8107268104124023e-07,1.416678682346174e-07,0.012989117460965448,3.570862069297498e-06
4,1.1160458789448875e-06,0.11325750153927924,0.18197325115025786,0.005554322293954553,0.0012310196098573169,5.647038236160766e-07,0.06476077337446197,0.00015994384672234877,0.015007785059935863,0.00023379411023212015,0.0021018134111154317,1.5554208411916036e-06,0.6045868203904213,0.0005544704599431863,1.7859746458969693e-06,1.2232191414344054e-08,3.5907183664848456e-08,3.7915112351513045e-06,4.0280270227975825e-06,0.00015389518545082663,1.8257054801682598e-08,2.3202187758886743e-07,1.2423940951785536e-07,0.010408631729503109,2.713497700227444e-06
5,1.0853032627133453e-06,0.1359048721074168,0.17537336952886073,0.007734690213181354,0.0012568771316772425,5.014577800571773e-07,0.06842200713426609,0.00023848030787179098,0.01393958567619771,0.00029691918741000373,0.0022998545095407564,1.4235017456676732e-06,0.5790684039603979,0.00047308899462166236,1.6630608498923693e-06,1.1739864399337213e-08,4.7218229899678536e-08,5.396431961840736e-06,4.012326712824412e-06,0.0001971959327000277,2.3528489569618723e-08,2.647349780957161e-07,1.4976262729179045e-07,0.014776872869787855,3.2033795678901505e-06
6,1.3275133260863053e-06,0.12977569740571734,0.20076263375709835,0.006393568375057634,0.0012427096280062978,5.989422979044631e-07,0.07742839160739107,0.00022557103215213253,0.018868265674733802,0.00028097984623320834,0.002475351548008262,1.609440342967163e-06,0.5488367363676043,0.0005145397393325839,2.2309992514810815e-06,1.450431549150074e-08,4.439662572772366e-08,4.416694801075903e-06,5.101038139076627e-06,0.00018707712015916288,2.3305822009324125e-08,2.8107268104124023e-07,1.416678682346174e-07,0.012989117460965448,3.570862069297498e-06
7,2.025284924609329e-06,0.21299897027066425,0.3637569661768816,0.0285247832657067,0.017013231348801398,5.619325606603951e-06,0.086495407631107,0.001766467477830616,0.06728988183319198,0.003549165026454568,0.0031500770061851143,5.266257872723148e-06,0.1913213178722531,0.0029206213405717895,2.5821845747980596e-05,3.112177947178114e-07,2.3502190537525897e-07,8.346403575008987e-06,7.021711140574559e-05,0.0002658061612946862,7.083028863212172e-07,2.7857278409387205e-06,1.7449950003322051e-06,0.020785927324114262,3.8295770382580515e-05
8,1.081759843265858e-06,0.12481462597394974,0.2021991721788536,0.00866409764842548,0.0010463906225869483,2.073591060694485e-07,0.06450261980088222,0.0002543686009983543,0.012026151828118887,0.0003224159167656578,0.000904843089609023,1.1086932606668305e-06,0.5645602741849565,0.0004388955788648119,1.641826627655643e-06,1.1733707606818882e-08,5.402314688883451e-08,2.4898400088715924e-06,3.2525823096217506e-06,0.00013111858106589977,1.974645032897745e-08,1.6549264505098344e-07,1.4211007695210048e-07,0.020119316300728433,5.534527011492438e-06
9,9.130738883649002e-07,0.1044233080076549,0.22179686440715096,0.006425846600500062,0.0009021570716843515,1.2310588497826227e-07,0.04341379351524993,0.00018565383490102083,0.010533804762557922,0.0001922583486810152,0.0007216669673008773,8.992763169187665e-07,0.5922642133429215,0.0003053117010797743,9.522043916861189e-07,5.794309941819011e-09,3.965756604936188e-08,1.9122301251427123e-06,2.171765349523435e-06,9.587992264449478e-05,1.067987154263166e-08,9.269140426482467e-08,6.663412511636158e-08,0.018728378032168928,3.676372270654015e-06
10,1.3275133260863053e-06,0.12977569740571734,0.20076263375709835,0.006393568375057634,0.0012427096280062978,5.989422979044631e-07,0.07742839160739107,0.00022557103215213253,0.018868265674733802,0.00028097984623320834,0.002475351548008262,1.609440342967163e-06,0.5488367363676043,0.0005145397393325839,2.2309992514810815e-06,1.450431549150074e-08,4.439662572772366e-08,4.416694801075903e-06,5.101038139076627e-06,0.00018707712015916288,2.3305822009324125e-08,2.8107268104124023e-07,1.416678682346174e-07,0.012989117460965448,3.570862069297498e-06
11,1.2826414415296307e-06,0.12429835717841937,0.18622332406457726,0.006015946655526504,0.001168237189832276,5.558572602300373e-07,0.07182259365440818,0.00020159623493292935,0.016553327081711592,0.0002560709051743335,0.0022766921580756145,1.5751340082052584e-06,0.578151853853567,0.0005046148449976163,1.9938615384403827e-06,1.3160683161256224e-08,4.284458671773531e-08,4.307437482292276e-06,4.523630296400398e-06,0.0001768629392983415,2.041121573768165e-08,2.6500083818359627e-07,1.3702518209826908e-07,0.012332593460814454,3.212774131628988e-06
12,8.2972377128394e-07,0.15052325232787295,0.08097530668115803,0.005174672702774725,0.0021511470173742235,6.431068787277487e-07,0.02809282793205418,8.061759187858457e-05,0.0018365942456424022,0.00023238069668352478,0.0013049319358527,2.166941673315225e-06,0.716074047178418,0.0010267876289113513,9.507230145475995e-07,1.1941437626557528e-08,7.015856797848799e-08,9.923669302803284e-06,1.467460056479289e-06,0.00010610440375014275,1.9088898753792414e-08,5.297734749926183e-07,4.473164108532204e-07,0.012402618875674273,1.650878467461131e-06
13,1.4144040731493315e-06,0.08795318122518031,0.294868864895437,0.004905974542497525,0.0015776238414106254,4.5603193958587795e-07,0.05402782336467973,0.00022171361651854732,0.023501869769298488,0.00010223507653086553,0.003971885828654202,3.260231682462351e-06,0.5203613499149963,0.0007100483941166687,2.932199139357572e-06,8.047423997513631e-09,5.2707142633796164e-08,2.791113375329691e-06,6.325718413204492e-06,0.00014471784288623492,2.065102994267976e-08,3.1003488607744117e-07,9.49100399661416e-08,0.007632334189119126,2.711449528556138e-06
14,6.585998037677987e-06,0.018310796421620753,0.6177851805889331,0.0051686138758056865,0.0006051906464845239,3.0049667802822233e-07,0.14766019737237152,0.00046188516027039704,0.023750945076881014,3.83762428975339e-05,0.0027398275839321867,7.794346101179637e-06,0.17305486423720523,0.000780372450435382,5.287564660641526e-06,3.152999979680705e-08,9.612903052816797e-08,1.9819089423070186e-06,8.362522765452912e-06,0.0002811078927830453,2.4289832616747768e-08,3.4880604327569557e-07,2.7057756965887125e-07,0.009319934211935313,1.1624068783349317e-05
15,1.3275133260863053e-06,0.12977569740571734,0.20076263375709835,0.006393568375057634,0.0012427096280062978,5.989422979044631e-07,0.07742839160739107,0.00022557103215213253,0.018868265674733802,0.00028097984623320834,0.002475351548008262,1.609440342967163e-06,0.5488367363676043,0.0005145397393325839,2.2309992514810815e-06,1.450431549150074e-08,4.439662572772366e-08,4.416694801075903e-06,5.101038139076627e-06,0.00018707712015916288,2.3305822009324125e-08,2.8107268104124023e-07,1.416678682346174e-07,0.012989117460965448,3.570862069297498e-06
16,1.4009100888517875e-06,0.15729499395295327,0.18003094344085951,0.008180496411219476,0.0012715926969954976,7.926901906171082e-07,0.09075730197860182,0.00028359132539699047,0.01880878932415337,0.00046073993721703336,0.002712034593166022,1.6902553881191063e-06,0.5255176931660078,0.0005763659817227435,2.3022166938664114e-06,1.9849751552036438e-08,4.9371882306638886e-08,6.6529701810988985e-06,5.959661722079132e-06,0.00023835477418206744,3.83038905211622e-08,3.812269146335711e-07,1.7434738785961135e-07,0.013843622028128133,4.0185853048298915e-06
17,1.4958558657050546e-06,0.14683369455477358,0.21503005533334082,0.005620805186491349,0.0012998321428518023,6.882751750981754e-07,0.08604041869425733,0.00025476072124804846,0.026769356295371128,0.00031409107219881893,0.0029148815285931595,1.5036568689230532e-06,0.4999499407923877,0.0004461257670335961,2.9903478183802564e-06,1.5916126639128756e-08,4.6342848475518207e-08,4.147033048016809e-06,6.796583839849647e-06,0.00017477619137309198,2.5633673248685715e-08,2.975824037166774e-07,1.2804620851452693e-07,0.01432918359267316,3.9428535300299915e-06
18,5.3657440376099e-07,0.08653721389130481,0.22247894861586223,0.009074457954731854,0.0028089601092113102,2.2517604795869943e-06,0.07676896034346263,0.00024291055597391693,0.06472903230711818,0.00035402156154018094,0.0066751806910745675,1.2356459071011805e-06,0.5244166031735419,0.0005924625609496906,4.136757357374612e-06,2.3099813605614748e-08,1.5379808433374486e-08,2.0119128368255913e-06,1.0267183707790747e-05,0.0002509855761697428,3.020266693304862e-08,1.3445587807598905e-07,1.267398502663711e-07,0.005047367581076781,2.1253652724174532e-06
19,3.0261769007628667e-06,0.21955397522627887,0.14523680239146758,0.007392099117027352,0.0007890220283074429,8.358170120806457e-07,0.1802229320179519,0.0003414572215555764,0.019372430040926508,0.0003676477983999786,0.004016795029849303,1.3066171907866478e-06,0.3974563549633064,0.0004606153360289014,5.115339322272451e-06,2.9051215734901868e-08,7.24195194318847e-08,8.509406616849257e-06,7.942877999798589e-06,0.00026835699397345983,4.4033111842335594e-08,4.7548906878434365e-07,3.8571643813205893e-07,0.024486755725857044,7.013164673299765e-06
20,1.8929871074074977e-06,0.10140336230492614,0.25809993401682674,0.005689540147443665,0.000950666832583276,1.0160926447018097e-06,0.11079733243747764,9.466037642574823e-05,0.017095290783381987,0.00020952291161229882,0.0030235640457735584,1.2248721536452356e-06,0.4913113212465017,0.000577116785618316,1.554565629377347e-06,2.0711957485307693e-08,1.7363484245293552e-08,4.478888423497399e-06,3.639941816547457e-06,0.0001809580471682867,1.5019583848968074e-08,9.592189139293257e-08,1.2966952483291517e-07,0.010548809172659027,3.834857384727284e-06
21,1.2212331780340578e-06,0.08355985570218752,0.17803443533112456,0.005395684820867251,0.000998048173453216,6.363485867307451e-07,0.07330313023386897,0.00013669497802670208,0.01084092734421841,0.00024217109804495487,0.001744833083769409,1.8686067560857978e-06,0.6361278642134992,0.0005952112415330552,1.3024932112028903e-06,1.881064216956971e-08,2.779041100821785e-08,3.973410114195258e-06,3.307272328521537e-06,0.00020075264390156938,1.6337730225946006e-08,1.9490167450670434e-07,1.387271517013621e-07,0.00880536606668526,2.3191370353590837e-06
22,1.634520309468041e-06,0.12670340435601232,0.24810575790519288,0.007333964667660803,0.0015293666642182597,8.773913659377407e-07,0.08649118459262649,0.0002845849478890978,0.01937128425475373,0.0003040565557552747,0.0038696355147827418,2.0839730903273802e-06,0.49026582064277185,0.0006110409068804846,2.4614799714309754e-06,1.845154579985062e-08,5.987467376387359e-08,7.406721537751219e-06,5.665121846165408e-06,0.00023896312179682224,3.83086677203349e-08,3.8602211284631355e-07,1.819866095733939e-07,0.014866734489292491,3.3875286360640877e-06
23,1.3275133260863053e-06,0.12977569740571734,0.20076263375709835,0.006393568375057634,0.0012427096280062978,5.989422979044631e-07,0.07742839160739107,0.00022557103215213253,0.018868265674733802,0.00028097984623320834,0.002475351548008262,1.609440342967163e-06,0.5488367363676043,0.0005145397393325839,2.2309992514810815e-06,1.450431549150074e-08,4.439662572772366e-08,4.416694801075903e-06,5.101038139076627e-06,0.00018707712015916288,2.3305822009324125e-08,2.8107268104124023e-07,1.416678682346174e-07,0.012989117460965448,3.570862069297498e-06
24,6.698456524920767e-07,0.12313037640662879,0.1401321976980759,0.007718690307890538,0.0012151704585211427,4.546240518806264e-07,0.04920164237131639,0.00015500005316713663,0.011361885547481172,0.00028747659179083264,0.001670728661067434,1.229028740838761e-06,0.6556419201001739,0.0005298962375983634,1.128733263608721e-06,9.070686554699778e-09,2.9912261793259495e-08,3.984624076430635e-06,3.202606044303193e-06,0.00016818167489442073,1.782339521218967e-08,1.9280121403854052e-07,1.0843933715818212e-07,0.00877334727641458,2.4591062554081287e-06
25,1.2887199726976503e-06,0.14272677807396494,0.19968466464409745,0.005877668599175165,0.0013121860457923293,6.850696532301468e-07,0.07357640509777379,0.0001947253814091437,0.020638355113052134,0.0003102298253270839,0.0023188782732919528,1.5381904760514919e-06,0.5402263762781035,0.0005449502246384858,2.4129550940667296e-06,1.5194433310197447e-08,4.05147349287138e-08,4.2454724681934885e-06,5.130013335636306e-06,0.00016806279457971397,2.3311186527952426e-08,2.867799243124587e-07,1.3657614917295002e-07,0.012400987048898167,3.9298024678943785e-06
26,2.0116331822920563e-06,0.11209638564463205,0.22698083019464727,0.004495734199994371,0.000902135518989154,2.2115731954746092e-07,0.060569483588407975,0.00026629985062187134,0.011485531960664527,0.00017057339069410048,0.0015630257928275922,1.3985340468663837e-06,0.5522801115297136,0.00025530370842683593,1.1898004309349686e-06,7.024482200743414e-09,7.77742370751226e-08,5.396029167219501e-06,2.8848438074812584e-06,0.00012788988949577717,1.344015772364869e-08,2.3337847698150959e-07,9.839406642764174e-08,0.028790305804192364,2.8569173179123156e-06
27,1.980208005678331e-06,0.15495293448707503,0.2361665221037982,0.006800213013287177,0.0011734112790522254,9.83833256596853e-07,0.10351518494447037,0.0003472090254985135,0.04212293425527708,0.00040491534225708877,0.0030657293374775486,1.7805295015141176e-06,0.43665135481206163,0.0005140306171755887,4.2143293302878065e-06,2.2497648153185814e-08,5.263652450199798e-08,5.286431805828722e-06,8.486222260358909e-06,0.0002594349371185069,3.457412903049034e-08,4.809981353306129e-07,1.6655223599047996e-07,0.01399568552990538,6.951502712446396e-06
28,1.3275133260863053e-06,0.12977569740571734,0.20076263375709835,0.006393568375057634,0.0012427096280062978,5.989422979044631e-07,0.07742839160739107,0.00022557103215213253,0.018868265674733802,0.00028097984623320834,0.002475351548008262,1.609440342967163e-06,0.5488367363676043,0.0005145397393325839,2.2309992514810815e-06,1.450431549150074e-08,4.439662572772366e-08,4.416694801075903e-06,5.101038139076627e-06,0.00018707712015916288,2.3305822009324125e-08,2.8107268104124023e-07,1.416678682346174e-07,0.012989117460965448,3.570862069297498e-06
29,1.3275133260863053e-06,0.12977569740571734,0.20076263375709835,0.006393568375057634,0.0012427096280062978,5.989422979044631e-07,0.07742839160739107,0.00022557103215213253,0.018868265674733802,0.00028097984623320834,0.002475351548008262,1.609440342967163e-06,0.5488367363676043,0.0005145397393325839,2.2309992514810815e-06,1.450431549150074e-08,4.439662572772366e-08,4.416694801075903e-06,5.101038139076627e-06,0.00018707712015916288,2.3305822009324125e-08,2.8107268104124023e-07,1.416678682346174e-07,0.012989117460965448,3.570862069297498e-06
30,1.3275133260863053e-06,0.12977569740571734,0.20076263375709835,0.006393568375057634,0.0012427096280062978,5.989422979044631e-07,0.07742839160739107,0.00022557103215213253,0.018868265674733802,0.00028097984623320834,0.002475351548008262,1.609440342967163e-06,0.5488367363676043,0.0005145397393325839,2.2309992514810815e-06,1.450431549150074e-08,4.439662572772366e-08,4.416694801075903e-06,5.101038139076627e-06,0.00018707712015916288,2.3305822009324125e-08,2.8107268104124023e-07,1.416678682346174e-07,0.012989117460965448,3.570862069297498e-06
31,1.5922004714951842e-06,0.154998051270918,0.2042229179655268,0.006373875118783722,0.0013678214384444042,1.466398925754038e-06,0.1256918964115073,0.00020972315785287943,0.03251367556096596,0.0003307624680108901,0.004775934046277673,1.6484838358204214e-06,0.4581163134057081,0.0007297247148423366,5.197999876852038e-06,2.701173756480565e-08,3.872861473369285e-08,4.715862113680211e-06,8.436673951361653e-06,0.00023363647991165334,3.4962361506499807e-08,3.956993069277432e-07,2.310380265727945e-07,0.010407164203219013,4.7186988092422485e-06
32,1.4415233146861284e-06,0.13324786657342033,0.20481039040681834,0.006402548228033331,0.0012831622192071275,6.492274558404938e-07,0.0812650446904676,0.00024939442547146525,0.022280278797830323,0.0003015179206889944,0.002631004712878367,1.714190926857618e-06,0.5339963028959328,0.0005285685404885861,2.629800155165347e-06,1.6206269280143425e-08,4.816025002863247e-08,4.410336157497759e-06,6.284523171037741e-06,0.00019047470102799956,2.6701434476776285e-08,3.1524071006122083e-07,1.4449847154482265e-07,0.012791827544618373,3.9379347998030615e-06
33,7.038434136482301e-07,0.13241195982694334,0.04758149485712615,0.003207243916617678,0.0008605688154679924,1.9184918063948532e-07,0.024303659289662806,9.379522853743752e-05,0.002181880214381153,0.00013132551612181752,0.001017243920839735,1.2935242577129415e-06,0.7783219930419181,0.00035012344288063894,5.884793153778356e-07,3.806091575674594e-09,5.8497345430558955e-08,5.15102089509511e-06,1.6104406511098926e-06,8.068791983784009e-05,8.200005941031342e-09,3.5437993606462846e-07,1.2271585062914736e-07,0.009447102872592322,8.343801298549705e-07
34,2.2907932992627726e-06,0.12487911165070699,0.2646053004312409,0.004461933137336572,0.0010616987715640778,8.613212464160442e-07,0.10086834056602338,0.00023629722644314506,0.05913648423601993,0.0002931628143753094,0.0026342468083647213,1.5975077003071968e-06,0.4312373081693749,0.0005001747002325042,4.358444254740554e-06,2.0326869235699962e-08,3.3989513168645586e-08,2.9749509443854625e-06,1.0981804368045614e-05,0.0001576437143621549,2.463654325933576e-08,2.924901642600294e-07,8.636006536926556e-08,0.00989900727565057,5.7678733362184135e-06
35,3.604229312853943e-06,0.18966491706166244,0.22394572483185457,0.009870878362968247,0.0008546881042453795,4.4666147820032453e-07,0.0958602038998659,0.0012901366279282163,0.05814315342782108,0.0008461914856942563,0.0020390061220470846,2.0810908183482015e-06,0.38921342083076294,0.0002464468009969053,2.433366592228591e-06,1.6199741640561106e-08,1.380032093247931e-07,1.233116507496918e-05,1.555937548800693e-05,0.0003250511351898774,5.624611459299858e-08,8.936107791083648e-07,8.914856841874704e-08,0.027650872224860505,1.165998692489955e-05
36,1.32772555904434e-06,0.13059627862413142,0.20030926388182244,0.0064253864061947635,0.001240206735601603,6.086587404550712e-07,0.07819473548097791,0.00022555973234101564,0.018907820358377788,0.00028284734850829083,0.002508254370252589,1.6003739622312605e-06,0.5475756944710275,0.0005154607666991469,2.2388862074969156e-06,1.4597642739066188e-08,4.410438134907792e-08,4.479083188151664e-06,5.091042071162478e-06,0.00018913388721128783,2.3476566592507547e-08,2.823232536707183e-07,1.4302075561140048e-07,0.013009936279349403,3.568365176298844e-06
37,1.3365893029709149e-06,0.1293849772331078,0.20101629707523141,0.006342398329088759,0.0012331947337864025,5.906391208138787e-07,0.0772266340721328,0.00022313435876801234,0.01861601046301322,0.00027706269847259596,0.002457410741249302,1.6091279273517605e-06,0.549495988139396,0.0005140351000772436,2.2035691863919355e-06,1.4330824830885501e-08,4.4317812903886196e-08,4.417358845527008e-06,5.04116664785908e-06,0.00018540487699493386,2.3018882540827143e-08,2.792554527365838e-07,1.4030095367456774e-07,0.013008205745446297,3.5467582776000185e-06
38,1.972515989788201e-06,0.13259602499776973,0.19530936852996936,0.005267200432766657,0.0010654962114288206,1.2584788127148273e-06,0.1388422076231037,0.00018509004439160238,0.021884410886946537,0.0003070527099214396,0.0037163833599251975,1.6812920728298e-06,0.48786773564592834,0.0006433161754651139,3.681383056994943e-06,2.990394925242179e-08,3.576972473062805e-08,5.36866991117107e-06,6.3130554857653035e-06,0.00023341266925903942,2.8418392268689908e-08,3.4665934404864035e-07,2.2658176356080132e-07,0.012057627968695674,3.7300159254798e-06
39,1.6181188585366195e-06,0.0756156022035091,0.3503530813539131,0.012280834423265184,0.002177240970378819,1.1357936914097849e-06,0.0922784487348545,0.000668684672989701,0.0354602187022948,0.000529437643560519,0.003502795636093481,3.3060992099462726e-06,0.4121899974376766,0.0005986712165523916,3.1196317370421297e-06,4.557182013838834e-08,6.699090819709332e-08,5.459077499535398e-06,1.1202246627675897e-05,0.0004081434729942748,7.231577291995693e-08,3.359975622484589e-07,2.138234746691451e-07,0.01390446405454639,5.8038102090417955e-06
40,1.5492061437616339e-06,0.13750116169015617,0.21235483539283648,0.005502372428852345,0.0012126961567092789,6.140376699378104e-07,0.07640907792131567,0.00018679374768806019,0.019372217098192895,0.00024270550988049036,0.0024716140473934178,1.780575009001549e-06,0.5322645719189487,0.000607934833796139,2.4215619910921234e-06,1.3261248356536768e-08,4.3860193279238694e-08,4.440183273519586e-06,5.1458762622823294e-06,0.00016145228169779925,2.275689712746623e-08,3.2451345218027404e-07,1.2837297359179467e-07,0.011692277646251033,3.8051211672792282e-06
41,6.719108912788091e-07,0.10316339944424661,0.3630593106634244,0.005042680397699343,0.0026910962725498746,8.346301296512789e-07,0.03997878777804863,0.00014699474336803643,0.07544007260830483,0.0003238009010074839,0.0016943850535787804,9.690776224851943e-07,0.4002434168531845,0.0005639652458135014,3.7065187846701216e-06,1.2606737122568568e-08,1.694217459796706e-08,1.0630039223290203e-06,6.7085141192569105e-06,7.148794277754e-05,2.169548139575064e-08,1.0275187624975476e-07,4.90256307606966e-08,0.007561404900803809,5.040517822819208e-06
42,2.4673702746255464e-06,0.17164020811405445,0.23166434328431168,0.009200606385032164,0.0014178656966054623,7.183166960203293e-07,0.12817999948594172,0.0009599785469781988,0.045909058479981536,0.0005723971059132708,0.003922104887877157,2.5985048720521434e-06,0.38620040702784536,0.00045126953495681714,6.509626201493186e-06,3.5192212680404675e-08,1.3520469300253752e-07,5.502758768471413e-06,2.0624944436083525e-05,0.0003350839917731521,7.921767391300107e-08,8.712188005916444e-07,2.3726540065282388e-07,0.019498970269898025,7.927568801446687e-06
43,1.2957122790069733e-06,0.20324652375510532,0.17522771958825564,0.012310070959662179,0.002969839563049346,2.217137131845485e-06,0.09489114179872374,0.0007358102489691664,0.04601947177042821,0.0016927099201122858,0.003828046604464316,2.0357554849973588e-06,0.4401978224782878,0.0005762103229492952,5.131200191870481e-06,5.6547936418233295e-08,8.345147582808418e-08,8.75058064456654e-06,1.6614869539025155e-05,0.00032437346055072536,1.2271216277581121e-07,7.949175519175944e-07,2.9692704933591976e-07,0.017936146421414816,6.713296579514334e-06
44,1.3275133260863053e-06,0.12977569740571734,0.20076263375709835,0.006393568375057634,0.0012427096280062978,5.989422979044631e-07,0.07742839160739107,0.00022557103215213253,0.018868265674733802,0.00028097984623320834,0.002475351548008262,1.609440342967163e-06,0.5488367363676043,0.0005145397393325839,2.2309992514810815e-06,1.450431549150074e-08,4.439662572772366e-08,4.416694801075903e-06,5.101038139076627e-06,0.00018707712015916288,2.3305822009324125e-08,2.8107268104124023e-07,1.416678682346174e-07,0.012989117460965448,3.570862069297498e-06
45,1.99408783318745e-06,0.4608013269144926,0.13434836016752685,0.020658705695136195,0.0014036286579764711,1.4612916399172977e-06,0.06263160592995447,0.0001735202211281136,0.009209201832899073,0.0006616864640597177,0.005229520849230088,2.150065230884813e-06,0.2873393354767242,0.001194167584761446,1.659227879550542e-06,1.288992447381232e-08,7.390023037230715e-08,5.0397779763816124e-05,4.008423013187437e-06,0.00021286530051666867,1.6298905005879883e-07,5.950239854345105e-07,4.2393866068146583e-07,0.0160557639933894,1.737129499314946e-05
46,1.793590673673314e-06,0.1129386551886879,0.15700643085603358,0.006469014577422216,0.0012626924654271206,9.066291791267542e-08,0.028712507410035674,0.0005484016681857079,0.005793163173553585,0.00014888439953198598,0.0012385580314613158,2.5100119080229877e-06,0.6527879404889017,0.00022702114089827503,1.1361060807956712e-06,4.9877334939984465e-09,3.092595523053129e-07,4.89581061128494e-06,3.907392403432159e-06,0.00012347003703347983,1.88144954934676e-08,3.8039841819683095e-07,1.3248379419711955e-07,0.032725063483054706,3.0175611840129134e-06
47,3.523181198610781e-06,0.15847680204398687,0.19388143072017677,0.003982578069627639,0.0007599354877354428,5.337754269338855e-07,0.09350312002001093,0.00023369084090321495,0.014824617955966407,0.00025620017312236805,0.0020723416445149953,2.5113346028570245e-06,0.5143283227549057,0.0004592323689660188,2.2825568054083464e-06,1.790305967212745e-08,7.419787910735965e-08,7.349322788670701e-06,5.549563039706922e-06,0.00020479282570623434,2.2282232633038532e-08,5.895960181727811e-07,1.411503059983499e-07,0.016989678387416707,4.661843602936808e-06
48,1.7635872169638654e-06,0.18141188730920998,0.08702002037521075,0.005501847860692455,0.0008169553185939507,2.1703465079749792e-07,0.07539722270451385,0.00035282865647569554,0.009881171994546578,0.0003061079428694003,0.0014763468948305889,1.326101990270895e-06,0.6168558414187106,0.000298816696201443,2.4210728788337503e-06,1.1807825813840695e-08,1.2506843225228328e-07,4.023179661680667e-06,7.558788528167283e-06,0.0001241515884797174,2.2934663580047833e-08,4.246463569786014e-07,1.8387689071288566e-07,0.020535291502231892,3.4316383368936935e-06
49,1.217647994864063e-06,0.1003145704879466,0.22676273933243607,0.005758216958293588,0.001452147659883003,7.527632668365093e-07,0.06119553423342503,0.00020727333650881856,0.017530105027124994,0.0002381383237659723,0.002691187915603246,2.3674958726720817e-06,0.5731029190624148,0.0005894513484292291,1.7962283333034055e-06,1.3828436408833908e-08,4.236248105032914e-08,5.046556750631521e-06,4.376591561702677e-06,0.00021410841286825422,2.1751951975294586e-08,3.2804127114423846e-07,1.2995317427316074e-07,0.00992472756763691,2.78711256869006e-06
50,1.394320785613008e-06,0.13079058417722342,0.17499758567159465,0.006369033350400198,0.0010636789460041777,6.702311912935575e-07,0.09875474312096323,0.00021731755482663528,0.02164374731517111,0.00038262955249209423,0.0020724053823232775,1.4039794164171655e-06,0.55154873425761,0.0005370763956013134,2.2578763952577407e-06,1.9072381588882937e-08,3.55319520978919e-08,4.056361288977099e-06,6.160775383199274e-06,0.00018571275719661665,2.3524006197447398e-08,2.920761436032653e-07,1.3678633224099988e-07,0.011416505082302169,3.7959010147528285e-06
51,1.0420213605075427e-06,0.14386081921060057,0.15547698419511966,0.011117584689596165,0.0009801533896774315,4.943721680852408e-07,0.09081945935023134,0.0002690878380493325,0.013591205155647424,0.0003348677025920481,0.002794940389062639,1.3838704629631351e-06,0.5683897803090902,0.0006073583016224925,1.150403543604284e-06,8.218753140838146e-09,3.5158625683533645e-08,8.39798295152051e-06,3.906424778701008e-06,0.0002249726851151142,2.994845444881774e-08,2.9585008660473355e-07,1.343332525013369e-07,0.011513045391702278,2.8628074556274197e-06
52,1.3593209983883568e-06,0.13282010917017628,0.1857268719998115,0.00623652419710686,0.0011607116604071615,8.333800013428294e-07,0.0848763756601937,0.00019892070662424132,0.01881058225278069,0.0002984393515199866,0.0028496059943764764,1.5588741418073307e-06,0.5542575695529666,0.0005457784457795756,2.159331267224866e-06,1.5931573036252305e-08,3.77946864981639e-08,5.715931775336293e-06,4.602708356929245e-06,0.0002166544428376893,2.3277731381840033e-08,3.10261672125028e-07,1.5840187546015125e-07,0.011981807463632987,3.27388770679377e-06
53,1.4371761279104387e-07,0.1062968998360639,0.18186457122541966,0.006232055778664422,0.02953461363372095,5.8094389463992875e-08,0.0005264064768996737,0.00023941558448377075,0.005884440657355427,0.00031715884110810293,0.00016177805016203526,3.465230763821141e-06,0.6627205995180302,0.0004844098379539351,2.035866752695005e-07,6.827068524222794e-10,1.152192542303245e-07,1.0884085319387706e-06,4.2693925622778404e-06,8.531296450504256e-06,2.012258674419712e-08,1.5692450116572576e-07,5.915956212913894e-09,0.005718225714271267,1.366253875526279e-06
54,2.3157810921385068e-06,0.17177048509539602,0.18520528370455505,0.004055323554099032,0.0005730106819252697,8.330290531523526e-07,0.1499707475956304,9.409363922765671e-05,0.02111094875278767,0.00033571560678734595,0.0014432492221366309,1.328665180636566e-06,0.4553520276292939,0.0007869201693364432,3.4992174058479005e-06,3.0021878817518974e-08,2.173652894468981e-08,3.1567659777574987e-06,5.017834356095712e-06,0.0001666530548552385,1.8788238024746924e-08,2.96940104633777e-07,1.529025086940793e-07,0.009111515735020427,7.353876624380057e-06
55,1.4353912847787566e-06,0.09471710810802755,0.2174780863509294,0.004341143431456002,0.0006811093652706367,3.1974876220697133e-07,0.052129235250978824,0.00015924419253102154,0.019291564138159835,0.0001599355610395543,0.0014037323472786056,1.4964817071064968e-06,0.5991545285440196,0.000322736814168605,9.433514398139575e-07,6.11358684913796e-09,2.7262246003896228e-08,3.915693181068048e-06,3.065224645172155e-06,0.00016496470347058726,8.568301387665471e-09,1.7165712208141612e-07,4.864893135474975e-08,0.009982096957738875,3.076093722926743e-06
56,1.2754509188448389e-06,0.1228023943784602,0.18519727595575142,0.005937104998488107,0.001168049672300802,5.355586735646086e-07,0.06954935493463546,0.00020104501096527183,0.016614233762757672,0.00025042510040851454,0.002230073119353534,1.5705766656132614e-06,0.5831677835883792,0.000492436789500115,1.9534222529183333e-06,1.2679961237225086e-08,4.287266489627217e-08,4.192071119544948e-06,4.572883493134564e-06,0.00017199363528325564,2.0025117587702862e-08,2.5591075811373383e-07,1.3052108712503795e-07,0.012200115393666423,3.1516873373579412e-06
57,9.769010866657086e-07,0.08387815763050364,0.24398392599209223,0.005086848035511912,0.001957224665739982,3.542482597629617e-07,0.030177964662196983,0.0002855240554633468,0.021697707393183916,0.0002996915640566979,0.0012236372296258488,2.7747886161814805e-06,0.6014715138617028,0.00043362612413769464,1.4444864109055976e-06,1.1636421785409328e-08,6.411362308914492e-08,2.491777949394568e-06,6.905516470783314e-06,0.00012361898497720828,2.1553893328179568e-08,2.687350601174712e-07,6.162939877527784e-08,0.009362052679148601,3.1317344683623756e-06
58,1.4331787165571547e-06,0.13365056524045246,0.1942377001096928,0.006002237800745351,0.001223379161361283,4.7532785272555275e-07,0.07454296577167711,0.00024175998883705586,0.01579544962593091,0.00026789467924701456,0.002240021642893766,1.5784122733490167e-06,0.5546401559326607,0.00045450167177090367,2.138676186623085e-06,1.3298297580185543e-08,5.5434038979915394e-08,4.571691049235515e-06,4.744192536678018e-06,0.00016442410683271123,2.285702834850789e-08,2.846076121745496e-07,1.4958144075356961e-07,0.01652000694892748,3.4700619374598583e-06
59,1.555586477312524e-06,0.12278543536871941,0.22881610798660726,0.00568068060557292,0.0012017484889079787,4.3182736147178627e-07,0.07402008098041174,0.00024872127801449487,0.015586933876481624,0.00023851346523278812,0.002210321783542637,1.6345454349967128e-06,0.5298854313984874,0.00042217053366006794,1.9908882122632175e-06,1.269545376338055e-08,5.646898407480139e-08,4.634069313802033e-06,4.239520197256213e-06,0.00016459567077436617,2.1564195285459645e-08,2.63077524998001e-07,1.3741655767535144e-07,0.018720821272963196,3.459630911159988e-06
60,1.3275133260863053e-06,0.12977569740571734,0.20076263375709835,0.006393568375057634,0.0012427096280062978,5.989422979044631e-07,0.07742839160739107,0.00022557103215213253,0.018868265674733802,0.00028097984623320834,0.002475351548008262,1.609440342967163e-06,0.5488367363676043,0.0005145397393325839,2.2309992514810815e-06,1.450431549150074e-08,4.439662572772366e-08,4.416694801075903e-06,5.101038139076627e-06,0.00018707712015916288,2.3305822009324125e-08,2.8107268104124023e-07,1.416678682346174e-07,0.012989117460965448,3.570862069297498e-06
61,1.4349082019392253e-06,0.12075582478691706,0.23235884565749493,0.005641058189067117,0.0012366222785518252,4.5347742398195717e-07,0.07021935999588133,0.00022822093172844988,0.016689201048028447,0.00023335867021780318,0.0022125646874272503,1.6337765041077553e-06,0.533659826808493,0.0004450757323508734,1.9912475535416713e-06,1.2532634872566024e-08,5.048523951080858e-08,4.211489730000702e-06,4.379149239155848e-06,0.00016343213962364918,2.0825222435649785e-08,2.4973882887844373e-07,1.2603786956294446e-07,0.016138623844162016,3.421561608133778e-06
62,1.3275133260863053e-06,0.12977569740571734,0.20076263375709835,0.006393568375057634,0.0012427096280062978,5.989422979044631e-07,0.07742839160739107,0.00022557103215213253,0.018868265674733802,0.00028097984623320834,0.002475351548008262,1.609440342967163e-06,0.5488367363676043,0.0005145397393325839,2.2309992514810815e-06,1.450431549150074e-08,4.439662572772366e-08,4.416694801075903e-06,5.101038139076627e-06,0.00018707712015916288,2.3305822009324125e-08,2.8107268104124023e-07,1.416678682346174e-07,0.012989117460965448,3.570862069297498e-06
63,1.4052171762622054e-06,0.1467704865910777,0.1879977132705198,0.006019876567730394,0.0011398526490539985,5.646858254598193e-07,0.07697733024753962,0.00021672266687086962,0.01847459185531956,0.00027389423509060514,0.002456307772444573,1.5098561179828662e-06,0.5454685101170802,0.0004893505844770949,2.320486361779033e-06,1.3273651388988835e-08,4.655883363911012e-08,4.58278889124063e-06,5.066372670107128e-06,0.00017827271629846162,2.2834715109925296e-08,2.9860103324439174e-07,1.3855739284278164e-07,0.013517428051183927,3.6934426441680443e-06
64,1.4401108818779716e-06,0.14760644382877242,0.22304785528621718,0.007517084224426779,0.0015330789900093351,6.804825045298719e-07,0.08169030873990109,0.00029810521397046505,0.02138170033326336,0.0003541696781323473,0.00293645985917899,1.8500426048644327e-06,0.4976116294764718,0.0005620911515953589,2.8587038677849022e-06,1.79267727442151e-08,5.755293132979565e-08,5.18811285849819e-06,6.68340072663151e-06,0.00020135440744093754,3.8284509133446025e-08,3.4559589330796594e-07,1.6586950995498937e-07,0.015236035975880958,4.356751678259985e-06
65,9.360419708117645e-07,0.08775885499647335,0.2494559617917963,0.01312994235317879,0.004310413815324546,4.0678024781559525e-06,0.05544219255256401,0.00017184648908955235,0.010560403012632825,0.0005485127023403074,0.004754794816426187,5.312422576702257e-06,0.5653182192902122,0.0019328698475562002,1.3182775595534856e-06,4.569337510255247e-08,3.246425816726557e-08,1.5775327594168586e-05,4.6924493674507505e-06,0.0004074531188870666,7.217943244323145e-08,4.2769100427785855e-07,3.5944207284870567e-07,0.006172372602037893,3.122819791232909e-06
66,1.4093685976943495e-06,0.14865292308792144,0.20397862214680715,0.006313066611164025,0.0012874710303769344,5.480992780873262e-07,0.07762112639032849,0.00022889524473642704,0.017270677794171865,0.0002546966494806974,0.0026910493294209593,1.5903742654832346e-06,0.5255087877062258,0.0005235148978634231,2.5277238321696476e-06,1.3009949308643818e-08,5.281276393506081e-08,4.765425869371619e-06,4.847128366205339e-06,0.0001717408752597562,2.499004607228747e-08,3.06748723089409e-07,1.6063017009298755e-07,0.015477355822091088,3.8261022902996304e-06
67,1.3202678765866675e-06,0.11772412251275792,0.20089338902503664,0.006336489334814333,0.0011602181569869679,6.829056360686823e-07,0.08252858470287797,0.00018687493976525193,0.015770553736806962,0.0002460927209087526,0.002547549491517751,1.718614861859937e-06,0.5599746400968137,0.000588516197867877,2.2260290063184466e-06,1.6922872099951156e-08,4.005203853744076e-08,4.542727271754547e-06,4.348264328717084e-06,0.00021466397505349492,2.1789838105532632e-08,2.6806806751685397e-07,1.7711328187566392e-07,0.01180944044122394,3.5019124889667347e-06
68,1.7539447853602459e-06,0.16318501701863236,0.18010005655989733,0.007760312294818576,0.0010240794835724648,1.0572849096375746e-06,0.10295251556480907,0.00024848521814257725,0.014696085654202122,0.00031776523967278137,0.003934512865417539,1.8231777734109972e-06,0.5083808621535808,0.0005447825934284342,2.341485772606172e-06,1.9730789250808873e-08,5.43946639568854e-08,1.1428879592775187e-05,4.123060888388446e-06,0.0003646139950641201,3.233329427364662e-08,4.661642169965023e-07,2.8641483167805293e-07,0.016463251190643312,4.273296600195134e-06
69,1.3511939362120923e-06,0.11582114110336389,0.22348870690791053,0.008224592783848109,0.0009129844217652828,3.962607111596269e-07,0.07793986434613588,0.00032774680444544425,0.018683875777682497,0.0003272312298995124,0.0017757450192612896,1.3659244819646457e-06,0.5339542340734631,0.0003319205395099682,1.7050568311509489e-06,1.575050107471594e-08,5.0519605875105004e-08,4.512621567965532e-06,4.64440376969773e-06,0.00027022367277290064,2.2304110454621523e-08,2.056781372716777e-07,1.3228225187816062e-07,0.017922457945481217,4.873378555717193e-06
70,1.4506347222438096e-06,0.16283700890050926,0.17773304226800168,0.007208017295352614,0.001340756338066983,5.737160189193489e-07,0.08958926551281918,0.0004022310573693993,0.0238158350699223,0.0003899626467594149,0.0031007871209487617,1.4754068675803464e-06,0.5140021774720366,0.00037442336975622355,2.966303348170776e-06,1.5730596573385518e-08,6.770726835724486e-08,5.163144832266654e-06,7.749716072273171e-06,0.00020033942222561497,3.27798771190751e-08,3.613651488443649e-07,1.6320155597765274e-07,0.018982213285498963,3.920534424589704e-06
71,2.532830578812626e-06,0.0790348214498185,0.15190611241057558,0.0075653693306341205,0.00042920128713587854,3.4985546376717425e-07,0.1756315675739043,0.00033101893871729507,0.008735610348328158,0.00013118937826967733,0.00328018870392165,1.7915066215700817e-06,0.5556381868579775,0.0003771445429908229,1.632867077114405e-06,1.6901075664889706e-08,5.895138614525672e-08,7.3450107733439004e-06,4.205711783841229e-06,0.0004207824228007844,1.773620806635476e-08,2.693185593923216e-07,2.901062121163311e-07,0.0164976754320416,2.6205271444952207e-06
72,1.1336368671877114e-06,0.11008055321653061,0.2603584108265896,0.005351236793288676,0.001371284970802389,6.803765045530182e-07,0.0635278245447737,0.0001408202949756001,0.024241451806754768,0.00023295534059857725,0.002010485652943901,1.61667963362803e-06,0.522879063785239,0.0006549001035909503,2.348756163732682e-06,1.4298925797536663e-08,2.756178265325068e-08,2.7182943423127533e-06,4.354176431921946e-06,0.00014847263966021404,1.7827695348643673e-08,2.0457345902218767e-07,1.0749682987514104e-07,0.008985173993747965,4.142351867987444e-06
