,0,1,2,3,4,5,6,7,8,9,10,11,12,13,14,15,16,17,18,19,20,21,22,23,24
0,0.0014744334167810756,0.005220943581983668,5.8605352945796686e-05,1.7488223910290872e-06,2.66453622115273e-07,3.600448438935708e-05,0.0054093278567580155,0.3079732550914388,0.001107521941546774,0.0005847544819508851,0.010317396729659069,0.003960115095423776,0.00047656495501114104,0.006436980600353236,0.008892412403847335,0.003757298636636633,0.00013790263309742466,6.479028643416117e-05,0.04416081918524449,2.9583552038603684e-07,0.0006232690856041629,0.5904866182334128,4.358253338999223e-08,4.7622474326359015e-08,0.008818583630940218
1,0.0020113982950121074,0.005879520284264759,9.535224920512003e-05,2.9823190001455797e-06,3.802958617840852e-07,3.5493997298851616e-05,0.009592549148630393,0.41384736079064877,0.0008702533987771337,0.0005966403134078434,0.009908252510954244,0.005418570479578513,0.000690621886196349,0.00489747492930378,0.008160140596278597,0.00820049277285792,0.00026680246848646106,0.0001071885333406686,0.06902811638754444,3.7420443966393255e-07,0.001041395141021791,0.4511270921767723,6.28159942648728e-08,7.467895203924698e-08,0.008221409326171972
2,0.0017642209275624727,0.006401999415207321,7.616592021916203e-05,2.60316227228393e-06,4.737115256120208e-07,2.496754268721615e-05,0.006769892806701248,0.4034155573019832,0.0007457055456327778,0.0004361028156940836,0.012631139533146669,0.006505759788153141,0.00048493123674553206,0.007106263490086533,0.009629473296858477,0.005063991583553137,0.0002684145331709124,7.198172288743664e-05,0.039113998652289594,3.284897843443341e-07,0.0008021137088107707,0.4886575358374868,5.120833312838624e-08,5.5863998431851485e-08,0.010026271905209737
3,0.0023729094731973106,0.006392353810078415,7.062613558801975e-05,2.8227455916736025e-06,3.8965044984164205e-07,2.6146195917969456e-05,0.007857382735919523,0.38719577294486496,0.0005965146540501034,0.00034272857657888483,0.012916698825892416,0.006689813280652249,0.0005926236569196642,0.004511933283275496,0.0076343329508549804,0.004907831984979065,0.0002927836556546499,7.820049940993392e-05,0.04573548037874677,2.3851687615819144e-07,0.0007899250928431582,0.5038045722197204,4.7543401310933423e-08,5.189483888375835e-08,0.007187819293698153
4,0.002434852434326533,0.006827901141001438,7.836416043953008e-05,2.989596102486647e-06,4.280573759313213e-07,2.281811599623162e-05,0.008406167442041687,0.3833209432076732,0.000645745332612596,0.0003515450191005748,0.012973410033590328,0.006712911545880596,0.0007164656106511248,0.005374199739612077,0.006594450579983587,0.004507469454194341,0.00028153682967791354,8.985245117409607e-05,0.04614667545667387,2.7278415766421584e-07,0.0009322765169025248,0.5067060031348758,4.8936677956206583e-08,5.975494880777091e-08,0.006872612664329175
5,0.002769412046375101,0.006928258327630476,9.095313629606526e-05,4.0032821483971715e-06,4.93181502514672e-07,3.0435770497922123e-05,0.00854235961259135,0.41280717519752963,0.0006804798697152871,0.0004477359841381971,0.013656039597258734,0.0063481563362084645,0.00074581630788379,0.005431665556064217,0.006892044708237969,0.005127448195168497,0.0003274182343512747,0.00012679842717194562,0.0522843308071129,3.2639856208003745e-07,0.0010234027726964002,0.46929491738993107,6.90678126596751e-08,6.929715032142986e-08,0.006440190495964719
6,0.0023729094731973106,0.006392353810078415,7.062613558801975e-05,2.8227455916736025e-06,3.8965044984164205e-07,2.6146195917969456e-05,0.007857382735919523,0.38719577294486496,0.0005965146540501034,0.00034272857657888483,0.012916698825892416,0.006689813280652249,0.0005926236569196642,0.004511933283275496,0.0076343329508549804,0.004907831984979065,0.0002927836556546499,7.820049940993392e-05,0.04573548037874677,2.3851687615819144e-07,0.0007899250928431582,0.5038045722197204,4.7543401310933423e-08,5.189483888375835e-08,0.007187819293698153
7,0.0032449208289043506,0.0058131412554322205,7.664560682967662e-05,2.769415469203165e-06,3.5068042960897305e-07,2.2990949326805427e-05,0.008350666962862983,0.3857618033374493,0.0004920620882739449,0.0002853347195875281,0.014577124626181711,0.005940717904451841,0.0008163861453496531,0.0034767623998560497,0.006206330131562506,0.004060093301174303,0.000267544765776603,8.84410020697759e-05,0.04630871718617916,2.2395267635687217e-07,0.0008138952446160767,0.5083784626760237,3.890740511781181e-08,4.6569354348370806e-08,0.005014529342757129
8,0.004353596016394469,0.011039818313093273,0.00023171424821831615,4.7071780534249856e-06,6.111402529975054e-07,3.204245899171792e-05,0.004817619832949964,0.3965518416701155,0.0009336112447670317,0.00085089670169103,0.012461620323956825,0.01006547649440463,0.0006605218380363185,0.009796756702041104,0.010661588056083264,0.009075442631579009,0.0005945794262165422,8.341203502215795e-05,0.028710069203870772,4.3969715498760807e-07,0.0008043415867494062,0.4795102415553596,1.0948620104678987e-07,1.6307921528559326e-07,0.01875877907958143
9,0.0017822127118561377,0.01177106154454379,0.0002019401390693898,3.807064142993645e-06,4.1936287327430406e-07,2.595005786449161e-05,0.004040269188207921,0.4503410458575799,0.0010003745053287286,0.0015590437542884735,0.008044165592432548,0.0061560923118938625,0.0005894428640603305,0.01435773053753391,0.008672443912360444,0.01086961540428496,0.0004107912854152226,9.585159573743996e-05,0.03960157572541214,6.306040913091461e-07,0.000998155219882736,0.4222978444607526,8.810368488400075e-08,1.3505531624934868e-07,0.017179313141386304
10,0.0023729094731973106,0.006392353810078415,7.062613558801975e-05,2.8227455916736025e-06,3.8965044984164205e-07,2.6146195917969456e-05,0.007857382735919523,0.38719577294486496,0.0005965146540501034,0.00034272857657888483,0.012916698825892416,0.006689813280652249,0.0005926236569196642,0.004511933283275496,0.0076343329508549804,0.004907831984979065,0.0002927836556546499,7.820049940993392e-05,0.04573548037874677,2.3851687615819144e-07,0.0007899250928431582,0.5038045722197204,4.7543401310933423e-08,5.189483888375835e-08,0.007187819293698153
11,0.0025463624476860834,0.006406235433962033,7.415235271109334e-05,3.010540151577037e-06,4.145931980660562e-07,2.492211547202879e-05,0.008530043876310768,0.3761840044129172,0.0006044186933503849,0.00032649440612593804,0.01318129484428718,0.0069854085660514325,0.0007030948953892436,0.004435324302407942,0.007326763083068007,0.004994445089274843,0.00029509697968997027,8.349055812524798e-05,0.0475681973365824,2.6254264864704433e-07,0.0008473027127924132,0.5119655790326333,4.858335598242273e-08,6.000340065570632e-08,0.006913572598407627
12,0.0030323595543279894,0.008126026760720948,0.00017528366819508022,2.3122015089817074e-06,1.80569373893832e-06,3.357999387462365e-05,0.008383460725836534,0.3597146645940532,0.0011593146737647055,0.00046804475698113216,0.025040396409004188,0.011931368033313726,0.0005423336418249773,0.014303465790564358,0.007870825413225715,0.004863880897322287,0.0005848048902414071,9.066610316037177e-05,0.021073462209601258,5.877603016469483e-07,0.0015224770491169166,0.5101497360733797,1.0287284491294852e-07,1.4295000323206072e-07,0.02092889728309326
13,0.0017572207717925139,0.004605029883076778,4.322974994008254e-05,8.763470500391106e-07,3.5529597506881594e-07,6.90425027655502e-06,0.0036465657730313807,0.36383817395096724,0.0002846943366765308,9.964058219921141e-05,0.02682582521232333,0.009631855501781843,0.0003392162567382286,0.00661005484053378,0.0057014167433576644,0.0016093548959826163,0.00020864927197502232,3.163804722239792e-05,0.015244484778713714,1.33434785754659e-07,0.0005962157253191905,0.5505831651573097,1.3665310496682888e-08,2.2392405622531434e-08,0.008335263135255297
14,0.0014758969228289987,0.029430917408301442,5.770626041047316e-05,8.173902313312917e-06,1.5536149367023856e-06,1.1493821736667706e-05,0.006834466877498556,0.2954236025205089,0.0003223534925891615,0.0005963024235931656,0.02689863052111039,0.002685581727077074,0.0012672872624142017,0.008386897210604028,0.0033131865675322916,0.0015829760712065888,0.000537861834810391,0.00022212940447800916,0.1607014412962451,2.679955578881241e-07,0.004220149838946165,0.4538541584976868,5.4280808460716116e-08,5.5063774930592526e-08,0.0021668551830301606
15,0.0023729094731973106,0.006392353810078415,7.062613558801975e-05,2.8227455916736025e-06,3.8965044984164205e-07,2.6146195917969456e-05,0.007857382735919523,0.38719577294486496,0.0005965146540501034,0.00034272857657888483,0.012916698825892416,0.006689813280652249,0.0005926236569196642,0.004511933283275496,0.0076343329508549804,0.004907831984979065,0.0002927836556546499,7.820049940993392e-05,0.04573548037874677,2.3851687615819144e-07,0.0007899250928431582,0.5038045722197204,4.7543401310933423e-08,5.189483888375835e-08,0.007187819293698153
16,0.002588050347955498,0.007252782405345949,9.849328772006539e-05,3.4440246824216483e-06,5.002055194946987e-07,3.5997383027380986e-05,0.00959748621356954,0.39827915710096684,0.0007837761583901945,0.0004733201517431269,0.012860815819982711,0.006562929568723106,0.0007345456180394941,0.004754019284906408,0.00790202957828622,0.0065875588504891,0.0003411349191399346,9.552360599326246e-05,0.05201249821601819,3.53471554846445e-07,0.0009703318918389719,0.4799067282310116,6.82811465145118e-08,8.113070043213937e-08,0.008158374253248947
17,0.003061958937973518,0.00592264091421643,7.492469726945518e-05,2.41458063171757e-06,6.125381468444354e-07,1.8383590516075383e-05,0.010986912271496884,0.37180924165600876,0.0006157290338319691,0.0001895649327302903,0.018046738982399477,0.009179337376190021,0.0007266913443281377,0.006006021299824754,0.004351798769404827,0.0028331496802881657,0.00030989218212482844,9.463519544978258e-05,0.032792940733662554,2.1934556339579792e-07,0.0012012938219445473,0.5254208803552042,4.7601885490492624e-08,5.8799164872660156e-08,0.00635391135974297
18,0.004398110146839781,0.004673590174044114,4.0835674849701726e-05,6.324636543029268e-06,4.633725180946856e-07,3.3033757253199206e-05,0.0056693363808751,0.3689932021966087,0.0004994649758883475,0.00027528778903758867,0.013556418863017424,0.002057021488919472,0.0009108539891928111,0.001367889988936609,0.004679820048363302,0.0016609855601394275,0.00014624944092640846,0.00011666905275274432,0.050575256445352136,1.6154379452099927e-07,0.00039449322223839917,0.5387685847089644,3.36526512193102e-08,2.783004284857745e-08,0.0011758850602505994
19,0.0019879062433375474,0.0074041958398305754,6.543328642392434e-05,3.704403608084095e-06,4.4237984613385587e-07,3.2327006024917995e-05,0.007973265747699111,0.3591899132784935,0.0007279251444889797,0.0004292068139200326,0.010470914235344618,0.006738899102088222,0.0005814286533704536,0.004574037558969261,0.008824289842566535,0.005296522650671211,0.000285058347004058,6.94575628846699e-05,0.04736116200293786,2.59963832462013e-07,0.0006478465449409074,0.5299220061961065,5.136346942913523e-08,5.669006362233675e-08,0.007413689142077409
20,0.003610642965729479,0.007322912730485812,0.00012525198783439176,3.6197073730156733e-06,5.72758369957302e-07,3.77695327820559e-05,0.011604426363538058,0.4343883329812686,0.0007046784849749555,0.00041213279549093604,0.015902909747011577,0.010737581749942748,0.000667057654814143,0.004944834245018298,0.008795984899607307,0.00904660380841215,0.0005287389378734428,0.00011677124543568696,0.05337352867010973,3.0800124281046014e-07,0.0011295073947234495,0.4252397431776063,8.972828997466892e-08,9.366542951732878e-08,0.011305906766635631
21,0.003967272679996862,0.007504205357156225,0.00017094157201870552,2.9805796206189004e-06,4.867443694975915e-07,1.6969833168339167e-05,0.009019049281960496,0.4746649431972235,0.0005635247566898872,0.00037436535776410543,0.015015846961580136,0.011418080678599783,0.0008921011338550267,0.008091128059008875,0.004916512206441081,0.007459322284879405,0.0005004004276598647,0.00014556864335743785,0.03597862130144298,3.723520349396089e-07,0.0014339149827120833,0.40802742297016864,6.691642537306708e-08,9.907630655071375e-08,0.009835802645559555
22,0.0029722912837656106,0.005435929881511792,8.602188969109587e-05,2.223090930542058e-06,2.7473060390381363e-07,2.0605458652180617e-05,0.004800988922696738,0.47246444106907887,0.00031586262792949245,0.000379590229959155,0.013325311614716655,0.004396985474567157,0.0005376726426831076,0.004159528731016243,0.004171661997551125,0.0037603077579913603,0.0003721162254542085,0.00011056282585625108,0.03709975396651264,2.0552401238630478e-07,0.0009344409755955446,0.44047928005769393,4.3601785238438573e-08,3.1762101434317996e-08,0.004173867657643377
23,0.0023729094731973106,0.006392353810078415,7.062613558801975e-05,2.8227455916736025e-06,3.8965044984164205e-07,2.6146195917969456e-05,0.007857382735919523,0.38719577294486496,0.0005965146540501034,0.00034272857657888483,0.012916698825892416,0.006689813280652249,0.0005926236569196642,0.004511933283275496,0.0076343329508549804,0.004907831984979065,0.0002927836556546499,7.820049940993392e-05,0.04573548037874677,2.3851687615819144e-07,0.0007899250928431582,0.5038045722197204,4.7543401310933423e-08,5.189483888375835e-08,0.007187819293698153
24,0.0017132564338418056,0.009483615541798846,5.2569984513915803e-05,4.543008461287107e-06,3.5226217903724745e-07,2.1315655043526103e-05,0.006327484574799276,0.38389866510581405,0.0005191768599555217,0.00043923999090105296,0.009829942177913137,0.005269707569591099,0.0005617045186014661,0.005026230883402165,0.0070120808607295184,0.004198091242437603,0.0002925346900885812,8.628321207939287e-05,0.06174203396496619,1.984237604560218e-07,0.0007626704796899131,0.4974648977952245,4.7973292150190683e-08,4.432335251509013e-08,0.005293312467563097
25,0.0021736105497188714,0.013323103822039929,8.724242752254428e-05,4.514562645400147e-06,2.9991197106369073e-07,5.282748706463515e-05,0.0064115234367685585,0.19987356673309406,0.0011365347662495439,0.0009907264843523054,0.006441754610345639,0.0057278361124785135,0.0006503967115184099,0.004115338433481527,0.023066418161406685,0.012263756903216691,0.00038315402396661144,4.387517361425399e-05,0.08311539958554791,2.9289561396368585e-07,0.0005065162913957129,0.6237846803385637,7.790894650965325e-08,1.1368448186203419e-07,0.015846438983995192
26,0.006405329287065736,0.008647910038272233,0.00027227252702717933,6.100377014605657e-06,1.1275784320743277e-06,5.839559117961694e-05,0.012257774485328275,0.3987829214798028,0.0017722033137121912,0.0007988531118892889,0.017513306984340643,0.009285219343415677,0.0012023017341998852,0.009152641183459079,0.0076815070171543254,0.008396122534944614,0.0005212539846624506,0.00023832189446028272,0.04943587394634996,7.102649463555339e-07,0.0016745816004814255,0.45337799530203726,2.0974757882439608e-07,2.77917658329364e-07,0.012516788754586908
27,0.0016294720612487787,0.004743495080478439,3.576842780895157e-05,2.5442771822693988e-06,2.805937823246437e-07,3.1094366816809563e-05,0.005451220791371705,0.31481961882083875,0.0007525788147373573,0.0003090476584007788,0.00879045358310725,0.004691276309733445,0.00039601396103242494,0.0030943548982345923,0.009038391119334025,0.0033651584860033114,0.00014300220147805864,4.4894576205888796e-05,0.040067368976604026,1.6317961961206733e-07,0.00036035709852343193,0.5964336769054049,3.1868496609440395e-08,3.606067208450267e-08,0.005799699882884013
28,0.0023729094731973106,0.006392353810078415,7.062613558801975e-05,2.8227455916736025e-06,3.8965044984164205e-07,2.6146195917969456e-05,0.007857382735919523,0.38719577294486496,0.0005965146540501034,0.00034272857657888483,0.012916698825892416,0.006689813280652249,0.0005926236569196642,0.004511933283275496,0.0076343329508549804,0.004907831984979065,0.0002927836556546499,7.820049940993392e-05,0.04573548037874677,2.3851687615819144e-07,0.0007899250928431582,0.5038045722197204,4.7543401310933423e-08,5.189483888375835e-08,0.007187819293698153
29,0.0023729094731973106,0.006392353810078415,7.062613558801975e-05,2.8227455916736025e-06,3.8965044984164205e-07,2.6146195917969456e-05,0.007857382735919523,0.38719577294486496,0.0005965146540501034,0.00034272857657888483,0.012916698825892416,0.006689813280652249,0.0005926236569196642,0.004511933283275496,0.0076343329508549804,0.004907831984979065,0.0002927836556546499,7.820049940993392e-05,0.04573548037874677,2.3851687615819144e-07,0.0007899250928431582,0.5038045722197204,4.7543401310933423e-08,5.189483888375835e-08,0.007187819293698153
30,0.0023729094731973106,0.006392353810078415,7.062613558801975e-05,2.8227455916736025e-06,3.8965044984164205e-07,2.6146195917969456e-05,0.007857382735919523,0.38719577294486496,0.0005965146540501034,0.00034272857657888483,0.012916698825892416,0.006689813280652249,0.0005926236569196642,0.004511933283275496,0.0076343329508549804,0.004907831984979065,0.0002927836556546499,7.820049940993392e-05,0.04573548037874677,2.3851687615819144e-07,0.0007899250928431582,0.5038045722197204,4.7543401310933423e-08,5.189483888375835e-08,0.007187819293698153
31,0.0017976608282406735,0.006610001285354755,5.088700269567228e-05,3.3665458604997793e-06,5.760255457677069e-07,3.528504489711662e-05,0.008919567363138776,0.27851914142969814,0.0008787889992221155,0.00035086118070877265,0.014390109382377371,0.006801729062513385,0.0005719106800414974,0.004922804522476923,0.01228923159492408,0.004050779787078264,0.00024963065101320947,6.190678500950251e-05,0.056393905419565786,2.556260020218861e-07,0.0007193628284661525,0.5936396999467782,5.2771326750068647e-08,6.066085035734958e-08,0.008742424576214257
32,0.0022154094154428813,0.0063457736982617755,6.483926755916636e-05,2.9404408145506174e-06,3.7932152610869276e-07,2.698423622788468e-05,0.00821873993056707,0.37082222914716995,0.0005801037274286916,0.00034429572854894713,0.012438030495329665,0.006253798467903963,0.0006086955747926333,0.00404145545099558,0.008289453194897194,0.005212415370323806,0.0002943447093789415,7.749189842070546e-05,0.05581516840714303,2.367514254808131e-07,0.000832666363746688,0.5105599780709713,4.863056605671002e-08,5.315499590477296e-08,0.006954468545562085
33,0.0031162056714354276,0.005550355214980919,3.784793108900919e-05,2.668431389165269e-06,2.33560305371528e-07,8.762136406954466e-06,0.00889003808356306,0.4131686850440844,0.00015017308878107402,7.674711329859143e-05,0.015216894400438597,0.01163496385805378,0.0008617043643551903,0.0017396163867903739,0.0024508192352349243,0.0038178582494378,0.00041536413938516247,7.704319982406019e-05,0.03622082590389077,1.0518943330625911e-07,0.0006781762155343828,0.49338180040083224,1.958072425158681e-08,3.256846954493304e-08,0.0025030600322616314
34,0.004842577793219901,0.004483336154040446,7.670787663985036e-05,2.803848415809682e-06,4.381454103716617e-07,2.3639260030009394e-05,0.008952940105315443,0.3739460847512975,0.0005506239705948566,0.0002120585267127666,0.01848678540613017,0.00586434079586334,0.0008176613172789338,0.0029282413060390173,0.007186286319319053,0.0034170603147780938,0.00023780416051227281,0.00010063510769055075,0.05047120988247714,1.8549978871036973e-07,0.0008974420500254414,0.511718131021633,4.180403752543102e-08,5.138137685933617e-08,0.004782913201373072
35,0.0024145040101652606,0.006138822064508635,6.845799403216172e-05,2.7491137114273666e-06,3.6226240295084244e-07,2.5746576633049354e-05,0.0076653093901644445,0.3918426667216155,0.0005749723825450426,0.00033234819544792986,0.012499568088459354,0.006593802368750626,0.0005840388635221374,0.004224463428446806,0.007226037628971168,0.0048934844766331,0.00028373243081973283,7.86469543302722e-05,0.045026802576026814,2.2580009273895145e-07,0.0007528033461966498,0.5020042224555151,4.521564685584341e-08,4.945127748269609e-08,0.006766138204084817
36,0.0024154133294265554,0.0064474710731914735,7.206626512035934e-05,2.858751718065332e-06,4.039340369593906e-07,2.64890818556225e-05,0.008010359137866475,0.38596369685605586,0.0006052506503648629,0.00034295758315934543,0.013260378994853743,0.006768784395219737,0.0006020484137633085,0.004561910162014495,0.007734094934093164,0.004913106431255963,0.00029674428474914114,7.91556625833773e-05,0.04620056076992156,2.423478244171926e-07,0.0008116973243535321,0.5035674807084781,4.876285647251545e-08,5.3570631006777265e-08,0.007316726574606209
37,0.0021676251302383052,0.006320658843252814,6.427333853537844e-05,2.730875890553106e-06,3.6619761038154297e-07,2.6400530182484054e-05,0.0074117665568635615,0.3844564582884535,0.0005766606477274513,0.00034249788940152474,0.012459410983402945,0.006362141889520264,0.0005479351966139824,0.004303163759180138,0.007936647940389138,0.004819120010742439,0.0002807986425778976,7.162554077905282e-05,0.04581801859867036,2.2695557445455928e-07,0.0007315526432570722,0.5082243879047122,4.479834824657987e-08,4.721487194940027e-08,0.007075439623203974
38,0.00174547685706267,0.010251000221178683,6.459615161582558e-05,2.0244410155446607e-06,7.287380587061024e-07,9.860221538848585e-06,0.0031251920286668737,0.35877759766384953,0.0006092021527132925,0.0002731233241722483,0.019436055821510482,0.008090019477622048,0.0003518619676295033,0.013650025371441565,0.004922216151325615,0.0015060054416802281,0.00024385334189783674,4.387684122832816e-05,0.014993956830530454,1.7847759854251498e-07,0.0006628328829526507,0.5514068717633331,2.7924892541544518e-08,3.9991219266520304e-08,0.009833375915265589
39,0.0019419660719909929,0.0024642781636224935,4.838806388410183e-05,1.3607787341120922e-06,1.6163182363170475e-07,2.5637569353760022e-05,0.008885835672019657,0.5397628293833767,0.00025381463549373114,0.00015906481566721727,0.009305065524915482,0.006543172435577162,0.00039467478197079505,0.0015763936084438478,0.003970604493842767,0.0064868460507340586,0.00025142097278122897,6.106770109445304e-05,0.03445032098372159,1.440975132444112e-07,0.0006353052637082673,0.3785262780023021,2.8858378954637214e-08,2.559268384515965e-08,0.004255314846365811
40,0.0007994839625682011,0.005360299958306757,3.993364908856761e-05,5.164307875769131e-06,2.268564641164487e-07,2.7373812102115814e-05,0.007020005279371225,0.5224410270818578,0.0004903628971895901,0.0008333783094481143,0.006018934649681137,0.0020761431394536746,0.00044402767951072383,0.0036836118047120143,0.005442131793152319,0.008301853087754048,0.00022934724534341835,0.00021260197466906893,0.1632176692224642,2.929779468566477e-07,0.001258042769989046,0.2688504372089181,8.2978521867747e-08,4.971218186669871e-08,0.003247517641429396
41,0.003159142220214161,0.0056922510434178905,5.9794558674553766e-05,6.924959336033778e-06,9.025257402554277e-07,6.546506452181183e-05,0.0066650693560225205,0.36626603011925085,0.001215365141748383,0.00043779372280646015,0.014927174314298816,0.006815126731177956,0.00037671529031093557,0.0031685471842462284,0.023965269994619353,0.004310816029581758,0.00021805462385413033,5.797216763777645e-05,0.045219496678427576,2.07391183704492e-07,0.00030775103408105416,0.5085200350571625,6.660787133319571e-08,5.795836483497513e-08,0.008543970225449057
42,0.0010404501977066183,0.0036123503529942986,1.886810220178124e-05,1.486056642789329e-06,1.3507114920140436e-07,1.9586239911974068e-05,0.004450749192609862,0.29357201926179566,0.0002745328414087452,0.00018660824778675764,0.0062147990322600774,0.003265245907896611,0.00037618826988425303,0.0011602801485366386,0.005881338622281465,0.0038432116312754135,0.00014889796231334988,2.7186169374449928e-05,0.04559187164148806,1.0681801429788543e-07,0.00028680667788886865,0.6271493501641188,1.2870581018436976e-08,1.6783399053494214e-08,0.0028779017364798233
43,0.0011886033920118309,0.004601993365010382,5.63595698053608e-05,2.3966324452018343e-06,2.680749755073069e-07,4.960182936261049e-05,0.004736354575417272,0.39051707648122835,0.0007413467760192728,0.0008327655962417743,0.007192343311461581,0.0023350726191036226,0.00040833381756497875,0.003619757746367042,0.00927718595739416,0.004994401894965705,0.00016389287029847918,6.109429162872815e-05,0.05569166956764463,3.0104923537727037e-07,0.0006313401869005202,0.5075930306863057,4.4114229315744466e-08,3.590044553559058e-08,0.005304729693937112
44,0.0023729094731973106,0.006392353810078415,7.062613558801975e-05,2.8227455916736025e-06,3.8965044984164205e-07,2.6146195917969456e-05,0.007857382735919523,0.38719577294486496,0.0005965146540501034,0.00034272857657888483,0.012916698825892416,0.006689813280652249,0.0005926236569196642,0.004511933283275496,0.0076343329508549804,0.004907831984979065,0.0002927836556546499,7.820049940993392e-05,0.04573548037874677,2.3851687615819144e-07,0.0007899250928431582,0.5038045722197204,4.7543401310933423e-08,5.189483888375835e-08,0.007187819293698153
45,0.0019210112660932395,0.003967199411034327,3.91024452098391e-05,3.6062590498879854e-06,4.0166388929957706e-07,3.9797149323881594e-05,0.011989872932651316,0.3645200101237114,0.0006765753710787768,0.00023874187326397355,0.011029173366645604,0.006017855497454553,0.0005797673304448565,0.00201184822756472,0.012376398615090163,0.005388603574792092,0.00018455432814056306,5.929524515679743e-05,0.062394727417583264,2.18923504944317e-07,0.00047105657546701353,0.5108525595022914,3.914542458009145e-08,4.2836595141873395e-08,0.005237540918538551
46,0.0035456984691441917,0.0064125107079156,3.4133095056771767e-05,2.6777951993287602e-06,2.138084025627425e-07,1.5698177081418256e-05,0.0053493713012317074,0.3081882500555312,0.00011548606332488009,9.532046278286704e-05,0.01105188175410338,0.011064447168082968,0.00044918369455837205,0.0010074901222122455,0.0062305514248784674,0.005823437175441362,0.0008101986812645429,3.1016780870400956e-05,0.029667859437471068,7.765044845317943e-08,0.00030530315609143284,0.6052729751549973,2.582454803629372e-08,2.60889241265835e-08,0.004526165950437345
47,0.0024754487220997796,0.006765158003790282,5.655419639325525e-05,2.221080480007404e-06,2.6752531285494863e-07,2.018308497457218e-05,0.007081395819462097,0.3397491579394529,0.0004503633705211422,0.0002537077420519642,0.01065746694769657,0.007608525537990815,0.0006111619899371282,0.0030735307521193825,0.006411571429410448,0.005197028693079185,0.00028888504548169356,5.515954010694863e-05,0.038542687724702714,1.774538477698655e-07,0.0005384339288470977,0.563775556940047,3.0206479983429005e-08,4.36481131320831e-08,0.006385282677601319
48,0.0014559928603327492,0.011086425038162035,3.255518861181719e-05,3.6949526340989852e-06,1.3200187308272223e-07,1.4461027822534704e-05,0.004255203418925518,0.39653948879708695,0.0001992951850706917,0.00035465530792037225,0.005349775678124656,0.004100748008780072,0.000403026097543568,0.0024098975004100214,0.005291074616350543,0.004567823198978662,0.00040575419818890044,4.899958939932042e-05,0.05367554179897442,9.39242409452379e-08,0.0004090465234712755,0.5063885566299994,2.7113397373121835e-08,1.691339567106962e-08,0.0030077144303053797
49,0.0028411263461284144,0.00551423086661501,8.550011375414855e-05,2.548600992793858e-06,3.9382763042462053e-07,3.4657149171219306e-05,0.008273813144318234,0.415720694547152,0.0006158356504528038,0.0003175387083033948,0.013545782700165121,0.008136169084211603,0.0006183255576236161,0.004104154689389807,0.005878889045397757,0.00498551005568321,0.00029714296180941366,8.31304811792395e-05,0.03138411535064298,2.747805519511132e-07,0.0007096796694280683,0.4900140021283393,5.0832885751579364e-08,5.4341468171208884e-08,0.0068363793667055636
50,0.025135852154639374,0.0068391613202279525,0.00019303062262883045,5.983735358886349e-06,4.164725356400721e-06,8.28784047392728e-05,0.009726425094324764,0.21137487415550626,0.0006874104836870835,8.657230062633045e-05,0.13725420047555018,0.0493286084693584,0.0007288403224194432,0.0032039097293568948,0.02406726522448996,0.012483096476304854,0.0029042736709929315,0.00017488300296651093,0.023947527749374947,5.696366678547545e-07,0.0011574650315502185,0.4554925683053162,4.593580877003448e-07,7.56048343171834e-07,0.03511922350212549
51,0.002998945401021181,0.005044868585548075,9.21899045619228e-05,2.576163030511661e-06,5.007051513239695e-07,3.602970902395172e-05,0.011400080935706061,0.3837792668099604,0.0007481893485116219,0.00033275652253331043,0.01578126259429865,0.007963242003481218,0.0006807870116002993,0.004389352534278132,0.008592252930063144,0.006522202918538548,0.0003468725039959528,9.529608197956154e-05,0.05022426279881412,3.1229620294846816e-07,0.0010463140768433188,0.4905733793715633,6.710102640021795e-08,7.775888135979091e-08,0.009348913933384669
52,0.0030145798447083127,0.008638915295116678,8.606397019133797e-05,2.674703657656682e-06,8.161347101444215e-07,2.3481774666465237e-05,0.015537795267937447,0.3438320851838881,0.0006835312381384387,0.00017538358188977468,0.020886051019046087,0.014220207381285726,0.0006747047010544587,0.0057658952697112785,0.0073424401507454365,0.004316044042449612,0.0004671596457447364,6.203672668511096e-05,0.03829069045491645,2.1195803288943397e-07,0.0013210707248990012,0.5222494914270602,6.24980703815069e-08,8.148445686128346e-08,0.01240852552093732
53,0.002373706719598707,0.0040951724373967475,6.0419505397173024e-05,2.2257621292151045e-06,4.1494288588587943e-07,3.871620626758508e-05,0.021390226886129435,0.4309813596915065,0.0008018457896190089,0.00016940932719735664,0.014799164878197059,0.012597137729383177,0.0005412742603604607,0.003939537967803756,0.00839323326429444,0.005687512298880825,0.00025979094320623553,7.678215297331058e-05,0.03897565215115645,2.3424331239942117e-07,0.0007955371217547408,0.44428855179103777,6.119826937485869e-08,5.195358010344537e-08,0.00973198077766214
54,0.0011132291647806493,0.01106929604833719,7.616983504099705e-05,1.9291937920195174e-06,3.063694003537145e-07,2.091353473717392e-05,0.005415101081496666,0.33916384917309317,0.0008789655268894603,0.0006279610505886884,0.007827412492572013,0.010942385343161476,0.00034169661593298767,0.00966493240287178,0.014532542165170389,0.010300972604128093,0.0003125444675755754,3.603346260629972e-05,0.03461115817732828,3.0774500708671545e-07,0.0004695374480267125,0.5268212470465895,4.0498382504679534e-08,6.297125000245602e-08,0.025771405581240928
55,0.003791243097167151,0.005330834138847094,7.386967013795647e-05,3.5600522642719205e-06,7.911417188435476e-07,3.4923771982335375e-05,0.02460779478855351,0.3639967700066971,0.0011021438419261099,0.00014649508050477267,0.019387211281977304,0.02373005153312788,0.0007995490938790669,0.003945891048151006,0.007818329222553535,0.006311016269465503,0.0002924052751417019,9.568033338111863e-05,0.04499183817803628,2.2748974544274678e-07,0.0008352354424151215,0.48096668763317085,6.622074020111691e-08,1.1958493334964333e-07,0.011737265803482524
56,0.002465874396972779,0.006404163225183104,7.154254495363287e-05,2.8877716995486254e-06,3.948523341097484e-07,2.5630593503848674e-05,0.0081966829183651,0.381176921870694,0.0005981002950679982,0.0003303073380690636,0.013016927506792687,0.006840442189280697,0.0006392245699492475,0.00444735394740216,0.007375031666991392,0.004840936078521644,0.00029250509957474415,8.043538005892938e-05,0.04627263563236408,2.444143762150044e-07,0.000810481699992077,0.5091318406520666,4.796450860639972e-08,5.4600494414597234e-08,0.006979332790783285
57,0.0015591234301372003,0.007235440316233863,5.260180814467847e-05,2.3119690530155675e-06,2.797945716902941e-07,1.608929229971041e-05,0.008777374988161515,0.3392828812925602,0.0004025978657325488,0.00028416725326606935,0.010324603437066033,0.006406709109176532,0.0007292212038895637,0.0032990720239594717,0.0064360199803776405,0.00621943525223698,0.0002894512004095537,6.321106146926233e-05,0.0786574260029904,2.0042276161621096e-07,0.0010229676083295,0.5226512418104822,2.990085066476356e-08,4.941093423116041e-08,0.006287493564905898
58,0.0026832285822555226,0.007086444319299284,8.626404447223434e-05,3.474075101130539e-06,5.432232828402759e-07,3.005487291390446e-05,0.010109419096160267,0.3520014213240595,0.0007736632868481431,0.00036846410824760347,0.014535155495852886,0.00796623210639098,0.0007958245250088344,0.004972031413306615,0.00878678697778973,0.005957700713104544,0.0003280213717942557,9.16824959217146e-05,0.05588405729971846,3.294248438700012e-07,0.0010232238052182794,0.5176434762423522,6.479545258089279e-08,9.097916005257836e-08,0.008872345421444605
59,0.002602283207903353,0.007442623339425899,0.00010316260987860435,3.258660214072264e-06,5.433605560610128e-07,3.021920050833877e-05,0.009274192584868923,0.3800408704787199,0.000771977898420383,0.0004471417307378674,0.014000315394391132,0.0075231336629686014,0.0007470039438051665,0.005864533613582671,0.008110797145062198,0.0064290905138418885,0.00036260063248686597,9.731259240495683e-05,0.051403453879968246,3.6295714257908453e-07,0.0011304292122991553,0.49407173133928606,6.877329513799279e-08,9.078548601250568e-08,0.009542802482746122
60,0.0023729094731973106,0.006392353810078415,7.062613558801975e-05,2.8227455916736025e-06,3.8965044984164205e-07,2.6146195917969456e-05,0.007857382735919523,0.38719577294486496,0.0005965146540501034,0.00034272857657888483,0.012916698825892416,0.006689813280652249,0.0005926236569196642,0.004511933283275496,0.0076343329508549804,0.004907831984979065,0.0002927836556546499,7.820049940993392e-05,0.04573548037874677,2.3851687615819144e-07,0.0007899250928431582,0.5038045722197204,4.7543401310933423e-08,5.189483888375835e-08,0.007187819293698153
61,0.002903161983592446,0.0070768413138913655,0.00011185845902449354,3.301647990096591e-06,5.641175572113751e-07,3.160841707602423e-05,0.009456119994780847,0.38890564453883003,0.0008304218731047026,0.00045577959509548115,0.014633937271082339,0.0074481327228144625,0.0007767598064756367,0.005972318323362395,0.007732455905006544,0.006156604911356006,0.00034583930812367194,0.00010774951348951641,0.050680696982354015,3.682576732608846e-07,0.0011705719445426954,0.4858927115067988,7.225839142293078e-08,9.550682939292162e-08,0.009306383840756867
62,0.0023729094731973106,0.006392353810078415,7.062613558801975e-05,2.8227455916736025e-06,3.8965044984164205e-07,2.6146195917969456e-05,0.007857382735919523,0.38719577294486496,0.0005965146540501034,0.00034272857657888483,0.012916698825892416,0.006689813280652249,0.0005926236569196642,0.004511933283275496,0.0076343329508549804,0.004907831984979065,0.0002927836556546499,7.820049940993392e-05,0.04573548037874677,2.3851687615819144e-07,0.0007899250928431582,0.5038045722197204,4.7543401310933423e-08,5.189483888375835e-08,0.007187819293698153
63,0.0021670891015924073,0.007486370272703122,6.50480532482402e-05,2.845518142880788e-06,3.5885237290010977e-07,2.360454378444577e-05,0.007014004521543648,0.36675483472833526,0.0005579986003031277,0.00035638001458227457,0.011859438370154284,0.006526643947704234,0.0005817118460180184,0.0044883770397870625,0.007633251598271749,0.004871477609095637,0.000299037420561434,6.962335687074665e-05,0.046839912770679684,2.237814915442007e-07,0.0007369376686622467,0.524525335378104,4.350625673684604e-08,5.0159186351456124e-08,0.0071394013405480725
64,0.0025096798800333096,0.006981313006657571,9.321413354735225e-05,2.8016240058654497e-06,4.7680688344824424e-07,2.358141131124321e-05,0.009706593040405187,0.39553514960547803,0.0005912057841302829,0.0003568821647711514,0.014485030110457276,0.00686774474977833,0.0007478260756151328,0.0055623576972412365,0.006749941070496902,0.005420129842357702,0.00036439480065103975,9.831331152681307e-05,0.05390135130268149,2.988792113714877e-07,0.0013491469097732874,0.48085620256553907,5.801272265336761e-08,6.741222184514086e-08,0.007796239802502408
65,0.0022774253407867166,0.0068743058506857985,7.602566489085234e-05,2.6370080642019716e-06,3.7741941464852987e-07,2.3496114863188087e-05,0.007247616483466699,0.38746244749146175,0.0006201911357922332,0.00037208164411319,0.012216378471855176,0.006587498015003917,0.0006009810654500812,0.005264210982179752,0.007034408416924151,0.0048034648838059125,0.00028402572898817596,7.67457882242966e-05,0.041553310315553184,2.532215513977223e-07,0.0008024326946718394,0.5083117985507325,4.518275771273028e-08,5.282189694437806e-08,0.007507789706865633
66,0.002407528883653959,0.006311200329586534,7.23568329875975e-05,2.7956432665887764e-06,3.896280682625417e-07,2.569063101607498e-05,0.007920920666077623,0.3917532264862858,0.0005921845950943032,0.0003421975929201278,0.012957574067976032,0.006649761460501318,0.0006078450495520872,0.0045152917865522255,0.007425208178573561,0.004907369455430253,0.0002900796436464708,7.984781631542953e-05,0.045248914465476645,2.428783622013641e-07,0.0008007043826151776,0.5000425135060684,4.673085755445e-08,5.17754097231944e-08,0.007046057513705845
67,0.006622040168745538,0.007317973294330091,0.000919082930026136,4.984224746024787e-06,8.31844530884248e-07,4.118873097692938e-05,0.01150008355524726,0.6055421737714123,0.0006163667403777479,0.0013797577032002126,0.02146086449401032,0.005287976920598141,0.0017017115582061107,0.01726836996743204,0.00436691797619602,0.011810623156359083,0.0012736351805324967,0.0006238459758519418,0.0572322291553397,1.6632559254285842e-06,0.008513812496022285,0.22534062025043777,4.702997570566817e-07,2.748728146987937e-07,0.011172501476923806
68,0.0031256545648780747,0.010384655073582019,0.0005973638996626826,6.2076232972489445e-06,2.5580423245776e-06,9.806603056593183e-05,0.020046267936320045,0.38800010232410703,0.00594618034563437,0.0016800567889865233,0.020053667720048265,0.02211374305288062,0.0009969488034167592,0.050892179871172935,0.014354547211569589,0.0099794626929438,0.0004434357992964456,0.00019338342641161583,0.02643816307260346,2.070620752990487e-06,0.0020090866528084997,0.3646868690806686,4.0118607186183876e-07,5.383506777924002e-07,0.05794838982931833
69,0.001966323460143359,0.004664135910538391,0.0001749153682145956,2.1530506657208782e-06,3.58347432973755e-07,2.5608443979075383e-05,0.008476492804994094,0.5905282909065847,0.0007324202049340029,0.0006719777575238119,0.011274214565836861,0.005394969988929367,0.0006470910835329978,0.010875456164776904,0.004021778508841,0.006367064016910953,0.0002647585618218255,0.000192487983500392,0.03979140248537249,5.45821533636079e-07,0.001979590858121262,0.3036026508756184,8.144768894839047e-08,7.266160554543542e-08,0.008345158720898738
70,0.0021204237137149116,0.006705549152885083,6.755049226412484e-05,2.2276135624936524e-06,2.6396849798238087e-07,2.280781616945907e-05,0.006522138330563658,0.37187466252136053,0.0004687274598168828,0.00038978549141324546,0.010849883229163068,0.0060965922914925025,0.0005829294361529878,0.003980588034391116,0.006993841223818386,0.006556662561221926,0.0003275422047304199,7.554356968752837e-05,0.05188155367944477,2.3257371248379657e-07,0.0007846821629856923,0.5164421468830914,4.0567894923830714e-08,4.9631278937011125e-08,0.007253575390685466
71,0.0014389517825711847,0.00858202802800536,0.00012788486772753198,2.5105673201095546e-06,9.145885834137914e-07,2.3255390906276702e-05,0.013237080973994042,0.44942346816227435,0.0014908407753678554,0.0006169614271124721,0.01255752395985037,0.0072337796197815205,0.0007196828488111337,0.016426672752211678,0.005449561625235414,0.005664298342920441,0.00026263231340336793,0.00013591571581212546,0.04425079788012798,6.39525241578205e-07,0.0021247981160261165,0.41764425453706827,7.752234850525042e-08,1.083832807864538e-07,0.012585360294017956
72,0.0022773227366561883,0.006259458165235079,6.842329124992747e-05,2.8085928630777154e-06,3.7211226266877387e-07,2.7116534627812696e-05,0.008279468967992493,0.3874760948869241,0.0005930135687044855,0.00034270416175976736,0.012263489531353092,0.006597885353268416,0.0005990356964621905,0.004222456812485764,0.007748836858838452,0.005164895567396715,0.0002868716711801456,7.680703446806924e-05,0.04741475719965735,2.407300516618327e-07,0.0007699616143322888,0.5025563937535396,4.6293377043377173e-08,5.0243321726811855e-08,0.006971488621991854
