,0,1,2,3,4,5,6,7,8,9,10,11,12,13,14,15,16,17,18,19,20,21,22,23,24
0,0.0011794242361158871,2.2132637679924965e-05,0.00022361887397924471,0.10974537850612524,0.0007945093803621974,0.00256491081185736,0.7909746448666839,0.00044445010472859373,0.00150489220948043,0.010087944078140171,0.01528067716220111,9.571721549059915e-06,0.0006929255620009832,0.01119561635309341,0.013771294459703579,0.014264003999497064,0.0005561814353534906,0.004331367415709119,4.338697108065593e-05,0.0007363465301725337,0.008126626088148984,0.0004541479721451981,0.007957543111212637,0.002820031892027711,0.002218373620951657
1,0.0015541690856127983,2.592165914854372e-05,0.00020314266886332813,0.13441414586354425,0.0010258698718053016,0.0017548243717248823,0.7673371099561027,0.00046900173153334034,0.0027049023607190817,0.011752062341348946,0.01721221413062774,7.499593606535599e-06,0.0007257373598138985,0.009897939251729557,0.011539758995023979,0.017120400316311648,0.0006155897933497548,0.00393465748163595,3.761826201429119e-05,0.0004501871862883018,0.005157275056522505,0.00037972993044274193,0.006326346906355012,0.0033083111228984215,0.002045584702976385
2,0.0011283673961037374,1.939961003371293e-05,0.0001965094436648455,0.10333017828056426,0.0010729595145670217,0.001501994211789697,0.7991219084638557,0.0004339542262273203,0.00222059297506729,0.010834581050107267,0.01378270887691856,5.918319957424412e-06,0.0004798228606062578,0.013384110652892788,0.015519876641172641,0.009762822712281564,0.00040634826725386455,0.0036434697964906125,3.616851022598244e-05,0.0007596174616797033,0.006271366699080341,0.0006108607785024978,0.008986598253102537,0.0031866971993231305,0.003303167798531138
3,0.001372822827253821,2.6297864974953177e-05,0.00023391418390726425,0.14012071059158226,0.0009739295393916116,0.0018579685807029395,0.756622693687433,0.0004116567179806757,0.0016917495869023713,0.009207044906706794,0.02038963731893505,1.0518972241759045e-05,0.0007663874517547473,0.013770595123557897,0.012994472689454733,0.012122044238856027,0.0006770330302978934,0.004927051096664185,3.4568763530284196e-05,0.0004883204688932787,0.00770671380189769,0.00048017240632384925,0.007638199009008776,0.0030403395087762585,0.0024351576329718293
4,0.0013836407710423504,3.2157823716706807e-05,0.00026366332374389755,0.14927838531536183,0.001113147682502704,0.0019416507617442836,0.7414153987729242,0.0004149658128626596,0.00162344858657487,0.00871967553529809,0.024492332307587645,1.4220356946856273e-05,0.0010653675115070782,0.01613804172078305,0.011771083465431664,0.012219766638289232,0.000779842143209927,0.005508107340083205,3.861531577159858e-05,0.00048279653171112214,0.00811485352361342,0.0005027637102620071,0.007530851347322865,0.0028043324032023687,0.002350891298506303
5,0.0016857446896778939,1.961861334797329e-05,0.00024561329149619626,0.17143420156701422,0.0008735095573442071,0.0015493453383071962,0.7220909252196266,0.00042078020267976874,0.0015885044980937537,0.01086719108935637,0.018865900242124225,1.1157430802782353e-05,0.0007323993947130047,0.01509892449426723,0.009728522717759485,0.012912187350655541,0.0007512735990202049,0.008234491000631217,2.7262291588665537e-05,0.0006101524689026255,0.007599218474104447,0.0004484833558710262,0.00758553009348679,0.003890616377783482,0.0027284466413451834
6,0.001372822827253821,2.6297864974953177e-05,0.00023391418390726425,0.14012071059158226,0.0009739295393916116,0.0018579685807029395,0.756622693687433,0.0004116567179806757,0.0016917495869023713,0.009207044906706794,0.02038963731893505,1.0518972241759045e-05,0.0007663874517547473,0.013770595123557897,0.012994472689454733,0.012122044238856027,0.0006770330302978934,0.004927051096664185,3.4568763530284196e-05,0.0004883204688932787,0.00770671380189769,0.00048017240632384925,0.007638199009008776,0.0030403395087762585,0.0024351576329718293
7,0.0008714321224035027,1.3422878094237103e-05,7.476366128382397e-05,0.11349288092131372,0.0008891764097509535,0.0019147148224066325,0.7444022469123202,0.00020908965467753685,0.0027313864191154794,0.015613176037954962,0.010705291567538315,7.6187812746691334e-06,0.0001680671511394993,0.026497519599209374,0.01651499013624985,0.015917304380087125,0.0005882111184552257,0.0064676425109177205,1.748580163228072e-05,0.0008258404819111946,0.0087147667610224,0.0006226097158196736,0.020128440755232298,0.0036256588450729226,0.008986262555116465
8,0.0013953339255406193,1.8801413939556343e-05,0.0002476686847662031,0.1768946047970284,0.0011261182630766318,0.0012045171940425238,0.686924356503514,0.00024717334360246045,0.0029382693897761947,0.016462939249028564,0.021327459483351786,3.7927165308358806e-06,0.0002841696611831095,0.021184179480186808,0.023602750767478742,0.00797107490921851,0.0004315034695773069,0.004282179823925375,1.671418396310974e-05,0.0005018789986979695,0.006444750399827541,0.000618413867208414,0.009108746873807668,0.011583374055686886,0.005179228545040901
9,0.0016297281020344748,1.882419464767849e-05,0.0003879470353971107,0.25791824982483563,0.0011641527115195264,0.0018119517273489925,0.6013066341669219,0.00046434900750267374,0.0024972715172101984,0.017211577491093234,0.0255600523510827,6.2648094203278335e-06,0.0006141092589532414,0.02048723093001205,0.01797009889408595,0.013176784410674455,0.0007108185542812631,0.005283965553430582,2.755285317654639e-05,0.000734663530094392,0.008271765555935217,0.000602936596193418,0.010124990296462286,0.009283507156586514,0.0027345734710996273
10,0.001372822827253821,2.6297864974953177e-05,0.00023391418390726425,0.14012071059158226,0.0009739295393916116,0.0018579685807029395,0.756622693687433,0.0004116567179806757,0.0016917495869023713,0.009207044906706794,0.02038963731893505,1.0518972241759045e-05,0.0007663874517547473,0.013770595123557897,0.012994472689454733,0.012122044238856027,0.0006770330302978934,0.004927051096664185,3.4568763530284196e-05,0.0004883204688932787,0.00770671380189769,0.00048017240632384925,0.007638199009008776,0.0030403395087762585,0.0024351576329718293
11,0.0013435943769260516,2.750399765416969e-05,0.00024761186961190734,0.14348981519379284,0.0009629281995945508,0.001918034781676606,0.7543879107106799,0.0004477004657243442,0.0016310925977562822,0.008841687705662522,0.020898739960950374,1.1613532424516005e-05,0.0009130853508649551,0.013540701809331248,0.012300137895569517,0.012607807676343936,0.0007347344298799103,0.004899833598623941,3.711814298728506e-05,0.0004865573244859707,0.007497653175721033,0.00048377944102774513,0.007275963089589019,0.0028284903657904573,0.002185904307330975
12,0.0009471883307527409,5.1550385412026925e-05,0.00016995722226188472,0.09316904471223095,0.003461074498585283,0.0030360816424530876,0.7494428804350165,0.00010082119054577919,0.0014523476203530984,0.005884468905956044,0.01950389879501051,2.753078901868007e-05,0.0005989583513850991,0.0508539610202861,0.009340006489112046,0.008125208925216476,0.00040108410073839973,0.013180501602540973,2.373233972957364e-05,0.0009823873521205998,0.009974198853709057,0.0002887042704227759,0.016233444253900334,0.0016893841725715412,0.01106158374067032
13,0.001459524123239374,4.663182677986727e-05,0.00032544095386856896,0.25488483933108474,0.0021401542551691814,0.0016782337659379794,0.5217828231469068,0.00027341680196263233,0.001199700193129414,0.00444271340768727,0.11738863484127009,2.2443625794365724e-05,0.001965931463401477,0.02517004023923592,0.019955099445273683,0.010828419552068718,0.0008309550239210047,0.00465996066010368,4.070954288649835e-05,0.0002376697122398438,0.012246296942359708,0.0003566764678577271,0.012481431352652384,0.003988452150923388,0.0015938011742456365
14,0.0012904987375585524,4.941386471046139e-05,0.0002575370987245553,0.1078760135323573,0.0014084115348355,0.0032156699995199217,0.7746584584763428,0.00031448340445572206,0.00107419558278407,0.006784058610818947,0.03096257487122511,2.1363642370079362e-05,0.0013490077922467866,0.01556232696711887,0.013247076873885136,0.014922748666260581,0.0006204719965956463,0.004822599325877274,6.020492037878071e-05,0.00044157942469300575,0.010089951764643659,0.00037916948323253797,0.006919073519770729,0.001818637765957077,0.001854472143636789
15,0.001372822827253821,2.6297864974953177e-05,0.00023391418390726425,0.14012071059158226,0.0009739295393916116,0.0018579685807029395,0.756622693687433,0.0004116567179806757,0.0016917495869023713,0.009207044906706794,0.02038963731893505,1.0518972241759045e-05,0.0007663874517547473,0.013770595123557897,0.012994472689454733,0.012122044238856027,0.0006770330302978934,0.004927051096664185,3.4568763530284196e-05,0.0004883204688932787,0.00770671380189769,0.00048017240632384925,0.007638199009008776,0.0030403395087762585,0.0024351576329718293
16,0.001283748169288686,3.5748673867248085e-05,0.0002644540788085564,0.1262559775311426,0.00122493073721637,0.0022996977733287923,0.7745452462106408,0.0006103885855141774,0.0037964438980456587,0.005395720687111008,0.02271363495594469,4.865415349270373e-06,0.0010570686838842903,0.008419018237417026,0.021043187127014355,0.011685771517203255,0.0006045031182496421,0.0015423085148573695,4.918909994179236e-05,0.0003535271227527855,0.0027913755082205065,0.0003994097441398522,0.008568370982987447,0.0035583694382942607,0.0014970441887795945
17,0.0012238313326811043,2.5534639676826936e-05,0.00022935261034767273,0.13880050916304398,0.001015411451464717,0.002122072475990067,0.7609153014646629,0.0003724791086103187,0.002198081162070357,0.009630769484807978,0.02021698483017352,5.515334177492367e-06,0.0005731691327312567,0.009279406354948247,0.018619783479822655,0.013486214956168866,0.0004880738122156131,0.0025595756759613586,3.195388835775401e-05,0.00036190769774026147,0.005746043208345812,0.0003455602795990099,0.006137984091842232,0.003887137344799366,0.0017273470197604868
18,0.0007282873303689967,1.719908353397547e-05,0.0004986097378149539,0.3369493508779873,0.0021041480470822913,0.0024686779510906713,0.5448796276233299,0.0004674796229603899,0.0013963265968729678,0.004700812805012059,0.035630347656444405,2.6601497195651177e-06,0.00077135641183203,0.00486168981998529,0.030561275920218685,0.01686352401061972,0.00022257677485414115,0.000775874895628186,3.0461538520347115e-05,0.00022456628165639202,0.006075420174731622,0.0001114352965111446,0.004819411817546891,0.004544203442579507,0.0002946761330986236
19,0.0017381424391895324,2.7762313534061455e-05,0.00018467955214652385,0.13253787332594388,0.0008945290020401575,0.0023297542839887525,0.7439421139649756,0.0003189826576303569,0.002061804714200845,0.011782324247613362,0.023381568791612996,8.96659103123606e-06,0.0005731837791647186,0.015311325677471586,0.015629456027105908,0.014710806349182459,0.0007289775436868318,0.005354569189224174,3.2902799761462836e-05,0.0004900029025525875,0.00862321233824026,0.0004344623624674481,0.011206377457561006,0.004192811168119312,0.0035034105215548746
20,0.0033982269933985716,4.207388384659413e-05,0.00024145035036463538,0.19610271388478132,0.0014180365110595125,0.0027165723301006747,0.6509510779817141,0.0002790160688317984,0.002787814113043252,0.014726429873924958,0.02170322559017462,2.8378992552658575e-05,0.0014608440927182218,0.026688564115400385,0.0035828491985337263,0.024388404862770007,0.0014630560820225414,0.025797251139239273,2.792254196282993e-05,0.0006968402515081707,0.005453404545573495,0.0002491983350746524,0.007842832643953081,0.003586688115187566,0.004367127502263301
21,0.0009643576023495837,1.9229432848241894e-05,0.00018006364317245006,0.1022572481421982,0.0006046329373538631,0.001639189892756571,0.8214711211825926,0.0004603329428644129,0.0016854946950792679,0.006010870597983117,0.013226395558817054,5.8025515090770464e-06,0.0006263454023971183,0.008537197112447431,0.013743193863205501,0.009478793771312409,0.0005894335816190388,0.002669318177912989,3.0048837287277916e-05,0.00037700567363752876,0.004216986326227532,0.000450817847698131,0.006619278392102413,0.0022792357259641557,0.0018576061086639517
22,0.001963968763160773,2.350880321223881e-05,0.0003339666670259782,0.21663230505421366,0.0009273319448474451,0.0018641307810762255,0.6502195133843889,0.0004565662487199861,0.001435629716936208,0.015004086964594042,0.028672747132337483,1.4956583001033084e-05,0.0008994326995572349,0.017757576946397933,0.011453486897873002,0.015713771190414196,0.0010677624951972052,0.008487098704960798,3.605461163659803e-05,0.0005645808965059114,0.011994459968032736,0.0005940681790683143,0.007203639105723182,0.004452941178513794,0.002226415082605036
23,0.001372822827253821,2.6297864974953177e-05,0.00023391418390726425,0.14012071059158226,0.0009739295393916116,0.0018579685807029395,0.756622693687433,0.0004116567179806757,0.0016917495869023713,0.009207044906706794,0.02038963731893505,1.0518972241759045e-05,0.0007663874517547473,0.013770595123557897,0.012994472689454733,0.012122044238856027,0.0006770330302978934,0.004927051096664185,3.4568763530284196e-05,0.0004883204688932787,0.00770671380189769,0.00048017240632384925,0.007638199009008776,0.0030403395087762585,0.0024351576329718293
24,0.0012378721849452912,2.59120899874988e-05,0.0002543695664623783,0.20186019783735476,0.0015049143938312183,0.0017124392731193729,0.6785937848822894,0.00040214984296061356,0.0015846576228111433,0.00870511278635986,0.026402657217115464,1.539760876482076e-05,0.0011273747981804497,0.02102410446170949,0.010332558644147238,0.015408502656006096,0.000723256710420156,0.00672955812718689,3.223753311882734e-05,0.0005342259124141298,0.00765099709102812,0.0004244221299305519,0.008500046598386197,0.0029515476861990027,0.002261702345270936
25,0.0013585376248142595,2.3480969720275798e-05,0.00023322249303410974,0.1491256689153694,0.0009553194855861507,0.0016190685905955362,0.7504692833185664,0.00045098023067822486,0.00147831664716326,0.00838448371504159,0.0212753559428595,1.0515737125038915e-05,0.0008247164133162095,0.012592013642212315,0.012407342099868816,0.012359638850915398,0.0006527683977662999,0.004886055543850013,3.4751986478438365e-05,0.00045823535442815174,0.007782810481054405,0.0004472308512162985,0.007315987719723798,0.0027997213627417826,0.002054493625874504
26,0.0022366984737086796,2.7174245077292188e-05,0.00025946764947549415,0.19485563823722976,0.0010939712942094988,0.0019386604927138626,0.6866206835602955,0.0005344590963031477,0.004445534978672096,0.009422637345723689,0.022503225999576347,6.106295590230339e-06,0.0006884566914412527,0.01160243250602442,0.016039037993744093,0.012447994033245813,0.0008602245277270141,0.0042775988926163555,2.8115512760149778e-05,0.0005609664099029987,0.0050742332508680234,0.0004131020461483828,0.013281342308291581,0.00769661578245222,0.00308562237620199
27,0.0009830641439951696,2.176931875862009e-05,0.00016566657796595116,0.09802432287654576,0.0008276374780786173,0.0015314893215133392,0.8109173810841105,0.00038049176443169345,0.002453056844901286,0.00969991751200123,0.014441806054779375,5.677533504563791e-06,0.00048339674178657724,0.011168687832213768,0.01639054043195412,0.009740206117927802,0.0004944306662427751,0.0027645853235740135,2.9620238101884225e-05,0.0004881305607769896,0.005125213739345364,0.0005884402354707949,0.007244093008735616,0.0032592031462226148,0.0027711714470617338
28,0.001372822827253821,2.6297864974953177e-05,0.00023391418390726425,0.14012071059158226,0.0009739295393916116,0.0018579685807029395,0.756622693687433,0.0004116567179806757,0.0016917495869023713,0.009207044906706794,0.02038963731893505,1.0518972241759045e-05,0.0007663874517547473,0.013770595123557897,0.012994472689454733,0.012122044238856027,0.0006770330302978934,0.004927051096664185,3.4568763530284196e-05,0.0004883204688932787,0.00770671380189769,0.00048017240632384925,0.007638199009008776,0.0030403395087762585,0.0024351576329718293
29,0.001372822827253821,2.6297864974953177e-05,0.00023391418390726425,0.14012071059158226,0.0009739295393916116,0.0018579685807029395,0.756622693687433,0.0004116567179806757,0.0016917495869023713,0.009207044906706794,0.02038963731893505,1.0518972241759045e-05,0.0007663874517547473,0.013770595123557897,0.012994472689454733,0.012122044238856027,0.0006770330302978934,0.004927051096664185,3.4568763530284196e-05,0.0004883204688932787,0.00770671380189769,0.00048017240632384925,0.007638199009008776,0.0030403395087762585,0.0024351576329718293
30,0.001372822827253821,2.6297864974953177e-05,0.00023391418390726425,0.14012071059158226,0.0009739295393916116,0.0018579685807029395,0.756622693687433,0.0004116567179806757,0.0016917495869023713,0.009207044906706794,0.02038963731893505,1.0518972241759045e-05,0.0007663874517547473,0.013770595123557897,0.012994472689454733,0.012122044238856027,0.0006770330302978934,0.004927051096664185,3.4568763530284196e-05,0.0004883204688932787,0.00770671380189769,0.00048017240632384925,0.007638199009008776,0.0030403395087762585,0.0024351576329718293
31,0.0021890786714403696,2.3569636280684632e-05,0.0003275197141858649,0.14238065979599446,0.0008835525995187206,0.0013754928545118416,0.7656308004122964,0.0007448504741986979,0.0013765512551305273,0.008445016333900286,0.014712367792877944,1.3045030408350935e-05,0.001034625897423658,0.011066182587189647,0.008229810453408485,0.010764239481581568,0.0007519599725991123,0.008337352469073642,4.562374180575756e-05,0.0006906062150290262,0.008097835202750434,0.0005114090666067426,0.007273116047426397,0.002488428807313278,0.0026063054870481698
32,0.0013228640738233253,2.6391938734987474e-05,0.00023426735254929875,0.12727598963043993,0.0009920464918354173,0.0019127779772318632,0.7706589732873081,0.000439157866207749,0.0015879064623670347,0.008777766101846253,0.01995479770208647,1.089235427730902e-05,0.000798411560583977,0.013179108069031479,0.013423941648273433,0.012396751439837227,0.0006386747756426762,0.0046014176815034795,4.136158171442544e-05,0.0005214720445120963,0.007825781128229466,0.0005030072673226436,0.007810652505329944,0.0027114366175423265,0.002354152441769219
33,0.001000665749542099,2.1353619241512512e-05,0.00017048657681084344,0.14242533810632954,0.00041613222502436887,0.0016344917238626498,0.7677341899419756,0.0005539031304970209,0.0011694004263484625,0.007699856917272921,0.014833057363048335,2.5780846269993424e-05,0.0023169540222972647,0.0168864288971839,0.0035464721433604057,0.017094468483426585,0.002075384501838842,0.009576910857028638,2.74090808173689e-05,0.00040840447669063127,0.0034287823402202864,0.0006033421074664542,0.0038439483918616133,0.001207135771002325,0.0012997023005822995
34,0.0022059077087609037,4.062062629883434e-05,0.0003028269178274121,0.1369192255127564,0.0014027471215745466,0.0017011102210350102,0.7383693987480002,0.00046242380637459427,0.0024503028742809884,0.009249526686069537,0.03188330632206043,1.1371796068978922e-05,0.000988070944986357,0.015373158733079942,0.016302317839232035,0.010492343895108436,0.000694479086097018,0.0049361342947529495,5.4151363461380524e-05,0.0004822888029937821,0.007891196055579197,0.0005815453855557937,0.009730622907189663,0.004286750308420537,0.0031881720424351313
35,0.0017857641416729494,2.69623390026657e-05,0.0002327306599997723,0.13727060414861683,0.0008776349167844309,0.0016071283227009343,0.7645859579747135,0.0004912076845655351,0.0018464796573730942,0.010008423037797797,0.018145521634780715,1.156168896315921e-05,0.0008204983292417411,0.012220821769662975,0.010331917725490705,0.01265276241681059,0.0007765657130756296,0.006137037631371183,3.648752224631335e-05,0.00048161285320483965,0.00710466129582662,0.0004897550579013414,0.006658446120434793,0.0029136887175353083,0.0024857686402264593
36,0.0007669373725616032,1.7407237680472334e-05,0.00010552513210647985,0.09853514894221871,0.00037183759470900006,0.001635612911944756,0.8294574541480934,0.000663239093677244,0.001954472702245958,0.006970022733213629,0.008063226095174464,1.2440499678527924e-05,0.0009524978084535678,0.009950741820599705,0.006411978592677081,0.016417194647084535,0.0014273511771499363,0.004184360302364424,2.625445983906895e-05,0.0004089524844811645,0.0029316031767015528,0.0006536209200203029,0.005357743844131292,0.0011065661734804277,0.0016178101297125407
37,0.0023433986258288454,2.0740365904666166e-05,0.000343337113879247,0.22737825667199024,0.0009532529700691223,0.0014167848891378525,0.6441507568784232,0.0003594210799860379,0.0015078750901521714,0.011377008233967026,0.030670802723020262,1.0989745982556476e-05,0.0007600524155387999,0.01776692897066978,0.011825217075128168,0.011605727964788584,0.0008322929427821782,0.009780012068268723,2.582014952484614e-05,0.0005167586212746202,0.008224689247098724,0.00043226243861713295,0.007740992322985675,0.007180940317465884,0.0027756810775157793
38,0.0016885860155590392,3.0469582921756115e-05,0.0002719346187347176,0.15871308878306475,0.001193102725535878,0.001617262420284205,0.7294305801926533,0.00041661239539321206,0.002246117700950543,0.010649567842572066,0.022540954331380276,1.0986281843152445e-05,0.0007718884486149122,0.016673905431312853,0.012914604821119889,0.0105635147121729,0.0007277356248447771,0.005868380499887902,3.270650734816577e-05,0.0005128712931837227,0.0077428127302246125,0.0005567545152976949,0.007789075295454647,0.003946276296209633,0.003090210933435369
39,0.0008494995792254391,1.5431416011927616e-05,0.00015351113343131992,0.10012009566893199,0.0005383108405044051,0.001758447186857219,0.821559326469935,0.0005265178705544177,0.0009244708408769597,0.006257583135252733,0.010100170747104096,8.544171627989118e-06,0.0005432932625428438,0.007909700536935373,0.012164367371098125,0.011690738965103583,0.0005757867793931981,0.0034381423424198207,3.4598183515335344e-05,0.000486019286915751,0.008477302225634323,0.000459939322005205,0.007961450897495635,0.0014119243476967394,0.0020348274189304905
40,0.0013836168153934926,2.3610292307086386e-05,0.0002134674264802954,0.14340812053416158,0.0008770092964579578,0.0017426481001714832,0.7567755281377834,0.0004320582013242341,0.0017350798824651002,0.009243098575862951,0.01931581520891635,9.61776318203043e-06,0.0007516994105651515,0.012568962095871054,0.012094671875039294,0.012676499329848911,0.0006911595958270335,0.004845544986773195,3.248124254352223e-05,0.00047300666509039323,0.00726008431441889,0.00045014830490965675,0.007660790722628575,0.003033686872588113,0.0023015943493902738
41,0.0011104538240574967,4.810680356135395e-05,0.00026622425785645664,0.18974200188444557,0.0017851308373057599,0.003057026941413664,0.7047490206125495,0.00040182784988416917,0.0048508237027835265,0.011603367931495901,0.018987038799549782,6.368122140352922e-06,0.0008870832343221247,0.01259316922231431,0.013864113085305045,0.017069502133669853,0.0006688279038132882,0.0023141621173683696,2.5411892303011594e-05,0.00034471599580991635,0.004195670765925943,0.0003091484586207047,0.005711880182151586,0.003751430472795375,0.0016574929685571776
42,0.0010392779829642754,2.4452150561636867e-05,0.0003019355460415702,0.10283913977327039,0.0007497187801897455,0.0015441311182304166,0.8057866123405472,0.001167423344212828,0.001234419515521121,0.009258228665285447,0.014064090053881036,1.1938747970692583e-05,0.0008997199626100417,0.007654665620916328,0.017098599482667575,0.012013563659754983,0.000670285831306228,0.0023047360911433138,9.232071891571175e-05,0.0005276607651416422,0.011598422732280447,0.0011964461111721634,0.005246240772439086,0.001463479281971372,0.0012124909510045179
43,0.0014684662335585313,1.9379544841947077e-05,0.0002252458201601263,0.12760563024440075,0.0009030913699497825,0.0019196331896704933,0.7552100579322318,0.0005404292376778441,0.0031946567641462616,0.02628304193110808,0.012983261545841434,4.659740558268862e-06,0.0004403842515232441,0.011660921418513562,0.014362693845952521,0.014956113670145389,0.0005265190306942821,0.0035655127821464815,4.008735879765996e-05,0.0008872754864263207,0.00788745735815861,0.0006969022795196884,0.007221461079792688,0.004689405962019027,0.0027077119221652064
44,0.001372822827253821,2.6297864974953177e-05,0.00023391418390726425,0.14012071059158226,0.0009739295393916116,0.0018579685807029395,0.756622693687433,0.0004116567179806757,0.0016917495869023713,0.009207044906706794,0.02038963731893505,1.0518972241759045e-05,0.0007663874517547473,0.013770595123557897,0.012994472689454733,0.012122044238856027,0.0006770330302978934,0.004927051096664185,3.4568763530284196e-05,0.0004883204688932787,0.00770671380189769,0.00048017240632384925,0.007638199009008776,0.0030403395087762585,0.0024351576329718293
45,0.00781598762189977,0.0001797138427946134,0.00043917392981418474,0.20575576836389314,0.004260073636397608,0.0017549380801195698,0.29606867383768254,0.00010582001617223398,0.003047648999283201,0.018523798745053714,0.08710897337809569,0.00016266957528787796,0.002064286277033072,0.17549557946995697,0.0027965783321888243,0.00608895805023863,0.002600519622078119,0.1051582018015081,3.135053018477581e-05,0.0008286404081136832,0.027278647190110715,0.0008416092571191412,0.019426795565026186,0.006248751138830189,0.025916842331117466
46,0.0023627438962134767,2.135750139952223e-05,0.00030556751739984294,0.3254632364209861,0.00035990548267065956,0.0031725985570413132,0.5554845815952166,0.0010121372287347642,0.0014279327689395436,0.00889427462572268,0.022294937254809338,1.9325728425275643e-05,0.0015511126975690766,0.009313777897779001,0.008319688733156302,0.025293701141894744,0.0034331944109557196,0.00797228801235739,3.067324143054162e-05,0.0004245157909224392,0.008826053913401135,0.0004282057433844092,0.00860780274357505,0.003951668060286701,0.0010287190357283521
47,0.0019466400771579765,3.7518836701041136e-05,0.0002024636090133352,0.06628411420361958,0.0006305122977884261,0.0014896253825157275,0.849523643500993,0.0005512427427609279,0.0015896875041444538,0.010124055358855327,0.012266023137243627,1.8582200500033777e-05,0.0008204283641694598,0.010057316456732532,0.009023647741530711,0.009782206109868751,0.0008593888123928481,0.0065991544825573355,5.84724192236768e-05,0.0005205420793391527,0.007292506464819565,0.0008839811818852719,0.004555796045010246,0.001704285165547837,0.003178165825629135
48,0.000938487321051521,2.8420655547261225e-05,0.00015522936423481963,0.0925140759691986,0.00030743872304428015,0.003047503592151833,0.8424657668597593,0.0008365973646967686,0.0011463362929915238,0.00387478102716721,0.01076398795047451,1.0772761073207023e-05,0.0014086733620824032,0.004576528652930175,0.008977475123829955,0.014637735602232459,0.0013183930482580319,0.0020863971281138175,4.800935174206101e-05,0.0002460120059992416,0.003955644489206234,0.0003345404985673574,0.0047265631425275735,0.0008611276312941414,0.0007335020818257091
49,0.0012715233986579655,3.858822476150776e-05,0.00036647585747798115,0.12738194494187846,0.0010727447450941147,0.002767069191043848,0.7591463837347655,0.00040188385842703536,0.0013035491093748655,0.009907650396134724,0.02103425200984151,2.0881604268357034e-05,0.0009937067762503804,0.01906488878402472,0.013287523458665915,0.010789928975364488,0.0008740102033798744,0.006532458696727168,4.565231352797122e-05,0.0006563394649738716,0.010836442478505993,0.0007572366046887131,0.006230443068315267,0.002609179159214186,0.0026092429446356027
50,0.0006424777223214635,7.507814426293081e-06,6.236330233683517e-05,0.03103646087035356,0.00032294900421621174,0.0003848746415613787,0.9222794292741701,0.00028161629706290704,0.0012463272745464455,0.010746021154169078,0.003653993351282669,1.8653800423044548e-06,0.00017642806756232342,0.005056443814985515,0.00703614945857929,0.004796350326797251,0.00015240929978537136,0.0021242956278047453,2.2661092516329703e-05,0.00037727301738013896,0.00243547593831208,0.0005190259636135337,0.0024670204935565276,0.0011698493940944681,0.003000731418522967
51,0.0013097114682580591,2.2875918488409038e-05,0.00019780766856030037,0.11273047367867196,0.0008877626654450832,0.0018523167265556664,0.7861463214152014,0.0003867095010052915,0.0014573474004192914,0.008616342151834691,0.018160718829964503,1.0495603448726268e-05,0.0006764997012544739,0.013290983580271773,0.012958110658475202,0.012235303528137464,0.0006046274232280944,0.00516540329758906,3.845915797270607e-05,0.0005681662055932468,0.007830278822269032,0.00048266809329604787,0.008885201165205539,0.0026256665872847183,0.0028597487515691555
52,0.0008550519355655011,3.897755288947673e-05,0.00016494466856430977,0.07571600747952573,0.0009423123702591787,0.001712521357335349,0.8413787004596256,0.0003869131293411763,0.0014649716029286062,0.005141447886400522,0.013927743864839902,1.0854255683339035e-05,0.0006133981718395124,0.010918184189239406,0.01604394764488466,0.006963861264255921,0.0004974734731328168,0.0025109159512193813,4.022831111551752e-05,0.0003301587868371163,0.00834394485954167,0.0005730243748780303,0.007287977514648036,0.0013247223711769023,0.002811716524272434
53,0.02032850512760361,0.0005620900098738682,0.007035230857730418,0.3978658391473485,0.006386651139016448,0.005743796495052364,0.05589492732695038,0.00026605357264555384,0.0010409910571537414,0.023377280170784363,0.22976480387642745,0.0003995411956611192,0.005521165703684637,0.0834716583995955,0.0043581682156183105,0.008056567952256437,0.0053455940697865745,0.04515698169429909,0.0001669877275709806,0.0004332112744135557,0.08181628726429782,0.0010279262371430528,0.003953208634553918,0.01025185023457118,0.001774682615961
54,0.0011530174705046878,3.97228275933817e-05,8.99335769305488e-05,0.05039010638764759,0.0006795078185563505,0.0014878537729520716,0.8751278149239002,0.00026221142490059083,0.0021270557647727895,0.010105047608033,0.008381802870114655,1.1700453972660756e-05,0.0004885582548340245,0.011311669957289343,0.00746280955860271,0.011240218367657139,0.0005580866510318244,0.00463479009335207,3.0886216470947465e-05,0.0003152137407951136,0.0043272339267939365,0.0004849886936384402,0.004090273868385433,0.0012691444875696839,0.003930351283700905
55,0.0017922634707786078,5.916272460162931e-05,0.00015193504685633813,0.08418151430033763,0.0013344566333804925,0.001225557630371535,0.8245784810759472,0.00023521925727092234,0.0021065185830505275,0.006394081542356382,0.01643155576644337,3.398469392368826e-05,0.000874692232285147,0.014933317753651691,0.0062261657827361976,0.009618467835533884,0.0007062817346482761,0.011445803915097126,2.7404898333966846e-05,0.00032761188882762023,0.006201151448352328,0.0003598877320234246,0.004352113814481057,0.0016787185166064241,0.004723651722104568
56,0.0013903764044780316,2.930269060912923e-05,0.0002524165752556514,0.14016829424972604,0.0010272402732543777,0.0018771774482740683,0.7565359242574964,0.0004236783851966693,0.0016969957309975448,0.008906012993036012,0.021692159783481896,1.1785799086916213e-05,0.0009107382014900634,0.014102425809877427,0.012406483468232556,0.012079921731081062,0.0007085162825280368,0.005039268836409416,3.7165641547491584e-05,0.00047991817736600456,0.007382875909303086,0.0004852607141265315,0.0071136656623832905,0.00292264253644848,0.002319752438313845
57,0.0013855364149536291,3.732231329015348e-05,0.0003172378519324767,0.0964770922562247,0.0012157689372733016,0.0020709711176204715,0.792764908382296,0.000643421947868694,0.0010545658104911748,0.007480022021007356,0.02142081800752529,2.9324418597133575e-05,0.0012212034140462943,0.014050219213914028,0.013473835607024746,0.012390018408874019,0.0007648928988538913,0.005691508756733837,9.881322470865967e-05,0.0007087276080431164,0.014320550316206241,0.0009248056643629445,0.007654823547663748,0.0014646983858974236,0.0023389134745907237
58,0.0014826865728674535,2.6441125611466042e-05,0.0002693932548335706,0.15384478441102756,0.001004938269601891,0.0018677479725663806,0.736174985857817,0.0004116247992916128,0.0018668560277007456,0.010042125138131937,0.02300978083761664,9.61294913843689e-06,0.0007546728260040609,0.013862114263666302,0.014962525796090425,0.012177436686776077,0.0006818168258978563,0.004769781192684319,3.4193194740446916e-05,0.0004936935059270865,0.007562463226747001,0.0004965801450590113,0.007626557874109084,0.004137390644015705,0.0024297966020779657
59,0.0015028732709604872,2.590722740495704e-05,0.0002920768582153558,0.1649963205828797,0.0010483736339176397,0.0018853149792772827,0.7193483948202557,0.000400468205900381,0.001902749054511741,0.010880346801756131,0.024187256275337854,9.236815728516174e-06,0.0007012529944578347,0.014717934001238882,0.01617791099622,0.012000046602513945,0.0006767941070185258,0.004869735645240164,3.297967681485347e-05,0.000521594096980574,0.008101705547728362,0.0005107362299557667,0.007848361180492702,0.004845743102924976,0.002515887292267786
60,0.001372822827253821,2.6297864974953177e-05,0.00023391418390726425,0.14012071059158226,0.0009739295393916116,0.0018579685807029395,0.756622693687433,0.0004116567179806757,0.0016917495869023713,0.009207044906706794,0.02038963731893505,1.0518972241759045e-05,0.0007663874517547473,0.013770595123557897,0.012994472689454733,0.012122044238856027,0.0006770330302978934,0.004927051096664185,3.4568763530284196e-05,0.0004883204688932787,0.00770671380189769,0.00048017240632384925,0.007638199009008776,0.0030403395087762585,0.0024351576329718293
61,0.0015753095933709925,2.606605760100986e-05,0.0003148661014042136,0.17241322604829054,0.0010486080706821961,0.001960687491839854,0.7127516937569298,0.00044036378443056693,0.0017716483935776707,0.010699508626056406,0.023917727832512985,9.81205650952722e-06,0.0007545596604894753,0.014525372415212392,0.015499629117310147,0.012239926187145032,0.0007076127005680871,0.005121761401776786,3.4912785997758816e-05,0.0005331855979806865,0.008545378135239578,0.0005119993535325522,0.007743431818422255,0.0044996936253788224,0.0023530193877406833
62,0.001372822827253821,2.6297864974953177e-05,0.00023391418390726425,0.14012071059158226,0.0009739295393916116,0.0018579685807029395,0.756622693687433,0.0004116567179806757,0.0016917495869023713,0.009207044906706794,0.02038963731893505,1.0518972241759045e-05,0.0007663874517547473,0.013770595123557897,0.012994472689454733,0.012122044238856027,0.0006770330302978934,0.004927051096664185,3.4568763530284196e-05,0.0004883204688932787,0.00770671380189769,0.00048017240632384925,0.007638199009008776,0.0030403395087762585,0.0024351576329718293
63,0.0013881872426891014,2.886372564036457e-05,0.00023687488072955603,0.13608475100436185,0.000998719020950255,0.0018892444829312581,0.7610398263859466,0.00040547888403561774,0.0017610519706862896,0.00916226658905031,0.020552551624194608,1.0789624383054177e-05,0.0007792389129812058,0.013787188778172891,0.0131720144692671,0.011752527691589071,0.0006817226575868439,0.004812288234420003,3.490020560139634e-05,0.0004683606196745735,0.007630250939637241,0.0004874258760483116,0.00735164596968266,0.0030110925963867793,0.002472737613353026
64,0.0013527194768140158,2.83002807778787e-05,0.0002756007710558007,0.1461206640960524,0.0011105926599967715,0.0019076245047684392,0.7453164175586247,0.0004337234222661083,0.0014861265156713085,0.00930820913478952,0.021803312561620308,1.094903250835802e-05,0.0007207105285017682,0.013143342146708096,0.015358012517116252,0.011126413687162771,0.000598071619689873,0.004485437823190032,3.89376706398377e-05,0.0005064416247145757,0.011027101586615058,0.0005071056919066086,0.007923906403651816,0.003045031766931492,0.0023652469182263713
65,0.0017862951855796127,2.7329547942323193e-05,0.00020518013092889878,0.13367894877858713,0.0010050020109186833,0.0015223932194428774,0.7606489861470351,0.0004061481647035614,0.0020259363282682055,0.010580802420605953,0.019827378428440887,1.3166037521162086e-05,0.0008349314219091141,0.015275433208261451,0.009330329009971805,0.013086886313137681,0.000760376206414765,0.007491263269291983,3.411069439341855e-05,0.0005309815271151624,0.006865426783525617,0.0004956188739949467,0.007417383360668798,0.003060012251497164,0.003089680679843689
66,0.0005095263598274864,1.171797778451955e-05,4.190975688168384e-05,0.026262325367450698,0.00015395285610951198,0.0011339092420168209,0.9340248008936092,0.00042092792964536875,0.0013884418981494361,0.0016248932186980908,0.003221380062903784,2.0355999883102762e-06,0.0002349421865015372,0.002465981665771243,0.011922254413694518,0.003524002416027698,0.0002954761188444271,0.0009311400819791688,1.9983276360254585e-05,0.00023448430162527895,0.0014936642359895664,0.0002565837815717209,0.007132378470048623,0.0007283450912390218,0.001964942797281919
67,0.0011812151728605937,2.4940080963153084e-05,0.0002265114628428356,0.13637299854817078,0.000867131545065569,0.0024622021666593336,0.7503588466047749,0.00033641023523837233,0.0014213908819821696,0.009212234234078793,0.021196743088593248,1.1733821745979255e-05,0.0007430941404798152,0.01751035805756034,0.013855381692029808,0.012028581304703561,0.0007518361434725669,0.005519730633694382,3.221994368165043e-05,0.0006124913555901175,0.008873936666708005,0.0005082251733504336,0.009746254914625977,0.003272719515503282,0.0028728126156243447
68,0.0010205386030786472,1.573054597453471e-05,0.00016974312312818994,0.14655272423898844,0.0005903595376385121,0.001500275252297208,0.7643971130075525,0.0003781912596636815,0.0008483775793408442,0.006115860022199912,0.014394155425994077,2.0044867052189323e-05,0.0013916627712347279,0.015432354990564124,0.003905419408936844,0.01199853462982301,0.0007709457909081039,0.011843183352222788,2.4071507964489038e-05,0.0006077703173581269,0.0074901917904401025,0.0002863494098476549,0.0069005102330852615,0.001317494125863869,0.002028398208842007
69,0.001443103169798183,2.5324877605613744e-05,0.00018658719957348469,0.16513079733329555,0.0012410548118843134,0.0011319763352573323,0.7440136888256534,0.00038307607157628954,0.0032419816791870878,0.010393453978610752,0.015589511261684057,5.838316220600693e-06,0.0005149919117683522,0.01109790813833546,0.011897440036540754,0.01292596074462146,0.0005368131982962245,0.003978105591490587,1.920636985355854e-05,0.0002807296481038988,0.004119191755561277,0.0003477664804207745,0.005258150995619209,0.003667671125648389,0.0025696701433934326
70,0.0017346840031652931,3.279346050287531e-05,0.00024893959011534553,0.1110510213862694,0.0009919873069113192,0.0015059741847140151,0.785786684650984,0.00041363274215631875,0.001465732201683358,0.008274674481098754,0.02319596931107692,1.126861797208239e-05,0.0007264895449020963,0.012183195279707458,0.015324334361870744,0.00899922864957699,0.0005809966977683828,0.004718488137906951,4.519645182700323e-05,0.00040139827318029644,0.009213679033627914,0.0005661611385486315,0.006932070676348058,0.002828739501291818,0.002766660316794121
71,0.0013086054413323084,2.6555691710288818e-05,0.00025257229323552083,0.13891395648413055,0.000916297313516608,0.001989235080686281,0.7587078628962575,0.00039977182029164406,0.0015474885736623681,0.008869113438867138,0.020570972830857705,1.0386389462851404e-05,0.0007693963460838941,0.013856979341333859,0.013610559162767993,0.011182942159130902,0.0006855724755199576,0.004725038882292096,3.469934481489635e-05,0.0004798445190256392,0.007899931393942312,0.0004931351417844143,0.007377489622993573,0.0030295763512112658,0.002342017005088365
72,0.0017571966234449972,5.087581760553445e-05,0.0003558901583037551,0.09377308963442874,0.0013149089075496342,0.001557596049109722,0.7475651936866823,0.0004777555578276289,0.0016837767120415803,0.009558048761546221,0.028694592956075536,2.601484857069129e-05,0.0008868642259848211,0.0350224961874956,0.021458659227468497,0.006249279040311891,0.0010155666913968337,0.007221424080451614,7.627703374275489e-05,0.0006733105826739904,0.01474532344872614,0.002316326818207165,0.013438784382412266,0.002665558713501144,0.007415189854440954
73,0.0014642010574654836,2.0870580769759875e-05,0.00017954831611051046,0.1430691392785902,0.0007320032842658983,0.0021390878724957727,0.754284161152839,0.00045058180779308115,0.001989404214147663,0.009455443255439122,0.016967966463156597,1.0292039019714743e-05,0.0008848737979229607,0.013469220908997877,0.008848443083683058,0.014752967546293889,0.0008564340110416761,0.006282856599549657,3.086491776902932e-05,0.000687989791642653,0.006526185689811595,0.00039935177107473384,0.010780413716762405,0.0030761467833895985,0.002641552059967955
