,0,1,2,3,4,5,6,7,8,9,10,11,12,13,14,15,16,17,18,19,20,21,22,23,24
0,4.613333275149869e-06,0.7123376479014895,0.020968294064456404,0.013917283503254989,0.0015113679181658077,4.035782263451741e-08,0.05078456151652933,0.010765833014973124,0.008730940826557008,0.00184347881966021,0.00039762147603684224,5.42240841319312e-07,0.035587461111968435,8.531585528255204e-05,2.372959737699846e-05,2.2586871553885314e-08,3.1298718615664497e-06,3.2707264107555222e-06,0.0001146574922964316,3.5062250752398755e-05,3.3232107309777103e-07,5.002904590318402e-06,8.891447934028762e-07,0.14280565748226054,7.324368139977627e-05
1,2.1870753821240146e-06,0.8595524072868234,0.00571717804751612,0.01730247201490199,0.000739548242886027,1.708567729249315e-08,0.02556374538202025,0.009040327893894317,0.004126159137967325,0.002860410282306161,0.0001190926867471883,2.0269250953091172e-07,0.008568302668280351,7.477086914142366e-05,1.989209414023697e-05,1.6201468090978294e-08,2.518953618078178e-06,2.2187978499630493e-06,0.00013480577623015773,1.3914563774013087e-05,7.518165964834971e-07,5.39319150631921e-06,9.56082484478844e-07,0.06598508838145536,0.00016762277482342108
2,2.149598542843193e-06,0.8772224281072704,0.003111725216937059,0.014119756231054421,0.0005639037690118784,1.2665058991618115e-08,0.02097751468362796,0.006208245643745068,0.0014234709059413081,0.001499975773866164,0.00010255717327654776,1.8857861506129429e-07,0.007830180368686511,7.837431953754817e-05,2.1326764643558685e-05,1.235114320474137e-08,3.3521214317309576e-06,2.3131761545797354e-06,7.40427307522854e-05,1.1761976701667788e-05,5.304568984041749e-07,6.80986555643518e-06,2.0001397590375384e-06,0.0665980892549877,0.0001392781267995538
3,1.9642288999285744e-06,0.8669049110958102,0.004131355268420088,0.016463586808348047,0.000610851519900675,1.0155958242834324e-08,0.019447603044942093,0.00649746670301375,0.0015533611526347645,0.0016500447731929212,0.00010478216883182916,1.8688815523620922e-07,0.008479003703106766,6.959499790493322e-05,1.1557860494456629e-05,8.459702472598973e-09,2.763816602560669e-06,2.761452697425257e-06,6.568568997180157e-05,1.104523107022812e-05,5.16556612596068e-07,4.745367350745307e-06,1.1470485736148353e-06,0.07385809809113024,0.00012694791667437188
4,1.8376495104760874e-06,0.8699592536660896,0.004441779555259022,0.01644152131289694,0.0007009249484157613,1.1288891823305509e-08,0.018905071055164036,0.005318090793711781,0.0014791394104408846,0.001606809929333651,0.00010383062663148782,2.0139280461271752e-07,0.010988716841930209,8.432369747668417e-05,1.0855595810618326e-05,8.243369885066869e-09,2.5570630004799014e-06,2.714221829997874e-06,5.7929549132009653e-05,1.0895839616967003e-05,4.567136346860491e-07,4.498300633292582e-06,1.138484152740875e-06,0.0697696569440708,0.00010777687619150216
5,1.5671741424097168e-06,0.8654052215522466,0.0034608372468555334,0.0202170059895515,0.0006010462714639341,8.662274042685668e-09,0.01675643780537295,0.006329198088014645,0.0010719931658733628,0.001676130919788525,9.59374468681799e-05,1.6537580583845977e-07,0.00860574394437961,6.706985111213771e-05,7.710502808371293e-06,6.6482823511600696e-09,2.6386477658528626e-06,3.41987827954985e-06,5.0045346141061885e-05,1.1158308300086682e-05,5.125514138767531e-07,4.124679459825116e-06,1.2127949577087898e-06,0.07551737234761988,0.00011343480122202593
6,1.9642288999285744e-06,0.8669049110958102,0.004131355268420088,0.016463586808348047,0.000610851519900675,1.0155958242834324e-08,0.019447603044942093,0.00649746670301375,0.0015533611526347645,0.0016500447731929212,0.00010478216883182916,1.8688815523620922e-07,0.008479003703106766,6.959499790493322e-05,1.1557860494456629e-05,8.459702472598973e-09,2.763816602560669e-06,2.761452697425257e-06,6.568568997180157e-05,1.104523107022812e-05,5.16556612596068e-07,4.745367350745307e-06,1.1470485736148353e-06,0.07385809809113024,0.00012694791667437188
7,1.8139877152536965e-06,0.8468537705912,0.0030107516028864637,0.03798125077727833,0.004672961830876039,5.297705901632287e-08,0.010040022366770523,0.02639073720566065,0.0020012628351939415,0.012082815010958281,5.5175942870568716e-05,3.746566180508013e-07,0.0016410068658005504,0.0002497775274604132,6.213010268670279e-05,1.1255379741095816e-07,8.074372093939056e-06,3.2986352551376413e-06,0.0005398144794906834,7.966366767705382e-06,7.726539661195824e-06,3.371545530056428e-05,9.321597557786445e-06,0.05367286841391281,0.0006731973051278156
8,1.6402515439733252e-06,0.8242090558101014,0.004186739381906806,0.024118539827300608,0.0005602219357158225,4.294179157549398e-09,0.016625801154698056,0.006740929685520317,0.0009664579436286036,0.0020447193387568563,3.7442727942891836e-05,1.2284370707927004e-07,0.009062821821997092,6.55475744109463e-05,8.17805278908925e-06,7.723393471852105e-09,2.9986214432260434e-06,1.6488169005510683e-06,4.080601342429496e-05,8.003534488692174e-06,4.175324459123271e-07,2.6028323895475818e-06,1.2843663296326956e-06,0.11111519374464969,0.0001988141703362012
9,1.5566320890694593e-06,0.807901527338891,0.005662894049156092,0.019766514865528984,0.0004896489535904535,2.6640441483873985e-09,0.014111174186886177,0.0058945685077926285,0.0011112195938360093,0.0013480367108355759,3.921172356385415e-05,1.176264635823785e-07,0.012053685497130595,4.5940949224876595e-05,5.612687590115625e-06,4.017452048736173e-09,2.7093239524688193e-06,1.458694852513787e-06,2.9513938404255655e-05,7.5296904440055054e-06,2.5726910915506735e-07,1.6373436833075064e-06,6.161762056742948e-07,0.13137530349418255,0.0001492580650906581
10,1.9642288999285744e-06,0.8669049110958102,0.004131355268420088,0.016463586808348047,0.000610851519900675,1.0155958242834324e-08,0.019447603044942093,0.00649746670301375,0.0015533611526347645,0.0016500447731929212,0.00010478216883182916,1.8688815523620922e-07,0.008479003703106766,6.959499790493322e-05,1.1557860494456629e-05,8.459702472598973e-09,2.763816602560669e-06,2.761452697425257e-06,6.568568997180157e-05,1.104523107022812e-05,5.16556612596068e-07,4.745367350745307e-06,1.1470485736148353e-06,0.07385809809113024,0.00012694791667437188
11,1.9398280393477327e-06,0.8666696656398172,0.004126309930294806,0.016330081489855253,0.0005987106634011023,1.0004013459313552e-08,0.019223096042109637,0.006051645948112733,0.001470497683922074,0.0015863535152074956,0.00010400613754808607,1.9177927831231493e-07,0.009594838663910716,7.089456794210542e-05,1.0761630230742404e-05,8.021667575540583e-09,2.756408088420332e-06,2.8305074056639996e-06,5.9680294146736216e-05,1.1330909274425283e-05,4.731972066074295e-07,4.5937943596823125e-06,1.1371266716383494e-06,0.07396023083846807,0.00011795537902831689
12,1.2196845705289027e-06,0.9086655267355135,0.001492863448019962,0.014459844493041146,0.001181751087984941,1.2849788834308487e-08,0.006549942520559335,0.002149657391110455,0.00012355354258775255,0.0013542902874076814,5.1331904136005905e-05,2.510833619010541e-07,0.009070056859604858,0.0001734220125444637,4.480189670562948e-06,7.865431381077254e-09,3.641013513663107e-06,6.3447059400606835e-06,2.059559521755942e-05,5.608735813485082e-06,4.5686191031762086e-07,8.904527042346799e-06,4.289094044676235e-06,0.05461462635822868,5.7321152956189105e-05
13,3.1637983787513063e-06,0.8553735868978947,0.009639603961024526,0.01726717865952212,0.0009926379787709551,1.1820215945468266e-08,0.023154229975487627,0.008929724985708569,0.0029929986840276277,0.0008507896719058665,0.0003065800308802061,6.43248996312311e-07,0.013452967290710221,0.00012993579139162118,2.1039014638000206e-05,7.257414286143068e-09,4.723307065267605e-06,2.7695766915005253e-06,0.00010943950161729733,1.5141152717717834e-05,6.707476378065693e-07,7.139771793390675e-06,1.0543331652470517e-06,0.06661001419394141,0.000133948348403383
14,3.827858380419621e-05,0.5022592876588962,0.04270910350369688,0.049399019495852264,0.0010763244093929963,2.43833276771495e-08,0.14774794214638115,0.04362227597831616,0.006011496410093721,0.0009634602361896767,0.0005046160346749574,4.1230320164248415e-06,0.012128327092134388,0.00041129820187226233,8.633054159304765e-05,8.454156642466364e-08,2.1150550609863614e-05,6.205164738372563e-06,0.00036685165778582225,7.670683128426833e-05,2.0516836239499036e-06,2.3175332327429648e-05,9.330812122589833e-06,0.19116848598958983,0.00136404972810941
15,1.9642288999285744e-06,0.8669049110958102,0.004131355268420088,0.016463586808348047,0.000610851519900675,1.0155958242834324e-08,0.019447603044942093,0.00649746670301375,0.0015533611526347645,0.0016500447731929212,0.00010478216883182916,1.8688815523620922e-07,0.008479003703106766,6.959499790493322e-05,1.1557860494456629e-05,8.459702472598973e-09,2.763816602560669e-06,2.761452697425257e-06,6.568568997180157e-05,1.104523107022812e-05,5.16556612596068e-07,4.745367350745307e-06,1.1470485736148353e-06,0.07385809809113024,0.00012694791667437188
16,1.8039364242409404e-06,0.8766575591508889,0.0030926401728206573,0.01850456764216207,0.0005343492985566443,1.1530903887592342e-08,0.019443345030205242,0.0067454332544857176,0.0012480893099684988,0.002278206402585504,9.763530462360168e-05,1.748419787118848e-07,0.006860176402661994,6.965535017645051e-05,9.554877845017294e-06,1.0070225704774215e-08,2.5337949698263108e-06,3.5890423265953183e-06,6.612873200411732e-05,1.1704627490622522e-05,7.338219685104401e-07,5.198442892724811e-06,1.247567536126531e-06,0.06423940231787717,0.00012624907642159457
17,1.8871761700589845e-06,0.8707713089445844,0.0039754026331694226,0.01191806134949665,0.0005658052032332114,9.94074766464407e-09,0.01877562064208757,0.006770070074121431,0.002020340611248628,0.0016489608088270412,0.00010593258177010823,1.504077511346109e-07,0.006939002806617507,4.951874194648177e-05,1.5074942011074678e-05,8.364693875861104e-09,2.7327231108576402e-06,2.149880242849599e-06,7.652686106291439e-05,9.428124888326206e-06,4.891841601524401e-07,4.800773973699056e-06,8.767750463085212e-07,0.07622996146667876,0.00011587898235980513
18,1.1154323287380153e-06,0.8632250399826216,0.006289151877869059,0.029623007874806637,0.0020729976730992773,6.420281136174775e-08,0.026990374679507267,0.009028053606236671,0.007243200662669747,0.0030665439275784933,0.0003704425704891377,1.7189232816054537e-07,0.010998996104631028,0.00011838565750981745,3.600259507532826e-05,2.1982529992913115e-08,1.281247522647322e-06,1.7245353427250541e-06,0.00018188742592721322,2.0693925748582098e-05,8.772733888907437e-07,3.7319192497007386e-06,1.6215509186806188e-06,0.04062987091980782,9.474048000146843e-05
19,2.9314915269057973e-06,0.8681490214381758,0.0017717141263138194,0.011509650753050459,0.0002494968481677164,9.22210709387174e-09,0.027215580122545078,0.005656630383853002,0.0008952495526540707,0.0012773613122317078,0.0001057144852308724,1.014864865058518e-07,0.0036977258438047164,4.094897997689404e-05,1.5405609640236238e-05,1.1103706463404885e-08,2.668591228922351e-06,3.220811666086309e-06,6.505887882854002e-05,9.082753736760513e-06,5.975849527987985e-07,4.692436575281898e-06,2.040694148336934e-06,0.07917231322388855,0.00015277226550328656
20,3.6182934710998257e-06,0.8366488486706195,0.006852291404636719,0.019884893972630456,0.0004478948131445402,1.768785966361773e-08,0.039665938951403974,0.0031621978507278712,0.0017433836162645058,0.00132751711672038,0.00017603773291025314,1.851572458903118e-07,0.011669290875012239,9.13877258814147e-05,7.719522575695778e-06,1.2046641043262092e-08,1.251063032913751e-06,3.885444839328216e-06,4.795234182813389e-05,1.5185656805409422e-05,3.627741734009646e-07,1.5793593173644154e-06,1.1760878394936098e-06,0.07807095811777871,0.00017641371664001802
21,2.806671537484574e-06,0.8385605749634915,0.005601338603562,0.022560336899184467,0.0006641515602539806,1.5266901592484795e-08,0.030116986053008412,0.005694139737195971,0.0013237804607287263,0.0020495707186468696,0.00011823426782036359,3.2840625424598983e-07,0.015575875656721633,0.0001200045360196827,9.018408751443063e-06,1.5333791318465187e-08,2.4641075129792836e-06,3.97886554842236e-06,5.941536907750677e-05,1.8531356551479096e-05,5.400393894870732e-07,4.239425419116769e-06,1.6569020176204893e-06,0.07737834297937071,0.00013365341124314825
22,2.4145047611396725e-06,0.8495600507768462,0.005134929646913578,0.017587764126036864,0.0006422382755641099,1.3521709234211469e-08,0.02283500421884794,0.007722054394292085,0.0015830116257174315,0.0016655191738625386,0.00016764961351369722,2.53407635809962e-07,0.008244972415078438,7.741416657478255e-05,1.16367671233335e-05,9.997524185333e-09,3.618986682886785e-06,4.715875138687612e-06,6.663559144425628e-05,1.5074167431138217e-05,7.778592418636302e-07,6.308605323660515e-06,1.3442757393931135e-06,0.08455009695255937,0.0001164910544375554
23,1.9642288999285744e-06,0.8669049110958102,0.004131355268420088,0.016463586808348047,0.000610851519900675,1.0155958242834324e-08,0.019447603044942093,0.00649746670301375,0.0015533611526347645,0.0016500447731929212,0.00010478216883182916,1.8688815523620922e-07,0.008479003703106766,6.959499790493322e-05,1.1557860494456629e-05,8.459702472598973e-09,2.763816602560669e-06,2.761452697425257e-06,6.568568997180157e-05,1.104523107022812e-05,5.16556612596068e-07,4.745367350745307e-06,1.1470485736148353e-06,0.07385809809113024,0.00012694791667437188
24,1.1282642106392425e-06,0.8923392782321069,0.003113948407476186,0.023566574559358896,0.0007086647532195111,9.873459225470781e-09,0.01348703322535518,0.004587467566734892,0.0009536884028450228,0.0019164807867911445,7.673433229610365e-05,1.6257213335095822e-07,0.010515965658729358,9.379817915986979e-05,5.997248075833539e-06,6.332191374532147e-09,1.8229745509518344e-06,2.949807738041619e-06,4.728634982219746e-05,1.0535386977139696e-05,4.5542931874599405e-07,3.5522698269663857e-06,1.089416110812172e-06,0.04846420063738598,0.00010116933412563563
25,1.740184695112257e-06,0.8834580758842613,0.003687540358637825,0.013755440137126899,0.0006104801797326044,1.0743021576460522e-08,0.016532371239201666,0.0052620285952271325,0.0015458228383758246,0.0017041592828458175,8.640476889569013e-05,1.5642688730334515e-07,0.007478548390756101,6.705298518657173e-05,1.20386608470008e-05,8.311497550743327e-09,2.3764318289491513e-06,2.3825379210849873e-06,6.17948359185759e-05,8.950770414368391e-06,4.6958494327090516e-07,4.675094860070321e-06,1.0453374842400165e-06,0.06559081599540965,0.00012561042402387497
26,2.9161776674208916e-06,0.7608055576020918,0.0054315022570402575,0.011639331124087292,0.00040641261261833045,4.046054312256441e-09,0.018123287458141943,0.007365277731907975,0.0011304100347949233,0.0009892698260927117,8.289069896853947e-05,1.6570180344074585e-07,0.01052009316236679,3.189311879300727e-05,6.364913223351519e-06,4.12229768266947e-09,4.745366282086958e-06,3.50232641493904e-06,3.240501830100665e-05,9.58756367410488e-06,2.7896697120913745e-07,3.54943788754241e-06,7.434699660105338e-07,0.18331414019662765,9.56670659256742e-05
27,2.2779187851504755e-06,0.868333564963667,0.00420280090057105,0.013739187569247132,0.0005102655086574862,1.3991301651442938e-08,0.02108257487641089,0.008586029069198297,0.003011915276086668,0.0020501362381051755,0.00010415145526251771,1.5947734966824628e-07,0.0059084653957919096,5.386339250089299e-05,2.038872588154479e-05,1.1299534289509728e-08,2.8875740794241075e-06,2.5441388621360768e-06,8.759293056302667e-05,1.331792195009826e-05,5.978504826267762e-07,7.175510522653625e-06,1.08403930008322e-06,0.07209642225617448,0.00018257171971429082
28,1.9642288999285744e-06,0.8669049110958102,0.004131355268420088,0.016463586808348047,0.000610851519900675,1.0155958242834324e-08,0.019447603044942093,0.00649746670301375,0.0015533611526347645,0.0016500447731929212,0.00010478216883182916,1.8688815523620922e-07,0.008479003703106766,6.959499790493322e-05,1.1557860494456629e-05,8.459702472598973e-09,2.763816602560669e-06,2.761452697425257e-06,6.568568997180157e-05,1.104523107022812e-05,5.16556612596068e-07,4.745367350745307e-06,1.1470485736148353e-06,0.07385809809113024,0.00012694791667437188
29,1.9642288999285744e-06,0.8669049110958102,0.004131355268420088,0.016463586808348047,0.000610851519900675,1.0155958242834324e-08,0.019447603044942093,0.00649746670301375,0.0015533611526347645,0.0016500447731929212,0.00010478216883182916,1.8688815523620922e-07,0.008479003703106766,6.959499790493322e-05,1.1557860494456629e-05,8.459702472598973e-09,2.763816602560669e-06,2.761452697425257e-06,6.568568997180157e-05,1.104523107022812e-05,5.16556612596068e-07,4.745367350745307e-06,1.1470485736148353e-06,0.07385809809113024,0.00012694791667437188
30,1.9642288999285744e-06,0.8669049110958102,0.004131355268420088,0.016463586808348047,0.000610851519900675,1.0155958242834324e-08,0.019447603044942093,0.00649746670301375,0.0015533611526347645,0.0016500447731929212,0.00010478216883182916,1.8688815523620922e-07,0.008479003703106766,6.959499790493322e-05,1.1557860494456629e-05,8.459702472598973e-09,2.763816602560669e-06,2.761452697425257e-06,6.568568997180157e-05,1.104523107022812e-05,5.16556612596068e-07,4.745367350745307e-06,1.1470485736148353e-06,0.07385809809113024,0.00012694791667437188
31,2.0001903427839364e-06,0.8875875883242978,0.003542404410248664,0.012660377333637472,0.0005375370694780744,1.8751153542620472e-08,0.026217753828864227,0.005163268864162381,0.0022224406706425185,0.001600580092477138,0.00015844778142425325,1.5905838211094303e-07,0.00620567898798733,7.62570820297711e-05,2.2902011932849388e-05,1.2804189650896561e-08,2.188808362154832e-06,2.3869269621994256e-06,8.804171515204822e-05,1.1519619257191726e-05,6.051534213056969e-07,5.911707717023588e-06,1.4942809392235443e-06,0.05375577468604299,0.00013464984089507339
32,2.0472947032974303e-06,0.8695065325565688,0.0041303994301424675,0.016027873763221418,0.000632592803599527,1.0980620494548556e-08,0.0196577744924893,0.007049985018912509,0.0018004250906638111,0.0017675574181202304,0.00010739829342096627,1.9287734836079387e-07,0.00805380815799714,6.98806626979215e-05,1.3581457891639292e-05,9.470057465059907e-09,2.928106931147623e-06,2.65084451939974e-06,7.930844202405476e-05,1.106744928935408e-05,5.773260886088744e-07,5.281477721671263e-06,1.1441107887282674e-06,0.07094259763352052,0.00013437484066100593
33,1.031921114370981e-06,0.9168906013806054,0.001076826668693659,0.00883387988142981,0.0005909150098231971,5.0491582469774575e-09,0.006231419086065147,0.002886833907699699,0.00018972227576758566,0.0009329565086700586,4.6854978929618576e-05,1.5275723565252417e-07,0.011310837440705263,6.123720639385341e-05,4.132785443649254e-06,3.2746850982083976e-09,3.650355568511559e-06,3.3573966224096756e-06,2.434119424916336e-05,5.483740531470466e-06,2.1535533065191165e-07,8.101023860946179e-06,1.3084603945917338e-06,0.05086922209986839,2.691024115365157e-05
34,4.352584349951508e-06,0.8592464782421352,0.007850988584875785,0.00911507183237394,0.0004654353549879703,1.7661142396669484e-08,0.032694607367348055,0.007558804537875601,0.011588514185056905,0.0018937136540399776,0.0001275192904183698,1.8655767321795627e-07,0.007628199834196724,5.637877273367529e-05,3.640297132177196e-05,1.448322633879965e-08,2.0328737660638006e-06,1.4641546791985142e-06,0.00018925016671607556,1.1214729191511893e-05,5.044761531749311e-07,5.073428501934514e-06,4.565562810392415e-07,0.06127855830805547,0.00024475939289959404
35,3.6850955352597495e-06,0.824263439327888,0.003527008192146289,0.018974662992418487,0.00026484619339345035,5.88253585029679e-09,0.01900909314167876,0.021190799918304366,0.003261623603002884,0.0033056951318082006,6.945870216028491e-05,1.995981934576484e-07,0.005533908300638757,2.476294114086432e-05,6.663363209144396e-06,6.810519017050919e-09,4.750943297365823e-06,5.778555116896996e-06,0.00011395890418980835,1.67046387255501e-05,7.476211479105163e-07,7.641299916222845e-06,4.690480263013728e-07,0.10013953874509465,0.00027455104991227786
36,1.957795114854893e-06,0.8672609616500461,0.004099111724834622,0.016448131208086306,0.0006056716115190625,1.0256933237664151e-08,0.01954213049332514,0.006453244348327957,0.0015458560726442873,0.0016482486695374634,0.00010561063598001433,1.8493243859322353e-07,0.008413663277150978,6.936975522661124e-05,1.151936272757918e-05,8.458465509699816e-09,2.730555838944425e-06,2.7869828543164363e-06,6.514837071182634e-05,1.1092190864245636e-05,5.168274523116731e-07,4.735461879885836e-06,1.152662346656722e-06,0.0735799242898035,0.00012623240588998687
37,1.9918429847825786e-06,0.8665894041648599,0.004153870983643437,0.016391632251066306,0.0006071432478439929,1.0059875292366531e-08,0.019516834826151897,0.006444728881611371,0.0015363438358972777,0.0016280358985953061,0.00010483190981632624,1.8822297220362038e-07,0.008523217376334827,6.983093956268635e-05,1.1439327572481313e-05,8.392157930171438e-09,2.767826961445596e-06,2.7785111933178944e-06,6.512145043341968e-05,1.100189359172145e-05,5.123240989478696e-07,4.723854568638452e-06,1.1416847437831087e-06,0.07420578124952627,0.00012665904393649157
38,3.975796549079756e-06,0.8526245518099392,0.003650947867032629,0.00976135582506161,0.00041931912136536294,3.4885513811909064e-08,0.05371834386752335,0.004408053997057119,0.0018590871146310275,0.0016708842613030578,0.00022510429629971093,1.9867992711720273e-07,0.006353092490786593,8.982717371534306e-05,2.9564168510518e-05,2.9797156903883624e-08,1.970035561812456e-06,3.6162143331993107e-06,9.116566077820354e-05,1.5681870513555304e-05,6.98415088152559e-07,7.054101862739836e-06,2.5503120667763073e-06,0.06494309743744396,0.00011979479997917184
39,3.357639005333026e-06,0.7683718702682403,0.009452917355154194,0.04462597284955358,0.0014925839030691412,2.8256244406463212e-08,0.03235798432311558,0.025866449783953038,0.003883718366532747,0.004588244420996804,0.0002066402048346466,5.807209335439637e-07,0.008992381693264682,0.00012705932368483285,2.1656704456080354e-05,3.8125546795364825e-08,5.5521337768316045e-06,5.127224671555092e-06,0.0002155645156115586,3.342974558473388e-05,2.354902385286653e-06,8.729221088068826e-06,2.507992325607214e-06,0.09943384376700172,0.00030140655896878564
40,2.300976022148564e-06,0.8842198963653436,0.004243698539735335,0.013248884596353538,0.0005920670041559546,1.1075629695244956e-08,0.018901594395061613,0.0051326490043738125,0.0015264225276738147,0.001343617960903532,0.00011009690394533467,2.0917456921440452e-07,0.007818844679067795,8.151295428503335e-05,1.2656019614883794e-05,7.99566930379055e-09,2.6184223848445775e-06,2.746521481167674e-06,6.551057126226555e-05,9.502153853775016e-06,4.957386628113225e-07,5.527783316986841e-06,1.0589264087210283e-06,0.06255312417837557,0.00012494553184908095
41,1.0045749376817841e-06,0.8813699608950218,0.008929013055390138,0.013281450015013956,0.0016545391494956335,1.774442478312671e-08,0.01115246490567065,0.005168896688626587,0.007864510203792289,0.0027018218059432007,6.477715217680656e-05,9.921654122679454e-08,0.00804796703176623,7.824530522120017e-05,2.8703437845639752e-05,9.802900378093478e-09,1.3314199371958195e-06,6.955302040427967e-07,9.172596846656884e-05,5.6658735149186366e-06,4.5163013969151024e-07,2.6701102688228002e-06,4.585033977456973e-07,0.05938457640211348,0.00016894357718912604
42,2.3536757221645195e-06,0.8528851279430725,0.0034548352403484784,0.013993795298286994,0.0005781732512881168,1.015224273673403e-08,0.02120692454179947,0.019695852258390344,0.002696551412554059,0.0025769693147949437,0.0001150488850413906,2.1444391456691353e-07,0.00433970296232896,4.412470501045366e-05,3.0821705025821695e-05,1.784595684815219e-08,6.41752302276468e-06,2.2271076334779276e-06,0.0001938708867443605,1.5295593353992186e-05,1.2153353134271724e-06,1.4294445368625613e-05,1.4007335026692043e-06,0.07799079422915232,0.00015396051013034532
43,1.0869822803847417e-06,0.8796537270304174,0.0021191848860835794,0.017816278464925037,0.0011033132098349212,2.510755620826338e-08,0.012716190655159226,0.013183660643813922,0.0022158229611378886,0.006619663457326267,8.247111791209886e-05,1.3035888686743585e-07,0.00392490882565542,5.215451843301293e-05,2.021326239547619e-05,2.3012596599228832e-08,3.3756811514562476e-06,2.9105141709024194e-06,0.00014462881106466394,1.0698166403606492e-05,1.6012970169189825e-06,1.0659687264826808e-05,1.6212683887862864e-06,0.060188157639005806,0.00012749244111853405
44,1.9642288999285744e-06,0.8669049110958102,0.004131355268420088,0.016463586808348047,0.000610851519900675,1.0155958242834324e-08,0.019447603044942093,0.00649746670301375,0.0015533611526347645,0.0016500447731929212,0.00010478216883182916,1.8688815523620922e-07,0.008479003703106766,6.959499790493322e-05,1.1557860494456629e-05,8.459702472598973e-09,2.763816602560669e-06,2.761452697425257e-06,6.568568997180157e-05,1.104523107022812e-05,5.16556612596068e-07,4.745367350745307e-06,1.1470485736148353e-06,0.07385809809113024,0.00012694791667437188
45,8.963381313062555e-07,0.9477865820514052,0.0008624393124388712,0.020460851218781526,0.00023840737570971933,1.1764935076714215e-08,0.0053230397974449355,0.0011528334702862447,0.00020491569435021221,0.0015668168400083512,5.444094351064279e-05,8.108287837676751e-08,0.001790910273752235,7.783084697432453e-05,1.932728549550643e-06,3.4559227271555423e-09,8.499068267958965e-07,1.0276245355931064e-05,1.5211412764424925e-05,4.811940196807578e-06,9.137406380362223e-07,2.56397823309813e-06,1.2664053312541122e-06,0.020248371256127672,0.00019374191944663175
46,2.5329092523642653e-06,0.7450255306030908,0.003705095190592414,0.015134044336271425,0.0005662039781144199,1.8503140672094466e-09,0.008637420043308159,0.014134231231884141,0.0005735873344585189,0.0008791847509710282,6.622506548902479e-05,2.869288357455915e-07,0.011868593368870558,2.7627173236443364e-05,6.3281335484691366e-06,3.241231908117834e-09,1.732638941469249e-05,3.067074536597149e-06,4.3008872857175676e-05,9.346966032951248e-06,3.8016938865542065e-07,5.855503694946605e-06,9.874674209961612e-07,0.19920088471069788,9.224670648662376e-05
47,5.483392571001865e-06,0.8650264103169525,0.003615869544796694,0.006845029987824597,0.0002609422539197282,7.660643846087283e-09,0.022420271411967795,0.005634425991322516,0.0010007047089209975,0.0010977141160368393,9.098900973289052e-05,3.166323117763272e-07,0.006863309737481814,4.6682039367140154e-05,1.0540528145186262e-05,9.69540477660288e-09,4.463529657518709e-06,4.324714266438138e-06,5.7411996438777786e-05,1.217754730492326e-05,4.2430497768269766e-07,9.798032030928582e-06,8.801052977609926e-07,0.08686585689743971,0.00012595584518632522
48,1.5720399299811816e-06,0.8764215476778692,0.001411746862330692,0.010180104412710838,0.0003585017916654342,3.4208043337008864e-09,0.012842762945778987,0.007410324298869029,0.000661816207692929,0.0015594286586631278,4.421137994291011e-05,1.0401445884059052e-07,0.007078023722037384,3.083912308050105e-05,1.0610588164854372e-05,6.043302091901326e-09,5.307769517954963e-06,1.702283942736432e-06,7.037698919541244e-05,5.990815914434949e-06,3.7316158688190595e-07,5.857709381579306e-06,1.0820072528141973e-06,0.08182135462793144,7.635144797581951e-05
49,2.2518668485162865e-06,0.8612033932469619,0.006136040187400492,0.01951769614669638,0.000971263570494856,1.790340645769815e-08,0.02009499693943133,0.007711296608233481,0.0018337367246795248,0.0018075370878172137,0.00016123511902930548,3.7154153184655337e-07,0.01120019962313532,0.0001107243138746788,1.2424447087510377e-05,1.097574629446884e-08,3.3363060436270133e-06,4.197533021861338e-06,7.438321394542662e-05,1.711466336696359e-05,6.741520441806721e-07,7.53047738039981e-06,1.4105456154652922e-06,0.06900757117121047,0.00012058563499655008
50,2.0477801627597974e-06,0.8697100146022004,0.003661124564141792,0.016973988028843933,0.0005755033438026468,1.2194929338094706e-08,0.02413569286628962,0.006367036516714632,0.0017588156555899583,0.002334916763090057,8.584556052479356e-05,1.6207152636224e-07,0.0085189541374197,7.59085626099395e-05,1.2127966154215276e-05,1.177970274437719e-08,2.2233246505295898e-06,2.5355598175960606e-06,8.033221508067094e-05,1.1008414858231373e-05,5.264669918368409e-07,4.994439098163117e-06,1.1677816110072794e-06,0.06555056511005801,0.0001344842941308737
51,1.4116279740935565e-06,0.8749535332758088,0.00303418176297646,0.02522629135221639,0.0004514057012081378,8.84841936021355e-09,0.021390938571982578,0.006512988422705634,0.0010354780541747125,0.001898986922595633,0.00010979533687550505,1.6136051875472312e-07,0.008699547910547568,7.961144410034742e-05,5.252458088095217e-06,5.020800219490698e-09,1.833159968444077e-06,4.880645067129221e-06,4.579905992892827e-05,1.3031332111902859e-05,5.854584085807831e-07,4.4451983863181186e-06,1.0080594635065868e-06,0.056435880881215594,9.293813445708838e-05
52,2.2539623319902342e-06,0.8858668986438146,0.0024965159073885245,0.011025830292251033,0.0002634579658345051,8.705599520418157e-08,0.03998187201417008,0.002189082866449926,0.0014754518676924453,0.001823593232406158,0.00031027010101836356,1.3570214576475897e-07,0.009972320408889061,7.963405606916047e-05,7.756362762960951e-06,1.2598089882084302e-08,8.007065286911267e-07,1.6736531745600104e-05,2.144723177064029e-05,3.466945183982785e-05,3.693804392796902e-07,7.731504809075063e-06,1.9808011734522462e-06,0.04436731282465316,5.377852973041098e-05
53,3.2659210203355353e-07,0.8987987171800411,0.0038830161047788588,0.020969885110911402,0.01827981966606922,1.403344458947259e-09,0.00017111147885156747,0.009626938080632036,0.00044360549952171936,0.002647073373698617,7.049374546359346e-06,6.002063274421181e-07,0.01043335376101549,0.0001073151460653121,1.307970298717225e-06,6.878109160351769e-10,9.250510323246146e-06,1.0574786709485672e-06,8.563860007106557e-05,6.453350798671541e-07,6.523134679713546e-07,4.860105307179968e-06,8.370940251984264e-08,0.0344597012841999,6.798902746219601e-05
54,2.4394262093288266e-06,0.9087939305845905,0.0029938598596387506,0.009727709438144942,0.00023123693727705188,1.1806726526532172e-08,0.02901385274622561,0.0022359731363874235,0.0013965829667749318,0.0016470255786987034,5.260680784656322e-05,1.2324034568154875e-07,0.005773431829641241,8.901461545768801e-05,1.2882016011625165e-05,1.3315982235911609e-08,1.002911163854087e-06,1.7174804257223134e-06,5.0713126900005255e-05,8.746915230923335e-06,3.5313377017030593e-07,3.820355828147622e-06,9.82167714034685e-07,0.037757832269192784,0.0002041373338157141
55,3.00758571828024e-06,0.843260941534025,0.007092746529393941,0.01597873052233266,0.0003694815358561119,6.819844066987485e-09,0.022325797294743877,0.0060964973410823,0.002450294642544404,0.001148531659604602,0.00011174381692928509,2.7944209434329705e-07,0.015539313870244969,5.397869972419403e-05,5.854715549485478e-06,4.385341691252601e-09,2.282717187136081e-06,3.6908384136501636e-06,4.654908878585387e-05,1.6631159008114076e-05,2.633110015761889e-07,3.1053449843107013e-06,4.685023654004115e-07,0.08533652506971415,0.0001532735735106231
56,1.9554577334373088e-06,0.8658468842768712,0.004174065454112731,0.016149131949045777,0.0006086880784504754,9.901421937875705e-09,0.018969150060849715,0.006100440751544008,0.001497939008757186,0.001564386893660604,0.00010443848759867375,1.9232297726049634e-07,0.009819141850094642,6.956762016326668e-05,1.0878326365786155e-05,7.913200885307637e-09,2.806349924618374e-06,2.7825917862123566e-06,6.0597981373073384e-05,1.1263160403866442e-05,4.670387433608139e-07,4.52550738285467e-06,1.105530809680382e-06,0.07488432181629573,0.00011525167043297835
57,1.7792848886068035e-06,0.8463926048225476,0.007786016943610302,0.018788445274552007,0.0015184299948077093,9.194793095673682e-09,0.010942520512610698,0.013194593860741163,0.0029294328803558083,0.002900074841824267,7.65397480572752e-05,4.4633743758477114e-07,0.014157248992034712,8.248519194673962e-05,1.2957414554946614e-05,1.063986426821505e-08,6.075699072463158e-06,2.1423484340042038e-06,0.000130273272873712,1.2274402243794652e-05,7.303067345790406e-07,7.692788810546685e-06,6.830109377752937e-07,0.08091317194540248,0.0001433602908636835
58,1.966876503255977e-06,0.8537118456725733,0.003957463651915914,0.014842988099906772,0.0005721661965408113,8.009756876443774e-09,0.01832972386455544,0.006546953584845931,0.0013009817551480193,0.0015061552412753382,9.508093767408042e-05,1.7244983394364215e-07,0.008530842844196118,5.822272946871352e-05,1.0666576052228492e-05,7.3886678580660135e-09,3.2181649750730147e-06,2.7515254890296617e-06,5.6195062605011724e-05,9.840402409594491e-06,4.7364958408239183e-07,4.527012020726041e-06,1.1342802977565854e-06,0.09034287725322243,0.00011373677048175173
59,2.1607765762134835e-06,0.8315892853448137,0.005006729918989259,0.01505213827908387,0.0005849754907606608,7.525787977819269e-09,0.019445723709657595,0.0071688183250906146,0.0013906655524886116,0.001452194147263805,9.943883188327847e-05,1.8978793887312828e-07,0.008962650492130166,5.651947513292389e-05,1.0340231049266248e-05,7.361480450116477e-09,3.4652868621244364e-06,2.9418077183698986e-06,5.211809081275026e-05,1.0804123341707794e-05,4.748648395557425e-07,4.3750511353377046e-06,1.062202816833879e-06,0.1089839991124178,0.00011891420992821018
60,1.9642288999285744e-06,0.8669049110958102,0.004131355268420088,0.016463586808348047,0.000610851519900675,1.0155958242834324e-08,0.019447603044942093,0.00649746670301375,0.0015533611526347645,0.0016500447731929212,0.00010478216883182916,1.8688815523620922e-07,0.008479003703106766,6.959499790493322e-05,1.1557860494456629e-05,8.459702472598973e-09,2.763816602560669e-06,2.761452697425257e-06,6.568568997180157e-05,1.104523107022812e-05,5.16556612596068e-07,4.745367350745307e-06,1.1470485736148353e-06,0.07385809809113024,0.00012694791667437188
61,2.108754084312724e-06,0.8431389128254384,0.005303622899170409,0.015215670732719426,0.0006230254557152967,8.259505859084486e-09,0.01925372570071663,0.006818400535224627,0.0015415020991127386,0.0014298227342860051,0.00010678092367677312,2.005069140200056e-07,0.009203788501183596,6.185614471308982e-05,1.0861624561078853e-05,7.492900755347419e-09,3.229091118546389e-06,2.7903574580284523e-06,5.612051111866119e-05,1.104167164620544e-05,4.798369407095521e-07,4.347467493204453e-06,1.0134370800130798e-06,0.09708980383515976,0.00012087860206180632
62,1.9642288999285744e-06,0.8669049110958102,0.004131355268420088,0.016463586808348047,0.000610851519900675,1.0155958242834324e-08,0.019447603044942093,0.00649746670301375,0.0015533611526347645,0.0016500447731929212,0.00010478216883182916,1.8688815523620922e-07,0.008479003703106766,6.959499790493322e-05,1.1557860494456629e-05,8.459702472598973e-09,2.763816602560669e-06,2.761452697425257e-06,6.568568997180157e-05,1.104523107022812e-05,5.16556612596068e-07,4.745367350745307e-06,1.1470485736148353e-06,0.07385809809113024,0.00012694791667437188
63,1.847406345051098e-06,0.8772049731829248,0.003583201137217354,0.01387037157566165,0.0005026520825211081,8.792693834548657e-09,0.017781684631857798,0.005590094975104141,0.001404578227151455,0.0014468984179727483,9.68141743528442e-05,1.5797165624770806e-07,0.007822033680821662,5.8727385817389954e-05,1.0923035487809198e-05,7.04216277628192e-09,2.6035787938369105e-06,2.5812885407697515e-06,5.7173451385397914e-05,9.884995867755167e-06,4.4960920826487567e-07,4.500500653626246e-06,9.999520386245723e-07,0.070432054146552,0.00011477875721111326
64,1.921439235896033e-06,0.8686210255431285,0.004050606018322066,0.01704048005588861,0.0006644578650344673,1.0598571507823913e-08,0.018516534627734324,0.00742050879256668,0.0015227273509237926,0.0018047770466708942,0.00011647974731340779,2.0343400394316434e-07,0.0068007851298538535,7.022765137748108e-05,1.2818546366744465e-05,9.485484394088027e-09,3.0958693615175833e-06,2.952582869896959e-06,7.742903781810121e-05,1.0655833599439791e-05,7.712560042052316e-07,5.191570714971382e-06,1.2119922859724329e-06,0.07311872110111282,0.0001363974237568017
65,2.0323493752719968e-06,0.8536232776288019,0.006317701838692055,0.05223589807035,0.0036034838179372325,1.010753036954498e-07,0.017470415826066992,0.007440665985856215,0.001029772587776364,0.005145914822130466,0.00022798348196186415,9.085299984503756e-07,0.01006487301531636,0.00047218670199776464,1.0087158793064108e-05,4.348132110577871e-08,2.8324342649409142e-06,1.3525272001420189e-05,0.00011004130428191874,2.718753025478563e-05,2.7095559119867584e-06,1.1953481128289223e-05,4.9423648135163145e-06,0.042001558603201726,0.00017990308246270886
66,1.995739306150385e-06,0.8631571281474559,0.004442899055613199,0.01812285164333692,0.0006406587394073795,1.1412742877203409e-08,0.020972893145308466,0.007003875943203365,0.0018058672420661792,0.0019278727750643234,0.00010633277268878054,2.0099597470090803e-07,0.009568696809802671,7.352957535808345e-05,1.1436707853855155e-05,9.655655082791669e-09,2.672751466109608e-06,2.8304031450385564e-06,7.269936570864038e-05,1.2741555200234254e-05,5.325547606636873e-07,4.809983774614932e-06,1.1206861113852567e-06,0.07193485028767249,0.00013148205132269467
67,2.1486950854054413e-06,0.8625243459801245,0.0045247284419845935,0.018391194785310722,0.0006290740517671213,1.2780998100914491e-08,0.022813219773951274,0.005884414906322923,0.001402933973598749,0.001568272000382531,0.00012126225899958219,2.2115597289978865e-07,0.009426798720419925,8.975863544692092e-05,1.226980558832133e-05,1.0585192294001578e-08,2.6950266101951566e-06,3.211791385845331e-06,6.14791478126337e-05,1.3804909084831305e-05,5.401869954356747e-07,4.9152306534516525e-06,1.587118468373745e-06,0.0723841032204893,0.0001369968173540115
68,2.3244767071554617e-06,0.869176186214115,0.002946742341278181,0.015280299954396483,0.0003473684830445797,1.2957833032548365e-08,0.022416772332100335,0.005458763038559641,0.0009557476049208586,0.0012957549567436015,0.0001500284897513428,1.8230164764693203e-07,0.006381342584859722,5.62038974035756e-05,9.06723475692798e-06,8.448552311795982e-09,2.7270990908802227e-06,5.837447555403782e-06,4.1719337897253124e-05,1.6877505518569124e-05,5.61482090809944e-07,5.774217411486644e-06,1.790815504053397e-06,0.07532258871856656,0.0001253180596944813
69,2.0741894396271986e-06,0.8098168863044627,0.005172614764426996,0.022620170355053596,0.0004202506139778381,6.474881921102986e-09,0.022606144708713045,0.009662645444923526,0.0016977591242526141,0.0019852453861933907,8.310143723667719e-05,1.719440414953372e-07,0.010032965399834717,4.435102183133507e-05,8.579287184689812e-06,9.0654444660064e-09,3.2704029747103867e-06,3.0323326989347576e-06,5.5971986265703225e-05,1.867397832786634e-05,4.917648650336656e-07,3.2574080380027195e-06,1.0165783440786332e-06,0.11557929553418636,0.00018201449240085656
70,1.66919097455456e-06,0.8592944497413906,0.0029665223178690636,0.013912494983432945,0.0005399809895049932,7.993083658252038e-09,0.017512578757959512,0.009175623421996687,0.001603384726861062,0.0018383241730674875,0.00010235903677742078,1.3436545108830283e-07,0.006361575304245925,3.9370654442416875e-05,1.318643827828021e-05,7.657328094920668e-09,3.3881542512283908e-06,2.426616551471087e-06,7.88243825257221e-05,9.604115988835378e-06,5.594227003836648e-07,5.083095965989588e-06,1.0277213031313621e-06,0.08643258442730246,0.00010483231074729686
71,5.6399123607210604e-06,0.7106422365294953,0.00585175992257118,0.028455938527014817,0.0002616858529059128,9.47731824851455e-09,0.08315748019802066,0.01215229631976754,0.001185924650732334,0.0009604327402393876,0.00033489443125108104,4.1807397428206155e-07,0.016251609874761777,7.234672441834752e-05,1.0384993040541864e-05,1.3997636002106937e-08,4.811224587245069e-06,7.753152802056615e-06,6.358963543108544e-05,4.971709909740749e-05,5.938848912782902e-07,4.934790686100022e-06,2.893394729431234e-06,0.1403962748167918,0.00012635977547546204
