,0,1,2,3,4,5,6,7,8,9,10,11,12,13,14,15,16,17,18,19,20,21,22,23,24
0,9.703789114667486e-05,0.004694059673007829,1.6373787192302324e-06,4.8479831046407174e-06,3.6705951909835514e-07,0.00011106598695170197,0.002166790692788942,0.06279113052302615,0.0032660693292089296,0.00053716443935227,0.0036565099085804544,0.0007640970299652749,6.148645767992482e-05,0.003251805301516137,0.03462602051473033,0.00042844454785092494,2.1634168686484574e-05,1.0070756717307976e-05,0.10060314325409904,5.2946829983742165e-08,9.026514469879153e-05,0.7790699090581347,3.728223596362525e-08,1.2157196145177452e-08,0.0037463405142532063
1,0.00010488191725118988,0.004843815708734944,2.4661282786294284e-06,6.5003430757707796e-06,4.3333391587464865e-07,0.0001411821850451482,0.0031929236020973224,0.0752354865299583,0.004078140207681775,0.0008004805748792418,0.0032552185276412907,0.0007851830777494249,8.333977308360795e-05,0.0032725699506578705,0.037134597618353936,0.0007976497551090298,2.6458663734591902e-05,1.569929945572284e-05,0.16382835074420674,7.996864415476467e-08,0.0001360409461930045,0.6981259853665415,5.35624734198408e-08,1.9141489389319854e-08,0.004132443073748055
2,9.266375515458443e-05,0.005340250948586682,2.005189442432928e-06,5.6919963881236676e-06,5.439773712863034e-07,0.00010047388353897533,0.002276570937733853,0.07419011796955904,0.0035088792710684727,0.0005938603004495045,0.0041719429707275,0.0009531582866056448,5.8941573127114856e-05,0.004787206372724276,0.043974742191295324,0.0005051909074709213,2.725072168757235e-05,1.0642541047105814e-05,0.093422648485591,7.129803315942611e-08,0.00010631734587024819,0.7607534513037145,4.426377485012822e-08,1.4528890536662996e-08,0.005117318980147412
3,0.00011884274249598252,0.00522699786353414,1.7970754202620878e-06,5.979580709542247e-06,4.3580505994724304e-07,0.00010251551870041475,0.0025586877448414013,0.0702054482445585,0.0027334296055235613,0.00045951324251730706,0.004111910367226983,0.0009510159896026336,6.904158824009767e-05,0.00297227493468298,0.034179058068628185,0.000482198580531547,2.891634371415058e-05,1.1126434428923773e-05,0.10602544690259151,5.0651850922427047e-08,0.0001011280208557011,0.766056600435006,3.963715273480117e-08,1.2963663327743345e-08,0.0035975316584631527
4,0.00011953975861491989,0.005595127244974243,1.9748190816734537e-06,6.268006488014031e-06,4.7496505280896784e-07,8.922957792197659e-05,0.0027138909733461455,0.07004660289588661,0.0029294986482195826,0.0004732160960489152,0.004078132019256305,0.0009492105511741272,8.201595591824076e-05,0.0035241031856756673,0.02950498432487685,0.0004476342360605221,2.7857015555179165e-05,1.260783914861713e-05,0.1062240874363642,5.7853394836283565e-08,0.00011813354929501319,0.7696106558518371,4.0316987977827555e-08,1.467958302239699e-08,0.0034446421992377334
5,0.00014627182602573507,0.0059335652289623396,2.4782318500934065e-06,9.027871709877633e-06,5.919252387956455e-07,0.00012691468974814103,0.0029355064019355214,0.07920221779865781,0.0032789860628400728,0.0006387487251752346,0.004573915218233417,0.0009429277659135816,9.1064338343577e-05,0.0037832098242190524,0.031948245666489336,0.0005387722245053586,3.466441073429391e-05,1.9622213573338427e-05,0.12749649896538492,7.447359152972283e-08,0.00014097331158644655,0.7347784289496527,6.267504141368e-08,1.8555838076507032e-08,0.0033772126447494714
6,0.00011884274249598252,0.00522699786353414,1.7970754202620878e-06,5.979580709542247e-06,4.3580505994724304e-07,0.00010251551870041475,0.0025586877448414013,0.0702054482445585,0.0027334296055235613,0.00045951324251730706,0.004111910367226983,0.0009510159896026336,6.904158824009767e-05,0.00297227493468298,0.034179058068628185,0.000482198580531547,2.891634371415058e-05,1.1126434428923773e-05,0.10602544690259151,5.0651850922427047e-08,0.0001011280208557011,0.766056600435006,3.963715273480117e-08,1.2963663327743345e-08,0.0035975316584631527
7,0.00017082439426728598,0.00464186934348198,1.9632398894303667e-06,5.72725594464243e-06,3.776735147167075e-07,8.548090919523996e-05,0.0027264080302962603,0.07079476498639554,0.002103825845385448,0.00036652827147073844,0.0046610567106611725,0.000798894995455076,0.00010159175474650074,0.0021151831968663757,0.02593729865347563,0.0003867445532873986,2.5796493223456406e-05,1.2816675284508593e-05,0.10695588870706389,4.71432951399656e-08,0.0001034752988867537,0.7757328942912631,2.998545558194996e-08,1.1018501481814505e-08,0.0022705005726925873
8,0.00021905747210731633,0.009286557321165146,5.765191175763259e-06,1.130755993886538e-05,7.286431511811418e-07,0.0001340150371287766,0.0016008800906441804,0.07676674134686759,0.004625897212247007,0.0012137061451786934,0.0040736796451110455,0.0014304961883123027,7.87834470699575e-05,0.006681870412426885,0.05222273849379439,0.0008963202147965206,5.609249497803206e-05,1.2696523080999488e-05,0.07179908937947592,9.782126593634976e-08,0.0001014094174333256,0.7594938553905617,9.454066932497989e-08,4.066882537881038e-08,0.009288079342593817
9,0.00010039954802801212,0.01048865076591604,5.476358350077469e-06,1.0024710070196461e-05,5.461563611585657e-07,0.00011635964253286341,0.0014583222940250072,0.09081302115933568,0.005409685550545378,0.0023372643171720563,0.0028907217868501655,0.00094699294494019,7.801589872772689e-05,0.010514906053533798,0.04543528476621312,0.0011160807226202713,4.119813237204531e-05,1.6032413492330807e-05,0.1068537135687179,1.500872218718719e-07,0.00013669494981681735,0.7121833133129921,8.36362217470216e-08,3.755389724364865e-08,0.00904702367004639
10,0.00011884274249598252,0.00522699786353414,1.7970754202620878e-06,5.979580709542247e-06,4.3580505994724304e-07,0.00010251551870041475,0.0025586877448414013,0.0702054482445585,0.0027334296055235613,0.00045951324251730706,0.004111910367226983,0.0009510159896026336,6.904158824009767e-05,0.00297227493468298,0.034179058068628185,0.000482198580531547,2.891634371415058e-05,1.1126434428923773e-05,0.10602544690259151,5.0651850922427047e-08,0.0001011280208557011,0.766056600435006,3.963715273480117e-08,1.2963663327743345e-08,0.0035975316584631527
11,0.00012446681397902123,0.005190860719368526,1.8591455857294307e-06,6.250881405196853e-06,4.5613669313372763e-07,9.643462769386339e-05,0.002730499081651316,0.0677726812252419,0.0027167974755773865,0.00043435485935523494,0.004113295481201786,0.000979129293193803,8.001817499300832e-05,0.0028826522305879076,0.03234866816860019,0.0004900155230737464,2.8967672302498743e-05,1.1641142597147255e-05,0.10832043961438187,5.516031656921967e-08,0.00010673373995709764,0.7681326918603691,3.980325536640902e-08,1.4686891805826152e-08,0.0034309764817266964
12,0.00016844054621133198,0.0067231148631030045,4.8225924602614125e-06,5.668126442470674e-06,2.2750796689053202e-06,0.0001484029916296608,0.0029127453923398485,0.06561258667938417,0.005916800795940922,0.0006672210466358569,0.008678032728262198,0.0017212353928042936,6.888371911084647e-05,0.009898985430998175,0.03715102253329715,0.00046605046489304997,5.9521179838787405e-05,1.46733778957483e-05,0.05378953676300247,1.3190552650741812e-07,0.00021295765666442843,0.7952401819694845,9.959735168989923e-08,3.997918559782637e-08,0.010536569187867958
13,9.32480628706599e-05,0.0037961565139956383,1.141958281935946e-06,1.8546666191469928e-06,4.0456626385289703e-07,2.716806170123114e-05,0.0011971637289282606,0.06866880545425692,0.0012758039171573915,0.00013414105029901395,0.008632903595854731,0.0013767965728268823,3.976501315968527e-05,0.004343275723808128,0.02475214418816473,0.0001602411421044476,2.1590459122037736e-05,4.662240907443889e-06,0.03502445761409253,2.805065580723692e-08,7.90456713293556e-05,0.8462182187075624,1.1609259638244492e-08,5.525591982090882e-09,0.004150965905186236
14,7.127883686533109e-05,0.02086695407004034,1.6039662084492356e-06,1.5985788114658272e-05,1.7127367126684046e-06,3.644842656705682e-05,0.001970210445059672,0.05366350031892542,0.0013155049543725303,0.0007748123384404783,0.007857456257113853,0.0003285049888170451,0.00014210949192628773,0.005745652334105153,0.011798656321442244,0.0001505190497971002,4.966908790925005e-05,3.606879287069128e-05,0.32684566322652603,6.048025624447315e-08,0.0005902833082527542,0.5667665342474608,4.4530147911137975e-08,1.3570554321222825e-08,0.0009707524315138163
15,0.00011884274249598252,0.00522699786353414,1.7970754202620878e-06,5.979580709542247e-06,4.3580505994724304e-07,0.00010251551870041475,0.0025586877448414013,0.0702054482445585,0.0027334296055235613,0.00045951324251730706,0.004111910367226983,0.0009510159896026336,6.904158824009767e-05,0.00297227493468298,0.034179058068628185,0.000482198580531547,2.891634371415058e-05,1.1126434428923773e-05,0.10602544690259151,5.0651850922427047e-08,0.0001011280208557011,0.766056600435006,3.963715273480117e-08,1.2963663327743345e-08,0.0035975316584631527
16,0.00013237683815778213,0.005819533183467031,2.4351469583147922e-06,7.514034102302493e-06,5.525273912488026e-07,0.00014233179926406253,0.0031124276490436488,0.07270335130254751,0.0036209016845251654,0.0006268180120060752,0.0041614781466406065,0.0009227741383472957,8.609915682844908e-05,0.0031161716172344056,0.03608864295882238,0.000616333861258541,3.22340730397385e-05,1.3895249056706988e-05,0.1237369337444239,7.26365719264172e-08,0.00012262085765627127,0.7409885265081296,5.644266442159787e-08,1.954100611085077e-08,0.003945898890856577
17,0.00015281040961897909,0.00489074172725542,1.907141346572578e-06,5.137727725851287e-06,7.053910560559236e-07,7.235410315249297e-05,0.0036630909751742035,0.07056700336488568,0.002814210459269022,0.00025730953847109296,0.005775940653275053,0.001303637948920186,8.383687634548027e-05,0.004015748308939142,0.01930720068470571,0.00028478439950229334,3.130511871851751e-05,1.3982414397367765e-05,0.07803799382630665,4.698261761551714e-08,0.00016097626490058024,0.8053669732448749,4.041202138380331e-08,1.4518745455556635e-08,0.0031922475077741635
18,0.0002284029412045223,0.0037551408270160226,1.1076726486075084e-06,1.4839660586716668e-05,5.663965102792849e-07,0.0001346189612597548,0.0018546045340491343,0.06491851559980186,0.0024495558137925784,0.00038767495637331633,0.004325759008013169,0.00028622320871495423,0.00010954425079198614,0.0009367331157539373,0.02085985796233249,0.00016865550705385813,1.4712669121809093e-05,1.8675766115172613e-05,0.12034774444962747,3.741604853536156e-08,5.224396372077522e-05,0.7785380840733472,3.2105681926595444e-08,7.9003655324408e-09,0.0005966612400682011
19,9.742168469812788e-05,0.00582063873178703,1.6286208823839773e-06,7.65129266010631e-06,4.823306813752766e-07,0.0001227641516612803,0.002509990452774086,0.0623331457415607,0.0032325687538963493,0.0005552810047174874,0.0032390884090678215,0.0009260119763527814,6.598276500601472e-05,0.0029137840548362232,0.03795546279248633,0.0005022540874364685,2.7329433990254194e-05,9.686694960427078e-06,0.10585715874493419,5.3728701150822546e-08,8.067105251705394e-05,0.7701620858834908,4.208329613523942e-08,1.3948297946077986e-08,0.0035788015793075814
20,0.0001926008032176988,0.006376047568204205,3.3024851670259656e-06,8.502844165667111e-06,6.890593442743371e-07,0.00015997162190235935,0.004035648468152214,0.08527578339035392,0.0035424467627932846,0.0005938124269983249,0.005435243681747847,0.0016089631268282525,8.342589935301319e-05,0.0034910240076657913,0.04339237989535712,0.0009190697207268204,5.3100521446183524e-05,1.794430363400293e-05,0.13587304815428689,6.930975013741696e-08,0.00015148464248156848,0.7028744088440142,7.91051882328715e-08,2.440085249746834e-08,0.005910928956368498
21,0.00025342550661375035,0.007379817243190985,5.631313890942041e-06,7.86845463432838e-06,6.651234175700565e-07,7.639132772840814e-05,0.0035518002425127828,0.10732445467341303,0.003125505070530547,0.000610019610902006,0.005824667563314158,0.0020294143330914735,0.00013052712861621706,0.006836769090785955,0.02550584693240618,0.0008875273134210844,5.968445269563055e-05,2.7246945575897587e-05,0.09938623196119763,9.801545044328004e-08,0.0002317076837347311,0.7308282884338052,6.87844323837579e-08,3.0837833378852444e-08,0.0059163119568050575
22,0.00018245589502854766,0.005030216568488445,2.654368233544109e-06,5.842224293199817e-06,3.7963136841097287e-07,9.86394969312372e-05,0.0018885800963484346,0.10144841713674924,0.0017397439524687829,0.0006044122163918867,0.0051032874294870785,0.0007108593599357943,7.488713502710732e-05,0.0032540636532880033,0.02112595583303115,0.0004242425017301773,4.3087652978725496e-05,2.093343204777744e-05,0.10480885039452344,5.255463010009914e-08,0.0001517057564230453,0.750945754159244,4.6994494602848386e-08,9.668435821546173e-09,0.00233492188842153
23,0.00011884274249598252,0.00522699786353414,1.7970754202620878e-06,5.979580709542247e-06,4.3580505994724304e-07,0.00010251551870041475,0.0025586877448414013,0.0702054482445585,0.0027334296055235613,0.00045951324251730706,0.004111910367226983,0.0009510159896026336,6.904158824009767e-05,0.00297227493468298,0.034179058068628185,0.000482198580531547,2.891634371415058e-05,1.1126434428923773e-05,0.10602544690259151,5.0651850922427047e-08,0.0001011280208557011,0.766056600435006,3.963715273480117e-08,1.2963663327743345e-08,0.0035975316584631527
24,8.347921854197227e-05,0.00763362020364056,1.3230078462130732e-06,9.303119789258596e-06,3.855411670807223e-07,8.203928912182355e-05,0.002015863680342886,0.06864535332651248,0.0023098821040061506,0.0005807550959333422,0.003050542301706306,0.0007370791208020638,6.35416096982789e-05,0.003245464698406597,0.03059437915583601,0.0004135993507121372,2.889345243494613e-05,1.1955473956010177e-05,0.1387968793584304,4.167087778385238e-08,9.600114894866614e-05,0.738971420294832,3.925436346073135e-08,1.0868536889477784e-08,0.002628147653556828
25,8.002120964913952e-05,0.008233661135266088,1.6670918374059988e-06,7.280608519682928e-06,2.533728292935441e-07,0.00016262095718934288,0.0015535167338665376,0.028081102094500356,0.003910853462819033,0.0010346186799288116,0.0015290004289810865,0.0006026742651708564,5.530439117030177e-05,0.0020344951832292264,0.07871871039807246,0.000921995938183583,2.8963655499759334e-05,4.673779012688286e-06,0.14581347533730002,4.6982212857985895e-08,4.8528726219231615e-05,0.7211990799434682,4.92816150572396e-08,2.073790998261569e-08,0.005977385605548894
26,0.00033728294546727305,0.00746991716621267,7.37375232300724e-06,1.5067534357909088e-05,1.410956649991731e-06,0.00025768989282464193,0.004212472580759486,0.08046479346823646,0.008872030832081683,0.0012049934517595546,0.005901591691518691,0.0013533337287737566,0.0001464511124649442,0.006482356685058104,0.037211276223374244,0.0008982711323918777,5.41986212260924e-05,3.944138857565698e-05,0.12594128387874584,1.6860424619243894e-07,0.0002295501880223547,0.7124648350872723,1.9922166787241246e-07,7.402786075852663e-08,0.006433935828128556
27,7.422442525689228e-05,0.0034932401205843818,8.300333884172943e-07,4.847838692106798e-06,2.8360482653746137e-07,0.000109681476520348,0.0016047636064624535,0.0511480637644633,0.003097816341221094,0.00037252373216487174,0.002533301756538622,0.0006034158561911762,4.1839163677859044e-05,0.0018397279142811551,0.03619626292144079,0.0002987889774756889,1.2864678944350562e-05,5.793669989299007e-06,0.08346117547238331,3.133601719596529e-08,4.198837622662459e-05,0.8124358089469199,2.4158238701331515e-08,8.215514265403521e-09,0.00262269361258088
28,0.00011884274249598252,0.00522699786353414,1.7970754202620878e-06,5.979580709542247e-06,4.3580505994724304e-07,0.00010251551870041475,0.0025586877448414013,0.0702054482445585,0.0027334296055235613,0.00045951324251730706,0.004111910367226983,0.0009510159896026336,6.904158824009767e-05,0.00297227493468298,0.034179058068628185,0.000482198580531547,2.891634371415058e-05,1.1126434428923773e-05,0.10602544690259151,5.0651850922427047e-08,0.0001011280208557011,0.766056600435006,3.963715273480117e-08,1.2963663327743345e-08,0.0035975316584631527
29,0.00011884274249598252,0.00522699786353414,1.7970754202620878e-06,5.979580709542247e-06,4.3580505994724304e-07,0.00010251551870041475,0.0025586877448414013,0.0702054482445585,0.0027334296055235613,0.00045951324251730706,0.004111910367226983,0.0009510159896026336,6.904158824009767e-05,0.00297227493468298,0.034179058068628185,0.000482198580531547,2.891634371415058e-05,1.1126434428923773e-05,0.10602544690259151,5.0651850922427047e-08,0.0001011280208557011,0.766056600435006,3.963715273480117e-08,1.2963663327743345e-08,0.0035975316584631527
30,0.00011884274249598252,0.00522699786353414,1.7970754202620878e-06,5.979580709542247e-06,4.3580505994724304e-07,0.00010251551870041475,0.0025586877448414013,0.0702054482445585,0.0027334296055235613,0.00045951324251730706,0.004111910367226983,0.0009510159896026336,6.904158824009767e-05,0.00297227493468298,0.034179058068628185,0.000482198580531547,2.891634371415058e-05,1.1126434428923773e-05,0.10602544690259151,5.0651850922427047e-08,0.0001011280208557011,0.766056600435006,3.963715273480117e-08,1.2963663327743345e-08,0.0035975316584631527
31,0.000182141720868993,0.0057607032735081274,2.892739899762e-06,5.764700772361952e-06,3.346624938358124e-07,8.70907866844406e-05,0.00257962659557079,0.1140757690599221,0.002106083436002377,0.0005173011452469815,0.004223904240387739,0.001063412639488461,8.199810701430094e-05,0.0031164260272433736,0.023921923494385065,0.0006722189097307771,3.896021402818895e-05,1.6529062713750067e-05,0.09873709448955025,5.410844754364832e-08,0.00012877636362741663,0.7393432712702062,4.121990560874953e-08,1.2585048288001334e-08,0.003337669147253403
32,0.00010811304268664675,0.005050581003225482,1.6183087136409943e-06,6.022899274309004e-06,4.1263927099106224e-07,0.00010283887904759557,0.0026017001171734443,0.06525384316691459,0.0025730194793801247,0.00044922603274133145,0.003848752607156214,0.0008669243247220943,6.891333859596276e-05,0.0025904321019741897,0.0358459948325111,0.0005020132090447485,2.8600618676702764e-05,1.0726154664784827e-05,0.1250129376675097,4.908095965056852e-08,0.00010414776259378825,0.7515717453830327,3.962133066458511e-08,1.3000074788798644e-08,0.00340133472872466
33,0.00015151294306797622,0.004776154167126609,9.614872852983444e-07,5.858247588638817e-06,2.784005259345758e-07,3.486196050766817e-05,0.002979801242186665,0.07997825925362698,0.0007336853728029273,0.00011019678489860203,0.004808219300246313,0.0016572102206645757,0.00010036665248950105,0.0012241176281768775,0.011571412884817417,0.00040185155349354445,4.191933100937219e-05,1.1301888588108084e-05,0.08945156285476594,2.37951347333725e-08,8.89720768937618e-05,0.8005264744459754,1.6744860243470532e-08,8.29987123511022e-09,0.0013449724633956663
34,0.00023299101266538308,0.0036164037745595396,1.9396329595286687e-06,5.864002955876725e-06,4.884906909206655e-07,9.195917719516271e-05,0.0028454418894037986,0.06741089476042213,0.0025088259600368106,0.0002898541015722223,0.0056355471526624516,0.0007998421316953726,9.192459914044328e-05,0.001930507918475292,0.03139465200460277,0.00034439450917800167,2.361990767697361e-05,1.4415762998826082e-05,0.11618455787812401,4.0060650194806856e-08,0.00011405180172053972,0.7640529121081735,3.534267905674811e-08,1.2814073339873183e-08,0.002408823205687925
35,0.00012191586069029551,0.0050531147585350785,1.7560766125727227e-06,5.864666017416899e-06,4.0823015192311637e-07,0.00010164461162144891,0.0025144787271546803,0.07145431087049844,0.002653501987000586,0.000448478829051623,0.0040097159325521384,0.0009441813245310094,6.858018518869513e-05,0.0028029527834071534,0.032559547532809895,0.00048389568402339335,2.8234512102196766e-05,1.1275197153800336e-05,0.10508814156808158,4.829756451646389e-08,9.714420230378435e-05,0.7681399658623298,3.80047740930304e-08,1.2460191283449231e-08,0.003410791835652557
36,0.00012053861002631714,0.0052654809609977045,1.8284536021647667e-06,6.042615818399841e-06,4.50720121322749e-07,0.00010367344444281767,0.0026024175682636606,0.0699476438033417,0.0027673798778937325,0.00045934321378334245,0.004209595720765079,0.0009601885255325802,6.992011014309524e-05,0.0029996821843353005,0.034581722619277014,0.0004823180842756757,2.9250641051008998e-05,1.1230617621854751e-05,0.10690309566428736,5.137492828666986e-08,0.00010362847248908539,0.7647183910342888,4.0532264457525296e-08,1.3334766160847186e-08,0.0036560718156830015
37,0.000277351623819469,0.006169371900179928,4.421599876672093e-06,8.53315443888957e-06,8.168424330871843e-07,9.864830631135881e-05,0.0046060809924221135,0.08201107195944629,0.00393094840653647,0.0004961588883085525,0.005917712984594303,0.001573790495260798,0.00014572341266346758,0.004881730466742347,0.025285637721297556,0.0006110602813913102,4.435639786221573e-05,2.624371850350532e-05,0.11024190334687657,8.499722220103815e-08,0.00021478630515307136,0.7490854301173058,7.09224952549062e-08,3.145041509333255e-08,0.004368033708443579
38,8.713147406716723e-05,0.008479815184767625,1.6634225805049701e-06,4.269126433715558e-06,8.126208207065534e-07,3.911815445044327e-05,0.0010249969365696589,0.06615160963448495,0.002767999804031169,0.0003718107324027308,0.0061646883256439265,0.0011598666374513392,4.089543116962227e-05,0.008988473483148199,0.022096561219808533,0.00015376107733717758,2.4827665788470408e-05,6.257563695407452e-06,0.034877915141301764,3.84893334283918e-08,8.563447046513866e-05,0.8424778044993158,2.346821523703632e-08,1.0026945380630765e-08,0.004994015409771932
39,0.000138434856986014,0.002537831090608943,1.684101254075521e-06,3.932292109484078e-06,2.4952991209043256e-07,0.00013268347216777653,0.003962977901224728,0.12389437492451752,0.0015724955511146304,0.0002717668801318085,0.004088261486630289,0.001205998430078459,6.400249338971232e-05,0.0013847557601206642,0.0222325283836539,0.0007810203950627318,3.224705493699912e-05,1.2787544220745825e-05,0.10853645746547612,4.0333808693148303e-08,0.00011690447149296935,0.7263609894514295,3.4447778472471385e-08,8.991285245970037e-09,0.0026675326906084196
40,5.473345876588716e-05,0.0046301430489752975,1.4437583759709013e-06,1.5369837249231897e-05,3.426862151888499e-07,0.00012989845600738765,0.0028171454818964486,0.10573863615438384,0.0029186349333049384,0.0013576475931625256,0.0023217078875936823,0.00033681753435336136,6.784611833107965e-05,0.0030230393971270603,0.025152344628741073,0.0009320040420343182,2.6558476385831586e-05,4.774005846998194e-05,0.4507262201461606,8.096543316888497e-08,0.00021932937931077524,0.3977554801282134,1.0400285354883071e-07,1.820609386372838e-08,0.001726713620561716
41,0.0001489697363698796,0.004416928291665122,1.5277356393625964e-06,1.4577373504738653e-05,1.0159060853811375e-06,0.00025711763802343135,0.0020288556318785295,0.06198576882891491,0.005418499081969045,0.0005928582423710288,0.004424710759622478,0.000891000313758292,4.114353366588485e-05,0.002017955841659755,0.1004282442822187,0.00042409652732743725,2.181597553326461e-05,8.19980118592425e-06,0.09971946755468994,4.468080269127182e-08,3.837046510863486e-05,0.7129353501435768,5.81840931603639e-08,1.4837753193262109e-08,0.004183408632582341
42,4.932919206311095e-05,0.002506643610792507,4.300505950007348e-07,2.879492014810078e-06,1.3663757552688038e-07,6.678288102286446e-05,0.0013021711165459723,0.043925865662770104,0.0011560532008492803,0.00021152884537994557,0.0018081557298233854,0.0004068362633306234,4.1094518133013236e-05,0.0006782704689577496,0.022928564391392865,0.00030595355693354694,1.2369230801687639e-05,3.591832755801653e-06,0.09522585882904835,1.9705043785285024e-08,3.3117981793308695e-05,0.8280979661669808,9.851726789747505e-09,3.937760718695952e-09,0.0012363668459082794
43,6.572166662481357e-05,0.0035660342062352616,1.4926248717092472e-06,5.368944729265946e-06,3.1005151891911397e-07,0.00019842335510879624,0.0015830422172010512,0.06691618437577136,0.0035077324087977022,0.0010781983091274873,0.0024081841018577144,0.00032757587139737514,5.068191617519001e-05,0.0023762634172631233,0.040216531104027634,0.0004510725723438491,1.5741805334622293e-05,9.609346801454813e-06,0.13262679717909112,6.309425152506529e-08,8.534466754184717e-05,0.7419921098033936,3.9934019392930565e-08,9.597724272122059e-09,0.0025174674287909977
44,0.00011884274249598252,0.00522699786353414,1.7970754202620878e-06,5.979580709542247e-06,4.3580505994724304e-07,0.00010251551870041475,0.0025586877448414013,0.0702054482445585,0.0027334296055235613,0.00045951324251730706,0.004111910367226983,0.0009510159896026336,6.904158824009767e-05,0.00297227493468298,0.034179058068628185,0.000482198580531547,2.891634371415058e-05,1.1126434428923773e-05,0.10602544690259151,5.0651850922427047e-08,0.0001011280208557011,0.766056600435006,3.963715273480117e-08,1.2963663327743345e-08,0.0035975316584631527
45,9.340289775511521e-05,0.003050486437641103,9.627881261599362e-07,7.362119352071989e-06,4.3611449982677533e-07,0.00014684517062636473,0.003720776905264283,0.06103510590439714,0.0030026607462512902,0.000302763546707089,0.0033542497680214634,0.000806948615343744,6.555614424985919e-05,0.0012759871771327253,0.05188814481583418,0.0004966580092345132,1.730536911118177e-05,8.260787285516409e-06,0.13825606528667012,4.4795523730796095e-08,5.82744785028825e-05,0.7299118532158837,3.203133647570097e-08,1.063912620201978e-08,0.0024998062361233885
46,0.00016530222123325864,0.004772329733123215,8.806699575843369e-07,5.330538366842447e-06,2.3077276480223477e-07,5.481144902439179e-05,0.0015744009015800711,0.051175807838580445,0.0005212346147619786,0.00012623328337221188,0.0032355954828813724,0.0013788916132193283,5.093949213772016e-05,0.000676236430247231,0.025212137376164193,0.0005275646544595517,7.270468079161719e-05,4.3764397557526435e-06,0.06426397263855188,1.6814860487797523e-08,3.8466175067864645e-05,0.8439838827306833,2.074239614856096e-08,6.540952278897287e-09,0.0021586261650666295
47,0.00011408634220324243,0.005069432447798315,9.038657333461433e-07,2.869163043686215e-06,1.472906496424968e-07,4.540351695191134e-05,0.0016783353627498596,0.04389345724388405,0.0011893899272167542,0.0001892407763369667,0.002211382661669379,0.0010974854750140485,6.528310092596612e-05,0.0010164016280180797,0.019046742637241536,0.0004613562482694899,2.2964447358102394e-05,4.146666034553218e-06,0.0598883838487506,2.1250838223933737e-08,3.4083390283180115e-05,0.8617090414661557,1.0996146290354776e-08,7.225314217863355e-09,0.002259423021412715
48,7.133948572154837e-05,0.009183650253826859,9.011684060852642e-07,7.670301425320011e-06,1.5192167736198863e-07,5.658236975180714e-05,0.001357270492876595,0.07307256985835352,0.0009238411628884649,0.0005091383756566898,0.0016758557190110727,0.0005727928637418924,4.692242169299054e-05,0.001684226871384349,0.02320127607851471,0.0004796816360512607,4.25517777982971e-05,7.074280141069315e-06,0.12173777326206729,2.1693046389868718e-08,5.4865651288494914e-05,0.763719317442867,2.336220411566737e-08,4.451903876116444e-09,0.0015944970977029103
49,0.0001429614106338764,0.004754926442901951,2.19999165954102e-06,5.653419446895839e-06,4.5543203961470227e-07,0.00014260966118739165,0.002781709537206091,0.08126537476643478,0.0029420798042702236,0.0004528940904111725,0.004419553370889178,0.0011911400131092613,7.309425774002331e-05,0.0028205641648663795,0.02809259645908498,0.0005166799792418211,3.0107711515457807e-05,1.213544209708164e-05,0.0766871677364714,6.068962723871683e-08,9.263245441101645e-05,0.7900132336447505,4.3068347831051944e-08,1.3529390168427431e-08,0.003560112922266055
50,0.0011426193525540273,0.005314479661390052,4.244452907250989e-06,1.4558542689853771e-05,4.852676664251427e-06,0.0003508091771057509,0.003046384661859877,0.04186342169975718,0.00351418034765379,0.00012781344584346393,0.04119478734354813,0.0062783201027165735,7.99217942808163e-05,0.002086207264111169,0.11948020742130845,0.001212019303998369,0.00023017982730184154,2.8409672006971274e-05,0.0622466658768326,1.2763475586842334e-07,0.00013159111756294548,0.6958475953906419,3.735366646645392e-07,1.666765080434963e-07,0.01580006301933611
51,0.00015120953203105243,0.0040937334862857395,2.329824704661187e-06,5.567785361372145e-06,5.656095606930124e-07,0.00014260087541845119,0.0037418547517104185,0.07039439553273646,0.0034675397930492946,0.00044762948296675275,0.0050606327108662814,0.001118182643627361,7.96374551207341e-05,0.002904927251571381,0.03847301537974988,0.00062865725008073,3.3648927975179453e-05,1.3983831348097107e-05,0.11885921138703841,6.616701194443243e-08,0.00013586750565202136,0.7456617126218718,5.664789273435337e-08,1.9255486842995567e-08,0.004582954290881888
52,0.00013953080859301507,0.006892662912040351,2.04056730302976e-06,5.495413729801936e-06,8.681323862419539e-07,8.905623269275594e-05,0.004804917792339841,0.06261066784992989,0.0030243072944220032,0.00023263520973251678,0.006290558649971724,0.0019182599804061949,7.393690760380608e-05,0.003678969929014917,0.032602692000595644,0.0004126561185816541,4.3367807253447614e-05,8.359282793703279e-06,0.08673015671792209,4.345788945838765e-08,0.00015860111872866792,0.7843263398802913,4.8438745191292825e-08,1.8600555869340817e-08,0.0059538088964767345
53,0.00013980909795674383,0.0036283586216690204,1.745561012566561e-06,5.3566036907827806e-06,5.200230433316508e-07,0.000166665854219335,0.0077824549726658206,0.08327988991794684,0.004161131868915869,0.0002462129833571493,0.005391192095898336,0.0019822622368958326,7.358916698677334e-05,0.0028951324789022225,0.04124019231627243,0.0005858381052615555,2.7681849029581373e-05,1.25933664102314e-05,0.10141662653979887,5.473879064701067e-08,0.00011544057370671169,0.7415703182890239,5.790126038405201e-08,1.5012428331778663e-08,0.005276859824856614
54,5.617989474006457e-05,0.008500355851264007,1.8777483770467432e-06,4.00450430554212e-06,3.313356250996484e-07,7.861882692938026e-05,0.0017156967542898912,0.057253578543710264,0.003912135031031805,0.0007858337609184082,0.002458162642380867,0.0014942142074771,3.9731263150753497e-05,0.006069305266370012,0.061890101653600774,0.0009273522197388945,2.9068653806167483e-05,5.072238532131425e-06,0.07800448609145985,6.187241850122065e-08,5.861531768065676e-05,0.764639450882665,3.304737135985026e-08,1.5524343180387257e-08,0.012075716867813394
55,0.0001936147119384399,0.004556361057320485,2.0076366857096866e-06,7.954438726078594e-06,9.321298621274602e-07,0.0001423627647264436,0.008295245103177775,0.07132729445156336,0.005280035382811092,0.00021302999876961516,0.006300347371356968,0.0034617699478666822,9.588276108334996e-05,0.0027741714068166253,0.03587978947385788,0.0006697340223357386,3.0426436140080746e-05,1.4635172197022657e-05,0.10847453368733295,5.209327099183558e-08,0.0001135723527538705,0.7460781270348366,5.833953617697349e-08,3.105631749118404e-08,0.006088031168716313
56,0.00012122804462395058,0.005212645982877235,1.7994519734106145e-06,6.040195632552649e-06,4.36853813069955e-07,9.96790720212138e-05,0.002638638347750372,0.069020184537914,0.002707166288750062,0.0004413612682036615,0.00408607444868747,0.000963249964008966,7.322645825915055e-05,0.0029053134688250175,0.03278565417377626,0.000475907787108819,2.875338541513284e-05,1.1280117579989985e-05,0.10612086438828951,5.156679608208248e-08,0.00010252814015775879,0.7687224409388753,3.9460487004615314e-08,1.342196563500126e-08,0.003475422236208298
57,7.131789190194559e-05,0.005494243914851376,1.2452423722852256e-06,4.463116999304233e-06,2.8828632813748045e-07,5.835357417872167e-05,0.0026246170860829737,0.057229632817173956,0.0016851466339538386,0.00035484843013497717,0.003009047184455108,0.0008422684376232825,7.73314460238344e-05,0.002008758751207057,0.026431668114065207,0.0005772595720724462,2.6954112377460436e-05,8.24049870475989e-06,0.1659993326103473,3.9637731909346327e-08,0.0001209033184718786,0.7304354377089797,2.3053329464840766e-08,1.1375178371669057e-08,0.002938567185454865
58,0.00012213435840776192,0.005528770784373353,2.0183679148079533e-06,6.90439611422039e-06,5.676620687755706e-07,0.00011124243282910134,0.0030727061506033255,0.061951322267201125,0.0033242580816088196,0.0004731649497802197,0.004285741276302115,0.0010597454037363984,8.506096968259731e-05,0.003088942663068487,0.037656499779346084,0.0005608228920022708,3.032308200548773e-05,1.2045676882601792e-05,0.12232171671935348,6.592283115136404e-08,0.00012097906049633945,0.751987734793913,4.962329083479004e-08,2.0601332527329616e-08,0.004197162084854944
59,0.00012621999267398924,0.0060279592214611,2.538287279373781e-06,6.823754311333586e-06,5.963987476463702e-07,0.00011692035126666774,0.002964821077700325,0.06900010283919415,0.0034923059559076293,0.0005945181307787083,0.004362427391193174,0.001048961359795488,8.477681756467989e-05,0.0038069743627384685,0.036262822281645804,0.0006226579464697225,3.483072891977118e-05,1.3513975929922729e-05,0.11815409823459538,7.565839343830197e-08,0.00014064392811784723,0.7484420765983912,5.558401681139058e-08,2.1810093616020677e-08,0.004693257312813525
60,0.00011884274249598252,0.00522699786353414,1.7970754202620878e-06,5.979580709542247e-06,4.3580505994724304e-07,0.00010251551870041475,0.0025586877448414013,0.0702054482445585,0.0027334296055235613,0.00045951324251730706,0.004111910367226983,0.0009510159896026336,6.904158824009767e-05,0.00297227493468298,0.034179058068628185,0.000482198580531547,2.891634371415058e-05,1.1126434428923773e-05,0.10602544690259151,5.0651850922427047e-08,0.0001011280208557011,0.766056600435006,3.963715273480117e-08,1.2963663327743345e-08,0.0035975316584631527
61,0.00014409950529181256,0.0058275194178200145,2.8197774927204546e-06,7.015589737802229e-06,6.294486192896286e-07,0.00012435039162041648,0.00307888050705061,0.07154071405510783,0.00380555693256567,0.0006151518280506818,0.004649088296173757,0.0010596451829811007,8.999389771339161e-05,0.003940615380223626,0.034978176176500744,0.0006088843071082639,3.411018134087994e-05,1.5267734035235875e-05,0.11819695801730133,7.822509154516161e-08,0.000148976297490639,0.7464667347651088,5.974934853585974e-08,2.3519167491994668e-08,0.004664650817057673
62,0.00011884274249598252,0.00522699786353414,1.7970754202620878e-06,5.979580709542247e-06,4.3580505994724304e-07,0.00010251551870041475,0.0025586877448414013,0.0702054482445585,0.0027334296055235613,0.00045951324251730706,0.004111910367226983,0.0009510159896026336,6.904158824009767e-05,0.00297227493468298,0.034179058068628185,0.000482198580531547,2.891634371415058e-05,1.1126434428923773e-05,0.10602544690259151,5.0651850922427047e-08,0.0001011280208557011,0.766056600435006,3.963715273480117e-08,1.2963663327743345e-08,0.0035975316584631527
63,0.00010525010707402635,0.005956619679075435,1.6138204751362084e-06,5.835888054663328e-06,3.8999110302293854e-07,9.000752844947493e-05,0.002219134564067761,0.0647608955909352,0.0024775059067440805,0.00046536988269184766,0.0036630506335338796,0.000902712987646694,6.567554603318519e-05,0.0028742728004751143,0.033138901572048,0.000468573912746621,2.8898424523860127e-05,9.616127043343582e-06,0.10519146769863394,4.632592228786099e-08,9.18360649101414e-05,0.7739971396865905,3.529377593592339e-08,1.2187587857458042e-08,0.003485137779858143
64,0.00012621776203871428,0.005790232822578281,2.390633138542826e-06,6.030670085900413e-06,5.39989239057741e-07,9.445595864160261e-05,0.0031969488075236957,0.07373475448790026,0.002742637889507436,0.0004896364238481111,0.004649463823647691,0.0009829524599992636,8.734492295316033e-05,0.003713373047875003,0.030694971899079965,0.0005433564403523032,3.644962233321228e-05,1.4244951932340972e-05,0.12712829080579036,6.443245076323869e-08,0.0001748754683928492,0.7418503924350329,4.9030371125994204e-08,1.683209755743363e-08,0.003940308383189868
65,0.00011554232732685804,0.005653756219211048,1.958699599347848e-06,5.625307933860829e-06,4.2581298165948375e-07,9.284400664975031e-05,0.0023816736368036068,0.07048253322698339,0.002860910462439751,0.0005014872744484656,0.003927752481404144,0.0009450599309016434,7.076931756627625e-05,0.0034910540235453865,0.031627526896697886,0.00047554759790054943,2.837936258515105e-05,1.1033152889863494e-05,0.09693970702015288,5.421208971193651e-08,0.000103895617409551,0.7764941923435389,3.8136166084365565e-08,1.3381487647672367e-08,0.0037882195512865652
66,0.00018764919831497335,0.004660741483250012,3.284413204174387e-06,5.848278419236215e-06,5.057903465131923e-07,8.543598736314468e-05,0.003446645599175768,0.09520594163808747,0.002788345957902294,0.0004987910150280801,0.005145295571061563,0.0009868848128458865,0.00013080735248689764,0.00345318146284519,0.023352063707534763,0.0005308727297059821,2.792534148252203e-05,1.9221123342341977e-05,0.10068782216134123,8.004410827098369e-08,0.00015201688350942468,0.7557840802329862,3.446607495460429e-08,1.5018158894554215e-08,0.002846509731424193
67,0.0005006112906494565,0.008816201135845572,3.3528334558750734e-05,2.0054416084177934e-05,1.5957536293091554e-06,0.0002681908710565922,0.005691325739946919,0.17721267145636155,0.0047772781334308005,0.0030040023845936325,0.010514277095139447,0.001055188598216638,0.0003011566850208746,0.017639459884098,0.03175410488191978,0.0016564772532701455,0.0001682362286372397,0.00016065983510412708,0.22334016360371325,5.667756208554974e-07,0.0016299540415553697,0.5038504192613703,6.593207418399443e-07,1.036087652772275e-07,0.007603113410670057
68,0.00016477961803545519,0.009458821779653404,1.6278879350286735e-05,1.635000510058094e-05,3.4138683446418506e-06,0.00044586367640852165,0.007802926361019997,0.08425303020063357,0.03296707717550656,0.0026193731022333606,0.00698834330626387,0.0035623390687414326,0.00012935384459168898,0.03803352059267351,0.07633176187257741,0.001146017316708935,4.747559921045783e-05,3.1671042298980164e-05,0.07462775216596146,5.028724715374971e-07,0.00028454534093833413,0.6290304187072435,3.7766559524588316e-07,1.4930553410866594e-07,0.03203785663290318
69,0.00015449419103968852,0.005296474292346372,6.536162042186839e-06,6.924755932150056e-06,5.915217489790247e-07,0.00014651910540535077,0.004062321249914669,0.1473086827668039,0.0049140867183727985,0.0012512771368390994,0.00541655756466769,0.001095811452576984,0.00011488652124113018,0.010174612378762453,0.025456908320829075,0.0008371687414941653,3.688255165966779e-05,4.257396607875231e-05,0.1370842722515279,1.6316000611119815e-07,0.00037884634777129886,0.6504982934146921,1.0344725579522121e-07,2.7346014553614888e-08,0.005714984634976983
70,0.0001030307862822692,0.005297972777101798,1.656273526452317e-06,4.658034743733036e-06,2.916359938363879e-07,8.753396912149191e-05,0.002090063310999045,0.06674763508795427,0.0021101630717783575,0.0005097162335915953,0.0033760741377219967,0.0008329320753341877,6.594009538481946e-05,0.0025687466975538816,0.0303631251561216,0.0006179473393202575,3.100542849409523e-05,1.0773366108392288e-05,0.11925439555931482,4.8144610235937454e-08,9.958640923384935e-05,0.7623604132194576,3.328599655739059e-08,1.1927017630654321e-08,0.003466245977237323
71,8.914922738835529e-05,0.00785393186238713,3.866226440100761e-06,6.388263502295353e-06,1.2315013612982119e-06,0.00010596751150021918,0.005158803086615506,0.09221079050182061,0.007931525891200473,0.0009279287839311706,0.004824510202094986,0.0011770466416028938,0.00010130807383786905,0.012486077788534054,0.02698252636962295,0.0006128074358490427,3.016948164584935e-05,2.470507763743522e-05,0.1226566465484522,1.5662562536844475e-07,0.00033915669740660216,0.7095460654280398,8.029320602920568e-08,3.2799496687265316e-08,0.006929127680800993
72,0.00011440939232668345,0.005101154834663613,1.7402188104381258e-06,5.9530786509871255e-06,4.1606020258171594e-07,0.00010611847779633157,0.0026945913161653765,0.06992144888833192,0.0027185422128044845,0.0004576781981675535,0.003908811871614422,0.0009367725773984576,6.993256019397857e-05,0.002777983716506684,0.03462418350657179,0.0005041804707802073,2.8223553743783842e-05,1.0940929843082407e-05,0.1098648066149851,5.097774489043325e-08,9.855371574727866e-05,0.7625753331590148,3.861338662543861e-08,1.2571349840880567e-08,0.003478122483199046
