,0,1,2,3,4,5,6,7,8,9,10,11,12,13,14,15,16,17,18,19,20,21,22,23,24
0,3.621346473842016e-08,1.7681220191798172e-07,9.022424121993209e-05,9.230548569134049e-05,3.611844898322537e-05,3.880294237490935e-07,0.9846671759572782,0.00022864066984525924,3.557468300837438e-05,5.260080455593645e-06,0.0010481504353697332,0.0018807941427266416,3.802432807313655e-09,1.1553804171105533e-05,0.009689373119335038,9.542001996387184e-05,3.688507194442466e-08,2.1525311161580204e-05,6.426608950977289e-08,3.041933104585319e-08,0.0001600669519182721,0.0004809462288091686,2.3713150579838022e-05,1.6755807185249005e-07,0.001432253283395217
1,6.0311970974693e-08,2.914604487334929e-07,0.00013326554046809894,7.053281152812678e-05,7.344753693216163e-05,1.190919431526992e-06,0.9502590808690432,0.0006701768028358957,0.0001537567282847512,5.4017726470336705e-06,0.0018942454283533664,0.0020101508196315857,9.697558899141048e-09,9.120953644328621e-06,0.04180904177441865,0.0005081563124912916,6.860930959050599e-08,2.988817850091313e-05,3.793659613009408e-07,6.176051454929523e-08,0.00024031138310968324,0.0010856350255947428,1.215333383719545e-05,3.387814725681812e-07,0.001033233822010794
2,5.63797593596367e-08,3.2179429859774676e-07,8.212629964310661e-05,6.718299726148099e-05,0.00011945879579374312,1.0041823103672344e-06,0.9403734628478917,0.0005195145419404133,0.00012293761571117648,4.347135750983819e-06,0.002368417498049833,0.0018645456855249836,9.220661872936447e-09,1.4472921837133206e-05,0.05118086287155006,0.00036931940502654914,9.83747462959605e-08,2.9421926075872913e-05,2.6377366786081555e-07,7.804501534871126e-08,0.00018660971753886902,0.001121610627321142,1.691342355525793e-05,2.6149550244245104e-07,0.0015567024235657375
3,4.743926192082274e-08,2.7616909584566014e-07,0.00010171465226730824,8.056313951870655e-05,8.229366703375652e-05,9.670875215063607e-07,0.9561439983676154,0.000577718374582206,0.00010772550761619592,4.4978694297756125e-06,0.002470541051232615,0.00205921561746992,8.156644476396921e-09,1.2270191665231215e-05,0.03546683420279612,0.00033710954582645656,8.112850249609327e-08,2.632212647226861e-05,2.6610009035029073e-07,6.126936217066263e-08,0.00023243430440777438,0.001110118203896219,1.9086836394541113e-05,3.1254650153914625e-07,0.0011655364447951727
4,4.934655923615163e-08,2.830831596837546e-07,0.00010120563124295132,8.196964681918858e-05,8.48018253073285e-05,9.375113570010744e-07,0.956097790744927,0.0005556570391639899,0.00011067195866202539,4.321718451579952e-06,0.002506175590830985,0.0023370247822361834,9.892663050029807e-09,1.304543332857635e-05,0.035059566605696015,0.0003305459059255429,9.058006777048731e-08,2.6728766583428645e-05,2.6725308126547386e-07,6.420005625424357e-08,0.00024571488034741206,0.0011913163780366122,1.961480391268209e-05,3.235018389763879e-07,0.0012318229197452273
5,4.958121295310064e-08,2.7651613434255907e-07,9.94584186128345e-05,9.890229323505543e-05,7.519393656153058e-05,8.217474591860997e-07,0.9623847737597832,0.0005424630243699391,9.547267922796303e-05,5.011185251323864e-06,0.002303541709843755,0.0023253853333806192,7.98248490379854e-09,1.4026619906192863e-05,0.029022969860909662,0.00028636998745691926,8.241720165651448e-08,3.165713016076246e-05,2.0290020048139067e-07,6.451330079931273e-08,0.00025142856529062046,0.0011055709267864884,2.197295779023437e-05,3.069563880155334e-07,0.0013339889970503328
6,4.743926192082274e-08,2.7616909584566014e-07,0.00010171465226730824,8.056313951870655e-05,8.229366703375652e-05,9.670875215063607e-07,0.9561439983676154,0.000577718374582206,0.00010772550761619592,4.4978694297756125e-06,0.002470541051232615,0.00205921561746992,8.156644476396921e-09,1.2270191665231215e-05,0.03546683420279612,0.00033710954582645656,8.112850249609327e-08,2.632212647226861e-05,2.6610009035029073e-07,6.126936217066263e-08,0.00023243430440777438,0.001110118203896219,1.9086836394541113e-05,3.1254650153914625e-07,0.0011655364447951727
7,1.183835848230838e-07,2.5635843552177557e-07,0.00022599443464645674,5.487211820564942e-05,6.881405027567393e-05,1.1854845756952334e-06,0.9783127563706819,0.0005593806544273961,8.026585392477868e-05,5.436511298491612e-06,0.002173328553941167,0.001500240068470906,9.917238388654765e-09,8.432002932626708e-06,0.015236401543145034,0.00020687522548941132,6.125498746427125e-08,2.8602250915551254e-05,4.0215026557277357e-07,4.671067400247672e-08,0.0001319818053664335,0.00048378372176921953,1.7223562861935694e-05,5.077521599251063e-07,0.0009030232597257918
8,5.56112616167746e-08,3.279206138235195e-07,0.0001361700055824025,0.00011815679265652012,7.079569575479334e-05,9.584187672908038e-07,0.9789216366387583,0.0004356155291909443,6.924903024597983e-05,5.865071293316624e-06,0.002068021345319933,0.001966288089022328,7.795494276203284e-09,1.3492393463482523e-05,0.01417870681253613,0.00020549904722020623,5.992900879362744e-08,1.8700964979981603e-05,2.0737125088051287e-07,6.710203940345905e-08,0.00017276954588414632,0.0004987697361661367,3.493472744322922e-05,4.2587232794103975e-07,0.0010832185537183905
9,3.824607336808463e-08,3.0456138126057047e-07,0.0001353455706601801,0.00014770707128025455,5.233133756887722e-05,9.242042933156894e-07,0.9732293980040326,0.00040823249563627276,9.523118854745308e-05,6.570384366473379e-06,0.0015621863729844692,0.00256711759043786,8.550862144561478e-09,1.139288527777955e-05,0.01922661933016498,0.000276548260113765,5.747688394015461e-08,2.1493721356647984e-05,1.77049444435084e-07,7.111625874369131e-08,0.0003174363535009316,0.0007353712887481106,2.725131717062323e-05,3.792927875778299e-07,0.0011778063301681036
10,4.743926192082274e-08,2.7616909584566014e-07,0.00010171465226730824,8.056313951870655e-05,8.229366703375652e-05,9.670875215063607e-07,0.9561439983676154,0.000577718374582206,0.00010772550761619592,4.4978694297756125e-06,0.002470541051232615,0.00205921561746992,8.156644476396921e-09,1.2270191665231215e-05,0.03546683420279612,0.00033710954582645656,8.112850249609327e-08,2.632212647226861e-05,2.6610009035029073e-07,6.126936217066263e-08,0.00023243430440777438,0.001110118203896219,1.9086836394541113e-05,3.1254650153914625e-07,0.0011655364447951727
11,4.998707703833661e-08,2.8382423722983315e-07,0.00010426607155183585,8.306169489149478e-05,8.593768215037894e-05,9.892055445781762e-07,0.9570227157675342,0.0005789107450808004,0.00011027331211006875,4.559658356163628e-06,0.0025194181065589074,0.0021860138681325963,9.54301393898063e-09,1.2587573434472461e-05,0.03436110354763326,0.00034668877876187226,8.771913389037315e-08,2.6623024025908747e-05,2.772953607315676e-07,6.649463107416403e-08,0.00023812511697291237,0.001122436719917841,2.0011492847948083e-05,3.403820969331702e-07,0.0011751623889441792
12,8.906466208128085e-08,4.428583711284437e-07,7.436516196216976e-05,9.952330379653361e-05,0.0002676590458326716,1.3278866391748517e-06,0.9561171194762554,0.0002351175040228607,8.603776125744971e-05,8.234939508623317e-06,0.0015831765814915985,0.0014399755474059296,1.1950654670511279e-08,4.42557186689528e-05,0.031412802200161107,0.00019179090737459192,3.3098066846114295e-07,6.836299252479913e-05,8.537889831474604e-08,1.4101433273131364e-07,0.0003737841511592755,0.0008963685364317956,4.398430709491206e-05,1.583233377853773e-07,0.007054854407486799
13,1.9262826631110077e-08,1.8968270647819355e-07,7.030396670136038e-05,0.00012897404237489031,7.259467976329309e-05,7.33016011958329e-07,0.9475761372156204,0.0009254756410584764,7.424388054139121e-05,1.8736718814808798e-06,0.009539578214997013,0.0041628406328175285,7.500864917551716e-09,2.5076219086918432e-05,0.034290752206494496,0.0002736090066611721,8.168176025202231e-08,1.4254267516028167e-05,2.292051831793125e-07,4.9918437318999796e-08,0.000231482120071832,0.0018297364937129989,4.2080620086775496e-05,4.024168840750724e-07,0.0007392744359388601
14,5.3665869373094495e-08,1.9696168178162307e-07,0.00022061697876731164,0.00010047368250545687,7.005991833595002e-05,1.2072441177980157e-06,0.943899687068755,0.0006363300690351366,0.0001635526468810073,3.678271517789515e-06,0.0023722626678114095,0.003078089756051379,1.5130827790624966e-08,1.0378765071101598e-05,0.04555940638492228,0.00043018757273699705,1.1019563519731081e-07,3.350188829593169e-05,2.287527249318693e-07,7.237783941615247e-08,0.0003887934940506222,0.0014465236928752324,1.9238174992814657e-05,3.6004912746947956e-07,0.0015649745895708102
15,4.743926192082274e-08,2.7616909584566014e-07,0.00010171465226730824,8.056313951870655e-05,8.229366703375652e-05,9.670875215063607e-07,0.9561439983676154,0.000577718374582206,0.00010772550761619592,4.4978694297756125e-06,0.002470541051232615,0.00205921561746992,8.156644476396921e-09,1.2270191665231215e-05,0.03546683420279612,0.00033710954582645656,8.112850249609327e-08,2.632212647226861e-05,2.6610009035029073e-07,6.126936217066263e-08,0.00023243430440777438,0.001110118203896219,1.9086836394541113e-05,3.1254650153914625e-07,0.0011655364447951727
16,3.258093196625781e-08,2.6427856110160086e-07,6.937136257193852e-05,7.925339109282227e-05,5.810300289513846e-05,6.414533579097532e-07,0.9574521991293591,0.0005445726894407154,9.027239529450722e-05,5.405308379312157e-06,0.001714087346253794,0.0026745863737074526,7.362130596027086e-09,1.2377955907171927e-05,0.03395479636597225,0.00034484728975898586,7.353510551302165e-08,2.4847745575699745e-05,2.3866696123359453e-07,5.928729607031607e-08,0.00031511340062710344,0.0015181608401298669,1.688222489187605e-05,2.3398812948300009e-07,0.001123572025668356
17,5.691637908171184e-08,2.987413889638879e-07,0.00012170453714841681,7.284481644465739e-05,7.858722113880003e-05,1.1259899925817566e-06,0.9552010314636569,0.0005743091974584634,0.00012658890779752014,4.685099246648875e-06,0.0022635857536801077,0.001794043050828799,7.414257193531005e-09,1.0241332400744486e-05,0.037115008715604476,0.0003542155886639567,6.641975287088773e-08,2.7384101639096137e-05,3.160641352014395e-07,5.40145407996211e-08,0.0002148821865049771,0.0009469758627468729,1.482074612119779e-05,3.2944690110824685e-07,0.0010768364115706062
18,4.694479064105049e-08,3.0126341079631057e-07,0.00012963934338637304,9.198579902292479e-05,7.362612160529378e-05,1.2817423321721922e-06,0.9509502501866766,0.0008791230389265287,0.00013544665805138606,3.967412077826314e-06,0.003627311550754477,0.0020473344548667034,7.272454513528804e-09,1.064794528905991e-05,0.039529590224817335,0.0004426766469229416,6.145929018687884e-08,2.1341410320271752e-05,4.3363282560070394e-07,5.301561664683235e-08,0.00020858786053222438,0.0011104453896634047,1.7696978435592416e-05,4.4967993939216024e-07,0.0007176939679911943
19,2.8369212331595868e-08,2.030480863884235e-07,7.692249224106499e-05,7.70042941781581e-05,4.6206940553172074e-05,4.858836500970948e-07,0.9684761669225265,0.00043738956890910217,8.530945110504463e-05,3.365795694005352e-06,0.001472552202744212,0.002661819518773688,6.9769352624093026e-09,8.907837550956344e-06,0.02427182710368537,0.0002536349664638938,4.989616295598897e-08,1.7038547900631754e-05,1.6617575620563578e-07,3.927144843270236e-08,0.00021321381888445853,0.0010104371845331066,1.294737915689649e-05,2.0255540248437744e-07,0.0008740737984458208
20,1.3212249460558903e-07,4.356155639148545e-07,0.0001526912221943574,6.638834046116503e-05,0.00019085760769533072,1.4894989167018659e-06,0.9842525420929111,0.0001899814230200436,0.00010017233021935257,6.556939311684643e-06,0.001562624358760715,0.001108602152512248,1.2178155712475525e-08,1.3594563470722335e-05,0.00979604801128146,0.00017423247769788138,9.116321481708688e-08,3.071985077969271e-05,1.7973108810429354e-07,8.503324707124573e-08,0.00017850041824050104,0.000228846085489838,2.9973925670235148e-05,4.778913233615037e-07,0.0019147649662794258
21,4.8455102752630886e-08,2.7316484827935046e-07,0.00010704892991212049,7.56336164052126e-05,8.973736837395406e-05,1.0291002606156268e-06,0.9549011487150307,0.0005381675897750264,0.00010133598630841117,4.295231025235342e-06,0.0027152504573062274,0.0018546447605713467,8.033110098618165e-09,1.1601526089467715e-05,0.036686862646766,0.00029489328123390325,9.179417679368991e-08,2.5303737636854723e-05,2.760026440459289e-07,6.078654152487751e-08,0.0002232360712620108,0.0011026635712282718,2.1963600959255883e-05,3.2633345137683533e-07,0.00124409923998044
22,8.760650271344191e-08,2.724006351208239e-07,0.00014870371124506252,7.998362019335928e-05,0.00012111721315507315,1.3743641273130182e-06,0.9386418351885053,0.0006747418511577631,0.000129504008749767,5.444961585261869e-06,0.003437321568677633,0.0017835346920323123,1.0293945530266881e-08,1.3245749045002996e-05,0.05081174166285955,0.00040590354435953054,1.5332695691624494e-07,5.658235702332823e-05,2.930849780767271e-07,8.207312040591494e-08,0.00028916944214306666,0.0015710565141293564,2.1721882238199892e-05,3.9947235672550525e-07,0.0018057194102777288
23,4.743926192082274e-08,2.7616909584566014e-07,0.00010171465226730824,8.056313951870655e-05,8.229366703375652e-05,9.670875215063607e-07,0.9561439983676154,0.000577718374582206,0.00010772550761619592,4.4978694297756125e-06,0.002470541051232615,0.00205921561746992,8.156644476396921e-09,1.2270191665231215e-05,0.03546683420279612,0.00033710954582645656,8.112850249609327e-08,2.632212647226861e-05,2.6610009035029073e-07,6.126936217066263e-08,0.00023243430440777438,0.001110118203896219,1.9086836394541113e-05,3.1254650153914625e-07,0.0011655364447951727
24,5.249767571232147e-08,3.737194249811069e-07,8.729017066002374e-05,0.0001055641377941568,8.873674409739406e-05,9.021751242755731e-07,0.9618782286886445,0.0006346995524950243,0.00010148016054678158,5.671254776449992e-06,0.0024108284269410618,0.0024052142962822168,8.695052953998267e-09,1.72065526650549e-05,0.029298081338163622,0.0003415337184150415,8.869247627853976e-08,2.780027122614614e-05,2.6969306338190404e-07,8.067949233076559e-08,0.00024191170271168613,0.0010950386566719924,2.4462316952281167e-05,3.3476248587964136e-07,0.0012341410961607964
25,1.2823774112749408e-07,4.127972611905719e-07,0.00019073925500385862,5.2707767281467646e-05,0.00011031958680041341,1.3401942602558756e-06,0.9391311614761789,0.00022195981519684517,0.00019812114728728252,7.174264608646963e-06,0.000895574840474458,0.001826887201681489,1.6504940991570658e-08,7.181885777180602e-06,0.05224955316611433,0.0003255596455496653,1.291515868429571e-07,5.0243136421015984e-05,2.775916383811342e-07,8.337036522395495e-08,0.0003272673976803891,0.000978344541019044,1.2662765506593886e-05,2.9424533298095726e-07,0.0034118600142913603
26,1.4669164955970613e-07,3.897833233396763e-07,0.000246495905869467,9.863270086295803e-05,0.00015227127961844756,1.7596573679561646e-06,0.9663098353092648,0.0005195713325811621,0.0001582671877069513,6.423517650341189e-06,0.003655370697100705,0.0020263003566130147,1.8854706967238494e-08,1.135264907822911e-05,0.023709041273704906,0.00033655203444190267,1.476115136880306e-07,4.9268543819349934e-05,4.0970026276007e-07,1.2180775248364348e-07,0.00029768006182770044,0.0008793130254528174,3.938674753531089e-05,1.0633831123994158e-06,0.001500179887182813
27,4.212329075506434e-08,2.790338244570409e-07,9.32767860048928e-05,8.197277448454919e-05,8.252832147821756e-05,9.684208680093743e-07,0.9403218726028126,0.0007275218353091094,0.00012540047078089993,4.1886015989324555e-06,0.0029743209461614802,0.0022736038643044743,7.92443969427928e-09,1.242830644255883e-05,0.04979296999707817,0.00041802544907381165,9.051182247955964e-08,2.704997522352447e-05,3.180977149598233e-07,6.285487898098721e-08,0.0002642213666174535,0.0016921814539855502,1.868610808477753e-05,3.1940676448909926e-07,0.0010876627669549703
28,4.743926192082274e-08,2.7616909584566014e-07,0.00010171465226730824,8.056313951870655e-05,8.229366703375652e-05,9.670875215063607e-07,0.9561439983676154,0.000577718374582206,0.00010772550761619592,4.4978694297756125e-06,0.002470541051232615,0.00205921561746992,8.156644476396921e-09,1.2270191665231215e-05,0.03546683420279612,0.00033710954582645656,8.112850249609327e-08,2.632212647226861e-05,2.6610009035029073e-07,6.126936217066263e-08,0.00023243430440777438,0.001110118203896219,1.9086836394541113e-05,3.1254650153914625e-07,0.0011655364447951727
29,4.743926192082274e-08,2.7616909584566014e-07,0.00010171465226730824,8.056313951870655e-05,8.229366703375652e-05,9.670875215063607e-07,0.9561439983676154,0.000577718374582206,0.00010772550761619592,4.4978694297756125e-06,0.002470541051232615,0.00205921561746992,8.156644476396921e-09,1.2270191665231215e-05,0.03546683420279612,0.00033710954582645656,8.112850249609327e-08,2.632212647226861e-05,2.6610009035029073e-07,6.126936217066263e-08,0.00023243430440777438,0.001110118203896219,1.9086836394541113e-05,3.1254650153914625e-07,0.0011655364447951727
30,4.743926192082274e-08,2.7616909584566014e-07,0.00010171465226730824,8.056313951870655e-05,8.229366703375652e-05,9.670875215063607e-07,0.9561439983676154,0.000577718374582206,0.00010772550761619592,4.4978694297756125e-06,0.002470541051232615,0.00205921561746992,8.156644476396921e-09,1.2270191665231215e-05,0.03546683420279612,0.00033710954582645656,8.112850249609327e-08,2.632212647226861e-05,2.6610009035029073e-07,6.126936217066263e-08,0.00023243430440777438,0.001110118203896219,1.9086836394541113e-05,3.1254650153914625e-07,0.0011655364447951727
31,7.732264984153886e-08,2.8886620360887016e-07,0.00014584293133421814,7.70549178115818e-05,6.441113120951453e-05,9.888324724691603e-07,0.9714097111072009,0.0007581019081226745,8.212082942184771e-05,6.031670912270913e-06,0.0020871376891861324,0.0016663485083101177,7.3194174555134375e-09,1.0865398200967866e-05,0.02150570033232117,0.0002791465486694975,6.775125864979207e-08,2.9384960881364925e-05,3.4925960141152416e-07,5.310363455297507e-08,0.00017473371468174444,0.0007706853111349712,1.778873508707294e-05,3.560281529934324e-07,0.000912745822122772
32,5.2491717583550396e-08,2.998118442584429e-07,0.00010563209125987713,7.655123458952926e-05,8.330453821489006e-05,1.0368689064051554e-06,0.9543329529301623,0.0006295001409943063,0.0001126384445086541,4.722352670491803e-06,0.002597517417784355,0.0020677496866366727,8.423942086766787e-09,1.2160526160717796e-05,0.03705058693819394,0.00035328267616225597,8.338671760963801e-08,2.6871831851851583e-05,3.301476371810519e-07,6.148542169398828e-08,0.00023299074580854746,0.001179208698072949,1.8895226235849588e-05,3.420701644284392e-07,0.0011132198343415496
33,2.6685150467544732e-08,2.243860702822557e-07,7.037365826696424e-05,0.00012443980810774346,0.00010674618549860757,1.213300368325228e-06,0.9598157196796331,0.0016503934720758374,5.616386155185906e-05,6.957481351516378e-06,0.006049498570428669,0.002208124227978823,1.1877422005944616e-08,2.4335852805963227e-05,0.026011366522930082,0.0005519430996378518,1.8269021400430376e-07,2.2506486593483864e-05,4.1276570989593084e-07,1.245957734013898e-07,0.0003374845869482466,0.0021852245248256963,6.725006751850811e-05,5.734342172000335e-07,0.0007087021789213749
34,1.398753330430739e-07,4.732560247582461e-07,0.00019035082511966605,5.021520177291356e-05,9.431486083266529e-05,1.4189424062921196e-06,0.9389456102999169,0.0006773359942779629,0.00026282457820823876,3.224865800395503e-06,0.003119589659436065,0.002366621657767775,1.1561114242449081e-08,8.14130723127382e-06,0.05149069884218066,0.00037601840123494435,7.384353277786209e-08,3.399548514149519e-05,8.65468559725446e-07,4.1971057387586316e-08,0.0002067939502611186,0.0012250990953372035,9.421954189583148e-06,5.433303744969196e-07,0.0009361747728885038
35,8.310260556394609e-08,2.1785621106681532e-07,0.00012593124734333334,5.794082533322163e-05,4.835475325142122e-05,5.264652513487256e-07,0.9721825389166318,0.0005499050324122901,0.00012148803689532036,4.020027863038297e-06,0.0012796966201423054,0.002048235668546698,6.4124620784745335e-09,6.2584731736510595e-06,0.021366902183406585,0.00025885908925628044,4.523974710412486e-08,4.093007115098028e-05,2.250263550215135e-07,3.293650770270315e-08,0.00018302794900067532,0.0008666359657951949,7.311811517440759e-06,2.5804435939794914e-07,0.0008505682447803447
36,3.664394812048172e-08,2.0243489373702778e-07,7.330278461672882e-05,6.059134998278297e-05,4.613619203291899e-05,4.6478818640990503e-07,0.9451909894946303,0.0009544205838646849,9.862253010682773e-05,2.727246685999056e-06,0.0020333165888899224,0.0038659827037511585,9.775785370501066e-09,1.076720912906578e-05,0.044376800227163324,0.00043538197950275244,6.688644244749694e-08,1.9115093136645944e-05,3.273864721050095e-07,4.295980741314135e-08,0.00017309884336338033,0.0018490976893210294,8.800269559805852e-06,1.870243642477556e-07,0.0007995113143626834
37,8.250744307712389e-08,2.678031505922763e-07,0.00013162242954026322,7.533421571301395e-05,6.827969481272908e-05,6.833174345718227e-07,0.9780932632357411,0.0004476440714782858,7.6985305481753e-05,5.718432987126441e-06,0.001897714450458657,0.0017476506861971045,7.21082553420444e-09,8.817648403999039e-06,0.015221649280013952,0.00019164050986737545,6.78363221032591e-08,3.498218136915174e-05,2.2502662125330766e-07,5.338579111631264e-08,0.00019160135430735896,0.0007329202126739733,2.0808676336001433e-05,4.187913002267023e-07,0.0010515617357299244
38,5.622579965545831e-08,2.7210259731935313e-07,0.00011093241412664617,6.423176392892115e-05,8.432306532253502e-05,1.0952267086504735e-06,0.9561478238118316,0.0005219879334818315,0.00011198673977519687,4.460486911384823e-06,0.002218653019235468,0.0017235506279088674,7.811016482221511e-09,1.0939768015402824e-05,0.036355628152359196,0.00033231047083935003,7.025116051724997e-08,2.659789364840837e-05,2.8746499697040253e-07,5.17622209546764e-08,0.00019658810091261212,0.0009153510497609627,1.505991599154493e-05,3.0065540690130913e-07,0.001157433286042785
39,4.5895835442870554e-08,1.8380209971291302e-07,0.00020155238348486956,7.908060589207277e-05,7.126498181398566e-05,1.986736350529911e-06,0.944078691567359,0.0009999784106517731,0.00012735562400377089,6.116448061709602e-06,0.002461385604920473,0.0018768089438030693,1.4498578669657832e-08,8.964071048417638e-06,0.04653212316658995,0.0006511280627974494,1.219137057910675e-07,3.2496839811801625e-05,4.363388831962768e-07,7.589655972174593e-08,0.00041835749910955285,0.0014084148705374167,1.716344719920187e-05,4.0622199823938023e-07,0.0010258461689041662
40,5.5422142610798566e-08,2.716056517488697e-07,0.00012957711111055047,5.5534948195511264e-05,7.270859773569405e-05,1.0192554882495505e-06,0.941273006514188,0.0003778943856406176,0.00014297445565578584,2.9556335689712896e-06,0.0020784234914373407,0.0023875802859640036,9.214210433448798e-09,1.0222888311762337e-05,0.050409756507311144,0.00026044830665639416,6.679396553728544e-08,2.2593073035164066e-05,2.7588921611415524e-07,3.835174661782901e-08,0.00020124971713760277,0.0010971841836205415,1.21805919433502e-05,2.5089939805055473e-07,0.001463721876668026
41,7.523129167863984e-08,2.5630382573016764e-07,0.00011463988178859884,6.084044383657593e-05,0.00013848694942770977,1.2462961938698686e-06,0.9361760414294243,0.0004253523728795,0.0002233900742540293,2.4343459540845586e-06,0.002156538652918283,0.00160302748929717,1.1075119949429905e-08,8.938247085194869e-06,0.05647993283503265,0.0005163703107702824,6.444722678818338e-08,2.929066576845546e-05,2.0905794493852542e-07,5.3813491974989603e-08,0.00012748923846077833,0.0006580469889885349,7.826217503528605e-06,2.7448942221405405e-07,0.0012691631420930132
42,3.122564880735091e-08,2.4652972925927006e-07,0.00010994225698490845,9.32614336237897e-05,4.775011137822075e-05,1.053039013719821e-06,0.9251304954388115,0.0015643205835957751,0.00012061114329096547,6.1438646185799575e-06,0.002935869163340055,0.003291459869891828,1.0774741154890373e-08,9.81030689643399e-06,0.061680743863572786,0.0008037541909145508,9.87698843872602e-08,2.5017918014186568e-05,6.743650615862787e-07,7.68224517670314e-08,0.0004046400197711473,0.0030365593018648876,1.78219428571605e-05,3.9908850969568134e-07,0.0007192079755326822
43,3.4034275293066105e-08,2.831639102649951e-07,0.00010923637464226024,9.803485086785315e-05,7.312299163963223e-05,1.6780609720828447e-06,0.9512480615627796,0.0008405495343005648,9.472128060266112e-05,1.618856126233728e-05,0.0017571138181115956,0.001564618599940607,9.438748733865526e-09,1.3059243953455886e-05,0.03981315631927032,0.0006156828212605251,1.2434161143108626e-07,3.892136090922235e-05,3.8613691262283906e-07,1.2492756964968292e-07,0.0005880695426474919,0.0018434123437561538,3.067732117160882e-05,3.8677903036668517e-07,0.0012523465898535754
44,4.743926192082274e-08,2.7616909584566014e-07,0.00010171465226730824,8.056313951870655e-05,8.229366703375652e-05,9.670875215063607e-07,0.9561439983676154,0.000577718374582206,0.00010772550761619592,4.4978694297756125e-06,0.002470541051232615,0.00205921561746992,8.156644476396921e-09,1.2270191665231215e-05,0.03546683420279612,0.00033710954582645656,8.112850249609327e-08,2.632212647226861e-05,2.6610009035029073e-07,6.126936217066263e-08,0.00023243430440777438,0.001110118203896219,1.9086836394541113e-05,3.1254650153914625e-07,0.0011655364447951727
45,6.036531151664777e-08,4.4138565496534563e-07,0.00010056780805152465,0.00010437371371456054,0.00010050440100942197,8.411792503677747e-07,0.9735305799530957,0.0002958643387900288,8.963610619077826e-05,7.309713535340802e-06,0.001756973065795227,0.0023978318376482,9.410918862655591e-09,1.8693534301936596e-05,0.017910926650247964,0.0001755316769327284,1.1789930403134495e-07,3.181432812883308e-05,1.8241989907018183e-07,8.899096982006837e-08,0.00038568355295354276,0.0009348295019565102,4.260366547080797e-05,3.428467109790087e-07,0.00211419165415718
46,4.9673298049320234e-08,2.858344347083711e-07,0.00014220855742824037,0.0001814594597388223,0.00012096132998548411,1.9773980498983347e-06,0.9211843800340386,0.0012641860022875023,0.00010452173099357953,6.650668091904382e-06,0.006425718523614313,0.0035285069127391974,2.5670953565605847e-08,2.2663369775409107e-05,0.05952658016218059,0.0005978471552594282,5.002681787311207e-07,4.2340539244247506e-05,5.069649565292582e-07,1.806184434065901e-07,0.0006629642788559094,0.004118379419503154,7.427780590560705e-05,7.129505540060529e-07,0.0019921146714890208
47,4.834591814652908e-08,2.755692725336445e-07,0.00010146379252609206,7.864794127896819e-05,8.089851750096066e-05,9.324433989019259e-07,0.9561409308894608,0.0005684370598948269,0.00010837904725705484,4.49439073495434e-06,0.002366651088103509,0.002115125384683668,8.380203126880418e-09,1.1971050242416762e-05,0.03549134788044862,0.00033879011430065157,8.167932803949214e-08,2.6519875088947575e-05,2.6697325474359457e-07,6.109647066736683e-08,0.0002341152407630763,0.001132559119197347,1.843212936563463e-05,3.077121808107667e-07,0.0011792542791254983
48,5.190721238163778e-08,3.9586447819404264e-07,0.00010370853396635964,7.160051825316469e-05,7.736210619939317e-05,1.1735235042957028e-06,0.9614453928553092,0.0007757983472868122,9.075906717289804e-05,6.22672728602896e-06,0.003083520395497517,0.0018769599056200025,7.66556837120399e-09,1.1921925128236912e-05,0.029811215936638547,0.0003198833803717179,8.401179469491744e-08,2.0333006386035072e-05,6.212953545986833e-07,6.138755216725426e-08,0.000229592021046868,0.0012306166730888539,2.6059968614921227e-05,4.6956202742521e-07,0.0008161834146412986
49,4.531189492856084e-08,2.6747742138211967e-07,0.00012486996533490557,9.831320069061322e-05,6.89711266033957e-05,1.0154647945660019e-06,0.9576002337739765,0.0005548038862058861,0.0001053902707576576,4.979586169120418e-06,0.00242379177292043,0.0025308984797872535,9.412937218681118e-09,1.3022306398034957e-05,0.03332783328664492,0.00031754420081957376,8.241633109151428e-08,2.684242522572167e-05,2.4561227189253277e-07,6.45317731423132e-08,0.00028039009251252937,0.0011986369629026971,2.3359639647024246e-05,3.4836833002794147e-07,0.0012980404276493997
50,4.506162273636527e-08,2.6285195020914147e-07,9.518439634656665e-05,7.526500775410903e-05,7.755280099498158e-05,8.956211643123187e-07,0.9594486980157414,0.0005582012471977961,9.589595754924232e-05,4.569968392500471e-06,0.002273390007143366,0.001968957109766862,7.662733740963493e-09,1.1968717719437135e-05,0.03264490718192704,0.0003147025083339775,7.61638461155417e-08,2.474183158989824e-05,2.550864328780247e-07,5.745925151861562e-08,0.00021591963096384656,0.001044793636204555,1.8406788584346443e-05,2.8754394981850294e-07,0.001124957742838704
51,5.237802331311508e-08,5.570016876895174e-07,8.671222444850632e-05,0.00012018807003475265,4.633986683274978e-05,5.906483984976938e-07,0.9519422335139264,0.0007573793933772845,0.00012114691668623214,4.3658844326163175e-06,0.0024526163985575814,0.003448180429094345,4.435448970195062e-09,1.5682226749247833e-05,0.03779808075138543,0.0002294855789164989,5.4449195385472074e-08,2.4824266126447676e-05,3.6126980029377667e-07,4.144425192689515e-08,0.00023483271264882898,0.0016889192720154567,1.585366986641058e-05,2.5878043831497057e-07,0.0010112384176567631
52,7.647357691806697e-08,2.5361286131871564e-07,0.0001371713046400079,6.97842292903599e-05,0.00012493986983030516,1.8156024706425737e-06,0.9224159223532256,0.0007298211574734255,0.00015699269000006187,5.499056713947568e-06,0.003418685225386465,0.0014668090153657225,8.78628303175945e-09,1.3888342215247664e-05,0.06766206726906546,0.0005222932832574163,1.045523765250658e-07,5.515340379725277e-05,3.0842916074070245e-07,7.48412769645699e-08,0.00022990565925163446,0.001316883026215044,1.674680683750361e-05,3.6253720977106987e-07,0.0016544324722188304
53,0.00013534042603015748,3.405594826616265e-05,0.00984305740684389,0.0025820683129063942,0.0009672639360471915,0.001927963774043754,0.22245963968749313,0.00613920061321852,0.026038456001195188,0.00018749768809176725,0.041791525935004584,0.009360428249348806,2.3533135708301332e-06,0.00034655725729012735,0.4636739059712687,0.012178581656462444,0.00015843543810116994,0.041268609024466066,0.0003617802878508577,6.652778814207422e-06,0.030838301347864312,0.07751654242213576,0.0002294245843575059,0.00017123455289782687,0.05178112338643057
54,6.54013360558165e-08,3.85857778563172e-07,7.74833362812871e-05,5.191651778341191e-05,8.253123759861349e-05,7.539611121387252e-07,0.9487220777505387,0.0003081213400359648,0.00010544414414924866,4.3655050918196246e-06,0.001177654538447005,0.0021080679179758402,7.219034505926474e-09,1.4997280964480758e-05,0.043934881725366054,0.00024093703919206234,6.439386694461828e-08,2.430752592018011e-05,2.077535819824045e-07,4.6256773982115544e-08,0.0001484939816837958,0.0008349901189640103,1.10481397930184e-05,1.4476735824705293e-07,0.002151006289372059
55,5.396082913008673e-08,2.6637538309252253e-07,0.00010818302552879244,7.605785720567743e-05,6.79242044726503e-05,7.449128999428638e-07,0.9601402821104494,0.0004840638802541863,0.00013943986615472866,3.561784206323442e-06,0.0018442721993799187,0.0026005464505300347,9.111145243594367e-09,9.55131451419123e-06,0.0318455188347011,0.00032221420764987963,6.124532655287824e-08,2.740442522050785e-05,2.3284052020144214e-07,4.90441738428756e-08,0.00022381149815063446,0.001001612389685129,1.2282329888195557e-05,2.9087645950765055e-07,0.001091565255271287
56,4.859252901073543e-08,2.791042650058431e-07,0.00010293759486411731,8.110025828201546e-05,8.178070021045451e-05,9.595550670051653e-07,0.9566467844203892,0.0005770616212621352,0.0001076671849972901,4.4678695472940185e-06,0.0024990998840380653,0.002219937255849273,9.16681284069762e-09,1.2639467658639582e-05,0.034738622990436924,0.00033379124091569647,8.451046406873852e-08,2.6102881982751768e-05,2.758042964697511e-07,6.291487472399837e-08,0.00023451678110376434,0.0011389165528102236,1.9454003728033775e-05,3.249886111284972e-07,0.0011730746550039158
57,4.297197512737586e-08,2.868635354398068e-07,8.767342900329965e-05,7.666330235096322e-05,6.508505447129368e-05,6.485531513214774e-07,0.9541638949284034,0.000655848847573206,0.00010645759410949183,4.772615734382452e-06,0.001799123601474773,0.003466359771910835,1.328961915793256e-08,1.1398584514086363e-05,0.03604844569041156,0.00040274350387162786,1.0024928399508039e-07,2.2481119568593257e-05,3.338066279499901e-07,7.822170690292352e-08,0.0002635587615472967,0.0016438977273855173,1.750295900501145e-05,2.8363434699120436e-07,0.0011623049184178228
58,5.20607739819736e-08,2.7520863744622656e-07,0.00010975335524050145,7.874387329182254e-05,8.054908979064542e-05,9.562726881519896e-07,0.9608585402671865,0.0005686597233502818,0.0001087847060793061,4.217690467299099e-06,0.0027390054792307897,0.0022246137948598184,9.06323245269835e-09,1.1438611098744474e-05,0.030542960838479637,0.0003153769992290638,7.594910863723056e-08,2.5590785170157235e-05,2.983689640022321e-07,5.8350962870594206e-08,0.0002261606176480482,0.0010591907551819409,2.0092261522860523e-05,3.951920025172014e-07,0.0010242006858024813
59,5.1395191135844956e-08,2.7551071535559074e-07,0.00012001583141106023,8.442024582877184e-05,8.024552491821302e-05,1.0226420289187832e-06,0.9598279499788285,0.0005776077083049239,0.00011385696537802943,4.463080081260833e-06,0.0027084556065464084,0.0021478288034861067,8.872699062817844e-09,1.1072012632218834e-05,0.031601704986403835,0.00033206113046119684,7.679058900968816e-08,2.613945167988978e-05,2.9232809349662504e-07,6.256414975149998e-08,0.00024252625246494962,0.0010607783355656966,2.078951564575319e-05,4.0876673385930845e-07,0.001037885700162642
60,4.743926192082274e-08,2.7616909584566014e-07,0.00010171465226730824,8.056313951870655e-05,8.229366703375652e-05,9.670875215063607e-07,0.9561439983676154,0.000577718374582206,0.00010772550761619592,4.4978694297756125e-06,0.002470541051232615,0.00205921561746992,8.156644476396921e-09,1.2270191665231215e-05,0.03546683420279612,0.00033710954582645656,8.112850249609327e-08,2.632212647226861e-05,2.6610009035029073e-07,6.126936217066263e-08,0.00023243430440777438,0.001110118203896219,1.9086836394541113e-05,3.1254650153914625e-07,0.0011655364447951727
61,5.2599221794731205e-08,2.790771919309897e-07,0.00011789592527462184,8.230933574677595e-05,8.2079579575532e-05,1.0290524556726437e-06,0.959684117521234,0.0005694657416341664,0.00011476391462554301,4.462073687814163e-06,0.002667827757250658,0.0021414864599452917,9.21708038655307e-09,1.1025040461914418e-05,0.03180001000533197,0.0003336630898217052,7.822318083821266e-08,2.626714180460508e-05,2.98620935740898e-07,6.257065413196607e-08,0.00023847582755087454,0.0010550288151470989,2.0383072755725328e-05,4.077752590017505e-07,0.0010485215621723095
62,4.743926192082274e-08,2.7616909584566014e-07,0.00010171465226730824,8.056313951870655e-05,8.229366703375652e-05,9.670875215063607e-07,0.9561439983676154,0.000577718374582206,0.00010772550761619592,4.4978694297756125e-06,0.002470541051232615,0.00205921561746992,8.156644476396921e-09,1.2270191665231215e-05,0.03546683420279612,0.00033710954582645656,8.112850249609327e-08,2.632212647226861e-05,2.6610009035029073e-07,6.126936217066263e-08,0.00023243430440777438,0.001110118203896219,1.9086836394541113e-05,3.1254650153914625e-07,0.0011655364447951727
63,5.303514182703044e-08,3.3063268090023156e-07,0.00010363553355632406,8.288839049699242e-05,8.71672285017121e-05,1.0174070754125164e-06,0.9549923727069535,0.0005559206289478023,0.00011457726036529184,4.785881928156967e-06,0.0024834835396876907,0.0021227885392915173,8.526174654622988e-09,1.2783995009633824e-05,0.036449838364609397,0.0003315946337808516,8.604749766782077e-08,2.6410020145152164e-05,3.019185874193113e-07,6.438774006442078e-08,0.00023994822100746564,0.0011440666444146252,2.0275640535277584e-05,3.360538258442743e-07,0.0012252647620448688
64,4.3721120029834866e-08,2.8753291704335853e-07,0.00010382594936279492,8.829876452962768e-05,7.758433187568014e-05,9.996960429351248e-07,0.9567051821903568,0.0005421392486345979,0.00011015450695635818,5.107643838795365e-06,0.00227932569194059,0.0022973572801557236,9.111040531712248e-09,1.2988316599424969e-05,0.03459512302268969,0.0003337076208885422,8.784366871419105e-08,2.7210236631613645e-05,2.6362822467353625e-07,6.667503293065235e-08,0.00030821763861517285,0.0012449649178564695,2.1442439408886632e-05,3.270678552054494e-07,0.0012452849237571746
65,1.251431612027667e-08,1.9988238941925828e-07,6.698316036640542e-05,0.00012848502357487292,3.452344023158222e-05,9.420250821792206e-07,0.9815980118054297,0.0006603348717979187,1.8074782478857597e-05,1.9354294485910952e-05,0.0009430940630792814,0.0009670055207999293,2.9335557512335883e-09,2.16751683401538e-05,0.013323421156818208,0.00019401970520340517,5.924598074905825e-08,1.4035211541743292e-05,1.2442170723228557e-07,8.371517635946944e-08,0.00028947082048254834,0.000586947698471155,4.6204459841087165e-05,1.3142568972868107e-07,0.0010868026531597609
66,2.4805492887492423e-08,2.6965659337955787e-07,5.295005478144364e-05,8.668653655065719e-05,4.3460730822544775e-05,4.3627965085650557e-07,0.9439858531515507,0.0007902413330568907,9.767587351691168e-05,2.207159520491924e-06,0.0022974966615905766,0.0034796060085202966,3.954608457367746e-09,1.5627048967768908e-05,0.04621876174446032,0.00029971741727507573,4.217466932720601e-08,1.5276142270016864e-05,2.094942610666628e-07,2.7299591306572612e-08,0.00016825665067266154,0.0015752784721476184,1.0701849115771608e-05,1.2778559866678735e-07,0.0008590617147144409
67,4.4330064678414556e-08,2.728010255772262e-07,0.00011533865207922666,0.00010533474887230636,9.559086293622539e-05,1.2960328352992999e-06,0.9562656969856539,0.0006326797471632234,0.00010038250216233026,5.654845420561242e-06,0.0029313367904942153,0.0020885522192609354,1.0208538396098713e-08,1.6451452852903392e-05,0.03440333222552202,0.0003776808931710547,1.0648950928973031e-07,2.8964841094833327e-05,2.4800577204483475e-07,8.69715440251735e-08,0.0002958123659109951,0.0011240258469285183,3.0098010437751953e-05,3.7587919278159836e-07,0.0013806262915567716
68,4.220630996109208e-08,2.72195287409079e-07,6.801754716820267e-05,5.6559766145823126e-05,0.00011867669064937108,1.0473512363514946e-06,0.9328623827359198,0.0005928241166772486,0.00010418586351715052,3.594123380260998e-06,0.003016169921234213,0.0016668585512601818,8.398165849540813e-09,1.3593908731570028e-05,0.05833667592191265,0.00038194802242407975,1.0458700820068137e-07,2.3629529013842162e-05,3.0794388892804944e-07,6.276394801090313e-08,0.00017196853795318232,0.0012755075859734373,1.5924636474740478e-05,2.408972879944991e-07,0.001289396198431491
69,6.727929410437933e-08,2.6734280353330355e-07,9.254110031235389e-05,4.974888116028758e-05,8.718631246461825e-05,7.596327126289521e-07,0.9464909097592926,0.0004407412594910812,0.00013000426268208666,4.162458229994955e-06,0.0014145206199147082,0.0019578647640581415,8.895397974238109e-09,1.0604073247896979e-05,0.045840441048354906,0.00032166847741261866,8.795091899087854e-08,3.569722496437705e-05,2.2271565423165314e-07,5.1815288643384525e-08,0.0001868614408237884,0.0011373918105978605,9.782662249262526e-06,1.720672203858965e-07,0.0017882361454531924
70,4.999041028586515e-08,2.540536934402936e-07,0.00010408608929952183,8.204907008767659e-05,8.132141741984523e-05,9.0637862129495e-07,0.9560312452763997,0.0006010054364944989,0.0001077467255059925,4.318020483871724e-06,0.002241244046953484,0.0020846146844896584,8.563750415943719e-09,1.2514430612797284e-05,0.03576349805805341,0.0003551827157998994,8.113452792073664e-08,2.7980494511048158e-05,2.2759983020479988e-07,6.320542624015426e-08,0.00020773871110668104,0.0010415462560506646,1.655901372294057e-05,2.716237005622288e-07,0.0012354870030481311
71,4.562295339353142e-08,6.105795853196447e-07,4.705266885210015e-05,0.00015067606795703448,0.00021280981400569735,7.9452873146164e-07,0.9652093816195045,0.0004071930904699251,0.00010451376942129944,1.059899826773166e-05,0.0014011924086461218,0.0023881013218320763,1.9003767079214334e-08,2.3340027553493894e-05,0.026295194536649625,0.0005830984975852602,1.708932060197027e-07,2.3653646788579762e-05,1.8495727964671962e-07,4.0539101605873653e-07,0.0002762222777484593,0.000852300953664059,4.928313659907194e-05,3.9321808201399955e-07,0.0019627629698339586
