,0,1,2,3,4,5,6,7,8,9,10,11,12,13,14,15,16,17,18,19,20,21,22,23,24
0,0.0020079470815420304,0.0012624119141503537,0.011993021330899065,4.747680131221634e-05,5.051965029615539e-05,2.541701413238161e-06,0.9778623343618794,0.00017321556403832104,0.004396936782320372,2.9389276231021763e-05,7.739040113532899e-06,0.0018649544889365475,1.904692839615181e-08,3.0609312613586325e-06,3.335668670535822e-05,8.745080035681211e-05,3.746324901822498e-10,3.969591978130326e-06,8.346398029682711e-05,1.1816521846214833e-08,1.5440326752526966e-06,2.4773012510696945e-07,2.3185379773696402e-07,6.131730139590775e-06,8.202343144906255e-05
1,0.002546971854924531,0.0012828573199696657,0.018246911689206346,4.205446150029185e-05,6.000761566168149e-05,5.018924479538596e-06,0.9661297478038114,0.0002415490461849938,0.009206082556964335,3.2965118514651753e-05,7.7800331038467e-06,0.0016627882356616912,2.881814462839448e-08,2.0493543739167664e-06,6.433172207620007e-05,0.00021809689207515835,4.266144414562523e-10,4.796124216716432e-06,0.00016210141351815285,1.4609266091113611e-08,2.0112524522512478e-06,3.088433595608031e-07,1.5092366381539609e-07,8.604154317590691e-06,7.277080593841271e-05
2,0.0026214188462823744,0.0016048618862318693,0.010621466160347712,4.027537147220151e-05,0.00010379138873125505,4.1901664109205555e-06,0.9758322199658375,0.00022837436866104184,0.0067092475524356794,3.0834467019854e-05,1.0464536421261295e-05,0.0016903067129915663,2.8835143672825232e-08,4.199943922562536e-06,8.003092716308551e-05,0.0001569150564941804,7.255938247335573e-10,5.587516594275163e-06,0.0001259291009523112,2.1315677357513883e-08,1.6683444863440703e-06,3.5963771643257854e-07,2.172527711520781e-07,6.348010782057601e-06,0.00012124190985968456
3,0.002094285181291218,0.001341492461839884,0.012780043860472372,4.714157098050163e-05,6.434109719225214e-05,3.420987510214955e-06,0.9751631587506078,0.00021611533767955293,0.005983084946473899,2.7645674099327546e-05,9.71159849249751e-06,0.00188360900182573,2.433769568104184e-08,3.0395466291609235e-06,4.731254447191765e-05,0.00012715403162338507,4.781822563834156e-10,4.195597090210679e-06,0.00011554471139926559,1.4514444299911567e-08,1.8109836813690043e-06,3.0343659391592515e-07,2.2422376265959111e-07,7.439188039025256e-06,7.888593792167286e-05
4,0.0022032569164118147,0.0013671116182820983,0.01308492449258053,4.984467009249879e-05,6.667857427661175e-05,3.439346801536434e-06,0.9741800795963035,0.00021892299732951138,0.006129236835410604,2.778274824767745e-05,1.0265969359809086e-05,0.002254441402054163,3.155180479201751e-08,3.4339256746231075e-06,4.92745817738489e-05,0.00012938641835734198,5.8709295014227e-10,4.6282866097223914e-06,0.00011732566894905338,1.6294363873205428e-08,2.076404259444518e-06,3.529969708469952e-07,2.3898710930553304e-07,7.810785300223432e-06,8.943834458378843e-05
5,0.0022435150042263855,0.0012422317542736747,0.012753744736658482,5.550305207894433e-05,5.630806398029858e-05,2.792149576241803e-06,0.9755101209194139,0.00019826750507452627,0.0053105387995399525,2.9080425067962968e-05,9.042789289655499e-06,0.002244421270517549,2.58736003346629e-08,3.299823253963923e-06,3.938667657615483e-05,0.0001096388423605997,4.786984758755654e-10,5.190627718612868e-06,8.718099718408693e-05,1.4846680225405302e-08,1.9076528890459956e-06,3.0866778149084423e-07,2.4036021331265124e-07,7.466639793625765e-06,8.97720435524749e-05
6,0.002094285181291218,0.001341492461839884,0.012780043860472372,4.714157098050163e-05,6.434109719225214e-05,3.420987510214955e-06,0.9751631587506078,0.00021611533767955293,0.005983084946473899,2.7645674099327546e-05,9.71159849249751e-06,0.00188360900182573,2.433769568104184e-08,3.0395466291609235e-06,4.731254447191765e-05,0.00012715403162338507,4.781822563834156e-10,4.195597090210679e-06,0.00011554471139926559,1.4514444299911567e-08,1.8109836813690043e-06,3.0343659391592515e-07,2.2422376265959111e-07,7.439188039025256e-06,7.888593792167286e-05
7,0.0012771411138683148,0.0014323322554242982,0.00815762247847916,5.502555305883405e-05,7.274685198268996e-05,3.1066013483822133e-06,0.9790043738414571,0.00021684531497701904,0.007023579056693314,2.5072650648503862e-05,1.0381829075944283e-05,0.002274829251061386,2.2898169826367503e-08,3.7571719508348593e-06,7.355867728936396e-05,0.00016966115021614073,5.474307583070297e-10,3.746245327600285e-06,9.919076181593545e-05,1.6775558521283434e-08,2.4346457842760633e-06,4.7020606257348724e-07,2.3912063305324566e-07,5.909828071420564e-06,8.793517361446664e-05
8,0.0030899881361604632,0.0019612977275163305,0.021296224428811676,7.914535484768505e-05,5.8250688380418104e-05,3.926282751447684e-06,0.9672025290720091,0.00018408604386974724,0.003956283727551948,4.561847517302961e-05,8.435174698108115e-06,0.0018025103855425731,2.4218063169483725e-08,3.765444084308404e-06,1.9806485277183742e-05,8.557741879359333e-05,3.8575222948178974e-10,3.2815239966451105e-06,0.00010317500866615578,2.0408865559999727e-08,1.3184150846207888e-06,1.3525260658982951e-07,4.823844131811012e-07,1.1437855587461853e-05,8.267970149656177e-05
9,0.0017456471837985535,0.0016672412958930126,0.020136265727564998,9.882366548736751e-05,3.595403424434086e-05,3.4641540441445516e-06,0.968251062653903,0.00015572181156776622,0.005088192667154309,4.8351006913656955e-05,5.945232638854884e-06,0.002445398618269845,2.5383106121643077e-08,2.737589215433503e-06,2.5532428031224517e-05,0.00010792330738138451,3.1524922646395343e-10,3.1201212362798596e-06,8.587130651392907e-05,1.908852848145676e-08,2.4258407895713963e-06,1.9773199170814065e-07,3.6978042399757555e-07,1.0329389949374432e-05,7.93796661035988e-05
10,0.002094285181291218,0.001341492461839884,0.012780043860472372,4.714157098050163e-05,6.434109719225214e-05,3.420987510214955e-06,0.9751631587506078,0.00021611533767955293,0.005983084946473899,2.7645674099327546e-05,9.71159849249751e-06,0.00188360900182573,2.433769568104184e-08,3.0395466291609235e-06,4.731254447191765e-05,0.00012715403162338507,4.781822563834156e-10,4.195597090210679e-06,0.00011554471139926559,1.4514444299911567e-08,1.8109836813690043e-06,3.0343659391592515e-07,2.2422376265959111e-07,7.439188039025256e-06,7.888593792167286e-05
11,0.0021751073933535094,0.001342439651866842,0.013271475110622993,4.953876081349011e-05,6.736375533271239e-05,3.5804510760889984e-06,0.9743344134386211,0.0002225501375272551,0.006037441047221745,2.8699409698827138e-05,1.0167935802340677e-05,0.0020551332364039977,2.999215240584026e-08,3.211927272907852e-06,4.749477855710425e-05,0.00013272917914204538,5.601733360967941e-10,4.470874383675625e-06,0.00011996500733153575,1.65314442237634e-08,1.9813735092596073e-06,3.2547579977766596e-07,2.423834494490808e-07,8.131930119831202e-06,8.348965832319023e-05
12,0.0058362528306919945,0.006303034190683007,0.005809571929310608,6.825030185285023e-05,0.00038001941177856653,5.077688782781113e-06,0.9729563184252513,9.91234333226518e-05,0.005861889678068131,0.0001087832037273523,6.782881787590943e-06,0.001570152803758089,4.5465995565750306e-08,3.97984458173056e-05,4.1181802386957025e-05,9.123728267258119e-05,3.6597541486050873e-09,2.2599387077069106e-05,4.770528858224648e-05,7.03204622691939e-08,3.226012295906959e-06,3.6761362589034324e-07,5.650622708841239e-07,3.0613605935580995e-06,0.0007448815194507979
13,0.002005429304433109,0.001312563062108685,0.012458469697250474,4.777013001939416e-05,6.350699949512981e-05,3.32433294684504e-06,0.9756787885508275,0.00022101824476067098,0.005844125371024577,2.633198103149616e-05,1.0255278495348965e-05,0.0019489785482435656,2.417939197144255e-08,3.140841798891356e-06,4.699428332625788e-05,0.00012400022576284947,4.779556378608065e-10,4.085109743053676e-06,0.00011429928627766863,1.4224392705779025e-08,1.8045557547729763e-06,3.104321991216385e-07,2.2939957271108777e-07,7.3987128829065556e-06,7.713677030436679e-05
14,0.0020848943868246924,0.0013643176408445433,0.01233339414917443,4.654112474167808e-05,6.535392862639809e-05,3.41706113472928e-06,0.975765221936431,0.00021493961635114388,0.00585680924476693,2.790345975582953e-05,9.817740864132647e-06,0.0018425360346751155,2.362120244112773e-08,3.0898292147477106e-06,4.72301139567255e-05,0.00012518468152168498,4.783410692687919e-10,4.162220102935872e-06,0.00011665309662736057,1.4412496218378335e-08,1.7761625025641557e-06,3.0240046247045506e-07,2.269241126103915e-07,7.38076524808443e-06,7.880897002053415e-05
15,0.002094285181291218,0.001341492461839884,0.012780043860472372,4.714157098050163e-05,6.434109719225214e-05,3.420987510214955e-06,0.9751631587506078,0.00021611533767955293,0.005983084946473899,2.7645674099327546e-05,9.71159849249751e-06,0.00188360900182573,2.433769568104184e-08,3.0395466291609235e-06,4.731254447191765e-05,0.00012715403162338507,4.781822563834156e-10,4.195597090210679e-06,0.00011554471139926559,1.4514444299911567e-08,1.8109836813690043e-06,3.0343659391592515e-07,2.2422376265959111e-07,7.439188039025256e-06,7.888593792167286e-05
16,0.0015745615385208422,0.0012281161600574363,0.009246777758136347,4.3443269951668364e-05,5.1322004913563704e-05,2.48120062903295e-06,0.9800476458177018,0.00019597007254323827,0.004995861740792328,2.9387665709891863e-05,7.273579037010737e-06,0.0022138664529799033,2.309957309518453e-08,3.0984846284294417e-06,4.623644531210268e-05,0.00011899669814594933,4.720915023294242e-10,3.996546724323005e-06,0.0001013824287438509,1.3500549860925796e-08,2.2521569475850016e-06,3.7921091410615123e-07,2.038120461990772e-07,5.617835013740878e-06,8.109204833628391e-05
17,0.0012330078403959654,0.0011509163677750358,0.006508455142903568,5.972012432201825e-05,7.339214180078177e-05,1.8052117748016555e-06,0.9837963665837917,0.0002287476163533333,0.003590157554435112,2.39324294928427e-05,1.1339749469222324e-05,0.003003632729199016,3.2244409646736637e-08,5.852822686988264e-06,3.759091867303511e-05,9.588902440082212e-05,8.658368580671393e-10,3.88136915222197e-06,6.726987459281943e-05,2.08343230415265e-08,2.23789959202047e-06,4.7299118052113643e-07,4.106448464254901e-07,5.172466975027079e-06,9.969455161750852e-05
18,0.0020853626520631148,0.0011657330032199594,0.007852481219824686,3.398562931546325e-05,6.973788034116086e-05,1.945248217864899e-06,0.9820762047564938,0.00013770751612850844,0.004093021466013498,3.264729929420986e-05,5.528433931862859e-06,0.0020974707283010776,2.8806268979677724e-08,4.058923720664996e-06,3.971267040447424e-05,8.505567098435512e-05,6.793944443779845e-10,6.121931614046226e-06,6.237102924432357e-05,1.6626357309938296e-08,2.0971956377312166e-06,3.2908005540814327e-07,1.9758491023756624e-07,3.7854566477932116e-06,0.00014439851161506085
19,0.03188503468405113,0.008866553083007612,0.04066087050682181,5.574432193434568e-05,0.0012215330380628373,8.03627444240815e-05,0.8911559274471712,0.0008910064899476174,0.021968305383379478,0.00011927015385019525,0.00010824123738049415,0.0005191170291567707,4.768181194592853e-08,1.4714135394119619e-05,0.00016366560201703842,0.0005735049371747007,3.0989152108356177e-09,2.7060241200126714e-05,0.0014302863723097265,1.312680290612708e-07,1.849352975530578e-06,2.8934736754193164e-07,1.2030475934116107e-06,7.469172719365105e-05,0.00018058706883044719
20,0.0011591378309397317,0.000906538857469415,0.010171713241496181,5.061848562007529e-05,3.848883317430667e-05,2.5181567017346887e-06,0.9786360638575476,0.0003367729752189863,0.005739311781270781,1.9941758509525227e-05,1.127878061673815e-05,0.0024945546955437857,1.9073022141529873e-08,2.6286659875584136e-06,8.589390365090511e-05,0.00015249855469284845,4.309502996533503e-10,3.744796965833635e-06,0.00011810186374701904,1.041136516257849e-08,2.027288923786505e-06,6.359718891657078e-07,1.6877552558339307e-07,5.438360886489391e-06,6.18926482842254e-05
21,0.0023157807407907433,0.0014084880223591983,0.013471998502192325,6.202233226372849e-05,5.444284115226963e-05,3.8102738272976107e-06,0.9718457380259596,0.00025552285740011764,0.007421542530263982,3.160481548999873e-05,8.468963093545069e-06,0.00265467533039648,3.021385814666356e-08,4.540570514317863e-06,5.190779447381259e-05,0.00019976536291920773,4.506447319333866e-10,5.508885063014264e-06,0.00010523838753982076,1.5943190756020644e-08,2.2217452015987623e-06,3.553655194575749e-07,1.7874293614314138e-07,7.052955726201467e-06,8.908834722344525e-05
22,0.004612569876606792,0.0013748428557453431,0.01843584493524457,4.4281505852816556e-05,9.611923224831718e-05,4.31603578568423e-06,0.9657286715398693,0.00026171782261881683,0.007302463110970423,3.307703808771169e-05,1.2679212663563558e-05,0.0016191847319944155,3.1070870970758883e-08,3.2693246385204962e-06,5.9975317068705385e-05,0.0001435560229656441,8.836082960909283e-10,1.0030752998230591e-05,0.000128148719054876,1.8906439304600322e-08,2.0532449947894754e-06,4.003522979195084e-07,2.2302983037014408e-07,9.140266436496623e-06,0.00011738421110795359
23,0.002094285181291218,0.001341492461839884,0.012780043860472372,4.714157098050163e-05,6.434109719225214e-05,3.420987510214955e-06,0.9751631587506078,0.00021611533767955293,0.005983084946473899,2.7645674099327546e-05,9.71159849249751e-06,0.00188360900182573,2.433769568104184e-08,3.0395466291609235e-06,4.731254447191765e-05,0.00012715403162338507,4.781822563834156e-10,4.195597090210679e-06,0.00011554471139926559,1.4514444299911567e-08,1.8109836813690043e-06,3.0343659391592515e-07,2.2422376265959111e-07,7.439188039025256e-06,7.888593792167286e-05
24,0.0026543865933890357,0.0020329825151461423,0.011770067056700419,6.499834128868011e-05,7.6894102119017e-05,3.891087606919102e-06,0.9745121363289265,0.0002418420143415046,0.005909982327690594,3.681060075368703e-05,1.1026476077159656e-05,0.002254789174778089,2.8538636346749214e-08,5.231016131840335e-06,4.3067957367540434e-05,0.00013899993887496004,6.332887222651577e-10,4.965425633483401e-06,0.00013117009598025958,2.0223000006154232e-08,1.932679202613441e-06,3.429498679585846e-07,3.268662294405949e-07,8.898987825860656e-06,9.520806914308517e-05
25,0.005451572219113462,0.0022041143968791034,0.02422287920718316,3.389529868432767e-05,8.740714443285998e-05,5.0655987284461635e-06,0.953041105773465,9.02509048912873e-05,0.012391805294651588,6.248178154986922e-05,3.301771413542921e-06,0.0017712803947207423,5.591185406510522e-08,1.635902868696718e-06,7.598259060984324e-05,0.00017722240239497806,7.595494010488937e-10,9.063644196089228e-06,0.00013622903697424645,2.672034854479511e-08,2.98264319612269e-06,3.05759849259166e-07,1.492687893078833e-07,8.327576322062315e-06,0.00022285799733407245
26,0.008760872827400693,0.0022849159738220002,0.039731619623300816,6.081223088591572e-05,0.00014353029836533724,7.867458731285582e-06,0.9350138874053863,0.00018746397814207812,0.011522460193728545,4.2159363902459673e-05,1.591930089484642e-05,0.001679865172417419,6.580887673065212e-08,2.325014418361341e-06,3.12557422039069e-05,0.00014633823217386936,9.045410967683498e-10,8.45047214613122e-06,0.00022512024991687933,3.457505816324966e-08,2.2369373857893484e-06,2.1464448088721483e-07,5.003148014128174e-07,3.763612903443324e-05,9.444714798483948e-05
27,0.0018362450892101215,0.001301556363414016,0.012030115371279328,4.8358581311131135e-05,6.139171400488139e-05,3.425338746353064e-06,0.9746184853535381,0.00026490128305192305,0.007241304084076772,2.4202070625970936e-05,1.1685571932441452e-05,0.0021021554436793555,2.3294567531096284e-08,2.827746408781142e-06,7.028876972762726e-05,0.00015774075978024107,5.065143086481659e-10,4.203574810814868e-06,0.00013856176704728397,1.3772058161169428e-08,2.027698540727928e-06,4.7055926208111666e-07,2.1104518337438845e-07,7.74638252050163e-06,7.205785870808858e-05
28,0.002094285181291218,0.001341492461839884,0.012780043860472372,4.714157098050163e-05,6.434109719225214e-05,3.420987510214955e-06,0.9751631587506078,0.00021611533767955293,0.005983084946473899,2.7645674099327546e-05,9.71159849249751e-06,0.00188360900182573,2.433769568104184e-08,3.0395466291609235e-06,4.731254447191765e-05,0.00012715403162338507,4.781822563834156e-10,4.195597090210679e-06,0.00011554471139926559,1.4514444299911567e-08,1.8109836813690043e-06,3.0343659391592515e-07,2.2422376265959111e-07,7.439188039025256e-06,7.888593792167286e-05
29,0.002094285181291218,0.001341492461839884,0.012780043860472372,4.714157098050163e-05,6.434109719225214e-05,3.420987510214955e-06,0.9751631587506078,0.00021611533767955293,0.005983084946473899,2.7645674099327546e-05,9.71159849249751e-06,0.00188360900182573,2.433769568104184e-08,3.0395466291609235e-06,4.731254447191765e-05,0.00012715403162338507,4.781822563834156e-10,4.195597090210679e-06,0.00011554471139926559,1.4514444299911567e-08,1.8109836813690043e-06,3.0343659391592515e-07,2.2422376265959111e-07,7.439188039025256e-06,7.888593792167286e-05
30,0.002094285181291218,0.001341492461839884,0.012780043860472372,4.714157098050163e-05,6.434109719225214e-05,3.420987510214955e-06,0.9751631587506078,0.00021611533767955293,0.005983084946473899,2.7645674099327546e-05,9.71159849249751e-06,0.00188360900182573,2.433769568104184e-08,3.0395466291609235e-06,4.731254447191765e-05,0.00012715403162338507,4.781822563834156e-10,4.195597090210679e-06,0.00011554471139926559,1.4514444299911567e-08,1.8109836813690043e-06,3.0343659391592515e-07,2.2422376265959111e-07,7.439188039025256e-06,7.888593792167286e-05
31,0.004071401947234566,0.0013503701103632418,0.020359561204078776,4.176346821138121e-05,4.955422294234031e-05,3.4367747957254503e-06,0.967959356571071,0.00029712917784941963,0.004111001434400382,3.6363071900922415e-05,7.826616503914003e-06,0.0013633346235950047,2.1536673777243806e-08,2.6330306618950167e-06,2.659182048803176e-05,8.675144088580129e-05,4.5378810025002905e-10,5.169917050711902e-06,0.00015230640361340312,1.1863441145636263e-08,1.257233910754292e-06,2.0218942628513728e-07,2.0831738225688636e-07,7.829722363639158e-06,6.591684736756506e-05
32,0.0022682564383876484,0.0014148013594686485,0.01303698206219598,4.403117808825908e-05,6.452271063361253e-05,3.639084392803507e-06,0.9744554584836286,0.00023062214106603487,0.006165170599806031,2.8266658171452713e-05,1.0195561640212344e-05,0.001866344593107183,2.473906525705562e-08,2.9768810376974143e-06,4.946224937312969e-05,0.00012859989841564133,4.938719609365284e-10,4.283162920746829e-06,0.00014047547506035554,1.398279486678237e-08,1.829883369003895e-06,3.246463928251777e-07,2.2039708208916466e-07,7.972249532122918e-06,7.552507049757744e-05
33,0.0034318038792366156,0.001481651355662831,0.02105865487713551,3.426419903831755e-05,4.834742093180527e-05,3.380873866689143e-06,0.962451088354533,0.00011908408531686562,0.009159621911980656,2.6115178857308582e-05,5.322118599059372e-06,0.0017779943394415547,1.790034122370138e-08,1.8215385246008621e-06,6.704151389967318e-05,9.89612538857717e-05,3.098636367449001e-10,6.0642269756682866e-06,9.439738485801229e-05,9.619825261190436e-09,1.751918511499248e-06,2.2787987404688258e-07,9.066048182960845e-08,5.047054704068515e-06,0.00012724014365417298
34,0.007239344183356673,0.002306922115882868,0.029101346871669584,3.453920975347918e-05,9.248220106170361e-05,7.084939107663598e-06,0.9423984318791778,0.0003014241706371017,0.015609139765345488,2.1467470016274497e-05,1.7468403815119394e-05,0.0021163444908704476,3.7759111041764865e-08,2.416551410432615e-06,8.177777801578538e-05,0.0001608469330866836,6.592638781910197e-10,7.388383916763416e-06,0.0004028732189515389,1.2409612762747602e-08,2.0679230461869182e-06,4.0749161839338343e-07,1.5036983680870084e-07,1.6317225033091492e-05,7.970759640233517e-05
35,0.0021992225904017486,0.0013122569772629146,0.013051941184724965,4.570648921070862e-05,6.196442272296101e-05,3.2981019344134277e-06,0.974850016648251,0.00021624600689152673,0.005973901951483473,2.745461529336285e-05,9.315754666369067e-06,0.0018695804870971862,2.3831166388581103e-08,2.9080392330611573e-06,4.59519738119866e-05,0.0001233073006219831,4.676813387709901e-10,4.377986274095193e-06,0.00011466668529363497,1.3817622879310728e-08,1.7863376358584927e-06,3.0153173476278596e-07,2.1113905260032383e-07,7.306062345681324e-06,7.823959758525584e-05
36,0.0013124848871988652,0.0006550521863516702,0.008252358258204707,3.447560059917267e-05,2.9221943918171816e-05,1.4274847072438726e-06,0.9795157301473301,0.0004143406044587305,0.004910817370804065,1.2435959994803835e-05,8.308004900096492e-06,0.004410375453622404,3.092182828798591e-08,2.8227544651884477e-06,7.517555395690431e-05,0.00017921274670786618,4.5365361672085647e-10,3.1732693072935557e-06,0.0001161788924894422,8.14374987182143e-09,1.4261313675622132e-06,6.942679352696184e-07,8.658795660031427e-08,3.309884996481075e-06,6.085248949537145e-05
37,0.0003230035294624583,0.001533688370417269,0.004049664841353631,7.321564430049574e-05,0.00012914775453409707,8.291753463403142e-06,0.973792034220432,0.0005895454598026013,0.01470198159417818,1.687687249525585e-05,2.2607726483803225e-05,0.0031464394720119647,2.9650329081154478e-08,1.230716355437451e-05,0.000522577328597431,0.0008148790178848803,8.605040882782009e-10,2.090085382997035e-06,0.00014925672025062792,2.9088453467772497e-08,3.5438793903264766e-06,1.081603689642845e-06,1.9161338099743793e-07,2.5587145800439925e-06,0.00010495703506678581
38,0.0005093753872062901,0.0014953789343189019,0.005570882198458695,0.0002686306002394787,4.061802011537581e-05,8.966585948109207e-07,0.9767068673174288,0.0005022391906183142,0.0037693113996879325,2.298216338755927e-05,2.4402758652511317e-05,0.010767281747457948,3.760531761934359e-08,1.0104804606784574e-05,3.884194642641063e-05,9.60548284858547e-05,2.0159870145384744e-09,4.372752084383038e-06,6.364816195565735e-05,4.3025565690382596e-08,7.470590200266049e-06,2.3762288643553586e-06,1.3388881828385278e-06,7.817496521681634e-06,8.902527963480916e-05
39,0.0017222950883254901,0.0007132635111371246,0.024395375611238883,4.857579345000296e-05,5.918727506337048e-05,6.735283557366146e-06,0.9626783520843294,0.000402579161496028,0.007584270725881314,3.7753658225259565e-05,9.247902676413348e-06,0.0016952551510404713,5.646032085878967e-08,1.8030948204367878e-06,5.875679955699364e-05,0.00033372415270177915,7.442865290100664e-10,5.15402791026237e-06,0.0001756263350953774,2.3782660440223602e-08,3.4564271938664583e-06,3.627496530350782e-07,1.8906060123270977e-07,1.1007514317330754e-05,5.69476044607555e-05
40,0.0024257311343106537,0.0014486850385907048,0.015650185208997847,3.8901001601657235e-05,5.999578158766899e-05,3.7861847022201943e-06,0.9695443230849081,0.00018233733130413563,0.007697564789077686,2.341881047145553e-05,9.407756234131058e-06,0.002477010130727962,2.7876184936788052e-08,3.539418481762189e-06,7.31137871523014e-05,0.00011422235266378606,4.691370422253171e-10,4.674908480997979e-06,0.00011897162204874583,1.1841613285201747e-08,1.8508601708067407e-06,3.6182609564614905e-07,1.6144191476794575e-07,5.739971800787822e-06,0.00011597737174102059
41,0.0032122433849217443,0.0013988025343687602,0.01700375978092422,4.319004065853524e-05,0.0001048514044479398,5.669762986514208e-06,0.965826254116791,0.0002464434740356363,0.00987899786916585,2.5224984726009882e-05,1.1682046282049512e-05,0.0016782983005218255,3.5472658635432285e-08,3.01736004540864e-06,8.621889183130159e-05,0.00021948790316211563,6.485249064892401e-10,5.948288787779539e-06,0.00013444062135341614,1.9107056259836163e-08,1.63767466915441e-06,3.096708486095971e-07,1.6543408270342116e-07,8.302935616646674e-06,0.0001049982915328711
42,0.001146736599755531,0.0008777028459349964,0.015872071208469014,5.868353859069636e-05,3.451213429212825e-05,4.388428775662675e-06,0.9702123438360944,0.0006044206895095333,0.007190296557432282,3.4829110879695604e-05,1.2717328994110318e-05,0.0030885979733158244,3.7107284685776695e-08,1.8733094107410142e-06,0.00010186992042592563,0.00039954445474901177,6.203223090870191e-10,3.841800228012378e-06,0.0002930942086123972,1.8022895325048157e-08,3.7493462578320534e-06,9.909721153581767e-07,2.223053088726244e-07,1.1545581303565173e-05,4.5912099041864333e-05
43,0.0012885343423368926,0.0011553059508817632,0.012362657105257267,5.0898313122808314e-05,5.5514298081847485e-05,6.04925625781359e-06,0.977927267967529,0.0002987698129949323,0.0049098747083102055,0.00010426219801178767,6.503729730801074e-06,0.0012678593191212707,2.819504097522198e-08,2.847554614833772e-06,5.113082552353511e-05,0.0002509632885211499,6.862882665527414e-10,5.856561048108179e-06,0.00016675493185824077,2.7674935211434826e-08,4.7398085570851195e-06,5.116708555275653e-07,3.522218120409683e-07,9.565652683180618e-06,7.372392662562878e-05
44,0.002094285181291218,0.001341492461839884,0.012780043860472372,4.714157098050163e-05,6.434109719225214e-05,3.420987510214955e-06,0.9751631587506078,0.00021611533767955293,0.005983084946473899,2.7645674099327546e-05,9.71159849249751e-06,0.00188360900182573,2.433769568104184e-08,3.0395466291609235e-06,4.731254447191765e-05,0.00012715403162338507,4.781822563834156e-10,4.195597090210679e-06,0.00011554471139926559,1.4514444299911567e-08,1.8109836813690043e-06,3.0343659391592515e-07,2.2422376265959111e-07,7.439188039025256e-06,7.888593792167286e-05
45,0.003021453954083502,0.00309708492060214,0.010560661843946042,5.880158368086274e-05,8.252993188026673e-05,2.5787276182034006e-06,0.9755449544029494,0.00010919130924108801,0.0047828224029141326,5.391003305814092e-05,6.4460588773181166e-06,0.002343113323782969,2.6413086003600278e-08,6.4972366168903105e-06,1.967938543806408e-05,5.295246649940584e-05,7.646524287403312e-10,5.688836007753163e-06,8.859685076113663e-05,2.1927969516262726e-08,3.0886391167638865e-06,2.7755167513951774e-07,5.129990543106325e-07,7.083244725908799e-06,0.0001520251917626613
46,0.002028055943632467,0.0015393681083314043,0.01753845078857819,0.00012704330236400148,0.00010609677454742026,5.259128102949206e-06,0.9663130975802895,0.0005220662394946299,0.007196796577907416,4.2716958750156464e-05,2.298931258571279e-05,0.0038318696416015413,1.0406924410304137e-07,5.469339281895341e-06,7.243291913327679e-05,0.0003296999432721953,2.8282255801987976e-09,7.081518348265644e-06,0.00017799684955059533,6.59139284708285e-08,5.058295549763053e-06,1.117911038173842e-06,7.335169807306037e-07,1.7690399000354964e-05,0.00010873614026100043
47,0.002812756500820854,0.0011081100832717326,0.013731596332152339,3.647197560749881e-05,5.119284059463482e-05,2.1525409739606036e-06,0.971357391346864,0.00016974096701494765,0.007121720300223432,2.7195873379116078e-05,5.242057402085242e-06,0.0031089385279354843,4.53234724291989e-08,1.9364365297571937e-06,5.619171177404599e-05,0.0001776768524449934,6.116774014908601e-10,5.428669046886093e-06,0.0001098604054013542,1.6392898316580768e-08,2.340360190861864e-06,4.5401189526705865e-07,1.3420724793745927e-07,6.58831731182734e-06,0.00010681735386905795
48,0.0022261388216688128,0.0018237825871726952,0.012188364962820684,4.3900345527618375e-05,6.716327504568395e-05,4.037294982720625e-06,0.9757739261688333,0.00023436752668360604,0.005528855859452585,3.2277639419275255e-05,1.1389603810519317e-05,0.001631672870388418,2.2150716863678074e-08,2.924329675049789e-06,3.9382625140098605e-05,0.00011638579138783067,4.607183451248221e-10,3.198061073905539e-06,0.0001999961985823259,1.3709143651138152e-08,1.661998256739314e-06,2.8725173371091927e-07,2.9238470557634175e-07,1.0254450434148714e-05,5.97036326260739e-05
49,0.001936996641819524,0.0012850674734978204,0.01602250438829691,6.194239978791021e-05,4.9833643930605745e-05,3.267323123560777e-06,0.971707172786898,0.00020043605706374703,0.005907252817613574,3.055218772426376e-05,8.76307815183957e-06,0.002427359804487867,2.8654845503143934e-08,3.020798736718107e-06,4.155314252117671e-05,0.00011655262663190173,4.5071533458421195e-10,4.192836022417784e-06,9.808755336907983e-05,1.573567156102131e-08,2.17958239340727e-06,3.1330506338203036e-07,2.6732430060496466e-07,8.299660736043168e-06,8.433972659746523e-05
50,0.0014226179443153984,0.0009470150109701043,0.007752773959509934,3.0757917755233406e-05,4.325485389836813e-05,2.0003943302482386e-06,0.9852795229312497,0.00017658291313311618,0.0026616815468503536,3.0832765823372334e-05,5.672261383682313e-06,0.0013835582501988582,1.5114592556730737e-08,2.8089756575274976e-06,2.8645158663630233e-05,7.584203361428011e-05,3.4090911470057086e-10,3.05225367666256e-06,8.040369126471039e-05,9.48458145563948e-09,1.1930499327495184e-06,2.2033550953194282e-07,1.78600661073819e-07,3.846111042874912e-06,6.75141004757073e-05
51,0.0028862957216693103,0.0029549111813839996,0.012832709514977432,7.686835796739972e-05,4.2407909705739844e-05,2.65382586702841e-06,0.9711247017742349,0.0002658173524137158,0.006431321482808474,2.815140206912313e-05,1.0953107730017998e-05,0.0029582242939058187,1.4383068713084769e-08,5.1525018827020235e-06,4.853964788604786e-05,7.794529116781825e-05,4.5291812148975727e-10,4.744667605437367e-06,0.00014957589469857368,1.0211329401943953e-08,1.909108766224986e-06,5.013559086608467e-07,2.4595028014620033e-07,6.730449046819571e-06,8.961416070821103e-05
52,0.006696491840906367,0.0011719571873651101,0.0230365231036432,3.434828027724356e-05,0.0001603432369534878,1.319779541397985e-05,0.9510296204510057,0.00035905647382313054,0.015543280275624667,4.314990707294972e-05,1.8505294190270835e-05,0.0009811725791763794,3.3341926447740357e-08,4.498887071780585e-06,0.00016713275971017716,0.00038730978975250456,7.613910949089541e-10,2.4096956246849358e-05,0.00016358139961162481,2.1028537403293536e-08,1.6532158270043561e-06,4.1254866343309747e-07,1.2927492750077766e-07,1.0274816086281696e-05,0.0001532087947955082
53,0.0008435045303094541,0.0006780697002146541,0.006865256213389681,3.5314881353461046e-05,4.346495621467439e-05,1.8549330500119995e-06,0.9863368831091162,0.00017694868151435232,0.0031425173544657047,1.947367945096755e-05,7.768351280679601e-06,0.0015928150977896035,1.5169814203107347e-08,2.387733805642857e-06,3.6614373429193836e-05,9.212893013684062e-05,3.0615057706928707e-10,2.4707327053716703e-06,6.123816422565636e-05,9.13419217878536e-09,1.2731555219185175e-06,2.55058033168866e-07,1.7192197794603942e-07,4.06866747119594e-06,5.549516438639981e-05
54,0.0008278508938004501,0.00016800395047331966,0.05895223901649207,0.00021713259444707564,0.00010754022394027406,1.1358026953337432e-05,0.922112535034744,0.0026574171665520075,0.010903070705041804,1.4218591916993349e-05,0.00020616180627546274,0.002501615208939156,2.129547246697534e-07,8.991103689622507e-07,2.211257665443853e-05,0.0007250666076238923,3.80123049246959e-09,1.0819351604576777e-05,0.00028803841254770407,6.086509561194603e-08,2.561772911380168e-05,1.2488229348879639e-06,1.5131143342783592e-06,0.00023701699636401264,8.246437826706387e-06
55,0.001590878764617124,0.001801283198384296,0.009709864608805862,5.739152657002193e-05,9.878546247440408e-05,5.4178831868653204e-06,0.9815720292782752,0.00035538896097314746,0.003276228208079728,5.2785532682241284e-05,1.743103298176482e-05,0.001025948809141068,1.470191603206404e-08,5.922058889475973e-06,4.787991414464096e-05,0.00013424819134656344,7.340270770279068e-10,3.5788928130491853e-06,0.00015929467546933306,2.327847050855427e-08,1.733833813948195e-06,3.3068757898708885e-07,5.806514239124154e-07,8.034961222359996e-06,7.492415271238027e-05
56,0.0021131194555131694,0.0013205711881095102,0.013116296893034781,4.776510303915e-05,6.335792492961597e-05,3.4756638693468745e-06,0.9746665032785095,0.00022056793136013573,0.005930654455726887,2.787087586720258e-05,1.0073176266060977e-05,0.002083008990848105,2.8386554825461064e-08,3.180768659472481e-06,4.826700146717242e-05,0.0001277329560521444,5.251824238542204e-10,4.321267634086901e-06,0.00012082780548539792,1.5233175696668186e-08,1.924491468539317e-06,3.2899344950310586e-07,2.3165439309651018e-07,7.771950690036474e-06,8.2104028714282e-05
57,0.00166205104532136,0.001134493695570701,0.011085169926051713,4.63745549146081e-05,5.006483436079789e-05,2.281540910040453e-06,0.9760284506829536,0.0002332233565534916,0.005866149165233686,2.6627590600463406e-05,7.039627903103493e-06,0.0034178574926341182,4.629672969784514e-08,2.6529944833552328e-06,5.282903822066416e-05,0.0001596676016038207,6.902694268557447e-10,3.714024008801197e-06,0.00012477979881915437,1.934477954626678e-08,2.385922873072676e-06,5.016883363311893e-07,2.114600407135339e-07,6.583350816936455e-06,8.682427601077719e-05
58,0.0023789278569482765,0.00135469765313292,0.014792753051696104,4.809320876573254e-05,6.350573750999449e-05,3.638602856747307e-06,0.9723542020737741,0.00021376694085967386,0.006302532381619812,2.6444734689550143e-05,1.1315327308339873e-05,0.002057031536408332,2.8045461464911757e-08,2.7587568635113306e-06,4.2470562281953025e-05,0.00012433088193213767,4.57907056980824e-10,4.1604071303852715e-06,0.0001360480247300415,1.447361908870692e-08,1.8014477469436784e-06,2.931603542061849e-07,2.495246668386574e-07,1.0344658097653798e-05,7.059049363906356e-05
59,0.0022908461621925676,0.0013321444955964226,0.01651668613845121,5.28613601403084e-05,6.183888638012102e-05,3.8465990584418305e-06,0.9706039188732875,0.0002123763367135141,0.006566270104757427,2.7873333805314904e-05,1.0762508090358398e-05,0.0019319429120368537,2.7017967131566594e-08,2.5274020782099446e-06,4.145272931572585e-05,0.00013088969244687683,4.416638106533641e-10,4.049307667731229e-06,0.00012853173839953502,1.5454471349511286e-08,1.912504649187953e-06,2.774671674293536e-07,2.5771196919343415e-07,1.0897436456020628e-05,6.779338523785131e-05
60,0.002094285181291218,0.001341492461839884,0.012780043860472372,4.714157098050163e-05,6.434109719225214e-05,3.420987510214955e-06,0.9751631587506078,0.00021611533767955293,0.005983084946473899,2.7645674099327546e-05,9.71159849249751e-06,0.00188360900182573,2.433769568104184e-08,3.0395466291609235e-06,4.731254447191765e-05,0.00012715403162338507,4.781822563834156e-10,4.195597090210679e-06,0.00011554471139926559,1.4514444299911567e-08,1.8109836813690043e-06,3.0343659391592515e-07,2.2422376265959111e-07,7.439188039025256e-06,7.888593792167286e-05
61,0.002299889778415206,0.0013340184688013254,0.015785700904771164,5.11555445417738e-05,6.18180221517462e-05,3.7776995153928923e-06,0.9715703780014805,0.0002135791719846924,0.006316542703907517,2.840347138635963e-05,1.0604099590799937e-05,0.0019356212633787106,2.7622846259638878e-08,2.5809874736335325e-06,4.171025530325745e-05,0.00012660421640958112,4.624432457354936e-10,4.170462777144964e-06,0.00013077214222984314,1.539058825126886e-08,1.909902864953303e-06,2.8542590006649853e-07,2.5379591129273316e-07,1.0495601418315618e-05,6.968460390905218e-05
62,0.002094285181291218,0.001341492461839884,0.012780043860472372,4.714157098050163e-05,6.434109719225214e-05,3.420987510214955e-06,0.9751631587506078,0.00021611533767955293,0.005983084946473899,2.7645674099327546e-05,9.71159849249751e-06,0.00188360900182573,2.433769568104184e-08,3.0395466291609235e-06,4.731254447191765e-05,0.00012715403162338507,4.781822563834156e-10,4.195597090210679e-06,0.00011554471139926559,1.4514444299911567e-08,1.8109836813690043e-06,3.0343659391592515e-07,2.2422376265959111e-07,7.439188039025256e-06,7.888593792167286e-05
63,0.0023589791437886995,0.0017068040328129946,0.013015817161581062,5.102089813691252e-05,6.934776653514468e-05,3.7016815072951944e-06,0.9739796698596294,0.00021238586099793825,0.0061920072262285275,3.16063642438949e-05,1.0035998504026182e-05,0.001956499092131384,2.4869621902155395e-08,3.424376379029026e-06,5.001303066908364e-05,0.00012204824624636231,5.452757160434281e-10,4.372127172101469e-06,0.00013255944202492787,1.611578905683409e-08,1.9639523176088213e-06,3.3167034313906193e-07,2.618235023791407e-07,8.008240242325201e-06,8.910047431894622e-05
64,0.001801066270698457,0.0013964993801818242,0.012523550450943952,5.2327043674757396e-05,5.895062858772955e-05,3.388102819155955e-06,0.9753233723414811,0.0002009492048555532,0.006021512103374387,3.308335448607617e-05,8.322207137074838e-06,0.0021864673744904587,2.8614595209341945e-08,3.277242546941351e-06,4.692144582371792e-05,0.00012611172724861657,5.376237663774649e-10,4.375412377247697e-06,0.00011191514137694387,1.6986096511624902e-08,2.6164471092141614e-06,3.5537888457936087e-07,2.5235409502450507e-07,7.377920955513355e-06,8.726232853613614e-05
65,0.001968450933419609,0.0013115126692244562,0.012320856227229757,4.7321315285019456e-05,6.14066205262104e-05,3.3102616191727597e-06,0.9763581161236773,0.00021511670687684306,0.005482914408388671,2.8889659792407647e-05,9.132845047895947e-06,0.001822326979166744,2.3176990089077416e-08,3.1056770299439744e-06,4.489120345314184e-05,0.00012121011601640843,4.648613571931952e-10,4.05823492439537e-06,0.0001097757146589928,1.4436410131406697e-08,1.792684377814269e-06,2.918731507439429e-07,2.269473436327066e-07,6.9551308063145125e-06,7.829958972290631e-05
66,0.002306540858385524,0.0013328152088825681,0.014051750841453828,4.6377035180266706e-05,7.084448170888138e-05,3.8108415173119776e-06,0.9737397037158515,0.0002061607418387603,0.006092522754153251,3.0551807608180614e-05,9.639347083375758e-06,0.0017172875527736427,2.713328125199531e-08,2.8785627976268123e-06,4.448554051995127e-05,0.00013017483325058194,5.214339423639576e-10,4.5465670016839756e-06,0.00011832633110926013,1.639201854031153e-08,1.8939397749737426e-06,2.813923148931005e-07,2.3855462525424686e-07,8.456920658237482e-06,8.066812477658068e-05
67,0.0017983167922744625,0.001378783143595412,0.019442892534452704,0.0001317717748890469,0.00010316724040749186,8.140491498799242e-06,0.9680649334521741,0.000308220322096286,0.005855875641430788,6.001835115185404e-05,1.5671030198304706e-05,0.0023120945300635757,6.658746106558884e-08,7.858083052821963e-06,3.600795657095464e-05,0.000253406324080214,9.271839754023048e-10,6.082484924696238e-06,9.01677821110918e-05,5.530078213456357e-08,3.5338324840995916e-06,2.674071583778152e-07,7.631138998232621e-07,1.6092425939542796e-05,0.00010581247011878003
68,0.002221689788958505,0.0013341476606221418,0.014692229650552566,5.111676403923429e-05,5.677722148831471e-05,3.2583306154795875e-06,0.9729739333715496,0.00020962053976154502,0.006053432781415963,2.8562875845698137e-05,8.93643812056986e-06,0.0020040599881962023,2.4345551470841443e-08,2.861426817734395e-06,4.031582812438765e-05,0.00011816493257918784,4.3867586861554593e-10,4.30468550134201e-06,0.00010972098217528891,1.4065978340313519e-08,1.9358078623529625e-06,2.862664337450278e-07,2.3021034052421613e-07,7.946942426739322e-06,7.64286563673139e-05
69,0.002136394351461982,0.0013434022970166552,0.012716995911992966,4.607206541712482e-05,6.432595101855966e-05,3.381159233832006e-06,0.9751418453853915,0.00021416152001311255,0.006029033041091713,2.7731091179619186e-05,9.441834873232437e-06,0.0018800493647859562,2.4280290007492115e-08,3.033030666239272e-06,4.796526142622264e-05,0.00012681739184795484,4.800292258984717e-10,4.2862450991587915e-06,0.00011466787728282775,1.4359504297561164e-08,1.7943418935908488e-06,3.0525219793401697e-07,2.1675079641991543e-07,7.1945203379599465e-06,8.084623515183579e-05
70,0.0017409836851341592,0.0016496005164836451,0.010846286103185053,4.2720098494004156e-05,6.69017008678078e-05,3.699939123356172e-06,0.9770650978700763,0.0001806412234865047,0.006149725792754857,2.8812304255015874e-05,1.1771230234292194e-05,0.0018115264662668202,2.1195708668078896e-08,2.7782603245546573e-06,4.522220187008416e-05,0.00010947326574941518,4.346629185551754e-10,3.3612674635491087e-06,0.0001640600076804777,1.2885074087063361e-08,2.1975857711972567e-06,3.334052091576274e-07,2.927126281256553e-07,9.976244719300697e-06,6.450360277670709e-05
71,0.0018780172932287304,0.0005841532823652313,0.022144214882018873,3.21345325647551e-05,2.2214522799541476e-05,2.6635631107240103e-06,0.9671989284655537,0.0002725274488704199,0.005793176312549257,1.2238466287646699e-05,1.3668493853575064e-05,0.0017698013413950376,9.653008424687348e-09,1.4825085098010912e-06,4.286571963342174e-05,7.40356557947353e-05,1.5634371063759928e-10,4.278548558233815e-06,0.00010804132066178326,2.5980042124230654e-09,1.2090519524277118e-06,2.9796959669685515e-07,8.542476763002536e-08,5.887344772762798e-06,3.806544379876923e-05
