,0,1,2,3,4,5,6,7,8,9,10,11,12,13,14,15,16,17,18,19,20,21,22,23,24
0,0.0033069445042241525,0.0004215981594291525,0.05397858984665583,9.722874997771048e-05,7.057987691773212e-05,9.897157355940005e-06,0.8614653988106101,0.0004452940592834146,0.06893551749319943,3.873932961876494e-06,0.00039084617535721224,0.006751203097402233,1.5685753495860928e-07,1.9723588613975346e-07,1.7424188582735292e-05,0.00026293440762154246,1.890807256838422e-09,1.573611618319728e-05,0.002216080630597706,5.771174851932684e-09,4.357408687687093e-05,3.1415022752138396e-06,8.083544906894533e-07,0.0015576796778320478,5.287416761944433e-06
1,0.004067613004484503,0.00042550130641500936,0.07189026475597296,8.20365608887636e-05,8.051198098545555e-05,1.6776317117249577e-05,0.7830033910468518,0.0005786360177169131,0.1271687746223368,4.153305148668755e-06,0.0003392469749958082,0.00609175278495927,2.1293727996823172e-07,1.3687747711953443e-07,3.009897290279997e-05,0.000630192488431797,1.9918924413881e-09,1.80306208432785e-05,0.0036783692574242897,6.678273844285663e-09,5.642469471321072e-05,3.5359149226988047e-06,5.082584559744744e-07,0.0018290540404819675,4.768589027433051e-06
2,0.003384617276196506,0.00041247933862201275,0.039913884796000845,5.412548768339044e-05,0.00013443341155074497,9.752206340229114e-06,0.8655850184778769,0.0004635349661463979,0.0805165805966726,2.7597255270161914e-06,0.00039249772036008653,0.005255164449824214,1.8225672448262955e-07,1.911161580464565e-07,3.331957011425671e-05,0.0003530823137241216,2.240959280233709e-09,1.2565033848407939e-05,0.002340773509537638,7.673555875671323e-09,3.399270725923235e-05,2.8851827125391685e-06,5.874402497078125e-07,0.0010915228842279625,6.039618127298051e-06
3,0.0034659385235485595,0.00044067857045480043,0.05418455715473149,9.478420736151023e-05,8.97152834939455e-05,1.2492206816956115e-05,0.8391330160543512,0.0005391603718148233,0.08936012882381952,3.5238134857440796e-06,0.00046418431783438807,0.007029990302393596,2.0121623814574188e-07,2.0337550870167275e-07,2.3168549655646335e-05,0.00037570070652631334,2.4132188577098698e-09,1.623221603845525e-05,0.0029231614634434183,7.023790609481108e-09,5.169061147844059e-05,3.685046102597202e-06,7.830408195067221e-07,0.0017818190551331984,5.175651939468354e-06
4,0.0037631265546562063,0.0004367328441028894,0.054540427209298026,0.00010085896297717198,9.19151461548299e-05,1.264489372870912e-05,0.8313356392282917,0.000508815475949399,0.09491075347939483,3.385846459993053e-06,0.00046694981433011303,0.008426330824056727,2.7835056735210264e-07,2.219676637232886e-07,2.284398070077791e-05,0.0003704146418545845,3.0175065869344506e-09,1.788972215309665e-05,0.0029967174878636703,7.683675243034986e-09,5.895400363501044e-05,4.1438334455919e-06,8.138565405081e-07,0.0019242953441984878,5.835830795004337e-06
5,0.004237408859582494,0.00044320567755120526,0.05861900514991404,0.0001363736732849034,7.630893524950256e-05,1.3491191291012346e-05,0.8285727322176583,0.0005225126433428905,0.09254629505226507,4.30293183895529e-06,0.0004989950676212311,0.008704205953377429,2.520674659914653e-07,2.530703367742202e-07,1.9726820121639522e-05,0.0003625617747366287,3.0448655789858234e-09,2.6081273430733855e-05,0.00279358411688753,7.97900465236133e-09,5.912440381189978e-05,4.6168606096984925e-06,8.994222683050459e-07,0.002351964756320075,6.087057163528025e-06
6,0.0034659385235485595,0.00044067857045480043,0.05418455715473149,9.478420736151023e-05,8.97152834939455e-05,1.2492206816956115e-05,0.8391330160543512,0.0005391603718148233,0.08936012882381952,3.5238134857440796e-06,0.00046418431783438807,0.007029990302393596,2.0121623814574188e-07,2.0337550870167275e-07,2.3168549655646335e-05,0.00037570070652631334,2.4132188577098698e-09,1.623221603845525e-05,0.0029231614634434183,7.023790609481108e-09,5.169061147844059e-05,3.685046102597202e-06,7.830408195067221e-07,0.0017818190551331984,5.175651939468354e-06
7,0.00202631276069019,0.00046153854189741176,0.0358984379015408,0.00011251108407563394,9.556936265275718e-05,1.2324154167549718e-05,0.8409750811089785,0.0005707552671332295,0.10629373970235911,3.2919140958786296e-06,0.000552282408589224,0.008052961997334962,1.819575499028963e-07,2.467086431614343e-07,3.853295330271163e-05,0.0005064682963111843,2.7174918920590794e-09,1.4752947676871676e-05,0.002753762496811031,8.09953470383306e-09,6.370222593011113e-05,6.187661946230176e-06,8.387726558766212e-07,0.001555124537810258,5.3844208209760185e-06
8,0.00457601911630845,0.0006433627716522375,0.09325233761395738,0.00013191501063249301,8.104386841620839e-05,1.2349697684402604e-05,0.8305526212193501,0.00038547971403475096,0.05905095136670495,4.992006810863935e-06,0.00032840657119290135,0.0060417962465292826,1.9534713049758665e-07,1.8732532215977643e-07,9.206507358322399e-06,0.00020420361544553858,1.527934480570256e-09,9.732495909450815e-06,0.0022543358781380095,8.803120699342454e-09,3.2963846817974144e-05,1.261756414045435e-06,1.4483717808301585e-06,0.002420272866438695,4.906454915282038e-06
9,0.002960190172979022,0.0006506353173122693,0.0917627903424522,0.00020666815347955775,5.575791596463156e-05,1.3988560082089362e-05,0.8012918781690483,0.0003725123387613921,0.08890423424023736,6.3921131193764104e-06,0.00028287113392146194,0.008298230197433296,2.2467597830137683e-07,1.6842867722275722e-07,1.4250600229170566e-05,0.0003190986674097044,1.6939961974612977e-09,1.319940940105317e-05,0.002158215484551278,1.0234620562405874e-08,6.511679847908396e-05,2.454850796484487e-06,1.2555722977138062e-06,0.0026144664180164628,5.38851075600132e-06
10,0.0034659385235485595,0.00044067857045480043,0.05418455715473149,9.478420736151023e-05,8.97152834939455e-05,1.2492206816956115e-05,0.8391330160543512,0.0005391603718148233,0.08936012882381952,3.5238134857440796e-06,0.00046418431783438807,0.007029990302393596,2.0121623814574188e-07,2.0337550870167275e-07,2.3168549655646335e-05,0.00037570070652631334,2.4132188577098698e-09,1.623221603845525e-05,0.0029231614634434183,7.023790609481108e-09,5.169061147844059e-05,3.685046102597202e-06,7.830408195067221e-07,0.0017818190551331984,5.175651939468354e-06
11,0.003651673192276332,0.0004408088854099174,0.05526637198981396,9.91981882780576e-05,9.355606306878786e-05,1.2799257285600498e-05,0.8352363722437428,0.0005303515131262369,0.09118707500524595,3.545832651013015e-06,0.0004658767943788675,0.007660683197414604,2.517677151973806e-07,2.1465419490148764e-07,2.231805176478189e-05,0.00037881763230048697,2.798713334670977e-09,1.713485719169628e-05,0.002961383663086238,7.810875442810123e-09,5.554070571703084e-05,3.8003053463373677e-06,8.238415881681131e-07,0.0019059108413315082,5.480907482622112e-06
12,0.009216810022243652,0.0013497637040678005,0.024895241969570003,0.00010302912273486617,0.00044705904132120116,2.251547622785123e-05,0.8472574431959181,0.00018224123265753658,0.10732200512921432,8.539089713732244e-06,0.000409699648115871,0.0049449260461053544,5.654554372293632e-07,1.4669304024494677e-06,1.735766106792257e-05,0.00020758511441567055,1.801885773242868e-08,6.411569669911411e-05,0.0020293631765864583,2.755919912630623e-08,5.582898373643975e-05,4.246382586798279e-06,1.520102945349413e-06,0.0014295040238761008,2.9127216299147746e-05
13,0.003357560409004121,0.00043731566884877364,0.053190267212544357,9.636916221357342e-05,9.052125135994756e-05,1.2258537380730533e-05,0.8413030577911984,0.0005576296346595515,0.08804732851372607,3.3997843012945563e-06,0.0004919439084816272,0.007270671899922348,2.0224026670064723e-07,2.119129049197983e-07,2.3422255404915164e-05,0.00036937534679386914,2.4628813820145016e-09,1.6060762778759398e-05,0.002899837219972911,7.032465756542469e-09,5.206813894491453e-05,3.8013822932901687e-06,8.105333946643811e-07,0.0017707148199096522,5.162118347319395e-06
14,0.0034372050173345405,0.00044938830081454645,0.052542553956079346,9.339785035019931e-05,9.120871224069348e-05,1.2472469945486993e-05,0.8428715947766645,0.0005356672761456651,0.08748215966183734,3.5781571398417516e-06,0.00046773512532609335,0.00684361369209855,1.9466819286923184e-07,2.0658657888310443e-07,2.313766575694781e-05,0.0003704379939319934,2.395842289413198e-09,1.607041390674068e-05,0.002935998994895118,6.995913422332268e-09,5.052242129243329e-05,3.6546688285226442e-06,7.904155852119305e-07,0.0017632420716360135,5.159711662605924e-06
15,0.0034659385235485595,0.00044067857045480043,0.05418455715473149,9.478420736151023e-05,8.97152834939455e-05,1.2492206816956115e-05,0.8391330160543512,0.0005391603718148233,0.08936012882381952,3.5238134857440796e-06,0.00046418431783438807,0.007029990302393596,2.0121623814574188e-07,2.0337550870167275e-07,2.3168549655646335e-05,0.00037570070652631334,2.4132188577098698e-09,1.623221603845525e-05,0.0029231614634434183,7.023790609481108e-09,5.169061147844059e-05,3.685046102597202e-06,7.830408195067221e-07,0.0017818190551331984,5.175651939468354e-06
16,0.0026507099394653027,0.0004029299994742278,0.04178637661640865,8.436053285451945e-05,7.466138889579631e-05,9.76720478498243e-06,0.863432129093989,0.0005381678829088637,0.07789911690019923,3.802700044181216e-06,0.00038745981223222483,0.007986806449096351,1.9435592501770271e-07,1.9396307257995515e-07,2.689381479395301e-05,0.0003453480909425728,2.4516028392943565e-09,1.6079858950949748e-05,0.002844757754031436,6.772111121203047e-09,6.0493233673253895e-05,4.97352042276738e-06,7.306656321743667e-07,0.0014385585681911093,5.4784302966953875e-06
17,0.002056083955480244,0.00034676277970558056,0.03139399197385575,0.00011669552380103272,0.00010403099993202205,7.815920512392817e-06,0.891070870662776,0.000629762930511004,0.05819575400021935,3.1448501257572402e-06,0.0006528222013551826,0.01118001933088468,3.460090329497583e-07,3.70896525960557e-07,1.991401056142584e-05,0.0002952077843623279,5.105356928463956e-09,1.5516984179176854e-05,0.002195686486293894,1.1869224906620491e-08,6.031988272567712e-05,6.601578290367882e-06,1.5129580211594993e-06,0.001640637385191788,6.1139210744350726e-06
18,0.0031296825166380765,0.0003045397557275422,0.03489591246777183,5.94311036043976e-05,8.041326031384783e-05,7.142265355318709e-06,0.890401886120933,0.00033310922321607117,0.05984075833919021,3.5946546862403852e-06,0.00030204482962662175,0.007253877969764726,2.3237884052436545e-07,2.0538993171048978e-07,1.929553714992772e-05,0.00022440522066419552,2.9512363774567086e-09,1.9403282505658295e-05,0.001951349660608912,6.707188539405919e-09,4.8691246296849023e-05,4.115068192019519e-06,6.240791738369522e-07,0.00111202149397243,7.2544774111443125e-06
19,0.04654751302416436,0.001973359522177421,0.10650875721448912,0.00010205276182190967,0.0012052101434066212,0.00030111853698177096,0.4748597958546078,0.001562674190108071,0.2891710704808093,8.499287858803074e-06,0.006074884392020927,0.0019620071033654768,5.066456838751613e-07,9.648266492903968e-07,4.988671175302551e-05,0.0013487158051329604,1.8034556930955142e-08,9.783683474354665e-05,0.04289662051891767,5.169400861845343e-08,3.858427108745083e-05,3.371214613700205e-06,3.4346786320508575e-06,0.025275119753385353,7.946499023898687e-06
20,0.0020635631444644565,0.0003439026069269311,0.04404567391395324,9.819830477548122e-05,6.529897165145425e-05,8.746822968334493e-06,0.8522772549667653,0.0009546770382362166,0.08594379825965703,2.8143172484124697e-06,0.0005067609977314026,0.009427139242372259,1.5506478442188962e-07,1.9670495898108895e-07,5.2413930632580914e-05,0.00045603386895428857,2.382543191488018e-09,1.6329636533643532e-05,0.002634561737028008,5.866045907671155e-09,6.310052834703396e-05,7.907826981119711e-06,6.230723695368004e-07,0.0010255265582588924,5.314235812175093e-06
21,0.0038676776418144904,0.0004656042762065291,0.06040916442058752,0.00013495968937344457,7.713783146339491e-05,1.7262470372667365e-05,0.7889979446659277,0.0006298027162420704,0.13000817625161085,4.184644605537536e-06,0.00043474636117873114,0.009066343276650218,2.84990094335111e-07,2.718554678537507e-07,2.8361924948325588e-05,0.0006520306758648533,2.557733732477181e-09,2.4511872012915157e-05,0.0030006852151151734,8.460375877791574e-09,6.167996241940497e-05,4.80061844178616e-06,6.148470518420819e-07,0.0021081441795181804,5.5985949224339384e-06
22,0.007898268692434447,0.00042362486064342913,0.08181883466606356,0.00010555280996446472,0.00011902374702300566,2.0202449293627246e-05,0.7806943969143939,0.0006984817056096043,0.11343439523642178,4.800759754324e-06,0.0007277324470743113,0.006236944776562993,2.8672413166408116e-07,2.286244322090861e-07,2.9525257988644634e-05,0.0005073497746989805,5.572006152060669e-09,4.737942492123916e-05,0.004149120074349096,9.854574863582167e-09,6.7955510611645e-05,6.324039173724574e-06,8.557377979879011e-07,0.003001435236531289,7.26510354299674e-06
23,0.0034659385235485595,0.00044067857045480043,0.05418455715473149,9.478420736151023e-05,8.97152834939455e-05,1.2492206816956115e-05,0.8391330160543512,0.0005391603718148233,0.08936012882381952,3.5238134857440796e-06,0.00046418431783438807,0.007029990302393596,2.0121623814574188e-07,2.0337550870167275e-07,2.3168549655646335e-05,0.00037570070652631334,2.4132188577098698e-09,1.623221603845525e-05,0.0029231614634434183,7.023790609481108e-09,5.169061147844059e-05,3.685046102597202e-06,7.830408195067221e-07,0.0017818190551331984,5.175651939468354e-06
24,0.004470987368062556,0.000668504932430743,0.053996428563436935,0.00013626342470297474,0.0001041701046777722,1.667615005785921e-05,0.8256145904144615,0.0005729119397526001,0.09925780178948063,4.992988893760623e-06,0.0005309336325938974,0.007862538908275712,2.7244076319114737e-07,3.3315951660035185e-07,2.0979617294489965e-05,0.0004294403769332426,3.4077346148011203e-09,2.080683946302373e-05,0.0036814375685053614,1.0700078303300846e-08,5.321892408905381e-05,4.300766470492797e-06,1.0967656430237165e-06,0.0025453927509137544,5.906465767949246e-06
25,0.007844847476758225,0.0005122600834744006,0.08258657814835853,4.575259876613219e-05,7.839200431179517e-05,1.316176571411745e-05,0.7370413937378197,0.00014826305837103737,0.16045207855046523,4.578210129933174e-06,0.00012334038608740602,0.005779201638024694,3.5735121151081127e-07,7.00764180617399e-08,2.621326260003205e-05,0.00028961186092257466,2.143620002839697e-09,2.1565223842641326e-05,0.0032461389019044318,6.708151996976848e-09,4.9701091160558476e-05,2.451703504043633e-06,3.2381395211256917e-07,0.0017237209656014616,9.989238829264645e-06
26,0.017204780158877525,0.0007078724468342274,0.1460725583048246,0.00015826977636659574,0.00015928457248495938,3.8960491760447785e-05,0.6187100316850603,0.0004065985811557864,0.18734661463014232,5.457784250674496e-06,0.0008101845783999085,0.007458087248452029,7.747135673065031e-07,2.0578674666639705e-07,1.1469949614483967e-05,0.0004481143343227195,6.938246386280184e-09,4.73683007973521e-05,0.007469243261607183,1.7727713442088673e-08,7.877750000931761e-05,3.237724732709814e-06,1.8052619674469754e-06,0.012853849991149103,6.428250916318755e-06
27,0.0034017023212649555,0.0004832899680629602,0.05220903422843268,0.00011373023215127938,9.049822129872843e-05,1.4702040747616152e-05,0.8109921616780005,0.0007296685906370004,0.1161927204987408,3.6588925348678048e-06,0.0006037680654714974,0.00863262339746326,2.1891002785315584e-07,2.3738066399019107e-07,3.811367692503861e-05,0.0005307202921706864,3.3103106449320804e-09,2.11788727204625e-05,0.0038649331556704783,7.973288465149153e-09,6.896101633778828e-05,7.016041491255089e-06,8.273714329204341e-07,0.001994549029076773,5.674835077605098e-06
28,0.0034659385235485595,0.00044067857045480043,0.05418455715473149,9.478420736151023e-05,8.97152834939455e-05,1.2492206816956115e-05,0.8391330160543512,0.0005391603718148233,0.08936012882381952,3.5238134857440796e-06,0.00046418431783438807,0.007029990302393596,2.0121623814574188e-07,2.0337550870167275e-07,2.3168549655646335e-05,0.00037570070652631334,2.4132188577098698e-09,1.623221603845525e-05,0.0029231614634434183,7.023790609481108e-09,5.169061147844059e-05,3.685046102597202e-06,7.830408195067221e-07,0.0017818190551331984,5.175651939468354e-06
29,0.0034659385235485595,0.00044067857045480043,0.05418455715473149,9.478420736151023e-05,8.97152834939455e-05,1.2492206816956115e-05,0.8391330160543512,0.0005391603718148233,0.08936012882381952,3.5238134857440796e-06,0.00046418431783438807,0.007029990302393596,2.0121623814574188e-07,2.0337550870167275e-07,2.3168549655646335e-05,0.00037570070652631334,2.4132188577098698e-09,1.623221603845525e-05,0.0029231614634434183,7.023790609481108e-09,5.169061147844059e-05,3.685046102597202e-06,7.830408195067221e-07,0.0017818190551331984,5.175651939468354e-06
30,0.0034659385235485595,0.00044067857045480043,0.05418455715473149,9.478420736151023e-05,8.97152834939455e-05,1.2492206816956115e-05,0.8391330160543512,0.0005391603718148233,0.08936012882381952,3.5238134857440796e-06,0.00046418431783438807,0.007029990302393596,2.0121623814574188e-07,2.0337550870167275e-07,2.3168549655646335e-05,0.00037570070652631334,2.4132188577098698e-09,1.623221603845525e-05,0.0029231614634434183,7.023790609481108e-09,5.169061147844059e-05,3.685046102597202e-06,7.830408195067221e-07,0.0017818190551331984,5.175651939468354e-06
31,0.006270157507087501,0.00041706924744958334,0.0827699349993046,7.011689761020142e-05,7.202951350897813e-05,9.876854451251657e-06,0.842718082707629,0.0006991905315836578,0.056782741083915275,3.951071313235004e-06,0.0003187201974681572,0.005080284841200344,1.6787127299574386e-07,1.5721532406222164e-07,1.288168206364549e-05,0.0002225282793229894,1.9128020516452623e-09,1.6816965879521983e-05,0.0030556471172360797,5.2936261988639395e-09,3.402359629762679e-05,1.9894714572749074e-06,6.448768832500593e-07,0.0014385474946692442,4.432770643183218e-06
32,0.003943025936575447,0.0004833957947864738,0.055048311783991236,9.085874031834054e-05,9.234150568793977e-05,1.3614502255740785e-05,0.832644539038865,0.0005839563887754362,0.09344744830040011,3.711398737795332e-06,0.00048764649831923223,0.007154815473169348,2.1126342377967856e-07,2.1190510646472196e-07,2.4523882439575136e-05,0.0003827381780550352,2.6444305041894062e-09,1.7625189476897298e-05,0.003613463156931776,6.987912302305927e-09,5.4020480066712946e-05,4.045804336039821e-06,7.89155127185377e-07,0.0019034309642095091,5.265026602050333e-06
33,0.004125868038709493,0.00038923617182421826,0.070828623193667,4.223218769156758e-05,5.127162104095549e-05,5.905325859766868e-06,0.817104514510959,0.00018338215814192932,0.10024254554615149,1.907594181491285e-06,0.0001545419001760299,0.004700801194218891,7.160830004965232e-08,6.781771784567804e-08,2.3414325929108125e-05,0.00016093519998268985,6.003955108271392e-10,1.102853018111418e-05,0.0012988620828129583,2.2213636712934386e-09,2.638762208556744e-05,1.3434873309994327e-06,1.9176607674045877e-07,0.0006413681362005927,5.4971590011019755e-06
34,0.01208023996872566,0.0006464815097978826,0.08853007490584294,5.336009694013721e-05,0.00011035941171393664,1.693660977283106e-05,0.6688143312690764,0.00043091537974434337,0.21113829109419527,1.7087903787694277e-06,0.0004616227548017563,0.00742085482248448,2.955494569214045e-07,1.2165070582782353e-07,2.454444265688514e-05,0.00030674098650123254,2.482671482383743e-09,2.0927632268046697e-05,0.007165989640424808,3.905789706720811e-09,5.022046787429558e-05,2.9229602414467242e-06,3.712859429669791e-07,0.0027179399820389835,4.742399952980461e-06
35,0.0036405147315814227,0.0004254863454763095,0.055086522537641215,9.209008315033312e-05,8.53358487651758e-05,1.2001623609145277e-05,0.8381282061053585,0.0005345510896485457,0.0893928191573009,3.4535342686763315e-06,0.00044317430366917277,0.007034526734898483,1.9772625415097142e-07,1.9286028737491794e-07,2.2291982388701187e-05,0.00036174209637928364,2.3437320142236816e-09,1.690772342065752e-05,0.0029008945794233385,6.582919111451692e-09,5.1034902100563506e-05,3.647440557352762e-06,7.319846437311085e-07,0.0017585573850493626,5.110297476526401e-06
36,0.0025929981605840036,0.000226614063889667,0.035467992212962256,5.842560427749489e-05,5.434508356327456e-05,4.849910474759904e-06,0.8561071779629732,0.0010081360675035754,0.08349110385077176,1.4393544822641085e-06,0.00032279835178163795,0.016589950588082093,3.473612366831706e-07,1.6937258312225688e-07,4.131575673906736e-05,0.0004954486683864469,2.7270410978952663e-09,1.2697332259045654e-05,0.0027841724754448034,4.6324243253428405e-09,4.040840938075959e-05,7.518121108757352e-06,2.885290523123034e-07,0.0006867589529982065,5.0364499995292156e-06
37,0.00029581930281738874,0.0003963240118351786,0.014259577229086074,8.182732471606796e-05,0.0001990967269514732,1.5284676384207847e-05,0.8099596733461814,0.0012323867866794007,0.15976309217540563,1.139991535779814e-06,0.000898945216298541,0.008164382665543786,1.522595295893329e-07,4.3194472487467176e-07,0.0002782479021741462,0.0019759979127796554,2.2944377117246763e-09,3.3893737678960795e-06,0.0020691194007876855,9.941713149403888e-09,5.9320558991738004e-05,8.18648717177483e-06,4.7266179251418774e-07,0.0003327922076008854,4.3276010934379215e-06
38,0.0009109355932645202,0.00046647841861240514,0.03050519533257098,0.0005889382723591794,6.717117100475858e-05,5.170927148297986e-06,0.8431830681645729,0.0016356287320670546,0.07547216786626428,3.3267552312517665e-06,0.0017091162231436063,0.03906032259175203,5.608397409757436e-07,6.606759036428739e-07,2.5190129806483966e-05,0.0003339708740437375,1.790947569795966e-08,2.319552789650021e-05,0.002535345062677134,3.55923752645348e-08,0.00022502282157115859,4.1685749864233524e-05,5.411457082344901e-06,0.0031953087373628535,6.074574209010585e-06
39,0.003413727109239722,0.0002641985645122122,0.09477468128693617,0.00011064614009280507,8.750040840856523e-05,2.6633389550114975e-05,0.7674962169486177,0.0011361232527002361,0.11703711618857668,4.731235504084862e-06,0.0004619486324330615,0.007210485517589745,4.4697872456299313e-07,1.471220688596361e-07,3.2896515724588345e-05,0.0008979440015295233,4.327259319489601e-09,2.5293985018759162e-05,0.004560054912780135,1.0529884543729494e-08,0.00010989269054585399,4.767803586023761e-06,7.147241160002932e-07,0.002338866277398795,4.951457201957456e-06
40,0.003150190919700168,0.00041237169670519237,0.05502323924912885,5.38190029074509e-05,7.614626553124956e-05,7.897864044366677e-06,0.8303452989595144,0.0002867893876248124,0.09973879505872264,1.918079058897814e-06,0.00027030459131725717,0.007564163961923589,1.6634507616149065e-07,1.4110223231579618e-07,2.671688614216158e-05,0.00023554898843231977,1.3137418236763398e-09,9.777749065005195e-06,0.0018807012703332027,3.569507985012943e-09,4.023947081167418e-05,2.533143594611363e-06,3.9150419962397033e-07,0.0008671253177829467,5.7183029010721725e-06
41,0.004027375308895193,0.00034293109913965497,0.0580189098800359,5.7280161567980485e-05,0.00012341942320181617,1.1571382282142194e-05,0.8077309950697882,0.0003935486386161026,0.12025927470801913,1.934335990963522e-06,0.00033355162530883674,0.005080456289220432,2.0949291875226857e-07,1.298669188591812e-07,2.922165804096357e-05,0.00042629825904831126,1.6324107537669881e-09,1.2505353290523809e-05,0.001933851185878427,5.657686962463852e-09,3.118609374885693e-05,1.9064008205144913e-06,3.692971034539847e-07,0.0011779559588134525,5.11122125374609e-06
42,0.0029349249980767916,0.00043096735200509785,0.06811721108409263,0.0001536542390706873,6.59180133550459e-05,2.31500853416601e-05,0.7477602773386206,0.0018055536371282576,0.15098770459219013,5.544176414323249e-06,0.0006427671706336938,0.013888315287896727,4.601125756818658e-07,2.0197784471461872e-07,7.087005249145979e-05,0.0012618232194544184,5.954965270801054e-09,2.946019524559865e-05,0.008913032273595956,1.2532675841635231e-08,0.0001412121519785533,1.6596282124425047e-05,8.975226375498724e-07,0.0027438132870143796,5.626462570610762e-06
43,0.002500304309977491,0.00047388150544905235,0.057164582837459496,0.00012272993335499043,8.82276909297961e-05,2.9940781298571942e-05,0.8339122480671083,0.0008605827377863017,0.09060251074491994,1.6717493588218752e-05,0.00036185010329533766,0.005086729181203613,2.883827877939509e-07,2.430171480648219e-07,3.244329428763839e-05,0.0008251643173677303,4.767956550983763e-09,3.3574838948958034e-05,0.0050699426237772035,1.7165927723747007e-08,0.00015542248123988752,8.159407865155935e-06,1.3708286540023391e-06,0.002646791285327017,6.272202341229226e-06
44,0.0034659385235485595,0.00044067857045480043,0.05418455715473149,9.478420736151023e-05,8.97152834939455e-05,1.2492206816956115e-05,0.8391330160543512,0.0005391603718148233,0.08936012882381952,3.5238134857440796e-06,0.00046418431783438807,0.007029990302393596,2.0121623814574188e-07,2.0337550870167275e-07,2.3168549655646335e-05,0.00037570070652631334,2.4132188577098698e-09,1.623221603845525e-05,0.0029231614634434183,7.023790609481108e-09,5.169061147844059e-05,3.685046102597202e-06,7.830408195067221e-07,0.0017818190551331984,5.175651939468354e-06
45,0.004486435322023584,0.0007643771386303702,0.048053659845051715,0.00010654664023990424,8.880054604701276e-05,1.0512156033823164e-05,0.857740476732109,0.00024601049102183074,0.07360786940890643,5.695803343216404e-06,0.0003798372514816325,0.008370774836241386,2.5608049709120004e-07,3.171771036761412e-07,8.39272075615146e-06,0.00013623864229590156,3.444118842477934e-09,1.8007202951043645e-05,0.003168831017306951,9.278890993302565e-09,6.661386082199555e-05,3.481128809572527e-06,1.6681635789145641e-06,0.0027284186712039616,6.76644053493735e-06
46,0.005070098796252267,0.0006147116818171084,0.0819407262275164,0.00040304754911406744,0.00014800158380914475,3.768919803901096e-05,0.7365398160149259,0.0016726171046319255,0.13594270331660374,7.586874698215694e-06,0.001581268371145789,0.01839458058450444,1.5426566574513323e-06,6.241347775967327e-07,3.824634195163581e-05,0.0011439002844584655,3.3473716348909694e-08,5.409341272583223e-05,0.008733566637796454,4.5360686590492076e-08,0.00020750564710195844,2.4167179250795912e-05,3.5717598130626034e-06,0.007430006531695305,9.84927631045204e-06
47,0.005206050849855528,0.00030766237712283366,0.05603865153960135,6.507323456597808e-05,6.399372801077678e-05,8.036355183408358e-06,0.8095050994430733,0.000386002607750008,0.11044067295159284,2.9030237676723637e-06,0.00024251824517387005,0.011913122598802393,4.423358564140461e-07,1.099464723098139e-07,2.4476505294425138e-05,0.0004474606055096198,3.108488795447304e-09,1.992931382729246e-05,0.003403285996853933,6.964093662907495e-09,5.822686428175449e-05,5.226733362744847e-06,4.227168093552426e-07,0.0018541087106307122,6.513244019017766e-06
48,0.004567186559143819,0.0007420132266728843,0.054870808792747326,0.00010925926904230312,0.00010749869784271327,1.932115744578337e-05,0.8244871009662216,0.0006402835437140828,0.0971682366428246,5.207085354499221e-06,0.0005988495292759225,0.007067879931563085,2.52527146375404e-07,2.6903413668522916e-07,2.086964902254106e-05,0.000404777879019932,3.4847334944401776e-09,1.786645840268251e-05,0.006136708563534398,8.999979162743318e-09,5.938335623099618e-05,4.3974102301708725e-06,1.2080953465043374e-06,0.002965555863085031,5.05327728331582e-06
49,0.003491910119999439,0.000467119082572424,0.07149983113438003,0.0001406880949315878,7.091203297236928e-05,1.4012113254824744e-05,0.8132880615753729,0.0005357058092471308,0.09543099181119778,4.4759667354147e-06,0.00044270121382846713,0.009249074907515116,2.515124515001049e-07,2.283655654435701e-07,2.1798932220615294e-05,0.0003716738151003819,2.684602295080268e-09,1.9581175193532862e-05,0.0027290559243711675,8.402794646333549e-09,6.991448791799207e-05,4.361469654248784e-06,9.949643722235184e-07,0.002140526650036071,6.117753712422824e-06
50,0.0021392564238400177,0.00029712813278169923,0.03319719834028536,4.932504162807241e-05,6.586338225874114e-05,5.957547012736542e-06,0.9186738229727649,0.0004355994251978463,0.03731953671785652,3.4836533985434766e-06,0.0002446358008538839,0.0048743842927831,1.1628395040919525e-07,1.5967943165635978e-07,1.5223942740698391e-05,0.0001912091837542008,1.39353031347767e-09,9.544617548503834e-06,0.0017095017893966405,4.3299106383231034e-09,2.9661137678206146e-05,2.202540055289266e-06,5.659476062312104e-07,0.0007311364099850091,4.481013750895571e-06
51,0.004673942354070578,0.0010218439346589023,0.05627004487039501,0.00016046957232517697,5.613941754216137e-05,9.757795056355848e-06,0.8148004629169737,0.0005755084353820728,0.10616238078339814,3.5167702439436367e-06,0.00047214832034006224,0.010259778910637962,1.2208486120188683e-07,3.1558291577271254e-07,2.3335978398954254e-05,0.00021883754563415493,2.1957875868380845e-09,1.863677396647432e-05,0.0035811723966509426,4.8632302274825705e-09,5.101778392323387e-05,5.90064292098785e-06,7.78872377537653e-07,0.0016282688089310421,5.612389377840308e-06
52,0.011737039916090184,0.0003339868267450162,0.08544999209490461,8.093714112896301e-05,0.00018945216190798247,7.035336861186625e-05,0.6212030847272451,0.0008314778027361507,0.26564953661701257,5.675395931976218e-06,0.001000290143392731,0.003449324186123446,3.150610894601753e-07,3.3684474746919517e-07,8.09078140261501e-05,0.0014641333362007025,5.287513906399906e-09,0.00014026902450706545,0.005042880971389389,1.0066298054565204e-08,5.668058072040388e-05,6.65579288186095e-06,4.010775531179515e-07,0.0031966608233255345,9.592937916668556e-06
53,0.001267210371382213,0.00022313683991855154,0.027630019241640963,5.514189936405463e-05,6.754261819467714e-05,4.824809997290375e-06,0.9191645505604317,0.0003950060039993132,0.04355012737674392,2.0737506707357417e-06,0.000288436985935324,0.005364874753635129,1.0340161555809309e-07,1.3921711321377048e-07,1.7670960032342935e-05,0.0002157452812593209,1.1055354418833307e-09,7.319956106908348e-06,0.0010730435745278136,3.833000064940425e-09,2.9585348413601717e-05,2.1825326829721156e-06,5.005189468161032e-07,0.0006370449388390163,3.714120013148061e-06
54,0.003500902358206848,0.00041245008950120335,0.058085108793713106,0.00010639727004839617,9.386052493782406e-05,1.380329008830304e-05,0.8282276850012364,0.0006133556778707386,0.09517669091984664,3.476287867564787e-06,0.0005427203489205128,0.007417685431254319,2.3832176924263295e-07,2.0690722542096977e-07,2.221435653927419e-05,0.00041029567948976364,2.8734543071469596e-09,1.8372212106491116e-05,0.003133495700204115,7.806083839094074e-09,6.074645888979607e-05,4.057177685392189e-06,8.751191059218811e-07,0.002150433949204654,4.917444749621329e-06
55,0.00233018225157122,0.0006751859251152633,0.043805939787032205,0.000109094584709368,0.00017443062933420847,1.9035478718379512e-05,0.8959189079959741,0.0010488123763587368,0.04531484842845075,7.634168475808078e-06,0.000984356748419756,0.0035503875033107623,1.1938595058196967e-07,4.158290923030007e-07,3.146223099575234e-05,0.00042707981881935305,4.058743492601606e-09,1.3403097720221535e-05,0.0037489689517411764,1.4957271864787912e-08,4.765937760578829e-05,4.468936118878161e-06,2.404063010521481e-06,0.0017797923008140782,5.391114645442984e-06
56,0.0036424234305970343,0.0004384467643581797,0.05455495661608908,9.583984945698411e-05,9.085543097509327e-05,1.2572951568930291e-05,0.8365601385812346,0.0005317856655851709,0.09041594476864949,3.4677017133431987e-06,0.00046340897869386505,0.00783868475412326,2.446559913790422e-07,2.1348003197688493e-07,2.3033336439967182e-05,0.00036838830478196555,2.7254068923897364e-09,1.684970359904913e-05,0.0030367437287769894,7.3594462044048425e-09,5.503738095309743e-05,3.887613273901074e-06,8.059495892132558e-07,0.0018407172096073878,5.5430590570809776e-06
57,0.0030119715678247317,0.00037151852208009307,0.046950318191064606,8.85757847381301e-05,7.132627159371407e-05,8.517794751277545e-06,0.8396027585210261,0.0005915145226640475,0.09033829797043079,3.3161637459666914e-06,0.00032725272221957683,0.013037288405006286,4.2664580787229667e-07,1.779710105444417e-07,2.6011595695839402e-05,0.00043430165068434034,3.737978406344218e-09,1.4697989315461023e-05,0.003453290232687944,9.531282648632159e-09,6.553904836351527e-05,6.045083496499649e-06,7.298875188331022e-07,0.0015900329422738192,6.077246738838328e-06
58,0.004536822472417358,0.00047600780393286177,0.062110279727931615,0.00010768208491319871,9.363890309096208e-05,1.5092949875145764e-05,0.812470936744079,0.0005305095917129595,0.10371050073404235,3.5494368801241333e-06,0.0005433409273728009,0.008386789920739521,2.769376960531635e-07,2.089235419454619e-07,2.031102227249975e-05,0.00038411746189393375,2.8112960723840066e-09,1.9186441745696404e-05,0.0037756846828869753,7.649500687820601e-09,5.808061534889915e-05,3.80744945555024e-06,9.268751995996083e-07,0.002747000750449921,5.237081724158198e-06
59,0.004186388278613629,0.00047583779277244725,0.06919513740247417,0.00011629515307878078,9.07112670160579e-05,1.5077103137163355e-05,0.8074043394326352,0.000538777797836282,0.1031931659216187,3.7598694912968996e-06,0.0005181044056922656,0.007778502898413822,2.4497470233480847e-07,1.9420972504622714e-07,2.073763615803521e-05,0.00039639041386229073,2.580126593141519e-09,1.8289536807151536e-05,0.003325415174396773,8.114967854881491e-09,6.0414409809874994e-05,3.5936131503300496e-06,9.549634895783253e-07,0.0026525437305035637,5.113319520701521e-06
60,0.0034659385235485595,0.00044067857045480043,0.05418455715473149,9.478420736151023e-05,8.97152834939455e-05,1.2492206816956115e-05,0.8391330160543512,0.0005391603718148233,0.08936012882381952,3.5238134857440796e-06,0.00046418431783438807,0.007029990302393596,2.0121623814574188e-07,2.0337550870167275e-07,2.3168549655646335e-05,0.00037570070652631334,2.4132188577098698e-09,1.623221603845525e-05,0.0029231614634434183,7.023790609481108e-09,5.169061147844059e-05,3.685046102597202e-06,7.830408195067221e-07,0.0017818190551331984,5.175651939468354e-06
61,0.004116954705799462,0.0004696203688474767,0.06571044449153537,0.00010888812102403906,9.00151458184061e-05,1.4187796059898163e-05,0.8166564703454798,0.0005289980720214955,0.09792458584060534,3.7308887931430813e-06,0.0004927337785414296,0.007669682671270385,2.439275932610132e-07,1.915650716197612e-07,2.039304264744758e-05,0.0003740585793817993,2.5657690283090525e-09,1.7903776148030328e-05,0.0032724653160404005,7.811862796123332e-09,5.90628680122941e-05,3.534431874530139e-06,9.125551262556851e-07,0.0024597877297159792,5.123604960205812e-06
62,0.0034659385235485595,0.00044067857045480043,0.05418455715473149,9.478420736151023e-05,8.97152834939455e-05,1.2492206816956115e-05,0.8391330160543512,0.0005391603718148233,0.08936012882381952,3.5238134857440796e-06,0.00046418431783438807,0.007029990302393596,2.0121623814574188e-07,2.0337550870167275e-07,2.3168549655646335e-05,0.00037570070652631334,2.4132188577098698e-09,1.623221603845525e-05,0.0029231614634434183,7.023790609481108e-09,5.169061147844059e-05,3.685046102597202e-06,7.830408195067221e-07,0.0017818190551331984,5.175651939468354e-06
63,0.0036795404315500416,0.0005454399021194797,0.05474510711556479,9.911219071265936e-05,9.204898897729375e-05,1.2742808232044035e-05,0.8367491580158083,0.0004997218200190866,0.09064197305839362,3.856897824025176e-06,0.0004574734516024289,0.007069523856664229,1.9466334374359228e-07,2.1760751162934124e-07,2.377842461216968e-05,0.0003428950440884432,2.4858037447997183e-09,1.5758735650840653e-05,0.0031359799615801377,7.367523785801794e-09,5.289391748379862e-05,3.7824883468598702e-06,8.614088644663704e-07,0.0018223786233932343,5.550734329108739e-06
64,0.003025095826921522,0.00046291419953604267,0.05439039488858033,0.00010673313022210676,8.141181089249715e-05,1.3135392651471432e-05,0.8357151633350421,0.0005227959479311658,0.09185133696814404,4.3059018370145846e-06,0.0004196404235074758,0.008054159078345287,2.3504783074853468e-07,2.1864697827313407e-07,2.4334307072350235e-05,0.00036640263801979704,2.766830368404421e-09,1.763140677043796e-05,0.0030146626674459145,8.210141403941619e-09,7.359307646449438e-05,4.523592602556803e-06,8.971587548880637e-07,0.0018446155237886168,5.788053688917687e-06
65,0.00041668846984374547,0.0002817430615995076,0.023771309250123066,7.155250147473398e-05,3.4147398194105595e-05,4.1021544699748835e-06,0.9655022587228476,0.0007342418203949148,0.006325547025951572,1.411075023351364e-05,0.00010458417315709717,0.001885643139612304,3.222437848745292e-08,2.952815269009842e-07,1.0630761424309173e-05,9.598829365875888e-05,8.336888857600859e-10,5.047977536551555e-06,0.0005299328886265775,7.780543644352929e-09,2.77638833435683e-05,1.2613577815144422e-06,1.1209272368906003e-06,0.00017779244786460098,4.196874486995396e-06
66,0.003811818072836937,0.00042634352287289015,0.05906189929128338,9.212534825377176e-05,9.823496427389936e-05,1.3717326700157966e-05,0.8351259103181464,0.0005109032924371739,0.08842960060387456,3.851382237706648e-06,0.00046141289082215765,0.0064860226619061915,2.2335296296497344e-07,1.9161941394270773e-07,2.1195775781088945e-05,0.00038027275355199535,2.6077123131439096e-09,1.7320540741542858e-05,0.0029669506636251265,7.82223248480983e-09,5.517692664690542e-05,3.3496600538617304e-06,8.419611737818065e-07,0.0020273463528396487,5.280287618973883e-06
67,0.0037013385023167613,0.0005064648105280878,0.08637200731806992,0.0003666582443337855,0.00015354860668108066,4.804909748485469e-05,0.775874030934436,0.00091751906063372,0.1096123153783291,8.6748939975578e-06,0.00116195616129309,0.009886161079089443,8.207674206242817e-07,6.994415823999367e-07,2.013516783671681e-05,0.0008963769702086688,8.19743271823561e-09,3.572795705891949e-05,0.003717943140354657,3.4762637810544586e-08,0.00011210537312966861,5.071883219413778e-06,3.4389628185710637e-06,0.00659127907923839,7.634209868059981e-06
68,0.0037669716648251177,0.0004432885547806554,0.06299957584990704,0.0001058417336746618,7.878750742909411e-05,1.2448788662677086e-05,0.8256358073119916,0.0005312962513224228,0.09307543591413167,3.6708953913169836e-06,0.00044097695478849093,0.007596243595489781,2.0757757265901632e-07,1.9550380568893375e-07,2.019001122170628e-05,0.00034886341934070315,2.308160264030848e-09,1.7570156146794855e-05,0.0028791804931472945,6.904193410079752e-09,5.585340369139878e-05,3.613430647305203e-06,8.121236093062572e-07,0.001978034029113441,5.1256169554316915e-06
69,0.003503203047116727,0.00043528511685433636,0.053709152179395515,9.230383503759544e-05,8.847450643639296e-05,1.2249326495837494e-05,0.8396581693629949,0.0005298999094418443,0.08940102848380212,3.5033299569342547e-06,0.00045062261623474853,0.007004703548798711,1.9959637949278797e-07,2.0034925753127502e-07,2.3182949034106583e-05,0.000374193333588367,2.392956404262237e-09,1.6334507487438635e-05,0.002903267603115486,6.859523007982078e-09,5.0827623534191497e-05,3.692769399070168e-06,7.532901149546052e-07,0.001733536002673632,5.207460370606457e-06
70,0.0039053269847036075,0.0002139258878976893,0.07263837244882612,8.561013743779284e-05,7.21484814534044e-05,6.959905450591605e-06,0.8438161947452881,0.0006331526507499832,0.06998174994526746,2.361303137726507e-06,0.0002317409137753787,0.006270898805285079,2.1989881370770297e-07,1.6711100915080273e-07,2.108979227716072e-05,0.00043324773364970457,1.873921998685489e-09,1.6325623067233302e-05,0.0009401706785777031,7.186095998084657e-09,2.4477688669553166e-05,2.0365564252845454e-06,3.24286239861772e-07,0.0006976126642946796,5.876697684860814e-06
71,0.005359141409339897,0.0003233888652713394,0.09425261611519355,0.00011054859257817224,3.8957016840957556e-05,1.532547682037757e-05,0.7525448484664897,0.0007401850925277288,0.13100795390120676,1.882140214598473e-06,0.0007237530176233981,0.00918925900625934,1.152290000287981e-07,1.7289768198318735e-07,2.2598436788724296e-05,0.00026495108182477876,1.6283217723104073e-09,3.467181436402521e-05,0.0036161564725169424,1.3922128741225396e-09,5.902573603446252e-05,5.4849353095711305e-06,3.586631184828683e-07,0.0016845383811867317,4.0642312738898016e-06
