,0,1,2,3,4,5,6,7,8,9,10,11,12,13,14,15,16,17,18,19,20,21,22,23,24
0,5.617794581795762e-06,3.683094438593436e-05,1.970452531847572e-07,6.7045229141887425e-06,8.422704946569595e-05,4.203868233778327e-05,0.8033340570140552,1.741833542114709e-05,0.0216053272652185,4.001206624443953e-08,0.00017427718251232223,0.16167838082805097,1.1058563738087737e-05,3.064983476322913e-05,0.0014614483634590766,0.0006511008108640087,2.9169657287245227e-06,7.288840604659272e-07,0.00015508348797255655,1.0312223400978821e-07,1.1538730501166988e-06,8.920177880985907e-05,1.102419102778647e-06,1.950451041823763e-05,0.010590830709535889
1,4.288334129674257e-06,2.9639672264322788e-05,2.2796493618170826e-07,6.54962470691518e-06,7.479894706952599e-05,4.363413826119388e-05,0.8436103164556888,1.5126571695982474e-05,0.023732462640193738,5.120107330910962e-08,0.00011198553370396091,0.12025664990745723,1.078451411142496e-05,2.5880657925086983e-05,0.0012369120584478028,0.0008935793385985066,2.4965901318152585e-06,7.966580023515504e-07,0.00018062977784964596,1.223709433980158e-07,1.2358685708545893e-06,6.199873901186739e-05,1.2200928517889421e-06,2.3955272800165782e-05,0.009674657069574353
2,5.409456287237819e-06,4.304105054552486e-05,2.4614686219485137e-07,7.224494987819236e-06,0.0001175860050527454,4.186479414369063e-05,0.7729328521773235,1.9817072556615518e-05,0.026300174213904515,5.055078870063846e-08,0.0001927032869277081,0.18268155494877186,1.0652231746071047e-05,4.73321038623927e-05,0.001866885916877958,0.000712309898779502,3.2746460694697553e-06,7.298412981940999e-07,0.00013626788425137547,1.423721044392491e-07,1.2605422783129703e-06,9.447243319606923e-05,1.2566285713187867e-06,2.2566363740659406e-05,0.014760324939072044
3,5.743584421673653e-06,3.62904238725088e-05,1.9368973675464162e-07,6.929815393829858e-06,8.482551416072053e-05,3.783280004953784e-05,0.8033534324987343,1.7160335552367927e-05,0.018217823237064917,3.479678340454278e-08,0.00017012574490796048,0.16620861667884765,1.0865056181829034e-05,2.7295592529241495e-05,0.001328534749889731,0.0006484973958245288,3.1837175369818185e-06,7.127661055265575e-07,0.00014607744245250065,9.464949075878121e-08,1.140367625854335e-06,8.185141218573105e-05,1.0668589344335782e-06,1.8714447870428157e-05,0.009592956423846808
4,5.769419889549636e-06,3.71827502185112e-05,2.00681769107182e-07,6.933860873847527e-06,8.644927431691947e-05,3.236244149904803e-05,0.8118274628106515,1.6506448953235185e-05,0.018391323402834614,3.400954149447057e-08,0.00016645381794871725,0.15877010328429556,1.2546504688203441e-05,3.0331575810342012e-05,0.0011292394172733046,0.0005618310749141788,2.949747106711665e-06,7.692305209057843e-07,0.0001428334330302761,1.0050722577721426e-07,1.2662602610766766e-06,8.263548257783151e-05,1.0231100293402562e-06,1.9525425225959015e-05,0.008674166028543864
5,6.141930095891182e-06,3.636962048870272e-05,2.3302030846663438e-07,9.435780399709153e-06,0.00010357457942184017,4.147535245381765e-05,0.8214535911874191,1.8292188619302815e-05,0.019886840526837216,4.383807066756203e-08,0.0001721701432255887,0.14803315943005027,1.2502989983433706e-05,3.21476598089997e-05,0.0011287046972508021,0.0006542835147085808,3.3525263697641566e-06,1.1453972657802402e-06,0.00016260510450125074,1.235972967783433e-07,1.4463102610326716e-06,7.150776927788001e-05,1.493047187998006e-06,2.350366919848013e-05,0.008145856119498522
6,5.743584421673653e-06,3.62904238725088e-05,1.9368973675464162e-07,6.929815393829858e-06,8.482551416072053e-05,3.783280004953784e-05,0.8033534324987343,1.7160335552367927e-05,0.018217823237064917,3.479678340454278e-08,0.00017012574490796048,0.16620861667884765,1.0865056181829034e-05,2.7295592529241495e-05,0.001328534749889731,0.0006484973958245288,3.1837175369818185e-06,7.127661055265575e-07,0.00014607744245250065,9.464949075878121e-08,1.140367625854335e-06,8.185141218573105e-05,1.0668589344335782e-06,1.8714447870428157e-05,0.009592956423846808
7,4.765928070091491e-06,4.2092869184680443e-05,2.227124597415359e-07,7.641483056037673e-06,0.00010450519220655039,4.411458186153675e-05,0.7688358413658645,1.789142457002091e-05,0.02331498021084264,4.6762814704458654e-08,0.00015540802967950064,0.19079187112930313,8.492585088522806e-06,3.917159835924415e-05,0.0015121354134814758,0.0008383529752750786,3.880560960651776e-06,7.365498210219924e-07,0.00013793089002190698,1.1335250946878168e-07,1.242016594397773e-06,7.488490720145928e-05,1.51672988403532e-06,2.4179467699644858e-05,0.014037981263189883
8,1.1282294523377046e-05,7.71030743552847e-05,6.525543405676173e-07,1.4266670543230447e-05,0.0001767567605426193,5.787140009799838e-05,0.620794607681137,2.0070998990427195e-05,0.03808834487998877,9.919073609112391e-08,0.0002114421744127908,0.30660560537997944,1.5741456414052478e-05,7.087595748973633e-05,0.0023265410864679297,0.001359943165041836,6.755833405710917e-06,8.699085542956011e-07,0.00011570643054511157,2.2637485609261466e-07,1.3146148655615535e-06,0.00010336743044290426,2.6939800775441014e-06,7.294820790151387e-05,0.029864912494290068
9,7.055354921828204e-06,0.00010223442734099181,7.543590389431999e-07,1.4883744762379888e-05,0.00015256052658533476,5.881626670276165e-05,0.6602319976633337,2.6953715469829562e-05,0.04666859195106807,1.9528239037440108e-07,0.000167458675043273,0.2550242141977756,1.7308046833232795e-05,0.00010975470575862502,0.002258404306431826,0.0020231871227721653,6.516944035567488e-06,1.1766602234539126e-06,0.00017278286542046225,3.556531488089391e-07,1.8369472582481587e-06,0.00010637280715754888,2.815580493117117e-06,7.644707533003554e-05,0.03276732512070389
10,5.743584421673653e-06,3.62904238725088e-05,1.9368973675464162e-07,6.929815393829858e-06,8.482551416072053e-05,3.783280004953784e-05,0.8033534324987343,1.7160335552367927e-05,0.018217823237064917,3.479678340454278e-08,0.00017012574490796048,0.16620861667884765,1.0865056181829034e-05,2.7295592529241495e-05,0.001328534749889731,0.0006484973958245288,3.1837175369818185e-06,7.127661055265575e-07,0.00014607744245250065,9.464949075878121e-08,1.140367625854335e-06,8.185141218573105e-05,1.0668589344335782e-06,1.8714447870428157e-05,0.009592956423846808
11,5.9079701460901225e-06,3.435823621797733e-05,1.899714747153684e-07,6.906279195175827e-06,8.370218178686522e-05,3.442878160761428e-05,0.8085665762587498,1.592424333698819e-05,0.01734508325683959,3.1546644626335115e-08,0.00016549429134275756,0.16293804807279266,1.2060213732066718e-05,2.5150206974037757e-05,0.0012170210239572743,0.0006155763715084521,3.010278082229145e-06,7.156118411666317e-07,0.00014366429445021378,9.64008671515451e-08,1.131293823912251e-06,8.039579060704463e-05,1.0102183414200316e-06,1.9786898450444454e-05,0.00868373030722973
12,6.405607962440579e-06,3.751667909330615e-05,5.530473519296184e-07,3.7754602665437864e-06,0.0006707449947648933,4.847255405321618e-05,0.6737248943651822,1.12650420058048e-05,0.039362632976706564,4.5668576209186235e-08,0.00036322408653288865,0.24936691913053124,7.060718663747481e-06,0.00011056636488673277,0.0011276194058020064,0.0004431869748830307,6.401007097743305e-06,7.234786036961216e-07,4.206934923981786e-05,2.6429080841137146e-07,2.64721589671128e-06,6.682101251564083e-05,2.705952382250791e-06,6.164311324827502e-05,0.03453184150294467
13,6.990731325280022e-06,3.8976331132628974e-05,1.6051052841658897e-07,4.278455207993041e-06,0.00010711638458419363,2.1171260416989243e-05,0.6840730247709258,2.047392327373345e-05,0.013517987665665768,1.695928916951791e-08,0.00037363327434731457,0.2866757781464244,1.0254486682676338e-05,3.881884391382755e-05,0.0015246439759912839,0.0003608618106383169,3.3686847762336408e-06,4.7465626296644695e-07,9.61737696863035e-05,7.174562047253574e-08,1.1620500289691857e-06,0.00012782171047167145,5.77799750717801e-07,1.2370852748995322e-05,0.012983791200305786
14,5.806418116530119e-06,4.1568462099775e-05,1.9335822002473017e-07,7.582638737372648e-06,9.819991862858166e-05,3.468103149666952e-05,0.81410738173631,1.680980080513972e-05,0.017194911878790308,3.5457665071595686e-08,0.0001885053270952324,0.15753891756276536,1.206638511749404e-05,2.8701739095567546e-05,0.0012174879220502035,0.0005871973360588372,3.416763805539511e-06,8.11501920977988e-07,0.0001662536629402252,9.577123718853789e-08,1.3736848353295329e-06,8.231632989025063e-05,1.0859502547541147e-06,1.9374361135037227e-05,0.008645225000928486
15,5.743584421673653e-06,3.62904238725088e-05,1.9368973675464162e-07,6.929815393829858e-06,8.482551416072053e-05,3.783280004953784e-05,0.8033534324987343,1.7160335552367927e-05,0.018217823237064917,3.479678340454278e-08,0.00017012574490796048,0.16620861667884765,1.0865056181829034e-05,2.7295592529241495e-05,0.001328534749889731,0.0006484973958245288,3.1837175369818185e-06,7.127661055265575e-07,0.00014607744245250065,9.464949075878121e-08,1.140367625854335e-06,8.185141218573105e-05,1.0668589344335782e-06,1.8714447870428157e-05,0.009592956423846808
16,5.652847846398e-06,3.5697242675503506e-05,2.0365251253410637e-07,7.01013817466552e-06,8.769198695686851e-05,3.958089813854259e-05,0.8103642719884018,1.6713361490902944e-05,0.018985089481989504,3.649276523283477e-08,0.00016388542562237305,0.15853283559819775,1.0927049257496123e-05,2.6753031832318614e-05,0.0012798394331185734,0.000667965814701722,3.164116183013367e-06,7.252104022197321e-07,0.00014482391433728517,1.0008547380716686e-07,1.1609568974717482e-06,7.717045727283224e-05,1.1331318091562872e-06,2.0255248937370563e-05,0.009527312435004624
17,5.497731570569176e-06,2.2430430155898962e-05,1.5904553498255714e-07,4.034640779752499e-06,0.0001011561325803591,1.6157207994394634e-05,0.8213264906242281,9.553730505776622e-06,0.013151623943142052,1.2016255316642922e-08,0.00016636108804021373,0.15862481916835264,1.034865372264189e-05,2.6117215071699366e-05,0.00044112204802657177,0.0002359025826124511,2.3279053063873877e-06,6.599808304863716e-07,6.799161329820792e-05,6.335819989462998e-08,1.3494966044825808e-06,5.114483501044881e-05,8.013790064995291e-07,1.781402746613866e-05,0.0057160611457040865
18,4.5961983601333206e-06,3.5168276057381415e-05,2.3106290507229281e-07,3.5215688230552e-06,6.711037968656551e-05,2.75092293396629e-05,0.7354989811014825,1.3996027619222999e-05,0.01623459348978062,3.1048746708347396e-08,0.00014696333433901698,0.22728537360101111,8.1067141318812e-06,3.860485937440599e-05,0.0011940116403778153,0.000830132522766154,3.907301436135785e-06,5.313224519189497e-07,0.00010764016496074486,9.274745856338103e-08,1.3685694612932104e-06,7.345090604497659e-05,1.0437623208125364e-06,2.1671065939485398e-05,0.018401363105124698
19,1.6110653663484753e-05,1.9262382714524483e-05,3.6483932416679636e-07,1.2392506057148225e-06,4.7770506801894544e-05,1.1318077746898487e-05,0.8213910921541047,2.2635534926556476e-05,0.004894513350139252,9.001005849951888e-09,0.0006705131992402892,0.16130839221169616,1.2873541953646703e-05,2.9142836889232373e-05,0.0005306217533990197,0.000471699405891033,6.191500366967091e-06,1.4650240801034001e-06,0.00012420585888634684,6.829359664393018e-08,6.0560138652618805e-06,6.043040455867486e-05,9.816045646726582e-07,1.5179459787373602e-05,0.010357863140191525
20,6.222216647812955e-06,4.867893326257474e-05,1.5831741283478418e-07,8.371318541327352e-06,8.220268784700769e-05,4.1149836997062535e-05,0.812474540148603,2.282488554256751e-05,0.02157344156285379,4.1874947233017555e-08,0.00020924102378723088,0.1541533690044053,1.4743403004636203e-05,3.405701531502808e-05,0.001846984370713803,0.0005031720309292003,2.7512161902068176e-06,6.926500403788174e-07,0.00018720515313527626,1.032787839728761e-07,1.098926880191884e-06,0.0001551041624929885,8.283916577769e-07,1.4020121131341924e-05,0.008618997468877546
21,7.339212926255409e-06,3.328951041527441e-05,3.294323253653725e-07,5.727070748635937e-06,7.562856751017205e-05,1.7813619084755757e-05,0.7353252564033473,1.652924488832483e-05,0.012273505226789314,2.617817652974548e-08,0.00014919595941360962,0.24080764846279057,1.3264654429940256e-05,3.4688141856857875e-05,0.0006183937810848441,0.0008075125091738943,4.235802915113871e-06,1.008657900580291e-06,9.058220559745354e-05,1.0828957992722927e-07,1.539648034569578e-06,5.334258173058276e-05,1.0731058758306043e-06,2.7197449497718073e-05,0.009634764283906557
22,8.808434029618684e-06,4.950760681303789e-05,3.266349351804778e-07,8.987719145390297e-06,9.342721040020843e-05,4.76644319921738e-05,0.8160241876916107,3.010529816243271e-05,0.013273923290392745,5.844628045742799e-08,0.0002461857091458604,0.15911863110719232,1.433917029840652e-05,3.674372214534689e-05,0.0012052935812137454,0.0008628089811756551,7.0382427209889175e-06,1.493573457079321e-06,0.00020423271587784254,1.356008814033161e-07,2.2616693833431516e-06,0.00010175764179462916,1.691165574308116e-06,1.778155187712454e-05,0.008642608803499994
23,5.743584421673653e-06,3.62904238725088e-05,1.9368973675464162e-07,6.929815393829858e-06,8.482551416072053e-05,3.783280004953784e-05,0.8033534324987343,1.7160335552367927e-05,0.018217823237064917,3.479678340454278e-08,0.00017012574490796048,0.16620861667884765,1.0865056181829034e-05,2.7295592529241495e-05,0.001328534749889731,0.0006484973958245288,3.1837175369818185e-06,7.127661055265575e-07,0.00014607744245250065,9.464949075878121e-08,1.140367625854335e-06,8.185141218573105e-05,1.0668589344335782e-06,1.8714447870428157e-05,0.009592956423846808
24,5.32433808388072e-06,6.40856618683419e-05,1.8479408138034152e-07,1.359287959132158e-05,9.314858627269299e-05,3.801648024248651e-05,0.8115647662670877,2.2599387369892864e-05,0.018292623427339193,5.454063662808389e-08,0.00016165168451114686,0.15907878807465395,1.3248917563496792e-05,3.565277446746038e-05,0.0014524064695683378,0.0007138460502032185,4.027516823161096e-06,1.0087541430524425e-06,0.00023821240913613964,1.0108510103040945e-07,1.3761054928846076e-06,9.941664469473764e-05,1.2727298726042897e-06,1.826385043501273e-05,0.00808633057076032
25,6.559779309150245e-06,7.688558449030046e-05,2.7118364229581493e-07,1.122034922932655e-05,8.877517984675334e-05,7.733265358452766e-05,0.7570543373341513,1.2156397690302578e-05,0.04072331248832572,1.0056730416244988e-07,0.0001337433189774131,0.1735703207423299,1.436346710657539e-05,3.484764558857277e-05,0.0038011026010694175,0.001362601177809428,4.2584445908773245e-06,5.321406406773542e-07,0.00028332121783939925,1.303386748933457e-07,1.0077203613179852e-06,0.00013184210367225713,1.7524038563194508e-06,4.255743441837802e-05,0.022566667725490822
26,9.077100886547554e-06,3.566745388535176e-05,4.923172961762991e-07,1.1155378436952032e-05,0.00017901890238350201,5.6020794517571325e-05,0.795820589562272,1.2112764065072925e-05,0.04094419748463169,6.261877063104696e-08,0.00015403851355450145,0.14924921948829564,1.4609063908438764e-05,4.347346323551234e-05,0.0008830268994890247,0.0007466660251822182,3.6072068741401675e-06,1.5385577444349891e-06,0.00011145926465353358,2.048413602020163e-07,1.680655972846237e-06,4.8793833721559725e-05,3.318957994624e-06,7.420161576572394e-05,0.011595767235102309
27,6.148148322210643e-06,3.9802827531886525e-05,1.6784717238807415e-07,8.711993244751935e-06,8.966325494765846e-05,6.215246469378052e-05,0.7896731590931199,1.928495410663606e-05,0.03300555202894166,4.829231256004112e-08,0.00017055266669567352,0.16279751734429368,1.1968868090915816e-05,2.843843972925239e-05,0.002141389982147022,0.0006387739963009322,2.241370656816114e-06,6.237230255835834e-07,0.0001710656904301225,1.0719939111142414e-07,7.821475088725553e-07,0.00013365422982592574,1.010295463717771e-06,1.9757746030002972e-05,0.010977425396017006
28,5.743584421673653e-06,3.62904238725088e-05,1.9368973675464162e-07,6.929815393829858e-06,8.482551416072053e-05,3.783280004953784e-05,0.8033534324987343,1.7160335552367927e-05,0.018217823237064917,3.479678340454278e-08,0.00017012574490796048,0.16620861667884765,1.0865056181829034e-05,2.7295592529241495e-05,0.001328534749889731,0.0006484973958245288,3.1837175369818185e-06,7.127661055265575e-07,0.00014607744245250065,9.464949075878121e-08,1.140367625854335e-06,8.185141218573105e-05,1.0668589344335782e-06,1.8714447870428157e-05,0.009592956423846808
29,5.743584421673653e-06,3.62904238725088e-05,1.9368973675464162e-07,6.929815393829858e-06,8.482551416072053e-05,3.783280004953784e-05,0.8033534324987343,1.7160335552367927e-05,0.018217823237064917,3.479678340454278e-08,0.00017012574490796048,0.16620861667884765,1.0865056181829034e-05,2.7295592529241495e-05,0.001328534749889731,0.0006484973958245288,3.1837175369818185e-06,7.127661055265575e-07,0.00014607744245250065,9.464949075878121e-08,1.140367625854335e-06,8.185141218573105e-05,1.0668589344335782e-06,1.8714447870428157e-05,0.009592956423846808
30,5.743584421673653e-06,3.62904238725088e-05,1.9368973675464162e-07,6.929815393829858e-06,8.482551416072053e-05,3.783280004953784e-05,0.8033534324987343,1.7160335552367927e-05,0.018217823237064917,3.479678340454278e-08,0.00017012574490796048,0.16620861667884765,1.0865056181829034e-05,2.7295592529241495e-05,0.001328534749889731,0.0006484973958245288,3.1837175369818185e-06,7.127661055265575e-07,0.00014607744245250065,9.464949075878121e-08,1.140367625854335e-06,8.185141218573105e-05,1.0668589344335782e-06,1.8714447870428157e-05,0.009592956423846808
31,8.196164545534412e-06,4.5105971355969125e-05,3.1614876976528846e-07,7.13856767717506e-06,6.469068617671669e-05,3.228247187300721e-05,0.7961707801986728,3.09501723173607e-05,0.013218753066862585,4.4202682550630344e-08,0.00017366362601869408,0.1792368342587958,1.2857738073913094e-05,3.186459715860183e-05,0.0009277494447253172,0.0009321228514114018,4.719718432707817e-06,1.0961627347493539e-06,0.00014191991482243122,1.0520953903110498e-07,1.575781242959358e-06,8.330633075108832e-05,1.1299765949127053e-06,1.678845121723681e-05,0.00885600828754756
32,5.431203971870052e-06,3.606888997273643e-05,1.8328154752635025e-07,7.230390211562364e-06,8.059888353966219e-05,3.840176817894074e-05,0.8180053768489418,1.678138691874206e-05,0.017493740099009537,3.609776653882664e-08,0.0001632507505004896,0.15259139032381352,1.1242632404169327e-05,2.5022092588802587e-05,0.0014275271904451365,0.0006845482579157349,3.189222522571873e-06,7.177830174957368e-07,0.00017569211101118605,9.445869560416944e-08,1.1996642838298927e-06,8.265781637670333e-05,1.0723312517414425e-06,1.8653066122618956e-05,0.009129893448991335
33,4.89750953625153e-06,4.468464086583387e-05,3.2629989951674575e-07,7.72624392705315e-06,0.0001384415475277089,9.081317235269147e-05,0.7815345763789852,1.7436867622371246e-05,0.05709464749365481,1.0937496619612625e-07,0.00016759307482501647,0.1332942665666754,8.971976135442175e-06,5.85425965361745e-05,0.0030802818997822984,0.0009036745559487335,2.7310233818073768e-06,7.534175240219124e-07,0.00017668440055355474,1.9584301522890098e-07,1.2745038474152383e-06,9.076912262535823e-05,2.1402542390186375e-06,3.248106989944394e-05,0.023245980165673627
34,1.0384602929837212e-05,2.2201068578147318e-05,1.6755424685987911e-07,6.3777000419246334e-06,8.89005966525547e-05,3.080953495640772e-05,0.8553868282980291,1.3535210601502561e-05,0.01642705793531437,1.8282928929907457e-08,0.00022781673791975602,0.12056192684428846,1.4847623883189512e-05,1.523046647508765e-05,0.0012109460121756896,0.000353690159611442,1.972239420315637e-06,8.092484517013159e-07,0.00016470945329049701,6.501503934771706e-08,1.17088575384218e-06,8.088783547919103e-05,7.896952932353419e-07,1.6875364307143572e-05,0.0053619816343313505
35,9.564404800184565e-06,2.554510970954218e-05,1.500618983870728e-07,5.975701408039764e-06,3.321621798796266e-05,3.986132081334738e-05,0.800489089384704,2.5749202077755466e-05,0.013933769502926277,2.7657698595017466e-08,0.00012834659870237532,0.1786468253236102,1.3438829579909024e-05,1.2252509969777452e-05,0.0007080453255313927,0.0009011588293866768,2.455301389726891e-06,1.099881911898474e-06,0.000168537810665631,5.9121507699101816e-08,7.500441163871482e-07,0.00010819713438091726,6.269878331956744e-07,1.2867723258545955e-05,0.004732390014131608
36,5.791248480864717e-06,5.32197568789365e-05,1.715549256244077e-07,9.12626420633651e-06,3.467814571965256e-05,4.4724528416994705e-05,0.7469451118504841,4.112056119440634e-05,0.018608816715402106,6.883801500245692e-08,0.00010750790815739015,0.22180720193745274,1.1686551864962077e-05,3.2747131190287105e-05,0.0015928458566544614,0.0014080873578415885,4.0158626574546495e-06,8.711588913022015e-07,0.00019595911002705086,9.447901482790451e-08,6.870282985722e-07,0.00016802664584213188,7.474118073235559e-07,9.616028717927114e-06,0.008917076067858012
37,3.3237414457338324e-06,0.00012897713853491386,9.392732665493798e-08,1.7945856732083275e-05,7.256920463519516e-05,0.00020623872904905287,0.7321145848630859,8.698910194633705e-05,0.026299019354458143,1.6897677928133012e-07,0.00029858106044799906,0.19999440817696632,6.047786790268446e-06,3.6546040529898785e-05,0.014783003199017777,0.00196630828222504,6.647219934474927e-06,4.395605557103714e-07,0.000667496585588145,1.0114962704778433e-07,7.726963354155015e-07,0.00040118977571321505,1.2438209706136261e-06,6.036433517734906e-06,0.022901267317786928
38,8.081125616625897e-06,0.0001359168805294663,3.7958030724426627e-07,9.635759881357078e-06,0.0004035139159193197,1.8974317413183677e-05,0.43457209703400596,2.3661000580515246e-05,0.04582749889082269,4.861557466171616e-08,0.0005223119776058222,0.48309419055997704,1.0476134412269481e-05,0.0002331458027120124,0.0014681600856278948,0.00026261487779502833,4.302061756889693e-06,5.858501493556638e-07,5.575033487386675e-05,1.1930945348595824e-07,1.3844276260562782e-06,0.00014754853291314417,1.097403107490768e-06,3.610354524097139e-05,0.033162401976097586
39,4.562673172759333e-06,1.44107372968757e-05,1.2635565903245092e-07,3.614126152045529e-06,3.147010002978164e-05,3.7195021689544867e-05,0.8401928595598581,2.409301325191756e-05,0.006176746005301554,1.602566786768338e-08,0.00011183431951476942,0.14691598728966998,6.703821035167242e-06,8.6090964412176e-06,0.0006478255226445332,0.000859533756960954,3.1222911071341473e-06,5.816529239845986e-07,0.00010606956938039519,5.448739118591252e-08,8.839082109071639e-07,5.625815686647504e-05,6.883064945216148e-07,7.814754021581682e-06,0.004788939449257567
40,6.76730746744278e-06,3.262509899969472e-05,1.7200065708551423e-07,4.53444865721394e-06,8.61180760514195e-05,3.52622283819367e-05,0.7319899962602918,1.3405719913485435e-05,0.016768521737061552,2.04708939811768e-08,0.00021077129050656507,0.23610772048716397,9.752354110074575e-06,2.4426723179775574e-05,0.0016428907316954793,0.0004594692138297151,2.9284549025968682e-06,3.641230220706701e-07,8.634538443916066e-05,7.183174122127802e-08,7.509429616379477e-07,0.00010582269263059526,6.78520126651387e-07,1.4374369936491349e-05,0.012396209531378276
41,7.580159065613278e-06,4.233423975899726e-05,1.817865352650391e-07,1.921348370772284e-05,0.00021024272843408976,0.0001063529153847682,0.7526351718470443,2.016877324704675e-05,0.044142364801000596,5.8499660305989857e-08,0.00022413595896464967,0.18432347246403372,9.434527081099049e-06,2.5139822570358877e-05,0.00478837919151834,0.0006472889227753459,2.461637044907391e-06,5.608947963118954e-07,0.0001733229656550593,1.0952806420532578e-07,5.40386915542523e-07,0.00011583645005211768,1.4167706898676716e-06,2.189676704848203e-05,0.012482334478951232
42,5.324040798007627e-06,3.875036923842966e-05,1.0934841538082189e-07,7.213492009185465e-06,5.1900080643835754e-05,5.369619121347175e-05,0.8106453711747708,2.4503071004907126e-05,0.014730072503709713,3.600852630423161e-08,0.00015400770127679803,0.16306773888534082,1.2201343467600085e-05,1.3104190953441726e-05,0.002079206226986523,0.000993386719908667,3.341607999884918e-06,4.592578946398028e-07,0.0002491446674540639,7.594075045753809e-08,7.053936343062518e-07,0.0001754718794491645,5.81514409582234e-07,1.1323649171895708e-05,0.007682274740972022
43,4.39888493128338e-06,3.847150403645265e-05,2.1704910621572607e-07,9.684039989061132e-06,8.965598983907082e-05,0.00010522682083600064,0.8529808449381591,2.6739799193341415e-05,0.029964415071797524,1.0663950637236467e-07,0.0001455414242684938,0.10144336295345435,1.0932859610447354e-05,2.8936252163002063e-05,0.0026931438365506845,0.0011398775365407685,3.059850737255865e-06,8.675777151683052e-07,0.00029169756257305666,1.721464422862143e-07,1.354798026622281e-06,0.00011527590966678035,1.585068638447678e-06,1.9331597027144074e-05,0.010885099889190923
44,5.743584421673653e-06,3.62904238725088e-05,1.9368973675464162e-07,6.929815393829858e-06,8.482551416072053e-05,3.783280004953784e-05,0.8033534324987343,1.7160335552367927e-05,0.018217823237064917,3.479678340454278e-08,0.00017012574490796048,0.16620861667884765,1.0865056181829034e-05,2.7295592529241495e-05,0.001328534749889731,0.0006484973958245288,3.1837175369818185e-06,7.127661055265575e-07,0.00014607744245250065,9.464949075878121e-08,1.140367625854335e-06,8.185141218573105e-05,1.0668589344335782e-06,1.8714447870428157e-05,0.009592956423846808
45,1.1441061599389973e-05,0.0001460852609047258,9.012016297965084e-07,6.03967543482048e-06,0.00012516044406955711,2.438960597247267e-05,0.5842479785705156,2.3612675083562934e-05,0.0215492145278754,9.683224306449044e-08,0.00035773602493335604,0.3567880927713928,1.7285640460031944e-05,0.00020285754386345582,0.0007892010850988311,0.000984153785729378,1.3955288344662852e-05,1.800728129524047e-06,0.0001357211817218988,1.8266544982104602e-07,5.496775989212237e-06,0.00011238242777871617,2.800313621194529e-06,5.787119245710345e-05,0.03439554271970163
46,9.230139049827503e-06,4.818561607092655e-05,1.3671359219092267e-07,8.356152122110784e-06,5.3669829252975075e-05,2.8176240187644008e-05,0.666347494178568,2.022974425824314e-05,0.004143574799357641,1.5480278204971587e-08,0.00019211008099568987,0.31841361411204766,1.0788433766873576e-05,9.71278553102936e-06,0.0014657467495437276,0.001095899457836594,1.1861406850850585e-05,3.9603149855559174e-07,0.00013469236478587832,4.704500543512835e-08,7.312754587230554e-07,0.00011967004299864976,7.543945178398762e-07,1.1421444671733847e-05,0.007873485481753035
47,8.418102533212768e-06,5.7155515282973656e-05,1.544383929833581e-07,4.4552763953322355e-06,3.8803421539832894e-05,2.3390440630032916e-05,0.6837859652090101,1.65158278805353e-05,0.011735893049783255,2.3203352544686048e-08,0.00014307501229551795,0.29213263337223494,1.6087652055015614e-05,1.5938627264495956e-05,0.001084666768054306,0.0009107242312957671,3.72942929788036e-06,3.7735554660148517e-07,0.00011227134557473931,6.249131034513155e-08,5.583794598169902e-07,0.0001562375680976149,3.8998053679265405e-07,1.542267739798749e-05,0.009737050624777295
48,6.2548715941507e-06,6.117094272058627e-05,1.9309219055182362e-07,9.804463348822773e-06,6.986579057314258e-05,3.790505656660372e-05,0.7990288339270376,2.2829277397826356e-05,0.01410698844001367,4.5929086658496166e-08,0.00015858438358805815,0.1751291218505921,1.2634617456971418e-05,2.8273487970856768e-05,0.0014536164039273408,0.0008273046532166422,5.072605128336222e-06,7.703270155661628e-07,0.00019671204957357873,8.846134271838121e-08,1.214313899746262e-06,0.00010963996607640561,1.1014905914181325e-06,1.5259048845963045e-05,0.00871671455024483
49,6.345351450953817e-06,3.0021437318901113e-05,2.1221533989604263e-07,5.980028420057541e-06,8.065832653678199e-05,4.5837685086614366e-05,0.7769913543039877,1.753165949503484e-05,0.01832410173382735,3.077365023434285e-08,0.00017095069078886977,0.1933769169003864,1.0161932672486536e-05,2.4242594514053207e-05,0.0010352541186491023,0.0006052626063322483,2.9245115135097252e-06,6.84818681758685e-07,9.717869977487567e-05,9.656620159488213e-08,9.216129506204268e-07,7.627158257290759e-05,1.0412778101102895e-06,1.8271209009684124e-05,0.009077747363028167
50,4.267278998378948e-06,3.701312404819258e-05,1.813929718192446e-07,6.509895591905525e-06,6.60485773954345e-05,3.5126975833026196e-05,0.8411924684812616,1.837859304551724e-05,0.018053588104329398,4.3326530538801903e-08,0.00012480585197287115,0.13014966679773296,1.1088417376680627e-05,2.8643729360382986e-05,0.0012070535855530748,0.0006284512906973206,2.591803248909707e-06,6.584198466634106e-07,0.00016611502285048902,9.253201074957341e-08,1.1701102070559348e-06,8.340176111804038e-05,8.636906088577225e-07,1.4018653435923992e-05,0.008167752583974067
51,8.726720486994582e-06,0.0002373059328952912,2.4241975455587043e-07,2.791532933805022e-05,0.00010260859225268825,3.763464778457521e-05,0.6564254886964268,4.979644746693835e-05,0.023286722166447758,1.0286161480616983e-07,0.00026257230813194106,0.3031519671136236,2.0430337934123934e-05,7.922659678724369e-05,0.002799113130157699,0.0007695185569511707,5.55762519269619e-06,1.0056878563776295e-06,0.00028132417046674907,1.1067190155465668e-07,1.1107010907513779e-06,0.0002587785536662468,9.58286369164734e-07,1.4530848348408242e-05,0.012177251597053738
52,9.131102931574449e-06,5.846142281242363e-05,2.906941743762227e-07,2.207691029914482e-05,8.071513228836063e-05,0.00013269077273828051,0.8177973218959337,4.2753097416590625e-05,0.03865428104799361,2.2382786271125157e-07,0.0001949764375624657,0.12611910838761597,2.310576586922875e-05,3.8645809274787395e-05,0.0040658328317691545,0.002019957517253875,3.931030755390456e-06,2.4593513474796844e-06,0.0005723544688761272,2.9190214813533e-07,1.2681587317759638e-06,0.0001980600849791101,1.9895676336564096e-06,2.5762293325233848e-05,0.00993431048840718
53,5.006742582603268e-05,0.0012701905318853678,2.2678306211268408e-06,0.00016813304822616815,0.0008821261397056838,0.00017197069402303814,0.5494233411237922,8.940403318996129e-05,0.08475185650850672,2.1341714042163143e-06,0.001093927295181468,0.29482020755229954,0.00012135462156131128,0.00030397857998897937,0.013176815261912252,0.004330977028667741,4.946988697451093e-05,6.335218777392186e-06,0.0026188880808814545,9.249326664417827e-07,9.557495559110496e-06,0.0011035463511832925,7.120755712794772e-06,0.0002298620979916857,0.045315543333461494
54,1.7478243933954976e-05,1.0602759443007395e-06,3.8805430127382466e-08,1.122619466905591e-05,7.401687370293613e-05,3.466057709357811e-05,0.9935289024550281,1.0724412184386453e-05,0.0008629306160035564,1.470785073836985e-09,0.00032570137073285134,0.004789956377950722,1.8005125594885713e-05,4.687697153532832e-07,3.69231844193207e-05,1.8047194773623904e-05,1.1389662839248776e-06,7.657152346093666e-06,0.00021924860419168967,1.5707956730378547e-08,4.565277889156501e-06,1.3981847698528135e-05,1.1471411146276659e-06,2.4362754856797323e-06,1.966707907181406e-05
55,4.714867650041838e-06,2.2819659528435015e-05,1.4232490761953309e-07,5.059336976167367e-06,7.559942794643281e-05,2.7869343922090755e-05,0.8012807781084845,1.1265190200235715e-05,0.01654686809186975,1.8190429060250725e-08,0.00013411837791162896,0.1728445805910377,8.748757892529563e-06,1.8918333098985153e-05,0.0008330067036128085,0.00046170333625452384,2.0272012374428517e-06,5.514827593670991e-07,9.542912918868067e-05,6.672655885092531e-08,8.235295212188246e-07,5.420046420258718e-05,8.145535245533913e-07,1.8225996514052394e-05,0.007551650274770702
56,5.849927965740506e-06,3.553769652944736e-05,1.913063168942842e-07,6.854185344645414e-06,8.269870465935977e-05,3.6147464879132705e-05,0.806092223215424,1.6565085756645398e-05,0.017749655574999208,3.2961059476574355e-08,0.00016789143212013404,0.1645695122952087,1.1418604783078347e-05,2.642313431683983e-05,0.0012556341504462404,0.0006179155017760162,3.088263141863306e-06,7.133266099576644e-07,0.0001439855951648107,9.405619847254778e-08,1.139716182984423e-06,8.175110251634024e-05,1.0386877707462534e-06,1.8922141204477604e-05,0.009074715869624963
57,4.11709975197303e-06,3.786071717855987e-05,1.4284933781673433e-07,5.314202723058409e-06,6.0110468791432314e-05,2.257007168710908e-05,0.826628299632769,1.3004525981384354e-05,0.011995297417354254,2.5899923495632074e-08,0.00012982608610351441,0.15123356763473592,1.2374024823785823e-05,1.8019415372821792e-05,0.0010116342897349547,0.0006971117330676247,2.9694934859075726e-06,5.370665410754812e-07,0.00021526913974263782,6.820377681388098e-08,1.3205344942713897e-06,7.753702779368975e-05,6.617127501495227e-07,1.7452516676790465e-05,0.0078149082354021
58,5.572759547575657e-06,3.320917678576882e-05,2.0487281281347535e-07,6.881040402564869e-06,9.697973794316692e-05,3.545769539745672e-05,0.8088997122052971,1.278913178816866e-05,0.020225977475259733,3.2339459372186615e-08,0.00015852872425241313,0.15871369946159639,1.2171460274589405e-05,2.5713712578990652e-05,0.0012108669600294794,0.0006220785631723511,2.8366130851467544e-06,6.98150980965465e-07,0.0001415106805361761,1.0738165498950629e-07,1.2010437797220987e-06,6.94765867358547e-05,1.1738118749462393e-06,2.7202942864005558e-05,0.009695917471890334
59,5.674519187560271e-06,3.6950386186639095e-05,2.4227431521162535e-07,6.940922136935005e-06,0.00010284302793430262,3.850192778773394e-05,0.8019051249781112,1.4502703321066545e-05,0.02115620734075397,3.951563870466102e-08,0.00016293096546757396,0.1632996077732142,1.1916103718197268e-05,3.0451759262332738e-05,0.001226524902731221,0.000710731194037014,3.3191845465879416e-06,7.558399408039743e-07,0.0001407707627013891,1.2042956276704114e-07,1.3475792969872636e-06,7.204346964632792e-05,1.304313982513788e-06,2.8308516787635703e-05,0.011042839609731285
60,5.743584421673653e-06,3.62904238725088e-05,1.9368973675464162e-07,6.929815393829858e-06,8.482551416072053e-05,3.783280004953784e-05,0.8033534324987343,1.7160335552367927e-05,0.018217823237064917,3.479678340454278e-08,0.00017012574490796048,0.16620861667884765,1.0865056181829034e-05,2.7295592529241495e-05,0.001328534749889731,0.0006484973958245288,3.1837175369818185e-06,7.127661055265575e-07,0.00014607744245250065,9.464949075878121e-08,1.140367625854335e-06,8.185141218573105e-05,1.0668589344335782e-06,1.8714447870428157e-05,0.009592956423846808
61,5.9533336313066276e-06,3.434691465430582e-05,2.5960348115000964e-07,6.870965403850356e-06,0.00010548641983564075,3.902515309317004e-05,0.8065166850367435,1.4287779751222914e-05,0.02272451987831288,4.0000020286234106e-08,0.00016318370663009443,0.15755765467725627,1.2109470935022346e-05,3.1169972124838025e-05,0.0011396747585966855,0.0006770973166981721,3.078969766668706e-06,8.193136962513185e-07,0.00013622420651283518,1.232637947339251e-07,1.3915262875899255e-06,6.772616898000583e-05,1.3620777711318589e-06,3.006682966015759e-05,0.010730842656362044
62,5.743584421673653e-06,3.62904238725088e-05,1.9368973675464162e-07,6.929815393829858e-06,8.482551416072053e-05,3.783280004953784e-05,0.8033534324987343,1.7160335552367927e-05,0.018217823237064917,3.479678340454278e-08,0.00017012574490796048,0.16620861667884765,1.0865056181829034e-05,2.7295592529241495e-05,0.001328534749889731,0.0006484973958245288,3.1837175369818185e-06,7.127661055265575e-07,0.00014607744245250065,9.464949075878121e-08,1.140367625854335e-06,8.185141218573105e-05,1.0668589344335782e-06,1.8714447870428157e-05,0.009592956423846808
63,5.976340302465569e-06,4.666063532268844e-05,2.0279221831379932e-07,7.7865935585453e-06,8.544014319533464e-05,3.827582612535231e-05,0.7875956899655965,1.8534498783784575e-05,0.01867811844615995,4.0693268237279054e-08,0.00017522040208231093,0.18032411611028068,1.1835895342669243e-05,3.003172265354753e-05,0.0014670846214013423,0.0007266192302616448,3.6504084809744145e-06,7.24464371116679e-07,0.00016439235230709956,9.949958378679785e-08,1.171673216375661e-06,9.384056500215701e-05,1.0918169483946508e-06,1.989371589041882e-05,0.010503501587646374
64,5.310085944386529e-06,3.326968475749343e-05,2.1182273094776147e-07,5.881388744972719e-06,8.684419674847912e-05,2.984859093590089e-05,0.829887441013361,1.5313515344055e-05,0.015012942172843909,3.0874560556926256e-08,0.0001644700531058811,0.14419247348827022,1.1305200368138128e-05,2.7613917109145254e-05,0.0010076176888784408,0.0006059129661053347,3.4132194485128755e-06,7.752101855995853e-07,0.00014864750037517658,9.649942882316257e-08,1.6101703985643288e-06,6.752099774159288e-05,1.1051776285594815e-06,1.9707770450556536e-05,0.008670636794533736
65,5.715733038435743e-06,3.459876240395431e-05,1.847281985949921e-07,6.9447644777677445e-06,8.359038649183581e-05,3.852911263704894e-05,0.8084868464253913,1.6999637691374302e-05,0.017321004891186747,3.311336375995438e-08,0.00017039859650584251,0.16242886217657232,1.0580525248243856e-05,2.5252502424574683e-05,0.0013320949465520893,0.0006401196318194504,3.1836401351287684e-06,7.085165440890963e-07,0.00014844780095378491,9.073615152533034e-08,1.1235429098329369e-06,8.015806251968607e-05,1.0647396259392609e-06,1.7933808341139554e-05,0.009145533218815418
66,5.671833534131853e-06,2.6253820973227105e-05,2.272188766160528e-07,5.396817900898504e-06,7.539770566090502e-05,2.5160710495832076e-05,0.8446904124897613,1.664733361521376e-05,0.014237780702193156,2.822182953738162e-08,0.0001425865866560455,0.13304695716897486,1.3884164692022326e-05,2.2631870582701944e-05,0.0007901368027061488,0.000563734860128428,2.3106745669963805e-06,7.61621757541339e-07,0.00010779412575033537,1.070643047685693e-07,1.1310656917717353e-06,6.290794903069898e-05,6.782809967421771e-07,1.546346746902506e-05,0.0061459374418512385
67,8.446720595380133e-06,3.340777006541301e-05,1.1838228855248713e-06,1.0697839392290297e-05,0.0001275442048125508,4.272438399829069e-05,0.8732633877542166,2.403444306850145e-05,0.01066697747489932,8.958081728681274e-08,0.00018697130576131272,0.10274820294775593,1.769113660289249e-05,6.415625796460748e-05,0.0006670233837867422,0.0013858485118105914,1.1877577408949721e-05,3.5222049658953346e-06,0.00016097054909275922,4.073886410665306e-07,7.876471005595161e-06,3.0108533219621808e-05,7.059469014753027e-06,5.430595894683301e-05,0.010475484309271137
68,5.293223100242054e-06,3.3265550259029e-05,2.3542837630673892e-07,6.674457277391122e-06,9.919708439189372e-05,3.976513319690667e-05,0.7854165233617726,1.4615396571626478e-05,0.023718563182852394,3.828345097094398e-08,0.000157820586836276,0.1767695294288175,1.0129221304798325e-05,3.494664783704546e-05,0.0012331514976343444,0.0006068374460653063,2.7934226838565316e-06,7.003587933926775e-07,0.00011080917784839633,1.1245536886047303e-07,1.0936268891850435e-06,6.71077137872497e-05,1.2629123251836947e-06,2.401187021992753e-05,0.011645522532339225
69,2.882346912128073e-06,1.6663181752612255e-05,5.243824874047067e-07,3.6214623185843514e-06,6.404223201362802e-05,3.225220263364734e-05,0.8729376447559951,2.2159307473413625e-05,0.018355267329329898,6.264594054693564e-08,9.190695605081201e-05,0.09755065139484308,8.38916439839093e-06,6.75264368243015e-05,0.000383974277819235,0.0008121563750441433,2.434021292010315e-06,1.966227346701329e-06,9.189815989011552e-05,2.445545095239726e-07,3.721004780860538e-06,2.572647967713117e-05,2.2782458365622697e-06,2.507537629477364e-05,0.009496931478535255
70,4.561260154880454e-06,1.5784416341129283e-05,1.345089219893413e-07,1.0442401902957132e-05,0.000269326170946093,3.352328593871641e-05,0.8387242144924588,9.64397776280105e-06,0.03229850640603996,1.1394187328623693e-08,0.00017193524632108515,0.12224777602160358,6.539058291878555e-06,2.655060987041257e-05,0.0010356573517853118,8.815759237668216e-05,8.176440927663562e-07,3.440897149555349e-07,3.728153089520908e-05,5.867703867719247e-08,5.242716149218608e-07,3.8731342179277574e-05,9.077170187787799e-07,1.2298879756558777e-05,0.004966271652785187
71,2.641235503439727e-05,5.11251495290891e-05,1.244707706875685e-07,1.7474132342311215e-05,3.599006191339644e-05,0.00010153423783470971,0.6573056138853682,3.23309454997534e-05,0.00753729688447814,2.8904461831301266e-08,0.00044541441108146286,0.3173289833161222,1.9087229421860208e-05,6.389677497348021e-06,0.0066917584985791935,0.0011716873431089113,7.987708310965326e-06,5.102875906077497e-07,0.00041249234156285735,3.970516692228419e-08,4.2530955540450415e-07,0.00035301882965786094,7.517064781147707e-07,9.614388824596072e-06,0.008443908219809166
