,0,1,2,3,4,5,6,7,8,9,10,11,12,13,14,15,16,17,18,19,20,21,22,23,24
0,0.0014529984728406432,0.07634420483587699,0.004590122207364082,0.043017671251556866,0.0741161689607671,0.025250178028713027,0.1616311137675087,2.308981129900378e-05,0.0006621430259007806,0.0015299592774888583,0.32989857129354977,0.01038477769929231,0.0405966862824565,0.1952858676608342,0.003992793931059979,0.010465754947336467,0.006155081672892145,0.0034181629199341377,0.0008962617520121774,1.7970594451034652e-06,0.009130753934867926,0.0007204836415369222,6.2849283675126e-05,2.5908938249476227e-05,0.0003465993435417717
1,0.0017671414843872175,0.08455360715931741,0.0041820818090050485,0.05575924425204093,0.104743266027085,0.01628133193107385,0.14919724785794322,2.405008931586204e-05,0.0016588635114759328,0.001500031308661317,0.32632038446603895,0.006550628154647888,0.039345602966691935,0.17820697643979483,0.0030774055248268327,0.010497814138408659,0.007411567909406616,0.0028658893916084388,0.0006038675005404957,1.0576234556383618e-06,0.004431815173512517,0.0005693303388475181,5.674467166835788e-05,2.8969126449588603e-05,0.0003650811437960538
2,0.0016070366396057929,0.07259845503193525,0.0038507253768470034,0.04139827053391057,0.12047632848800112,0.010997433725081078,0.15521813986960828,1.9713444605556194e-05,0.0013703343050891687,0.0013964767477545265,0.29806462499672887,0.005597275073650303,0.023979717233800546,0.23820753872419614,0.004209634437300126,0.005570472698409131,0.004373008684045681,0.0031946854961451424,0.0005436114782310809,1.5048754219816363e-06,0.00566007232539219,0.0008496403347881939,7.592004166862465e-05,3.1037683729695224e-05,0.0007083417540539841
3,0.0013772422304917408,0.07773835860853485,0.0037683202534903857,0.04753255068071385,0.08528144467015251,0.012775325620521139,0.12090498875180938,1.5124035750103574e-05,0.0007612649575210823,0.0009232070780091763,0.36797031817965525,0.00874706683720998,0.03367499587340476,0.21256494505180043,0.002920871187170857,0.005950261021940299,0.0064108840207330615,0.0033689641260887344,0.0004222838048914162,8.110855645214477e-07,0.005883928126951313,0.0005547538553593035,5.31702863695833e-05,2.2516689275907197e-05,0.0003764029665902533
4,0.0010945224517133472,0.07601315452179232,0.003164113143496903,0.04378632054200253,0.07805770525618924,0.011523515675855724,0.10386497506022466,1.2128825289441886e-05,0.0006627247855704539,0.0007538947818023944,0.3817730165470999,0.009953848091318981,0.03989561919821023,0.2259817954150076,0.002186095261937662,0.005158110458553381,0.006432930105760522,0.003304492655821352,0.0003567616291521288,7.242937358445719e-07,0.005137712238155214,0.0004893343237006662,4.911975975350207e-05,1.864325474880873e-05,0.00032874172310733146
5,0.0016896136206337661,0.053353745518479,0.0036032640360289287,0.06391895656610411,0.07436031277785721,0.010407525122545964,0.11863406131363821,1.507681911698904e-05,0.0007209370404818377,0.0011038887345893597,0.3435051093876527,0.009663347546373277,0.032468349968765985,0.2566211596470803,0.002008620253000193,0.006543673965218802,0.007602344461202406,0.006643663426538444,0.0002926510964708051,1.080291941359346e-06,0.005792485948709078,0.0004977645044391049,5.9008893974983404e-05,3.0035381605633818e-05,0.0004633236775514834
6,0.0013772422304917408,0.07773835860853485,0.0037683202534903857,0.04753255068071385,0.08528144467015251,0.012775325620521139,0.12090498875180938,1.5124035750103574e-05,0.0007612649575210823,0.0009232070780091763,0.36797031817965525,0.00874706683720998,0.03367499587340476,0.21256494505180043,0.002920871187170857,0.005950261021940299,0.0064108840207330615,0.0033689641260887344,0.0004222838048914162,8.110855645214477e-07,0.005883928126951313,0.0005547538553593035,5.31702863695833e-05,2.2516689275907197e-05,0.0003764029665902533
7,0.0009917875440140704,0.04807772327881087,0.0014977829018987345,0.046771826203149784,0.08861816282912255,0.013037200367488396,0.13575973417147996,9.73709953570354e-06,0.0011909544900858165,0.0013857281790678388,0.23441482431816504,0.0071681114495362065,0.011403248895793581,0.3786535456580566,0.0035007215802484006,0.007979754344223888,0.006092214937137562,0.004523516665660376,0.00024293300773120202,1.2248192328666034e-06,0.006721580050242594,0.0006645584270114953,0.0001255720040541358,2.6742645777444925e-05,0.001140814132474956
8,0.001275424138900929,0.04472866552862697,0.003579044770262976,0.057030093903323704,0.08989571805858457,0.007546313272508936,0.106273147699008,8.062981478683372e-06,0.001406629306589174,0.0015799411043356418,0.3358009915487358,0.002400445833324863,0.00979120676914833,0.31729177403882064,0.005397186682019238,0.0033900226259627026,0.003548500080419653,0.002813145917620525,0.00016157841163155643,8.97256501153236e-07,0.004330082716870436,0.0006618128015886034,7.015301270777876e-05,9.596140157086426e-05,0.0009232001394582397
9,0.0014454888032304808,0.04118646397164121,0.006330161570936232,0.08222183954904007,0.07786365788479914,0.011458278844876647,0.07533653573106751,1.5832169355379225e-05,0.0009691969231434257,0.0015693949097681148,0.3985732038417907,0.003914611565507085,0.023377429462048755,0.2505746149042516,0.0034881811586153994,0.005618065048043821,0.006226699980232817,0.003025627109520887,0.0002779305075423448,1.175963183517353e-06,0.005474499525850053,0.0005970155544673839,6.218885664984626e-05,7.178006942599297e-05,0.00032012609501167003
10,0.0013772422304917408,0.07773835860853485,0.0037683202534903857,0.04753255068071385,0.08528144467015251,0.012775325620521139,0.12090498875180938,1.5124035750103574e-05,0.0007612649575210823,0.0009232070780091763,0.36797031817965525,0.00874706683720998,0.03367499587340476,0.21256494505180043,0.002920871187170857,0.005950261021940299,0.0064108840207330615,0.0033689641260887344,0.0004222838048914162,8.110855645214477e-07,0.005883928126951313,0.0005547538553593035,5.31702863695833e-05,2.2516689275907197e-05,0.0003764029665902533
11,0.0013135596191814099,0.07943256010877374,0.0037360468253120633,0.04789172510387363,0.08186938119109116,0.01293940765379717,0.12131969848631019,1.6117654242817604e-05,0.0007310261979527191,0.0008568221409137844,0.3677144289710354,0.009680571228301628,0.04024117710981834,0.20628458052852947,0.00263696355729986,0.006148589845913477,0.006855668640227618,0.003380270010723309,0.00043791096984173135,8.066464857226757e-07,0.005567731280520121,0.0005345395766842814,5.111586461440254e-05,2.0393473010313653e-05,0.00033890731554575153
12,0.0006834918641575063,0.08475286131963378,0.0016836790834248974,0.025638555310162205,0.1767340000275401,0.008759711368444575,0.06522998374941036,2.5183506780027528e-06,0.0004410403201865977,0.0003859868537503033,0.2225563094868609,0.010570250916638924,0.015521427443261107,0.3709170026395442,0.0011218112287821507,0.002580097834296137,0.0023503609988422716,0.004955029235534382,0.00014142766966291655,6.185275468007673e-07,0.003943367712549149,0.00016187802135088534,5.23939233760478e-05,9.24890176897802e-06,0.0008069472125969062
13,0.00129679218677198,0.07498734870935089,0.003608296910379327,0.0463941823720132,0.08292216409175897,0.012006285552774035,0.11212039072679653,1.3899577362437934e-05,0.0007059174476570921,0.0008412074104302451,0.38954366760527803,0.008587156581912371,0.03355269346761536,0.2085930583520022,0.0028691731951173997,0.0055814077794173545,0.006151669081168604,0.003164992688358733,0.000399554850473181,7.423157531650916e-07,0.005717186808261637,0.0005215223401602535,5.207852116396487e-05,2.2002376463984214e-05,0.0003466090515589447
14,0.0006035121420996623,0.21984727177867044,0.0015742280266812555,0.00760401460468423,0.08039864122827768,0.018768166234057186,0.04850567825271264,3.3207885809629605e-06,0.00010434492863007335,0.00017717961997935254,0.4068761743466984,0.027075753754171834,0.06439260546168142,0.10945057158670683,0.0009797812924557047,0.0036470877401595077,0.00216976233656573,0.0012056604135696845,0.000998212571790949,2.1605820577963585e-07,0.005381938743741532,0.00014002985703316767,1.576589192993172e-05,1.946769565593484e-06,7.813557135061318e-05
15,0.0013772422304917408,0.07773835860853485,0.0037683202534903857,0.04753255068071385,0.08528144467015251,0.012775325620521139,0.12090498875180938,1.5124035750103574e-05,0.0007612649575210823,0.0009232070780091763,0.36797031817965525,0.00874706683720998,0.03367499587340476,0.21256494505180043,0.002920871187170857,0.005950261021940299,0.0064108840207330615,0.0033689641260887344,0.0004222838048914162,8.110855645214477e-07,0.005883928126951313,0.0005547538553593035,5.31702863695833e-05,2.2516689275907197e-05,0.0003764029665902533
16,0.0013969330958323116,0.08406636756734061,0.004092496872750936,0.04690111506411788,0.09129371075344242,0.013555336075108887,0.1202476752570519,1.6577034029585076e-05,0.0008765283860869891,0.000841747089122055,0.37600028226645454,0.007707337127383892,0.03615557278532837,0.19222437924866592,0.0032168527588863774,0.005965083871297624,0.006313618952362177,0.0027368959816179016,0.00046724848880099184,7.683976267600632e-07,0.004971166782087862,0.0005363907613196824,5.331189017370897e-05,2.3115467374935355e-05,0.0003394880257356095
17,0.0016462886231737746,0.06820168058837812,0.0023577976825361925,0.036216195647137385,0.0622450413267278,0.006124246269365186,0.09932973719086613,1.2911541341576831e-05,0.00041480653734923774,0.0006680536666255274,0.296749022726401,0.0250341211263584,0.04442150263707546,0.3223906583352439,0.0009657591579433959,0.004049629969596626,0.008657872626148155,0.011274891746728827,0.00034291019395152984,9.730769348620303e-07,0.007504624626077534,0.0006512457661401943,6.121874557714541e-05,1.1552684449851282e-05,0.0006672575078720539
18,0.0015950561862109194,0.08491933518075354,0.0024221131020922245,0.0356396087622231,0.06360890403704786,0.01061328921875762,0.12969469426158378,1.269404755197305e-05,0.0008186937208901627,0.0010430051713867568,0.313997933704827,0.012956308677189525,0.03193577182605401,0.28104452915301403,0.002045944803476278,0.005365714182656032,0.00869452999887083,0.005941360021658301,0.00036617915820465045,8.947045482795619e-07,0.005754574744006887,0.0007366174424806961,6.107591080348509e-05,1.9672314525894994e-05,0.000711499669186223
19,0.0014105432463173602,0.0778000890721953,0.0036941621181197943,0.04695994875672016,0.08391302149088221,0.013043760267893507,0.12077831471834197,1.4876437478733027e-05,0.0007745945649155218,0.0009451852371896956,0.3706618592653917,0.008556630410607708,0.03276089282439302,0.21246698671795353,0.002975588759497338,0.006049185835563748,0.00644445303159198,0.0033715263827925816,0.0004230692416082883,8.144817556175201e-07,0.0059371567129594014,0.0005517910374484178,5.492874626363149e-05,2.3191592482778854e-05,0.0003874290496359734
20,0.0008403044906813759,0.06223127417176911,0.003927105662818014,0.043133077151024955,0.07258649802037122,0.011918003238220126,0.15563017904882395,2.088664697832751e-05,0.0005925775890626337,0.0008080155726787412,0.43663838198396027,0.005230362871617437,0.023751280409343194,0.1531972385126023,0.008577151205924661,0.004656234166293812,0.0041189914177791965,0.0012918239353739494,0.0005474100109983735,7.382756609609753e-07,0.00900348377098731,0.0009345467544021041,6.0707345206264825e-05,2.4043952407823478e-05,0.0002796837950139635
21,0.0012619382883257565,0.0750699132203336,0.0027234983593709444,0.03842702859397536,0.09367799551768136,0.008681413723531164,0.06373648781774595,7.352244592342777e-06,0.0004424082240418896,0.0009045946844862705,0.3794720862770778,0.013424024302081285,0.02750412813208765,0.2699309325383468,0.0014269867952176906,0.00440498486951623,0.004792231998830656,0.004885988883368492,0.00030917195497908026,7.06776429390836e-07,0.00810176776241205,0.00039091324901754584,4.216833219381248e-05,1.642699005334588e-05,0.00036485046430352125
22,0.0014391110849519013,0.048565909560277606,0.004361774806081836,0.06250282943612813,0.055049217999276694,0.010497345383396866,0.08155303821991156,1.3581882427895173e-05,0.00045228246617252504,0.0010943884697384725,0.4401803245082058,0.010181294123217926,0.03295124415466676,0.22035514322630909,0.002096564104655129,0.005900874929693061,0.009224897369525527,0.004871407261277059,0.0003051184949476364,7.790771832815502e-07,0.007524828407095188,0.0005560401930292565,4.257495343264039e-05,2.6824717135543744e-05,0.0002526051712624089
23,0.0013772422304917408,0.07773835860853485,0.0037683202534903857,0.04753255068071385,0.08528144467015251,0.012775325620521139,0.12090498875180938,1.5124035750103574e-05,0.0007612649575210823,0.0009232070780091763,0.36797031817965525,0.00874706683720998,0.03367499587340476,0.21256494505180043,0.002920871187170857,0.005950261021940299,0.0064108840207330615,0.0033689641260887344,0.0004222838048914162,8.110855645214477e-07,0.005883928126951313,0.0005547538553593035,5.31702863695833e-05,2.2516689275907197e-05,0.0003764029665902533
24,0.0008637168707249185,0.05784796855309378,0.002579925929417894,0.05560977771761879,0.11288296320761687,0.00899594355744949,0.08246918630761994,9.99878260743319e-06,0.0005615310555273776,0.0005822859104304074,0.34365242898229365,0.010606070226671092,0.03924624765723792,0.2626935976058309,0.0014347661490945272,0.006024620420917191,0.004886600994497922,0.003853832624917584,0.00025529736183075213,6.735665167012618e-07,0.004309025695786133,0.00028787403525697424,5.028512010589227e-05,1.4669738782962606e-05,0.00028071192815300167
25,0.0012920671165658462,0.14730175448454352,0.0035583715432766314,0.028083397998278997,0.09226955873386168,0.023450809824462897,0.1021792339642213,7.4421047116830255e-06,0.0013358417811228562,0.0012100561183092458,0.2439707687906349,0.007764303124931978,0.019063322892068815,0.30495345349901604,0.0031936620293609892,0.004353171074599581,0.006745361657433259,0.002890844897033287,0.0003567706424767936,8.362095373649284e-07,0.004444520081368055,0.0006682972074557814,5.1876198946900305e-05,2.898139464447219e-05,0.0008252966311370343
26,0.002347162293412963,0.07437057495253667,0.0039234782768727775,0.06904363606492035,0.0904592896989551,0.012734092983116821,0.09553477648285855,1.8237328425815262e-05,0.002122441827524115,0.0008309373351743054,0.41275967592904983,0.004724551931372067,0.02956774051729008,0.17600131337051053,0.0032341986998287767,0.005961259801054972,0.008908592499839147,0.0029461101833565565,0.0003001853496402156,8.712721604260066e-07,0.003172985469057116,0.00041235980627519516,9.994486503572067e-05,6.52558168272528e-05,0.00046032724490458805
27,0.001212272306642353,0.0803962688466866,0.0029540593786609617,0.03817118418951943,0.08555918959312497,0.012321507741072392,0.16590401479781278,1.6140936977199592e-05,0.0014297268760589783,0.0012551033147434095,0.3403186931572453,0.005682962139745477,0.024323848327354528,0.2149329405721667,0.004992103921785214,0.005864755072879282,0.005667805628056641,0.0022804963421790185,0.0004338868058276408,9.63252948641967e-07,0.004705707490371098,0.0009086545822225667,6.307017152024861e-05,3.205961651350292e-05,0.0005725849378849394
28,0.0013772422304917408,0.07773835860853485,0.0037683202534903857,0.04753255068071385,0.08528144467015251,0.012775325620521139,0.12090498875180938,1.5124035750103574e-05,0.0007612649575210823,0.0009232070780091763,0.36797031817965525,0.00874706683720998,0.03367499587340476,0.21256494505180043,0.002920871187170857,0.005950261021940299,0.0064108840207330615,0.0033689641260887344,0.0004222838048914162,8.110855645214477e-07,0.005883928126951313,0.0005547538553593035,5.31702863695833e-05,2.2516689275907197e-05,0.0003764029665902533
29,0.0013772422304917408,0.07773835860853485,0.0037683202534903857,0.04753255068071385,0.08528144467015251,0.012775325620521139,0.12090498875180938,1.5124035750103574e-05,0.0007612649575210823,0.0009232070780091763,0.36797031817965525,0.00874706683720998,0.03367499587340476,0.21256494505180043,0.002920871187170857,0.005950261021940299,0.0064108840207330615,0.0033689641260887344,0.0004222838048914162,8.110855645214477e-07,0.005883928126951313,0.0005547538553593035,5.31702863695833e-05,2.2516689275907197e-05,0.0003764029665902533
30,0.0013772422304917408,0.07773835860853485,0.0037683202534903857,0.04753255068071385,0.08528144467015251,0.012775325620521139,0.12090498875180938,1.5124035750103574e-05,0.0007612649575210823,0.0009232070780091763,0.36797031817965525,0.00874706683720998,0.03367499587340476,0.21256494505180043,0.002920871187170857,0.005950261021940299,0.0064108840207330615,0.0033689641260887344,0.0004222838048914162,8.110855645214477e-07,0.005883928126951313,0.0005547538553593035,5.31702863695833e-05,2.2516689275907197e-05,0.0003764029665902533
31,0.0038168851845668873,0.0973273405579594,0.00845721385856479,0.055780385358133774,0.10452704179032263,0.010766582417056096,0.13545173461808344,4.088235091786183e-05,0.0007744287651718857,0.0011200011376717584,0.2980887966192265,0.014663219293643937,0.06043370770277269,0.17372949475988167,0.001955789406119331,0.006757089233886873,0.008484449828205745,0.007861826578811388,0.0009420916519515353,1.4343018245981484e-06,0.007789981107249392,0.0006925596861826194,5.147022818908239e-05,2.1500247104015517e-05,0.00046409331650209466
32,0.0013820521910660063,0.08151368208758619,0.003902980342423789,0.04279185290947083,0.08925301173193728,0.013126079122829431,0.12679084911359234,1.7100117404390804e-05,0.0007361601488988091,0.0009066459273359981,0.3641546363006494,0.009201842040141786,0.036038108808253706,0.20395344682208233,0.0031292063290972436,0.006112205303132585,0.0060794497427736766,0.0031290968228365836,0.0005457141734973652,8.868744212168737e-07,0.006167473539834261,0.0006177014977325852,5.499636203614616e-05,2.0198784586715738e-05,0.0003746229063790994
33,0.0013491083294641518,0.0705348124004338,0.005226023988028521,0.039471455384006905,0.21260427159386885,0.011323256591407333,0.07513558031545693,7.509612177734133e-06,0.000709234240125817,0.0006874882102533041,0.4215937425379684,0.001837671145690924,0.005705791560552243,0.12332136147301227,0.01294862365972134,0.002591048330856461,0.0010570716966508407,0.0009096443300962252,0.00040227957800248275,6.424103444604121e-07,0.011674368495759781,0.00026224168560073474,9.1483866061404e-05,4.983358489839736e-05,0.0005054549795606457
34,0.0023915231499530595,0.1081759338790014,0.004012229339627679,0.025224526337765226,0.10406259151252639,0.0068146451911086986,0.08007136420718988,1.4866821708268568e-05,0.0010425926162214486,0.0007549461705215415,0.4569495022003376,0.006335397350079084,0.03415763934830686,0.15168831709386935,0.0028521309141330688,0.0031821057595020595,0.003921079857464044,0.0020762841199092868,0.0008634398132606234,6.36231419780409e-07,0.004292020509596263,0.000633399473764961,4.9861710266428906e-05,2.607198055936091e-05,0.0004068944119077193
35,0.0227350484576843,0.13630984832294557,0.00488293131556306,0.054099309610359254,0.04259235899149593,0.005017318761696117,0.22636256085035733,0.00014589241880574042,0.0030555943375714617,0.002777646885350107,0.1585194286336805,0.030694839370315797,0.10543155630949216,0.11096843432475799,0.0005003055035827626,0.0112589651251843,0.03816741967696302,0.03892680956976001,0.0011423534316607922,1.45732408649456e-06,0.004239756996952267,0.0012419679080588634,3.146245338818753e-05,1.9900914272424023e-05,0.0008768325060155754
36,0.0012233527722714755,0.07701025424475332,0.0017403131984350874,0.0464364115304649,0.029139754572636293,0.01743503394323163,0.26005285059945393,5.597710253975576e-05,0.0019280437845674778,0.0011210508576439677,0.1851572788758956,0.020761778716234466,0.08548176697601505,0.20277432209612892,0.0018559214122577754,0.0183068950473381,0.03966455293475196,0.005017851113866929,0.0004775820774185294,1.0140606328587312e-06,0.0023532659453957233,0.0015671473857228261,5.59507928055419e-05,1.0797982513020927e-05,0.0003708319770248395
37,0.0011830083432009236,0.08694095414315713,0.0034742982682103222,0.04355813135254657,0.08990886447024457,0.01462861482575353,0.13212390487819534,1.6121474202440685e-05,0.000828125777863767,0.000910584164720109,0.34537082417220577,0.00891555334778604,0.034936998547178244,0.21101955929667238,0.0032037602246223285,0.006330530425181949,0.006353257238379413,0.0027996940065854632,0.00046732468929242124,8.207501045573935e-07,0.005974775748865177,0.00060551000416784,5.536882871532129e-05,1.8526329550479802e-05,0.00037488869259792956
38,0.001992952140955866,0.08705701773943686,0.003614001351843443,0.04260247609194819,0.13103150979493375,0.0034929897060408965,0.060611208341329735,7.847049672090793e-06,0.0014420602819247357,0.0009732012662246668,0.32036588853271425,0.006668958714253465,0.018955285607126327,0.3034833539658949,0.0014523143509265245,0.001828109277397216,0.004550062652865986,0.004922482366202764,0.00018311132309246016,5.60732762168135e-07,0.0033744620545726866,0.0005717017829647913,3.3844716513618345e-05,3.5073729665902536e-05,0.0007495264287366587
39,0.0014292357652329933,0.06532297697660916,0.0038955779105251938,0.06091329748347593,0.07200797857466944,0.019151836108003178,0.2319698389357665,3.450001229888545e-05,0.0006659822119598983,0.0010623879629040383,0.2750452164500842,0.01097771193047745,0.037431728374122224,0.17944548878314698,0.004365885578459426,0.010432965379852568,0.008807019304989729,0.004126794620672017,0.0006588144759190588,1.3560971367802573e-06,0.010836376044700996,0.0007891372330766738,9.198362956998678e-05,1.7638599204819392e-05,0.0005182715571419437
40,0.0008161698860435156,0.14645090037061023,0.007246593529027933,0.01857223864856253,0.14887323032561847,0.013772408819292621,0.06063893320585196,5.745327805122191e-06,0.00032869013189826805,0.0005181187304983644,0.3161924510776431,0.011020108546290932,0.02224343260854512,0.23575831414948173,0.0034837579051047733,0.001956346016188889,0.0025035670313637683,0.0018418771387421961,0.0005582750405634794,6.071333617507638e-07,0.006272720638396858,0.0005960549441448068,2.202864831787434e-05,1.2658945539607304e-05,0.00031477120110600884
41,0.001024137778015099,0.13715420120215793,0.004402142391525066,0.06514130382483732,0.1716282619663151,0.018630451122009343,0.10222281732047728,1.4518086670846636e-05,0.0025125357678156277,0.0009539564926143851,0.26736605711670286,0.004019875789929011,0.03731299904343021,0.1678010020733342,0.002551295998334347,0.007285268972733722,0.0055802609495541776,0.0013317223108699164,0.00025168785253711063,5.024953054624137e-07,0.0022572349530762034,0.00026431887061896303,3.446629527788159e-05,2.5746311024072332e-05,0.0002332350148338186
42,0.0016339624922845836,0.11185377364221667,0.009857748287514859,0.037361253004544265,0.08004662811134826,0.015752013374567785,0.1796663957736379,9.719925892081415e-05,0.0007613343979940096,0.0014830699001876872,0.31803291217947405,0.014059910289259861,0.06425423129092092,0.11934923528435479,0.006393229884411479,0.007786344771113753,0.008947053916120598,0.0015949854872078467,0.0029376919714313617,1.4921455103910078e-06,0.014736378591703122,0.0031435652155515827,4.042351117241272e-05,1.3421964388942796e-05,0.00019574525416222557
43,0.0017363277651978467,0.06387985535946973,0.00496057313516891,0.056691434121105944,0.0986956071928093,0.018213120555718734,0.1593589104806624,2.6705899718992776e-05,0.0019111830700713284,0.004450061848900267,0.28891316236110454,0.004090253377400467,0.022725220656475364,0.24034647387209526,0.004490149412889766,0.009842654926729269,0.006058478493413735,0.0028401963105667543,0.0006617915187230088,2.334260423643351e-06,0.008204175173251423,0.0012607173694953,6.382148114989166e-05,5.201093841037437e-05,0.0005247804190477518
44,0.0013772422304917408,0.07773835860853485,0.0037683202534903857,0.04753255068071385,0.08528144467015251,0.012775325620521139,0.12090498875180938,1.5124035750103574e-05,0.0007612649575210823,0.0009232070780091763,0.36797031817965525,0.00874706683720998,0.03367499587340476,0.21256494505180043,0.002920871187170857,0.005950261021940299,0.0064108840207330615,0.0033689641260887344,0.0004222838048914162,8.110855645214477e-07,0.005883928126951313,0.0005547538553593035,5.31702863695833e-05,2.2516689275907197e-05,0.0003764029665902533
45,0.0012195244074424533,0.06871557187982817,0.004531902751000281,0.057289064006082364,0.08235930069366737,0.01706542145759981,0.17369533602459955,2.4207228296098833e-05,0.0008038876656800184,0.0009657758436935114,0.3585081872062364,0.006617836652407318,0.035355395165670454,0.16346946802120707,0.004974191612379765,0.008267252874606121,0.006259831015513127,0.002347035539933053,0.0005288757320285558,9.061516546897818e-07,0.006038464945261791,0.0005965376866947502,5.572860585911749e-05,2.4152132197139867e-05,0.0002861447004609894
46,0.002121733788199683,0.05036039325297108,0.003924834988661205,0.10451987307601564,0.017710346459771667,0.02589325051470154,0.08074869308836623,3.9121747020790034e-05,0.0005243434418719759,0.0007614435921252151,0.41662464293117685,0.01908280539064127,0.07779504441974354,0.12299958810363773,0.0016500301130832917,0.014125594826161826,0.04805139135646399,0.005589600106404831,0.00033319885201897365,7.267809061997681e-07,0.0064412322810207786,0.0004948165720205184,6.432193962462931e-05,2.8790367663424656e-05,0.00011418200972716249
47,0.004234683054603587,0.22861711726415176,0.0035469031392415845,0.014465998691901906,0.04395040313910991,0.011840535182721166,0.19824343954936538,3.7100122876647144e-05,0.001071824103595875,0.0015369297306368726,0.20860485559259864,0.03685899695290335,0.056703982639106434,0.14699005232718443,0.0019231076489688523,0.005445676701055061,0.015435166913223563,0.0076810885026861375,0.0017308366055906526,1.2105521366158206e-06,0.007691713645250381,0.0025026686481354095,3.027086243447442e-05,1.0970618765137659e-05,0.0008444678117562498
48,0.0016386927745878357,0.11081462208791928,0.00429799313341417,0.04919102405483049,0.05618070229605033,0.02413511916880334,0.16681545707014037,3.3225693583458334e-05,0.0008443249980766292,0.0007975429923219411,0.3349698483419196,0.012143192503282958,0.06575238740196546,0.13680838523919148,0.003080270057392075,0.00936342678701067,0.013034312609907969,0.0027358283109309976,0.0007726152630604978,7.746887579857043e-07,0.005682571655390371,0.0006053484964703983,5.231320202032864e-05,1.531040557018885e-05,0.0002347107674012032
49,0.0010836957834757018,0.10192167149905026,0.005987549560147162,0.03707664021603686,0.07799881903185948,0.017751650496688236,0.10150072709117669,1.3062761310838376e-05,0.0004663961607484134,0.000906352588761818,0.3282712239496219,0.015830075008448286,0.03905925474717291,0.24432115684929662,0.0026623867513625647,0.004505574419556736,0.007419802363462006,0.003758505516286565,0.0005018493332787727,9.64853933383521e-07,0.007779636871262363,0.0008211458471271449,3.2807978081807304e-05,1.6884685842564882e-05,0.00031216563601102487
50,0.001832126720093664,0.07285327661063695,0.0030109491184565434,0.030775725777471737,0.08744567388417784,0.007677503697256583,0.2995242991797648,2.377108856826689e-05,0.001298044866542839,0.002227602607077506,0.21542905037385182,0.005664442783043313,0.024331626959604256,0.22106733758812885,0.0036648900364817287,0.005960060873870957,0.004342868500663919,0.004271115842639329,0.0007013809240951418,1.3784086908576736e-06,0.00547394420181279,0.0012880516700863446,4.726322453328739e-05,2.099566822417875e-05,0.001066619394226358
51,0.0011027526044842715,0.09972151278139435,0.0046875689998156075,0.07488205565798609,0.08989378007010371,0.008810044748796568,0.08387844303182893,1.4337184696988518e-05,0.0010900198952310633,0.0008503282108608581,0.3818588711433989,0.0066029999403761615,0.04170675733473181,0.18555448448168607,0.0019746006047695014,0.0037680212332286893,0.006859333378254433,0.0020656000367903593,0.00019089646039306435,3.569557351952209e-07,0.003859534016362165,0.0004231249840278986,2.1186526036706314e-05,2.5626418317547748e-05,0.00015776330069326228
52,0.0016368669986639832,0.02239444806009898,0.004153001880254034,0.09325049788700547,0.050922078745672596,0.010297018728177142,0.07179963147159436,1.1246452907655367e-05,0.0006132510037724973,0.0015387154064104007,0.45933168168760424,0.004787547148023422,0.03186454421069121,0.21867989417589637,0.0014982547820048724,0.009143314638355769,0.007439977308964449,0.006436984809183312,0.00017711867372414923,1.1525060955028821e-06,0.003426030253506745,0.0002945893227476226,4.462422959961575e-05,6.097373997258188e-05,0.0001965558790730033
53,0.001250256569078511,0.06981023541962066,0.0031930089503343717,0.04939492294119124,0.08209710809605575,0.012585334049151986,0.1508120677843566,1.6030767917640295e-05,0.0008391493234503268,0.0009269913537363946,0.35250734613255386,0.007653968535587711,0.03203762402338417,0.21071703483051096,0.003310046270369111,0.0065191415075574475,0.0061562721724370325,0.0032547030680143544,0.00038829712664892666,8.443465489659486e-07,0.0054755954933348935,0.0005529670927878459,6.012660086374633e-05,2.2882417013756848e-05,0.0004180451274937456
54,0.0008446915607243235,0.011016227626547847,0.01081583571654916,0.11966739559837206,0.058903575532817797,0.0067185860904677725,0.029320216266713148,1.3308417402289963e-05,0.00017526953555968474,0.00041387958209724977,0.6367532449591013,0.0019380561235706642,0.022969928939995082,0.08360601514659026,0.0030019149177112144,0.0030635773971306713,0.0027852349730615325,0.0012853687284986157,0.00021871413461251483,6.457896401304954e-07,0.006170407775453043,0.00017904941622796797,4.209333555549661e-05,5.262246242397575e-05,4.4139973176057364e-05
55,0.0011723195056072618,0.04503817047880037,0.005385021525063731,0.06560749645031738,0.06949583127805951,0.0178329814197187,0.11243579947417856,2.1655181602217356e-05,0.0006316277575821382,0.0012323173129405146,0.43726120501477656,0.003966302207833309,0.03001103938262585,0.18108400097084287,0.00504096797996342,0.007592719197294832,0.005850686223142605,0.0018411099525876523,0.0005178357046362184,1.0427169836851936e-06,0.0070238698344457,0.0006363061768741059,6.939238094425938e-05,3.517144209149056e-05,0.000215130431087106
56,0.0012797644743445132,0.07956353719281907,0.003630269256590115,0.04561475274955711,0.0829513538777414,0.01208859770433029,0.11834788165508611,1.4698571513435542e-05,0.0007446948976673369,0.0008455919185108986,0.37161301613447956,0.00923168766209877,0.0384070107789913,0.21104288764476442,0.0026253900244279133,0.005636312308256869,0.006432628520543893,0.003323311678640937,0.0004093685797973956,7.773913885803576e-07,0.005243255088388574,0.0005323631231545723,4.897940759186554e-05,2.0781835662442547e-05,0.0003510875236526034
57,0.0015150572002196063,0.11890338484351719,0.006023631094821907,0.02470584010884732,0.1089196111231509,0.011735061905994153,0.11055385026691689,2.53390385978985e-05,0.0004036342151255881,0.000751767655255021,0.3332956633968849,0.025381019807280535,0.05143978657236901,0.17428818071033655,0.002776825950947602,0.005248001511554914,0.005941703032786749,0.003360704840970028,0.0016920334465033717,1.0951041832922487e-06,0.01145498864531165,0.0012231840341661137,3.7910029622146676e-05,8.815665939280355e-06,0.00031290979869742644
58,0.0013347802763432489,0.06997319330021232,0.00399833060846456,0.04865075027304785,0.07842028621668727,0.012434572794776938,0.11257363573100924,1.4195445809593121e-05,0.0007910334342559878,0.0009514957913965608,0.401494043218533,0.007358295282802818,0.03135002887409615,0.20576869985802948,0.0033319830727779704,0.005581266821191237,0.006170323954041866,0.0030003031283198905,0.0003861942995802325,8.245709515134649e-07,0.005406839594306772,0.0005720190527722468,5.264068202989544e-05,3.0461202610465554e-05,0.00035380251595285494
59,0.001290841553354578,0.06534701881449483,0.00435124515557383,0.05165496132290921,0.08175096673929666,0.012163532121304707,0.10319909877949623,1.3240459904369864e-05,0.0007917531790575527,0.0010257238286929414,0.4062790393626594,0.00660739584115708,0.027293938212245055,0.21365252825207748,0.003525330589474078,0.005346553388764174,0.005868454472491429,0.0028999110219119872,0.0003570684257205201,8.4409724956528e-07,0.005573189882517812,0.0005694184759970882,5.1729500976710723e-05,3.5443179224993976e-05,0.00035077334344792946
60,0.0013772422304917408,0.07773835860853485,0.0037683202534903857,0.04753255068071385,0.08528144467015251,0.012775325620521139,0.12090498875180938,1.5124035750103574e-05,0.0007612649575210823,0.0009232070780091763,0.36797031817965525,0.00874706683720998,0.03367499587340476,0.21256494505180043,0.002920871187170857,0.005950261021940299,0.0064108840207330615,0.0033689641260887344,0.0004222838048914162,8.110855645214477e-07,0.005883928126951313,0.0005547538553593035,5.31702863695833e-05,2.2516689275907197e-05,0.0003764029665902533
61,0.0014478116521119979,0.06729802403634304,0.005021397199094853,0.05562710302795705,0.08320660152899943,0.012760527023133086,0.10318989462919807,1.5477228294994516e-05,0.0007354533758855642,0.0010134979490830994,0.402211876020101,0.007162301670979897,0.030340291056285926,0.204216392696849,0.0033768989832996797,0.00556690976198004,0.0062584115619508385,0.0031603586475232623,0.00039381590733088273,8.645041357657571e-07,0.0060271574250444215,0.0005617890033381858,5.028296490780344e-05,3.289049300251261e-05,0.00032397165316932
62,0.0013772422304917408,0.07773835860853485,0.0037683202534903857,0.04753255068071385,0.08528144467015251,0.012775325620521139,0.12090498875180938,1.5124035750103574e-05,0.0007612649575210823,0.0009232070780091763,0.36797031817965525,0.00874706683720998,0.03367499587340476,0.21256494505180043,0.002920871187170857,0.005950261021940299,0.0064108840207330615,0.0033689641260887344,0.0004222838048914162,8.110855645214477e-07,0.005883928126951313,0.0005547538553593035,5.31702863695833e-05,2.2516689275907197e-05,0.0003764029665902533
63,0.0013844280082882575,0.0860220741327332,0.003699058556773197,0.04449951811149311,0.08610138655595448,0.01273453870520758,0.12091521118446713,1.4698218513495246e-05,0.0007950921881462637,0.000909456176748356,0.3642347732156762,0.008958523533505316,0.03383166835136754,0.2105413525264469,0.0029148161247075977,0.005637539757245723,0.006367940944481104,0.0032483573834628603,0.00042581798252693714,7.677010403947084e-07,0.005741060430398796,0.0005646584877917077,5.05300808726383e-05,2.1765758638598992e-05,0.00038496588351271744
64,0.0012856129439689761,0.07826842577823222,0.004298781881482964,0.04937527537340322,0.09377482807247924,0.012673370066150103,0.11866491026321747,1.6268039162669077e-05,0.0006410537792495431,0.0009517023044195777,0.3797680401159607,0.00858921140371592,0.03011309257337599,0.19424375807235308,0.0034949513122610847,0.005326432168558122,0.0052759623862848656,0.002866769171076421,0.00047785282378959244,8.588048990939297e-07,0.008876903266349894,0.0005897427306441553,5.475414272394201e-05,2.2272244509476915e-05,0.0003491702817316988
65,0.0012142991286383542,0.0765754038960667,0.004268014459285839,0.04907326680091753,0.08569202608305408,0.014249258823220558,0.1206293780486144,1.5208211133008711e-05,0.0006862812315570052,0.0008696071875677366,0.3825387922794812,0.00770765586900267,0.032178321039051966,0.19869367491873346,0.0036107052753359733,0.005765605013096492,0.005912415852602379,0.0026957813402059163,0.0004287685389041457,7.766766810904277e-07,0.0062494359402234115,0.000545278228324635,5.202138728000419e-05,2.3313497076003512e-05,0.0003247102739453707
66,0.001300634853589427,0.07346570586726724,0.003792656746353413,0.048642965906780626,0.08768512186553723,0.011949900031710321,0.10867166312745814,1.3433131243784908e-05,0.0007015058513632447,0.0009355086488765235,0.37594890803316067,0.00871798781262034,0.03265274297532363,0.22029770085282926,0.0026703492765855143,0.005771876624164781,0.006114138072008895,0.0034165529827699906,0.00038274792932262803,7.746088856314999e-07,0.0059189627698967,0.000524117577531348,4.906183323824583e-05,2.252007701547423e-05,0.0003524625444669364
67,0.00022179605867057468,0.02165656150038614,0.0011210964218272635,0.021038792547992378,0.011943093136472231,0.04412736900531439,0.04735716792390387,1.453008103198077e-06,8.34355253077063e-05,0.000404041459694985,0.3101198002282132,0.00853187709111528,0.012088619792849161,0.49684926013387043,0.0023314545719013025,0.002901114035831191,0.007296559150330046,0.003399155432587838,8.957874636239633e-05,1.3820902285393645e-06,0.007559774906845335,0.00031884545170151533,0.00013771336178776603,2.356570198275393e-05,0.0003964927167203853
68,0.0011438467352837553,0.041187144607731076,0.003946932209709801,0.06987913390219623,0.044157403573610046,0.010920027694091197,0.1278446366187035,1.8299778057667277e-05,0.0002893442110284228,0.0005194459638589772,0.29543438606920663,0.021553071794703105,0.09219041591516754,0.2538936694276876,0.0007793754902971994,0.006201476734268546,0.010949282354403969,0.012215994982551645,0.0002752943809372026,1.1119104514253e-06,0.00597063823548826,0.00030319706357896875,5.0213257339720404e-05,9.534604680789922e-06,0.00026612248496677793
69,0.0013579413868191252,0.07690804640395303,0.0038097806449859436,0.04571605197543445,0.08029503124318518,0.013308637087998032,0.11838978465936548,1.4975985581102294e-05,0.0006881735653716888,0.0008990943034555425,0.37672233719659953,0.009216125408805408,0.03468743394150898,0.21166866530942063,0.0029104818996046927,0.005830739631644544,0.006502456030612019,0.003375125280469433,0.0004465609919111673,8.393882794095935e-07,0.006248066754934026,0.0005664700837967525,5.38793980100622e-05,2.1901561902965705e-05,0.0003613998663507192
70,0.0013916818516608277,0.07859290011429365,0.0037755455763188116,0.046762747985209685,0.08514427562299186,0.012657816138502441,0.12104456245009823,1.5142750785296212e-05,0.0007558440595130123,0.0009196861690278003,0.3696209038882957,0.008775923813470338,0.03354707107039787,0.21109636811687815,0.0029480625817851712,0.005857936307998299,0.0063559245264709074,0.003350610380676538,0.0004298899728830538,8.052172008759246e-07,0.005940760610123161,0.0005617627473497233,5.290278210794566e-05,2.2379675927847904e-05,0.00037849559003276046
71,0.001850254466780352,0.07757495049997923,0.0011702571445951025,0.042843365746501216,0.11592377879183278,0.005792296100061962,0.11446925725462134,1.5185163633340504e-05,0.0014296526808054773,0.0009139428365990223,0.35167156142348616,0.012130840593381738,0.035429867043316146,0.21047359255903694,0.0014689537931756758,0.009958198381472003,0.0061673816232739685,0.005204987857577558,0.0003170689282616032,6.919516457847788e-07,0.0041863049636501485,0.00037556979808264654,7.49885567803022e-05,1.667371235991482e-05,0.000540378129089384
72,0.0013684650618982035,0.09997031740135008,0.0039608545895309195,0.022023084124517506,0.07810958892900612,0.007952826606888366,0.08935438669691001,1.3091119824830995e-05,0.0006124323007228292,0.0008021348598568154,0.34924587657409,0.012238462689146804,0.02653568318770776,0.2827292154576898,0.003419333607433712,0.002684944913222882,0.005765648691079381,0.0030654477831157535,0.0006782626024915417,8.053532894618674e-07,0.00722591679663705,0.0015264420641807489,5.41758312000162e-05,1.615055269698915e-05,0.0006464522055123325
73,0.0020615570172625376,0.0562588314716262,0.002433382594357815,0.06278610828538599,0.04576133440350518,0.019707473003733426,0.12299537478478928,2.11624838282076e-05,0.0011988156545375138,0.0011123502125557692,0.32944363846366953,0.010976287318496784,0.06123426312007287,0.24234810323422565,0.0012833877316877624,0.010982789438359251,0.016241507676949905,0.007133866895102333,0.0003778184763571297,1.695407649182833e-06,0.0045903778741733835,0.00043169904182307513,0.00012777058261834726,2.9965673386331605e-05,0.00046043915384663773
