,0,1,2,3,4,5,6,7,8,9,10,11,12,13,14,15,16,17,18,19,20,21,22,23,24
0,0.00156291955895918,0.23125762647326267,0.0022243424595087538,0.0016422505986120116,0.010317110473667315,0.02456132227765303,0.10465472845214265,2.6887825900774625e-05,0.00021812798903998444,0.0006284049825637338,0.22612354692480544,0.057773504151371925,0.02689156148648173,0.228888969860651,0.010233790436963645,0.001568030626775825,0.011717084193104438,0.0019988202211968925,0.009322120787440226,2.236564659902584e-06,0.02678381371274314,0.019980015761386246,0.00014135414542338975,4.631353266116916e-06,0.001476798682420014
1,0.002106338627960957,0.27223544136016703,0.00217826643110718,0.0023172619899328854,0.015143233818805899,0.014444529450304252,0.102551652526523,2.9322584758410572e-05,0.0005689032282131523,0.0007457299394550113,0.2428916363376138,0.037210631575999846,0.027096691195384423,0.21442918102806555,0.008291550473006991,0.0016816420544324823,0.014697990892300441,0.0017847599594909337,0.006399967339498489,1.2519560799467627e-06,0.013864525337661755,0.017559752595176895,0.00011543981065468661,6.0500174395773766e-06,0.001648249469966485
2,0.0017139888325717275,0.20991239264253994,0.0020014624941541216,0.0017534506420842984,0.015781573049782227,0.010670076077328235,0.10572335353455595,2.4558285858745235e-05,0.0004844598758756634,0.000740357218717008,0.2134063899803507,0.02951437184294236,0.016274950613799945,0.3122205238341712,0.011775346602888849,0.0008982486080299396,0.009450578435933742,0.0018594987197806442,0.0057023340970487535,2.000317706265667e-06,0.01713816800411633,0.029621564568959972,0.00016641724418045876,6.782111181156246e-06,0.0031571523654416456
3,0.0015737653811603825,0.23387572666608672,0.0019463385290853933,0.0019778246284267668,0.011728700538562365,0.01166031379869947,0.08214949099066736,1.8963711451286428e-05,0.0002692727676057578,0.00047048412498006066,0.26252779667012277,0.04617401618087507,0.02252888243319293,0.257444667318797,0.007990253147454145,0.0009537222071852887,0.012914655239871505,0.001988855986382221,0.004471623124293246,1.0163704075561767e-06,0.017811779705666976,0.017738005648236983,0.00011208788276957453,4.798088171491137e-06,0.0016669588598476818
4,0.0012994975669968314,0.2342410020155874,0.0016433512939247052,0.0018357419118664846,0.010994325184156337,0.010109670760109279,0.06931432044151564,1.570458106443815e-05,0.0002314021611124717,0.00037182941440789885,0.2742458518273398,0.05251279769322868,0.026846004340358467,0.25917859764287704,0.00593458217961125,0.0008297939744355289,0.01270385289097436,0.0019143948623843079,0.0038253458551422404,8.519308319027143e-07,0.015486522504653138,0.014980004939422628,9.976997383617124e-05,3.85614827991301e-06,0.0013809279058831635
5,0.002064272551653478,0.17139730317286525,0.0019636415340798206,0.0027792181642738332,0.010793936425175371,0.009831607605659506,0.08512562599719535,2.0067293880527674e-05,0.0002678300290700673,0.0005833094322257947,0.25787776318605377,0.05278974894627842,0.022674274724740207,0.3146054118425813,0.005859246200854202,0.001095688186474152,0.01575438632446181,0.004025224524029301,0.003289325723267425,1.3751369880859235e-06,0.018569227750766627,0.01636533934970686,0.00012874088096937464,6.691290835322294e-06,0.0021307437259140923
6,0.0015737653811603825,0.23387572666608672,0.0019463385290853933,0.0019778246284267668,0.011728700538562365,0.01166031379869947,0.08214949099066736,1.8963711451286428e-05,0.0002692727676057578,0.00047048412498006066,0.26252779667012277,0.04617401618087507,0.02252888243319293,0.257444667318797,0.007990253147454145,0.0009537222071852887,0.012914655239871505,0.001988855986382221,0.004471623124293246,1.0163704075561767e-06,0.017811779705666976,0.017738005648236983,0.00011208788276957453,4.798088171491137e-06,0.0016669588598476818
7,0.0010456807307998696,0.13809125659137514,0.0007733123367960931,0.0019319256438631572,0.011697476332758939,0.012775960599367071,0.0875779484010592,1.2283475693407264e-05,0.0004105485023567997,0.0006538145682981823,0.16673810833501965,0.03666717909395594,0.007807888685095172,0.4602228145935854,0.009604081590970284,0.0012421264272579286,0.012412661223517906,0.0024564430874615944,0.0025592873713193055,1.5871209820844304e-06,0.01948696316854886,0.021023318122626533,0.0002743345487512608,5.482429624688592e-06,0.00452751701891534
8,0.0015921396181516896,0.1464803631112348,0.0020281431228942213,0.0026109081549239173,0.013114488041152774,0.007185151902222815,0.07828317325296254,1.2150872236948913e-05,0.0005001559177219717,0.0008190833844123398,0.2584978814953819,0.014263987254520655,0.007615679580988613,0.39720283104521,0.015694214902484117,0.0005861863294243838,0.00802991672628205,0.001756744222325319,0.001953882309777204,1.1646881036078615e-06,0.01449728874287808,0.023049077346213965,0.00015686574281789008,1.97924771963821e-05,0.004048729758481729
9,0.001661369656642527,0.1313622889069885,0.0034911371188489438,0.0036718224925974797,0.01120879981914717,0.012083599786655989,0.05733756682830291,2.1762925189616148e-05,0.00037825655966451037,0.0009022969548898735,0.3048780030851164,0.022592591809622798,0.017246445713461688,0.3587671464702946,0.010731037981669432,0.000980948242367306,0.014489122738119085,0.0018940751722574796,0.0032651601694973155,1.729200485967772e-06,0.017939864033297066,0.02333265263857241,0.00015008728492418857,1.639450783261731e-05,0.0015958399035540857
10,0.0015737653811603825,0.23387572666608672,0.0019463385290853933,0.0019778246284267668,0.011728700538562365,0.01166031379869947,0.08214949099066736,1.8963711451286428e-05,0.0002692727676057578,0.00047048412498006066,0.26252779667012277,0.04617401618087507,0.02252888243319293,0.257444667318797,0.007990253147454145,0.0009537222071852887,0.012914655239871505,0.001988855986382221,0.004471623124293246,1.0163704075561767e-06,0.017811779705666976,0.017738005648236983,0.00011208788276957453,4.798088171491137e-06,0.0016669588598476818
11,0.001502458593485506,0.23964014400709058,0.0019214723387255452,0.001987157898506384,0.01130521614160563,0.01157008556274112,0.08127812314955396,2.0234858218975476e-05,0.0002563961074874596,0.0004322975553495451,0.26231745987128885,0.050766830415643914,0.026809062730616735,0.24650565981047806,0.0071703360051186766,0.0009787222427226636,0.01369263083046887,0.0019649332844077832,0.004621870868330526,9.83919763276419e-07,0.01672133695600021,0.016956563337004384,0.00010577286904120894,4.285795019818856e-06,0.0014699648513302774
12,0.0006653220118733963,0.2276282462433535,0.0007877927961019001,0.0010484595611620527,0.022289877387538976,0.008814498966894459,0.04287976251279574,2.8478471460612576e-06,0.0001491170996793502,0.00017874866485687618,0.1569649032391604,0.053294266480201156,0.009800471165176154,0.4438485597671368,0.003104390617756317,0.00042167386415360226,0.004643849991537955,0.002745276040908093,0.0013094576953476386,7.840533479222147e-07,0.011286800595475686,0.004757831031733075,0.0001161679264091094,1.93524552947073e-06,0.003258959194724176
13,0.001496511828570207,0.22835991792657698,0.0018793442605873937,0.0019445237038275612,0.011527199888474548,0.011034319073525643,0.07698220719430575,1.7569895717364226e-05,0.00025208198086135213,0.0004337287305625929,0.2795786884361467,0.045817385228086864,0.022644708659544065,0.25464239188975185,0.007893785961010643,0.0009036279809730094,0.012496611334997952,0.0018890314707049978,0.004267269937433183,9.362563375440412e-07,0.017438701369438106,0.016832176323097376,0.0001101596005530021,4.718801337185134e-06,0.0015524022675781402
14,0.00048227342051414593,0.48347739573017995,0.0005533867438937502,0.0002205143419285862,0.008355569145338011,0.011847725693809073,0.024757311572079537,2.592770693606042e-06,2.7735536852859142e-05,6.759601428728577e-05,0.20642129795922246,0.10659054426345085,0.02967011319431724,0.10012988221416748,0.0018178121646608772,0.0004215553101299204,0.003039203079034813,0.0005708597292096353,0.006828253850725772,1.9384243722671397e-07,0.01124906339581352,0.003156244524213249,2.3157699374704432e-05,3.0812378465846e-07,0.0002894096798807944
15,0.0015737653811603825,0.23387572666608672,0.0019463385290853933,0.0019778246284267668,0.011728700538562365,0.01166031379869947,0.08214949099066736,1.8963711451286428e-05,0.0002692727676057578,0.00047048412498006066,0.26252779667012277,0.04617401618087507,0.02252888243319293,0.257444667318797,0.007990253147454145,0.0009537222071852887,0.012914655239871505,0.001988855986382221,0.004471623124293246,1.0163704075561767e-06,0.017811779705666976,0.017738005648236983,0.00011208788276957453,4.798088171491137e-06,0.0016669588598476818
16,0.001586685142138294,0.25220163282393127,0.0021099141750462436,0.0019557063239724454,0.012525198775858861,0.012427321914601264,0.08212898517615708,2.0642987755989126e-05,0.0003094654339623078,0.00043515152162124034,0.26870464325448984,0.0410574517531079,0.02417484372583725,0.23696903413839027,0.008799974827173927,0.0009585445797432007,0.012819624164249564,0.0016367123109215008,0.0049283602323992315,9.745275699015703e-07,0.015191947714334145,0.01741368284802714,0.00011292287659764762,4.950142481900509e-06,0.0015256286296315502
17,0.0015655158736370078,0.1838896923864428,0.0010797733464416813,0.001320499337052351,0.007729565153823066,0.005196981726379166,0.0588198031153778,1.448106337407475e-05,0.00013023152746305573,0.00029108740161678127,0.18877498119352143,0.11407382330151222,0.026781622275944515,0.3431090244194228,0.002426651316945241,0.0005817414021317255,0.015340492827922306,0.005340513651663527,0.0032945317036568254,1.0615697388232627e-06,0.019330335448793274,0.018380220696176043,0.00011347472933005844,2.0814488096354687e-06,0.0024118130828239587
18,0.0016651886434866047,0.23179597243324546,0.0011809074129285905,0.001403758801281407,0.008147888844206754,0.009099650519730816,0.07980357215682587,1.5263442782472355e-05,0.00026638927980291517,0.00047768412458490763,0.20830492744742857,0.061194504565723,0.019840967705735953,0.3077174154108408,0.005302976444486971,0.0007985220027307252,0.01604351379862494,0.0030730012961947776,0.003633492626861612,1.0340034978951413e-06,0.016013739336488777,0.021377623399082158,0.00012020640240413208,3.854967905373621e-06,0.002717944933118564
19,0.0015258079981588944,0.23435354978112424,0.001997199678143991,0.0020086041849447576,0.012008594316173262,0.011276574842728534,0.08240070350685733,1.9297144827002155e-05,0.0002627184195757049,0.0004565882708886682,0.26022517238651705,0.04766710642802796,0.023380186409702467,0.25732861148179476,0.007770949418814881,0.0009323300873020267,0.012798473594690002,0.001993682908289783,0.004445357231241275,1.0047695868324418e-06,0.01759540246586595,0.017831975167522385,0.00010660516631048375,4.6126190763407595e-06,0.0016088917218354541
20,0.0010214371517607063,0.1949020087442666,0.0021238564110213176,0.00196240689801263,0.01035443800473881,0.010923101870204033,0.1098507572937085,2.803269517140671e-05,0.00021991316243354152,0.00043421240751207737,0.3260245181054884,0.028816686189145405,0.016950608164630794,0.19572776445434945,0.023832841110765925,0.0007836505429862672,0.009034749373081399,0.0008156749088490396,0.0058192852279197035,9.344347740211471e-07,0.028007488904287194,0.03094617198745895,0.0001316264943144598,5.381310498134054e-06,0.0012824541526211776
21,0.0014301087490560557,0.22398806068367558,0.0013683594046406012,0.0015408789854442191,0.012633983971461746,0.007420483247428325,0.04356184907491778,9.255279208326026e-06,0.00014966815474377724,0.0004299628082329889,0.2619658576392203,0.06890328989342646,0.018331868852238878,0.30165490452292665,0.003800786090626245,0.0006880086314388384,0.009224287127432023,0.002778904103351718,0.0032317635228379686,8.194298639492332e-07,0.023431101349109296,0.011820192170657462,8.389723480358458e-05,3.2692021178309765e-06,0.0015484398711394008
22,0.001717854179493254,0.154728629764144,0.002357549345283275,0.0027605771736305944,0.007984080880169803,0.00989692830966678,0.05958991721064351,1.8461878052018553e-05,0.00017085224932779984,0.0005812961259145563,0.32698729951676747,0.05501467702605567,0.023144736232769997,0.27823115647499197,0.006203211771085917,0.0009855766391933952,0.01942600039864198,0.002934299564898003,0.0033873744454759394,1.0082203186279432e-06,0.023759188398639813,0.018834404600591968,9.502210916076817e-05,5.976013652686855e-06,0.0011839214714301413
23,0.0015737653811603825,0.23387572666608672,0.0019463385290853933,0.0019778246284267668,0.011728700538562365,0.01166031379869947,0.08214949099066736,1.8963711451286428e-05,0.0002692727676057578,0.00047048412498006066,0.26252779667012277,0.04617401618087507,0.02252888243319293,0.257444667318797,0.007990253147454145,0.0009537222071852887,0.012914655239871505,0.001988855986382221,0.004471623124293246,1.0163704075561767e-06,0.017811779705666976,0.017738005648236983,0.00011208788276957453,4.798088171491137e-06,0.0016669588598476818
24,0.0010151257032877102,0.18364370171542926,0.001380761129520391,0.002407683151001645,0.01608508295005401,0.008495160230161954,0.05963789452753773,1.2994153433616457e-05,0.0002087463972854925,0.00031723412902893826,0.26068288790056643,0.058079559112225225,0.02760227701904439,0.3347426215064227,0.004195275812422932,0.001014796325333066,0.01045212215406972,0.0023314713750576953,0.0027896701294376734,8.6152681004503e-07,0.013502538156638298,0.009988061832534296,0.00010840214325070055,3.30482692432375e-06,0.001301766092521741
25,0.0010890796088702192,0.34338131565458657,0.0014513205806942536,0.0009701486981701703,0.010384198656429703,0.019890441865562332,0.056576530416040036,7.711876142531163e-06,0.0003749118006989334,0.0004512233821690429,0.14570858812963267,0.03498771472579305,0.010938621084461062,0.31886252206976873,0.007316319614887966,0.0005861621375970052,0.011438650956986254,0.0013646692618454082,0.0031003898950922744,9.457475004425299e-07,0.0110737328113584,0.017130439852118307,0.00010316289753389027,4.66144946463867e-06,0.0028065368265962135
26,0.002789211710656175,0.24062932976580695,0.0021351228966875724,0.0030365586199750084,0.013273390725876997,0.012862253494862025,0.07130789975200241,2.3583442144638408e-05,0.0007760401113145189,0.0004536876326417425,0.3126177121593702,0.02759323451122185,0.02105860708600937,0.2298182792771626,0.009414151648357934,0.0010352175936745927,0.018869255413050106,0.0019133972460476036,0.003356079392827419,1.1770841242619222e-06,0.010749788840824493,0.013818163414058329,0.00022510855120218444,1.4328268848992603e-05,0.0022284213612521328
27,0.001336775826742791,0.2306806950577342,0.0015435941712231515,0.0016201382021192767,0.01139495822154995,0.011603487820074004,0.10902602787917627,2.0864036640885132e-05,0.0004941363029592375,0.000630751715747607,0.24027234429625757,0.029524087756414373,0.016439584524981305,0.2666603396408405,0.013635509908410264,0.0009346978552722417,0.011787194082893651,0.001307409857614662,0.004625893928030056,1.2513833195514364e-06,0.014195204767623263,0.029714930174646284,0.00013737528857255457,6.726438864926697e-06,0.002406020862291457
28,0.0015737653811603825,0.23387572666608672,0.0019463385290853933,0.0019778246284267668,0.011728700538562365,0.01166031379869947,0.08214949099066736,1.8963711451286428e-05,0.0002692727676057578,0.00047048412498006066,0.26252779667012277,0.04617401618087507,0.02252888243319293,0.257444667318797,0.007990253147454145,0.0009537222071852887,0.012914655239871505,0.001988855986382221,0.004471623124293246,1.0163704075561767e-06,0.017811779705666976,0.017738005648236983,0.00011208788276957453,4.798088171491137e-06,0.0016669588598476818
29,0.0015737653811603825,0.23387572666608672,0.0019463385290853933,0.0019778246284267668,0.011728700538562365,0.01166031379869947,0.08214949099066736,1.8963711451286428e-05,0.0002692727676057578,0.00047048412498006066,0.26252779667012277,0.04617401618087507,0.02252888243319293,0.257444667318797,0.007990253147454145,0.0009537222071852887,0.012914655239871505,0.001988855986382221,0.004471623124293246,1.0163704075561767e-06,0.017811779705666976,0.017738005648236983,0.00011208788276957453,4.798088171491137e-06,0.0016669588598476818
30,0.0015737653811603825,0.23387572666608672,0.0019463385290853933,0.0019778246284267668,0.011728700538562365,0.01166031379869947,0.08214949099066736,1.8963711451286428e-05,0.0002692727676057578,0.00047048412498006066,0.26252779667012277,0.04617401618087507,0.02252888243319293,0.257444667318797,0.007990253147454145,0.0009537222071852887,0.012914655239871505,0.001988855986382221,0.004471623124293246,1.0163704075561767e-06,0.017811779705666976,0.017738005648236983,0.00011208788276957453,4.798088171491137e-06,0.0016669588598476818
31,0.0039494528712935555,0.2775481409141887,0.00395119909896911,0.0021749311897545373,0.013545431625414927,0.009135056393533486,0.09008504320084176,4.500371961688434e-05,0.00025917380927282905,0.0005519674420996954,0.2045925803890075,0.07260920024984009,0.037470629223106504,0.20347750298366993,0.005126271451120496,0.0010274388121609885,0.015912427623721394,0.004384828565424391,0.008911000607879893,1.639802136928148e-06,0.022229479618053476,0.020874261540624488,0.00010080907416090455,4.42102489449006e-06,0.0020321087692130846
32,0.0015259212779262924,0.24247322094769794,0.001966050953838754,0.0017334712136196446,0.01211186951021708,0.011947706250394916,0.084342195429457,2.0474415716733635e-05,0.000255867630748251,0.0004539924683386101,0.25568543514911046,0.04838468557284007,0.023699199845756764,0.24718995113526387,0.008331779099892142,0.0009615515018121276,0.012071211219362441,0.001828896948995272,0.005614250692417039,1.096696151703284e-06,0.018213614082868167,0.01942355435894628,0.00011376136992979028,4.208157147086407e-06,0.001646034071551514
33,0.0017305195780252384,0.25076121812047814,0.0029348542180572344,0.0018074958547120703,0.03262461169235105,0.011985062288447505,0.06281993710128149,9.812028594298186e-06,0.0002736269688461549,0.00039039277737004197,0.3414234843503982,0.012751925839739659,0.004621177472174646,0.17815491089511604,0.03682855119462102,0.00048216051718928075,0.002528891273838076,0.0007202759463853202,0.004587967007540401,9.240720148673479e-07,0.04020541580797912,0.00930321655106384,0.0002148549115056385,1.1403132794592568e-05,0.002827310399476175
34,0.0025726040359455834,0.32022064154259067,0.0019418910135906486,0.0009980106520878264,0.014124406737562578,0.006120701070166404,0.05333199329074374,1.7082565231772798e-05,0.000341474137910274,0.0003627161055725521,0.31098983601310065,0.03423566517458658,0.022336652866533455,0.17486362568734767,0.0071774710270864454,0.0005142118959555681,0.007462378755606533,0.00123495502987697,0.008550314264959107,7.504159540279746e-07,0.012560268151007784,0.018217624907712962,9.740473886088178e-05,5.0479990137473316e-06,0.0017222719209956563
35,0.017574800012086687,0.34674336508254616,0.0018470138097258304,0.0015806433553505117,0.004887789643916248,0.003528540850168699,0.11768189395311161,0.00010948880099952675,0.0007644516084905788,0.0010531952730081548,0.09004682882456343,0.1312813932634018,0.05316121512299751,0.10716022399095607,0.0010168031899044163,0.001332183938890882,0.05340988155669697,0.01718128514510959,0.008518060524282289,1.2447174359774861e-06,0.009613003944213157,0.028374373211264653,4.4823770161642876e-05,3.0646917544545386e-06,0.0030844317189630756
36,0.0010219814445640441,0.1858123038883852,0.0007857190531369195,0.001608157274513802,0.003435331884352949,0.015539241656970683,0.14757254211037515,5.454878197443311e-05,0.0005805463869962146,0.0005219088181323766,0.11439934622899124,0.08995466782336739,0.047591803244739384,0.2515304661992094,0.004632219250763202,0.0024046252952362713,0.06865276254290695,0.0023898956912651727,0.004390176052477876,1.2938168740070778e-06,0.00618350703147421,0.04933418035368076,0.00011238845097920618,2.067723685318255e-06,0.0014883189949479667
37,0.0013346096158853625,0.2555023037281241,0.0017597239325481454,0.0017725217087944177,0.012106799197400707,0.01303397123832432,0.08734015055309197,1.9640175624525453e-05,0.000285006158703141,0.00045101336683714015,0.24164293190802574,0.0462160463925583,0.02282026438749053,0.2491650223553348,0.008511302524683672,0.0009900450359525024,0.012467812974613829,0.0016348338638473377,0.004828367531085733,1.005411145429742e-06,0.01768562468889108,0.018690024983786788,0.00011406467003130114,3.876683803704632e-06,0.0016230369134153596
38,0.0020458641046360608,0.24329118856324522,0.0017866630527013793,0.001771395935827896,0.01678400682136084,0.0032488708380787857,0.04188603961251873,9.547220529642889e-06,0.0004798608853982671,0.000512845347902766,0.22407448990590953,0.03378394328402658,0.012543029013549131,0.36757592382613946,0.004022549189945091,0.00030746928607913216,0.009247279419834602,0.002762234962414638,0.00184420514446761,6.961151069060043e-07,0.010083636584021645,0.018675524949462913,6.959125348992894e-05,7.3937519508517075e-06,0.003185750931402513
39,0.0016707007311632758,0.201991681523611,0.0020276864255157584,0.0025827674941050122,0.01012682715697182,0.017338645777608103,0.1575204318307382,4.318933394629506e-05,0.0002439699564602843,0.0005464729183562967,0.20197905994998147,0.057877030219908074,0.02566874105821867,0.21944608625221135,0.011893296300899381,0.0016750701115342517,0.01790360502399145,0.002437978774901756,0.006919495524311788,1.6693727589327488e-06,0.03266354654797626,0.024949602783440543,0.00019407901248955068,3.8522040610721295e-06,0.002294513714839404
40,0.0007075248798629126,0.3614678500324774,0.002942835176320892,0.0006279253614918307,0.016800869405997898,0.011671827491666177,0.03505913034873693,5.644715488806292e-06,0.00010081542811669592,0.00022831500920440383,0.18861249834800042,0.051076259477076884,0.012814389264024888,0.2658971938313857,0.007768548512696042,0.0002744431156277214,0.004502448335318741,0.0009321813918333332,0.0048983875074061715,7.009659681677828e-07,0.015297242777443694,0.017040486124206573,4.1652021418209654e-05,2.216053495916144e-06,0.0012286144247337036
41,0.001140954120105062,0.42096866285815693,0.002117288925850833,0.002516492068629311,0.023178741228432866,0.015813723318983633,0.06652006417149238,1.670676904665621e-05,0.0007878629704735043,0.00043722318195464947,0.19023063027417206,0.022740217543991713,0.024688782304815252,0.19157220533751326,0.006444897704224562,0.0011093348217428077,0.010676165058365498,0.0007986102228685073,0.002568107305991931,5.616531193538796e-07,0.006836865887596262,0.007766931784811234,6.76146392329937e-05,4.823711782543533e-06,0.000996532136646202
42,0.0014631455049097456,0.2668941549391972,0.004079725466772112,0.0013315145084588646,0.008907802105879228,0.012061685954859274,0.10450381011509072,9.050799039406181e-05,0.00023126253191148332,0.0006847875020144723,0.19070189211866748,0.059422769001087984,0.034463875424318675,0.13614950932284942,0.014551387190137485,0.0010306357516371698,0.015571223544901883,0.0008289789690320683,0.022971054271423486,1.6164012563418278e-06,0.03592981399300148,0.0872353024730283,7.348115809472257e-05,2.6364054059641855e-06,0.0008174273556702978
43,0.0018527628132640936,0.18780984859677916,0.0025439107645412015,0.0025124314551488013,0.013436582227582598,0.016860657925628984,0.10693286714591776,3.4126350169928954e-05,0.0006469599489687181,0.002039532753608576,0.2167566408457541,0.02205092420040024,0.015902419232776698,0.3076176658503251,0.012797094953591106,0.001539668239671848,0.013016064052878777,0.0016277406466126848,0.006593811267969351,2.827253628243151e-06,0.024394219167035013,0.04067825911174437,0.00014331020864142603,1.0768184476197352e-05,0.0021989068028850727
44,0.0015737653811603825,0.23387572666608672,0.0019463385290853933,0.0019778246284267668,0.011728700538562365,0.01166031379869947,0.08214949099066736,1.8963711451286428e-05,0.0002692727676057578,0.00047048412498006066,0.26252779667012277,0.04617401618087507,0.02252888243319293,0.257444667318797,0.007990253147454145,0.0009537222071852887,0.012914655239871505,0.001988855986382221,0.004471623124293246,1.0163704075561767e-06,0.017811779705666976,0.017738005648236983,0.00011208788276957453,4.798088171491137e-06,0.0016669588598476818
45,0.0014521132376078755,0.21484104666281892,0.0024509526346463435,0.0025133236297644633,0.011744024092295963,0.016223992837993046,0.12417795439905384,3.1185678993197415e-05,0.00030200453868667315,0.0005369375387406171,0.2690714443421951,0.03669528136887618,0.024678457848974555,0.21723273614247166,0.014196344505750727,0.001374304234130743,0.01353301862446646,0.0014895888109226665,0.00576470965395563,1.2182799764732191e-06,0.019299113706076197,0.020867553849721936,0.00012474440915669234,5.575444310818923e-06,0.001392373528413284
46,0.0020187327791612673,0.1426466743190901,0.0018890077886809262,0.004429962021417349,0.00248295382449856,0.023760751452858508,0.05795030423580189,4.1303797172851026e-05,0.0001938157739073348,0.0004190861047178344,0.30371494428819806,0.09272704911272732,0.047981020537912596,0.17547836422601967,0.00485506379137694,0.0021803316771272195,0.09415737071976145,0.0032157543472519784,0.0029488056946390486,9.40244638837689e-07,0.01895855445307454,0.01721830337870612,0.00014190337808436115,6.7133039471179356e-06,0.0005822887492282798
47,0.0029779679577592753,0.43607782556047203,0.0011939853873719527,0.00041523832027192157,0.004144500044881529,0.006764982766702016,0.08321222888216326,3.026962442751495e-05,0.00023859639326232924,0.00048036841138223796,0.10090484265337243,0.11974901396589395,0.025262646025906336,0.11545359763816085,0.003423969874878018,0.0005698929605790927,0.01956668941705083,0.002705314831689735,0.011436005727651806,9.12506868141135e-07,0.014534194849712129,0.04865005048541202,4.092179625712042e-05,1.483424051878479e-06,0.0021645004938215763
48,0.0016533114934877036,0.2982766558603964,0.0020225548286581588,0.0018650017598048382,0.007191495000731927,0.020363165952988937,0.10620194971300297,3.6105635447935605e-05,0.0002786443911044158,0.0003943686150392094,0.2208045181189871,0.05861149779596829,0.03956622252938303,0.16492760526034944,0.007833249368915246,0.00137196789481953,0.023899878189494465,0.0015296506166171664,0.007337246227186544,9.502194291411214e-07,0.015906557562871126,0.018785253638280573,0.00010445808822847499,3.1363757676727127e-06,0.0010345548630395823
49,0.001082387917861517,0.2684042798314619,0.002683531034256034,0.0013648438012327626,0.009624168163083468,0.015035492329100026,0.06009111567862627,1.4799836979892181e-05,0.00014967420936167871,0.0003942769471857727,0.20829172278228883,0.0732487721146275,0.02332650603241207,0.2645546342270244,0.006517329411941446,0.0006513897256568051,0.013276883869911642,0.0019058577271534446,0.004835066407676516,1.106137931291044e-06,0.020412421250471907,0.022875570126214377,6.530109921205897e-05,3.113234349098643e-06,0.0011897561039792527
50,0.0021321495130949813,0.2183697230402204,0.0015987826208288126,0.001356967370137759,0.011982118069889844,0.006889653314987581,0.19683519279336412,3.102936239121236e-05,0.0004519295214545073,0.0011086067258916196,0.15910959337944808,0.02978355309900654,0.016759344935273424,0.26224134596113036,0.010092650245006957,0.0009643187244284847,0.009034621593971526,0.0024600502809959094,0.0073223103780204,1.6489581531842542e-06,0.016769220086438656,0.040202036901617916,9.94366075402349e-05,4.5755845526270125e-06,0.00439914093215494
51,0.0012180862978492938,0.2995228981092044,0.002353311776531018,0.00299978710420773,0.012283989710706567,0.007627321339951861,0.057973502003444956,1.749775042122039e-05,0.0003600641064753302,0.00043396912903180795,0.2716777240950969,0.035901089833899794,0.028014293204514058,0.22989342812195007,0.005353814362865315,0.0005958675148723174,0.01382035748779501,0.0012382014054910578,0.0020323139758262315,4.360919555584511e-07,0.011707080331917264,0.014195027671939251,4.37110321340721e-05,5.163391143207695e-06,0.000731064150775649
52,0.0020532005751556183,0.0817251390582523,0.0024526826458265063,0.004533432124860613,0.008383306483606684,0.011480144747194932,0.05894706415601514,1.614729382649066e-05,0.00025976476853103325,0.0009049694127615947,0.3898551123903333,0.030317731419013283,0.024952264293442165,0.3278009116484449,0.005085247010436114,0.0017048437462379195,0.01791808552229656,0.004306148313541488,0.0021586303616438194,1.6920424043183276e-06,0.012332397196620548,0.011618984643438707,0.00011488488269378309,1.5014992099271807e-05,0.0010622002713228502
53,0.001485091762103326,0.21676065913977324,0.0017132848453430317,0.0021161984550871647,0.011636621331692366,0.011845451102260329,0.10390954309523957,2.086421878717839e-05,0.0003038674018912408,0.00048144260647928574,0.25898101107863475,0.041695155865700995,0.022114604022850898,0.26040082998593433,0.009277407353432247,0.0010710270627994124,0.012761300340313322,0.0019693616751364582,0.004272333458157632,1.0864206836736947e-06,0.017121393391363177,0.01805301059368521,0.00013029846407157185,4.991536181490875e-06,0.0018731647923981942
54,0.0012482294864580579,0.04885474595136972,0.007460776035051706,0.0067279437300059395,0.01123801825372213,0.010068221905429142,0.03003203941015041,2.403383276113456e-05,9.734553331806768e-05,0.00031949193544041944,0.6167775822254711,0.015318059663508328,0.022612125060397083,0.16698470488179082,0.0120412796512477,0.0007243496348207781,0.008886823456295833,0.0010618959774672371,0.0034584787853640083,1.3185294564483173e-06,0.025967863697396863,0.009631118792753319,0.00014082630243871563,1.5199394960631882e-05,0.00030752787292442755
55,0.001323827397177978,0.14189387565181247,0.0029822304791534224,0.002936237511308996,0.009984141645308574,0.01892473802884414,0.0846147524776844,2.8748513090697557e-05,0.0002530909923267587,0.0007297102470162439,0.3320628884170021,0.022962591580504635,0.021825981075830125,0.27234846689731057,0.015344242198423622,0.0013079019955413802,0.013818800767603003,0.0011844695367860196,0.005893208394044164,1.5933479829668702e-06,0.022719784943177977,0.0255604727493203,0.0001694321677069556,8.37943408442347e-06,0.0011204335509578855
56,0.0014746984846657524,0.2419823984767863,0.0018625645056771008,0.0018776034240926484,0.011521985498698883,0.010914928037334088,0.07945347384694539,1.8261654779166658e-05,0.0002601641931218903,0.0004220285376935917,0.2646244770592979,0.049024811982125785,0.025552259632608775,0.25000569473299183,0.007086733414601773,0.0009009488413305216,0.012731247466010552,0.00195597445528828,0.004334113834212216,9.491480007634854e-07,0.01582584176288407,0.01653239072891994,0.00010152597338109834,4.335914097098595e-06,0.0015305883944546576
57,0.0013339247066848762,0.2981767687963131,0.0024498850505347597,0.0008342276906221662,0.012544522629116603,0.00910341276160894,0.061006000024822635,2.4422517748575496e-05,0.00011949789711362305,0.0003139601985538082,0.19845523430547246,0.11076200726040306,0.02894102594299265,0.18350147394380595,0.006083698577698903,0.0007012026371542527,0.009970538471676048,0.0016023135951071983,0.014126225811960193,1.1172307553911737e-06,0.02674840553019323,0.03200098974646492,6.554755016062935e-05,1.5128721262013264e-06,0.0011320842509098788
58,0.0016017248898610242,0.21749638051573822,0.002132666466671563,0.002102334457892562,0.011152696217804464,0.01160542831439808,0.0788599611793579,1.8778762577457912e-05,0.0002876804809319279,0.000494098716862806,0.29390342332818375,0.04001594865377777,0.02167076204615768,0.25225644127654845,0.009361818545729345,0.0009253433181097628,0.012776219611787116,0.0018269863215316542,0.004253428199712652,1.0548929103942154e-06,0.01699898472150852,0.018542012800246487,0.00011455299991893226,6.596572805633659e-06,0.0015946767089758873
59,0.0015870592539112684,0.20728070040461935,0.0023428544953724055,0.002254629198476165,0.011784857810998946,0.01147275670198959,0.07415524197098841,1.7659402704878465e-05,0.0002920754163361006,0.0005399613116335668,0.30143843894247746,0.03669543024510641,0.01915965611306367,0.2638961183594046,0.009996131268694563,0.0009011304257264187,0.012269519483779774,0.0018171325230196351,0.003978951164698088,1.0905504586033986e-06,0.017834267808353396,0.018536376308470028,0.00011385570859436857,7.785948932109522e-06,0.0016263191821903082
60,0.0015737653811603825,0.23387572666608672,0.0019463385290853933,0.0019778246284267668,0.011728700538562365,0.01166031379869947,0.08214949099066736,1.8963711451286428e-05,0.0002692727676057578,0.00047048412498006066,0.26252779667012277,0.04617401618087507,0.02252888243319293,0.257444667318797,0.007990253147454145,0.0009537222071852887,0.012914655239871505,0.001988855986382221,0.004471623124293246,1.0163704075561767e-06,0.017811779705666976,0.017738005648236983,0.00011208788276957453,4.798088171491137e-06,0.0016669588598476818
61,0.0017255516111703588,0.21059408338456645,0.0026658366828198996,0.0023964543173342233,0.011848699289100333,0.012132231910201503,0.074028494827012,2.0140847961390094e-05,0.00027194984302731257,0.0005385050829812927,0.2963842827763997,0.03944555602017839,0.021055398978316337,0.25761349951840234,0.00958656015229233,0.000931107763940461,0.013106985454139233,0.0019623847031554923,0.004332855007303926,1.133074541802755e-06,0.019068043096644484,0.018649320891887502,0.00011129473730157926,7.257958777598983e-06,0.0015223720705440445
62,0.0015737653811603825,0.23387572666608672,0.0019463385290853933,0.0019778246284267668,0.011728700538562365,0.01166031379869947,0.08214949099066736,1.8963711451286428e-05,0.0002692727676057578,0.00047048412498006066,0.26252779667012277,0.04617401618087507,0.02252888243319293,0.257444667318797,0.007990253147454145,0.0009537222071852887,0.012914655239871505,0.001988855986382221,0.004471623124293246,1.0163704075561767e-06,0.017811779705666976,0.017738005648236983,0.00011208788276957453,4.798088171491137e-06,0.0016669588598476818
63,0.001560874316699006,0.254152587684957,0.0018759715928502202,0.0018218736203286783,0.011666008279108615,0.01133573762660936,0.08038217274222594,1.8142128438951366e-05,0.00027463477051085564,0.0004521356981487064,0.25554342848179296,0.046482492426440404,0.022256374862182186,0.24826984593543827,0.0077946902940775,0.0008888689397445092,0.012542205254469845,0.0018833909159307802,0.0044284483229152195,9.363960153552782e-07,0.017059476677162694,0.0175417425592234,0.00010407439811417937,4.530874342236689e-06,0.0016593552022731357
64,0.0015401473886109416,0.2429640430560483,0.002225392214085507,0.002062302053807019,0.013192510306995791,0.011434388226965896,0.08131973623548154,2.0468595349036008e-05,0.00022853006368245567,0.0004765464556135718,0.27427293518731277,0.04639120798272566,0.020445076309670133,0.22929860206266314,0.009421445418727414,0.0008672512595348002,0.010555713367490336,0.0017465760187633007,0.005082063292457284,1.044964789748284e-06,0.02676749032590006,0.018016395190367074,0.00011390580310345311,4.727690673568311e-06,0.0015515005291812304
65,0.0014135138555840937,0.23107171459192438,0.0022343890614162205,0.002089735359955635,0.011841801114622515,0.013138013187389948,0.08360289082630584,1.9577288612775618e-05,0.00024902074162095933,0.0004570127098819062,0.27603361506029556,0.04100820685301264,0.021830362210239467,0.24675790485791832,0.010033951291828979,0.0009397039415109161,0.012244135564700965,0.0016261577700292648,0.004598517039204735,1.0011204467069058e-06,0.01920670103426244,0.018008601724755657,0.00011246513734126931,5.108705802376723e-06,0.0014758989513364406
66,0.0010732662870424567,0.16275593668686392,0.0021028204477979424,0.0024441898056155476,0.015524879131443023,0.006688365243557232,0.036007762576154276,7.94550093041378e-06,0.00014365473686231067,0.0005167610682648992,0.32562066329460404,0.04731707693765937,0.018819587547892928,0.331592174008371,0.003979509030213175,0.0007747346685907585,0.009050651816206484,0.002236195433664605,0.0021631836603450945,6.625086306432321e-07,0.018902696161697662,0.011249431550173458,5.762644175734535e-05,4.6994702513980244e-06,0.0009655259854099672
67,0.00019084785526827296,0.052625033163819335,0.0005144930230683585,0.0008238310466609915,0.001518323960835045,0.039006874013820435,0.027639346457181656,1.7106598133940186e-06,2.912166544272589e-05,0.00018327086121748648,0.18911990412766164,0.03631277335327712,0.007198341906918112,0.5923337962841255,0.005911769692219351,0.0004202677331768277,0.0135806417106464,0.0015615287881250027,0.0008169446129381729,1.7113205800232635e-06,0.01849178095741096,0.009983304260173017,0.0002823645637835643,4.334843626466983e-06,0.0014476831382101544
68,0.0015030392639784327,0.1406362073122183,0.0020936257170174853,0.0029262796544194986,0.006854907273305491,0.01038738562349713,0.08971130813862403,2.4216966682639447e-05,0.00010798952544571396,0.00025096713676566666,0.22087669275403296,0.1190121932726948,0.06241229425035654,0.2793279053697489,0.002249894426610288,0.0010562208509944653,0.020835626197417044,0.007286432781943828,0.003187506499577917,1.336449460822667e-06,0.019333345773314806,0.008632268174261977,0.00010981821025453176,2.0181217888177612e-06,0.0011805202555879497
69,0.0015276406504550958,0.2287484081987437,0.001954753500248071,0.0018911267963349437,0.010963901173997294,0.012204527969765662,0.07987985765606122,1.8688081283196467e-05,0.00024360443722823506,0.00045650821328303983,0.26626733349765774,0.04816920816107196,0.02303583863710738,0.2574025592121726,0.007946690600895537,0.0009296957985683998,0.01308356926502529,0.001970223807075411,0.004704188191037146,1.0587222730767318e-06,0.01871453195935516,0.01817438139202443,0.00011401595566822693,4.6425734216349065e-06,0.0015930455492455147
70,0.0015870110424804926,0.23591545513247753,0.0019450608458762629,0.0019429438766079739,0.011686371853520805,0.011509457211584516,0.08208694062330249,1.892841371624203e-05,0.00026674946185937766,0.0004679502601271329,0.263103897066768,0.04621545161221438,0.022391827819551756,0.2549795750300387,0.008038068672632017,0.0009373034055608446,0.012772673022949212,0.0019754339316025876,0.0045336069048312125,1.0052058892045117e-06,0.01793588725080798,0.01789942421126292,0.0001111059152353332,4.7611674899490136e-06,0.0016731100616129212
71,0.0019766167550371422,0.23479818093394694,0.000611024297416135,0.001762461708468806,0.015727850750902883,0.005356717178898556,0.08053895373808678,1.658928847539463e-05,0.00048213814510099514,0.0004582811290221574,0.2553840921583411,0.0639619328611549,0.023192439321787172,0.26475567097374786,0.0040440239833950545,0.0015094020789975504,0.012186241114418348,0.0031754789564089484,0.00300853458631586,8.371459218591519e-07,0.012564492252914086,0.011774942438696387,0.00015165242954838108,3.705882275734077e-06,0.00255773989072104
72,0.0018251432516229404,0.18292379029471795,0.0019408601060735351,0.007387853243166158,0.015728311001405492,0.02785392218690922,0.1519868820679196,2.4119729693405807e-05,0.0004176876318086338,0.0006352140604358317,0.319271653398116,0.031463807795496825,0.036607170811976994,0.17206752548477536,0.006475944727107804,0.003915833202646743,0.016010332003586085,0.002772629088819921,0.002222086213427511,1.0827118205697787e-06,0.014185621140328543,0.0033590591059101363,0.00011443759045723199,8.936509175252687e-06,0.0008000966426022083
73,0.0023856312351483756,0.17868365987940785,0.0012960120139297285,0.0025706834186884913,0.006717329675396383,0.019682759560372753,0.08395335683579515,2.6468929542668228e-05,0.0004270154739005432,0.0005310485045361168,0.23806005813954617,0.06024872200645943,0.040576034835864055,0.28965301420958844,0.003687104644123412,0.0017606458711355202,0.03136154010688142,0.00417668131082401,0.0042136374484769805,2.1796070481564173e-06,0.014552147709792018,0.013115681032594122,0.00028221140088863526,6.147947981746019e-06,0.00203022820207789
