,0,1,2,3,4,5,6,7,8,9,10,11,12,13,14,15,16,17,18,19,20,21,22,23,24
0,0.006215895359163845,0.00028001688238059633,0.09590862380434617,3.876182442497787e-05,5.712729926869519e-06,7.519084439423698e-07,0.6309538040888764,3.23029794451875e-06,0.000621230401053183,4.930485195617414e-09,0.26475753329409646,0.00012607634148697686,7.325752065116897e-05,0.000746307653464994,6.875752732629571e-05,6.840724644087071e-08,4.5477516735123513e-08,2.329073553433973e-06,1.3704900503511519e-05,3.888954245672486e-06,5.504917550140583e-08,1.9847460837339916e-07,1.073347457194398e-06,0.00015664345024795498,2.2028301373625335e-05
1,0.005076975120604654,0.0001987722397782487,0.11866292701201006,2.5176534909515117e-05,5.2434220263733456e-06,9.411366914629169e-07,0.6531867588812833,3.2816104355229208e-06,0.0014834647839134481,5.451420023858419e-09,0.22035018255767624,9.721240027955927e-05,6.281887792126544e-05,0.0006227120252083671,8.20743767431292e-05,9.714760634730466e-08,2.5748631816642854e-08,1.1427804225014016e-06,2.315518849231008e-05,4.118582437085208e-06,4.369710151654104e-08,1.6113008409031677e-07,5.232172628149805e-07,9.436032329654162e-05,1.7825753763907298e-05
2,0.0061969603275864255,0.0002022573012463986,0.06896099524466086,2.669852965788453e-05,4.738721821249919e-06,8.80228157774592e-07,0.6616384993450427,2.8716269177120878e-06,0.0005264555462219257,3.764713719917274e-09,0.26131080024772535,0.00011563709176913787,5.3800684252953634e-05,0.0006785832339510179,0.00011417773902248224,1.013096990570732e-07,4.603796681285171e-08,1.6301163169747678e-06,1.4298861653720453e-05,3.6208252336945086e-06,5.3000461411139856e-08,2.2967407035436715e-07,1.5505078171984085e-06,0.00012729370387725322,1.7816330156101345e-05
3,0.006115481749109533,0.00023361585620135467,0.10132886263240931,3.2658984671922224e-05,5.581996315249258e-06,7.639479336061274e-07,0.6187991845768287,3.029753588519422e-06,0.0006647255046545478,4.258437722357411e-09,0.2716990991440528,0.00012568376567958343,7.311634135828242e-05,0.0006688601714867279,6.531650233914832e-05,6.659948528455255e-08,4.0175727600909575e-08,2.0400015072687814e-06,1.3184188956026828e-05,3.770619673829145e-06,4.6193426011227414e-08,1.738557213053569e-07,8.943529562414623e-07,0.00014589412823854257,1.7904699240889643e-05
4,0.005700050585770437,0.00024078137607859394,0.10819408807400421,3.362641645143413e-05,6.55535686967591e-06,8.260107654010374e-07,0.6163623472382462,2.7998549528256324e-06,0.0006444188529689136,4.488386358623004e-09,0.26757007438982083,0.0001287704805703844,9.281748684316922e-05,0.0007779161133407412,6.127380379786261e-05,6.76577395442733e-08,3.8527510425083175e-08,2.038020262702424e-06,1.236170563460765e-05,3.842882753478514e-06,4.2466469225833984e-08,1.696724057131057e-07,8.985249252288209e-07,0.00014889628565561836,1.5293727776301162e-05
5,0.005940374131206493,0.00027945747844665024,0.101287454522933,4.5250054756197686e-05,6.2230446045065265e-06,7.513430318213761e-07,0.614075185668644,3.322179487803241e-06,0.0005728569393998476,4.937394750969199e-09,0.27655974070275335,0.00012713580799825238,8.701015911050425e-05,0.0007393121160517735,5.558216694935402e-05,5.96979058348054e-08,4.6256325160155205e-08,2.8645945651759962e-06,1.1558825358410472e-05,4.251163367802111e-06,5.2729352270687426e-08,1.757614126942883e-07,1.0975109246869498e-06,0.00017989218868321325,2.034001933624119e-05
6,0.006115481749109533,0.00023361585620135467,0.10132886263240931,3.2658984671922224e-05,5.581996315249258e-06,7.639479336061274e-07,0.6187991845768287,3.029753588519422e-06,0.0006647255046545478,4.258437722357411e-09,0.2716990991440528,0.00012568376567958343,7.311634135828242e-05,0.0006688601714867279,6.531650233914832e-05,6.659948528455255e-08,4.0175727600909575e-08,2.0400015072687814e-06,1.3184188956026828e-05,3.770619673829145e-06,4.6193426011227414e-08,1.738557213053569e-07,8.943529562414623e-07,0.00014589412823854257,1.7904699240889643e-05
7,0.012981349466289644,0.0002820346675554348,0.11976111717988068,6.179480820285276e-05,2.2564440445499885e-05,3.626391607640233e-06,0.5764977336367717,5.971528215207817e-06,0.0009202749669857531,1.1296070335833102e-08,0.28586240069660046,0.0004139396933343869,4.095406674009478e-05,0.0025680012096043494,0.0003016449988516134,4.521329625839199e-07,1.2197370153914206e-07,3.613473967503552e-06,5.709182689179204e-05,4.099555151137005e-06,2.7983152937228784e-07,8.889263615368003e-07,5.869961329853777e-06,0.0001284436711451238,7.57195998037825e-05
8,0.007324782805752436,0.00028266431531545535,0.13582282931590342,5.7126307916912076e-05,5.3606201417094e-06,3.475024651441594e-07,0.7343314200270513,4.271216024312491e-06,0.0004903646266856152,5.596438812196562e-09,0.12030988331397786,9.921203519196295e-05,9.185922340478344e-05,0.0007829478402621448,5.351301830056342e-05,7.118244593047294e-08,5.643779080117962e-08,1.6448729768774998e-06,9.853617397588446e-06,3.851423463769369e-06,4.359193789480845e-08,1.3050731345749537e-07,1.2398296313314345e-06,0.0002912650266494919,3.525574556040842e-05
9,0.006040986114787345,0.000309863789188403,0.2138430791795734,5.4769099492731874e-05,5.867119377110379e-06,2.413869551552202e-07,0.650392587042291,4.452195361005402e-06,0.0007003547967865963,4.9040440723886065e-09,0.1273796098839271,8.319029502685289e-05,0.00013974070819561873,0.0005628686440855183,3.744180527429675e-05,3.9045756990982616e-08,4.8079872801915244e-08,1.450421486572172e-06,7.586049954664998e-06,4.072166773468261e-06,2.7077145815106537e-08,8.013568401807623e-08,5.65516845985652e-07,0.00040433246541044296,2.6742076703106986e-05
10,0.006115481749109533,0.00023361585620135467,0.10132886263240931,3.2658984671922224e-05,5.581996315249258e-06,7.639479336061274e-07,0.6187991845768287,3.029753588519422e-06,0.0006647255046545478,4.258437722357411e-09,0.2716990991440528,0.00012568376567958343,7.311634135828242e-05,0.0006688601714867279,6.531650233914832e-05,6.659948528455255e-08,4.0175727600909575e-08,2.0400015072687814e-06,1.3184188956026828e-05,3.770619673829145e-06,4.6193426011227414e-08,1.738557213053569e-07,8.943529562414623e-07,0.00014589412823854257,1.7904699240889643e-05
11,0.0059805122369755576,0.0002376120188185005,0.10061322781733814,3.320123584460628e-05,5.546760335032551e-06,7.443914620450817e-07,0.6216971014113857,3.0011445116391246e-06,0.0006373399407857029,4.3260623118738875e-09,0.26966716272614283,0.00012549954596740553,8.198629304128167e-05,0.0006674167276711145,6.065818570665237e-05,6.404331874314572e-08,4.054359294625062e-08,2.125333798998678e-06,1.22898964777919e-05,3.907706410508156e-06,4.375817450880437e-08,1.699966823926934e-07,8.887135908554678e-07,0.00015270721417332545,1.674803173156518e-05
12,0.01774705088950701,0.0008143581902967342,0.08036032418722518,0.00010572190536011872,5.9896948045064135e-05,4.478116200370042e-06,0.4525134118934856,2.6135821210003364e-06,5.57511509563982e-05,1.2362153696832847e-08,0.4371477789686991,0.0012545513454376791,0.00022268071030607104,0.009107360684942528,8.812247805975001e-05,2.5605905223267427e-07,4.1057588187539553e-07,3.474258530933644e-05,1.0515814900243515e-05,3.84202245939693e-06,2.66402060466541e-07,2.2919331995719877e-06,3.13356324461675e-05,0.0004040005853812687,2.822497651312578e-05
13,0.006155343209475739,0.00021828700143542562,0.10336029662356234,3.14135417123805e-05,5.580739696819923e-06,7.364577581966867e-07,0.5960760663327821,3.0270958137548526e-06,0.0006589231286185554,3.806783719677081e-09,0.2923673525540018,0.00013955633095637498,7.109196154759078e-05,0.0006733503992441805,6.556904429856916e-05,6.297510019843455e-08,4.11964149210636e-08,1.9743064673253904e-06,1.3362365652765084e-05,3.676203660592607e-06,4.6592988754268223e-08,1.7525253297184742e-07,8.538460471665869e-07,0.00013617352815876465,1.703550528898465e-05
14,0.002303921561381083,0.00355032836160035,0.10433953039168177,5.0162417862201524e-05,2.0328861723858132e-05,1.7350176146050836e-06,0.540350427083469,3.66310872641989e-06,0.0020484375867670284,3.69509976605287e-08,0.34558741494886086,3.582108508612504e-05,0.00039071283289276044,0.0007794041250040172,7.827589362839961e-05,3.480287881065106e-08,4.003718766868472e-08,4.531298178579013e-06,1.90459514858734e-05,4.477592128583014e-06,5.184768086428413e-08,3.3369200413264296e-07,5.077332839761685e-07,0.00041803495991025975,1.2741857965044564e-05
15,0.006115481749109533,0.00023361585620135467,0.10132886263240931,3.2658984671922224e-05,5.581996315249258e-06,7.639479336061274e-07,0.6187991845768287,3.029753588519422e-06,0.0006647255046545478,4.258437722357411e-09,0.2716990991440528,0.00012568376567958343,7.311634135828242e-05,0.0006688601714867279,6.531650233914832e-05,6.659948528455255e-08,4.0175727600909575e-08,2.0400015072687814e-06,1.3184188956026828e-05,3.770619673829145e-06,4.6193426011227414e-08,1.738557213053569e-07,8.943529562414623e-07,0.00014589412823854257,1.7904699240889643e-05
16,0.006026135728324464,0.00022654662539262318,0.10443285840362479,3.197361613155174e-05,5.7160412082169586e-06,7.470707404208554e-07,0.6139693239423397,3.0118682678845507e-06,0.000676374176988561,4.070994376875838e-09,0.27352560186132097,0.00012444537915923663,7.428485253907964e-05,0.0006510509867796999,6.581036461541292e-05,6.490385569738871e-08,3.978377723151738e-08,1.935079802076585e-06,1.2971272119397948e-05,3.6964701245553133e-06,4.338703081778961e-08,1.665044660433351e-07,8.745146531250856e-07,0.0001489371586560793,1.7385937088125657e-05
17,0.007187934795938516,0.0002370530828512704,0.10606713447451478,6.274709126277316e-05,6.650301657110413e-06,7.467332424934255e-07,0.6477520263236498,3.2720162025508385e-06,0.00039492488870622726,4.808869938520288e-09,0.23651083066969397,0.00019337138684455662,9.986446696769373e-05,0.0012428376705657274,4.1405190960555854e-05,7.506627089289912e-08,4.7628780240103306e-08,3.354077061665591e-06,1.0731361546860443e-05,4.894229178286418e-06,5.7245259140382166e-08,1.8547768021037553e-07,1.6155492266377833e-06,0.00015386186553057861,2.4373597537439063e-05
18,0.006485904593294437,0.0002375825125705137,0.10130004754865124,3.282710816515419e-05,5.426250485889673e-06,7.180271512890046e-07,0.6246062124221727,3.0784862274706775e-06,0.0006257265385283898,4.2676118368302615e-09,0.2655745914575013,0.00013167968003092737,7.382986186850682e-05,0.0006642315489563705,6.371499946817263e-05,6.555821158671404e-08,4.353582435379122e-08,2.1686094410275893e-06,1.2804371320190456e-05,3.7221422567817787e-06,4.71662995475972e-08,1.8061468205473492e-07,9.132858527639881e-07,0.0001558665711163157,1.861284231122453e-05
19,0.012396843943299122,0.00013163020286504674,0.004976553194435173,9.388815890998316e-06,3.738405174245028e-07,4.4231876807830844e-07,0.8229775150780887,7.291000947644354e-07,6.21528198323048e-05,1.0599237140717978e-09,0.15904672436265072,1.9457432962286568e-05,6.729323021277104e-06,0.000152171164290789,9.911465605173137e-05,9.582677936226024e-08,2.417178391387251e-08,1.9271763422084153e-06,6.963748243790277e-06,9.92127785748053e-07,4.1417949168220486e-08,8.345326759937796e-08,4.6282593730404426e-06,8.608623261875663e-05,1.933027316420775e-05
20,0.005759444416567156,0.00034770339067964,0.11316382966450353,4.034440506894548e-05,8.418967640762125e-06,7.768530042755178e-07,0.6026274276648629,5.8731196076938075e-06,0.0008956810265234202,6.73324727390333e-09,0.2757682115534162,0.00015959428952027225,8.924175993450773e-05,0.000788976587228733,9.978821522290887e-05,7.122962896339387e-08,7.413883224751915e-08,2.3909542620033305e-06,1.9525445305667473e-05,4.777048581586076e-06,6.886522612627101e-08,4.0458607671260004e-07,1.106762319938234e-06,0.00019568914042447468,2.0573182314127778e-05
21,0.008195192248418626,0.00013755501527556074,0.0960602004127595,2.8143742446367286e-05,4.046232050814132e-06,7.98600364898194e-07,0.6749288938068239,1.8961285489332346e-06,0.0003532885062798467,3.1740597502997285e-09,0.219036943187412,0.0001968089214834929,8.292708691115328e-05,0.0007940906218166524,3.907101779463719e-05,9.312892997721365e-08,3.110678626057215e-08,2.2037906891424417e-06,8.63945475566615e-06,4.052056326575431e-06,3.709824446852995e-08,1.218097230071878e-07,1.0123496041132375e-06,0.00011013793079429341,1.3812571700454475e-05
22,0.006689254013000664,0.00017203054224004387,0.10048298981417524,2.762544395093457e-05,4.86371304563331e-06,8.755223757237214e-07,0.5565366112759739,2.560848630708748e-06,0.0004850553097390411,3.2091080222648455e-09,0.3345203062666997,0.00015891663164576563,5.787982778675897e-05,0.0006539151200074905,5.346914970562605e-05,7.097960931728062e-08,4.37305273683155e-08,2.7205735879570293e-06,1.0663605030741295e-05,4.006251765543229e-06,5.408075203934803e-08,1.831046773687604e-07,9.355166099026973e-07,0.00012132627194338431,1.3639197411105433e-05
23,0.006115481749109533,0.00023361585620135467,0.10132886263240931,3.2658984671922224e-05,5.581996315249258e-06,7.639479336061274e-07,0.6187991845768287,3.029753588519422e-06,0.0006647255046545478,4.258437722357411e-09,0.2716990991440528,0.00012568376567958343,7.311634135828242e-05,0.0006688601714867279,6.531650233914832e-05,6.659948528455255e-08,4.0175727600909575e-08,2.0400015072687814e-06,1.3184188956026828e-05,3.770619673829145e-06,4.6193426011227414e-08,1.738557213053569e-07,8.943529562414623e-07,0.00014589412823854257,1.7904699240889643e-05
24,0.005062673991568093,0.0003782146696433952,0.11705747818255667,6.36909915705426e-05,9.425648129674727e-06,9.526703936382e-07,0.6062249825067995,3.502546144713206e-06,0.0006648123047313762,7.1054151130467895e-09,0.2687482686428324,0.00014451586215430263,0.00012424718012421523,0.0012745239489640205,5.189475444466745e-05,6.791439668745792e-08,3.9939903398920124e-08,2.8379125444583017e-06,1.5446058667775913e-05,5.151935910923196e-06,5.7391500491647094e-08,2.0435675489923857e-07,1.1006143083615483e-06,0.0001440606403624391,2.184223017813358e-05
25,0.0059630256963867645,0.00017428026977762523,0.0957915480184354,3.5617122814226706e-05,4.132648004086746e-06,4.6832812368241133e-07,0.6122490017687382,3.592756473896794e-06,0.0004950085073520436,2.8277495149478925e-09,0.2843048076857052,0.00013998237628358884,7.102355059650852e-05,0.000559008923917677,4.2859092146987615e-05,4.560840819533007e-08,4.2054198489652393e-08,2.05152656703512e-06,1.1408773969428637e-05,4.250588440813179e-06,3.9968761945803764e-08,1.4156810304098466e-07,7.766702883377384e-07,0.00013271023074055478,1.4173438016795946e-05
26,0.010685059107532924,0.00023103651621269014,0.1354535188754683,3.054148416024357e-05,4.736009723930216e-06,3.587045877752675e-07,0.6170401122147665,4.2510711877289655e-06,0.0005152721722813882,3.45914816665181e-09,0.23492198802056602,0.00012286725785179517,0.00010030863039345714,0.00031730199587447764,4.530651752525122e-05,3.8072689940845694e-08,9.259854502169096e-08,3.2547883999430675e-06,7.0496581987414035e-06,3.215998377453701e-06,3.239984399025933e-08,1.5003177160559356e-07,7.919819997250085e-07,0.0004961962244834281,1.6516208409590688e-05
27,0.006031952664386903,0.00022845646048674288,0.09591071361128971,2.7788627046554236e-05,4.781049968676612e-06,9.739807696724793e-07,0.6450948863102953,4.0485841354322174e-06,0.0012117034406565119,5.708121264253074e-09,0.25054951306324413,9.511930228166858e-05,5.073443439622956e-05,0.0004954522714279089,0.0001036270902255443,8.611894175772552e-08,3.805235006377835e-08,1.7428668377576716e-06,1.706129631045347e-05,4.280871803557529e-06,5.2125719611435014e-08,2.350547574232371e-07,7.978508231712853e-07,0.00014241717133181241,2.353199239197171e-05
28,0.006115481749109533,0.00023361585620135467,0.10132886263240931,3.2658984671922224e-05,5.581996315249258e-06,7.639479336061274e-07,0.6187991845768287,3.029753588519422e-06,0.0006647255046545478,4.258437722357411e-09,0.2716990991440528,0.00012568376567958343,7.311634135828242e-05,0.0006688601714867279,6.531650233914832e-05,6.659948528455255e-08,4.0175727600909575e-08,2.0400015072687814e-06,1.3184188956026828e-05,3.770619673829145e-06,4.6193426011227414e-08,1.738557213053569e-07,8.943529562414623e-07,0.00014589412823854257,1.7904699240889643e-05
29,0.006115481749109533,0.00023361585620135467,0.10132886263240931,3.2658984671922224e-05,5.581996315249258e-06,7.639479336061274e-07,0.6187991845768287,3.029753588519422e-06,0.0006647255046545478,4.258437722357411e-09,0.2716990991440528,0.00012568376567958343,7.311634135828242e-05,0.0006688601714867279,6.531650233914832e-05,6.659948528455255e-08,4.0175727600909575e-08,2.0400015072687814e-06,1.3184188956026828e-05,3.770619673829145e-06,4.6193426011227414e-08,1.738557213053569e-07,8.943529562414623e-07,0.00014589412823854257,1.7904699240889643e-05
30,0.006115481749109533,0.00023361585620135467,0.10132886263240931,3.2658984671922224e-05,5.581996315249258e-06,7.639479336061274e-07,0.6187991845768287,3.029753588519422e-06,0.0006647255046545478,4.258437722357411e-09,0.2716990991440528,0.00012568376567958343,7.311634135828242e-05,0.0006688601714867279,6.531650233914832e-05,6.659948528455255e-08,4.0175727600909575e-08,2.0400015072687814e-06,1.3184188956026828e-05,3.770619673829145e-06,4.6193426011227414e-08,1.738557213053569e-07,8.943529562414623e-07,0.00014589412823854257,1.7904699240889643e-05
31,0.007219506908220909,0.0003677759359905707,0.19396703868774484,6.020365762238649e-05,8.83358076085411e-06,4.3292739951360477e-07,0.609577701133275,5.871903761212048e-06,0.0006820221057117658,6.46389591829123e-09,0.18652536507642795,0.00016850070761840295,0.00016403002542958063,0.0008613102038777197,3.574395713900014e-05,5.2184745718888776e-08,6.452509608287289e-08,2.9053495564183065e-06,1.2987507867007556e-05,5.674377353529376e-06,4.289405567345928e-08,1.8456723205642005e-07,7.474375877735235e-07,0.00030976167349417897,2.3236208135796022e-05
32,0.006164364654422186,0.0002322744994502155,0.1003989170784749,3.076094443185506e-05,5.595364058689654e-06,8.019167238356689e-07,0.6216819578592877,3.230437782003193e-06,0.0007606440772887976,4.475189533106983e-09,0.2696134351560201,0.00012483940192075516,6.848259574035852e-05,0.0006640667912547202,7.396642322420269e-05,7.376357321009262e-08,4.079783198775267e-08,1.8955102450335045e-06,1.583405784248219e-05,3.8114131792829083e-06,4.9488554508162035e-08,1.9214343400551007e-07,8.590254622558021e-07,0.00013560511625275958,1.8297008354557363e-05
33,0.006651203889739127,0.00030458668352259223,0.09643499689365963,3.598363396523892e-05,7.1612488429902815e-06,8.201467106236438e-07,0.617528502150427,3.3788230337533623e-06,0.000537731313292719,5.0449163168922156e-09,0.277141635855222,0.00014994722853407818,9.594795783342218e-05,0.0008329155787465527,6.539868331276633e-05,7.13404795261972e-08,5.377583603848908e-08,2.6431061600678732e-06,1.4254265251620792e-05,4.115271716786699e-06,4.95496879177326e-08,2.565080783762469e-07,1.1456266622033085e-06,0.00017091609304345298,1.6279331324990404e-05
34,0.006876690431120844,0.0001477052468823703,0.10676589828181521,1.2557482745249401e-05,3.139307581599922e-06,8.948589962166634e-07,0.6923522752829251,2.9084852307392274e-06,0.0034402345925060875,4.400195759754838e-09,0.1897388975175007,5.459231245635417e-05,3.7572154474623575e-05,0.00031615541032128334,0.0001161011585511086,8.413183773275482e-08,1.4536381388574652e-08,6.66220419178318e-07,3.0516903915284796e-05,2.4105860985994054e-06,3.053232201320738e-08,1.0872803590285095e-07,2.1116089425432962e-07,8.139863620853371e-05,1.8931640583820982e-05
35,0.007035274494085995,0.00023686814684653845,0.1031479065613944,3.511575982903331e-05,4.685050439313937e-06,6.674936646516804e-07,0.6334046701405953,3.928532134751149e-06,0.0007982693411540164,4.9090996171391416e-09,0.2543174455156435,0.0001299904294397225,7.179420717053328e-05,0.0005527153475909215,5.609779902850852e-05,6.034378148219771e-08,4.4901928490919886e-08,2.46728346712583e-06,1.4286378562161956e-05,4.290478930407528e-06,4.862125066037436e-08,1.9044364535249214e-07,7.257930858845905e-07,0.0001611102166515099,2.1341810580134943e-05
36,0.012080440547063021,0.0002619837995909293,0.28273852569913394,4.012219972241078e-05,1.4863197301212265e-05,3.388274215145885e-07,0.5270216601804701,9.249519468547783e-06,0.0012184395733779686,5.747608054107305e-09,0.1744293542577533,0.0005064521876394035,0.00017433837023518519,0.0010361702183589064,0.00010351312233186927,9.314782763037284e-08,1.898022903005903e-07,1.1908458179024644e-06,4.0124953906060455e-05,3.6226095626486528e-06,5.811256808911027e-08,3.3753817625164e-07,6.822137206494406e-07,0.0002847223937303987,3.35209349236383e-05
37,0.0006664331634689246,0.0005577820014914899,0.08877244567860239,8.213120266544961e-05,2.1594950218708443e-05,6.307703164456627e-06,0.44400572635795954,1.1858594846987835e-05,0.011486830470394874,4.5121890826015376e-08,0.45269678984305717,4.918373996874231e-05,6.766130730081751e-05,0.0006140592235183462,0.0007474093440645586,1.9654786434199842e-07,4.159940916591909e-08,1.0197325633061457e-06,5.9062838614843067e-05,1.2231304545169797e-05,1.879844954113014e-07,5.866711466016033e-07,2.1007501212207703e-06,9.506492442522205e-05,4.324894420137011e-05
38,0.00611319908399682,0.00016116096587671648,0.06809487326021471,1.968873535307963e-05,3.569537385302556e-06,9.125739324733413e-07,0.6575365120974901,1.8344864996334517e-06,0.0004959673636197449,3.027459061472931e-09,0.26668425142804764,9.844989929357548e-05,4.6699911849236304e-05,0.0005434136048861985,7.00108364671379e-05,8.086419673857099e-08,2.6625496121081128e-08,1.665155223318595e-06,1.0927237299351056e-05,2.9653368606329103e-06,3.922564708113325e-08,1.4464672319231845e-07,9.386141554097193e-07,9.968714125219471e-05,1.2978340774502519e-05
39,0.007235795395279839,0.00012225960376699695,0.14982975600564832,4.262082238426968e-05,7.015577293916155e-06,1.2484976327484028e-06,0.5663603758166709,4.902786700941989e-06,0.0009813779603865527,4.6308391447209675e-09,0.27397559555537976,0.0002611444693381377,4.980619303852229e-05,0.0009103040909989437,7.195150512250039e-05,1.50355995166706e-07,4.2429049454192766e-08,1.9651898249535945e-06,2.378248599941201e-05,6.396872338059231e-06,9.004192835945663e-08,1.9160365185041362e-07,1.0715081064705588e-06,8.531220140307931e-05,2.6838401221642315e-05
40,0.01008745325901314,0.0002328831539047923,0.09226439378048662,1.9006399773362533e-05,5.87773217246211e-06,9.400695229336361e-07,0.597866737059022,2.0690553127917004e-06,0.0005076023175825445,3.223657067441229e-09,0.2975523324226113,0.00018167535353619198,4.854981736672681e-05,0.00101478429573577,7.826435367761007e-05,8.11256293518185e-08,3.8464909125764165e-08,2.0799540613467784e-06,1.751626929650182e-05,2.316453336699126e-06,5.357143288771493e-08,3.0379871801671346e-07,8.048918928351042e-07,9.809263411234492e-05,1.6140543235371083e-05
41,0.003591644859562943,0.0003490173021646826,0.3148928357820723,3.3092708337535587e-05,2.014094796058004e-05,1.704400872247173e-06,0.48690876748489065,3.883670689548814e-06,0.005494208314962312,1.0760253931071572e-08,0.1872021443827568,6.164421708946497e-05,8.399819466094884e-05,0.0009154615132029202,0.00021189337493635426,1.1178393742193328e-07,2.2116572715352002e-08,5.886158702990676e-07,2.771817026173567e-05,3.002360986558459e-06,4.831413163054267e-08,1.3376492745964087e-07,4.0316917876777265e-07,0.00016618762354288913,3.133616617757544e-05
42,0.0066665641678966886,0.0002493224732213182,0.09136044571576701,2.521184353954812e-05,4.843799222083328e-06,7.907488476383378e-07,0.6624989040033414,7.168864626137418e-06,0.0011822639732255058,6.160346045716293e-09,0.23695138990850717,0.00013557335368449938,3.703068980825768e-05,0.000544350689642717,0.00015384318857477195,1.3650181755460526e-07,7.052359480365192e-08,1.433281111822108e-06,3.960380296614107e-05,5.566704673917379e-06,9.01611695772091e-08,5.522634764602681e-07,9.610422710084647e-07,0.00011083928195666643,2.303685671107309e-05
43,0.006531369077310479,0.00044937551552935826,0.09496713379639299,4.3455472329748274e-05,1.2842661455946843e-05,2.7813632962897967e-06,0.5840618792492125,6.993323126188499e-06,0.00185120201204591,1.6908509570174317e-08,0.3104704903718085,0.00014758107191486893,6.113112999020525e-05,0.000924090133391849,0.00022107878758459475,1.9791181563299677e-07,8.206017726290497e-08,3.182775855137272e-06,4.2127687162048656e-05,5.4749433798750585e-06,1.634138637066359e-07,7.114439770274309e-07,1.8141143388984005e-06,0.0001592213913560793,3.560338417522987e-05
44,0.006115481749109533,0.00023361585620135467,0.10132886263240931,3.2658984671922224e-05,5.581996315249258e-06,7.639479336061274e-07,0.6187991845768287,3.029753588519422e-06,0.0006647255046545478,4.258437722357411e-09,0.2716990991440528,0.00012568376567958343,7.311634135828242e-05,0.0006688601714867279,6.531650233914832e-05,6.659948528455255e-08,4.0175727600909575e-08,2.0400015072687814e-06,1.3184188956026828e-05,3.770619673829145e-06,4.6193426011227414e-08,1.738557213053569e-07,8.943529562414623e-07,0.00014589412823854257,1.7904699240889643e-05
45,0.007612509254660667,0.00036701512559169643,0.08082582589329991,5.577909128471148e-05,5.934187507536446e-06,1.1237645360325543e-06,0.5402176699968253,2.3155695734179387e-06,0.000418352544979617,5.601612685198146e-09,0.36894653918800435,0.00016586347528757572,6.253865551959138e-05,0.0010702997347819094,5.2684203070007864e-05,6.646233568693239e-08,4.911617036499365e-08,5.6531712848495045e-06,1.1498386610751844e-05,3.822632711676551e-06,9.616552434506179e-08,2.2351362925960493e-07,1.5644395336772077e-06,0.00013917077776566192,3.33990478988095e-05
46,0.01707173848124224,0.0003731952064536561,0.15541249146194533,6.427085556970713e-05,1.0179122366575144e-05,2.839800271186453e-07,0.49965020962283047,1.2506799492746707e-05,0.00041389240584770794,4.951166798539687e-09,0.3249243528944459,0.0004561251940545473,0.0001742128858987069,0.0005158531989801742,7.846630179302418e-05,5.097764066985745e-08,6.112541298509093e-07,5.243725265001914e-06,1.6205741364878526e-05,4.9817777556027285e-06,8.841351923994617e-08,4.768297703528567e-07,1.8556743208230563e-06,0.0007830137702350038,2.9688473883771732e-05
47,0.019256465350915433,0.0001822300539808643,0.07257838221622259,1.457978260298692e-05,2.5931720932296784e-06,5.618326046733083e-07,0.6742196166763456,2.740288739071933e-06,0.00031192736658769204,2.9744977321504947e-09,0.23242048430212245,0.00026348935849052665,4.6714647155594616e-05,0.00043794151416250745,5.934980643498259e-05,9.175931565374665e-08,7.724297897144004e-08,3.3135526981478793e-06,1.2573071645608301e-05,3.2032330468609695e-06,5.034191254824261e-08,3.7256002949753974e-07,8.289712111201426e-07,0.00016517057955289707,1.7239344652858596e-05
48,0.00702294558970072,0.0003400133164607065,0.08352692247255018,3.3156319234148555e-05,5.7045183246798915e-06,5.517229046314122e-07,0.6789688649519281,4.484815495663998e-06,0.0006012844164334888,5.513603141033249e-09,0.22832176324909137,0.00012386880746686688,9.210313463475564e-05,0.0006350148087353752,7.895891850429843e-05,7.022619890434742e-08,7.163765739725424e-08,2.0791327352393457e-06,1.9149130570542777e-05,3.8440782475951945e-06,4.999271684902723e-08,2.781937702663348e-07,1.0602685995066963e-06,0.0001995354884078781,1.8219296027593426e-05
49,0.005957588837584863,0.00018934614023892566,0.12584637809570917,3.357118129848229e-05,7.94253351352442e-06,1.0892660704612461e-06,0.5247333516486874,3.1572576435902397e-06,0.0006519529610459552,4.133782681184385e-09,0.3411673567372344,0.00022372706342189456,7.949157872371221e-05,0.000890622247333409,6.0971049739278244e-05,7.563896226977753e-08,4.406652243143121e-08,2.493331611587083e-06,1.338076334673428e-05,4.5666979060550585e-06,5.439229663478829e-08,2.337736115650222e-07,9.343478574758228e-07,0.00011679492902620616,1.4871326831253195e-05
50,0.0049907153001106895,0.0002162860650431093,0.07376194690028906,2.2233830685494368e-05,3.6989205394483717e-06,7.164422689808955e-07,0.793120330411768,2.492703958469533e-06,0.0007731447575553203,5.8503211059012794e-09,0.12610665322816564,6.239581899745648e-05,5.977545197400614e-05,0.0007043446965318964,5.295114694487864e-05,9.523331728566738e-08,1.790522651289356e-08,1.0837675677983344e-06,1.8771437613702495e-05,3.381918034765079e-06,2.8948385548687835e-08,1.7428441410676596e-07,5.788970835777228e-07,8.371411484870365e-05,1.4461968354532898e-05
51,0.005271410761360357,0.00027724173472735655,0.0852119579066784,4.827305878668496e-05,4.733244236445671e-06,5.130336155881099e-07,0.6263576451189873,3.517826075750247e-06,0.00047266876222090736,4.213898676860962e-09,0.28110522124610815,0.00013230168584259873,0.00010097675731663367,0.0008203183876712963,3.215277446218824e-05,3.399897181208641e-08,3.565532562123898e-08,3.233163545974227e-06,1.0913351397805833e-05,4.3002190500877765e-06,4.302827208019751e-08,1.788992327613054e-07,7.37319804404611e-07,0.00012762245678184722,1.3965395629344338e-05
52,0.004667062112781929,0.00013620773172873525,0.02684440207329039,1.6633367288470967e-05,2.5162060539617314e-06,3.6506078042771803e-06,0.5733274814455189,7.415357242682604e-07,0.0003046647050323802,3.883406609789475e-09,0.3940570247393912,5.395101909976531e-05,6.1025675385582455e-05,0.00037965418769581933,3.7978416653011613e-05,8.329586556367673e-08,1.1594568374435294e-08,6.328909370330801e-06,3.2688404449582485e-06,4.102078126780175e-06,2.412887758198611e-08,1.2189207678678585e-07,1.5125978253843124e-06,8.589121160868046e-05,5.657744380119621e-06
53,0.012166832885892731,0.0013718825735048424,0.5835455594418433,0.00016870600825709858,0.0003133754336566019,1.1082415986145035e-06,0.11985650800077194,2.0115371695426587e-05,0.0014280040775448701,2.1841292950646296e-08,0.27114280218200415,0.0023835107199189735,0.0004910783694049936,0.006536319376846532,6.807052661553252e-05,5.0978276453184415e-08,5.402054583939196e-07,6.952515587277858e-06,9.946386005720508e-05,3.083484602011442e-06,2.6298821647750364e-07,1.3949225436510184e-06,7.283077850740421e-07,0.00033892427351476395,5.4703413110210754e-05
54,0.005912655939109602,0.00021016738103715662,0.0568284837328329,1.800565880429682e-05,1.9572389099429023e-06,6.475356265594042e-07,0.8216895534453611,1.2457547119163473e-06,0.00046464612579688705,4.577163003928e-09,0.11398655292823011,6.133124551790414e-05,4.074005083649138e-05,0.0006089643408470551,5.6885281936955995e-05,1.0113415720043098e-07,1.4063349304788369e-08,1.1031332703910767e-06,9.74172765834882e-06,2.6923850092932695e-06,2.9684134240358876e-08,1.2282888033226877e-07,6.755306710793444e-07,8.154648478281535e-05,2.2131791365220525e-05
55,0.008499058865138326,0.00020102414818282455,0.140739624620789,3.753752601965662e-05,4.795880958537249e-06,5.668432852284626e-07,0.593820233856757,3.3806763157129564e-06,0.0008685089300429009,4.00933702088835e-09,0.2547856540685644,0.00016821434414830702,0.0001058001485303545,0.0005046180895700023,3.642039164462985e-05,4.1268393811367214e-08,3.578562297045191e-08,2.677605150393237e-06,1.042717754396091e-05,4.052104384140305e-06,3.0912606997767344e-08,1.1286765629832192e-07,4.6152382844514984e-07,0.00018596529583093024,2.0753059697950653e-05
56,0.005919510943811659,0.000244901421961787,0.10363467230479755,3.3585366170613854e-05,5.801234068765287e-06,7.435138370704684e-07,0.6174053631869486,3.085551668618709e-06,0.0006702495262031633,4.435333947228176e-09,0.27094926054228397,0.00012503605769777215,8.594270622445791e-05,0.0006659115775919208,6.227113645822876e-05,6.375498737124992e-08,4.1572494090670306e-08,2.0874367702908193e-06,1.2771891532999669e-05,3.94699657109892e-06,4.3754855676045636e-08,1.6977724102479782e-07,8.660192368560545e-07,0.00015699956192797372,1.6669729324501144e-05
57,0.00773687463176499,0.00030210773351321233,0.2724512258120478,4.5411575182108833e-05,1.8256937184665125e-05,8.741023780802674e-07,0.45704869354482147,8.170695161169596e-06,0.0016181951060957548,8.858088877471388e-09,0.2586189767141584,0.00044879877312459926,0.00014463703672596432,0.001208845577533204,9.341451881161965e-05,1.0937894516822768e-07,1.1836111744805925e-07,2.009986341183567e-06,3.9673895821864264e-05,5.5260812547499396e-06,8.861568339292334e-08,4.365716434562846e-07,6.666203590778752e-07,0.0001798096267192667,2.706924552235287e-05
58,0.006411432949517794,0.00025990960570203037,0.10636581252186061,3.227853068440099e-05,5.705785237782127e-06,6.358465581876432e-07,0.6249828816980603,3.323979696553052e-06,0.0006307863870796117,4.3908683904651714e-09,0.2601985328189879,0.00012367460429831952,8.321591000347753e-05,0.0005991607384659061,6.641024766980873e-05,6.057848360473273e-08,5.1458836285412276e-08,2.1731387152978493e-06,1.2119173753978116e-05,3.6039825784970252e-06,4.553083459280082e-08,1.80656868488309e-07,9.293874113500383e-07,0.0001991942642528063,1.787581357399844e-05
59,0.006520382814546493,0.00023129898859768191,0.12017094972076063,3.092454165856355e-05,5.2380716731119675e-06,5.637646794204621e-07,0.6192170268555467,3.2830238684089733e-06,0.0006073350530487249,3.923822009520666e-09,0.2521629157806594,0.00012369866607905264,7.987632951419031e-05,0.0005317692189634163,5.870447961621453e-05,5.590895598013389e-08,5.062514327322009e-08,2.2482330410586607e-06,1.01008211348322e-05,3.6692825445228793e-06,4.291592003457449e-08,1.5850577939491865e-07,8.311559965070685e-07,0.0002214126949863522,1.745862346397884e-05
60,0.006115481749109533,0.00023361585620135467,0.10132886263240931,3.2658984671922224e-05,5.581996315249258e-06,7.639479336061274e-07,0.6187991845768287,3.029753588519422e-06,0.0006647255046545478,4.258437722357411e-09,0.2716990991440528,0.00012568376567958343,7.311634135828242e-05,0.0006688601714867279,6.531650233914832e-05,6.659948528455255e-08,4.0175727600909575e-08,2.0400015072687814e-06,1.3184188956026828e-05,3.770619673829145e-06,4.6193426011227414e-08,1.738557213053569e-07,8.943529562414623e-07,0.00014589412823854257,1.7904699240889643e-05
61,0.006091208841640258,0.0002310940531861076,0.12736602762083618,3.1275900774569275e-05,5.716413926033069e-06,6.056102737227008e-07,0.5978007687597103,3.1485870816505195e-06,0.0006635601672261708,3.9030734997464325e-09,0.26672462551657633,0.0001303770830859743,8.070711656932635e-05,0.0005850403430791928,5.992902155045446e-05,5.6951527131929925e-08,4.620298073737725e-08,2.029210027396059e-06,1.1053767336214432e-05,3.7111617786131165e-06,4.308506184520187e-08,1.5561395384690051e-07,7.683452368848169e-07,0.00019077615831616465,1.7270565191595198e-05
62,0.006115481749109533,0.00023361585620135467,0.10132886263240931,3.2658984671922224e-05,5.581996315249258e-06,7.639479336061274e-07,0.6187991845768287,3.029753588519422e-06,0.0006647255046545478,4.258437722357411e-09,0.2716990991440528,0.00012568376567958343,7.311634135828242e-05,0.0006688601714867279,6.531650233914832e-05,6.659948528455255e-08,4.0175727600909575e-08,2.0400015072687814e-06,1.3184188956026828e-05,3.770619673829145e-06,4.6193426011227414e-08,1.738557213053569e-07,8.943529562414623e-07,0.00014589412823854257,1.7904699240889643e-05
63,0.00593129901337671,0.0002655970813705706,0.0949175356237538,3.1595605373957355e-05,5.169251761688606e-06,7.176793540296276e-07,0.6255021069661688,2.9907689626444494e-06,0.0006690340070914397,4.463114588510159e-09,0.27161953192945776,0.00011026477050647571,7.545361046878263e-05,0.0006061349291648973,6.622613148791658e-05,6.09860432908474e-08,4.069494509701196e-08,2.0967107599998482e-06,1.2633575999926416e-05,3.7365987180494317e-06,4.501243976277686e-08,1.767188133962154e-07,8.461011180874208e-07,0.00015906127076364146,1.764049898478227e-05
64,0.006802596998906777,0.00025376194518055597,0.10138740875156366,3.4248999291114505e-05,6.033510619466445e-06,8.211676453403458e-07,0.588945445302256,3.3832303825666794e-06,0.0006888416986929498,4.565959462587047e-09,0.3006829199554922,0.00015011514337563144,6.364293609960825e-05,0.000701855735243749,8.169686815254756e-05,7.360710874805171e-08,5.1595878038341696e-08,2.3523978473789766e-06,1.5791068402871815e-05,3.6111872518610796e-06,6.965647015130584e-08,2.0725844068377886e-07,1.0334586149414752e-06,0.00015182845646761112,2.2204504655978447e-05
65,0.006895289479233241,0.0001474582734972951,0.12288264002821657,6.617035254189582e-05,2.746044372776853e-05,6.143929630257835e-06,0.3358493096001426,1.7567849270264737e-06,0.0003075491667966169,5.66875954760918e-09,0.528025158127082,0.0008754664747634809,6.51467015447978e-05,0.004686882931737137,6.0502162864702205e-05,2.176918856660267e-07,4.4550716575483795e-08,7.383896349963813e-06,1.834163474239812e-05,4.573659532166114e-06,2.0735503125516616e-07,3.7071179552112147e-07,3.411409342484358e-06,4.555840575941096e-05,2.2950559379518528e-05
66,0.0037613207894849317,0.00010780619615245438,0.16193531359179866,2.8557036450348224e-05,5.4758990978306445e-06,1.1136385831114144e-06,0.7208359919614276,3.962560717818189e-06,0.0024133675215954795,8.388797932792874e-09,0.10962873853437413,0.00011975090720843055,0.00013342772048007172,0.0009026122015967453,2.530250149513178e-05,1.7445619890271508e-07,9.218283052888058e-09,5.938977385415068e-07,4.2793410074244433e-05,1.0044095411202233e-05,1.8129533229626186e-08,1.103117531412792e-07,1.9905704108805249e-07,3.3130921047564704e-05,1.0177053658533564e-05
67,0.004718560169881769,0.0001203102023351628,0.08060957126027728,3.0035357465288347e-05,4.217456954577089e-06,1.101619044838427e-06,0.6370467691980841,1.3775409581623316e-06,0.0002831942742623707,2.578304552520432e-09,0.27593270552531174,0.00013393009242234431,5.20101115710658e-05,0.0008937703646657752,5.66841817009561e-05,1.1059145921012887e-07,2.3530600124130593e-08,1.8712370386445341e-06,6.976821671939775e-06,4.2526468795024515e-06,4.306186394860959e-08,1.0978472402937414e-07,1.7729266084994862e-06,8.605010640854757e-05,1.4549359505674098e-05
68,0.007609142298541285,0.00011260436693184612,0.015480406638650723,2.4865468844713043e-05,1.2910494658010704e-06,1.4721200780520434e-06,0.37528214285511746,8.074316301506556e-07,6.208259856797376e-05,1.6015622123589069e-09,0.6008550302392406,0.00012631264897766458,2.1953030963925547e-05,0.00021765069965496686,3.903119105557174e-05,5.4783871910420874e-08,4.842441690489508e-08,1.3236834155329356e-05,1.7816432825673815e-06,3.4398532419597938e-06,6.667037702767035e-08,1.4054582875161946e-07,5.145153684323411e-06,0.0001270157108144002,1.4276141043934516e-05
69,0.0061903955711987875,0.00023607407916836893,0.0992251332161734,3.208120935218723e-05,5.732812897878543e-06,7.922115177814925e-07,0.6157167879451523,2.992308549056128e-06,0.0006595598481756081,4.26051358575723e-09,0.276796001968208,0.00012786780652957502,7.266452152133497e-05,0.0006855107293162169,6.692444161514593e-05,6.706924040966023e-08,4.0437255561266205e-08,2.0640323366205715e-06,1.3439958344482765e-05,3.6638961721443563e-06,4.672721743786345e-08,1.8111136762926376e-07,9.135235595301981e-07,0.00014347963340527665,1.7580681211656468e-05
70,0.0061230215297485725,0.0002778144531553935,0.08724674821511845,3.1054445973051414e-05,5.315729832783585e-06,6.687463232870176e-07,0.6183101865392607,4.049011549263854e-06,0.0007802050478572857,4.650723318482423e-09,0.2862468464239209,0.00010799091232346702,7.274175127310205e-05,0.0004912641486870879,7.98387447042637e-05,5.790124336110763e-08,5.2570857565181145e-08,2.102788876651366e-06,1.5744807672037016e-05,3.7066230942603194e-06,4.821637950363439e-08,2.0608489066444714e-07,8.850398024574686e-07,0.00018167383793657522,1.777177879618634e-05
71,0.0055611917509345785,0.0010887173695933645,0.23723239623778397,5.563253166336509e-05,4.91457702230888e-05,2.9409373909399935e-06,0.41598768453675,5.137296655159559e-06,0.003253289598910442,2.4199317569289447e-08,0.3338000475893939,0.00018559864046041987,0.00016272260584034094,0.0020607877290101627,0.0002240382113184911,1.0518677806469688e-07,7.05177648729069e-08,2.374596940724417e-06,4.330844535966424e-05,2.963646731516755e-06,1.0525575715528098e-07,5.874620492910416e-07,9.440097537207665e-07,0.00023531517939580964,4.4870694223442095e-05
