,0,1,2,3,4,5,6,7,8,9,10,11,12,13,14,15,16,17,18,19,20,21,22,23,24
0,0.009676640078031231,0.00023875514903896262,0.09154417441926628,2.093868492065704e-05,3.6130697731894344e-06,7.009111804655885e-07,0.6113028920283571,2.931625280848624e-06,0.0006841177751516165,4.0456973610375984e-09,0.2855914508009745,0.00014432083368276196,4.860818459011908e-05,0.00042851062314790773,8.375868160982419e-05,6.162661435809091e-08,5.381965056743397e-08,2.7505184932914935e-06,1.1010760251457404e-05,2.9818676381747348e-06,5.173219838852332e-08,2.597596470092125e-07,7.391744805003054e-07,0.00018756049902548814,2.311333129797607e-05
1,0.00828415121131667,0.00017979938538792553,0.11448640714047101,1.4230849796651561e-05,3.6362554784902405e-06,9.258306924157096e-07,0.636645826426943,3.0573514284278894e-06,0.0016418090455458955,4.6931715411315695e-09,0.2379312332167203,0.0001130588891922268,4.3681049331186194e-05,0.0003839521729064107,0.00010630245527097363,9.406263690709734e-08,3.181333137676317e-08,1.372125617245961e-06,2.0036517338850974e-05,3.1463601788017775e-06,4.1849222769658815e-08,2.1826707843610897e-07,3.9517090006660204e-07,0.0001169288167650028,1.9659043277559473e-05
2,0.00915553127894789,0.0001635340923985562,0.06533740646127541,1.387580953280226e-05,2.7205742493003705e-06,7.742808818146734e-07,0.6409123515686023,2.5104690472566882e-06,0.0005760889450849245,2.9391203486450937e-09,0.2829958167898578,0.00012945134238556065,3.4552696226609246e-05,0.00036389967401762323,0.00012949772247721142,8.46062752578081e-08,5.150604876398063e-08,1.8894143862943911e-06,1.0575562914599609e-05,2.8004911081787706e-06,4.851525228062617e-08,2.8383023811785154e-07,9.698891069018393e-07,0.00014745363001159218,1.7827910552527686e-05
3,0.009684081101629997,0.00020250890823270842,0.09694900491307262,1.7955101003137406e-05,3.653560594977422e-06,7.328669382974855e-07,0.5995102359764899,2.7864481915645395e-06,0.0007331608013199997,3.568659792407275e-09,0.2920142440143213,0.00014445118760027245,4.842287521985023e-05,0.00039559883371736944,8.134723198479661e-05,6.151519851558978e-08,4.812424667447965e-08,2.4390591464320706e-06,1.0879508299984389e-05,2.880809867422593e-06,4.410810231875868e-08,2.3391857601450704e-07,6.375338977705558e-07,0.00017547912586132522,1.9108907827257393e-05
4,0.009002830125491475,0.00020845690356592454,0.10351179884441768,1.8508755108054822e-05,4.27510065781599e-06,7.936851219103803e-07,0.5980272908068567,2.5660906865619595e-06,0.0007109144174870013,3.759946257150575e-09,0.28755616545158097,0.00014737738188567857,6.122592051550746e-05,0.00046053994336864426,7.608018870250478e-05,6.243365091425036e-08,4.577801803431025e-08,2.4345643693202693e-06,1.0172048388512678e-05,2.9387992199568312e-06,4.055800405019687e-08,2.2734684668098784e-07,6.390204668508772e-07,0.0001782833080955951,1.6328767547105274e-05
5,0.00933030435621951,0.00024021939775917527,0.09672285206736395,2.4617132366438558e-05,4.004606283557349e-06,7.101437028729939e-07,0.5945546119911891,3.0336233311906964e-06,0.0006313852258234088,4.091892964379808e-09,0.2975310329332313,0.00014580273629412967,5.766872734201723e-05,0.0004306839837105744,6.856817182566547e-05,5.4519161033595353e-08,5.5088516472684595e-08,3.395825520191525e-06,9.426349203083119e-06,3.2491120101835403e-06,4.989660973730589e-08,2.3320886618839924e-07,7.689494700233002e-07,0.00021574496035727442,2.1522901949788916e-05
6,0.009684081101629997,0.00020250890823270842,0.09694900491307262,1.7955101003137406e-05,3.653560594977422e-06,7.328669382974855e-07,0.5995102359764899,2.7864481915645395e-06,0.0007331608013199997,3.568659792407275e-09,0.2920142440143213,0.00014445118760027245,4.842287521985023e-05,0.00039559883371736944,8.134723198479661e-05,6.151519851558978e-08,4.812424667447965e-08,2.4390591464320706e-06,1.0879508299984389e-05,2.880809867422593e-06,4.410810231875868e-08,2.3391857601450704e-07,6.375338977705558e-07,0.00017547912586132522,1.9108907827257393e-05
7,0.017830530260081617,0.00021560390068115163,0.11155537490913747,3.059431900140944e-05,1.1326221053133898e-05,2.9494866093213617e-06,0.5595292190147246,4.9738890755132065e-06,0.0009807869774842506,8.365019267301212e-09,0.3075117718371885,0.0004515977625158526,2.4844658378984822e-05,0.0012821025115514095,0.00030694497885081564,3.357169555799512e-07,1.2647074108170658e-07,4.173439081704707e-06,3.7422203008565865e-05,3.200733594808862e-06,2.510168114476896e-07,1.0575256922976769e-06,3.205424794604791e-06,0.0001411049913556921,7.049338661112148e-05
8,0.010621642776882873,0.00022245981599918594,0.12971698131210954,3.015471199533975e-05,2.999040138261335e-06,3.2351261299631643e-07,0.7261059911492727,3.684511574700599e-06,0.0005429816253942157,4.408951131826229e-09,0.13173300625260803,0.00010839042287070149,5.446836603736018e-05,0.0004305686352255001,5.924581974788209e-05,5.8673636741557866e-08,5.861503486649641e-08,1.9637701283443564e-06,7.061975431468371e-06,3.033681426831089e-06,4.145116664553309e-08,1.6527449518963416e-07,7.618269044163974e-07,0.00031907991896150623,3.487245139364872e-05
9,0.009622291216132478,0.0002668522621308169,0.20698146196092324,3.139488165621455e-05,3.928219430454901e-06,2.567186322597122e-07,0.6435721139682662,4.115392294859761e-06,0.0007833793231216589,4.27905628793399e-09,0.13765046898517153,9.383438151397464e-05,8.460804073447271e-05,0.00035720894580945525,4.684401167345136e-05,3.689063811407887e-08,5.4127989947830874e-08,1.82384631250921e-06,6.296840866342388e-06,3.1518135321146353e-06,2.756951926773242e-08,1.153209949980679e-07,4.1579385448389886e-07,0.0004604307404842916,2.888446926059687e-05
10,0.009684081101629997,0.00020250890823270842,0.09694900491307262,1.7955101003137406e-05,3.653560594977422e-06,7.328669382974855e-07,0.5995102359764899,2.7864481915645395e-06,0.0007331608013199997,3.568659792407275e-09,0.2920142440143213,0.00014445118760027245,4.842287521985023e-05,0.00039559883371736944,8.134723198479661e-05,6.151519851558978e-08,4.812424667447965e-08,2.4390591464320706e-06,1.0879508299984389e-05,2.880809867422593e-06,4.410810231875868e-08,2.3391857601450704e-07,6.375338977705558e-07,0.00017547912586132522,1.9108907827257393e-05
11,0.00964396229178055,0.0002094789880893264,0.09661783864618524,1.8564271998795666e-05,3.7600451281533526e-06,7.345092244348381e-07,0.6027157331998368,2.798716690434405e-06,0.0007051568639916625,3.7005749556239047e-09,0.28917889779543265,0.00014504282031021305,5.4340021007606216e-05,0.0004063450482202148,7.734087489841117e-05,6.071520362086514e-08,4.923274019327521e-08,2.570125007023191e-06,1.0431586642637426e-05,2.97659204117247e-06,4.241568742749433e-08,2.3487990913398816e-07,6.555717532922393e-07,0.0001847957971939627,1.818529045187106e-05
12,0.024179157882178264,0.0005904973493678102,0.07368241473702475,4.991394160602971e-05,2.831560151589192e-05,3.5267964040673776e-06,0.4316327112829252,2.1719447957716033e-06,5.984199540031542e-05,8.790120665507859e-09,0.4634483208881406,0.001333644817833458,0.00012670045945084273,0.004245586551175593,8.838169788801606e-05,1.8553764274180266e-07,4.164859616934102e-07,3.917150213473711e-05,6.7791308075768325e-06,2.954167614361116e-06,2.3533731851662578e-07,2.657658738530331e-06,1.624226330370277e-05,0.0004343084547977242,2.585472585325494e-05
13,0.009880589319096314,0.00019200157971906143,0.09894346979091172,1.7456862963154725e-05,3.755066203684197e-06,7.181557209999568e-07,0.5763577505480187,2.8103000197661826e-06,0.0007268039619917681,3.236345105884407e-09,0.3129760756437039,0.00016099886507697116,4.741353607855923e-05,0.0004060100377221743,8.318160260924071e-05,5.9369074666304575e-08,5.003789865636122e-08,2.37192283613148e-06,1.1278919130450353e-05,2.7957561535909326e-06,4.4777971836579244e-08,2.395423894005541e-07,6.251823967304652e-07,0.00016508009836518382,1.841588760215203e-05
14,0.003346827328578028,0.002734063665932959,0.09809232451486179,2.638180108619081e-05,1.140236017756508e-05,1.612722883475311e-06,0.5248290286644937,3.1366372833763338e-06,0.0022092993266441484,2.8753967614112585e-08,0.36748022218172177,3.870565203532332e-05,0.0002241335352640767,0.0004316792322895573,8.638824803488305e-05,2.8864797790755892e-08,4.1185313029058125e-08,5.333121836830483e-06,1.363995086362167e-05,3.443562849955531e-06,4.9002612477071145e-08,4.2269752443066544e-07,3.1673788778014326e-07,0.0004488873550582293,1.2602896001550899e-05
15,0.009684081101629997,0.00020250890823270842,0.09694900491307262,1.7955101003137406e-05,3.653560594977422e-06,7.328669382974855e-07,0.5995102359764899,2.7864481915645395e-06,0.0007331608013199997,3.568659792407275e-09,0.2920142440143213,0.00014445118760027245,4.842287521985023e-05,0.00039559883371736944,8.134723198479661e-05,6.151519851558978e-08,4.812424667447965e-08,2.4390591464320706e-06,1.0879508299984389e-05,2.880809867422593e-06,4.410810231875868e-08,2.3391857601450704e-07,6.375338977705558e-07,0.00017547912586132522,1.9108907827257393e-05
16,0.00944492373898278,0.00019391340288750814,0.09973651234098442,1.7487615259024813e-05,3.674226906022925e-06,7.144877347887307e-07,0.5951437433621758,2.7509500636131017e-06,0.0007449644238369711,3.38753400401549e-09,0.2938462425497861,0.0001420514472019681,4.8361953620251145e-05,0.0003818625745395543,8.081607806628092e-05,5.912439181369493e-08,4.687365750561288e-08,2.314438998231456e-06,1.0525906717184067e-05,2.8284917680398752e-06,4.1445961288416184e-08,2.230896865879092e-07,6.131423596271863e-07,0.0001769437535895434,1.838119329111468e-05
17,0.011074449525436852,0.00020323600227215076,0.10122527689025398,3.359398292266403e-05,4.144792894136863e-06,6.79174304705514e-07,0.6294017593758238,2.924530324467588e-06,0.0004358968223154847,3.903493737772217e-09,0.25634892799114933,0.00021994072443494832,6.82964985062518e-05,0.0007019462881880163,5.0139657923053964e-05,6.729494019936425e-08,5.602871473830706e-08,3.877417796565646e-06,8.566122089557e-06,3.7640723281347707e-06,5.2631995246253216e-08,2.3321252138833848e-07,1.0940739846229526e-06,0.0001855515780776339,2.5521407308394168e-05
18,0.010339312147891935,0.0002072717605623989,0.09708271595068417,1.8169622975599026e-05,3.6001328276333687e-06,6.967990539632506e-07,0.605456476224098,2.846545976317562e-06,0.0006913455440323863,3.6054913321338047e-09,0.2852945586019302,0.00015163946474456625,4.890669617115394e-05,0.00039735965926002663,8.006939350713968e-05,6.116337786600992e-08,5.2391156367835154e-08,2.6044825804814198e-06,1.0680552240034058e-05,2.841861280527305e-06,4.530543810241065e-08,2.4552075136009336e-07,6.595444633860449e-07,0.0001878459746560471,1.9991054848946486e-05
19,0.016961122616625163,0.00010678819657079211,0.004965677492321711,4.9944986873801325e-06,2.0560759530855037e-07,3.5019384191564156e-07,0.8044310801628191,6.533106773890631e-07,7.029250388309155e-05,8.177164655625163e-10,0.17312027755061862,2.1406770985897505e-05,4.4854221180198064e-06,7.750149920589818e-05,0.00010304391018234002,6.980907482544288e-08,2.6732263380382156e-08,2.204173944682199e-06,4.747649088697265e-06,7.904227865921401e-07,3.713348561590485e-08,9.875749823751697e-08,2.5692788770242955e-06,0.00010307244817965129,1.8503040952269888e-05
20,0.008733337680401923,0.0002905242242873971,0.10722059615772526,2.1053864992220083e-05,5.0221470515879275e-06,6.76650245731532e-07,0.58228159897918,5.192727617415774e-06,0.0009791830677002673,5.299856542261254e-09,0.2993955711098394,0.0001822895010653293,6.097690037714878e-05,0.00042677391280534946,0.0001174095477870562,6.164289776145267e-08,8.724861131841368e-08,2.737233413304317e-06,1.5050746799842045e-05,3.6742357643059276e-06,6.214985175935257e-08,4.961615065441715e-07,7.20165138993214e-07,0.00023584071658190603,2.1057928501742948e-05
21,0.013619684041917813,0.00012668059194231648,0.09309275348181607,1.6353921596350348e-05,2.9456121690588283e-06,8.307246099230428e-07,0.6573538937592425,1.8044155278038484e-06,0.00039469230764190927,2.8344736320532946e-09,0.23437504193936892,0.00022794540103626744,5.599006142282423e-05,0.0005136989104912194,5.216390092215871e-05,9.318036321468377e-08,3.847675566237942e-08,2.702491872045047e-06,7.766787475600099e-06,3.0774095398525682e-06,3.675120147298122e-08,1.740148395399033e-07,7.984768346668765e-07,0.00013524388976888943,1.5586617170240318e-05
22,0.011394397353790343,0.00016637600232996362,0.09690075971685173,1.620267644048194e-05,3.7327921733707365e-06,8.954416972549344e-07,0.5364766071308426,2.4663012466090142e-06,0.0005344703416054562,2.9226739098376613e-09,0.35357699629135486,0.00018917827218482982,4.2208882794791525e-05,0.0004332871226142632,7.373837424569547e-05,7.342536045580254e-08,5.7476289596740635e-08,3.3005665175305236e-06,1.0040701733486815e-05,3.001257881532834e-06,5.273827511321944e-08,2.628829528965552e-07,7.707698838948896e-07,0.0001553734337443459,1.5747124515154718e-05
23,0.009684081101629997,0.00020250890823270842,0.09694900491307262,1.7955101003137406e-05,3.653560594977422e-06,7.328669382974855e-07,0.5995102359764899,2.7864481915645395e-06,0.0007331608013199997,3.568659792407275e-09,0.2920142440143213,0.00014445118760027245,4.842287521985023e-05,0.00039559883371736944,8.134723198479661e-05,6.151519851558978e-08,4.812424667447965e-08,2.4390591464320706e-06,1.0879508299984389e-05,2.880809867422593e-06,4.410810231875868e-08,2.3391857601450704e-07,6.375338977705558e-07,0.00017547912586132522,1.9108907827257393e-05
24,0.007516272244650414,0.0003113290306013106,0.11065560912302297,3.291020542800897e-05,5.445715082170519e-06,8.185497171399905e-07,0.5877070594182108,3.0368638930488995e-06,0.0007261438341566014,5.512435986217453e-09,0.29184421143926703,0.00016230401862859094,8.400764473879997e-05,0.0006784602138998424,5.970810427951561e-05,5.76570211110812e-08,4.55014972363982e-08,3.207948635678999e-06,1.1589940396452519e-05,3.97781847958129e-06,5.124327602287085e-08,2.435755373057624e-07,6.953057872658812e-07,0.00017074628440062544,2.2062806956393298e-05
25,0.01011084191587984,0.00016270641245028154,0.09267672807432313,2.061424669837921e-05,3.0812657991538607e-06,4.841141543449986e-07,0.5920972130797424,3.4667595745168003e-06,0.0005513664726702943,2.537384376906594e-09,0.303537793019544,0.00016562309031186177,4.934813278336828e-05,0.00036161660205276413,5.8545087690755674e-05,4.6486579891965067e-08,5.42905408064135e-08,2.514196530903934e-06,1.0503933531713143e-05,3.204809828402464e-06,3.943747136606635e-08,2.048473311374454e-07,6.267310530455482e-07,0.00016723664075471537,1.6137815318512284e-05
26,0.0175250389904866,0.0002053352301594216,0.13030734755792733,1.7359302190902067e-05,3.2713094239377374e-06,3.7025949697536035e-07,0.6001541292371959,4.043846421641523e-06,0.0005703900739558561,3.045823169655132e-09,0.25012599557237447,0.00014287006935620865,6.328948448883185e-05,0.00020074542085631256,5.83380217258974e-05,3.6588670602460685e-08,1.1205068501812228e-07,4.092928741527271e-06,6.092960781822461e-06,2.4502867125406892e-06,3.2818138671904744e-08,2.2143040715075824e-07,5.956802292379078e-07,0.0005896739067971215,1.8163926952920995e-05
27,0.00972408252933705,0.00021157892856657918,0.09233892107403717,1.5668061161871676e-05,3.353998729440908e-06,9.176860805367445e-07,0.624999895165771,3.7455300808506424e-06,0.0013288813779494784,4.89905864721771e-09,0.2705559388208683,0.00011302929669000823,3.796455290443253e-05,0.0003040484332673946,0.00013409992562189512,8.276093158430809e-08,4.8651891257577623e-08,2.0404611620871357e-06,1.480780122065516e-05,3.263726330835487e-06,4.858638503909829e-08,3.1087075682051147e-07,6.003163183156899e-07,0.00018086457575109725,2.5801969127449876e-05
28,0.009684081101629997,0.00020250890823270842,0.09694900491307262,1.7955101003137406e-05,3.653560594977422e-06,7.328669382974855e-07,0.5995102359764899,2.7864481915645395e-06,0.0007331608013199997,3.568659792407275e-09,0.2920142440143213,0.00014445118760027245,4.842287521985023e-05,0.00039559883371736944,8.134723198479661e-05,6.151519851558978e-08,4.812424667447965e-08,2.4390591464320706e-06,1.0879508299984389e-05,2.880809867422593e-06,4.410810231875868e-08,2.3391857601450704e-07,6.375338977705558e-07,0.00017547912586132522,1.9108907827257393e-05
29,0.009684081101629997,0.00020250890823270842,0.09694900491307262,1.7955101003137406e-05,3.653560594977422e-06,7.328669382974855e-07,0.5995102359764899,2.7864481915645395e-06,0.0007331608013199997,3.568659792407275e-09,0.2920142440143213,0.00014445118760027245,4.842287521985023e-05,0.00039559883371736944,8.134723198479661e-05,6.151519851558978e-08,4.812424667447965e-08,2.4390591464320706e-06,1.0879508299984389e-05,2.880809867422593e-06,4.410810231875868e-08,2.3391857601450704e-07,6.375338977705558e-07,0.00017547912586132522,1.9108907827257393e-05
30,0.009684081101629997,0.00020250890823270842,0.09694900491307262,1.7955101003137406e-05,3.653560594977422e-06,7.328669382974855e-07,0.5995102359764899,2.7864481915645395e-06,0.0007331608013199997,3.568659792407275e-09,0.2920142440143213,0.00014445118760027245,4.842287521985023e-05,0.00039559883371736944,8.134723198479661e-05,6.151519851558978e-08,4.812424667447965e-08,2.4390591464320706e-06,1.0879508299984389e-05,2.880809867422593e-06,4.410810231875868e-08,2.3391857601450704e-07,6.375338977705558e-07,0.00017547912586132522,1.9108907827257393e-05
31,0.011307820208882048,0.00031091299947408254,0.18586832609616366,3.265574507715522e-05,5.459115304538039e-06,4.158569970623403e-07,0.5987399221584678,5.356397873699629e-06,0.0007541171499462917,5.36701266093648e-09,0.20173165365230294,0.0001919421467751747,0.0001022028866367658,0.0005009485910673084,4.3029165752173554e-05,4.666789395399265e-08,7.424935776768245e-08,3.5652626713335592e-06,1.0311485049148477e-05,4.392071572867329e-06,4.1919962525275665e-08,2.5131667476350524e-07,5.079022455766304e-07,0.00036157293335826313,2.4468653480310215e-05
32,0.00971491848355809,0.00020073416360143618,0.09597551949112458,1.680887254433184e-05,3.6242414593956526e-06,7.589305696923328e-07,0.6021021089248695,2.9579864410876075e-06,0.0008377188291820341,3.721273782830431e-09,0.2902736131569065,0.0001435427284330064,4.569412477165294e-05,0.00038832841913295053,9.152231215913e-05,6.759794496668946e-08,4.8881849599181825e-08,2.2538347006538235e-06,1.2960385221920285e-05,2.9151038080433813e-06,4.687711027378479e-08,2.5532741317729065e-07,6.060725118581156e-07,0.0001635530814155867,1.9438451996755263e-05
33,0.009848650295398562,0.00024617001258398646,0.09114230150485035,1.8725878722541777e-05,4.129267305728472e-06,7.265876085752654e-07,0.5977671820322913,2.956541931389435e-06,0.000587952123878379,3.947088700697578e-09,0.29939710550326254,0.00016749370255701195,6.120811373775146e-05,0.00044891954702908695,7.468914324369702e-05,5.997059195525952e-08,6.013574059497664e-08,3.061497398133285e-06,1.0592517662990073e-05,3.1740811850723274e-06,4.551588411412983e-08,3.1870643200018767e-07,7.227053929660383e-07,0.00019741298321672416,1.6337685005945897e-05
34,0.010920208387154306,0.00015163884762335903,0.09917345910078569,8.028345837888028e-06,2.306693310136503e-06,9.243689675742145e-07,0.6870410784683336,2.671540026212353e-06,0.0036503594496943704,4.215126095387897e-09,0.19843695030955696,6.034090931064595e-05,2.862936475776433e-05,0.00021560290156746165,0.00015147146104042136,8.914186675492209e-08,1.7589255884065166e-08,8.396563333427033e-07,2.7233870220630705e-05,1.985473563894977e-06,2.982085995435483e-08,1.5465300923206763e-07,1.925305291429883e-07,0.00010333867461639223,2.244422665224782e-05
35,0.011936221415887724,0.00022245726284095531,0.09995623276497392,2.0347189513169596e-05,3.5048272550602153e-06,6.835877563276071e-07,0.6134822423884798,3.791579630607997e-06,0.0008878437197820778,4.393886413940201e-09,0.2725973393927455,0.00015476161186690751,5.085903378671642e-05,0.0003574071908699957,7.678590822220979e-05,6.157629177269399e-08,5.851221808455938e-08,3.0089336432876976e-06,1.3191266991047226e-05,3.2421833366525497e-06,4.7684612420516384e-08,2.7337366039456775e-07,5.872927416252098e-07,0.0002047362355752066,2.431067343227196e-05
36,0.018327577140382623,0.00022819476163880785,0.26504058644848594,2.3009822251352316e-05,8.70784881826175e-06,3.315518204884943e-07,0.5275943356567273,8.46312640500415e-06,0.0013136107002934816,5.0290168936401535e-09,0.18566501399793572,0.0005586123858359915,0.00010322008622390329,0.0006103458757600571,0.00011853222393772615,8.260812876419491e-08,2.089018257763595e-07,1.5881900167960872e-06,3.0380144493561014e-05,3.0046592199473278e-06,6.016534521801807e-08,4.957156959724026e-07,4.845590086086235e-07,0.000326979583089024,3.616881764281197e-05
37,0.0009395815989162018,0.00044424842517481317,0.08234425205536204,4.102234253282732e-05,1.1804284837997522e-05,5.021831231895579e-06,0.4209659808382061,9.759893599917641e-06,0.012011408455652657,3.314858656342729e-08,0.4818043320235158,5.440135390951805e-05,4.579096846565173e-05,0.00031601307948413295,0.0008019350096292544,1.544009162143068e-07,4.569057630724983e-08,1.1057449564932672e-06,4.120998307815723e-05,9.21091996429602e-06,1.5998849376450092e-07,6.621095195141347e-07,1.2316163162719428e-06,0.00010931774971919002,4.1316487354338786e-05
38,0.009785208387104772,0.00014350073780954563,0.06546288521791462,1.1013048057359988e-05,2.419570088499184e-06,8.82258197369522e-07,0.6370196249998901,1.6994224597567242e-06,0.0005478742362454862,2.5813931684251252e-09,0.28631012572462106,0.0001140684706331793,3.200645591777749e-05,0.00032933717241915694,8.884225569884872e-05,7.633990339506133e-08,3.2517730576049664e-08,1.9870115186303347e-06,9.254716865738257e-06,2.2638160635816463e-06,3.742747333895387e-08,1.952350806038496e-07,6.882214056093014e-07,0.00012188478383071419,1.4089391677084172e-05
39,0.0113936777762972,0.00011170000306912325,0.14308705475799155,2.3678575414333185e-05,4.760847641393234e-06,1.1517386412116926e-06,0.5480216741778712,4.453272913549376e-06,0.0010709734873284875,3.913847185178444e-09,0.2951373289682713,0.00030536421949774715,3.691879016564427e-05,0.0005460052192275546,9.092846993105764e-05,1.402441082124948e-07,5.2987096066489606e-08,2.2757324492231148e-06,1.999226595778242e-05,4.866983845784052e-06,8.2709312686744e-08,2.4840519461519e-07,7.799326260959496e-07,0.00010702772867971127,2.8858792621482714e-05
40,0.015934486978437464,0.00020347550139093373,0.08742609901979329,9.836806660251734e-06,3.605766865085596e-06,7.875281805761546e-07,0.5727763614430456,1.9021461255830014e-06,0.0005539833672202967,2.5695219114696572e-09,0.3220381690515754,0.00021600793252608364,3.5407574899457306e-05,0.0005417579707626806,9.547535852417826e-05,7.192666622973842e-08,4.9612517166834115e-08,2.4003223539877203e-06,1.4184098738504028e-05,1.7755912438220208e-06,4.812794605694901e-08,3.798168282179125e-07,5.367156775313341e-07,0.00012619415755257208,1.700061494714626e-05
41,0.0049385284852159535,0.00026435224384701076,0.2940068316494653,1.6517783863043957e-05,1.0060908138920812e-05,1.41609282238026e-06,0.4854794132091486,3.1656613712471763e-06,0.005986494770683297,7.819477944436947e-09,0.20826659420209492,6.540752078852203e-05,5.3027494505889076e-05,0.0004542155233398848,0.00021889082279985642,8.627298075287555e-08,2.2222700951774815e-08,6.641806382687484e-07,1.831042572567314e-05,2.4053742841885006e-06,4.194815902805275e-08,1.4862954833889376e-07,2.284550946828521e-07,0.00018390737166725367,2.9260931638178693e-05
42,0.010168791463459783,0.00021275587992662987,0.08684395888741844,1.2934631934439805e-05,2.8434482322669397e-06,6.49279564069191e-07,0.6409131257835778,6.369404740715549e-06,0.0012875235163828304,4.792413374981179e-09,0.2596982399403137,0.00015948978124553977,2.698640299114604e-05,0.0002854413430484775,0.00017991552380624732,1.1616340939338932e-07,8.696953612254685e-08,1.6345340868893185e-06,3.0401555441725613e-05,4.308170928874694e-06,7.965718523579098e-08,6.62239830161163e-07,6.111624147995049e-07,0.00013947069259984555,2.3598775511377463e-05
43,0.009497835042682435,0.0003609468128545663,0.0893080232253308,2.1594932591113475e-05,6.9759746795305e-06,2.237479437056673e-06,0.5608767760902855,5.914099082271193e-06,0.0020019845696983285,1.2452580750746122e-08,0.3367348645269211,0.0001665321878088521,4.1877060976459077e-05,0.0004663747939786602,0.0002448417871657033,1.5842836243519908e-07,9.330973872997648e-08,3.5267832946266015e-06,3.0110090107770137e-05,4.225754015899825e-06,1.3998474067508664e-07,8.164688652030262e-07,1.079397567964318e-06,0.00018807921850066565,3.497952873302844e-05
44,0.009684081101629997,0.00020250890823270842,0.09694900491307262,1.7955101003137406e-05,3.653560594977422e-06,7.328669382974855e-07,0.5995102359764899,2.7864481915645395e-06,0.0007331608013199997,3.568659792407275e-09,0.2920142440143213,0.00014445118760027245,4.842287521985023e-05,0.00039559883371736944,8.134723198479661e-05,6.151519851558978e-08,4.812424667447965e-08,2.4390591464320706e-06,1.0879508299984389e-05,2.880809867422593e-06,4.410810231875868e-08,2.3391857601450704e-07,6.375338977705558e-07,0.00017547912586132522,1.9108907827257393e-05
45,0.012113691443490096,0.00032719544750091546,0.0766628647516974,3.0260635109105642e-05,3.968412356909584e-06,1.0293448752719485e-06,0.5164404757363756,2.110253454936255e-06,0.00045725953571415127,4.644407033747649e-09,0.3928035198339753,0.00019138456119535447,4.5117476932827665e-05,0.0006237465042551792,6.691620798423888e-05,6.269758217028792e-08,6.101356883986878e-08,6.446405850399087e-06,9.763515004116709e-06,2.8784843494962994e-06,8.733784203644262e-08,2.8457244725974376e-07,1.1303706413862046e-06,0.00017380302172226932,3.59377916678297e-05
46,0.026956605060882512,0.0003106662211600045,0.1470678700233089,3.510150979745447e-05,6.409689680471933e-06,2.888450947266351e-07,0.48291252510303956,1.1577913495263117e-05,0.000451842733555485,4.2081212562626516e-09,0.3402990178062607,0.0005110025609209401,9.833158466326175e-05,0.00031104609499051593,9.438930266091339e-05,4.5729373657392e-08,6.849540434129936e-07,6.678734813540883e-06,1.2962716448270796e-05,3.7699379630439274e-06,9.006692083641513e-08,7.035567558965066e-07,1.282234818986454e-06,0.0008759362521680588,3.116715906239736e-05
47,0.033817008441427265,0.0001772624188041181,0.07029387392245603,8.438348565204086e-06,1.988296484865445e-06,5.676266286731867e-07,0.6476521951249345,2.7412653337950372e-06,0.0003456516953657531,2.7172431376054523e-09,0.2467176670133081,0.00032291077843965674,3.373100864515596e-05,0.00028477026229471123,8.313982577705938e-05,9.496830074101123e-08,1.0710027776379535e-07,4.145806536787683e-06,1.2071394689694209e-05,2.403016090995975e-06,5.016622385232355e-08,5.587783052317353e-07,6.827775792729347e-07,0.0002178243780476351,2.011286823989645e-05
48,0.010512940993603098,0.00028881756607639525,0.07553897779277306,1.7414408180250033e-05,3.205047713312415e-06,4.7180515035504495e-07,0.6759782829906876,4.253900061751147e-06,0.0006423155295408152,4.5848562657263486e-09,0.2361147271616593,0.00013455017692014172,5.657344230969229e-05,0.00034204769787635344,9.112365440973192e-05,5.815855123092447e-08,8.582337500703872e-08,2.4865727839770293e-06,1.490051975210249e-05,2.996083970617096e-06,4.830368115823467e-08,3.9721201594828483e-07,6.779642715675754e-07,0.00023464733354393435,1.7995276236351704e-05
49,0.009594851723868654,0.00017112376799613877,0.11971543869906445,1.84011694636394e-05,5.390591831725253e-06,1.0044862494085918e-06,0.5032306495267242,2.9175755244518514e-06,0.000714214038070652,3.4695937487076624e-09,0.36544039752790025,0.0002620345617681379,5.779206791606609e-05,0.000524353100406395,7.839014056078094e-05,7.17496657680646e-08,5.6105634712641584e-08,2.8899482643772268e-06,1.1489402168335148e-05,3.44777919633028e-06,5.0119760583219716e-08,3.0493282311720526e-07,6.864638583468832e-07,0.00014787171576435362,1.6169335925251463e-05
50,0.007642799307587736,0.0001846342823794943,0.0712145757762585,1.1858718597386852e-05,2.2431636004682094e-06,6.330389755197359e-07,0.7796647199165179,2.2234573288288444e-06,0.0008589164621690623,4.675476589096328e-09,0.13971479283433924,7.214523257652494e-05,4.196367247254213e-05,0.00038843823324725746,6.314422390572643e-05,8.369815163620347e-08,2.1246746868896247e-08,1.2553424129234378e-06,1.4643035237027858e-05,2.653563932874224e-06,2.6463796927900803e-08,2.136480027886433e-07,3.8265119884946463e-07,0.00010254057162870787,1.5086783458640695e-05
51,0.008993610523956728,0.0002624070748253777,0.08251580518518184,2.769443298358114e-05,3.514894314498295e-06,5.157159708770417e-07,0.6060361664198947,3.3838231696188073e-06,0.0005255771187146807,3.754911258347663e-09,0.300634482599757,0.00015768032672964206,7.288022268433258e-05,0.0005236259592514154,4.4093243048129304e-05,3.48791278530489e-08,4.687720277639353e-08,3.906381522969543e-06,1.0130735799482647e-05,3.2465370576554597e-06,4.1719115825357094e-08,2.518706817881553e-07,5.925807259043607e-07,0.00016428059355470294,1.602652981751638e-05
52,0.007794502846720092,0.0001249733790515583,0.02570308419414161,9.374266323036363e-06,1.897061192674476e-06,3.722531974034481e-06,0.5478783051080783,6.912857512456305e-07,0.00034090154113488463,3.3316217709755643e-09,0.4176139876890187,6.063371203881807e-05,4.331736582650236e-05,0.00024450236938228074,5.2251941100567e-05,8.496253203189155e-08,1.4388776589189164e-08,7.221323029570537e-06,3.0424230409078453e-06,2.9823596643036086e-06,2.224744274967525e-08,1.6324722545729377e-07,1.2113771975426296e-06,0.00010686830485493406,6.2407428798450175e-06
53,0.017143345835522187,0.001099131293975161,0.5489824173270416,8.81212679975686e-05,0.0001511879302770509,9.236079949515424e-07,0.12339987296990132,1.7373368191616042e-05,0.0015567983961810605,1.707483120605006e-08,0.30078746282330154,0.0026154472491184857,0.00029989570507206107,0.003263620918866229,7.051694046612238e-05,3.996990535387815e-08,5.694609276396718e-07,8.693203312268342e-06,6.572778846193711e-05,2.6523054083863996e-06,2.510807190745001e-07,1.7603607156978876e-06,4.302403936044854e-07,0.0003891539744210103,5.4588906997006986e-05
54,0.010026762564701234,0.00019936810179966983,0.055955797112903195,1.0463491266878727e-05,1.4485683438788539e-06,6.487822300630682e-07,0.8074875551963977,1.203484907349272e-06,0.0005250539976354322,4.0708432663344755e-09,0.12507744569699458,7.387451679110902e-05,3.018265611279236e-05,0.00038808757284679334,7.754901125899826e-05,1.0279745362732703e-07,1.8505430071295866e-08,1.3391654610813425e-06,8.969748371868234e-06,2.0789277520573124e-06,2.881333627582361e-08,1.7042940068660323e-07,5.386736014633617e-07,0.00010596143338325228,2.534668077659334e-05
55,0.014329057801288483,0.00019494535866855723,0.13603807442322197,2.2251305697801827e-05,3.7454929037584906e-06,5.891101368186294e-07,0.5756114887421899,3.2353399727405435e-06,0.0009595378256126082,3.6645686258452846e-09,0.2718900008684,0.00020005215218843881,7.828273398947497e-05,0.0003405684503269521,5.058751475600358e-05,4.295649775335568e-08,4.6837280054347144e-08,3.22634084800178e-06,9.81991260917626e-06,3.046061133766037e-06,3.0103368274332015e-08,1.6204082408246137e-07,3.8640569475483143e-07,0.00023706762338382046,2.375093443810183e-05
56,0.009472495913068995,0.00021448298640375796,0.09938857728782606,1.8752069328863223e-05,3.892219651409401e-06,7.336148440936005e-07,0.5990540804215938,2.8551949858453987e-06,0.0007403543600891917,3.779821511997526e-09,0.29019726482103975,0.00014341214395638757,5.6424030621523296e-05,0.0004046166615893481,7.863975465761318e-05,6.004181117921263e-08,4.969956348403658e-08,2.5195002369188823e-06,1.072872018375172e-05,3.0084937721317042e-06,4.2353444148146385e-08,2.3286440550148787e-07,6.330695534748271e-07,0.00018812571733604192,1.801428021538641e-05
57,0.011545570787950502,0.0002443417208421339,0.25789949307624166,2.4320630984541517e-05,1.06941167858803e-05,8.237768726507147e-07,0.44784585820115685,7.203566996496481e-06,0.00177038282242368,7.122598210980757e-09,0.279015576475872,0.0004939959685186,8.712858644345945e-05,0.000679959809681515,0.00010720348314209115,9.320054005542014e-08,1.2842253338633904e-07,2.418903847178337e-06,2.9540390137014933e-05,4.288358479343932e-06,8.472988929960005e-08,5.711930624503992e-07,4.3397290073645274e-07,0.00020246525164390773,2.741543045639219e-05
58,0.01015945648724869,0.00022349731384410011,0.10194547154763413,1.7982173316264116e-05,3.760542288474645e-06,6.332027595278005e-07,0.6074095199350217,3.0666704800411504e-06,0.000697199662137384,3.7283514637667685e-09,0.2786308799680278,0.0001408398236731681,5.273388639933309e-05,0.00036294031431136564,8.260629994060717e-05,5.617068055275306e-08,6.016129958374243e-08,2.647736304046821e-06,9.991897145873063e-06,2.7549703006770027e-06,4.4543018279186986e-08,2.5049839046884963e-07,6.684292074769681e-07,0.0002338330388740919,1.910099934492108e-05
59,0.01064312143446628,0.00020879175037044495,0.11590203731518303,1.788899308002952e-05,3.7335518815360943e-06,5.858810661964555e-07,0.6025867362239017,3.0933918142011073e-06,0.0006728205864332712,3.4788500062813662e-09,0.2690456343567351,0.00014320713890509688,5.260026156688712e-05,0.0003429443006052595,7.652256051287115e-05,5.4614424411029386e-08,6.136722348642577e-08,2.769903935149214e-06,8.826448497392269e-06,2.7901235909367e-06,4.270815105672034e-08,2.2841132507773463e-07,6.418547581497158e-07,0.0002655667129172782,1.9296629805009224e-05
60,0.009684081101629997,0.00020250890823270842,0.09694900491307262,1.7955101003137406e-05,3.653560594977422e-06,7.328669382974855e-07,0.5995102359764899,2.7864481915645395e-06,0.0007331608013199997,3.568659792407275e-09,0.2920142440143213,0.00014445118760027245,4.842287521985023e-05,0.00039559883371736944,8.134723198479661e-05,6.151519851558978e-08,4.812424667447965e-08,2.4390591464320706e-06,1.0879508299984389e-05,2.880809867422593e-06,4.410810231875868e-08,2.3391857601450704e-07,6.375338977705558e-07,0.00017547912586132522,1.9108907827257393e-05
61,0.009969495116361355,0.0002078688881927282,0.1226679006956532,1.7988482485539204e-05,4.0523177648130125e-06,6.25764883999632e-07,0.5809336834102474,2.9716829115743208e-06,0.0007350248318098391,3.444283138921493e-09,0.2845397684614819,0.0001509266184006752,5.3058798118216305e-05,0.0003738073908403853,7.81480553796569e-05,5.558076386958681e-08,5.6229522111617013e-08,2.4980494102732303e-06,9.655037898274655e-06,2.8189003943639575e-06,4.2767633977894735e-08,2.235818232138866e-07,5.91689822355262e-07,0.0002296527262876632,1.908147762964443e-05
62,0.009684081101629997,0.00020250890823270842,0.09694900491307262,1.7955101003137406e-05,3.653560594977422e-06,7.328669382974855e-07,0.5995102359764899,2.7864481915645395e-06,0.0007331608013199997,3.568659792407275e-09,0.2920142440143213,0.00014445118760027245,4.842287521985023e-05,0.00039559883371736944,8.134723198479661e-05,6.151519851558978e-08,4.812424667447965e-08,2.4390591464320706e-06,1.0879508299984389e-05,2.880809867422593e-06,4.410810231875868e-08,2.3391857601450704e-07,6.375338977705558e-07,0.00017547912586132522,1.9108907827257393e-05
63,0.009598168777695917,0.00023501466341284711,0.0912081728795419,1.7700441978405565e-05,3.5273255695042273e-06,7.089234995119059e-07,0.6061094748014019,2.7952896281230872e-06,0.0007401528950920333,3.82614726884672e-09,0.2912214358222436,0.00012781383523495754,5.032753182694473e-05,0.0003702737715645387,8.480057101970319e-05,5.8109349414775514e-08,4.969719387587451e-08,2.534970934625428e-06,1.0783791982894152e-05,2.8447569574181136e-06,4.361138006926788e-08,2.4443649894734556e-07,6.279092775454093e-07,0.000193231940441396,1.9209420126808067e-05
64,0.010687555799222039,0.00021936786488301933,0.09666291444672173,1.8877831283545738e-05,3.942499634107412e-06,7.930230614862832e-07,0.5697795161459831,3.0750829405462617e-06,0.0007561742930483743,3.826437575671567e-09,0.32091338493660604,0.00017003991378895824,4.179370831156887e-05,0.0004181152591256461,0.00010095010029536427,6.799238659750039e-08,6.043082757976119e-08,2.7964694164901918e-06,1.2959292270068028e-05,2.7495602250724386e-06,6.617839724918446e-08,2.759902961063455e-07,7.356307756164783e-07,0.00018014746489734045,2.3636259164764904e-05
65,0.009973720955807704,0.00012114391715661747,0.11296556003676113,3.2389990866015016e-05,1.5366578166661687e-05,4.695913446431477e-06,0.3147080784788338,1.4893804275085037e-06,0.00033005030441142795,4.148812446825413e-09,0.5583362714596153,0.0009580817390194136,4.63728093370197e-05,0.0023323117400841633,6.899939597448543e-05,1.7658362074799067e-07,5.1872294766669086e-08,7.651008680556863e-06,1.3708282206429644e-05,3.3680354897527663e-06,1.7158667090959738e-07,4.06477051660125e-07,2.042498467567537e-06,5.5228770565953595e-05,2.2658036231654865e-05
66,0.006577833722519508,0.00010541666499854387,0.16098542731773605,1.6981474078136098e-05,4.3055442521159805e-06,1.142458940295844e-06,0.7092982301568704,3.9197826980479445e-06,0.00271252503812692,7.629217162357204e-09,0.11931029470430025,0.00014395875285433052,9.797522516936385e-05,0.0005997586103034795,3.617563443561016e-05,1.807918214972005e-07,1.2612324327820666e-08,7.326194541130341e-07,4.07584819804538e-05,7.513007528314036e-06,1.8132337807064766e-08,1.5996482472026553e-07,1.6792835985984114e-07,4.4539575546624474e-05,1.19641693218352e-05
67,0.007327151321139366,0.00010677638718277843,0.07705212248704432,1.6545992602060203e-05,2.7612092980206362e-06,1.0198010131328922e-06,0.6176150570391036,1.2396843812405855e-06,0.0003113170384061614,2.1534169763545613e-09,0.2966454616012083,0.0001534689161067713,3.680103543981468e-05,0.0005274717717033933,6.983096174796073e-05,1.0130756628173729e-07,2.814566584190304e-08,2.1677171894128667e-06,5.730459534203185e-06,3.2523620122545286e-06,3.977119362223385e-08,1.4043398869667558e-07,1.2467562531909207e-06,0.00010477583210848331,1.5489814694055023e-05
68,0.012702417528375238,0.00010779495498407556,0.014825218840293274,1.4256893646350007e-05,9.90822019419498e-07,1.4556192200760487e-06,0.35262561538718334,7.72666082909693e-07,6.777613740245698e-05,1.4334480223342689e-09,0.6190917943900158,0.0001490383971840363,1.5852463253022565e-05,0.00014291862377713454,5.328743473249989e-05,5.5133474411917476e-08,6.358717628737791e-08,1.553061959571666e-05,1.670142628716084e-06,2.5040256838011134e-06,6.382051213220467e-08,2.0144380069822914e-07,4.102423950884347e-06,0.00016049987356018714,1.611733799948148e-05
69,0.009713198960356934,0.00020285416296006965,0.09473995862727973,1.749092194804115e-05,3.6878842527112086e-06,7.496851822721449e-07,0.5960810944818271,2.732869785193672e-06,0.0007261601318994505,3.5342012558556426e-09,0.29762767066151985,0.00014646879310159592,4.8041894874319214e-05,0.0003997368844652356,8.238261402717857e-05,6.115895095103036e-08,4.8081606426157264e-08,2.453375039911522e-06,1.0937363564396594e-05,2.802142396176617e-06,4.429398908531656e-08,2.405393432446666e-07,6.403181118462122e-07,0.00017193492721297976,1.8605692103874654e-05
70,0.009349691883549506,0.0002326630765385518,0.08308638463159725,1.7021132491896925e-05,3.3409774957689717e-06,6.46982489484123e-07,0.6000081974366005,3.627460994167428e-06,0.000853196172143364,3.853581594323854e-09,0.3056483213615623,0.00012110957744449488,4.54574879426125e-05,0.00029011350272161774,9.511259427180559e-05,5.146020934255138e-08,5.911058771345477e-08,2.524258615826726e-06,1.2343739156074792e-05,2.838548961255766e-06,4.638575845205896e-08,2.764986151327541e-07,6.059998762623493e-07,0.00020793396115951484,1.84319056356555e-05
71,0.007521739496896069,0.0007894711138861444,0.21971452203221103,2.707507788294956e-05,2.3669554639464253e-05,2.386341984221326e-06,0.4045485167040021,4.202478062083424e-06,0.003479505766550455,1.726601057482622e-08,0.3620521763357572,0.0001979247122621085,9.509295513410159e-05,0.0009912934071024837,0.00022500433889180384,7.764564730962308e-08,7.042415808260153e-08,2.6824410830440813e-06,2.7624124038737654e-05,2.325187703577985e-06,9.313474320911649e-08,6.687341416417449e-07,5.076728737214858e-07,0.0002522361954658211,4.1116858872051927e-05
