,0,1,2,3,4,5,6,7,8,9,10,11,12,13,14,15,16,17,18,19,20,21,22,23,24
0,0.001860211925286234,0.14084912020411947,0.0034016872853233466,0.002586470416994546,0.008354559547840097,0.032034210033237046,0.11303303249106972,5.8927318187894896e-05,0.00019078576242026235,0.0009046245417905342,0.2947244385584172,0.03241595197008275,0.028931161894725207,0.21480159257047723,0.01916557070215885,0.0022570836795218307,0.014520311486664732,0.0014079994644281557,0.01595806213509896,3.176208122491312e-06,0.03952230362262958,0.03167586388587023,0.00025061420565968153,7.0257623406177e-06,0.0010852143275332413
1,0.0026707888854045274,0.17440257030840123,0.003368123942677096,0.0036987554547224587,0.012878397883564404,0.01840289168052072,0.11352075631777146,6.732507405738011e-05,0.0004999234393016265,0.0010533430061184272,0.32572092821837784,0.021748965010333323,0.030774643916360797,0.19354784205725736,0.015396013324012206,0.0025170907629470645,0.018024029619619228,0.0012827827500958243,0.011464949441421145,1.720055616270749e-06,0.02085140163865855,0.026709047292107036,0.00020206957149120804,8.957680866553256e-06,0.0011866826682961483
2,0.0021129614141860388,0.1319919483169687,0.003052079112506752,0.0027485055797968226,0.013216582418294246,0.013775843861674067,0.11472554313473594,5.599430438551056e-05,0.0004213061487693194,0.0010237632422395128,0.28160759717597744,0.017077092167972055,0.01837687062627544,0.28112961239415796,0.021633878566780097,0.0013332261182576394,0.011533459989458475,0.001302971700332512,0.010226034177305688,2.772714428914783e-06,0.02529061101870262,0.04484459348064646,0.0002927571454134333,9.795441448855903e-06,0.002214199749285571
3,0.001911317013427777,0.14638433787883579,0.002953373017537372,0.0030784165586217084,0.009776909795424688,0.015115573312254355,0.0899808026140553,4.230961103865448e-05,0.0002351665222835345,0.0006630914125118951,0.3453074146396095,0.026698700728547225,0.02525361766122055,0.23636554772040083,0.014693599875650328,0.001412058251359727,0.01579041443316904,0.0014060654571949995,0.007932206284195012,1.4279290223962782e-06,0.026251390081637033,0.027340104104184026,0.00019736877887610203,7.013664041328664e-06,0.0012017726549009733
4,0.0015880751803592171,0.14741658446121314,0.0025089685982997937,0.0028737888363715982,0.009217370941101014,0.013184726381050992,0.07638955858172222,3.525655932805337e-05,0.00020332243674919858,0.000527411622823108,0.36263766400718034,0.030515121752238417,0.03023719914760957,0.2392569697372302,0.01098603893170824,0.0012359894086731403,0.01561891378444677,0.0013610539845087268,0.006827191286255213,1.2043042836215225e-06,0.022962218046958454,0.02323121104844395,0.00017672361840202758,5.672563953247526e-06,0.0010017647790896574
5,0.002475259961203147,0.10616128563933816,0.0029448982310734495,0.0042697846178522,0.008896031121620879,0.01260528799773943,0.09214418111209621,4.4241656534792615e-05,0.00023119302108208972,0.0008118662150347234,0.3352726961063308,0.03015346322246778,0.02512057837982234,0.28526474766525206,0.010662550732658649,0.0016025239696858535,0.0190237811102522,0.0028048812663966187,0.0057740699943723975,1.9072551124345077e-06,0.02704525761116442,0.02493910368834034,0.00022393579711309155,9.654800012620394e-06,0.001516818827443303
6,0.001911317013427777,0.14638433787883579,0.002953373017537372,0.0030784165586217084,0.009776909795424688,0.015115573312254355,0.0899808026140553,4.230961103865448e-05,0.0002351665222835345,0.0006630914125118951,0.3453074146396095,0.026698700728547225,0.02525361766122055,0.23636554772040083,0.014693599875650328,0.001412058251359727,0.01579041443316904,0.0014060654571949995,0.007932206284195012,1.4279290223962782e-06,0.026251390081637033,0.027340104104184026,0.00019736877887610203,7.013664041328664e-06,0.0012017726549009733
7,0.0012837435109594008,0.0871700480873752,0.0011880215538568638,0.0030247674091477715,0.009829711811700443,0.016608550769401115,0.09663385117394964,2.7641321525546955e-05,0.0003597349213359077,0.0009285278441366125,0.22145611706914795,0.021385440792411836,0.008848260412611,0.4247002574798216,0.01777815832236372,0.0018501592942704891,0.015252790323537907,0.001751452588507345,0.004592343952390938,2.242030364229162e-06,0.028889820016819955,0.032671611634834424,0.00048296636196716006,8.080008817974634e-06,0.0032757013087449664
8,0.0018703213675935117,0.08884809102742566,0.0029763945943737397,0.003926632308567717,0.010569998364815777,0.00902687228118134,0.08295788232485192,2.626900266050756e-05,0.0004214982178363843,0.0011142282306761697,0.3289092406678672,0.008014874267663999,0.008292823725292634,0.35215672304598267,0.027843212784540442,0.0008411195422619697,0.009514662826990084,0.0012019441005758993,0.0033635647257266145,1.5819556943791178e-06,0.02068448291587081,0.03432929190331486,0.0002668317060427923,2.7830748047255666e-05,0.002813627364145583
9,0.0019453727771892595,0.07865869496332441,0.00504901357654148,0.005453987236742362,0.008933568854534366,0.01483160838646574,0.05934097975017302,4.7121781821291556e-05,0.000313126092604299,0.0011869991573376492,0.38192820208252853,0.012443565655072077,0.01850375507547418,0.30743180355913446,0.018752022447273312,0.0013836802109249819,0.016788994389372137,0.001262745057455379,0.0055747206944033595,2.2822603772837017e-06,0.025165528557833418,0.03365954900105659,0.0002511399615057263,2.2455061351228488e-05,0.0010690834095035003
10,0.001911317013427777,0.14638433787883579,0.002953373017537372,0.0030784165586217084,0.009776909795424688,0.015115573312254355,0.0899808026140553,4.230961103865448e-05,0.0002351665222835345,0.0006630914125118951,0.3453074146396095,0.026698700728547225,0.02525361766122055,0.23636554772040083,0.014693599875650328,0.001412058251359727,0.01579041443316904,0.0014060654571949995,0.007932206284195012,1.4279290223962782e-06,0.026251390081637033,0.027340104104184026,0.00019736877887610203,7.013664041328664e-06,0.0012017726549009733
11,0.001832521580977941,0.150592176505211,0.002927728633403128,0.003105552090912477,0.009463855152905144,0.015060488042074655,0.08939468005240961,4.5318986325752906e-05,0.00022488103106677683,0.0006119701936021199,0.34644478576891374,0.029463601818838604,0.0301539432376967,0.22728773178806205,0.013245442778764898,0.0014548591517535847,0.01680632720047775,0.0013949077350595672,0.00823123818461142,1.3881756678129338e-06,0.024751325842865986,0.026247311256319444,0.0001870543094053347,6.293255162359592e-06,0.0010646172275122312
12,0.0008742041958779198,0.15540734294211236,0.0012874224026286239,0.0017446252758970145,0.019962841685668732,0.012198490037740768,0.05066716962132987,6.788612038156953e-06,0.00014139679282843155,0.000268848349736466,0.2239438547580463,0.03331347091009905,0.011830420030605726,0.4421849794286809,0.006166079609189723,0.0006552126050041478,0.0061568031590991815,0.002088800140017067,0.0025011962587025275,1.1764755374057129e-06,0.017812878932244355,0.0079973450273501,0.0002202638285011708,3.0583796091515713e-06,0.0025653305414548707
13,0.0018104224672175827,0.1421953495320038,0.0028374043800191815,0.0030116644703762083,0.00956080924378539,0.014219286497337391,0.0837896389181511,3.908189812738795e-05,0.00021891406533498274,0.0006069084089131737,0.36564771327845275,0.02633971202887098,0.025254636268601884,0.23201796303160113,0.014435278434952473,0.0013308815579258352,0.015189486121835575,0.001326894866361378,0.007537422696579242,1.3068368166437839e-06,0.025560588595472663,0.025758678613092688,0.00019289639274854204,6.851346781640611e-06,0.0011102100486401205
14,0.0007297981416601448,0.3562037246134459,0.0010147789921039342,0.0004257331513201213,0.008309096979711056,0.017899656506088997,0.0307404102639448,7.504755492861284e-06,2.8732955529442e-05,0.00010631084131707822,0.32270535856913873,0.0706584372297227,0.03914411708732435,0.10231669559887055,0.004027498541226489,0.0007335511059938296,0.004388299007237602,0.0004581576900711048,0.01460967878772081,3.110165043313874e-07,0.019743103787819596,0.005473752427001046,4.9261936772183595e-05,5.252811810932285e-07,0.00022550473280122865
15,0.001911317013427777,0.14638433787883579,0.002953373017537372,0.0030784165586217084,0.009776909795424688,0.015115573312254355,0.0899808026140553,4.230961103865448e-05,0.0002351665222835345,0.0006630914125118951,0.3453074146396095,0.026698700728547225,0.02525361766122055,0.23636554772040083,0.014693599875650328,0.001412058251359727,0.01579041443316904,0.0014060654571949995,0.007932206284195012,1.4279290223962782e-06,0.026251390081637033,0.027340104104184026,0.00019736877887610203,7.013664041328664e-06,0.0012017726549009733
16,0.0019396130929707589,0.15832348770917382,0.003211858986297184,0.003056243767924269,0.010477327549404569,0.016117362536754394,0.08991769741798404,4.644597067352952e-05,0.0002705120819791522,0.0006115858584644364,0.35436978397924335,0.023791515554384073,0.027194472714571292,0.21687135900850557,0.016212055664459435,0.0014229890279619769,0.01569203020356293,0.0011571924384641303,0.008787544522893875,1.3677501316445337e-06,0.022456975831766438,0.026769751666294053,0.00019927149597511175,7.226824927405437e-06,0.0010943283452324207
17,0.001959106689192701,0.11846214918367591,0.0017419141253828725,0.002198402709824096,0.006603340300180009,0.007209982999964369,0.06712457887448989,3.354873923686088e-05,0.00012030791462087224,0.0004405608650658816,0.25947668062084067,0.06738363094719685,0.030405275672733427,0.3383734720743897,0.004817552227930514,0.000885366069861162,0.020060687122610808,0.003943492830732387,0.005946109016507519,1.5882659437099698e-06,0.0301560188108346,0.0305777232858376,0.00021296068602727635,3.3224420543858705e-06,0.0018622275248658985
18,0.0020842173700401524,0.14955935908051238,0.00185075967833818,0.0022552733804159955,0.007011330185122603,0.012171512314026446,0.09011554310971859,3.5133467915286017e-05,0.00023982871330321641,0.0006939471464555543,0.28268796261849877,0.036434107046903315,0.022937510076419088,0.29102580481147494,0.010068593151251038,0.0012195601064971299,0.020203362369662418,0.002235665122847134,0.006649511049155416,1.4973741951650799e-06,0.02433896236989266,0.03394062826064072,0.0002181279363977873,5.8137100772980946e-06,0.002015989550238718
19,0.0018641305621068267,0.14719745447945368,0.003041443617594849,0.003138690532670531,0.010047878280384464,0.014645058927804941,0.09033485405142667,4.336970653703367e-05,0.00022997592073414633,0.0006429528186495963,0.3433667701312777,0.027624906834410507,0.026306220760054524,0.2359567955445668,0.014331288247791977,0.0013847962786650817,0.015680024191860653,0.0014104745369735827,0.007926172934260341,1.412217896229698e-06,0.026008141371509773,0.027465126127971008,0.00018827013464696037,6.746313945077233e-06,0.0011570454768068926
20,0.0011559499676244925,0.11382422704351221,0.0029969135451498406,0.0028446189171659857,0.008042012824951329,0.013169116878450121,0.11192112739688215,5.8128334289005483e-05,0.00017849592444591286,0.0005675618573647508,0.39899491094169826,0.015567652644033463,0.01771637463295488,0.16722267104576422,0.04062291279037727,0.0010796715951798513,0.010293934497358735,0.0005388415025275323,0.0095811583003721,1.2181232297919378e-06,0.0383792723962931,0.04415987411244037,0.00021547172650377374,7.293446335108766e-06,0.0008605895550957947
21,0.0018530591180924553,0.14509970860044946,0.002168613634925409,0.0025364134493331717,0.01081331058758951,0.009542323223857428,0.049129036391194994,2.154661757632965e-05,0.00013460820908550725,0.0006282574090327917,0.356805064954507,0.040267699258413704,0.02076877599988594,0.2768382323828322,0.007256993194831726,0.0010379323537473676,0.01157036206243791,0.0020396079227084627,0.005766568637490032,1.13591189791812e-06,0.036006064586366265,0.018410398941913743,0.0001485915710844331,5.059106984919583e-06,0.0011506358737614602
22,0.001995107130971178,0.09279409798022602,0.003419563025593104,0.004104950074059578,0.00637629278296949,0.012280910662275579,0.06251743377401153,3.9407028785449546e-05,0.00014299313915466406,0.0007830725165017953,0.4110776612016292,0.03040948283974336,0.024815708180293276,0.24429252913362245,0.010923252703774193,0.001395730529437321,0.022684804694773412,0.001981438236047103,0.0057544195672984255,1.3550652250507319e-06,0.03345971220408489,0.027763967455412528,0.00016016302856722886,8.349313067556943e-06,0.0008175977324756145
23,0.001911317013427777,0.14638433787883579,0.002953373017537372,0.0030784165586217084,0.009776909795424688,0.015115573312254355,0.0899808026140553,4.230961103865448e-05,0.0002351665222835345,0.0006630914125118951,0.3453074146396095,0.026698700728547225,0.02525361766122055,0.23636554772040083,0.014693599875650328,0.001412058251359727,0.01579041443316904,0.0014060654571949995,0.007932206284195012,1.4279290223962782e-06,0.026251390081637033,0.027340104104184026,0.00019736877887610203,7.013664041328664e-06,0.0012017726549009733
24,0.0012551411017717481,0.11558077947766271,0.002142829386121155,0.0038399647478074574,0.013448049007337768,0.011203689028411982,0.06540544177101881,2.9782957588394894e-05,0.00018493035795391887,0.00045161701752685965,0.3465828932684526,0.033503731364246656,0.030910516554380103,0.309350027227916,0.00791536441683929,0.0015068454567669966,0.01302553510698895,0.0016521826546512172,0.004993831200490206,1.2243681335409796e-06,0.020249866063401522,0.01562605559658922,0.00019468634482604317,4.941650008568214e-06,0.0009400738731083005
25,0.0014339117635826255,0.2310359212030268,0.0024300462174335472,0.0016700606245863639,0.009316100346587617,0.028314236614974245,0.06744851354855182,1.871995514269398e-05,0.0003581709919632097,0.0007073356003598948,0.20925100949634332,0.021787822685738544,0.013130143871861016,0.32493677846594554,0.014929199600434396,0.0009369305200139398,0.01544684547625637,0.0010571112504425635,0.005915236427108326,1.4692075810556568e-06,0.017942200690888102,0.029485621939531467,0.0001998121863880756,7.648865471540843e-06,0.002239152449786891
26,0.003353563979413433,0.148516443117222,0.0031890613566607755,0.004628700103334005,0.010897633592489346,0.016204305883251925,0.07632585590013308,5.203311873983513e-05,0.0006610813335447861,0.0006201899384815218,0.40462150464791363,0.015703904341173684,0.02321817736303826,0.20547734061365538,0.016980270540321887,0.0014934742775149872,0.02252814432970841,0.001323548772793851,0.005892725116253064,1.6076426479955816e-06,0.015540375475174511,0.020803911162350797,0.0003865106091619509,2.0370604314917423e-05,0.0015592661807061422
27,0.0016066140623537293,0.14279938806869563,0.0023185165789795592,0.002495822581616661,0.009394979253216983,0.014876249647809418,0.11797097804340696,4.60186143156258e-05,0.0004257726849404144,0.0008781519317835154,0.31265653129419435,0.01691270316572638,0.0182470978141249,0.2420923043293065,0.024746327724007453,0.001368732213059894,0.014258011677906168,0.0009156106424259839,0.008114259501360412,1.7372919310299595e-06,0.020708826535395176,0.04520363269112393,0.0002390363990351825,9.711104144004473e-06,0.0017129861491402079
28,0.001911317013427777,0.14638433787883579,0.002953373017537372,0.0030784165586217084,0.009776909795424688,0.015115573312254355,0.0899808026140553,4.230961103865448e-05,0.0002351665222835345,0.0006630914125118951,0.3453074146396095,0.026698700728547225,0.02525361766122055,0.23636554772040083,0.014693599875650328,0.001412058251359727,0.01579041443316904,0.0014060654571949995,0.007932206284195012,1.4279290223962782e-06,0.026251390081637033,0.027340104104184026,0.00019736877887610203,7.013664041328664e-06,0.0012017726549009733
29,0.001911317013427777,0.14638433787883579,0.002953373017537372,0.0030784165586217084,0.009776909795424688,0.015115573312254355,0.0899808026140553,4.230961103865448e-05,0.0002351665222835345,0.0006630914125118951,0.3453074146396095,0.026698700728547225,0.02525361766122055,0.23636554772040083,0.014693599875650328,0.001412058251359727,0.01579041443316904,0.0014060654571949995,0.007932206284195012,1.4279290223962782e-06,0.026251390081637033,0.027340104104184026,0.00019736877887610203,7.013664041328664e-06,0.0012017726549009733
30,0.001911317013427777,0.14638433787883579,0.002953373017537372,0.0030784165586217084,0.009776909795424688,0.015115573312254355,0.0899808026140553,4.230961103865448e-05,0.0002351665222835345,0.0006630914125118951,0.3453074146396095,0.026698700728547225,0.02525361766122055,0.23636554772040083,0.014693599875650328,0.001412058251359727,0.01579041443316904,0.0014060654571949995,0.007932206284195012,1.4279290223962782e-06,0.026251390081637033,0.027340104104184026,0.00019736877887610203,7.013664041328664e-06,0.0012017726549009733
31,0.005156732055913427,0.1803451361389965,0.006409063083576929,0.0036709272603879903,0.011705014618003043,0.012305528195231405,0.1004085465135289,0.00010955859696482991,0.0002370031152310647,0.0007992789581317582,0.2824278892495154,0.04262541676041522,0.042947005079918284,0.18969169221686455,0.010097560670857946,0.0015656398937639847,0.020488086614836424,0.003171175900126681,0.016409951742001296,2.3508952168679397e-06,0.03469646340619254,0.033062906670783265,0.00018707807275886195,6.86911347659762e-06,0.0014731251773061947
32,0.0018758377333333042,0.15278237955381385,0.003004810094694779,0.002721011767487764,0.010171865322238731,0.015530048834803491,0.09246119129411581,4.637973591252737e-05,0.00022438958660692872,0.0006378816131316908,0.33836568160969643,0.028093786600997716,0.026764954233541863,0.22610403405230609,0.01539800619705945,0.0014320464212171456,0.014813591867619226,0.0012941486039824601,0.010054266686778923,1.540016826961428e-06,0.02698618111969723,0.029849857976528876,0.00020133716825035714,6.153718597226873e-06,0.0011786181907609574
33,0.002199762585110846,0.15415088278663377,0.00430250296771689,0.0027669445868086957,0.026545077377231552,0.013651691298987318,0.06421125052872717,2.2574628173204745e-05,0.00022348769736651436,0.0004935359713688503,0.43333860447516515,0.007000035862211171,0.0050405567257174625,0.13964049445705545,0.06314571236705228,0.0006844879290691002,0.002861627257597493,0.00047998243634410755,0.007900078906796464,1.1156575654827102e-06,0.05678139646583129,0.012422933232964865,0.0003426318616257851,1.534586441757413e-05,0.0017772860724615477
34,0.003156427596768934,0.2005897331279109,0.0030329994586779916,0.0016101024510012537,0.01169703767307581,0.008138836120008298,0.05831628550621526,3.881889133649602e-05,0.00030468384006706694,0.0005201852846971717,0.4141284844134257,0.01961976801914677,0.024621780541679784,0.165014673690846,0.013716103503599154,0.0007492546447032767,0.009444647371869678,0.0008784157685477106,0.015027731988900287,1.074299501768771e-06,0.01891446994141194,0.029027446276283952,0.00017700367694240964,7.707598983961193e-06,0.0012663283143986097
35,0.0270355141645103,0.2540603578369876,0.0032962587350925878,0.0029612416975330095,0.004781201704675316,0.004819859702292335,0.1411578149831714,0.0003083010238851847,0.0007447194330465474,0.0015651359008237529,0.13778705209451583,0.0841759362055916,0.06811266302164784,0.0987113877582972,0.002144022561432459,0.0022373208221746774,0.07178646999151125,0.013353077261176563,0.01754331320129388,1.773250725798243e-06,0.016465613728294592,0.0446038335162869,8.660469501248707e-05,4.989502517916564e-06,0.00225553720750285
36,0.0013012114923263722,0.11798231755350316,0.0012588100928575606,0.002653205303279693,0.002920313277388408,0.02074754678502623,0.16108390545719037,0.0001295537285756198,0.0005196761387517572,0.0007453834491140362,0.1550678824672495,0.051842460834500524,0.05343496602811101,0.23321001997823568,0.008988849271053083,0.003583091914068265,0.08657593861367942,0.0016989045581723707,0.007986483346602997,1.8530953696587372e-06,0.009492504867010573,0.07750054431036947,0.0002061465645223382,3.1671572703886256e-06,0.001065263715771692
37,0.0016418956394221842,0.16183459681531123,0.0027041696154271873,0.0027940593557802223,0.010215150109157169,0.017096970954737715,0.0968216097603201,4.435260223112519e-05,0.00025191749129086616,0.0006435875003971486,0.3218575362024894,0.02705213040095466,0.02589408008151035,0.23161186051840596,0.015840680439346187,0.0014836783067484326,0.015434008432285618,0.0011709207913231543,0.00866794446476932,1.4299950316424816e-06,0.0263873184860815,0.02915640322930688,0.00020331007907887046,5.7414044151115545e-06,0.0011846473241779395
38,0.002693604323243874,0.16291023923387457,0.002860972336116986,0.002901697377243657,0.014818547171591291,0.004341336802176957,0.04717680299576349,2.3190620863654677e-05,0.00043812497292324796,0.0007172542920834288,0.3119263397495646,0.020503831485955946,0.014902371114297444,0.34105115282137816,0.007765621343635681,0.0004671686527626971,0.011795818055640287,0.00199938570613197,0.0035125378634682197,9.903719828802187e-07,0.015508989648213076,0.02924430489417407,0.00012864391398047657,1.1019798926975053e-05,0.0023000544540063015
39,0.001990659697598304,0.12316867629759246,0.0030501730741447556,0.003982206833133696,0.008226413364575089,0.022134860361082396,0.16821173237804998,9.449353356665857e-05,0.00020975850148331293,0.0007636061822861,0.26116429717031003,0.03250241330680415,0.027849516722005696,0.19967404987401788,0.02171866926146813,0.0024101804425758146,0.021631468826482765,0.0016920000137696128,0.011943741462746347,2.3149593551130216e-06,0.047380430285740606,0.03822465283358709,0.00033663499269291327,5.638982574732236e-06,0.0016314106423563225
40,0.0009828071002590572,0.25108316312403334,0.004966023389596627,0.0010973867578165071,0.015604994414564758,0.01649396869085003,0.041626379139168196,1.4674687881473229e-05,9.689524608663177e-05,0.00034161579606661684,0.2750466269421148,0.03242631291114634,0.016071017262859925,0.25755433039267056,0.015753380647596557,0.00045192562115899706,0.006044155394725444,0.0007127932977304905,0.009826225105869375,1.059543652923751e-06,0.024903565827612103,0.027893777373856447,8.118600572269221e-05,3.4918853588321027e-06,0.0009222434416014431
41,0.001551763402386306,0.291327165837487,0.0035617355971339455,0.004336915252570723,0.02139120909346062,0.022401927826934703,0.08001255402373664,4.188473772346027e-05,0.0007515254983555944,0.0006695265360689512,0.27732833848644867,0.014573333137611716,0.030679142999120588,0.19125515607813726,0.013098325518105474,0.0018124678867456224,0.014343182601039275,0.0006223437158863112,0.005086752492119212,8.624121995099481e-07,0.011167921754717536,0.013068845032302445,0.00013112062468111142,7.701148561662666e-06,0.0007782983064658304
42,0.0018206622225344698,0.16456739755465416,0.006102503076979056,0.0020629694910775185,0.007368200094295268,0.014957434911601791,0.10792693124656558,0.0002109467847948338,0.00019500958792572585,0.0008818409572056755,0.24604170323762756,0.03321997633830558,0.038256940368914714,0.11409552531328908,0.025987104175711238,0.0014935119496275436,0.01828496420368862,0.0005534528724503162,0.04097902785285585,2.1211515024193903e-06,0.051500417841934695,0.1228352437175783,0.00012616923666166043,3.6165901888068957e-06,0.0005263292220296857
43,0.0021744710576372477,0.11376813284630562,0.0037287628319402225,0.0037778555122553606,0.010825003382664925,0.021104726999984957,0.11314259453651075,7.345539710759973e-05,0.0005444854338997849,0.0027636277191345824,0.27589796981430026,0.012365094469493729,0.017260750022058534,0.2729149481357234,0.02271411314781775,0.0022001943268677967,0.01538849577824768,0.0011136477888860543,0.011293349903344008,3.825565094349071e-06,0.03472284181214676,0.060431432081210844,0.00024377962348505952,1.5172640994919415e-05,0.001531269172887858
44,0.001911317013427777,0.14638433787883579,0.002953373017537372,0.0030784165586217084,0.009776909795424688,0.015115573312254355,0.0899808026140553,4.230961103865448e-05,0.0002351665222835345,0.0006630914125118951,0.3453074146396095,0.026698700728547225,0.02525361766122055,0.23636554772040083,0.014693599875650328,0.001412058251359727,0.01579041443316904,0.0014060654571949995,0.007932206284195012,1.4279290223962782e-06,0.026251390081637033,0.027340104104184026,0.00019736877887610203,7.013664041328664e-06,0.0012017726549009733
45,0.0017434068964300707,0.13142911887809455,0.003633730316292767,0.003827985662096529,0.009581035910134084,0.020342307922929636,0.1309845082573004,6.915314459075237e-05,0.00025597210412932895,0.0007229146217048207,0.3451389847018871,0.020637801887260266,0.027069881088762262,0.19047126534741565,0.025356062396149702,0.0019812893528007532,0.016043720116184566,0.00101609515905827,0.010060187531581026,1.6456217902389988e-06,0.027694863100415114,0.03076404822018989,0.00021373943653586055,7.83801576183694e-06,0.0009524443105044717
46,0.0024690078596834855,0.08660362326700448,0.0027899757393551818,0.006704309695638508,0.0020304178491061114,0.028788001134397757,0.05904156877326943,9.475910326231879e-05,0.00016047030773976532,0.0005332462483776043,0.3848038105859998,0.05091245898752758,0.052256182302819726,0.14466851947662349,0.008562808662064414,0.003096573380769183,0.10772154168123375,0.0021056519720217847,0.005220693527273436,1.216749442103791e-06,0.026758604490964955,0.024059584016413213,0.00023801865471761383,9.042616014340047e-06,0.0003699129182801034
47,0.004094396596533972,0.30766621114022774,0.0021207379483907485,0.0007640438454005136,0.0039050925749752065,0.010331859768721774,0.10434173990475522,7.696912231967116e-05,0.00024261877839193557,0.0008019008691212232,0.15298204839373375,0.07770289262515091,0.03155966599939851,0.12604180361174216,0.00747198716357787,0.0009558292419186941,0.028146628046463965,0.002204012810744038,0.02265103571105715,1.5089927372045929e-06,0.02497041447091112,0.08903665430336057,8.492871312551239e-05,2.618988383050836e-06,0.0018424003788575674
48,0.002109580289022534,0.19125742259356834,0.003215166076829857,0.003061679678698057,0.0061649709208878335,0.027188796621995682,0.11716444455210767,8.599301610333789e-05,0.00025087259261257416,0.0005622892921243301,0.29984587346668484,0.03429597961342617,0.04518305774139985,0.15297219602071674,0.015071575355166053,0.002072653115168675,0.030212330878281943,0.0010947339273295735,0.013456855081552099,1.3617503048110156e-06,0.02434043651156348,0.029452447843066335,0.0001916432146979873,4.7450692818153755e-06,0.0007428947774092921
49,0.0013707162271378388,0.17482298507460756,0.00423441679905945,0.0022150765596592277,0.00835961048052538,0.0202737073127252,0.06861548756031505,3.441352729212592e-05,0.00013641581327685968,0.0005789820210185401,0.2855164181764845,0.0440190775624185,0.027221283434616397,0.25287358239173974,0.012488741799346906,0.0010056696973224934,0.016900282645633986,0.0014031352112702977,0.008927551200291586,1.6175359134891009e-06,0.031307008070610425,0.036674837709232105,0.00011997614694130749,4.746349005686794e-06,0.0008942606935554464
50,0.0025964234211701496,0.13653655331571696,0.0024327010400384255,0.0021249860833315233,0.009957210918740978,0.00888967793307964,0.21460194225796075,6.903947516511803e-05,0.00039365092423177694,0.0015617788344734183,0.20965600515545282,0.017160571651791804,0.01868235836553839,0.23990005939362588,0.01857197774235273,0.0014215916512329404,0.011058056857877866,0.001740374796561311,0.012863987828734,2.2958643327668762e-06,0.02477497567771012,0.06165622074644681,0.0001744023004269465,6.7369542251651396e-06,0.003166420809781654
51,0.001621286855843934,0.1974504800721099,0.0037420681308719906,0.004928304424227261,0.010800958664150236,0.009885438327241782,0.06475039880848495,4.277882792088769e-05,0.00032244993479168616,0.000607350640179323,0.37338443204593147,0.021437391740294943,0.03292833871647542,0.20504721811769372,0.010161967330007068,0.000919686261928574,0.017201890049386617,0.0008948819011826947,0.003824668117322574,6.037926386898108e-07,0.018000459514348647,0.021445570832788592,7.856117260022034e-05,7.636396810230959e-06,0.0005151793247685891
52,0.00232265900452615,0.03790148921753948,0.0034442356037655687,0.007243975298273883,0.005862110745688294,0.013190257396222076,0.054164261170772894,3.1174824257512515e-05,0.00020038675977426226,0.0012688563973335763,0.48819390599731594,0.014486149425894402,0.02531334800143876,0.27872864548238035,0.007686490181307492,0.002481577592937204,0.020608097487386255,0.003092474475817746,0.0030017159396439003,2.30711569073869e-06,0.0151597616024544,0.01478291526113875,0.00018059206281989196,2.3763617606923925e-05,0.0006288493380135433
53,0.0017867632725885102,0.13441309551252859,0.002576137021098244,0.0032613918883033417,0.00960758489681028,0.015207623244867763,0.11262175796772776,4.6086879786212854e-05,0.00026271414651381794,0.0006719793342907463,0.33739908140373703,0.023887686473042683,0.024553699094127784,0.23678019785709806,0.016887370814376246,0.001569841245734203,0.015454258874462444,0.0013790075876421318,0.007507473513575587,1.5113368782477895e-06,0.024996179358688687,0.0275573349447493,0.00022710401359235586,7.225465182735432e-06,0.0013368938525973328
54,0.0012574372986834878,0.025218418283215794,0.009504044943261231,0.008814937600584574,0.007674541578892778,0.010970011880375906,0.027237185641636078,4.464845308311015e-05,7.132812766900839e-05,0.00038119301909720477,0.6717841172470062,0.0072660589155050526,0.02057901894306126,0.12959902816650581,0.018777810795000453,0.0008801511307734728,0.009178675007250989,0.0006253881136770232,0.0050315959852771305,1.5574976626546988e-06,0.03203961645934074,0.012648491603470296,0.00020836207375114286,1.8967080380863793e-05,0.00018741415483783134
55,0.0020745308065260887,0.18221140429291657,0.002493018157399864,0.0026332135693910665,0.0105589708705203,0.012455248915344198,0.08971520141496946,3.58746374001106e-05,0.00024364577236844935,0.0005568855023090361,0.31588236196542585,0.03612214780928726,0.02583415118460917,0.2330437090349559,0.011283011405892962,0.0012486874245826768,0.015494338056262191,0.0017638619536628557,0.007132368957425908,1.1938462497446824e-06,0.02392989653674638,0.023680091492189418,0.0001675533085974938,5.604412145392416e-06,0.0014330286728216673
56,0.0018016353734155324,0.15229840493527025,0.0028428003546475933,0.002939627006084332,0.009659830207312014,0.014233377444976087,0.08753361976274943,4.098078315495169e-05,0.0002285332390987005,0.0005984330569249235,0.3500315864571014,0.028501421269634755,0.02879114255914677,0.2308661666778243,0.013112284353953835,0.001341800622478253,0.015655473359700463,0.0013907656209439696,0.007732901811491901,1.341421569122034e-06,0.023467853353767457,0.0256336891430903,0.00017985632582200045,6.376613838817044e-06,0.0011100982460028966
57,0.001717410169785179,0.19425939080699295,0.004004763466511687,0.0014152103985651473,0.010870701895425525,0.012682564790739046,0.06964125100206171,5.850141474140483e-05,0.00011158040245974198,0.00047264447233212473,0.27614422016631285,0.06590028463406579,0.033386298182188384,0.17974117839418566,0.012164733262766904,0.001081151961492112,0.013152567623299112,0.0011883362749560912,0.025996859633094414,1.6739972081476724e-06,0.04212674561247483,0.05289256632236462,0.00012470151749538588,2.4222394964295503e-06,0.0008622413589847038
58,0.0019072796513073444,0.13352079326159605,0.0031719828385562586,0.0032077544949799136,0.009117611547721413,0.014751877939662573,0.08471003843273175,4.10830875471204e-05,0.0002462887197620964,0.0006826882666721654,0.37888432886358225,0.022700381574037358,0.02382253680534057,0.22711244621852478,0.01687025802878085,0.0013435343849765248,0.015317756202810383,0.0012669101985856189,0.007399746637418037,1.4529923237191127e-06,0.024570345062309124,0.02801821383674527,0.00019776658218653026,9.443141545984214e-06,0.0011274812302963255
59,0.0018779167170228238,0.12646744924071873,0.0034612593238637955,0.0034174042993648387,0.009571338999380915,0.014491541109784315,0.07917098240943413,3.8398820019260943e-05,0.0002484530688525746,0.0007410733692251239,0.38609890453769075,0.020691913983077133,0.02093882983299442,0.23604558943892476,0.017894634678860342,0.0013002287999752742,0.014619426777355308,0.0012521242193864245,0.006880199944592499,1.4923996657567001e-06,0.02560960636092004,0.027832357200641665,0.00019532269965127306,1.1067979611422058e-05,0.0011424837889864139
60,0.001911317013427777,0.14638433787883579,0.002953373017537372,0.0030784165586217084,0.009776909795424688,0.015115573312254355,0.0899808026140553,4.230961103865448e-05,0.0002351665222835345,0.0006630914125118951,0.3453074146396095,0.026698700728547225,0.02525361766122055,0.23636554772040083,0.014693599875650328,0.001412058251359727,0.01579041443316904,0.0014060654571949995,0.007932206284195012,1.4279290223962782e-06,0.026251390081637033,0.027340104104184026,0.00019736877887610203,7.013664041328664e-06,0.0012017726549009733
61,0.002050832459100971,0.12888350238697088,0.003949263489088101,0.0036441551569649155,0.009655422221243746,0.015349926188926057,0.07913896781605731,4.402801065975915e-05,0.00023191575926165666,0.0007390817206231454,0.3807421726658956,0.022288857015466935,0.02308033904109783,0.23039886119221065,0.01720898861971386,0.0013471373454211086,0.015645548391291557,0.0013534026452167187,0.0075215044868780865,1.5518191410794602e-06,0.027447564907062738,0.0280066823939314,0.00019144454604579965,1.0330208856918354e-05,0.001068519512873099
62,0.001911317013427777,0.14638433787883579,0.002953373017537372,0.0030784165586217084,0.009776909795424688,0.015115573312254355,0.0899808026140553,4.230961103865448e-05,0.0002351665222835345,0.0006630914125118951,0.3453074146396095,0.026698700728547225,0.02525361766122055,0.23636554772040083,0.014693599875650328,0.001412058251359727,0.01579041443316904,0.0014060654571949995,0.007932206284195012,1.4279290223962782e-06,0.026251390081637033,0.027340104104184026,0.00019736877887610203,7.013664041328664e-06,0.0012017726549009733
63,0.0019154501849002815,0.16067878201875166,0.0028766371816363987,0.0028661172315918955,0.009826057437339933,0.01484938413350227,0.08896884534429421,4.090492131130369e-05,0.00024232664560494695,0.000643963382922185,0.3396545535431772,0.027156057374154476,0.025208980899538675,0.23034683388054814,0.014484547295861846,0.0013301009296843665,0.015496393836903254,0.0013456486258395994,0.007937670984244147,1.329688645719674e-06,0.025408579676667736,0.027320160091282828,0.0001852193010898713,6.6934889352929325e-06,0.0012087619015717643
64,0.0018564976348378068,0.1508999565250038,0.003349506520274978,0.0031851010842993,0.010908910673330288,0.014711713012956701,0.08840174438266102,4.530813998462737e-05,0.00019820220528979983,0.0006665219482411239,0.35796584993431446,0.02662090135902923,0.022753102585135593,0.2090265803341261,0.017183321109948455,0.0012747944542421455,0.012818715229259113,0.0012260652632166017,0.008942387136037082,1.456839111088628e-06,0.039089608191898474,0.027557469673738965,0.0001990402109569678,6.858885631790821e-06,0.001110386666474562
65,0.0016983464065653104,0.14300090356833647,0.0033503683753283975,0.0032152760360186273,0.009759511797792617,0.016828068715754763,0.09051039191864407,4.319404801625187e-05,0.00021506262793897336,0.0006366447036419405,0.3588848328803535,0.023452292357279005,0.024197761650362873,0.22393550781915394,0.018225731047797154,0.0013756043007385462,0.014802452196037973,0.0011372696872925662,0.008065326843409342,1.3903018598571358e-06,0.027977367463346968,0.02743159917651221,0.00019577870087174876,7.379456925741852e-06,0.0010519379200212146
66,0.001289901627502993,0.10022348907221598,0.0031234667207376554,0.0037299460944992366,0.012682808199216184,0.008400411126578806,0.038762665093551335,1.7445197171917228e-05,0.00012284583503761377,0.0007115236879505284,0.4194988405498039,0.026758145830395704,0.02065761418626502,0.29469801008632257,0.007161389367410547,0.001123360414950065,0.010796580781257252,0.0015507863012096908,0.0037562073251213982,9.007266792754691e-07,0.02729910188558541,0.016847701281927658,9.868237435001766e-05,6.7273956727593825e-06,0.0006814488385865222
67,0.00022770407574798684,0.0326579713494725,0.0007579055587921019,0.0012472143189830285,0.0012507046059484523,0.04849513563089487,0.029758861350874567,3.688525883947736e-06,2.520640255600854e-05,0.0002511426141039782,0.2450942837595228,0.020606447389693826,0.00787322603911991,0.5387141014608419,0.010617639230068372,0.0005945361651437007,0.016198313026032536,0.0010841393295182653,0.00141152351944242,2.3263579677283403e-06,0.02640521833645103,0.015188701537333713,0.00048533369140695546,6.215693715171397e-06,0.0010424600304841988
68,0.0019115403932900169,0.08999943951293368,0.003287790139938792,0.004748687608311686,0.005764022198036861,0.013195382878853171,0.09984667233884774,5.4570030105291735e-05,9.66525776241821e-05,0.00036767036118848207,0.29815348262032193,0.06829549037077419,0.06852376304029047,0.25899366401786,0.004296798168756009,0.001540695969667306,0.02597902902025627,0.005301770004396143,0.005548078258049892,1.841175823533302e-06,0.0293875861203982,0.013618681590688459,0.00019269694977815704,3.1594219356235618e-06,0.0008908352318738597
69,0.0018496272510928554,0.14273316699697458,0.0029566789392794337,0.0029346493212748796,0.009112788525029905,0.01576802344392567,0.08722673015606837,4.156472833899832e-05,0.00021215756220463032,0.0006414281160558965,0.34909529776839093,0.027759364022130733,0.025737695881829552,0.2355770660300756,0.014567428097042475,0.0013722544512599858,0.015945362879524583,0.00138852401260491,0.008316617234008557,1.482472700700523e-06,0.027489024559796262,0.027921143746075107,0.0002001133028819089,6.765676706930755e-06,0.0011450448247265195
70,0.0019292264771466154,0.14774062720567768,0.002953228062414615,0.0030263356989699394,0.009747926632077573,0.014924649326712858,0.08992296678982928,4.228398711274774e-05,0.00023305290076874592,0.0006593959698646963,0.34623838319994443,0.026732737873349503,0.02511666087886974,0.23404969605524317,0.014787715410071985,0.0013885408742425648,0.015622300520973069,0.0013967339398150995,0.008048582724228941,1.4123414647231818e-06,0.026445775599904846,0.027583480836751547,0.00019573304615369026,6.960125267877419e-06,0.001205593523143932
71,0.0027464397102072748,0.15621922390045478,0.001006973610446162,0.003036413699715842,0.013832369883291415,0.0068185232335721815,0.08968031083864338,4.185454400577536e-05,0.0004357967472271984,0.0006506612542532028,0.3562569354347469,0.0374898924676753,0.026802644520640004,0.23192229494542232,0.007886916595122978,0.0023034850575887863,0.015367418835208523,0.002313359681332168,0.0055645261901960145,1.1245679058604795e-06,0.019840255779641935,0.017707936432414955,0.0002702603850639935,5.730775660111184e-06,0.001798650909562843
72,0.0022250914835756238,0.11122208960318797,0.0028379892969662905,0.011114263533846508,0.012700461730055542,0.03299264984546497,0.15652126330833002,5.365190070843217e-05,0.0003444172244359744,0.0008246146378703863,0.4036882909328055,0.01732047439670875,0.03946554665042847,0.1423322150124127,0.011297081336643625,0.005519323198457631,0.018340757170759676,0.0018509476932900989,0.003822532306847809,1.376326950763037e-06,0.02007626310904121,0.004722853593084964,0.00018798174820074457,1.2218953510784185e-05,0.0005256450064155844
73,0.0028809357201366806,0.11119957770453127,0.0019608977561814994,0.003967525707705782,0.005582727613667539,0.02520833268167629,0.09143254479898809,5.860332384281283e-05,0.0003691908745809305,0.0007448778131178308,0.31159387609933437,0.03460977353300295,0.04508608350125408,0.26426366543661806,0.006760884743075269,0.002584504177991324,0.03789300041598097,0.00293274944674377,0.007446965250841657,3.0347677222400743e-06,0.021314808757495692,0.02015209260357691,0.0004902514896756622,8.93778671567613e-06,0.0014541579955425295
74,0.00390952141282567,0.07812986173444635,0.001631067488382288,0.008590313537505412,0.01437975215847088,0.01577052357975661,0.09324674312754797,9.971840605991995e-05,0.0004487823383207956,0.00033889362256091693,0.5135140613145647,0.01439343165301789,0.036704987668761846,0.14528438322981663,0.013362557545232882,0.0038351093971334287,0.015938051740543975,0.001672031228051842,0.007227521439720744,1.962773706126665e-06,0.02297377843752307,0.006006573798197885,0.0014177278705896903,1.1008861118775174e-05,0.0011116356361436216
