,0,1,2,3,4,5,6,7,8,9,10,11,12,13,14,15,16,17,18,19,20,21,22,23,24
0,0.0020857813920944685,0.0019037324394680123,0.009329501518881244,1.1201766072661782e-05,0.00030553651011134235,2.6891337202947775e-05,0.09792888517140137,0.00015852698232584939,0.8536432367199603,6.85126155893194e-08,0.0051424100767446055,0.003347055748800291,2.984517887203846e-08,1.4873835798706794e-07,0.002173449318296614,0.0003508954708560843,2.8771845432170276e-09,3.319919661665729e-06,0.02271740222060643,1.7807046156738565e-09,1.760918058919408e-05,2.1245350902252023e-05,1.9910975322056046e-07,0.0008271514653546327,5.716546875071754e-06
1,0.0015033017016338802,0.0011553759624556125,0.006841892005283378,5.535612727504757e-06,0.0001958282256113114,2.4674121553334958e-05,0.049450265193965955,0.00011557742251139449,0.9125819868872217,4.349358416114149e-08,0.002400562797940741,0.0017228488659613065,2.394763566646475e-08,6.037653566376856e-08,0.001961373238883366,0.0004686518033075044,1.6810047818406347e-09,2.2721677502206666e-06,0.02098595001539494,1.2655210218769776e-09,1.220175707890474e-05,1.2880579727728737e-05,6.693132474884281e-08,0.0005557821640929365,2.8417812925625548e-06
2,0.0018181943546849125,0.0017465025500975808,0.005433515823605705,5.3186122653045025e-06,0.0004590786136877143,2.320847369664397e-05,0.07232711214758905,0.00013162051946594583,0.8866135818350348,4.427437988835297e-08,0.004160234674318417,0.002018152887680099,2.976628425126294e-08,1.2785024976014584e-07,0.003394896142041582,0.0003921908967676016,3.068729732871401e-09,2.626983329780387e-06,0.020949398471556233,2.133774013133401e-09,1.0484691969681441e-05,1.7627816813960307e-05,1.0849017424938803e-07,0.0004906664443879053,5.272477415200506e-06
3,0.0017282709038023468,0.0016107603589069447,0.0072030719931805934,8.437243783666115e-06,0.0003020915020519042,2.649990854720251e-05,0.07344133240634274,0.00015121148726608425,0.8808070522860959,5.0660442936362955e-08,0.004707947259709218,0.0026848688170119693,2.9738950748787792e-08,1.213513564303757e-07,0.0023163221719195133,0.00039013286768261994,2.8831365669900476e-09,2.8194893786684247e-06,0.023853004775144217,1.7311570535915747e-09,1.5934628224855207e-05,1.9988526412444558e-05,1.4516811789105406e-07,0.0007254839159373183,4.41792544028226e-06
4,0.0017908701186149932,0.0015535151688959548,0.007057997511661446,8.633153234624744e-06,0.00029848142547880325,2.5772524755068754e-05,0.07077807038950917,0.0001370939740747835,0.8844687605981753,4.8336705130772206e-08,0.00448188722113531,0.003003741708726374,3.7974116479340925e-08,1.2660703091280026e-07,0.0021695584730601685,0.00035944782779679513,3.4102991337931394e-09,2.9715764315533516e-06,0.02307699910789824,1.8225432732008892e-09,1.740379703294034e-05,2.11901127105471e-05,1.4798922614791013e-07,0.0007424203270421129,4.81884384465718e-06
5,0.0020940888589600845,0.001492089324575742,0.008345555608691813,1.1117715029616683e-05,0.00026640823156488195,2.7394866537712888e-05,0.07723645204282567,0.00015230466302861234,0.8766389111974602,5.90428509052937e-08,0.0049080880107436,0.0033243195711282502,3.570425212531108e-08,1.3427925099825375e-07,0.002060376304447043,0.00035771517158205936,3.320448020889645e-09,4.001788575028382e-06,0.022131483239540693,1.8563449414385834e-09,1.891981549274159e-05,2.2780863570463384e-05,1.7203030544908023e-07,0.000902234412868876,5.3520799243088125e-06
6,0.0017282709038023468,0.0016107603589069447,0.0072030719931805934,8.437243783666115e-06,0.0003020915020519042,2.649990854720251e-05,0.07344133240634274,0.00015121148726608425,0.8808070522860959,5.0660442936362955e-08,0.004707947259709218,0.0026848688170119693,2.9738950748787792e-08,1.213513564303757e-07,0.0023163221719195133,0.00039013286768261994,2.8831365669900476e-09,2.8194893786684247e-06,0.023853004775144217,1.7311570535915747e-09,1.5934628224855207e-05,1.9988526412444558e-05,1.4516811789105406e-07,0.0007254839159373183,4.41792544028226e-06
7,0.0036367296884007696,0.0018838252995266637,0.012890211177208042,8.448704027753038e-06,0.0003253753739072029,3.134555391639146e-05,0.08392954954565379,0.00016220736946324314,0.8576899340746896,6.574926816379466e-08,0.004495826353976835,0.0026617543111629514,3.901735978157032e-08,1.195490826978987e-07,0.0014613325892394802,0.0003295039515587608,2.9767378228880383e-09,3.7740348810788486e-06,0.029455390497369626,1.776895659878186e-09,1.4211882730419563e-05,1.323334026235029e-05,1.5505611014651834e-07,0.0010021861672512744,4.7759593195419935e-06
8,0.003164031136536206,0.00335486616178721,0.018617884366158566,1.8781625305200996e-05,0.00039039099427308027,3.8145173569874905e-05,0.12149524427092158,0.00016496089435496286,0.8143989381669312,1.1060814442719049e-07,0.005260361580367363,0.003706661953941782,4.0785588859117745e-08,1.845473066938237e-07,0.0012145402087837063,0.00035821496693700966,2.6292786616793645e-09,2.38844289627433e-06,0.026273811873826394,2.9024281158317974e-09,1.6822005617952846e-05,1.0886508572805656e-05,4.2695150734499944e-07,0.0015065907991418383,5.710445822771258e-06
9,0.0015030656619370402,0.002238635566013668,0.013619519816154226,1.9798991509974977e-05,0.00019521533222995822,2.9479113581027166e-05,0.08965701807538586,0.00012145336145241516,0.8642374011979623,9.721333834950927e-08,0.0031983885007757186,0.003923067760180048,3.3751244419160535e-08,1.1197755043194957e-07,0.0013951190750995895,0.0004033910178871487,1.904448523805319e-09,2.1371609603412013e-06,0.018288678753548848,2.3138109263374607e-09,2.5188542099601357e-05,1.4099508609252947e-05,2.614316581931596e-07,0.0011232247631339733,4.6092094280729284e-06
10,0.0017282709038023468,0.0016107603589069447,0.0072030719931805934,8.437243783666115e-06,0.0003020915020519042,2.649990854720251e-05,0.07344133240634274,0.00015121148726608425,0.8808070522860959,5.0660442936362955e-08,0.004707947259709218,0.0026848688170119693,2.9738950748787792e-08,1.213513564303757e-07,0.0023163221719195133,0.00039013286768261994,2.8831365669900476e-09,2.8194893786684247e-06,0.023853004775144217,1.7311570535915747e-09,1.5934628224855207e-05,1.9988526412444558e-05,1.4516811789105406e-07,0.0007254839159373183,4.41792544028226e-06
11,0.0018039263651600773,0.0015998379711753955,0.007338063516854408,8.6870473339687e-06,0.0003101177253899649,2.6457639347075337e-05,0.072642712908689,0.00014708445650631982,0.881683593470343,5.111047320038991e-08,0.0045891063829893745,0.0028622923738590754,3.6103010054526084e-08,1.246428602275794e-07,0.0021698461402934895,0.00038633659197726716,3.2119417921646596e-09,2.9164085366041634e-06,0.02362344920880181,1.9046833335511954e-09,1.6743873049417e-05,1.990246153783253e-05,1.5035416843580517e-07,0.0007639868667457269,4.571264273371964e-06
12,0.0038854317134660588,0.003377298760313393,0.004492033093040778,8.573596296137517e-06,0.0014823397241771558,5.964463669782714e-05,0.08741069012905052,4.328827387103912e-05,0.8785219372588885,1.0469875271681404e-07,0.0039458598640209445,0.0017160737735535383,7.187330809118608e-08,7.416172004781449e-07,0.001957756697328711,0.00013335207845690232,2.1644608631259986e-08,8.474560296609926e-06,0.012378200475571576,4.852060689514813e-09,2.3862705147545965e-05,1.92079190211657e-05,4.2662203622902603e-07,0.0004968213945476457,3.778203828698176e-05
13,0.0017018689439729179,0.0016275017103335114,0.007239086757650679,8.815707960685873e-06,0.00030881257334489884,2.654708812252846e-05,0.07534451045071008,0.000158721471177165,0.8781152334798377,5.0297301004872164e-08,0.005077397115682734,0.0028266687090868206,3.019460139999931e-08,1.2910100312475702e-07,0.0023637116736977618,0.0003928148087890163,2.992649088885044e-09,2.836222154768624e-06,0.024024671772509845,1.763303474497992e-09,1.6484157777456092e-05,2.102413402164689e-05,1.544753231188286e-07,0.0007384472710460779,4.477127942459393e-06
14,0.0027897066741744627,0.0075569368324207315,0.005481425529736845,1.0643787441669466e-05,0.0013175757480574494,4.553598615601095e-05,0.22167921394768128,0.0002541867487833261,0.6926651713745906,2.263426344152367e-07,0.011571571829606667,0.0018915709844307166,1.579452425655662e-08,4.3253203718759795e-07,0.0032764769787370068,0.0004266852780709961,3.5776879418415545e-09,3.221066570894554e-06,0.049923867339013876,3.435676427612246e-09,1.3436181253151361e-05,2.0276047900600628e-05,5.284563960685775e-07,0.0010637271751219284,7.5603512955786045e-06
15,0.0017282709038023468,0.0016107603589069447,0.0072030719931805934,8.437243783666115e-06,0.0003020915020519042,2.649990854720251e-05,0.07344133240634274,0.00015121148726608425,0.8808070522860959,5.0660442936362955e-08,0.004707947259709218,0.0026848688170119693,2.9738950748787792e-08,1.213513564303757e-07,0.0023163221719195133,0.00039013286768261994,2.8831365669900476e-09,2.8194893786684247e-06,0.023853004775144217,1.7311570535915747e-09,1.5934628224855207e-05,1.9988526412444558e-05,1.4516811789105406e-07,0.0007254839159373183,4.41792544028226e-06
16,0.0013824162908866035,0.0017713179818105434,0.006213670227456235,9.431324305398677e-06,0.00025522924509911087,2.2893637079811366e-05,0.09399225304410554,0.00018855377381523018,0.8546646086185203,7.74255981488568e-08,0.004352339309066532,0.003974676512097149,3.1132970196600485e-08,1.4355383784799643e-07,0.003053203370835266,0.00047964121848235135,3.3007370034859895e-09,3.2731371492334313e-06,0.02889306676208293,1.945014530669245e-09,2.6757799810839365e-05,3.7385791553229926e-05,1.5996862861493498e-07,0.00067374147562554,5.123153431779336e-06
17,0.001547761995709507,0.0017837174198339694,0.007271412087983466,1.5612723147735102e-05,0.0005354529076283144,2.7319009251517925e-05,0.1255726924694142,0.0002558629962734377,0.8164207829177166,6.881271522742939e-08,0.01008967468032069,0.006158985646821944,7.085242224284942e-08,3.1403422714491516e-07,0.0030837417640407054,0.0004362903453434579,9.149147809359117e-09,3.7889736866411405e-06,0.025686718743114196,4.016021716225411e-09,3.128574267831643e-05,5.189501544019087e-05,4.8891574929333e-07,0.001017450379919599,8.598401391847987e-06
18,0.002243221757560911,0.0014972859822475464,0.007166388020551613,7.424491451310933e-06,0.000407273589369211,2.507014542387729e-05,0.10610811570421191,0.00012314787081054657,0.8488553058617772,6.786568781443958e-08,0.004476145950648755,0.003608896369565018,5.089252371164455e-08,1.7203052441137246e-07,0.002950049873763333,0.0002933445994111365,5.7376463182893e-09,4.87220674343e-06,0.021525305882133382,2.3093710035236626e-09,2.206852273713946e-05,3.1139322517162514e-05,1.8116727407661322e-07,0.0006443192529783189,1.0144593070830218e-05
19,0.0019329789758393183,0.001632375910357033,0.007136513361019716,7.785186882562501e-06,0.0003427443633854426,3.170407428898872e-05,0.06570414823086679,0.00015021662846250187,0.8853166252305958,4.987082370316756e-08,0.005290883328574074,0.002238264912819543,2.9352178060198596e-08,1.250526840027057e-07,0.0023569670671922875,0.00038840731664776526,3.1778058826627912e-09,2.999444156944978e-06,0.026623173837693134,1.8438530488374234e-09,1.4756390531074314e-05,1.8632804104523388e-05,1.5331938722449518e-07,0.0008060450175744743,4.415302275874658e-06
20,0.0010740296031674997,0.0013822939704417792,0.006231599040144942,1.0235888907540394e-05,0.0002133232222631805,2.008927621458664e-05,0.07861294801301247,0.00028214701558936287,0.8730401899795356,4.902570578218965e-08,0.005479175819276924,0.0038843871299859885,2.3296526817004724e-08,1.351738087184057e-07,0.004913511541733534,0.0005828880939518506,3.031567646189917e-09,3.1408068692439873e-06,0.02371635461557241,1.5842256737205874e-09,2.22461014916628e-05,4.858855905817083e-05,1.2323981160095798e-07,0.0004781782651573363,4.337705979887488e-06
21,0.0014140497507309563,0.0012536700084015264,0.006649911288331527,9.106322784053127e-06,0.00019188180860704702,2.4171622372198238e-05,0.0651965105724395,0.0001547119937464406,0.8969731164439929,5.044862826795181e-08,0.0032500605068405157,0.003083046721293595,2.823308995521553e-08,1.1857153858518062e-07,0.002024056371137829,0.0005280924159331847,1.8095090190997221e-09,2.696191492289949e-06,0.018586783936817296,1.4301185865776425e-09,1.6932452908592777e-05,1.8140738331728793e-05,9.389206441821327e-08,0.0006192612557434248,3.5052131465846013e-06
22,0.0030093699286139,0.001110865516732164,0.008424705744558877,6.384076560650934e-06,0.0003328484418367698,3.528106655356609e-05,0.05194106002739734,0.00015050750554383713,0.8963540997820525,4.7226041376291785e-08,0.005859379614702776,0.0017974679054559414,3.3741088127652966e-08,9.795371680512532e-08,0.002870310745078983,0.0003720847751126987,5.455410025338356e-09,6.217356964987247e-06,0.026813148255192477,1.7784147074707612e-09,1.636950831449025e-05,2.7286051664493094e-05,1.2240522008610685e-07,0.0008667288849301735,5.5762528422503144e-06
23,0.0017282709038023468,0.0016107603589069447,0.0072030719931805934,8.437243783666115e-06,0.0003020915020519042,2.649990854720251e-05,0.07344133240634274,0.00015121148726608425,0.8808070522860959,5.0660442936362955e-08,0.004707947259709218,0.0026848688170119693,2.9738950748787792e-08,1.213513564303757e-07,0.0023163221719195133,0.00039013286768261994,2.8831365669900476e-09,2.8194893786684247e-06,0.023853004775144217,1.7311570535915747e-09,1.5934628224855207e-05,1.9988526412444558e-05,1.4516811789105406e-07,0.0007254839159373183,4.41792544028226e-06
24,0.0020646901221759648,0.0021910122068738466,0.007256529281847856,1.0729139954514468e-05,0.00033404972023787693,2.9153439231192748e-05,0.07789376623341303,0.00016837407805398284,0.8710847788147923,6.858424915937657e-08,0.004840758309762235,0.003017879410481686,3.4314320022041394e-08,1.6395269785381196e-07,0.001965012762529162,0.00041042352540696824,3.1042319262765154e-09,2.8718043270156874e-06,0.027772081473552743,2.3077577255191315e-09,1.6281379967646586e-05,1.948198433638196e-05,1.974883972267723e-07,0.0009170539269420548,4.602634459478855e-06
25,0.002216860102231304,0.0009745326912082568,0.006469733380665132,2.375849626246012e-06,0.0001581118344451421,2.0684897414146457e-05,0.03239684830419163,2.1114266126219682e-05,0.9391184882518886,3.4374195598377545e-08,0.0007569494569698829,0.0011158366933142194,3.395716797906953e-08,2.5778843633350478e-08,0.0016842504949146333,0.00015695420482431132,1.993645587220676e-09,2.4659432925730583e-06,0.014474658045603266,9.86818938670585e-10,9.560022120382232e-06,8.249060807390517e-06,3.7058653838927934e-08,0.0004062516116091917,5.940739421649202e-06
26,0.004330638353718622,0.0012482933026568823,0.010582335696671896,6.47129606320537e-06,0.00030952821158335256,3.948236292805817e-05,0.03323738964730514,6.277335964146795e-05,0.9124290582190835,3.819563028576711e-08,0.0042017212619225855,0.0015114524400969545,5.508248635922942e-08,5.831570342829516e-08,0.0006782036404823891,0.0002135456438469219,3.750930447508929e-09,3.6960055523208066e-06,0.028769947788699818,2.013537791580927e-09,1.2415964970095163e-05,8.247970009194176e-06,1.8335744542051162e-07,0.002351250199940076,3.2079190939085614e-06
27,0.0013573664377446663,0.0013793516132946844,0.0057121402189818605,8.005419492843173e-06,0.0002463184148654792,2.4103833978044527e-05,0.06027241911554275,0.0001699292124335585,0.8942862706826068,4.3148463587318334e-08,0.004829923173893417,0.002695594588739423,2.527888289948063e-08,1.1177015687927748e-07,0.002998418519129774,0.00044442416511040084,2.9989207748499975e-09,2.8381254144363618e-06,0.024887310298261384,1.5534603384544782e-09,1.7510894924707616e-05,2.926982695344723e-05,1.239692074993676e-07,0.0006346208001247292,3.875939415835436e-06
28,0.0017282709038023468,0.0016107603589069447,0.0072030719931805934,8.437243783666115e-06,0.0003020915020519042,2.649990854720251e-05,0.07344133240634274,0.00015121148726608425,0.8808070522860959,5.0660442936362955e-08,0.004707947259709218,0.0026848688170119693,2.9738950748787792e-08,1.213513564303757e-07,0.0023163221719195133,0.00039013286768261994,2.8831365669900476e-09,2.8194893786684247e-06,0.023853004775144217,1.7311570535915747e-09,1.5934628224855207e-05,1.9988526412444558e-05,1.4516811789105406e-07,0.0007254839159373183,4.41792544028226e-06
29,0.0017282709038023468,0.0016107603589069447,0.0072030719931805934,8.437243783666115e-06,0.0003020915020519042,2.649990854720251e-05,0.07344133240634274,0.00015121148726608425,0.8808070522860959,5.0660442936362955e-08,0.004707947259709218,0.0026848688170119693,2.9738950748787792e-08,1.213513564303757e-07,0.0023163221719195133,0.00039013286768261994,2.8831365669900476e-09,2.8194893786684247e-06,0.023853004775144217,1.7311570535915747e-09,1.5934628224855207e-05,1.9988526412444558e-05,1.4516811789105406e-07,0.0007254839159373183,4.41792544028226e-06
30,0.0017282709038023468,0.0016107603589069447,0.0072030719931805934,8.437243783666115e-06,0.0003020915020519042,2.649990854720251e-05,0.07344133240634274,0.00015121148726608425,0.8808070522860959,5.0660442936362955e-08,0.004707947259709218,0.0026848688170119693,2.9738950748787792e-08,1.213513564303757e-07,0.0023163221719195133,0.00039013286768261994,2.8831365669900476e-09,2.8194893786684247e-06,0.023853004775144217,1.7311570535915747e-09,1.5934628224855207e-05,1.9988526412444558e-05,1.4516811789105406e-07,0.0007254839159373183,4.41792544028226e-06
31,0.004339448043722789,0.0025907939906175577,0.015827116485520303,1.1284449757581571e-05,0.00033708629447285843,3.0982717861637934e-05,0.11404857613109384,0.0002914774903535829,0.8152964420535943,1.0264435996649349e-07,0.004802129570946647,0.0029878302538348155,3.438467344146885e-08,1.6113537545257077e-07,0.001629554199464496,0.0003797772568805908,3.3284764727145498e-09,4.463640295779514e-06,0.036446367155162744,2.1051238742710316e-09,1.6301174483172497e-05,1.690053292671957e-05,1.920435977133495e-07,0.0009378523893897253,5.120528013756686e-06
32,0.0018901510580994984,0.001696373061100745,0.0070998845402675615,7.843805855115806e-06,0.0002961308894367439,2.7293043546479337e-05,0.07028820387877115,0.0001576354652751077,0.8798103613591569,5.212437402484311e-08,0.004672913196842498,0.0026272838627631537,2.9835268428086635e-08,1.2045867683808955e-07,0.0023015764434554543,0.00038602346777216035,2.971012773443042e-09,2.9313144678244776e-06,0.02794724118885877,1.6801183543501293e-09,1.5978558397787765e-05,2.0691435094604716e-05,1.396404188316502e-07,0.0007468857996548743,4.250921314160788e-06
33,0.001709052863746556,0.0017402848551445142,0.00735730566365786,1.1051428678396686e-05,0.00036522948346093666,3.311300714369319e-05,0.08173940520865634,0.00021490139743495187,0.8632583215669679,6.582616550173385e-08,0.00643674725514811,0.003121162796382762,3.8563986544516026e-08,1.6714230899428842e-07,0.0023410813957850437,0.0005027994118542966,4.151310781618384e-09,3.143007006247129e-06,0.030135857027687875,2.422971419519104e-09,2.077860108615741e-05,2.6439787654318012e-05,2.3078773509586217e-07,0.0009782593566087148,4.556991416895626e-06
34,0.0025789058553761612,0.0011381294818983458,0.005019554538551902,2.2292585007980137e-06,0.00016337372440473522,1.6641338578896567e-05,0.02554024737835921,5.444814608721061e-05,0.9348775089350442,1.2926179147423598e-08,0.0020347562365818496,0.0011966193637053361,1.9199709197891708e-08,3.586273036901701e-08,0.0011234408134811133,0.00014813312104433357,1.402273922798094e-09,1.8651063943451156e-06,0.02561067768864195,4.809954340276562e-10,6.663104205454357e-06,7.699834287870198e-06,2.998066225966005e-08,0.00047714598656334973,1.8602357430350927e-06
35,0.004860063889141374,0.0007413124530033693,0.009487473007783947,4.261128875145497e-06,9.536752359128385e-05,1.0627099221517926e-05,0.06313932607866074,0.00011566618644263451,0.8974787820636266,3.153094257001853e-08,0.0014692474679112943,0.002461306911404382,2.1233582371128785e-08,3.7225180046374566e-08,0.0008740587306330532,0.00015642658898125996,1.4893697359076539e-09,7.031964554110681e-06,0.01857328233345621,4.336609854678066e-10,1.0730230695625787e-05,1.4152417013294186e-05,2.812980774520059e-08,0.0004976288472950027,3.1350351655580385e-06
36,0.001481252000977991,0.0010671554221011298,0.0060965331464720475,7.661379655532271e-06,0.00018654004687283844,1.2166802426517524e-05,0.09126384552730153,0.0003122204517741607,0.8588290281098133,3.236770379814425e-08,0.0036818324720174177,0.007310757239591473,5.093413811409894e-08,1.3055573731739007e-07,0.0036362477517206254,0.0006556328798827573,3.4900729786397525e-09,2.63992593385836e-06,0.02501027220703185,1.4500061206923594e-09,1.6346535596534313e-05,4.604609478359967e-05,7.282098617267938e-08,0.0003790760825739235,4.454304828378974e-06
37,0.0001296594317788427,0.000793476059892992,0.0016648351162462135,5.059997223255173e-06,0.0003358251102299995,2.76030321481464e-05,0.0411123991143341,0.0001582427551475337,0.9242420138880413,1.4638852398340742e-08,0.004673541172901177,0.001699429121487512,1.590035845690631e-08,1.6535855631055451e-07,0.01393395850476275,0.0009786626029875695,2.4481522175264004e-09,6.431188752367458e-07,0.010091563138518783,1.5874012045954016e-09,1.535381918244037e-05,3.0390809132664003e-05,6.35071664855699e-08,0.00010368858105577034,3.3911855667124083e-06
38,0.0005658568195502144,0.0018430330669874575,0.006191942728027278,5.983093073411718e-05,0.00027832020451166794,1.077402813668727e-05,0.13293851048990116,0.0006486937265554474,0.7887487751170624,6.078562031355612e-08,0.01891517637088875,0.022506292366567534,8.682362927684586e-08,4.4187798878472625e-07,0.0026171801553042297,0.00041159058334449275,1.6099944448415468e-08,3.39725418674712e-06,0.022543984188593776,8.344780380938123e-09,9.570023811071326e-05,0.00019790644105183492,1.3626956370107379e-06,0.0014148377521667806,6.220910718583642e-06
39,0.001300190434770287,0.0007701167895124281,0.010157767719209464,8.987461853294294e-06,0.00021215463020138792,5.198633088650544e-05,0.05247813281274773,0.00022295233860281885,0.8955943780839475,6.206279588391721e-08,0.0037401835529984337,0.0021613996438975503,4.990590160867516e-08,8.07161690856348e-08,0.002506098569040633,0.0008042978274107668,4.667400741505318e-09,3.877553159689406e-06,0.02912087693904894,2.0711603722346763e-09,3.252978602463607e-05,2.3708770626897203e-05,1.144232236651916e-07,0.0008064734742876097,3.5734351220552533e-06
40,0.0014270905626633992,0.001394552909057754,0.006541391221075078,4.668386045669027e-06,0.00022937312115284787,1.8512228084575276e-05,0.05775604123350384,6.521674294154939e-05,0.9102650202033641,2.5508754632442065e-08,0.002648580190475393,0.0023851076001602176,2.3475338288704383e-08,8.401487531739842e-08,0.0026251818074385937,0.0002119791805265007,1.8116600815357552e-09,1.8334647377230377e-06,0.014052172332855455,8.590013517323288e-10,1.1271908183483255e-05,1.42256980492484e-05,7.07964048471205e-08,0.00034255519046976293,5.019553180509838e-06
41,0.0015582690221515524,0.0010860446644014475,0.005666214054766778,4.21563932941766e-06,0.00030656457228111475,1.904653725640405e-05,0.05045601529284065,8.091936910448378e-05,0.9219667483619,2.3286209125562266e-08,0.00252549589934055,0.0014240208160796353,2.4225811913830443e-08,6.41412963451078e-08,0.0019979377850621624,0.00033216875079868205,1.5636027143916555e-09,1.8294121770855252e-06,0.01216744274300113,1.166103563691623e-09,6.829656195727589e-06,8.065734131797215e-06,5.186848140871492e-08,0.00038884584412709897,3.1595935489508602e-06
42,0.0009650243554539616,0.0010697951835539152,0.006783744029218649,1.1149338325067126e-05,0.000138059216912756,3.007542413198901e-05,0.056079820974495015,0.0003658684150063476,0.8717695299845822,6.777795179362107e-08,0.004629851012477128,0.0041886338363962385,3.7332310725594336e-08,8.808191154599318e-08,0.004000282041509028,0.0011081984516778066,3.928481193142412e-09,3.0931003004918503e-06,0.04791024251007519,1.990257518086085e-09,3.589390619771697e-05,6.151487484683839e-05,1.339438805513322e-07,0.0008460107138394023,2.8795762071519523e-06
43,0.0011994686568061084,0.0016502027866884081,0.007693890014011873,1.1578031609036965e-05,0.00027641626296685687,5.9324014416840304e-05,0.07778815612227158,0.00025904856146464816,0.8563194888387877,2.356677462407568e-07,0.003846545600872833,0.002208055400844611,3.900208180923612e-08,1.430543487132182e-07,0.003215153646288043,0.0009430524437221418,5.207778883295691e-09,5.174714069575474e-06,0.043329949256480586,3.943884385670512e-09,5.43541833246325e-05,4.547955998474459e-05,2.62899071981523e-07,0.0010889316629667872,5.040467510900593e-06
44,0.0017282709038023468,0.0016107603589069447,0.0072030719931805934,8.437243783666115e-06,0.0003020915020519042,2.649990854720251e-05,0.07344133240634274,0.00015121148726608425,0.8808070522860959,5.0660442936362955e-08,0.004707947259709218,0.0026848688170119693,2.9738950748787792e-08,1.213513564303757e-07,0.0023163221719195133,0.00039013286768261994,2.8831365669900476e-09,2.8194893786684247e-06,0.023853004775144217,1.7311570535915747e-09,1.5934628224855207e-05,1.9988526412444558e-05,1.4516811789105406e-07,0.0007254839159373183,4.41792544028226e-06
45,0.0026077159541079173,0.0026528224676834566,0.008398915694034288,9.688082722147398e-06,0.0003886489527646109,2.9204691136768957e-05,0.09213260564834126,7.840707770590166e-05,0.8561930947237477,8.15937628917819e-08,0.004328722113960833,0.0035242010707079783,4.73682620998206e-08,1.9606228013945488e-07,0.001146326372296996,0.00014426831872687868,5.0679986614745385e-09,3.3947934048609657e-06,0.027151606683692847,2.4132463645940147e-09,2.668778633139693e-05,1.966756482223362e-05,3.7591003623577904e-07,0.0011549349404128756,8.37864781256848e-06
46,0.0017755153312764083,0.0013413445040859192,0.009784903050907625,2.359195399981104e-05,0.0004043927509211197,6.20659395738174e-05,0.0645039079717751,0.00033985731101866,0.8502766123065392,7.726317629049815e-08,0.012970691751454827,0.005358827233416466,1.2811098141385764e-07,2.4582209230112427e-07,0.003811079587222106,0.0007332273841066774,2.559524691941832e-08,5.652123437190007e-06,0.046471852224961564,6.005091647635346e-09,5.77516343642974e-05,9.531419188943392e-05,6.738255326597821e-07,0.001973625009675735,8.631117252706673e-06
47,0.002089008944780541,0.0010414384733634144,0.0060833550190297495,5.00466487815571e-06,0.00017663518343191903,1.4240279575104386e-05,0.061701277385789295,9.40223339323998e-05,0.8964475750826706,4.0852370271397555e-08,0.0020326855281914786,0.0036925115819070394,4.838512238109729e-08,5.877318882052427e-08,0.001993296687474689,0.00039640737777770407,2.883135501313284e-09,2.9788759409364207e-06,0.023571480923496823,1.4363594814130596e-09,1.5199619494540645e-05,2.426515296954309e-05,6.615798184065656e-08,0.000613923258428441,4.475138709333585e-06
48,0.002072515929180088,0.002462407693229417,0.007239041135978244,9.054223523995559e-06,0.00033277655445500184,3.559765340448042e-05,0.0753448532654712,0.0001834521868223735,0.854250354392098,7.571499878491277e-08,0.005567403400494849,0.002663689633756565,3.136048951781742e-08,1.429549764376138e-07,0.0019847983069098078,0.00040962763505370187,3.4317013482718126e-09,2.692616836169944e-06,0.04631614189307233,1.997118148410872e-09,1.874742705338373e-05,2.2002218862801557e-05,2.1704043333905593e-07,0.0010803820811362403,3.989252943973303e-06
49,0.0016582216862616216,0.0015360517099142971,0.009331782210255378,1.1633186924862021e-05,0.00023794995449945335,2.9024684772895246e-05,0.07293949459661836,0.00014591333428564619,0.8815061639118406,5.961643485422469e-08,0.004520858288435411,0.0034510753104301877,3.503091280756464e-08,1.308427374208473e-07,0.00220975902573708,0.00037688303513659963,3.093900062530329e-09,3.1541290326947244e-06,0.02116716830383707,1.8576074790116103e-09,2.1672579039972216e-05,2.3171141421439987e-05,1.8498443384280802e-07,0.0008243686402356603,5.238845294427141e-06
50,0.002222467994753173,0.0023854920118675437,0.00942539894273089,1.0586146425534102e-05,0.000430771158748185,2.769901314686291e-05,0.1627223830615045,0.00025092045697017813,0.7792004845974531,1.1273584652078085e-07,0.0053593585976452,0.004015864156852859,3.65306226699479e-08,2.1809046934903843e-07,0.0028109405873305822,0.0004773457320434004,3.646102767607112e-09,3.644135567198588e-06,0.029900398475250355,2.3484578749458454e-09,2.0393190210080785e-05,2.6746736603219197e-05,2.2546696825048835e-07,0.0007012758919884643,7.230294441133309e-06
51,0.0019435356975458222,0.003050282822864672,0.006880398588858886,1.1332711683341498e-05,0.00017037798300777637,1.700515712685517e-05,0.0715833465102416,0.0001660350826884778,0.8778897999997713,4.7188264317500126e-08,0.0042091999492064125,0.0036542321025144777,1.4157481057845357e-08,1.4767058266977179e-07,0.0023227966512041707,0.0002086941585501034,1.9903010572266915e-09,2.495051039972331e-06,0.027309153211108994,9.818926508250269e-10,1.5743584608620687e-05,2.7962934741334e-05,1.3207187327442426e-07,0.0005329908877383701,4.272855103887983e-06
52,0.0022028681007981612,0.00040562093671634765,0.004839560822887627,2.289347101731737e-06,0.00026049907009716893,5.780416224860358e-05,0.020844724990836342,8.674479786553123e-05,0.9463524863619146,2.7068363264412417e-08,0.003763534084120541,0.000480932265234008,1.6781352912703563e-08,5.8209257096144686e-08,0.004132258232689263,0.00045463375232029766,2.4202121402629296e-09,7.877340321944399e-06,0.0156364889020924,8.818389228714383e-10,7.210872027426401e-06,1.3014311571808766e-05,3.222986337026435e-08,0.0004473663051080988,3.947753160495341e-06
53,0.0009920172703156527,0.0015916151547064597,0.007133641192631498,1.1732079954784818e-05,0.00046077196681900984,1.7301507284503652e-05,0.21222815643134235,0.0002282375549833692,0.7489141693420825,6.639296822497314e-08,0.006054160702320168,0.004709105404419321,2.868507132137097e-08,1.9962561168187635e-07,0.0031762094519656734,0.0005101588787813432,2.4193260906148457e-09,2.320061726845734e-06,0.013445614641517771,1.913771368028961e-09,1.8809350467980086e-05,2.4541742907089353e-05,2.0545544001733873e-07,0.0004748463433815827,6.086430203410308e-06
54,0.0016544178693550153,0.0014513275728282452,0.007422093455986047,9.113366596887589e-06,0.0002995267648386613,2.7442376072543765e-05,0.07163402818785458,0.00016714327972351916,0.8814203544117922,4.920250446938403e-08,0.005251715110156711,0.002756103298810168,3.2431059401583975e-08,1.182513535428893e-07,0.002114765540964568,0.0004135333985976004,3.161110653132343e-09,2.978461445361627e-06,0.024500561460107897,1.809492964417829e-09,1.8222281650212948e-05,2.107446767015818e-05,1.5743722659534463e-07,0.0008312559598522851,3.980442949624282e-06
55,0.001995669791965033,0.0036663221574546206,0.01111482627142273,1.7935627555912404e-05,0.0009933517506952143,7.982637517042263e-05,0.13993686444771938,0.00046896596681576813,0.7605817583010477,1.7182260942757172e-07,0.019037606679516098,0.0024996054992774018,3.197470024725827e-08,4.3761588622464015e-07,0.005746137392191887,0.0008105551264501064,9.660139857393743e-09,3.998029740436756e-06,0.05159857095084404,5.753834498332588e-09,3.058712254737108e-05,4.661834153502438e-05,8.793072249331144e-07,0.0013604303755255264,8.833658130081294e-06
56,0.0018075409621650775,0.0016155406154661203,0.007269115560908816,8.607829599176369e-06,0.00030293976813097523,2.630942536864022e-05,0.07328749973477978,0.0001481418108974045,0.8802588791821994,5.077843761342585e-08,0.004616509161097368,0.00294977034174299,3.542861356325915e-08,1.2710677151150072e-07,0.0022191843976104666,0.0003804533745378448,3.185638167921458e-09,2.9097736039741223e-06,0.024315070857028283,1.8232569043641973e-09,1.675594206411476e-05,2.060021218458703e-05,1.4925537642656273e-07,0.0007491681308060053,4.635341714813003e-06
57,0.0015181048272529154,0.001454122705335189,0.006430769622053454,8.506558311108753e-06,0.00023591771953416165,1.7922075385010912e-05,0.07715982826394276,0.0001700147805874462,0.8730279486447521,5.41285840193522e-08,0.003326806383961014,0.004959747489142584,5.8097989462796205e-08,1.1141049184622473e-07,0.0024057513607478958,0.00047723106391977366,4.18476914050004e-09,2.6110019285243573e-06,0.028071241629982806,2.4110619679716944e-09,2.0575859131963876e-05,3.242820901196521e-05,1.396632235585458e-07,0.0006751902949306106,4.911613968752878e-06
58,0.002008989087030189,0.001554466414662575,0.0076093927408739616,8.619219633682333e-06,0.0002817780718877058,2.7439374493943667e-05,0.06683726584617132,0.00013530546439331236,0.8844235753439332,4.7784291672269877e-08,0.00476242135178825,0.002855797646821543,3.5066720653595255e-08,1.1026635636870186e-07,0.0017312686111620595,0.0003566246747849268,2.8201556284197083e-09,2.884827846530968e-06,0.026385993125805036,1.6854925725286103e-09,1.607518626869769e-05,1.7590394272710894e-05,1.5575170164319498e-07,0.0009802337514891748,3.925491962600154e-06
59,0.0018347347953053888,0.0015463941885833458,0.008092239986213128,9.238787806204497e-06,0.00026920599828057925,2.738887699714985e-05,0.06577042579896009,0.00013771046135757268,0.8875335123059904,4.927267046269195e-08,0.004700668565540624,0.0027293774332023016,3.111984282531746e-08,1.0439392883172581e-07,0.0018324857179584804,0.0003818620496567912,2.6084109224151243e-09,2.7674840810400396e-06,0.024141765762745872,1.7364907040975424e-09,1.6691353794117023e-05,1.751857109965853e-05,1.5678855225288892e-07,0.0009518755691056127,3.7903734256732538e-06
60,0.0017282709038023468,0.0016107603589069447,0.0072030719931805934,8.437243783666115e-06,0.0003020915020519042,2.649990854720251e-05,0.07344133240634274,0.00015121148726608425,0.8808070522860959,5.0660442936362955e-08,0.004707947259709218,0.0026848688170119693,2.9738950748787792e-08,1.213513564303757e-07,0.0023163221719195133,0.00039013286768261994,2.8831365669900476e-09,2.8194893786684247e-06,0.023853004775144217,1.7311570535915747e-09,1.5934628224855207e-05,1.9988526412444558e-05,1.4516811789105406e-07,0.0007254839159373183,4.41792544028226e-06
61,0.0018896462931222364,0.0015801680633530646,0.00800134179557976,8.967121684776592e-06,0.00027884698385914576,2.7040688912916915e-05,0.06808761892567161,0.0001392933923074289,0.8848338873114406,5.019986080318931e-08,0.0046303833665864045,0.0027713173753626513,3.291466305589233e-08,1.0727096351948108e-07,0.001865212116272792,0.00037394390481764356,2.738488641747158e-09,2.856282539607899e-06,0.024550627874759715,1.7570775688938114e-09,1.676093302981803e-05,1.780655990946267e-05,1.536565509943907e-07,0.000919977922337871,3.954550847654472e-06
62,0.0017282709038023468,0.0016107603589069447,0.0072030719931805934,8.437243783666115e-06,0.0003020915020519042,2.649990854720251e-05,0.07344133240634274,0.00015121148726608425,0.8808070522860959,5.0660442936362955e-08,0.004707947259709218,0.0026848688170119693,2.9738950748787792e-08,1.213513564303757e-07,0.0023163221719195133,0.00039013286768261994,2.8831365669900476e-09,2.8194893786684247e-06,0.023853004775144217,1.7311570535915747e-09,1.5934628224855207e-05,1.9988526412444558e-05,1.4516811789105406e-07,0.0007254839159373183,4.41792544028226e-06
63,0.001805955394531485,0.0019375925968451225,0.0071720551367723115,8.556532561665316e-06,0.0003054349813543124,2.60374434589493e-05,0.07270749295656212,0.000140362333691781,0.8803045047862419,5.4275403250861335e-08,0.004507271274447202,0.0026710951874260357,2.85172339877144e-08,1.2646457931605546e-07,0.0023049105450885406,0.00035283834000995494,2.852278238020795e-09,2.6733195503094197e-06,0.024991841754596077,1.7828976690574435e-09,1.5898823815191126e-05,1.9765353033040777e-05,1.5344713364808343e-07,0.0007207617474314546,4.584153056615027e-06
64,0.0014988695925096888,0.001653083898986769,0.007465603040139847,9.693467679127466e-06,0.0002718177841927744,2.8110895935349768e-05,0.07495025918268979,0.00014510631590033393,0.8792108452022708,6.27098534735652e-08,0.004254061561788326,0.003060442661370391,3.389151856322108e-08,1.309416963894478e-07,0.0023345628921916783,0.00038362916635022875,3.2772485349355753e-09,2.991870328562214e-06,0.02391938170735017,1.983201256614854e-09,2.3367950423767497e-05,2.4074785659477004e-05,1.7251979175933716e-07,0.000758777476850714,4.915224072389014e-06
65,0.0010809758182185826,0.005952655218096644,0.02225378041129813,5.5231638067850055e-05,0.0005309035512807335,6.0046340653521485e-05,0.6019474085941605,0.0012141354246741412,0.32161950488522845,1.6487139454033584e-06,0.007162046824349714,0.0050780309231937045,2.1972695736120133e-08,1.2874806513917004e-06,0.004949754600344543,0.0008340105088505319,5.847907798893224e-09,4.879198757669476e-06,0.026553702373217764,9.736580438821687e-09,8.567970644929178e-05,5.206611277743667e-05,1.749024423788644e-06,0.0005415595300858614,1.890556409037309e-05
66,0.002723499481122991,0.001378155927485166,0.010433580107196588,7.185163789755125e-06,0.0004672563055178164,4.667829927093008e-05,0.06415208093886329,0.00010605229182135466,0.8853884515526583,7.232333482177502e-08,0.004696877308361367,0.001688910040753084,5.2194035540716755e-08,9.71403721867857e-08,0.0016696671558013446,0.0003976961671564845,4.935910768518903e-09,4.3598910127200335e-06,0.025480537755245967,2.8865767343571084e-09,2.058755246128401e-05,1.4082263445147714e-05,1.9515614785090874e-07,0.0013186311747109686,5.285986947714586e-06
67,0.0013894130702058925,0.0011476938006026506,0.01787457234990251,6.224889539701438e-05,0.0006798271405764667,0.00031309130601296073,0.07026957634309691,0.0002747901669696294,0.8493063489448909,1.957618193248036e-07,0.020681593048191522,0.003752845443039527,2.1491763820512952e-07,7.690209292202662e-07,0.0022233718731176117,0.0011637127191791929,2.2773663255414792e-08,7.690305110305142e-06,0.025857328520836154,1.4800835432971388e-08,8.856980725301667e-05,3.2974261753504484e-05,2.4685041069879056e-06,0.004858401762148242,1.2264462723730887e-05
68,0.001805911390987762,0.0015927678003021786,0.008140337896739413,9.339279429524891e-06,0.0002593988064581765,2.5378240403275737e-05,0.07320248725365551,0.0001489464247066228,0.8813508071157036,5.2748044411093734e-08,0.00441785100012091,0.0028916472304761297,2.911696249173608e-08,1.1578231730268874e-07,0.001953396004318692,0.00036057404224168563,2.6311021178496022e-09,2.9085113133377493e-06,0.023013402090666348,1.6422276554090011e-09,1.7169201778259917e-05,1.9261013858156028e-05,1.5046805992677464e-07,0.0007838383618676943,4.22594625897195e-06
69,0.0017451006776121702,0.0015804627386427322,0.007103127771757685,8.115621952805783e-06,0.00029841064600290426,2.5974477538935145e-05,0.07249554597730251,0.00014748727918898524,0.8823962402484452,4.957673114824011e-08,0.004540636942165603,0.0026458277950543647,2.9675504516802586e-08,1.1835190118200713e-07,0.0023235078897760695,0.00038273515215635803,2.867229953171319e-09,2.8332974554667154e-06,0.02356345452951972,1.6907154049686373e-09,1.5478131592227336e-05,1.9825484650530222e-05,1.382478536663192e-07,0.0007004407656523655,4.454163597388248e-06
70,0.0026277235888009253,0.0009365402630190716,0.013124082731442992,9.41735622770502e-06,0.00029835388026692474,1.634472305634342e-05,0.09775085279282658,0.00025393989281577564,0.8680669816052276,4.5037419372525136e-08,0.0024969970879738165,0.002937906944834212,4.0463027344218224e-08,1.300029229698585e-07,0.002907033904970154,0.0006196160675224975,2.6833118563929225e-09,4.0805012289825895e-06,0.007654590776799428,2.3455508349651858e-09,7.610765760714707e-06,1.3449818484083282e-05,5.788045446958401e-08,0.0002673079298871979,6.890956168271261e-06
71,0.0018280082187928726,0.0007140605604464142,0.009872028828195434,7.203736494296358e-06,9.69663159629673e-05,2.8217067853722865e-05,0.04775399580722568,0.0001512320302456179,0.9064745163595487,1.949570808776026e-08,0.005925523945895706,0.0025515534949853234,1.213197672619523e-08,7.398884408444572e-08,0.002322911445474027,0.00021473841187476229,1.6620018515422034e-09,4.471755263091098e-06,0.021519601738064036,2.5704452863243236e-10,1.6353333045451248e-05,2.5605983195681784e-05,5.769993611199924e-08,0.0004895819806523213,3.263751272393961e-06
