,0,1,2,3,4,5,6,7,8,9,10,11,12,13,14,15,16,17,18,19,20,21,22,23,24
0,0.023855774016297362,0.002129749213214794,0.38483523481381315,0.0001423278498840347,0.0001881223405788417,2.536348815371393e-06,0.1693144893833509,1.8922164212334593e-05,0.0018013038335885705,3.393147426426282e-08,0.4091726871138465,0.0022447196230490876,0.00019277071602063058,0.005346937148140823,0.0001270600541766253,6.772515253370035e-08,5.150311893700333e-07,1.7286307486398726e-05,9.29245079533304e-05,3.1354896611837464e-06,4.597996243323377e-07,3.7738442072634774e-06,1.0476889989284883e-06,0.00037660133278173826,0.00013151972248161886
1,0.017965930067531766,0.001436528105326642,0.4636130255934767,9.153532601535645e-05,0.00016718160561953865,3.1533499505343788e-06,0.1719301454020534,1.7702064090009278e-05,0.00421472713675855,3.595244819789776e-08,0.33377397872829034,0.00160278586853173,0.00016276177886036166,0.0044011316003133615,0.00014429704666207494,9.314136745112183e-08,2.601012039710159e-07,7.8356785788548e-06,0.00014754675082948162,3.249270997002604e-06,3.4257069481235214e-07,2.7453789240811375e-06,4.938049648328213e-07,0.0002112071732245986,0.00010130650328615442
2,0.025882932980475927,0.0016973171630557257,0.3092888192754534,0.00011056790238783808,0.00017460797790651178,3.3526548567167765e-06,0.1989533715743283,1.8341656395240824e-05,0.0017122856438974417,2.8730268300412268e-08,0.4534633311505317,0.002252521582725584,0.0001594398461748262,0.0054655695693952054,0.00023401362627848638,1.1187666791458134e-07,5.614930481661256e-07,1.316634277633286e-05,0.00010661869024737385,3.270282766125753e-06,4.861666629768974e-07,4.701477895024908e-06,1.6925479604437405e-06,0.0003353755217496398,0.00011751426609492508
3,0.022686949726283535,0.001730483068746046,0.39555278716055076,0.00011722444930367627,0.00017967054913988623,2.515486953128307e-06,0.16161560762626082,1.716245197174713e-05,0.0018742034262909137,2.8544789075524635e-08,0.4085043925217232,0.002168772020761771,0.0001882852531060947,0.004691660826033371,0.00011728941743968835,6.418960698369692e-08,4.394005740418234e-07,1.4643106435506676e-05,8.679375397154989e-05,2.957540081108982e-06,3.7396024351853856e-07,3.1943304884038756e-06,8.51725825247318e-07,0.0003398437431936587,0.0001038057202263382
4,0.020440722680843876,0.001730822341533737,0.4140067070975204,0.00011853288232321881,0.00020558779165911692,2.6763703260427274e-06,0.15808594341692678,1.5324751453192336e-05,0.001785175057509485,2.929040705988009e-08,0.3952553298952589,0.002147721682401634,0.000233967207075125,0.00534157994945639,0.00010707178694077159,6.374028306955514e-08,4.0318647037351226e-07,1.4147457728383408e-05,7.887612695956528e-05,2.959883728532537e-06,3.3378788534996736e-07,2.9852993899434374e-06,8.347145339679033e-07,0.00033584724072064666,8.635636066435194e-05
5,0.021906365525238232,0.0020487185413949295,0.39287580545929945,0.00016094898722149886,0.00019814528819657123,2.455139699777714e-06,0.15936070587059195,1.8708456920259303e-05,0.001606716679581915,3.278763291724148e-08,0.413558772198996,0.0021776854137659884,0.0002217192547220307,0.005126329916302997,9.908348876320501e-05,5.709058266135664e-08,5.022191878896409e-07,2.043450598740125e-05,7.547169367296279e-05,3.3148696152872096e-06,4.2404178623207765e-07,3.2032790151108035e-06,1.0355409492444504e-06,0.00041628793991789183,0.00011707581095763804
6,0.022686949726283535,0.001730483068746046,0.39555278716055076,0.00011722444930367627,0.00017967054913988623,2.515486953128307e-06,0.16161560762626082,1.716245197174713e-05,0.0018742034262909137,2.8544789075524635e-08,0.4085043925217232,0.002168772020761771,0.0001882852531060947,0.004691660826033371,0.00011728941743968835,6.418960698369692e-08,4.394005740418234e-07,1.4643106435506676e-05,8.679375397154989e-05,2.957540081108982e-06,3.7396024351853856e-07,3.1943304884038756e-06,8.51725825247318e-07,0.0003398437431936587,0.0001038057202263382
7,0.04499420898369561,0.0019935456319985375,0.415949547788533,0.00020024549885776216,0.0006780444854756352,1.0575268588867055e-05,0.13335598111467054,3.148603262346715e-05,0.0022627256281557,7.08092410872121e-08,0.37534614056882165,0.006710398737194356,9.67525600601195e-05,0.016788845247404555,0.0004947536876205075,3.9596570033798355e-07,1.2934293929480262e-06,2.4365926246169717e-05,0.00035233912804604237,2.8375626140304113e-06,2.0992781216383656e-06,1.5974264818382727e-05,5.14886404874477e-06,0.00027790228309696754,0.0004043212549734372
8,0.027290297879239277,0.0021777247356284746,0.5621677036241637,0.00022102405793928594,0.00017808344179209634,1.2336434952266157e-06,0.20594286715969526,2.3988748365077323e-05,0.0014659065153986464,3.9240510252881756e-08,0.1915824077342173,0.0017036883692309018,0.000249893920636464,0.005917359677210333,9.782306258403987e-05,7.220415434470554e-08,5.840157765291295e-07,1.1967363716968279e-05,6.58408129212628e-05,3.2299260675403088e-06,3.623465365480677e-07,2.3094817511014712e-06,1.2232139223265298e-06,0.0006806071433158644,0.00021376168173124478
9,0.01600425946219452,0.0017208143049702697,0.6755102251601305,0.0001550810152247513,0.00013473125862458504,6.006874773280488e-07,0.1403316140490098,1.816155544602366e-05,0.0016105644601488664,2.4474183236864052e-08,0.15925287141928457,0.0010742075259017592,0.0002994161659467447,0.002962531440583745,4.8968380410632996e-05,2.7948052977367985e-08,3.6306837928274005e-07,7.605293545648811e-06,3.528350855317359e-05,2.6646128850157048e-06,1.6165177601691623e-07,9.688449229761727e-07,3.8541541831654e-07,0.0007117383987691383,0.00011672989816007409
10,0.022686949726283535,0.001730483068746046,0.39555278716055076,0.00011722444930367627,0.00017967054913988623,2.515486953128307e-06,0.16161560762626082,1.716245197174713e-05,0.0018742034262909137,2.8544789075524635e-08,0.4085043925217232,0.002168772020761771,0.0001882852531060947,0.004691660826033371,0.00011728941743968835,6.418960698369692e-08,4.394005740418234e-07,1.4643106435506676e-05,8.679375397154989e-05,2.957540081108982e-06,3.7396024351853856e-07,3.1943304884038756e-06,8.51725825247318e-07,0.0003398437431936587,0.0001038057202263382
11,0.02222556675386842,0.001758644265995744,0.3947631300822023,0.00011957546515874729,0.0001786570606135223,2.4638163843531727e-06,0.16325253864619862,1.703502559242214e-05,0.001809224244761621,2.9024124988514825e-08,0.4081420229676625,0.002167923369953885,0.00021153975093917823,0.004684456408850975,0.00010925975398370643,6.193370838178106e-08,4.4291316712903556e-07,1.527535452725101e-05,8.098863061130068e-05,3.082870066487696e-06,3.550205756518996e-07,3.1174111836458313e-06,8.480581459480126e-07,0.0003564233668304921,9.733780489265363e-05
12,0.056319421347169656,0.004966200870998536,0.2510102408608787,0.00029653103151392054,0.0015354689030405383,1.1528578436458788e-05,0.09406013952116958,1.2589814602549968e-05,0.00012467110600539522,6.746331791390024e-08,0.5212594416772159,0.018272105148844288,0.00044913740000591533,0.05028781539627936,0.0001291940248381195,1.9875551182606262e-07,3.938347189807447e-06,0.000213391599223713,5.7561681905805354e-05,2.4011230501694576e-06,1.8042178745023895e-06,3.695601833854796e-05,2.388294672317662e-05,0.0007906340253518856,0.00013467814051353893
13,0.02207344946819543,0.0015586826356426002,0.39033756116885143,0.00010888200120480376,0.00017321392159761397,2.34467437412371e-06,0.15061528874826047,1.6576590274146275e-05,0.001799143465805339,2.462023194043359e-08,0.4256371437010957,0.0023261149456802552,0.00017660980548102372,0.004553047232757624,0.00011380194663190195,5.865264537632103e-08,4.348946686437912e-07,1.3693145879895394e-05,8.493789126227675e-05,2.79044517714871e-06,3.6453746583627586e-07,3.1063776955298476e-06,7.84874539635421e-07,0.00030651233478960874,9.543191979179889e-05
14,0.006442456728131025,0.02233442622406852,0.3638271358212858,0.00017022577883230925,0.0005522136494221137,5.409063951331529e-06,0.13026875842567126,1.5197709057513976e-05,0.00516968452038478,2.143217691457813e-07,0.4636146265016682,0.0004607512809707646,0.0009035395067624745,0.005189030949252876,0.00011211508868084018,2.9348335399512966e-08,2.812108070535762e-07,2.5331085041262164e-05,9.903119194298277e-05,3.2044827479527865e-06,3.409783692489857e-07,4.151480787531974e-06,4.078669166994363e-07,0.0007383620586820259,6.30747264610402e-05
15,0.022686949726283535,0.001730483068746046,0.39555278716055076,0.00011722444930367627,0.00017967054913988623,2.515486953128307e-06,0.16161560762626082,1.716245197174713e-05,0.0018742034262909137,2.8544789075524635e-08,0.4085043925217232,0.002168772020761771,0.0001882852531060947,0.004691660826033371,0.00011728941743968835,6.418960698369692e-08,4.394005740418234e-07,1.4643106435506676e-05,8.679375397154989e-05,2.957540081108982e-06,3.7396024351853856e-07,3.1943304884038756e-06,8.51725825247318e-07,0.0003398437431936587,0.0001038057202263382
16,0.022031150839996193,0.001661569407476496,0.4024934574296634,0.00011365054213721275,0.00018237845268466994,2.4324622519879085e-06,0.15833119744692084,1.6815911243666272e-05,0.001881093016750404,2.700178099481998e-08,0.4057824112367992,0.0021195415986958684,0.0001896442776852305,0.004530518213479458,0.00011670163688201587,6.18211640205901e-08,4.291243402054458e-07,1.3694959117959283e-05,8.435769233903868e-05,2.861775381290575e-06,3.465453747894315e-07,3.0188014423953413e-06,8.24426705173104e-07,0.00034228097816978447,9.953440151761448e-05
17,0.026598523116618353,0.0017746736973932862,0.4217508849789085,0.00023062914709653067,0.0002141566012647977,2.519452949398828e-06,0.1734811693237349,1.832953140413586e-05,0.0011330069104603768,3.263817466044983e-08,0.3616244281741832,0.0033026092236123957,0.0002601960051955875,0.008930764974650467,7.414308341610382e-05,7.342408543470806e-08,5.033117961350581e-07,2.4150082453374587e-05,7.054788651065272e-05,3.928399389386399e-06,4.6657224163318456e-07,3.3281356062774674e-06,1.5444973415931873e-06,0.0003559903985791587,0.0001434004329335751
18,0.02432877738736737,0.0017756543621831739,0.39809085211437367,0.00011845796796863704,0.00017582574313615326,2.3763787204169127e-06,0.16416884913514596,1.762612594912059e-05,0.0017749289968484734,2.8838389934868985e-08,0.4016729094750447,0.002295623294810358,0.00019119570314410228,0.0046870676480653545,0.00011533853727170222,6.363920721377236e-08,4.822959777977905e-07,1.5739111546903844e-05,8.508859607437933e-05,2.9380661099835286e-06,3.8551641019201075e-07,3.3615607226231305e-06,8.757040391610472e-07,0.0003667051884140978,0.00010884861307839575
19,0.08914923815422855,0.0018766310868013945,0.03615489985356823,6.027998406111828e-05,2.1881385795556535e-05,2.6765230407133113e-06,0.41418647225605953,7.32352085821572e-06,0.0003232743610645132,1.2866730347643931e-08,0.45448862287057834,0.0006266354836181187,3.2892173001192564e-05,0.0020081129178792442,0.00034101883106191504,1.6849538597681835e-07,4.899741809367556e-07,2.6672969590036912e-05,8.417975470025639e-05,1.37123248797347e-06,6.223242398660968e-07,2.7993059203915447e-06,8.140001160843087e-06,0.00038852550995441715,0.00020705816403211236
20,0.021084487875556564,0.0024868758098905105,0.42128985851629813,0.00013614930806419624,0.0002570197520470254,2.4066553007616573e-06,0.14967108132178736,3.2766010558333685e-05,0.002401526220991717,4.3354851917181095e-08,0.39362262414458377,0.00269613535117617,0.00021619319064346366,0.005213951050705075,0.00017262395050166555,6.560298497182416e-08,8.100211797723888e-07,1.6924113330576642e-05,0.0001249769828337218,3.5661880743355995e-06,5.436580944633869e-07,7.426556365386237e-06,1.0022472115147412e-06,0.0004456008306834941,0.00011534128628506043
21,0.03080241556830426,0.0010780928520213995,0.4059046296346818,0.00011069203991091765,0.00013421570460459532,2.863920723632488e-06,0.19419439002320463,1.0696802810000038e-05,0.0010759608241211176,2.2552456526470836e-08,0.35645316244396635,0.003417317820029458,0.00023056799765834007,0.006086530775769958,7.157770118104981e-05,9.541301693622573e-08,3.2094263426217707e-07,1.627484758313933e-05,5.794988839116747e-05,3.4875163339727995e-06,3.1235934774768783e-07,2.147045015386187e-06,9.983210675562312e-07,0.0002602154740998415,8.506153106582942e-05
22,0.02336829643440342,0.001216689513332884,0.366277339574135,9.324504014638801e-05,0.00014523841795645006,2.6997154999976318e-06,0.13631416554376238,1.3678109637691036e-05,0.0012584524954873041,2.0573601284295853e-08,0.4636657695224113,0.002596252773021803,0.00013600226399722938,0.004395281973414316,8.811968317561873e-05,6.30636375847685e-08,4.4817194820335715e-07,1.900046759733847e-05,6.531955823145717e-05,2.9402109920803083e-06,4.2249982533627434e-07,3.308702573864797e-06,8.218950105197221e-07,0.0002621477326491427,7.42760635514277e-05
23,0.022686949726283535,0.001730483068746046,0.39555278716055076,0.00011722444930367627,0.00017967054913988623,2.515486953128307e-06,0.16161560762626082,1.716245197174713e-05,0.0018742034262909137,2.8544789075524635e-08,0.4085043925217232,0.002168772020761771,0.0001882852531060947,0.004691660826033371,0.00011728941743968835,6.418960698369692e-08,4.394005740418234e-07,1.4643106435506676e-05,8.679375397154989e-05,2.957540081108982e-06,3.7396024351853856e-07,3.1943304884038756e-06,8.51725825247318e-07,0.0003398437431936587,0.0001038057202263382
24,0.01724560066469027,0.002626057939151101,0.4327698192013657,0.0002183825132455227,0.0002812798251076388,2.9989247723568324e-06,0.15125953591756566,1.803162688554231e-05,0.0017739541938040367,4.476371480129598e-08,0.38205390897589603,0.0022698796002913334,0.00030112601751816495,0.0085457807627432,8.58403133772318e-05,6.169039017394518e-08,3.8482538546618287e-07,1.8843670329330342e-05,9.375748517044691e-05,3.850060143561439e-06,4.3245271248148876e-07,3.3543645120770894e-06,9.747654752297246e-07,0.0003069310571663445,0.00011916838858626654
25,0.021622298919713418,0.0012785887024738885,0.3750690895471783,0.00012660088918642947,0.00012867475623943724,1.494406493379353e-06,0.16109794879263317,2.0015183462565287e-05,0.0013988250996532867,1.8612098688672597e-08,0.4322689695069706,0.0024145879081276965,0.00018671574028186177,0.003826562032633733,7.512152187417768e-05,4.280872736611781e-08,4.5393966147855656e-07,1.4507971275229243e-05,7.285767560960611e-05,3.3743066463090457e-06,3.1784752138209694e-07,2.508454871165074e-06,7.141974989772641e-07,0.0003088412283681856,8.086995079963988e-05
26,0.03516410569447518,0.0015220627211265784,0.4807800195001624,9.24395739354402e-05,0.00012030263808297975,9.249475233536503e-07,0.147998172014814,2.1709908225687777e-05,0.0013103681048796125,1.9803464499055674e-08,0.3276494923702123,0.0020026082177119976,0.00024316812578936315,0.0017876816587845993,6.844930386861532e-05,3.014319672868282e-08,9.511838754501864e-07,2.1275325896969017e-05,3.88431049507908e-05,2.3567546917095727e-06,2.310770321421328e-07,2.3826489168307994e-06,5.945516835986256e-07,0.0010882193931242568,8.359123357504729e-05
27,0.023397893257590882,0.0018306966561293199,0.3940216845728113,0.00010727820660266813,0.00016551613301778547,3.4144621588469997e-06,0.17772272104230233,2.4095208090167827e-05,0.003552068824659489,4.1354214814285154e-08,0.39265376503260147,0.0017420097374605302,0.0001389730224574597,0.0038127751114244678,0.00019463513837893908,8.713636420700554e-08,4.3783300904270804e-07,1.3368736193868142e-05,0.00011839699930005165,3.5322635639981823e-06,4.5107176348134925e-07,4.686087876270956e-06,8.077492577008682e-07,0.00034668923375851104,0.00014397512901238223
28,0.022686949726283535,0.001730483068746046,0.39555278716055076,0.00011722444930367627,0.00017967054913988623,2.515486953128307e-06,0.16161560762626082,1.716245197174713e-05,0.0018742034262909137,2.8544789075524635e-08,0.4085043925217232,0.002168772020761771,0.0001882852531060947,0.004691660826033371,0.00011728941743968835,6.418960698369692e-08,4.394005740418234e-07,1.4643106435506676e-05,8.679375397154989e-05,2.957540081108982e-06,3.7396024351853856e-07,3.1943304884038756e-06,8.51725825247318e-07,0.0003398437431936587,0.0001038057202263382
29,0.022686949726283535,0.001730483068746046,0.39555278716055076,0.00011722444930367627,0.00017967054913988623,2.515486953128307e-06,0.16161560762626082,1.716245197174713e-05,0.0018742034262909137,2.8544789075524635e-08,0.4085043925217232,0.002168772020761771,0.0001882852531060947,0.004691660826033371,0.00011728941743968835,6.418960698369692e-08,4.394005740418234e-07,1.4643106435506676e-05,8.679375397154989e-05,2.957540081108982e-06,3.7396024351853856e-07,3.1943304884038756e-06,8.51725825247318e-07,0.0003398437431936587,0.0001038057202263382
30,0.022686949726283535,0.001730483068746046,0.39555278716055076,0.00011722444930367627,0.00017967054913988623,2.515486953128307e-06,0.16161560762626082,1.716245197174713e-05,0.0018742034262909137,2.8544789075524635e-08,0.4085043925217232,0.002168772020761771,0.0001882852531060947,0.004691660826033371,0.00011728941743968835,6.418960698369692e-08,4.394005740418234e-07,1.4643106435506676e-05,8.679375397154989e-05,2.957540081108982e-06,3.7396024351853856e-07,3.1943304884038756e-06,8.51725825247318e-07,0.0003398437431936587,0.0001038057202263382
31,0.022655866107927414,0.002266713077436984,0.6121064277673012,0.0001725014226699404,0.00022881342358475578,1.133180798327515e-06,0.1284507458972006,2.7917367121348438e-05,0.0015396719564230907,3.565732077803023e-08,0.22405078405867979,0.0024280436578950773,0.0003370378951513417,0.0048726074538715265,5.229486725759967e-05,4.085868022455987e-08,6.024142950664573e-07,1.7692912210090525e-05,7.101645003930655e-05,3.587984083290856e-06,2.897414776141744e-07,2.9141130370864757e-06,5.733936684305167e-07,0.0006011680448240107,0.00011152029704506506
32,0.023084956447105506,0.001746900769160785,0.3944548375574828,0.00011154091402373607,0.0001826393205987066,2.6597322931563067e-06,0.1633696281736437,1.8469187553618424e-05,0.002153189104945331,3.038498475035783e-08,0.40710433553294395,0.0021783325008631295,0.00017858622359607845,0.004726207172850932,0.0001340287764981533,7.174786294878445e-08,4.522248859616424e-07,1.3746578909064997e-05,0.00010547450783731922,3.0060954092505215e-06,4.045071501796221e-07,3.582596492178677e-06,8.276366132616587e-07,0.00031897800176800494,0.00010711430452749588
33,0.025146996418280766,0.002276383809701464,0.3793021595320665,0.0001292938558946025,0.00023116567500159005,2.7072333431839176e-06,0.16236895290213613,1.9490411619947736e-05,0.0015272466353867151,3.408322995428475e-08,0.4195335785634782,0.0026277001221391492,0.0002472044339699053,0.0058441019586418265,0.00011864307918382098,6.926966246003363e-08,6.01158212120886e-07,1.9325500952922697e-05,9.502986301536862e-05,3.2513544496952452e-06,4.0697703749555896e-07,4.815182975891754e-06,1.0962102210697755e-06,0.00040428943877935763,9.545633061970604e-05
34,0.022337030834137343,0.0012832915976065163,0.4338014406001207,5.622526210946709e-05,8.92116731630695e-05,3.0051601239343696e-06,0.2154658925799653,1.5373472325218318e-05,0.010136270831656287,3.384718732041448e-08,0.3127378241605548,0.0008776822175766854,0.0001169222534735098,0.0023902402502380764,0.00018609730567754272,8.372378765281552e-08,1.3428039865119395e-07,5.308865169118709e-06,0.0001774964575007256,2.5579540772331573e-06,2.6074322854817246e-07,1.890886661556146e-06,2.2503525386459943e-07,0.00019471616388416237,0.00012078384412269263
35,0.02670544232848072,0.0018144817892449029,0.40829604927185337,0.00012871371323709926,0.00015531190415835527,2.2298006141800793e-06,0.1676048933443451,2.2757178509451018e-05,0.0022694736562971387,3.3844352588694584e-08,0.3857764765270564,0.0023020496382563766,0.000189771400631835,0.0039955870045649215,0.0001027547848990156,5.930976861576016e-08,5.07216875586662e-07,1.815683780575687e-05,9.657648435566654e-05,3.4054170519992373e-06,4.024748490739937e-07,3.623378162790019e-06,7.08433216090846e-07,0.0003840472452711086,0.00012648701614207273
36,0.029376730083837198,0.001496399774943184,0.6947502830120584,0.00010644343610547076,0.00029310974790252583,7.076942332555408e-07,0.09397802197440817,3.605030881731279e-05,0.0021336406892010222,2.9050787679663407e-08,0.16600696739078816,0.005719667511728595,0.0003077159358384617,0.004875430360450261,0.0001168513924821955,6.198682529254147e-08,1.4225095894484759e-06,6.645355830955935e-06,0.00017214948715436038,2.1814284564679026e-06,3.4300870577610745e-07,4.765652915582003e-06,4.960472730969814e-07,0.0004693231113076493,0.00014456304835943324
37,0.001866419986422176,0.0034573292834431104,0.29531332868681326,0.0002546989506799364,0.0006249869168243832,1.7337562798330092e-05,0.09440186381480213,5.192817187959922e-05,0.02753674966165707,2.447428615102635e-07,0.569956904736695,0.0006621789106063594,0.00015363648702330525,0.003846039301079427,0.0011349243460474351,1.5380392237082772e-07,3.478254314029156e-07,5.280054259883033e-06,0.00031853154152722605,7.734518140330394e-06,1.1943971603658757e-06,8.097949886301774e-06,1.6552598580526807e-06,0.0001750528896318481,0.00020338020054921766
38,0.025986109623465113,0.0013986588725121874,0.3059922703862413,8.249609720675673e-05,0.00013461209379166507,3.4830596192380903e-06,0.19796459190688453,1.188734630540642e-05,0.0016005414356487025,2.367147451352554e-08,0.4596276820093895,0.001956438156318461,0.00014096344208717164,0.004497135940531064,0.00014482950237919778,9.025253645530981e-08,3.341771137457414e-07,1.3740042874751181e-05,8.322984127638158e-05,2.6748655168597633e-06,3.656608484506629e-07,3.065188646845268e-06,1.0412761772445665e-06,0.0002667792526541486,8.695589850024516e-05
39,0.02245910335258901,0.0007973839596305848,0.49416229644562426,0.00013366210409159002,0.0002003666435289364,3.526787473154911e-06,0.12497375442970772,2.3258051738108213e-05,0.002307892930492187,2.7071123483898525e-08,0.3447104960494885,0.003835405427892909,0.00011355663375595759,0.005713464467280936,0.0001098963353163019,1.241881096612697e-07,3.937667402072518e-07,1.187298095653431e-05,0.0001343743824176482,4.223472734339846e-06,6.165834002062859e-07,3.0092867134589276e-06,8.910066547281257e-07,0.00016786171574194913,0.00013254192679774208
40,0.03773762306858634,0.0017599869406637026,0.3531344653076625,6.842823916420063e-05,0.00017489695609889264,3.0145724798439664e-06,0.1572629620402723,1.2071189966410656e-05,0.00139283525450646,2.2250974431821314e-08,0.43765635857122515,0.003152263227312102,0.00011654834396590914,0.006930831212752133,0.00013437563329013108,7.620878231685985e-08,4.2488732376779695e-07,1.638921207028485e-05,0.00011178814918275616,1.89664053869183e-06,4.617109314600439e-07,6.148327103092225e-06,7.602129645428895e-07,0.00022968009546231035,9.56917467203176e-05
41,0.007216707674841987,0.0016230320313913445,0.7261129866003363,7.811122281853241e-05,0.0003596678089147685,3.4821901752350486e-06,0.08108681887824426,1.1852170979822187e-05,0.009225787192987809,4.504162987815187e-08,0.16890143136534602,0.0005590518325015126,0.00013468111832675691,0.0040402395564484725,0.0002089666151280479,6.602286805388675e-08,1.181298248389404e-07,2.52479956303707e-06,0.00010095666305672893,1.5680842454213917e-06,2.291848108200035e-07,1.3139807322278443e-06,2.4041566499761447e-07,0.0002184777239461093,0.00011164369521700548
42,0.0281407653844903,0.0020996774127372115,0.38778941878338014,9.834715136612998e-05,0.000173310448367214,2.801504562443315e-06,0.1874398518367994,4.607900631498647e-05,0.003581381292290794,4.6299758205640905e-08,0.3825686871995388,0.0026570414228992284,0.00010458787161092002,0.004225176415266558,0.00030639889735800744,1.4483273651971052e-07,9.013959913931213e-07,1.1731536945660811e-05,0.00029482910440236314,4.7232942790769905e-06,8.212235859751714e-07,1.191626222391611e-05,1.0115291573323056e-06,0.0002912877819154406,0.00014906211202201568
43,0.02336565272670782,0.0032096495251835106,0.3594655911262059,0.0001500534640452636,0.0003961408382519819,8.870481726223745e-06,0.14730624900132616,3.778290479375263e-05,0.005077578543123493,1.0817056795546316e-07,0.45085899829867926,0.002451937789312749,0.00015241623527805244,0.006272269940396733,0.00038351773955994323,1.827308688446316e-07,8.58358024787387e-07,2.1942311732933945e-05,0.00026598312669029044,4.159067747366089e-06,1.2634189701670083e-06,1.2551629302416681e-05,1.6620717449221452e-06,0.0003547498055220446,0.000199830694237414
44,0.022686949726283535,0.001730483068746046,0.39555278716055076,0.00011722444930367627,0.00017967054913988623,2.515486953128307e-06,0.16161560762626082,1.716245197174713e-05,0.0018742034262909137,2.8544789075524635e-08,0.4085043925217232,0.002168772020761771,0.0001882852531060947,0.004691660826033371,0.00011728941743968835,6.418960698369692e-08,4.394005740418234e-07,1.4643106435506676e-05,8.679375397154989e-05,2.957540081108982e-06,3.7396024351853856e-07,3.1943304884038756e-06,8.51725825247318e-07,0.0003398437431936587,0.0001038057202263382
45,0.02563348152203788,0.002479804562056849,0.2996861725312641,0.00018919903421827977,0.00016579883090474162,3.554165226969226e-06,0.13666928156843727,1.182301678634416e-05,0.0011143317888544536,3.5102205889276354e-08,0.5235869442602784,0.002565523385991181,0.00013966225227707654,0.007091536982911473,8.306048646290392e-05,5.804745586562074e-08,4.481226031318473e-07,3.897720314261118e-05,6.662260659477407e-05,2.897074125986654e-06,7.479266475133156e-07,3.7407664402958136e-06,1.30824326598868e-06,0.00028510098546055825,0.0001798895343492384
46,0.049026254611285104,0.0021101115096742143,0.461888760545049,0.00016528011420217548,0.00022679729029282072,6.356149515964821e-07,0.09971909800786583,5.533430610326973e-05,0.0008791673001066368,2.448435635109138e-08,0.3749234581725114,0.006322491423851253,0.0003471082018893574,0.0025200852123794778,0.0001028855419492509,3.504666972092324e-08,5.458789836176461e-06,2.9655127697046134e-05,7.844260383755474e-05,3.0227904858887004e-06,5.456073563675439e-07,6.761521332248436e-06,1.2233304843966681e-06,0.001457945857653608,0.00012941698817930405
47,0.08078829042266701,0.0015322148476105495,0.3163047897850467,5.6258146579929796e-05,8.56090687760705e-05,1.8870386908037483e-06,0.1986858403503047,1.777024827715205e-05,0.0009694164910202564,2.2040359049365116e-08,0.39207060358200363,0.005326423719751125,0.00013566923040674278,0.0032221876551488723,0.00011402148078691265,9.346353246899196e-08,9.981036012176219e-07,2.7917668877674362e-05,8.93737289415828e-05,2.8826560334138044e-06,4.6320385846921664e-07,7.915024411814563e-06,8.195640522864714e-07,0.0004472371091783295,0.00011129537008308908
48,0.043082655717672065,0.005567346017384793,0.3289308953899048,0.00015569117725006395,0.0002477979269235386,1.5124836393994393e-06,0.2588411214181449,5.830786456300909e-05,0.0019103499633183476,6.912238030045199e-08,0.35084886525708053,0.0028691276106485655,0.00041437561194795745,0.005411615872330232,0.0002411981387839186,9.515695792163809e-08,2.3696510534626546e-06,2.112735640955322e-05,0.0002784501023863166,3.9950944995910856e-06,6.078655092371049e-07,1.3453829921355032e-05,1.6524660917493217e-06,0.000952756271429804,0.00014456263376869992
49,0.01821643008336502,0.0011854400502101469,0.417209590675126,0.00010398025516711609,0.00021762970590811503,3.090352781938572e-06,0.11682488707585513,1.4827443423526922e-05,0.001556234431520596,2.3604692657928213e-08,0.43536455000540775,0.0032240837489580718,0.00017384167357090282,0.005420368465981664,9.14058377097364e-05,6.128530957548936e-08,3.9314254650749636e-07,1.5008700647273485e-05,7.321931509649842e-05,3.0508986890627563e-06,3.7203858116826874e-07,3.5879195312566296e-06,7.531938792771502e-07,0.00022490394723496794,7.226614880597396e-05
50,0.025041847397117723,0.0022167036676838904,0.4027446390397733,0.00011265537980605658,0.00016262659206910427,3.334587201901947e-06,0.2927229023834048,1.8873395027753557e-05,0.0030474268012171237,5.442396100986492e-08,0.2645934833794696,0.0014411435217962535,0.00021381005073090213,0.0069845767232129844,0.0001290293438987344,1.277982989730374e-07,2.5282895598069145e-07,1.0600999511389977e-05,0.00016794293519322207,3.73482582945285e-06,3.2158643503947655e-07,4.201913649730472e-06,7.557300973702094e-07,0.00026246279807053396,0.00011649189758705281
51,0.020051493751604994,0.002036920911542314,0.3499005983856337,0.0001775613755997919,0.0001430359946509145,1.779229365476482e-06,0.17484305414894702,2.0678261325699372e-05,0.0013957384325833319,2.915641657259999e-08,0.4424652643549469,0.002336334628100883,0.00023724682880053435,0.0058557323922467175,5.597924772076273e-05,3.202959741493608e-08,3.7532761664326217e-07,2.5777076993959247e-05,6.952601308512233e-05,3.613216903354845e-06,3.8342931600093713e-07,3.5629249994057215e-06,6.68155078231902e-07,0.00029213900876534513,8.247571815885858e-05
52,0.01624762145985255,0.0008835420654788077,0.10930506403814348,5.340310860103235e-05,6.756504274981178e-05,1.2928824287759826e-05,0.16717087806103342,3.5950152324473525e-06,0.0009635453965381173,2.236477649231578e-08,0.7015409988754093,0.0008250815919208708,0.0001487178119477687,0.0024254240626492294,6.522191137940073e-05,7.260953967520107e-08,9.951396813116435e-08,4.472177594804168e-05,1.7818222259222658e-05,3.339321177977594e-06,1.8009232975236627e-07,1.85681470158935e-06,1.2192258097876464e-06,0.0001889420610343176,2.8140733231075633e-05
53,0.0229769546201089,0.0018391383090281387,0.4198196835055039,0.00012350974904722065,0.00021218281965777755,2.4960839465920207e-06,0.14592270826973694,1.84024493993054e-05,0.0018979051255872351,3.013212202881583e-08,0.3987646468868325,0.0024423528632710324,0.00020083195404446415,0.005094172370798643,0.00011486228747190663,6.188684997338293e-08,4.878223343798998e-07,1.5211760106038387e-05,9.346510591410438e-05,2.8601903439851366e-06,3.975823053308551e-07,3.459751318113074e-06,8.22853751850203e-07,0.00034631869087148933,0.00010703692964799171
54,0.030783325977370445,0.0023032499012460893,0.3457144827924921,0.0001035652745551645,9.391639575062671e-05,3.4454210520582613e-06,0.3410926290491996,9.867524213797274e-06,0.0020516832683943774,4.651468309733397e-08,0.26866659410928223,0.0014923452893897081,0.00016017141247133432,0.006806154841142823,0.00014852929889088305,1.4768340300794246e-07,1.9835390667107703e-07,1.1445985800682517e-05,9.152706664974476e-05,3.342313466007933e-06,3.566739016963216e-07,3.0508456265442663e-06,9.621875696009053e-07,0.0002672144077119868,0.00019174741182971606
55,0.023707474647763526,0.0011872567582156808,0.47755937337417964,0.00010570465852931862,0.00010365996172570385,1.2910392280414284e-06,0.13893471864680848,1.4958458483253556e-05,0.002121436133206345,2.0349573250555244e-08,0.35039982144453125,0.0024981911158581424,0.00025609999174338157,0.0025316430398699143,4.748888024181837e-05,2.8264404244666156e-08,3.118208779047283e-07,1.5378223481788675e-05,4.806199274416267e-05,2.9273818759591137e-06,1.940670415090703e-07,1.4535564608216526e-06,2.926380140369786e-07,0.0003696787823991494,9.253477274275145e-05
56,0.021648313533189363,0.0017889526522725432,0.4015828896023305,0.00011961304389448994,0.00018415156715610823,2.4333150125745017e-06,0.16028407136760656,1.721277663471178e-05,0.0018786196554436937,2.937336512514743e-08,0.40485574544279296,0.0021234082472872387,0.0002189259306476063,0.004623682558192714,0.0001104208738464151,6.08653161372645e-08,4.44767673705133e-07,1.4777515388295243e-05,8.287998321883606e-05,3.0772646858201154e-06,3.499148886096594e-07,3.0544710572540964e-06,8.146000190303706e-07,0.00036044380218997846,9.562687588968128e-05
57,0.017614172924175334,0.0015252674695208147,0.6504942947957109,0.00011021872477314906,0.00035346054637310143,1.78044898471181e-06,0.07666211670036908,2.9289850938777907e-05,0.0027765968876273094,4.012263367540543e-08,0.23936980701281557,0.004768911529358942,0.00024039532025369934,0.005395759456602541,0.0001018113122332461,6.791131034376203e-08,8.091923956158776e-07,9.796088249806904e-06,0.00016093861926918317,2.9852081670915303e-06,4.723052737432997e-07,5.362982576657995e-06,4.343977880929164e-07,0.00027025440902659037,0.00010495578357212393
58,0.023780393362444936,0.0019207401700678973,0.4133337728947216,0.00011516393474344197,0.00018280126270017288,2.080547194281204e-06,0.16242806145977395,1.8820163080974925e-05,0.0017693028507348235,2.9337696877741727e-08,0.3891353299822143,0.00213178064541265,0.00021308848882934544,0.004179680145899365,0.00011887356369612194,5.81411310628571e-08,5.637578749068439e-07,1.5595515220505774e-05,7.962711908591191e-05,2.812884076089929e-06,3.6796990009918125e-07,3.3246137274986634e-06,8.811131090973282e-07,0.0004634875989208969,0.00010336247774322443
59,0.023130746662944693,0.0016844936066646283,0.44992128970528916,0.00010838620058997161,0.00016619649343799277,1.7933923001177493e-06,0.15509058878843943,1.7786966842114855e-05,0.001629615147516881,2.5698248318485006e-08,0.36151315223506136,0.002059210403752434,0.00020247123401629963,0.003692073879003842,0.00010155743307859796,5.2084929122647764e-08,5.343032927097665e-07,1.5485277889731447e-05,6.441285283449747e-05,2.753432220722826e-06,3.3387816040810573e-07,2.8213108361691427e-06,7.733033532345629e-07,0.0004958281727159921,9.76175365815751e-05
60,0.022686949726283535,0.001730483068746046,0.39555278716055076,0.00011722444930367627,0.00017967054913988623,2.515486953128307e-06,0.16161560762626082,1.716245197174713e-05,0.0018742034262909137,2.8544789075524635e-08,0.4085043925217232,0.002168772020761771,0.0001882852531060947,0.004691660826033371,0.00011728941743968835,6.418960698369692e-08,4.394005740418234e-07,1.4643106435506676e-05,8.679375397154989e-05,2.957540081108982e-06,3.7396024351853856e-07,3.1943304884038756e-06,8.51725825247318e-07,0.0003398437431936587,0.0001038057202263382
61,0.020956689259142913,0.0016142644282782293,0.45786697191544223,0.00010449007410830525,0.00017302747549220284,1.8403274627958464e-06,0.14364069486423162,1.653214251393071e-05,0.0017104533054926993,2.4509237848955458e-08,0.36706425030520395,0.0020970242148099756,0.0001947672837385346,0.0038650783579638522,9.973547962075576e-05,5.089784802850292e-08,4.7371793285841167e-07,1.3543261241487878e-05,6.792345068095824e-05,2.673357178742795e-06,3.237000410020199e-07,2.688900469007698e-06,6.834755860725885e-07,0.00041281335005295683,9.298194622903696e-05
62,0.022686949726283535,0.001730483068746046,0.39555278716055076,0.00011722444930367627,0.00017967054913988623,2.515486953128307e-06,0.16161560762626082,1.716245197174713e-05,0.0018742034262909137,2.8544789075524635e-08,0.4085043925217232,0.002168772020761771,0.0001882852531060947,0.004691660826033371,0.00011728941743968835,6.418960698369692e-08,4.394005740418234e-07,1.4643106435506676e-05,8.679375397154989e-05,2.957540081108982e-06,3.7396024351853856e-07,3.1943304884038756e-06,8.51725825247318e-07,0.0003398437431936587,0.0001038057202263382
63,0.022571501906600306,0.002008640552100062,0.3796983332978622,0.0001158516766283023,0.0001697263509226135,2.4181416876370458e-06,0.1674139786942682,1.7377872480796103e-05,0.0019354556617190005,3.0570359658897666e-08,0.41887143730140913,0.001948587569757719,0.0001982492418543028,0.0043335441273055775,0.00012180055213121215,6.015659750311968e-08,4.559990727054087e-07,1.5430478211141292e-05,8.511212487683882e-05,3.0046018861673587e-06,3.7342708232743253e-07,3.324355718366173e-06,8.23196127782525e-07,0.00037974620898582537,0.00010473593435475831
64,0.024419057510327916,0.0018261836874577033,0.38121147261132526,0.00011855937521537261,0.00018681966036720633,2.6023464933527795e-06,0.14836030895976157,1.8468960423304234e-05,0.001864349535910632,2.9644361396011133e-08,0.433834632584627,0.002497536805658952,0.0001577305492259033,0.004770398554721405,0.0001409552510917793,6.844600572438522e-08,5.43456412003439e-07,1.6381304378676568e-05,0.00010042858271119124,2.7286410910947437e-06,5.458543167808212e-07,3.685774842163604e-06,9.465674910818037e-07,0.00034088103162673234,0.00012468430415587842
65,0.01623779886538123,0.000717214932745061,0.33972788334042814,0.0001608202927590688,0.0005755706674257946,1.3435930292741612e-05,0.060034375158125326,6.437444474103355e-06,0.0006157403040470772,2.4416289876458168e-08,0.5492517472828985,0.009525909237302475,0.00010560812789733657,0.02267782278530974,7.175730600142075e-05,1.3226988430358472e-07,2.924190559839285e-07,3.328384585716129e-05,7.811135741871267e-05,2.412896375082387e-06,1.1428561122508705e-06,4.321412468213158e-06,1.9897661397787613e-06,6.712813336441727e-05,8.90389519461804e-05
66,0.010528954266075755,0.000667541854074278,0.6307822160812078,0.00010018659799042379,0.00013650581050909174,3.5464078401121032e-06,0.19448797259823003,1.8378178211092353e-05,0.007273510362582232,5.472784316536929e-08,0.1474854189214321,0.001679994084340124,0.0003238520693587807,0.006117436523176994,3.2711349893482764e-05,1.5570089474589868e-07,6.051863697320468e-08,3.4881012331573993e-06,0.0002413572889026585,8.929726790654478e-06,1.2519692519980787e-07,1.499500917785948e-06,1.3597073442278022e-07,5.507719571971583e-05,5.089096647949078e-05
67,0.017627577091506193,0.0009651538986665339,0.3400613290593189,0.00012194769028987102,0.00015116872356533517,4.055773491515294e-06,0.18127116226731016,7.856563675272652e-06,0.0008595752648821738,1.877510364425123e-08,0.44875789674807226,0.002372931733722165,0.00015171877835624893,0.007174753548275141,0.00010765388295566279,1.1564606997186431e-07,2.5254690350868766e-07,1.3633317149604603e-05,4.81287367132424e-05,3.6174520932254372e-06,3.619340864706609e-07,1.99937379294116e-06,1.8582428944370334e-06,0.00020578577253879446,8.944717856659143e-05
68,0.021233644808262085,0.000641070127287159,0.05387700754852133,6.81817621468415e-05,2.6440878858879373e-05,3.3499597035276305e-06,0.08789322120266675,3.642089144014079e-06,0.00015445186276748357,7.951270515570136e-09,0.8326486495063204,0.0018733960521466065,4.633532955930413e-05,0.0010787258522481581,4.99516176272853e-05,3.508192488875478e-08,4.113241557025377e-07,7.899178177057558e-05,7.890905320752774e-06,2.470035532176801e-06,4.4711831785062705e-07,1.9524258154292004e-06,3.0080463172127688e-06,0.000243800993237057,6.291573907789048e-05
69,0.022947090660399693,0.0017469500415201154,0.3876226079639148,0.00011521760267559516,0.00018448081393077255,2.611351584077378e-06,0.16095124446096712,1.693884256863911e-05,0.0018619424354067832,2.8545463550443068e-08,0.41668385069616765,0.002204724532986926,0.0001871579986314703,0.004807855671962256,0.000120185187796182,6.46603163772334e-08,4.414817438687208e-07,1.480239547414938e-05,8.84205143205571e-05,2.8765144177245765e-06,3.781241061374914e-07,3.3212497345443066e-06,8.700181435229115e-07,0.0003340321416821163,0.00010190609408541502
70,0.023405235376247727,0.002179889399714078,0.3532148584746051,0.00011769846254354258,0.00018202300480387048,2.303069097166229e-06,0.1675546262636843,2.3649842336686787e-05,0.002267364295660903,3.285793814415987e-08,0.4444063131204589,0.001937049361745289,0.00019919588513364037,0.0036819531799653768,0.00014918305040371283,5.82814715307934e-08,5.965294375925074e-07,1.5602408570673215e-05,0.00010827849074479651,3.0099404427268933e-06,4.046253598012743e-07,3.942897405213337e-06,8.892583156293161e-07,0.00043860112881772905,0.00010724079509586989
71,0.015908179009042157,0.003429754555733034,0.5137756423576847,0.0001261330664771392,0.0005371024663339727,4.504211512318055e-06,0.09634720377646833,1.780477474614313e-05,0.003869244572946427,6.428170513826726e-08,0.35553389543457076,0.0020723031784604996,0.00023942489524370067,0.007305659390345759,0.0001921237913689515,6.509032277851619e-08,4.611528467080274e-07,1.1991624119839009e-05,0.00013747554392587363,1.9432927166955482e-06,4.7006820885139335e-07,5.051595885153227e-06,6.737892637441247e-07,0.0003435084931024949,0.00013931958696880136
