,0,1,2,3,4,5,6,7,8,9,10,11,12,13,14,15,16,17,18,19,20,21,22,23,24
0,0.00255309810606663,0.3616641179176149,0.001929380685615341,0.00020150815168772484,0.029948810767596427,0.003148116064112807,0.041348208823966906,1.208291224530233e-05,0.0003444584351491597,0.0001849830740059125,0.21611167672959974,0.001636789155178487,0.0006177041859530039,0.02509792446781134,0.24002588977565634,7.996258605936783e-05,0.0002896462835136917,4.560837019424217e-05,0.018648465976362757,3.4748173914721437e-07,0.03322363505288665,0.019207040142138507,0.0001857370535731237,1.0334657438007707e-05,0.0034844731438344184
1,0.003172958141352233,0.42667102075021585,0.0017612216274271715,0.0002551808430586575,0.04362467883439706,0.002016871174942368,0.038723095747742214,1.3542386782948196e-05,0.0008250528069947634,0.0001826305133904591,0.2233043718756261,0.0011231155645963467,0.0006729035428005018,0.022537990365740484,0.1842780316193247,8.506028807902911e-05,0.00034854007044023984,3.69851503338789e-05,0.014261913107833401,2.0343397289486246e-07,0.016788496987086243,0.015761787828325297,0.000161904267831119,1.0846879997756082e-05,0.003381596191708316
2,0.0028857234342792248,0.3472098022956978,0.001692587264761399,0.00021135771630224776,0.04719307290678302,0.0014658433265487207,0.0410299114108255,1.2044608323248786e-05,0.0007169745275340917,0.00018956961420207435,0.2065926896216555,0.0009376556419216068,0.00043627444527893287,0.0313679133923775,0.2525808332295002,5.034704447763446e-05,0.00023476934471085127,4.1621659518673317e-05,0.012811458636013285,3.0280006984754e-07,0.021262988403377765,0.024650375924230715,0.0002199545323832297,1.255736648014157e-05,0.006193370852746921
3,0.0026584352078605723,0.3907001805567379,0.0017165914141717628,0.00023928313738184688,0.036878278951095037,0.0017550629675289959,0.033871564197761855,9.69033620400725e-06,0.0004435534398529831,0.00013487995246449458,0.2578688109040242,0.0014597209807505353,0.0006092636356719893,0.028599674067578094,0.18775975621103316,5.586521600225252e-05,0.00033039238633500304,4.4949125478739954e-05,0.010988180384493946,1.8173596124723285e-07,0.022867212059160494,0.017158121233670505,0.0001651818979772667,9.739977897656846e-06,0.003675430022905367
4,0.0022929394363850244,0.40399852561115257,0.0015661371139245389,0.00024020962492253895,0.03645605746844798,0.001718781753282105,0.03112783380088062,8.500019023419733e-06,0.00041349570743086963,0.00012274781926338067,0.28454714800587944,0.0017596351633502988,0.0007679898642741845,0.03224815541837632,0.15103986401178096,5.4517511637525715e-05,0.0003553129830330363,4.7433004841116546e-05,0.010039687018023711,1.748956100732956e-07,0.021459652286556878,0.016205578964942718,0.0001604879485424574,8.723247327972223e-06,0.003360411321110607
5,0.0038748715917993394,0.3453009842354582,0.001983399334444492,0.00036874882708214454,0.039841599513515444,0.001736836630557105,0.04075029511820616,1.1724972807309127e-05,0.0005125201870786239,0.0001831547099013867,0.2930689500774935,0.0019217963889876333,0.0007031059554928519,0.04009379213547229,0.16729089720207466,7.057093822598151e-05,0.00045554308484756527,9.729533400931338e-05,0.009689240656960215,2.7934211603034274e-07,0.027514167791640533,0.01881552348570365,0.00022339160891133932,1.5026704274147023e-05,0.005476284172940203
6,0.0026584352078605723,0.3907001805567379,0.0017165914141717628,0.00023928313738184688,0.036878278951095037,0.0017550629675289959,0.033871564197761855,9.69033620400725e-06,0.0004435534398529831,0.00013487995246449458,0.2578688109040242,0.0014597209807505353,0.0006092636356719893,0.028599674067578094,0.18775975621103316,5.586521600225252e-05,0.00033039238633500304,4.4949125478739954e-05,0.010988180384493946,1.8173596124723285e-07,0.022867212059160494,0.017158121233670505,0.0001651818979772667,9.739977897656846e-06,0.003675430022905367
7,0.0022382291080724113,0.3005200920883503,0.0008476697430905841,0.00027135163819788795,0.044809668180247515,0.0020521790624591146,0.04439327358443428,7.298539271420339e-06,0.0007836336527673769,0.00021574813706419776,0.20402330883316538,0.001411690648823213,0.000261929488798531,0.057148987667242836,0.2668886304371869,7.990451850500889e-05,0.0003646759478634432,6.666352495647648e-05,0.007499905714373924,2.998299620574924e-07,0.029817451761645485,0.02373281815472084,0.0004307970449122103,1.3341783923448197e-05,0.01212045090996508
8,0.002516224766240859,0.23902080549705118,0.001740412679917022,0.0003162682296291275,0.038603083802352126,0.001152618066504309,0.03181225128828769,5.840033518827402e-06,0.0007726626129088896,0.00023461245695176162,0.25125570906230255,0.000493198472915804,0.00021832435570500827,0.04673708432990437,0.3315267074064164,3.53330578717766e-05,0.00022245934738447177,4.293590442269453e-05,0.004559231026886781,2.1152003555694393e-07,0.018166109793073936,0.021753036384495588,0.00022229708161303766,3.718300842246941e-05,0.00855539981518765
9,0.0030487351584313634,0.2586985702956022,0.0030192880124096776,0.00042703604718178685,0.037593004333320246,0.001662232005425368,0.024903810847495936,1.1103456125468613e-05,0.0006251262867214555,0.00022509579179141748,0.3160703789994972,0.0007874306839657463,0.0004839777677951409,0.03819098753221627,0.25636404233533566,5.139704808691486e-05,0.00036775231052011776,4.352169998943185e-05,0.008249157084103963,2.665943771889819e-07,0.02343897308157472,0.02175140254624558,0.0002155787338671947,3.0374575798156985e-05,0.0037407567721218465
10,0.0026584352078605723,0.3907001805567379,0.0017165914141717628,0.00023928313738184688,0.036878278951095037,0.0017550629675289959,0.033871564197761855,9.69033620400725e-06,0.0004435534398529831,0.00013487995246449458,0.2578688109040242,0.0014597209807505353,0.0006092636356719893,0.028599674067578094,0.18775975621103316,5.586521600225252e-05,0.00033039238633500304,4.4949125478739954e-05,0.010988180384493946,1.8173596124723285e-07,0.022867212059160494,0.017158121233670505,0.0001651818979772667,9.739977897656846e-06,0.003675430022905367
11,0.0025796151049928043,0.4026939559740346,0.0017328703971478373,0.00024527274278558986,0.03618098684303878,0.0018003447278724155,0.03424397090634771,1.0487735293445014e-05,0.0004345206575350531,0.00012995610614043244,0.26174275697868743,0.0016183443946986608,0.0007308453195730362,0.028289954625228864,0.1729910099137666,5.922327581641541e-05,0.0003572362192656925,4.541902484948223e-05,0.01160657096450756,1.8372588268508852e-07,0.0219803169100139,0.017010698571185433,0.0001602528778856409,9.052495098577989e-06,0.0033461535083513846
12,0.0011995520210666766,0.49393619757166296,0.0006968846263115233,0.000142151591845929,0.1268039044132296,0.001573705448485624,0.019653117156471604,1.0532942701608491e-06,0.00027196986887707386,5.637476208005701e-05,0.1702628924774477,0.0022849315530393986,0.000262741085485833,0.07470117003572296,0.0708614087526909,2.9299029790222256e-05,0.00010285259797770031,9.624033601747818e-05,0.002917393277026796,1.7641981997596962e-07,0.017724768728548945,0.0037492471309998427,0.00022533828135041278,4.14428300190365e-06,0.012442485256778787
13,0.0025417465583389767,0.38120963358150267,0.0016675285264665565,0.00023645741641075804,0.03636998038241405,0.0016775334153438053,0.03189777732100392,9.097799609684773e-06,0.00041792896755181707,0.00012571214458248164,0.2737221620214775,0.0014481263634193561,0.00061410999631833,0.028291373215483438,0.18629150638362138,5.3656535882046375e-05,0.00032074710622614195,4.2790919506689996e-05,0.010592142272287596,1.6954566615713365e-07,0.022500116684358137,0.016372550563278132,0.00016321994612428353,9.61752855361013e-06,0.003424314804572494
14,0.0008380260519757945,0.6830339769825554,0.0004900040440344708,2.9870322454526385e-05,0.02356556816890157,0.0016483807484304793,0.009716603664910851,1.4047042951481201e-06,4.966810643631428e-05,1.9882095437061052e-05,0.19163350880480806,0.0028508424538166233,0.0007116542719499647,0.011309916549187369,0.0423683921405187,2.2693904659522845e-05,8.263745338326352e-05,1.3197594034518603e-05,0.014410254161671868,3.586094145026985e-08,0.013430150285118845,0.00309523871333838,3.611412688325415e-05,7.195511235975591e-07,0.0006412592391328335
15,0.0026584352078605723,0.3907001805567379,0.0017165914141717628,0.00023928313738184688,0.036878278951095037,0.0017550629675289959,0.033871564197761855,9.69033620400725e-06,0.0004435534398529831,0.00013487995246449458,0.2578688109040242,0.0014597209807505353,0.0006092636356719893,0.028599674067578094,0.18775975621103316,5.586521600225252e-05,0.00033039238633500304,4.4949125478739954e-05,0.010988180384493946,1.8173596124723285e-07,0.022867212059160494,0.017158121233670505,0.0001651818979772667,9.739977897656846e-06,0.003675430022905367
16,0.00258477533759411,0.3974570287482152,0.001785499139519528,0.00023046236684826402,0.03759476008485403,0.0017982757934440303,0.03239615678027738,1.02417430375184e-05,0.00048205728433486065,0.00012158202176883409,0.2520934389599701,0.001249803080685033,0.0006280184899474894,0.025098672683429038,0.1962059964372659,5.5381459746896746e-05,0.00031476252170604583,3.605068650373053e-05,0.011574918982843553,1.682458416645619e-07,0.018982829022432566,0.015957386271387118,0.00015890768967800922,9.625977126406722e-06,0.003173200191542785
17,0.0038861723899963757,0.42527995378835015,0.0014513445215608453,0.00024127981092023258,0.0349981528157148,0.0011669391626753546,0.035303875559658734,1.1023409687173828e-05,0.0003285505243661696,0.00013562977731410646,0.2660877386198816,0.004564601618309539,0.0009777765807190743,0.05251694326148221,0.09008693078672646,5.213136902771884e-05,0.0005502456911714095,0.0001615656619702876,0.011782985347934302,2.787958379037343e-07,0.036275223762518106,0.026336200348398897,0.00023698246785078324,6.983141697137379e-06,0.007560490786230871
18,0.003181828381834712,0.43641230052305496,0.0012245150696973983,0.0001972105799993042,0.029837871302738055,0.0015896694049038476,0.03821760724616729,8.926703340069363e-06,0.0005046822075287163,0.0001635944920167097,0.23509919378002533,0.0021465671591335907,0.000611829403276941,0.038788899511449974,0.1464244153346422,5.535132739452849e-05,0.00045881228206170923,7.778732818632719e-05,0.010321958171335029,2.1509947130477368e-07,0.02381849179440481,0.023829863235795685,0.000200140732591398,9.303348214821302e-06,0.006818965580735228
19,0.0026066810754427233,0.3917614934220688,0.001782655155494054,0.0002465053011819278,0.038028983175568146,0.001736722770985207,0.03422215643491403,1.0040442307198692e-05,0.0004383446648514848,0.00013374345728893192,0.2576763397055861,0.0015140255101659175,0.0006388990623564472,0.02889470510217637,0.1847248665267542,5.606763169868603e-05,0.00033174254298288814,4.5461512868892785e-05,0.011108718579494123,1.8397674905332363e-07,0.02286382090853074,0.01745174975627263,0.0001598563957727026,9.512870211329799e-06,0.00355672401827749
20,0.001330855820413271,0.23323750448375336,0.001448378424613013,0.00018885860207520786,0.02391855226716003,0.0013660702725537318,0.033485017098775355,1.0317380846377834e-05,0.00029035027110541246,0.00010922985878248373,0.24098269231240657,0.0007128161264653397,0.0003601590189596931,0.01887771793279537,0.38088434551287076,3.781007602108563e-05,0.00019445568790784802,1.60585226476017e-05,0.010496483091789506,1.4446185477277837e-07,0.026066550453669346,0.023593487308684217,0.000148678138055897,9.090107388811694e-06,0.0022343767684049375
21,0.0026841934379951563,0.42289901245771644,0.0014176571521167822,0.00021675160316143784,0.04497570097205449,0.001362170561444815,0.021243981636400726,5.777442065645204e-06,0.00028990422091440315,0.00013997684795404884,0.29051593933368647,0.002392334917839133,0.0005634941959036221,0.03784420686314186,0.11153199583730869,4.711104526446265e-05,0.00027486674597217863,6.768923704237907e-05,0.009354393960760335,1.741690405107607e-07,0.03450989891687894,0.013627164483874668,0.0001493818760233404,7.682657364965056e-06,0.003878539428074484
22,0.003270931961437351,0.2971656254988086,0.0023499106322177584,0.0003595041118250541,0.029549649483812588,0.0017396065637839085,0.02845439606118389,1.1075834223529325e-05,0.0003390421823111868,0.00019168352110561512,0.3541539916615504,0.0018739579285580892,0.0006981589598548968,0.03424561609847286,0.1753517165376508,6.633423103945981e-05,0.0005340019003192238,6.897233737059552e-05,0.010315512861526838,2.1554023730313781e-07,0.03429071543728937,0.021747870546955615,0.00016570688829962578,1.3897125639976605e-05,0.003041906094525565
23,0.0026584352078605723,0.3907001805567379,0.0017165914141717628,0.00023928313738184688,0.036878278951095037,0.0017550629675289959,0.033871564197761855,9.69033620400725e-06,0.0004435534398529831,0.00013487995246449458,0.2578688109040242,0.0014597209807505353,0.0006092636356719893,0.028599674067578094,0.18775975621103316,5.586521600225252e-05,0.00033039238633500304,4.4949125478739954e-05,0.010988180384493946,1.8173596124723285e-07,0.022867212059160494,0.017158121233670505,0.0001651818979772667,9.739977897656846e-06,0.003675430022905367
24,0.0021466752137515002,0.3719495097344157,0.0015305615454092275,0.0003523895614235793,0.05952080994174999,0.0016154812513160055,0.029997622265434964,8.261046361250111e-06,0.00043522861681238547,0.00011625690912678234,0.3112799506505323,0.0021574922435214907,0.0008837136102570049,0.045719465874915086,0.125523102695213,7.110783992512427e-05,0.0003356699587953796,6.319538530112761e-05,0.008614797668205228,1.9568854602313924e-07,0.02128705492005878,0.012609819950424027,0.00019830197408240782,8.672935460702235e-06,0.0035746625189608627
25,0.0019317741398075436,0.5416665197921315,0.0012996537415900554,0.00012165247748636491,0.03285306751479497,0.0025352963507390383,0.02447963379710507,4.129729454390226e-06,0.0005607134831519784,0.00013659092940263416,0.14391198478895748,0.0010671166755296952,0.000290621004463064,0.031143827513823386,0.1733241971282376,3.682419799049528e-05,0.0002648869284591693,3.1780525152816494e-05,0.007498167505706277,1.5453395526737682e-07,0.015022888016142934,0.015693661095780485,0.00013463103080474842,9.701763920812508e-06,0.005980525335412052
26,0.004438040693859295,0.35881474271107855,0.001879801228256649,0.0003827747335838101,0.039314893150926955,0.001968156682019673,0.0287148246063048,1.2046937449903946e-05,0.0010995370643953816,0.00013906135601077872,0.2947785877425898,0.0008988040380393587,0.0005796078055707937,0.025515789954734327,0.20183699193009946,6.868898589813736e-05,0.00047743905002196787,4.67100745553796e-05,0.0078834645462654,2.1337153405526082e-07,0.014037179113793687,0.012492835098071305,0.000297839957410264,2.6925779585316112e-05,0.004295043387944899
27,0.0020721547843008657,0.35137863739124,0.0012329081818603423,0.00018254935450275468,0.03213006517929659,0.0015134394107472688,0.040340224961765245,9.245798194041248e-06,0.0006884903063090493,0.0001598682689572069,0.2157447335147729,0.0008839458531597873,0.0004092232191632423,0.02656402887033662,0.2710969068863403,4.920703553500552e-05,0.0002745958210518638,2.876321579831865e-05,0.009612477563817971,1.8831136972486987e-07,0.016679891992762867,0.024026130677080617,0.00017237590775424726,1.2000572284782059e-05,0.004737946921598373
28,0.0026584352078605723,0.3907001805567379,0.0017165914141717628,0.00023928313738184688,0.036878278951095037,0.0017550629675289959,0.033871564197761855,9.69033620400725e-06,0.0004435534398529831,0.00013487995246449458,0.2578688109040242,0.0014597209807505353,0.0006092636356719893,0.028599674067578094,0.18775975621103316,5.586521600225252e-05,0.00033039238633500304,4.4949125478739954e-05,0.010988180384493946,1.8173596124723285e-07,0.022867212059160494,0.017158121233670505,0.0001651818979772667,9.739977897656846e-06,0.003675430022905367
29,0.0026584352078605723,0.3907001805567379,0.0017165914141717628,0.00023928313738184688,0.036878278951095037,0.0017550629675289959,0.033871564197761855,9.69033620400725e-06,0.0004435534398529831,0.00013487995246449458,0.2578688109040242,0.0014597209807505353,0.0006092636356719893,0.028599674067578094,0.18775975621103316,5.586521600225252e-05,0.00033039238633500304,4.4949125478739954e-05,0.010988180384493946,1.8173596124723285e-07,0.022867212059160494,0.017158121233670505,0.0001651818979772667,9.739977897656846e-06,0.003675430022905367
30,0.0026584352078605723,0.3907001805567379,0.0017165914141717628,0.00023928313738184688,0.036878278951095037,0.0017550629675289959,0.033871564197761855,9.69033620400725e-06,0.0004435534398529831,0.00013487995246449458,0.2578688109040242,0.0014597209807505353,0.0006092636356719893,0.028599674067578094,0.18775975621103316,5.586521600225252e-05,0.00033039238633500304,4.4949125478739954e-05,0.010988180384493946,1.8173596124723285e-07,0.022867212059160494,0.017158121233670505,0.0001651818979772667,9.739977897656846e-06,0.003675430022905367
31,0.006513737245938513,0.4611901910327668,0.0035356759708148823,0.0002728830198217778,0.04222192289734622,0.0015009737473562952,0.03665897431633693,2.2573054992708296e-05,0.0004623425223920824,0.0001656353377508449,0.2104899616004567,0.0022193891645795466,0.000980442619739536,0.025006669630537964,0.13075416643550453,5.866184138312034e-05,0.000433731896757503,9.574100957801585e-05,0.021798841592729934,3.119487950073269e-07,0.02862818603491705,0.022178804479387457,0.00016182290203986383,9.921315929615458e-06,0.004638438382146868
32,0.0025949406259133936,0.3956974491551227,0.0017183002177754076,0.00021151780327918415,0.037435518664391286,0.0017555169341235688,0.03404804549303914,1.0392484202081553e-05,0.00041616768736516175,0.00013006687991940478,0.24828205244259177,0.0014980069047743395,0.0006327218500205366,0.02681151584212276,0.19010754938555363,5.645110778559361e-05,0.00030589202341924597,4.139411551611864e-05,0.01339332938759047,1.910831072225434e-07,0.02302711468391673,0.018135852627678122,0.00016296506220682972,8.556357743650786e-06,0.003518491180841466
33,0.002890546185826117,0.45398027671539715,0.001572387752673593,0.0002771612353178909,0.02547704770607934,0.0019085031630547604,0.046038148316385384,1.5402787345221595e-05,0.0005051613195898041,0.0001632972745453014,0.259617369999183,0.003284051243364226,0.0015665650430018744,0.03885836056383828,0.10148412493260706,8.656804423539459e-05,0.0008554511881432797,8.484507568839825e-05,0.012526959265583998,2.0999309045749668e-07,0.01745536119671491,0.02782857568098979,0.00013550979523549493,6.994728531550408e-06,0.003381120793577785
34,0.003803696017834175,0.4372438344313311,0.0016259388086766436,0.0001300535078100422,0.038218777984364974,0.0009500047989019705,0.020291360983465716,8.394539178775434e-06,0.00048803358774633236,0.00010644381327831955,0.2736354106793505,0.0010028134447474229,0.0005570631232480729,0.01870445724527399,0.15139491756319168,3.2633253122972964e-05,0.0001929646492026444,2.8466839974361274e-05,0.017214477438949983,1.3191285901279358e-07,0.015584906403380516,0.015428769041582741,0.00013230966884659613,9.759617871953736e-06,0.0032143806458095124
35,0.031140429456675126,0.6466572675212383,0.001978818640186868,0.00023259337056994535,0.018888287267670712,0.0006866087329134961,0.05483902536420929,6.80440921125646e-05,0.001407286267742177,0.0003154737626156401,0.10839032761118102,0.004282040461211742,0.0015673399367920567,0.013589337747079235,0.03464952791288963,8.908522710978258e-05,0.0014472305903296082,0.0003632509103399736,0.0255092454285904,2.6581202220532105e-07,0.015580894648739385,0.031078334673716495,8.94226761695529e-05,7.405060549058759e-06,0.007142456827345636
36,0.0026265091665346563,0.46894401973488736,0.0009475552789033952,0.00024725412471897313,0.01565520701777489,0.0023831337220482926,0.07517216323718802,3.3514391965294875e-05,0.0011960176753262523,0.00016383945892548715,0.16021498738613804,0.003486628882429025,0.0015089526748301805,0.032201077332289,0.1494728527409421,0.0001374512617645151,0.0019373158596546335,6.652822786071615e-05,0.013535581390084433,2.3105108091586363e-07,0.010864073031499106,0.05451089501612636,0.00019809625036318516,5.66128394060508e-06,0.004490453802724247
37,0.0022158749854444396,0.4128098148925671,0.001514181347941716,0.00020797257753426873,0.036787373382999033,0.0018833422032982327,0.034783693176179124,9.599908956751711e-06,0.00045906865518612413,0.0001267830937318879,0.2318862150153836,0.0014131428147040005,0.0005957554013910001,0.027221148367455223,0.19287758860981835,5.5371991707743156e-05,0.00031107874230974954,3.6354427433229054e-05,0.01146088334521413,1.7536885650300543e-07,0.021890300049365475,0.017749699334317047,0.00016286639664750733,7.838788457906097e-06,0.00353387712310004
38,0.003969041514838896,0.45073675018774234,0.0018695903982179646,0.0002654838259448189,0.06014946439156444,0.0006375118197976857,0.02048153235403674,6.502368596925362e-06,0.0008457435897232411,0.00016821570622526735,0.25374422783626926,0.0012591636341173062,0.00042035781547703415,0.04343462048794796,0.11367815555886747,2.504966940080405e-05,0.0002783119048048926,7.025455508849894e-05,0.005655952835683143,1.4870846456047355e-07,0.015989819775726225,0.019277618793610316,0.00012284368117327664,1.614768871095486e-05,0.006897490897970051
39,0.0027842242840407745,0.32436453038872953,0.0018002136461572748,0.0003086165415312246,0.03041706569867985,0.002535233957439677,0.060651492103968876,1.9240902724982014e-05,0.00040469849192378165,0.00016568955510383937,0.20324946350390533,0.001815254042371375,0.0006734761306108428,0.027539417781883915,0.258234550717921,9.016431655042162e-05,0.0004736692516862638,5.9274026843386416e-05,0.015614038999305422,3.028780385459764e-07,0.03823710908097577,0.0250997685992894,0.0002673378212945455,8.533128872624494e-06,0.005186634150151289
40,0.0013012050178614868,0.5209172690542496,0.0024330217533013016,8.255121356997292e-05,0.04809752570083103,0.0015275275140457865,0.014064017227663768,3.2599801440400775e-06,0.00015859011939316924,6.606110075211969e-05,0.17333803738633272,0.0014142682842414572,0.0003353524460439403,0.023728565744920802,0.1660641044632548,1.8127690764158324e-05,0.00010924233547641193,2.0844756475255256e-05,0.011194837013547227,1.121517252656808e-07,0.019190440427860087,0.013594622540195174,5.685674271706997e-05,4.486320266123395e-06,0.0022790730143672
41,0.0017300614463092504,0.5706557852135805,0.0016128633309660245,0.00024452541895779315,0.05796689007780134,0.001907243666836899,0.023572594079170558,6.913159809006763e-06,0.0010910855378700962,0.00011132158368105234,0.16492737742605784,0.0006234387819284713,0.0005445595915081699,0.020206385276526566,0.1315457691984353,4.885009550329173e-05,0.00023940865438054233,1.6754137323681197e-05,0.005658229467305896,9.383419954998381e-08,0.007515540620095882,0.007546279720805409,8.781657628930614e-05,9.2279913182094e-06,0.002130985113339559
42,0.0021043999822922196,0.3706464726255088,0.002803898542144198,0.0001362957561992295,0.022835723629089286,0.0014260703636489315,0.03305727192987565,3.364979432929746e-05,0.0003134618381001473,0.00014525352622477635,0.1597832964858163,0.0015518433646428346,0.0007516003753768728,0.013091081511099492,0.25455054187039866,4.484375344444794e-05,0.000334772271399314,1.6621433165565044e-05,0.04018266399675728,2.1609430479222366e-07,0.03444792739418574,0.06016150907654462,8.881319549858427e-05,4.427705997853996e-06,0.0014873434839553354
43,0.0028451536846943785,0.31138685180828013,0.002015588995751878,0.00026829405869323243,0.0398524618452137,0.002200308383015759,0.041785746804479613,1.5165674467380807e-05,0.0009309414515936256,0.00047605457913791883,0.20131961713618626,0.000685650279933165,0.00040110581596274704,0.030766209750562032,0.2812930121969665,7.705886269647131e-05,0.0002987263673163842,3.393733962162913e-05,0.014547286992228466,4.176450435939256e-07,0.029034076254486178,0.034847447442102296,0.00019159174800724947,1.886419398966586e-05,0.004708430689569565
44,0.0026584352078605723,0.3907001805567379,0.0017165914141717628,0.00023928313738184688,0.036878278951095037,0.0017550629675289959,0.033871564197761855,9.69033620400725e-06,0.0004435534398529831,0.00013487995246449458,0.2578688109040242,0.0014597209807505353,0.0006092636356719893,0.028599674067578094,0.18775975621103316,5.586521600225252e-05,0.00033039238633500304,4.4949125478739954e-05,0.010988180384493946,1.8173596124723285e-07,0.022867212059160494,0.017158121233670505,0.0001651818979772667,9.739977897656846e-06,0.003675430022905367
45,0.0022148471743851862,0.3203742719070351,0.0018959858827321012,0.00026529991284207757,0.032534482883545865,0.0021177170795431835,0.04361812194214481,1.3613137035528995e-05,0.0004450822722419037,0.00013498125743770096,0.23549139844209635,0.0010410410465394504,0.0005888557597435517,0.0219881912692434,0.28215818356226585,6.807533469653907e-05,0.00031054501858645,3.050909490823687e-05,0.012388773189998571,1.9182497783989781e-07,0.02147526890008587,0.01791791392050683,0.00016225918522499517,1.0074929662822858e-05,0.002754315072519939
46,0.004535348705850454,0.31606219702149746,0.002190087061702306,0.0006352783489209157,0.011369777002625352,0.004182654912515058,0.030458520424710863,2.831203607198824e-05,0.00040874099223951814,0.00014598673924553045,0.3776324607388636,0.0035008328209952537,0.0015856758474560233,0.02326639168162229,0.15664207450912573,0.00015530370959277538,0.002560579717890201,8.366707105288562e-05,0.010565383833047554,2.1177428354327083e-07,0.031028052254134228,0.02107665971056196,0.0002609684541266905,1.651071945269189e-05,0.0016083239124152899
47,0.004613153286367947,0.649897411322727,0.0010861472718747302,5.857610386863171e-05,0.012828855691825323,0.0010889031584746113,0.0339115219134968,1.4275184526605218e-05,0.0003849152497636543,0.0001474979673418155,0.1029941834111601,0.0035224267212672854,0.0006531916264933993,0.014373160642188352,0.08215606611829425,3.4890071245886625e-05,0.0005178996423681647,6.470137326347836e-05,0.023596316721447803,1.6900211760404457e-07,0.0188996291304156,0.044308874474830194,6.338319513143763e-05,3.4096694041326967e-06,0.004780441050104928
48,0.0027838120792442367,0.46125967252164846,0.0017646500328935277,0.00022919706064500423,0.02240453913066349,0.002882683664146581,0.040886404434900714,1.831874256672367e-05,0.0004399445848338144,0.00011257053257563052,0.210506930725417,0.0017161062212310149,0.000997582437887996,0.017380518154477533,0.1793036861205929,7.995845895649535e-05,0.00056926412901306,3.363665771105184e-05,0.017113168594331866,1.646809949455585e-07,0.020261261670118585,0.016972987264004112,0.00014886288038436595,6.411045161230665e-06,0.0021276681755995055
49,0.0019778979834853107,0.4649098036614789,0.002389308592207073,0.00017629511073570834,0.03181928800697766,0.0021815323397679385,0.026662718965665223,7.799697380695051e-06,0.00025935381726930354,0.00012030663876413327,0.2150476445404004,0.002333479840402721,0.0006462782675805938,0.029382711631311873,0.15791498725220646,4.077546474139184e-05,0.0003430895706526378,4.602949743279935e-05,0.011801980662525925,1.9259440995366088e-07,0.02723247369195667,0.021779620773631363,9.766769410186252e-05,6.777777124264931e-06,0.002821985927789038
50,0.003430095960069367,0.35838975115864796,0.0014453964626361588,0.00017225267166492763,0.03751313429696019,0.0011411410311906976,0.07832557543286643,1.5632493878681047e-05,0.0007218072914776332,0.00031461924912087343,0.16071457375302192,0.0009777979726340903,0.0004668317538793254,0.03019056262213931,0.23882810770137694,5.965879387413256e-05,0.00024254738015263002,5.58181619431865e-05,0.017542953389360655,3.042552403280585e-07,0.022112164308288797,0.037983070607436505,0.00015274754741303223,9.416097143221736e-06,0.009194039607583094
51,0.002097859100831507,0.47457182723942626,0.002080925284180139,0.0003550596768533182,0.03845373893529334,0.0012212989090226091,0.023877837740975693,9.682221574578299e-06,0.0005884541707670447,0.00012495578274342002,0.26056496630386655,0.0011038351954576488,0.0007463923307592615,0.024714292962860866,0.1323410643270447,3.740563145544722e-05,0.00034636386298281637,2.708151154096624e-05,0.00557513726090484,8.613471527448322e-08,0.015514354483210754,0.013981391937334425,7.077860883573072e-05,1.038793532779583e-05,0.0015848224520352157
52,0.004595146806390717,0.1685536739712876,0.0027626174222972304,0.0007227449660925896,0.033314928370279495,0.0020303761560923526,0.030064931809058122,1.0086413810725789e-05,0.0005393072791887842,0.0003135588936108535,0.5169646054235335,0.001182415197864274,0.0008533085671810497,0.04563464274271446,0.1495008159681109,0.00011937942552447073,0.0005808746440586483,0.00012815818028913786,0.006246821604555853,3.679759301153548e-07,0.019252141147843883,0.013427796048525722,0.00021464075862106816,4.144503334810377e-05,0.0029452151937904214
53,0.002503841103519469,0.3598142013554327,0.0015213848728745222,0.00025514556824393685,0.036345265921603136,0.0017907297036478917,0.04235361821910849,1.0463535583616332e-05,0.0004993770617772788,0.00014130041201416334,0.2539308156370396,0.0013213468485533126,0.000596655602206334,0.029335856966275827,0.21470987434691519,6.277631213049068e-05,0.00032839535528311607,4.5031390940077026e-05,0.010450709263683215,1.9632218379444457e-07,0.02196791662373607,0.01766043149326908,0.00018975993086329761,1.028131956762033e-05,0.004154624833547858
54,0.0021491956572792545,0.08502642860543988,0.005701357636844006,0.0006924608683369107,0.03372299791369195,0.001177691251174996,0.012166939390793025,1.161267792798974e-05,0.00014556824485805733,8.14894153331289e-05,0.5340618608678608,0.0004630247787078305,0.0005391444055252787,0.01512345840204844,0.26099392740639366,3.8174938118489464e-05,0.00019211749108556303,2.2539689875774978e-05,0.007953822321612129,1.8229648794283367e-07,0.030684475308132588,0.008192900806858227,0.00016769786334916494,2.609466441264609e-05,0.0006648370978522792
55,0.002755320012234286,0.4609158123932617,0.0014522518586336055,0.0002053603439022878,0.03858434380932534,0.00152443056766444,0.03350966626370049,8.05746857022077e-06,0.0004602556501625653,0.00011938350286295191,0.23322010336533427,0.0019230402664697506,0.0006173374038635393,0.0295241629237773,0.14427146438324998,5.063641711963599e-05,0.0003304958689733643,5.618602952439467e-05,0.009811211998314768,1.624666615936496e-07,0.02064794824323458,0.015479478725467238,0.00014329645104759438,8.032738207434021e-06,0.004381560848436652
56,0.002544983582368457,0.4038658055758022,0.0016939493921225561,0.00023599936463879087,0.03684224079243546,0.001723436630860916,0.033630659307711516,9.598533013119602e-06,0.0004407236913879259,0.00012926227535695718,0.2645827087688642,0.001572982155592367,0.0007039788439937485,0.028838093773783376,0.1706239594521926,5.603453957850561e-05,0.0003366080175820928,4.5861549470755205e-05,0.010918229569367489,1.795420441977441e-07,0.02099461052829136,0.016586792835114144,0.00015435512727279347,9.22685111264129e-06,0.0034597193000416907
57,0.0023848734340213306,0.45637088391444697,0.002283205024570536,0.00012270847071058357,0.03714788909963663,0.001457038449306554,0.025826756406579877,1.2868165792643668e-05,0.00021088508857826016,0.00010535018012935842,0.20073233911132138,0.0032123892670257517,0.0007503531637881472,0.02193390145665783,0.14855769042305084,4.4660333115564236e-05,0.0002834752090176325,4.064733656975281e-05,0.029955979384720798,2.101638545578868e-07,0.0354418105573037,0.030418233010485667,0.00010203665487322345,3.800682221861892e-06,0.0026000150122204475
58,0.0025901970723593384,0.3527795682248241,0.001825814453657489,0.00025197305606924404,0.03401261675946283,0.001743340891113944,0.03209310525422534,9.224346060338302e-06,0.00045588558212829224,0.00014044126687132305,0.2807149662194135,0.001269344276481365,0.0005786433796967076,0.02821600641353128,0.21042212690565917,5.410317106327301e-05,0.0003264749944495502,4.191392417482754e-05,0.009955591067038812,1.86216007619837e-07,0.02145216653076481,0.01742007731091606,0.00016466319040150655,1.2855000143781808e-05,0.003468714493485237
59,0.0025294913816532264,0.33454947872357055,0.0019706647338409533,0.0002601379731089401,0.035892892949620045,0.0017066729205500529,0.029912524517136534,8.85350167714447e-06,0.0004590057646609548,0.00014799157264295303,0.28127536910449247,0.0011337742201793111,0.0005051754025396735,0.02814820682859054,0.2281235164834925,5.212020848043107e-05,0.00030182609713772684,3.9156712049956286e-05,0.009628437721048969,1.9096454206012454e-07,0.022360154360081996,0.017367461084419583,0.00016461543266864604,1.462277289598806e-05,0.003447658568918866
60,0.0026584352078605723,0.3907001805567379,0.0017165914141717628,0.00023928313738184688,0.036878278951095037,0.0017550629675289959,0.033871564197761855,9.69033620400725e-06,0.0004435534398529831,0.00013487995246449458,0.2578688109040242,0.0014597209807505353,0.0006092636356719893,0.028599674067578094,0.18775975621103316,5.586521600225252e-05,0.00033039238633500304,4.4949125478739954e-05,0.010988180384493946,1.8173596124723285e-07,0.022867212059160494,0.017158121233670505,0.0001651818979772667,9.739977897656846e-06,0.003675430022905367
61,0.0027904213057518314,0.345199568457425,0.00222650991702006,0.0002758381422692106,0.036222288579279914,0.0017583983207187757,0.029729659068702213,1.0004271142722252e-05,0.00042962659311519,0.00014467678844098082,0.27926873411765696,0.0012201915896950172,0.0005530801485519874,0.027302447242765954,0.2177417975654605,5.2510506644416704e-05,0.00032126165029659824,4.2300438645118897e-05,0.010374275868209042,1.9257798049188881e-07,0.023687904185067766,0.017238447325894215,0.0001594465605233495,1.3636618025601522e-05,0.003236782160716942
62,0.0026584352078605723,0.3907001805567379,0.0017165914141717628,0.00023928313738184688,0.036878278951095037,0.0017550629675289959,0.033871564197761855,9.69033620400725e-06,0.0004435534398529831,0.00013487995246449458,0.2578688109040242,0.0014597209807505353,0.0006092636356719893,0.028599674067578094,0.18775975621103316,5.586521600225252e-05,0.00033039238633500304,4.4949125478739954e-05,0.010988180384493946,1.8173596124723285e-07,0.022867212059160494,0.017158121233670505,0.0001651818979772667,9.739977897656846e-06,0.003675430022905367
63,0.002587762396865654,0.4135904042330736,0.0016353983017119086,0.00021847206436195104,0.036058447472063375,0.0016984891057003567,0.032725632951600324,9.141716432642288e-06,0.00044646727421721304,0.00012955369344397758,0.2473003929253485,0.001445080303678023,0.0005934480316119168,0.027445873790927427,0.18069348762485418,5.1907321948013445e-05,0.0003178241311508211,4.219022972989333e-05,0.01073741151827458,1.6783999386208771e-07,0.021635510083677378,0.01685875638420216,0.00015226807587897403,9.154169358552323e-06,0.0036167583598946786
64,0.0024228003408045895,0.3723697710899938,0.001854791273980539,0.00023747657175810527,0.03820497905694989,0.0017061198471556697,0.03168240745701816,9.584943320883556e-06,0.0003688264195549881,0.000137522457534358,0.2544626303791349,0.0013893034086705535,0.0005277060835746935,0.025989869365760806,0.20444999078338078,4.9147367400455954e-05,0.0002688260655907829,3.891007057585874e-05,0.011642801267461051,1.8875498640527686e-07,0.03134655569649105,0.01732175871977148,0.00016150136029424307,9.523779553882765e-06,0.0033470074392820876
65,0.00189592076770802,0.33433907632081855,0.002035769848264659,0.00024005139889325707,0.03286295520191372,0.0020229302607854037,0.03096185556337037,8.927713928091903e-06,0.0003419785553560157,0.00011697829672906061,0.25585002919476385,0.0010195282939384823,0.0005081928787928076,0.02447461835273058,0.2605872555082125,4.774273429362096e-05,0.00027154809442292584,2.7282763161323152e-05,0.010166421202066622,1.6098545419301638e-07,0.023306453321931053,0.016158159475572323,0.00014779335315206004,1.0216243899212448e-05,0.002598153669841209
66,0.002079681304360573,0.33608537599854077,0.0020923609992914145,0.0003134358020973562,0.055112053732162165,0.0011853906309802088,0.01827309268536927,4.609773990931581e-06,0.00029732416883361957,0.00016083870147867097,0.36816145529693495,0.0017183342226279766,0.0005722784112427153,0.044655155574150264,0.11807151363056927,4.553892408919628e-05,0.0002747215180694253,5.585407658177401e-05,0.006438424964424761,1.4202778195932337e-07,0.02728847104583561,0.014138243652378637,0.00010769543287635891,1.119455664403177e-05,0.0028568128686881234
67,0.0007102233968644428,0.17753421029820893,0.0008367166900527615,0.00019011541126534053,0.00983202674928519,0.007918904462851744,0.024497173464111063,1.731882552016848e-06,9.14110738020796e-05,0.00010904533015819935,0.34875791250640925,0.0020954736598549945,0.000359786000714891,0.0985183903056268,0.2550182895905865,5.0004748416512166e-05,0.0005541930612651912,7.008155669314026e-05,0.0036748435229826916,4.451390822169314e-07,0.04576161474197633,0.016483699205290595,0.0006011919281823644,1.6936334423819297e-05,0.0063155789393429555
68,0.003737602183955966,0.34456553457355954,0.0029370783904579625,0.0005242247392925544,0.033876965767722436,0.002521398542989489,0.05820896843592466,1.894098793097213e-05,0.0002863105701550367,0.00013103309123076124,0.3284469205120256,0.005208771727626257,0.002322187318182802,0.04931847434662357,0.094981626125023,0.00010119999153876797,0.0007734566826693919,0.00023168838635950433,0.012924799819985237,4.093416843705311e-07,0.03920908031360902,0.015128162195295225,0.0002523280193649362,7.239554842637507e-06,0.0042855983819502525
69,0.0026233946530687616,0.385843281737172,0.0017385611674982555,0.00023350369060791458,0.0349470682558971,0.0018300394983575045,0.03334552196350844,9.68863529274424e-06,0.0004029628871317994,0.00013209474356528186,0.2636051969265611,0.001535609020859143,0.0006290203178151478,0.02845266268557201,0.18736145736290655,5.561469764405603e-05,0.00033594519523109543,4.527143348002579e-05,0.011524097772285339,1.875696057980291e-07,0.02428218861815737,0.017372378426926762,0.00016729880579958976,9.474276571032978e-06,0.0035174796584852256
70,0.0026685402369949927,0.39141315463572024,0.0017114201002956572,0.00023506881237273278,0.03659530359878635,0.001734559373988216,0.03371258678562586,9.658355423798743e-06,0.0004381283703289855,0.00013418524517567736,0.25740634466539586,0.0014559142542695251,0.0006044441874193905,0.02828959871129649,0.18802788383165725,5.5037819661822744e-05,0.00032647949356157704,4.457355943451092e-05,0.011099236211292765,1.7997319347695505e-07,0.02294732076863319,0.017250876453434823,0.0001634546334701774,9.646786591260655e-06,0.003666403135975305
71,0.003580444094955173,0.4319967050698586,0.0006110344229882536,0.0002323430026932063,0.05038804007415439,0.0008995041311691491,0.033965496240576196,8.658601261158726e-06,0.0009378162657498573,0.00013910119255867146,0.2787039860701954,0.0020673911636483796,0.0006104651705507231,0.03624979985716016,0.11277320175074516,7.550442571338612e-05,0.00037076559221684734,7.503429187100878e-05,0.007593324681434151,1.6747258465283202e-07,0.01715217406035697,0.014417980992835923,0.0002651143663178152,9.235380329341604e-06,0.006876711628075496
72,0.0033554272110137835,0.3126259779399341,0.0017316831432274504,0.0011733864269062389,0.05452181499995324,0.005167775467641688,0.07243634102614355,1.2930851967774092e-05,0.0008770113704271752,0.00018735580151863282,0.34365361714049236,0.000881697331034288,0.0010796856102776716,0.018018620555594087,0.15758213565433404,0.0002807177417465188,0.0004382068464526643,6.315593862214259e-05,0.004888758535468803,1.99369717796567e-07,0.016814606398823227,0.0023865129491621633,0.00018365136067959896,2.2897152200437544e-05,0.0016158331766607092
73,0.0063813192417023715,0.3852823596921278,0.0014291073837750018,0.0004584543807153721,0.026056941742951867,0.004328070915933545,0.050602385876294995,2.0961371380062202e-05,0.0010337075060637396,0.0002231178917620433,0.31304254838940415,0.002818078068020225,0.0017544348738257212,0.042033886496370874,0.10027715197417406,0.00017876940694232495,0.0012916410943208294,0.00016056855112749004,0.014285116876009953,6.232920512552661e-07,0.025543117224928025,0.015570438985703502,0.0006818257369058551,1.8284457415938087e-05,0.006527088570092925
