,0,1,2,3,4,5,6,7,8,9,10,11,12,13,14,15,16,17,18,19,20,21,22,23,24
0,4.535683023977295e-05,8.447504888135224e-06,9.413277302158572e-08,2.292474037939263e-05,2.937062887547964e-08,2.9493718972913645e-05,0.9308404234664373,0.059233477632010076,0.00010418526707383449,2.8760454648735696e-07,7.626521307648006e-06,0.0013065893188151194,9.944709752666556e-05,4.674518063316377e-07,3.264965303050454e-07,0.0016758878363997151,1.7500681219213458e-06,0.0016470778222067491,0.0046520516477665365,1.0132381492684041e-08,8.996353906600023e-06,0.0003147922088006742,7.120414630914698e-08,8.951939655244399e-09,1.7662039474681466e-07
1,3.7244315508531307e-05,7.439522175132799e-06,8.937002514767788e-08,2.5220229144286495e-05,2.5927064921644213e-08,2.8124010090499898e-05,0.9306704188706637,0.05855286959996314,8.804140284069873e-05,2.9287296411553493e-07,6.0284046473857026e-06,0.0011975720512495032,9.335447366346205e-05,4.1480058745419394e-07,3.1442252703381307e-07,0.002064383304919793,1.8084888576041107e-06,0.0017335091234526546,0.005216691154844186,1.0310907064748255e-08,9.007445039723466e-06,0.0002668911826867282,7.512854527370705e-08,8.418012744181836e-09,1.6516961921799874e-07
2,4.4126347081604916e-05,9.7674773416496e-06,1.1221751955021302e-07,2.474704327374994e-05,3.868593796707689e-08,2.6667412436979338e-05,0.9207827969359961,0.06941515872240639,0.00010661748714116649,3.1733454259587625e-07,8.377407484076764e-06,0.0015287709544576672,9.770217610338871e-05,6.155053346933361e-07,4.0506671017543274e-07,0.0019457955018795784,2.154785508963795e-06,0.0015329714133141483,0.004135647634549066,1.3015843943797255e-08,9.662158665288764e-06,0.00032722618215257657,7.435083753994633e-08,9.822954951088324e-09,2.2436052604568221e-07
3,4.8874607878941045e-05,8.439060599949956e-06,9.97597376164153e-08,2.4392744970634704e-05,3.001651246455839e-08,2.5260047066513236e-05,0.930801081591058,0.059694111363233916,7.755709611946943e-05,2.3754203634537352e-07,7.69406653691772e-06,0.0014083897774117087,9.898071034486307e-05,4.07463435631932e-07,2.892651236742711e-07,0.00175516712630323,2.2213105888229866e-06,0.0016078718804556204,0.004154797612424526,9.37255212224744e-09,9.300795390439263e-06,0.00027454853069372546,7.145392093051024e-08,8.708424067246297e-09,1.580971801444846e-07
4,4.811635336788652e-05,8.861064992387801e-06,1.070875187226619e-07,2.511701669931349e-05,3.128449153896493e-08,2.317610084315756e-05,0.933387022474622,0.05725629721396412,8.208741469776714e-05,2.4906172438078407e-07,7.758495457193438e-06,0.0013642543218973116,0.00011447660812882969,4.763165942974874e-07,2.6555722582865233e-07,0.001577845778106308,2.105021787479473e-06,0.0017320270509684817,0.004080421546777707,1.0729881750450832e-08,1.021826298948521e-05,0.0002788425884834558,7.190731370728685e-08,9.423864966314301e-09,1.5131760175498e-07
5,4.960953348689871e-05,8.200430320836889e-06,1.0508820519982772e-07,3.057081862339872e-05,3.198986763654583e-08,2.6234402824157945e-05,0.9312012935344562,0.05865675667626794,7.777997708297494e-05,2.648952364646711e-07,7.234085115880551e-06,0.0012371972322894273,0.00010923408212623378,4.2732679184085036e-07,2.5092666214620143e-07,0.001674532784152991,2.204072443306858e-06,0.002196324905148055,0.004466039829799904,1.079186716672132e-08,1.03954173969659e-05,0.0002450729487692259,8.842277623769158e-08,9.620229312654581e-09,1.3020805956457033e-07
6,4.8874607878941045e-05,8.439060599949956e-06,9.97597376164153e-08,2.4392744970634704e-05,3.001651246455839e-08,2.5260047066513236e-05,0.930801081591058,0.059694111363233916,7.755709611946943e-05,2.3754203634537352e-07,7.69406653691772e-06,0.0014083897774117087,9.898071034486307e-05,4.07463435631932e-07,2.892651236742711e-07,0.00175516712630323,2.2213105888229866e-06,0.0016078718804556204,0.004154797612424526,9.37255212224744e-09,9.300795390439263e-06,0.00027454853069372546,7.145392093051024e-08,8.708424067246297e-09,1.580971801444846e-07
7,6.256795394587765e-05,7.686086621276523e-06,9.993238293256785e-08,2.4151291553978862e-05,2.4067775426939617e-08,2.4200991396368068e-05,0.9348982115379181,0.05606652655466007,6.39157809524984e-05,2.0166265291241302e-07,8.865976344915516e-06,0.0012331711482125604,0.00013873242195385171,3.197998283185258e-07,2.6698210771172747e-07,0.001354241713407499,1.874439246983535e-06,0.0016681937250072306,0.004138741006165021,9.093241775331431e-09,8.442607283623011e-06,0.000299380521457717,5.595043787620233e-08,7.124883572338847e-09,1.1163056202371412e-07
8,0.00013155267069154956,1.887124353114144e-05,3.110807216572462e-07,5.1039896267754157e-05,7.063593964195954e-08,3.5040344985796945e-05,0.8920498674364556,0.09419904223309386,0.00015851559296335598,5.776357713479536e-07,1.2400719186860127e-05,0.0029905203754258085,0.00016076222093587499,1.0214487553754832e-06,5.42066439789024e-07,0.003346918015764427,4.87854207983381e-06,0.002254368583095385,0.004112895320600563,1.7911791303857454e-08,1.2359489758134077e-05,0.00045777925009137427,1.5293314798063875e-07,2.825822233789911e-08,4.6609428346489164e-07
9,7.064821372580961e-05,2.466497674075328e-05,2.888810961170982e-07,5.2028199448106126e-05,6.235787726034627e-08,3.115587996901224e-05,0.8580588207221103,0.12561795444994742,0.00018260167370381377,1.0451663494720428e-06,9.845054486603244e-06,0.002325688773462723,0.00016092047154720064,1.66548591832239e-06,5.399019646105161e-07,0.004131589222926046,4.158580742782088e-06,0.002711915118302091,0.006087182025558123,2.498686670716309e-08,1.6276009027435088e-05,0.0005102599403078395,1.377005513328214e-07,2.4255820115337404e-08,5.019515501640469e-07
10,4.8874607878941045e-05,8.439060599949956e-06,9.97597376164153e-08,2.4392744970634704e-05,3.001651246455839e-08,2.5260047066513236e-05,0.930801081591058,0.059694111363233916,7.755709611946943e-05,2.3754203634537352e-07,7.69406653691772e-06,0.0014083897774117087,9.898071034486307e-05,4.07463435631932e-07,2.892651236742711e-07,0.00175516712630323,2.2213105888229866e-06,0.0016078718804556204,0.004154797612424526,9.37255212224744e-09,9.300795390439263e-06,0.00027454853069372546,7.145392093051024e-08,8.708424067246297e-09,1.580971801444846e-07
11,4.906392013075225e-05,8.2013222046529e-06,9.908762631111817e-08,2.468185112447915e-05,3.010771534462733e-08,2.4221578665864728e-05,0.9361944764725918,0.05444712035396768,7.614780285418532e-05,2.233184322405461e-07,7.686168579783585e-06,0.0014031295170314866,0.00010991573733411041,3.987910787318449e-07,2.8158389002084367e-07,0.0016815271939675932,2.159794690322918e-06,0.0015945441929731594,0.004091277618103201,1.0039171909412634e-08,9.361947824267593e-06,0.0002752089805626952,7.13506844376118e-08,9.434358495449458e-09,1.5183443629649928e-07
12,5.033173284511083e-05,8.582208275126133e-06,1.1006704499993251e-07,2.3035371607874296e-05,3.5539653693319626e-08,2.5867448877914346e-05,0.9316496362746703,0.059129283738451034,8.354468330783102e-05,2.441953801346795e-07,8.299240539426476e-06,0.001504244717007501,9.729417987658733e-05,4.6020047224455236e-07,2.914310597854713e-07,0.0017555276891738627,2.394070421221362e-06,0.001605945187256368,0.0037666220248068188,1.0399042963290388e-08,9.954555279150314e-06,0.0002780189174665666,7.659809283697053e-08,9.74005072528e-09,1.7978934015627494e-07
13,6.597472241034747e-05,1.1429900929520874e-05,1.4273883544975083e-07,1.5305117742726447e-05,4.571378580229491e-08,1.654268086662166e-05,0.8944581192459412,0.0960481650587152,8.598384001019284e-05,1.829561462900226e-07,2.1563565628669984e-05,0.0031448531448372424,0.00012010119303301302,8.385066776867788e-07,3.958949433920568e-07,0.0014534611511705317,2.6385688644892134e-06,0.001208145678654775,0.0028731138487437706,1.195101817358065e-08,1.1537866216432795e-05,0.0004611071091975009,4.017743998376399e-08,8.901762486391898e-09,2.904664285480844e-07
14,5.499717698003071e-05,3.4465325654931187e-06,8.213646046262509e-08,1.5841706130755508e-05,1.719546627183487e-08,3.409335781871431e-05,0.928576668994156,0.0636953911762791,8.085425225902635e-05,1.3777360848501962e-07,5.3087391930238735e-06,0.0019509735451379109,5.3281176222001415e-05,2.3790808515068187e-07,4.027903959108788e-07,0.0023235609835595868,1.5082231535721598e-06,0.000896777328643308,0.002060586276968986,6.555290912334862e-09,3.4949009481305077e-06,0.00024204489291780322,6.03298251997606e-08,6.180453715365142e-09,2.1986748061471033e-07
15,4.8874607878941045e-05,8.439060599949956e-06,9.97597376164153e-08,2.4392744970634704e-05,3.001651246455839e-08,2.5260047066513236e-05,0.930801081591058,0.059694111363233916,7.755709611946943e-05,2.3754203634537352e-07,7.69406653691772e-06,0.0014083897774117087,9.898071034486307e-05,4.07463435631932e-07,2.892651236742711e-07,0.00175516712630323,2.2213105888229866e-06,0.0016078718804556204,0.004154797612424526,9.37255212224744e-09,9.300795390439263e-06,0.00027454853069372546,7.145392093051024e-08,8.708424067246297e-09,1.580971801444846e-07
16,5.22593540501469e-05,9.204895691165267e-06,1.0430161640624482e-07,2.303744599363561e-05,2.800214160392972e-08,2.136079554322171e-05,0.9200533333094884,0.07001919587105412,8.097181649466187e-05,2.412608645794061e-07,8.923512347875723e-06,0.001765646766944265,0.00010319858467722074,5.26003481529146e-07,3.190155746684197e-07,0.0017302029581693396,2.170621435962103e-06,0.001654389513101498,0.004148146074338762,9.040517081909541e-09,9.350106972274766e-06,0.00031714276959130504,5.770609831351886e-08,7.756730771546621e-09,1.7251708116565456e-07
17,4.606162301726487e-05,5.8440916227257835e-06,1.0183731279600878e-07,1.5685786495888212e-05,3.477953780363714e-08,1.5135428407566156e-05,0.9575230484871678,0.0360907149273106,6.962089054920499e-05,1.1626668748574933e-07,7.958598015074947e-06,0.0014398687215571096,9.953086217009698e-05,4.6051288365204704e-07,1.254383408620427e-07,0.0008498408794726545,1.8728612883634503e-06,0.0015296463140404733,0.0021071169010599506,8.519237696626155e-09,1.1373695880551908e-05,0.00018563854525492938,6.701955974808332e-08,1.0271463322938435e-08,1.1674166621825908e-07
18,3.720129569555764e-05,9.014200423872755e-06,1.2291871922858092e-07,1.314520465027379e-05,2.7799163294970577e-08,1.8114988457522626e-05,0.9362152364100682,0.054184474014208964,7.845695883687372e-05,2.2991798945324807e-07,7.125200241947016e-06,0.0020858820623294557,7.886171664574527e-05,6.640283838508082e-07,2.705517084722128e-07,0.002381339399988281,2.7752718711870758e-06,0.0012805849216302098,0.0033310352053303556,1.0536093491144036e-08,1.2338597302914279e-05,0.00026268485754549567,7.028935961364383e-08,1.1159437441114223e-08,3.224939182768805e-07
19,3.509064042312412e-05,9.2070954655927e-06,8.148711849909121e-08,3.3943976669252604e-05,3.697925982163488e-08,3.200543774033501e-05,0.940523580941057,0.05020268655410449,0.00011145049759558892,3.12670728443793e-07,5.348367664211028e-06,0.0013822068642008402,9.026648188572302e-05,4.0783085575769823e-07,3.664296793817425e-07,0.0018190329586856683,1.814993488277388e-06,0.0012385865336166759,0.004220881210228577,1.009214808210535e-08,6.249589591222258e-06,0.00028618243272559923,7.290094307357223e-08,9.669408194343871e-09,1.673647164275171e-07
20,4.838671820216253e-05,1.0218190124905809e-05,9.297749130017055e-08,2.7625394714767917e-05,3.046636609285419e-08,2.695489979421869e-05,0.9120412016732368,0.07783938375931528,9.766422096669236e-05,3.13473089486378e-07,9.268678934490171e-06,0.0012123025946455196,0.00013207196531571497,5.338613151952097e-07,3.474371944782153e-07,0.0014147051200372564,1.7977532282254e-06,0.0017197212202663087,0.0049777620252352715,1.1895859333393797e-08,9.598882165551019e-06,0.0004298075730678762,5.704474457571686e-08,7.428347803960356e-09,1.3474634064398295e-07
21,6.884210863071238e-05,8.862857952592579e-06,1.8632798770934298e-07,2.432148912180474e-05,3.3535212854917226e-08,1.5821458135192556e-05,0.9265342176799483,0.0630790306649772,6.793525239460296e-05,2.2821354424364582e-07,8.463993429318182e-06,0.0021396130020932902,0.00012848645274039143,6.752422626668449e-07,1.9207593932564115e-07,0.0021702885035761216,3.224720234675285e-06,0.00247828985992315,0.003037764915433338,1.249582941259697e-08,1.395946323632583e-05,0.00021924374611741626,9.099301640300679e-08,1.3743555730306206e-08,2.012047071554341e-07
22,7.675900364459874e-05,1.0975808107148109e-05,1.6420694296503817e-07,3.0055491077823238e-05,3.0126149927424334e-08,3.0487368257654024e-05,0.8819670644698385,0.10515607692418447,5.560884428811115e-05,3.872616856654281e-07,1.0166992152703861e-05,0.001287049810756425,0.0001206214606831882,5.13511111908524e-07,2.3900649953994944e-07,0.0022027359680094104,4.483658478647486e-06,0.0031988569297335015,0.005498681223381234,1.1429648787188457e-08,1.7281567955127057e-05,0.0003314994549882564,1.057037402658916e-07,7.714099189370812e-09,1.3606458504127838e-07
23,4.8874607878941045e-05,8.439060599949956e-06,9.97597376164153e-08,2.4392744970634704e-05,3.001651246455839e-08,2.5260047066513236e-05,0.930801081591058,0.059694111363233916,7.755709611946943e-05,2.3754203634537352e-07,7.69406653691772e-06,0.0014083897774117087,9.898071034486307e-05,4.07463435631932e-07,2.892651236742711e-07,0.00175516712630323,2.2213105888229866e-06,0.0016078718804556204,0.004154797612424526,9.37255212224744e-09,9.300795390439263e-06,0.00027454853069372546,7.145392093051024e-08,8.708424067246297e-09,1.580971801444846e-07
24,4.289084046724923e-05,1.2899829579774033e-05,1.0275325561784138e-07,4.014217861307487e-05,3.165369071543592e-08,2.447955541419222e-05,0.9132423054640835,0.07441846288245083,8.347803192924465e-05,3.8467989371177815e-07,6.871656995970561e-06,0.0012126360208575496,0.00011380443131102205,5.413265478006521e-07,2.928259833516919e-07,0.0019206213756170901,2.557963604091927e-06,0.0022020079392253158,0.006364316585690744,1.0330914472593332e-08,1.176814385132705e-05,0.0002991637352530383,8.4560777503886e-08,9.147337429253728e-09,1.3608665543057441e-07
25,3.52770442042289e-05,4.529840725134927e-06,8.707546672104597e-08,1.5663152304570955e-05,2.510279823050471e-08,1.6186827922664014e-05,0.8998697741341415,0.09299776425592893,4.1459074517306256e-05,1.2719474584051722e-07,9.39280994412761e-06,0.0013347624536944262,7.642197082703694e-05,4.1682500319457425e-07,1.1901854459772998e-07,0.0011028126429897497,1.8264307686747435e-06,0.0021106844525186005,0.00218918019037165,9.672877310026735e-09,1.0898857522427725e-05,0.00018244380923470815,5.070165152690935e-08,4.392602104162898e-09,8.206869481201366e-08
26,8.252316427161958e-05,7.950193551116905e-06,1.5850022742605344e-07,3.672757042264168e-05,5.585706484168346e-08,3.2460301233232136e-05,0.949364006875187,0.04086729417756387,0.00012457455541907848,2.65888153569667e-07,7.90396208734618e-06,0.0013708462594762825,0.00012500784206479393,4.865671702423273e-07,2.2501398704957238e-07,0.0015569003032907783,2.5178336864743942e-06,0.0026869780438836272,0.0035055397202998816,1.2801616952970201e-08,1.1723806739644746e-05,0.0002154773597651636,1.6726167383953216e-07,2.2083753743202357e-08,1.7405740989933576e-07
27,5.2582173413818616e-05,8.966396667292365e-06,8.643006579255521e-08,2.9676276439494564e-05,3.3688742749183604e-08,4.036788242820994e-05,0.9198703999513866,0.06984067643229822,0.00013898296379460332,3.189770527156923e-07,8.24365832279884e-06,0.0014144633529372817,0.00010322468914230488,4.401593073813239e-07,4.5345848625015323e-07,0.001691393848973114,1.5979941594904675e-06,0.001460387960395891,0.00488889682809214,1.025868459724524e-08,6.845452644272742e-06,0.0004416896112646791,6.837226795732895e-08,9.242546479646779e-09,1.8394048573875318e-07
28,4.8874607878941045e-05,8.439060599949956e-06,9.97597376164153e-08,2.4392744970634704e-05,3.001651246455839e-08,2.5260047066513236e-05,0.930801081591058,0.059694111363233916,7.755709611946943e-05,2.3754203634537352e-07,7.69406653691772e-06,0.0014083897774117087,9.898071034486307e-05,4.07463435631932e-07,2.892651236742711e-07,0.00175516712630323,2.2213105888229866e-06,0.0016078718804556204,0.004154797612424526,9.37255212224744e-09,9.300795390439263e-06,0.00027454853069372546,7.145392093051024e-08,8.708424067246297e-09,1.580971801444846e-07
29,4.8874607878941045e-05,8.439060599949956e-06,9.97597376164153e-08,2.4392744970634704e-05,3.001651246455839e-08,2.5260047066513236e-05,0.930801081591058,0.059694111363233916,7.755709611946943e-05,2.3754203634537352e-07,7.69406653691772e-06,0.0014083897774117087,9.898071034486307e-05,4.07463435631932e-07,2.892651236742711e-07,0.00175516712630323,2.2213105888229866e-06,0.0016078718804556204,0.004154797612424526,9.37255212224744e-09,9.300795390439263e-06,0.00027454853069372546,7.145392093051024e-08,8.708424067246297e-09,1.580971801444846e-07
30,4.8874607878941045e-05,8.439060599949956e-06,9.97597376164153e-08,2.4392744970634704e-05,3.001651246455839e-08,2.5260047066513236e-05,0.930801081591058,0.059694111363233916,7.755709611946943e-05,2.3754203634537352e-07,7.69406653691772e-06,0.0014083897774117087,9.898071034486307e-05,4.07463435631932e-07,2.892651236742711e-07,0.00175516712630323,2.2213105888229866e-06,0.0016078718804556204,0.004154797612424526,9.37255212224744e-09,9.300795390439263e-06,0.00027454853069372546,7.145392093051024e-08,8.708424067246297e-09,1.580971801444846e-07
31,7.088382663066041e-05,9.287390497063326e-06,1.4382396360000995e-07,2.3879441323423823e-05,2.3491833426380013e-08,2.238884363827741e-05,0.8839524430705782,0.10544263933487132,5.571385169212845e-05,2.631110744245046e-07,9.061776345595624e-06,0.001581246345648689,0.00010942576122280298,4.7422947070800923e-07,2.1816178566557758e-07,0.002206113007376514,3.099035305120467e-06,0.002420916403846606,0.0037874428856069097,1.0021941683076434e-08,1.1840756356827144e-05,0.0002922552299465746,7.490755459213763e-08,7.142097901931096e-09,1.481493914502338e-07
32,4.5330236544572715e-05,8.213509936685526e-06,9.244968249595015e-08,2.514509233729686e-05,2.8799565499922935e-08,2.5804903285305866e-05,0.9328175791365497,0.057190809906063754,7.450551444296463e-05,2.370494496493819e-07,7.475015997986793e-06,0.0013324819629772066,9.909919580267416e-05,3.8458525407711803e-07,3.03926579662804e-07,0.0017858824851460496,2.216295682474718e-06,0.0016148982396261306,0.004686119609436117,9.391210941818482e-09,9.569347528458074e-06,0.00027357893709159737,7.34339259911197e-08,8.642241753973636e-09,1.5233364096246288e-07
33,4.833610108503986e-05,8.645656505495897e-06,1.0354745586348794e-07,2.4582457392070104e-05,3.1797033937869486e-08,2.7359840462151074e-05,0.9307919558063787,0.0596098588135552,8.753762572925117e-05,2.6469898769908775e-07,7.624508512482155e-06,0.0013669740174968481,9.63434327405835e-05,4.391680571225056e-07,3.1779122271877583e-07,0.0017782799724058447,2.1489784160480667e-06,0.0016030587900167559,0.004256261937350273,9.858271223376616e-09,9.344646656989045e-06,0.00028026253514100983,7.571549706356887e-08,9.02702460632612e-09,1.7327660512207631e-07
34,4.873960866812332e-05,8.449649008848017e-06,9.972703216209889e-08,2.4378887724191587e-05,3.001842060762731e-08,2.524236673244466e-05,0.9307616180378335,0.0597322093312088,7.754060189153987e-05,2.3788311765071862e-07,7.68216866377444e-06,0.0014089196685109849,9.884445113597853e-05,4.079562404506945e-07,2.8914250629795294e-07,0.0017581787711011799,2.2237126420637336e-06,0.0016062515370124334,0.0041546290792191555,9.377162710809872e-09,9.302610061561915e-06,0.000274476942156065,7.144267807887611e-08,8.707347923220725e-09,1.5832192345879825e-07
35,2.8448433957132634e-06,2.0625765000562568e-05,1.1165876416678065e-07,2.278085741203839e-05,3.450090925139784e-07,9.800730143733778e-06,0.9901106702551026,0.0063763424762393805,0.00010155632753993664,2.4252089139458504e-07,4.3081296982590475e-06,0.0005928516056263785,3.9158934060296354e-05,1.78707666313442e-06,8.992591186206587e-07,0.0005783717375865942,3.003730132914705e-06,0.00013412277368082486,0.0019221010243443209,2.8154594328105418e-08,2.455462734500764e-05,5.2579403021835725e-05,1.8303845556937868e-07,2.371030896615177e-08,7.063517810614963e-07
36,4.8981582163864795e-05,8.39962546139929e-06,1.0015602900332945e-07,2.4299188917444346e-05,3.042195406408389e-08,2.5213648566645465e-05,0.931767490320555,0.058796896404688964,7.744230497689925e-05,2.3447995153487743e-07,7.7578796629562e-06,0.0014058850633946894,9.900737792065219e-05,4.061720221670114e-07,2.882163430529686e-07,0.001733057985987622,2.2163783092440853e-06,0.0016018017415165334,0.0041196844769362225,9.38306682328384e-09,9.366567257130044e-06,0.0002711915763085466,7.19484354461816e-08,8.814907937023617e-09,1.5828466617168225e-07
37,1.5983192290706984e-05,1.546193165677812e-05,3.180660042959559e-08,3.249346874759048e-05,1.988302480259463e-08,6.531170381036422e-05,0.7952728850440466,0.18463809355565713,7.376119917305845e-05,5.682158707135586e-07,7.188319567867657e-06,0.0011838792483585972,3.838014151079607e-05,2.747552919943182e-07,1.5314381134604754e-06,0.004119101584289661,2.539344606723404e-06,0.000637104410938709,0.013206404549666439,6.547892150379317e-09,4.764487154436522e-06,0.0006839307958407937,4.329862790874825e-08,2.3305082519224433e-09,2.387467540730519e-07
38,3.9121389703312514e-05,5.08772091581673e-06,6.647502202368033e-08,2.1702914926006207e-05,1.8327472814841487e-08,2.9151187599668272e-05,0.9438646373383377,0.046717094246464086,5.0947879458059585e-05,1.8174474760809236e-07,5.293142106517325e-06,0.0009223386143470389,8.182511815085535e-05,2.0941841058184317e-07,2.5638424036077976e-07,0.0017423882734854625,1.8283492125706579e-06,0.0016137982047070053,0.0046897168466169216,7.358800665531553e-09,7.736325476621722e-06,0.00020641848365232187,7.042211944201577e-08,5.8267569512885085e-09,9.800726975444848e-08
39,5.4085223662481996e-05,1.463892349291311e-05,1.2428532613733037e-07,3.3879426430028914e-05,4.874117425104139e-08,2.3501269447522228e-05,0.9427461872300689,0.04646871509202101,0.00013834689375317238,3.653946866724754e-07,8.461333598782256e-06,0.0014103639106786028,0.00013568240479972906,6.730138981579348e-07,4.242160093292108e-07,0.0016052084071587769,2.1688483659096527e-06,0.0016549222826409739,0.005360162246497723,1.2104340033943075e-08,1.0405844947568279e-05,0.00033131163583736983,8.044807744332887e-08,1.4211257819642001e-08,2.1661182907504907e-07
40,6.37053170998061e-05,7.805623098179531e-06,1.1648429285778823e-07,1.625646213121399e-05,3.554290977908246e-08,2.4465171090727113e-05,0.9478920878950677,0.04471323127704159,8.418765724944536e-05,1.5834207579360982e-07,9.537609753990206e-06,0.002036891741989385,9.810598613812909e-05,3.8607259759052407e-07,3.497386969405909e-07,0.0014001696670222965,2.1438363209489113e-06,0.000905178694132303,0.0024308588062190023,8.49074689713165e-09,6.914088452224283e-06,0.0003071242221642877,5.239299555009062e-08,8.92896926510932e-09,2.1995174402972382e-07
41,7.708673988610899e-05,8.688725106420112e-06,1.0658012447762619e-07,5.879432197094989e-05,6.485682634897036e-08,6.99962119431516e-05,0.9136738600842286,0.07608193179144623,0.0001950557295267011,3.91119319070544e-07,1.009131674113669e-05,0.001680435463975085,8.374554949157725e-05,3.895547442541603e-07,9.606146520726517e-07,0.0017496334395981062,1.6221557674330385e-06,0.0013753526622119526,0.004548485723746197,9.790820009168636e-09,4.47354556049527e-06,0.00037850256676964355,9.42668521943035e-08,9.920199917872158e-09,2.1726849169449414e-07
42,4.081608532486653e-05,9.324458553405619e-06,5.766116098663703e-08,2.6697438050134224e-05,2.108026557249362e-08,3.50934962635692e-05,0.9065997172169459,0.08094159151963093,6.454247024410488e-05,2.5152132068848256e-07,7.246643715445621e-06,0.0014295526131253235,0.00010651887337007114,2.3027529615055153e-07,4.3864501037935745e-07,0.0025666816282422563,2.3814503140225492e-06,0.0010900040407201786,0.006533622801738106,8.395016859938107e-09,6.016724285674515e-06,0.0005389994233021477,4.353951092411453e-08,5.726868799824158e-09,1.3627172345116508e-07
43,5.4175881809134015e-05,7.991176595351986e-06,1.0150731990826769e-07,2.0719677980075916e-05,2.9074152599456772e-08,1.781773965497159e-05,0.9426146567403797,0.04898963773291812,6.605116239481283e-05,1.5954787561055743e-07,8.016992335125488e-06,0.0016658690937676733,0.00010185091850598105,3.801863638119883e-07,2.2390152491210065e-07,0.0015236203618779782,2.2599147803428696e-06,0.001480071675302404,0.003207257755094525,8.021238054631396e-09,8.773701967959494e-06,0.00023010478743974377,6.23958175821793e-08,9.208069964988382e-09,1.5084483340359055e-07
44,4.8874607878941045e-05,8.439060599949956e-06,9.97597376164153e-08,2.4392744970634704e-05,3.001651246455839e-08,2.5260047066513236e-05,0.930801081591058,0.059694111363233916,7.755709611946943e-05,2.3754203634537352e-07,7.69406653691772e-06,0.0014083897774117087,9.898071034486307e-05,4.07463435631932e-07,2.892651236742711e-07,0.00175516712630323,2.2213105888229866e-06,0.0016078718804556204,0.004154797612424526,9.37255212224744e-09,9.300795390439263e-06,0.00027454853069372546,7.145392093051024e-08,8.708424067246297e-09,1.580971801444846e-07
45,0.0002109568708872466,7.919326349642291e-05,9.662053734517816e-07,2.6685781629363013e-05,6.928751326027068e-08,1.2893474934822723e-05,0.836881916478771,0.14103366571669437,0.00012730436110488087,1.1122970704541717e-06,2.477751287979641e-05,0.004973354531374975,0.0002659790984708477,5.542049792421345e-06,1.979613128415645e-07,0.003920085734084587,1.7692494477819408e-05,0.005957925594031535,0.005750177768155692,2.0472079231659274e-08,7.960380031445962e-05,0.0006286976713403853,1.9875719873800653e-07,4.363544197438458e-08,9.39181569191679e-07
46,8.447565106653806e-05,1.0010179042225394e-05,1.099865986674422e-07,2.6913178021544247e-05,2.6178423469621407e-08,2.178197095949912e-05,0.9199578070973237,0.06836374455396073,2.586752609869467e-05,1.3920294309740404e-07,9.13423242092611e-06,0.002528647459804489,0.000105701127822417,1.787555463361135e-07,3.0730145846912147e-07,0.003530080473374641,8.085202522079537e-06,0.0011381434676326827,0.003865633369197346,6.7579353668881356e-09,8.215807248048243e-06,0.0003147539710300625,6.843531103902476e-08,8.569975762857528e-09,1.5954428218344995e-07
47,4.5790037645795715e-05,7.880790968451141e-06,9.941754358885661e-08,2.5219021583950793e-05,3.136824206211889e-08,2.6237901715538866e-05,0.9308562702047476,0.0596826476444724,7.92722581690803e-05,2.4469274183999833e-07,7.588478719610514e-06,0.001291353133834531,9.267119709318302e-05,4.203412309191686e-07,2.904737855907954e-07,0.0016706362469967877,2.1417993965307635e-06,0.0016881933267003533,0.004259419485965315,9.483568711506996e-09,9.879255500823947e-06,0.0002534637822886922,7.781098355575224e-08,8.566857123772326e-09,1.532792480145495e-07
48,2.6616794143605745e-05,2.9264158978235277e-07,6.728385724827201e-08,3.0578075010098893e-06,1.181944969256312e-07,3.168654230786744e-05,0.9923208127950243,0.004041576400849235,0.0004513236939972954,1.643238355229851e-08,1.0833378769844724e-05,0.00196357556768218,3.0054827204154167e-05,2.91131272713136e-07,1.8985006633795034e-07,0.0002467955905288484,9.559717866231463e-08,0.0005423830760093361,0.0002893148905529734,1.1144033877371167e-08,3.1929024676336574e-06,3.712307852613392e-05,7.905688446524213e-08,4.260108103169658e-08,4.4872159090662204e-07
49,5.077701686567385e-05,6.701148724989275e-06,9.536575507102711e-08,2.0909585123159075e-05,2.9754727819904536e-08,2.895439559791138e-05,0.9318166667912222,0.05998368167021554,7.44776517384373e-05,1.9031107031292108e-07,7.94157837148372e-06,0.0016079954831401775,9.134369163529185e-05,3.3897281617051236e-07,2.4152537436566e-07,0.00157396669253442,1.945283010962437e-06,0.0014820594790070337,0.0029810798892914657,9.17822865134982e-09,7.397396228801568e-06,0.00026297873979200514,6.459886717152526e-08,7.879291022271385e-09,1.45921369824831e-07
50,0.00012354132183199062,5.86696595066543e-06,1.058177271038408e-07,2.393410147856323e-05,7.01736654193144e-08,2.799246282292617e-05,0.9612299181737495,0.029002710131456683,6.81224052838658e-05,7.086232810205234e-08,1.4836168689144772e-05,0.002537310065750449,8.528969829025261e-05,1.7798315498675785e-07,3.4244420462476736e-07,0.00213948557240929,3.967667585385919e-06,0.0015937451941785419,0.0029539991328830467,7.737637554351263e-09,9.281220083354874e-06,0.00017880654141789575,1.4668995319332345e-07,2.947186816344839e-08,2.419955992784162e-07
51,4.4834047644319484e-05,5.460546738581693e-06,8.656409700567102e-08,1.822630673434726e-05,2.7988099758817964e-08,2.559425275092662e-05,0.9474806127829065,0.044418301477831136,6.708813671775495e-05,1.6459879295113824e-07,6.8978733286818694e-06,0.0012780319108508826,8.125139217309714e-05,3.0253353261411757e-07,2.375176393846167e-07,0.001578576758980201,2.0225600884279155e-06,0.0014406604064713957,0.003331368982328462,8.264338599158867e-09,8.73979583427127e-06,0.00021127628311496793,7.50934720624963e-08,8.593112643444764e-09,1.4533242095734642e-07
52,7.302866922559926e-05,1.1916280151165862e-05,1.1171638668013236e-07,5.5710987511176124e-05,2.7922504726407666e-08,5.653850815651045e-05,0.8513794448504777,0.12742620016387332,0.00012246812603406196,8.565973818924856e-07,9.139375866141815e-06,0.0010547109950036064,0.00015764877639690576,5.355848726008555e-07,5.906793094845888e-07,0.002968882201386638,2.3771784862242507e-06,0.004061211602459194,0.012008162914162613,1.525697510609158e-08,1.0343779038161646e-05,0.0005998273375340437,9.906349913177136e-08,8.11337571665385e-09,1.433199317535357e-07
53,0.000981989342211231,0.0008154889566877145,2.057729835981796e-06,0.0008802199003537604,3.310088321139858e-07,8.837489495194159e-05,0.21102289935905097,0.5585724239527967,0.0003262843179444226,5.6050115434416725e-05,8.473100914834621e-05,0.0016612644560757396,0.0017694665864766363,8.123443694893741e-06,4.772073586051434e-06,0.012389094165467475,6.11062933925374e-05,0.020167655484455115,0.18041117877653265,8.590508327720981e-08,0.00012129198358937958,0.010573712944842639,3.706183362055758e-07,1.110984279127735e-07,9.155827919495461e-07
54,7.080794707721035e-05,2.9740416770135387e-06,6.758585591038227e-08,3.365720749196786e-05,2.4181925479675205e-08,3.507987537664742e-05,0.9491826272242064,0.0417354597748145,3.025449310417556e-05,9.687656119363933e-08,8.681241173428778e-06,0.0004706228955592328,0.00010849016870224892,1.1471277107365028e-07,1.079398321550608e-07,0.0005912415322395928,1.9001832159772033e-06,0.0032480977819742884,0.004326428268319756,5.49565910364126e-09,1.3318500798559862e-05,0.00013980369598036034,1.0839043942002644e-07,5.102193484045134e-09,2.488305100621126e-08
55,6.946455398532654e-05,4.1357549587204804e-05,2.2532891559592341e-07,5.9099326403112605e-05,3.311851023853766e-08,4.43630192793208e-05,0.7017895450208937,0.26640382588744704,7.138576887515522e-05,2.3483769604294784e-06,1.082725170828556e-05,0.000660504990749451,0.00017896129533406327,1.0420406417998414e-06,9.746335024453146e-07,0.005156062845492384,8.845367810647037e-06,0.003309784142589518,0.021140738275318517,2.2623024226904166e-08,3.0411291684128437e-05,0.0010198326871517574,1.150486612631726e-07,6.294734108493249e-09,2.2326074014933462e-07
56,4.9340031057249144e-05,8.315582804026922e-06,9.94391936728487e-08,2.4413339054033345e-05,2.9876233454779573e-08,2.48036399945212e-05,0.9334248970149324,0.05721067430929544,7.691790546840916e-05,2.2928567562939545e-07,7.726278795650423e-06,0.0014028903476269365,0.00010404232439427509,4.0282718437311147e-07,2.8075846043438847e-07,0.0016828818467597957,2.175867017734024e-06,0.0016120195706640732,0.004084050459576035,9.60892882549008e-09,9.285287598065422e-06,0.0002742813926821445,7.126176082559855e-08,8.944780599719698e-09,1.5280006136532425e-07
57,3.4619684278084345e-05,9.922512447586112e-06,8.034640041583177e-08,2.1037568852129245e-05,2.2449725009516102e-08,1.8826099541252874e-05,0.9380776773248217,0.05064562324419878,5.888690114765969e-05,2.123923480697973e-07,7.05644558151751e-06,0.0015174722967076105,0.00011741561038132772,3.757845879778718e-07,2.596346686425693e-07,0.002012670613615098,2.3856684246102306e-06,0.0013687463141527233,0.0057943556837084485,8.937827037590487e-09,1.1122156939741567e-05,0.0003010014674535432,5.5383820595317695e-08,8.795999066677571e-09,1.5668237121856404e-07
58,4.730432206643396e-05,8.119318774840823e-06,9.955373104668451e-08,2.516794567812803e-05,3.522170149588342e-08,2.4607901988211694e-05,0.9451205846974697,0.04564043933421765,8.452572871724516e-05,2.1301316495900942e-07,7.774070194399686e-06,0.0014555627120881604,0.00011011210462617723,4.083077729679263e-07,2.879874373876707e-07,0.0016342339042391435,2.0981444832877832e-06,0.0015479411786006494,0.004025139199269428,1.067820501718628e-08,9.710214596622048e-06,0.0002553633844217818,8.048286456082432e-08,1.2003047700576969e-08,1.685906427804004e-07
59,4.886922895590117e-05,9.002428893700594e-06,1.1196943008554382e-07,2.520931709441693e-05,3.672030221868831e-08,2.5322945820780615e-05,0.9393342054691429,0.051081088439667785,8.603970269010679e-05,2.473176846710391e-07,7.824212145274324e-06,0.0014706198700580437,0.00010775117280062765,4.566295502971937e-07,2.888490041888739e-07,0.001804454052259775,2.38019968416715e-06,0.0016245575832264858,0.004093620842615236,1.108226256183663e-08,1.0637623143029818e-05,0.00026698224009208117,8.467111851605474e-08,1.2037382959471335e-08,1.8539497408509866e-07
60,4.8874607878941045e-05,8.439060599949956e-06,9.97597376164153e-08,2.4392744970634704e-05,3.001651246455839e-08,2.5260047066513236e-05,0.930801081591058,0.059694111363233916,7.755709611946943e-05,2.3754203634537352e-07,7.69406653691772e-06,0.0014083897774117087,9.898071034486307e-05,4.07463435631932e-07,2.892651236742711e-07,0.00175516712630323,2.2213105888229866e-06,0.0016078718804556204,0.004154797612424526,9.37255212224744e-09,9.300795390439263e-06,0.00027454853069372546,7.145392093051024e-08,8.708424067246297e-09,1.580971801444846e-07
61,5.38202174750253e-05,8.633548636245223e-06,1.1952469015297086e-07,2.598409465799741e-05,3.781428965608579e-08,2.5954806554158987e-05,0.9389782266642498,0.05150500736118248,9.077923744998306e-05,2.470079096696362e-07,8.157543706925358e-06,0.0014861447535658972,0.0001110174675913249,4.735338196792336e-07,2.7297765027031447e-07,0.0017069837880105611,2.2934044206417887e-06,0.001798897639353338,0.00392590741938741,1.1217425661809091e-08,1.0783907558707805e-05,0.0002599624368358294,8.97709401219819e-08,1.2607341942275945e-08,1.8125529637373447e-07
62,4.8874607878941045e-05,8.439060599949956e-06,9.97597376164153e-08,2.4392744970634704e-05,3.001651246455839e-08,2.5260047066513236e-05,0.930801081591058,0.059694111363233916,7.755709611946943e-05,2.3754203634537352e-07,7.69406653691772e-06,0.0014083897774117087,9.898071034486307e-05,4.07463435631932e-07,2.892651236742711e-07,0.00175516712630323,2.2213105888229866e-06,0.0016078718804556204,0.004154797612424526,9.37255212224744e-09,9.300795390439263e-06,0.00027454853069372546,7.145392093051024e-08,8.708424067246297e-09,1.580971801444846e-07
63,4.975415771726072e-05,1.0398337943843815e-05,1.060319380037039e-07,2.606060327873811e-05,3.127831737521721e-08,2.4897644178487776e-05,0.9275349294606631,0.0621803971226533,8.048386035586169e-05,2.7209338364024345e-07,7.88276501162495e-06,0.0014879265927842708,0.00010673306446985756,4.518738406657288e-07,3.119367186148108e-07,0.0019321521312539724,2.502593671817705e-06,0.0016147752418811427,0.004626197618456145,9.942908083658902e-09,1.0026108589107538e-05,0.00030344084290015287,7.358910991963026e-08,9.562170535809988e-09,1.7554580481871932e-07
64,4.4481950804876783e-05,8.047671970872134e-06,1.0460320853635087e-07,2.1530606930505988e-05,2.9795339567954463e-08,2.1111242643641208e-05,0.9386786036582698,0.05213295343123612,6.48142521614822e-05,2.0894751892465552e-07,7.5565710610784545e-06,0.00128528135371703,0.00010170807108565408,4.221065337280951e-07,2.337101209199235e-07,0.0016201791362425175,2.4311982899566993e-06,0.001687431114866281,0.004075616055493786,9.73543772981433e-09,1.2172300527547714e-05,0.00023484031378056292,7.66360337580975e-08,9.085451621245878e-09,1.4645127338867338e-07
65,4.659836831880156e-05,6.442652918449118e-06,8.100231286296417e-08,2.431998173092635e-05,2.6981182545792433e-08,2.8678054143536306e-05,0.9343543784050665,0.05635075336102471,6.185881001451776e-05,1.9280695934713506e-07,7.480019051557602e-06,0.0012263595697646855,8.400011087091096e-05,2.800895134653637e-07,2.89301049015952e-07,0.0016636407180258708,2.161052326189675e-06,0.001568972558223337,0.004328037016027475,7.783052839882968e-09,8.44178539718053e-06,0.00023679436700744816,7.287386918272357e-08,7.101291478642477e-09,1.252308571945169e-07
66,4.6451949408759305e-05,9.52782883341889e-06,9.405535921170917e-08,2.5974462797628076e-05,3.355283035954945e-08,2.8983208789949072e-05,0.9322671727553589,0.05735557118900934,9.007203439074996e-05,2.6109741960338385e-07,7.62950976826127e-06,0.0014722752029584102,8.331481655357841e-05,4.2365147098681186e-07,3.497495395852986e-07,0.0019251158730898138,2.515728911054752e-06,0.001498975301661942,0.004893090796608836,8.563789626209607e-09,9.84500413874536e-06,0.00028201939821554506,8.847484267279807e-08,1.033052124866352e-08,1.954637317722988e-07
67,5.727957266273325e-05,7.828068518347163e-06,1.7441605682081792e-07,2.8947726977071494e-05,3.192794656540412e-08,2.3829982753436435e-05,0.9205264669335019,0.0687026842550672,5.3819700972666936e-05,2.9876476693075934e-07,7.782147333447933e-06,0.0010909439828724393,0.00011599394356587697,5.215159424823884e-07,2.1660824800157493e-07,0.0020024838132216313,3.5103202531409223e-06,0.0028887494254672577,0.004280055664661349,1.4235963972786536e-08,1.8523585904624027e-05,0.00018955115665828193,1.3803946452659723e-07,1.0583523246394477e-08,1.4362769621699044e-07
68,2.5798651316870604e-05,4.937624502323379e-06,1.756356675743363e-07,1.968330922560476e-05,6.831754588794132e-08,2.582373655764033e-05,0.9747237902419865,0.019855280553985808,0.00033011504983966253,2.6811884757199256e-07,3.845585390028453e-06,0.0019562803397516447,6.690446447516401e-05,1.0923627479650333e-06,2.2750921072111623e-07,0.0009875569683124705,7.174088013336293e-07,0.0009121807097988674,0.0009790083225155995,1.7021896006440112e-08,4.940692188650431e-06,0.0001007369299045687,1.1594565729914392e-07,2.6328463367491942e-08,4.081714109616703e-07
69,5.273968638562655e-05,9.243772368997362e-06,8.727760618029654e-08,2.5845483839573892e-05,3.1691549339325967e-08,2.590484368575619e-05,0.937841257764603,0.05271354663618593,8.092028190836708e-05,2.1369502264998961e-07,7.832550830801785e-06,0.0015012591048934728,0.00010152550153636645,3.352941197112188e-07,3.4094097141080723e-07,0.001744950389611454,2.2427893483884326e-06,0.0012924901216896196,0.004285680424372723,8.163068058181999e-09,7.525945743751543e-06,0.0003057849186801193,6.367618929714398e-08,8.987674080142693e-09,1.6005811539175166e-07
70,3.891434108351897e-05,3.7011543820060878e-06,8.356213570528391e-08,2.6046407640754188e-05,5.3604607916662046e-08,2.493584663486707e-05,0.9582910214771376,0.037604672973363194,0.00012005925683370438,1.0307261643110595e-07,7.20123028653021e-06,0.0011336633874782073,6.426784248923646e-05,3.624796123305649e-07,2.214355164764821e-07,0.0004391657025242792,7.7865764698595e-07,0.0008623688459403177,0.001241404113987229,7.2667289815662175e-09,4.5200027865184685e-06,0.00013628831570846963,6.068675779816281e-08,6.585248074304585e-09,9.175085277962935e-08
71,0.00023348551481883163,1.0395146423462869e-05,1.1573096729019589e-07,5.5606512961374084e-05,1.948770746913261e-08,6.130667208405713e-05,0.8900153912340226,0.0931494767121286,4.787723033180802e-05,2.3890979981639007e-07,1.5019927911804642e-05,0.002330965176838163,0.0001663593254500895,1.2538713666229985e-07,8.244415552567469e-07,0.0031101743111460072,4.8253905308027295e-06,0.001553534956095436,0.008591780915983853,4.826961129910949e-09,5.2042412732008605e-06,0.0006470391986661866,7.264120628388659e-08,8.007837949365667e-09,1.4810016159819662e-07
