,0,1,2,3,4,5,6,7,8,9,10,11,12,13,14,15,16,17,18,19,20,21,22,23,24
0,0.9935812033678029,7.288597825976931e-07,1.9015663260358477e-06,5.0739777472683455e-08,9.19152544465283e-08,8.120699016245704e-11,5.631651118924767e-08,2.155162819177542e-06,2.204513523704724e-06,3.419751156875033e-06,6.762156187734119e-08,1.0467103366303457e-06,2.7280146705814615e-07,4.285338708730973e-08,2.823094366166523e-11,1.1719895179459482e-08,2.169494524000709e-06,0.006387393385548026,7.712726849522681e-06,4.451757847823828e-08,1.5351558320876136e-07,4.6543770507848655e-07,5.372629291530085e-09,9.252827321841515e-08,8.709012268945741e-06
1,0.9949798339283773,5.780211662536524e-07,1.650730404247953e-06,4.416607029712387e-08,8.518185375503165e-08,8.576358656405523e-11,5.6561676770618694e-08,2.725964186147622e-06,2.725956329577533e-06,4.154521450311236e-06,5.057361956169092e-08,7.55638128150737e-07,2.568068010757052e-07,2.9676946520793196e-08,2.6184875361153767e-11,1.7153101256902715e-08,1.740555643655539e-06,0.004987592608410901,9.829473126640129e-06,5.478499120452334e-08,1.2178872201208743e-07,4.047626249353678e-07,5.171022711406395e-09,9.482994580586209e-08,7.19103345234456e-06
2,0.9943454926211628,6.040276719961586e-07,1.9493644668625976e-06,4.331212651900395e-08,9.904702783673843e-08,8.976338261387203e-11,6.505680368729409e-08,2.83724491371858e-06,2.747639443509704e-06,4.9853906154523945e-06,5.2971919931907366e-08,7.538176231975686e-07,2.2602027872529879e-07,4.144136259716503e-08,3.613202839552896e-11,1.3781760767724748e-08,1.6176990403144708e-06,0.005615618594192786,1.0796383809848864e-05,8.166839480024776e-08,1.6511894213430217e-07,6.050156545592609e-07,6.787056262179282e-09,1.1100745371310012e-07,1.1085862382365749e-05
3,0.9933255854564582,6.745207773155479e-07,1.8926606706511305e-06,4.806099077851443e-08,8.786347960364323e-08,9.575906884332577e-11,6.043720732191189e-08,2.3469699007597147e-06,2.147970195499801e-06,3.822115101390493e-06,6.375988443707449e-08,1.0804634385595936e-06,2.8012599298762297e-07,4.059621887948732e-08,2.940757296906981e-11,1.4155518914558764e-08,2.051117195497447e-06,0.006641217530453356,9.07062375815723e-06,5.792815433503679e-08,1.668378355348327e-07,4.7019173333839495e-07,5.804142759045072e-09,9.706695993483339e-08,8.717618764993619e-06
4,0.9923315650987781,8.307557640138701e-07,2.1266676061490375e-06,5.8614762085112514e-08,1.0610322428940683e-07,1.1854041741885393e-10,6.876463338224048e-08,2.603255040455472e-06,2.362560921996117e-06,4.0134349418862565e-06,7.993361300613095e-08,1.4404433539321797e-06,3.9203165145246526e-07,5.1680917013805044e-08,3.137824001822981e-11,1.6671605680006668e-08,2.5356920412081265e-06,0.007631487582518027,1.0068561606568507e-05,6.51276520611847e-08,1.926040533013685e-07,5.221315496498069e-07,6.914980672271986e-09,9.966399925686239e-08,9.305554867319002e-06
5,0.9913958971281571,4.915778679684365e-07,1.8219516829611655e-06,5.381166121022825e-08,7.366021789470754e-08,8.607865307447824e-11,5.5482055327883107e-08,2.1319726299766576e-06,1.9531298268794184e-06,4.094092841164094e-06,5.811435196030267e-08,1.0005493102654603e-06,2.440720042614907e-07,4.323009917370975e-08,2.4235380441785146e-11,1.3607099611248307e-08,2.106004425655914e-06,0.008573518999109676,6.813065053978099e-06,6.736466816769433e-08,1.562816843320633e-07,4.275928821987472e-07,5.839420239046353e-09,1.155001667372041e-07,8.856862468670256e-06
6,0.9933255854564582,6.745207773155479e-07,1.8926606706511305e-06,4.806099077851443e-08,8.786347960364323e-08,9.575906884332577e-11,6.043720732191189e-08,2.3469699007597147e-06,2.147970195499801e-06,3.822115101390493e-06,6.375988443707449e-08,1.0804634385595936e-06,2.8012599298762297e-07,4.059621887948732e-08,2.940757296906981e-11,1.4155518914558764e-08,2.051117195497447e-06,0.006641217530453356,9.07062375815723e-06,5.792815433503679e-08,1.668378355348327e-07,4.7019173333839495e-07,5.804142759045072e-09,9.706695993483339e-08,8.717618764993619e-06
7,0.9958835992638521,6.382260502196015e-07,2.564195975831423e-06,4.22763960018916e-08,7.093266128208441e-08,7.308592902731129e-11,4.259748193929553e-08,2.9958092278320204e-06,1.2628787950248795e-06,2.0925342346413833e-06,6.539111017267445e-08,8.959138536426117e-07,4.5006023554452143e-07,1.9936514562521303e-08,2.042650442213936e-11,1.0210655467335801e-08,1.6270249494616736e-06,0.00408915419566888,1.0808244984909296e-05,3.692987197415779e-08,1.3083841408457202e-07,2.9403259244011294e-07,3.2834558267356686e-09,6.360664404715745e-08,3.13152286185472e-06
8,0.9943310182324905,5.080224365097615e-07,2.145460193759353e-06,6.662554833075742e-08,1.0090350867405792e-07,8.679084340388706e-11,5.8061213782388946e-08,1.803942598048044e-06,3.0853549446267207e-06,5.583012421371622e-06,7.408564978735662e-08,5.029164734292389e-07,1.460526157071567e-07,5.905123002144416e-08,5.401895887434899e-11,1.1853910045373855e-08,1.6469250036313235e-06,0.005632161824545865,5.843970513037684e-06,6.227994946595444e-08,1.61582022562403e-07,5.641339235617139e-07,8.136543028324069e-09,2.6556483337697785e-07,1.4121866621107308e-05
9,0.9946579135320839,3.987847989537953e-07,2.3753348383059533e-06,6.076911990785894e-08,7.220569482994974e-08,7.567047688699053e-11,3.818672305911375e-08,2.222509227848445e-06,2.1242059297192154e-06,4.649728412505418e-06,6.109324667289505e-08,5.44391732924476e-07,1.8972908353003727e-07,3.8500185202163924e-08,3.015564874498528e-11,1.1521699712551165e-08,1.7971265577711723e-06,0.00531359722224874,6.43740069101342e-06,5.950999794277608e-08,1.3911831888350495e-07,4.420526604364717e-07,5.4703113495816306e-09,1.7941529889729744e-07,6.642085311907105e-06
10,0.9933255854564582,6.745207773155479e-07,1.8926606706511305e-06,4.806099077851443e-08,8.786347960364323e-08,9.575906884332577e-11,6.043720732191189e-08,2.3469699007597147e-06,2.147970195499801e-06,3.822115101390493e-06,6.375988443707449e-08,1.0804634385595936e-06,2.8012599298762297e-07,4.059621887948732e-08,2.940757296906981e-11,1.4155518914558764e-08,2.051117195497447e-06,0.006641217530453356,9.07062375815723e-06,5.792815433503679e-08,1.668378355348327e-07,4.7019173333839495e-07,5.804142759045072e-09,9.706695993483339e-08,8.717618764993619e-06
11,0.9932580306082404,7.183312591698468e-07,1.987967487319098e-06,5.0810716061228286e-08,9.083632767231901e-08,1.0257587937006121e-10,6.239875451594759e-08,2.5517039900682873e-06,2.1704221157741698e-06,3.7882045915949e-06,6.758459189507059e-08,1.1889772846697686e-06,3.239584349176299e-07,4.122539767657388e-08,2.9637716031490676e-11,1.5163432971911485e-08,2.212143769456937e-06,0.0067078963698313605,9.738638742114413e-06,5.973653787760785e-08,1.7130051882087144e-07,4.750743694183927e-07,5.956077293695744e-09,9.480056058871623e-08,8.257654754858163e-06
12,0.9858933751292832,1.2324410833302142e-06,2.1714410033948417e-06,6.206494140573337e-08,2.522512309786056e-07,1.4347071093708172e-10,7.41443804663365e-08,1.3891793194645394e-06,2.4627151580314396e-06,4.0961620886217e-06,8.255023666059852e-08,1.992832097587019e-06,3.162674667184629e-07,1.0596734263115761e-07,3.0600998164790564e-11,1.5615610042123607e-08,1.8154581808161649e-06,0.014058909985422655,7.417311002930685e-06,9.159155318525643e-08,2.6081011825420006e-07,3.6749911320789337e-07,1.0597625263113819e-08,9.837200016176483e-08,2.3399439669213764e-05
13,0.9934633078511143,1.1588574937702747e-06,2.7985998648942696e-06,8.821355158946673e-08,1.5125070459110403e-07,1.3144174846594354e-10,6.403067441575133e-08,2.3876276633137998e-06,2.041764577818434e-06,2.967477686823325e-06,2.2352933750785864e-07,1.9768103881315542e-06,6.823377206149614e-07,6.700686277708273e-08,4.9800648450075076e-11,1.7182875900070497e-08,3.0305192870519915e-06,0.006500626893558829,1.1017443415617292e-05,4.446513716705545e-08,2.6696416125212005e-07,4.852864294566172e-07,8.872273949022538e-09,1.2660057362906122e-07,6.460233404234435e-06
14,0.9936787087886906,9.671154028398526e-07,1.8781119406234679e-06,3.900096801298144e-08,1.0561019860057519e-07,1.1997216820811302e-10,5.9793056069977e-08,2.051503228163413e-06,1.7669289338765887e-06,3.1588735531502616e-06,7.810386702697326e-08,1.5428743822527363e-06,3.678028944121451e-07,4.179755754221297e-08,2.911322137627427e-11,1.4690002756634526e-08,1.8570312955526205e-06,0.0062863692282597175,1.2531427927607116e-05,5.494672282328973e-08,1.9343949402768382e-07,4.2109992068471735e-07,5.689579315396406e-09,7.35441474711303e-08,7.712448891494622e-06
15,0.9933255854564582,6.745207773155479e-07,1.8926606706511305e-06,4.806099077851443e-08,8.786347960364323e-08,9.575906884332577e-11,6.043720732191189e-08,2.3469699007597147e-06,2.147970195499801e-06,3.822115101390493e-06,6.375988443707449e-08,1.0804634385595936e-06,2.8012599298762297e-07,4.059621887948732e-08,2.940757296906981e-11,1.4155518914558764e-08,2.051117195497447e-06,0.006641217530453356,9.07062375815723e-06,5.792815433503679e-08,1.668378355348327e-07,4.7019173333839495e-07,5.804142759045072e-09,9.706695993483339e-08,8.717618764993619e-06
16,0.9854278709616315,6.805245297381083e-07,1.8401065506926227e-06,6.044903067524378e-08,8.53885825794182e-08,1.2157168373322367e-10,8.366870059224383e-08,1.8807642692065114e-06,1.7615910737716577e-06,6.136856233764311e-06,7.738427884848556e-08,1.997337800596789e-06,2.7500295716696146e-07,7.739555940225231e-08,3.113101066066118e-11,1.7294187413267837e-08,2.858486233462949e-06,0.014530145817878095,7.767105999744535e-06,8.771757170799594e-08,3.274893329589486e-07,6.787332078743244e-07,7.384302176182842e-09,1.1349847807641824e-07,1.5168888907722818e-05
17,0.9881547033291452,7.911969395537363e-07,2.033173443455661e-06,4.781797885003174e-08,8.566621051232477e-08,9.825228875330998e-11,6.23693608238211e-08,2.3808459255385857e-06,1.5855493441915205e-06,3.5423057625906656e-06,6.604019634268572e-08,2.176490182216073e-06,4.043973407816414e-07,5.7270440479496614e-08,2.0663538213948676e-11,1.3201203251569984e-08,2.848352215712234e-06,0.011809259993062454,9.17439614026429e-06,7.52418743650276e-08,2.2419573994128088e-07,5.452635380420093e-07,6.3898181676845685e-09,6.628881484931941e-08,9.850106406678398e-06
18,0.9873589073077683,8.529031854685506e-07,1.5260356113656734e-06,4.4976148494753386e-08,7.316208314004594e-08,1.234613644632598e-10,8.313224107698618e-08,2.219130174951543e-06,2.7042463474790738e-06,6.2443426695331625e-06,6.225908358201845e-08,1.7976711811094669e-06,3.027953296161977e-07,8.091037628901848e-08,2.932131693333202e-11,1.57494226148652e-08,3.5698323784804854e-06,0.012591905755647906,8.208237085499048e-06,9.299491830739487e-08,2.2196764670594908e-07,9.058081215329081e-07,8.750299155226144e-09,1.0091723653105132e-07,2.0070962260298748e-05
19,0.9927379057292874,8.072966434954496e-07,2.584918582882851e-06,6.349684376363189e-08,1.211707927213755e-07,1.0634554442533314e-10,7.358890863221329e-08,3.424936083813777e-06,2.274904993495429e-06,3.7927653972405477e-06,7.338307352394025e-08,1.4687819464872548e-06,4.228814197943548e-07,4.515609086071128e-08,3.2404281852153527e-11,1.6464027077618013e-08,2.2928295336382425e-06,0.007224429583875886,1.1452098989107213e-05,6.904669007254401e-08,2.016198167856788e-07,5.46575318188041e-07,5.961611109548934e-09,9.041301148529538e-08,7.836258312743309e-06
20,0.994031647091339,8.600856018624347e-07,2.681617675605331e-06,7.059074340405904e-08,1.1042304442973066e-07,1.447542296788552e-10,1.1108580591592735e-07,4.255607999957848e-06,2.987892106086807e-06,5.3057886378213495e-06,9.654817102313358e-08,1.2032590906700325e-06,3.58624675344329e-07,5.4169181767030244e-08,7.540259047548036e-11,1.8766611431262435e-08,2.7771159726451346e-06,0.005920420938364524,1.383677688429824e-05,8.362402344973197e-08,2.848815008749122e-07,9.847049980366301e-07,9.603285645626904e-09,1.423336045490293e-07,1.1698250525273045e-05
21,0.9916209528397292,7.136655177617178e-07,1.830635842965785e-06,4.521581147130166e-08,1.0463400348782554e-07,9.431573685980017e-11,4.8834595105372474e-08,1.6734786745326663e-06,1.7510616188697152e-06,4.44616227530868e-06,7.072579151500521e-08,1.4236333000720225e-06,2.7053983921879987e-07,5.046712555306324e-08,2.354032965042135e-11,1.4691647983285261e-08,1.800793722932189e-06,0.008346489827650882,8.830677477493071e-06,6.198259035990693e-08,2.0489121854369616e-07,4.3082013657188044e-07,5.169212847525871e-09,9.42152113016263e-08,8.684919150283654e-06
22,0.9922094941131673,4.68256005218096e-07,2.083845381658036e-06,5.736512869877399e-08,6.407669896846244e-08,8.165400292210112e-11,4.6121642633321075e-08,2.2314762788042183e-06,1.5283999884313115e-06,4.496254309151342e-06,6.499016395707127e-08,1.0511385896755815e-06,2.5218134576325375e-07,3.893846284855906e-08,2.344514387686104e-11,1.3690680645074838e-08,2.378182235634663e-06,0.007761433987334504,7.197199788386416e-06,5.5437268743514544e-08,1.9152651527250798e-07,4.636378075615697e-07,4.6519409834371544e-09,1.0625111854541764e-07,6.278173047530597e-06
23,0.9933255854564582,6.745207773155479e-07,1.8926606706511305e-06,4.806099077851443e-08,8.786347960364323e-08,9.575906884332577e-11,6.043720732191189e-08,2.3469699007597147e-06,2.147970195499801e-06,3.822115101390493e-06,6.375988443707449e-08,1.0804634385595936e-06,2.8012599298762297e-07,4.059621887948732e-08,2.940757296906981e-11,1.4155518914558764e-08,2.051117195497447e-06,0.006641217530453356,9.07062375815723e-06,5.792815433503679e-08,1.668378355348327e-07,4.7019173333839495e-07,5.804142759045072e-09,9.706695993483339e-08,8.717618764993619e-06
24,0.9905033846543982,9.246056140498294e-07,2.3325760426556095e-06,7.71720827462921e-08,1.527529894659986e-07,1.2804962852748352e-10,7.311785195240074e-08,2.610300731130927e-06,2.6830140388863195e-06,4.2109354745092205e-06,8.844577866976915e-08,1.7367185037290208e-06,4.5271933223180386e-07,6.898889293493197e-08,3.066310566064456e-11,2.0201603397454832e-08,2.6697530039916597e-06,0.009457985822834568,9.326439218623233e-06,7.141724359711403e-08,1.969577779907126e-07,4.793929662772286e-07,7.760422253494672e-09,1.0604160076150136e-07,1.0340052884506105e-05
25,0.9938371994803933,5.225831419868593e-07,2.2338032731496953e-06,6.057012165145236e-08,7.566621744019853e-08,7.70368212911102e-11,6.05414061116792e-08,3.5239122678194396e-06,1.6314548839341072e-06,3.081505092020354e-06,7.519620742271701e-08,1.0647685938942513e-06,3.7934908664480376e-07,3.1335250745685266e-08,2.8605608193319566e-11,1.3952697207158157e-08,2.2123912853311838e-06,0.006132158206978667,9.9645344084737e-06,5.459022155176311e-08,1.7750239322824615e-07,4.326680530822887e-07,5.414737947654642e-09,8.14380381842241e-08,4.959029607729239e-06
26,0.9961586978278733,4.2013414630001944e-07,1.424784533916855e-06,3.984896658931052e-08,6.352371194246252e-08,6.451828046254286e-11,3.532277354210917e-08,1.928161222827554e-06,2.4239170433409704e-06,2.5970043428724085e-06,4.7197522084537326e-08,4.6763569648458207e-07,1.7323227374647313e-07,2.180795556972677e-08,2.2749175941586442e-11,1.0355534213135422e-08,1.4498375548068933e-06,0.003818094409325865,5.869500781844119e-06,4.306855777029612e-08,8.60716246096314e-08,2.606807082806687e-07,5.343424446175939e-09,1.2994043556404776e-07,5.710306722510989e-06
27,0.9942587690758895,7.31729909710874e-07,1.8180207415608065e-06,5.2379982122385895e-08,9.82939441392097e-08,1.1287184097491151e-10,8.334726422310488e-08,2.926495416861748e-06,3.577112569026514e-06,5.382954937154888e-06,7.022855457478118e-08,9.062185618908824e-07,2.5720417909171733e-07,4.878832913613148e-08,4.974490922451895e-11,1.688640445237245e-08,2.24212284294965e-06,0.005698388093609031,1.0444347100678986e-05,7.542335922834149e-08,1.7930059551248096e-07,7.520271613339375e-07,8.243375833874487e-09,1.4583731790963585e-07,1.3025705337652361e-05
28,0.9933255854564582,6.745207773155479e-07,1.8926606706511305e-06,4.806099077851443e-08,8.786347960364323e-08,9.575906884332577e-11,6.043720732191189e-08,2.3469699007597147e-06,2.147970195499801e-06,3.822115101390493e-06,6.375988443707449e-08,1.0804634385595936e-06,2.8012599298762297e-07,4.059621887948732e-08,2.940757296906981e-11,1.4155518914558764e-08,2.051117195497447e-06,0.006641217530453356,9.07062375815723e-06,5.792815433503679e-08,1.668378355348327e-07,4.7019173333839495e-07,5.804142759045072e-09,9.706695993483339e-08,8.717618764993619e-06
29,0.9933255854564582,6.745207773155479e-07,1.8926606706511305e-06,4.806099077851443e-08,8.786347960364323e-08,9.575906884332577e-11,6.043720732191189e-08,2.3469699007597147e-06,2.147970195499801e-06,3.822115101390493e-06,6.375988443707449e-08,1.0804634385595936e-06,2.8012599298762297e-07,4.059621887948732e-08,2.940757296906981e-11,1.4155518914558764e-08,2.051117195497447e-06,0.006641217530453356,9.07062375815723e-06,5.792815433503679e-08,1.668378355348327e-07,4.7019173333839495e-07,5.804142759045072e-09,9.706695993483339e-08,8.717618764993619e-06
30,0.9933255854564582,6.745207773155479e-07,1.8926606706511305e-06,4.806099077851443e-08,8.786347960364323e-08,9.575906884332577e-11,6.043720732191189e-08,2.3469699007597147e-06,2.147970195499801e-06,3.822115101390493e-06,6.375988443707449e-08,1.0804634385595936e-06,2.8012599298762297e-07,4.059621887948732e-08,2.940757296906981e-11,1.4155518914558764e-08,2.051117195497447e-06,0.006641217530453356,9.07062375815723e-06,5.792815433503679e-08,1.668378355348327e-07,4.7019173333839495e-07,5.804142759045072e-09,9.706695993483339e-08,8.717618764993619e-06
31,0.9915561377903992,1.7543524735607754e-06,1.977337249238726e-06,1.437647023461799e-07,2.3855076109719966e-07,3.8944596177817753e-10,1.6685197369686163e-07,1.902565909440923e-06,8.548232304679365e-06,1.541535937331502e-05,2.88230896684592e-07,1.7974767162766558e-06,3.349314788712454e-07,2.1639003904829118e-07,1.8172210751163634e-10,4.8007748214415936e-08,4.594252226248463e-06,0.008364459671724328,9.436274787880742e-06,8.716883247923756e-08,4.531702475346062e-07,1.4695600871407847e-06,1.9528279146042176e-08,5.29660106224673e-07,2.9980300515471863e-05
32,0.9936958924387257,7.010161760723039e-07,1.9549575532799664e-06,4.4418670731103164e-08,8.961618882073614e-08,1.0023475019777264e-10,6.20524979380306e-08,2.492127045516502e-06,2.07900066368071e-06,3.7786280288479233e-06,6.265515922491554e-08,1.1068573473628963e-06,2.8693807179075845e-07,3.868470366592194e-08,3.086231891849485e-11,1.4406330308607148e-08,1.972310591450395e-06,0.0062694674721791,1.0631748653309488e-05,6.086634955899532e-08,1.712602072737376e-07,4.911861412342259e-07,5.790949439763341e-09,9.010537266669939e-08,8.505331296192801e-06
33,0.9904526080012235,7.553586055308769e-07,1.938021487712156e-06,5.544912821719608e-08,5.683749730294921e-08,1.1196365350427263e-10,6.572814125591083e-08,3.6869511792980405e-06,1.9484714373717425e-06,4.0966807602617e-06,6.537174316753253e-08,2.1739818043682505e-06,6.485288725235925e-07,4.6231280459582953e-08,1.6978012604510738e-11,1.9736168381307574e-08,4.810837272720218e-06,0.009510436584801883,1.02756259658296e-05,5.910130587933417e-08,1.4691637198120293e-07,6.617643504631603e-07,4.358573125551693e-09,6.426094624154779e-08,5.375072140883037e-06
34,0.995404786858912,6.379584178470961e-07,1.6923623202676419e-06,3.448678767631431e-08,8.007095937689338e-08,7.081311407529704e-11,4.470892147722564e-08,2.0392320347954857e-06,1.9825991718372564e-06,2.8779916517932456e-06,5.8278793960969406e-08,8.016992249073472e-07,2.4874272263567897e-07,2.8848741022552483e-08,2.4693924011855874e-11,1.0322425525667512e-08,1.4941206479991461e-06,0.004566132338881303,9.662774421339322e-06,4.391649671496264e-08,1.2501308244265904e-07,3.7585435696709917e-07,4.782882217900008e-09,8.359644232684465e-08,6.75334619674706e-06
35,0.7864941283217247,0.0013817657428366748,0.005505836743318828,0.00029405099527585584,0.016376178932667323,1.2831919425513403e-05,0.00021123332393672238,1.3377669998811305e-05,0.0006933055390197228,0.001883096875183258,0.006289029190609613,0.0003431410302456961,5.864476923074844e-05,0.016573939178253783,0.00010420550844312142,9.999150527883595e-06,6.427939135320052e-05,0.07304883164802844,0.002384951969711892,0.0002977633860460575,0.005992723506289829,0.0017952696930831457,0.0007679169614855349,0.002129908173341319,0.07727359037996233
36,0.9930394195063816,7.284439270986659e-07,1.6921095461072682e-06,4.996233405924468e-08,7.451868056328756e-08,1.0575744319677399e-10,7.119551662763645e-08,3.2005260382728775e-06,2.653297460271339e-06,4.06442290686746e-06,5.825373220740482e-08,1.3275477332817236e-06,3.43851076028369e-07,4.0501135929291546e-08,2.8516315723512675e-11,1.756958187076083e-08,2.9872655662192397e-06,0.006923913125374419,9.8900256997322e-06,5.987634468382913e-08,1.5505819284739648e-07,5.926162232721997e-07,6.047881864179501e-09,8.327332867384088e-08,8.570871063913545e-06
37,0.9924275241717804,2.14981981502548e-05,2.569433327466643e-06,7.064236579080566e-08,9.59176850019203e-07,1.7041309886847357e-09,1.0555679791922787e-06,2.0914452321403362e-05,3.490258158929363e-05,1.9245487348536116e-05,1.4324819060954446e-07,1.2574743380911215e-05,2.515400174739144e-06,2.996853593079951e-07,3.064805135046746e-10,1.3342739295079333e-07,1.1393994645860352e-05,0.007189839397350587,0.00013746363081940859,2.878631935942524e-07,1.1421615081026953e-06,9.163509359826045e-06,4.791423409728157e-08,3.7939363394239143e-08,0.00010621536270282498
38,0.9931460933800674,6.420594821852266e-07,1.9152633260715716e-06,5.261819370365869e-08,9.851915003975905e-08,7.523459592040153e-11,5.078481646722131e-08,2.099907739660658e-06,2.5818625403477094e-06,3.996936171940281e-06,6.184912206653043e-08,9.322427719861417e-07,2.449414077458117e-07,4.671343540519655e-08,2.6114523340774606e-11,1.1175080759335055e-08,1.945058220967465e-06,0.006821491922130409,7.033210434215627e-06,5.56183960846964e-08,1.482446885872195e-07,4.804245217395906e-07,5.6496236963517945e-09,1.1337447134114233e-07,9.898142858078383e-06
39,0.9925594356475091,7.229856882979935e-07,2.352476690558026e-06,5.8813209470949494e-08,8.956212761549652e-08,1.354034255546289e-10,9.825049055019586e-08,4.348656131575727e-06,2.245428189968127e-06,4.535217150773549e-06,5.977203655095479e-08,1.368648461101104e-06,3.5550011356008213e-07,4.18854673464608e-08,4.337148692869354e-11,1.943097425070857e-08,2.706479791335829e-06,0.0073962738376791405,1.3423668257032696e-05,9.032572434606765e-08,2.5973800916193205e-07,6.946685343431151e-07,8.431691447815468e-09,8.452991279289156e-08,1.0725867384786261e-05
40,0.9934465918260088,2.3321186141033715e-07,7.772408118331931e-07,7.702156270433578e-08,2.981826808455239e-08,6.688886131500343e-11,8.279568393149151e-08,3.963419244137358e-06,3.81141059483169e-06,5.085766945402204e-06,4.6445891601474165e-08,4.594594605130729e-07,2.571371138350397e-07,2.482115081397984e-08,1.984790119078477e-11,2.4432549588085588e-08,3.4508490792146266e-06,0.006523525098178986,4.439605535096388e-06,5.602692228769857e-08,8.71993897812619e-08,3.572822170395797e-07,7.7485812905036e-09,1.4243668114007675e-07,6.468859530976513e-06
41,0.9948568954676676,8.249268096609689e-07,1.9508872276525387e-06,5.412507607119164e-08,1.1426998082375979e-07,9.565535212863614e-11,5.429279939675457e-08,2.4313644956943724e-06,2.813458261168725e-06,3.605477859268178e-06,6.232156143044331e-08,8.950849987481851e-07,2.891538508873007e-07,3.7293714475724055e-08,2.884224054978579e-11,1.4679603503684928e-08,1.8737736269271104e-06,0.005111503377050742,8.268129596419724e-06,4.4751540518579856e-08,1.3716974507741945e-07,3.716545930969073e-07,5.282166177047229e-09,9.838788261865558e-08,7.654545394503145e-06
42,0.9958592864530224,8.197432429236907e-07,2.902278924544834e-06,3.782081790521738e-08,7.491173124955537e-08,1.0097397180794709e-10,6.59647355890264e-08,6.402532293355185e-06,2.0813294226889856e-06,4.5082285994421e-06,5.289277379726846e-08,1.480066834134161e-06,4.2220989916897484e-07,2.695446812686552e-08,3.5620342408742517e-11,1.5638429709815355e-08,2.70828994073613e-06,0.004086227654619144,2.6274370446898427e-05,7.197866661860828e-08,2.410843195331584e-07,1.1396295898963145e-06,4.427594967360397e-09,5.547012432726063e-08,5.099932908617334e-06
43,0.9940653010201668,4.7173963414926013e-07,1.8347563172882807e-06,5.5040936936652424e-08,8.933706317056589e-08,1.0145672184959163e-10,7.17431888270465e-08,3.2751027357575482e-06,3.5484564639814098e-06,9.427328962152386e-06,5.325452721298847e-08,6.159511868553149e-07,2.027256977877938e-07,4.653295581648044e-08,3.8622499576093996e-11,1.9796286161594212e-08,1.9028354185258107e-06,0.005889865363370117,1.0447275172404704e-05,1.0602330085549254e-07,1.864467695732776e-07,8.323714654526544e-07,7.132563825605726e-09,1.6004257387843128e-07,1.1479583163363219e-05
44,0.9933255854564582,6.745207773155479e-07,1.8926606706511305e-06,4.806099077851443e-08,8.786347960364323e-08,9.575906884332577e-11,6.043720732191189e-08,2.3469699007597147e-06,2.147970195499801e-06,3.822115101390493e-06,6.375988443707449e-08,1.0804634385595936e-06,2.8012599298762297e-07,4.059621887948732e-08,2.940757296906981e-11,1.4155518914558764e-08,2.051117195497447e-06,0.006641217530453356,9.07062375815723e-06,5.792815433503679e-08,1.668378355348327e-07,4.7019173333839495e-07,5.804142759045072e-09,9.706695993483339e-08,8.717618764993619e-06
45,0.9955724054108407,5.826391480309374e-07,2.3702148665923857e-06,6.836213682451217e-08,8.824166187474694e-08,1.2845417524689748e-10,1.1133609037040316e-07,5.7848794487040846e-06,2.6911366925127493e-06,4.175058286235481e-06,6.411329773963811e-08,7.636185378638318e-07,3.3808417112480804e-07,2.7860512074093655e-08,6.25779842559792e-11,2.431016371318636e-08,2.128783686681458e-06,0.004386918583006419,1.3954339747928518e-05,7.035112651224896e-08,1.7949012971790875e-07,5.536682187184121e-07,7.094896962697174e-09,1.1035786245645767e-07,6.58187443800287e-06
46,0.9928862849469428,5.78030397535508e-07,1.8655615411240686e-06,6.173485716778787e-08,5.6069001691797974e-08,1.1805216914131331e-10,5.4250790117000634e-08,2.9632493556590707e-06,2.0519624144457492e-06,3.71267576750614e-06,6.48393351660769e-08,1.2736853588170999e-06,3.476400836198616e-07,3.5884818379660484e-08,2.5327546743209702e-11,1.7795763048887946e-08,3.603213973770799e-06,0.007082574099297805,7.763621221845805e-06,5.616612620022777e-08,1.615023253901353e-07,4.6521480459219565e-07,5.998370257996158e-09,1.0281563272216164e-07,5.89889844022511e-06
47,0.9901539218787636,7.193057527036752e-07,4.053457157216016e-06,2.4240219025214747e-07,3.3509622092898876e-07,1.7238057487076816e-10,9.237760092219688e-08,2.155690963206668e-06,3.6481103373884696e-06,5.639040493191483e-06,1.869610412138763e-07,8.197303704018534e-07,3.6005530923107963e-07,1.3483238695156036e-07,7.601990054811252e-11,2.682178694477452e-08,2.137575468449523e-06,0.009804212611783502,5.38549721850532e-06,7.772382123248405e-08,2.5986710483870787e-07,3.4499780721149695e-07,1.612230402371184e-08,3.8296709272013887e-07,1.484662862495455e-05
48,0.9966531715854464,7.064274511024174e-07,1.5194539713771406e-06,3.151715555535011e-08,3.364979742630843e-08,1.22701373718685e-10,6.00367647974611e-08,5.365025128031768e-06,1.6300341439889045e-06,2.0084303192103616e-06,3.820259523493377e-08,1.0845306758117296e-06,4.7585773946584486e-07,1.213311200694012e-08,2.0680325624050354e-11,1.7544848505337845e-08,3.2156667768621213e-06,0.003312411402693243,1.508342150836535e-05,3.5890980869292696e-08,1.0348494744719757e-07,3.3173146128775803e-07,3.5953601883374845e-09,3.6149969446904406e-08,2.624083771625837e-06
49,0.9908349864054898,9.131087168248559e-07,2.9419254794178138e-06,5.4044654060667816e-08,1.0459531089390683e-07,1.4290482003479262e-10,6.574204333562222e-08,2.6469938240529293e-06,1.8669165367339195e-06,4.481783470010975e-06,7.520556828569222e-08,1.970838328663084e-06,3.812329317131063e-07,5.880137339175948e-08,3.417916984708448e-11,1.5344460032979148e-08,2.8122409699711053e-06,0.00912342817946366,1.191234810994744e-05,8.162610724838849e-08,2.585159213735176e-07,7.358854344715472e-07,6.130571214298516e-09,9.758629371068329e-08,1.0104371857221099e-05
50,0.9926180578994996,9.490653129543761e-07,2.604691677093126e-06,6.902903247886247e-08,9.76821574653261e-08,1.406981736924124e-10,3.542296630419757e-08,1.6926223105979525e-06,1.6072956400259979e-06,2.186575047937812e-06,1.0572757916802716e-07,1.9571296399926624e-06,4.143454292870435e-07,4.6730997372305185e-08,2.4905998684633144e-11,1.3530595097044094e-08,3.1973807614700496e-06,0.0073546921825431094,6.561380517215572e-06,3.9324169451470155e-08,1.8587341003345472e-07,2.9905493403752814e-07,5.910662867488976e-09,1.1234284211834043e-07,5.06863666998047e-06
51,0.9948666884061725,8.681369875862154e-07,2.2682756776931886e-06,8.053076849189961e-08,1.001729495884256e-07,8.536004765831023e-11,4.5896394469018736e-08,2.5388414980466738e-06,2.7153054644347295e-06,3.831929791385715e-06,8.007457051155337e-08,9.8645253764071e-07,3.547220035240711e-07,4.136480555482169e-08,2.5004960744359494e-11,1.3350331346452197e-08,2.577379484736538e-06,0.005105209587423382,5.986133692976142e-06,3.040391959482507e-08,1.4981060125703884e-07,3.892341297865195e-07,3.858814378457187e-09,1.1589853023781335e-07,4.92412308553296e-06
52,0.9919786347698631,2.77149393149914e-07,1.742650635163415e-06,6.284342310715336e-08,5.5527020552375435e-08,7.284581925121157e-11,3.5084835384304946e-08,1.6678588027752541e-06,1.4832926141978323e-06,4.314867029069985e-06,6.335010696868842e-08,6.418445763844777e-07,2.1828703902032337e-07,3.4534296472511975e-08,1.7114068882185757e-11,1.5388436430408564e-08,1.8459921547895795e-06,0.007998655616071229,4.807242859072692e-06,5.658133187494504e-08,1.1525567417505763e-07,2.7035629149124283e-07,4.506230781163991e-09,1.5636806063539612e-07,4.840543294353473e-06
53,0.9911751491330311,7.163298423047554e-07,1.6771426365052747e-06,9.411020538331846e-08,1.1914539349587372e-07,1.759644552059163e-10,2.412831204809802e-07,5.179535965689404e-06,4.8539459891184144e-06,6.567198596012441e-06,8.509825421577473e-08,1.0625066168378647e-06,3.875533743498224e-07,6.483489686537389e-08,8.520700429441559e-11,3.600270388733391e-08,2.961498837532633e-06,0.008767854415940867,1.1201675668540222e-05,1.204020251688796e-07,2.3261775461856757e-07,7.898898585987221e-07,1.6053393246718017e-08,1.6466685845751089e-07,2.042469786522234e-05
54,0.9924215871486087,1.0784558897678543e-06,1.4082324931845868e-06,3.971627727510521e-08,9.871792664446206e-08,1.2378096289723507e-10,8.115603689646157e-08,2.2455383338969824e-06,3.091591592458631e-06,4.584189041517512e-06,5.6458676307744234e-08,1.5104964618931848e-06,2.862228374221881e-07,5.1829789477660776e-08,3.1251969916274215e-11,1.768148114230683e-08,2.449153726865563e-06,0.007536589238508493,9.952011612558482e-06,5.8492846799361626e-08,1.7234197036097767e-07,5.814752310370759e-07,6.482650670618736e-09,7.877894937894612e-08,1.3974434024319775e-05
55,0.9971636888864772,2.34952532958111e-07,4.343319926104195e-06,1.2317096717456078e-07,6.076239512411365e-08,1.4346422021289354e-10,6.191854972319139e-08,6.626550003870683e-06,2.3205508008288303e-06,9.815257066731248e-06,9.765840510770777e-08,2.1191932103225208e-07,2.4256529268788864e-07,4.054600398389819e-08,9.167206553022259e-11,2.0558545672273503e-08,2.421346811679061e-06,0.002790603425956057,1.2605689692702267e-05,1.1477665012744763e-07,2.3553687424265108e-07,1.0292909283960605e-06,1.2209889217506051e-08,3.596983185538164e-07,4.729173454418e-06
56,0.9931636106381465,7.288803694420384e-07,1.999759933256417e-06,5.1224828778082654e-08,9.409356528908919e-08,1.0159171993714837e-10,6.270201232174532e-08,2.4863745785857473e-06,2.209310967966747e-06,3.8063833755612894e-06,6.913445968930134e-08,1.1843489595077601e-06,3.244099849386231e-07,4.236115144554642e-08,2.99042781206815e-11,1.4963678740137867e-08,2.1584159812393514e-06,0.006802297308184023,9.542432252197373e-06,5.9496641393442676e-08,1.709932474170911e-07,4.7311813847800315e-07,5.955857053625527e-09,9.699107605833494e-08,8.510571114122845e-06
57,0.9936638889192748,1.0328220282769607e-06,2.979537654495545e-06,3.564132772649808e-08,1.0708620892731579e-07,1.1118381558695367e-10,6.002268492904818e-08,3.629185212950302e-06,1.6137994729130836e-06,3.8980588694481e-06,6.299371579694229e-08,2.072664952530708e-06,4.381736426323025e-07,3.8955728707655265e-08,3.0719183609982686e-11,1.537040165966284e-08,2.2819084679726505e-06,0.006288455173701857,2.1045873784905948e-05,7.355264732483925e-08,2.6232459902787727e-07,7.812498032028676e-07,4.873870664105115e-09,5.502987623562521e-08,7.166640170110929e-06
58,0.9938755642110084,6.275446504626676e-07,1.935572931487272e-06,4.975140146191467e-08,8.365390131242014e-08,9.493355423381368e-11,5.694111743379747e-08,2.2591804005700713e-06,2.1644267643433745e-06,3.8394304212419695e-06,6.733500304220761e-08,9.565150439193375e-07,2.663407628663079e-07,3.859400092910268e-08,3.132965675012681e-11,1.4121043485384108e-08,1.9932174833031254e-06,0.006092633518255857,8.600625995447889e-06,5.589790379250172e-08,1.5839347435450577e-07,4.5323303939748636e-07,5.730766336542312e-09,1.1649759216689492e-07,8.059140775034376e-06
59,0.9937997135843973,6.021434728042926e-07,2.101835872878872e-06,5.217284794858782e-08,8.658025477760247e-08,9.455490260393101e-11,5.457829472570187e-08,2.2183337009918953e-06,2.1532983675543813e-06,4.055157513488621e-06,6.871865101298208e-08,9.074402032747842e-07,2.4539749050148767e-07,4.071919283360198e-08,3.360229145807588e-11,1.359663567332213e-08,1.951504731006444e-06,0.0061682044736411775,8.334982398935892e-06,5.938156894942908e-08,1.6605510350810837e-07,4.7154936293009784e-07,5.919125670990874e-09,1.3078840819017702e-07,8.361660606619654e-06
60,0.9933255854564582,6.745207773155479e-07,1.8926606706511305e-06,4.806099077851443e-08,8.786347960364323e-08,9.575906884332577e-11,6.043720732191189e-08,2.3469699007597147e-06,2.147970195499801e-06,3.822115101390493e-06,6.375988443707449e-08,1.0804634385595936e-06,2.8012599298762297e-07,4.059621887948732e-08,2.940757296906981e-11,1.4155518914558764e-08,2.051117195497447e-06,0.006641217530453356,9.07062375815723e-06,5.792815433503679e-08,1.668378355348327e-07,4.7019173333839495e-07,5.804142759045072e-09,9.706695993483339e-08,8.717618764993619e-06
61,0.9938814348970557,5.695016446269025e-07,2.150906360739622e-06,5.0665528943970296e-08,8.12535221703103e-08,9.118956058373858e-11,5.135819560546307e-08,2.238330492627354e-06,1.93014694911601e-06,3.837031035837542e-06,6.409689614947593e-08,8.820523819445044e-07,2.4168507159745125e-07,3.737160754718823e-08,3.0830408792395614e-11,1.2937617683636146e-08,1.8958078479554202e-06,0.006087962744890604,8.25089976211036e-06,5.701948661026147e-08,1.6262468862833438e-07,4.4159164022662683e-07,5.404950988534622e-09,1.1892154383247102e-07,7.52262880877966e-06
62,0.9933255854564582,6.745207773155479e-07,1.8926606706511305e-06,4.806099077851443e-08,8.786347960364323e-08,9.575906884332577e-11,6.043720732191189e-08,2.3469699007597147e-06,2.147970195499801e-06,3.822115101390493e-06,6.375988443707449e-08,1.0804634385595936e-06,2.8012599298762297e-07,4.059621887948732e-08,2.940757296906981e-11,1.4155518914558764e-08,2.051117195497447e-06,0.006641217530453356,9.07062375815723e-06,5.792815433503679e-08,1.668378355348327e-07,4.7019173333839495e-07,5.804142759045072e-09,9.706695993483339e-08,8.717618764993619e-06
63,0.9935508916092975,7.12985213249259e-07,1.8732664055252436e-06,4.651415698141037e-08,8.883058091096794e-08,9.606501427325753e-11,5.99404848337815e-08,2.31708381678643e-06,2.170119578997757e-06,3.7386247898339206e-06,6.384288400429022e-08,1.0928640632933033e-06,2.8197867165378676e-07,4.001702916323824e-08,2.9456015016915754e-11,1.3837767666105684e-08,2.028469610347585e-06,0.006415986842964305,9.167459385453394e-06,5.5598588451540064e-08,1.657440152952419e-07,4.6737700704082375e-07,5.660455292603369e-09,9.448559731168957e-08,8.63672211494683e-06
64,0.9934687934527219,7.337587258841932e-07,2.139118280811482e-06,5.001768435386552e-08,9.639822107453208e-08,1.0252235994276787e-10,6.344172784228871e-08,2.4542383825754524e-06,1.997170094865461e-06,3.9240809320445905e-06,6.872951838568914e-08,1.1619633142408288e-06,2.811523817532808e-07,4.081186963661894e-08,3.364651921264586e-11,1.3823949253415417e-08,1.981745324685852e-06,0.006496516231443211,1.0071118663201604e-05,6.101630436642637e-08,2.1135148083231013e-07,4.996332993425863e-07,6.004331560106424e-09,9.774254721439424e-08,8.73686263206342e-06
65,0.9924228710224271,6.142199997985204e-07,1.4163503400286689e-06,3.964557784848676e-08,7.888509462357434e-08,7.726800318888269e-11,5.301051604307109e-08,1.9817705064620783e-06,2.1660869775164737e-06,3.726035013923584e-06,5.400857141969806e-08,1.1283194005907796e-06,2.6671998062997263e-07,3.851352685279453e-08,1.9671563911671583e-11,1.39121727863264e-08,1.9283903329055016e-06,0.007546389019895736,7.86855398593809e-06,5.488004038572295e-08,1.357829519508274e-07,4.0691378287031247e-07,5.105717455938873e-09,8.075830457989426e-08,8.68199794301398e-06
66,0.9974484530371767,6.713366256198184e-07,1.2150853508117155e-06,2.0616147139894527e-08,3.28745387356229e-08,9.327237076937969e-11,7.353565302283498e-08,4.24338259059606e-06,2.4961471423647635e-06,2.239698755024767e-06,2.8204528058342576e-08,4.485980196934716e-07,2.0147174004050514e-07,1.3532235013123089e-08,3.835031099189557e-11,1.010618451736727e-08,1.6491612873584738e-06,0.0025194678445684703,1.1707499981628244e-05,4.399008193541935e-08,8.952488844792874e-08,3.9208854179006047e-07,5.584994358402177e-09,6.082570426522324e-08,6.4357216419342436e-06
67,0.9926240522931287,6.934427134809803e-07,1.9717993799435887e-06,5.102358711410966e-08,8.882200349751635e-08,1.0992794914055766e-10,6.444494090595513e-08,2.3270227764742698e-06,2.1550848898959657e-06,4.114978666728185e-06,6.885204586939438e-08,1.1859922058621725e-06,2.9342611085218696e-07,4.6786813557849226e-08,3.195616188602869e-11,1.5029849556499708e-08,2.255094023060777e-06,0.007340761776103355,9.239338353017239e-06,6.611743099563637e-08,1.8508332823968395e-07,5.156762289019044e-07,6.585573334383216e-09,1.074026612562656e-07,9.73378530104627e-06
68,0.9867223582157663,4.6120447394540884e-07,2.1960528732242758e-06,5.211149130519511e-08,6.15521182170959e-08,9.244368608597527e-11,6.478063726223805e-08,2.949875715797164e-06,1.2085170271333746e-06,3.234147245413204e-06,4.732844511617264e-08,1.6807564333599665e-06,4.6341517437689077e-07,3.65071041694395e-08,1.414634103452941e-11,1.5971633627276983e-08,2.2734565104225508e-06,0.013247155347645003,8.693728650621703e-06,8.144745856565962e-08,1.7291288464913062e-07,3.3910176097871723e-07,4.516517610261063e-09,5.916745762095568e-08,6.389778385060563e-06
69,0.9942661236359109,7.209950560856478e-07,1.7066728977834542e-06,5.534031418103986e-08,1.0713255659889575e-07,7.785349879426867e-11,5.9560772523291105e-08,2.1840788946218457e-06,3.044100490466012e-06,3.7625795166036063e-06,5.6651322382823375e-08,7.861075493085288e-07,2.2206928810091218e-07,3.955307209019009e-08,2.98751301174768e-11,1.3542159848719023e-08,1.8546693840743971e-06,0.005702450545207629,6.458936988568605e-06,3.9991984302745484e-08,1.2425084400073582e-07,3.8671253465948665e-07,5.1866121263000355e-09,1.044764927652485e-07,9.693102421588074e-06
70,0.984372549429207,6.619008121557609e-07,2.7786287843924966e-06,1.6623736182021508e-07,1.736294948870235e-07,1.8699863033593087e-10,8.537730128577566e-08,3.5203357203626165e-06,5.0008449155914586e-06,7.315241506358641e-06,7.008054317488504e-08,1.535076355852162e-06,4.7440346984003534e-07,1.0345393178077932e-07,2.767460027990945e-11,3.9151588700477646e-08,4.417966784951025e-06,0.015581200511699216,5.470535065003354e-06,1.2838658074448e-07,1.597789419457144e-07,4.792216083887207e-07,1.0564108516933108e-08,2.1497269586760251e-07,1.3444056848912939e-05
