,0,1,2,3,4,5,6,7,8,9,10,11,12,13,14,15,16,17,18,19,20,21,22,23,24
0,0.00012773851957921387,2.893905129780173e-06,1.3942810325871338e-08,8.315351077843472e-06,9.800464072940681e-09,0.00033296923528402226,0.7980985243826721,0.18870206636450787,6.952335925979619e-05,2.5861511177493226e-08,3.1168802690412785e-05,0.009315778684268113,5.451514615666134e-06,6.053569532585491e-08,1.503837218196883e-06,0.000954029721927581,2.9654472854985605e-06,0.00010771176359916361,0.0009683761555777836,3.2109428791816456e-10,5.025515091584002e-07,0.001269749426736169,4.514193458057466e-08,7.994843875578576e-10,5.745740673749024e-07
1,7.986397655520964e-05,2.3136510421338456e-06,9.629675873828864e-09,6.189773333416553e-06,7.3223571674557905e-09,0.0006610420385350103,0.8044743501397348,0.184214235964151,0.00021681488427623285,5.988006969931979e-08,2.6267696915945022e-05,0.005386898941058337,5.613049589839565e-06,8.449340951663864e-08,2.580270998489215e-06,0.0008301351396958871,9.173261529516891e-07,0.00011735392176024817,0.0018937769489466834,4.315193611679355e-10,4.3125456314899297e-07,0.0020802844637816133,3.92508785468667e-08,7.391416494618005e-10,7.288118570229192e-07
2,9.372897449604555e-05,3.388721694291036e-06,1.1275645490292608e-08,7.091779341392928e-06,1.0838847522393309e-08,0.0006977532905617171,0.7672834203272652,0.2187862831530644,0.00025686698643920215,6.535506439221338e-08,3.8441994885952206e-05,0.007700515540048868,5.635749692326099e-06,1.430670882150273e-07,3.6892707579846636e-06,0.0007561153711400842,1.2166935077223615e-06,0.00010665461570211932,0.0014754509950008112,5.377691257612532e-10,4.432756556336857e-07,0.0027819383065212366,4.516802310972188e-08,8.169599840614828e-10,1.0878948272624713e-06
3,0.00010480014624848981,2.965783047925475e-06,1.0314436467700757e-08,7.005610607908774e-06,8.762252401145081e-09,0.0006602243748769259,0.7941004603198066,0.19328710147151731,0.00019692314605320352,5.210506954900277e-08,3.557524150606281e-05,0.006714123609903002,6.013343373884962e-06,9.837835546898633e-08,2.6719193541580495e-06,0.0007138765139549002,1.281678618313219e-06,0.00011851154408439476,0.0015957650381787434,4.205902702929585e-10,4.5501818624097986e-07,0.002451249662624695,4.473032660082657e-08,7.613973635564379e-10,7.801056290478444e-07
4,0.00010346461521663733,3.080983539905996e-06,1.1161922311988781e-08,7.0974373799688636e-06,9.067926390890007e-09,0.0006017083987993055,0.8008663433208971,0.1868257899483149,0.00020712957589174788,5.4319470090774585e-08,3.561131097306936e-05,0.006544567023775841,6.919294878867758e-06,1.1238307837207026e-07,2.43000327792514e-06,0.000651424363476211,1.2040015597707427e-06,0.00012645135725320396,0.0015612672943881671,4.757523371056727e-10,4.980287850757707e-07,0.002454038147313303,4.401362230102738e-08,8.235159741337721e-10,7.426489914353588e-07
5,0.00010618698378697013,2.8172957101517773e-06,1.091884204360106e-08,8.535964357132288e-06,9.13394140542582e-09,0.0006724639496048699,0.7993960722641692,0.18908606487837915,0.00019443194805176194,5.717806151122976e-08,3.286226080435937e-05,0.005832088315160724,6.5645429116975595e-06,9.894519082671513e-08,2.285080665620454e-06,0.0006826295294956137,1.2442258160285856e-06,0.0001586072246429195,0.00170984134306307,4.699615785361072e-10,5.072079400256405e-07,0.0021059397743360382,5.358969068795971e-08,8.311690353569259e-10,6.261442477545061e-07
6,0.00010480014624848981,2.965783047925475e-06,1.0314436467700757e-08,7.005610607908774e-06,8.762252401145081e-09,0.0006602243748769259,0.7941004603198066,0.19328710147151731,0.00019692314605320352,5.210506954900277e-08,3.557524150606281e-05,0.006714123609903002,6.013343373884962e-06,9.837835546898633e-08,2.6719193541580495e-06,0.0007138765139549002,1.281678618313219e-06,0.00011851154408439476,0.0015957650381787434,4.205902702929585e-10,4.5501818624097986e-07,0.002451249662624695,4.473032660082657e-08,7.613973635564379e-10,7.801056290478444e-07
7,0.00013175012140346747,2.5846590958680016e-06,1.0984269603042949e-08,6.251044973058943e-06,7.56375923002501e-09,0.0005766448803965395,0.8109234273355584,0.17766937569880867,0.00017401529794422698,4.5197124462484116e-08,3.783141349111773e-05,0.005504906547254677,8.488166325733965e-06,7.547614033917485e-08,2.232996972391329e-06,0.00061088402092884,1.0749705903751737e-06,0.00012399512948344736,0.0016038719911822745,4.404159794720757e-10,4.267561291515031e-07,0.0026214864309875396,3.395275630102235e-08,7.16944117236682e-10,5.782070640309716e-07
8,0.00023186838200931888,6.388068003782822e-06,3.209470278302133e-08,1.552029298865015e-05,1.9801483078038917e-08,0.0009741367451546034,0.7177456243574482,0.26111520361092455,0.00040485697643877244,1.3383268189301936e-07,5.1349096967175635e-05,0.01321864117482601,8.588751921955047e-06,2.6074373026494865e-07,5.0572848870997065e-06,0.0013252882292162105,2.7458337949405437e-06,0.00016464870943217835,0.0014731458204655175,8.476085368582551e-10,5.803964054597656e-07,0.00325348953217211,1.1265673344892643e-07,2.5204861549317776e-09,2.304239517628361e-06
9,0.00012690207785163554,7.781293427865561e-06,3.078514379363808e-08,1.5057488478217385e-05,1.5457974735249457e-08,0.000877331320508981,0.6589497684701068,0.32234055006713996,0.0004282101601398062,2.310417227304113e-07,3.776890542811029e-05,0.010084240823834321,8.13376782482109e-06,3.5946264742534393e-07,4.691909816328619e-06,0.0017489067739176506,2.448748638736364e-06,0.00019111140538351137,0.002013200204683778,1.1440800714461054e-09,6.908011018708451e-07,0.003160164470992615,1.0278055418026592e-07,2.255714493717528e-09,2.298382887702733e-06
10,0.00010480014624848981,2.965783047925475e-06,1.0314436467700757e-08,7.005610607908774e-06,8.762252401145081e-09,0.0006602243748769259,0.7941004603198066,0.19328710147151731,0.00019692314605320352,5.210506954900277e-08,3.557524150606281e-05,0.006714123609903002,6.013343373884962e-06,9.837835546898633e-08,2.6719193541580495e-06,0.0007138765139549002,1.281678618313219e-06,0.00011851154408439476,0.0015957650381787434,4.205902702929585e-10,4.5501818624097986e-07,0.002451249662624695,4.473032660082657e-08,7.613973635564379e-10,7.801056290478444e-07
11,0.00010592248847011479,2.84208886824069e-06,1.049834841225082e-08,6.923847280859977e-06,8.815233373910545e-09,0.0006218636418227402,0.8098698512246282,0.17772179919006223,0.0001945186469388706,4.919421472750973e-08,3.4953149454704454e-05,0.006629922407119331,6.694368099758201e-06,9.40147979808438e-08,2.5401488388205458e-06,0.0007011816225700043,1.2334561375131602e-06,0.00011788414146647482,0.0015797946236553264,4.4999014820937246e-10,4.630755207927706e-07,0.002400661467153595,4.374188029918809e-08,8.397990001118701e-10,7.428576485395586e-07
12,0.0001088489777591396,3.056150140995848e-06,1.131330107024864e-08,6.763660858915978e-06,1.0282519968776054e-08,0.0006927511282257844,0.7945924890680368,0.19231060314640783,0.00021139259857310148,5.358403708846991e-08,3.903671001666707e-05,0.007283290372215811,5.90527180518262e-06,1.1159692548435678e-07,2.750929435613041e-06,0.0006964971129082408,1.3744584716094052e-06,0.00011754290378340598,0.0014407927315569647,4.5719649762598746e-10,4.836870042855235e-07,0.0024853057561680493,4.815680186562012e-08,8.304827866738558e-10,8.791153666948531e-07
13,0.00013750351484250386,4.329443231616029e-06,1.3229714559817169e-08,4.786493085643857e-06,1.3942838122924696e-08,0.0004688093060971871,0.6976720857486164,0.27989810100294304,0.00021518734181802965,3.927699491776672e-08,9.96513928606745e-05,0.015113211448556782,6.780402599983366e-06,2.2222004071592831e-07,3.848679595823256e-06,0.0005697597907483249,1.7848462907362853e-06,8.745398672028295e-05,0.0010556881657430618,5.428538965348513e-10,5.286327131277436e-07,0.004658530160706671,3.050530514774598e-08,7.940915990752504e-10,1.639130991331818e-06
14,0.0001052992400646344,8.548202573859825e-06,1.3816752577601487e-08,1.0729539385660451e-05,1.6303337064178236e-08,0.0004949045518086421,0.7913232094733901,0.19510178326295685,0.0001926349506282228,9.179638789335727e-08,5.5316887004534726e-05,0.0057857110715977276,1.1934759613025629e-05,1.8150386821553956e-07,1.8199723594246665e-06,0.0005627338219814559,2.0839176205550535e-06,0.00020830175581157615,0.002934271179925784,6.101127028160858e-10,1.2086740157519546e-06,0.003198539016897663,4.997692466482328e-08,1.1402440313310516e-09,6.145747371973198e-07
15,0.00010480014624848981,2.965783047925475e-06,1.0314436467700757e-08,7.005610607908774e-06,8.762252401145081e-09,0.0006602243748769259,0.7941004603198066,0.19328710147151731,0.00019692314605320352,5.210506954900277e-08,3.557524150606281e-05,0.006714123609903002,6.013343373884962e-06,9.837835546898633e-08,2.6719193541580495e-06,0.0007138765139549002,1.281678618313219e-06,0.00011851154408439476,0.0015957650381787434,4.205902702929585e-10,4.5501818624097986e-07,0.002451249662624695,4.473032660082657e-08,7.613973635564379e-10,7.801056290478444e-07
16,0.00011294428025708262,3.4599213002523e-06,1.0534999139256865e-08,6.776928166410273e-06,8.567268993013071e-09,0.0005800262914047292,0.7582393673265216,0.2260059903072662,0.00020943854090973215,5.206215179070477e-08,4.254474224030525e-05,0.009318185637559167,6.1272289759899555e-06,1.369330661570636e-07,3.0285199202419483e-06,0.0007152340156401913,1.3484641474945143e-06,0.00011757315806623399,0.001482082674683637,4.1744586587733886e-10,4.2747890393846243e-07,0.003154231663467989,3.7555434632132874e-08,6.993928819073173e-10,9.66050809195643e-07
17,0.00010949851953532955,2.3623198553634787e-06,1.1634538152100808e-08,4.8291225943386485e-06,1.0487242500951027e-08,0.00043532902758100647,0.8543903776167853,0.13405530211778569,0.00018697959968870726,2.8974231492875197e-08,4.073773053715025e-05,0.007532557095423437,6.742162822849346e-06,1.2184936567203872e-07,1.2371118457652984e-06,0.0003663262868971855,1.1482098136787796e-06,0.00011960848176661984,0.000861989975478916,4.0473196562986115e-10,6.042008560307976e-07,0.0018835496798581455,4.222531222494436e-08,9.127976525770419e-10,6.042526548539033e-07
18,8.103905019151782e-05,3.2139124802696756e-06,1.1974638593139584e-08,4.431208383723741e-06,8.140405088335976e-09,0.0005181859126990819,0.8128642990827264,0.17110700289743633,0.00019374223048040953,4.84743266972871e-08,3.333640443205571e-05,0.010594897738836226,4.473059984662114e-06,1.5704620619379674e-07,2.785117231458772e-06,0.0009598036447811594,1.7122880042484835e-06,9.719908734536895e-05,0.0013051208847449692,4.4315499998043775e-10,5.652431533728787e-07,0.0022263028980097767,5.107838676947181e-08,9.558680432944512e-10,1.6112260927203942e-06
19,7.993799113722702e-05,3.5457268909842626e-06,9.03086825760263e-09,9.849414240458177e-06,1.0941674108233655e-08,0.0008559496659079237,0.8088740392226548,0.17740104502663737,0.0002854690331872553,7.18000977291933e-08,2.683420647738968e-05,0.007196592730718857,5.877395719738905e-06,1.0903353794456345e-07,3.3810699831422356e-06,0.0007510096451992494,1.0949618752535728e-06,9.455328760526092e-05,0.0015986550295260921,4.73458667939123e-10,3.259406780183133e-07,0.002810726059491425,4.4913926180327005e-08,8.446111623663602e-10,8.665538954687305e-07
20,0.00010624170799775098,3.760559103984515e-06,9.343317815771633e-09,7.984238018269428e-06,9.214750267411787e-09,0.0007210492056707494,0.7427215877265942,0.2434971492830368,0.0002500070793395371,6.732511279276443e-08,4.352115623727786e-05,0.005960814625322615,7.814583477679067e-06,1.3515658523613394e-07,3.2234732287088704e-06,0.0005691763614894507,1.1210117045056747e-06,0.00012436760489661106,0.0018078885488002274,5.381513085720694e-10,4.4822995705796335e-07,0.004172863197398808,3.783180927859261e-08,6.615963773060838e-10,7.213364026607272e-07
21,0.00013850862980876777,2.922988653734462e-06,1.9500389750307672e-08,6.384061392211018e-06,9.059360800219714e-09,0.0003779186637844669,0.7836416567836281,0.20161083370566724,0.00016160243996843032,4.7649406743970196e-08,3.4978474664592004e-05,0.01015863185328144,7.355523921392116e-06,1.4479232562402956e-07,1.5861440628666688e-06,0.0008996117014752807,1.6722085737351487e-06,0.00016898258456592946,0.0010897410749082046,5.138591175582024e-10,6.513128622412694e-07,0.0016957716478594048,4.925909124000827e-08,1.1630272961533662e-09,9.182634614504593e-07
22,0.00014601511229741176,3.4681667884716465e-06,1.51569444531248e-08,7.482271077017131e-06,8.13409841274796e-09,0.0007102711878654581,0.6826522733726724,0.305098642951362,0.00013433301396105162,7.713285705312704e-08,4.291148427219782e-05,0.005454392751919995,6.857581656944614e-06,1.1378225546223385e-07,2.0014953843800552e-06,0.0008027536423209906,2.225738959992867e-06,0.00020633735121467785,0.0019112072533246996,4.819270983830733e-10,7.589085110817533e-07,0.0028171774826443834,5.6630606946566544e-08,6.225599951096505e-10,6.182925174222121e-07
23,0.00010480014624848981,2.965783047925475e-06,1.0314436467700757e-08,7.005610607908774e-06,8.762252401145081e-09,0.0006602243748769259,0.7941004603198066,0.19328710147151731,0.00019692314605320352,5.210506954900277e-08,3.557524150606281e-05,0.006714123609903002,6.013343373884962e-06,9.837835546898633e-08,2.6719193541580495e-06,0.0007138765139549002,1.281678618313219e-06,0.00011851154408439476,0.0015957650381787434,4.205902702929585e-10,4.5501818624097986e-07,0.002451249662624695,4.473032660082657e-08,7.613973635564379e-10,7.801056290478444e-07
24,8.783897908836344e-05,4.477491599578179e-06,1.0039013246308203e-08,1.2090630675069898e-05,9.008143210160181e-09,0.0006498724244802288,0.7588773446416905,0.22840004916833556,0.00020303418578220846,8.040678001123655e-08,3.12175745697724e-05,0.005913055197629469,6.4092035217738e-06,1.3326318003496826e-07,2.7955878984193007e-06,0.0007550830722443664,1.5102726582626737e-06,0.00016119325749776263,0.0023604436256578773,4.4619331316129663e-10,5.52259040866018e-07,0.0025320523201451573,5.7541667089638807e-08,7.731633844310907e-10,6.886293445253467e-07
25,7.45584431945408e-05,1.4707416857383811e-06,8.708443853970451e-09,3.929357900857594e-06,6.932839189443604e-09,0.0003843092164737206,0.721661357745002,0.2689320278121933,0.00010090872439268085,2.5688146937746134e-08,3.882790117564055e-05,0.005915129841295776,4.36906213763531e-06,8.53814264205341e-08,1.0007226977860882e-06,0.00044443300905770277,9.868639165417517e-07,0.0001372598314886001,0.0007837383168207736,3.9357045846432037e-10,4.812994749684414e-07,0.0015146682393672641,2.8196979422204566e-08,3.9074073103366075e-10,3.8717957754797844e-07
26,0.00016062807396264613,2.796024966629825e-06,2.038780151047914e-08,1.0765908578135865e-05,1.685815046448172e-08,0.000887239963984765,0.8589546023127442,0.12958283878081192,0.0003563430225531928,7.238964189805239e-08,3.339831725196404e-05,0.0060565543641805525,7.823326305065294e-06,1.2475823899824283e-07,2.07705163166861e-06,0.0007535993296513484,1.4508793632449545e-06,0.00021432365073321773,0.0014218648231105065,7.028708892322307e-10,6.426847052326308e-07,0.0015518167750885822,1.1685565977830768e-07,2.3288121451085276e-09,8.804292013630843e-07
27,0.00010651836055736025,3.1051686122932636e-06,8.940898630426409e-09,8.056063344767639e-06,9.797744847707656e-09,0.000993609896288375,0.7628273905507381,0.22256158891990466,0.00034480045761622435,6.93240534211934e-08,3.773371071127396e-05,0.006639647228767308,6.263898867186821e-06,1.0951914747805647e-07,3.9720490980898595e-06,0.0006718643682836877,8.914096107552627e-07,0.00010468734574770482,0.0018007830981486262,4.697631502361927e-10,3.3873029163428237e-07,0.003887600226832814,4.047330649704741e-08,7.969287908996775e-10,9.09194736423035e-07
28,0.00010480014624848981,2.965783047925475e-06,1.0314436467700757e-08,7.005610607908774e-06,8.762252401145081e-09,0.0006602243748769259,0.7941004603198066,0.19328710147151731,0.00019692314605320352,5.210506954900277e-08,3.557524150606281e-05,0.006714123609903002,6.013343373884962e-06,9.837835546898633e-08,2.6719193541580495e-06,0.0007138765139549002,1.281678618313219e-06,0.00011851154408439476,0.0015957650381787434,4.205902702929585e-10,4.5501818624097986e-07,0.002451249662624695,4.473032660082657e-08,7.613973635564379e-10,7.801056290478444e-07
29,0.00010480014624848981,2.965783047925475e-06,1.0314436467700757e-08,7.005610607908774e-06,8.762252401145081e-09,0.0006602243748769259,0.7941004603198066,0.19328710147151731,0.00019692314605320352,5.210506954900277e-08,3.557524150606281e-05,0.006714123609903002,6.013343373884962e-06,9.837835546898633e-08,2.6719193541580495e-06,0.0007138765139549002,1.281678618313219e-06,0.00011851154408439476,0.0015957650381787434,4.205902702929585e-10,4.5501818624097986e-07,0.002451249662624695,4.473032660082657e-08,7.613973635564379e-10,7.801056290478444e-07
30,0.00010480014624848981,2.965783047925475e-06,1.0314436467700757e-08,7.005610607908774e-06,8.762252401145081e-09,0.0006602243748769259,0.7941004603198066,0.19328710147151731,0.00019692314605320352,5.210506954900277e-08,3.557524150606281e-05,0.006714123609903002,6.013343373884962e-06,9.837835546898633e-08,2.6719193541580495e-06,0.0007138765139549002,1.281678618313219e-06,0.00011851154408439476,0.0015957650381787434,4.205902702929585e-10,4.5501818624097986e-07,0.002451249662624695,4.473032660082657e-08,7.613973635564379e-10,7.801056290478444e-07
31,0.00012832438279999873,2.7413975940226e-06,1.3503157957335292e-08,5.9196864694520685e-06,6.072281764870129e-09,0.0004912334646514014,0.6953625370842801,0.292849650845408,0.00012574050156780568,5.037154037570584e-08,3.461529555034916e-05,0.006631699845990362,5.781071472401928e-06,9.547258420229954e-08,1.7153165221423205e-06,0.0008341602378599064,1.504054416927044e-06,0.00015665472188073698,0.0013120489455023872,3.929297377449837e-10,5.193368584536643e-07,0.002054311639910259,4.033947941058102e-08,5.855333903300479e-10,6.354337584965911e-07
32,9.6311438559273e-05,2.814801909028701e-06,9.652993546474579e-09,7.091376058724521e-06,8.443397115687663e-09,0.0006609440864779844,0.8036240114345937,0.18417149152809933,0.00019081225507776786,5.227426823581793e-08,3.401531001778895e-05,0.006138613726968136,6.051651141765117e-06,9.138752227667037e-08,2.761162716794676e-06,0.0007328700158699414,1.2547794623632468e-06,0.00012014130924872068,0.0018283073066961758,4.259121826172637e-10,4.7553177447085206e-07,0.0023810837920817726,4.558818210417902e-08,7.666713471903488e-10,7.399542992484448e-07
33,0.00010445133384593586,3.0350658492743316e-06,1.070959236964644e-08,7.06317713084733e-06,9.29358302743694e-09,0.0007185869993442219,0.7950017931131351,0.1923697047729504,0.0002215841291919,5.742756045802653e-08,3.551806211226973e-05,0.00659531066737139,5.831903775177835e-06,1.0516983147664972e-07,2.9405886082817355e-06,0.0007150409283912994,1.2365493209568708e-06,0.0001168858665820789,0.0016144538416725575,4.363194149591322e-10,4.5347599284138745e-07,0.0024850270823553807,4.71784157502812e-08,7.856533344843768e-10,8.514414141662565e-07
34,0.0001687988916063977,1.8815676133020033e-06,1.130909471895426e-08,6.968968659172125e-06,9.106451371697005e-09,0.0006531241147725679,0.8377255577996784,0.15170530941614094,0.0002188758839152079,3.8771207396450614e-08,4.1893548753245786e-05,0.0047893502689922655,7.963326764277374e-06,6.726884064971306e-08,2.597997824512596e-06,0.0005454441809480585,9.28412433271568e-07,0.0001546027905023245,0.0018088567634022966,4.1322052939429527e-10,4.7002615063041533e-07,0.0021666564679435163,4.615154106722415e-08,9.137311923635483e-10,5.456398127913411e-07
35,9.875009671500725e-06,1.2646448398005108e-05,1.4883605633138253e-08,9.644705250442543e-06,1.1483060859920593e-07,0.0005499137901344499,0.9563535326343793,0.03472087901681849,0.00039851971562019446,8.481063116063584e-08,3.609692180631146e-05,0.00559726791243718,2.8801388937933125e-06,7.900374149921904e-07,1.6845419242220908e-05,0.0003055461406495499,2.9878392050960178e-06,1.112124860879435e-05,0.0008605892371205083,1.5855638780620093e-09,1.2225714132928946e-06,0.0011024370780646606,1.697170983152377e-07,2.294137375999047e-09,6.81601322598851e-06
36,0.00010517188568313275,2.954095266794383e-06,1.0373837717297042e-08,6.982205676545735e-06,8.892325817694984e-09,0.0006595844759915906,0.796602729843505,0.190828253064159,0.00019705772986672548,5.153220734264101e-08,3.5896212396159e-05,0.006712857304447575,6.025058363306686e-06,9.813286458831402e-08,2.6656444258536365e-06,0.0007073089590061032,1.28026866193775e-06,0.0001182285063353882,0.001585797435062644,4.218825763791513e-10,4.587020653259564e-07,0.0024257509409487364,4.504546831072906e-08,7.723376875276646e-10,7.824972141623733e-07
37,0.000154848969415578,2.276372880960972e-06,1.6823445649299092e-08,5.7427138489337136e-06,9.934579015153991e-09,0.00043284744091738993,0.8579930888745243,0.1307354243919823,0.0001979171391682682,3.781376006082737e-08,3.394553888629746e-05,0.007145469104461788,8.402633466800591e-06,1.0412668511906172e-07,1.3229372294477004e-06,0.0005480353166185517,1.1203658090726143e-06,0.0001579512016583698,0.0010072161643700853,4.612751304556418e-10,5.839584126527875e-07,0.001572951370541606,4.69528302972789e-08,1.2509570963436393e-09,6.381422750310982e-07
38,6.734099652369064e-05,1.0811776165720003e-06,5.777408591966871e-09,4.85121422137231e-06,4.06752523647087e-09,0.0006844633677174491,0.8680537557065785,0.12387488265936535,0.00010396309866723761,3.293170305976307e-08,1.68283367400822e-05,0.0029637910215351304,4.394160295962091e-06,2.8527108589991094e-08,1.9066958403909206e-06,0.0008020514115083642,8.149594929353696e-07,0.00011758736048555244,0.0020453625835587523,2.962000814162852e-10,3.5209382244790464e-07,0.001256120252033105,3.814486700294941e-08,4.641944726013093e-10,3.4269499010374433e-07
39,0.00012046615234496301,5.447256747466747e-06,1.2823511714263993e-08,1.0843059542490527e-05,1.5073087569257098e-08,0.0007042275346929224,0.8295300125428522,0.15600774309327192,0.0003684309227595261,8.350793322317192e-08,4.3466083430023686e-05,0.007147620544561346,8.336354254308427e-06,1.7886442927546732e-07,4.428196273669132e-06,0.0006311993675638466,1.3364538715101483e-06,0.00012713426040987034,0.002120019488980695,5.594577701743131e-10,5.25505428236093e-07,0.0031672756330888533,5.744200179394242e-08,1.2254685941494302e-09,1.1380540362805617e-06
40,0.0001469147343368647,3.3797062810457256e-06,1.3210096987275161e-08,5.088159968975965e-06,1.1655217799585026e-08,0.0006953591193239295,0.8164202725691323,0.16651258793503818,0.00024106864178830868,4.1285626992790817e-08,4.9730791561256564e-05,0.010662848685145708,6.894373930133527e-06,1.206774899395688e-07,3.343411804048913e-06,0.0006077391606720809,1.399733447359547e-06,7.447094451758166e-05,0.0009768047615642452,4.5807457916412684e-10,3.7987635765650665e-07,0.003590230318395044,3.5154568724239025e-08,8.461751524919421e-10,1.2637894851202447e-06
41,0.00013773914394250118,2.8587623305850588e-06,1.1152900573320248e-08,1.563950510988102e-05,2.073384387122934e-08,0.0016151120136409416,0.7722476093395964,0.21277154828155836,0.0005044999433332454,8.728416403475948e-08,4.209557689566117e-05,0.006879135260511099,4.880339981192695e-06,1.02175050851301e-07,8.02943585843566e-06,0.000751251739636821,9.948912098617313e-07,0.00010458166242574081,0.001839946217256714,4.99622825151699e-10,2.506452954932561e-07,0.003072343792133934,6.726290820495076e-08,1.0269981606389784e-09,1.1933137946354534e-06
42,8.735199415818859e-05,3.1813471873731215e-06,6.0662748667480585e-09,6.910908100734803e-06,6.356404870822436e-09,0.0008491090823991625,0.732913064787126,0.2515692142424525,0.00017042422017912343,5.599930575342071e-08,3.2415178833776815e-05,0.005943030989792466,6.7477310971569165e-06,5.64119559533769e-08,3.5487453708076697e-06,0.0009747507861935326,1.2847482040786389e-06,8.09063177328404e-05,0.0023934127465290787,3.968245609445755e-10,3.0320857998390464e-07,0.004963557208372909,2.5457522874585677e-08,5.119810755300401e-10,6.345574202024761e-07
43,9.047174325937829e-05,3.037283682753743e-06,9.862785396612383e-09,7.870474004261744e-06,8.876472067972997e-09,0.000996731909031063,0.7438308430590987,0.24363004709826605,0.00023946035122837816,8.612907803664676e-08,3.2318057754213275e-05,0.00493869248636315,5.736062689585969e-06,1.0062166253682573e-07,3.471310805858935e-06,0.0008292375082757439,1.1829467073417467e-06,0.00012528408392765405,0.002153797578689714,5.05286944255833e-10,4.744147545592444e-07,0.0031103058657407662,4.8666855273860534e-08,6.878860166061725e-10,7.824156945177203e-07
44,0.00010480014624848981,2.965783047925475e-06,1.0314436467700757e-08,7.005610607908774e-06,8.762252401145081e-09,0.0006602243748769259,0.7941004603198066,0.19328710147151731,0.00019692314605320352,5.210506954900277e-08,3.557524150606281e-05,0.006714123609903002,6.013343373884962e-06,9.837835546898633e-08,2.6719193541580495e-06,0.0007138765139549002,1.281678618313219e-06,0.00011851154408439476,0.0015957650381787434,4.205902702929585e-10,4.5501818624097986e-07,0.002451249662624695,4.473032660082657e-08,7.613973635564379e-10,7.801056290478444e-07
45,0.0004081795455664807,3.634069367104985e-05,8.930887636435429e-08,9.092457276323917e-06,1.6591447932324284e-08,0.0004015881859719576,0.5350688585274503,0.4307403666660477,0.0002680279712378473,2.6571996480841116e-07,0.00011499812978253253,0.023048441942202295,1.515468403273324e-05,1.6845366266915986e-06,1.6528963522970396e-06,0.0011756236294330382,1.1695353524544656e-05,0.0004237319165929754,0.0017729153195233346,8.656032377630007e-10,3.662218795656955e-06,0.006493238237057395,1.445948490607602e-07,2.914215326255323e-09,4.227093898006187e-06
46,0.00016911446641645607,4.120256831601381e-06,1.1509940619203753e-08,8.373252881695555e-06,8.477859718625659e-09,0.0006167271403508958,0.7481497051942889,0.23229076278715452,7.555625905034553e-05,3.611747923304046e-08,4.574357694556388e-05,0.012176208048314366,6.868368229951319e-06,5.977636966987538e-08,2.986180560715796e-06,0.001355692820453808,4.7963067069115715e-06,8.975072126785466e-05,0.0015051277639343854,3.619300750700081e-10,4.384560062230466e-07,0.0034969448047410113,4.706051816288097e-08,7.640372471641834e-10,9.195277301366714e-07
47,9.88071955783172e-05,2.776782407782033e-06,1.0239045746397217e-08,7.288898296535178e-06,9.161615273082288e-09,0.0006900248182237502,0.795751140888142,0.1923160997444825,0.00020141086917510628,5.3475254161029495e-08,3.522012615065052e-05,0.006179253628256169,5.625827102351314e-06,1.0107690100007935e-07,2.70929468277126e-06,0.0006783806417346441,1.2429480691488156e-06,0.00012424222332940414,0.001639254331581998,4.235209627486629e-10,4.806459042157371e-07,0.002265059078204903,4.90915679678434e-08,7.494355625552262e-10,7.578413371344641e-07
48,7.278509391607952e-05,1.1026065759653035e-07,1.0586043674945758e-08,6.052558149091113e-07,3.812551411367892e-08,0.0006938377925784834,0.9748710925809094,0.01672278121979478,0.0014781599935906958,5.8711457504145e-09,5.0803391345437015e-05,0.005355645747728044,3.2521961783254206e-06,5.918703184414176e-08,1.3962033427100562e-06,0.0001098541445412052,4.4123539509952375e-08,4.184981892148857e-05,0.0001687823819372257,6.295975743826867e-10,2.510599706840735e-07,0.00042710970385811833,2.7556966303807993e-08,4.122989329124281e-09,1.4929520868022863e-06
49,0.00011018818098316256,2.5443144767127616e-06,1.0283282444604549e-08,6.045559764330616e-06,8.995315114184755e-09,0.0007519830764319717,0.7856835651922179,0.2008290295912884,0.00019570267703289954,4.4058212251971845e-08,3.749501848440855e-05,0.007935281767148554,5.783884836243926e-06,8.99945286014382e-08,2.2122325200710724e-06,0.0006535241927699369,1.1587048034093642e-06,0.00011064355052757985,0.0011346286170031813,4.346561609768098e-10,3.7466730989028445e-07,0.002538878880158205,4.025778179327899e-08,7.114036125444097e-10,7.651570630409105e-07
50,0.00026426302721013734,2.942986761934744e-06,1.5012357822027033e-08,1.0844735851454151e-05,2.4721421996165994e-08,0.0012464942533648368,0.8657274083401371,0.11478590217111459,0.00026738839093182887,3.0884296431280836e-08,8.671423428905223e-05,0.012984929739077968,5.8552164538680035e-06,8.454822812453416e-08,5.105972591484279e-06,0.0010480224654281093,3.1219702681004548e-06,0.0001644446323752496,0.0014454004461776169,5.780626179329443e-10,5.80102409908533e-07,0.0019485210403955146,1.7272253015390805e-07,3.231668956868047e-09,1.7285765951547082e-06
51,9.675994634089242e-05,1.8179628551355916e-06,9.144433555465605e-09,5.119352912120247e-06,8.109786004155705e-09,0.0006565747749547789,0.8441168399500859,0.14523061461118494,0.00017218910409678168,3.640520038863828e-08,3.15424468460913e-05,0.005785889249451995,5.0364890876854494e-06,6.746491776718881e-08,2.2038794104156584e-06,0.0006550397417621846,1.1081606401366431e-06,0.00010693899426361566,0.001362160200129846,3.665406051114715e-10,4.3854799433076896e-07,0.0017688856415665909,4.510838006179125e-08,7.597012098380248e-10,6.735874570091669e-07
52,0.00013031098322232183,3.409887592061225e-06,1.2817244119086124e-08,1.6643997854283187e-05,7.326591688243831e-09,0.001704226051288868,0.6020830427629486,0.38007162426639635,0.0003366019746085313,2.9192591667404246e-07,3.430705354445483e-05,0.0031108844521194443,8.62924601490683e-06,1.0495672738648461e-07,5.693365755228626e-06,0.001585527360073506,1.4357117056092988e-06,0.00034991037565457016,0.006499547339834046,8.214771222974157e-10,5.193014684325332e-07,0.004056582363489305,7.753236033801671e-08,8.755213413016153e-10,6.072505910851022e-07
53,0.0009142747161633885,0.00012939520015972934,1.1007632905556679e-07,8.847710316056676e-05,4.1205145969632986e-08,0.001359377787889282,0.08653539866044303,0.8329021330368497,0.00045204083295612954,5.647519895860254e-06,0.00015714817411907622,0.00426474539756981,4.749844372099941e-05,9.973135120481058e-07,1.5251490182926074e-05,0.002352436933104841,1.5875812835589977e-05,0.0005725692975103304,0.020749584973940017,1.973713360479782e-09,2.5713555494587527e-06,0.049432065013263374,1.0081945272921717e-07,4.570735461858827e-09,2.2522917971556917e-06
54,8.924176072494352e-05,4.711291987034695e-06,1.1860916384797712e-08,6.49433592721586e-06,9.53104199216498e-09,0.0006011876072032553,0.7621807301553936,0.219239353043315,0.0002782341355598494,7.131931206662359e-08,3.452420523060859e-05,0.011880163891148265,5.393987863595595e-06,1.7207580172671028e-07,4.08034337111696e-06,0.0010498696003761394,1.3882153042177516e-06,8.442316739127311e-05,0.0014022742255791175,4.886911827404393e-10,3.659833314946173e-07,0.003135523500375187,3.89110795254374e-08,9.085968771762094e-10,1.7354544782987913e-06
55,0.00012406215180939153,1.2610685206304829e-05,1.736347944457491e-08,1.4019485761211499e-05,7.388856151530861e-09,0.0012049249862754947,0.39576768988672295,0.5849550231463304,0.00014721093411727647,3.9978942663627896e-07,4.39344911277125e-05,0.0027103618726840337,8.053640566985682e-06,2.1534075109623225e-07,7.665014850660881e-06,0.0014123766947452226,4.629599758843884e-06,0.0001678884730426223,0.004936020562825074,8.178687223432984e-10,9.373189996079854e-07,0.008480934108883547,6.634649759765916e-08,4.2108405619982096e-10,9.49478328880271e-07
56,0.00010579902173937822,2.9216536079257463e-06,1.0429395720095007e-08,6.950525505369955e-06,8.768019961293121e-09,0.0006426087387475461,0.800891964830284,0.18659158093534206,0.00019650963617657858,5.069260015398571e-08,3.550095050395406e-05,0.006688635150722128,6.348340191666765e-06,9.733300537127276e-08,2.5669376261765147e-06,0.0006952123257878202,1.2527371660686023e-06,0.00011925201551900271,0.0015726788753913379,4.3448362565862483e-10,4.5838526212109404e-07,0.0024387890055394532,4.4235620942361864e-08,7.914896471402135e-10,7.572502721592333e-07
57,7.639799406292416e-05,3.198118015788705e-06,8.817333414262087e-09,5.639717111372615e-06,6.650678562582946e-09,0.0004651819660807564,0.8260910122333498,0.16078433115865534,0.00015167654726126227,4.5521519943704895e-08,3.039336354854245e-05,0.00684095087741411,6.991445187807572e-06,8.119107067938789e-08,2.2172851800475054e-06,0.0008558856169098609,1.3148361929168322e-06,0.00010099927074193838,0.0021901514113782765,3.924522057313966e-10,5.425822240767206e-07,0.002392202646875182,3.339912325377797e-08,8.186685191418568e-10,7.361389637155131e-07
58,0.00010274671883286223,2.802621729842394e-06,1.0824878402614755e-08,7.066635286475349e-06,1.0325076943872149e-08,0.0006355815697574893,0.8353537728794941,0.15218656677125206,0.00021794676225950227,4.780162239702053e-08,3.564900947754695e-05,0.006887323338415947,6.800941492372388e-06,9.607153397404853e-08,2.612042798134605e-06,0.0006834460628757831,1.1757751944414825e-06,0.00011524477972914049,0.0015753760814653333,4.788437512471276e-10,4.909724310466414e-07,0.002184369639780807,4.862423401882149e-08,1.0627016289693442e-09,8.122088359424928e-07
59,0.00010659319766997169,3.100351316838941e-06,1.1907038621897856e-08,7.03214250055812e-06,1.0475214950882345e-08,0.0006544142447708922,0.8175114469411647,0.16964338631296877,0.00021601170428171937,5.384677212581788e-08,3.6022922626069e-05,0.007104485411281097,6.581670377209791e-06,1.0527314003195376e-07,2.6106656002388527e-06,0.0007377202653486775,1.321513574624769e-06,0.00011777153702269696,0.0015559628513540586,4.812638920853383e-10,5.203742591676785e-07,0.002293905962262932,4.9805527857671794e-08,1.0322587691633879e-09,8.791104036723561e-07
60,0.00010480014624848981,2.965783047925475e-06,1.0314436467700757e-08,7.005610607908774e-06,8.762252401145081e-09,0.0006602243748769259,0.7941004603198066,0.19328710147151731,0.00019692314605320352,5.210506954900277e-08,3.557524150606281e-05,0.006714123609903002,6.013343373884962e-06,9.837835546898633e-08,2.6719193541580495e-06,0.0007138765139549002,1.281678618313219e-06,0.00011851154408439476,0.0015957650381787434,4.205902702929585e-10,4.5501818624097986e-07,0.002451249662624695,4.473032660082657e-08,7.613973635564379e-10,7.801056290478444e-07
61,0.0001164096059476144,2.929781065788314e-06,1.2878906039442791e-08,6.996659899462211e-06,1.079553774199573e-08,0.0006545285484029601,0.8172583618050637,0.17014342156930926,0.00022862653839630012,5.38094760404151e-08,3.6929815997703576e-05,0.007035688174844732,6.808584453265415e-06,1.0708714486772632e-07,2.4003826194544464e-06,0.0006992907908411326,1.241657283731999e-06,0.00012827065073365583,0.0014806170926808797,4.873859829174894e-10,5.302564938061434e-07,0.002195863785879032,5.0880377610991593e-08,1.0888030430150151e-09,8.472724563743815e-07
62,0.00010480014624848981,2.965783047925475e-06,1.0314436467700757e-08,7.005610607908774e-06,8.762252401145081e-09,0.0006602243748769259,0.7941004603198066,0.19328710147151731,0.00019692314605320352,5.210506954900277e-08,3.557524150606281e-05,0.006714123609903002,6.013343373884962e-06,9.837835546898633e-08,2.6719193541580495e-06,0.0007138765139549002,1.281678618313219e-06,0.00011851154408439476,0.0015957650381787434,4.205902702929585e-10,4.5501818624097986e-07,0.002451249662624695,4.473032660082657e-08,7.613973635564379e-10,7.801056290478444e-07
63,0.00010707463286843025,3.6847592103244406e-06,1.0919693643433812e-08,7.5124531374413366e-06,9.092549697824367e-09,0.0006568601302091372,0.7840016651479887,0.20244813135571185,0.00020366237193646743,5.972217200499086e-08,3.681676951775297e-05,0.0071251528088142994,6.501158606102598e-06,1.1078168350479406e-07,2.875734923581412e-06,0.0007718407403960511,1.4433658075388919e-06,0.00011903685930181437,0.0017523335709406936,4.45824223480461e-10,4.895873991346167e-07,0.0027538172792962905,4.6009253395317294e-08,8.212926698760476e-10,8.634814649828814e-07
64,9.88115429757294e-05,2.824579470044598e-06,1.115520345505409e-08,6.089162668920545e-06,8.650615955826943e-09,0.000553057524589585,0.8150127993582498,0.17344014339923472,0.00016593312487490027,4.614092832848616e-08,3.494707288432787e-05,0.006231951770359056,6.279988069067478e-06,9.847826098548678e-08,2.135804298775675e-06,0.0006726709353412675,1.3799005400460735e-06,0.00012355608723988956,0.0015606372515503566,4.30558693621083e-10,5.927703276800116e-07,0.0020852678392774097,4.601783066116944e-08,7.984045737964061e-10,7.102162457725101e-07
65,9.707694154773357e-05,2.2295355195960916e-06,8.421814921702951e-09,7.07112709621088e-06,8.193663821855853e-09,0.0007327899035465409,0.8113880618456182,0.17727288649654838,0.00016324161797695778,4.295563390154899e-08,3.355696205084416e-05,0.005679108952602303,5.061213786132551e-06,6.903409109401443e-08,2.6978318836163515e-06,0.0007060042412731516,1.2665756934286363e-06,0.00011926216029069302,0.0017281859338417458,3.651340282404651e-10,4.202285683719399e-07,0.002060255256641129,4.8357047039315285e-08,6.651635204085354e-10,6.451829668087061e-07
66,9.976101429934754e-05,3.561627904001447e-06,9.3491571099036e-09,8.375650938819872e-06,9.915259770113357e-09,0.0008283426255484729,0.7960462882173387,0.18991087904642645,0.00023029748711460199,5.915241175885179e-08,3.814050826045004e-05,0.007297410667447028,5.1413678067907314e-06,1.133118143374505e-07,3.6063553106737412e-06,0.0007513627308908146,1.5337895145705164e-06,0.00011571263925280644,0.0019495238954471143,3.9588054295785917e-10,4.878247340632996e-07,0.002708318840191953,6.149786716099455e-08,8.615270379473761e-10,1.0012276556701802e-06
67,0.00013947688557615899,2.4427534733498697e-06,3.630657180228871e-08,1.0699364259192905e-05,9.242543087563327e-09,0.0006472067033980539,0.7738968428940377,0.21739028534307042,9.695340397268352e-05,9.110207682797792e-08,3.055473642529555e-05,0.003712811260089489,7.388031743965675e-06,1.4435459712906415e-07,1.4784262168672454e-06,0.0010966048118959896,3.5503693594750028e-06,0.0004087768295911676,0.0017103922677426282,9.99561894945679e-10,1.7528933508819197e-06,0.0008416428475499311,2.182395311530133e-07,1.3876177763092142e-09,6.385457470414745e-07
68,6.141964865223014e-05,2.3391360311059567e-06,2.833269360686942e-08,7.76218799249308e-06,2.2866534749425297e-08,0.0010410369199318882,0.9171862906496541,0.06674800086366194,0.0010451878435843863,8.981455653297923e-08,1.939646390124417e-05,0.011967673821571068,4.39806738497738e-06,3.489369717405527e-07,2.726647003462119e-06,0.0005804399160372758,6.184641476397636e-07,7.9275175909855e-05,0.0003973502189172467,1.0819982921475859e-09,2.7689872630001355e-07,0.0008523581826524223,1.2019397271341578e-07,3.433490523720952e-09,2.834234022299223e-06
69,0.00011257781711225555,3.375817694358088e-06,9.187330203534286e-09,7.684419995502477e-06,9.622427914501542e-09,0.0006989969470602676,0.8094824891545798,0.17683657510189732,0.0002147218965642629,4.9911417734779946e-08,3.7801687192695264e-05,0.007133054480377865,6.439519079041285e-06,8.904279595569822e-08,3.2569280169045915e-06,0.0007172786892348218,1.3307527283478316e-06,0.00010064319856860973,0.0017216006818802174,3.963429438891608e-10,3.90658278716477e-07,0.0029207553750353363,4.1955494619994063e-08,8.021902954678184e-10,8.259567041086567e-07
70,8.045258114686728e-05,1.4320858329509335e-06,9.297783871584014e-09,8.951437454799604e-06,1.9670999907094724e-08,0.0007387479985855124,0.8792155244444902,0.11208908488232813,0.0003650830621015279,2.65292121275781e-08,3.3514474851732335e-05,0.005403997248256664,3.7854413955221447e-06,1.0908841929234634e-07,2.4065263137772347e-06,0.000204909274259352,5.591002028100928e-07,7.391846154943025e-05,0.0005616651877892589,3.8658409334419055e-10,2.58144415250587e-07,0.0012148850298645954,5.743166062636976e-08,7.506173469139765e-10,6.014638842191396e-07
71,0.0003139827195188849,3.3468745896291394e-06,1.0835799724975902e-08,1.3355443401418731e-05,7.1715520285493554e-09,0.0013014411379789182,0.7317260989354941,0.24749486768742152,0.00015818211802697706,5.780605600163353e-08,5.7302704413822155e-05,0.008407898758542929,9.014264241907135e-06,4.6486636895981335e-08,6.69480057503748e-06,0.0012866920354921419,2.639262953651142e-06,0.00012381038370432775,0.0032974313230596563,3.2402078267609895e-10,2.972925934858952e-07,0.0057957800367157645,5.645728000739904e-08,8.826282741135502e-10,9.842573021729245e-07
