,0,1,2,3,4,5,6,7,8,9,10,11,12,13,14,15,16,17,18,19,20,21,22,23,24
0,0.0002594989010516142,3.432931263962491e-05,2.335810368358555e-08,3.218901425866649e-05,6.319484734581661e-08,0.000316957081744136,0.9250412433844736,0.0518598205755997,1.1901597007835182e-05,1.856329764167299e-08,0.0001956402921486637,0.012120371567563001,1.3077975941399445e-05,5.482301130360754e-08,2.626456650767151e-05,0.0011089746960788731,0.00018869372319830975,1.4479427132696737e-05,0.004192455526242469,3.205403922353828e-10,1.9216867424338153e-06,0.004578755811047886,1.5896756980784547e-07,1.7734554485349475e-09,3.1038597958445575e-06
1,0.0001520785133021492,2.567156367746209e-05,1.7700375515369094e-08,2.092650182566642e-05,4.2854220157588645e-08,0.0007129461505732805,0.919134846584321,0.055897842922544884,4.503030052627157e-05,5.408354293978461e-08,0.00016081255845701395,0.006169431674645664,1.3303782598364586e-05,9.42937378603023e-08,4.798501521452156e-05,0.0009344527915911052,4.784911342714801e-05,1.617076100822488e-05,0.008576200146710171,4.685066198896155e-10,1.9031566212445443e-06,0.00803786942608283,1.3983224825937354e-07,1.5541561484212242e-09,4.32825008575597e-06
2,0.00017938506288441345,4.048707783948624e-05,2.052730331011676e-08,2.4850455785773006e-05,6.376589740477919e-08,0.0007636669511434295,0.899784807965104,0.06952632665035993,5.43457890702762e-05,6.161173285949255e-08,0.0002396769330853918,0.009260492511976184,1.3927974472290447e-05,1.6334434496910023e-07,7.676954578730222e-05,0.0009409565501883229,6.751504329329086e-05,1.4449016775330638e-05,0.0071364986547469665,6.194568372653357e-10,1.903043528428185e-06,0.011866472546710343,1.5944595578478725e-07,1.7357454475542773e-09,6.9971768123137044e-06
3,0.00019905136344174588,3.419807209476979e-05,1.8539518228299137e-08,2.387451166573282e-05,5.136382363775568e-08,0.0007068986201598011,0.9136189145681913,0.05872420272885485,4.037039592151964e-05,4.678991042609176e-08,0.00021894674856691744,0.00790082276640787,1.4465437613491627e-05,1.08437668339534e-07,5.256795437655504e-05,0.0008504688806098284,7.09334521629373e-05,1.57270460323354e-05,0.007464818145836502,4.640215102095269e-10,1.9558786127964415e-06,0.01005653467842989,1.5759338041556445e-07,1.6175405002451144e-09,4.863945157912227e-06
4,0.00019733137817794176,3.516554415165767e-05,1.984294275669509e-08,2.384874571246023e-05,5.2091410853703204e-08,0.0006294498478417664,0.9161278478830979,0.05695564067236123,4.1831616867197764e-05,4.77082273968588e-08,0.00021776901161955567,0.007705146691185074,1.6642830293103085e-05,1.2297193831056787e-07,4.617073490654343e-05,0.0007668787071709078,6.590669609899315e-05,1.6990325230953322e-05,0.007156026018512856,5.211307594622415e-10,2.120578077780387e-06,0.009990331505741837,1.527344429624238e-07,1.7268329942426278e-09,4.503616026265976e-06
5,0.00020551276820253493,3.304469020451371e-05,2.004671234844099e-08,3.0581077576897526e-05,5.524435929022582e-08,0.0007222238544041753,0.9152792778762171,0.05914299300764871,4.075431536906451e-05,5.311687694148283e-08,0.00020521463371386787,0.006812259509740525,1.5929836721379092e-05,1.1366351559019278e-07,4.4010721454657314e-05,0.0007979130116245365,6.82193296092691e-05,2.2556638151192637e-05,0.008051285930811222,5.270367192627985e-10,2.23181506370336e-06,0.008521745838801898,1.9493836997041786e-07,1.7878570014816647e-09,3.805819956948652e-06
6,0.00019905136344174588,3.419807209476979e-05,1.8539518228299137e-08,2.387451166573282e-05,5.136382363775568e-08,0.0007068986201598011,0.9136189145681913,0.05872420272885485,4.037039592151964e-05,4.678991042609176e-08,0.00021894674856691744,0.00790082276640787,1.4465437613491627e-05,1.08437668339534e-07,5.256795437655504e-05,0.0008504688806098284,7.09334521629373e-05,1.57270460323354e-05,0.007464818145836502,4.640215102095269e-10,1.9558786127964415e-06,0.01005653467842989,1.5759338041556445e-07,1.6175405002451144e-09,4.863945157912227e-06
7,0.00026029574896117386,2.923447991888007e-05,1.975222481124779e-08,2.1304991418938134e-05,4.387900016186654e-08,0.0005892999436122982,0.9199668726866876,0.05389228005056403,3.460111823116241e-05,3.8940195568670745e-08,0.0002351236383213549,0.006410900958021383,2.0734503592112206e-05,8.198426212564472e-08,4.1124488719135746e-05,0.0007015206410390465,5.839407577672134e-05,1.7327379830335843e-05,0.007291805414534366,4.798392258586496e-10,1.8366552079402391e-06,0.010423657398511263,1.1868037298121726e-07,1.5152366712183207e-09,3.380595920505204e-06
8,0.0005124492500677138,7.324349221197187e-05,6.136668736606358e-08,5.2755357516042255e-05,1.1805021151493637e-07,0.0010890770329814283,0.8804118596512441,0.07815956944391872,7.75025968012722e-05,1.1128248711015805e-07,0.00034910051478086087,0.017002474487430898,2.2121356594090743e-05,2.6862409752094344e-07,0.00010366544428323091,0.0014972242139291434,0.00016039530784158883,2.0841422340054625e-05,0.006905524495968576,8.387250188849942e-10,2.6897507010994364e-06,0.013544040214482939,3.958115549492937e-07,5.284108125346067e-09,1.4504709034485637e-05
9,0.0002791722406830567,8.675982097107717e-05,5.5532831860150246e-08,5.01356296830625e-05,9.024937562111088e-08,0.0010006657579382518,0.8637354490816994,0.09604047322953349,8.03329556333337e-05,1.740612437059706e-07,0.0002686012137515918,0.013924735163923951,2.1061959764096692e-05,3.4694569542161983e-07,9.967468995588856e-05,0.0018767758253762773,0.00013432439537005653,2.283806640052881e-05,0.009466506446445337,1.0560517247015508e-09,3.204535922068529e-06,0.012894430840142773,3.407172179529609e-07,4.511554428231849e-09,1.3845072834996528e-05
10,0.00019905136344174588,3.419807209476979e-05,1.8539518228299137e-08,2.387451166573282e-05,5.136382363775568e-08,0.0007068986201598011,0.9136189145681913,0.05872420272885485,4.037039592151964e-05,4.678991042609176e-08,0.00021894674856691744,0.00790082276640787,1.4465437613491627e-05,1.08437668339534e-07,5.256795437655504e-05,0.0008504688806098284,7.09334521629373e-05,1.57270460323354e-05,0.007464818145836502,4.640215102095269e-10,1.9558786127964415e-06,0.01005653467842989,1.5759338041556445e-07,1.6175405002451144e-09,4.863945157912227e-06
11,0.00020112028430580793,3.280741940782647e-05,1.86178139237262e-08,2.3773906797210824e-05,5.104980480655615e-08,0.0006535955430623904,0.9188696479979197,0.05416498247146686,3.923089462059611e-05,4.38586209957293e-08,0.00021315604765126462,0.007746319256885416,1.6085013386345058e-05,1.0249650649801031e-07,4.893605974775104e-05,0.0008274164965227949,6.762301290842071e-05,1.5814582401659097e-05,0.007305054333938635,4.932589235160534e-10,1.9469233460590942e-06,0.009767623139427811,1.5174786764849683e-07,1.754043591897772e-09,4.496598286788149e-06
12,0.00020780170765198708,3.5353856929620205e-05,2.057804496663406e-08,2.3098114845987807e-05,6.161498265033298e-08,0.0007514379758687312,0.9141154249832657,0.05812809388556608,4.3547737150148256e-05,4.8231014801438694e-08,0.00024184969345036387,0.008610462390044555,1.4119707551102924e-05,1.2339827071652926e-07,5.3766548672409156e-05,0.0008230324313916983,7.733533405859106e-05,1.551503034871071e-05,0.006666215656842601,5.032242201800179e-10,2.092920419114682e-06,0.010184905437081022,1.717926744555282e-07,1.7823533854012215e-09,5.5186882964532805e-06
13,0.00028582102249867476,5.5226002573476056e-05,2.317008055142809e-08,1.7626448093869607e-05,7.942307102412145e-08,0.00046040969255146426,0.8616811429742214,0.090079217438913,4.7348537329156756e-05,3.462141321614134e-08,0.0006240673785728833,0.019674829239571943,1.940011608109356e-05,2.502399786781997e-07,8.272532968755965e-05,0.0007597106176254448,9.402183383807653e-05,1.255330207989694e-05,0.005283054296641845,6.657467811269136e-10,2.1281071776108646e-06,0.020810124153198505,1.009610802967914e-07,1.7508474600451058e-09,1.010267712588119e-05
14,0.0001928713217542859,9.851373736855204e-05,2.2473250381123033e-08,4.071621788107908e-05,1.1297666813968037e-07,0.0004904861544104603,0.9185770840887034,0.04852199971116322,3.530203352419727e-05,6.710977616803281e-08,0.00034121820677148704,0.006660440545019784,2.91875648646097e-05,1.6664375490207434e-07,3.1092372906222055e-05,0.0005816445520071212,0.00011648068756135099,2.7366387848778154e-05,0.013051918634172429,6.403071809726752e-10,4.964512519534543e-06,0.011195000044170896,1.7699048201623286e-07,2.581913590091379e-09,3.1638112000608526e-06
15,0.00019905136344174588,3.419807209476979e-05,1.8539518228299137e-08,2.387451166573282e-05,5.136382363775568e-08,0.0007068986201598011,0.9136189145681913,0.05872420272885485,4.037039592151964e-05,4.678991042609176e-08,0.00021894674856691744,0.00790082276640787,1.4465437613491627e-05,1.08437668339534e-07,5.256795437655504e-05,0.0008504688806098284,7.09334521629373e-05,1.57270460323354e-05,0.007464818145836502,4.640215102095269e-10,1.9558786127964415e-06,0.01005653467842989,1.5759338041556445e-07,1.6175405002451144e-09,4.863945157912227e-06
16,0.00021436538028703743,4.1159992682365504e-05,1.7614788345916782e-08,2.267034091583578e-05,4.5563949103854316e-08,0.0005952228682278162,0.893944935814089,0.07083593545121135,4.0909015188076685e-05,4.4979836608790806e-08,0.0002597075147227016,0.011592000592182891,1.5508559749798932e-05,1.425393075389941e-07,6.543315280364418e-05,0.000945680423556992,7.531617104576362e-05,1.4963409210263635e-05,0.007283877970720162,4.710719082506765e-10,1.6838490069684102e-06,0.014044122624612751,1.2043654668445996e-07,1.4065987910851686e-09,6.133857687526526e-06
17,0.00020275875960041811,2.646195973186795e-05,1.9037770313098044e-08,1.58278136776403e-05,5.7735913039104954e-08,0.0004256014704453894,0.9410040144501876,0.03784659835006772,3.3824672379586274e-05,2.2804967940918027e-08,0.0002345829354886974,0.008738820878944458,1.5825909266803776e-05,1.1581539635137132e-07,2.172219715171968e-05,0.0004159464740481662,6.294397829854326e-05,1.4898643570103702e-05,0.003628930301561661,4.168629114108044e-10,2.244332828811458e-06,0.0073053280443529465,1.3361016348407636e-07,1.7814186276648732e-09,3.3176259052141084e-06
18,0.00016523628521643036,3.951726376304652e-05,2.186846440970803e-08,1.5779955420639555e-05,4.363680350230964e-08,0.0005610945370712565,0.9177826455381093,0.051339054475843034,3.8118037875777686e-05,4.366280368145971e-08,0.00020673470114541254,0.013118513618348872,1.1268436823655143e-05,1.6644611639734774e-07,5.969378938842931e-05,0.0011379538998935116,9.604431639218774e-05,1.1979667396028997e-05,0.006226795894455651,4.4529219986318303e-10,2.40467915594132e-06,0.009176938245214058,1.7415594648681483e-07,1.937650980898936e-09,9.774505409147696e-06
19,0.0001476880925930176,4.1482304809817625e-05,1.586962886359143e-08,3.5575315713766285e-05,6.773915796887015e-08,0.000939648929569237,0.9179127149749542,0.052542725535031296,5.846353270067455e-05,6.464645881368383e-08,0.0001631802621995141,0.008341658553629495,1.3856728472871666e-05,1.175049829872454e-07,6.590109596837319e-05,0.0008637886784179143,6.101866239673954e-05,1.2368960536454904e-05,0.007433832991475437,5.153613948749068e-10,1.3638481167586711e-06,0.011359071291746046,1.603144662037578e-07,1.7944527664199076e-09,5.2318571595945536e-06
20,0.00020304856299526564,4.548120088173419e-05,1.6578614926231856e-08,2.7973616017901936e-05,5.24128259783941e-08,0.0007902114158035827,0.8852644027712273,0.07741310659314851,5.1877125748065726e-05,6.301261744779172e-08,0.00027244479697473517,0.00720423593996779,2.001970764511357e-05,1.5026010662368744e-07,7.030971784944515e-05,0.000735165189156891,6.31444216623077e-05,1.650903402405241e-05,0.009155066623651028,6.280521186024412e-10,1.9043932115194512e-06,0.018659997520398347,1.3042805225865534e-07,1.3901245224768745e-09,4.686659242632718e-06
21,0.00028410062810063104,3.1477523231354474e-05,3.406712941072173e-08,2.062921685474611e-05,4.970157005294904e-08,0.0003640342040661101,0.9164210737105069,0.058084863092233055,2.944504017623319e-05,3.528865209913863e-08,0.00021870594921442153,0.012717259547874109,1.8263334027170352e-05,1.4228187070462274e-07,2.6744769353291835e-05,0.000989870404779395,8.801814329196131e-05,2.320968945911348e-05,0.004508426921322095,5.252434738229339e-10,2.697522023860696e-06,0.006165863968393405,1.6206745151946946e-07,2.3974434423150105e-09,4.890005731540419e-06
22,0.0003226925533758272,4.336711287470461e-05,3.093956996450142e-08,2.7621907599330355e-05,5.2523167026148916e-08,0.0008468776565586538,0.867828616527889,0.10014540416888677,2.8363022217737896e-05,7.335371494901323e-08,0.0002913426683472193,0.007053058576369433,1.8470623791409478e-05,1.2885952514608192e-07,4.092906781503562e-05,0.0010595755667055745,0.00014622091536886037,3.0347551788456187e-05,0.009540021519880662,5.791582399598751e-10,3.62588585852918e-06,0.012568867721160941,2.235454305221885e-07,1.449414307605184e-09,4.085703531700004e-06
23,0.00019905136344174588,3.419807209476979e-05,1.8539518228299137e-08,2.387451166573282e-05,5.136382363775568e-08,0.0007068986201598011,0.9136189145681913,0.05872420272885485,4.037039592151964e-05,4.678991042609176e-08,0.00021894674856691744,0.00790082276640787,1.4465437613491627e-05,1.08437668339534e-07,5.256795437655504e-05,0.0008504688806098284,7.09334521629373e-05,1.57270460323354e-05,0.007464818145836502,4.640215102095269e-10,1.9558786127964415e-06,0.01005653467842989,1.5759338041556445e-07,1.6175405002451144e-09,4.863945157912227e-06
24,0.00016552253893084717,5.436510653947548e-05,1.695618261596344e-08,4.484125271820601e-05,5.383524002607475e-08,0.000682895696024242,0.9007120281319093,0.06785550895228794,3.977757302539328e-05,6.923582303471793e-08,0.00019103086493966432,0.007146532845042145,1.622083696368912e-05,1.3566968723360997e-07,5.6940100357477354e-05,0.000935737011464054,8.576146689272326e-05,2.145604581642627e-05,0.011546451544927566,5.02155487481201e-10,2.2211543885530364e-06,0.010438145739023318,1.9784180298336518e-07,1.6380867499214936e-09,4.087459770761658e-06
25,0.00015386833593261922,1.7749034482977457e-05,1.5506613579473034e-08,1.4893146263888357e-05,4.3526576133407994e-08,0.00038910708268827807,0.8985750558003636,0.08297377235008631,2.0719173719828195e-05,2.1217843704916758e-08,0.00024366797801293424,0.007420756910601846,1.1806098230315844e-05,8.987521146450501e-08,1.7994937796934253e-05,0.0005359781305820971,5.4079437190443734e-05,2.100462308174596e-05,0.0036038389689217395,4.6440080265491224e-10,2.0191731704454453e-06,0.005941300357566139,1.0026199264941881e-07,8.704488566946944e-10,2.116738220448676e-06
26,0.0003584793460739728,3.0827031579905034e-05,3.6722562971427534e-08,3.7137432629290825e-05,9.460991965702532e-08,0.0009471041883667588,0.9355396356260054,0.042827517819376125,6.574349906373646e-05,5.999049030801403e-08,0.00022450640905232803,0.007211490876065999,1.8003866734469654e-05,1.3111665649862785e-07,3.5622822446120335e-05,0.0006843785185603914,7.327048121917255e-05,2.961005072791103e-05,0.0059139147410843885,5.967617993355112e-10,2.8105459730276783e-06,0.005994800092663849,3.7975919338321564e-07,4.01964395634772e-09,4.4398371487118735e-06
27,0.00019918774213356687,3.587790869224451e-05,1.5280398853748555e-08,2.746092048414643e-05,5.4898441888428775e-08,0.001051412470589796,0.8977428426108103,0.0669650285358533,6.972793399979728e-05,6.082909685431878e-08,0.0002254944079188596,0.00786364735399646,1.56507279534417e-05,1.1356253198284555e-07,8.127391290136726e-05,0.00083903291999392,4.757675569862444e-05,1.3630123678877025e-05,0.008588859648358708,5.33080102275151e-10,1.351864270322103e-06,0.016225997685873936,1.3489031052373778e-07,1.6486929864274914e-09,5.564834239258297e-06
28,0.00019905136344174588,3.419807209476979e-05,1.8539518228299137e-08,2.387451166573282e-05,5.136382363775568e-08,0.0007068986201598011,0.9136189145681913,0.05872420272885485,4.037039592151964e-05,4.678991042609176e-08,0.00021894674856691744,0.00790082276640787,1.4465437613491627e-05,1.08437668339534e-07,5.256795437655504e-05,0.0008504688806098284,7.09334521629373e-05,1.57270460323354e-05,0.007464818145836502,4.640215102095269e-10,1.9558786127964415e-06,0.01005653467842989,1.5759338041556445e-07,1.6175405002451144e-09,4.863945157912227e-06
29,0.00019905136344174588,3.419807209476979e-05,1.8539518228299137e-08,2.387451166573282e-05,5.136382363775568e-08,0.0007068986201598011,0.9136189145681913,0.05872420272885485,4.037039592151964e-05,4.678991042609176e-08,0.00021894674856691744,0.00790082276640787,1.4465437613491627e-05,1.08437668339534e-07,5.256795437655504e-05,0.0008504688806098284,7.09334521629373e-05,1.57270460323354e-05,0.007464818145836502,4.640215102095269e-10,1.9558786127964415e-06,0.01005653467842989,1.5759338041556445e-07,1.6175405002451144e-09,4.863945157912227e-06
30,0.00019905136344174588,3.419807209476979e-05,1.8539518228299137e-08,2.387451166573282e-05,5.136382363775568e-08,0.0007068986201598011,0.9136189145681913,0.05872420272885485,4.037039592151964e-05,4.678991042609176e-08,0.00021894674856691744,0.00790082276640787,1.4465437613491627e-05,1.08437668339534e-07,5.256795437655504e-05,0.0008504688806098284,7.09334521629373e-05,1.57270460323354e-05,0.007464818145836502,4.640215102095269e-10,1.9558786127964415e-06,0.01005653467842989,1.5759338041556445e-07,1.6175405002451144e-09,4.863945157912227e-06
31,0.00029883958243070313,3.654041590508385e-05,2.9570478359197804e-08,2.34055620847363e-05,3.920035725535783e-08,0.0005873240673952011,0.8628976180024255,0.10966101744944248,2.8485971225478834e-05,5.476030936004463e-08,0.00024430076542843133,0.008678993060119893,1.5794150751779825e-05,1.2564139797392276e-07,3.56509174288074e-05,0.001119000914318064,9.727451418991464e-05,2.6098329910209743e-05,0.006743634321800576,4.886099510331698e-10,2.5889294882157615e-06,0.00949870219984874,1.6467782249283604e-07,1.3596758374498252e-09,4.3151471549685e-06
32,0.00018108679333064196,3.3160078249620204e-05,1.7058209115971943e-08,2.4760398267106482e-05,4.865428575329507e-08,0.0007112357294249971,0.914194276918354,0.05746647659551292,3.8853550625495024e-05,4.823643918290283e-08,0.00020927238504995425,0.007186780644255111,1.4583878671797312e-05,1.0122129757761896e-07,5.623746965342892e-05,0.0008900246021188368,6.989590152063535e-05,1.5972017581582365e-05,0.008836186927859707,4.715733143242485e-10,2.0152099755682537e-06,0.010064183791589102,1.5878790828420072e-07,1.5894200419339214e-09,4.621088826386002e-06
33,0.0001973873550721326,3.49734613830794e-05,1.9440486378831648e-08,2.3953862635284747e-05,5.4729284650975774e-08,0.0007795186400410584,0.913399153984785,0.05870980546939804,4.6225833491595924e-05,5.253262801745978e-08,0.00021892217934235518,0.007723942492255446,1.3930635989545166e-05,1.1805613449009871e-07,5.8654254030510174e-05,0.0008517017982383705,6.819775703334055e-05,1.5427014430511937e-05,0.007591791000846499,4.83157759486276e-10,1.973118198058489e-06,0.010258616852122903,1.6766142407428094e-07,1.6760324752554516e-09,5.409711558338257e-06
34,0.0003378413526290076,2.1591022430069877e-05,2.0088772133354385e-08,2.441689889896083e-05,5.1471483031147244e-08,0.000655410808721265,0.9283300402761615,0.047207343404021475,4.313651054256583e-05,3.412198748575051e-08,0.00025681843005290173,0.005500248091384289,1.9515498569744912e-05,7.258825258289093e-08,4.801734125576969e-05,0.0006321693608341382,4.957677548993399e-05,2.2271964917107815e-05,0.008235712210478497,4.5049057970442925e-10,1.9292091607457484e-06,0.008610530869668023,1.578209592922563e-07,1.8662337532086543e-09,3.091566605206131e-06
35,0.0001710900558522878,3.812531888014794e-05,1.887167066299526e-08,2.4799036066025327e-05,6.120063154351628e-08,0.0006982757466220944,0.920520500219283,0.052610568436823296,4.1829142039608654e-05,4.836027722713096e-08,0.00022162479862788858,0.007834336461044963,1.3794232918216607e-05,1.2409258142958085e-07,6.0348107728222155e-05,0.0007973839732371318,7.558583201234987e-05,1.3346061246061966e-05,0.007246034653353595,4.989136636299675e-10,2.084000745700648e-06,0.00962424453081582,1.710873396747243e-07,1.7203101451678062e-09,5.603560979340726e-06
36,0.0001994986879905906,3.4044851076515626e-05,1.8660041183787974e-08,2.3800876417206656e-05,5.219709982656682e-08,0.0007058545168073006,0.9147720390830806,0.05778677948402257,4.037003033364015e-05,4.6299749955444834e-08,0.00022072339618183385,0.007879799331109895,1.4477165101910622e-05,1.0810116905392327e-07,5.243074906934339e-05,0.0008408267017680621,7.080630981355097e-05,1.5659765702979114e-05,0.007410935966119539,4.6499508310905723e-10,1.971081574343948e-06,0.009924717036336787,1.5875481139940983e-07,1.6416860947540494e-09,4.878847940972485e-06
37,0.00029123723212128423,2.424647544490268e-05,2.8729431484372105e-08,1.8194474995916598e-05,5.437509176471123e-08,0.0004273505205145012,0.9444998584208911,0.0355800134368232,3.607347006780632e-05,2.951745169744474e-08,0.0001994339571134171,0.008178218932162383,1.9619949074080132e-05,1.0051432931241823e-07,2.3204430312629896e-05,0.0005950934847574024,5.91329455024457e-05,1.9512864540873484e-05,0.004217285949013255,4.613962724960406e-10,2.327085325180403e-06,0.005805284841881409,1.5242032628387417e-07,2.513716366983525e-09,3.5429977149472087e-06
38,0.00014535552680768288,1.3139884922054244e-05,1.1551066211914526e-08,1.7483535038343093e-05,2.347941247629086e-08,0.0006763730376857887,0.9441241602199947,0.036050010869233116,2.2834876701459752e-05,3.146186937572215e-08,9.916187207777829e-05,0.0032947915239829183,1.1610361673104122e-05,3.3962590354559124e-08,3.4591681697657085e-05,0.0009281292862160493,4.352368500062912e-05,1.7278465533318163e-05,0.00958637683794158,3.239814211202363e-10,1.6480358584128585e-06,0.004931234275753327,1.4464285877728497e-07,1.1008688655657065e-09,2.0495012345396193e-06
39,0.00022737630737880616,6.172216362911166e-05,2.316621300029304e-08,3.743001343089095e-05,9.095268778664524e-08,0.0007377191792457114,0.923133852914324,0.04465012412928813,7.493838218232467e-05,7.379663256427969e-08,0.0002673030042043792,0.008075232056137782,1.9729028724826876e-05,1.9753740235515772e-07,8.406309440869526e-05,0.0006933520532838756,7.142000029889907e-05,1.68836374423334e-05,0.009647401303005653,5.983698975378789e-10,2.292339434463228e-06,0.01219174723630672,2.0535469357454359e-07,2.6316871465464092e-09,6.81911958697065e-06
40,0.00030070495835518,4.089894883016181e-05,2.4918195013993826e-08,1.759452196507861e-05,6.807730790985803e-08,0.0007497043715520227,0.9122617403322961,0.05232550367022396,4.906508036829898e-05,3.837827514376735e-08,0.0003153812587810637,0.012877484389014766,1.6960623691735265e-05,1.3685360499778224e-07,6.666348719954387e-05,0.0007344618834243473,8.276347234256497e-05,9.920221822279495e-06,0.004527176867729756,5.007266803410741e-10,1.6347514403168278e-06,0.015613837603827733,1.244469557005065e-07,1.7948083988709217e-09,8.108587261341475e-06
41,0.0002535613800100946,3.350541731944904e-05,1.809842955770517e-08,6.398424135327248e-05,1.3805500647669487e-07,0.001785920197648301,0.903980100739964,0.06307817245540956,0.00010491816496483524,7.430188262423313e-08,0.0002593093643902684,0.008458646144615571,1.1245715536863591e-05,1.0162226964209103e-07,0.00016972029965322681,0.0008820567805413758,5.454332176876132e-05,1.376295167013168e-05,0.008779915717235196,5.36465140221508e-10,9.114912583796144e-07,0.012062140246416306,2.3806206291921706e-07,2.1843365069055656e-09,7.012509791197541e-06
42,0.00019620460083200763,4.4990700102168846e-05,1.246434540776027e-08,2.7704485857459843e-05,4.086165984501055e-08,0.0009546855549639693,0.8654760007222669,0.08719908241007049,4.174817590095059e-05,6.045797852396518e-08,0.00021433053682248223,0.007498944222235005,1.8826155048504447e-05,7.525342660252526e-08,7.708957245554104e-05,0.0012761071334814022,7.880879373306691e-05,1.2139709503087146e-05,0.01277755470232149,4.753268071393839e-10,1.499546622119139e-06,0.024099673885202167,1.0072032200359221e-07,1.249248018267454e-09,4.317610273991514e-06
43,0.00016997451410325358,3.465644695283506e-05,1.785856632116002e-08,2.6714760416281492e-05,5.3705730831400906e-08,0.0011268833319299481,0.895100298651126,0.07289186305721718,5.045964164854835e-05,7.743213310992518e-08,0.00020014661720368855,0.005849568430586163,1.4018869244875857e-05,1.0927022380111818e-07,7.081567538148951e-05,0.001013177442798639,6.632664237909652e-05,1.6299662544076e-05,0.010392594844683115,5.743411132464782e-10,2.1068494886551756e-06,0.0129686241896547,1.7652035726617867e-07,1.5121882519589763e-09,5.033499100543308e-06
44,0.00019905136344174588,3.419807209476979e-05,1.8539518228299137e-08,2.387451166573282e-05,5.136382363775568e-08,0.0007068986201598011,0.9136189145681913,0.05872420272885485,4.037039592151964e-05,4.678991042609176e-08,0.00021894674856691744,0.00790082276640787,1.4465437613491627e-05,1.08437668339534e-07,5.256795437655504e-05,0.0008504688806098284,7.09334521629373e-05,1.57270460323354e-05,0.007464818145836502,4.640215102095269e-10,1.9558786127964415e-06,0.01005653467842989,1.5759338041556445e-07,1.6175405002451144e-09,4.863945157912227e-06
45,0.001520089446888922,0.0004781738845939701,2.61528318146054e-07,3.4224142848861384e-05,1.1095440290255829e-07,0.0005653453427627893,0.7675837699788846,0.15212384155864248,5.023023005426941e-05,2.3607868229754009e-07,0.0010678045938357383,0.0380180811881687,5.0742857106047455e-05,1.866942083544843e-06,3.071431734802417e-05,0.0013955313434426532,0.000969221730743477,7.292329520688561e-05,0.007901251437038891,9.236138386043435e-10,2.3155670581472703e-05,0.0280858101197436,6.602404245770971e-07,7.09452198414571e-09,2.5945100061340296e-05
46,0.0004663042262356076,6.891101120298664e-05,2.6736125582647298e-08,4.077907414546209e-05,6.219435817363312e-08,0.0006905992905442685,0.870340943393313,0.08340015069332919,1.8081695792441253e-05,4.07728624117909e-08,0.00032771623880410304,0.016565581042131246,2.1280281805532488e-05,8.234991474907987e-08,6.373963094793085e-05,0.0018325114670129296,0.00036321421874321576,1.5107503754067875e-05,0.008167072549632327,4.3653742569529186e-10,2.285083105081342e-06,0.0176091696197909,2.0938430907588624e-07,2.0600599563726214e-09,6.129045542243421e-06
47,0.0001860017972295463,3.185553211910651e-05,1.832653758779088e-08,2.5066721304191516e-05,5.4107980167220375e-08,0.0007396872988108345,0.9162163446531115,0.05760326552632041,4.108483022178786e-05,4.7842104115120505e-08,0.0002149726419689542,0.007188482159748413,1.352642833720737e-05,1.0998657114729176e-07,5.303723999827123e-05,0.0008027427934814247,6.831687108027703e-05,1.6500115652430156e-05,0.007656133636794398,4.681935071468914e-10,2.05353589345677e-06,0.009135859023835837,1.734657362359158e-07,1.5906876655910047e-09,4.6634062813796e-06
48,0.00014747382855811376,8.854645143256185e-07,1.421936740016509e-08,1.8373440036339493e-06,1.3222726964933192e-07,0.0006670291624123211,0.9844478975438222,0.005963721084554754,0.0003168676222300095,4.329389717771163e-09,0.0002994618930695942,0.005820637353837883,7.3362900927893005e-06,5.273945100190522e-08,2.8233912235157028e-05,9.787539921621727e-05,1.0690384376646348e-06,5.855782079415627e-06,0.0006990061884307799,5.307858872829967e-10,7.050770730263087e-07,0.0014879538598161549,6.236547160498066e-08,5.435069310363492e-09,5.8813088113970795e-06
49,0.00022599432372034475,2.9656126322707434e-05,2.0364575214962193e-08,2.0885853022651586e-05,5.611545045506843e-08,0.0008463415944463974,0.9088244393154306,0.06361517988863055,4.191821027474568e-05,4.1507553180304155e-08,0.00024332193797317866,0.00956583529325742,1.3975885326964757e-05,1.069251331695786e-07,4.166285266661551e-05,0.0007622783817340529,6.768825568496367e-05,1.567466581742776e-05,0.005175196567975337,4.834645807547595e-10,1.7512947445050407e-06,0.010502902906105602,1.5350616669585876e-07,1.5909320425786725e-09,4.9161535903845005e-06
50,0.0006506380527576969,3.5022915517146954e-05,2.4657135235946606e-08,4.1798880645498983e-05,1.431615669740722e-07,0.0012187888011516966,0.9305360987636615,0.03473902561945366,4.0853921954082065e-05,2.1499115950894976e-08,0.0006253175240201939,0.01693781401409605,1.4254798491363839e-05,7.319049346512986e-08,8.949835554162502e-05,0.0010000870501806832,0.00018904858369094558,2.2127600222143526e-05,0.0062183439348309,4.527900889351611e-10,2.268300845682939e-06,0.0076299045096843415,5.469134865693977e-07,5.798819729246066e-09,8.292699846736672e-06
51,0.0001801261693302396,2.009760860878492e-05,1.6335462547703348e-08,1.6659854361564288e-05,4.575693907703504e-08,0.0006932340264226097,0.9355811687450102,0.042613529545802345,3.411897353208855e-05,3.222730119420891e-08,0.00018929620431519206,0.006554031782226085,1.1663652300757629e-05,7.256806536386139e-08,4.227378879179947e-05,0.000756679454996555,6.051697280675489e-05,1.3622752604120925e-05,0.006185749314175008,3.87237137091787e-10,1.8688949056711525e-06,0.007040880581551567,1.5628752022820111e-07,1.5706022594674006e-09,4.156545130626383e-06
52,0.0003215047681103688,3.397611880144288e-05,2.0709051770531476e-08,5.923795662933301e-05,3.6546223972814796e-08,0.0018800443233425743,0.8143353958504591,0.12357735083648314,7.160960894807417e-05,2.418434683414318e-07,0.00018529313272232762,0.0036450031873874293,2.523109209286516e-05,9.713540700463014e-08,0.00012744824500526513,0.0021228436595313203,5.6808941370777956e-05,5.79108390202374e-05,0.03413638106126287,9.104047812089021e-10,1.9399102503595413e-06,0.01935796597032343,2.344658155898422e-07,1.6553970260233347e-09,3.421232490590125e-06
53,0.0035500711143584846,0.0027509375109643127,3.143788457864728e-07,0.0006580717029535931,5.64823566322989e-07,0.0020257929781324333,0.14757602672429088,0.3432539091113778,0.00011929861838500737,6.789155112124615e-06,0.0018192973818928582,0.00786222023786346,0.00020556998702732,1.4734260915866472e-06,0.0004308046274011043,0.0036150723035044117,0.0017664284743052403,0.0001329648297699904,0.1686623304997407,2.9234861242997414e-09,1.9425778350635204e-05,0.3155234280371623,6.124534677961399e-07,1.7480492114305905e-08,1.8575441457522015e-05
54,0.00016976494944069247,5.5338867713880624e-05,2.101585223823101e-08,2.1715108347193245e-05,5.3545347547695496e-08,0.0006633267812886329,0.8938993769462036,0.06848927971527194,5.734267243563175e-05,6.396940475279589e-08,0.00021933665642007987,0.01483445069834717,1.3076638128579088e-05,1.895599351077678e-07,8.820127908419227e-05,0.0012741491728431558,7.550761436657311e-05,1.0490790705030448e-05,0.006677365904030705,5.287995205752603e-10,1.5479877352088113e-06,0.013438020942844598,1.3074613099794388e-07,1.8594864647308202e-09,1.1246049836360792e-05
55,0.0003999112143810686,0.00021409086440810708,4.862777390531994e-08,6.557794088957294e-05,6.344433224362468e-08,0.0018502175623738618,0.6577491742021198,0.24440521885113953,4.277282867866488e-05,4.952741167266205e-07,0.00040082003089740174,0.004642558279328833,3.037432419463669e-05,3.2260490600814904e-07,0.00022009775640446233,0.002409923127111646,0.0003907054250715297,3.020465882826806e-05,0.03305431680816558,1.24787765814579e-09,6.017559826221207e-06,0.05407764580557056,3.3860545729760235e-07,1.3593689456474713e-09,9.10159677744463e-06
56,0.00020146178118218952,3.354782756152054e-05,1.8656161608489735e-08,2.3540651304195287e-05,5.0608298105033457e-08,0.0006811493923054465,0.915462090552927,0.05714917298614952,3.9991897239306775e-05,4.53361408588226e-08,0.00021821386639454666,0.0078581995951029,1.5251664709199463e-05,1.0751137842877655e-07,4.9947260003010686e-05,0.0008255326594845331,6.89931063448067e-05,1.595440744562653e-05,0.007327259078837431,4.772731911327656e-10,1.967609523762301e-06,0.010022670650192904,1.5482630504990576e-07,1.6658053656235926e-09,4.675931929434119e-06
57,0.0001392732625535673,3.756414264112665e-05,1.4916301515407176e-08,1.9478205247866783e-05,3.752380483276083e-08,0.0004748222143813805,0.9210355977082805,0.04858461543211731,2.983318154312531e-05,4.032458433002225e-08,0.00018296505408545733,0.007942989501959586,1.6711488377585764e-05,8.663916499478372e-08,4.44748972547356e-05,0.0010259509508924948,7.139499186075671e-05,1.302992640142083e-05,0.01049097617433931,4.2481775821454625e-10,2.210194111057824e-06,0.00988336030820915,1.1104426958051062e-07,1.6678022350596584e-09,4.459824998434136e-06
58,0.00019501060975173493,3.1891138238622105e-05,1.935384039231813e-08,2.3670708397414305e-05,5.905064076239128e-08,0.0006599897297670221,0.9285094273171264,0.04552670830101552,4.342621175267568e-05,4.2408352384328724e-08,0.00021572188090104955,0.007957208244798444,1.6080907787499795e-05,1.0460298582668403e-07,4.9316084102491945e-05,0.0007939361322733343,6.456300001281647e-05,1.5211616137398065e-05,0.0071322851382082395,5.142381811883765e-10,2.0688718550498914e-06,0.008758153275664678,1.6831530534784303e-07,2.220901629560316e-09,4.934365945154355e-06
59,0.00020382711727831015,3.516303176264609e-05,2.181498461886886e-08,2.3670649242924574e-05,6.068546716940649e-08,0.0006951634321678939,0.9225114683958894,0.050863008877710156,4.3714032081472355e-05,4.8530715887435715e-08,0.00021997857959771825,0.008203452408805325,1.5707858304631013e-05,1.162640711145645e-07,4.9471511247417794e-05,0.0008538083829887088,7.21162675604437e-05,1.5769879872129963e-05,0.007081071471389091,5.225843175937625e-10,2.2577871418320553e-06,0.009104554822365033,1.7595327427550427e-07,2.181927019500685e-09,5.3695415706891306e-06
60,0.00019905136344174588,3.419807209476979e-05,1.8539518228299137e-08,2.387451166573282e-05,5.136382363775568e-08,0.0007068986201598011,0.9136189145681913,0.05872420272885485,4.037039592151964e-05,4.678991042609176e-08,0.00021894674856691744,0.00790082276640787,1.4465437613491627e-05,1.08437668339534e-07,5.256795437655504e-05,0.0008504688806098284,7.09334521629373e-05,1.57270460323354e-05,0.007464818145836502,4.640215102095269e-10,1.9558786127964415e-06,0.01005653467842989,1.5759338041556445e-07,1.6175405002451144e-09,4.863945157912227e-06
61,0.00022242560255972973,3.338266083405998e-05,2.372091911895326e-08,2.371674252913988e-05,6.295458671910032e-08,0.0007038686555566483,0.9225798335055784,0.051495973076246954,4.684095868530025e-05,4.9233336933515e-08,0.00022652008201454107,0.008119651231230235,1.623579902604974e-05,1.1957407375199573e-07,4.604247293270092e-05,0.000810206591038956,6.76994198294164e-05,1.719080902874434e-05,0.006790746348017339,5.315682358445188e-10,2.3117528375933707e-06,0.008791697320654645,1.8060921496138857e-07,2.30330853149481e-09,5.218044391454092e-06
62,0.00019905136344174588,3.419807209476979e-05,1.8539518228299137e-08,2.387451166573282e-05,5.136382363775568e-08,0.0007068986201598011,0.9136189145681913,0.05872420272885485,4.037039592151964e-05,4.678991042609176e-08,0.00021894674856691744,0.00790082276640787,1.4465437613491627e-05,1.08437668339534e-07,5.256795437655504e-05,0.0008504688806098284,7.09334521629373e-05,1.57270460323354e-05,0.007464818145836502,4.640215102095269e-10,1.9558786127964415e-06,0.01005653467842989,1.5759338041556445e-07,1.6175405002451144e-09,4.863945157912227e-06
63,0.0002062902888217832,4.394445791606379e-05,1.9679602782406752e-08,2.6537134989540518e-05,5.384828669528092e-08,0.0007065213743081424,0.9062795958519171,0.06296456891104647,4.187526146921317e-05,5.4748181549148926e-08,0.0002293041868570517,0.008501831198398337,1.5942634949929875e-05,1.2334666614695757e-07,5.748400881976871e-05,0.0009359085275240454,8.126768788079485e-05,1.616973556872467e-05,0.008364771796409626,4.98949138997454e-10,2.0952310139416673e-06,0.011520097250685807,1.627255127230469e-07,1.7474163220747161e-09,5.3778668081503285e-06
64,0.00018740724483958267,3.262583738730771e-05,2.032695487673697e-08,2.079044981573792e-05,4.963909439420272e-08,0.0005862024484271919,0.922100988072256,0.052868307107551464,3.34668833773474e-05,4.247460883063959e-08,0.0002131573119073226,0.007168462181832815,1.5163653382606619e-05,1.0976516868824344e-07,4.172709346850932e-05,0.0008020058290543501,7.633425890604959e-05,1.6642174694598726e-05,0.00734902117019183,4.75613027682346e-10,2.5748735050404154e-06,0.00848033621694268,1.622144335721008e-07,1.6745479399963425e-09,4.400622038523618e-06
65,0.00018617516094378297,2.5746821095862127e-05,1.488625274792872e-08,2.4690748407679606e-05,4.8128786830245176e-08,0.0007698353046588554,0.9217824858600873,0.05295369670234054,3.253864108480238e-05,3.765374005170546e-08,0.0002060727156762162,0.006621168885288472,1.2206362853039166e-05,7.404727979700958e-08,5.214553846176551e-05,0.0008299852580287967,7.073054383473748e-05,1.5996766914590214e-05,0.008095676103593102,3.9525433027151564e-10,1.7893112190213845e-06,0.00831483007772588,1.7083573698683905e-07,1.4104272298805126e-09,3.881840307706236e-06
66,0.0001886484480398891,4.165656476003502e-05,1.644291565585935e-08,2.904334678046858e-05,5.672196431266673e-08,0.000885753688571735,0.9120250623729967,0.05636786166790306,4.5152316383768946e-05,5.272129178876499e-08,0.00023187484710656886,0.008559309068481744,1.252888455692373e-05,1.1936046817763671e-07,7.270914629827364e-05,0.0009189215417973493,8.746204382868069e-05,1.5047934196912441e-05,0.009328687863252768,4.3335761552905135e-10,2.035592638494589e-06,0.011181568427554097,2.1454935559420729e-07,1.8034567920809063e-09,6.214212042669922e-06
67,0.00039208576412335717,2.6172643214154627e-05,8.709331522784412e-08,3.4754467028271965e-05,5.909109522599962e-08,0.0007217832336800527,0.9152544852985395,0.06724082370916658,1.8893051511068933e-05,7.356292816044372e-08,0.00022994164495499512,0.004806827410793394,1.8973440777121843e-05,1.6562083226327467e-07,2.2914915979928904e-05,0.0010534279260137685,0.00021951859894169814,6.33231374329602e-05,0.0067658941415354645,9.382926456804588e-10,1.0009595864224048e-05,0.003115135081156712,9.163079408506738e-07,3.2565194981078852e-09,3.7300683628497916e-06
68,0.00013082580959876704,2.3284824001259284e-05,5.0762356129569964e-08,2.4304077977855977e-05,1.2027961871233505e-07,0.0011033696104781078,0.9598855666358002,0.019357011654333768,0.0001831006564295328,6.744642490299092e-08,0.00012760583150630794,0.014296383416146984,9.40123490698306e-06,3.4631688977513693e-07,4.372956618649542e-05,0.0004595661823311295,2.8579161697608572e-05,9.65054277129728e-06,0.0014298848260784688,8.231492322879832e-10,1.1549873165285457e-06,0.0028719447656913822,3.7229680596932446e-07,5.7095468221632406e-09,1.3672581955843587e-05
69,0.00021635432811602115,4.0990115021985364e-05,1.6177860890810548e-08,2.7740116641865e-05,5.725017882764792e-08,0.0007539251981416377,0.9134441912193947,0.05482295162824792,4.3164142017588474e-05,4.5601782464677554e-08,0.0002377271199341485,0.008517577227328396,1.5554898896820572e-05,9.741924668207656e-08,6.671715541325658e-05,0.0008643768507081575,7.728989532219065e-05,1.3237390618521457e-05,0.008315743839506288,4.3032726033341205e-10,1.632440370758308e-06,0.012535307006316151,1.4670241225526126e-07,1.6799380911011634e-09,5.154166256871064e-06
70,0.0001400587397421852,1.5775355601716266e-05,1.5408565325539176e-08,3.52042586197134e-05,1.3035993547095814e-07,0.0007737174721511009,0.9559732956163847,0.030003114897004482,7.178880262696744e-05,2.2081107091703832e-08,0.00019636634896299233,0.005829798151173441,8.400986091925202e-06,1.0906564778598626e-07,4.428819879210547e-05,0.00020754426618869456,2.8700668183068313e-05,9.641597268222645e-06,0.0024502232859143517,4.005241070464557e-10,9.844100177633265e-07,0.004207386079393185,2.0568219866274624e-07,1.5567961716012276e-09,3.2263111088500907e-06
71,5.431652908437491e-05,2.681095017579511e-05,1.787571104434975e-08,1.0657653140264268e-05,7.065264067988976e-08,0.00029623381138597297,0.9484282136954052,0.0394149425306024,5.557861265893613e-05,3.865855960701833e-08,0.00011731951867634232,0.005600361388739434,8.236918728085139e-06,2.5730305953495095e-07,1.4656574544846839e-05,0.00035416171664501235,2.5514804661491606e-05,1.526177042910475e-05,0.0026123537297522933,6.0024399325903e-10,3.0326612785496885e-06,0.0029585445011889554,1.1976946081287184e-07,1.4067031464838882e-09,3.2963665239314293e-06
