,0,1,2,3,4,5,6,7,8,9,10,11,12,13,14,15,16,17,18,19,20,21,22,23,24
0,0.00404034344141059,0.003355582254183873,5.708013948564402e-07,0.00021074522189191343,3.502924546227678e-06,0.00017492342115416878,0.853149588306149,0.021370991448424984,6.390404981549708e-05,7.778300121523138e-08,0.0040491449979413105,0.0904641862439987,0.00014162096754272244,4.159182466141953e-06,2.9103854573317552e-05,0.00026463772212164055,0.0042246208646748475,4.16539931560606e-05,0.003044233367438578,1.006035475598437e-09,4.383758609437294e-05,0.01528854961286867,1.655103868803957e-06,6.826411647255423e-08,3.229758113043173e-05
1,0.002683636181708627,0.0027980293400158285,5.479355507248705e-07,0.00014804394481040793,2.5216635313935576e-06,0.00045268893048050284,0.8806536913919815,0.024774728278254745,0.0002490241070893755,2.6268838358990015e-07,0.0036132178207660213,0.050079796400420075,0.00015309090292552028,8.019527865786496e-06,5.437004465900281e-05,0.00025679863243582406,0.0013644212203179238,5.223444094504027e-05,0.006101244560882118,1.7227030106271938e-09,4.938228938414004e-05,0.026453180667831856,1.8184293113738403e-06,6.883512322521484e-08,4.9180042622633525e-05
2,0.00306502551321316,0.004130868460186789,5.60605813872378e-07,0.0001644804026342092,3.733015377722563e-06,0.000426000761662397,0.8354316670782076,0.030587583264063856,0.0002824613212840835,2.6283462424842113e-07,0.0054749222272365864,0.07416023627849114,0.00014950513826347253,1.3632842144798886e-05,8.43407069037198e-05,0.00022940592179391351,0.0017578529607721073,4.517778477983088e-05,0.004981031632300228,2.0162982600259866e-09,4.78424148404024e-05,0.03888403365997283,1.876456820237028e-06,6.901207769701307e-08,7.742769023689707e-05
3,0.003497568355379882,0.003594060154080798,5.24330620976586e-07,0.0001622829273574923,3.068782731617888e-06,0.0004039653370903034,0.8557128370354431,0.02653461410924036,0.00020964192643999454,2.0582584745118733e-07,0.004999319894646146,0.06374898167237583,0.0001578051672390834,9.054460982181535e-06,5.781472965063651e-05,0.00021412206720023138,0.0019247325765478387,4.996215485848354e-05,0.00523566398503668,1.5370942963772602e-09,4.9939452958670345e-05,0.033377965526254445,1.891104633964225e-06,6.485489911123481e-08,5.39120313903731e-05
4,0.0033682927572849003,0.003685948511755915,5.387994671399631e-07,0.00016016682543377452,3.0622210153778857e-06,0.00035415347696539807,0.8586394538974866,0.02587702967000394,0.00021265637014502274,2.0582986954217725e-07,0.00488201359101229,0.06192498829936261,0.00017810941584941908,1.0020413779588378e-05,5.093538615790212e-05,0.00019399800893785284,0.0017687215407047611,5.2466733355091764e-05,0.005070194662378033,1.6774323610523206e-09,5.3352341183398476e-05,0.03346219041415697,1.7720385316915779e-06,6.701571398781442e-08,4.966010201651392e-05
5,0.003758796062907673,0.0035725565940213817,5.980000413366778e-07,0.00021064632785491042,3.3648858439923556e-06,0.0004299516003975079,0.8653037348969093,0.027717471194453717,0.000215910513520159,2.435061829117574e-07,0.0048690200313805075,0.05678950321494576,0.0001768329911432283,9.834834041274326e-06,4.9739687060505676e-05,0.00020909741396233283,0.0019471461293212563,7.375904219366117e-05,0.005645558259886167,1.8227542592804667e-09,5.8188987386521076e-05,0.0289117772594925,2.427797286058194e-06,7.348275907998065e-08,4.376546425398863e-05
6,0.003497568355379882,0.003594060154080798,5.24330620976586e-07,0.0001622829273574923,3.068782731617888e-06,0.0004039653370903034,0.8557128370354431,0.02653461410924036,0.00020964192643999454,2.0582584745118733e-07,0.004999319894646146,0.06374898167237583,0.0001578051672390834,9.054460982181535e-06,5.781472965063651e-05,0.00021412206720023138,0.0019247325765478387,4.996215485848354e-05,0.00523566398503668,1.5370942963772602e-09,4.9939452958670345e-05,0.033377965526254445,1.891104633964225e-06,6.485489911123481e-08,5.39120313903731e-05
7,0.004714554597046594,0.003141940849074935,5.664811003468814e-07,0.0001453847496203726,2.634399272289097e-06,0.00034052700192852773,0.8640956775598372,0.025910353435948136,0.00017510967479398169,1.73574251585157e-07,0.005465348656269981,0.05295405587897433,0.00022384759903096985,6.938589398261637e-06,4.529112046513751e-05,0.00018243051485405983,0.0016738866019319109,5.647490974144888e-05,0.005128491852082642,1.5825762153299569e-09,4.8054306308437556e-05,0.03564880199837739,1.442103239683162e-06,5.894695995522857e-08,3.79530169157796e-05
8,0.008378258735752136,0.0074651382327228675,1.9334105390527877e-06,0.0003528333073171052,6.165617155735581e-06,0.0007164921321397409,0.7662160993763026,0.032429004735640615,0.0004086637528750015,5.595649028005886e-07,0.007275142604099847,0.12681283940326477,0.00024136702510383032,2.143634428767729e-05,0.00011032731295859002,0.0004181933271335172,0.004461469140685409,6.570748346077159e-05,0.004454133721040925,3.2481934111464626e-09,6.345512024657466e-05,0.039944059498881475,5.100166114526159e-06,2.2764050045191575e-07,0.00015138909868041563
9,0.0046133162898550776,0.008737327964834967,1.7492849662916292e-06,0.0003342732490610431,4.767476507737141e-06,0.0006653228555805662,0.7846827263342698,0.038907819085009,0.00044744753062928515,8.618804072268595e-07,0.005675319549217585,0.1061151849717453,0.0002361187721718081,2.8321667428215985e-05,0.0001087750190519423,0.0005176152251994164,0.003639750454981191,7.178331975165541e-05,0.006272423616522103,4.099084367143728e-09,7.750509381067427e-05,0.038707112268676354,4.484719935868087e-06,2.0388650072968126e-07,0.0001497853848019246
10,0.003497568355379882,0.003594060154080798,5.24330620976586e-07,0.0001622829273574923,3.068782731617888e-06,0.0004039653370903034,0.8557128370354431,0.02653461410924036,0.00020964192643999454,2.0582584745118733e-07,0.004999319894646146,0.06374898167237583,0.0001578051672390834,9.054460982181535e-06,5.781472965063651e-05,0.00021412206720023138,0.0019247325765478387,4.996215485848354e-05,0.00523566398503668,1.5370942963772602e-09,4.9939452958670345e-05,0.033377965526254445,1.891104633964225e-06,6.485489911123481e-08,5.39120313903731e-05
11,0.0034788707212536738,0.003444652799155547,5.145996581508082e-07,0.0001598075570914677,3.0390772896938982e-06,0.0003681822108862983,0.860495955521006,0.02462517713203197,0.00020117450459171773,1.9035753533517551e-07,0.004819122911040676,0.06230972016815045,0.0001725876431661619,8.477512229888803e-06,5.364828763249473e-05,0.0002073616604229332,0.001821256186323709,4.938458452132353e-05,0.005130369374895856,1.596414231174792e-09,4.9493690661336914e-05,0.032549403158654566,1.7830088727618006e-06,6.862645923739461e-08,4.9757110054203894e-05
12,0.003647997175538768,0.003668234020155237,5.801854248045186e-07,0.00015693063430827748,3.6428248593818168e-06,0.0004271918891176178,0.851501635368158,0.025788215828757316,0.00022548831340452331,2.106844600018898e-07,0.00547164383239468,0.0684077431878402,0.0001544524869857408,1.0176299750818809e-05,5.853864204808029e-05,0.0002047343641718338,0.002070728225612217,4.931180078184472e-05,0.0046748363158283755,1.656980578290769e-09,5.3175263981729066e-05,0.03336219611048367,2.0612346323698558e-06,7.164121961145903e-08,6.0202013104331514e-05
13,0.0035489733808021203,0.00471216797123114,4.702818931292956e-07,9.375957765784272e-05,3.864568914437474e-06,0.00023289899648642456,0.7255499148752542,0.037096953915553586,0.00020332469129930855,1.2439082385141903e-07,0.012850774964101605,0.14639219155103095,0.00016136560989218096,1.7809463652911202e-05,9.172026213622024e-05,0.00017332404366451773,0.002092787178112097,3.079139194390805e-05,0.0033632383144739913,1.8965514304060042e-09,4.2938156638917956e-05,0.06323186578037703,9.367257892131751e-07,5.3600804807169256e-08,0.00010774841091416757
14,0.003256953220790216,0.013095052515104809,6.292175880526338e-07,0.00029982123917900513,8.283960159538484e-06,0.00024390582833913957,0.8540025276471016,0.020154536014319085,0.00015491330591659846,3.1343199195228806e-07,0.00927669270606483,0.04541065949885349,0.0003846938123514958,1.4477522357360997e-05,2.965632686122355e-05,0.000129583667651104,0.003670595700609188,0.00010424709271247281,0.01196002026013158,2.234371971301073e-09,0.00018527488899162763,0.03758583984325637,2.123080196817267e-06,1.1066438699734593e-07,2.908632071339007e-05
15,0.003497568355379882,0.003594060154080798,5.24330620976586e-07,0.0001622829273574923,3.068782731617888e-06,0.0004039653370903034,0.8557128370354431,0.02653461410924036,0.00020964192643999454,2.0582584745118733e-07,0.004999319894646146,0.06374898167237583,0.0001578051672390834,9.054460982181535e-06,5.781472965063651e-05,0.00021412206720023138,0.0019247325765478387,4.996215485848354e-05,0.00523566398503668,1.5370942963772602e-09,4.9939452958670345e-05,0.033377965526254445,1.891104633964225e-06,6.485489911123481e-08,5.39120313903731e-05
16,0.003743619410587651,0.00429886600644534,4.715819737743037e-07,0.00014946868725906412,2.5372763421971823e-06,0.0003350866315871888,0.8004450844004485,0.03544697137778772,0.000192349952418493,1.9603887301101248e-07,0.006049620949146525,0.09252154554870677,0.00016101554154321292,1.1749291548496642e-05,7.221737240694058e-05,0.0002437203944642135,0.0021239195644948807,4.8690627576563284e-05,0.00511488783483633,1.5281817146408155e-09,4.2356123235881886e-05,0.0489282554322268,1.3876123259562504e-06,4.945542338163144e-08,6.593136015953952e-05
17,0.0034920631260209707,0.002840379931677517,5.349834414387095e-07,0.00010468407468817354,3.4204390344555723e-06,0.0002469495568655674,0.8695998185783467,0.01855684183515961,0.0001681992599376116,1.0433857683781309e-07,0.005270459418929882,0.07004834892154092,0.0001647979749781445,9.444780358443378e-06,2.4419129267110245e-05,0.00011272959207860024,0.0017675830440396824,4.624066430289442e-05,0.0025534975319597246,1.3696927273096263e-09,5.696877271781973e-05,0.024893510501684493,1.532753402227928e-06,6.632875202945631e-08,3.740309254653317e-05
18,0.002315924011569485,0.0035039213739450027,5.401055432936128e-07,8.936852429554043e-05,2.269146174580444e-06,0.0003264313162021872,0.8380297695479347,0.020852335334492347,0.00017890469679991575,1.7653606956658296e-07,0.004238749730640122,0.09561986271201557,0.00010758196743457677,1.1617868293990139e-05,6.432601469079279e-05,0.0002853604903048354,0.0023263198208009995,3.1497373507815626e-05,0.004117247919923302,1.419702636691466e-09,5.423477929614518e-05,0.02773822689889773,1.8169349028904966e-06,6.972938632194947e-08,0.0001034457471754331
19,0.0023537057369995332,0.004394562962899143,4.2293082872090876e-07,0.0002451788771796632,3.7555396091583345e-06,0.0005489073117239911,0.85535682129542,0.023447644441493706,0.00030318032704343986,2.925254449982407e-07,0.003453308539509686,0.06442349823531318,0.00015010378862147542,9.335604005175378e-06,7.447066413370183e-05,0.00022742112959903005,0.001588528184262002,3.733987194495373e-05,0.005451399462854805,1.7305780171487882e-09,3.3063932872799704e-05,0.03783914112036052,1.84628891250061e-06,7.00413670796692e-08,5.599945702261849e-05
20,0.003117872047714481,0.004695214687141729,4.1953975702330127e-07,0.0001811179542153638,2.9509791269470215e-06,0.0004354317181154965,0.8234354658394255,0.03479071805713437,0.00026353064081772396,2.6922589305647387e-07,0.005773630369867611,0.056939923481548256,0.0002033134409953602,1.2065698538666408e-05,7.879901884783012e-05,0.00018742479642991385,0.0015953905332030283,4.763786808818767e-05,0.006503326640568571,1.9843936002198025e-09,4.5946687410289095e-05,0.06163609773179261,1.4313113313781397e-06,5.176727649000636e-08,5.1967980366913666e-05
21,0.005025242204553032,0.0031554656950990513,8.966789812739197e-07,0.00013960087295953653,2.788120580685092e-06,0.0002056461817207307,0.8345107024360873,0.02625803329313155,0.0001464151322376778,1.4911591490776114e-07,0.004946162154571802,0.09820718100958865,0.00020025758949995093,1.110346829986465e-05,2.9305737666547496e-05,0.00024197319951206527,0.0022812484326908346,7.403160657761325e-05,0.0032377718791134413,1.6707352137358052e-09,6.543182207767615e-05,0.021208021660946985,1.8351604378492502e-06,8.967703411850242e-08,5.064519998166145e-05
22,0.006159392459779712,0.004606816890138729,9.37855394607803e-07,0.0001957304622833375,3.240593228217778e-06,0.0005114866944260112,0.8195548864010844,0.0466988940005893,0.00015618306955808017,3.368411432682042e-07,0.007283279441622116,0.06021559331464832,0.00021192180099414493,1.1539577468051913e-05,4.782782511015515e-05,0.000273482650766723,0.004088088904763507,0.00010460306172595229,0.006718789286056862,2.080935255703609e-09,9.350407158523533e-05,0.04301303002383841,2.8583440059569186e-06,6.19051012519865e-08,4.7512443752453215e-05
23,0.003497568355379882,0.003594060154080798,5.24330620976586e-07,0.0001622829273574923,3.068782731617888e-06,0.0004039653370903034,0.8557128370354431,0.02653461410924036,0.00020964192643999454,2.0582584745118733e-07,0.004999319894646146,0.06374898167237583,0.0001578051672390834,9.054460982181535e-06,5.781472965063651e-05,0.00021412206720023138,0.0019247325765478387,4.996215485848354e-05,0.00523566398503668,1.5370942963772602e-09,4.9939452958670345e-05,0.033377965526254445,1.891104633964225e-06,6.485489911123481e-08,5.39120313903731e-05
24,0.002712310911247155,0.005676137669856635,4.479799846360652e-07,0.00029900118983841004,3.1692002717447807e-06,0.00038798953950797474,0.8513812589953716,0.030954141830604586,0.00020902243389970477,3.014997637181125e-07,0.004225379730193468,0.05741206419285988,0.0001731124191172341,1.101481105851053e-05,6.499946914793952e-05,0.00023937890832388255,0.0021928290319164104,6.408046675743428e-05,0.008268782926237268,1.6401131909192683e-09,5.419034737664228e-05,0.035622453577408335,2.2019412935716314e-06,6.311112333522778e-08,4.566617672663672e-05
25,0.002951028615077819,0.001823489052783381,4.4625938334730104e-07,0.00010275266701061476,2.7173374925270547e-06,0.00023107749669202933,0.8607588753733568,0.03815421935129985,0.00011109238958864802,9.199246206915096e-08,0.006376450247266011,0.06399957719793231,0.0001323181192456803,7.98692229935854e-06,2.1771952098778644e-05,0.00013100708111238505,0.001504674687930851,7.13930853744904e-05,0.0026229639403939297,1.5821856944291304e-09,5.2425990049731386e-05,0.02091695141645498,1.2720263194073576e-06,3.600974640776308e-08,2.537920644285351e-05
26,0.006385128570082809,0.003462626016418706,1.304648636879987e-06,0.0002570153012636744,5.287497752584422e-06,0.0006869524883247393,0.8749493762052305,0.020499644258132547,0.00038185496208011565,3.410460011439065e-07,0.0052398121739944,0.06123201262589226,0.00020856843742594525,1.2132153009806589e-05,4.301630032099885e-05,0.00021841006505504533,0.0022785243801141655,0.00010001382659761431,0.004023622618240932,2.6013437644585215e-09,7.252840551293612e-05,0.01988171557822076,5.288924351385127e-06,1.8629559405149674e-07,5.4634620402364335e-05
27,0.003222369939572228,0.0036976436414715434,4.0124984736838913e-07,0.00018155913557694952,3.182009536280462e-06,0.0005727579813905668,0.8349546231244575,0.029370228006624536,0.000354567147269719,2.5732825852490676e-07,0.004931653191666574,0.06199349281490739,0.00016452423263599327,9.250236012411017e-06,8.911836129624002e-05,0.00020624839228287946,0.0012215347656995366,4.0918511781170255e-05,0.006061600366138685,1.6967612818153965e-09,3.352415777629374e-05,0.05282816686782072,1.5311770621425381e-06,6.3537409130032e-08,6.078212674406108e-05
28,0.003497568355379882,0.003594060154080798,5.24330620976586e-07,0.0001622829273574923,3.068782731617888e-06,0.0004039653370903034,0.8557128370354431,0.02653461410924036,0.00020964192643999454,2.0582584745118733e-07,0.004999319894646146,0.06374898167237583,0.0001578051672390834,9.054460982181535e-06,5.781472965063651e-05,0.00021412206720023138,0.0019247325765478387,4.996215485848354e-05,0.00523566398503668,1.5370942963772602e-09,4.9939452958670345e-05,0.033377965526254445,1.891104633964225e-06,6.485489911123481e-08,5.39120313903731e-05
29,0.003497568355379882,0.003594060154080798,5.24330620976586e-07,0.0001622829273574923,3.068782731617888e-06,0.0004039653370903034,0.8557128370354431,0.02653461410924036,0.00020964192643999454,2.0582584745118733e-07,0.004999319894646146,0.06374898167237583,0.0001578051672390834,9.054460982181535e-06,5.781472965063651e-05,0.00021412206720023138,0.0019247325765478387,4.996215485848354e-05,0.00523566398503668,1.5370942963772602e-09,4.9939452958670345e-05,0.033377965526254445,1.891104633964225e-06,6.485489911123481e-08,5.39120313903731e-05
30,0.003497568355379882,0.003594060154080798,5.24330620976586e-07,0.0001622829273574923,3.068782731617888e-06,0.0004039653370903034,0.8557128370354431,0.02653461410924036,0.00020964192643999454,2.0582584745118733e-07,0.004999319894646146,0.06374898167237583,0.0001578051672390834,9.054460982181535e-06,5.781472965063651e-05,0.00021412206720023138,0.0019247325765478387,4.996215485848354e-05,0.00523566398503668,1.5370942963772602e-09,4.9939452958670345e-05,0.033377965526254445,1.891104633964225e-06,6.485489911123481e-08,5.39120313903731e-05
31,0.005297825912417566,0.003886063465542193,8.590205714683216e-07,0.0001648676640672843,2.3509193392323223e-06,0.00035768077263084415,0.8256571372739195,0.049324392413572955,0.0001537129635968554,2.5312225543109515e-07,0.005418192385240069,0.0693586706036316,0.00017992729311099362,1.0148912758081674e-05,3.997784803824188e-05,0.00029757207944065183,0.0026407883642946776,8.303162990301657e-05,0.004857992414178075,1.6881511390966254e-09,6.520982485177616e-05,0.0321539800998692,1.983079001479106e-06,5.652494720919762e-08,4.7323724670470184e-05
32,0.003150050027906001,0.0034962154756828256,4.783801399265144e-07,0.00016770673681671327,2.9112346485077396e-06,0.0004050170604748963,0.861891203419946,0.025937490152330964,0.00020131331623819652,2.1134315961463292e-07,0.004731207480706542,0.05785140005609757,0.00015862881946370364,8.382750096001195e-06,6.168945430992224e-05,0.00022462496466398694,0.00188976560837991,5.010174212395817e-05,0.006221012964501627,1.5477180247587715e-09,5.153682637423156e-05,0.03344590955708046,1.8863330014824331e-06,6.342378149994296e-08,5.119132435717449e-05
33,0.0035189099932815735,0.003718304205823456,5.710575642510887e-07,0.0001656830612842947,3.270079359489573e-06,0.0004604450196111188,0.8556098263891407,0.02656693259610752,0.00024404619838154718,2.3891768352433016e-07,0.005059485664832293,0.06292153193780735,0.00015476478993083534,1.001477611449534e-05,6.521990791349794e-05,0.0002201503043815616,0.0018968991138290593,5.006934513024979e-05,0.0053147414061540344,1.6684344444949265e-09,5.061171476527599e-05,0.03390561821122052,2.0798838425017906e-06,6.944699635516925e-08,6.051431040999305e-05
34,0.007914579484767929,0.001899696764375422,6.182837100626047e-07,0.0001655417676551848,3.2246749912009647e-06,0.00037387737211629773,0.8865650256834858,0.021506490355894154,0.00022833461634737558,1.3652852993485764e-07,0.00667406776810611,0.038842387972826166,0.00024264404750279418,5.1980264161933464e-06,5.2360325744538114e-05,0.00014903448198934802,0.0012182985336394083,8.609835382153524e-05,0.00606679603833248,1.523234430346877e-09,5.10784651491252e-05,0.027923439658745206,1.883508468757445e-06,7.734318469911785e-08,2.9108420965876056e-05
35,0.003463792236986935,0.0036199887797566314,5.250179523264617e-07,0.0001626620259426424,3.1045430721664056e-06,0.00040375591543383616,0.8559203231866187,0.026364878693294458,0.00021025865159059545,2.0635310490055738e-07,0.005011855319309129,0.06378980996168143,0.00015728873949594425,9.148418083265922e-06,5.8411107891968085e-05,0.00021328808869888245,0.0019329751676103052,4.9468635666375536e-05,0.005225050911191352,1.5459409162926601e-09,5.013587186572736e-05,0.03329662317870732,1.9018395557718062e-06,6.513698356262268e-08,5.448067356481644e-05
36,0.003141436400254238,0.004211909549231174,4.027382953389062e-07,0.00018604103964361374,1.571271359768453e-06,0.0004317608327612325,0.806329331193914,0.0477555683507977,0.0002144003128194284,3.142917319601279e-07,0.003536005400097563,0.06932472311063814,0.00015529604866748573,1.0121957179419982e-05,6.404592401678518e-05,0.00033223770146586335,0.0019962509281647133,5.904351064157327e-05,0.007024759549494293,1.4304742644375668e-09,3.57486331461813e-05,0.055140895664733576,1.4245466713002351e-06,3.7068767266350464e-08,4.66725450330144e-05
37,0.005134701812922835,0.002569898659164416,8.011909017039474e-07,0.00012341400995781015,3.2536924993884763e-06,0.00024744616773379475,0.8787505815324465,0.016961813060538886,0.000185486133385492,1.3195037445296738e-07,0.0046051460569670934,0.06625769942598188,0.00021065762181959112,8.363610014870407e-06,2.6177305512092916e-05,0.00015348239075679935,0.001617779828665537,6.197601476730003e-05,0.0029876391386405273,1.5218968757589294e-09,5.871304733290322e-05,0.01999333773886763,1.781459025513594e-06,9.634900385623844e-08,3.9620280822410746e-05
38,0.0023636787011317717,0.0012703045308510384,3.290974138823806e-07,0.0001108347930680444,1.2427957028589372e-06,0.00045426669223897685,0.9242809752362582,0.016703742420510908,0.00010919472584865601,1.4146847294041235e-07,0.0022678093583609017,0.027005644820567665,0.00012342296996377497,2.5889827197464967e-06,4.008103556735524e-05,0.00026474476740251417,0.0012958104311882298,5.2473814992517596e-05,0.006800495653642216,1.170151232302756e-09,4.059664118830164e-05,0.016786646890002702,1.7532130239513337e-06,4.213741078634286e-08,2.3177652321013756e-05
39,0.002979548271499769,0.0020682430645146124,4.087610020016985e-07,0.00010941990331218039,1.815426856583227e-06,0.000380022207426516,0.8649172490747118,0.031553023609843904,0.00012153740676142521,1.3210348685276383e-07,0.003943752268444237,0.05972835434211738,0.00012155982018956577,4.99748966658416e-06,3.724654381449992e-05,0.0002484677615764737,0.0017955629106573316,4.5070661384963026e-05,0.004323854521504338,1.1744847917646776e-09,4.297811313340892e-05,0.027537063231876036,1.4528957531588816e-06,4.258032465843695e-08,3.8195855656808045e-05
40,0.004810501075400202,0.004097069949575902,6.499328910278232e-07,0.00011029430996103999,3.701521579583024e-06,0.000407431391055831,0.8078463108175108,0.024128212553989715,0.0002220825063679867,1.6156952952645583e-07,0.0065322560963925,0.0965747364957632,0.00016651671382588245,1.0283723934714892e-05,6.757748909225851e-05,0.00018665217287646273,0.0022373231825825028,2.938484150738807e-05,0.0030216683015817447,1.5291733894746061e-09,3.9734025243108916e-05,0.04942312815855882,1.367054137887912e-06,6.222596069838118e-08,8.289236150794258e-05
41,0.00421428154224319,0.0035933492819360934,5.212784387287396e-07,0.00042576879073494387,8.011555743560095e-06,0.0010414243005957607,0.8394678536751085,0.028757850537060273,0.0005439999426953497,3.436092745361984e-07,0.0059474923858384215,0.06829212869058517,0.0001212358993803197,8.796155727209724e-06,0.00019114467336192595,0.00023322284710166062,0.0015118675073016634,4.3731725966999737e-05,0.006179643033850559,1.8886860910355037e-09,2.360520350783173e-05,0.03931095273496582,2.895838783088714e-06,8.838936720316051e-08,7.978851174518284e-05
42,0.002769478968521584,0.003714045834486487,2.836446717561809e-07,0.00015460084757501575,2.0777021022007043e-06,0.0005113371708374471,0.8154261703992383,0.03305358903821688,0.00019201553110318348,2.1216575096243816e-07,0.004437584242433144,0.05635899561155053,0.0001803280111471434,5.166033198711691e-06,8.103711196443366e-05,0.00028611761972529014,0.0017793740485839205,3.172324730364997e-05,0.00852098254233105,1.3851527115362456e-09,3.3220527979450725e-05,0.07241535042520007,1.0294606037792516e-06,4.450324326346401e-08,4.523392707888973e-05
43,0.0030735478861241244,0.003669360756439228,5.59265698890125e-07,0.00019332635055453268,3.1882321836328854e-06,0.0007827127828662466,0.8539415381350713,0.034213154318749016,0.00028979333679858625,4.1353296035802893e-07,0.0045553748399373055,0.04360439094983933,0.00016361636742651166,9.359087145423803e-06,8.403950607911945e-05,0.00028031585762385946,0.001855008185064674,5.651925455472914e-05,0.008072983658255869,2.1959395107836203e-09,5.773824348899924e-05,0.045034522049733766,2.403772974744732e-06,6.541206739547526e-08,5.6066022422975926e-05
44,0.003497568355379882,0.003594060154080798,5.24330620976586e-07,0.0001622829273574923,3.068782731617888e-06,0.0004039653370903034,0.8557128370354431,0.02653461410924036,0.00020964192643999454,2.0582584745118733e-07,0.004999319894646146,0.06374898167237583,0.0001578051672390834,9.054460982181535e-06,5.781472965063651e-05,0.00021412206720023138,0.0019247325765478387,4.996215485848354e-05,0.00523566398503668,1.5370942963772602e-09,4.9939452958670345e-05,0.033377965526254445,1.891104633964225e-06,6.485489911123481e-08,5.39120313903731e-05
45,0.0017514106707564566,0.0015333350621315105,2.120006143564578e-07,0.00015422238215033904,2.426007206420346e-06,0.0004324894108367603,0.9078942644035494,0.018302981556241247,0.0001937480907511995,1.19212999651106e-07,0.0028665849683832904,0.03697412642912643,0.00010683039346325009,3.347622906919926e-06,6.906335025999222e-05,0.0001790171067346694,0.000801421678420468,2.9540092876425617e-05,0.00531741162843106,1.2034647859930564e-09,2.1398788656424194e-05,0.02333525352949823,1.172161174083698e-06,4.074009923287456e-08,2.9581509267203874e-05
46,0.006267072545649962,0.005089858128622361,5.583895359244945e-07,0.00020913924045771565,2.8654133586228183e-06,0.00036920230270319086,0.7694807700950219,0.03165576314182541,7.186075880579028e-05,1.3291210123066167e-07,0.006446994100166836,0.11499492641850019,0.00018805531713095446,4.78815635130884e-06,6.26503152485246e-05,0.0004008719962531206,0.007923816496280597,3.734804582282798e-05,0.00511012170376924,1.1934797009153494e-09,4.507305174055969e-05,0.051578891139856156,1.9031468434450646e-06,6.24502474565266e-08,5.727354022695507e-05
47,0.004130715244604139,0.004280542103698431,5.144047981102105e-07,0.00013544324172328785,2.5007701566963797e-06,0.00033504308116956275,0.8282801324858248,0.02658662796186424,0.00019072880325950327,1.8209349389736706e-07,0.004928691789962993,0.08054401010865922,0.00018922805507949717,8.065033638240452e-06,5.308246401801949e-05,0.00024408026959107937,0.002041839511236271,4.0950642084529465e-05,0.004746704852703595,1.4028915027729598e-09,4.142182090655984e-05,0.04316051876477304,1.336213881600344e-06,6.571736658457518e-08,5.7573162614660784e-05
48,0.002063328429474757,6.528925942738153e-05,3.742394251923445e-07,9.848079104794732e-06,9.23137957329439e-06,0.00037055340554069155,0.9358465130121361,0.002293217318653527,0.001639251678870806,1.6918410128705738e-08,0.009127286802170193,0.043756531816679704,6.781632737002845e-05,5.399359251465623e-06,3.351066768869546e-05,1.8325541566745992e-05,2.463585469807579e-05,1.9296784357575895e-05,0.00047785273176931384,1.889164951799891e-09,2.1953486281171697e-05,0.004073506874449677,8.170032649967401e-07,2.2479438944961618e-07,7.521634628136465e-05
49,0.0039414149427533145,0.003167551586875535,6.151536356490578e-07,0.00014186213672294555,3.2077481333303803e-06,0.0005136088864454855,0.8426975326082441,0.028842225721929474,0.00021777013482269784,1.9678050426885513e-07,0.005280117386060604,0.07517740768280562,0.00015336858882751127,8.779727053347721e-06,4.511127923589381e-05,0.00020725901299452495,0.0019244556972792424,4.9776320582257646e-05,0.003572695153925883,1.6885616051466664e-09,4.484194210735757e-05,0.033954310601771294,1.9093422709341946e-06,6.53106773050263e-08,5.391456577998105e-05
50,0.010204974718594441,0.003978751826617678,8.139457715063866e-07,0.0002669821416975082,7.637693532500682e-06,0.0008107813958213914,0.7794029887592744,0.017503610099615055,0.00020725991846936228,1.2138295148430591e-07,0.013974665046286555,0.1389935909384798,0.00014221629052137342,6.744769023043681e-06,0.000103181932871518,0.00031410839117368113,0.005961473548893804,6.883470947145263e-05,0.0037983767631114204,1.879785442555965e-09,5.40659605074206e-05,0.024092559264075126,6.863202248204179e-06,2.2638829435648865e-07,9.916903291155236e-05
51,0.0032892927988531244,0.002188783796276534,5.001225530280128e-07,0.00011733972542888769,2.7876836901840153e-06,0.0004224592733151814,0.8851280031505359,0.019631670348718724,0.00018628585254417345,1.5292343227732423e-07,0.004500575907228265,0.05425432553405683,0.0001324704451811914,6.418112542173333e-06,4.8268986497155705e-05,0.00019948535989860322,0.0017198973305033191,4.549361157564199e-05,0.004388642255266504,1.3912873829142638e-09,4.9162632141454106e-05,0.023638005711079536,2.007347626191595e-06,6.719780193926758e-08,4.790250196611416e-05
52,0.006243297733804541,0.004010910270123573,6.900149906524063e-07,0.0004476632799726925,2.1596160765720927e-06,0.0013165611257330554,0.7806777553738116,0.066340887432703,0.0004083405621592021,1.2845912943714361e-06,0.0050926075049095845,0.034248179378311254,0.00030202981194340025,9.906688465521561e-06,0.00016681377702191922,0.0006390195745491194,0.0018579821036563734,0.00021727651012468617,0.024993913741895274,3.910265898222988e-09,5.2133007067117416e-05,0.07292386760638081,3.3616823983556914e-06,7.309662335514263e-08,4.328160571805869e-05
53,0.026304309021577314,0.1585796879477747,5.3065827066978085e-06,0.002023471401726239,1.6295892094908428e-05,0.0007835560184961712,0.07896073085076744,0.09361295064030983,0.0003150901674230358,1.8563381795481784e-05,0.019661888168437825,0.035261835295198454,0.0009971443497361692,6.314908105468782e-05,0.0002573710177305598,0.0006966420809661397,0.031078345199105198,0.00019471098429662138,0.0551202588976978,6.188542591144688e-09,0.0002703866216387779,0.49565163997433864,4.167291333343885e-06,3.6091775738134556e-07,0.0001221320274938791
54,0.002797858197134763,0.005486564316465587,5.91968503960854e-07,0.00014354831349741581,3.042277346640665e-06,0.00038509955244012465,0.7993269532320854,0.028218877826406127,0.0002944042317258929,2.8283838038902726e-07,0.004795956233202759,0.11043216785301256,0.00013928498207838727,1.5150722310567731e-05,9.43562149223806e-05,0.00031267700154692446,0.0019627059891356765,3.248241360123023e-05,0.004535713697151797,1.7942044706373533e-09,3.82833369601546e-05,0.04086422898501824,1.5893884041850482e-06,7.607355942245803e-08,0.00011810256090498751
55,0.007111354653641187,0.02053541891582004,1.5721775220564066e-06,0.0004587911666012853,3.804777546163032e-06,0.001242660095812203,0.6087299723404819,0.11041838454647492,0.0002374448525133046,2.457463242794979e-06,0.01023152473533445,0.03732698720170275,0.00033604639174834183,2.9904181011002943e-05,0.0002678081154739598,0.0006444565590765171,0.011188235382848803,0.00011108266415614076,0.023144276235828536,5.122537666551326e-09,0.00015985366202119964,0.1677090210400589,4.8077730336975815e-06,5.920681448916692e-08,0.00010407073869771834
56,0.0034985466074345314,0.003515957720767579,5.168652107029408e-07,0.00015846064976857087,3.0168374695218163e-06,0.000383290748552728,0.8572708837018208,0.02591477533267259,0.0002051360540329801,1.964977616190123e-07,0.004938896550196145,0.06316688788216142,0.00016423969296582418,8.885882271479452e-06,5.4664075422942174e-05,0.00020647279148235144,0.0018572083609035975,4.996282500369836e-05,0.005143304106109855,1.5471064877317133e-09,5.0060747670658226e-05,0.03335511519304152,1.8224139063338171e-06,6.540573454275837e-08,5.163151053150673e-05
57,0.0022095684370146904,0.0038377943568075347,3.9198166686393295e-07,0.0001273669026381504,2.210253428773124e-06,0.0002666635078567722,0.867478935832779,0.020906322643416776,0.0001510255699115117,1.7347845627570332e-07,0.003843502681280635,0.05952435612278721,0.00017440105968431606,6.659128829673769e-06,4.84061132089293e-05,0.0002576047918296906,0.001819938482630908,3.777281112175672e-05,0.007495539378616626,1.3363605797727413e-09,5.5516905565766324e-05,0.03170681017747718,1.2425557946613222e-06,6.417458506831822e-08,4.773131625072025e-05
58,0.0032466936278675506,0.003379007941469447,5.317129957987794e-07,0.00015877418714848048,3.4422419030419763e-06,0.0003776596931327544,0.8674067335420309,0.02058361672347941,0.00022250128339586955,1.8795543070302924e-07,0.004761383678071353,0.06350558687181196,0.000171151193273313,8.563301223903455e-06,5.463302267913581e-05,0.00020475573061363856,0.0017417502552031046,4.6370571569219944e-05,0.005024983735332041,1.6892919935994177e-09,5.178979350641549e-05,0.028993186069601714,1.961892555400423e-06,8.677732416051815e-08,5.464650908863399e-05
59,0.003461568853123496,0.0037356826470009478,6.291623713465066e-07,0.00016128372115603343,3.5096290193538367e-06,0.00041527898413996336,0.8610256766709856,0.02282554231934217,0.00023055175450757806,2.2364492012219593e-07,0.004890529353424551,0.06582629139223721,0.00017126007463897624,9.683087758023213e-06,5.526140975446782e-05,0.0002258481200188806,0.001980319850463819,4.932340329594547e-05,0.004952170914932994,1.8068487819926954e-09,5.661303477286921e-05,0.029860598533861096,2.1413737053592357e-06,8.916175024411852e-08,5.992109597022803e-05
60,0.003497568355379882,0.003594060154080798,5.24330620976586e-07,0.0001622829273574923,3.068782731617888e-06,0.0004039653370903034,0.8557128370354431,0.02653461410924036,0.00020964192643999454,2.0582584745118733e-07,0.004999319894646146,0.06374898167237583,0.0001578051672390834,9.054460982181535e-06,5.781472965063651e-05,0.00021412206720023138,0.0019247325765478387,4.996215485848354e-05,0.00523566398503668,1.5370942963772602e-09,4.9939452958670345e-05,0.033377965526254445,1.891104633964225e-06,6.485489911123481e-08,5.39120313903731e-05
61,0.003759922605348354,0.0035334407326541657,6.858502976575403e-07,0.00015983846768318334,3.6213996447184416e-06,0.0004215448612978352,0.8627419345108355,0.023096983330347216,0.000247404686483859,2.274709140724978e-07,0.00501950021620467,0.064987977276642,0.0001764915022655452,9.978450849176452e-06,5.142797907645023e-05,0.00021518626999280437,0.0018582261667365457,5.35561586331931e-05,0.004744549549058064,1.8417273332301323e-09,5.830328625978528e-05,0.02879838835693847,2.2000155103057004e-06,9.41120857638781e-08,5.851490251338268e-05
62,0.003497568355379882,0.003594060154080798,5.24330620976586e-07,0.0001622829273574923,3.068782731617888e-06,0.0004039653370903034,0.8557128370354431,0.02653461410924036,0.00020964192643999454,2.0582584745118733e-07,0.004999319894646146,0.06374898167237583,0.0001578051672390834,9.054460982181535e-06,5.781472965063651e-05,0.00021412206720023138,0.0019247325765478387,4.996215485848354e-05,0.00523566398503668,1.5370942963772602e-09,4.9939452958670345e-05,0.033377965526254445,1.891104633964225e-06,6.485489911123481e-08,5.39120313903731e-05
63,0.0035166395002547137,0.004563088886728137,5.449327119157332e-07,0.00017798148376539928,3.168198937040701e-06,0.00040097365098456215,0.8435946366113426,0.028080356791993076,0.00021565274862032544,2.3834945481155083e-07,0.005137804307078561,0.0679031815564091,0.00017105948419329022,1.013941320196865e-05,6.301366134724941e-05,0.00023512771946852007,0.0021681279773508575,5.016374351905619e-05,0.005824164225025642,1.6380317161990118e-09,5.2570576230946036e-05,0.03777019503934641,1.9183670620319516e-06,6.920564667867963e-08,5.918193129530754e-05
64,0.0032278600229614894,0.003407443194049466,5.605657824367853e-07,0.0001405948327743262,2.9642886586322918e-06,0.00033379415086462515,0.8716207724184161,0.02371834337143385,0.00017285888000858403,1.8547007344173907e-07,0.004730544105292626,0.056581889436770005,0.00016453728638418712,8.841877681203776e-06,4.573725967893746e-05,0.00020256688401322818,0.0020279462463660036,5.152994193442245e-05,0.005243001697842253,1.5374663281544083e-09,6.541183205188422e-05,0.028202601366553375,1.8914022486675853e-06,6.609083762491195e-08,4.8055839856194525e-05
65,0.003234340845406343,0.002712941915481351,4.113292471410987e-07,0.00016619173643980247,2.858457104308722e-06,0.00043563660936124515,0.8736543784277992,0.024242650460533026,0.00016727813979807747,1.6324438787727811e-07,0.004733053586242367,0.054180805583213684,0.00013306788961953836,6.1721147943174e-06,5.792413221957769e-05,0.00020947100937639108,0.0019141440468451463,5.019064858572416e-05,0.005752612665716314,1.295186371613867e-09,4.562384326348977e-05,0.028254562181008726,2.0016055141524493e-06,5.5539594489812805e-08,4.346269326126737e-05
66,0.003138977900168448,0.004456836580013723,4.751750867896765e-07,0.0001972162182481754,3.275573805714736e-06,0.000533344230291491,0.8443662201517855,0.025763005544064264,0.00023857821071860723,2.480567449220548e-07,0.0051937205382448556,0.06963648588233351,0.00013672027208156884,9.989409626080645e-06,8.30373336086408e-05,0.0002513020630928525,0.002391918142866803,4.672937403873367e-05,0.006475455673504551,1.5503395897801038e-09,4.988613327259954e-05,0.03695374231368878,2.540056828514229e-06,7.359290097424972e-08,7.022002264456613e-05
67,0.007028511461163908,0.002607271330374114,3.202608521736868e-06,0.0002389048197722112,3.4044592718141824e-06,0.00054584155185401,0.8962915032614422,0.02999264447702442,0.00010645784723853473,4.258225975901107e-07,0.005479367815216218,0.03474175886719569,0.00023034401016902806,1.4567965415921232e-05,2.7787484205656836e-05,0.0003293902271425699,0.006765396878022196,0.00023615582831115983,0.005321125583254714,4.20852224611133e-09,0.0003129981370473001,0.009666142934062368,1.396738266879999e-05,1.5759712666680984e-07,4.266744237890959e-05
68,0.0020867599198393454,0.0024518029672547003,1.5995702786427662e-06,0.00015850317538384888,6.794148356650001e-06,0.0007024428232475972,0.8561192007684858,0.008625065536553258,0.0010618617612255363,3.5522180847352394e-07,0.0029825379895551656,0.11417286935117796,0.00010247690572345706,3.3392972319220874e-05,5.220424472978972e-05,0.00013602149024398864,0.000819657884794489,3.238486574345842e-05,0.0009929594986152039,3.539192786782974e-09,2.9736039083591077e-05,0.009253982567882334,5.07631472240526e-06,2.6829755301559716e-07,0.0001720421462292284
69,0.0026771576402252997,0.0016773453236332574,1.0526395357559147e-06,9.376169900796606e-05,2.014501388913597e-06,0.00033695673080301296,0.8938355245814245,0.033519588886250624,0.0001747882771704311,2.4717511390291936e-07,0.00355966086982623,0.045858036482915976,0.00012945019960032108,1.4511004761589157e-05,2.1135027678556695e-05,0.00020321258678764937,0.0013528035178567745,0.00011265789956507732,0.0034446350515150957,2.311477569870167e-09,0.00011254901347308691,0.012828166986979991,2.8805494394596162e-06,6.418470308275257e-08,4.179685886614794e-05
70,0.002334297092958884,0.0017386069921997245,4.182473313261275e-07,0.0002404064073493404,7.932372909965288e-06,0.000458657000589196,0.9100018849720036,0.01493206244097066,0.00038787537831696427,1.067036154959092e-07,0.004622369345552783,0.04694631625803273,9.214274537280279e-05,9.360937376928875e-06,5.527080795717745e-05,5.734309332009332e-05,0.0007555023628800389,3.082378693585914e-05,0.001929447498316607,1.398292458773105e-09,2.5418469507906582e-05,0.015333616146433821,2.3010615720870655e-06,5.992108641934137e-08,3.7778559117227116e-05
71,0.000699760509090791,0.0023374562012129043,4.714585800427912e-07,5.854371247703713e-05,4.340632800096873e-06,0.00014442473823921714,0.9324753992876832,0.013977850932362024,0.0003630881273997972,1.6948967172386498e-07,0.0020894225034076095,0.03620230984420353,8.513543682190946e-05,2.4104513055898186e-05,1.4232800500524075e-05,8.875271485651122e-05,0.0005369051871303139,4.63890860954671e-05,0.0019227624249421441,2.2517075553645818e-09,8.565661203677712e-05,0.008799480780730016,1.4865054201595847e-06,7.059346855546196e-08,4.178365610609924e-05
72,0.009093304127393384,0.007465559567272321,1.2547684429395649e-06,0.00027472690137651606,6.8253254155002035e-06,0.0004478750607851304,0.7443904949631542,0.04034454938132587,0.0003492112217924912,3.389430190213085e-07,0.012979093660850668,0.12402417281700466,0.00023869203845717902,2.604078259823719e-05,7.853134565425032e-05,0.0002161783828974164,0.0036484445497760006,9.011425433886243e-05,0.00525190162771414,2.2071052466906828e-09,9.043701740286859e-05,0.05086547510124034,3.6611344856258032e-06,1.500161701539599e-07,0.00011296480432708101
