,0,1,2,3,4,5,6,7,8,9,10,11,12,13,14,15,16,17,18,19,20,21,22,23,24
0,0.0018236834330519897,0.0017048035975336104,0.0014303543085731015,1.2241322788900633e-05,0.0003444235966729589,9.820895263655753e-05,0.8670977721993264,0.0009934733739565224,0.049962617149297804,5.4430784281578184e-05,0.0008923869511583424,0.0033822097247590823,1.5755608246149086e-07,9.1814189566339e-06,0.0022422463747435277,0.0005450171792255085,8.929032975053194e-08,9.335617706230532e-05,0.0684215840323946,1.1645890880527752e-08,5.725540838172186e-05,0.00047524851522565267,2.0692624497409292e-06,0.00018947199629411579,0.00016770574892623912
1,0.0019999250131157715,0.0016183397414804258,0.001801110195872824,1.3537926011367806e-05,0.00021639936617010524,7.911999996273627e-05,0.8960609386903025,0.0007819682764611208,0.04321494947216444,7.222742075813117e-05,0.0005302852224369051,0.003311957122725244,1.211334223825237e-07,7.487028178956595e-06,0.0014725629689684224,0.0004723875060436995,5.000682650200343e-08,9.471008245091184e-05,0.047547668807118075,8.91030629427803e-09,4.5851641145045196e-05,0.000328472528551091,1.7179954567859245e-06,0.00016567206866919263,0.00016253087540107618
2,0.0017677111953159003,0.0015347615008288779,0.001240496391354274,1.0188305097236103e-05,0.00033246000915692725,5.45006395749054e-05,0.9273237780249506,0.0005986985493732,0.032123788768123315,5.204692665492562e-05,0.0005300712399199097,0.0029693718794355666,1.119302262888144e-07,9.156392290406588e-06,0.0016690428111029755,0.00031221856967840906,5.759829806802448e-08,7.582028975016142e-05,0.02875312774901924,9.886157223376341e-09,3.539494548763024e-05,0.00027419221660486277,2.0073667284307053e-06,0.00010457352023822307,0.0002264132946323554
3,0.0017781983498880202,0.0015629435679635783,0.0014910466175034243,1.4787790016291612e-05,0.00024572680220024914,6.678166553809166e-05,0.917347104593895,0.0006739323061481254,0.03452305730055516,6.169514737754712e-05,0.0006309151570829392,0.0034784188186354633,1.1431995750478846e-07,9.51794704072425e-06,0.0013053737942225487,0.0003350798605596694,6.181188142817042e-08,9.287058210627424e-05,0.03564588284982151,8.911371772700334e-09,4.703437333987275e-05,0.0003434382677375609,2.3396196917919715e-06,0.00015168673623810726,0.00019198280922750246
4,0.0019133476944882138,0.0016038004672639947,0.0015084318832759855,1.5903037935911208e-05,0.000259158292402324,6.834542207536321e-05,0.9143068253570942,0.0006591924714047923,0.03665003814322715,6.187594124055127e-05,0.0006414457203306374,0.0038883994516554646,1.416066392640688e-07,1.0348710101636066e-05,0.0012946857383950936,0.000336450454275554,7.371923385887288e-08,0.0001021354990660587,0.03587863115828669,9.867948673129535e-09,5.2024814661721256e-05,0.00037322010642792854,2.4816927667911115e-06,0.00016132851584493266,0.00021170423395719157
5,0.0020757251772856385,0.0016373090634407101,0.0016249636806211123,2.0235435809805228e-05,0.00022779054791547171,7.081667903858912e-05,0.9177356118562662,0.0006585850405283173,0.03571128490760364,7.297918781373049e-05,0.000648249649012765,0.004147568593127408,1.352572044865867e-07,1.1639607671962152e-05,0.001119319930722388,0.0003309637488688421,7.463220224228841e-08,0.00012907382428035234,0.0329197155695288,1.0086343759580793e-08,5.5505867702407685e-05,0.0003936272712046576,2.787580753645901e-06,0.00018243887701099184,0.00022358792804179676
6,0.0017781983498880202,0.0015629435679635783,0.0014910466175034243,1.4787790016291612e-05,0.00024572680220024914,6.678166553809166e-05,0.917347104593895,0.0006739323061481254,0.03452305730055516,6.169514737754712e-05,0.0006309151570829392,0.0034784188186354633,1.1431995750478846e-07,9.51794704072425e-06,0.0013053737942225487,0.0003350798605596694,6.181188142817042e-08,9.287058210627424e-05,0.03564588284982151,8.911371772700334e-09,4.703437333987275e-05,0.0003434382677375609,2.3396196917919715e-06,0.00015168673623810726,0.00019198280922750246
7,0.002934288174382049,0.0014557459166639267,0.002230708752324873,1.1941377302637502e-05,0.0002250546044199971,6.850697859752239e-05,0.9179462325310719,0.0006777095795347975,0.029425689205423974,6.6352955079128e-05,0.0005436851185583822,0.00298399143115273,1.2859393571793054e-07,7.954347690899003e-06,0.0008118517131529696,0.0002538819012652042,5.104374467626675e-08,9.92588608112624e-05,0.03966999847452101,8.03324856701191e-09,3.382747345317137e-05,0.0002008916477158422,2.07585106670946e-06,0.00017590203924119102,0.0001742633956410046
8,0.001843329983635144,0.001709039800239272,0.00168092666338506,1.4765919455118852e-05,0.0002172060681075633,5.30641224313207e-05,0.9445681420860973,0.0004447287190995596,0.021313498110159385,7.384332008769088e-05,0.0004312649266155267,0.0026372438719894633,8.381502888682828e-08,8.108262783043807e-06,0.0006267719005426758,0.00019822839666257643,3.6970412408134446e-08,6.163651139298344e-05,0.023619671521022317,7.817199144999934e-09,3.157336308524155e-05,0.00014888661815892635,2.9097566978190195e-06,0.00014405229657671963,0.00017097917913469916
9,0.0013614584499285574,0.0016444839345903734,0.0018657482911181948,2.1324134121204432e-05,0.00016035840900224447,5.912342927224465e-05,0.9362520260259647,0.00047156151131544,0.028372726333939623,8.497773032804096e-05,0.0004176231953535879,0.0034789007115593826,9.494624557726358e-08,7.311071614709891e-06,0.0008165552256060364,0.0002843115331758991,3.7603281571151e-08,6.9531421976754e-05,0.024009755644929225,8.79519094207258e-09,5.0881436024636274e-05,0.00023175615037239423,2.812094668796337e-06,0.00016970620628067905,0.00016692571413929138
10,0.0017781983498880202,0.0015629435679635783,0.0014910466175034243,1.4787790016291612e-05,0.00024572680220024914,6.678166553809166e-05,0.917347104593895,0.0006739323061481254,0.03452305730055516,6.169514737754712e-05,0.0006309151570829392,0.0034784188186354633,1.1431995750478846e-07,9.51794704072425e-06,0.0013053737942225487,0.0003350798605596694,6.181188142817042e-08,9.287058210627424e-05,0.03564588284982151,8.911371772700334e-09,4.703437333987275e-05,0.0003434382677375609,2.3396196917919715e-06,0.00015168673623810726,0.00019198280922750246
11,0.0018559018690390016,0.0015680750152583145,0.0015198690219335022,1.518401556252934e-05,0.0002543346230984037,6.73878552434336e-05,0.9166508828487742,0.0006739052442233799,0.03472923938517435,6.257221738035356e-05,0.0006326082482058195,0.003635114534632827,1.3091102319819846e-07,9.784598887167378e-06,0.001255709096447293,0.0003355371807237186,6.719805061273822e-08,9.588699766730688e-05,0.035885567466823455,9.623821688623712e-09,4.875497593686925e-05,0.00034472562979609835,2.434830024980439e-06,0.0001596372806583226,0.0001966793316130858
12,0.0036849141275205497,0.003829562294746621,0.0010800862533933435,2.3857459310835157e-05,0.0008633939641764219,0.00011601258323408912,0.9247686027157009,0.00030915601034978553,0.03792243916499884,0.00012166288984988311,0.0005498583626004227,0.0030533842188754656,2.3368631276460154e-07,4.3218436956145995e-05,0.0009935304697933055,0.0002414662303723721,3.140625499466183e-07,0.00023326797060288257,0.020713917378548653,2.5494441389570488e-08,7.301625142657775e-05,0.00036416996602637637,6.77976281099811e-06,0.00013510676378384375,0.0008720234816177087
13,0.0007305194187180027,0.0009141098432498988,0.0009299916450100957,1.4685627087342649e-05,0.00020543728793056783,3.646151551615343e-05,0.9452019900700811,0.0008437571673859022,0.01904644797872177,2.986631905676008e-05,0.0013625000702448492,0.00436509087560103,7.602280582905351e-08,1.1033552463647642e-05,0.0013185177771751124,0.00020739305494351046,6.188327209573139e-08,5.9609769439744034e-05,0.023921183942231763,5.9791786967576075e-09,4.890921632602356e-05,0.0005005431741935656,3.0492426262848277e-06,0.00011425026866808123,0.0001345082980720646
14,0.0015115179365731111,0.003516491753175955,0.0006860063651451217,1.4027302766070137e-05,0.00036636730751284704,4.869470451555053e-05,0.9298794622015625,0.0006306632842218175,0.02348371780819796,8.838014353176353e-05,0.0006082597042947288,0.0021569387083707698,5.403251016832993e-08,1.49614189360149e-05,0.0007284364625688075,0.0002780915924797538,3.702884264420222e-08,5.3409045436698366e-05,0.035482132304894054,1.059910125599436e-08,2.353844851736015e-05,0.00017926547404070365,2.8940179409015412e-06,0.0001263697632183966,0.00012027259164483323
15,0.0017781983498880202,0.0015629435679635783,0.0014910466175034243,1.4787790016291612e-05,0.00024572680220024914,6.678166553809166e-05,0.917347104593895,0.0006739323061481254,0.03452305730055516,6.169514737754712e-05,0.0006309151570829392,0.0034784188186354633,1.1431995750478846e-07,9.51794704072425e-06,0.0013053737942225487,0.0003350798605596694,6.181188142817042e-08,9.287058210627424e-05,0.03564588284982151,8.911371772700334e-09,4.703437333987275e-05,0.0003434382677375609,2.3396196917919715e-06,0.00015168673623810726,0.00019198280922750246
16,0.001133403030525639,0.0013842828978791535,0.0011291489724426385,1.5347111625687552e-05,0.0001744299126690841,4.4755608873421565e-05,0.9252953561538194,0.0007329083850637286,0.030325309412393066,6.824568219238099e-05,0.00048200404569649467,0.004869136053897826,1.0898403145299052e-07,9.377449452808006e-06,0.0013602146658056667,0.00038016527542797943,5.244404407623219e-08,7.780784822701648e-05,0.031682010870793975,9.127151838417269e-09,6.308499645605785e-05,0.00047722409181370784,2.2820488160154994e-06,0.00012011906045641545,0.00017321587044456433
17,0.0012775268751676677,0.0013407999990352713,0.0009712723377724734,1.7376751068786406e-05,0.00029233011237235544,4.651631680200042e-05,0.9394771971742182,0.0006251428189133177,0.02443829552403416,5.837257725739111e-05,0.000687084649753969,0.0044351416042116764,1.5187483927765258e-07,1.3798956771528634e-05,0.0011257628151497816,0.0002772328679021565,1.1608074593993603e-07,9.790823287628538e-05,0.02387611051622703,1.2175425442584702e-08,6.121400147589077e-05,0.0005015367985211081,3.7772356444200463e-06,0.00012647624298254604,0.0002488454608314695
18,0.001988653879803089,0.001354157770958478,0.0012593671044320584,1.3952363433100278e-05,0.000304218950771532,5.288724653860048e-05,0.9358185535292982,0.00047519406406257357,0.02994409286255737,6.494273429828612e-05,0.0004631098255424215,0.004175121073308916,1.716094066786598e-07,1.3136774250451418e-05,0.0011851465531997859,0.0002632916381005606,1.0113401675203554e-07,0.00012638980928742554,0.02159051073305691,1.1883626090885963e-08,5.6792773379270876e-05,0.00037728548770023273,2.892047586152496e-06,0.00011256528606979995,0.0003574528653152466
19,0.0010329678515746577,0.0011261156162550425,0.001196618076664039,1.3922650320605863e-05,0.0001455022966203101,3.3606319335155835e-05,0.9420553588771593,0.0005586222297003323,0.026654606045877972,4.854699136622402e-05,0.0003879537081905559,0.004113979167898029,8.898545184374884e-08,6.7856408269750945e-06,0.0009880731113566887,0.0002686038822132602,3.591984378247956e-08,5.945538115832946e-05,0.02072380327644296,6.088691724239729e-09,4.2192546734758485e-05,0.0003037673361942087,1.6412021469561016e-06,9.307097754987429e-05,0.00014467582042628526
20,0.001115252815076762,0.0011562112866258438,0.0013603366035504487,1.483187709617128e-05,0.00016934562925952174,5.06769090489834e-05,0.9188527299301842,0.0010580677354797459,0.032745422173718855,5.166408165865774e-05,0.0006921446167341477,0.004250923825077017,8.985747385042828e-08,8.301211666241892e-06,0.00220011962389946,0.0004186990566711947,5.17685407497147e-08,8.187368861476652e-05,0.03487704457904122,7.589753465059073e-09,5.1698559163810224e-05,0.000572550773197392,1.8552066399254918e-06,0.00011075061042573224,0.00015934999140158063
21,0.0016901174298258373,0.0016428656657308887,0.0013950642295668437,1.7500530345993882e-05,0.0001889497758539803,6.13072797928735e-05,0.9138531759931777,0.0007557562279046845,0.0391191644351499,7.306693074039542e-05,0.0005184844246515978,0.004054893012390362,1.1017210546657722e-07,1.0054550871742882e-05,0.001186840960621229,0.00046877663666394684,4.543057582149017e-08,0.00010382966304167591,0.03414442388141059,8.568792279147472e-09,4.95902120883559e-05,0.0003617282807191204,1.6742616473034753e-06,0.0001497685641738295,0.00015280288215772128
22,0.0033500314896005253,0.0016715684911844976,0.002192111564288428,1.8951030208572587e-05,0.0003457356554321301,0.00011343292922903392,0.8815832054801597,0.0008920227235418773,0.05235475003856767,7.242066052222878e-05,0.001011544619311639,0.003967163303793656,1.9290747259641455e-07,1.2991369686102221e-05,0.0019164231845243652,0.0004841483726258684,1.3287784771541404e-07,0.00021489180438721134,0.04861325424492192,1.3278366610585496e-08,6.425901525326803e-05,0.0005850898525244129,2.8891987208954013e-06,0.00024070858556113199,0.0002920673222677296
23,0.0017781983498880202,0.0015629435679635783,0.0014910466175034243,1.4787790016291612e-05,0.00024572680220024914,6.678166553809166e-05,0.917347104593895,0.0006739323061481254,0.03452305730055516,6.169514737754712e-05,0.0006309151570829392,0.0034784188186354633,1.1431995750478846e-07,9.51794704072425e-06,0.0013053737942225487,0.0003350798605596694,6.181188142817042e-08,9.287058210627424e-05,0.03564588284982151,8.911371772700334e-09,4.703437333987275e-05,0.0003434382677375609,2.3396196917919715e-06,0.00015168673623810726,0.00019198280922750246
24,0.0021369087957557858,0.0022218233806638034,0.0014254455442686235,1.9307640100407608e-05,0.00026459349855919364,7.350006235261839e-05,0.9093535436797463,0.0006816304112333986,0.03665397593434921,8.249476753115127e-05,0.0006146585015433244,0.0038043303672043688,1.3136534143931873e-07,1.2766728462865422e-05,0.0010859864149867671,0.0003737160889795211,7.346609389645848e-08,0.00010855830854305099,0.04028682052251595,1.1498124033513032e-08,5.1037104568200615e-05,0.0003636704976535429,2.791132384298078e-06,0.00018360674029536833,0.0001986175487427867
25,0.0008340557163278881,0.0010784332035571416,0.0009482378496654591,1.5078715214064983e-05,0.00018500814693497904,4.380685696687987e-05,0.941931989781439,0.0010756434240258665,0.019199465190026233,4.588822226991679e-05,0.0009843853238513777,0.002925689579160504,5.548649507341038e-08,1.017380595738635e-05,0.0009630411049081101,0.00029018998725776604,4.17898213539337e-08,6.042455365594453e-05,0.02881615910133372,5.9541683347053864e-09,3.792746576999174e-05,0.0003441123664087156,2.296615038876777e-06,0.00011867825266159903,8.921150708386066e-05
26,0.005502741402825831,0.0024313560568162704,0.0027954742131937327,2.121873882049249e-05,0.0004217679678007904,0.00014929961582688093,0.852222081400092,0.0005606385634018252,0.0600647371494151,9.129010603423952e-05,0.0009514898440467117,0.0038269665643792363,2.9873507478156075e-07,1.0879260956904125e-05,0.0009245239027531015,0.00037946719808218285,1.3997755356403186e-07,0.00021494125520511086,0.06818861415223636,1.7152447648900063e-08,6.749024944389691e-05,0.0003485511434006998,4.338255898106267e-06,0.0005569130851200443,0.00026476400917434234
27,0.0016106559154026449,0.0015758815348356344,0.0014537196536504279,1.6556204428918315e-05,0.0002325467176854835,7.125169148462059e-05,0.9054914544291256,0.0008289377260686729,0.038846230538749166,6.325712996785777e-05,0.0007570412889152176,0.003895068402217967,1.1340374124623503e-07,1.0069748251025938e-05,0.0017323168798875379,0.00041469112112307085,7.06724280494922e-08,0.00010200840087092027,0.04197199828239803,9.434446022466864e-09,5.6017622906711376e-05,0.0005163040596139665,2.4388589247472196e-06,0.00016370080390798632,0.00018765947896847663
28,0.0017781983498880202,0.0015629435679635783,0.0014910466175034243,1.4787790016291612e-05,0.00024572680220024914,6.678166553809166e-05,0.917347104593895,0.0006739323061481254,0.03452305730055516,6.169514737754712e-05,0.0006309151570829392,0.0034784188186354633,1.1431995750478846e-07,9.51794704072425e-06,0.0013053737942225487,0.0003350798605596694,6.181188142817042e-08,9.287058210627424e-05,0.03564588284982151,8.911371772700334e-09,4.703437333987275e-05,0.0003434382677375609,2.3396196917919715e-06,0.00015168673623810726,0.00019198280922750246
29,0.0017781983498880202,0.0015629435679635783,0.0014910466175034243,1.4787790016291612e-05,0.00024572680220024914,6.678166553809166e-05,0.917347104593895,0.0006739323061481254,0.03452305730055516,6.169514737754712e-05,0.0006309151570829392,0.0034784188186354633,1.1431995750478846e-07,9.51794704072425e-06,0.0013053737942225487,0.0003350798605596694,6.181188142817042e-08,9.287058210627424e-05,0.03564588284982151,8.911371772700334e-09,4.703437333987275e-05,0.0003434382677375609,2.3396196917919715e-06,0.00015168673623810726,0.00019198280922750246
30,0.0017781983498880202,0.0015629435679635783,0.0014910466175034243,1.4787790016291612e-05,0.00024572680220024914,6.678166553809166e-05,0.917347104593895,0.0006739323061481254,0.03452305730055516,6.169514737754712e-05,0.0006309151570829392,0.0034784188186354633,1.1431995750478846e-07,9.51794704072425e-06,0.0013053737942225487,0.0003350798605596694,6.181188142817042e-08,9.287058210627424e-05,0.03564588284982151,8.911371772700334e-09,4.703437333987275e-05,0.0003434382677375609,2.3396196917919715e-06,0.00015168673623810726,0.00019198280922750246
31,0.0024611586677144677,0.0015396734452706466,0.0019308306425611117,1.2469031463270891e-05,0.00019538184112650163,5.2076188050556654e-05,0.9263171905795664,0.0008764178201585973,0.024973148198865463,7.031111431054359e-05,0.0004674910407874069,0.0028852983479476955,9.471097112254056e-08,8.21941265378829e-06,0.000790738351337925,0.00024859177224411354,4.373137228795036e-08,8.57497466643769e-05,0.036562208456337175,7.614516832317757e-09,3.299656093943436e-05,0.00021012935372572791,1.992967432489931e-06,0.00012958333132047145,0.00014819707266141912
32,0.001952798041810213,0.0016642191328450015,0.0015685978884531493,1.4782053708127208e-05,0.00024723683267115264,7.181626848352621e-05,0.9084059474036437,0.0007338078014461355,0.03636389672253972,6.446544436299054e-05,0.0006589601919014796,0.0035907225735551983,1.2193117821371538e-07,9.743730714541582e-06,0.0013466839024494305,0.00035257133011925174,6.534942401066608e-08,9.714790720006486e-05,0.04208715808252603,9.269877386046524e-09,4.8433244750952844e-05,0.00036396655273447117,2.3694107145944624e-06,0.0001649604474343571,0.0001895184854565175
33,0.0018344570705716124,0.0015297516751473618,0.0015554637537412487,1.3593716210207925e-05,0.00023735554049409834,6.226975208984222e-05,0.9185865725242901,0.000617133783971883,0.036003242265067584,5.561865622635204e-05,0.000576254214438255,0.0034689857410852777,1.0697199521290858e-07,8.57989305963829e-06,0.0013623041920562545,0.00031095482457118304,5.299936317667547e-08,8.778237132411593e-05,0.033002066526546935,7.996937464215641e-09,4.3411804969460326e-05,0.000307334243137564,2.041234513168054e-06,0.00013749855276605765,0.00019715969542586403
34,0.005426464639085837,0.0026777523666558388,0.0026451344836465494,1.0347580299810448e-05,0.0003021815297466498,0.00010052424023606927,0.7897215316706179,0.0007917758805724691,0.08301552265345716,4.3579895565005256e-05,0.0007523479202764828,0.004018576752010187,1.825244581269278e-07,7.118405506338907e-06,0.0015793272737840796,0.0003534539620939437,6.502003845577891e-08,0.00011974179728207016,0.10762930606855281,7.818333778017713e-09,4.411583151288882e-05,0.00032294990858505593,1.3840245448273353e-06,0.0002710850148431479,0.00016552273829464773
35,0.0003595552607883545,0.003195774069800504,0.0007691591095162269,1.733612544933021e-05,0.0011114803925561549,0.00029342953266216866,0.9176014066087309,0.00040386724476226794,0.019526955891450454,0.0001010524604232912,0.0024287346788775983,0.0014072389668936406,9.58401106481485e-08,2.5221395635427063e-05,0.005351731398244966,0.0005663469498610164,2.0393593760828678e-07,2.5320354205070214e-05,0.045696168172244596,2.8654755168544203e-08,7.606289221978802e-05,0.0004821350153595581,1.6575793388344473e-05,0.00017634224350488863,0.00036777701262213734
36,0.0013170403181327086,0.0010930234803812604,0.0011190503227005342,1.0571317412473871e-05,0.00015941293065912455,3.448868085668967e-05,0.9236575975646859,0.000933997203298703,0.028111821305207767,4.612197791763228e-05,0.00045098229124232534,0.004845517371075455,1.19649851001273e-07,7.315937502245375e-06,0.0014768410753362912,0.00038020396878396897,4.9669039189910215e-08,6.8289898397657e-05,0.035574219446543785,7.070710436786125e-09,3.940015119683358e-05,0.0004361778874593309,1.293428743941678e-06,8.864867764470662e-05,0.00014780837521979732
37,0.0003212973442719239,0.0011439316978710478,0.000567005203664925,8.607252321737483e-06,0.0003779663629693023,8.366974202961046e-05,0.9142192231232141,0.0010506970673231878,0.03456760959093932,3.561404589491027e-05,0.0008757675242919469,0.002530122196982411,6.384300166262373e-08,1.1365499717665145e-05,0.009410374446326118,0.0007483184558371403,6.527284508534009e-08,3.392523381846542e-05,0.03306185228464128,8.848979562214106e-09,5.678992662991944e-05,0.0006411196017939729,1.571587927131566e-06,3.89985698075555e-05,0.00021403527689991912
38,0.0005633197492063657,0.0014316550850823064,0.0007130180630534219,3.730968479153948e-05,0.00017011079250218785,2.3301897414692603e-05,0.9421408216636604,0.0009560168567720271,0.018311609874664132,6.221224828595792e-05,0.0009654715490792594,0.008257492590558597,1.3553144058299825e-07,1.5049689186496173e-05,0.0008694788402199093,0.00022518811913528418,1.7762915032798015e-07,8.685875816174797e-05,0.0233289201466873,1.6275461778443885e-08,0.000135331996600179,0.0013727433889481264,7.597836454003594e-06,0.00015427259512934893,0.0001718891383538038
39,0.0016770024262613174,0.0012683686402672903,0.0018026697323736264,1.5166981597715855e-05,0.0002284526247377349,8.771292658969735e-05,0.9060240364029584,0.0008784813335663684,0.036095482165425484,6.813532437709662e-05,0.0006750354596492952,0.003509561239826074,1.4132503757292303e-07,8.4335291060301e-06,0.0015256215870183677,0.000439181340591437,7.183672505158123e-08,0.00010010269306961712,0.04479116682205426,9.771772331723996e-09,5.8852809670376425e-05,0.00038851617654227737,2.351118560409173e-06,0.00017246712866616248,0.000182978603556294
40,0.001796233618541976,0.0014883986335438412,0.0017048898906614318,1.0423851187130567e-05,0.00024088719881016564,5.783392508513694e-05,0.9164471173197049,0.000490265290715958,0.04119122592045356,4.1164943985146406e-05,0.0005041517475680983,0.0036738563811904027,1.0987107630917698e-07,7.403296253240309e-06,0.0018415782214803978,0.00026386412953823213,4.5887465380774065e-08,7.019903418399042e-05,0.02950209158038093,6.530293168165642e-09,3.875347749563202e-05,0.00028966464584705067,1.6236110579514655e-06,0.00010419218541914604,0.00023401880806100595
41,0.0019328803420583301,0.001228371346047504,0.0014061060437518893,7.613300438641801e-06,0.00036684135411664965,4.915473193736345e-05,0.9310487651925072,0.000437826481758292,0.039713225607892144,3.1988226798459136e-05,0.0003986667092647986,0.0021790046182943125,9.777541524650632e-08,5.350684279483251e-06,0.0015203913277745077,0.0003013794842888805,3.325978385800798e-08,6.006172743267338e-05,0.01888391826955665,6.462513238547457e-09,2.3082914170462674e-05,0.0001370877442798048,1.0377999287951465e-06,8.233727784530253e-05,0.0001847713178653901
42,0.001252978001536947,0.00129386929329052,0.001661502209104936,1.8699452676908838e-05,0.00014277766592554885,8.599020127040119e-05,0.8587616813792921,0.0016538302496258179,0.03971104960418747,8.937373023206623e-05,0.00079321166878347,0.00523320591158573,1.491725569282114e-07,8.009852537899879e-06,0.002273798768063607,0.0008069295280370475,7.630207274847987e-08,0.0001043713113884478,0.08478090473958594,1.1170017267297155e-08,8.388235196370722e-05,0.0008960586806782966,2.3000928210464393e-06,0.00021384290183676903,0.00013149576092845057
43,0.0019111101875846992,0.0015109127624652143,0.0014014127125269366,1.2496644927736204e-05,0.00025453410228436793,5.137213516779626e-05,0.9269446748964321,0.0005559825907111827,0.03206499138495503,4.237288219412437e-05,0.0006352854667735687,0.0033618980539520814,9.564332327236847e-08,8.52084294548652e-06,0.0011844156084660116,0.00024412898073806143,5.079063586827321e-08,7.799602841896106e-05,0.02912103917604195,6.706025889558004e-09,3.413185228900422e-05,0.0002656671590123482,1.9718375532297684e-06,0.000127198070277227,0.00018773348429780543
44,0.0017781983498880202,0.0015629435679635783,0.0014910466175034243,1.4787790016291612e-05,0.00024572680220024914,6.678166553809166e-05,0.917347104593895,0.0006739323061481254,0.03452305730055516,6.169514737754712e-05,0.0006309151570829392,0.0034784188186354633,1.1431995750478846e-07,9.51794704072425e-06,0.0013053737942225487,0.0003350798605596694,6.181188142817042e-08,9.287058210627424e-05,0.03564588284982151,8.911371772700334e-09,4.703437333987275e-05,0.0003434382677375609,2.3396196917919715e-06,0.00015168673623810726,0.00019198280922750246
45,0.0031401174669986095,0.0037071241764311414,0.0013475676717224078,2.3948040844103038e-05,0.00037559116371861477,6.806522735020751e-05,0.9167770336147474,0.0002808040185856173,0.035778510667783966,0.00010667870567707401,0.00047775164350593696,0.00513551917035835,2.0656690862427727e-07,2.268120078784564e-05,0.0004906418093449476,0.00014651879708588877,1.5513750995066085e-07,0.00014643833372426703,0.03086084031504232,1.5917603037778162e-08,9.364375914517775e-05,0.00035385229561817695,7.16627030499545e-06,0.0002245545024094299,0.0004345735267917069
46,0.0022446449716126797,0.0019330104944539255,0.0018498239579016564,3.6966732477452225e-05,0.0003555918513856798,0.00017181197556486979,0.854393380044655,0.0012834387643308875,0.04403071978812685,0.00011342862040505533,0.0015635670372871552,0.005886464097674761,3.9361272297575375e-07,2.185067987070932e-05,0.0021763653258733942,0.0006832949313108097,4.4578667091108813e-07,0.00023919653377136617,0.08059979952230167,2.7049536130988327e-08,0.0001447992836984757,0.0015229695174501505,7.302769280719459e-06,0.0003846537170338032,0.0003560529346028871
47,0.0016046672231915479,0.001603426896515776,0.0014793396771325903,1.544469000744774e-05,0.00025617001391995266,7.219924689259622e-05,0.9220397167227292,0.0006947350766029719,0.03203508097059968,6.24331031341844e-05,0.0007133951177195785,0.003014766880278816,9.56801072245936e-08,1.019613978377926e-05,0.0012819809008491588,0.0003102043893467983,5.8370142884001824e-08,8.771754027700857e-05,0.03402501021457521,8.614480430179926e-09,4.4937490409490205e-05,0.000315288415694307,2.5690966658756726e-06,0.0001495392367507837,0.00018101829219248372
48,0.0005585961511654875,0.00013056054116545159,0.00104485562893808,6.5663822534985045e-06,0.00016859878920749618,7.2448339991824965e-06,0.9704993988671348,0.00016191240336476572,0.020828523623318135,6.939268066258692e-06,0.000143011339627669,0.0030508086701139126,4.706203313153669e-08,3.0567947108819093e-06,0.0021196835795407602,0.00012434932060628634,1.4219201125132964e-08,7.553463337786104e-05,0.00048403589708192866,2.448737098104973e-09,2.3259901037082937e-05,0.00010484689981173605,3.376248480890477e-07,8.643550087922477e-06,0.00044917157057164955
49,0.0017744501952075289,0.001553223549502068,0.0017542055727789423,1.8371220286900633e-05,0.00020870717178581914,7.375101026128879e-05,0.9153304960345482,0.0006626076740706382,0.03620657201918582,6.994200775875465e-05,0.0006308634425165898,0.0041673293525281855,1.3084120792489784e-07,1.0272725765443563e-05,0.001322865886237914,0.0003353173750683366,6.724469741779837e-08,0.00010731285341966563,0.034920806440983276,9.283552512976636e-09,5.83608788074575e-05,0.00040515584597796057,2.643813733739181e-06,0.00016878136996196884,0.00021775619015551725
50,0.00261632722978657,0.0023267924829785958,0.0019979930083318,2.2907041051346044e-05,0.0003241798436626778,0.00012549031483202017,0.8545235881018387,0.0007422714708951413,0.06754193680022862,6.428553249726827e-05,0.001121163447750661,0.004184929747376576,1.6142658013085565e-07,1.1225448812226524e-05,0.0019798873118699947,0.00048744267763510985,1.044257283771692e-07,0.00015383185471563908,0.06058967986303897,1.1925523472772797e-08,7.316549174113056e-05,0.0005759620533850662,2.9834252200415585e-06,0.0003087273432235541,0.0002249517312962432
51,0.0016919486525962374,0.0012988533336119584,0.0014824392849658822,1.3064747645931065e-05,0.0002696193400018543,6.942760091412033e-05,0.9229130436288546,0.0006369152816765794,0.032257746386644484,5.935571294142418e-05,0.0006232993395562835,0.003158540490514291,1.2477921542560072e-07,8.566311036721012e-06,0.001292547929396865,0.0003463394475105688,6.392187964624483e-08,8.962767888988532e-05,0.03308678387692504,9.210152474539399e-09,4.6164176324337286e-05,0.0003062357874326795,2.3652835141457415e-06,0.00015185274118930626,0.0001950650566092147
52,0.003266560347013627,0.0015365081395550667,0.00237113751610923,1.6840672104581115e-05,0.0003552212437161693,0.00016453000924405672,0.8737512811379553,0.0009110495702365913,0.059172658422284106,8.427755489201276e-05,0.0009771837063126186,0.0029942469987867554,1.6449433360089572e-07,1.2801582265766615e-05,0.002511062337471008,0.000628427256451091,1.0188242992324768e-07,0.00023838418736822457,0.04993148802659013,1.2630161044077414e-08,5.6509020208838635e-05,0.0004890601265484021,2.3164876335345884e-06,0.0002308919697814235,0.00029728468054695097
53,0.042144073821560796,0.005856576208140782,0.000760253964551506,8.672277135593966e-06,1.5970234702330194e-05,0.0017268255372271466,0.0011654232660506837,5.131433623335424e-05,0.0749678786521693,5.73995029205704e-05,0.0001241703956054936,0.00010406551039833652,1.755286290069393e-07,6.064920199517082e-06,7.910104767540037e-05,0.00012260019746406994,1.1269835057285832e-06,0.0016861537421556454,0.8692705269603264,1.1459144719518806e-08,3.1240411736328435e-05,0.00035894698595014457,3.781015457679235e-07,0.0014210129787422356,4.003697622915389e-05
54,0.0012599681672942505,0.0008632701815180222,0.001839804404447538,2.1206147776104897e-05,0.00019854720591524623,8.520167843250984e-05,0.8982091630019223,0.0012364196686368292,0.03318099005275313,5.3936336697732635e-05,0.001315585523898912,0.0041222688488533775,1.8280175871860133e-07,7.3880744685110156e-06,0.000834198509354266,0.00041833780725577624,1.024835633356588e-07,0.00011694161619707864,0.05511676151594969,9.678322077220778e-09,0.00010140047246522107,0.0005554176715230652,3.4001102897519855e-06,0.00036605579347735235,9.344224722931375e-05
55,0.0020208967178622574,0.0014607779427300367,0.0015726005485853754,1.4308297299051745e-05,0.00020462631060503994,5.5651247135517935e-05,0.9125266373856583,0.0005715114408330126,0.04174655940657845,5.192946973456066e-05,0.0004923540404191329,0.004245641002130273,1.2942008645917452e-07,7.657969403738446e-06,0.0011279318854318867,0.0003147085168644633,4.948295246277029e-08,9.684998903564292e-05,0.03279776083792712,7.40140771028358e-09,4.634031234595497e-05,0.0003083414471032023,1.7039177354211397e-06,0.0001522996472182293,0.00018272536291677165
56,0.0018346065846471765,0.0015487507209856904,0.001514865481713301,1.4909917522949394e-05,0.00024657859465011713,6.620315315400767e-05,0.9165103108980743,0.0006690242342714187,0.0346646369564596,6.123373947733263e-05,0.0006255659895850833,0.0036946977164062987,1.2884824942100165e-07,9.63979846823527e-06,0.0012706366182144054,0.0003287638308623705,6.551901956990735e-08,9.409733053367366e-05,0.03609491587819445,9.258414274996045e-09,4.832590685680989e-05,0.00034682413306897806,2.3804794138613826e-06,0.00015586258169502328,0.00019696583006162003
57,0.0016469918850767077,0.0014648229465442939,0.0012976845235594047,1.3625148312020824e-05,0.00020355715803346535,4.872911515671408e-05,0.9098827732474368,0.0007338146708562694,0.034343300195955856,6.333130547840567e-05,0.000468122904520488,0.005201721127458546,1.7686443479576535e-07,8.532656049156791e-06,0.0013129109751357628,0.000375356836444621,7.615151108293161e-08,8.6191083559558e-05,0.04199129110481651,1.0687198814329991e-08,5.545570051736137e-05,0.0004645900955225727,2.1172819825623288e-06,0.00013745737134772143,0.00019735896309067743
58,0.0020335753449390137,0.0015874609178499843,0.0016146604425070893,1.55529811315879e-05,0.00024453510171457306,7.088087929253745e-05,0.9111831657901709,0.0006479036368221155,0.03586248641410136,6.293660592804164e-05,0.0006732549930720107,0.0037039602393919586,1.3087392542172521e-07,9.049719872428797e-06,0.0011198535314022723,0.000324635232188297,6.317002554374062e-08,9.898019822756402e-05,0.03998563412780036,9.15838183340642e-09,4.904717971638768e-05,0.0003295881001443688,2.5563106482487965e-06,0.00019709732254490778,0.00018298172820130392
59,0.0019120693165192502,0.0015489628180634415,0.0016828247463470164,1.5794092053393128e-05,0.0002342714169098193,7.128882598056822e-05,0.9117681168814449,0.0006630967372734659,0.03648192165040548,6.235210122611294e-05,0.0006829781068807387,0.003618262941816338,1.2087435219129274e-07,8.62145238201419e-06,0.001206427961769764,0.0003360329878349346,5.877169133666228e-08,9.615497396121416e-05,0.03885399315696138,8.970636509380352e-09,4.9312126378589734e-05,0.0003346965187042259,2.46781973519862e-06,0.00019324947347736953,0.00017691527719477333
60,0.0017781983498880202,0.0015629435679635783,0.0014910466175034243,1.4787790016291612e-05,0.00024572680220024914,6.678166553809166e-05,0.917347104593895,0.0006739323061481254,0.03452305730055516,6.169514737754712e-05,0.0006309151570829392,0.0034784188186354633,1.1431995750478846e-07,9.51794704072425e-06,0.0013053737942225487,0.0003350798605596694,6.181188142817042e-08,9.287058210627424e-05,0.03564588284982151,8.911371772700334e-09,4.703437333987275e-05,0.0003434382677375609,2.3396196917919715e-06,0.00015168673623810726,0.00019198280922750246
61,0.0019199844308641768,0.0015293828406073434,0.0016683176851696264,1.54223905763624e-05,0.00023927170872122498,6.98954780864083e-05,0.9133027185382602,0.0006633316067154769,0.03603055123878846,6.206954911474652e-05,0.0006624153467462458,0.003608636413584013,1.254351206444707e-07,8.652905288528048e-06,0.0012022574323699016,0.00033463372375480634,5.967024049935804e-08,9.59695862809633e-05,0.03784072897774686,9.163650896798462e-09,4.882291178039511e-05,0.00032763639131283925,2.4358183209415665e-06,0.00018678041967364775,0.00017989033722471952
62,0.0017781983498880202,0.0015629435679635783,0.0014910466175034243,1.4787790016291612e-05,0.00024572680220024914,6.678166553809166e-05,0.917347104593895,0.0006739323061481254,0.03452305730055516,6.169514737754712e-05,0.0006309151570829392,0.0034784188186354633,1.1431995750478846e-07,9.51794704072425e-06,0.0013053737942225487,0.0003350798605596694,6.181188142817042e-08,9.287058210627424e-05,0.03564588284982151,8.911371772700334e-09,4.703437333987275e-05,0.0003434382677375609,2.3396196917919715e-06,0.00015168673623810726,0.00019198280922750246
63,0.0019111741072979289,0.001856573615311737,0.001521502843751663,1.56962715863262e-05,0.0002582830994606047,6.90758928722878e-05,0.9125897340373684,0.0006620495131446201,0.03647347856404651,6.622174013906373e-05,0.0006279821885625382,0.0035917063770856375,1.1693227606949647e-07,1.0362464026360354e-05,0.001332974492587359,0.0003330390044018814,6.437011157728172e-08,9.329647848840968e-05,0.037825345572177455,9.634607747637234e-09,4.865715120699592e-05,0.00035102856742539874,2.5130043434441135e-06,0.0001564872696850655,0.00020262680803477748
64,0.0016300983930942784,0.0016050928481034738,0.001520052118530375,1.6891177296868035e-05,0.00023749845800083788,6.954245707697332e-05,0.9168138353002208,0.0006729469898525356,0.03570100804382753,6.99753079819735e-05,0.0006004068184605516,0.0038710281086962017,1.2720769965226535e-07,1.0380121469740869e-05,0.0013231068053981918,0.0003453540557677296,6.833667758716307e-08,9.829084140960038e-05,0.034595475983300664,1.0214733010878105e-08,6.116068984748246e-05,0.00039011480278068573,2.691855364449759e-06,0.00015741509344763252,0.0002074279709609903
65,0.0005695304807245488,0.0009782685733790146,0.0011439371297780427,1.354157593329447e-05,0.00012534723626960264,3.748330221380513e-05,0.9678150145438024,0.0008000803860139583,0.00979787317941134,0.00010107664335454412,0.00030656473862338267,0.002089551539974776,4.278625948197123e-08,9.606335377764652e-06,0.0008530975908747623,0.0002132543501862409,2.7549392514735854e-08,4.0468389588828205e-05,0.014680488770886692,7.876075156382931e-09,3.725774428278593e-05,0.000188007061284525,2.7740343573012532e-06,5.292232724149666e-05,0.000143775854713653
66,0.0015119170906454948,0.0016523753358248913,0.001263355953008288,1.5347164599816857e-05,0.0002065854861099055,5.424072452277456e-05,0.9202306430639403,0.0007056015220828598,0.03361386804357463,5.5642679397866565e-05,0.0005958462397053019,0.0037796932514689396,9.042949582296243e-08,9.791870178127652e-06,0.0013810343425452649,0.00032616666623471987,5.2948635449382636e-08,8.28906642701403e-05,0.033788245825108275,7.362785202582631e-09,4.3371008267480506e-05,0.00038390059509038854,2.00314659618266e-06,0.00012109485702025994,0.0001762337288916433
67,0.001785659386116907,0.001590028648550438,0.0017673759091323899,2.605037659886011e-05,0.00031290113279413797,0.0001440099876177547,0.913214732168027,0.0007427205462661074,0.03160275066854949,0.0001085330043455482,0.0009807593039340863,0.0034712895766812733,1.936230189083203e-07,1.65424439467663e-05,0.001313485134806031,0.0004478580622136474,1.3684940205394532e-07,0.0001525796628926922,0.04122875757441179,1.6352206181646903e-08,8.040611784102515e-05,0.0004624603038190956,5.212634280168371e-06,0.0002706941866103374,0.0002748463459373331
68,0.002352403926316764,0.001561407251659614,0.003148784801080678,3.0339091405876444e-05,7.794825593905263e-05,4.6675798563801466e-05,0.9254827022092551,0.0005640932293660486,0.030511348038106165,9.285694625760551e-05,0.00039915074425883113,0.005722985966853851,8.790307455866588e-08,7.174342096268637e-06,0.0003684054441034488,0.000175136176191397,3.343044922860865e-08,0.00012528096986449557,0.02855389584559258,5.5882457928227514e-09,8.247347914693535e-05,0.0002956501136355817,3.0211581493492237e-06,0.0002588201627790024,0.00013931912760760062
69,0.0020987199473119214,0.0016272516503421286,0.0014994385472392644,1.4014575002639229e-05,0.0002545958285063093,6.519987048767318e-05,0.9134846542780438,0.0006366099432631933,0.038423117930695576,6.170077250156336e-05,0.0005456505309466682,0.003655504161172296,1.2888486212608303e-07,9.89203356982676e-06,0.0013918424126092852,0.0003391054085305384,6.942645834152586e-08,0.00010723067649664198,0.035012414092273396,9.121520307706261e-09,4.478006214318129e-05,0.0003615325856426596,2.0521019778269317e-06,0.00013468635314542175,0.00022979880525727145
70,0.0017966034409025691,0.0006642083381032645,0.0015114954628013366,9.154025589767992e-06,0.00016824080376492406,2.3472570108051213e-05,0.9632005519108708,0.0007190476405223113,0.018939196658640228,4.1592239326171596e-05,0.0002155652747758228,0.002528717660958762,8.493638802411489e-08,6.6469237936995595e-06,0.001133943917317491,0.0002905961970359134,3.426279671463123e-08,8.78859973222877e-05,0.008241293828646539,6.366212790392802e-09,1.5736421385412613e-05,0.0001583266452111053,6.160695164428438e-07,3.2136470997405694e-05,0.0002148459370121459
71,0.0011713815178367544,0.0021907305033760562,0.0005823677025658169,9.906208501165218e-06,0.0005418005504666716,3.228543219492379e-05,0.9504236527709332,0.0003380805881450499,0.021310893167346325,8.211735296330202e-05,0.0002590065131069844,0.002641753736078333,1.566885321082319e-07,9.423227363708133e-06,0.0008203724660744591,0.0003167271660011442,6.386856654630298e-08,4.092997803128663e-05,0.01871360984671499,2.4141336887304463e-08,3.8809203485677595e-05,0.00015905916367704186,3.299788277768382e-06,0.00010103316499751276,0.00021251525342634543
