,0,1,2,3,4,5,6,7,8,9,10,11,12,13,14,15,16,17,18,19,20,21,22,23,24
0,0.06212165558490142,0.0016684735479727912,1.3352626274612396e-05,0.00034981908935123357,0.002342734625067799,0.003704538965198371,0.03401286690137296,0.006259241651104967,0.776100454514197,0.0014795633841802928,0.00018815343205534166,9.826429890804058e-05,1.361822672089394e-07,2.5518215403444222e-05,0.0032846547858999798,0.0003901929970128547,0.002498568725440507,3.9905144112622516e-05,0.014887338903234388,9.426180880692375e-09,1.3291281560748846e-05,0.05835386394350109,0.0005989836139065755,0.00017512489381698058,0.031393293267077745
1,0.05009971758653538,0.0008674473284437461,1.2807384324355045e-05,0.0002691473785597003,0.0017195104521201242,0.0026297676084476277,0.01858483200499412,0.005654593249536967,0.8574392204387431,0.0013936784989101202,0.00011716883134887653,4.919299857077978e-05,1.210018407414613e-07,9.182030535813613e-06,0.001623321029186384,0.0003561044062400681,0.0014410650165037953,1.8898031225425214e-05,0.01289700052041216,6.20866658515709e-09,7.700687536124654e-06,0.031645816488147065,0.00032570071317293147,9.210293541540867e-05,0.012745897170582698
2,0.04829957970046403,0.0011628916522759757,1.2195881694128372e-05,0.00023635137830683555,0.002273178448012777,0.0019191594574722501,0.018145464075287002,0.006336506021464561,0.8515372277659995,0.0014858092698503244,0.00023978449208092402,6.928954102949465e-05,1.1092638765945116e-07,2.0571269425645978e-05,0.0037711840837546147,0.00019942251401517023,0.0013923523968322749,2.5805049005853738e-05,0.008492882624054822,1.0772418301195535e-08,9.513844416775786e-06,0.028174849437537133,0.0005080963662710465,9.011246842356192e-05,0.02559765056351946
3,0.06125267465934027,0.0013334440876318107,1.2581612561122698e-05,0.000368637895569885,0.002067817812023957,0.0035511541734684856,0.03173989588501137,0.006694114341968456,0.7963123352115802,0.0015218727673252945,0.0001714491572329884,8.707196832903818e-05,1.4769738608399457e-07,2.047628718341144e-05,0.002755519915845636,0.00041305848479424923,0.002309900085167729,3.826188138087828e-05,0.013670117721719693,9.456501055674585e-09,1.2155800522638732e-05,0.050259799462204595,0.0005665608758200699,0.00016152471154504285,0.02467941804788618
4,0.07095672540735674,0.0013885818884890578,1.4108606954334334e-05,0.00039701797142684917,0.002218031328073572,0.0037471689854770775,0.03472692871244575,0.007531472447867111,0.7786352701133099,0.0016637618656049635,0.00018036267935793971,9.478523707193624e-05,1.9041835929495965e-07,2.405857525221666e-05,0.0028463565117811916,0.0004750268756656939,0.0025626253592648993,4.3540642801490536e-05,0.015804995683392418,1.0954607181900782e-08,1.2853232582350032e-05,0.050743793850852016,0.0005904648041236444,0.00019422875881943086,0.02514763908906286
5,0.06411750431667414,0.0015805039192768402,1.108689576813039e-05,0.0004901147733288183,0.0019561661250563907,0.004343772856786171,0.030681765311571612,0.007416943489569676,0.7858726070908358,0.0015082356105263796,0.0001901200492394321,8.89310520342215e-05,1.703069577265639e-07,2.1700327294358156e-05,0.003078067502022683,0.0004874944814667703,0.002406668026990582,5.828051224004538e-05,0.01499181688149842,1.1235005094789832e-08,1.334287329640609e-05,0.056259891561341244,0.0006475046279167619,0.00017107540324060394,0.02360622477006169
6,0.06125267465934027,0.0013334440876318107,1.2581612561122698e-05,0.000368637895569885,0.002067817812023957,0.0035511541734684856,0.03173989588501137,0.006694114341968456,0.7963123352115802,0.0015218727673252945,0.0001714491572329884,8.707196832903818e-05,1.4769738608399457e-07,2.047628718341144e-05,0.002755519915845636,0.00041305848479424923,0.002309900085167729,3.826188138087828e-05,0.013670117721719693,9.456501055674585e-09,1.2155800522638732e-05,0.050259799462204595,0.0005665608758200699,0.00016152471154504285,0.02467941804788618
7,0.09662459991212369,0.001031654675762114,1.7462219660233667e-05,0.0003910422047765213,0.0021573935027770683,0.0022536915750070888,0.03393040183389493,0.00924100372750636,0.7654587383022425,0.0021890834716959424,0.00019753054027120268,7.627463014320495e-05,2.3207676154507515e-07,1.8512721672658883e-05,0.002028712470259039,0.000374291323521863,0.0023541599006591976,2.4608665543785582e-05,0.015226176254778418,1.012053572934496e-08,7.160203731242845e-06,0.04451199100599643,0.0003487807231269424,0.00016148758335136418,0.021375000354201066
8,0.09952986493144006,0.0010496278334916089,2.8622137879332122e-05,0.0002986366380409712,0.002259558002653437,0.0021836015766608786,0.041635568992197176,0.007228086844819913,0.7365769614360332,0.003173588792576372,0.00019035212947767475,0.00011937677272639534,2.1398691311795736e-07,3.75857488975677e-05,0.002904953288070123,0.00029948767913890654,0.00336464195405665,1.8716941262325937e-05,0.01163745370264382,1.2938770743269752e-08,1.631123067726537e-05,0.04034941506403252,0.0008901813435987309,0.00036101814577887184,0.04584616188816212
9,0.07748111772117604,0.001349348180895333,1.4881950121676612e-05,0.0003089496769858992,0.0018399147132288816,0.0021412017227695397,0.027407210363985503,0.006148289773159932,0.7785566425463143,0.0024021203437154578,0.00021694510596774894,8.294288210955812e-05,1.2783710509440825e-07,3.15788164830862e-05,0.003859681052282745,0.0002084268113380963,0.0023043192625025943,2.361607331893013e-05,0.009925645814607524,1.0102283258398856e-08,1.2217459629996088e-05,0.038262520966725465,0.0009218793915666704,0.00022218854637519003,0.04627822288535154
10,0.06125267465934027,0.0013334440876318107,1.2581612561122698e-05,0.000368637895569885,0.002067817812023957,0.0035511541734684856,0.03173989588501137,0.006694114341968456,0.7963123352115802,0.0015218727673252945,0.0001714491572329884,8.707196832903818e-05,1.4769738608399457e-07,2.047628718341144e-05,0.002755519915845636,0.00041305848479424923,0.002309900085167729,3.826188138087828e-05,0.013670117721719693,9.456501055674585e-09,1.2155800522638732e-05,0.050259799462204595,0.0005665608758200699,0.00016152471154504285,0.02467941804788618
11,0.06624021330311852,0.0012457730646482858,1.322555149435178e-05,0.00036934025345334274,0.0019643301800046325,0.0034978901126047433,0.03323852586347528,0.007790380160117135,0.7901169274268305,0.0016521383217169068,0.00016587209560205924,9.093226538809303e-05,1.822097487501291e-07,1.997146115270072e-05,0.0026172686938429105,0.0004456198326441177,0.0024505028852608137,3.905807535687151e-05,0.014392177009150088,1.0007368711851435e-08,1.166199399432954e-05,0.050158156694742426,0.0005386651676342654,0.00018040811457276012,0.022760769256077285
12,0.03761064402853375,0.0013039666045414774,9.707396772911227e-06,0.0002870349400039062,0.012529217629501821,0.0071539149227353585,0.08061891864908556,0.0009189383577351947,0.7064139638167939,0.0008329067407240064,0.00020514081473227836,0.0001226268907748179,8.711776169537869e-08,0.00018375118732559127,0.003145635224557388,0.00037219154049411714,0.0029667838051465143,0.00012853716193817906,0.006955006404580239,2.9975531903162065e-08,4.656313174829468e-05,0.019708747222480418,0.004417136679039676,0.0003298844745228396,0.11373866528293806
13,0.1279517728965153,0.0007218868827625742,2.6137647843548434e-05,0.0005386145492557197,0.002567763343553914,0.0007405880892484364,0.025926015309583595,0.013265321911909643,0.7501708600465157,0.0025167826446064146,0.0019156341957342362,0.00022251574578159046,2.5744811018505176e-07,0.00011551646074863563,0.010621831744485609,0.00033150181375807356,0.001813603698471905,5.1723349372481506e-05,0.00537198761149505,3.418016365274746e-08,1.5383617987715426e-05,0.022789403809016628,0.0009121017615255916,7.93438041815819e-05,0.03133341743737203
14,0.08069014931174046,0.0004398810630848245,1.1034052442468159e-05,0.00021858950496741328,0.0012012116712631234,0.002268237520596966,0.05875691529058313,0.00835713117191089,0.7614100326042014,0.0019326409886766607,9.228746290333083e-05,0.00012165765475617926,1.3731012226728172e-07,2.1162688286575966e-05,0.0017607263839875152,0.00033945685441539057,0.003554692997041256,2.0212786820262575e-05,0.007427741310542299,6.691202086526971e-09,1.2245204325627936e-05,0.04090272762955812,0.0006457210762573371,0.00029904126315479125,0.029516359507159685
15,0.06125267465934027,0.0013334440876318107,1.2581612561122698e-05,0.000368637895569885,0.002067817812023957,0.0035511541734684856,0.03173989588501137,0.006694114341968456,0.7963123352115802,0.0015218727673252945,0.0001714491572329884,8.707196832903818e-05,1.4769738608399457e-07,2.047628718341144e-05,0.002755519915845636,0.00041305848479424923,0.002309900085167729,3.826188138087828e-05,0.013670117721719693,9.456501055674585e-09,1.2155800522638732e-05,0.050259799462204595,0.0005665608758200699,0.00016152471154504285,0.02467941804788618
16,0.09472686222763603,0.0013003953548775316,2.5294274925269103e-05,0.0008007478771423561,0.002988893317015637,0.006197462341509648,0.06505260472169402,0.011231507614874018,0.692643972944074,0.002081387430540597,0.000395552346372126,0.00025523729876312606,3.751462647365616e-07,6.437635406159537e-05,0.0053232409594607365,0.0014836138705355906,0.0040456708053468815,0.00014370000984686613,0.01924937580591396,2.75473016235331e-08,4.092345355859615e-05,0.06721638650265957,0.001133775423138547,0.000310660543459018,0.023287955829027852
17,0.09708785857313766,0.0008969737008590797,1.5027412785004227e-05,0.0003950958040239786,0.0026218643060087394,0.0019889331275097107,0.0668652223243517,0.007329666978299934,0.7145488654184182,0.0013622057488720052,0.00023008999671530293,0.0001582807735597861,1.767763607254064e-07,4.189699384206178e-05,0.0022793691886856984,0.00037691264950305277,0.0032313947463943993,2.9714467168322914e-05,0.007805487410824729,1.096265058066665e-08,1.213748748368746e-05,0.05283344848131673,0.0005523473856730292,0.00018300352375803677,0.03915401576179766
18,0.08505605228984357,0.001584544590543346,8.393093130566068e-06,0.00024085143731446387,0.002165393869799039,0.0022883147228775487,0.0432713263113411,0.003767936859329009,0.6947068869498353,0.0012279915262715046,0.00015588963763199843,6.990116603357375e-05,8.805259737242504e-08,2.8072817469043132e-05,0.002164132259729012,0.0001789315742090556,0.005175391514453237,3.144007356685202e-05,0.012513347991920007,6.8406231491667525e-09,9.413247981154089e-06,0.07286488053870399,0.0006661258963627653,0.00020907959857551636,0.07161560713985773
19,0.051532758877573005,0.0006877470980038389,1.3415563175695089e-05,0.0003261989026830107,0.0016269122081122235,0.0033026945237411634,0.04299750007278719,0.008659723083238119,0.8018339669921394,0.002431614564135437,0.00010968955503548201,9.934751860826246e-05,1.8276437054751942e-07,1.055858594565223e-05,0.0014442901208550707,0.0003591460750834544,0.002147348140887176,1.7603552975155118e-05,0.009333951399253982,8.47988879894173e-09,7.542708860446198e-06,0.053422219236628446,0.00032102799755999965,0.00016757051437416446,0.019146981464084216
20,0.036873800835874486,0.0026805168761871814,1.1122001561453201e-05,0.00043303501817201106,0.0012030001868176545,0.004482199817429969,0.020057720319144916,0.010411746085336156,0.7820955380698962,0.0012462811439251827,0.0002105259852944462,0.0001368687783990331,1.1616488776487772e-07,1.6222280972216913e-05,0.006112581813394429,0.0004335561382285656,0.0018130130685763506,5.2836483101287625e-05,0.012640695936685101,8.571941760919771e-09,1.7473471115723144e-05,0.09707089701296963,0.0005290085444187816,0.000121364113503187,0.02134987128216632
21,0.0916112722153242,0.0013238529708255852,1.6918561194419626e-05,0.0007130757058899645,0.002488442889013397,0.003268166481247656,0.0319855802834289,0.007500965125785198,0.7694488984160057,0.0015296204186173723,0.0004084730245964523,0.0001415502618607717,1.9740368106483706e-07,4.571779893070654e-05,0.004159698869945216,0.0006988302783746602,0.0020366488935744673,6.399703016983612e-05,0.0132291386403025,1.6087129049498758e-08,1.692416051093331e-05,0.045086529775173856,0.000724726809470668,0.00012595045959377905,0.023374807439353634
22,0.07755647527105215,0.0010133072254772894,1.7222458119040535e-05,0.000615221713731428,0.002235190578871426,0.003195455768110089,0.03449970131745262,0.00781323432687322,0.7685201115453514,0.0023666195516302687,0.00038226800651419387,0.00010584990324907354,2.0716492664734563e-07,2.582136321033416e-05,0.0032067578292388054,0.0005587823568602272,0.0037247961125074654,6.422024928942542e-05,0.012946630429767245,1.8308712777472603e-08,1.7946262629761482e-05,0.05712701654016662,0.0007547548381472161,0.0001471385021065363,0.023105252376004696
23,0.06125267465934027,0.0013334440876318107,1.2581612561122698e-05,0.000368637895569885,0.002067817812023957,0.0035511541734684856,0.03173989588501137,0.006694114341968456,0.7963123352115802,0.0015218727673252945,0.0001714491572329884,8.707196832903818e-05,1.4769738608399457e-07,2.047628718341144e-05,0.002755519915845636,0.00041305848479424923,0.002309900085167729,3.826188138087828e-05,0.013670117721719693,9.456501055674585e-09,1.2155800522638732e-05,0.050259799462204595,0.0005665608758200699,0.00016152471154504285,0.02467941804788618
24,0.07019140750207199,0.0017394257218114521,1.2256140882480516e-05,0.000575905023980616,0.0027113085998788106,0.0036654086002534786,0.02910648131473757,0.006381342857561057,0.7803174321444115,0.0014945718400736557,0.00024548400881957823,9.679459006448528e-05,1.710099535824811e-07,2.763224019446421e-05,0.0028199764804980993,0.0004342346283967737,0.002155939871504867,4.911461027212741e-05,0.01403939404651958,1.23780139722909e-08,1.0798942444548994e-05,0.055056572296562,0.0005390877066065452,0.00013164302724628433,0.028197604417240424
25,0.11797783928983689,0.0005881645260143077,1.6395203363526768e-05,0.00052266246411424,0.0023205072014495917,0.0014547183693108272,0.05411730001736623,0.013188446187358684,0.7321292109994474,0.0023800010186281117,0.0005013993976694378,0.00014656113342534087,3.118188643263946e-07,4.237442614102477e-05,0.0030911343972568435,0.0004076050554282003,0.002598368963169374,4.218654384469182e-05,0.007230036232090792,2.006808212898195e-08,8.738563199950369e-06,0.03570832238976319,0.0005048312311995029,0.00013997138857854198,0.024882893114396797
26,0.056531335939889606,0.0007524843220026753,7.631822686552205e-06,0.00019978772701938956,0.0014838392731636762,0.0030086520472004637,0.02482982041593871,0.004664984738519409,0.8443154498888954,0.0013433996635394945,7.474484444261241e-05,3.4432708218971436e-05,1.2751503664025978e-07,9.214654386334274e-06,0.0013100636069282292,0.00026346107055874314,0.0024444030117381495,3.1198755162712665e-05,0.012220322173797645,6.665921686755284e-09,8.424352518847017e-06,0.027551905213823797,0.0006248607535267852,0.00018435890960968987,0.018105089925473848
27,0.04122922931422569,0.001651683326407915,7.765713050718134e-06,0.0003015134636652857,0.0013373158217426307,0.002912352943851758,0.019761820941743898,0.006098072256520931,0.8273033030661309,0.0010966986207763907,0.00013762932656970244,6.854599608210241e-05,7.88915307661967e-08,1.1695989594688911e-05,0.002709062696836882,0.0002476956367563892,0.0014943628597138897,2.3373410043127146e-05,0.010516132073103916,5.1423362726286724e-09,7.0646519272754425e-06,0.05862318806274738,0.00035512864829815465,8.852464036485872e-05,0.02401775650597859
28,0.06125267465934027,0.0013334440876318107,1.2581612561122698e-05,0.000368637895569885,0.002067817812023957,0.0035511541734684856,0.03173989588501137,0.006694114341968456,0.7963123352115802,0.0015218727673252945,0.0001714491572329884,8.707196832903818e-05,1.4769738608399457e-07,2.047628718341144e-05,0.002755519915845636,0.00041305848479424923,0.002309900085167729,3.826188138087828e-05,0.013670117721719693,9.456501055674585e-09,1.2155800522638732e-05,0.050259799462204595,0.0005665608758200699,0.00016152471154504285,0.02467941804788618
29,0.06125267465934027,0.0013334440876318107,1.2581612561122698e-05,0.000368637895569885,0.002067817812023957,0.0035511541734684856,0.03173989588501137,0.006694114341968456,0.7963123352115802,0.0015218727673252945,0.0001714491572329884,8.707196832903818e-05,1.4769738608399457e-07,2.047628718341144e-05,0.002755519915845636,0.00041305848479424923,0.002309900085167729,3.826188138087828e-05,0.013670117721719693,9.456501055674585e-09,1.2155800522638732e-05,0.050259799462204595,0.0005665608758200699,0.00016152471154504285,0.02467941804788618
30,0.06125267465934027,0.0013334440876318107,1.2581612561122698e-05,0.000368637895569885,0.002067817812023957,0.0035511541734684856,0.03173989588501137,0.006694114341968456,0.7963123352115802,0.0015218727673252945,0.0001714491572329884,8.707196832903818e-05,1.4769738608399457e-07,2.047628718341144e-05,0.002755519915845636,0.00041305848479424923,0.002309900085167729,3.826188138087828e-05,0.013670117721719693,9.456501055674585e-09,1.2155800522638732e-05,0.050259799462204595,0.0005665608758200699,0.00016152471154504285,0.02467941804788618
31,0.10483354580155388,0.0013256559699370812,2.1387058617771716e-05,0.00034381823195571074,0.0016132722311807013,0.0021544044214426294,0.027339064725130043,0.01722118888893153,0.7556629806449725,0.0014453449593078785,0.0001650101062994052,9.390172741916206e-05,3.3242716459902086e-07,1.7138953450777573e-05,0.002810462678694219,0.0005548408572558171,0.002698017253401261,3.83645671691607e-05,0.019645098501076062,1.0193663228384926e-08,1.1469412293425869e-05,0.0465949146168406,0.0003670620577857078,0.00020025896962193275,0.014842454744835075
32,0.06450243151333052,0.0015690669022425513,1.300548584286938e-05,0.0003682291465656528,0.0020590781225500684,0.003735962930117166,0.028563959094415586,0.006842752354195955,0.7905058514688716,0.0014755756775864809,0.0001622704195220233,8.101291335805751e-05,1.5980304084683152e-07,1.955386609608194e-05,0.0027466558750618643,0.000435304013652766,0.0023918605243994895,4.102295384590801e-05,0.016876554723599696,9.120157250598945e-09,1.186079577475104e-05,0.05317055715895924,0.0005401800417258252,0.0001703573181565486,0.023716727776930967
33,0.09586392839804223,0.0022804941862038185,1.5120836461818246e-05,0.0005317820450518958,0.002081863704650029,0.006503581528546306,0.046678569951051234,0.009946828774768402,0.6555237500878682,0.0016095368968453612,0.00011097272348387597,0.00011540292522567695,3.300251330169805e-07,2.286152099306523e-05,0.0021971288185968023,0.0009462639099843845,0.005124691533222748,7.778088198217542e-05,0.03770761453566791,1.014235120862146e-08,1.4903101664969122e-05,0.10831417924523619,0.0005307067675435213,0.000424497743529897,0.023377199715895258
34,0.31405778672963447,0.0007385359699782354,1.8198891810565856e-05,0.00027748311944642326,0.002705872155540016,0.0006543400430184499,0.015164370371743448,0.006871939485372993,0.6010184062081445,0.001170021707436978,0.00025783536833213567,2.8865226977296125e-05,2.6285135133583753e-07,2.694397974688541e-05,0.0014123047492910269,0.000287791573986131,0.0020355480188835175,2.3718449239255048e-05,0.024939966909985175,7.456865355137375e-09,3.998755532232734e-06,0.014977517702677282,0.00022663655513644647,9.596356510073873e-05,0.013005684154769156
35,0.02298879109876426,0.0009205594782297449,8.493083596186172e-05,0.0006579410408596404,0.024195461033101273,0.04658422826970834,0.4172171692740246,0.0004773281850799584,0.11583416085008391,0.008330208184678878,0.00088778600318133,0.0010058134187022909,4.1427442950694746e-07,0.004528044478498214,0.017840726190087818,0.002613554903391958,0.011766970927347806,0.0009579963926820112,0.013394439136038702,5.032822275074191e-07,0.0015594217857058774,0.023706805933918607,0.06719261328257543,0.007087121447896462,0.21016701029282409
36,0.06881230611390257,0.0011794851385126556,1.0277788685279952e-05,0.00038350393563893703,0.0014954460964670588,0.0028991965710337027,0.05302691813816205,0.010637103494888998,0.7154055659175987,0.0012683401074509838,0.00018546710175999952,0.00017896726067495228,1.6492784166834876e-07,2.5086681220272032e-05,0.0028377752098164935,0.0004843510826770799,0.003567508592894421,4.571926498044965e-05,0.01139569431339712,8.373528561100579e-09,1.069226607133104e-05,0.09639699334746249,0.000408900088470704,0.0001730029237936101,0.02917152526307006
37,0.002420602840758108,0.0007427215496815518,1.2929303578665433e-06,9.048985345905097e-05,0.00025296257767012833,0.0012444040565038207,0.001372052241535945,0.004574135796263887,0.9569934852565833,0.00042737878868525525,4.513857397782773e-05,1.0442032732558047e-05,9.403461867859498e-09,2.1468729381273158e-07,0.0010759223772225518,3.188243519628884e-05,0.00011609238797927826,2.84424705141044e-06,0.0018296941517666468,9.563222868656002e-10,6.788547967215557e-07,0.025665055193675276,3.312850346784186e-05,2.778754915974573e-06,0.0030665915486406355
38,0.0766750245457467,0.0010338104909748387,1.0611810465055452e-05,0.0002364100572815023,0.0024687214961685447,0.0009448257555117295,0.016852421330288476,0.0050652296446555825,0.8207736783067809,0.0013141790152786412,0.00016273046162827942,4.0275696153977485e-05,9.334574681834833e-08,1.5068031950271198e-05,0.0013567008408503205,0.00010647127134850143,0.0018475138262681655,1.1107955719948625e-05,0.007659042381127169,6.96837710675493e-09,3.6085520633969174e-06,0.02795698880323932,0.0002679191024936362,7.571429788876337e-05,0.03512184601199217
39,0.08396598669151603,0.0010965483186376542,1.0549893550904328e-05,0.00039834324168026896,0.002479075226313522,0.0022786393308812007,0.035970430069387306,0.0055847508376714984,0.7778853084891094,0.0018760848347217911,0.00026690240705821354,7.438814629244309e-05,1.4292705988977131e-07,3.2663626888303206e-05,0.002740998600677543,0.0002813187727679724,0.00201983066992391,3.370655933686925e-05,0.01077186607607499,1.0614063277856822e-08,7.191538531614095e-06,0.037337535112017886,0.0005749588462071182,0.00014301641411096277,0.034169752755519686
40,0.11234743295341278,0.0024259405834687166,2.8302535495518192e-05,0.0002949723086470843,0.005725865948364007,0.0017825755610071667,0.04035606812722165,0.0052025350278988615,0.6941988763016661,0.0011016327649588532,0.00034935995061079796,0.00015279222447604464,1.5229042870541263e-07,8.407979852543084e-05,0.004390658904836342,0.0002952138831426052,0.002650772413690802,2.8475336483283827e-05,0.015752815299801364,1.169889970954226e-08,1.5142188271959575e-05,0.050151050622963114,0.0005499435907672963,0.00016402866485691606,0.06195130102010489
41,0.03746994418808001,0.0016114706934545265,7.500994136074581e-06,0.00039604387271702994,0.0023176508886746925,0.002006693266396736,0.006500745712084606,0.006324795631403092,0.901445480676532,0.0007296717293831743,0.00021376249204476682,2.9625012639870614e-05,1.1279227986354598e-07,1.083667581985498e-05,0.002569054291219684,0.0003221295236305913,0.00045862197163831997,3.331683724262621e-05,0.012707630579556716,7.402673123827828e-09,3.822328194822792e-06,0.017359271458933016,0.00019703467269894886,2.885781182179949e-05,0.007255918496744351
42,0.026366388371300706,0.0027561536597670642,1.1507596150587793e-05,0.00035588349686288583,0.0006660130360344236,0.004298479801186231,0.009230107649322753,0.011201868515357429,0.7821573634389405,0.0006480271654840668,5.87235247650638e-05,5.8868903520214524e-05,8.970893096226859e-08,2.363744832796335e-06,0.001733623392641558,0.0005534654367396588,0.0015759520870110664,1.998466772428269e-05,0.0225513784410244,2.7773229899197374e-09,8.45889644227541e-06,0.12891052544306073,0.00013240404470243777,6.256564214906266e-05,0.0066398005587258065
43,0.07613024689299994,0.0015591687330241478,1.1070002021328047e-05,0.00038210864386813603,0.002288107437238536,0.0025673066684263096,0.03375262887551857,0.005974063317428195,0.7752687240927458,0.0012362553372326404,0.00024142144677644206,8.98878026839736e-05,1.2844384581176684e-07,3.32305414122631e-05,0.003232076738921295,0.0003398244866258141,0.002047535994000987,3.8798299457907646e-05,0.012385431273326978,9.056519801334322e-09,8.852137753184313e-06,0.04651691853086983,0.0005652184085787576,0.00013865252553280685,0.035192334313190535
44,0.06125267465934027,0.0013334440876318107,1.2581612561122698e-05,0.000368637895569885,0.002067817812023957,0.0035511541734684856,0.03173989588501137,0.006694114341968456,0.7963123352115802,0.0015218727673252945,0.0001714491572329884,8.707196832903818e-05,1.4769738608399457e-07,2.047628718341144e-05,0.002755519915845636,0.00041305848479424923,0.002309900085167729,3.826188138087828e-05,0.013670117721719693,9.456501055674585e-09,1.2155800522638732e-05,0.050259799462204595,0.0005665608758200699,0.00016152471154504285,0.02467941804788618
45,0.0570155455630137,0.0010997059237547195,1.167960333265624e-05,0.00034860636992417734,0.0014652304532956177,0.003931487101722237,0.04040976425336087,0.01340032349861376,0.7867769660929719,0.001638987223924346,0.00013572067467566484,0.0001041037667001087,2.2204112571957188e-07,1.5145914567557401e-05,0.0029564325060595404,0.0006152984988903327,0.002080159987153481,4.539990581934397e-05,0.015258343214031892,8.766852696242209e-09,1.0444522171348722e-05,0.057881205387118655,0.0003768981937477625,0.00019343206660462449,0.01422888847056743
46,0.13202937151098698,0.0007742942325151702,1.4589855207611329e-05,0.0006418269867188062,0.001323618031456574,0.004823696610673924,0.05298876164643866,0.010022409094157341,0.6101232305336062,0.00246948589166192,0.00010290677508796357,0.00012128572587867298,3.464273144421548e-07,1.0171246158686196e-05,0.0008274373183831087,0.0006905261556500921,0.011412101286507976,4.181815573891959e-05,0.019850090768891247,1.0803791606985299e-08,1.5067342037807682e-05,0.13053596778385246,0.0004438761077280453,0.00033335537911384705,0.020403754330441802
47,0.1398561985268203,0.0011240832730143857,1.7864484526831895e-05,0.000562375133311194,0.0013952415135888602,0.0037358886203033427,0.04896805083212172,0.011780309539457523,0.6517230947888093,0.0016233358722179687,0.00011150727646827509,0.00012275480187866808,3.2001877987072223e-07,1.5968428936963775e-05,0.001454411889805417,0.0009149197763275293,0.004676556151467744,3.9804525842939627e-05,0.02412021728436916,7.650766824856008e-09,1.26809092966902e-05,0.09038761603296425,0.0003875357664533688,0.00030277784908938746,0.016666479053381658
48,0.07679813906437098,0.0014688646708873778,1.2683272608552159e-05,0.00032671833023278864,0.001702566834366231,0.004416349721593608,0.035204947692097144,0.008621678241695234,0.7481718298321918,0.001819539462920923,0.00010023105413380434,7.463915911279113e-05,2.1302981938503712e-07,1.4358603532390797e-05,0.0020086869721436485,0.000481827546503309,0.0037938464760776587,4.100857176259503e-05,0.023447821271455317,8.059939047128305e-09,1.1095987967591998e-05,0.06815038333064673,0.0004885387579584981,0.0002935815211876526,0.02255044253479485
49,0.037590109177177755,0.0015551144075908162,1.2930218033239316e-05,0.0003571084310744515,0.0015650750478480833,0.004666361575506291,0.026800848520604745,0.0072825558996456935,0.801517905234471,0.0014124166358306023,0.00011369695706567739,0.00010198509472858047,1.2603202435097843e-07,9.838113323573744e-06,0.002245541440433697,0.0004086564539234125,0.0021223692671313954,2.6987525104303966e-05,0.012651303872041664,7.600794932964109e-09,1.2351801078633962e-05,0.07961948217505668,0.0003851419202674311,0.00013267591261860256,0.019409410686624405
50,0.004108353568017856,0.013405221602414714,4.161341954436796e-06,0.0003181525500310291,0.0011245003157165092,0.01142958909209537,0.001667058505049447,0.001120222596928699,0.8478660480409054,0.0001304118896887171,7.246058889645414e-05,2.9245525313830157e-05,1.1310296692056325e-08,2.8421426361852228e-06,0.004822517887840774,0.0002941273335841111,0.0005061006718571797,5.6752506188654355e-05,0.015114902455558731,2.481456345518811e-09,2.9263308845946265e-05,0.08721287713439832,0.0005847541861055079,1.5403608892148525e-05,0.010085019355327138
51,0.015891061302332782,0.01341645971864091,4.749535355331771e-06,0.0010299989162415864,0.0005867242658367007,0.003402129103719733,0.003874344839734613,0.007993552288647955,0.7311491578150778,0.00036715593730910596,0.00026242554559688294,6.961579008812644e-05,3.255039134510712e-08,6.0387036406801174e-06,0.007795363917195587,0.0002169166535589951,0.000479569451427991,3.2291703522959046e-05,0.009390181105981171,3.261754353876086e-09,6.320082041370565e-06,0.1870071107871092,0.00018081398212588994,1.6282048567300132e-05,0.016821700694101833
52,0.053645225421692304,0.0009119534396026467,8.879700140626774e-06,0.0004656674856557936,0.0016864790022258528,0.004762940997096915,0.02121269572362179,0.010230250973649416,0.8335019899369904,0.0026863756224837663,0.0002128012480179591,8.045500872722519e-05,2.0600716940942984e-07,1.6021050285787942e-05,0.003371971981413996,0.0004659387499685161,0.001308190810748377,5.837766005092643e-05,0.014529655074590529,1.3277826526669526e-08,8.353965445806858e-06,0.03777592913038612,0.00041465356466685387,0.00012111498120962774,0.012523859186333024
53,0.06179293566708947,0.001379622643198584,1.2561089123816465e-05,0.00036574769621657406,0.0020470273550197995,0.003547821008877177,0.030514838649392393,0.006768680929542775,0.7960006208849258,0.0015107479441137403,0.00016773749623189712,8.49783328011995e-05,1.4775706933284327e-07,1.9870411478654495e-05,0.0027375739874078834,0.000409826667335568,0.002303700353154857,3.772764964486695e-05,0.0142423809556848,9.18193782887469e-09,1.1838836652624535e-05,0.05097212983552022,0.0005459328071094951,0.00016042625314328964,0.02436511560732703
54,0.07819725332105262,0.00032421514688512845,2.6653462388397662e-05,0.00045520410461044657,0.002743416741206428,0.00392432202388656,0.037667307223768966,0.010419295735214803,0.8093851074337979,0.003571606417605548,0.00021884245673692014,9.689164401722824e-05,5.51920896009918e-07,1.5337049940383604e-05,0.0015222093599892026,0.0008464818303793074,0.00402922392351304,7.01897690562551e-05,0.012754665757052768,3.40880054323869e-08,2.426296891874175e-05,0.023829685345580942,0.0008828764400416357,0.00023286809061616952,0.008761497744839114
55,0.060392746511326936,0.0012659730572741222,1.2271167534435397e-05,0.0003619616522291335,0.002049986637253552,0.0035533460033189117,0.03300338528884758,0.006893453110674847,0.7973776244309079,0.0014852606125393395,0.00016568353032201535,9.233147998280388e-05,1.5201746151755776e-07,2.054691772493007e-05,0.00268178554564296,0.0004251179933141865,0.0022654214266524552,3.870383247544892e-05,0.013223634585224499,9.470480307142788e-09,1.1873557105871165e-05,0.04989085475310358,0.0005497488301192141,0.00016195153215883753,0.02407617605632477
56,0.06399190340125332,0.0012735535542420036,1.30833076763911e-05,0.0003820710869893714,0.0020123863666980154,0.003663393354227141,0.03287690911539312,0.0075635925168181396,0.7923824652546968,0.0016215674823322525,0.00016699883393556732,9.144362894894941e-05,1.7625221640707329e-07,1.9959535643847402e-05,0.00264654431826259,0.0004489065141241884,0.0023961975958720944,3.991087808906676e-05,0.014196384207836428,1.0171297398103478e-08,1.2106575857388603e-05,0.05053110863747555,0.0005467850045274468,0.00017427147708938667,0.022948270928497192
57,0.04758182341286639,0.0010465376621507662,2.480911916326195e-05,0.00025739002897645467,0.0026110041922523253,0.0036659922492335126,0.03295507889704339,0.007242470119696979,0.812414731494151,0.001699272277372769,0.00011530319024999061,0.00011694519605780012,2.017857799895106e-07,1.3584427490859566e-05,0.0018211934979996084,0.0005005274938946799,0.002592762914590302,2.2417735010299168e-05,0.014633301769187146,1.0665358311146745e-08,1.5269259906331875e-05,0.051798076495717396,0.0003965207548168713,0.00017567672550491918,0.018299098635528692
58,0.06831971761032267,0.0013269947698311105,1.3651354326319353e-05,0.00034542068233743377,0.002055706379205139,0.004213124191781589,0.037356824119571475,0.007683399515583891,0.7740683486302695,0.0018450725862598307,0.0001370006521022519,9.310542690746326e-05,2.013427368255361e-07,2.0686138774570613e-05,0.002571997576866361,0.0004701300610205926,0.0028806359532557255,4.3219916262639296e-05,0.01684883383465443,1.0393624409168943e-08,1.3332085011059536e-05,0.054094538892596356,0.0006221006905429144,0.00025541551363048975,0.0247205316825251
59,0.06766156433120282,0.0013062505986259415,1.612637159956947e-05,0.0003507424454155461,0.0021742030978197328,0.0039419342682556115,0.03740746157027687,0.007712914303310194,0.7773071654903521,0.0018010371040506836,0.0001447804869616656,9.572823818045342e-05,2.05001165955981e-07,2.0508832165151655e-05,0.0025228985980150147,0.0004843360462979693,0.0029006548839047527,3.981705525432057e-05,0.016230093477359812,1.1092797951273099e-08,1.4432765703178036e-05,0.0529213493432518,0.0006162709879582195,0.00024170476996564333,0.024087808840109037
60,0.06125267465934027,0.0013334440876318107,1.2581612561122698e-05,0.000368637895569885,0.002067817812023957,0.0035511541734684856,0.03173989588501137,0.006694114341968456,0.7963123352115802,0.0015218727673252945,0.0001714491572329884,8.707196832903818e-05,1.4769738608399457e-07,2.047628718341144e-05,0.002755519915845636,0.00041305848479424923,0.002309900085167729,3.826188138087828e-05,0.013670117721719693,9.456501055674585e-09,1.2155800522638732e-05,0.050259799462204595,0.0005665608758200699,0.00016152471154504285,0.02467941804788618
61,0.06569656068773098,0.001301929956104208,1.52823326474223e-05,0.00033084533368804965,0.0021686219989675197,0.0037189216881662987,0.03517751687514578,0.0070243322597831545,0.7849247510621592,0.0016934331723473563,0.00014896008487018478,9.214079747010802e-05,1.7829866457597632e-07,2.0688127055891266e-05,0.002577255232080278,0.00044173329124177867,0.0026998045409804324,3.6749612451727825e-05,0.015345551472927519,1.0132658371204156e-08,1.3819220635456471e-05,0.05067036965336634,0.0006060882288870868,0.0002148459324575337,0.02507961000751257
62,0.06125267465934027,0.0013334440876318107,1.2581612561122698e-05,0.000368637895569885,0.002067817812023957,0.0035511541734684856,0.03173989588501137,0.006694114341968456,0.7963123352115802,0.0015218727673252945,0.0001714491572329884,8.707196832903818e-05,1.4769738608399457e-07,2.047628718341144e-05,0.002755519915845636,0.00041305848479424923,0.002309900085167729,3.826188138087828e-05,0.013670117721719693,9.456501055674585e-09,1.2155800522638732e-05,0.050259799462204595,0.0005665608758200699,0.00016152471154504285,0.02467941804788618
63,0.054656690125950515,0.0017467538709958633,1.1118221438421083e-05,0.00036204183779094156,0.00189858244862732,0.0036551980632389546,0.025652163649923634,0.006241655630318798,0.8040187160643468,0.0012775637203787293,0.0001624110383527194,7.600202746535656e-05,1.2503119597612127e-07,1.7843651033226557e-05,0.002963241764718077,0.00037336908245704767,0.0020682036858994013,3.814623526562894e-05,0.014471638250502005,8.09550023370161e-09,1.1416973265676018e-05,0.05475431314180081,0.0005326018166373887,0.00013988561224862232,0.02487030996064792
64,0.055170125828173495,0.001444376501339004,1.6717066954991135e-05,0.000377826856133573,0.0021645836251057253,0.004254297538315335,0.03135457235028869,0.0062631386195030475,0.7959467950366758,0.0015093440011894304,0.00016567811650647558,0.00010543726556315706,1.498830047917783e-07,2.049997528462615e-05,0.0029871297983933474,0.0004891352615031034,0.0027196607962371353,3.9420815054257015e-05,0.013701579614339078,1.072240430820414e-08,2.0955740123738567e-05,0.0556685830532815,0.0007342036597415328,0.000182170485629279,0.02466360738925475
65,0.07104233253093298,0.0010327372480081255,1.2114994280038654e-05,0.0003711439576312072,0.0019509919604508415,0.0028230606139087165,0.031135674186893888,0.007756002590614785,0.7986142433242208,0.0017166493193000948,0.00018920659071801452,8.117252252551747e-05,1.6347136529708402e-07,1.918076476568376e-05,0.0024490099320307102,0.00039342333641697783,0.002106514596484517,3.2792694863134094e-05,0.012967758501385995,9.068250448584198e-09,8.766373239113693e-06,0.043941053414608695,0.00043974317865630284,0.00013953494160450297,0.020776719886843514
66,0.09911786510780386,0.00047306201297209297,2.4337533050565884e-05,0.0003231605632691117,0.003848844119598303,0.0026428849348424134,0.05555715089389358,0.006874745568373306,0.7670020335127825,0.0024501398069276203,0.00014577737789365879,7.287984983421334e-05,3.4908506877742226e-07,1.900654977118174e-05,0.0010317238773196555,0.0005144026044674397,0.0030195882149175062,2.4074545629775963e-05,0.013755410961175097,1.5481738846337403e-08,9.91971948343556e-06,0.02587458018671124,0.0004179938023975705,0.00021577928565424923,0.01658427440442398
67,0.02364511714826089,0.004311098605596542,8.337987464706764e-06,0.000407130562078634,0.0015072417045903243,0.016219897994097593,0.03625990789804128,0.002629802712580837,0.6960878717600494,0.0009359123350138389,0.00010605502281501591,0.00011643840230872908,7.26278267801672e-08,2.5674525389057884e-05,0.005176186406382331,0.000495831077703384,0.00420055672685252,0.000111634957019772,0.01666549125539871,1.0750299445264468e-08,5.361645334204907e-05,0.11917697983538862,0.002729320772639054,0.0003625335222576936,0.06876727895660266
68,0.014865282199609833,0.0012228220120227013,1.017949364413981e-05,0.00032123817845372126,0.0018796242692593686,0.01854533151931887,0.06045431526600842,0.012588624571378111,0.7587964543981756,0.0017571078985836753,0.00011952060219928734,0.00034388797455074953,1.6853542367531549e-07,1.607533654722748e-05,0.006717162895328328,0.000643513056424292,0.002325974577207222,0.00012622914330556617,0.007185068124440085,2.3601625935143337e-08,6.145026042728263e-05,0.08964492353548265,0.0010703337692785308,0.0002686150439496619,0.021036073737354905
69,0.05996739201051674,0.0013232979014615328,1.238845939108197e-05,0.0003682484661232841,0.0020516826817390337,0.003523433048804813,0.031164025587594728,0.00661298606882487,0.7992058657417468,0.0015135133846853788,0.00017451077058037399,8.633322991248188e-05,1.442317480063779e-07,2.0216275731739373e-05,0.0027824727132228027,0.0004035682282166738,0.002275278888797355,3.827941609985899e-05,0.013272589279563643,9.499225466379532e-09,1.2173091794950954e-05,0.04979786782640502,0.0005712879507697036,0.00015614866551874203,0.024666286581525133
70,0.018408192556241036,0.0007264850506458197,1.0667905019447902e-05,0.0005359331688005171,0.0013924473530179296,0.004182013464130668,0.020206998002402936,0.004627292489486849,0.8990543705186508,0.0011147696737909773,0.00017321006185836235,8.073638687419751e-05,7.115399948863836e-08,7.824889754200838e-06,0.0019447143957126735,0.00042582868384602874,0.0006037824091966094,1.8750324883513096e-05,0.004212726817486994,8.898666256934645e-09,1.0054029715695847e-05,0.03102207978830433,0.00038734619727953684,3.8776981804181225e-05,0.010814918798431022
71,0.06478098272319653,0.0010137926541955893,1.2277279844348625e-05,0.0003421150638540954,0.002129617848311185,0.0033372204867034997,0.039624277462507226,0.006834526031294695,0.7925619892524175,0.0016738962943388751,0.00015641145520721168,8.616339938089275e-05,1.618170732679729e-07,2.037260701746697e-05,0.0022995927530064077,0.0004023403778963739,0.00241008834670921,3.4488600359354074e-05,0.012182257282444774,9.741901685537988e-09,1.0925735545117906e-05,0.0450374589505612,0.0005436327694711596,0.0001791813476401491,0.024326219719122202
72,0.06138289552493189,0.0005446645674521096,1.4802139276670092e-05,0.0004190144489434573,0.002196723727753606,0.006297604231902431,0.0970983063777213,0.012706626515734596,0.7404178806738317,0.0015565869489097515,8.613273203496332e-05,0.0001349073263072943,3.903379638244589e-07,1.7616070339617535e-05,0.001447617255085729,0.0014084465200987848,0.0029862288945178258,6.440669010443233e-05,0.01491232696799026,1.3242981046694693e-08,1.621523752092854e-05,0.045077004724726075,0.0004678775044935731,0.0003357241771500029,0.010409987162228
