,0,1,2,3,4,5,6,7,8,9,10,11,12,13,14,15,16,17,18,19,20,21,22,23,24
0,0.06977272525791987,0.0017414561288505513,1.394964527388782e-05,0.0003417366012346355,0.00245892171777838,0.0036616510342996323,0.03559857202169062,0.00651994131098282,0.7599406112597369,0.0015417945448572502,0.00018982915674081317,0.00010028822792779379,1.5089764378487892e-07,2.8202724443742596e-05,0.003364270031745076,0.00039676674764909514,0.002868033249472438,4.3262128349561834e-05,0.016655134706719588,9.8451422414502e-09,1.382122638910077e-05,0.06044119138012419,0.0006252124064644972,0.00020245433194662145,0.03348001341661714
1,0.05668295435342795,0.0009131487660179894,1.3471683333688486e-05,0.00026489245309731105,0.0018185063639589198,0.0026193221084299025,0.0196152159264371,0.005931447555871266,0.8450047433961958,0.0014623198405182294,0.00011916533638189238,5.064171375699279e-05,1.3502410096745202e-07,1.0245415306572702e-05,0.0016771503465329797,0.00036463487523333743,0.001667847090688859,2.0668720483435793e-05,0.014531412323171053,6.53587636395221e-09,8.073902758590528e-06,0.03305475302505483,0.00034283278615561007,0.00010738508121492079,0.013719025375995526
2,0.054720779193498666,0.00122205320172367,1.2868789943560447e-05,0.00023265292296352952,0.002401666838175135,0.001909499407528005,0.019155690083198722,0.00664404906508587,0.8389152321316882,0.0015604104820829067,0.00024321779366836294,7.13127385997306e-05,1.2390838725716275e-07,2.287488593282341e-05,0.0038788386566497753,0.000204389768622187,0.0016129653756112362,2.805321955311044e-05,0.009570417130784896,1.1314940151291511e-08,9.9713716548732e-06,0.029440140072590805,0.0005337448184293538,0.00010512430674249578,0.02750391252194475
3,0.06890741840484726,0.0013948264831186075,1.316697160984545e-05,0.0003606333298634435,0.0021745329325833953,0.0035159659088307904,0.03327818770681031,0.0069825673367108175,0.7808998015340013,0.0015882483940013795,0.00017329248764676427,8.903483483989295e-05,1.6387693085474136e-07,2.2679803174352768e-05,0.0028281225245392425,0.00042061014034154646,0.0026562087903193787,4.155060744666231e-05,0.015321019420317135,9.892226435409955e-09,1.2663462239089575e-05,0.05216099513691132,0.0005923900046048364,0.00018706696869852463,0.02637884304738712
4,0.0796245436658971,0.0014492994436899297,1.4729414948410868e-05,0.0003875043940856625,0.002327163298391087,0.0037017210936198496,0.036324701947833035,0.00783699669238769,0.7620146249899676,0.0017322625975762888,0.0001818946926896745,9.669631630351274e-05,2.1068662707408583e-07,2.6579898976395387e-05,0.0029149760326054493,0.00048251147052323965,0.0029398072944080873,4.716717917971671e-05,0.017669514431478118,1.1430700815376474e-08,1.3359926140808369e-05,0.05255169121215952,0.0006160208836833702,0.0002243566948977185,0.026821654311229844
5,0.07205810497367761,0.0016510341158680654,1.159666163528047e-05,0.00047867412637719577,0.0020556401980117572,0.004294565836454855,0.032143713812533344,0.007727581427706507,0.7700173806248737,0.001572681239260856,0.00019194106902355965,9.085106969870703e-05,1.8872341643065332e-07,2.4010694950378055e-05,0.003155437333168539,0.0004957448082335952,0.0027647518271466886,6.316061017933497e-05,0.016783350947710662,1.1736783630851488e-08,1.3884370285561329e-05,0.05831875530397566,0.0006761813015239164,0.0001979232553853776,0.025212833932118792
6,0.06890741840484726,0.0013948264831186075,1.316697160984545e-05,0.0003606333298634435,0.0021745329325833953,0.0035159659088307904,0.03327818770681031,0.0069825673367108175,0.7808998015340013,0.0015882483940013795,0.00017329248764676427,8.903483483989295e-05,1.6387693085474136e-07,2.2679803174352768e-05,0.0028281225245392425,0.00042061014034154646,0.0026562087903193787,4.155060744666231e-05,0.015321019420317135,9.892226435409955e-09,1.2663462239089575e-05,0.05216099513691132,0.0005923900046048364,0.00018706696869852463,0.02637884304738712
7,0.10797029776354532,0.001074826772513873,1.815111390598385e-05,0.00038061460112484184,0.0022557349228015692,0.0022235840582365087,0.035381782450979435,0.009582723649860117,0.7471071244260704,0.0022710340669605295,0.0001985588530832017,7.765244217616212e-05,2.5576736217076045e-07,2.0407894146512653e-05,0.0020745377364753733,0.00037919923779716264,0.0026919782123176203,2.6626563321962874e-05,0.016966114347861758,1.0529217791050099e-08,7.430715278763164e-06,0.045992631351596355,0.00036345456638737654,0.00018608006467022963,0.022749187892308995
8,0.11113892757511847,0.0010896521833244949,2.9755910967159642e-05,0.0002901272734411203,0.002357696071006359,0.0021448832696151954,0.04330800247457651,0.0074821264457162326,0.716944776174568,0.0032846338113319573,0.000190804616595767,0.00012115449967114055,2.35633305087452e-07,4.1206937311898126e-05,0.0029529521784894875,0.0003027960618831947,0.003839954306492643,2.0113095095010346e-05,0.012939896021441933,1.341492998425705e-08,1.6858222335326948e-05,0.041596733148127465,0.0009220746719825891,0.00041433110727175207,0.0485702948954015
9,0.08699008407859202,0.0014064728456296032,1.5573275647391246e-05,0.00030154391221050216,0.0019300508131551838,0.0021133427422120434,0.02867690682640858,0.006397495266172205,0.7612883406745667,0.002499919959301206,0.0002184144256651986,8.466372417263565e-05,1.4164050648169035e-07,3.480261327689753e-05,0.003938978240064122,0.00021194412718564498,0.002645122518698132,2.5481739726398996e-05,0.011093850321613367,1.0531068716475504e-08,1.26973666673127e-05,0.03963858488977885,0.0009593516056806722,0.00025655784091585434,0.04925966802108422
10,0.06890741840484726,0.0013948264831186075,1.316697160984545e-05,0.0003606333298634435,0.0021745329325833953,0.0035159659088307904,0.03327818770681031,0.0069825673367108175,0.7808998015340013,0.0015882483940013795,0.00017329248764676427,8.903483483989295e-05,1.6387693085474136e-07,2.2679803174352768e-05,0.0028281225245392425,0.00042061014034154646,0.0026562087903193787,4.155060744666231e-05,0.015321019420317135,9.892226435409955e-09,1.2663462239089575e-05,0.05216099513691132,0.0005923900046048364,0.00018706696869852463,0.02637884304738712
11,0.07444043607629429,0.0013022890870223395,1.3827508494300935e-05,0.00036101987431637187,0.002064292104016419,0.0034605126564352566,0.03481617390625517,0.008115928701078164,0.7742007029383572,0.0017223765193645692,0.0001675323076879486,9.289408381047521e-05,2.0188482644482432e-07,2.210390310489867e-05,0.0026843929013117868,0.0004532959839279446,0.002815099141577875,4.237774911264921e-05,0.016114638522975788,1.0458175403343767e-08,1.2140392325314587e-05,0.05201277400068929,0.0005628361053929609,0.00020869951724245865,0.024313443676204794
12,0.04214074255912362,0.001356749988998071,1.0111761580970727e-05,0.00027948857071340963,0.013039501750107213,0.007031261870963534,0.08385430412303585,0.0009586710879152398,0.6892502033087194,0.0008660162066015807,0.00020612969449561913,0.00012459895133396575,9.62832597449264e-08,0.00020119946481694348,0.003209991919000377,0.00037706965126381805,0.003390887330570904,0.00013836811147198883,0.007767669067283168,3.108829698658093e-08,4.806718557387137e-05,0.02039748657899767,0.004567521392226219,0.0003792432231798907,0.12040458883046994
13,0.14274425843242475,0.0007500277814972623,2.7173815786043195e-05,0.0005222925732571009,0.002677737176502654,0.0007294863479984476,0.026996980850929997,0.013705305994041326,0.7299764416023796,0.002605946445818829,0.0019074624707783837,0.0002253880816158145,2.832819175573234e-07,0.00012622257193237746,0.010756048058573178,0.0003349944377923056,0.0020729068609458934,5.54121741490311e-05,0.005984741600369868,3.533446506214263e-08,1.589854909035922e-05,0.023526030857323337,0.0009445059101473475,9.142524375896474e-05,0.033222993546504286
14,0.0903118976597699,0.00045970733737286967,1.1506374422522155e-05,0.0002131872672811747,0.001259759940460033,0.002239487271280104,0.061239351519202345,0.008678431443114525,0.7440666050222934,0.002007386959029659,9.301217053960717e-05,0.00012372876285693133,1.5168004474183555e-07,2.331912169660293e-05,0.0018019045610881946,0.0003443237198586838,0.0040656488294584445,2.1878596225333573e-05,0.008304170577544732,6.973905300230334e-09,1.2705557249037963e-05,0.04230777247538209,0.0006718986525665496,0.0003442316173811953,0.03139792590997616
15,0.06890741840484726,0.0013948264831186075,1.316697160984545e-05,0.0003606333298634435,0.0021745329325833953,0.0035159659088307904,0.03327818770681031,0.0069825673367108175,0.7808998015340013,0.0015882483940013795,0.00017329248764676427,8.903483483989295e-05,1.6387693085474136e-07,2.2679803174352768e-05,0.0028281225245392425,0.00042061014034154646,0.0026562087903193787,4.155060744666231e-05,0.015321019420317135,9.892226435409955e-09,1.2663462239089575e-05,0.05216099513691132,0.0005923900046048364,0.00018706696869852463,0.02637884304738712
16,0.105430169833518,0.001347500552931642,2.6170109678317435e-05,0.0007742867934326645,0.0031102596862856175,0.006068673140885649,0.06742629111675685,0.011588103796759983,0.6730825808259583,0.0021497719395536462,0.0003951078638903092,0.00025775293158466486,4.112413161248045e-07,7.040567849739606e-05,0.005401976557095385,0.0014911500655849178,0.004601081823153204,0.00015400903080754581,0.02134991645789046,2.845955328045275e-08,4.2087362853953426e-05,0.06904412261152845,0.001171999638926193,0.0003557390122104032,0.024660403469347118
17,0.10834079120730064,0.000930907443288727,1.56393414983698e-05,0.00038326029079705767,0.002732618747177009,0.0019527541964196532,0.06940896963120788,0.007581468281550347,0.695057085304358,0.0014121654614248497,0.00023034774859086797,0.00016039512928748547,1.9462060680885628e-07,4.58862959944099e-05,0.002316910957843666,0.0003805557630319038,0.0036856180359211574,3.1866734050665077e-05,0.008682401978772921,1.1363066837579446e-08,1.2545713332729595e-05,0.0543862817000207,0.0005724809568675115,0.00021027298328597823,0.04146857011430391
18,0.09481976410294887,0.0016396460072463986,8.737093557499695e-06,0.00023363911848699534,0.002254984660221063,0.002242747134516098,0.044910530706036886,0.0038992729861566868,0.6748866369047122,0.001271657824685038,0.0001560201590355434,7.089930339866502e-05,9.699645989966282e-08,3.0738083148730945e-05,0.002197089870272668,0.00018078889202196978,0.005887092283113615,3.366600423637504e-05,0.013881920028656389,7.090100009215541e-09,9.723440206849562e-06,0.07483706471729162,0.0006891048461162936,0.0002398177419277395,0.07561835400544606
19,0.05809194839011923,0.0007218670485604981,1.4059299834620183e-05,0.0003197267597622296,0.0017147091788230896,0.0032757743475632438,0.04511419456511227,0.009040606846834989,0.787536579298162,0.002538347924649837,0.00011118143857275238,0.00010170960506916564,2.0298400375341293e-07,1.1734840258114826e-05,0.001487348397093023,0.0003664300982961565,0.002473673898255751,1.9188126310369712e-05,0.010488778471950856,8.887267624713903e-09,7.880537701660463e-06,0.05552084300695303,0.0003367235209497657,0.00019435427120095746,0.020512128256694784
20,0.041593486360402575,0.0028028966251829684,1.1662761152143041e-05,0.000423906894672288,0.001268720031260439,0.004441769427180385,0.0210855879364421,0.010865860696005722,0.7684868868587891,0.0013033324660059861,0.00021288730699845328,0.00013993738483738104,1.2910631852501414e-07,1.7990051955682238e-05,0.006268891891895903,0.000441947785068769,0.0020891745535371532,5.736174009947646e-05,0.014190559967718674,8.978348470023965e-09,1.8213922830000265e-05,0.10072492356398988,0.0005538636833787807,0.000140843576877676,0.022859156429051296
21,0.1025329043891488,0.001379284492897201,1.7620369764320868e-05,0.0006935280438339384,0.002605059093252331,0.003223589086421909,0.033400970209868965,0.007790432930114279,0.7516110060417053,0.0015899285667256696,0.0004102214864539332,0.00014396765105861465,2.1797647220942187e-07,5.03225330951071e-05,0.004247356871937625,0.0007077246520729708,0.0023334438693143815,6.912085783631792e-05,0.014768847654156248,1.6736316958748417e-08,1.7544298713732898e-05,0.046619028822236515,0.0007542196837939925,0.0001453846612655539,0.024888259021543128
22,0.08692470470294276,0.001057518247675406,1.7952904101027097e-05,0.0005991671018324108,0.0023428457518852395,0.0031550410429417287,0.036052735679333967,0.008121485930105556,0.7514144584595335,0.002459259411757606,0.0003843373758564947,0.00010784636441125768,2.2894004584647612e-07,2.8494194661730354e-05,0.003279797418322564,0.0005667807998372786,0.004264454386511152,6.942670892421894e-05,0.01446796293895472,1.905865723562176e-08,1.8618364045192053e-05,0.059085559917525725,0.0007861218538252424,0.00016992869496908734,0.024625253751343057
23,0.06890741840484726,0.0013948264831186075,1.316697160984545e-05,0.0003606333298634435,0.0021745329325833953,0.0035159659088307904,0.03327818770681031,0.0069825673367108175,0.7808998015340013,0.0015882483940013795,0.00017329248764676427,8.903483483989295e-05,1.6387693085474136e-07,2.2679803174352768e-05,0.0028281225245392425,0.00042061014034154646,0.0026562087903193787,4.155060744666231e-05,0.015321019420317135,9.892226435409955e-09,1.2663462239089575e-05,0.05216099513691132,0.0005923900046048364,0.00018706696869852463,0.02637884304738712
24,0.07890785289731361,0.0018136322887964147,1.2845513855961321e-05,0.0005616993118996176,0.0028439655100517764,0.0036159958820141313,0.030480875337652057,0.006646082395871999,0.7637839188493014,0.0015590666048144965,0.000247313743037113,9.88611416755702e-05,1.8951482920182646e-07,3.0495547906610604e-05,0.0028833674344870587,0.00044111112360435716,0.0024777826454380663,5.294073660156686e-05,0.01569262993400166,1.2909257759929584e-08,1.1238442376261336e-05,0.05703702278139235,0.000562412067838169,0.00015238322073240067,0.03008630416525042
25,0.1315614382815752,0.0006110438659863392,1.705620520004626e-05,0.0005065369812344533,0.0024190007046650066,0.0014292922997704125,0.05620096329591824,0.013617247655817366,0.7120058322403453,0.0024631008849128745,0.0005008009760054056,0.00014852907191995206,3.4270281088463046e-07,4.640095589080354e-05,0.0031389253074805942,0.00041139516165381474,0.0029649769867363526,4.5191482164475055e-05,0.008042842400043234,2.0763074537368094e-08,9.039416287235041e-06,0.036792563613031744,0.0005232874765130427,0.00016092516922093224,0.026383246101741822
26,0.06383522026353283,0.000791166036451527,8.026299481148899e-06,0.0001964754766918071,0.0015673823351017365,0.002990754137736923,0.026143140898854965,0.004888121568560235,0.8307667116602209,0.0014074381696352555,7.599103592251947e-05,3.542479920851203e-05,1.4204215371841798e-07,1.0265154793277411e-05,0.0013521317806760662,0.00026956371293548924,0.0028203736471615172,3.401952393485376e-05,0.013748863900023358,7.004541382999035e-09,8.816209114238754e-06,0.028743298396752413,0.0006554796815015652,0.0002141882644857757,0.01943699800052808
27,0.04668618351411052,0.001732551843503479,8.19585608943126e-06,0.00029633245875055036,0.0014137457686308396,0.0028920441245459086,0.02083828294633081,0.006389043731420921,0.8143928047927731,0.001151640625979617,0.0001396960040848466,7.048393503099841e-05,8.812557783300842e-08,1.3015374243928177e-05,0.0027867867395873856,0.0002534947149852741,0.0017291761518769043,2.5400973019558125e-05,0.011833388690740543,5.407806894994718e-09,7.40382239092475e-06,0.061076323567970554,0.0003731093044635337,0.00010318203841865393,0.025787619487667217
28,0.06890741840484726,0.0013948264831186075,1.316697160984545e-05,0.0003606333298634435,0.0021745329325833953,0.0035159659088307904,0.03327818770681031,0.0069825673367108175,0.7808998015340013,0.0015882483940013795,0.00017329248764676427,8.903483483989295e-05,1.6387693085474136e-07,2.2679803174352768e-05,0.0028281225245392425,0.00042061014034154646,0.0026562087903193787,4.155060744666231e-05,0.015321019420317135,9.892226435409955e-09,1.2663462239089575e-05,0.05216099513691132,0.0005923900046048364,0.00018706696869852463,0.02637884304738712
29,0.06890741840484726,0.0013948264831186075,1.316697160984545e-05,0.0003606333298634435,0.0021745329325833953,0.0035159659088307904,0.03327818770681031,0.0069825673367108175,0.7808998015340013,0.0015882483940013795,0.00017329248764676427,8.903483483989295e-05,1.6387693085474136e-07,2.2679803174352768e-05,0.0028281225245392425,0.00042061014034154646,0.0026562087903193787,4.155060744666231e-05,0.015321019420317135,9.892226435409955e-09,1.2663462239089575e-05,0.05216099513691132,0.0005923900046048364,0.00018706696869852463,0.02637884304738712
30,0.06890741840484726,0.0013948264831186075,1.316697160984545e-05,0.0003606333298634435,0.0021745329325833953,0.0035159659088307904,0.03327818770681031,0.0069825673367108175,0.7808998015340013,0.0015882483940013795,0.00017329248764676427,8.903483483989295e-05,1.6387693085474136e-07,2.2679803174352768e-05,0.0028281225245392425,0.00042061014034154646,0.0026562087903193787,4.155060744666231e-05,0.015321019420317135,9.892226435409955e-09,1.2663462239089575e-05,0.05216099513691132,0.0005923900046048364,0.00018706696869852463,0.02637884304738712
31,0.1161952845220484,0.0013817686732453085,2.1934496577982094e-05,0.0003343920813130388,0.0016715819681573884,0.002127502054928125,0.0283734424505987,0.01779210270071449,0.7374498848673375,0.0014992155660076814,0.00016536691836072963,9.561257374742231e-05,3.6299426470652326e-07,1.885009180902806e-05,0.0028817529564865592,0.0005577695575634717,0.0030565535908361778,4.1430181244817455e-05,0.021690074316420362,1.0546679724413025e-08,1.1816850502291766e-05,0.048181994230231645,0.00038291062414508135,0.00022993698885903787,0.015838448197920206
32,0.07249365927049947,0.0016392139992108246,1.359820616194759e-05,0.00035994064154144253,0.002163600940223231,0.003695403478810222,0.029932673482054088,0.007131350523771501,0.7745889632817514,0.0015388079084790545,0.00016390633857177938,8.278821680698275e-05,1.7712519081178255e-07,2.1643222430097798e-05,0.0028167500581801007,0.0004428360391769981,0.0027479461676795753,4.45040221017716e-05,0.018888175206834605,9.533561565406985e-09,1.2346899687969442e-05,0.055128195495818696,0.0005644205414195715,0.00019710610505655382,0.02533198329497959
33,0.10631019991580537,0.0023509636450295877,1.5610737104850384e-05,0.0005129521577532483,0.002160817270239522,0.006344779645418578,0.04825315340187381,0.010229353087128468,0.6348274302118895,0.0016576526584138288,0.00011084258522042668,0.00011637994027684338,3.606121931506398e-07,2.4985049574887776e-05,0.0022271226088566246,0.0009488525192057338,0.005803550277241721,8.320445892201227e-05,0.041594722358303485,1.0469785873037648e-08,1.5315087273632286e-05,0.11071399796163096,0.000547791138578833,0.00048393361242035854,0.024666018589858608
34,0.3388255526553033,0.0007528143134396051,1.8231452709369177e-05,0.000263649739459627,0.0027334225812263697,0.0006329818303543023,0.015391103329386374,0.006949579660870881,0.5730249109460581,0.001185622758622425,0.0002519681800305815,2.8790343761367188e-05,2.804154399069809e-07,2.889672797306695e-05,0.0014165884986038634,0.0002829844162719804,0.0022532729794415038,2.5041404393218374e-05,0.026866979367151836,7.539182688868226e-09,4.034258131737109e-06,0.015169195354561987,0.00023114011042139784,0.00010779957253011616,0.013555151564674276
35,0.02494902267139651,0.0009268313153325072,8.510079482347656e-05,0.0006179688415545105,0.02425848289475174,0.04390564352432314,0.4171561029564562,0.00048207820239069,0.10974980724859087,0.008315557065272278,0.000858671767855044,0.0009828110299712498,4.399584548330011e-07,0.004747800928176492,0.017507088716395423,0.002539919254893364,0.01293873805082621,0.0009860851543999182,0.014392657415755314,4.99732265490254e-07,0.0015411272965556982,0.02370156368443667,0.06663395711040586,0.007800557269102549,0.21492148711561393
36,0.07696032101904672,0.0012274014962360411,1.0702722111308444e-05,0.0003730683656657153,0.0015653688990258743,0.0028562648411248623,0.05521164692318999,0.011020114366093136,0.6979016007609838,0.0013170327697666303,0.00018638749615408547,0.0001816288479766136,1.819307523791346e-07,2.7617624774743863e-05,0.002896260398850931,0.0004902713467457841,0.004074826759817863,4.935095528964141e-05,0.012707984194178994,8.714040998739393e-09,1.1081389508283139e-05,0.09931203721240524,0.0004255719909779092,0.0001992182406077231,0.03099405073467474
37,0.002782012301028484,0.0007895889959471692,1.3823702529356798e-06,8.98706437804931e-05,0.00027108608423879267,0.0012534722977556518,0.001470294395814846,0.0048514118523061665,0.9541254717766334,0.0004539468801168041,4.628737104181231e-05,1.0864550159080371e-05,1.0625407803502524e-08,2.42655721328237e-07,0.0011224529822438018,3.308621214272964e-05,0.0001364227992108687,3.135610186527683e-06,0.002090111147789239,1.017430962894707e-09,7.234414480681409e-07,0.027090659981585597,3.531735078130275e-05,3.2948746940294114e-06,0.0033388517822821244
38,0.0860011262864836,0.0010812493749192244,1.1105426276577098e-05,0.00023082154469822967,0.0025898804665601513,0.0009379534234328866,0.017667176610721067,0.0052869744722289745,0.8055405155939553,0.0013704415033269645,0.00016392541429561343,4.1148390162922654e-05,1.0332680050459378e-07,1.6608449006299237e-05,0.001393193304300255,0.00010852756050273242,0.002122236056234724,1.2037443280403688e-05,0.008583980096745356,7.268948916097604e-09,3.769078669730049e-06,0.02904746392011014,0.00027988174330405524,8.765652478542839e-05,0.037422216720249854
39,0.09408253058502404,0.0011440776215345195,1.1011753206274601e-05,0.0003883967397153123,0.002597586879222096,0.0022518162306405984,0.03758326217610831,0.005810195350353538,0.7605042641480213,0.0019506778079961934,0.00026860110920675414,7.586152167818231e-05,1.5810480619483596e-07,3.6019187647320746e-05,0.002804502183281095,0.0002858756071857657,0.0023162855322491657,3.650266875314405e-05,0.012043155168680507,1.1065004088372022e-08,7.479474628169185e-06,0.038661252772322525,0.000599274822028429,0.00016517223191570292,0.03637602925879065
40,0.12396078900258121,0.002511471657977199,2.8870701843774023e-05,0.00028561199203071253,0.005872678244717621,0.0017469572111263488,0.04157484831105961,0.005361092933673171,0.6739823483565224,0.0011369732177757004,0.0003474268668776313,0.00015448165107689757,1.655034694481061e-07,9.14998463746924e-05,0.004468367544862193,0.00029502970925345277,0.0029844391162980126,3.0452903213314046e-05,0.017269160223026797,1.2011553933061893e-08,1.5493969361948864e-05,0.05155601122589597,0.0005697514577709809,0.00018721105237769442,0.06556885528927921
41,0.04255355035900384,0.001701497480274541,7.958213922847119e-06,0.00039040006643179583,0.0024618370813125263,0.0020094556435760968,0.006911779414031379,0.0066548762745742935,0.8919888379227993,0.0007706139887573745,0.0002177386174790891,3.065816643087821e-05,1.2629230618273516e-07,1.2126697161730962e-05,0.002662832190742016,0.00033093492786722713,0.0005348959194630657,3.6453704097905425e-05,0.014376659582931417,7.821708742651066e-09,4.042703159025531e-06,0.018235930754050545,0.00020878633873480437,3.393024055506876e-05,0.007864069598628162
42,0.029690147340932116,0.002879428299391144,1.2061579916733023e-05,0.000347282879938483,0.0007020633465342868,0.004255813791115437,0.009703962892582471,0.011689063141090835,0.7695684760648805,0.00067810180342015,5.9350111741001854e-05,6.0122208420257105e-05,9.935276954301996e-08,2.617568148001364e-06,0.0017814684386010231,0.0005620162980428324,0.001813369517631856,2.161263921146997e-05,0.025231368481432093,2.9057024011222595e-09,8.828843873300705e-06,0.13360651402314025,0.0001386837740666398,7.253924793909533e-05,0.007115005449477959
43,0.08535956326821226,0.0016257969702603893,1.1557631918451266e-05,0.0003727573494541793,0.002398968903622054,0.0025372418297930663,0.03528615245616165,0.006216504254929558,0.7582516370215209,0.001287408442534,0.00024312150708245042,9.165596610658289e-05,1.4218179529726382e-07,3.6657011973622856e-05,0.003306742398183902,0.00034528332880670625,0.002348892523661422,4.2016877026522565e-05,0.013847222987312374,9.449177441477127e-09,9.204861529104518e-06,0.04815556132299766,0.0005893823930061465,0.0001602091550538135,0.03747630990788048
44,0.06890741840484726,0.0013948264831186075,1.316697160984545e-05,0.0003606333298634435,0.0021745329325833953,0.0035159659088307904,0.03327818770681031,0.0069825673367108175,0.7808998015340013,0.0015882483940013795,0.00017329248764676427,8.903483483989295e-05,1.6387693085474136e-07,2.2679803174352768e-05,0.0028281225245392425,0.00042061014034154646,0.0026562087903193787,4.155060744666231e-05,0.015321019420317135,9.892226435409955e-09,1.2663462239089575e-05,0.05216099513691132,0.0005923900046048364,0.00018706696869852463,0.02637884304738712
45,0.06404632849989077,0.0011500716730860096,1.2218956533083224e-05,0.0003403414162150159,0.0015401518799737137,0.003888047504919515,0.04228113591993279,0.013946381152122635,0.7718075422814555,0.0017084753524922894,0.00013694151724461564,0.00010617743036593776,2.4548035326918856e-07,1.6727379453655303e-05,0.003030343102431269,0.0006246490210638676,0.0023896820338749803,4.910073911167469e-05,0.017074850173920384,9.150039043452858e-09,1.087755351611635e-05,0.060014267905492295,0.0003937159736524949,0.00022351806349350594,0.015208199839365423
46,0.14430607749939878,0.0007986486443423977,1.4816040679505974e-05,0.0006137996277282828,0.0013517132759514991,0.004680805303217677,0.05409508111739597,0.010249284600098635,0.5899889857753715,0.002524410316205496,0.00010159391857770324,0.00012149120171897162,3.715659275317818e-07,1.098099540536321e-05,0.0008395107289184033,0.0006818863172103112,0.012693739309819898,4.407182662471886e-05,0.021574441751424454,1.0974705794510116e-08,1.5313897800834098e-05,0.13298784211770867,0.0004555963553690081,0.0003762536163287595,0.021473273222069923
47,0.15369398312909488,0.0011606384002792475,1.8221176997380823e-05,0.0005412029284439538,0.0014329775502253013,0.0036434708671413485,0.05029106852011794,0.012073381967803451,0.6303539346874892,0.0016700205456006514,0.00011079110167235144,0.00012386604235084628,3.466202827202129e-07,1.738788440022962e-05,0.0014774939288201094,0.0009096115103570339,0.0052468430725582825,4.2375985977695566e-05,0.026349931174298895,7.845574899333221e-09,1.2947259603769423e-05,0.09246179430750522,0.0004002703355659449,0.00034431067712579924,0.01762312248071259
48,0.08563951927517292,0.0015301081899759333,1.313444097108508e-05,0.00031814733292269355,0.0017751821638818867,0.0043521585409918104,0.03664465758371828,0.008938809387229709,0.7305144619380316,0.0018883858926249774,0.00010084303215248222,7.604292549850557e-05,2.341691960411372e-07,1.5830271994191617e-05,0.00205780944703496,0.00048672288592004927,0.0043190768118117825,4.431317719767815e-05,0.026019874213898106,8.375893042398902e-09,1.1479008569615268e-05,0.07038560319526518,0.000509049372263672,0.0003374684901361925,0.02402107987764764
49,0.042462851144847595,0.0016305205881785632,1.356834435302583e-05,0.0003503554265874985,0.0016516957277110387,0.0046294335172527915,0.028191073521809634,0.007615675759251351,0.7881732202275431,0.0014784191391591487,0.00011537033869425702,0.00010452776379301222,1.4028851551061984e-07,1.0949400878525296e-05,0.0023124245655956476,0.00041729574561060026,0.0024479174130508275,2.9417144655690492e-05,0.014221610110808023,7.977945984869123e-09,1.2902810008344271e-05,0.08275473112870053,0.0004042526984783123,0.00015416737934767535,0.02081747183722333
50,0.004698089586931635,0.014070972032245352,4.406211544223939e-06,0.00031431651989030965,0.001195326212310669,0.01138630139600611,0.0017787987307090573,0.0011845992731001262,0.8392560183962391,0.00013826336140809273,7.412680879900303e-05,3.0279590137255028e-05,1.2742772269306944e-08,3.195892467861481e-06,0.004990918463216235,0.0003024035824503665,0.0005898480948041262,6.21394845765591e-05,0.01708189567712932,2.6293918983454253e-09,3.0698933140928876e-05,0.09125315101376641,0.000617504805827843,1.8119025369490817e-05,0.01091861153576583
51,0.01797816822447227,0.013970545827847028,4.9934301431637206e-06,0.0010066566936259562,0.0006203419219448208,0.0033751917790640217,0.004093694087734295,0.008349646778969492,0.718524803994974,0.0003854162984989566,0.0002654340708377722,7.136421888903196e-05,3.633707942799428e-08,6.724011886740121e-06,0.007992723268658646,0.0002216972602178354,0.0005549341767589309,3.5150198744770425e-05,0.010555140877926684,3.428642249574366e-09,6.608500624835157e-06,0.19373841195375316,0.00019001784732782364,1.9013473957221166e-05,0.018033281337421058
52,0.060577673297372334,0.0009582031061350392,9.33360453186166e-06,0.00045681426986455816,0.0017805794364949984,0.0047279812482451476,0.022341761895180928,0.010694880488671062,0.8200562294124177,0.002808666931682103,0.00021569380458172553,8.256776162589606e-05,2.2914238946983934e-07,1.7817875882341393e-05,0.003470682475335067,0.0004759175326503711,0.0015118463144745495,6.353709652078394e-05,0.016337187702808814,1.3923891133244726e-08,8.741686502983925e-06,0.039370026128900296,0.0004354157531277892,0.0001408589069561371,0.013457340203756848
53,0.06950729057874476,0.0014428652059647977,1.3144379405427074e-05,0.0003577817807019027,0.002152537877383047,0.003512361338789243,0.031994405814976236,0.007059499027644256,0.78052527887747,0.0015765297968348391,0.0001695361111253246,8.689213034362086e-05,1.6392833081371524e-07,2.2008602137558896e-05,0.0028095039954567184,0.00041729110197617693,0.0026488628737218727,4.09684022377041e-05,0.015959146460363755,9.604942296483996e-09,1.2333066801837784e-05,0.052893476245364536,0.0005708294743574569,0.00018578174912268136,0.026041501575803306
54,0.08784365558154682,0.0003406899858857125,2.7758115812417677e-05,0.0004451333767325925,0.0028781098228508224,0.003879086255744857,0.03941065529592796,0.010844154010034546,0.7935218083104056,0.003711041094359738,0.00022102523175117415,9.889107725511691e-05,6.083853023752122e-07,1.699899212082981e-05,0.0015660105483567039,0.0008584188374677383,0.004615746467516769,7.605205897940232e-05,0.01427118295857262,3.5469483518709983e-08,2.5190124839829532e-05,0.02476117378562599,0.0009218611592630683,0.0002688204284762394,0.009395892625687772
55,0.06795505581877893,0.0013246818359636415,1.2845312001468464e-05,0.00035418447290398703,0.0021562255940098603,0.003518769843975944,0.034605446362963733,0.007191216175265969,0.7820837796464208,0.0015504264143478008,0.00016751127718330999,9.441467012117912e-05,1.6868739106455677e-07,2.2761955491015303e-05,0.002753153831628051,0.00043293417979052643,0.0026056765322870017,4.2036846281313116e-05,0.014824681352351224,9.908610893574315e-09,1.2372490179830007e-05,0.05178857343725654,0.0005749642565698462,0.00018759401856313879,0.025740515079662706
56,0.07194618122761282,0.001331719661670723,1.3684047153411999e-05,0.00037356095145759256,0.0021154005202580306,0.003625064570365477,0.034450639307007626,0.007883102967269165,0.7766894106933825,0.0016911926694479068,0.00016872688488601284,9.344810799230556e-05,1.9537123945027504e-07,2.2098565196342854e-05,0.002715296690407134,0.00045679167336471084,0.0027538608109604528,4.331576759743379e-05,0.01590164929494002,1.0632772622916076e-08,1.2606362919050073e-05,0.052416994366544845,0.0005714988496482395,0.00020169136896955566,0.02452185863693648
57,0.0535291527483612,0.0010961924665659189,2.595858157130192e-05,0.0002514353493387863,0.0027374140566131583,0.0036199183142416155,0.034480622483976764,0.007559881212212152,0.79896416631178,0.001772052305112654,0.00011624615601516521,0.00011912664748962366,2.2254980006833013e-07,1.4953110042429403e-05,0.0018688910116745876,0.0005070751482251719,0.0029755722922683043,2.4102454590086918e-05,0.016347700785516624,1.1091583328101053e-08,1.5893810225879402e-05,0.05378751191075946,0.00041375866115484834,0.00020278770700571375,0.01956935283387519
58,0.07666141219468386,0.0013849760403775837,1.425110398192666e-05,0.00033722104254619076,0.0021569680676333815,0.004160012068581035,0.039061505441349925,0.007993383159157985,0.7574382599232445,0.001920182792182441,0.00013824834871408294,9.497240209633125e-05,2.227041312110636e-07,2.2860040349424365e-05,0.0026343310235205355,0.000477476048715198,0.003303028393327261,4.681332724544636e-05,0.018830175120278642,1.0845215654500965e-08,1.385406227306701e-05,0.056003023997573675,0.0006488295192570101,0.00029476324862233796,0.02636321908494121
59,0.07594742338445071,0.0013637889054619386,1.6832033696939273e-05,0.0003425032765511774,0.0022816212746011345,0.0038941142157401156,0.03912588617012672,0.008026378641454097,0.7608238349454721,0.0018750356620168126,0.00014611982564977395,9.766916380316769e-05,2.2680646386255685e-07,2.2671353648650573e-05,0.0025849457982393517,0.0004920088725297036,0.003326903284032638,4.315015968141093e-05,0.018145933450056283,1.1576096521090503e-08,1.499896503298425e-05,0.054808008768730876,0.000642956479173173,0.0002790657457702583,0.025697911241519593
60,0.06890741840484726,0.0013948264831186075,1.316697160984545e-05,0.0003606333298634435,0.0021745329325833953,0.0035159659088307904,0.03327818770681031,0.0069825673367108175,0.7808998015340013,0.0015882483940013795,0.00017329248764676427,8.903483483989295e-05,1.6387693085474136e-07,2.2679803174352768e-05,0.0028281225245392425,0.00042061014034154646,0.0026562087903193787,4.155060744666231e-05,0.015321019420317135,9.892226435409955e-09,1.2663462239089575e-05,0.05216099513691132,0.0005923900046048364,0.00018706696869852463,0.02637884304738712
61,0.07379841268198513,0.0013602227303713289,1.5964389331140693e-05,0.0003233476905513571,0.0022773415302427564,0.0036769225986486276,0.03682503553205555,0.007316729058386639,0.7687859312781442,0.0017645223031328692,0.00015042927961970894,9.408346237691668e-05,1.9747568393342798e-07,2.2884684359766224e-05,0.0026422935358308254,0.00044915404844644965,0.0030992808150767936,3.98621471403971e-05,0.0171714229525277,1.0584043600297887e-08,1.437293770563619e-05,0.05251912467003995,0.0006327958109403642,0.0002483067835623089,0.026771351019796073
62,0.06890741840484726,0.0013948264831186075,1.316697160984545e-05,0.0003606333298634435,0.0021745329325833953,0.0035159659088307904,0.03327818770681031,0.0069825673367108175,0.7808998015340013,0.0015882483940013795,0.00017329248764676427,8.903483483989295e-05,1.6387693085474136e-07,2.2679803174352768e-05,0.0028281225245392425,0.00042061014034154646,0.0026562087903193787,4.155060744666231e-05,0.015321019420317135,9.892226435409955e-09,1.2663462239089575e-05,0.05216099513691132,0.0005923900046048364,0.00018706696869852463,0.02637884304738712
63,0.06157114138111276,0.0018277044529163339,1.165170843069383e-05,0.0003545697679118553,0.0019991327039483114,0.0036224831311750263,0.026939578940716993,0.006518709633085919,0.7892627763640782,0.0013353324356806006,0.0001643541294171302,7.782629693520961e-05,1.3893767013038938e-07,1.979216815483837e-05,0.003043891293805233,0.00038070088614219357,0.0023815031052420695,4.1468815723739895e-05,0.016233772991385786,8.481063783804239e-09,1.1908331295813198e-05,0.05687156210900712,0.0005575627254879833,0.00016224087305805333,0.026610188336554368
64,0.06220517627334217,0.0015102319303951083,1.7545987933621912e-05,0.00036978607049502896,0.0022771265151743793,0.004204830632096201,0.0329036354581191,0.006538279331981279,0.7808263721119068,0.0015780451441048424,0.00016747911486925934,0.00010790970315182866,1.6654392601043942e-07,2.2694978177834566e-05,0.0030607946746958456,0.0004978560933388379,0.0031308029957674774,4.261532835817558e-05,0.015351211432115645,1.1212726962942421e-08,2.181834231960473e-05,0.05780157709907446,0.0007670674630863137,0.00021116398503872547,0.026385801577804326
65,0.07984417661211195,0.0010804593788576124,1.2673098708465562e-05,0.0003628811586545417,0.002050896875726029,0.002795355254856886,0.032628717692064296,0.008082511087808567,0.7827260044216958,0.0017899480366491357,0.00019108467041673637,8.29735691206225e-05,1.8122928580300223e-07,2.1237203186013262e-05,0.0025129976446499496,0.0004004529602553927,0.0024216380267014196,3.560729165314753e-05,0.014528086263081061,9.482046584929906e-09,9.135836136128159e-06,0.04559553485503539,0.0004598655447751348,0.00016157803854630672,0.022205993767976828
66,0.11090983115429019,0.0004938925386800307,2.531424643263132e-05,0.000314824566085111,0.004014963182886442,0.0025984558397975266,0.057812790383647915,0.007130436236457699,0.748434419131234,0.0025397457907744554,0.0001466330203715836,7.41598997142774e-05,3.838544400038246e-07,2.0933683491395762e-05,0.0010555223681067893,0.0005196708648551812,0.0034491879618871687,2.591101840569654e-05,0.015302525062796576,1.6060718193181365e-08,1.0280295506070917e-05,0.026759945434514237,0.0004350497984631484,0.000248149732282487,0.017676957874161212
67,0.026579612333162674,0.00447951158258905,8.706103599885255e-06,0.0003968215449097655,0.0015810097418369512,0.015936865669502257,0.03787351751558948,0.00274088134492564,0.6805409099508494,0.0009747171731826751,0.00010697244540340358,0.0001185611069066072,8.046773095767515e-08,2.832257552066094e-05,0.005285160897425184,0.0005029176402816569,0.00480583361593895,0.00012045717491135114,0.018604146427149915,1.12032710359879e-08,5.5435612244426205e-05,0.12296727935784312,0.002831594191927104,0.0004174887643393359,0.07304318555895863
68,0.016760417701167037,0.0012860203511845575,1.0681118117584386e-05,0.0003145157027797029,0.0019738112525733847,0.018341578918712166,0.06306301736991929,0.013161148427733776,0.7472190248019642,0.0018327384375101073,0.00012094436969807168,0.0003503653884274745,1.862776259884439e-07,1.771397224216866e-05,0.006914572346354674,0.0006547174129048365,0.0026621703756618867,0.000136132507947022,0.008076359651962696,2.4555898615649604e-08,6.39048336001024e-05,0.09317009560110799,0.0011144759900420281,0.00030939503108741163,0.022445987603777307
69,0.06748711292690347,0.001384686197445527,1.2969544581212664e-05,0.00036036884700643896,0.0021583034805112817,0.0034897133637164205,0.03268654262030063,0.006900387585310818,0.7839805353701864,0.0015800547476908296,0.00017643484314859272,8.830982330329446e-05,1.6009350477039113e-07,2.2399782485512925e-05,0.002856623122241052,0.000411104648241065,0.002617345399602179,4.1582915861340065e-05,0.014881471188674611,9.939978682650777e-09,1.2685488799596273e-05,0.05169947801776339,0.0005975101604797244,0.00018091578443943038,0.026373294107823936
70,0.018642833012688757,0.000726189611580165,1.0984748551413143e-05,0.0005459398946816388,0.0014145325879659364,0.004237090985500039,0.020431511184183838,0.004700623934413792,0.8982107098858909,0.0011394191877163303,0.00017616699163467098,8.269702538758011e-05,7.41097672930072e-08,8.002781896553967e-06,0.0019553940552702147,0.0004361126615177784,0.0006168406977462508,1.924882694759258e-05,0.004258244919072696,9.29422242911321e-09,1.0334907067078568e-05,0.03110463133582132,0.0003949534346317433,3.9770445357318515e-05,0.010837683480486726
71,0.07282916482745039,0.0010607434574742556,1.2842983216882541e-05,0.0003345899606875608,0.0022382282354828126,0.0033030846531545547,0.04149845375084942,0.007125082336970425,0.7768468091702967,0.0017455733805487438,0.00015805508312967704,8.8064661458923e-05,1.7940872738050438e-07,2.2554093877872647e-05,0.0023601999617605908,0.0004095228700037593,0.0027697159123031855,3.7445246610311414e-05,0.013651080641241533,1.0184880693879868e-08,1.1379760066865245e-05,0.04673219491827575,0.0005682000577134004,0.00020735289760617155,0.025989471546212086
72,0.0683361984213836,0.0005707909086554567,1.5241025066759261e-05,0.0004084935891883737,0.0022808176368716037,0.006218559589737181,0.10071086032522791,0.013177412300906407,0.72472650202603,0.0016189915221089186,8.672820975230321e-05,0.00013762813718567457,4.272855244146396e-07,1.9430020619612055e-05,0.0014914298731142587,0.0014163446941738488,0.0033920008277165403,6.965615954439165e-05,0.016525464255181834,1.3731663374898363e-08,1.6739157155461184e-05,0.0467530102331224,0.0004891758385831488,0.00038604967672156747,0.011152034554765067
