,0,1,2,3,4,5,6,7,8,9,10,11,12,13,14,15,16,17,18,19,20,21,22,23,24
0,0.00649617501650458,0.057564022666504504,7.677483797832543e-07,6.167287208397405e-05,3.536300917682014e-06,0.00010237389012483044,0.2010953611242105,0.029476735936546764,4.4584845764170604e-05,5.762945227421023e-07,0.02437289545514813,0.055914687279330945,0.0005351327263977461,1.7166843811964083e-05,0.0006597397710902313,0.0005799967719851471,0.025218490861662144,8.69560386673426e-06,0.020367217636590534,2.8792461219292003e-09,0.00012074840500859862,0.5771057007030332,3.0607114529919667e-07,4.256299016070929e-08,0.00025336973313350066
1,0.0027056922267084484,0.029123774816291415,4.15738610831856e-07,2.4862856267323834e-05,1.6234473408170842e-06,0.0001657157632191048,0.1300595537834626,0.022874835868971228,0.0001241893937964383,1.236281850585327e-06,0.014682173033072158,0.019280084734262726,0.0003678245161888557,2.2541228528018344e-05,0.0008381975520640686,0.00031780373737345447,0.0041396791592530026,6.774361937249664e-06,0.027217232122933675,2.9885860082248755e-09,8.356333598847836e-05,0.7477037143197919,1.8156326430380285e-07,2.466519404353977e-08,0.00025830250504323805
2,0.0022569580769275926,0.032524469521780654,3.37301600606254e-07,2.0846648570277945e-05,1.7185230182863725e-06,0.0001248478521351479,0.08956500334949816,0.020790556644935832,0.00010738597982709225,9.968237136918676e-07,0.01630256696951295,0.021353252700794165,0.0002698357305511926,2.8888742973141992e-05,0.0009816852219517792,0.00022662628957445354,0.004106942962070626,4.386644176316395e-06,0.016061398184135618,2.842687507545364e-09,5.84021901942287e-05,0.7949067235353393,1.4570006766382104e-07,1.9371344627425576e-08,0.0003060021926190548
3,0.002903651976407526,0.03207168013032842,3.566963189187485e-07,2.2979640530882686e-05,1.5972784374917572e-06,0.00013283015638456663,0.1031222356835067,0.020484168574519318,9.01241387144122e-05,8.801107605811004e-07,0.016845330416255355,0.020950948814119012,0.0003215525476083608,2.1808068843997135e-05,0.0007575788381422651,0.00023861013047919726,0.0050439326160630045,5.417466890339843e-06,0.018827268322392725,2.4485192821009956e-09,6.842644594046976e-05,0.777845942345618,1.6285601810593515e-07,2.049690681605196e-08,0.00024249380029416903
4,0.002798089525198261,0.03310983709656665,3.7055389873599884e-07,2.2825749267133644e-05,1.5821819251881254e-06,0.00011817950170035591,0.10307388169168855,0.02004334949526427,9.186313645772791e-05,8.923927010606186e-07,0.01644110745094591,0.02050012352609411,0.0003631596183627323,2.4258703040316102e-05,0.0006713270105619711,0.00021932665635423043,0.0046874358849738045,5.701985936441585e-06,0.018124879583935768,2.711100669320727e-09,7.249091622698792e-05,0.7794045390604896,1.5426952982741188e-07,2.134139825708735e-08,0.00022459995638135418
5,0.003470129036949467,0.03519001614912652,4.447775007377228e-07,3.280428336925469e-05,1.9586518099266583e-06,0.0001542768659302745,0.11637759524228643,0.02373220958404227,0.00010234820179622136,1.1329011525678777e-06,0.018257653889199626,0.020664075084608453,0.0003983666306859792,2.6121890710651394e-05,0.0007211263190990814,0.0002546867122680174,0.005613125953205514,8.809973391061383e-06,0.022669400322499724,3.1510163780235137e-09,8.91122031917428e-05,0.7520160356415884,2.288897896832211e-07,2.546252134963142e-08,0.00021831218226094003
6,0.002903651976407526,0.03207168013032842,3.566963189187485e-07,2.2979640530882686e-05,1.5972784374917572e-06,0.00013283015638456663,0.1031222356835067,0.020484168574519318,9.01241387144122e-05,8.801107605811004e-07,0.016845330416255355,0.020950948814119012,0.0003215525476083608,2.1808068843997135e-05,0.0007575788381422651,0.00023861013047919726,0.0050439326160630045,5.417466890339843e-06,0.018827268322392725,2.4485192821009956e-09,6.842644594046976e-05,0.777845942345618,1.6285601810593515e-07,2.049690681605196e-08,0.00024249380029416903
7,0.003745951222765061,0.02710316539760413,3.728938041945101e-07,2.0257276265659884e-05,1.3155010883003863e-06,0.0001101976586595048,0.10041025930284284,0.019215068030960323,7.325666896461508e-05,7.288325356495816e-07,0.017653361400581206,0.01669439941735041,0.0004372013207506594,1.6205361697786906e-05,0.0005823890005862112,0.00019877210477353005,0.004286919027376643,5.974365005333299e-06,0.017950580650339318,2.4672857661839843e-09,6.328645090455027e-05,0.7912652028561286,1.2370200167695565e-07,1.8141365840128607e-08,0.00016499094836226196
8,0.005620720637759791,0.05193832918115491,9.629413606731502e-07,3.894106859289386e-05,2.5971867881518483e-06,0.00017210513334333584,0.07545511265152499,0.02038496800758924,0.00013475036138550824,1.7243166904892788e-06,0.019631925801590424,0.033254299564387996,0.00038642576198026125,4.018225552134522e-05,0.0011101966544393989,0.0003433261484958122,0.008931449977699908,5.638691937468336e-06,0.013050365460131687,3.7068641766114395e-09,7.038410064231207e-05,0.7688981196420052,3.2853039483189095e-07,5.302512608713095e-08,0.0005270891925931848
9,0.003157998779072429,0.06138572675310516,8.819385824197499e-07,3.750388519711046e-05,2.0376699900222628e-06,0.0001626904366533192,0.07825172886904644,0.024793570559615626,0.00015009399198324618,2.6838838690614345e-06,0.015576440118869054,0.028349084761944,0.0003846177430374619,5.3500817858991265e-05,0.0011169841914675284,0.0004318230207983202,0.007352585787788279,6.23253579831119e-06,0.018563799880068583,4.751657787499559e-09,8.606348816475507e-05,0.7596046400033533,2.909071765723403e-07,4.821413581027324e-08,0.0005289670107664097
10,0.002903651976407526,0.03207168013032842,3.566963189187485e-07,2.2979640530882686e-05,1.5972784374917572e-06,0.00013283015638456663,0.1031222356835067,0.020484168574519318,9.01241387144122e-05,8.801107605811004e-07,0.016845330416255355,0.020950948814119012,0.0003215525476083608,2.1808068843997135e-05,0.0007575788381422651,0.00023861013047919726,0.0050439326160630045,5.417466890339843e-06,0.018827268322392725,2.4485192821009956e-09,6.842644594046976e-05,0.777845942345618,1.6285601810593515e-07,2.049690681605196e-08,0.00024249380029416903
11,0.0029501724666800557,0.03164106262567817,3.609055118400921e-07,2.3292914915662837e-05,1.599300249486997e-06,0.000125387034494818,0.10539491430804687,0.019547873839731302,8.891526134791569e-05,8.436573514952167e-07,0.01656813827758387,0.02113094106189448,0.00035984808626056506,2.1013003528133918e-05,0.0007225219102505565,0.00023954313274706182,0.004916520691488965,5.484943391595894e-06,0.018704903204054924,2.6388533192587983e-09,6.835474947084274e-05,0.7772583157826687,1.5791936923188018e-07,2.2270854887483695e-08,0.00022981001357523577
12,0.0030312024500714634,0.03269630734518356,3.947868729879456e-07,2.2202450890007902e-05,1.907826132297344e-06,0.0001403201146060635,0.10313211146811675,0.019865716764922936,9.690379997773257e-05,9.002323454319818e-07,0.01847857711566557,0.022357230825373445,0.00031525027060893055,2.4457608455992675e-05,0.0007677782604957345,0.00022777383152768898,0.005423392503399697,5.3565615341560736e-06,0.01695657084211182,2.6317255036188997e-09,7.365027609172716e-05,0.7761110951978679,1.7781371902627607e-07,2.2678822065777882e-08,0.00027069634348178854
13,0.0017041918020936785,0.02436844774321998,1.8528024982998745e-07,7.928954445887473e-06,1.1356927152609092e-06,4.5303346310903893e-05,0.05042034673503459,0.016599440495543155,5.081472110864846e-05,3.1366250598283244e-07,0.02450154389147517,0.027681822389396246,0.00018975378814800253,2.471826894820269e-05,0.0006978901631562879,0.00011353997762798173,0.0032121757500478787,1.971147891318187e-06,0.007024198595334608,1.7656804074419223e-09,3.3336220942305616e-05,0.8430443066282713,4.826417105218658e-08,9.824146944477462e-09,0.0002765748915344278
14,0.0024599702443899476,0.10046625661886616,4.0870388340341993e-07,4.205466743855007e-05,4.276010201679969e-06,7.797854499030418e-05,0.09777296157579088,0.013521420492118963,6.192585029110485e-05,1.2684119019642082e-06,0.02906532709895598,0.012301540154872777,0.0006782278655264947,3.303827529031635e-05,0.0003707647380844011,0.00012722823170670112,0.009443554234503276,1.1543115373812855e-05,0.0416273313094599,3.344087700053543e-09,0.0002605454868575087,0.6915549382347411,2.1034655900843667e-07,3.314795351557659e-08,0.00011719329615445628
15,0.002903651976407526,0.03207168013032842,3.566963189187485e-07,2.2979640530882686e-05,1.5972784374917572e-06,0.00013283015638456663,0.1031222356835067,0.020484168574519318,9.01241387144122e-05,8.801107605811004e-07,0.016845330416255355,0.020950948814119012,0.0003215525476083608,2.1808068843997135e-05,0.0007575788381422651,0.00023861013047919726,0.0050439326160630045,5.417466890339843e-06,0.018827268322392725,2.4485192821009956e-09,6.842644594046976e-05,0.777845942345618,1.6285601810593515e-07,2.049690681605196e-08,0.00024249380029416903
16,0.0023271667080839646,0.02851559950016411,2.4279842044985974e-07,1.6789721840793415e-05,1.0099924476202637e-06,8.654042992095444e-05,0.07430493221905769,0.019999811044030768,6.329803114718627e-05,6.506059870613505e-07,0.015254900532827688,0.021650431574193767,0.00024611221197162964,2.113410819694138e-05,0.000741557862824707,0.0002063104458580429,0.004303689774233523,4.170456756762634e-06,0.014733497693803601,1.870233857896106e-09,4.539481654111632e-05,0.8172567884437059,9.93203439244989e-08,1.2111986231823834e-08,0.00021985772542185025
17,0.003759945867796859,0.03315694918983873,4.81688262987494e-07,1.941814142674801e-05,2.3133274262914176e-06,0.00010740266405757034,0.13585697339346625,0.018413825804570495,9.364327536033638e-05,5.917896796756508e-07,0.022978753429130222,0.029409882509415255,0.00043215035949389615,2.9675957979533543e-05,0.0004180022609637967,0.00016463921550819536,0.0061889981071254,6.563140048897097e-06,0.012032447769902158,2.8563481574918197e-09,0.00010352550624228927,0.7366041739469069,1.7916927535036753e-07,2.7590216744042175e-08,0.00021943303955725092
18,0.0022504399240808447,0.03565357567065886,4.108121347640572e-07,1.4471827418870144e-05,1.3933793123497928e-06,0.00011846743784198256,0.11763224955692796,0.018554168293347363,8.660038327292496e-05,8.295276824229135e-07,0.016538718482912097,0.035599499196288825,0.00025062116086463885,3.1808420511167755e-05,0.0009441962897546164,0.00034783630228245446,0.006942077547581818,3.940697072428829e-06,0.01726518278057365,2.4598095880836926e-09,8.808332637879085e-05,0.7471505838915933,1.7810247765836933e-07,2.4637747741374813e-08,0.0005246398914727765
19,0.0017843411630399765,0.03499658954274083,2.512422654446792e-07,3.1817428214474226e-05,1.7666203902835227e-06,0.00015913139386482372,0.09471439192036994,0.016434272086995785,0.00011625318799658202,1.092955359433927e-06,0.010470275297702688,0.018871251615293124,0.00027534177250425926,1.9998790907874963e-05,0.0008811207908209728,0.00022383698659600746,0.0037384911014351108,3.7197515148037958e-06,0.01826249562841334,2.3954541419453082e-09,4.138614734336718e-05,0.7987487335913713,1.4450875908255534e-07,1.9508513958677753e-08,0.00022327457213227526
20,0.001558730372187771,0.025254175764615378,1.736000678328436e-07,1.5553937666919273e-05,9.149510533249631e-07,8.719089175385374e-05,0.05947536492066456,0.01615796629362806,6.832607502311471e-05,6.993035905885221e-07,0.011649973586671379,0.011353654986564817,0.0002488449433351348,1.750655210301634e-05,0.0006224677875328688,0.00012763390002130004,0.002542810217929135,3.12383825579641e-06,0.013953905816305765,1.925037719135722e-09,3.744764205810353e-05,0.8566823859023837,7.51934330661634e-08,9.935053337602234e-09,0.00014106166306354553
21,0.005897724535801183,0.04031796879496024,8.618625546159141e-07,2.8829106352530584e-05,2.0125995760714694e-06,9.768064694854416e-05,0.14145850917453118,0.028612772355140627,8.865908796597318e-05,9.124574709661458e-07,0.023286625210038898,0.0452287075567784,0.0005665451252497202,3.816451678084946e-05,0.000546414303406341,0.0003807012173724745,0.008798211548036268,1.1536542143336896e-05,0.016491740619052318,3.765503474377453e-09,0.00012609184334060375,0.6876993145643938,2.3819388431113235e-07,3.989947286055653e-08,0.00031973447324437366
22,0.004069487998828085,0.03239641234147857,4.932306444401181e-07,2.190444367916127e-05,1.35679306143805e-06,0.0001294614103941951,0.07930702658106885,0.02837410468541985,5.267151320293151e-05,1.1004210567964744e-06,0.019428222600482783,0.015608310959691897,0.00033819536300798593,2.1930316818932964e-05,0.0004915308688821925,0.00023361064804488962,0.008445253961493858,8.949987499841356e-06,0.019325218952366916,2.519565579671572e-09,0.00010334959188314143,0.7914725506576248,1.9567474806246928e-07,1.5271398082918715e-08,0.00016864320765683612
23,0.002903651976407526,0.03207168013032842,3.566963189187485e-07,2.2979640530882686e-05,1.5972784374917572e-06,0.00013283015638456663,0.1031222356835067,0.020484168574519318,9.01241387144122e-05,8.801107605811004e-07,0.016845330416255355,0.020950948814119012,0.0003215525476083608,2.1808068843997135e-05,0.0007575788381422651,0.00023861013047919726,0.0050439326160630045,5.417466890339843e-06,0.018827268322392725,2.4485192821009956e-09,6.842644594046976e-05,0.777845942345618,1.6285601810593515e-07,2.049690681605196e-08,0.00024249380029416903
24,0.0021205498136104223,0.04754305729068797,2.915738262738133e-07,3.936643863618843e-05,1.5400920431910946e-06,0.00012076803355655842,0.09574181628741989,0.022221460305443107,8.39028949969316e-05,1.2144240086875098e-06,0.013352348304673035,0.017694499384610575,0.0003286346756506993,2.500154655186619e-05,0.000790886254767532,0.00025066933045941626,0.005501209875482567,6.506552428332936e-06,0.027404375777175614,2.4678453727242736e-09,7.017551933661219e-05,0.7665080200816253,1.8205902216884872e-07,1.8895232306741374e-08,0.00019350212090953306
25,0.003542130198739851,0.023620196232340643,4.436958794486193e-07,2.15839662940231e-05,2.0502037761497605e-06,0.00011277339397814789,0.14989430273788334,0.0422638909097965,6.994525814449736e-05,5.84164856781725e-07,0.031084248483175238,0.030114063012539802,0.0003898127335581212,2.8121541325783654e-05,0.00042270092084744943,0.00021351552511603405,0.005804424592144851,1.1397911798357392e-05,0.013857872229676117,3.7134409465271523e-09,0.00010432024211466235,0.6982755673721435,1.6479775375345507e-07,1.669520297665262e-08,0.0001658694674730221
26,0.00768961828211403,0.04351155535267889,1.1741944701966848e-06,5.0740911903703033e-05,4.023261818508355e-06,0.0002949923852503731,0.15417432731216668,0.02302322377106151,0.00022462716252117455,1.8915641256165273e-06,0.02544407566247991,0.028766018109942778,0.0005968718093372749,4.0978986145296356e-05,0.0007816274304605184,0.0003220472508398101,0.008279542871588727,1.5257049015795749e-05,0.02118346903730853,5.3078628792534305e-09,0.00014587925529551765,0.6851022011826755,6.145210155397953e-07,7.813766625722911e-08,0.0003451591902549351
27,0.0018493577065986793,0.022886379504769103,1.8751660162199523e-07,1.836112399342709e-05,1.1095224994911039e-06,0.00013149007597452238,0.06906142561294691,0.01581829272542729,0.00010515614758757757,7.6619160709637e-07,0.01133895901447177,0.01420577874456652,0.00023077265418281135,1.5462392335031425e-05,0.0008154811288645431,0.00016128196310200284,0.0022520368092038352,3.1321308624513114e-06,0.015028843049930482,1.890016908114336e-09,3.075375987252158e-05,0.8458577717165527,9.375853378740413e-08,1.379160833474824e-08,0.0001870910678906181
28,0.002903651976407526,0.03207168013032842,3.566963189187485e-07,2.2979640530882686e-05,1.5972784374917572e-06,0.00013283015638456663,0.1031222356835067,0.020484168574519318,9.01241387144122e-05,8.801107605811004e-07,0.016845330416255355,0.020950948814119012,0.0003215525476083608,2.1808068843997135e-05,0.0007575788381422651,0.00023861013047919726,0.0050439326160630045,5.417466890339843e-06,0.018827268322392725,2.4485192821009956e-09,6.842644594046976e-05,0.777845942345618,1.6285601810593515e-07,2.049690681605196e-08,0.00024249380029416903
29,0.002903651976407526,0.03207168013032842,3.566963189187485e-07,2.2979640530882686e-05,1.5972784374917572e-06,0.00013283015638456663,0.1031222356835067,0.020484168574519318,9.01241387144122e-05,8.801107605811004e-07,0.016845330416255355,0.020950948814119012,0.0003215525476083608,2.1808068843997135e-05,0.0007575788381422651,0.00023861013047919726,0.0050439326160630045,5.417466890339843e-06,0.018827268322392725,2.4485192821009956e-09,6.842644594046976e-05,0.777845942345618,1.6285601810593515e-07,2.049690681605196e-08,0.00024249380029416903
30,0.002903651976407526,0.03207168013032842,3.566963189187485e-07,2.2979640530882686e-05,1.5972784374917572e-06,0.00013283015638456663,0.1031222356835067,0.020484168574519318,9.01241387144122e-05,8.801107605811004e-07,0.016845330416255355,0.020950948814119012,0.0003215525476083608,2.1808068843997135e-05,0.0007575788381422651,0.00023861013047919726,0.0050439326160630045,5.417466890339843e-06,0.018827268322392725,2.4485192821009956e-09,6.842644594046976e-05,0.777845942345618,1.6285601810593515e-07,2.049690681605196e-08,0.00024249380029416903
31,0.004489237197009849,0.03524889310030944,5.870009265521599e-07,2.3465285873053907e-05,1.26340049853252e-06,0.00011651351635209476,0.10162202537046809,0.03810019370450958,6.586009026968998e-05,1.0654513453225552e-06,0.01854730506528849,0.02296082617039962,0.0003663361977880022,2.485506719215338e-05,0.0005198452934503365,0.00032429225174342445,0.007130262188864439,9.077817875811083e-06,0.017705729299491043,2.6268101704980182e-09,9.354200074759583e-05,0.752433212687024,1.7658389627761286e-07,1.7960393245952374e-08,0.0002154146714730804
32,0.002623943296112293,0.03132168801700207,3.2952913913035245e-07,2.3800791363958622e-05,1.5286237921768492e-06,0.00013453695640721968,0.10436399639399657,0.01999379164269631,8.710861679430901e-05,9.131532760575772e-07,0.01603449336877639,0.018999125907055547,0.0003246884613560876,2.029181277644503e-05,0.0008124337500116346,0.0002519639345726473,0.0049888462664480744,5.4578119814009556e-06,0.02246460351660152,2.490703158100373e-09,7.142048555068977e-05,0.7772431746233489,1.6426573247645768e-07,2.0282022459233626e-08,0.00023167600248238894
33,0.0028807229379437236,0.03225594852652397,3.7266961108342473e-07,2.2821405321958587e-05,1.6925224303323388e-06,0.0001444730533162888,0.10210985443766663,0.020130361171422004,0.00010171400698336092,9.723674739728466e-07,0.01678732052571026,0.020168680609670975,0.00030844441800584235,2.343806346568491e-05,0.0008299366072942199,0.0002346244548440216,0.004810303090720852,5.311722156845617e-06,0.018965864556413102,2.5217933333971352e-09,6.902965915616924e-05,0.7798829277715692,1.7264648752108645e-07,2.1151914858301796e-08,0.00026498910210383616
34,0.007712890743515543,0.02047179812490816,5.104373258744164e-07,2.767432275487259e-05,1.993484092517872e-06,0.0001469821428132163,0.126129193851237,0.019466351203704706,0.00011496494905120976,7.024687961820426e-07,0.026504187663255765,0.015102684465117894,0.0005765461228340923,1.5112605713038724e-05,0.0008009063751820158,0.00019730499452454703,0.003946546714028532,1.1014359766759322e-05,0.02551641013127266,2.886406024232935e-09,8.528757368807204e-05,0.7530137806882524,2.0060240312335231e-07,2.931142745285169e-08,0.00015692377792851563
35,0.002881954916441328,0.03235606348755412,3.5791850220729865e-07,2.3071023802369892e-05,1.6206045318511493e-06,0.0001330089743973009,0.10341046255064286,0.020385360302757855,9.056378085483563e-05,8.83954800144529e-07,0.016926896823054458,0.020989578504107324,0.00032117474127263954,2.2070793123635815e-05,0.000766829560030682,0.00023806493534981254,0.00507507093711509,5.375945735033721e-06,0.018843112366117,2.466428876776535e-09,6.893341506240461e-05,0.7772138414134466,1.641448173103816e-07,2.06325925868317e-08,0.00024551580746181797
36,0.00153068530297441,0.022717930146676942,1.4644821237049236e-07,1.6007917628718218e-05,4.1480507616662464e-07,8.034126277502544e-05,0.05537148638900033,0.02470325279361521,5.344012674167371e-05,7.934080506795119e-07,0.006567230918049145,0.014436509352245979,0.00018405485249359886,1.4584639889323624e-05,0.0004907217156416713,0.00022660701347948002,0.003013646451835098,3.807392107027048e-06,0.014751951445151998,1.2727991484157179e-09,2.4931476504382632e-05,0.8556920174434816,6.514256855102125e-08,5.9837309254348305e-09,0.000119366299270527
37,0.0069106889787975,0.03538139069785884,8.921046041158457e-07,2.754296100676537e-05,2.6307650298108396e-06,0.00012486965098094957,0.16601673873495804,0.01978812744512665,0.00012348811776564323,8.660395954687774e-07,0.023989311299076575,0.03410715446802743,0.0006817996506981375,3.17418086933346e-05,0.0005074450209374633,0.0002628681651772799,0.006803223726019768,1.0937458092364892e-05,0.01614426293117515,3.830755908825125e-09,0.00012803875872925268,0.6886839793062627,2.534176178169012e-07,4.952746298064949e-08,0.0002716951355502204
38,0.003391903553391462,0.019073490871821964,3.500849533514818e-07,2.654360990362947e-05,1.102371244569931e-06,0.00023162243716646987,0.18955878382739832,0.022204876094571876,7.79724187239011e-05,9.35142586019323e-07,0.01288058339982273,0.015325515602133043,0.00042128110691628547,1.043265570116018e-05,0.0008628248367897794,0.00046296967955124577,0.005477055153866221,9.489594367371159e-06,0.0413120154895965,2.859331195695444e-09,9.178113497657775e-05,0.6884051866600988,2.4008201039325935e-07,2.122156319308232e-08,0.00017302011151396098
39,0.0029506354342517054,0.02222920615119555,3.3740371399125477e-07,1.8918317378771692e-05,1.1431350428827885e-06,0.00015282783629600076,0.12541059307624736,0.028692539721493153,6.34654388438984e-05,6.933905321005126e-07,0.015894170699903495,0.023056271129660064,0.00029767552765710715,1.4492173872350985e-05,0.000595845130634108,0.0003342901951221817,0.005705493782006878,5.92930514649485e-06,0.018992537667552687,2.28307018588729e-09,7.158354159983324e-05,0.7553051428056526,1.554489438337944e-07,1.646467669549405e-08,0.00020603393950617037
40,0.002950988223049213,0.02703286982160793,3.274363760880568e-07,1.2265643236015557e-05,1.4253761365762331e-06,0.00010294036838218047,0.07340949412171532,0.013723938436035713,7.190984300066924e-05,5.283433594749128e-07,0.016207587919132963,0.02280701545089579,0.0002515489608383899,1.8389495604745268e-05,0.0006813832033708697,0.00015714241590703137,0.004456075885378449,2.485717907650619e-06,0.008495744909356,1.8464168617941953e-09,4.101787123119111e-05,0.8293021074318508,9.464367417007827e-08,1.4846273525152786e-08,0.0002727017892622453
41,0.003059055319125507,0.026739867758768642,2.885110357519308e-07,5.6726071518705785e-05,4.068402212431616e-06,0.00031120172279987696,0.08675263314710958,0.01902768709116971,0.00021897409451894043,1.2599785729618061e-06,0.017436667084910602,0.01899711172012572,0.00020112802907072322,1.761773597273965e-05,0.0024217442861031533,0.00021271591858637015,0.003173776289604429,3.927721438048998e-06,0.01956325964338464,2.4669053339109958e-09,2.5506215386523195e-05,0.8014591152674261,2.1587396083301842e-07,2.380830191880838e-08,0.00031542584199083674
42,0.0012164805768558123,0.01757730397384837,1.0403466690587454e-07,1.1620318632793187e-05,5.719378658114199e-07,8.968826123735714e-05,0.05179069965915721,0.013428355965340083,4.389686265268314e-05,4.859322917200586e-07,0.007907580028163226,0.009823567342500488,0.00019418884648013894,6.655758929408777e-06,0.0005608904289163392,0.0001697878992349137,0.0024845740231200708,1.833139440967021e-06,0.016013028384244326,1.1861453067610305e-09,2.409548834905564e-05,0.8785463796245728,4.769178340562437e-08,7.543041365279203e-09,0.00010815509252945228
43,0.0019971779805407334,0.02477831839883923,2.7825512141854623e-07,2.0743175882445714e-05,1.3151502755806e-06,0.00018510964850845278,0.08096912124977704,0.020402522599197035,9.353160502040955e-05,1.2638037739495018e-06,0.011940251969397762,0.011011094479375516,0.0002549530353642718,1.707169352174398e-05,0.0008290033903716016,0.00022671030282164214,0.0036326247512078126,4.694076671745989e-06,0.022800167968103136,2.490939366022918e-09,6.246979215262419e-05,0.8205798674753381,1.530662674719941e-07,1.5280814198209895e-08,0.00019153836071659477
44,0.002903651976407526,0.03207168013032842,3.566963189187485e-07,2.2979640530882686e-05,1.5972784374917572e-06,0.00013283015638456663,0.1031222356835067,0.020484168574519318,9.01241387144122e-05,8.801107605811004e-07,0.016845330416255355,0.020950948814119012,0.0003215525476083608,2.1808068843997135e-05,0.0007575788381422651,0.00023861013047919726,0.0050439326160630045,5.417466890339843e-06,0.018827268322392725,2.4485192821009956e-09,6.842644594046976e-05,0.777845942345618,1.6285601810593515e-07,2.049690681605196e-08,0.00024249380029416903
45,0.0019941443123880687,0.018984019320237387,1.9798980094462377e-07,3.00345852984745e-05,1.669277142491792e-06,0.00019410653159600432,0.14631246112894242,0.019613675701354246,0.00011352487492661439,7.023764805856576e-07,0.013102958595882702,0.01704450459432896,0.00029727726382112866,1.1191796872047966e-05,0.0012273192850974022,0.0002756246427978918,0.0028989375373154685,4.381247632335742e-06,0.0253807349204087,2.6454519430833126e-09,3.8622134390805996e-05,0.7522914697295282,1.371472477006921e-07,1.746716583635154e-08,0.0001822848938915103
46,0.0035059146146541403,0.03131171351449759,2.5298834926710764e-07,2.0952705386432077e-05,9.485572058712242e-07,8.296092174227987e-05,0.06197836259931855,0.016952320226886954,2.1079535438635127e-05,3.879805963756646e-07,0.01409996734309561,0.02618278106610443,0.0002566819506075113,7.922269240906728e-06,0.0005504687674248666,0.0003051512291830879,0.014220063718179046,2.7863419812157736e-06,0.012143575137326317,1.2901496517323634e-09,3.922667418274681e-05,0.8181451612237186,1.1423388479442056e-07,1.3064581358733998e-08,0.00017119204626374088
47,0.0027681731222975,0.03104150582237487,2.8294130811206357e-07,1.575117859246721e-05,1.0303576690681042e-06,9.009000074787142e-05,0.08004177385992846,0.016713080903819656,6.65658095441901e-05,6.361690913625661e-07,0.01332348110826582,0.021612237775098745,0.0003115540450102681,1.577497520038431e-05,0.000566473458178701,0.00022288117474559367,0.004357401237721843,3.6118896457476215e-06,0.01368664977478503,1.8315087063426226e-09,4.468677723384048e-05,0.8149072497985292,9.39380679524e-08,1.6776498835662874e-08,0.00020899527413586908
48,0.0066246978968265875,0.0023165278504573214,1.105987126507439e-06,5.9656584786725576e-06,2.0834353781569796e-05,0.0004715248572047492,0.4348305911676332,0.008224544763229008,0.002312757232713578,2.982486631657643e-07,0.13403274468641418,0.05676438867033251,0.0005119216136483575,5.758276252964933e-05,0.0016032758471098696,8.194708203907492e-05,0.0003122292162032469,9.601197376160466e-06,0.0064322410918579535,1.2583556680081347e-08,0.00014054717370724735,0.3439860543021199,3.052354971197502e-07,2.5213437650649803e-07,0.001258048387117127
49,0.0032452049628205817,0.02733057881865787,3.8920706373142996e-07,1.9960183555214487e-05,1.666938008540725e-06,0.00015835628432500312,0.10184755125841909,0.021953629753725525,9.050988399755217e-05,7.850728869871935e-07,0.01748773786755761,0.023860012548056475,0.0003043119688867146,2.0463583595302e-05,0.0005813317585990802,0.00021687402084748057,0.0048544067446830595,5.365510693335395e-06,0.013145674985046148,2.481925884708771e-09,6.145430276294134e-05,0.7845798671942651,1.6017310847625426e-07,1.9524250695993007e-08,0.00023368497226181352
50,0.009686381231722713,0.039570118807421464,5.645782538472066e-07,4.2465094006080956e-05,4.327936090087314e-06,0.00027065928548439895,0.10572896140069421,0.01640294246635164,9.707044909578625e-05,5.317129442819129e-07,0.05247000635454349,0.05420263959140734,0.00032353506461551347,1.8442476550920996e-05,0.0014567895870769196,0.0003664058739186771,0.016559066790685358,8.365383311172495e-06,0.01506831969290156,3.0586313467548148e-09,7.829162185451921e-05,0.6871567961947569,5.960127131820111e-07,7.152304046714846e-08,0.00048664781192821367
51,0.003624184254211403,0.025568169135003888,4.33843623877523e-07,2.171321271689512e-05,1.949383176162367e-06,0.0001757741881839048,0.14211055767360306,0.020066879037343773,0.00010404976236399738,8.287566801279063e-07,0.02008673878594353,0.023343553709372588,0.0003542793152684468,2.0203992251034307e-05,0.0008239471208133351,0.0002822521514216672,0.00581796698684344,6.47234423474952e-06,0.021150604043606597,2.7848435186159437e-09,9.035079378296194e-05,0.7360674085320671,2.216409349484991e-07,2.7214663024101486e-08,0.0002814313370460703
52,0.002455231501525078,0.016648309304990106,1.9472432587867294e-07,2.94417704958235e-05,4.97126322541199e-07,0.00017825308152066797,0.042890183484433214,0.02542374042419702,7.935473967966848e-05,2.227204355953827e-06,0.007783868926401288,0.005810275186979525,0.0002779601309042911,1.1141300195043964e-05,0.0009622206459442439,0.00030507401255271534,0.0021230203939372415,1.047149874532025e-05,0.038288144113204914,2.5784058923094015e-09,2.8953405835624484e-05,0.8566022107572492,1.1880741180590693e-07,9.577354013260755e-09,8.909530303283496e-05
53,0.0017248489142167938,0.10668620683921944,2.7306258294945504e-07,2.5708723736754712e-05,7.15166233068504e-07,2.186588353086135e-05,0.0008928712943462386,0.005568792320765873,1.116600751446551e-05,6.15165317956498e-06,0.005084977820824071,0.0008419223374940817,0.0001636534050805837,1.1412005333814072e-05,0.0002854272332263802,6.212601164139086e-05,0.006649972193723033,1.8658068880719197e-06,0.0189400776919115,7.639281643484633e-10,3.323901266346022e-05,0.8529452835867539,3.421394198193517e-08,9.225810163896844e-09,4.139882545329065e-05
54,0.0019698564512437536,0.03975047999448883,3.1889365770328065e-07,1.719005839595598e-05,1.36567188642245e-06,0.00010149731605112129,0.0829864292303711,0.018112432361681446,0.00010366807290213982,9.54098504444076e-07,0.013582570844482866,0.029196097053575277,0.00023536360647509244,2.9693002609734943e-05,0.0010273626426629157,0.00027503222979980156,0.004215192333638301,3.013902293024214e-06,0.014386175140961056,2.231553263122047e-09,4.5734556627180674e-05,0.7935295951632493,1.1513480401732174e-07,1.940105677133816e-08,0.00042984060702836363
55,0.0035637945981670757,0.027619963683900992,4.099677756706162e-07,2.586989052275755e-05,2.339559412950969e-06,0.00015356020936792758,0.1880197701021971,0.019339655591596182,0.00014536786994990208,6.124970681443099e-07,0.020860143436936904,0.04223434234711363,0.00040034473979050616,2.310180962190864e-05,0.0007154343307212768,0.000276736989858271,0.004374927891113957,6.5994074119013165e-06,0.017175278219735086,2.795859121996615e-09,6.993743462112473e-05,0.6746766247199538,1.9573231580414923e-07,3.672012772691951e-08,0.00031494945486018746
56,0.002910064530990106,0.031656465381106946,3.563754111993607e-07,2.2640099934530123e-05,1.563915244727269e-06,0.00012814089633887712,0.10320986160564688,0.02011714672037971,8.89733498459559e-05,8.550913682927163e-07,0.016675496692682493,0.02094289460949511,0.00033636145713478074,2.158570294696986e-05,0.0007225787200623342,0.00023395841031374138,0.0049208940986686656,5.44633682868275e-06,0.018452494901032478,2.5116894522678508e-09,6.822462366287272e-05,0.7792498406734182,1.5871664009645598e-07,2.0895468218702365e-08,0.00023397368368865132
57,0.0019407531017150048,0.036296092455638,2.87700208371759e-07,1.907759174981651e-05,1.2189531683824418e-06,9.412244215444108e-05,0.1101619238338324,0.016870179508940014,6.855589743179348e-05,7.941835226504767e-07,0.013614438806408757,0.02043713591393415,0.00037308716428975484,1.699914215988622e-05,0.0006650815835839165,0.0003037209260540993,0.005136205721839573,4.334154770270908e-06,0.02818830132972036,2.2672786521836026e-09,8.141317491218836e-05,0.765499474176619,1.164837670452595e-07,2.1685622451398166e-08,0.0002266618006789285
58,0.003031046188908818,0.03375728637928803,4.045743138357194e-07,2.514628927044566e-05,2.024713263406288e-06,0.00013872186228018488,0.11782721327695778,0.01784035998511519,0.00010702408041954309,8.976640989635902e-07,0.018063299879779754,0.02328200202652816,0.0003906978568067955,2.309877406612431e-05,0.0008027829811386087,0.0002543837007659242,0.005114363206095994,5.647456161639358e-06,0.020427615660194066,2.991684436283824e-09,8.049593216145582e-05,0.7585497655249906,1.8926410293545495e-07,3.060814210183041e-08,0.00027549912346509564
59,0.003124007217654798,0.03546345174380966,4.4411974574134363e-07,2.4339243018023428e-05,2.0000637514938393e-06,0.00014116111200521587,0.11322487456106294,0.019110243064404668,0.00010504333768547406,9.841893138742792e-07,0.017846993701678776,0.023185916157846206,0.00037359118890172775,2.481315616177634e-05,0.000770331881546284,0.00026083562996563663,0.005467443966118063,5.738300603714616e-06,0.019490858758809976,2.942419164768447e-09,8.476979868298707e-05,0.7610047450710326,1.9287301398510724e-07,2.9358099230138533e-08,0.00028718856266817097
60,0.002903651976407526,0.03207168013032842,3.566963189187485e-07,2.2979640530882686e-05,1.5972784374917572e-06,0.00013283015638456663,0.1031222356835067,0.020484168574519318,9.01241387144122e-05,8.801107605811004e-07,0.016845330416255355,0.020950948814119012,0.0003215525476083608,2.1808068843997135e-05,0.0007575788381422651,0.00023861013047919726,0.0050439326160630045,5.417466890339843e-06,0.018827268322392725,2.4485192821009956e-09,6.842644594046976e-05,0.777845942345618,1.6285601810593515e-07,2.049690681605196e-08,0.00024249380029416903
61,0.003497999213428003,0.03458847659062464,4.986657993484497e-07,2.4948491821293007e-05,2.136895295360028e-06,0.0001479621124268218,0.1174294507008781,0.01990034828590742,0.00011625258656506929,1.0328157520727703e-06,0.018910441711550662,0.023506780172798693,0.00039703081555471543,2.6347067353308322e-05,0.0007423334867015629,0.0002562499642392988,0.0053042035015906305,6.441846661007872e-06,0.019403756950207008,3.090532102838303e-09,9.060871190063866e-05,0.7553572324016952,2.0558110204172984e-07,3.199605318495615e-08,0.00028922634356185834
62,0.002903651976407526,0.03207168013032842,3.566963189187485e-07,2.2979640530882686e-05,1.5972784374917572e-06,0.00013283015638456663,0.1031222356835067,0.020484168574519318,9.01241387144122e-05,8.801107605811004e-07,0.016845330416255355,0.020950948814119012,0.0003215525476083608,2.1808068843997135e-05,0.0007575788381422651,0.00023861013047919726,0.0050439326160630045,5.417466890339843e-06,0.018827268322392725,2.4485192821009956e-09,6.842644594046976e-05,0.777845942345618,1.6285601810593515e-07,2.049690681605196e-08,0.00024249380029416903
63,0.002611289259182041,0.0362712897122069,3.2863249902301585e-07,2.2518789031037356e-05,1.4624088439163168e-06,0.00011714167596513423,0.09059349445755384,0.01946616837750986,8.261373623136165e-05,9.030462995438694e-07,0.01542402258618963,0.020058385579124673,0.0003106693862058824,2.178369989083939e-05,0.0007350220601641496,0.00023323843497310696,0.005051513888357773,4.852647904875463e-06,0.01858582465408716,2.3170568858372837e-09,6.357496560673553e-05,0.7901066834974915,1.4644184506421738e-07,1.936693436801596e-08,0.00023705037884490913
64,0.0030919920452270426,0.03527750373380233,4.4767468633793247e-07,2.3023686932811553e-05,1.785943343807238e-06,0.00012864247220053263,0.12105252643334682,0.020989342975570115,8.608354255257787e-05,9.295959245503916e-07,0.018419405470030105,0.0213664212229893,0.00038626299246852046,2.470787716291027e-05,0.0006933765434751481,0.000262551647112719,0.00622732344180736,6.4630779794256974e-06,0.021710974022307223,2.8625026367151493e-09,0.00010437765280266564,0.7498948707288077,1.9214165571167898e-07,2.4442059339664547e-08,0.0002507677732523253
65,0.0030917545347452983,0.028114488975687087,3.2847552272272863e-07,2.7181618352203537e-05,1.719490537840344e-06,0.00016741696516646906,0.12129521213776623,0.021500139316920734,8.367306592515457e-05,8.205224322622058e-07,0.018423502521906162,0.020508128083221326,0.0003142561146288222,1.7293727493952295e-05,0.0008799774863854853,0.00027232898544713336,0.005831719064687528,6.290872270941649e-06,0.023836446189702307,2.4245501797191567e-09,7.254676941361341e-05,0.755327469986563,2.0117335464075002e-07,2.0559908664743027e-08,0.00022708093741019588
66,0.002391667394529244,0.03541312287208887,2.787578312540533e-07,2.474480993152558e-05,1.5544637091701173e-06,0.0001478179016746733,0.09263378571210751,0.018105717096990343,8.935245195284668e-05,8.907662256960692e-07,0.015781956507877854,0.02064793139734433,0.0002476286418785588,2.1465508042687206e-05,0.0009427027934238326,0.0002374215100416978,0.005559045324198666,4.542639292059346e-06,0.020976624661335447,2.060182697008492e-09,6.267071182138536e-05,0.7864296162262624,1.9130539986350702e-07,1.996785178320847e-08,0.00027924851800576616
67,0.013455699943876097,0.05051417036157328,4.547170259048143e-06,7.094179847626659e-05,4.1638342377552e-06,0.00035050783054148434,0.24083076609947915,0.04984005397149099,9.709613943742296e-05,3.502017130224365e-06,0.04204739290134247,0.02547060531409955,0.0010058221795873018,7.778205215645257e-05,0.0007303433039047435,0.0006970826274634823,0.037912634761141206,5.555004993843086e-05,0.04064446128161116,1.2840695437072493e-08,0.0009935289519520877,0.4947750346906121,2.5604749884695584e-06,1.0507186044477586e-07,0.00041563433214500227
68,0.004353727674912972,0.0512696463101453,2.4017638269886254e-06,5.291715117920079e-05,8.47735639689724e-06,0.0005232104961557864,0.2534317727565748,0.01674397467207178,0.0010160812077159064,3.2830195329292344e-06,0.025460182337599748,0.09080760006820049,0.0005001363972599844,0.0001825412632335278,0.0016236029436383485,0.00032781736223570925,0.004918650491088556,8.307521278548327e-06,0.00884762768929166,1.1746430989526894e-08,0.00010090561360183123,0.5380888067886236,9.544421184508608e-07,1.7952046194850682e-07,0.0017271834064242835
69,0.004668469295799828,0.030782106971907627,1.5166410731560832e-06,2.923824462328226e-05,2.3211286723091636e-06,0.00021759932358798867,0.23061580624097794,0.055514946996587496,0.00014834122455530588,2.1485257409919497e-06,0.02536513779425948,0.030946300731515105,0.000555240488643039,7.42736012302304e-05,0.0005388114326116338,0.00045216757448693796,0.007384842540612433,2.8238528932302172e-05,0.026685376363506617,7.586040700204667e-09,0.0003516804282229057,0.5852629301390767,5.356770809053894e-07,4.185213119292846e-08,0.00037192066812393723
70,0.0037164495704907264,0.030137859042728588,5.594942208049615e-07,6.371583530419709e-05,7.742372666296412e-06,0.0002861755854736051,0.2065398627833813,0.021622602451544393,0.00030665256020306355,8.77276440697458e-07,0.02946574649431855,0.029034947127547832,0.00035229341653567574,4.335941991709175e-05,0.0013317440152093925,0.00012201134577059784,0.004012135421777756,6.406027146983286e-06,0.013091060332152118,4.207577977059308e-09,6.953102161556025e-05,0.6594637645938658,3.9823678803820796e-07,3.6459039004263115e-08,0.0003240649082840948
71,0.0016420635870141853,0.05786110075683328,8.225758955868496e-07,2.4094335965633928e-05,5.736364978948293e-06,0.00013527124931200985,0.2926787577704541,0.029171230131583518,0.0003745175733473397,1.8614045257180505e-06,0.02021721568995745,0.03321758472484239,0.0004676341348388096,0.0001381608893846249,0.0005308222273797699,0.00024488038957873,0.003790532561104986,1.265547365245155e-05,0.018378799027034307,8.536942686660635e-09,0.00029255858811156823,0.5403687604864428,3.221617139340128e-07,5.309510342499154e-08,0.00044455626400195195
72,0.005168472039059146,0.04602742694269556,5.981136136048149e-07,2.6473533838070427e-05,2.4351204421764654e-06,0.00010156793025434343,0.06183213591612524,0.021020970272846277,0.00010091372384882437,9.95061510328226e-07,0.02971203554402705,0.02756576666346297,0.00032849809656566224,4.317118122045728e-05,0.0006879564227527414,0.00016420416406907721,0.006842798469881886,6.7111826151263624e-06,0.012839217893660724,2.397779985181077e-09,8.815016006522738e-05,0.7870920766007918,2.2719786276590145e-07,3.2704205763777545e-08,0.00034716266680522766
