,0,1,2,3,4,5,6,7,8,9,10,11,12,13,14,15,16,17,18,19,20,21,22,23,24
0,2.3790486980229444e-05,1.5491269963609767e-06,4.689381051195218e-06,6.553054236640661e-06,8.004650202667162e-06,3.137044360409601e-11,1.7955050025739185e-07,0.9841423216270752,4.5017119167896895e-07,3.088535651880587e-05,2.6995942873784376e-09,0.000935274967441053,4.7185732553009453e-07,9.157792203363362e-08,1.8181743067698898e-08,4.4138821076140467e-07,0.006080594406775454,5.278085344234387e-07,0.0023534257502201643,2.2677928514216633e-06,1.986266497083249e-06,0.006393740808450895,2.2976117010323314e-08,1.1700826008733383e-05,1.009256184371991e-06
1,2.3554577598546176e-05,1.182954236588968e-06,5.201935776575164e-06,5.688282027606423e-06,7.785631855463307e-06,3.769830307096511e-11,1.9651339859567385e-07,0.9862279078066822,6.996340588905529e-07,3.100015411495166e-05,2.5340036357100004e-09,0.0008593824171897074,4.1353828518947747e-07,9.68264752671077e-08,1.994440018272365e-08,6.183776889551708e-07,0.004057969559249977,3.496423478773521e-07,0.003585396449262914,2.374763595282301e-06,1.8907794554381812e-06,0.005179349642071803,1.7069321904114642e-08,7.915477318656322e-06,9.854518854819367e-07
2,2.7285200111362706e-05,1.8244029408585104e-06,5.034444459561272e-06,7.379255603443939e-06,1.0182793350572574e-05,4.88039171204817e-11,2.1763709257804905e-07,0.9803987494112777,5.356663363403358e-07,3.624260410466529e-05,3.217021124649922e-09,0.0010918328487738741,5.435666457089817e-07,1.374206894042539e-07,2.9662535720069703e-08,7.054067060742464e-07,0.006930988000413755,5.11277546329702e-07,0.0030498901484387084,2.592400863451069e-06,2.38000146619523e-06,0.008420436696693904,3.80510695456441e-08,1.1200867654086038e-05,1.258969401056623e-06
3,2.3814544013372723e-05,1.4505689867293552e-06,4.924238242019381e-06,6.29453684207503e-06,8.150517410373806e-06,3.1317234433415416e-11,1.7808058032925455e-07,0.9846221279772398,4.7300990923780795e-07,2.8861798832310515e-05,2.7505639445110893e-09,0.0009763900286758175,5.003744517286456e-07,9.190077504126483e-08,1.7354558941081917e-08,4.286438060347095e-07,0.005782940960906683,5.092869815126944e-07,0.0023966178622463383,2.3106431372518556e-06,1.8301615713467966e-06,0.006129906471329494,2.096130656130765e-08,1.1224327971104093e-05,9.329683446508211e-07
4,2.644038370472581e-05,1.694804022359834e-06,5.86243302893655e-06,6.88699044578692e-06,1.0079270395003376e-05,4.0315299519087296e-11,2.046240781191438e-07,0.9830349467625703,5.341913896170074e-07,3.1704605176768195e-05,3.2965273200508307e-09,0.0011811633840782207,6.798715521446501e-07,1.1831162479582464e-07,1.9405163914530144e-08,4.826274712545802e-07,0.0061732961273248095,6.145472902418311e-07,0.0025401737605023227,2.6720118263673916e-06,1.9091203755125167e-06,0.006966814908594634,2.4859970782078986e-08,1.2697333378380193e-05,9.76329192481699e-07
5,2.0316444232703974e-05,1.4495575029233814e-06,4.412173862286587e-06,7.16339894187032e-06,7.896506689970944e-06,2.8124757935230694e-11,1.6479292666752584e-07,0.9858599916839724,3.8986350396905045e-07,2.963195880716175e-05,2.673155935469064e-09,0.0008758031655916294,5.104509627145467e-07,8.19520484220198e-08,1.4426102600350237e-08,3.539767714901958e-07,0.005772392348062655,5.882597599349252e-07,0.0018993505980869016,2.3289675813123604e-06,1.838416914172741e-06,0.005501970844530966,2.1716425846034375e-08,1.2442668857591765e-05,8.83126583076688e-07
6,2.3814544013372723e-05,1.4505689867293552e-06,4.924238242019381e-06,6.29453684207503e-06,8.150517410373806e-06,3.1317234433415416e-11,1.7808058032925455e-07,0.9846221279772398,4.7300990923780795e-07,2.8861798832310515e-05,2.7505639445110893e-09,0.0009763900286758175,5.003744517286456e-07,9.190077504126483e-08,1.7354558941081917e-08,4.286438060347095e-07,0.005782940960906683,5.092869815126944e-07,0.0023966178622463383,2.3106431372518556e-06,1.8301615713467966e-06,0.006129906471329494,2.096130656130765e-08,1.1224327971104093e-05,9.329683446508211e-07
7,2.5363826559134296e-05,1.7788216474446274e-06,5.859033174516135e-06,6.7558748617043004e-06,7.186586948146288e-06,2.5896274356527914e-11,2.2028233383868518e-07,0.9860143627038954,5.160654913098571e-07,2.644273561056816e-05,3.2230915458562457e-09,0.0009614598988271417,7.703657692204137e-07,8.800132774343509e-08,1.4893039077922019e-08,3.0928095510666696e-07,0.005620349818245764,6.003091770639769e-07,0.0019770454777333496,2.7789907098305353e-06,1.4105596714726995e-06,0.005330838097261455,1.7854315636073995e-08,1.4914099962277012e-05,9.131734950190798e-07
8,2.0411216802965302e-05,1.5806773426011612e-06,4.1740092215914565e-06,7.472536984213721e-06,6.102111996417633e-06,1.8969500040095734e-11,1.6944839589738146e-07,0.9876411623818576,3.3570278393734747e-07,3.473961073728241e-05,1.3899912466269128e-09,0.0005961182422879576,4.811917271696118e-07,7.707733413468879e-08,1.3942727820000121e-08,4.546239483867404e-07,0.005677619547210468,3.9526518678601717e-07,0.001654928826746876,2.242196082102026e-06,1.5604353871413002e-06,0.004334082248869325,2.4313923641725816e-08,1.464978579081445e-05,1.2031976943235374e-06
9,2.023822307984948e-05,1.7502440094955146e-06,5.648439308842338e-06,7.500329852290479e-06,5.6645581823148354e-06,1.329594080291525e-11,1.777023175237587e-07,0.989842186447785,4.1982153722118923e-07,2.64398232180935e-05,1.585941862989074e-09,0.000607925164950404,7.444582357068038e-07,6.562057092278542e-08,1.0330325406244064e-08,2.448516748683857e-07,0.005044103593928984,4.288607269773432e-07,0.0013615231505361082,2.480034569416874e-06,1.069398933982017e-06,0.0030512287052414503,1.4058583448770711e-08,1.9003657696086463e-05,1.1309254977866587e-06
10,2.3814544013372723e-05,1.4505689867293552e-06,4.924238242019381e-06,6.29453684207503e-06,8.150517410373806e-06,3.1317234433415416e-11,1.7808058032925455e-07,0.9846221279772398,4.7300990923780795e-07,2.8861798832310515e-05,2.7505639445110893e-09,0.0009763900286758175,5.003744517286456e-07,9.190077504126483e-08,1.7354558941081917e-08,4.286438060347095e-07,0.005782940960906683,5.092869815126944e-07,0.0023966178622463383,2.3106431372518556e-06,1.8301615713467966e-06,0.006129906471329494,2.096130656130765e-08,1.1224327971104093e-05,9.329683446508211e-07
11,2.4702944301640576e-05,1.52673075094257e-06,5.189241494550135e-06,6.4918276952864306e-06,8.401598394815334e-06,3.2262044321538104e-11,1.871429948998428e-07,0.9844400674009559,4.825488425846938e-07,2.901227889580349e-05,2.90681357300622e-09,0.0010239872603243117,5.753520828351391e-07,9.605587673223518e-08,1.7293453153552492e-08,4.20776427467802e-07,0.0059685054979682645,5.480808670643275e-07,0.0023119264949050897,2.4390547894107973e-06,1.7697003180239431e-06,0.006160556641448264,2.1801174943445318e-08,1.2140307124840028e-05,9.31029837839725e-07
12,2.014631055173055e-05,1.1365175966922573e-06,4.63956360005627e-06,5.56617708241157e-06,5.7792926307210915e-06,2.1880530029369544e-11,1.711757031662196e-07,0.9884522753386582,5.419093761053184e-07,2.3275049811151765e-05,2.3868410981044754e-09,0.0007310990352397534,4.06468928030997e-07,6.571502734030698e-08,1.495754516657429e-08,3.4514579956105276e-07,0.004301119722834517,3.3695486370398393e-07,0.002385465293895556,2.177649264461112e-06,1.4783898984170984e-06,0.004053903539753234,1.3393526334148248e-08,9.184450823746524e-06,8.555388681914019e-07
13,2.2934894295021707e-05,1.594398809671796e-06,4.42012944872691e-06,7.106983906247043e-06,7.519827807500579e-06,3.149107574608695e-11,1.868109284195553e-07,0.985830356320111,4.3188701973754126e-07,3.620959536122604e-05,2.2729258886273633e-09,0.0007889136756469608,4.995804812444865e-07,8.956651555044503e-08,1.562888813973036e-08,4.6937809575103257e-07,0.005269223551237964,5.494367936923068e-07,0.0022232900224881907,2.453016143134905e-06,1.8438856095180058e-06,0.005788730579502904,2.2768969751722365e-08,1.2090509396552855e-05,1.0452481264107035e-06
14,1.820705727850065e-05,4.615706742615228e-06,4.669914018880477e-06,1.0463356578430695e-05,1.3208118974916488e-05,3.547597385608852e-11,2.769875009181919e-07,0.9861089222376496,4.1855061939482114e-07,6.501073361354132e-05,3.240279437515084e-09,0.0006338670917461283,1.2679595087149263e-06,1.2250175651601227e-07,1.6135649935799208e-08,3.2018588372348303e-07,0.004811179450710806,9.702910374802885e-07,0.0021168933045280737,2.586677033685213e-06,1.8447249272908845e-06,0.006176325374833173,2.8236383384765092e-08,2.7659818110446945e-05,1.1223091584425807e-06
15,2.3814544013372723e-05,1.4505689867293552e-06,4.924238242019381e-06,6.29453684207503e-06,8.150517410373806e-06,3.1317234433415416e-11,1.7808058032925455e-07,0.9846221279772398,4.7300990923780795e-07,2.8861798832310515e-05,2.7505639445110893e-09,0.0009763900286758175,5.003744517286456e-07,9.190077504126483e-08,1.7354558941081917e-08,4.286438060347095e-07,0.005782940960906683,5.092869815126944e-07,0.0023966178622463383,2.3106431372518556e-06,1.8301615713467966e-06,0.006129906471329494,2.096130656130765e-08,1.1224327971104093e-05,9.329683446508211e-07
16,2.292548011979333e-05,1.5375117828888135e-06,4.591102282429127e-06,6.959558701308328e-06,8.04162639246752e-06,3.474486269478519e-11,1.9439684477634104e-07,0.9845483780479469,4.353505370879352e-07,3.6366961512183834e-05,2.76004705678438e-09,0.0009109523882221648,4.6072572698943743e-07,9.287311252406956e-08,1.750631211871046e-08,4.980599639217336e-07,0.005779181044984494,5.887873060360138e-07,0.002294122165248026,2.358790514812516e-06,2.2540180193921498e-06,0.006366907856966765,2.3957973489511573e-08,1.2108142268746564e-05,1.0008524686673637e-06
17,2.298096583848747e-05,1.4412186854066656e-06,4.9622228407692715e-06,6.7186048105868115e-06,8.229675381249714e-06,3.1364181449548266e-11,1.7927663176841575e-07,0.9847419515709649,4.545606825365249e-07,2.922973381820918e-05,2.7410933598393265e-09,0.0009947896710936872,5.38353922512135e-07,9.53277587472724e-08,1.642241873330199e-08,4.237322266256513e-07,0.005820810144618317,5.421606653342175e-07,0.0022284952485127833,2.446207353819793e-06,1.8063557312741774e-06,0.006121414692929152,2.2271321635197512e-08,1.152751466982364e-05,9.212946660600606e-07
18,2.4896524801933793e-05,1.5016699234489957e-06,4.973965971037353e-06,6.336071352847708e-06,8.064185439665565e-06,3.1061661708122545e-11,1.8057176152402084e-07,0.984160130938895,4.678559690041676e-07,2.927227986327687e-05,2.7418693508572933e-09,0.0010007679268560965,5.099103994715835e-07,9.205284176664067e-08,1.7461769430022326e-08,4.2530670775937574e-07,0.006079251473137618,5.34349888265602e-07,0.002339965730642149,2.3070624408281005e-06,1.8470044236553404e-06,0.006325677279783137,2.1376611543151707e-08,1.1787429027837593e-05,9.68798561662884e-07
19,2.059978776428362e-05,1.2931140146236299e-06,5.56374417467088e-06,6.10823023901421e-06,9.551748104789046e-06,2.719333831395021e-11,1.4953132394087157e-07,0.9853556655669646,4.4553900917634973e-07,2.3318363540014552e-05,2.655671412024738e-09,0.0011722970707915487,6.57584792062375e-07,9.463635607000107e-08,1.2914977620373862e-08,3.1283638456361355e-07,0.005596374542166,5.089860964435592e-07,0.0020594999038005277,2.4009109173418827e-06,1.3590423401987553e-06,0.005732004061509453,1.6862571241454768e-08,1.1042444213200095e-05,7.198950835864716e-07
20,5.129822056904849e-05,1.8896388165239865e-06,9.885679623069427e-06,1.0033219039068552e-05,8.629014223236819e-06,5.017346800015433e-11,3.687604533355406e-07,0.9847563458857821,8.007075121194171e-07,3.850360876161799e-05,4.422723095026829e-09,0.0014792350592546907,8.440567127034967e-07,1.567387327107993e-07,1.8443119642429945e-08,7.45470876938117e-07,0.005409065930413,9.143072952813666e-07,0.0033976500033888715,3.7724317818615257e-06,2.515475057619897e-06,0.00480975986570756,2.4031522749418656e-08,1.5629073741116917e-05,1.9099047186350554e-06
21,2.7876524187840048e-05,1.60123524630036e-06,6.837376374601194e-06,8.350834035433112e-06,9.615094010008171e-06,4.449890817484126e-11,2.3928499701701073e-07,0.9834336439734863,5.2681014699037e-07,3.877577896122015e-05,3.196419315630467e-09,0.001438182291881114,8.569974726868584e-07,1.343536588415763e-07,1.688429566514999e-08,6.365738234506245e-07,0.006048950096057131,7.503417790582536e-07,0.00227558733945522,3.5479412005497404e-06,2.04038921337696e-06,0.006687192925095452,2.830073452772535e-08,1.3542609501004683e-05,1.062803467876198e-06
22,2.8072348506380277e-05,1.4918717440773873e-06,5.989330774429712e-06,6.702551871508676e-06,8.774303699727367e-06,3.70358867864445e-11,2.184951227083806e-07,0.9819431256622401,4.793242329383369e-07,2.8965666386546975e-05,3.6678465517197164e-09,0.0011631548615810214,4.795265489359721e-07,1.0916263332439974e-07,1.9511179315357843e-08,4.813255492212825e-07,0.006819124775098419,6.677649159302489e-07,0.002437493559488198,2.485698827827866e-06,2.4200265678314637e-06,0.007536163038704108,2.3302051424771425e-08,1.259177417797951e-05,9.62413215558183e-07
23,2.3814544013372723e-05,1.4505689867293552e-06,4.924238242019381e-06,6.29453684207503e-06,8.150517410373806e-06,3.1317234433415416e-11,1.7808058032925455e-07,0.9846221279772398,4.7300990923780795e-07,2.8861798832310515e-05,2.7505639445110893e-09,0.0009763900286758175,5.003744517286456e-07,9.190077504126483e-08,1.7354558941081917e-08,4.286438060347095e-07,0.005782940960906683,5.092869815126944e-07,0.0023966178622463383,2.3106431372518556e-06,1.8301615713467966e-06,0.006129906471329494,2.096130656130765e-08,1.1224327971104093e-05,9.329683446508211e-07
24,1.8764967521297246e-05,1.7022038149214868e-06,4.944359126396175e-06,8.09904132367927e-06,9.549072197926778e-06,3.59285428374679e-11,1.8634375860646922e-07,0.9856207448088724,4.407735892597269e-07,3.639478178607273e-05,2.7527964161386787e-09,0.0009335756581564287,6.545649714653968e-07,1.1118371354713875e-07,1.4426456055860358e-08,4.207870823469188e-07,0.004910203685931592,6.363809577752217e-07,0.002195811765283614,2.8783621738753507e-06,1.804448180826651e-06,0.006240460172711847,2.3931084313261766e-08,1.1668065078341632e-05,9.074275024666263e-07
25,1.3934473428019185e-05,7.599781611933362e-07,3.7517982344805023e-06,5.697931191346634e-06,4.803402616668213e-06,1.244016793250193e-11,1.2861951081018314e-07,0.9900020592445958,2.8672692321568374e-07,1.4933365871343744e-05,2.387865586912768e-09,0.0007031049258230494,4.2098533631188323e-07,4.45509857745059e-08,7.900206427932497e-09,1.8095062978948163e-07,0.004815323677666723,3.753127660800451e-07,0.0012867836045475124,2.0617971527918887e-06,1.1056097278695628e-06,0.0031340981966341145,1.187105779168493e-08,9.667749630541034e-06,4.549269964010023e-07
26,3.3981910313220195e-05,1.4104364930133058e-06,6.091244822695363e-06,5.993979796071365e-06,6.2545785683837444e-06,1.671959775486492e-11,1.6223870549902707e-07,0.983837294181137,3.691203167232129e-07,1.926775600453389e-05,2.597679653994429e-09,0.0011323888721596921,6.581162966261503e-07,5.991496195128042e-08,1.1249941590205354e-08,2.126974512855752e-07,0.008892797050380657,7.226166281655209e-07,0.0012979689951505774,2.07451727220136e-06,1.3352243324277784e-06,0.004739288813024733,1.4830276132941826e-08,2.0736706722280936e-05,9.023348451458509e-07
27,2.6345253540423603e-05,1.4010134541934137e-06,4.621589324016435e-06,6.022224958638997e-06,6.9209671005145556e-06,3.298055803212037e-11,1.8255627094282955e-07,0.9848670631904416,5.36705886890361e-07,2.865934038711139e-05,2.505478356005959e-09,0.0008535875112781822,3.9313639300624997e-07,8.862351463638919e-08,1.9280757143394503e-08,4.535515483887785e-07,0.005224856894391878,4.5812368933494315e-07,0.0025017961451340243,2.284739513526143e-06,1.8142100908352216e-06,0.006461513076538605,1.9856513943287678e-08,9.853607347183857e-06,1.1058634660473713e-06
28,2.3814544013372723e-05,1.4505689867293552e-06,4.924238242019381e-06,6.29453684207503e-06,8.150517410373806e-06,3.1317234433415416e-11,1.7808058032925455e-07,0.9846221279772398,4.7300990923780795e-07,2.8861798832310515e-05,2.7505639445110893e-09,0.0009763900286758175,5.003744517286456e-07,9.190077504126483e-08,1.7354558941081917e-08,4.286438060347095e-07,0.005782940960906683,5.092869815126944e-07,0.0023966178622463383,2.3106431372518556e-06,1.8301615713467966e-06,0.006129906471329494,2.096130656130765e-08,1.1224327971104093e-05,9.329683446508211e-07
29,2.3814544013372723e-05,1.4505689867293552e-06,4.924238242019381e-06,6.29453684207503e-06,8.150517410373806e-06,3.1317234433415416e-11,1.7808058032925455e-07,0.9846221279772398,4.7300990923780795e-07,2.8861798832310515e-05,2.7505639445110893e-09,0.0009763900286758175,5.003744517286456e-07,9.190077504126483e-08,1.7354558941081917e-08,4.286438060347095e-07,0.005782940960906683,5.092869815126944e-07,0.0023966178622463383,2.3106431372518556e-06,1.8301615713467966e-06,0.006129906471329494,2.096130656130765e-08,1.1224327971104093e-05,9.329683446508211e-07
30,2.3814544013372723e-05,1.4505689867293552e-06,4.924238242019381e-06,6.29453684207503e-06,8.150517410373806e-06,3.1317234433415416e-11,1.7808058032925455e-07,0.9846221279772398,4.7300990923780795e-07,2.8861798832310515e-05,2.7505639445110893e-09,0.0009763900286758175,5.003744517286456e-07,9.190077504126483e-08,1.7354558941081917e-08,4.286438060347095e-07,0.005782940960906683,5.092869815126944e-07,0.0023966178622463383,2.3106431372518556e-06,1.8301615713467966e-06,0.006129906471329494,2.096130656130765e-08,1.1224327971104093e-05,9.329683446508211e-07
31,0.00046427879281858047,1.0632969995068982e-05,8.655770649743994e-06,1.3268127961151214e-05,3.0192066537309077e-05,2.532069743169497e-08,6.67934248436266e-06,0.42097359241717147,1.4904952188851118e-05,0.00016896800455544058,4.862440845043892e-07,0.012601829958877138,4.124702629581055e-07,4.722434633929397e-06,1.1920667864923822e-05,5.043914119183138e-05,0.01722599729388811,3.882745349036395e-06,0.10269681216768813,7.29550591813462e-06,0.000132125571787997,0.44554845123073583,2.0240239193366254e-06,3.538930054191833e-06,1.8863848684544606e-05
32,2.4465127477029367e-05,1.4167136374797022e-06,4.968511323742441e-06,6.116362694791711e-06,8.323425356024008e-06,3.3250270872952835e-11,1.8007366596541433e-07,0.9843816141454556,5.095374232646768e-07,2.894454774667315e-05,2.77379542049126e-09,0.0009724055358055565,4.6914125550350283e-07,9.452446529147912e-08,1.8847143586324603e-08,4.664003040409254e-07,0.0056669203826657044,4.733599350091765e-07,0.002681941889905782,2.2592594543152375e-06,1.8992349920279515e-06,0.006205054740422043,2.0865216861683247e-08,1.0473776966133107e-05,9.607896418414578e-07
33,2.129206343651507e-05,9.212042297948608e-07,5.010487260207227e-06,6.065019273488369e-06,4.872460581611585e-06,2.4124833434704962e-11,1.7533849384122454e-07,0.9897614182319138,7.178127790601751e-07,2.5207177729911464e-05,2.3562455841079793e-09,0.0006989152150602614,3.0930483499980387e-07,5.7864525238452374e-08,1.7465459650763848e-08,4.216522958337336e-07,0.00402675756975474,3.236402361685762e-07,0.0024154037227893214,2.1762880091669195e-06,1.9982945049584825e-06,0.003017970329407572,1.2338366017305641e-08,8.783615506864427e-06,1.1705231805334049e-06
34,2.4696178248648526e-05,1.439903708947858e-06,5.047150988065993e-06,6.136727302141766e-06,8.007738941999063e-06,3.2008345128622645e-11,1.8192898097730597e-07,0.9847579792509019,5.09644508568155e-07,2.8725023069532386e-05,2.7492410559271604e-09,0.0009736465664360094,4.970461030337826e-07,9.241459859052057e-08,1.7753435869275768e-08,4.3972794599674014e-07,0.005587914251863192,4.950913847021455e-07,0.0025200664633685445,2.3261038631909265e-06,1.8079294235029214e-06,0.0060680750450443485,2.0068282765616166e-08,1.0919494929062455e-05,9.557154210389654e-07
35,3.488456520815528e-05,4.368879054988052e-06,1.358432574308861e-05,1.2167023693192953e-05,4.610065170568068e-05,1.2803449831415818e-10,4.0703741658238885e-07,0.9645970552486207,6.74981993587001e-07,4.3294750722585614e-05,9.256084444901186e-09,0.002778398479660974,1.6226352795263606e-06,7.044312702632551e-07,9.581232531777314e-08,1.6685146366251077e-06,0.010587581651750824,6.268735474760763e-07,0.005729898700504341,3.7527339573782717e-06,4.379499383506715e-06,0.01611874932537181,1.365715710984853e-07,1.826503881614806e-05,1.5728836471864627e-06
36,2.9358094200858616e-05,1.4572643400083659e-05,4.9037383971712925e-06,0.00014455219240849568,1.0857058982582044e-05,1.711246947852595e-09,4.226158242810615e-06,0.9805847619130651,5.114352779743166e-07,0.00030408451651551464,1.178151616894457e-07,0.00041866194895610003,8.432898509146849e-07,7.282977805142699e-07,3.4284291847480916e-08,1.7227030170538212e-06,0.0013613793981003207,5.182560593559549e-05,0.001164818731261697,4.018115015043695e-05,3.538379079952275e-05,0.015785583744205925,6.434900943867656e-07,3.730760542951227e-05,2.9386832270972467e-06
37,5.3907383287140244e-05,1.9753941078846426e-06,9.8253534607069e-06,5.7931083019186835e-06,8.768450786508912e-06,3.1217881848423336e-11,2.725576673099391e-07,0.9782101936538575,5.51843060849986e-07,2.4304046650031206e-05,3.703750680169382e-09,0.0017533473764402797,7.566065074984529e-07,1.3723294231676708e-07,1.9017285536165168e-08,4.613570878242488e-07,0.008444980961698224,8.144681888611049e-07,0.0025393791334678084,2.678440040099624e-06,1.8154800016259946e-06,0.008920927275675393,2.002523164891074e-08,1.790241287245813e-05,1.1646864120823217e-06
38,4.66328118057027e-05,2.3369768686035497e-06,7.00443000377864e-06,7.636827989045988e-06,1.1639074918500026e-05,1.0189511056978303e-10,4.174926022188858e-07,0.9743770421647558,8.513306116998296e-07,5.245995380515541e-05,5.728478339777772e-09,0.0014208061175726347,5.982262422121534e-07,2.1026397416571148e-07,4.9406847647627906e-08,1.3537017421128276e-06,0.006848570875201388,8.034225291358499e-07,0.004763367439734262,3.1663085158673805e-06,4.043692895213031e-06,0.012436594413797764,4.8001575003321423e-08,1.2805875140003647e-05,1.555360498519131e-06
39,2.1265968051624315e-05,1.2050400005463582e-06,4.7071384495740455e-06,6.139815818956842e-06,7.986594559231216e-06,2.927570711000437e-11,1.6147718819186284e-07,0.985847854599899,4.549388726982305e-07,2.7213611282500118e-05,2.5471646307492237e-09,0.000922365409122463,4.2950983241082793e-07,8.386565780267193e-08,1.639610555329105e-08,4.3304001564171636e-07,0.005407972056505119,4.399563072256655e-07,0.0023847507750591923,2.16645945221254e-06,1.8695599046480695e-06,0.005351557039990874,1.9247815681448864e-08,1.0043548523178691e-05,8.613751455456933e-07
40,6.671521370969782e-05,2.9769881787066255e-06,1.0419019424298056e-05,5.572849187800331e-06,1.5721687348920854e-05,7.660522373341969e-11,3.0511262097756304e-07,0.9620214744762612,8.582030464491688e-07,3.034405445884702e-05,6.203274935754574e-09,0.0024555946204794883,7.096918000426717e-07,2.452362501372476e-07,4.946840572251484e-08,7.548258021429684e-07,0.011062206798376077,9.111162629537235e-07,0.004730971258745112,2.5768913903310206e-06,3.0072260740784256e-06,0.019571571304358333,3.489831803629991e-08,1.5386968381415574e-05,1.5858112391829385e-06
41,2.4491107868836242e-05,1.5343879731365779e-06,5.932387757746702e-06,6.10717950891867e-06,1.0190888189088589e-05,3.376382139142442e-11,1.7598507872826833e-07,0.9857046837187019,6.413117446252071e-07,2.8856090005951635e-05,2.4265282800772513e-09,0.0008830882665084202,4.884124045041009e-07,1.1030484016905877e-07,2.2244149280794524e-08,5.087881291352533e-07,0.004872606996295111,3.706172556402922e-07,0.003099030501133281,2.091205576372614e-06,1.832280500360518e-06,0.005345092312117876,1.9031974091449167e-08,1.0983131828706025e-05,1.1403901661579882e-06
42,0.00033621802578992537,3.621837578140869e-05,0.00019941490558311557,0.0003034622845885496,0.0001740192359912923,4.5155099575824286e-10,3.6050344726259865e-06,0.9542960055045407,2.817109480175816e-06,0.00015192611597676783,5.8658196067141586e-08,0.024211538996325138,0.0002057576816876177,6.972782189678928e-06,2.018786792893757e-08,3.63518162698652e-07,0.013018389993223793,4.741435801622005e-05,0.001518634676767305,1.9776641147824836e-05,2.9589352734007746e-06,0.0050427769571993655,2.0906111573321699e-07,0.0004018661608125841,1.9574348259085835e-05
43,2.6245854765297198e-05,1.5854631227635207e-06,5.886687486972262e-06,6.301738700775126e-06,7.72771991350202e-06,2.8180365757552346e-11,1.9183831151375065e-07,0.9843361748485662,5.17555503154995e-07,2.5448031372947976e-05,2.958416869970636e-09,0.0010859482671631356,6.17617603249992e-07,9.668102162884667e-08,1.6545035483813736e-08,3.6988091268121947e-07,0.006017161332096247,5.473280813207126e-07,0.002299320291534047,2.5887088990443664e-06,1.5909262039759657e-06,0.006168490257202987,1.911725950431195e-08,1.219393992218457e-05,9.56382724395402e-07
44,2.3814544013372723e-05,1.4505689867293552e-06,4.924238242019381e-06,6.29453684207503e-06,8.150517410373806e-06,3.1317234433415416e-11,1.7808058032925455e-07,0.9846221279772398,4.7300990923780795e-07,2.8861798832310515e-05,2.7505639445110893e-09,0.0009763900286758175,5.003744517286456e-07,9.190077504126483e-08,1.7354558941081917e-08,4.286438060347095e-07,0.005782940960906683,5.092869815126944e-07,0.0023966178622463383,2.3106431372518556e-06,1.8301615713467966e-06,0.006129906471329494,2.096130656130765e-08,1.1224327971104093e-05,9.329683446508211e-07
45,3.0112578542946063e-05,1.9535061362757323e-06,5.628669500404412e-06,8.031217665563143e-06,8.833646408218053e-06,4.244513598402058e-11,2.1124899375195452e-07,0.9812805512319351,5.104850945206585e-07,3.935179921824046e-05,3.28562102377719e-09,0.0011209255411615926,4.963960683027134e-07,1.1146291676295837e-07,2.1067525009331545e-08,5.239311013760744e-07,0.007121771510337997,8.324752440110609e-07,0.0024241315243191423,2.637130118295838e-06,2.78655755384572e-06,0.007934774607976633,2.7681263110373647e-08,1.4337949150151966e-05,1.4344537023720956e-06
46,2.4357888606010904e-05,1.3337869274018944e-06,4.832486084485985e-06,6.1223159546642905e-06,7.695682102078784e-06,2.3362667137208134e-11,1.562277498894727e-07,0.9839908400884566,3.8441176407795115e-07,2.3646252598579203e-05,2.6442697367012253e-09,0.0010299745917577887,5.07667469983705e-07,7.521788957151105e-08,1.5339497756598497e-08,3.3539569276800084e-07,0.007355493033377482,5.018449306249334e-07,0.0019581918911895264,2.073955553890859e-06,1.6465502279094995e-06,0.005577887371593701,1.980221434582996e-08,1.303573564888409e-05,8.697950796349929e-07
47,6.925803320982987e-06,1.1492679866997435e-06,2.951222533686847e-06,9.839829597272035e-06,9.945369445079715e-06,2.1733626701317132e-11,1.323185995807624e-07,0.9926972672108584,4.5125254135258337e-07,2.9129173855180776e-05,1.9335114665768582e-09,0.00034093328317859664,5.02243247714536e-07,7.939092842613631e-08,1.3579948769068031e-08,2.5725866677023103e-07,0.0025552232554314756,2.478403888078789e-07,0.002169497901622957,1.778734003858152e-06,1.3500295360697796e-06,0.0021628804789142675,1.973035452741444e-08,8.710232945659577e-06,7.126368491544223e-07
48,4.4427024029074066e-05,1.3958075131286932e-06,2.187284262591949e-05,2.0486116960626724e-05,1.8406265569089665e-05,1.6101288038350653e-10,3.1711631336072146e-07,0.9835367426715154,1.3596040918489745e-06,3.789976096688395e-05,9.652427209870207e-09,0.004455402587046151,8.968080551720954e-07,3.973213719277116e-07,2.017275648113285e-08,8.317711716382528e-07,0.00333050941696461,2.1363771728784127e-06,0.002337492330106306,7.941950871141102e-06,5.479819510088777e-06,0.006162107114875043,2.8788418229578424e-08,1.0901830819600208e-05,2.936687835414182e-06
49,2.5149439410683074e-05,1.405063472108044e-06,6.349839234303947e-06,6.886791640622701e-06,1.1043634690507044e-05,4.5221317579411214e-11,1.8525673882964493e-07,0.9817470524094825,5.350849662070135e-07,2.8847454017962545e-05,3.6628451504396503e-09,0.0015266096932253647,6.154542238236769e-07,1.2510360072328732e-07,1.8685112187133345e-08,4.7527730991913306e-07,0.006192696860573408,6.500736428807744e-07,0.0025258953329952,2.827599181531058e-06,2.072232104717103e-06,0.007909146363438114,2.273832020482764e-08,1.0491957247043918e-05,8.939473047727115e-07
50,2.3551547923661882e-05,1.4475767406395294e-06,4.807762274219221e-06,6.260210840338584e-06,8.056552311547753e-06,3.1821147181432906e-11,1.8078359995390951e-07,0.9848322587017567,4.771426539105308e-07,2.990477897368382e-05,2.649796888092254e-09,0.0009388714813945806,4.934950638327881e-07,9.287045019071218e-08,1.722915288613048e-08,4.4619600144771177e-07,0.005533744205351372,4.973556307884851e-07,0.0024669150118317306,2.3149815844179434e-06,1.8129778659584848e-06,0.006135998956529496,2.095349917316143e-08,1.0895112487954793e-05,9.314344634502622e-07
51,3.23638174667066e-05,1.6565018043067957e-06,6.34959252921952e-06,6.2529240983865704e-06,1.1428779249344186e-05,4.2374562928739006e-11,1.798836457612363e-07,0.9806304171798641,6.208670405304744e-07,3.0190223981869836e-05,2.8579379252173474e-09,0.001276643668906145,5.699044012008029e-07,1.2632490029631274e-07,2.9085777923833065e-08,7.60133600572553e-07,0.007348880600866393,3.9699306410281244e-07,0.0035643691088422928,2.494816107711211e-06,2.0332349183895696e-06,0.007071383031514716,2.832128680926197e-08,1.1459801010758302e-05,1.3623048099986256e-06
52,2.1227278958558654e-05,1.2694266681876329e-06,4.438280169705594e-06,5.495389781194128e-06,7.739067287908503e-06,2.3428481660303434e-11,1.446137249321555e-07,0.985534547391216,4.206324686365391e-07,2.4596095269792577e-05,2.224478241990474e-09,0.0008652472197287252,4.110448992664417e-07,7.639540649322475e-08,1.664243602842558e-08,3.918536540362047e-07,0.005853832030563844,3.643626537059318e-07,0.0024377971764610582,1.8819392558060452e-06,1.6522208243499065e-06,0.005227315779315493,1.8289021684908594e-08,1.0252231497492245e-05,8.62390830220095e-07
53,2.3654063077773003e-05,1.441065300592458e-06,4.906311805941232e-06,6.207036938457776e-06,8.305812945738036e-06,3.075636530150138e-11,1.7294362121390697e-07,0.9845687586352608,4.6527291155931487e-07,2.8503375724565868e-05,2.7067098225182936e-09,0.0009849074457888025,4.985021313164123e-07,9.107750283222747e-08,1.7131354534103014e-08,4.201602558531468e-07,0.005842785985487622,5.049952944372248e-07,0.0023922181318238238,2.2527817641817828e-06,1.8122162860473955e-06,0.006119886428126853,2.0616719083919344e-08,1.1247853637923612e-05,9.194187739657464e-07
54,5.1692521107624986e-05,3.4836072375536287e-06,8.286667966874282e-06,8.205380718127982e-06,8.23677492745054e-06,6.696964044465067e-11,4.411878590308864e-07,0.9770793007000601,1.0077516902703032e-06,6.089978161204074e-05,3.3765478241926837e-09,0.0011923001175049308,7.403718169546826e-07,2.0263109390296502e-07,4.0931620472588444e-08,1.165571247564487e-06,0.006122459230326215,7.112734258451787e-07,0.0041076329409581855,3.92222908748468e-06,2.7881492814963816e-06,0.011328317047134185,3.6876855223534625e-08,1.542894464396107e-05,2.695868306958065e-06
55,2.129863567767807e-05,1.6664033979306387e-06,3.9932149191345924e-06,6.448063883845603e-06,1.1203909632899817e-05,4.180086758110722e-11,1.8792960035634106e-07,0.9816961668691719,3.952786041105375e-07,3.623513332908008e-05,2.785715159833223e-09,0.0007756824379415763,3.546709910532975e-07,1.2271328053799645e-07,2.791146813803824e-08,7.103266259683435e-07,0.006165526649263374,4.0535002522696745e-07,0.003308373687276208,1.8494310598968113e-06,2.71009999963859e-06,0.007955295142461299,3.6098333352298235e-08,1.0345648584165187e-05,9.615669565642394e-07
56,2.4719975516343284e-05,1.5462156059728466e-06,5.283772907019902e-06,6.628404393457652e-06,8.687558886020915e-06,3.310373750183048e-11,1.8676182899849284e-07,0.9843852163033806,4.878083577670998e-07,2.927064229110269e-05,2.9636682788686206e-09,0.0010368579762186324,5.892470051050453e-07,9.790552900371452e-08,1.743901723732358e-08,4.2447346092068854e-07,0.006011489501938219,5.580815601710294e-07,0.0023368297930422446,2.47138569924737e-06,1.7930996344171557e-06,0.0061335906172485825,2.217418834894004e-08,1.2286195014243856e-05,9.416705042386906e-07
57,1.9952648955456245e-05,9.849869667379049e-07,5.549056428442637e-06,4.780770823769634e-06,1.0554226273869371e-05,2.441729161055491e-11,1.1270276621352974e-07,0.9843167840380783,4.4280208538970907e-07,2.1860946049953374e-05,2.036940081989384e-09,0.0013580951331332847,4.794657549806428e-07,8.484123270988483e-08,1.3417960875800292e-08,3.875346358415919e-07,0.006108764136213001,3.393954792146469e-07,0.002704050697941202,1.8695597571516721e-06,1.4600329824541534e-06,0.005434163611558602,1.3554844989684444e-08,8.55721800937209e-06,6.971607109746875e-07
58,2.5005808036463473e-05,1.5356837702390142e-06,4.984919186277456e-06,6.2816686933125045e-06,8.156824033656495e-06,2.8251079022818306e-11,1.757984817207647e-07,0.984357474403525,4.3989357290622657e-07,2.7750313990431742e-05,2.7760356811424353e-09,0.000973941791577155,5.270741303000556e-07,8.608299586966936e-08,1.7127258471210366e-08,3.8228980250440747e-07,0.006532315113344123,5.417351012227531e-07,0.002157001974373334,2.1565346671568897e-06,1.8240641407327195e-06,0.005885112961393106,2.126397967582798e-08,1.332566726044836e-05,9.38202399403156e-07
59,2.592565193400904e-05,1.4313788748371705e-06,5.402846941476397e-06,5.996811785250896e-06,7.600383626679274e-06,2.5239276424219775e-11,1.7193512121836366e-07,0.9851680177408105,4.407841860720057e-07,2.507160255973326e-05,2.694057655474191e-09,0.000979788319863321,5.15705562589149e-07,7.977251305817088e-08,1.572430545680382e-08,3.542701792743458e-07,0.006418819227990919,5.30925499292114e-07,0.001982498105725009,2.1597722910559283e-06,1.7348553523603542e-06,0.005358719866096453,1.840703450477497e-08,1.3792994620871959e-05,9.101978292994933e-07
60,2.3814544013372723e-05,1.4505689867293552e-06,4.924238242019381e-06,6.29453684207503e-06,8.150517410373806e-06,3.1317234433415416e-11,1.7808058032925455e-07,0.9846221279772398,4.7300990923780795e-07,2.8861798832310515e-05,2.7505639445110893e-09,0.0009763900286758175,5.003744517286456e-07,9.190077504126483e-08,1.7354558941081917e-08,4.286438060347095e-07,0.005782940960906683,5.092869815126944e-07,0.0023966178622463383,2.3106431372518556e-06,1.8301615713467966e-06,0.006129906471329494,2.096130656130765e-08,1.1224327971104093e-05,9.329683446508211e-07
61,2.551910513212978e-05,1.4356320065525566e-06,5.646494217404521e-06,6.009796931627566e-06,7.946683840794844e-06,2.666859172179032e-11,1.7209868631884407e-07,0.9849102322874115,4.6102081488112123e-07,2.488385687188553e-05,2.8162111343878383e-09,0.0010367504511234892,5.253025593141381e-07,8.473956962811146e-08,1.617347464258629e-08,3.68660397462315e-07,0.006290739325838605,5.231641553696806e-07,0.002106234698308014,2.270827327757281e-06,1.7541642251210385e-06,0.005564523317423406,1.8385254475241464e-08,1.297362975037366e-05,9.073417995715915e-07
62,2.3814544013372723e-05,1.4505689867293552e-06,4.924238242019381e-06,6.29453684207503e-06,8.150517410373806e-06,3.1317234433415416e-11,1.7808058032925455e-07,0.9846221279772398,4.7300990923780795e-07,2.8861798832310515e-05,2.7505639445110893e-09,0.0009763900286758175,5.003744517286456e-07,9.190077504126483e-08,1.7354558941081917e-08,4.286438060347095e-07,0.005782940960906683,5.092869815126944e-07,0.0023966178622463383,2.3106431372518556e-06,1.8301615713467966e-06,0.006129906471329494,2.096130656130765e-08,1.1224327971104093e-05,9.329683446508211e-07
63,2.5523347976599398e-05,1.6308083995058184e-06,5.1634605620816e-06,6.390273966406741e-06,8.106452331102682e-06,3.200002874877822e-11,1.909150071891961e-07,0.9841404092178417,4.879776133225801e-07,2.9399270567956323e-05,2.968038194737004e-09,0.0009803877661211844,5.302917832926482e-07,9.394921751828811e-08,1.835699629736249e-08,4.2201776265354526e-07,0.0060472057456778285,5.469726754899269e-07,0.002375277069148299,2.3936488201690545e-06,1.876079661367548e-06,0.006360587714620692,2.173322136565291e-08,1.234394745722813e-05,9.899825324892344e-07
64,2.3304364769780464e-05,1.457958390625423e-06,4.988275487061173e-06,6.538710010507866e-06,8.842498792231704e-06,3.3056905267770045e-11,1.7610974559414206e-07,0.9840758500414999,4.588001445384154e-07,2.9525090540326724e-05,3.1585561875279874e-09,0.0009914649276610197,4.3087512287643276e-07,8.987173418803079e-08,2.031179491199089e-08,4.5494812528200343e-07,0.006424975081596974,5.274156421516136e-07,0.0024200689238339764,2.119018339217742e-06,2.4044260042510255e-06,0.005993193353849952,2.3004457164217463e-08,1.2103107389150804e-05,9.796934551575515e-07
65,2.3772018590824503e-05,1.4544919663202423e-06,4.79470900000319e-06,6.054077140131921e-06,7.474297948172699e-06,2.7927142493087335e-11,1.7678994899561754e-07,0.9851989567876374,4.700116374841404e-07,2.7370795921022036e-05,2.6132739782419607e-09,0.00090664417619848,4.910274739450303e-07,8.53341549521838e-08,1.6816933160598843e-08,3.973206862506621e-07,0.005663097492241086,4.7362011005562566e-07,0.0023312774655718255,2.2490334672673744e-06,1.6891126859927711e-06,0.005810798757066292,1.9644651083978803e-08,1.1306314154223877e-05,9.272636140165513e-07
66,3.166536600167837e-05,2.245079442558853e-06,5.192335048458274e-06,6.659244407261164e-06,1.0114824735873496e-05,3.170466633029153e-11,1.7902780305819294e-07,0.9769976375665618,3.8914240717123237e-07,2.6843066285874546e-05,4.060638518100369e-09,0.0011999148784573193,4.6933122810106087e-07,9.950638632252286e-08,2.8627070154944324e-08,3.556488388120018e-07,0.010873071904263832,7.595087387404946e-07,0.002059663594204381,1.7403041909568504e-06,2.85161606519268e-06,0.00875989822435462,3.292486305207561e-08,1.8963832654602356e-05,1.220353647060203e-06
67,2.558202615822864e-05,1.6018532506077282e-06,5.750573534716994e-06,7.313381569331266e-06,9.008378625759525e-06,4.0133187381972406e-11,2.0532143100417393e-07,0.9834056455758625,5.354541989554848e-07,3.179404917266778e-05,3.25619916397731e-09,0.0011261978954241305,5.834067856385087e-07,1.1562656090071455e-07,2.0226828067937258e-08,5.236349394746597e-07,0.00601319344921469,5.918083413138483e-07,0.0025256051807923167,2.8555021723737197e-06,2.0966719354969857e-06,0.006828131187542603,2.5890996534002266e-08,1.1544887555971266e-05,1.0747207740363147e-06
68,2.6618952942485276e-05,1.6664206321445622e-06,5.4139425098090875e-06,8.065609152768488e-06,7.955444594528775e-06,3.7542442904758084e-11,2.091121189183418e-07,0.9830295537703608,4.756306973766104e-07,3.240785121567523e-05,3.6151616332150866e-09,0.0011395669934728988,5.64437402278606e-07,9.764851856614977e-08,1.8546210848958995e-08,4.2695019604386065e-07,0.006801996037458778,7.705172868628755e-07,0.002003750542489865,2.885331093179046e-06,2.3096044577514854e-06,0.00692037203618053,2.6047941485109315e-08,1.3711262442842389e-05,1.133657919551246e-06
69,2.6889839074111386e-05,1.6209309564934647e-06,5.06034366416734e-06,5.991984663174943e-06,1.0260295165687773e-05,3.9603718251222945e-11,1.8909746283053843e-07,0.9814082660168586,5.118000887842462e-07,2.928319424401046e-05,3.365062814548529e-09,0.0011536157431606383,5.219123360276887e-07,1.1296663306277312e-07,2.2113669489999728e-08,4.598598592673212e-07,0.006413879287236094,5.650585213455433e-07,0.0028582295226828856,2.093450685676808e-06,2.0576701332680565e-06,0.008068034734476124,2.445989958397944e-08,1.1385304845365832e-05,9.210090167403167e-07
70,1.9082751746987903e-05,1.2111104607607118e-06,3.6659381237002784e-06,5.523138231671367e-06,6.9371326348489985e-06,2.3529167161610014e-11,1.4818932762832676e-07,0.9869198736965531,3.9135683396989987e-07,2.6051614633015875e-05,2.3447349921082205e-09,0.0007323915578565849,3.750212958707284e-07,6.488882247965113e-08,1.4993711158386253e-08,3.4016288853976136e-07,0.0051887027089767435,3.949399053487643e-07,0.0022058571903924625,1.7737756446026606e-06,1.6659683087829956e-06,0.004874620357361791,1.7261627139382103e-08,1.0137384892603801e-05,7.564915061769582e-07
