,0,1,2,3,4,5,6,7,8,9,10,11,12,13,14,15,16,17,18,19,20,21,22,23,24
0,0.0001585665455869472,1.9874419689211212e-06,8.158245269584212e-05,8.056097178936728e-05,1.7919036283171477e-05,1.5014013916439702e-10,6.165601292109997e-07,0.9695213741845157,1.7014810758380783e-06,2.4443816857716555e-05,2.047558687177122e-08,0.020274472745414576,1.341683886470814e-06,1.2686965660530557e-06,1.7958720831757878e-08,5.284799272204699e-07,0.0042530515180195525,6.03592132912384e-06,0.001477197840993379,1.3194454593002514e-05,9.48550799963924e-06,0.004034881440158577,4.442854866767928e-08,1.6940178630664812e-05,2.276602858287231e-05
1,0.00014077262815017882,1.423017856023084e-06,8.403262555956714e-05,5.768628133247117e-05,1.5763745747692922e-05,1.6128865619851957e-10,6.317141664718714e-07,0.9754251217918598,2.787747214422796e-06,2.4742980198371164e-05,1.6848953861795586e-08,0.015952468615697473,1.1279158407819708e-06,1.062693524788096e-06,2.0061601926385243e-08,7.18581116932873e-07,0.002812504936176389,3.3427459603049133e-06,0.0022308775729098364,1.301253966750034e-05,8.026917089255237e-06,0.003193882478081551,2.7088258040570245e-08,1.1420266910823466e-05,1.8528044836575807e-05
2,0.00016322631681345585,2.0572715464709652e-06,8.120412627501871e-05,7.733248106814987e-05,2.0528061225804155e-05,2.140999640617985e-10,6.680866883634515e-07,0.9671811753492754,2.068917836668995e-06,2.655426209909145e-05,2.193582331818478e-08,0.020593862389839068,1.3820322693310882e-06,1.5606610706476481e-06,3.041294862580605e-08,8.039744727342521e-07,0.004773977571197555,4.8366617683127635e-06,0.0017901528950616766,1.45397834746667e-05,1.0184966453830643e-05,0.005214566861583824,6.480089962279208e-08,1.516259127968293e-05,2.4037374928708902e-05
3,0.00016074836066413078,1.8464996257434985e-06,8.585040850831928e-05,7.53369953142288e-05,1.810014180205781e-05,1.496580806573043e-10,6.133127310429335e-07,0.9688379377168345,1.7994784941261537e-06,2.2781717445985875e-05,2.0910866770602618e-08,0.021197346429179725,1.4090305712246175e-06,1.2456298022116965e-06,1.7544628031018836e-08,5.175030364383966e-07,0.004114585899577573,5.74123518938423e-06,0.0015035889658508426,1.330487881301014e-05,8.749921426389997e-06,0.00391128538789856,4.0088754623449327e-08,1.639786565637624e-05,2.073392767041782e-05
4,0.00017409050704824785,2.101073301265225e-06,0.00010620973984967916,8.359691724412281e-05,2.267542799003657e-05,1.8393250150402358e-10,7.268838128618401e-07,0.9646633112489507,2.024076598622196e-06,2.4741562765472788e-05,2.4141310009355076e-08,0.024795592118759337,1.9494334709503295e-06,1.62740941846854e-06,1.9683305580954117e-08,5.787302647076382e-07,0.004247557121482805,6.395304526873055e-06,0.0015632256835637472,1.527322442592759e-05,8.743462821533432e-06,0.004239424282041015,4.646551733754769e-08,1.8827091937984953e-05,2.1238225660315245e-05
5,0.00013528155920017988,1.8540389776471177e-06,7.441913493687791e-05,8.889109453656236e-05,1.7574434853163547e-05,1.3470385312691226e-10,5.583754092737657e-07,0.972535903780228,1.4655149090159521e-06,2.3691267256064366e-05,1.9902890444363464e-08,0.018429976869504882,1.408820964568931e-06,1.1287967997940036e-06,1.3994180002778772e-08,4.230984897526731e-07,0.003986539662899513,6.903849577130631e-06,0.0012070828547688268,1.3187547159138027e-05,8.977066026201585e-06,0.0034264966085973407,4.2118065408908277e-08,1.792416795260872e-05,2.0235307113749842e-05
6,0.00016074836066413078,1.8464996257434985e-06,8.585040850831928e-05,7.53369953142288e-05,1.810014180205781e-05,1.496580806573043e-10,6.133127310429335e-07,0.9688379377168345,1.7994784941261537e-06,2.2781717445985875e-05,2.0910866770602618e-08,0.021197346429179725,1.4090305712246175e-06,1.2456298022116965e-06,1.7544628031018836e-08,5.175030364383966e-07,0.004114585899577573,5.74123518938423e-06,0.0015035889658508426,1.330487881301014e-05,8.749921426389997e-06,0.00391128538789856,4.0088754623449327e-08,1.639786565637624e-05,2.073392767041782e-05
7,0.00016484278493288058,2.1776610699790566e-06,0.00010599569734884171,7.661119902943985e-05,1.54837445535995e-05,1.108485493485689e-10,7.710832735712172e-07,0.9709653643433329,1.9739017607929083e-06,1.9423727428966703e-05,2.414682660839511e-08,0.020190656773948334,2.1772977771551986e-06,1.140537279351796e-06,1.4794757866770292e-08,3.4977307026420345e-07,0.003919594843228844,5.955267942688464e-06,0.0012369893099211807,1.5658887378381535e-05,6.180491594112564e-06,0.003228300335220112,3.085241455066234e-08,2.1610463397265616e-05,1.86719716637225e-05
8,0.00013917729901754874,1.8088582932880509e-06,8.446192141899418e-05,0.00010588819530534224,1.4778964076498276e-05,8.241076305726569e-11,6.523855259193822e-07,0.9795638914409984,1.2286819407455536e-06,2.531389361827155e-05,9.905601755202697e-09,0.013105249682527723,1.3950111904465104e-06,1.2814843239381471e-06,1.3336215048805855e-08,5.52368144422286e-07,0.003555102852586156,3.754257326760521e-06,0.0010466291159823857,1.2695330001495303e-05,7.051550775466565e-06,0.0022795236825338162,4.790309069179727e-08,2.072789501637717e-05,2.8763902077490633e-05
9,0.00013298561129061835,1.9903030501199954e-06,0.00011763309938230225,0.00010237135523891547,1.3427106703294055e-05,5.1733584817800126e-11,6.501253541492593e-07,0.9808410132528328,1.4674670126883618e-06,1.8553966707012203e-05,1.0525880367645022e-08,0.012990959554874918,2.2464367939454655e-06,1.0128244988348043e-06,9.445102716768342e-09,2.8557572795327296e-07,0.003307719020091429,3.844042121568615e-06,0.0007991496071306864,1.4455618861250617e-05,4.4067900311509945e-06,0.0015919794767804067,2.625707530985233e-08,2.8381876597197216e-05,2.5420609126824515e-05
10,0.00016074836066413078,1.8464996257434985e-06,8.585040850831928e-05,7.53369953142288e-05,1.810014180205781e-05,1.496580806573043e-10,6.133127310429335e-07,0.9688379377168345,1.7994784941261537e-06,2.2781717445985875e-05,2.0910866770602618e-08,0.021197346429179725,1.4090305712246175e-06,1.2456298022116965e-06,1.7544628031018836e-08,5.175030364383966e-07,0.004114585899577573,5.74123518938423e-06,0.0015035889658508426,1.330487881301014e-05,8.749921426389997e-06,0.00391128538789856,4.0088754623449327e-08,1.639786565637624e-05,2.073392767041782e-05
11,0.00016516956040027344,1.93895160183015e-06,9.139394254089212e-05,7.75392509801112e-05,1.8696494978845243e-05,1.519575569775729e-10,6.48333789716996e-07,0.9679425917087531,1.8408648655432877e-06,2.2848083691558016e-05,2.1908523457986454e-08,0.0220377091632914,1.6436176450909747e-06,1.2972061704183244e-06,1.7555808639257354e-08,5.059723004314439e-07,0.0042366358644793925,6.03562264040529e-06,0.0014412011522865395,1.4068426817300122e-05,8.306117337530994e-06,0.003891486097426821,4.132309712410739e-08,1.7893551598741427e-05,2.0469077017337596e-05
12,0.0001337395957609906,1.4595495639418664e-06,8.017929645100181e-05,6.345811952197577e-05,1.243187108800439e-05,1.0236526168328587e-10,6.052800207242576e-07,0.977611243597215,2.236867570612395e-06,1.8892062564148853e-05,1.744603974806613e-08,0.01492240716943803,1.1550657483750647e-06,8.471309518565066e-07,1.5698227735033876e-08,4.1609336226236854e-07,0.002959754408603625,3.5839142873828165e-06,0.0015549411147837793,1.2307054498004848e-05,6.814401112681385e-06,0.002581253568148884,2.3501186415762803e-08,1.3504290912054403e-05,1.871280057767472e-05
13,0.00014541016306647846,2.0148813041796276e-06,7.195038677695351e-05,8.087538835288041e-05,1.622833099679473e-05,1.4963502067322949e-10,6.318230479267963e-07,0.9761094613984211,1.7311619236758422e-06,2.9547664981238297e-05,1.6367604952217407e-08,0.014820673400703532,1.3258747921350123e-06,1.1074728290703111e-06,1.6211243459260672e-08,5.587867246124481e-07,0.0035898415928671767,6.0259634135360284e-06,0.001418422404196772,1.334885972481502e-05,8.70679536521166e-06,0.0036418458094851927,4.1541685150020895e-08,1.7893541714052972e-05,2.2324029144106672e-05
14,7.452861620882689e-05,5.758373320537195e-06,6.130658753785471e-05,8.46328019523353e-05,2.6657299218569365e-05,1.5965272101306077e-10,6.404439555034551e-07,0.9837408416917905,2.150504059685665e-06,5.630972647536078e-05,2.1047974271029873e-08,0.00757122893393637,2.7653789381973005e-06,9.695244751215547e-07,1.6133133743357662e-08,3.043198245937368e-07,0.003038221648446144,7.679428088527889e-06,0.0014205530828770392,1.1961940590539257e-05,7.556419509631142e-06,0.0038389647415866387,3.182596818532074e-08,3.2184438335353436e-05,1.4714932143808413e-05
15,0.00016074836066413078,1.8464996257434985e-06,8.585040850831928e-05,7.53369953142288e-05,1.810014180205781e-05,1.496580806573043e-10,6.133127310429335e-07,0.9688379377168345,1.7994784941261537e-06,2.2781717445985875e-05,2.0910866770602618e-08,0.021197346429179725,1.4090305712246175e-06,1.2456298022116965e-06,1.7544628031018836e-08,5.175030364383966e-07,0.004114585899577573,5.74123518938423e-06,0.0015035889658508426,1.330487881301014e-05,8.749921426389997e-06,0.00391128538789856,4.0088754623449327e-08,1.639786565637624e-05,2.073392767041782e-05
16,0.00015041034301319886,1.78655119867447e-06,7.177306592450383e-05,7.695743469818872e-05,1.6286344738383476e-05,1.5982793525972112e-10,6.173790795534453e-07,0.9714424389702031,1.5419204448254373e-06,2.734122352380183e-05,2.0069282811595474e-08,0.01881724261640578,1.1500183180092042e-06,1.139114595051656e-06,1.5909757253096062e-08,5.873189028506766e-07,0.003967430812434352,6.520467601336798e-06,0.001428380998911661,1.3002129624120514e-05,1.0647511646223712e-05,0.003928503921129632,4.39357063399794e-08,1.6006972604942838e-05,2.015481042747503e-05
17,0.00016432840207925245,1.8530040249436168e-06,9.043403013758029e-05,8.628171553857217e-05,1.9078876571408835e-05,1.553477169760986e-10,6.385715673469836e-07,0.9669429981746953,1.6838738353497725e-06,2.3024631946688414e-05,2.158994897802266e-08,0.02317752252100499,1.5480816364916077e-06,1.4200232756078867e-06,1.6357106246625514e-08,5.259449064953572e-07,0.00414784121058658,6.418417063239313e-06,0.00140530477656739,1.432715847657488e-05,8.963433800969976e-06,0.0038668731928770783,4.569619406921687e-08,1.6928491645546467e-05,2.19216691655689e-05
18,0.00016891848571497434,1.898314157507894e-06,8.676876516531737e-05,7.55693246969465e-05,1.7819465767387874e-05,1.4715556144161617e-10,6.185875747742647e-07,0.9678564229778555,1.7614159435889777e-06,2.293357452580275e-05,2.0810840294719256e-08,0.0218707368763048,1.4283132520082827e-06,1.2423436161358814e-06,1.7424373350059018e-08,5.124521409015098e-07,0.00434702719195656,6.039836293126802e-06,0.0014642197920311953,1.3246638382093991e-05,8.830996052102416e-06,0.004015267972864346,4.0756701840055036e-08,1.7191700672707834e-05,2.1465835961109386e-05
19,0.00013843386926710289,1.6586510094500893e-06,0.00011555658310059628,7.330529881834298e-05,2.2459492355314955e-05,1.2235377287924292e-10,5.609629715930235e-07,0.9641615115166772,1.808620056122545e-06,1.7884975529553825e-05,2.0093367953312604e-08,0.02661974619847938,2.060528275840889e-06,1.3790343644874956e-06,1.3821868720701665e-08,3.760587597774904e-07,0.003919430314551312,5.000281227325095e-06,0.0012867289895730765,1.4529560648708297e-05,5.911214823636178e-06,0.0035788026982259925,2.9582257080946e-08,1.6879665687794847e-05,1.591186574982311e-05
20,0.00046457961285811025,2.4595416416117535e-06,0.0002305187499097978,0.00013849468434096467,2.172760275597558e-05,3.305964260927193e-10,1.8190180487056954e-06,0.950561686023408,3.6831520697028144e-06,3.0863999227781395e-05,4.617557984237437e-08,0.039608428809965894,2.491215037825308e-06,2.7004764570085612e-06,2.2341182704499464e-08,1.1455390815192611e-06,0.0036163562539350603,1.125895490230602e-05,0.002325190249592961,2.389823423938287e-05,1.3363851274518777e-05,0.0028565733451993655,6.038073429565288e-08,2.572732896959467e-05,5.690412899046623e-05
21,0.00024036290332768578,1.8847890529795907e-06,0.00013213283883691855,0.00010637517771704991,2.1782543684157254e-05,2.135246925700345e-10,9.531692550036845e-07,0.9515673850649852,1.813185781528593e-06,2.8230022804293524e-05,2.6556190195885687e-08,0.03809842728103681,2.4416826799948455e-06,2.1091343023617622e-06,1.6322059717759425e-08,8.444495555547205e-07,0.004394251729673543,8.318496768200754e-06,0.001488966672903545,1.9421255938865898e-05,1.0243718709465195e-05,0.0038287046673723124,6.104734160882183e-08,1.9815842551203444e-05,2.5431233947135364e-05
22,0.0001776675356218492,1.5671091454301632e-06,8.646118094837943e-05,6.909448418102643e-05,1.6577323188930442e-05,1.6421618816428993e-10,5.777314699849195e-07,0.9642302820604659,1.4626690176206157e-06,2.0494785138632776e-05,2.4525995983915932e-08,0.02450179977711846,1.0939070775597217e-06,1.2028912776747341e-06,1.5228639236940997e-08,5.534683893264052e-07,0.004834254279486197,7.720976370670707e-06,0.0013432916283970563,1.4033158655535745e-05,1.1010338595785168e-05,0.004647730161477729,4.26303515787582e-08,1.5450219649735845e-05,1.7591765123376123e-05
23,0.00016074836066413078,1.8464996257434985e-06,8.585040850831928e-05,7.53369953142288e-05,1.810014180205781e-05,1.496580806573043e-10,6.133127310429335e-07,0.9688379377168345,1.7994784941261537e-06,2.2781717445985875e-05,2.0910866770602618e-08,0.021197346429179725,1.4090305712246175e-06,1.2456298022116965e-06,1.7544628031018836e-08,5.175030364383966e-07,0.004114585899577573,5.74123518938423e-06,0.0015035889658508426,1.330487881301014e-05,8.749921426389997e-06,0.00391128538789856,4.0088754623449327e-08,1.639786565637624e-05,2.073392767041782e-05
24,0.00012991259616753487,2.208460507174413e-06,9.442581159383694e-05,0.00010977414997424529,2.2513137400852228e-05,1.693044925393751e-10,6.918806756398487e-07,0.969610613740219,1.6468678116048032e-06,2.7808693928802107e-05,2.1857086133138713e-08,0.021477852851226695,1.9546462864279997e-06,1.7582479052179015e-06,1.3843700250284017e-08,4.976745995646135e-07,0.003312455201954,7.277170029218926e-06,0.001402613430494183,1.7076969365803248e-05,8.630996946028773e-06,0.0037313153222900733,4.784818853882599e-08,1.697694636256221e-05,2.1911485982374342e-05
25,0.00010037787081710281,8.60044854740857e-07,6.472647802109069e-05,6.685915687871894e-05,9.624467019041438e-06,5.302183164810694e-11,4.4170157785889765e-07,0.976976415911641,9.53761995759625e-07,9.957429626865745e-06,1.870274539012178e-08,0.016871942610041633,1.1048373650284094e-06,6.167554011663484e-07,6.387713970999541e-09,2.0540027091360643e-07,0.003241611903586277,4.025729583569723e-06,0.0008239122903179868,1.1750040028246203e-05,4.969625363946414e-06,0.0017879803620722888,2.205214539280157e-08,1.2090029995411036e-05,9.526397914737942e-06
26,0.0001982004080271588,1.5960514249971696e-06,9.069225930542458e-05,5.720367262419311e-05,1.1792605459234579e-05,7.650049703923109e-11,5.103098776377547e-07,0.9709669862400788,1.4176025375306972e-06,1.4839321011977886e-05,1.77642997575206e-08,0.018794649634027827,1.5505728548218848e-06,5.98980229357082e-07,1.120760710895127e-08,2.553188708520073e-07,0.006012967991338598,7.305620736121035e-06,0.0007661313259933897,1.1411038798357984e-05,5.705078782017859e-06,0.003010950201597883,2.6219699851596614e-08,2.9316337802189306e-05,1.586416051421767e-05
27,0.0001484062551876346,1.6609780226335016e-06,6.758188022009499e-05,5.773702414257602e-05,1.361980147244597e-05,1.5802859748059174e-10,5.248823528206229e-07,0.9751783386267691,2.2831076599694023e-06,2.2760216230044604e-05,1.7057669348203667e-08,0.014917617256481325,9.414499174519974e-07,9.054807018710778e-07,2.126009011368645e-08,5.259076862687955e-07,0.003605425649995797,4.527866599836681e-06,0.0015448952555231525,1.2655166957002275e-05,8.073646308931985e-06,0.0043775665320589146,3.2151663618291664e-08,1.3035095767242731e-05,2.0847292493464703e-05
28,0.00016074836066413078,1.8464996257434985e-06,8.585040850831928e-05,7.53369953142288e-05,1.810014180205781e-05,1.496580806573043e-10,6.133127310429335e-07,0.9688379377168345,1.7994784941261537e-06,2.2781717445985875e-05,2.0910866770602618e-08,0.021197346429179725,1.4090305712246175e-06,1.2456298022116965e-06,1.7544628031018836e-08,5.175030364383966e-07,0.004114585899577573,5.74123518938423e-06,0.0015035889658508426,1.330487881301014e-05,8.749921426389997e-06,0.00391128538789856,4.0088754623449327e-08,1.639786565637624e-05,2.073392767041782e-05
29,0.00016074836066413078,1.8464996257434985e-06,8.585040850831928e-05,7.53369953142288e-05,1.810014180205781e-05,1.496580806573043e-10,6.133127310429335e-07,0.9688379377168345,1.7994784941261537e-06,2.2781717445985875e-05,2.0910866770602618e-08,0.021197346429179725,1.4090305712246175e-06,1.2456298022116965e-06,1.7544628031018836e-08,5.175030364383966e-07,0.004114585899577573,5.74123518938423e-06,0.0015035889658508426,1.330487881301014e-05,8.749921426389997e-06,0.00391128538789856,4.0088754623449327e-08,1.639786565637624e-05,2.073392767041782e-05
30,0.00016074836066413078,1.8464996257434985e-06,8.585040850831928e-05,7.53369953142288e-05,1.810014180205781e-05,1.496580806573043e-10,6.133127310429335e-07,0.9688379377168345,1.7994784941261537e-06,2.2781717445985875e-05,2.0910866770602618e-08,0.021197346429179725,1.4090305712246175e-06,1.2456298022116965e-06,1.7544628031018836e-08,5.175030364383966e-07,0.004114585899577573,5.74123518938423e-06,0.0015035889658508426,1.330487881301014e-05,8.749921426389997e-06,0.00391128538789856,4.0088754623449327e-08,1.639786565637624e-05,2.073392767041782e-05
31,0.0024111410436136226,8.53959257540819e-06,0.00010914251620142943,8.252325698883758e-05,4.51135481486681e-05,2.2913193034230727e-07,2.4016977375487447e-05,0.45739638458091064,9.91700871901294e-05,0.00013849797702675606,4.979619777884708e-06,0.16531423142319274,5.719250113427703e-07,2.7094705839492176e-05,1.7842327174745808e-05,9.728077655020289e-05,0.008724970111816138,2.7950028207558104e-05,0.07714320814183367,5.0773526783282844e-05,0.000544069328921732,0.2874450925882388,3.7308974443467717e-06,3.524273144785394e-06,0.00027992161410220396
32,0.00015750316475752148,1.7744797571476275e-06,8.298164567893669e-05,6.892147514684231e-05,1.7763252901203484e-05,1.547017907338753e-10,5.961721786825745e-07,0.9698244167583127,1.9454967900080284e-06,2.2811808773790966e-05,2.0390503599047364e-08,0.020058895087825802,1.2910868362336874e-06,1.1859758674472046e-06,1.8953713266919884e-08,5.535097489376447e-07,0.004033618297465062,5.164871066631922e-06,0.0016633385798461033,1.2915842503452087e-05,8.80200105063833e-06,0.004000351960043605,3.8044687348333284e-08,1.5069361189857043e-05,2.0021628653126517e-05
33,0.00015989495596477012,1.984363718298208e-06,8.436927916188812e-05,7.377147571223802e-05,1.9454212943962045e-05,1.5419582125737785e-10,6.008623048965806e-07,0.9673628904435859,1.6729344167202243e-06,2.3216846859932073e-05,2.1099287526350507e-08,0.021884168581753443,1.5140380602305408e-06,1.302911574816282e-06,1.748063866094699e-08,5.112830079690536e-07,0.004385464049428663,6.1427945254393935e-06,0.0014769390046601126,1.3428976571604656e-05,8.477476095672648e-06,0.00445771650792127,4.2933910886180226e-08,1.7073468781643773e-05,1.9323864917332184e-05
34,0.00016612319074174866,1.8413816490843574e-06,8.776662998768242e-05,7.277447133950694e-05,1.7746777078340964e-05,1.524960548248627e-10,6.318752619113426e-07,0.9693333568904733,1.975093175965516e-06,2.2918743645969974e-05,2.073625702643667e-08,0.020801977133686804,1.4065325129721801e-06,1.236929320796701e-06,1.8270210616214045e-08,5.320696627129334e-07,0.003964323070567345,5.49789282507073e-06,0.0015934363259378142,1.327327806844131e-05,8.604645250200892e-06,0.003867204303785345,3.7853182989754306e-08,1.6110499225449164e-05,2.1185253656794938e-05
35,0.00023652835073037422,5.347125552335753e-06,0.0002962429458867524,0.00014831124312613634,0.00011161915106049444,7.296663659727526e-10,1.6614514710014253e-06,0.9146765949574169,3.0790955617323326e-06,3.4487702849517116e-05,7.828231950210761e-08,0.06354664903201404,4.6411948957124635e-06,1.1039439458708922e-05,1.198144657960116e-07,2.2910997059708603e-06,0.006727897596720655,6.120880718655149e-06,0.0035767666348336404,2.4299431605684734e-05,2.118889648610752e-05,0.010502198504688646,2.628600934094942e-07,2.611545395687051e-05,3.6458124715200266e-05
36,0.00016840098433148703,1.3350496700270787e-05,6.109614497554406e-05,0.0009558142415613878,1.5716918429609308e-05,1.5054222273621766e-08,1.950586134048186e-05,0.9837503538214312,2.331515618079371e-06,0.00026358244976713835,1.0875338046539912e-06,0.0035831761614148264,1.243910219625953e-06,4.092080837456657e-06,3.462046932257642e-08,3.6276095788537804e-06,0.0006349695794461979,0.0006550147702506203,0.0006280953145938056,0.00026515959209167484,0.00012225512834141832,0.008743897689668328,1.9689882694113855e-06,6.598456437513419e-05,3.9224968261184693e-05
37,0.0004277229823351645,2.2767830518043696e-06,0.00019216262143681602,7.931904526463775e-05,2.0146300519080097e-05,1.4527501674852812e-10,1.015561438469513e-06,0.9419508490315772,1.8047447607632813e-06,1.7428482658137483e-05,2.9167727061403876e-08,0.04546999726679035,2.1551487174746115e-06,2.234110556384139e-06,1.5412361817177595e-08,5.576680798124491e-07,0.005473700593994876,9.637918154352209e-06,0.001547108954281168,1.5271000243469727e-05,8.754714624903142e-06,0.004724595251215602,4.046150491492419e-08,2.5052437559551468e-05,2.812419587096354e-05
38,0.0003611466056943316,2.579498637730766e-06,0.00011942116282299221,7.69928877419763e-05,2.294957692482887e-05,5.64925694304531e-10,1.5691758290472295e-06,0.9527597802493708,3.290189489925819e-06,4.047303029205796e-05,4.7327765431970954e-08,0.030998424335305447,1.4457774091397146e-06,2.453069043117166e-06,5.027730357709399e-08,1.9193252399948484e-06,0.0047241784242349205,9.055686262332677e-06,0.002944802125328892,1.818690752191471e-05,1.9083330717098093e-05,0.007842125127763774,9.927344791038908e-08,1.8425111278716728e-05,3.150095964822949e-05
39,0.0001453276404394015,1.480269716536102e-06,7.942726699530375e-05,7.229980424450462e-05,1.7259381615078207e-05,1.4217642481270756e-10,5.363739669615406e-07,0.9704741996165807,1.66899891610168e-06,2.1178797155232723e-05,1.92613048755874e-08,0.020428173467166563,1.1664906449565585e-06,1.1189789223199137e-06,1.574486705013018e-08,5.284752545966922e-07,0.003818141174797038,5.091971960670714e-06,0.0014799728407889302,1.2550727728836796e-05,8.999875695190507e-06,0.0033979848699043644,3.719877050801693e-08,1.4027352502612227e-05,1.8793277885220173e-05
40,0.00047088962977586476,3.2512504000251215e-06,0.00019378909735993688,6.685002144096486e-05,3.2918361133893906e-05,3.4599387469443546e-10,1.0674580339777035e-06,0.9203132235225483,2.898911287465567e-06,2.095828249609868e-05,4.582471610483336e-08,0.05762400042886329,1.9120838335255683e-06,3.541512367679428e-06,4.3393406130460915e-08,9.004010548390029e-07,0.007091461554575405,9.45437292639662e-06,0.0026937277797125054,1.5416395726392213e-05,1.3189398105848318e-05,0.011387229492602262,6.575679256064073e-08,2.0044553011919853e-05,3.3120171834639645e-05
41,0.00014916519202635194,1.9006160448849104e-06,0.00010565348932474309,6.886955643210595e-05,2.2460210150076247e-05,1.6209598419586825e-10,6.04480334932062e-07,0.9742129650014368,2.7560448730334485e-06,2.418578865145668e-05,1.627568861487251e-08,0.016809149299673466,1.4183083102345526e-06,1.4080732484796261e-06,2.467522861662959e-08,6.263017977557152e-07,0.003197699239990786,3.6511779388773704e-06,0.0018683254826519482,1.2497669270131627e-05,7.880746058694189e-06,0.0034687985175073967,3.249057388242244e-08,1.6164912790505317e-05,2.3746287900309108e-05
42,0.0018652540472465216,4.470687861907868e-05,0.004138662992951267,0.0036243953909937164,0.00039895315569777906,2.5969633998897004e-09,1.2146464143676398e-05,0.6191567888321571,1.2540516077955351e-05,0.00011050513514423838,4.802117771833963e-07,0.3601737985081289,0.0004937644497747126,0.00010787151059678774,1.682018157422533e-08,3.4993211241039153e-07,0.005585883013920169,0.0004141525170756894,0.0007167110306062351,8.903100636682048e-05,1.1076442561287949e-05,0.002191282213963813,3.3175987555973067e-07,0.0004503876295096036,0.00040090694355453374
43,8.420914768711764e-05,1.2246339877182046e-06,3.0727871071783394e-05,4.7932226035569474e-05,1.5210704363421994e-05,1.7728540530436712e-10,3.227883469350571e-07,0.9804085549388922,1.3419529402017033e-06,3.137439795715395e-05,1.3625160664298208e-08,0.009812602240819802,5.149196811190594e-07,5.662005151242483e-07,1.9054399614081444e-08,6.532758312999322e-07,0.003667899316671968,4.215586314713321e-06,0.0015630132380573681,8.051918234065558e-06,1.19753808974719e-05,0.0042866079365861285,3.902999132780274e-08,1.064479592704973e-05,1.2284642344858827e-05
44,0.00016074836066413078,1.8464996257434985e-06,8.585040850831928e-05,7.53369953142288e-05,1.810014180205781e-05,1.496580806573043e-10,6.133127310429335e-07,0.9688379377168345,1.7994784941261537e-06,2.2781717445985875e-05,2.0910866770602618e-08,0.021197346429179725,1.4090305712246175e-06,1.2456298022116965e-06,1.7544628031018836e-08,5.175030364383966e-07,0.004114585899577573,5.74123518938423e-06,0.0015035889658508426,1.330487881301014e-05,8.749921426389997e-06,0.00391128538789856,4.0088754623449327e-08,1.639786565637624e-05,2.073392767041782e-05
45,0.00022163934782171895,2.521102357183317e-06,9.509471515276738e-05,0.00010465387298089745,2.0068867684940992e-05,2.242853663568563e-10,7.207072658143982e-07,0.9600908561036546,1.7838731029073972e-06,3.0379543883116294e-05,2.737706462084491e-08,0.02750969249195887,1.3452693745018678e-06,1.7176955369068515e-06,1.9697047575417648e-08,6.559580264412991e-07,0.005074556637026062,1.0919784037177375e-05,0.0015727582814302223,1.5527911099754753e-05,1.472404291520708e-05,0.005175995408047776,6.179813218308307e-08,1.931946850190346e-05,3.4959821611407525e-05
46,0.00015501064366020694,1.589189604351239e-06,7.687267864433725e-05,6.594274772393186e-05,1.5701954970152897e-05,1.0783507670510893e-10,4.843188858090382e-07,0.9682921274024979,1.3950386598261023e-06,1.7904853216051556e-05,1.911373430359703e-08,0.021213779887388772,1.3158399319332927e-06,9.022283190850489e-07,1.4719162559737172e-08,3.9661858610703206e-07,0.005283019189111401,5.48451899598009e-06,0.0011850432322081943,1.1884556987168732e-05,7.555355978554559e-06,0.0036286278674422063,3.629884502335564e-08,1.7696096879294793e-05,1.7195540731601938e-05
47,3.831886644328652e-05,1.3577465445834198e-06,5.5526913404017397e-05,0.0001230316273059821,2.288241232878123e-05,1.0931143470467529e-10,4.464554084247371e-07,0.989350248520815,1.964187865994124e-06,2.3156158993866483e-05,1.4347314064816753e-08,0.006307840329343939,1.2982045562316168e-06,1.0730676001390052e-06,1.298430440786213e-08,3.002845235136137e-07,0.0014740738345499413,2.5255738314122192e-06,0.001321232061107112,1.0881412636746456e-05,6.128297666993632e-06,0.0012308381790123622,3.3968216281079135e-08,1.1568400300243194e-05,1.524605661543408e-05
48,0.00011444591093313656,1.7906604573756526e-06,4.6657708134523774e-05,4.3111305891144663e-05,1.2220029104304477e-05,7.563220480207681e-11,4.5306939663394116e-07,0.9785393442341769,1.2507093263883935e-06,2.0492799351471943e-05,1.2107468423663431e-08,0.010904460394687917,1.0994780597717238e-06,6.081877606896898e-07,1.5754898897071718e-08,3.8451353797817664e-07,0.004929822019258348,3.1850903120310203e-06,0.0014634516608642391,8.517341354975975e-06,5.383143505405202e-06,0.0038752973016616525,3.0540972767713427e-08,1.6144780349649285e-05,1.1821182902748922e-05
49,0.00017516789812542424,1.5925003102920693e-06,0.00010947329107565215,7.751806109035993e-05,2.3740576866016675e-05,2.2325153728493524e-10,5.76862247594836e-07,0.9513378575558173,1.8137997706248927e-06,2.014554870981764e-05,2.916575788682936e-08,0.036953411028652024,1.5619454601947534e-06,1.6750572158440651e-06,1.778601278142345e-08,5.687567280054922e-07,0.004560186226525135,7.450405018787636e-06,0.0014509749896767564,1.6715529999548824e-05,9.93565046722239e-06,0.005217521700213946,4.5450087141473366e-08,1.375325763329705e-05,1.8266733286639882e-05
50,0.00015845320620734368,1.8561033471109887e-06,8.450376920573531e-05,7.476176320070032e-05,1.7939196286826706e-05,1.5120753651117786e-10,6.316090471282584e-07,0.9699674630271549,1.842682001936302e-06,2.3729920638215e-05,2.0164793483245795e-08,0.02021770466110996,1.4028546260621753e-06,1.2578831091056084e-06,1.7609831036289362e-08,5.375687488584733e-07,0.0039176434073318386,5.534020439853388e-06,0.0015615517054243335,1.3291841117069617e-05,8.62338311676413e-06,0.00390447231752443,3.952991257050053e-08,1.6052982904527058e-05,2.0668641712598945e-05
51,0.0001999128687981537,1.8727879980668889e-06,0.00010957234624292665,6.284741838184408e-05,2.3633077656818715e-05,1.9990514997036001e-10,5.936831670951688e-07,0.9643165599932647,2.766693859398167e-06,2.3592899078234944e-05,2.0677625975247783e-08,0.023915013033548385,1.38253053460879e-06,1.345155527427051e-06,3.2360928024581655e-08,9.191555083275967e-07,0.004890528796419232,3.702362995922786e-06,0.0022515214659086266,1.3411559852020011e-05,9.35813741940926e-06,0.00412723146126344,4.4079094218039606e-08,1.650537193065607e-05,2.763188309119851e-05
52,0.00014447353401650468,1.664135955017382e-06,8.349682078987807e-05,6.765499324939126e-05,1.7583880139532406e-05,1.104911874840239e-10,5.276877321688853e-07,0.9710456743607853,1.6692740876464451e-06,1.9479939176258066e-05,1.737932393474849e-08,0.01960694289862803,1.2380940207261674e-06,1.090357030809931e-06,1.6844279401195496e-08,4.7244393612964374e-07,0.004098784729337366,4.0363576302086605e-06,0.0015717303479163415,1.1231506782357136e-05,7.755199710406774e-06,0.003279457291816505,3.378805962163093e-08,1.5212666941529718e-05,1.9755358163688066e-05
53,0.00015939499459279602,1.8307932282083452e-06,8.55755363808547e-05,7.452767978807025e-05,1.847999957007868e-05,1.4714159301756942e-10,5.937801695305445e-07,0.9686049649089953,1.7636798253683633e-06,2.2480851997303734e-05,2.0554240199064985e-08,0.021420601554726984,1.3993983285789978e-06,1.2389748709168596e-06,1.7237286445441534e-08,5.07200829106148e-07,0.004145601246583431,5.702463527501822e-06,0.001498831137405597,1.2984242861022215e-05,8.679901287372596e-06,0.003897924616369228,3.9486181338490984e-08,1.6369770965264298e-05,2.0469842847982756e-05
54,0.0004391753423048314,4.4468734487136015e-06,0.00017845789613367907,0.00010700798735632032,2.0172265363617652e-05,3.4172657555495383e-10,1.9057774454434637e-06,0.9537225763059561,4.237003722015412e-06,4.8261500234478315e-05,2.7470976731861448e-08,0.03119795441009274,2.3741615360995817e-06,3.390467219407405e-06,4.811117789835299e-08,1.618842576248055e-06,0.004391844598065316,7.246567504787004e-06,0.0027985365245155945,2.270385115529168e-05,1.340685952894514e-05,0.00693960791764869,7.611184282709624e-08,2.41510207137604e-05,7.077179175375784e-05
55,0.00012218678794148936,1.8970629324301206e-06,6.071877432690723e-05,6.76572859457219e-05,2.2141807857638028e-05,1.865362131245885e-10,5.583596614160614e-07,0.974474940980693,1.455640434763154e-06,2.7597747064771475e-05,1.8644986772152834e-08,0.014171594223575477,8.734265764970755e-07,1.3757639080221105e-06,2.5874753235042788e-08,8.022563212522198e-07,0.004056269090088281,4.1713782120105216e-06,0.00193762022973823,1.0509991860203449e-05,1.190064870409086e-05,0.004994415258122878,6.083608910258765e-08,1.3515644937063966e-05,1.7692098732759814e-05
56,0.00016132758036160384,1.9402296764870945e-06,9.255379572442852e-05,7.72822173604939e-05,1.9036743312286158e-05,1.5185311091037606e-10,6.437936186802452e-07,0.9682939442356276,1.867760478163952e-06,2.281600457482545e-05,2.2023282294533134e-08,0.021749775565713947,1.6709695968719952e-06,1.2879782725334672e-06,1.7590096493187903e-08,5.030387619569689e-07,0.0042188884961385145,5.9365305325162234e-06,0.0014569139307085454,1.4158863773026459e-05,8.225704043634178e-06,0.0038331671141054375,4.06455371406808e-08,1.7950979468838395e-05,2.0028057380171126e-05
57,0.00011476476547742137,1.0658363992584959e-06,9.056582132571387e-05,4.4502695395633555e-05,2.0939897204026216e-05,9.868787460475872e-11,3.2861053232523725e-07,0.9641169384464304,1.663996960993516e-06,1.5533517257049576e-05,1.3558571481109514e-08,0.026220308774778094,1.1584878327783163e-06,8.840884193338852e-07,1.3261275398301283e-08,4.392697176267832e-07,0.004382575288502717,2.907219847862416e-06,0.0016541793209448516,9.959421545463559e-06,6.130664194827945e-06,0.003291812607598,2.043804245853243e-08,1.1211884316022085e-05,1.2082028742535323e-05
58,0.00015852420639406634,1.9329205874339748e-06,8.278798429846818e-05,7.0997052278098e-05,1.7311448113553718e-05,1.299882560028019e-10,5.833549641366997e-07,0.9701062841264255,1.6665672447595953e-06,2.1880298555784794e-05,2.019894875681894e-08,0.01971069692879029,1.4677297000362802e-06,1.0809401228619716e-06,1.7086352826459703e-08,4.5165814519579765e-07,0.004627013041793651,5.875396023667829e-06,0.001328755993594279,1.2449463268096621e-05,8.30538881628766e-06,0.003803380544172954,3.903565864262647e-08,1.919117822102843e-05,1.9287327541431603e-05
59,0.00016884366826354298,1.8043010605521516e-06,9.245749683531512e-05,6.916497722741732e-05,1.653291806150262e-05,1.1773331180130182e-10,5.745491675678447e-07,0.9699795645413842,1.6547284822298324e-06,1.9995970746424584e-05,1.9541682130260835e-08,0.020267083624801233,1.4582133442536772e-06,1.0214778691705604e-06,1.5791398548224324e-08,4.2865793181481757e-07,0.004650726113282915,5.901512244198863e-06,0.0012003477946128053,1.2549823947221193e-05,7.983582703760213e-06,0.0034620294640207985,3.482143071935209e-08,2.059734727849186e-05,1.9208964489604613e-05
60,0.00016074836066413078,1.8464996257434985e-06,8.585040850831928e-05,7.53369953142288e-05,1.810014180205781e-05,1.496580806573043e-10,6.133127310429335e-07,0.9688379377168345,1.7994784941261537e-06,2.2781717445985875e-05,2.0910866770602618e-08,0.021197346429179725,1.4090305712246175e-06,1.2456298022116965e-06,1.7544628031018836e-08,5.175030364383966e-07,0.004114585899577573,5.74123518938423e-06,0.0015035889658508426,1.330487881301014e-05,8.749921426389997e-06,0.00391128538789856,4.0088754623449327e-08,1.639786565637624e-05,2.073392767041782e-05
61,0.0001679996630439151,1.8437718514222248e-06,0.00010018430092816139,7.01152885947624e-05,1.777234768606678e-05,1.2639877080960535e-10,5.864204473200841e-07,0.9676679001444889,1.7783997604618582e-06,1.97460989537982e-05,2.122722786810302e-08,0.02238309833838609,1.4998590000733164e-06,1.1310389644691488e-06,1.670583142575214e-08,4.4577142622665044e-07,0.004555537695065907,5.765608766061554e-06,0.0013145699813737093,1.32534811046056e-05,8.24264410033381e-06,0.003629615327877843,3.4369660863604704e-08,1.9158344069636052e-05,1.9683044991047615e-05
62,0.00016074836066413078,1.8464996257434985e-06,8.585040850831928e-05,7.53369953142288e-05,1.810014180205781e-05,1.496580806573043e-10,6.133127310429335e-07,0.9688379377168345,1.7994784941261537e-06,2.2781717445985875e-05,2.0910866770602618e-08,0.021197346429179725,1.4090305712246175e-06,1.2456298022116965e-06,1.7544628031018836e-08,5.175030364383966e-07,0.004114585899577573,5.74123518938423e-06,0.0015035889658508426,1.330487881301014e-05,8.749921426389997e-06,0.00391128538789856,4.0088754623449327e-08,1.639786565637624e-05,2.073392767041782e-05
63,0.00016482140720305348,2.105519426240214e-06,8.805906734036758e-05,7.40858612589434e-05,1.765952530961382e-05,1.4946012807799012e-10,6.50349185793519e-07,0.9695797408227915,1.915185486085048e-06,2.3438356950630473e-05,2.2039536010597307e-08,0.020123171208546932,1.5083299803706914e-06,1.213765381153785e-06,1.8891047043095993e-08,4.967651447621661e-07,0.0042678162992731425,5.990952525082145e-06,0.0014879310825109116,1.3744190744249252e-05,8.662738360648623e-06,0.004097417839659315,3.9786468334491835e-08,1.818851295185601e-05,2.130135345783047e-05
64,0.000158427435483801,1.7698006979547375e-06,7.823634470149426e-05,7.340093484701255e-05,1.8204688064046607e-05,1.580018941087722e-10,5.684340298497362e-07,0.9685202815140369,1.6498894406478081e-06,2.2831324053853692e-05,2.359995698411911e-08,0.02115383686838289,1.1180152317220948e-06,1.1223665706954154e-06,1.9127935399478036e-08,5.476339085813795e-07,0.004554723319400841,6.123132970091083e-06,0.0015169593150930489,1.1838478884862191e-05,1.1585770543302274e-05,0.003829619789532271,4.3894290362880597e-08,1.6530438914418654e-05,2.053772502694452e-05
65,0.00015665254923919087,1.8783892023964666e-06,8.349732107205676e-05,7.135339717849873e-05,1.641765537957375e-05,1.309245992116059e-10,6.188259505390446e-07,0.9714425097929855,1.8456052881151792e-06,2.1895188707208245e-05,1.9592113571632063e-08,0.01896216172924158,1.4195981999299628e-06,1.1288683365060162e-06,1.733688535234131e-08,4.750281144329529e-07,0.003994303210609754,5.188292251540615e-06,0.0014703716745232823,1.2986401812630968e-05,7.8452191252161e-06,0.0037103604512398673,3.6395140686404194e-08,1.6807173523313865e-05,2.0210172954626418e-05
66,0.00021699354357728238,2.947550565585392e-06,8.895861361833823e-05,8.91692694619847e-05,2.3673032108970154e-05,1.7220335744582068e-10,6.019688551450656e-07,0.9575215860143438,1.4197629040953802e-06,2.2306617734015524e-05,3.122224783953244e-08,0.027132788047615073,1.3458658352725544e-06,1.5175244240046464e-06,2.8338424237605737e-08,4.571242958190194e-07,0.007677218348656965,9.855506964012543e-06,0.0012459691707790211,1.0824435066024023e-05,1.4512612657382855e-05,0.005880850411026081,7.433518373296269e-08,2.713487034548755e-05,2.9735641106559197e-05
67,0.0001832687387841711,2.038818813944118e-06,0.00010571122845794223,9.242268728073896e-05,2.0852776066978347e-05,1.9908475608427125e-10,7.328994929149206e-07,0.962684971237076,1.983073254236183e-06,2.4821029797471353e-05,2.5794529080897505e-08,0.026528474962901137,1.6856838576680689e-06,1.7122101753089676e-06,2.051804293973505e-08,6.555967964777023e-07,0.004345700903378942,6.847459607270004e-06,0.001578902199814539,1.6823524717536824e-05,1.0294754600738239e-05,0.004349927693712161,5.3339077998478005e-08,1.6949327376029307e-05,2.512334330306284e-05
68,0.00018603943462584214,2.0312548055434693e-06,8.238276985400986e-05,8.987284785839579e-05,1.656324950613339e-05,1.975834192270843e-10,6.430401659274798e-07,0.9629241644814249,1.6950916474311647e-06,2.454064398235234e-05,2.9118500725794035e-08,0.025525174161854673,1.3643448683828736e-06,1.2373903093205873e-06,1.8166537355923272e-08,5.24051532672703e-07,0.005044911842980345,9.731821346266523e-06,0.0012519950506111005,1.629099196988825e-05,1.196899635145514e-05,0.004766219699663242,5.420846377291759e-08,1.8049997544954778e-05,2.4497146011774885e-05
69,0.00018712872287466082,2.038574916978867e-06,8.806110096420947e-05,7.050603294021821e-05,2.2079816723128153e-05,1.937243089763409e-10,6.589773410903145e-07,0.9622036937939719,1.9331074342932104e-06,2.3001012619906228e-05,2.590486914867295e-08,0.0258051042376587,1.4814313308451609e-06,1.528486489522309e-06,2.2007919607341994e-08,5.66392604418575e-07,0.0045201113960487765,6.476765591793326e-06,0.0017667640622968178,1.2470277295623125e-05,9.704107614962457e-06,0.00524013866571787,4.706448210015721e-08,1.6276996759745964e-05,2.0180869809371244e-05
70,0.00011598411368553655,1.5196660723721842e-06,5.453307812192591e-05,5.74523163029059e-05,1.3743909380306301e-05,1.0724158568904055e-10,4.5579838917039695e-07,0.9776921438315979,1.5184409132729437e-06,2.0818569777102113e-05,1.6517545574295932e-08,0.013651754606351808,9.805733466240526e-07,7.125281305865817e-07,1.499381762190958e-08,3.8881932308096903e-07,0.003729931401124448,4.376662447917007e-06,0.0013644675393225546,9.828882648972339e-06,7.603952601080603e-06,0.003242553450886294,2.9924770889748724e-08,1.4377887357152954e-05,1.4792428843199831e-05
