,0,1,2,3,4,5,6,7,8,9,10,11,12,13,14,15,16,17,18,19,20,21,22,23,24
0,0.8969498206814077,1.8286199430662296e-10,0.0014893600263757288,2.6704840240532675e-06,7.729122637939664e-05,3.269782051326467e-06,0.003863483684748713,0.015861986360880913,1.3341530852619773e-05,0.00012264894896037572,2.898977001269642e-08,4.8259890525985954e-05,0.0213658059252937,5.279362066890449e-07,3.587428221540648e-10,0.04073734088368431,0.00322957665730353,1.3029056667632509e-06,0.014629108946554623,1.1560116488819663e-07,1.540265596833014e-07,1.6426873508868524e-06,7.980761629649767e-09,0.0016022498779087214,4.423962789924137e-09
1,0.8795929513915812,5.482709088809103e-10,0.00244427886450713,2.5356973925257233e-06,0.0001572981424266329,5.67179793936604e-06,0.004461092851191774,0.013497316347086324,1.5654427050960708e-05,0.00011531273885701307,3.145594085914871e-08,6.608105658075772e-05,0.01665707625200572,6.831620730296045e-07,5.394958430878222e-10,0.042777108636352444,0.004652842556057198,1.3417027346025004e-06,0.03371407629820212,1.0980724104189326e-07,2.2268767112326366e-07,4.116227141788526e-06,6.724100835972381e-09,0.0018341821610722946,7.927026184612456e-09
2,0.9006386567335242,7.607761304687957e-10,0.002226325074427214,3.2151018855006442e-06,0.0001700838268623647,3.996050891589257e-06,0.004584166934566971,0.018902688271619318,1.5755614275255574e-05,0.00012620593306103637,6.538323194983754e-08,8.944583677790212e-05,0.017107194517308195,1.1676537115785654e-06,1.076225834619309e-09,0.0274227237493722,0.004875362367240231,1.8089979599477476e-06,0.022221094660786592,1.803509563256181e-07,2.402796291244435e-07,4.7664223415285175e-06,8.737986008286886e-09,0.0016048320880591405,1.3576523890118989e-08
3,0.8897519567675799,5.669684114407469e-10,0.0019844293895367343,3.133686988063692e-06,0.00015197099873889044,5.551718884985241e-06,0.006087412563483364,0.014326890505890057,1.2338604364432814e-05,0.00011098026138276886,4.046200125090393e-08,9.592891318064093e-05,0.01642968856441577,1.1384513595934525e-06,6.78441293764578e-10,0.038588886017833314,0.005435732908375357,1.8120468745814404e-06,0.024915223531505635,1.4398095298609395e-07,2.470075358473506e-07,5.0324646892644655e-06,7.791346610474183e-09,0.0020914409820490002,1.1135621165430282e-08
4,0.8888422911038678,5.146837853605546e-10,0.0019899054183539163,3.0043414711289086e-06,0.00014722348504561477,5.354605506987843e-06,0.005800202149278852,0.013534575821475027,1.0878129230786194e-05,0.00011048594323085506,3.7942971077851955e-08,8.946129664610632e-05,0.018249516835606366,1.1634052636331047e-06,6.040498148573451e-10,0.038324016053970685,0.0054753858937808455,1.8226793949743159e-06,0.0251822440086113,1.5064828669133224e-07,2.383296949658024e-07,4.406123900714418e-06,7.634799607867276e-09,0.002227616726472929,1.0304405406786212e-08
5,0.8891449844545837,5.987489524734651e-10,0.0017256280123976809,3.633979485324642e-06,0.00014972815773257325,6.220987680999747e-06,0.005603941835366397,0.013923045970913626,1.1806574337278984e-05,0.00011468729673707585,4.515180756385326e-08,9.492776636011355e-05,0.017422573182501608,1.2693451027335e-06,7.402987640567102e-10,0.03995059742663638,0.005106536545137136,2.3828887220065718e-06,0.024621649352252195,1.6798503212030657e-07,2.503847984783221e-07,4.813390043876239e-06,8.809379392942741e-09,0.002111088054661241,1.1109282970613535e-08
6,0.8897519567675799,5.669684114407469e-10,0.0019844293895367343,3.133686988063692e-06,0.00015197099873889044,5.551718884985241e-06,0.006087412563483364,0.014326890505890057,1.2338604364432814e-05,0.00011098026138276886,4.046200125090393e-08,9.592891318064093e-05,0.01642968856441577,1.1384513595934525e-06,6.78441293764578e-10,0.038588886017833314,0.005435732908375357,1.8120468745814404e-06,0.024915223531505635,1.4398095298609395e-07,2.470075358473506e-07,5.0324646892644655e-06,7.791346610474183e-09,0.0020914409820490002,1.1135621165430282e-08
7,0.6756604028485845,4.02115010572063e-09,0.0023077758862615435,1.0745651041310273e-05,0.0003389508219036594,7.280718990191e-05,0.0164097539164231,0.02200096014052741,4.25578946575124e-05,0.0001364273049880894,9.170179772466441e-08,0.0005638145411122844,0.01583924567300683,3.812595649678595e-06,5.7855113920249344e-09,0.19422106348133145,0.012674252215508983,2.1751460673660076e-05,0.05372508098974724,3.471251187262569e-07,3.2814154037684356e-06,3.0277821799523836e-05,8.549511274367879e-08,0.005936460491785686,4.35310010508185e-08
8,0.9200907504187965,3.866913840565429e-10,0.002271331283149647,2.059589518197685e-06,9.561670682996798e-05,2.5015344350512592e-06,0.0050950690056006855,0.010881725786046348,7.981434564221934e-06,0.00012392554193858916,2.797801203680713e-08,6.887952196186615e-05,0.016538010640807715,9.362108460369621e-07,4.312348204982564e-10,0.01987705808348805,0.00570790217028525,7.845850559580789e-07,0.01649312483098103,1.1114013938497534e-07,1.9053960039879914e-07,3.5626491009760647e-06,7.614160978875359e-09,0.0027384299665427093,1.1950212093311829e-08
9,0.930172334990688,5.007986896281628e-10,0.0017255068021179382,2.271048285141232e-06,9.342429510179012e-05,2.4748416784300693e-06,0.00433583514266577,0.012122619300815056,9.6300469356341e-06,0.00011645989678489746,3.592985459925256e-08,6.764243072999586e-05,0.012906328170325682,9.476618229556113e-07,6.21111066553576e-10,0.016560934297601727,0.004652514343231423,8.972884166996834e-07,0.015145835164323744,1.0310349176126954e-07,1.6983640985071853e-07,3.886140698831374e-06,8.030060980590059e-09,0.002080126307124866,1.380892449585448e-08
10,0.8897519567675799,5.669684114407469e-10,0.0019844293895367343,3.133686988063692e-06,0.00015197099873889044,5.551718884985241e-06,0.006087412563483364,0.014326890505890057,1.2338604364432814e-05,0.00011098026138276886,4.046200125090393e-08,9.592891318064093e-05,0.01642968856441577,1.1384513595934525e-06,6.78441293764578e-10,0.038588886017833314,0.005435732908375357,1.8120468745814404e-06,0.024915223531505635,1.4398095298609395e-07,2.470075358473506e-07,5.0324646892644655e-06,7.791346610474183e-09,0.0020914409820490002,1.1135621165430282e-08
11,0.8871240745551102,5.071921037280201e-10,0.0020316245554024156,2.986528728771154e-06,0.00014172875866789542,5.376597419189421e-06,0.005907168497446527,0.014968637443891278,1.1788903281422676e-05,0.00011785298226273123,3.821562710442969e-08,9.299748442589566e-05,0.01847932518186668,1.0777523525986025e-06,6.208283526197345e-10,0.03849996981970228,0.00557865796479623,1.7553930839247209e-06,0.024807283807479482,1.4908859819714376e-07,2.3731442843202941e-07,4.647594113058394e-06,7.561213940605713e-09,0.0022226026591806265,1.0212900749881163e-08
12,0.813389588323209,1.2004121855608151e-09,0.001462729104360401,5.79907598829387e-06,0.0012582155017438073,2.2864205170577884e-05,0.033240280517021,0.002850428479561482,1.4734954755386765e-05,8.442915474695277e-05,9.005208719795054e-08,0.00022853045372951916,0.02003134867930489,1.6782246063640783e-05,1.5193256685689942e-09,0.08666573352128512,0.008478292708374583,2.1858211749929785e-05,0.024845228207285897,6.282437186483174e-07,1.1897492494096406e-06,4.576838365656332e-06,1.0979844493521696e-07,0.007376491607525091,6.764652059399262e-08
13,0.9199529545410464,3.1857831194314845e-10,0.0023418311196895148,3.6931962407297985e-06,8.478075040306439e-05,1.1207606106392907e-06,0.0032214949231952426,0.01891472195283629,6.920053117171912e-06,9.277228973300026e-05,1.8694125578441646e-07,0.00014400841162329968,0.018933418548112316,2.467721864982006e-06,1.4853619695589324e-09,0.02384362735857927,0.003987423201528669,2.2879853688707535e-06,0.007539503134096439,2.777133073413518e-07,2.8835579947542586e-07,2.5372311506265513e-06,1.0576565071384735e-08,0.0009236625410200469,8.88891564447501e-09
14,0.8702050181032905,1.0804041542731135e-09,0.0026149813656641792,3.941269253256919e-06,0.0002555800639405888,7.383121904702232e-06,0.0048399053021147736,0.011979333792346093,1.3043067144577823e-05,0.00010522247153124583,5.813404398431819e-08,8.612013086181232e-05,0.01843724683356507,1.4685931850358305e-06,8.825482192540802e-10,0.045308032771161015,0.004920731479172844,2.5549492233853524e-06,0.03937397228491419,1.9523584332950818e-07,2.796226959315963e-07,5.325701280717947e-06,8.263048485425322e-09,0.0018395832344719678,1.2246389836370353e-08
15,0.8897519567675799,5.669684114407469e-10,0.0019844293895367343,3.133686988063692e-06,0.00015197099873889044,5.551718884985241e-06,0.006087412563483364,0.014326890505890057,1.2338604364432814e-05,0.00011098026138276886,4.046200125090393e-08,9.592891318064093e-05,0.01642968856441577,1.1384513595934525e-06,6.78441293764578e-10,0.038588886017833314,0.005435732908375357,1.8120468745814404e-06,0.024915223531505635,1.4398095298609395e-07,2.470075358473506e-07,5.0324646892644655e-06,7.791346610474183e-09,0.0020914409820490002,1.1135621165430282e-08
16,0.8366579312822546,3.224153976419452e-10,0.002653752123008493,4.2502939677341874e-06,0.00015088079836141218,6.286624792251925e-06,0.008003346511132846,0.014240467834169917,6.962298512052615e-06,0.00010270098224300343,6.131252271063244e-08,0.00018316263072155138,0.026519953134656667,2.299854009679746e-06,7.795122236084078e-10,0.08209102460626608,0.006719827124533568,4.3125060892564275e-06,0.020028679932332403,2.992217757971246e-07,5.844421670205145e-07,4.053777977760617e-06,1.125995804573782e-08,0.0026191432138937634,7.132725638990188e-09
17,0.9166723272596611,3.420570025192799e-10,0.0017229702146976623,3.001519679470916e-06,0.00012896411628221736,3.048270387310309e-06,0.008569365293883692,0.011241102403038201,8.562450097598158e-06,8.143924852137437e-05,3.9240515422035914e-08,0.00012179508128963432,0.014426384570891241,1.4470864500332897e-06,4.432498112042554e-10,0.027832760461634996,0.00580037985198543,1.1903642181081588e-06,0.011499473972551397,1.2745338732009272e-07,2.1535806163496364e-07,4.481669828542971e-06,7.0034904922115154e-09,0.001880903326919275,1.2997220901521628e-08
18,0.9396647242636053,5.028881145374682e-10,0.0010780363812138507,1.7937524788934763e-06,0.0001306076047845997,2.788183529426245e-06,0.005896298893434426,0.006114294280703382,8.609612472481179e-06,7.904641542676004e-05,3.1723881074784445e-08,5.3609292268287935e-05,0.007578792248405949,1.0624648333899172e-06,4.2380897118308155e-10,0.01303075954395804,0.007524685460261104,1.0278885900849149e-06,0.017071061745395036,8.228741906639792e-08,1.414232470723569e-07,5.08881661133385e-06,6.747424469299786e-09,0.001757428195908064,2.184745103003652e-08
19,0.8723696055034854,4.475459168930868e-10,0.0024457622371002728,3.1549263662947202e-06,0.0001521127311527985,6.470794363254387e-06,0.009703446792449976,0.019755116607177013,1.4543737784565017e-05,0.00016960097959869337,3.1594659007581335e-08,0.00012182853392222197,0.021735580873498018,8.450310266535286e-07,4.950726498728402e-10,0.040290665139039554,0.007202451285177722,1.2618284264885505e-06,0.023171999783456236,1.4711182150979592e-07,2.2993468139136033e-07,6.676431923598779e-06,6.6400499605619735e-09,0.002848448400865558,1.2159355211513683e-08
20,0.8356365750767913,1.6045972069851798e-09,0.0032735406786363296,5.549144995217268e-06,0.00015615224786699817,1.0794536607351165e-05,0.0064414652326197416,0.03641222206142554,2.0992468186637247e-05,0.00017186587767311138,8.592689297174869e-08,0.0002781083209766668,0.019559317865409084,1.5416940953294641e-06,2.494924920333032e-09,0.057812369385253894,0.007006056535598576,3.236946644018088e-06,0.030721858806992165,2.3462384186672096e-07,6.310466387614142e-07,1.4801250942810256e-05,1.2257282142790282e-08,0.0024725662889527674,1.7626154623006846e-08
21,0.8962436739243631,4.6173635373690626e-10,0.0018568866201808794,4.1279444258815966e-06,0.00012698847991313085,4.216203827777776e-06,0.00461026767946617,0.011346762478145494,8.5713272556771e-06,7.759153673089223e-05,5.5741370234820656e-08,0.00010436050468509767,0.016082544042640902,1.6435740309009682e-06,7.100206029064756e-10,0.045364260203749014,0.004091380722263169,2.425776460904092e-06,0.018574596799634316,1.7050704266699538e-07,2.8844807726786287e-07,3.569546897053272e-06,8.586998010652474e-09,0.00149559988712661,8.292957880866378e-09
22,0.8921781705018875,3.383538483363114e-10,0.0021785002165548547,3.09253681126046e-06,0.00013709271030364097,3.73715963484974e-06,0.005069462450794657,0.01168657417723735,8.0646319385935e-06,0.0001125868697748656,5.545484116354235e-08,8.706149251448664e-05,0.018568728154684085,1.292024785281279e-06,6.062286147461115e-10,0.041119066379268085,0.0065984529656885026,2.395988635401178e-06,0.020429805454837784,2.0345433617070183e-07,3.071591998983627e-07,3.683041159758639e-06,8.202722064837389e-09,0.0018116500447036064,7.983103526990512e-09
23,0.8897519567675799,5.669684114407469e-10,0.0019844293895367343,3.133686988063692e-06,0.00015197099873889044,5.551718884985241e-06,0.006087412563483364,0.014326890505890057,1.2338604364432814e-05,0.00011098026138276886,4.046200125090393e-08,9.592891318064093e-05,0.01642968856441577,1.1384513595934525e-06,6.78441293764578e-10,0.038588886017833314,0.005435732908375357,1.8120468745814404e-06,0.024915223531505635,1.4398095298609395e-07,2.470075358473506e-07,5.0324646892644655e-06,7.791346610474183e-09,0.0020914409820490002,1.1135621165430282e-08
24,0.8969410365169729,6.81812851648818e-10,0.0018567771857120365,4.1097718312788416e-06,0.0001805469232270339,5.484116845816158e-06,0.0050380235793600694,0.012090514386117274,1.0843118553624255e-05,0.00010420461217404192,4.956946456353351e-08,9.809406696746456e-05,0.017463495867594905,1.3767593344672466e-06,6.614422564116729e-10,0.03612810976728882,0.004634552980441646,2.060342512541978e-06,0.0237050186707141,1.6996142473386244e-07,2.2292546973701763e-07,4.92937396341049e-06,7.431581063377654e-09,0.0017303589866486636,1.1742544845370066e-08
25,0.9187867916070112,2.1556467592288398e-10,0.0016528451852051368,3.0582106204207973e-06,0.00010527036389731849,1.7826845247192888e-06,0.00611878441598862,0.015539951476406674,7.166379126233467e-06,9.48004689599098e-05,6.566473275693423e-08,8.984148139587012e-05,0.018792244261262213,1.3493163754806638e-06,4.947295168617963e-10,0.023700922187265067,0.004851871838203358,1.4503187185435248e-06,0.008956464794344693,1.8620244100948457e-07,1.5902788901102454e-07,2.6485007388933615e-06,5.916915369450727e-09,0.001292330748416131,8.239267369155273e-09
26,0.9199080899048915,3.146025282676781e-10,0.0011549409716286002,1.6894499973182907e-06,0.00012102915738808897,3.8375951602714975e-06,0.00456790151721018,0.009178327716222902,1.2617954465402555e-05,0.00010271570904827145,2.2935118316549534e-08,3.588377453253959e-05,0.013578382347529692,6.504233800139071e-07,3.7351269961145157e-10,0.02275679480119125,0.004451461891418057,1.3725458476152635e-06,0.022103658248287496,9.653412800778565e-08,1.337996719589915e-07,2.319809726687105e-06,7.818829934193718e-09,0.0020180557226871535,8.683523507997313e-09
27,0.8921069383096689,1.0468431888158231e-09,0.0018488481533330387,3.7446320794547226e-06,0.0001482463962951205,6.8767053357761136e-06,0.005607501075496562,0.01915549422758551,2.0172272865611717e-05,0.0001242553435462802,4.600210916716977e-08,0.00010738426023826773,0.012671792815479132,9.287429626744085e-07,9.767290543486604e-10,0.033250156933892674,0.0050078186322137985,1.5088634237476976e-06,0.028204340583505752,1.1462257301485008e-07,2.0882127143106117e-07,8.42576965597118e-06,7.3806864823674394e-09,0.0017251707980116835,1.6634197548980686e-08
28,0.8897519567675799,5.669684114407469e-10,0.0019844293895367343,3.133686988063692e-06,0.00015197099873889044,5.551718884985241e-06,0.006087412563483364,0.014326890505890057,1.2338604364432814e-05,0.00011098026138276886,4.046200125090393e-08,9.592891318064093e-05,0.01642968856441577,1.1384513595934525e-06,6.78441293764578e-10,0.038588886017833314,0.005435732908375357,1.8120468745814404e-06,0.024915223531505635,1.4398095298609395e-07,2.470075358473506e-07,5.0324646892644655e-06,7.791346610474183e-09,0.0020914409820490002,1.1135621165430282e-08
29,0.8897519567675799,5.669684114407469e-10,0.0019844293895367343,3.133686988063692e-06,0.00015197099873889044,5.551718884985241e-06,0.006087412563483364,0.014326890505890057,1.2338604364432814e-05,0.00011098026138276886,4.046200125090393e-08,9.592891318064093e-05,0.01642968856441577,1.1384513595934525e-06,6.78441293764578e-10,0.038588886017833314,0.005435732908375357,1.8120468745814404e-06,0.024915223531505635,1.4398095298609395e-07,2.470075358473506e-07,5.0324646892644655e-06,7.791346610474183e-09,0.0020914409820490002,1.1135621165430282e-08
30,0.8897519567675799,5.669684114407469e-10,0.0019844293895367343,3.133686988063692e-06,0.00015197099873889044,5.551718884985241e-06,0.006087412563483364,0.014326890505890057,1.2338604364432814e-05,0.00011098026138276886,4.046200125090393e-08,9.592891318064093e-05,0.01642968856441577,1.1384513595934525e-06,6.78441293764578e-10,0.038588886017833314,0.005435732908375357,1.8120468745814404e-06,0.024915223531505635,1.4398095298609395e-07,2.470075358473506e-07,5.0324646892644655e-06,7.791346610474183e-09,0.0020914409820490002,1.1135621165430282e-08
31,0.8548642268615979,2.032543014764913e-09,0.001209247210669476,7.168418823646013e-06,0.0005015313086777654,2.8960905889149915e-05,0.027589662292831267,0.00489170281773609,2.7759197307565607e-05,0.00015981647254785416,6.977162881125708e-08,0.00017696141109978868,0.007411487193282259,3.767164568697702e-06,1.4797153503251933e-09,0.05515138681355832,0.008821281781122832,4.499774650438995e-06,0.03520990822620051,1.5409474477861836e-07,4.906743320147836e-07,1.941255804029105e-05,3.456286645500085e-08,0.003920386460715032,8.051485057259832e-08
32,0.8894366495286256,6.138871851386078e-10,0.002019050610356687,2.940727388791844e-06,0.00015390627162300223,5.5264747230378355e-06,0.005161116929210901,0.01330380109593542,1.18713140905423e-05,0.0001067724480421938,3.8319125196763455e-08,8.428417257147486e-05,0.016390272311121477,1.0902984967179286e-06,6.50850509099145e-10,0.037409989360436914,0.0052157849295240795,1.7714401319987913e-06,0.028656656179472613,1.3754848326220986e-07,2.2993000485786873e-07,4.763257800266753e-06,7.205830229174163e-09,0.00203332783303233,1.054923473977448e-08
33,0.9047889278236502,6.212751483781943e-10,0.0019126653139941387,3.4912250667100336e-06,0.00016342233862688408,4.574851665165799e-06,0.00658273771287101,0.01581095537857597,1.684130864109769e-05,0.00011024208219514427,6.193794986735055e-08,9.71028093550877e-05,0.013542246816802748,1.217924879045417e-06,9.717170845358933e-10,0.032269407387401056,0.00473714254278673,1.790865605621616e-06,0.018411128633663534,1.478600276573348e-07,2.594720168695712e-07,4.943218483800072e-06,9.87368592637462e-09,0.0015406668701819764,1.4158881597714224e-08
34,0.8478338295886777,8.600010926196881e-10,0.002567823929142322,4.445145609433967e-06,0.0001909647355353018,1.0567770698690844e-05,0.010154081135710485,0.020814961847045906,1.7557454997205885e-05,0.00015903735995490795,5.060665766038375e-08,0.00018392536902730599,0.020424406637022358,1.4911756617301601e-06,1.1092153065331798e-09,0.05866452515927557,0.007224117902258123,2.615026295600966e-06,0.02855448495128173,2.046726005204388e-07,4.2552896532429337e-07,9.094291563812744e-06,1.2131823315604791e-08,0.003181358599879351,1.7011099262672985e-08
35,0.5651450076016543,5.208218427350723e-10,0.007605337920989135,4.64374308853013e-06,0.000502699753939339,2.4209087648004453e-05,0.051153982009199774,0.0035108760772585208,2.0227657832348937e-06,0.0001920064136953341,6.896303889688695e-08,0.0006468114524832246,0.06399594012157647,2.7684752466119885e-05,1.4342834618241056e-09,0.21038375123299663,0.02490586726148535,1.8632816185258834e-05,0.03065324970445358,1.4076067899075906e-06,6.157401645693426e-06,5.725893869336006e-06,1.1776648100763252e-07,0.04121376695141035,3.074675653146865e-08
36,0.8902827109712969,5.72887498965337e-10,0.0019821546031340456,3.1075274742460104e-06,0.00015381837380380636,5.552889707168179e-06,0.005932592604942117,0.013965885849964318,1.2391933939092855e-05,0.00011027583508824284,3.979997447050572e-08,9.088345387128332e-05,0.016399964476430634,1.114785710820879e-06,6.683738698098628e-10,0.03826785462480519,0.005315115829288454,1.7993826070817963e-06,0.02538682904122416,1.4296659153955325e-07,2.435796558630569e-07,4.867210618482819e-06,7.824611122967478e-09,0.0020826342309227894,1.0963076773738159e-08
37,0.718034283508589,6.5773525107110615e-09,0.0031607814117519755,8.153812365827786e-06,0.0002666767956895844,2.2333238692492635e-05,0.004838065310272326,0.14200435187599092,0.000177617990395471,0.00035171796285773845,1.2430871716199106e-07,0.0001795026302258424,0.01488003107596493,3.302190971665871e-07,4.957446121146359e-09,0.04551940773237615,0.004755151209610897,1.8934366921333095e-06,0.06480994643930775,1.5037355350084022e-07,2.1617321330345092e-07,3.854506473309681e-05,7.239955719632883e-09,0.000950670313479804,3.0341668410668123e-08
38,0.968194876384687,5.760210284854052e-10,0.000685838896218195,1.3708233243426606e-06,0.00010519298986841593,5.318551157996866e-07,0.0015938911168829925,0.008816478237651847,1.0214512822682842e-05,5.8080377271412684e-05,3.430741980549642e-08,2.2317189516834267e-05,0.005063625294314473,5.162612884546697e-07,3.145772812244518e-10,0.003213430538371348,0.0026036935965627157,3.0235536982546214e-07,0.009165217063113965,4.590640195628517e-08,2.224677314068254e-08,2.7357273525540544e-06,1.8598788140473555e-09,0.0004615632511252735,1.8318069550942176e-08
39,0.775045124187853,1.056513297219157e-09,0.00436234893894044,4.057524771942368e-06,0.00017899458791944208,1.5721212373356145e-05,0.007181505096629114,0.027607699883928173,1.880310291297637e-05,0.00014532631985456851,4.014090370750999e-08,0.00023034089862068662,0.024949431797365692,9.869885325030494e-07,1.2097352986147016e-09,0.10092935566927262,0.0091034357290149,2.962736321750806e-06,0.046767670628158654,1.941441849975821e-07,8.512745672018159e-07,1.1453684541749252e-05,1.1650080720418083e-08,0.003443670598927736,1.0938075662636097e-08
40,0.7721262791109001,7.365352683434206e-10,0.0014152481706676734,6.4224007474397795e-06,8.22498051017325e-05,3.053782517463684e-05,0.009625132257088784,0.04423657076579669,4.5059357929593e-05,0.000365095722247385,3.9067127493675186e-08,8.969763156152285e-05,0.021661298609304536,4.190890093903e-07,1.4096843136099895e-09,0.09834066917774263,0.008761464106116038,5.308675857087059e-06,0.038556643561512303,1.8547041912202313e-07,4.861177625409895e-07,1.0000987602437302e-05,2.7001633368380185e-08,0.00464115080199795,1.2140479803286345e-08
41,0.8935173655454468,3.58932355399896e-10,0.0020955174362711814,2.1875528097513054e-06,0.00011650395345874008,5.504675732730891e-06,0.01338342020667299,0.0107778684393971,8.167715593666911e-06,0.0001339491959856183,2.9856800221765425e-08,0.00015271954208825368,0.014126078011323677,1.3617127176871408e-06,5.566497228107919e-10,0.03247846795053636,0.010994282621548527,1.3949071220580105e-06,0.018031228526526766,1.2839765256564137e-07,3.7639037828153056e-07,7.503037387369381e-06,1.0388156271489947e-08,0.004165914470612637,1.8550198808896785e-08
42,0.7654083104587368,2.622135382743016e-09,0.004906807021891566,5.2314610657732525e-06,0.0001486135407864004,1.558767787704966e-05,0.0034659892777018785,0.03955094702938377,3.03371410965213e-05,0.00014031010919342016,4.4679714826486405e-08,0.00016287578766394312,0.016545067005285633,4.415279852265341e-07,1.3469520319070247e-09,0.08346179322337018,0.007582420215340696,1.7465568962397883e-06,0.076799527979846,1.1152732009611489e-07,4.719935393079429e-07,2.200676345137268e-05,5.816758594347128e-09,0.0017513388084679647,1.0427539334090688e-08
43,0.8064879436073945,6.999277595340901e-10,0.0037527431583041647,3.530955236759685e-06,0.00016405924754800405,1.3914987974338529e-05,0.00751387217636814,0.025554600803230174,1.8440576163157643e-05,0.00025668040698181854,3.5081581347528954e-08,0.00015844395905975498,0.027917401241567236,7.526143109195407e-07,9.756427468301043e-10,0.07408692968029967,0.00921931662254243,2.3987430057952628e-06,0.040554213083525414,1.9616253297298972e-07,6.799759060036029e-07,9.207998222062544e-06,1.2178899259856315e-08,0.004284615088231339,9.975543978122087e-09
44,0.8897519567675799,5.669684114407469e-10,0.0019844293895367343,3.133686988063692e-06,0.00015197099873889044,5.551718884985241e-06,0.006087412563483364,0.014326890505890057,1.2338604364432814e-05,0.00011098026138276886,4.046200125090393e-08,9.592891318064093e-05,0.01642968856441577,1.1384513595934525e-06,6.78441293764578e-10,0.038588886017833314,0.005435732908375357,1.8120468745814404e-06,0.024915223531505635,1.4398095298609395e-07,2.470075358473506e-07,5.0324646892644655e-06,7.791346610474183e-09,0.0020914409820490002,1.1135621165430282e-08
45,0.8058530556178551,5.56853946868035e-10,0.0031501161154043823,3.4974374456955512e-06,0.00014206299624080723,1.0222007180443343e-05,0.01016372706006157,0.03854044347406681,1.7637336169525015e-05,0.00020917629812369377,4.5340485400984894e-08,0.0001765471638844056,0.029226783694243155,1.0651648074815538e-06,1.0970137801657664e-09,0.07108568841826858,0.007350254414132831,2.5976136832071314e-06,0.030304438230398936,2.102881667469936e-07,4.161191659362389e-07,7.34778183482768e-06,9.253222203936175e-09,0.0037546469871480117,9.534142404634157e-09
46,0.905572165203902,2.9313320901554405e-10,0.0017114051895965297,2.292499800035446e-06,8.709328905204383e-05,4.14350176909195e-06,0.005102190298792513,0.011013968318377608,6.74197796449203e-06,9.702359760332255e-05,2.2731277339515054e-08,8.533196482757985e-05,0.015619353800277716,6.217929901907169e-07,2.9705113513527703e-10,0.03046160690379713,0.008346066455922382,1.1103171664105537e-06,0.019768633871018862,1.0169220169731992e-07,2.326712307168419e-07,5.170286830983622e-06,5.010701858053991e-09,0.002114710454338772,7.580376497258886e-09
47,0.7639699208728785,3.062163013016857e-08,0.0030812128236290177,1.3285371695048278e-05,0.0029222854190267683,5.204548773427334e-05,0.020041956015109857,0.04802912663271729,0.0002206606322114654,0.0004420525987580473,1.5367519379119386e-06,0.00031373451971644634,0.02064140955482378,2.1345921540051862e-05,9.128543429528556e-08,0.05327591108047619,0.006059167727210778,5.624560795259071e-05,0.07728696382205258,1.6103163875752981e-06,1.5505607518445387e-06,2.1233146572958528e-05,2.2618842262433325e-07,0.003546044219079727,3.528222500611033e-07
48,0.8879933355845852,1.0176557667836047e-09,0.002119568529907268,7.797959581306401e-06,0.00025614845325507083,6.150564369526833e-06,0.008338935951710777,0.01564237932011358,2.0860075709711693e-05,9.604330453289416e-05,1.527726695482432e-07,0.00018587961092170657,0.01413172835503518,2.8969475538928674e-06,1.8837304543560814e-09,0.05085897699737599,0.003743677211961852,3.7100275845652363e-06,0.015411814139251448,2.5280407966345297e-07,4.0574493782180417e-07,6.2858609443617695e-06,1.690310866626282e-08,0.0011729599549238413,2.0024499873047706e-08
49,0.8470373520969806,9.861932074176686e-10,0.003194471950993816,4.149476171648931e-06,0.0001820961911458203,9.934214529135182e-06,0.007635679133174073,0.022638274130669208,1.7455684109414508e-05,0.00015214588648421537,4.537990078740772e-08,0.0001826018019489363,0.020210612002391007,1.0486628576472986e-06,9.733961888710698e-10,0.055282250278992945,0.007113025116183164,1.894998875011285e-06,0.033724768877301234,1.7447780476744924e-07,3.9672291586800237e-07,1.08374815691435e-05,8.230296587204792e-09,0.0026007611957465948,1.4049368972165166e-08
50,0.8315989387441018,2.113643871340327e-09,0.0029444927136432373,5.68135147984766e-06,0.00024143807470765086,1.4276139137061663e-05,0.0052918239842681,0.018542217297012237,2.3821571918208716e-05,0.00011314268600656711,6.60180777196267e-08,0.00016272800909217065,0.01602310113693508,1.3807719862118603e-06,1.7261204198449674e-09,0.06837639545840993,0.006512911862780893,3.746215504978224e-06,0.04802639698348687,1.9211803816686605e-07,6.043644201466244e-07,1.2041997726267702e-05,1.4249080092744287e-08,0.002104567105298775,1.7307123439042412e-08
51,0.8544726469909656,5.9393706897591386e-09,0.0026325553938096927,1.2925921098892677e-05,0.00017088807468538996,1.2762372870253426e-05,0.0035521786768097554,0.037641252162959785,3.110596937950198e-05,0.00012557462349953904,1.3875747598557858e-07,0.00022696475175360548,0.012054463192649675,1.4865316924046817e-06,3.813563561271912e-09,0.04594779271773109,0.0046373014443923345,3.126911533149697e-06,0.03729041377488081,1.8680680548013953e-07,4.330132492467886e-07,2.60557328358548e-05,1.0547994962929194e-08,0.0011596973014365742,2.8576556159806542e-08
52,0.87726743549839,5.837280514979299e-10,0.0019171341071344498,3.414036617513935e-06,0.0001485400979584769,6.834009387637929e-06,0.0055508560126434755,0.01747925342315132,1.3316981216596146e-05,0.00014141914387025026,4.5830561134398404e-08,0.00010180914175308166,0.019758795040267983,1.1520819864985602e-06,8.220914597426815e-10,0.042039701573628505,0.005199239910964798,2.4439658726283812e-06,0.028111818140841637,1.7163576662836593e-07,2.5532075574279133e-07,5.059680575916085e-06,8.397063437879745e-09,0.002251284309511355,1.0254261225275257e-08
53,0.8569449854967345,3.2237661326743287e-10,0.002098080707036378,4.685146166193397e-06,0.0002144055496301069,6.581438079210528e-06,0.021703568345375627,0.01287456561310609,1.317713085017851e-05,0.0001354357633480348,7.342319215696507e-08,0.0001930439938716519,0.021313739018764006,2.799045557289202e-06,8.741149490254768e-10,0.061389419616548896,0.007880918915723541,3.70985625840574e-06,0.011825491587147664,3.1808122648766164e-07,5.25595097112824e-07,4.7878245316815535e-06,2.2952684076152437e-08,0.003389645722811529,1.7979767712580103e-08
54,0.89794672800655,8.697904038048186e-10,0.0018497226759510536,3.3377116462148507e-06,0.00016031601516519763,6.139256842461373e-06,0.0065796889780362815,0.014150443298488621,1.4810452870917273e-05,0.00010942542480567237,4.3006233801581907e-08,0.00010081352010768215,0.01242689010940754,1.2238404315513901e-06,8.475975722310353e-10,0.03295639587270849,0.0053240098554177715,1.5552515570553846e-06,0.026338647482952234,1.1670023737254945e-07,2.2720862853871955e-07,6.912071463663004e-06,7.8720719368338e-09,0.0020225268928761265,1.6778161733017596e-08
55,0.9372105288576164,1.244407880630923e-09,0.0018835765277692097,2.1225797226676468e-06,7.54494405185812e-05,1.2999416197940732e-06,0.0008204553991047804,0.0029271483607297404,4.480078363044065e-06,5.6199957621349726e-05,3.264217666061618e-08,3.6661792394582773e-06,0.00394578267409385,2.4618558437780574e-07,3.1628173595154116e-10,0.006917671647048707,0.004698673106651916,4.0591375797322644e-07,0.040736179522786874,3.765814853365317e-08,1.0771248434528613e-07,2.7142074955703233e-06,3.841358516142411e-09,0.0007132090701115262,6.935306535867079e-09
56,0.8852575818989006,5.377955291213227e-10,0.0020447767450976614,3.170250992112612e-06,0.00014837629033757815,5.737923026953501e-06,0.006011951276728678,0.014940606226856595,1.2120077435182778e-05,0.00011854351420631375,3.9848589858405813e-08,9.651627453131968e-05,0.018488184201715975,1.1165829216078247e-06,6.514316437500186e-10,0.03994382607433578,0.0055273639148397625,1.8552735746831601e-06,0.02518380887943703,1.5404072754061111e-07,2.4861816524361385e-07,4.817176150903527e-06,7.873870998559341e-09,0.002209185249725428,1.0598605222968026e-08
57,0.827031967683812,6.943590557447297e-10,0.004469449134521177,3.1250203515021694e-06,0.00021921235734402228,8.10037265227543e-06,0.007822946235848546,0.019459910973784453,1.4477564683572754e-05,0.00014986264459579052,3.921175303889774e-08,0.00017768604545326293,0.026825569418038535,1.1454218805808626e-06,7.390723054061062e-10,0.06533939486342519,0.00855914980239807,1.8165706613658093e-06,0.0367451153933997,2.002224131628559e-07,4.835735560541074e-07,7.765769151263047e-06,8.449705101468624e-09,0.0031625606347032375,1.1202436579180478e-08
58,0.8811987179293443,5.399726844042731e-10,0.002028191799678503,2.856808639357391e-06,0.00014729904799457732,6.288264376652954e-06,0.006316402681717599,0.014685259158946048,1.1661347020365347e-05,0.0001284942932708914,3.385849509676702e-08,9.51228035954345e-05,0.019418887074885476,1.1112770323711177e-06,6.329083329924441e-10,0.039456163049682955,0.0060063466188548485,1.908634894806629e-06,0.027715266457851127,1.541463262143726e-07,2.572433014781513e-07,4.939875359444727e-06,8.303015262141968e-09,0.0027746173350402152,1.081779590384711e-08
59,0.8796184738293007,5.193229290669173e-10,0.0022771563515372618,2.918157966577713e-06,0.00014816703246324313,5.746595686549485e-06,0.006309605749065945,0.015016525042500417,1.1182440684813393e-05,0.00012411883603168298,3.582771721493393e-08,9.911966481800895e-05,0.020020529950850786,1.1062628963733664e-06,6.192452890221372e-10,0.04102502063444379,0.0061358171668697975,1.81518238961559e-06,0.026567304705923733,1.6158399898248198e-07,2.7149840247085994e-07,4.9204796580591105e-06,7.960491477298719e-09,0.002629983713279708,1.0194454535175868e-08
60,0.8897519567675799,5.669684114407469e-10,0.0019844293895367343,3.133686988063692e-06,0.00015197099873889044,5.551718884985241e-06,0.006087412563483364,0.014326890505890057,1.2338604364432814e-05,0.00011098026138276886,4.046200125090393e-08,9.592891318064093e-05,0.01642968856441577,1.1384513595934525e-06,6.78441293764578e-10,0.038588886017833314,0.005435732908375357,1.8120468745814404e-06,0.024915223531505635,1.4398095298609395e-07,2.470075358473506e-07,5.0324646892644655e-06,7.791346610474183e-09,0.0020914409820490002,1.1135621165430282e-08
61,0.883893466707684,5.317677336423385e-10,0.002207448641681201,2.8574063543551744e-06,0.0001503393090641079,5.624749182569328e-06,0.0061686552036375715,0.014019415667332412,1.1486576029958236e-05,0.00011709926654267432,3.619667024401281e-08,9.620005114986404e-05,0.018448842549831413,1.109511966612074e-06,6.200881789315513e-10,0.03992633382179618,0.005945568478594401,1.7572927927616914e-06,0.026543402781236965,1.501979808540521e-07,2.644904023338317e-07,4.884839235259655e-06,7.948973749067254e-09,0.002455036629787892,1.0530216604835592e-08
62,0.8897519567675799,5.669684114407469e-10,0.0019844293895367343,3.133686988063692e-06,0.00015197099873889044,5.551718884985241e-06,0.006087412563483364,0.014326890505890057,1.2338604364432814e-05,0.00011098026138276886,4.046200125090393e-08,9.592891318064093e-05,0.01642968856441577,1.1384513595934525e-06,6.78441293764578e-10,0.038588886017833314,0.005435732908375357,1.8120468745814404e-06,0.024915223531505635,1.4398095298609395e-07,2.470075358473506e-07,5.0324646892644655e-06,7.791346610474183e-09,0.0020914409820490002,1.1135621165430282e-08
63,0.889280256933294,7.725919061019116e-10,0.002024282039116025,3.3477489638438595e-06,0.00016285169178686585,6.200076219364819e-06,0.005493902888693549,0.014534386575940795,1.4081268881173265e-05,0.0001120425851760764,4.4413865400797855e-08,9.372119410246215e-05,0.015302318068445018,1.1499747009341106e-06,8.195732139997272e-10,0.03754155719791281,0.005181874132518461,1.866445887118602e-06,0.02825894063484079,1.419399950572091e-07,2.5361776844195894e-07,5.693778187844622e-06,8.171517869895634e-09,0.001981064311561688,1.2718459004101255e-08
64,0.8738316634497849,6.360583193415742e-10,0.002726128799720617,3.2875321481976657e-06,0.00016999004515048783,6.398798407917213e-06,0.006587470468061633,0.014319150285518544,1.2337066846970024e-05,0.00011378332573626539,4.389933314889549e-08,0.00012556036093594483,0.018135307862070318,1.2698649879168916e-06,7.979390307411815e-10,0.04851204307327247,0.00654612320760375,1.9718283294710563e-06,0.026503664660845295,1.6697784504876503e-07,4.1278692038063546e-07,5.908399181456341e-06,9.719755336483299e-09,0.0023972947187764883,1.1434770062974556e-08
65,0.9029298511040033,3.897248669490536e-10,0.0017717407972663746,2.6738282919656882e-06,0.00012561664021521282,3.825658046939385e-06,0.005080787783041774,0.01451835280793309,1.0737129995343943e-05,0.00010399693650118025,3.664082080055632e-08,7.316137650454014e-05,0.016046887961879006,8.641324074910353e-07,4.885609962052726e-10,0.03162992066132391,0.004693945136681657,1.335078254552193e-06,0.021382684542908745,1.1824635237912357e-07,1.6291629548949863e-07,3.81084792478941e-06,5.29558098070938e-09,0.0016194755294401657,8.070044514094932e-09
66,0.8747476091560339,1.6917873017684919e-09,0.0019195910444695316,5.267979371351162e-06,0.00014078088493037417,9.737156564917625e-06,0.005728865568709626,0.022228477462770305,2.0080761132342365e-05,0.00012460075527835732,7.141736781958233e-08,0.00017281713983099988,0.01202545903003007,1.580439856227284e-06,2.087868540062877e-09,0.04410596456912228,0.005871847596438205,3.0872769056619466e-06,0.030764199896491855,1.5123878519561936e-07,4.1413439548863046e-07,1.2210125740070608e-05,1.3179532566003374e-08,0.0021171474224583368,2.198412874150054e-08
67,0.8604335045472123,1.0553438786872827e-09,0.0023077115935346455,4.160360841269546e-06,0.00019140102764839543,1.1253657292423339e-05,0.00885526721651714,0.013519611167909215,1.50554408379128e-05,0.0001260238455569179,4.9962382103139956e-08,0.00014752357538778054,0.0169872123594218,1.7696532011714438e-06,1.1663850538373765e-09,0.05280408193197654,0.00828536029521712,3.2839797367694257e-06,0.03287215324906102,2.002640287666949e-07,5.254232200816302e-07,8.614566088536331e-06,1.6797390589728664e-08,0.0034251957720292667,2.1091779289514555e-08
68,0.9457352564513299,3.14869737981974e-10,0.001160407309005368,1.4803810902697254e-06,9.647464020732553e-05,1.3418244054178622e-06,0.0019252590455900852,0.004222678265821599,6.903812326919575e-06,4.847202977121761e-05,1.9956871463162714e-08,1.707694388372704e-05,0.007416240235807806,5.47189135754587e-07,1.826267200637765e-10,0.014519784330749849,0.002594791038208962,4.807376047138195e-07,0.021429652124082828,4.3772607229609e-08,5.362744834310754e-08,1.5529912440477013e-06,2.970632158623586e-09,0.0008214739782490922,5.846429621199168e-09
69,0.8780563382676222,4.707936440479558e-10,0.002158875720187315,2.334450055867378e-06,0.00013954636320290123,5.593503648894681e-06,0.006034315217338476,0.011484812008554647,8.94093466626306e-06,0.00010221404249246619,1.8801528658688382e-08,7.355239042990775e-05,0.017779943205303208,9.088644339618912e-07,3.4757500222226503e-10,0.042105324297114534,0.005437446387813242,1.1386350399947256e-06,0.033570566299502023,9.737208578431787e-08,1.7989608914896963e-07,4.264906199653753e-06,5.1220769812579196e-09,0.0030335740807620904,8.415483085244524e-09
70,0.9040760360775628,5.113042462497653e-10,0.001684950654061667,2.45888277913141e-06,0.00013586899541438173,4.406410004250574e-06,0.00524890965811304,0.01231805558121235,1.0174773469211598e-05,0.00010172194982985834,3.472751970513325e-08,8.01135984054872e-05,0.014592586065899771,1.1278647974810032e-06,5.981880494549467e-10,0.02981151020236997,0.005555133556535839,1.5992297160600871e-06,0.024261903697176585,1.226271158218488e-07,2.050695648421096e-07,4.462428990053846e-06,6.832279221901298e-09,0.0021085989263833187,1.1081307083577391e-08
71,0.8740620266428683,1.1014347225155842e-09,0.002445743345159431,4.008658123549157e-06,0.0001677407357291699,7.037909223028667e-06,0.004102580325626938,0.01521849087064461,1.4160617925969209e-05,0.000101414738366436,5.3909218064155665e-08,0.00011361320205198322,0.01563265057160327,1.2369963423974239e-06,1.0565346138635668e-09,0.04577367646233949,0.005436000952430911,2.4373945745452933e-06,0.03509947150571449,1.5648775165734732e-07,3.446539342992878e-07,6.984366075962201e-06,9.136383096776313e-09,0.0018101459978014443,1.2362141632372898e-08
