,0,1,2,3,4,5,6,7,8,9,10,11,12,13,14,15,16,17,18,19,20,21,22,23,24
0,0.001876877328651374,1.2256050010550281e-06,2.9205619558705608e-06,4.771926080205103e-08,1.543487407227363e-09,7.1945789526161165e-09,6.347232103940223e-05,0.962840384101475,1.069472724305013e-06,6.085247776639246e-07,5.80571496972222e-09,1.426373151335909e-05,0.0006231836768120156,9.741800673177744e-10,6.521412722894394e-09,2.3726683564163342e-06,0.0007116581008207606,2.095610081004036e-06,0.03043775181591076,7.12630955906599e-08,2.49633094706333e-07,0.0034217161305159427,2.3228294157025025e-09,6.9851694488515145e-12,7.365725215895353e-09
1,0.0017976557958492144,9.606474702159945e-07,2.1952979200604723e-06,4.057840822298142e-08,1.4223346407815223e-09,6.148262317640633e-09,5.433679549432092e-05,0.9639545486081205,1.1646840781983898e-06,5.946996212133915e-07,4.2781616638315606e-09,1.0019633639489104e-05,0.0005429663401208166,6.191899452613097e-10,4.9163994435752575e-09,3.0723053927553703e-06,0.0005365500598337795,1.5548556705968855e-06,0.030871689953200953,5.979685951889684e-08,1.6840898556678623e-07,0.002222396993896729,1.8593724989774097e-09,5.96447284312519e-12,5.2957527818313704e-09
2,0.0017241461330139202,8.790311808120722e-07,2.4254866598708e-06,3.489952362950781e-08,1.496171386884399e-09,6.143002638889477e-09,6.017102350822306e-05,0.9606744559109299,1.2488075629205246e-06,6.927684113673919e-07,4.19869878946363e-09,8.50594712260392e-06,0.0004054523417914622,9.060545420041046e-10,7.298588273979534e-09,1.980919370846616e-06,0.0004543636203243231,1.656658999524249e-06,0.03269624314106144,1.0635025322843489e-07,2.0932806557403564e-07,0.003967395447625604,2.798259542565949e-09,7.708249801533625e-12,9.336111230048006e-09
3,0.0017972986164794186,1.165579929574816e-06,2.8184001082692654e-06,4.5239096907151094e-08,1.484558877296286e-09,7.4385098338342916e-09,6.278419423810927e-05,0.961945406409751,1.0281335208139758e-06,6.055751625240181e-07,5.557642383387224e-09,1.3802468735388514e-05,0.0006131161006917353,9.32227576022271e-10,6.468171240140974e-09,2.4195627419440923e-06,0.0006725371307872499,2.0007961665880054e-06,0.031540335404475435,7.524238706122629e-08,2.486870986244872e-07,0.003344281160894239,2.3414858715083125e-09,6.776412779645623e-12,7.068362795279521e-09
4,0.0017621569857495661,1.4190592972708315e-06,2.938605304897024e-06,5.422988230756384e-08,1.7157194356297605e-09,8.515454562460411e-09,6.924524247380695e-05,0.9605960505856407,1.102283411381645e-06,6.17503141252056e-07,7.144600494456242e-09,1.892153667273382e-05,0.000855676907300206,1.1849771595431415e-09,6.428089901234149e-09,2.732710939260653e-06,0.0008266940008340986,2.3545752202472296e-06,0.032338726743230926,7.770365933263798e-08,2.760008404528702e-07,0.0035209201171423976,2.642566002088553e-09,6.981581356765383e-12,7.570870033875558e-09
5,0.0021111999990674085,9.618532826945975e-07,2.9720125082779184e-06,5.5303058349007526e-08,1.3441684633846228e-09,6.916129711447965e-09,6.213153065440385e-05,0.9683657776151332,1.1411815964623753e-06,7.16752786324588e-07,5.5843434729375216e-09,1.3028202558509694e-05,0.0005800540293727711,1.0703921828558525e-09,5.7464437071081175e-09,2.3556628812705416e-06,0.0007745149454789111,2.8666313993485916e-06,0.024761453229439324,9.430432418561461e-08,2.38957540192045e-07,0.0033204060476375685,2.6489221234559766e-09,9.443513182419505e-12,8.421437477249824e-09
6,0.0017972986164794186,1.165579929574816e-06,2.8184001082692654e-06,4.5239096907151094e-08,1.484558877296286e-09,7.4385098338342916e-09,6.278419423810927e-05,0.961945406409751,1.0281335208139758e-06,6.055751625240181e-07,5.557642383387224e-09,1.3802468735388514e-05,0.0006131161006917353,9.32227576022271e-10,6.468171240140974e-09,2.4195627419440923e-06,0.0006725371307872499,2.0007961665880054e-06,0.031540335404475435,7.524238706122629e-08,2.486870986244872e-07,0.003344281160894239,2.3414858715083125e-09,6.776412779645623e-12,7.068362795279521e-09
7,0.0016996693061117455,1.0710365597494081e-06,3.0546097227674426e-06,4.2363717970511624e-08,1.3437311568600804e-09,6.047032836745295e-09,5.609439912166452e-05,0.962896229328186,7.04613378471895e-07,4.855099473700325e-07,5.251383427011034e-09,1.2360871528398713e-05,0.0007182696588342567,6.673514417540377e-10,5.1316485297703e-09,2.089999142900847e-06,0.0005211779392261152,1.6521056285832355e-06,0.03159658127449561,5.769179092717852e-08,2.307497137999708e-07,0.0024902040249129695,1.5632328276977671e-09,5.344170473331717e-12,4.508256294337855e-09
8,0.0024504992072720663,1.2113228089987426e-06,4.531087950525569e-06,7.210128379479898e-08,2.11979953000248e-09,6.812154471584924e-09,6.839331641209975e-05,0.9682494092507724,1.9894201374162664e-06,1.1299967635836616e-06,7.243984749950261e-09,8.362426850333451e-06,0.0003618545904797862,1.6310456793292951e-09,1.3520658322922671e-08,1.922700622863925e-06,0.0006849592339474631,2.400273775030829e-06,0.02287859413775421,1.0938441585146931e-07,3.3704012176332187e-07,0.0052841731197728545,3.8842701015404455e-09,2.3539466882439097e-11,1.6153406706658676e-08
9,0.0018039078071216488,6.22812684005238e-07,4.010344548350598e-06,6.652445757352308e-08,1.2222988513986959e-09,6.144824533906289e-09,3.731591460702931e-05,0.9724171715168649,9.566477789499457e-07,8.740701266091582e-07,5.279454882500721e-09,7.745126719221789e-06,0.000425031508464578,9.86733574918235e-10,6.1651759081542455e-09,2.1684446429545936e-06,0.00064302870794782,1.9254983735318896e-06,0.021451112511300215,9.775750097534386e-08,2.6869853043358455e-07,0.003203668459458009,2.404142837969388e-09,1.4095768811851972e-11,5.43214695532238e-09
10,0.0017972986164794186,1.165579929574816e-06,2.8184001082692654e-06,4.5239096907151094e-08,1.484558877296286e-09,7.4385098338342916e-09,6.278419423810927e-05,0.961945406409751,1.0281335208139758e-06,6.055751625240181e-07,5.557642383387224e-09,1.3802468735388514e-05,0.0006131161006917353,9.32227576022271e-10,6.468171240140974e-09,2.4195627419440923e-06,0.0006725371307872499,2.0007961665880054e-06,0.031540335404475435,7.524238706122629e-08,2.486870986244872e-07,0.003344281160894239,2.3414858715083125e-09,6.776412779645623e-12,7.068362795279521e-09
11,0.001697035257148875,1.1984571517059644e-06,2.73907327118306e-06,4.627826943235667e-08,1.4888680945377404e-09,7.610049914566233e-09,6.325691023559147e-05,0.9619532350869502,9.908890989776198e-07,5.816810875293384e-07,5.657814049656167e-09,1.477594277907959e-05,0.0006826702206961571,9.243939926219691e-10,6.116189988666217e-09,2.534797952397808e-06,0.0006874450791149199,1.9621551401895168e-06,0.031738777662636955,7.227540850192924e-08,2.435546788102398e-07,0.0031524040818333835,2.258516044134176e-09,6.2994227904250425e-12,6.534414817486501e-09
12,0.0014891635223243211,8.81081371254791e-07,2.377696908937778e-06,3.810004896355537e-08,1.039836248867644e-09,5.860789672369372e-09,5.318055497146875e-05,0.9662975588982755,8.390493361303223e-07,5.58520295024138e-07,4.3216151915916854e-09,1.0510905277066698e-05,0.0005243907627613637,6.597051120901694e-10,5.345378684958169e-09,2.1785874099711196e-06,0.0005851916089857649,1.4795861611965395e-06,0.028007619939206068,6.001332090566075e-08,2.1214503202862382e-07,0.0030237352572115837,1.7106241337324385e-09,5.515543798390958e-12,4.82763764668848e-09
13,0.001771941852697194,9.071661428414075e-07,2.3242904319066616e-06,3.147143311786715e-08,1.0654946954073285e-09,6.659655839434561e-09,5.670461531630263e-05,0.9650621282461164,1.0115224098174531e-06,5.882077977029723e-07,2.9826193945041413e-09,8.760922126048656e-06,0.00038404759224200245,6.315618727934619e-10,5.319740639684957e-09,2.027457811143619e-06,0.0005203881744017168,1.6248883681505087e-06,0.02917644579655692,7.393879743778134e-08,1.789979522513238e-07,0.00301078939333569,1.8541974169220534e-09,5.6720941251304606e-12,6.947121365994777e-09
14,0.002672085119445354,7.1430210116458086e-06,3.3602198535239982e-06,2.3522069245515847e-08,4.884482030184707e-09,2.3788735096831298e-08,9.670109392187122e-05,0.7782909136244083,6.027269227041514e-07,3.932567369047343e-07,1.641689728494263e-08,8.379690958817993e-05,0.0024914562853524057,1.1157521816638235e-09,8.490951384498456e-09,4.448069510982067e-06,0.00047612872641958364,2.06206387288767e-06,0.21333186534648063,7.680835651217449e-08,6.23106363968665e-07,0.0025382575134310684,2.3519494140902592e-09,2.50511432730388e-12,5.534981695458464e-09
15,0.0017972986164794186,1.165579929574816e-06,2.8184001082692654e-06,4.5239096907151094e-08,1.484558877296286e-09,7.4385098338342916e-09,6.278419423810927e-05,0.961945406409751,1.0281335208139758e-06,6.055751625240181e-07,5.557642383387224e-09,1.3802468735388514e-05,0.0006131161006917353,9.32227576022271e-10,6.468171240140974e-09,2.4195627419440923e-06,0.0006725371307872499,2.0007961665880054e-06,0.031540335404475435,7.524238706122629e-08,2.486870986244872e-07,0.003344281160894239,2.3414858715083125e-09,6.776412779645623e-12,7.068362795279521e-09
16,0.002015821326839031,1.2348752551975964e-06,3.043388704829928e-06,4.888817200178928e-08,1.3567895331070943e-09,8.185995720839879e-09,6.694481359198594e-05,0.9609891360756704,1.031476225058972e-06,7.451591496780245e-07,6.511651669420235e-09,1.6854402999064775e-05,0.0006144331736081067,1.1263233828342019e-09,7.113634266507619e-09,2.4179054649223114e-06,0.0008391983127753619,2.635844039598844e-06,0.031222721595398056,8.809833852669915e-08,3.2172753996827886e-07,0.004223287649330964,2.6223083513777224e-09,8.034849729547126e-12,8.362159701933695e-09
17,0.0018665862142824843,1.2162933201265393e-06,2.815134445787399e-06,4.494281738633961e-08,1.4466668020079656e-09,7.48064788627288e-09,6.48146730097005e-05,0.9608695226495783,1.0205055542660535e-06,6.059493059656361e-07,5.74638195207029e-09,1.582643689637908e-05,0.0006635583391606389,1.01748339854018e-09,6.158696655670948e-09,2.355451303123863e-06,0.0007421449811459012,2.28753052192245e-06,0.032163641171959585,7.995443978808532e-08,2.5549545150525906e-07,0.003603192238705142,2.4642637195085488e-09,6.638319606138491e-12,7.717323257575856e-09
18,0.0018579399645688227,1.2093773973310324e-06,2.77137106194999e-06,4.514733452831743e-08,1.4647517065777277e-09,7.602127548303182e-09,6.521652065961637e-05,0.9615497734183592,1.0920942541287333e-06,6.363541655838562e-07,5.6641224156776125e-09,1.4736536741536432e-05,0.000623391401248903,1.0038801445991536e-09,6.491300964553317e-09,2.4334077406364995e-06,0.0007299620253688486,2.183225144899643e-06,0.03152320474132223,7.951748808329028e-08,2.529212379107572e-07,0.0036250393760886572,2.481674369988202e-09,7.021871531512073e-12,7.884938161238046e-09
19,0.001347081321546493,1.1140934827032355e-06,2.6945118427819895e-06,4.7046614213864404e-08,1.6148757197601973e-09,6.19522859576056e-09,6.43674761915371e-05,0.9657267729232579,8.588255964038111e-07,4.381171666754297e-07,5.370115009366842e-09,1.3207329011500154e-05,0.0007184114097051087,8.374297410768599e-10,5.979236031528432e-09,2.0960597906972277e-06,0.0005453490331265268,1.5591778536353563e-06,0.02871292032484505,5.826428488789325e-08,2.0578687137956777e-07,0.0028627911711030535,1.842174721812973e-09,5.077588287309376e-12,5.283571831275153e-09
20,0.00272517848409103,1.4484500367711356e-06,3.1564115538740963e-06,5.0865749863477466e-08,1.8468347687243058e-09,8.410774959158916e-09,6.198623941829754e-05,0.9570377363867899,1.3046094030358535e-06,7.028421093262466e-07,6.205391989652774e-09,1.818200844343972e-05,0.0007721015774833174,1.1147580780626135e-09,5.005537601325033e-09,3.0341577548404807e-06,0.0008460762103932797,3.150122790967327e-06,0.03556218225481401,8.493552814006261e-08,2.3060946931462825e-07,0.0029633599075745685,2.5398064671306283e-09,7.903277371446029e-12,8.795588883022703e-09
21,0.002960304096191782,1.7981137082731873e-06,3.8973289721712205e-06,5.4458298960091305e-08,2.1719098576097346e-09,8.866585379484084e-09,6.435715852383769e-05,0.9464450991730055,1.1763587610102358e-06,9.052621932344103e-07,9.34844758611736e-09,2.436643749621609e-05,0.0008075204722066127,1.4025673417498352e-09,7.254112288643703e-09,2.8187049235228023e-06,0.0008450967241846785,3.4453982231064188e-06,0.044579264366018584,1.0145096096179514e-07,3.9506001967745934e-07,0.004259357899338265,2.8048660413665005e-09,9.952549211693174e-12,9.67853231906851e-09
22,0.002076891879079727,8.747786279107213e-07,3.5695335283338055e-06,6.075950977139529e-08,1.106441470630653e-09,6.635569839690096e-09,4.6787077456735834e-05,0.9666920872298045,7.782793735465595e-07,8.014223105444622e-07,6.736864391906801e-09,1.5578123115162022e-05,0.0006084946898617098,1.020295884749794e-09,5.372796450802551e-09,2.4064964048058932e-06,0.0009735441126092905,2.8080575264215684e-06,0.02588156428741315,7.826851994929535e-08,3.241715851000461e-07,0.003693322396330425,2.048599813410801e-09,8.699240190935153e-12,5.507675763330829e-09
23,0.0017972986164794186,1.165579929574816e-06,2.8184001082692654e-06,4.5239096907151094e-08,1.484558877296286e-09,7.4385098338342916e-09,6.278419423810927e-05,0.961945406409751,1.0281335208139758e-06,6.055751625240181e-07,5.557642383387224e-09,1.3802468735388514e-05,0.0006131161006917353,9.32227576022271e-10,6.468171240140974e-09,2.4195627419440923e-06,0.0006725371307872499,2.0007961665880054e-06,0.031540335404475435,7.524238706122629e-08,2.486870986244872e-07,0.003344281160894239,2.3414858715083125e-09,6.776412779645623e-12,7.068362795279521e-09
24,0.0016093394439257787,1.486699792808702e-06,2.940561606226429e-06,6.726721901625958e-08,2.3382917533441617e-09,9.158878490070916e-09,6.69899847964932e-05,0.9633005858854616,1.2469558168730457e-06,5.49064948567032e-07,7.447262390680421e-09,1.9628891707070487e-05,0.0009594752676251555,1.3757659556826248e-09,6.147697166477301e-09,3.188943063735793e-06,0.0008146511602033936,2.328744001048275e-06,0.0303567526374489,7.463997019150267e-08,2.3221175986424864e-07,0.002860425135559728,2.908769028843647e-09,6.628272072625644e-12,7.1218004747862116e-09
25,0.001171270867427871,5.071779377397345e-07,1.9925211648060316e-06,4.099999491584701e-08,8.230422464048938e-10,3.383604933382202e-09,4.4331194867573974e-05,0.9745810055160254,5.144856949261407e-07,3.7790729491980584e-07,4.1213689008909664e-09,7.591931710264639e-06,0.0005239274830590985,4.297884024066829e-10,3.953121802038552e-09,1.7692561730341758e-06,0.0004140376779311224,1.1748215529376729e-06,0.02137265041757903,4.467965589229256e-08,1.7345871990888504e-07,0.0018785730697650023,1.3068257551420459e-09,3.89943134757765e-12,2.5117941191137622e-09
26,0.0028160569483307676,1.2404180539415423e-06,2.638172896325023e-06,5.812893712412362e-08,1.89948491544288e-09,7.611040350674731e-09,6.543533795605318e-05,0.967170661131142,2.002926434229027e-06,6.715756594292511e-07,6.031855997635878e-09,1.1260083463018954e-05,0.0005663268278529036,9.981097364662595e-10,6.610856622276999e-09,2.8576941833604574e-06,0.0007567957147410928,2.4577007955111452e-06,0.02602239901221495,9.382907990731788e-08,2.121875595137884e-07,0.0025787940117535054,3.906788393130481e-09,1.3965789833073252e-11,1.1226844641543537e-08
27,0.0014181252582771045,1.0166698299503742e-06,2.1950430717262187e-06,4.0162455135559175e-08,1.3845902571809536e-09,6.899697774482456e-09,7.160797251554832e-05,0.964797356997935,1.420972708764936e-06,7.015766564039777e-07,5.041208796620894e-09,1.029744324580347e-05,0.00045993248537913584,1.0106888947503378e-09,8.863826449843027e-09,2.283428977487935e-06,0.0006249598520398233,1.5472575414639742e-06,0.027846137446341474,8.887802374938234e-08,2.2950472660314315e-07,0.004762023519742349,2.909900549134549e-09,8.350856439253196e-12,9.412268805792708e-09
28,0.0017972986164794186,1.165579929574816e-06,2.8184001082692654e-06,4.5239096907151094e-08,1.484558877296286e-09,7.4385098338342916e-09,6.278419423810927e-05,0.961945406409751,1.0281335208139758e-06,6.055751625240181e-07,5.557642383387224e-09,1.3802468735388514e-05,0.0006131161006917353,9.32227576022271e-10,6.468171240140974e-09,2.4195627419440923e-06,0.0006725371307872499,2.0007961665880054e-06,0.031540335404475435,7.524238706122629e-08,2.486870986244872e-07,0.003344281160894239,2.3414858715083125e-09,6.776412779645623e-12,7.068362795279521e-09
29,0.0017972986164794186,1.165579929574816e-06,2.8184001082692654e-06,4.5239096907151094e-08,1.484558877296286e-09,7.4385098338342916e-09,6.278419423810927e-05,0.961945406409751,1.0281335208139758e-06,6.055751625240181e-07,5.557642383387224e-09,1.3802468735388514e-05,0.0006131161006917353,9.32227576022271e-10,6.468171240140974e-09,2.4195627419440923e-06,0.0006725371307872499,2.0007961665880054e-06,0.031540335404475435,7.524238706122629e-08,2.486870986244872e-07,0.003344281160894239,2.3414858715083125e-09,6.776412779645623e-12,7.068362795279521e-09
30,0.0017972986164794186,1.165579929574816e-06,2.8184001082692654e-06,4.5239096907151094e-08,1.484558877296286e-09,7.4385098338342916e-09,6.278419423810927e-05,0.961945406409751,1.0281335208139758e-06,6.055751625240181e-07,5.557642383387224e-09,1.3802468735388514e-05,0.0006131161006917353,9.32227576022271e-10,6.468171240140974e-09,2.4195627419440923e-06,0.0006725371307872499,2.0007961665880054e-06,0.031540335404475435,7.524238706122629e-08,2.486870986244872e-07,0.003344281160894239,2.3414858715083125e-09,6.776412779645623e-12,7.068362795279521e-09
31,0.0005626903603013619,5.399702609745042e-05,5.2848701302812385e-06,1.3250196841412754e-06,5.227763606442876e-08,3.3016662305859547e-06,0.0036089853535398414,0.5827074320435256,0.00021015388578221817,3.355544618120829e-05,1.0566961308835616e-06,0.0001506878955026334,0.002269008036643839,4.514034934114972e-07,6.511950517818692e-06,0.00010029466523568087,0.026030120731009822,2.724679157125386e-06,0.0503932445675844,9.195086260926046e-07,5.886326515726164e-06,0.33385157444912117,3.0331612387679124e-07,9.158878343914817e-10,4.3690934109002844e-07
32,0.0017381803432949235,1.1968423988780947e-06,2.805750867109405e-06,4.05250265913091e-08,1.5146891169570745e-09,7.781380700546494e-09,6.320597625831144e-05,0.956826697674602,9.520240625593127e-07,5.900587030016585e-07,5.47658370077627e-09,1.4408984027587756e-05,0.0006160962993260388,9.067878699863298e-10,6.7032486140919725e-09,2.44890042084832e-06,0.0006244290065337926,1.8813054754413803e-06,0.036677329681905194,7.847041060311858e-08,2.578207263323279e-07,0.00342936869234347,2.3267387738910264e-09,6.14746003452565e-12,6.928040730110984e-09
33,0.0019688421394611277,1.202514474508386e-06,3.253943064750388e-06,4.804288917784474e-08,1.8391911598724598e-09,7.830211064971016e-09,6.516043870298817e-05,0.9600190414887668,1.1204368069001428e-06,6.386395124735464e-07,5.955746510575024e-09,1.1696460498952031e-05,0.000511067855992143,9.502636524517843e-10,8.604591922506219e-09,2.3099330891404446e-06,0.0005563903583414689,1.8951895520426425e-06,0.0335371542417298,8.436267110291687e-08,2.907196819264133e-07,0.003319766694359359,2.8237998775140915e-09,8.508250487763813e-12,8.528092584839255e-09
34,0.002030948630232331,1.276020941250417e-06,2.9264046122964436e-06,4.323689496199578e-08,1.652318058615839e-09,7.075466041012523e-09,6.299408978197039e-05,0.9569784756100678,1.0933787028720175e-06,6.339815388051698e-07,5.924088654337021e-09,1.4164594133002182e-05,0.0006345016097371559,9.397143715585415e-10,6.498936460990696e-09,2.387279252712141e-06,0.0006309151613988051,2.0325556844328347e-06,0.036231343378833096,7.662189944002545e-08,2.568891928870408e-07,0.0034058985007487425,2.3627897943882957e-09,7.112083722709767e-12,7.595921884345933e-09
35,0.0005692098907644956,3.3166310539948694e-06,1.2040426576168032e-05,1.4707917796286835e-07,1.2472718111031272e-08,6.35428751737137e-08,0.00016819678025953655,0.919486507385084,1.7076605754170833e-06,9.146126716589398e-07,3.409330171668008e-08,2.590697549115982e-05,0.0011065547865375437,8.469115875934411e-09,1.1901942470744937e-07,4.227716523558686e-06,0.0007580816482265992,1.1969087919019998e-06,0.06382473132934106,3.3814444620374183e-07,1.4418640014818515e-06,0.014035203855273942,1.8310213546182543e-08,2.5704124822125423e-11,2.037184994531929e-08
36,0.007738929607183892,4.388931031181437e-06,2.2400424177701484e-05,1.0860912259375956e-07,1.2619060809665177e-08,1.663836753721135e-08,0.00010411759524698426,0.8855757753141937,1.366046882520184e-06,1.6580536003529958e-06,2.7638503826904345e-08,2.0993142563405773e-05,0.0008181345921884756,2.930086264329448e-09,2.911225112740316e-08,2.101246629828583e-06,0.00036233626406477037,5.383847935483752e-06,0.10020749816202708,2.2401257779297902e-07,1.483504299222188e-06,0.0051329766687559135,5.237796378349577e-09,4.4192441944167595e-11,2.975726082769233e-08
37,0.003235531626084254,9.895695433772797e-07,4.457071140445982e-06,7.019742910028956e-08,1.7028290360660263e-09,5.591517620060609e-09,5.83466386116268e-05,0.9652835193877745,1.1218054045767476e-06,8.417029514077251e-07,7.786810001086238e-09,1.2470336855064461e-05,0.0006104920709585229,1.1258982489594577e-09,6.117471189071448e-09,2.23512449124978e-06,0.0007266606367869161,3.604302873471426e-06,0.02706132775009868,9.561364115696347e-08,2.8801872403399576e-07,0.002997914692914827,2.5549287551295807e-09,1.509055882316107e-11,8.559171188002571e-09
38,0.0012156198972823316,8.843760224637701e-07,2.042431104673794e-06,2.972273949120764e-08,9.434804020126531e-10,9.060758849165862e-09,5.8956642552075555e-05,0.9577300114093574,5.164915190937599e-07,3.8208948667142496e-07,4.301822516054461e-09,1.1783237103389684e-05,0.0005619526779872949,4.688689937229492e-10,6.2795831280472545e-09,2.9840599515591887e-06,0.00049866785405717,1.1323273511717499e-06,0.03788903478049003,5.969490391158644e-08,2.541174084581972e-07,0.002025661937263139,1.985094679403632e-09,3.4102604895597758e-12,3.2104008836831617e-09
39,0.0010969237109684212,6.73656296786756e-07,1.8561900100518127e-06,3.26660564053709e-08,8.462268604694393e-10,5.720851664101381e-09,5.537958387971889e-05,0.9698004998639898,6.781658561985686e-07,4.016544705021974e-07,3.259140352463005e-09,8.703433226505235e-06,0.00044083137900187327,5.136494412336649e-10,5.382166378788972e-09,1.953296647292731e-06,0.0004989281387572566,1.1846268752589545e-06,0.02550863550010443,6.04556344634614e-08,1.9322215736853405e-07,0.002583042024898519,2.0020049019391974e-09,3.847549729667205e-12,4.703281855370268e-09
40,0.0024171328368234614,2.984465881387566e-06,8.683573662441458e-06,5.117600479537113e-08,4.598036608147117e-09,1.5489504810253247e-08,7.022222894154142e-05,0.9087655960217738,8.59434557641115e-07,7.772542681793958e-07,1.0597987592007267e-08,3.273272789659712e-05,0.000840865778552659,2.1214573286636067e-09,1.4524709474338382e-08,2.4732355127297735e-06,0.0006400874389319916,2.712891859648681e-06,0.08051181824036102,1.193979853571614e-07,5.820710525340152e-07,0.006702239349909548,2.7276572422011592e-09,9.120662042087794e-12,1.1807551104916507e-08
41,0.0015634288917070506,1.441200663093676e-06,2.5819243984219423e-06,6.594127048442617e-08,2.3391383854206023e-09,7.862646992059054e-09,5.00290273388119e-05,0.9747537252390455,1.5144745042577353e-06,4.7298527014634574e-07,4.514320718607532e-09,9.176262208350952e-06,0.0006463067080955853,6.89403194043653e-10,5.276639489110321e-09,3.336715646503178e-06,0.0005420967357122233,1.1875770967300175e-06,0.021002106522654346,3.7813017107100505e-08,1.434545338441166e-07,0.001422321574162122,1.744550778067243e-09,6.217565064308623e-12,4.51975820606815e-09
42,0.08423504671475178,2.4900130080412044e-05,1.6061492127427145e-05,2.8534064491284395e-06,1.1204637658924166e-07,1.0097730459237177e-07,0.0011807915662439734,0.881294990194071,8.901721843949672e-05,6.370039749271739e-06,2.6146035624183874e-07,0.0001719372331967653,0.00485900701141231,1.1454594313251312e-07,4.129067636865298e-08,3.0567228130614335e-05,0.011120672673356004,0.0006821283204488927,0.013448457177179053,1.2422406426866557e-06,1.130779674557582e-06,0.0028314840729456166,2.4636200467419117e-07,1.2513468364096294e-09,2.464567092239052e-06
43,0.00199447442636769,1.6057411949241594e-06,3.1166241523352792e-06,4.985742826701628e-08,1.8070705701866334e-09,8.219848180031881e-09,7.330259199587596e-05,0.9594734403882459,1.0146055923030855e-06,4.6722620581991136e-07,6.797220002863273e-09,1.982715909526673e-05,0.0008333770234161352,1.04063320406847e-09,6.618296598950005e-09,2.4909885238218366e-06,0.0007856710800812321,2.380418779742242e-06,0.03382112537085142,6.45099848218287e-08,2.5924205432061803e-07,0.0029872980337771115,2.504817420152216e-09,6.012179418231353e-12,7.718354631919655e-09
44,0.0017972986164794186,1.165579929574816e-06,2.8184001082692654e-06,4.5239096907151094e-08,1.484558877296286e-09,7.4385098338342916e-09,6.278419423810927e-05,0.961945406409751,1.0281335208139758e-06,6.055751625240181e-07,5.557642383387224e-09,1.3802468735388514e-05,0.0006131161006917353,9.32227576022271e-10,6.468171240140974e-09,2.4195627419440923e-06,0.0006725371307872499,2.0007961665880054e-06,0.031540335404475435,7.524238706122629e-08,2.486870986244872e-07,0.003344281160894239,2.3414858715083125e-09,6.776412779645623e-12,7.068362795279521e-09
45,0.007278113570825009,5.423482866291463e-06,6.688197721315209e-06,8.845338712682899e-08,4.802068518625912e-09,1.6116803204723133e-08,9.528595092811336e-05,0.9158878209792628,3.249116031888688e-06,1.8188639983246261e-06,2.0497699163485385e-08,7.57402952601738e-05,0.0016260313036303394,5.533466728880551e-09,8.066743424660224e-09,3.4641942743523085e-06,0.0024705322531873965,1.2778101270319142e-05,0.062179240612443364,1.9137681364759776e-07,6.468548209872236e-07,0.010352780250427357,6.582631479380764e-09,2.2896687267079582e-11,4.4520542397998916e-08
46,0.0012997115741384716,7.970732267156184e-07,1.9247748208777696e-06,6.152305898695861e-08,6.025368441654709e-10,8.573592078032566e-09,4.3822886475063306e-05,0.9779983815442909,7.928599898592639e-07,5.292651224172736e-07,4.8154175329339425e-09,1.7487890137230066e-05,0.0007534816785684455,7.605475912525571e-10,3.522824952781593e-09,3.128175329972913e-06,0.0015926525563870727,2.087988355531617e-06,0.01575474083502107,5.467039146812169e-08,2.2604782213427992e-07,0.0025300948829726105,2.0326722271388914e-09,5.803594643322364e-12,3.4604964427310233e-09
47,0.0012001945381990911,9.330997172776134e-07,8.240408935361616e-06,3.0536524127087175e-07,6.109285948015747e-09,1.410439082745637e-08,7.142793379995375e-05,0.980947105932569,1.3940239831858301e-06,5.539971745660278e-07,1.713314604672555e-08,9.078225502977662e-06,0.0008673217039018454,2.8793494326645946e-09,1.7013752374002037e-08,4.069447463469338e-06,0.000685442176464133,2.327512629615084e-06,0.014406701243855792,1.0374655123909924e-07,3.538021145792371e-07,0.001794375339511378,7.311738458573621e-09,2.4700276625233245e-11,6.926022105857742e-09
48,0.00897306275440067,4.332376030462362e-06,2.558801589356219e-05,4.939697638851183e-07,6.939545680109122e-08,1.4942712051584632e-08,0.00023204713228732338,0.8965789342454209,1.1467741513524874e-05,1.2787132387443269e-05,7.702533680384973e-08,5.145907214862382e-05,0.0006917238779010008,5.379321035408886e-08,7.296406201750681e-08,5.161032893051912e-06,0.0009897583044084512,4.0664152458639066e-05,0.04631824915487084,1.410537399613945e-06,3.4297852141708285e-06,0.04605860985668876,3.437524735052811e-08,3.2105504756192097e-10,4.980412385176577e-07
49,0.0015900045591541359,1.4195032974882937e-06,4.34552516840986e-06,4.865882732922281e-08,1.6460296864865409e-09,1.1498796502790873e-08,6.267104660456255e-05,0.9513729983384956,7.764475299433059e-07,6.833961989643083e-07,6.600685718589022e-09,2.2655949251231356e-05,0.0007468458499287706,1.3843853225458773e-09,8.036274966150485e-09,2.3871526423377143e-06,0.0008484601766971805,2.4189890406666574e-06,0.03993339443948651,1.0240929933352652e-07,3.7848342602382023e-07,0.005410369810120355,2.3897544070900195e-09,7.089164631862675e-12,7.701815485862358e-09
50,0.001777016859043846,1.1256291790797614e-06,2.7157944712384595e-06,4.2945869286312245e-08,1.4307538274842449e-09,7.026109200757607e-09,6.338672760063916e-05,0.9620612972053342,1.0255122301988235e-06,6.076047518378293e-07,5.288545142670804e-09,1.3003352564574316e-05,0.0005866032704898614,8.954257702396447e-10,6.398443811460919e-09,2.3328947755414264e-06,0.0006421518971719757,1.9430871704121488e-06,0.03147016937875731,7.452849608852387e-08,2.394804345675462e-07,0.0033762333875224774,2.2676115233075813e-09,6.568115517920176e-12,7.1306795669543925e-09
51,0.0017482865128455177,1.2134156221305375e-06,2.861699222735594e-06,4.890588573068286e-08,1.4910594953052447e-09,7.0937332111585075e-09,6.070672310045427e-05,0.964821601659892,1.0337641603835244e-06,5.960632877232074e-07,5.619519125915476e-09,1.355418579346065e-05,0.0006321527387835229,9.183757353532265e-10,6.213018102926605e-09,2.326744168599748e-06,0.0006841103836334936,1.8847614465284347e-06,0.02882066360607689,6.48943918166017e-08,2.4288180020555857e-07,0.003208621298386395,2.078581062686165e-09,6.704824009625336e-12,6.340510936660298e-09
52,0.0018759162084436762,1.106282846845583e-06,2.9013958072911113e-06,4.734081935279983e-08,1.4696912886162994e-09,7.382200600341854e-09,6.10102681153057e-05,0.9627468887983066,1.0229342743325811e-06,6.413683688402433e-07,5.699590520715498e-09,1.3758115307241138e-05,0.0006185378270544659,9.439777011944864e-10,6.221520691601374e-09,2.5260679257265496e-06,0.0006871456289803279,2.154593535793503e-06,0.030714216481409026,7.852441242105062e-08,2.4787621413660063e-07,0.0032717693555929994,2.3158323608815318e-09,7.271021119109824e-12,6.892501204188996e-09
53,0.001929946404420737,1.2378047380378207e-06,3.0972098239628087e-06,4.649281020661453e-08,1.5624461547856527e-09,7.666184746258354e-09,5.993028894784337e-05,0.9597140289712561,1.010225679421357e-06,6.351534674264378e-07,5.855040835212885e-09,1.4901202389610986e-05,0.0006385195902896667,9.740131778347658e-10,6.383432898304569e-09,2.4335580605620053e-06,0.000697073615880147,2.112237370716109e-06,0.03348672479877063,7.637448530859912e-08,2.660582390085648e-07,0.0034479282015994093,2.292926022076947e-09,7.0505858301957805e-12,7.070676682997268e-09
54,0.0021124896651273295,2.5736023416791207e-06,1.7087840777768558e-06,3.072186152623558e-08,1.5036625908992883e-09,9.874652275605583e-09,0.00010063692848577426,0.9543500029770209,2.0595929089275306e-06,6.96706000980279e-07,4.726222650852224e-09,2.1666992365267897e-05,0.0006143778046825512,1.1002851630774306e-09,7.458396886176327e-09,2.8740344661918185e-06,0.0009750151716945037,2.284942084257108e-06,0.03710943291424816,6.47312894890517e-08,2.1814261023351477e-07,0.00470382419973364,2.7013035707439916e-09,5.140938701610896e-12,1.4719336657307069e-08
55,0.00327567546156045,2.6438712713439414e-06,2.8980829352308807e-06,4.9817929756387224e-08,2.3431753564669703e-09,8.634270730570786e-09,9.677669590718895e-05,0.950899253628123,1.7259294914633952e-06,6.158414460249065e-07,8.138568617891532e-09,3.353431742604036e-05,0.0010002258270890546,1.303321764153292e-09,6.459720359349271e-09,3.0151532468868367e-06,0.0010229023082322514,4.226494359499074e-06,0.04011398179332447,7.203133585967621e-08,2.5702586641539693e-07,0.0035421020021030925,2.689996515707404e-09,7.427827162467219e-12,1.4141870864092982e-08
56,0.0017854754015218155,1.2699439073985591e-06,2.8880724514985996e-06,4.902232080637726e-08,1.6199194622096075e-09,7.737033744817818e-09,6.593337299205993e-05,0.9614852011065429,1.0538553906653939e-06,6.028047628404545e-07,6.178549813146242e-09,1.5628392190803664e-05,0.0007160692664881013,1.0111104143886216e-09,6.4267389433630805e-09,2.5633055654774274e-06,0.0007070148413961414,2.1311477173606543e-06,0.03192690493868552,7.509001639579952e-08,2.5302353729750967e-07,0.003286853904471152,2.380249672101099e-09,6.840420031208462e-12,7.149599307445434e-09
57,0.001596684783487954,1.4048134157629208e-06,3.1474553652949993e-06,2.4970994242605308e-08,1.5778791077485985e-09,7.667378268171887e-09,5.358106279177287e-05,0.9213032281307747,5.808368466386336e-07,5.052904464289858e-07,5.249051277712647e-09,2.3909899124778507e-05,0.0007100873854053234,8.598529281694555e-10,6.1915968160377986e-09,2.167315970684924e-06,0.0005562973091167623,1.6731234286238412e-06,0.0708140931412534,8.053978389541148e-08,3.103810369808665e-07,0.0049321944561449985,1.7748119025682306e-09,3.411162351084546e-12,5.7806302556309975e-09
58,0.0019417723934066686,1.221272536709546e-06,3.132128620603445e-06,4.9943389699355474e-08,1.599306551676131e-09,7.65176381356248e-09,6.41238836620727e-05,0.9616856028401665,1.1098667560431094e-06,6.857646101376845e-07,6.337266796415589e-09,1.3803051767059768e-05,0.0006179159985836546,9.943846693664654e-10,7.307214112586112e-09,2.530263027622813e-06,0.0006852532670599623,2.0816179728231175e-06,0.03149058046985694,7.985652884432991e-08,2.756121873596024e-07,0.0034897479712436845,2.439755365422115e-09,8.751392183020546e-12,7.460181047679872e-09
59,0.002025103616594651,1.1880128518512368e-06,3.6032508060391545e-06,5.578725919162028e-08,1.700687632336509e-09,7.913187108621112e-09,6.248802878123437e-05,0.9621547267075766,1.1453505630893946e-06,7.765475537721934e-07,6.692301643287287e-09,1.338963740956049e-05,0.0005826625456077151,1.1070163875237008e-09,7.987884826911643e-09,2.543522651914494e-06,0.0007074774611752331,2.2352713029252974e-06,0.03067790307640386,8.857997459740468e-08,2.9823665433457207e-07,0.003764278320130828,2.572797406521086e-09,1.072758761347494e-11,8.062099940526912e-09
60,0.0017972986164794186,1.165579929574816e-06,2.8184001082692654e-06,4.5239096907151094e-08,1.484558877296286e-09,7.4385098338342916e-09,6.278419423810927e-05,0.961945406409751,1.0281335208139758e-06,6.055751625240181e-07,5.557642383387224e-09,1.3802468735388514e-05,0.0006131161006917353,9.32227576022271e-10,6.468171240140974e-09,2.4195627419440923e-06,0.0006725371307872499,2.0007961665880054e-06,0.031540335404475435,7.524238706122629e-08,2.486870986244872e-07,0.003344281160894239,2.3414858715083125e-09,6.776412779645623e-12,7.068362795279521e-09
61,0.0019459491971411474,1.0974290838052173e-06,3.62280777997777e-06,5.313372101550959e-08,1.572671678672244e-09,7.699137711630738e-09,5.806246223569623e-05,0.9631013250090983,9.778412527741728e-07,6.971225280126946e-07,6.103535110733957e-09,1.2790701649609868e-05,0.0005667925503462897,9.880490894790299e-10,7.361475625655043e-09,2.396452839494262e-06,0.0006636753371454382,2.116185497913119e-06,0.030230070927794398,8.30724898443995e-08,2.8833853599736873e-07,0.0034099683951227607,2.330014225013506e-09,9.259361774272079e-12,6.971594848220778e-09
62,0.0017972986164794186,1.165579929574816e-06,2.8184001082692654e-06,4.5239096907151094e-08,1.484558877296286e-09,7.4385098338342916e-09,6.278419423810927e-05,0.961945406409751,1.0281335208139758e-06,6.055751625240181e-07,5.557642383387224e-09,1.3802468735388514e-05,0.0006131161006917353,9.32227576022271e-10,6.468171240140974e-09,2.4195627419440923e-06,0.0006725371307872499,2.0007961665880054e-06,0.031540335404475435,7.524238706122629e-08,2.486870986244872e-07,0.003344281160894239,2.3414858715083125e-09,6.776412779645623e-12,7.068362795279521e-09
63,0.001852952660094495,1.267274160433678e-06,2.8315380398556565e-06,4.478939034408573e-08,1.532854784468339e-09,7.569844965491978e-09,6.464266266406434e-05,0.9609544608113209,1.0641113751346177e-06,6.133875892157839e-07,5.686472765857118e-09,1.4425202319077104e-05,0.0006305493563740879,9.468663186951683e-10,6.587173406039542e-09,2.4232787687629156e-06,0.0006819217126478273,2.017153376643909e-06,0.03238001495274668,7.356292003229851e-08,2.528142487674229e-07,0.003410412768376444,2.3138132820427064e-09,6.78834691809692e-12,7.319773597054872e-09
64,0.0018261571427854745,1.2562846721585233e-06,3.1954304807755277e-06,4.633580705260981e-08,1.5439568566415328e-09,7.948954785315161e-09,6.256653986931685e-05,0.9586365491100713,8.97547339204753e-07,6.215246462453991e-07,6.091792290686081e-09,1.4081060186043684e-05,0.0005905869553296585,8.822415500642313e-10,7.476616469735695e-09,2.276369857649833e-06,0.0006147688077806585,1.8466799570740039e-06,0.03484445936872646,7.423378696582025e-08,3.1944255084174036e-07,0.0034002643034517833,2.298913765344834e-09,7.079655894249179e-12,6.613145652683534e-09
65,0.001693754691032166,1.1345456826154078e-06,2.931398387569632e-06,4.599729852702372e-08,1.472530417320393e-09,7.539891279491867e-09,6.175421262200912e-05,0.9627387473380079,9.628274696877545e-07,5.901790931079875e-07,5.531985002456469e-09,1.3104815511324129e-05,0.0005941169055479485,9.095394060107814e-10,6.852109652012991e-09,2.357376898192975e-06,0.0006453491892902752,1.8539490799410396e-06,0.030947950891877254,7.355678087370235e-08,2.57810238025766e-07,0.0032949830488432693,2.300115768941631e-09,6.763820389368827e-12,6.653404090792314e-09
66,0.0016428627194110758,1.0471533613903795e-06,2.1954413009716557e-06,3.449621861461509e-08,1.1460100864043053e-09,6.912746880316418e-09,6.75685767880962e-05,0.9633976342530048,9.864554979877008e-07,5.020141019912892e-07,4.126866990887311e-09,1.128042426789572e-05,0.0005100414110741873,7.211989047463412e-10,6.166347521047268e-09,2.118655201272259e-06,0.000581731533572671,1.6545175517571365e-06,0.03076920762875232,7.105615422042775e-08,2.0733141401322283e-07,0.0030108280865806317,2.2341916008545043e-09,5.543342497254687e-12,6.932840919195286e-09
67,0.0017871504689907437,1.2940364048879403e-06,3.1537163759308534e-06,4.9818351862700316e-08,1.5215979378467853e-09,1.0701060952855263e-08,7.147538830514786e-05,0.958528571486588,1.0946778501589442e-06,7.204396967472902e-07,6.6868116841961644e-09,1.7618365107828332e-05,0.0006825457731205767,1.3713112707800203e-09,8.056821908762877e-09,2.626541001917015e-06,0.000877598993715218,2.5623209993962963e-06,0.03354210599553434,1.1377887144896311e-07,3.2886370090361017e-07,0.00448094777413655,3.460974740117567e-09,8.713230937597112e-12,9.753956609431102e-09
68,0.001790850581463871,1.032584975793909e-06,2.791010313872716e-06,4.5353609952932416e-08,1.2751648589903608e-09,6.975459169021733e-09,6.229131448658043e-05,0.9648334005536711,8.832625014449918e-07,5.319549594207201e-07,5.288105460270079e-09,1.4362649368219499e-05,0.0006856286506166018,8.835647422146534e-10,5.318220296160073e-09,2.3036632603074317e-06,0.0006911708818606112,2.3060900251260215e-06,0.028996183223805545,7.492916693095674e-08,2.2845967443146625e-07,0.002915886339588752,2.223308138118348e-09,6.072050085017994e-12,6.526756769047222e-09
69,0.0018827119678166634,1.1935443257974833e-06,2.7549465101411585e-06,4.898930353568817e-08,1.594587082020471e-09,6.685343820600605e-09,6.313677692108867e-05,0.9663634451151022,1.1902345354103143e-06,6.046566538803015e-07,5.358662630570866e-09,1.2268415125481067e-05,0.0005746850201978968,8.878295744398468e-10,6.393421287647789e-09,2.4644292976319848e-06,0.0006625273868848529,1.954636755564322e-06,0.027417400207558354,6.366963627082676e-08,2.164867216529025e-07,0.0030133031867152654,2.183314691449028e-09,7.085954581685875e-12,7.219693442476544e-09
70,0.0019956383845695625,1.3479179648953585e-06,2.9213866768886596e-06,3.665811856485461e-08,1.4765182291914092e-09,6.765905476319204e-09,6.586329839074572e-05,0.9535480095643437,9.260849183057796e-07,6.074821557328577e-07,5.7207600464909625e-09,1.444448960376854e-05,0.0005769842289142911,8.479451644125331e-10,7.168134623638645e-09,2.0277990181278896e-06,0.0005882353189844236,1.876647795739447e-06,0.039374553547382375,7.058466892416084e-08,2.9251942616422593e-07,0.0038261324880733564,2.1105991187994122e-09,6.073685314810522e-12,7.503058088398967e-09
71,0.0015319465802484632,1.365255116451853e-06,5.2922032817634e-06,5.3149093031875916e-08,1.7431205941654227e-09,1.1020788056893387e-08,6.390239226920576e-05,0.9540056584978269,7.2627833327701e-07,6.536321218898591e-07,5.986804378833325e-09,1.4689050050105234e-05,0.0006131482485593929,1.2813361669632185e-09,8.99628463909564e-09,1.9072641490885878e-06,0.000686958253191752,1.895812083647308e-06,0.03839725776169355,8.390915423197657e-08,3.960209421906066e-07,0.00467402679689764,2.2668439412426525e-09,6.9963170228271106e-12,7.592812905133071e-09
