,0,1,2,3,4,5,6,7,8,9,10,11,12,13,14,15,16,17,18,19,20,21,22,23,24
0,0.029153093491638762,1.677028534188868e-05,1.0737588947530604e-05,1.0744206829424201e-07,1.9817131761735836e-08,5.8184703931370816e-08,0.00032066476898903696,0.8697883703091804,1.456456260262014e-05,6.783037311165947e-06,1.394172282402547e-08,6.474781181812097e-05,0.0004207557006842702,1.1019746410276831e-08,3.0569090319591655e-08,5.477454359977463e-06,0.0018365339850672493,3.890553806111505e-05,0.08379359972665855,6.89228575520633e-07,2.0425762569839575e-06,0.014525241606253457,2.3273899942330286e-08,9.278459934247777e-11,7.579871050996613e-07
1,0.026524201329420172,1.1945999526189218e-05,7.808316804167844e-06,8.480397461425047e-08,1.644283250457384e-08,4.6709744804244056e-08,0.0002597930575897108,0.8783058237350767,1.5549665409551674e-05,6.330246831662167e-06,9.397641785604084e-09,3.9793185191275235e-05,0.0003473926485403498,6.3080205089688796e-09,2.2141698720276284e-08,6.740152169586174e-06,0.0013115923695879224,2.593540143898392e-05,0.08389185362108181,5.587294591141685e-07,1.2122398561455846e-06,0.009242763036102218,1.7554770621449055e-08,7.725133357239255e-11,5.028299796674305e-07
2,0.027193218622667253,1.2998865111410206e-05,8.239100177569768e-06,9.186940559917969e-08,2.234093025574355e-08,5.499961400538777e-08,0.0003145114436394397,0.8645096812494708,1.9654122276411986e-05,8.15436537322819e-06,1.1771823244376871e-08,4.43056911956918e-05,0.0003062742363950398,1.1039558520932558e-08,3.324496225911122e-08,5.238009851131114e-06,0.0013176796140304155,3.1539139158915555e-05,0.08915716342972446,1.0059857993930028e-06,1.889902882836684e-06,0.0170672340277232,2.984226603231838e-08,1.0639371569741093e-10,9.569795690366069e-07
3,0.02814123747256418,1.623076766766641e-05,1.0387056638837431e-05,1.0356161240560345e-07,1.9482767194684794e-08,6.146827423301002e-08,0.00032143755261119,0.8677532576721628,1.4058637885077933e-05,6.859296599300359e-06,1.351495158241028e-08,6.486767565592063e-05,0.00041922405723857434,1.0763579161062972e-08,3.033532082856507e-08,5.717149225849317e-06,0.0017567818346890306,3.815980069306111e-05,0.08722524341579216,7.372846876723859e-07,2.097390161132764e-06,0.014222701475315624,2.3670788769664752e-08,9.025082636763609e-11,7.385728668281653e-07
4,0.027237878277173062,1.888696626814712e-05,1.1063177153039638e-05,1.1496701732787712e-07,2.1334910709405353e-08,6.466652163126473e-08,0.0003454807635946275,0.8647562131012558,1.4504988901954658e-05,6.855312896022841e-06,1.6234626743402105e-08,8.190670650422e-05,0.0005522913288387474,1.318015470732731e-08,3.030100482309133e-08,5.9603793605561265e-06,0.0019993244189347704,4.344481382532534e-05,0.08978410692686813,7.62710879994052e-07,2.1720203978731147e-06,0.015138068495209498,2.5623753443558602e-08,9.243364722582508e-11,7.932115151888258e-07
5,0.03431059163507316,1.3945301932669175e-05,1.0948484646777011e-05,1.3898547927718612e-07,1.9631494030078574e-08,6.025691911106827e-08,0.00034503433139621085,0.8792269653411086,1.63208946807688e-05,9.061414591109316e-06,1.4041119969949241e-08,7.07804928122307e-05,0.00041671290199181557,1.3858272900863706e-08,2.6312190564414428e-08,6.242689791909786e-06,0.0021187478228023447,6.416098723034501e-05,0.06885291138856352,1.0165372154517685e-06,2.280837392976632e-06,0.014532997398621612,2.8113940028550556e-08,1.2914685588222456e-10,9.802115858016764e-07
6,0.02814123747256418,1.623076766766641e-05,1.0387056638837431e-05,1.0356161240560345e-07,1.9482767194684794e-08,6.146827423301002e-08,0.00032143755261119,0.8677532576721628,1.4058637885077933e-05,6.859296599300359e-06,1.351495158241028e-08,6.486767565592063e-05,0.00041922405723857434,1.0763579161062972e-08,3.033532082856507e-08,5.717149225849317e-06,0.0017567818346890306,3.815980069306111e-05,0.08722524341579216,7.372846876723859e-07,2.097390161132764e-06,0.014222701475315624,2.3670788769664752e-08,9.025082636763609e-11,7.385728668281653e-07
7,0.026356138816814006,1.4571188935126956e-05,1.1358344559026878e-05,8.603231692312989e-08,1.5503235939354918e-08,4.629416286378471e-08,0.00025320138612938106,0.8722376271705442,9.395845357061933e-06,4.658739986125805e-06,1.2831736219548037e-08,4.987820240060464e-05,0.0004801067621748828,6.592185496238331e-09,2.4723616865135183e-08,4.192378700168907e-06,0.0013163539306952378,2.5761922697233217e-05,0.08880917544287163,4.903137124106261e-07,1.603804866233183e-06,0.01042487788810744,1.4707252114032095e-08,6.988906572649897e-11,4.011070538369713e-07
8,0.0396971794560462,1.7576509768446133e-05,1.53515982353437e-05,2.0834005883235617e-07,3.178001120286394e-08,6.210367865046168e-08,0.0003483833545841136,0.8759119883098228,3.279948398911432e-05,1.3450995323595407e-05,2.1693906748151385e-08,4.3238942278870255e-05,0.00027836423601434925,1.9976461261451292e-08,6.078677822007105e-08,5.1424757709064145e-06,0.0021225980302627396,4.613152503169857e-05,0.059065958605750465,1.017641847999908e-06,3.108182150854875e-06,0.022395659598190464,4.295946507473126e-08,3.473181339683657e-10,1.6030672539155141e-06
9,0.029266150521147203,8.412632714741716e-06,1.4845732045485796e-05,1.5718444460616627e-07,1.4996792184399283e-08,5.090417426341638e-08,0.0001663290124653767,0.8972109257775407,1.4040506112393037e-05,9.208806407256018e-06,1.3803779104462705e-08,3.2898880567497455e-05,0.0002952971322950397,1.0452359234752258e-08,2.8424309949921083e-08,4.788023979565737e-06,0.00180906665503831,3.2434704760424364e-05,0.057623451173393535,8.760837654110106e-07,2.005293138005501e-06,0.01350848214394295,2.434482019689187e-08,2.0219372847072877e-10,4.866078126778678e-07
10,0.02814123747256418,1.623076766766641e-05,1.0387056638837431e-05,1.0356161240560345e-07,1.9482767194684794e-08,6.146827423301002e-08,0.00032143755261119,0.8677532576721628,1.4058637885077933e-05,6.859296599300359e-06,1.351495158241028e-08,6.486767565592063e-05,0.00041922405723857434,1.0763579161062972e-08,3.033532082856507e-08,5.717149225849317e-06,0.0017567818346890306,3.815980069306111e-05,0.08722524341579216,7.372846876723859e-07,2.097390161132764e-06,0.014222701475315624,2.3670788769664752e-08,9.025082636763609e-11,7.385728668281653e-07
11,0.02650622901904142,1.6472550045366053e-05,1.02177785180871e-05,1.0209335229714137e-07,1.890476391402728e-08,6.122214853936857e-08,0.00031608209584376183,0.8690702508563801,1.3338418187066756e-05,6.443455447952781e-06,1.345501107487161e-08,6.678485419308487e-05,0.000457973897633076,1.03822333728013e-08,2.880196409399859e-08,5.752703438598234e-06,0.001755627350015399,3.631047391506316e-05,0.08829734198848148,6.993778185648771e-07,1.9691489804260374e-06,0.013437578376693052,2.235887600585425e-08,8.362410424007445e-11,6.70353394001507e-07
12,0.023774165696636478,1.2462335685824346e-05,8.976913796509308e-06,8.455316732371836e-08,1.322557026053302e-08,4.805018326408123e-08,0.0002593820731177733,0.8820142497119997,1.1594832329857764e-05,6.03810189696612e-06,1.0748759359800708e-08,4.709972816232848e-05,0.0003570481192305601,7.2476927073466305e-09,2.5887530624998575e-08,4.874149849327188e-06,0.0015313879509646466,2.62547097225078e-05,0.07897282746092185,5.597415212142692e-07,1.6938774585888007e-06,0.01297069986945688,1.6974766106269034e-08,7.502956274025996e-11,4.779645495981034e-07
13,0.02903940573494517,2.7223819446237696e-05,1.7247444891728545e-05,1.626143546373373e-07,3.185784392972139e-08,5.8697761641090485e-08,0.00032061870846256905,0.8400189682758945,1.3093747894928318e-05,5.165621067931581e-06,5.253129564192445e-08,0.0001246259964799455,0.0010164376437770044,1.8944600117127908e-08,5.53766292069742e-08,5.373319979086948e-06,0.002480181884606841,4.139036938559391e-05,0.1088689012548193,5.907165515347219e-07,2.9649179757724206e-06,0.018016766450801306,3.381468632088463e-08,1.334901482303489e-10,6.301223589548532e-07
14,0.026167283712577233,8.03196416485484e-05,9.86783187681045e-06,2.957053980737843e-08,3.3052421151509686e-08,1.6322655925946138e-07,0.0003065628533861818,0.5023320281284838,4.301972597284229e-06,2.7121573782603506e-06,2.5319536072846612e-08,0.0002679370823471345,0.0013226692715853198,8.077831078363564e-09,2.8597831645952403e-08,7.022113957481897e-06,0.0009115948527022602,2.2352900176592845e-05,0.4614607040037465,4.604222488888572e-07,3.464460410121093e-06,0.007100106144488059,1.4826493410799912e-08,1.8886939246971896e-11,3.0976029028842857e-07
15,0.02814123747256418,1.623076766766641e-05,1.0387056638837431e-05,1.0356161240560345e-07,1.9482767194684794e-08,6.146827423301002e-08,0.00032143755261119,0.8677532576721628,1.4058637885077933e-05,6.859296599300359e-06,1.351495158241028e-08,6.486767565592063e-05,0.00041922405723857434,1.0763579161062972e-08,3.033532082856507e-08,5.717149225849317e-06,0.0017567818346890306,3.815980069306111e-05,0.08722524341579216,7.372846876723859e-07,2.097390161132764e-06,0.014222701475315624,2.3670788769664752e-08,9.025082636763609e-11,7.385728668281653e-07
16,0.031578957057341574,1.739457553582739e-05,1.096795468428698e-05,1.2679556075786045e-07,2.132053158700574e-08,6.857203673578607e-08,0.0004141531926954377,0.8605567780939993,1.4422494919135565e-05,1.0496794858950158e-05,1.5529641076913466e-08,9.709810874235088e-05,0.00043294532102218654,1.5936335071839398e-08,3.1860864976492304e-08,6.8712160641772935e-06,0.0021610350246435935,6.61595940102715e-05,0.0857791020935606,1.0426296208585868e-06,3.43562649359332e-06,0.018847726583690147,2.8049598453559737e-08,1.0730745851424926e-10,1.1054662415914997e-06
17,0.029706253860894868,1.7152451698096808e-05,1.0397295612681608e-05,1.0569257483220095e-07,1.9690548464157616e-08,6.245658640074248e-08,0.00033770923712398104,0.8631040075470848,1.4102451129160997e-05,7.116368787111154e-06,1.4086328686985448e-08,7.830361052277707e-05,0.0004586511271771526,1.2224941084911158e-08,2.844817690155163e-08,5.732625758320073e-06,0.0019565959076982982,4.634455301616409e-05,0.08879224353781852,8.092377350031708e-07,2.242068471785817e-06,0.015461233386499153,2.5180107627271363e-08,8.920278853705073e-11,8.368645054325694e-07
18,0.029194359119556167,1.6936673081235328e-05,1.0202661440909456e-05,1.0457335442461949e-07,1.9462139154829828e-08,6.34648639923135e-08,0.0003367219680490945,0.8654504400808378,1.4977788504656595e-05,7.322032319998481e-06,1.3796778643391546e-08,7.078551683878472e-05,0.0004284572541534581,1.1783347203071325e-08,3.022713426692007e-08,5.842265849458499e-06,0.001921615299632254,4.26229570115145e-05,0.08704509983613716,7.892682785754392e-07,2.172472628351197e-06,0.015450550834460043,2.5215148688147862e-08,9.362791313565689e-11,8.353548260461956e-07
19,0.022109894943532774,1.633060111387336e-05,1.039009777397089e-05,1.0762063749739697e-07,2.270171045913113e-08,4.977768232972783e-08,0.00034000170582321865,0.8795776409309205,1.1990814237272433e-05,5.152327102026228e-06,1.3396387912737484e-08,6.69760593826869e-05,0.000501657659491125,1.021867578074352e-08,2.87333040854915e-08,4.9319223546461105e-06,0.0013929296438867794,3.211909118542444e-05,0.0830354684438462,5.945974796349551e-07,1.7927004927775958e-06,0.012891283192974261,1.8466377014642585e-08,6.943131295203847e-11,5.942841964608977e-07
20,0.04207864167024835,1.9189386633384436e-05,1.1668145128545246e-05,1.1301463373823415e-07,2.329013926196513e-08,6.782741088251143e-08,0.00031790662568615557,0.8468421652684777,1.670671398549706e-05,8.071908422706195e-06,1.3897260942926075e-08,8.486283081971725e-05,0.0005059048781231728,1.2974621567221955e-08,2.2478095034417435e-08,7.162959516286162e-06,0.0021345939986265106,6.384476388001803e-05,0.09569644251539144,8.71611123865301e-07,1.9412644161338554e-06,0.012208800157469024,2.5383320176639472e-08,1.0186883335225746e-10,9.463347010703013e-07
21,0.044515382593437375,2.495597714234862e-05,1.3913716466989619e-05,1.2546385162585478e-07,3.0754383870776656e-08,7.077396675632067e-08,0.0003723658360051513,0.811674644574437,1.4908123615002776e-05,1.1481227027871221e-05,2.122144669018455e-08,0.00013425411087038903,0.0005500650589936752,1.8300792301630943e-08,3.1970745225988824e-08,7.247025591575112e-06,0.0020771108970897155,7.985984337258478e-05,0.12221360139676353,1.1106230854718871e-06,3.86775372130141e-06,0.01830372117334309,2.77665893230177e-08,1.2302241614396844e-10,1.1836942389828837e-06
22,0.03169412442908416,1.1597893345603282e-05,1.3716539740102764e-05,1.2968843771632768e-07,1.3354173961413117e-08,5.259030237909391e-08,0.00023925095403217424,0.8773796334188539,9.758920702834933e-06,8.929860834885264e-06,1.510712211207344e-08,6.819000889823101e-05,0.0003938039801130455,1.1404060861092606e-08,2.580623826687128e-08,5.4103607289847365e-06,0.0024196402039116317,5.2571134358787844e-05,0.07205792531072974,7.796870737581662e-07,2.654409196143449e-06,0.015641169345205107,2.0147504534833894e-08,1.1331225279989473e-10,5.75332038807794e-07
23,0.02814123747256418,1.623076766766641e-05,1.0387056638837431e-05,1.0356161240560345e-07,1.9482767194684794e-08,6.146827423301002e-08,0.00032143755261119,0.8677532576721628,1.4058637885077933e-05,6.859296599300359e-06,1.351495158241028e-08,6.486767565592063e-05,0.00041922405723857434,1.0763579161062972e-08,3.033532082856507e-08,5.717149225849317e-06,0.0017567818346890306,3.815980069306111e-05,0.08722524341579216,7.372846876723859e-07,2.097390161132764e-06,0.014222701475315624,2.3670788769664752e-08,9.025082636763609e-11,7.385728668281653e-07
24,0.025768174661437604,2.037357798813158e-05,1.1489255465458539e-05,1.505058942805294e-07,3.2925655489914234e-08,6.917094956267238e-08,0.0003752901729838293,0.8721783551899551,1.6514919577930897e-05,6.984624800546391e-06,1.6618926174399565e-08,9.602314621084048e-05,0.0006200731880400336,1.7466717609325048e-08,2.9291505510194337e-08,7.586256426710322e-06,0.0018945106193182099,5.195052947609666e-05,0.08611144436546798,8.399862853301677e-07,2.1092725560629166e-06,0.01283704446982003,2.915171460179172e-08,9.01495122008648e-11,8.905426772035221e-07
25,0.020347833547057114,7.71979305088309e-06,8.122260729962402e-06,9.103067126742609e-08,1.140465028637347e-08,2.7024701031127812e-08,0.0002273990358726615,0.9054165252139804,7.179447584764941e-06,4.2674974551663784e-06,1.0733516820713718e-08,3.769439051546352e-05,0.00036406340470726003,5.065929564920769e-09,2.035885644273195e-08,3.942372968199819e-06,0.0010529567855628334,2.3546396628807253e-05,0.06394509778040267,4.443060357245352e-07,1.4838104420797683e-06,0.008551267817512772,1.3124333836604151e-08,5.551913366789647e-11,2.773413147155177e-07
26,0.04317171232247144,1.535233412753166e-05,9.594464737169809e-06,1.1249136608361507e-07,1.8792928775391918e-08,5.749124890170573e-08,0.00025569749354754803,0.8748410024257716,2.5893270955891466e-05,5.690731646522498e-06,1.4082291876713333e-08,3.9196042698707324e-05,0.00036196172948698563,8.515498585880499e-09,3.01095964111917e-08,5.295830436963097e-06,0.0019445741041021415,3.355960245095128e-05,0.06938116728907283,7.330278254536668e-07,1.2445628764365385e-06,0.009906211537481177,3.5661054147297377e-08,1.8113525757742548e-10,8.35905190839519e-07
27,0.022524389456156094,1.4737448994226611e-05,7.842650567683043e-06,9.433051492727219e-08,1.8792761927068503e-08,5.833995651998711e-08,0.000359020317467311,0.8766120637026394,2.1178202126539335e-05,7.725192475224072e-06,1.330905260977741e-08,4.8094017417510546e-05,0.00032347214913525937,1.1378230532322557e-08,4.2949501665933234e-08,5.396716037695708e-06,0.0016956867238957,2.7309232105887264e-05,0.07775584108117738,8.20066063467428e-07,1.8928832844543619e-06,0.020593317620252367,2.985932781375612e-08,1.1574630506244868e-10,9.434651114379343e-07
28,0.02814123747256418,1.623076766766641e-05,1.0387056638837431e-05,1.0356161240560345e-07,1.9482767194684794e-08,6.146827423301002e-08,0.00032143755261119,0.8677532576721628,1.4058637885077933e-05,6.859296599300359e-06,1.351495158241028e-08,6.486767565592063e-05,0.00041922405723857434,1.0763579161062972e-08,3.033532082856507e-08,5.717149225849317e-06,0.0017567818346890306,3.815980069306111e-05,0.08722524341579216,7.372846876723859e-07,2.097390161132764e-06,0.014222701475315624,2.3670788769664752e-08,9.025082636763609e-11,7.385728668281653e-07
29,0.02814123747256418,1.623076766766641e-05,1.0387056638837431e-05,1.0356161240560345e-07,1.9482767194684794e-08,6.146827423301002e-08,0.00032143755261119,0.8677532576721628,1.4058637885077933e-05,6.859296599300359e-06,1.351495158241028e-08,6.486767565592063e-05,0.00041922405723857434,1.0763579161062972e-08,3.033532082856507e-08,5.717149225849317e-06,0.0017567818346890306,3.815980069306111e-05,0.08722524341579216,7.372846876723859e-07,2.097390161132764e-06,0.014222701475315624,2.3670788769664752e-08,9.025082636763609e-11,7.385728668281653e-07
30,0.02814123747256418,1.623076766766641e-05,1.0387056638837431e-05,1.0356161240560345e-07,1.9482767194684794e-08,6.146827423301002e-08,0.00032143755261119,0.8677532576721628,1.4058637885077933e-05,6.859296599300359e-06,1.351495158241028e-08,6.486767565592063e-05,0.00041922405723857434,1.0763579161062972e-08,3.033532082856507e-08,5.717149225849317e-06,0.0017567818346890306,3.815980069306111e-05,0.08722524341579216,7.372846876723859e-07,2.097390161132764e-06,0.014222701475315624,2.3670788769664752e-08,9.025082636763609e-11,7.385728668281653e-07
31,0.0040268224124485694,0.0005891387479796494,1.2469504503346241e-05,1.5525939172937227e-06,3.84959113592438e-07,2.2267556410571252e-05,0.010399830744972114,0.16327922104990167,0.0013858628853251113,0.00029429148989467595,1.559813388893479e-06,0.0003902204801304195,0.0006686733979192179,3.663346742526165e-06,2.243184485206527e-05,0.00013127469775076205,0.03660606418273426,2.4284740876644136e-05,0.07099177119048478,3.939503786349808e-06,3.252803264128344e-05,0.7110846533474176,1.2354575274655757e-06,7.657624317949067e-09,2.5850361656802987e-05
32,0.027130669156648052,1.6513748587017992e-05,1.0195853290898915e-05,9.232824476671972e-08,1.9616290599708887e-08,6.384924523746145e-08,0.00031035797566728246,0.8555251294286219,1.3172944010897857e-05,6.52508387457517e-06,1.3427117741002891e-08,6.607773488621914e-05,0.0004195144780385328,1.0193548776367958e-08,3.0875598101271705e-08,5.6621509123748845e-06,0.0016367712219791768,3.4465243026901415e-05,0.1003641904289199,7.443900828603413e-07,2.095919559287713e-06,0.014456967751500124,2.319012434247094e-08,8.20667850460441e-11,6.92928157754258e-07
33,0.020670015174952355,1.2625009853143314e-05,6.738127058565497e-06,7.066847275159727e-08,7.859537696477435e-09,4.173440566481764e-08,0.0002575676893940878,0.8908341433163193,9.639094903377561e-06,5.3897286866182065e-06,8.986370605690092e-09,9.052378943991311e-05,0.0006741885589844995,9.00128211786329e-09,1.1372926826749134e-08,5.471678862534641e-06,0.0028718980565571963,4.298791035303878e-05,0.06971349190141807,5.048283812849721e-07,9.981440900654967e-07,0.01480327511347886,1.1475199915146912e-08,4.173219505783912e-11,3.807373393851254e-07
34,0.031420296168261516,1.7429047734896675e-05,1.0575468582925355e-05,9.476846352973794e-08,2.054862791626928e-08,5.6482724187949406e-08,0.00030083576264850604,0.8528197080778068,1.4942333147678524e-05,6.655044893587792e-06,1.4496830727416527e-08,6.212324693423394e-05,0.0004280290868899783,1.011857095657994e-08,3.020318778987522e-08,5.264891877635755e-06,0.0016329066604858437,3.525241419447054e-05,0.09902227781000209,6.973905303521869e-07,1.9789174124323585e-06,0.014220046129323212,2.3188111904865056e-08,9.373257914957883e-11,7.316490243568516e-07
35,0.00766758401726498,5.527499892597193e-05,4.969546328671841e-05,3.823515140042973e-07,1.952019148847811e-07,7.751433291500835e-07,0.0010062396136678415,0.7491958693292277,2.647192330511482e-05,1.280493449832156e-05,9.215376808701388e-08,0.00013608562882958184,0.0008054188726191512,1.1311842821454136e-07,6.522455320992421e-07,1.18657105325987e-05,0.0021691732309266115,2.152579440853674e-05,0.17800252684872875,3.831716602055824e-06,1.5512691765163195e-05,0.06081558575745325,1.87474689950491e-07,3.7489674197625796e-10,2.1354038846494913e-06
36,0.09608202035324398,5.832160120279468e-05,6.505895505059593e-05,2.9254743192182993e-07,1.862279549685133e-07,1.5039968489924873e-07,0.0005581081749780351,0.6614542380143038,1.8707116650026832e-05,1.9702798148202317e-05,7.071431625018124e-08,0.00010333407453628499,0.0005773444801105476,3.483931331915015e-08,1.1530384861263845e-07,5.930912310616089e-06,0.0009400112081778548,9.599288954703899e-05,0.22265855863208092,1.9900329490026173e-06,1.4679821063687103e-05,0.017342340052661716,5.145623293651825e-08,5.167843142740447e-10,2.7588774176569923e-06
37,0.054772115218459295,1.4746762014331713e-05,1.7320026827752774e-05,1.6877847842345164e-07,2.2438657667734565e-08,4.8980319546848526e-08,0.0002764909448578523,0.8549915130220899,1.545410844399062e-05,9.15347332514955e-06,2.114615049349773e-08,6.448488942406578e-05,0.0004413434430747844,1.3071254525773745e-08,2.8577855047071493e-08,5.204652005681936e-06,0.0020918092397004427,7.13140197601118e-05,0.07459826684337813,8.923743509277966e-07,2.470723590413131e-06,0.01262625534422752,2.573705425826149e-08,2.124481727583428e-10,8.359722516454466e-07
38,0.01759091685165713,1.141955135636048e-05,7.513625899944331e-06,6.144169966661193e-08,1.0497397508755666e-08,7.898392721966201e-08,0.00028551418569116487,0.8658561852892013,6.137719322209324e-06,4.055860100159062e-06,9.202710957305124e-09,5.2577710063889565e-05,0.00037305295383911746,4.723166866005433e-09,2.7633782630976433e-08,7.056488662369367e-06,0.001262799283295264,1.9893945345525596e-05,0.10643281446119232,5.696910264830682e-07,2.0126811634510715e-06,0.008086979502745405,1.7918806497416228e-08,4.153522123466655e-11,2.8975641114852074e-07
39,0.018036314672994793,1.0281250905817492e-05,6.939355543007049e-06,8.553358264909089e-08,1.2496675447260943e-08,5.6584187671604115e-08,0.00030973348356440084,0.8963279815635146,9.777111873784326e-06,5.1757554253798765e-06,8.357155241004127e-09,4.885346453322192e-05,0.0003230538288867082,6.631764899780663e-09,2.5347855179179407e-08,5.547214565348687e-06,0.001456308533511307,2.610984967340346e-05,0.07235946383424895,6.520427330324494e-07,1.969948944689396e-06,0.011071087964649267,2.1845191439819865e-08,5.313401240242301e-11,5.332748855783091e-07
40,0.03426773834312393,4.2622530516316295e-05,2.8533004318754572e-05,1.1035580205542284e-07,5.7782273287048466e-08,1.2829734669341623e-07,0.00031715406245949894,0.7271453241893566,1.1426137774184661e-05,7.243419496886487e-06,2.7994168375726507e-08,0.00015485947069417776,0.0005927685855452906,2.2119234250763333e-08,6.420580362534865e-08,5.353256686359731e-06,0.0017071707453142357,4.2899289058500155e-05,0.2094906684458923,9.437178824020632e-07,4.402449390832511e-06,0.026179448347167913,2.5277679480267923e-08,1.0887941170601829e-10,1.0078641348068563e-06
41,0.023823753670766355,2.03659914171469e-05,1.1538108816328832e-05,1.2858722297998398e-07,2.7010499137054926e-08,6.368839119190053e-08,0.00024448167041698533,0.9051743583633942,2.20213562212948e-05,5.145215723013606e-06,1.0396370344831958e-08,3.3269868497794525e-05,0.00041293100182463247,7.1055016972995e-09,2.9427549185002867e-08,6.462835328572484e-06,0.0013206566325067888,1.791277785354335e-05,0.06241787829050188,3.721865805251005e-07,9.58872631890304e-07,0.006487179910321888,1.6255677774823087e-08,9.096523587307972e-11,4.3068501990673525e-07
42,0.28862682087957775,9.818038927777181e-05,2.9110935740489052e-05,1.3500621457528852e-06,3.0198545906599203e-07,2.98616623678029e-07,0.002259246409583198,0.6497291028313883,0.0002095738999258057,2.9700305819071822e-05,1.2055109873513546e-07,0.0002949550610249535,0.0012210040111838305,2.4614392774732844e-07,8.857656010145553e-08,2.6790282059547593e-05,0.008518742923583452,0.0019651161821057704,0.037481630586104875,5.16711780432387e-06,5.59302358878603e-06,0.009456531460451407,4.911575948926092e-07,2.3575873911540022e-09,3.983424978330476e-05
43,0.033067555618357475,2.3675402385292224e-05,1.212235724903629e-05,1.097306461862458e-07,2.4077649089255802e-08,6.678290096414705e-08,0.00036857334245266797,0.8551838535391727,1.3602935522635272e-05,5.0639783221857535e-06,1.7143981427082904e-08,9.666784793220947e-05,0.0005662699842336215,1.2013187447291307e-08,3.274259107112004e-08,5.562894678623515e-06,0.0020077744841816418,4.67126797715114e-05,0.09582775781375942,6.228102540262465e-07,2.1882099440003754e-06,0.012770883010876036,2.5155598393819692e-08,8.180865083342171e-11,8.253625435703182e-07
44,0.02814123747256418,1.623076766766641e-05,1.0387056638837431e-05,1.0356161240560345e-07,1.9482767194684794e-08,6.146827423301002e-08,0.00032143755261119,0.8677532576721628,1.4058637885077933e-05,6.859296599300359e-06,1.351495158241028e-08,6.486767565592063e-05,0.00041922405723857434,1.0763579161062972e-08,3.033532082856507e-08,5.717149225849317e-06,0.0017567818346890306,3.815980069306111e-05,0.08722524341579216,7.372846876723859e-07,2.097390161132764e-06,0.014222701475315624,2.3670788769664752e-08,9.025082636763609e-11,7.385728668281653e-07
45,0.024282940584545346,1.390026619226273e-05,9.496232817349853e-06,9.685456658565857e-08,1.7121619518383175e-08,5.7505020769945105e-08,0.0003050032445380803,0.8792342907936481,1.2522040803868996e-05,6.005611786820369e-06,1.1956102195621519e-08,5.361813768137764e-05,0.0003809063675397683,8.762694731123735e-09,3.005796732943468e-08,5.499150105557154e-06,0.001548257041791993,3.0455171850994077e-05,0.08155319540381728,6.54903978221476e-07,1.8821341237996738e-06,0.012560537406437413,2.124252454556726e-08,7.960591342414806e-11,5.91928240246625e-07
46,0.020320989806498272,1.0071939698329758e-05,7.495003297641518e-06,1.0777226811984805e-07,5.556053474834214e-09,6.657640026227541e-08,0.00018456860163352886,0.9178446224086713,9.37495238414544e-06,4.533626157527984e-06,1.0118082450509938e-08,6.421162772558077e-05,0.00048215344646244034,6.769478596223168e-09,1.6725901475744322e-08,5.804125433542102e-06,0.0038692936170366355,3.1663734487685555e-05,0.047692038713727326,4.931116912455911e-07,1.3887171601843588e-06,0.009470772413077791,1.9605230000765387e-08,7.195245429410548e-11,2.9095949023206136e-07
47,0.019376974440419657,1.4988591054187087e-05,3.8795694811149544e-05,8.254806795023021e-07,1.043987324894509e-07,1.4663737828948676e-07,0.0005074842979338525,0.9259928324328643,2.2960363633539475e-05,9.161507489300113e-06,4.3778920113419854e-08,4.522890390156802e-05,0.0005975395436018186,4.3356845636672595e-08,1.0483397117327951e-07,1.1893622745753002e-05,0.0017710840132241351,5.3983575860559326e-05,0.04316667205602823,1.4651875556317358e-06,4.045880271771426e-06,0.008382547973817133,8.690862286183644e-08,4.114793902374498e-10,9.86108157889695e-07
48,0.11760765696985992,6.538485481788135e-05,7.275031979294929e-05,1.4468808898570524e-06,1.3182602018247163e-06,1.236201703406636e-07,0.0013682389615034954,0.6068761231359622,0.00016502862902287974,0.0001807254026734326,2.1807861040640574e-07,0.0003369885334197678,0.0005040492843979813,8.576836997376123e-07,2.832918813554082e-07,1.579670411855724e-05,0.002499092382945611,0.0009942009316704463,0.09774368757091795,1.3725354831447653e-05,4.220413805022296e-05,0.17144800582822872,3.575702692984881e-07,3.838593844269233e-09,6.173177346993236e-05
49,0.024093408203303527,1.9991634170073187e-05,1.5689171271473263e-05,1.0953570631636572e-07,2.119708078895082e-08,9.708092661396024e-08,0.000317508166220523,0.8390373239363885,1.0268115498271395e-05,7.51742766402238e-06,1.6098674366051362e-08,0.00011196432253334361,0.000525150917444612,1.5984685027315634e-08,3.657626556491587e-08,5.661320710455311e-06,0.0022677449201275496,4.595576837624821e-05,0.11057674877126879,9.797399346815125e-07,3.183840230861285e-06,0.022959803993527875,2.3540824101078823e-08,8.973586334795815e-11,7.796474304783013e-07
50,0.02801788427895182,1.5873903771009415e-05,9.9703761536837e-06,1.0083267130722111e-07,1.9320792556523385e-08,5.88648705441885e-08,0.0003280933395217812,0.8679317094109031,1.429187014064361e-05,7.018277512470099e-06,1.3096000290344675e-08,6.256962946120182e-05,0.0004058109433930365,1.0527453883661351e-08,2.9955850489210727e-08,5.637074889270848e-06,0.001697040661677299,3.7662982745613124e-05,0.08703548088394024,7.351219111724302e-07,2.071018084016345e-06,0.014427140626712564,2.3122496176563134e-08,8.842637789236601e-11,7.537916692953627e-07
51,0.027259855918815155,1.6577337326168958e-05,1.0712525711167695e-05,1.0763359930260547e-07,1.8946145196917273e-08,5.64062917944497e-08,0.0003080324348335866,0.8760110978110306,1.385878054577834e-05,6.668710208040985e-06,1.3217955462209187e-08,6.126782915239806e-05,0.00042271546367398917,1.0400910559530651e-08,2.9332580472189015e-08,5.289263393341596e-06,0.0017321535114240756,3.536406429834576e-05,0.08033490945724929,6.365172484859914e-07,1.9728509404289456e-06,0.01377796866393775,2.0605468900385698e-08,8.87785056709614e-11,6.622284811007042e-07
52,0.029145592995891013,1.503424795450481e-05,1.0653911773584896e-05,1.0773139336474304e-07,1.8972666753507106e-08,6.001898172681371e-08,0.0003107382449128978,0.8702206547126526,1.3915403941185954e-05,7.252928353302804e-06,1.3622598059771068e-08,6.277194190406368e-05,0.0004169629546727383,1.0777011561859263e-08,2.901410991512879e-08,5.916974266393972e-06,0.0017740727203991854,4.0681763050347414e-05,0.0841359632813995,7.71392700317528e-07,2.0564660246281403e-06,0.01383598019520903,2.3375356021669403e-08,9.686996215007127e-11,7.162559072949104e-07
53,0.02990358234680493,1.7030865430321073e-05,1.1384341007078603e-05,1.0349819499631399e-07,1.9816923159751942e-08,6.264555979100743e-08,0.000299691717707315,0.8605272388123295,1.3531642245508752e-05,6.997987703859697e-06,1.4007965590190928e-08,6.851180270958071e-05,0.0004326890183013853,1.0973455525499321e-08,2.966623971954921e-08,5.603580699950053e-06,0.0018095475092251476,3.928131279536978e-05,0.09233140242236759,7.345526491353566e-07,2.170845630185703e-06,0.014529618583315683,2.2802007446500038e-08,9.225650310279037e-11,7.191564747300472e-07
54,0.03343978001374562,4.059851565328136e-05,6.296094411073614e-06,7.667793964614825e-08,2.284716493707577e-08,9.05067406885042e-08,0.0005795671312566931,0.840219656773833,2.8227329086386857e-05,9.406104193923042e-06,1.1591499468112761e-08,0.00012939136479324986,0.00044538826961029547,1.5314291953474983e-08,3.4245971888048766e-08,8.165058012735663e-06,0.0026511407231632916,5.4443715247157956e-05,0.10217315892656902,7.044962356827373e-07,2.3251045671402108e-06,0.020209649710260076,2.832731172327683e-08,6.692741507193339e-11,1.8210915137245525e-06
55,0.04846126950623832,3.8150795985799984e-05,1.0687629822699991e-05,1.1904102995152525e-07,3.346671050449587e-08,6.922986780652223e-08,0.000527660553310834,0.8285596634627455,2.2641843975107322e-05,8.070127707006205e-06,1.8837076425082005e-08,0.00017133975428811857,0.0006849909067570093,1.729177414894191e-08,2.9426508398301168e-08,7.94865588401491e-06,0.002530402696517531,9.129698677516452e-05,0.10415510935359265,7.447656367985647e-07,2.5166135279677087e-06,0.014725528636534693,2.7072109496087336e-08,9.638819720298895e-11,1.6632492358529787e-06
56,0.027826120189542076,1.7352278195514892e-05,1.0746195394194267e-05,1.072747043710269e-07,2.039743138109716e-08,6.156931109018277e-08,0.00032720730211662137,0.8669691065122995,1.4161425281556914e-05,6.5917911822986136e-06,1.4694878349925455e-08,6.96440128786737e-05,0.00047800418900313717,1.1242466736237728e-08,3.034370261985082e-08,5.740394614883252e-06,0.001794316717637288,3.8952039396166426e-05,0.08847518669761813,7.19933895537206e-07,2.01757103905262e-06,0.013963135319894293,2.3517371520551464e-08,9.075029780457796e-11,7.282993946502821e-07
57,0.021607925632425844,1.8693826167008695e-05,1.0675610173055132e-05,5.516124821391865e-08,1.9288874776232333e-08,6.13005408784389e-08,0.00023371728069204872,0.7760783985266098,7.507405832283004e-06,5.451081685674531e-06,1.2430216669782795e-08,0.00010620749853416688,0.0004937174588616437,9.0051793865698e-09,2.5237144677730873e-08,5.089587771435661e-06,0.0013972964989532172,2.6680125295770153e-05,0.18054813628972266,6.66421443863019e-07,2.4248242208276992e-06,0.019456732017282066,1.5150046478146272e-08,4.209533714471896e-11,4.822989823250217e-07
58,0.03015329791940919,1.6582604806020998e-05,1.1406338372893406e-05,1.1038525431728226e-07,1.9842197517013575e-08,6.123417321651892e-08,0.000310866906862091,0.8665427699636634,1.5176623465528755e-05,7.249335543146428e-06,1.551153489311626e-08,6.041767082476297e-05,0.00041775791362103244,1.0787444963278341e-08,3.4358657211297276e-08,5.628142074126452e-06,0.0017827579375449027,3.660751081480916e-05,0.08601340269441664,7.390771231015659e-07,2.137493410114824e-06,0.01462219710006152,2.433419072296053e-08,1.1632266241579594e-10,7.281982109970362e-07
59,0.03177890220459076,1.651362654359047e-05,1.3137332774399023e-05,1.2653587611398294e-07,2.168653483477977e-08,6.492703499489784e-08,0.0003037697327541857,0.8656198703390464,1.5964768603304057e-05,8.288025406347091e-06,1.689750102399349e-08,6.0316092590143414e-05,0.000400973741626307,1.219523661927481e-08,3.774714154852358e-08,5.767518027485277e-06,0.0018813725801545295,3.964740929425961e-05,0.08401968706733906,8.168889624391784e-07,2.3689242837782805e-06,0.01583150984471548,2.5894894844678428e-08,1.4459302276891265e-10,7.878744743855605e-07
60,0.02814123747256418,1.623076766766641e-05,1.0387056638837431e-05,1.0356161240560345e-07,1.9482767194684794e-08,6.146827423301002e-08,0.00032143755261119,0.8677532576721628,1.4058637885077933e-05,6.859296599300359e-06,1.351495158241028e-08,6.486767565592063e-05,0.00041922405723857434,1.0763579161062972e-08,3.033532082856507e-08,5.717149225849317e-06,0.0017567818346890306,3.815980069306111e-05,0.08722524341579216,7.372846876723859e-07,2.097390161132764e-06,0.014222701475315624,2.3670788769664752e-08,9.025082636763609e-11,7.385728668281653e-07
61,0.030290124278026066,1.4834086212674268e-05,1.3120802499082016e-05,1.2094511641981203e-07,1.9699532777706782e-08,6.270100866100072e-08,0.0002783686848548094,0.8709149233963176,1.3647523349181073e-05,7.469498743381316e-06,1.5105828344129387e-08,5.6253563245483956e-05,0.00038751720381747113,1.0785601142055942e-08,3.3967654882570035e-08,5.430736393241435e-06,0.0017678086732604186,3.725428551645495e-05,0.08192128616820477,7.697947754095087e-07,2.2414378968629547e-06,0.014287992642668432,2.3378066542990322e-08,1.2448560663553774e-10,6.705169246142248e-07
62,0.02814123747256418,1.623076766766641e-05,1.0387056638837431e-05,1.0356161240560345e-07,1.9482767194684794e-08,6.146827423301002e-08,0.00032143755261119,0.8677532576721628,1.4058637885077933e-05,6.859296599300359e-06,1.351495158241028e-08,6.486767565592063e-05,0.00041922405723857434,1.0763579161062972e-08,3.033532082856507e-08,5.717149225849317e-06,0.0017567818346890306,3.815980069306111e-05,0.08722524341579216,7.372846876723859e-07,2.097390161132764e-06,0.014222701475315624,2.3670788769664752e-08,9.025082636763609e-11,7.385728668281653e-07
63,0.02896964714305136,1.7648715484579147e-05,1.042802628210962e-05,1.0084160827151673e-07,1.9859933396805087e-08,6.192177880309735e-08,0.0003273418149935596,0.8642066908594135,1.4467300177167478e-05,6.8210995246355205e-06,1.3815397866131275e-08,6.710118875405424e-05,0.0004297086051730084,1.0785012337738058e-08,3.096904178991454e-08,5.621094691719159e-06,0.0017709634719904146,3.786563270724526e-05,0.08965220961198227,7.105552529596318e-07,2.093079656879012e-06,0.014479664249055339,2.3194421055277695e-08,8.988114954040526e-11,7.560747344514483e-07
64,0.02807286008304377,1.7192004624930312e-05,1.1550144133654215e-05,1.0862696818753009e-07,2.095905096313101e-08,6.4617797146118e-08,0.0003323689487758974,0.8596842460357885,1.2322066975125653e-05,7.336821456622225e-06,1.4627910274035383e-08,6.69351477008796e-05,0.0004007205779693533,1.046353456233635e-08,3.4626661372005354e-08,5.538608034668079e-06,0.0015697441446623753,3.6222479323537146e-05,0.09527576606200676,7.471614238453483e-07,2.8071250636313997e-06,0.01450264784981817,2.3339945691341404e-08,9.405808843714995e-11,7.173832719408422e-07
65,0.026369256138628977,1.5785381900398514e-05,1.0781003753336374e-05,1.0509137420276798e-07,1.9054643688882165e-08,6.274577927233002e-08,0.0003117900060920015,0.8715763106629957,1.3212448891615675e-05,6.5543439194715075e-06,1.3573413358073399e-08,6.021516983825752e-05,0.00040716598552089555,1.0291816365726607e-08,3.239111624449178e-08,5.516304222525993e-06,0.0017000270439717737,3.409429256814618e-05,0.08554915306808708,7.047078905323597e-07,2.1369454145008184e-06,0.013936354319905512,2.3236786533439122e-08,9.019812863032137e-11,6.757012714950234e-07
66,0.02682547064195764,1.561146205114858e-05,8.053586396874467e-06,7.88215932843604e-08,1.4682110747145021e-08,6.152518820064193e-08,0.0003220781193575295,0.8716909924595709,1.4041944078501415e-05,5.186321189357255e-06,1.0982592396889327e-08,5.406665628344633e-05,0.000365954449221539,7.877008009630152e-09,2.959405000944926e-08,4.895602196604862e-06,0.0016539299649528663,2.928614086994368e-05,0.08643864421868441,6.372900721713099e-07,1.6614713913130852e-06,0.012568607183403349,2.282850121574348e-08,7.475969213725042e-11,6.561025187691597e-07
67,0.027351132585483863,1.809495023996727e-05,1.140692242234909e-05,1.1758883665680774e-07,1.996615782973552e-08,9.385097588983731e-08,0.00037247146936592734,0.8589998287089691,1.4815767417054813e-05,8.267049959242918e-06,1.631487237412044e-08,8.528947844271186e-05,0.00047541220126240326,1.612762897144847e-08,3.729559558010025e-08,6.5147147226191314e-06,0.0023845658073309234,4.944568128338444e-05,0.0915192094257216,1.1259212370350531e-06,2.8905421957256196e-06,0.018698178062376766,3.575714389237125e-08,1.1411720744117029e-10,1.0136962409035667e-06
68,0.02922278818758094,1.3550015386886266e-05,1.0396089442772863e-05,1.1222783013319077e-07,1.6334924770365195e-08,5.6163330229414914e-08,0.0003361851477224337,0.8804813555825873,1.1127135872086814e-05,5.93238946886166e-06,1.280945039711548e-08,7.80869702026357e-05,0.0005357542807358142,1.0708895562283022e-08,2.0967398600617146e-08,5.639433329129617e-06,0.0018899022603033303,5.617456645190124e-05,0.0758939907816054,7.875511148264449e-07,1.9827119967624495e-06,0.01145539708194108,2.216547706162254e-08,7.670097207878727e-11,6.983602501936207e-07
69,0.02930022409924847,1.6514228036492953e-05,1.0276528377472703e-05,1.0994704059480692e-07,2.0869746622741352e-08,5.6189221253419535e-08,0.0003281957211712325,0.8749364894520457,1.5710495708750683e-05,6.9743233136013075e-06,1.3206283944313214e-08,6.045829402415527e-05,0.0004013781971837167,1.0584748072682699e-08,3.023886477885596e-08,5.812785870058916e-06,0.0017203775104731658,3.843034586315728e-05,0.07971205523380619,6.693667496813357e-07,1.9260125632080747e-06,0.013443472822306445,2.2664460516924042e-08,9.394164874461753e-11,7.707889511148063e-07
70,0.03074723486940043,1.8752145404930503e-05,1.0252326974160854e-05,8.307519722355994e-08,1.924493531317123e-08,5.425096890913926e-08,0.0003263641361960729,0.8437508923213287,1.2926360751001521e-05,6.43962310860759e-06,1.4574554006085235e-08,6.653787514918777e-05,0.00039977055033282296,9.378728302288501e-09,3.338605098905215e-08,4.620615490367963e-06,0.0015403111113113154,3.3331247307950414e-05,0.1070550853099447,6.405707709767013e-07,2.355803813161678e-06,0.016023509910202006,2.109222382958898e-08,7.949729203062659e-11,7.401403578108142e-07
71,0.02268871553671811,2.0630198073251676e-05,2.1251453227359343e-05,1.2380180003858815e-07,2.101938216578503e-08,1.1388974647544439e-07,0.0003092751757307658,0.8473093696340493,1.0577438354114438e-05,7.198891048714189e-06,1.5747754625869353e-08,6.52491578127711e-05,0.0004473773574910259,1.3574796819600596e-08,4.495344718238235e-08,4.418537413591229e-06,0.0020615866986570842,2.954333246591932e-05,0.10759267602232722,7.732316387993045e-07,3.166621378698137e-06,0.01942720015682933,2.1734922766544228e-08,9.674260552549731e-11,6.357381912416845e-07
