,0,1,2,3,4,5,6,7,8,9,10,11,12,13,14,15,16,17,18,19,20,21,22,23,24
0,0.0042489900983585065,2.0875629503262586e-05,6.143113038380594e-07,0.00011939095800364403,1.9722433292568923e-07,2.7377010895926165e-05,0.003107604669978748,0.9819501355960016,1.095934407567228e-05,2.1805117718959494e-07,0.0005408248734858045,0.0021956591473687266,2.315818780574687e-05,2.444176157063607e-06,3.4641618794948584e-06,0.00012444757533165634,0.0001057431534380105,0.00023001256098820858,6.42086110758479e-05,5.66198370441489e-09,1.409434029436303e-06,0.007221579221222125,1.5080449405281396e-07,2.352622445860119e-09,5.271844859946481e-07
1,0.0035672437357441773,1.7788110179300314e-05,7.102373102104247e-07,0.00010913239610010587,1.71762127945017e-07,2.495365882598628e-05,0.003160460511801037,0.9840822881871075,1.1525823902950002e-05,2.576528172420183e-07,0.0004094669467042256,0.00193022439700434,2.3920985259713514e-05,2.361032198910937e-06,3.151156457545451e-06,0.0001623525435271748,9.073293015862938e-05,0.00023897716144301773,7.039528239768135e-05,6.551559917421127e-09,1.4795776285451372e-06,0.006091724800574218,1.3923888648015373e-07,2.5788410269344922e-09,5.327414419806607e-07
2,0.003310807601228401,2.0405362608562153e-05,5.949081609448494e-07,0.00010474854088597943,2.0680885261942493e-07,2.380624451039363e-05,0.0025690847913570447,0.9840078633932471,1.1143778176209827e-05,2.295880167990157e-07,0.0004846239830984136,0.0021559015508250123,1.8685599778991384e-05,2.9367841165662284e-06,3.7731893849162615e-06,0.00011955404052872385,9.361974022743452e-05,0.00018368043601039104,4.940184038391932e-05,6.2305409658175335e-09,1.1954324532915078e-06,0.006836991759777426,1.3074124877414774e-07,2.1097151624073983e-09,6.055448659046318e-07
3,0.004440806857703857,2.1449330601694974e-05,6.45743806930065e-07,0.0001234762921417619,2.0104569964980218e-07,2.5463958122545797e-05,0.0030957414396810923,0.9819736605939973,9.860912191407203e-06,2.051602743808246e-07,0.0005422529561367634,0.0022974727584785483,2.361815696061727e-05,2.3557589897289262e-06,3.306632445331063e-06,0.00012751096535064982,0.00011646606593307162,0.00022638100098634038,6.093658105103258e-05,5.54317496722141e-09,1.4270327160396745e-06,0.006906090725306969,1.4926532437481975e-07,2.37469068076531e-09,5.128482345371599e-07
4,0.004530979140713143,2.2626181219115306e-05,7.24686889903526e-07,0.00012604208619179473,2.0156412151469005e-07,2.3153136133200382e-05,0.0031145329598234292,0.9816684592282338,1.0064964958298962e-05,2.168297086666547e-07,0.0005456628561769143,0.002295243220585157,2.7735166892194022e-05,2.7350355880849134e-06,3.0115825627174557e-06,0.00011995254961922217,0.00011422843003749917,0.00024435676474856584,5.945540978249982e-05,6.278794603012012e-09,1.5806948330266283e-06,0.007088387261918421,1.4651717760933916e-07,2.5215552504414298e-09,4.949317356222437e-07
5,0.00455948229619709,2.1662951941552573e-05,7.040029616013731e-07,0.0001555345871307744,2.212447417920493e-07,2.663106180212519e-05,0.0031063967944734753,0.9826967940834784,1.0155787391638978e-05,2.404410059774528e-07,0.0005158491354810126,0.002027412640160307,2.5807394619607328e-05,2.519810036287121e-06,3.0110512535850697e-06,0.00012625964754142002,0.00011935936676758522,0.0003049194709286876,6.791768432158701e-05,6.392756388393585e-09,1.6309967241142206e-06,0.00622684813504127,1.8717042925385426e-07,2.7078701113199436e-09,4.4514494442162475e-07
6,0.004440806857703857,2.1449330601694974e-05,6.45743806930065e-07,0.0001234762921417619,2.0104569964980218e-07,2.5463958122545797e-05,0.0030957414396810923,0.9819736605939973,9.860912191407203e-06,2.051602743808246e-07,0.0005422529561367634,0.0022974727584785483,2.361815696061727e-05,2.3557589897289262e-06,3.306632445331063e-06,0.00012751096535064982,0.00011646606593307162,0.00022638100098634038,6.093658105103258e-05,5.54317496722141e-09,1.4270327160396745e-06,0.006906090725306969,1.4926532437481975e-07,2.37469068076531e-09,5.128482345371599e-07
7,0.005920618377978946,1.9639871706614077e-05,7.087589535632794e-07,0.00011844469106163011,1.6344051135850512e-07,2.3122197149014883e-05,0.003178362790018141,0.9800126725037223,8.083977015921702e-06,1.7650411915463755e-07,0.0006067894365167796,0.0021327237922209264,3.343309649574405e-05,1.809390470394806e-06,2.961908539428399e-06,0.0001101693042610054,0.00010286826636434272,0.00022991512204424737,6.0143457947541294e-05,5.347840768092729e-09,1.3356855653211642e-06,0.0074353663574280955,1.1017784579087738e-07,2.0506953918438967e-09,3.734935273848179e-07
8,0.008048998333253506,3.418115826209497e-05,1.7907897359995035e-06,0.00020151862264429878,3.383430948806096e-07,2.8693960566251002e-05,0.0021860648553885392,0.9779734853160351,1.4842518377422292e-05,4.0312440267803845e-07,0.0005828010966063566,0.0034269740094298273,2.885643397936796e-05,4.736684435066042e-06,4.03061945060595e-06,0.00019399385144703438,0.00021133304533897562,0.0002625518142483435,3.967640252818189e-05,9.567883002602587e-09,1.5035463861636087e-06,0.006751805919021793,2.999596979937876e-07,6.552103739659337e-09,1.1034756828132041e-06
9,0.003799189952924929,3.479665482553542e-05,1.519449763066143e-06,0.00014893847297331328,2.1784263234564695e-07,2.0995354286325776e-05,0.0016948020612514234,0.9853167164045348,1.3098515277271737e-05,5.556569858647491e-07,0.00036592937934766046,0.0023248372282186985,2.3227699194795516e-05,5.611778549110642e-06,3.1765379709723645e-06,0.00021650682322231165,0.0001618426003775116,0.0002346715535812723,4.233215588021543e-05,1.095632407883323e-08,1.5219826132171787e-06,0.005588266124665932,2.2454627753511283e-07,5.050618219373e-09,1.0052177035273245e-06
10,0.004440806857703857,2.1449330601694974e-05,6.45743806930065e-07,0.0001234762921417619,2.0104569964980218e-07,2.5463958122545797e-05,0.0030957414396810923,0.9819736605939973,9.860912191407203e-06,2.051602743808246e-07,0.0005422529561367634,0.0022974727584785483,2.361815696061727e-05,2.3557589897289262e-06,3.306632445331063e-06,0.00012751096535064982,0.00011646606593307162,0.00022638100098634038,6.093658105103258e-05,5.54317496722141e-09,1.4270327160396745e-06,0.006906090725306969,1.4926532437481975e-07,2.37469068076531e-09,5.128482345371599e-07
11,0.004846169412064582,2.2293850551715595e-05,7.132745720223778e-07,0.00013283558150934045,2.1036256699358424e-07,2.5401900133786694e-05,0.003319255507807124,0.9807796089041785,1.0092615802435422e-05,2.09709371312878e-07,0.0005631664047633792,0.0024417984628176967,2.825136697667906e-05,2.405034103535308e-06,3.3711180267749333e-06,0.0001355893838235537,0.00012188547653669697,0.00023947246526982626,6.395156116384838e-05,6.270578282385063e-09,1.5261760464363717e-06,0.007261109696743543,1.5337640237326896e-07,2.7162145955833253e-09,5.193719748678161e-07
12,0.0040479513574904966,1.993398792594444e-05,4.845641981802554e-07,0.00013171153930903725,1.1653964310403738e-07,2.1220119653624015e-05,0.002904524512215448,0.9834726439687133,7.398756899924259e-06,1.7867050171036158e-07,0.00042329774798768513,0.0018462858230896043,2.484176521300866e-05,1.5625606749866968e-06,3.0870085779217628e-06,0.00012409900335121752,9.063587512540787e-05,0.00020584364907889956,7.5242576001957e-05,3.983893556938325e-09,1.1181185200633964e-06,0.006597370508093804,1.063011894900449e-07,1.6585791578377243e-09,3.3940407263056074e-07
13,0.003858197065693041,1.825029084659381e-05,5.223377527070029e-07,6.848310244685145e-05,1.6482202716345336e-07,1.543654096486118e-05,0.0020746199473903556,0.982371183022089,6.583874989987032e-06,1.1654053982326334e-07,0.0007588276702670345,0.0029352321345389,1.8680051594671648e-05,2.5046047123775974e-06,3.1003799664791085e-06,8.014831937258226e-05,9.656289084822073e-05,0.00012918538831984823,3.2430279452621565e-05,4.401264272016877e-09,1.0168641840966675e-06,0.007528157324299056,7.089977792805901e-08,1.3899846837137822e-09,5.198566768050694e-07
14,0.004604057194452604,0.0001244583082194483,6.542642190326282e-07,0.0003629494756791317,6.904942640950297e-07,2.804302609356499e-05,0.0045115274902073855,0.9728467171720079,9.756261652638656e-06,4.1876550678215217e-07,0.0015189875132880111,0.002380168536126239,6.989298222111274e-05,4.06077815899112e-06,2.9820416778480196e-06,9.749665960794081e-05,0.0003101195356371216,0.0005756369872918951,0.00026553531705491787,8.951710725719838e-09,6.043964304404567e-06,0.01227921460001276,2.359114385646308e-07,4.767262715953645e-09,3.3900190441787166e-07
15,0.004440806857703857,2.1449330601694974e-05,6.45743806930065e-07,0.0001234762921417619,2.0104569964980218e-07,2.5463958122545797e-05,0.0030957414396810923,0.9819736605939973,9.860912191407203e-06,2.051602743808246e-07,0.0005422529561367634,0.0022974727584785483,2.361815696061727e-05,2.3557589897289262e-06,3.306632445331063e-06,0.00012751096535064982,0.00011646606593307162,0.00022638100098634038,6.093658105103258e-05,5.54317496722141e-09,1.4270327160396745e-06,0.006906090725306969,1.4926532437481975e-07,2.37469068076531e-09,5.128482345371599e-07
16,0.0038821007146171635,2.031680028831776e-05,4.726126463791302e-07,0.00010379938843818262,1.519698343090372e-07,2.141727016018262e-05,0.002633429694054541,0.9822652748336639,8.40059086337485e-06,1.6544731508410637e-07,0.0005412601081713867,0.002517476160729422,2.0474893755244134e-05,2.249086443590641e-06,3.2745014174854207e-06,0.00010580860552618497,9.541873365986874e-05,0.0001870630262796636,5.257244088270348e-05,4.408201958039622e-09,1.0673681326463462e-06,0.0075372452578551285,1.0259797171945378e-07,1.6468912210499732e-09,4.5184220036545045e-07
17,0.005637617732687756,2.3656909882851092e-05,8.456195312254226e-07,0.00013317836363435875,2.8724590331133844e-07,2.695790482194298e-05,0.004238422162331485,0.9781040208048603,1.204091438961092e-05,1.8731309148737933e-07,0.0007164596347913936,0.003101341519385804,3.123911029474261e-05,3.152331861411064e-06,2.788060828765031e-06,0.00011653553795802945,0.0001436992282745775,0.00029132041853699317,5.709254029773882e-05,6.832827007503257e-09,2.0412999648087565e-06,0.007356347933226363,1.9245091874962262e-07,3.371645556878625e-09,5.647580536979501e-07
18,0.00386856720142683,2.461866473588586e-05,7.967853550357563e-07,8.625901041481218e-05,2.2409668359822788e-07,2.4904034769207957e-05,0.00369676082583886,0.9801249751801724,1.1956397806028057e-05,2.244531754309602e-07,0.0005770186617054636,0.003511269454218553,2.0678658445372608e-05,3.965135679056173e-06,3.5987165706664643e-06,0.0001847230308089321,0.0001626123126741028,0.00023155673731365287,6.0517490063168685e-05,7.017995952534876e-09,2.0909974757210345e-06,0.007401412563903065,1.9781053710757423e-07,3.435351211287629e-09,1.0613268801508996e-06
19,0.0035946864153045903,2.9556419403480227e-05,6.036397584798309e-07,0.00019537902697385444,2.665821307576631e-07,3.3254342659340495e-05,0.0032360317948926394,0.9803390531131194,1.4393502299386237e-05,2.9431209585506766e-07,0.00044872484997238545,0.002780190223771592,2.4692956270972706e-05,2.8779318618834874e-06,4.737212303004846e-06,0.00014187116515641427,0.00011327151487731894,0.00017993552600169906,6.379589494262846e-05,6.5671311291422825e-09,1.042603600884101e-06,0.008794548684482113,1.5381161851800873e-07,2.7204292075787053e-09,6.291889424788314e-07
20,0.007977375814845523,2.695996822516514e-05,1.803323766587783e-06,0.00017374830984784643,3.969289375098237e-07,3.7175762686363516e-05,0.00546737549849084,0.9756044849632889,1.3316829357721038e-05,2.685854650015652e-07,0.0006458284802016937,0.004456513700142361,2.8734693318990482e-05,2.825588710974979e-06,3.4453670968347727e-06,0.0003454251258016115,0.00030040904167035013,0.0003930180475093797,7.415233681579245e-05,8.29037677316303e-09,2.9047259840347073e-06,0.004442278568407311,4.293443056400965e-07,7.853700296086634e-09,1.1128510465389345e-06
21,0.006239624655702073,2.1645641825680287e-05,1.3881170093828715e-06,0.00010401060180737939,1.9381677008150038e-07,1.1612747993724488e-05,0.002793006376362609,0.9814388201609124,7.030390582123723e-06,1.7920892094523342e-07,0.0005041060080586559,0.0033228426478624498,3.339106908145147e-05,3.551614496460318e-06,1.698064645457734e-06,0.00016322119565120166,0.0001590636875958141,0.0003133546222278263,3.715097787694354e-05,7.250665452610296e-09,2.155269650522128e-06,0.004841220273154602,1.438661617964425e-07,3.689479752637984e-09,5.780455050836031e-07
22,0.004297671883055324,1.6990174187789872e-05,6.644385697559349e-07,8.687512221028548e-05,1.2292942986953416e-07,1.6793268751356422e-05,0.0017381657339301223,0.9863906731304567,4.176833314332802e-06,1.893358358110202e-07,0.0004376153044258718,0.0012758254924000027,1.9016569616601753e-05,1.766032077700722e-06,1.6120299628310607e-06,9.320627141873284e-05,0.00013882049514316326,0.00024643285024069213,4.5332995966006755e-05,4.218514224059463e-09,1.5699336627476429e-06,0.005186089871997821,1.187347156770306e-07,1.3117578978962888e-09,2.6503835856759e-07
23,0.004440806857703857,2.1449330601694974e-05,6.45743806930065e-07,0.0001234762921417619,2.0104569964980218e-07,2.5463958122545797e-05,0.0030957414396810923,0.9819736605939973,9.860912191407203e-06,2.051602743808246e-07,0.0005422529561367634,0.0022974727584785483,2.361815696061727e-05,2.3557589897289262e-06,3.306632445331063e-06,0.00012751096535064982,0.00011646606593307162,0.00022638100098634038,6.093658105103258e-05,5.54317496722141e-09,1.4270327160396745e-06,0.006906090725306969,1.4926532437481975e-07,2.37469068076531e-09,5.128482345371599e-07
24,0.0032460619145467467,3.104149070154443e-05,5.276415744242787e-07,0.00019453753271830173,1.866059748401313e-07,2.2251193991996316e-05,0.002570097748634506,0.98443763486138,8.63996753233874e-06,2.77272368631699e-07,0.0004233445250965775,0.0017920981818123536,2.3027858906660864e-05,2.656125796235542e-06,3.2773644410780175e-06,0.0001196058224360229,0.00012469006729144593,0.0002500642267793451,8.064181501550695e-05,5.2527612958890215e-09,1.4146977375409092e-06,0.006667356303846167,1.604221198042794e-07,2.066684755923886e-09,3.990398515476876e-07
25,0.0023534692502052076,8.430562379448971e-06,3.722776001275227e-07,5.51353388247832e-05,1.1710297439967103e-07,1.2605330907587539e-05,0.0022713338317783484,0.9895013812088287,3.5996701709785243e-06,7.380979383406351e-08,0.0004491128394770962,0.0016413571104930225,1.3085048952494987e-05,1.3093835558892396e-06,1.1077566180434655e-06,6.514694898644299e-05,7.061711391856262e-05,0.00017735255882770357,2.4617087192413237e-05,3.756027030813323e-09,1.0275624961403278e-06,0.003348478595244626,6.955527474628521e-08,8.714972683652466e-10,1.954279752280135e-07
26,0.00956619788355742,2.8292954559526244e-05,2.184027412026478e-06,0.00025007838655466896,4.777254764530082e-07,4.930621416770724e-05,0.004211907640195284,0.9752942850094498,2.4842431394703722e-05,4.844146697103164e-07,0.0006632855153631565,0.0027676693743270047,4.2253904492908424e-05,4.794360795646681e-06,3.3525239144740295e-06,0.00021199368781684637,0.0002021525880424363,0.0006019902251487987,6.971561412100807e-05,1.4367259896020602e-08,2.946859865452762e-06,0.006000309803935689,5.791982067454864e-07,1.0338063684749721e-08,8.749512090538753e-07
27,0.003817948967948072,1.9556210887901164e-05,4.424084011714874e-07,0.00012533510280810095,1.8722600227111404e-07,3.749755563101974e-05,0.0027542459738893843,0.9805138026461518,1.4770456278309781e-05,2.3290596067739313e-07,0.0004985451726085316,0.0020529180554777165,2.0875250269439557e-05,2.0420051522200805e-06,4.6564925517137235e-06,0.00010894875082019345,7.045416107444037e-05,0.00016671101764256934,6.322802794010269e-05,5.185706368996506e-09,8.520884998467434e-07,0.009726107189113039,1.1775097151243296e-07,2.0118820171258966e-09,5.173863316210706e-07
28,0.004440806857703857,2.1449330601694974e-05,6.45743806930065e-07,0.0001234762921417619,2.0104569964980218e-07,2.5463958122545797e-05,0.0030957414396810923,0.9819736605939973,9.860912191407203e-06,2.051602743808246e-07,0.0005422529561367634,0.0022974727584785483,2.361815696061727e-05,2.3557589897289262e-06,3.306632445331063e-06,0.00012751096535064982,0.00011646606593307162,0.00022638100098634038,6.093658105103258e-05,5.54317496722141e-09,1.4270327160396745e-06,0.006906090725306969,1.4926532437481975e-07,2.37469068076531e-09,5.128482345371599e-07
29,0.004440806857703857,2.1449330601694974e-05,6.45743806930065e-07,0.0001234762921417619,2.0104569964980218e-07,2.5463958122545797e-05,0.0030957414396810923,0.9819736605939973,9.860912191407203e-06,2.051602743808246e-07,0.0005422529561367634,0.0022974727584785483,2.361815696061727e-05,2.3557589897289262e-06,3.306632445331063e-06,0.00012751096535064982,0.00011646606593307162,0.00022638100098634038,6.093658105103258e-05,5.54317496722141e-09,1.4270327160396745e-06,0.006906090725306969,1.4926532437481975e-07,2.37469068076531e-09,5.128482345371599e-07
30,0.004440806857703857,2.1449330601694974e-05,6.45743806930065e-07,0.0001234762921417619,2.0104569964980218e-07,2.5463958122545797e-05,0.0030957414396810923,0.9819736605939973,9.860912191407203e-06,2.051602743808246e-07,0.0005422529561367634,0.0022974727584785483,2.361815696061727e-05,2.3557589897289262e-06,3.306632445331063e-06,0.00012751096535064982,0.00011646606593307162,0.00022638100098634038,6.093658105103258e-05,5.54317496722141e-09,1.4270327160396745e-06,0.006906090725306969,1.4926532437481975e-07,2.37469068076531e-09,5.128482345371599e-07
31,0.008507738410401908,0.00044613057004127225,4.98547627621139e-07,0.008115641195150774,9.224653418782274e-05,0.0072580387140380705,0.2411334099265957,0.3326506540849535,0.007575105048703452,2.3792798809365145e-06,0.011190341585673537,0.041648647799729925,0.00040036682181133457,2.1607905612067713e-05,0.0023842739037536493,0.0005070867715598567,0.0003452045332456926,0.00031248960772638413,0.0065023913417763795,1.3924164051211664e-07,5.89696184972526e-06,0.33085875086216826,6.7884005286076575e-06,4.000349876818226e-07,3.3771916355262875e-05
32,0.004135154475402042,2.1045082962087303e-05,5.957664407384138e-07,0.00013147274445258545,1.9588003483598525e-07,2.71988058963907e-05,0.0032060587736995575,0.982188788496041,9.759524654149118e-06,2.1492436324858966e-07,0.0005342701567614801,0.0021471051414165498,2.3856176398612233e-05,2.2025543792823873e-06,3.612286018782057e-06,0.00013469980172974269,0.00011676795360022528,0.00023662678091206874,7.39106468103205e-05,5.641141479231513e-09,1.4914360311162826e-06,0.007004316284316985,1.5637477768089043e-07,2.3601095962954136e-09,4.919316495026412e-07
33,0.004080606737534249,2.4885544451229946e-05,9.532899047941917e-07,0.0001316151053708263,3.065037523987604e-07,5.1908704952009404e-05,0.0031463178691730604,0.9820030688609718,2.526809877751414e-05,4.736452214659313e-07,0.0005251840388282619,0.0019938485255324542,1.9016711088551688e-05,4.239432500080967e-06,6.124012707892932e-06,0.00015081787505249244,0.00010024184446614761,0.00023323955674048883,6.659425793715528e-05,8.866319630957056e-09,1.5073480323562332e-06,0.007432490501993777,2.595222991389858e-07,3.5060423858176802e-09,1.0196403500147375e-06
34,0.004426571680299283,2.1473329198399754e-05,6.449116746921463e-07,0.00012337900643780668,2.0099977947158533e-07,2.544485189928717e-05,0.003093674346147844,0.9819917988725266,9.856049758145478e-06,2.0528171619115472e-07,0.000541357528991009,0.002298526166923276,2.3571868703416078e-05,2.35847660823813e-06,3.3041558020764422e-06,0.00012759438687160888,0.00011652804139891783,0.00022601687753645005,6.087695305270265e-05,5.542827849434455e-09,1.426222579709103e-06,0.006904519441190361,1.492050635552427e-07,2.3730823705478134e-09,5.134299304891838e-07
35,0.004238049006477451,2.6774993100240116e-05,7.515448254283529e-07,0.00014584539704401314,2.6941272492472144e-07,2.694017879164293e-05,0.0034691732968047955,0.9811450551076395,1.124493205955819e-05,2.3464620324504173e-07,0.0005960730911270386,0.0025322095301525413,2.5625435016261558e-05,3.0501851773723984e-06,4.066496595343047e-06,0.00013301213035402343,0.00013836949902814861,0.0002165035446005573,6.390002646580366e-05,6.77751562636792e-09,1.6997710316850903e-06,0.007220321130159998,1.7837480513307201e-07,2.818036910320384e-09,6.426742625073833e-07
36,0.04385359943257117,9.063188505754934e-05,6.896589757006316e-06,0.0007482240789124552,1.549256364835293e-05,0.00022674556422719335,0.031036299483904614,0.8853698006572782,9.537003931164354e-05,3.4045785245779575e-07,0.013603135464341052,0.012427707182180383,0.00016886493040486347,9.281872414980833e-06,1.6941029745852838e-05,0.00016120414233527052,0.0005975117655423627,0.0011062378367434598,0.0002036402927241275,4.411847413094866e-08,2.395059232950453e-05,0.010230480896928833,3.2822543253237823e-06,1.197183303512563e-07,4.197150658795174e-06
37,0.012184557854620122,2.7606382549844944e-05,1.9922353043696235e-06,0.00016397807991264658,4.155552496919497e-07,2.6797130541452273e-05,0.0058407009957169576,0.9685680438804345,1.65951808406315e-05,2.375804475407943e-07,0.0008688926976999911,0.004274378770821774,5.9594338948472465e-05,4.164472789818412e-06,2.52159469147278e-06,0.00016713842503477755,0.0001878306994733474,0.000517326636127523,6.0810975820021076e-05,1.0603018147349375e-08,3.2522568740170654e-06,0.00702210510015377,2.863817375442551e-07,7.811259009079928e-09,7.543599320837779e-07
38,0.004768403608143591,1.2066572632308681e-05,5.914985625376061e-07,0.00010985986248692943,1.1827360213997482e-07,3.503157369029045e-05,0.004725937582899253,0.9818402372688755,6.956484870452318e-06,1.848978331646517e-07,0.0004107333557966387,0.0015335939602094048,2.9260959620867484e-05,1.0715005461941549e-06,3.238687139625605e-06,0.00020158085713400253,0.0001120570697793683,0.00032163577394693824,0.00010501431146150282,5.885448779789386e-09,1.7701275548869674e-06,0.005780160868825851,1.655133584638558e-07,2.0253299792172336e-09,3.2148025124095234e-07
39,0.002742550448783952,7.099690969723513e-06,3.650059977285237e-07,4.821192598212034e-05,6.762031468596708e-08,1.6538002882535532e-05,0.002077716170332223,0.9892258809316977,3.092838296726919e-06,8.156520493894813e-08,0.00030694913281682925,0.001542024756368397,1.1571262788688701e-05,7.952039834027711e-07,1.2404567314946233e-06,0.00010733012824300475,7.704583084560303e-05,0.0001456729319630549,2.9221931427794763e-05,2.8061391053655593e-09,8.571817348252046e-07,0.0036553885974578517,7.216175264261591e-08,8.787341319752119e-10,2.225385509641997e-07
40,0.007181614671319303,2.576613326636843e-05,9.582144588524865e-07,0.00010383485302427716,2.4784012718712627e-07,2.7598034322214113e-05,0.0033210819970494725,0.9737101447399308,1.0904945929885486e-05,1.6869533658228686e-07,0.0008040448264457022,0.0042584743706332775,2.92617167953442e-05,2.9564195728702417e-06,4.426980291772012e-06,0.00011843203547594509,0.00014359088798198381,0.00015186112247366369,3.7762793996508206e-05,5.805728641850897e-09,1.2275610407416898e-06,0.010064690619027821,1.1787272965851839e-07,2.4823533291928243e-09,8.243806877196947e-07
41,0.005482161904552467,2.0021641310444057e-05,5.677955753793348e-07,0.0002796017255000305,4.0397197927777304e-07,5.7230026330941956e-05,0.0023498260948915765,0.9803057161207864,2.0075314459335717e-05,2.8727357231331737e-07,0.0006153946763419436,0.0021878638495519045,1.7301104887553598e-05,1.9146702838459843e-06,1.0236446253911204e-05,9.674979297937665e-05,7.208540173065486e-05,0.0001408120977854673,5.5486623155672405e-05,4.921587655070017e-09,5.397609352436516e-07,0.008284977123223056,1.5322325445039838e-07,2.1628522348258445e-09,5.862762189822587e-07
42,0.008633137064861194,3.15746523703615e-05,1.9879956773535775e-06,0.00019881010880380408,5.854446843014069e-07,2.7787851887919896e-05,0.005195202104441705,0.9762191845421652,2.1070034394371608e-05,3.115248319134542e-07,0.0009187971915939653,0.0033953987983191434,3.459572589998831e-05,7.703769635294176e-06,3.040275946772001e-06,0.00012040753465528683,0.0001662228660909484,0.0006509613821868805,5.644878109555898e-05,1.0799174545569685e-08,3.991966681502021e-06,0.004311329707742328,5.014696989712556e-07,7.050268155659501e-09,9.313568927371907e-07
43,0.002892629193410274,1.5987430281706747e-05,4.482571481617357e-07,0.00010692779815506732,1.5446053963675582e-07,3.199738892270236e-05,0.002487648137838729,0.9854872579014811,9.437877729790132e-06,2.4252272121336495e-07,0.00039721637454463764,0.0014188830675998794,1.694561628418364e-05,1.7846005451429465e-06,3.4876499328211884e-06,0.00011868744357482859,8.279201732285953e-05,0.0001894170185240412,6.698463339794853e-05,5.115938281664531e-09,1.1611512878210987e-06,0.00666936587291973,1.3262597068047287e-07,1.6684763137095557e-09,4.041754528211551e-07
44,0.004440806857703857,2.1449330601694974e-05,6.45743806930065e-07,0.0001234762921417619,2.0104569964980218e-07,2.5463958122545797e-05,0.0030957414396810923,0.9819736605939973,9.860912191407203e-06,2.051602743808246e-07,0.0005422529561367634,0.0022974727584785483,2.361815696061727e-05,2.3557589897289262e-06,3.306632445331063e-06,0.00012751096535064982,0.00011646606593307162,0.00022638100098634038,6.093658105103258e-05,5.54317496722141e-09,1.4270327160396745e-06,0.006906090725306969,1.4926532437481975e-07,2.37469068076531e-09,5.128482345371599e-07
45,0.020942970285499237,0.0003273608116403231,1.6623757831747784e-05,4.124170274947441e-05,1.880587147872395e-07,5.893450729156949e-06,0.0005625038733279484,0.960237446412692,5.662444991852937e-06,1.3353273602723807e-06,0.0011094420023224204,0.005526834787263302,3.394622761051966e-05,8.570582718141591e-05,2.4589366303553927e-07,0.00015511121579913893,0.0028375252663943324,0.001155082787268763,1.8196726056927955e-05,8.542064045298872e-09,2.6742787551341828e-05,0.006905917741234027,8.538038645445021e-07,1.3984441288927676e-08,3.146281747764344e-06
46,0.004700525851862728,2.21023650058929e-05,6.223503345709506e-07,0.0001279148895734572,1.945620052590197e-07,2.4718516550287478e-05,0.0029794375819089843,0.9814026911147281,8.07280495316064e-06,1.8399786980037655e-07,0.0005542792377664302,0.0024796879605791717,2.3477942309468562e-05,2.0480417357697636e-06,3.289362473448278e-06,0.00013428078938390828,0.00014029709083924867,0.00020875097092811038,5.900342098621659e-05,5.096417196231602e-09,1.350107364028997e-06,0.007126425990270512,1.4482480610435386e-07,2.2712603163256505e-09,4.928580876105626e-07
47,0.0032008807327474063,1.5396056664005237e-05,7.425805684754195e-07,0.0001855198495268786,3.148245685760675e-07,3.2358697565241285e-05,0.0032951496151725473,0.9866143179938757,1.2024347296248496e-05,2.661384299488131e-07,0.0005353614998039342,0.001350868466430125,1.81003561495996e-05,3.2454700667213554e-06,3.7323818257840388e-06,9.793707846723626e-05,0.00010463010231421074,0.0003493726390448699,7.433138991763418e-05,7.286521603881855e-09,2.2825029777345223e-06,0.004102418062766993,2.980003870059985e-07,2.466706325232542e-09,4.414602054572094e-07
48,0.013841085902009099,9.565359304119615e-06,3.620854146494424e-06,9.844412525737783e-05,1.3823873208979547e-06,8.551832285761147e-05,0.011353977830749533,0.9557242268839748,0.00010827380927451795,2.2872202402446658e-07,0.0021375338405741594,0.008494042253002166,5.9015097197485205e-05,7.111241713601028e-06,8.515001548380977e-06,0.00021059305285728205,6.029099745062551e-05,0.00043368637701270255,4.366154482939987e-05,3.127212520625777e-08,3.172405579835313e-06,0.007312287964245166,3.822133469688317e-07,2.403432857275528e-08,3.3285072700501692e-06
49,0.004675235389942398,1.8099742111608687e-05,7.093216754939779e-07,9.668421158259748e-05,1.8956727549421367e-07,2.6240440045382155e-05,0.0027364369370229263,0.9819956060650317,9.041933498110434e-06,1.7294470095478717e-07,0.0005519842852542382,0.0026857719565329175,2.1690215137692804e-05,2.2583192078553533e-06,2.6179059441919062e-06,0.00011220099129111128,0.00010718556197100604,0.000189751348512462,3.78361282652775e-05,5.4481626828917054e-09,1.1749835838373662e-06,0.006728454156705342,1.2695425556317377e-07,2.160988185968398e-09,5.230313010281173e-07
50,0.0024048369797023397,1.7808871116671672e-05,4.4266447275348334e-07,8.582786472041729e-05,1.2021534710967397e-07,2.0011243983879705e-05,0.0027063179980222436,0.9861474385675636,8.872177677739889e-06,2.2039690687973574e-07,0.00034083396272471735,0.0015252551041991702,1.9191859328558442e-05,2.146408997067427e-06,2.401978187340761e-06,9.498221505653452e-05,6.581768110788355e-05,0.00016884572653542136,5.578312079244259e-05,4.6212908434403044e-09,1.0836156390824845e-06,0.006331336251482723,8.372932566978305e-08,1.2855152377522593e-09,3.3546030367523624e-07
51,0.005746312346095144,1.713944678541437e-05,8.422100888609243e-07,0.00011597168510101123,2.688057374465452e-07,3.4028632892672325e-05,0.004609858777942272,0.9787250247724913,1.234211268751971e-05,1.9645660550777195e-07,0.0006544464666279694,0.002627920044524681,2.7678220119848413e-05,2.3014198060547854e-06,3.499276506336358e-06,0.00016461113643036202,0.00014222398134606544,0.00029163246960493605,6.993482107856177e-05,7.067157871572012e-09,2.0452192841939104e-06,0.006750851562845892,2.1917845559120755e-07,3.5959035594929566e-09,6.402938812757028e-07
52,0.0034830928795716917,1.3256528721525132e-05,3.842123405308124e-07,0.00011451036700638518,9.458786144014262e-08,2.5984085699683126e-05,0.0016685642237519978,0.9862710917607576,8.024054223919276e-06,3.0439921381562857e-07,0.00032877290241656277,0.0008970015125597293,1.9583271970034406e-05,1.3771426799640082e-06,3.148526746755005e-06,0.0001193706104535269,6.053285741312025e-05,0.0002912448987982296,8.488064414457663e-05,4.955663451882557e-09,8.600236595612858e-07,0.006607575005118144,1.0321558634873321e-07,1.3406723599418937e-09,2.359929690965168e-07
53,0.004529583220518001,2.2449056231224712e-05,6.595568954408887e-07,0.0001265661610624191,2.0108176632482655e-07,2.47590310359419e-05,0.0028714147016205434,0.9819931518487434,9.617713556497345e-06,2.163721141887598e-07,0.0005445913574080786,0.0022267169319559895,2.3961093018692033e-05,2.3953363658268997e-06,3.3073047225537957e-06,0.00012648130572753946,0.00011957503081873033,0.00022746030039120843,6.202918637197899e-05,5.521606840647382e-09,1.4367961165909103e-06,0.007082764389866825,1.4695099440474607e-07,2.386883895279698e-09,5.073642071224749e-07
54,0.0026388505005056997,3.6457389144725904e-05,6.670630400638145e-07,8.495571236974035e-05,1.8472080623927462e-07,1.8163425079398735e-05,0.0023728033788982784,0.9808837971415645,1.504689549256296e-05,2.9282085486714746e-07,0.00038899120926272254,0.0043442784778540385,1.712839060425214e-05,4.8673592924985334e-06,4.800608934360657e-06,0.000201479179434049,0.0001018859882791436,0.00011155864059926746,3.977556456645265e-05,6.476147866275384e-09,8.460311150720242e-07,0.00873162227459359,9.490672849707611e-08,2.6396582924894464e-09,1.4432051738405718e-06
55,0.0029001274109356225,2.275806939931397e-05,4.8658380435436e-07,0.0001033426933551228,1.151166986448458e-07,1.9768792921327895e-05,0.0014971717255343614,0.9868821888362251,5.267672456820099e-06,2.8072965422238296e-07,0.00036330530981898364,0.000972704843846365,1.6391023448861274e-05,1.9435581786045812e-06,3.079423883727441e-06,0.00010668110029175234,0.00012158775781643939,0.00017243398641816486,6.17162397265691e-05,4.569621028544079e-09,1.2205174106983518e-06,0.006746986227693849,1.1083759004888909e-07,1.144941014629988e-09,3.2582832912190956e-07
56,0.004609027080691438,2.1603091729730717e-05,6.671624479151686e-07,0.00012539286273709546,2.0173912253343096e-07,2.5579384865628208e-05,0.0031790273410813386,0.9814771710764837,9.942598402141367e-06,2.0507983837805076e-07,0.0005531087179494488,0.0023500635589225756,2.5374569116090783e-05,2.37388721227053e-06,3.2634943088654126e-06,0.00012740431381510423,0.00011703444630328111,0.00023236917000819346,6.151742715004721e-05,5.773815106982202e-09,1.4657931145318639e-06,0.007076541454632022,1.5024838554483756e-07,2.4748808505854866e-09,5.07252986142368e-07
57,0.0037685059471923724,2.6841264354168143e-05,6.569831568774266e-07,0.00012171515121764124,1.6685171944683236e-07,1.995782531893749e-05,0.003577097824499688,0.9809624685543699,8.143283824169503e-06,2.1113211483037054e-07,0.0005098099979169208,0.0026651815632357818,3.251402319132097e-05,2.201497270200071e-06,3.0755084797086997e-06,0.00017940828671897442,0.00013772150075383468,0.00022567361085525518,9.424125754822418e-05,5.899659941877072e-09,1.8922875033315932e-06,0.007661865727764144,1.208995105029845e-07,2.72202582226676e-09,5.203997978886293e-07
58,0.005431884493590287,2.5166256082904542e-05,8.504838316452041e-07,0.00015531945734259336,2.939858438261091e-07,3.129540400507835e-05,0.00406450889773545,0.978283479255011,1.3652757651180829e-05,2.4270604183893464e-07,0.0006724730729757986,0.0029133117330090532,3.2558411280018244e-05,2.915083641089843e-06,3.986006730556725e-06,0.00015771133919416814,0.0001381095618895024,0.0002863470498872517,7.687692280443644e-05,7.895400275877831e-09,1.94942877835851e-06,0.007706156580064496,2.124547709835459e-07,4.160664271823779e-09,6.86601774086006e-07
59,0.005106305446689154,2.4976853083521748e-05,8.832099898911654e-07,0.00013628063234850886,2.684378464043477e-07,2.745576513200987e-05,0.0035422003927107516,0.979971539654397,1.2182757262631588e-05,2.464639630031866e-07,0.0006007833261345096,0.0026766179781294443,2.9282523416221642e-05,2.970907904760964e-06,3.4685545968592812e-06,0.00015431393587304431,0.0001389063805730775,0.0002644911197155605,6.622940954054855e-05,7.42048677863714e-09,1.9028276302895022e-06,0.007237818437119233,1.9174039139307515e-07,3.7212280141133215e-09,6.721038372845625e-07
60,0.004440806857703857,2.1449330601694974e-05,6.45743806930065e-07,0.0001234762921417619,2.0104569964980218e-07,2.5463958122545797e-05,0.0030957414396810923,0.9819736605939973,9.860912191407203e-06,2.051602743808246e-07,0.0005422529561367634,0.0022974727584785483,2.361815696061727e-05,2.3557589897289262e-06,3.306632445331063e-06,0.00012751096535064982,0.00011646606593307162,0.00022638100098634038,6.093658105103258e-05,5.54317496722141e-09,1.4270327160396745e-06,0.006906090725306969,1.4926532437481975e-07,2.37469068076531e-09,5.128482345371599e-07
61,0.0055141540331456376,2.3617517500520305e-05,9.458620153300858e-07,0.00013537239871353547,2.7587226126958024e-07,2.8132537058835745e-05,0.0035484115082856367,0.97983459051895,1.2980571872359256e-05,2.4788260026041533e-07,0.0006134054840025219,0.002670610752822171,2.9556104614892815e-05,3.0103530841587357e-06,3.2778735646870346e-06,0.00014736832388690757,0.00013161007961206528,0.0002816982354716879,6.337960780702611e-05,7.4156519939069876e-09,1.9144537201347285e-06,0.006954567219675898,1.9822897507990267e-07,3.905117977624437e-09,6.632595891191098e-07
62,0.004440806857703857,2.1449330601694974e-05,6.45743806930065e-07,0.0001234762921417619,2.0104569964980218e-07,2.5463958122545797e-05,0.0030957414396810923,0.9819736605939973,9.860912191407203e-06,2.051602743808246e-07,0.0005422529561367634,0.0022974727584785483,2.361815696061727e-05,2.3557589897289262e-06,3.306632445331063e-06,0.00012751096535064982,0.00011646606593307162,0.00022638100098634038,6.093658105103258e-05,5.54317496722141e-09,1.4270327160396745e-06,0.006906090725306969,1.4926532437481975e-07,2.37469068076531e-09,5.128482345371599e-07
63,0.0042360502899462076,2.5107103727220778e-05,6.289480102498872e-07,0.00012985662668624004,1.9900449929908705e-07,2.48693444067331e-05,0.002935723427672274,0.9819383335628833,9.699752233839356e-06,2.2571307289503145e-07,0.0005289034867837828,0.002297013490439635,2.378635629835778e-05,2.449416889591032e-06,3.4487932587682947e-06,0.00013302753407158462,0.00012432071411138223,0.00022013764102042752,6.584731589575628e-05,5.535492620935955e-09,1.4319589555346752e-06,0.007298251363640496,1.4860931611253297e-07,2.4069499529588716e-09,5.316037378178875e-07
64,0.004557485789733835,2.214567931323599e-05,7.690307514581198e-07,0.00011763404711417907,2.1648819103860125e-07,2.377810444045519e-05,0.0034884233371497934,0.9818564638384786,9.103459680789827e-06,2.053999319568153e-07,0.0005818291564469835,0.0023191166390688573,2.63339611403302e-05,2.6173583735831714e-06,2.906586492486614e-06,0.0001369942377768855,0.00014139117489997467,0.000270205591961484,6.709285394596136e-05,6.292865027567553e-09,2.059245509937519e-06,0.006372515517468443,1.7606093316841649e-07,2.7477304862036826e-09,5.274006013772925e-07
65,0.00453196231348484,1.965327196771187e-05,5.980619997900523e-07,0.00012951964372593782,1.999127500073213e-07,2.7908941391296582e-05,0.0032251820266774606,0.9819890955474091,9.133405700693005e-06,1.902125572011009e-07,0.0005629268825386814,0.0022194929847639618,2.2855530388819423e-05,2.0213485164377007e-06,3.4662609793836985e-06,0.00012783408005881847,0.00012034855658476774,0.00023271692056520612,6.553213156942637e-05,5.250505638922797e-09,1.4143990789152242e-06,0.006707311422707437,1.5723997830631355e-07,2.2506380560195883e-09,4.714034621897323e-07
66,0.004379955336809997,2.7292404523251717e-05,5.689199351159075e-07,0.00016265036566750858,2.51042934040065e-07,3.609548986369159e-05,0.003386266646805705,0.9799864377687924,1.2482002898381749e-05,2.456954051056643e-07,0.0006105817543807176,0.0025408412054553874,2.1371620759455712e-05,2.649493304295631e-06,4.787648329658207e-06,0.00014192374315797045,0.00014705874852377417,0.00023807358864723552,8.411360391040176e-05,5.5193308419529075e-09,1.5619101828454449e-06,0.008213892322538146,2.2367364474785505e-07,2.888340457856357e-09,6.666058588519112e-07
67,0.004686618440892294,1.9459924593826256e-05,8.049926099823449e-07,0.00012434252075618982,1.9217749316933904e-07,2.3036683681974726e-05,0.0029731940567072736,0.983503177030481,8.04933594938145e-06,2.100468511134957e-07,0.0005037185680845145,0.0019980379623856415,2.410167548958225e-05,2.4553927914980452e-06,2.673040057253716e-06,0.0001313780743226988,0.0001367583069091881,0.00027749824516785996,5.793232695148017e-05,6.087424685652794e-09,1.840577582587815e-06,0.005523854805634457,1.8742763755724856e-07,2.521953728750046e-09,4.6977759117793495e-07
68,0.005285202791062294,2.675031213449528e-05,1.1575658389560917e-06,0.00016024642452286482,3.424696102262251e-07,3.421297636301727e-05,0.004085713982315172,0.9786221043271611,1.989238208731188e-05,3.048965772628772e-07,0.000600356661413136,0.003470832358481555,2.9634629058764485e-05,4.501783241767767e-06,4.054746328708417e-06,0.00015207961028481767,0.00012551735408208978,0.0002641713911116664,5.234884627864529e-05,9.246535300901075e-09,1.6889586721380065e-06,0.007057694833810896,2.3949666869113625e-07,4.652784230621219e-09,9.373035748462272e-07
69,0.005023906342388592,2.585671678822883e-05,5.912124274106085e-07,0.00015092102972797755,2.3110806950835412e-07,2.94164155220964e-05,0.0033298399224094286,0.9790523333157716,1.102533251275037e-05,2.0827824125547626e-07,0.0006203541562792527,0.002598250079171384,2.6182527606453214e-05,2.208809088152456e-06,4.27130370214196e-06,0.00013248276165829108,0.00012847509651306988,0.00020930013446528612,7.109810849450284e-05,5.3262769731722255e-09,1.28425246219057e-06,0.00858105854109924,1.4984399819604701e-07,2.5352046338442394e-09,5.468501216575989e-07
70,0.004193811840367033,2.156376965588046e-05,5.926076366206364e-07,0.00010492292862867275,1.6363048262462453e-07,2.34439740871598e-05,0.002884513656479912,0.9824347583684346,8.457092416488032e-06,2.120315792756796e-07,0.0005056073581320335,0.0021573365287624125,2.297222947059804e-05,2.1307302748022564e-06,3.0214774714146996e-06,0.00014894562815795912,0.00012373284956381265,0.00023809678611189238,7.007707629970273e-05,5.2597088517960865e-09,1.5199275183093755e-06,0.007053468673234532,1.3951336378471502e-07,2.3138669354972597e-09,5.03748294617653e-07
