,0,1,2,3,4,5,6,7,8,9,10,11,12,13,14,15,16,17,18,19,20,21,22,23,24
0,1.8157630831595963e-06,1.34956554623107e-07,1.2020952900632286e-06,8.323469253775126e-07,5.578235019055376e-10,4.576756626338143e-06,8.787833666095531e-07,0.9926698164793183,1.00562569676917e-05,4.395174798788949e-06,2.5952226061037898e-08,0.0005092044624268904,6.140122702722988e-07,1.279490812579386e-10,2.36224592408709e-06,7.05059987621901e-05,0.00012342221247810877,6.621919430443428e-07,1.127930527244751e-05,1.6619943567109578e-09,4.1882624319110046e-07,0.00658670904964052,1.1901935026375563e-09,1.0800562937884687e-06,3.5356280114329603e-09
1,1.9409758323982797e-06,1.8868672111096888e-07,1.6932766733434356e-06,7.912112009126287e-07,7.653476219326872e-10,5.517480259957644e-06,8.590986313698318e-07,0.991016135853006,1.2692848453186521e-05,4.939410055155139e-06,2.7427055180066644e-08,0.0005101107010690453,6.272880950391785e-07,1.1729109296529483e-10,2.5222931910621544e-06,8.019057528419332e-05,0.00013196051439316544,5.78664331080439e-07,1.7274200314849175e-05,1.5485052612341682e-09,4.324938042960754e-07,0.008210450777216943,1.0471709786255857e-09,1.0589390274386946e-06,3.807069246750055e-09
2,1.746739232686575e-06,1.7728743043718437e-07,1.4198258433888252e-06,7.972422034477073e-07,6.794746118285025e-10,3.4866545448317786e-06,7.850669970167086e-07,0.9923840342041031,1.0312890409191763e-05,4.665954175726557e-06,4.288226103977052e-08,0.0005771612735900972,5.742475269115245e-07,1.6405410148624732e-10,3.6264589210736125e-06,5.5367281935962444e-05,0.00011082905530483056,6.438699941180356e-07,1.0157435465537129e-05,1.9886691959212023e-09,4.2183142660690064e-07,0.006832867998063797,1.2530612579018845e-09,8.732446684259601e-07,4.470642655420406e-09
3,2.058942651044874e-06,2.0578593364906293e-07,1.53875973099479e-06,9.796239754176914e-07,7.323274396435194e-10,5.529347237787524e-06,1.125292245769069e-06,0.9893215184459865,1.1090600800733669e-05,4.982597219096829e-06,3.732765144655836e-08,0.0006963469931694077,6.158189887301187e-07,1.8908738798309805e-10,3.394660235503865e-06,7.973417229432977e-05,0.00015903917701900054,8.071860744610401e-07,1.3966800937548733e-05,1.946098243186963e-09,5.480772293598216e-07,0.009695180653083071,1.5225181559238697e-09,1.2899668921743394e-06,5.380612859367131e-09
4,2.1846075336396995e-06,1.8966277979548714e-07,1.6037687919539903e-06,9.611833390579108e-07,7.385957261768034e-10,5.32414091089757e-06,1.1306536444019205e-06,0.9902356847651546,1.0512242986513963e-05,5.164370041557841e-06,3.6113932891329084e-08,0.0006724033694708919,6.88971768774693e-07,1.9616306864182705e-10,3.153922134475886e-06,8.102962727630893e-05,0.00016248944707288016,7.908660263978277e-07,1.4341143668754633e-05,2.049901455238652e-09,5.384426767013866e-07,0.008800376678173079,1.508543449455345e-09,1.3863623350091253e-06,5.1670779538492305e-09
5,2.1514188828218993e-06,2.2944500204909706e-07,1.3771760385835246e-06,1.1767138547639036e-06,7.333814047785933e-10,6.080544533269796e-06,1.071660434907445e-06,0.9892525824534026,1.1328136451465477e-05,4.993006025809523e-06,4.231150692886779e-08,0.0006805737956110665,6.291426470057955e-07,2.1259282246027586e-10,3.8090369749891646e-06,8.340768251501014e-05,0.00015852493926620285,1.0469252109754218e-06,1.4319372493221421e-05,2.2189737301150266e-09,5.7709267803023e-07,0.009774769707856188,1.7884129908747672e-09,1.2988006491543553e-06,5.6846042628129984e-09
6,2.058942651044874e-06,2.0578593364906293e-07,1.53875973099479e-06,9.796239754176914e-07,7.323274396435194e-10,5.529347237787524e-06,1.125292245769069e-06,0.9893215184459865,1.1090600800733669e-05,4.982597219096829e-06,3.732765144655836e-08,0.0006963469931694077,6.158189887301187e-07,1.8908738798309805e-10,3.394660235503865e-06,7.973417229432977e-05,0.00015903917701900054,8.071860744610401e-07,1.3966800937548733e-05,1.946098243186963e-09,5.480772293598216e-07,0.009695180653083071,1.5225181559238697e-09,1.2899668921743394e-06,5.380612859367131e-09
7,2.292714912339104e-06,1.5274159961925245e-07,1.6530174120655177e-06,8.027347623994151e-07,6.586938689342642e-10,3.495394601946025e-06,9.108135400890152e-07,0.9920194865827539,9.002580605407242e-06,5.032170676437662e-06,3.159737919539384e-08,0.0005191485896440215,6.688704156543339e-07,1.4950212548675935e-10,2.2783079001699285e-06,6.09633986783194e-05,0.0001349281642921956,4.734585033235608e-07,1.3142867629102968e-05,1.6726770976494306e-09,3.364067750233747e-07,0.007224108530634147,8.965208312454103e-10,1.0835177788382077e-06,4.162112051916652e-09
8,2.7432163148069682e-06,1.6018047000047636e-07,2.104156985021038e-06,9.547527160468836e-07,7.056408267837764e-10,3.548313743899548e-06,1.4069415209530273e-06,0.9906666873501024,9.198094519064029e-06,6.704916397923501e-06,3.940521492063082e-08,0.000759227230153848,8.565103948278673e-07,2.41021060961571e-10,2.784135579945758e-06,6.61897390998983e-05,0.0001822676260210591,5.486561564538163e-07,1.1140129636159548e-05,2.28658326122305e-09,4.950066889526312e-07,0.00828110097863446,1.6641149654997623e-09,1.8313719529046664e-06,6.390336029334854e-09
9,2.434476201619513e-06,2.0021696689557866e-07,1.516747044051979e-06,1.03317353187687e-06,6.094414854977502e-10,3.565165848368778e-06,1.1119105244741734e-06,0.9903692836621089,9.962081680609381e-06,5.7360197522751835e-06,4.52612989638521e-08,0.0006745703926388123,6.30062680905494e-07,2.2166877520853543e-10,3.6436018110575818e-06,5.519571585669195e-05,0.0001538318805877344,6.328051295943025e-07,9.940140931023258e-06,1.9855834322986483e-09,4.685145236095422e-07,0.008704791431398937,1.8216626419715313e-09,1.3952947016135597e-06,6.80642548091059e-09
10,2.058942651044874e-06,2.0578593364906293e-07,1.53875973099479e-06,9.796239754176914e-07,7.323274396435194e-10,5.529347237787524e-06,1.125292245769069e-06,0.9893215184459865,1.1090600800733669e-05,4.982597219096829e-06,3.732765144655836e-08,0.0006963469931694077,6.158189887301187e-07,1.8908738798309805e-10,3.394660235503865e-06,7.973417229432977e-05,0.00015903917701900054,8.071860744610401e-07,1.3966800937548733e-05,1.946098243186963e-09,5.480772293598216e-07,0.009695180653083071,1.5225181559238697e-09,1.2899668921743394e-06,5.380612859367131e-09
11,2.0340339924610667e-06,1.763016672832634e-07,1.5402243786331658e-06,8.995660715487514e-07,6.892652981889501e-10,5.072410205688233e-06,1.0956001785184362e-06,0.9904371626642149,1.0495020746774189e-05,5.109855464941433e-06,3.442863899109699e-08,0.0006528245643887808,6.55590784319976e-07,1.7574794052600274e-10,3.0164377982019167e-06,7.709367114990098e-05,0.00015597316944962908,7.310155303274854e-07,1.3382658896061206e-05,1.9358365590907107e-09,5.059088237509692e-07,0.008630883669479408,1.4150259973593812e-09,1.3041377734986435e-06,4.8544906610045545e-09
12,3.242636146962972e-06,6.17104816719845e-07,2.399112315728221e-06,2.6505516357328085e-06,2.8797653026441465e-09,2.243001241098337e-05,4.089526175705393e-06,0.9739648820302005,2.2657979923512594e-05,8.966153923577389e-06,9.661481862024347e-08,0.0025209665260909108,1.206554907969333e-06,1.241179980604927e-09,1.1218457649776833e-05,0.00022237550367456153,0.0004116833397533202,5.365408804826992e-06,2.4908326516998873e-05,7.792118401045236e-09,2.7551125575199328e-06,0.022762590531121618,1.1354955063245173e-08,4.848071506308749e-06,2.7177029460096857e-08
13,2.3026310768541415e-06,3.238475538348241e-07,1.5872313169282532e-06,1.2045597824512048e-06,9.903621857026676e-10,1.1541894692580461e-05,1.5480201428454611e-06,0.9841014906894195,1.7225472828419798e-05,5.67987596270845e-06,2.6303648471098826e-08,0.0006023386775197659,6.035581018220872e-07,1.5623713898398033e-10,3.0138814187368253e-06,0.0001148052104097094,0.0002151537546399086,9.063084379915795e-07,2.5925381921548833e-05,1.6883664358522944e-09,6.107150659045823e-07,0.014891871446938456,1.749361732000024e-09,1.8290829890811665e-06,6.8718048893211315e-09
14,2.404608521755179e-06,5.340161351738618e-07,2.7014308530270933e-06,1.4620111977777349e-06,1.4426267495642963e-09,8.303333479927598e-06,8.391153118049839e-07,0.9874654497248145,1.3626445844132592e-05,5.321263877322646e-06,6.430532432848105e-08,0.0006312503145823366,8.368866948051075e-07,2.659698683102608e-10,5.412146204507328e-06,0.00011297733556323261,0.0001670463776188414,1.295261223387874e-06,3.1128845109484886e-05,3.1764460166663916e-09,7.551178468569953e-07,0.011547316334724089,1.812353459955688e-09,1.2620306304318075e-06,6.397046013814162e-09
15,2.058942651044874e-06,2.0578593364906293e-07,1.53875973099479e-06,9.796239754176914e-07,7.323274396435194e-10,5.529347237787524e-06,1.125292245769069e-06,0.9893215184459865,1.1090600800733669e-05,4.982597219096829e-06,3.732765144655836e-08,0.0006963469931694077,6.158189887301187e-07,1.8908738798309805e-10,3.394660235503865e-06,7.973417229432977e-05,0.00015903917701900054,8.071860744610401e-07,1.3966800937548733e-05,1.946098243186963e-09,5.480772293598216e-07,0.009695180653083071,1.5225181559238697e-09,1.2899668921743394e-06,5.380612859367131e-09
16,2.077687553839295e-06,1.7319999411556605e-07,1.6498302278967255e-06,9.959621370315251e-07,7.451026235047999e-10,5.66484984935151e-06,1.2485977357117376e-06,0.9899205185515187,9.428593454369643e-06,4.883218662550209e-06,4.1643525500599446e-08,0.0008541088981975489,6.985369277958987e-07,2.4222251845225597e-10,3.7052651179238172e-06,9.413689439000198e-05,0.00016590369086882085,1.0398567626269298e-06,1.3062737336378156e-05,2.3891405097001564e-09,7.073593556446116e-07,0.008918521220325232,1.7156190982636543e-09,1.4233901748955132e-06,4.923799033778439e-09
17,2.1287016318515114e-06,1.92619607591294e-07,1.5723599538635612e-06,9.91075238419767e-07,7.29768024837349e-10,5.144810039973195e-06,1.2238894548371173e-06,0.9890849449816238,1.0640035463813001e-05,4.9796304547747085e-06,3.77873258193099e-08,0.0007606953033152776,6.290267901554417e-07,2.0090494387095156e-10,3.2427070545423525e-06,7.763870807666588e-05,0.00016550320207227165,7.644807467196054e-07,1.2613299674477444e-05,1.9737880710020147e-09,5.533145019881803e-07,0.009865170539095679,1.5184393470992343e-09,1.3234623856452518e-06,5.642591605991318e-09
18,2.1357355153454386e-06,2.1258773221689184e-07,1.5540148289619352e-06,1.0012617504193035e-06,7.534148617996661e-10,5.5998116529167265e-06,1.1644845200031414e-06,0.9889100824035824,1.1335152505737992e-05,5.080217525422801e-06,3.83865234889821e-08,0.0007043658840137667,6.175517413443281e-07,1.957072962540637e-10,3.453044022605308e-06,7.985124610099346e-05,0.00016786772217716246,8.242672593279501e-07,1.42955281855788e-05,1.9744893357760434e-09,5.595706248530832e-07,0.010088624139960629,1.5777287186472398e-09,1.326775550984686e-06,5.7128857705331825e-09
19,1.5998505997922132e-06,1.062524233158606e-07,1.4754098199028215e-06,7.319704704728085e-07,5.847866812363759e-10,4.251992547123022e-06,1.3111187926586882e-06,0.9908974172317212,9.470281946179386e-06,5.7272830354708366e-06,2.4309583555936857e-08,0.0006865572083915055,6.258119150214131e-07,1.1584247406175892e-10,1.9055544768158812e-06,6.625304276554656e-05,0.0001305912812955629,3.9590252470627194e-07,9.158015727816555e-06,1.5683896597102055e-09,3.5298509666256917e-07,0.008180874470956619,8.952048821561299e-10,1.1629451899824937e-06,3.916496542696738e-09
20,5.442927652183676e-06,1.7728655261783137e-07,2.5324587732430063e-06,9.422953086569946e-07,1.5236087358279583e-09,7.412729177989882e-06,2.0337588003648374e-06,0.989456889617766,1.3406218928453801e-05,7.979095126552163e-06,1.956824025883033e-08,0.0005839065323768567,1.346825149610204e-06,2.3577056234036565e-10,1.4939022709458527e-06,0.00011042864894190476,0.000349251605555375,7.089526489953942e-07,3.732065903592282e-05,2.2011432003498365e-09,4.994021040325177e-07,0.009414532982986123,1.5557065839427412e-09,3.6605028277782765e-06,8.513547048756714e-09
21,2.472936240571692e-06,1.9892073329818598e-07,1.6272250550237817e-06,1.1989017031966383e-06,7.602315981530788e-10,5.114174500003761e-06,1.1049660183969793e-06,0.9900837770746169,9.452673599408326e-06,4.57673382208803e-06,5.255498503645763e-08,0.0009524969199649057,7.042603173003635e-07,3.0507664279418335e-10,4.243042409459037e-06,8.917512960469086e-05,0.00013950760056218454,1.109553417260974e-06,1.2253544335548007e-05,2.497846495792121e-09,6.655601994466849e-07,0.00868902903293215,1.7607111709447782e-09,1.2284269543048208e-06,5.444162966450081e-09
22,2.2936646844691427e-06,1.6730037488440537e-07,1.7610715876711899e-06,1.0198892690049694e-06,7.303591770242946e-10,4.371981223251723e-06,1.1059970905122412e-06,0.9892463284074965,9.34251574174769e-06,5.665297028249416e-06,5.219468593832947e-08,0.000742537179289158,6.98174211352884e-07,2.2709041791579238e-10,3.633413195810445e-06,7.980656078611596e-05,0.0002231220595155509,1.0612356012176673e-06,1.2940848510849356e-05,2.6758934932941136e-09,7.004830831845231e-07,0.009662062162599617,1.76449937678541e-09,1.3186691326872686e-06,5.4970495561969224e-09
23,2.058942651044874e-06,2.0578593364906293e-07,1.53875973099479e-06,9.796239754176914e-07,7.323274396435194e-10,5.529347237787524e-06,1.125292245769069e-06,0.9893215184459865,1.1090600800733669e-05,4.982597219096829e-06,3.732765144655836e-08,0.0006963469931694077,6.158189887301187e-07,1.8908738798309805e-10,3.394660235503865e-06,7.973417229432977e-05,0.00015903917701900054,8.071860744610401e-07,1.3966800937548733e-05,1.946098243186963e-09,5.480772293598216e-07,0.009695180653083071,1.5225181559238697e-09,1.2899668921743394e-06,5.380612859367131e-09
24,2.280639250380783e-06,2.4071168231682114e-07,1.6204947030424484e-06,1.2726727124482833e-06,8.213059852259331e-10,5.197479400247113e-06,1.0253499323452975e-06,0.988561412743282,1.1051717668886763e-05,5.234680105147499e-06,4.738097314003343e-08,0.0007653585979932437,6.811773908527838e-07,2.1967724968385362e-10,3.508157232771015e-06,7.732532432487782e-05,0.00015356725620034906,8.538025608939152e-07,1.3497448556264512e-05,2.3235656757849737e-09,5.183868405137669e-07,0.010394137446617198,1.5247125489413995e-09,1.1575390784783117e-06,6.104233347310354e-09
25,1.7112195277334041e-06,7.912114069911866e-08,1.3273415421432867e-06,6.74847470899031e-07,4.4875099728943076e-10,1.9354284681450083e-06,8.668873703469763e-07,0.9939828686292532,5.666700293355428e-06,4.041895392776451e-06,3.974280458175175e-08,0.000715142354524117,6.271388016421162e-07,1.7409362915401654e-10,2.402256537505551e-06,4.557659606130491e-05,0.00010792524362908046,4.876163277265363e-07,5.358190556185604e-06,2.00131691325667e-09,3.57258683560398e-07,0.005122090932801741,8.911931328161334e-10,8.137450595399006e-07,3.3383991362393597e-09
26,2.5542190115950877e-06,1.9990814257898035e-07,1.2485268215114802e-06,8.609375525792587e-07,7.75470254672456e-10,6.113866809435889e-06,1.1513326639944022e-06,0.9909342267149345,1.4793616874284773e-05,5.797716853646161e-06,3.0235290079183034e-08,0.000441956810700831,6.412276928801044e-07,1.6522803164996426e-10,3.1100442694559484e-06,7.358671379240033e-05,0.00019912526955826948,9.368474004466816e-07,1.815610453147382e-05,1.8556729385945477e-09,5.059579013115286e-07,0.008293321699523808,1.979460883664061e-09,1.6713088667099885e-06,6.1649761935364595e-09
27,1.9151566007960483e-06,2.5452347983441306e-07,1.232374317645034e-06,1.007639052226578e-06,6.690471510216402e-10,5.721482912611813e-06,1.0000197059008528e-06,0.9877557512172496,1.3886115053328342e-05,4.936167267006718e-06,3.615980907325574e-08,0.000589118311199459,4.6908197679668773e-07,1.4417801404331223e-10,3.439571669316588e-06,6.505461648295277e-05,0.0001390860591040485,6.559430455359789e-07,1.393069590541822e-05,1.4747252180312778e-09,3.9987475841001873e-07,0.0114010788282637,1.33776224534967e-09,1.016481738116095e-06,6.054695904070053e-09
28,2.058942651044874e-06,2.0578593364906293e-07,1.53875973099479e-06,9.796239754176914e-07,7.323274396435194e-10,5.529347237787524e-06,1.125292245769069e-06,0.9893215184459865,1.1090600800733669e-05,4.982597219096829e-06,3.732765144655836e-08,0.0006963469931694077,6.158189887301187e-07,1.8908738798309805e-10,3.394660235503865e-06,7.973417229432977e-05,0.00015903917701900054,8.071860744610401e-07,1.3966800937548733e-05,1.946098243186963e-09,5.480772293598216e-07,0.009695180653083071,1.5225181559238697e-09,1.2899668921743394e-06,5.380612859367131e-09
29,2.058942651044874e-06,2.0578593364906293e-07,1.53875973099479e-06,9.796239754176914e-07,7.323274396435194e-10,5.529347237787524e-06,1.125292245769069e-06,0.9893215184459865,1.1090600800733669e-05,4.982597219096829e-06,3.732765144655836e-08,0.0006963469931694077,6.158189887301187e-07,1.8908738798309805e-10,3.394660235503865e-06,7.973417229432977e-05,0.00015903917701900054,8.071860744610401e-07,1.3966800937548733e-05,1.946098243186963e-09,5.480772293598216e-07,0.009695180653083071,1.5225181559238697e-09,1.2899668921743394e-06,5.380612859367131e-09
30,2.058942651044874e-06,2.0578593364906293e-07,1.53875973099479e-06,9.796239754176914e-07,7.323274396435194e-10,5.529347237787524e-06,1.125292245769069e-06,0.9893215184459865,1.1090600800733669e-05,4.982597219096829e-06,3.732765144655836e-08,0.0006963469931694077,6.158189887301187e-07,1.8908738798309805e-10,3.394660235503865e-06,7.973417229432977e-05,0.00015903917701900054,8.071860744610401e-07,1.3966800937548733e-05,1.946098243186963e-09,5.480772293598216e-07,0.009695180653083071,1.5225181559238697e-09,1.2899668921743394e-06,5.380612859367131e-09
31,1.7436877537209293e-06,8.34303940369335e-06,6.421847912901137e-07,1.6330038459342456e-05,9.51423904706743e-09,0.0008960021465619101,4.309613981886043e-05,0.1689864098679501,0.00012510877210301447,3.564776284780942e-05,2.460418222465126e-07,0.007722180138480621,1.3607289633782808e-07,3.4262647455767464e-09,6.02764824329995e-05,0.0003997217867937711,0.0009928411462861637,1.7712593319805324e-05,5.906110125120537e-05,3.744442945426685e-09,7.53879005220949e-06,0.8206157826281666,1.1632602250923283e-07,1.0204573387352964e-05,8.419944516949798e-07
32,2.2466388222413746e-06,2.3399727764621896e-07,1.6701953337498766e-06,1.0016970764036676e-06,8.045858080466343e-10,5.83193305585736e-06,1.0837150872955898e-06,0.9891472699707938,1.1742435820449257e-05,5.1593518638658935e-06,3.832424452141124e-08,0.0006546717779711409,6.505162558687317e-07,1.950322778424337e-10,3.483559828401497e-06,8.300828822104943e-05,0.00016847599145175112,8.377658743728999e-07,1.6706979565680177e-05,1.9901687538777557e-09,5.574597888258264e-07,0.009893963800008957,1.5645778723988592e-09,1.355422560105439e-06,5.624733211074404e-09
33,1.4108929082051673e-06,1.760548356290859e-07,1.13295278290215e-06,8.289889970842449e-07,6.234679463401021e-10,3.774036389516348e-06,9.259589084286732e-07,0.9917240773260783,1.2763284215666916e-05,4.194068867561362e-06,5.781674503223086e-08,0.0007378863346112412,3.8707511854257375e-07,1.6688104478132162e-10,5.528561155724167e-06,4.8492825945988675e-05,7.837905838353198e-05,6.814823907221823e-07,6.283245996835718e-06,1.7349698886699285e-09,4.957628617726076e-07,0.007371909153273453,1.5383561727354885e-09,6.058634391267604e-07,5.192420075059667e-09
34,3.316024066607758e-06,2.002930254502705e-07,1.7527063381416492e-06,8.83198202931757e-07,7.917741438117299e-10,3.5199567859342456e-06,6.911744624702136e-07,0.9923523084986716,9.788955307450663e-06,4.407345070191852e-06,3.867697246176824e-08,0.0004616734713407506,6.95587066580616e-07,1.8682738594736693e-10,2.7872443063689665e-06,6.598030350893125e-05,0.00014903864510133256,6.79050154545637e-07,1.9126351382727195e-05,1.7350826023136434e-09,4.0534706847794905e-07,0.006921669019292279,1.0267668056284754e-09,1.0301194860530106e-06,4.291938049256793e-09
35,1.6385308525100798e-06,1.5247436769325361e-07,6.718462105556438e-07,5.499087327956378e-07,3.797073139908711e-10,2.542642489093196e-06,3.7053426744826264e-07,0.9932313915671456,1.3991846037896059e-05,2.8396247336059154e-06,1.7587673095950023e-08,0.00020628477867358445,2.5786276158418096e-07,3.754208069254413e-11,1.5249760990709032e-06,2.942572147068674e-05,6.920829795950958e-05,2.324602654691191e-07,1.0643900976334417e-05,5.409926443665603e-10,1.2092020244349683e-07,0.006427795145768363,3.769450217632341e-10,3.354252645037583e-07,2.6128611407676634e-09
36,7.423474095828205e-06,3.1084326348777347e-06,1.1131425635944473e-05,3.41840052460282e-06,5.8614173955643e-09,4.4063182110627097e-05,3.984039464009781e-07,0.9947693033050735,4.527526862109483e-05,2.4340294971507554e-05,5.498687716933918e-08,8.387189682888941e-05,3.56160473573711e-06,1.7384217741003364e-10,1.0463390596800468e-05,0.00030482787091639713,9.538998912571234e-05,2.457148288482328e-06,0.0003759226048901229,6.3718269686521934e-09,1.958572254347656e-06,0.004207209780263782,1.0522540831247601e-08,5.791885584363516e-06,5.152396545966322e-09
37,4.227678871017623e-06,2.266747252493337e-07,2.6469224197066844e-06,1.4423535232459377e-06,1.1880371189107522e-09,7.1683199420666405e-06,2.237215816326081e-06,0.9865698232639336,9.70541550374703e-06,6.767107122613812e-06,5.783905539149186e-08,0.00129348812260405,1.145036756899285e-06,5.923433396467695e-10,4.466058071731708e-06,0.00013631860135036964,0.0003222358854676294,1.6030938348529362e-06,1.971878936561691e-05,3.733914310220736e-09,1.2540175698600428e-06,0.011612319235079566,3.2569263465850356e-09,3.1304181442354352e-06,9.179621081131658e-09
38,1.9448894278099313e-06,2.0370071383068428e-07,1.7353557501115518e-06,1.0744671165494658e-06,7.956532669326681e-10,1.0062692133795785e-05,1.645087154610351e-06,0.9878279763581833,1.1640922928184747e-05,5.774070420608034e-06,3.7785235999996016e-08,0.0009106442340479705,7.102898544156461e-07,2.333752695404223e-10,4.328006131390215e-06,0.00013077869404587287,0.0001807555226736321,1.2386819489166993e-06,1.7462712776674156e-05,2.3175574564818212e-09,9.412852559684228e-07,0.010889140109146598,2.294714666687398e-09,1.8943555490262286e-06,5.138203899864607e-09
39,1.3430217817944197e-06,1.6780095351086947e-07,1.6972130259804514e-06,7.891450078276797e-07,6.017849781028806e-10,7.451990494129785e-06,9.77056796817415e-07,0.9893834321026952,1.0098183909613987e-05,3.806021154560151e-06,2.4256042796495662e-08,0.0007223622091954879,5.935753575569772e-07,1.108933698253454e-10,2.7599060312955836e-06,0.00011536414510714797,0.000158741874364693,8.152204457644889e-07,1.4804568718886235e-05,1.6848384940098664e-09,7.869511942799805e-07,0.0095727988373334,1.31728866317157e-09,1.1792485679363864e-06,2.957015720050452e-09
40,3.2170032467908776e-06,2.909876013619292e-07,3.041434759124257e-06,1.063885782671776e-06,1.3057186521827085e-09,3.989370272542344e-06,1.3669113611163377e-06,0.9863011221972745,9.734518311775502e-06,5.19537087952116e-06,6.352801330892863e-08,0.0012486807480885504,8.285378712051969e-07,4.215239660479627e-10,4.27966607702596e-06,8.068548799259629e-05,0.00020530859028872179,7.17190225932748e-07,1.6590673136858887e-05,2.59079119982093e-09,6.89472147474491e-07,0.012111668061402266,1.4560931229934057e-09,1.4520650485280038e-06,8.526091325042062e-09
41,1.365053810603973e-06,2.3970320280387554e-07,1.1735247715105318e-06,8.390298602565161e-07,6.284989796721242e-10,3.932086115208699e-06,3.330484341169431e-07,0.9942828872897267,1.1792298848838339e-05,3.2951297442650768e-06,3.0814215632358084e-08,0.000313183274380546,4.954801574223125e-07,8.802449661796603e-11,2.9065865403180894e-06,5.736874251830047e-05,5.781979289530353e-05,5.981572654741147e-07,1.424082450872826e-05,1.4389426855067104e-09,2.6290132798076124e-07,0.005246746814790906,7.163269968849431e-10,4.842129797379839e-07,2.3621121225599827e-09
42,3.0922900404652144e-05,1.1284400798398523e-07,2.85545920090061e-06,1.9591201110288226e-06,7.295672742626063e-09,5.675111536210987e-06,2.6284990469513445e-05,0.9904330867312132,1.3112506624436463e-05,4.2358188959693816e-05,4.5338724443409535e-07,0.005236742679133401,5.734072784724041e-06,3.533454694266942e-08,2.633536301932451e-05,9.087051508953464e-05,0.0005213253385661015,9.750109229446937e-06,9.796587698333144e-06,3.0174167453148095e-08,3.187937125500603e-06,0.00350874440524808,6.625906673004357e-08,3.0393869012567386e-05,1.588198670629756e-07
43,2.0235991373087733e-06,2.010409832441705e-07,1.5346759129563768e-06,9.694225929099037e-07,7.259064664239301e-10,5.578340867780404e-06,1.119427147434012e-06,0.9894352993381887,1.1099344147482652e-05,5.016685472237845e-06,3.635408694355077e-08,0.0006843330385039148,6.180669274220028e-07,1.8268882349148566e-10,3.328904711437855e-06,8.050831873648986e-05,0.0001590855662051884,8.003193428003607e-07,1.398125362887472e-05,1.937540312098727e-09,5.507784470377981e-07,0.009592615302052406,1.5110724616457067e-09,1.2906575603965401e-06,5.208139017286217e-09
44,2.058942651044874e-06,2.0578593364906293e-07,1.53875973099479e-06,9.796239754176914e-07,7.323274396435194e-10,5.529347237787524e-06,1.125292245769069e-06,0.9893215184459865,1.1090600800733669e-05,4.982597219096829e-06,3.732765144655836e-08,0.0006963469931694077,6.158189887301187e-07,1.8908738798309805e-10,3.394660235503865e-06,7.973417229432977e-05,0.00015903917701900054,8.071860744610401e-07,1.3966800937548733e-05,1.946098243186963e-09,5.480772293598216e-07,0.009695180653083071,1.5225181559238697e-09,1.2899668921743394e-06,5.380612859367131e-09
45,2.8632890810102875e-06,3.1590610219087096e-07,1.8570011004241275e-06,1.3429620034357267e-06,9.6914460948144e-10,6.558858493703246e-06,1.2706834807538845e-06,0.985560336795649,1.3221607833694189e-05,5.722093819371855e-06,5.1547312609202075e-08,0.00084894007157671,7.02730189701182e-07,2.738149742335832e-10,4.257968688403436e-06,8.911593128913322e-05,0.00021879131009280606,1.0722364443959554e-06,1.8223959552754855e-05,2.3939564216276462e-09,7.004378431376309e-07,0.013223052695642426,2.196583349771851e-09,1.5875219332547844e-06,8.558371608037013e-09
46,2.2295473847320113e-06,1.9497607525966236e-07,1.6063098192965072e-06,9.893442137275475e-07,7.261312316970115e-10,5.379513507249185e-06,1.183003057747129e-06,0.9887361711125172,1.0748084269001204e-05,5.089263014362297e-06,3.59784896927458e-08,0.0007068954031678455,6.448528929023626e-07,1.83446755296843e-10,3.0396924295112096e-06,8.057403722813337e-05,0.0001847425464355538,7.693173519461764e-07,1.4241841152930447e-05,1.9468465009682996e-09,5.605182509183974e-07,0.010243529336421116,1.495949232780383e-09,1.3654810910948374e-06,5.488856030119267e-09
47,3.0303130272403896e-06,1.3175927425973905e-07,1.8644196711485395e-06,9.048791814599459e-07,6.040994585891271e-10,4.557679987029558e-06,1.1990694388087737e-06,0.9892690727722252,8.28740502835922e-06,5.008532517681461e-06,2.447291027619174e-08,0.0006719281031068192,7.463512299023154e-07,1.4335515155066502e-10,1.7009138135962304e-06,8.580428594211267e-05,0.00021406543230215817,4.964095784226447e-07,1.5787029516790613e-05,1.4564242601517541e-09,4.752334840325574e-07,0.009713404405861433,9.679284106710113e-10,1.5033297940362627e-06,4.030301573231941e-09
48,1.281925751980165e-06,3.171855591859682e-07,1.2092090397017036e-06,1.6941858684320586e-06,8.532706572829813e-10,5.8137551050943334e-06,1.0782359259945311e-06,0.9873496061751308,1.3467990887684482e-05,3.693381781737197e-06,1.1265106480883518e-07,0.0016883302597266805,4.160476495209704e-07,4.001238006436241e-10,1.0310589381427943e-05,7.252863667758088e-05,5.912819352833751e-05,1.4084046209414038e-06,5.534464380684762e-06,2.8768557849945804e-09,7.372487502535961e-07,0.010782768803469144,2.2970915369902117e-09,5.487022565779664e-07,7.526101676692032e-09
49,1.624022757068375e-06,2.0213027968325172e-07,1.656522120679578e-06,9.570414667067793e-07,6.996346642586004e-10,5.794513303738074e-06,1.1629884461629341e-06,0.9875496339419741,1.1076947210408367e-05,4.884158944131243e-06,3.301161259043303e-08,0.0007706847543009866,5.714803180976646e-07,1.41585140324353e-10,2.916233761744032e-06,8.132232449641923e-05,0.00014931649496219247,6.036647881511604e-07,1.2561044607785792e-05,1.7644372985382514e-09,5.124815319720993e-07,0.01140336419939634,1.1978159800246138e-09,1.1134797465319403e-06,4.7605013035694815e-09
50,2.099850101504576e-06,1.7218131008907071e-07,1.4883240183175957e-06,9.054085233053117e-07,6.854070460699392e-10,4.874403206209739e-06,1.1507651884093077e-06,0.9903000109043133,1.0197945875078499e-05,5.078265931679401e-06,3.497670882677518e-08,0.0006693448052422769,6.28377239835017e-07,1.842823779929799e-10,3.0367445303924914e-06,7.400760059640267e-05,0.00015481752444005642,7.184893730560516e-07,1.2781403263523518e-05,1.8850532876885552e-09,4.893253328691133e-07,0.008756855201445209,1.3783030691419117e-09,1.2982804813469154e-06,5.0898325504708965e-09
51,3.1310560569866513e-06,6.51856403265771e-08,2.5766948144786218e-06,4.7533070007345873e-07,1.0437079329722638e-09,6.7325513957524834e-06,2.8458859064416655e-06,0.9920118985893812,9.025916636722578e-06,8.508140014126946e-06,1.8154940583535582e-08,0.000898358226025327,1.4183889816998588e-06,2.3860798258307093e-10,1.7840272260311247e-06,0.00013861162905497675,0.0003733513476581407,8.839972881802787e-07,2.0696477445327323e-05,2.6918103204062845e-09,9.489094695063836e-07,0.006513971827024937,2.0080314577530685e-09,4.686994476279653e-06,4.68770535425039e-09
52,2.3469808182022497e-06,2.5010859533568344e-07,1.914465208046601e-06,1.0436980986994266e-06,8.213932844941913e-10,5.624236142975554e-06,1.3415312330654177e-06,0.9864353988206291,1.1587277602364249e-05,4.9770207356859835e-06,4.050112788895585e-08,0.0008166588960911381,6.39295146743229e-07,2.125323714390754e-10,3.4370825064522376e-06,8.212689095345216e-05,0.00021422773176187784,7.812314673059355e-07,1.5075371185774148e-05,1.991051192715734e-09,6.549338326977606e-07,0.012400358213486317,1.74085267964913e-09,1.5038554842272496e-06,7.092063141717038e-09
53,2.0420554141657992e-06,2.0310002619378597e-07,1.5373383254915545e-06,9.842892303486912e-07,7.339351714339346e-10,5.576388918186792e-06,1.1556357696757826e-06,0.9892904983521994,1.1050433509532406e-05,5.010863697416896e-06,3.7752381532951455e-08,0.0007147907127358758,6.192695676212997e-07,1.9353010811290153e-10,3.440491981133861e-06,8.046731654719847e-05,0.0001596689099286235,8.237958116540754e-07,1.3675888893229598e-05,1.9850211674322687e-09,5.607865234605864e-07,0.00970653821984147,1.5612493294428073e-09,1.3084868867057071e-06,5.438074881094306e-09
54,2.5546274056696264e-06,4.1940060402173124e-07,1.3971621788979292e-06,1.4065824329866424e-06,9.125356564126923e-10,8.149031783301215e-06,1.5867606961724427e-06,0.981636107505422,1.6907568539528464e-05,5.815361526058001e-06,4.896020265664564e-08,0.0007628832661516248,4.4948722086198034e-07,2.4012035804311064e-10,4.868851753944653e-06,7.605628528522007e-05,0.00016763849840568932,7.81429816707825e-07,1.7640806880635417e-05,1.557605617495108e-09,4.816075867658288e-07,0.017293446740915198,1.7906254604922985e-09,1.344762245979578e-06,1.0802058972944608e-08
55,1.5323871921356285e-06,1.2566841520606176e-07,1.2471045423291014e-06,7.822643014957765e-07,6.137658787820965e-10,5.174838905862588e-06,1.1803372316178606e-06,0.9910020511609403,9.471191530750027e-06,4.395309971764801e-06,2.9057246176040292e-08,0.0009287945400427195,6.111963055521701e-07,1.7921956388207326e-10,2.8718616210806917e-06,8.164765769425412e-05,0.00011773128802354887,7.531356291350861e-07,9.420749927873262e-06,1.8598145072770294e-09,4.909164797452728e-07,0.00783050907265509,1.2614369086353429e-09,1.1722720024975258e-06,4.0751040510679474e-09
56,2.039017293555442e-06,1.8420237263810266e-07,1.5317223257203508e-06,9.474771550234292e-07,7.126717992283767e-10,5.320560898447469e-06,1.1092537896316802e-06,0.9902031772761299,1.0684473742086956e-05,5.101391246070824e-06,3.530557343322748e-08,0.0006668431016109116,6.545780972857701e-07,1.811136781948732e-10,3.109598169107355e-06,7.912186931056445e-05,0.0001545825654004955,7.644558845687608e-07,1.3549393614903868e-05,1.9784918590693663e-09,5.201489388429818e-07,0.008849417294449087,1.4505086577640802e-09,1.2970113519978734e-06,4.9798595815691955e-09
57,1.5933373837470835e-06,1.4338628443475065e-07,2.4433496951944274e-06,7.031807987636802e-07,8.27509837236881e-10,4.9014090388448935e-06,1.1670994021021056e-06,0.9899910543997746,9.416951254954248e-06,5.215934623092497e-06,2.8705391279211097e-08,0.0008977882133625806,7.986175627582763e-07,1.4683522784385802e-10,2.383535570579997e-06,9.41066578147402e-05,0.00015782226376270808,5.247177684642062e-07,1.3045513120769093e-05,2.066612300585491e-09,5.99970534072052e-07,0.00881496288765519,1.048780329228586e-09,1.2921002073905323e-06,3.679255746104345e-09
58,2.0881828258046724e-06,1.9062016756020143e-07,1.5888278219699535e-06,9.448688002947024e-07,7.339282942983632e-10,5.686415621714124e-06,1.2172758884371907e-06,0.9898701958617363,1.0748481510748463e-05,5.48187753538877e-06,3.411175187808485e-08,0.0006785443753569688,6.913641055451228e-07,1.9343924833513642e-10,3.161510931575078e-06,8.364840462638239e-05,0.0001684946854355639,8.039252196784519e-07,1.453682542253606e-05,2.076982849123151e-09,5.467032667610503e-07,0.009149842612646874,1.5989681126542954e-09,1.5431872101815104e-06,5.278799442946808e-09
59,2.0616366345682706e-06,1.8057973051939784e-07,1.6929003486126114e-06,9.065263059447788e-07,7.316628998888666e-10,5.222736168068995e-06,1.1951482525429654e-06,0.9901087223720018,1.018051532707469e-05,5.296854303460606e-06,3.4004709210916705e-08,0.0006956710914495346,7.039101579760304e-07,1.896656446130556e-10,3.025290742844668e-06,8.22176523401318e-05,0.00016759325660220455,7.500092648426329e-07,1.3858007223452226e-05,2.090547683642101e-09,5.502318005903854e-07,0.0088986404841339,1.4984832210976621e-09,1.48726844044309e-06,5.013702843340184e-09
60,2.058942651044874e-06,2.0578593364906293e-07,1.53875973099479e-06,9.796239754176914e-07,7.323274396435194e-10,5.529347237787524e-06,1.125292245769069e-06,0.9893215184459865,1.1090600800733669e-05,4.982597219096829e-06,3.732765144655836e-08,0.0006963469931694077,6.158189887301187e-07,1.8908738798309805e-10,3.394660235503865e-06,7.973417229432977e-05,0.00015903917701900054,8.071860744610401e-07,1.3966800937548733e-05,1.946098243186963e-09,5.480772293598216e-07,0.009695180653083071,1.5225181559238697e-09,1.2899668921743394e-06,5.380612859367131e-09
61,2.134770162592992e-06,1.9577218573498592e-07,1.7359579684595507e-06,9.224376006214228e-07,7.726663309995256e-10,5.525193065102199e-06,1.2190466059915318e-06,0.9895607356514178,1.0877695255942175e-05,5.370441781770503e-06,3.578607689526076e-08,0.0007146370566579824,6.922981416986077e-07,1.9606126858748321e-10,3.237214670733291e-06,8.393943378032307e-05,0.00017307062589198738,7.785371197086535e-07,1.4701946774847063e-05,2.07549270561958e-09,5.787711388702805e-07,0.009418108384302902,1.5799866699040645e-09,1.492974277665297e-06,5.380915631091129e-09
62,2.058942651044874e-06,2.0578593364906293e-07,1.53875973099479e-06,9.796239754176914e-07,7.323274396435194e-10,5.529347237787524e-06,1.125292245769069e-06,0.9893215184459865,1.1090600800733669e-05,4.982597219096829e-06,3.732765144655836e-08,0.0006963469931694077,6.158189887301187e-07,1.8908738798309805e-10,3.394660235503865e-06,7.973417229432977e-05,0.00015903917701900054,8.071860744610401e-07,1.3966800937548733e-05,1.946098243186963e-09,5.480772293598216e-07,0.009695180653083071,1.5225181559238697e-09,1.2899668921743394e-06,5.380612859367131e-09
63,2.165428876626542e-06,2.607734270199764e-07,1.5629522038471075e-06,1.0820039246435634e-06,8.042705355391402e-10,6.133386529156052e-06,1.0936567477307731e-06,0.9884268805539353,1.2654564905144605e-05,5.1474126217414215e-06,4.192643808375421e-08,0.000658506684675608,5.983701640974432e-07,1.966869366396654e-10,3.877219250773177e-06,8.042823094475857e-05,0.00016231864722333547,8.734086240996137e-07,1.5936296271184602e-05,1.9811778256306993e-09,5.620344810246976e-07,0.010618596902949449,1.6729596872299258e-09,1.268786262442338e-06,6.104448904368437e-09
64,2.1874386224675793e-06,2.3097757945565372e-07,2.025488336347045e-06,1.0709795224427514e-06,8.832828370762205e-10,6.422129815145046e-06,1.3124919216122813e-06,0.9878766016587738,1.1497550958334958e-05,5.3107145821095506e-06,4.2695451065257755e-08,0.000854222780454711,7.1302148264222e-07,2.2586330518677262e-10,3.87624572180037e-06,9.885032172994014e-05,0.0001938046804869174,9.330867889876849e-07,1.5460632161043393e-05,2.33937215410199e-09,8.14868730604762e-07,0.010923089503909172,1.9256727478442264e-09,1.5215494851523709e-06,5.80929530724836e-09
65,2.1884686248476987e-06,2.8874471777208783e-07,1.7372799481161926e-06,1.267138481679522e-06,9.052705968327396e-10,7.644500183440158e-06,1.3755475901158498e-06,0.9864370137005207,1.3014226280032651e-05,5.460221002936419e-06,4.67469116161636e-08,0.0008566897321189102,6.661587590609759e-07,2.5443715666737944e-10,4.495695295600199e-06,9.955361031674796e-05,0.0001914688149436465,1.153648712004651e-06,1.6399690293722465e-05,2.4704086089732655e-09,7.716122027419391e-07,0.012357165704361755,2.2678191872015546e-09,1.585590821510481e-06,7.269977492269653e-09
66,2.3885638804781795e-06,9.05740969748929e-08,2.3936330789549544e-06,6.157242663771716e-07,8.730106746095522e-10,3.7782051200754097e-06,1.186896506254038e-06,0.9937031042768668,8.436682131790979e-06,5.775496090130981e-06,2.070566518675397e-08,0.0005464393911474254,1.0983767771426785e-06,1.332617967581245e-10,1.3761413363644747e-06,8.362700128319472e-05,0.00016731473324610677,4.179245503186231e-07,1.4866253176646985e-05,2.1103411575583297e-09,4.1685001738213006e-07,0.005455089551349154,8.186412699979691e-10,1.5560062967976854e-06,3.0778615294748937e-09
67,2.715938772234867e-06,6.181895003512358e-07,2.3243835036764076e-06,2.4351792457490892e-06,1.4186763072532405e-09,2.027554119328073e-05,3.068132524649867e-06,0.9727860849656306,1.853843401644534e-05,7.113619726894404e-06,8.249589617462237e-08,0.001596421876377614,8.433318236717987e-07,5.861492688030694e-10,9.35451567551481e-06,0.00018468521468278216,0.00040358873547114197,3.1858423322906614e-06,2.465030322178383e-05,4.655215692394574e-09,2.2539459136482777e-06,0.024928311733629076,8.06679624158407e-09,3.414091709530325e-06,1.880231536633899e-08
68,1.164037408177584e-06,1.2636760506128358e-07,1.1429824289570434e-06,8.601963988968745e-07,5.373414710050215e-10,5.698377110975901e-06,1.3354415566538958e-06,0.990635166754065,8.318415380470745e-06,4.189342739775684e-06,3.5695410805198335e-08,0.000980366617871576,5.311147633083517e-07,1.826437693807688e-10,3.820408322936547e-06,8.366560870846779e-05,0.00011388591721157016,9.303258263391548e-07,7.272515913085053e-06,2.207540525956614e-09,6.477997450147114e-07,0.008149731086287634,1.5388202711113064e-09,1.102648296462214e-06,3.880602967667146e-09
69,1.5016566624145492e-06,2.5670850102590353e-07,1.0095210280713573e-06,1.5265398046375713e-06,7.233795511856348e-10,5.4813840541251395e-06,1.0215108837305147e-06,0.9866948888821163,1.3353033223455909e-05,4.5775484349770685e-06,1.1093596375004012e-07,0.0010108951827378838,4.231157662016493e-07,2.797269823836099e-10,8.885648294204427e-06,6.45292385446662e-05,0.00015175663372274167,1.8812108334161283e-06,7.131261303809215e-06,3.286825993154626e-09,9.477829539367987e-07,0.012029128074468707,3.1450489255426703e-09,6.783860043581817e-07,8.309716301206433e-09
70,1.3131208139122451e-06,1.6396726125120318e-07,1.4071868427548203e-06,1.0118038564982049e-06,6.244781093513948e-10,6.533153876411971e-06,1.0791684015834037e-06,0.9902732956531919,1.1440693637712447e-05,4.592745011540434e-06,3.188357644032731e-08,0.0007580916908639741,5.547119944223279e-07,1.2383714165558678e-10,2.9612011859379087e-06,8.531550018058564e-05,9.396158059579254e-05,6.56394667242704e-07,9.710952992289495e-06,1.7899387605808044e-09,4.911638941404625e-07,0.008746487335634595,1.197393373929776e-09,8.926000876418622e-07,3.755785988355949e-09
