,0,1,2,3,4,5,6,7,8,9,10,11,12,13,14,15,16,17,18,19,20,21,22,23,24
0,1.982128015586784e-06,1.6114686000026597e-07,1.0935538887636036e-06,9.988812065507977e-07,5.815071025990476e-10,5.30575717637483e-06,9.79125054182695e-07,0.9920479221471717,9.648592316365196e-06,4.343376465562063e-06,3.046206326530092e-08,0.0005849420099523665,6.047521237532872e-07,1.8560288104339603e-10,2.9999876485578357e-06,7.72091541191812e-05,0.00012069296472453827,9.023211381332512e-07,1.2098898371867144e-05,1.8294290413616547e-09,4.4999162421956056e-07,0.007126395259774334,1.4213035181260908e-09,1.2312627367827109e-06,4.2097253036390846e-09
1,2.106913739201989e-06,2.2395029107269355e-07,1.5334769498988059e-06,9.548407422369936e-07,7.918149211871496e-10,6.41715933693478e-06,9.554733227222142e-07,0.9902177997057737,1.2142733084652188e-05,4.928784809296754e-06,3.2324119723189154e-08,0.0005878718893958411,6.166314043720561e-07,1.6907704999062904e-10,3.207262461728044e-06,8.787415035308859e-05,0.0001285978095793156,7.877828491296741e-07,1.84463903879669e-05,1.7050749997238537e-09,4.6358311390110577e-07,0.008923828724497793,1.248155723095308e-09,1.2019899073451812e-06,4.50975709202541e-09
2,1.913793261947814e-06,2.116099459037605e-07,1.2942364800361586e-06,9.463270911950946e-07,7.103352553575193e-10,3.9998428879379616e-06,8.747488504040226e-07,0.9918085013132297,9.90615529381344e-06,4.570121776598593e-06,4.998701794643565e-08,0.000658706420508841,5.664201967770588e-07,2.385987312757169e-10,4.581332543329386e-06,6.0239221867982025e-05,0.00010844333974938006,8.714536424913709e-07,1.0878911417869976e-05,2.181451533434125e-09,4.512508752631901e-07,0.007321985022330038,1.4939187614290654e-09,9.9853007591045e-07,5.33665235091225e-09
3,2.240772473326787e-06,2.4495096114134023e-07,1.39639905225147e-06,1.1788922742179521e-06,7.604647734590601e-10,6.421919442476616e-06,1.2521502275526208e-06,0.9883935096868262,1.0624257712728628e-05,4.946093748353379e-06,4.38836582055061e-08,0.0008009256375927247,6.05826377842761e-07,2.7329067161172046e-10,4.3122801923811076e-06,8.735713988542523e-05,0.00015520924122413044,1.0994346458382342e-06,1.495065296285239e-05,2.142007894590366e-09,5.881435663747056e-07,0.010511614391735749,1.8158372176861178e-09,1.4668672079293246e-06,6.386631823025933e-09
4,2.382356197578354e-06,2.263068267117801e-07,1.4576160997294706e-06,1.1548268788266284e-06,7.691182364172722e-10,6.178838791258573e-06,1.2590816416018687e-06,0.9893996506394497,1.0081356884673819e-05,5.108314891239632e-06,4.240242403973208e-08,0.0007726841911253687,6.781972034292367e-07,2.8420701065032197e-10,4.005756120318278e-06,8.877904650735931e-05,0.00015879057982762275,1.078122152360724e-06,1.5377625055882262e-05,2.25633953607346e-09,5.785123037499609e-07,0.00952889603079612,1.8008799809240379e-09,1.5789429854513623e-06,6.145292082289849e-09
5,2.362162133520214e-06,2.757922268940875e-07,1.2581801759367446e-06,1.4050722711645162e-06,7.707388204503044e-10,7.033631702843901e-06,1.1961861325109658e-06,0.9883924053041492,1.0897630806036138e-05,4.878549798015776e-06,4.943019438986368e-08,0.0007792689894524966,6.206917029237081e-07,3.104750261915274e-10,4.830705270668662e-06,9.136450021963508e-05,0.000155592622719053,1.4302316781642094e-06,1.544006910734041e-05,2.4421554793101635e-09,6.223128159776935e-07,0.010527568360491839,2.140638150236389e-09,1.4871108401141039e-06,6.802103881686935e-09
6,2.240772473326787e-06,2.4495096114134023e-07,1.39639905225147e-06,1.1788922742179521e-06,7.604647734590601e-10,6.421919442476616e-06,1.2521502275526208e-06,0.9883935096868262,1.0624257712728628e-05,4.946093748353379e-06,4.38836582055061e-08,0.0008009256375927247,6.05826377842761e-07,2.7329067161172046e-10,4.3122801923811076e-06,8.735713988542523e-05,0.00015520924122413044,1.0994346458382342e-06,1.495065296285239e-05,2.142007894590366e-09,5.881435663747056e-07,0.010511614391735749,1.8158372176861178e-09,1.4668672079293246e-06,6.386631823025933e-09
7,2.4884014595233063e-06,1.813440597416379e-07,1.497167014765199e-06,9.688334292782594e-07,6.816333112750602e-10,4.067930266878232e-06,1.0130013693033577e-06,0.9913058246987231,8.616550943699093e-06,5.021866003997244e-06,3.723666111780421e-08,0.000598334037825676,6.57510766094057e-07,2.1546174052579492e-10,2.8976299300900493e-06,6.68321096298298e-05,0.00013149612133684058,6.447611140428963e-07,1.4040210735702703e-05,1.8417958082115759e-09,3.607228674037513e-07,0.007853781184699244,1.0688702758553338e-09,1.229943251802163e-06,4.9301507600548405e-09
8,2.945861306957218e-06,1.854059998618692e-07,1.8846639675883057e-06,1.1218459608436559e-06,7.156180572462314e-10,3.9857027542077774e-06,1.548205801448618e-06,0.9900505594373469,8.752681858175228e-06,6.718434379875513e-06,4.5812436930428754e-08,0.0008585297626222317,8.374739281084935e-07,3.4016164448834446e-10,3.476352707555071e-06,7.033577725400459e-05,0.0001745753380198794,7.155689358271632e-07,1.158954546929035e-05,2.4698592678431988e-09,5.109934624886363e-07,0.008799611449666298,1.9384337974316694e-09,2.056736025505114e-06,7.486022901592433e-09
9,2.6225700319744694e-06,2.3294014818211804e-07,1.3640573436506305e-06,1.224170043519905e-06,6.212175804864702e-10,4.046898410170864e-06,1.2279871751677971e-06,0.9896642325419651,9.487120119351114e-06,5.752756371926167e-06,5.292322281109245e-08,0.000768740182397918,6.179896037640152e-07,3.1503825223464594e-10,4.576940464519615e-06,5.926519923079175e-05,0.00014826634838941175,8.372969685942002e-07,1.0413484524554623e-05,2.1618000269138975e-09,4.900280926499849e-07,0.009314961794715002,2.140494617452949e-09,1.5735390605591003e-06,7.99316958331045e-09
10,2.240772473326787e-06,2.4495096114134023e-07,1.39639905225147e-06,1.1788922742179521e-06,7.604647734590601e-10,6.421919442476616e-06,1.2521502275526208e-06,0.9883935096868262,1.0624257712728628e-05,4.946093748353379e-06,4.38836582055061e-08,0.0008009256375927247,6.05826377842761e-07,2.7329067161172046e-10,4.3122801923811076e-06,8.735713988542523e-05,0.00015520924122413044,1.0994346458382342e-06,1.495065296285239e-05,2.142007894590366e-09,5.881435663747056e-07,0.010511614391735749,1.8158372176861178e-09,1.4668672079293246e-06,6.386631823025933e-09
11,2.2243065613009593e-06,2.110128588737127e-07,1.4027269895148051e-06,1.0784346920968353e-06,7.204122862849965e-10,5.88017869417728e-06,1.2212329202559825e-06,0.9896375060380097,1.0077871875170143e-05,5.03051456511873e-06,4.0351779841693426e-08,0.0007492027737346239,6.459424961385377e-07,2.554746706030207e-10,3.829661110449803e-06,8.446953233006613e-05,0.0001526942363916841,9.97628021048759e-07,1.438287303091468e-05,2.131013384454454e-09,5.444157519051222e-07,0.009327061171416825,1.691319525216124e-09,1.4885103619744235e-06,5.788188375195191e-09
12,3.5646389464792726e-06,7.443735884667327e-07,2.2212054004981944e-06,3.203222032662526e-06,3.0480742818026204e-09,2.6381636785335928e-05,4.6209805864536674e-06,0.9715943533688781,2.1683555010648407e-05,8.716750850123226e-06,1.1193451497243808e-07,0.0029139737410583126,1.1957100972435465e-06,1.8197097831208166e-09,1.4136985976481285e-05,0.0002487562155231345,0.00040741886069483403,7.350529859967728e-06,2.6957130877102158e-05,8.557958577856633e-09,3.048832128500833e-06,0.024705894933138055,1.3633449853525133e-08,5.605987478656725e-06,3.2347381316178226e-08
13,2.5270024035008934e-06,3.889549431500707e-07,1.449280203612093e-06,1.4377238173627341e-06,1.0400380323778303e-09,1.3335772969877914e-05,1.7264801949124343e-06,0.9828698665264676,1.655625020847077e-05,5.546677718225116e-06,3.0734337156927194e-08,0.0006895194922108564,5.952485683102054e-07,2.2816599352357424e-10,3.821838733397756e-06,0.00012566117259279103,0.00021101610118212145,1.2378604288205762e-06,2.792405591878622e-05,1.8580555356714957e-09,6.582701327422162e-07,0.016024594498571125,2.093136737496807e-09,2.0926213396033438e-06,8.217661224080818e-09
14,2.6299642988333967e-06,6.43353581223302e-07,2.475819844426528e-06,1.7588741108925552e-06,1.507495811507826e-09,9.627666358095558e-06,9.328695782169491e-07,0.9863204605253355,1.3211968263981712e-05,5.294358767864557e-06,7.625407203160265e-08,0.0007217580580952725,8.170999585140473e-07,3.832742933795832e-10,6.919511161103989e-06,0.00012331199007548083,0.00016282056696437762,1.7469594559736309e-06,3.351354868910776e-05,3.4641183705083093e-09,8.104761478678091e-07,0.012589752435061467,2.155550725531078e-09,1.4225522007521394e-06,7.6375398148204e-09
15,2.240772473326787e-06,2.4495096114134023e-07,1.39639905225147e-06,1.1788922742179521e-06,7.604647734590601e-10,6.421919442476616e-06,1.2521502275526208e-06,0.9883935096868262,1.0624257712728628e-05,4.946093748353379e-06,4.38836582055061e-08,0.0008009256375927247,6.05826377842761e-07,2.7329067161172046e-10,4.3122801923811076e-06,8.735713988542523e-05,0.00015520924122413044,1.0994346458382342e-06,1.495065296285239e-05,2.142007894590366e-09,5.881435663747056e-07,0.010511614391735749,1.8158372176861178e-09,1.4668672079293246e-06,6.386631823025933e-09
16,2.2563450745899882e-06,2.0571589066226897e-07,1.494727432045956e-06,1.2008016650707203e-06,7.714850884357835e-10,6.585690455792969e-06,1.3882078521099805e-06,0.9890150785172126,9.024879281869795e-06,4.866542958651526e-06,4.90269363894152e-08,0.0009832714112315386,6.866482112748919e-07,3.4910037216529245e-10,4.708291269366396e-06,0.00010312435295701858,0.00016168166347859682,1.4148450565216446e-06,1.395962719509556e-05,2.629076317559199e-09,7.579567933043244e-07,0.009686617376816564,2.044045982839244e-09,1.6157448647969472e-06,5.8336583606293244e-09
17,2.331644006636087e-06,2.309574378826093e-07,1.4337130047300807e-06,1.1860358802234129e-06,7.64468251973966e-10,5.958559816230335e-06,1.3647460239652514e-06,0.9881880970399666,1.0224598640985972e-05,4.886127175017539e-06,4.4222909367430127e-08,0.000871937805462811,6.200892636196896e-07,2.925910743854205e-10,4.114842468667924e-06,8.50538581206751e-05,0.000162182064193572,1.043821721808026e-06,1.3575576794367453e-05,2.1725242630298416e-09,5.958979367790113e-07,0.010643594130442786,1.8159634753952565e-09,1.5124861427740924e-06,6.737043513434518e-09
18,2.3271145013913632e-06,2.533865705636345e-07,1.411504362937358e-06,1.2035569338807848e-06,7.836492367200283e-10,6.499800643390594e-06,1.2962297984448844e-06,0.9879595622856531,1.0864455528248173e-05,5.031331930892394e-06,4.508586940621283e-08,0.0008095875878755382,6.07756828182262e-07,2.83263233739599e-10,4.385265053440004e-06,8.748062008738902e-05,0.00016394265248234716,1.1231619084575e-06,1.531757886549657e-05,2.1731701270312085e-09,6.008664184680101e-07,0.010926937740442004,1.882558889943928e-09,1.5101074073471957e-06,6.78819782876552e-09
19,1.7272026672773453e-06,1.2490971179787611e-07,1.328124671466392e-06,8.730585450687174e-07,5.995832255827616e-10,4.870283120607852e-06,1.4497173919583512e-06,0.9901754954244918,9.043135815938158e-06,5.722564462783067e-06,2.8439165719560944e-08,0.000782850419116682,6.126859483964609e-07,1.6510158962900784e-10,2.401815075068777e-06,7.152695908648882e-05,0.00012605891752768877,5.275334317153732e-07,9.672713598340183e-06,1.708058707929252e-09,3.7106066428992854e-07,0.008803995331094607,1.0533997036819e-09,1.3115625325495763e-06,4.615736627800143e-09
20,5.856765740822427e-06,2.1374930001896e-07,2.2831307176673567e-06,1.1384069090438407e-06,1.5804658062868373e-09,8.542903989088705e-06,2.2137222265633727e-06,0.9886782553056729,1.2680422300039158e-05,7.659511664777012e-06,2.3111001844363852e-08,0.0006686824728893563,1.3174835242241571e-06,3.44542866180057e-10,1.8976546914943673e-06,0.00012112575291147464,0.0003337523579326522,9.730809757319908e-07,3.99303417163536e-05,2.4231373337285434e-09,5.279871383941713e-07,0.010108858544060894,1.8060364759572087e-09,4.051184062518185e-06,9.95639164107682e-09
21,2.683234064010353e-06,2.3605055815066425e-07,1.4735414987343906e-06,1.4460044983724518e-06,7.864185984496067e-10,5.948019132351362e-06,1.2284137859230593e-06,0.9891776417223248,9.045031453937977e-06,4.5669657900964705e-06,6.188531831683282e-08,0.0010967800566483378,6.921204183035482e-07,4.392192539698076e-10,5.391432513387619e-06,9.769658834354516e-05,0.0001359267861415901,1.5091905005635483e-06,1.3088651296233402e-05,2.748553563722374e-09,7.129543170236466e-07,0.009442464881543844,2.0971133774466086e-09,1.3939530820555865e-06,6.445465695403677e-09
22,2.4888136280579486e-06,1.985585914241117e-07,1.594519229753543e-06,1.2302689234798742e-06,7.555151837472176e-10,5.0854988266610555e-06,1.229497475211012e-06,0.9882927280581412,8.939302178463013e-06,5.65150589575995e-06,6.145849034402821e-08,0.0008552236879061384,6.861120599031385e-07,3.2703962020592563e-10,4.617417896996513e-06,8.743983053556963e-05,0.00021726422651761882,1.4434733547587297e-06,1.3821221448109985e-05,2.9440859891474345e-09,7.502815475070768e-07,0.010498037475689129,2.1015153964910446e-09,1.496155826458091e-06,6.507681246975781e-09
23,2.240772473326787e-06,2.4495096114134023e-07,1.39639905225147e-06,1.1788922742179521e-06,7.604647734590601e-10,6.421919442476616e-06,1.2521502275526208e-06,0.9883935096868262,1.0624257712728628e-05,4.946093748353379e-06,4.38836582055061e-08,0.0008009256375927247,6.05826377842761e-07,2.7329067161172046e-10,4.3122801923811076e-06,8.735713988542523e-05,0.00015520924122413044,1.0994346458382342e-06,1.495065296285239e-05,2.142007894590366e-09,5.881435663747056e-07,0.010511614391735749,1.8158372176861178e-09,1.4668672079293246e-06,6.386631823025933e-09
24,2.5037192678966834e-06,2.8930117999070516e-07,1.4801032148574881e-06,1.5194226308392016e-06,8.629757613246747e-10,6.012902630364562e-06,1.1444856058561652e-06,0.9876437465096434,1.0631391656247199e-05,5.114094608102415e-06,5.534190524505301e-08,0.0008761758371253833,6.719246200303425e-07,3.207897736147116e-10,4.449288103228328e-06,8.470439611933745e-05,0.0001507232875576943,1.1666119814185397e-06,1.4553961599989024e-05,2.556976154831362e-09,5.590440644746037e-07,0.011193160038827116,1.8252358617380975e-09,1.3254685031059046e-06,7.303177836492939e-09
25,1.8482020180327718e-06,9.256706551001501e-08,1.1965904416635695e-06,8.036768272250301e-07,4.5931023362628617e-10,2.211938278774874e-06,9.59620395346123e-07,0.9934946259395439,5.406702454617638e-06,4.0528158129095895e-06,4.6595435296471634e-08,0.0008177485447197985,6.159117156878699e-07,2.484757974564596e-10,3.0292064792128675e-06,4.921922638488444e-05,0.0001044090458894535,6.503687379380393e-07,5.644198713447228e-06,2.186794688916019e-09,3.7633900120209287e-07,0.005506134361896753,1.0525707630693621e-09,9.20268913880849e-07,3.932123059173861e-09
26,2.8042788374854483e-06,2.4036446915130367e-07,1.1409518841215205e-06,1.0285490689123725e-06,8.150419615820303e-10,7.073206182119471e-06,1.2852030649751015e-06,0.9902210493687995,1.4229107296570512e-05,5.6646792343423385e-06,3.534154904229105e-08,0.0005063822589886973,6.32696384491615e-07,2.4141070252223004e-10,3.94576716417939e-06,8.063076955713505e-05,0.00019541923555542717,1.2802132403707033e-06,1.957458975272575e-05,2.0430541904409726e-09,5.457713513931206e-07,0.008935111449919018,2.369389816205244e-09,1.913351477356062e-06,7.377326101478899e-09
27,2.0782743848973513e-06,3.0189043376652744e-07,1.1161478944058515e-06,1.2153524137328983e-06,6.920735438804063e-10,6.6522799399255105e-06,1.1116746268136805e-06,0.9866781792700389,1.3278901922471455e-05,4.924314310884829e-06,4.259054688410838e-08,0.000678619413831864,4.611339989846543e-07,2.0771920794005305e-10,4.3707985551217835e-06,7.128485143547966e-05,0.0001354923371698428,8.925917056963498e-07,1.4875202074374782e-05,1.6234581844738823e-09,4.285297365538474e-07,0.012383509662204842,1.593585762845607e-09,1.1534998250815876e-06,7.166112828408881e-09
28,2.240772473326787e-06,2.4495096114134023e-07,1.39639905225147e-06,1.1788922742179521e-06,7.604647734590601e-10,6.421919442476616e-06,1.2521502275526208e-06,0.9883935096868262,1.0624257712728628e-05,4.946093748353379e-06,4.38836582055061e-08,0.0008009256375927247,6.05826377842761e-07,2.7329067161172046e-10,4.3122801923811076e-06,8.735713988542523e-05,0.00015520924122413044,1.0994346458382342e-06,1.495065296285239e-05,2.142007894590366e-09,5.881435663747056e-07,0.010511614391735749,1.8158372176861178e-09,1.4668672079293246e-06,6.386631823025933e-09
29,2.240772473326787e-06,2.4495096114134023e-07,1.39639905225147e-06,1.1788922742179521e-06,7.604647734590601e-10,6.421919442476616e-06,1.2521502275526208e-06,0.9883935096868262,1.0624257712728628e-05,4.946093748353379e-06,4.38836582055061e-08,0.0008009256375927247,6.05826377842761e-07,2.7329067161172046e-10,4.3122801923811076e-06,8.735713988542523e-05,0.00015520924122413044,1.0994346458382342e-06,1.495065296285239e-05,2.142007894590366e-09,5.881435663747056e-07,0.010511614391735749,1.8158372176861178e-09,1.4668672079293246e-06,6.386631823025933e-09
30,2.240772473326787e-06,2.4495096114134023e-07,1.39639905225147e-06,1.1788922742179521e-06,7.604647734590601e-10,6.421919442476616e-06,1.2521502275526208e-06,0.9883935096868262,1.0624257712728628e-05,4.946093748353379e-06,4.38836582055061e-08,0.0008009256375927247,6.05826377842761e-07,2.7329067161172046e-10,4.3122801923811076e-06,8.735713988542523e-05,0.00015520924122413044,1.0994346458382342e-06,1.495065296285239e-05,2.142007894590366e-09,5.881435663747056e-07,0.010511614391735749,1.8158372176861178e-09,1.4668672079293246e-06,6.386631823025933e-09
31,1.8946693476216975e-06,9.87050156907913e-06,5.801491849950209e-07,1.8569582351547367e-05,9.999517806454034e-09,0.0009964838485078662,4.587033266853e-05,0.16550303926568138,0.00011829685645168559,3.320727283719589e-05,2.72668698447314e-07,0.008510050974018656,1.3030036956917407e-07,4.8989411540528095e-09,7.463754777963054e-05,0.00042362696475507864,0.0008934996383857399,2.2538699354964304e-05,6.233248364137836e-05,3.811092690989944e-09,7.861876384162516e-06,0.8232649180691455,1.3140877636063115e-07,1.1206710885365846e-05,9.614696534922578e-07
32,2.4551573125227247e-06,2.7980587212867486e-07,1.5202873403322907e-06,1.2010558198673606e-06,8.401954499590106e-10,6.76017975040629e-06,1.2076887807639785e-06,0.9882438912002718,1.1270632806898308e-05,5.082714481663291e-06,4.492120503660405e-08,0.0007514135765126274,6.407893027209819e-07,2.8329238658794016e-10,4.4218461053428785e-06,9.093328201566004e-05,0.00016485467537429203,1.142820073134429e-06,1.794248177960298e-05,2.190516087256404e-09,5.996099935188663e-07,0.010692779113049753,1.869300067835476e-09,1.546276879441945e-06,6.70196847702373e-09
33,1.5331889948310101e-06,2.1006756261553826e-07,1.0262819043537987e-06,1.0010182449227428e-06,6.482897869605486e-10,4.398890724276859e-06,1.0307414873913944e-06,0.9909604203218685,1.2232472051625318e-05,4.199211153598807e-06,6.852794521094444e-08,0.0008513899792190173,3.8042833474090164e-07,2.425160271987872e-10,7.092408572062932e-06,5.3168501423650325e-05,7.629772726020405e-05,9.318781316802314e-07,6.736108280297498e-06,1.9150206955945267e-09,5.323586075019343e-07,0.008016649997233978,1.8407516766030944e-09,6.890669604067482e-07,6.177460825637729e-09
34,3.6399282918635326e-06,2.408518764756408e-07,1.6012191513559143e-06,1.0552221686443338e-06,8.322444678574281e-10,4.075351378355966e-06,7.720841392024896e-07,0.9917401195485501,9.42097688240496e-06,4.3080508163648355e-06,4.520053306166012e-08,0.0005290012316299259,6.863386016935876e-07,2.729580983790393e-10,3.537050754128538e-06,7.231307564551124e-05,0.00014632994318268544,9.283785135789003e-07,2.0621532615154032e-05,1.910637632973473e-09,4.37403271127851e-07,0.007459677129023307,1.2301046653094531e-09,1.18009835240443e-06,5.1386777602344216e-09
35,1.780803154130761e-06,1.8007119376951364e-07,6.091807261068408e-07,6.419911819551535e-07,3.9314787647807934e-10,2.846222598666261e-06,4.0654785253175626e-07,0.992846771013553,1.34394779496134e-05,2.787251389326076e-06,2.043340431641967e-08,0.00023089851621502366,2.5278055003093333e-07,5.371791170016334e-11,1.9106264368192568e-06,3.1366784558374706e-05,6.683063729922234e-05,3.06661700007837e-07,1.1264955477648076e-05,5.866725445711671e-10,1.2605509434388497e-07,0.006787177721247877,4.4086766496364597e-10,3.777089469020594e-07,3.0850643702157733e-09
36,7.996920325396415e-06,3.6976158612334798e-06,9.376281931136168e-06,4.188199455185419e-06,5.9356283077417736e-09,5.1069331722236534e-05,4.3063404406578856e-07,0.9943759605560927,4.2139434638296895e-05,2.3692970555356643e-05,6.500647962520904e-08,9.682390723845556e-05,3.4660415156850932e-06,2.6245192203725603e-10,1.3301273356735305e-05,0.0003344178907589025,8.952164242260432e-05,3.457808702715096e-06,0.0004010039679174098,7.011114889842478e-09,1.9539074193387572e-06,0.004530980301528333,1.1912923021219129e-08,6.4252207369974115e-06,5.965179200212884e-09
37,4.637025227351959e-06,2.7240211377350765e-07,2.4157870676183493e-06,1.7214456205081537e-06,1.2475522080437321e-09,8.288352789918568e-06,2.494429817480353e-06,0.985483081793504,9.33607787146061e-06,6.608063002602994e-06,6.75294342840011e-08,0.0014796002498529786,1.1285950774627048e-06,8.638254319821149e-10,5.661561090582118e-06,0.00014920157335537626,0.00031593719871316096,2.1884156874169663e-06,2.1249065737954938e-05,4.105985933143993e-09,1.3507288413901524e-06,0.012501158876403497,3.894708639903342e-09,3.5797413085922947e-06,1.0975410571657319e-08
38,2.11047737102287e-06,2.416700713041281e-07,1.5710422906594598e-06,1.2958437208491814e-06,8.228599355482953e-10,1.1691838144392937e-05,1.827674604898428e-06,0.9867390152384128,1.1134070092981251e-05,5.759077948593387e-06,4.450223568662013e-08,0.0010484437210020543,6.979063785195704e-07,3.3603270132806914e-10,5.498218678201361e-06,0.00014318401974641024,0.0001760288811511542,1.6842901023225976e-06,1.8641524279315738e-05,2.5499090922139607e-09,1.00771112826105e-06,0.011827961659359275,2.7317733331604538e-09,2.1481102145650906e-06,6.0824917191662826e-09
39,1.4730876310144947e-06,2.0162040985175751e-07,1.5507528734860464e-06,9.419895352268269e-07,6.321336227803352e-10,8.62750853025966e-06,1.0901488318108332e-06,0.9885299260154531,9.712448672131989e-06,3.716301759541598e-06,2.8310791622977242e-08,0.0008271767463577348,5.85566949148476e-07,1.6175815994152315e-10,3.4988581203103044e-06,0.0001264939899103442,0.00015580527948943162,1.114069631052057e-06,1.5966143739822497e-05,1.8539270609873447e-09,8.494417836625499e-07,0.010309884020141654,1.5764642285016353e-09,1.3499418365737608e-06,3.533269543886444e-09
40,3.5295279084009044e-06,3.495766515525247e-07,2.7753202758096008e-06,1.2701650378164318e-06,1.3709392452877938e-09,4.6157536625067025e-06,1.5249075274860318e-06,0.9851880440548274,9.363784074751142e-06,5.074704859999721e-06,7.416131117570509e-08,0.001428365964701636,8.169292474790543e-07,6.149454954208805e-10,5.425398089370108e-06,8.836284244163451e-05,0.0002013966875580288,9.799505578761603e-07,1.788133498268985e-05,2.850101409794494e-09,7.431473081057016e-07,0.01303772707369642,1.742831738409562e-09,1.6619418230855668e-06,1.0194638764809118e-08
41,1.4940324510303461e-06,2.918986910962802e-07,1.0667216942744234e-06,1.010078012167659e-06,6.669285956508707e-10,4.5907687402471615e-06,3.7227057952007486e-07,0.9937838266793771,1.139554302230977e-05,3.2940925317853025e-06,3.704782983719187e-08,0.00036166650362548476,4.863753349323599e-07,1.3159141474662977e-10,3.824429624826145e-06,6.285400809998407e-05,5.6218708094851684e-05,8.293569518559698e-07,1.54454093204297e-05,1.5984327381968834e-09,2.845728671340789e-07,0.005690451194346095,8.684789445215437e-10,5.541836292143479e-07,2.8597441495810198e-09
42,3.438812867010592e-05,1.354882134209329e-07,2.6053815672859696e-06,2.35228752883348e-06,8.011597156299492e-09,6.62552139563037e-06,2.8711972361044737e-05,0.9897717690327292,1.2683472822729471e-05,4.2090973973747775e-05,5.356405043200344e-07,0.005850668967350056,5.8641192752705635e-06,5.1952823293230275e-08,3.2790760116763494e-05,9.885054699508866e-05,0.0004773254063820332,1.3220822964394265e-05,1.075593700265352e-05,3.2800534304245434e-08,3.2215138710305165e-06,0.003571239771056194,7.58572553684983e-08,3.381145652790773e-05,1.841764821556725e-07
43,2.1984899316394262e-06,2.388414614191162e-07,1.390888971887797e-06,1.1684025264095474e-06,7.520174829625479e-10,6.4838796194858155e-06,1.244887610278606e-06,0.9885031372742901,1.062376477704624e-05,4.995650739335214e-06,4.279322931491836e-08,0.0007878402380497331,6.076951376136442e-07,2.635031594716307e-10,4.230160004134702e-06,8.820755174221415e-05,0.00015507996922528835,1.0893905889076395e-06,1.4944503344706513e-05,2.1325889970537647e-09,5.904633620503956e-07,0.010414408378323558,1.8008639781635346e-09,1.4656558744876483e-06,6.172216828695465e-09
44,2.240772473326787e-06,2.4495096114134023e-07,1.39639905225147e-06,1.1788922742179521e-06,7.604647734590601e-10,6.421919442476616e-06,1.2521502275526208e-06,0.9883935096868262,1.0624257712728628e-05,4.946093748353379e-06,4.38836582055061e-08,0.0008009256375927247,6.05826377842761e-07,2.7329067161172046e-10,4.3122801923811076e-06,8.735713988542523e-05,0.00015520924122413044,1.0994346458382342e-06,1.495065296285239e-05,2.142007894590366e-09,5.881435663747056e-07,0.010511614391735749,1.8158372176861178e-09,1.4668672079293246e-06,6.386631823025933e-09
45,3.1050720901487126e-06,3.7452642792972514e-07,1.680719175342546e-06,1.618928038260958e-06,1.001862564439921e-09,7.623136765774137e-06,1.4118790040436945e-06,0.9842912153327938,1.2641657468502833e-05,5.706222637266343e-06,6.06771724667844e-08,0.0009772990772763655,6.90357221155798e-07,3.941127886975521e-10,5.408329921529355e-06,9.759488215507708e-05,0.00021298211021661469,1.4579397962111897e-06,1.944952053498952e-05,2.633371327582521e-09,7.499867341016659e-07,0.014357112666913738,2.614593746762118e-09,1.8002104889368056e-06,1.012322740900165e-08
46,2.4214010917058165e-06,2.315863987132725e-07,1.4554612513215153e-06,1.1924894627943406e-06,7.520306874757852e-10,6.253149321679713e-06,1.3153476049680062e-06,0.9877456927039966,1.0286489611331712e-05,5.069095114751449e-06,4.2354173948932654e-08,0.0008138074568507931,6.339272516701013e-07,2.645253478712374e-10,3.862944891889447e-06,8.827447823324986e-05,0.0001800286974096301,1.0471107083383757e-06,1.5219654010759541e-05,2.142690031697453e-09,6.007993351739716e-07,0.011121003185465762,1.7826251262799112e-09,1.5502228587912091e-06,6.503084928099823e-09
47,3.3213230861419987e-06,1.5823924458160443e-07,1.7010160870896884e-06,1.0820792347899713e-06,6.338583118211625e-10,5.277058931458715e-06,1.337608102011484e-06,0.9884053764694162,7.970276361323657e-06,4.905597897890222e-06,2.8635907087479987e-08,0.0007699191063644772,7.35861106240203e-07,2.0912025395410355e-10,2.159696874871476e-06,9.398922128504221e-05,0.00020984999682085458,6.784170084633026e-07,1.7001744297309344e-05,1.6036967417650968e-09,5.122052479022822e-07,0.010472267824379539,1.158734732997794e-09,1.7191983530002506e-06,4.818583656896006e-09
48,1.3869597856380372e-06,3.7596123014762763e-07,1.0962871589796247e-06,2.0592251355708294e-06,8.820233384441514e-10,6.8217494069973975e-06,1.2018789365880525e-06,0.9861086356880371,1.2833257723386558e-05,3.666299938229012e-06,1.3146572134238135e-07,0.0019513789735583795,4.099130788790621e-07,5.741585976887919e-10,1.3008674097380354e-05,8.034479766772318e-05,5.776964215480532e-05,1.9230413078453974e-06,5.905018486887108e-06,3.1689100663822074e-09,7.986484141705574e-07,0.011749611502482967,2.7388022455312738e-09,6.248072413898822e-07,8.844541286108736e-09
49,1.7626346332977154e-06,2.3980485363680884e-07,1.4997285577692653e-06,1.1543611012854943e-06,7.236547025514885e-10,6.736894980998788e-06,1.2925721909110498e-06,0.9864438622378185,1.0595081610870252e-05,4.872349971865682e-06,3.888550370095741e-08,0.0008874638999397018,5.616505763271449e-07,2.0398204533500842e-10,3.7063842244074044e-06,8.908453129540742e-05,0.0001454420707005963,8.215090594050985e-07,1.3413930662316453e-05,1.9419229952189783e-09,5.490297183374538e-07,0.012385629109563683,1.4270211930608014e-09,1.2634006740004205e-06,5.635782120390321e-09
50,2.2805201943294397e-06,2.0451986650880319e-07,1.3486428110963859e-06,1.0917807212049273e-06,7.097913544735872e-10,5.667969450724617e-06,1.2796224236729108e-06,0.9894377777102932,9.760891888073876e-06,5.060780299315586e-06,4.1187939087821794e-08,0.0007708156144133155,6.177898792011469e-07,2.65696734587174e-10,3.859864565938077e-06,8.109978999762742e-05,0.00015089804186042567,9.780615670289783e-07,1.3660100805581137e-05,2.075035261723424e-09,5.245817120209116e-07,0.009511547835622676,1.6426625591949699e-09,1.4739700151006717e-06,6.030487918317473e-09
51,3.344044900522934e-06,7.837842992983465e-08,2.304586190674701e-06,5.789371559198146e-07,1.0687963274752014e-09,7.809029326393142e-06,3.0910097200791567e-06,0.9913256249444207,8.587505906251767e-06,8.316762376203413e-06,2.1528329293343016e-08,0.0010323823923900355,1.3785768490025396e-06,3.4314255213910204e-10,2.27828706625856e-06,0.00015151815495245195,0.00035544562409244376,1.2062582161972338e-06,2.1949934820844973e-05,2.951462944241636e-09,1.0016191176468802e-06,0.0070679037118956374,2.34909482906485e-09,5.166515804083826e-06,5.485542682274712e-09
52,2.576044049498498e-06,3.005325025865e-07,1.7479784514031302e-06,1.2461416330149772e-06,8.629269963576434e-10,6.50495042900867e-06,1.4966873754247399e-06,0.9853618973865323,1.1144149544601393e-05,4.861868324137582e-06,4.730714394257768e-08,0.0009346805852195911,6.305557621540344e-07,3.103178518932649e-10,4.358542066298226e-06,8.994316514056983e-05,0.00021014388294133093,1.06739073099761e-06,1.625063901243671e-05,2.1911009235928213e-09,7.059914404344829e-07,0.013348661055271153,2.083313767825012e-09,1.7212166168784107e-06,8.482152737156756e-09
53,2.2214819667133765e-06,2.416445392059772e-07,1.3946746119355613e-06,1.1849163013657495e-06,7.617011300246878e-10,6.4776564860392775e-06,1.2856850265754466e-06,0.9883553728786226,1.0583677934604301e-05,4.977794185058299e-06,4.439503086773684e-08,0.0008222851745319159,6.091327664203881e-07,2.7956488615307055e-10,4.370723953728242e-06,8.815963588733651e-05,0.00015578080025492345,1.1218537082252172e-06,1.4634534556290169e-05,2.1847818511342554e-09,6.016237607863249e-07,0.01052715276050335,1.8616372517811264e-09,1.4874154163814454e-06,6.452270644927693e-09
54,2.7971862447075742e-06,5.005774766500942e-07,1.2733255476677734e-06,1.669768819480124e-06,9.541452981578237e-10,9.351821594845311e-06,1.7661447210129906e-06,0.9802935808143992,1.6225495142925177e-05,5.687142876738961e-06,5.70503294263848e-08,0.0008704480663371126,4.431952572350904e-07,3.4917884981311397e-10,6.149880640270244e-06,8.279760136033655e-05,0.00016396443599434922,1.0590628589218983e-06,1.8899208646037472e-05,1.7092126281818906e-09,5.157482486555677e-07,0.018521259012972656,2.1345350444094345e-09,1.5364336558275125e-06,1.287980406837545e-08
55,1.6833593612143634e-06,1.511775603823074e-07,1.139612535184748e-06,9.346309098606767e-07,6.452400618499785e-10,5.987791441150954e-06,1.3174940028457325e-06,0.9902529945018583,9.114229985902199e-06,4.295696453384743e-06,3.396491348302882e-08,0.0010632204433562845,6.030768004560554e-07,2.6181891159644947e-10,3.6437905702408988e-06,8.944917874369688e-05,0.00011560737864899429,1.0293959444522658e-06,1.0164239214670131e-05,2.0475346746863357e-09,5.295460080461691e-07,0.008436748593357387,1.5106698792798621e-09,1.3425543937067043e-06,4.878676674052818e-09
56,2.225524784882138e-06,2.1999267160688992e-07,1.3930251330887892e-06,1.1376035555513191e-06,7.429471117216964e-10,6.17250194084072e-06,1.2356117870658163e-06,0.9893700243064455,1.0250181630277274e-05,5.0389390219167e-06,4.143146258625517e-08,0.0007659896396253988,6.445429192777286e-07,2.626740244620947e-10,3.948980020773073e-06,8.668992023909567e-05,0.0001511490705573921,1.0424639000740007e-06,1.4539072317840324e-05,2.1778364951606776e-09,5.591251980889378e-07,0.009576209022792468,1.7322587508392295e-09,1.4782011063926274e-06,5.927173649058904e-09
57,1.7501068827144017e-06,1.724526469838756e-07,2.230821993264203e-06,8.401880237910187e-07,8.695760317405674e-10,5.671356209669094e-06,1.3026404802161077e-06,0.9891720239410393,9.061436307103167e-06,5.096326123530451e-06,3.355167262158925e-08,0.0010276928327071736,7.877031436027093e-07,2.1454385000240247e-10,3.0246501270405776e-06,0.00010307393773979938,0.00015491043454697506,7.174440249359624e-07,1.4068659941262846e-05,2.2747580897994042e-09,6.469816681095623e-07,0.009495406002968484,1.256178293615378e-09,1.4795117173578246e-06,4.404979822185036e-09
58,2.275202337039928e-06,2.272124342147719e-07,1.4430433595432349e-06,1.1360890826454273e-06,7.633102824402225e-10,6.601192667382641e-06,1.354963899641067e-06,0.9889979708428037,1.0302890547057456e-05,5.430562601617589e-06,4.0078147125934814e-08,0.0007800678141541978,6.803308256082711e-07,2.799568412440086e-10,4.015878078792888e-06,9.164333890899985e-05,0.00016455171031667793,1.0955041975357674e-06,1.5575152484473215e-05,2.2860264204679055e-09,5.870641258940111e-07,0.009913233571465382,1.9079053844166647e-09,1.7560477328517072e-06,6.272630831715019e-09
59,2.2638499226086498e-06,2.171319572388545e-07,1.5463520243231994e-06,1.0828553551511248e-06,7.689862665283023e-10,6.042851443409808e-06,1.3339411121789695e-06,0.9893128798432466,9.79550759826594e-06,5.1754190452889195e-06,3.9738688284478685e-08,0.0007965883180915467,6.944095859841246e-07,2.770473752742018e-10,3.838036843742151e-06,9.006848361350877e-05,0.0001644934262535517,1.025077538252277e-06,1.4944169150699076e-05,2.3011275264926527e-09,5.934200587755579e-07,0.009585663280045127,1.7941001264329846e-09,1.7027465629122284e-06,6.000601228941792e-09
60,2.240772473326787e-06,2.4495096114134023e-07,1.39639905225147e-06,1.1788922742179521e-06,7.604647734590601e-10,6.421919442476616e-06,1.2521502275526208e-06,0.9883935096868262,1.0624257712728628e-05,4.946093748353379e-06,4.38836582055061e-08,0.0008009256375927247,6.05826377842761e-07,2.7329067161172046e-10,4.3122801923811076e-06,8.735713988542523e-05,0.00015520924122413044,1.0994346458382342e-06,1.495065296285239e-05,2.142007894590366e-09,5.881435663747056e-07,0.010511614391735749,1.8158372176861178e-09,1.4668672079293246e-06,6.386631823025933e-09
61,2.3430847736936126e-06,2.3526920517539066e-07,1.5851280647383222e-06,1.102142117306459e-06,8.115851911134176e-10,6.393155484789373e-06,1.360349388816516e-06,0.9887200638482212,1.0463186770685087e-05,5.250497692870903e-06,4.182692325824485e-08,0.0008183996902066464,6.828558105512245e-07,2.862391771086886e-10,4.106649201375779e-06,9.19489578607827e-05,0.0001698149755456842,1.0638280583701697e-06,1.5847594106971805e-05,2.284468933093711e-09,6.240054927507608e-07,0.010146952542275642,1.891181488261306e-09,1.708702242965866e-06,6.437081208150698e-09
62,2.240772473326787e-06,2.4495096114134023e-07,1.39639905225147e-06,1.1788922742179521e-06,7.604647734590601e-10,6.421919442476616e-06,1.2521502275526208e-06,0.9883935096868262,1.0624257712728628e-05,4.946093748353379e-06,4.38836582055061e-08,0.0008009256375927247,6.05826377842761e-07,2.7329067161172046e-10,4.3122801923811076e-06,8.735713988542523e-05,0.00015520924122413044,1.0994346458382342e-06,1.495065296285239e-05,2.142007894590366e-09,5.881435663747056e-07,0.010511614391735749,1.8158372176861178e-09,1.4668672079293246e-06,6.386631823025933e-09
63,2.3696519764146593e-06,3.1224730504598454e-07,1.4241591420387707e-06,1.2956197775755676e-06,8.413887420701959e-10,7.104430361670106e-06,1.2192642527457524e-06,0.9874783998085348,1.2152371575292052e-05,5.0581683129637485e-06,4.908827085778053e-08,0.0007552329373544179,5.897097913489282e-07,2.861461926778228e-10,4.9194723972101775e-06,8.810319150902066e-05,0.00015896872007475246,1.191924908206198e-06,1.7134285624108308e-05,2.1805304107730037e-09,6.049561565773198e-07,0.011462408377229429,1.9996970349691517e-09,1.4490260200338806e-06,7.281662919337743e-09
64,2.3862416571161476e-06,2.7564974446888545e-07,1.8407599591538226e-06,1.2857213382809315e-06,9.200745426272787e-10,7.448138093468299e-06,1.461290657771506e-06,0.9868472607519789,1.1025706597421101e-05,5.2467555450913376e-06,5.009103552535306e-08,0.000980871792025964,7.018211269735111e-07,3.2732650006998255e-10,4.92051462264875e-06,0.00010825565621992462,0.00018938073780259374,1.271746925002578e-06,1.6580548616462606e-05,2.574045946023661e-09,8.751673802071613e-07,0.011817114786591155,2.298242984412215e-09,1.7330922427768099e-06,6.910148898978032e-09
65,2.402245750635132e-06,3.4689749475008386e-07,1.5863742588679682e-06,1.5125688998523736e-06,9.509316744622061e-10,8.838334739626711e-06,1.5345844342850738e-06,0.985358176732791,1.2514750890534827e-05,5.333278837730674e-06,5.459299711651686e-08,0.0009804361039306502,6.570167797642088e-07,3.714222743209471e-10,5.699131436761003e-06,0.00010900318007978344,0.00018784261479255377,1.5754907037808825e-06,1.767635527862531e-05,2.7179172013502843e-09,8.316010207201899e-07,0.013302148054006068,2.713086744333463e-09,1.8146428797541039e-06,8.694639040614057e-09
66,2.5855368325875536e-06,1.1008164320499029e-07,2.155502255769656e-06,7.39391371702635e-07,9.093220301839525e-10,4.3402450962833356e-06,1.2952080283340255e-06,0.9932192371462557,8.088206890289098e-06,5.543271983597927e-06,2.4455976345664365e-08,0.0006236613021148906,1.0685450136026455e-06,1.944945756054066e-10,1.7607609690492405e-06,9.082904214958988e-05,0.0001604643272051954,5.712289373728988e-07,1.5877333781864805e-05,2.3082866266727133e-09,4.422204030777488e-07,0.005859471034713456,9.636370293049737e-10,1.7271268826372598e-06,3.6557551778874554e-09
67,2.928044558673428e-06,7.338698443349154e-07,2.0909624310709604e-06,2.934745859315984e-06,1.4598562065865966e-09,2.3446785587227457e-05,3.3759054255182794e-06,0.970485193894573,1.767417749704565e-05,7.0416791593058765e-06,9.726325304847292e-08,0.001832047596837144,8.236081798330852e-07,8.415482494373004e-10,1.1886614733525105e-05,0.00020126409710374412,0.00038909877069334675,4.320188071750828e-06,2.61831813485906e-05,5.099866819718836e-09,2.3936992741314567e-06,0.026982602195452704,9.51927427824155e-09,3.82366727308733e-06,2.2132297946638024e-08
68,1.264201410264414e-06,1.5004147025807275e-07,1.035508248399208e-06,1.0379396479130202e-06,5.561017851498039e-10,6.626918198486797e-06,1.4843719586188303e-06,0.9897708419818759,7.961229784268741e-06,4.181017811529717e-06,4.205353601880463e-08,0.0011288821403317285,5.221554099013379e-07,2.6312259442445843e-10,4.855221221974041e-06,9.167143870828335e-05,0.00011099404876724758,1.2657261607745642e-06,7.773259352815362e-06,2.4295682149010187e-09,6.939813485371242e-07,0.008857455646927805,1.833197844536781e-09,1.2514394774558968e-06,4.596361279725021e-09
69,1.621944658938159e-06,3.077433688463458e-07,9.213159047538055e-07,1.8843756171720248e-06,7.53001894812271e-10,6.415560345569473e-06,1.140050022400063e-06,0.9852923163621371,1.2751124619528874e-05,4.560884570469949e-06,1.3623380885185978e-07,0.0011859661315108668,4.141691973432786e-07,4.123057810167865e-10,1.1582190215305867e-05,7.140997895685622e-05,0.000147789314661011,2.624396325680265e-06,7.557342076484292e-06,3.6879685941795453e-09,1.0364671973399538e-06,0.013248791657971638,3.7712999013173504e-09,7.542449376165272e-07,9.88732011004985e-09
70,1.4258843086778424e-06,1.946218017501912e-07,1.2745338894635774e-06,1.220617876349326e-06,6.461542647311193e-10,7.596356000631264e-06,1.1997968518628609e-06,0.9893910775687328,1.0945130909207214e-05,4.583036609467747e-06,3.756701284797217e-08,0.0008731823827550844,5.45316430982934e-07,1.7848202140717085e-10,3.7643421486117222e-06,9.347529844323585e-05,9.159463225832705e-05,8.933870906248004e-07,1.0375868795688194e-05,1.970414090212461e-09,5.263403349793001e-07,0.009505065367125988,1.4268497284546208e-09,1.0132801135222429e-06,4.448609667180342e-09
