,0,1,2,3,4,5,6,7,8,9,10,11,12,13,14,15,16,17,18,19,20,21,22,23,24
0,0.5968925055637315,0.002071502336123463,0.0013640466588427142,3.0503120550335133e-06,0.00019401434349908752,1.5025508620812154e-07,0.001908732692828614,0.08118064716398657,0.00038850138576003847,0.0003152349754970276,2.9115473519512844e-06,0.00044259282376121187,0.00031724968394612497,3.2287538448705595e-06,2.877376531560528e-06,5.695400538341987e-06,0.00020592871304087864,0.0010784000992683433,0.23668811121459862,4.152627249365064e-06,0.00026455171135198016,0.0763133309591048,1.7746548437302774e-07,2.5645451578920835e-08,0.0003523802910658375
1,0.6249678967683463,0.0019454332680379624,0.0012418941529788558,2.9424917451069157e-06,0.00019874903152648925,1.1791266134617834e-07,0.0017237043101345126,0.08401454294953992,0.000575673654293419,0.0003326253595278661,2.4592502419899813e-06,0.0002881541667537911,0.0002881516818434274,2.4985631957805236e-06,2.475022201723393e-06,6.230645225722312e-06,0.00019035250532326302,0.0008064775560054819,0.22062688068725775,3.135453197785612e-06,0.00015531500781600986,0.06232351102204271,1.4468723782762064e-07,2.6155930493776183e-08,0.00030060769693459374
2,0.6147225030282248,0.0018055422771686394,0.001181281812826159,3.0745791354880714e-06,0.0002309875132976489,1.196245368972647e-07,0.0018912648371476703,0.08017435062303166,0.0006098364251519663,0.0003705149512923566,2.734732438541717e-06,0.00028524116890896655,0.00023297437142658314,3.5796883702554e-06,3.232351230741801e-06,4.717686064009305e-06,0.00017694024216723385,0.000931704143799433,0.2039713377069947,4.703582449590097e-06,0.00021936479985458905,0.09268130003539345,2.177923917300047e-07,3.259380980952822e-08,0.0004924434328871912
3,0.6279550762662403,0.0021370073876979226,0.0014064951052157046,3.193453790537135e-06,0.00020147044111673866,1.2420633180564377e-07,0.0017938327642728516,0.07698227482086033,0.0004300941881458125,0.0003110714670464859,3.016258076846656e-06,0.00041017284730437693,0.0002994660655676196,3.4704177662674893e-06,2.8030733777667374e-06,4.915037991343044e-06,0.00021770286358755277,0.0010900279914505203,0.20559436896131844,3.505820928982504e-06,0.00023761445071749783,0.08053208164991531,1.689573441302046e-07,2.7107720234854735e-08,0.00038001839621462375
4,0.6083063810784057,0.0024839127665053405,0.001512368298816974,3.543412970657675e-06,0.00021738882686836707,1.3841169481892015e-07,0.0019067208118409649,0.07779950008137318,0.0004451284893712778,0.0003175300840036212,3.5889513193704757e-06,0.0005231210766353351,0.00040094708173181334,4.383967764176344e-06,2.7730443739735986e-06,5.303053003635801e-06,0.0002579403960404986,0.0012567524713090834,0.21683092073972288,3.7743607507134533e-06,0.0002472388629233447,0.08706125523608976,1.887192329404005e-07,2.7825175288997546e-08,0.00040917195207629503
5,0.6903499888754232,0.0015657387889799828,0.001302642786479699,3.877990308860085e-06,0.0001744139589656477,1.1007455458691745e-07,0.0017110620768801233,0.07532910132455535,0.0004115425309922561,0.00033793134213776113,2.763767242118469e-06,0.00040937373094443994,0.0002664639164393687,3.778341079398415e-06,2.2353934770029983e-06,4.965418986776773e-06,0.0002397595840338239,0.0016173163325714794,0.15216320076320974,4.245351943759667e-06,0.00023867855915617734,0.07342293326035666,1.8888877813432697e-07,3.3309777189794994e-08,0.00043765363272636087
6,0.6279550762662403,0.0021370073876979226,0.0014064951052157046,3.193453790537135e-06,0.00020147044111673866,1.2420633180564377e-07,0.0017938327642728516,0.07698227482086033,0.0004300941881458125,0.0003110714670464859,3.016258076846656e-06,0.00041017284730437693,0.0002994660655676196,3.4704177662674893e-06,2.8030733777667374e-06,4.915037991343044e-06,0.00021770286358755277,0.0010900279914505203,0.20559436896131844,3.505820928982504e-06,0.00023761445071749783,0.08053208164991531,1.689573441302046e-07,2.7107720234854735e-08,0.00038001839621462375
7,0.6115703440863356,0.002047864567157891,0.0016873633790346974,2.817157517236968e-06,0.00016562682471992616,1.1101601956794588e-07,0.001514521990560799,0.08323861155844318,0.00031631823632421335,0.00023510321433688728,3.0338358003966252e-06,0.00034807099324771744,0.00037511117644597477,2.3664639775993713e-06,2.450011635591186e-06,4.017789566178776e-06,0.00018771983495193158,0.0007940207412991964,0.23133642429865447,2.70935512298404e-06,0.00019353606965749013,0.06575371898922744,1.153311194189158e-07,2.271895492991678e-08,0.00021800035988846662
8,0.7122738394252649,0.001969537258784641,0.0017540139585200609,5.432117209398018e-06,0.0002764660829846487,1.1643983488695928e-07,0.0016343535683592206,0.06248631617322215,0.0008255693416763058,0.0005397857107398362,4.0047097954389494e-06,0.00023798870308668247,0.00017101502190196315,5.845312751873016e-06,4.552629982450758e-06,3.9622423178104725e-06,0.00022635329113018644,0.0011729145451490253,0.11365640551614734,4.327904054622896e-06,0.0003029429149021251,0.10175023603678443,2.6295850916396076e-07,8.382667603540259e-08,0.0006936743102146314
9,0.6974102172027627,0.0013782394049095133,0.0020509190970344816,4.894553906939135e-06,0.00017728768832389247,1.0469820248072963e-07,0.0010485960179520196,0.07906848919145917,0.0004475642719172475,0.0004188043735402275,3.360283711607814e-06,0.00023057323750178384,0.0002274673140471365,3.4782120761264626e-06,2.8489841580448327e-06,4.1505527026040695e-06,0.0002205279845633052,0.0009629604220872491,0.14115104382048305,3.834863584813266e-06,0.0002455422338200971,0.07466396923719869,1.72139898605584e-07,5.7580298244880685e-08,0.00027489663385990646
10,0.6279550762662403,0.0021370073876979226,0.0014064951052157046,3.193453790537135e-06,0.00020147044111673866,1.2420633180564377e-07,0.0017938327642728516,0.07698227482086033,0.0004300941881458125,0.0003110714670464859,3.016258076846656e-06,0.00041017284730437693,0.0002994660655676196,3.4704177662674893e-06,2.8030733777667374e-06,4.915037991343044e-06,0.00021770286358755277,0.0010900279914505203,0.20559436896131844,3.505820928982504e-06,0.00023761445071749783,0.08053208164991531,1.689573441302046e-07,2.7107720234854735e-08,0.00038001839621462375
11,0.6123684773218966,0.002187608460034465,0.0014116779181562245,3.2111317717721626e-06,0.00019561046048869007,1.2724590964038403e-07,0.001805141121326246,0.08102584622471387,0.00041303549815043216,0.00029977088840129343,3.0443108675209417e-06,0.0004368912467650697,0.000338638175593602,3.4074656330154958e-06,2.693023009237818e-06,5.133141265086527e-06,0.00022737731536077478,0.0010733411217187813,0.21820529992962487,3.4476178140810554e-06,0.0002287757259615249,0.07940896572430746,1.6423602166341964e-07,2.558613498066556e-08,0.0003522891090730557
12,0.6017207074432809,0.0018799232910175813,0.0014032772462115582,2.9664976908544303e-06,0.0001530061164731993,1.1353991873490984e-07,0.0016636287259560992,0.08980853947354754,0.00039965831756244916,0.00031041298976739156,2.7392504713123123e-06,0.0003507387087764992,0.0002961624284325601,2.685115705749624e-06,2.725226148779144e-06,4.779680436372725e-06,0.00022320524891567085,0.000867807660091728,0.21519357759178118,3.0792517259190807e-06,0.00021870871485435087,0.0852134017761503,1.3743212319543883e-07,2.544264117416963e-08,0.00027799283031893765
13,0.5825096094874098,0.0032909451810510843,0.002195222872838515,3.98237026181729e-06,0.00029166992577390447,1.1128810189149378e-07,0.001546059198821054,0.06487267506061337,0.00034932078516118593,0.0002169193270696598,1.0115726754599203e-05,0.0006532732449348393,0.0006125843255295515,5.715464032640645e-06,4.919558948194252e-06,4.156333846316917e-06,0.0002550446423384509,0.001013109706762795,0.2516565273249641,2.722758653126031e-06,0.0003099823171420404,0.08989053651883014,2.3583297324529235e-07,3.609291718046843e-08,0.0003045246542705077
14,0.37092789636938117,0.005830271916467524,0.0008116465120870815,5.054635827238506e-07,0.00020846998176063988,1.4571387576011813e-07,0.0008854985617616132,0.02297435372915894,7.043536175204276e-05,6.705484513536914e-05,3.2136172858854255e-06,0.0010643709661791753,0.000549502593824005,1.9788072422495806e-06,1.2850499496988037e-06,2.998529260467495e-06,6.231574818760087e-05,0.0005042225564187316,0.5718254145566136,1.311392767321301e-06,0.0002032499482414102,0.02388495984019544,6.427157594399198e-08,3.5169867998196015e-09,0.00011883015030889319
15,0.6279550762662403,0.0021370073876979226,0.0014064951052157046,3.193453790537135e-06,0.00020147044111673866,1.2420633180564377e-07,0.0017938327642728516,0.07698227482086033,0.0004300941881458125,0.0003110714670464859,3.016258076846656e-06,0.00041017284730437693,0.0002994660655676196,3.4704177662674893e-06,2.8030733777667374e-06,4.915037991343044e-06,0.00021770286358755277,0.0010900279914505203,0.20559436896131844,3.505820928982504e-06,0.00023761445071749783,0.08053208164991531,1.689573441302046e-07,2.7107720234854735e-08,0.00038001839621462375
16,0.6393960175964769,0.002027299102489206,0.0013277585414986567,3.5671638480644415e-06,0.00019029376137865307,1.2749752856790799e-07,0.0020333387381286983,0.07237179134305852,0.0003687383813473207,0.00039135383557409976,3.1002511942014274e-06,0.0005542878075162178,0.0002850214109670406,4.49916441876117e-06,2.66880853601688e-06,5.3981987996359445e-06,0.00025125486389145714,0.0016735653891482686,0.1846000587807463,4.2637266366950574e-06,0.00035127858565554674,0.0936552099499287,1.8902068410466487e-07,2.8127568923454116e-08,0.000498889952979245
17,0.6370641179936822,0.002065577005665003,0.0012865508664519556,3.0278486984066e-06,0.0001868254919608584,1.1516014194014092e-07,0.0017214588571044683,0.07369066502406924,0.0003876568546447182,0.0002942890323058183,2.896657723258758e-06,0.00046049138615028167,0.00030549665046155093,3.591709406299563e-06,2.406544605364379e-06,4.691384710577662e-06,0.00022588986348384617,0.0012412857099135572,0.19971163467051664,3.5012517113159675e-06,0.0002388160426913854,0.08069865790877995,1.698994503028408e-07,2.464315284235933e-08,0.0004001615425182029
18,0.632938016527564,0.0021362549703365205,0.0013140660572596534,3.085760146202327e-06,0.00019285732163994165,1.214307797904483e-07,0.001802837542948485,0.07468979967945938,0.0004358042657781635,0.00031709119869301704,2.948533071031055e-06,0.0004302771390902983,0.0002951497369549264,3.62108690861924e-06,2.6627580778629936e-06,4.839657756864782e-06,0.00022782506518582757,0.0011723316458029458,0.19928794246865617,3.57042830693582e-06,0.00023680962902597764,0.08408801771545601,1.72996477196496e-07,2.675909832341407e-08,0.0004138696255260765
19,0.5661623426655318,0.002305420121949227,0.001686216273700698,3.867136046396966e-06,0.0002436296683204022,1.3146563044143744e-07,0.002129344695751118,0.09552186130393212,0.0004030629459331019,0.0002799688510935139,3.2840958076375534e-06,0.0005138467194155596,0.00042322905415115894,3.8116469348635754e-06,2.9613025270234546e-06,5.33430571642757e-06,0.00022347546756359746,0.001105235832714829,0.23984975470227335,3.6431747214482217e-06,0.0002388541076842733,0.08855664250813218,1.5635003136731811e-07,2.426740353951637e-08,0.0003339013370339983
20,0.7146458051363916,0.00200341602278103,0.0011503414877201167,2.5507808488914443e-06,0.00018790275651201055,9.497715435509197e-08,0.001348496271654576,0.05587792639956175,0.0003712023524048146,0.00025630645785967886,2.375908422624992e-06,0.0004105336156294164,0.0002699120995168459,3.0338627723433528e-06,1.59529781946689e-06,4.349605684131101e-06,0.00018717447748203288,0.0013280546216973162,0.1699549636795161,2.821818175861028e-06,0.00016737770207865215,0.051452147895741755,1.320650984139693e-07,2.183372897060227e-08,0.00037146287374713354
21,0.6742339492168132,0.0022898318345215634,0.001280249331811216,2.7888593765510827e-06,0.00022802284109601058,1.0437613092563145e-07,0.0013570324298313723,0.05049855258503941,0.00030274532495709887,0.00032584403505841775,3.354485575267624e-06,0.0005853800341409722,0.0002769459473626766,4.5065671095270275e-06,2.0924034243089555e-06,4.347157659228951e-06,0.000185037247831468,0.001567060780033576,0.19559228402877282,3.578032111206538e-06,0.00030869811936581014,0.07050548532261107,1.616254324759596e-07,2.513474572600146e-08,0.0004419222791879467
22,0.6694918346563528,0.0013932361974507111,0.0016178991092233239,3.5104500420859683e-06,0.00013116344236657456,8.699016983241693e-08,0.0012239550656637844,0.07246426703816335,0.0002707101826380838,0.00035589164810115586,3.0946628202102467e-06,0.0003995664263349062,0.00025534093087041537,3.3028290936172426e-06,2.176742710047192e-06,4.0224891923189755e-06,0.00025657185558665175,0.0013536608332676723,0.16332064946073185,3.2937922660266174e-06,0.0002756237858193015,0.08688483065379377,1.3112653576948852e-07,3.065758407179203e-08,0.0002851489732215856
23,0.6279550762662403,0.0021370073876979226,0.0014064951052157046,3.193453790537135e-06,0.00020147044111673866,1.2420633180564377e-07,0.0017938327642728516,0.07698227482086033,0.0004300941881458125,0.0003110714670464859,3.016258076846656e-06,0.00041017284730437693,0.0002994660655676196,3.4704177662674893e-06,2.8030733777667374e-06,4.915037991343044e-06,0.00021770286358755277,0.0010900279914505203,0.20559436896131844,3.505820928982504e-06,0.00023761445071749783,0.08053208164991531,1.689573441302046e-07,2.7107720234854735e-08,0.00038001839621462375
24,0.6115733670648903,0.002730473956098265,0.0016219605578940979,4.86925294013313e-06,0.0003429527671488042,1.5673414495329884e-07,0.0021105275062828824,0.08302052225005284,0.0005002008929468776,0.0003346243173069997,3.774527311627564e-06,0.0006588589497793084,0.0004743745140499296,6.065932622397253e-06,2.7109095413099407e-06,7.365544524991306e-06,0.00025913028402314197,0.0016328768248176147,0.2183181543411257,4.380699918488373e-06,0.0002588623317233932,0.07565295500020316,2.3036173399142548e-07,2.793414346227991e-08,0.00048057654477514625
25,0.5970519488632874,0.0011801885823359032,0.0014651362679117034,3.993932438638173e-06,0.00014022943125685834,8.49749354387457e-08,0.0016290018513811888,0.12112303143191795,0.0002712022250551943,0.00024667573468950196,3.089639689168471e-06,0.00032263812271809316,0.00035444348060029764,2.258848972656584e-06,2.535849340851311e-06,5.17094629474105e-06,0.00020250375905307835,0.0009451405408836179,0.20898784204260745,3.167422868823701e-06,0.00023149532363395318,0.0656414006799302,1.5050103443047162e-07,2.2614229059174556e-08,0.0001866469329340169
26,0.7640688257412671,0.0015735275935625328,0.0010460892544774335,2.9282391638949463e-06,0.00016002932333756577,9.072808895089715e-08,0.0011931902351096954,0.06092649587971087,0.000618127979984895,0.0002228798467851996,2.5334416179636264e-06,0.00021024622439902286,0.00020577807304818403,2.323610453715376e-06,2.1773489459129087e-06,3.788802099997929e-06,0.00018921944175812102,0.0008668162333712538,0.12384490057337082,2.9241294571103346e-06,0.00011926102806460563,0.044383870642305326,1.9775849674468155e-07,4.2833753195005066e-08,0.00035373503736990067
27,0.5720315660841017,0.002348488962289336,0.0012720677626067351,3.424921178571435e-06,0.00022512425377883917,1.439738236570132e-07,0.0023975008196241714,0.0874776477245347,0.0007704468081536799,0.0004197423452414031,3.4542250429605145e-06,0.0003492563264971328,0.00027224309846964273,4.2072178314807066e-06,4.600198712342521e-06,5.479416922883775e-06,0.0002468562142265676,0.0009053121638387088,0.20424777644049652,4.484487902019997e-06,0.00024620174483409337,0.12621847294881666,2.367956291769828e-07,4.002725843952117e-08,0.0005452250381886047
28,0.6279550762662403,0.0021370073876979226,0.0014064951052157046,3.193453790537135e-06,0.00020147044111673866,1.2420633180564377e-07,0.0017938327642728516,0.07698227482086033,0.0004300941881458125,0.0003110714670464859,3.016258076846656e-06,0.00041017284730437693,0.0002994660655676196,3.4704177662674893e-06,2.8030733777667374e-06,4.915037991343044e-06,0.00021770286358755277,0.0010900279914505203,0.20559436896131844,3.505820928982504e-06,0.00023761445071749783,0.08053208164991531,1.689573441302046e-07,2.7107720234854735e-08,0.00038001839621462375
29,0.6279550762662403,0.0021370073876979226,0.0014064951052157046,3.193453790537135e-06,0.00020147044111673866,1.2420633180564377e-07,0.0017938327642728516,0.07698227482086033,0.0004300941881458125,0.0003110714670464859,3.016258076846656e-06,0.00041017284730437693,0.0002994660655676196,3.4704177662674893e-06,2.8030733777667374e-06,4.915037991343044e-06,0.00021770286358755277,0.0010900279914505203,0.20559436896131844,3.505820928982504e-06,0.00023761445071749783,0.08053208164991531,1.689573441302046e-07,2.7107720234854735e-08,0.00038001839621462375
30,0.6279550762662403,0.0021370073876979226,0.0014064951052157046,3.193453790537135e-06,0.00020147044111673866,1.2420633180564377e-07,0.0017938327642728516,0.07698227482086033,0.0004300941881458125,0.0003110714670464859,3.016258076846656e-06,0.00041017284730437693,0.0002994660655676196,3.4704177662674893e-06,2.8030733777667374e-06,4.915037991343044e-06,0.00021770286358755277,0.0010900279914505203,0.20559436896131844,3.505820928982504e-06,0.00023761445071749783,0.08053208164991531,1.689573441302046e-07,2.7107720234854735e-08,0.00038001839621462375
31,0.040539615965043505,0.025240145928337475,0.0005766625240835211,1.3175401731024115e-05,0.0021673954684019183,4.092077887897899e-06,0.016801849232393376,0.00411502767196366,0.009230585876089645,0.0030853479682766633,0.00012055439854724817,0.0006273003547891157,9.50258163704027e-05,0.0002889530468566792,0.000842938062508295,2.1248433512807778e-05,0.0004546871629658524,0.0002470115183951939,0.04762976171383922,3.675173917586936e-06,0.0015217127079222021,0.8404803596435924,2.4461217903117634e-06,7.296210464652789e-07,0.0058896981097376275
32,0.6043493847557154,0.0021219717040821704,0.001355622202496133,2.8121298917701086e-06,0.00019374800295120353,1.2515716213255943e-07,0.0016945920477848006,0.07582923570015696,0.0003883236912564254,0.00028876100386253427,2.9256342804702607e-06,0.00040956933902404065,0.0002979256624536857,3.1898236533004173e-06,2.7465966136062448e-06,4.788728637327997e-06,0.00020346521308464463,0.0009786661895103395,0.23136051360053447,3.4009754081902807e-06,0.00023132744427433404,0.07993001168470862,1.604979638726355e-07,2.4140280530537816e-08,0.00034670807421295174
33,0.589269720325515,0.001988526159989171,0.0010394876881173927,2.3262732644699822e-06,8.355240177849195e-05,9.282797800339581e-08,0.0015945799226475045,0.10071170446239555,0.00028013485802025145,0.000248994755025711,2.127871220823081e-06,0.0007198134119010568,0.0005816942496691278,2.9204298502004598e-06,1.1179690451906997e-06,5.493083098376914e-06,0.00042055073827182866,0.0014703776271237767,0.20977291001092824,2.4314336222651085e-06,0.0001308810088826536,0.09145557064068124,8.773455460432227e-08,1.2640738387818076e-08,0.00021489147568060513
34,0.6391564928685137,0.0020861743582837587,0.001301902853269252,2.6725932673300225e-06,0.00018959844843140133,1.0549451172974446e-07,0.001516010401747622,0.06933146266479333,0.0004072509235843741,0.0002723731983698312,2.926049418493714e-06,0.00036221008569761157,0.00028149002142866,2.984808558616262e-06,2.4972402043407297e-06,4.190315712744668e-06,0.00018862071594942384,0.0009329808352307358,0.21141678848540987,2.993253321640085e-06,0.0002036940333895853,0.07199549292157624,1.5095159119268667e-07,2.5237325494127655e-08,0.0003389112404127888
35,0.21307190027965897,0.007890734849731,0.006481046487157005,1.3137993900898445e-05,0.0028027141581534482,1.2051123068782045e-06,0.005888825536173651,0.05832442107101561,0.0009626167797550929,0.0007400819145872424,2.5002908234754188e-05,0.0008315112228491076,0.0005169434938816687,3.94857961918808e-05,6.46002321762946e-05,1.1069749106004292e-05,0.0001989586131042993,0.0007244570543356375,0.3958162582638629,1.714851345594076e-05,0.0020449456049078467,0.30217936102575416,1.3540144683051528e-06,1.3886541210012195e-07,0.0013520804598193708
36,0.5156372975000741,0.0015546221571706908,0.0006247509438975569,2.589579446964692e-06,6.82676889983289e-05,9.115253332454717e-08,0.0021204747562256487,0.17419840799409492,0.0005053458890381343,0.0002252224108569419,1.6159928759033079e-06,0.000541858613274096,0.00042539737085975983,2.18470938336029e-06,1.7870915529074864e-06,7.940158434388088e-06,0.00054497981008231,0.0010046236003686372,0.18879317849067787,2.3536027370494107e-06,0.00010973125697758735,0.11337574364444855,1.4805794186200112e-07,1.2159073992437348e-08,0.00025137536897518507
37,0.7809757934762629,0.0011352687949769146,0.0014126389825368413,3.2439542077383237e-06,0.00012976710943996244,6.119771953005115e-08,0.0009353886098561262,0.052601136162406255,0.0002467113530949999,0.00022523491739397005,2.8211961321890892e-06,0.0002839797543138503,0.0002049234561608272,2.4175586517907552e-06,1.5741310117974233e-06,2.9535342410997066e-06,0.00017291285788536436,0.0013364031037025003,0.11637773424261114,2.491292804124593e-06,0.00017938985654240809,0.043516652009655106,1.1522619856513877e-07,3.570493865122787e-08,0.0002503515172553885
38,0.5212452412814478,0.0018719268691671977,0.0012865643760115104,2.481470272361844e-06,0.00014316556937034482,1.7549773031625352e-07,0.0020489949844941886,0.09859529061531117,0.00024101621204578746,0.00023341730084206665,2.6673076650594338e-06,0.0004328709798700746,0.00034049804971183334,1.9774948230945052e-06,3.157717567279705e-06,7.178599739983937e-06,0.00019364723912707158,0.0007693237868911548,0.30969159723636525,3.363332736153687e-06,0.00028671644865207216,0.06239616267771485,1.5701873733640756e-07,1.6485958799934285e-08,0.00020239144774723358
39,0.568938845831639,0.001513452184059809,0.0012156262982722069,3.853199962140792e-06,0.00016344888279300445,1.3629005642318436e-07,0.0022134575643873587,0.11673263636905823,0.0003592689483560373,0.0003070417310791312,2.413050186456827e-06,0.00042822800198581435,0.00030867922580327817,2.905056717324399e-06,2.840637725985353e-06,6.730797292685188e-06,0.0002490891015091217,0.0011694533811547967,0.22038231163520058,4.2854378998649105e-06,0.0003021106284540321,0.08531818143659871,2.1815053407800714e-07,2.1821814362346145e-08,0.00037476433745954363
40,0.5343349171424028,0.004124250823894022,0.002724164423457496,2.3198443474795175e-06,0.000418563218004136,1.7527807204049928e-07,0.001239516970615018,0.04085799835112693,0.00025753097492969796,0.0002474373534667605,4.3009188251098184e-06,0.000673711144132232,0.00029459100782968777,4.849756810280889e-06,3.856665161285527e-06,3.187489967836372e-06,0.0001427139197454182,0.0008687114836948274,0.31794394848824675,3.0223503551290333e-06,0.0003333188689433909,0.09516490955499596,1.1084450630385498e-07,2.3222834855677887e-08,0.0003518699036345844
41,0.6608012996413363,0.0037160820971992503,0.0021044507421987026,4.9390664291611395e-06,0.0004102491351632526,1.6737856827351763e-07,0.001807543507469323,0.09060370609763772,0.0010848970890306236,0.0003804081549991909,3.081305003732047e-06,0.00023701904263202857,0.00036045436600394776,3.5035675937521257e-06,3.6420530888533144e-06,6.6277220252606564e-06,0.00019364276052479757,0.000629707642667637,0.1838915778791615,2.619606977922655e-06,0.0001375170038459688,0.05328973555523078,1.5134094881746083e-07,4.031868918577371e-08,0.0003269369255740676
42,0.9519612117156421,0.002261612276081375,0.0005311530078684736,5.362306495697424e-06,0.000545489168688273,9.035917347484627e-08,0.0021211954514348185,0.006156916456836122,0.0010356132874671364,0.0002474301640212652,4.612289735840937e-06,0.0002783654289478017,0.00012524484833366305,1.5051061966799077e-05,1.406458560008782e-06,3.663508951064477e-06,0.0001243410614903346,0.008481542150356102,0.013774510814112344,3.5319665019763306e-06,8.906046570192227e-05,0.00831723149931657,5.003479717990193e-07,1.1744673240188231e-07,0.003914746457612648
43,0.5890191908156079,0.0017625259370618492,0.0013962025306076663,3.5557684465157016e-06,0.00020101596320007794,1.3345145876127596e-07,0.0018944400520817556,0.08772291020307699,0.0005892103068282562,0.0005531814540852305,2.795383923610864e-06,0.0002815819283835499,0.00024284217569139655,3.7368359498367735e-06,3.2618511597781107e-06,5.663368509751618e-06,0.00020962431238744455,0.0009433031556254637,0.20576583176343238,4.9557024900903015e-06,0.0002648324956946054,0.10871676643855038,1.851029889266228e-07,3.719365224790791e-08,0.0004122158091055074
44,0.6279550762662403,0.0021370073876979226,0.0014064951052157046,3.193453790537135e-06,0.00020147044111673866,1.2420633180564377e-07,0.0017938327642728516,0.07698227482086033,0.0004300941881458125,0.0003110714670464859,3.016258076846656e-06,0.00041017284730437693,0.0002994660655676196,3.4704177662674893e-06,2.8030733777667374e-06,4.915037991343044e-06,0.00021770286358755277,0.0010900279914505203,0.20559436896131844,3.505820928982504e-06,0.00023761445071749783,0.08053208164991531,1.689573441302046e-07,2.7107720234854735e-08,0.00038001839621462375
45,0.5609577532251254,0.0018370214205555482,0.0015651251185905947,3.8035753274266067e-06,0.00019365669085136974,1.4541393228885496e-07,0.0022138231290937775,0.11418574172891088,0.0004452551061971063,0.00030971294196145254,2.9582482729051166e-06,0.0003251315918221577,0.00031808427001411783,2.6896943286383977e-06,3.899916932731357e-06,6.243501726991707e-06,0.00021293009216038572,0.0007940931216971841,0.23480022105526194,3.685662065933102e-06,0.00024191217897652362,0.08130041939943844,1.7131170686506907e-07,2.7480736019017738e-08,0.0002754941243134382
46,0.6359760595687531,0.0011742552042179806,0.0012322200404332449,3.980814778996908e-06,4.9877815716339876e-05,1.2482530338272566e-07,0.001239503358184198,0.13545570301169246,0.00025541185543883287,0.000247398909103967,2.1973744991717057e-06,0.0005240870458827951,0.0003879374142343649,2.139057404919181e-06,1.745498097416756e-06,6.389468510267437e-06,0.0006240137714590399,0.001357058967630589,0.1427950227286599,3.0107610983019352e-06,0.0001982553890174892,0.07828809081979975,1.5711754335486639e-07,2.5345638619705382e-08,0.0001753338369012795
47,0.6329205160025603,0.00304456911955752,0.007411059704684888,3.521737858911539e-05,0.002151401453174976,4.1192681119200626e-07,0.004026690941515914,0.106969401904907,0.0013939441410679885,0.0007753177243316003,1.5784866842057403e-05,0.0003284623428099424,0.000512115964216255,2.1731846226238204e-05,1.7237952002660204e-05,1.460007544217513e-05,0.00023233110777254304,0.001800814665239768,0.16316800264673198,1.1723072942909414e-05,0.0007660646545064521,0.07352949157959654,1.0619185100079957e-06,2.1539221901301768e-07,0.0008518316177410664
48,0.6079430076732569,0.002014655640497358,0.0012488034110960363,2.6570041409027448e-06,0.0001416316200063276,1.2184794036623414e-07,0.0016930847604641286,0.0891583406346006,0.00035802861265674346,0.00024556053962417713,2.4722253702051206e-06,0.0003856168297818824,0.00032443503167440966,2.3864024080841853e-06,2.387533149018909e-06,4.87039613766285e-06,0.00022870675193096009,0.0008719121036610517,0.22584943380576514,2.805366405746363e-06,0.0001931858071714207,0.06906202588152065,1.36735388020075e-07,1.9948849856993344e-08,0.0002637134365022251
49,0.5368154716679193,0.002647217604144834,0.0021988355916235376,3.3820302214656583e-06,0.00021237086186672063,1.9617826974097108e-07,0.001793620276877317,0.0729515676437108,0.00031856336853651625,0.00035108921615387313,3.5029114803914733e-06,0.0007171367879682749,0.0003749869899728186,4.833799983661989e-06,3.26520434618588e-06,4.88489447350597e-06,0.00028323341465091487,0.0013202424363408095,0.2542235150843317,4.6031164994511965e-06,0.00034907125590013003,0.12504216940825982,1.5133840654221458e-07,2.7116074585527314e-08,0.00037606180198706656
50,0.6254237774704439,0.0020997506888725506,0.0013546178524891227,3.1169228711841698e-06,0.0001991121649031692,1.206525904007951e-07,0.0018335839977282596,0.07752137754777494,0.00043710106090745867,0.00031775947768635215,2.9281834225503927e-06,0.00039702642788456294,0.0002923607439006036,3.410791142260073e-06,2.7759202612047025e-06,4.87759553525831e-06,0.0002129155429599215,0.001076079022711566,0.2063460822768258,3.5071668874850927e-06,0.00023497111789181274,0.08184476016958796,1.6657619630727708e-07,2.6534171036910856e-08,0.00038779409435435653
51,0.6294678108402663,0.0022966806954990127,0.0015369823552102166,3.4778084708405197e-06,0.00020760818920900805,1.24002027717281e-07,0.0017970415397301127,0.0804595537005878,0.0004544150087361936,0.0003213287176855845,3.1060400554144678e-06,0.00040194929982084363,0.0003137812832975453,3.5613284333215276e-06,2.896228558374255e-06,4.818223503809087e-06,0.00022552167730582838,0.0010432617405124287,0.1991152608295761,3.2588477868253633e-06,0.00023519843716345539,0.08174473704021852,1.5749785347691051e-07,2.8419616596202512e-08,0.00035744024887461665
52,0.6409610672452805,0.0019969827803655634,0.0014469175356969614,3.3130943665644536e-06,0.00019726212203456797,1.2193610842870734e-07,0.0017332356549564086,0.07625861226275722,0.00042655332751267576,0.00032323477001716113,3.04705040339281e-06,0.00039381504347433833,0.00029571095527593136,3.4503345766837228e-06,2.720727809986615e-06,5.012457079466942e-06,0.00021819391696963606,0.0011359359722971077,0.19632918335452038,3.6230111046166242e-06,0.00023205652943604483,0.07766354755639197,1.6664059849403209e-07,2.904313807819622e-08,0.00036620667782781037
53,0.6347494389127918,0.002132677933133451,0.0014498848833523858,3.0117977081114033e-06,0.00019582768435356604,1.1845339555187002e-07,0.001584577125275521,0.07215442065219638,0.0003915298295284149,0.0002989807121310235,2.9680876755418003e-06,0.00041253627356961967,0.0002918546341704373,3.3498362581323626e-06,2.597735108218307e-06,4.548997226925581e-06,0.00021020659616435185,0.0010650972848452206,0.20660484484327174,3.2848206687720658e-06,0.00023357029013568596,0.07785188253798692,1.5411298880021445e-07,2.6113294325460884e-08,0.00035260985276912234
54,0.6213856194639319,0.004367163373209089,0.0006763548285322542,1.7839905870959623e-06,0.00018427813560436293,1.471442769765109e-07,0.0023765696117227122,0.05870999003016047,0.0006782249132998771,0.0003506101859095657,2.0641331231580735e-06,0.0006888960915624085,0.00028001816521419236,4.642130079519666e-06,2.1989277678310027e-06,5.438276883839256e-06,0.00028558889370672877,0.001345586355133108,0.20535273632100332,2.8121269053339726e-06,0.00019893824295826113,0.10230352049318868,1.6691064588487794e-07,1.5904529535231558e-08,0.0007966353500639489
55,0.7097302049418204,0.0031287847682015847,0.0010188353271826719,2.566698373652159e-06,0.00021860115251473136,1.0717381077195739e-07,0.0018983936258556535,0.05107490882813171,0.00044348229544490994,0.00024258510426322514,2.8106699073727833e-06,0.0007617072349625924,0.0003443559014559373,4.197533558114903e-06,1.7958917131292974e-06,4.805080792157837e-06,0.00024062561337991173,0.0018797663672642548,0.16812849243934777,2.6981915847557023e-06,0.00019190415792289667,0.06009921233222063,1.4540029161424636e-07,2.0245057089988094e-08,0.0005789930249424029
56,0.6210586327723542,0.002238533466848195,0.0014437358275317036,3.2647036103603524e-06,0.0002041811312388824,1.257189411025606e-07,0.0018123955191695952,0.0779824173360365,0.00042917383522367254,0.00030234796689762415,3.211692790285926e-06,0.0004408792130001462,0.00034294805715650504,3.5963696399411308e-06,2.736423972035141e-06,5.010842028980341e-06,0.00022626358677778504,0.001118407912041008,0.21198202465689464,3.4805918075288554e-06,0.00022674410835978628,0.07979983606175099,1.669002797885444e-07,2.6966228997624746e-08,0.00036985833941974734
57,0.4620282188163541,0.0020559249796307994,0.0013360724279172886,1.642932871602305e-06,0.00015364194860749956,1.0788251547337085e-07,0.0011584493649056129,0.06814184350687108,0.00017569864767451803,0.00020401859574195502,2.422724309653292e-06,0.0006434456264337731,0.00033373207976984085,2.4202618992406813e-06,1.9480871868127674e-06,4.076108474373039e-06,0.00017712911490151023,0.0007642675294140169,0.3680199479748273,2.599030407539358e-06,0.0002447036699320286,0.09434193552674115,9.155255274028892e-08,1.1172428506364515e-08,0.00020565043763150838
58,0.6415799760716219,0.002098131544548205,0.001524588725121957,3.3286690716581545e-06,0.00019354103290632408,1.2410827482305435e-07,0.001688044716571308,0.07448902862178029,0.00043948945838825476,0.0003189514877878082,3.32270822212693e-06,0.0003844077224642325,0.0002940482165622117,3.3958538289741626e-06,3.0301688351922497e-06,4.761615106197431e-06,0.00022168451842649646,0.0010442235477257811,0.1950927590492084,3.476750615758352e-06,0.00023492350489494232,0.08001962992565577,1.656398883005357e-07,3.335233896347598e-08,0.00035493299015422437
59,0.6458375869851423,0.0020583583694815857,0.001666447552079271,3.5341564879095544e-06,0.00020711094619857784,1.2666620466882937e-07,0.0016046255088078376,0.0710008225435792,0.0004579368941586672,0.00035012390043209475,3.491886065693647e-06,0.0003618051598641435,0.00026631673791869637,3.593275788583535e-06,3.3159184406467857e-06,4.607758810913429e-06,0.00021711188073480738,0.0010262835880442793,0.18976773935370872,3.6838397716607587e-06,0.0002506660629005332,0.08453554147041908,1.6917874234648322e-07,3.9496058851817e-08,0.0003689608701589785
60,0.6279550762662403,0.0021370073876979226,0.0014064951052157046,3.193453790537135e-06,0.00020147044111673866,1.2420633180564377e-07,0.0017938327642728516,0.07698227482086033,0.0004300941881458125,0.0003110714670464859,3.016258076846656e-06,0.00041017284730437693,0.0002994660655676196,3.4704177662674893e-06,2.8030733777667374e-06,4.915037991343044e-06,0.00021770286358755277,0.0010900279914505203,0.20559436896131844,3.505820928982504e-06,0.00023761445071749783,0.08053208164991531,1.689573441302046e-07,2.7107720234854735e-08,0.00038001839621462375
61,0.6469819844359286,0.0019231176416696684,0.0017172012313398796,3.4966161775307198e-06,0.00019378857919794034,1.2475661632760552e-07,0.0015210593307484319,0.07427044536979836,0.00040013895348726486,0.00032556483520765366,3.234654303622197e-06,0.00035265078891572304,0.00026764391616864813,3.2645044019070296e-06,3.058176616013761e-06,4.503162454877077e-06,0.00021157616677354294,0.001010860164456813,0.19177484967257713,3.531111310678394e-06,0.00024620031105040567,0.07845652742806959,1.5631910893515956e-07,3.504568188992614e-08,0.00032498682793882376
62,0.6279550762662403,0.0021370073876979226,0.0014064951052157046,3.193453790537135e-06,0.00020147044111673866,1.2420633180564377e-07,0.0017938327642728516,0.07698227482086033,0.0004300941881458125,0.0003110714670464859,3.016258076846656e-06,0.00041017284730437693,0.0002994660655676196,3.4704177662674893e-06,2.8030733777667374e-06,4.915037991343044e-06,0.00021770286358755277,0.0010900279914505203,0.20559436896131844,3.505820928982504e-06,0.00023761445071749783,0.08053208164991531,1.689573441302046e-07,2.7107720234854735e-08,0.00038001839621462375
63,0.6296340129075467,0.00226583666781202,0.00138133391396728,3.0263420845271153e-06,0.00020037325624338396,1.2327194027535221e-07,0.0017714056478820885,0.07453020678666752,0.00043434068021905683,0.00030390651880564715,3.0064405531229415e-06,0.0004123269230905093,0.00029889447382261245,3.412442449634717e-06,2.7895373598631247e-06,4.734027393125e-06,0.0002146525129396442,0.0010519838071168142,0.20681770454386716,3.322781376652006e-06,0.00023098153947972766,0.0800526378221687,1.6221130278263852e-07,2.6465088892368074e-08,0.00037879847882218585
64,0.6118617359819368,0.0021246584664154785,0.0015679612332902123,3.3872164220167107e-06,0.00020689098944836614,1.347833954913495e-07,0.0017974689793682627,0.07661092076211559,0.0003737428234999275,0.0003364167889284837,3.1825219432910554e-06,0.0004130171920888628,0.00028378885407228966,3.4325193427837446e-06,3.1166004566623792e-06,4.867380744444395e-06,0.0002015783769551226,0.001044015415215495,0.22013425607435932,3.712223081733879e-06,0.00031069778450244025,0.08234973427534377,1.7045250145915762e-07,2.879722609291559e-08,0.0003610835073455503
65,0.6164432081087755,0.0021673270315834105,0.0015471446881285768,3.424459508324827e-06,0.00020752254465543967,1.3355547121452512e-07,0.001828121500410148,0.08061634933684562,0.0004304990000638079,0.0003182633293776217,3.183597443726697e-06,0.00040080732013982723,0.00030509962292802424,3.5274492276151444e-06,3.127430663386713e-06,4.9924218400221705e-06,0.00022212212441088787,0.001035499109931247,0.21028448359517815,3.590340581942844e-06,0.0002533428776639521,0.08355192177971572,1.7343768731160658e-07,2.89081086775222e-08,0.00036610642965985874
66,0.6298720548461781,0.0020227727917924614,0.0010716217170178442,2.4825872855007452e-06,0.00015548159640684284,1.1779655034063916e-07,0.0018500098484803558,0.0805907753228097,0.0004289383185453722,0.00024623374026446046,2.462763647590087e-06,0.00035207459326441965,0.0002647743034573652,2.543490673472294e-06,2.677597153196935e-06,4.390649082324383e-06,0.00020157954109373453,0.0008959886065572812,0.2091669287399186,3.083800063708013e-06,0.0001951313721464962,0.07231641382681842,1.6300287989598317e-07,2.2444630927157153e-08,0.0003512767032816741
67,0.5053935922222113,0.0032936612045836957,0.001868662584779438,5.6565321511907495e-06,0.00023028399030176867,6.000774922037368e-07,0.00327393784301001,0.06005541295725566,0.00046586188601780543,0.0006067841562034909,7.000897776984254e-06,0.0013812929925292108,0.0004652906377638256,1.977775728206812e-05,6.493505917117186e-06,7.190892993557618e-06,0.0006936676635219013,0.0035831945848360676,0.1861784248638788,1.8654776787998712e-05,0.0009976444044523067,0.229820587341573,9.541919924155062e-07,7.445282295403012e-08,0.001625297581865252
68,0.6685296947157612,0.0015024005901355978,0.0014528809431278268,3.6998598522863704e-06,0.0001316124178383265,1.173347617972835e-07,0.002031933238378985,0.08641970903168071,0.00024820680891653836,0.00022919309265494308,2.6221138521415186e-06,0.0006824048767053718,0.0005317362167819764,3.4615443522007233e-06,1.3433749622340032e-06,4.986938767430254e-06,0.0002830306149088073,0.002434977739959003,0.17560399897219248,4.363600690595552e-06,0.0002244846431563101,0.059338761672013386,1.513708951828789e-07,1.8307741311228076e-08,0.0003342099799134253
69,0.47134847979850847,0.0017820842832921584,0.001418926248696553,2.046383011355795e-06,0.000102396536686144,1.7368059880299489e-07,0.001398342536250273,0.07272038908527619,0.00014003421221553148,0.00023629879256627093,3.5843196401485817e-06,0.0007118363024083938,0.00044012565946089575,3.29730395611826e-06,2.349545004685263e-06,3.824592585340441e-06,0.00023792582112709188,0.0010795005141093193,0.34429538329364245,5.2347786218323756e-06,0.00044318694683790683,0.1033945285379878,1.8332513853410523e-07,1.7167459787857116e-08,0.0002298503349178006
70,0.613438774996808,0.002139654435474582,0.0012517883849220343,2.316313054687967e-06,0.00017005099820963283,1.0305398024011947e-07,0.0015769409421511206,0.06838950179478258,0.00034333145353901304,0.0002626669239869721,2.864943779570822e-06,0.0003836846598817794,0.00026150310088646976,2.8138625267581297e-06,2.661909965962957e-06,3.690678027931399e-06,0.00018204725482048436,0.0008833751996298033,0.22801677220541453,2.8239007548768584e-06,0.00023722073491798794,0.0821092057002742,1.3896894932746678e-07,2.1378213057390846e-08,0.00033604620504840236
71,0.5419716360464139,0.0026048341132180707,0.002657444181195017,3.579563257514267e-06,0.0002162301227070752,1.8402525176866868e-07,0.001827539223485019,0.07545725260346066,0.0003190310772835467,0.0003517239726300545,3.362795862453294e-06,0.000438367255528836,0.00030694820423148695,3.797015876743056e-06,3.798141267348625e-06,3.750457221086954e-06,0.0002225622442258989,0.00090932848293775,0.2615400606230922,3.57126564714653e-06,0.0003629332472537572,0.1104671898055126,1.275455185511035e-07,2.744637770165881e-08,0.0003247205405437667
