,0,1,2,3,4,5,6,7,8,9,10,11,12,13,14,15,16,17,18,19,20,21,22,23,24
0,0.1716466587424483,0.00918693825400025,0.002302801373218766,4.334728468933697e-06,0.0005660461396838137,8.421668611387293e-07,0.0028696627510554173,0.04089037966674768,0.0005088871701348817,0.0006844452212064541,1.6159750843335622e-05,0.00145403833895138,0.0002551513703985032,1.640431684046074e-05,4.212146444052493e-05,1.4413376418441617e-05,0.00045914339430817413,0.000400073445838291,0.3371192055382756,2.4678213309518317e-06,0.0011205375418600922,0.4301388874148254,2.4047422816009046e-07,3.3771780903280516e-08,0.000300125765834088
1,0.20245750499409265,0.009795376155511548,0.002208438346426828,4.824006703976292e-06,0.0006766996416980034,7.653993400672054e-07,0.0029896365085765714,0.04966555405373116,0.0009775019026787952,0.0008386444227518018,1.4765124871269258e-05,0.0010514895179560195,0.0002670830129954594,1.3457675622309538e-05,3.773348795973196e-05,1.8755487699901232e-05,0.0004914714047631712,0.00032694037655730786,0.3462394546615839,2.150165396359487e-06,0.0007269646921457223,0.38091366449877145,2.187715261588409e-07,3.784556902697153e-08,0.000280867845070878
2,0.16473835821530597,0.007135084887517619,0.002034104388726084,3.934487233427678e-06,0.0006070417952778739,5.795448046443066e-07,0.002811380711817191,0.039864448209674025,0.0007655511732590826,0.0007662830991365985,1.2883930206016313e-05,0.000768261281521064,0.00016054689138031054,1.691472451891251e-05,4.87999523690192e-05,1.0365210686391529e-05,0.0003420676279444236,0.000321963519992556,0.2662116162734384,2.8146555371331365e-06,0.0008187992927025085,0.5121270637368032,2.784127516960738e-07,4.3412403086042075e-08,0.00043081456499280624
3,0.185639049517512,0.009959795336564147,0.0023982172887420296,4.90987321881051e-06,0.0006215411425217752,7.219086851072519e-07,0.0028423388464427725,0.04003806049250743,0.000598699184205561,0.0006722303433490633,1.801923755727991e-05,0.0014067166107266378,0.0002560416824159315,1.8489570780565863e-05,4.277051516088493e-05,1.2662099144283908e-05,0.0005167745738014517,0.00041667145993845247,0.2882326527860432,2.0877103007273858e-06,0.001048550479090403,0.46491430536054557,2.439001722499094e-07,3.7178928969155354e-08,0.00033841290164477974
4,0.17269461845807654,0.011743228329717866,0.0024684960970674462,5.616007288073849e-06,0.0006778596042089624,8.163885432972737e-07,0.0028745186013238904,0.03920488473020521,0.0006339531072385582,0.000651136044470813,2.205551406343894e-05,0.0018733305239865912,0.00036220122744732734,2.30863772990838e-05,3.879119111864202e-05,1.344694808979189e-05,0.000642417094124835,0.00047010498328910487,0.28302535495508724,2.15873946548924e-06,0.0010781920752896594,0.48115552986671173,2.6626165737164156e-07,3.697085327338451e-08,0.00033789990337576635
5,0.23518733403898326,0.008063987490864101,0.0025404781012237283,6.715257211217736e-06,0.0005796712298444252,6.951395462614517e-07,0.0030526491214053356,0.04302299285064995,0.0006327466858090132,0.0008582007626109371,1.7777040193183454e-05,0.0016207900384453508,0.00025637279933746784,2.380561504308308e-05,3.538596692252413e-05,1.4219860297532423e-05,0.0006640249129898743,0.0007863564720170752,0.22542724723197602,2.929277341919897e-06,0.001138959954439791,0.47560702712363073,2.9382811018077806e-07,5.195677556212826e-08,0.00045928724433159
6,0.185639049517512,0.009959795336564147,0.0023982172887420296,4.90987321881051e-06,0.0006215411425217752,7.219086851072519e-07,0.0028423388464427725,0.04003806049250743,0.000598699184205561,0.0006722303433490633,1.801923755727991e-05,0.0014067166107266378,0.0002560416824159315,1.8489570780565863e-05,4.277051516088493e-05,1.2662099144283908e-05,0.0005167745738014517,0.00041667145993845247,0.2882326527860432,2.0877103007273858e-06,0.001048550479090403,0.46491430536054557,2.439001722499094e-07,3.7178928969155354e-08,0.00033841290164477974
7,0.1969679736493495,0.011414907410974312,0.0032254908226443447,4.612883567356364e-06,0.0005630267943387453,6.737015197515613e-07,0.002502480053417016,0.04699763659782832,0.00047768769065560277,0.0005191058691627569,1.945172884097937e-05,0.0013904190419345226,0.0003788703449225539,1.314246600538883e-05,3.594869836202617e-05,1.056307393602136e-05,0.0005059347191406753,0.00033126125549978595,0.33946415009812086,1.607448009508927e-06,0.0008968838387952217,0.39408442589524584,1.5978159096477568e-07,3.073170001670216e-08,0.0001935554044380201
8,0.18127746081690313,0.006703255086574301,0.002544976202033526,6.614917859885212e-06,0.0006209754177476564,5.680681521380111e-07,0.0028952304681027453,0.02662302271919575,0.0010388257875045602,0.0012161812500892724,1.8325369173871908e-05,0.0005015675201093157,0.00010348196336041718,3.199809893240569e-05,8.088198784815752e-05,8.449496543340888e-06,0.00040806081154304465,0.00039968076753129104,0.13570982757318478,2.5701534618613605e-06,0.0008950215966729205,0.63810509251032,3.6196406777395134e-07,1.3390804893282044e-07,0.0008074355450388912
9,0.2091939137053629,0.005781508756450863,0.003708847555023371,8.039039299450569e-06,0.0005434532927199846,6.182775745683103e-07,0.0018771935789193893,0.044856215325823824,0.0007177015379773979,0.0011079657930792575,1.992475696473586e-05,0.0006885545996782552,0.00019076685621708476,2.1685535097918334e-05,5.0156515760382847e-05,1.1581812805662173e-05,0.0005279493551189477,0.0003879016821608692,0.20638789105454938,2.80827209175876e-06,0.001026760006653984,0.5225918064643762,2.856176939569573e-07,9.978027467022048e-08,0.00029637082832527877
10,0.185639049517512,0.009959795336564147,0.0023982172887420296,4.90987321881051e-06,0.0006215411425217752,7.219086851072519e-07,0.0028423388464427725,0.04003806049250743,0.000598699184205561,0.0006722303433490633,1.801923755727991e-05,0.0014067166107266378,0.0002560416824159315,1.8489570780565863e-05,4.277051516088493e-05,1.2662099144283908e-05,0.0005167745738014517,0.00041667145993845247,0.2882326527860432,2.0877103007273858e-06,0.001048550479090403,0.46491430536054557,2.439001722499094e-07,3.7178928969155354e-08,0.00033841290164477974
11,0.17913010722629075,0.010288990782905894,0.0024102740817851316,4.937231815850361e-06,0.0006043638697329573,7.330464905529499e-07,0.0028314420753531985,0.04280612212429214,0.000586004222950277,0.0006377417226725484,1.7945427139595373e-05,0.0015244378905786614,0.0002988329450555705,1.7905324277296112e-05,3.933607818855083e-05,1.3063833572878332e-05,0.0005504592950347893,0.00041059551495539975,0.30028123627009834,2.0655683010385644e-06,0.000992342852791626,0.45624560031495837,2.3180348613095954e-07,3.434095226886775e-08,0.000305196156320199
12,0.16542940013403074,0.007924194652641495,0.002207355759568805,4.181945440136493e-06,0.00043052366650506624,6.08220709614659e-07,0.0025178070786084023,0.045671904515430184,0.0005245437997638673,0.0006355111959009121,1.5018441119539875e-05,0.0010798844705013158,0.00023498528556069396,1.3028606842877074e-05,3.997781195254856e-05,1.156809754568562e-05,0.00048598939617866294,0.00029882061915274664,0.2933807137224658,1.7574556485396351e-06,0.0008971388143772111,0.47796372589082065,1.8831056957939287e-07,3.2507203266200475e-08,0.00023113960146158642
13,0.16037734445796215,0.016289411156252005,0.0032650842733317168,8.927131326407664e-06,0.0010645989805965414,8.60148652496185e-07,0.0023227065011608445,0.029814743621216964,0.0005346175561719396,0.0004212189765794399,9.989014350544023e-05,0.0027077033033947734,0.0006696716556812742,3.528357468828858e-05,8.238929521936328e-05,1.307626435475835e-05,0.0007715646845410381,0.00035379853631550693,0.3096686497595807,1.3564604049651737e-06,0.001628111071174802,0.4696438383288401,4.2817129411382697e-07,5.967839372270909e-08,0.00022466626936056846
14,0.0879773379018363,0.03320652738900872,0.000882060634201406,6.070204748904633e-07,0.0005935514532041509,1.2278182853966893e-06,0.0009036328996975219,0.0068737203207234225,6.79790441500568e-05,9.363233804733001e-05,2.208334819199812e-05,0.0050591580938462895,0.0005122930729371179,7.662934590675636e-06,1.2271287734407413e-05,8.089384916449939e-06,0.00015163231971865727,0.0001330327449809877,0.7849865515096806,4.422724559913358e-07,0.0008955931862190711,0.07755854715479196,6.536531480341388e-08,2.739325999678826e-09,5.229776566563617e-05
15,0.185639049517512,0.009959795336564147,0.0023982172887420296,4.90987321881051e-06,0.0006215411425217752,7.219086851072519e-07,0.0028423388464427725,0.04003806049250743,0.000598699184205561,0.0006722303433490633,1.801923755727991e-05,0.0014067166107266378,0.0002560416824159315,1.8489570780565863e-05,4.277051516088493e-05,1.2662099144283908e-05,0.0005167745738014517,0.00041667145993845247,0.2882326527860432,2.0877103007273858e-06,0.001048550479090403,0.46491430536054557,2.439001722499094e-07,3.7178928969155354e-08,0.00033841290164477974
16,0.18656978708752087,0.008948150281189015,0.0021319269417029944,5.303343791445364e-06,0.0005440512049720597,7.427171830238814e-07,0.0030671608486287096,0.034125607094817524,0.00046404270389364873,0.0008601471254012001,1.809510016970605e-05,0.001924679311728326,0.00023048357134114304,2.3720817596437123e-05,3.791544272962342e-05,1.3891600147492286e-05,0.0005853426000501693,0.0006630216886083156,0.24672253195503321,2.473041925560235e-06,0.001583105788625863,0.5110453180526525,2.5905378576483915e-07,3.755356805479869e-08,0.000432205072937321
17,0.19112276625033686,0.009878062106444544,0.0022614673529701666,4.716322962489172e-06,0.0005853315646780963,6.599118993770357e-07,0.002723476211896997,0.03913042824731656,0.0005403234808792976,0.0006317482941737028,1.7430593064294662e-05,0.0016525898202012655,0.0002697477674379247,1.9533337746446317e-05,3.5963653561290625e-05,1.1941555498648341e-05,0.0005514393273881982,0.0004957580247234986,0.2784343318306353,2.11798815663982e-06,0.0010802633001321075,0.4701896516850566,2.4663733544559975e-07,3.35421281133968e-08,0.00035997119337606765
18,0.18579791000948875,0.00983273510217531,0.0022167837514005333,4.664034015553498e-06,0.0005801941652250842,6.963963318394465e-07,0.0028226812253579173,0.03802882165079846,0.0005940876390031293,0.0006798727345768727,1.7368492547671988e-05,0.0014653433345682163,0.00024859357196464185,1.9223750181559144e-05,4.003858032055007e-05,1.2269552698980154e-05,0.0005373414347790334,0.0004499412182441743,0.27429176327727334,2.103064206155445e-06,0.0010298080717297208,0.48095908834634027,2.461524857054268e-07,3.649019816736155e-08,0.00036838795408835115
19,0.1553816636383513,0.011035894205826539,0.002937219186778175,5.466808409145149e-06,0.0007393159560797686,6.467159330709268e-07,0.0028861848781792433,0.04893786166047739,0.0005327563385934314,0.0005274036518376641,1.7194600436003314e-05,0.0017950122735113994,0.0003632273395891579,1.7981045915196632e-05,3.569790685018778e-05,1.1466708891812413e-05,0.0005210056416431468,0.00039955432920648276,0.30143507468501146,1.9226460098792146e-06,0.0009541240625987018,0.47121564496759727,1.8009839945325283e-07,2.720929186026601e-08,0.00024747344458231536
20,0.2852781591177942,0.012505372153032202,0.0024945856848563293,5.128328736886665e-06,0.0007526811589469296,7.337958089084237e-07,0.002700465281109637,0.03621452004771316,0.0007166543041958089,0.000762802002088528,1.7607589127956226e-05,0.0019935523645219695,0.00031689093809629266,2.1445641820518684e-05,2.605758455024603e-05,1.5134314513711271e-05,0.0006263806655723578,0.0007490143375915455,0.2878625778937148,2.252748870691468e-06,0.0009126677351214801,0.3655997705032376,2.2662332136379165e-07,3.798700094873222e-08,0.00042528119865606
21,0.23185130799583584,0.012825124371016303,0.0023670840698879767,5.072284391929715e-06,0.0008558740134980854,7.204547937263217e-07,0.002158380048847405,0.027256279547426418,0.00046378062970775925,0.0008108359740206486,2.450236811096652e-05,0.002694786330804618,0.0002792378488199847,2.747891291000929e-05,3.092162637064658e-05,1.3433787024399385e-05,0.000522966741079315,0.0007292146558504518,0.3022583424861337,2.3340654280712894e-06,0.0017749794702485641,0.41264377842724453,2.553444352604663e-07,3.6743114607982386e-08,0.00040327180299877156
22,0.20264182678102985,0.006197752196698338,0.002686071653563754,6.143932582682727e-06,0.00040598623562438106,5.588878649521236e-07,0.0019953755980816374,0.03806110850466934,0.00039586288059603394,0.0008691062326296087,2.0346107316615038e-05,0.001498293234057669,0.0002353597852338288,1.9394566995926953e-05,3.221998082031876e-05,1.194695767476955e-05,0.0006902813556213923,0.0005827561720447222,0.22328286058184366,2.1542226529554037e-06,0.0013265036914850135,0.5187821156028534,2.0299585595371408e-07,4.589351786439693e-08,0.00025572594868542345
23,0.185639049517512,0.009959795336564147,0.0023982172887420296,4.90987321881051e-06,0.0006215411425217752,7.219086851072519e-07,0.0028423388464427725,0.04003806049250743,0.000598699184205561,0.0006722303433490633,1.801923755727991e-05,0.0014067166107266378,0.0002560416824159315,1.8489570780565863e-05,4.277051516088493e-05,1.2662099144283908e-05,0.0005167745738014517,0.00041667145993845247,0.2882326527860432,2.0877103007273858e-06,0.001048550479090403,0.46491430536054557,2.439001722499094e-07,3.7178928969155354e-08,0.00033841290164477974
24,0.18600186284179954,0.014405736026017912,0.002955666600110297,9.34489057829512e-06,0.001294185598243806,1.0229089366987901e-06,0.003350692762928426,0.04680977298649739,0.0008077391282239438,0.0007168867368809389,2.713290645756538e-05,0.002756274010870085,0.0005034644088082791,3.642807433150001e-05,4.029939688456376e-05,2.0993317914399474e-05,0.0007355490917391782,0.0006781429390395091,0.29729922293685396,2.748021534148549e-06,0.0012902780881346382,0.439843262832271,3.740783488739689e-07,4.07280483442018e-08,0.00041287868854686697
25,0.19729953763499636,0.006566367716268835,0.0028494972791450945,8.017433933760755e-06,0.0005239541650002648,5.66905461285177e-07,0.002865320790754308,0.07550318969792563,0.0004326532462436184,0.0005596738027281403,2.323081117415356e-05,0.0013967447355022634,0.00038653682103227194,1.3417111243949206e-05,4.176215593720882e-05,1.575522674720597e-05,0.0005993198014394184,0.0004103284612713091,0.3126017070329348,1.9598913680778543e-06,0.0012784564694414285,0.39645656962814974,2.486958796624909e-07,3.3641918695460456e-08,0.00016515084350257896
26,0.33291037453529554,0.010707127491814647,0.0024917393051653103,6.403327697787483e-06,0.0007113276420269981,7.157985666977713e-07,0.00259500491880483,0.044570117156551604,0.001401591892937564,0.0006868555208984451,2.1064084887084053e-05,0.0009785574961566565,0.00025048421259205673,1.779019705174988e-05,4.405597508915915e-05,1.343183314102952e-05,0.0006747105674453511,0.00047121558994937465,0.23259796768202923,2.4104536290245037e-06,0.0006512308101114635,0.3677330863098491,4.0155658017859746e-07,8.874200201210598e-08,0.0004622468997272246
27,0.12814099741075644,0.008068170065424537,0.0016647193577976347,3.764438918908441e-06,0.00048129140203226643,6.340122093998859e-07,0.0030333606777502397,0.03338948670935022,0.0008297274583574502,0.0007380231901695808,1.4795629527344494e-05,0.0008078568982893148,0.0001622049498459519,1.7396607279421693e-05,5.832044242362e-05,1.0392081538971557e-05,0.0004370533508006757,0.00025567379930524557,0.21648503952152237,2.031502333491795e-06,0.0007289512092797363,0.6042664938211593,2.4974757711386433e-07,4.5915192613189735e-08,0.0004033198011581678
28,0.185639049517512,0.009959795336564147,0.0023982172887420296,4.90987321881051e-06,0.0006215411425217752,7.219086851072519e-07,0.0028423388464427725,0.04003806049250743,0.000598699184205561,0.0006722303433490633,1.801923755727991e-05,0.0014067166107266378,0.0002560416824159315,1.8489570780565863e-05,4.277051516088493e-05,1.2662099144283908e-05,0.0005167745738014517,0.00041667145993845247,0.2882326527860432,2.0877103007273858e-06,0.001048550479090403,0.46491430536054557,2.439001722499094e-07,3.7178928969155354e-08,0.00033841290164477974
29,0.185639049517512,0.009959795336564147,0.0023982172887420296,4.90987321881051e-06,0.0006215411425217752,7.219086851072519e-07,0.0028423388464427725,0.04003806049250743,0.000598699184205561,0.0006722303433490633,1.801923755727991e-05,0.0014067166107266378,0.0002560416824159315,1.8489570780565863e-05,4.277051516088493e-05,1.2662099144283908e-05,0.0005167745738014517,0.00041667145993845247,0.2882326527860432,2.0877103007273858e-06,0.001048550479090403,0.46491430536054557,2.439001722499094e-07,3.7178928969155354e-08,0.00033841290164477974
30,0.185639049517512,0.009959795336564147,0.0023982172887420296,4.90987321881051e-06,0.0006215411425217752,7.219086851072519e-07,0.0028423388464427725,0.04003806049250743,0.000598699184205561,0.0006722303433490633,1.801923755727991e-05,0.0014067166107266378,0.0002560416824159315,1.8489570780565863e-05,4.277051516088493e-05,1.2662099144283908e-05,0.0005167745738014517,0.00041667145993845247,0.2882326527860432,2.0877103007273858e-06,0.001048550479090403,0.46491430536054557,2.439001722499094e-07,3.7178928969155354e-08,0.00033841290164477974
31,0.021736926027073493,0.018962012546225347,0.0006820474383939458,7.83396026263424e-06,0.0010513850698872689,5.283349852070406e-06,0.0057297793621160584,0.004427511976429049,0.0020734945276063687,0.0014457399314624965,9.124431738569196e-05,0.0009406324774836681,8.957990319788839e-05,0.00011835402611900923,0.0005947537928020875,2.309862947343528e-05,0.0006059415501666181,8.838813420276208e-05,0.07031810322595472,1.3062518517314274e-06,0.0016337860632345178,0.8686684069871162,7.551598437172559e-07,1.6019103366998178e-07,0.000703475100825549
32,0.17088928307254722,0.009381061099565118,0.0022581647940792065,4.023140679609522e-06,0.000570177104146257,6.875288885988978e-07,0.0025976183041725794,0.03909328544722403,0.0005160397337072379,0.0005976035683826842,1.6211274451252815e-05,0.001321352122032599,0.0002406223762809799,1.5874493512972775e-05,4.0890088715572896e-05,1.1719365407333337e-05,0.00044900535497875433,0.0003529806932162886,0.3222737488852926,2.0090358425552453e-06,0.0009831278155478745,0.4480874654729993,2.226554588717756e-07,3.135442440971078e-08,0.00029679521844625575
33,0.15887625683384352,0.009172392359239522,0.0014556928162685202,3.60598935906504e-06,0.00022967357263645888,5.389964533314192e-07,0.0024928816424816475,0.051624973032368716,0.00046041779804721975,0.0005400384889022416,1.1400475303523759e-05,0.0028386836193686022,0.0006141660796824944,1.5837623957628154e-05,1.1178479475894164e-05,1.4528230990641603e-05,0.0012892624056893107,0.0006285071267626975,0.23332092744005994,1.4317014364525038e-06,0.00044941933967657094,0.5357776039865918,1.0394978998416518e-07,1.4891224936369224e-08,0.00017046312038924546
34,0.1979226385337961,0.010153364313080364,0.002340614259149984,4.245069917763068e-06,0.0006101990095656676,6.283269989591839e-07,0.0025004153726648727,0.038081576186240536,0.0005957855110419185,0.0006026402792605341,1.8170298773736434e-05,0.0012715668869111715,0.0002511784169010554,1.6315143648132078e-05,4.0040571483010514e-05,1.0991876231740759e-05,0.0004607051844988968,0.00036552541986052873,0.3105998571815621,1.8602586254672405e-06,0.0009293458312571805,0.4329078385832407,2.2790939748945708e-07,3.635166927607405e-08,0.00031423322422272906
35,0.018450120884630758,0.012963926846682046,0.004228744863128296,9.121765185747706e-06,0.0032350936621750974,4.347414912774424e-06,0.003836907692489184,0.00857812350873025,0.0004004819331344238,0.0006035132561396449,8.400044555826274e-05,0.0008863002658459886,0.00015710458919002937,0.0001141311339782643,0.0007103399240446094,1.2383944615958902e-05,0.00017314269602503163,7.811471272111618e-05,0.2227340856362487,3.6103442221273168e-06,0.003689145640086134,0.7185496385040901,1.0928420160978133e-06,9.947522108658776e-08,0.0004964280189282367
36,0.12513287613122503,0.005676306982629413,0.0007895082238391753,3.4264105779024603e-06,0.00014669247868547106,4.666449359730529e-07,0.0027934824076256116,0.08189313925087745,0.0007214892689916796,0.00043716352236191025,7.123319997879371e-06,0.0017022956683764624,0.0003591810137141051,9.573578828162721e-06,1.67600487756844e-05,1.8818489619388712e-05,0.0014698489267928796,0.0003614433205971983,0.18529172408948685,1.2583079938286953e-06,0.00030761110429254157,0.592692978715643,1.5301597572855756e-07,1.3483228249375981e-08,0.000166665594928596
37,0.34956032685288013,0.0074926242435238224,0.0034036243991255348,6.860093237408504e-06,0.0005436276377343143,4.69443870776601e-07,0.002184694222282676,0.03672483943385766,0.00047798523076290363,0.0007245802679049934,2.348007332452346e-05,0.001362500037919943,0.00024616596035417483,1.9672105216742505e-05,3.2656815618519e-05,1.0384947718787576e-05,0.0005872338244091229,0.0008120462112627963,0.22655994601502,2.073112604293002e-06,0.0010319669582154359,0.3678343142833156,2.271387236106176e-07,7.282890442206567e-08,0.00035762786221166454
38,0.14109121592545532,0.007596385555793062,0.001896226972332381,3.53741160415569e-06,0.0003818045739931591,1.1614077513613346e-06,0.0033705818391036274,0.047657534217054584,0.00029113404721607184,0.0004973128376017684,1.566977416067115e-05,0.0013629974090389415,0.00027489509518663255,9.80806714572701e-06,5.183225923578138e-05,2.1171791227410814e-05,0.0004246503374767965,0.0002638848949148484,0.4593096633865071,1.9904488553931193e-06,0.0012298003449204538,0.33407948270515475,2.3575689166804023e-07,2.1815258067033526e-08,0.00016700112612031838
39,0.15484280903002393,0.006430165986300103,0.0019319104845707694,5.206433930858703e-06,0.0004493885809847315,7.102610188167143e-07,0.0033920642831999017,0.06062794062034688,0.0004457580753439447,0.0006196597449032298,1.2007707224362524e-05,0.0013494390770364291,0.0002375280897071779,1.3683180073608857e-05,3.989797476213714e-05,1.6120939821405366e-05,0.0005355347453681836,0.0004192490748673633,0.3015487056438828,2.4577661452128318e-06,0.0012612392509089383,0.4654989495864588,2.903230909965723e-07,2.5317140532905785e-08,0.00031925782288885405
40,0.1170301162402206,0.015834045295061806,0.004138161784334771,2.461170677304558e-06,0.0010589311577581296,7.412947745245127e-07,0.0016518638296015916,0.016919223012998218,0.00028162211898044554,0.0004094043934415259,1.807335604614971e-05,0.0017886454025583683,0.00019864220784017553,2.148554181156978e-05,4.806946297342901e-05,5.575252424471106e-06,0.00024089103531992363,0.0002673214585674048,0.3554650887672272,1.5959001822177513e-06,0.0010649001445788805,0.4832755308380985,1.1782792435591601e-07,2.4249126225474454e-08,0.0002774682574722715
41,0.23688613379822143,0.02531169298122258,0.00397776313547831,1.0112776183161405e-05,0.0019389730993963374,1.2936735235377198e-06,0.0035433924860310477,0.06163523259878382,0.002677455307447787,0.0010616962650986824,2.251687932440613e-05,0.0011149620155141292,0.0004538168217783472,2.2779769496819162e-05,5.46451431228813e-05,2.335852464354385e-05,0.0006402710122142072,0.000288614520550633,0.29574493605269636,1.9638421947151966e-06,0.0006962367162105062,0.3635554865357905,2.5675725795026973e-07,6.183223691512525e-08,0.00033634745558152836
42,0.8059560660680699,0.027392053053121836,0.0016539292464538185,3.2329101320624764e-05,0.004153763286681162,2.089724620697083e-06,0.00843599782252887,0.004870752142973242,0.00405969681198758,0.0014184705891961418,0.00010971868943376538,0.0024331944269034406,0.00029878189347446637,0.0002912572710837805,5.1906698822970974e-05,3.1649238924766203e-05,0.0010673848117485922,0.010295384067794861,0.03149641100531377,3.7814827069732102e-06,0.0007943993832426994,0.08500147879088252,2.2801450144142635e-06,6.193804764996375e-07,0.010146604867222558
43,0.14828231291450958,0.006344447023380257,0.002072633553330509,4.549815846705799e-06,0.0004846851358494194,6.862338644411832e-07,0.0025570526623615885,0.03897921067446728,0.0007214065727809373,0.0011926868387040687,1.2854422093177894e-05,0.0007362173614837171,0.00016080924276126499,1.6501969691447825e-05,4.203053025087886e-05,1.3009622757011887e-05,0.0004120886490581261,0.00030686030819023565,0.24619646536826104,2.8142428334516718e-06,0.0009727913942501603,0.5501757471228009,2.161985902081874e-07,4.758468505060557e-08,0.0003118745571985197
44,0.185639049517512,0.009959795336564147,0.0023982172887420296,4.90987321881051e-06,0.0006215411425217752,7.219086851072519e-07,0.0028423388464427725,0.04003806049250743,0.000598699184205561,0.0006722303433490633,1.801923755727991e-05,0.0014067166107266378,0.0002560416824159315,1.8489570780565863e-05,4.277051516088493e-05,1.2662099144283908e-05,0.0005167745738014517,0.00041667145993845247,0.2882326527860432,2.0877103007273858e-06,0.001048550479090403,0.46491430536054557,2.439001722499094e-07,3.7178928969155354e-08,0.00033841290164477974
45,0.15181856973992927,0.0075836901209520415,0.0024736433682425317,5.2640516360960066e-06,0.0005341988272869142,7.831996187193979e-07,0.0034593908802660798,0.0576375036623236,0.0005688366737226892,0.0006360504478554758,1.5682074291203587e-05,0.0009576771472128577,0.00024407635408036583,1.2935677793163443e-05,5.9532428154928e-05,1.5311678575935073e-05,0.00044673642600219103,0.00026987879772483316,0.32167792673258594,2.0903054578759696e-06,0.0009508427394145673,0.4503974414689304,2.302128840475637e-07,3.5084906412827873e-08,0.00023167190015181303
46,0.20696544564539157,0.006595558380098323,0.002063392464953653,8.89896148109187e-06,0.0001707305152367367,1.1087330316096718e-06,0.0020396474070267416,0.08090165516100203,0.0004691619908600562,0.0006182361519688957,1.762731577175554e-05,0.002489610568567181,0.00047970793731895054,1.3756614705054684e-05,2.4613409953797298e-05,2.2566850944626913e-05,0.002554180486025387,0.000597613671218393,0.19643150003475093,1.940102226983494e-06,0.0010515171146479897,0.4963366859543957,2.7989349441492245e-07,3.893419303338534e-08,0.00014452570073502798
47,0.19738172734287712,0.014292110021209312,0.013749908657898309,0.00010220434717234175,0.009069899030756551,3.955370466624663e-06,0.008107522186954302,0.05558674502378276,0.0023811578791908343,0.0021062220082428236,0.00016924389831796097,0.0011293894554474475,0.0005433269976718407,0.00018884722119040151,0.0004261181560470988,5.8240086515257264e-05,0.000702990190672987,0.0007507231327200108,0.2306931776851148,7.688998457858515e-06,0.00418042364541196,0.45744036428619483,2.649665201274102e-06,5.124784391728974e-07,0.0009248522340463234
48,0.18617958222122166,0.00984503177517411,0.002157720688389833,4.189436872613992e-06,0.00044829668799128075,7.332318312583981e-07,0.0027513933577414723,0.05037345508424737,0.0005275307687173562,0.0005338997442310018,1.4933831693198243e-05,0.001385903289926155,0.00029627333383552124,1.2435644355184388e-05,3.599545130892638e-05,1.2949530129214465e-05,0.0005770297331118221,0.00033355111415490956,0.3336620742558416,1.7098854273052793e-06,0.0008780145961594257,0.4097366739538341,2.006696006376772e-07,2.6717898772572477e-08,0.0002303949963052969
49,0.11483926562583904,0.00988901339521642,0.0029425673037896858,3.601445013249569e-06,0.0004889811245699711,8.254081914211443e-07,0.0021302902101928427,0.02858555085492638,0.00033172349172710475,0.0005682855688479005,1.4234203744051259e-05,0.002005818792326602,0.00024963082035091186,1.9533833665599052e-05,3.347649475132246e-05,8.688965992384704e-06,0.0005183024962394368,0.0004004489665408799,0.2623303046167224,2.1406292912859168e-06,0.0011256982276384008,0.5732568504770469,1.4618999102404177e-07,2.499310122851409e-08,0.0002545958642835727
50,0.14714606924011386,0.005447991597975204,0.0012402990145052371,2.1116377791419337e-06,0.00032317831544875775,3.085729204550749e-07,0.003741424332880953,0.03772079941985258,0.000559529426213199,0.0008557044519917988,6.59597128797267e-06,0.0005153397627722945,0.0001140042292748134,1.0572076473563533e-05,3.294089076379189e-05,7.72209717318366e-06,0.0002443031433686786,0.0002891001959069787,0.2577134066883246,1.8717846537805e-06,0.0005652249091659726,0.5430029798504576,1.30004757222085e-07,2.268293067951161e-08,0.00045836970300764426
51,0.1861544787490271,0.010940357851509236,0.0026105557332230986,5.529025928766067e-06,0.000656955566279562,7.308028505012453e-07,0.002839763979423708,0.042430588819522476,0.0006670569962317309,0.0006987708598028971,1.892228135494754e-05,0.0014165533220977025,0.000281506410712798,1.924172616527474e-05,4.253854817577177e-05,1.24581831960489e-05,0.0005599838344507474,0.0004021659411295392,0.2717291803507591,1.9560708718529407e-06,0.0010318627210525,0.47716617811817674,2.2592456741412462e-07,3.910325800640555e-08,0.00031239908023228874
52,0.19584035182325338,0.009430989428353295,0.0025185426893520207,5.360362271693009e-06,0.0006234357434861909,7.468705631328128e-07,0.002856143930216295,0.040453463782688985,0.0006190982233996663,0.0007398417652498889,1.902678565610028e-05,0.001395930459203842,0.00026316067069539773,1.937518041114649e-05,4.256499619752998e-05,1.3736998994267682e-05,0.0005433123290764315,0.00045853603347196327,0.28011771011633485,2.2626730705988174e-06,0.0010452395082816849,0.4626527147152528,2.4988820218604937e-07,4.2222387537434974e-08,0.00033816280392911456
53,0.1914866291646146,0.010226340208123392,0.0025301557968623782,4.7196027976935035e-06,0.000621068323770265,6.971020232335398e-07,0.00251347270890177,0.03830284457339131,0.000557122819090886,0.0006544959167022506,1.8034323755916794e-05,0.0014645248736055482,0.0002569415754649913,1.8097238873158002e-05,3.92687058610009e-05,1.1810818210987001e-05,0.000512422724751742,0.0004164227206889018,0.29347947634641225,1.9913339448327937e-06,0.0010590203409954837,0.4555090587454097,2.240258033213175e-07,3.594504091155926e-08,0.00031512406490344597
54,0.16187437378358,0.017908028227944364,0.0008827666535511788,2.018131086391408e-06,0.00044356503776882473,7.761784281664957e-07,0.003634262204239427,0.025175041730989643,0.0008976312690116436,0.0007021550053278029,8.995204145172412e-06,0.0020938568506286615,0.00019653205113793533,2.0851955824261967e-05,2.704159626458408e-05,1.2369628546406728e-05,0.0005850363928070251,0.0004797399386246493,0.24886915944530996,1.5874557346521817e-06,0.0006645343336630829,0.5348147732311317,1.9199317960922633e-07,1.829467627765301e-08,0.0007046934063986372
55,0.3131816606807035,0.0286203539992788,0.0015155777025767062,3.674608103017136e-06,0.001084984072858113,6.195358657186758e-07,0.0038363038666981374,0.024032820073864414,0.0009360193209272577,0.0004955935687824905,1.8717734205808415e-05,0.007597494269515088,0.000461375173289309,3.054561600603734e-05,1.703591144116861e-05,1.430342770960038e-05,0.0008231414811675923,0.001669000050495271,0.2652003150691178,1.7718464140630713e-06,0.0008907777539450527,0.3486616609717625,2.0340759108870056e-07,2.1177110104893043e-08,0.0009060286805714258
56,0.18358745486985042,0.010785548141554599,0.002473224525891533,5.107522517963117e-06,0.0006416823434428111,7.372743547931035e-07,0.0029012038829571707,0.041026364147495525,0.0006196966475405672,0.0006467547725813418,1.9435752881548886e-05,0.0015689565109217821,0.00030908354044883156,1.9373023470921627e-05,4.050796975511782e-05,1.2870245264966892e-05,0.000557762006064461,0.00043559873915414944,0.2909323920142324,2.0848434492890287e-06,0.0009906354177367212,0.4620951565985146,2.388580245363622e-07,3.6847122244759783e-08,0.0003280935047717911
57,0.09893806975333883,0.0072322676500523805,0.0017978922967117953,1.518054477848662e-06,0.0003800924709562576,3.8153173878280144e-07,0.001268130582198511,0.0290520031524302,0.00016504801744561797,0.000283605027396593,9.006525674270213e-06,0.0019049097509604882,0.00020247628964781438,7.986266155037442e-06,1.919226365940611e-05,6.701082791938052e-06,0.00026616584153874105,0.00021658883509974801,0.4527278426719418,1.2714205778996295e-06,0.0009045012132063588,0.40448890318002867,8.750904461101072e-08,8.453488744473106e-09,0.000125350159437578
58,0.18710759191247375,0.009348559806234898,0.002553409263573949,5.076284545403926e-06,0.0005832269217419605,7.172600456311665e-07,0.002758071881584055,0.0388610087197432,0.0006218953057415139,0.0006958696578916262,1.9887591826632245e-05,0.0012449809265921087,0.00024852767161986336,1.832745449663258e-05,4.846378308429582e-05,1.2207593042335463e-05,0.000515650920993358,0.0003909587586504983,0.27346117595943564,2.1390322153353287e-06,0.0009916121727440558,0.480182656131129,2.471945975535726e-07,4.8106258716285686e-08,0.0003276896897380285
59,0.1823574579635889,0.008890779540315086,0.002793957192220783,5.339824752709957e-06,0.0006121630774027455,7.08220753761116e-07,0.00260705630962116,0.03649844627288124,0.0006344568475437008,0.0007642150564836336,2.0154991441827935e-05,0.0011273880871028859,0.0002153125890164669,1.9458646215052808e-05,5.301698527728596e-05,1.1511718028549306e-05,0.0004908748426775078,0.00038184656666189224,0.257837876295655,2.2533227540535895e-06,0.0010449726495025714,0.5032866377780145,2.491137273414236e-07,5.6741140457833785e-08,0.00034380936722071097
60,0.185639049517512,0.009959795336564147,0.0023982172887420296,4.90987321881051e-06,0.0006215411425217752,7.219086851072519e-07,0.0028423388464427725,0.04003806049250743,0.000598699184205561,0.0006722303433490633,1.801923755727991e-05,0.0014067166107266378,0.0002560416824159315,1.8489570780565863e-05,4.277051516088493e-05,1.2662099144283908e-05,0.0005167745738014517,0.00041667145993845247,0.2882326527860432,2.0877103007273858e-06,0.001048550479090403,0.46491430536054557,2.439001722499094e-07,3.7178928969155354e-08,0.00033841290164477974
61,0.19240251408429412,0.008793983820175346,0.0030500580040290453,5.4429288564566275e-06,0.0005947878664665454,7.205307057682917e-07,0.002525138493493673,0.03984389951209154,0.0005655361126501482,0.0007286152175440099,1.920659101195236e-05,0.0011667871188334674,0.00022788454287132274,1.805764338957985e-05,4.9270578678784166e-05,1.1527020107028025e-05,0.0005000798602246637,0.00039556809609959405,0.2708039371101799,2.2212197229740135e-06,0.0010746814938381842,0.47691250921077954,2.3221935191100927e-07,5.0868144768579315e-08,0.0003072898564596598
62,0.185639049517512,0.009959795336564147,0.0023982172887420296,4.90987321881051e-06,0.0006215411425217752,7.219086851072519e-07,0.0028423388464427725,0.04003806049250743,0.000598699184205561,0.0006722303433490633,1.801923755727991e-05,0.0014067166107266378,0.0002560416824159315,1.8489570780565863e-05,4.277051516088493e-05,1.2662099144283908e-05,0.0005167745738014517,0.00041667145993845247,0.2882326527860432,2.0877103007273858e-06,0.001048550479090403,0.46491430536054557,2.439001722499094e-07,3.7178928969155354e-08,0.00033841290164477974
63,0.18668273656002649,0.010750279067900976,0.002350688624173215,4.634493833020978e-06,0.0006215355751539393,7.169633275033657e-07,0.002812050284101311,0.03876341764469799,0.0006126203652962854,0.0006546632758855363,1.7960953344870228e-05,0.001427259276857611,0.0002581456736852607,1.8177282568629325e-05,4.217304472635728e-05,1.2111096561913328e-05,0.0005138784040771312,0.00040220986032821063,0.2890638374930998,1.9679755392731003e-06,0.0010138246387034141,0.46363693732384126,2.3224145368732771e-07,3.607773126481662e-08,0.00033790580308525357
64,0.17208446705984554,0.009338927479886835,0.0026379061680742054,5.100956779908898e-06,0.0006354965514393297,7.445613984583186e-07,0.002683144606804107,0.04014797096311107,0.0004951645805898428,0.0006913491384075252,1.852301676794965e-05,0.0013468221306838718,0.00023059805822040863,1.709278035276224e-05,4.709073298738533e-05,1.1904238662889004e-05,0.00044531090101017075,0.0003682713586928955,0.3072519976172647,2.2036547922023834e-06,0.001432988917249604,0.459807281247791,2.474276624374093e-07,3.778270774083707e-08,0.0002993580688172883
65,0.1755656937248201,0.009684015063933476,0.0025612705442482646,5.086112839986423e-06,0.0006188459584830207,7.545807999181965e-07,0.0028341125214553313,0.040871314878279774,0.0005771800147665404,0.0006675137496639934,1.844212780144707e-05,0.0013035332025501064,0.000249947915149031,1.817971785081422e-05,4.764796285911974e-05,1.2454109224647069e-05,0.0005031421875362973,0.00037620380035511885,0.2898811311425924,2.0826526496542098e-06,0.001085222448140404,0.47279785544570757,2.458104810231828e-07,3.872790349316151e-08,0.0003180855999083
66,0.19007340356695054,0.009262473036175972,0.001907110101940678,3.6214839021158443e-06,0.00045538452012594495,6.579611765568103e-07,0.0031224124022699905,0.04459887202830631,0.0005900569165993654,0.000527747946449026,1.3804264008617175e-05,0.001119514041420705,0.00021757941650362393,1.3276705673788163e-05,4.432786084352636e-05,1.0749989977015308e-05,0.00045892446801851575,0.00033942803916596736,0.30640353916816016,1.9093582872592894e-06,0.0008265029371682743,0.4396726669602639,2.3984234586055407e-07,3.140964709693441e-08,0.0003357655746193582
67,0.06264010962011501,0.006249368780008815,0.0014649248483345517,4.1576133329238354e-06,0.0002463425654564301,3.1111629099890774e-06,0.0029623275004762584,0.011074728007932418,0.0002511710864556278,0.0008012507986766028,2.2831036166117686e-05,0.0021308708941536504,0.0001686508813703251,7.420476006407622e-05,7.212799924776023e-05,1.1578010841560807e-05,0.0009274884432289118,0.0006949407992357899,0.13879325266227313,6.824535865623629e-06,0.0021429802926457866,0.7683485907770863,9.165480814394781e-07,7.017834963632211e-08,0.0009071801976912295
68,0.25255874068299666,0.008726835013867168,0.0035609536320551903,8.28548626083134e-06,0.0005000408440716687,8.419370560192118e-07,0.004103069445185899,0.060387443282569266,0.00036074092801222866,0.000580661926477669,2.0299924817547633e-05,0.003906011053971176,0.0006973667029472376,2.5121828731302772e-05,2.1390387092760813e-05,1.734539633638817e-05,0.0009498057248206654,0.0016267409670556805,0.2913582467389833,3.4331842144466474e-06,0.0014847130520196858,0.3687492133481969,2.7682537455221304e-07,2.7964182958950914e-08,0.0003523937227030529
69,0.08719236658989805,0.00551110942021403,0.0016275242623310932,1.6730052863362111e-06,0.00019167729234102247,8.305905140944948e-07,0.0014612141940209007,0.02318603774087703,0.00010936928885211276,0.00034441564896285214,1.3810572245401264e-05,0.0018794832975181322,0.0002445399657695566,1.219853339556629e-05,2.4648447311471506e-05,6.625591475805114e-06,0.000373768251226986,0.00027160423582643265,0.4293860978620375,2.5729883937477263e-06,0.0014887587432447426,0.4465330436116573,1.8876634453405442e-07,1.386223937011965e-08,0.00013642723801601578
70,0.17407523507961717,0.00943620246165899,0.0020301386850683106,3.184923944148493e-06,0.000476805445379881,5.565424235722405e-07,0.002420523211334774,0.03335956440203783,0.0004354875675989966,0.0005371071526363234,1.5862073753094186e-05,0.0012103202417585086,0.0002057807010551648,1.4015164964223502e-05,3.9780665167654696e-05,8.672355995006747e-06,0.0003947726936467485,0.00031666371246046894,0.3131203036718061,1.5826275239064651e-06,0.000976937730723745,0.46062721960889,1.8643074403815625e-07,2.764483241213573e-08,0.00029306920497877557
71,0.10625041708571283,0.00811937493465925,0.003746470252317831,3.718122943922287e-06,0.00043863268023506614,7.785994945802203e-07,0.0025095834929923983,0.03149965728790062,0.00032271724654972923,0.0005673538920199199,1.2895815103611058e-05,0.0008901912421086959,0.00018646203642400133,1.5779415317869603e-05,5.120095443235372e-05,6.183995819540087e-06,0.0003615800268524091,0.00024050910990909552,0.2744486190674794,1.8633400292944855e-06,0.001028814373659156,0.5690476247358666,1.4231043359736603e-07,2.948637670798704e-08,0.00024940049536150685
72,0.30491126652105444,0.014249345574751401,0.0034846358683758606,1.4385107571342183e-05,0.0012795061891050334,1.7302163723406174e-06,0.006279869911711468,0.07036422537195033,0.0012389850817340227,0.0011894607541595875,2.9532824291779752e-05,0.00173657076005009,0.0004931523908855674,2.194182258186624e-05,6.088763047180803e-05,4.166387434594886e-05,0.0007503637156462967,0.000728468005891038,0.3182248005823841,3.416546541010068e-06,0.001451230046072265,0.27307951937992375,3.8359781003507634e-07,7.428458671433454e-08,0.0003645839417320287
