,0,1,2,3,4,5,6,7,8,9,10,11,12,13,14,15,16,17,18,19,20,21,22,23,24
0,0.9931196139149507,5.799216223267267e-07,1.6551660230711717e-06,8.826659765184134e-09,1.0122288591874025e-08,9.805147914528791e-11,5.562836336223368e-08,5.507674500537182e-06,3.6501427906729695e-07,2.2785074773262138e-06,1.4964173620293066e-08,2.383721255639445e-06,3.49015392981338e-07,1.1258341160709479e-08,1.0985612514254971e-11,1.1746213794139632e-08,4.078501797626518e-06,0.0068309951779719335,2.8358310021446058e-05,4.620460644539437e-08,1.6372625889777475e-07,7.599611030850499e-07,1.6965061834336876e-09,8.221046157106466e-09,2.7426101090730366e-06
1,0.994908790782928,4.883873249238462e-07,1.5793320313565025e-06,8.356904328328057e-09,1.0268930434553371e-08,1.168601364977749e-10,5.653341574537197e-08,7.624375351447698e-06,4.591518418529131e-07,2.902119123989397e-06,1.1711798116292978e-08,1.7780552956516162e-06,3.529950339175681e-07,7.94780963110179e-09,1.0915946281213776e-11,1.881257638269271e-08,3.355278810837278e-06,0.005029628774403703,3.991255834020036e-05,5.833307880470318e-08,1.438587167677012e-07,6.851525380884111e-07,1.6652649855005858e-09,8.501707539922421e-09,2.1169189972484744e-06
2,0.9940991184833291,5.521937038835883e-07,1.666656854929794e-06,9.211437682952591e-09,1.2593239596506346e-08,1.2959510081843125e-10,6.182061630183879e-08,7.418894704069232e-06,5.262957086230948e-07,3.4693090094401805e-06,1.4362475850362967e-08,1.9126959776274435e-06,3.4315342716433275e-07,1.2155592317607916e-08,1.4117898744784966e-11,1.627933504693592e-08,3.6883430825387783e-06,0.005838912175449428,3.776086712583934e-05,7.922662815445872e-08,1.9532810568899195e-07,9.694206381673e-07,2.4026693567087976e-09,1.0337146556082871e-08,3.247650029586525e-06
3,0.9930676267716788,5.723646598851038e-07,1.811523921815842e-06,9.232414778327014e-09,1.0407365296112517e-08,1.281747943960383e-10,6.048641877551312e-08,6.501265449078912e-06,3.630672911344023e-07,2.7284281245012266e-06,1.508126788371033e-08,2.54376214476635e-06,3.8923326994751175e-07,1.119848510787713e-08,1.2230084729132359e-11,1.546718051475634e-08,4.0786207981966926e-06,0.006874247037504182,3.5327190384243326e-05,6.128110616453494e-08,1.9770058861742092e-07,8.053923562571597e-07,1.879332533596321e-09,8.933207656799147e-09,2.6135346451025463e-06
4,0.9918915485750585,6.914975312859409e-07,2.0133050925130946e-06,1.0766216766020256e-08,1.2016893685550808e-08,1.5082075156523002e-10,6.894990194051479e-08,7.048294603109788e-06,3.896469904205e-07,2.816410363907593e-06,1.835235604669378e-08,3.3684734903115275e-06,5.30504864864732e-07,1.3997488816475138e-08,1.2837636845224958e-11,1.7279005013698942e-08,4.940049828741479e-06,0.008043840761536475,3.8619091463199594e-05,6.87133572496976e-08,2.217162574673788e-07,8.975696389418447e-07,2.169545512103435e-09,9.120922977529703e-09,2.8525739339180243e-06
5,0.990946260720055,4.208793805198598e-07,1.7012704891985493e-06,1.0453974643231853e-08,8.496490821347149e-09,1.1379189245551877e-10,5.362674553455085e-08,5.708981226893721e-06,3.332779589638428e-07,2.869041016387962e-06,1.4035275326458147e-08,2.379037270620733e-06,3.433046416381666e-07,1.2020602589416664e-08,9.701063237943879e-12,1.4554551284746672e-08,4.351086749462786e-06,0.009006949857362948,2.4951835011121346e-05,6.848385127016078e-08,1.8202984036127244e-07,7.107034165486955e-07,1.8935184942247278e-09,1.0736087537490397e-08,2.6435509898645377e-06
6,0.9930676267716788,5.723646598851038e-07,1.811523921815842e-06,9.232414778327014e-09,1.0407365296112517e-08,1.281747943960383e-10,6.048641877551312e-08,6.501265449078912e-06,3.630672911344023e-07,2.7284281245012266e-06,1.508126788371033e-08,2.54376214476635e-06,3.8923326994751175e-07,1.119848510787713e-08,1.2230084729132359e-11,1.546718051475634e-08,4.0786207981966926e-06,0.006874247037504182,3.5327190384243326e-05,6.128110616453494e-08,1.9770058861742092e-07,8.053923562571597e-07,1.879332533596321e-09,8.933207656799147e-09,2.6135346451025463e-06
7,0.995567937638067,4.968401833705079e-07,2.2501357990669133e-06,7.054911298459032e-09,7.439525905458479e-09,8.440003887633653e-11,4.0794746545777746e-08,7.398557010906118e-06,1.9720859389337071e-07,1.3539822048067041e-06,1.4536606583701066e-08,2.06836735356871e-06,5.721954598826345e-07,5.048459367290244e-09,7.749956070433736e-12,9.672986478712074e-09,3.0244169070807483e-06,0.004373163827814246,3.983606141606699e-05,3.730769684305941e-08,1.3645603132532597e-07,4.832819203170416e-07,9.66366381043625e-10,5.645064380534999e-09,9.52472724725375e-07
8,0.9939334732557622,4.215067758357745e-07,1.6762915326074225e-06,1.201482535539917e-08,1.14477475057828e-08,1.0857517966531247e-10,5.3760369827413105e-08,4.094292749372792e-06,5.305872128695486e-07,3.3837706315986752e-06,1.810041962445853e-08,1.3176990425228781e-06,1.9278679391238854e-07,1.5156851539942903e-08,1.9066906987547445e-11,1.1457406190950411e-08,3.3711036727298383e-06,0.00602590761026976,2.0170867518779616e-05,5.741677644012062e-08,1.72472874034088e-07,8.850013172071717e-07,2.433221076524149e-09,2.3317380153413683e-08,4.197521206506216e-06
9,0.9943234892469344,3.1188218572118947e-07,1.996411116134969e-06,1.0523771634777307e-08,8.170597019872726e-09,9.277397107782908e-11,3.733392920692854e-08,5.44523376065161e-06,3.4477370948095986e-07,2.9252266394254318e-06,1.3718165976088406e-08,1.3575994905373268e-06,2.4042723932032947e-07,9.552397002117845e-09,1.1194012984386732e-11,1.119059942033955e-08,3.3611247982332134e-06,0.00563292700791201,2.457355335920761e-05,6.033917049869516e-08,1.503807128760132e-07,7.327505180900499e-07,1.585733576924197e-09,1.5506406137734122e-08,1.9763568853682235e-06
10,0.9930676267716788,5.723646598851038e-07,1.811523921815842e-06,9.232414778327014e-09,1.0407365296112517e-08,1.281747943960383e-10,6.048641877551312e-08,6.501265449078912e-06,3.630672911344023e-07,2.7284281245012266e-06,1.508126788371033e-08,2.54376214476635e-06,3.8923326994751175e-07,1.119848510787713e-08,1.2230084729132359e-11,1.546718051475634e-08,4.0786207981966926e-06,0.006874247037504182,3.5327190384243326e-05,6.128110616453494e-08,1.9770058861742092e-07,8.053923562571597e-07,1.879332533596321e-09,8.933207656799147e-09,2.6135346451025463e-06
11,0.9929507756251805,6.037017763164303e-07,1.9144746113926417e-06,9.640241307139755e-09,1.0584333436723945e-08,1.3487379658578872e-10,6.254515509798892e-08,7.06541014934321e-06,3.622871453771507e-07,2.707353386243453e-06,1.579090763603245e-08,2.7818486532726442e-06,4.4713907543156604e-07,1.1309252358743483e-08,1.2285760212783311e-11,1.634767170683668e-08,4.366936811670129e-06,0.006987346452161486,3.792234787084182e-05,6.344600728481624e-08,2.012992364333823e-07,8.177469121177199e-07,1.9043947960076886e-09,8.736668217007516e-09,2.4869252384008123e-06
12,0.9848089692284424,1.0491420413022772e-06,1.9695341055164693e-06,1.2516089192323782e-08,3.111638456177135e-08,1.9499538309359122e-10,7.435435193659155e-08,3.7461210563745314e-06,4.4256158900752695e-07,2.9584025769794512e-06,2.0306024363315682e-08,4.617478576515747e-06,4.4605440220027436e-07,3.1189532306710345e-08,1.2545868236998796e-11,1.7995805802264955e-08,3.7221161477620706e-06,0.015136797673926373,2.6723200895161033e-05,9.79333357998251e-08,3.0275859773149436e-07,5.987792975132388e-07,3.7829303492135555e-09,9.293259011500251e-09,7.358253090366679e-06
13,0.9924732449109013,8.203214434753862e-07,2.3162639548324594e-06,1.357799983604467e-08,1.558879954733155e-08,1.381587062737393e-10,6.542259158580424e-08,5.548715205919714e-06,3.0651005046866183e-07,1.777449171441368e-06,4.900325189960661e-08,4.748669304011479e-06,8.06176434068618e-07,1.656463480374155e-08,1.915145533113325e-11,1.5055434448514164e-08,5.297258414284146e-06,0.007460851753153006,4.082509620458851e-05,4.700824071653336e-08,2.5673933824543837e-07,8.520692881436562e-07,2.5095593618015864e-09,1.1224739697320124e-08,2.111954574236848e-06
14,0.9935175824267279,8.439529170393471e-07,1.8746482987388782e-06,7.525077672196628e-09,1.2524204063586686e-08,1.6367243805322585e-10,5.951100586998447e-08,5.8101935070136585e-06,2.952166510598783e-07,2.2899493439871972e-06,1.8589134924753903e-08,3.5915163182643594e-06,5.213151485120033e-07,1.17004817230466e-08,1.244646993185311e-11,1.614507830295075e-08,3.6910871365892046e-06,0.006410369174487522,4.968290261907428e-05,5.834577546617886e-08,2.3479209019598647e-07,7.221930481984931e-07,1.8664629336997797e-09,6.80165300484678e-09,2.297446713123188e-06
15,0.9930676267716788,5.723646598851038e-07,1.811523921815842e-06,9.232414778327014e-09,1.0407365296112517e-08,1.281747943960383e-10,6.048641877551312e-08,6.501265449078912e-06,3.630672911344023e-07,2.7284281245012266e-06,1.508126788371033e-08,2.54376214476635e-06,3.8923326994751175e-07,1.119848510787713e-08,1.2230084729132359e-11,1.546718051475634e-08,4.0786207981966926e-06,0.006874247037504182,3.5327190384243326e-05,6.128110616453494e-08,1.9770058861742092e-07,8.053923562571597e-07,1.879332533596321e-09,8.933207656799147e-09,2.6135346451025463e-06
16,0.9845831235399141,5.864941529332668e-07,1.8000328749346856e-06,1.1760475306970337e-08,9.851751262573518e-09,1.6257437315508595e-10,8.350936161239644e-08,5.194464657099845e-06,2.942555865636968e-07,4.530156523217509e-06,1.8543946099851777e-08,4.7261220424377895e-06,3.850088774755375e-07,2.20123192027735e-08,1.3083844722781941e-11,1.8753918609515923e-08,5.8397588229289515e-06,0.015357556522518644,2.9491833380623303e-05,9.263173291367231e-08,4.0078959680476954e-07,1.180997045273468e-06,2.3950846571608676e-09,1.0702518748783594e-08,4.619687240412164e-06
17,0.9869045690743262,6.765332163477457e-07,1.8403899133365223e-06,9.34281802398513e-09,9.443299539435462e-09,1.2358090922730078e-10,5.9269448136678424e-08,6.180370021466694e-06,2.7291760587345797e-07,2.478480063131876e-06,1.617108998075024e-08,5.224658393376447e-06,5.814217223123515e-07,1.629215973470423e-08,7.798463906879076e-12,1.3802795998229566e-08,6.203713311009824e-06,0.013036734504949245,3.087898943488868e-05,7.422594464232248e-08,2.5241887523303727e-07,8.957186328814207e-07,2.06891145302089e-09,6.231144086989725e-09,3.003830543931936e-06
18,0.9859526762845965,7.450042244840281e-07,1.324876292533414e-06,9.166985271977029e-09,8.263758674973551e-09,1.6183578557922477e-10,7.800331748711192e-08,5.632729396016328e-06,4.885045947997039e-07,4.363067703939022e-06,1.5925798672935177e-08,4.473850433086513e-06,4.474751102787534e-07,2.351630619627421e-08,1.0769997430648045e-11,1.703728054948553e-08,8.223669488761481e-06,0.013986759434340332,2.6789567764284223e-05,8.93479452111851e-08,2.502982942386388e-07,1.4727546794554733e-06,2.904467260824892e-09,9.588191089358923e-09,6.098556425057198e-06
19,0.9923577534972922,6.852965089683765e-07,2.417868493674764e-06,1.1899458690468896e-08,1.3904715950809255e-08,1.377486891961816e-10,7.185189248215343e-08,9.206215616650363e-06,3.8294913427101894e-07,2.6448509356388656e-06,1.7307744900156868e-08,3.4417326566869893e-06,5.847023204554886e-07,1.2432113174889898e-08,1.3132681156396627e-11,1.7461873328049323e-08,4.579170571165587e-06,0.00757150187052465,4.305917641544391e-05,7.137326595141449e-08,2.3109821623989165e-07,9.096177313142798e-07,1.9336568246153444e-09,8.27003320499707e-09,2.375367946605179e-06
20,0.9939435055264719,7.539827984055672e-07,2.5613029236212123e-06,1.4111819937560458e-08,1.3378918564424026e-08,2.051921037172539e-10,1.1053440103879786e-07,1.175715956085369e-05,5.111250913402074e-07,3.7693598165984366e-06,2.426022071810264e-08,2.9898841946642e-06,5.121898420525453e-07,1.4874794664275652e-08,3.195511361849735e-11,2.072711997234958e-08,5.7571148874133985e-06,0.005967282787038695,5.4858691774970866e-05,8.610841349168792e-08,3.559345830134825e-07,1.7218850302384685e-06,3.078729816952181e-09,1.326257567687504e-08,3.362481845430262e-06
21,0.9911955636590263,6.057714165516805e-07,1.7536142356851854e-06,8.360837518740332e-09,1.1882110105335052e-08,1.207826227078658e-10,4.7992715284105184e-08,4.5052897914408965e-06,2.88064411090547e-07,3.1392727147748277e-06,1.6436814040727327e-08,3.3354633850233655e-06,3.687837027387786e-07,1.3832946946541574e-08,9.648032533415724e-12,1.5186698340598577e-08,3.534723044128429e-06,0.008749603106840921,3.349651281631239e-05,6.45016579643221e-08,2.396437824671225e-07,7.350167480282208e-07,1.6240175963008475e-09,8.661005822078904e-09,2.642468850181451e-06
22,0.9916732515612083,3.716477113619881e-07,1.8660700267910901e-06,9.701310009942114e-09,7.002279193962721e-09,9.757231391109067e-11,4.6116651793162505e-08,5.7274493913192295e-06,2.418729280473126e-07,2.9275961262459e-06,1.4159934961278878e-08,2.5048214672648932e-06,3.196256180527456e-07,9.899389864121994e-09,9.208920003790088e-12,1.3093077757367808e-08,4.379120861820696e-06,0.008277614661912305,2.7684956614669848e-05,5.781996748762734e-08,2.099967218793606e-07,7.89697418494894e-07,1.3739454140141305e-09,9.234062091688041e-09,1.942414593565965e-06
23,0.9930676267716788,5.723646598851038e-07,1.811523921815842e-06,9.232414778327014e-09,1.0407365296112517e-08,1.281747943960383e-10,6.048641877551312e-08,6.501265449078912e-06,3.630672911344023e-07,2.7284281245012266e-06,1.508126788371033e-08,2.54376214476635e-06,3.8923326994751175e-07,1.119848510787713e-08,1.2230084729132359e-11,1.546718051475634e-08,4.0786207981966926e-06,0.006874247037504182,3.5327190384243326e-05,6.128110616453494e-08,1.9770058861742092e-07,8.053923562571597e-07,1.879332533596321e-09,8.933207656799147e-09,2.6135346451025463e-06
24,0.990015062464225,7.572472295736337e-07,2.157152628851144e-06,1.3696275141766527e-08,1.7556594431326858e-08,1.6295908987519856e-10,7.402351789378727e-08,6.967960898482771e-06,4.36801875601788e-07,2.8457055801454047e-06,1.9678064569648212e-08,4.108414488412803e-06,5.933241729817297e-07,1.8130569050457263e-08,1.247099981195455e-11,2.0585386276888638e-08,4.959710076236333e-06,0.009920690499354113,3.695183263511097e-05,7.640246656668043e-08,2.2383881974100618e-07,8.120199381443902e-07,2.4083579761869284e-09,9.367325068500087e-09,3.181004090397256e-06
25,0.9934191944929287,4.2238586515936146e-07,2.001277862091539e-06,1.056656434867641e-08,8.521301710977636e-09,9.404140698569139e-11,6.035779693473256e-08,9.190557859130045e-06,2.6522478473353787e-07,2.037065493468962e-06,1.707285461266007e-08,2.5285374304837224e-06,4.994413429678743e-07,8.245022561725237e-09,1.140552220321205e-11,1.4085336642944789e-08,4.186951441151961e-06,0.006518660698966604,3.837866620723045e-05,5.699423201165733e-08,1.9462663897322224e-07,7.275396459379411e-07,1.6855229717421468e-09,7.135212869975957e-09,1.5277642418346915e-06
26,0.9959110473417065,3.463740580216578e-07,1.285931772117189e-06,7.508692522297862e-09,7.192701419282438e-09,8.078120644534267e-11,3.3815910939490346e-08,5.0727445928249785e-06,4.1955844772380443e-07,1.7429679566113135e-06,1.1022207343433012e-08,1.0638393124720353e-06,2.378917223602493e-07,5.959156468642376e-09,8.815391594635327e-12,1.0818402052299702e-08,2.9280267730421206e-06,0.0040528054174243195,2.065470750231666e-05,4.3645795083312735e-08,9.234286895021263e-08,4.1852730208533167e-07,1.767212912122544e-09,1.2032964753730592e-08,1.7504759203697884e-06
27,0.9940448614140484,6.511811423425255e-07,1.6734047558204341e-06,1.0699166896692635e-08,1.1964348678907168e-08,1.5734563675101332e-10,8.213408098122227e-08,8.014515961267099e-06,6.514263765319148e-07,3.865748994286992e-06,1.785358317324779e-08,2.1839529007250064e-06,3.7571368384814546e-07,1.4047743909249226e-08,2.0554475646463418e-11,1.9206063075041882e-08,4.82831025435873e-06,0.005888943805700518,3.831057395625989e-05,7.671414993584425e-08,2.1415784936790155e-07,1.2672125235708643e-06,2.822587985311876e-09,1.3802914155644725e-08,3.909159313723836e-06
28,0.9930676267716788,5.723646598851038e-07,1.811523921815842e-06,9.232414778327014e-09,1.0407365296112517e-08,1.281747943960383e-10,6.048641877551312e-08,6.501265449078912e-06,3.630672911344023e-07,2.7284281245012266e-06,1.508126788371033e-08,2.54376214476635e-06,3.8923326994751175e-07,1.119848510787713e-08,1.2230084729132359e-11,1.546718051475634e-08,4.0786207981966926e-06,0.006874247037504182,3.5327190384243326e-05,6.128110616453494e-08,1.9770058861742092e-07,8.053923562571597e-07,1.879332533596321e-09,8.933207656799147e-09,2.6135346451025463e-06
29,0.9930676267716788,5.723646598851038e-07,1.811523921815842e-06,9.232414778327014e-09,1.0407365296112517e-08,1.281747943960383e-10,6.048641877551312e-08,6.501265449078912e-06,3.630672911344023e-07,2.7284281245012266e-06,1.508126788371033e-08,2.54376214476635e-06,3.8923326994751175e-07,1.119848510787713e-08,1.2230084729132359e-11,1.546718051475634e-08,4.0786207981966926e-06,0.006874247037504182,3.5327190384243326e-05,6.128110616453494e-08,1.9770058861742092e-07,8.053923562571597e-07,1.879332533596321e-09,8.933207656799147e-09,2.6135346451025463e-06
30,0.9930676267716788,5.723646598851038e-07,1.811523921815842e-06,9.232414778327014e-09,1.0407365296112517e-08,1.281747943960383e-10,6.048641877551312e-08,6.501265449078912e-06,3.630672911344023e-07,2.7284281245012266e-06,1.508126788371033e-08,2.54376214476635e-06,3.8923326994751175e-07,1.119848510787713e-08,1.2230084729132359e-11,1.546718051475634e-08,4.0786207981966926e-06,0.006874247037504182,3.5327190384243326e-05,6.128110616453494e-08,1.9770058861742092e-07,8.053923562571597e-07,1.879332533596321e-09,8.933207656799147e-09,2.6135346451025463e-06
31,0.991033178130165,1.2955834810191756e-06,1.5211036495115265e-06,2.1691672131894278e-08,2.64699527976445e-08,4.320836214107272e-10,1.6817433454541648e-07,4.63410398194115e-06,1.2371599826270999e-06,8.259225049812546e-06,5.862652358613049e-08,4.505717300912435e-06,3.8728091774429045e-07,5.038588956228664e-08,6.917254433661826e-11,4.338384353466246e-08,7.412023923826138e-06,0.008885944887649294,3.86404224280603e-05,8.61582235081226e-08,4.642669604754509e-07,2.3967020989576225e-06,5.711499018295521e-09,4.046188391391481e-08,9.621827332100308e-06
32,0.993531121853847,6.138929777035567e-07,1.8909187896165176e-06,8.920561709952184e-09,1.0837167400345479e-08,1.3979926229335976e-10,6.130429385426164e-08,6.992779785475435e-06,3.594784631533334e-07,2.747793115028737e-06,1.540811345831838e-08,2.6340573478779372e-06,4.1348665030995985e-07,1.0899637103242781e-08,1.2915935594751286e-11,1.629240846155269e-08,4.080033866173058e-06,0.006404320447769317,4.1090452888763466e-05,6.34172346597264e-08,2.0900425952485372e-07,8.360261419654734e-07,1.9178004463309948e-09,8.410534066873227e-09,2.4922136316476677e-06
33,0.9895296049862699,5.960977256152291e-07,1.7106175194616098e-06,9.34803829899402e-09,5.913434256690166e-09,1.3124511290717785e-10,6.344942589169035e-08,9.322147556378882e-06,3.0652746565581097e-07,2.5811260743043433e-06,1.40343819573191e-08,5.2204517997135935e-06,8.466903996793704e-07,1.1667274686158747e-08,6.18959312772292e-12,1.852009439952029e-08,9.197020890273017e-06,0.010399646247214804,3.790145002237082e-05,5.979155289890139e-08,1.5252534282100412e-07,1.0851531993386427e-06,1.2762563844928593e-09,5.506462415390656e-09,1.6393141637499847e-06
34,0.9953058304318658,5.456915796518445e-07,1.6551598129802032e-06,6.904973690574105e-09,9.679524538227687e-09,9.755611585222654e-11,4.422848917389564e-08,5.7605761014171595e-06,3.382139734843137e-07,2.1311839763531182e-06,1.4169857052412246e-08,1.872142073002331e-06,3.5427956504375135e-07,8.050310191608783e-09,1.0314341316269379e-11,1.1763212227197365e-08,3.0295814962357877e-06,0.004637559841541385,3.801862163559774e-05,4.6334045528376904e-08,1.521772529514387e-07,6.452020283379407e-07,1.5576565708647377e-09,7.86125295683858e-09,1.956239905088343e-06
35,0.8435125768202024,0.00101707531858935,0.005657728857864734,5.017326106962671e-05,0.002051308607959827,3.4085422162335075e-05,0.0002943681379957079,4.161923293753061e-05,6.748246072023962e-05,0.0008467786140111993,0.001930444427663367,0.0012535178986276573,7.755789611397114e-05,0.004868544120901138,9.228122544463539e-05,1.2975252178881378e-05,0.00013171408023594837,0.07637663549368241,0.021520283391963477,0.0004126022003718292,0.00845165458405924,0.004834869391867944,0.0003329936256767222,0.00019052568885230276,0.02594020398884712
36,0.9926151474038847,6.063101541476366e-07,1.5771159799093616e-06,9.276877598814046e-09,8.512913759548758e-09,1.3543175564820176e-10,7.203654447630735e-08,8.803660838797297e-06,4.504808676811088e-07,2.8680351666144434e-06,1.3384181985502756e-08,3.0712812083290915e-06,4.6887434698629806e-07,1.1122604242958764e-08,1.1721170536776151e-11,1.8753079592483692e-08,5.90863196309993e-06,0.007319523731013574,3.751651645875616e-05,6.363523601614561e-08,1.759289705808628e-07,1.016127219843069e-06,1.96436071099105e-09,7.606432500304198e-09,2.6594625431638194e-06
37,0.9922804634720707,1.621722455209433e-05,2.3739367597806945e-06,1.4624294848966982e-08,1.1481193685677036e-07,2.3789767359841774e-09,1.1117993032716422e-06,6.434194351150028e-05,5.016686744774652e-06,1.3100143063440473e-05,3.463537526499256e-08,2.7775733025296926e-05,3.535672051231862e-06,7.850572330302237e-08,1.383738090251669e-10,1.8117167991809565e-07,2.179932053487838e-05,0.006913514592631456,0.0006061344716727946,2.731750176493273e-07,1.2982845909799095e-06,1.5038351266195355e-05,1.5621089385999164e-08,3.290463531769123e-09,2.756001529027205e-05
38,0.9926673477087352,5.284664266717369e-07,1.7594427696405438e-06,9.769998591089832e-09,1.1287154800438229e-08,9.42839577392602e-11,5.0366850953119564e-08,5.570726835741783e-06,4.356493478358496e-07,2.772143078025373e-06,1.4317872550317883e-08,2.1851736695127945e-06,3.306726557600538e-07,1.274260157390389e-08,1.0377797143021095e-11,1.1602203142978788e-08,3.833840015224882e-06,0.007284927482818016,2.6091731495137962e-05,5.7958523288305114e-08,1.6626578959738615e-07,8.154562243823166e-07,1.7853233528405414e-09,1.0403736591016457e-08,3.0549012125617064e-06
39,0.9922341941562993,6.448850615450191e-07,2.119099713654627e-06,1.264340131226563e-08,1.1383224792378653e-08,1.9990232056102214e-10,9.623207203107607e-08,1.187735722134021e-05,4.116570441157185e-07,3.3354265176741745e-06,1.593648130114315e-08,3.471217050243716e-06,5.367317674339164e-07,1.2192564248667984e-08,1.7513099797818772e-11,2.3925301033930093e-08,6.0693068317038365e-06,0.007682158868996022,5.034656461536745e-05,9.185339797850599e-08,3.224869429611456e-07,1.1591617091882164e-06,2.9178218018922446e-09,7.932333366471518e-09,3.0778462160152025e-06
40,0.9928221819963832,1.80894515060183e-07,5.955087222054853e-07,1.1885810798553053e-08,3.093047520257031e-09,7.384179115095058e-11,8.221500981977432e-08,9.375269851714287e-06,6.337612469436389e-07,2.875055959007111e-06,9.792382887831595e-09,1.0971549710775483e-06,3.142776794492019e-07,6.061690125551325e-09,7.274645965897434e-12,2.165980094480069e-08,6.292988659965925e-06,0.007137781833214585,1.568170410128469e-05,5.5441166584017974e-08,8.284260971764649e-08,5.616719267680099e-07,2.3840895732452237e-09,1.1611621347258415e-08,2.1408144231187043e-06
41,0.996026866863962,8.088701572214331e-07,1.5778385207007725e-06,9.374738143359817e-09,1.8026155683353652e-08,1.0598140962150804e-10,4.8334935304347976e-08,5.983730940964272e-06,6.430393970445959e-07,1.8941081349673403e-06,1.219638346933016e-08,1.6942935913946178e-06,3.4922679499486204e-07,7.87713003890115e-09,1.0409142196031236e-11,1.3804553818406347e-08,2.7464268124440104e-06,0.003926017769629052,2.8595558878565097e-05,3.3302347148778006e-08,1.0138925989093236e-07,4.4003183823616856e-07,1.3577966451738509e-09,7.896542425545717e-09,2.1285651091837e-06
42,0.9959153946885961,7.2368547410925e-07,2.8313012150852456e-06,7.806008556753067e-09,9.047690422825554e-09,1.5078826556060946e-10,6.249959527157283e-08,1.8005431903591482e-05,3.540884489967994e-07,3.406180443315128e-06,1.3933262990258245e-08,3.612135728254842e-06,6.138442629943468e-07,7.472325628369693e-09,1.541441867815054e-11,1.8375063793269054e-08,5.795714835167009e-06,0.00393861175782753,0.00010676685173760707,7.370803772974258e-08,3.144580320531061e-07,2.004946628622593e-06,1.4360527517496593e-09,5.307904195011991e-09,1.365162722308964e-06
43,0.9941193430068006,4.1877329369030646e-07,1.7569316181461062e-06,1.0953161396275582e-08,1.1068986892032951e-08,1.4852720046801702e-10,6.902569534830583e-08,8.949539299343881e-06,6.086631770552505e-07,6.84060355365591e-06,1.323074933058905e-08,1.5221035022830583e-06,2.866665453161283e-07,1.285358765227745e-08,1.6147472670799954e-11,2.235156525380478e-08,3.8809049092521536e-06,0.005808508144346942,4.269908641024509e-05,1.094375182215512e-07,2.3613021600219924e-07,1.4265041727676686e-06,2.299288957546784e-09,1.4731518269939786e-08,3.2568254088086697e-06
44,0.9930676267716788,5.723646598851038e-07,1.811523921815842e-06,9.232414778327014e-09,1.0407365296112517e-08,1.281747943960383e-10,6.048641877551312e-08,6.501265449078912e-06,3.630672911344023e-07,2.7284281245012266e-06,1.508126788371033e-08,2.54376214476635e-06,3.8923326994751175e-07,1.119848510787713e-08,1.2230084729132359e-11,1.546718051475634e-08,4.0786207981966926e-06,0.006874247037504182,3.5327190384243326e-05,6.128110616453494e-08,1.9770058861742092e-07,8.053923562571597e-07,1.879332533596321e-09,8.933207656799147e-09,2.6135346451025463e-06
45,0.9955944155567078,5.06629475698482e-07,2.207763401132616e-06,1.3323744845680426e-08,1.0825917190547101e-08,1.8549185433335735e-10,1.0857353293164924e-07,1.5570587326992286e-05,4.5135320223959015e-07,2.8443068607701955e-06,1.6178094105163684e-08,1.9418650266460244e-06,4.7570613331023563e-07,7.391647780776763e-09,2.635065044001295e-11,2.692549503139201e-08,4.312535413657308e-06,0.004316624507476196,5.7390895013358095e-05,7.121660274687223e-08,2.2126076316110508e-07,9.444497513480363e-07,2.2316518807220215e-09,9.96592453927789e-09,1.8257389942047604e-06
46,0.9923490247307111,4.563706411269028e-07,1.6842828371121273e-06,1.0667474990030038e-08,6.10284406199693e-09,1.4297196318042365e-10,5.4370871556241996e-08,7.733007751986597e-06,3.272579005146568e-07,2.453522833647392e-06,1.4169337621119083e-08,3.02978243802312e-06,4.48443810352279e-07,9.179977910219007e-09,9.889109824076878e-12,1.751438498440257e-08,6.788180644885906e-06,0.007595252284568396,2.9841036292817406e-05,5.9050663582503213e-08,1.7618973873423097e-07,7.936028395554436e-07,1.7895216079559221e-09,9.058735658505602e-09,1.8092503186348084e-06
47,0.9888663341712643,4.795294414834566e-07,3.0022733993371274e-06,3.2212326244833e-08,3.839537198631977e-08,1.8149285998517326e-10,9.979161682762079e-08,4.6823948648628685e-06,5.343095340400365e-07,2.9409537265865313e-06,3.492573195042162e-08,2.0798611669333678e-06,3.7087740525358796e-07,2.9454172164587414e-08,2.7545478886635597e-11,2.2903126459780046e-08,3.068349715419328e-06,0.01108706348138392,2.3234471719912414e-05,8.578800911863753e-08,2.3148216200981705e-07,5.670726414591707e-07,4.245816676937842e-09,2.8468588613980163e-08,5.034377775903932e-06
48,0.996556798780242,5.660815033680727e-07,1.4862098214871515e-06,5.882351866490961e-09,3.751903343363026e-09,1.6292643312980708e-10,6.020292927187957e-08,1.543945448723043e-05,2.595317646959472e-07,1.459560782116328e-06,8.464235655973388e-09,2.461307742390788e-06,6.456515011147867e-07,3.116908900699787e-09,8.418999919500724e-12,1.9377168049318956e-08,6.194121898483734e-06,0.0033509672915457557,6.214807753518949e-05,3.8766458229890206e-08,1.21167726808314e-07,5.675093145973226e-07,1.0973524816413811e-09,3.2600773479847276e-09,7.411634041205876e-07
49,0.9905685863657167,7.957673300680443e-07,2.9148342268414534e-06,1.0910397836169203e-08,1.2535842975509482e-08,2.019648938008608e-10,6.482154827225243e-08,7.4567943237859265e-06,3.157736681819193e-07,3.3699255465868742e-06,1.8464200034462267e-08,4.717918198604049e-06,5.467262548635931e-07,1.6620258749258073e-08,1.4386529512514419e-11,1.7495858998165242e-08,5.823689910727332e-06,0.009353804068958126,4.6899634031846765e-05,8.641041245972797e-08,3.248808120857409e-07,1.276856254174943e-06,1.9916351167836283e-09,9.235790087648888e-09,2.928062471427599e-06
50,0.9919665748777576,6.89927422426381e-07,2.22058892811695e-06,1.1523032667454305e-08,1.1081124481154888e-08,1.7047297007146427e-10,3.624748407615973e-08,4.2925606452965476e-06,2.5289165256973627e-07,1.4237078596123574e-06,2.1841965471013112e-08,4.523423910962382e-06,4.984065254114061e-07,1.15242647422947e-08,9.42004625344964e-12,1.3975375015521582e-08,5.494833243668316e-06,0.007985322370926033,2.6302686313078766e-05,4.367563705709959e-08,1.9241806138276138e-07,4.87426974389333e-07,1.777082977551621e-09,9.598986345345521e-09,1.562454933282174e-06
51,0.9947108922208117,6.157504448626365e-07,1.6269337488113177e-06,1.2114237281222806e-08,1.0399029519080356e-08,7.529868798358857e-11,4.2524085433610474e-08,5.3113129909580936e-06,4.255597831154952e-07,1.911496490027042e-06,1.543584913292302e-08,2.3909830961222287e-06,3.802656924309264e-07,8.328037155207227e-09,7.524879094450882e-12,9.735755970396642e-09,4.052205900276511e-06,0.005250481362621179,1.9788434980125054e-05,2.396788405351295e-08,1.1995719164934006e-07,5.749460397729414e-07,7.745928692659612e-10,8.991135606007134e-09,1.2962167784114495e-06
52,0.9913207257343838,2.150571183120752e-07,1.5053861674812563e-06,1.0321113499231031e-08,6.169221054180472e-09,8.633832848519478e-11,3.489218357805174e-08,4.1168019827223665e-06,2.353096649567914e-07,2.6751074010707794e-06,1.3642775520522233e-08,1.5347101084805056e-06,2.7002487463548925e-07,8.754703515028217e-09,6.602814604920573e-12,1.4488024485339789e-08,3.287444247041156e-06,0.008644715092919877,1.8453451768890927e-05,5.94366229096727e-08,1.2028763295579726e-07,4.495521491825907e-07,1.3524670561347214e-09,1.3386315199947692e-08,1.5335032128489193e-06
53,0.990627029916953,6.549714742540133e-07,1.4338699455444256e-06,1.9794968648423834e-08,1.4886053608743224e-08,2.514156591320547e-10,2.394614591822424e-07,1.3778702760450396e-05,9.364062280916287e-07,4.520216598579436e-06,2.2772797245716525e-08,2.6643674317035942e-06,5.881126350559344e-07,1.9208422493598257e-08,3.448369887767058e-11,4.233569764754781e-08,6.725677150819317e-06,0.009294411252480641,3.894012028139102e-05,1.1881786261029388e-07,2.7090005433856495e-07,1.2710612108656866e-06,5.871957889410542e-09,1.538273857101238e-08,6.275606938238625e-06
54,0.9922216735149384,9.698292193083738e-07,1.3545032582804523e-06,7.658092939345769e-09,1.14562454799336e-08,1.6811438370578398e-10,7.937221602746104e-08,6.177554063033654e-06,5.319089131156613e-07,3.2553719546152834e-06,1.3579887552462516e-08,3.589226506319518e-06,4.072665611365702e-07,1.4533727126530224e-08,1.3047381518396251e-11,1.8899049902149896e-08,5.061813233788743e-06,0.007713904220434981,3.745700106029099e-05,5.927145990475005e-08,2.068315357924012e-07,9.840353602950669e-07,2.1182300746806314e-09,7.263921507422662e-09,4.212588968254555e-06
55,0.9970207554091609,1.6644318392905933e-07,3.755738455586274e-06,1.7702116503758065e-08,7.3997501786785916e-09,2.045365549800398e-10,6.711741449185261e-08,1.5211201085425413e-05,3.2951211177850975e-07,5.833958749646994e-06,2.263632691920516e-08,6.224420724080024e-07,2.6573258108553077e-07,9.8722493487094e-09,4.272431208573552e-11,1.9067104091637104e-08,3.9957342213228585e-06,0.002875147211355734,6.954490064596182e-05,1.401584878368128e-07,2.58785194492824e-07,2.3373736423964145e-06,3.21339356345193e-09,3.060277259194013e-08,1.4575406628058599e-06
56,0.9928202954448504,6.133187392898882e-07,1.9088693546808286e-06,9.664436417616356e-09,1.0930378109791994e-08,1.3247432719182495e-10,6.274941199319024e-08,6.833452782095727e-06,3.7048225946722523e-07,2.6934036565266034e-06,1.6146834503531857e-08,2.769173166243501e-06,4.4732056659883175e-07,1.1639552749253737e-08,1.233832313119449e-11,1.5996909196348582e-08,4.263168996877239e-06,0.007119293694618962,3.671662034794287e-05,6.287662623344025e-08,1.987499139647556e-07,8.095754935095371e-07,1.9130631545278144e-09,8.917153419266435e-09,2.5857460750923406e-06
57,0.9936781256543289,9.317534184712344e-07,2.89342959222195e-06,7.719867711624501e-09,1.3808165589561834e-08,1.7200052840262848e-10,5.836811328884531e-08,1.040737337113375e-05,2.8316442121390276e-07,2.951116650535637e-06,1.641682501598115e-08,5.2478896278961566e-06,6.626863221006507e-07,1.0947495067308343e-08,1.2705786402171407e-11,1.9005577957434314e-08,4.935089498804714e-06,0.006203792881672109,8.595173093670057e-05,7.623156696255723e-08,3.4910222814577824e-07,1.3339932721168618e-06,1.60488081299739e-09,5.115010199460973e-09,1.9247324507500012e-06
58,0.9936422717601903,5.288540072089932e-07,1.8405217375714872e-06,9.35355848721157e-09,9.635248651439121e-09,1.2413842426394852e-10,5.63630014625326e-08,6.137141168103586e-06,3.601652609886742e-07,2.6974678175605677e-06,1.576868992909761e-08,2.2506966887075657e-06,3.6456324519999035e-07,1.0445380019759627e-08,1.2866590016673301e-11,1.4888373077941557e-08,3.934319191788446e-06,0.0063029616809279895,3.309716882317742e-05,5.8165986376226685e-08,1.854587487565478e-07,7.734971822964715e-07,1.804433952915467e-09,1.072456810825624e-08,2.409418765441422e-06
59,0.9935891396562592,5.100546820100587e-07,1.9710831672380536e-06,9.915582097844864e-09,1.0136867032537355e-08,1.2581093804227582e-10,5.362568141745603e-08,5.953842894945561e-06,3.608254766343068e-07,2.84629784691337e-06,1.64008546746413e-08,2.1760754079707083e-06,3.3716395077796976e-07,1.1037419801801308e-08,1.3718879776176945e-11,1.4534893597141919e-08,3.889643461788186e-06,0.006356964205933826,3.2193646414780097e-05,6.134013505149933e-08,1.9634052451206992e-07,8.014808025685806e-07,1.8645721171366314e-09,1.2031440358914473e-08,2.468656201135017e-06
60,0.9930676267716788,5.723646598851038e-07,1.811523921815842e-06,9.232414778327014e-09,1.0407365296112517e-08,1.281747943960383e-10,6.048641877551312e-08,6.501265449078912e-06,3.630672911344023e-07,2.7284281245012266e-06,1.508126788371033e-08,2.54376214476635e-06,3.8923326994751175e-07,1.119848510787713e-08,1.2230084729132359e-11,1.546718051475634e-08,4.0786207981966926e-06,0.006874247037504182,3.5327190384243326e-05,6.128110616453494e-08,1.9770058861742092e-07,8.053923562571597e-07,1.879332533596321e-09,8.933207656799147e-09,2.6135346451025463e-06
61,0.9936272518073112,4.778373315952739e-07,1.994936036897875e-06,9.540204865539673e-09,9.435070306272218e-09,1.1968194258134227e-10,5.034386934749399e-08,5.958519942210737e-06,3.223728573052067e-07,2.648485328146945e-06,1.5145286324906462e-08,2.114633113485618e-06,3.3022860936612046e-07,1.0043199037657986e-08,1.2390535483086453e-11,1.3645527914879866e-08,3.7631418418000714e-06,0.006320269814675903,3.152718613206079e-05,5.8653728231143317e-08,1.8907772606081409e-07,7.440983588094562e-07,1.6941836921570632e-09,1.0841809189279957e-08,2.228385783830553e-06
62,0.9930676267716788,5.723646598851038e-07,1.811523921815842e-06,9.232414778327014e-09,1.0407365296112517e-08,1.281747943960383e-10,6.048641877551312e-08,6.501265449078912e-06,3.630672911344023e-07,2.7284281245012266e-06,1.508126788371033e-08,2.54376214476635e-06,3.8923326994751175e-07,1.119848510787713e-08,1.2230084729132359e-11,1.546718051475634e-08,4.0786207981966926e-06,0.006874247037504182,3.5327190384243326e-05,6.128110616453494e-08,1.9770058861742092e-07,8.053923562571597e-07,1.879332533596321e-09,8.933207656799147e-09,2.6135346451025463e-06
63,0.9932853665244703,6.04239765678699e-07,1.7935631951169476e-06,8.882235847059258e-09,1.0433473141165856e-08,1.2739866996392757e-10,5.987120027200956e-08,6.3988626531373445e-06,3.656771575221726e-07,2.665283055254464e-06,1.5038930988411022e-08,2.5630957205471153e-06,3.9074312745140374e-07,1.1024311892087592e-08,1.2214156702597293e-11,1.49933945041968e-08,4.028733931024435e-06,0.00665653907333234,3.5501204847323204e-05,5.864658064704364e-08,1.9527395901003534e-07,8.002712592237541e-07,1.8247633428844801e-09,8.703340843362187e-09,2.5978956816924033e-06
64,0.9933102628028101,6.31068171090936e-07,2.1009045011739905e-06,9.784055759708366e-09,1.150257928120183e-08,1.4077653297389662e-10,6.2753027951101e-08,6.845609116455293e-06,3.334008763564514e-07,2.8808393448919816e-06,1.6579450977225627e-08,2.7552506751077236e-06,3.945279427549109e-07,1.1321439925821783e-08,1.4183534511975546e-11,1.5398273933343557e-08,3.978456809732141e-06,0.006625841191717826,4.009754892986154e-05,6.438949458412766e-08,2.6000849778372884e-07,8.624072593168386e-07,1.928869287311937e-09,9.107279309332746e-09,2.553063916210395e-06
65,0.9920911159631594,5.220426905454133e-07,1.382552322051909e-06,7.660357376737478e-09,9.251947601107177e-09,1.0257720496486772e-10,5.265481792114176e-08,5.569731768525694e-06,3.6689842250914253e-07,2.7103776584852177e-06,1.2689887840990145e-08,2.590129379190241e-06,3.739760339411789e-07,1.0819814472500922e-08,8.195538582440816e-12,1.5334850704410496e-08,3.8540342664993575e-06,0.007857623984801453,3.0234824226000472e-05,5.843244371983735e-08,1.5984534544866263e-07,6.937247940334452e-07,1.6832995868687595e-09,7.511131721871933e-09,2.6257658084486865e-06
66,0.9911538031720702,5.727146477426013e-07,2.0951419988104273e-06,1.1308388593750234e-08,1.3311021339206958e-08,1.2750781324628623e-10,5.82935788204105e-08,5.668360137139229e-06,3.4222719082642515e-07,3.122077191359529e-06,1.8136976330377943e-08,3.1609277046967687e-06,4.17917008111722e-07,1.4720644385275989e-08,1.1670116904059477e-11,1.631344017975249e-08,4.19199507539931e-06,0.008788885117333193,3.358147533772669e-05,6.672891544859889e-08,2.3533629227232671e-07,8.586264720400693e-07,1.8641973400163434e-09,1.0038972659930477e-08,2.854056227562487e-06
67,0.9923133635244731,5.920731404192147e-07,1.8841050417667536e-06,9.89254132303679e-09,1.0563622479622091e-08,1.4844287275802582e-10,6.450696202482524e-08,6.443204693803e-06,3.6710037847661564e-07,2.9456587273412436e-06,1.64494376754831e-08,2.804652638330199e-06,4.1099948062109393e-07,1.3041001278264816e-08,1.3315241577362434e-11,1.6544348056113776e-08,4.536041305312961e-06,0.007626658950876619,3.5748349124508746e-05,6.99794891330697e-08,2.2013700492630948e-07,8.829644007735981e-07,2.1580320258298177e-09,9.938142100067898e-09,2.929003379730398e-06
68,0.9848716861059007,3.826714473054861e-07,1.858516181524865e-06,1.0217604303016996e-08,6.6311310614009646e-09,1.1339159382269295e-10,6.002189737113436e-08,7.3158758954499185e-06,2.1193005089939238e-07,2.2248106604645645e-06,1.1780870729577317e-08,4.042851365463097e-06,6.704573028714121e-07,1.040428799687544e-08,5.011431267103508e-12,1.695665171725196e-08,5.097331929275991e-06,0.015076098228110384,2.7549547209629927e-05,7.822771386244481e-08,1.8398628557027834e-07,5.316906555225867e-07,1.4761533975890718e-09,5.5647525852305035e-09,1.9445975385398536e-06
69,0.9938790036828797,5.726573080162304e-07,1.4622936935159344e-06,9.407070825327229e-09,1.2210277895160723e-08,9.407403510594367e-11,6.013231052789806e-08,5.574972493519802e-06,5.086165979288543e-07,2.42171404833297e-06,1.2317022032823803e-08,1.8192910287609271e-06,2.7968594485653797e-07,1.024813307950482e-08,1.1749350893992505e-11,1.3526278502607357e-08,3.374858520360183e-06,0.006076476505742349,2.446713141216521e-05,4.199811632725635e-08,1.3024995672742805e-07,6.32741523050818e-07,1.6383607357317254e-09,9.011104250963326e-09,3.1050043529806283e-06
70,0.98185614810296,5.13291736882192e-07,2.250382650818761e-06,2.7043104546727884e-08,1.967592917912261e-08,2.2221730000519917e-10,8.733621826225116e-08,8.526623548129086e-06,8.498755754269641e-07,4.381744418997932e-06,1.505183224940307e-08,3.851292972764693e-06,5.990381589966407e-07,2.768242375356328e-08,1.0361529298352393e-11,3.7659184556283024e-08,8.251950909898255e-06,0.018088287199089982,2.0361944023588464e-05,1.4116446058417912e-07,1.557249577900226e-07,7.961836726088584e-07,3.43201244658586e-09,1.8156192964389447e-08,4.649211387040646e-06
