,0,1,2,3,4,5,6,7,8,9,10,11,12,13,14,15,16,17,18,19,20,21,22,23,24
0,0.005223521475574257,0.04327134009771961,0.10774414465633071,0.1920620578439223,0.042816561098320605,1.5687769447651587e-05,0.015355599215051046,0.406729302642147,0.0006792191406000711,0.0057322243010940015,0.0007436044489946956,0.04003133487008375,0.005152428226664409,0.070127132536361,9.53907958949845e-06,1.95762083322743e-05,0.00039055162345502463,0.013319273805886173,0.0033656050185993953,0.001824540827621873,0.00023113611224595334,0.029100719415694972,0.00039961778225656286,0.011793845678173894,0.00386143612583332
1,0.003197415677240822,0.06574181010396679,0.0400365469098314,0.27260410502264454,0.02571068200916681,9.671204390473761e-06,0.01044240285914837,0.41956615526362995,0.00044154631517485504,0.011594365115468658,0.0002951305960054132,0.017114187922575814,0.0021481145702095797,0.059451615572464485,1.1019937651917694e-05,2.1801948947082338e-05,0.00040964612490901087,0.011205535930697301,0.004095647937415694,0.001225696504437009,0.00045417789651077555,0.03514803369998951,0.0005781125198210988,0.008879513134127725,0.009617065223574781
2,0.0041569504968571695,0.07572719127023918,0.025820013263071907,0.29329244142490934,0.024006978396377974,1.0546123491350833e-05,0.010382926648911371,0.3491605141347911,0.00018657759964726167,0.008456174277395916,0.00033541572140081245,0.02329172056840562,0.002011557848081015,0.07815171325874819,1.6276552611518145e-05,2.392188173615201e-05,0.0007315789724921637,0.016744805043582438,0.0028283811863489073,0.001209739989272218,0.0005495201923841206,0.05954616283844518,0.0016853497308696424,0.010347467526522908,0.011326075053406628
3,0.0036663308039164,0.07614624424767193,0.03324025630394313,0.3140341508065192,0.024139710883595695,7.624825759887075e-06,0.009219282491067364,0.3583594814285822,0.0002051793698113856,0.008431667214799772,0.000337653493646176,0.02163828795803757,0.0023298009004629346,0.06193603593556733,8.334156272219076e-06,1.3557514028489406e-05,0.0005906455184715802,0.019584893499081275,0.0022661505473468707,0.0011164652024156596,0.0004469198940152813,0.04007851723119217,0.0008614018340857987,0.011880902512688727,0.009460505427020953
4,0.0034533931575455377,0.08098960836867813,0.037835894222256444,0.32922477365773095,0.028966634353639237,8.738179116757527e-06,0.009429861402115172,0.31488090690406084,0.0002120355078885844,0.008582748238044675,0.0003505791735157691,0.022670400165876653,0.0031245802423959506,0.07724237046686229,8.012717878606514e-06,1.3445417608796943e-05,0.0005416058887797997,0.019527658299542266,0.002104804366324959,0.001172946066177749,0.00039974543293020516,0.03828717284565274,0.0008643516458269328,0.011791546616644263,0.008316186662906674
5,0.0029326128861347474,0.07259373114391104,0.027159299556096063,0.36687779202004583,0.022573000484881728,6.507868196305523e-06,0.007901544995060975,0.33465729552694984,0.0001445284994833358,0.00834535735842141,0.0003070399967534796,0.018063961742105148,0.002253357492096493,0.054413013287046265,5.885670501716088e-06,1.052688874799179e-05,0.0005569349282983911,0.023600414617711642,0.0016277296622272122,0.0010585981675899532,0.000441151285296157,0.03248389263946112,0.0009011241414212448,0.012593561981226886,0.008491137160335092
6,0.0036663308039164,0.07614624424767193,0.03324025630394313,0.3140341508065192,0.024139710883595695,7.624825759887075e-06,0.009219282491067364,0.3583594814285822,0.0002051793698113856,0.008431667214799772,0.000337653493646176,0.02163828795803757,0.0023298009004629346,0.06193603593556733,8.334156272219076e-06,1.3557514028489406e-05,0.0005906455184715802,0.019584893499081275,0.0022661505473468707,0.0011164652024156596,0.0004469198940152813,0.04007851723119217,0.0008614018340857987,0.011880902512688727,0.009460505427020953
7,0.003967690611390573,0.11633790904015144,0.054637842489157755,0.31900129407241185,0.017963755206739103,4.498560101261219e-06,0.014576244926520286,0.3158862094627894,0.00026381091068117333,0.005894341875287766,0.0005052070893018665,0.01822220393901152,0.006416517036046893,0.05211731388734882,5.336971318027279e-06,5.762537526428069e-06,0.0005046122174148438,0.02042872426944716,0.0014128249141156862,0.0015753220247568297,0.0001969550845942136,0.02345100229919767,0.000437709482349934,0.01992397486370485,0.006262936228634755
8,0.0023813884104414737,0.06192631411821107,0.03040918602499426,0.42059836076073465,0.0180077415118256,3.078002039981071e-06,0.007384073557915584,0.32108918684090065,0.00011988828406640422,0.009589763542607063,0.00010282694280835808,0.010972217602037978,0.0019446797463050568,0.058024697161477054,4.660359680997158e-06,1.2146271423772183e-05,0.0004215519554506292,0.009572475339496593,0.0012813878396825116,0.0008296960056801492,0.00032060859372518144,0.018546590016686692,0.0007939052460747416,0.012687153292151617,0.01297642257358201
9,0.0020439588295998678,0.0741483203689463,0.051789109366231066,0.41966734955438845,0.018815185954919156,2.0966309423206555e-06,0.007119840974793056,0.30800333787723294,0.0001813770020955999,0.007728158633754254,0.00011817929765660698,0.009898388395102249,0.0034758573130549875,0.046601248895183994,3.0614777315595458e-06,5.7958034009080245e-06,0.00034732701892388,0.00895427384814372,0.0009506525571848339,0.0009312542340240497,0.0001898480355703244,0.01102507766935314,0.0003473431493644813,0.017260318690418178,0.010392638421984152
10,0.0036663308039164,0.07614624424767193,0.03324025630394313,0.3140341508065192,0.024139710883595695,7.624825759887075e-06,0.009219282491067364,0.3583594814285822,0.0002051793698113856,0.008431667214799772,0.000337653493646176,0.02163828795803757,0.0023298009004629346,0.06193603593556733,8.334156272219076e-06,1.3557514028489406e-05,0.0005906455184715802,0.019584893499081275,0.0022661505473468707,0.0011164652024156596,0.0004469198940152813,0.04007851723119217,0.0008614018340857987,0.011880902512688727,0.009460505427020953
11,0.0036968008630039917,0.07873846395095344,0.03458738812846461,0.3174045929485303,0.024494356681158586,7.6189985404192555e-06,0.009398796973960993,0.3482505891770212,0.00020405508259834976,0.00829951692811685,0.0003453641423395663,0.02213607314803247,0.002704861438363122,0.06360081910023388,8.024192104696926e-06,1.2939348602964267e-05,0.0006005546899878574,0.020293107094321507,0.0021123398405457207,0.0011654260489062861,0.0004148167386184557,0.03910532993406361,0.000860921817804742,0.012563817110102439,0.008993425623623945
12,0.0032592853721706526,0.06940380900638847,0.03817868023283549,0.2956323593548767,0.018644274586613555,5.974523938321626e-06,0.01063769110947217,0.4260861552141749,0.00034674046130965156,0.008259976617432859,0.00033125788192292483,0.015677901856795667,0.002177311724600722,0.043669197242343326,8.600073400613069e-06,1.1923119964694277e-05,0.0004500001967876025,0.013051209604888474,0.002690797070777475,0.0012089698064113492,0.00037366403357403684,0.028195191170654613,0.0005146061470892658,0.011474844468951237,0.009709579122625272
13,0.0042847321973121626,0.06336569207129086,0.044168490104813704,0.27509755756450543,0.028252829280728184,6.892049986740437e-06,0.008277766485222729,0.3624278267994178,0.0002170858772813319,0.00499537169665079,0.0005117019925169238,0.041738283443369564,0.002552183653496591,0.07711110744333645,9.339209728528413e-06,1.084004993183987e-05,0.0007549471199761419,0.01745465768351889,0.0025963043500518237,0.001082504055742242,0.0004583817000238404,0.0463966706850917,0.0007354318509455072,0.009420491096265903,0.008072911538794365
14,0.0002550161191039245,0.46615048183064256,0.00979771558718715,0.23660399665473503,0.03990601199880126,6.242110020499789e-06,0.002943863207656632,0.13372764546759555,0.00021675484525166772,0.03833536156969928,0.00016977035505899503,0.0011030270314083101,0.004944804649927951,0.02356886383524006,2.5367868714008917e-06,1.9970675761461204e-06,0.00011197971786909415,0.013029408723697117,0.001005857413652994,0.0003595847970909398,0.00018597025180122466,0.01286546591289106,0.00014171095980010305,0.012818146746017963,0.0017477863604030174
15,0.0036663308039164,0.07614624424767193,0.03324025630394313,0.3140341508065192,0.024139710883595695,7.624825759887075e-06,0.009219282491067364,0.3583594814285822,0.0002051793698113856,0.008431667214799772,0.000337653493646176,0.02163828795803757,0.0023298009004629346,0.06193603593556733,8.334156272219076e-06,1.3557514028489406e-05,0.0005906455184715802,0.019584893499081275,0.0022661505473468707,0.0011164652024156596,0.0004469198940152813,0.04007851723119217,0.0008614018340857987,0.011880902512688727,0.009460505427020953
16,0.0028776637573085916,0.07080293017327341,0.018690154906195227,0.34719779901043335,0.018628955816061027,7.850356600266415e-06,0.008170387497271487,0.35580917111632077,0.00012587438646328208,0.012929002781815677,0.00026938304541638814,0.017530917258289938,0.0015134423550101036,0.05491998856213323,6.093031609533791e-06,1.6543054151112777e-05,0.0005285002889856241,0.025732553921660444,0.0021256116829613905,0.0010165048916049768,0.0007526530427276018,0.041274638700206395,0.0009496440731830289,0.009440942214085904,0.008682794076231288
17,0.0031233840081446728,0.056266216296964065,0.029432893116397643,0.43097491918958625,0.022886491117281135,6.694512727100391e-06,0.007799901507173586,0.25322101837235755,0.00010012300022361608,0.006515881059796287,0.0002737564405504058,0.025426527091357995,0.0026926076926281103,0.08706746451284139,4.2341323159543125e-06,1.144971762371908e-05,0.00047011600210656045,0.02379016948974013,0.0012434498444019047,0.0011546449230298138,0.0003772682666603997,0.028112883342280303,0.0011482160590675344,0.00947272053089085,0.008426969773853083
18,0.004380168905946959,0.07852443345067207,0.03265610206983865,0.30431987283847717,0.021293089023713567,6.476159510826992e-06,0.009192640479323904,0.3567522726457097,0.000172668272636245,0.008069491216202443,0.00031277457323574743,0.024850900776354413,0.0023238110898758627,0.059558841745577684,7.834878161762498e-06,1.2618950670984258e-05,0.0007320313057962701,0.02326516917099648,0.0020247286129163665,0.001060511950118125,0.0004592963055956261,0.04477217498908267,0.0009000029928228,0.013703514566957696,0.010648573029806006
19,0.0024420683793363045,0.06813853927900748,0.05246785940510312,0.3144058221567414,0.03588208770222578,5.9890902567366e-06,0.006451686274499168,0.34351637986435274,0.0002528908039863473,0.007740494401720269,0.00027743884002659784,0.025323519031414648,0.0035581710116836217,0.07181798333243483,5.45293667608225e-06,8.412397177379798e-06,0.0004934517676862366,0.013697108411419355,0.0018899747362942786,0.0010750310672172515,0.00029195483516384084,0.03280432374626119,0.0004377054716169329,0.010273018583452205,0.006742636474246267
20,0.007002395019945278,0.07542948102218612,0.05231121778776931,0.43807489569685876,0.02010390531739082,1.358187309272143e-05,0.0195169399132025,0.18134829276857412,0.00022724637007903064,0.006883693627540805,0.0006061080106637068,0.024131923078816273,0.003460393751735837,0.09597956779948592,6.0539038738335335e-06,1.925657269187423e-05,0.0003003217856157494,0.02911002043738745,0.0019048586039221702,0.0014374281681698734,0.0003694439537703236,0.014798286649756643,0.0010386698454388453,0.012252017052191781,0.013674000989840035
21,0.004805071162783906,0.05788014674813593,0.03956303391659463,0.37614136888190286,0.022644399898497456,9.365169715921535e-06,0.012531271851079849,0.2637635703152691,0.00013952478276033894,0.008187065558783138,0.0003390832506529669,0.03596870233994158,0.003527060008519567,0.09648311228380534,5.592519239301597e-06,2.0788935161089924e-05,0.0004729526641039869,0.024294422696536158,0.001744544641155409,0.0014621771988619346,0.00043576846097565723,0.029235489056814796,0.0011199661894027038,0.0106541897382109,0.008571331731095366
22,0.004505762274706778,0.06219921118251328,0.0340060971958669,0.28887324098946565,0.02088760836171559,8.212152098599097e-06,0.00931515644605625,0.37241841779491003,0.0001505596910334628,0.007129335146712265,0.00043357989246515204,0.029248908426008604,0.0018576762657718433,0.06154429879231222,6.914925006520039e-06,1.5006237737821315e-05,0.0007555726280886729,0.030883092314526225,0.0020203905983263238,0.0013053155448266038,0.000607707689956514,0.05154269537929546,0.0009469073875833289,0.011585783935213652,0.007752548747802378
23,0.0036663308039164,0.07614624424767193,0.03324025630394313,0.3140341508065192,0.024139710883595695,7.624825759887075e-06,0.009219282491067364,0.3583594814285822,0.0002051793698113856,0.008431667214799772,0.000337653493646176,0.02163828795803757,0.0023298009004629346,0.06193603593556733,8.334156272219076e-06,1.3557514028489406e-05,0.0005906455184715802,0.019584893499081275,0.0022661505473468707,0.0011164652024156596,0.0004469198940152813,0.04007851723119217,0.0008614018340857987,0.011880902512688727,0.009460505427020953
24,0.002001571051138799,0.08150565698734735,0.02788259606658003,0.4189560989941425,0.027948488898834306,7.107439619642356e-06,0.006695561956241647,0.2593647603788838,0.00014644698750899488,0.009343803915409702,0.00025423797755406107,0.016489304209911133,0.0029124967812919024,0.08068735173711657,4.4396286004457056e-06,9.418060147547611e-06,0.00035051483341850956,0.018453516449565995,0.0016508404752651998,0.0010795123725071741,0.0003545965063970365,0.027758779766103286,0.0007116125110705304,0.008124574963277117,0.007306711052066758
25,0.0029980968074379928,0.03553498653070456,0.028909179093639183,0.32376506322457027,0.013140981347792846,2.692420678052915e-06,0.008789319830733,0.4627074218193025,0.00010003724343254043,0.003549667185180354,0.00038392759134189206,0.024427033119608116,0.002129924936834272,0.03550681148766357,3.2294698101575864e-06,6.4529394556225245e-06,0.0005930073291330326,0.0175264582421257,0.001417865588285959,0.0013078990809086792,0.00031116694072491234,0.021282408127645633,0.0005762709100594819,0.010570370569714787,0.004459728163216998
26,0.005689049318303783,0.07201110765227028,0.04424400784002301,0.26570451142045676,0.01656040309442516,3.7917646030217496e-06,0.009003432362362061,0.4148155305467965,0.00016676921328938796,0.005994120490795054,0.00031788891027200876,0.022900082554469264,0.003116494910180928,0.030084235331068757,5.162595044189326e-06,6.9312211721606855e-06,0.0011259128769637505,0.03234956417528498,0.0010817707847276755,0.0010795744104508545,0.0003022771097415992,0.034023540131655816,0.0006433192885830946,0.030462355852763044,0.008308166144296945
27,0.0036738421060297675,0.07188859819431558,0.02987324347955267,0.2452110382399889,0.019288955456817327,8.664754859225222e-06,0.008641557918468094,0.44744097749767275,0.0003349740923924058,0.009873097057140628,0.00028189183862836005,0.01658962436631373,0.0015197559532414777,0.044726694086054425,1.2611148730265573e-05,1.5846073318441986e-05,0.0005868693800278872,0.016074857494058046,0.0027978999996795466,0.0011730089609041721,0.0004711102669417948,0.05583106474255183,0.0007335390235199376,0.010804432443343346,0.012145845425449242
28,0.0036663308039164,0.07614624424767193,0.03324025630394313,0.3140341508065192,0.024139710883595695,7.624825759887075e-06,0.009219282491067364,0.3583594814285822,0.0002051793698113856,0.008431667214799772,0.000337653493646176,0.02163828795803757,0.0023298009004629346,0.06193603593556733,8.334156272219076e-06,1.3557514028489406e-05,0.0005906455184715802,0.019584893499081275,0.0022661505473468707,0.0011164652024156596,0.0004469198940152813,0.04007851723119217,0.0008614018340857987,0.011880902512688727,0.009460505427020953
29,0.0036663308039164,0.07614624424767193,0.03324025630394313,0.3140341508065192,0.024139710883595695,7.624825759887075e-06,0.009219282491067364,0.3583594814285822,0.0002051793698113856,0.008431667214799772,0.000337653493646176,0.02163828795803757,0.0023298009004629346,0.06193603593556733,8.334156272219076e-06,1.3557514028489406e-05,0.0005906455184715802,0.019584893499081275,0.0022661505473468707,0.0011164652024156596,0.0004469198940152813,0.04007851723119217,0.0008614018340857987,0.011880902512688727,0.009460505427020953
30,0.0036663308039164,0.07614624424767193,0.03324025630394313,0.3140341508065192,0.024139710883595695,7.624825759887075e-06,0.009219282491067364,0.3583594814285822,0.0002051793698113856,0.008431667214799772,0.000337653493646176,0.02163828795803757,0.0023298009004629346,0.06193603593556733,8.334156272219076e-06,1.3557514028489406e-05,0.0005906455184715802,0.019584893499081275,0.0022661505473468707,0.0011164652024156596,0.0004469198940152813,0.04007851723119217,0.0008614018340857987,0.011880902512688727,0.009460505427020953
31,0.010135644385742082,0.036021505467117874,0.00230856408576667,0.04237268011124708,0.0077365746032849025,0.007630142173810555,0.09965677407060565,0.016111516999285938,0.0016657240348872317,0.0037311416940746483,0.045295391723698133,0.028712365433878135,8.061034365166302e-05,0.20129715853033422,0.0076927582399701246,0.0010713124062649293,0.00013904807107315104,0.013034229868096336,0.03156253402639765,0.0007849711674430038,0.006497552476858499,0.36367403613529387,0.052286696292301565,0.00020679936177623093,0.020294268297139866
32,0.0036841648677882447,0.07483316675802063,0.03292426775402012,0.2944144752703913,0.024543932573004242,8.05100814554982e-06,0.009128014267412781,0.37803792877157294,0.0002328335323729612,0.008790093556196038,0.00033471389814087785,0.021559891948147534,0.0021683320830764162,0.06135977510658926,9.527839900438809e-06,1.5089133676694286e-05,0.0006012096499287189,0.017938744363572443,0.002700936909383761,0.0011103471259577807,0.00047771173152865365,0.04362423901268509,0.0008313077965151277,0.011027307689503168,0.009643937352469233
33,0.0037181248511726083,0.08735186130872621,0.028912824893678454,0.29616714843622366,0.02700668363675604,7.610506387271194e-06,0.00824333957474784,0.3424559377771363,0.00015083306367123705,0.008139694867298342,0.0003303519052770638,0.02406758473637296,0.0027279325502820554,0.06935722813431548,7.781174112049818e-06,1.2737811799613919e-05,0.0007063639062106583,0.022872023678061865,0.0021332901627903918,0.0011099247290577215,0.00041505641302396856,0.053477079188944045,0.0009910563305578453,0.012067672014384611,0.00756985834901169
34,0.006374211155362044,0.08409131416833958,0.06731084923267024,0.1801755419809075,0.02143539409296757,1.3147218466361671e-05,0.015926272582754218,0.4549292051861772,0.001987289641910341,0.012752077731665343,0.00031796698421663266,0.015314992109038136,0.002416862073950456,0.05530777964605154,2.169085987288479e-05,2.4401917503234438e-05,0.0003051799154086571,0.008295375071048867,0.008265369416582307,0.00118220498638588,0.0003742066809237197,0.036827506321053895,0.00025587634272099106,0.00926050195194125,0.01683478273208121
35,0.003325467393830066,0.04156727719461713,0.01781850465848242,0.22180620522702107,0.006973567513153192,2.266240218341156e-06,0.004907656235700614,0.5912636476493324,0.00021875025964406626,0.0089278016049338,0.0001280453308907547,0.012532535640980252,0.00111298541966216,0.012695062900441758,2.425709216158787e-06,4.78856525144906e-06,0.000567000701684017,0.02302026165335527,0.001657192035707175,0.0008650081452431694,0.00030678023929913735,0.02891688490828657,0.00019624217282113613,0.011167262173475828,0.010016380426752151
36,0.004050439333930695,0.05616340019537524,0.04292818781707274,0.23274348274855022,0.029579751496326065,3.219019614429249e-06,0.005237351625916003,0.4448720766663895,0.00021992523091360228,0.006247712469700764,0.00016579342467781824,0.03801731807352272,0.002755290905143015,0.05936799068931585,8.21326168930449e-06,1.0954711343560958e-05,0.001041430048018226,0.00875831332658771,0.003203625223559246,0.000715189132743202,0.00032218003119544665,0.04181253258197239,0.0004799855777988956,0.010595117230052638,0.0107005191785905
37,0.011152335325118523,0.08243964958357557,0.057470348429926585,0.28596601673902683,0.019916652410722838,5.767428319899312e-06,0.014449576401061735,0.26016689675981675,0.0001221000418617622,0.004247799331408078,0.0004418883093441511,0.04764187935174746,0.0036022665316853956,0.10532623308680408,5.349928669728992e-06,1.1864675292125978e-05,0.0007575177202364553,0.03546532982023529,0.0017602167359608359,0.0011618820122307532,0.00034745507069270954,0.040861599295564266,0.0008423855808851294,0.01612782751196039,0.009709161917852632
38,0.010155336175762163,0.08400684676044141,0.031464050379894956,0.24149609875478353,0.02005716269858569,2.9820614464411616e-05,0.030151724370712125,0.2923103349635782,0.00024289700532709863,0.01000622889687037,0.0008393344850088457,0.031902472729262096,0.0020261561041021604,0.10068633749769586,2.533762698509381e-05,6.0729824957015976e-05,0.0006070186816102076,0.034713225804903054,0.00396871214677767,0.0017060315634253513,0.0008445360646785372,0.07610660162568901,0.0027436690239549142,0.012654825232716261,0.011194510967813981
39,0.002749734764214281,0.027272365471710976,0.028130730422169084,0.2861292005228509,0.021076703885208197,6.382279037208311e-06,0.006081543690056725,0.4933652304588359,0.00016959756337451683,0.0071214126995318055,0.00024241658459402967,0.024243136596586272,0.0010321840186059894,0.04118240500451101,6.113582982565536e-06,1.9482384381840933e-05,0.0005104052047814372,0.013132794373005763,0.0026364045163267515,0.0010714373701882574,0.0006345982768404306,0.02735813741296603,0.0007196606514234738,0.007128904984083555,0.00797901728173309
40,0.008896028182698358,0.10291176452917246,0.053691013622133604,0.19021564815448697,0.0313970497944259,1.3165003603324568e-05,0.011179870751075469,0.2483697805869298,0.0002486258263520279,0.0053365727109348626,0.0005595281645533378,0.05005077431171462,0.0023169144100080243,0.14037531388287733,1.605961342072605e-05,1.6929570830318008e-05,0.0007925035118929726,0.025214778804230478,0.0033430950189470465,0.0009575892704101024,0.0005352972895193694,0.10192595818993515,0.0009323315441961594,0.009485712703900775,0.01121769455175066
41,0.00239811617752166,0.08569724254025804,0.05117435370439077,0.298947520512638,0.03940262954785571,9.576892495506578e-06,0.007484201034725735,0.3472762125193617,0.000495075888179066,0.012057940951600012,0.00023646295077487975,0.013252318191963573,0.0023006985328162706,0.07283596126303199,1.1912526603420057e-05,1.5428581681072828e-05,0.00035230684888522273,0.009159984825687554,0.002968599041793226,0.0009134024294941899,0.0004016955433229847,0.03056909149561024,0.0005066018384026854,0.010284336698419076,0.01124832946248742
42,0.0036513414171242976,0.08457446303057861,0.03758469079841584,0.3788446848985947,0.026883719526502915,8.323148748083822e-06,0.009645076588563074,0.2682893793859301,0.00019015894630710693,0.008050603019641158,0.00036770645029078386,0.02205161808181602,0.003291706174575506,0.07659617060309289,6.436973205925473e-06,1.0606936378376933e-05,0.00048171198831354527,0.023923930202957657,0.0016442690673129372,0.0010637421764000728,0.00036950704727592215,0.028798933974677164,0.0008732073462223224,0.013055305534825493,0.009742706682249521
43,0.0017276227260682223,0.05710191898795623,0.01326157378662812,0.2414796585293548,0.026953733792377026,1.0547382017418232e-05,0.004789151137916206,0.499047119738187,0.0002117669595989179,0.018128599133939,0.00020809212075038728,0.010811036002458986,0.0008378963590726521,0.0318446699846785,1.1564331799207885e-05,2.120627060585113e-05,0.0005817289823045358,0.014575126689899475,0.003267773867668146,0.0007167791583181642,0.0008801712254228518,0.05664584455149184,0.0008904996318239629,0.00828911201405252,0.007706806635609921
44,0.0036663308039164,0.07614624424767193,0.03324025630394313,0.3140341508065192,0.024139710883595695,7.624825759887075e-06,0.009219282491067364,0.3583594814285822,0.0002051793698113856,0.008431667214799772,0.000337653493646176,0.02163828795803757,0.0023298009004629346,0.06193603593556733,8.334156272219076e-06,1.3557514028489406e-05,0.0005906455184715802,0.019584893499081275,0.0022661505473468707,0.0011164652024156596,0.0004469198940152813,0.04007851723119217,0.0008614018340857987,0.011880902512688727,0.009460505427020953
45,0.003847519223216027,0.09011358205637608,0.026029616108854653,0.37842596852735955,0.02136878169694238,8.802126139834265e-06,0.007760574911027749,0.26257887507791255,0.0001386142013692129,0.00918737593404647,0.0003413692923014898,0.022560349087683052,0.0018650310584929339,0.0716983573496317,6.625227067480873e-06,1.2324920086023132e-05,0.0005959819155291849,0.03324132157073588,0.0017781017056099646,0.0010042507104510259,0.0006165158018475869,0.04222758808328631,0.0010842918099381086,0.010610779112474598,0.012897402491620132
46,0.004387276549394379,0.05161625631564445,0.02377547505372614,0.24028640981970684,0.016673633787044905,2.2042113546516173e-06,0.00411889670975677,0.49316680349037767,8.049125822076137e-05,0.004305466196264945,0.0002365136578782564,0.033812648425477126,0.0020916419173969162,0.025602957000567594,5.330072474810637e-06,6.211647843087737e-06,0.0022306310282019844,0.02148862645653184,0.0013336787884438595,0.0008283343166472943,0.00038226778459837015,0.04758684301886299,0.0007427748422058916,0.018029770451536704,0.007208857199841604
47,0.01574012414609427,0.0774425097685596,0.03494327005834876,0.15658168161054578,0.012567918171925894,7.722417345388085e-06,0.012594395657260631,0.35521711570686487,0.00013753944562467835,0.005810921729238978,0.0004159828335681069,0.06981747376768102,0.0020509697278135483,0.05510414382861088,1.0654749196050938e-05,2.1176095086030048e-05,0.0015408836569603922,0.043866602455007175,0.0024955973651479713,0.0013879214819559774,0.000562731745309963,0.1236457246559466,0.000991749417340148,0.015131833303391231,0.01191335620517609
48,0.0036102162356644847,0.09193014477395572,0.016714065530985586,0.21120198505368543,0.017352082346283132,3.4996101602300147e-06,0.007492737789593699,0.4866845788966258,0.00012975364885686936,0.008505162657878127,0.0001990514203510893,0.015712961452110798,0.002156417767023653,0.0366739023233967,9.464597365084386e-06,1.1429365834603774e-05,0.0011281381975099152,0.013889743007448968,0.0030472634317902218,0.0007951871769491113,0.00036982930468610064,0.06058318139067065,0.0008388151341501476,0.013886365411804928,0.007074023475218905
49,0.0038537544251054374,0.05854230752967431,0.04122041534220345,0.295499920830782,0.030139814587601267,1.105719169764941e-05,0.007970864348029509,0.33551650729172916,0.00019642205250532707,0.0067249374040604685,0.00045895653268580215,0.03892231359366688,0.0024189428499358386,0.07914712916976699,7.947634146840429e-06,1.424763812121336e-05,0.0006296108643512778,0.0244316648103303,0.0020709811232516003,0.0013726582687309027,0.00048308294641870515,0.05283799102022329,0.0009015816579477376,0.009022787632142417,0.0076041032548914275
50,0.0036024816506016813,0.07669338808175317,0.033024502253351504,0.3130437431431146,0.02412216598682896,7.76372663690116e-06,0.009542776842744998,0.35935319104265373,0.00021270858136650462,0.008895510150629653,0.00032501657400609257,0.020583057776896767,0.002328541297106947,0.0631556049454682,8.363239228479424e-06,1.421388336229298e-05,0.0005576985017980226,0.018761228824884697,0.0023709153036436084,0.0011173178315940931,0.00044175225644300285,0.03996630293879032,0.0008453196128581184,0.011590899433999454,0.009435536120238288
51,0.005432049996304154,0.08167396895387366,0.04276987853635682,0.2519452873484545,0.03168409318370124,1.0427217778502716e-05,0.009790428865013415,0.37807154240642193,0.0003111190638800083,0.008612671588005268,0.00035382378358806695,0.02570002716516669,0.002298434682436254,0.06315300441166113,1.8862690815511898e-05,2.7215662490211113e-05,0.000870281480810358,0.013620692294670325,0.003526820826093204,0.0011278094094131197,0.0004805092673014314,0.04786471073121859,0.0012140458065957713,0.014896871383243965,0.014545423244705886
52,0.003653456338317781,0.07599192679299452,0.03328594131295478,0.3136211571824907,0.024189112642233807,7.528990528036028e-06,0.009165424413973623,0.359513622697626,0.00020503845320537728,0.008405186682803779,0.0003351675297453069,0.02162964361232456,0.002322323406422761,0.061798708173285886,8.335777872526138e-06,1.35138734280601e-05,0.0005922505215398776,0.01932470567788287,0.002276730615175509,0.0011089705139616696,0.0004461890522629305,0.03990761875299581,0.000856103838342483,0.011863841298723905,0.009477501848907485
53,0.0037644434198766397,0.07632875695063884,0.03332495909471579,0.31563855222088405,0.023036738009798,7.895275015598874e-06,0.009939268705331718,0.35668103676245616,0.0002088570850912199,0.008462391142392518,0.00035110156859266176,0.02122491662366221,0.002336751674687904,0.061663354694093536,8.617176113132431e-06,1.4204140595409443e-05,0.0005812951246971709,0.019956900852825473,0.0022518654574441633,0.0011717233855493723,0.00044713221318925915,0.040005241436155206,0.0009030918959199056,0.012106950335337558,0.009583954754936569
54,0.007007817729566131,0.12758742175863522,0.04142141580139773,0.30474585422876577,0.016197505971702587,1.2222568230178913e-05,0.02198282773187909,0.22211357374672952,0.0003005590980929427,0.01212474229940008,0.0002813308341084829,0.020621515270070893,0.002752700408274268,0.11838906564431796,1.5958976807069616e-05,3.203579806936209e-05,0.00038224610932260727,0.016903501781812776,0.0028234576990937236,0.0014025248722097712,0.0004365630144303001,0.04668755113702115,0.0012306707059113354,0.011566928512819149,0.022980008301331872
55,0.002611500900718118,0.07754911971067457,0.021899905618370116,0.30253872968503775,0.03241751690471892,9.761809884733049e-06,0.008416525092096101,0.3579375073675718,0.00014199554970099025,0.010480057439654382,0.00029599121593500995,0.014924480165360595,0.001459967855294312,0.0777618805577517,1.2555392821349007e-05,2.3255325130987075e-05,0.0005927592902182101,0.01406340618815144,0.003039810551000425,0.0008816334286816656,0.0006468595114211723,0.05339772052105787,0.0015622767520387325,0.00942658657187209,0.007908196594836901
56,0.0035965209153696934,0.0794727922654701,0.0350766692840974,0.316835819863579,0.02510793801955806,7.5757446432159735e-06,0.009211836298955722,0.34979758555572926,0.00021040788645570598,0.008327421522284743,0.0003453556541703793,0.021771155776054315,0.002779466960263493,0.06292708327963373,8.049716334533161e-06,1.2725004607072476e-05,0.0005985269616726415,0.01972452466169941,0.0021503698447739913,0.0011695565859208127,0.00040900283885527577,0.03833055110477201,0.0008276868778776513,0.012538517226682947,0.008762860150538976
57,0.0024785474840573612,0.04711142191405349,0.041183741941937003,0.21061190711434846,0.036332855891567845,3.952514799344809e-06,0.0034338764841286163,0.48582973426947396,0.00023463840942835286,0.0076905043607974465,0.0001680948927739268,0.036160130322285655,0.0021483612518227602,0.050432587172089455,6.176723144521633e-06,1.0450565416760746e-05,0.0008858836856520388,0.00924653351722984,0.003302318904173995,0.000759434045352923,0.0004072350925540499,0.046555159196767296,0.00032653263765551865,0.007657304396511105,0.007022617211978209
58,0.0038019985579815564,0.08024157506678774,0.0338006131870854,0.2992073802710218,0.023393454191934962,6.516292012458694e-06,0.009151981246772132,0.373636791353388,0.00019079927540890067,0.00814832163796271,0.0003334726821167852,0.021105075098012425,0.0025026976486187866,0.05408985938401701,8.282247255287977e-06,1.208014323565385e-05,0.0007100384573804313,0.020785783085005012,0.0020022230559436373,0.0010657976389593436,0.0004306884337630601,0.040345838907477186,0.0008749748789044889,0.015066432165607333,0.009087325093347752
59,0.004122797169861157,0.07424988427171296,0.039541835094071554,0.2932590366492689,0.022360306142939823,5.917692785840581e-06,0.00942895977926824,0.3844212546861869,0.0001901496329865473,0.007527645340362917,0.0003285595501555749,0.022010616072155313,0.002515422696523821,0.05011609465910438,7.648770158928565e-06,1.1793485467624883e-05,0.0007285255035200134,0.021648663338412245,0.0017681235160387607,0.001115731984359172,0.0004124026040431471,0.036791058539653594,0.0008094053848708662,0.017402389905324108,0.009225777530767676
60,0.0036663308039164,0.07614624424767193,0.03324025630394313,0.3140341508065192,0.024139710883595695,7.624825759887075e-06,0.009219282491067364,0.3583594814285822,0.0002051793698113856,0.008431667214799772,0.000337653493646176,0.02163828795803757,0.0023298009004629346,0.06193603593556733,8.334156272219076e-06,1.3557514028489406e-05,0.0005906455184715802,0.019584893499081275,0.0022661505473468707,0.0011164652024156596,0.0004469198940152813,0.04007851723119217,0.0008614018340857987,0.011880902512688727,0.009460505427020953
61,0.003976361907821398,0.0760883904960736,0.042977869798857156,0.2950757142106495,0.02436627245540419,6.372285364411412e-06,0.009218715029268717,0.3705014703690132,0.0002094588091959747,0.007366381417485859,0.00035388557958606286,0.02386437499137694,0.0025982096266679833,0.055944628971117474,7.940754654611403e-06,1.184958109405869e-05,0.0006907945010185026,0.020270008909806556,0.0019301579879540498,0.0011488475854425286,0.0004149719504407781,0.03761101229440342,0.0007575117470652919,0.01536046878113492,0.009248329959102894
62,0.0036663308039164,0.07614624424767193,0.03324025630394313,0.3140341508065192,0.024139710883595695,7.624825759887075e-06,0.009219282491067364,0.3583594814285822,0.0002051793698113856,0.008431667214799772,0.000337653493646176,0.02163828795803757,0.0023298009004629346,0.06193603593556733,8.334156272219076e-06,1.3557514028489406e-05,0.0005906455184715802,0.019584893499081275,0.0022661505473468707,0.0011164652024156596,0.0004469198940152813,0.04007851723119217,0.0008614018340857987,0.011880902512688727,0.009460505427020953
63,0.0038008237908659943,0.08940080371811489,0.03321323717221682,0.30454845053129054,0.02293927697724457,7.437687103328825e-06,0.009576985432092478,0.3545587129764262,0.0002165848947758744,0.008572984870093706,0.00035348233921440994,0.020199325255537498,0.0025318306462615717,0.058803292857729575,8.911928268402722e-06,1.251078274740819e-05,0.0006266419120402262,0.0206632189246609,0.0022126961682136835,0.0011459994349392437,0.00043261746839713466,0.042418761084658134,0.0008380242926473377,0.013252024651588618,0.009665364202871521
64,0.0035273811822103887,0.0703673430110647,0.029376353538310127,0.3061758370376735,0.024161711951523775,7.70093599556855e-06,0.008217322627136269,0.3801451153341025,0.00018697221220283236,0.00868203208800093,0.00036304674738091487,0.02268022821043931,0.001748271564981755,0.055476524069731914,9.280142232879314e-06,1.4530065751429659e-05,0.0006645800339498982,0.020770958555236366,0.0024238163020499433,0.000980316202833591,0.0006491381675873228,0.040948504714876134,0.000915861839900887,0.011636851584331913,0.009870321880495221
65,0.0021418714868919114,0.022624191047662473,0.019797958942266394,0.3909963481338493,0.06284636417001617,3.3835977394655875e-05,0.003192446167045951,0.13862907089125423,5.047328959650804e-05,0.007235901203217364,0.00042214854526844727,0.07112793857251891,0.0009167103825730734,0.1833050474550262,4.58243908719055e-06,2.723568111388677e-05,0.0003602407909007437,0.041553549508588,0.001662821262622935,0.0007031566159688631,0.00141731438918611,0.03995472611971125,0.002005924114598083,0.002555839022733955,0.006434303790907323
66,0.004748040498418289,0.10900853512697849,0.02615408167036463,0.30826011334129866,0.023838576092254444,6.710357885587818e-06,0.008031085632890456,0.30304068658253536,0.00011288716816711232,0.006074214756830351,0.0004621876547244151,0.023827991803911056,0.001866463575035915,0.057900799781649866,1.1883657983360918e-05,9.244110073829923e-06,0.0011208692270965616,0.03414557478439595,0.0014326701414747215,0.0007672223200997664,0.0006098426723601332,0.055164505928003246,0.0016393936501201908,0.019888883812475652,0.011877535652972
67,0.0039701663178347965,0.07227821387810293,0.03565030321709939,0.34089517624466226,0.02403034716468648,9.585111669095134e-06,0.010641429846441496,0.30988223875998744,0.00018387564902483765,0.0077612455393483845,0.0003882138176648054,0.025180118994387844,0.0024381010467953547,0.07761717924779547,8.994514531327149e-06,1.6929349164747042e-05,0.0005623015983578624,0.021931214042871593,0.002083356810355719,0.0013342385623747045,0.0004730351084279846,0.040105522266447015,0.0011755896158413708,0.011190732590227459,0.010191890705899693
68,0.005481203217319753,0.07440643418639191,0.02202528696167504,0.34481247897825545,0.013644908717842788,1.141724023322333e-05,0.010775048586090505,0.2905211293046023,0.00011160492227452774,0.006844768670942014,0.0006280147803938083,0.030178879591235695,0.001781400162641701,0.04678592469467158,8.085924732655434e-06,1.3509092166533592e-05,0.0008832163620304381,0.06349568835303003,0.0012133060975260837,0.0015963109165335844,0.0006997742687896318,0.055845694323016885,0.0019049791451171754,0.014909021414223674,0.01142191408826308
69,0.002903092479813303,0.06182591023230571,0.03409157331596881,0.34648935049168755,0.015838456624613775,4.491589903242417e-06,0.008518896932587864,0.3944820849727502,0.0001920215946219025,0.008230224308782135,0.0002331126926321542,0.015791276518421334,0.002104132880854639,0.03997187477689406,5.620373008327162e-06,1.1516109431556955e-05,0.0005225332904292619,0.01638733660846151,0.0017218806540057405,0.0013353399275390248,0.00037621290720470454,0.024619540473743286,0.0006246730930685848,0.013066176773160491,0.010652670378110796
70,0.0030505730918034216,0.0742058742947715,0.023483695608071033,0.27605260987502844,0.020730494244405085,6.041253158386089e-06,0.008071255386812968,0.44542976521756594,0.00020018744570287454,0.008966867544097595,0.0003146621288713131,0.01580846865111225,0.0018848826342619965,0.03813311046560621,8.529846369777319e-06,1.1439768054802179e-05,0.0006539210203803255,0.017804460999144917,0.0024228385720199475,0.0009622507234664718,0.00044696458413993743,0.039736180395448246,0.0007662815249161217,0.012940991337991483,0.007907653386798988
71,0.005172617074659736,0.05236704473879865,0.030923337064885547,0.3309197099980846,0.013736499745467038,6.4762213788016965e-06,0.014268027368817746,0.3784507289635492,0.00013491920756341486,0.005607080051827378,0.00043502914101989224,0.02640285130706625,0.0022486950792011463,0.05266115283678403,6.656940887583703e-06,1.635268750253834e-05,0.0006382673067015148,0.02606363535440517,0.001829875305195961,0.001714401901933082,0.00043304004858653154,0.03395416974940525,0.001183780650565452,0.01274897979841325,0.008076671457300202
72,0.0036180490557308704,0.0749828253410928,0.030557289174730752,0.3087126630338859,0.022495274990796482,7.133187739117027e-06,0.009229968591886639,0.37506292348199366,0.0001912072129578122,0.008325023547306331,0.00034293570676302706,0.02087543901616547,0.002259371598964075,0.0559024166612645,7.998902582979041e-06,1.2882432746357264e-05,0.0006214833494164197,0.020604142278646907,0.002219147161435087,0.0011160791840379518,0.00045347989678756507,0.04038917117354353,0.0008584233109231611,0.012318400717546274,0.008836270991056147
73,0.0036716845361049856,0.07783993476257063,0.03285138919050541,0.31097913660940285,0.02452105598635748,7.582938405669146e-06,0.009072686853810574,0.35861368646414193,0.00020267081528636108,0.00844024488830329,0.00033728816821177035,0.021650674330848746,0.0023241380577645582,0.06189654731449292,8.441562342697289e-06,1.3321925720970577e-05,0.0006037867801239238,0.019738541029402625,0.0022702058327877506,0.0010905803924990299,0.00044918127362208077,0.041102414482077694,0.000864238253087373,0.012024716752786088,0.009425850799342562
74,0.003899262302906344,0.04456385745464485,0.016909712670695392,0.4054328078965054,0.030085608290236477,1.068565357438386e-05,0.0085641776014199,0.2995056215383175,6.107041624190787e-05,0.008032879175674084,0.0002772358229989574,0.022178169068648182,0.001935129556130491,0.080147766610237,6.4808420780325e-06,2.990183974338836e-05,0.0005990979077339078,0.023498500865514145,0.001859775267845479,0.0009695853736298978,0.0005338692184983915,0.0302746525069369,0.003036673622268364,0.010789683166867669,0.00679779533065289
