,0,1,2,3,4,5,6,7,8,9,10,11,12,13,14,15,16,17,18,19,20,21,22,23,24
0,0.01600219893444906,0.00012589639466325524,4.3466414571050744e-07,8.222403029172242e-05,1.6842798220308612e-07,2.8913536519777396e-05,0.0025100947976349395,0.8652086412458941,5.046077439313741e-06,1.8813569439164036e-07,0.003282691678783456,0.007816296603275742,7.078494469547403e-05,1.1178387339356702e-06,5.595885008461781e-05,0.0004931266069229274,0.0007570774453564818,4.893031381953005e-05,0.00038192950485756996,3.873029480306018e-09,1.2159510835139379e-06,0.10312417048958009,4.413669302164052e-08,2.91119229383484e-09,2.8426071771286594e-06
1,0.008938789199133936,7.440963493360198e-05,2.638341246989465e-07,4.4309990771682225e-05,9.936312212489977e-08,5.220165094495008e-05,0.0023345708091028336,0.8440854618281158,1.3082488414518908e-05,3.541650077492009e-07,0.0025098706887492963,0.0038690041968370377,5.7039712889571696e-05,1.3764375088079743e-06,6.993444457820942e-05,0.00036661276149049923,0.00020359094161675055,5.445017546713168e-05,0.0006143374030871157,4.3593094633533526e-09,1.075450558859045e-06,0.13670623602533333,3.5851357302159396e-08,2.131771810247394e-09,2.8864557728927053e-06
2,0.007746202683772421,8.586668413530095e-05,2.2114111258324724e-07,4.3006670050680835e-05,1.1592956396226777e-07,5.0889515086383004e-05,0.0019191385352337754,0.8268940302600916,1.3146490669528279e-05,3.3426126545841906e-07,0.0028483019075729826,0.004338993789353647,4.46206056808471e-05,1.7231386644335986e-06,9.180654628246257e-05,0.00030404619909675,0.0002138161852238251,4.0441885089493566e-05,0.0004620157995303709,4.432812681018432e-09,8.451536600633374e-07,0.15489681065896568,3.4488840284352554e-08,1.8594043766223652e-09,3.585178840439801e-06
3,0.010325228702439267,9.007634146450895e-05,2.4420435221767094e-07,4.933662254512491e-05,1.1471817162519321e-07,5.380296884729655e-05,0.0021991815067659466,0.8192102234786174,1.1828030265911311e-05,3.0782758493355127e-07,0.003092669663802108,0.004394805309101812,5.5790227411052865e-05,1.413235108864944e-06,7.675901351996824e-05,0.0003168822883084553,0.00026375939868761067,4.932410916252421e-05,0.000543449703236419,4.043915134359421e-09,9.91029774793802e-07,0.15926072940677588,3.910257334595182e-08,2.0832158895028866e-09,3.0369843520279863e-06
4,0.010453735496978115,9.469004511958726e-05,2.7108758297982505e-07,5.0532571863172833e-05,1.1565733795843735e-07,4.873853550162645e-05,0.002235323423347415,0.8168657452821945,1.2122896455310434e-05,3.2233727141362574e-07,0.003112648352186747,0.00441022094513911,6.512385411854447e-05,1.6382374164259854e-06,6.985033131162014e-05,0.0002993610185338562,0.00025701083385843175,5.3832809386345756e-05,0.0005334094983041989,4.577956847936714e-09,1.099736074067e-06,0.16143123371489432,3.860247469685578e-08,2.228805299251601e-09,2.9279258873799743e-06
5,0.011039946361942759,9.058165756101451e-05,2.706400800256995e-07,6.229564283841122e-05,1.2579562099544778e-07,5.656170762097828e-05,0.002212962513168162,0.8367611198091998,1.2115464498909348e-05,3.5609138182121717e-07,0.002993748112168395,0.003938720807198552,6.143879413864958e-05,1.5009755369422438e-06,6.792948871690892e-05,0.0003068136546128519,0.00026700907227159785,6.814565291275314e-05,0.0005867932506852319,4.606218758117723e-09,1.1268458195475018e-06,0.1414678358064306,4.878494232540727e-08,2.3310919968624256e-09,2.5461333421210682e-06
6,0.010325228702439267,9.007634146450895e-05,2.4420435221767094e-07,4.933662254512491e-05,1.1471817162519321e-07,5.380296884729655e-05,0.0021991815067659466,0.8192102234786174,1.1828030265911311e-05,3.0782758493355127e-07,0.003092669663802108,0.004394805309101812,5.5790227411052865e-05,1.413235108864944e-06,7.675901351996824e-05,0.0003168822883084553,0.00026375939868761067,4.932410916252421e-05,0.000543449703236419,4.043915134359421e-09,9.91029774793802e-07,0.15926072940677588,3.910257334595182e-08,2.0832158895028866e-09,3.0369843520279863e-06
7,0.013982234103563264,8.279415987424859e-05,2.858128502608949e-07,4.6680419966341536e-05,1.0112900679802682e-07,4.593588070337663e-05,0.0022503060410255203,0.8069471264583764,1.0098355532834099e-05,2.73579450349658e-07,0.003347100491255299,0.0038557325829535723,8.000959652635456e-05,1.1834726298721203e-06,6.1785633311502e-05,0.0002863854743750508,0.0002468215549193507,5.6947562557176476e-05,0.0005324505466174742,4.314017443723463e-09,1.0161996128122406e-06,0.16816240352132467,3.195251246988298e-08,2.009289698313033e-09,2.289147747740981e-06
8,0.019281486123052142,0.00012710667523713044,5.814472256896125e-07,7.446800493562418e-05,1.6979931259808167e-07,5.652052707154485e-05,0.0015770493766496922,0.8216660899016851,1.455284745165665e-05,4.821595187800456e-07,0.0034269496429305633,0.006573597163576374,6.287003530309859e-05,2.347843808522115e-06,9.073544984581222e-05,0.0004055944926698765,0.00043596213209833013,5.292863357315596e-05,0.0003491636260163084,5.238562271479462e-09,1.022441591911187e-06,0.14579477469338278,6.722251480333195e-08,4.433857480699672e-09,5.470088128692585e-06
9,0.009241901653708218,0.00013643911964858515,5.012337588163802e-07,6.033841129711233e-05,1.193756883630499e-07,4.4310649341584125e-05,0.0013407356789879353,0.853601445607466,1.4166045102035841e-05,6.910212353973308e-07,0.0022782305097387265,0.004889640257652165,5.295026757886537e-05,2.9359727927452563e-06,8.083891355511554e-05,0.00048745835538283196,0.0003444656938378492,4.86373564041525e-05,0.00040773721488410175,6.358378671925369e-09,1.061279460077658e-06,0.12695980780449692,5.3849973162953195e-08,3.7622713450828295e-09,5.523607359095172e-06
10,0.010325228702439267,9.007634146450895e-05,2.4420435221767094e-07,4.933662254512491e-05,1.1471817162519321e-07,5.380296884729655e-05,0.0021991815067659466,0.8192102234786174,1.1828030265911311e-05,3.0782758493355127e-07,0.003092669663802108,0.004394805309101812,5.5790227411052865e-05,1.413235108864944e-06,7.675901351996824e-05,0.0003168822883084553,0.00026375939868761067,4.932410916252421e-05,0.000543449703236419,4.043915134359421e-09,9.91029774793802e-07,0.15926072940677588,3.910257334595182e-08,2.0832158895028866e-09,3.0369843520279863e-06
11,0.011173680261275652,9.293527556085556e-05,2.678485778912723e-07,5.2607231992265506e-05,1.2009507582113685e-07,5.286494651189458e-05,0.0023513870604332933,0.812336384582317,1.2059218409121253e-05,3.114676679153119e-07,0.0031920319137993002,0.004621420419079786,6.61121969830806e-05,1.4460669206171781e-06,7.651161069556604e-05,0.0003338039149171194,0.00027389377949423363,5.283864816146079e-05,0.0005659525205527604,4.561258528506621e-09,1.0659046752159108e-06,0.16473921707902314,4.023924731157473e-08,2.3817854595751385e-09,3.040775584614169e-06
12,0.009470844035903692,8.725459088991331e-05,1.9468831796816926e-07,5.299358911600259e-05,7.37559635510778e-08,4.3434562013490316e-05,0.0021574940326149605,0.8233786434548728,9.653673037906659e-06,2.825542179331156e-07,0.0024516836680284083,0.0035750797154913833,6.128915519782283e-05,1.0552601783261878e-06,7.297969253446628e-05,0.00033909460483594236,0.00021937794914425848,4.903297262641619e-05,0.000706490767710188,3.322321076406407e-09,8.533239412201647e-07,0.1573198904161894,3.0631379750958027e-08,1.6819227673666956e-09,2.267901550569789e-06
13,0.007415181593362045,7.685820606217928e-05,1.771145222371365e-07,2.363007835201276e-05,9.662341380937215e-08,2.620864535374956e-05,0.0013964753683541767,0.7896748864158447,8.040506051702076e-06,1.5813879475225767e-07,0.00450606097146315,0.006010073188755693,4.231828776330621e-05,1.7327403172256997e-06,7.849018747422122e-05,0.00020510115117243152,0.00020869812118476727,2.4226599637764676e-05,0.0002795295770969757,3.5315605178942575e-09,6.615037145105311e-07,0.19001760061303408,1.5840064432078758e-08,1.2515471112881699e-09,3.7737451022975405e-06
14,0.010540296674715535,0.00047073375660593603,2.6989896624258066e-07,0.00012810122573392665,3.9283972837503277e-07,4.8852363800105335e-05,0.002804478581635834,0.7208191541799374,1.1805939537157883e-05,5.831669291509122e-07,0.006871814830614919,0.004072912186623311,0.0001556515066715429,2.4639910074869988e-06,5.250249669409495e-05,0.00023109177854099982,0.0006353617908804697,0.00011820225406422405,0.0017587079726467563,6.689062233295006e-09,3.7673000478578963e-06,0.2512708219889123,5.857926115197475e-08,4.399010202562816e-09,1.9636083728772814e-06
15,0.010325228702439267,9.007634146450895e-05,2.4420435221767094e-07,4.933662254512491e-05,1.1471817162519321e-07,5.380296884729655e-05,0.0021991815067659466,0.8192102234786174,1.1828030265911311e-05,3.0782758493355127e-07,0.003092669663802108,0.004394805309101812,5.5790227411052865e-05,1.413235108864944e-06,7.675901351996824e-05,0.0003168822883084553,0.00026375939868761067,4.932410916252421e-05,0.000543449703236419,4.043915134359421e-09,9.91029774793802e-07,0.15926072940677588,3.910257334595182e-08,2.0832158895028866e-09,3.0369843520279863e-06
16,0.008649457613143265,8.369458189614192e-05,1.753004704957851e-07,4.0256520004910885e-05,8.431441353207239e-08,4.226026418043837e-05,0.0018144420717583565,0.8042601469372853,1.0159985651702996e-05,2.5135283130859426e-07,0.002894182009263287,0.004638867206517541,4.764921666286381e-05,1.3704038842574361e-06,7.775091580976994e-05,0.0002837076355568023,0.00021563645675246783,4.038918141913619e-05,0.0004801202005662241,3.3710168933357314e-09,7.137696954853841e-07,0.17641579468709018,2.6880598320300508e-08,1.4859196388217356e-09,2.8576376116020788e-06
17,0.012916155809834181,9.645341960386349e-05,3.090002769126823e-07,5.12442577984161e-05,1.5420463231931735e-07,5.59822136546508e-05,0.002804701700115006,0.8058190499580289,1.3832629156918266e-05,2.7735167240000915e-07,0.003931063705803185,0.005621447993198126,7.121112967653578e-05,1.7925874202741182e-06,6.242413532559936e-05,0.00027415199912945293,0.0003078444392666388,6.007986262147866e-05,0.0004810113310711003,4.732834834244117e-09,1.3185030309846296e-06,0.1674262986341701,4.7111451629888996e-08,2.7210063552556583e-09,3.1405692200771933e-06
18,0.008310466947121103,0.00010114377321438293,2.782802834521996e-07,3.531314919724549e-05,1.1364478319331676e-07,5.390765006399546e-05,0.002688708620568054,0.8126599719144346,1.3484521006865204e-05,3.1823033855901344e-07,0.0032439167060272756,0.007508793999315908,4.631679114915717e-05,2.175595596889724e-06,0.00010039213731669883,0.0004731927173331836,0.0003466603455680376,4.188418097417851e-05,0.0005499053339617917,4.572248609641575e-09,1.2911177552581294e-06,0.16381521104064986,4.696649009945995e-08,2.7428537772123982e-09,6.4990217477997306e-06
19,0.008162818885482955,0.00012022611727091078,2.231448143330923e-07,7.353158678278321e-05,1.498623163696436e-07,6.631922410010577e-05,0.0022667456668136205,0.7863340427993375,1.6561193849311108e-05,4.1753323600987026e-07,0.0025515448613383195,0.005081378223886658,5.753529190734634e-05,1.7054478647558134e-06,0.00010064995482496054,0.00033369291942012864,0.00025085871087878104,3.990400335657206e-05,0.0005533938392655931,4.683681028889402e-09,7.541602063388297e-07,0.19398397172998422,3.943654114683856e-08,2.3618217556302323e-09,3.5283610184275947e-06
20,0.016111343207720293,9.854782706865575e-05,4.3116764977989247e-07,6.171728289674918e-05,1.7397618405369546e-07,6.551870103726949e-05,0.003197663417391974,0.8514471484894923,1.3155590888108173e-05,3.178937925312251e-07,0.003612571081181141,0.006886129864294443,6.110407972187598e-05,1.4504909793837626e-06,7.552818974429581e-05,0.0005019938242511396,0.00043680224625642825,6.911166902976106e-05,0.0005901034541014384,4.3083335217696095e-09,1.5070839467274947e-06,0.11676326727470437,6.948837193833274e-08,3.773610280060499e-09,4.335617351490696e-06
21,0.015524444271363368,8.952950480690864e-05,5.17413548881019e-07,4.4213196621696916e-05,1.1040218581151326e-07,2.6993964098554073e-05,0.002070724891991354,0.864200632223328,8.542589265646324e-06,2.6278874898010584e-07,0.003071276573270249,0.006760281499409561,7.807736499769669e-05,2.026988008896094e-06,4.110267164416397e-05,0.0003811103410841273,0.00033968992892836913,7.025538122871575e-05,0.00032374445033964095,4.986861502217032e-09,1.4249894358212738e-06,0.10696183238014309,3.795568016237104e-08,3.019773376762944e-09,3.1602232352129356e-06
22,0.01091237083717814,7.471743779630672e-05,2.7549570866599426e-07,3.5914049786107205e-05,7.796062639564222e-08,3.777074408870586e-05,0.001288128704721586,0.8548499882349176,5.50550569186835e-06,3.014197405210552e-07,0.0026401930008431254,0.0025417870014488226,4.7399014374439205e-05,1.1442900755539956e-06,3.825131719625652e-05,0.00023851539236463442,0.00033183023061093104,5.675766222613483e-05,0.0004036226445792381,3.3215906568185587e-09,1.1505202191946272e-06,0.12649257594235788,3.36173889463801e-08,1.2510340586911156e-09,1.6844034342242474e-06
23,0.010325228702439267,9.007634146450895e-05,2.4420435221767094e-07,4.933662254512491e-05,1.1471817162519321e-07,5.380296884729655e-05,0.0021991815067659466,0.8192102234786174,1.1828030265911311e-05,3.0782758493355127e-07,0.003092669663802108,0.004394805309101812,5.5790227411052865e-05,1.413235108864944e-06,7.675901351996824e-05,0.0003168822883084553,0.00026375939868761067,4.932410916252421e-05,0.000543449703236419,4.043915134359421e-09,9.91029774793802e-07,0.15926072940677588,3.910257334595182e-08,2.0832158895028866e-09,3.0369843520279863e-06
24,0.007506677056789788,0.0001294604069957291,2.0032298258100192e-07,7.918397389170233e-05,1.1047622182792311e-07,4.8123673761781006e-05,0.0019479108504426377,0.8292600729630095,1.0928843683575635e-05,4.13498675160794e-07,0.0024792646839380777,0.003664527159866398,5.465503022265477e-05,1.6263536120191278e-06,8.201892771917535e-05,0.00031561668112520177,0.0002824281583356761,5.492460101615394e-05,0.0007470851764605882,3.964668562198316e-09,9.872293184585412e-07,0.15333118474198768,4.343577742261049e-08,1.9235643897652336e-09,2.5498659331145704e-06
25,0.006388894037769611,4.215196755316004e-05,1.6890027334093282e-07,2.5407725192933603e-05,8.174008609654162e-08,2.8720248830184606e-05,0.001768679171155816,0.8982585007316792,5.331180044095392e-06,1.333115875561316e-07,0.0028102261609303644,0.0034176064734982798,3.619560108853927e-05,9.587373089495905e-07,2.8139009294907176e-05,0.00018341985639548544,0.00017768258463257122,4.600605575007949e-05,0.00024265284910370856,3.3488856732979306e-09,8.125045362475988e-07,0.08653684452090807,2.1651504920426468e-08,9.660918774388236e-10,1.3606658983463021e-06
26,0.02382720211323168,0.00010667237410850428,7.22257831768246e-07,9.39291636351005e-05,2.490280040316098e-07,9.53962654061146e-05,0.0029063867667298692,0.8351807648025932,2.455581101906546e-05,5.761154256280207e-07,0.003897937791566748,0.005289466131318005,9.200898221616484e-05,2.407789435888626e-06,6.745527214267178e-05,0.0004042687974668612,0.0003983596130020668,0.00012471767158183367,0.0005500535729590515,7.754885813207362e-09,1.915806795384257e-06,0.12693080139495927,1.2621589658825823e-07,6.796258497274567e-09,4.011711530307056e-06
27,0.008133322182137645,7.938044736653675e-05,1.580166389626038e-07,4.756537254687729e-05,1.0249595998667517e-07,7.109105492153532e-05,0.001927832885361588,0.7702721991299777,1.6921643961216463e-05,3.3025810674730186e-07,0.002691241190487694,0.0037903645377750485,4.778365823848727e-05,1.2142190801190663e-06,0.00010476577519551607,0.0002736579837851859,0.00015497073263290434,3.561813081641467e-05,0.0005656661401230365,3.763293267683646e-09,5.899157645062635e-07,0.21178212578712696,2.9910466937360095e-08,1.7746864950570395e-09,3.0629935484757005e-06
28,0.010325228702439267,9.007634146450895e-05,2.4420435221767094e-07,4.933662254512491e-05,1.1471817162519321e-07,5.380296884729655e-05,0.0021991815067659466,0.8192102234786174,1.1828030265911311e-05,3.0782758493355127e-07,0.003092669663802108,0.004394805309101812,5.5790227411052865e-05,1.413235108864944e-06,7.675901351996824e-05,0.0003168822883084553,0.00026375939868761067,4.932410916252421e-05,0.000543449703236419,4.043915134359421e-09,9.91029774793802e-07,0.15926072940677588,3.910257334595182e-08,2.0832158895028866e-09,3.0369843520279863e-06
29,0.010325228702439267,9.007634146450895e-05,2.4420435221767094e-07,4.933662254512491e-05,1.1471817162519321e-07,5.380296884729655e-05,0.0021991815067659466,0.8192102234786174,1.1828030265911311e-05,3.0782758493355127e-07,0.003092669663802108,0.004394805309101812,5.5790227411052865e-05,1.413235108864944e-06,7.675901351996824e-05,0.0003168822883084553,0.00026375939868761067,4.932410916252421e-05,0.000543449703236419,4.043915134359421e-09,9.91029774793802e-07,0.15926072940677588,3.910257334595182e-08,2.0832158895028866e-09,3.0369843520279863e-06
30,0.010325228702439267,9.007634146450895e-05,2.4420435221767094e-07,4.933662254512491e-05,1.1471817162519321e-07,5.380296884729655e-05,0.0021991815067659466,0.8192102234786174,1.1828030265911311e-05,3.0782758493355127e-07,0.003092669663802108,0.004394805309101812,5.5790227411052865e-05,1.413235108864944e-06,7.675901351996824e-05,0.0003168822883084553,0.00026375939868761067,4.932410916252421e-05,0.000543449703236419,4.043915134359421e-09,9.91029774793802e-07,0.15926072940677588,3.910257334595182e-08,2.0832158895028866e-09,3.0369843520279863e-06
31,0.0017249204398831607,0.0002026421382250053,1.9008399586252922e-08,0.0002096179808370717,3.633719564077027e-06,0.0010328581306781677,0.013032946350535818,0.026925078762058775,0.0007086657405322524,3.392937668195352e-07,0.005278190643861003,0.0074071775699237835,8.885970454052557e-05,1.3329044249125649e-06,0.005535553623861873,0.00013856281868893994,7.895968936721803e-05,4.096904335685201e-06,0.004960702709360072,9.012296426719876e-09,3.7295329713866497e-07,0.9326403714540438,1.1371883746958814e-07,2.887677885989295e-08,2.494585190145925e-05
32,0.00952320458365243,8.873597026347469e-05,2.2477183633648395e-07,5.222833605613041e-05,1.1183668823457326e-07,5.694191040930206e-05,0.002277058326452404,0.8164725371307565,1.17792020751647e-05,3.231129857976608e-07,0.0030326439456593206,0.004117518718997371,5.6314200845522075e-05,1.3335712407515773e-06,8.476121687672823e-05,0.0003389820830460007,0.00026503399986115526,5.103332729744332e-05,0.000661572220067235,4.1474366680871686e-09,1.032572430887219e-06,0.16290360709252405,4.0845175991248505e-08,2.088837646188926e-09,2.9747885273792593e-06
33,0.009892327052824914,9.516860025477786e-05,3.130633743274986e-07,4.807537437570315e-05,1.5711218426823042e-07,9.475312028344898e-05,0.002180332813502152,0.8132754013613366,2.443175575009004e-05,5.619259804467211e-07,0.003045623466971961,0.0037739933495737213,4.278142053542692e-05,2.165230491389185e-06,0.00012947941294058716,0.00031325476084520255,0.00021159827281207536,4.6937615853632496e-05,0.0005679830124197549,4.95676960477554e-09,1.0331349679261905e-06,0.16624846803594145,5.691652364293805e-08,2.462061522544491e-09,5.095771425456559e-06
34,0.010293572939085085,9.017961592258804e-05,2.438555391208943e-07,4.9297040319759513e-05,1.1466537277316248e-07,5.3781885024162116e-05,0.002197862792968672,0.8192537917053849,1.1819559465754563e-05,3.07954908055496e-07,0.0030887483199894756,0.004397705422221846,5.56837013274044e-05,1.4144127519807472e-06,7.673126806749605e-05,0.00031698165409238825,0.00026388549639338993,4.922311907562643e-05,0.0005429603625581315,4.041740117508535e-09,9.904544263472104e-07,0.1592516188090724,3.907315135351112e-08,2.0809275070110003e-09,3.039770213607966e-06
35,0.012302228067560197,5.094190122585985e-05,1.766069061034273e-07,3.311718270005227e-05,5.589585304308032e-08,4.650874297534119e-05,0.001635907984572783,0.8390448458612834,8.64969025325459e-06,2.2404229268428988e-07,0.0023841079747267293,0.0034076790235296277,4.662241788403264e-05,7.405475595544547e-07,4.2444621567881585e-05,0.0002875170080934913,0.00017023191890699159,5.8670085364477794e-05,0.0004627623881220077,2.502615368807967e-09,6.339743733357396e-07,0.14001423123853313,2.5506128240516264e-08,1.385983814209597e-09,1.673430988662398e-06
36,0.07764190580783874,0.00031441921795086956,2.469316756150874e-06,0.00023179912247467258,5.660583361614772e-06,0.0003377189156138258,0.017041253688966466,0.6318191821797497,8.5116661228526e-05,4.822356034873186e-07,0.04970608326955409,0.01878890165984583,0.0003431612864224347,4.880781330849682e-06,0.00034622733478541386,0.0004279484007802053,0.0011555053564853205,0.00017571580288544008,0.001529017349705403,2.8093232021862787e-08,1.3419447171361668e-05,0.20000468442256208,6.32207200107263e-07,8.002093582959777e-08,2.3706837559529093e-05
37,0.027144985023632884,0.00010855201708562342,6.835901859696013e-07,6.287907981078642e-05,2.0960536599922148e-07,5.674549069634972e-05,0.0038137515310245436,0.8014174426683656,1.7935869774104123e-05,3.338020834610504e-07,0.004778107549818792,0.007848817988482486,0.00012793667781371693,2.2090469474717674e-06,5.784216396208046e-05,0.00037550863418195064,0.0003888364166450339,0.0001009798819136444,0.0005011361251624287,6.727626811150141e-09,1.9839201270068407e-06,0.15318908566670736,6.720946976498576e-08,5.71372259995837e-09,3.957599393447432e-06
38,0.01205495728844884,5.511774962225385e-05,2.485926788839113e-07,4.77370369853357e-05,7.840020940312779e-08,7.479541027627318e-05,0.003553318229520134,0.8390965645512156,9.582671845662597e-06,2.9537783749628267e-07,0.0024681135686496175,0.003316316662540177,7.158431315073043e-05,7.269513797915525e-07,8.360714474444923e-05,0.0005554391189312028,0.0002737703767030463,7.337205827868243e-05,0.0009665531425965732,4.6818367002561665e-09,1.2583374742908687e-06,0.13729418403891458,4.910943029779844e-08,2.1381335449440403e-09,2.323048596485103e-06
39,0.006753177703241062,3.658409349857703e-05,1.552627532535145e-07,2.211855332129911e-05,4.717144339202353e-08,3.817078610805893e-05,0.0016802161280790174,0.8838107379751303,4.614188346492299e-06,1.4755530600926739e-07,0.001968101053329711,0.0033195406477384776,3.1704543898949825e-05,5.944639467157513e-07,3.622042354766114e-05,0.00031719391268773546,0.00020066612959065603,3.430015124177654e-05,0.00031824205387900737,2.5081616191855993e-09,6.886800188279973e-07,0.10142504157687932,2.1852651264678528e-08,9.753541712899509e-10,1.71160984651822e-06
40,0.015897747230211964,0.00010225756922627413,3.5570722105689407e-07,3.649406568389749e-05,1.3551458028931815e-07,5.093198671697842e-05,0.0020847938142769793,0.7449693233291937,1.218904321400549e-05,2.4792737906198073e-07,0.004119627766716835,0.006706716676000832,6.6750399258037e-05,1.7460718517757508e-06,8.412289281257351e-05,0.00027720328450898273,0.0003214965204642149,3.3518315738218644e-05,0.00031403709558196766,4.254904777354946e-09,8.766308960317112e-07,0.22491487634624271,3.0060553670448336e-08,2.150211539721273e-09,4.515346553679773e-06
41,0.012502630121817671,8.508157821623567e-05,2.389585778544741e-07,0.00013498470940224912,3.08895149344252e-07,0.0001258665252909081,0.0019284558428894157,0.7982083882747759,2.9736147981093475e-05,4.746559960112539e-07,0.0034116005340854693,0.0043757327023661,4.046028815077485e-05,1.3226146569828158e-06,0.00026067471768351783,0.0003010194714289347,0.00018711702931661738,3.7745615810121e-05,0.0005740751893090547,4.434478504968292e-09,4.1648447207452006e-07,0.17778921517108476,5.5178368992935574e-08,2.675055558421241e-09,4.392183635708445e-06
42,0.021618292991027965,0.00012616578383786757,7.544383387158665e-07,8.774040810546455e-05,3.224943719564098e-07,6.44589050869053e-05,0.003911909711255407,0.8696646526850789,2.4099696346056867e-05,4.4564637694583516e-07,0.005422249932270293,0.007259797809641939,7.883658741220975e-05,4.120768548593477e-06,7.502696051813868e-05,0.000306342539416844,0.0003769258465474539,0.00014621784244321642,0.0005025732578535275,7.223703818248638e-09,2.58091054091379e-06,0.09032118238777323,1.3557130205669578e-07,5.850073374401968e-09,5.153752128346946e-06
43,0.007130235263888948,6.900255245477598e-05,1.7853560895667169e-07,4.161566378953892e-05,9.070879700440302e-08,6.579891721169793e-05,0.001734413799170095,0.8253058052141046,1.1315395874927074e-05,3.665521514918608e-07,0.0023169226425991526,0.002669479679795454,4.1712212449646474e-05,1.1131408611904523e-06,7.593548048084836e-05,0.0002877338470348179,0.00019439330506498738,4.2516824739485674e-05,0.0005762033269195812,3.821755267806906e-09,8.437339692412974e-07,0.15943190221960196,3.480334121036489e-08,1.4873185830870321e-09,2.3808710163618044e-06
44,0.010325228702439267,9.007634146450895e-05,2.4420435221767094e-07,4.933662254512491e-05,1.1471817162519321e-07,5.380296884729655e-05,0.0021991815067659466,0.8192102234786174,1.1828030265911311e-05,3.0782758493355127e-07,0.003092669663802108,0.004394805309101812,5.5790227411052865e-05,1.413235108864944e-06,7.675901351996824e-05,0.0003168822883084553,0.00026375939868761067,4.932410916252421e-05,0.000543449703236419,4.043915134359421e-09,9.91029774793802e-07,0.15926072940677588,3.910257334595182e-08,2.0832158895028866e-09,3.0369843520279863e-06
45,0.04745651599857958,0.0012396473458167745,5.4642755540066225e-06,1.5621720857770118e-05,9.058887838257308e-08,1.15950419292764e-05,0.0003482941689457139,0.7801617156655698,5.376725184973304e-06,1.6830050253418262e-06,0.006157247927904074,0.008891640379883077,7.789211700883164e-05,4.1519850102776544e-05,4.863208991188631e-06,0.0002529146462055144,0.00494278810280314,0.00019479008706540293,0.00013208222458816312,4.628462725353417e-09,1.6105044937592065e-05,0.15002868180182644,1.6854387191427605e-07,8.470563866402951e-09,1.3288429443468412e-05
46,0.01087979965109617,9.234054255168873e-05,2.371916713495912e-07,5.038951918569714e-05,1.1130143080352036e-07,5.1712150054715366e-05,0.002090210232084589,0.8128641231287517,9.764549340887971e-06,2.79164514261844e-07,0.003116155242264907,0.004632154748333492,5.5333091951922524e-05,1.2415106851090966e-06,7.53016505572046e-05,0.00033413020075857917,0.00031711564516341925,4.5635180555740104e-05,0.0005238324550122664,3.766446196103489e-09,9.411550850223619e-07,0.16485620667255452,3.8105434427353886e-08,2.0068737246368173e-09,2.941137641615551e-06
47,0.008399241603358278,6.956539469064314e-05,2.9548905266598125e-07,7.902875211142823e-05,1.8883485555530745e-07,7.237891371057253e-05,0.0024983528219851524,0.8807636436027937,1.5351992769558865e-05,4.049582549236095e-07,0.0033071693410572467,0.0029214404603209267,4.626224524721671e-05,1.9904882306613643e-06,8.838995018110771e-05,0.00024566913126742456,0.0002400919190122739,7.967546094888469e-05,0.0006665073508081344,5.304046376196088e-09,1.5878388017875205e-06,0.10050000872737411,7.857788290153634e-08,2.255532176103805e-09,2.6685857061689553e-06
48,0.027719406716277935,4.0483640074756074e-05,9.344378538949663e-07,3.0588619837785305e-05,5.462326981226266e-07,0.00013550052200360512,0.006381044091478315,0.7508438407457732,9.283857977563075e-05,2.7662178551434563e-07,0.011297538672281419,0.013334805164861204,0.00012763361645965022,3.44252569431619e-06,0.00018691400494582003,0.00035810538609723746,0.00010246005447546402,6.473954048783739e-05,0.00036512695405260933,1.4993390006219726e-08,1.8051539075654098e-06,0.18889734299487151,5.766597166673048e-08,1.215630270247025e-08,1.4540908642255634e-05
49,0.011603529030830182,7.615722323299926e-05,2.809336260605964e-07,3.836679295048473e-05,1.1259878638451493e-07,5.377747329677701e-05,0.0019417293464658134,0.8237335528486713,1.0645818499041436e-05,2.5806765149395026e-07,0.0031882890138253245,0.004915569974470591,5.250463611923447e-05,1.3803001795632065e-06,5.517399377701485e-05,0.00026963906059423293,0.0002529156745599505,4.5221874049213695e-05,0.0003336778054045803,3.988455771893096e-09,8.878922157680807e-07,0.1534233385951729,3.4650222609511575e-08,1.926103833623077e-09,2.9504808389987413e-06
50,0.005891693452272272,8.032624447079094e-05,1.8171286464740673e-07,3.581082782145167e-05,7.521795780832953e-08,4.218581126625022e-05,0.0020188070755326605,0.8309275667169695,1.1414363573500627e-05,3.4655100338534226e-07,0.0020097348966409655,0.0030623072148074693,4.903895713737788e-05,1.4097830214065427e-06,5.7619235087162436e-05,0.00025985194285510965,0.00016243622004370273,3.924426211256681e-05,0.0005243054178524046,3.733748825986107e-09,8.20525036695446e-07,0.15482256969028604,2.3748454477795825e-08,1.298277639212779e-09,2.2251009057831344e-06
51,0.013167534114387818,7.094593941852908e-05,3.0248562504943e-07,4.614995240741279e-05,1.410086484443933e-07,7.228883499028942e-05,0.0031386390888917645,0.8201214356545877,1.395618763581868e-05,2.8577249625627183e-07,0.003703775494835851,0.005086116963893046,6.286611457296202e-05,1.2930985252008942e-06,8.404030417060305e-05,0.000389137050371451,0.000305807496675585,5.842918613236417e-05,0.0006029442320413576,4.7162521615247435e-09,1.2994487700988285e-06,0.15306895805626297,5.302787075855471e-08,2.8311522108458172e-09,3.59293938423063e-06
52,0.008695600839142411,5.581883486832177e-05,1.5645570714124693e-07,4.591964603033311e-05,5.8495310840767135e-08,5.1800183742672626e-05,0.001288078254979849,0.8353169000253644,9.614671273174929e-06,4.3240796540111957e-07,0.0019528642922105352,0.0018433836385611919,4.740835747103188e-05,8.78927732389818e-07,7.346383545073351e-05,0.0003116757594744363,0.0001486957064287102,6.744560974944365e-05,0.0007716891949861704,3.6615815887841586e-09,6.739486009868033e-07,0.14931587658227793,2.9271668270765582e-08,1.2728147821278746e-09,1.5301266071334316e-06
53,0.010486920486786887,9.36680071987267e-05,2.48431160572757e-07,5.0254475783571467e-05,1.1432758173018705e-07,5.223737131344634e-05,0.0020306297503236643,0.8158568807253291,1.1514767145701048e-05,3.232118458019923e-07,0.0030864193135617646,0.004234460774348884,5.62942694577535e-05,1.4290983501724048e-06,7.620898122609091e-05,0.0003122240969630255,0.00026900652709028225,4.922313388660638e-05,0.0005481026335141495,4.012284292031252e-09,9.897535095610823e-07,0.16277981609471207,3.830942244836133e-08,2.080270896613071e-09,2.9893669327967866e-06
54,0.0059600023003504796,0.00013704557507483966,2.1712785011882233e-07,3.343150392452975e-05,9.242772591303015e-08,3.725002772101422e-05,0.0017443963173297463,0.7961855759442321,1.5359967331522904e-05,3.6608796532799804e-07,0.0022735234465807753,0.008526404324095424,3.7728120544060535e-05,2.4370400212806956e-06,0.00012041337148897078,0.00046129712255232674,0.00021428492258243942,2.2145320178048637e-05,0.00037102520247357657,3.830371409564688e-09,5.62752226475586e-07,0.1838487835438258,2.2584589845135598e-08,1.9764431182023906e-09,7.629162520704823e-06
55,0.007312783417222299,9.450936163671168e-05,1.846682523915016e-07,3.856638881417102e-05,6.68145945179787e-08,3.9814082583907725e-05,0.00104298094433827,0.8209269384657959,6.29651544125429e-06,3.964742439255832e-07,0.002130285312695885,0.0018584219976388388,3.9851614952406016e-05,1.1609565581006196e-06,6.698665589261789e-05,0.00024355585477771853,0.0002671062598441416,3.644695233070852e-05,0.0005177046778369192,3.155215759165248e-09,8.51312965391383e-07,0.1653731521336631,2.7219265990273113e-08,9.73373431587683e-10,1.9077900654590466e-06
56,0.010629154394038791,9.049021942494257e-05,2.5108041679150943e-07,4.996257869276274e-05,1.1522306872436384e-07,5.348774348949084e-05,0.0022549711273325106,0.8156785624684102,1.1954956261141306e-05,3.071946632368046e-07,0.0031322908250705005,0.004470166179427458,5.971334620737964e-05,1.4291268290144544e-06,7.53513388759934e-05,0.00031751845911331104,0.000263682238825909,5.087059255044878e-05,0.0005487146748147512,4.2301195095199205e-09,1.016758771281614e-06,0.16230693559735512,3.9391625050514467e-08,2.1800459680398865e-09,3.0080745695886104e-06
57,0.00850492128241663,0.00011158940443005229,2.4255738017585605e-07,4.786739062093148e-05,9.739077772806509e-08,4.162971325691573e-05,0.0025771714130051956,0.803021867329373,1.0033442909619874e-05,3.120284160585963e-07,0.002930212101356981,0.005109582517458517,7.540995969483338e-05,1.3593552400686604e-06,7.373477687506972e-05,0.00044563242234846794,0.0003066534556404983,4.872405008606293e-05,0.0008407997395242954,4.3766571508251375e-09,1.3191132363169527e-06,0.1758476024256281,3.199131833601213e-08,2.441064984616038e-09,3.199321284124316e-06
58,0.012174461060095041,0.00010291856615172159,3.055197123731302e-07,6.035742437683705e-05,1.5929470494379662e-07,6.471405863340974e-05,0.0028304063207539748,0.8016204696568695,1.5629307845401625e-05,3.482311859045184e-07,0.003780666182823698,0.005510443165462555,7.404570132307404e-05,1.6766675956651877e-06,9.159276445693527e-05,0.0003756343497421158,0.00030066054254452624,5.9636295509478e-05,0.0006693213560115691,5.423322348090431e-09,1.306274626315727e-06,0.17226130248494242,5.2753689180651826e-08,3.4195962711563453e-09,3.883178024587078e-06
59,0.011683908289603452,0.00010197668156777577,3.1712724337080565e-07,5.381819204230583e-05,1.4463162888496453e-07,5.8201351088590126e-05,0.0024689312550885585,0.8137741453073157,1.3976915512386494e-05,3.531959609958467e-07,0.0034220554397901546,0.0051330484519812,6.691658958055305e-05,1.6816910506858041e-06,8.029259484923817e-05,0.0003607204851351146,0.0002974862492659684,5.491580091910124e-05,0.0005704249035122802,5.022713843373841e-09,1.2468535163777325e-06,0.16185166479380267,4.723941092828493e-08,2.995197019794148e-09,3.7179422228522503e-06
60,0.010325228702439267,9.007634146450895e-05,2.4420435221767094e-07,4.933662254512491e-05,1.1471817162519321e-07,5.380296884729655e-05,0.0021991815067659466,0.8192102234786174,1.1828030265911311e-05,3.0782758493355127e-07,0.003092669663802108,0.004394805309101812,5.5790227411052865e-05,1.413235108864944e-06,7.675901351996824e-05,0.0003168822883084553,0.00026375939868761067,4.932410916252421e-05,0.000543449703236419,4.043915134359421e-09,9.91029774793802e-07,0.15926072940677588,3.910257334595182e-08,2.0832158895028866e-09,3.0369843520279863e-06
61,0.01264219572954217,9.741010312452929e-05,3.4005584588473614e-07,5.338435645235954e-05,1.4901324644007494e-07,5.9655933176283395e-05,0.002475564495801046,0.8169738469550526,1.4877492634538267e-05,3.568798184701545e-07,0.0035120600964371786,0.005119133396157865,6.803387358417291e-05,1.714578390244625e-06,7.605713533360701e-05,0.0003452838601134603,0.0002844051830406517,5.8468155343496974e-05,0.0005489512589573901,5.0421755731277485e-09,1.2665464945399422e-06,0.15766310688619742,4.874592398199805e-08,3.1413873882117143e-09,3.681085768562177e-06
62,0.010325228702439267,9.007634146450895e-05,2.4420435221767094e-07,4.933662254512491e-05,1.1471817162519321e-07,5.380296884729655e-05,0.0021991815067659466,0.8192102234786174,1.1828030265911311e-05,3.0782758493355127e-07,0.003092669663802108,0.004394805309101812,5.5790227411052865e-05,1.413235108864944e-06,7.675901351996824e-05,0.0003168822883084553,0.00026375939868761067,4.932410916252421e-05,0.000543449703236419,4.043915134359421e-09,9.91029774793802e-07,0.15926072940677588,3.910257334595182e-08,2.0832158895028866e-09,3.0369843520279863e-06
63,0.009730155631273505,0.00010424440764292796,2.342663504515409e-07,5.1021004161895903e-05,1.123604863846644e-07,5.172988386666157e-05,0.0020724169808633342,0.811711882873888,1.1577838742067274e-05,3.336238406270436e-07,0.0030007161351745153,0.00434361317202574,5.607797605860282e-05,1.463310593269369e-06,7.87995989051968e-05,0.00032476256020644566,0.00027517895449800884,4.765136501935132e-05,0.0005803459617417004,4.018258288012671e-09,9.885361052778888e-07,0.16755355074389053,3.815777636144633e-08,2.08747115700532e-09,3.0985511597620555e-06
64,0.010637816613818065,9.313692578513682e-05,2.848987621435229e-07,4.701968392002184e-05,1.203286944436592e-07,5.0852783771316674e-05,0.0024407956394083183,0.8280785363583706,1.0897573154552811e-05,3.0776434221153655e-07,0.003329462704085686,0.004462954076337931,6.205345648490272e-05,1.5428765347849915e-06,6.879268498496857e-05,0.00033379635947557276,0.00031039535925348995,5.708666504296272e-05,0.0005903484819694865,4.484631880056282e-09,1.3700810354670946e-06,0.1494193076172906,4.439242411607074e-08,2.3169517081973554e-09,3.069873469918246e-06
65,0.010485570051507668,8.371718616926039e-05,2.3010052702677888e-07,5.274004829319114e-05,1.1760941140722336e-07,5.896755841121292e-05,0.002335089654944605,0.8226017679920289,1.13261280379794e-05,2.9184772111641515e-07,0.003198403687174058,0.004300646699854275,5.44559828673991e-05,1.2515046211576054e-06,8.163750645871342e-05,0.00032933551533491904,0.0002770652887919008,5.1835508283429195e-05,0.0005972484518351318,3.967826683032687e-09,9.967803085957787e-07,0.15547434751339684,4.253177708106966e-08,2.0658501412581108e-09,2.908818567476504e-06
66,0.010793225497568367,7.805078230695516e-05,2.7536269373050956e-07,4.168236704472125e-05,1.0203659236567432e-07,4.316785175122238e-05,0.0020973233793330735,0.835166744711029,1.0291674942326585e-05,2.787102324873171e-07,0.0029081921288348273,0.004126769597283535,6.106073828242356e-05,1.3415759359095495e-06,5.897367583276696e-05,0.0002976579792138625,0.0002319516796395537,4.9888782291050495e-05,0.00044012963790018036,4.1679281579627085e-09,9.662403920863376e-07,0.14358932703364466,3.085035420964523e-08,1.878442057662948e-09,2.5616605306143485e-06
67,0.011438829747943247,8.282949829193212e-05,3.104215902304564e-07,5.101508432750436e-05,1.1039001319739698e-07,5.0892015101795424e-05,0.002134154763938943,0.8484701162481759,9.779696617256605e-06,3.191594250838261e-07,0.0029615321481915678,0.003951772282211487,5.76556846414983e-05,1.4615657412526357e-06,6.333246402288218e-05,0.00032465166360384724,0.00031085672732458005,6.090168560173937e-05,0.000513139379662118,4.386414473134532e-09,1.2579966396886751e-06,0.12951226989438083,4.914466407280568e-08,2.1750586974483775e-09,2.7557764160368992e-06
68,0.018964887772942814,0.00018416216924296735,1.8022856211647252e-06,0.00012446887729453064,6.975817275384881e-07,0.00015338208187425816,0.006065197564943035,0.8016633180401836,0.00011814863611246315,1.119479716563755e-06,0.004743825554692548,0.01810433730659508,0.00011978675421718473,1.2333590379677564e-05,0.0001471919583319972,0.0005384620440186211,0.0003439243877378846,9.317881528695732e-05,0.0003374714315384713,2.1469138034739947e-08,2.0401023236307247e-06,0.14825914974882287,2.0770342080636047e-07,2.0197295227211913e-08,2.0864446542184514e-05
69,0.011069561824110308,0.00010489329295028527,2.1766752888536852e-07,5.7312455896084694e-05,1.2825592759943673e-07,5.899433604243295e-05,0.002277417981089362,0.7842799714098136,1.2887718699404372e-05,3.059839933691622e-07,0.003368301422339831,0.00471808925337535,5.980091391816254e-05,1.3105820119004465e-06,9.492261872625526e-05,0.000324121786105709,0.00028369123810102477,4.432230173567272e-05,0.000617771556048933,3.857032968874521e-09,8.789857049225345e-07,0.1926218453474809,3.8289665727119e-08,2.195642209004716e-09,3.2087260588565864e-06
70,0.009630192767858047,8.930648443630681e-05,2.1643475446561451e-07,4.1026346677112923e-05,8.88146717758004e-08,4.898446374898391e-05,0.001977800763211791,0.816174780146948,9.924264559216016e-06,3.115616427450545e-07,0.0028520072391600994,0.004078979543705803,5.367693864396405e-05,1.2402041691257416e-06,7.072392750041896e-05,0.00035365255693346883,0.0002648476317134205,4.877287019776848e-05,0.0006015700593441633,3.695314349792362e-09,9.913804581543535e-07,0.1636979887218692,3.41212281253293e-08,1.8958789932144682e-09,2.8771653743356983e-06
71,0.0075178804823584,9.240115510450423e-05,2.752861405133709e-07,4.2061303290296316e-05,1.3437900422720164e-07,4.84439735454467e-05,0.0025944748867122247,0.8552307134856095,1.5145835644890134e-05,3.413429408526472e-07,0.002809658633245236,0.0046369134227992785,5.203612449161237e-05,2.1491905235089738e-06,6.130948287717492e-05,0.000293715751583176,0.00021359893341510293,5.41809147587871e-05,0.00045405613984203546,5.011717802935082e-09,1.2783391249307996e-06,0.12587589923780598,4.052265760038015e-08,2.1987540637189953e-09,3.283966052939996e-06
