,0,1,2,3,4,5,6,7,8,9,10,11,12,13,14,15,16,17,18,19,20,21,22,23,24
0,0.011746620397311957,8.645554825153075e-05,4.0577024138912105e-07,0.00011780100423329883,2.1698115150732755e-07,3.377954610684434e-05,0.0024352619087331068,0.9145926671519528,4.55593706258601e-06,2.1222416748278907e-07,0.003326899563995525,0.003872783731492302,5.2676627145342604e-05,1.1516241164247465e-06,5.706332208611472e-05,0.000361150951213731,0.0006986503243561766,7.923208916165881e-05,0.0005325144116548244,4.212672105109004e-09,1.9392024961859993e-06,0.06199606808148426,7.631963081026365e-08,2.379878554996518e-09,1.810689403506735e-06
1,0.006509405652871954,5.152179717644649e-05,2.461192883022669e-07,6.508202951555658e-05,1.2819959186858292e-07,6.27713229144074e-05,0.002247712937792045,0.9014215862659776,1.2196225016649673e-05,4.1356188922165595e-07,0.0025109536396041203,0.0019302017536225713,4.238961410381157e-05,1.419991057925818e-06,7.42426773799053e-05,0.00027213090596483493,0.00018352347277899648,8.580235246834554e-05,0.0008609798637703477,4.778204323643733e-09,1.6378779963766752e-06,0.08366369926760403,6.170650440152297e-08,1.7369761522541802e-09,1.886249929595018e-06
2,0.005687520179759712,5.9927392572613235e-05,2.0629915468606097e-07,6.328336877992112e-05,1.5038062245820505e-07,6.074032046525944e-05,0.001859331415298132,0.8903274217776366,1.2273754355124332e-05,3.870529876055498e-07,0.0028785002679572852,0.002190074090475554,3.3462879815030007e-05,1.784942765089938e-06,9.714830624794229e-05,0.00022577077663582564,0.00019400198153565173,6.407129101574002e-05,0.0006465340789893537,4.882777872554847e-09,1.2900613204140382e-06,0.09559371699938386,5.9142884659709426e-08,1.521394623775357e-09,2.336835168999305e-06
3,0.00772572668511198,6.345193757819893e-05,2.3180091167665777e-07,7.273721710753344e-05,1.5075151053443858e-07,6.423349592609197e-05,0.0021621647980884172,0.8846284833393971,1.1062217163711974e-05,3.5600798051162775e-07,0.003179616989582319,0.0022412903064678866,4.243717710923039e-05,1.4834166724279593e-06,8.071881230269792e-05,0.00023659549137993672,0.0002441450426553566,8.003053441506388e-05,0.0007662835648159509,4.490945299682461e-09,1.5628458753917807e-06,0.09839517339380287,6.820987849526924e-08,1.739831257047255e-09,1.98973349023145e-06
4,0.007913837144531628,6.731204288879486e-05,2.589904015485221e-07,7.499136853891946e-05,1.5290537564732623e-07,5.8410998243003474e-05,0.002203742053606545,0.8823424100042975,1.1527506996218272e-05,3.7410554903134557e-07,0.0032147296495024713,0.0022791753272866622,5.0005022508743635e-05,1.728211211105345e-06,7.379237412932285e-05,0.00022391325703065073,0.00023658801079428737,8.723254893077212e-05,0.0007497606673016336,5.101303461301804e-09,1.7187143589148317e-06,0.10040632583975924,6.740078718817135e-08,1.889140154907148e-09,1.9388655267232982e-06
5,0.008275891382560133,6.363276029710091e-05,2.566722689282151e-07,9.119584071760653e-05,1.6483424283829544e-07,6.696339746071978e-05,0.0021691842822560625,0.8958680710331768,1.1296188443680805e-05,4.0799984752653334e-07,0.0030737328277573722,0.0020075587701855586,4.669854915832167e-05,1.5706103763714555e-06,7.070278021223571e-05,0.00022750447118531747,0.00024615400024615764,0.00011036450373172048,0.0008207482696556812,5.086189777835524e-09,1.7755033384796737e-06,0.08684437119016436,8.480531510384422e-08,1.953352135123692e-09,1.6622878599708256e-06
6,0.00772572668511198,6.345193757819893e-05,2.3180091167665777e-07,7.273721710753344e-05,1.5075151053443858e-07,6.423349592609197e-05,0.0021621647980884172,0.8846284833393971,1.1062217163711974e-05,3.5600798051162775e-07,0.003179616989582319,0.0022412903064678866,4.243717710923039e-05,1.4834166724279593e-06,8.071881230269792e-05,0.00023659549137993672,0.0002441450426553566,8.003053441506388e-05,0.0007662835648159509,4.490945299682461e-09,1.5628458753917807e-06,0.09839517339380287,6.820987849526924e-08,1.739831257047255e-09,1.98973349023145e-06
7,0.010650536000039538,5.9436189907952385e-05,2.7348694357383583e-07,6.99767951338441e-05,1.338131846933374e-07,5.5382159426153844e-05,0.0022154994862750342,0.8743366511214189,9.785978772329628e-06,3.2027764497388633e-07,0.003452659163064481,0.002017296606246898,6.189866533647017e-05,1.2520600838271037e-06,6.599044797324344e-05,0.00021507837950757085,0.00022456149798319862,9.152430267966462e-05,0.0007470711821975531,4.82254709376386e-09,1.5548802216171625e-06,0.10572152183319818,5.554435744877239e-08,1.7181795921264313e-09,1.533587676180609e-06
8,0.013311882191171855,8.600009376960248e-05,5.417449633991868e-07,0.00010924474497703197,2.1450779477273865e-07,6.964409010649254e-05,0.0015003979767791492,0.8892716855576249,1.312015836883261e-05,5.839203403125546e-07,0.003387185090304473,0.0031152580409420662,4.55308504572329e-05,2.4313699992967388e-06,9.841215152645788e-05,0.0003047538720140009,0.00039978361891348976,8.372457076986621e-05,0.0005019658484214942,5.873582226265716e-09,1.6042073517805482e-06,0.08769240968094523,1.1725777848969825e-07,3.4480093717805706e-09,3.4991330881711674e-06
9,0.006305852540512271,9.101161250782626e-05,4.607225893016351e-07,8.734146610115121e-05,1.4886916405011994e-07,5.3879697781090745e-05,0.001258453443491379,0.9108868694993659,1.2594912627312423e-05,8.24333491803687e-07,0.002223227200232891,0.0022870500864119454,3.783339477453065e-05,2.996133720992911e-06,8.648954983334403e-05,0.00036097241053889995,0.00031171014184572325,7.588625497660575e-05,0.0005777534163112407,7.0259281172670145e-09,1.6418106343229766e-06,0.07533341575684924,9.26879142135488e-08,2.886503796601454e-09,3.4841458920737514e-06
10,0.00772572668511198,6.345193757819893e-05,2.3180091167665777e-07,7.273721710753344e-05,1.5075151053443858e-07,6.423349592609197e-05,0.0021621647980884172,0.8846284833393971,1.1062217163711974e-05,3.5600798051162775e-07,0.003179616989582319,0.0022412903064678866,4.243717710923039e-05,1.4834166724279593e-06,8.071881230269792e-05,0.00023659549137993672,0.0002441450426553566,8.003053441506388e-05,0.0007662835648159509,4.490945299682461e-09,1.5628458753917807e-06,0.09839517339380287,6.820987849526924e-08,1.739831257047255e-09,1.98973349023145e-06
11,0.00837519879863503,6.573375631842704e-05,2.5435214037312286e-07,7.795815471726346e-05,1.580887338274139e-07,6.341432700126455e-05,0.002311158818788155,0.8795693228979267,1.1385593250128368e-05,3.621286030976393e-07,0.0032811274358096306,0.0023694061152353704,5.040185419395117e-05,1.5203723789545407e-06,8.104136806259215e-05,0.00024977951364656777,0.00025222062795994733,8.533534131042472e-05,0.0007976913421737991,5.076327062623819e-09,1.6637158651981906e-06,0.10235278374365064,7.007839222003848e-08,1.9942153839793044e-09,2.004504664088192e-06
12,0.006811726609239952,6.0136946831983085e-05,1.7845807074096628e-07,7.742682261309022e-05,9.351436072434723e-08,5.1402587731487644e-05,0.0020658319159796773,0.8884759548421107,8.798275378364335e-06,3.264602450862119e-07,0.002438964620447929,0.0017678498266862938,4.534281960207084e-05,1.078077696798319e-06,7.70572767227794e-05,0.0002520315928425068,0.00019830851270682384,7.728175320337784e-05,0.000994199228998425,3.6311100512535226e-09,1.2944829757397935e-06,0.09659320637853751,5.1855168586194985e-08,1.3363191614467041e-09,1.4521744198530942e-06
13,0.005853899028692359,5.618406652985844e-05,1.740053862507105e-07,3.551244965917018e-05,1.2955928828764605e-07,3.1754158227525084e-05,0.001406953804475576,0.8629535218856137,7.868421921124794e-06,1.855265868052418e-07,0.004770085023650869,0.0032201107817084215,3.356946361445137e-05,1.8679136891872226e-06,8.389835712688738e-05,0.00015660143728005854,0.000194860710248345,4.02959721241534e-05,0.00039787525649054344,4.001332467905667e-09,1.050695574509034e-06,0.12075099980104508,2.8133999944381473e-08,1.102266246676444e-09,2.568443468128433e-06
14,0.007912423066060673,0.0003352427591433963,2.630873333520467e-07,0.0001928188787458166,5.251732703044046e-07,6.008752435959766e-05,0.0028550310042939286,0.8167508532889548,1.083565002852377e-05,6.978193291405391e-07,0.007227125107605802,0.00207358935549095,0.00011984959788303198,2.6554558756617466e-06,5.705440229078735e-05,0.0001809143739489368,0.0006286980699991689,0.00020055840930875875,0.0026179208159846277,7.686733812190865e-09,6.408515207660899e-06,0.15876503132450445,1.060438859158168e-07,3.624246567977288e-09,1.2989655143436891e-06
15,0.00772572668511198,6.345193757819893e-05,2.3180091167665777e-07,7.273721710753344e-05,1.5075151053443858e-07,6.423349592609197e-05,0.0021621647980884172,0.8846284833393971,1.1062217163711974e-05,3.5600798051162775e-07,0.003179616989582319,0.0022412903064678866,4.243717710923039e-05,1.4834166724279593e-06,8.071881230269792e-05,0.00023659549137993672,0.0002441450426553566,8.003053441506388e-05,0.0007662835648159509,4.490945299682461e-09,1.5628458753917807e-06,0.09839517339380287,6.820987849526924e-08,1.739831257047255e-09,1.98973349023145e-06
16,0.0065936123189620196,5.9426719710436155e-05,1.6960815866279837e-07,5.978220890662555e-05,1.121298745340339e-07,5.13766421018846e-05,0.001821126434162885,0.8754132120512349,9.48954373500764e-06,2.9375254945765765e-07,0.003015585397937899,0.0023854535723409308,3.6601912714141933e-05,1.4478917845432804e-06,8.204935173432172e-05,0.00021640338109816937,0.00020604039378960382,6.74473532103741e-05,0.0006913224912223658,3.7736467639661384e-09,1.1683624212887028e-06,0.10928593527505899,4.820600745321241e-08,1.2611418868865058e-09,1.8899664948467885e-06
17,0.009606697114738183,6.749970598538212e-05,2.939264010058133e-07,7.513831631247298e-05,2.0278532722509368e-07,6.678972619697713e-05,0.002780227715031073,0.8762944250937863,1.2615369214854611e-05,3.202734587225797e-07,0.004066627841805864,0.0028265949664489478,5.388300886959319e-05,1.885135664215666e-06,6.529243063138916e-05,0.00020599921792083064,0.00029285100421345376,9.952535708002907e-05,0.0006897003899827529,5.270037536352271e-09,2.1634039869082406e-06,0.1027891424760428,8.327729315140563e-08,2.246154555436126e-09,2.0339474156679654e-06
18,0.006281450697341696,7.127815337317556e-05,2.659002430290631e-07,5.077318826023852e-05,1.4572562528858207e-07,6.336345837578924e-05,0.0026491642871072788,0.8803563035575406,1.2193182966472028e-05,3.6405399159366904e-07,0.003343484323955194,0.003826713105919651,3.532449881656536e-05,2.278401934270787e-06,0.0001049737160718944,0.00036009577220308,0.00032986599579641336,6.906867534680907e-05,0.0007848210327881255,5.058291062401706e-09,2.098067070373301e-06,0.10165163449257218,8.142810558480668e-08,2.253220618348399e-09,4.250973083042772e-06
19,0.006100519751710702,8.516999328310901e-05,2.119566068801847e-07,0.00011048385420609299,1.970573017811655e-07,8.228933979202402e-05,0.0022421152372707207,0.8627110887997805,1.5738002710677685e-05,4.982099969808603e-07,0.0026036746998328746,0.00261060864178019,4.3567794600541864e-05,1.778521594732506e-06,0.00010963487963671061,0.0002565250890280704,0.0002332418890166818,6.426647600232523e-05,0.0007957075411201666,5.227817465491924e-09,1.165506763901079e-06,0.12192907926483859,6.942562507483545e-08,1.9596401664965404e-09,2.360880043160106e-06
20,0.011273540769932288,6.570671184732577e-05,3.90188615501603e-07,8.825057886345376e-05,2.1775844687705461e-07,7.916873411237579e-05,0.003064699749637891,0.9070820140476737,1.142607542239907e-05,3.6667519167882133e-07,0.003520742678213135,0.003282753449390979,4.3350280605886736e-05,1.4358661454917429e-06,7.904513321231982e-05,0.000377642711024697,0.00040791797895077417,0.00010942533773504229,0.0008425186478517412,4.604810425367822e-09,2.3567805868710935e-06,0.06966417384117297,1.1991619061078376e-07,2.8927275575723586e-09,2.728591637987613e-06
21,0.010873151128843338,5.976456789964429e-05,4.6356217184525253e-07,6.240120212457062e-05,1.3497712468993624e-07,3.0840658900343564e-05,0.0019565632087997988,0.9160900794167036,7.252694971035178e-06,2.9353943346148714e-07,0.00300318124230377,0.0031866071601766104,5.6363251898233584e-05,2.0132889206105137e-06,4.153186056198742e-05,0.0002790623053303805,0.00031243544906287224,0.0001123287630758473,0.0004579723104220396,5.306645309845725e-09,2.2483926886615476e-06,0.06346331696701812,6.371888240115172e-08,2.3064089819211614e-09,1.9227196319061054e-06
22,0.008370014331177964,5.3101056568246546e-05,2.6152691118404406e-07,5.297706695293934e-05,9.911550734745217e-08,4.46876621920969e-05,0.0012563277837788853,0.9068896349402559,5.149329526304181e-06,3.461170003663188e-07,0.0026681426209063434,0.0013105757853239149,3.66472691088566e-05,1.1720715468016136e-06,3.9546101391589586e-05,0.0001799739161910186,0.00030281502701591994,9.21625572790675e-05,0.0005685991249258925,3.6119690061218504e-09,1.7681482151235041e-06,0.0781248343158874,5.795749575016231e-08,1.065270517474866e-09,1.1014976016186646e-06
23,0.00772572668511198,6.345193757819893e-05,2.3180091167665777e-07,7.273721710753344e-05,1.5075151053443858e-07,6.423349592609197e-05,0.0021621647980884172,0.8846284833393971,1.1062217163711974e-05,3.5600798051162775e-07,0.003179616989582319,0.0022412903064678866,4.243717710923039e-05,1.4834166724279593e-06,8.071881230269792e-05,0.00023659549137993672,0.0002441450426553566,8.003053441506388e-05,0.0007662835648159509,4.490945299682461e-09,1.5628458753917807e-06,0.09839517339380287,6.820987849526924e-08,1.739831257047255e-09,1.98973349023145e-06
24,0.005802425494595169,9.280426223501968e-05,1.9318047189830867e-07,0.00011738007746887855,1.4522444339132263e-07,5.7050333004907304e-05,0.0019242560973721577,0.8902834758161177,1.0421053186673479e-05,4.760149711622586e-07,0.0025724253092440624,0.001914057259359585,4.268878202756489e-05,1.7160073199942097e-06,8.543822804993822e-05,0.00023608307575893813,0.0002597737700596227,8.994778238570742e-05,0.0010473466512651412,4.4062196643430906e-09,1.5494417685591818e-06,0.09545857615429945,7.576053682006414e-08,1.6628188917122662e-09,1.6881550190367117e-06
25,0.004853182096537774,2.9496316711280137e-05,1.60471406305351e-07,3.658213205277201e-05,1.0641658376708232e-07,3.3124344186462856e-05,0.001721069480359621,0.9358339057767949,4.95545543072766e-06,1.4879727638946286e-07,0.002878306118842061,0.0017452968873951573,2.763936833056586e-05,9.974715753465446e-07,2.8364180230006437e-05,0.00013328257680336866,0.00016150132372758089,7.460612927590501e-05,0.00033154813202546676,3.6448251192011283e-09,1.2784861660493502e-06,0.05210352612723262,3.739499216667874e-08,8.256185114790208e-10,8.800456201437419e-07
26,0.016479123108352665,7.131063480602863e-05,6.493730827153024e-07,0.0001339617344967133,3.10235483312801e-07,0.00011269470727932849,0.0027541659729202503,0.8964094936021275,2.128099851487384e-05,6.574893557690313e-07,0.0038397168025861,0.002519080994291501,6.565132382596456e-05,2.4141320432920614e-06,7.050174984652033e-05,0.00029693829328147225,0.00036578487127685456,0.00019504509281445797,0.0007730078238658872,8.362343781617925e-09,2.968890743964416e-06,0.07588253115590848,2.1284105753187564e-07,5.142945350142101e-09,2.4846667498279274e-06
27,0.006045811465708892,5.6352940596206376e-05,1.5022712031867825e-07,7.143577239674439e-05,1.3562084233026831e-07,8.68474634157934e-05,0.0019101444379138242,0.8523926969629954,1.595458842645621e-05,3.918969707924311e-07,0.0027758414041651833,0.0019380508734990042,3.637734027375782e-05,1.2847443876473792e-06,0.00011358971635312798,0.0002084831342102997,0.00014504978521741291,5.786582089304533e-05,0.0008150607151375425,4.242617474733391e-09,9.299378663033127e-07,0.13332545663988998,5.25596199912004e-08,1.4653158505145847e-09,2.0302441666532153e-06
28,0.00772572668511198,6.345193757819893e-05,2.3180091167665777e-07,7.273721710753344e-05,1.5075151053443858e-07,6.423349592609197e-05,0.0021621647980884172,0.8846284833393971,1.1062217163711974e-05,3.5600798051162775e-07,0.003179616989582319,0.0022412903064678866,4.243717710923039e-05,1.4834166724279593e-06,8.071881230269792e-05,0.00023659549137993672,0.0002441450426553566,8.003053441506388e-05,0.0007662835648159509,4.490945299682461e-09,1.5628458753917807e-06,0.09839517339380287,6.820987849526924e-08,1.739831257047255e-09,1.98973349023145e-06
29,0.00772572668511198,6.345193757819893e-05,2.3180091167665777e-07,7.273721710753344e-05,1.5075151053443858e-07,6.423349592609197e-05,0.0021621647980884172,0.8846284833393971,1.1062217163711974e-05,3.5600798051162775e-07,0.003179616989582319,0.0022412903064678866,4.243717710923039e-05,1.4834166724279593e-06,8.071881230269792e-05,0.00023659549137993672,0.0002441450426553566,8.003053441506388e-05,0.0007662835648159509,4.490945299682461e-09,1.5628458753917807e-06,0.09839517339380287,6.820987849526924e-08,1.739831257047255e-09,1.98973349023145e-06
30,0.00772572668511198,6.345193757819893e-05,2.3180091167665777e-07,7.273721710753344e-05,1.5075151053443858e-07,6.423349592609197e-05,0.0021621647980884172,0.8846284833393971,1.1062217163711974e-05,3.5600798051162775e-07,0.003179616989582319,0.0022412903064678866,4.243717710923039e-05,1.4834166724279593e-06,8.071881230269792e-05,0.00023659549137993672,0.0002441450426553566,8.003053441506388e-05,0.0007662835648159509,4.490945299682461e-09,1.5628458753917807e-06,0.09839517339380287,6.820987849526924e-08,1.739831257047255e-09,1.98973349023145e-06
31,0.0020527029498657425,0.00021627566457236736,2.86912724657618e-08,0.0004948420329581531,7.995439043249817e-06,0.0021439387076394156,0.019560827555691107,0.047737922367638866,0.0010623414970111313,6.529256536883359e-07,0.009127361353359729,0.0060635174114868845,9.521778562273414e-05,2.2952466382197035e-06,0.009945116753454167,0.0001671978761744388,0.00011940415661804576,1.0996959750105432e-05,0.011328244727035272,1.5385276597101216e-08,9.589920157891984e-07,0.8898337912098817,3.443401109612185e-07,3.807404279602669e-08,2.7971897186349933e-05
32,0.007227509662635563,6.310342802213462e-05,2.1543555299392385e-07,7.741924407849338e-05,1.4811396980287311e-07,6.814783855983e-05,0.0022510737506267328,0.882196898184612,1.1165993531875574e-05,3.7447786899062483e-07,0.0031418749069688345,0.0021275859079209055,4.331965960445242e-05,1.410076252109073e-06,8.92400903148784e-05,0.00025363609494971227,0.0002453620620861334,8.319314415602439e-05,0.0009313961180214984,4.626938689199837e-09,1.6293059835219767e-06,0.10118325115930858,7.157227669240024e-08,1.7741581624706601e-09,1.9673716012344848e-06
33,0.007077727668085189,6.620461117456264e-05,3.0076070660841325e-07,7.181839184231349e-05,2.0305621837144246e-07,0.00011782500944129686,0.002104580695394772,0.8826472705059705,2.284777818553547e-05,6.890101491019134e-07,0.0030672795409796157,0.0018514576303992197,3.196332861237044e-05,2.2937084701855843e-06,0.00014111865079939094,0.00023921235984014129,0.0001959796968507412,7.550280883279361e-05,0.0008153115181161448,5.683947943070537e-09,1.6267547453543923e-06,0.10146532230271331,1.0122346292503738e-07,2.016313858260831e-09,3.355288747977253e-06
34,0.007701867266630337,6.352450685211736e-05,2.314597619299766e-07,7.268036005263296e-05,1.506776711229136e-07,6.420909062413251e-05,0.0021607489832221327,0.8846606000094187,1.1055127977865293e-05,3.561617713590166e-07,0.0031754128556955243,0.0022428030190387895,4.2355550041357564e-05,1.4846004398451093e-06,8.06934439218327e-05,0.0002366643223838948,0.00024423115199352505,7.985779169481977e-05,0.0007655519581325903,4.488444313843373e-09,1.5616382890166045e-06,0.09839189403533996,6.815346254074477e-08,1.7378913076702732e-09,1.991609248234943e-06
35,0.008807745924337671,3.4732024211724624e-05,1.6281139885398177e-07,4.712473523820719e-05,6.991843233586238e-08,5.3851348133085656e-05,0.0015721382846684258,0.8997112739506773,7.498115569390695e-06,2.538511270322259e-07,0.002374146702645545,0.0016530731118178108,3.427200818695682e-05,7.539966215322979e-07,4.3738622472183e-05,0.00021444950705691113,0.0001596166840491169,9.434912585851487e-05,0.0006564888796857963,2.71562529945426e-09,1.0161819254115126e-06,0.08453214616877464,4.3370038653283606e-08,1.0818305298904638e-09,1.0508796171498042e-06
36,0.061903417240451154,0.00023964076466837097,2.5504319586953525e-06,0.0003912172467175173,8.124961128360458e-06,0.0004521884279506791,0.017426210628017417,0.725360062883539,8.657428396057386e-05,6.356767753902288e-07,0.052321508230112314,0.010090998659987279,0.0002724528156266812,5.4362985323772195e-06,0.00039288017653631,0.0003539874465542551,0.0011296152908468876,0.0003125790841330543,0.002316902106769861,3.309855500312415e-08,2.2208953337696134e-05,0.12689277697526985,1.2280825643836566e-06,7.285254058072692e-08,1.6697383466000577e-05
37,0.019312209715653377,7.390381578197656e-05,6.312979010367188e-07,9.082673979342094e-05,2.6955875662584996e-07,6.739697394345615e-05,0.0037232321924759496,0.8735888628886805,1.5693671880651715e-05,3.8399048912749785e-07,0.004837382756488735,0.0037926837533788947,9.347585361410935e-05,2.2768421085338165e-06,6.0471111480519034e-05,0.00028091688398038426,0.00037106657731809267,0.0001650940432946594,0.0007239073233816868,7.400546561842371e-09,3.2581132314543227e-06,0.09279343315261776,1.1736279555745046e-07,4.4681883143209055e-09,2.4935122184174517e-06
38,0.00933253470612821,3.927051999667448e-05,2.426207821902041e-07,7.138364328099444e-05,1.0161516626344269e-07,9.268362184421708e-05,0.0035317385226416496,0.895635956940093,9.040768474572175e-06,3.5216974111234174e-07,0.0025102973291807125,0.0017071961278973095,5.5195721485770375e-05,7.528254348907984e-07,8.842067329560836e-05,0.00043132421920254307,0.00025777571023545776,0.00012195553269026087,0.0014024406627351912,5.142527324665951e-09,2.011424195029171e-06,0.08470766930985045,8.848105572341602e-08,1.8456952346722437e-09,1.559866369574163e-06
39,0.0049941050598659295,2.5370515626237684e-05,1.448133774871104e-07,3.2046324209066906e-05,6.079707272970051e-08,4.486651281405134e-05,0.001616350204781763,0.9272450497982248,4.283493973964335e-06,1.6756087416399473e-07,0.0019759540506451784,0.0016729700015906302,2.3702098578231245e-05,6.095492003404984e-07,3.73724699358546e-05,0.00023217053618692962,0.00018045543123821635,5.420968771653263e-05,0.00043706613032084863,2.717973920576222e-09,1.048299131165937e-06,0.06142084746711559,3.735151116046685e-08,8.079849863329591e-10,1.1083200504929468e-06
40,0.012768230153175722,7.667307587468243e-05,3.5601559997264873e-07,5.678822145773421e-05,1.8736204162390303e-07,6.340933967248349e-05,0.002132701329085532,0.8291646392261153,1.2464974108586131e-05,2.9927234445052506e-07,0.004431121302836243,0.0036909735548847186,5.416731314479892e-05,1.9237457507236453e-06,9.244767497072211e-05,0.00021441519487856592,0.00030016463580964843,5.58780947412368e-05,0.00045136898014436547,4.931278944700555e-09,1.3807025554423717e-06,0.1464271879213878,5.422467621859902e-08,1.952945415739531e-09,3.160800518945998e-06
41,0.009259404261615293,5.9917573534781485e-05,2.2531853608932335e-07,0.0002010706906563854,4.029147955717022e-07,0.00015424395170574338,0.0018956625579419695,0.870178216202795,2.8003694543386453e-05,5.610577673379619e-07,0.003459891688681061,0.0022339479754696885,3.048217751367621e-05,1.3738547570790296e-06,0.00028097726674213464,0.00022941563601782623,0.0001728488504664907,6.0428393226005995e-05,0.0008192058183106057,4.922796603086729e-09,6.413862669361475e-07,0.110930061849498,9.630932767495745e-08,2.2042389963626332e-09,2.9134427956832005e-06
42,0.015545394895142912,8.555746340081857e-05,7.042424476871236e-07,0.00012532372885419772,4.122473634268561e-07,7.558852713682597e-05,0.0037610602062050874,0.9161055608507587,2.1466747391922667e-05,5.092258810246007e-07,0.00542967595461948,0.0035071682933448646,5.791950670168986e-05,4.240306064607775e-06,7.683849806102912e-05,0.00022427909250045917,0.00034709734236394133,0.00023568690546882918,0.000706767610094803,7.84359138311042e-09,4.162890621820526e-06,0.053681065544319416,2.351327970968664e-07,4.708369252188686e-09,3.2722364989223827e-06
43,0.005427022132140405,4.9052944208744995e-05,1.7076176200727057e-07,6.216919729994194e-05,1.1851269684849586e-07,8.07611427276269e-05,0.0017120304572737109,0.8882371710718824,1.0780448992847049e-05,4.3187428204038535e-07,0.0023575526465688234,0.00138388476025318,3.187660031468427e-05,1.153222088079555e-06,8.107841672104977e-05,0.00022008345132630626,0.00017956057311148058,6.86868702742887e-05,0.0008186422772776323,4.216892427960686e-09,1.2990493093575227e-06,0.09927481337702869,6.121178198717777e-08,1.261667867007182e-09,1.593522117666838e-06
44,0.00772572668511198,6.345193757819893e-05,2.3180091167665777e-07,7.273721710753344e-05,1.5075151053443858e-07,6.423349592609197e-05,0.0021621647980884172,0.8846284833393971,1.1062217163711974e-05,3.5600798051162775e-07,0.003179616989582319,0.0022412903064678866,4.243717710923039e-05,1.4834166724279593e-06,8.071881230269792e-05,0.00023659549137993672,0.0002441450426553566,8.003053441506388e-05,0.0007662835648159509,4.490945299682461e-09,1.5628458753917807e-06,0.09839517339380287,6.820987849526924e-08,1.739831257047255e-09,1.98973349023145e-06
45,0.032643721336686214,0.0008349628489294574,5.003277275670942e-06,2.1526929116097265e-05,1.0991407488062636e-07,1.3738074012913856e-05,0.00033375448335781587,0.8592895493554412,4.5374550957095405e-06,1.9704868162891343e-06,0.006005680552935228,0.0041936916793407835,5.537841946249105e-05,4.200505543700041e-05,5.172612177252595e-06,0.000198773632460346,0.004704634065031934,0.0003130232174456454,0.00019324192925500422,5.086992108832012e-09,2.632265977181586e-05,0.09110446343498763,2.8340948218698686e-07,6.279026515379581e-09,8.443805387988042e-06
46,0.00824191265000728,6.561496530604026e-05,2.2729271602557333e-07,7.47101648442135e-05,1.4743622489208432e-07,6.196847405445656e-05,0.0020691472681588557,0.8799699243728387,9.2367435393929e-06,3.240010893049612e-07,0.0032300018079465115,0.002388360818450612,4.252964210234118e-05,1.3135035159892637e-06,7.937506662044404e-05,0.0002503900042493799,0.0002944161784076004,7.457394990285594e-05,0.0007400817954332763,4.2067977773565645e-09,1.491668185145457e-06,0.10240223615234377,6.689251287993067e-08,1.7007383339063003e-09,1.943244013662122e-06
47,0.007833559415063132,6.477738989121296e-05,2.2745106908759806e-07,6.983352654721919e-05,1.4416179690459955e-07,6.26782353918076e-05,0.002136152863384181,0.8804773419991876,1.0790878371594841e-05,3.481681326598009e-07,0.0031552947324989893,0.0023153169922362784,4.3013040019160664e-05,1.438202936684796e-06,7.991219077795415e-05,0.00024206869118485028,0.00024617429923799185,7.664807513352492e-05,0.0007540684670500841,4.386196123417865e-09,1.4986360406335269e-06,0.10242663265490749,6.414595988444222e-08,1.7192727101328025e-09,2.009677712379289e-06
48,0.02051032133056276,2.8565981759078962e-05,9.048332774820363e-07,4.785658316764733e-05,7.406341954279812e-07,0.0001692194705090337,0.0063171799020149775,0.836747307128002,8.762200721756211e-05,3.4005656872264693e-07,0.01170406188631391,0.006617326965816806,9.7291293040719e-05,3.7130976982871005e-06,0.00020581452788303328,0.00027400051121448285,9.6486113248825e-05,0.00010985014927738151,0.0005425206228470191,1.7272490308453693e-08,2.9658553401664492e-06,0.11642621048870865,1.0600468418236459e-07,1.0121964922570444e-08,9.567162196523771e-06
49,0.00847462122313724,5.306285667579269e-05,2.612368590666758e-07,5.6454882105429443e-05,1.458308797085955e-07,6.42227256267408e-05,0.0018790972411467243,0.8880374875690887,9.916817013565681e-06,2.993411418118738e-07,0.003214953284723755,0.0024722135141034187,3.924108895957093e-05,1.4286850654141565e-06,5.856175113548052e-05,0.00020039749831127094,0.00022944643444707154,7.152245575396268e-05,0.00046807754245837895,4.393113516097772e-09,1.3543936347521389e-06,0.09466524732889668,5.936437797888811e-08,1.5677946903824433e-09,1.9209735491409933e-06
50,0.004538485663921355,5.783024257995233e-05,1.773056304181255e-07,5.4243304704500715e-05,9.90992573924982e-08,5.2464736706158444e-05,0.0019914357210183745,0.8912329245376253,1.1175609140825151e-05,4.1742861875267365e-07,0.0020382675547905176,0.001602899894314639,3.802804236725544e-05,1.4763393403725623e-06,6.25471115783601e-05,0.000200266054956856,0.00014820870376765834,6.277628495183425e-05,0.0007433286029149032,4.158898771193107e-09,1.2484887307212043e-06,0.09716012699187135,4.192163140620066e-08,1.1253318581043584e-09,1.5250753507137385e-06
51,0.010058959935874074,5.041960403211389e-05,2.919518174421848e-07,6.812112951350933e-05,1.871422131912457e-07,8.647600527879338e-05,0.003125712864748635,0.8839889274058902,1.3076397063940441e-05,3.2992981119766614e-07,0.003858015397194627,0.002622238059178775,4.842322455080809e-05,1.3680377251703311e-06,8.762231067784095e-05,0.0002923312781007972,0.00028818460651471327,9.684855330697526e-05,0.000854722547605956,5.254015996637007e-09,2.1050010163871716e-06,0.09445316949371073,9.405785047613096e-08,2.417080037435258e-09,2.367395227669849e-06
52,0.006460628846095647,3.921326310931311e-05,1.498460644408628e-07,6.910185772628093e-05,7.400200018776403e-08,6.467451034068833e-05,0.0012499035723326655,0.8952381567411598,9.06711087118744e-06,5.283286993241513e-07,0.001915490104869379,0.0009252193766288958,3.5856312858336294e-05,8.996072781509931e-07,7.998623002602099e-05,0.0002429017694107988,0.00013509384465860708,0.00010747414467470952,0.0011193568338316343,4.018253599021332e-09,1.0266479584508582e-06,0.09230411265699431,5.135895004578965e-08,1.0540274628731004e-09,1.0279611801118437e-06
53,0.007882901727452476,6.615750686414806e-05,2.368038502912555e-07,7.419619359416562e-05,1.5075022848338418e-07,6.243994860463803e-05,0.0020044655090106925,0.8823874559669521,1.0784832926405608e-05,3.7403758400016263e-07,0.003186550100352124,0.002166167179511339,4.29805513728723e-05,1.5050261876760399e-06,8.012816420090168e-05,0.0002336062231151136,0.00025016565637837684,8.030272347969479e-05,0.0007747383239669103,4.466951357894444e-09,1.571734353487498e-06,0.10069108532822128,6.711065545220787e-08,1.7458420868660489e-09,1.962388344133998e-06
54,0.004192846556571402,9.30076265259808e-05,1.966671991421227e-07,4.86795443478892e-05,1.1663388742444831e-07,4.490895575773803e-05,0.001674628376030491,0.8734738447480636,1.3610576751579306e-05,4.253432225870415e-07,0.002268012184541583,0.0041359857719113526,2.7311559554869453e-05,2.467305634007416e-06,0.00012933024593234286,0.00034338349605372214,0.00019728092900383524,3.481405748047366e-05,0.000530628459644803,4.168068676900111e-09,8.686441987159423e-07,0.11278279758494784,3.830638432359579e-08,1.502535321397515e-09,4.8107557502982805e-06
55,0.005719978924396282,6.837697703930489e-05,1.818044886031742e-07,5.827868211531378e-05,8.790989191881354e-08,4.871865603037548e-05,0.0010412717358123573,0.8849533902469945,6.089445217965796e-06,4.7188985129945067e-07,0.0022000037914411234,0.0009750527976532007,3.143406263370762e-05,1.2294005521174425e-06,7.128040603210384e-05,0.00018749884549386825,0.00024808826822582543,6.0417410723880756e-05,0.0007444580977263786,3.529688238936766e-09,1.3503522938293696e-06,0.10358099541954803,4.8576970869931016e-08,8.545432088546353e-10,1.2919146356046645e-06
56,0.007963497466903375,6.384343913724337e-05,2.386251716676812e-07,7.378198548094409e-05,1.516291887327009e-07,6.396496482526681e-05,0.002219739534568548,0.882182179329822,1.1202208357615665e-05,3.558886371093449e-07,0.0032243757319266476,0.002283363633093076,4.547860115997365e-05,1.5021794975612847e-06,7.939027867697724e-05,0.0002374256694141725,0.0002443149380559965,8.261435199258293e-05,0.0007747207833600847,4.70412889188293e-09,1.6042948722290988e-06,0.1004442048942846,6.879545575494425e-08,1.823066286954936e-09,1.974248922555077e-06
57,0.006294343550072176,7.860645194736582e-05,2.2626832785531584e-07,7.110050495642348e-05,1.2414821981318e-07,4.961857797161568e-05,0.0024939685455656097,0.8736019506460884,9.320907492961991e-06,3.6412355702042577e-07,0.002951198213532912,0.0025815354327464535,5.724719603206146e-05,1.4026279375382572e-06,7.830774978379703e-05,0.00033551586155378224,0.0002791882037097443,7.792373727434637e-05,0.0011954541850013251,4.82299257771208e-09,2.0095221815365584e-06,0.10983845446560497,5.462716560172125e-08,1.99247237209639e-09,2.0776378117826985e-06
58,0.008964276935716642,7.209728749175733e-05,2.8709252648415875e-07,8.918473810368465e-05,2.0807656746553252e-07,7.777347523722585e-05,0.002770210361845475,0.8728142593367222,1.4524522269005199e-05,4.060475921206907e-07,0.003856687910092664,0.00278167896231471,5.571526798277689e-05,1.7516247610687871e-06,9.744645217305975e-05,0.0002816726414450028,0.00027805358372903576,9.596578426922451e-05,0.000950030331832555,6.023868824650705e-09,2.042784622964828e-06,0.10679309059390155,9.158070124174374e-08,2.796929296658219e-09,2.5357873040839584e-06
59,0.008623894602278732,7.115428978466895e-05,2.98794567462372e-07,7.89193331999169e-05,1.889306388600599e-07,6.940643154277145e-05,0.0024236500418671103,0.8815696916184411,1.283073655734221e-05,4.079452739495169e-07,0.0035042008306720484,0.002578951394429475,5.034516754218263e-05,1.7564659084307195e-06,8.431540599632312e-05,0.0002695389332495104,0.000277840520044869,8.934331280333125e-05,0.0008100705553250554,5.5640853902935725e-09,1.9892103891912446e-06,0.09947870590575571,8.244624431311749e-08,2.4550940011507808e-09,2.4091083081004806e-06
60,0.00772572668511198,6.345193757819893e-05,2.3180091167665777e-07,7.273721710753344e-05,1.5075151053443858e-07,6.423349592609197e-05,0.0021621647980884172,0.8846284833393971,1.1062217163711974e-05,3.5600798051162775e-07,0.003179616989582319,0.0022412903064678866,4.243717710923039e-05,1.4834166724279593e-06,8.071881230269792e-05,0.00023659549137993672,0.0002441450426553566,8.003053441506388e-05,0.0007662835648159509,4.490945299682461e-09,1.5628458753917807e-06,0.09839517339380287,6.820987849526924e-08,1.739831257047255e-09,1.98973349023145e-06
61,0.009235356436356142,6.75472064994384e-05,3.1798764926227883e-07,7.802793061087944e-05,1.9347414457406e-07,7.102465697173578e-05,0.0024167756860061867,0.8838647180312267,1.3564821922495587e-05,4.118296413340932e-07,0.003571800326441071,0.0025507674768234117,5.0778110800966927e-05,1.7809210251199268e-06,7.988907550296763e-05,0.00025739251563538796,0.00026458209383571564,9.448651857081593e-05,0.0007787504318925144,5.5648546544965676e-09,2.008747435372214e-06,0.09659736021967136,8.462991687455044e-08,2.5455315771440725e-09,2.372761033503998e-06
62,0.00772572668511198,6.345193757819893e-05,2.3180091167665777e-07,7.273721710753344e-05,1.5075151053443858e-07,6.423349592609197e-05,0.0021621647980884172,0.8846284833393971,1.1062217163711974e-05,3.5600798051162775e-07,0.003179616989582319,0.0022412903064678866,4.243717710923039e-05,1.4834166724279593e-06,8.071881230269792e-05,0.00023659549137993672,0.0002441450426553566,8.003053441506388e-05,0.0007662835648159509,4.490945299682461e-09,1.5628458753917807e-06,0.09839517339380287,6.820987849526924e-08,1.739831257047255e-09,1.98973349023145e-06
63,0.007248342568725348,7.332748132024443e-05,2.2187810245548323e-07,7.534947247097317e-05,1.4754191177179483e-07,6.19762054608025e-05,0.002037358338840181,0.8799552819517267,1.0813668766589498e-05,3.872404417571222e-07,0.0030807341492413076,0.0022094464179086754,4.254245986555855e-05,1.5350141237487231e-06,8.3278251174338e-05,0.00024311154429631194,0.0002549802652615948,7.721300598322114e-05,0.0008211681116356673,4.468444836909386e-09,1.557223660034337e-06,0.10371912483616544,6.655063532376879e-08,1.7329113710569659e-09,2.029620925654735e-06
64,0.008112553189294746,6.621885524114905e-05,2.745687109279035e-07,6.934838768021803e-05,1.591956700286081e-07,6.033094770518464e-05,0.002415258705367363,0.8896655874707662,1.0258619118765463e-05,3.5426321092121863e-07,0.0034524356911460365,0.0023038587730514256,4.792479461041269e-05,1.6328224150299396e-06,7.164841414405828e-05,0.0002492202974366962,0.00028862852751743563,9.358587074978162e-05,0.0008285549811652842,4.994806202445973e-09,2.1878164539847104e-06,0.09225787050453632,7.785929604572858e-08,1.977951689564728e-09,2.022471954255415e-06
65,0.007968525501134454,5.950716119734854e-05,2.2065118697238188e-07,7.799502566550569e-05,1.5567089579061058e-07,7.034695422273058e-05,0.00230721246273577,0.8860708980992642,1.0725800113897878e-05,3.3718948637098355e-07,0.0033137945703676976,0.0022221166404106816,4.191381648606106e-05,1.322819581440744e-06,8.55898902922182e-05,0.0002458526342695388,0.00025631904635840103,8.456163093546386e-05,0.000838929359278149,4.419783606164019e-09,1.575085647070521e-06,0.09634009803003148,7.449811387226027e-08,1.75868419411466e-09,1.9212838570479284e-06
66,0.008055657856241908,5.48394585451378e-05,2.5998065407571434e-07,6.124097711721039e-05,1.3345696778996023e-07,5.128500532130196e-05,0.002047826323593026,0.8950003944233118,9.646072067926687e-06,3.20709621140489e-07,0.0029719386531011035,0.002103268872729699,4.6291823421437725e-05,1.4008603985147315e-06,6.178076335748795e-05,0.00022072911025118003,0.00021218758625513655,8.014742350246573e-05,0.000614870364302451,4.6006622890441905e-09,1.5014470477781366e-06,0.08840254330109097,5.3408823107470076e-08,1.5683213416834405e-09,1.6759532935874714e-06
67,0.00869693611177276,5.85241137278312e-05,2.981927705854532e-07,7.476387802837955e-05,1.4575430987447213e-07,6.01326151735686e-05,0.0021027737932911837,0.9031407764250418,9.196321132001951e-06,3.6540671920362333e-07,0.0030656880879638246,0.002027840240407523,4.4310895234973834e-05,1.5429250256020415e-06,6.547674816264369e-05,0.00024009060395256527,0.00028694656223624275,9.970455437111865e-05,0.0007168900907698236,4.857551061061178e-09,2.008227448095681e-06,0.07930368640530788,8.617476099692809e-08,1.8595392793732776e-09,1.809155301268932e-06
68,0.014726900552948625,0.00014672541719690075,2.633317446337896e-06,0.00022647775189158992,1.27707507985439e-06,0.00024990589137163126,0.007124892808755571,0.8707970017941545,0.00017402604138445733,1.908016736024841e-06,0.005061709022010704,0.011328889762359354,0.00010192353594256427,2.0123060520970638e-05,0.0001889697321400509,0.0004896134626036882,0.00035180099827070166,0.00017293232957006234,0.00045738652110080427,3.602305786437408e-08,3.766481802109559e-06,0.08834997515267785,5.42265826913246e-07,2.604488058248873e-08,2.0556940269955203e-05
69,0.008280568018621346,7.433831874749089e-05,2.0769983054022348e-07,8.545803183511668e-05,1.6976617954604037e-07,7.148605443290506e-05,0.0022597226027412597,0.8612969421047091,1.2098719220561074e-05,3.595438758777853e-07,0.003485778368700898,0.002412472584783489,4.564350708384511e-05,1.3873219824240206e-06,0.0001015355533379953,0.0002454993199161789,0.00026615490537705376,7.253564456469914e-05,0.0008859002754320071,4.3342689010325115e-09,1.4015940286525228e-06,0.12039814859147041,6.745264524858091e-08,1.8276239520111107e-09,2.117858590610219e-06
70,0.007274325700953024,6.323090406995998e-05,2.0851334468751387e-07,6.040611770501004e-05,1.1693401244606613e-07,5.801086456233424e-05,0.0019606115392338053,0.883068353090695,9.16492646517285e-06,3.593868277355161e-07,0.002947776429472087,0.0020821136136336565,4.1297638679726023e-05,1.3110836024827968e-06,7.368425926289293e-05,0.00026597693956299464,0.0002499196546102902,8.039336113677455e-05,0.0008525694335725739,4.125878630392172e-09,1.6109243717803906e-06,0.10090661350754207,5.991879403450496e-08,1.5928147043331634e-09,1.879539196046817e-06
71,0.005547798849776235,6.383173490431508e-05,2.5864303900621447e-07,6.0675952048795456e-05,1.744101674678425e-07,5.6640264096397224e-05,0.002529440100799769,0.9092676130646138,1.369717804568154e-05,3.863309201469691e-07,0.0028635380683470326,0.0023083154538843203,3.8965946177339736e-05,2.2269310021063495e-06,6.27656120365443e-05,0.00021653303135305913,0.00019908360954164084,8.82867534188017e-05,0.0006364874815327714,5.490185598694018e-09,2.053979734862793e-06,0.07603904727084163,7.048893351953974e-08,1.809128344037038e-09,2.101545471010941e-06
