,0,1,2,3,4,5,6,7,8,9,10,11,12,13,14,15,16,17,18,19,20,21,22,23,24
0,0.00874555475317421,0.1384242091861526,0.041323396587744116,0.10116439925660349,0.10104959994787742,9.524410030474398e-06,0.001969086030425528,0.21332458877070648,0.0001050833068702312,0.0023749345971242034,0.0010555440312774995,0.10850330747487853,0.0025737420003838878,0.057178602739822434,1.5161728908217252e-05,3.0956260952769386e-06,0.0037343952565398156,0.05978345060091611,0.0015347146812100777,0.00024358597614237038,0.000593489505849099,0.12672135501979037,0.0006753154697463874,0.024193115320246185,0.004700747721485078
1,0.004812664382756956,0.23602024542061106,0.010717486759587195,0.14757584905865376,0.04942385704120414,4.733052198446095e-06,0.0011268305885426043,0.2000718518628084,4.715997971281457e-05,0.0051641039852286085,0.0003231203519095461,0.03847939987357305,0.0008496669977099741,0.04322307462273432,1.65650714676517e-05,3.076772593071002e-06,0.004352553838854397,0.05499670713501312,0.001573022262792102,0.00013674939655692665,0.0013077022024013457,0.16620018290936056,0.0011629803971953982,0.01841131803156022,0.013999098004974196
2,0.00520949088503739,0.2292180148747303,0.0059905447790952185,0.13601753304517028,0.03963711638449025,4.436372211704953e-06,0.0009587902203987442,0.1417466983151527,1.7589359695450102e-05,0.003274450844443735,0.0003110055905160705,0.043849656796600495,0.0006743144165850545,0.048632120404090845,2.0466183393495553e-05,2.89052817134378e-06,0.0063255032734786665,0.06852544089890172,0.0009427263835068094,0.00011484409753407512,0.001349349871172437,0.2325172634330463,0.0027736109797757147,0.017882373853889636,0.014003768208911563
3,0.004934509052792239,0.24625176167299442,0.008115395847046207,0.1541923000998798,0.04239078576248444,3.4300947682612873e-06,0.0009048245401641446,0.15501272094899565,2.0377108109746556e-05,0.003456788984600804,0.00033367732060784696,0.04363814860513421,0.0008328388910973524,0.04105048225754648,1.14193646627037e-05,1.764654562283494e-06,0.005559879935270417,0.08532435511827491,0.0008043664535118854,0.00011310522626073664,0.0011709188921492585,0.16990029426045072,0.001549333686575101,0.021959451675466847,0.012467069546593547
4,0.0046397650640434196,0.25702212585477713,0.009063306958509803,0.1574043853086311,0.04935273354696329,3.8330320235865764e-06,0.0009117483816008186,0.13572898799669822,2.077555970082775e-05,0.0034478850218633865,0.00034050541079636053,0.045003266552013185,0.0010782326145836896,0.049498253759859216,1.0912810142193886e-05,1.7274151376155534e-06,0.005092414347007884,0.08391003688443806,0.0007400095739584823,0.00011674294465437984,0.0010377781491785257,0.16154313986145857,0.0015293181893933326,0.02161683071958312,0.010885284042983882
5,0.004128660019129783,0.24125878067675677,0.00687151995754588,0.1833503724159858,0.04068762000322992,3.0297535389498416e-06,0.0008028063748564934,0.15002000879706495,1.4972425566689795e-05,0.003507234097744354,0.00031436351072474164,0.03778360504252636,0.0008217155224056045,0.03702186446609105,8.453271192741424e-06,1.4260857255885754e-06,0.005442239755512081,0.105381924241155,0.0006028316058800314,0.00011048512910720661,0.0011954189285314375,0.14344174841588966,0.0016672842271492835,0.023974554356615684,0.011587080920073932
6,0.004934509052792239,0.24625176167299442,0.008115395847046207,0.1541923000998798,0.04239078576248444,3.4300947682612873e-06,0.0009048245401641446,0.15501272094899565,2.0377108109746556e-05,0.003456788984600804,0.00033367732060784696,0.04363814860513421,0.0008328388910973524,0.04105048225754648,1.14193646627037e-05,1.764654562283494e-06,0.005559879935270417,0.08532435511827491,0.0008043664535118854,0.00011310522626073664,0.0011709188921492585,0.16990029426045072,0.001549333686575101,0.021959451675466847,0.012467069546593547
7,0.004952855287752432,0.36049381058332797,0.012916781078034869,0.15200873193935713,0.030675075710273662,2.0178685682569725e-06,0.0013605198609526188,0.1327750107686678,2.602629186550484e-05,0.0024255264518463263,0.0004743494857612611,0.034450306338519664,0.0021137023991261695,0.033110519137838544,7.131722043078983e-06,7.30668024813785e-07,0.004443045410953757,0.08596915037824379,0.00047972741740643987,0.00015413143841167576,0.0005148466417966895,0.09664760912014013,0.000753823171384618,0.03513259434373562,0.008111976485967183
8,0.003980515992565767,0.2425604579730351,0.009226333900032217,0.24662357227678985,0.04020158640213881,1.6349128759615376e-06,0.0008893366895199127,0.17390456998194423,1.464376409397033e-05,0.0046641086659892665,0.0001271139616532431,0.02719277526088747,0.0008724144242175418,0.04548715277874706,8.09737233244615e-06,1.9009626975753789e-06,0.005148631442045166,0.04996701605628375,0.0005714052636050989,9.880627450408906e-05,0.0010098756162736937,0.0949416635966609,0.0017376299767855844,0.03049408730139227,0.020274669152928783
9,0.0034072741009611115,0.28798257353644574,0.01588671312037682,0.24783916063044617,0.04192344298247644,1.1224293985283776e-06,0.0008773314363789881,0.16982528329299573,2.2922430126611003e-05,0.0037980082103995327,0.00014652964372456227,0.023939683684043086,0.001547630349395554,0.0359989537692798,5.45432320191795e-06,9.166468936468155e-07,0.004201719087349272,0.04613774258119864,0.00042818723811142875,0.0001120788365616812,0.0005947620331532406,0.055878430472345315,0.0007607405672278364,0.042170255510122295,0.01651308308738609
10,0.004934509052792239,0.24625176167299442,0.008115395847046207,0.1541923000998798,0.04239078576248444,3.4300947682612873e-06,0.0009048245401641446,0.15501272094899565,2.0377108109746556e-05,0.003456788984600804,0.00033367732060784696,0.04363814860513421,0.0008328388910973524,0.04105048225754648,1.14193646627037e-05,1.764654562283494e-06,0.005559879935270417,0.08532435511827491,0.0008043664535118854,0.00011310522626073664,0.0011709188921492585,0.16990029426045072,0.001549333686575101,0.021959451675466847,0.012467069546593547
11,0.004942838999091205,0.25241790256988345,0.008364217994229595,0.15412571016840954,0.04253880817380505,3.3885623206982336e-06,0.0009143242291261548,0.14974709508544834,2.0113026996018704e-05,0.0033735328562903228,0.00033754207444365087,0.04423728555320511,0.0009542986507975087,0.0416627177973354,1.0927076189067871e-05,1.6719035553002083e-06,0.0056192678324717815,0.08752681240825654,0.0007455932184134227,0.00011692777043318588,0.0010785804263311436,0.16490952750176213,0.001533974491924819,0.02303605070467832,0.011780890924602253
12,0.00487163657782419,0.2543764622453623,0.010479870324439436,0.16587040835939168,0.03769721700967727,3.0825494717216654e-06,0.0011710135839718186,0.2048908309660076,3.813245315293262e-05,0.0038729396979875186,0.0003677634499380894,0.03585848243741978,0.0008830819690608516,0.033586266765024776,1.3160061780635137e-05,1.7615965965718874e-06,0.0047273663245831175,0.06474678345997119,0.0010693100360608932,0.00013740868924565021,0.0011170820767631823,0.13506821746853248,0.0010610533852656264,0.023697005071018223,0.014393663441452388
13,0.005715606637388113,0.2008458098199312,0.010551602765543816,0.1347968142347602,0.04906774649548644,3.166338416706434e-06,0.0008073270322765018,0.15542241111295219,2.1284376653747415e-05,0.0020556325113267413,0.0005062690682145412,0.08167752727475067,0.000867915428058696,0.05022902039428543,1.2765424739466926e-05,1.4272064464012193e-06,0.00692694333068839,0.07639144156804123,0.0009121521092402817,0.00010815866292640143,0.0012266004475411105,0.19272455085937812,0.0013328743775556666,0.017174227777299194,0.010620724746098596
14,0.00022014278623849707,0.764767164068624,0.0014886600797928509,0.06562115245806764,0.03495713234451802,1.646630029505175e-06,0.00018708193183558845,0.035466182790642245,1.446699377360667e-05,0.008303603485223025,0.00010073083600723901,0.0012950868792217624,0.0008780205001296052,0.008654006852078247,2.1360549219551504e-06,1.5882551115371194e-07,0.00055980696148533,0.03157642738602512,0.00022052805861438562,2.3004931870965625e-05,0.0002802545854096135,0.03087219260686814,0.0001397665327140595,0.01286001252994746,0.0015106328904500766
15,0.004934509052792239,0.24625176167299442,0.008115395847046207,0.1541923000998798,0.04239078576248444,3.4300947682612873e-06,0.0009048245401641446,0.15501272094899565,2.0377108109746556e-05,0.003456788984600804,0.00033367732060784696,0.04363814860513421,0.0008328388910973524,0.04105048225754648,1.14193646627037e-05,1.764654562283494e-06,0.005559879935270417,0.08532435511827491,0.0008043664535118854,0.00011310522626073664,0.0011709188921492585,0.16990029426045072,0.001549333686575101,0.021959451675466847,0.012467069546593547
16,0.003940513020500074,0.229247389882574,0.004656077068847967,0.16999901399094813,0.03300993893319029,3.542895987388124e-06,0.0008064794406419761,0.15446836308242798,1.2717857813922885e-05,0.005197263975020746,0.0002708440867666547,0.035799829851806464,0.0005482882170742301,0.03646464734967537,8.482774742224323e-06,2.1424673163602163e-06,0.005028977720429346,0.11166951728402914,0.0007574727908416703,0.00010360246793025675,0.0019419233784512583,0.17522528093894355,0.0017114948824901333,0.017635892712275565,0.011490302929275343
17,0.004715659541840934,0.19454290862253829,0.007840491699690932,0.22090876234316112,0.04282036023064203,3.335474792106744e-06,0.0008366075125228406,0.12271401373276884,1.1170929250309923e-05,0.002899461460186446,0.00030028705391792334,0.05515045851055299,0.0009562866960393115,0.0601873947153466,6.662390508635283e-06,1.6662634083460482e-06,0.004890794347098182,0.1126142849018519,0.0004962757916286384,0.00012484994672961922,0.0011350948299798322,0.13318318962861767,0.002225227778537918,0.019140320052377154,0.012294435546011425
18,0.005581944201911674,0.24349805580715114,0.007655340076834275,0.14381800884893178,0.036120830175239836,2.8127344898758086e-06,0.0008650635715503544,0.1476351444303344,1.654838545262237e-05,0.0031917437093006307,0.00029624982234798376,0.04771427473964523,0.0007979044238336019,0.0380813522517432,1.0285902023386915e-05,1.5793540067580012e-06,0.006518579495783213,0.09639600302052832,0.0006915699398887407,0.00010310853996955353,0.0011536960021212277,0.18080727099717261,0.0015475499788525078,0.024099669679044047,0.013395413911842999
19,0.0035882121569992542,0.23453411064917126,0.013523635152464995,0.16107420671942654,0.06480820000168017,2.8818050354020783e-06,0.0006835976857615513,0.16091028593103673,2.7041483105496106e-05,0.0033821922308120743,0.00029384132995530275,0.05345368340330034,0.0012919706846088949,0.04895125625684182,8.199999104988035e-06,1.1823273463315581e-06,0.005017854953684949,0.0645734509393798,0.0007165917719838152,0.00011619357918502618,0.0008347469518633788,0.1510918042978101,0.0008466644997410678,0.02060724519799047,0.00966094999171008
20,0.009817176726233287,0.25161645593282705,0.013168406224881626,0.22736065575532344,0.03751651686328543,6.445244968682682e-06,0.0019652830803215024,0.08505608384096619,2.3550338753639533e-05,0.0029240130413511994,0.0006483627727090766,0.05156371036376255,0.0012518961446524657,0.0656074218599145,8.862933543496107e-06,2.591185746772267e-06,0.003048138881645453,0.13487229486583022,0.000715331028921581,0.0001522009814954704,0.001053725855035046,0.06735139411414551,0.0019824678368126204,0.0236171186814562,0.01866989544541705
21,0.006926332736280904,0.19586680912030258,0.01015547220240681,0.18892980993516234,0.041146388926887024,4.433447151661203e-06,0.0012910937650247505,0.12371235823564819,1.5011289152369555e-05,0.003518781489637578,0.0003550782760751819,0.07491653801583237,0.001237514832304146,0.06494065138588187,8.406742230788846e-06,2.86634575337171e-06,0.0047695911308526595,0.11087954557626853,0.000669890630208133,0.0001535128896391258,0.0012408822543297068,0.1341411294220982,0.002099538866443039,0.020869642448802805,0.012148720035626058
22,0.005668077518095463,0.1898650869218049,0.007859451768361503,0.13993827922169294,0.03613177877075833,3.688885048257268e-06,0.0008689901109100482,0.15102790991688364,1.4244871051095479e-05,0.0027954411856277064,0.0004230533634786369,0.05605664932073321,0.000629676127912799,0.03989143284762254,9.052688300295666e-06,1.873045743028401e-06,0.0065319633182979705,0.1281724304984261,0.0006838903635501396,0.00012542126964347125,0.0015457386258992938,0.2005374496107282,0.0016567718008722054,0.019841417531146634,0.009720230417411612
23,0.004934509052792239,0.24625176167299442,0.008115395847046207,0.1541923000998798,0.04239078576248444,3.4300947682612873e-06,0.0009048245401641446,0.15501272094899565,2.0377108109746556e-05,0.003456788984600804,0.00033367732060784696,0.04363814860513421,0.0008328388910973524,0.04105048225754648,1.14193646627037e-05,1.764654562283494e-06,0.005559879935270417,0.08532435511827491,0.0008043664535118854,0.00011310522626073664,0.0011709188921492585,0.16990029426045072,0.001549333686575101,0.021959451675466847,0.012467069546593547
24,0.0029302410362944853,0.268855826649693,0.007149171266655968,0.21157878002357003,0.0508701113884961,3.447314161473262e-06,0.0006951810140028371,0.11969503156732116,1.541270422692963e-05,0.003951496183175694,0.00027334289469036854,0.035230287136230186,0.001020869296831567,0.05481557671594114,6.644140460723657e-06,1.3225239432262948e-06,0.0035178295273894005,0.08537494443128335,0.0006247118463062071,0.00011360437212175159,0.0010211477529093055,0.12488303997585304,0.001364765447088928,0.015775189236273125,0.010232025555079979
25,0.005050678811647785,0.14732164295935132,0.008954008269674275,0.20867555514256086,0.03088231350216325,1.6791024569507855e-06,0.0010935106802446137,0.24714466211388633,1.2788874386137273e-05,0.0019103290038039959,0.0004992552453220777,0.06251771154201732,0.0009559908774673299,0.031426775403106635,5.762147940433556e-06,1.1058487013142226e-06,0.006823716181972092,0.09852496636340813,0.0006467773811287659,0.00016698799137324674,0.001082121849369994,0.11327865305995351,0.0013637163195639,0.0240709682391435,0.007588323089356347
26,0.007236115215128684,0.22856869736625007,0.01063063744538372,0.12967192258494595,0.0297105306559418,1.672546245259217e-06,0.0008658536008153453,0.17591863466950988,1.63657311885533e-05,0.0024475003372856226,0.0003054433825781545,0.04441193949069814,0.0011049859187270332,0.01994965724084836,7.052952106904637e-06,8.921821222488701e-07,0.0102214038254667,0.13270042585327674,0.0003850440990299512,0.00010510186688179045,0.0007776439150049159,0.13811081397008276,0.001136834226350493,0.05505240231422063,0.010662428609910323
27,0.004694260520418415,0.23213843121526015,0.007300806894224457,0.12394851898140927,0.03488824337437105,3.93900517899862e-06,0.0008435490024928064,0.18705148902700894,3.2477541170074635e-05,0.004122521314436878,0.0002762524110164598,0.03312903561179559,0.0005521299100058769,0.030963522191381453,1.658324915971447e-05,2.048262030897615e-06,0.005235854350887499,0.0693852898099284,0.0009763853789498297,0.00011720957029042333,0.0012412051555534605,0.226665408983857,0.001314643935594793,0.019402397204571938,0.0156977970990054
28,0.004934509052792239,0.24625176167299442,0.008115395847046207,0.1541923000998798,0.04239078576248444,3.4300947682612873e-06,0.0009048245401641446,0.15501272094899565,2.0377108109746556e-05,0.003456788984600804,0.00033367732060784696,0.04363814860513421,0.0008328388910973524,0.04105048225754648,1.14193646627037e-05,1.764654562283494e-06,0.005559879935270417,0.08532435511827491,0.0008043664535118854,0.00011310522626073664,0.0011709188921492585,0.16990029426045072,0.001549333686575101,0.021959451675466847,0.012467069546593547
29,0.004934509052792239,0.24625176167299442,0.008115395847046207,0.1541923000998798,0.04239078576248444,3.4300947682612873e-06,0.0009048245401641446,0.15501272094899565,2.0377108109746556e-05,0.003456788984600804,0.00033367732060784696,0.04363814860513421,0.0008328388910973524,0.04105048225754648,1.14193646627037e-05,1.764654562283494e-06,0.005559879935270417,0.08532435511827491,0.0008043664535118854,0.00011310522626073664,0.0011709188921492585,0.16990029426045072,0.001549333686575101,0.021959451675466847,0.012467069546593547
30,0.004934509052792239,0.24625176167299442,0.008115395847046207,0.1541923000998798,0.04239078576248444,3.4300947682612873e-06,0.0009048245401641446,0.15501272094899565,2.0377108109746556e-05,0.003456788984600804,0.00033367732060784696,0.04363814860513421,0.0008328388910973524,0.04105048225754648,1.14193646627037e-05,1.764654562283494e-06,0.005559879935270417,0.08532435511827491,0.0008043664535118854,0.00011310522626073664,0.0011709188921492585,0.16990029426045072,0.001549333686575101,0.021959451675466847,0.012467069546593547
31,0.006778783342321377,0.054770065391627605,0.00036293172195182486,0.011138218895937496,0.006872165659798837,0.0012556231137143812,0.005005322820060499,0.0039982361562945525,8.089966651154208e-05,0.0006654690492791655,0.022028119891240584,0.02998342610470949,1.5844799635412833e-05,0.0644078493091754,0.004195335478336213,4.8343318982064654e-05,0.0007056464802986666,0.030392198164443187,0.004453982025759831,3.891419035421597e-05,0.008061831012403313,0.6961452951471877,0.03661186724639477,0.00024115428319683362,0.011742476730385146
32,0.004967368233065464,0.24184094623371816,0.008025624857972175,0.14408781469764675,0.04284252746643662,3.5931253289776674e-06,0.0008946216518833471,0.16326263794447807,2.299069659053263e-05,0.003584118925598944,0.00032966728681491845,0.043423142753848565,0.0007756579407489488,0.04043645906564397,1.2990112678917716e-05,1.951168541594622e-06,0.005672444973154309,0.07823249632744424,0.0009513467101106426,0.00011232940924576319,0.0012431092521875153,0.18463452510992273,0.0014926014878571432,0.020463923925859485,0.01268511064322219
33,0.004330500109036082,0.25832891553127185,0.005788722536820918,0.12309890575216755,0.04312954673955323,2.9817584579000644e-06,0.0006704879866413837,0.12585325520238486,1.1480958379326498e-05,0.0028727115752467947,0.0002794144427153972,0.04372163044602446,0.0008912178672716805,0.041958487026096926,8.986099787851232e-06,1.40912762076276e-06,0.006131437931060754,0.09172042093266576,0.0006423424606568762,9.683850583344647e-05,0.0009237713245217214,0.2206641176192044,0.0016322401781033568,0.01932763344719509,0.007912544441281637
34,0.008476936010035189,0.2923235593777191,0.01736468301500016,0.10110007474880371,0.042347786673569025,6.424729255183587e-06,0.0016462808824883569,0.2042873067082878,0.00019608764745865096,0.005770405721951934,0.00033521773832921283,0.033025795996302496,0.0009380881992220495,0.041910300614257406,2.9980071944536196e-05,3.361909065108152e-06,0.0029499608245564263,0.039433220701452824,0.003004490744285867,0.0001276643435718929,0.0010816015342127866,0.16203550632572575,0.0005136415831580119,0.01785497207906474,0.023236651820281756
35,0.005145845238663115,0.16911204382110578,0.0054832367023897755,0.14043298032982668,0.01629515819732007,1.343902903806517e-06,0.0006020749035859803,0.2992818509194986,2.6614646151484247e-05,0.00467296899745307,0.00015870254320979424,0.03092148185448563,0.0005068927252408216,0.011481334748528445,4.126594893845578e-06,7.94248248881933e-07,0.006110759442831552,0.12061406304799009,0.0007225132632771757,0.000107745691780993,0.0010145256943768662,0.14634992583078196,0.0004524000704013729,0.024472598875450554,0.016028017709603767
36,0.0059121776144068225,0.19239635977674371,0.011217866479502653,0.11830724338428132,0.05517674832704767,1.520677757543612e-06,0.000553382245064628,0.2112638832069784,2.3123823511018118e-05,0.002722527258789053,0.00017652527720910018,0.07888587180106087,0.000992292255186263,0.03982112402633966,1.248840768021231e-05,1.5290740244388735e-06,0.010892726885280988,0.041110976300886906,0.0012070748669462349,7.460840574112549e-05,0.0009353757718637814,0.1901173552924998,0.0009351215935378212,0.022306027669736706,0.014956069577923267
37,0.012785061365503692,0.23335251758340478,0.012163714717295661,0.12714744675471434,0.03170016161866421,2.393074187195732e-06,0.0012372947771660946,0.10028455172537999,1.0881301686579804e-05,0.0015746916330759953,0.00039530778871714874,0.08348699617491587,0.001115095599386885,0.06151435995259684,6.607270784082401e-06,1.3846918171423294e-06,0.006197500358980112,0.13580723586061705,0.0005584233356222505,0.00010443295159656751,0.000828983030466236,0.15129502351167073,0.0013668198084285793,0.02577495435754835,0.011288160755773626
38,0.010348966208829281,0.2213665399686273,0.006318257976055236,0.10142568127166224,0.03004582794345101,1.084632211154596e-05,0.0023230058100275307,0.1021052216306138,1.9582795560411097e-05,0.003430374117234193,0.0006627876923560645,0.05157293931056501,0.0005982648626651487,0.056076136092497064,2.6857451317820054e-05,6.193602072733564e-06,0.004449375461566666,0.1210507414919498,0.0011279924114469498,0.00013893276596731866,0.001811842847535746,0.2506978658957714,0.0039035143768290826,0.018537029514683345,0.01194522217860326
39,0.004671913078504045,0.11652250570059756,0.008825320217359104,0.1867706429863436,0.04890550081673705,3.8197889973763885e-06,0.0007753073875942948,0.26689299632448943,2.1583716188937714e-05,0.003796184767677669,0.00031820737382595287,0.06226657229861084,0.0004839114712983741,0.03662781381752809,1.0725172293965006e-05,3.210076452183181e-06,0.005980480543906928,0.07492374650813646,0.0011912499910858051,0.00013888881771543534,0.0021586555849920455,0.1467788041407505,0.0016899870319931115,0.01674018401358952,0.01350178837333166
40,0.008442557062949005,0.23871169565204858,0.009378645000368538,0.06871797562866243,0.039568758071032696,4.2230011339498854e-06,0.0007922214075662608,0.07930070115829266,1.7873079838335392e-05,0.0016190606263375748,0.0003936576644446414,0.07102257947996672,0.0005943990149586748,0.06549224071400882,1.5689222226121926e-05,1.5950004483070305e-06,0.005361703209113581,0.07902081486186344,0.0008528291415913276,7.062929218251705e-05,0.0010204911976159305,0.30483352200390135,0.001212451688283958,0.012840456074737175,0.010713230746427327
41,0.0034587729118130055,0.28876857707388004,0.012982572924800187,0.15488527738199487,0.07285294375734963,4.4447611012513685e-06,0.0007737187339195252,0.1594717907140088,4.958142410407619e-05,0.00508013232748452,0.00025124461972050985,0.028620862938027864,0.0008691908883915014,0.04992340808010652,1.710647698387852e-05,2.0868181388830242e-06,0.0036423303667630627,0.04300944859807897,0.0010947805479360044,9.641469313567902e-05,0.0011135827990040705,0.13610307595527305,0.0009852224976142233,0.02060314958434922,0.015340283126020603
42,0.004914562667813277,0.2699958004822239,0.009057120968695773,0.182823383015707,0.046508185073406,3.700479025691461e-06,0.0009379465943599872,0.11665524345029044,1.8779188051514415e-05,0.0032618943761632694,0.0003610088318060216,0.04422443872881038,0.0011510923740423163,0.04972710968142324,8.862368442331656e-06,1.3813842199024228e-06,0.004563751934242216,0.1029852346146657,0.0005859157792615172,0.00010723229393228428,0.0009663227865050933,0.12291250726333121,0.0015607841359401356,0.023937148610474072,0.012730592917166703
43,0.002519334659154641,0.19247706882135238,0.0034889448364090257,0.12558673237178147,0.04904440186822336,4.9660501104776184e-06,0.0005074759822352874,0.22251962993213922,2.2097765119546796e-05,0.007481648012950712,0.00022184762935539368,0.02341882054310236,0.0003218811973483744,0.022645611501602193,1.6426210802918278e-05,2.8672744798116845e-06,0.005651740140651422,0.06690051758945048,0.001209869238520682,7.75714855344739e-05,0.002350236463777203,0.24513848367080351,0.001676790446619756,0.01597613088651949,0.01073890542195592
44,0.004934509052792239,0.24625176167299442,0.008115395847046207,0.1541923000998798,0.04239078576248444,3.4300947682612873e-06,0.0009048245401641446,0.15501272094899565,2.0377108109746556e-05,0.003456788984600804,0.00033367732060784696,0.04363814860513421,0.0008328388910973524,0.04105048225754648,1.14193646627037e-05,1.764654562283494e-06,0.005559879935270417,0.08532435511827491,0.0008043664535118854,0.00011310522626073664,0.0011709188921492585,0.16990029426045072,0.001549333686575101,0.021959451675466847,0.012467069546593547
45,0.0049294849628290695,0.23646820081643444,0.009268311744259515,0.1476432310449763,0.04621704768071664,3.3393152376446036e-06,0.0010013210871226263,0.1811006932322851,2.473884145836768e-05,0.0034570567660995237,0.0003411894093183156,0.04402430228412161,0.0009433230486971619,0.04008390205640357,1.2889815033162659e-05,1.8931362221030477e-06,0.005645153441382944,0.0701944711287788,0.0009164244657512243,0.00012160762374178574,0.0010562877944260548,0.17025264763712408,0.0014471202649708511,0.023583289033887588,0.011262073368721565
46,0.005689198403593019,0.1718868958393881,0.006235894353405113,0.1262409183062015,0.03327333365377113,1.029985440558823e-06,0.00042830802134076484,0.21824884201908556,8.446099067071748e-06,0.0019075705452732755,0.0002376815377270064,0.06662352765975187,0.0007914220371789466,0.018404755463598318,7.659931959811e-06,8.525476221070921e-07,0.020467886969009804,0.09037644489645405,0.0005037677781918108,8.165526629405043e-05,0.0010470765365944337,0.19110623553046074,0.0013762004350361108,0.035371756049214755,0.00968264013434002
47,0.013411490783990504,0.17391827271492247,0.00615044420890492,0.05944036490434333,0.016532762812583313,2.5536449628382164e-06,0.0008890995334210331,0.1060320272986162,1.0108504516274897e-05,0.0017520980076304463,0.0002893501907827824,0.09384375905189654,0.0005251146651166479,0.02825479275599593,9.871243333257335e-06,1.956443803506039e-06,0.00882254707275182,0.12601858545243197,0.0006448038716078896,0.00010011845964790634,0.0010404113438816946,0.3318442782418509,0.0012324200208538713,0.018089484925010252,0.01114328384714376
48,0.004420275148282786,0.2765814835428177,0.003933843080393367,0.0994436779360613,0.02966214231414577,1.498256816407885e-06,0.0006881873870041,0.19398564905141,1.2145274737387313e-05,0.0033017901195837944,0.00018522908564057606,0.029608006467409447,0.0007320243983167359,0.023390981815196877,1.199117939529698e-05,1.3897427939996229e-06,0.009656791197667432,0.05642267104920837,0.000996160713597851,7.469646807874536e-05,0.0009147547107627314,0.2317156849801419,0.0014095510455655008,0.024137499464757958,0.00871187557021393
49,0.004833149495520021,0.18306067523325822,0.00957093508058499,0.14094371697750036,0.0509471310785964,4.743638333541475e-06,0.0007513941063648821,0.1376654915561968,1.868190350175328e-05,0.0027008583735459784,0.0004267305219051134,0.07301741656935984,0.0008293745645153507,0.050740091076224444,1.0318810113003657e-05,1.7744851899491013e-06,0.005516086479349333,0.10043023713111056,0.0007039727192206022,0.00013161246270496346,0.0012151271998148956,0.2094093170702599,0.0015449704648045634,0.01589087434675954,0.009635318655265056
50,0.0039897678960459405,0.2840881628079912,0.007653545067743732,0.15185391741661955,0.043265610756504064,4.61231136352749e-06,0.0015591316291875689,0.16827945606536554,3.59348797256094e-05,0.00784040473190895,0.00019758322737209008,0.0217725229877687,0.0008572187302428003,0.056300141800573696,1.2520164398067834e-05,3.6628778715887455e-06,0.002507664854537888,0.04715759334666668,0.0016226426632144888,0.00011883454486842202,0.0010205737054344423,0.17022682804292866,0.0012183157532926596,0.01595010720505389,0.012463246533320243
51,0.005794300804892139,0.25195154544764586,0.009217769742619472,0.1366803353569625,0.04996144220123565,4.017147817271829e-06,0.0009140920845222281,0.15503810085405012,2.5050059476934194e-05,0.003510760317299361,0.000332542079644513,0.046497213339513635,0.0008215370743378286,0.0417337168962401,1.7390997708102934e-05,2.5420430156505067e-06,0.006605129371935721,0.06756057679981244,0.001004334938805348,0.00010989038393627823,0.001206762651752099,0.17942896966225103,0.0018355814596959495,0.024355050467584082,0.015391347817245653
52,0.004928904152916239,0.24628261893086517,0.008142660084801422,0.15426736560392268,0.04254969682372354,3.3942332694961143e-06,0.0009015529127654507,0.15583189588012025,2.040581081952006e-05,0.003452880127799643,0.00033191650945563813,0.04370999249771521,0.0008319600278254157,0.04103389790419194,1.1445707713762778e-05,1.762605453730286e-06,0.005587532073151872,0.08439734016214111,0.000809643592699563,0.00011260140375039247,0.0011712015339924741,0.1695830510870997,0.0015430879335939197,0.021978584242299284,0.012514608157912397
53,0.005737679199657481,0.25027277165494033,0.008256248343407371,0.16089761688859955,0.031640646079231255,4.327455822878865e-06,0.0014699745407602796,0.1490060251054253,2.2840099037042827e-05,0.003581882332652503,0.00042717842401132595,0.03825982536949334,0.0008512765299534959,0.04048875973605719,1.4040179164212743e-05,2.387818292355516e-06,0.004912318830827512,0.09583478220660192,0.0007703455958670701,0.00015409719301175148,0.001179351564662894,0.16606269981922842,0.002097805235137376,0.024531845508192977,0.01352327428996423
54,0.008030015646493069,0.3501972341432943,0.008666192318588227,0.12859067612082015,0.024761936844756693,4.642434298087081e-06,0.001808430745696938,0.08474631843929557,2.546027051537657e-05,0.0042191447683174715,0.00024142389921291634,0.03604465265023592,0.0008446211661090693,0.06574597293361921,1.8529770522585144e-05,3.4903201563085607e-06,0.003185780867961671,0.06398982379448366,0.0008596793441450027,0.0001218673166012019,0.0009849539340148238,0.17103967547987195,0.0018866540047663347,0.018594128066659093,0.025388694719564304
55,0.003477046076020473,0.24088328577533075,0.005277776192143899,0.14583168207686933,0.05560343971524695,4.261640745981162e-06,0.0008058241758522771,0.15090690305310567,1.3800893496443364e-05,0.0040959087846615455,0.00029173075280896,0.029758452724229275,0.0005144684745773194,0.049622634698906244,1.66074889741888e-05,2.8909990364742565e-06,0.005462717213600528,0.06031496634090253,0.0010409562455070535,8.689744086571026e-05,0.0016367690950433165,0.2143312568159366,0.0027074188337702122,0.017176235662959418,0.010136068829408661
56,0.004791154864871918,0.2557400244781489,0.008515361588088065,0.15523176170269126,0.04396425203340839,3.397242424661218e-06,0.00089989911637973,0.1503861094462619,2.0790721278372037e-05,0.003415785193780671,0.0003384204322113666,0.043598369015655586,0.000984601932612936,0.041691279109565986,1.0960936054454266e-05,1.6529495148626566e-06,0.005572292860796888,0.08533776149827889,0.0007609179811940117,0.00011764738876399775,0.0010709356630872852,0.16157841888160818,0.0014818786083069543,0.022963827116725462,0.011522499238289265
57,0.0036370340921744538,0.16625911546025085,0.010858393289942146,0.11327066235622182,0.06807162116727561,1.9953875274713736e-06,0.00037962337114567804,0.22545629612256024,2.5378317398447423e-05,0.0034663177269064027,0.00018371318396925615,0.07685784244322606,0.0008076115256493147,0.0366647326072883,9.319735828107792e-06,1.5102210463616529e-06,0.008727552184355407,0.0445127951449526,0.0012659606091844683,8.382497363950901e-05,0.0011877992214963486,0.21201749721300212,0.0006549442056647618,0.015373255437555399,0.010225204001738987
58,0.00496605738297116,0.25512946461812314,0.00812437545406477,0.1456321626753775,0.04075756600387223,2.9078277363573435e-06,0.000883217668277594,0.15802764882525822,1.868266906708912e-05,0.0033167685502011367,0.00032294651101924055,0.04173439378171592,0.0008804674470858926,0.03575292967849352,1.1107858371089575e-05,1.5536017109105802e-06,0.006462099148840351,0.0885555443879786,0.0007014420827224346,0.00010610607907194069,0.0011141722503309383,0.16713270077714296,0.001544698381025981,0.027041082252685165,0.011779904086855881
59,0.005484225943450723,0.24273238686014248,0.00972477577499401,0.14639281659001044,0.04045713622726844,2.6818491057040627e-06,0.0009284716480835295,0.16722583000714714,1.8989461637621807e-05,0.003146994710954269,0.000325067555483827,0.0444024076897679,0.0009129800036734549,0.03387886816074556,1.057314613359363e-05,1.547048586983327e-06,0.006876911103928935,0.09382305569787525,0.0006366005153611098,0.00011235786369394462,0.0010935000913906982,0.15576743092488188,0.0014697542954376995,0.03239102745698554,0.012183609373259243
60,0.004934509052792239,0.24625176167299442,0.008115395847046207,0.1541923000998798,0.04239078576248444,3.4300947682612873e-06,0.0009048245401641446,0.15501272094899565,2.0377108109746556e-05,0.003456788984600804,0.00033367732060784696,0.04363814860513421,0.0008328388910973524,0.04105048225754648,1.14193646627037e-05,1.764654562283494e-06,0.005559879935270417,0.08532435511827491,0.0008043664535118854,0.00011310522626073664,0.0011709188921492585,0.16990029426045072,0.001549333686575101,0.021959451675466847,0.012467069546593547
61,0.005257701792031545,0.24710775287475917,0.010454006491503787,0.1468383982558137,0.043455009180364663,2.8975094708616985e-06,0.0009055958249147482,0.15963476314137537,2.0806413667512385e-05,0.003074984305473092,0.00034803365026602357,0.04779578561224681,0.0009326357652782685,0.037737974403098944,1.0857598828440527e-05,1.5527763189792133e-06,0.006405762993931328,0.08788141558214556,0.0006895602948932306,0.00011585776631206807,0.0010967031035449938,0.15854341944613792,0.0013699884299231753,0.02812991897046507,0.01218861781723458
62,0.004934509052792239,0.24625176167299442,0.008115395847046207,0.1541923000998798,0.04239078576248444,3.4300947682612873e-06,0.0009048245401641446,0.15501272094899565,2.0377108109746556e-05,0.003456788984600804,0.00033367732060784696,0.04363814860513421,0.0008328388910973524,0.04105048225754648,1.14193646627037e-05,1.764654562283494e-06,0.005559879935270417,0.08532435511827491,0.0008043664535118854,0.00011310522626073664,0.0011709188921492585,0.16990029426045072,0.001549333686575101,0.021959451675466847,0.012467069546593547
63,0.004811053317452441,0.27556603998673085,0.0077721539536535576,0.14451806896931782,0.038981996583741074,3.2248898155483596e-06,0.0008979635567813018,0.14583588976264025,2.0549640332267972e-05,0.0033990200291307416,0.0003323061233614507,0.038888849339882646,0.0008663627664298852,0.03786310919145328,1.1574608283611465e-05,1.5651078786355289e-06,0.0055419453702633265,0.08564292405442595,0.0007514546084640143,0.00011077449258286449,0.0010904290700417358,0.1703326061243445,0.0014413308198701106,0.023154274445346196,0.012164533187775887
64,0.0048169884137192216,0.22868781760819035,0.0072340564987525445,0.15158651168532705,0.0426985679228851,3.50577689971806e-06,0.0008146809060650111,0.16529369151915285,1.8704509413577638e-05,0.003554038972677213,0.0003641183800046037,0.04614961780558776,0.0006325191804109352,0.037047248940314276,1.2790708423019641e-05,1.9005357873779677e-06,0.006293787642021005,0.09136011948228531,0.0008636843319664934,0.0001005276409857024,0.001694816493414265,0.17440597968026078,0.0016634433259467187,0.021643246154420002,0.01305763588508907
65,0.0027299339551908495,0.07090351579732487,0.004539234963373031,0.18558222737749525,0.09735255649805191,1.3777027369814277e-05,0.00030979474744751145,0.05885676551875093,5.035256975708054e-06,0.0028396276272137904,0.0003950066483396893,0.12360159709331148,0.0003093865359446657,0.10896516814109955,5.784427346616252e-06,3.2469921844992717e-06,0.0030494901139434274,0.1668764940997035,0.0005639372440464429,7.001615424226737e-05,0.0033534021308444387,0.15391483847929285,0.0032062252668122347,0.004495990253567908,0.008056947650126647
66,0.0049489061265456805,0.2853175359082341,0.005461642265252574,0.13235895373489306,0.03790305722750814,2.536878594651555e-06,0.0006595839518713836,0.10828149761609865,9.424095745843737e-06,0.0021456711401322956,0.0003769362446423657,0.03890638999402433,0.000574117592746205,0.03341816296722876,1.3244102940085642e-05,1.0162018154551754e-06,0.008275735536323018,0.11665903807817182,0.0004332435846763057,6.271388156644528e-05,0.0013355446646399294,0.1775140280050888,0.0024179235288130305,0.030271141225749167,0.012651955446698017
67,0.0052787109851049185,0.23253655292638162,0.008617903896844024,0.16554380119998735,0.04187200864873624,4.238260588730867e-06,0.0010310319003913552,0.1336390880311383,1.8196341886480382e-05,0.003170731585021439,0.0003778489643302712,0.0500674379814203,0.0008641329806456004,0.05066504106881966,1.2185603502307064e-05,2.168741453546767e-06,0.005256063793786516,0.09430917463957798,0.000735833761952911,0.00013323011007152839,0.001226239813350724,0.16870501421064193,0.0020725046578459225,0.02056770095312871,0.013293158943391581
68,0.005658946548622276,0.1962007754965857,0.00451432091180687,0.14647112936096754,0.020956049531738876,4.426297921119425e-06,0.0008711172444376221,0.1010249653795988,9.404441026957562e-06,0.0023921824567141063,0.0005134170307336557,0.048796193221341856,0.0005315353536967192,0.02719747711911054,8.904054791560843e-06,1.4591507425908933e-06,0.00620779521472484,0.21794661975658522,0.00036031351534991277,0.00013244877405583605,0.0015171073550712334,0.1822949389294436,0.002752179533729495,0.02140444466850486,0.012231848652698343
69,0.004366107889230244,0.23221360422168133,0.00959825633186748,0.19973517924821613,0.03328408428398693,2.4159273913345344e-06,0.0009639127914192573,0.1924527886342693,2.1982834775567634e-05,0.003984187853018465,0.0002672818627513553,0.03668879684736765,0.0008738239448762204,0.031992061359045705,8.837863580010984e-06,1.7428969626265342e-06,0.005462601950377751,0.08208002594742257,0.0007083162767549204,0.00015402583895027635,0.0011557693393392451,0.11955514477477469,0.0013061187270822269,0.02709393768094703,0.01602899467391171
70,0.004172241227510763,0.24916400007927722,0.00602836246539221,0.1428504416248475,0.03858361990811382,2.8528240978488703e-06,0.0008223665643291457,0.19624477965912987,2.0562912573344786e-05,0.0038577548851681277,0.0003205439364785261,0.03310162471431845,0.0007074088038016667,0.02709735637000098,1.1973519725522624e-05,1.5512229963567432e-06,0.006224139069002276,0.07995178242090213,0.0008862323360517635,0.0001007304458964373,0.001219678909232754,0.17187462872767875,0.0014301204968893294,0.024512982009919113,0.010812264866665975
71,0.007124015663824273,0.18459093124270382,0.008212728725068624,0.17824011401156115,0.027156477941164107,3.240846334327969e-06,0.001487406275679944,0.173816482296481,1.4733753564633524e-05,0.002598245077667711,0.0004558117126053071,0.056147868072888324,0.0008536516762647302,0.03912075518142878,9.80823324322807e-06,2.3112449861829044e-06,0.006167078363654866,0.12012575050501131,0.00070745265822962,0.00018255252771607973,0.00126267674861355,0.15317857421074546,0.002262094519637295,0.02471110795698078,0.011568130553944898
72,0.004874300262174097,0.24304045906198102,0.007500005895327523,0.1524504363137425,0.039797912480837305,3.23558382873081e-06,0.0009080155580126206,0.16216254557348547,1.9073276726786463e-05,0.0034260537698138963,0.0003403290485044752,0.04226280946724036,0.0008102132267352182,0.03737666834887358,1.0994836377587112e-05,1.685266266448491e-06,0.005837185734826507,0.08988643435042093,0.0007900635558733951,0.00011334305689229939,0.0011929810711458384,0.17120658751368178,0.0015500449042002483,0.02274339380750112,0.011695228035530173
73,0.0059949188119650205,0.08772422998890662,0.021008432197684158,0.3794237141515681,0.02358480672262325,6.8456593407657e-06,0.00303014537350904,0.1930772040079784,5.3939556018130965e-05,0.004231901186527146,0.0005172989325498654,0.057183487279903904,0.0012331148530926165,0.05832198285345571,7.205542835109248e-06,6.5875492051449855e-06,0.001983082593132502,0.07447561639077142,0.0009555924342685031,0.0005880094512350233,0.001219771702499393,0.04964826450100465,0.0017828998822551757,0.013810041672517316,0.02013090670515313
74,0.00568742253801799,0.1578136100434677,0.00459581676360975,0.2221876885624587,0.058768001708601275,5.448927733018957e-06,0.0009208246843043937,0.14074250902561217,6.8523890258183365e-06,0.003587889540247641,0.00031567874688476346,0.04931986003979178,0.0007510476081080158,0.058871826173607526,9.781412368567214e-06,4.183144117785373e-06,0.00601342242985699,0.11303092320860071,0.0007257699296558146,0.00010817432121203262,0.0015624643118129582,0.13798526720662335,0.005853704009565244,0.021292924342619136,0.009838908932096912
