,0,1,2,3,4,5,6,7,8,9,10,11,12,13,14,15,16,17,18,19,20,21,22,23,24
0,9.035851648576939e-05,3.7823670782659307e-11,4.1002434864537275e-05,9.343125294231815e-07,1.4233119640874806e-07,7.445906147488606e-08,1.7963780067965132e-05,0.9945825375791284,1.1586049100018544e-05,0.0006750988505901526,6.85172334259171e-08,6.574871806420082e-06,0.004459549117005042,7.078104270145238e-10,1.1445896982670636e-08,6.284641177361068e-05,2.327803937706622e-05,2.450634098295961e-07,1.379069889152632e-06,6.929767418208741e-06,1.3344824578827442e-08,1.101473523121565e-07,1.1622629223051405e-08,1.928242437624861e-05,1.0983496860824167e-09
1,9.747677546333958e-05,2.295932426462977e-11,4.502873135653811e-05,9.081580994757502e-07,1.225540694148531e-07,6.255073576115756e-08,1.631160282960917e-05,0.9931891822600709,1.0921146996680096e-05,0.0007730639466650761,5.261595113116382e-08,4.536871323863794e-06,0.005736652885438248,4.777517041323358e-10,6.991154032581517e-09,7.619502933231862e-05,2.0892998826702746e-05,1.9683408324316882e-07,1.3696013859765543e-06,6.610444571802468e-06,1.0509701548696566e-08,6.986828388915584e-08,1.051078624095453e-08,2.0315931866330887e-05,6.802968072226456e-10
2,9.775073161780631e-05,2.7275707603911523e-11,2.2291383793283613e-05,1.3759652846637849e-06,5.918629542302731e-08,2.2262958540454617e-07,4.647533340284734e-05,0.9924622889602146,8.233030301944517e-06,0.00042109311540239347,2.289386338313119e-08,6.758678311220814e-06,0.006586916982074135,3.6252187716407983e-10,3.938030137958173e-09,0.00027555243944469177,2.8856829013796636e-05,3.5560318739133626e-07,2.6302786010395054e-06,2.1148770417586043e-06,9.718554401484342e-09,1.9533673158459864e-07,7.24236134698139e-09,3.678401277191992e-05,4.443175677356046e-10
3,9.314869600602501e-05,2.4207544387872628e-11,3.874662166592e-05,9.838319572918782e-07,1.1579073140292384e-07,6.321710900183724e-08,1.7152403148966804e-05,0.993514445394134,9.958925806465423e-06,0.0007135136611129999,5.7654319776238106e-08,4.9868068561267735e-06,0.00548587951558099,5.417101170876192e-10,7.698470896526459e-09,7.008827336150135e-05,2.1919913908186794e-05,2.3108761576594925e-07,1.1979934759365111e-06,7.2656414133140025e-06,1.0979197613011565e-08,7.600851775573608e-08,1.1308398363733144e-08,2.0137246279222964e-05,7.650145337701348e-10
4,9.820389045151012e-05,2.369204134286235e-11,3.968562271949873e-05,9.83098864347002e-07,1.186463017385578e-07,6.421583274309504e-08,1.770517880556704e-05,0.9928544020473611,9.652694704684588e-06,0.0007447281316748075,5.713985402151257e-08,4.930840223819764e-06,0.006102233024095584,5.6738252028484e-10,7.423445786166752e-09,7.285434430902444e-05,2.300606456097248e-05,2.4219730053935287e-07,1.274102101900366e-06,7.63667708833904e-06,1.0899567069679054e-08,7.354543616205902e-08,1.1593584487873742e-08,2.2117268887824497e-05,7.61754116689922e-10
5,9.534307016131671e-05,2.597428540310776e-11,3.710725686881824e-05,1.116719407727627e-06,1.1406989833437711e-07,6.658735231231606e-08,1.6806659977818037e-05,0.9932904599366494,9.705422776898776e-06,0.0007360437657697523,6.265695030459014e-08,4.944309405422648e-06,0.005682705231242732,5.776869798864884e-10,8.06063380950631e-09,7.247980039554437e-05,2.2738062652839454e-05,2.6793961363158946e-07,1.2313987684427163e-06,7.973162435965457e-06,1.1148546224529365e-08,7.913236368860188e-08,1.2194947673326771e-08,2.072201598257089e-05,7.935372746629376e-10
6,9.314869600602501e-05,2.4207544387872628e-11,3.874662166592e-05,9.838319572918782e-07,1.1579073140292384e-07,6.321710900183724e-08,1.7152403148966804e-05,0.993514445394134,9.958925806465423e-06,0.0007135136611129999,5.7654319776238106e-08,4.9868068561267735e-06,0.00548587951558099,5.417101170876192e-10,7.698470896526459e-09,7.008827336150135e-05,2.1919913908186794e-05,2.3108761576594925e-07,1.1979934759365111e-06,7.2656414133140025e-06,1.0979197613011565e-08,7.600851775573608e-08,1.1308398363733144e-08,2.0137246279222964e-05,7.650145337701348e-10
7,7.583915253797874e-05,3.3428923936599275e-11,3.459515313177246e-05,1.2098107961063382e-06,1.255191923369817e-07,1.0669433498165123e-07,1.894776394037162e-05,0.9945050326918854,1.2807594205229423e-05,0.0006514246384728779,6.413287430166303e-08,7.042055501156234e-06,0.004547321579310163,6.623202860127333e-10,1.1681114525622574e-08,9.020430841810088e-05,2.3582916958901423e-05,3.8549842086489734e-07,1.1846767426658754e-06,8.387774215169222e-06,1.890816452583954e-08,1.0257260202174057e-07,1.8611950815034106e-08,2.158460293923487e-05,9.6654131464181e-10
8,9.926242860537629e-05,1.9056274037060478e-11,4.627122132738928e-05,9.357807948192573e-07,1.0308330528928778e-07,4.50339620116132e-08,1.608524598216156e-05,0.9934085851623665,9.509779796562227e-06,0.000840781710386914,5.651879734268473e-08,4.8341296883150346e-06,0.005472936304958649,4.968205691552909e-10,6.530431172339825e-09,5.364123486384008e-05,2.0095962877142144e-05,1.2977705090723648e-07,9.14012247752387e-07,6.963750362503429e-06,9.82697461260222e-09,6.454097020138941e-08,1.00898018759698e-08,1.875659101099733e-05,7.675607177920543e-10
9,9.379286360085008e-05,1.9451368733463986e-11,3.8250587081541416e-05,9.67635564445666e-07,9.61469307652992e-08,4.516179317978117e-08,1.4931015318886321e-05,0.9940583160567128,9.25421885019967e-06,0.0007914052348038113,5.7562411157154885e-08,4.467577462971046e-06,0.004893291746861627,4.720860922351592e-10,6.8800511481839175e-09,5.008536602574167e-05,1.9734249400694993e-05,1.4693754716642078e-07,8.579296516067171e-07,6.8942355992652366e-06,9.459505403907733e-09,6.492254167719414e-08,1.0255191287650172e-08,1.7312705458717985e-05,7.600974604240956e-10
10,9.314869600602501e-05,2.4207544387872628e-11,3.874662166592e-05,9.838319572918782e-07,1.1579073140292384e-07,6.321710900183724e-08,1.7152403148966804e-05,0.993514445394134,9.958925806465423e-06,0.0007135136611129999,5.7654319776238106e-08,4.9868068561267735e-06,0.00548587951558099,5.417101170876192e-10,7.698470896526459e-09,7.008827336150135e-05,2.1919913908186794e-05,2.3108761576594925e-07,1.1979934759365111e-06,7.2656414133140025e-06,1.0979197613011565e-08,7.600851775573608e-08,1.1308398363733144e-08,2.0137246279222964e-05,7.650145337701348e-10
11,9.577166856481838e-05,2.296788678447199e-11,3.846670018618926e-05,9.553213554306585e-07,1.1218118439086432e-07,6.15655243562573e-08,1.7046264634886124e-05,0.9931221886769778,9.566599323479765e-06,0.0007333790765867826,5.553640618071694e-08,4.838708637935178e-06,0.005854572888228361,5.348231522732475e-10,7.246351240392743e-09,7.06864829245583e-05,2.239665094821342e-05,2.3028055319867117e-07,1.235919380133001e-06,7.2247685976611365e-06,1.0392864981894825e-08,7.348962810948538e-08,1.0991944893094765e-08,2.110729659522913e-05,7.348098673701262e-10
12,0.00011742859171174005,3.834757048394311e-11,4.918007242930997e-05,1.6042369218415571e-06,2.8277356365723567e-07,1.462892622976136e-07,3.179971520873681e-05,0.9904886337324671,1.693905402468131e-05,0.0010918608530531388,1.0171726135772694e-07,8.389788813258043e-06,0.007986376826634303,1.4025711104945184e-09,1.3593419736693028e-08,0.00011171730314307245,3.7283526225513294e-05,6.288457752199017e-07,1.6914755126100098e-06,1.8658138831300656e-05,2.3990155018415778e-08,9.733054409342285e-08,3.369025997370859e-08,3.710528745406753e-05,1.7264091209131034e-09
13,0.0001011627039512287,5.678286932661385e-11,3.759756655115448e-05,9.89273482127133e-07,1.868995581715851e-07,2.1498674804386583e-07,2.7027215781262315e-05,0.99227151166062,1.9097646105361372e-05,0.0009261156755253776,2.9325978990492976e-08,3.797512173607905e-06,0.0064230778075129715,3.1286156235442596e-10,6.39119328643369e-09,0.00010780878548409131,3.276084359430776e-05,3.06810732930305e-07,3.496561966456839e-06,4.7820103029435e-06,1.1065627714258847e-08,1.5468925006750138e-07,1.2885100756758281e-08,3.985018719620223e-05,1.1259186128021545e-09
14,9.640141519179558e-05,2.6622697587958203e-11,4.070556434235829e-05,1.0386443657983552e-06,1.260520611998569e-07,6.727576618666332e-08,1.7293242988485532e-05,0.9930316690114223,9.98489423376765e-06,0.0007309944634079698,6.093154170194292e-08,5.006919066130181e-06,0.005938059024830835,5.824904252052729e-10,8.000539059887723e-09,7.493532956777539e-05,2.279817162722237e-05,2.582972514797975e-07,1.339329704446356e-06,7.883262987932227e-06,1.130117685726319e-08,7.821238995030035e-08,1.1779465467557025e-08,2.1267482600861913e-05,7.843571967350467e-10
15,9.314869600602501e-05,2.4207544387872628e-11,3.874662166592e-05,9.838319572918782e-07,1.1579073140292384e-07,6.321710900183724e-08,1.7152403148966804e-05,0.993514445394134,9.958925806465423e-06,0.0007135136611129999,5.7654319776238106e-08,4.9868068561267735e-06,0.00548587951558099,5.417101170876192e-10,7.698470896526459e-09,7.008827336150135e-05,2.1919913908186794e-05,2.3108761576594925e-07,1.1979934759365111e-06,7.2656414133140025e-06,1.0979197613011565e-08,7.600851775573608e-08,1.1308398363733144e-08,2.0137246279222964e-05,7.650145337701348e-10
16,9.428526980277913e-05,2.2741806092069092e-11,3.975662542649693e-05,1.018587609569429e-06,1.1830471782009549e-07,6.472994009305778e-08,1.8059804038392097e-05,0.9929551224665841,9.1211590585355e-06,0.000714970104542299,6.333756386072214e-08,5.508797784384441e-06,0.006029186732861901,6.433150551208969e-10,8.225173244144531e-09,7.81984038330367e-05,2.2894092892403843e-05,2.795453518766605e-07,1.1998566053427643e-06,8.420372625926806e-06,1.2357496792200543e-08,7.311459499262399e-08,1.2364411727260231e-08,2.1624344645937923e-05,7.363819122800739e-10
17,9.326282072337713e-05,2.3399109007938004e-11,3.828078852990145e-05,1.004572179039265e-06,1.1367811687177666e-07,5.991458686809405e-08,1.7462687132020645e-05,0.993583438463291,9.758853830310374e-06,0.0006949570730452498,5.8706889368797495e-08,5.144287498444726e-06,0.0054385266847730195,5.503726059607179e-10,7.493732352211536e-09,6.808860087874471e-05,2.171320081038536e-05,2.2029353836663476e-07,1.1062207708745156e-06,7.28405769349925e-06,1.0732395347143697e-08,7.559656875790003e-08,1.1073046882519377e-08,1.9412852930013875e-05,7.732677866174391e-10
18,9.478134808469465e-05,2.4409456595029717e-11,3.8562588492872415e-05,9.894695519760854e-07,1.1731152770404323e-07,6.326623029125738e-08,1.733865807462123e-05,0.9934818164419361,1.0054693359276412e-05,0.0007195291297874315,5.849943182801113e-08,4.9794170252002e-06,0.0055105422224749415,5.502783772187519e-10,7.74413699819291e-09,6.951341124156964e-05,2.2439594606447514e-05,2.3390849728579234e-07,1.2051573726193216e-06,7.356152370537987e-06,1.0998081420261625e-08,7.655488465265837e-08,1.1492071135203082e-08,2.031058032819859e-05,7.85744411640948e-10
19,8.695426431255725e-05,1.966838973485181e-11,3.9917545658264304e-05,8.531882344608713e-07,1.0871774339683422e-07,5.84182563775824e-08,1.8678915620250402e-05,0.9938177055385462,1.0154799554461464e-05,0.0007670312877196045,4.689784617736694e-08,5.033696760206257e-06,0.005145701446969832,4.226128986784567e-10,6.0440223365491e-09,6.132693546497002e-05,2.0276525101517014e-05,1.5197135549002473e-07,1.0211127918748779e-06,5.9333590726590115e-06,9.239280069788195e-09,7.641900277360064e-08,8.835310481202154e-09,1.8943671698652304e-05,7.273960778719528e-10
20,0.0002173682626870241,1.7990018104754623e-11,6.174151463642873e-05,1.0235330415712616e-06,3.2074769028478894e-07,8.229737154681452e-08,3.879015379123672e-05,0.9861246916764198,1.721829939738684e-05,0.001314195220878463,6.633745051988464e-08,4.179598484781049e-06,0.012024937549454448,9.18892091628619e-10,5.349096831975582e-09,0.00010053596299290346,3.814885445045064e-05,2.7417577319447914e-07,2.166327238274735e-06,1.2413645847251294e-05,1.0542644934985614e-08,4.8362455332324016e-08,1.894769104733881e-08,4.176047699992056e-05,1.2266242221474045e-09
21,0.00010540614465829828,2.222560752730581e-11,3.979916631878454e-05,1.2130124672602137e-06,1.1592970325957331e-07,5.633150520171634e-08,1.697036131482864e-05,0.9929260433207724,9.056292920140495e-06,0.0007045985363992903,7.660423047552534e-08,5.8403299364260135e-06,0.006061287810084455,7.567227731379213e-10,8.49430163378559e-09,7.969192472557806e-05,2.046714734659871e-05,2.7265105374519286e-07,1.0839553200087696e-06,8.987311209752356e-06,1.1377616054311342e-08,6.780899947716224e-08,1.2392321050691743e-08,1.893157634770391e-05,7.414991912229444e-10
22,0.0001037738864733733,2.1796480098776757e-11,4.050995740276653e-05,1.1295342919347016e-06,1.1465965279055928e-07,5.497967729290437e-08,1.706479118619841e-05,0.9930063378739993,8.979978527956041e-06,0.0007400072708772577,7.309536741764193e-08,4.972957101103051e-06,0.00594869163452338,6.091997454499325e-10,7.754005248040656e-09,7.3875557961849e-05,2.5106036303178952e-05,2.736561402384354e-07,1.154996389056368e-06,8.600543184943165e-06,1.177043446163607e-08,7.529765058073817e-08,1.1796945034447345e-08,1.9170616967536814e-05,7.239407723798483e-10
23,9.314869600602501e-05,2.4207544387872628e-11,3.874662166592e-05,9.838319572918782e-07,1.1579073140292384e-07,6.321710900183724e-08,1.7152403148966804e-05,0.993514445394134,9.958925806465423e-06,0.0007135136611129999,5.7654319776238106e-08,4.9868068561267735e-06,0.00548587951558099,5.417101170876192e-10,7.698470896526459e-09,7.008827336150135e-05,2.1919913908186794e-05,2.3108761576594925e-07,1.1979934759365111e-06,7.2656414133140025e-06,1.0979197613011565e-08,7.600851775573608e-08,1.1308398363733144e-08,2.0137246279222964e-05,7.650145337701348e-10
24,9.438134444889503e-05,2.576749085558153e-11,3.938609298464059e-05,1.2236140371766695e-06,1.1509171336305434e-07,6.157043082740563e-08,1.5450220363824586e-05,0.9931067103097523,9.177621501209511e-06,0.0007562749458571287,6.643480485081781e-08,5.358731256625404e-06,0.005852290061685289,5.835109287367354e-10,7.695714846157343e-09,6.982204975263845e-05,2.1132395223971748e-05,2.3738782422634995e-07,1.129756677969026e-06,8.367205148311738e-06,1.0597159000477988e-08,7.941503248729407e-08,1.1064066215987105e-08,1.8705009055515836e-05,7.762301568576688e-10
25,9.145935501075656e-05,1.438242934376878e-11,3.396539330443473e-05,9.594646965744193e-07,8.732139779527757e-08,3.2666495647777114e-08,1.560020696748576e-05,0.9938552663273896,6.847455766942178e-06,0.0006201437707730312,6.719340826806775e-08,4.7576552640525005e-06,0.005276472606719489,5.596838456421871e-10,6.127178526875553e-09,5.2963400768546334e-05,1.8486716377325643e-05,1.738573837562189e-07,6.907486807268807e-07,7.625070431290757e-06,7.7020111104875e-09,5.4758904027467356e-08,8.171235409093e-09,1.4322851241160101e-05,6.045277009447689e-10
26,0.00012219499091191427,2.4776457134441905e-11,3.805537453372986e-05,9.548024015528437e-07,1.445115389656065e-07,7.776523631443908e-08,2.063860030803829e-05,0.9925716597427541,1.3766536489673958e-05,0.0009086312979951132,5.727074763313477e-08,4.1151769585951665e-06,0.006182464833659043,5.506763535973378e-10,7.633622544606788e-09,7.171078739031554e-05,2.9319863937674115e-05,2.805380957668305e-07,1.546703593916826e-06,7.692677991325878e-06,1.1820970961680858e-08,7.423160387708032e-08,1.5871823022217722e-08,2.6577419222588078e-05,9.727603230164475e-10
27,0.00011948443734067168,1.720688809196102e-11,6.976946915853494e-05,1.0156956278378932e-06,1.8301674154213938e-07,7.215161744763908e-08,2.359584839527755e-05,0.987607955550182,8.155093749872192e-06,0.0009184019457861961,7.359705528203274e-08,6.429125657879861e-06,0.011050740964560744,9.243214428510506e-10,7.603688736129621e-09,0.00011222273225572952,3.102295076796094e-05,3.701311010134426e-07,1.4653525637076477e-06,1.4914425191702305e-05,2.0672142053910865e-08,5.3852297137505817e-08,1.7330774793359942e-08,3.40264659398901e-05,6.458755272744428e-10
28,9.314869600602501e-05,2.4207544387872628e-11,3.874662166592e-05,9.838319572918782e-07,1.1579073140292384e-07,6.321710900183724e-08,1.7152403148966804e-05,0.993514445394134,9.958925806465423e-06,0.0007135136611129999,5.7654319776238106e-08,4.9868068561267735e-06,0.00548587951558099,5.417101170876192e-10,7.698470896526459e-09,7.008827336150135e-05,2.1919913908186794e-05,2.3108761576594925e-07,1.1979934759365111e-06,7.2656414133140025e-06,1.0979197613011565e-08,7.600851775573608e-08,1.1308398363733144e-08,2.0137246279222964e-05,7.650145337701348e-10
29,9.314869600602501e-05,2.4207544387872628e-11,3.874662166592e-05,9.838319572918782e-07,1.1579073140292384e-07,6.321710900183724e-08,1.7152403148966804e-05,0.993514445394134,9.958925806465423e-06,0.0007135136611129999,5.7654319776238106e-08,4.9868068561267735e-06,0.00548587951558099,5.417101170876192e-10,7.698470896526459e-09,7.008827336150135e-05,2.1919913908186794e-05,2.3108761576594925e-07,1.1979934759365111e-06,7.2656414133140025e-06,1.0979197613011565e-08,7.600851775573608e-08,1.1308398363733144e-08,2.0137246279222964e-05,7.650145337701348e-10
30,9.314869600602501e-05,2.4207544387872628e-11,3.874662166592e-05,9.838319572918782e-07,1.1579073140292384e-07,6.321710900183724e-08,1.7152403148966804e-05,0.993514445394134,9.958925806465423e-06,0.0007135136611129999,5.7654319776238106e-08,4.9868068561267735e-06,0.00548587951558099,5.417101170876192e-10,7.698470896526459e-09,7.008827336150135e-05,2.1919913908186794e-05,2.3108761576594925e-07,1.1979934759365111e-06,7.2656414133140025e-06,1.0979197613011565e-08,7.600851775573608e-08,1.1308398363733144e-08,2.0137246279222964e-05,7.650145337701348e-10
31,0.00024340254424212227,6.33957368993516e-10,4.371045756303766e-05,2.2189058523134645e-05,4.052498991231068e-06,7.679173262690798e-06,0.000463358914154845,0.980785501600865,0.00039304133484232943,0.0110550734469762,7.564651071283777e-07,5.471280531414671e-05,0.006004704012622689,1.937738583593376e-08,1.5810409287968743e-07,0.0004140564958285174,0.0001787112481241349,7.4779491107907074e-06,6.189908220187363e-06,0.00012032904898906096,1.4696164249075796e-07,1.6194070885107155e-06,1.089378693740152e-06,0.00019191796639229437,1.0120800951753011e-07
32,9.725300318513603e-05,2.6579069310116913e-11,4.0249485809663995e-05,9.953490615735394e-07,1.209677036794985e-07,6.612471461294626e-08,1.6822467029013037e-05,0.9932595643203205,1.0162597916139343e-05,0.0007248195355901462,5.818310090760926e-08,4.87880242494456e-06,0.005719751184177395,5.499311253439636e-10,7.846281451513998e-09,7.254503506822235e-05,2.282324327520159e-05,2.407280660674195e-07,1.3523451308432626e-06,7.251506327399812e-06,1.1072229140973948e-08,7.918011804593369e-08,1.1380363892394136e-08,2.0934283328617325e-05,7.82267499822577e-10
33,9.997283497324267e-05,2.6330564345765716e-11,3.38524721901487e-05,9.707837661370307e-07,9.30445630111212e-08,6.889362644263597e-08,1.4533600481013378e-05,0.9904111634551201,6.64560698338164e-06,0.0006589685423670232,4.1611628159577907e-08,4.131932167358131e-06,0.008614176920907187,4.650331734615093e-10,5.460358402572715e-09,9.214208918626066e-05,2.613614850923293e-05,3.191318535037099e-07,1.951080012798912e-06,6.682213908742719e-06,8.276494021636382e-09,8.088965642671073e-08,8.679584899902923e-09,2.8045309987117247e-05,5.303116766161759e-10
34,0.00013458310599411726,2.2525263344683952e-11,4.398361012097649e-05,9.339703977406155e-07,1.368399734593903e-07,4.941153566613942e-08,1.5925415078089424e-05,0.9923488619997552,1.012354129433191e-05,0.0007390694576715339,6.785712448706288e-08,4.041863137351238e-06,0.006581458291948468,6.183893459392311e-10,7.188681872244761e-09,6.799330613472882e-05,2.350071277718067e-05,2.3154886079098165e-07,1.4788277398921305e-06,7.533339644632995e-06,9.5071341140555e-09,6.006770767246859e-08,1.079902588728835e-08,1.99379632991211e-05,7.340480335894075e-10
35,8.448420739647532e-05,3.7216388199352535e-11,0.0010228120936102707,9.038760974283404e-06,2.5899070387979833e-06,1.2587181284729809e-06,0.00027825621618646413,0.8616610378406122,4.069373677188839e-06,0.006168044734765982,7.31855652639796e-07,0.00018952455650761196,0.12593212779893898,7.270456799240216e-08,5.757059250664468e-08,0.0011713409204957795,0.00021332286175263315,6.883190197362731e-06,2.1664104545195104e-06,0.0025799471874163853,1.7609997064596132e-06,1.0440785413454846e-07,6.440075882639212e-07,0.0006697190801349443,4.558533212325769e-09
36,0.00012515066582921303,3.8697422141873157e-11,6.663876622666105e-05,1.2537507227864514e-06,2.0044765993693457e-07,9.383733674869303e-08,1.7546940771924146e-05,0.9915201475162158,1.5476628343500978e-05,0.0010729369947923143,7.103686525927455e-08,3.955045139756644e-06,0.00703067941373105,5.764329702084009e-10,9.282697829795056e-09,8.170289544490934e-05,2.5091078557354494e-05,2.460012172983122e-07,1.954688228759484e-06,9.987504092406238e-06,1.57190172072927e-08,7.429694633314958e-08,1.8138781564276218e-08,2.6747722321218077e-05,1.0139299285702912e-09
37,0.0001302279323326518,2.2782779778732653e-11,4.974290211088636e-05,1.245823867631442e-06,1.4641559776921103e-07,6.503857103217665e-08,2.1841743954711803e-05,0.990665470239068,9.14177359934595e-06,0.0008524857484640675,7.95692862896839e-08,5.766379095362352e-06,0.00810874764329261,8.515010845932311e-10,8.035973516478946e-09,8.81646304253576e-05,2.7954297278235567e-05,2.955244781047819e-07,1.3455879312084356e-06,1.0892568430012199e-05,1.3872646156170428e-08,6.98665886068009e-08,1.482797726920442e-08,2.6277858146462547e-05,8.466006786467437e-10
38,9.372186626534611e-05,2.5742741266014e-11,4.1588031132649405e-05,9.345850521523992e-07,1.2747985885439386e-07,9.116033208047213e-08,2.2081370586946944e-05,0.9923669755667249,1.0313814939938243e-05,0.0007536952224936299,5.438454542425622e-08,5.740520946350856e-06,0.00654382923805034,6.268574405950085e-10,8.941850603868769e-09,9.846092660691159e-05,2.463871921005963e-05,3.262795834718209e-07,1.578353166759598e-06,7.611794274683924e-06,1.4854703513983893e-08,8.331265929987413e-08,1.4340270372146364e-08,2.8107846687978213e-05,7.374574601751938e-10
39,0.00102361425083125,2.2668420218655062e-11,2.5150837306954885e-05,3.4208338994413962e-06,6.529446444215824e-07,3.1169656072403586e-08,0.00010258573843729705,0.9826319060634694,2.1812884998885272e-05,0.0032132124676660305,5.961612670961789e-07,3.4140546774083676e-06,0.012817960082158263,8.553319226738644e-09,1.2003412397134945e-08,4.036010586108754e-05,4.8860122230043656e-05,5.478972728853652e-07,1.5980213433139085e-06,2.804628573960391e-05,2.6197000379956265e-09,5.2148820257775474e-08,2.7688896155324872e-08,3.612065750945996e-05,6.3842146137442346e-09
40,0.00010779014724686625,2.7299230428830793e-11,6.02031559638855e-05,9.361266627799168e-07,1.766647006698784e-07,5.796482046898946e-08,1.8455669859650416e-05,0.9924038548398196,1.0241806625071483e-05,0.0007503096878446457,7.203437571478929e-08,6.605264380445668e-06,0.006517020031681307,7.817236767188038e-10,8.448369595140532e-09,6.86005898659009e-05,2.4241076792938172e-05,1.9630167600226464e-07,1.3269352889722548e-06,9.20146195772195e-06,1.3211819344375136e-08,7.639704818183069e-08,1.0980888696570663e-08,2.0599458720456213e-05,9.345682398884735e-10
41,9.097927164127677e-05,2.947739996497643e-11,3.859448450731471e-05,1.0646235306785663e-06,1.1399116365127463e-07,6.039679322248345e-08,1.3244325903012084e-05,0.9937837975333713,1.0313518924567117e-05,0.00066501583321901,5.815266861514667e-08,4.234238115160015e-06,0.005276910518650101,4.892710603579768e-10,7.851803683782967e-09,7.196403502095915e-05,1.8001447785804285e-05,2.3225797709097172e-07,1.3458096764338704e-06,6.596811598545383e-06,9.397979327526801e-09,7.404259173450873e-08,1.0111487055372304e-08,1.737015441478113e-05,6.724281143618021e-10
42,5.3666976830222325e-05,2.7859366398161298e-11,3.4961220265921794e-05,8.3233018430293e-07,6.311004253841538e-08,5.248388012409825e-08,9.034138691041596e-06,0.9957224109495293,7.502965273986026e-06,0.0004218291924720596,3.433006615586849e-08,3.952698397598577e-06,0.0036464983201112324,2.2487953384181668e-10,5.819231880086069e-09,6.728312930340003e-05,1.4702518315744509e-05,1.4537906379674334e-07,1.1201636050629325e-06,3.7868885299519493e-06,8.371994262489801e-09,9.015615839027281e-08,5.5493033320531524e-09,1.2012657543072865e-05,3.984678536184253e-10
43,8.216084613572587e-05,2.385703807483832e-11,4.1513264331407335e-05,8.726327592727001e-07,1.1007492305099399e-07,8.156468929089344e-08,1.5940915097653594e-05,0.9930922616898079,1.054399172791429e-05,0.0008887747231771232,4.576952892188983e-08,4.6888135646751475e-06,0.0057302709268753065,4.093144869526032e-10,7.558052776352912e-09,7.488000631760538e-05,2.430330802729368e-05,2.3956982700889054e-07,1.3899399104791656e-06,7.052401210051998e-06,1.36952959871527e-08,8.139329806916908e-08,1.2715155532849574e-08,2.4753083519309434e-05,6.835960217198436e-10
44,9.314869600602501e-05,2.4207544387872628e-11,3.874662166592e-05,9.838319572918782e-07,1.1579073140292384e-07,6.321710900183724e-08,1.7152403148966804e-05,0.993514445394134,9.958925806465423e-06,0.0007135136611129999,5.7654319776238106e-08,4.9868068561267735e-06,0.00548587951558099,5.417101170876192e-10,7.698470896526459e-09,7.008827336150135e-05,2.1919913908186794e-05,2.3108761576594925e-07,1.1979934759365111e-06,7.2656414133140025e-06,1.0979197613011565e-08,7.600851775573608e-08,1.1308398363733144e-08,2.0137246279222964e-05,7.650145337701348e-10
45,0.00019085513952515318,5.3038973408071545e-11,7.560454244633688e-05,2.009295588647781e-06,3.602316415379557e-07,1.0001397655371612e-07,2.0404414836244403e-05,0.9911349569861332,2.2427338437501914e-05,0.0011328280926328216,1.5002549838026062e-07,7.860711343441007e-06,0.007253450609757878,1.4197167250637997e-09,1.3340688186683552e-08,6.895158941538831e-05,4.2937037770832834e-05,3.3404074320450413e-07,1.650493579170692e-06,2.0283525912818898e-05,2.4858838345440175e-08,9.762135037005826e-08,3.365596854871821e-08,2.4662254266634632e-05,2.7068930067910015e-09
46,0.00010712640914293308,1.6569789602736322e-11,3.796697889612657e-05,9.157635397997095e-07,8.27243616526803e-08,5.026661659357493e-08,1.5519854229860074e-05,0.9925883080786405,7.262594905003011e-06,0.0007067368691988063,4.6346234629774726e-08,4.988596913410712e-06,0.006409822729101032,3.68750011092738e-10,4.580395885826271e-09,6.0803321914978093e-05,3.227834698587961e-05,1.6944745279100685e-07,1.044668008595898e-06,6.619425556035673e-06,1.0352076328566368e-08,8.128372899561263e-08,8.643426122680816e-09,2.015169787216013e-05,6.354823145595215e-10
47,0.00011203856861519334,1.5366057854661756e-11,3.834391842088881e-05,8.259221608037868e-07,9.08409956537373e-08,4.648431911648124e-08,1.6735156316718963e-05,0.9921981026587509,7.375499403754239e-06,0.0006945919362364377,4.58620487678404e-08,4.4385855947498725e-06,0.006804418818049286,4.28392601046953e-10,4.801444714067363e-09,7.128452437468654e-05,2.37789466911876e-05,1.7159520899528273e-07,1.2104410810925222e-06,5.896986835813527e-06,8.135513968726678e-09,6.36197638406103e-08,7.678266333399976e-09,2.0518047060798474e-05,5.290876947439375e-10
48,7.810225818294421e-05,3.843352240422661e-11,7.271788761608536e-05,2.4154032235744596e-06,2.934919979486163e-07,7.328927267701648e-08,2.5597585359083266e-05,0.995547581211198,1.8702421567019718e-05,0.0006535406737563752,2.505163010142392e-07,1.4673839538189598e-05,0.003451556168978948,2.3120283030999956e-09,2.7581181062797175e-08,8.861064641044783e-05,1.2421386828007084e-05,3.335858702419353e-07,5.339891634186965e-07,2.1766454396882573e-05,3.072900762798552e-08,7.594775254645306e-08,2.991478761338864e-08,1.0660886831704922e-05,1.7803167382501032e-09
49,7.692643912828316e-05,2.5306301555599444e-11,4.251871208148904e-05,9.437242583488506e-07,1.09579437310022e-07,6.856832787969027e-08,1.622973255210487e-05,0.9939089376114664,9.457203210616622e-06,0.0006705417729200849,5.053553605388903e-08,5.6889616481196085e-06,0.005149447436721594,4.59204355309692e-10,7.393043997470925e-09,7.057251452446423e-05,2.0961561102197282e-05,2.009031552170873e-07,1.1300144654070275e-06,6.947326121037361e-06,1.216666614513548e-08,8.588222530047433e-08,1.0137023023425668e-08,1.9150626812035762e-05,7.130624708945524e-10
50,3.5083321648820896e-05,2.4113481102494605e-10,8.539233636511373e-05,1.9901035032221847e-06,1.9478784862604892e-07,3.274574486131556e-07,7.89771933220512e-06,0.9959188575045652,1.794269184519552e-05,0.0003457830124282615,7.725823193423404e-08,1.4183271294202878e-05,0.0033412066549429417,6.050033791616118e-10,3.40271315868416e-08,0.00017559597084428424,2.3129080167561437e-05,7.654895368027517e-07,2.4170277356265327e-06,1.1539962424715077e-05,1.0002867502262442e-07,2.975551885597449e-07,3.232731407281353e-08,1.7150466070854436e-05,1.099318374403054e-09
51,0.0002088719632950469,1.0335312976804354e-11,7.283518953124588e-05,6.351393989230765e-07,3.3219696714637447e-07,9.799715755471897e-08,5.242276891129998e-05,0.9836673870520278,1.6058226191815774e-05,0.0015374757482547804,5.6791406354883484e-08,5.722119093224246e-06,0.014185235664651465,9.55981987547047e-10,5.487795651891041e-09,0.0001231183008841952,5.3686737689748636e-05,3.3809721953278114e-07,2.2051137256099298e-06,1.382101424074142e-05,1.8796625219248677e-08,4.5061375305570067e-08,2.3722071623805754e-08,5.96048594156942e-05,9.857530144142818e-10
52,9.292331979120093e-05,2.3942498009150754e-11,3.8014182128543535e-05,9.855323935924659e-07,1.1499142585200999e-07,6.423989391732258e-08,1.6956728168828133e-05,0.993431227831282,9.843325552258984e-06,0.0007314259296540174,5.768353670371265e-08,4.963000355968334e-06,0.005551880027660478,5.4655302045782e-10,7.768769707139485e-09,7.060706738558906e-05,2.160725009516592e-05,2.394378683659452e-07,1.2134760708591888e-06,7.346357234964627e-06,1.0855101442085654e-08,7.512980073814795e-08,1.1340888936240746e-08,2.042320165031359e-05,7.527949864929302e-10
53,9.317018934380834e-05,2.4638207762069666e-11,3.843059244154593e-05,9.655609598931836e-07,1.1304490667434439e-07,6.227651174169896e-08,1.6319488832603083e-05,0.9935717075931604,9.82173710557695e-06,0.0007030195462946886,5.5916547007333474e-08,4.8354635825391584e-06,0.005442636801901303,5.19049573580509e-10,7.549341653419198e-09,6.899873278733758e-05,2.156463565020503e-05,2.2481079266484627e-07,1.230874375355377e-06,6.946723731359756e-06,1.0581199678129085e-08,7.619507304080988e-08,1.076564571562036e-08,1.9789632211178363e-05,7.439163530756027e-10
54,9.596622960325272e-05,1.6564657237173693e-11,5.774689605188835e-05,8.671717647720271e-07,1.3377072221582596e-07,6.431334179503204e-08,1.6037911351354533e-05,0.9909346353373669,8.936587336594198e-06,0.0008149916214873116,5.7647965535729896e-08,5.3918618215995565e-06,0.007912951672490513,5.40403000028051e-10,6.54119514464615e-09,8.915965919250025e-05,2.6596758703770204e-05,2.8125178027414624e-07,1.284304115375357e-06,1.0602074744070197e-05,1.639142359648096e-08,5.690241588675915e-08,1.3396326571370613e-08,2.4200591741369116e-05,5.500900152020291e-10
55,8.922269607561876e-05,2.2851353133628123e-11,3.71121060332741e-05,9.554239032031962e-07,1.1316995196727819e-07,6.391212246326158e-08,1.751348609672482e-05,0.9936080452078809,9.833558003886694e-06,0.0006921078014641345,5.558593803692378e-08,5.346841659469646e-06,0.0054181166783669405,5.516255731397102e-10,7.623106919644121e-09,7.163334598278785e-05,2.1186633050848565e-05,2.344215285027086e-07,1.1410930876627893e-06,7.188323447108753e-06,1.0891577225302237e-08,7.522348085975278e-08,1.1141710406115618e-08,2.0023511977296314e-05,7.490768739968638e-10
56,9.528013371374267e-05,2.3599209842996978e-11,3.9112013936621206e-05,9.84087806613917e-07,1.1586630220671545e-07,6.37226017796925e-08,1.7293904856758774e-05,0.993128392998763,9.745165888200838e-06,0.0007384297045266582,5.680791713967955e-08,4.938292022304564e-06,0.005841623200087912,5.464570559643194e-10,7.437234724841408e-09,7.145145730900598e-05,2.2350386345303776e-05,2.3481720075016815e-07,1.230464548663883e-06,7.446338148161751e-06,1.080181491993844e-08,7.427065855166219e-08,1.1360841824333768e-08,2.1145442128442535e-05,7.552906070511168e-10
57,0.00013488398883569963,3.188540312501528e-11,1.655121943649464e-05,1.3970147378235717e-06,8.611215682439682e-08,5.867995613576616e-08,2.0287088136117647e-05,0.9954589939737264,1.2493740751900601e-05,0.0006137802082788454,8.084576182451087e-08,2.843842160852982e-06,0.0036406129713257374,6.05991206221675e-10,1.0338466025637177e-08,5.366141063911974e-05,2.084147440000326e-05,3.624201847322809e-07,1.1369944480571549e-06,4.986129611425183e-06,6.813178841121354e-09,8.540468467735391e-08,1.424335710595055e-08,1.6823358429527908e-05,1.0894591955066565e-09
58,9.353455744736296e-05,2.416246495188879e-11,3.8956818345719474e-05,9.631617710838565e-07,1.1644236330878516e-07,6.865325481615699e-08,1.7706032983945087e-05,0.9929395769512827,9.674763909607108e-06,0.0007598510253238346,5.4576467437205874e-08,5.081639504998824e-06,0.006005597963389852,5.509983525988981e-10,7.59068265524866e-09,7.343534239522267e-05,2.32222942562963e-05,2.4843208908865096e-07,1.293366058340113e-06,7.564088053344173e-06,1.1348842680088274e-08,7.715605002120493e-08,1.179283707302965e-08,2.2944666444058728e-05,7.610856330130807e-10
59,9.249944313029068e-05,2.338814117723684e-11,4.1937892907732875e-05,9.454835979955392e-07,1.1640774705274308e-07,6.318611603964124e-08,1.7038633980528996e-05,0.993027745847431,9.452744764064097e-06,0.0007396717419593322,5.543402481450063e-08,5.026252457395945e-06,0.005940587802526287,5.363255212234259e-10,7.409325852718916e-09,7.127590251242398e-05,2.268617251046029e-05,2.2648879939369064e-07,1.2314607018827807e-06,7.656463875885633e-06,1.1460441982905098e-08,7.380022827225316e-08,1.1326781001886246e-08,2.1677349875624572e-05,7.345909009392822e-10
60,9.314869600602501e-05,2.4207544387872628e-11,3.874662166592e-05,9.838319572918782e-07,1.1579073140292384e-07,6.321710900183724e-08,1.7152403148966804e-05,0.993514445394134,9.958925806465423e-06,0.0007135136611129999,5.7654319776238106e-08,4.9868068561267735e-06,0.00548587951558099,5.417101170876192e-10,7.698470896526459e-09,7.008827336150135e-05,2.1919913908186794e-05,2.3108761576594925e-07,1.1979934759365111e-06,7.2656414133140025e-06,1.0979197613011565e-08,7.600851775573608e-08,1.1308398363733144e-08,2.0137246279222964e-05,7.650145337701348e-10
61,9.410659502858352e-05,2.4416760179702728e-11,4.226455828925068e-05,9.639884390885201e-07,1.212429289596538e-07,6.648293576089656e-08,1.7697055599115678e-05,0.9931377245261724,9.980193257017007e-06,0.0007435393778540366,5.6695236629642274e-08,5.1866922986956746e-06,0.005821332349812603,5.494318866234133e-10,7.668869316524766e-09,7.310812089763831e-05,2.305628368205327e-05,2.2978688199837151e-07,1.2675141184894494e-06,7.540512242699511e-06,1.1836087668500553e-08,7.740384247743129e-08,1.1616563252960238e-08,2.164815586838223e-05,7.692454075070544e-10
62,9.314869600602501e-05,2.4207544387872628e-11,3.874662166592e-05,9.838319572918782e-07,1.1579073140292384e-07,6.321710900183724e-08,1.7152403148966804e-05,0.993514445394134,9.958925806465423e-06,0.0007135136611129999,5.7654319776238106e-08,4.9868068561267735e-06,0.00548587951558099,5.417101170876192e-10,7.698470896526459e-09,7.008827336150135e-05,2.1919913908186794e-05,2.3108761576594925e-07,1.1979934759365111e-06,7.2656414133140025e-06,1.0979197613011565e-08,7.600851775573608e-08,1.1308398363733144e-08,2.0137246279222964e-05,7.650145337701348e-10
63,9.371455547609602e-05,2.8087687323486232e-11,3.878075568180348e-05,1.0225286237637359e-06,1.1863629291650924e-07,6.73047492148653e-08,1.693820141828799e-05,0.9936699715488477,1.0440344681107066e-05,0.0007123927096634949,5.9232555860984975e-08,4.961297592010681e-06,0.005329728223128935,5.501426735957494e-10,8.31960424298612e-09,7.028938530243582e-05,2.239274101548754e-05,2.4012624353298685e-07,1.2875713359253988e-06,7.135088278971609e-06,1.1346923431635535e-08,8.321076691388562e-08,1.1731813610169119e-08,2.0343737486746322e-05,8.24286994813244e-10
64,9.380563458084904e-05,2.662453827617983e-11,4.655495768380139e-05,1.0263475266762663e-06,1.331081610158846e-07,7.204761260518771e-08,1.8156898751810635e-05,0.9930991233678347,1.0632562488466626e-05,0.0007394669824505571,6.201624891796381e-08,5.785700863334442e-06,0.005851011659232138,5.99586571851331e-10,8.526928872353377e-09,7.768191581213963e-05,2.4600717023142817e-05,2.469281725553291e-07,1.2649342772615867e-06,8.333125663231548e-06,1.4639205807295146e-08,8.181361109257738e-08,1.3438916599821247e-08,2.1921220585293164e-05,8.301580760409026e-10
65,0.00011124450131488456,1.0232333199374554e-11,3.2539962986689144e-05,5.70295546798126e-07,7.602093426178591e-08,2.68267612173434e-08,1.4217972225708687e-05,0.9941149483186186,7.1264795705212815e-06,0.0006241293864847339,4.089263834440264e-08,3.2869407385157236e-06,0.00500688817797515,3.335847358637716e-10,3.891482971035256e-09,5.112458320506592e-05,1.5808022860278285e-05,1.0265301330745147e-07,9.541648973473133e-07,3.5265215911738363e-06,4.5352489801617105e-09,4.696380449914344e-08,4.218191037463009e-09,1.3327939868557159e-05,3.8622431280703705e-10
66,6.337086370286227e-05,3.839976246311779e-11,2.111184342176147e-05,1.1548254126732087e-06,6.626090285352404e-08,6.233678230415704e-08,1.1187728337087242e-05,0.9968265034632514,1.0049860351153196e-05,0.0004652086864534198,6.132685802538622e-08,5.084083808840472e-06,0.002510424236262684,4.779405813701342e-10,1.2758189059019992e-08,5.281853569986612e-05,1.4977494630816495e-05,2.4926639840542847e-07,8.619213134791488e-07,4.668781321638081e-06,1.0519517267142789e-08,1.0834500129989756e-07,1.0869913799099367e-08,1.1994630995370374e-05,8.45133902980855e-10
67,0.00010198253500381209,1.8716138687990392e-11,3.4986619777125665e-05,6.964054865792658e-07,9.645207031228673e-08,3.82177284233722e-08,1.2863964346420288e-05,0.9944649469919273,9.706205152408636e-06,0.0006690269043308553,4.725159527039528e-08,3.4704222286107684e-06,0.004613763959971746,3.744838654638312e-10,5.800953134419741e-09,5.188665115036368e-05,1.6284896768313093e-05,1.3262349293974263e-07,1.1658665708716642e-06,4.349838292702861e-06,6.011225221977518e-09,6.006647508213035e-08,6.328208592279172e-09,1.4475041171684991e-05,5.528719877018156e-10
68,0.00018138252648341302,2.923517327552024e-11,4.366003881321936e-05,1.1359113810439202e-06,1.3678991583244043e-07,4.09897740098576e-08,1.444870592587652e-05,0.9915641874484447,1.1582831832549899e-05,0.0008015137344076216,7.133403552375807e-08,2.793816437129019e-06,0.007254920475216857,5.813089010817069e-10,6.060719845029823e-09,7.24730901326216e-05,2.3959460944549405e-05,1.8873234687936137e-07,2.0790504171274214e-06,5.973772421048203e-06,5.748040908612668e-09,6.396909401218514e-08,8.95100573001489e-09,1.9365182389285124e-05,7.692761409027298e-10
69,0.00010167993514341572,2.4091094602008653e-11,3.905511137058443e-05,8.365607050777035e-07,1.0074819779177028e-07,5.666775976663114e-08,1.5974682095393822e-05,0.9929754913454947,8.774479309236784e-06,0.0006541731626116446,4.075113923197928e-08,4.308520558610796e-06,0.006076532679332487,4.402989977593828e-10,5.617354226641678e-09,7.635860350459197e-05,1.876751054546637e-05,1.651510048206415e-07,1.5388292411614208e-06,4.780344208228995e-06,7.275192653822887e-09,7.449249243719745e-08,7.11334875155681e-09,2.1269371415873544e-05,5.835834310394036e-10
70,0.00010052196218276742,2.5513697350481078e-11,3.603907751261065e-05,9.273687244670911e-07,1.1661073445304448e-07,6.293818387411055e-08,1.7147730408227065e-05,0.9935482012812803,1.018031010800206e-05,0.0007059515843080012,5.712587144067303e-08,4.851997652789195e-06,0.005454656089709832,5.645468685600476e-10,7.983540742677235e-09,6.755096226587079e-05,2.399497758307771e-05,2.4683801173130833e-07,1.3075876407398124e-06,6.86687090503788e-06,1.0846503890528417e-08,7.953733561186463e-08,1.152490357486335e-08,2.120738842140575e-05,8.161509900076584e-10
