,0,1,2,3,4,5,6,7,8,9,10,11,12,13,14,15,16,17,18,19,20,21,22,23,24
0,1.3732114769943762e-06,1.616260812165928e-05,3.1971068920442307e-05,0.00014529451101570186,8.981289904319929e-08,3.2018491356175214e-06,0.0008968036424256447,0.9650202847065482,2.755282294197244e-06,0.00022491487266350477,5.0702377618177945e-06,1.045723946026337e-05,0.0005202216312588534,9.490144415586601e-05,3.0910791307693997e-06,0.029891835611589538,1.3861633905529391e-05,0.002085066469893938,0.0001734853197994192,0.0007134947047901643,5.932764932870706e-05,8.56886114592558e-05,2.503705520905122e-07,1.7772051948106115e-08,3.786593610268808e-07
1,1.704362724962399e-06,1.7648572796783503e-05,3.860458405912852e-05,0.00019705620765132214,9.565213514515687e-08,2.272509248077509e-06,0.0009114790105405388,0.9480645213382207,1.6472550443199947e-06,0.00018504727087609337,4.783946005317268e-06,1.3092860150683263e-05,0.0006806537765550881,6.557110280712518e-05,2.738330512980909e-06,0.046628314037209684,2.2020207291704505e-05,0.0021407166698758835,0.00016864621098402775,0.0007263692783630487,5.6290914677360794e-05,7.016284957230294e-05,2.219323007886078e-07,2.095058323865495e-08,3.2016981355557574e-07
2,6.7162903731331215e-06,1.7801050377869026e-05,4.503148664177981e-05,0.0003158737681523156,6.098380214451913e-08,2.090107005179754e-06,0.0014417953384135423,0.9670213221095249,5.371831435776585e-07,6.979932804713987e-05,6.277127045327482e-06,1.6110025281970287e-05,0.000929564936917653,1.7166711741852566e-05,1.021810142122018e-06,0.026356982422883205,4.3610843702827516e-05,0.0032181284267423452,0.00023494052098358957,0.00012797173997111053,7.48095950786881e-05,5.20707684738651e-05,2.107160290262274e-07,1.2135709927928728e-08,9.457381485293696e-08
3,1.9248220620247664e-06,1.7701962653952065e-05,3.219266889269958e-05,0.00021011595531292672,1.0055625015388008e-07,2.2884128165108853e-06,0.0008945134074589377,0.9587061868309902,1.4813062348352849e-06,0.00014706387036043461,5.516916509660066e-06,1.4126510260769134e-05,0.0006486202438283167,5.970080841174681e-05,2.6365252059935298e-06,0.03627884326679793,2.2235989420943464e-05,0.002085222127291197,0.00015340796868440243,0.0005881765136622994,5.14752707160544e-05,7.595455341703259e-05,2.1500301817277558e-07,1.841219584125622e-08,2.8009754705332975e-07
4,2.122539245101054e-06,1.8444519500914853e-05,3.408701771297557e-05,0.00021643144315373574,1.0271833988357541e-07,2.184568141121468e-06,0.000931033301780555,0.959542034752673,1.540710644459334e-06,0.00014702157290568036,5.90412923646666e-06,1.4772807212804322e-05,0.0007557650095629102,6.44691317236369e-05,2.567569472133233e-06,0.035068129738313636,2.2262393571786796e-05,0.0022519913680293566,0.00015878306954250114,0.0006224647601419897,5.572054221378753e-05,8.164679033241903e-05,2.1746251692859604e-07,2.013551442116267e-08,2.819485176098665e-07
5,2.0310554764432297e-06,1.8674586833528702e-05,3.535219205929088e-05,0.0002529311896874688,1.1626357397353855e-07,2.442397605311604e-06,0.0009074692361499752,0.9572116457984512,1.650673411009334e-06,0.00016557913041122583,5.6927684007549966e-06,1.3853077475485397e-05,0.0007166688057091797,6.604258809131026e-05,2.699802025989963e-06,0.037102676555870864,2.2908911087762548e-05,0.0024793279659053604,0.00016107817250585814,0.0007021853149141025,5.462001503923665e-05,7.379264221302973e-05,2.6014368939992956e-07,2.1611866915054824e-08,2.791015451726345e-07
6,1.9248220620247664e-06,1.7701962653952065e-05,3.219266889269958e-05,0.00021011595531292672,1.0055625015388008e-07,2.2884128165108853e-06,0.0008945134074589377,0.9587061868309902,1.4813062348352849e-06,0.00014706387036043461,5.516916509660066e-06,1.4126510260769134e-05,0.0006486202438283167,5.970080841174681e-05,2.6365252059935298e-06,0.03627884326679793,2.2235989420943464e-05,0.002085222127291197,0.00015340796868440243,0.0005881765136622994,5.14752707160544e-05,7.595455341703259e-05,2.1500301817277558e-07,1.841219584125622e-08,2.8009754705332975e-07
7,1.1432281581503498e-06,1.831151360043382e-05,2.738192343333929e-05,0.00020378437774018441,1.2414952191759833e-07,2.8392902717341786e-06,0.0008827606027815533,0.9553531825600479,1.980826864636372e-06,0.00017757731661078503,4.5069085318380965e-06,1.4956453772142044e-05,0.0003498458275354868,8.091691168292705e-05,2.933231722251954e-06,0.040183783270797996,2.3597385247047833e-05,0.0018392649646528539,0.00014637473640004045,0.0005702968207649352,5.216635921639449e-05,6.152373323204194e-05,3.1715115075715576e-07,1.9761059698095954e-08,4.1069520308808127e-07
8,2.5378631465033203e-06,2.131617244216548e-05,5.6150602883082144e-05,0.0002615210370845791,1.4219766627777532e-07,2.6254321110989106e-06,0.0007228231978859016,0.9548908692510092,1.8719787465898206e-06,0.00020729692009784805,6.172174348775911e-06,1.7228123401278404e-05,0.0006518454234519562,8.977668645678096e-05,2.8142563772663355e-06,0.03982248771684879,2.9165928498610018e-05,0.002219130089775539,0.00011207034536505137,0.0007557035562819847,5.484425975642331e-05,7.083431113511376e-05,3.184847045613935e-07,3.095698115984927e-08,4.230335434348027e-07
9,1.816956973089075e-06,2.078635197789159e-05,5.4485582027270134e-05,0.00023686800661370586,1.1645028627928094e-07,2.440800320898192e-06,0.0006646058019832435,0.9457670967099244,1.997981571576883e-06,0.0002569290418732308,4.961890439189691e-06,1.4756516012214227e-05,0.0006582954883423118,9.723331973704386e-05,2.8751024247735064e-06,0.04885519210817597,2.4293724070634863e-05,0.002124950534034877,0.00011901795944090367,0.0009730569889198177,5.1069094055778806e-05,6.639173136321886e-05,2.8990657597380503e-07,3.086306686662882e-08,4.410897886705009e-07
10,1.9248220620247664e-06,1.7701962653952065e-05,3.219266889269958e-05,0.00021011595531292672,1.0055625015388008e-07,2.2884128165108853e-06,0.0008945134074589377,0.9587061868309902,1.4813062348352849e-06,0.00014706387036043461,5.516916509660066e-06,1.4126510260769134e-05,0.0006486202438283167,5.970080841174681e-05,2.6365252059935298e-06,0.03627884326679793,2.2235989420943464e-05,0.002085222127291197,0.00015340796868440243,0.0005881765136622994,5.14752707160544e-05,7.595455341703259e-05,2.1500301817277558e-07,1.841219584125622e-08,2.8009754705332975e-07
11,2.0770918641654866e-06,1.8194194202660984e-05,3.3530549578662485e-05,0.00021595618682212955,1.0496197245433455e-07,2.260130674487104e-06,0.0009385210170643225,0.9583610572497706,1.5246954632705035e-06,0.0001450055415330997,5.867988286921317e-06,1.4971400036008216e-05,0.0007294581956317823,6.14840931740845e-05,2.6798619258760445e-06,0.03638515884561066,2.2727432826903317e-05,0.0021471473624629124,0.00015852879656336178,0.0006175907482005605,5.4243228660349324e-05,8.138981190745246e-05,2.1473174880775815e-07,1.9923246553910282e-08,2.8596077197314683e-07
12,2.163903647982991e-06,1.962877910152821e-05,4.318571391617425e-05,0.00020560358004600838,1.8175939869860738e-07,2.9128593900195385e-06,0.0010333412782669038,0.9505384568386863,2.00583060864001e-06,0.0001689772539803808,7.595183840197565e-06,1.9091498788945142e-05,0.0007324727368992832,8.415847651880048e-05,2.9970301464329183e-06,0.0434267573823045,2.9008368348301304e-05,0.002402014955894503,0.00013255488596482562,0.0009981604110279511,6.444678815452615e-05,8.350826516941145e-05,3.0665813725478114e-07,3.0423402149181014e-08,4.3913836021225167e-07
13,1.7095631416149717e-06,2.2769278848759775e-05,4.4991756660730535e-05,0.00038823674439286216,1.1329146200377078e-07,4.066653940743448e-06,0.0012373826069898238,0.9287827937603609,2.2930457923710855e-06,0.000312870745036837,3.286722204627303e-06,1.0204574182542384e-05,0.0006908361147205782,6.0039556354921794e-05,3.308709474534819e-06,0.06416824499256528,2.6539207965196955e-05,0.003013783242557722,0.00024198774582841282,0.000871073749701225,5.693450910951524e-05,5.5783125239191e-05,4.416500103989697e-07,2.5940310665543167e-08,2.827131484094061e-07
14,2.0154564514457283e-06,1.932030073149303e-05,3.192777761356723e-05,0.0002332218373936859,1.1320301285749624e-07,2.3353063739251858e-06,0.0009579367552721741,0.958943496090736,1.5336330158246971e-06,0.00015014187643204232,6.045700325891418e-06,1.420482557264373e-05,0.0007178930755714218,6.064831279167335e-05,2.753963177785565e-06,0.03564604597491915,2.3094809509672568e-05,0.002262943024794406,0.0001754476805294128,0.00061262438721425,5.635235929634912e-05,7.93808315715794e-05,2.2867321417895345e-07,1.958485255896156e-08,2.7455962592503696e-07
15,1.9248220620247664e-06,1.7701962653952065e-05,3.219266889269958e-05,0.00021011595531292672,1.0055625015388008e-07,2.2884128165108853e-06,0.0008945134074589377,0.9587061868309902,1.4813062348352849e-06,0.00014706387036043461,5.516916509660066e-06,1.4126510260769134e-05,0.0006486202438283167,5.970080841174681e-05,2.6365252059935298e-06,0.03627884326679793,2.2235989420943464e-05,0.002085222127291197,0.00015340796868440243,0.0005881765136622994,5.14752707160544e-05,7.595455341703259e-05,2.1500301817277558e-07,1.841219584125622e-08,2.8009754705332975e-07
16,1.8616081631901495e-06,1.721439031096975e-05,2.7892894655334384e-05,0.00020838766950551194,9.507594181278125e-08,2.202118338162895e-06,0.0008823504037242619,0.9610547727667804,1.402708049338603e-06,0.00013490479874625103,5.5302671782057515e-06,1.417325463609893e-05,0.0006345586380760745,5.725377820164821e-05,2.677096384344335e-06,0.034052989611431314,2.089415661445556e-05,0.0020489110582021246,0.00015640232386515508,0.0005467665880796903,4.848155604120214e-05,7.980031421821442e-05,1.9805083182275166e-07,1.639535333393284e-08,2.6247667092723156e-07
17,2.1124031474174894e-06,1.7835590822995526e-05,3.302755370668922e-05,0.00021915592793121745,1.1454526825827071e-07,2.2608578341559434e-06,0.001002392769715181,0.9602585486471942,1.5715052453680589e-06,0.00013675301211758437,6.144194075138464e-06,1.544913283044137e-05,0.0007266235461238873,6.391194651144716e-05,2.529304276923422e-06,0.03427552535952712,2.2867070430322656e-05,0.0023042859781679053,0.000156093216278966,0.0006150309780460604,5.738684166500276e-05,7.985072309241429e-05,2.2743298309107813e-07,2.0359468861289376e-08,2.8110353910311697e-07
18,1.9147250431499998e-06,1.7751818696290347e-05,3.2417142790145564e-05,0.00020619745040205477,1.0089462922106277e-07,2.2891694590042143e-06,0.0009070265232786293,0.9583476900399324,1.4975824302410902e-06,0.00014745344135044618,5.5509167845279425e-06,1.4353429264685776e-05,0.0006483588725444654,6.1031204652709654e-05,2.6435871447961885e-06,0.03661319737227228,2.2379506651014915e-05,0.0020914128407501327,0.00015418124640006935,0.000593081374458021,5.254235300790745e-05,7.640516867539095e-05,2.166740794112204e-07,1.8637512402645543e-08,2.8802779050441526e-07
19,1.8961055399450152e-06,2.2056388397698884e-05,3.3180433429521634e-05,0.0003011596454324378,1.220630555007025e-07,2.890872526519051e-06,0.0009469721185868381,0.9524264362105501,1.844310376920467e-06,0.0001863978510923417,5.397655636086853e-06,1.674733008078653e-05,0.0007114052435376086,6.808127092285894e-05,3.4755559423306917e-06,0.042194830394432385,2.4810943733373087e-05,0.0020526760528839926,0.00016686639141852284,0.0007000137920442324,4.549433169146228e-05,8.663375795120607e-05,2.5743522874507195e-07,2.2499913409718997e-08,3.313455951725348e-07
20,2.019539822012249e-06,1.941872998815367e-05,4.37302817044043e-05,0.00022690017561573727,1.2077628584216928e-07,2.5854435035790006e-06,0.0010417537910156313,0.9426654601890953,1.4799971565540238e-06,0.00016787587939130565,5.328255350845163e-06,1.6455025259275737e-05,0.0006291188509512181,5.9651553187794775e-05,2.706416203524538e-06,0.05189328332296752,3.1297802949990394e-05,0.002247048180248982,0.00015880730365057526,0.0006614057714909869,6.0901112273125664e-05,6.200167802110797e-05,2.786766458602061e-07,2.4019883664752696e-08,3.4722733696731416e-07
21,2.2519344586352144e-06,1.803240628917704e-05,4.518662511499808e-05,0.00022359085729876314,1.0104882955736242e-07,1.8362312715686114e-06,0.0008992100296500853,0.9453395906746466,1.3242836537554152e-06,0.0001514275574152298,5.482661289417775e-06,1.7375727520716033e-05,0.0008795755020164518,6.780343047789811e-05,2.2004332437658547e-06,0.048686788896562125,2.739976217381925e-05,0.002563134441886212,0.00013846563787665408,0.00080009128931852,5.96903526696559e-05,6.887399385764317e-05,2.3321363518612724e-07,2.6354954713736638e-08,3.066538888442622e-07
22,2.158774918368309e-06,1.5358571907426406e-05,3.1892912539055597e-05,0.00019070188006426302,8.014158852367358e-08,1.9689740499401493e-06,0.0006837703266875133,0.9619340045724377,1.057455860907514e-06,0.00013584658433010837,5.258374494330707e-06,1.1922074035829076e-05,0.0006149608493077099,4.9013724824525466e-05,2.014407343204091e-06,0.03326388799250192,2.3240718896574256e-05,0.002263287402862161,0.00013129974935287186,0.0005235680580180801,4.6497980661321705e-05,6.778462308680133e-05,1.986011599251892e-07,1.4949099451873968e-08,2.1029997153706947e-07
23,1.9248220620247664e-06,1.7701962653952065e-05,3.219266889269958e-05,0.00021011595531292672,1.0055625015388008e-07,2.2884128165108853e-06,0.0008945134074589377,0.9587061868309902,1.4813062348352849e-06,0.00014706387036043461,5.516916509660066e-06,1.4126510260769134e-05,0.0006486202438283167,5.970080841174681e-05,2.6365252059935298e-06,0.03627884326679793,2.2235989420943464e-05,0.002085222127291197,0.00015340796868440243,0.0005881765136622994,5.14752707160544e-05,7.595455341703259e-05,2.1500301817277558e-07,1.841219584125622e-08,2.8009754705332975e-07
24,1.9022262554464281e-06,2.2149717110417245e-05,2.7875685959091077e-05,0.00028939466380205445,1.0505316028602327e-07,2.207182906132281e-06,0.0008778473885360907,0.9596786046107244,1.5339162560668529e-06,0.00015778619490769576,5.43268369892318e-06,1.400427571175689e-05,0.0007123946701012775,6.188879992765034e-05,2.877198649054195e-06,0.03498430735146404,2.2510189940523253e-05,0.0022509398210732484,0.00018648582213797102,0.0005680565701689057,4.869734641660206e-05,8.249254777177294e-05,2.296960341086733e-07,1.8817826633228346e-08,2.57569459758969e-07
25,1.5352822767548216e-06,1.096871659456719e-05,2.1438430797944244e-05,0.00016386189824702758,9.016702472836463e-08,1.600193259170804e-06,0.0007881457259043529,0.9690580599226677,9.418249266534172e-07,8.10588007739956e-05,5.554719228979591e-06,1.2758535669461755e-05,0.0005600437495810391,4.227669337078382e-05,1.5782742636433155e-06,0.02649202159013783,1.6722707590736943e-05,0.0020183953747128242,0.00010568734122274129,0.0005143064842328466,4.197288103907653e-05,6.0646824589898684e-05,1.495425941530046e-07,1.2749874415099164e-08,1.7156941876854698e-07
26,2.591511105488327e-06,1.969007258889777e-05,6.037862719877362e-05,0.00028384040849433275,1.6443720722053227e-07,3.0058661504116e-06,0.0009655089899962274,0.9514013523934446,2.3490688855285077e-06,0.0002241209067670762,6.197218448208178e-06,1.455957384591906e-05,0.0008111346692008838,9.202224698353815e-05,2.626085691752648e-06,0.04159002295215647,2.7274051797565342e-05,0.003196333320898317,0.0001418147298950121,0.0010173695150356708,7.098474562289525e-05,6.585958197243298e-05,4.0630054440975965e-07,3.565593506421184e-08,3.5707013349421833e-07
27,3.133324322757947e-06,2.175361454143914e-05,0.00010162566763117063,0.00022721099760754466,1.6143769235423573e-07,1.627674876629055e-06,0.0015632257648343299,0.9299136764669784,8.526847510629572e-07,0.00014602838979792954,8.614320027566794e-06,2.1379551406509187e-05,0.0009532556277646042,8.341487764658091e-05,1.557240027839949e-06,0.06165046780441736,7.880124954193592e-05,0.004077348227804542,0.00017380370912878167,0.0007415330616147435,0.0001945203424798557,3.5098202109080816e-05,4.97314880368062e-07,3.74776572507461e-08,3.749704590743782e-07
28,1.9248220620247664e-06,1.7701962653952065e-05,3.219266889269958e-05,0.00021011595531292672,1.0055625015388008e-07,2.2884128165108853e-06,0.0008945134074589377,0.9587061868309902,1.4813062348352849e-06,0.00014706387036043461,5.516916509660066e-06,1.4126510260769134e-05,0.0006486202438283167,5.970080841174681e-05,2.6365252059935298e-06,0.03627884326679793,2.2235989420943464e-05,0.002085222127291197,0.00015340796868440243,0.0005881765136622994,5.14752707160544e-05,7.595455341703259e-05,2.1500301817277558e-07,1.841219584125622e-08,2.8009754705332975e-07
29,1.9248220620247664e-06,1.7701962653952065e-05,3.219266889269958e-05,0.00021011595531292672,1.0055625015388008e-07,2.2884128165108853e-06,0.0008945134074589377,0.9587061868309902,1.4813062348352849e-06,0.00014706387036043461,5.516916509660066e-06,1.4126510260769134e-05,0.0006486202438283167,5.970080841174681e-05,2.6365252059935298e-06,0.03627884326679793,2.2235989420943464e-05,0.002085222127291197,0.00015340796868440243,0.0005881765136622994,5.14752707160544e-05,7.595455341703259e-05,2.1500301817277558e-07,1.841219584125622e-08,2.8009754705332975e-07
30,1.9248220620247664e-06,1.7701962653952065e-05,3.219266889269958e-05,0.00021011595531292672,1.0055625015388008e-07,2.2884128165108853e-06,0.0008945134074589377,0.9587061868309902,1.4813062348352849e-06,0.00014706387036043461,5.516916509660066e-06,1.4126510260769134e-05,0.0006486202438283167,5.970080841174681e-05,2.6365252059935298e-06,0.03627884326679793,2.2235989420943464e-05,0.002085222127291197,0.00015340796868440243,0.0005881765136622994,5.14752707160544e-05,7.595455341703259e-05,2.1500301817277558e-07,1.841219584125622e-08,2.8009754705332975e-07
31,1.8172843315877828e-06,0.00024165415185023296,5.848397478885732e-05,0.0070637649512897615,1.142576364737436e-05,7.471976855721459e-05,0.009768162573217989,0.7804300010054191,0.0001341620140926811,0.0021930866435791933,3.4845966056498716e-05,0.00012014314845462574,0.0038207617012776364,0.0010119640050169903,0.00029453038585616287,0.16951117368069998,6.209991243141428e-05,0.004478514793622133,0.0025799133196148833,0.01723901829211175,0.0001612933096878187,0.0006953524370018351,4.502498454093313e-06,6.646828510864658e-07,7.943736089190553e-06
32,1.9001136919344375e-06,1.790164322363098e-05,3.098453065820554e-05,0.0002151979472699282,1.0305264624179956e-07,2.3104099408422565e-06,0.0009294099246014373,0.9579201870185793,1.496501903357297e-06,0.00014630919494007218,5.607554241802163e-06,1.407063014860363e-05,0.0006575332349485994,5.8496129144165736e-05,2.803334127962785e-06,0.0369813212178505,2.240971847440415e-05,0.002104090026494895,0.00016987731144116943,0.0005859582799860876,5.341632036093769e-05,7.809833925646787e-05,2.172283601617351e-07,1.85515088624998e-08,2.817862001010895e-07
33,2.130058946224727e-06,1.60115436891273e-05,2.133343641194054e-05,0.00021756899314925008,7.991241811738532e-08,1.5109472874153739e-06,0.0008955335769531127,0.9651001812246939,8.134565544238762e-07,7.68471375936071e-05,5.966907206553044e-06,1.6805298951890155e-05,0.000750697598907079,3.73739064575365e-05,1.8709131891168332e-06,0.03024409605977565,2.3959420826256582e-05,0.001924906819210888,0.00014779648336892763,0.00038718095705572345,4.425548822745686e-05,8.274904690422206e-05,1.4188569282205154e-07,1.3753480098548553e-08,1.751730486673752e-07
34,2.939179966001951e-06,1.6540741414403088e-05,3.5113192706285215e-05,0.000208951216452347,9.854853000105452e-08,2.0787498366519334e-06,0.0009095273632924685,0.96782704670155,1.4130776482640713e-06,0.00012514155588640272,6.713457985034134e-06,1.259395793365963e-05,0.0008294053000599094,5.064141895131266e-05,2.4608639854013523e-06,0.02681490250309268,1.9511329698450456e-05,0.002346394849143535,0.0001696041005101226,0.0004760257672069878,5.69305121910737e-05,8.555787777235263e-05,1.7772987114641793e-07,1.6772454009890955e-08,2.132318617239737e-07
35,1.744637458819086e-06,1.2191305344778378e-05,2.2387331627988797e-05,0.000137186812300607,6.035920137619894e-08,1.7935326206818397e-06,0.0006852285077838352,0.9692959006457172,1.038033307607464e-06,0.00010563401842308071,4.446597935178857e-06,1.1015265502331514e-05,0.00045678272018189614,3.9586060860542595e-05,1.8264813868226774e-06,0.026876571552056208,1.6158613970624982e-05,0.001751749520955556,0.0001234769349653018,0.0003495472890153953,3.66147485511673e-05,6.873192583056442e-05,1.3310167944544854e-07,1.0176873862163467e-08,1.8382644918628537e-07
36,2.332930326848558e-06,2.0145661387173637e-05,4.131062016110128e-05,0.000245529814065593,1.5220795414971427e-07,2.632597373383013e-06,0.0010898437517666425,0.9593510996613119,1.8665278602518709e-06,0.00015836274784399295,7.164314189010585e-06,1.5820168627191804e-05,0.0007500911918257942,7.382607623454805e-05,2.883784938296489e-06,0.034706773596202056,2.4859482346336707e-05,0.0025015908832783495,0.00016914156726236014,0.0006873898549789493,7.091812626669301e-05,7.561460450648871e-05,2.8795210350359363e-07,2.5692100617275123e-08,3.36185088888009e-07
37,3.1219887795856623e-06,1.9296286397277726e-05,5.313027550360478e-05,0.0002577479241951941,1.671803855398359e-07,2.470404776806041e-06,0.0013559119614174099,0.9557510052687039,2.1719360210254707e-06,0.00015649909168859088,7.505160401993486e-06,1.844440292670642e-05,0.0010795985673590642,8.349548985691507e-05,2.430603954062985e-06,0.03664733977449411,2.567734182923608e-05,0.003350672246470526,0.00016375820004673405,0.0008575064593017459,8.125957450817395e-05,8.012139007180624e-05,3.063385182370067e-07,3.367220482818144e-08,3.2846018687855115e-07
38,1.9120511359613042e-06,1.570107143844735e-05,3.288395034908837e-05,0.00018832198550868592,7.037116671350303e-08,2.4731979799285458e-06,0.001026044533162012,0.9435144435657072,1.1545384276453286e-06,0.00014629500922424022,4.47293631729867e-06,1.2464859288000756e-05,0.0007157708200474545,4.27502082825561e-05,2.71460896645893e-06,0.0511350780869733,2.4586914037285836e-05,0.0021966441009854776,0.00018370650904937007,0.0006283889357374776,5.26865632265912e-05,7.096943757896222e-05,2.0702058130670309e-07,1.576072168698517e-08,2.4296410676826086e-07
39,1.1716172645630081e-05,0.0016358124310196893,0.0006004860985028255,0.018016490789451986,7.877637144843481e-06,2.2283806636402817e-05,0.003532446302056204,0.7938291899630079,0.00028781017916607027,0.015423882762334546,3.322653693345254e-05,7.379606487025307e-05,0.014827812418783875,0.00799712231076165,0.00010784292177657057,0.09952408513543227,0.00010174118814084503,0.019440894743279667,0.0022769453290156657,0.021245270096257676,0.00030528944715502306,0.0006779554043449409,9.098538101172698e-06,2.046855531995253e-06,8.876867648719715e-06
40,3.018900269342076e-06,1.9676905924272603e-05,4.543568833048941e-05,0.00019326954642817615,1.1883854083193732e-07,2.5321833418475464e-06,0.0009988067793021448,0.9597135045912131,1.6115787201891262e-06,0.0001392468740957424,7.768194725252159e-06,2.0989854688937732e-05,0.0007835882783953568,7.347509182796399e-05,2.9719318242687637e-06,0.035066137254783934,2.883299764563188e-05,0.0020298453276027684,0.0001320983921033949,0.0005784581336261983,6.0255646691013204e-05,9.772674078896842e-05,2.1854034474517986e-07,2.2708341445006914e-08,3.890204437267262e-07
41,2.147543565361683e-06,1.9177324958981923e-05,3.2482861410933596e-05,0.0002870170599321911,1.2477083170960735e-07,2.8129543567430406e-06,0.0008185132674361083,0.9581671205184669,1.6233264073254203e-06,0.0001631396284695679,5.7116701213008875e-06,1.4151942522046042e-05,0.0006443336960604603,5.265881222830616e-05,3.512715996829397e-06,0.036922269558154475,2.172069580780172e-05,0.001958396699072987,0.00015013371579008348,0.0006142438609667008,3.938798447908681e-05,7.881321507770152e-05,2.1545435794287734e-07,1.890605063667344e-08,2.718174776392084e-07
42,1.5393872453567527e-06,1.5259015950031867e-05,1.9650014376222906e-05,0.00016054606561970663,6.092408078654857e-08,1.92075405015464e-06,0.0006736944601868981,0.9583889290079064,9.367691674505089e-07,0.00010893000251836132,4.514449161959615e-06,1.3084234377998657e-05,0.0005388414278893504,3.4541030897143866e-05,2.6995705177918492e-06,0.03809754987973032,2.0499862479075715e-05,0.001238279356335734,0.00014547007479277598,0.0004072948223898324,3.139468662791622e-05,9.401636881901851e-05,1.1473361431824857e-07,1.1018554088684911e-08,2.2208271124153348e-07
43,1.3230928314942814e-06,1.4626283696814245e-05,2.548783745962453e-05,0.00016409496108462648,7.42707238990276e-08,2.741672685231265e-06,0.000743328479879413,0.9593115913060324,1.4896067469828056e-06,0.00017792793754001327,4.143969969188499e-06,9.624431296012149e-06,0.00048810447421719275,4.8604137523306224e-05,2.828861090452552e-06,0.036490267613636794,1.6253282185103465e-05,0.001651324454286921,0.00015756340155980274,0.0005753326824452233,4.0867400296254714e-05,7.195306717950974e-05,1.85129821049944e-07,1.3109349804008783e-08,2.48536462739874e-07
44,1.9248220620247664e-06,1.7701962653952065e-05,3.219266889269958e-05,0.00021011595531292672,1.0055625015388008e-07,2.2884128165108853e-06,0.0008945134074589377,0.9587061868309902,1.4813062348352849e-06,0.00014706387036043461,5.516916509660066e-06,1.4126510260769134e-05,0.0006486202438283167,5.970080841174681e-05,2.6365252059935298e-06,0.03627884326679793,2.2235989420943464e-05,0.002085222127291197,0.00015340796868440243,0.0005881765136622994,5.14752707160544e-05,7.595455341703259e-05,2.1500301817277558e-07,1.841219584125622e-08,2.8009754705332975e-07
45,3.716673492101079e-06,4.099695571544385e-05,0.00015738632532469893,0.00015847136236666977,1.5816129879091305e-07,1.899841432550648e-06,0.0007600070549509879,0.9378316910868082,2.5708052720090765e-06,0.0003960248575221567,9.603375417115996e-06,2.469760420540445e-05,0.001004657102759641,0.00037695222299717737,1.40724218725073e-06,0.05172128370381186,6.366665116881273e-05,0.0056568019928934605,0.0001298189753579869,0.00135432602971064,0.00022925637937033124,7.272815494399955e-05,7.96994712865394e-07,8.128868261969205e-08,9.991575971128717e-07
46,2.349744295890497e-06,1.7813210392449746e-05,2.0001927008601826e-05,0.00023734826207189526,7.903826216819216e-08,1.965226574393176e-06,0.0007642122535693774,0.9593138988253821,6.530958311333817e-07,8.011893606041174e-05,5.815998893623238e-06,1.9706805912395162e-05,0.0005689968938363509,2.9673123585796584e-05,2.5528642813907343e-06,0.036854352929560914,3.6524563006800975e-05,0.0014653796407842542,0.0001310573439503552,0.0003238034455044174,3.156656191567369e-05,9.175979750976774e-05,1.5250183317717677e-07,1.1908284702660553e-08,2.0510169191351934e-07
47,2.125052468071309e-06,1.93401290573483e-05,2.360823507245817e-05,0.00015918165937285319,7.016801170772349e-08,1.9695224881852116e-06,0.0008592404561606149,0.9565316495940105,1.1200457089922337e-06,0.0001121760525505273,5.385963181835689e-06,1.7654040417666014e-05,0.0007354523077705913,4.1855010435123636e-05,2.4750528603664014e-06,0.039157964281733265,2.2331509065299334e-05,0.0015535173589389726,0.00013904585912832593,0.00046823494948737456,3.519818759553917e-05,0.00011001380056658837,1.2133016094249408e-07,1.4233335647565746e-08,2.552004212684269e-07
48,3.894693199412913e-06,1.7400608601773886e-05,0.0007451819683219849,0.0002496302427660678,1.9046864615245593e-06,8.53811527210946e-06,0.0022767404269167695,0.8644426699658216,2.114619589337545e-05,0.0006313146353152735,2.256518517458216e-05,4.433900399990879e-05,0.002038471770945682,0.0007201234405702308,6.933621881029622e-06,0.10665586906177639,2.706054561278664e-05,0.005710339881659026,8.800027081846115e-05,0.015906285892424817,0.00032384940784434605,5.1392996766352175e-05,1.5565316456421054e-06,5.566215679987201e-07,4.234228742666592e-06
49,2.0574047355784883e-06,1.6794993743236973e-05,3.666921770875285e-05,0.00019611527687425195,1.0194633498960892e-07,2.4503801160189894e-06,0.0008349562987837291,0.9580083887991975,1.4616536953691945e-06,0.0001465950309047272,5.838829568743131e-06,1.5778969447903885e-05,0.0006546842758070061,6.277114545835519e-05,2.525524984939515e-06,0.037070258028086896,2.3263236335333266e-05,0.002016549655303851,0.00012114917219705512,0.0006564370622558657,4.8164164286626e-05,7.645118413422716e-05,2.1462876211126261e-07,1.947349018438766e-08,3.0364778689943767e-07
50,1.9294774735579387e-06,1.7728290340344472e-05,3.2298989481728806e-05,0.00021068869989372278,1.0092867528127409e-07,2.291191717957453e-06,0.0008942705135796745,0.9586407677066507,1.4820464439711548e-06,0.00014712234978769056,5.530191916030696e-06,1.4163319650183358e-05,0.000648868052336692,5.9819766263965424e-05,2.6405410515333054e-06,0.03633833972064183,2.2320614864257263e-05,0.002088842219297295,0.00015321991262048148,0.0005896259396227622,5.154356278238268e-05,7.589082122045066e-05,2.1584480328538463e-07,1.8485719514462488e-08,2.8081316436132925e-07
51,2.715738618797371e-06,8.47962414878943e-06,0.00010287444944970439,9.168482776484413e-05,2.102916988626193e-07,4.108658479158788e-06,0.002660283144300347,0.9123757176114193,2.670846062381883e-06,0.00013840736001576975,7.787264649702115e-06,2.379810218846972e-05,0.0007352160300760307,7.930932102726182e-05,2.3059661233093805e-06,0.07899362464148804,3.707371422667173e-05,0.003071383548583433,0.00012955220499048177,0.0013250425367765887,0.00015960460653850013,4.68590804492593e-05,5.176670283480239e-07,5.1844701779669515e-08,7.209191940945033e-07
52,1.8091432474186467e-06,1.663908469060576e-05,2.990023577706775e-05,0.00020848732552552297,8.826643207600215e-08,2.289410439923604e-06,0.0008073660265138943,0.9597333650888895,1.4524562078204343e-06,0.00015643764711408738,5.023244916293179e-06,1.2172766622932073e-05,0.0006339830542546498,5.5566073470134385e-05,2.6193919621371936e-06,0.03533164906226809,1.949793715702748e-05,0.002109345761234166,0.00015505510734882655,0.0005969180755644521,4.5382116556458455e-05,7.449044095192841e-05,2.0022365436095258e-07,1.6271231337085604e-08,2.457879694008379e-07
53,1.9604668650796746e-06,1.8029645623950507e-05,3.257559415716299e-05,0.00021482504803302225,1.0092294677505526e-07,2.279308615203001e-06,0.0008671544610146194,0.9587142782656684,1.4784505306286166e-06,0.00015103352102160348,5.5673917367640685e-06,1.3929312343613244e-05,0.0006615200692018907,5.965223885342885e-05,2.6692114623917075e-06,0.03625279732596917,2.2277659254047674e-05,0.002099494582534541,0.0001557983548146002,0.0005940896633862372,5.110529942514942e-05,7.68723639205619e-05,2.1426591919709627e-07,1.8586325030298282e-08,2.779903769412769e-07
54,3.439979779821056e-06,1.2811957580166062e-05,3.1377661700467004e-05,0.0002878233895591717,1.0827390404684245e-07,2.0224650681881764e-06,0.0008800773016144344,0.9760184104348908,9.987683763656374e-07,8.859637442470031e-05,7.495958232941089e-06,9.971540759048407e-06,0.0008246241971168197,3.9641073972092085e-05,1.5353278447985502e-06,0.01763581936097216,2.090054147740937e-05,0.0034437940819866744,0.00014393147740938554,0.0004233616522165465,6.1934224985857e-05,6.0953100824573724e-05,2.455846459753541e-07,1.4597321579902136e-08,1.1067333580847119e-07
55,2.0933661647325236e-06,1.8350476862556402e-05,3.4499773656663076e-05,0.00022538661943975432,1.226073820740734e-07,2.343388135994509e-06,0.001087472540251998,0.9569176655179009,1.6570564255140133e-06,0.00013540187717337221,6.130816690604491e-06,1.7485550302122514e-05,0.0007294188486891598,6.434530962616644e-05,2.62519796708983e-06,0.037547266140928764,2.340792827814081e-05,0.00226205368761554,0.0001528588035750279,0.0006344495051820955,5.6041148816113554e-05,7.836998157240372e-05,2.256195840962116e-07,2.1972408117990294e-08,3.062653708552906e-07
56,2.011050802328323e-06,1.7788323874785043e-05,3.2354172178399456e-05,0.00021057319645396706,1.0081432146242716e-07,2.269778461912851e-06,0.000912033684634315,0.9593643382093746,1.4877084457126357e-06,0.00014410675503310284,5.689497386446051e-06,1.4431065229365745e-05,0.0006805156582675178,5.9922436060879564e-05,2.6314497025875436e-06,0.03553787410689206,2.227289179160513e-05,0.0021148380244302403,0.0001553990161461769,0.0005876050089314734,5.238264592485511e-05,7.88646619422035e-05,2.1274458316676767e-07,1.8683011731260182e-08,2.784161192287699e-07
57,2.035983288181322e-06,1.2070588881226004e-05,3.7221711435599236e-05,0.0002592339096274066,1.185283924577991e-07,4.49486131154753e-06,0.00047886474746565276,0.9782502710277953,2.0033029749756557e-06,0.0001977152912314631,4.43934139584365e-06,8.717470978704795e-06,0.00023698686518998125,7.623564733793894e-05,2.226353306032159e-06,0.01755235930122133,1.765476585648679e-05,0.0022260175921283076,4.764773032118651e-05,0.0005154506928767576,2.54331676075459e-05,4.2126399071688025e-05,4.337425634261161e-07,1.3007396363495291e-08,2.2797034472461403e-07
58,2.1437094993775155e-06,1.9998952907684015e-05,3.792565662103787e-05,0.00024271752404251429,1.341727207274981e-07,2.5519958579785822e-06,0.0010509944110035903,0.9546071276231914,1.8549116432305783e-06,0.00016214048737185779,6.444681351843976e-06,1.6208078546517758e-05,0.0007823540537257786,7.1868709571711e-05,3.058462727742565e-06,0.039535707125947644,2.4440348046497e-05,0.002367481941879056,0.00017267320471971043,0.0007463734948584263,6.258599531886504e-05,8.258657605446799e-05,2.6355008293293594e-07,2.5326950829443183e-08,3.390053585006135e-07
59,2.1043107967484084e-06,1.9683383452061096e-05,4.074871828492547e-05,0.00022993100600297495,1.2649420663444467e-07,2.5227150673248767e-06,0.0009774892079178268,0.953302800063187,1.8163783844222451e-06,0.00017218685198601744,6.091167757271598e-06,1.5774813242570652e-05,0.0007486016931377673,7.346785955611156e-05,2.89761022847925e-06,0.04102502957733634,2.471510215001115e-05,0.002300986235517837,0.00015905460306605865,0.0007535410122343874,6.13210249176085e-05,7.847526447100294e-05,2.622534450467487e-07,2.532349454713296e-08,3.473301590994207e-07
60,1.9248220620247664e-06,1.7701962653952065e-05,3.219266889269958e-05,0.00021011595531292672,1.0055625015388008e-07,2.2884128165108853e-06,0.0008945134074589377,0.9587061868309902,1.4813062348352849e-06,0.00014706387036043461,5.516916509660066e-06,1.4126510260769134e-05,0.0006486202438283167,5.970080841174681e-05,2.6365252059935298e-06,0.03627884326679793,2.2235989420943464e-05,0.002085222127291197,0.00015340796868440243,0.0005881765136622994,5.14752707160544e-05,7.595455341703259e-05,2.1500301817277558e-07,1.841219584125622e-08,2.8009754705332975e-07
61,2.151979904066649e-06,1.9055887662506003e-05,4.227261963339483e-05,0.00021954712902263465,1.26585137141528e-07,2.5011951987329334e-06,0.0009524100076149712,0.9555849357800685,1.8431199756483314e-06,0.00017307103741200084,6.124452963792636e-06,1.532389652843239e-05,0.0007162905734486971,7.472814802995592e-05,2.77693968708148e-06,0.0388343763685582,2.414978813884392e-05,0.0023130630386145996,0.00015354442508782725,0.0007228099548510889,6.250306850969521e-05,7.575839259632069e-05,2.6382055141158144e-07,2.5082525116933766e-08,3.4670827936332474e-07
62,1.9248220620247664e-06,1.7701962653952065e-05,3.219266889269958e-05,0.00021011595531292672,1.0055625015388008e-07,2.2884128165108853e-06,0.0008945134074589377,0.9587061868309902,1.4813062348352849e-06,0.00014706387036043461,5.516916509660066e-06,1.4126510260769134e-05,0.0006486202438283167,5.970080841174681e-05,2.6365252059935298e-06,0.03627884326679793,2.2235989420943464e-05,0.002085222127291197,0.00015340796868440243,0.0005881765136622994,5.14752707160544e-05,7.595455341703259e-05,2.1500301817277558e-07,1.841219584125622e-08,2.8009754705332975e-07
63,1.930787359470648e-06,1.8929427955893106e-05,3.125698035480548e-05,0.00021232585521873301,1.0001425374186261e-07,2.2741838397244123e-06,0.000883380988573237,0.9583157597188182,1.4811672016016539e-06,0.00014964768300779663,5.578847733457232e-06,1.4419542098289766e-05,0.0006494016317961761,5.984881853756103e-05,2.7236288240559355e-06,0.03671862579277987,2.2911871188652575e-05,0.002045590904198241,0.0001613707730986148,0.0005710568549538927,5.149296048215599e-05,7.937085313495445e-05,2.1428448464164474e-07,1.8603177707158854e-08,2.878269285932516e-07
64,2.057554306892359e-06,1.8142004876030854e-05,3.6430216715658645e-05,0.0002002548335609684,1.1373896710800196e-07,2.245850657782915e-06,0.0010228476030964282,0.9572657701351969,1.5733659750471384e-06,0.00014734957318962225,6.124206441458549e-06,1.486459129638988e-05,0.0007079340781988448,6.697113022841905e-05,2.570627141720027e-06,0.037244552307695064,2.4650184336336146e-05,0.0022961057234267453,0.00016974728391822222,0.0006253882488122101,6.748464273451793e-05,7.624556476333279e-05,2.438718239693115e-07,2.155149661035431e-08,3.111111436020447e-07
65,1.955340448268705e-06,2.840016230424463e-05,6.772556381613886e-05,0.00019126315361238827,1.2825614142109784e-07,2.0333897775580536e-06,0.0009119907864151268,0.9425350264602297,4.351656663601269e-06,0.00035650490471003513,4.998730901915245e-06,1.7354494678286418e-05,0.0011418193212673921,0.0001922938043710724,2.722645390572246e-06,0.05030902319103714,1.7509475069665435e-05,0.002466089035745761,0.00014044781302979998,0.0014341306764865235,6.874002531174758e-05,0.00010454941168865565,2.4988101920021366e-07,4.9559302136217513e-08,6.422605815736429e-07
66,1.788301604587088e-06,2.1415975684138728e-05,2.7002583527608774e-05,0.000249266480321633,1.2236047294147898e-07,2.9234709333886797e-06,0.0009427312686695751,0.9620166855567971,1.773367282500052e-06,0.0001546888186719542,5.934271255745622e-06,1.570097604276276e-05,0.00047923533954992925,6.864075777807428e-05,3.4105187311161317e-06,0.0331721557550593,2.5872982514464185e-05,0.0020158657614166202,0.00018663914572648508,0.0004698263531699258,5.577148256356842e-05,8.188558235442703e-05,2.970471509567256e-07,1.8971358989510612e-08,3.4687136226293226e-07
67,1.6351681520025325e-06,1.7307422669371144e-05,1.609921887085888e-05,0.00014186930885281445,8.545109324874152e-08,2.1604596689233457e-06,0.0008904557009437607,0.9745956242720769,1.5138280431648917e-06,9.74661313967436e-05,5.561282106677598e-06,1.5891905888015657e-05,0.00038022891170809723,4.447673423076607e-05,2.7659069145067527e-06,0.022056594906796952,1.6110397906392992e-05,0.0011901703415609093,0.00015672399783817176,0.00022877502110367628,3.45339624173453e-05,0.00010356440830382266,1.1288976998142773e-07,9.762803044117893e-09,2.626088839977918e-07
68,1.451804634146846e-06,1.0114008948497557e-05,8.425954137634198e-06,0.00010049136553223893,3.3019963813115146e-08,1.1077595663622521e-06,0.0005113370575345045,0.9808782597341872,4.023073837489989e-07,4.8861504612146825e-05,4.203953880041501e-06,6.925615896635483e-06,0.0002956804587589636,1.5112518501822265e-05,1.4669463342266614e-06,0.01657491303493612,1.4457285699627334e-05,0.0011471968159675024,0.0001627336353367815,0.00011817714661002955,2.8509079849180183e-05,6.998484347386772e-05,6.781961578798252e-08,3.5731399689786487e-09,8.275549905849575e-08
69,1.6456773619523578e-06,1.4189932245742746e-05,4.4249792239224516e-05,0.00016234412191062122,9.233174270982986e-08,2.090088353394173e-06,0.0008584492433665348,0.9519509072207918,1.648989829233833e-06,0.00017496950901147755,5.005087091527815e-06,1.2758252829246312e-05,0.0007219711224902115,8.07531240119078e-05,2.1098959516183922e-06,0.0422285310945712,1.900839504038913e-05,0.0025049342917573417,0.0001223087022230868,0.0009686277166547528,6.155784996933024e-05,6.126915596347988e-05,2.3810415032724984e-07,2.2560286918086898e-08,3.1774015592775595e-07
70,1.6676431053851767e-06,1.6710114221632912e-05,2.8221630120589837e-05,0.00016298228332514356,7.710908407121646e-08,2.0854229757495187e-06,0.0008230754378846574,0.9557421349697524,1.2614325101030808e-06,0.00014418681146099888,4.826451358110474e-06,1.2856835182711444e-05,0.0005544800270010822,5.210739008169348e-05,2.439924338670578e-06,0.03969417501428456,2.205620959312222e-05,0.0019308501552271237,0.00016291668553897063,0.0005175308357235942,4.96118146870744e-05,7.326998956487945e-05,1.886771199992557e-07,1.540809853828833e-08,2.717277590358042e-07
