,0,1,2,3,4,5,6,7,8,9,10,11,12,13,14,15,16,17,18,19,20,21,22,23,24
0,0.9797603938179574,3.777529019647735e-06,0.014514217519386807,4.5126180964811235e-09,1.2294909563057027e-06,2.3051075726583984e-06,3.80506170683032e-05,2.407974179176955e-07,0.0005450742400931267,7.59013870458444e-08,5.8260749374976606e-08,2.1568411173790797e-06,5.226587161243695e-06,1.5812797841238835e-10,1.842713279107712e-09,2.594835603799177e-08,3.1923522602503325e-08,4.390521088608727e-05,0.004726630585530285,9.794696832294378e-10,2.2930940798895575e-07,1.7435535018629014e-09,2.104016023209276e-09,0.00035565458881789793,7.043830932941275e-07
1,0.9787702925506594,3.229643565158584e-06,0.019040804089956547,5.830315968713489e-09,6.136373006961084e-07,1.2373647848243354e-06,4.452186014106412e-05,1.4940222640072555e-07,0.0002626962910888156,1.3051510829592533e-07,2.6720254015406138e-08,2.0004761141732302e-06,2.402332151191858e-06,1.5714847831364715e-10,6.725795761902353e-10,1.1680700215614464e-08,1.4540526832951298e-08,4.456684148752568e-05,0.0016034973614063388,6.100844273458404e-10,1.815417496260027e-07,9.42585359282003e-10,2.6353972470781294e-09,0.00022275877394094658,8.535287268283278e-07
2,0.9847074423206492,3.170602681797022e-06,0.013726100282984523,4.8083864046340725e-09,8.648463937159163e-07,1.0148501903276562e-06,4.2397158600885376e-05,1.2363777592295213e-07,0.00020582160237404284,1.0693286002791141e-07,2.6817579953850562e-08,1.63906713583496e-06,2.2557739625235886e-06,1.9920930077141177e-10,6.653868325289531e-10,8.89029805486849e-09,1.723430880776928e-08,4.299354915502809e-05,0.0011035054460719446,6.964570885511042e-10,1.2758356558244873e-07,7.600329238588617e-10,2.7708949959414777e-09,0.0001613200893538866,1.0534136902635844e-06
3,0.9810605231543369,3.1783797157821842e-06,0.01707726600588789,6.2857092449209075e-09,7.093884024680348e-07,1.1768162110651232e-06,4.60313718814458e-05,1.4705013578041433e-07,0.0002213348276222923,1.2874271505329044e-07,3.016575613876257e-08,1.986309561373348e-06,2.2644514841392364e-06,1.9973345327051757e-10,6.253488277704289e-10,9.722410578198632e-09,1.7324115647900693e-08,4.812971077138763e-05,0.0013266282199696432,6.717612801012571e-10,1.7669031505360102e-07,9.228243101576104e-10,3.3057251172346236e-09,0.00020924982577158035,9.998318336287065e-07
4,0.9820818597365584,3.109079354043532e-06,0.016083778309484865,6.312235377203295e-09,7.262058752108232e-07,1.155607997953797e-06,4.4613734556169615e-05,1.416506717901666e-07,0.000219685294095556,1.2433345198080468e-07,3.013582607273832e-08,2.0740661837748005e-06,2.543316841472926e-06,2.0759201861680885e-10,6.121851139375004e-10,9.645590089620805e-09,1.896811799278516e-08,4.9226547213588664e-05,0.0012991949464716715,7.025946143624181e-10,1.8034782430146428e-07,9.47918669050483e-10,3.3355288538754508e-09,0.00021048435403410928,1.031601796371934e-06
5,0.9821591600639519,2.8752029958307644e-06,0.0161679195911551,6.93735936517821e-09,6.221937360362331e-07,1.0925606215929005e-06,4.242001876747573e-05,1.3696773449860253e-07,0.00020615447518266509,1.252603698469668e-07,2.8608949713574547e-08,2.077028997476609e-06,2.281388875887089e-06,2.010408394011355e-10,5.539018000951562e-10,8.863433302007462e-09,1.740943237876542e-08,5.309581098342744e-05,0.0011483418563978177,6.479260474987967e-10,1.7923142770285366e-07,9.3248758627937e-10,3.368218982061467e-09,0.0002124303430022287,1.02048305036022e-06
6,0.9810605231543369,3.1783797157821842e-06,0.01707726600588789,6.2857092449209075e-09,7.093884024680348e-07,1.1768162110651232e-06,4.60313718814458e-05,1.4705013578041433e-07,0.0002213348276222923,1.2874271505329044e-07,3.016575613876257e-08,1.986309561373348e-06,2.2644514841392364e-06,1.9973345327051757e-10,6.253488277704289e-10,9.722410578198632e-09,1.7324115647900693e-08,4.812971077138763e-05,0.0013266282199696432,6.717612801012571e-10,1.7669031505360102e-07,9.228243101576104e-10,3.3057251172346236e-09,0.00020924982577158035,9.998318336287065e-07
7,0.9812889020424841,9.867443015868995e-06,0.014780850544990239,2.7440229257072693e-08,1.859021177991986e-06,3.091479463009627e-06,8.098913280744667e-05,3.86697759943765e-07,0.0010037653012059773,2.340141477043505e-07,8.235499419598924e-08,5.925643026217224e-06,3.366177559120163e-06,8.344105646416644e-10,3.73342490546512e-09,3.526983146614469e-08,6.826949032724332e-08,0.00013459158526230331,0.00241396367964107,1.717812480473742e-09,8.91085629326406e-07,6.370778643753892e-09,7.889284319016072e-09,0.0002680397618450806,3.042509728414646e-06
8,0.9772916405232327,3.5291191950528693e-06,0.02131246226637534,7.407177387176469e-09,7.081499372692266e-07,1.0128773329332325e-06,5.3579912065904094e-05,1.2394615105434765e-07,0.00016099684667437555,1.6261712914039685e-07,2.585357165488078e-08,1.9176039537076184e-06,1.898529038089193e-06,2.134555056966766e-10,4.506065940202693e-10,7.523052109337024e-09,1.379311943770846e-08,3.850407193500931e-05,0.0009245360484239315,7.674696089730079e-10,1.5379759788957346e-07,6.299516654592033e-10,4.765943820440753e-09,0.00020762076488743404,1.0915217226275424e-06
9,0.9723121502925609,4.17029509107614e-06,0.025970620018081148,1.0237130588462043e-08,6.105529748994766e-07,1.2131074720037287e-06,5.7472217751759645e-05,1.3798822066078674e-07,0.00022155689864977905,1.9557699411273176e-07,2.6644514102392193e-08,2.4104013649337044e-06,2.158879765826884e-06,2.0164979743289373e-10,5.398195795242855e-10,9.410912308219744e-09,1.4293740480103896e-08,4.495322411867093e-05,0.001125380096018307,7.864722550284075e-10,2.3159322015882556e-07,8.467912160655539e-10,4.80776313538337e-09,0.00025554390780274666,1.1271811196815983e-06
10,0.9810605231543369,3.1783797157821842e-06,0.01707726600588789,6.2857092449209075e-09,7.093884024680348e-07,1.1768162110651232e-06,4.60313718814458e-05,1.4705013578041433e-07,0.0002213348276222923,1.2874271505329044e-07,3.016575613876257e-08,1.986309561373348e-06,2.2644514841392364e-06,1.9973345327051757e-10,6.253488277704289e-10,9.722410578198632e-09,1.7324115647900693e-08,4.812971077138763e-05,0.0013266282199696432,6.717612801012571e-10,1.7669031505360102e-07,9.228243101576104e-10,3.3057251172346236e-09,0.00020924982577158035,9.998318336287065e-07
11,0.9812626836231887,3.1698943247491825e-06,0.016853884086009744,6.417096576175902e-09,7.398246299365344e-07,1.183897348893682e-06,4.651970375052491e-05,1.4775327378060243e-07,0.00022236156493316052,1.293958216653993e-07,3.086441643498541e-08,2.0778101375832483e-06,2.5355723861577225e-06,2.0529494063060244e-10,6.306177369318188e-10,1.0062719074686019e-08,1.8548856690200605e-08,4.87508334511405e-05,0.0013370814935450058,7.196163494369323e-10,1.8181970724345145e-07,9.473880180476592e-10,3.418440416780445e-09,0.0002174600270939434,1.0208859515689544e-06
12,0.988648689212284,2.78888972521152e-06,0.010303156020036227,4.768438131914486e-09,8.675149269992939e-07,9.89311943432915e-07,3.307735327416993e-05,7.946717498778796e-08,0.00015475383109029924,1.0638552776580052e-07,1.9082311914901788e-08,1.336259081036454e-06,2.230297838463759e-06,2.646083030270394e-10,3.9709821572406476e-10,5.5311647155854215e-09,2.3973685902209152e-08,5.126995509591888e-05,0.0006825935535715902,6.452551244996479e-10,1.4600018538967207e-07,6.109405447712144e-10,3.1695898005309713e-09,0.0001164138616935396,1.4436434579369567e-06
13,0.9757733421489081,3.3401536672362226e-06,0.021672848364776055,1.0977365866680495e-08,1.0719171185317604e-06,1.5204948060662563e-06,7.005308292056871e-05,3.361182233444887e-07,0.00026962237037650736,1.3052121096257118e-07,9.292680009678278e-08,4.078626062913347e-06,3.4150910030720768e-06,4.265925751357595e-10,9.1097609766486e-10,1.451453116813861e-08,2.916026667556182e-08,6.513899008863197e-05,0.0017871815361184128,1.0739964005837954e-09,2.7190726133645167e-07,1.754949767270923e-09,6.616706075630056e-09,0.00034634822285912743,1.1420924144014121e-06
14,0.9849838462444378,4.948840878443019e-06,0.012888891643558794,6.752459483838218e-09,1.0891684015503448e-06,1.13240597529934e-06,6.210217703675653e-05,1.8680961870044527e-07,0.00022796180161856902,1.7821217431492614e-07,3.8131005604685476e-08,2.3493057612855104e-06,2.0952576713299138e-06,3.412284929810467e-10,7.331118432511129e-10,1.162305198398609e-08,1.691644979808495e-08,4.7891761128355125e-05,0.0015653887562587078,9.433861045306855e-10,1.7038159840400888e-07,1.0023574296747097e-09,4.369660801684683e-09,0.00021058203910494805,1.1043820652491764e-06
15,0.9810605231543369,3.1783797157821842e-06,0.01707726600588789,6.2857092449209075e-09,7.093884024680348e-07,1.1768162110651232e-06,4.60313718814458e-05,1.4705013578041433e-07,0.0002213348276222923,1.2874271505329044e-07,3.016575613876257e-08,1.986309561373348e-06,2.2644514841392364e-06,1.9973345327051757e-10,6.253488277704289e-10,9.722410578198632e-09,1.7324115647900693e-08,4.812971077138763e-05,0.0013266282199696432,6.717612801012571e-10,1.7669031505360102e-07,9.228243101576104e-10,3.3057251172346236e-09,0.00020924982577158035,9.998318336287065e-07
16,0.9809094305531316,3.7329423722476723e-06,0.016918890112562146,8.355251512019111e-09,6.625398345953607e-07,1.1779818916815903e-06,5.153666306736425e-05,1.930854018967274e-07,0.00023986145085966139,1.7241757605243849e-07,3.132875916341309e-08,2.863168199177856e-06,2.754304990679625e-06,2.572687780292641e-10,6.695611716288473e-10,1.2474723961651763e-08,2.0254726063895315e-08,5.6709861354875774e-05,0.0015798935383323645,8.121849303237599e-10,2.459783787234887e-07,1.3301111514328185e-09,3.937397165579387e-09,0.00023071158988138103,1.0843921815850362e-06
17,0.9842498078125931,3.199900761095717e-06,0.014068076704555402,7.501310172803924e-09,9.633717341564732e-07,1.0897193776897178e-06,5.148842439518563e-05,1.6363958755687814e-07,0.00018713000776125467,1.476272635595951e-07,3.5887329659720364e-08,2.425562990088219e-06,3.071790249255064e-06,3.0254726540856433e-10,5.830012213724098e-10,9.507035553820176e-09,3.0212787215817876e-08,5.9154098943510045e-05,0.0011612562185652974,9.805630272429682e-10,2.152026352624815e-07,1.1751980511901386e-09,5.207615843941856e-09,0.000210373831220169,1.3447299795212112e-06
18,0.9868438896312397,2.3992495693451993e-06,0.011958822839025494,5.033062730619871e-09,7.302168653814594e-07,9.322262665533965e-07,3.7022751552385706e-05,1.0563623808143885e-07,0.00015268676946698302,1.1492577659066473e-07,2.1842218645252078e-08,1.646915317449272e-06,2.4925154231686667e-06,2.3649801463545495e-10,4.4410625167930307e-10,6.7905364603674365e-09,2.2556846798764247e-08,5.513769927052714e-05,0.0008060231833916986,6.481831462027901e-10,1.4683017867171633e-07,7.586126327969644e-10,3.1946412724352153e-09,0.00013648178788315014,1.3053178289955582e-06
19,0.9766433775349626,3.7222335761099753e-06,0.02139744540315181,8.735585797761667e-09,6.805870779672572e-07,1.098891464173059e-06,6.127847527120833e-05,1.7705337138833884e-07,0.00026020058114977054,1.568030743425383e-07,3.0756139396038165e-08,2.799672840980713e-06,2.5155163880753733e-06,2.039531952281281e-10,6.5855866602413e-10,1.17809234919891e-08,1.6207083978167836e-08,4.8095164371313726e-05,0.0013438301150951219,7.305308928821861e-10,2.1313834371280256e-07,1.0912945102074555e-09,3.723488914689076e-09,0.00023330660159334707,1.0283407090145899e-06
20,0.9763105545217939,3.5269391357688914e-06,0.021160187162821212,8.769428402912207e-09,6.759729031354692e-07,1.3893565339230465e-06,5.569467406127892e-05,2.696880625193474e-07,0.000277443263426706,1.5708595331607982e-07,4.32027112623861e-08,2.766616612966555e-06,2.445390266965357e-06,2.3358496166961925e-10,1.022952062004126e-09,1.5148531605614666e-08,1.9894246954241036e-08,5.919310711567045e-05,0.0018751480441449662,7.994320828210245e-10,2.2757544902605054e-07,1.6037210471593266e-09,3.6713579413851677e-09,0.00024921755187561057,1.008703876593746e-06
21,0.9826748816703625,3.408332967209745e-06,0.015506512371652272,6.729196925788992e-09,6.014509197879502e-07,9.88780968420934e-07,4.589712195368923e-05,1.512143070292323e-07,0.00024138832692177146,1.3149752576620893e-07,2.5872863529120596e-08,2.3644490266846706e-06,2.2759075890742225e-06,2.0622401933156502e-10,5.634125854929634e-10,1.100626356423267e-08,1.3276997929995908e-08,4.934158936639252e-05,0.0012695137270192231,6.158056386374046e-10,1.834184381733464e-07,9.17327649622818e-10,2.5438334676610445e-09,0.00020143732845857984,8.610805981718667e-07
22,0.983767565914784,2.125808778366961e-06,0.014757718661846293,4.95776557428704e-09,5.836701680375257e-07,1.0651693649731138e-06,3.0423104847270355e-05,1.2071093600847476e-07,0.0001804376834822348,9.650445847599741e-08,2.7052437276149946e-08,1.4362954014420613e-06,2.04167574822483e-06,1.624946378768709e-10,5.451019754404035e-10,7.938189058509968e-09,1.905784914426342e-08,5.493762951560606e-05,0.001021215033025167,5.642144861104749e-10,1.4671370902428491e-07,8.862702381442541e-10,2.632534735891148e-09,0.00017909451037776897,9.27116699834505e-07
23,0.9810605231543369,3.1783797157821842e-06,0.01707726600588789,6.2857092449209075e-09,7.093884024680348e-07,1.1768162110651232e-06,4.60313718814458e-05,1.4705013578041433e-07,0.0002213348276222923,1.2874271505329044e-07,3.016575613876257e-08,1.986309561373348e-06,2.2644514841392364e-06,1.9973345327051757e-10,6.253488277704289e-10,9.722410578198632e-09,1.7324115647900693e-08,4.812971077138763e-05,0.0013266282199696432,6.717612801012571e-10,1.7669031505360102e-07,9.228243101576104e-10,3.3057251172346236e-09,0.00020924982577158035,9.998318336287065e-07
24,0.9839151109064513,3.4350724883842036e-06,0.01436438173235821,6.5218258443682545e-09,7.145042492504161e-07,1.017712373895143e-06,4.533753953305869e-05,1.44209542706701e-07,0.00019746776388489403,1.36608621882076e-07,2.7649278198202663e-08,2.1467958209837513e-06,2.297192530233514e-06,2.398101618246387e-10,5.511860247707977e-10,8.904574087207335e-09,1.7839162218466348e-08,4.8826746751237374e-05,0.0012239253183324065,7.328771245820919e-10,1.7572742642910367e-07,9.160408498035126e-10,3.5197320247874684e-09,0.00019377337919352042,1.041915955267299e-06
25,0.9761508696587093,3.7484984574377763e-06,0.02131520998319725,1.102246827828734e-08,9.656536681243404e-07,1.3872821555673865e-06,7.966676130753285e-05,3.8604277996771286e-07,0.00025050862398806004,1.7294734372517108e-07,7.055035756316938e-08,3.435044751642224e-06,2.4679973902462685e-06,3.981816017306527e-10,8.31711176703851e-10,1.5294588843735554e-08,2.1409379145633265e-08,6.313141947671584e-05,0.0018210793789974256,1.005944036047806e-09,2.5716980348378095e-07,1.549118258521733e-09,5.653810288417757e-09,0.00030561258875571397,9.732336584532598e-07
26,0.9845936143298156,2.0018331718692237e-06,0.01399718859041052,4.0175121902897135e-09,5.771413112887159e-07,9.189649403491948e-07,2.6365215815311937e-05,6.723996663167365e-08,0.00016001315491869525,8.05597690632217e-08,2.1521720921726072e-08,1.2042233322977308e-06,2.2917915965599627e-06,1.0531220825314319e-10,3.328589354815814e-10,5.5780108494800604e-09,1.534780322927506e-08,4.016967563964491e-05,0.0009333803954989329,5.454372390035057e-10,1.2456378090024573e-07,5.415539024962675e-10,2.814166931351861e-09,0.00024120030596192887,7.512096939612717e-07
27,0.980399017950947,3.2118112514277205e-06,0.01747865410396579,6.9744162311196005e-09,6.805742986579848e-07,1.2647312136909154e-06,4.573499803043641e-05,1.7949903420147619e-07,0.0002475684209842597,1.308992764248858e-07,3.476985573522078e-08,2.1848074320959956e-06,2.290531527422332e-06,2.082663515116277e-10,7.546009760324355e-10,1.1159834634895505e-08,1.9228404887453685e-08,5.368842777022136e-05,0.0015387660641590537,6.942868026121318e-10,1.9732468981546544e-07,1.2114566927559032e-09,3.3689162170754815e-09,0.00022536411549182913,9.873698890968476e-07
28,0.9810605231543369,3.1783797157821842e-06,0.01707726600588789,6.2857092449209075e-09,7.093884024680348e-07,1.1768162110651232e-06,4.60313718814458e-05,1.4705013578041433e-07,0.0002213348276222923,1.2874271505329044e-07,3.016575613876257e-08,1.986309561373348e-06,2.2644514841392364e-06,1.9973345327051757e-10,6.253488277704289e-10,9.722410578198632e-09,1.7324115647900693e-08,4.812971077138763e-05,0.0013266282199696432,6.717612801012571e-10,1.7669031505360102e-07,9.228243101576104e-10,3.3057251172346236e-09,0.00020924982577158035,9.998318336287065e-07
29,0.9810605231543369,3.1783797157821842e-06,0.01707726600588789,6.2857092449209075e-09,7.093884024680348e-07,1.1768162110651232e-06,4.60313718814458e-05,1.4705013578041433e-07,0.0002213348276222923,1.2874271505329044e-07,3.016575613876257e-08,1.986309561373348e-06,2.2644514841392364e-06,1.9973345327051757e-10,6.253488277704289e-10,9.722410578198632e-09,1.7324115647900693e-08,4.812971077138763e-05,0.0013266282199696432,6.717612801012571e-10,1.7669031505360102e-07,9.228243101576104e-10,3.3057251172346236e-09,0.00020924982577158035,9.998318336287065e-07
30,0.9810605231543369,3.1783797157821842e-06,0.01707726600588789,6.2857092449209075e-09,7.093884024680348e-07,1.1768162110651232e-06,4.60313718814458e-05,1.4705013578041433e-07,0.0002213348276222923,1.2874271505329044e-07,3.016575613876257e-08,1.986309561373348e-06,2.2644514841392364e-06,1.9973345327051757e-10,6.253488277704289e-10,9.722410578198632e-09,1.7324115647900693e-08,4.812971077138763e-05,0.0013266282199696432,6.717612801012571e-10,1.7669031505360102e-07,9.228243101576104e-10,3.3057251172346236e-09,0.00020924982577158035,9.998318336287065e-07
31,0.9810782439125084,4.89755338360827e-06,0.01581554029622366,9.446967608229692e-09,1.254728486108742e-06,2.3192202488898826e-06,4.6511049630047646e-05,1.0957613191885257e-07,0.0005801284479125256,1.0933703223820011e-07,5.9443465772248605e-08,3.0142302470714506e-06,3.4111219514796684e-06,2.438114062739691e-10,1.4311181131641941e-09,1.4763605111458378e-08,3.161645485632062e-08,6.18605477981191e-05,0.002004808363714424,8.919978731707207e-10,3.516436603800106e-07,1.9317845701580176e-09,5.23426785157957e-09,0.00039573764192138585,1.5773256766493775e-06
32,0.9809613742062449,3.2199624745651816e-06,0.017005862965579748,6.11505414888984e-09,6.980255194570621e-07,1.2174934565492697e-06,4.533774924488142e-05,1.5316757131754033e-07,0.0002257028550429628,1.2929367555697232e-07,3.134031332018628e-08,2.0290051507514743e-06,2.312817420878952e-06,1.9898682020530817e-10,6.599302865733529e-10,1.0153961221535524e-08,1.7400835854471007e-08,4.742350189304396e-05,0.0014841018178830526,6.746274463504885e-10,1.792132843879559e-07,9.787200974228627e-10,3.308525245218482e-09,0.00021922012289215878,9.66971711816944e-07
33,0.9822082521224761,3.0916082176195278e-06,0.015404415190296283,8.18253846204331e-09,9.546280331392995e-07,1.405265078606216e-06,5.65545587208089e-05,2.610907396565385e-07,0.00019770619262244755,1.885800239544945e-07,4.5072387784318895e-08,2.689885267787813e-06,3.7060290696646118e-06,3.478650342380191e-10,6.627901079670079e-10,1.3679473437754217e-08,3.232540431105673e-08,6.667229426151771e-05,0.0017718523250815324,1.1764400781770034e-09,2.568791917687304e-07,1.4911787016212926e-09,5.743426905366277e-09,0.0002807404175042877,1.1442519101135018e-06
34,0.6231596018587278,3.237903524699234e-05,0.34952894819449437,3.463273315266596e-05,3.433773231922399e-05,2.7882417152001342e-05,0.019155655397947762,2.9509132411763e-05,0.00010391002878248601,0.0008285282423125497,1.4325642185778222e-06,0.00011141264025827741,1.6656622102205454e-05,5.44080086728964e-07,1.2164080320827873e-08,6.184097495091172e-07,5.011017725295366e-06,0.004549594655634979,0.00017763598312212894,8.309926179696419e-07,6.842042613936164e-05,1.3428986024899305e-07,7.277001117396595e-05,0.0010803649185287321,0.0009791764521541655
35,0.8273503047333769,0.00014361130337128413,0.14566282008920836,1.4346427574936289e-07,0.00012797104869439755,0.00025515257586421767,0.0003261953303894207,8.288218853260783e-07,0.0013562567075541935,2.540424024362128e-06,4.012326603779613e-06,9.007879439181973e-06,4.792986284676102e-05,2.451421614479253e-08,7.358581338108713e-08,2.8166699071720285e-07,1.6211633734213642e-06,2.7033606609505645e-05,0.020205289858319757,2.0302651726861165e-07,3.2269212389546143e-06,1.0349287987682701e-08,3.07076429313745e-06,0.004432700373426454,3.968960237943118e-05
36,0.9780573158279653,3.646634337587634e-06,0.020482289159808816,7.22562693148347e-09,8.944103761357511e-07,1.731092883119154e-06,4.136277716164847e-05,7.430223189205983e-08,0.0002185760747029006,1.4233649749055822e-07,2.986808351227343e-08,1.1978580371712482e-06,1.6711409946874105e-06,1.9483569248156123e-10,4.767910288876939e-10,6.4127889760816365e-09,1.507121452925294e-08,4.5539360082557025e-05,0.0008872535899614915,6.524212800142199e-10,1.9380637605319856e-07,5.309331421482877e-10,5.203328721340217e-09,0.0002568316306209632,1.2143619387505072e-06
37,0.983344442431409,2.2067827772053795e-06,0.015329025751886388,4.826146949722578e-09,4.894576955559221e-07,7.24302836330973e-07,3.635595148800596e-05,9.404741256861762e-08,0.00015306278393383352,9.85288632918375e-08,1.996467654333964e-08,1.6262669243651841e-06,1.9376040333415e-06,1.2613626243206636e-10,3.1921489456228333e-10,6.03766894642375e-09,1.1644181514411822e-08,4.04725651024313e-05,0.0008883650013627625,4.966421977776354e-10,1.2255818691379457e-07,5.69624902257538e-10,2.597064200180043e-09,0.00020019374011065913,7.356446209719239e-07
38,0.9812785221575159,3.1193588281392826e-06,0.016880866796477025,5.912347472153266e-09,7.012889155134691e-07,1.1818417600978386e-06,4.487211106078417e-05,1.3996252361444308e-07,0.00021994690876868265,1.2463923041920947e-07,2.907036979182229e-08,1.891182197909675e-06,2.2139811919050153e-06,1.925765475535154e-10,6.199148690577091e-10,9.5787739609894e-09,1.63347266057993e-08,4.6519112953803076e-05,0.0013143650989434076,6.39371967773628e-10,1.6729821115727717e-07,8.687112224801574e-10,3.1115043687115815e-09,0.0002043252068378314,9.767262871079966e-07
39,0.9800260190888712,3.111308119276632e-06,0.01801366551109066,6.506130233870725e-09,7.100325417942524e-07,1.2723023717157485e-06,4.672723012310079e-05,1.5841662789246277e-07,0.00022648114986059247,1.3380657737331837e-07,3.132925826788598e-08,2.018602722091162e-06,2.411719686917856e-06,2.015828921259643e-10,6.567953120900432e-10,1.0444447272755732e-08,1.8501571186025023e-08,5.004453908370201e-05,0.0014084163835862932,6.922991765604225e-10,1.8937589947858983e-07,9.812808605950227e-10,3.384289096765406e-09,0.0002175572714621929,1.0105637214961588e-06
40,0.981848144785454,3.1146122586967786e-06,0.01568099985888801,1.2031159863833622e-08,7.682458524864851e-07,1.2977768767157484e-06,5.6623914206715955e-05,2.913634713331201e-07,0.00021061660581336055,2.2591531342867492e-07,4.475831523008773e-08,2.591627003260137e-06,2.654373412557825e-06,2.7268669687313057e-10,5.835177076776735e-10,1.5803031528287434e-08,2.766568972832146e-08,8.066768658183536e-05,0.001739544098873065,1.2192694983692632e-09,3.1594829092334745e-07,1.6227783566257297e-09,6.194834176250616e-09,0.0003710966098259359,9.36426594834169e-07
41,0.9829679963240925,3.035189119037249e-06,0.015442759818644295,5.08382247744293e-09,8.104925994027057e-07,1.0456123080821308e-06,4.4227343123769105e-05,1.183785778689653e-07,0.0002393051795184888,9.85777759426759e-08,2.624494153590178e-08,1.67442831080919e-06,2.222426444561006e-06,1.651797777595177e-10,6.406078405762297e-10,9.707153160181929e-09,1.445338091270289e-08,4.201526975519159e-05,0.0010770408156921317,5.974554223592538e-10,1.3357092731254203e-07,7.046261377606141e-10,2.394431609402555e-09,0.00017652230650222286,9.342750096277434e-07
42,0.9710363933384824,3.40239987614895e-06,0.02489575401981233,9.78688766217411e-09,5.694494571718395e-07,1.8067079016514674e-06,5.488616013702634e-05,3.6964108300224287e-07,0.0003141413202763158,1.985929336545585e-07,4.7106001548201956e-08,3.47107414900632e-06,3.5670232671995873e-06,2.09204274855342e-10,1.1852657085223292e-09,2.2420740153781574e-08,2.5900838661137015e-08,6.453267134468645e-05,0.00326648172578341,9.410653164026628e-10,3.2953671695053706e-07,2.4098572828928765e-09,4.104187536989488e-09,0.00035306168945034344,9.205852808138953e-07
43,0.9718137989468129,4.032221088516629e-06,0.025083201284186243,1.0596703459188279e-08,8.054147996214904e-07,2.423144017680496e-06,6.0185882088101645e-05,2.9045142471185516e-07,0.0002739735462469618,3.331068706896398e-07,4.083819737728617e-08,2.4554583557208338e-06,3.4151484098237403e-06,3.168142518598521e-10,9.598762680589104e-10,1.9931341682839625e-08,2.8803185610716872e-08,7.374706322262562e-05,0.0023497311613214387,1.1960427442957157e-09,3.8815270892905736e-07,1.8848532331027684e-09,6.402107697723128e-09,0.0003298157548748612,1.292334448880551e-06
44,0.9810605231543369,3.1783797157821842e-06,0.01707726600588789,6.2857092449209075e-09,7.093884024680348e-07,1.1768162110651232e-06,4.60313718814458e-05,1.4705013578041433e-07,0.0002213348276222923,1.2874271505329044e-07,3.016575613876257e-08,1.986309561373348e-06,2.2644514841392364e-06,1.9973345327051757e-10,6.253488277704289e-10,9.722410578198632e-09,1.7324115647900693e-08,4.812971077138763e-05,0.0013266282199696432,6.717612801012571e-10,1.7669031505360102e-07,9.228243101576104e-10,3.3057251172346236e-09,0.00020924982577158035,9.998318336287065e-07
45,0.9737802011116383,2.888487176891665e-06,0.023614113044288784,7.251929739737288e-09,7.310819236557922e-07,1.5567857390853817e-06,5.7430746350444186e-05,2.9489357519688435e-07,0.0002968151258136881,1.3184730753931126e-07,4.6318007228989895e-08,2.1993330026663425e-06,2.409439276824082e-06,1.7722497497517974e-10,1.256040119131014e-09,1.9121793058307122e-08,1.6589719908959693e-08,5.448616654869516e-05,0.0019337363752975946,7.308758335629203e-10,1.7397269710124268e-07,1.3403790313625312e-09,2.6445047210710004e-09,0.00025189384695060936,8.423119381901796e-07
46,0.9803001711840625,2.7907046100771683e-06,0.017442587085899283,7.865446826184735e-09,7.589115945200558e-07,1.520179762513279e-06,4.151354154412471e-05,1.854262212707296e-07,0.00020670116965119083,1.4735857863578907e-07,3.846655422536364e-08,2.2805024780158894e-06,3.5818184004842144e-06,2.3335519263183635e-10,7.308886912782542e-10,1.1908041102494224e-08,3.5779848494738397e-08,6.147700320424229e-05,0.0016625337180502017,1.0154606259345678e-09,2.5769990500826287e-07,1.4711314692645529e-09,4.859361188541808e-09,0.000272181346555988,1.2100193942271494e-06
47,0.9629003081975545,6.307601372946923e-06,0.034235872683961645,1.4387878904946104e-08,1.7509005137611081e-06,3.6824284478795917e-06,0.00010411215056368562,3.7230291828411054e-07,0.0003417430322429141,2.7187931685919187e-07,1.2308631882138596e-07,2.184877385072157e-06,1.5718662885850453e-06,6.48508400961106e-10,1.4447857371554448e-09,1.3643571942939247e-08,2.1971898392893378e-08,7.100496191795935e-05,0.0019693891385156657,1.1151827425463116e-09,3.328823126744255e-07,1.3930809945746438e-09,1.1111839491357275e-08,0.00035935557239253913,1.55072122964042e-06
48,0.9800849138999524,2.7114834143467147e-06,0.018610562108949253,6.816305886604165e-09,7.121934451954164e-07,1.0664777104961935e-06,4.502950453278647e-05,1.222026052579298e-07,0.0002321614586059873,1.0487352496965437e-07,2.787650077466396e-08,1.774349052697859e-06,1.983986919666513e-06,1.7731701082328804e-10,6.390611003808587e-10,9.272725693376813e-09,1.5473045909924535e-08,5.2275299316827315e-05,0.0007942950836319827,5.620393812728136e-10,1.570443631855371e-07,8.044461279588716e-10,2.7742380606930013e-09,0.00017096547980925342,1.1001584855442355e-06
49,0.9782793670848821,3.128739999963541e-06,0.019843594772975474,7.3811590012267935e-09,6.249581142026994e-07,1.2605052566439412e-06,4.6018115911739136e-05,1.4623167941610823e-07,0.00021701461972896852,1.4179809624940622e-07,3.071884703041125e-08,2.1905043984589344e-06,2.417952458631317e-06,1.988745186207207e-10,6.078673971125563e-10,9.484433730774969e-09,1.769817388224614e-08,5.0440133633898663e-05,0.0013159601525891745,6.876797250979316e-10,1.9932225579545233e-07,9.808157818249726e-10,3.791527926996829e-09,0.00023637120716782137,1.0523514726259474e-06
50,0.981317042551073,3.085853912922607e-06,0.01677632931738149,6.1444698088953575e-09,6.829348054148344e-07,1.2111148177809519e-06,4.022909731446573e-05,1.321180879330573e-07,0.0002455632447386005,1.0896567422728912e-07,3.0591092074252015e-08,1.8804242978060564e-06,2.240919552112931e-06,1.7331554628062896e-10,6.493749600688318e-10,9.5367526781349e-09,1.7260724289831794e-08,4.794772928522466e-05,0.0013415902857258437,6.260646192469892e-10,1.7742239426124173e-07,9.277327850431586e-10,2.9930923312425348e-09,0.00022077096870239086,9.381496174221456e-07
51,0.9831744099954791,4.310129219824716e-06,0.015006219644525696,7.170435894432812e-09,4.2402355575460036e-07,7.756083878730092e-07,3.862403781005783e-05,1.554918535730848e-07,0.00022677680177334136,1.1373543491239424e-07,2.4596459598983585e-08,2.421989280172243e-06,1.268437371669043e-06,2.0700233814826155e-10,5.967560584441763e-10,7.064397695862902e-09,1.0969135501063864e-08,4.311137154725672e-05,0.0013390027679267057,5.106463269354469e-10,1.5454225933541633e-07,1.0056572574218964e-09,2.4435392660564663e-09,0.0001613588326717259,8.180268729960234e-07
52,0.9885923652817658,1.1093753571245301e-06,0.010152149390267805,2.388733732804383e-09,5.167012327607803e-07,1.3873942077110565e-06,1.768739055765771e-05,9.876385120048151e-08,0.00017726483289913158,5.7561700028852874e-08,2.6225924677037258e-08,6.884363556799091e-07,1.5811240172875634e-06,1.4025865585464623e-10,6.418326019969787e-10,7.084621039544092e-09,1.319890583889469e-08,7.491944461177812e-05,0.0008539293053361414,2.9613066901373754e-10,7.852952804997548e-08,6.415504198780446e-10,1.1409894379043511e-09,0.0001253490300679035,7.656792966680764e-07
53,0.9761208079516265,3.992144309218147e-06,0.021831539910236175,8.750440777320296e-09,1.1224221808635302e-06,1.1935787245785021e-06,9.560805899174904e-05,2.2502695338604703e-07,0.0002647062120977692,1.7941352300075435e-07,4.3724237560293674e-08,2.9976884411067562e-06,2.7514337203128944e-06,2.654135124472838e-10,7.596105193758395e-10,1.4251792933870842e-08,1.7158850380416628e-08,4.858677083712345e-05,0.0013697184268188843,8.888162334463403e-10,2.0215823509052927e-07,1.0483380382820105e-09,4.7937885673531295e-09,0.0002551307717277818,1.1463902878582762e-06
54,0.986046699180247,3.901235673215609e-06,0.012666860517494393,4.6017216948682784e-09,6.307808639423789e-07,8.722166228652701e-07,3.595685741340904e-05,8.703427632167644e-08,0.00018082931326376256,1.1802597793276791e-07,1.753726977423191e-08,1.5125300286323914e-06,1.4483280062731437e-06,2.051086243397085e-10,5.810661888097101e-10,6.571033093200192e-09,1.2009188455950267e-08,3.607831984456124e-05,0.000909163904313593,5.384710928981916e-10,1.0664681782270779e-07,6.213204876997334e-10,2.4891903662938573e-09,0.00011451275679487368,1.1771979917318502e-06
55,0.9835425378745737,2.6568460266117475e-06,0.014812052775486154,5.344251184070539e-09,5.387967625531735e-07,8.724473626492743e-07,3.884708602583261e-05,1.0719033268164766e-07,0.00025163139979356424,8.427280670628512e-08,2.1852456820827835e-08,2.0904179072336174e-06,2.366444161101891e-06,1.3415257985676056e-10,4.9429534298136e-10,8.36700844076421e-09,1.2413836677730598e-08,4.363575118126306e-05,0.0011121624104654913,4.575690598995171e-10,1.4312814060895966e-07,7.360324381789384e-10,1.9486072845765404e-09,0.0001894238610399196,7.975497240963665e-07
56,0.9812028839357869,3.152859055596314e-06,0.016896025555755208,6.358251579736207e-09,7.188836036360499e-07,1.186482722909403e-06,4.619388637645959e-05,1.4740586358118535e-07,0.00022069244136455247,1.2930164507648439e-07,3.065928751429864e-08,2.0818315291851966e-06,2.495542127944304e-06,2.046216549474438e-10,6.267482942212102e-10,9.883787840166532e-09,1.827901842396961e-08,4.844266324840992e-05,0.001357959851201748,7.024767882007192e-10,1.8049711175165898e-07,9.486741935257127e-10,3.3944289416839235e-09,0.00021662167560028057,1.0161297116635351e-06
57,0.9814606900963827,3.33566152949418e-06,0.01625424632220475,6.512672541748771e-09,6.767495787853317e-07,1.06656003568399e-06,4.774252697328625e-05,1.7198944741218336e-07,0.00022592445165446764,1.428462558572211e-07,2.8503544903016348e-08,2.689893337475675e-06,3.287456649345665e-06,1.9586657739411113e-10,6.659553701708396e-10,1.1701389178994096e-08,2.2644200812744334e-08,4.727469050398405e-05,0.0017252127778609537,8.399917194156728e-10,2.000176193626364e-07,1.2341101606424636e-09,3.5312169962247485e-09,0.00022622613639835477,1.0359946197835783e-06
58,0.981671707368555,2.9586551236633353e-06,0.0164178163331084,5.9975051914630804e-09,6.735965173564515e-07,1.1233665664221315e-06,4.39233823628869e-05,1.3554898749974933e-07,0.00021613064076341244,1.1853896408133806e-07,3.0384135422095314e-08,2.020986938639393e-06,2.377338989494972e-06,1.8057984244552998e-10,5.634828531364771e-10,9.248182541052634e-09,1.629909403122669e-08,4.662373920478755e-05,0.0013580111048535112,6.442244643962475e-10,1.7008419179499795e-07,8.754949873624182e-10,3.2374250175710104e-09,0.00023523391304236608,9.079717064507951e-07
59,0.979522630742542,3.064670735285342e-06,0.018551612059818437,6.519500386744441e-09,6.675618233929373e-07,1.18857980575637e-06,4.559051645171645e-05,1.4302934569280975e-07,0.00022148097450237338,1.272172328624e-07,3.1726234958747075e-08,1.992079544715618e-06,2.241849734580479e-06,1.7844051899676854e-10,5.97298499249441e-10,9.588546822719068e-09,1.6142277233717694e-08,4.70321368601951e-05,0.0013572295941674348,6.635543017003089e-10,1.794056272498888e-07,9.051669818996419e-10,3.4546547893714067e-09,0.00024382938425130448,9.204218823742045e-07
60,0.9810605231543369,3.1783797157821842e-06,0.01707726600588789,6.2857092449209075e-09,7.093884024680348e-07,1.1768162110651232e-06,4.60313718814458e-05,1.4705013578041433e-07,0.0002213348276222923,1.2874271505329044e-07,3.016575613876257e-08,1.986309561373348e-06,2.2644514841392364e-06,1.9973345327051757e-10,6.253488277704289e-10,9.722410578198632e-09,1.7324115647900693e-08,4.812971077138763e-05,0.0013266282199696432,6.717612801012571e-10,1.7669031505360102e-07,9.228243101576104e-10,3.3057251172346236e-09,0.00020924982577158035,9.998318336287065e-07
61,0.9794528736602905,3.0947950293262077e-06,0.01862748631174327,6.612891978507345e-09,6.869483417883328e-07,1.2018796106803413e-06,4.672729324023689e-05,1.4686373724684667e-07,0.00022389668015874095,1.295412866626932e-07,3.1980414729084277e-08,2.030036585861339e-06,2.313879143183193e-06,1.839110270746272e-10,6.223447947303234e-10,9.905208082146842e-09,1.659889261156854e-08,4.763940303869982e-05,0.0013505842607274966,6.816576094323843e-10,1.80133293035166e-07,9.27414643217298e-10,3.4865803857484158e-09,0.00023998606332018802,9.512511370759715e-07
62,0.9810605231543369,3.1783797157821842e-06,0.01707726600588789,6.2857092449209075e-09,7.093884024680348e-07,1.1768162110651232e-06,4.60313718814458e-05,1.4705013578041433e-07,0.0002213348276222923,1.2874271505329044e-07,3.016575613876257e-08,1.986309561373348e-06,2.2644514841392364e-06,1.9973345327051757e-10,6.253488277704289e-10,9.722410578198632e-09,1.7324115647900693e-08,4.812971077138763e-05,0.0013266282199696432,6.717612801012571e-10,1.7669031505360102e-07,9.228243101576104e-10,3.3057251172346236e-09,0.00020924982577158035,9.998318336287065e-07
63,0.9812899140067803,3.5267027080693395e-06,0.016834888553359573,6.432563323900075e-09,7.142927586089347e-07,1.1655620670534807e-06,4.515412352064876e-05,1.3978901400570922e-07,0.00022292213679450687,1.3345129967516834e-07,2.945187648305938e-08,2.0128279407795347e-06,2.203718548105077e-06,2.0646208500071002e-10,6.385295618710076e-10,9.510116845927175e-09,1.7022423207214912e-08,4.596377245096708e-05,0.0013415702542281878,7.015915696999864e-10,1.7748004423712978e-07,9.202464878673071e-10,3.462988794782857e-09,0.0002084184733950999,1.0265082921323623e-06
64,0.9794426378688403,3.5176218020900533e-06,0.018567960058824353,7.523540800246066e-09,7.313291435545251e-07,1.3398705529210213e-06,4.868343809034578e-05,1.5543580965551696e-07,0.00023761159507121863,1.506029291405197e-07,3.21989959086683e-08,2.216747142083994e-06,2.5321990753640897e-06,2.2678694212769268e-10,6.640179928210445e-10,1.0549167098555224e-08,1.9355998022923005e-08,5.1882498303146225e-05,0.0014057121803262027,7.564286316536148e-10,2.1792058260179746e-07,1.0485132088415054e-09,3.962658903034671e-09,0.00023347108135396573,1.1032660455052855e-06
65,0.9595281936711081,5.873861614996895e-06,0.03821972511974462,1.7572785557150637e-08,9.881595379652396e-07,2.2168274518649115e-06,0.0001195849932068737,4.6268590129662504e-07,0.00017233408500636128,6.408561385808644e-07,4.4399681400206367e-08,3.0639904856861343e-06,2.5996589178614514e-06,6.486042420308633e-10,9.53740840115067e-10,1.7800926555327583e-08,2.6847278635285975e-08,6.752570759414204e-05,0.0016358008325310157,1.7803228763612068e-09,3.959725958994042e-07,1.4900862330271391e-09,1.1559232709062142e-08,0.00023847983399202284,1.990691513688716e-06
66,0.9836109802275043,4.4146072389889595e-06,0.014237316360177525,7.951742026016299e-09,6.020425569415017e-07,9.332140932646635e-07,5.5080761913330836e-05,2.342957502044914e-07,0.0002777101309244233,1.2559832375608304e-07,3.124799281126111e-08,3.1407777589208494e-06,1.64730467162493e-06,2.8560938117214547e-10,7.957899493127285e-10,1.0234664567370955e-08,1.5841101079549637e-08,5.3176352765221454e-05,0.0016019947419670295,5.570360760152301e-10,1.9580671443549547e-07,1.3959121638332219e-09,2.723376667959224e-09,0.0001513507917501665,1.025952664950406e-06
67,0.9809504007601408,3.128361733282003e-06,0.017191877958590313,6.44855248688331e-09,7.206496047348971e-07,1.2272296618098202e-06,4.5742657642793355e-05,1.4687609657591364e-07,0.000217752665102314,1.3200379806416828e-07,3.06041474686672e-08,1.9760411077286774e-06,2.3659911669006355e-06,2.0561505851836096e-10,6.212128354302327e-10,9.762394756430257e-09,1.830221215286855e-08,4.9564331789411993e-05,0.0013192243993848526,6.958886407068916e-10,1.8331587605528176e-07,9.290708794165404e-10,3.464450842859759e-09,0.00021445537391455544,1.0303508445871578e-06
68,0.9735067361538585,2.416242129411834e-06,0.02510188056039823,8.239461084412178e-09,3.166500404631178e-07,8.570580846457565e-07,4.104402993793371e-05,1.126538739685224e-07,0.00018472641471538879,1.3130821653788407e-07,1.9683789685857673e-08,2.2488986109644982e-06,1.6753031447410122e-06,1.3850425168062997e-10,2.632558111593221e-10,6.196337468545344e-09,9.389743564271337e-09,4.796392798518746e-05,0.0008732214256263478,3.993904932540618e-10,2.124062638174623e-07,6.665808683889559e-10,3.1483230647719476e-09,0.00023567181090301278,7.37030824242422e-07
69,0.9849401698613769,2.7615458007514566e-06,0.013546203994458482,4.666910092167912e-09,6.075240202155367e-07,9.892269396671585e-07,3.640075933500967e-05,1.1190545628036049e-07,0.0002042255140204207,1.0592470880377465e-07,2.0741401034088476e-08,1.5992357702773137e-06,1.938682850409131e-06,1.7642060242663553e-10,5.488316950823134e-10,7.692730870563903e-09,1.6152187230663474e-08,4.6412613475694685e-05,0.0010783299811565877,5.103150247980525e-10,1.3452714586586426e-07,7.905704878047699e-10,2.3182215169173965e-09,0.00013891539348719726,1.039712408855027e-06
70,0.9849736425033183,1.5804597809535284e-06,0.014284368572433747,4.480773621173658e-09,5.033858531631379e-07,5.154542947796305e-07,3.4951340158595625e-05,1.3824981771828718e-07,0.0001312004152631647,7.413453519141424e-08,1.4608450810721755e-08,1.4260186775821019e-06,2.0328052791340388e-06,1.5355499178594247e-10,4.2035248293367383e-10,7.3937425931404465e-09,1.3008186378323197e-08,4.677703659132953e-05,0.00044404048190588687,5.287912777614443e-10,7.114630179738988e-08,5.02182795067805e-10,1.279491673674576e-09,7.773686947886335e-05,8.987507832959069e-07
