,0,1,2,3,4,5,6,7,8,9,10,11,12,13,14,15,16,17,18,19,20,21,22,23,24
0,0.0032776221822588382,7.439361975219452e-06,0.006299427749655674,0.0002550949237216569,6.041345435599947e-05,5.91643568274066e-06,0.03171320940128844,0.9507931873831252,8.354073138570328e-07,0.004739354040072699,4.866781133462814e-06,5.6712047616780244e-05,1.1438593755809212e-05,0.0010016623086179972,2.9603031729875023e-08,0.00011465755146515346,6.222604097459819e-06,0.0013171276144959756,2.0454317415197368e-05,0.0002460056254547345,2.206533817508317e-06,8.179838035620014e-08,2.2810875328584362e-05,4.233514006870162e-06,3.898989193186206e-05
1,0.002575577500336873,5.96857814899035e-06,0.004589057330746463,0.00012919683703396467,7.666500257173646e-05,7.390091997465467e-06,0.021310951457937904,0.9667792374769355,1.2444373632404434e-06,0.002563622048986775,4.67190552986429e-06,4.218319887890882e-05,1.696890003008983e-05,0.0005680133165995622,4.226393089229738e-08,0.00018319933912450142,6.921808752701459e-06,0.0007889014658256807,3.634826653806433e-05,0.0002703364695582834,2.1452170791561086e-06,7.755819038541234e-08,1.3533857580761032e-05,4.6128276265397855e-06,2.313284269574785e-05
2,0.0007768802668975073,2.0968500103610757e-06,0.004322389005045804,0.00022203235673356239,8.328213369437714e-06,4.779163998807483e-06,0.01405042699159652,0.9769750661049558,6.458807436549502e-07,0.0024040604925447654,3.4215731167030897e-06,4.589384005789975e-05,5.916158964180008e-06,0.00028253724909272965,1.657428667744747e-08,0.00010650032452358701,2.3793785402881823e-06,0.0006754872455920921,2.5981106476353834e-05,6.0986944408386735e-05,2.811975354574983e-06,1.13390644129886e-07,9.492862628123995e-06,4.219865193661937e-06,7.5361852242230785e-06
3,0.0024915871313576626,5.927203232190052e-06,0.004145841920415356,0.0001472639702011666,8.104620159647687e-05,6.71997605274286e-06,0.021290089558122272,0.9672864445236363,1.112535568471338e-06,0.00241084401724324,5.234384821075738e-06,4.424950403468278e-05,1.6743968758126665e-05,0.000690500282434584,3.91630131331205e-08,0.00015836755587402435,7.927167906459246e-06,0.0008447544544489924,3.055214544594842e-05,0.00028745313066580913,2.1104192160461806e-06,8.045215867999539e-08,1.566794792796847e-05,4.4164627096558645e-06,2.502592315892581e-05
4,0.0027495689752099223,6.257905746760121e-06,0.004356945995384938,0.00015439523681485718,8.877478993528896e-05,7.223764308735728e-06,0.021935464513800212,0.9660709512751444,1.2384824683404005e-06,0.0023441458215419917,5.664979161092549e-06,4.970349249959468e-05,2.0420128311218934e-05,0.0007359248537902247,4.194803300600589e-08,0.00016549523228012183,9.193557672933702e-06,0.0009078124225031008,3.300711760817652e-05,0.0003068972562356413,2.296724990567684e-06,8.775775899433275e-08,1.621848531653028e-05,4.855404867802771e-06,2.7413878615592845e-05
5,0.0028105779671372968,6.511242131812254e-06,0.004282782097594384,0.00018489748946878075,8.228271719031311e-05,7.249376853149908e-06,0.02130476541555677,0.9661155358433684,1.1972451862678165e-06,0.0026714130683063975,5.558254876484677e-06,4.861973313903112e-05,1.8410107532254668e-05,0.0007995788951246194,3.933464018618199e-08,0.00016338861108019563,9.436683329379233e-06,0.0010816132983620652,2.9893407520319295e-05,0.00032296065508654074,2.3383431739930114e-06,9.153032566151398e-08,1.7262026134996933e-05,4.9625531681679904e-06,2.8634103712448488e-05
6,0.0024915871313576626,5.927203232190052e-06,0.004145841920415356,0.0001472639702011666,8.104620159647687e-05,6.71997605274286e-06,0.021290089558122272,0.9672864445236363,1.112535568471338e-06,0.00241084401724324,5.234384821075738e-06,4.424950403468278e-05,1.6743968758126665e-05,0.000690500282434584,3.91630131331205e-08,0.00015836755587402435,7.927167906459246e-06,0.0008447544544489924,3.055214544594842e-05,0.00028745313066580913,2.1104192160461806e-06,8.045215867999539e-08,1.566794792796847e-05,4.4164627096558645e-06,2.502592315892581e-05
7,0.0011942841714743786,5.645513936604367e-06,0.0020344954575197446,0.0001746048579442488,6.351922883275635e-05,5.5496462982166535e-06,0.01565482550295921,0.9766800889478178,8.972704449555739e-07,0.002101988731290503,5.109102690170707e-06,3.635079871187151e-05,9.608593074963231e-06,0.0008472212977224861,4.385797490948582e-08,0.00016219358051734352,8.066017119364457e-06,0.0007064925782573442,2.214245371315693e-05,0.00024693533960034946,2.151294356773214e-06,1.1131456600159538e-07,1.4628166133985178e-05,2.682807469898235e-06,2.0363469572920774e-05
8,0.0028677075054864987,7.49583281883981e-06,0.005560666309425703,0.0001852572795732391,8.198382494465874e-05,6.8596404531756065e-06,0.025050487843061887,0.9605207860239194,1.0213840193456754e-06,0.0034081865071659725,4.840646284784283e-06,4.970832544216218e-05,1.6480159162816856e-05,0.0008319248572693006,3.37088311338554e-08,0.00014305648063396573,6.861180077810334e-06,0.0008101408762835216,2.788300693105988e-05,0.0003593675217820502,2.070899493678262e-06,6.54369640472167e-08,2.227983041559103e-05,4.861381237061606e-06,2.997353832217593e-05
9,0.0023217933972552378,7.4980339745716065e-06,0.005438154009475873,0.00021563309316717383,6.345507678691315e-05,6.623607660823433e-06,0.024568431442276273,0.961449130357872,1.0224837444588389e-06,0.0037589922198424325,4.4468122398188365e-06,5.147414291636037e-05,1.4588539398943512e-05,0.0007423928774546704,3.482998894027554e-08,0.00015054455509222662,6.189458129034093e-06,0.0007894893363575003,2.723133117892399e-05,0.0003271782162374467,2.4101429117370118e-06,7.573685556174886e-08,2.1078998566205015e-05,4.736565900029116e-06,2.7394734716571198e-05
10,0.0024915871313576626,5.927203232190052e-06,0.004145841920415356,0.0001472639702011666,8.104620159647687e-05,6.71997605274286e-06,0.021290089558122272,0.9672864445236363,1.112535568471338e-06,0.00241084401724324,5.234384821075738e-06,4.424950403468278e-05,1.6743968758126665e-05,0.000690500282434584,3.91630131331205e-08,0.00015836755587402435,7.927167906459246e-06,0.0008447544544489924,3.055214544594842e-05,0.00028745313066580913,2.1104192160461806e-06,8.045215867999539e-08,1.566794792796847e-05,4.4164627096558645e-06,2.502592315892581e-05
11,0.0026488935291891546,6.12541175104524e-06,0.0043235702268158045,0.00015257397846622612,8.768802750955074e-05,7.08305935803144e-06,0.0219067858973851,0.9662454288368639,1.193448615803319e-06,0.0023923127414403984,5.519959253697866e-06,4.743341450823556e-05,1.9396235587082654e-05,0.0007116257149651999,4.078725571261059e-08,0.00016540300517540985,8.732160554247059e-06,0.0008795054396160046,3.1937945573763856e-05,0.0003089436767474263,2.228148369419374e-06,8.342837465942466e-08,1.6259818737262436e-05,4.783475654028281e-06,2.645163223294394e-05
12,0.004281980255958064,1.0098935460221327e-05,0.004231934860692415,0.0002142677034912005,0.00014895769538344968,1.0178461718815953e-05,0.023255834624726617,0.9600712284329509,1.4741933425702304e-06,0.0036723818562078877,5.816714993739276e-06,4.8799164244695574e-05,2.6791057652272945e-05,0.0014445962335068807,4.524814679054301e-08,0.00018788931513953722,1.9037952472009332e-05,0.0017465229879006729,3.164638243115643e-05,0.0005105032931428645,2.904462147122154e-06,1.0439218095285123e-07,2.111994897283321e-05,4.693845117182973e-06,5.119198201934079e-05
13,0.00816954310487702,1.4098832338378038e-05,0.008146258708941088,0.00018413447831232995,0.00012516015021833517,1.3609784242812344e-05,0.031158405398998737,0.9408115359691249,2.1254603217747567e-06,0.007567150064438315,3.248651477475616e-06,4.400164742756876e-05,2.5125371764906675e-05,0.0007452712650665878,5.267511276092195e-08,0.0002479474130389925,1.2798204306240185e-05,0.0020977818445367543,5.8533499942356404e-05,0.0004899079409042996,3.282411561272996e-06,8.943423843015301e-08,1.6294203832134036e-05,6.544125395535627e-06,5.709935958069193e-05
14,0.002491339524352435,5.985689785090495e-06,0.0041150938321342515,0.00014722846857404811,8.20646418888584e-05,6.754729736068942e-06,0.02143758134013771,0.9671445202652685,1.1137230534715664e-06,0.0024249356887976726,5.281653638457368e-06,4.418707585640202e-05,1.6660210535567505e-05,0.0006974817051932571,3.9480984142376725e-08,0.0001591784477264522,7.94894864210373e-06,0.0008459967604518577,3.070412167708209e-05,0.0002884152692199211,2.111661151900541e-06,8.076197956134388e-08,1.5744207084020877e-05,4.426351146494142e-06,2.5125440984807828e-05
15,0.0024915871313576626,5.927203232190052e-06,0.004145841920415356,0.0001472639702011666,8.104620159647687e-05,6.71997605274286e-06,0.021290089558122272,0.9672864445236363,1.112535568471338e-06,0.00241084401724324,5.234384821075738e-06,4.424950403468278e-05,1.6743968758126665e-05,0.000690500282434584,3.91630131331205e-08,0.00015836755587402435,7.927167906459246e-06,0.0008447544544489924,3.055214544594842e-05,0.00028745313066580913,2.1104192160461806e-06,8.045215867999539e-08,1.566794792796847e-05,4.4164627096558645e-06,2.502592315892581e-05
16,0.0022579079224205956,6.074510222615242e-06,0.0038067205929183594,0.00014992231581785728,7.841576142805853e-05,6.427695705220968e-06,0.0210279547034362,0.9681165559401582,1.0675548887969314e-06,0.002463433756209466,5.120824812121028e-06,4.4061750890661645e-05,1.543734377500002e-05,0.0006854131757926132,4.05250435760861e-08,0.00016011189129612718,7.95077626262254e-06,0.0008076841505003081,3.015830796725642e-05,0.0002825876273933291,2.2193554341285967e-06,8.621959285143311e-08,1.58414308883718e-05,4.166620718074409e-06,2.463924642778114e-05
17,0.0023480476418677545,5.747888949933738e-06,0.003803957072424318,0.0001516330896583647,8.398682674241936e-05,6.387719275650659e-06,0.020489733795826096,0.9686718703290617,1.0582125157473533e-06,0.0022523951781387892,5.4458942318451396e-06,4.508571398856369e-05,1.752819220506018e-05,0.0007341565714869126,3.8346509093240386e-08,0.0001562728929484768,8.8602898128555e-06,0.0008386775527136223,2.8486097351281877e-05,0.0003026383865620263,2.109061120488287e-06,8.375487129461918e-08,1.6326140764591863e-05,4.247434707980869e-06,2.5225916265320717e-05
18,0.0023511124646984666,5.700449083523681e-06,0.004129627538004737,0.0001436152634855054,7.66993775338788e-05,6.573449066572236e-06,0.02098239951893867,0.9679523585992932,1.0913445616379882e-06,0.002331248474453448,5.177239488609005e-06,4.363462954034559e-05,1.6026994819352064e-05,0.0006548812811955721,3.869287029651904e-08,0.00015719139774648318,7.282578919904188e-06,0.000784782408096317,3.0519581202896585e-05,0.0002748598744579699,2.0561290920685514e-06,7.82165728700786e-08,1.5319312145209237e-05,4.404605949488309e-06,2.332057878276355e-05
19,0.002237340155535549,6.133738217559265e-06,0.004475134579255746,0.00016686781918461588,7.387620917278662e-05,5.943212741497685e-06,0.02504306164233659,0.9635599409933447,1.139852914536152e-06,0.002467065606754275,4.864778680299867e-06,5.3354664112161705e-05,1.7454759277657694e-05,0.0006448966466367883,3.9168711758567286e-08,0.00015622210781665832,7.125716423050176e-06,0.0007394485630021888,2.851553647073977e-05,0.0002636089261408976,2.312517100775508e-06,8.483902540897945e-08,1.6077839378891112e-05,4.264977634253959e-06,2.5225150130483667e-05
20,0.002531988999920737,5.994633617673762e-06,0.004184103764781717,0.00014797929560812523,8.218683170854526e-05,6.7853990130975706e-06,0.021472527933416852,0.9669784388026402,1.1232283319875518e-06,0.0024356835088123743,5.249437890332226e-06,4.449524838749262e-05,1.6952390062189216e-05,0.000696611861010092,3.922811565903517e-08,0.00015915324479071736,7.993702919248233e-06,0.0008536154252026982,3.0737228205924305e-05,0.0002905456050311335,2.1213736954702855e-06,8.033167082421899e-08,1.578875639628592e-05,4.45864222959533e-06,2.5345126540973445e-05
21,0.0026664513008365547,6.981713798061848e-06,0.004141095581397644,0.0001744894110445821,8.492583565506411e-05,7.568009599459069e-06,0.020783332318945184,0.9671228840468203,1.3276266954333338e-06,0.0025708502001733436,5.200912756962242e-06,4.84251551356578e-05,1.8716808455430495e-05,0.000816306043485101,4.1636007931456366e-08,0.00019981485818035136,8.362108385341174e-06,0.0009379019801698502,3.09692200063395e-05,0.00032567035102171096,2.270890149535625e-06,8.62018790558106e-08,1.5197201689657788e-05,4.7638991469237186e-06,2.636668856467339e-05
22,0.0032187022051035352,5.662959986259771e-06,0.004447021306227439,0.0001495824314501667,8.433217472319893e-05,7.767812280494457e-06,0.018656725769144185,0.9681563919524315,1.1647336375975813e-06,0.0026532455473126425,5.4086368863046764e-06,3.828178598920948e-05,1.7449685905495065e-05,0.0007121234323516812,3.953910266956137e-08,0.00016148473212305013,1.0632294988782246e-05,0.00128328370055335,3.079217735287522e-05,0.00030945736369523166,2.278621560570725e-06,9.328843373750892e-08,1.5161323815292547e-05,4.757402568206541e-06,2.8159122376410213e-05
23,0.0024915871313576626,5.927203232190052e-06,0.004145841920415356,0.0001472639702011666,8.104620159647687e-05,6.71997605274286e-06,0.021290089558122272,0.9672864445236363,1.112535568471338e-06,0.00241084401724324,5.234384821075738e-06,4.424950403468278e-05,1.6743968758126665e-05,0.000690500282434584,3.91630131331205e-08,0.00015836755587402435,7.927167906459246e-06,0.0008447544544489924,3.055214544594842e-05,0.00028745313066580913,2.1104192160461806e-06,8.045215867999539e-08,1.566794792796847e-05,4.4164627096558645e-06,2.502592315892581e-05
24,0.0027124497324145735,7.3561642895985e-06,0.003891179758813731,0.00018483057208096312,8.965212847891815e-05,7.359624321738615e-06,0.02043547372650395,0.9673610321483003,1.1985879667900662e-06,0.002658921872299045,5.513592232385313e-06,4.781387761684585e-05,1.826992642561463e-05,0.0009498152440848916,3.942501724439595e-08,0.0001716318883922893,9.980484803246343e-06,0.0010053346831035992,2.983612313104564e-05,0.0003590395679082565,2.255826683383017e-06,8.972903592795603e-08,1.7512184174445735e-05,4.58700715330646e-06,2.8826124768035718e-05
25,0.0010197900371707502,3.170399314584419e-06,0.0022304564997488426,0.00011822984150193863,5.225666159188552e-05,3.991419791943342e-06,0.014787249524677134,0.9789992021952192,5.865173498696018e-07,0.0013026543162490806,5.2879336278584975e-06,3.1006216941546224e-05,8.703733970147612e-06,0.0006218000035323397,2.692122485573268e-08,0.00011529440658684111,5.052568873287485e-06,0.0004555331503382469,1.730741610824716e-05,0.0001932826310187249,1.3538668379491135e-06,6.21115139302885e-08,1.2565792837297763e-05,2.649269452249502e-06,1.2486564521101986e-05
26,0.005785306754083685,7.874846590803718e-06,0.007073106061712894,0.00017827772697028658,0.000129722997382837,1.1270685790453234e-05,0.02332992333736356,0.9571507831645478,1.8638646463642817e-06,0.0030501437418218023,7.0421159658268355e-06,5.6251480367213394e-05,3.653537244444378e-05,0.0007819034314363887,4.372904503686886e-08,0.00019136714212610503,1.3618777023408756e-05,0.0015826779095455235,4.8031872790897465e-05,0.0004914422215164767,2.8032327041155384e-06,8.963395088258546e-08,2.2209377537328206e-05,9.778942507953077e-06,3.7931580127735834e-05
27,0.002596397955866012,6.090349676686754e-06,0.004293105865066221,0.00014935647232985157,8.387678741323475e-05,6.8213742009002995e-06,0.02202257245739213,0.9661759264840897,1.1274805281437943e-06,0.0024910609498856925,5.230283191409524e-06,4.518760397242437e-05,1.734455358046723e-05,0.000703653971365013,3.889974341276878e-08,0.00015962537255803972,8.000756557197866e-06,0.0008589337731484326,3.070952205116592e-05,0.0002962211370460351,2.131647305879387e-06,7.862946621416252e-08,1.6050388073557868e-05,4.506877244511565e-06,2.5950408247435237e-05
28,0.0024915871313576626,5.927203232190052e-06,0.004145841920415356,0.0001472639702011666,8.104620159647687e-05,6.71997605274286e-06,0.021290089558122272,0.9672864445236363,1.112535568471338e-06,0.00241084401724324,5.234384821075738e-06,4.424950403468278e-05,1.6743968758126665e-05,0.000690500282434584,3.91630131331205e-08,0.00015836755587402435,7.927167906459246e-06,0.0008447544544489924,3.055214544594842e-05,0.00028745313066580913,2.1104192160461806e-06,8.045215867999539e-08,1.566794792796847e-05,4.4164627096558645e-06,2.502592315892581e-05
29,0.0024915871313576626,5.927203232190052e-06,0.004145841920415356,0.0001472639702011666,8.104620159647687e-05,6.71997605274286e-06,0.021290089558122272,0.9672864445236363,1.112535568471338e-06,0.00241084401724324,5.234384821075738e-06,4.424950403468278e-05,1.6743968758126665e-05,0.000690500282434584,3.91630131331205e-08,0.00015836755587402435,7.927167906459246e-06,0.0008447544544489924,3.055214544594842e-05,0.00028745313066580913,2.1104192160461806e-06,8.045215867999539e-08,1.566794792796847e-05,4.4164627096558645e-06,2.502592315892581e-05
30,0.0024915871313576626,5.927203232190052e-06,0.004145841920415356,0.0001472639702011666,8.104620159647687e-05,6.71997605274286e-06,0.021290089558122272,0.9672864445236363,1.112535568471338e-06,0.00241084401724324,5.234384821075738e-06,4.424950403468278e-05,1.6743968758126665e-05,0.000690500282434584,3.91630131331205e-08,0.00015836755587402435,7.927167906459246e-06,0.0008447544544489924,3.055214544594842e-05,0.00028745313066580913,2.1104192160461806e-06,8.045215867999539e-08,1.566794792796847e-05,4.4164627096558645e-06,2.502592315892581e-05
31,0.0012387242383138037,4.892523729561373e-05,0.0026977577492562008,0.002109634788382751,0.000623433780474929,4.807525533305095e-05,0.06770363705005845,0.8913327478153651,1.577558075028987e-05,0.01641446029482144,2.7284937388570498e-05,0.0004604875907014458,0.00016307224798135854,0.007009074928072312,3.8885843036368135e-07,0.002298550542163473,6.577884481971872e-05,0.0026602418626784125,7.802063692655965e-05,0.004498868990799432,4.454485423698139e-05,1.4824370345293584e-06,0.00023993679834902627,3.501105205736611e-05,0.00018408362830872745
32,0.002565167833022394,6.057712025135439e-06,0.004190655522320185,0.0001413268312417921,8.119901232959914e-05,6.952225982489822e-06,0.021161218194222176,0.9673382850069598,1.1494390636524692e-06,0.002398814010363438,5.337265392853688e-06,4.445783109870386e-05,1.6933158162654277e-05,0.0006688702531495765,4.1021443859259186e-08,0.00016026759418823173,8.018893534835481e-06,0.0008410611534533705,3.364719693073424e-05,0.00028351949916161344,2.154438534888429e-06,8.342938745783213e-08,1.5438930323982626e-05,4.6009633451230705e-06,2.474258436146875e-05
33,0.0016705303079350953,4.414737014701055e-06,0.002666159005180063,0.00013991034023645601,7.666286072275414e-05,6.415280570198386e-06,0.015377048508675563,0.9761049815275135,8.417473729241736e-07,0.0018205015533930098,5.818319910241076e-06,3.609278072763567e-05,1.643676988800126e-05,0.0007768250057115511,3.29922936972227e-08,0.00016127483870593203,1.0503741417363902e-05,0.0007611427694569002,2.6508079018672964e-05,0.00029777212128655656,1.999169407329863e-06,8.851964930268712e-08,1.5213007382573797e-05,3.889299078300543e-06,1.8936717451675536e-05
34,0.004693577912637454,7.1663415414198346e-06,0.005972907411099557,0.00011834777984158604,0.00010047810659524618,8.473993413316665e-06,0.024032445294478823,0.9607833297625278,1.8826968662755708e-06,0.002001494990163797,5.840895604530944e-06,5.857583770181716e-05,2.7480017593525223e-05,0.0005992886393068886,4.895150709410644e-08,0.0001628149286911636,9.182604538685951e-06,0.001047029170432433,5.40766545231073e-05,0.00026453437382569704,2.4565709891115128e-06,8.879631940369527e-08,1.3001968734204717e-05,6.3981316688381305e-06,2.907816939839355e-05
35,0.00014350420472062703,2.857276666152794e-05,0.002172767000439543,0.0012406270341400992,0.0007318204572665843,7.543200409266343e-05,0.02003738999711716,0.9054955767456392,1.0918474246642523e-06,0.020483782499992522,2.5399324304873644e-05,0.00010608872016412898,0.0003378272154178264,0.010131666308137997,1.5629680289892066e-07,0.002398550451070728,7.791448292140973e-05,9.970241290209217e-05,6.1024583630998216e-05,0.03498975239557618,1.3812182230629288e-05,1.425532553754455e-07,0.001252751863798222,1.9852611641622366e-05,7.479404065031023e-05
36,0.00395885932050881,1.1854589093938236e-05,0.006292187067840454,0.0002572948940433969,0.00013280414613272805,1.2888479968433639e-05,0.029453491211766533,0.9497174404771692,1.516837264627489e-06,0.0065101281278636125,6.7439465892769775e-06,4.406113144029722e-05,1.9062534091075055e-05,0.001134425293066358,4.226516943456486e-08,0.00018523697408278972,1.0932704016755122e-05,0.001574435463579781,3.9705716116380306e-05,0.0005464155844000042,3.5095657775008735e-06,8.90825242981937e-08,3.570180889989102e-05,8.25485033301531e-06,4.291792826138981e-05
37,0.0045990688071445495,7.339768730789853e-06,0.006236291884079172,0.0001801807586910042,9.970090362430412e-05,7.865373015523943e-06,0.026740362514974723,0.9559983390690963,1.335372430001521e-06,0.0033263353888876484,5.4274091948566095e-06,5.192418679442006e-05,2.2921544897535357e-05,0.0007292196004778711,3.7074749363548145e-08,0.000160336744511195,1.0049069387519507e-05,0.0013578782308697232,3.48760838225659e-05,0.00036688456449350385,2.4295902169802806e-06,8.218393093195566e-08,1.9349861224329662e-05,6.580104929931524e-06,3.518390982521296e-05
38,0.0044696361327550595,7.580872814783849e-06,0.006178075557401616,0.00012279142563264788,0.00011841436420205271,1.0004339263377772e-05,0.029539939770406674,0.9540947581273137,1.5904436686197813e-06,0.0030494501713776967,5.520972918704927e-06,4.801388464297697e-05,2.3260687532953e-05,0.0006812226765266851,5.221862633217956e-08,0.0001969628428354683,7.996825055339067e-06,0.0010437910944397029,4.684874822289662e-05,0.0002971163585270571,2.2232443524092987e-06,7.305704538005705e-08,1.4632794071644742e-05,5.896751023079238e-06,3.414663934317386e-05
39,0.003543163122236561,1.0234909350924507e-05,0.004616324934906011,0.00020064861536195304,0.00011697400145054577,7.652564100435712e-06,0.02741277975792036,0.9580322623063605,1.4723243253329141e-06,0.0031217836098790027,6.559890872315621e-06,5.936418064839734e-05,1.941474289502295e-05,0.0010992547173292993,4.6431098876247516e-08,0.00017547402197468795,9.463612730999294e-06,0.0010760290096893947,3.4351219669898886e-05,0.0003900410901840421,2.3303064081701993e-06,9.454256632006765e-08,2.1978341241306397e-05,5.592659624319683e-06,3.6709087175524825e-05
40,0.0032559427701845107,6.910670114305482e-06,0.005595132696366423,0.0001290328820272899,9.551679293335514e-05,7.2128855768452425e-06,0.026535220052522568,0.9600501017515086,1.4190545242597612e-06,0.002248299758511709,5.4913256362218655e-06,5.745949712302056e-05,2.2357564711148455e-05,0.0006872724926284586,4.7435654841011725e-08,0.00015064716827506113,7.568999933589963e-06,0.0007953569805396821,3.726549381066369e-05,0.0002590135616262904,2.220604460990352e-06,8.019216549189719e-08,1.5244053635819409e-05,4.676648208704176e-06,3.050866732012336e-05
41,0.003377778558664306,6.114224502911375e-06,0.004862011795308852,0.00013675824817201487,0.00010983908426955865,7.4607512617894405e-06,0.0243342565657223,0.962745208668053,1.4701197541570397e-06,0.002134865838351116,5.416093647057987e-06,4.9997077522471735e-05,2.41010927943086e-05,0.0006835735078942487,4.498259717804336e-08,0.00018908635957829667,8.43621400726733e-06,0.0009263142655965711,3.197051211382581e-05,0.0003150887379866776,2.026694276493981e-06,7.126774880220755e-08,1.388219088084726e-05,4.888508798252572e-06,2.933864049781545e-05
42,0.0011778123715830593,3.461193943031138e-06,0.002787512712261637,0.00010584863450038158,3.929896344263737e-05,5.149867560221129e-06,0.01307585342000596,0.979771336914681,7.610027908109353e-07,0.0017188591866876281,3.929035048813239e-06,3.1214088895727384e-05,1.042040243250879e-05,0.00036962417601250756,3.6527845852655553e-08,0.00015266080616855072,5.61536806983212e-06,0.0004973729681290291,3.093022648009144e-05,0.00018443147038384717,1.8475816795306666e-06,8.645893114667103e-08,1.0228538544668486e-05,3.194310444877782e-06,1.2513773476462153e-05
43,0.001551286395051907,5.408630230284399e-06,0.0032830864405808714,0.0001381620926057687,6.263012838094486e-05,8.062085805063228e-06,0.01648129348386266,0.9728867133985005,8.363802329489777e-07,0.0036070985003266577,4.2091239943340195e-06,2.690473470962254e-05,1.1062670393382636e-05,0.0005872813125316564,3.792346936251633e-08,0.0001735908656809507,8.435061395402013e-06,0.0007982165969863713,3.217883637610666e-05,0.0002910993644516683,2.691659718276192e-06,9.283581053703462e-08,1.5898648400009068e-05,3.7360365077769383e-06,1.9986793996687796e-05
44,0.0024915871313576626,5.927203232190052e-06,0.004145841920415356,0.0001472639702011666,8.104620159647687e-05,6.71997605274286e-06,0.021290089558122272,0.9672864445236363,1.112535568471338e-06,0.00241084401724324,5.234384821075738e-06,4.424950403468278e-05,1.6743968758126665e-05,0.000690500282434584,3.91630131331205e-08,0.00015836755587402435,7.927167906459246e-06,0.0008447544544489924,3.055214544594842e-05,0.00028745313066580913,2.1104192160461806e-06,8.045215867999539e-08,1.566794792796847e-05,4.4164627096558645e-06,2.502592315892581e-05
45,0.011036136404900629,4.197854495336817e-05,0.008173275682190536,0.0004873171574884539,0.00033767316106529893,1.781737579747062e-05,0.044818758400442055,0.9160787064719826,3.2956987342087503e-06,0.010433403397253292,8.185397968347748e-06,0.00011854827805001413,5.974661627381608e-05,0.0033333380308290094,4.729814051902136e-08,0.00021762843501302716,3.939933637347561e-05,0.0031788122933875617,6.646699218768871e-05,0.0013253776903604194,7.77311724201383e-06,1.5937525803255843e-07,7.32288099163009e-05,1.2637993717361392e-05,0.00013028804047433406
46,0.0018149290435478353,4.192168944233546e-06,0.0031440785557647105,0.00017146272767922403,6.308412920220543e-05,6.904016747513788e-06,0.012864064337225353,0.9776890935137054,8.729036798843835e-07,0.0019603799119835745,5.352869974382518e-06,4.014751817782461e-05,2.264363760460079e-05,0.0006852955332188452,3.574407112601275e-08,0.00016204895185628528,1.4810764109946566e-05,0.000908482525447697,2.8290103706436635e-05,0.000368831770832127,2.413191286952649e-06,1.0980528081697486e-07,1.606386085171142e-05,4.315378003720968e-06,2.2097037097633225e-05
47,0.00417123139336589,7.389966116244143e-06,0.005212073427857884,0.0001438928759939002,0.00010453599593868917,7.114334319800415e-06,0.024202077787198198,0.9613793188322056,1.5633121424719637e-06,0.002387611473182173,4.941502204350402e-06,6.118488927174701e-05,3.0054201790799806e-05,0.0006112549029098647,4.915399722401466e-08,0.00020013561403159745,1.1421126208388256e-05,0.0010038266722023962,4.292951863751794e-05,0.0003608057827626503,2.4348347349471463e-06,9.563068557058982e-08,1.4752116518476219e-05,5.633812519711779e-06,3.367084320368357e-05
48,0.002621760310217295,3.016368807581783e-06,0.005851491675004406,0.0002242571731920695,8.536894664917836e-05,3.973487549207527e-06,0.02414133312415258,0.9623680902821967,1.3354491730117707e-06,0.0019820668428310604,3.2397328066383815e-06,5.539239770348833e-05,1.9715952024019355e-05,0.0006183132769558746,4.5389854211105894e-08,0.0002116995971308757,5.6965502534040894e-06,0.0014003081057805543,5.840331647599528e-06,0.00033780661967394753,1.9654934226260867e-06,5.63697077612348e-08,1.1042368442746261e-05,2.252770929055494e-06,4.3931383894143535e-05
49,0.002574839471892189,6.351454425083253e-06,0.004692258631712746,0.00017197487692047173,7.741218396037057e-05,7.239834206530715e-06,0.021406745987591107,0.9660782843892133,1.1552998404039223e-06,0.002722306763308414,5.32683270393244e-06,4.90711544231201e-05,1.8836430405643943e-05,0.0007257138521386924,3.899606992252764e-08,0.00016170954217914645,8.409973314048907e-06,0.0008890611391455694,3.1447639782213514e-05,0.0003194247464093398,2.337872742525865e-06,8.611451839673766e-08,1.8045948350378988e-05,5.000226009004506e-06,2.692063873747317e-05
50,0.007496218458894626,8.919222947208188e-06,0.007274168587887057,0.0005589719168371573,0.00010511418263145737,2.5306629991715518e-05,0.00747752893765416,0.9687718356420818,9.47430971708038e-06,0.0013632115631607357,1.3304194688977481e-05,9.546436744059682e-05,0.00011575426207815303,0.0008246057504901357,8.502413804479451e-08,0.0005454996440320539,3.5561581102309244e-05,0.004166034886742296,7.19008302700303e-05,0.0009530877151069602,5.4996573184010655e-06,2.7169098158844097e-07,1.891636092812037e-05,3.043968909647884e-05,3.282489378290768e-05
51,0.0024910102403667943,3.2778577451292317e-06,0.004551668149330386,7.924468673267728e-05,0.0001558764183283421,7.88223495589636e-06,0.026667085086092862,0.9620285608614146,9.506514199685249e-07,0.0021934274815970595,5.904719661053227e-06,3.425633768532463e-05,2.972621087188466e-05,0.0004313591489934564,3.941127457541128e-08,0.00021139450467495835,9.151367061688717e-06,0.0006670534874791307,3.072511076727759e-05,0.00035206159268390985,1.8451557719291e-06,4.8543146897057416e-08,1.6699257257625085e-05,4.999512437160549e-06,2.5751972249264243e-05
52,0.0026218467145608985,5.850996363120108e-06,0.004116499422169321,0.0001462726541536394,8.333413735969398e-05,7.169014713237148e-06,0.02050184805968663,0.9678183422501888,1.1401646427745542e-06,0.0024403331089880385,5.370034371151189e-06,4.221699267759673e-05,1.6963744786964303e-05,0.0007151511268934096,3.97750321990909e-08,0.00016269808103180623,8.413385120184667e-06,0.0009368291417328241,3.0775748016152765e-05,0.00029126939209924763,2.102038491213751e-06,8.188408429401966e-08,1.5261119230605835e-05,4.470569562889597e-06,2.5720444043016808e-05
53,0.0015721492314862357,4.562847926835243e-06,0.003487277906467041,0.00012506084578911957,8.389985189539768e-05,4.443589684656882e-06,0.028375646788978044,0.9628150746738198,8.193442680167955e-07,0.0019727218516720005,5.0436426236994065e-06,4.466367757119985e-05,1.3689009920357547e-05,0.0005659970972696778,3.461679741081013e-08,0.00013981029851854184,5.216525570320851e-06,0.0004921111119849304,2.115530980329587e-05,0.00022952153999228252,1.6850127443575887e-06,5.967394127216407e-08,1.5444232278744507e-05,3.3116868762425752e-06,2.059963212069882e-05
54,0.0013810777399374183,2.6610283435442026e-06,0.0030768651465965554,0.00012853778824909663,5.902362671485999e-05,5.441670737167193e-06,0.014735949685916653,0.9774708102198728,8.082524947449905e-07,0.001480202749204406,5.478340556966571e-06,3.18702234423636e-05,1.6622733157294448e-05,0.0004375809110999848,2.4875436121527975e-08,0.0001420321050452003,7.775894851914525e-06,0.0007160367929499193,2.2105789018022182e-05,0.0002460876280373975,2.0298323525445817e-06,6.935718068595483e-08,1.3165886771366697e-05,4.476422120316729e-06,1.3265299912921901e-05
55,0.003910540847503661,6.909755305454451e-06,0.00538066678235457,0.0001677401768926565,9.495348398468261e-05,7.637239834781204e-06,0.02557647602643357,0.9601571865375,1.8034065161529484e-06,0.0022129318166188984,5.430373601872071e-06,6.526829581174207e-05,2.7673208731147432e-05,0.0006795974294992697,4.503799436732615e-08,0.00018371847363917018,9.002565949007046e-06,0.0011298005935293826,3.7224229427079116e-05,0.0002913698330393443,2.4403322830117323e-06,8.850627362324283e-08,1.3916442176070141e-05,5.8236107204598436e-06,3.1754994380125815e-05
56,0.0026301103519415004,6.0966218816240704e-06,0.004304936531293095,0.00014999794236812073,8.583656752155901e-05,7.057228464228526e-06,0.021807860227115183,0.9664314023176619,1.1792570471505739e-06,0.002379422450826901,5.508690996957784e-06,4.73858064161223e-05,1.903055485174174e-05,0.0007039754096065218,4.096757502484284e-08,0.00016235995615776898,8.600297933667145e-06,0.0008659831882885639,3.255204893357642e-05,0.00030119234835864964,2.2150441859084107e-06,8.377474406063479e-08,1.616141591100643e-05,4.749793361819192e-06,2.6261206557446103e-05
57,0.002582922199113084,5.366067564010623e-06,0.0042821768559396555,0.00016869699003358815,7.005943044628273e-05,7.99575860057227e-06,0.021010849426269965,0.9655018298058873,8.044483616643381e-07,0.0035806605539293102,5.762974581727872e-06,2.6055983482302914e-05,7.699733262299035e-06,0.0009602837762420819,2.8371635377050453e-08,0.00012068634001707877,5.7553737737838685e-06,0.0013690289392530738,2.078323980430849e-05,0.00022557247351527685,1.924863016767089e-06,6.31667134562659e-08,1.6881743881349636e-05,4.038464244935033e-06,2.4073020430830457e-05
58,0.0029007952014386143,6.124894971537565e-06,0.004597715497139308,0.0001490526316703069,8.760552204951736e-05,7.372198876721647e-06,0.02239471435492844,0.9653183092638674,1.2738261289887101e-06,0.0023203273229023868,5.851790605741961e-06,5.0152303193690535e-05,2.0281525748786636e-05,0.0006851666847502322,4.084802125249048e-08,0.00016374220748947716,8.306972377804481e-06,0.0009010054774160257,3.541314155725979e-05,0.00029649707501478296,2.22381761996656e-06,8.313813164483262e-08,1.6432131541131453e-05,5.46248765718035e-06,2.6049684901713127e-05
59,0.002673632481712833,5.9258649633074394e-06,0.004648165929079423,0.0001493463975279523,8.155960112992894e-05,7.007640078288645e-06,0.021964580172901725,0.9659313972343478,1.1696068079584352e-06,0.002431566845637308,5.500773448576306e-06,4.692987668880744e-05,1.8391462699739326e-05,0.0006453519433852764,3.904772460659727e-08,0.00015886223700951275,7.694145931693478e-06,0.0008430897438840639,3.305395232212885e-05,0.00029781725097965934,2.1953016497673745e-06,7.914648993766521e-08,1.6713908888015303e-05,5.216377189571416e-06,2.4713057522288435e-05
60,0.0024915871313576626,5.927203232190052e-06,0.004145841920415356,0.0001472639702011666,8.104620159647687e-05,6.71997605274286e-06,0.021290089558122272,0.9672864445236363,1.112535568471338e-06,0.00241084401724324,5.234384821075738e-06,4.424950403468278e-05,1.6743968758126665e-05,0.000690500282434584,3.91630131331205e-08,0.00015836755587402435,7.927167906459246e-06,0.0008447544544489924,3.055214544594842e-05,0.00028745313066580913,2.1104192160461806e-06,8.045215867999539e-08,1.566794792796847e-05,4.4164627096558645e-06,2.502592315892581e-05
61,0.0026537972237674736,5.954390079021418e-06,0.004594660314365305,0.00014880291048935084,8.226222740119173e-05,6.97994300358644e-06,0.02210993351114635,0.9658617067917158,1.171553855734603e-06,0.00242520935265648,5.497441754014399e-06,4.699681442127146e-05,1.8431412646081733e-05,0.0006478822473815752,3.987941611616301e-08,0.0001589424377826299,7.835332283398419e-06,0.0008455200852900345,3.293309936694565e-05,0.0002965119177231601,2.1996405268722613e-06,8.062177067350874e-08,1.6520299726349376e-05,5.101927356397956e-06,2.502862407427443e-05
62,0.0024915871313576626,5.927203232190052e-06,0.004145841920415356,0.0001472639702011666,8.104620159647687e-05,6.71997605274286e-06,0.021290089558122272,0.9672864445236363,1.112535568471338e-06,0.00241084401724324,5.234384821075738e-06,4.424950403468278e-05,1.6743968758126665e-05,0.000690500282434584,3.91630131331205e-08,0.00015836755587402435,7.927167906459246e-06,0.0008447544544489924,3.055214544594842e-05,0.00028745313066580913,2.1104192160461806e-06,8.045215867999539e-08,1.566794792796847e-05,4.4164627096558645e-06,2.502592315892581e-05
63,0.0027147733497569367,6.865354234258891e-06,0.004417113874095756,0.00015669877214275366,8.516147019182133e-05,7.18517021792911e-06,0.022190929126622325,0.9655543755782348,1.2169592226368058e-06,0.002613930672897958,5.407546485964382e-06,4.7878391422660375e-05,1.771332579274063e-05,0.000736461854245127,4.260233528703161e-08,0.0001642426088554569,8.373853522371787e-06,0.0008801355870632667,3.377241784458717e-05,0.00030654518057800727,2.2918043260741074e-06,8.721331037763409e-08,1.681078639248318e-05,4.762069640623729e-06,2.7224430567985687e-05
64,0.0023586317526252277,6.225616948525922e-06,0.004150566405213667,0.00015611641847190639,8.027264105214437e-05,7.040675969010175e-06,0.021137742719789177,0.967395390970846,1.1264656375241062e-06,0.002552609136049422,5.341811738054716e-06,4.573843220053743e-05,1.726253681396228e-05,0.000701586105007029,4.032689847458708e-08,0.0001605507305802526,8.418381615175137e-06,0.0008351802566352197,3.2125870689663273e-05,0.00029868124210279687,2.402581783384599e-06,8.75202618656352e-08,1.6996183654973317e-05,4.621917254658156e-06,2.524330016137072e-05
65,0.007577672508936041,7.463871813628816e-06,0.006119218495214518,0.00015841292407697678,0.00014225839685184916,1.1140128148229978e-05,0.02375669363365056,0.9571565406943866,3.737115820152148e-06,0.001499664423401493,9.590404844836479e-06,9.158235671287299e-05,5.279629851037114e-05,0.0007732629223514398,6.104870781371251e-08,0.00024372834980823367,1.4445347216920212e-05,0.001948548649333506,6.39538465844166e-05,0.00030477463870861405,2.7242430966667117e-06,1.363753942794032e-07,1.3466053735384157e-05,1.1041649160575824e-05,3.7085623533991124e-05
66,0.0025534381026713114,6.001482756985336e-06,0.004239254765788238,0.0001475376183446352,8.353311496738632e-05,6.873646668638212e-06,0.021554308906006795,0.9667855986529297,1.1275778396182724e-06,0.002465499846998284,5.2760459946531485e-06,4.4244488670871114e-05,1.7229629634754596e-05,0.0006899188269026494,3.938927892393639e-08,0.00016020558589587003,8.079836600060807e-06,0.0008560421461556626,3.1038955114278394e-05,0.00029649932820484057,2.1439373735685364e-06,7.99782876180359e-08,1.601878130131684e-05,4.544351471673947e-06,2.546500414175189e-05
67,0.0029354962520872522,6.357895476620623e-06,0.004574404055812201,8.459157110625284e-05,6.615410580928275e-05,4.497710852194295e-06,0.02950727398907708,0.9594354564603678,1.2597880404759222e-06,0.0019538112408253347,4.164262073609419e-06,4.79748180035239e-05,9.81814958346919e-06,0.0004055052742133977,4.8408648079559655e-08,0.00012251156618375608,4.0672474158579854e-06,0.0006287611074365491,3.996402240168403e-05,0.00013225968364412232,1.768465972719039e-06,8.013610930933117e-08,9.076131837407e-06,3.319426459721648e-06,2.137823056213848e-05
68,0.00209194453574998,5.890057931416155e-06,0.0029799560767092724,0.00010530560420301326,0.0001246279155552676,7.593734145991827e-06,0.021698150462261506,0.9687667557863157,1.044769730080605e-06,0.0021542732977013956,6.008062980889779e-06,3.461463665899493e-05,1.781545671227133e-05,0.0007171876930201448,5.6386712159481125e-08,0.00018876017923302914,1.0233716249212133e-05,0.0006801266059960216,3.485768271339595e-05,0.00032846903118550846,1.8422072338714152e-06,8.354862553018592e-08,1.4757835205498803e-05,3.7095984902782883e-06,2.5935118679461446e-05
69,0.0036393411521484912,7.489792661137289e-06,0.004516766027376521,0.00013691882465712325,9.115385915291153e-05,7.542974455448251e-06,0.023472990798089316,0.9627202584841463,1.397929381001412e-06,0.0028625482063835248,4.694221699416903e-06,4.4391461185825825e-05,1.6433556826788048e-05,0.0007767514656615802,4.688968691409037e-08,0.00016258284412865425,9.239096649326247e-06,0.0011770318989988635,3.549856701327584e-05,0.0002639780101507014,2.0228987426616323e-06,9.379421607022161e-08,1.315708397437385e-05,3.8315741430602365e-06,3.383858847096456e-05
70,0.002408980488638233,6.416274177280497e-06,0.004145208305902442,0.00014712744543207855,8.263542819627085e-05,7.3901769224595365e-06,0.02222177296526178,0.9662646030361132,1.1731761583115114e-06,0.00260343806049749,5.867156306834194e-06,4.517088250047758e-05,1.5981614698279838e-05,0.0006825708333697694,4.195145315024034e-08,0.00015872818760670804,7.805414537222972e-06,0.0008318016118431136,3.659979242659595e-05,0.00027704885894120067,2.4063674504615565e-06,8.975145910102172e-08,1.7710565823358214e-05,5.0849651335703006e-06,2.4346689150539796e-05
71,0.0012122292927983988,1.5803674193027294e-06,0.004280539550147203,7.685824172657492e-05,9.521239344360204e-06,4.755994130331978e-06,0.013963778142158762,0.9779390828710037,6.278436558903545e-07,0.0013030555220859524,4.271740064300562e-06,2.8283792410483225e-05,3.1991490266657676e-06,0.00026149150812620727,2.6576268335041896e-08,5.9749573897862304e-05,1.678865533305557e-06,0.0007801426108588028,3.054317929343379e-05,2.262159015981118e-05,1.3709141625768078e-06,1.0288448656274386e-07,4.292619541548146e-06,2.3407722003170182e-06,7.855159499185088e-06
