,0,1,2,3,4,5,6,7,8,9,10,11,12,13,14,15,16,17,18,19,20,21,22,23,24
0,5.120416111062446e-06,0.00021010136734023606,4.468732315934592e-05,3.13038763861841e-05,1.9943429602640747e-07,3.757242286695462e-06,0.0013089528485682954,0.9665812451146228,1.9871195825594655e-05,0.00046083184264968606,2.993491314493876e-05,6.863564779047978e-05,0.00016673082764693395,0.0005115978606676553,1.2866141156319477e-05,0.027529088448037673,5.6840140540436545e-05,0.0007566551127426641,0.0012249655724786029,3.238484574627015e-05,0.0002836495619433741,0.0006481195320169337,1.9109390508470608e-07,4.0436384551134675e-08,1.2229204551962112e-05
1,6.1748989996872675e-06,0.00021781104173077004,5.933053328696194e-05,4.166689937528685e-05,2.1212957889288042e-07,2.2421072845286937e-06,0.0014432292445344683,0.9521406677934958,9.58815645184533e-06,0.0003115043427187613,2.456484636753737e-05,8.227332571773934e-05,0.00022102496133747187,0.00030452375427688597,9.27274304038394e-06,0.04254351838685398,9.763175512429582e-05,0.0007243285751141581,0.0010080068112889378,3.363872902016481e-05,0.0002744310796012009,0.00043555352382003805,1.6249141705272844e-07,4.3409270322800096e-08,8.598460292740429e-06
2,6.151601808854789e-06,0.0002472018237269466,4.806038402708476e-05,4.0604525251746326e-05,2.430209009665047e-07,2.0761521955495957e-06,0.0012758177306873308,0.9633939218554155,9.205693624370413e-06,0.0002636579792967362,2.968187001569165e-05,9.040331354103345e-05,0.0001986789265564838,0.00034680498558771125,1.0951590057343475e-05,0.031743449845579697,9.737176299302819e-05,0.0005823714026426971,0.000813641687463634,3.135053497839282e-05,0.000232461739589835,0.0005265740202054411,1.4551450649478728e-07,3.596236505940815e-08,9.136076982579117e-06
3,7.2820916510613654e-06,0.0002525697797220353,5.001038531101213e-05,4.3167056090568376e-05,2.2709137525995003e-07,2.075273285046426e-06,0.0013700619585083934,0.9631707091195276,7.88852151243367e-06,0.0002377359557995346,3.074875378524659e-05,9.30784539527215e-05,0.00021517192291393652,0.000290778122677799,9.513924538772273e-06,0.03178895870785187,0.00011142821050573574,0.0006343397985929984,0.0008858835154157875,2.6486301250570435e-05,0.0002543192242737245,0.0005094116181129139,1.5012458408777467e-07,3.583455363320209e-08,7.96825420722068e-06
4,7.658235734437974e-06,0.0002632943305411175,5.3471097309702454e-05,4.36730503895368e-05,2.284264149765456e-07,1.8288136251295219e-06,0.0013899836321545084,0.965747773035651,8.006279229210237e-06,0.0002357272495868705,3.133161405151127e-05,9.503015214104076e-05,0.0002499694910518655,0.0003274802859565343,8.527645476840026e-06,0.029050953952553468,0.00010750344626516008,0.0006819737725901429,0.0008560448904678452,2.838910159671921e-05,0.0002729823154032495,0.0005303934175471097,1.4398603787061075e-07,3.740412825455131e-08,7.594374096178716e-06
5,7.412402078932926e-06,0.0002580312487678825,5.481777650912195e-05,5.320042685779261e-05,2.573101048626589e-07,2.189830500133678e-06,0.0013841909832970627,0.9631365112465385,8.567969849030188e-06,0.00027582948822575584,3.0097017368916757e-05,8.585748006494707e-05,0.0002390540639104322,0.0003200587101113178,8.709977405173247e-06,0.031474220094883175,0.0001109272966622672,0.0008290383433408659,0.0009347199583852296,3.199388133428508e-05,0.0002794515640749208,0.00046749334527998145,1.8308011944847883e-07,4.183222981321599e-08,7.144672100071806e-06
6,7.2820916510613654e-06,0.0002525697797220353,5.001038531101213e-05,4.3167056090568376e-05,2.2709137525995003e-07,2.075273285046426e-06,0.0013700619585083934,0.9631707091195276,7.88852151243367e-06,0.0002377359557995346,3.074875378524659e-05,9.30784539527215e-05,0.00021517192291393652,0.000290778122677799,9.513924538772273e-06,0.03178895870785187,0.00011142821050573574,0.0006343397985929984,0.0008858835154157875,2.6486301250570435e-05,0.0002543192242737245,0.0005094116181129139,1.5012458408777467e-07,3.583455363320209e-08,7.96825420722068e-06
7,7.963272454340132e-06,0.00024691093185908206,5.024157319529174e-05,4.253036513024607e-05,2.1095289378704386e-07,1.928686296035652e-06,0.0013758610793303135,0.9649375078301602,7.2713896890761395e-06,0.0002198040218154448,3.168251536992116e-05,9.20796428273632e-05,0.0002410755967004958,0.0002660846118988828,9.060621186576849e-06,0.030054493900166245,0.00010581876403769498,0.0006350927451479197,0.0008740411615335355,2.5767900507832974e-05,0.00024366537199266446,0.0005236081207242097,1.3219439166969544e-07,3.344710447281571e-08,7.133303586836666e-06
8,1.0379234543118458e-05,0.00033964170579750384,0.00011263670664484794,5.680555749065642e-05,3.3362964420672827e-07,2.4899012662645722e-06,0.0009577950757789755,0.9564442236943345,1.0875531270076588e-05,0.0004319168139454196,3.204918053953493e-05,0.00010995575223976845,0.00021307572089620277,0.0005225383595025656,1.1313977869800335e-05,0.038539264587048504,0.00016802010793686366,0.000639016792284083,0.0005943222489896509,3.854024304313805e-05,0.00027676872867180116,0.00047321111528133436,2.6372213900078675e-07,7.004006956723154e-08,1.449157277287698e-05
9,5.61840724375029e-06,0.0003514669259355129,9.77792848073812e-05,4.723592078434188e-05,2.320021654012498e-07,1.9750330801760303e-06,0.0007968188440297672,0.9495478583500702,1.0378638975786605e-05,0.000583653795212807,2.200816656850696e-05,8.267698552767694e-05,0.00020420053112054883,0.0005928583487030301,9.56566896697577e-06,0.0455272193426593,0.00012974512537156657,0.0005978051562393528,0.0006395822534803447,4.879092658494807e-05,0.0002587150429843522,0.00043028556924018605,1.9862754871039854e-07,6.079152698939152e-08,1.3270261172569906e-05
10,7.2820916510613654e-06,0.0002525697797220353,5.001038531101213e-05,4.3167056090568376e-05,2.2709137525995003e-07,2.075273285046426e-06,0.0013700619585083934,0.9631707091195276,7.88852151243367e-06,0.0002377359557995346,3.074875378524659e-05,9.30784539527215e-05,0.00021517192291393652,0.000290778122677799,9.513924538772273e-06,0.03178895870785187,0.00011142821050573574,0.0006343397985929984,0.0008858835154157875,2.6486301250570435e-05,0.0002543192242737245,0.0005094116181129139,1.5012458408777467e-07,3.583455363320209e-08,7.96825420722068e-06
11,7.808809558455275e-06,0.0002572084937769221,5.2472446892976294e-05,4.5157220368365274e-05,2.3721027613282346e-07,2.019341719440086e-06,0.0014526348796727016,0.9630864258737737,8.075704460477394e-06,0.0002313566543492303,3.200065042074243e-05,9.838104279891175e-05,0.0002475243980344393,0.00029579845939799653,9.404891811008032e-06,0.031669688197701856,0.00011182510933494456,0.0006572661687711822,0.0008984327303467738,2.8539569867949364e-05,0.0002643965487076614,0.0005352851889552445,1.4942131306034715e-07,3.8955154820730116e-08,7.87203253484386e-06
12,9.037976978186604e-06,0.00030492430478094217,8.199194087472357e-05,4.3178031840714905e-05,5.402968697886972e-07,2.8611563862501197e-06,0.0016517146130640523,0.9554923866241307,1.3160685862485156e-05,0.0003176900670122315,4.5789410323501344e-05,0.00013024496920538273,0.00024529429374679453,0.0005253751828911288,1.1073257154959799e-05,0.03838478076286901,0.00016227727380628505,0.0008312957922978519,0.0007308000275617482,5.247784462251613e-05,0.00038131954267724735,0.0005667269844358847,2.616654064314051e-07,7.274935170633812e-08,1.472454584920072e-05
13,6.88176179472227e-06,0.00029984463456478495,7.895724461192259e-05,0.00010030035130053124,2.7138963208300424e-07,6.042964905608805e-06,0.002021864660739122,0.9122218960526411,1.4221208335613014e-05,0.0007213573487608648,1.602216246940739e-05,6.405072500610787e-05,0.00021997938320914665,0.0002619133302216111,1.1302449786196494e-05,0.08005177283376393,0.00017282939101424425,0.0012306011642174985,0.0017650132788102246,4.28661970157042e-05,0.0003356357353461126,0.0003471724657387446,5.305100409823886e-07,7.827051714136334e-08,8.594485556597253e-06
14,7.470278145585603e-06,0.00029086234851264465,4.9052399994553305e-05,4.784112676880389e-05,2.5959409217904644e-07,2.0427741997194235e-06,0.0014526645291258549,0.9640130430516326,7.835613415587843e-06,0.00024553543750151886,3.423756197331699e-05,9.287238331255553e-05,0.00024065958396935315,0.0003030238725110518,9.37441190714708e-06,0.030467998236151508,0.00012123207322548181,0.00070630925269431,0.0010357073454473926,2.7105542415670907e-05,0.00029542142456120165,0.000541668737409748,1.5641659036908279e-07,3.78423492766808e-08,7.588162092544703e-06
15,7.2820916510613654e-06,0.0002525697797220353,5.001038531101213e-05,4.3167056090568376e-05,2.2709137525995003e-07,2.075273285046426e-06,0.0013700619585083934,0.9631707091195276,7.88852151243367e-06,0.0002377359557995346,3.074875378524659e-05,9.30784539527215e-05,0.00021517192291393652,0.000290778122677799,9.513924538772273e-06,0.03178895870785187,0.00011142821050573574,0.0006343397985929984,0.0008858835154157875,2.6486301250570435e-05,0.0002543192242737245,0.0005094116181129139,1.5012458408777467e-07,3.583455363320209e-08,7.96825420722068e-06
16,6.874652136055219e-06,0.00024701093556951756,4.0828788553825735e-05,4.095780302909131e-05,2.0409284828486875e-07,1.881240924057341e-06,0.001343134189596611,0.9656203350310669,7.287369431389463e-06,0.00021118158940691125,3.0721739684250306e-05,9.366292673027416e-05,0.00020962258911319144,0.0002761878842491277,9.965672823381321e-06,0.029415475019659056,0.00010046061643192055,0.0005969368245061469,0.0009293655256644971,2.349819564677414e-05,0.00023293087021047197,0.0005538574118768455,1.2651754758218938e-07,2.9674038040006154e-08,7.462839255494688e-06
17,8.183059740392088e-06,0.0002596525061920621,5.3432611722954456e-05,4.420892231165102e-05,2.6908100898767496e-07,1.983053440637134e-06,0.0016019768928441057,0.9650826277180122,8.404492686267732e-06,0.00021589902897023967,3.4889601285736104e-05,0.00010326013636216575,0.00024828488960902483,0.00032413637742257246,8.665729828763395e-06,0.02939087471742814,0.00011824363941220528,0.000724472804752075,0.0008954916436617487,2.8110117898796503e-05,0.00030648951626546664,0.0005322340364663256,1.6261182663481467e-07,4.0631569004799925e-08,8.006179281752954e-06
18,7.248699709926282e-06,0.0002549898837875677,5.0732639221415235e-05,4.232837092057045e-05,2.2989814983613123e-07,2.079230446376016e-06,0.0013943488037013619,0.962485550580089,8.043609587017558e-06,0.00023971538754066608,3.106876779451759e-05,9.520274848840938e-05,0.00021585668076039893,0.0003010122905706796,9.619055623781625e-06,0.03240553937070215,0.00011308811254192647,0.0006371380113048427,0.0008934410888482351,2.7014456765762995e-05,0.00026222769163086295,0.0005150084955369266,1.5260449969191074e-07,3.677021972607717e-08,8.326751558163803e-06
19,6.327886098027547e-06,0.0003352602748734002,4.9989839622527956e-05,6.739437096747596e-05,2.8179528785968047e-07,2.7494865042004388e-06,0.00145189483962701,0.9572044537274955,1.0836278994216368e-05,0.00034853093149175265,2.6072074538823475e-05,0.00010412973719075942,0.00023047738199570442,0.00034357155268241853,1.3295943394430396e-05,0.037276615278709666,0.00011562037021831642,0.0005870546858891644,0.000986764925746447,3.271679692273115e-05,0.00020476494514282107,0.0005917649038494571,1.727993701498082e-07,4.182743113859176e-08,9.217345956121947e-06
20,9.416244542071742e-06,0.0002691912746792872,7.826055023291758e-05,5.081647473363944e-05,3.143306691313954e-07,2.783905445585735e-06,0.0018318424109663328,0.9428818644420395,9.020544948394407e-06,0.0002700580286455679,3.270844292626463e-05,0.00012470936003556568,0.00021995469218934609,0.0002875032752635377,9.852802111760902e-06,0.05120296058420905,0.0001748680813028475,0.0008035203888132397,0.0009639239262231799,3.0746306184648457e-05,0.00033680985940997014,0.0003974192137072291,2.5457322505104224e-07,6.041646012025886e-08,1.113987103569218e-05
21,9.159360323074143e-06,0.0002392250310244748,8.521795411566932e-05,3.950346958635541e-05,2.1565974252572032e-07,1.2224027358591578e-06,0.0012912125043254938,0.956312319342516,5.981707391254602e-06,0.00021781612406236367,2.855302633260776e-05,0.0001123151660276123,0.00029453615455047233,0.0003684393843566799,5.654907834854963e-06,0.03858795054022818,0.00013869048807299824,0.0008833711528308632,0.0006218899294392749,3.630438398433157e-05,0.00033224244095467426,0.0003803256691898988,1.520603989575678e-07,4.77210395399995e-08,7.65341893626345e-06
22,8.116081039163615e-06,0.00022840958130996664,5.4254384927612225e-05,3.563953252397589e-05,1.613287073910802e-07,1.543679868530994e-06,0.000930022094074497,0.9679806324817958,4.34368211545698e-06,0.00022168620060070656,2.7504295967402993e-05,6.83865058312317e-05,0.00020259666687065043,0.0002348134179641858,5.746853637294602e-06,0.027720719971800274,0.00013679237650200468,0.0007132468771787033,0.0007055004994700388,2.2709557334122564e-05,0.00026178183975196766,0.0004301399680766067,1.3033022849304254e-07,2.5830008798681646e-08,5.095962415223197e-06
23,7.2820916510613654e-06,0.0002525697797220353,5.001038531101213e-05,4.3167056090568376e-05,2.2709137525995003e-07,2.075273285046426e-06,0.0013700619585083934,0.9631707091195276,7.88852151243367e-06,0.0002377359557995346,3.074875378524659e-05,9.30784539527215e-05,0.00021517192291393652,0.000290778122677799,9.513924538772273e-06,0.03178895870785187,0.00011142821050573574,0.0006343397985929984,0.0008858835154157875,2.6486301250570435e-05,0.0002543192242737245,0.0005094116181129139,1.5012458408777467e-07,3.583455363320209e-08,7.96825420722068e-06
24,6.07864521362454e-06,0.0003533146485063265,4.005099702481584e-05,6.228705782622753e-05,2.1830706602901924e-07,1.7766760627485997e-06,0.0012201106404964826,0.9653710719749243,7.340946784761421e-06,0.0002765365432021352,2.673320649637374e-05,8.37531576238292e-05,0.00023054865552402687,0.000313166856702135,9.544728958127097e-06,0.02931064549425849,0.00011246343342577541,0.0006653691656726571,0.0010931890599835481,2.497817642533471e-05,0.00023486554639914585,0.0005492684856890104,1.4434864827760442e-07,3.2583619408923774e-08,6.510663466336833e-06
25,4.9367320752750325e-06,0.00012650138008641452,2.874501837097769e-05,2.386378641581006e-05,1.7098312462156545e-07,9.530166048289232e-07,0.0012295498492211868,0.9790740504277047,3.660707271935622e-06,8.878885985325485e-05,2.8191703904371807e-05,7.180508347729716e-05,0.00016924847830977597,0.00017783179483988777,3.7369431087715105e-06,0.01726523061610178,6.607419565937767e-05,0.0005970052590065412,0.00048485616275101956,2.0029343497484787e-05,0.00021069320809265427,0.0003205823407909718,7.379424766094733e-08,1.7180040008252508e-08,3.4031354432633595e-06
26,1.2296733461421387e-05,0.0002747944528954394,0.0001232449467084662,6.618707334699377e-05,4.4146265046382345e-07,3.349963263144148e-06,0.001572534349821748,0.9541185028638657,1.5089886634043666e-05,0.0004246869092099712,3.520298960691122e-05,9.970468207408621e-05,0.0002876419233784076,0.0004959732850981813,8.130860250534937e-06,0.03929118612429322,0.00015881354182360936,0.0012957821652344844,0.0008123902305354599,5.120148639935726e-05,0.0004304036258206242,0.0004111887458666864,4.1340535925952295e-07,9.82096990643941e-08,1.0740082702823108e-05
27,1.436955310113268e-05,0.0003903770111892526,0.00026983761774445285,4.346525915411107e-05,3.4639440178297317e-07,8.424360576943493e-07,0.0024117469488876245,0.9338694609865721,2.4204844746285156e-06,0.00021628545440201477,4.9582741051907833e-05,0.00012791591841457238,0.00037238727940171006,0.0005110235075461989,3.012813594982651e-06,0.05588561691633852,0.0007484591456043953,0.002019827671182381,0.0008689867768207814,3.7224447894472367e-05,0.001998906988607525,0.00014901458175861458,4.4391303633569235e-07,7.988312342470559e-08,8.36526963935221e-06
28,7.2820916510613654e-06,0.0002525697797220353,5.001038531101213e-05,4.3167056090568376e-05,2.2709137525995003e-07,2.075273285046426e-06,0.0013700619585083934,0.9631707091195276,7.88852151243367e-06,0.0002377359557995346,3.074875378524659e-05,9.30784539527215e-05,0.00021517192291393652,0.000290778122677799,9.513924538772273e-06,0.03178895870785187,0.00011142821050573574,0.0006343397985929984,0.0008858835154157875,2.6486301250570435e-05,0.0002543192242737245,0.0005094116181129139,1.5012458408777467e-07,3.583455363320209e-08,7.96825420722068e-06
29,7.2820916510613654e-06,0.0002525697797220353,5.001038531101213e-05,4.3167056090568376e-05,2.2709137525995003e-07,2.075273285046426e-06,0.0013700619585083934,0.9631707091195276,7.88852151243367e-06,0.0002377359557995346,3.074875378524659e-05,9.30784539527215e-05,0.00021517192291393652,0.000290778122677799,9.513924538772273e-06,0.03178895870785187,0.00011142821050573574,0.0006343397985929984,0.0008858835154157875,2.6486301250570435e-05,0.0002543192242737245,0.0005094116181129139,1.5012458408777467e-07,3.583455363320209e-08,7.96825420722068e-06
30,7.2820916510613654e-06,0.0002525697797220353,5.001038531101213e-05,4.3167056090568376e-05,2.2709137525995003e-07,2.075273285046426e-06,0.0013700619585083934,0.9631707091195276,7.88852151243367e-06,0.0002377359557995346,3.074875378524659e-05,9.30784539527215e-05,0.00021517192291393652,0.000290778122677799,9.513924538772273e-06,0.03178895870785187,0.00011142821050573574,0.0006343397985929984,0.0008858835154157875,2.6486301250570435e-05,0.0002543192242737245,0.0005094116181129139,1.5012458408777467e-07,3.583455363320209e-08,7.96825420722068e-06
31,8.712528723369522e-06,0.006913729520524271,6.462149585403767e-05,0.0038949556008044343,0.00017606584826377746,0.00045595711573526295,0.08560336926400222,0.466418860952755,0.005437153565601632,0.006203162218299069,0.0006914136634392609,0.0017591789753527462,0.002630002054665606,0.007626473126356354,0.011923103615237884,0.2361114883905449,0.0005740095336098902,0.0014215335350268332,0.1396135900764184,0.0012320142671330666,0.0023225279806058383,0.017766708962250292,1.2076565047720056e-05,7.583772736219203e-06,0.001131707371011911
32,6.980532096218284e-06,0.0002510235353183301,4.64162882214687e-05,4.4704613427698134e-05,2.266294946554136e-07,2.1420493451888377e-06,0.0014231796177543582,0.9615867943891127,7.890858887785879e-06,0.00023836613120739762,3.088580051588559e-05,9.14856286777053e-05,0.00021709645772136348,0.00027539733522698395,1.0298507931974411e-05,0.03316317659607301,0.00011151686711894721,0.000639573280107442,0.001028884384606356,2.6273636274158548e-05,0.00026286875469124583,0.0005266866940027643,1.5248021326434263e-07,3.625594270212303e-08,7.942676030248585e-06
33,8.108094461413168e-06,0.00021951923750438104,2.773299999940302e-05,3.898455097973135e-05,1.421956043245677e-07,8.479266600040051e-07,0.0013555229662091134,0.97419661183237,2.616488200891789e-06,7.746352922948242e-05,3.220634363767787e-05,0.0001099973416224205,0.0002717799104849977,0.00013993836338446763,4.30093905831061e-06,0.021334944282813392,0.0001182753555501619,0.000583989171401909,0.0007488574101465518,1.372233333032326e-05,0.00021740397168123693,0.0004937330658502388,7.028143766204385e-08,1.9308739225423585e-08,3.2120996428736487e-06
34,1.9919401620982368e-05,0.000162613315926737,5.7211484584951076e-05,4.381357289786852e-05,2.3670956606774426e-07,1.9052568719370898e-06,0.0016297816050317396,0.9766379312267893,7.572494998651584e-06,0.00012834686352793055,5.1479938055191764e-05,8.723276872982397e-05,0.00033600050416565696,0.00018364717760589044,9.069256880542092e-06,0.01785818015226304,7.891168611580029e-05,0.0008710604035073319,0.000965629735551329,1.7609005959397686e-05,0.00027766580493712966,0.000569159091851095,1.2218922460953727e-07,3.177976948209283e-08,4.868573567569531e-06
35,7.590799653425984e-06,9.795253128946125e-05,2.2691905331053265e-05,1.956273560149575e-05,6.773497525930624e-08,1.395151311211666e-06,0.0007723024310598025,0.9782346429652623,3.817672197074429e-06,0.00011435526120990657,1.9684299918501587e-05,5.484617371673781e-05,0.00011872170358870576,9.807635174831464e-05,3.5718966935443176e-06,0.01859177950292452,5.1175688516336207e-05,0.0006331992002097974,0.0006294156816105197,8.64583169492852e-06,0.0001207354554271292,0.00039300243490194024,6.245460015186935e-08,1.2266111542387796e-08,2.6918704461692717e-06
36,9.44193854148209e-06,0.00028717934444569173,6.44746630735311e-05,5.074511660848018e-05,3.7930128517440204e-07,2.593974402602531e-06,0.001813423719974502,0.9627033994682369,1.019589872255719e-05,0.00024155863248731294,4.500560264704105e-05,0.00011338351446385114,0.0002561274630270065,0.0003484057745323964,1.1285649544529345e-05,0.031199856156896688,0.0001335225795120256,0.0007481983938581405,0.0010175602796521968,3.119341201658053e-05,0.0003686160077052216,0.000532756875623761,2.1411785900529028e-07,5.437591450895081e-08,1.0427738968823142e-05
37,1.4412007416884197e-05,0.0002731665370396162,0.00010047137294284517,4.840607029035281e-05,4.012969404940529e-07,1.9290180603094804e-06,0.002201214790963224,0.961739214680966,1.1183485965463721e-05,0.00022371884535031913,4.493640415873891e-05,0.00014146938863152087,0.00039393263164392526,0.00045266684700853466,7.1371796691484365e-06,0.031225680372706156,0.0001448199513074482,0.001127933938750718,0.0008177685970596204,3.9080065546893785e-05,0.0004658917332788483,0.0005145148739647771,2.268942021008274e-07,7.268944749674315e-08,9.750326688479206e-06
38,7.252360595773499e-06,0.00016675169327487742,4.554890959899828e-05,3.8104750569628754e-05,1.3609694038335372e-07,2.654704772127826e-06,0.001770247956316234,0.9452494393848567,5.824890906871155e-06,0.000212652291186738,2.3295716709494663e-05,7.791748806541562e-05,0.00022979498200002466,0.00015549385692036936,9.969418348773437e-06,0.04928237374261619,0.00011100853317872698,0.0007171508016467332,0.0011812664988471943,2.6893697494879885e-05,0.00024368984893977864,0.00043620594989479233,1.528292309791076e-07,2.9636821155688492e-08,6.143960267019673e-06
39,5.727208937274648e-06,0.00013576307255000749,3.5360997577008724e-05,2.4922195413117206e-05,1.288926389464762e-07,1.5977561187816065e-06,0.0011589948890832898,0.9673816487491963,4.170229419294414e-06,0.0001331026945594809,2.3374597051015547e-05,7.434441150048906e-05,0.0001467845980155387,0.0001518929266160517,5.860418604365814e-06,0.028931020886245835,8.879462430732119e-05,0.00048168047957804563,0.0006253804064514356,1.7674486315475778e-05,0.0001985536520926068,0.00036801175161034196,9.807041331515448e-08,2.062393074055264e-08,5.091381773574944e-06
40,1.3146972738062697e-05,0.00031847235116077356,7.782162363526473e-05,4.1044756530365936e-05,2.938687960149785e-07,2.2584557085418426e-06,0.001624405255478729,0.9630450610136956,9.369080340637686e-06,0.00020917490274039,4.6360052579605644e-05,0.00016014110695467535,0.0002891388910514114,0.00037182912088775055,1.2931477193984821e-05,0.03137748280063182,0.000147509911463436,0.0005295061930429575,0.0006941298316584499,2.801676221044039e-05,0.0002662869936971974,0.0007227421777002904,1.4572784242103988e-07,4.4766183462608494e-08,1.2685906077503941e-05
41,8.308758098681142e-06,0.0002452311750270639,4.620390313873059e-05,6.387684994182552e-05,2.908801958463374e-07,2.9907208405515762e-06,0.0011910141804531294,0.9640020402655166,1.005825760060285e-05,0.00027162925194366126,3.086419091723264e-05,9.448628714342289e-05,0.00018606026588143104,0.00023849206392994346,1.5815399561958373e-05,0.031415815254027965,9.317205734389451e-05,0.0005255211775834659,0.0008387111998920897,2.5070148368047522e-05,0.0001505743523844571,0.0005353987405358353,1.5125597595068675e-07,3.4492958291274536e-08,8.188870739624179e-06
42,4.896510448617792e-06,0.000211680407852821,2.6605601069657917e-05,3.260008842294197e-05,1.1345662477626674e-07,1.7947330342329088e-06,0.0009600682396347473,0.9591180150807938,4.560204270277761e-06,0.00018900342437087067,2.1015710686024097e-05,7.1611166469324e-05,0.00017084365140911133,0.0001369308754318445,1.0190346665663853e-05,0.03682606682665137,9.688535484238438e-05,0.0003363447716715897,0.0009724663012633919,1.7767546041136963e-05,0.00014095399239849837,0.0006438681525896465,7.148784040388506e-08,1.9249575262820113e-08,5.6268199416338046e-06
43,4.202155047425255e-06,0.00018352548552877707,3.689477059229626e-05,3.9575560679089046e-05,1.6437804122881211e-07,3.486006316680435e-06,0.0010736088893806926,0.957961112792895,8.648577500002315e-06,0.0003828747414328397,2.0082103428442015e-05,5.064201782437209e-05,0.000149160500968983,0.00021449400418720757,1.1707909331912469e-05,0.037428411381255494,7.779062970899084e-05,0.0005481845614840594,0.001095649649790715,2.9494818449301414e-05,0.00020195753435840006,0.00047144078474366317,1.5526918130224826e-07,2.8316812232154033e-08,6.707161060744964e-06
44,7.2820916510613654e-06,0.0002525697797220353,5.001038531101213e-05,4.3167056090568376e-05,2.2709137525995003e-07,2.075273285046426e-06,0.0013700619585083934,0.9631707091195276,7.88852151243367e-06,0.0002377359557995346,3.074875378524659e-05,9.30784539527215e-05,0.00021517192291393652,0.000290778122677799,9.513924538772273e-06,0.03178895870785187,0.00011142821050573574,0.0006343397985929984,0.0008858835154157875,2.6486301250570435e-05,0.0002543192242737245,0.0005094116181129139,1.5012458408777467e-07,3.583455363320209e-08,7.96825420722068e-06
45,2.4525683715047472e-05,0.0017624887815641634,0.0005786749767567313,2.6933992629004015e-05,3.493653133804293e-07,9.5807151071463e-07,0.0006913322361740455,0.9327643759181244,8.949481692587361e-06,0.0010988594284510572,7.499101157473203e-05,0.00018279081146231976,0.00042592371766891673,0.004626982022219042,2.723249443102394e-06,0.04915671210376169,0.001065078954224463,0.0028519262295188387,0.000735223197159742,5.879987171266844e-05,0.0032481629224624426,0.0005705746824362227,7.992037888914091e-07,2.4292045021581425e-07,4.162116618542869e-05
46,1.0463355890856307e-05,0.00030191162384231014,3.293389566001109e-05,5.199134733838372e-05,1.7052401023553708e-07,1.7417902521387808e-06,0.0011856672386638593,0.9586964739565303,2.7430985870768764e-06,0.00011501289704979877,3.31059678308953e-05,0.00013857455425183833,0.00020612927693386353,0.00011788834583947845,9.851559713201418e-06,0.036836930862169895,0.0002533831022704261,0.0003908341440367497,0.0007841098910762703,1.3988920086991097e-05,0.00015534471808788418,0.0006547895259032346,1.1256064660523785e-07,2.286282469558434e-08,5.823980502896201e-06
47,8.592384004501564e-06,0.00032428173520714933,3.367260121711513e-05,2.8657249474957057e-05,1.2965206156747572e-07,1.4536457936523735e-06,0.001212281315800157,0.9605745672359396,5.289125276109026e-06,0.0001600390727449329,2.8843508697329043e-05,0.00013016185663571893,0.00025138500566568875,0.00018587728140814105,8.44327858609372e-06,0.03477474659274099,0.00011521157587243313,0.00039098250076189143,0.0007598400679444336,1.787122656369716e-05,0.0001443524671442722,0.0008358168540258085,6.7396026886684e-08,2.4300105693973888e-08,7.4120703011981315e-06
48,1.1379154063032697e-05,0.00015048018275754595,0.0001739113552440537,3.4949121666533585e-05,8.472853077037492e-07,4.492306220726929e-06,0.0028991429636943157,0.9451632513972756,3.872232250838654e-05,0.0003135934972121996,6.697308496736414e-05,0.00019514086804437158,0.0003270805978568912,0.0007548510738571675,1.7289943625013428e-05,0.04709398937927421,7.30567522413058e-05,0.0009451985324270679,0.000671868719145994,9.806186381702265e-05,0.0004959925926725184,0.00043749128135157537,3.2179490226376195e-07,1.737199134476827e-07,3.1740209953688716e-05
49,8.038405979945691e-06,0.00022740908976080028,5.92919789859876e-05,3.818388152096566e-05,2.1823714416392696e-07,2.1789063816859533e-06,0.0012720304234646327,0.9638942706936418,7.491470529057828e-06,0.0002249551731175301,3.160681269054355e-05,0.00010355952162591842,0.0002176309821317252,0.0002912039901270671,8.054561941863123e-06,0.031482032890361895,0.00011201750901999007,0.0006312701738295238,0.0006399066393085574,2.946691748322396e-05,0.00023261029304663832,0.0004783465154074661,1.476094157253506e-07,3.6877247815639315e-08,8.040445835784882e-06
50,6.306641217349963e-06,0.0002433742755805218,4.455687838987807e-05,4.017769401287847e-05,2.030603928401881e-07,1.944052894024195e-06,0.0013961643542917746,0.9656310729117707,8.088016201935004e-06,0.00024689810241575503,2.7344203263350224e-05,8.258706220308684e-05,0.00021559878363730024,0.00028696481269136463,9.003885742242257e-06,0.029340129539127013,9.225212448871587e-05,0.0006031351708285029,0.0009312107012542022,2.5339295615749313e-05,0.00024165998614824368,0.000518645891171342,1.280370888009333e-07,3.0880951562293496e-08,7.183638620886558e-06
51,4.097461337875093e-06,0.0005928089169048014,1.6245469391445127e-05,6.896725065691073e-05,8.920415135726161e-08,7.25632984197617e-07,0.0004240109022755532,0.9842545069938341,3.5316886626319693e-06,0.0002288493292814968,1.9298021676289968e-05,5.763195974142598e-05,0.000179329279938419,0.00026369904405922697,8.190254755196288e-06,0.01190529083299513,5.930911040862429e-05,0.0003399692509275013,0.0007540318311142011,1.0891574178274812e-05,7.489027477956563e-05,0.0007306744509508399,3.961296467452367e-08,8.581268643515865e-09,2.9130707616001138e-06
52,6.602779885937274e-06,0.00022648733994401596,4.4220477194244e-05,4.221870587076483e-05,1.856577661502355e-07,2.111611556435165e-06,0.0011564595170825333,0.9642489395479235,7.581691202350969e-06,0.0002639630253720142,2.6987120620702253e-05,7.66557224805352e-05,0.00020257584474753012,0.0002632140033976006,9.405505414349526e-06,0.03103077253894751,9.347240936490257e-05,0.0006453315175112345,0.000903521034154853,2.614123601652069e-05,0.00021308525310344864,0.0005031689324325328,1.3397688390672784e-07,3.036156879863654e-08,6.734189557721994e-06
53,7.410833369346788e-06,0.0002629324272671363,5.109561032328485e-05,4.436317430818853e-05,2.2745802776060402e-07,2.0517331373148976e-06,0.0012909161987845665,0.9632230802988747,7.792401293957409e-06,0.0002507183886837052,3.094214918001584e-05,9.08140943480267e-05,0.00021878420955747136,0.00029565872221381904,9.573245042413658e-06,0.031748208213390444,0.00011408409458654971,0.0006398971417816239,0.0009009450326807634,2.6660001991716886e-05,0.0002550367387265707,0.0005207105588729043,1.493098342549665e-07,3.618857292755523e-08,7.911775150562787e-06
54,1.0926968158278001e-05,0.0001734402240446736,4.594447339577035e-05,4.933633121517906e-05,2.316811796497362e-07,2.081687842134002e-06,0.001523621818879764,0.9752342526092875,5.454361742441052e-06,0.00014500281488407697,3.858492665376492e-05,7.220328794414627e-05,0.00024652549631253354,0.0001795637840017795,5.8618170209193304e-06,0.019557881519997763,0.00011215529026469406,0.0009299052312177156,0.0008974539076281025,1.932482009364453e-05,0.0003189528620334434,0.0004272929772886274,1.6706093385991765e-07,3.0431975407159605e-08,3.8036160042406983e-06
55,9.649574283276168e-06,0.00023213010867339137,5.5376107890754944e-05,4.789963270900411e-05,3.2621613937345703e-07,2.362887028620944e-06,0.002224728035988009,0.9606107929803533,1.1019155719579083e-05,0.00017814667059791244,3.955271616187395e-05,0.00015368824898784287,0.00026931633541331455,0.000302795908489681,9.490277116296528e-06,0.03324848227869259,0.0001066181940670604,0.0007702905229817555,0.0008920644171649963,2.8380714179785443e-05,0.0002805485131892742,0.0005164512535075007,1.7719229782099897e-07,5.257547582998009e-08,9.659482891117963e-06
56,7.601988174324689e-06,0.0002531434957039221,5.038380389624555e-05,4.3615512018189655e-05,2.2714177019127465e-07,2.0406630995244945e-06,0.001404592353744478,0.9638542652246638,7.889562833709154e-06,0.00023108465606353873,3.14671404213674e-05,9.526161090961685e-05,0.00022910464952172508,0.00029058032829365254,9.330928944332803e-06,0.031023450649192683,0.00011087681179104164,0.0006475609063840892,0.0008901070157428442,2.6808031566630032e-05,0.0002575640635755163,0.0005250661378722639,1.4863278229959797e-07,3.650143090519387e-08,7.792189603123279e-06
57,9.691256125699541e-06,0.0001254585230780626,5.655269319832156e-05,4.294199226162644e-05,3.056618397480016e-07,4.460260110652853e-06,0.0006472956558973839,0.9858821775991714,1.2103284217942087e-05,0.00025263867629027564,2.9580297361822592e-05,6.239057456124045e-05,5.3647506231043985e-05,0.00040452433090239074,9.179855174137768e-06,0.01119244823139178,7.817195589260947e-05,0.0005841225683426478,0.00016542955893554775,1.880082515045216e-05,9.504435390722344e-05,0.0002651184481773741,3.197375328183472e-07,2.11930542017628e-08,7.574961193423681e-06
58,8.300722369071703e-06,0.0002803837523896507,6.043212386551923e-05,5.0523501519185024e-05,3.1385769787273197e-07,2.4588743118691396e-06,0.001707200653195759,0.9574234457659928,1.0299515991970494e-05,0.0002640726055359552,3.695763852270388e-05,0.00011260442433006435,0.0002711479749598125,0.00034563057293806064,1.0956733915164835e-05,0.0365696049835014,0.0001260444467798435,0.0007494186662725977,0.0010430167930141926,3.523434864535383e-05,0.00032505445065501067,0.0005566008425441789,1.989170055494587e-07,5.530451403581383e-08,1.004252953224296e-05
59,8.078114199656802e-06,0.00028391889253530524,6.744122492473782e-05,4.728938177259171e-05,2.955913381954814e-07,2.387391972874348e-06,0.001545442950459053,0.9566514014718411,9.884133172722996e-06,0.0002916137407413241,3.406475074303454e-05,0.00010381386974675394,0.0002547315081898466,0.00036313676287760897,1.0098138471357707e-05,0.03761313182812347,0.00013165802211994996,0.0007344832406650844,0.0009489888173048305,3.561498398080207e-05,0.0003315259525370492,0.0005206009657223194,1.986738438281331e-07,5.431865410465666e-08,1.0145274062535643e-05
60,7.2820916510613654e-06,0.0002525697797220353,5.001038531101213e-05,4.3167056090568376e-05,2.2709137525995003e-07,2.075273285046426e-06,0.0013700619585083934,0.9631707091195276,7.88852151243367e-06,0.0002377359557995346,3.074875378524659e-05,9.30784539527215e-05,0.00021517192291393652,0.000290778122677799,9.513924538772273e-06,0.03178895870785187,0.00011142821050573574,0.0006343397985929984,0.0008858835154157875,2.6486301250570435e-05,0.0002543192242737245,0.0005094116181129139,1.5012458408777467e-07,3.583455363320209e-08,7.96825420722068e-06
61,8.392527284036238e-06,0.0002667565952341407,7.045646766401194e-05,4.556169786483393e-05,2.991317870301071e-07,2.3684285333607726e-06,0.001510736174689048,0.9591778546623475,1.0163911944351183e-05,0.00028687438245445575,3.4403856717907664e-05,0.00010280700418818846,0.0002434930497404594,0.00036989462083618244,9.472909103924365e-06,0.035218207963840495,0.0001260264153974385,0.0007529602285601237,0.0008916819506140871,3.4211347484098795e-05,0.00033370951179365315,0.0004933435106163265,2.02059653279848e-07,5.469347489399763e-08,1.006689817652574e-05
62,7.2820916510613654e-06,0.0002525697797220353,5.001038531101213e-05,4.3167056090568376e-05,2.2709137525995003e-07,2.075273285046426e-06,0.0013700619585083934,0.9631707091195276,7.88852151243367e-06,0.0002377359557995346,3.074875378524659e-05,9.30784539527215e-05,0.00021517192291393652,0.000290778122677799,9.513924538772273e-06,0.03178895870785187,0.00011142821050573574,0.0006343397985929984,0.0008858835154157875,2.6486301250570435e-05,0.0002543192242737245,0.0005094116181129139,1.5012458408777467e-07,3.583455363320209e-08,7.96825420722068e-06
63,7.082253096302458e-06,0.00028360493507743043,4.795275340501148e-05,4.462659420123599e-05,2.2358925066019382e-07,2.013987979626314e-06,0.001307855363172592,0.962615489235789,7.681361034954043e-06,0.00024809071595700567,3.029592549178602e-05,9.408987675072736e-05,0.00021441041175309676,0.00029437671456735207,9.71210251873799e-06,0.03230825711143618,0.00011754639932839636,0.0006133987201402524,0.0009312324705885574,2.570881843800849e-05,0.0002513655798056318,0.0005367198682727604,1.4741991950210014e-07,3.5886763334829255e-08,8.081905261823505e-06
64,7.859685936199112e-06,0.0002598737152340816,5.9309510819299346e-05,4.1326465796256835e-05,2.594529929599892e-07,1.975979362719882e-06,0.0015908055695028848,0.9612495483794136,7.914439604965866e-06,0.00023434493539635796,3.465648909780048e-05,9.661116323204913e-05,0.0002434988426912654,0.0003307992350977626,8.708951855235696e-06,0.03306262955453409,0.00013134314662886383,0.0007456625889633568,0.0009904669341969073,2.9303094911216568e-05,0.00036961816033812895,0.0004946386388532478,1.7830278151655725e-07,4.3708109252479864e-08,8.623054650235851e-06
65,8.381094811688496e-06,0.00016122664054435805,3.109845833823701e-05,5.12853456700149e-05,2.1600416322998624e-07,3.0937405170465966e-06,0.001671470028889534,0.9657897636628964,4.859462248987766e-06,0.0001372192768779521,3.7332846679237626e-05,8.411485200816592e-05,0.00016446256430999954,0.00011960026076862239,1.1382544403101406e-05,0.029078320031680118,0.00012489866462048728,0.0006573707632127815,0.0011882636970788382,1.5970169340900048e-05,0.00022520310435145092,0.0004291907508832089,1.7290278352396934e-07,2.3787482168032333e-08,5.079345440222831e-06
66,7.183610151331035e-06,0.0003554836431024978,4.233495848804091e-05,6.022394911584237e-05,3.175591144893444e-07,3.4406524418848095e-06,0.001500243661975746,0.9589910476383912,1.0905267581378428e-05,0.00029447035647566395,3.6655747912828966e-05,0.00011122591916408139,0.00016163244788380807,0.0003490539257811169,1.6045914116840172e-05,0.03494017743379759,0.00016186365547072695,0.00062325262808773,0.00135143750188433,2.261430814914587e-05,0.00030776654823058274,0.0006398823013013694,2.744362535106435e-07,4.7816666371085766e-08,1.2418118462059525e-05
67,5.997900528174558e-06,0.00029321591884943967,1.8805610312926262e-05,3.391615357438463e-05,2.361003154767755e-07,2.20573147888778e-06,0.0014314086411242892,0.9750779993463736,1.110041092556192e-05,0.00015076644153295374,3.578923455542012e-05,0.00013205328774595158,0.00012607669696181015,0.00022015714045767542,1.5588679665202283e-05,0.020007085510619218,6.857847507730418e-05,0.00028520569196335187,0.001002829388251498,9.895429780648181e-06,0.00012275300450553816,0.0009388719922665248,6.637720881663819e-08,1.9473199826926426e-08,9.377362725570073e-06
68,1.1917998945684148e-05,0.0005002066616200896,0.0005129858931550001,0.00012131517965707287,1.3844871475129038e-06,6.668920339694156e-06,0.003609718165774153,0.9036045820625039,9.570034634458048e-05,0.0014873627643089845,4.1721596149619954e-05,0.0002956656096551973,0.0006327815040375311,0.003400367631522631,1.9791415540525567e-05,0.08174107932716466,0.00015230331836806404,0.0017254927333287603,0.000618311498011844,0.0003031791688111805,0.0006109581442167198,0.0004458881094552377,1.067023002408857e-06,4.902818723399805e-07,5.906015906660258e-05
69,5.776188997205132e-06,0.00016668407259697285,7.700058232303482e-05,2.964553480505168e-05,1.8480640993097936e-07,1.6790295049366577e-06,0.0013095839236566325,0.9613621550760232,8.142125613706996e-06,0.00028265857585419314,2.4617667608350497e-05,7.244857400329425e-05,0.00023471757109472133,0.0004188051751260689,5.331081671070604e-06,0.033591284928289854,8.296504793850126e-05,0.0009633084814911567,0.000633296163244911,4.612131470785603e-05,0.0003574493893149214,0.00031847064150136977,1.719359895102594e-07,4.283146415587732e-08,7.459280769431746e-06
70,9.695496980774055e-06,0.00025844206009512837,6.487724557687632e-05,6.586041682231054e-05,4.0405081230202696e-07,2.29096188419583e-06,0.0017734897101724073,0.9728398143867192,1.1413545950027512e-05,0.0002073657777430586,3.900721049186597e-05,0.00011340214016183058,0.00027631714611839347,0.00038128307588170614,1.0921325371953436e-05,0.021752691394709443,9.604449571976477e-05,0.0006437768114285295,0.0006571275707176491,3.1586810117093795e-05,0.00024601189543328457,0.0005098642013147871,1.7433821495645186e-07,4.239402641292402e-08,8.095537536046344e-06
71,4.2021134106432695e-05,0.00024581106966657396,1.594840719772287e-05,7.76881960992186e-05,3.8608384779082086e-08,3.615188335269249e-06,0.000398137667412234,0.976506376263018,8.593408065487356e-07,7.123481762183629e-05,5.867998863830962e-05,0.00010932987772968216,0.00014369648978167536,1.7926384518110556e-05,3.57180278969316e-05,0.018928803635856115,0.0002574297373573157,0.0001484673147928618,0.0013836183601024332,1.6202264101365322e-06,3.674906362584808e-05,0.0015130637763998726,5.129763586008196e-08,5.6868316424157315e-09,3.109439774538562e-06
