,0,1,2,3,4,5,6,7,8,9,10,11,12,13,14,15,16,17,18,19,20,21,22,23,24
0,1.337288413366007e-05,1.07364196457648e-05,3.412960803993102e-05,0.009967845501748637,2.785942455685877e-06,3.185530521616977e-09,3.78974544403591e-05,0.9846325034730337,2.247085622190404e-06,0.0006670978828975991,7.359163321392042e-07,0.0003468453221340434,4.517280555229805e-05,5.76557558927379e-07,2.844169055823866e-09,6.865739003141504e-07,0.0004345623804043181,0.0011875790717439392,4.521995113254434e-05,0.0020079341441344998,2.0831936391240556e-05,9.220099177027148e-05,2.106667518291517e-06,0.00041380815757139256,3.311724213878654e-05
1,1.1872851374359911e-05,6.070408114760528e-06,5.292087055180911e-05,0.0056875927559452335,2.864807830615276e-06,4.488082667504843e-09,4.375070890190996e-05,0.9885778395672996,4.6136561190433835e-06,0.000559810676457578,7.548410362036175e-07,0.0003525416775248441,6.41990073232939e-05,4.595625209493006e-07,2.8053967545854046e-09,1.1200363660506884e-06,0.00024917427436731344,0.0006315222221858444,5.905841144400488e-05,0.0032949071824576724,9.834605965390946e-06,7.217575625268598e-05,1.114946735791287e-06,0.0002994617065576249,1.6332173188165376e-05
2,1.6454255483598146e-05,8.929171634965157e-06,9.470495802553052e-05,0.007246470423127766,3.5393200702891905e-06,1.5852789041004534e-09,3.091972648961106e-05,0.986955043689045,3.82650178955403e-06,0.00039706027067039514,1.3658278285071382e-06,0.0004324990351514627,8.478088114836349e-05,2.2034820478246088e-07,4.036757076332142e-10,1.0077602213323872e-07,0.00020436332271558117,0.002359746215178734,2.562737800387799e-05,0.001245303673631881,8.43071838756689e-06,2.3451110677229676e-05,1.898609559205629e-07,0.0008440061723291052,1.2964374473652152e-05
3,1.2256191533218274e-05,7.223200427603229e-06,4.906017811562374e-05,0.006829951844525664,3.0531105444302353e-06,4.079606821635591e-09,4.082892806942054e-05,0.9871421240583678,3.4211672534924595e-06,0.0005289551715588031,8.326597489280925e-07,0.00039438840773779423,7.287509633992815e-05,4.861645734443797e-07,2.460289456944626e-09,8.361661870910052e-07,0.00030716426954863213,0.000881517997500326,4.657235229906873e-05,0.003209106092199408,1.0293629905417241e-05,7.812055970680085e-05,1.3572396715876851e-06,0.00036254219775008745,1.7026776539184605e-05
4,1.3189671864945288e-05,7.937189211599758e-06,5.601988537907149e-05,0.007133906456354707,3.487567275622989e-06,4.679990874274067e-09,4.5315311580429876e-05,0.9863379346870207,3.84321990287743e-06,0.0005478976717484242,9.333265704335127e-07,0.0004399027066734063,9.016408769343742e-05,5.666754545983183e-07,2.7247095715935677e-09,8.81364768118235e-07,0.00031829254222021975,0.0009443818662811554,4.913768418729961e-05,0.003501298158090308,1.0325079880206335e-05,8.365462395186382e-05,1.4366898862116431e-06,0.00039226370969754987,1.7222419606183887e-05
5,1.1389328575558564e-05,7.253806039164472e-06,4.45992485302203e-05,0.007560464837720319,2.9879625394092077e-06,3.80939014731618e-09,3.8982878414747334e-05,0.9863195596707108,2.888050924793494e-06,0.0005294244007880623,8.389366238219731e-07,0.00037081312258072113,7.267051104209974e-05,4.5295227536716976e-07,2.141213194946571e-09,7.382320056347533e-07,0.0003134598799788358,0.00101427936150214,4.0031417887726223e-05,0.0031756621068769583,1.0586785132036056e-05,7.236682913061721e-05,1.4448187963838505e-06,0.00039262618742789545,1.647272389331754e-05
6,1.2256191533218274e-05,7.223200427603229e-06,4.906017811562374e-05,0.006829951844525664,3.0531105444302353e-06,4.079606821635591e-09,4.082892806942054e-05,0.9871421240583678,3.4211672534924595e-06,0.0005289551715588031,8.326597489280925e-07,0.00039438840773779423,7.287509633992815e-05,4.861645734443797e-07,2.460289456944626e-09,8.361661870910052e-07,0.00030716426954863213,0.000881517997500326,4.657235229906873e-05,0.003209106092199408,1.0293629905417241e-05,7.812055970680085e-05,1.3572396715876851e-06,0.00036254219775008745,1.7026776539184605e-05
7,1.2030633638578007e-05,5.649892505065376e-06,3.7935505474963754e-05,0.0065623854878837625,3.8217753287710506e-06,5.658760961645955e-09,2.985011670994498e-05,0.988192817336833,2.828576651438312e-06,0.0006401517489190086,6.580412280556969e-07,0.0004434386130872497,3.997772801353884e-05,5.857857989837366e-07,2.980317423532121e-09,1.3964290525826623e-06,0.0003382577389531119,0.000804679970212792,6.134692321790399e-05,0.0024341247597483933,1.610337916715586e-05,0.00010678012760547914,1.9389405169751215e-06,0.0002436592441355069,1.9572606239485866e-05
8,1.0785410560999629e-05,6.30814621760157e-06,4.578682368928248e-05,0.007371565724189027,2.258880033546206e-06,2.4228485654934172e-09,3.7887140022002577e-05,0.9873305213885856,2.7441388631350807e-06,0.0005234350559241877,4.742983459188588e-07,0.0002739095116771594,6.323588680622393e-05,3.964480028491442e-07,1.9180309248252702e-09,7.897798067722951e-07,0.0002727382320931057,0.000602506771865404,3.514637403249044e-05,0.002947061063058958,8.233258646867601e-06,5.3213680464436e-05,1.2562455337807963e-06,0.0003894451208716625,2.029627982945881e-05
9,1.0223966630162835e-05,6.724459456202026e-06,5.48383738556445e-05,0.0070344103922212586,2.108034727403782e-06,1.898849048980341e-09,3.847148262628884e-05,0.9873499939497039,3.152893549354867e-06,0.00044093628111730924,5.111062705976082e-07,0.00026891072871271883,8.558723629409308e-05,3.3592544688541917e-07,1.5672600962558969e-09,5.359032949856369e-07,0.0002503363459539082,0.0006090484285393328,3.032006672896239e-05,0.003285181883260378,6.181242444172167e-06,4.277440220552044e-05,8.41516719787805e-07,0.0004607607399448358,1.7811174187063773e-05
10,1.2256191533218274e-05,7.223200427603229e-06,4.906017811562374e-05,0.006829951844525664,3.0531105444302353e-06,4.079606821635591e-09,4.082892806942054e-05,0.9871421240583678,3.4211672534924595e-06,0.0005289551715588031,8.326597489280925e-07,0.00039438840773779423,7.287509633992815e-05,4.861645734443797e-07,2.460289456944626e-09,8.361661870910052e-07,0.00030716426954863213,0.000881517997500326,4.657235229906873e-05,0.003209106092199408,1.0293629905417241e-05,7.812055970680085e-05,1.3572396715876851e-06,0.00036254219775008745,1.7026776539184605e-05
11,1.2507264522500825e-05,7.441854501528689e-06,5.093899331795925e-05,0.006927704475910247,3.09446597747654e-06,4.136041272418783e-09,4.245291112527024e-05,0.9868524670992029,3.523392319432232e-06,0.000527720525090658,8.630351610701804e-07,0.00040232443855619393,8.000862520473108e-05,4.959343976987754e-07,2.4766542390874564e-09,8.236857771609688e-07,0.00031100507565553814,0.0009069322766236315,4.582987883360488e-05,0.0033377726302299396,9.97124196328711e-06,7.787410071917423e-05,1.365638667971681e-06,0.0003800066115333005,1.6869232013224975e-05
12,2.131098179844351e-05,1.25420574910058e-05,5.231070184747155e-05,0.01055453536502305,6.870818385267297e-06,1.0794201699318223e-08,4.5283390778840886e-05,0.9793089671874791,2.2831781956768287e-06,0.0008214693763415356,1.3556422721092806e-06,0.0008985222484853756,0.00011624526278511596,1.2000843424599759e-06,3.440809897320759e-09,1.469048064067748e-06,0.0006413461976409209,0.0027058884097778146,5.028498483904404e-05,0.003988836115700351,1.9193040405121283e-05,0.0002082652017281979,4.535441514494056e-06,0.0005150581187457647,2.2212911347225157e-05
13,1.2555055448293886e-05,6.7888931276754695e-06,5.2972451762435465e-05,0.006522801586906276,3.1928377840568685e-06,3.958297022937308e-09,3.8979638461528716e-05,0.987631759349125,3.5699274077224292e-06,0.0004628497730275012,9.000766002826496e-07,0.0004547237258354908,7.23295461765819e-05,5.120715818689378e-07,2.541428784650995e-09,7.813484218507106e-07,0.0003175935338359877,0.0008291236708325023,4.875460120993331e-05,0.0030968128749731035,1.0363825348475855e-05,7.985510531994085e-05,1.2556907819270922e-06,0.0003350132797397262,1.65046365661424e-05
14,9.357920985736343e-06,2.715914320375092e-05,4.821979416793254e-05,0.01181904699305294,5.189977896680004e-06,5.928578033434999e-09,6.785028239630925e-05,0.9780547524491872,3.1751998209010032e-06,0.001466444311543747,1.2491181754810806e-06,0.00021772420500738773,0.0002249949246536538,5.075819161962191e-07,2.366408910803689e-09,6.922793058972195e-07,0.000277238898493588,0.0019600695134226885,3.310615978578637e-05,0.0045218418388829045,1.0207412859272164e-05,7.090232085139934e-05,1.8140577551794097e-06,0.0011627825649921444,1.5664756656492028e-05
15,1.2256191533218274e-05,7.223200427603229e-06,4.906017811562374e-05,0.006829951844525664,3.0531105444302353e-06,4.079606821635591e-09,4.082892806942054e-05,0.9871421240583678,3.4211672534924595e-06,0.0005289551715588031,8.326597489280925e-07,0.00039438840773779423,7.287509633992815e-05,4.861645734443797e-07,2.460289456944626e-09,8.361661870910052e-07,0.00030716426954863213,0.000881517997500326,4.657235229906873e-05,0.003209106092199408,1.0293629905417241e-05,7.812055970680085e-05,1.3572396715876851e-06,0.00036254219775008745,1.7026776539184605e-05
16,1.1933033827807604e-05,7.234401535250517e-06,4.1059605525446266e-05,0.007204494357538226,2.732385857192023e-06,4.195397938365172e-09,3.979188397064894e-05,0.9866376188701595,2.870414943815901e-06,0.0006247178438300235,7.948450531942972e-07,0.00037595053201209513,6.120274920414214e-05,4.6354052958720045e-07,2.2014715824204002e-09,8.960905640925954e-07,0.0003047165145415724,0.001033093826756244,4.4141369792438874e-05,0.0031485859768384775,1.2853598495100825e-05,8.125121890169131e-05,1.4229335118005057e-06,0.0003448730318060069,1.72945779360517e-05
17,1.2488087205289749e-05,7.173507439668861e-06,4.949489999003533e-05,0.007303731609656544,3.09907824128729e-06,4.1415952492404935e-09,4.1207479529935895e-05,0.9864832403528228,3.2948649880270056e-06,0.0005256994517421152,8.479437979243653e-07,0.0004133036089826069,7.567888998300231e-05,5.134182892371288e-07,2.3587898113643423e-09,8.340047691671856e-07,0.00031076523041582586,0.0009374786242683195,4.51795414728749e-05,0.0033151858582665355,1.0463751306295348e-05,7.759749625004873e-05,1.4408424144275322e-06,0.00036383791560366666,1.7437042179444256e-05
18,1.699867747348617e-05,8.676277141025616e-06,4.952725295172978e-05,0.006700921034369858,2.6387616510310005e-06,3.4220061659872595e-09,4.000813691517146e-05,0.9868122034333404,2.978290029017641e-06,0.0005668204157074105,7.491536851995757e-07,0.0004911804984355927,7.67532343440258e-05,4.655265656818531e-07,2.3456234604982218e-09,7.339824242916231e-07,0.00046263078958825573,0.0012356110690605,3.9695779272719025e-05,0.002880126504694396,1.1201835438230943e-05,0.00010180986361930243,1.418443816189668e-06,0.00047475029523462236,2.2094976612237487e-05
19,1.0088237298102655e-05,5.905859963975136e-06,5.567511133982345e-05,0.006193935473608972,3.3462984287745187e-06,3.2816369193616467e-09,3.176355840344212e-05,0.9882097332169121,3.5324970164415962e-06,0.000440513511673801,7.17414015961657e-07,0.0004364924181750228,8.026499324002227e-05,4.4762441391652194e-07,1.992270693406023e-09,6.158111079083205e-07,0.0002874834061632454,0.0007365628063898853,4.1226820270172744e-05,0.0030335522169782046,8.078108173433835e-06,7.04854286455135e-05,9.422667433461756e-07,0.0003343689470843033,1.4262700045766691e-05
20,2.9456258615312624e-05,1.1688286206884305e-05,0.00010220273134778628,0.012631443406586647,4.328949724072762e-06,9.344828027367504e-09,0.00010565114748684397,0.976846084767366,5.139534960097987e-06,0.0007890403836356785,1.642896242446085e-06,0.0006861160680899784,0.00013867379348246904,1.1126978198520848e-06,3.3849876061651595e-09,1.941910829650151e-06,0.00030793487901755617,0.0017402096719728022,6.586256863061445e-05,0.005809860725668158,1.5394392976351416e-05,7.17301442934327e-05,2.6789740447209656e-06,0.0005947666552085627,3.7026425978564476e-05
21,1.6402671975177657e-05,7.871326023072842e-06,6.160226941484452e-05,0.008767351248983046,3.3692180067518914e-06,5.95195200790093e-09,5.718818420037287e-05,0.9828498961129899,3.6495646517048516e-06,0.0006637029160189439,1.0036525981557944e-06,0.0005671154142766282,0.00011081822682173785,6.868030925225327e-07,2.4918332499128026e-09,1.3280240179990311e-06,0.0003128491237183254,0.0011738477770039074,4.92160504344511e-05,0.004841737637909314,1.1412108770411069e-05,8.202063892640231e-05,1.8578930520143121e-06,0.0003957212281870693,1.934346514232079e-05
22,1.3296244587834245e-05,6.835622150534906e-06,5.099260167584519e-05,0.006832197319594029,2.950122968170409e-06,4.582900464270387e-09,4.1710083848279745e-05,0.9866765669199786,3.2029118928995547e-06,0.0005046172303220201,9.732402840335894e-07,0.0004381797954579096,6.143413454493012e-05,5.226437196278855e-07,2.3520039302720457e-09,9.062106575823829e-07,0.00032016630222918947,0.0010732862974612827,4.666008021826054e-05,0.003471406499525234,1.2697179698958173e-05,8.922306771519795e-05,1.4166888585999292e-06,0.0003342047393085626,1.6547128397831517e-05
23,1.2256191533218274e-05,7.223200427603229e-06,4.906017811562374e-05,0.006829951844525664,3.0531105444302353e-06,4.079606821635591e-09,4.082892806942054e-05,0.9871421240583678,3.4211672534924595e-06,0.0005289551715588031,8.326597489280925e-07,0.00039438840773779423,7.287509633992815e-05,4.861645734443797e-07,2.460289456944626e-09,8.361661870910052e-07,0.00030716426954863213,0.000881517997500326,4.657235229906873e-05,0.003209106092199408,1.0293629905417241e-05,7.812055970680085e-05,1.3572396715876851e-06,0.00036254219775008745,1.7026776539184605e-05
24,1.0999236656240141e-05,7.629118318737548e-06,4.744319299446564e-05,0.008417392830904917,3.3634436714257657e-06,4.2358944159513246e-09,4.0048665867802066e-05,0.9850317372712977,3.056843715651085e-06,0.000561579059576872,8.555873882958917e-07,0.0004121899017578366,8.549520261881914e-05,5.603151543483506e-07,2.0723945037670466e-09,7.72786342624703e-07,0.00028407469475788034,0.0010166891469293054,4.470326415948431e-05,0.0035818859458892184,1.0477116359491991e-05,7.406865652404056e-05,1.4227475509918314e-06,0.00034684150752528837,1.670715574974062e-05
25,8.86945088192456e-06,4.663864752669548e-06,3.744914152874775e-05,0.006331659997502232,2.0253278658879977e-06,2.1828974502063435e-09,3.2809134580232196e-05,0.9885385855178436,2.2399494703008403e-06,0.00032091470759790095,7.631393383888284e-07,0.00032060170887179227,6.08650174571838e-05,3.160886237915172e-07,1.345867668598842e-09,4.86429613311491e-07,0.0002534941246010615,0.0006904491904433331,3.3011140792045895e-05,0.0030096601276656193,7.395182155692049e-06,4.908172199837932e-05,9.54889682981913e-07,0.00028364159875919094,1.0059019208562537e-05
26,1.4715211869306637e-05,7.044404467295391e-06,5.5229070187518655e-05,0.0060305238851482024,2.4323225041397247e-06,2.76949830793916e-09,4.0667103488797076e-05,0.987804649755453,3.0502201022412035e-06,0.00043203440997751296,7.709573795559613e-07,0.0003787280678908988,8.621846038757644e-05,3.3076889265526346e-07,1.871882311694427e-09,5.490420294167596e-07,0.0003823944414964947,0.001064923510160175,3.0194454563641576e-05,0.0030017610972547216,7.656196964286353e-06,6.672064688107434e-05,1.0934419346554346e-06,0.0005729543260163757,1.5353563569759216e-05
27,1.161001859240259e-05,6.825455339058564e-06,4.7107726506397415e-05,0.0061407914679375486,2.7239497864801676e-06,4.195548473679385e-09,3.884277655466376e-05,0.9880463226368135,3.901782266198189e-06,0.0005446629284783475,7.245427793079563e-07,0.0003411009026371995,6.098577141648663e-05,4.455878132965135e-07,2.6986785758078494e-09,8.747991645913893e-07,0.00027848810746441174,0.0007577645464599056,4.605277016070382e-05,0.0032322986716296727,9.655415068039582e-06,8.45788009846842e-05,1.2476939134851523e-06,0.00032484343873088214,1.8143315275822802e-05
28,1.2256191533218274e-05,7.223200427603229e-06,4.906017811562374e-05,0.006829951844525664,3.0531105444302353e-06,4.079606821635591e-09,4.082892806942054e-05,0.9871421240583678,3.4211672534924595e-06,0.0005289551715588031,8.326597489280925e-07,0.00039438840773779423,7.287509633992815e-05,4.861645734443797e-07,2.460289456944626e-09,8.361661870910052e-07,0.00030716426954863213,0.000881517997500326,4.657235229906873e-05,0.003209106092199408,1.0293629905417241e-05,7.812055970680085e-05,1.3572396715876851e-06,0.00036254219775008745,1.7026776539184605e-05
29,1.2256191533218274e-05,7.223200427603229e-06,4.906017811562374e-05,0.006829951844525664,3.0531105444302353e-06,4.079606821635591e-09,4.082892806942054e-05,0.9871421240583678,3.4211672534924595e-06,0.0005289551715588031,8.326597489280925e-07,0.00039438840773779423,7.287509633992815e-05,4.861645734443797e-07,2.460289456944626e-09,8.361661870910052e-07,0.00030716426954863213,0.000881517997500326,4.657235229906873e-05,0.003209106092199408,1.0293629905417241e-05,7.812055970680085e-05,1.3572396715876851e-06,0.00036254219775008745,1.7026776539184605e-05
30,1.2256191533218274e-05,7.223200427603229e-06,4.906017811562374e-05,0.006829951844525664,3.0531105444302353e-06,4.079606821635591e-09,4.082892806942054e-05,0.9871421240583678,3.4211672534924595e-06,0.0005289551715588031,8.326597489280925e-07,0.00039438840773779423,7.287509633992815e-05,4.861645734443797e-07,2.460289456944626e-09,8.361661870910052e-07,0.00030716426954863213,0.000881517997500326,4.657235229906873e-05,0.003209106092199408,1.0293629905417241e-05,7.812055970680085e-05,1.3572396715876851e-06,0.00036254219775008745,1.7026776539184605e-05
31,0.00026081771178004267,5.550294260815162e-05,0.00010975441810305304,0.02578876468003914,2.2602498556609155e-05,7.241157290601421e-06,0.0017594479834337283,0.9173616379997133,0.00011513544105758347,0.006613473597347282,0.00011639337716197705,0.0041594848958573126,7.574600548587958e-05,2.4379765942507297e-05,1.1770285571776705e-06,0.00024851671052884296,0.0006883168279020486,0.009037543390672993,0.0022115759167857215,0.025919210039452335,0.0007623412117478489,0.00396694149486602,0.00019321805572835476,0.00018618981981388625,0.0003145870295677124
32,1.216131499981855e-05,7.073856060810627e-06,4.8736330150527294e-05,0.006452874410762405,3.0597969224842453e-06,4.090715743892069e-09,3.990966766542026e-05,0.9877236280267717,3.5937241697500446e-06,0.0005256651008280226,8.128711462926282e-07,0.00038918932012308496,6.979023761205593e-05,4.837515575732798e-07,2.59354266156877e-09,8.617654377904356e-07,0.0003065472046701756,0.0008158394627654689,5.008996294705647e-05,0.0030984400440503494,1.035523222649391e-05,8.02463686765444e-05,1.2998847621364797e-06,0.0003425590767033751,1.6775904732032484e-05
33,1.4086043935076745e-05,9.658462778647893e-06,4.5394332304511707e-05,0.006936594060759339,4.071685600435347e-06,4.71488356173605e-09,3.960501300534371e-05,0.986099697916948,2.5378011582161944e-06,0.0005407673400670852,9.409069149607535e-07,0.0005090787815449468,0.00010335989040933349,6.380119390865819e-07,2.4953189774342152e-09,8.147740460182853e-07,0.0004224947241405708,0.0012295716884927436,4.680516583891371e-05,0.0034319215441067836,9.996287086094611e-06,0.0001266531281038075,1.7840793544995606e-06,0.0004100777129071269,1.3443438355975279e-05
34,1.5826698669961394e-05,7.3588009156254845e-06,6.055974085496523e-05,0.0055098222530462464,2.90270769491557e-06,4.489299218913111e-09,4.8932133530307374e-05,0.9888865414321135,6.017182399337736e-06,0.0005339942571862302,8.108679998959821e-07,0.0003859012639565284,7.512557153836723e-05,4.99830252532945e-07,3.31149991276861e-09,9.557034653414773e-07,0.00026873638866193987,0.0006927373706377296,6.557767829811489e-05,0.0029806554658382196,9.582523045930285e-06,7.714485074759782e-05,1.0012618935188102e-06,0.0003489593362263918,2.034888022784515e-05
35,9.898200463213964e-05,0.0003512278697788417,0.0013969036078894269,0.12535615103200562,0.0009074932813310545,4.9898656563757805e-06,0.004109330165084578,0.6401579263329588,1.2067948101168719e-05,0.0027348888371726723,0.00020152018563248463,0.013407520285463083,0.011866813146141355,0.0006928753076549833,1.3893676583835475e-06,0.0005942365179820822,0.000968962247070272,0.003062370275037838,0.0007022971116354843,0.18731447155279146,9.833211967479531e-05,0.0014434853941684212,0.0027322204202897492,0.0017391840321288922,4.436109206024735e-05
36,1.3685326855497871e-05,1.1336362989875357e-05,4.6661845091778836e-05,0.011344825316640725,3.041951926967483e-06,1.0411695899417651e-08,8.440078099040018e-05,0.977723484733379,3.287656888093993e-06,0.0008387293207274748,1.90227828650357e-06,0.00032038911289720257,8.257465713336133e-05,6.365347340391381e-07,2.9063134426758806e-09,1.3308679709204172e-06,0.00023632558735700346,0.0021924395917430678,3.8171428769803236e-05,0.006431946776159846,1.6335562974711945e-05,9.131169037306471e-05,3.1321838859981874e-06,0.0004958438020959999,1.8193312119377534e-05
37,2.477643889172703e-05,9.064235304100183e-06,7.926144450976138e-05,0.007744356628863483,3.3559589615958096e-06,4.512267568931543e-09,5.940350818346044e-05,0.9846966804489184,3.607128374136718e-06,0.0004578754782441472,1.1464129663183889e-06,0.0006704801598858115,0.00010002421130933032,7.666553588055964e-07,2.524354490969696e-09,9.448472631489131e-07,0.0003810266670801524,0.001317868916044716,5.221224340105311e-05,0.0038066707076035065,1.1324968812785611e-05,9.150006103512033e-05,1.5012231813146052e-06,0.0004639282160258452,2.221640315900879e-05
38,2.3520569258354944e-05,1.1210397909534362e-05,6.502972337766414e-05,0.008088694384956331,3.948742405237315e-06,1.2465235598911095e-08,9.412097745099128e-05,0.9826120357833772,5.2784355522647464e-06,0.0008657480839402635,1.6349568993292748e-06,0.0005271210966167918,9.519665269263974e-05,9.208322519239491e-07,5.428151092644909e-09,2.4358415208008653e-06,0.00034013714321512456,0.0014224599281331296,7.593711550393118e-05,0.005145703409853015,1.7192051835359702e-05,0.00013302359293917163,3.1169016746134586e-06,0.0004421952640533784,2.332022119647743e-05
39,1.7564904566717296e-05,1.3475008601885682e-05,5.806302888934803e-05,0.007748196583435654,3.4651739051426255e-06,4.884807750930649e-09,5.8789773184735294e-05,0.9846564463317425,4.14069668109122e-06,0.0006482021588415659,1.067810700049418e-06,0.0004354205972598204,0.00012634195986049927,6.216225327078506e-07,3.374320537754687e-09,8.004856479489237e-07,0.0003975951850410599,0.0013277192870594858,4.763638806821257e-05,0.003713343104514491,9.894575087930165e-06,0.00010883567983118356,1.728211328632611e-06,0.0005984934978610696,2.2149676229797386e-05
40,2.3697279550530447e-05,9.423620525471136e-06,8.131302344084658e-05,0.00616930455077338,4.4145609926656705e-06,6.529162528008611e-09,5.0914750402215756e-05,0.9869935699958682,5.132927834713118e-06,0.0004679687752005394,1.3299819080949515e-06,0.0007683747358703489,7.946928577626053e-05,9.180399887931788e-07,4.435343834954995e-09,1.0733936793879807e-06,0.0004297521557541819,0.0010963123141903997,7.36555096738929e-05,0.0032013443024226473,1.473398238471124e-05,0.0001439860065918376,1.53298963558799e-06,0.00035816060406644823,2.3606248962386315e-05
41,9.47725727978567e-06,5.823584488645668e-06,6.751581817298999e-05,0.0049774857293292535,3.450299474271676e-06,3.6168534247726695e-09,3.399245567758618e-05,0.9904467962165241,6.559866122697375e-06,0.000494001974149369,5.299549108814033e-07,0.00025563179808034696,5.721791297559064e-05,4.3191898237105256e-07,3.5209793616668004e-09,9.151586634209004e-07,0.00019828397118983125,0.00037450659087576773,5.681909131866265e-05,0.002602364507911889,8.005923661063103e-06,5.70828848176982e-05,7.588775175832485e-07,0.00032293663939736065,1.940443064566906e-05
42,8.008188125840413e-06,4.2923711469126195e-06,3.516058601946937e-05,0.004212884271093332,2.143164342399909e-06,2.5918335366786455e-09,2.6482860833952313e-05,0.9915033328497075,2.7339681212894624e-06,0.0004083203652633598,5.012514379074099e-07,0.00027339268388954836,3.369233736197509e-05,3.1193658703739855e-07,2.2089749868806334e-09,8.503143897073308e-07,0.00025342938821255575,0.000392519984879083,4.843848390401406e-05,0.002496917318001226,8.875192787213332e-06,7.773861117988451e-05,8.818804104807852e-07,0.0001980304062842602,1.1056785212577083e-05
43,8.025165101869747e-06,5.403790759172743e-06,2.9868026105441576e-05,0.0056911955736300614,3.1812519452133875e-06,4.706534134433588e-09,2.79126834533391e-05,0.989451954154437,2.732396705846678e-06,0.0007319818651128708,5.705088141818015e-07,0.00027556531578969937,4.0142210559707903e-05,3.621339581581107e-07,2.5714356497074058e-09,1.0526291478369493e-06,0.00026822323246307233,0.0006780664635913658,4.5320909511055336e-05,0.0023485572368185373,1.2829872087506858e-05,8.666392527536796e-05,1.4017443686231468e-06,0.00027496587888995084,1.4015753504450208e-05
44,1.2256191533218274e-05,7.223200427603229e-06,4.906017811562374e-05,0.006829951844525664,3.0531105444302353e-06,4.079606821635591e-09,4.082892806942054e-05,0.9871421240583678,3.4211672534924595e-06,0.0005289551715588031,8.326597489280925e-07,0.00039438840773779423,7.287509633992815e-05,4.861645734443797e-07,2.460289456944626e-09,8.361661870910052e-07,0.00030716426954863213,0.000881517997500326,4.657235229906873e-05,0.003209106092199408,1.0293629905417241e-05,7.812055970680085e-05,1.3572396715876851e-06,0.00036254219775008745,1.7026776539184605e-05
45,1.1555846177132929e-05,6.815567689596678e-06,4.881560879155847e-05,0.006411645926368798,3.0029555335872685e-06,3.813462898488436e-09,4.007069833739641e-05,0.9878279460325384,3.505635495426002e-06,0.0005003162910885892,7.947530086667631e-07,0.0003734328294924928,7.358402565795976e-05,4.591379443545967e-07,2.441490222750528e-09,8.042133628539861e-07,0.0002931455917587499,0.0007764012616759501,4.642458962305189e-05,0.0031276255630529404,9.291545256508823e-06,7.412593392384462e-05,1.2560404353754213e-06,0.00035336981657089464,1.5603881262824592e-05
46,1.03053575055209e-05,5.2825776296332665e-06,3.7143665042528934e-05,0.005413961846197374,2.3539526389398205e-06,1.4416873240203474e-09,1.983487403565678e-05,0.9899380299048323,1.7283317909716575e-06,0.00031115650526028114,4.989129207179851e-07,0.00041875667332524327,6.420470609635537e-05,2.725384720716011e-07,1.4413215871591752e-09,3.783725627625779e-07,0.0005211825532211894,0.0006708331723884085,2.8467548640257574e-05,0.0020905757084455387,7.28410139135864e-06,6.743356840587669e-05,8.909705162106358e-07,0.0003769553814896819,1.246589418238699e-05
47,2.308723755014632e-05,8.685649298235072e-06,5.9780073409844196e-05,0.005602199436759482,2.759098554482902e-06,5.373978514700295e-09,4.6710255346697235e-05,0.9864634748029335,3.6174049410915942e-06,0.0006077538791493241,9.14768958077366e-07,0.0006958886740339533,7.815026132153675e-05,5.597477653605936e-07,2.8434036288777576e-09,1.2541222338123288e-06,0.00044558411357999963,0.0012670240912598279,5.308603349282514e-05,0.004084934159544018,1.236757570666059e-05,0.00014507827964783154,1.3908999866642492e-06,0.00037541218025342833,2.0279036891031852e-05
48,2.5844510986398304e-05,8.135279521416927e-06,0.00026805376449988725,0.019720078661128345,6.5403045679880055e-06,3.637970209096157e-08,0.00013870773425255317,0.9557430258072095,1.0991644626785775e-05,0.0007843063623121839,4.921339041396642e-06,0.0015072804710828053,0.00012837719001095366,1.9411318898090455e-06,3.767452548696266e-09,2.7160952916395396e-06,0.00015150222161444747,0.0038834692949565094,4.360507046563974e-05,0.016949580760277784,2.6420105823012917e-05,8.388005813347239e-05,3.0673874111693463e-06,0.0004603867732264193,4.712788451534827e-05
49,1.2777949000135253e-05,6.495350204659197e-06,5.901324496164454e-05,0.007095649237022058,3.632401592183129e-06,5.5839655073207746e-09,4.0384502947892696e-05,0.9857204050583958,3.5907778630134723e-06,0.0005039989281178275,1.0593239608465832e-06,0.0005734154023331945,7.943531927292769e-05,5.993487979127474e-07,2.457898573230033e-09,9.267408134421436e-07,0.00031617359958299496,0.001072195318203836,4.6130835529862475e-05,0.0040246886633898,1.120109288588511e-05,9.64836453830957e-05,1.45717575971512e-06,0.00031466741519422186,1.561062692314898e-05
50,1.3949376134112527e-05,7.557352460162472e-06,5.8912616739665354e-05,0.007779693989824367,3.545056509795901e-06,3.7274678667504135e-09,3.066212155245935e-05,0.9854486386155608,2.826358788249025e-06,0.0003570645928821647,1.2370285404620789e-06,0.0006355805963957706,7.754532017323277e-05,4.6732952966101115e-07,2.3477267829483495e-09,5.039124339088115e-07,0.00046592765987778163,0.0013655213273124891,3.2638772451704314e-05,0.003153292611498728,1.2429881730848978e-05,7.915782338414498e-05,1.4480680950231328e-06,0.0004529871769481212,1.8406335981849926e-05
51,1.306438952697306e-05,7.634698004335346e-06,5.4398735432843486e-05,0.006728310070155802,3.3544045024172574e-06,4.649951179903365e-09,4.298674708481983e-05,0.9869493982073696,3.8800053840826985e-06,0.0005721026008718502,8.257687908651269e-07,0.00040242563598288467,7.762482506798907e-05,5.191803766217353e-07,2.9302132716160932e-09,1.0489119476053847e-06,0.00031915708537241425,0.0008149880168824026,5.122542476626591e-05,0.003461387157320702,1.0188852146299079e-05,8.197865715442444e-05,1.4899095705432699e-06,0.00038307027432078354,1.8932861802822848e-05
52,1.3730624588157838e-05,7.980689018257757e-06,5.1773442122490386e-05,0.007343123414771616,3.1383144806243684e-06,5.364213517321345e-09,4.817730698428353e-05,0.9855546356445772,3.701196865151701e-06,0.0005964617973336245,9.952524742846088e-07,0.0004234489646145062,8.236315826484487e-05,5.369166976335471e-07,2.6061414524914464e-09,9.494099154779095e-07,0.00030688059105104447,0.0011547336055798326,4.547932675398878e-05,0.003847567387749682,1.111328914648574e-05,8.90377259147851e-05,1.5797456870684023e-06,0.00039507952040472897,1.750470464925057e-05
53,1.21224258502076e-05,7.139696855654081e-06,4.8675092669707795e-05,0.006749826575804079,3.0843402283008044e-06,3.974092628150265e-09,3.936973363574864e-05,0.9873284953969286,3.3636118162641764e-06,0.0005217421915757108,8.161577249257162e-07,0.00039794616754031017,7.206382928700643e-05,4.81728108749519e-07,2.4192225825830387e-09,8.146762394065874e-07,0.0003097919857677673,0.0008709748253815086,4.651772377759623e-05,0.0031214864748317925,1.0261497743578937e-05,7.789905355906942e-05,1.3240003915413917e-06,0.0003589377347188615,1.6858686248548188e-05
54,6.661876665133252e-06,4.198030038551187e-06,3.12161467592056e-05,0.005357020879096103,3.207568731143672e-06,2.3539005398233935e-09,1.963180432261067e-05,0.9905716106917464,1.798189686706951e-06,0.0003294577180993339,6.773207838074629e-07,0.00032694559117108407,4.856793153300126e-05,2.8108910942387623e-07,1.3415342168546341e-09,3.682992313859991e-07,0.0002840623875286209,0.000756664777625761,2.8615185198212238e-05,0.0018504627326371584,8.326989940320397e-06,5.6545058998857274e-05,9.109417451572043e-07,0.0003045783945786517,8.186699338569258e-06
55,1.613209943119145e-05,7.503487850111813e-06,6.787765091177928e-05,0.00729849769981376,2.6426106315363693e-06,3.54723207245887e-09,4.621156729347221e-05,0.9854023719757167,4.328064866934303e-06,0.000469884419616364,9.301502104785383e-07,0.0005682283757403618,0.0001143209273636799,4.633239608675177e-07,1.861592405892358e-09,5.900508004164399e-07,0.0003068361704018049,0.00119096410744086,3.845189766847107e-05,0.003924625331801678,7.998315408426657e-06,6.704897189530195e-05,9.417220756120141e-07,0.0004435755417363406,1.957012853937715e-05
56,1.2428521383699639e-05,7.494752164110176e-06,5.186303161690693e-05,0.0069781118424428225,3.169195889924412e-06,4.1223461937353674e-09,4.21666739251943e-05,0.9867870342819105,3.5439190546778474e-06,0.0005253867069831421,8.670682689968785e-07,0.0004072911111974262,8.210992748958318e-05,5.027137347240206e-07,2.482343565180907e-09,8.162446668174404e-07,0.0003133472437121211,0.0009032012558367347,4.611262565206519e-05,0.0033466912039385715,9.974173487288998e-06,7.729191100247608e-05,1.3540220958836109e-06,0.0003824602340874162,1.677473476892176e-05
57,3.0999544801675574e-05,2.3231208949086716e-05,5.2423998314403213e-05,0.01947930649736863,2.9048754228398716e-06,1.5117411630463644e-08,0.00022352193486760793,0.9671004901499448,4.200974047474088e-06,0.0009650951668902004,3.1798679172654036e-06,0.0002575187022429733,0.00011273921788995181,1.0099170186558453e-06,5.9609044891172576e-09,1.724872006816782e-06,0.00027033600904264763,0.003458674427190156,4.142203465704424e-05,0.0067743011802342355,1.9776782010536078e-05,8.764203489113719e-05,8.499753471066006e-06,0.0010388656091231759,4.2114163381332704e-05
58,1.2360810757811885e-05,7.386062400591871e-06,4.8851658557579e-05,0.006558053681721056,2.9744816004995138e-06,3.709551797860862e-09,4.043906004098682e-05,0.9875478655111115,3.2839870154232728e-06,0.0005097743123860408,8.312988938232172e-07,0.00038057929456308354,7.493830349403544e-05,4.4556812851198877e-07,2.42029160535312e-09,7.565234391448824e-07,0.00033150709224236363,0.000900587543519627,4.311065034016781e-05,0.003024942470210308,9.94738167656195e-06,7.65615371285139e-05,1.3334892540475298e-06,0.0004071801221590263,1.6283029515783863e-05
59,1.2445975554668137e-05,7.239077570100709e-06,5.1979349450240634e-05,0.006445888019512208,2.903544776657428e-06,3.6217267220166274e-09,4.0655385731373196e-05,0.9875419923752378,3.317162496008971e-06,0.0005086243925722511,8.041712223138509e-07,0.0003748604682063001,7.486108804641131e-05,4.2899205430400697e-07,2.3390136741551877e-09,7.721571673629599e-07,0.0003234706381441037,0.0008947552429427474,4.070240009824888e-05,0.0031470058434512017,9.639617109701537e-06,7.352910877802484e-05,1.2737981638208467e-06,0.0004265107995364184,1.6334431437357397e-05
60,1.2256191533218274e-05,7.223200427603229e-06,4.906017811562374e-05,0.006829951844525664,3.0531105444302353e-06,4.079606821635591e-09,4.082892806942054e-05,0.9871421240583678,3.4211672534924595e-06,0.0005289551715588031,8.326597489280925e-07,0.00039438840773779423,7.287509633992815e-05,4.861645734443797e-07,2.460289456944626e-09,8.361661870910052e-07,0.00030716426954863213,0.000881517997500326,4.657235229906873e-05,0.003209106092199408,1.0293629905417241e-05,7.812055970680085e-05,1.3572396715876851e-06,0.00036254219775008745,1.7026776539184605e-05
61,1.248458820912555e-05,7.2691978529935e-06,5.508455290893671e-05,0.006528852821580202,3.0435423889749936e-06,3.736450323023267e-09,4.083319169007196e-05,0.9873547000575055,3.4411903424559406e-06,0.0004957255108814004,8.464333326702499e-07,0.0004040372419243679,7.674295566758275e-05,4.5981392258579425e-07,2.3955317830646425e-09,7.815032909962766e-07,0.00032246504455472734,0.0008852629024285731,4.279351090709687e-05,0.0032547300492944574,9.79903666694078e-06,7.534264282214242e-05,1.2590551596124008e-06,0.0004075278880895155,1.6511136597125265e-05
62,1.2256191533218274e-05,7.223200427603229e-06,4.906017811562374e-05,0.006829951844525664,3.0531105444302353e-06,4.079606821635591e-09,4.082892806942054e-05,0.9871421240583678,3.4211672534924595e-06,0.0005289551715588031,8.326597489280925e-07,0.00039438840773779423,7.287509633992815e-05,4.861645734443797e-07,2.460289456944626e-09,8.361661870910052e-07,0.00030716426954863213,0.000881517997500326,4.657235229906873e-05,0.003209106092199408,1.0293629905417241e-05,7.812055970680085e-05,1.3572396715876851e-06,0.00036254219775008745,1.7026776539184605e-05
63,1.248974682418393e-05,7.837885155718248e-06,4.989698064797203e-05,0.006809380998066858,3.003396284583196e-06,4.053088483625087e-09,4.234727430634747e-05,0.9870672345219066,3.563210407785492e-06,0.0005366827252195128,8.602290748702663e-07,0.00038000815896033305,7.578286565376552e-05,4.778161922281793e-07,2.577458631882323e-09,8.045234887211263e-07,0.00031360537282272175,0.0009059167240519012,4.6087483681883094e-05,0.0032472461741227753,1.02883114561768e-05,7.931530065461643e-05,1.3402122871801845e-06,0.0003883489650324302,1.747449315360387e-05
64,1.2045491838387896e-05,7.196781065206559e-06,4.666138965309836e-05,0.006799831425895748,3.1345624165579305e-06,4.101861946809527e-09,3.815154948080656e-05,0.9874557391416988,3.24545480902485e-06,0.0005327829773427315,8.766541786743024e-07,0.0004009829022787256,6.331342123366578e-05,4.776008513080412e-07,2.5972631073880757e-09,8.292178540795218e-07,0.0003276599237259419,0.0009139584157484025,4.754386198322002e-05,0.002876563108619559,1.2548513951652769e-05,7.917222516513339e-05,1.3959873565142432e-06,0.00035847273777677205,1.7409955950801688e-05
65,9.991469629814119e-06,6.608557106318719e-06,4.1453873735971294e-05,0.004075887735065885,1.0334010767239044e-06,7.747071675139164e-10,4.877668908312779e-05,0.9923414611204658,4.154388270436118e-06,0.0002648124616598013,4.12262332081322e-07,0.0001106541461683166,6.976007496164365e-05,1.609727403486076e-07,1.9019078790273263e-09,2.7793845967924613e-07,0.00020658066411704978,0.0002565473670733635,3.093237111460334e-05,0.0019525879697603378,3.0619854086587948e-06,2.766845672394738e-05,4.6524716372823657e-07,0.0005334654674114034,1.3242703855838764e-05
66,1.9150624620374884e-05,1.3052795611387806e-05,5.179670556624902e-05,0.008689563526844196,4.432122924204577e-06,4.893268488163538e-09,4.559800936503297e-05,0.9847305774139379,2.7895522798131243e-06,0.0004993381604933823,1.5046123843843365e-06,0.0005361489840193366,6.97141333026767e-05,6.794292878535913e-07,4.55034105317516e-09,6.745850934425671e-07,0.0006067908131364403,0.001661927073075532,4.34589701582721e-05,0.0022001044332492126,2.0176578405164772e-05,0.00011576484212964286,2.7613964610760607e-06,0.0006571655365289983,2.6820257515792345e-05
67,8.439864415030698e-06,4.69211138672248e-06,3.0132875040336975e-05,0.00373771661348163,2.0880451409243717e-06,1.3118186977683107e-09,2.003094795054179e-05,0.9932322035809638,2.5305538110994627e-06,0.0003535697112879868,3.912023095027832e-07,0.00023319805967123873,3.8506850704939124e-05,1.9642372501893573e-07,1.4323447105732818e-09,3.034610030655856e-07,0.0002640280168553407,0.00045989613683766766,3.6903703731236725e-05,0.0011848535352860614,6.714849857481144e-06,5.043328258561219e-05,4.5807582314764e-07,0.00032131291220811235,1.139644175995851e-05
68,7.743655689893531e-06,4.228360688827631e-06,4.734534436316691e-05,0.0038924720867924427,3.653565700759043e-06,1.7670697189136387e-09,2.5527635119049923e-05,0.9932288624733806,4.1113567723606425e-06,0.0003666298191989399,3.30512480967499e-07,0.00025677402536562294,5.330921399109808e-05,4.3634994294170234e-07,2.4383879556244845e-09,7.030512773017182e-07,0.00019129208764821692,0.0001795028067602945,8.077651044494728e-05,0.0013845838220115144,5.70874499288447e-06,4.505584508726279e-05,5.324857815027122e-07,0.00020852830943901538,1.1887731612613648e-05
69,1.686953126640184e-05,8.229117595512169e-06,4.792402111625969e-05,0.006703826102755545,5.004239306135363e-06,6.721598079108882e-09,4.259120932383713e-05,0.9874773762148429,3.612034912889341e-06,0.0005152880052924917,1.2398090459554458e-06,0.0005902001503699732,7.375083117664833e-05,7.657817117203387e-07,4.010919268584928e-09,9.814451511590455e-07,0.00041037684375135833,0.0010867106257353722,6.62775001308064e-05,0.002439123528151415,1.4484530032831866e-05,0.0001246253103959051,2.102637405824129e-06,0.000351112802846875,1.7516995164520935e-05
70,9.426801460300696e-06,6.051832396933244e-06,3.509611526265019e-05,0.005785069962887497,2.6324339141926407e-06,2.9642858743315994e-09,3.271335280722778e-05,0.9895377426752213,2.695484407322294e-06,0.0004953730399938202,6.710771142514033e-07,0.0002832137998578044,5.459939993968748e-05,3.2516685823100725e-07,2.1242805623734778e-09,6.55069121890055e-07,0.00028532365957645436,0.0006835810512852573,4.083073681635714e-05,0.002309276473692,9.333380934842935e-06,6.23894708425177e-05,1.1401650893608968e-06,0.0003486444470710656,1.3209314882530662e-05
71,1.0672086953184235e-05,1.2286856181543407e-05,4.7123251671964094e-05,0.004837294583179093,1.1645771621581613e-05,5.1269584857593125e-09,1.5009113369584101e-05,0.9912680174842476,6.379980759218842e-06,0.0009597135375529687,4.6807369824349985e-07,0.00036650635454985037,5.70094020059536e-05,5.694975945014486e-07,5.9720357664311375e-09,5.640405197054314e-07,0.00044437816499338597,0.0005551516049123088,8.76287934748308e-05,0.0006828967126356574,1.4595861946833593e-05,0.00012196059680731504,8.997132369002464e-07,0.0004674566902552176,3.176072883811435e-05
