,0,1,2,3,4,5,6,7,8,9,10,11,12,13,14,15,16,17,18,19,20,21,22,23,24
0,0.0004297938755669184,5.329597407261575e-07,0.004938884019766505,4.91402819600605e-06,0.00012749357879522305,0.0005637519227811885,0.0006614776951556529,0.8078720640009518,0.001067649383132074,0.14483370211687466,6.901771021187298e-06,0.0007810558661852627,0.005344374369967732,3.2744117012967654e-07,7.490072397405213e-05,0.0008763071230506323,0.018418652876694905,6.422691079528173e-05,0.0033295339980437986,0.00027162670214579096,0.00017823294567401418,0.0003484828632270807,2.9328693160399997e-05,0.009769453232126163,6.330901802973698e-06
1,0.0006518149722433008,2.4873954833773552e-06,0.01317934186213742,6.441001123966644e-06,0.00035516057978399716,0.0011439677464421488,0.00132909539723326,0.726040992924719,0.00212364715289269,0.1932946202953354,1.6998467699036504e-05,0.002013541370441715,0.004021268349864754,9.56722535567774e-07,0.0002323578576697452,0.001321593660303738,0.029661472790090626,7.74861887166072e-05,0.0076813520938977765,0.00026258331381680635,0.0004084297810828887,0.0012190269240202531,5.326898574416184e-05,0.014876876285949551,2.5217880772071602e-05
2,0.0006461460622725396,1.807017827719091e-06,0.007281940206203502,7.918460068583281e-06,4.9504311339320975e-05,0.010796733193973021,0.01487965891775695,0.28047760184074155,0.0003346167187205053,0.06672985897216165,5.786944688913233e-07,0.003776949256965479,0.005584429568158402,5.847555424274111e-07,2.3203385335393345e-05,0.023710921754535378,0.2086796511514158,0.00018873948850995753,0.0409720630044486,2.64423771838483e-05,0.0009473126677374267,0.010257274685917623,4.334719958807409e-05,0.32457205678376405,1.0659525363423437e-05
3,0.0006686120884010873,3.1208273292713137e-06,0.012556158377423254,7.871945121295816e-06,0.00037393398179241843,0.001258885841610016,0.0018087619354826897,0.725387159431131,0.0019206122324028402,0.18180661043252916,2.1917562974067355e-05,0.002755372610294085,0.0040682986558030695,1.5536676699179876e-06,0.00031462845682985954,0.001416593556166101,0.03713612841077459,0.00011082096711031952,0.006989654814085183,0.0003280106126077459,0.0005366749491593461,0.0015249640369357797,7.644238739377363e-05,0.01889025733838557,3.6954880587524915e-05
4,0.0007029760936904238,2.9681697233354833e-06,0.012550575951858935,8.044264910011517e-06,0.0003748183309391733,0.0012482733113225988,0.0018207222266233064,0.7264694981985008,0.0017954235908397263,0.17888811156749296,2.095190247451437e-05,0.002649341573861473,0.004613230603162508,1.5956781217090095e-06,0.00028722130849282454,0.0014943577137952334,0.037258984545176066,0.00011620109074623939,0.0072842051852982335,0.00034643056487748696,0.000513874083420267,0.0014144065965823805,7.433501111569838e-05,0.020029183295068986,3.426914190509898e-05
5,0.0006651966298064644,3.3142462056912587e-06,0.010895459820321186,8.74897137213151e-06,0.000354504806521264,0.0012770175576834603,0.0016792931346088934,0.7369344844570259,0.0018121817711678125,0.17191049811121664,2.2358850586459985e-05,0.002469401384576899,0.004361787209117217,1.6192158060420233e-06,0.0003220852190729082,0.0014683731226749804,0.03686574952751466,0.0001364427390776259,0.00733182518262494,0.0003534250863847195,0.0005123360876810236,0.0014616309400639895,7.964004178564544e-05,0.01903790079924617,3.472508785696956e-05
6,0.0006686120884010873,3.1208273292713137e-06,0.012556158377423254,7.871945121295816e-06,0.00037393398179241843,0.001258885841610016,0.0018087619354826897,0.725387159431131,0.0019206122324028402,0.18180661043252916,2.1917562974067355e-05,0.002755372610294085,0.0040682986558030695,1.5536676699179876e-06,0.00031462845682985954,0.001416593556166101,0.03713612841077459,0.00011082096711031952,0.006989654814085183,0.0003280106126077459,0.0005366749491593461,0.0015249640369357797,7.644238739377363e-05,0.01889025733838557,3.6954880587524915e-05
7,0.0005045450127709288,6.2734647969983985e-06,0.01221137515107272,1.0066893992668009e-05,0.0004969856703712289,0.0029255927567675482,0.002286947815809871,0.7062599417236035,0.0028986056192766623,0.17251059412335346,2.816268750772013e-05,0.004600696950328208,0.0031955516847272905,2.7214765993856e-06,0.0007476550459383147,0.002243151341953267,0.04911741767689308,0.0002579069544236967,0.008575999092771722,0.0004209252975225735,0.0014844215393989388,0.0024071801373123803,0.0002050302418043602,0.02653862625167783,6.36253893255333e-05
8,0.0009511933072424953,2.72888924126022e-06,0.019225787552785357,7.99519984508312e-06,0.0003419213299046727,0.0009342760321355012,0.00208408528477277,0.6501032284436332,0.0018007264389685274,0.24062581414422826,2.053802570199635e-05,0.0032818831119478154,0.004341741088300901,1.9148588815485033e-06,0.000259826749995823,0.0012049228933117561,0.03910789207994825,6.362947677286713e-05,0.0055921946389515245,0.0003257180389858543,0.0005643896228378908,0.0014391197094960305,9.265708602078176e-05,0.027575191445675506,5.062455041429814e-05
9,0.0008348927886029302,3.2300101795490715e-06,0.014127860898596174,8.46814821525826e-06,0.00032842996814099157,0.0009593622982977115,0.0017712411098309375,0.6830435983727153,0.0019481634261256306,0.22429960058656698,2.4671381776214444e-05,0.002942985153766323,0.0034841923994288265,1.896360603684947e-06,0.0003557655270600228,0.001043621907727007,0.03499512361684381,7.820047503736547e-05,0.005193361708928542,0.0003173621651542855,0.0005536596593678704,0.0014607444343495734,0.00010186272396866127,0.022068515900723347,5.318897799286455e-05
10,0.0006686120884010873,3.1208273292713137e-06,0.012556158377423254,7.871945121295816e-06,0.00037393398179241843,0.001258885841610016,0.0018087619354826897,0.725387159431131,0.0019206122324028402,0.18180661043252916,2.1917562974067355e-05,0.002755372610294085,0.0040682986558030695,1.5536676699179876e-06,0.00031462845682985954,0.001416593556166101,0.03713612841077459,0.00011082096711031952,0.006989654814085183,0.0003280106126077459,0.0005366749491593461,0.0015249640369357797,7.644238739377363e-05,0.01889025733838557,3.6954880587524915e-05
11,0.0006616196520121792,2.7210840992213806e-06,0.011826653801569702,7.560782566998675e-06,0.0003370819617725956,0.001157114324538779,0.001727197174848903,0.73466487153253,0.0017444775100541937,0.17552838789224792,1.9793168778078717e-05,0.0025700194963389628,0.004410179602403665,1.4155891681038032e-06,0.0002707169599461047,0.0014181207302201321,0.0358351584210776,0.00010651412464281532,0.006791891897001483,0.0003197108835731026,0.0004713959161405092,0.0013924444450710578,6.744361504276174e-05,0.018635908088754257,3.160134560086269e-05
12,0.0008545421633535685,6.560404035159998e-06,0.018157391871029147,1.2883759129312288e-05,0.0018619967928796852,0.003832112894258079,0.0047574128583133075,0.5150764985885505,0.0035026422765135038,0.29260676559758,4.687577746467133e-05,0.005558982274347749,0.006410519433221934,9.405983070564417e-06,0.0007338234960408949,0.0022063013658856112,0.07369470628793423,0.00046677281373100094,0.010104153465381275,0.0013863420282661642,0.0017932375573164372,0.0016324133461456576,0.00045280631932405915,0.0546716904499192,0.00016316219630835687
13,0.0005947047103609229,2.047144298945708e-06,0.012391629559102217,7.286787848180313e-06,0.00027278839936022164,0.0006131344099229444,0.001134100290137819,0.768767007265916,0.0013482898348503435,0.1653510074715493,4.0449196366432255e-05,0.003610796741736996,0.0037320900458970227,2.017808099680842e-06,0.0004243309381232269,0.0009410303447391356,0.024650091836656802,0.00010004061934265302,0.0034014353592885906,0.0004209415490074007,0.0005042297612958668,0.0010211654472557308,6.803649342428003e-05,0.01057188254223165,2.946544318758713e-05
14,0.0006785206886460351,3.6094352424541675e-06,0.012956446283714581,8.66374322311706e-06,0.00042286151858595506,0.0013663917571780605,0.0017554546824874006,0.7233418097853714,0.001973921333846572,0.18277728741702134,2.442690110884075e-05,0.002669341655948975,0.004353590743325481,1.6431443906707695e-06,0.0003366475307149683,0.0015020701384698097,0.036792266751966674,0.00012761046742134366,0.007863509020144184,0.0003665172110753181,0.0005410141862843986,0.0015606270422577925,7.834115249246549e-05,0.018460121719544045,3.7305689538078555e-05
15,0.0006686120884010873,3.1208273292713137e-06,0.012556158377423254,7.871945121295816e-06,0.00037393398179241843,0.001258885841610016,0.0018087619354826897,0.725387159431131,0.0019206122324028402,0.18180661043252916,2.1917562974067355e-05,0.002755372610294085,0.0040682986558030695,1.5536676699179876e-06,0.00031462845682985954,0.001416593556166101,0.03713612841077459,0.00011082096711031952,0.006989654814085183,0.0003280106126077459,0.0005366749491593461,0.0015249640369357797,7.644238739377363e-05,0.01889025733838557,3.6954880587524915e-05
16,0.0006370798744621219,2.6382848044395175e-06,0.012876549183391298,8.011409168330038e-06,0.0003489034109654387,0.0012332153732821656,0.0018295637696679713,0.7304494991976083,0.00153318471059327,0.17335159479459689,2.304967816796864e-05,0.003113197689223794,0.004665788956055809,1.801446724737845e-06,0.00032032162489982013,0.0016368001742140654,0.03854300063349782,0.0001361884356770752,0.006704255344215119,0.0003844691684082833,0.0006293764014876452,0.0014069715067264728,7.842643461611764e-05,0.02005527650272473,3.0835994820359335e-05
17,0.000692113117693987,2.9683162605739014e-06,0.012486999753187351,7.996052509776315e-06,0.0003727337187346392,0.0011606925071511178,0.0019169016048726725,0.7298012114454312,0.0018616166750792783,0.17779609466918675,2.254111665981843e-05,0.002939267310710155,0.004111288775743485,1.642971461987072e-06,0.0003019248123567036,0.0013478481153265621,0.03764749997138902,0.0001051881214368913,0.006317303993520547,0.00033270527164432366,0.0005177422066516612,0.0015319104710629177,7.441376083232704e-05,0.01861060096288023,3.879427821594457e-05
18,0.0006868031638729927,3.1867663407128125e-06,0.012587972556334436,7.977188166729297e-06,0.00038077694381521125,0.0012633917737487664,0.0018576273281205725,0.7223470631854679,0.001942465987523407,0.18268610606977045,2.2282978731251133e-05,0.0027736089029289602,0.004071396407855229,1.5912857518315826e-06,0.0003157700152560839,0.0014104105945767567,0.03865298813852023,0.00011243503925084327,0.007055566699778738,0.000332137753868753,0.000540984909666915,0.0015648011282982583,7.829215302567822e-05,0.019265635341604595,3.8727687724576896e-05
19,0.0005789769313656387,1.877147677245005e-06,0.012797973515084528,6.458436335292072e-06,0.0003152487974384498,0.0010714331485898708,0.0022297286346422344,0.7073597872508287,0.0018094304958327172,0.20670434013460615,1.4868798144133185e-05,0.002878434058089306,0.0039311037417911416,1.0139551987532228e-06,0.0001825534869970684,0.0012327103797130567,0.03377833206346454,5.669832561558233e-05,0.005022733941810952,0.0002514016085497344,0.00038210238746693413,0.0014945997507517317,4.969788150268361e-05,0.017817212149384136,3.128297911938636e-05
20,0.0017670096028827558,1.1925790772303115e-06,0.017566606951133854,5.153947428892716e-06,0.0009516790664517121,0.0014248987758410775,0.0037116099713802374,0.48080761309880926,0.0023088864299524513,0.3576513512451254,1.2930174862576518e-05,0.0017463727362738515,0.008358470348718136,1.945743975594327e-06,9.797731749331255e-05,0.0012400048558994683,0.063762698937088,8.847378371661071e-05,0.010681837152725733,0.000459309811517338,0.0003775889791279279,0.0006804686558406537,9.14381804535069e-05,0.046151126744897485,5.3354909326799776e-05
21,0.0007475393663776761,2.5904107389639065e-06,0.01151228530144813,8.986254429378944e-06,0.0003405544508790335,0.0009638029342860734,0.0014770223475576699,0.7462929150987524,0.0015372548713989416,0.17450031765568677,3.1142679416448544e-05,0.0032403524194195717,0.004475560824678353,2.2720712734761893e-06,0.00036892985228115986,0.001316596267542701,0.03004136812098868,0.0001308243628007977,0.0056411318595939635,0.00040282780144030694,0.0005074437555063527,0.001203457067025101,7.334266369695768e-05,0.015148710065466114,3.27714973149765e-05
22,0.0007198797211029074,2.511967963605595e-06,0.013679551988361693,8.50856942414464e-06,0.0003459052947243966,0.0010383323369548055,0.00163506072142849,0.6960698437476542,0.0016495208894689568,0.20321296639277323,3.139305781274098e-05,0.0028278590476411717,0.004265544825036059,1.6384926364830104e-06,0.0003230990237228239,0.001404692770017901,0.0470391196022485,0.0001364641181131811,0.006454702391173107,0.0004047916204683271,0.0006284592005168087,0.0015744156740367331,7.99817930471858e-05,0.016431990134567594,3.376661910497422e-05
23,0.0006686120884010873,3.1208273292713137e-06,0.012556158377423254,7.871945121295816e-06,0.00037393398179241843,0.001258885841610016,0.0018087619354826897,0.725387159431131,0.0019206122324028402,0.18180661043252916,2.1917562974067355e-05,0.002755372610294085,0.0040682986558030695,1.5536676699179876e-06,0.00031462845682985954,0.001416593556166101,0.03713612841077459,0.00011082096711031952,0.006989654814085183,0.0003280106126077459,0.0005366749491593461,0.0015249640369357797,7.644238739377363e-05,0.01889025733838557,3.6954880587524915e-05
24,0.0006963646397812432,3.7415787654998386e-06,0.011946238779835389,1.0194223505697822e-05,0.0004260121832003276,0.0012201406760264993,0.0015943945434704957,0.7338187162564479,0.0018743567818484388,0.1801927582826169,2.6317628381823808e-05,0.002801797691450103,0.00460510288307035,1.7547302440102897e-06,0.00031123933886595086,0.0013788206036335212,0.03329281812984216,0.00011980062627656686,0.007037506245277387,0.0003897125083527835,0.0004399104409801945,0.0015611874991311263,6.846972007159538e-05,0.016143962751353387,3.868125757067796e-05
25,0.0005850056918870776,1.2673749023016947e-06,0.009481396418649037,6.58039353574409e-06,0.00022838277730853705,0.00047500786921368996,0.0013880206863464372,0.7851066221207988,0.001052847632471375,0.15339961754739867,2.7955317152414268e-05,0.002836356479432105,0.004207754333000237,1.4269698374755277e-06,0.00022469508420669873,0.0008043579335988156,0.02552374512166677,7.577872156689805e-05,0.0027246890271336757,0.0003642111815946717,0.00029245294661932775,0.0008948117849281618,4.1746797651972986e-05,0.010231919069256227,2.335071984277462e-05
26,0.0008873445105968274,3.2293763305670245e-06,0.011427334612742868,6.890235538803397e-06,0.00042795446180734093,0.001539419710737534,0.0019515049771827429,0.6923820908074403,0.002608665045597618,0.18954676365757306,1.567199736849879e-05,0.0017354111935920095,0.004739840456365587,1.3185610315775422e-06,0.0002558365509574214,0.0015005095892157345,0.05065436302884309,0.00013919933025273806,0.010290894707852747,0.00030546807332090413,0.0005636283756626082,0.0012984738871556782,0.00010812502390126702,0.027570116863173098,3.994496575954186e-05
27,0.00095649302261788,1.1752553833726096e-06,0.029066230772366593,6.811253009140083e-06,0.0005855322379959932,0.001412894322779983,0.00318595878978663,0.5662622773896224,0.0010035148525503342,0.24725760760752652,2.1332070489212146e-05,0.004240035357659964,0.010893794081864824,3.53767107947907e-06,0.00021605150988593307,0.002778469531192329,0.0678225701652937,0.00021066007403158592,0.007447763480524908,0.0008872667412576662,0.0015903563196747212,0.0007671358183895791,0.00014892900431462994,0.05320766066685213,2.5942003850353325e-05
28,0.0006686120884010873,3.1208273292713137e-06,0.012556158377423254,7.871945121295816e-06,0.00037393398179241843,0.001258885841610016,0.0018087619354826897,0.725387159431131,0.0019206122324028402,0.18180661043252916,2.1917562974067355e-05,0.002755372610294085,0.0040682986558030695,1.5536676699179876e-06,0.00031462845682985954,0.001416593556166101,0.03713612841077459,0.00011082096711031952,0.006989654814085183,0.0003280106126077459,0.0005366749491593461,0.0015249640369357797,7.644238739377363e-05,0.01889025733838557,3.6954880587524915e-05
29,0.0006686120884010873,3.1208273292713137e-06,0.012556158377423254,7.871945121295816e-06,0.00037393398179241843,0.001258885841610016,0.0018087619354826897,0.725387159431131,0.0019206122324028402,0.18180661043252916,2.1917562974067355e-05,0.002755372610294085,0.0040682986558030695,1.5536676699179876e-06,0.00031462845682985954,0.001416593556166101,0.03713612841077459,0.00011082096711031952,0.006989654814085183,0.0003280106126077459,0.0005366749491593461,0.0015249640369357797,7.644238739377363e-05,0.01889025733838557,3.6954880587524915e-05
30,0.0006686120884010873,3.1208273292713137e-06,0.012556158377423254,7.871945121295816e-06,0.00037393398179241843,0.001258885841610016,0.0018087619354826897,0.725387159431131,0.0019206122324028402,0.18180661043252916,2.1917562974067355e-05,0.002755372610294085,0.0040682986558030695,1.5536676699179876e-06,0.00031462845682985954,0.001416593556166101,0.03713612841077459,0.00011082096711031952,0.006989654814085183,0.0003280106126077459,0.0005366749491593461,0.0015249640369357797,7.644238739377363e-05,0.01889025733838557,3.6954880587524915e-05
31,0.0006501127749227748,6.870127743667667e-06,0.010688191056417362,1.3906987756287636e-05,0.001081307594425877,0.004290776240222123,0.004547331877809476,0.41780601391727207,0.0041133151940950545,0.44255685224244584,5.044464339882731e-05,0.00485728194548779,0.002651273226548766,5.224535039604607e-06,0.0007977680818414428,0.001513590259168964,0.05758862463745503,0.00023293894361958787,0.008642089771959245,0.0006165428046123809,0.0009620081561910516,0.00315734548974916,0.00028605598524082925,0.03269558310158004,0.00018855040499689887
32,0.0007143533777887273,3.482006826340252e-06,0.012982912579856972,8.140552975836538e-06,0.00038306531902200237,0.001324657033620713,0.0017431233014169286,0.7252846749427614,0.001958610304517653,0.17780357902937075,2.13809702747607e-05,0.002606259813657455,0.004292777613080775,1.5344023814576173e-06,0.00030886348407490916,0.0015199681786685325,0.03852526687421253,0.0001171943013865439,0.008170492165708306,0.00032115184875489556,0.0005323068748983775,0.0015856114579079455,7.574924587155217e-05,0.019678376309571522,3.646801139313559e-05
33,0.0007485575502305838,2.8220695418390564e-06,0.009641456870825668,8.530490561055485e-06,0.00023440207694406178,0.0014512044771695224,0.001922569304939386,0.7280175984703455,0.0009606980712878258,0.13414917890225495,8.472715313073049e-06,0.001950830839070339,0.00754735903649849,1.0552808210375169e-06,0.000124625456578374,0.0026990767511968984,0.05727933484609304,0.0001548701063934858,0.014377650533132252,0.00025141961130667765,0.0003507189664140731,0.0018611937055536638,4.350956243710645e-05,0.036194890305005445,1.7974000085710543e-05
34,0.0011239853163108897,2.6797068367952146e-06,0.014307653520064436,7.242510968787881e-06,0.00040443935209039897,0.0008908321277784661,0.0013664398625055118,0.7324035033409397,0.0018824153098182409,0.1746097915586101,2.3546593454349425e-05,0.0020214380076619834,0.0050103839689816625,1.5280400276125876e-06,0.000251253377990771,0.0012478879224416134,0.03677582043895944,0.00010554337971847439,0.008719876462024349,0.000316818808549171,0.00042688323903474477,0.0011024954951498777,6.320503934587186e-05,0.016903694330103004,3.064229063367768e-05
35,0.000670898441251625,3.131288555668982e-06,0.013003684756754981,8.007405717148054e-06,0.0003860389677341058,0.0013050322517110748,0.0018828937724764971,0.7171678017467056,0.0019030606218857428,0.18702165540457563,2.248438690910248e-05,0.0028760835359453664,0.004176136185825733,1.6512204061344994e-06,0.0003229993070305393,0.0014634676256098573,0.03816562125090373,0.00011529063134683457,0.007029691872583302,0.00034635964660384005,0.0005707964472878169,0.0015331125479746287,8.10381638953449e-05,0.01990501467919314,3.80478411164961e-05
36,0.0007569328120499541,3.912231302188442e-06,0.015010542298746788,8.674785148073212e-06,0.00048206836904944014,0.0015905202651790365,0.001780860853231277,0.6840638954463256,0.0023624134380037954,0.2144607943067597,2.291668914901204e-05,0.002373404152721882,0.004360695397417361,1.6189768338200691e-06,0.0003448170483195507,0.0015287491611170598,0.03736309116478781,0.00011931704241879741,0.008907779615704513,0.000365908551091647,0.0006288083321590157,0.0014508134112038897,9.859417341685535e-05,0.021871246780874203,4.1624696988769414e-05
37,0.0011876972912214455,3.082850193809737e-06,0.018423385073231133,9.9865934809151e-06,0.00048333048153199323,0.0014475615935834337,0.0028537631245662254,0.6380279326712759,0.0013949448062732233,0.2040365518853525,2.484897982344878e-05,0.0038678296056465803,0.007127093067159145,3.710765862631611e-06,0.0003103176655510333,0.002208231425593737,0.06278875286831119,0.0001888301188934223,0.009437958329959997,0.0005458288189768812,0.0009240389230887526,0.0014915331880795116,0.0001315035498062844,0.04303327237354052,4.80139489961416e-05
38,0.0005818333217456062,2.9331410416133374e-06,0.01354850186188471,7.690184184094233e-06,0.0003381599049884808,0.0017535061135758086,0.002108153485187027,0.713861082972794,0.0016465787438955963,0.1802672055700537,1.961666540898666e-05,0.003065676947946709,0.004833089936271073,1.5633441515772725e-06,0.0003459221903329587,0.002180510866761376,0.03927633413319517,0.0001516106347805256,0.008756809370283175,0.00033171328596106405,0.0007728164078883365,0.0016062558261825525,8.847197495336251e-05,0.024427150669601244,2.6812446931226335e-05
39,0.00633726705740223,1.113642729569223e-06,0.0026478784732935357,2.0445226548496727e-05,0.0016303360139820315,0.00016853188607711387,0.0074926304115515655,0.18584209454314038,0.0023487163659001178,0.7635810087176716,0.0005549167693358881,0.0014770149675662082,0.002322616531127472,4.415908171942207e-05,0.0004224244448130761,0.0001214118176888484,0.01343704380584731,9.654494522946505e-05,0.0012083007465169663,0.0008252113081140937,2.2646655788544653e-05,0.00036539886507860024,0.0001240736498122598,0.008327387590284407,0.0005808264827807509
40,0.0010451799659668994,5.7070758871004635e-06,0.02729374237494806,9.688728314873586e-06,0.0008076940568110444,0.0013024967748797127,0.002652272228076487,0.6991308268643772,0.0023499964992613016,0.1751778748142624,4.046400675043395e-05,0.005836479885622885,0.004674162719076634,3.846736158136609e-06,0.0004752133283724921,0.0016240535092715493,0.04386031928174752,0.00011250716017628818,0.008070430759527215,0.0004760466355741313,0.000855788896868355,0.0021679892170201813,9.925167115391595e-05,0.021850391726394015,7.757508350122394e-05
41,0.0004794652789605375,3.617143247672287e-06,0.007350492040347875,7.577183203769407e-06,0.0003878781461432102,0.000959370563954997,0.0006500602633984559,0.8096523529066588,0.002361894116973602,0.14378484425380628,2.4776611605475874e-05,0.0013404109982494796,0.0035288936114168602,9.711302664106744e-07,0.0003392035130464631,0.0009659689051131542,0.013097980631408108,0.00010761654610545202,0.006881854403080789,0.0002815800645298526,0.00021519788524963164,0.0008291362927983565,3.843822289061583e-05,0.006691168130825804,1.9251156718238033e-05
42,0.00031569917025261546,3.2071640719247065e-06,0.009885086590058491,5.892317193089067e-06,0.00013856440279397093,0.000870327704662337,0.0006686586416950283,0.8524365686336457,0.0013868633979775547,0.08757106692506349,9.37934736059826e-06,0.0016118807510370281,0.00244318869987188,3.375147955427175e-07,0.00017728923563826207,0.00133754354185659,0.023691348726172352,5.055994485461115e-05,0.007137356021215291,0.00011961308052670929,0.00030179269650930797,0.0018881055144847416,2.1778613633589956e-05,0.007916071231784637,1.182013284467374e-05
43,0.00042910506075445734,2.0479628334290483e-06,0.0118803204000324,6.89376373168617e-06,0.0002645819486445768,0.0015916671146794224,0.0015590643258219,0.6973736162806977,0.0018090183538833112,0.21038662087635923,1.2129995890354934e-05,0.00213402103058477,0.0038379100202793263,7.540823316489477e-07,0.00022749853074896628,0.0017894659314794462,0.037205477663223935,9.258237990614353e-05,0.00674995419545393,0.00027886672566066807,0.0006913714902607709,0.0013935766674213782,7.294236001728696e-05,0.020190642334102976,1.9870505200339852e-05
44,0.0006686120884010873,3.1208273292713137e-06,0.012556158377423254,7.871945121295816e-06,0.00037393398179241843,0.001258885841610016,0.0018087619354826897,0.725387159431131,0.0019206122324028402,0.18180661043252916,2.1917562974067355e-05,0.002755372610294085,0.0040682986558030695,1.5536676699179876e-06,0.00031462845682985954,0.001416593556166101,0.03713612841077459,0.00011082096711031952,0.006989654814085183,0.0003280106126077459,0.0005366749491593461,0.0015249640369357797,7.644238739377363e-05,0.01889025733838557,3.6954880587524915e-05
45,0.0021927971608840624,1.4361176513301617e-05,0.041520160378611115,1.8086740349219413e-05,0.0021923297427887956,0.0029756185563240365,0.0029153714065756654,0.3746097531552053,0.005647775279599562,0.3772028754916155,8.477752949097261e-05,0.005802769641343546,0.00375283027690348,9.557889825034125e-06,0.0008439679266804094,0.001303875547604413,0.1154970949902557,0.00019545359860371426,0.013267750968287433,0.0009732568691316744,0.0025405503820317343,0.002881747240568012,0.0006402108818233907,0.042465303348849376,0.0004517238201345512
46,0.0009163725526891516,1.4411572774916778e-06,0.013394608875536895,7.3592682415870365e-06,0.0001906345550178342,0.0008190538304629412,0.001976699947261178,0.6987882844116476,0.0010501863821330518,0.16289336684331196,1.202873584830842e-05,0.002823559287571999,0.005290125752448367,8.216383035093823e-07,0.00010322365334330617,0.001550798155976733,0.07888956504565103,6.342547918851918e-05,0.00615830948311408,0.00023844818137888705,0.0004761402156807883,0.001918407756049542,4.3844334167069154e-05,0.022369636772436117,2.3657685262143078e-05
47,0.0008548422518124028,1.7116945624517947e-06,0.01306463832185527,6.824232564836978e-06,0.0001811410092651072,0.0007560260247162104,0.0014106668049993925,0.7600504694459339,0.0009883412667977007,0.138646747409693,9.782091454706447e-06,0.0021314597496846317,0.005612422234560417,7.43324101637183e-07,0.00010866753802922846,0.0015854365428126657,0.04427352302403904,6.097759760830394e-05,0.007578123149809353,0.00019718103345499504,0.0003435131309119009,0.0014312118709548162,3.334328211524214e-05,0.020655995408734595,1.6211559528257438e-05
48,0.00033557220148302435,7.399202920822054e-06,0.021616360015030416,1.6318897495007822e-05,0.0012445277830499242,0.001000181512873379,0.0011217365282201318,0.7542830189706351,0.003827892056402031,0.17668963346348757,0.0003855574377182598,0.015612009850987096,0.001802010115061921,1.491038751685692e-05,0.0044268588105862115,0.000624191701731182,0.007429233448818924,0.0001859386174106189,0.0012558599507361161,0.0016736966266241598,0.0015563914886826036,0.0010108713115191913,0.00024682729854703407,0.003484207379827869,0.00014879494263477072
49,0.0005041862619143016,3.180454983270906e-06,0.014187308261615884,7.76501428893265e-06,0.00033071847992938896,0.001317410526257774,0.0017629659958410433,0.745995806486081,0.001803475068274216,0.16306414857366572,1.7910625036154157e-05,0.003147602714734818,0.0038130244610671054,1.142958515245376e-06,0.0002726886080552281,0.001555360377271415,0.035931323385971055,8.496420867004924e-05,0.006495961367068514,0.00029672898924517266,0.0005634995678603877,0.0018424281573847976,6.068368216709739e-05,0.016908713963485932,3.1001810615579025e-05
50,0.00018941602928620072,0.00018760056362006244,0.029479078896174755,2.951115015635874e-05,0.0011608312254953667,0.020654216171356855,0.0006905137923626554,0.7290931763215681,0.012393755969572,0.06649923362718159,7.542997126872914e-05,0.00910034128794539,0.0012873340692091566,2.93918358124145e-06,0.00791430867108678,0.007344094859384886,0.040734113154961095,0.0010657702590500793,0.03012389383713062,0.0005643551039137552,0.017026960424495318,0.011455205442877345,0.0008981324359377973,0.01191404455980257,0.0001157429925812201
51,0.000516314354145458,4.569353417570766e-06,0.009937584175024402,9.620519885106788e-06,0.0002847973062071273,0.0010947283153130193,0.0012767849202296123,0.7914642111429313,0.0018844981544936207,0.13877332553487434,2.4989974782079047e-05,0.0025899894478872538,0.0030155035967391686,1.3358207536994387e-06,0.00040063054541841775,0.0012250511577337447,0.026810238666568145,0.00010201580100496244,0.005958733242239242,0.0002687434024030298,0.0004390409449799904,0.0018286456340912524,6.122813672536232e-05,0.011992475616786777,3.494423536525668e-05
52,0.0006416851396207594,2.896485669695278e-06,0.011768080767636574,7.785603443208267e-06,0.00035915036951998094,0.0012303090212843208,0.0017030195162273563,0.7282009187825336,0.0018510653992223336,0.18406440703898788,2.169064019454997e-05,0.0026387947810208733,0.004095803968041189,1.5061474582617417e-06,0.00030913881997675596,0.0013932237013455306,0.03448788445382233,0.00011186821523826606,0.006794842492105114,0.0003304352768123003,0.0005011869492764577,0.001416365876832044,7.243293531925857e-05,0.017961795555967754,3.3712062443523244e-05
53,0.0006809924931150774,3.23726150970816e-06,0.012428432986939658,7.850535699671508e-06,0.0003665578267981085,0.0012487180330123865,0.0017179428450225561,0.7309670540340015,0.001924957844296239,0.17736680262220417,2.113734455965789e-05,0.002634687136620861,0.004026289172789882,1.4779043344474281e-06,0.0003069788274261113,0.001421107268705871,0.03648183877772418,0.00010793780561861237,0.007367921909429916,0.00030907534551926464,0.0005105705125403025,0.0015438577516793696,7.186710388213572e-05,0.018446971907657917,3.573474891247078e-05
54,0.0005574347810419237,9.899007343832053e-07,0.0157071732133405,5.2262327011085074e-06,0.0003081381020821569,0.000904561251789326,0.0013277625521136561,0.7114092370278178,0.0012541542840504704,0.19640909650686877,1.7642985264960043e-05,0.0023899259318880075,0.0062059031608600445,1.1001993730639211e-06,0.00018870907831963207,0.0015500194350485386,0.0367594906984659,0.00011395797036087705,0.005155585445434371,0.00047023451421997084,0.0006973013678215325,0.0006801865494380564,6.819054746562357e-05,0.017803919341205614,1.4058922293810373e-05
55,0.00045042951695421475,1.4994266881956077e-06,0.007954442981197898,5.3700990691272036e-06,0.00029969900000966523,0.0010047092170685262,0.002058136459858622,0.7952464669808931,0.0015042196409255663,0.1341457312187268,1.4671024070090692e-05,0.0040718703369952095,0.004227414397313588,1.5732043453784935e-06,0.00023012062545934146,0.00132534943504105,0.025763430464135234,0.00010063317793968033,0.0038711538766873625,0.00030468353930870683,0.00037321906815693934,0.001076579119210379,5.0235630396742026e-05,0.015892117485880656,2.6244073667835075e-05
56,0.0006558309309151256,2.7873823805577185e-06,0.012001795248060231,7.759972731974938e-06,0.0003505377256451334,0.0012045499657344849,0.001746999144694436,0.7323188765888556,0.0017835137360617723,0.17734946714391558,2.0144597807905773e-05,0.0026022077712676453,0.004409617482180178,1.4473786192549363e-06,0.0002780215125078025,0.0014381269308444702,0.03587117655974421,0.0001089654111547009,0.0068305432759067485,0.0003296429599807567,0.0004927472066693954,0.0013976940605263293,6.999704779845973e-05,0.01869518756367121,3.236240232591307e-05
57,0.0012285198146524301,7.374882254803061e-06,0.0043586821931818655,1.2482798825841512e-05,0.00028109230743093123,0.001334578054608461,0.0018761205497243218,0.7448279529766362,0.0026481014893703506,0.16969816753888134,4.530534470047888e-05,0.0015119264977045072,0.0022567521212004814,3.4792638096432713e-06,0.0009430651873383331,0.0009248977105749016,0.03560893178668445,0.0002955996321082843,0.008571544173993063,0.00022627723159806217,0.0004167657395683912,0.0017805483674439096,0.00017667584567461117,0.0208761035285211,8.905496351352941e-05
58,0.0006749035290660806,2.9390868068154646e-06,0.012513487493864668,7.74650718344675e-06,0.0003582302235348522,0.0013555623906514507,0.0019220365902144151,0.7106120157506901,0.0017680180647688985,0.18818565864050665,1.8541150245633183e-05,0.002678151885830274,0.004707873983268963,1.5496960032723823e-06,0.0002797542636399955,0.0016016633141370839,0.03952708188780625,0.00011917530718959234,0.007664207512052146,0.00033854420807878817,0.0005421722944827261,0.0014631103417881337,8.021944221339482e-05,0.023543330417484618,3.402601849149546e-05
59,0.0006623831338736429,2.8065252117914225e-06,0.013906280660101824,7.504240861366803e-06,0.00036138964016736296,0.0012680030147567008,0.0019096054343129291,0.7169100341090396,0.0017311933033267175,0.18215669633769738,1.870489001246938e-05,0.002781137880748421,0.004690726082897066,1.5081652208057387e-06,0.00027318140380088173,0.0015727052422492116,0.039439938736159474,0.00010897608984434817,0.007153262243351344,0.00034872969577470065,0.0005767441358370353,0.0014290109238031612,7.796586850149158e-05,0.022578392791104077,3.3119451346048886e-05
60,0.0006686120884010873,3.1208273292713137e-06,0.012556158377423254,7.871945121295816e-06,0.00037393398179241843,0.001258885841610016,0.0018087619354826897,0.725387159431131,0.0019206122324028402,0.18180661043252916,2.1917562974067355e-05,0.002755372610294085,0.0040682986558030695,1.5536676699179876e-06,0.00031462845682985954,0.001416593556166101,0.03713612841077459,0.00011082096711031952,0.006989654814085183,0.0003280106126077459,0.0005366749491593461,0.0015249640369357797,7.644238739377363e-05,0.01889025733838557,3.6954880587524915e-05
61,0.0007025731449012652,3.0782447098719043e-06,0.014341894705178894,7.666626679965808e-06,0.0003909150862895475,0.00133594346684839,0.0019827608243970602,0.7095453347338532,0.0018808765649628457,0.18706203749207825,2.037108891156993e-05,0.002914507106676574,0.004492758835144179,1.6272011711962505e-06,0.00029839678192028864,0.0015791436000522471,0.040686559736213254,0.00011195460833161869,0.007552099267792295,0.0003410918532291684,0.000604242238925187,0.0015376933915681168,8.232375833494295e-05,0.022486984505571073,3.716513625886098e-05
62,0.0006686120884010873,3.1208273292713137e-06,0.012556158377423254,7.871945121295816e-06,0.00037393398179241843,0.001258885841610016,0.0018087619354826897,0.725387159431131,0.0019206122324028402,0.18180661043252916,2.1917562974067355e-05,0.002755372610294085,0.0040682986558030695,1.5536676699179876e-06,0.00031462845682985954,0.001416593556166101,0.03713612841077459,0.00011082096711031952,0.006989654814085183,0.0003280106126077459,0.0005366749491593461,0.0015249640369357797,7.644238739377363e-05,0.01889025733838557,3.6954880587524915e-05
63,0.0006819160128958478,4.1219164036067845e-06,0.012671218255736505,8.652593338264495e-06,0.00039390539495941967,0.0013808303367494308,0.0017359576109374497,0.733686575772028,0.0021441230822252465,0.17248068343378076,2.3402412608525597e-05,0.002658876091513897,0.003887740713597592,1.569463558050925e-06,0.00035722344133250585,0.0014718619852747761,0.037275296054075265,0.0001188013745781984,0.007958872510851424,0.00031705078394223245,0.0005560770959258241,0.0017352571357135166,8.078100456250476e-05,0.018328391917885573,4.081360552550343e-05
64,0.0006830308462637961,3.3679072820862715e-06,0.016645655571565054,8.343051668000768e-06,0.00041703137414745683,0.00144871323631597,0.0019900672266986797,0.7026284319129651,0.0019971492653460127,0.18659699157620754,2.313485029129481e-05,0.0033878183972576013,0.004334747919948992,1.7448887545966008e-06,0.00034395772353870946,0.0016979543132139316,0.04523118774629839,0.00011822382585102859,0.0072690252447531025,0.0003803880533923659,0.0008390999275700392,0.0016947464850163888,9.945313330111705e-05,0.022119598033308787,4.013748904381548e-05
65,0.000663885336304155,3.636245903288249e-06,0.013235289414953045,8.566494852544305e-06,0.0004134787208915271,0.0014612929850859335,0.0019854400953622352,0.7121748195042827,0.002050489073700659,0.1856619756966662,2.2743912110831107e-05,0.002929518756772852,0.004151445344357259,1.7599780236959097e-06,0.00035136409361934405,0.0015389504997331263,0.04132894046344409,0.00012784945076770794,0.007468826746701876,0.000370066043489671,0.0006460329107754692,0.001654998698936461,9.47702968030667e-05,0.02161061731644946,4.3241920012733946e-05
66,0.000433082370905443,1.1327497354816599e-05,0.0070467603295785355,1.1771659101155348e-05,0.0002157718215687186,0.0016658055143992316,0.0012376282258899898,0.8071725105378788,0.0024857291058995048,0.11916660595755074,3.596852135701566e-05,0.0037360179431881937,0.0014333241412550195,2.1242162116956508e-06,0.0012283404786850099,0.001319095070860616,0.028298136092259663,0.00017072048375022593,0.006665893524134651,0.00018712884134092719,0.0007713953098658798,0.003631950189355294,0.00012131573239627358,0.012884460210269415,6.713622494332733e-05
67,0.0006682323384950403,1.9205434099665386e-06,0.010067873926354987,5.5637496402161885e-06,0.000286857069241573,0.0006685861449239792,0.0011845222804090678,0.7749633165081238,0.0017445543224537136,0.16633757031348334,1.8761464068594136e-05,0.001957817441798247,0.00334469013248647,9.15965276239385e-07,0.00021422174626233183,0.0008901874728637013,0.020887081309489453,5.6338217576610816e-05,0.005117216841672059,0.0001993911104581961,0.00023663326209264688,0.0010509014519174552,3.2575418709210925e-05,0.010042519353537898,2.1751615255085623e-05
68,0.0017057254819945976,3.604825280183316e-06,0.012637459536945816,8.824109944542057e-06,0.00036784514410062634,0.0007336978561215136,0.001143345193689585,0.6994304560852235,0.0020401688669332667,0.20517995862074206,2.289796060033138e-05,0.001361143801969676,0.0048870040744880055,1.3200293628174461e-06,0.00018747877621287093,0.0010563294833278564,0.03833199080608416,8.220490159229122e-05,0.012315551527502591,0.00022613354991052223,0.00021015657742664054,0.0014149386600353156,4.4175347034309075e-05,0.01657076847197083,3.6820311505913115e-05
69,0.0004839352065328251,3.1360471210919737e-06,0.011331664265091392,9.403060218054428e-06,0.00039726572026520886,0.0010366123973422463,0.001291489698068393,0.7447206904740248,0.0022204649475587126,0.18154845890588978,4.8504843287570445e-05,0.0028113019119257038,0.0030632487647461433,1.6633182791569672e-06,0.0005573419739854956,0.0009557083642350013,0.033119317597113715,0.00014345238264524375,0.003964106340755133,0.000544956133289742,0.0007315265110490296,0.001307530779091085,0.00011127621389930901,0.009554163473036035,4.278067054911375e-05
70,0.00038560519808806236,1.967103857058819e-06,0.01259589305138828,7.934907931978973e-06,0.0003366591318488245,0.0012216611036273022,0.0013674448986830548,0.757114673934767,0.001655406296098573,0.17837649591196333,1.9366911609751117e-05,0.0025955610122049334,0.004276081803207446,1.0026982425368712e-06,0.0002360214947903204,0.001330354362521967,0.02061600740689973,8.075847751911103e-05,0.004506727241652322,0.00040480409338172014,0.0004220033790078808,0.000993140400115212,4.9978671298424185e-05,0.011383832878902829,2.0617630392325593e-05
71,0.0006703596181255033,1.916994091894575e-06,0.01052292632805648,6.836312379861724e-06,0.0003570066123540833,0.0010598360688157961,0.002249721608565274,0.7130444954292766,0.0016970255890834205,0.19844631071958035,1.800405497167716e-05,0.0024788776423639524,0.004571682468449653,1.423153180678883e-06,0.00021657506619688577,0.0012037343553068678,0.035960998676743544,9.166164304521858e-05,0.005364093590605128,0.0003425370575208281,0.0003840024348812659,0.0011791004279734327,6.377268826563772e-05,0.020033330126593245,3.377133357280807e-05
72,0.00029053720677639055,4.931194804996101e-07,0.006470547500855744,3.7823466379519433e-06,0.00015954645337332653,0.001021705784773025,0.0022828681659165678,0.830056375852658,0.0006351070935635039,0.09715903387218008,4.357481884465149e-06,0.002077896853152583,0.006992827491248376,5.955489067576359e-07,6.860078078662261e-05,0.002258999722947322,0.024201742160227614,9.675437665383939e-05,0.004060196961426045,0.00025712870102326377,0.0002730149081214815,0.0005915702328369575,2.180805431281877e-05,0.02100878477366528,5.724556591226969e-06
