,0,1,2,3,4,5,6,7,8,9,10,11,12,13,14,15,16,17,18,19,20,21,22,23,24
0,0.00017100825766149,0.0056168530329397184,0.0135407515806794,1.567300972705314e-05,0.004001973163024516,0.044406627793785826,0.00024928543481113666,0.43745133423210303,0.034913484585895,0.009501403448135725,0.00011015721009324473,0.004921775990769695,0.00021300770726640205,4.817756532373692e-06,0.05472060263873001,0.0074422098761290755,0.04771728870593891,0.0035671977852497062,0.2537942233052952,9.965917404517573e-05,0.025799541946590985,0.046074706191747035,0.0008363993253891255,0.004524629872655406,0.00030538797480479093
1,0.00015111865409713694,0.015819423967510973,0.01979308418691762,1.2410237498359635e-05,0.006601155487010604,0.05817966812651166,0.00028751050993579757,0.2155506488702301,0.0428166139031408,0.0074044820818979906,0.00017106015547411902,0.007954490608297653,8.226809595389416e-05,9.317277623323111e-06,0.11101344168657394,0.006478011910003645,0.042577430388618866,0.0027776414679438503,0.3263107206181704,5.8959210490138803e-05,0.03655172207229068,0.09363918707680952,0.0010060159315162403,0.003941836691361468,0.0008117807841213852
2,3.491637449564053e-05,0.0030515044598639633,0.0015960714341765791,3.906870831562734e-06,0.0001760025773902151,0.11030346458164524,0.00044315495915621985,0.012681409394680912,0.0011091045128613312,0.0003456512427577662,8.798543935327923e-07,0.0015139681715218513,2.480112540956827e-05,7.127754621535231e-07,0.001195368599041019,0.021543962803847745,0.0823023120323848,0.0017383921094841488,0.5591048496086305,1.1057724041615731e-06,0.011150907712681032,0.17659146317248473,0.00013150500017151362,0.014900672544274437,5.391230994934078e-05
3,0.00014670228802623477,0.019394250941460977,0.017041279679462444,1.4134805148647044e-05,0.006506997957998093,0.059418728536330345,0.00035052608886449664,0.19551067682529785,0.0366257227229407,0.0063210000347928355,0.00020875737507025977,0.009781199049201062,7.370776489015128e-05,1.443821327515926e-05,0.14551828312673748,0.006329335419332617,0.049318742602972525,0.003780213691308689,0.28266118058543577,6.733576538457419e-05,0.04487321364725314,0.10897813565633944,0.0013697587085961178,0.004554565257064187,0.0011411132568161057
4,0.00015805880153262346,0.018456005063098704,0.017212094606302446,1.4482936719641855e-05,0.00665064701440507,0.05947007041659907,0.0003640113287253989,0.19945384948523942,0.03462734639597607,0.006334477298073629,0.00020277921839389313,0.009551085021257504,8.581794805825539e-05,1.5297086647219174e-05,0.13470740799457734,0.006803109838397579,0.05032476714786793,0.0040520551553895395,0.29940801663176264,7.263416797022597e-05,0.04315503349044321,0.10150036599917721,0.001345101873879443,0.0049599123623410004,0.0010755727171649972
5,0.00014609708721134967,0.020071456033062363,0.014738479436686646,1.5776561256234826e-05,0.006162204295706269,0.06038005490942281,0.0003268607214394212,0.19595987962417025,0.034702864269896334,0.005990601488292907,0.00021105954766174653,0.008553783510763567,7.838137609810479e-05,1.4645575119602168e-05,0.14567652935785955,0.006506794548472807,0.04926229829890108,0.004614262140897434,0.2928393929074487,7.234419401482871e-05,0.04342288864747454,0.10322478475937319,0.0014362905678337397,0.00453528640486515,0.0010569837360714864
6,0.00014670228802623477,0.019394250941460977,0.017041279679462444,1.4134805148647044e-05,0.006506997957998093,0.059418728536330345,0.00035052608886449664,0.19551067682529785,0.0366257227229407,0.0063210000347928355,0.00020875737507025977,0.009781199049201062,7.370776489015128e-05,1.443821327515926e-05,0.14551828312673748,0.006329335419332617,0.049318742602972525,0.003780213691308689,0.28266118058543577,6.733576538457419e-05,0.04487321364725314,0.10897813565633944,0.0013697587085961178,0.004554565257064187,0.0011411132568161057
7,0.00016849698222890164,0.017933384090197912,0.018681783129972877,1.4699597329663418e-05,0.006530886179200678,0.05371627733103921,0.00036337395822123576,0.21691743532597205,0.036118312501472315,0.006899279844014149,0.00021392592331607503,0.009696604313197863,8.562394605544384e-05,1.3674154197634114e-05,0.1294748396044712,0.006327120174203774,0.05011296898118551,0.003429967676572062,0.289215781905792,6.989213407927217e-05,0.03895112516549054,0.10820674801352681,0.0011864041419580378,0.004590221481051848,0.0010811734452529631
8,0.00024146707621735037,0.01730184292690583,0.030509220130549422,1.5733351502919866e-05,0.006563478195929621,0.04725101159603346,0.0004832505529689634,0.20709092819474276,0.03873179853947073,0.010125451793163674,0.00022539220946352203,0.013858972056516414,9.145656326956767e-05,2.014624093556582e-05,0.13498805076990403,0.006153668273237829,0.060514816150164324,0.0023363954011206734,0.24147145565391812,7.756269581577932e-05,0.05406146225175192,0.11663665228165378,0.0018248446662071068,0.007684824375689738,0.0017401180528669473
9,0.0001985800768294999,0.021144672596047496,0.020698311383833056,1.6552647665328632e-05,0.006114224511544447,0.04846748576414927,0.0004001070933113769,0.2015655178599309,0.04049673991752767,0.00879561515685033,0.0002668570086303361,0.012060484799419466,6.636319993442062e-05,2.0032737836166555e-05,0.18675351263524168,0.005008094686493868,0.05155371207366215,0.00285338321761928,0.21376412678093223,7.112541185197811e-05,0.051787948082331496,0.11812849910723494,0.002031255669926878,0.005858423162547798,0.0018783744186479706
10,0.00014670228802623477,0.019394250941460977,0.017041279679462444,1.4134805148647044e-05,0.006506997957998093,0.059418728536330345,0.00035052608886449664,0.19551067682529785,0.0366257227229407,0.0063210000347928355,0.00020875737507025977,0.009781199049201062,7.370776489015128e-05,1.443821327515926e-05,0.14551828312673748,0.006329335419332617,0.049318742602972525,0.003780213691308689,0.28266118058543577,6.733576538457419e-05,0.04487321364725314,0.10897813565633944,0.0013697587085961178,0.004554565257064187,0.0011411132568161057
11,0.00015490596598997588,0.01771045518020105,0.017000871581868696,1.4338836003374622e-05,0.006189932870155353,0.057367563935085936,0.00035881552303927624,0.2138755646471641,0.035895800647508656,0.006567015237119685,0.000200022140512186,0.009572989081411389,8.587757043208485e-05,1.3652171805379811e-05,0.13165702445597877,0.006677048429918855,0.050441678666323625,0.003801656793433807,0.2891341100944921,6.964675796074089e-05,0.040928617534488926,0.10522029641486096,0.0012724350360418643,0.004760029998625463,0.0010296504295777356
12,0.00010980941905873836,0.024232856015875555,0.013125416136920835,1.2911903092840497e-05,0.021326877597787553,0.1163793526552433,0.0005381324663032112,0.06624975751159402,0.03953141970446863,0.005729388876294245,0.0002503798198544444,0.010190663335978607,6.086754037909692e-05,5.346157606494797e-05,0.19349332828676494,0.0057298798991829965,0.058549657119436035,0.010293678588745102,0.26123422942521085,0.00016007265922525444,0.09156530944670728,0.06542135115187953,0.005057624729129425,0.007649816189034866,0.0030537579457676246
13,0.00016869929828172548,0.014083077381452598,0.021562733505037183,1.5805601857529528e-05,0.0057911881910177355,0.03340286886204416,0.0002736009480988052,0.27024057458878437,0.031338607156638706,0.007621823948894812,0.0005035183798941849,0.01655669502350438,8.884332443873231e-05,2.349238125168566e-05,0.24238622995352627,0.005192867486568638,0.04035533536233772,0.004119917776691744,0.16265911267452607,0.00011158976467253741,0.05139878200592632,0.08645714921945186,0.0014494200748748874,0.0031222825804392146,0.0010757845097881988
14,0.00014170223117558506,0.021206582389073893,0.016961006524828924,1.4736471180986911e-05,0.007032016711068887,0.0608265452318197,0.0003235774331951154,0.18456392885507128,0.0354161849758635,0.0059990025313063555,0.00021906440788120487,0.00893853329387037,7.61042619475142e-05,1.4337117515613277e-05,0.14466827444649905,0.0063853822700732634,0.04621371295865663,0.004091829788640062,0.3025814204065342,7.159070903626072e-05,0.042626547072064314,0.10500021167740205,0.0013162351474027545,0.004233156900721257,0.0010783161871712789
15,0.00014670228802623477,0.019394250941460977,0.017041279679462444,1.4134805148647044e-05,0.006506997957998093,0.059418728536330345,0.00035052608886449664,0.19551067682529785,0.0366257227229407,0.0063210000347928355,0.00020875737507025977,0.009781199049201062,7.370776489015128e-05,1.443821327515926e-05,0.14551828312673748,0.006329335419332617,0.049318742602972525,0.003780213691308689,0.28266118058543577,6.733576538457419e-05,0.04487321364725314,0.10897813565633944,0.0013697587085961178,0.004554565257064187,0.0011411132568161057
16,0.00014829326781537567,0.015853945366917123,0.01830774919645774,1.4345537950059182e-05,0.006391025592949153,0.05881301199391367,0.00037540097019153883,0.19872779415725375,0.029348693610275096,0.006209139617354241,0.0002249427360814977,0.011341421299101172,8.801154186549686e-05,1.7867324200753436e-05,0.14895699439116059,0.007543075737906323,0.05350292080993181,0.00480324732241914,0.2776934302734431,8.27570253081906e-05,0.05517441243495307,0.09889049847153922,0.0014434896642467746,0.005076868011332103,0.0009706636454328503
17,0.00015915568910301558,0.019079480822323976,0.017821290204189384,1.4973917273370818e-05,0.006737498642002765,0.056427033549538805,0.0003860914272706323,0.2063912758176783,0.03671950906417409,0.0064325244838578915,0.00022344715906948194,0.010968589039880093,7.806103416474675e-05,1.6025283837837616e-05,0.1449260498405746,0.006302335637982592,0.05217697294732717,0.003720776066838216,0.2649823027075987,7.134848460546864e-05,0.045276218911694935,0.11378675490865986,0.0013769292922485984,0.004683205943866797,0.0012421491242387193
18,0.00014938028035279925,0.019602193039899594,0.01686763526651942,1.4192563305628038e-05,0.006562801912173917,0.05921873478215248,0.00035845281436277485,0.19256488939281968,0.036701859347898186,0.006305475435676416,0.00021046752650019743,0.009783199302434127,7.293826277665291e-05,1.4740534459574038e-05,0.14509686486028553,0.006242540122791782,0.05102229354060329,0.0038117498840366626,0.28224673343087336,6.758676537259363e-05,0.044920366162897234,0.11095281180470767,0.001397424461077967,0.004622236228241439,0.0011924322777809998
19,0.000151911191680236,0.013066447293238012,0.021818323822109652,1.4244318177600455e-05,0.006547135293989837,0.06047143276809104,0.0005487437819738489,0.25421314235415043,0.04283250385344273,0.009403442512618165,0.0001703850236529369,0.012670497839417713,9.450270354751712e-05,1.0291675528087011e-05,0.09655835411766829,0.006908972255626077,0.05545812604753291,0.002244193925836852,0.23947131053655638,6.484728264112621e-05,0.037259063461236586,0.13273488002084635,0.0010049124145444226,0.005196256466109376,0.0010860790397838156
20,0.0003529713038162573,0.008346262689686952,0.022542591412368026,8.467003947761104e-06,0.016432730562094582,0.06519863803746985,0.0005401161602574005,0.10534212813838999,0.03836853518534409,0.009497836618230842,9.905803806253222e-05,0.004961842448032398,0.00014578111861325292,1.5027494480334038e-05,0.03598484518795614,0.005571729538066947,0.08313164102368373,0.0030608489614711147,0.5127638895088309,8.334797587481065e-05,0.028463390776880683,0.04630106976647158,0.0013895159803104717,0.010019432355417576,0.0013783027142417617
21,0.00018568674350885413,0.01751156093950755,0.017605414685864244,1.7471280681349246e-05,0.006726809090459923,0.048685038043420004,0.000314418642372009,0.21326184922742608,0.03013297511805247,0.0062495874124660735,0.00032755318481142464,0.012878190143772039,8.904019879340834e-05,2.5393584820307235e-05,0.18724302047108746,0.006656106429467839,0.044071043089689274,0.005114454993825038,0.2559019190146351,9.219994000128097e-05,0.048615677529329784,0.0917691789806088,0.0014082002536456987,0.004026217708221604,0.0010909932935324496
22,0.00016869076097943426,0.013881721727222025,0.020200331432806605,1.6072399996859597e-05,0.006318940874137268,0.04982121524602176,0.0003661562845491429,0.20196616286369842,0.03136873730085789,0.008045026390202834,0.00031368856486191414,0.01087204867059953,8.941731034623324e-05,1.5698144247301937e-05,0.14247341570724706,0.00668449801410688,0.06941605017522351,0.004850263399446254,0.2566429253739032,9.402191329319097e-05,0.0551432173226908,0.11435049372350038,0.0014815955016152897,0.004383759481984097,0.001035851416462103
23,0.00014670228802623477,0.019394250941460977,0.017041279679462444,1.4134805148647044e-05,0.006506997957998093,0.059418728536330345,0.00035052608886449664,0.19551067682529785,0.0366257227229407,0.0063210000347928355,0.00020875737507025977,0.009781199049201062,7.370776489015128e-05,1.443821327515926e-05,0.14551828312673748,0.006329335419332617,0.049318742602972525,0.003780213691308689,0.28266118058543577,6.733576538457419e-05,0.04487321364725314,0.10897813565633944,0.0013697587085961178,0.004554565257064187,0.0011411132568161057
24,0.0001604426725487289,0.02295027219516192,0.01726946988444856,1.8373099613825498e-05,0.007894315645676678,0.05785340077482929,0.00032717257279013816,0.1965611354811233,0.036155557001909935,0.006300947316035124,0.00026025587818969515,0.010387192648448871,8.430430768020735e-05,1.7442546736297843e-05,0.14552321376569075,0.0062534901624083875,0.04610229087524973,0.004099248004981516,0.28423986532463413,8.34564040145185e-05,0.03942804852176565,0.111557621104636,0.0012601093341040744,0.003962400116049416,0.00124997436127315
25,0.00020930370950912575,0.01049947471155529,0.02150321422610798,1.7883675747050026e-05,0.005958465525164469,0.0319957382131104,0.0004192253152130228,0.3589134240291581,0.03017435901417883,0.008897215420963013,0.0004141121622745266,0.016199295233683058,0.00013525496550754521,1.9034058871423088e-05,0.14826098967975015,0.005762695868664963,0.05374449113733198,0.0037664571474134113,0.16500416988513394,0.00012173739318589151,0.03701963725286809,0.09508274501846768,0.0010581423005723966,0.003833130625674127,0.0009898034298935466
26,0.00016914142268507196,0.016456892200262228,0.01258515613807629,1.1110343626274376e-05,0.00648680052928625,0.07013708569915111,0.00037157120675038267,0.16459090806651083,0.046623250145498146,0.006382752055867564,0.00012580727216552346,0.005279853163537301,7.817059544860342e-05,1.001657741364917e-05,0.09961825988496446,0.005983722560194794,0.0640547758833541,0.004372985120144966,0.3612766065701676,5.558908972192871e-05,0.04191796348599362,0.08411547016329263,0.0018746433638321795,0.006316742140917103,0.0011047263211374024
27,0.0001963868065561211,0.00675120959823079,0.03966888277788095,1.1481074226647741e-05,0.010372115815326464,0.06103611351799962,0.0005546999233166219,0.14423235829586956,0.01567196078768564,0.007355088206201771,0.00018243394079547908,0.01329554537127858,0.00021632503441326522,3.105744924189992e-05,0.08483901147994738,0.01323306866279959,0.08676111124386976,0.007838925229835798,0.31881746175062164,0.00019137721815015317,0.1253830908110082,0.04816918829467834,0.002228733892722569,0.012344195365447263,0.0006181774518958811
28,0.00014670228802623477,0.019394250941460977,0.017041279679462444,1.4134805148647044e-05,0.006506997957998093,0.059418728536330345,0.00035052608886449664,0.19551067682529785,0.0366257227229407,0.0063210000347928355,0.00020875737507025977,0.009781199049201062,7.370776489015128e-05,1.443821327515926e-05,0.14551828312673748,0.006329335419332617,0.049318742602972525,0.003780213691308689,0.28266118058543577,6.733576538457419e-05,0.04487321364725314,0.10897813565633944,0.0013697587085961178,0.004554565257064187,0.0011411132568161057
29,0.00014670228802623477,0.019394250941460977,0.017041279679462444,1.4134805148647044e-05,0.006506997957998093,0.059418728536330345,0.00035052608886449664,0.19551067682529785,0.0366257227229407,0.0063210000347928355,0.00020875737507025977,0.009781199049201062,7.370776489015128e-05,1.443821327515926e-05,0.14551828312673748,0.006329335419332617,0.049318742602972525,0.003780213691308689,0.28266118058543577,6.733576538457419e-05,0.04487321364725314,0.10897813565633944,0.0013697587085961178,0.004554565257064187,0.0011411132568161057
30,0.00014670228802623477,0.019394250941460977,0.017041279679462444,1.4134805148647044e-05,0.006506997957998093,0.059418728536330345,0.00035052608886449664,0.19551067682529785,0.0366257227229407,0.0063210000347928355,0.00020875737507025977,0.009781199049201062,7.370776489015128e-05,1.443821327515926e-05,0.14551828312673748,0.006329335419332617,0.049318742602972525,0.003780213691308689,0.28266118058543577,6.733576538457419e-05,0.04487321364725314,0.10897813565633944,0.0013697587085961178,0.004554565257064187,0.0011411132568161057
31,7.855161879414151e-05,0.027454761454286502,0.007711154760030299,1.4700649841841039e-05,0.01147324564564023,0.1315051286422822,0.0005138494497038609,0.05707736896613233,0.04765133768468721,0.008533671599205072,0.0002892877287794478,0.009862104628668012,2.3227341646171856e-05,2.990622169033197e-05,0.23493919795985424,0.0038219354296465673,0.04498229730062243,0.004870478511408847,0.20650230349097423,6.908776200377727e-05,0.050988480416725976,0.140214797307287,0.0032520598524404176,0.0043110293671796435,0.003830036210469138
32,0.0001491320343534983,0.020239292394156977,0.01657046464887423,1.3815014587210872e-05,0.006355618263841679,0.05931058095041017,0.0003240406858896286,0.18513201698052967,0.03504387239486557,0.005867243220724271,0.00019002542401384416,0.00860687983536291,7.550069347667245e-05,1.3330234358969693e-05,0.13162404997101745,0.006477190349112927,0.04866651874038019,0.003824512737666396,0.3169329947000522,6.277517289899035e-05,0.04116105992263025,0.10649537394463057,0.0012676020052438124,0.004549702007963478,0.001046407672958512
33,0.0001434738245570151,0.01350226115719426,0.010013145468512107,1.128533905099431e-05,0.003323665843262195,0.05134659398336552,0.00030837264887616326,0.1433198650530298,0.013198887482469876,0.003396950470571966,5.565425641467937e-05,0.0048972469845695666,0.00011621252464722164,8.01931028459292e-06,0.0385587275568482,0.009713451505171987,0.0633647331176373,0.004340278015470534,0.5117602129575257,3.906560097039883e-05,0.020582025003904596,0.0992303036271022,0.000576953593765206,0.007769074343549874,0.0004235403312481079
34,0.0002954095398648703,0.015170773021871083,0.02110808115242431,1.258137312906234e-05,0.007208345481660103,0.037024342141399304,0.00025232082659207636,0.20641260912375575,0.031249423802082343,0.005835293172378892,0.0002212354382737647,0.007081167020324123,0.00011240092864505209,1.5288482340276986e-05,0.10266313911894187,0.005978845390408486,0.050183627086277965,0.003846574417855006,0.395852824859264,6.803213762520584e-05,0.03300471215368156,0.07023022653637889,0.0009957866339240383,0.004356298407690376,0.0008206617532115288
35,0.00014530216289408243,0.019316759571499604,0.017470399884783595,1.4181717937385593e-05,0.006657994576882173,0.0608046149507171,0.000358676669942134,0.18991915115108637,0.035812773469711935,0.006383498850842488,0.00021197383053550713,0.010060169948129456,7.424952983245569e-05,1.5219634125688838e-05,0.14811364064283253,0.006454570978025997,0.05001498277958361,0.0038911207028686787,0.28141705381500504,7.02301917909713e-05,0.04739376009603334,0.10808188988734015,0.0014352292588103491,0.004720562181660358,0.0011619935171289903
36,0.00014201687785319074,0.021571684960993494,0.017906506344254346,1.4151044477283864e-05,0.0074754615977931935,0.06931604669760688,0.0003091740053843649,0.16324997181807718,0.03851475330917371,0.0066478618351693015,0.000194852206330266,0.007748961101114829,7.18522874849233e-05,1.3877874664628554e-05,0.1439816964991713,0.0062839253928537965,0.044370741255822785,0.0038336759607814613,0.3202602052855901,6.968757056762322e-05,0.04819474907122628,0.09227389980513907,0.0016068353130164273,0.004813238889043185,0.001134172996410314
37,0.00022898258769633303,0.01595859146437828,0.02174754346543408,1.5202205625941595e-05,0.00744952527098843,0.058461937999935515,0.0004902826504766866,0.13890856391157239,0.020943084966071963,0.005776680225897954,0.00020375563144840224,0.01217106963690613,0.00011077305321021432,3.379663676419532e-05,0.12354393239637919,0.008803672368014331,0.07461007194785158,0.005984942085994682,0.3312725567325478,0.00010017123109759602,0.07196200450008854,0.08850234131277937,0.002080057196767055,0.009349964291388018,0.001290496230685379
38,0.00011484081206132966,0.016240963478063104,0.015486640896323279,1.1962219184634955e-05,0.0052878436599485485,0.0753385545127981,0.000376640039346964,0.16251506800380283,0.029611549364480468,0.005700304761898455,0.00017010358859281425,0.009257366893585197,7.122220551948499e-05,1.3523780012159708e-05,0.14985122063653705,0.008115829381249263,0.04529621150811358,0.004568517974854675,0.30810675951999933,5.83040858795805e-05,0.056893336034942746,0.0993459828694846,0.0015223597953510897,0.005238108956086514,0.0008067850218843018
39,0.00260144753622996,0.024921538616963064,0.005074033603026446,5.2187896728135e-05,0.046923669933079955,0.01518681595443013,0.0012325580252022304,0.08371336146931257,0.0790682978728584,0.05131126930993553,0.009382002785002364,0.009725811382438119,7.704159634933586e-05,0.0005797229442487422,0.40359937432131776,0.00045893842257437853,0.029391828754197394,0.00618200186926736,0.10748158876433048,0.0002709280680952977,0.002360070771386491,0.06857098394009686,0.0033334979491625614,0.0033084800872442985,0.04519254812652218
40,0.00018388911754354016,0.028219088667632605,0.03050850391909848,1.3887578556078658e-05,0.011725500393133883,0.0478287693059078,0.0003967489598883819,0.14504485764976868,0.03181318336702749,0.004604441686164541,0.0003069178101206891,0.017094948953630628,7.054723560917043e-05,3.10281202646671e-05,0.16941617927061872,0.0060957647825368964,0.04580564724711118,0.0032369031862141745,0.2729312692519528,8.076249436329498e-05,0.05654974272579421,0.12072330015122953,0.001303244267875697,0.004213716805345086,0.0018011570526119544
41,0.00011694300024818503,0.027225705967124914,0.01132595787067661,1.46538712443824e-05,0.00784933819387288,0.049124219802173054,0.00013100283890994736,0.23115409887423702,0.04624083967614697,0.004802047698623758,0.00024851923080523213,0.005133476745509497,7.247503405335275e-05,1.0434263979601796e-05,0.1684541030957096,0.004964146619385443,0.018158163020508985,0.004201566932478469,0.3350078558882297,6.205163628826084e-05,0.019298629718406107,0.06331550524999181,0.0007034797944830692,0.001765427773527054,0.0006193572033860259
42,7.730689339696338e-05,0.020699500916221514,0.015926245335976717,1.1616849561514052e-05,0.0025811455631752304,0.043734562802240765,0.000147463052979679,0.260242505950405,0.027373459958521487,0.0033703725516541195,8.867721194080841e-05,0.006298465205130057,5.3211449881830325e-05,3.1870044813996744e-06,0.07827247828743238,0.0067157964498045526,0.03534634824604607,0.0017327942600648424,0.3198993282017139,2.629898384290749e-05,0.026585146482572285,0.14780294779226222,0.0003987732408437914,0.0022407299455805825,0.00037163736426939207
43,0.00010148603392732873,0.011175302129445567,0.018369418754249682,1.3065469232977848e-05,0.004921338600113069,0.0800661842750827,0.00037496115765419844,0.21938980265284827,0.03771663380615302,0.009077250021843598,0.00011919027120984091,0.008350881363577416,8.523888261038601e-05,6.913323421047174e-06,0.10156230737512059,0.008781300225845967,0.055970268157227054,0.003195345448998044,0.268628086602401,6.676235721709993e-05,0.062069987566225934,0.10218616233381428,0.001414644289505519,0.005737801971976963,0.0006196669302985579
44,0.00014670228802623477,0.019394250941460977,0.017041279679462444,1.4134805148647044e-05,0.006506997957998093,0.059418728536330345,0.00035052608886449664,0.19551067682529785,0.0366257227229407,0.0063210000347928355,0.00020875737507025977,0.009781199049201062,7.370776489015128e-05,1.443821327515926e-05,0.14551828312673748,0.006329335419332617,0.049318742602972525,0.003780213691308689,0.28266118058543577,6.733576538457419e-05,0.04487321364725314,0.10897813565633944,0.0013697587085961178,0.004554565257064187,0.0011411132568161057
45,0.00013708601298331738,0.016446625471833898,0.0158976378995154,1.3465599261454537e-05,0.0054992857475926514,0.056237993754620935,0.0003623566560071997,0.2350916342639139,0.03430513690116425,0.006309083785383913,0.00018637216889944502,0.009614784916346342,8.218853698226225e-05,1.2098936399384538e-05,0.135298856836202,0.006899723723381179,0.045872986225357806,0.0036914374150886146,0.27598194382226127,6.300541748701638e-05,0.03900217306333733,0.10653836532960159,0.0011037233528551403,0.004480349448409453,0.0008716847151143352
46,0.00022919018124057197,0.008025448999604345,0.02061636372873133,1.4975087627199352e-05,0.0036725642036377596,0.042189009597736846,0.0004942613288205111,0.22454886661556703,0.022109385421359845,0.007081440106807488,0.00012302130452699023,0.011304766989570187,0.00012071976919187832,7.633977656035473e-06,0.04442593012113048,0.00789475427837295,0.1387183277234812,0.0023766433067421524,0.2580621086874712,5.991600324846256e-05,0.04399583842695072,0.15591193009819324,0.0008464373884261124,0.006400014511615844,0.0007704521422895172
47,0.0002215327668499988,0.011482346745470709,0.019784639365851644,1.4078476365473785e-05,0.00351097792770076,0.041064044847567996,0.0003259139024721126,0.23997752181218826,0.021400183109781864,0.005697960992250174,0.00010345911571297292,0.00851259604719945,0.00012136807118514406,7.633805869290862e-06,0.0546029969097904,0.008265728801295143,0.07000345903281156,0.0023950374613277143,0.35589616014932735,4.5844480090107436e-05,0.03187199088596995,0.11758352370615538,0.0006691563117630859,0.005884130406404551,0.0005577148685989975
48,2.4369708648492097e-05,0.013193556170432495,0.008687322872936394,8.784959953741151e-06,0.0073875081509574255,0.013364798328501362,6.009216852631604e-05,0.055937971828285526,0.023490433454828607,0.002305199578362954,0.001446422081754316,0.01713746661725979,9.293853991396029e-06,5.308367094209341e-05,0.7714316930405019,0.0006939982281803802,0.0029144822018922108,0.001863258770895617,0.014754479922856641,0.00010892442925072655,0.04240283742010455,0.01921792851653453,0.0016019015284258666,0.00023300407797661923,0.0016711884180001446
49,0.00011139508824500897,0.019082274240728374,0.019977180781383067,1.4274464172261365e-05,0.005732797775200922,0.0625952963433096,0.00035267019989879557,0.2122063887301257,0.03562795214009487,0.006077154009704952,0.00017121606964526104,0.011416377363346868,7.219467002389395e-05,1.0165366845539745e-05,0.12355616519340067,0.0070220028460796285,0.048419021121492566,0.0027934621958532802,0.2579324967754437,6.242350142332138e-05,0.046914590864968846,0.13367972836032357,0.0010829619386745933,0.004140947490413739,0.0009488624692011086
50,0.00014783111329209488,0.019268330761664877,0.017070584643144884,1.414677693637934e-05,0.006510978496124981,0.05923419865086822,0.000352796231018391,0.19641693121445034,0.03662384812864391,0.006360912086315862,0.00020902952855161603,0.009795223213846887,7.41928680447225e-05,1.4466804499513213e-05,0.14496405253704506,0.006330704153421249,0.049495642564764214,0.003774343257158129,0.28261906880910115,6.751293431017515e-05,0.04466659466243412,0.10890480826181265,0.0013663416544915934,0.004575194473108489,0.0011422661749505008
51,0.00011531584613120104,0.029162041898974908,0.013515658380750424,1.7587788698914378e-05,0.004966859092621691,0.05137577485054921,0.0002484223918891616,0.20898682419867964,0.03578000042046752,0.004756379582745209,0.00023781016744272258,0.009188722314942244,5.370445896158743e-05,1.2592097441111622e-05,0.18426729898544794,0.00536708699522869,0.035319826265667674,0.0034079510784764716,0.23965725752554903,5.419339718734985e-05,0.03645129965591881,0.13194481199462096,0.0011085917842383706,0.0028968830679960323,0.001107105759372995
52,0.00014558279021032797,0.018311524165231352,0.016451364423719094,1.4371666204432659e-05,0.00646881622755868,0.06011349996262258,0.00034651134912771917,0.2028838958398595,0.036539891864560615,0.0066639193331529765,0.00021396555778848447,0.009722832493092396,7.67413611801217e-05,1.453601653051295e-05,0.1479268849219753,0.006432610754126984,0.04746393539770953,0.0039468490477377865,0.2816199634773449,7.036524387281968e-05,0.04345184826925721,0.10419817063530117,0.0013473355551358844,0.00449645568848282,0.0010781279582167207
53,0.00014793060992872154,0.019927018007299138,0.01669665845285811,1.393374278233092e-05,0.006318002927295372,0.05826980726937403,0.00033170903399010735,0.1950948323274623,0.03613688062382643,0.006085775191454492,0.0001991762691043936,0.009311433296219567,7.240095690217178e-05,1.3708156061992014e-05,0.14046196194643087,0.006289688733951217,0.04800536331415458,0.003649813963207341,0.2946651157671495,6.28834017136405e-05,0.04211260166537582,0.1093352315442698,0.0012728969525954898,0.004428534079429894,0.0010966417671625765
54,0.0001592886283403464,0.00622889115438997,0.029207104205779932,1.2552580421026818e-05,0.0072155211176964,0.05564115423346096,0.00037484291080176334,0.270428412985533,0.031053220605022195,0.010452499536337565,0.0002133424876231674,0.01101247479635009,0.0001844864607873435,1.143836858760464e-05,0.09236588600054182,0.009351080708416509,0.07282950871447921,0.005231913897991326,0.2548555332952761,0.00014944912986519953,0.07482365893789392,0.0600822198789283,0.0016014656193200384,0.006017717447371244,0.0004963362987850806
55,0.0001328183783011527,0.01170834110228461,0.015384364877332312,1.179966442634031e-05,0.0070582464719240795,0.05614027497027959,0.0005135124408336915,0.30072648622259224,0.039625971158251005,0.006476258886855703,0.00017679100559485152,0.017253492189594044,0.00010679784524567811,1.649924821267446e-05,0.1295095970813064,0.007452753271081788,0.045409604150915155,0.0038114031033669865,0.21463536994878585,7.697956323481638e-05,0.037943854883446336,0.09906835725860257,0.0010293647079784903,0.004765996342098049,0.0009650652274554957
56,0.00015169507235583763,0.017954087363312284,0.017055002552337797,1.4591635270203915e-05,0.006380686452828021,0.0593163720125682,0.0003579269942365878,0.20976550794638998,0.03613969669352606,0.006555510698263794,0.00020132301449005558,0.009613423876859187,8.465697761375694e-05,1.3939757364646138e-05,0.1341126663666417,0.00670874200780881,0.049900475446170926,0.0038663027189982636,0.28788349641339384,7.118727295158909e-05,0.04261315254021242,0.10414918659967146,0.0013124068687497316,0.004732095780506725,0.0010458669374781868
57,0.00017943944822746457,0.03355530995532184,0.003289508288352462,1.6705131558367583e-05,0.0032032607491413916,0.04938159249915321,0.00023019222577408884,0.11927696888008035,0.030527493970680546,0.0039926005436353796,0.0003113967266151074,0.0036147378504734194,2.8399212646309873e-05,2.58096363861882e-05,0.32677404849336233,0.0028895549998843154,0.034064375561000504,0.009118323383320517,0.2603034156354807,3.359331359508784e-05,0.025008041709844737,0.08585754836517896,0.002635475732053356,0.0036880485751967325,0.001994159113036539
58,0.00014814270562809627,0.017616395595609888,0.017034434091152174,1.3757341802307797e-05,0.006199674891309615,0.06314888187928495,0.000384735209812624,0.19485908407529118,0.03430389782371673,0.0067102625504819,0.0001760801678020181,0.009437905534993879,8.628973918802217e-05,1.405700456457986e-05,0.12731056309564637,0.007081870782714944,0.052845900598316314,0.003972679933533992,0.30173822031995307,7.001420200233551e-05,0.04473857070231631,0.10390615006632963,0.0014354678417661398,0.005719556005629959,0.0010474078411529947
59,0.00014902106612788138,0.01735193480118326,0.019546546483531754,1.3662482987095743e-05,0.006406274590215862,0.060225148884263446,0.0003805235335229408,0.20068888991395567,0.03364522818818548,0.006528792264296901,0.000178409306077757,0.009909384064811117,8.948454844995734e-05,1.3828026148203444e-05,0.12477707055742711,0.007236756186148566,0.053753883680245466,0.003746115834040014,0.2955964391920269,7.37494157862612e-05,0.04852057029104672,0.10315868741625947,0.001394892190521548,0.005606127055550662,0.0010085800271898205
60,0.00014670228802623477,0.019394250941460977,0.017041279679462444,1.4134805148647044e-05,0.006506997957998093,0.059418728536330345,0.00035052608886449664,0.19551067682529785,0.0366257227229407,0.0063210000347928355,0.00020875737507025977,0.009781199049201062,7.370776489015128e-05,1.443821327515926e-05,0.14551828312673748,0.006329335419332617,0.049318742602972525,0.003780213691308689,0.28266118058543577,6.733576538457419e-05,0.04487321364725314,0.10897813565633944,0.0013697587085961178,0.004554565257064187,0.0011411132568161057
61,0.00015038969007951663,0.018138886348190407,0.01924364023705434,1.3328735880307067e-05,0.006608493835240257,0.06091081071350994,0.0003815301316461843,0.18956966707966022,0.03513246310578283,0.006453541055190229,0.00018738952888010276,0.010068104895498819,8.130583558346671e-05,1.4368109376018161e-05,0.13158868557402917,0.0069041966941372716,0.053036453492136315,0.0036609405172704,0.2943981980993101,6.885478356600702e-05,0.04890512904051838,0.10661813420193844,0.001425375133180718,0.005340534155885478,0.0010995790064550863
62,0.00014670228802623477,0.019394250941460977,0.017041279679462444,1.4134805148647044e-05,0.006506997957998093,0.059418728536330345,0.00035052608886449664,0.19551067682529785,0.0366257227229407,0.0063210000347928355,0.00020875737507025977,0.009781199049201062,7.370776489015128e-05,1.443821327515926e-05,0.14551828312673748,0.006329335419332617,0.049318742602972525,0.003780213691308689,0.28266118058543577,6.733576538457419e-05,0.04487321364725314,0.10897813565633944,0.0013697587085961178,0.004554565257064187,0.0011411132568161057
63,0.0001378796376344739,0.023122579089370127,0.0154555347657574,1.436239550191155e-05,0.006299963846320995,0.06081906064982486,0.0003177846308046603,0.179995872428072,0.037702277980356406,0.0056414281964310515,0.00020353710251854842,0.008618325610249977,6.499499420546036e-05,1.341477452426007e-05,0.15011864143726453,0.006002394739153927,0.045680790380366626,0.003740498924843457,0.2934846984974495,5.97968347662874e-05,0.042177768206288276,0.11366023406800266,0.0013544546273600792,0.004141415539567948,0.0011722906433645844
64,0.00013877629676023977,0.018554854315522822,0.021378264971885743,1.3895886646460474e-05,0.006766058990006392,0.06310357742582719,0.00036634837453756585,0.17542448818897483,0.03450646506611025,0.006108705244991123,0.00020147703497482082,0.011234396337467475,7.497456391577186e-05,1.4969135604251095e-05,0.1420610895152528,0.007118472571516848,0.0564030535545977,0.003723561609920755,0.26865172474572946,7.390631932384472e-05,0.0655768290788275,0.11069291673332847,0.0016408542919630436,0.005047971046825387,0.0011223686994892878
65,0.0001357085107845103,0.02122583644019404,0.016868632707501153,1.4279314522219133e-05,0.006739386081830198,0.06394268990425284,0.00035746141577957814,0.17680217847232502,0.036163870755472186,0.005921899862200519,0.00019920108068778293,0.0095817794418816,6.972904979212863e-05,1.5262372014880358e-05,0.14979563062339016,0.006408641217940526,0.051005166469126145,0.004046792958234013,0.28289026128820227,7.032812056368544e-05,0.050401339283226806,0.10965826493709338,0.0015743556428176402,0.00486947931269793,0.001241824737468789
66,5.800056036497701e-05,0.04234707842453105,0.005169247550896119,1.221092612695836e-05,0.0022534575497046277,0.04561683256821412,0.0001425193437779594,0.11851236336233224,0.02934211883580076,0.0025201625817686973,0.0002179587503833036,0.007408877882108957,1.3309444804782075e-05,1.2271961271844942e-05,0.3656263752847544,0.003026375064635713,0.02267559376348333,0.0033268597763373687,0.15502978041947138,2.124356714135385e-05,0.0381829207269021,0.15394007541819585,0.0014022183918694594,0.0017474228311500578,0.0013947250139728065
67,0.0001949110903445393,0.014341340265770889,0.017606445553369477,1.2669336301875721e-05,0.0063687024158618245,0.04011642621372459,0.0003057321845228237,0.29228450746247203,0.04071053883043291,0.007727185325620383,0.0002178022193909694,0.009127411855711106,9.051956554135162e-05,1.0691277136795297e-05,0.1198036245266606,0.005630131151592682,0.036267789169639436,0.002589156914104911,0.2820950896989416,5.4132963768771186e-05,0.02392946821276492,0.09569989562382308,0.0006853889748188439,0.0033643417142605134,0.0007660974534231449
68,0.000343931397153235,0.023557841550850746,0.013942829243495625,1.3852244809082649e-05,0.005588550600261176,0.030452722733391075,0.00018239827529271696,0.14807864188910075,0.033474729494181066,0.005515973564496066,0.00017424464102965955,0.0038623622722492945,7.49445316992826e-05,1.0636444753626625e-05,0.07030858849072878,0.004044271780163815,0.046442623999901074,0.0025193860826995566,0.49659275392070734,3.584083032809535e-05,0.013829406131355058,0.09555095014860847,0.0006916411586462273,0.0036509060344007273,0.0010599725396975926
69,0.00010447798097798868,0.017130532198311007,0.015398909709982225,1.8247104133397218e-05,0.006847546806703867,0.053515072602268524,0.00027969102008835924,0.20703741409025056,0.044105510829848954,0.007487038336641541,0.0004925767937603956,0.010941171085264647,5.7780372146629084e-05,1.5421934350882767e-05,0.2641510419766944,0.004381342775754486,0.046608147538830025,0.005045755172574676,0.14633149320657782,0.00012044646898458728,0.06843863309020744,0.09546811509244325,0.0022581082401405958,0.002404483990476971,0.0013610415825867767
70,0.0001034116700964909,0.016169218699488386,0.021207914262979626,1.756669455259528e-05,0.007464262900262757,0.07536814141430072,0.0003110950954036347,0.24370780713675577,0.04169206426845101,0.008019200236819762,0.00023306384379112387,0.010891816964679071,8.969238235838418e-05,1.1353969607662816e-05,0.14631568424569144,0.007182883519777892,0.0341422444158373,0.003258123749656409,0.24242340457043365,9.63690083125644e-05,0.04666991324194123,0.08939940501798521,0.0011580521712130404,0.003249220418950518,0.000818090100653772
71,0.00017955134892495814,0.013632107046972337,0.017386208615754878,1.4680021397644604e-05,0.0074981545868809535,0.061392875076919845,0.00054745468824644,0.23926663477589588,0.03981577996738539,0.008677410304086941,0.00020235600672724108,0.010583167808643877,0.00010495667876361301,1.5126942255022434e-05,0.11683248747355171,0.006735930860995656,0.05921428776688048,0.0037511128100795946,0.2646209992948333,8.544959030979738e-05,0.038921348366901816,0.10202461948259328,0.0013523102013676424,0.005939115824503643,0.0012058744591280333
72,8.81221148890411e-05,0.0033971992701587266,0.014822042673234769,9.742451805500335e-06,0.003999379142892364,0.0756482253808926,0.0006836618939612857,0.38491879377296256,0.015776048128756135,0.00520342287613403,4.533629227231744e-05,0.009919881845003403,0.00026795714632559106,5.703215810650697e-06,0.032177596429389214,0.01939063017260177,0.05112539276180627,0.004725478674927306,0.2791072840870421,8.277929145928105e-05,0.03295447153618577,0.05692775007281728,0.0004362152539036829,0.008128369703482085,0.0001585158112863625
73,0.00011937099680444094,0.020693936763798312,0.011243502870990983,1.1665670676206938e-05,0.005125882879130178,0.06524062148113542,0.00030211109405330993,0.14630544530596334,0.022668800956092337,0.004046120439634075,0.00013749678103601698,0.0070809072441770276,6.891103923277388e-05,1.4186706306345565e-05,0.12497572731730577,0.007999887771973304,0.039773473119839045,0.005350641360872179,0.39819273594222326,4.676922663162666e-05,0.03495826187122444,0.09896470119393329,0.0010029949345398987,0.0049867587788985195,0.0006890882535277764
74,0.00017493846915839095,0.021617009783220967,0.016517905587207057,1.5193092351925359e-05,0.0072146939599374155,0.06534877786807605,0.00035380447944827686,0.17940921447550232,0.04355449066085034,0.005888113185177413,0.00016498567326329077,0.007807688960932881,7.816930695310858e-05,1.3414350684532509e-05,0.11984394422738202,0.006067677727367423,0.05667544859881675,0.003785530303775532,0.3079004551530366,6.338515145477376e-05,0.049500754047047145,0.09944496733031087,0.001804696449722787,0.00542099076849819,0.001333750389823936
