,0,1,2,3,4,5,6,7,8,9,10,11,12,13,14,15,16,17,18,19,20,21,22,23,24
0,0.00029032731714775104,0.0011830447485872606,8.080466205150521e-06,0.0005636369671784911,2.030848706560947e-07,1.6868692949338987e-05,0.0006190883053005079,0.9719407048594815,2.2893239404078907e-06,7.329611906818119e-05,0.0003985078390391351,0.00015341894563807506,0.00014661780449241781,1.4849673912098693e-05,0.00022452775134467658,0.005789288077426421,0.0008916122550474057,0.00021183222812072382,0.010652765541820776,2.7998903561870045e-07,6.164494286885096e-05,0.006752331196332054,2.5866582171714733e-07,1.0720173798227688e-08,4.514484197031731e-06
1,0.0003543662078463983,0.0012433039809823132,1.1291799798987905e-05,0.0007117191285907669,2.1480483121134612e-07,9.301295037306858e-06,0.0006704461717020582,0.9740954772047435,1.0653447942792857e-06,4.705932307649032e-05,0.0003173262126394492,0.0001949846533813153,0.00018474504047782635,9.144153289308668e-06,0.0001372018186352682,0.008029086475960715,0.0014719020050230783,0.00019161444034210298,0.00786142208063786,2.4922799816238464e-07,6.247754736699181e-05,0.004392281098278812,1.999188883567518e-07,1.1227411091196271e-08,3.1088382662663058e-06
2,0.0003469372521455431,0.0014397893485130527,9.189073334692305e-06,0.0006987396838592739,2.523134521469797e-07,8.539806670143945e-06,0.0005965688956552747,0.9764823020363584,1.0511925546364835e-06,4.016165437918643e-05,0.00038449939258639564,0.00021899683028524044,0.00016510708547625718,1.0888398351126744e-05,0.00016635592670607706,0.00606333599072787,0.0014820775031107788,0.00015305861530526182,0.006338538689292659,2.374839720224211e-07,5.309304067992825e-05,0.005336609968606104,1.8273254566547558e-07,9.600550964512877e-09,3.4774848811577373e-06
3,0.0004314429653437247,0.0014988104603317145,9.970309210008783e-06,0.0007848155927183342,2.4548988483869577e-07,8.748895347222224e-06,0.0006606681349500369,0.9743965213842808,9.30606343441463e-07,3.752130666237073e-05,0.00040085511863227705,0.00022560804150097575,0.00018888493413367157,9.141686346977437e-06,0.00014825893231577427,0.006587231702451552,0.0018108740739339916,0.00017820194102153268,0.007299864678490645,2.152237493109561e-07,5.9378797777314295e-05,0.005258459318435909,2.038197138526128e-07,1.0434861253030082e-08,3.1361515625214237e-06
4,0.00044473676969767045,0.0015614717242024541,1.0461407569698763e-05,0.000798533247962584,2.5127109966575584e-07,7.635808538603278e-06,0.0006767323745866273,0.9750175780194098,9.529854494583633e-07,3.6738276440949457e-05,0.0004067066807930656,0.0002304891956490599,0.0002206907319196914,1.0304143433837629e-05,0.00013176067566109204,0.005936536017322917,0.001701325642248343,0.00019102806191383687,0.007058949688074514,2.3117824814921518e-07,6.366972165459775e-05,0.0054900641473857315,1.9132641578646766e-07,1.0836149474528326e-08,2.95006817222597e-06
5,0.0004526174010384113,0.0015100160399374848,1.1092489385139748e-05,0.0009755028812508632,2.72004873842881e-07,9.338966019116812e-06,0.0006605674553519296,0.9747472353748028,9.939876917390992e-07,4.338028502464342e-05,0.00039126644549008675,0.00020575002838026758,0.00020834580466674532,9.868932433384892e-06,0.0001323070166152146,0.006300381559221988,0.001790344355460454,0.00023537983261511918,0.007553201505573667,2.501696451862163e-07,6.527604490834006e-05,0.004693664042772691,2.4984491107082783e-07,1.1911728560412602e-08,2.68562020135142e-06
6,0.0004314429653437247,0.0014988104603317145,9.970309210008783e-06,0.0007848155927183342,2.4548988483869577e-07,8.748895347222224e-06,0.0006606681349500369,0.9743965213842808,9.30606343441463e-07,3.752130666237073e-05,0.00040085511863227705,0.00022560804150097575,0.00018888493413367157,9.141686346977437e-06,0.00014825893231577427,0.006587231702451552,0.0018108740739339916,0.00017820194102153268,0.007299864678490645,2.152237493109561e-07,5.9378797777314295e-05,0.005258459318435909,2.038197138526128e-07,1.0434861253030082e-08,3.1361515625214237e-06
7,0.000508979940670401,0.001445019089724599,1.0419027525912915e-05,0.000760529175856498,2.3209564343222592e-07,7.676324083209602e-06,0.0006729548946842328,0.9747538101631662,8.450806464372341e-07,3.3400476227075466e-05,0.0004224125827288251,0.00021920638917753414,0.0002280358116318971,8.27933780337612e-06,0.00013194747630892624,0.006092024996778252,0.0017301183172458712,0.00018679196555667176,0.00715716629952324,2.1274840072808775e-07,5.839692402980339e-05,0.005568633730164383,1.741657315084533e-07,9.921697421364577e-09,2.723064993430091e-06
8,0.0007271548512167485,0.002153790118613521,2.5600009939878743e-05,0.0011687551435794006,3.6327934582507226e-07,1.0948062882034934e-05,0.00048689404555886964,0.9712512771113825,1.2805533249443991e-06,7.175615541403746e-05,0.00043001665723494043,0.00029302819751413366,0.00021411309502207952,1.6270132442315326e-05,0.00018635527699664177,0.009546266262655343,0.003148495246829113,0.0002054407128258355,0.005156744411007919,3.4540796885634153e-07,6.741912034456827e-05,0.004831354061456059,4.058574027022746e-07,2.4083517978371332e-08,5.902145523959762e-06
9,0.0003399628309479486,0.0021732240333806187,2.0598718382955497e-05,0.0009320196264906346,2.462646293305502e-07,8.596483361333503e-06,0.00039504618991555645,0.9724338012659093,1.2274287477973105e-06,9.932597545691579e-05,0.0002793417902859499,0.0002015783573552689,0.00018538853141638215,1.8954686086100298e-05,0.00015358540136335832,0.01037647261025754,0.0022376254701431814,0.00018340992801857867,0.0056430506450577,4.153174817006684e-07,6.408364965372666e-05,0.0042465152329722675,2.963233976776371e-07,1.8983117873434467e-08,5.214256170400876e-06
10,0.0004314429653437247,0.0014988104603317145,9.970309210008783e-06,0.0007848155927183342,2.4548988483869577e-07,8.748895347222224e-06,0.0006606681349500369,0.9743965213842808,9.30606343441463e-07,3.752130666237073e-05,0.00040085511863227705,0.00022560804150097575,0.00018888493413367157,9.141686346977437e-06,0.00014825893231577427,0.006587231702451552,0.0018108740739339916,0.00017820194102153268,0.007299864678490645,2.152237493109561e-07,5.9378797777314295e-05,0.005258459318435909,2.038197138526128e-07,1.0434861253030082e-08,3.1361515625214237e-06
11,0.0004674670428479488,0.001537275892929072,1.0529963302015624e-05,0.0008291499482987717,2.594054305724603e-07,8.438381136166349e-06,0.0007102021275076657,0.973515020701954,9.585056442581311e-07,3.648601492181143e-05,0.0004169958668685906,0.00024068553763141845,0.00022193217802846934,9.32221665078975e-06,0.00014599751530767604,0.006696477973247838,0.0018311880841984985,0.00018802008650064492,0.007505481132941084,2.351256297761798e-07,6.261458999859443e-05,0.005561934667104586,2.0354196325517882e-07,1.166286646511801e-08,3.1118370898752927e-06
12,0.0006223083923977185,0.001961921368649986,2.2044527001090693e-05,0.0007921697701670631,9.420905715158382e-07,1.543908413455273e-05,0.0008668842048573397,0.9723764416580326,2.133982233583484e-06,5.844407407340755e-05,0.0007725549126999335,0.00037763899774554587,0.00021038943957690518,2.3815219779719e-05,0.0001844835737514246,0.007288973292954942,0.0031228018526082615,0.00025730709844271445,0.0049952270623003754,5.381826635556574e-07,0.00010978789172075981,0.005929368198525275,4.994851709675081e-07,2.822001259133184e-08,7.857419928183036e-06
13,0.0005033062859881096,0.0018039824152165224,1.933679512840282e-05,0.002006109164982039,2.857745679662576e-07,2.7272360627689927e-05,0.0009810221548236585,0.9550515037989322,1.6107937154630207e-06,0.00012304337544485444,0.00020409058192282986,0.00015731446355737722,0.00020619840425941584,8.102174237463787e-06,0.00015676746255906685,0.017893350038864313,0.003200072300136731,0.00042078527611571305,0.013911833901331437,3.5459035857799557e-07,8.552946392702688e-05,0.003234171434204629,8.449612448204922e-07,2.466511974578028e-08,3.0873627338569844e-06
14,0.00043006057416824145,0.001721479726477196,9.651385202704652e-06,0.0008546952644905901,2.792680391774573e-07,8.484018233857767e-06,0.0006866650835563051,0.9729126027015685,9.194010619106219e-07,3.858884459926188e-05,0.0004384241649278977,0.00022391909240898495,0.00020756197070777915,9.527984801023915e-06,0.00014344895156726881,0.006229978661806451,0.0019253108489749537,0.0001932781194143596,0.008315800875514525,2.192806579467904e-07,6.73158010545193e-05,0.005578590681233165,2.0625382710999855e-07,1.0792325735787343e-08,2.980253380464612e-06
15,0.0004314429653437247,0.0014988104603317145,9.970309210008783e-06,0.0007848155927183342,2.4548988483869577e-07,8.748895347222224e-06,0.0006606681349500369,0.9743965213842808,9.30606343441463e-07,3.752130666237073e-05,0.00040085511863227705,0.00022560804150097575,0.00018888493413367157,9.141686346977437e-06,0.00014825893231577427,0.006587231702451552,0.0018108740739339916,0.00017820194102153268,0.007299864678490645,2.152237493109561e-07,5.9378797777314295e-05,0.005258459318435909,2.038197138526128e-07,1.0434861253030082e-08,3.1361515625214237e-06
16,0.0003873701932713783,0.0014160080099725114,6.6360348585329435e-06,0.0006413517834811797,1.9851299451147897e-07,6.66840933161405e-06,0.0006031445082157678,0.9749393740378491,8.014329236246368e-07,2.848826740676853e-05,0.000396748533489091,0.00023132296204947538,0.00017333483170111602,8.529801804516258e-06,0.00015240343582252427,0.005421902822403541,0.0014453529185449935,0.00014839569926363547,0.007386048748217134,1.6412610228708606e-07,4.749677407562627e-05,0.006555209240717223,1.3452028188768958e-07,7.057765790564243e-09,2.907337456239123e-06
17,0.0004886755574745122,0.0015340362838300846,1.0626765806294141e-05,0.0007990638239048443,2.9080718930719356e-07,8.358033113957254e-06,0.0007663239135786714,0.9746188853180972,9.926288260155394e-07,3.343616213179932e-05,0.00045750096918544285,0.00025360107847636603,0.00021640235029912657,1.0138461155964496e-05,0.0001337494829523968,0.005896436178546031,0.0018845968289184132,0.00019883425534003704,0.007130095448260942,2.2341001046147482e-07,6.976845722721755e-05,0.005484619046227625,2.1582028809977595e-07,1.1581357220989333e-08,3.117337802151303e-06
18,0.00042781263630789544,0.0015147726663859297,1.0074149727164937e-05,0.0007678047676771182,2.454162642941047e-07,8.785607491821912e-06,0.0006697660559452142,0.9741342498542478,9.412547351222957e-07,3.781525947168528e-05,0.00040501432992734855,0.0002315856734767984,0.00018868449870786095,9.418112359103758e-06,0.00015098573083039332,0.006718062212487017,0.0018354872033129813,0.0001774339481218027,0.0073469309463618,2.183278805103102e-07,6.0795433653971636e-05,0.005299625904908593,2.0619146304905743e-07,1.060532333761813e-08,3.273212931133551e-06
19,0.00036021051275788674,0.0019989598715000126,9.627013758828308e-06,0.001246608619445323,3.207975020362241e-07,1.1313739851390684e-05,0.0007230837925972774,0.9706235776518298,1.321147164721831e-06,5.3627908540788135e-05,0.000332736615594018,0.000259550301474163,0.00020595088430787982,1.0862841245770195e-05,0.00020069374592123176,0.007695582755123043,0.0017677807499632057,0.00016517807556992777,0.008104119896929472,2.680453409322012e-07,4.769543995910802e-05,0.00617713678035633,2.2128085290883406e-07,1.233475309138252e-08,3.559197660740056e-06
20,0.0006048833645064402,0.0016204133267982198,1.6908072442745634e-05,0.0009268096193428966,3.1962110126956974e-07,1.2070718038628103e-05,0.0008562026156953997,0.9691408719091996,9.979466054585728e-07,4.331014668430691e-05,0.0004306725777242794,0.00031353979396696606,0.00019217295992255285,8.871126929325139e-06,0.00015154184846931834,0.010891577925166035,0.0030481898041153986,0.0002291803749562965,0.007509308901457296,2.445783917587885e-07,7.822902900805575e-05,0.003918963011965239,3.598130639773979e-07,1.734005711430302e-08,4.343574391245834e-06
21,0.0005794877773807895,0.0014448653257203808,1.799616741155127e-05,0.0006948455773542747,2.1260560661272332e-07,4.99348648503203e-06,0.0005834821141684608,0.9773154941565695,6.706634160975839e-07,3.3228333653810134e-05,0.00036468162695128294,0.00030109007203203773,0.00025241082839430243,1.1383988605643277e-05,8.233628948135052e-05,0.007629688326155549,0.002182840283421453,0.00022659323006024942,0.004386994836878536,2.6410090945761485e-07,7.02744284051029e-05,0.003812992215797408,1.870279447809005e-07,1.3210061426775933e-08,2.973327134969926e-06
22,0.0004592684762800256,0.0012781012039075098,1.0839663342513176e-05,0.0005809071454478719,1.620946939289853e-07,6.2836713279520645e-06,0.0004015932802877232,0.979272438730898,4.6995465459259594e-07,3.50144650533658e-05,0.0003398581079450657,0.0001496846859317918,0.00016044854977968065,7.254860830521399e-06,8.0373171606394e-05,0.00532879314354548,0.0021949505407005765,0.0001925372372952931,0.005236670979962133,1.7682709030048203e-07,5.955382392695535e-05,0.004202544477647959,1.7204610922518173e-07,6.684263371401953e-09,1.8961774719859828e-06
23,0.0004314429653437247,0.0014988104603317145,9.970309210008783e-06,0.0007848155927183342,2.4548988483869577e-07,8.748895347222224e-06,0.0006606681349500369,0.9743965213842808,9.30606343441463e-07,3.752130666237073e-05,0.00040085511863227705,0.00022560804150097575,0.00018888493413367157,9.141686346977437e-06,0.00014825893231577427,0.006587231702451552,0.0018108740739339916,0.00017820194102153268,0.007299864678490645,2.152237493109561e-07,5.9378797777314295e-05,0.005258459318435909,2.038197138526128e-07,1.0434861253030082e-08,3.1361515625214237e-06
24,0.00034040467970033615,0.0021115255504180843,7.888571460373796e-06,0.0011803254133047505,2.431433940754382e-07,7.601469061804023e-06,0.0006009199211663663,0.971940190112422,8.955917331407583e-07,4.496604132146063e-05,0.00033901913687573224,0.0001974398698952649,0.00019709279492092317,1.0206064485543656e-05,0.00014893062722010495,0.006016112608397112,0.0018069457082224747,0.0001926644839235159,0.009325027005851541,2.0497868681041762e-07,5.668757762590954e-05,0.005471944712900447,2.0621116259379108e-07,9.554485862425207e-09,2.5481713639808595e-06
25,0.000275774335959821,0.0006949632575251253,5.478719231034562e-06,0.00040325381098314155,1.8648556236951653e-07,3.945075785446695e-06,0.0005586068259089303,0.986340462612907,4.4270017520131783e-07,1.3524709463541607e-05,0.00035621568873558614,0.0001601704556406393,0.00013430410336981696,5.6051270213023785e-06,5.266041108331232e-05,0.002978092122344672,0.0009522890641172115,0.00015448789838856677,0.003605784109628547,1.4754947662599178e-07,4.642197182324629e-05,0.003255828759333237,9.293349078464137e-08,4.446111936098581e-09,1.2568259329372267e-06
26,0.000848596053813626,0.0017045962459235244,2.790406182819863e-05,0.001386769821455565,5.009813559765032e-07,1.4915828264015606e-05,0.0008030775012507574,0.9707636377847889,1.8441661119066417e-06,7.053100598939864e-05,0.0004658421593926855,0.00025437468188941687,0.00028013982652597797,1.5706563614160915e-05,0.00012691645878871975,0.008866266449275188,0.0028250895204350217,0.0004224002264086186,0.0069259464075119665,4.396794086518393e-07,0.00010701382367995669,0.004082680557662276,6.403573990144916e-07,3.2688849360313155e-08,4.137148377228882e-06
27,0.0009037689499846981,0.002487150462632834,6.316221958354948e-05,0.0008398911523677035,3.1915235454070556e-07,3.7326784597823334e-06,0.0010497236673143511,0.9551761903196079,2.472198115581677e-07,3.93039701046177e-05,0.0006168527339417178,0.00032119704132289883,0.00036633891265474335,1.564712256732251e-05,4.9591667352489276e-05,0.014945910921586735,0.014226440299029804,0.0006145144980349859,0.006460252121791957,3.996568469988923e-07,0.00040611784373296024,0.0014092170608563262,6.745157966202246e-07,2.3351630249404643e-08,3.3324606327474187e-06
28,0.0004314429653437247,0.0014988104603317145,9.970309210008783e-06,0.0007848155927183342,2.4548988483869577e-07,8.748895347222224e-06,0.0006606681349500369,0.9743965213842808,9.30606343441463e-07,3.752130666237073e-05,0.00040085511863227705,0.00022560804150097575,0.00018888493413367157,9.141686346977437e-06,0.00014825893231577427,0.006587231702451552,0.0018108740739339916,0.00017820194102153268,0.007299864678490645,2.152237493109561e-07,5.9378797777314295e-05,0.005258459318435909,2.038197138526128e-07,1.0434861253030082e-08,3.1361515625214237e-06
29,0.0004314429653437247,0.0014988104603317145,9.970309210008783e-06,0.0007848155927183342,2.4548988483869577e-07,8.748895347222224e-06,0.0006606681349500369,0.9743965213842808,9.30606343441463e-07,3.752130666237073e-05,0.00040085511863227705,0.00022560804150097575,0.00018888493413367157,9.141686346977437e-06,0.00014825893231577427,0.006587231702451552,0.0018108740739339916,0.00017820194102153268,0.007299864678490645,2.152237493109561e-07,5.9378797777314295e-05,0.005258459318435909,2.038197138526128e-07,1.0434861253030082e-08,3.1361515625214237e-06
30,0.0004314429653437247,0.0014988104603317145,9.970309210008783e-06,0.0007848155927183342,2.4548988483869577e-07,8.748895347222224e-06,0.0006606681349500369,0.9743965213842808,9.30606343441463e-07,3.752130666237073e-05,0.00040085511863227705,0.00022560804150097575,0.00018888493413367157,9.141686346977437e-06,0.00014825893231577427,0.006587231702451552,0.0018108740739339916,0.00017820194102153268,0.007299864678490645,2.152237493109561e-07,5.9378797777314295e-05,0.005258459318435909,2.038197138526128e-07,1.0434861253030082e-08,3.1361515625214237e-06
31,0.00017263105678782715,0.013048134330047497,2.542533220666202e-06,0.02495645437157539,7.170889394793868e-05,0.001103976680309586,0.020535257643961205,0.12820170234553876,0.0003907032589658471,0.00027994960068666104,0.0038906628906311674,0.0016955559300957912,0.0008173980075757754,5.995509047422081e-05,0.1254386424066588,0.013714742055638865,0.002397764062177168,7.968686733547072e-05,0.5604698810227771,2.6742494733118555e-06,0.0001149335990586168,0.10235100684046251,5.2196747418367575e-06,8.334853012562217e-07,0.00019798310255669555
32,0.0004114427474824527,0.0014908618543047181,9.253755455411728e-06,0.0008197803792231298,2.477857393115548e-07,9.10150377457457e-06,0.0006923892557647231,0.9724957357969932,9.441714113738421e-07,3.80294424592617e-05,0.00040336382407054624,0.00021951122847444925,0.0001902315426591307,8.751771616364297e-06,0.0001620634830126444,0.0068832592163866205,0.0018234083852066863,0.0001816683204182629,0.008649607737643072,2.149619445253849e-07,6.22844944429662e-05,0.0054444749419534045,2.1148636394459543e-07,1.0665177213215486e-08,3.1512480220987318e-06
33,0.000528155033907795,0.0014183078347609016,6.014859987515723e-06,0.000814783240234923,1.7732772661056482e-07,3.4749673240648508e-06,0.0007362323947747067,0.9746617954199811,3.616211516317952e-07,1.2943215880989244e-05,0.00042644606634872716,0.00029964187662597327,0.00028535157535125805,4.788341500010874e-06,7.171415779969405e-05,0.005572997595117304,0.0021618415104153973,0.00018578403141894336,0.00708520815607902,1.3365942314689943e-07,5.3017479327137854e-05,0.005669195511948883,1.0790798976290775e-07,7.802251421557809e-09,1.5184126731557773e-06
34,0.0013113313784162306,0.0009466812573189816,1.287455297689878e-05,0.000968667984215263,3.4895198292194036e-07,8.860019377306136e-06,0.0009061710868693601,0.9723006315610191,1.1696584726521302e-06,2.3342457675038497e-05,0.0006775198437495403,0.00019622802373724305,0.0003502060005663585,6.326316229536732e-06,0.00014837380137585165,0.004557506113079599,0.0014265608445738827,0.00033132505412237026,0.009535014482278704,1.9863737934417054e-07,7.312721182622942e-05,0.006215205344308353,2.214678246909615e-07,1.3000681422209815e-08,2.094949943195838e-06
35,0.0005082374629452169,0.0005723339706468276,4.724007714763686e-06,0.0003905844659988515,7.332032886459045e-08,5.668608564284088e-06,0.0003743240836852167,0.9820269293689741,4.699067135392516e-07,1.8686278601866177e-05,0.00023459430807060087,0.00013529848835296224,0.00011922303719050348,2.8372192097946078e-06,5.292962583377642e-05,0.004852322224030545,0.0008589427930659811,0.00021055656930347142,0.005450427197476466,8.00204463225384e-08,2.6063987241506526e-05,0.004153564443370258,8.707532366183276e-08,4.2936753403508564e-09,1.03724323528926e-06
36,0.00039235442130668624,0.001430188014058509,9.10427141720782e-06,0.0007446262099911454,2.0466387726945374e-07,8.09572168394619e-06,0.0005991398181857337,0.9752898720320625,8.524780582422625e-07,3.7390448432470376e-05,0.00034890119102567904,0.00020917749366666257,0.00017671524124335887,8.608848711667983e-06,0.0001389554556850098,0.006573287860919455,0.0016933951597275334,0.00016880573898273878,0.006963318670709163,2.0173895291534868e-07,5.2281452013123474e-05,0.005151501347920391,1.8054542936309362e-07,8.954693372860174e-09,2.832221245644756e-06
37,0.0009618768794855503,0.0016399929468992856,2.0884024567381172e-05,0.0009226611540556714,4.1812813747309603e-07,8.055846681629148e-06,0.0010573542225442427,0.972970736987634,1.3145258948900124e-06,3.4037401322868864e-05,0.0005772554847475719,0.0003810520129157821,0.00037767439745851786,1.31389103080736e-05,0.00010758508154899592,0.006646451909916931,0.0022403171424254663,0.00030996102545575673,0.006251291928153936,3.0537827191150806e-07,9.792529069708309e-05,0.005375767331784742,2.7851087316194477e-07,2.1978396352125414e-08,3.6414998224572163e-06
38,0.00047700809068951645,0.0009761309691838136,9.602031623316423e-06,0.0007076604106824761,1.5210190100067125e-07,1.1282161317542537e-05,0.000873457800501415,0.9682857435841227,7.222244067731882e-07,3.439027710592127e-05,0.00030337226061305175,0.00018828288858120955,0.0002182486724461192,4.781891444331477e-06,0.00015121574131262742,0.010869986797627216,0.001846718208854762,0.00021538344291125163,0.010013728550716663,2.2792969447429417e-07,5.7453783992367615e-05,0.0047518059581315095,2.1081611720165766e-07,9.491543220683689e-09,2.4239144793595328e-06
39,0.00028258896179890984,0.0006472144157416514,6.124425122049421e-06,0.00033827768943593694,1.0705648439983821e-07,5.553245037524436e-06,0.0005024394290973624,0.982230772662845,3.7257731283598177e-07,1.6994013897472193e-05,0.00025609080023253697,0.00016793609188216316,0.00010613777419751175,3.896474106262259e-06,7.207006446530044e-05,0.006164136130101775,0.0013269116626100639,0.00011614656638530588,0.004364270916287713,1.246789003118468e-07,4.1945621150885514e-05,0.0033479567062415544,1.0728194306932106e-07,4.934150246526785e-09,1.81982057228733e-06
40,0.0007511727727019323,0.0018916154414215685,1.574334527848193e-05,0.0006990194560556112,3.3347786161342413e-07,8.849316175557188e-06,0.0007500441660132185,0.972371162725728,1.1085233108678927e-06,3.2493655256610495e-05,0.0005785126911140552,0.0003858500707317004,0.00025162015651950784,1.2065815358559047e-05,0.0001846102806048623,0.006653902948832557,0.0023731694276406044,0.00014649340932459923,0.005230363810752405,2.440533215030838e-07,6.0373952116600974e-05,0.007595888009614454,1.876804755414877e-07,1.3197777134012327e-08,5.161616012440432e-06
41,0.0004944371716309254,0.0014640149905820639,9.360022991679775e-06,0.0012095980595876652,3.752040587211758e-07,1.277739290457774e-05,0.0006146830261534342,0.974014128342325,1.3803941081848655e-06,4.361165044276633e-05,0.0004165109682908343,0.00022333645734852345,0.00016588869873879493,8.298006514796541e-06,0.00024636712660490006,0.006267974263992543,0.0015165830371951707,0.00015701641312217975,0.007255700260621658,2.1554863905545414e-07,3.7820547520172484e-05,0.0058362455384263654,2.2236836578928676e-07,1.1023485654087909e-08,3.443486348305482e-06
42,0.0002710792683758757,0.0012343230046411608,5.0282972347910455e-06,0.0006050164129658205,1.3728330508490377e-07,7.60542274503347e-06,0.0005008799340303237,0.9716842907492644,6.010081065956118e-07,3.017430168293863e-05,0.00027470715057777037,0.00016654146303503415,0.00015334825339102467,4.5521164920223965e-06,0.00015830861451464153,0.007547026300765878,0.0014976145853162377,0.00010019473618519434,0.008762521351807063,1.532678609337911e-07,3.520490184646831e-05,0.006958352093314323,9.894005828167008e-08,5.879119000141481e-09,2.234663364410179e-06
43,0.000235157277808401,0.0010066975088361687,7.123094103375087e-06,0.0006737144181122134,1.7833052949011105e-07,1.4714505999962955e-05,0.0004942702761747617,0.9750595455813509,9.979828896911148e-07,6.0054078182807137e-05,0.00025248172416347044,0.00010942429510030274,0.00012151656161050446,6.609738313220327e-06,0.0001661956825051062,0.007095758192477011,0.0011943465990663423,0.00015494202612554976,0.008610187771142372,2.347456322269439e-07,4.770356091282403e-05,0.0046855148280844265,2.067972741587015e-07,7.489705360825676e-09,2.4169338993478035e-06
44,0.0004314429653437247,0.0014988104603317145,9.970309210008783e-06,0.0007848155927183342,2.4548988483869577e-07,8.748895347222224e-06,0.0006606681349500369,0.9743965213842808,9.30606343441463e-07,3.752130666237073e-05,0.00040085511863227705,0.00022560804150097575,0.00018888493413367157,9.141686346977437e-06,0.00014825893231577427,0.006587231702451552,0.0018108740739339916,0.00017820194102153268,0.007299864678490645,2.152237493109561e-07,5.9378797777314295e-05,0.005258459318435909,2.038197138526128e-07,1.0434861253030082e-08,3.1361515625214237e-06
45,0.0013451032400451262,0.010930408300759349,0.00014149715492131054,0.0004141362780469274,2.750355786735632e-07,3.635926000340587e-06,0.00022294907476129666,0.9468351233625293,7.492853423061925e-07,0.00018937043632632694,0.0007958002830179998,0.0004041421875219992,0.0002683640746461645,0.00015801563588103127,2.8904719052869936e-05,0.008586289930108954,0.020203367595497613,0.0007227438951877206,0.0037364694960134604,4.034388065379005e-07,0.0006765574999312461,0.004319834955627796,1.134502637945132e-06,5.2354021995145324e-08,1.4671337735827527e-05
46,0.000691282117231275,0.0019075178067360084,7.644743522175105e-06,0.0009199903915377537,1.989268783134039e-07,6.8120772564862325e-06,0.0005556906184767389,0.9668982529270637,3.315580526479686e-07,1.884250264651983e-05,0.0004365748074868482,0.00037561883594795944,0.00019056143280076333,4.156481390440868e-06,0.0001487009256468529,0.009283870274667483,0.0050725109722695874,0.00011568156310254085,0.006057938772302775,1.313005245617839e-07,3.666724788149735e-05,0.00726796838888191,1.6908755967699916e-07,8.256052910638878e-09,2.8779840823331324e-06
47,0.000566091511240041,0.001999112638324302,7.3431135091636474e-06,0.0005170851525238999,1.524412742117403e-07,5.8774108318030955e-06,0.0006256706469018172,0.9696160228246488,6.613566763268866e-07,2.453425602336602e-05,0.0003922697787195718,0.0003650017647209052,0.00024135700211595323,6.204752524602951e-06,0.00012695000277115616,0.008143330570439944,0.0020286127317344412,0.00011737561568925597,0.0061200164178060405,1.55890986151754e-07,3.545149948146517e-05,0.009057346425534255,9.341806619444585e-08,8.482336713747769e-09,3.2742951197270528e-06
48,0.0008422251934755954,0.0009133054078476247,3.514267376775764e-05,0.0007180939858323265,1.0776882555849444e-06,2.0404442146583604e-05,0.001646218198232894,0.9707974886557185,5.615781661954605e-06,4.7727857352425706e-05,0.0010698619948886958,0.000542535892091215,0.00034925963430718505,2.4254600912402976e-05,0.0003187668725667073,0.009444626283504901,0.0011485246085019343,0.00028040283230032476,0.00630196676875568,7.887584558279849e-07,0.00011983684502672483,0.005358424265956306,4.2882699908267976e-07,5.9341793193188535e-08,1.296258964870662e-05
49,0.00047197983078935466,0.0013097090846059748,1.1883646204686242e-05,0.0006645346194816517,2.3766742496721155e-07,8.87089971728653e-06,0.0005907269915893863,0.9782129167364936,8.601940260615899e-07,3.437173180201613e-05,0.00040056927266695025,0.0002441965544986407,0.00018566646198203124,9.077035669474176e-06,0.00011296455969937952,0.006120652086361605,0.0017464393687688423,0.00017609855509327855,0.004833081912335448,2.3366445861789493e-07,5.376428864829201e-05,0.004807981248678235,1.9039960151305304e-07,1.0191757324944472e-08,2.9829976452639193e-06
50,0.0003149333393206724,0.0013904110423184188,8.102346129724844e-06,0.0006506989406787587,2.0365089315458257e-07,7.541414913542694e-06,0.0006691947721545008,0.9761662655867455,9.446192772183165e-07,3.9131612712330324e-05,0.00032180433385239036,0.0001846320868358381,0.0001787475124110652,9.252619064985081e-06,0.0001275133623412483,0.005640634360252566,0.0012998476386284691,0.000159688503268667,0.007512768938344411,1.9903516744266697e-07,5.52588938527831e-05,0.005259387884201911,1.5187972363424864e-07,7.815988155700215e-09,2.677810922669344e-06
51,0.0001621178244985827,0.003573427967523543,3.178197954488311e-06,0.0010516057248649467,1.1208330751598218e-07,2.441953892478641e-06,0.00018321398896189244,0.9791433006858281,4.4499305682904275e-07,3.800348095894617e-05,0.0002012585579947352,0.00012750542285121407,0.00012151211326480834,1.1313099081194258e-05,9.649583882750807e-05,0.002380086483511284,0.0008927116204910144,9.224319522762505e-05,0.005101417403589109,9.96992413733564e-08,1.863475526803144e-05,0.0067974694554710675,5.272675710655019e-08,2.4761709140836007e-09,1.3502514054347926e-06
52,0.0003847902115445846,0.0012584934696389656,8.440377863841222e-06,0.0007714126558647801,1.8014300280232634e-07,9.011737806340495e-06,0.0005133606262259932,0.9749028533816805,8.730318739934979e-07,4.497494897068369e-05,0.00032625134261353396,0.00016363647060051794,0.00017770874704766207,7.74830387233151e-06,0.00014478337747098272,0.006661045633829781,0.0014306130138842972,0.00019488980683003907,0.007802255736236115,2.1843695076247763e-07,4.666204220177048e-05,0.005147218863301961,1.781147393241927e-07,8.447078580811142e-09,2.3910788698420174e-06
53,0.0004373350937527739,0.0015557282743903368,1.0160234212860028e-05,0.0008047455664773529,2.4489429580271855e-07,8.626113741503443e-06,0.0006181867232264277,0.974146478401979,9.174863803637515e-07,3.963016050887376e-05,0.0004003497007259086,0.0002188750011379938,0.0001916486355544584,9.250492536613967e-06,0.00014828257618950723,0.006570419597715863,0.0018407345638652348,0.00017915873183396418,0.007388119159521287,2.164761847778672e-07,5.909122538317545e-05,0.005368495473548606,2.0114792822477906e-07,1.048992761748698e-08,3.0937789815087956e-06
54,0.0006485420905906459,0.0010266095966459704,9.382440704298964e-06,0.0010149053959664855,2.901107495912101e-07,9.426883772845576e-06,0.0007803567204255098,0.9756285591096989,7.520597843771656e-07,2.545352032392275e-05,0.000494835276294834,0.00016061231076618153,0.00023224689993239805,5.879150565018178e-06,9.871846895053173e-05,0.004510766936682363,0.0019014663146316255,0.00029637578729017016,0.008470419578070359,1.8879354478284133e-07,7.646700399383702e-05,0.0046058819288159235,2.677169364659579e-07,1.0361434323804215e-08,1.585543428680968e-06
55,0.0005782199107597921,0.0014326965954256725,1.094976924153603e-05,0.0009144650992882285,3.791284059913982e-07,9.958251994451248e-06,0.001152174386607896,0.9724842850239531,1.4094352539814449e-06,2.7507285732313647e-05,0.0005321888704732415,0.0004029797472434163,0.0002469021801998754,9.913207422199701e-06,0.0001534833236505449,0.006935780919868505,0.0016987676648656934,0.0002172322580965161,0.007583175607168877,2.321838266704028e-07,6.625983379965407e-05,0.0055368012861365425,2.3903483928805777e-07,1.635016668343559e-08,3.982645579267237e-06
56,0.0004465748035311011,0.0015083615120408925,1.0030092486514816e-05,0.0007939156063357572,2.4754359740558873e-07,8.540068530285435e-06,0.0006785081071633779,0.9742263092636558,9.352159969580394e-07,3.648680710934181e-05,0.0004077060316780821,0.0002316515868831686,0.00020191271259178883,9.182588034664472e-06,0.00014484940958104666,0.006483084821704284,0.001796835195747978,0.00018205969576140244,0.0073320713613135155,2.2030314095990648e-07,6.0060226531449114e-05,0.00543715885784053,2.0096501599087246e-07,1.0718402898179106e-08,3.0865053249586273e-06
57,0.0006764701465393271,0.0007270976927165453,1.170492388924717e-05,0.000938734816662673,3.4817713847390517e-07,2.0759670859388507e-05,0.00030866637967877196,0.9880897072333851,1.4780899544551547e-06,4.0883300320264386e-05,0.0003927298480207702,0.00015968452032318737,5.802929102113797e-05,1.065209831351981e-05,0.0001613352238456272,0.002856407009847504,0.001235952166635347,0.0001798915489619648,0.0013281968433363396,1.9374970600520077e-07,1.7837292779993756e-05,0.0027800468490113426,4.336658113902942e-07,7.107973913689079e-09,2.7523532677579574e-06
58,0.0005078867341311432,0.0016773473823133433,1.200494191675747e-05,0.0009434872973636317,3.4250701571849664e-07,1.0439657111985225e-05,0.0008520136297858564,0.9703234017821539,1.2272839089048124e-06,4.083833796771826e-05,0.0004933497618598924,0.0002823799400134506,0.00024628466150088655,1.0723730952527154e-05,0.0001726646603860103,0.007522434475026669,0.0020252052305404747,0.00021277388798259252,0.008779845630651852,2.800159087537116e-07,7.703776389671233e-05,0.005803865869471291,2.662806617221797e-07,1.6390471085056892e-08,3.882147007147578e-06
59,0.0004776053656830843,0.0016848897600095667,1.3169986163563208e-05,0.0008582410214017193,3.086604884151039e-07,1.0090169152095974e-05,0.0007399611802868726,0.9721277382722413,1.138566163397052e-06,4.501903927029351e-05,0.000444544778581833,0.00025851629334811054,0.00022371807384443198,1.104959179355304e-05,0.00015791775212035928,0.007626191713835623,0.0020600473107965653,0.00019873215493482468,0.007638601117748066,2.784735645300564e-07,7.47378991653485e-05,0.005343373713940862,2.5493762741071447e-07,1.5194239729050086e-08,3.858973598421456e-06
60,0.0004314429653437247,0.0014988104603317145,9.970309210008783e-06,0.0007848155927183342,2.4548988483869577e-07,8.748895347222224e-06,0.0006606681349500369,0.9743965213842808,9.30606343441463e-07,3.752130666237073e-05,0.00040085511863227705,0.00022560804150097575,0.00018888493413367157,9.141686346977437e-06,0.00014825893231577427,0.006587231702451552,0.0018108740739339916,0.00017820194102153268,0.007299864678490645,2.152237493109561e-07,5.9378797777314295e-05,0.005258459318435909,2.038197138526128e-07,1.0434861253030082e-08,3.1361515625214237e-06
61,0.0005029857240708684,0.001584035956110432,1.3751869664853277e-05,0.000834473597761364,3.1573581281330647e-07,9.971467386729508e-06,0.0007307853015705271,0.9734175168123084,1.1782723187669095e-06,4.39044690772095e-05,0.0004506259657526197,0.0002588566085259385,0.0002183207214896211,1.115681100675606e-05,0.00014799134380674706,0.007209211512172878,0.0019623661699703357,0.00020533954979376192,0.007209240850759932,2.6936015402999005e-07,7.505585856533812e-05,0.005108561954668891,2.56699953819579e-07,1.5547554479119172e-08,3.811839743210141e-06
62,0.0004314429653437247,0.0014988104603317145,9.970309210008783e-06,0.0007848155927183342,2.4548988483869577e-07,8.748895347222224e-06,0.0006606681349500369,0.9743965213842808,9.30606343441463e-07,3.752130666237073e-05,0.00040085511863227705,0.00022560804150097575,0.00018888493413367157,9.141686346977437e-06,0.00014825893231577427,0.006587231702451552,0.0018108740739339916,0.00017820194102153268,0.007299864678490645,2.152237493109561e-07,5.9378797777314295e-05,0.005258459318435909,2.038197138526128e-07,1.0434861253030082e-08,3.1361515625214237e-06
63,0.00040953210249781194,0.0016994084936200835,9.495727017523994e-06,0.0008021354869423855,2.4028174738393295e-07,8.402044947851503e-06,0.0006271152709687128,0.9733810492226684,9.025335045485381e-07,3.9266900962391376e-05,0.00039247372572067036,0.00022882786280173977,0.00018536032297174494,9.390572586575521e-06,0.00015176845740171393,0.006717827076907509,0.0019151295356792852,0.0001700632403127781,0.007659342187367346,2.0890573724531115e-07,5.875454377459451e-05,0.005529858862162556,1.996189963802911e-07,1.0397853626870269e-08,3.2366248492526978e-06
64,0.00044559768471486277,0.0015186074865633195,1.143590468608823e-05,0.0007419595707205002,2.715046746846629e-07,8.310846222504252e-06,0.0007471906889647391,0.9736707112282492,9.091265533212606e-07,3.656331415461995e-05,0.00043990564088485325,0.0002303793082362666,0.00020759765134537557,1.0108499174452646e-05,0.00013337616202892805,0.006606944888465895,0.0020250768276519836,0.0002016281847300433,0.007897959847201798,2.3163520735190596e-07,8.295845690099419e-05,0.0049787999137567976,2.3031669495495713e-07,1.1916227197202219e-08,3.2333959892874737e-06
65,0.0005171345961104841,0.0010219636056546869,6.527590083729646e-06,0.0011166324185641683,2.9571378187173057e-07,1.4037853865721087e-05,0.0009412737532077263,0.9675737819670156,7.235095412597922e-07,2.4482353916037543e-05,0.0005049817171462614,0.00020556404238279165,0.0001690578722272071,4.1628039933718625e-06,0.00021014748180363452,0.007626887034847755,0.0022999521051006388,0.00022081904662258557,0.012479715477374158,1.7033890782724224e-07,5.751889784714038e-05,0.00500143720375424,2.9515890022259204e-07,9.498930466050842e-09,2.427958420646013e-06
66,0.00041700692438389656,0.002247540689851335,8.291299008490437e-06,0.0011458565702643858,3.3729614277078883e-07,1.5222054985197055e-05,0.000743970319453683,0.964117262061908,1.3292645434000295e-06,4.880411682081286e-05,0.0004969253818035124,0.00028401051277345034,0.00014603299780733558,1.1348001489988968e-05,0.0002955987186299928,0.00802096892274726,0.0028036448707192624,0.00017275673830080755,0.012076268188361636,1.9951307880208997e-07,6.965914057293497e-05,0.006871108683886721,3.994746964891077e-07,1.4567713482652414e-08,5.4436900562279124e-06
67,0.000346035015801852,0.0017949358794083525,4.351617554238118e-06,0.0006896812731846515,2.9185452931622305e-07,8.362393772291027e-06,0.0007569696252233357,0.9695614862403644,1.3733806807452874e-06,2.5968509393082632e-05,0.0004479107074698235,0.00032469360394543894,0.0001495634094596395,7.64305492884215e-06,0.00023966208297005655,0.005602836407807575,0.0011920575309171658,9.661939896414939e-05,0.008909418886923046,1.2689647581395952e-07,3.222121720989662e-05,0.00980364778631586,9.901861178500719e-08,7.896519030931421e-09,4.036311569355046e-06
68,0.0006800150876730301,0.0034013009067604422,0.00011470215839116536,0.002389654307232417,1.8016230206949748e-06,3.0781422773360356e-05,0.0019357989267671171,0.9607343863365543,1.3344657844378578e-05,0.0002484762834771051,0.0006111342822949701,0.0008518459267791764,0.0005291961129173497,0.00014255975209689215,0.0003336254153023975,0.015311617273826066,0.002584511767997306,0.0004795892886546433,0.004838180447517374,2.519754774654245e-06,0.00016046895196030432,0.004574330402964398,1.6684837425153762e-06,1.4794097271604205e-07,2.834248770521397e-05
69,0.00030754432831248054,0.0009364461932825178,1.5061064551603433e-05,0.0004936784494489346,1.8027083526353852e-07,6.931332995761302e-06,0.000570350749109104,0.9819656933126945,8.785497621314462e-07,4.431224322805321e-05,0.00029682521061032515,0.0001608204756363093,0.00017614443877085462,1.3181107700409332e-05,7.284908638943928e-05,0.005905793621523462,0.0012308282547007399,0.0002521565947316442,0.004556939542611624,3.306556610895343e-07,8.168263791230641e-05,0.0029085157682179614,2.2084569878870976e-07,1.0258549280915588e-08,2.625007065275122e-06
70,0.0005546722152441318,0.0015189754070807262,1.2952224697468603e-05,0.0012967825253180473,5.234335390707447e-07,1.0162567978712685e-05,0.0009256269808427376,0.9775531081930161,1.5452680521168482e-06,3.331328855645946e-05,0.0005230898620301262,0.00026040288789956395,0.0002408028146612875,1.3166392349383165e-05,0.00017147352201811792,0.00418615053402255,0.0015375245675525902,0.00019621762859167564,0.005677411479781323,2.7284621260498384e-07,6.241428138063428e-05,0.005219913893550541,2.666663156296938e-07,1.2895012119500349e-08,3.2176242963253004e-06
71,0.00022144042958930458,0.0015205532059951491,1.3244675307527877e-05,0.0006460352160921499,4.1183897675698043e-07,7.291148750703537e-06,0.0009329756557672755,0.9782479022827534,1.8109214795897122e-06,5.280927976858232e-05,0.00031404998566102594,0.0002103350549977389,0.00018442889375663415,2.2442083849866242e-05,9.338951127179821e-05,0.006448198941692917,0.001263312161332986,0.0002532680991088886,0.005953452599532173,4.326564359844969e-07,0.00010630696243873419,0.0035016671195339526,2.6806407516620554e-07,1.5649745201408198e-08,3.957562086256129e-06
