,0,1,2,3,4,5,6,7,8,9,10,11,12,13,14,15,16,17,18,19,20,21,22,23,24
0,0.0005791717973350292,0.0013696805036416012,7.927530328435211e-06,0.0011415850369573047,8.22203123144037e-07,9.581209163185866e-06,0.0016065279840230388,0.9753102948179039,2.883624296486939e-06,2.295567537445251e-05,0.000921648119234459,0.00026709476514585537,0.0003551678073345413,1.761988309179393e-05,8.730220238238852e-05,0.002101296462486934,0.0008409731396816444,0.000479277503490564,0.008718990206808901,2.921163847175808e-07,0.00012410077494411193,0.006032394962711619,3.1176535003909535e-07,1.964711203741631e-08,2.080261693791603e-06
1,0.0006946912269442276,0.001434239768401916,1.1552407337327689e-05,0.0014838029703514379,8.997449982570073e-07,5.354248781412631e-06,0.0016939396216353777,0.9779131714567832,1.336998273467349e-06,1.5575910413384586e-05,0.0007225873253299318,0.00032782631939231856,0.0004260892056352003,1.1277400051161723e-05,5.3153352194630465e-05,0.002976054615213721,0.001459591358223896,0.00045296716131613984,0.006475122385725019,2.646443723870381e-07,0.00013206326414993573,0.003706701368233837,2.6184968754208675e-07,2.1228999639767338e-08,1.4541675544689115e-06
2,0.0006769770698395656,0.0016319548295618855,9.322448959884316e-06,0.0014110955707540014,1.0612248338743594e-06,4.903795089089129e-06,0.001525689095243611,0.9791119149298895,1.3202427242158865e-06,1.2837784839143056e-05,0.000867915974841882,0.0003722612019034458,0.0003685675227951986,1.3101402149120594e-05,6.381988834420215e-05,0.0022742411438854324,0.0014809823536839101,0.00035198835284336284,0.00520592542964132,2.4470799639973254e-07,0.00011284412734805614,0.004499100810349197,2.3922733377590025e-07,1.846149502263919e-08,1.6724036550938605e-06
3,0.000846922326460004,0.001708155377101632,1.0071567305853567e-05,0.0015918123790347124,1.0346951989871254e-06,4.993309137349604e-06,0.0016911329122276256,0.977140599860127,1.1738552453073383e-06,1.1915383726866017e-05,0.0009104521228113393,0.00038807486872348467,0.0004311123125657662,1.1008177102771368e-05,5.663078574912088e-05,0.0024590485171617103,0.0017807062897063533,0.00041005293482423256,0.005930460552047915,2.245357498706957e-07,0.00012401740449800698,0.0044886225310160136,2.612912714855569e-07,2.0003787387741276e-08,1.4960074189814215e-06
4,0.0008672943311045362,0.001770288378470857,1.055460776688253e-05,0.001589639822373615,1.049517788194547e-06,4.325080908920339e-06,0.0017240010876372505,0.9772978546038528,1.1897803936149607e-06,1.1609317382156121e-05,0.000917320640640521,0.0003945605337663592,0.0004953485745500622,1.2364618713316795e-05,4.991823385682846e-05,0.00221037332637404,0.0016811143717140478,0.0004340792076670497,0.005720073128170269,2.3702439429312874e-07,0.0001339466919820442,0.00467117842416078,2.4402453206824906e-07,2.0640392313847307e-08,1.414031407271265e-06
5,0.0008856832205803767,0.0017015836737843326,1.134573108631153e-05,0.0020247967994905087,1.1519618676411944e-06,5.395027306577152e-06,0.0016623504519142935,0.9770484254351346,1.238916381009182e-06,1.4092247123206548e-05,0.0008791287851581362,0.00034481775085262544,0.0004706054088647618,1.1826762968053441e-05,5.006810402306193e-05,0.0023610554441337857,0.0017710597806325197,0.0005559666029845674,0.006164807805442963,2.6305970282095154e-07,0.00013788035061915375,0.0038948471817156533,3.296039248597781e-07,2.3010851429406832e-08,1.2568834564387056e-06
6,0.000846922326460004,0.001708155377101632,1.0071567305853567e-05,0.0015918123790347124,1.0346951989871254e-06,4.993309137349604e-06,0.0016911329122276256,0.977140599860127,1.1738552453073383e-06,1.1915383726866017e-05,0.0009104521228113393,0.00038807486872348467,0.0004311123125657662,1.1008177102771368e-05,5.663078574912088e-05,0.0024590485171617103,0.0017807062897063533,0.00041005293482423256,0.005930460552047915,2.245357498706957e-07,0.00012401740449800698,0.0044886225310160136,2.612912714855569e-07,2.0003787387741276e-08,1.4960074189814215e-06
7,0.0009951355457216663,0.0016326981059814271,1.0558312643219195e-05,0.0015276373433520468,9.667018415504069e-07,4.385208770316429e-06,0.0017205534614516892,0.9770376006727903,1.0504049429145943e-06,1.0661180540653543e-05,0.0009509768848143383,0.0003705176174247254,0.0005142297324529007,9.896700206045411e-06,5.00662678911359e-05,0.002280830595424243,0.0017225971062201572,0.0004310505849181173,0.005888936675950163,2.1933360132266376e-07,0.00012434451499566807,0.004713546960621888,2.2571983187208123e-07,1.8946172804483883e-08,1.295421438867084e-06
8,0.0014584440158647365,0.0024272389750772815,2.5994077277218196e-05,0.002577539230036954,1.540486541240489e-06,6.472376076960307e-06,0.0012356307141476216,0.974594920075141,1.6025068454271147e-06,2.3491537937273864e-05,0.0009809520302014756,0.0004926010130796537,0.0005149814407381805,1.9215703033831053e-05,7.125466518866128e-05,0.003576004959140946,0.003045683190548195,0.0005070672753164317,0.004249013689291924,3.798311835223797e-07,0.0001379878373043675,0.004048765281195432,5.375901777293293e-07,4.6463392586651396e-08,2.6350352613570867e-06
9,0.0006829437486706218,0.002462098381800731,2.1271234891167203e-05,0.002083031202079041,1.0539944173473013e-06,5.144170799674462e-06,0.0010071373699825472,0.9772176882189271,1.548324089350118e-06,3.3300079398386374e-05,0.0006358300101105322,0.00033374811429652415,0.0004491129080979919,2.2514927175955493e-05,5.903087697166491e-05,0.003935683061231765,0.0021784368800288213,0.0004620465341985633,0.004741617608366857,4.6469843483185317e-07,0.00013412987276623553,0.0035293993293960073,4.015518225474088e-07,3.7291111794796755e-08,2.3296109339942124e-06
10,0.000846922326460004,0.001708155377101632,1.0071567305853567e-05,0.0015918123790347124,1.0346951989871254e-06,4.993309137349604e-06,0.0016911329122276256,0.977140599860127,1.1738552453073383e-06,1.1915383726866017e-05,0.0009104521228113393,0.00038807486872348467,0.0004311123125657662,1.1008177102771368e-05,5.663078574912088e-05,0.0024590485171617103,0.0017807062897063533,0.00041005293482423256,0.005930460552047915,2.245357498706957e-07,0.00012401740449800698,0.0044886225310160136,2.612912714855569e-07,2.0003787387741276e-08,1.4960074189814215e-06
11,0.0009132736976317227,0.0017459856197379346,1.0628866517734943e-05,0.0016524159628845125,1.0804547084387505e-06,4.778733759229672e-06,0.0018134015441231492,0.9761954303270765,1.1951862051012495e-06,1.1566897581898849e-05,0.0009414425370129151,0.0004112778276860135,0.0005024097981747333,1.1198962772866505e-05,5.530298236082119e-05,0.0024952386779483974,0.0018094159131952657,0.0004291646222880328,0.006108085786212562,2.4226699915101256e-07,0.00013198928714374278,0.004752706010353666,2.592146512007305e-07,2.2171074677917123e-08,1.4866518995639414e-06
12,0.0012081305574787506,0.0021596702914906327,2.2118951543635506e-05,0.001590172086287458,3.997119374393162e-06,8.796161881831818e-06,0.0021334340987533822,0.9746962400820234,2.5933396124321976e-06,1.7951276163473994e-05,0.0017474224871705034,0.0006529479183453259,0.0004418476007719132,2.8084649924938507e-05,6.868952185911512e-05,0.002654086959219048,0.0031078422277223713,0.0005795332040283289,0.0038570300227460156,5.282316997939466e-07,0.00022795357180050804,0.004786516594076889,6.48214013214991e-07,5.335968361218552e-08,3.711472329038101e-06
13,0.0010020860028722278,0.002069069667066202,2.0405573101448915e-05,0.004647140117407866,1.217884426225346e-06,1.6251758519129723e-05,0.0023959374975934273,0.9628369871350403,1.999457397864108e-06,4.411385706074229e-05,0.00045434504778379346,0.0002472926120983805,0.0005022208254224088,9.844349004489819e-06,5.969513328387047e-05,0.006781655932745847,0.003137917770330891,0.001097265303687107,0.011841393412593337,4.0620996520126134e-07,0.00018095793095169871,0.002649239331358756,1.1671883109907018e-06,4.823757775965552e-08,1.3417644001390405e-06
14,0.0008421477683321327,0.0019563057532848327,9.796267826991918e-06,0.0017476676158994957,1.1852990225811971e-06,4.881598966726355e-06,0.0017519588568946517,0.975444676309984,1.1610432373810738e-06,1.2332882944210965e-05,0.000993399970658412,0.0003827691991132101,0.00046658075282569406,1.147314027270031e-05,5.505568930093948e-05,0.0023342116487713154,0.0019112038200353911,0.00044672882502772216,0.006785157668187625,2.2791379099630153e-07,0.0001416612900613051,0.004697699352350331,2.6974567142545153e-07,2.085486353934902e-08,1.4267326762200015e-06
15,0.000846922326460004,0.001708155377101632,1.0071567305853567e-05,0.0015918123790347124,1.0346951989871254e-06,4.993309137349604e-06,0.0016911329122276256,0.977140599860127,1.1738552453073383e-06,1.1915383726866017e-05,0.0009104521228113393,0.00038807486872348467,0.0004311123125657662,1.1008177102771368e-05,5.663078574912088e-05,0.0024590485171617103,0.0017807062897063533,0.00041005293482423256,0.005930460552047915,2.245357498706957e-07,0.00012401740449800698,0.0044886225310160136,2.612912714855569e-07,2.0003787387741276e-08,1.4960074189814215e-06
16,0.0007596074682391977,0.0016171176940038532,6.786235179738713e-06,0.0013272116300926274,8.438707690059703e-07,3.930017814599526e-06,0.0015775044421308248,0.9771326853013431,1.0252873703130844e-06,9.278650235687471e-06,0.0009022072485073333,0.00038980970682665035,0.0003846544398958928,1.0376281944010944e-05,6.066710647563217e-05,0.002066546885434635,0.0014919940092747192,0.0003485158835563066,0.006320030410096342,1.7006019559381215e-07,0.00010385557928091988,0.005483559364032602,1.8636947409168196e-07,1.3826090272133648e-08,1.4222317362072781e-06
17,0.000951356444850757,0.0017384412112765393,1.0729593048674696e-05,0.001593459051661817,1.2235764277936321e-06,4.740338880870066e-06,0.0019443606063115398,0.9767024653802838,1.2441856900482017e-06,1.0542075668332762e-05,0.0010322815573825769,0.0004359188620935882,0.0004802874046991724,1.2183484057889975e-05,5.079461290752165e-05,0.0021937978330001306,0.0018635884289810714,0.00044957697025041303,0.005736416416608011,2.2809723129371434e-07,0.00014621272718487625,0.0046383498968762165,2.763058705233894e-07,2.2153932716547518e-08,1.5027848233706112e-06
18,0.0008385134885918013,0.0017250952120120742,1.0174143287012783e-05,0.0015500822642129347,1.0328104859023862e-06,5.006081888762137e-06,0.0017128039144002868,0.9769942236255339,1.185342479504236e-06,1.1992217966560468e-05,0.0009188132922708453,0.00039835126740846676,0.0004287029725738427,1.133836446770857e-05,5.7607380467775075e-05,0.0025070132554775547,0.0018074713275197866,0.00040675408778596123,0.005962736491848799,2.2679176609155784e-07,0.00012715741927422404,0.004521868697666799,2.640097130063006e-07,2.0307329549490443e-08,1.5652335707578693e-06
19,0.0007119448121474503,0.002297956576262826,9.84743693537496e-06,0.0027129931662327584,1.3902217737221633e-06,6.702805914876449e-06,0.0018464607635472632,0.9734922758302139,1.7114923033298045e-06,1.7712489671997045e-05,0.000754741856167779,0.000436929627292499,0.0004698602617882877,1.3110281361673877e-05,7.984954890805543e-05,0.002921340507821223,0.0017627150221561274,0.0003932601738442301,0.006808375156244081,2.864970668209415e-07,9.971554204825054e-05,0.005158799918755076,3.027003525002245e-07,2.4497237470419478e-08,1.6928139525599338e-06
20,0.0011874495588294106,0.0018831272488587843,1.726224887696284e-05,0.0019346052191315049,1.3572786462633812e-06,6.872017685700008e-06,0.0021322470169994894,0.9738346892459387,1.2617242551619526e-06,1.417241949810089e-05,0.0009868544068421066,0.0005396976719018996,0.00044301963623501477,1.1018076539024527e-05,5.839062549061747e-05,0.0039963321389719746,0.002968452397496188,0.0005332188585701653,0.005968800721271416,2.6023943873851456e-07,0.00016043866209293177,0.003317942820693479,4.5908034973888733e-07,3.276349745652419e-08,2.037921888745351e-06
21,0.0011479339615062675,0.001637522980599455,1.836753837177759e-05,0.0014062730753371536,8.952271079330892e-07,2.8759581971490362e-06,0.0015127340263339114,0.9797407614687802,8.323804044056982e-07,1.0488236804749165e-05,0.0008368999319975409,0.0005134375702333545,0.0005609736634443302,1.3689094916923532e-05,3.1689948002897836e-05,0.0028403029783178033,0.0022290859901017853,0.0005287268741743529,0.0036420982674400964,2.674658508968901e-07,0.00015424382852836222,0.003168204335378763,2.5012128811258125e-07,2.5399989418489425e-08,1.419676892225276e-06
22,0.0009003228743236647,0.0014190379684745913,1.1185914430596782e-05,0.0012218241288150143,6.818135615284664e-07,3.695294046226299e-06,0.0010122269838054206,0.9813872023886754,5.765502499815681e-07,1.155203485711576e-05,0.0007566056358390155,0.00024364610458237106,0.0003604131681723248,8.554050256396797e-06,3.0298785988597907e-05,0.002019954184090749,0.002209914334079347,0.0004671453276773197,0.00438741367042462,1.861138119067109e-07,0.00012913329641822362,0.003417307628267308,2.3520435796435944e-07,1.2991444334412679e-08,8.735533502551924e-07
23,0.000846922326460004,0.001708155377101632,1.0071567305853567e-05,0.0015918123790347124,1.0346951989871254e-06,4.993309137349604e-06,0.0016911329122276256,0.977140599860127,1.1738552453073383e-06,1.1915383726866017e-05,0.0009104521228113393,0.00038807486872348467,0.0004311123125657662,1.1008177102771368e-05,5.663078574912088e-05,0.0024590485171617103,0.0017807062897063533,0.00041005293482423256,0.005930460552047915,2.245357498706957e-07,0.00012401740449800698,0.0044886225310160136,2.612912714855569e-07,2.0003787387741276e-08,1.4960074189814215e-06
24,0.0006577618792887192,0.00236864625521974,7.98793728188287e-06,0.002368011403618788,1.0083685446353897e-06,4.318860410641209e-06,0.0014950747841495462,0.974736101458095,1.0984771185006682e-06,1.4430547292253017e-05,0.0007490162906538598,0.00032791526895170517,0.00043054209846128227,1.2046467126590284e-05,5.596139789568605e-05,0.002244917241866594,0.0017965475727580304,0.00043779750719393406,0.007612290153873345,2.0655360189552878e-07,0.00012002854227550531,0.004556796890144799,2.668923281661413e-07,1.824075274622869e-08,1.2089110966553125e-06
25,0.0005391217951842305,0.0007751678983032902,5.5942201148555775e-06,0.0008234397491026124,7.921650761864972e-07,2.2733234307748738e-06,0.0014247630086167504,0.986839896345555,5.462671221106737e-07,4.305663689284281e-06,0.0008039663220437955,0.00026774232206931584,0.00029379297926913277,6.700131474650507e-06,1.9927308418228006e-05,0.001115510042832148,0.0009713308138305847,0.00036492012059886094,0.0029795454564597126,1.5067981752411095e-07,0.00010155334467612236,0.0026582293550457764,1.260966167098015e-07,8.626540975985078e-09,5.9596411134808e-07
26,0.0016448821355577762,0.0019933350598397123,2.8967395744906774e-05,0.00295694591704044,2.189758942145881e-06,8.462710425538362e-06,0.0019329754054031973,0.9732652584454456,2.3613601525195127e-06,2.3698262805350574e-05,0.0010595239536632494,0.0004342936103245451,0.0006270189512474288,2.0111344405407027e-05,4.89118768602595e-05,0.003241843941365348,0.0027628814967620183,0.0009887844848143728,0.005370945108263595,4.731227161778572e-07,0.00021804569339017047,0.0033652291665850873,8.363676645294085e-07,6.283264183908326e-08,1.961597938560847e-06
27,0.001797157252652805,0.002748042133424768,6.423585197787774e-05,0.0017138572035185042,1.2470414272256084e-06,2.1103263321745203e-06,0.00267602398184723,0.9590148625405991,2.763040058584749e-07,1.2706286014595346e-05,0.0013769543960900363,0.0005054754470098395,0.0008740042352159333,1.7856638852547655e-05,1.7710821278145187e-05,0.005590640694330981,0.01437450948444025,0.0015651368084489239,0.005571894332230829,4.2064384494903907e-07,0.0009207374388642577,0.0011517991495025978,8.858464652481298e-07,4.2481035641008094e-08,1.4126605893529789e-06
28,0.000846922326460004,0.001708155377101632,1.0071567305853567e-05,0.0015918123790347124,1.0346951989871254e-06,4.993309137349604e-06,0.0016911329122276256,0.977140599860127,1.1738552453073383e-06,1.1915383726866017e-05,0.0009104521228113393,0.00038807486872348467,0.0004311123125657662,1.1008177102771368e-05,5.663078574912088e-05,0.0024590485171617103,0.0017807062897063533,0.00041005293482423256,0.005930460552047915,2.245357498706957e-07,0.00012401740449800698,0.0044886225310160136,2.612912714855569e-07,2.0003787387741276e-08,1.4960074189814215e-06
29,0.000846922326460004,0.001708155377101632,1.0071567305853567e-05,0.0015918123790347124,1.0346951989871254e-06,4.993309137349604e-06,0.0016911329122276256,0.977140599860127,1.1738552453073383e-06,1.1915383726866017e-05,0.0009104521228113393,0.00038807486872348467,0.0004311123125657662,1.1008177102771368e-05,5.663078574912088e-05,0.0024590485171617103,0.0017807062897063533,0.00041005293482423256,0.005930460552047915,2.245357498706957e-07,0.00012401740449800698,0.0044886225310160136,2.612912714855569e-07,2.0003787387741276e-08,1.4960074189814215e-06
30,0.000846922326460004,0.001708155377101632,1.0071567305853567e-05,0.0015918123790347124,1.0346951989871254e-06,4.993309137349604e-06,0.0016911329122276256,0.977140599860127,1.1738552453073383e-06,1.1915383726866017e-05,0.0009104521228113393,0.00038807486872348467,0.0004311123125657662,1.1008177102771368e-05,5.663078574912088e-05,0.0024590485171617103,0.0017807062897063533,0.00041005293482423256,0.005930460552047915,2.245357498706957e-07,0.00012401740449800698,0.0044886225310160136,2.612912714855569e-07,2.0003787387741276e-08,1.4960074189814215e-06
31,0.0004584020795479697,0.015153455183382358,3.225075328435955e-06,0.06377934730236433,0.00036480757345637416,0.0008576807861938172,0.06635383133993984,0.15464501981191509,0.0005724776621191289,0.00010344974904290156,0.010853634838962234,0.0032898982319747028,0.00238833169732999,7.668266426758005e-05,0.04950741815736522,0.006140609776866798,0.002787919990442336,0.00027766326955019704,0.5270582681891537,3.5602106799797343e-06,0.0002945016349169068,0.0949263225285334,8.83552669865281e-06,1.9115980476364502e-06,9.274512192031974e-05
32,0.0008091652915703683,0.0016953570734189107,9.364346991635178e-06,0.0016715314449674214,1.0409706258697482e-06,5.212961344277136e-06,0.0017753651540390397,0.9755625716786758,1.1856863022398397e-06,1.2148586011967633e-05,0.0009149559570838455,0.00037469223338999335,0.00043766078060537313,1.0504317711018487e-05,6.175406217454965e-05,0.0025760786785314423,0.0017949200617125834,0.0004225536708293588,0.00708671906867256,2.2559086337802776e-07,0.00013084855224078753,0.004644360299405628,2.7240075134475475e-07,2.0441658881915374e-08,1.4906904217819404e-06
33,0.0010132169055254447,0.00157460411222198,5.875792111738934e-06,0.001510315216450532,7.175498789009519e-07,1.8744140639033559e-06,0.0018244967106473865,0.9768797606415459,4.225087155580498e-07,3.832476951148776e-06,0.0009441807064649696,0.0005167923697656831,0.0005875469641793896,5.5320280918564326e-06,2.623310097512869e-05,0.0020364719317870045,0.0022030853083513818,0.0003944737349621407,0.005573279209368084,1.234450283366672e-07,0.00011117208288738994,0.004785108952009492,1.3197654668673256e-07,1.419004969474188e-08,7.376714202137366e-07
34,0.002478344437795581,0.0011088017409915606,1.2980877457075506e-05,0.0018162236229379806,1.361264772289542e-06,4.624271595406943e-06,0.0020894299767518173,0.9730120138163499,1.3718366495453338e-06,7.652702019302247e-06,0.001464223627148381,0.0003184599177230032,0.0007404259141000114,7.754062706065037e-06,5.564331653929e-05,0.0016408855377402281,0.0014343242568425059,0.0006903861997812806,0.0075778772383761185,1.891929580442814e-07,0.00015132439522688336,0.005384386768005604,2.645756176711751e-07,2.3401965968546648e-08,1.0270479484631578e-06
35,0.000977672373076853,0.0006716244213385634,4.666900753082732e-06,0.0007739010641712548,3.0213278022032576e-07,3.0449970704017454e-06,0.0009122478848776028,0.9846437457205045,5.867531935310691e-07,5.959894402323198e-06,0.0005324953721191991,0.00023636010890551985,0.000272143687430858,3.596382093823802e-06,2.0032045489377118e-05,0.0017388051580303557,0.0008272545805804803,0.00046608193639832295,0.004195097781695745,8.289098144881455e-08,5.1496591982581325e-05,0.0036621954757630835,1.037399125951988e-07,7.76202452040661e-09,4.943444238040183e-07
36,0.0007686793054782013,0.001631402892473038,9.173735389698528e-06,0.0014956545143096926,8.589326077305848e-07,4.597844745037578e-06,0.0015345320631908138,0.9782500685646973,1.0738980374594713e-06,1.1822166542727942e-05,0.0007918581231108933,0.0003607755038801491,0.0004019378322067767,1.0373478295143807e-05,5.302712952512288e-05,0.0024502142232540667,0.001665965934121937,0.0003851938963653187,0.005646346561800107,2.0910773642663497e-07,0.00010917426982680891,0.004415455877013134,2.2982339721684892e-07,1.70938910266653e-08,1.3572281037779355e-06
37,0.0018968262473553683,0.0018206372958040674,2.154285536060762e-05,0.0018797812197579606,1.732636188808681e-06,4.687274015991209e-06,0.0027186655752023015,0.973341196901081,1.5873165861544286e-06,1.1029889077554056e-05,0.0012968647177930273,0.000620650292220348,0.0008399215776678483,1.5519275854048945e-05,4.048821967362321e-05,0.002497783598468245,0.002311528015855549,0.000747039210682067,0.005327767689249738,3.111760571900847e-07,0.00022130727245873235,0.004381015906087464,3.8215979709750856e-07,4.226596837666854e-08,1.6914117366275816e-06
38,0.0009127610828289628,0.0011038045171389134,1.0047552689965919e-05,0.0014375631169846674,6.275306878338402e-07,6.420725539397264e-06,0.0021279484770596042,0.9740956952478206,8.689668665409901e-07,1.176507382684255e-05,0.0006662784109910469,0.00030052982382839055,0.0004760925929272277,5.9078754297600074e-06,5.652635288755277e-05,0.004069995717947577,0.001897564460018804,0.0005126605819431346,0.008306989026992093,2.3603528598619375e-07,0.00012739030767529286,0.0038708877637112313,2.8409428860595884e-07,1.7912010226570886e-08,1.1367526196268504e-06
39,0.0005424364250062825,0.0007428582126695668,6.188402355778652e-06,0.0006782840086199691,4.328125457236585e-07,3.082928420570888e-06,0.0012469529880124303,0.9852254451285621,4.4967181388980815e-07,5.634855278098447e-06,0.0005728891593251923,0.00027677889988123565,0.0002404217563263792,4.871486255473564e-06,2.722892601961456e-05,0.002267819470356003,0.0013466549677623708,0.0002716603872936316,0.003592179467799249,1.2971333619211808e-07,8.966808416681778e-05,0.0028569336384682226,1.381636213213141e-07,8.970868963354982e-09,8.514752349258796e-07
40,0.0014693343801904994,0.002229652359749355,1.6007866966852246e-05,0.0014411643071277293,1.4082742894429152e-06,5.040637800797387e-06,0.001932357739320974,0.973932993000301,1.4264237282162917e-06,1.0704265882709983e-05,0.0013332437761380514,0.000662743372484902,0.0005791861425602494,1.541151188448823e-05,7.361183172387545e-05,0.0024770654861488908,0.0024136098937043242,0.0003412492442657126,0.004349930241019854,2.5947064864723153e-07,0.0001280335411829006,0.006582772508421684,2.4831328259772375e-07,2.503962106477748e-08,2.520371555265082e-06
41,0.0009714001756919985,0.0016635607057171613,9.507041470085731e-06,0.00251376443019821,1.6111468480971094e-06,7.387123391425432e-06,0.0015591374034762326,0.9764145180806533,1.756738569581307e-06,1.3956751991350718e-05,0.0009460515022729181,0.0003836433289344902,0.00037472998001303115,9.989958448971871e-06,9.477229879385314e-05,0.002345078591854024,0.0014891542859820945,0.00036465936941762104,0.005857116744690292,2.2643337426542157e-07,7.833790210566895e-05,0.004897688780376168,2.905775394651744e-07,2.1417202344268803e-08,1.6392309875575783e-06
42,0.0005279507811913468,0.0014663190303645043,4.896934664095901e-06,0.0011874221124115372,5.506788442358781e-07,4.084577102118279e-06,0.0012571854065385464,0.9762720445961518,7.529008647704398e-07,9.539885638975035e-06,0.000624132274328067,0.0002903854995433635,0.0003649621131586654,5.628034134984282e-06,6.106887508244895e-05,0.002733408325533227,0.001436556478861055,0.00021774060593225165,0.007035351618182674,1.584279126565392e-07,6.959675644174333e-05,0.006429067756204055,1.1510564282363358e-07,1.0626399505305e-08,1.0705988705945056e-06
43,0.00046760310712753674,0.0011488656832361122,7.263538402928576e-06,0.0014563076383677697,7.465759376245662e-07,8.644950985049977e-06,0.001266305394992788,0.9788043237169661,1.255207478623986e-06,2.007889700544413e-05,0.0005691002346030641,0.0001791988386335182,0.00029221658640296545,7.86474815245572e-06,6.422550438631875e-05,0.0026869283361210285,0.0011720175498728701,0.00037966178655380396,0.007372545498298534,2.56909600847419e-07,0.00010072723351258034,0.003992472602462744,2.7523592361291537e-07,1.4504200370983546e-08,1.0997207754391198e-06
44,0.000846922326460004,0.001708155377101632,1.0071567305853567e-05,0.0015918123790347124,1.0346951989871254e-06,4.993309137349604e-06,0.0016911329122276256,0.977140599860127,1.1738552453073383e-06,1.1915383726866017e-05,0.0009104521228113393,0.00038807486872348467,0.0004311123125657662,1.1008177102771368e-05,5.663078574912088e-05,0.0024590485171617103,0.0017807062897063533,0.00041005293482423256,0.005930460552047915,2.245357498706957e-07,0.00012401740449800698,0.0044886225310160136,2.612912714855569e-07,2.0003787387741276e-08,1.4960074189814215e-06
45,0.0025518720302200072,0.012441177879074972,0.00013904155669492742,0.0007194882149649792,1.010020994058475e-06,1.8004574128275343e-06,0.0005580163374338816,0.947128273974193,8.02782071705794e-07,5.527270847409014e-05,0.0017656770468417846,0.0006884699968869789,0.000594612832255142,0.0001929554350920536,9.579414981957642e-06,0.003058904770585365,0.020423782159549323,0.0016697870407454932,0.0028894103239521345,3.8870323255734985e-07,0.0015434084579294541,0.0035582297825262287,1.343610091988582e-06,8.917501138795704e-08,6.605288783965747e-06
46,0.0013087076258873564,0.0021816941130700335,7.664669671943912e-06,0.0017676142368278664,7.995878670337948e-07,3.7002523631937665e-06,0.0013439077071975296,0.9713219150136576,3.899718590443671e-07,6.080564330444353e-06,0.0009626214617593943,0.0006241871492617763,0.0004011415357334369,5.118810781723904e-06,5.573111533006495e-05,0.003399134661855887,0.005271127149977674,0.0002555669103075424,0.0048678245155110616,1.2764288764186382e-07,7.81479104507602e-05,0.006135179336534323,2.141768410919801e-07,1.4816942055631355e-08,1.3890630935511112e-06
47,0.001087083325262688,0.0023562800319233083,7.251074941993324e-06,0.000995869755197525,6.064749393612234e-07,3.200261715345251e-06,0.0015558761383788222,0.9733159574409559,8.141309368175646e-07,7.89617014357579e-06,0.0008614841875838995,0.0006039411911726507,0.0005232606142199568,7.455198878364625e-06,5.007783459741912e-05,0.003012899613244267,0.0020653503315915113,0.00024849053123265316,0.005182231401231383,1.495930870431916e-07,7.440106823142185e-05,0.008037665639539017,1.1580888010551429e-07,1.564040507614717e-08,1.6265417096918375e-06
48,0.0016590681765578223,0.0010801796807377896,3.676002452039891e-05,0.0016089048942377446,4.8641307003285104e-06,1.1785291658878884e-05,0.004035204060778614,0.9721940860912877,7.4549627487850045e-06,1.6303348618340545e-05,0.002479194839259731,0.0009358740254928193,0.0008244880641395976,3.1581167155847426e-05,0.00012549315639433275,0.0034956361765057383,0.0011062489250883256,0.0006842792650749048,0.004945984248059553,9.021985189977234e-07,0.0002410236135713845,0.0044678876407420855,5.70176221108057e-07,1.1737939668710581e-07,6.108462532550439e-06
49,0.0009209439628535734,0.001516757350622918,1.217344788399763e-05,0.0013740884584698485,1.0151358841872773e-06,5.094159581413199e-06,0.0014994368582668294,0.9802746602272379,1.1003123645412206e-06,1.1264344857171214e-05,0.000912393954054787,0.0004162119174306133,0.0004180697566276707,1.1310231169399663e-05,4.418540141242588e-05,0.0022875161998949676,0.0017543263346034854,0.00040979604782908957,0.0039583515750841874,2.463421242316118e-07,0.00011371852048532976,0.004055623032557596,2.527360562481005e-07,1.9666713721633675e-08,1.4440259338978988e-06
50,0.0005784080286793483,0.0015572951642561395,7.856362895654808e-06,0.0012595965119459097,7.945654634950143e-07,4.175029441247693e-06,0.001702500371558045,0.9786901302349439,1.1623309882642097e-06,1.284848708324662e-05,0.0006811808227259541,0.00028907137522590716,0.0003969585237567016,1.0903257363760087e-05,4.7700907837722566e-05,0.002060834101315116,0.0012333288664424925,0.00035647228300341745,0.006483931627410612,1.9769400098716615e-07,0.0001176171843007703,0.004505598742085652,1.8736166106154506e-07,1.4062975546814411e-08,1.2361026391293399e-06
51,0.00032066925658677753,0.004223383504486653,3.181368571426003e-06,0.002446848980270758,4.73885961271829e-07,1.466582755198515e-06,0.000457868021393033,0.9790483844014987,5.717412291250643e-07,1.3102634171495923e-05,0.00044145417661974225,0.00019872261486042597,0.00026899520911423565,1.3087178201383368e-05,4.144296853523121e-05,0.0009176729087980424,0.0009281984038616233,0.00021759518681562672,0.0047358395025412356,1.0191204776094122e-07,3.8779953618446276e-05,0.0056814387166730105,7.631794465829804e-08,4.934230606036636e-09,6.396392134085031e-07
52,0.0007517597371904291,0.001408250947498937,8.638264253259293e-06,0.0016042606429593632,7.632322706104087e-07,5.23542915372029e-06,0.0012854151069025275,0.9783602236593393,1.084902668798242e-06,1.4614066122012482e-05,0.0007289862802928295,0.00027262628323281756,0.0003957892338422472,9.192157660578296e-06,5.478662046875492e-05,0.0025060246770725763,0.001418947570845911,0.000459356305997246,0.006380323040897691,2.276877201203119e-07,9.866208507047214e-05,0.00423345913209103,2.3682647335166598e-07,1.6394568750757254e-08,1.119715406916949e-06
53,0.0008588927183445986,0.001770344098673518,1.02835954715505e-05,0.0016407439066681814,1.0337064726368215e-06,4.937722323985705e-06,0.0015795604771310704,0.9769484521792652,1.1561378514588236e-06,1.262968428075683e-05,0.000908435270644582,0.00037517767316102137,0.0004374128749507891,1.1125166307855687e-05,5.6605280971468786e-05,0.0024557951224458,0.0018113531814145459,0.0004143709751653973,0.006011250932245485,2.263981757116312e-07,0.00012358118456037728,0.004564881466403435,2.5916797345587495e-07,2.015199613573132e-08,1.4709271009487735e-06
54,0.0012424096184609932,0.0011612906236793232,9.83252163944063e-06,0.00212183070831886,1.2331975746801602e-06,5.3324060573010095e-06,0.0018528588976155459,0.9768066515539298,9.119334024016841e-07,8.671464888786664e-06,0.0010931788217348776,0.0002584771740046645,0.0005059165268650657,7.319577777176852e-06,3.649809799912927e-05,0.0016605829612255777,0.0019102411260149012,0.0007117977292194308,0.006760621415477673,1.98461782816866e-07,0.00016465201022370334,0.0036783832282012074,3.5906062636431303e-07,1.974545318700719e-08,7.311378272235049e-07
55,0.001112834845667057,0.0016419218569104414,1.1152241408393858e-05,0.0018278948014858085,1.6095718348256512e-06,5.576688403525946e-06,0.0028469332567895808,0.9745696619209668,1.7706061566384995e-06,8.83709691513891e-06,0.0011972539001952349,0.0006916195680998742,0.0005380736304819739,1.2260530209465645e-05,5.8293240475108826e-05,0.0025553244509254826,0.0016817875560247116,0.0004880723159873464,0.005972326182637559,2.3729071772203893e-07,0.000137972260615121,0.00463631458267053,3.054617333115009e-07,3.113018861526973e-08,1.935012499976394e-06
56,0.0008736232848499911,0.0017143917474160577,1.0121747736455849e-05,0.001591334718123714,1.0368968830767465e-06,4.851859068663213e-06,0.001733651849587384,0.9768892486540843,1.1723079486962774e-06,1.1551301412286059e-05,0.0009225523748795132,0.0003974546834544529,0.0004569438028275071,1.1033172440147811e-05,5.507281091200449e-05,0.0024171900127067294,0.0017723501044734269,0.00041580801464627886,0.005953258360050337,2.2753091965916792e-07,0.00012602518448227615,0.004639345791564178,2.56640691607103e-07,2.045793693379572e-08,1.4766909043626966e-06
57,0.0013868800778107267,0.0008430909251907888,1.2191662228009352e-05,0.0021828052051218435,1.5901861622004766e-06,1.2580090190074714e-05,0.0008072506805439177,0.9870904045081131,1.9620462514462714e-06,1.3616167248891323e-05,0.0009255077290323888,0.0002728678933564533,0.00014216585704404677,1.3152296125668554e-05,6.375038876932528e-05,0.0010827694556815465,0.0012182430370398466,0.0004670851720261639,0.0011146237664116925,2.2264141657179066e-07,3.7694875020335684e-05,0.00230765865903031,6.122814699546035e-07,1.4555615576686652e-08,1.259843099278714e-06
58,0.0009933024506945628,0.001904627148257747,1.2187863105940645e-05,0.0019139254959810764,1.4451900436167593e-06,5.964410990339302e-06,0.0021636990650261067,0.9732611863472801,1.5397093759886612e-06,1.3051760475831568e-05,0.0011151829939149884,0.000482108950655633,0.0005554942666798445,1.2918904527286345e-05,6.568097751415104e-05,0.002809943729903373,0.00200192403627138,0.0004904570604838998,0.00712609980597261,2.908878398308231e-07,0.0001619993361011492,0.0049047423155397195,3.441420780439237e-07,3.1487866785306984e-08,1.851663420113994e-06
59,0.0009422231505822696,0.0019171127434946483,1.3367998024363288e-05,0.0017745140179505224,1.3013394746576042e-06,5.822395061070516e-06,0.0018922817292923429,0.9751173715621182,1.4318492505041537e-06,1.4469563823453083e-05,0.0010113978354386137,0.0004406902808018101,0.0005166752177835674,1.3267166196617305e-05,6.0432140493891186e-05,0.0028487292622720196,0.002023309999901765,0.0004660344643739897,0.0062525666354791565,2.9406020411971315e-07,0.00015654627143677613,0.00452798968405125,3.30707676883565e-07,2.9157794477391858e-08,1.8107670230198964e-06
60,0.000846922326460004,0.001708155377101632,1.0071567305853567e-05,0.0015918123790347124,1.0346951989871254e-06,4.993309137349604e-06,0.0016911329122276256,0.977140599860127,1.1738552453073383e-06,1.1915383726866017e-05,0.0009104521228113393,0.00038807486872348467,0.0004311123125657662,1.1008177102771368e-05,5.663078574912088e-05,0.0024590485171617103,0.0017807062897063533,0.00041005293482423256,0.005930460552047915,2.245357498706957e-07,0.00012401740449800698,0.0044886225310160136,2.612912714855569e-07,2.0003787387741276e-08,1.4960074189814215e-06
61,0.0009947133042922432,0.0018137342570955458,1.3982225493703128e-05,0.0017332954329399648,1.326216672866075e-06,5.750282674935479e-06,0.0018793446450868082,0.9758859628609264,1.4844375362235321e-06,1.4250124873336647e-05,0.0010277913813591855,0.00043902569219328945,0.0005127296954438374,1.3508777113651163e-05,5.684982857697505e-05,0.0026954436043906296,0.0019318019027490209,0.00048686139532617105,0.005967845476869676,2.879420784475805e-07,0.00015814237126007848,0.004363722726859925,3.3380727731803347e-07,2.9757578969377624e-08,1.7818533306037856e-06
62,0.000846922326460004,0.001708155377101632,1.0071567305853567e-05,0.0015918123790347124,1.0346951989871254e-06,4.993309137349604e-06,0.0016911329122276256,0.977140599860127,1.1738552453073383e-06,1.1915383726866017e-05,0.0009104521228113393,0.00038807486872348467,0.0004311123125657662,1.1008177102771368e-05,5.663078574912088e-05,0.0024590485171617103,0.0017807062897063533,0.00041005293482423256,0.005930460552047915,2.245357498706957e-07,0.00012401740449800698,0.0044886225310160136,2.612912714855569e-07,2.0003787387741276e-08,1.4960074189814215e-06
63,0.0008053164055680076,0.001946922406347487,9.563246598569684e-06,0.0016217133951825066,1.011128720613224e-06,4.779485583888111e-06,0.0016133250281865218,0.9763062607790104,1.1425054618911414e-06,1.2429461179872862e-05,0.0008947319546286435,0.00039607015020437324,0.00042662293136804707,1.1344282482487414e-05,5.813598659073531e-05,0.0025051263616203755,0.0018789582744975948,0.00038998935316794566,0.006226163760230555,2.1843128964160964e-07,0.00012233693754626026,0.0047660159324375,2.538721239323318e-07,1.9882064028664e-08,1.5480479080619708e-06
64,0.0008729877028694974,0.0017322363347381897,1.1549233109246775e-05,0.001483027391497797,1.1239564014352499e-06,4.695404536168387e-06,0.0019150497078294982,0.9761712219609927,1.130721831067049e-06,1.1675324807132775e-05,0.0009952410927110784,0.00039172574896522236,0.00047944335237544043,1.219742134995781e-05,5.042807725885892e-05,0.002459580126919005,0.0019962316574637503,0.0004652445488834446,0.006477158123400732,2.416384634236241e-07,0.00017547096971315732,0.004290494691037381,2.9201391924032544e-07,2.2524048726984125e-08,1.5302748781216798e-06
65,0.0009983176369960942,0.00114713002466077,6.752130911174128e-06,0.0022852810029966512,1.2193937275273084e-06,7.992605512082966e-06,0.002308478134372767,0.9711086782116954,8.679288979897528e-07,8.229312805831798e-06,0.0011142509122383697,0.0003302033317828753,0.0003790513045739302,5.037795894514235e-06,7.767664055601769e-05,0.0028436228987536727,0.0023102809855369082,0.0005290972455169744,0.010299251844049121,1.783734226862153e-07,0.0001251647447809288,0.0041117160162178115,3.896900940751021e-07,1.7886001933101863e-08,1.1139480038006238e-06
66,0.0008390895145489631,0.0026084962764593767,8.429224902715271e-06,0.0025102930617493667,1.4715160347531848e-06,8.967181083673192e-06,0.0019360409775712752,0.9677604321089448,1.738341914058914e-06,1.587191323679041e-05,0.0011564567355420497,0.0004942720329772544,0.0003555969360694061,1.3835781965659277e-05,0.0001161783034342786,0.003024209665498723,0.0027115479524014736,0.0004203096895031401,0.009956898949784413,2.2289705807807723e-07,0.00014234605444800373,0.0059142040605903844,5.262286616517097e-07,2.868943432079548e-08,2.5359061851783238e-06
67,0.0006954335164715542,0.0021234281092070303,4.353783438995587e-06,0.0014442729087552222,1.21420757602783e-06,4.875504545913766e-06,0.0020660484399181852,0.971182591099306,1.7975712695286915e-06,8.456268452339878e-06,0.0010423545784008562,0.0005555935706870394,0.0003694326243951368,9.37574674445777e-06,9.766150733403855e-05,0.0021287932137449136,0.0011961178965805743,0.0002298418850543306,0.00790957914654627,1.3783806688415781e-07,6.890673233260333e-05,0.008857648903901373,1.3059129720361108e-07,1.5199091287692383e-08,1.9391568821053735e-06
68,0.0013125851753168585,0.003783713094726446,0.00011719562739831606,0.004786160295380852,7.607832550301289e-06,1.778343624852518e-05,0.004776158852867054,0.963787387064744,1.652480697524788e-05,7.855256970375207e-05,0.001367495735510776,0.0014592662486277962,0.0011089815520027757,0.00016930848877473484,0.0001265677416229794,0.005632094504620938,0.002559552134910183,0.0010658760555940943,0.0037850764613148995,2.4834503690602934e-06,0.0003355317925938012,0.0036880028406141244,2.1783837568099318e-06,2.8273752256930954e-07,1.3633116253356076e-05
69,0.000582934948762647,0.0010064110438066107,1.5254899255900562e-05,0.0009325349894491772,7.001987200973151e-07,3.908899654986496e-06,0.0013780274105121815,0.9846460435004056,9.937850460835006e-07,1.4129770807320154e-05,0.0006408288800633171,0.000256065637326659,0.0003640617888815602,1.5020155923661229e-05,2.6135602575834664e-05,0.0021435314366296983,0.0012349674653131194,0.0005625382158990243,0.0036762013384725053,3.1111058656519353e-07,0.00017958165124023684,0.002318322242919969,2.8137319503096555e-07,1.839004459565414e-08,1.1952645076566766e-06
70,0.0010664705663672386,0.0016992682772171942,1.3140016276410164e-05,0.0026128470480958716,2.2233415797230202e-06,5.786069909206681e-06,0.002277498547651777,0.9776993191995688,1.924741877534755e-06,1.0576160746739189e-05,0.0011586818854728191,0.0004390479854977334,0.0005098080551064065,1.564106400334268e-05,6.492848207242365e-05,0.0015523659239407997,0.0015237274330692605,0.0004382243228738863,0.004507657341968946,2.7223096676195935e-07,0.00012999066280313038,0.004268675147401769,3.477577697579245e-07,2.4909455578605133e-08,1.5528283069257176e-06
71,0.0004291632728934502,0.0017034014004952565,1.3219680980067698e-05,0.0012562111305354337,1.6877014132873745e-06,4.1142885063935274e-06,0.002346740035867428,0.9807025009574516,2.2094931397649732e-06,1.6300504792814858e-05,0.0007091575264123987,0.00036194682753470014,0.0003999731983956032,2.6463079631342594e-05,3.514169405588861e-05,0.002339763892753349,0.0012369570328706675,0.0005578279395996599,0.004709999986851288,4.2359479220697056e-07,0.0002224039077918488,0.0029221563423684643,3.346598906740877e-07,2.8923565263294956e-08,1.8729274110226995e-06
