,0,1,2,3,4,5,6,7,8,9,10,11,12,13,14,15,16,17,18,19,20,21,22,23,24
0,0.00011235933841633413,4.0051537530520455e-07,0.0014631818234535742,0.010053303843673787,6.962496454255461e-05,0.000846620743676594,0.01641032159346156,0.9526980320643754,7.149417857416742e-05,9.48174579068899e-06,4.4258434520601255e-06,3.4587129720650383e-07,0.005341012207476093,4.1089974524512674e-06,9.954472960445587e-05,0.0019567801141921553,0.00011754904375021756,9.993178773649276e-06,0.002786885912419844,0.0026905255532763107,0.00025086185970233976,3.02479726461754e-05,0.004970848842531656,3.068631696738549e-07,1.742198915867145e-06
1,0.00010134753132903751,3.7614141494152903e-07,0.0012917482918402166,0.007572024876371876,6.696023127107997e-05,0.0009004442178222429,0.016166618883652218,0.9547978394701899,7.23865236086956e-05,1.0502359621298522e-05,3.667595199556657e-06,3.3728494658121803e-07,0.005708381811737685,3.270548426448787e-06,8.050385552333219e-05,0.0026405770544312857,0.00010457173281277471,8.6257459019308e-06,0.003467564459987164,0.0028902382630047524,0.0001958930887367109,2.861709911293299e-05,0.0038859231799298075,2.448943354218823e-07,1.3348587919824204e-06
2,0.00018936823341688996,3.5731090655674616e-06,0.0034654849112975166,0.07425333334235162,9.32592402077998e-05,0.008586348871404234,0.026173120675464328,0.7953980077364712,3.296321818796316e-05,3.959992164186138e-06,4.4193714638924286e-05,5.209705675272907e-06,0.07233455995776607,6.570935987411721e-06,0.00011169597205657496,0.010911029731869817,0.0016442726362133199,2.185890428175022e-05,0.002337530757350024,0.0003250334544292323,0.0007316788768452281,7.153634353332623e-06,0.0033190737626877637,3.4657623197048176e-07,3.720495818679487e-07
3,0.0001021005140315664,3.926860981003115e-07,0.001417311284237136,0.00882703115495266,6.584970289423397e-05,0.001002932417616706,0.017865837875445142,0.9507123816848174,6.747190652064603e-05,1.0160984192141609e-05,4.216565107015204e-06,3.6872256153632226e-07,0.005661219592480068,4.164870788247919e-06,0.00010150341537853235,0.0021971459165244654,0.00011555203818712398,9.873385783734983e-06,0.0031560412873566763,0.003291961608891359,0.0002616395090275799,3.3344230652718e-05,0.005089472615278578,2.9398131517165403e-07,1.7320498613497946e-06
4,0.00010257475668611294,4.539457431607915e-07,0.001365832466571802,0.009383412174105299,7.001768660049524e-05,0.001031942732857384,0.01765115233615433,0.9488962394100366,7.141578003754898e-05,9.872224764034798e-06,4.698386587352993e-06,4.4680185104477966e-07,0.006871935774388755,4.556629391098506e-06,9.4380414672697e-05,0.0022470641202183873,0.00012926538654563105,1.0389383282403713e-05,0.0031778718399796116,0.0032437910454274307,0.00027165535995929885,3.286303677744652e-05,0.005326134329886439,2.8889727432360837e-07,1.7450802011676457e-06
5,0.00011453183118348217,3.169263627223506e-07,0.0013951417075180824,0.009622325394914817,5.8328273465505416e-05,0.0008611524160434759,0.017729082319226718,0.950534833953528,6.87851496575346e-05,1.179733952426275e-05,3.891919655305307e-06,3.5500105257488115e-07,0.005178255592738373,4.514892518669235e-06,8.658097060030804e-05,0.0021468488465186454,0.00012452951451409508,1.3382279515171317e-05,0.0025904102893890327,0.003965461138006001,0.00025072125907928626,3.509222737918255e-05,0.0052012646853514055,3.6905484259062975e-07,2.027017414779177e-06
6,0.0001021005140315664,3.926860981003115e-07,0.001417311284237136,0.00882703115495266,6.584970289423397e-05,0.001002932417616706,0.017865837875445142,0.9507123816848174,6.747190652064603e-05,1.0160984192141609e-05,4.216565107015204e-06,3.6872256153632226e-07,0.005661219592480068,4.164870788247919e-06,0.00010150341537853235,0.0021971459165244654,0.00011555203818712398,9.873385783734983e-06,0.0031560412873566763,0.003291961608891359,0.0002616395090275799,3.3344230652718e-05,0.005089472615278578,2.9398131517165403e-07,1.7320498613497946e-06
7,0.00011452457191517921,4.504199835988266e-07,0.0012888924078798157,0.014309781629586175,0.00010793327609696055,0.0020640814486379837,0.031158129948433165,0.9135698698136355,0.00014188248363635082,2.2615511060905153e-05,6.085395671161256e-06,5.22478224976876e-07,0.004454027517101875,1.1917732124356544e-05,0.00021906146668361753,0.0046512544502076755,0.00018888218125450804,1.8399179000920482e-05,0.0034515168979744756,0.007381231947548789,0.0004737627744465564,6.516937385412147e-05,0.016293386336424003,6.415387019878017e-07,5.979219915194821e-06
8,0.00013750480364782902,3.504306424339807e-07,0.002068755399942856,0.012950557858704564,7.548049562703151e-05,0.0009095478666277794,0.018454865161343283,0.944764967207234,9.63851727034425e-05,1.7530605069029114e-05,5.1713806637782615e-06,2.6418922757359026e-07,0.0037963979103827245,6.757393002001564e-06,0.00016569188535212452,0.0018615818837007705,0.00011899308453050242,1.3704744069168187e-05,0.002526517410655948,0.00453353836522878,0.0003076196148313395,5.119760108080991e-05,0.007132512428249813,7.783447600526109e-07,3.328762722441656e-06
9,0.00010860938775660512,2.742971770865711e-07,0.0020564608610951158,0.011688205290429198,5.9671474795220506e-05,0.0008769774056052387,0.011834733679308719,0.9545248856487974,6.960926210692509e-05,1.3285624180887926e-05,4.580366056293496e-06,2.5069315391973175e-07,0.004725077468268656,4.943329528243294e-06,0.00010447526659533293,0.0018689614176743933,0.00012386359797822544,9.842845202878294e-06,0.002414188087122298,0.0040196960991488615,0.00024730871643921537,3.8823413924834937e-05,0.00520320860388079,5.750213870700526e-07,1.4921423865119237e-06
10,0.0001021005140315664,3.926860981003115e-07,0.001417311284237136,0.00882703115495266,6.584970289423397e-05,0.001002932417616706,0.017865837875445142,0.9507123816848174,6.747190652064603e-05,1.0160984192141609e-05,4.216565107015204e-06,3.6872256153632226e-07,0.005661219592480068,4.164870788247919e-06,0.00010150341537853235,0.0021971459165244654,0.00011555203818712398,9.873385783734983e-06,0.0031560412873566763,0.003291961608891359,0.0002616395090275799,3.3344230652718e-05,0.005089472615278578,2.9398131517165403e-07,1.7320498613497946e-06
11,9.769821598855435e-05,3.9996930008191963e-07,0.001351907114967864,0.008414365951138715,6.201113491272117e-05,0.000967251938622288,0.017104192019655354,0.9523256972094475,6.472409554300454e-05,9.470542981925185e-06,4.0819211522966025e-06,3.824691525608058e-07,0.006039797518213128,3.918190593644923e-06,9.305168176371231e-05,0.0021478630764172465,0.0001181532751000964,9.365376843181395e-06,0.003126868225796125,0.0030690245638918456,0.00024598450973142583,3.216012476282457e-05,0.004709787671621502,2.681850435051676e-07,1.5750173590771627e-06
12,0.0001917658247969397,9.129820722607163e-07,0.002264267433621736,0.014283904714213754,0.00020508961263498207,0.0020467588185404096,0.029939403595866554,0.9106259199657825,0.00012676033979489468,1.729438179077909e-05,8.205051955876278e-06,9.352391123793189e-07,0.008384105629786552,1.2885346388083616e-05,0.0001636944560300704,0.0033942795921631107,0.00016644274520806384,2.8818472368580423e-05,0.004865477020242276,0.00814664254048454,0.0005844764827595738,4.8624256133999346e-05,0.014486026385241315,5.364626311520007e-07,6.772650379843301e-06
13,9.916143401772827e-05,3.6013808023914844e-07,0.0014094547801118513,0.00788449454329006,6.0419741843861716e-05,0.0010112393206495784,0.018642392793869384,0.9518410864295961,6.523987646317862e-05,1.1102374614071922e-05,3.360549694691756e-06,3.391293042049603e-07,0.0049836285728182515,3.992572065340367e-06,9.430216635558121e-05,0.002195008669149965,0.00010903071913894527,1.0248622313934894e-05,0.0031368222856341128,0.003592668412001138,0.00024352708325751978,3.537742836044506e-05,0.004564633041167625,2.741959800096009e-07,1.835120222202406e-06
14,0.00010357113513924679,4.1424552795066454e-07,0.001429151158080389,0.008702111013541883,6.797948981835735e-05,0.0010423223928976474,0.01812051176379749,0.9500328199075777,6.65743637717952e-05,1.0116782108956394e-05,4.347969223737434e-06,3.875701728485285e-07,0.005916255863879522,4.192902506399105e-06,0.00010215609783707838,0.002252453556914817,0.00011502734594141054,9.894745850321751e-06,0.0033434346229155995,0.003293713632892378,0.0002684349479622694,3.311398720769924e-05,0.005079014520689802,2.86237107660265e-07,1.7137466371948505e-06
15,0.0001021005140315664,3.926860981003115e-07,0.001417311284237136,0.00882703115495266,6.584970289423397e-05,0.001002932417616706,0.017865837875445142,0.9507123816848174,6.747190652064603e-05,1.0160984192141609e-05,4.216565107015204e-06,3.6872256153632226e-07,0.005661219592480068,4.164870788247919e-06,0.00010150341537853235,0.0021971459165244654,0.00011555203818712398,9.873385783734983e-06,0.0031560412873566763,0.003291961608891359,0.0002616395090275799,3.3344230652718e-05,0.005089472615278578,2.9398131517165403e-07,1.7320498613497946e-06
16,0.00010579720716440122,3.7750825764058124e-07,0.0013424335046104603,0.00956593336440181,6.581884110248524e-05,0.0010265826023558092,0.020311293681974398,0.9468024018117478,6.389883555273272e-05,1.2194868752253686e-05,4.319749725218006e-06,4.1565633641821654e-07,0.005362907270887308,4.846503974963896e-06,0.00010506865116648425,0.002388337665175042,0.00012059245130815609,1.2457616087760055e-05,0.0030043184809657314,0.0038483961378111245,0.00033020492008762844,3.6870697263713386e-05,0.00548213821396268,3.201210812144707e-07,2.073638247033358e-06
17,0.00011105631663396018,3.487512870913971e-07,0.0010507248796545723,0.007833978577495711,5.5423274207110815e-05,0.0006881996865773181,0.016214094549200322,0.9538769434062391,5.834172736530068e-05,8.26316339807715e-06,3.4313108973963476e-06,4.681766982077265e-07,0.005795316081245281,4.590348853213524e-06,6.483426182374351e-05,0.0017092626957078939,0.00012457255327575243,1.4660475316823566e-05,0.0025984025178046187,0.003711386686751083,0.00025619667767449387,3.2071885903900536e-05,0.0057849737685061586,2.3614534035757386e-07,2.2220821423606024e-06
18,0.0001218976672310261,4.328575542147297e-07,0.001123446866350452,0.009010290465225666,5.903084509116717e-05,0.0011378580291941524,0.022211259719614723,0.9429777851646187,8.93599528274241e-05,1.2946094130781267e-05,4.175870059104585e-06,4.802475398495777e-07,0.005508194806980029,6.194674984230428e-06,0.00010213222922457468,0.0023598640940209856,0.00016815002542265483,1.6264671172355807e-05,0.0028777239608224463,0.004524507607798729,0.00027623814211088864,4.4807226617380284e-05,0.007363271402594057,3.632529480783897e-07,3.32412586629078e-06
19,8.412095653750802e-05,3.538985357017854e-07,0.0013122825376601368,0.007856800405774531,6.0031911584715084e-05,0.0007118923953021539,0.015081471269267803,0.9576521091898016,5.7437461630041355e-05,7.798059553575301e-06,3.3481066135410803e-06,3.576897907865617e-07,0.005997123523798548,3.14114141812085e-06,7.160041843804836e-05,0.0017264233135141722,9.628370416002154e-05,8.07762909104462e-06,0.0028266977350992753,0.002657720147914455,0.00021647865294980017,2.8076698591278718e-05,0.003538937753567819,2.0755913739053858e-07,1.2278402680975198e-06
20,6.48167248462337e-05,3.2786271707943426e-07,0.0013069171568572868,0.008384642158044896,5.497458778334532e-05,0.0009178752971198716,0.0184031937038583,0.9531894080904127,5.388995322774438e-05,8.441666262234412e-06,4.350746991124088e-06,2.812344934299366e-07,0.004478890991174576,3.506761604246078e-06,0.0001580340440270321,0.0017279372587114704,9.068791076583102e-05,5.575029878808362e-06,0.0029410297719367124,0.002711233359917825,0.00031751507669078657,3.954435994984273e-05,0.005135272233003546,2.723672791062562e-07,1.381652446064077e-06
21,0.000145125046765105,5.220598209569391e-07,0.0016904147204007483,0.011076621756607665,0.00010413318905308177,0.001042702337709661,0.01830547944080432,0.9436836211234696,7.182949332397971e-05,1.406933704684996e-05,5.98683828004785e-06,5.690745208714218e-07,0.006778977925556036,5.992641680198421e-06,0.00010077127853142,0.0026599018637171665,0.00012298884439535543,1.598085700917119e-05,0.0037399557815354337,0.004211824603661916,0.00040081267266555527,3.5790089766903256e-05,0.005783321984048475,3.7694139899001394e-07,2.230098230358502e-06
22,0.00011150290416449435,3.099937536342693e-07,0.001531639288763831,0.010780194340553032,5.3921670058533704e-05,0.000886226556559807,0.014577791577688046,0.9540607485728395,5.521763976206053e-05,1.1211048190608452e-05,4.595415019699126e-06,3.5032572028319104e-07,0.005154589085897973,4.1289179140480665e-06,9.327624523146895e-05,0.002150668324862022,0.00014133710040098286,1.1128901233411688e-05,0.0025131814592835987,0.003108776438008714,0.00028277386492613315,3.24320642488378e-05,0.004432260799905592,3.674852447284881e-07,1.3699797689559325e-06
23,0.0001021005140315664,3.926860981003115e-07,0.001417311284237136,0.00882703115495266,6.584970289423397e-05,0.001002932417616706,0.017865837875445142,0.9507123816848174,6.747190652064603e-05,1.0160984192141609e-05,4.216565107015204e-06,3.6872256153632226e-07,0.005661219592480068,4.164870788247919e-06,0.00010150341537853235,0.0021971459165244654,0.00011555203818712398,9.873385783734983e-06,0.0031560412873566763,0.003291961608891359,0.0002616395090275799,3.3344230652718e-05,0.005089472615278578,2.9398131517165403e-07,1.7320498613497946e-06
24,9.741216722800685e-05,4.2104034929027513e-07,0.0013726829003295044,0.010544316892777376,8.845595822670018e-05,0.0009130878994551879,0.01622388604196222,0.9479478927532176,7.519226356312741e-05,1.0468300852699702e-05,4.7032385960769444e-06,4.65639686692968e-07,0.007263695678476036,5.016521391122602e-06,8.389357271983727e-05,0.0025892977529082275,0.00011694269572686412,1.0723293284076602e-05,0.0032033664335061477,0.003491926648795079,0.0002755332721674863,3.107782666034867e-05,0.005647501586684819,2.8955594510676656e-07,1.7500654903341047e-06
25,7.624911225378097e-05,1.9004311698141375e-07,0.0009935383929008013,0.007278081768541416,4.098725228448864e-05,0.0003837160713077779,0.011779834437537641,0.9659499420486547,3.666821103540412e-05,5.950386577070022e-06,3.1056023748521654e-06,2.1864892151905384e-07,0.004683491712573384,1.928812998992441e-06,5.958219141340542e-05,0.0014841850357324162,6.914789471705994e-05,6.1314486800162815e-06,0.002216019997485068,0.0018807710509781334,0.00018182897861383134,1.9870758722671758e-05,0.002847666821497493,1.7894876242600758e-07,7.143723183122358e-07
26,0.00013430434050736392,4.0780355241106626e-07,0.0015822022432723216,0.00987776948570638,6.982786293310562e-05,0.0010195576417708417,0.015731693584950128,0.9494090810063425,0.00010135374339886696,9.546824213933704e-06,5.15969337398687e-06,3.313226026605972e-07,0.005784424592024497,4.499094420382405e-06,0.00010653984751105003,0.0020891772603347032,0.0001450292298373004,1.1241368519096755e-05,0.002782729557990575,0.00358800228578848,0.00020410211480130844,3.3851131112680715e-05,0.007306574096302338,4.7136568646607314e-07,2.1225030467704555e-06
27,8.824547731199296e-05,3.614879295832752e-07,0.0012439915855962768,0.008581583279361496,6.111158054291892e-05,0.0010599875582659349,0.020511083657240973,0.9476604372956212,8.934030129168688e-05,1.2271219182895348e-05,4.07916630969265e-06,3.198465168259687e-07,0.004847782697344304,4.681865262166799e-06,0.00012741763755904224,0.002230391823610963,0.0001191108848839159,9.031657746856311e-06,0.002993181412944417,0.003938497956779959,0.0002467017053651865,4.436449425599301e-05,0.006123458983395929,3.5210016701465855e-07,2.214325512457012e-06
28,0.0001021005140315664,3.926860981003115e-07,0.001417311284237136,0.00882703115495266,6.584970289423397e-05,0.001002932417616706,0.017865837875445142,0.9507123816848174,6.747190652064603e-05,1.0160984192141609e-05,4.216565107015204e-06,3.6872256153632226e-07,0.005661219592480068,4.164870788247919e-06,0.00010150341537853235,0.0021971459165244654,0.00011555203818712398,9.873385783734983e-06,0.0031560412873566763,0.003291961608891359,0.0002616395090275799,3.3344230652718e-05,0.005089472615278578,2.9398131517165403e-07,1.7320498613497946e-06
29,0.0001021005140315664,3.926860981003115e-07,0.001417311284237136,0.00882703115495266,6.584970289423397e-05,0.001002932417616706,0.017865837875445142,0.9507123816848174,6.747190652064603e-05,1.0160984192141609e-05,4.216565107015204e-06,3.6872256153632226e-07,0.005661219592480068,4.164870788247919e-06,0.00010150341537853235,0.0021971459165244654,0.00011555203818712398,9.873385783734983e-06,0.0031560412873566763,0.003291961608891359,0.0002616395090275799,3.3344230652718e-05,0.005089472615278578,2.9398131517165403e-07,1.7320498613497946e-06
30,0.0001021005140315664,3.926860981003115e-07,0.001417311284237136,0.00882703115495266,6.584970289423397e-05,0.001002932417616706,0.017865837875445142,0.9507123816848174,6.747190652064603e-05,1.0160984192141609e-05,4.216565107015204e-06,3.6872256153632226e-07,0.005661219592480068,4.164870788247919e-06,0.00010150341537853235,0.0021971459165244654,0.00011555203818712398,9.873385783734983e-06,0.0031560412873566763,0.003291961608891359,0.0002616395090275799,3.3344230652718e-05,0.005089472615278578,2.9398131517165403e-07,1.7320498613497946e-06
31,6.592959982424382e-05,3.6445475125445325e-06,0.0017131294124912027,0.08386056801293047,0.0004283682176754472,0.06414586505365043,0.14909834582175108,0.5053726021834652,0.0013033613841080256,0.00014013624853901263,0.00011507944189939945,1.6218799623815242e-06,0.011152497203784705,0.00013382851221237617,0.005662844193757963,0.03258881076518534,0.001111017860767342,1.08836249659665e-05,0.005435568186757752,0.01211704807386483,0.0026403756660304672,0.0002682636885621797,0.12260747549055416,6.139124363014769e-06,1.6595805384542463e-05
32,0.00010070298347896572,3.97864490220056e-07,0.0013953055816093218,0.007971720505418639,6.640725507479228e-05,0.0009871860960049864,0.017558482513714863,0.9516943668646421,6.331693259367849e-05,9.660688581980633e-06,4.119366420018003e-06,3.7926141559476845e-07,0.00566869845891528,4.005038112380369e-06,0.00010100350949965095,0.0021636609444129038,0.00010861737038334099,9.44307474403023e-06,0.003510316481461764,0.003312034808313663,0.0002599082821969164,3.380818096628798e-05,0.004974499603710802,2.689214946686282e-07,1.6894123430780065e-06
33,8.985986370573665e-05,3.2165728243896505e-07,0.0009422174178041196,0.007491459350588769,3.836541721661325e-05,0.0008300504094081887,0.014887589000182177,0.9574946015968214,5.8739194518702674e-05,8.703841758690479e-06,2.98575391555606e-06,4.092386807617699e-07,0.006912426601026217,3.3600550322609473e-06,5.211791888652026e-05,0.002251921693722956,0.00014968990743602505,1.0027041367473856e-05,0.002539590785364556,0.002677385691008047,0.00016072005602351175,2.720724265585334e-05,0.0033689161393301377,1.9898865637362232e-07,1.1351376067205794e-06
34,0.00017788367978315435,5.627400946548641e-07,0.001523478709535062,0.006269718822568792,9.526777103919624e-05,0.0005832137949209816,0.011932713441955775,0.958965588883107,7.592145702956554e-05,6.854577432869156e-06,5.391038947911787e-06,3.64409521745096e-07,0.0063913940698134145,3.4073144025818755e-06,8.312294118105213e-05,0.0013383176482961476,7.834526205200173e-05,8.892313920890451e-06,0.005246445157207734,0.002367449028234586,0.00019183534004134478,2.7089602695575926e-05,0.004624807642256406,2.6461549691248145e-07,1.6697384648879693e-06
35,0.00014553279952203707,2.147619617543547e-07,0.0007144499633869929,0.004208552180669275,2.7232953644445014e-05,0.0002442869493134555,0.009817124369961077,0.9746871068886764,4.107022002474326e-05,5.671919523075162e-06,1.5677906955287384e-06,2.436400433279921e-07,0.0039062292099760077,1.3602646419609397e-06,2.313600858347664e-05,0.001184634970315981,8.00902878272313e-05,1.16104985499555e-05,0.0019476713686767974,0.0014211346988416845,8.348186272812563e-05,1.5517512932908113e-05,0.00143110454316258,1.1668579500549098e-07,8.576505461967522e-07
36,0.00023896117027804963,1.0202295460267188e-06,0.005522751043147492,0.015886169958028187,0.00030830681381277926,0.001701877386697348,0.02599542293411658,0.9173097745891582,7.695214567814224e-05,2.162935539585173e-05,1.2538912579073033e-05,5.872300642536773e-07,0.006533165590832684,1.023022536065431e-05,0.0002895441695736276,0.0020646302467176923,7.665441204627053e-05,2.0062056927489427e-05,0.006975785089325736,0.00699037725458003,0.001103027631838239,5.06097544935471e-05,0.008804571591818357,8.152030409882029e-07,4.53500494271675e-06
37,0.00016299577498689658,3.119889056755131e-07,0.001889632673596407,0.01077660587048295,6.0242547651667413e-05,0.0006854183739769935,0.014491689593858846,0.9539315333670919,5.789255130944512e-05,1.0799986725097613e-05,4.90681560826577e-06,3.2537826140189623e-07,0.005187281853299747,4.095615172363793e-06,8.715811663590496e-05,0.0017591736767516776,0.00011826101739479323,1.4701365798217663e-05,0.0027154202193613686,0.0033330673457683674,0.0002432419002570433,2.9898524353897803e-05,0.004433169823495814,4.858679707895569e-07,1.6897512842031841e-06
38,7.752138843189031e-05,3.579382835684203e-07,0.0012018051193685804,0.0070750429265570985,4.879767891583983e-05,0.00152772404540716,0.02163858831532822,0.9459054703397645,4.3608262094858817e-05,8.35048907902242e-06,4.2755821034172e-06,3.727836072428898e-07,0.006572771595775351,3.0804019614885394e-06,0.00011900496366309356,0.003366553755324342,0.00011542589758046476,7.067282330730841e-06,0.004038979980538173,0.002957262973903046,0.00027131956806276584,2.8344650344252225e-05,0.004986955118533283,2.1438778621883617e-07,1.1045552551956487e-06
39,0.002953132733070201,1.8350614936661025e-05,0.04160560649882919,0.08156413727785951,0.0041119411787545,0.0059909797564370315,0.039652184067055146,0.7237205821101629,0.0017231808782548063,0.0002076429190077594,0.00035490212673632845,3.929741759918564e-06,0.0385432617045493,0.00025251460889004175,0.0011492119572915794,0.005032002835629105,0.0004950076350950213,0.00015530523111373203,0.020021432716381547,0.015790606085428354,0.0011050157908605936,0.00025217086937429447,0.015246398282910295,2.9411823425825074e-05,2.1090556186370017e-05
40,0.00013756287030823402,8.7640706331831e-07,0.003711774287487023,0.010187041901330482,0.00015248146306610482,0.0018374160992139983,0.017919172036032736,0.939628103609828,7.678588279263168e-05,1.2552713467013933e-05,6.41555800575568e-06,6.599070110737297e-07,0.007235179881975838,7.148503696214179e-06,0.0001773875932021514,0.0020134242331879795,0.00011917039401762162,1.2007314839269788e-05,0.005901549296502301,0.004899551319161539,0.00043615904182801684,5.025628373665622e-05,0.0054744471156841805,4.1678607183205624e-07,2.459500490087817e-06
41,9.786019031953058e-05,7.81148007745768e-07,0.0020056794839390484,0.011350993748266276,0.00011218596773147399,0.001403128559831442,0.013499735685049757,0.9513398272946187,0.00012224680673534515,1.1078775545403688e-05,4.475026580749653e-06,3.908303651297024e-07,0.008292938913563128,3.9218429563852965e-06,8.085274662800156e-05,0.0028027830426585235,0.00014116089891797972,6.864493209809203e-06,0.002869778141737149,0.0020488879501653393,0.00019980814139299098,2.4492091639005885e-05,0.0035787353014464602,2.5174672022832236e-07,1.1411719745820276e-06
42,4.097386480360774e-05,1.781778056277992e-07,0.000935130925532693,0.0035372745558867064,2.8012450857438896e-05,0.0004006607005025877,0.008412533522780126,0.9757881405868074,2.4225992096029494e-05,4.527594588888853e-06,1.6099094014031855e-06,1.8549734605097123e-07,0.003489962772947717,1.2278233624244283e-06,5.4154669285843425e-05,0.0010830404741684365,5.221513237702869e-05,2.676714106604701e-06,0.002963285388278825,0.0015225668184916943,0.00014282007694158867,2.569859569893348e-05,0.0014884249445520214,8.416949767685174e-08,3.8864188250290343e-07
43,9.773036502918894e-05,3.7297033528867617e-07,0.0015574074167614047,0.010286449145765703,7.681769195615083e-05,0.0013768718817866003,0.019357482213956875,0.9441937236828861,0.00010069377560587501,2.3757773680997773e-05,4.171576367923968e-06,3.194513840837481e-07,0.004663384805235931,6.283487965287287e-06,0.00011735916691193062,0.0029109591695997278,0.00012845481559470404,1.1091763075749108e-05,0.0031596457668526257,0.005788864302253556,0.0003304093978998997,5.391037235090694e-05,0.005751119280619322,4.5258949135359656e-07,2.2671366328810474e-06
44,0.0001021005140315664,3.926860981003115e-07,0.001417311284237136,0.00882703115495266,6.584970289423397e-05,0.001002932417616706,0.017865837875445142,0.9507123816848174,6.747190652064603e-05,1.0160984192141609e-05,4.216565107015204e-06,3.6872256153632226e-07,0.005661219592480068,4.164870788247919e-06,0.00010150341537853235,0.0021971459165244654,0.00011555203818712398,9.873385783734983e-06,0.0031560412873566763,0.003291961608891359,0.0002616395090275799,3.3344230652718e-05,0.005089472615278578,2.9398131517165403e-07,1.7320498613497946e-06
45,5.548416837952212e-05,2.3117743950131942e-07,0.0010935462292476733,0.006035532354327687,3.635829379658356e-05,0.0007741189489686967,0.01617687467547757,0.9614483821405915,3.938822690850057e-05,6.582700492293236e-06,2.7009827607035407e-06,2.107516702056115e-07,0.004293679016453591,1.9200322401542603e-06,0.00010020674595501417,0.001969148772870723,7.777185314504842e-05,4.300877362281599e-06,0.0027770400033204916,0.0019854673114622153,0.0001803425131689313,2.6561473456325345e-05,0.0029132262780994247,1.6689671448960731e-07,7.575756910902721e-07
46,7.498970844595359e-05,2.695018505678142e-07,0.0009373004803206572,0.010935809636510196,2.345899493001576e-05,0.0011759346183467174,0.012305884773156613,0.9568190249535252,5.1480873501117854e-05,6.6254820894395585e-06,3.973291350492875e-06,3.5518081617063985e-07,0.006748078312043808,2.9784934039044493e-06,6.868374940045138e-05,0.0025963607297933176,0.0002866329236407916,7.926427522132965e-06,0.0014546898160052895,0.0018389487489410656,0.0001709041728667988,2.4760504411573853e-05,0.004463860585212343,2.9666560236353786e-07,7.713763130761532e-07
47,0.00010054740280185369,3.1875482442260723e-07,0.0007702847746070866,0.0031138513576641907,2.982680591752611e-05,0.0005017887063485506,0.014533735689188386,0.9674536836743969,4.426879876861984e-05,6.913319046534715e-06,1.8351256990565557e-06,3.352228324545708e-07,0.00413524222419836,1.910660541796856e-06,5.035750408748236e-05,0.0012792433926863658,8.498845425571264e-05,8.514338618908058e-06,0.0034322796414535542,0.002295069467908278,0.00012607719775319744,3.263473583523472e-05,0.0019949378344933147,1.1748165011012674e-07,1.237434422255539e-06
48,0.0004157626855232541,7.355997363201098e-07,0.00657007915316934,0.05586220956244976,0.0012781960589117194,0.0013685463796147654,0.0415092782702088,0.7897047420954196,0.0004349695923558739,0.00014465180740942833,2.3896228584381105e-05,7.252486092120009e-07,0.0036999520824472264,8.318219685097652e-05,0.0005763884618834786,0.0038873960495056934,9.122478456231837e-05,0.00011331406498975932,0.0038795304938666693,0.04444690115468359,0.002188514733265942,0.00016872063168317132,0.04349370401044071,6.813142765959459e-06,5.0565511062151916e-05
49,9.658164492258742e-05,5.004320765445301e-07,0.002115900406374727,0.009329465691798959,7.35700702208231e-05,0.0015053054546291039,0.018433989224763664,0.9463348011597931,6.707083552321398e-05,1.2153853327092681e-05,4.42638050409998e-06,4.967771224342181e-07,0.006338953330352136,5.396557823491908e-06,0.00012212411496591115,0.0021162816868887206,0.00013934689671733455,1.0857525506532049e-05,0.003635594755961935,0.004509409868996706,0.0003298831148089825,4.59050082124389e-05,0.004769766836769133,3.4803448379551565e-07,1.8703374565468403e-06
50,8.877821062852162e-05,2.048142075222567e-07,0.0007185726398148828,0.0043566806582866924,4.075359707436356e-05,0.00036320425621375323,0.02348506513859443,0.9573059047308426,5.730867029878534e-05,1.2794028521042717e-05,1.5453720567895187e-06,1.8868075334739047e-07,0.0028129218948392824,2.6100126604875947e-06,6.172325493581473e-05,0.0014164560269321184,5.2063851422161486e-05,9.909164892375436e-06,0.002917486357592361,0.0033690042716066886,0.0001585344819711822,3.617855596548445e-05,0.0027294920289362614,1.499725613999726e-07,2.4693283917721484e-06
51,9.470337209353162e-05,4.7145188524450115e-07,0.0016798997202790071,0.012048410181053987,6.804253864579946e-05,0.000846447417033082,0.013779091003563938,0.9555527274463592,7.289595543480525e-05,9.782117334441094e-06,4.4852606883417835e-06,3.3786527960653215e-07,0.006170840551220642,3.71920905388166e-06,8.637757969023316e-05,0.0017051978046346847,0.00012005242870748299,7.503031617236204e-06,0.0022956618890079767,0.0019497435426714296,0.00025152838301376463,2.7643329809109134e-05,0.003223073814789293,2.924080841685126e-07,1.0716980492730051e-06
52,0.00011059326887742742,3.8453174334836876e-07,0.001481275518441071,0.009530343558357765,6.764114539940948e-05,0.0010337180668597973,0.01793697206374303,0.9491622312935466,6.992844233385482e-05,1.1295072872466092e-05,4.478193239125706e-06,3.8238128694622735e-07,0.0058041936668482945,4.451907034426867e-06,0.00010047668104759884,0.0023866001884162743,0.00012246497342546637,1.1169805519240654e-05,0.0031088546528606304,0.003575293911184807,0.00026566889147267616,3.377807754988402e-05,0.005175689973688127,3.345543787677306e-07,1.7791798728471667e-06
53,0.00010687790754550688,4.085977491788409e-07,0.0015210742359937736,0.008988882410838851,6.852798743491407e-05,0.0010154898850111718,0.016943227679368778,0.9513639335145593,6.650370847360721e-05,1.0185388126987648e-05,4.340424249320936e-06,3.78498082679646e-07,0.005792739943336118,4.211969947101715e-06,9.982315049113667e-05,0.0021655590782988137,0.00011711772183093557,1.0018520499368778e-05,0.0032355246853752843,0.0032586374186370825,0.00026522823410063997,3.300092773659536e-05,0.004926333555850968,3.0067145737290334e-07,1.6738850044264053e-06
54,9.852384443905738e-05,2.6004716464732745e-07,0.0025285226077300395,0.01295488249631374,7.35608806117746e-05,0.000876610009146394,0.01106551390777216,0.9526356153054489,4.72321852682687e-05,7.710055784690685e-06,6.334840348650951e-06,2.589074193278474e-07,0.0059320383623454355,3.7124496000458107e-06,0.00011897449434881984,0.0015990813843737121,9.82183133272032e-05,7.319490080120774e-06,0.0027266780900428085,0.0034063997574196717,0.0003189443669534001,2.771481195604032e-05,0.005464479728661736,4.732735676410478e-07,9.403898758015487e-07
55,0.00016344092384518055,7.364480926794423e-07,0.001148619774708574,0.007654847343889709,9.79120665864412e-05,0.0007186120256973832,0.02419991635789856,0.9455506271982356,9.342419865115533e-05,8.21294766314871e-06,4.154956819402901e-06,8.947753948436433e-07,0.007262578526909032,4.287772797174144e-06,7.256263144688777e-05,0.0021800336267108235,0.0001228225894873354,2.1320678904764135e-05,0.0034038586196487174,0.0028270901121987316,0.0002427065669564287,2.8027398808499182e-05,0.004189985843430749,2.1093774031929e-07,3.1156774780092165e-06
56,0.00010388710825470555,4.24801453902911e-07,0.001412428860012266,0.008853682685202823,6.670014170367325e-05,0.000992078479836549,0.017481260899576273,0.9508215551846686,6.877550471631252e-05,9.771056702680393e-06,4.36704723616091e-06,4.032020601177806e-07,0.00623603155899602,4.175252079519738e-06,9.610120446140302e-05,0.002167054277020972,0.0001210112203696668,1.0053685900360411e-05,0.0031703090062377825,0.0031708389904049434,0.0002547654093790865,3.251843262646465e-05,0.004919829646258249,2.8724901095551875e-07,1.6890958304036825e-06
57,9.360133323704473e-05,3.859224484631564e-07,0.0013893785030730927,0.007312459256073956,6.635888880281866e-05,0.0009137740208496171,0.01627122242474888,0.9544188217249465,5.715823762954286e-05,8.731656638725576e-06,3.808749625644731e-06,3.939013704315857e-07,0.005630122946943673,3.6812010464703716e-06,9.351612858689413e-05,0.0020207204445686308,0.00010124632074656979,8.743043708196133e-06,0.003652216629479705,0.003210665898448961,0.00025680546485390887,3.3266200021809245e-05,0.004451184413653935,2.3191341785217443e-07,1.5047750782783166e-06
58,0.00010965781728347154,4.055943913841813e-07,0.0015451350810527149,0.009471298918495349,6.710854756786285e-05,0.0010345218535849582,0.017849384617867593,0.949472328196788,6.982139397321155e-05,1.0758499951277654e-05,4.793344170134591e-06,3.7889308517427596e-07,0.0057626069389588785,4.403826989432023e-06,0.00011295581219746416,0.002226666118136696,0.00012194238207423155,1.033893833121896e-05,0.003178904445530933,0.0033767668021139905,0.0002715286259679392,3.5422734880505774e-05,0.005260733430061499,3.579368189850607e-07,1.7792497269120074e-06
59,0.000114140780418865,4.0940282189824886e-07,0.0017837757502736358,0.010375210401915984,7.213946384022522e-05,0.0010776602337917455,0.017675976812241853,0.948011309947266,7.376184874463421e-05,1.2024405798453016e-05,5.139008665572361e-06,3.725336804199709e-07,0.0055944973754503855,4.847890638834879e-06,0.00012412514364525476,0.0022271718296160777,0.00012559347062855405,1.08726906417765e-05,0.0031617466975507012,0.0037061754581883283,0.00029243803758818995,3.810514832839349e-05,0.005510171776367584,4.3206181050385683e-07,1.901830086088828e-06
60,0.0001021005140315664,3.926860981003115e-07,0.001417311284237136,0.00882703115495266,6.584970289423397e-05,0.001002932417616706,0.017865837875445142,0.9507123816848174,6.747190652064603e-05,1.0160984192141609e-05,4.216565107015204e-06,3.6872256153632226e-07,0.005661219592480068,4.164870788247919e-06,0.00010150341537853235,0.0021971459165244654,0.00011555203818712398,9.873385783734983e-06,0.0031560412873566763,0.003291961608891359,0.0002616395090275799,3.3344230652718e-05,0.005089472615278578,2.9398131517165403e-07,1.7320498613497946e-06
61,0.00011212854038685971,3.946481175245304e-07,0.0017874082156838186,0.009715521618319966,6.828165526016631e-05,0.0010276852182602334,0.016501113022175072,0.9511094762253673,6.555792321769139e-05,1.0991098041429557e-05,4.682402591895083e-06,3.6371010426758043e-07,0.005436716923011832,4.4101424974740545e-06,0.00011375597119731445,0.002080116716033552,0.00012000558003869125,1.0425631516026617e-05,0.003122913437637401,0.003462660353053365,0.00028092630666760247,3.601618343424584e-05,0.004926367962886464,3.7814599433653975e-07,1.7023685054279556e-06
62,0.0001021005140315664,3.926860981003115e-07,0.001417311284237136,0.00882703115495266,6.584970289423397e-05,0.001002932417616706,0.017865837875445142,0.9507123816848174,6.747190652064603e-05,1.0160984192141609e-05,4.216565107015204e-06,3.6872256153632226e-07,0.005661219592480068,4.164870788247919e-06,0.00010150341537853235,0.0021971459165244654,0.00011555203818712398,9.873385783734983e-06,0.0031560412873566763,0.003291961608891359,0.0002616395090275799,3.3344230652718e-05,0.005089472615278578,2.9398131517165403e-07,1.7320498613497946e-06
63,0.00010454194918171886,4.1731519705458347e-07,0.0014299876708065283,0.008764362974947195,6.701225990686708e-05,0.0010104808546480665,0.017959016428673577,0.9507351302134548,6.87892278911708e-05,1.0100878455701908e-05,4.27677104504098e-06,3.7925516490111675e-07,0.00576789013741843,4.160025973820532e-06,0.00010178969026115979,0.0021664179800705828,0.00011641393186126113,9.909219543919244e-06,0.003197237334672675,0.003195190700275659,0.00026164500084720774,3.3234697079018024e-05,0.004989581472185726,2.9083307056476217e-07,1.743177367099277e-06
64,9.892066319287676e-05,4.187457429422185e-07,0.0015446210618633995,0.009042393062287431,7.188954475929829e-05,0.0009960357974398667,0.017948573423338138,0.9506765234354696,6.02160212422405e-05,1.001243644538647e-05,4.559596919465809e-06,3.800201662115103e-07,0.005484727871664548,4.0961180676728474e-06,0.00011342675005887735,0.0020583462153586146,0.00010500652216565366,9.266249173135801e-06,0.0032542600462266962,0.0031689649219033946,0.0003255163037022727,3.4192192271453533e-05,0.0049857134590516345,2.9307352476122643e-07,1.646467964406599e-06
65,0.00020292752583707092,3.9311805193139747e-07,0.0007786094732392839,0.007426816475309851,8.516520997152467e-05,0.0005828528566530567,0.020310950994574473,0.9461985611573027,0.00013162445660111293,1.4895858911393037e-05,3.3811853451349197e-06,5.950021229772421e-07,0.006513902621964394,5.534739622964906e-06,4.020030678461839e-05,0.0029513667412867763,0.00012366943574603477,2.972465821346059e-05,0.0034083044273311583,0.005341917169221761,0.0001652035928589084,3.072952103295966e-05,0.0056486129196056025,2.868686607072253e-07,3.773683750037594e-06
66,0.00015859554147537133,5.767372937923872e-07,0.0030261370676369324,0.024031241226192872,0.00021388572707341336,0.0011954767491319169,0.015246672445045842,0.9285531262256012,8.024628529357245e-05,2.6065365998839002e-05,9.39148286360491e-06,8.063989910441326e-07,0.008571834282319009,1.0346890224917422e-05,0.00010503438051186274,0.004129236775928594,0.00014996905089148565,2.3006181249783695e-05,0.003309376098694504,0.005210942860110376,0.0006478844932385051,3.898374876268002e-05,0.00525850141366638,6.17488674829938e-07,2.0450831289562654e-06
67,0.00010234007236000753,3.2412403356819133e-07,0.001206048282501689,0.0069805731583198844,6.447776797994589e-05,0.0004274410785545682,0.011835637225229012,0.9662959104745107,5.7205872866395074e-05,6.5170715496100686e-06,2.909624770430753e-06,2.5220789917067334e-07,0.004669872773351632,1.96619984241081e-06,5.7539521327217736e-05,0.0015589225212972264,6.743807867063248e-05,6.584724884155864e-06,0.00270891693199468,0.00149932828686547,0.0001515295343817979,1.874330492262708e-05,0.002278483589821264,1.607714930255696e-07,8.768005729162248e-07
68,0.0001192399098626563,5.729276347378145e-07,0.0018088514741317252,0.011192123889227617,0.00010982307686435815,0.0013500522314694584,0.02056877323350158,0.942675784978955,0.0001068615724411523,1.7820534425202956e-05,6.2506486988633216e-06,3.4852453043347914e-07,0.004370267490784682,6.076292374277571e-06,0.00021325185484524745,0.0028431380417737696,0.00011693708256860908,8.680352215265776e-06,0.004219836526824965,0.0033224959297057086,0.00035371858724735046,5.348110381882989e-05,0.006532535165033083,4.964303026980185e-07,2.5821407629535987e-06
69,8.491939911768281e-05,4.1940741753269994e-07,0.0015265717943335057,0.006845231633740203,5.298058590631068e-05,0.0017162198489157668,0.019385062325572393,0.9430094304991148,4.859795038905303e-05,9.348606112538456e-06,5.038991845999407e-06,4.946227081369217e-07,0.007415161384792207,5.0210441151603e-06,0.000124810816666732,0.002077622968203064,0.0001353043374583709,9.07418926427732e-06,0.004784015330394357,0.005503126076580392,0.00036649934044896747,4.608709069768128e-05,0.006847060628144531,2.876940634709291e-07,1.6134339968217098e-06
70,6.72163726378093e-05,3.0607048030147044e-07,0.0016605999582962488,0.022183063009028066,7.530767240863377e-05,0.0028276950057598772,0.017944747878425645,0.9169129933965352,0.00015787575432634916,2.220092068384276e-05,4.8614715046011e-06,4.71088173052466e-07,0.009840275201475625,9.496300138337518e-06,8.18320626960521e-05,0.007500977882741861,0.00034848467188878076,1.434937461660224e-05,0.0017378655808967848,0.007908690532734882,0.00023996250698247212,3.7331704669818494e-05,0.01042084229697153,7.050390772328546e-07,1.8482468503047515e-06
71,0.00012512311283795755,3.1010059797753563e-07,0.0007524626091510336,0.008034416113795175,7.13856686435425e-05,0.0005292107452799098,0.016676711592390713,0.9533812315839229,7.861809873484983e-05,9.89860894134561e-06,4.394860310287745e-06,3.967446168035314e-07,0.005648591672782714,3.5740960751136338e-06,6.7744154615186e-05,0.0029588541970739612,9.583148374641776e-05,1.3061479001118632e-05,0.002717612146556138,0.0029679958276557206,0.00020896916218842253,2.50342521560658e-05,0.005626497586567593,2.575092422399283e-07,1.816593116782644e-06
