,0,1,2,3,4,5,6,7,8,9,10,11,12,13,14,15,16,17,18,19,20,21,22,23,24
0,7.0465626239553355e-06,3.2520235683421754e-06,0.00043143917963199194,0.00024442726619230444,0.0006934331188845755,7.120243456361178e-05,0.0052869344781016694,0.9777291494064622,0.00017588155806353057,3.705215960890198e-06,0.011548246092091747,7.211572625522853e-05,5.844171738094424e-07,0.0002954246949262334,0.0005423238951596888,0.0025482789362399924,1.8878644144796745e-05,6.551530040376047e-05,8.702491628871297e-05,3.162519756725639e-05,2.9319919367597458e-05,5.404452186936383e-05,3.991668251119387e-05,5.607256270954831e-06,1.4622555676610967e-05
1,4.872665842412072e-06,2.665996952697038e-06,0.00025190906630223587,6.52129304456184e-05,0.0006077172817142135,0.00011492249223192458,0.0017030087343710347,0.9785525032764814,0.0005724463168904815,1.3581430672490995e-06,0.007215648379050982,4.001966121729456e-05,1.0331043258526092e-06,7.162510819704829e-05,0.001253409182450319,0.00898895375565172,1.5111227698587625e-05,3.100271612317559e-05,0.0003741013540305083,3.480242249549766e-05,2.4679895311044583e-05,5.6158542679954766e-05,6.458231761336506e-06,6.647744866573638e-06,3.73176984073695e-06
2,1.0916039472696179e-06,6.429468657156237e-07,0.0005394594566337836,0.0006926754373123224,1.5421774890579e-05,0.0002320516379111691,0.0004604657886016152,0.9757198377719161,0.00017536541801921755,9.57835935000928e-07,0.018452835377096022,5.412795973032812e-05,3.696742794121381e-07,3.845025464481417e-05,4.068751104840483e-05,0.0026883379153613807,1.4923599183389141e-05,2.8056056231931394e-05,0.0005095285696459169,3.7072905126847067e-06,0.00014436052887615734,0.0001159024030676576,2.1319189551607524e-05,4.9090797838432574e-05,3.332008988985839e-07
3,4.401510792542103e-06,2.5658534035771745e-06,0.00019620475225517133,8.27579540713358e-05,0.0007649900266444695,0.00010328631078161809,0.001826641742896763,0.9778659687228887,0.00040703008478076245,1.1977409001707376e-06,0.010880646873865666,4.334763909007536e-05,9.742395183944826e-07,0.00011656375644649213,0.0011141746841341492,0.006108336711400971,2.2242560909978063e-05,3.393309349449415e-05,0.0002756574134655754,3.7026815717352044e-05,2.52961129677057e-05,6.421301742252165e-05,1.1237307764372602e-05,6.44884114305421e-06,4.856233244206528e-06
4,5.205766430620066e-06,2.809518387694664e-06,0.0002102368436533996,9.162025694452133e-05,0.0008570174238161082,0.00011122923491961209,0.001951982043167098,0.9759883735169311,0.00047663360989100604,1.2044516736524635e-06,0.011862290603680407,5.610246661152703e-05,1.4397010575252035e-06,0.00013283228799936873,0.0011657603431787572,0.0065347710474850645,2.7783344201009483e-05,3.8377109986923305e-05,0.0003128031162112817,4.233081288612731e-05,2.933842806064397e-05,7.422428234883524e-05,1.2283544858385597e-05,7.723138708970481e-06,5.627106910351447e-06
5,5.063728139954626e-06,2.6411488163614574e-06,0.0002008187171895726,0.00011235428246912364,0.0007230190383989838,0.00010151196748960638,0.0018132984003540675,0.9780546517837055,0.0004065271220341424,1.3395419491798326e-06,0.011179348840619866,5.030457524405615e-05,1.0493645922277508e-06,0.00013347453587794436,0.0009949306786447068,0.005740531991451536,2.519582556362886e-05,4.4854071026306094e-05,0.0002429522762568329,4.0990060514645485e-05,2.893265612689014e-05,6.991799489000041e-05,1.3291360960410831e-05,7.393914984385859e-06,5.6061227003142706e-06
6,4.401510792542103e-06,2.5658534035771745e-06,0.00019620475225517133,8.27579540713358e-05,0.0007649900266444695,0.00010328631078161809,0.001826641742896763,0.9778659687228887,0.00040703008478076245,1.1977409001707376e-06,0.010880646873865666,4.334763909007536e-05,9.742395183944826e-07,0.00011656375644649213,0.0011141746841341492,0.006108336711400971,2.2242560909978063e-05,3.393309349449415e-05,0.0002756574134655754,3.7026815717352044e-05,2.52961129677057e-05,6.421301742252165e-05,1.1237307764372602e-05,6.44884114305421e-06,4.856233244206528e-06
7,1.2331386085498903e-05,2.684096719548106e-06,0.000509603763368965,5.942356532357377e-05,0.000780553977618239,0.00012189908445769102,0.002331252522925784,0.9795219573230126,0.0003704602270067168,1.4657083975644626e-06,0.010635008294165152,4.2061874613819366e-05,1.5819895587623691e-06,8.382723772228807e-05,0.0005341367702786205,0.0043803374490395935,1.789869450645808e-05,3.7709577864109375e-05,0.0004473989996233656,3.353067224572591e-05,1.6510861785339443e-05,3.067417463908394e-05,1.1137293032281444e-05,1.2335586003848971e-05,4.218870005430592e-06
8,5.3654593396248195e-06,3.5917771988144253e-06,0.00036965519557213345,0.0001484322978100472,0.0008127718400571267,0.00010854890295821161,0.0027163663685849616,0.9795483083219234,0.0002638573307835417,2.30860494307653e-06,0.010335744496340104,4.692719976936822e-05,9.454410270568227e-07,0.0001558930154079117,0.0005334619621800352,0.004554162583086242,1.765649641462496e-05,2.645969749894958e-05,0.0001996384368130782,5.168170716039309e-05,2.240624363705787e-05,3.3221766125916247e-05,2.8122179127575416e-05,8.820309907037314e-06,5.652366333800344e-06
9,3.7620673799003383e-06,3.6590961592794493e-06,0.0003996081668013432,0.0002113872469658219,0.0005740820953450772,0.00011595981504382175,0.002756788312535706,0.9787989597121339,0.00041090913501730023,2.852241618048411e-06,0.008306322393352305,6.69435624050146e-05,1.1030740879980619e-06,0.00012486597372633255,0.0008255759148279019,0.006937593385737468,1.7598575801182284e-05,3.165307456035579e-05,0.00020657235595472425,5.964035787156144e-05,4.827261065016384e-05,5.7281660433600274e-05,2.3154528592174174e-05,9.424554553890945e-06,6.030088445064038e-06
10,4.401510792542103e-06,2.5658534035771745e-06,0.00019620475225517133,8.27579540713358e-05,0.0007649900266444695,0.00010328631078161809,0.001826641742896763,0.9778659687228887,0.00040703008478076245,1.1977409001707376e-06,0.010880646873865666,4.334763909007536e-05,9.742395183944826e-07,0.00011656375644649213,0.0011141746841341492,0.006108336711400971,2.2242560909978063e-05,3.393309349449415e-05,0.0002756574134655754,3.7026815717352044e-05,2.52961129677057e-05,6.421301742252165e-05,1.1237307764372602e-05,6.44884114305421e-06,4.856233244206528e-06
11,4.777324300990738e-06,2.676331065231907e-06,0.00020635195252081685,8.782515259871266e-05,0.0008103826227741537,0.00010536527651660594,0.0019137191368258735,0.9770275277285358,0.00043383312308098334,1.2214210175252394e-06,0.011255829317780545,5.0376580300289504e-05,1.244061510963386e-06,0.00012311094594313253,0.0011074243330830627,0.006356449741421194,2.4700592139707775e-05,3.540184734015572e-05,0.0002919416450911863,4.106689100748449e-05,2.693931291162761e-05,6.745598059463187e-05,1.1974812825791255e-05,7.242019865131803e-06,5.161848948250748e-06
12,1.3000128399849881e-05,6.268425805865555e-06,0.00022725411503387137,0.00017128434492215449,0.0035093782834436276,0.00027247192949257355,0.002907382870234644,0.9661737196434077,0.0006646525101028104,2.918336051599876e-06,0.015111436535211886,5.80599342779997e-05,2.9985345355123975e-06,0.0006343157111310965,0.0016730818193770628,0.007642854611167162,0.00015720455477826075,0.0001423337853953503,0.0002577861617846382,0.000124838748655826,6.481533904873537e-05,0.0001108837570146774,3.3252754263746905e-05,7.409152760491448e-06,3.0398013702764468e-05
13,3.991705338291496e-05,1.372188206240583e-05,0.0008690978129880232,0.00010879283449770455,0.0025475119988565675,0.0005116431440704765,0.00404291779879351,0.9575868788253992,0.002239230731786568,1.0288769657268853e-05,0.003334893418228867,3.6029553001073146e-05,2.7508715319545896e-06,9.889466822974521e-05,0.003386188908798279,0.0236536074606425,6.083289443668925e-05,0.00017247540188251165,0.0009477396856947604,0.0001373648264987266,7.933090665275656e-05,7.408420033066427e-05,8.883970218428053e-06,1.1522515324941067e-05,2.539986703352697e-05
14,3.8717325694828295e-06,3.825902474262496e-06,0.00010028151897684887,6.553299885179092e-05,0.001064995602427417,7.467050067553168e-05,0.00223454047059455,0.9771272299937416,0.00028772339059032406,1.4874197453197423e-06,0.012130272292798764,3.443285177937797e-05,5.991492620849923e-07,0.00015214674367714515,0.0010087294688559275,0.005240398956348767,1.7313798843561e-05,2.7028251520669465e-05,0.00029715580600514664,3.550128857542715e-05,1.6552063838794507e-05,5.466042003080152e-05,1.171424953654017e-05,5.210484058089937e-06,4.124644221782624e-06
15,4.401510792542103e-06,2.5658534035771745e-06,0.00019620475225517133,8.27579540713358e-05,0.0007649900266444695,0.00010328631078161809,0.001826641742896763,0.9778659687228887,0.00040703008478076245,1.1977409001707376e-06,0.010880646873865666,4.334763909007536e-05,9.742395183944826e-07,0.00011656375644649213,0.0011141746841341492,0.006108336711400971,2.2242560909978063e-05,3.393309349449415e-05,0.0002756574134655754,3.7026815717352044e-05,2.52961129677057e-05,6.421301742252165e-05,1.1237307764372602e-05,6.44884114305421e-06,4.856233244206528e-06
16,2.836937674974644e-06,2.6278571634607033e-06,0.00011895632876970421,7.993174314179654e-05,0.0005235840161700186,6.581960272446611e-05,0.0018021181410015866,0.9815193107000029,0.0003223496162760323,1.6188005958292383e-06,0.007317395744884635,5.4382825536187616e-05,8.117432968371027e-07,0.00011983459763953354,0.0010788298457807101,0.00648733332558791,1.944177614536495e-05,3.195851400986673e-05,0.0002664226618814978,3.6903813211590436e-05,3.5281329878957446e-05,9.330248679544577e-05,9.873418542203437e-06,4.724314978535129e-06,4.349858310195696e-06
17,3.7497490789614093e-06,2.315589890398245e-06,0.0001608444195665677,8.729199074294282e-05,0.0007958719669972162,8.980767621390322e-05,0.001752735071273267,0.9778228299391275,0.0003451095668450553,1.0965743963098327e-06,0.011556365042396865,4.672689287705877e-05,1.065053242057459e-06,0.00013550948750245832,0.0010244890221097944,0.0057208292263575145,2.631802675388234e-05,3.2229134406480045e-05,0.0002342345672334067,4.063877540327201e-05,2.56086312423106e-05,6.985012793719727e-05,1.344114194839456e-05,6.050464301697886e-06,4.991862155664658e-06
18,8.91547630411027e-06,3.717979016350311e-06,0.00020994953055545785,0.00011749712204089923,0.0017770814917052122,0.00013482306706711107,0.0028478382905759805,0.973609898926934,0.00047458400045315667,2.3395462488340503e-06,0.011624824277568165,6.949751258477293e-05,2.350244100635137e-06,0.00029971612028360523,0.0014898133646057351,0.006612752258596073,7.991915939477183e-05,9.633433775745623e-05,0.0002455051682647503,8.43512976016154e-05,5.058656019544566e-05,0.000110167013826759,2.2392957467529366e-05,6.590012350046175e-06,1.855428450117678e-05
19,3.3205543790424014e-06,2.7783182792340137e-06,0.00021824924033240513,0.00010454693719586638,0.0005467684100790076,6.475342363596235e-05,0.002584959817143625,0.9798237675818035,0.0004257253745033098,1.2942947074836188e-06,0.008290159756818134,7.038390129004536e-05,9.475273528047072e-07,9.716236632686948e-05,0.0010298076347283656,0.006316205973339334,1.4632565556071916e-05,2.51642501991769e-05,0.00022712553632006413,3.0607970970921586e-05,2.9037013847851963e-05,7.270846133992048e-05,1.0016831491377318e-05,5.602359573763025e-06,4.273898785824353e-06
20,3.732099971879107e-06,2.2882508397355908e-06,0.0001755204431356176,7.676367557817336e-05,0.0006533441435741832,9.112979258389037e-05,0.0016721236355738626,0.9790768643336867,0.0003692492531782104,1.0811095523956197e-06,0.010332201773809368,4.099820156420598e-05,8.413091704698321e-07,0.00010594523914035245,0.0011197377559815608,0.005828173365344559,1.9732795501719066e-05,3.061128860572023e-05,0.00025820010547512976,3.2851439128981605e-05,2.3259478206603323e-05,6.543174333266435e-05,9.97754085725846e-06,5.68524958006582e-06,4.255976626559537e-06
21,3.7362488019181196e-06,2.5330199919998118e-06,0.00016115438634193996,9.205787971209472e-05,0.0005199730047178268,7.215655843629591e-05,0.0017014271372942753,0.9808558569743521,0.00044230253103091677,1.2981339211353042e-06,0.00690436733049915,5.722741131758536e-05,9.81114015589188e-07,0.0001148073036459414,0.0008284157280869312,0.00784304813947656,1.2957645371691809e-05,3.171667610743704e-05,0.0002205298696270086,3.6111959542558996e-05,2.5878922909425568e-05,5.521432271083954e-05,7.145555837845819e-06,5.532287819985626e-06,3.5698584310040967e-06
22,7.864207386165093e-06,2.0603191789567727e-06,0.00023894162360617094,7.472330988436495e-05,0.000921708798486609,0.00015060320952163802,0.0013712812343995213,0.9743091436238345,0.00043411636031315883,1.1793044946977975e-06,0.014550167487305048,3.002295303031594e-05,1.0208906808399224e-06,0.00010964975800424855,0.0014083312603207913,0.005794061335006878,4.35636433604558e-05,7.523028611256384e-05,0.00029559722225970314,3.83507514688552e-05,2.7995806345381327e-05,8.856055216157095e-05,1.1196287652875104e-05,7.84886811346658e-06,6.780907071358258e-06
23,4.401510792542103e-06,2.5658534035771745e-06,0.00019620475225517133,8.27579540713358e-05,0.0007649900266444695,0.00010328631078161809,0.001826641742896763,0.9778659687228887,0.00040703008478076245,1.1977409001707376e-06,0.010880646873865666,4.334763909007536e-05,9.742395183944826e-07,0.00011656375644649213,0.0011141746841341492,0.006108336711400971,2.2242560909978063e-05,3.393309349449415e-05,0.0002756574134655754,3.7026815717352044e-05,2.52961129677057e-05,6.421301742252165e-05,1.1237307764372602e-05,6.44884114305421e-06,4.856233244206528e-06
24,4.241290495357857e-06,3.0379286779267344e-06,0.00013524147939816068,9.735674126487306e-05,0.0007526093692319287,8.205074848694305e-05,0.0016198208185292885,0.9809861108373706,0.00031861222705951254,1.3528395402438134e-06,0.009287619960440592,4.409722648779246e-05,9.512177439819807e-07,0.00016294988346054914,0.0007659130701961781,0.005301439489465821,2.363838808583204e-05,3.38080952292802e-05,0.00023181060307325737,4.456143352395246e-05,2.2466322040384687e-05,5.720036241893777e-05,1.2785334037454215e-05,5.6574555341053915e-06,4.666878207132241e-06
25,6.613010207413424e-07,5.913805621552123e-07,4.4442662874374774e-05,4.516339673516608e-05,0.00019732968786937964,2.4631493612337143e-05,0.0007127038115477357,0.9862774177033921,7.188575039377647e-05,3.18494788069792e-07,0.009950685524538575,1.6688674274328954e-05,1.635923541496958e-07,6.877389891720777e-05,0.00026811653095024936,0.0021738770572374494,5.1076418153750965e-06,7.68687058514897e-06,8.219329117699134e-05,9.9563079294698e-06,6.228564109302887e-06,2.6425382511920733e-05,6.049324042514943e-06,2.2265054971461705e-06,6.751512644459962e-07
26,2.224858665328785e-05,4.317170702773372e-06,0.0006280231593889627,0.00013957442700587933,0.0018802780588591831,0.00030203665491612,0.0021091831195001166,0.9611620840762454,0.0009782533096784026,1.804872045182485e-06,0.022813467599916412,6.26865768440067e-05,4.117799843890513e-06,0.00013090684311195292,0.0009248964279144164,0.0076944018606701775,7.151065730637819e-05,9.945241415615682e-05,0.0006769843998448917,9.379837155722624e-05,4.907229104231396e-05,7.301462160929701e-05,3.0150378580112823e-05,3.8892195567388015e-05,8.844127040098155e-06
27,4.0873087369074325e-06,2.4109371105347906e-06,0.00018323185436126086,7.917829752616345e-05,0.0007131202774715897,9.823788770724304e-05,0.0017179378543377602,0.978306500181774,0.0003945372244334123,1.1232069939523854e-06,0.0107357428911577,4.1790534268424184e-05,9.104453404808367e-07,0.00011086523067450732,0.0011275287093153116,0.006011086240126682,2.141659954040812e-05,3.2755181302026784e-05,0.0002707411095047313,3.4898104552242816e-05,2.4415507546826672e-05,6.626224232649693e-05,1.0552930704532877e-05,6.137390330106577e-06,4.531852856551342e-06
28,4.401510792542103e-06,2.5658534035771745e-06,0.00019620475225517133,8.27579540713358e-05,0.0007649900266444695,0.00010328631078161809,0.001826641742896763,0.9778659687228887,0.00040703008478076245,1.1977409001707376e-06,0.010880646873865666,4.334763909007536e-05,9.742395183944826e-07,0.00011656375644649213,0.0011141746841341492,0.006108336711400971,2.2242560909978063e-05,3.393309349449415e-05,0.0002756574134655754,3.7026815717352044e-05,2.52961129677057e-05,6.421301742252165e-05,1.1237307764372602e-05,6.44884114305421e-06,4.856233244206528e-06
29,4.401510792542103e-06,2.5658534035771745e-06,0.00019620475225517133,8.27579540713358e-05,0.0007649900266444695,0.00010328631078161809,0.001826641742896763,0.9778659687228887,0.00040703008478076245,1.1977409001707376e-06,0.010880646873865666,4.334763909007536e-05,9.742395183944826e-07,0.00011656375644649213,0.0011141746841341492,0.006108336711400971,2.2242560909978063e-05,3.393309349449415e-05,0.0002756574134655754,3.7026815717352044e-05,2.52961129677057e-05,6.421301742252165e-05,1.1237307764372602e-05,6.44884114305421e-06,4.856233244206528e-06
30,4.401510792542103e-06,2.5658534035771745e-06,0.00019620475225517133,8.27579540713358e-05,0.0007649900266444695,0.00010328631078161809,0.001826641742896763,0.9778659687228887,0.00040703008478076245,1.1977409001707376e-06,0.010880646873865666,4.334763909007536e-05,9.742395183944826e-07,0.00011656375644649213,0.0011141746841341492,0.006108336711400971,2.2242560909978063e-05,3.393309349449415e-05,0.0002756574134655754,3.7026815717352044e-05,2.52961129677057e-05,6.421301742252165e-05,1.1237307764372602e-05,6.44884114305421e-06,4.856233244206528e-06
31,3.5241641284900238e-06,5.3725884709978284e-06,0.0001805220268018143,0.00018522560345858406,0.0024605004362733642,0.00028087458882155745,0.002647751585357266,0.9367834970612026,0.0015150128542602043,1.4375222698003117e-06,0.030471772089620576,0.00010097639659064776,2.3322618987214503e-06,0.000248392944734109,0.005324805024944855,0.018698713921911934,7.389391026905766e-05,5.1281540338466806e-05,0.00045392932156905914,0.00010480558469972974,9.798636736171675e-05,0.0002515483978963864,2.8711580878789896e-05,1.3927181250915114e-05,1.3205044990584991e-05
32,4.552785935510093e-06,2.613653326527469e-06,0.00018829200007743026,7.338216580009732e-05,0.0007021905055628378,0.00010279619962470348,0.0017104165734685172,0.9784733625865513,0.0004032735639706537,1.1813985992057406e-06,0.010609113818774569,4.206309668825357e-05,9.471393518168187e-07,0.00010681760637743582,0.001106249397812494,0.0059437758395552405,2.1219250363977977e-05,3.268887211399675e-05,0.00032958116591381395,3.403225519751706e-05,2.419562789395194e-05,6.593464840491035e-05,1.0281346688500553e-05,6.665403296889674e-06,4.3730986498865735e-06
33,9.614366207746602e-07,7.60036307045119e-07,3.989811350726507e-05,6.031341374112091e-05,0.00032270037339803475,5.3375929880397166e-05,0.0005743600769858752,0.9837808449754971,8.126768889753576e-05,6.340865726456111e-07,0.010704838029149464,2.166024117554535e-05,8.112854272101462e-07,0.00012877497658994626,0.00023361110810124952,0.003643019696246233,3.115602679511469e-05,1.5138211149808185e-05,0.00017695854925581372,2.9994234091265423e-05,1.5091571650013025e-05,6.32043193535099e-05,1.4509186747167937e-05,4.960994910736958e-06,1.1554379495377995e-06
34,1.6241283712280393e-05,4.288461231975998e-06,0.0003698537883365753,4.9817301930785814e-05,0.0008674460834131657,0.0001536799247086527,0.0018082780009093667,0.9731138612989036,0.001220356093736722,7.595171911275277e-07,0.013007723426625518,6.258594562927642e-05,1.8876665325044112e-06,7.326394817501503e-05,0.001556937894396645,0.00643953878488406,2.3175470035220978e-05,5.214568053668985e-05,0.0010308503436738965,2.3641998905660688e-05,2.485583261262008e-05,7.646980138727017e-05,4.972788638285598e-06,1.2899147297830442e-05,4.4695165952947525e-06
35,1.5135217377524392e-06,4.7025471740537626e-06,0.00017486435168546815,0.00015419818017699166,0.0023797359541371126,0.00031067008387663473,0.0021721093246779488,0.9461684339727048,0.00034303636374076414,2.2058108175936726e-06,0.03104066887127443,4.786958557637298e-05,1.7380308413722834e-06,0.00036864602015934916,0.003172575213351847,0.012832809189532524,6.099684504058592e-05,1.4259739822118147e-05,0.0003333846995833374,0.00016148630742791366,4.986892738316252e-05,0.0001005562764607236,8.330198027861514e-05,9.803664517645636e-06,1.056453802093018e-05
36,1.3345552031952563e-05,1.1546390273187168e-05,0.0008276526390059776,0.0003642791869250296,0.0041964358516956915,0.0008328109618202185,0.004640637364284695,0.9403969565439984,0.0010894775093238229,7.438460696683543e-06,0.035210750381623315,4.025564716012207e-05,1.3808246408968819e-06,0.0003860131786520843,0.002045168722735609,0.008771134305426337,7.038208012229452e-05,0.0001242854500808061,0.0004440944565946944,0.00015374253096651282,0.00012221100579117039,7.724303019054388e-05,0.00011573276449620643,3.2517580238452115e-05,2.450758122522061e-05
37,1.2431174426629165e-05,3.5265633929504515e-06,0.00036220957413255427,0.0001073004134987015,0.0009116823334316405,9.774626744048894e-05,0.002598536844242427,0.9777192588442449,0.0004321868599901392,1.91790391589498e-06,0.011825650432780008,5.518476195277646e-05,1.3685328957263156e-06,0.00011076168325791243,0.0005850628715670252,0.0045767699064749815,2.5795326424324107e-05,6.383436032402662e-05,0.0003448530239995655,4.500307552519809e-05,2.8010140390927648e-05,5.42678476481417e-05,1.670108311931979e-05,1.4095507871008315e-05,5.844667052909991e-06
38,1.4261635404437353e-05,4.444219945414075e-06,0.0004876078071016377,5.952451161637077e-05,0.0014121149663940365,0.00026228536607984766,0.003233047907328942,0.9686089096797796,0.0008913326354299393,1.8808359729944579e-06,0.01207762526265253,4.4735703393851565e-05,1.5427197335288355e-06,0.00012189947830946034,0.002121228125836261,0.00981041080376336,2.0088398941224265e-05,5.5100242980165384e-05,0.0006354132716059899,3.348115869477915e-05,2.4285712764065938e-05,5.2406134991447876e-05,7.875077727369336e-06,1.014956907840379e-05,8.348774474084194e-06
39,6.50083340014899e-06,5.462362053930173e-06,0.0001829496373067976,0.00011306737606108991,0.0014038823193267818,8.206876448905472e-05,0.002925011121993435,0.9711216747027787,0.0005227189781464561,1.4656760181541033e-06,0.015733701348236262,6.683055421751293e-05,9.519037365239602e-07,0.00020786640900814427,0.0013286688315751675,0.005782522396942629,2.273186700682919e-05,3.8454113564446836e-05,0.0002723963023520723,5.100033472778603e-05,2.321788884470173e-05,7.337870201607965e-05,1.8297940982531184e-05,7.64937558069441e-06,7.530259634037066e-06
40,9.603775393189973e-06,3.953502798032382e-06,0.00043730092992595325,7.69079461908012e-05,0.0012378235045703342,0.00016615210035340137,0.003044195401977819,0.9694867557319791,0.0009205390582569968,1.289690887542597e-06,0.013098174085456047,7.996831090907391e-05,2.2583550800264037e-06,0.0001391244252416007,0.0024816666696441843,0.008092584410960654,2.9437032079590892e-05,5.045364370897418e-05,0.00044930931278898303,4.029698584788945e-05,3.297960485789381e-05,9.052082496154647e-05,1.0104677545141298e-05,8.392071592812506e-06,1.0207946992349588e-05
41,8.26967984174319e-06,3.291759218110361e-06,0.0003026905306168627,8.341287737812327e-05,0.0015657078984611579,0.0001396699054977456,0.0025548098262525762,0.9690642899005472,0.0008991194769616302,1.0132043205145906e-06,0.011964020235294652,5.289771307399411e-05,1.8328205519705148e-06,0.00011654685390338435,0.0018998640824298097,0.010844929351770937,2.460637723386795e-05,4.555412641024125e-05,0.0002787654675267132,4.8870788797742095e-05,2.236757273421571e-05,5.479952348293422e-05,7.952900515302507e-06,7.657759019725472e-06,7.059368158767228e-06
42,9.215065432396541e-07,7.208130152825955e-07,7.434569996551068e-05,3.7041318403978944e-05,0.00012192544662476158,4.5216246351931546e-05,0.0005455025801122863,0.9875775236192221,0.00016175363949829776,5.828275209419873e-07,0.004804493411824665,2.345744736098307e-05,4.007826014128992e-07,2.8680135071424304e-05,0.0007099524352566442,0.005448021463368034,9.256615132660296e-06,1.1487683069552291e-05,0.00028785349969181887,1.4503438767348854e-05,1.672079778549632e-05,7.175213379218081e-05,3.6801856093619183e-06,3.2945068840590365e-06,9.117665258997942e-07
43,1.76164336407035e-06,1.74662850514335e-06,0.0001274902939221084,7.138051259228865e-05,0.0004046554374257649,0.00013245338385931737,0.0011487321660262942,0.9841045517483477,0.00021445549512703527,3.289699511692496e-06,0.005232685273924293,2.0329812832559234e-05,6.357761982235304e-07,9.012779313664666e-05,0.0008902422766027746,0.007010301544763859,2.5097798024124193e-05,3.393925126421215e-05,0.00028011918251037563,4.83702318798791e-05,5.048359885391306e-05,8.523758382682546e-05,1.3396465546358762e-05,4.95336686766316e-06,3.5630350867806358e-06
44,4.401510792542103e-06,2.5658534035771745e-06,0.00019620475225517133,8.27579540713358e-05,0.0007649900266444695,0.00010328631078161809,0.001826641742896763,0.9778659687228887,0.00040703008478076245,1.1977409001707376e-06,0.010880646873865666,4.334763909007536e-05,9.742395183944826e-07,0.00011656375644649213,0.0011141746841341492,0.006108336711400971,2.2242560909978063e-05,3.393309349449415e-05,0.0002756574134655754,3.7026815717352044e-05,2.52961129677057e-05,6.421301742252165e-05,1.1237307764372602e-05,6.44884114305421e-06,4.856233244206528e-06
45,8.820496328978695e-05,8.553716795491003e-05,0.0008459302241568496,0.0012558177616034233,0.01767239918882008,0.0009835165660016388,0.011034011674827855,0.9060207156185583,0.0028594318483701527,3.3341143851894844e-05,0.035076589895548425,0.00044576199537696036,2.6587811768603795e-05,0.004354061661919885,0.000994188671304241,0.011494675894157542,0.0012363724589784524,0.0007120958924836309,0.0012575867618438762,0.0012559942042677985,0.0009169041962633068,0.00034630846997048866,0.0007076317166858832,0.0001013123480711729,0.00019502186392480756
46,2.3879370432670964e-06,1.0663182521430365e-06,0.00011475475682155125,0.00011497423267395973,0.00046949578047110116,0.0001562372362389618,0.0005675850342159875,0.9752302541904218,0.00019711954962009392,8.088727317749947e-07,0.015483889675775712,3.197438227717458e-05,2.0989765084928356e-06,0.00012581780195025728,0.0007526090376480331,0.0059891746490766265,0.00013096135114482214,4.0813198945363476e-05,0.00029919129911296983,5.8711956203796475e-05,4.063812877870874e-05,0.00015535853762956806,2.0899068593827234e-05,9.237107038415698e-06,3.940920825765164e-06
47,1.1360339263088642e-05,3.915041221599041e-06,0.00028497424013647083,7.8912029018102e-05,0.0009658024846666536,9.446125627970224e-05,0.002416793413134282,0.9741812628258673,0.0008338589586156902,1.499141064970281e-06,0.007601733189163653,0.00010627830244412964,3.3132767121959957e-06,0.00010124180157447959,0.0015373901898511463,0.010889352304898658,4.181226549949068e-05,5.6575886653396455e-05,0.0005442356413092913,6.0013315700205123e-05,4.183478648824402e-05,0.0001167882656706258,8.555035454302966e-06,9.79628019155871e-06,8.239729120989667e-06
48,3.4586149696925886e-06,2.871244547450113e-06,0.00010755096883566631,4.651855261352312e-05,0.0004994276448383783,9.688342024063034e-05,0.0011955180409556228,0.9819511773993361,0.00022139098610607732,1.1797642229576963e-06,0.01071512691163257,2.845422516311158e-05,7.314961424890784e-07,9.361514539302312e-05,0.0005688642375338196,0.003598633226185654,2.128526347095009e-05,1.8447124964509746e-05,0.0007050397166312067,2.4174817810233202e-05,1.8475737634516746e-05,5.980134548261973e-05,1.1595036340435608e-05,7.585562306731987e-06,2.1935166420829955e-06
49,4.090726744504781e-06,2.4116915372759776e-06,0.0002499631140604647,0.00010430748074105148,0.0006247057387091344,0.00011498962969844635,0.001803012141036171,0.9777345492039677,0.0004008957694108891,1.3829002408984423e-06,0.011028042462768848,5.220489135307011e-05,1.129301441256137e-06,0.00011885361763512678,0.001078863947640472,0.0061874940172906975,2.263194402056426e-05,3.4721650361875074e-05,0.0002654766901790631,4.023249759600884e-05,3.1394267701500234e-05,7.165839016833212e-05,1.411970113831534e-05,7.678657957599276e-06,5.189566600475337e-06
50,3.7935765451769112e-06,2.3637591355466745e-06,0.00016997464176586347,6.962026494037662e-05,0.0006912491361713234,8.148069110686377e-05,0.002037254001690111,0.9810043350040395,0.00028576445606703693,1.373686301512777e-06,0.008931081653144447,3.949867176414097e-05,8.101081066956649e-07,0.00011959243915242767,0.0009267944562380233,0.005218617562726611,1.8596531168175744e-05,2.8927174731124757e-05,0.0002393806456634029,3.2826335296054824e-05,2.087390319074643e-05,5.558343649271309e-05,1.072575475388502e-05,4.86825410416303e-06,4.613855704160521e-06
51,5.160689030830902e-06,2.3646116979283538e-06,0.0002656636757086049,8.491544943189713e-05,0.0012397491470337253,0.00016217296230236275,0.0022600526612893785,0.9711468451840708,0.0005011260726596126,1.438056712613977e-06,0.013310265074531192,4.524478400715023e-05,1.6943779659235035e-06,0.00012746061173822274,0.001306093995736011,0.008983933274896567,3.243674639381038e-05,4.0242350310153564e-05,0.0003005827836512332,5.504045617157037e-05,3.289933900618042e-05,6.356676007366009e-05,1.542524761333839e-05,9.167574412693164e-06,6.458113554347105e-06
52,5.568434551154824e-06,1.8341768890290827e-06,0.00019139428025494464,6.172363107201679e-05,0.0008525710258909561,0.00014770848921885488,0.0013864440812656864,0.9760469413390253,0.000449687591970016,1.069791870393636e-06,0.012268428186581007,2.7952529611516646e-05,8.76718860025947e-07,0.00012163831047216689,0.0015693051973147752,0.006393423155071287,2.4977258644999767e-05,5.839128182021435e-05,0.0002518355927236843,3.3007035467827295e-05,2.0538931202758304e-05,6.497036704647402e-05,8.167770818086646e-06,5.660148491843994e-06,5.884673865061326e-06
53,1.9208740509788027e-06,2.101306231877677e-06,0.000141939507840242,8.095349383101863e-05,0.0008251736567224799,4.780761581447097e-05,0.0036973186544174844,0.9769088790488321,0.000258760627448367,1.1448543203960907e-06,0.010878112139827983,5.264006147728959e-05,6.190393017216045e-07,0.00011794592963640805,0.0009452293640005732,0.0057735079311422785,9.293608914544924e-06,1.6071483793801836e-05,0.00013082886897214228,2.9339070843242122e-05,1.570558884998132e-05,4.46292731849355e-05,1.2230678647651254e-05,4.122610411806386e-06,3.7247114859817444e-06
54,1.0252524716201847e-05,7.0516241502974035e-06,0.00027579051571974587,8.681344978499873e-05,0.0015027716234183397,0.00014590214125889537,0.003284594513783736,0.9722090433538648,0.0007124523412770627,2.4647671811918864e-06,0.008687741574920072,6.240856768142257e-05,1.2727662503095612e-06,0.00021551460393447948,0.0028760410831565795,0.00924389226875108,2.9403184697396608e-05,5.206522519516663e-05,0.00039294476399918824,5.4252333939694746e-05,2.836047971435967e-05,8.77810338465108e-05,1.1423337019593697e-05,5.093290840187384e-06,1.4668630898646974e-05
55,1.3794068656637728e-05,4.324282033705592e-06,0.00040468987400750777,0.00012578202180476357,0.0009287262400157703,0.00010373029844516105,0.003197462393287408,0.9709573821910085,0.0019359011525374797,9.274395942584405e-07,0.009346454427791225,0.00017568868520855598,3.587050801783021e-06,0.0001047974127795286,0.0014904404850107822,0.010488269425703708,2.1242873530695366e-05,7.188465481696975e-05,0.00043480587913649876,3.842305287453126e-05,4.215070435043076e-05,8.427574035160666e-05,5.550315699465946e-06,1.229109173961932e-05,7.418238813597074e-06
56,4.746654539480936e-06,2.6023061432392944e-06,0.00020299629010362433,8.474533142876184e-05,0.000776427317763374,0.00010459796319871302,0.001877159063836001,0.9773959505851049,0.0004290763744522916,1.2065034871699324e-06,0.011018791944316722,4.98814346612884e-05,1.2221200728586814e-06,0.00012025456200405788,0.0011114488611907423,0.006303314622218013,2.4200064313058265e-05,3.540478954462952e-05,0.00029838268269698383,3.9452936541311755e-05,2.6536144568002983e-05,6.799790718241094e-05,1.143701035609807e-05,7.0964540119221155e-06,5.070076264076867e-06
57,4.69865112914579e-06,2.5777059793607303e-06,0.00022434278646915018,9.03236119611938e-05,0.0009061675203784425,0.0001341255418632068,0.0019239655071894783,0.9751033340592157,0.00039533016320321445,1.22516600133115e-06,0.014181985439767404,3.12995568345707e-05,6.753667890565273e-07,0.00013253046540747786,0.001142623823350329,0.005297665395287115,2.0457789409747417e-05,3.9328205068249755e-05,0.000233338125868997,3.210465897656923e-05,2.3952528283250397e-05,5.3275771129062115e-05,1.2879001405601675e-05,6.6285673877184024e-06,5.164591644679465e-06
58,5.50261099967831e-06,2.6254418533148256e-06,0.0002260940213765128,8.565715414148032e-05,0.0008046307806186091,0.000112576691137302,0.0019190442396784116,0.9754333160299068,0.000476421170954372,1.128438900012962e-06,0.01287941772572462,5.333656616140961e-05,1.3411521550779039e-06,0.00011008493532162172,0.000989366733119255,0.00632904200162742,2.31181219288189e-05,3.645187802799981e-05,0.0003540517318620789,3.8040579996789306e-05,2.7029621419515707e-05,6.523501375151494e-05,1.221560392813532e-05,9.76817408442263e-06,4.5035813250204705e-06
59,4.937924574099895e-06,2.5620348224393828e-06,0.0002507346061438065,9.111000190698721e-05,0.0007269650526177553,0.00011311573488542931,0.0018773428384177963,0.9761624539842245,0.00045997915925127466,1.216248955045799e-06,0.012216163253085666,4.8550911603285644e-05,1.1241484598692871e-06,0.0001006230957559315,0.0010174811428382698,0.00639561939902382,2.0720770547457077e-05,3.455175591914148e-05,0.00031858967238132736,3.8717354377933196e-05,2.791735601995643e-05,6.337173242243401e-05,1.2448219351878814e-05,9.376641802873733e-06,4.3269606109025825e-06
60,4.401510792542103e-06,2.5658534035771745e-06,0.00019620475225517133,8.27579540713358e-05,0.0007649900266444695,0.00010328631078161809,0.001826641742896763,0.9778659687228887,0.00040703008478076245,1.1977409001707376e-06,0.010880646873865666,4.334763909007536e-05,9.742395183944826e-07,0.00011656375644649213,0.0011141746841341492,0.006108336711400971,2.2242560909978063e-05,3.393309349449415e-05,0.0002756574134655754,3.7026815717352044e-05,2.52961129677057e-05,6.421301742252165e-05,1.1237307764372602e-05,6.44884114305421e-06,4.856233244206528e-06
61,4.902165165897088e-06,2.585851983973036e-06,0.0002443274506283494,8.912826589184045e-05,0.0007304252883392217,0.00010990495230658316,0.0019367029979789126,0.9765081698936176,0.0004460141437600607,1.2317743861671309e-06,0.012048386131363649,4.8858137864673296e-05,1.1163554833433213e-06,0.00010279728801339745,0.0010436689561192489,0.006155756896336722,2.107656236866363e-05,3.473216372157767e-05,0.00031428630365428075,3.757001267989489e-05,2.7477508411069447e-05,6.52085394668986e-05,1.234358528543429e-05,8.836365134299784e-06,4.492410038086354e-06
62,4.401510792542103e-06,2.5658534035771745e-06,0.00019620475225517133,8.27579540713358e-05,0.0007649900266444695,0.00010328631078161809,0.001826641742896763,0.9778659687228887,0.00040703008478076245,1.1977409001707376e-06,0.010880646873865666,4.334763909007536e-05,9.742395183944826e-07,0.00011656375644649213,0.0011141746841341492,0.006108336711400971,2.2242560909978063e-05,3.393309349449415e-05,0.0002756574134655754,3.7026815717352044e-05,2.52961129677057e-05,6.421301742252165e-05,1.1237307764372602e-05,6.44884114305421e-06,4.856233244206528e-06
63,4.994990262165183e-06,3.320764462796074e-06,0.00020910198321218019,8.959702602720465e-05,0.0008357145048599547,0.00010966395176849512,0.001976983166184811,0.976825996353875,0.0004491375396996622,1.395796311398046e-06,0.011231540392722691,4.839938294033013e-05,1.0410647003598701e-06,0.00012809408782026247,0.0012470923045039247,0.006288250359618017,2.4162598545772472e-05,3.529851023653933e-05,0.00032362839891331374,4.095734701539645e-05,2.8307182730237566e-05,7.213967933212294e-05,1.2643450364584615e-05,7.040234539340747e-06,5.498929353544926e-06
64,4.269125664809578e-06,2.909089435120245e-06,0.00021722554907656778,9.926295931187923e-05,0.0007812869886563274,0.0001232543701252668,0.0019465403014550045,0.9767549742074861,0.00046474474846012467,1.5426508837140768e-06,0.010651448237054165,5.134874293396985e-05,1.2066063874939498e-06,0.00013029347469657878,0.0012139010855697246,0.006994771412180429,2.6360861978629934e-05,3.7929522140843456e-05,0.0003066609529818552,4.512425047550034e-05,3.879435202584245e-05,7.928365345100066e-05,1.3726216612595886e-05,7.5791920112112925e-06,5.561448945407623e-06
65,7.109352877293673e-07,1.314376915331927e-06,0.0001014120416135599,7.372949067145754e-05,0.0002661362477428893,5.183652685139196e-05,0.001664903628524855,0.9915073829224691,3.9047599852292425e-05,4.478412966339891e-06,0.002781777002105074,1.094719562103817e-05,1.6625259082092813e-07,0.00013560858202012714,0.00036512841043130075,0.0028166497579073585,8.419056018882807e-06,1.2800195811191078e-05,6.0425551249041055e-05,3.5902968525423676e-05,1.851097928419604e-05,2.2201864336575646e-05,1.6197010331412606e-05,1.2291526227089745e-06,3.083838249804185e-06
66,4.669232596564874e-06,2.649077299071284e-06,0.00020789971615362593,8.462547694540611e-05,0.0008110532848153091,0.0001103230872321434,0.0018706829020658851,0.9772265068622873,0.00042267860078153743,1.2711858506408807e-06,0.011143439794373336,4.359785418061128e-05,1.041485952467616e-06,0.0001177900723048348,0.0011273259230760297,0.006323315663122176,2.3630563854465942e-05,3.5673112335175154e-05,0.0002868115885670079,3.968205793104111e-05,2.6650425943759397e-05,6.478821530012163e-05,1.187114715400042e-05,6.948209485035989e-06,5.074460392229675e-06
67,2.74919633855088e-06,1.6675109206722788e-06,0.000212922035164551,0.00022591645892895148,0.0009705624334785338,0.00032298927080702945,0.0011152235106823975,0.9707647740023063,0.0002564729140342759,2.0930959589440033e-06,0.016713199135561355,3.7704838609527175e-05,2.738595036773608e-06,0.0003499964041313613,0.0006351314596174801,0.007760577918521477,7.924769069572054e-05,5.1092257270140485e-05,0.0001775484106336489,0.00012759581083724304,5.7273344060382695e-05,6.089565912122559e-05,5.149145797994129e-05,1.25137215757682e-05,7.6228677279766305e-06
68,4.285310065976403e-06,2.6373424517680053e-06,0.00018028915247236834,7.630580695198178e-05,0.0008281498435745345,0.00010427055116744297,0.0018257396431886129,0.9771675053709532,0.0004039655517373393,1.1581346219197159e-06,0.011265314632174122,4.103296878370678e-05,9.554922121082823e-07,0.00011820141061435125,0.001250946337026866,0.0062392159701762095,2.2852508275762605e-05,3.2422325434916824e-05,0.00028671749730331086,3.722370689455511e-05,2.335215345619761e-05,6.558670773180879e-05,1.08609167395263e-05,6.08313902884975e-06,4.927526962435423e-06
69,1.0104022731989681e-05,3.6907357014141977e-06,0.0002458949867490811,6.822432605730473e-05,0.0012188669037325197,0.00013901122958030158,0.0022477169173942624,0.9763433960919364,0.0007485990661557704,1.4337651380626873e-06,0.008621903575265884,4.80314826336176e-05,1.3988105122572095e-06,0.00014198362930441716,0.002112518210838582,0.007393879672374521,4.112398996043916e-05,6.751581550968923e-05,0.0003612283491505967,3.9959676387720953e-05,2.6868532569152225e-05,9.287929171686276e-05,7.740565031196272e-06,4.747098074894073e-06,1.1283255493190964e-05
70,4.570529607820917e-06,1.1030083242189468e-06,0.00017842453774640762,6.657136881754052e-05,0.0005028901084769497,4.132008059546736e-05,0.0013964252268903108,0.9870384742504498,0.0002491756899807859,7.696623815235799e-07,0.0037008551303746176,3.3794072587246e-05,9.657486734009528e-07,9.730486109758754e-05,0.0006792079470625737,0.005810115735015385,1.493241856516631e-05,3.632877304193342e-05,6.365178009166678e-05,3.62466348661702e-05,8.993089807970722e-06,2.7472011456005944e-05,3.5993748532374576e-06,1.8479347337087758e-06,4.960024502669469e-06
71,4.521988026827635e-06,2.8731485248099146e-06,0.00019078430114599366,8.86118499491271e-05,0.0008743692332064016,0.00010051885343392538,0.0019457321536576905,0.9775014310375604,0.00041717032804247574,1.3320078276938077e-06,0.010558562688381876,4.635289534877617e-05,1.0940908823472238e-06,0.0001284443484772435,0.0011087318257450441,0.006542780223445414,2.3986730085192562e-05,3.41542823567916e-05,0.0002686102479381044,4.5410466049677075e-05,2.6284828407664218e-05,6.371008477701814e-05,1.260017942297871e-05,6.641678971515247e-06,5.290528334872314e-06
