,0,1,2,3,4,5,6,7,8,9,10,11,12,13,14,15,16,17,18,19,20,21,22,23,24
0,5.7774640298345824e-06,3.0592900133718595e-06,2.9228180167781826e-06,0.0025539681167324876,1.0296889562958764e-08,1.8497899888409722e-10,0.000572359533222833,0.9818176642206233,1.5423518643551223e-05,0.013747715690740646,2.1844334002497944e-09,7.839406698386262e-08,6.433049777382162e-08,1.2477090101526407e-08,1.248969582563156e-08,3.0490919683566154e-05,2.0610354225478933e-06,1.091427868035234e-06,0.00017314706168272852,0.00022157453385764103,1.8861603509836528e-05,2.5854218595939993e-06,1.7541124356519059e-07,0.00013993051926229193,0.000691011055934637
1,6.13919886515585e-06,2.2937170118681615e-06,4.1867576582100276e-06,0.0021421623994088202,1.1210088316160754e-08,2.911015422450657e-10,0.0007445843717375015,0.9812686809608856,2.592429945160357e-05,0.014555042368968414,2.728353561217022e-09,8.66143767408615e-08,8.052987259616269e-08,1.1752705118548392e-08,1.5105606925195103e-08,4.880494597809206e-05,1.6363321465752892e-06,8.9187410212516e-07,0.00019094055596381411,0.0003105031394072353,1.5041617636333085e-05,2.326324777849746e-06,1.5469422258520086e-07,0.00013524614200269273,0.0005452320676705573
2,6.219288186058257e-06,2.2656044119393337e-06,3.4346198535043578e-06,0.0019800977237989167,1.0102072808006615e-08,2.471506121940697e-10,0.0006486145439673262,0.9841360686444489,1.935443726199831e-05,0.012015290736270483,2.4942651952029865e-09,8.871059371823648e-08,7.694300340955385e-08,1.0916190594203148e-08,1.5041897364813954e-08,4.258675027157062e-05,1.9761425407460355e-06,9.436299958045105e-07,0.0001655283954928337,0.00030595694528309065,1.3768665086360601e-05,2.7449431718560265e-06,1.7859981560263106e-07,0.00013807821624188562,0.0005166876587273578
3,6.3507027036068764e-06,2.3851467331965466e-06,3.934565787856219e-06,0.0021845715561769068,1.0718116275500635e-08,2.3951861854697756e-10,0.0006828616344986401,0.9835144846161163,2.0359982599718807e-05,0.01239466132170927,2.6958856349971276e-09,9.021368256604312e-08,8.291868636009768e-08,1.1244831404025377e-08,1.2787933538681007e-08,3.763786935754545e-05,1.8379568538596202e-06,1.0211281879455112e-06,0.00016076562528128126,0.00029868051341772864,1.3857655538512978e-05,2.361011260029174e-06,1.5747211863851697e-07,0.00014853088255837658,0.0005253295404461602
4,6.6797195746389185e-06,2.6259717022816583e-06,4.427783907941832e-06,0.0023641040917962105,1.2404946929674825e-08,2.848413810126364e-10,0.0007489522574718564,0.9822662239514015,2.2569432031104458e-05,0.013336603616446346,3.087131236163639e-09,9.847740683250165e-08,9.781439217568149e-08,1.3125535797586211e-08,1.4187891549386939e-08,4.087020461429072e-05,1.9141392076202683e-06,1.1078162593465235e-06,0.00016851785171034122,0.00032321833098846494,1.4699312755115135e-05,2.507105991648159e-06,1.7444312333555535e-07,0.00015850307304999243,0.0005360615158221045
5,5.824956429395784e-06,2.3590773610335446e-06,3.713532612663147e-06,0.0022981158462694984,1.0528684555273136e-08,2.22042369549537e-10,0.0006410359960820164,0.9836843035605677,1.825341989373257e-05,0.012206270667781485,2.627282557658086e-09,8.563449240661571e-08,8.460461933077983e-08,1.0666137573259422e-08,1.1103504963402081e-08,3.347229137432333e-05,1.8205029603292067e-06,1.0894066521808783e-06,0.00014435284023875213,0.000299829255778842,1.3471059584502812e-05,2.2105609671755116e-06,1.5534037266709585e-07,0.00015194407491204694,0.000491572223397806
6,6.3507027036068764e-06,2.3851467331965466e-06,3.934565787856219e-06,0.0021845715561769068,1.0718116275500635e-08,2.3951861854697756e-10,0.0006828616344986401,0.9835144846161163,2.0359982599718807e-05,0.01239466132170927,2.6958856349971276e-09,9.021368256604312e-08,8.291868636009768e-08,1.1244831404025377e-08,1.2787933538681007e-08,3.763786935754545e-05,1.8379568538596202e-06,1.0211281879455112e-06,0.00016076562528128126,0.00029868051341772864,1.3857655538512978e-05,2.361011260029174e-06,1.5747211863851697e-07,0.00014853088255837658,0.0005253295404461602
7,6.765660624655358e-06,2.715243918576261e-06,4.536545356660454e-06,0.002364149208350784,1.0621164307614607e-08,2.4068195121299765e-10,0.0007965193779095296,0.9834116816459443,2.2559705535809407e-05,0.012163101694116885,3.254644961573803e-09,9.156933287989999e-08,1.0682772415211965e-07,1.1216305275432647e-08,1.2388914390799391e-08,3.331705382046345e-05,1.864395261649388e-06,1.1456023618192262e-06,0.00014796518113635872,0.0003419348439169624,1.258090250208582e-05,2.194668599370905e-06,1.520773680964352e-07,0.00017575184908233177,0.0005108282254257784
8,1.1701075615838686e-05,3.863430182516943e-06,5.436407774598826e-06,0.0022029253142626694,1.980106909999794e-08,1.121041201023523e-09,0.0013089984594443931,0.9805831117034175,3.671025690110069e-05,0.014220700444118425,1.2622504087812684e-08,2.671221779065861e-07,1.6662098048853737e-07,2.6959778208149532e-08,2.450823185456567e-08,6.802098354886914e-05,2.294448222028583e-06,3.1083197961067924e-06,0.00036983031513578273,0.0006230730313872117,2.3940214784201815e-05,6.530168819189974e-06,2.498470379534816e-07,0.00012203834936679098,0.0004069484744019411
9,1.1007745638860109e-05,2.9091397681262935e-06,3.5244593547688057e-06,0.0017278613047602934,2.1407009055917552e-08,1.0367853428614494e-09,0.000815427368180007,0.9795731954500211,2.458439701947084e-05,0.016317929476544462,6.295289648744079e-09,2.4269417533137725e-07,7.357601490277922e-08,2.9998730010169024e-08,2.7507629863920023e-08,0.00010425607138142022,2.6036890119798026e-06,1.987555991418558e-06,0.0004898441085290965,0.00034319474358278915,3.2505787334402334e-05,9.308570546198499e-06,3.166292388956567e-07,7.542965540267278e-05,0.00046371133205990773
10,6.3507027036068764e-06,2.3851467331965466e-06,3.934565787856219e-06,0.0021845715561769068,1.0718116275500635e-08,2.3951861854697756e-10,0.0006828616344986401,0.9835144846161163,2.0359982599718807e-05,0.01239466132170927,2.6958856349971276e-09,9.021368256604312e-08,8.291868636009768e-08,1.1244831404025377e-08,1.2787933538681007e-08,3.763786935754545e-05,1.8379568538596202e-06,1.0211281879455112e-06,0.00016076562528128126,0.00029868051341772864,1.3857655538512978e-05,2.361011260029174e-06,1.5747211863851697e-07,0.00014853088255837658,0.0005253295404461602
11,6.39738560473855e-06,2.4511638341855525e-06,4.038258566585751e-06,0.0022362825003401318,1.0948332615667934e-08,2.4363769542679564e-10,0.000695235915474058,0.9833964487726664,2.0593774829123843e-05,0.012443548596787058,2.805932105210198e-09,9.171563280266449e-08,8.880587030132044e-08,1.1427338686398905e-08,1.2775866572487933e-08,3.714989524357001e-05,1.8821912361678276e-06,1.0582400794546683e-06,0.0001578022326447847,0.00030788534253597814,1.374944424151891e-05,2.359629007546203e-06,1.603366703730203e-07,0.00015423872219980846,0.0005184988754278025
12,6.540778808469225e-06,2.537657881767155e-06,3.8831206736872834e-06,0.002286085379282002,1.1892782813320326e-08,2.603645766316486e-10,0.0006618522554756309,0.9828095615618788,1.8447383086163196e-05,0.013004592942720682,2.738302271254344e-09,9.938036549157967e-08,8.756735731808036e-08,1.2701630217579872e-08,1.2799102418617465e-08,3.977806299844144e-05,2.0131616314967347e-06,1.1606448262189908e-06,0.00016118530813392327,0.00030623388467212196,1.4840963719552723e-05,2.6972211735494904e-06,1.8007055111698368e-07,0.00015126913281194912,0.0005269131297691735
13,6.235123798676283e-06,2.6006151076321047e-06,3.721957497461475e-06,0.0022758416939315886,1.0390908543079218e-08,2.537130519344548e-10,0.0007220002579951589,0.9813742905503149,2.0683513609951656e-05,0.014364615388101664,2.5277735686264482e-09,7.865428543331809e-08,8.641723741262424e-08,1.0776371397458009e-08,1.2581076664001093e-08,3.9727170301409464e-05,1.7571895741697867e-06,1.0949471818006389e-06,0.00015559062430022116,0.0003132967663122446,1.3516947212032555e-05,2.367526305175943e-06,1.6498381841589095e-07,0.00016062750489796658,0.0005416656383734527
14,8.533280004512257e-06,1.4093329042281931e-06,4.8080435082749946e-06,0.0019179881470094886,9.688520928593954e-09,1.932261237093005e-10,0.0006394445880079947,0.9889361357889083,1.881791877689431e-05,0.007295269963788998,2.4809597146599053e-09,1.4057547789615017e-07,6.22944710328591e-08,1.335374762148261e-08,1.2158474188103675e-08,4.077604939124042e-05,1.930713656394774e-06,7.422221997573231e-07,0.00017880506070090367,0.000271005011902745,1.2935764453291122e-05,2.225797038573816e-06,1.4743772488893885e-07,0.00010414273775078163,0.0005646413973953551
15,6.3507027036068764e-06,2.3851467331965466e-06,3.934565787856219e-06,0.0021845715561769068,1.0718116275500635e-08,2.3951861854697756e-10,0.0006828616344986401,0.9835144846161163,2.0359982599718807e-05,0.01239466132170927,2.6958856349971276e-09,9.021368256604312e-08,8.291868636009768e-08,1.1244831404025377e-08,1.2787933538681007e-08,3.763786935754545e-05,1.8379568538596202e-06,1.0211281879455112e-06,0.00016076562528128126,0.00029868051341772864,1.3857655538512978e-05,2.361011260029174e-06,1.5747211863851697e-07,0.00014853088255837658,0.0005253295404461602
16,6.207615660017216e-06,2.6301218603498633e-06,3.278009923575864e-06,0.0023735604153435814,1.0380471297249066e-08,2.5715750868543794e-10,0.0006879360326134604,0.9804910226687414,1.720528891462478e-05,0.015217582078601355,2.605781461878698e-09,8.60917978565761e-08,7.554519523698421e-08,1.2016409279246495e-08,1.1659248209342148e-08,4.0756312850078005e-05,1.8056709617127695e-06,1.251700318965762e-06,0.0001649537564000042,0.0002919209806483457,1.7288500278827646e-05,2.6039277525354244e-06,1.7337098083174107e-07,0.00014229728621634072,0.0005373277058731829
17,6.166309936938399e-06,2.394396884765778e-06,3.779085360063748e-06,0.0020018247001419467,1.0300799366384155e-08,2.365413735875002e-10,0.0006759913580734748,0.9832830128818558,2.1379874564766692e-05,0.012833458994611177,2.5774095293875194e-09,8.330726722544856e-08,7.854479036040272e-08,1.021473124082724e-08,1.353322229077046e-08,3.841230640352978e-05,1.7968686723460104e-06,9.379300768481035e-07,0.00016633177766426082,0.0002861150536443689,1.3504984158990801e-05,2.364817809675274e-06,1.4686832383914003e-07,0.00014768491406096524,0.0005144981629949178
18,8.10670301517056e-06,2.6679942289094414e-06,3.783742020193019e-06,0.0020212597114830097,9.097619191556348e-09,1.9011591891539014e-10,0.0006991017953331262,0.9844895618872493,1.64671456761222e-05,0.011492176222597275,2.4189914576656513e-09,1.038973150321044e-07,8.395486959042687e-08,1.121921740297294e-08,1.1740092863757552e-08,3.462023341844235e-05,2.347462692742152e-06,1.2206813931318766e-06,0.00015391877643550417,0.00028422778795584723,1.356660386886689e-05,2.8248121588164926e-06,1.6239406681145875e-07,0.00017099417746028352,0.0006027693507248124
19,5.4941662065431636e-06,2.3896614757657295e-06,4.770991973110078e-06,0.0024073987409350918,1.3505489299455941e-08,2.4980662796049926e-10,0.0006278199911046215,0.9832771761872482,2.2305858680012034e-05,0.012502623910966727,2.905242292426373e-09,9.983512396622074e-08,9.558880190823207e-08,1.2696336025580893e-08,1.2081392142020254e-08,3.3701368052695744e-05,1.8130469534105209e-06,9.820248900874718e-07,0.00015506451056786192,0.00030607395919435493,1.3672036092940987e-05,2.28297955757942e-06,1.4418218997491752e-07,0.0001456330133110172,0.0004904165084077816
20,4.856369200401899e-06,2.0724304853731098e-06,2.988638095492949e-06,0.001744790695352306,9.631823675632781e-09,1.8418089239332278e-10,0.0005021249261362238,0.9861195470619513,1.6789938152384785e-05,0.010634032376035276,2.1783831934893767e-09,7.55403829225095e-08,6.449076941244904e-08,8.60684125804867e-09,1.2161698911940302e-08,2.9391415117834367e-05,1.9006086071813411e-06,8.327092744626887e-07,0.00014545245332908547,0.0002421492505930878,1.2545977526087383e-05,2.5484115073807938e-06,1.3560293814722257e-07,0.0001290258305236228,0.00040864251109426865
21,8.238756007988096e-06,2.6217084196856062e-06,4.830984409619855e-06,0.002738947805934541,1.2162063003379935e-08,3.223132959244499e-10,0.0009425042000053422,0.9806687553333014,2.03389731886078e-05,0.014207051106608186,3.317648543341411e-09,1.1999802073674521e-07,1.1189825291484158e-07,1.5952737391894305e-08,1.338887278503408e-08,5.455658937730543e-05,1.8612494265870836e-06,1.302387017449409e-06,0.00017038682092071668,0.0003995151163964654,1.574783569649429e-05,2.4231659805339033e-06,2.1798688973506356e-07,0.00016645183856354537,0.0005939711019468286
22,6.1060154481434575e-06,3.0424500247749403e-06,4.674423739255024e-06,0.00232546668911266,1.0486648360560987e-08,2.225389948381217e-10,0.0008807428662802559,0.9803075173154843,2.8791361473188766e-05,0.015088107423188446,2.505762688383583e-09,7.243894149745807e-08,1.1319046879763767e-07,1.0200004652337511e-08,1.5321677456363574e-08,3.658510843207603e-05,1.5842148370814203e-06,7.852243152958435e-07,0.00015931485186769802,0.0003123150745966283,1.0646656187115222e-05,1.841015069883424e-06,1.41647948666658e-07,0.00019447945166267634,0.000637633844289254
23,6.3507027036068764e-06,2.3851467331965466e-06,3.934565787856219e-06,0.0021845715561769068,1.0718116275500635e-08,2.3951861854697756e-10,0.0006828616344986401,0.9835144846161163,2.0359982599718807e-05,0.01239466132170927,2.6958856349971276e-09,9.021368256604312e-08,8.291868636009768e-08,1.1244831404025377e-08,1.2787933538681007e-08,3.763786935754545e-05,1.8379568538596202e-06,1.0211281879455112e-06,0.00016076562528128126,0.00029868051341772864,1.3857655538512978e-05,2.361011260029174e-06,1.5747211863851697e-07,0.00014853088255837658,0.0005253295404461602
24,7.951081954054919e-06,1.7371033272721012e-06,3.827939499231555e-06,0.0012131045433951208,7.751717283925798e-09,1.751886776967539e-10,0.00064699304873626,0.9877801247644231,2.2910167557344616e-05,0.00921824512742746,2.0065029965418455e-09,8.117557368876238e-08,5.637020257151967e-08,7.160813113306943e-09,1.6381409014037607e-08,4.258255120480895e-05,2.037596360295662e-06,6.08401412140124e-07,0.00016794190636243856,0.00022051227817599346,1.0898179952329018e-05,2.2977471709416883e-06,1.2184291283961327e-07,0.00015391318658332574,0.000504021512137709
25,5.049870840104925e-05,8.355269798141144e-05,1.4858733508947897e-05,0.0027368836744791772,8.078899610363032e-08,2.18911017149534e-08,0.004637683103001904,0.5480567222540301,0.0006859092261438232,0.41827987498668984,4.47730946544061e-09,7.274464530394057e-08,1.9566327485667648e-07,1.435694407993489e-07,1.1786439912836631e-06,0.001489175972166777,2.4961548239059306e-06,2.8275884001719186e-06,0.0017877250600426408,0.0003859945635958296,8.837957750782147e-05,2.9015781248124518e-05,1.3320849155836232e-06,0.0005979450386804788,0.021067427015622846
26,7.022412736843984e-06,2.384174257053657e-06,4.058978840712915e-06,0.0019107881465924284,9.03002237878716e-09,1.7894756871159898e-10,0.0006576511117738057,0.9860519726412085,1.8711924586744525e-05,0.010244266077678298,2.5154331575413147e-09,8.170297536590001e-08,9.277231265245544e-08,8.313074807739832e-09,1.0446832622437071e-08,2.7325517983194016e-05,2.088962102019447e-06,1.0907757097240853e-06,0.00012155567605788002,0.0002860184944553893,1.0421261469173365e-05,2.0909129601787415e-06,1.3196071395781916e-07,0.0001960292373427825,0.00045618677393283554
27,1.4442509746683464e-05,5.282142215330842e-06,1.2044977152810835e-05,0.01071227540855611,4.286255554114375e-08,4.592462049824501e-10,0.0022420888269775933,0.9692156062255388,1.1651972979897661e-05,0.01606479944470408,1.3439471267380659e-08,4.355569403775946e-07,6.91968715068919e-07,7.106448285560628e-08,6.733671105585547e-09,4.635872368848164e-05,2.84984902395844e-06,4.796585846989859e-06,0.00018571240447930022,0.0005377356370253977,2.9346619675688282e-05,1.2193155211861948e-06,5.11791199900977e-07,0.000392545341725098,0.0005194701388602583
28,6.3507027036068764e-06,2.3851467331965466e-06,3.934565787856219e-06,0.0021845715561769068,1.0718116275500635e-08,2.3951861854697756e-10,0.0006828616344986401,0.9835144846161163,2.0359982599718807e-05,0.01239466132170927,2.6958856349971276e-09,9.021368256604312e-08,8.291868636009768e-08,1.1244831404025377e-08,1.2787933538681007e-08,3.763786935754545e-05,1.8379568538596202e-06,1.0211281879455112e-06,0.00016076562528128126,0.00029868051341772864,1.3857655538512978e-05,2.361011260029174e-06,1.5747211863851697e-07,0.00014853088255837658,0.0005253295404461602
29,6.3507027036068764e-06,2.3851467331965466e-06,3.934565787856219e-06,0.0021845715561769068,1.0718116275500635e-08,2.3951861854697756e-10,0.0006828616344986401,0.9835144846161163,2.0359982599718807e-05,0.01239466132170927,2.6958856349971276e-09,9.021368256604312e-08,8.291868636009768e-08,1.1244831404025377e-08,1.2787933538681007e-08,3.763786935754545e-05,1.8379568538596202e-06,1.0211281879455112e-06,0.00016076562528128126,0.00029868051341772864,1.3857655538512978e-05,2.361011260029174e-06,1.5747211863851697e-07,0.00014853088255837658,0.0005253295404461602
30,6.3507027036068764e-06,2.3851467331965466e-06,3.934565787856219e-06,0.0021845715561769068,1.0718116275500635e-08,2.3951861854697756e-10,0.0006828616344986401,0.9835144846161163,2.0359982599718807e-05,0.01239466132170927,2.6958856349971276e-09,9.021368256604312e-08,8.291868636009768e-08,1.1244831404025377e-08,1.2787933538681007e-08,3.763786935754545e-05,1.8379568538596202e-06,1.0211281879455112e-06,0.00016076562528128126,0.00029868051341772864,1.3857655538512978e-05,2.361011260029174e-06,1.5747211863851697e-07,0.00014853088255837658,0.0005253295404461602
31,5.4304132334542915e-06,2.178684126647261e-06,3.723108155764241e-06,0.002134685648967162,9.83100128612826e-09,1.6207018188575967e-10,0.0005401265577675229,0.9855316307654525,1.616790179629411e-05,0.010719478400422845,2.1788520822302154e-09,8.134765649389457e-08,8.221057353577341e-08,8.969344899836804e-09,9.117945609952424e-09,2.6496427791338356e-05,1.8440401931470818e-06,9.674165781725879e-07,0.00012408702588947767,0.00026426342468839224,1.1561131217609744e-05,1.9036869889829975e-06,1.2715659079719898e-07,0.00015947509044133225,0.0004556593022546137
32,6.305368218235818e-06,2.367832859966775e-06,3.861315941584119e-06,0.002110278983820917,1.081013008784351e-08,2.4275898646752317e-10,0.0006677037964969781,0.983545456816724,2.082584189515273e-05,0.012462313578206366,2.6695896998546445e-09,9.037220403679831e-08,8.078152201443036e-08,1.1238914766720309e-08,1.3311137997222897e-08,3.825566409671509e-05,1.8604159754165029e-06,9.94199923134637e-07,0.00016810623781671002,0.00029029597374050786,1.4122906947740287e-05,2.4502971730831976e-06,1.5550746355943874e-07,0.00014365859729765707,0.0005207772391447034
33,6.408501730944142e-06,2.3311042186934234e-06,4.144482625205014e-06,0.0022196493805674727,1.057299573894272e-08,2.3928027064057015e-10,0.0007098629640623919,0.9833789245522514,2.1905544273757355e-05,0.012433677469945559,2.7018166905384524e-09,8.881670118394426e-08,8.163889617801095e-08,1.121663228063707e-08,1.2973113197548842e-08,3.83647466048366e-05,1.746857600494865e-06,9.716289891678846e-07,0.0001635039140768006,0.00029829223799341444,1.3855851340527528e-05,2.1839549103960284e-06,1.5228442448836814e-07,0.00014840245274799885,0.0005554139122010983
34,3.1522742879650995e-06,1.957882796677479e-06,2.490723445216781e-06,0.0029529644264163165,1.0725106671973937e-08,1.453291806090922e-10,0.0004125717683982322,0.9850212712737805,6.647839045132753e-06,0.010687116411170075,2.1097848555535285e-09,8.60056064672614e-08,7.967728315452823e-08,9.98017142117567e-09,5.654690004170104e-09,2.451085828606643e-05,1.9466261156930793e-06,1.2257909916243766e-06,8.682676502837147e-05,0.0003301650030276637,1.275098377620617e-05,2.033716147827995e-06,1.9993156702815134e-07,0.00013142967259525552,0.00032054375515212113
35,6.115512774579156e-06,7.030350260286541e-06,6.256992433294818e-05,0.00995366438653749,4.730967438410843e-07,2.2818229985289423e-08,0.004533813473635083,0.9268485602310513,0.00012601362879503523,0.050542310354965946,5.9096466874205114e-08,8.682773163864526e-07,1.1601504047331388e-06,4.888959191554609e-07,3.799065272569829e-07,0.0021919799606182305,2.0735658569965992e-06,1.1379301126612432e-06,0.0007152247322132974,0.004179099440129549,7.696454948148313e-05,7.903555545168191e-06,3.5809465901570066e-06,0.00019409431766553625,0.0005444108978257461
36,6.471646822539161e-06,3.1332971447854286e-06,3.7610900198608436e-06,0.0028695047366262424,1.0760068496223466e-08,3.7527169424659127e-10,0.0009309855519139314,0.9786747636183617,2.1315043703926574e-05,0.016173212441333136,3.918578227238458e-09,7.624283484100802e-08,1.0452502528050147e-07,1.1813887058356207e-08,1.2292123988804913e-08,4.243271477081258e-05,1.550253155526371e-06,1.6432459267820926e-06,0.0001400733064277672,0.0004446523844949811,1.5051226774080768e-05,2.3941065762916472e-06,2.071210998679537e-07,0.0001770473741639865,0.000491580912894343
37,1.1319347984796448e-05,2.6955279200370483e-06,5.119091343120362e-06,0.0023538587312273984,1.081581668655144e-08,2.523621309644478e-10,0.0009024867166588768,0.9849994129633968,1.8672965404294402e-05,0.010328828440470235,3.5367098266432243e-09,1.375256337534484e-07,9.964692950796952e-08,1.5072443800430108e-08,1.2549131437322018e-08,4.11909530668187e-05,2.2062629060337922e-06,1.4528787741481556e-06,0.00017007789329220714,0.0003387263719006165,1.4937946758494432e-05,2.6256183334350914e-06,1.8154887180052784e-07,0.00017872131215531005,0.0006272060305084425
38,9.69855596767368e-06,2.838292310355679e-06,4.42668776801989e-06,0.0021094155104185606,1.1979363133454801e-08,4.0117834200289947e-10,0.001089912296514195,0.9804581287573593,2.4257062143016303e-05,0.014866291809636743,3.639971542404375e-09,1.0940575047960951e-07,9.444934144764887e-08,1.5193535984097877e-08,2.0160279343724345e-08,6.876338403490546e-05,1.971793494076533e-06,1.2413539799089575e-06,0.00021896902487093432,0.0003572876628710982,1.71731054877217e-05,3.1546551529661597e-06,2.3587873927046942e-07,0.00017076000859542483,0.0005952189312352811
39,2.488187900250059e-05,2.889943446010158e-05,9.120702244325877e-06,0.0042430374293281085,1.7497623172901948e-08,8.759970260058313e-10,0.0033182140192353914,0.9466536216141843,7.284822491489676e-05,0.04201459985784744,8.54438757921381e-09,1.1375891040502238e-07,6.058471231066801e-07,3.184378562422987e-08,4.535352223812146e-08,5.0171803375400775e-05,3.6897844575607228e-06,4.943303265026353e-06,0.00023041220158171382,0.0007438627790732735,1.5451965707304364e-05,7.960004594177884e-06,3.723141798139339e-07,0.0007569785391491327,0.0018201104220504233
40,6.473243546503138e-06,2.4018837266448643e-06,3.975745418087534e-06,0.002177049271628221,1.0808792166975966e-08,2.4194775817829365e-10,0.0006866263319126382,0.9835777522963106,2.0509712861975565e-05,0.012327583371442042,2.7289496212070887e-09,9.17623113991531e-08,8.28092038927396e-08,1.1431888266696944e-08,1.3017851162597316e-08,3.789590870108239e-05,1.8586514275095642e-06,1.0259554722625985e-06,0.00016294964033843214,0.000297704753002254,1.4010054173351758e-05,2.4001865649074254e-06,1.5848763465790495e-07,0.00014850212674704107,0.0005309095781474268
41,7.4390558811202135e-06,2.5208383839977752e-06,3.105308595857414e-06,0.0023497998722914666,8.110043001258975e-09,1.7375651622349542e-10,0.0007095791128984298,0.9855543605952183,1.1470233012951563e-05,0.010250575770250504,2.9334338969430232e-09,1.194302557206703e-07,1.0392760151826542e-07,1.0910879973932026e-08,7.532780863293341e-09,2.7995667092474226e-05,2.33281316942225e-06,1.5726915195139176e-06,0.00013511405159050277,0.000349388587152509,1.2118081545863049e-05,2.660292492758949e-06,1.7015837889588467e-07,0.00015066058824054484,0.0004288832635333084
42,4.470774304927812e-06,1.5901411794546022e-06,2.490777715915318e-06,0.001412448957050536,7.567306800934197e-09,1.5031313762997643e-10,0.00044042743204099116,0.9876734887086329,1.5157934503955061e-05,0.00956241055457896,1.7185865678468743e-09,6.744843104405676e-08,4.6232344257374095e-08,6.8425231756155235e-09,1.1473352560345424e-08,3.231492211464517e-05,1.7395836249614115e-06,6.192466639778719e-07,0.00015607409962067838,0.00022190626952308125,1.1995069541989317e-05,2.4345635751794893e-06,1.1242914027398773e-07,9.985260187969771e-05,0.0003603245014504421
43,2.153165799318733e-05,3.3858539804350797e-06,1.4348930668275078e-05,0.004353662351808612,1.1941945825519119e-08,2.3938049397117383e-10,0.0018981496940668682,0.9851970508834564,2.705456403588924e-05,0.006344970404542384,7.3832080448355475e-09,3.0570138760724755e-07,2.8521665428254716e-07,2.8614914060735807e-08,1.1173709905684848e-08,3.089802098115496e-05,2.4182002663427526e-06,2.0716067711329345e-06,0.00014799636768597779,0.0006600802959722697,1.070923062609032e-05,1.7123246130502722e-06,2.117335151558219e-07,0.00027667324567321524,0.0010064243621433946
44,6.3507027036068764e-06,2.3851467331965466e-06,3.934565787856219e-06,0.0021845715561769068,1.0718116275500635e-08,2.3951861854697756e-10,0.0006828616344986401,0.9835144846161163,2.0359982599718807e-05,0.01239466132170927,2.6958856349971276e-09,9.021368256604312e-08,8.291868636009768e-08,1.1244831404025377e-08,1.2787933538681007e-08,3.763786935754545e-05,1.8379568538596202e-06,1.0211281879455112e-06,0.00016076562528128126,0.00029868051341772864,1.3857655538512978e-05,2.361011260029174e-06,1.5747211863851697e-07,0.00014853088255837658,0.0005253295404461602
45,9.53479350199063e-06,5.2828787745872566e-06,4.037793637601474e-06,0.0047364167369033814,1.3886673768983462e-08,4.223192967966643e-10,0.0007171380203931625,0.9672620704825904,1.612163616041334e-05,0.02506767791407043,3.29582779659402e-09,1.4025130632715427e-07,9.750057872249577e-08,2.591240495427825e-08,1.0487576935260695e-08,5.1067644632244256e-05,2.4250636870110982e-06,3.3784743897144957e-06,0.00019380998658170598,0.00042466578592104245,3.3096969382473106e-05,3.7654380989060613e-06,2.856340704099151e-07,0.0001581139772432423,0.0013108190132734754
46,6.080659775473325e-06,2.2456574348073307e-06,3.6455428863758696e-06,0.002058055714075292,1.0109570433440615e-08,2.0482982695102692e-10,0.0006043280068736258,0.9850527451586243,1.788141580290391e-05,0.01114069641357944,2.51256142878205e-09,8.937045902621842e-08,7.928339513539041e-08,1.0143935003440774e-08,1.1702668968119357e-08,3.318147464447343e-05,1.9785982243691246e-06,9.86443776383384e-07,0.00014887938744333743,0.0002822412090283879,1.3004428131705243e-05,2.3455621131430932e-06,1.495897796541228e-07,0.0001464232730467471,0.00048492813733991643
47,5.889013529804369e-06,2.3663229300263843e-06,3.968667143614382e-06,0.0022753760757966706,1.1152060754020338e-08,2.4139003806960773e-10,0.0006694414975020247,0.9831594997014148,2.1146533355997233e-05,0.012684416593600735,2.693632605400293e-09,8.612015341731968e-08,8.379870822882642e-08,1.1263836694698351e-08,1.2683404084062221e-08,3.644732389144898e-05,1.763241800802696e-06,9.86790308618476e-07,0.00015918816777854748,0.00029399301132674915,1.3858720577318036e-05,2.222094366071302e-06,1.5512444616093338e-07,0.0001470969276562745,0.0005219762393884074
48,1.739573007560972e-05,3.301579468859366e-06,3.6616323966215355e-05,0.007356684699177256,3.700706090308478e-08,2.042377225567088e-09,0.002663833211711494,0.9672090911517982,9.212242895970192e-05,0.018908822886075198,1.5186523154279824e-08,3.4924563257814167e-07,2.734757457536215e-07,6.354523930975295e-08,2.2637029050911493e-08,0.00015489561966054128,8.992219266623002e-07,2.565509474978487e-06,0.00018891640992018595,0.0014541102939063856,2.4025801118157107e-05,1.468495322348442e-06,3.488899319646792e-07,0.00024043495129521375,0.0016437036566029036
49,6.118435530485332e-06,2.133350157313273e-06,4.34521415362132e-06,0.0022225392602892263,1.1761817904204693e-08,2.622611638237915e-10,0.0006368671121743759,0.9845559080965907,1.9990353881119832e-05,0.011395197168340039,2.9466622658323314e-09,1.1049889056106533e-07,8.622766536734012e-08,1.253718522100476e-08,1.2013610497126653e-08,3.784497340604387e-05,1.8490699757726264e-06,1.065744069624982e-06,0.00015697248593287381,0.00033442763199240696,1.4025725065816822e-05,2.5268193289964368e-06,1.5532327284147292e-07,0.00013089155572971285,0.00047690543201623026
50,5.935874101113344e-06,2.1995274028765664e-06,4.7541288627341444e-06,0.0024434030629077942,1.201500443205459e-08,1.3804844353141693e-10,0.0003439464617474162,0.9913296527336481,1.1655418661137535e-05,0.004839229152696711,3.800045924659165e-09,1.5133449005679817e-07,9.953397039184698e-08,1.0162779760670426e-08,7.28505628652721e-09,1.2553561234643942e-05,2.9537213660487573e-06,1.5950132141622217e-06,8.136365737973704e-05,0.00031224014812787404,1.205467189762718e-05,1.839343523722077e-06,1.3769207031758156e-07,0.00017507850720728638,0.0004191230545550717
51,9.022712364220258e-06,2.7306630255618518e-06,5.934897222867758e-06,0.002030821702257918,1.4940348785467742e-08,4.3471191765294135e-10,0.0008495839500222237,0.9797036769125119,3.367765128639398e-05,0.015670783931544318,2.95828853276985e-09,1.1834584556805883e-07,1.0701095894547838e-07,1.460775000913531e-08,2.4756136566793093e-08,8.358097204871726e-05,2.195268300424386e-06,9.189331503076069e-07,0.00021924876101470287,0.0004052970462484396,1.4479981995440944e-05,3.0309368612877937e-06,2.2146931542357284e-07,0.00018116278089992896,0.0007833483758896755
52,7.674277813910206e-06,2.9490053581273474e-06,4.105264070834688e-06,0.002454985473551671,1.0921713516403785e-08,3.5702660241511335e-10,0.0008772593715965899,0.9803289513117408,2.2225519837396034e-05,0.014968042133184811,3.4907535352723193e-09,9.432800444726276e-08,1.09806371819448e-07,1.258763724086258e-08,1.3314908028560822e-08,4.46875347342256e-05,1.8843615718963374e-06,1.6255112061413598e-06,0.00015051281377230223,0.0004151523249884241,1.4484563993277279e-05,2.8364296340468674e-06,1.9969890364036195e-07,0.00018004107818859192,0.0005221385194381555
53,4.931906366170995e-06,2.3439909052826463e-06,3.2247397407477463e-06,0.0021640340596922533,2.1722694940699985e-08,1.8337583422807389e-10,0.00024193862048435568,0.9862227234176134,1.1252080812965737e-05,0.01044200155025849,1.9855364381695494e-09,1.321051105347328e-07,6.691549874852578e-08,1.3785268367150134e-08,9.083699493405507e-09,2.3487955434985682e-05,2.7405618901690196e-06,9.759689976465404e-07,0.00017140508975181833,0.00015651228205807328,1.8058033196834854e-05,2.6589632911301206e-06,1.241507052264132e-07,0.00011033588146439383,0.00042100496615157985
54,2.041888962022557e-07,1.035856563493858e-07,4.732711116937455e-07,0.0008628307444413578,1.3054944003760992e-08,1.1938132439383944e-11,9.06268770636596e-06,0.9985049682966832,9.85717642113824e-07,0.0005279537989413231,1.3390915662078204e-09,3.055535016380178e-08,1.7545616014596506e-08,5.403586909613136e-10,3.3604080276054464e-10,3.5441607842138336e-07,1.5321823505471016e-06,3.0049380601786255e-07,1.3491373735808069e-05,3.567123575584144e-05,2.387291603684242e-06,2.1622258422485203e-07,1.4235080387680325e-08,3.317337805872284e-05,6.213496528279298e-06
55,6.698821443954594e-06,2.438100861841234e-06,4.1129074494232914e-06,0.0022351829271465553,1.0493436964430516e-08,2.4069824984952614e-10,0.0007182120049667709,0.9835691868466556,2.0874519372055526e-05,0.012221151945646781,2.812576908510659e-09,9.358757731589591e-08,8.747875323061498e-08,1.139279825830948e-08,1.2521543535032622e-08,3.701730422054992e-05,1.8338506348921802e-06,1.0749325993045558e-06,0.00015842593190096638,0.000312645437239644,1.3580195185134858e-05,2.3162702670412624e-06,1.564397817321627e-07,0.00015368641661560385,0.000541186620627933
56,6.445178061995202e-06,2.5018524547825935e-06,4.117817267311112e-06,0.0022663820202116695,1.123204812900404e-08,2.5188303130237216e-10,0.0007081301714120999,0.9832250453605109,2.1055356675591373e-05,0.012558612468990728,2.886846272561585e-09,9.315084206998547e-08,9.124483414219265e-08,1.176744679710237e-08,1.3162921380119951e-08,3.7720267551282085e-05,1.8909951733002568e-06,1.067431667799893e-06,0.00016029498604843524,0.00031310397223384125,1.387224855415366e-05,2.3899449940530257e-06,1.6369816189008683e-07,0.00015513097491526786,0.0005218515582931843
57,5.511487906797613e-06,2.027696499512177e-06,3.870020873461518e-06,0.001861389339318934,1.1927402330308069e-08,2.295393176697918e-10,0.000516392642443849,0.9847168665927615,1.9209005729719886e-05,0.011792390577890775,2.3773745302266034e-09,1.0593850239284335e-07,7.484774281159088e-08,1.0957295532636403e-08,1.2452998307651289e-08,3.921786746880625e-05,2.0098791189106086e-06,8.639455745242718e-07,0.00017438998686239313,0.0002774970928098892,1.43554108284569e-05,2.6048416718866043e-06,1.3442575487281859e-07,0.00012067756773455427,0.0004503728878960206
58,6.226920252283483e-06,2.3999200476257004e-06,3.856552889554497e-06,0.002103041105245596,1.04462911997216e-08,2.236728463801219e-10,0.0006705509687569535,0.9839976260045565,1.9732897529351306e-05,0.012046378746081285,2.6624968126535908e-09,8.644403679091637e-08,8.371495605381059e-08,1.0503370725491548e-08,1.2541603610175806e-08,3.4996739984293745e-05,1.9062518048349671e-06,1.0212783679318479e-06,0.00015232657130612366,0.00028756071192859346,1.3385465488515222e-05,2.3299106266438612e-06,1.546331118514023e-07,0.00015763854473538775,0.0004986602408583755
59,6.190228118048085e-06,2.34626929802455e-06,4.0550520961473975e-06,0.0021034235080092845,1.0574030368799258e-08,2.1795194876802864e-10,0.0006626620911956898,0.9841428112210913,1.9380593703001543e-05,0.011912616926095571,2.6141599940572425e-09,8.790784518176863e-08,8.49822077836448e-08,1.039332362602185e-08,1.2016226923114703e-08,3.50668049612454e-05,1.8877779921309064e-06,1.0198573372192518e-06,0.00014504132962679284,0.0002930075097609032,1.312548149642617e-05,2.242729778013369e-06,1.5041165678178598e-07,0.00016302446148153574,0.0004917390405561299
60,6.3507027036068764e-06,2.3851467331965466e-06,3.934565787856219e-06,0.0021845715561769068,1.0718116275500635e-08,2.3951861854697756e-10,0.0006828616344986401,0.9835144846161163,2.0359982599718807e-05,0.01239466132170927,2.6958856349971276e-09,9.021368256604312e-08,8.291868636009768e-08,1.1244831404025377e-08,1.2787933538681007e-08,3.763786935754545e-05,1.8379568538596202e-06,1.0211281879455112e-06,0.00016076562528128126,0.00029868051341772864,1.3857655538512978e-05,2.361011260029174e-06,1.5747211863851697e-07,0.00014853088255837658,0.0005253295404461602
61,6.297825900637035e-06,2.395827818977277e-06,4.285596798793055e-06,0.0021423268090370842,1.0932999271517636e-08,2.3106542176099884e-10,0.0006803606588382522,0.9840105045859381,2.063870252335485e-05,0.011956659853829326,2.7760123193865813e-09,9.27184528441562e-08,8.726480026820992e-08,1.1011511603066843e-08,1.2519304615568776e-08,3.596745394661793e-05,1.8844008142708647e-06,1.028658126219158e-06,0.0001513462709785549,0.00030548145568184027,1.3439540211523883e-05,2.316835236852554e-06,1.5058493072286324e-07,0.00015886713045430882,0.000505830354788358
62,6.3507027036068764e-06,2.3851467331965466e-06,3.934565787856219e-06,0.0021845715561769068,1.0718116275500635e-08,2.3951861854697756e-10,0.0006828616344986401,0.9835144846161163,2.0359982599718807e-05,0.01239466132170927,2.6958856349971276e-09,9.021368256604312e-08,8.291868636009768e-08,1.1244831404025377e-08,1.2787933538681007e-08,3.763786935754545e-05,1.8379568538596202e-06,1.0211281879455112e-06,0.00016076562528128126,0.00029868051341772864,1.3857655538512978e-05,2.361011260029174e-06,1.5747211863851697e-07,0.00014853088255837658,0.0005253295404461602
63,6.47640866743586e-06,2.5744309440345482e-06,3.988214669518042e-06,0.0022022476995406702,1.078500669368743e-08,2.43576889114567e-10,0.0006998422864007784,0.98324093165434,2.10288212627061e-05,0.012614523952641557,2.8206369306522154e-09,8.868317321075921e-08,8.699220362316662e-08,1.1219246874150871e-08,1.3210350920517194e-08,3.6555739476349835e-05,1.8919561428691077e-06,1.069544667159379e-06,0.00016040308112241696,0.0003036965792214824,1.3915207672054376e-05,2.422204712441297e-06,1.5815746188402024e-07,0.00015683231497662796,0.0005312277918848803
64,6.288628609233558e-06,2.334718715771437e-06,3.875317894227726e-06,0.0021116069348565388,1.0903948771371128e-08,2.355977017574603e-10,0.0006601907998467062,0.9839955134320494,1.9587356227199947e-05,0.012034448968691509,2.7543909268008664e-09,9.248969057925561e-08,7.572782968153188e-08,1.1398145116619502e-08,1.3153097253315043e-08,3.755089330058343e-05,1.8750109967184982e-06,1.0145917243526025e-06,0.00016595117371102406,0.00027767813779740473,1.5365943811367177e-05,2.394552953448411e-06,1.5709103597084358e-07,0.00014456447136566538,0.0005193953137127324
65,6.566572605983697e-06,2.436509434204709e-06,3.4936150505114585e-06,0.0015117098041004316,5.2062987801753135e-09,9.275458905443899e-11,0.0007968043044639616,0.988135471620275,2.6925185079052846e-05,0.008427053875490392,2.0257445568249803e-09,4.001463797764413e-08,7.108391059583559e-08,4.643242880089239e-09,1.369046299803503e-08,1.779533177415578e-05,1.6986823036621835e-06,5.305834794258036e-07,0.000122207788849554,0.0001851458687554259,7.4560854789022744e-06,1.2942063505936655e-06,8.589332312226444e-08,0.0002271355448783945,0.0005260517712548292
66,6.15505497100736e-06,2.317346966942617e-06,3.992781295827386e-06,0.0022406306779777342,1.0639949672263881e-08,2.4965601672040707e-10,0.0007012758058673991,0.9828984649585042,2.1088511821250216e-05,0.012926972800440625,2.700934135824219e-09,9.020588049584383e-08,8.558714600833206e-08,1.128809206236213e-08,1.2424004533689072e-08,3.960342961942142e-05,1.747673071743086e-06,1.011294616728656e-06,0.00016192062483816398,0.00031892684782170886,1.3637171809717036e-05,2.310268499181231e-06,1.5499827561349097e-07,0.00014328887370968743,0.0005162877842302658
67,6.624143393524438e-06,2.4017494423322442e-06,4.272336220667839e-06,0.0023508247628433116,1.1210600136359004e-08,2.733233824314771e-10,0.0007412054164292976,0.9830078913175146,2.077741121777765e-05,0.012598878159603383,2.967196461211194e-09,1.012075329971773e-07,9.056351375556715e-08,1.2744676686068472e-08,1.3357905970179351e-08,4.270304092691441e-05,1.8626566938732892e-06,1.1099592311375996e-06,0.00016259152391366025,0.0003474980479729108,1.448502417195814e-05,2.4782489968102638e-06,1.7899690768460716e-07,0.00014827101181329877,0.0005457138679573188
68,5.751160139426318e-06,2.007881216052957e-06,4.6480077948135695e-06,0.00213450268867534,1.720653058110552e-08,2.4334156238582477e-10,0.000677645030421907,0.9824853724401474,2.715175543866852e-05,0.013526585065558566,2.3639309643904723e-09,8.589404605784208e-08,7.164226489717107e-08,1.4720460949336766e-08,1.8972325286142742e-08,4.924620674339991e-05,1.5841833758743967e-06,4.750690451822234e-07,0.0002561776733953429,0.00017335632842263964,1.6218047566469938e-05,1.7750353376874343e-06,1.366056668091377e-07,0.00012265354705774472,0.000514502231096268
69,7.3165618713619954e-06,2.5782799530739324e-06,4.253208197386957e-06,0.002188025242296334,1.5017016008425205e-08,3.1560975680974985e-10,0.0007207096850657082,0.9832978034029896,2.2553600583017172e-05,0.012559462088806901,3.3501194613528585e-09,1.0880486342377054e-07,8.22290584050347e-08,1.5536132704012562e-08,1.7238422314687782e-08,4.314588353452349e-05,2.0216869282548456e-06,1.0185400867262359e-06,0.0002088625711079297,0.00024844986400998637,1.7343738155868067e-05,2.8578335140990345e-06,1.882005011641227e-07,0.00014158115970716088,0.0005315859614689241
70,8.636121783675448e-06,2.8885320990715747e-06,6.2371474209070415e-06,0.002906020349099999,1.3933453054136275e-08,3.660844872189732e-10,0.0009296210419897395,0.9805888727664,2.648498773579494e-05,0.013939698798065845,3.6954572876316315e-09,1.3895346528641057e-07,1.1323330451519247e-07,1.981805335355719e-08,1.5840906626920357e-08,5.3392571437980234e-05,1.9744122066397484e-06,1.3331483031777318e-06,0.00018802402610510288,0.0004275202211339522,1.7253127984038056e-05,2.8993319025522513e-06,2.0960095616264684e-07,0.00015704074814149675,0.0007415872265092465
