,0,1,2,3,4,5,6,7,8,9,10,11,12,13,14,15,16,17,18,19,20,21,22,23,24
0,8.129550057332629e-06,1.1909225833857915e-05,0.003938598517989495,0.0339874024426677,1.9697393004157954e-07,0.00015055713273828258,0.0015347434064022377,0.9077977991484005,3.963610692755775e-05,0.03604958754060789,3.0014314801373998e-06,0.0002153476471466878,1.6470922270718565e-06,6.30177633201012e-05,3.294986495559164e-06,0.014129106927088523,6.072657643432257e-06,0.0008236788997316344,0.00017824020363969232,0.00013625238829049246,0.0006742095701173774,0.0001790427540992439,3.519879914025233e-05,2.7265156426088375e-05,6.063677598881416e-06
1,6.174671451953246e-06,1.0043075349320953e-05,0.0035845516621606003,0.022404636385398705,2.314600228499907e-07,0.00017866790371249996,0.0012538778737601597,0.9279578501452862,4.8715037927075296e-05,0.023343674174072893,3.11778388548844e-06,0.0001691898912697418,1.7974637266870226e-06,4.1709743375456226e-05,4.383426468860561e-06,0.019307967528554383,5.347727720675046e-06,0.0004888299637221926,0.00023288427280781365,0.00013685075657569035,0.0006114170687090809,0.0001500729015502386,2.6219553882173864e-05,2.7691460528356843e-05,4.098068080721122e-06
2,6.208299994327998e-06,1.0149905066661291e-05,0.002971304027659546,0.02232350232532874,2.549823512131687e-07,0.00016114247122587911,0.001211879590330262,0.9308592007185224,4.144632016083273e-05,0.0229730405491009,3.2329528975186187e-06,0.00016245593963876807,1.7536257304658958e-06,5.1145865036209146e-05,4.213246413724115e-06,0.01755118761965417,6.187345869283972e-06,0.0005212590078341549,0.00020708423142007298,0.00014972852947034313,0.0005737766675406194,0.00015245779687603938,2.8280472535158396e-05,2.469547833617581e-05,4.412031006507628e-06
3,5.972283720626033e-06,9.716822019756769e-06,0.0031697241773640077,0.024227930966196142,2.239844693343002e-07,0.00016368390828081959,0.0011916395571584261,0.9295599769711176,4.37570578791923e-05,0.022401512250130266,3.2528504822820797e-06,0.00017221226563298166,1.7671487633303943e-06,4.7214600598982635e-05,4.034750266077302e-06,0.017279111017044765,6.01017550883349e-06,0.0005336925331896834,0.00021028904067575745,0.00013868007238890755,0.0006109179681942295,0.0001604350791824231,2.7663470809843805e-05,2.6392638060645478e-05,4.188410864981374e-06
4,6.400898893312223e-06,1.0085605015405999e-05,0.003258578586251093,0.025238497345715198,2.3997168180431655e-07,0.0001684644978490593,0.0012368365964396898,0.9278175547327984,4.6787001800844905e-05,0.022318493860722446,3.4196724900370945e-06,0.00019173665460865216,2.073133465437384e-06,5.022018499927006e-05,4.169410385233279e-06,0.01781464141911798,6.7382440781937445e-06,0.0005644976225160778,0.0002197575480484411,0.00014732892206774308,0.0006587998838415759,0.00017280936019384616,2.9078169729516268e-05,2.8267721364874304e-05,4.522955925787873e-06
5,6.626386399217288e-06,1.0477612062256487e-05,0.0032973835822520947,0.029319100137671677,2.2550188023523046e-07,0.00017097545343631028,0.0012334468544353532,0.9217103317216352,4.7684786531964246e-05,0.024199128947378815,3.410171710388911e-06,0.00019829967696056126,1.9795834010970847e-06,5.333433526361155e-05,4.028754803237411e-06,0.017798367091487313,6.8206257048478084e-06,0.000647888172294904,0.00020887029282291657,0.0001508394525797593,0.0006855092165951723,0.00018082308077910157,3.014985831554814e-05,2.9568370507277316e-05,4.730333091316547e-06
6,5.972283720626033e-06,9.716822019756769e-06,0.0031697241773640077,0.024227930966196142,2.239844693343002e-07,0.00016368390828081959,0.0011916395571584261,0.9295599769711176,4.37570578791923e-05,0.022401512250130266,3.2528504822820797e-06,0.00017221226563298166,1.7671487633303943e-06,4.7214600598982635e-05,4.034750266077302e-06,0.017279111017044765,6.01017550883349e-06,0.0005336925331896834,0.00021028904067575745,0.00013868007238890755,0.0006109179681942295,0.0001604350791824231,2.7663470809843805e-05,2.6392638060645478e-05,4.188410864981374e-06
7,8.46904943695582e-06,1.0113078420851508e-05,0.004467424277702327,0.022039234966131825,2.510678611546936e-07,0.00017466946175250086,0.0014083843328188679,0.9307188359882269,4.622055005266856e-05,0.0230974895977499,3.3542326330421828e-06,0.00017650824449051233,1.9787090989455657e-06,4.22258515536964e-05,3.6599525834198833e-06,0.016145969754921136,5.2871095347162754e-06,0.0005404565212929472,0.00023488217742048353,0.00013252189279933145,0.0005544120382689604,0.00012374292307884555,2.7958338796294024e-05,3.158365639170755e-05,4.366226981859204e-06
8,3.0195013364881724e-06,4.307373697980716e-06,0.0012886438914664904,0.012004024461790457,1.6448988798313852e-07,0.00012378648352636873,0.0008297598316450277,0.9498562012509184,4.607293763601121e-05,0.010908444553239976,3.0227964370436033e-06,0.00017837671305306378,2.2893336765265034e-06,3.065355922556981e-05,7.577577516685522e-06,0.02237380230447953,9.815161931729283e-06,0.000602549027249997,0.0002643218259393184,8.887975069375033e-05,0.0009262131833838477,0.00041730055563169794,1.1240725376781601e-05,1.629576999012686e-05,3.236940269302743e-06
9,5.052382764516105e-06,3.1111401405836536e-06,0.00089873306032527,0.004702502096484527,2.5080048285558554e-07,9.865452383696263e-05,0.0005900005314563231,0.972455974806574,2.4202584437485592e-05,0.005446776299930809,3.7088128028587813e-06,7.866977228545826e-05,1.5609041483187912e-06,3.083272116175561e-05,4.873878230059033e-06,0.014367366655469437,9.653925831279436e-06,0.00045772685889525336,0.00027277168284216914,5.89041636119332e-05,0.00027476506345205145,0.00019192974612036392,8.499269096974338e-06,1.1239230041786325e-05,2.2390895767824752e-06
10,5.972283720626033e-06,9.716822019756769e-06,0.0031697241773640077,0.024227930966196142,2.239844693343002e-07,0.00016368390828081959,0.0011916395571584261,0.9295599769711176,4.37570578791923e-05,0.022401512250130266,3.2528504822820797e-06,0.00017221226563298166,1.7671487633303943e-06,4.7214600598982635e-05,4.034750266077302e-06,0.017279111017044765,6.01017550883349e-06,0.0005336925331896834,0.00021028904067575745,0.00013868007238890755,0.0006109179681942295,0.0001604350791824231,2.7663470809843805e-05,2.6392638060645478e-05,4.188410864981374e-06
11,6.196857061855536e-06,9.892345945489677e-06,0.0032488190626176077,0.02467467555990336,2.3598359913440092e-07,0.00016678806715605577,0.001226810552596002,0.9289631966043621,4.557804947031008e-05,0.022098239101402548,3.3908160016629135e-06,0.00018330127785930834,1.96125374851095e-06,4.834942612002887e-05,4.1208036783125065e-06,0.017549844164225656,6.365032097307749e-06,0.0005420029773325747,0.0002165145441376049,0.00014453055384451645,0.0006336013676882433,0.00016474209967971403,2.8632881091338917e-05,2.787302424171055e-05,4.337594138944571e-06
12,6.4538191307796046e-06,1.0450903113179941e-05,0.003113329699765839,0.02603423966597789,2.3858440324394707e-07,0.00017211427756460716,0.001213143437604556,0.9245298030682209,4.430849482332171e-05,0.02493237490117968,3.2223145669921764e-06,0.00017690038459275455,1.8712776470480025e-06,5.5386821479067246e-05,4.013307816307729e-06,0.017831936170828927,6.8911721088544735e-06,0.0006129943140044026,0.00020722948178036267,0.00015053516590243242,0.0006625178226857113,0.00017022438526577446,2.911416172719601e-05,2.596774801176398e-05,4.738619798478071e-06
13,3.5186789544168177e-06,6.381301380618912e-06,0.0020614298412852654,0.01937252114053855,1.765791767484915e-07,0.00010687016499281624,0.0008962703150898631,0.9511636073129115,3.058896685798846e-05,0.012219374560448986,3.7056260155404496e-06,0.00016639093806894483,1.538806685162874e-06,4.630149627951223e-05,3.5877481001119913e-06,0.012606927921902128,5.437459006241773e-06,0.00037292423061382785,0.00015664326596662433,0.00010883135106250506,0.0004597204831004252,0.0001613693967088517,2.416639932795995e-05,1.8765819561005206e-05,2.9501959645915546e-06
14,6.088720235499336e-06,1.2247386751811466e-05,0.0024220313239876117,0.021991278785637197,2.6436586535323695e-07,0.00017345344769446462,0.001236577497902275,0.9301094638638577,3.752637031251396e-05,0.025871483679656408,3.7485533905494585e-06,0.00014192152152085402,1.4776802884916854e-06,5.717667830845541e-05,4.59636716807158e-06,0.016304880708168237,6.160294888549068e-06,0.0005344655988393785,0.0002485973165270676,0.00013666438420305272,0.000479084228911945,0.00016193407958508437,2.956418496452089e-05,2.499187539304051e-05,4.321085941792849e-06
15,5.972283720626033e-06,9.716822019756769e-06,0.0031697241773640077,0.024227930966196142,2.239844693343002e-07,0.00016368390828081959,0.0011916395571584261,0.9295599769711176,4.37570578791923e-05,0.022401512250130266,3.2528504822820797e-06,0.00017221226563298166,1.7671487633303943e-06,4.7214600598982635e-05,4.034750266077302e-06,0.017279111017044765,6.01017550883349e-06,0.0005336925331896834,0.00021028904067575745,0.00013868007238890755,0.0006109179681942295,0.0001604350791824231,2.7663470809843805e-05,2.6392638060645478e-05,4.188410864981374e-06
16,5.34706165280711e-06,1.0491174578376047e-05,0.0027066957424050557,0.024850281555957348,2.1334187192150873e-07,0.0001484569874483073,0.001209160033490081,0.9266741943578486,4.3387321453993005e-05,0.02487314533253212,2.9217960117610538e-06,0.00019698561289354302,1.8095835996323231e-06,5.219389582689897e-05,4.546635791798253e-06,0.017288898168266353,6.682692252482048e-06,0.0005599790360484743,0.00021301530082110874,0.00014923940165963552,0.0007440068215088709,0.0002017467403118717,2.8525525626313558e-05,2.3317123897456053e-05,4.758756245336155e-06
17,6.5107091728895345e-06,1.0159090109125714e-05,0.00356577564191202,0.023649324845627148,2.2745948768837708e-07,0.00017787022426120734,0.0012366165979212382,0.927914270925248,4.624376278216158e-05,0.02362699120311645,3.2294160693959215e-06,0.0001637866589951133,1.7002814158173903e-06,4.362510932139966e-05,4.112628419230123e-06,0.017847327573212377,5.505649175996472e-06,0.0005300272453587819,0.00022633178680320587,0.00013484212754730028,0.0005984146988669535,0.00014790877165664386,2.6864207025093604e-05,2.819967287918209e-05,4.133713615453283e-06
18,7.27675386918011e-06,1.1238808161688612e-05,0.0030213394058093835,0.02805152128989152,2.482661068092526e-07,0.00015736121351581943,0.0013611724969135575,0.9180616169143725,4.359123657945629e-05,0.02960684992792528,3.009237152574135e-06,0.00021695073205892584,2.1968162792587234e-06,6.73431372047579e-05,3.999252238905253e-06,0.017154426748022877,8.610392559802058e-06,0.0007727327556406613,0.00020371238462902984,0.00016999379859808955,0.0008075300253463388,0.00020428852713448177,3.213489183489544e-05,2.4703895307932918e-05,6.151092846239979e-06
19,5.935473984883272e-06,1.0679531052234587e-05,0.0034655772121051347,0.027171702553599564,2.2837230150167102e-07,0.00015042029082751654,0.001418184106338822,0.9250169912039137,4.9346602562914426e-05,0.023134872233019178,3.162939107891532e-06,0.0002199588357154361,2.0262864235619754e-06,4.725038603569779e-05,4.428597680243853e-06,0.017457036659501175,6.219921417144135e-06,0.0005286737291279945,0.00020709711140562008,0.00014308389299879078,0.0007105459346076717,0.0001857656793503033,2.929521082327446e-05,2.6764948781092337e-05,4.752287318594172e-06
20,4.0080156769175824e-06,7.4591735851312764e-06,0.002406606447779339,0.020313447712310886,1.7181900900765484e-07,0.00012363451735124124,0.0010024951137245807,0.9430900314703795,3.5468674104469544e-05,0.016721326942463935,3.0738379240858777e-06,0.00015524166891958094,1.3449051485956898e-06,3.978026472370998e-05,4.060139561296717e-06,0.01463028340946922,5.0413979101045365e-06,0.00042080111452645706,0.00017801035244615845,0.00010873902145794868,0.0005314674089807388,0.00017150610508139083,2.27535448793136e-05,2.0019566475081723e-05,3.2273761111721477e-06
21,6.308103895881626e-06,1.1286129720437723e-05,0.0032243810587008624,0.027125158783972023,2.3695093719450947e-07,0.00017389887083615397,0.001203811478170679,0.9234303034181184,4.992098999391859e-05,0.02292455903417761,3.2855045993131053e-06,0.00019372693891244724,1.952252668322108e-06,5.417380014672252e-05,4.395552708421192e-06,0.019825973874837456,6.060191601817909e-06,0.0005409905292705282,0.0002151075359517506,0.0001540778800465207,0.000625223894615485,0.0001648989961296562,2.818954733937627e-05,2.756099715898885e-05,4.517685490086916e-06
22,3.6863746973195156e-06,1.0795608790740375e-05,0.0026266079136803198,0.023332186697266125,2.099214060536885e-07,0.00014784381383834116,0.0013054030491038639,0.9301546544268483,4.2160096673724835e-05,0.022044400871214242,2.869546307687393e-06,0.00021006230764151974,2.068104617285836e-06,4.358277995926926e-05,4.4778894805043114e-06,0.01860929145076794,4.465688597101535e-06,0.00028691320651452203,0.00024171589655677377,0.00015933017808102641,0.0005663481084798241,0.00014108720728384975,3.0485828293584715e-05,2.5744378267047676e-05,3.608655633268625e-06
23,5.972283720626033e-06,9.716822019756769e-06,0.0031697241773640077,0.024227930966196142,2.239844693343002e-07,0.00016368390828081959,0.0011916395571584261,0.9295599769711176,4.37570578791923e-05,0.022401512250130266,3.2528504822820797e-06,0.00017221226563298166,1.7671487633303943e-06,4.7214600598982635e-05,4.034750266077302e-06,0.017279111017044765,6.01017550883349e-06,0.0005336925331896834,0.00021028904067575745,0.00013868007238890755,0.0006109179681942295,0.0001604350791824231,2.7663470809843805e-05,2.6392638060645478e-05,4.188410864981374e-06
24,5.858412286866913e-06,6.86221038475603e-06,0.0044308647057576716,0.01551447800827601,2.1397243420491542e-07,0.0001571006910895948,0.0014129506078286395,0.9389171601442233,4.621374426275335e-05,0.020451744520113002,2.8270543463444965e-06,0.00015808848868354369,1.7270792211154574e-06,2.4381092183530343e-05,4.619327991773572e-06,0.017168688329123917,4.5624479604860775e-06,0.0004422277474395961,0.00023704722050912354,0.00010610652722048534,0.0007124044825352607,0.0001421206143076003,2.1608348558306716e-05,2.6417711707371952e-05,3.7265115548000256e-06
25,0.0002500670542799296,0.0001111223136548172,0.08157657372090307,0.0686828686197735,1.0114799319755252e-06,0.0015651630431636181,0.009669791424359175,0.2453977473311141,0.0006997333232658091,0.4964207810694871,1.529076146694977e-06,0.0018082464859946706,3.976887501765384e-05,5.6076428796961415e-05,1.3709117910870414e-05,0.06314766780118908,3.9062854370755987e-05,0.006327640255965046,0.0017492775641134081,0.0006260792898322583,0.020661357601254288,0.0005340552022471963,0.00011438745613048224,0.0003330848683745101,0.000173197742723152
26,1.1165671468966277e-05,1.2540442427057072e-05,0.0051618865272828746,0.031999454292550265,3.084352082512488e-07,0.000244867895590618,0.0013120167859101853,0.910957987970937,6.314113315418594e-05,0.026857856165680555,4.305434616453432e-06,0.0002064920545475978,2.816688908981193e-06,4.9682779317153314e-05,3.920106563605914e-06,0.020858452947386752,8.121236990352695e-06,0.0007597139601241476,0.0002873661948578822,0.00019460102340843,0.0007472662801733596,0.00015920772163003998,3.9296862773000705e-05,5.234072395006222e-05,5.190664542070624e-06
27,2.6094937106514977e-05,2.613028548535856e-05,0.01108132113262204,0.03424259104286952,5.502731697020782e-07,0.0003021806508779716,0.002984553904936363,0.8636117004130214,5.9304472096777314e-05,0.06735576162392075,3.035456351355953e-06,0.0002559691086630984,4.050174929185095e-06,8.157744257853257e-05,2.6052562084323805e-06,0.017521432863568304,6.790055106500291e-06,0.000827334144691452,0.0003057504730763803,0.0002836200889932418,0.0008419506168112079,6.031274854960191e-05,5.42344237401748e-05,5.023480341739658e-05,1.0913607208970776e-05
28,5.972283720626033e-06,9.716822019756769e-06,0.0031697241773640077,0.024227930966196142,2.239844693343002e-07,0.00016368390828081959,0.0011916395571584261,0.9295599769711176,4.37570578791923e-05,0.022401512250130266,3.2528504822820797e-06,0.00017221226563298166,1.7671487633303943e-06,4.7214600598982635e-05,4.034750266077302e-06,0.017279111017044765,6.01017550883349e-06,0.0005336925331896834,0.00021028904067575745,0.00013868007238890755,0.0006109179681942295,0.0001604350791824231,2.7663470809843805e-05,2.6392638060645478e-05,4.188410864981374e-06
29,5.972283720626033e-06,9.716822019756769e-06,0.0031697241773640077,0.024227930966196142,2.239844693343002e-07,0.00016368390828081959,0.0011916395571584261,0.9295599769711176,4.37570578791923e-05,0.022401512250130266,3.2528504822820797e-06,0.00017221226563298166,1.7671487633303943e-06,4.7214600598982635e-05,4.034750266077302e-06,0.017279111017044765,6.01017550883349e-06,0.0005336925331896834,0.00021028904067575745,0.00013868007238890755,0.0006109179681942295,0.0001604350791824231,2.7663470809843805e-05,2.6392638060645478e-05,4.188410864981374e-06
30,5.972283720626033e-06,9.716822019756769e-06,0.0031697241773640077,0.024227930966196142,2.239844693343002e-07,0.00016368390828081959,0.0011916395571584261,0.9295599769711176,4.37570578791923e-05,0.022401512250130266,3.2528504822820797e-06,0.00017221226563298166,1.7671487633303943e-06,4.7214600598982635e-05,4.034750266077302e-06,0.017279111017044765,6.01017550883349e-06,0.0005336925331896834,0.00021028904067575745,0.00013868007238890755,0.0006109179681942295,0.0001604350791824231,2.7663470809843805e-05,2.6392638060645478e-05,4.188410864981374e-06
31,6.522219517268799e-06,8.097242486955129e-06,0.0032626694627078375,0.018335019875173688,1.969769472033596e-07,0.000130136676862918,0.001169826103585989,0.9441421764638968,3.4812076873775166e-05,0.018432351435173425,2.8449987330773936e-06,0.00014423713928901627,1.416079703770405e-06,3.959732459600583e-05,3.1684207688397764e-06,0.012900202023114421,4.633556040446506e-06,0.00047228365800788694,0.00018792103579400157,0.00010093661132570918,0.00045719421728349297,0.00011743253155802719,2.162004499434525e-05,2.1159051144307704e-05,3.544774420762063e-06
32,6.085563897277721e-06,9.778498948825949e-06,0.0031603155625008496,0.02327284754590433,2.2373383228560642e-07,0.00016528995284977719,0.0011833815084818903,0.9310990429528274,4.427827796688023e-05,0.02199394996740106,3.289076596708817e-06,0.0001714509659893372,1.7692743245248629e-06,4.596152497429333e-05,4.130685234168052e-06,0.017122218133222285,5.971991134379044e-06,0.0005284974552910701,0.0002225366321329655,0.000135023448611203,0.0006041779359281462,0.00016178612495666505,2.7110218790615216e-05,2.675475671694683e-05,4.128211486077171e-06
33,5.3869452961115865e-06,9.016387583764538e-06,0.0027948324369831768,0.023583859129157097,2.1892918395312048e-07,0.000159433698830498,0.0010983793370883187,0.9323168366461111,4.061278911175237e-05,0.020967908969468235,3.3123655332304244e-06,0.0001640581669204675,1.7714851498894074e-06,4.8428056740028635e-05,3.8818614901474014e-06,0.01714098390505696,6.252256432349324e-06,0.0005132518903024332,0.00020371406928030824,0.00013896052184325067,0.0005788234630520256,0.00016308624969003005,2.7583993839307037e-05,2.5503513651722243e-05,3.902932203868004e-06
34,2.148943729260555e-06,7.502849042243592e-06,0.0015512375766335287,0.03431366347412402,1.5750727148266866e-07,0.00012025511857470296,0.0009542739312332194,0.9084022919990392,2.2091162439863012e-05,0.035886786363259725,2.3386192851589884e-06,0.00013435907928094427,1.1736111623820757e-06,7.120150079062956e-05,2.863547942252241e-06,0.016830029583478096,6.469449331964014e-06,0.000491397953007622,9.701627127668694e-05,0.0002000134706896846,0.0006579134503601918,0.00018653413930166666,3.875623102274999e-05,1.5557914801683973e-05,3.966252920911928e-06
35,4.6627541540908855e-07,2.6377168763653292e-05,0.001550673014158951,0.06371873095937039,1.6866979961328118e-06,0.0020937145274062853,0.0007364430681918684,0.6662750562246186,5.592771310895027e-05,0.05595912887741261,2.000713048486197e-05,0.00016889938367663107,1.2863993215394053e-05,0.0003806493126065529,1.9021076568723766e-05,0.20126403744887303,2.5876889095729203e-05,8.270702124682313e-05,0.0003811901586518215,0.004860779643376559,0.0016845427367587291,0.00017817364145569038,0.00039802617827388133,9.881701623161329e-05,6.2038430413008385e-06
36,4.511222834246717e-06,6.541673705698405e-06,0.002263464340898257,0.016720219971895486,1.6676033563593496e-07,0.00010505679179792012,0.0010124906915020557,0.9508555315351257,3.4992665815856e-05,0.013122684994959038,2.793834006855759e-06,0.00017597159715777597,1.6031956535597032e-06,3.788117939366773e-05,3.7656799051525596e-06,0.014342717656366376,4.92224393451564e-06,0.00039215221734144405,0.0001809523390969656,9.177862536072093e-05,0.00044134345228310574,0.00015989195913663186,1.774471189364596e-05,1.7671607016646797e-05,3.1490525829665093e-06
37,9.686034413676854e-06,1.1569576402545115e-05,0.004598934541167062,0.02962661704249174,2.467132940220449e-07,0.00017861105720766004,0.0014902744812179498,0.9178007517145467,5.293042479578945e-05,0.02671460825733953,3.467524214793639e-06,0.00021569840523123925,2.2194188514316266e-06,4.68777884668814e-05,3.7986157788845203e-06,0.017196930407132507,6.554332149260935e-06,0.0007294431792850484,0.00023864634253582316,0.00014915719856656436,0.0006861887413105818,0.0001623847597228704,3.173007657111748e-05,3.746128783211363e-05,5.212079474357349e-06
38,9.457734587268365e-06,1.1328510235820167e-05,0.0045370744150120944,0.02086644136834182,3.034554314609559e-07,0.00022790579882410285,0.0015095179706895003,0.9243071568196105,5.6864786907573936e-05,0.025050535975406695,3.5645741495845542e-06,0.0001696433484366135,2.080280252454554e-06,4.3668150739878454e-05,4.930490671829223e-06,0.02145627008013027,5.3670331534487605e-06,0.0005704311788075538,0.0002836918133178383,0.00013329773720109224,0.0005568620128779476,0.00012978669628260805,2.5613291424487678e-05,3.333175389145326e-05,4.8747236161677805e-06
39,2.5700154301489376e-05,0.00014993560783734084,0.004044008816644557,0.12510816029706254,6.278929037437755e-07,0.0001712700263252589,0.003224320684707944,0.7618716828243416,7.730179921227069e-05,0.08626045076494665,7.470033645008399e-06,0.0005799654118791913,1.60827122303516e-06,0.00042630879135435647,5.813001450032009e-06,0.015040784299978497,8.517987308307714e-06,0.0012719928016002575,0.00027359756163554275,0.0003655163521181348,0.0005656597342164601,0.0002936072002025493,0.0001506921395927662,5.5109319271072176e-05,1.9898226241499322e-05
40,5.805610657231355e-06,9.583312455717701e-06,0.0030732228063791857,0.02436597750143358,2.2015904673379506e-07,0.00016225980519850793,0.0011646544696536471,0.9297413921985305,4.262970772651408e-05,0.022384909427668267,3.2354981064917656e-06,0.0001678306468437658,1.7211279469071556e-06,4.709084904827649e-05,3.949668593264563e-06,0.017122004008321173,6.008936738577371e-06,0.0005310376042993405,0.00020707333045005724,0.00013885370176997555,0.0006030382441258436,0.00015952657020908725,2.7730314967501096e-05,2.6144936554369247e-05,4.099563275504457e-06
41,4.065982938100258e-06,1.0569126875931261e-05,0.00227380628269918,0.028540301553674582,1.4811579553523922e-07,0.00014611372265640636,0.0009816385669446323,0.9203748784536604,3.1189013153197406e-05,0.03222979830374118,2.7196867489194142e-06,0.0001676400117830146,1.3803703565408617e-06,5.5912905293228696e-05,3.2264984178713415e-06,0.013171539140114118,7.162268096393643e-06,0.0005673912249856187,0.00022146731999250172,0.0001483360012576393,0.0007768589285233685,0.00022135722248335876,3.531934312988833e-05,2.309796273842758e-05,4.081993939979576e-06
42,0.00024652981620432363,0.00014057183983846462,0.022461555116645222,0.12714029559777731,3.1546131407466715e-06,0.0005889466600501603,0.007692732797440069,0.6321042187099668,0.0001024978277906998,0.18694956045588693,7.921085353281398e-06,0.0003387112425091218,4.861611471753388e-06,0.0008011092453075153,2.044730650466001e-06,0.01369196531893536,2.03347494763605e-05,0.005493739005660974,0.00018209487149870287,0.0005973441044140872,0.00101884643260769,6.026963520617536e-05,0.00019269987853008004,9.592116321007269e-05,6.207349042765592e-05
43,1.976202530605379e-05,1.1937224580617115e-05,0.006196250977929219,0.02996185779281184,2.966715877500531e-07,0.00013503875949421015,0.0015589617484592785,0.9363730905802197,8.402742616796734e-05,0.007532274275743294,5.689333381261915e-06,0.0003947545124444355,3.0961854994282413e-06,4.800682463683206e-05,4.2702019457054395e-06,0.0162136981306428,5.287793572263203e-06,0.0006060481627817787,0.0002345913322476279,9.221541233758898e-05,0.0003354906179472162,0.00011824244382212273,1.8904854505287882e-05,4.1188726045245036e-05,5.01798589043503e-06
44,5.972283720626033e-06,9.716822019756769e-06,0.0031697241773640077,0.024227930966196142,2.239844693343002e-07,0.00016368390828081959,0.0011916395571584261,0.9295599769711176,4.37570578791923e-05,0.022401512250130266,3.2528504822820797e-06,0.00017221226563298166,1.7671487633303943e-06,4.7214600598982635e-05,4.034750266077302e-06,0.017279111017044765,6.01017550883349e-06,0.0005336925331896834,0.00021028904067575745,0.00013868007238890755,0.0006109179681942295,0.0001604350791824231,2.7663470809843805e-05,2.6392638060645478e-05,4.188410864981374e-06
45,4.3567257199686135e-06,6.330509765459558e-06,0.0027163896935288798,0.01710234491427194,1.853412298833893e-07,0.00014120971831921647,0.0009804951696534198,0.9469241726755644,3.607206787002709e-05,0.014384203940134118,3.2491443733731297e-06,0.00012272784628974558,1.2916924083144712e-06,3.168855858628273e-05,3.901528177949712e-06,0.016321342802201745,4.101480998941663e-06,0.0003697993288688981,0.00018091987884221898,9.704431198967676e-05,0.0003994468790080543,0.00012512508802320555,1.89265629893188e-05,2.2022818077549276e-05,2.651323107660368e-06
46,1.2234733610008348e-05,1.9889204833587397e-05,0.006529775543254501,0.016330150372805868,2.4158690151875915e-07,0.0001780469567496065,0.0022633635999181967,0.9189105037499271,4.911727396904851e-05,0.04026012290589933,2.419788185074896e-06,0.00014075722909541731,8.249983254448293e-07,3.8595199294058e-05,4.88489489172145e-06,0.013974154078235409,1.7497676041269274e-06,0.00043165809739210774,0.00030337222497856464,8.459509026606772e-05,0.0003441806671785845,6.972790353641499e-05,2.1539891973204555e-05,2.3162091550010116e-05,4.932149625234304e-06
47,5.408130429145953e-06,9.28563988901631e-06,0.002984551966832946,0.023702577529594746,2.1585075760730212e-07,0.00016251562874505422,0.001128631287117806,0.9318354502526839,3.9357922628813074e-05,0.02219291109792235,3.2761663713666418e-06,0.00015111235301382305,1.5388748590105714e-06,4.785396845103138e-05,3.7789236248475455e-06,0.01612286234043312,5.644854610561131e-06,0.0005072653967948514,0.00019562704791940627,0.00013301409687031134,0.0005632302102097939,0.00014782381462106602,2.7630827368337268e-05,2.4570215848490184e-05,3.865602402611117e-06
48,7.779326166101661e-06,7.17166240271054e-06,0.005637941103422834,0.037612455039582486,2.4507132070565874e-07,0.00011540371166303397,0.001632631193934621,0.9095939248146337,6.982564237557647e-05,0.019588007682325024,2.604744191056781e-06,0.00031337301075578123,2.0362045530065043e-06,5.426609958049669e-05,5.246640537341141e-06,0.022708874691931873,5.967527532972205e-06,0.0010001556626137674,7.233204061457703e-05,0.00016761389462021018,0.0011615049103827118,0.00019152049731172713,2.2127153800842254e-05,1.9102822885591618e-05,7.888850861213244e-06
49,6.236447827405657e-06,1.0434978291729913e-05,0.003536581778836745,0.02751332807895815,2.279120873038274e-07,0.0001702126338741919,0.0012588613776596943,0.9233992861686706,4.723678761183387e-05,0.024197921402283964,3.3647355204705334e-06,0.00019851316681879894,2.0081226078239977e-06,4.960332842101213e-05,4.079076193213606e-06,0.017728300894758294,6.4533002336808646e-06,0.0005619577602615429,0.00021469128459715417,0.00015336866055786028,0.0006970923562802133,0.00017434574673209913,3.155075009810242e-05,2.9769933746558656e-05,4.573317071498852e-06
50,9.375416083394833e-06,1.2875977637308918e-05,0.005150762881742708,0.04952731544437295,3.051367235152789e-07,0.00035377186307127456,0.0008419696401092894,0.887106025599383,0.00012966978641758625,0.01642143579549123,6.2930968945519986e-06,0.0002586002391498872,3.7987492233021427e-06,4.471873102198497e-05,6.253326458371619e-06,0.037068859999984854,1.1735132269698566e-05,0.0008599491779808088,0.0003372440399452856,0.0002528992726014948,0.0011987962331442585,0.00027322214441527807,3.6507071559086315e-05,8.325690054578973e-05,4.35834377296833e-06
51,5.990150394933502e-06,9.927414583144321e-06,0.0031493594083266954,0.02467532555882784,2.2091949766982878e-07,0.0001614007151039852,0.0011881910178555483,0.9294669979398476,4.3689149035373555e-05,0.02236683273790855,3.243374469217873e-06,0.00017342555631284464,1.7309291537053838e-06,4.7890823208071416e-05,4.017708427593821e-06,0.01698575527890734,5.993086962413416e-06,0.0005356612643640198,0.0002090452204177162,0.0001374210047921433,0.000607985971277525,0.00016192517544391443,2.765785318633897e-05,2.6113946631732307e-05,4.19779506389309e-06
52,6.494689328792893e-06,8.757799892154584e-06,0.0030062148422519393,0.022444734119720325,2.3620885771343124e-07,0.00018653974657870486,0.0010822896626791036,0.9296331883597599,4.128729642963841e-05,0.02289791899278684,3.54175004223231e-06,0.0001407653968067253,1.610403722243579e-06,5.217905178499286e-05,4.026940488699741e-06,0.018753697935782774,6.267749456545494e-06,0.0006409971156622265,0.00020224813326504468,0.00013420832960276926,0.0005426689737597004,0.00015441480277326091,2.571493946206492e-05,2.5823386211385314e-05,4.173372894390553e-06
53,1.3601620120537837e-05,1.6784990971060575e-05,0.004662758767842113,0.03700347364130941,2.2128393200490213e-07,0.0003697225828877861,0.0007685683883666935,0.9007380609314246,7.612400485264549e-05,0.030520281317016087,3.873098697908305e-06,0.0001748983063712324,2.3208922590303467e-06,6.731573778584575e-05,3.7424888333951055e-06,0.022606205624812165,1.07649051938192e-05,0.001104059080129425,0.0004086478280593167,0.00017947004619893721,0.0009675705906150783,0.00021303707781665865,3.157037750822628e-05,5.1927036363219706e-05,4.999380632643414e-06
54,4.772767115192775e-07,4.984466627831986e-07,0.0010286051425275895,0.01952678418362199,5.0572504949972385e-08,6.494938003547472e-05,0.00019722356217614627,0.9711989870011094,1.0612904556007916e-05,0.0018277413469587713,6.8625108164323385e-06,5.6588430097771574e-05,1.7705601647663183e-06,6.23187504031829e-06,5.04529998536765e-07,0.0050307361575285155,7.745019634602642e-06,0.00020242742353088902,8.48367372936729e-05,7.632829905754235e-05,0.0005000041643594609,9.873631784316555e-05,2.36803992444608e-05,4.738011734391008e-05,2.376411810154691e-07
55,6.510004048387097e-06,1.0053493781013973e-05,0.0033855246418711582,0.02539377572243402,2.2875256981102881e-07,0.00016643915212380408,0.0012496838340071408,0.9276034115996058,4.7955437722213874e-05,0.02220541296063898,3.3075107133863985e-06,0.0001921176669857092,1.9659100631019212e-06,4.7258220983780923e-05,4.158904736630881e-06,0.01787942516659982,6.2227985842931936e-06,0.0005632904879970798,0.0002197552261722184,0.00014082292428111933,0.0006450892908809716,0.00016711459908125916,2.7710235477019046e-05,2.833767731865666e-05,4.42778132269792e-06
56,6.2310512208495215e-06,9.883911977031814e-06,0.0032335666482368563,0.02445185612495672,2.3457931001829322e-07,0.000167678635745489,0.0012251866040873922,0.9288963890348697,4.5507018898318345e-05,0.022358727556907695,3.3683294988435106e-06,0.00018321718075228635,1.9603316917634316e-06,4.812308429059133e-05,4.13657644366677e-06,0.017581751662715202,6.400036940074331e-06,0.0005467505397840095,0.00022026998760238154,0.0001436664721370489,0.0006377843042572409,0.0001664948972574988,2.8561489375469916e-05,2.7893026926163358e-05,4.360914117740215e-06
57,5.64696117602919e-06,9.3367105534647e-06,0.003093780339644389,0.02360369497857406,2.24902405761365e-07,0.00014806414774789256,0.0012634514545223348,0.9305136087027698,4.880231616581212e-05,0.020561322217400636,3.1219275067562363e-06,0.00022772263247816077,2.39541369414283e-06,4.4066365151920556e-05,4.383914264918539e-06,0.01862350672911402,6.731399521702603e-06,0.0004972496538764903,0.00023049598888049875,0.00015057436873416614,0.0007117400514926079,0.0001899849888390534,2.802720311560155e-05,2.764657088403609e-05,4.420061485613304e-06
58,6.795665872708621e-06,1.0054923095909648e-05,0.0034825974266817043,0.025145186304893936,2.355897757350535e-07,0.0001790153304883282,0.0012193232109930625,0.9275274620175272,4.8505476249149e-05,0.0221357620557278,3.5489649464419953e-06,0.00018792460826341954,2.0570231123116636e-06,4.643932198035791e-05,4.163571046473407e-06,0.018187461206535433,6.319479461271664e-06,0.0005646339903829662,0.00023776300066367817,0.0001446240056088862,0.0006307174421665,0.00016436051158616187,2.9035169824641206e-05,3.1701439867867445e-05,4.312263248222989e-06
59,6.519166259032093e-06,9.97059581294022e-06,0.003590987083683438,0.025277924940629037,2.310373199230575e-07,0.0001775887547134169,0.001216775529502478,0.9268245173856433,4.77936862227861e-05,0.022743364189951994,3.4407283318464336e-06,0.00018084513031770046,1.9541676398080706e-06,4.43046543608698e-05,4.093003965004945e-06,0.018075680938009597,6.055721194945037e-06,0.0005457593093532377,0.00022906721962690911,0.0001465016880503094,0.0006421036809333928,0.00015951388240299387,2.933334831695802e-05,3.1481488274118836e-05,4.192669483967606e-06
60,5.972283720626033e-06,9.716822019756769e-06,0.0031697241773640077,0.024227930966196142,2.239844693343002e-07,0.00016368390828081959,0.0011916395571584261,0.9295599769711176,4.37570578791923e-05,0.022401512250130266,3.2528504822820797e-06,0.00017221226563298166,1.7671487633303943e-06,4.7214600598982635e-05,4.034750266077302e-06,0.017279111017044765,6.01017550883349e-06,0.0005336925331896834,0.00021028904067575745,0.00013868007238890755,0.0006109179681942295,0.0001604350791824231,2.7663470809843805e-05,2.6392638060645478e-05,4.188410864981374e-06
61,6.435210675025119e-06,9.956103681422657e-06,0.003508638831887693,0.0248029100279117,2.3146510082140915e-07,0.0001721566216562806,0.0012279621940173141,0.9281982930207441,4.650542484099918e-05,0.022494323936404787,3.4418557884594795e-06,0.0001786994301748864,1.8955851401426876e-06,4.46140714104112e-05,4.092220933333544e-06,0.01753913017237997,6.0050781275366185e-06,0.0005388304697504222,0.0002248820772140098,0.00014319788311228942,0.0006253702245953265,0.00015896633483081829,2.902776819994722e-05,3.024642482385133e-05,4.18756659857525e-06
62,5.972283720626033e-06,9.716822019756769e-06,0.0031697241773640077,0.024227930966196142,2.239844693343002e-07,0.00016368390828081959,0.0011916395571584261,0.9295599769711176,4.37570578791923e-05,0.022401512250130266,3.2528504822820797e-06,0.00017221226563298166,1.7671487633303943e-06,4.7214600598982635e-05,4.034750266077302e-06,0.017279111017044765,6.01017550883349e-06,0.0005336925331896834,0.00021028904067575745,0.00013868007238890755,0.0006109179681942295,0.0001604350791824231,2.7663470809843805e-05,2.6392638060645478e-05,4.188410864981374e-06
63,6.336925536139751e-06,1.0788027338242546e-05,0.0032912840640609933,0.025175429429766624,2.3492600642626472e-07,0.0001694749614986283,0.0012294996985416863,0.9272704555050147,4.6125506814926645e-05,0.02338525885563515,3.348193264504659e-06,0.00017982276660280698,1.8152764240431506e-06,4.9389627812417455e-05,4.236277241212903e-06,0.017398679744757967,6.19202329441236e-06,0.0005430059386762095,0.00022227260038751797,0.00014391305930462188,0.0006349457001804331,0.0001663302782449654,2.9190678349106863e-05,2.7548928768867368e-05,4.421006477343602e-06
64,5.8840105026944985e-06,1.0186427783066288e-05,0.0032274994866622526,0.025633562229953045,2.304440670708007e-07,0.00017062326749972513,0.001228223360975931,0.9253194209247468,4.65037298937562e-05,0.024212864224898795,3.2464362569392564e-06,0.00018803661329144054,1.9720988109514567e-06,4.933231493893327e-05,4.278558832632226e-06,0.01799471055065436,6.6162075201370495e-06,0.0005611911452665079,0.00021910237811098465,0.0001527717700108637,0.0007233863986306447,0.0001782673967211554,2.9843293569201628e-05,2.771445780484767e-05,4.532272597124605e-06
65,1.2800738287477788e-05,1.1394395931716442e-05,0.0048370290163234865,0.030791937976916952,2.9049143467652137e-07,0.0002594816569973532,0.0011045705541555787,0.918534871100603,9.92571236765286e-05,0.014481494130549919,6.1878894596976516e-06,0.0002888127788593003,3.850615856523971e-06,4.21208852219111e-05,5.610788629672005e-06,0.027116019928322393,9.588101998570753e-06,0.0008176019536445422,0.0004030091992721378,0.0001437884694930408,0.0006834301561276136,0.0002482852307664684,2.802668413175142e-05,6.594787920749884e-05,4.5922541323150676e-06
66,6.5654138752657594e-06,1.0231684038737587e-05,0.0035139120780638194,0.024738044452060112,2.502057584425274e-07,0.0001800111732746596,0.0012581306844207912,0.9253420217467688,4.648679002580495e-05,0.024531241070060994,3.368565417322529e-06,0.00017331867767215005,1.9545710407044903e-06,4.670465835213667e-05,4.122568903092127e-06,0.01831645690239151,6.4033046984591775e-06,0.0005574948420697839,0.00022440842876067803,0.00015532485372575104,0.0006617908615892183,0.00015713182230768264,3.0288663629490592e-05,2.988750758064001e-05,4.448473514179746e-06
67,5.701180635734343e-06,9.595124360154509e-06,0.003068639400503508,0.02668099810848052,2.3412767753091542e-07,0.00017808060200650072,0.0011344330569113571,0.9249181206568283,4.3116189368773475e-05,0.023616934085614095,3.3953805259364226e-06,0.00017213662855510942,1.956951408543081e-06,5.2878143848105e-05,3.845313677380946e-06,0.01830387910250488,6.702827025621681e-06,0.0005572961857307532,0.00020254746033030127,0.00016047162116407954,0.0006543093790580441,0.00016102221070097374,3.111162767094029e-05,2.830736397109046e-05,4.287271441752301e-06
68,4.258006536725503e-06,8.365528625605753e-06,0.0020108162457558453,0.016035444884042526,2.77977139819526e-07,0.00018346228528037727,0.0010230248762605957,0.9417518597505494,3.581590957434484e-05,0.017950853322548987,4.023840342138296e-06,0.00010651132649158591,1.3848635053775191e-06,4.4235191941115324e-05,5.278684295002243e-06,0.019508002512626934,5.720327179030138e-06,0.0003782300119749748,0.00023345396653785662,0.00012468133289334431,0.0003877659528563011,0.00014794170090964376,2.3378802146874787e-05,2.203797099678371e-05,3.1747289885708384e-06
69,6.812436762420599e-06,1.0588720147880476e-05,0.003284527287116495,0.024052636151061006,2.242990299200752e-07,0.00016393154821955845,0.0012805011866542332,0.9269822174216302,4.6406562755129256e-05,0.02473948835292739,3.03116585055371e-06,0.0001792372758137086,1.69118587314847e-06,5.03835111836554e-05,4.235372555509834e-06,0.017385025388865143,6.229389380109099e-06,0.0006003919246440945,0.00021750165628970592,0.00012988883780940447,0.0006254181322453136,0.0001747187501652891,2.604375223398329e-05,2.4104234450570257e-05,4.7654563357902555e-06
70,5.962339502600075e-06,1.0705669835498652e-05,0.003266519740983399,0.025410738086432107,2.2807812192748967e-07,0.00018761064341075884,0.001197580278169231,0.925267293154945,4.789515999315764e-05,0.02453462188282793,3.577956412775926e-06,0.0001796521103057387,1.8719473489777562e-06,4.6893233576588294e-05,4.497735416190907e-06,0.017935041712539335,6.369542206680903e-06,0.0005514276830060768,0.0002547461636965941,0.00014641734360166985,0.0006932350256745214,0.00018058185953852567,3.118134741342579e-05,3.105306195932197e-05,4.2982430818034816e-06
71,5.94571610863498e-06,6.157802159892851e-06,0.003692052911326717,0.0186963810787139,1.1400821918456619e-07,0.0001641797031588532,0.0009931938491004194,0.9467984245946467,4.177569910633262e-05,0.01578654710924945,3.309635910903366e-06,0.00013602680612515402,1.021616845042449e-06,3.1583213166437754e-05,3.587914091106786e-06,0.011980465493670305,4.247455405262596e-06,0.0006461118044601101,0.00022668135225542717,5.039266778247626e-05,0.0005097432870821521,0.00018289867713111124,1.4601957503909998e-05,2.1622058869696712e-05,2.933587910976802e-06
