,0,1,2,3,4,5,6,7,8,9,10,11,12,13,14,15,16,17,18,19,20,21,22,23,24
0,6.661641558622045e-05,1.5754797302190732e-05,4.956646602938015e-07,5.770006458503371e-05,2.9581341257992006e-08,2.8397749376939008e-05,1.2302167368631412e-05,0.9806086401649603,1.2873070708678013e-06,2.5675153947114968e-05,3.140498280039651e-05,0.0002160477231741369,1.0028421168607969e-05,5.091759340896078e-07,3.4600633989753736e-05,0.0033660096642032606,3.667113610679944e-05,5.5172607931056895e-06,5.975480612872538e-05,1.0423945179097508e-07,4.554270069983619e-08,0.01542161892667742,2.910336622343355e-09,1.3669618658146235e-09,7.841433739711193e-07
1,6.701894804416417e-05,1.5636455449704393e-05,5.397887877359818e-07,6.371808753300183e-05,2.606365482985729e-08,2.020087059058248e-05,1.1466203153835282e-05,0.9838576898655621,8.236430595963868e-07,2.12250436165717e-05,2.5229084853142205e-05,0.00022844663932487162,1.0530436123585246e-05,3.8679269975084434e-07,2.4688889441039705e-05,0.004000687322985714,4.370554104152516e-05,5.512521687865525e-06,4.8670731315358585e-05,9.804862201109262e-08,3.9704207927881685e-08,0.01155307078171469,2.429721538969896e-09,1.227775916781667e-09,5.848790331822348e-07
2,6.448060798903709e-05,1.610284239964128e-05,4.556052706418199e-07,6.330538400341148e-05,2.783561078902257e-08,1.9093901268576614e-05,1.075993879299244e-05,0.983028412627008,8.220876430431834e-07,1.887141941528991e-05,2.7152790557542115e-05,0.0002288745614984056,1.0060240873900007e-05,4.0785493935950054e-07,2.709641637563306e-05,0.003304975609857649,4.06790397014988e-05,4.873891311302145e-06,4.389424384654703e-05,9.669106916152431e-08,3.508670210481539e-08,0.013088932628375325,2.241465716437469e-09,1.0934635601596752e-09,5.853605609278327e-07
3,7.387038217982901e-05,1.6078108491385344e-05,5.049027989693931e-07,6.81198167766454e-05,2.857119819107384e-08,1.9913311191065098e-05,1.1702150961293722e-05,0.9833258218211972,8.188361851423294e-07,1.8729048697734044e-05,2.7944608794318176e-05,0.0002416269178703881,1.07493049206789e-05,3.933947379996958e-07,2.5447939814081652e-05,0.0034980415425139503,4.468606492579452e-05,5.488711453440435e-06,4.5983691569147296e-05,9.352069759191241e-08,3.8131244478679254e-08,0.012563337975071342,2.4674892848636853e-09,1.2044537784637982e-09,5.775747663572035e-07
4,7.75418228324542e-05,1.6572572018072154e-05,5.258079100948351e-07,6.91686012383081e-05,2.9682538708483464e-08,1.8792857549729008e-05,1.1875557709570214e-05,0.9832133894841766,8.244493672681947e-07,1.841653817741884e-05,2.8922949401956996e-05,0.00024475289133484127,1.1683104393077441e-05,4.184108555257857e-07,2.396877768186874e-05,0.0032703948249570257,4.438446086651251e-05,5.784015550904563e-06,4.535549372401377e-05,9.672118296731403e-08,4.039148528009182e-08,0.012896494186439693,2.4542261612301367e-09,1.2397483601894216e-09,5.627046333286483e-07
5,7.689168327249752e-05,1.669257921470453e-05,5.358106132027365e-07,7.84970889084638e-05,3.1796792862144164e-08,2.0400471700943965e-05,1.2127848001463667e-05,0.9839686349953948,8.47805561977762e-07,1.9364571783586044e-05,2.8798412334538198e-05,0.00024363983563498992,1.1732048946777455e-05,4.098329756196393e-07,2.445220417636904e-05,0.0034605135416493783,4.549287006500237e-05,6.286397728065308e-06,4.657842124781919e-05,1.0382393053028111e-07,4.035540788061856e-08,0.011937378732252915,2.754842303641987e-09,1.3370145723844945e-09,5.447805486840585e-07
6,7.387038217982901e-05,1.6078108491385344e-05,5.049027989693931e-07,6.81198167766454e-05,2.857119819107384e-08,1.9913311191065098e-05,1.1702150961293722e-05,0.9833258218211972,8.188361851423294e-07,1.8729048697734044e-05,2.7944608794318176e-05,0.0002416269178703881,1.07493049206789e-05,3.933947379996958e-07,2.5447939814081652e-05,0.0034980415425139503,4.468606492579452e-05,5.488711453440435e-06,4.5983691569147296e-05,9.352069759191241e-08,3.8131244478679254e-08,0.012563337975071342,2.4674892848636853e-09,1.2044537784637982e-09,5.775747663572035e-07
7,8.690520195075684e-05,1.6031314498554182e-05,5.58411176246824e-07,6.768595442500749e-05,2.8622905025031872e-08,1.7932873774877567e-05,1.159341977823897e-05,0.9832300053535903,7.670465107539881e-07,1.779300958174943e-05,3.0519700440611596e-05,0.00023354082689414982,1.2834137607857959e-05,3.8249006137090063e-07,2.321360541633556e-05,0.003259729772205235,4.498655007768261e-05,5.942406180161347e-06,4.5063025220174546e-05,9.80779730482671e-08,3.9480888729154064e-08,0.012893823836085845,2.301436597104407e-09,1.2064759297993279e-09,5.213748448049739e-07
8,1.989060296899238e-05,6.949039520634133e-06,8.292195657230353e-08,2.9006125203945047e-05,1.2433474073124527e-08,1.4800141761922148e-05,2.0629972028397895e-05,0.9842452438324281,4.965813919767003e-07,7.057977738182256e-06,2.112220337907401e-05,0.00012254167978502972,7.3687722001656225e-06,1.3853372861166918e-07,2.0827997236209933e-05,0.002407498704687153,1.4035581743505981e-05,4.802643157534021e-06,0.00010938107191943704,5.2593016818654046e-08,2.8767914349871726e-08,0.012947822114207334,7.365547341226819e-10,2.3544127240605663e-10,2.0873655591640044e-07
9,9.434281408232675e-05,8.132085071856109e-06,1.4932681939146978e-07,4.515733904970972e-05,3.5375125440949485e-08,2.4397443768856396e-05,3.8187285056831464e-05,0.9744852844201686,8.527155998534284e-07,4.513778034461128e-06,5.32303872331265e-05,0.00030381679517978914,1.249146168285016e-05,1.4916898371418657e-07,3.343321899120159e-05,0.002301194892665873,2.921978704204364e-05,6.249036236322854e-06,0.0001009567897361253,4.970069250243611e-08,3.654978746480997e-08,0.022457726082121453,1.5498143532746037e-09,5.774249249855801e-10,3.9141963089638593e-07
10,7.387038217982901e-05,1.6078108491385344e-05,5.049027989693931e-07,6.81198167766454e-05,2.857119819107384e-08,1.9913311191065098e-05,1.1702150961293722e-05,0.9833258218211972,8.188361851423294e-07,1.8729048697734044e-05,2.7944608794318176e-05,0.0002416269178703881,1.07493049206789e-05,3.933947379996958e-07,2.5447939814081652e-05,0.0034980415425139503,4.468606492579452e-05,5.488711453440435e-06,4.5983691569147296e-05,9.352069759191241e-08,3.8131244478679254e-08,0.012563337975071342,2.4674892848636853e-09,1.2044537784637982e-09,5.775747663572035e-07
11,7.826252738103351e-05,1.6500353868692546e-05,5.233790158935819e-07,6.921895003981404e-05,2.9564184914589746e-08,1.943178746563492e-05,1.2012375954922073e-05,0.9828762216445754,8.224660196550176e-07,1.832466341254822e-05,2.9024551446629956e-05,0.0002523098408596078,1.158945224967318e-05,4.004150528659051e-07,2.5164628046335212e-05,0.003486797077963875,4.579797810372288e-05,5.6185930293782535e-06,4.5990886768286634e-05,9.686475206382264e-08,3.926919130911071e-08,0.013005237138058573,2.4682585592582553e-09,1.2676181799526486e-09,5.818566822229208e-07
12,8.622517864125555e-05,1.8093971606135226e-05,6.1025831399839e-07,6.81749660111531e-05,4.4009239600619476e-08,2.7035196513035416e-05,1.2618372314556032e-05,0.9802854712694377,9.891741377508268e-07,2.052949626604367e-05,3.562114245528617e-05,0.0003112693665501129,1.2067407613991388e-05,4.5761905612195174e-07,2.9795178641723025e-05,0.003767055100052411,5.614385291066151e-05,5.337331677527537e-06,3.813895243544094e-05,1.338816844663644e-07,4.053165963368159e-08,0.01522338730101594,2.9889528709687284e-09,1.5903577678808624e-09,7.558624550167666e-07
13,7.542286481096337e-05,1.7051991492530595e-05,5.862230129211058e-07,8.004011506633406e-05,3.133192627910345e-08,2.4452947052214502e-05,1.3167820276242593e-05,0.983674493979148,9.168281311118015e-07,2.228901297405518e-05,2.666135511872739e-05,0.00024905684321673753,1.1119560145292307e-05,3.931495343848033e-07,2.7256549562915996e-05,0.0043019262537592725,5.073748644952353e-05,6.092802195767937e-06,5.062552339617074e-05,1.0606106923638373e-07,4.153263505747453e-08,0.011366906294950125,3.1583050696063536e-09,1.471655369457879e-09,6.188441156931846e-07
14,6.900687809089803e-05,1.157801278700394e-05,4.714580221726976e-07,4.477985119331013e-05,2.024790959888175e-08,1.9972249850670407e-05,1.0921936237263135e-05,0.9835238197937343,6.98503989532857e-07,1.4328724857614945e-05,2.4023438210022824e-05,0.0002695536031335031,7.845124081163901e-06,3.040433865478502e-07,2.5907586623132497e-05,0.0040456287892044465,4.492329128046547e-05,3.621861195743887e-06,3.3682544286505244e-05,7.596860470929839e-08,2.849517764073542e-08,0.011848122500185397,2.0898995053585573e-09,9.919412714688563e-10,6.820161174528078e-07
15,7.387038217982901e-05,1.6078108491385344e-05,5.049027989693931e-07,6.81198167766454e-05,2.857119819107384e-08,1.9913311191065098e-05,1.1702150961293722e-05,0.9833258218211972,8.188361851423294e-07,1.8729048697734044e-05,2.7944608794318176e-05,0.0002416269178703881,1.07493049206789e-05,3.933947379996958e-07,2.5447939814081652e-05,0.0034980415425139503,4.468606492579452e-05,5.488711453440435e-06,4.5983691569147296e-05,9.352069759191241e-08,3.8131244478679254e-08,0.012563337975071342,2.4674892848636853e-09,1.2044537784637982e-09,5.775747663572035e-07
16,6.776818750389679e-05,1.568280966901331e-05,3.9693918677167705e-07,6.636475169205477e-05,2.6791583697830584e-08,1.7662457166620825e-05,1.0868909190601932e-05,0.9822809339584591,7.782557370535757e-07,1.662396020330933e-05,2.8319570035912815e-05,0.00023970084604337089,1.0169996530052476e-05,3.918306041337912e-07,2.7562996958092464e-05,0.0031231628235526975,3.993907164517863e-05,5.041957089898881e-06,4.746283825864955e-05,8.407060857087049e-08,3.3800155558669644e-08,0.01400046492662138,2.1157307966505397e-09,9.991808845352417e-10,5.551365930358994e-07
17,6.658868128945102e-05,1.5897183458623253e-05,4.975297093915704e-07,6.513003744649365e-05,2.6204819524098024e-08,2.0897381754743885e-05,1.1131851478807146e-05,0.9834905281177787,8.069811021109864e-07,2.0643841258395098e-05,2.591527077008345e-05,0.0002225604938988216,9.789593605032996e-06,3.765595863390651e-07,2.772172697244606e-05,0.003861852966331236,4.446788063060993e-05,5.0924673272808775e-06,4.84810918471138e-05,9.270285676899034e-08,3.691152899291812e-08,0.012060857407755511,2.444970388408795e-09,1.1512501000631029e-09,6.035205727258416e-07
18,6.85590406499661e-05,1.6044986226373084e-05,4.9123991769505e-07,5.437088240323513e-05,2.586406135747328e-08,2.125714936251673e-05,1.3038206949472598e-05,0.9814046237949692,8.745717852543979e-07,1.907234690580943e-05,2.8286870420983076e-05,0.00028152549153552097,1.0098780350236275e-05,4.436833161342625e-07,2.730844957384473e-05,0.003857171412151568,4.704916220904611e-05,5.220005200545775e-06,5.029320000989394e-05,9.134242361712922e-08,4.317686981521276e-08,0.014093365749032935,2.5360598017380284e-09,1.230918558376909e-09,7.40826696606136e-07
19,6.926510783079338e-05,1.964141498632691e-05,5.336879177074651e-07,9.555473437698605e-05,3.72444661684284e-08,2.4763236119840538e-05,1.291457419972918e-05,0.9820192399999009,1.0292748936285043e-06,2.300424341181516e-05,2.6932112391389133e-05,0.00028051051586425326,1.1211962581288118e-05,4.567425363515826e-07,3.1508624508551816e-05,0.003906460918448159,4.946665315950534e-05,5.352603923984161e-06,4.8422146595701817e-05,1.0883147653779883e-07,3.6190385130127735e-08,0.013372874866081403,2.967186493018061e-09,1.443240209828784e-09,6.699035172495824e-07
20,6.331338775196152e-05,1.5313958336489847e-05,3.873980330785841e-07,6.280935735108977e-05,2.6851750498711758e-08,1.7561798258429505e-05,1.0143911762437295e-05,0.9822535767879077,8.073131674074222e-07,1.7090830365095477e-05,2.862932557973368e-05,0.00020791897351538072,1.0076763564560848e-05,4.144732040933012e-07,2.664712208083734e-05,0.002664157267304037,3.529980567963619e-05,4.839913054858213e-06,4.503902167342936e-05,8.70356224703295e-08,3.4421160436025316e-08,0.014535295607762124,1.992090195384616e-09,9.59823349032471e-10,5.257232004056119e-07
21,9.011958092408269e-05,1.6677372704467633e-05,6.514347600620726e-07,7.226991213505433e-05,2.7380498074040865e-08,1.5668445826356436e-05,1.095781636624692e-05,0.98479666006109,6.762602882892027e-07,1.7256488058813496e-05,2.7071078736844392e-05,0.00028169617194217654,1.2785863418993329e-05,3.939384468208767e-07,1.8990635555425226e-05,0.003792064610564967,5.218469432283255e-05,6.25707498773898e-06,3.725250679769622e-05,1.0074606801591391e-07,3.895831662362491e-08,0.010749670626776028,2.488529485323062e-09,1.3902881341298139e-09,5.244625969340071e-07
22,7.153821949383708e-05,2.201453765608535e-05,3.763960426693884e-07,0.00010761649156982117,3.7851056389035493e-08,3.3084891751339936e-05,2.2052549606750036e-05,0.9750287809481891,1.9704822917792697e-06,2.1190881056519116e-05,3.0421863115675264e-05,0.00038463819978062767,1.3527722689493499e-05,4.265836595853419e-07,5.1015462655669715e-05,0.004648958086470487,3.6835664241738174e-05,5.206823573917793e-06,8.972467629447142e-05,9.822529722475716e-08,3.333350956873731e-08,0.01942950445202822,3.1304190824395104e-09,2.0220775834251557e-09,9.405054724810307e-07
23,7.387038217982901e-05,1.6078108491385344e-05,5.049027989693931e-07,6.81198167766454e-05,2.857119819107384e-08,1.9913311191065098e-05,1.1702150961293722e-05,0.9833258218211972,8.188361851423294e-07,1.8729048697734044e-05,2.7944608794318176e-05,0.0002416269178703881,1.07493049206789e-05,3.933947379996958e-07,2.5447939814081652e-05,0.0034980415425139503,4.468606492579452e-05,5.488711453440435e-06,4.5983691569147296e-05,9.352069759191241e-08,3.8131244478679254e-08,0.012563337975071342,2.4674892848636853e-09,1.2044537784637982e-09,5.775747663572035e-07
24,6.620849704049493e-05,1.7931880801573098e-05,4.536270043185824e-07,8.206565278625843e-05,2.9246534948949206e-08,1.8534733894509294e-05,1.1564236071830635e-05,0.9836784863238447,8.108500891503632e-07,1.940848039276625e-05,2.609972752596061e-05,0.000229494672005424,1.0892838377034926e-05,4.1851914721730984e-07,2.5503261238868607e-05,0.003299005566308283,4.278939239171178e-05,5.768114047150312e-06,5.01577701436374e-05,9.178645588706058e-08,3.823111599869474e-08,0.012413718175797742,2.492347668352383e-09,1.1561694784392855e-09,5.247684674043446e-07
25,0.0007091446664582614,0.0005703843496717262,9.470302314373743e-06,0.0005469038883875331,2.220909387879083e-07,0.0010350455066429538,9.650950544638796e-05,0.7308415684902957,6.161565721112332e-05,0.0012227511640336994,9.955572829288343e-05,0.0019076447049110898,6.472493562431241e-05,4.24351021831874e-06,0.0034081476779064335,0.10260580180852605,0.0007596297720607068,7.886228407931202e-06,0.001964017924007711,4.4033806024215744e-07,3.0644408516276874e-07,0.15398755843715056,9.503452056360721e-08,1.0625594553291329e-07,9.622557888196357e-05
26,0.00011937752737109688,1.942744615612309e-05,8.824106692550475e-07,9.244973166392318e-05,4.315481457404531e-08,2.6300658857930767e-05,1.3634953334914471e-05,0.9831975455717352,1.167222643158596e-06,2.36511390556978e-05,3.443102861791412e-05,0.00030965589645984363,1.4880487600477876e-05,4.954350647302549e-07,2.4522900441316565e-05,0.003993914046257191,5.7662333422328665e-05,7.73522349300316e-06,4.254761827875248e-05,1.3191854421756358e-07,4.8947457822548585e-08,0.012018794545612962,4.073480332348214e-09,2.3035621788605137e-09,6.934254048601658e-07
27,0.00015991054091953289,1.4884758193760293e-05,2.896799671738634e-06,7.458622087231347e-05,2.0499424241573863e-08,1.544366305539418e-05,1.659683674048016e-05,0.9852761547056876,1.668855450207366e-07,2.077183020956646e-05,2.3269494050838963e-05,0.0003109254083205616,1.5531568300697284e-05,2.8090464003192777e-07,7.86140576474398e-06,0.010826002110956605,0.000281638135799981,1.8250534583811974e-05,3.339447554871291e-05,1.4946474036559038e-07,1.116745990751672e-07,0.002900714983586564,7.109268417782651e-09,1.824622621288534e-09,4.281648972019751e-07
28,7.387038217982901e-05,1.6078108491385344e-05,5.049027989693931e-07,6.81198167766454e-05,2.857119819107384e-08,1.9913311191065098e-05,1.1702150961293722e-05,0.9833258218211972,8.188361851423294e-07,1.8729048697734044e-05,2.7944608794318176e-05,0.0002416269178703881,1.07493049206789e-05,3.933947379996958e-07,2.5447939814081652e-05,0.0034980415425139503,4.468606492579452e-05,5.488711453440435e-06,4.5983691569147296e-05,9.352069759191241e-08,3.8131244478679254e-08,0.012563337975071342,2.4674892848636853e-09,1.2044537784637982e-09,5.775747663572035e-07
29,7.387038217982901e-05,1.6078108491385344e-05,5.049027989693931e-07,6.81198167766454e-05,2.857119819107384e-08,1.9913311191065098e-05,1.1702150961293722e-05,0.9833258218211972,8.188361851423294e-07,1.8729048697734044e-05,2.7944608794318176e-05,0.0002416269178703881,1.07493049206789e-05,3.933947379996958e-07,2.5447939814081652e-05,0.0034980415425139503,4.468606492579452e-05,5.488711453440435e-06,4.5983691569147296e-05,9.352069759191241e-08,3.8131244478679254e-08,0.012563337975071342,2.4674892848636853e-09,1.2044537784637982e-09,5.775747663572035e-07
30,7.387038217982901e-05,1.6078108491385344e-05,5.049027989693931e-07,6.81198167766454e-05,2.857119819107384e-08,1.9913311191065098e-05,1.1702150961293722e-05,0.9833258218211972,8.188361851423294e-07,1.8729048697734044e-05,2.7944608794318176e-05,0.0002416269178703881,1.07493049206789e-05,3.933947379996958e-07,2.5447939814081652e-05,0.0034980415425139503,4.468606492579452e-05,5.488711453440435e-06,4.5983691569147296e-05,9.352069759191241e-08,3.8131244478679254e-08,0.012563337975071342,2.4674892848636853e-09,1.2044537784637982e-09,5.775747663572035e-07
31,7.634269022786486e-05,1.285468623418376e-05,5.287981144772796e-07,5.021875290447076e-05,2.1832657564654603e-08,1.4875472469920318e-05,1.0002218466714452e-05,0.9864681580510745,5.838308405934182e-07,1.489384919413172e-05,2.4704118984759944e-05,0.00020450519118493668,9.39305482866179e-06,3.343340183337047e-07,1.6845543989530097e-05,0.003031214836239594,4.279046742077393e-05,5.257747758451336e-06,3.420593480673537e-05,7.58866225146361e-08,3.8039717760203746e-08,0.009981698750858256,2.06128492643147e-09,9.459282610112125e-10,4.5290417197871065e-07
32,7.186383419277891e-05,1.6099272040462496e-05,4.874048213408611e-07,6.882076539203275e-05,2.881670522430399e-08,2.0110798898480494e-05,1.2056586970375528e-05,0.9830790381116845,8.255942182546382e-07,1.8750531494239738e-05,2.8099159017130718e-05,0.00024142513180745227,1.076884951337558e-05,3.905068811613377e-07,2.66352461522287e-05,0.0035983552875708414,4.4436053806998244e-05,5.579656676521028e-06,4.966356071046213e-05,9.408609948419416e-08,3.939561146931142e-08,0.012705841703200223,2.4957373342713065e-09,1.2180315170228427e-09,5.859327662532591e-07
33,7.336863538091267e-05,1.6343074555774622e-05,5.215345783509835e-07,6.774290321462952e-05,2.9086345053268358e-08,2.0898016155156113e-05,1.1669926563269325e-05,0.9831979651760264,8.6230967638857e-07,1.9941970370774318e-05,2.8009297934072357e-05,0.00023803743472327363,1.0592053276209163e-05,4.079393097959004e-07,2.6699318770606502e-05,0.00355272735198634,4.479818678415391e-05,5.449490427892635e-06,4.6734549620882765e-05,9.605459971796842e-08,3.8779154677897324e-08,0.012636456436708,2.556074904352257e-09,1.2309943538329792e-09,6.066867685492514e-07
34,2.013908345940078e-05,1.8358775266513793e-05,3.0568337523704475e-07,7.431015621520455e-05,1.8773323941372104e-08,2.7739585402408365e-05,9.659746027771467e-06,0.984026008596458,6.612438309337414e-07,2.9361646981905894e-05,1.2600436807928191e-05,0.0002367622150019503,5.114720978321733e-06,4.0745505976327885e-07,2.9617090229864732e-05,0.006052277151396364,4.845008881370106e-05,3.2254126575456177e-06,4.1243509001847464e-05,1.0252486987681967e-07,2.585428979231344e-08,0.00936291700499164,2.655446770093877e-09,8.730403923683656e-10,6.897170728389702e-07
35,4.1921617508273296e-05,0.0006153934011586926,3.1367913057238213e-06,0.00395021726788545,7.160945619052058e-07,0.00023915084600250022,2.748959901171839e-05,0.9137265016081236,4.7728214163240215e-06,0.0005319066914700908,5.291939163846549e-05,0.000502263846757443,8.075224107025386e-05,5.427680442335611e-06,0.0026172359746576015,0.025489265002167652,0.0004879993640532539,4.215436529877194e-06,0.00020628710158873215,7.797870202171975e-06,7.897558926979336e-08,0.05139550969341314,4.990663042477171e-08,1.2890052524044503e-08,8.97788676258105e-06
36,5.64046500539603e-05,1.4688478136421365e-05,3.8599942481494894e-07,5.4840731852373324e-05,1.9937587545593976e-08,1.6108547516668477e-05,1.0036879264656984e-05,0.9836255134799714,6.396059843160919e-07,1.5926729645288653e-05,2.1848213115816337e-05,0.00023754246324193668,8.80089779390289e-06,3.3193143992070026e-07,2.2398594528555708e-05,0.0036502625439334066,4.087297855552123e-05,4.1543817256659425e-06,3.890341105875637e-05,7.638950805009369e-08,2.859340618361571e-08,0.012179699453973245,1.753078388630595e-09,8.481530499378229e-10,5.125070501929025e-07
37,0.00012154498622579664,1.762011467301628e-05,7.440749176298419e-07,7.804372125561243e-05,3.619804952526304e-08,1.9318533225254736e-05,1.4066818824703752e-05,0.9829700009824365,9.429159750492634e-07,1.7883621834580052e-05,3.534275080416395e-05,0.0003106770572930052,1.5578497188312526e-05,4.4725225411048016e-07,2.1376554860556027e-05,0.003406841901067346,5.262342574200438e-05,7.545263732375506e-06,4.404682826028309e-05,1.0666238859366944e-07,4.712730361615527e-08,0.012864559266518047,3.002237586906834e-09,1.7764777690882867e-09,6.006664549014266e-07
38,7.047583228410029e-05,1.3979002170902145e-05,5.213556167522037e-07,6.238623340203741e-05,2.4391226300926165e-08,2.3300919561707085e-05,1.3572231109382823e-05,0.9830597548397809,7.256975998420163e-07,1.9039107605942435e-05,2.6265132059887148e-05,0.00023241222904661358,1.0842833170412562e-05,3.0986570533879316e-07,2.854295996752017e-05,0.004863877603544354,5.173485190598663e-05,5.576096247449472e-06,5.506232726744911e-05,1.0266232004320692e-07,4.055487479795382e-08,0.011460854951631558,2.718888828788168e-09,1.1934782078387075e-09,5.944095337249376e-07
39,5.957171350242048e-05,1.1714661824517886e-05,4.127959391343049e-07,4.9307899893527446e-05,2.085720251825909e-08,1.668914885344172e-05,1.019603189470014e-05,0.9857532864899906,5.984927880264426e-07,1.4146181815708862e-05,2.3188466915880385e-05,0.0002206693276665459,8.03079284576742e-06,3.0622528455181073e-07,1.9685137245727633e-05,0.003325587576327732,3.9329249698197004e-05,4.503889537812811e-06,3.5547818816676094e-05,7.464448358991274e-08,3.1910003378076276e-08,0.010406611376009643,1.9319655233697764e-09,8.760008736903919e-10,4.865034934094896e-07
40,7.720312811225302e-05,1.6215931942069986e-05,5.2250987584069e-07,6.704581589899244e-05,2.9179359376922953e-08,1.999369147168843e-05,1.1810408333870233e-05,0.9829762821644069,8.211341005791343e-07,1.853264409226104e-05,2.8785112821436434e-05,0.00024835822616708106,1.090597371847717e-05,4.0005086766106253e-07,2.5771035199796668e-05,0.0034691192370554357,4.613007000677682e-05,5.426777352055626e-06,4.519565687112648e-05,9.348819675218717e-08,3.861979707914482e-08,0.012930719067491688,2.468255549124588e-09,1.2114183348756006e-09,5.963971868595707e-07
41,6.971575264090936e-05,1.4432562794734969e-05,4.773726476964139e-07,4.133163606744574e-05,1.7268051596080864e-08,1.4482603624111866e-05,1.185936794003953e-05,0.9837408966567963,5.854768635777063e-07,1.5203700406731857e-05,2.611836606258034e-05,0.0002458539255052452,1.092709451018627e-05,3.915394196817732e-07,1.6352102711066325e-05,0.003462305687474594,4.5335632175999136e-05,5.941791502242774e-06,4.4672588680442373e-05,7.985266276628646e-08,4.859856578093308e-08,0.012232433373195366,2.0573491513385903e-09,1.0353256111900845e-09,5.339570261376541e-07
42,0.0006197658405486992,2.663311861840428e-05,5.165879674710908e-06,0.0003149360121181266,1.810029012195286e-07,5.392341641798085e-05,2.1304159007833638e-05,0.9915740518323279,4.675924363438887e-06,6.105789121194946e-05,9.782273225185591e-05,0.0003614022056231237,2.346442169479302e-05,2.4634940763150826e-06,2.0648875798614596e-05,0.0016363454198464527,7.1282981234822e-05,7.21087062841495e-05,4.6357568165343356e-05,2.4041979371999036e-07,1.5436748551094045e-07,0.004984928854886652,4.613090092019964e-08,9.121547219708369e-09,1.0296232203563042e-06
43,0.00019364621301911752,2.1430041481332637e-05,6.544178704912358e-07,9.723134937195796e-05,3.247257612288628e-08,1.2301781694133083e-05,1.78979686751793e-05,0.9800570275540523,7.039265133755892e-07,9.331276665572385e-06,4.2131716571693536e-05,0.0005390177532281098,2.257913053255306e-05,3.7541179385467376e-07,1.7698794853556315e-05,0.003257452088474892,6.494887281980859e-05,8.35022211628378e-06,4.4002824232704105e-05,7.663872128915403e-08,4.044018872104994e-08,0.015592539407587562,2.410112697938136e-09,1.734893048365434e-09,5.255519538392769e-07
44,7.387038217982901e-05,1.6078108491385344e-05,5.049027989693931e-07,6.81198167766454e-05,2.857119819107384e-08,1.9913311191065098e-05,1.1702150961293722e-05,0.9833258218211972,8.188361851423294e-07,1.8729048697734044e-05,2.7944608794318176e-05,0.0002416269178703881,1.07493049206789e-05,3.933947379996958e-07,2.5447939814081652e-05,0.0034980415425139503,4.468606492579452e-05,5.488711453440435e-06,4.5983691569147296e-05,9.352069759191241e-08,3.8131244478679254e-08,0.012563337975071342,2.4674892848636853e-09,1.2044537784637982e-09,5.775747663572035e-07
45,0.00023986074653931615,4.661137786214821e-05,2.3515115367940385e-06,5.147900394828513e-05,2.491652274476983e-08,1.515513691101046e-05,6.624278883199249e-06,0.9805523113394436,7.813008553704643e-07,3.882248613937786e-05,4.4346107138742104e-05,0.0004233337119809061,1.7833401016345415e-05,1.4610356657114536e-06,1.2259141114244133e-05,0.0036195772261368607,0.00012181291518566463,1.0544311910787028e-05,2.709602116590479e-05,1.1177567830556506e-07,1.113804277211637e-07,0.014766246883686893,4.913616964603123e-09,2.9726799794569303e-09,1.236103953396884e-06
46,3.678784531994173e-05,1.3400563363391672e-05,5.607851609874945e-07,5.89583857804243e-05,3.082679442251562e-08,3.538581782922553e-05,1.0576111747359677e-05,0.9879082353956266,3.7989455602330898e-06,5.985089912950989e-05,2.5199663815417433e-05,9.12188906806847e-05,8.929362829966088e-06,9.360154653209473e-07,2.8844447447697106e-05,0.001908531966603115,1.0106326375441538e-05,9.256652693689651e-06,8.633878042312463e-05,1.4846578851920208e-07,5.91599846743723e-08,0.009702223747834395,3.5307960488941276e-09,1.5911331275156405e-09,6.158218168021629e-07
47,7.241388053538702e-05,1.5878281273288582e-05,5.038116075091807e-07,6.88551002543925e-05,2.864429401644457e-08,1.9991218223286567e-05,1.1604170098007378e-05,0.9836378325863578,8.203919856657618e-07,1.8954145482921335e-05,2.7645153079979167e-05,0.00023559144654300873,1.0556744645747284e-05,3.9649406627950817e-07,2.5422518845506755e-05,0.00344901410379305,4.4017451267920495e-05,5.535771574541497e-06,4.6153094497667155e-05,9.342463098234117e-08,3.839259951632312e-08,0.012308078212480023,2.4998852149903146e-09,1.1930855035333918e-09,5.712688924397902e-07
48,0.00016455964212492115,1.2367280087530655e-05,1.1736640046163517e-06,8.404691015449756e-05,6.03608637745816e-08,5.77210142634571e-05,1.7647710300662054e-05,0.9752068382403167,3.095113533848265e-06,2.559160604928464e-05,6.071315822328592e-05,0.0005011069215326786,2.218814225399275e-05,4.600808026247067e-07,5.1711301246660016e-05,0.00547679016823355,3.767815971558191e-05,7.354847011259535e-06,5.133719714561583e-05,2.582529053717097e-07,3.54048346670356e-08,0.018215969082208707,4.2083619991709276e-09,4.65139017998468e-09,1.2868824345167902e-06
49,7.937963119217528e-05,1.5183396944762065e-05,5.672241289641993e-07,6.552240177314436e-05,2.971409854302643e-08,2.132757684059289e-05,1.191546260750562e-05,0.9837881033585779,7.980895131550664e-07,1.7604346318695953e-05,2.904553781055099e-05,0.0002617013666514524,1.1143578863011008e-05,3.9205871366937564e-07,2.2305613950720027e-05,0.0034181026428361195,4.757641662129328e-05,5.575686716343212e-06,3.780107711903103e-05,1.01706021951855e-07,3.7909215521402994e-08,0.012165216149952278,2.574835575357647e-09,1.240632550868573e-09,5.652380645097515e-07
50,0.0001804556423880161,2.246203183372527e-05,8.287641930571168e-07,0.00012295281558375498,4.6985399479266215e-08,2.966686122137365e-05,1.4441695068007588e-05,0.9774761587419184,9.82891798569163e-07,1.7151764028477646e-05,4.788016266152327e-05,0.00045387315228620603,1.7494997825136677e-05,3.713514098406616e-07,4.1315843650813265e-05,0.005577812819558819,8.833845729375918e-05,7.194496582461054e-06,4.940647580917208e-05,1.311604089572573e-07,4.1242645397697285e-08,0.015850123807915253,4.4860791426566545e-09,2.8342664499642696e-09,8.605181740132825e-07
51,6.0834507529041425e-05,1.9980823150912255e-05,4.157594751256316e-07,8.340837100776059e-05,2.8686797850041806e-08,1.6135346126544243e-05,9.874314338993109e-06,0.9840588842218542,7.967535103135814e-07,1.9694548112352738e-05,2.5751714388763553e-05,0.0002050772335071677,1.0454651155435863e-05,4.6389868190284135e-07,2.4308195136997207e-05,0.00265776734076982,3.731673228195844e-05,5.459785568827461e-06,4.602090021273564e-05,8.743707859335257e-08,3.504978145958322e-08,0.01271672104891932,2.182545714931674e-09,9.938497459460525e-10,4.795042186777656e-07
52,6.567829004455492e-05,1.4697463707109032e-05,4.662787932735422e-07,6.879954577919547e-05,2.7322374055413635e-08,2.1102572200343767e-05,1.046115318801195e-05,0.9841071996174692,8.621171217217642e-07,2.208476114901925e-05,2.7267482157882395e-05,0.00019138120702609678,1.0225484146871661e-05,3.803403987223652e-07,2.724127113774373e-05,0.0035267353788688053,3.859248860665203e-05,5.944182598212644e-06,5.2451875074809215e-05,9.972291116191949e-08,3.756862992539313e-08,0.011807737547664466,2.4807963049242964e-09,1.1643643264154564e-09,5.226837915144303e-07
53,6.671836684145297e-05,1.3453548785125876e-05,4.384037940972605e-07,5.910872130309514e-05,2.515513607077545e-08,2.003877310697198e-05,1.3040070578402015e-05,0.9843989699092865,7.766122033881722e-07,1.5225860118622683e-05,2.580663615564066e-05,0.00025503348356655485,9.424572527574996e-06,3.4369665940927445e-07,2.336138571082695e-05,0.0034630351576331567,4.1568207783145506e-05,5.075888074513323e-06,4.18962699090259e-05,8.452493829119015e-08,3.433390546819676e-08,0.011545980262086735,2.3818659061871064e-09,1.0591723873347267e-09,5.567188577286354e-07
54,0.0003111326175937212,6.262311400243007e-06,8.029622965893212e-07,0.0002000524878821982,1.0054936760203559e-07,3.0374502045440564e-05,1.976217406146904e-05,0.9906081563832462,8.240395340214306e-07,9.623015751092707e-06,7.856732177076865e-05,0.00010766069447762205,2.511555006591527e-05,2.4943281439485555e-07,1.0720584929556684e-05,0.001085107734744101,4.0131443216533176e-05,3.726217227091748e-05,5.560632770316392e-05,1.1940877422580012e-07,1.1130505636780407e-07,0.007372127847663807,7.4002600532222145e-09,2.0629165311889114e-09,1.196701574676543e-07
55,0.00010025378875254047,1.603947625531662e-05,5.340661291856918e-07,8.585767403382757e-05,3.533098656663701e-08,2.19307205487543e-05,1.7173969911522377e-05,0.9820173827411766,1.0567720876240164e-06,1.4568099216813366e-05,3.3015339811803873e-05,0.00039655258289806965,1.4439457452525443e-05,3.7188783903654203e-07,2.367159442556527e-05,0.0038235248143415317,4.54043674286361e-05,6.8151282171178235e-06,4.797813399397169e-05,9.789972363687669e-08,3.6162572335667504e-08,0.013332641191857422,2.820608998673521e-09,1.737115789317668e-09,6.142426148964598e-07
56,7.628626499328523e-05,1.6194140505029548e-05,5.120959862088889e-07,6.830297231498329e-05,2.907738970767442e-08,1.9679414074636618e-05,1.195571349769178e-05,0.9831842060280653,8.269497658895358e-07,1.8423130673081052e-05,2.8607613931727513e-05,0.00024592934852943647,1.115373904252859e-05,3.9909305439167473e-07,2.5021673318285804e-05,0.00343489625971047,4.476369889813778e-05,5.622710224955484e-06,4.609020540321814e-05,9.450373755124344e-08,3.903094520532902e-08,0.012760386398980172,2.4788763612842822e-09,1.2303988199762572e-09,5.762276830449176e-07
57,6.638264515009263e-05,1.797736652729202e-05,4.525941350559823e-07,6.628550498066222e-05,2.562453544042067e-08,1.705591992909687e-05,1.2302873053144433e-05,0.9813089769253127,7.65681928708905e-07,1.838367913742908e-05,2.6686403380832912e-05,0.0002575927491817967,1.217070462734169e-05,3.890454925022053e-07,2.5779693373158865e-05,0.003864660472839054,4.3668273250453076e-05,5.323598743292816e-06,5.651530248638422e-05,9.157486245817837e-08,4.007537239749743e-08,0.014197890740973412,2.0289339492449205e-09,1.1547238156206655e-09,5.793670695142997e-07
58,8.307634802770646e-05,1.742788832379116e-05,5.488935423474824e-07,7.646014394792058e-05,3.327479284985705e-08,2.175796666866889e-05,1.3183784470732511e-05,0.9821275449055208,9.337755003266465e-07,1.941648573018848e-05,3.127006659191214e-05,0.00027262490524684207,1.2619921688637774e-05,4.188206950009151e-07,2.7326417065917672e-05,0.0037211277523350435,4.728915950789768e-05,6.181338837915076e-06,5.0891640563292274e-05,1.0696506507605432e-07,4.223678342812917e-08,0.013469085136213437,2.8123083585148414e-09,1.5036368699265593e-09,6.278569349570867e-07
59,8.034534302108374e-05,1.7473711235568745e-05,5.790654267061656e-07,7.347277077656119e-05,3.196881542359177e-08,2.156154930601785e-05,1.2341274248701513e-05,0.9827220551318598,9.147233534246798e-07,2.0576165738400686e-05,2.9470299581970384e-05,0.00026061949919360623,1.195190165695964e-05,4.290560676524808e-07,2.6129264696384274e-05,0.0037244908527194294,4.7683949990389716e-05,5.903328060027892e-06,4.730759655446921e-05,1.0575884793080428e-07,4.1906439350107836e-08,0.012895880940582092,2.7800521384240135e-09,1.4637734069895842e-09,6.296980022473384e-07
60,7.387038217982901e-05,1.6078108491385344e-05,5.049027989693931e-07,6.81198167766454e-05,2.857119819107384e-08,1.9913311191065098e-05,1.1702150961293722e-05,0.9833258218211972,8.188361851423294e-07,1.8729048697734044e-05,2.7944608794318176e-05,0.0002416269178703881,1.07493049206789e-05,3.933947379996958e-07,2.5447939814081652e-05,0.0034980415425139503,4.468606492579452e-05,5.488711453440435e-06,4.5983691569147296e-05,9.352069759191241e-08,3.8131244478679254e-08,0.012563337975071342,2.4674892848636853e-09,1.2044537784637982e-09,5.775747663572035e-07
61,8.406163765564918e-05,1.6975628153675108e-05,5.996476489693943e-07,7.110348337215907e-05,3.211971447260719e-08,2.1275965879884122e-05,1.2386701434261983e-05,0.9830464903809292,9.240350704498381e-07,2.0182736926379993e-05,2.996119763025134e-05,0.0002605250943170214,1.1926800238025387e-05,4.2994188823814693e-07,2.5080038143940877e-05,0.0036134287887608844,4.709390906064872e-05,6.018311334705787e-06,4.6172904875218555e-05,1.0320404641312524e-07,4.269321673128359e-08,0.012684552787994493,2.777750906189321e-09,1.4792941422757259e-09,6.27734663376837e-07
62,7.387038217982901e-05,1.6078108491385344e-05,5.049027989693931e-07,6.81198167766454e-05,2.857119819107384e-08,1.9913311191065098e-05,1.1702150961293722e-05,0.9833258218211972,8.188361851423294e-07,1.8729048697734044e-05,2.7944608794318176e-05,0.0002416269178703881,1.07493049206789e-05,3.933947379996958e-07,2.5447939814081652e-05,0.0034980415425139503,4.468606492579452e-05,5.488711453440435e-06,4.5983691569147296e-05,9.352069759191241e-08,3.8131244478679254e-08,0.012563337975071342,2.4674892848636853e-09,1.2044537784637982e-09,5.775747663572035e-07
63,7.327404527912999e-05,1.719755480109049e-05,5.020049153774738e-07,6.938625843336907e-05,2.923314375351602e-08,1.9875424440535448e-05,1.1824303234304422e-05,0.9829167534913761,8.338590382389057e-07,1.9322038416543444e-05,2.810008174271501e-05,0.0002448825264302036,1.0845532209851307e-05,4.074289142650676e-07,2.6320135660895974e-05,0.003557011247414665,4.567584608416215e-05,5.503124717339936e-06,4.793309112100882e-05,9.417887507025921e-08,3.928073302089557e-08,0.012903587970189385,2.500437316866296e-09,1.234622865129537e-09,5.976077687711381e-07
64,7.477038252325307e-05,1.6502412045148068e-05,5.272025458755392e-07,6.423472823267727e-05,2.8291995110988194e-08,1.909761559724113e-05,1.1960621364372525e-05,0.9832701069043346,8.012538458549827e-07,1.893695824381914e-05,2.83147591955253e-05,0.0002415083997367919,1.1003577019824192e-05,4.161589525416318e-07,2.4429986410645184e-05,0.0034765800536612616,4.6051442256336774e-05,5.716424486740059e-06,4.754096013773802e-05,9.397390855231963e-08,4.284101303889116e-08,0.012640738710175296,2.502598584515947e-09,1.2257520353633847e-09,5.926139672438883e-07
65,7.548667742390368e-05,2.2657503615071788e-05,7.423554945943921e-07,5.017751245061203e-05,2.4493933817568346e-08,1.5312636655839866e-05,8.808160647072608e-06,0.9820456352565974,1.1202214913282878e-06,2.633072219108236e-05,2.5236645345334585e-05,0.00026327586554428977,1.2578838822503696e-05,6.909301190930143e-07,1.9386279157877116e-05,0.00309445119679878,3.7720431878944883e-05,4.843274530023951e-06,3.267639830371195e-05,1.1325938615832204e-07,4.032883574686048e-08,0.01426195314649963,2.056245085423876e-09,1.4773318933158658e-09,7.343307002389106e-07
66,7.367096024192159e-05,1.522070280251093e-05,5.132749540494328e-07,6.372060761493855e-05,2.680433376646588e-08,1.809685202337173e-05,1.1183475149364803e-05,0.983864399705735,7.418751959723664e-07,1.7759451721483546e-05,2.736127812280804e-05,0.00023204131854847373,1.1299132653260472e-05,3.659317149113139e-07,2.2660769011474264e-05,0.0034054720245620578,4.302892075001528e-05,5.376490508940373e-06,4.2179146497935186e-05,9.580230173101617e-08,3.5983939100438384e-08,0.012144227436125274,2.17550139683319e-09,1.1169122573409723e-09,5.187630777519026e-07
67,7.380598645620555e-05,1.6212085796118294e-05,5.715322200202436e-07,7.140617136344038e-05,2.763961666040795e-08,1.9685435106840296e-05,1.0919769882983882e-05,0.9844823459220343,7.534482283909987e-07,2.003622223697533e-05,2.7102983701910885e-05,0.00022748916210519354,1.1308318993972663e-05,4.0664267855808827e-07,2.3710123142675163e-05,0.0035751151394511544,4.729307456805312e-05,5.833283853022492e-06,4.2204855482103686e-05,1.0737164692629407e-07,3.93199572525116e-08,0.011343076782666444,2.6946494230634724e-09,1.2326311740709478e-09,5.448015299697143e-07
68,5.1436077576714814e-05,9.646006378588777e-06,1.8568799980842562e-07,3.074198059619092e-05,1.4133725925251109e-08,9.177825316275295e-06,8.008443883273613e-06,0.9850258627533292,3.2557330341799725e-07,8.417946209430486e-06,2.3103948575130803e-05,0.00012787964793644607,5.537073018266934e-06,1.854903431942798e-07,2.0548450874407813e-05,0.0024829780846484786,3.1575891551548945e-05,3.6253575678868663e-06,5.110061626781661e-05,3.4527685834308744e-08,3.2151943363771713e-08,0.012109255742088564,9.852985956986338e-10,4.0767361075164863e-10,3.25196207694739e-07
69,0.00010270467724654247,2.1122554688730944e-05,5.183119941261994e-07,9.252367723852525e-05,4.076046585046562e-08,2.4762819199770076e-05,1.490631529509834e-05,0.9777769852317693,1.073676241982676e-06,1.9365862309253206e-05,3.488167373677639e-05,0.00031960446935473896,1.2777016846398145e-05,3.8641801771701635e-07,3.973278708235972e-05,0.004227527997159104,5.693030667691413e-05,5.372333438244856e-06,6.22694815355872e-05,8.912675161526516e-08,3.8858779341151125e-08,0.017185607066658948,2.848418382311205e-09,1.6558255872465495e-09,7.740732690407399e-07
70,7.896499161254635e-05,1.662325130155204e-05,5.342632594575185e-07,9.56798323098309e-05,3.788948530161484e-08,2.0662030817341314e-05,1.146775416288015e-05,0.9844792489161083,9.047897471222637e-07,1.7838427085415445e-05,2.9365143580544156e-05,0.00023864870322683014,1.1627227849019778e-05,4.46752204720323e-07,2.4254040423430027e-05,0.0025430468064873333,4.149767375056716e-05,5.703813265496542e-06,3.644117987217156e-05,1.0219537216380305e-07,3.3506106826247165e-08,0.012346377433950693,2.6808620345535614e-09,1.158518499468886e-09,4.895386399222941e-07
