,0,1,2,3,4,5,6,7,8,9,10,11,12,13,14,15,16,17,18,19,20,21,22,23,24
0,1.3882339486600002e-06,1.7097356732824032e-05,8.199491868178388e-06,0.0050523528889745055,2.902381967211594e-07,1.4540043270002166e-08,0.0013364812071315806,0.48825595306823,8.29181084922862e-05,0.49703623491820104,2.411614389329921e-09,4.247630174462907e-08,1.362907891674238e-07,1.567990884557831e-07,6.760892737024198e-07,0.004492343480859036,1.039703697339657e-06,2.698434188604806e-07,0.000857481761968815,0.0005510777557030706,0.00012165382155073494,8.138438809188098e-06,2.994708764693606e-06,0.00015996309566388626,0.002013093270677914
1,1.4065549042271096e-06,1.2645603218612993e-05,9.696268989537167e-06,0.004090557614771598,2.859860943492069e-07,1.9862587582565757e-08,0.0015125922309264786,0.4632445552071072,0.00012056116078893712,0.5207706031766878,2.5962189692683117e-09,4.44556443494809e-08,1.3851458711090462e-07,1.4340186600003033e-07,7.398060528723379e-07,0.006676190296315976,8.013429842748751e-07,2.0840311122018873e-07,0.0010163604586663592,0.0006295817773692224,0.00010855440131809587,6.877692533880175e-06,2.452054936723738e-06,0.0001307958851578819,0.001664185247160717
2,1.5676512442690674e-06,1.5303263520913592e-05,8.66455807237573e-06,0.004657142831705346,3.009242364103816e-07,1.9764226066288957e-08,0.001513411763444249,0.5101836716399569,9.577173339249825e-05,0.4734176473808292,2.8594847490890913e-09,5.3179568609611344e-08,1.581569996074883e-07,1.7125852681169768e-07,8.512441774392916e-07,0.0062938917988725595,1.1006827481934011e-06,2.6663779654485697e-07,0.0009718632420099457,0.0007274183030795353,0.0001145903258563084,9.83896342388242e-06,3.6423574636657074e-06,0.00014601385254430058,0.001836635626819383
3,1.4131805145192095e-06,1.4855839774172883e-05,9.645119620222005e-06,0.004721570943673824,3.0868561036320154e-07,1.767324597797872e-08,0.0014252580446938979,0.4941661852573599,9.928387247148548e-05,0.4909112516506431,2.722784399103476e-09,4.739313605928835e-08,1.6153618445067524e-07,1.509798886444532e-07,6.725556367417517e-07,0.005183868943405308,9.669154910838126e-07,2.6199401967125593e-07,0.0008453415497758262,0.0006668734653251472,0.00010538186136095678,7.713743349034476e-06,2.778650141567632e-06,0.00015799910686717616,0.0016779883150264416
4,1.4717599553997686e-06,1.6131546629575465e-05,1.068872879478522e-05,0.0050689168312059805,3.5569001778030966e-07,2.054167425400741e-08,0.0015402994058877615,0.4736493567669926,0.00010575264544138628,0.5106773416412675,3.0621302222396488e-09,5.131253972966201e-08,1.9287439807009838e-07,1.7818078977706435e-07,7.156177579640339e-07,0.005422376909532053,9.790628696938345e-07,2.8092994970482013e-07,0.000860197027530636,0.0006952483718601493,0.00010794662708430473,7.865895333961879e-06,3.0389688398711304e-06,0.00016545151750380175,0.001665138084012992
5,1.2888588698868234e-06,1.4901193215323818e-05,9.047185888893374e-06,0.005077321163375359,3.0426910956139566e-07,1.608194464304508e-08,0.0013458505553578407,0.4992509320018405,8.636939560999366e-05,0.48641678030335395,2.6384958017390697e-09,4.393723836608631e-08,1.6552495541616634e-07,1.422402877688944e-07,5.770791008271274e-07,0.004531269926878441,9.709597454001778e-07,2.8748670160934315e-07,0.0007383463261929292,0.0006721727727247706,0.00010251617474117776,7.234194538010514e-06,2.798887822328907e-06,0.00016839853112979726,0.001572262310881384
6,1.4131805145192095e-06,1.4855839774172883e-05,9.645119620222005e-06,0.004721570943673824,3.0868561036320154e-07,1.767324597797872e-08,0.0014252580446938979,0.4941661852573599,9.928387247148548e-05,0.4909112516506431,2.722784399103476e-09,4.739313605928835e-08,1.6153618445067524e-07,1.509798886444532e-07,6.725556367417517e-07,0.005183868943405308,9.669154910838126e-07,2.6199401967125593e-07,0.0008453415497758262,0.0006668734653251472,0.00010538186136095678,7.713743349034476e-06,2.778650141567632e-06,0.00015799910686717616,0.0016779883150264416
7,1.5051738458928751e-06,1.752020602759917e-05,1.1095695190997284e-05,0.005143326135776517,3.0612544199363856e-07,1.701337563681951e-08,0.0016379295482533325,0.503224176177317,0.00011131344873487067,0.482136189006891,3.3112748094933134e-09,4.837883958769052e-08,2.2153326699128246e-07,1.471806544280541e-07,6.339600749632724e-07,0.004287644084417035,1.0084893506919654e-06,2.9809204773824025e-07,0.0007756506373803705,0.0007567815796730814,9.334093176521987e-05,7.068610475208607e-06,2.5805401568557215e-06,0.00019234155153758967,0.0015988525882305847
8,3.6140032515240966e-06,2.547381075770434e-05,1.1862462753611954e-05,0.0036529981176175136,5.595826177758494e-07,1.4942421763386646e-07,0.0035794393673036946,0.5012518051145011,0.00020861689333894444,0.4731895503515725,2.4895865409498565e-08,1.668793196658253e-07,2.819907861329765e-07,3.41674855504368e-07,2.3110207878286634e-06,0.012369584802999165,1.418718387252878e-06,1.0728580850128383e-06,0.0024006339038281817,0.00165892990101732,0.00021970184304826527,3.076587457764494e-05,6.5530655092020175e-06,0.00013807756733645368,0.0012460658756649292
9,3.3386382471224323e-06,1.6395888784888136e-05,5.99759698851583e-06,0.0022766373361844394,4.741916286430787e-07,1.1393424504188781e-07,0.002098199113578396,0.5030992903003212,0.00011265037293254243,0.465631836200172,9.940136097191171e-09,1.429288271835749e-07,8.46127155167393e-08,3.375263368664689e-07,2.9895455211977498e-06,0.020570845992642944,1.6562116580406983e-06,6.013382185329659e-07,0.003414017212286911,0.0008306649484363011,0.00030968878265683265,5.550841659480991e-05,8.775725287120176e-06,7.374981529549494e-05,0.0014859934303033606
10,1.4131805145192095e-06,1.4855839774172883e-05,9.645119620222005e-06,0.004721570943673824,3.0868561036320154e-07,1.767324597797872e-08,0.0014252580446938979,0.4941661852573599,9.928387247148548e-05,0.4909112516506431,2.722784399103476e-09,4.739313605928835e-08,1.6153618445067524e-07,1.509798886444532e-07,6.725556367417517e-07,0.005183868943405308,9.669154910838126e-07,2.6199401967125593e-07,0.0008453415497758262,0.0006668734653251472,0.00010538186136095678,7.713743349034476e-06,2.778650141567632e-06,0.00015799910686717616,0.0016779883150264416
11,1.4529519050726951e-06,1.5466917769863732e-05,9.94294341506269e-06,0.004848728051070559,3.1549758474277903e-07,1.7785930544226718e-08,0.0014640422150262494,0.4967914357116833,0.0001004592010775526,0.4882775083621321,2.8667560029579347e-09,4.8827512767478794e-08,1.7790546762184866e-07,1.5371899696541571e-07,6.706695592249371e-07,0.005033475262178661,1.0069063664927621e-06,2.74949560713773e-07,0.0008298900200850828,0.0006874237591505581,0.00010351255656649808,7.707042786252503e-06,2.833098866736309e-06,0.0001672069267343382,0.0016562458518168623
12,1.492627365437936e-06,1.6356248924645576e-05,8.994460705872066e-06,0.0049228065661846695,3.642903232205091e-07,2.0814271062361954e-08,0.0013339030159970674,0.4690099817404521,7.766619612424929e-05,0.515506524827828,2.779903698632684e-09,5.524175227154586e-08,1.7445059349296104e-07,1.8605650091848195e-07,6.706484943065927e-07,0.005707521623425467,1.124490579949886e-06,3.3351928528182124e-07,0.000805687983118378,0.0006844804814231696,0.00011528603749858789,9.920744678627988e-06,3.6592647208319102e-06,0.00016238218991103815,0.0016304036999377457
13,1.2813217444398011e-06,1.4918498163369366e-05,8.309758617079795e-06,0.004624648289288524,2.753576368903522e-07,1.7624374761060003e-08,0.0014127573822986926,0.447730862485039,9.142225376837362e-05,0.5376799250228491,2.3326095056855773e-09,3.7121006825538494e-08,1.5336268710311032e-07,1.3375859486828295e-07,5.93033883302938e-07,0.005158512240605644,8.239965181606025e-07,2.633324318800699e-07,0.0007490461049244313,0.0006407947662550412,9.521056970068939e-05,6.874210554245715e-06,2.737358924960306e-06,0.00015824323891454637,0.0016221565786085936
14,2.7948000106574896e-06,9.134772762102805e-06,1.5502938754153377e-05,0.005242282163350666,3.099912622567371e-07,1.744995368800405e-08,0.0019247910746075642,0.6798749829905876,0.0001112242773450089,0.29983844885932703,3.2685343657216704e-09,1.0701283538533209e-07,1.319869649411439e-07,2.3816785942551977e-07,8.879197670742934e-07,0.00799075697169322,1.3359636018344706e-06,2.5105552064350176e-07,0.0012396824927771012,0.0008585554313003462,0.00013195433141502527,1.0031810650092566e-05,3.8765085629658806e-06,0.00013754146070527425,0.0026051562998517666
15,1.4131805145192095e-06,1.4855839774172883e-05,9.645119620222005e-06,0.004721570943673824,3.0868561036320154e-07,1.767324597797872e-08,0.0014252580446938979,0.4941661852573599,9.928387247148548e-05,0.4909112516506431,2.722784399103476e-09,4.739313605928835e-08,1.6153618445067524e-07,1.509798886444532e-07,6.725556367417517e-07,0.005183868943405308,9.669154910838126e-07,2.6199401967125593e-07,0.0008453415497758262,0.0006668734653251472,0.00010538186136095678,7.713743349034476e-06,2.778650141567632e-06,0.00015799910686717616,0.0016779883150264416
16,1.2136628101580118e-06,1.4737576277429112e-05,6.631671649338663e-06,0.004539012715456203,2.5410064842949266e-07,1.6187850951580084e-08,0.0012755592864302106,0.4360697180373399,6.937550841876051e-05,0.5500622834108241,2.2610543093669464e-09,3.85532006795127e-08,1.2643659452727162e-07,1.3975336225811604e-07,5.20484705152386e-07,0.004882086116808691,8.398463529395296e-07,2.9622101645902163e-07,0.0007594924770970029,0.0005601664326355555,0.000120098804132367,7.660937498901914e-06,2.7038241905288685e-06,0.0001349619695080308,0.0014920637241371108
17,1.353400417804551e-06,1.4644933630274197e-05,8.95927573833118e-06,0.004202930971454354,2.9219642042609904e-07,1.7878480883491105e-08,0.0013892720181862834,0.4800908469363164,0.00010292860194956887,0.5053994605038711,2.6424208059707227e-09,4.3859333880808266e-08,1.4513782255467519e-07,1.3556583345364577e-07,7.038322484036346e-07,0.005377590860370346,9.090633761022041e-07,2.3520473686362785e-07,0.0008954794212084592,0.0006209267121646782,0.0001045703171223235,7.531021934029297e-06,2.5539962915797566e-06,0.00014781962401435342,0.0016306460246567993
18,1.8793373920972604e-06,1.732034096957023e-05,8.916813986060203e-06,0.004383309508816217,2.493529802589833e-07,1.2521228451400206e-08,0.0014566182115526936,0.529098388106526,7.834330933853227e-05,0.45671896458357913,2.3498178701044153e-09,5.348602759811615e-08,1.6203934795984966e-07,1.4216555190918054e-07,6.217845606384173e-07,0.00445073184685887,1.3686379050786484e-06,3.2962388201925693e-07,0.0008111922365578188,0.0006144376288428493,0.00010566464391928043,9.751579777472944e-06,2.893900873506899e-06,0.0002003060580787411,0.0020383399316292925
19,1.2501248242078114e-06,1.4789357521992604e-05,1.2224720378664126e-05,0.005345178322159708,4.233178331330358e-07,1.843792439504027e-08,0.0012737824157508586,0.49364783906876497,0.00010799817824008813,0.4917041637322956,2.899199054120267e-09,5.518934962390659e-08,2.008465848804667e-07,1.7735220651383945e-07,6.148610976248082e-07,0.004590908577988799,9.687116839654633e-07,2.4617592033917176e-07,0.000817533365331727,0.0006647245519391033,9.998505763553773e-05,7.08858555353558e-06,2.5320188408516974e-06,0.0001574438417494434,0.0015498502892252748
20,1.218707560160442e-06,1.4370328338064485e-05,7.679379850890278e-06,0.004328075521365186,3.059114508035159e-07,1.3840905156921065e-08,0.0011518427881254594,0.5477282686749702,8.378824796429914e-05,0.4394361204881868,2.446975423629679e-09,4.470350190041783e-08,1.3899256157144874e-07,1.3156923877511026e-07,6.662785163344094e-07,0.004101166265784329,1.1126184888361836e-06,2.367686290937737e-07,0.0008597399135943244,0.0005522052835676575,0.00010538918900115711,8.8658135229672e-06,2.7134914471941966e-06,0.00014936146647284728,0.0014665413099805996
21,1.674410138306833e-06,1.4266849215270238e-05,1.114059409359288e-05,0.005464946592311952,3.2842870461473103e-07,2.3618060353663903e-08,0.0018370353132552823,0.44091211509001155,8.991972775895011e-05,0.5404702805318533,3.044882490546063e-09,6.075976893074843e-08,2.1132133763713116e-07,2.0360913527143887e-07,6.139124819779612e-07,0.007594798189867719,8.564851413419408e-07,3.124377577227803e-07,0.0008080923913086316,0.0008689522765989384,0.00010938767803043303,7.046485005203487e-06,3.5494294120182805e-06,0.00015761760431168626,0.001646563219556906
22,1.2483192536568652e-06,2.152011643633767e-05,9.043832510601925e-06,0.00498707674724398,2.7310152204845515e-07,1.3216382604479307e-08,0.0016655041905953177,0.4512657587266895,0.00012079829588018681,0.5345568046002674,2.2888925101747367e-09,3.253010437516784e-08,2.1750542324855386e-07,1.3306854534552e-07,7.655402295724494e-07,0.003637805562733652,8.047436099416085e-07,1.97436911995139e-07,0.0007604762010142987,0.0005542712916061236,7.185791704609667e-05,5.741782310322123e-06,2.5709379239481715e-06,0.00020435435260756174,0.0021327276942593064
23,1.4131805145192095e-06,1.4855839774172883e-05,9.645119620222005e-06,0.004721570943673824,3.0868561036320154e-07,1.767324597797872e-08,0.0014252580446938979,0.4941661852573599,9.928387247148548e-05,0.4909112516506431,2.722784399103476e-09,4.739313605928835e-08,1.6153618445067524e-07,1.509798886444532e-07,6.725556367417517e-07,0.005183868943405308,9.669154910838126e-07,2.6199401967125593e-07,0.0008453415497758262,0.0006668734653251472,0.00010538186136095678,7.713743349034476e-06,2.778650141567632e-06,0.00015799910686717616,0.0016779883150264416
24,2.501354833246735e-06,1.065487446750453e-05,9.955595220854542e-06,0.0025886367880952584,2.1540007900579072e-07,1.586072717188664e-08,0.0017217601420440128,0.6152158457765096,0.0001302683065753983,0.3682461443253759,2.639639273923488e-09,5.660427009758735e-08,9.826481296754176e-08,9.979227731186473e-08,1.1112905549056767e-06,0.007955240744575579,1.2787843963887262e-06,1.895402749744476e-07,0.0011908883130547132,0.0005730634521104981,0.00010932521895569537,9.255029470881719e-06,2.7015787967161107e-06,0.00017801138132959597,0.0020526789415525317
25,1.4324253145296456e-06,2.6103134750902613e-05,6.908897705220721e-06,0.002664468517350161,3.4086754013736193e-07,5.330155766127025e-08,0.0013782458315291701,0.13996109974361537,0.0001313543423027464,0.8398546197767608,1.577207006272804e-09,2.2365884611454148e-08,9.967204586123962e-08,2.538023024598459e-07,1.4697612710480868e-06,0.011111352241846846,4.252929671234391e-07,1.821482637290505e-07,0.0009599548586874065,0.0003035135230658876,0.00010394759236403044,8.03280898207785e-06,3.6578698566044297e-06,9.900431965666492e-05,0.0033834553271720495
26,1.7082779162862634e-06,1.5594283865128675e-05,1.102387071117896e-05,0.004599935263659122,2.6739190929898903e-07,1.3189794974855761e-08,0.0015170549225849773,0.5544697907882433,0.0001003161744254787,0.43223447993567826,2.749131401145684e-09,4.528003348213609e-08,1.9628413444054157e-07,1.1394232025953402e-07,5.414234787266729e-07,0.003769022793969388,1.1933745989557844e-06,3.16146101181922e-07,0.0006704038411032052,0.0006863402678767463,8.57099203218229e-05,6.923684512267793e-06,2.3963838179490234e-06,0.00023843801177945054,0.0015881717980328444
27,2.8105879179736334e-06,4.313978931327196e-05,2.8599260664472942e-05,0.025003056942416106,1.5162922157262723e-06,2.781867394419359e-08,0.004248070364633942,0.3326247761789921,3.899749652755513e-05,0.6281325830629523,9.001911188577352e-09,2.240868101519963e-07,2.0812942314052665e-06,1.4625445515091067e-06,3.249062522272489e-07,0.005955836302388182,1.4077078168920856e-06,9.24537749138785e-07,0.0008141687413462156,0.0010081434216752479,0.00015020370165739683,3.839570903452607e-06,1.01656025723478e-05,0.00038792338512342353,0.0015397074007039411
28,1.4131805145192095e-06,1.4855839774172883e-05,9.645119620222005e-06,0.004721570943673824,3.0868561036320154e-07,1.767324597797872e-08,0.0014252580446938979,0.4941661852573599,9.928387247148548e-05,0.4909112516506431,2.722784399103476e-09,4.739313605928835e-08,1.6153618445067524e-07,1.509798886444532e-07,6.725556367417517e-07,0.005183868943405308,9.669154910838126e-07,2.6199401967125593e-07,0.0008453415497758262,0.0006668734653251472,0.00010538186136095678,7.713743349034476e-06,2.778650141567632e-06,0.00015799910686717616,0.0016779883150264416
29,1.4131805145192095e-06,1.4855839774172883e-05,9.645119620222005e-06,0.004721570943673824,3.0868561036320154e-07,1.767324597797872e-08,0.0014252580446938979,0.4941661852573599,9.928387247148548e-05,0.4909112516506431,2.722784399103476e-09,4.739313605928835e-08,1.6153618445067524e-07,1.509798886444532e-07,6.725556367417517e-07,0.005183868943405308,9.669154910838126e-07,2.6199401967125593e-07,0.0008453415497758262,0.0006668734653251472,0.00010538186136095678,7.713743349034476e-06,2.778650141567632e-06,0.00015799910686717616,0.0016779883150264416
30,1.4131805145192095e-06,1.4855839774172883e-05,9.645119620222005e-06,0.004721570943673824,3.0868561036320154e-07,1.767324597797872e-08,0.0014252580446938979,0.4941661852573599,9.928387247148548e-05,0.4909112516506431,2.722784399103476e-09,4.739313605928835e-08,1.6153618445067524e-07,1.509798886444532e-07,6.725556367417517e-07,0.005183868943405308,9.669154910838126e-07,2.6199401967125593e-07,0.0008453415497758262,0.0006668734653251472,0.00010538186136095678,7.713743349034476e-06,2.778650141567632e-06,0.00015799910686717616,0.0016779883150264416
31,1.2996107410710827e-06,1.4470193480518532e-05,1.0646866598155514e-05,0.005269301786993371,3.1126196065938694e-07,1.1474524496322895e-08,0.0012122884007435665,0.5445073263324592,8.385960170871288e-05,0.4420645452693916,2.2709087993409447e-09,4.646510255262863e-08,1.9102500481102435e-07,1.2960868684881432e-07,4.757951799988115e-07,0.0036853196311927676,1.0608165716220148e-06,2.562108363272515e-07,0.0006727348677421362,0.0006469774771878642,8.7954250428641e-05,6.078475192267766e-06,2.2877889447092534e-06,0.00019335054647316835,0.0015390739719460004
32,1.4311166106697706e-06,1.4700648674695369e-05,9.517461273480311e-06,0.004543605160790955,3.0857812460273403e-07,1.776639798186999e-08,0.001404740317478153,0.4969869476734945,0.00010244742160744728,0.48813944257023084,2.7225353750754283e-09,4.814086519992501e-08,1.5555920077769788e-07,1.5124312074047367e-07,7.038901624534923e-07,0.0052869472944502656,9.868733144345525e-07,2.54141298919502e-07,0.0009059351237931353,0.0006446522867828132,0.00010875134158087114,8.024995392122043e-06,2.7296356826364975e-06,0.00015160238380583583,0.0016858956533310264
33,1.3849210522941773e-06,1.4122208343825942e-05,1.0074399227233792e-05,0.0046934638302665145,2.9825075060906463e-07,1.743276656992695e-08,0.001448127230024262,0.4928724810242435,0.00010830189681185861,0.4920700023014306,2.6545172993670203e-09,4.519175619437404e-08,1.534926067452442e-07,1.4524361905992575e-07,6.793720081372263e-07,0.005242076388131397,9.011753483237342e-07,2.4301457864414017e-07,0.0008487919143703277,0.0006576002863624212,0.00010467831763410316,7.015928361719207e-06,2.603567136431961e-06,0.0001557765125067524,0.0017610134461453818
34,1.3067474492549213e-06,1.4721441193851303e-05,9.232673772843908e-06,0.004952923017885093,3.147135442558003e-07,1.7162820714106583e-08,0.0013622034017376167,0.49557736045249107,8.710741884453134e-05,0.4895903371145828,2.6846781092404033e-09,4.730834986238217e-08,1.6258552376012648e-07,1.5127347659062823e-07,6.251409408304467e-07,0.00506069938722704,9.816314676590975e-07,2.707732434826516e-07,0.0007844457511106291,0.0006902178215238193,0.00010513422800537595,7.716998998599895e-06,2.9492205250211846e-06,0.00015813290341037896,0.0015929381471969219
35,1.4050923453159373e-06,1.6930090584222488e-05,1.26404549828151e-05,0.0057111598768149864,4.934757858816446e-07,3.2359347887932066e-08,0.0017840990715200823,0.43306280639260797,0.00011048640925092896,0.5469091295407397,4.0147245396684105e-09,6.315205910773334e-08,2.1499357920220575e-07,2.656544640194546e-07,9.80635933343411e-07,0.00856290383349511,8.939839936957512e-07,2.5978034023716174e-07,0.0009950119677788905,0.0008549036880909182,0.00012762110407474396,8.445788776128612e-06,4.422583689330882e-06,0.00014575185308855383,0.0016890742019323912
36,1.1508058278564764e-06,1.748006380238654e-05,6.9033591856422825e-06,0.00529063953532988,2.4507591385947297e-07,2.6181323525540684e-08,0.0016996261646347061,0.41067510735529317,8.125479386276263e-05,0.5741650745251728,3.575526535111193e-09,2.981853323080447e-08,1.4957637600280763e-07,1.2930421854016742e-07,5.525262177788007e-07,0.00500133184216448,6.578517038370482e-07,4.2743952282413e-07,0.0005766171592673658,0.0008866795538142666,0.00010618868411630826,7.436226082995087e-06,3.469771321985881e-06,0.00016220567596848926,0.0013166131348186828
37,2.7931070603001705e-06,1.831700942729802e-05,1.500440692498015e-05,0.005939601417259472,3.50150008292863e-07,1.944033305998231e-08,0.0020741612566076454,0.5359080591050892,9.862550552088341e-05,0.44531020213315986,3.809198033766974e-09,8.401578725800036e-08,2.2628059334622865e-07,2.4297785683661897e-07,6.717983468823978e-07,0.0062408400483515815,1.268997715759399e-06,4.0723941229116395e-07,0.0009859494176907254,0.0008537914671658094,0.00012549046414107024,9.128363364779832e-06,3.381283987075745e-06,0.00020310530325132986,0.0022082750017463934
38,2.094266997171026e-06,1.537007048445696e-05,9.651668104232214e-06,0.0038686523096837953,3.046349619094442e-07,3.3870375088780324e-08,0.002278544083508426,0.43008235409468826,0.00011219306302971274,0.549210373343435,3.785649029943781e-09,5.510803616432365e-08,1.5569152681813448e-07,1.914835869233372e-07,1.0496781690129223e-06,0.010531572930093238,8.849177473017285e-07,3.0753849801279196e-07,0.0011213543988614428,0.0007839724448181954,0.0001290319662206658,1.0049994004696936e-05,4.136614943785995e-06,0.00015184200302452924,0.0016858200395519145
39,1.9053111422828738e-06,0.0001876630308487581,6.1524677868156095e-06,0.006264456873266758,2.6081591585006594e-07,2.3568478614826584e-08,0.0032059855012210176,0.14790429266556318,0.00010700144703122802,0.83580653733915,3.81021583976256e-09,1.855295424149816e-08,7.792825391746141e-07,3.388019252582472e-07,1.1702400249800527e-06,0.0018177145526902963,8.761154691370542e-07,6.442605609610901e-07,0.0005306819663344123,0.00048258191099127633,5.3764702796187785e-05,1.2657093928609466e-05,4.9354709787907594e-06,0.0003674448668556476,0.0032421093513307114
40,1.4437996236514254e-06,1.503058305173248e-05,9.794438535837159e-06,0.004725794279900795,3.1313518843762944e-07,1.7964247675488765e-08,0.001438494792233534,0.49485535319775503,0.00010041328377604706,0.49010224431386484,2.7665699352369067e-09,4.838484431035269e-08,1.6207189135899244e-07,1.5476600695867244e-07,6.888794476306937e-07,0.00524478149238506,9.806018570708389e-07,2.6395903280639895e-07,0.0008594870925960288,0.0006675557246783188,0.00010698613737742589,7.89373710570793e-06,2.81135072476931e-06,0.00015822791210878836,0.0017010553351964146
41,2.1528969235908806e-06,1.629242916709994e-05,6.482132319648131e-06,0.0047065204728396984,1.8272876822270931e-07,1.0408000339136123e-08,0.0016856647576452754,0.6300951142231563,4.8136070217685054e-05,0.3565124716020627,3.2487648448941306e-09,7.258717794279125e-08,1.9411405028536427e-07,1.210178296007914e-07,4.198868776121757e-07,0.0035221303540213422,1.6592472935027628e-06,5.358491909674086e-07,0.0007558316648324655,0.0008606989383429194,9.867270972196876e-05,1.1412265874637123e-05,3.3763952319800207e-06,0.0002001392857403289,0.0014717047139490805
42,1.3228874799512318e-06,1.061698947174072e-05,6.7924537977533085e-06,0.0033721012078573366,2.2414468108119884e-07,1.1966248301862623e-08,0.0011396951241463046,0.6027057190056355,8.073329588656803e-05,0.3838865965378634,2.1639798447104655e-09,4.40990668877187e-08,8.612777369033422e-08,1.0310874292199891e-07,7.17395772197493e-07,0.005469452478681195,1.1050741684940471e-06,1.7895821593115078e-07,0.001088544757909412,0.0005602290808099113,0.00011490245146701571,9.50456554894054e-06,2.4026073244409857e-06,0.00011436693543893402,0.0014345465820322552
43,8.221644458397795e-06,3.525714746815725e-05,7.338044633184055e-05,0.017117083683070147,5.073420109586994e-07,1.828935742629646e-08,0.006427108498127954,0.6895216791232407,0.00019850756773909825,0.27249774985775155,1.1027368271276774e-08,2.879701928137367e-07,1.198316602381407e-06,7.588736915532189e-07,7.774420986362312e-07,0.004641875246571233,2.0500874871977853e-06,7.375709304671452e-07,0.0010501618782850566,0.002355252907151457,9.358800214594382e-05,7.1799628403212065e-06,5.231941482711966e-06,0.0004684377854301973,0.005492937388165464
44,1.4131805145192095e-06,1.4855839774172883e-05,9.645119620222005e-06,0.004721570943673824,3.0868561036320154e-07,1.767324597797872e-08,0.0014252580446938979,0.4941661852573599,9.928387247148548e-05,0.4909112516506431,2.722784399103476e-09,4.739313605928835e-08,1.6153618445067524e-07,1.509798886444532e-07,6.725556367417517e-07,0.005183868943405308,9.669154910838126e-07,2.6199401967125593e-07,0.0008453415497758262,0.0006668734653251472,0.00010538186136095678,7.713743349034476e-06,2.778650141567632e-06,0.00015799910686717616,0.0016779883150264416
45,1.7608948778966647e-06,2.7990898416826944e-05,6.194602921181712e-06,0.00820006882650111,2.415618316297184e-07,2.2260617433408164e-08,0.0011983261072351342,0.2936953599128988,4.317667017394185e-05,0.6862031364444673,2.332964115633e-09,4.611317365292368e-08,1.17237993858562e-07,2.8575257823275566e-07,3.881535263756698e-07,0.004987813529274396,8.989010824559234e-07,8.001473312698873e-07,0.0006330852615782302,0.0006680922914686274,0.00019577549701098649,9.612946171080227e-06,4.805877437062684e-06,0.00012877252552369358,0.0039932252529448296
46,1.4569032305829313e-06,1.4706450548788485e-05,9.481544326788465e-06,0.004688275919180547,3.022681932940382e-07,1.5162859103660183e-08,0.0013279084826099555,0.5335179815464605,9.14663708930945e-05,0.45227762442231456,2.6814504677584947e-09,5.0284688958729875e-08,1.652726880320912e-07,1.407879894379573e-07,6.411560063958194e-07,0.004663394280131856,1.139390657393991e-06,2.6694496550771016e-07,0.0008268935652115314,0.0006639392133909999,0.00010300293421782128,8.074574184101237e-06,2.7450031486073243e-06,0.0001677187122039605,0.001632606128447792
47,1.2952937187273108e-06,1.4653622722982919e-05,9.687063133292162e-06,0.004898014911126835,3.21445789082636e-07,1.7430264372422592e-08,0.0013825203386171909,0.4895287697962421,0.00010221180686241198,0.4957688218766886,2.6852863195587373e-09,4.4560809241774484e-08,1.6334599024363188e-07,1.498516589338343e-07,6.598599654460857e-07,0.004899265073492715,9.191148545436043e-07,2.488249026518078e-07,0.0008266757729677151,0.000641709613801659,0.00010332803445773744,7.071313968060675e-06,2.6992995152299302e-06,0.0001568898105891574,0.0016538592525748776
48,2.851892601317156e-06,1.4532765671235457e-05,0.00010854826333399619,0.015861200615048025,8.968057309377106e-07,2.562827969577455e-07,0.006202153048839375,0.2886800555662516,0.0003440900568947789,0.6525211022322261,1.72192934492319e-08,1.7299259395006826e-07,3.2254801309325645e-07,1.1197330274181843e-06,8.527974077701058e-07,0.026620658865270087,2.2544331865224867e-07,7.410953946837584e-07,0.0005475027814639765,0.004383188976046378,0.00020233585587200274,4.07143098274991e-06,6.665847959561379e-06,0.00015794869969096965,0.004338488184270896
49,1.5687706508141608e-06,1.3806676641658382e-05,1.1697194124874406e-05,0.00496990621308313,3.5505119168896376e-07,2.2389395068968102e-08,0.0014802450381836596,0.526489795018239,0.00010408327543763457,0.4574565066021116,3.4439347242549245e-09,6.720036457332622e-08,1.7777014749922818e-07,1.830219347057192e-07,6.909463662026044e-07,0.005850348912022434,1.0518131127819477e-06,3.097363070051816e-07,0.0008763842672636862,0.0008580112002581953,0.0001138529823073588,9.37959488745535e-06,3.0470169901509157e-06,0.00014653230385706275,0.0016119735611870296
50,2.6766067677283492e-06,2.2257453344569838e-05,2.134736733250341e-05,0.008158145605324425,5.413292377741518e-07,1.543000401003405e-08,0.001207561595414349,0.7694235659439544,8.049779591743088e-05,0.2141866011159836,7.78174438492342e-09,1.5035048741745115e-07,3.3707917171251084e-07,2.145592158665282e-07,6.36228863697854e-07,0.002397572566678616,2.9700724459119924e-06,7.49072061805192e-07,0.0005740397794570901,0.001217929920071831,0.00012793009982665338,9.242994510934727e-06,4.42874488879734e-06,0.00036342147626713413,0.0021971590310273566
51,2.0485680909387436e-06,1.4751777026053235e-05,1.2102841245576201e-05,0.003826569440578158,3.5604182659541414e-07,2.8611711494124937e-08,0.0016026147456217324,0.45751183731656214,0.00013508569092084038,0.5220520868788698,2.9525421856746083e-09,6.177522177552833e-08,1.60764290148821e-07,1.7036801500467457e-07,1.077555946009305e-06,0.010305772417039945,1.0733494657958221e-06,2.344026810996643e-07,0.001134742901291384,0.0007732313170390757,0.00011028635434239074,8.960364994725638e-06,3.5675854708002924e-06,0.00016163310450349034,0.0023415428747029002
52,1.6253084678066672e-06,1.7238278465045666e-05,9.00252168830429e-06,0.005027159467344861,2.883393307168843e-07,2.943356340915189e-08,0.0018467319837123107,0.42027175778870085,9.644571468564747e-05,0.5631788525518193,3.6241233630306e-09,4.6177471828505576e-08,2.0167533295202064e-07,1.6729829779933931e-07,6.307963020610311e-07,0.006128763378615637,8.358851499935488e-07,4.4708342818949207e-07,0.0006883465286907782,0.0009249919982473547,0.00010344330883383786,8.713671648224884e-06,3.6562736110894337e-06,0.00017387245248672806,0.0015167484599817832
53,1.2924145109435517e-06,1.5839235110165913e-05,9.828153789716594e-06,0.005184619806946323,5.676614923590706e-07,1.462168408264941e-08,0.0007775616381023774,0.5237504485526501,7.258381259313919e-05,0.46307810219719053,2.2841765851287046e-09,6.589475211066011e-08,1.6748745847790376e-07,1.9189898090070233e-07,5.673342016555202e-07,0.0038799947574368315,1.3503890429397107e-06,2.49776573888042e-07,0.0009297268349201226,0.00043718698767061895,0.00012379423537050422,8.096051258000808e-06,2.4618203366023225e-06,0.0001491505349575697,0.0015761356187934143
54,6.126387775163527e-08,6.890402867574896e-07,1.5627409442070737e-06,0.0023533854029559706,5.652016464307719e-07,3.988065792677292e-10,1.9486286070771756e-05,0.9848242608587151,3.833689396074254e-06,0.012495543498891669,1.9884600458501627e-09,2.308273403452719e-08,7.253755605512637e-08,5.537921276330032e-09,1.61049334899148e-08,2.4128553777233708e-05,2.292698309693592e-06,9.968665697216153e-08,6.790525140374343e-05,8.080921768496191e-05,1.4133211007363156e-05,6.974184818914078e-07,2.8187537344908456e-07,9.62057143931182e-05,1.3938739715382698e-05
55,1.6372167334959696e-06,1.585911336071152e-05,1.1093342774400862e-05,0.00501180447002526,2.896582149275353e-07,1.743279479281444e-08,0.0016142910845173461,0.5116567937257127,0.00011127071683208335,0.473105762148371,3.0401403955627322e-09,5.262750691876103e-08,1.9339481929703807e-07,1.5158105356525766e-07,6.372369706449214e-07,0.0047882227449762655,9.881058180013775e-07,3.0175746036932576e-07,0.0008125451251134986,0.0007669144004412254,9.799105318136445e-05,7.339922440636384e-06,2.627641751380489e-06,0.00017801538843910218,0.001815197070550637
56,1.4572174250247986e-06,1.5648727603990045e-05,1.0111406496406965e-05,0.004898973414436141,3.222711567879233e-07,1.8236729640404818e-08,0.0014822775042978198,0.49472099115399937,0.00010248205308826515,0.4902071858527781,2.9340903119614227e-09,4.9586665737988296e-08,1.8202443177542435e-07,1.5783840043023104e-07,6.832859321903289e-07,0.005079394628178895,1.0050782396233263e-06,2.7540600176167686e-07,0.0008452146947801376,0.0006931037914730816,0.00010428680137456237,7.71708825346456e-06,2.860629226401886e-06,0.00016641638327609686,0.0016591819916638851
57,1.4169239912341566e-06,1.2485732726332488e-05,1.1044686227037195e-05,0.004147202599832634,3.822721811536289e-07,1.6997943660224836e-08,0.0011226860368909867,0.5223535508310915,9.987772271932397e-05,0.4628854370676015,2.515941158768215e-09,6.859655967063757e-08,1.6564684849697605e-07,1.6133954958265604e-07,6.574855521677636e-07,0.005914717290670878,1.1546681517256528e-06,2.1288992590325784e-07,0.0010526599639335968,0.0006345700822705205,0.00011000395942294784,8.249550297168233e-06,2.316991237633221e-06,0.00013043234843014838,0.0015105258000029577
58,1.4435865891784268e-06,1.526402233285945e-05,9.612314086525641e-06,0.004632741160533927,3.0332171660225776e-07,1.6499878837083016e-08,0.0014439708818683556,0.5067726821461996,9.719399823224837e-05,0.4788124302991034,2.7686252774538887e-09,4.6218690266584e-08,1.6580284838067106e-07,1.4217427977628576e-07,6.676282464081658e-07,0.004825928431358154,1.0354402770538465e-06,2.70837711445087e-07,0.0008139360070459147,0.0006445691790195846,0.00010376650197460283,7.677079419737215e-06,2.803578294701644e-06,0.00017515488079759798,0.0016381752408695406
59,1.4882925739343333e-06,1.4713021497454986e-05,1.0414369105946398e-05,0.004648729684290978,3.0563176137316756e-07,1.6145088100462142e-08,0.001455653367514682,0.5157903895318664,9.6246292416247e-05,0.4696579011420862,2.751117713263117e-09,4.791490557941642e-08,1.6728710005615995e-07,1.3990212498348448e-07,6.371585040589382e-07,0.0049352584763915,1.035395533109868e-06,2.755960204781344e-07,0.0007750626918576306,0.0006702382755556785,0.00010250396835617165,7.349626861304121e-06,2.7393319354813384e-06,0.00018560748417396152,0.0016430766613610391
60,1.4131805145192095e-06,1.4855839774172883e-05,9.645119620222005e-06,0.004721570943673824,3.0868561036320154e-07,1.767324597797872e-08,0.0014252580446938979,0.4941661852573599,9.928387247148548e-05,0.4909112516506431,2.722784399103476e-09,4.739313605928835e-08,1.6153618445067524e-07,1.509798886444532e-07,6.725556367417517e-07,0.005183868943405308,9.669154910838126e-07,2.6199401967125593e-07,0.0008453415497758262,0.0006668734653251472,0.00010538186136095678,7.713743349034476e-06,2.778650141567632e-06,0.00015799910686717616,0.0016779883150264416
61,1.4980627923598736e-06,1.5143115553169174e-05,1.1146637196942604e-05,0.004756711302748472,3.2006930052124177e-07,1.7216378950085124e-08,0.001485192180762649,0.5133329444191977,0.00010428546894545711,0.47172517531120794,2.9440990142702907e-09,5.112404284840587e-08,1.746545646171154e-07,1.5049099912143132e-07,6.698667871076349e-07,0.005062339915845398,1.032025893264729e-06,2.7317121313105115e-07,0.0008187897906515542,0.0007042318656724673,0.00010475394712743158,7.602893645289481e-06,2.715822271339558e-06,0.00017760821085528985,0.0016871694922478372
62,1.4131805145192095e-06,1.4855839774172883e-05,9.645119620222005e-06,0.004721570943673824,3.0868561036320154e-07,1.767324597797872e-08,0.0014252580446938979,0.4941661852573599,9.928387247148548e-05,0.4909112516506431,2.722784399103476e-09,4.739313605928835e-08,1.6153618445067524e-07,1.509798886444532e-07,6.725556367417517e-07,0.005183868943405308,9.669154910838126e-07,2.6199401967125593e-07,0.0008453415497758262,0.0006668734653251472,0.00010538186136095678,7.713743349034476e-06,2.778650141567632e-06,0.00015799910686717616,0.0016779883150264416
63,1.4471323367475151e-06,1.6289850054601978e-05,9.566642917841628e-06,0.004715765636873456,3.0591444794409964e-07,1.771572189841587e-08,0.0014507558291319191,0.4916665278625646,0.00010174033528910334,0.49364521837223346,2.8713358258515304e-09,4.6076283595850034e-08,1.6795452748138722e-07,1.4853988562722444e-07,6.951358871883763e-07,0.004893989004107497,1.0021672504819047e-06,2.767327014472659e-07,0.0008430783149542437,0.0006653029415455919,0.00010585396753332393,7.933670230258047e-06,2.784643949114193e-06,0.00016728373307300852,0.0017037989551639276
64,1.4154646553213525e-06,1.4701561397150317e-05,9.502973978225437e-06,0.004492535140987255,3.134861997818866e-07,1.7037952914414125e-08,0.0013860001235199827,0.5081821127386533,9.66714750987011e-05,0.47724574734813763,2.824199171708094e-09,4.8786163614299084e-08,1.4669328442233883e-07,1.495147464921632e-07,7.12160361755223e-07,0.005125569616042687,1.0202462619240223e-06,2.6089172383833456e-07,0.0008890328364076497,0.0006138510232092256,0.0001197796549859347,7.985003642229966e-06,2.7380314060368295e-06,0.00015831656808231888,0.0016513687989025197
65,1.8809036004857653e-06,2.0471637164499816e-05,1.0096484379303609e-05,0.004041836078114096,1.5715295653795817e-07,6.122823846329441e-09,0.0020677076607773424,0.6350600014002027,0.00017328941714912305,0.35250328662297686,2.5084384982131927e-09,2.4309248742761645e-08,1.8022271636658184e-07,6.970711442220032e-08,8.588994698557677e-07,0.0022538307467909907,1.1667661242027485e-06,1.48085002450422e-07,0.000838987503481659,0.0004495127916684681,6.258393124834582e-05,4.659594501304351e-06,1.6281085660020486e-06,0.00030181815451608534,0.002205795190967792
66,1.3457318688521423e-06,1.3793511145929719e-05,9.548379879552256e-06,0.004695657837041224,2.97788185090816e-07,1.80093560934141e-08,0.0014209603016280318,0.48337141998805633,0.00010097747242254374,0.5015811725417932,2.6385607020625127e-09,4.6820895647348446e-08,1.638480323084804e-07,1.4618682525594285e-07,6.262887273451322e-07,0.005413446561516446,8.919910704547447e-07,2.495690655385049e-07,0.0008430548066930185,0.0006976617443077952,0.00010030103914348331,7.224899614824265e-06,2.6207458070838186e-06,0.0001463062704769186,0.001592065027886368
67,1.5214464482911725e-06,1.5014465469267336e-05,1.0822171459138368e-05,0.005150771536295445,3.2758156953833994e-07,2.147136252474625e-08,0.0016037033962348934,0.48683514151691265,0.0001010797510327597,0.49633998555302056,3.1152480963339903e-09,5.5510014468400415e-08,1.7946674453559082e-07,1.7996611582209082e-07,7.175058499730312e-07,0.006218161359445679,9.77009048650495e-07,2.940568220254172e-07,0.0008521533216569055,0.000817845930918373,0.00011093090851483632,8.281653696107313e-06,3.3292045857184866e-06,0.00015718794088381962,0.001771314160649942
68,1.2638823402735107e-06,1.4011733259250753e-05,1.2837236233513724e-05,0.005161097798135292,6.607755470029456e-07,1.4338843921501928e-08,0.0013139998045546548,0.45944490859776116,0.00013161437624568319,0.5237874462617235,1.9469067784643172e-09,4.870261515053461e-08,1.8071440576862882e-07,2.715054624801733e-07,1.0560834041878284e-06,0.0062864512707365835,8.655325605694872e-07,8.404564628003224e-08,0.001589547927632305,0.00028821876149399934,0.00010950307379750782,4.99375216722e-06,2.3166855461983083e-06,0.00012391666156588886,0.001724688531414871
69,1.637442107583314e-06,1.6584360582920323e-05,9.374875439568646e-06,0.004334505983560844,4.4568622566454434e-07,2.4956054482858284e-08,0.0014527401694873203,0.49062354471282826,0.00010954750934009784,0.49409753931797346,3.5366388145570006e-09,5.642934899056508e-08,1.5217772224375512e-07,2.0590808240842073e-07,1.0124111720586254e-06,0.005793783495645982,1.100124005239779e-06,2.6673868711403617e-07,0.0011341045829670656,0.0005028169956050916,0.00013682312934679665,1.0381231057543884e-05,3.4716531012449354e-06,0.00014924899223560956,0.0016206275807833896
70,2.7779705847321032e-06,2.102434148728868e-05,3.088184819501218e-05,0.009710729650824824,6.054052388343757e-07,5.003817255936544e-08,0.002908137789608467,0.3834670242023454,0.00016094250036315615,0.5847558913722338,5.044168706250594e-09,1.3468376096310194e-07,4.0124258134650625e-07,6.968815217379949e-07,9.355075085485196e-07,0.012563758257151975,9.390590305920447e-07,4.2904853697214567e-07,0.0010402207960228827,0.0016154529186346125,0.00013799272465669978,1.0273377207415508e-05,5.534283712525046e-06,0.00015448362523092505,0.003410677431219853
71,8.322140967548557e-07,2.61290929165005e-05,7.642999484493491e-06,0.003937806666733485,8.301362086673098e-07,2.7467514260778008e-08,0.0006604932891816052,0.2621894339416318,0.00011915109371696027,0.726354609094502,2.0045352725555733e-09,2.9228093869029396e-08,1.4775483443336304e-07,2.1420321837139398e-07,9.483991105901987e-07,0.003569417359793528,7.3758046692718e-07,1.522856993314067e-07,0.0009901955701126525,0.00019949199717222337,0.00010466624451044469,6.603718032205123e-06,2.0964234721487296e-06,0.00012139160418573624,0.001706949630775804
