,0,1,2,3,4,5,6,7,8,9,10,11,12,13,14,15,16,17,18,19,20,21,22,23,24
0,5.1159937029460496e-05,3.152309853201626e-06,3.8978656843553845e-07,6.77485428797184e-06,1.0657522603213319e-08,4.357966916652492e-05,2.3346806281836967e-05,0.9847829642783494,1.991559649283133e-06,1.8032932072371707e-05,2.802110684152669e-05,0.00010288127957103794,4.608244731626865e-06,1.9734366021197937e-07,2.9970189186252946e-05,0.004289762657551701,1.322450664086269e-05,4.940751300274499e-06,0.00012166154402716301,5.272451981866751e-08,7.361319546779542e-08,0.01047227659436177,1.8773147349131598e-09,8.725535888592832e-10,9.239037629356631e-07
1,4.780426131368993e-05,3.1359678062446397e-06,4.1560691667383005e-07,7.370661946684156e-06,8.99274432444758e-09,2.8573789105454905e-05,2.1124728412857138e-05,0.986812240542779,1.1752363209953038e-06,1.4746737687197959e-05,2.129360588354414e-05,0.00010594092219386778,4.767871425122926e-06,1.467834253876264e-07,2.099016587410659e-05,0.0052002519402766885,1.5732019477311353e-05,4.7458242157568805e-06,9.848785762193359e-05,4.9775395282518023e-08,6.328234800955091e-08,0.007590261145072104,1.4733888156017754e-09,7.52460615273475e-10,6.700559084350306e-07
2,4.717977974233822e-05,3.3107595862385684e-06,3.509229856285536e-07,7.273200500522131e-06,9.7688536760628e-09,2.617860102110457e-05,1.948831419730267e-05,0.9865934056854032,1.1836974718927738e-06,1.3130877300408553e-05,2.299793564542011e-05,0.00010773892053094478,4.5276435348725196e-06,1.5857173772646413e-07,2.307662839306984e-05,0.004274575996818116,1.4795892743154393e-05,4.192628871278501e-06,8.84661823466918e-05,4.7922007667039666e-08,5.640251423409343e-08,0.008747168993790947,1.3486238606477288e-09,6.760246336964816e-10,6.826493550900938e-07
3,5.399946024702446e-05,3.2138976789555833e-06,3.874172944491711e-07,7.712559832663354e-06,9.927694889735463e-09,2.8036708616328234e-05,2.1823186688984605e-05,0.9867388451000114,1.1577016020946344e-06,1.2750274980892403e-05,2.4026554473078376e-05,0.00011292114684880387,4.8459869896824045e-06,1.4899426500911177e-07,2.1415329923939894e-05,0.004509310992043781,1.635378726338663e-05,4.7933828603747534e-06,9.360601277401057e-05,4.63809527688107e-08,6.236561895435758e-08,0.008343866534738925,1.497712311591052e-09,7.361828357047326e-10,6.640627042158658e-07
4,5.629365187217288e-05,3.3286550738353235e-06,4.0425703357228646e-07,7.801844987165918e-06,1.0275144572295806e-08,2.622356603064924e-05,2.207940143583181e-05,0.98676675539533,1.1622490010879375e-06,1.2614983444054577e-05,2.4755392251078094e-05,0.00011452112535156407,5.2948689072542775e-06,1.5911795668696755e-07,2.0150880427956514e-05,0.00423682715267718,1.6236424592356667e-05,5.025883537880502e-06,9.243955784920959e-05,4.8262396428275925e-08,6.605825936275418e-08,0.008587150099517995,1.476524564735633e-09,7.585063253028673e-10,6.486618908866682e-07
5,5.6442310612340996e-05,3.3426979758863024e-06,4.209625996265252e-07,8.90646127879852e-06,1.1003493326384373e-08,2.8474011139488148e-05,2.2446410451306788e-05,0.9872438714631699,1.1883775963744258e-06,1.3426499183769603e-05,2.4602883219575475e-05,0.00011373495451524818,5.330456844179828e-06,1.5734454128344082e-07,2.022885511556077e-05,0.004507775576787,1.687107364500007e-05,5.5908872713572575e-06,9.487096200412765e-05,5.1959360218928005e-08,6.735996284866266e-08,0.007831559122320492,1.6905442654246387e-09,8.277367665595822e-10,6.258486310991181e-07
6,5.399946024702446e-05,3.2138976789555833e-06,3.874172944491711e-07,7.712559832663354e-06,9.927694889735463e-09,2.8036708616328234e-05,2.1823186688984605e-05,0.9867388451000114,1.1577016020946344e-06,1.2750274980892403e-05,2.4026554473078376e-05,0.00011292114684880387,4.8459869896824045e-06,1.4899426500911177e-07,2.1415329923939894e-05,0.004509310992043781,1.635378726338663e-05,4.7933828603747534e-06,9.360601277401057e-05,4.63809527688107e-08,6.236561895435758e-08,0.008343866534738925,1.497712311591052e-09,7.361828357047326e-10,6.640627042158658e-07
7,6.32711687847272e-05,3.211804198500564e-06,4.313211385783916e-07,7.572637371268294e-06,1.0002677784626319e-08,2.584550994280954e-05,2.196641667685412e-05,0.9866012691702243,1.097985564728652e-06,1.228667441496334e-05,2.6475289996543916e-05,0.0001090713657668748,5.8779463158105365e-06,1.440037782843001e-07,1.9915347047180295e-05,0.004243059249678861,1.6479845645076458e-05,5.095783927544102e-06,9.273643189263284e-05,4.958563850325669e-08,6.447406453353046e-08,0.00874345728028807,1.3836890731889477e-09,7.392254834040174e-10,6.085820509002611e-07
8,3.331297409633532e-05,2.587042755267133e-06,1.7135602363440536e-07,6.1550066454086195e-06,7.465493638090919e-09,2.3690423763889798e-05,2.909398871602555e-05,0.9869324759786638,1.084946551568939e-06,8.798310128961751e-06,2.106498494553217e-05,7.734432441590353e-05,4.844236989791023e-06,1.008926989441433e-07,1.8953174657128532e-05,0.0036320476320377882,9.208662578425916e-06,5.282203196198796e-06,0.00015680850561404107,3.6945477809585e-08,6.152136494170056e-08,0.009036495979690693,9.233012245452643e-10,3.837948147166088e-10,3.721363981434252e-07
9,0.00010791639585198676,2.186986820086043e-06,1.3507623231988385e-07,7.377968591531194e-06,1.625094018950409e-08,3.336199344825329e-05,7.418952795648055e-05,0.9803895160928198,1.7230884851400496e-06,3.4000243642395586e-06,4.936095070897804e-05,0.00013495188103652479,7.871842017000554e-06,6.92063976539171e-08,2.4797332399126395e-05,0.0025440597208544677,1.0489593865513213e-05,7.947423092096743e-06,0.00022752705712931082,2.490702771319287e-08,7.56751090965453e-08,0.01637262700230517,1.2049094361945429e-09,4.643513788040881e-10,3.7233328667549804e-07
10,5.399946024702446e-05,3.2138976789555833e-06,3.874172944491711e-07,7.712559832663354e-06,9.927694889735463e-09,2.8036708616328234e-05,2.1823186688984605e-05,0.9867388451000114,1.1577016020946344e-06,1.2750274980892403e-05,2.4026554473078376e-05,0.00011292114684880387,4.8459869896824045e-06,1.4899426500911177e-07,2.1415329923939894e-05,0.004509310992043781,1.635378726338663e-05,4.7933828603747534e-06,9.360601277401057e-05,4.63809527688107e-08,6.236561895435758e-08,0.008343866534738925,1.497712311591052e-09,7.361828357047326e-10,6.640627042158658e-07
11,5.676774049142022e-05,3.329729047576469e-06,4.031315029459689e-07,7.882850190042088e-06,1.0289583435613306e-08,2.724828254898182e-05,2.2329420026373822e-05,0.9863465380557123,1.1639631319015552e-06,1.264515267838174e-05,2.4853111650507356e-05,0.00011839579948315777,5.2780410134971225e-06,1.524842092620982e-07,2.1354896506246754e-05,0.004554865497140569,1.681640614442963e-05,4.881196480782298e-06,9.417200911349551e-05,4.877523511039511e-08,6.413330721484088e-08,0.008680123164380438,1.4926294499589107e-09,7.826905730725708e-10,6.73595101682797e-07
12,7.021010484688219e-05,3.83908361939088e-06,5.081513265028678e-07,8.252206968958919e-06,1.6520187086345396e-08,3.6043012664081156e-05,2.2459049668081876e-05,0.9848120921671942,1.4240219904061552e-06,1.4370378922267456e-05,3.121270371498118e-05,0.00014553759649949837,5.782487419527705e-06,1.8703625962239411e-07,2.3445757281722464e-05,0.004677239230571478,2.1463595394079475e-05,5.1004349234013006e-06,7.393635468857718e-05,6.820694978119228e-08,7.046083060856648e-08,0.010045905413674443,1.9099697814964864e-09,1.0390039283366994e-09,8.33075430586245e-07
13,5.2246258441450905e-05,3.0636330424163036e-06,3.092429922604097e-07,6.118835347050681e-06,8.708721801017592e-09,1.9951876908220136e-05,1.7914105746927557e-05,0.986587707089802,9.861169931123986e-07,9.84977185774497e-06,2.521692934795301e-05,0.00010939033162040958,4.552617798060565e-06,1.505521000344995e-07,1.948826108917399e-05,0.0033383917105213566,1.3522463520288258e-05,3.998749880548538e-06,7.973953035167644e-05,3.7852092773995854e-08,5.3390830970156436e-08,0.009706695873249996,1.008406969033736e-09,5.434656636767279e-10,6.045458708882048e-07
14,5.9774727824203034e-05,5.558091795986198e-06,4.2258301177573e-07,1.475359033757384e-05,1.732854505911865e-08,2.787097000707975e-05,2.5671703049961376e-05,0.98627326638681,1.4604056485319174e-06,1.9537104346662763e-05,3.1307099943073854e-05,9.359433084251624e-05,8.341394705494897e-06,2.2045715451225392e-07,2.1208623533970927e-05,0.0037034598577486513,1.6690061901925783e-05,9.606431851090867e-06,0.00016964120131138688,6.552566260818804e-08,1.0778637348371397e-07,0.009516912466558431,1.9305302050898657e-09,1.0165261589113605e-09,5.089239796938627e-07
15,5.399946024702446e-05,3.2138976789555833e-06,3.874172944491711e-07,7.712559832663354e-06,9.927694889735463e-09,2.8036708616328234e-05,2.1823186688984605e-05,0.9867388451000114,1.1577016020946344e-06,1.2750274980892403e-05,2.4026554473078376e-05,0.00011292114684880387,4.8459869896824045e-06,1.4899426500911177e-07,2.1415329923939894e-05,0.004509310992043781,1.635378726338663e-05,4.7933828603747534e-06,9.360601277401057e-05,4.63809527688107e-08,6.236561895435758e-08,0.008343866534738925,1.497712311591052e-09,7.361828357047326e-10,6.640627042158658e-07
16,4.977353902947188e-05,3.141476184759633e-06,2.967508989446305e-07,7.065628637640324e-06,9.02615889544381e-09,2.281695790372066e-05,1.93974855013707e-05,0.9863857940805553,1.0536647131565514e-06,1.0717962433624688e-05,2.4112953880866146e-05,0.00011408514251480947,4.396321270289208e-06,1.4914047661234482e-07,2.2206079113649494e-05,0.00387956293123615,1.4468518853646299e-05,4.2643475920909695e-06,9.163931259781627e-05,3.8824545957740526e-08,5.375843676091443e-08,0.009344319395438885,1.1877127586149538e-09,5.750708521186309e-10,6.349392417887744e-07
17,5.460706891725973e-05,3.215127291026425e-06,3.876000308073283e-07,7.7205775212444e-06,1.0003993974101749e-08,2.783720858916891e-05,2.1945183207809482e-05,0.9867498847880312,1.1573983599123227e-06,1.2591554068604599e-05,2.4226170130202923e-05,0.00011389087823849752,4.889385576973151e-06,1.495574856442304e-07,2.1183276095648033e-05,0.0044576137741070936,1.635920473996563e-05,4.829552759216888e-06,9.306485502915216e-05,4.630818241289454e-08,6.26347199374427e-08,0.008383664937127302,1.4953646256182322e-09,7.380137807372402e-10,6.607224184048057e-07
18,5.229096300223529e-05,3.428231320384708e-06,3.809317942286311e-07,6.395656811892058e-06,8.994450616024871e-09,2.6901877799899878e-05,2.2903095454276584e-05,0.9855473875417555,1.2547830300548307e-06,1.2992224993686437e-05,2.3537654223184214e-05,0.00012953994221101472,4.648304150853701e-06,1.7802647800564597e-07,2.1693594960159566e-05,0.004750206476643802,1.6822936613395026e-05,4.714821713462045e-06,9.939599742272768e-05,4.386604343531144e-08,7.129816429535248e-08,0.009274387793542343,1.517678890772565e-09,7.56883212508851e-10,8.127128585226036e-07
19,4.985423879370125e-05,4.030909252178113e-06,4.143110099738502e-07,1.1072247995786535e-05,1.323420630345145e-08,3.619478387585055e-05,2.4446664965398174e-05,0.9851711816400816,1.5163786159604503e-06,1.6489849933045945e-05,2.3149507335217678e-05,0.00013346916520900795,5.2072479876247795e-06,1.756606393224331e-07,2.772586917900462e-05,0.005235148877985729,1.821505893210525e-05,4.588123744210248e-06,0.00010114030907567339,5.662464984713853e-08,5.872207978787523e-08,0.00913504887727909,1.82160386139874e-09,9.18453192368831e-10,7.989571165762889e-07
20,4.6807828558446185e-05,3.1450494930842605e-06,3.0122214565558147e-07,7.1913575503266e-06,9.55579033391914e-09,2.53208335837913e-05,1.9310707833492194e-05,0.9861827662091894,1.183844267266205e-06,1.2026810430535489e-05,2.4887944301468045e-05,9.627469303727738e-05,4.740229830009614e-06,1.593710610280664e-07,2.283748011557881e-05,0.0034497412290795566,1.2949142036757333e-05,4.2342693632231315e-06,9.400010490687307e-05,4.467625649154272e-08,5.7528760990201673e-08,0.009991399193824859,1.2210146992272162e-09,6.028791308623022e-10,6.088946900081504e-07
21,6.880202025878262e-05,3.316156137362412e-06,5.295228306835986e-07,7.918410543716814e-06,9.374933646275172e-09,2.026734865407153e-05,1.9360126066973986e-05,0.9879530194895925,8.901608266054375e-07,1.1509435041820572e-05,2.3072311958553216e-05,0.00013370381991235903,5.6472948706424266e-06,1.539524392131517e-07,1.4468532499625994e-05,0.0047988709537805955,1.9954573579582812e-05,5.7115852351691825e-06,7.135775290163449e-05,4.770374047318886e-08,6.657732467808238e-08,0.006840730264233156,1.4818919889350268e-09,8.375752554329878e-10,5.90313170935144e-07
22,5.3818131708774745e-05,4.789883396775486e-06,2.8213985713403436e-07,1.265122798480999e-05,1.3999339224659218e-08,4.6254038161698954e-05,4.015605097856201e-05,0.979720300219794,3.0642523069876654e-06,1.4313100168788984e-05,2.639122136248326e-05,0.00019305858772094057,6.079658117140668e-06,1.6859509452001534e-07,4.5333413307420936e-05,0.005829167370269891,1.3117480804981264e-05,4.224345471904001e-06,0.0001718425944158335,4.79924774484227e-08,4.9264580755039475e-08,0.013813738260912879,1.8210223229438766e-09,1.2554288074656546e-09,1.1350953156942951e-06
23,5.399946024702446e-05,3.2138976789555833e-06,3.874172944491711e-07,7.712559832663354e-06,9.927694889735463e-09,2.8036708616328234e-05,2.1823186688984605e-05,0.9867388451000114,1.1577016020946344e-06,1.2750274980892403e-05,2.4026554473078376e-05,0.00011292114684880387,4.8459869896824045e-06,1.4899426500911177e-07,2.1415329923939894e-05,0.004509310992043781,1.635378726338663e-05,4.7933828603747534e-06,9.360601277401057e-05,4.63809527688107e-08,6.236561895435758e-08,0.008343866534738925,1.497712311591052e-09,7.361828357047326e-10,6.640627042158658e-07
24,4.7380330065951916e-05,3.659419998491149e-06,3.46406362168296e-07,9.457579858669122e-06,1.0164509019532452e-08,2.5682264433837277e-05,2.152625677586462e-05,0.9870535474254887,1.1378820536081448e-06,1.3476656059155259e-05,2.211163427325872e-05,0.00010656031069263888,4.9531322097227846e-06,1.6062239947324132e-07,2.150909596349346e-05,0.004292449700860135,1.5735426036397293e-05,5.060560866520484e-06,0.0001043135269953079,4.587517979598152e-08,6.335216623917801e-08,0.00825020899883542,1.509373441526982e-09,7.087825367629236e-10,6.011597601131108e-07
25,0.0006080541309347499,0.00014271095393484658,8.429979366428621e-06,0.00013324331806134442,1.1032028440779908e-07,0.0024108756599709315,0.00020078392668551552,0.7045078221863661,0.00012751358056990318,0.0011573412013913072,0.00010140195153248728,0.001000519513286857,4.65981841104144e-05,1.8030623690817037e-06,0.004393967476164074,0.16196688133596793,0.0003197934123054588,8.580734129451007e-06,0.004820014333422011,3.988164293424925e-07,4.612875908486671e-07,0.11792858202030905,9.93255753366083e-08,1.103101138456695e-07,0.0001139029791283812
26,9.116224396551007e-05,3.896754801638479e-06,7.322947804182268e-07,1.1059946942788436e-05,1.536332927442179e-08,3.8341489905686965e-05,2.5129626863778198e-05,0.9865740220139084,1.700857179847576e-06,1.700076300509298e-05,2.9541032893649346e-05,0.00014654560105569335,6.812270774336809e-06,1.9627644869343997e-07,2.0165277931466982e-05,0.005227604783386989,2.180166922452824e-05,7.150437648718182e-06,8.482654085543924e-05,6.741048869561913e-08,8.252433130750511e-08,0.007691335584980337,2.696268984272546e-09,1.5033405405181842e-09,8.050356882075227e-07
27,0.00013233001408922783,2.8317110214806124e-06,2.33754971383755e-06,9.71580312842317e-06,6.793232729794032e-09,1.7737763432745562e-05,2.887194461912256e-05,0.9860450040176845,1.9956753024665072e-07,1.266407023305847e-05,1.995725417405594e-05,0.00013757314871680175,7.612742607586218e-06,1.1347442919541936e-07,4.8389488976090304e-06,0.011760670771753657,0.00010485140262595675,2.2460329856719438e-05,6.28147837740015e-05,7.120605069205284e-08,2.0016866796435522e-07,0.0016267732121823945,4.575884241387262e-09,9.906160982591885e-10,3.577550777479013e-07
28,5.399946024702446e-05,3.2138976789555833e-06,3.874172944491711e-07,7.712559832663354e-06,9.927694889735463e-09,2.8036708616328234e-05,2.1823186688984605e-05,0.9867388451000114,1.1577016020946344e-06,1.2750274980892403e-05,2.4026554473078376e-05,0.00011292114684880387,4.8459869896824045e-06,1.4899426500911177e-07,2.1415329923939894e-05,0.004509310992043781,1.635378726338663e-05,4.7933828603747534e-06,9.360601277401057e-05,4.63809527688107e-08,6.236561895435758e-08,0.008343866534738925,1.497712311591052e-09,7.361828357047326e-10,6.640627042158658e-07
29,5.399946024702446e-05,3.2138976789555833e-06,3.874172944491711e-07,7.712559832663354e-06,9.927694889735463e-09,2.8036708616328234e-05,2.1823186688984605e-05,0.9867388451000114,1.1577016020946344e-06,1.2750274980892403e-05,2.4026554473078376e-05,0.00011292114684880387,4.8459869896824045e-06,1.4899426500911177e-07,2.1415329923939894e-05,0.004509310992043781,1.635378726338663e-05,4.7933828603747534e-06,9.360601277401057e-05,4.63809527688107e-08,6.236561895435758e-08,0.008343866534738925,1.497712311591052e-09,7.361828357047326e-10,6.640627042158658e-07
30,5.399946024702446e-05,3.2138976789555833e-06,3.874172944491711e-07,7.712559832663354e-06,9.927694889735463e-09,2.8036708616328234e-05,2.1823186688984605e-05,0.9867388451000114,1.1577016020946344e-06,1.2750274980892403e-05,2.4026554473078376e-05,0.00011292114684880387,4.8459869896824045e-06,1.4899426500911177e-07,2.1415329923939894e-05,0.004509310992043781,1.635378726338663e-05,4.7933828603747534e-06,9.360601277401057e-05,4.63809527688107e-08,6.236561895435758e-08,0.008343866534738925,1.497712311591052e-09,7.361828357047326e-10,6.640627042158658e-07
31,5.502074479554983e-05,2.4915795903015123e-06,4.059117648227711e-07,5.564250765227075e-06,7.170304393126061e-09,1.8726481785497226e-05,1.6957774159641273e-05,0.9897709174535148,7.635580002381408e-07,9.68088263901552e-06,2.0301730019618067e-05,9.369269152244136e-05,4.009746774688519e-06,1.268823633954135e-07,1.3123573923938027e-05,0.003708521413163994,1.519761303853484e-05,4.500455075280526e-06,6.28481351360287e-05,3.578931099788801e-08,5.857885938726888e-08,0.006196552174551549,1.1797770793050513e-09,5.381711033258388e-10,4.936909922555017e-07
32,5.279652549513552e-05,3.2753394395009287e-06,3.791785827651037e-07,7.942952632157677e-06,1.0088603936356022e-08,2.8297543160444295e-05,2.248508386170087e-05,0.9864554199568395,1.1817199593232362e-06,1.3052066850523362e-05,2.403869465527383e-05,0.00011201467971573456,4.951519052441389e-06,1.4988823081514725e-07,2.2445210992522047e-05,0.004675410008454387,1.6318837601660345e-05,4.939673470167061e-06,0.00010252180952214276,4.7422881730979434e-08,6.548086734916858e-08,0.008451582320152869,1.534902474812036e-09,7.587419736510784e-10,6.717053333757733e-07
33,5.3579008031106734e-05,3.2725952635888006e-06,4.0097492024009496e-07,7.734481279581696e-06,1.015664818446458e-08,2.969774664240317e-05,2.1785435123300474e-05,0.9866128679142236,1.2298178043640027e-06,1.3656267123643332e-05,2.406696225142272e-05,0.00011126723068473877,4.7730744583088125e-06,1.5484427060100996e-07,2.2639063555729677e-05,0.004586004912365469,1.637610524161979e-05,4.750036052959896e-06,9.511551473280609e-05,4.786743970634447e-08,6.316648882831465e-08,0.008389804429699988,1.5632772623671026e-09,7.560849812195794e-10,7.000763352973967e-07
34,1.627066162300186e-05,4.706261199093567e-06,2.714004041575697e-07,1.0504702688021294e-05,7.283803558026356e-09,3.886249445467417e-05,1.729712911374416e-05,0.9854469155441458,1.2093986610457696e-06,2.534330533475413e-05,1.0047388992615876e-05,0.00011033315720896187,2.781821099015981e-06,1.9129047861617954e-07,2.3666322991437815e-05,0.007780879467897042,1.7185620241427695e-05,3.1399616724795794e-06,8.389697655283783e-05,5.751573797979578e-08,4.449988827673495e-08,0.006405623812641945,1.8169618082328168e-09,6.4179932996674e-10,7.615244085241034e-07
35,4.529506212138569e-05,0.00022030609082849268,5.412035583443295e-06,0.0007746345803940685,6.214643562784435e-07,0.00031614027450644,7.242941203329231e-05,0.9175000741530378,1.5852828081069247e-05,0.0006555982407453245,5.4232409327505944e-05,0.0002903575685917425,7.0293678149838e-05,5.369908698932742e-06,0.0030583120867262673,0.04319878033412855,0.00017945697510936157,6.2689745940635e-06,0.0004787443170228568,8.526896157649486e-06,2.624159820258103e-07,0.03302628207848198,5.022142850671256e-08,2.0484853806780662e-08,1.6677509059280352e-05
36,3.8117119736976926e-05,2.9101399322334735e-06,2.8008777863313103e-07,5.931424902042743e-06,6.134413269203213e-09,2.0752860187297524e-05,1.7272584483139344e-05,0.9869707974964688,8.402538472629988e-07,1.058926867209779e-05,1.6978752345733956e-05,0.00011122385416484115,3.7623948545387523e-06,1.229484517389551e-07,1.759971735940562e-05,0.0047910594511185265,1.4621890462463739e-05,3.3539301049654635e-06,7.299669028186168e-05,3.5870670017152237e-08,4.244869163164784e-08,0.007900139610261465,9.630036610234297e-10,4.719348946821262e-10,5.636358726239236e-07
37,9.345010515716266e-05,3.5194854025565016e-06,5.948853917291889e-07,8.677206480966367e-06,1.2659595923406396e-08,2.550838428602361e-05,2.5616585890191834e-05,0.9869530810267347,1.2942548996250248e-06,1.1847555725742247e-05,3.0441786329990276e-05,0.00014881734684952402,6.995917486213233e-06,1.7496304203509035e-07,1.6425994766109864e-05,0.004248925830881316,1.9693289251240245e-05,6.893538613064197e-06,8.486548903581607e-05,5.096677520233014e-08,7.973792724617203e-08,0.008312354482760034,1.8126035138445182e-09,1.0916301325767986e-09,6.756024837563827e-07
38,5.724219943242393e-05,3.081858486142481e-06,4.480368448490528e-07,8.139679869012907e-06,9.206849024968238e-09,3.513151259603304e-05,2.620181189494343e-05,0.9852821677443501,1.1556248185184232e-06,1.4854646804057915e-05,2.296034287553792e-05,0.000104445190089442,5.6580737942014385e-06,1.2712935343820763e-07,2.414154825113461e-05,0.006497455764507027,1.9740673005583968e-05,5.607720569478764e-06,0.00012328025307652992,5.6434800966542015e-08,7.579283142286417e-08,0.007767347860068815,1.917721814837401e-09,8.501304822133454e-10,6.681269791743789e-07
39,4.56721983516384e-05,2.5075082772472866e-06,3.3748487431164484e-07,6.00875829179914e-06,7.430614694624681e-09,2.3024368666268563e-05,1.8594989447258984e-05,0.9884807391165386,8.973278841368131e-07,1.0410611907126357e-05,1.9435759896268617e-05,0.00010035739873586696,3.875813504651243e-06,1.2381791769104084e-07,1.6080761099577136e-05,0.004301534157809072,1.4419721836320687e-05,4.184832082420282e-06,7.366166896485986e-05,3.841071927816259e-08,5.50089591483249e-08,0.006877485984301267,1.2373219598084767e-09,5.741508207132941e-10,5.450578481369849e-07
40,5.6428388590049735e-05,3.250930791082198e-06,4.0125561495585874e-07,7.63172148648793e-06,1.0149521904330017e-08,2.8111293774747552e-05,2.1943953562381708e-05,0.9865368956217705,1.1653685174381487e-06,1.2636181557496777e-05,2.4697815154609246e-05,0.00011626881842017694,4.920277528216468e-06,1.519907123018249e-07,2.1706190512635858e-05,0.004464409415290089,1.6834285772008926e-05,4.726279867727676e-06,9.153347641939793e-05,4.6450411077263206e-08,6.274787815524656e-08,0.00858547948098328,1.4981507320417468e-09,7.413638757360506e-10,6.856663488798087e-07
41,5.22667768157124e-05,2.9790026749407605e-06,3.75779696164923e-07,4.747475490299575e-06,6.0066989706344005e-09,2.0122909262999385e-05,2.24722317585799e-05,0.9871712376920436,8.212458943932194e-07,1.0268777176596367e-05,2.2312144153545494e-05,0.00011188865440471157,5.078095916231415e-06,1.506438493410174e-07,1.3067752979948176e-05,0.004342997367452146,1.689107182748877e-05,5.388306060117547e-06,9.06437508307829e-05,3.9522067985124126e-08,8.416815041044083e-08,0.008105570400560373,1.2692617558730148e-09,6.337644459672513e-10,5.883212084466813e-07
42,0.0005001301420563963,4.8958495171394815e-06,4.657551557073051e-06,4.443171043719782e-05,7.566805628241789e-08,6.96979093626352e-05,3.824542251681894e-05,0.9941847064610724,6.1392212955426875e-06,3.8991439632748114e-05,8.26639019720016e-05,0.00016599993324582644,1.1065277535971152e-05,9.96166655814134e-07,1.4399184390504642e-05,0.002030111403398663,2.7474933834032994e-05,8.254377632708492e-05,8.141921513885667e-05,1.3235547094077332e-07,2.916103536700273e-07,0.0026099382420011604,3.2840357418452725e-08,6.028153559627109e-09,9.53755660542066e-07
43,0.00014482555875618583,4.255899617195826e-06,4.808154656867438e-07,1.0020926670085874e-05,1.0826933647990427e-08,1.6133156230817775e-05,3.316639716192014e-05,0.985017915276933,9.733134918996468e-07,5.587380364507527e-06,3.603955375299675e-05,0.0002650349482212371,9.46063628871387e-06,1.3995799092291398e-07,1.3892635731186544e-05,0.003824257361520927,2.2975727472574394e-05,6.728144774266945e-06,7.957588329041048e-05,3.329902408510085e-08,6.090106716988822e-08,0.010507826952804302,1.3133040273019676e-09,9.518880213694058e-10,6.021812443564208e-07
44,5.399946024702446e-05,3.2138976789555833e-06,3.874172944491711e-07,7.712559832663354e-06,9.927694889735463e-09,2.8036708616328234e-05,2.1823186688984605e-05,0.9867388451000114,1.1577016020946344e-06,1.2750274980892403e-05,2.4026554473078376e-05,0.00011292114684880387,4.8459869896824045e-06,1.4899426500911177e-07,2.1415329923939894e-05,0.004509310992043781,1.635378726338663e-05,4.7933828603747534e-06,9.360601277401057e-05,4.63809527688107e-08,6.236561895435758e-08,0.008343866534738925,1.497712311591052e-09,7.361828357047326e-10,6.640627042158658e-07
45,0.00019588332132932233,8.41956502876131e-06,2.0403945656464366e-06,5.468286427547719e-06,8.04534709746913e-09,1.850915600486648e-05,1.1475387035056373e-05,0.9872201050599557,9.605255821724589e-07,2.394144800205412e-05,3.7258563382178875e-05,0.00019880909968773082,7.177322211547783e-06,6.065261772624789e-07,7.65388528928173e-06,0.00418761011049825,4.7684833974241526e-05,1.1513298896071296e-05,4.7263727928689166e-05,4.819986288108697e-08,2.132165579778982e-07,0.007966061765272911,3.333490234999245e-09,1.7439723123783836e-09,1.2831835201060096e-06
46,5.2389156778722426e-05,3.1802981061062476e-06,3.8786559362274873e-07,7.6790253698397e-06,9.954243678569081e-09,2.879647714524261e-05,2.180538529873072e-05,0.9869681291929462,1.2379248204890741e-06,1.3357922817705238e-05,2.3925393074310608e-05,0.0001080437425693582,4.810411189582338e-06,1.542252944679532e-07,2.1521811534914677e-05,0.004379747362466011,1.529470559164713e-05,4.908531308407111e-06,9.632466926738776e-05,4.7258650947684576e-08,6.351778833211204e-08,0.00824751962996802,1.5230751620738037e-09,7.434896425146669e-10,6.632716114141821e-07
47,5.298948518794088e-05,3.1702976763388572e-06,3.873860994725681e-07,7.825332289219517e-06,9.969908635752409e-09,2.826291236295394e-05,2.167300436637252e-05,0.9869998363305647,1.1616206697637435e-06,1.292110938852289e-05,2.3772350644398105e-05,0.00010983269511347798,4.758403346424635e-06,1.5020645397027104e-07,2.1394857145475913e-05,0.004442326866492257,1.6119023761199628e-05,4.8511471301166226e-06,9.404049565979072e-05,4.6378111931571453e-08,6.295756631319753e-08,0.008153749071073154,1.5261081901842905e-09,7.303070488750158e-10,6.558425722029064e-07
48,0.00014054546137412023,2.6986414746050024e-06,1.031806047235757e-06,1.0522754074977963e-05,2.557668861665656e-08,9.349174018897477e-05,3.467213459896701e-05,0.979411807498039,5.395218861528278e-06,1.8120099892818385e-05,5.999309343505569e-05,0.00027283723426040627,1.0661193348114664e-05,2.1336834631912736e-07,4.7882895442735416e-05,0.006682545741621447,1.400436773448178e-05,6.788987756497844e-06,9.484382390309519e-05,1.3826689636962694e-07,6.001670567222146e-08,0.013089982557195581,2.8975491905308867e-09,3.1882562085230477e-09,1.7314363078726137e-06
49,5.866815589290183e-05,3.0324290497096254e-06,4.461017589718655e-07,7.465213295107189e-06,1.0369753813641913e-08,3.074248590688002e-05,2.2212426935158694e-05,0.9871053230883419,1.1583599908473175e-06,1.2270809006248595e-05,2.4965629425220094e-05,0.00012341252481715237,5.05970252452757e-06,1.5071349533749308e-07,1.8691939818376423e-05,0.004423055544694203,1.7393175073693072e-05,4.885166965239265e-06,7.599897887235455e-05,5.106769492520654e-08,6.173967710689344e-08,0.008064284259060124,1.5935478607317167e-09,7.721005686258833e-10,6.577523019270995e-07
50,0.00014902991198503858,4.438840252099487e-06,6.721329277199875e-07,1.459954761643411e-05,1.7346992600201148e-08,4.502415001783504e-05,2.7240696247982743e-05,0.9816589544943414,1.4313496885196562e-06,1.1527944025898133e-05,4.4482647340956676e-05,0.00022826983549988498,7.957123061483328e-06,1.4442322876015265e-07,3.4015636752557615e-05,0.007238308175712117,3.479352838340083e-05,7.063895773958301e-06,9.774336190852928e-05,6.54033951226174e-08,6.988063707518726e-08,0.010393147442004681,3.0599096967463727e-09,1.845555641878135e-09,9.973267406466876e-07
51,3.2832961866672364e-05,5.384705649294732e-06,2.5034229917535306e-07,1.175331008731313e-05,9.389424085442333e-09,1.5026029205956264e-05,1.2779378089063278e-05,0.9891076382805769,1.038345680599596e-06,1.4211139057406181e-05,1.8262970381471702e-05,8.156215772728395e-05,4.110633938101136e-06,2.2874844949659587e-07,1.8512823167319087e-05,0.002359155987759594,1.0482157310165813e-05,4.210259619397073e-06,8.027315606715851e-05,3.7008256859439053e-08,4.4565590799757066e-08,0.008221745250797016,1.0019490322418878e-09,4.390409155854986e-10,4.489580089369735e-07
52,4.92059756265323e-05,2.9557913786836826e-06,3.7105665602646987e-07,7.935255801570433e-06,9.724327320571191e-09,3.0855571463071236e-05,1.930365671986322e-05,0.9869191526619616,1.249486866412425e-06,1.583146978746781e-05,2.4008444387595523e-05,9.112966906908682e-05,4.723180281879768e-06,1.469095509353323e-07,2.356715247381317e-05,0.004713365374340502,1.4475686460914504e-05,5.307094633095435e-06,0.00010889360737345238,5.1292253431031666e-08,6.222802946474153e-08,0.007966775737062804,1.5500551207567045e-09,7.447602906886132e-10,6.206786787747723e-07
53,5.0968532249669445e-05,2.845165191788122e-06,3.425797919459269e-07,7.015853034461297e-06,8.989739348615833e-09,2.7937545943597886e-05,2.3996259775144797e-05,0.9875478184993269,1.1874413634304654e-06,1.0620428250212732e-05,2.1826458931600117e-05,0.00011790934496317598,4.34461894558076e-06,1.3598815367849148e-07,1.9468356757850025e-05,0.004299996843467533,1.474297179373843e-05,4.47232431420867e-06,8.384777044640212e-05,4.1364275393019824e-08,5.570197616761544e-08,0.007759783050577681,1.4738375375072645e-09,6.617926090659819e-10,6.317751005858377e-07
54,0.000273371503107009,1.0805848326111617e-06,6.288481258199672e-07,2.194692926981502e-05,3.957062658201633e-08,4.8259867933095545e-05,4.400011854253605e-05,0.9933476530197854,1.1512899120699045e-06,5.57692860915727e-06,8.012429465817368e-05,4.5106893232772685e-05,1.2188475875485726e-05,8.606439275704237e-08,7.723148381139009e-06,0.001131195541502691,1.4731775913813345e-05,3.9544727713226266e-05,0.0001123768891928582,5.7969928024495127e-08,2.1757296248508667e-07,0.004812815991120374,5.081385820993999e-09,1.2417683229404791e-09,1.1567122809045618e-07
55,7.721264987522879e-05,3.28943459435886e-06,4.1059280014549566e-07,9.859839385057761e-06,1.2973310439021758e-08,3.090143208872548e-05,3.280205816270265e-05,0.9852918991321419,1.5793023194244333e-06,9.523372771068304e-06,2.9362094520922547e-05,0.00020693326943332802,6.6262006970273275e-06,1.4268309196898927e-07,2.002392513045215e-05,0.004927933048227172,1.6648267449132906e-05,5.859995291634417e-06,9.395243306557838e-05,4.7809078600658466e-08,5.6066625952421857e-08,0.009234182289859864,1.6684670958950577e-09,1.105921242204927e-09,7.38355691154746e-07
56,5.56537443423775e-05,3.2513431911328107e-06,3.940934574163176e-07,7.770323619791448e-06,1.0127828316193681e-08,2.774922278722899e-05,2.2333657884821078e-05,0.9866412858954888,1.171484082349523e-06,1.2625243663114329e-05,2.457826886938248e-05,0.00011503378524217534,5.061208513460683e-06,1.5155079505957167e-07,2.1126250990539917e-05,0.004452701939373071,1.6424754416876162e-05,4.9142592334301135e-06,9.423729980978962e-05,4.726245378480842e-08,6.401004471947817e-08,0.00849274818139545,1.5081775350389105e-09,7.570703704670426e-10,6.638272690996378e-07
57,4.760191539253829e-05,3.773797705916309e-06,3.498954618768738e-07,7.612079161370381e-06,8.939497206148895e-09,2.3003206744770422e-05,2.250975448767713e-05,0.9848034359890069,1.0862757611859755e-06,1.3039474880737911e-05,2.247551635303205e-05,0.00012050303998121474,5.690285683901293e-06,1.5097425183595137e-07,2.2006772483564114e-05,0.005138352074553477,1.6006416567750155e-05,4.592325479301023e-06,0.00011815794719247793,4.684975171111698e-08,6.599651054468251e-08,0.009628856433602409,1.1929703388347132e-09,7.210373273032893e-10,6.721254808675193e-07
58,6.023616431496541e-05,3.5426722559557867e-06,4.221057592710531e-07,8.774131801124345e-06,1.1756710360271775e-08,3.10226923253154e-05,2.4760855325957952e-05,0.9855656450428953,1.3437183038642016e-06,1.3505233985084448e-05,2.6865593369343648e-05,0.00012890415765303047,5.741655071711516e-06,1.5984523686981201e-07,2.3692634550627513e-05,0.004903167605816147,1.7437773120409447e-05,5.329478781170647e-06,0.00010515876550840383,5.411604929270953e-08,6.88988157699492e-08,0.00907341318969641,1.7173748352143574e-09,9.40142721131925e-10,7.392551357718592e-07
59,5.8524912489119886e-05,3.5211975011772145e-06,4.4754178540932096e-07,8.347056115589197e-06,1.1188160181581016e-08,3.045862798031692e-05,2.3129918105418356e-05,0.9861105051403138,1.2952774005119807e-06,1.4190625056423585e-05,2.528085996177638e-05,0.00012181151898215067,5.407147773354302e-06,1.632145155255817e-07,2.2229190414925455e-05,0.004867853042564773,1.7639816542636886e-05,5.1530237747773404e-06,9.75270615625864e-05,5.290124502756513e-08,6.940587512866341e-08,0.008585646792532684,1.6981794708956275e-09,9.050850441145453e-10,7.319360820642228e-07
60,5.399946024702446e-05,3.2138976789555833e-06,3.874172944491711e-07,7.712559832663354e-06,9.927694889735463e-09,2.8036708616328234e-05,2.1823186688984605e-05,0.9867388451000114,1.1577016020946344e-06,1.2750274980892403e-05,2.4026554473078376e-05,0.00011292114684880387,4.8459869896824045e-06,1.4899426500911177e-07,2.1415329923939894e-05,0.004509310992043781,1.635378726338663e-05,4.7933828603747534e-06,9.360601277401057e-05,4.63809527688107e-08,6.236561895435758e-08,0.008343866534738925,1.497712311591052e-09,7.361828357047326e-10,6.640627042158658e-07
61,6.128214179225673e-05,3.4237636972495296e-06,4.6534322020171353e-07,8.163512063020043e-06,1.1239246022603774e-08,3.0026090913431623e-05,2.3096698750294327e-05,0.9864648810814439,1.3125024874975892e-06,1.3945040172220027e-05,2.561505253477051e-05,0.00012187844390059493,5.4105609570807875e-06,1.6426284943978837e-07,2.12086950501842e-05,0.0047054888501404605,1.7360264262904473e-05,5.269523389881048e-06,9.429846730380054e-05,5.187058694202253e-08,7.025409890345639e-08,0.008395848200002411,1.7054095279727631e-09,9.184431104401031e-10,7.255172839470143e-07
62,5.399946024702446e-05,3.2138976789555833e-06,3.874172944491711e-07,7.712559832663354e-06,9.927694889735463e-09,2.8036708616328234e-05,2.1823186688984605e-05,0.9867388451000114,1.1577016020946344e-06,1.2750274980892403e-05,2.4026554473078376e-05,0.00011292114684880387,4.8459869896824045e-06,1.4899426500911177e-07,2.1415329923939894e-05,0.004509310992043781,1.635378726338663e-05,4.7933828603747534e-06,9.360601277401057e-05,4.63809527688107e-08,6.236561895435758e-08,0.008343866534738925,1.497712311591052e-09,7.361828357047326e-10,6.640627042158658e-07
63,5.3121795049593084e-05,3.4700533518583378e-06,3.8642137478989623e-07,7.907768672852107e-06,1.0145831545486345e-08,2.7761319138799833e-05,2.1925657698398806e-05,0.9863764955277614,1.175787988047495e-06,1.3303766328794419e-05,2.401189146390539e-05,0.00011462258012285965,4.929189595901689e-06,1.552568839164487e-07,2.2204346878036934e-05,0.004631143476574449,1.6762166538172328e-05,4.796450647956049e-06,9.788770733465227e-05,4.729203858384324e-08,6.422408314217777e-08,0.008577126604185317,1.5128743171623478e-09,7.601367656645186e-10,6.882974460642018e-07
64,5.465411427432547e-05,3.28139876652172e-06,4.069809028192141e-07,7.285742873291958e-06,9.7205516609332e-09,2.635466658808935e-05,2.2039396448740746e-05,0.9869247931358293,1.1109836008037788e-06,1.2791144983957213e-05,2.413135558432129e-05,0.00011161117010854102,4.929392171301554e-06,1.5797013993003226e-07,2.0111282496648227e-05,0.004436843519486269,1.685575268430688e-05,5.056393057563494e-06,9.579348047369094e-05,4.622957316654159e-08,7.061100822568342e-08,0.008230994070855233,1.5205911672679323e-09,7.414123987526767e-10,6.692255381200536e-07
65,5.2854143974765547e-05,4.6447752116897524e-06,5.741463669525022e-07,5.301683425498609e-06,7.982881546289975e-09,1.75714172486059e-05,1.4210813686133789e-05,0.9868703306915023,1.5061879294704406e-06,1.719482713291694e-05,1.982850834372471e-05,0.00012967437013097899,5.294065421627086e-06,2.803982764154901e-07,1.4370119918508352e-05,0.0036992914826473183,1.2964011222026597e-05,3.7985063573415853e-06,5.398675126988383e-05,5.248029014579607e-08,5.731065639901237e-08,0.009075370827407926,1.0614200772098106e-09,8.327014475954568e-10,8.326045764585391e-07
66,5.365999677812503e-05,3.0039770733572286e-06,3.936872928728651e-07,7.029836478806663e-06,9.112617388959886e-09,2.4723797269677903e-05,2.0487052610478798e-05,0.9873380305046235,1.0259151843066854e-06,1.190079451302802e-05,2.3278023244487074e-05,0.0001078282670848804,5.014803046808763e-06,1.3818410545331223e-07,1.8551661301899565e-05,0.004322650789144121,1.559944755268893e-05,4.654397998422701e-06,8.374352629265692e-05,4.652999620703327e-08,5.82556303717437e-08,0.007957579869340169,1.287260797364821e-09,6.644566022598646e-10,5.896191028361478e-07
67,5.453816022647373e-05,3.2181125931891924e-06,4.571870052385035e-07,8.083905914168e-06,9.463477301610244e-09,2.7297049557428663e-05,2.0050098473391557e-05,0.9876573144962131,1.0389733261277353e-06,1.3943330016994886e-05,2.3038096204831755e-05,0.00010489790553224555,5.121607401373232e-06,1.566555932831069e-07,1.9228406017573677e-05,0.0046510072720032485,1.770199868079662e-05,5.286329932999331e-06,8.562973566393866e-05,5.3554673536487756e-08,6.689731444149764e-08,0.0073012390715158325,1.6736202959343495e-09,7.607745583335848e-10,6.192582678604824e-07
68,4.278838760886464e-05,2.245604220882639e-06,1.4542369747844627e-07,4.055715300165562e-06,5.148249337586979e-09,1.1263194071626349e-05,1.3817354005839728e-05,0.988329844211708,4.567777946400241e-07,5.7726041800618825e-06,2.0348073697209253e-05,5.594607478081068e-05,2.938186839367209e-06,7.53756411081038e-08,1.6268160068378803e-05,0.002981763574387029,1.171113037897551e-05,3.6619735930218933e-06,0.00010707667953008951,1.7854777401761907e-08,5.662885699353369e-08,0.008389419614123475,6.047402015337797e-10,2.5673782043591797e-10,3.2139101127862546e-07
69,7.747902987594653e-05,4.502668026051733e-06,3.896586953034728e-07,1.1304156697348938e-05,1.5167965657719412e-08,3.74777107825004e-05,2.9103572485328957e-05,0.9816115095713506,1.687155161038495e-06,1.347508424022007e-05,3.116249279354248e-05,0.00015502110525700632,6.1378810668863775e-06,1.4774373529913286e-07,3.6401120778956585e-05,0.005501613567334919,2.059640905731072e-05,4.6299015831692845e-06,0.00013130359013146514,4.644053077993662e-08,6.113803209636954e-08,0.012325016865945124,1.7742466796981958e-09,1.0741001696150791e-09,9.151201265973512e-07
70,5.955481903390117e-05,3.251409013075667e-06,4.1759317449077687e-07,1.3805355180277099e-05,1.6026244695059026e-08,2.8359894763422538e-05,1.9672878990591705e-05,0.9897887912722483,1.3814838717806466e-06,1.0732827659679497e-05,2.5082906265514068e-05,0.00010910430893221858,4.97217007814049e-06,1.8744291803740147e-07,1.8565045657354775e-05,0.0022177524248711594,1.3058386978870754e-05,4.673348212593659e-06,5.1819639425592546e-05,4.910130814730881e-08,4.266366493642881e-08,0.007628230776194371,1.6208347667966447e-09,6.016734595120277e-10,4.7600280485946134e-07
