,0,1,2,3,4,5,6,7,8,9,10,11,12,13,14,15,16,17,18,19,20,21,22,23,24
0,1.260741143994728e-05,4.687599676196315e-06,0.00017766585764359517,0.00507205262488115,1.188179670904388e-07,0.00017570741059440612,0.0009186099353934695,0.30308916978709277,6.66902603126482e-05,0.000435701818469173,1.0363592083110878e-05,0.030430224621366388,3.4639773237058065e-06,1.9231205205589552e-08,2.544167711060432e-05,0.0015705126032820196,0.003584437401995808,4.21714154924282e-06,2.25613962030108e-06,9.802125196179126e-07,0.00030202434740867065,0.6540854383218746,1.822978347810951e-06,2.1615002190386353e-05,4.171228652094443e-06
1,1.2385537116092226e-05,5.8565744813665264e-06,0.0002157493607034536,0.0035216911582507744,1.5298966873148392e-07,0.00017965203907114853,0.0008945217798988831,0.23391609465376467,6.67981277105821e-05,0.00040994956301002234,1.0267674355921585e-05,0.031147521132413224,2.8501279655786333e-06,2.1441515088130458e-08,2.8006945112792514e-05,0.0013273801049781572,0.0038708446052974346,3.517080534864804e-06,2.8256637958850384e-06,8.29326910667859e-07,0.0003274977040499937,0.7240265079848801,1.7220691284746275e-06,2.2144450428931905e-05,5.211904957304226e-06
2,1.2968237047767673e-05,7.4574754497059405e-06,0.00021094157126644457,0.003335277815621287,1.788410365169342e-07,0.00014965989964071957,0.0008554884754699297,0.26638957877662406,7.133020708918668e-05,0.00041216108841205825,1.4921389722122251e-05,0.037155041552707956,2.834512222008517e-06,3.203819330504113e-08,4.3999112268978616e-05,0.0009604400096923547,0.0036452830454671175,4.125399994828555e-06,2.3730974289298514e-06,1.033805720649364e-06,0.0003406685365199018,0.6863529542917282,2.103042973852056e-06,2.1407925486556064e-05,7.739852215577899e-06
3,1.1100934009263078e-05,6.4195771934308705e-06,0.0001765002005565258,0.003267058199783895,1.3741771702104154e-07,0.00016893565559420826,0.0009038576003870499,0.204653250677596,5.381375742732929e-05,0.0003263946825522215,9.736677445088509e-06,0.033758630207225325,2.4406791105742896e-06,2.4672625153737653e-08,2.9579293952609e-05,0.0010934692262908844,0.0037091404949350436,3.746024259744364e-06,2.3448794547125385e-06,7.43380260935097e-07,0.00032888342171570774,0.7514635581040258,1.759174186926711e-06,2.2372115175757758e-05,6.10294651881981e-06
4,1.1656393502162836e-05,6.5447275700387755e-06,0.00017902742135595873,0.0032994326819673733,1.3970991018471834e-07,0.0001734830829764252,0.0009222649974195246,0.2141316312338836,5.358259390605256e-05,0.00033208966404712825,9.475635465709938e-06,0.03329595072388403,2.723169631886146e-06,2.535736939321424e-08,2.9111595492259215e-05,0.0011528866717800481,0.003827006917725963,3.959203553346534e-06,2.5416204941908644e-06,7.72889748537062e-07,0.0003245078557125379,0.7422092211896512,1.7547539341377734e-06,2.4217381923158273e-05,5.992527095177512e-06
5,1.131287496988267e-05,6.993456399870468e-06,0.0001555574258797807,0.0037973065733802967,1.30569748602232e-07,0.0001785396812174551,0.0008322663194670408,0.20856060953307018,5.24515268488752e-05,0.0003080115646752977,9.833419426259834e-06,0.031420000171492324,2.5132937662188256e-06,2.4880586743451316e-08,3.0091905221161047e-05,0.0011454466926244617,0.0035848249986998805,4.5082836328334995e-06,2.4162835891322927e-06,7.821674964851867e-07,0.0003223106320745762,0.7495443115301643,1.8309504109635335e-06,2.2060907123843762e-05,5.864358033423949e-06
6,1.1100934009263078e-05,6.4195771934308705e-06,0.0001765002005565258,0.003267058199783895,1.3741771702104154e-07,0.00016893565559420826,0.0009038576003870499,0.204653250677596,5.381375742732929e-05,0.0003263946825522215,9.736677445088509e-06,0.033758630207225325,2.4406791105742896e-06,2.4672625153737653e-08,2.9579293952609e-05,0.0010934692262908844,0.0037091404949350436,3.746024259744364e-06,2.3448794547125385e-06,7.43380260935097e-07,0.00032888342171570774,0.7514635581040258,1.759174186926711e-06,2.2372115175757758e-05,6.10294651881981e-06
7,1.3341002397740875e-05,5.89609417473908e-06,0.00020483564533311453,0.0033593926526058657,1.4225669111518197e-07,0.00013634702025131133,0.0009268185572094176,0.23784833738562797,5.415023374924468e-05,0.000393864173686688,1.0674660442259533e-05,0.030864378231292663,2.921855234011285e-06,2.3936357117874413e-08,2.6768761280842996e-05,0.0010341420618426413,0.0037502912721222477,3.0577013371822676e-06,2.5242041835432377e-06,7.846983922271126e-07,0.00025314108632659184,0.7210786711701931,1.4125624620351284e-06,2.2204010617030258e-05,5.878766189227643e-06
8,5.140161555006309e-06,6.269467179683878e-06,5.5009915697371507e-05,0.0025664371094383403,8.582346641829262e-08,0.00021787838769956604,0.0005093315720567675,0.15892320618626307,4.306535654623948e-05,0.00011299472965571573,6.115267826317542e-06,0.022380159418804974,1.2472778913274255e-06,1.1793130402845101e-08,2.5796330662853464e-05,0.0013484588423431493,0.0023072360308793232,6.950602318817097e-06,2.5146000422547765e-06,3.818187020857467e-07,0.0002219243165997829,0.8112473588585555,8.818228381682425e-07,9.03165609338873e-06,2.5126537532118687e-06
9,1.0106583191214902e-05,5.980266510130209e-06,0.0001614601511306028,0.003068214138271007,1.351489045236612e-07,0.00018349655327532904,0.0009164144320639264,0.1945575878786807,5.136300989192902e-05,0.0002788168771592257,8.624154482487528e-06,0.03356516000640312,2.3844370027675603e-06,2.264993823290546e-08,2.682933522827715e-05,0.0012606997324718216,0.0036705368121432123,4.0663869053201225e-06,2.4938126235215947e-06,6.843798722654846e-07,0.0003286507151355663,0.7618686467315271,1.5541892512035028e-06,2.094260174613646e-05,5.12901619020988e-06
10,1.1100934009263078e-05,6.4195771934308705e-06,0.0001765002005565258,0.003267058199783895,1.3741771702104154e-07,0.00016893565559420826,0.0009038576003870499,0.204653250677596,5.381375742732929e-05,0.0003263946825522215,9.736677445088509e-06,0.033758630207225325,2.4406791105742896e-06,2.4672625153737653e-08,2.9579293952609e-05,0.0010934692262908844,0.0037091404949350436,3.746024259744364e-06,2.3448794547125385e-06,7.43380260935097e-07,0.00032888342171570774,0.7514635581040258,1.759174186926711e-06,2.2372115175757758e-05,6.10294651881981e-06
11,1.1602339512610546e-05,6.281927651435886e-06,0.00017735265792630844,0.0032265409041182143,1.3565618590028315e-07,0.0001703384097260122,0.0009130821680145965,0.2220223077658187,5.410314885914224e-05,0.0003381824375920248,9.37497335881027e-06,0.03348162391731096,2.760269376971956e-06,2.4385777237483854e-08,2.8863065722047977e-05,0.0011494830131402645,0.003796625231877852,3.8902246618569805e-06,2.5088599558016133e-06,7.630372475035075e-07,0.00031602166252852986,0.73425666560481,1.70966976544646e-06,2.395696798832603e-05,5.801701073542421e-06
12,1.2840247030383998e-05,9.095715860595855e-06,0.00020352183835876524,0.0041742942085885824,2.7488401213929465e-07,0.00026850600756461816,0.001420423566454685,0.16060617181722264,6.924095119026129e-05,0.00034447561015921185,1.2603938095885367e-05,0.04932991986877767,2.6692943843581602e-06,6.057866711579687e-08,4.270438699303175e-05,0.0014343000953722308,0.005013283159017636,6.8371514260919574e-06,2.6109405524197315e-06,1.280982308606409e-06,0.0006355036118135511,0.7763559528388521,4.183911486849457e-06,3.64356757745327e-05,1.2808720036046828e-05
13,1.5074817456579964e-05,6.453838090775681e-06,0.0002474703899071463,0.003877802919704495,1.678860135673912e-07,0.0001364630018235032,0.0009163535837876652,0.27081419335149504,6.230623522305045e-05,0.0003895022782980138,1.7250452507226252e-05,0.04564753359764764,3.134500336379854e-06,3.743795361381796e-08,4.264177409929461e-05,0.0011677606201555295,0.0037392913864144617,4.232517094629011e-06,2.2030577879094915e-06,1.0373169872259684e-06,0.00039881853857088554,0.6724802393910845,2.139087553566605e-06,2.0937600245812323e-05,6.954419761650287e-06
14,8.867599635821992e-06,1.1870032576854486e-05,0.00017018462122843776,0.004180294744494857,1.6904716854028316e-07,0.00018122506540856035,0.0005221161072946093,0.16713599586283426,4.6213206782430554e-05,0.0002641006229743509,1.28765059716171e-05,0.02255205847355903,2.5900723996805905e-06,2.3664135255994806e-08,3.460939046776022e-05,0.0012296945524123838,0.0029711641331246915,5.507749115654112e-06,3.815553878179922e-06,9.363558184168288e-07,0.00026490761661184377,0.8003790980741436,1.392239270375848e-06,1.5514953623825442e-05,4.7737550687643845e-06
15,1.1100934009263078e-05,6.4195771934308705e-06,0.0001765002005565258,0.003267058199783895,1.3741771702104154e-07,0.00016893565559420826,0.0009038576003870499,0.204653250677596,5.381375742732929e-05,0.0003263946825522215,9.736677445088509e-06,0.033758630207225325,2.4406791105742896e-06,2.4672625153737653e-08,2.9579293952609e-05,0.0010934692262908844,0.0037091404949350436,3.746024259744364e-06,2.3448794547125385e-06,7.43380260935097e-07,0.00032888342171570774,0.7514635581040258,1.759174186926711e-06,2.2372115175757758e-05,6.10294651881981e-06
16,1.3308198142526331e-05,5.944632774340809e-06,0.00023484899724433554,0.004145176477767351,1.7124444696550837e-07,0.00021630697161433774,0.0011271906492702991,0.2402663681575259,5.1417831502596885e-05,0.00033786370946636824,1.2455138102267696e-05,0.050075154164810766,3.6375542815118897e-06,3.976403038401519e-08,3.7259416051398835e-05,0.0019097186902586362,0.004308558281508277,6.664208306528462e-06,2.7409102948603887e-06,1.1164304209801893e-06,0.0005840536231382227,0.6966229486851792,2.4675479457917414e-06,2.9088953569797705e-05,5.49976234642817e-06
17,1.0077196616009315e-05,6.761543753643124e-06,0.0001723807628737452,0.0030508472861758913,1.2833069967484667e-07,0.00019529538214114683,0.0007779778125190132,0.20424179259026098,5.3749615602688864e-05,0.0003601888057601621,8.892038005496232e-06,0.028789321767650353,2.4897955786046377e-06,2.047822427025995e-08,3.039092366012771e-05,0.0011415438573607343,0.003743703853928154,4.044275146141541e-06,2.865657704203797e-06,7.372156178969827e-07,0.0003288159705429384,0.7570473372539811,1.7493912008049468e-06,2.357590205676161e-05,5.312292939279131e-06
18,1.313066126561251e-05,8.543461164209457e-06,0.0001254593334732863,0.00237612366698512,1.5385961358602988e-07,0.00014716764970805433,0.0008944871134833823,0.13809567701503186,5.528590680627885e-05,0.00025493078811723386,8.278980103075912e-06,0.024562610330174216,1.7040886037253744e-06,2.7871547396425668e-08,2.744505766819825e-05,0.0006696842616618524,0.005004617379436056,3.6841897491282723e-06,2.71644807549297e-06,5.483753141952949e-07,0.0002682366182037693,0.827442112575788,1.9607749605444005e-06,2.440887367602353e-05,1.1004719389676913e-05
19,9.333073649689515e-06,4.528936019269772e-06,0.00017844057791715202,0.0028687949244582786,1.2096746157087673e-07,0.00015853655157693045,0.0010536807593231464,0.21130992692482792,5.1333482200963625e-05,0.0003823240092762513,7.479659838284202e-06,0.035202669178138864,2.4649702402854426e-06,1.7891524475006653e-08,2.1035350701034698e-05,0.0009801118461935452,0.0033439023786437806,2.369810941988734e-06,1.828387950977486e-06,6.54407872117871e-07,0.0002560930150212511,0.7441358499571268,1.2886116657010941e-06,2.1885642635590323e-05,5.328684794345702e-06
20,7.615842850579381e-06,7.260156677814357e-06,0.00013125723764121524,0.002861240743200508,9.442286370927112e-08,0.00015530719788604,0.0005926187432434824,0.19657394030069658,4.296531765576887e-05,0.00023706246108077714,8.702800804163423e-06,0.032037723320517235,1.8905545227942568e-06,1.8186801327295756e-08,3.2566899119379243e-05,0.0008785299881603403,0.0025936159540203467,3.738786712813444e-06,1.8824964362601852e-06,5.642984167416901e-07,0.000293594693159073,0.7635161289357967,1.368240220598751e-06,1.5787142361522164e-05,4.525279154361262e-06
21,1.4484283463126587e-05,6.864247430740118e-06,0.00020412664164943734,0.005246702039984195,1.623444025691643e-07,0.00017809392082973662,0.0009359146382139735,0.22991888255832402,6.127621566808604e-05,0.00034300075013878674,1.6505190353144297e-05,0.04547604644480735,2.8735975955837647e-06,4.0158857429429663e-08,3.996587133273028e-05,0.001495608708733051,0.003415523681785195,5.400152742131622e-06,2.2808737259334827e-06,1.0562391590661825e-06,0.0004164799652537077,0.7121898664877426,2.3448061006023045e-06,1.999180464432015e-05,6.50837706241198e-06
22,7.643734357926852e-06,9.53757747656939e-06,0.00010001030103117704,0.0017487159958658896,1.2841211636148502e-07,0.0002244108692998542,0.0009463634190338091,0.192330353108883,5.942584387307665e-05,0.00022738725452024072,3.977110254686531e-06,0.029664694200779062,1.8330288032125621e-06,2.0578333201857716e-08,2.717501500605585e-05,0.0007618233204817958,0.0023116829580843343,2.5726122308978925e-06,2.769121164488502e-06,3.857172903828842e-07,0.00016527547832470026,0.7713674194382771,1.1915778099726522e-06,2.77276163369389e-05,7.4757103652135155e-06
23,1.1100934009263078e-05,6.4195771934308705e-06,0.0001765002005565258,0.003267058199783895,1.3741771702104154e-07,0.00016893565559420826,0.0009038576003870499,0.204653250677596,5.381375742732929e-05,0.0003263946825522215,9.736677445088509e-06,0.033758630207225325,2.4406791105742896e-06,2.4672625153737653e-08,2.9579293952609e-05,0.0010934692262908844,0.0037091404949350436,3.746024259744364e-06,2.3448794547125385e-06,7.43380260935097e-07,0.00032888342171570774,0.7514635581040258,1.759174186926711e-06,2.2372115175757758e-05,6.10294651881981e-06
24,1.1787312211653733e-05,5.154600943329203e-06,0.0002350956921616064,0.0017732194110398243,1.4204158073098454e-07,0.0001825652701369074,0.0012840226255318038,0.2294457286136335,6.649814532424228e-05,0.0003990903456367003,7.640720697369751e-06,0.03500081959561902,2.5684241017492052e-06,2.2357082480292e-08,3.204602741835596e-05,0.0011118473638547402,0.005190429425217153,3.148836668093714e-06,2.865609575700228e-06,6.173443187340941e-07,0.0004353722295520952,0.7247654993286249,2.163991856200247e-06,3.494872173077729e-05,6.705965482300675e-06
25,5.819751109419966e-07,4.4811101378364e-05,1.9220498110133583e-05,0.00019552955872665856,6.109208168355569e-08,0.0023607913228633434,9.527603747375084e-05,0.003185991528675232,3.318892904320237e-05,3.1725813795988956e-05,6.215425721175713e-08,0.0009833707577298796,6.792818877781871e-08,6.558865404509284e-10,4.293206083032565e-06,0.00037150294127247685,0.0013664067548943674,1.0746187545011033e-06,1.895923189838529e-05,1.0979281991784747e-08,0.00021444152889024803,0.9910476532968361,9.600422638139491e-07,2.1172288656104153e-05,2.8457578475538694e-06
26,1.3575489579681735e-05,7.3301742909607355e-06,0.00017119943726968346,0.0030810586056639394,1.5127055519799544e-07,0.00019759773937506853,0.0009783501688212536,0.21077248808982962,7.468829125041501e-05,0.00038354213977233114,9.203282559377454e-06,0.02628336915319234,2.6375771712348414e-06,2.3987075534016083e-08,3.141428171901457e-05,0.0011053298039696072,0.0048802433633792705,4.561121171532243e-06,3.0732591688859e-06,7.911564451147262e-07,0.0003557168110707062,0.7516034805617459,2.5619203825216334e-06,3.0038410277413476e-05,7.57390426320173e-06
27,9.55110165666936e-06,6.729970478455709e-06,0.00012461329163155298,0.002925179287335172,1.1014105321630291e-07,0.00014980891970352368,0.0007364061117050434,0.1913769414223797,5.366202070633299e-05,0.000280321213289685,8.516404126379831e-06,0.027236642042883702,1.8608149787180795e-06,1.8753034244277268e-08,2.7425616786371816e-05,0.0008326132632923772,0.003048578749647193,3.1529409764273526e-06,2.114725543395248e-06,5.519558987169708e-07,0.00022299463584750495,0.7729278030136374,1.3767322270324257e-06,1.718015620670376e-05,5.846714974435177e-06
28,1.1100934009263078e-05,6.4195771934308705e-06,0.0001765002005565258,0.003267058199783895,1.3741771702104154e-07,0.00016893565559420826,0.0009038576003870499,0.204653250677596,5.381375742732929e-05,0.0003263946825522215,9.736677445088509e-06,0.033758630207225325,2.4406791105742896e-06,2.4672625153737653e-08,2.9579293952609e-05,0.0010934692262908844,0.0037091404949350436,3.746024259744364e-06,2.3448794547125385e-06,7.43380260935097e-07,0.00032888342171570774,0.7514635581040258,1.759174186926711e-06,2.2372115175757758e-05,6.10294651881981e-06
29,1.1100934009263078e-05,6.4195771934308705e-06,0.0001765002005565258,0.003267058199783895,1.3741771702104154e-07,0.00016893565559420826,0.0009038576003870499,0.204653250677596,5.381375742732929e-05,0.0003263946825522215,9.736677445088509e-06,0.033758630207225325,2.4406791105742896e-06,2.4672625153737653e-08,2.9579293952609e-05,0.0010934692262908844,0.0037091404949350436,3.746024259744364e-06,2.3448794547125385e-06,7.43380260935097e-07,0.00032888342171570774,0.7514635581040258,1.759174186926711e-06,2.2372115175757758e-05,6.10294651881981e-06
30,1.1100934009263078e-05,6.4195771934308705e-06,0.0001765002005565258,0.003267058199783895,1.3741771702104154e-07,0.00016893565559420826,0.0009038576003870499,0.204653250677596,5.381375742732929e-05,0.0003263946825522215,9.736677445088509e-06,0.033758630207225325,2.4406791105742896e-06,2.4672625153737653e-08,2.9579293952609e-05,0.0010934692262908844,0.0037091404949350436,3.746024259744364e-06,2.3448794547125385e-06,7.43380260935097e-07,0.00032888342171570774,0.7514635581040258,1.759174186926711e-06,2.2372115175757758e-05,6.10294651881981e-06
31,1.2627742848671383e-05,5.8185435803933235e-06,0.00022108729003407108,0.0028222323329906832,1.22210154376422e-07,0.00012569925894152383,0.0008097243139370399,0.2937381358402729,5.1129285276580114e-05,0.0003174466193022562,9.890440691001408e-06,0.03260722260991798,3.2731669422990983e-06,2.1449918578290596e-08,2.9750593303378454e-05,0.0011192259272302222,0.0037795459432247848,3.5442516722997947e-06,2.4746142146215613e-06,7.82856529733203e-07,0.00031344473769480765,0.6639984314651208,1.416450536018496e-06,2.2443817887708828e-05,4.508237777259177e-06
32,1.137049918601944e-05,6.8414674024609915e-06,0.0001737256103198687,0.003150456522579584,1.3685542321797383e-07,0.00017013155633883344,0.0008586331355867738,0.20026408339410573,5.278235408704975e-05,0.0003192412755072677,9.430506212801263e-06,0.031425633706944615,2.4911970137771223e-06,2.4399078178238593e-08,2.934879836220593e-05,0.0010926064058128194,0.0038059439157832596,3.883521318430302e-06,2.615777361518862e-06,7.223893843071171e-07,0.0003165427755922232,0.7582726166963365,1.7130285715930913e-06,2.301256036243231e-05,6.011651328787701e-06
33,1.1523151635628056e-05,6.4539855442344134e-06,0.00019029277093432254,0.0033834066188782033,1.4876277960889468e-07,0.00016707840524553047,0.0009455365683786828,0.21212765236292647,5.881210423836389e-05,0.00034795215160327074,1.1204209617435202e-05,0.03604309492754835,2.424009790169566e-06,2.6986878058931688e-08,3.286883288183522e-05,0.0010801560783673687,0.0037027992627476736,3.738930652428185e-06,2.231557308417986e-06,8.052131628519507e-07,0.0003525881981110923,0.7414988266510215,1.92546529978644e-06,2.1780150095433984e-05,6.672644353365536e-06
34,2.22289499919475e-05,7.485051513069596e-06,0.00025204551083171244,0.0037735922811334157,1.880615708078402e-07,0.00011906093616301102,0.0008519480150318394,0.24646969276157898,6.914010175729885e-05,0.00036742776129458985,1.591645083688459e-05,0.02922743997927115,3.1275352688919347e-06,3.36374068486982e-08,3.387798301246628e-05,0.0011366153293374073,0.004689608539171411,3.9071608754349905e-06,3.4380469182231005e-06,8.723916471776942e-07,0.0003084169374124391,0.7126139466878826,1.8015491210978677e-06,2.121844163701034e-05,6.969899334102005e-06
35,1.1435421405378804e-05,6.254914221547303e-06,9.078156862798072e-05,0.002555247546623615,8.148073594473475e-08,9.767924839722813e-05,0.0005013272743476975,0.2632222128445945,7.094237317313629e-05,0.00022300471201733236,7.235249570271845e-06,0.01717240837700266,1.6924264673315523e-06,9.719316888960157e-09,2.1287055142081613e-05,0.0006571025892711663,0.002478886287215392,2.2882430428109926e-06,2.156862328231446e-06,3.444954229738347e-07,0.0001128507479477365,0.7127497415207803,7.813944618436366e-07,1.0219189039756249e-05,4.028458846199668e-06
36,1.3464539145181403e-05,9.142693734728702e-06,0.0002716934668398781,0.004658686387357708,2.0082367256188187e-07,0.00022718693150126058,0.0008921959281700361,0.20765509477467453,7.227147994007443e-05,0.000482975760583382,1.2861752103699382e-05,0.0283069221266325,2.930085641883946e-06,2.7505600760023688e-08,3.6310666382337816e-05,0.0013164873564817541,0.004043778374079649,4.156525166072886e-06,3.2871495868009733e-06,1.0841187826189088e-06,0.0004448269833155503,0.7515073028078267,2.642299270883979e-06,2.7124839376458327e-05,7.344624133008702e-06
37,1.6337154609418e-05,7.621168812339927e-06,0.00024368087915160847,0.004255114697318529,1.941265412994421e-07,0.00020585424583510154,0.0012928757970617029,0.18069067851108636,4.881998132202396e-05,0.00032740192262296474,1.1560938558956529e-05,0.04314187618017245,3.227693392986308e-06,4.9709557563530624e-08,3.361093508446601e-05,0.0016042241310910738,0.005067439931950008,5.75938695540349e-06,3.009630831559646e-06,1.0101824919234129e-06,0.0005584803496408839,0.7624337015990873,2.8172524810755795e-06,3.648240527090013e-05,8.171189072394692e-06
38,9.850084353290878e-06,6.137577011520772e-06,0.0001678217461648855,0.002935676315371138,1.3024253666293335e-07,0.00024007121246468017,0.0010179378632734328,0.19819870670516057,5.040612595361012e-05,0.00030159195485476707,8.149251056339717e-06,0.03637325364847365,2.744429233195117e-06,2.4486702022152324e-08,3.205270259711961e-05,0.001544391171222926,0.0037473518069620856,5.3331437694768e-06,2.9292345944108133e-06,7.051527944353146e-07,0.00043449188707101464,0.754885737505788,2.0213294024706413e-06,2.7651216399101763e-05,4.833206789168294e-06
39,9.094745968610306e-05,1.2731615450407403e-05,0.00020975757916171593,0.00986219000124698,6.35147302951172e-07,7.615275628964655e-05,0.002033881997917661,0.297891741186723,0.00019595280437283662,0.0016578225064761503,0.00010383989211569466,0.03506458773908967,3.7360768282971526e-06,2.5190055809463003e-07,9.30695965660194e-05,0.0004935930432047719,0.003970904376735722,4.069041896952231e-06,3.104118237385431e-06,1.9372431677234244e-06,9.55534165274987e-05,0.648033809945095,4.0281860742351295e-06,2.681119943764749e-05,6.889116983784724e-05
40,1.1758306112964343e-05,7.023723507223898e-06,0.00020367673360469296,0.0030141345602173256,1.6178267444764312e-07,0.00015173214798155598,0.000936778017490068,0.1915736894744433,5.233021927085489e-05,0.00030532420296811177,1.0881311452651834e-05,0.03779727864038015,2.389680956037072e-06,3.0501263814704946e-08,3.203219239886561e-05,0.0010094363032348774,0.003816800991206882,3.5259153348934287e-06,2.342235551273164e-06,7.677184199998282e-07,0.00035152238207441676,0.7606853837059052,1.7576490279145222e-06,2.2155272443525145e-05,7.0863320788718204e-06
41,1.355852375032694e-05,8.944940197943364e-06,0.00017848866685473227,0.005856711142854552,1.560305916732669e-07,0.00014925951785363755,0.0005375452050075392,0.32783787518872864,7.37050030814774e-05,0.00031660150215137486,1.4600925365516219e-05,0.025522530873012896,3.225920626278082e-06,2.1916215560721976e-08,3.519735266170229e-05,0.001465115525675147,0.0023137473124760187,4.539772848531778e-06,2.9975370562860204e-06,9.018405798080146e-07,0.0002226548289385457,0.6354235573492075,1.2822296713499946e-06,1.290109647954209e-05,3.879798113398383e-06
42,0.0005823131521100829,1.6747937018052892e-05,0.0014920660098100874,0.0086678068477864,2.7451385834336623e-05,0.000624601469263972,0.05554189577098906,0.22552120167867087,0.0006858816608312921,0.011681581246374178,0.0006002079858275918,0.42711988184082145,2.833646696086373e-05,5.400509938071445e-05,0.0012223363695186285,0.001592723039084854,0.026941950652637155,6.656767587471266e-05,6.370044729675316e-06,4.584885305595634e-05,0.00584705612085267,0.2268766931037698,0.0005826863292027864,0.001332818254394995,0.0028409710051996886
43,3.078471558784793e-05,1.6910741635884716e-05,0.00021379329786427208,0.004480785278294468,2.7705840059296593e-07,5.234248039445191e-05,0.0013335631036273693,0.15984566918118626,6.483097546733115e-05,0.00015192442186118108,4.608390514139688e-05,0.052721316970534116,1.4632374093868875e-06,1.698585150025404e-07,6.441181933606761e-05,0.0005797590788802803,0.003062737801436313,3.2612864871273034e-06,1.721604020775299e-06,7.386383406805843e-07,0.0001635778187415516,0.7771156421936215,2.0354864704410747e-06,1.2887829211181507e-05,3.331121753459437e-05
44,1.1100934009263078e-05,6.4195771934308705e-06,0.0001765002005565258,0.003267058199783895,1.3741771702104154e-07,0.00016893565559420826,0.0009038576003870499,0.204653250677596,5.381375742732929e-05,0.0003263946825522215,9.736677445088509e-06,0.033758630207225325,2.4406791105742896e-06,2.4672625153737653e-08,2.9579293952609e-05,0.0010934692262908844,0.0037091404949350436,3.746024259744364e-06,2.3448794547125385e-06,7.43380260935097e-07,0.00032888342171570774,0.7514635581040258,1.759174186926711e-06,2.2372115175757758e-05,6.10294651881981e-06
45,1.908155205846224e-05,1.5928451374735464e-05,0.0002860401464576542,0.005565259230932269,3.6715933682021825e-07,0.00017345442600912543,0.0006954772780642224,0.05741529873019901,7.442703896411591e-05,0.0003297763386907857,2.591663256310681e-05,0.03399312821714843,1.0718809603741063e-06,7.511698744894896e-08,4.048850174375953e-05,0.000591492519522516,0.006157566652197077,3.3969737345589935e-06,2.392625346845107e-06,1.1032293644972686e-06,0.0006713552693785463,0.8938801534624976,5.851402994890123e-06,1.813930908300216e-05,3.2757854390380105e-05
46,1.0689398350240444e-05,5.813550924662423e-06,0.00016652369387646035,0.0032384711295833837,1.1831373059723701e-07,0.00016345541459162344,0.0008205573504949054,0.18928369553127786,4.693240132669861e-05,0.00029909774456806797,8.303314735855782e-06,0.031805841976413875,2.3616707705765845e-06,2.027046869362456e-08,2.3703635634338255e-05,0.0010706777533455493,0.0038958546571010765,3.4122560181043166e-06,2.2583584403379876e-06,6.664438501030398e-07,0.00031767718350603766,0.7688058772535417,1.5438460357423212e-06,2.1121081534226277e-05,5.325769879488383e-06
47,1.0705639151366195e-05,7.2275341530615e-06,0.00018783251271958668,0.0034013419646579247,1.6079855772940333e-07,0.0001814613190515675,0.0009312960552329226,0.21090638190479621,6.211202956898426e-05,0.00036483354920276856,1.1955730062150589e-05,0.03637400035847103,2.363070026510102e-06,2.9156593062133073e-08,3.769362905243026e-05,0.0010340510659504957,0.0035863371040800213,4.029346930990383e-06,2.2447232889744827e-06,8.710869183056141e-07,0.0003694892697172093,0.7424917823143796,2.133242076414087e-06,2.2225224474392207e-05,7.441370886284944e-06
48,1.495708214601471e-05,8.325770941774826e-06,0.0005632101816200792,0.01300087255471573,5.868084713133828e-07,0.00013071423610994606,0.001624320002071673,0.22822285304922774,0.00014002731169912677,0.0004356012084342732,0.00015615108853591557,0.17701373863820602,1.8503051841100438e-06,2.294604255468308e-07,0.00017626877989890375,0.0015690024797172014,0.0016376764419011242,5.06750587898128e-06,6.456003192925121e-07,3.311673844356952e-06,0.0011423224839869084,0.5741194986094857,6.628419064237827e-06,7.186778634486555e-06,1.8953529479506558e-05
49,7.854859968178892e-06,5.694841342238881e-06,0.00016103875182642857,0.0027814965584613874,1.0815020491889497e-07,0.00016155172274619456,0.0007586693340569339,0.17872593310925047,4.332559004029843e-05,0.0002758692270421164,7.296317866642685e-06,0.03277021299600714,2.0566619007319436e-06,1.6641202844005987e-08,2.294925250798042e-05,0.0009588184688527009,0.0031062786515007454,2.7944552863604505e-06,1.9393896357282575e-06,6.008689492478796e-07,0.0002867464862238269,0.779894682934645,1.2614027684210084e-06,1.8172871383986175e-05,4.630456329315545e-06
50,3.5963565028874237e-06,1.4400037690022e-05,0.00012081278576448871,0.002855386979924814,9.963951102175225e-08,0.00024560606162263196,0.00024660663062279125,0.07736222554662384,3.973500864089555e-05,9.471462291740878e-05,6.4434684170662095e-06,0.021936825891064177,7.982717901198628e-07,1.0302686318224507e-08,2.978537637687814e-05,0.0009290674997871864,0.00197728040359238,3.980623646540142e-06,2.1340559361055016e-06,3.797254855052142e-07,0.0005338993186881287,0.8935838956072082,1.5242427804725158e-06,7.565349584878382e-06,3.226193135493246e-06
51,3.86221810810481e-05,2.8717524938455825e-06,0.0009142473440286175,0.001988850795595066,6.057292856959368e-07,0.0003287084055591497,0.005783002970163823,0.2853917740819721,0.0001132330716250183,0.0013396828161332441,1.1025912701243742e-05,0.07926387495004085,9.869334594084495e-06,9.153998236482216e-08,3.130698052519585e-05,0.003393597264464311,0.01966990237690913,5.505854207765797e-06,6.631714449090223e-06,2.2183876702436526e-06,0.001399526871503398,0.6000917479892967,7.159296926294132e-06,0.00019075702951437982,1.5185349277413303e-05
52,1.0829752297288911e-05,5.139962435159689e-06,0.00012277098690848692,0.004521860952256245,1.086895204906445e-07,0.00021266649911744182,0.0005904500380207805,0.34914876779571735,6.031171267991734e-05,0.0005628932649265524,1.1098652636444625e-05,0.031087495952095198,3.5882751897952755e-06,1.963981344007049e-08,3.568833903192172e-05,0.0012797825110078508,0.0022778772136940253,5.2607484062798825e-06,2.707407367687933e-06,9.897137888555332e-07,0.00020983978509531108,0.6098265097801709,1.3148186604220247e-06,1.8547225092070505e-05,3.4802840699675226e-06
53,9.532241933114196e-06,1.0446670662680208e-05,0.00010633687600627375,0.0021146097424190684,7.457253878683762e-08,0.0001228001034302617,0.0002647163003255852,0.1877456787680391,3.583192942929181e-05,0.00019897866531747133,4.559386884974603e-06,0.012685271591929295,1.851975631739406e-06,8.569618712100656e-09,1.7733404032601966e-05,0.0006470928182312441,0.0025677376882896124,2.258335165752085e-06,4.415702000970241e-06,2.8473298504790407e-07,0.00011101335209707966,0.7933320293554943,5.079724063966972e-07,1.3241488111089497e-05,2.98775701935893e-06
54,2.2581960859503013e-05,1.0561804710690614e-07,0.008608264123803175,0.003920216174474314,3.72652548809479e-07,7.31038537526429e-05,0.00047734875168323307,0.8175760872543433,4.1546493826657265e-05,0.0029617084951030284,3.880486440386276e-05,0.09250285721470715,8.187446915521662e-05,1.8079645909925176e-08,1.1420856564986562e-05,0.008624012484366407,0.010091854056091882,4.528399170027585e-06,1.6432138038957625e-06,3.41809083429237e-05,0.006403328880989169,0.04849186506428598,4.05995004374324e-06,2.79857979498084e-05,2.3038203723682436e-07
55,1.0046204791964577e-05,4.805346199941416e-06,0.000154397703711953,0.0028261414126837274,1.4279096431796563e-07,0.00018658338477308472,0.0011810955856382261,0.2468751620388549,5.9919674663924994e-05,0.0003028996306306389,8.348437368319173e-06,0.05476322938426611,2.8580700117510946e-06,2.945686878344678e-08,2.9212451078776742e-05,0.0012915691607336304,0.0032665798688377413,4.1763833580127795e-06,1.8486395831691752e-06,8.024422447960476e-07,0.00032621201011629863,0.6886715821600266,1.7625371395212569e-06,2.4560179331167302e-05,6.035046122498949e-06
56,1.1373217542502842e-05,6.32259237415581e-06,0.00017555739948625602,0.0033139859011467373,1.3651577500362335e-07,0.00017296408251831388,0.0009129363921584515,0.21760780009385858,5.401430399273478e-05,0.000335081188423017,9.476949727494064e-06,0.0335850992196646,2.6824031705887466e-06,2.443847742235082e-08,2.9015059410341185e-05,0.0011460600468944978,0.003724915652838672,3.896880335814508e-06,2.444783538350991e-06,7.683028429007842e-07,0.00032071054854804996,0.7385538101345351,1.724005854513411e-06,2.3367374590719512e-05,5.832512295277507e-06
57,9.715390643350998e-06,5.311800610404213e-06,0.00026230323367304416,0.0027278525476934733,1.6266426843064034e-07,0.0001778822020320294,0.0009990217154436576,0.21375963404827542,5.051435271571576e-05,0.000368054806425081,8.788023331413183e-06,0.045445034337553265,3.1360478055409663e-06,2.4929414487040316e-08,2.6210972454911665e-05,0.0013159257357578682,0.004122843230866227,3.2573818249891486e-06,2.4027822552297795e-06,9.209154004227832e-07,0.0004108846212440498,0.7302670571902224,1.6293946734741666e-06,2.6097834810962306e-05,5.333840604127668e-06
58,1.1135242584364052e-05,6.526023300116782e-06,0.00017279315819037445,0.003035955123937091,1.3407174509112604e-07,0.0001818836321318424,0.0009191576335678413,0.20853535196819964,5.106593563007205e-05,0.0003363231126873734,8.389313928621632e-06,0.03333874954799482,2.7360683107251872e-06,2.4352417229074792e-08,2.8333515990100946e-05,0.0011285293737597756,0.0038589608053798564,3.965081003283192e-06,2.5941952520899572e-06,7.41718501986673e-07,0.00032583094142863404,0.7480163099720245,1.7675948695769196e-06,2.679926725619555e-05,5.94234990884111e-06
59,1.1269014547262236e-05,6.357608166936303e-06,0.00019424913438308448,0.00309648580308304,1.3981669585918577e-07,0.0001768204170414508,0.0009511429796754683,0.21261016498770663,5.1716638549751714e-05,0.00034285614171372837,8.848124057489834e-06,0.03455137528848807,2.7982130029887463e-06,2.473424544116473e-08,2.8426627275159206e-05,0.0011573633838502734,0.0039573825050254014,3.80906335203019e-06,2.5210900235065158e-06,7.881104255238539e-07,0.0003508277513674685,0.7424603604628552,1.800034129595949e-06,2.6551882143633714e-05,5.920188194988566e-06
60,1.1100934009263078e-05,6.4195771934308705e-06,0.0001765002005565258,0.003267058199783895,1.3741771702104154e-07,0.00016893565559420826,0.0009038576003870499,0.204653250677596,5.381375742732929e-05,0.0003263946825522215,9.736677445088509e-06,0.033758630207225325,2.4406791105742896e-06,2.4672625153737653e-08,2.9579293952609e-05,0.0010934692262908844,0.0037091404949350436,3.746024259744364e-06,2.3448794547125385e-06,7.43380260935097e-07,0.00032888342171570774,0.7514635581040258,1.759174186926711e-06,2.2372115175757758e-05,6.10294651881981e-06
61,1.12810685040743e-05,6.500297722880963e-06,0.00019453923529624156,0.0030491429498084805,1.4408075550989863e-07,0.00017680257984791588,0.0009517663773655683,0.20415181759437714,5.2751610022496184e-05,0.000336650828882683,9.234124961568479e-06,0.034887021401798037,2.6573788393318097e-06,2.562916279409591e-08,2.943570071924003e-05,0.001140391893191678,0.003968251580631571,3.810242729500777e-06,2.5283189137165834e-06,7.735210530198252e-07,0.0003572054245026305,0.750633559810754,1.8388328593346752e-06,2.5680047957758947e-05,6.189469343017558e-06
62,1.1100934009263078e-05,6.4195771934308705e-06,0.0001765002005565258,0.003267058199783895,1.3741771702104154e-07,0.00016893565559420826,0.0009038576003870499,0.204653250677596,5.381375742732929e-05,0.0003263946825522215,9.736677445088509e-06,0.033758630207225325,2.4406791105742896e-06,2.4672625153737653e-08,2.9579293952609e-05,0.0010934692262908844,0.0037091404949350436,3.746024259744364e-06,2.3448794547125385e-06,7.43380260935097e-07,0.00032888342171570774,0.7514635581040258,1.759174186926711e-06,2.2372115175757758e-05,6.10294651881981e-06
63,1.0696679117335312e-05,7.246609415392299e-06,0.00015988343148487096,0.0031493719230833773,1.3284980272747313e-07,0.0001696800588875855,0.0008269176619510067,0.19107784679646275,5.328696919366159e-05,0.0002996286182176188,9.453313509654598e-06,0.03035844090567959,2.2544089927203265e-06,2.3687401729008258e-08,3.027893898177168e-05,0.0010193198200192878,0.0035839476834482126,3.855128280241059e-06,2.4562763523329677e-06,6.861125659137767e-07,0.0003086523343435475,0.7688966285527041,1.7278441177503275e-06,2.139624316750886e-05,6.187152819299188e-06
64,1.0778611644503733e-05,6.61840287778209e-06,0.00020881111151335917,0.0032047927242274785,1.5293658899933448e-07,0.00018878607415472498,0.0009389304357622691,0.18793818611691682,5.347545869213309e-05,0.0003250118403392523,1.0005115390698956e-05,0.03784839725089132,2.5018306202462283e-06,2.7123921770902797e-08,3.1415972071478314e-05,0.0012078446661941352,0.004107499482109691,4.024952588493282e-06,2.4158750349216746e-06,8.136070314411365e-07,0.00044859380585266927,0.7634281823010081,2.0947911344667457e-06,2.4362183114195646e-05,6.2773303191167885e-06
65,1.3672881849742979e-05,3.6664872010414784e-06,0.0001939153630717809,0.003004217858822631,1.0942002740173187e-07,8.929687550118256e-05,0.0007138914231400086,0.3356272173498352,5.793366878826349e-05,0.0004153590851070094,1.3000474202855804e-05,0.031595777908877416,2.8745322653314476e-06,1.701354451857627e-08,2.4564718028332156e-05,0.0009889287064105007,0.0028002832122988805,2.1429335542264367e-06,2.0960013511132676e-06,6.066190580364558e-07,0.00015990146262690393,0.6242738886460558,7.653222528216426e-07,1.2397362145577496e-05,3.474673983526873e-06
66,1.1815255734961602e-05,6.0534212602746606e-06,0.0001968435295822103,0.003353320243517639,1.4935326299914138e-07,0.000170087949870007,0.0009845640188002832,0.213469252600723,5.5576215928531245e-05,0.0003555703817042265,9.964238993254652e-06,0.03485348548736764,2.712219360143356e-06,2.556693836616578e-08,2.847738614891148e-05,0.0011725065136615825,0.003955094683288421,3.686454112165836e-06,2.430343970892391e-06,8.134814283550943e-07,0.0003411323448543124,0.7409946286549874,1.7840604017347153e-06,2.3907997438947917e-05,6.117596663781673e-06
67,1.0281923177997208e-05,6.941858515219835e-06,0.00017220412024239305,0.003293432585035978,1.355070079861698e-07,0.0001912059452017897,0.0009152036378172427,0.1813369047490701,5.023376713169851e-05,0.0003044814031536353,8.950905970516805e-06,0.03375707877115696,2.348421367840408e-06,2.5148859452351206e-08,2.9253100247541103e-05,0.0011106163513795403,0.003888895900920022,4.064310515395551e-06,2.3686704283376872e-06,7.518546934395152e-07,0.00037370803743186175,0.7745079850439692,1.9873180400399594e-06,2.443476059918535e-05,6.5059080663774956e-06
68,3.207048327307052e-05,1.1023984545518238e-05,0.00022252695369584665,0.005281155044337853,2.1042569408041652e-07,0.00010854984168420484,0.0007209750603832284,0.20469411450562672,8.404085631784015e-05,0.00038291049629887974,1.56352320239958e-05,0.014736042695476927,3.054296496556538e-06,3.14382005655857e-08,2.5463485228158052e-05,0.0013078542843555324,0.005097983743720535,3.687177698957542e-06,6.415377280179311e-06,6.616477719924556e-07,0.00016455465891202848,0.7670714033643468,1.5413418125874949e-06,2.029389693970085e-05,7.79970787824911e-06
69,1.1130736603260421e-05,6.297189537302167e-06,0.0001709058167973641,0.0031039493184773655,1.3306732501319934e-07,0.00016998359918459863,0.0009462328742600648,0.19988242023284442,5.004218833858458e-05,0.0003135761254815515,8.460726981926586e-06,0.032764853059886564,2.504160699767588e-06,2.426646271657483e-08,2.665029845435816e-05,0.0011344597837638496,0.0037443443960330923,3.6213086248853408e-06,2.4857356127458237e-06,6.84853920084464e-07,0.00030438416478549215,0.7573210945717294,1.6053752616473581e-06,2.4358225693878686e-05,5.797923240234972e-06
70,1.0576389925477164e-05,5.689351395411897e-06,0.00019444922271218782,0.004035772572940839,1.3632614489820014e-07,0.00017763810060303668,0.0009682307500047983,0.2196366062341375,5.5275883368302025e-05,0.0003514866697744383,1.0534507708227345e-05,0.03654752082272342,2.5794058894889696e-06,2.366973970175393e-08,2.8298428587143374e-05,0.0012820671294673748,0.0033761540771519304,3.611796240631566e-06,2.0656510023715462e-06,8.575197959089645e-07,0.00034456705306802,0.7329380972881232,1.7536580599135223e-06,2.062419321952967e-05,5.383298216375232e-06
71,1.3539891632665465e-05,5.089096154399243e-06,0.00018543021137862475,0.0033914721466368667,1.5966567240464315e-07,0.00017729320243815372,0.0014092516117783446,0.24946158955558664,6.344092429019729e-05,0.00041763323356710624,9.224959272590322e-06,0.03729713265747563,3.168748578017043e-06,2.885662296976644e-08,2.6873264930928583e-05,0.0012609715696196603,0.004110508626841913,3.662460822954588e-06,2.350439825233199e-06,8.469051062894219e-07,0.00030068152208775185,0.7018207245043777,1.8784226157279662e-06,3.0072197086978386e-05,6.975325600275253e-06
