,0,1,2,3,4,5,6,7,8,9,10,11,12,13,14,15,16,17,18,19,20,21,22,23,24
0,0.00023890897817599647,8.10241574369702e-05,2.012490437308773e-06,0.002623658576182508,8.251860417989207e-07,0.00037953081249910965,0.00013211415043049945,0.9595884876516729,7.813497346527088e-06,6.641786053376534e-05,0.0001193582484738581,0.0003858245128276211,5.409702646582546e-05,8.750119959339631e-07,0.0017663501520223744,0.008905694763320784,0.00018490810412677346,9.445555594811022e-06,0.00032310148154362893,1.0709443380750243e-06,8.593145263296256e-08,0.0251251748752236,6.122435344001332e-08,9.155912558757059e-09,3.149651590765308e-06
1,0.00020492985779905235,7.87795781508185e-05,2.256135812613138e-06,0.0023418626094668777,7.753019639050537e-07,0.0004377891686096817,0.00013571511172990157,0.9593430865323829,9.306264908047989e-06,8.752767977868498e-05,0.00010861492101973784,0.0003451702300163286,5.327231152180591e-05,9.466667660835067e-07,0.0018927303749169937,0.010436418710946475,0.00016946405400581512,9.485488218095732e-06,0.0003732662154015275,1.2303349989150815e-06,9.745077323407987e-08,0.02396365691142966,6.438821891061466e-08,1.0010183767258754e-08,3.543690980276741e-06
2,0.00020778794775540415,8.400393868729597e-05,1.93887551336475e-06,0.0023553756103492697,8.733448795570998e-07,0.00040449336475580083,0.00012165057475314655,0.9571743340640709,9.787732145327927e-06,7.829513374101725e-05,0.0001245415021627498,0.0003682392981436803,5.081335236466478e-05,1.1192669730355785e-06,0.0021939687136938468,0.008465112408659617,0.00015722120521015774,8.665107876125446e-06,0.00032213996143843043,1.246851217539133e-06,8.72411596474199e-08,0.02786442115234417,6.141978194822725e-08,9.36841873463319e-09,3.812563904436883e-06
3,0.0002330625952814996,8.078319242867418e-05,1.982517933484466e-06,0.0025135591304479912,8.345129483776656e-07,0.00042747899193114336,0.0001330236789480674,0.9578126752524297,9.1108150131153e-06,7.369895413668233e-05,0.00012446604845044689,0.00036904857044195113,5.302218990923002e-05,9.504346707197226e-07,0.0019451878581112016,0.00864815143021809,0.00017256093025195876,9.511296751285878e-06,0.0003516503685920819,1.1037591016238994e-06,9.003441618911228e-08,0.027034536794730196,6.499806340124578e-08,9.521063423297367e-09,3.436123729579279e-06
4,0.00024297631356848967,8.275289762528855e-05,2.0806878532853905e-06,0.0025023565449641605,8.597526061225732e-07,0.0003973740739653943,0.00013791587653819374,0.9575084063708594,8.942889000987548e-06,7.10421199770253e-05,0.00013059990209322538,0.00038341477781691667,5.900411755025401e-05,1.0141488198067156e-06,0.0018247492422908034,0.008199439991997242,0.00017324750578223008,1.0021501813112981e-05,0.00034640066534402414,1.16878833502214e-06,9.699478313862059e-08,0.027912671223440672,6.363228767532131e-08,9.868610113886737e-09,3.390112077147867e-06
5,0.00023459223327870375,8.23201063415751e-05,2.0865918303999205e-06,0.002897107953220198,9.210957222701363e-07,0.0004419197043911584,0.00013876405480525917,0.9589721542254569,9.184421655739725e-06,7.591405399101976e-05,0.00012967256624558195,0.00038362633274192844,5.7627044966277706e-05,9.843362968848265e-07,0.001879604368833325,0.008772694266016645,0.0001772133809495636,1.0975687420993035e-05,0.00035805139187144997,1.258367665601765e-06,9.431026576321885e-08,0.025369861299623177,7.255373551523224e-08,1.0681384205749152e-08,3.2889712899081685e-06
6,0.0002330625952814996,8.078319242867418e-05,1.982517933484466e-06,0.0025135591304479912,8.345129483776656e-07,0.00042747899193114336,0.0001330236789480674,0.9578126752524297,9.1108150131153e-06,7.369895413668233e-05,0.00012446604845044689,0.00036904857044195113,5.302218990923002e-05,9.504346707197226e-07,0.0019451878581112016,0.00864815143021809,0.00017256093025195876,9.511296751285878e-06,0.0003516503685920819,1.1037591016238994e-06,9.003441618911228e-08,0.027034536794730196,6.499806340124578e-08,9.521063423297367e-09,3.436123729579279e-06
7,0.0002764738316657808,7.91157765165636e-05,2.1236330663400915e-06,0.0024220955482739006,8.315943548257992e-07,0.0003820163239310312,0.00014356988116732812,0.9562806835713673,8.44724091392562e-06,6.562339058251807e-05,0.00014491073409597508,0.00037224160140804656,6.847536761877048e-05,8.926079527209762e-07,0.0018334384816221464,0.008224975184395569,0.00016917696495027926,1.0383667005710865e-05,0.0003669549702267419,1.1883071299293258e-06,9.534525553701832e-08,0.029143073319164527,5.7141964179327924e-08,9.626156986953438e-09,3.1458892134486877e-06
8,0.00014734858624832622,5.697205485043672e-05,7.523493976280356e-07,0.0017753305094164143,5.861620564180702e-07,0.00032275119540486766,0.00018671390997313536,0.9592755278190558,8.049019346804664e-06,4.138887322534188e-05,0.000117803263833014,0.0002419298741615579,5.6487126551370345e-05,5.66632392950659e-07,0.0015135728360373539,0.006010351557907839,8.112877547717728e-05,1.1096661453733871e-05,0.0005919846610623688,8.23503843152995e-07,8.409505029642305e-08,0.029557097503314197,3.3704222039868325e-08,4.2546265096299316e-09,1.615071091447349e-06
9,0.0005891021706765711,5.106904121276966e-05,4.901395496332269e-07,0.002286436815954306,1.6319729845238514e-06,0.0005291585091596495,0.0005979497880158869,0.9216383977805993,1.6882882220160117e-05,1.3053968462707243e-05,0.0003567152969041937,0.0005189073252727886,9.599617514368323e-05,3.8280713839257115e-07,0.0023972294748320017,0.0036303265810298953,8.333751128862013e-05,1.7337230364070037e-05,0.0009962476445153385,4.729140977710219e-07,1.0005343131654011e-07,0.06617687760410179,4.6538752659434933e-08,5.591952331608552e-09,1.844182339567524e-06
10,0.0002330625952814996,8.078319242867418e-05,1.982517933484466e-06,0.0025135591304479912,8.345129483776656e-07,0.00042747899193114336,0.0001330236789480674,0.9578126752524297,9.1108150131153e-06,7.369895413668233e-05,0.00012446604845044689,0.00036904857044195113,5.302218990923002e-05,9.504346707197226e-07,0.0019451878581112016,0.00864815143021809,0.00017256093025195876,9.511296751285878e-06,0.0003516503685920819,1.1037591016238994e-06,9.003441618911228e-08,0.027034536794730196,6.499806340124578e-08,9.521063423297367e-09,3.436123729579279e-06
11,0.000250894080765715,8.382893251819986e-05,2.109424634791492e-06,0.002568884300107022,8.7828740965276e-07,0.00041246169686083914,0.0001393903895892268,0.9563498440362854,9.16511744114832e-06,7.216998388588888e-05,0.0001313435981193807,0.000396376618510415,5.951392855262713e-05,9.853583984440227e-07,0.001935476765133194,0.008832255777273104,0.00017941978754410878,9.89100706139696e-06,0.0003544417981118474,1.1824199833893936e-06,9.543769861252301e-08,0.028205789761213244,6.520564670672839e-08,1.0396702965696175e-08,3.525890552525999e-06
12,0.0003866059214542687,0.00012910063836949195,4.257803913411203e-06,0.0031392616116989926,3.1178867045155007e-06,0.0008831168343896882,0.00017244104622918016,0.9425792753842178,2.098233618949783e-05,0.00011776858116174036,0.00022968068318841248,0.0007581192160871752,7.535842631536358e-05,2.1262001467893877e-06,0.0030929185634000814,0.010680666353399594,0.0002776057863967912,1.1162795187283864e-05,0.00021728682152287552,2.962266051785735e-06,1.2679420682277712e-07,0.0372079128110475,1.291380613126095e-07,2.4990989984254143e-08,7.991109669501953e-06
13,0.00023997771104643096,6.915708639532354e-05,1.3675455473566333e-06,0.001468238135838567,6.724423337392761e-07,0.0001993713627042326,9.230153100394765e-05,0.9563989414367994,6.467611417010947e-06,4.014252139335545e-05,0.00015420368219611156,0.00036468712999842315,4.863011542091445e-05,1.077934190341203e-06,0.00158370574681116,0.004496323766849154,0.00011452163650586457,7.271219160758438e-06,0.00023024110175328828,7.797563259396746e-07,7.230641371599296e-08,0.034478849973376455,3.002944711843086e-08,5.288631453711831e-09,2.9629284398298136e-06
14,0.0002110027242478721,0.00011614178580962933,1.53940200490734e-06,0.004218364461704531,1.3653049039671886e-06,0.00042788858458559724,0.00015019135426163556,0.9534900966815067,8.65753187276409e-06,9.07102055650176e-05,0.00017818375299489712,0.0002832148019242695,7.753353722561307e-05,1.0629735752571122e-06,0.0018775131707252266,0.005956054775504487,0.00016390425165840983,1.6934059236819687e-05,0.0006499735767864285,1.35944056819957e-06,1.2619924923622214e-07,0.032075857362360224,6.639775084706977e-08,9.431085059000225e-09,2.248232892229082e-06
15,0.0002330625952814996,8.078319242867418e-05,1.982517933484466e-06,0.0025135591304479912,8.345129483776656e-07,0.00042747899193114336,0.0001330236789480674,0.9578126752524297,9.1108150131153e-06,7.369895413668233e-05,0.00012446604845044689,0.00036904857044195113,5.302218990923002e-05,9.504346707197226e-07,0.0019451878581112016,0.00864815143021809,0.00017256093025195876,9.511296751285878e-06,0.0003516503685920819,1.1037591016238994e-06,9.003441618911228e-08,0.027034536794730196,6.499806340124578e-08,9.521063423297367e-09,3.436123729579279e-06
16,0.0002034538413575977,7.753172358541174e-05,1.3735718455904242e-06,0.002354603158381697,7.109843001534349e-07,0.00032662500777655786,0.00011266509083806678,0.9558487436090976,7.936576917683458e-06,6.01776902449018e-05,0.00012382008198469653,0.00035561524197460045,4.803376361599406e-05,9.466096628982889e-07,0.002077480306571499,0.007140448271303997,0.000143771842431122,8.447172436417359e-06,0.0003581780896178138,9.103234486507337e-07,7.448657263775666e-08,0.030745278733320697,4.949567062010686e-08,6.936598466165594e-09,3.117390444684513e-06
17,0.00023548161972209643,8.07953499987823e-05,1.9827844476038577e-06,0.002523562356024667,8.44947620209217e-07,0.00042555496020803556,0.00013442827548449862,0.9577563385846763,9.137069162734402e-06,7.270412076679493e-05,0.00012582734436684603,0.00037339302044916685,5.363449339805324e-05,9.559596588672137e-07,0.001930516449989955,0.008550613733388291,0.00017241845101997286,9.594665342047165e-06,0.00035000956889797845,1.1064605977478418e-06,9.053666418558731e-08,0.027187509285194447,6.501259803521709e-08,9.570486176809118e-09,3.425379836216839e-06
18,0.0002225755596920393,8.882526097957033e-05,2.12177124621072e-06,0.002043182053303575,7.465355711865579e-07,0.00041763847696845645,0.00014222822941011284,0.9543214886449992,1.0129312594905577e-05,8.153436614689162e-05,0.00011794879246404392,0.00042555990879770104,5.136991203405238e-05,1.2346751509631983e-06,0.002047400004567765,0.009756839548360768,0.00018693634181222508,9.34992627187647e-06,0.00037727534311236165,1.1086041389893146e-06,1.1146197203959866e-07,0.02968975702131815,7.028622968744697e-08,1.0205525023432835e-08,4.557757332090192e-06
19,0.00021614753904031694,0.00010464181411838962,2.1635654694891746e-06,0.003847862227791239,1.1379811187291476e-06,0.0005929903900504521,0.00015028782091825658,0.9510721270380018,1.2002397507266538e-05,9.89340380792024e-05,0.00011661721603814786,0.00044406812769246114,5.701760658406357e-05,1.0989580883181672e-06,0.0024736148697449534,0.010462577362191394,0.00020692548863851618,9.228531405313027e-06,0.00038598644274279886,1.3496930899847425e-06,8.582885578951495e-08,0.029738951994088263,8.409673267118603e-08,1.2341130932728572e-08,4.0866308814494455e-06
20,0.00020192704127819806,7.714216726826795e-05,1.4608956837658298e-06,0.002253701764752312,7.522952936784716e-07,0.0003746115619155719,0.00011159742074062273,0.9544524557249804,8.953014965383776e-06,6.631673855646774e-05,0.00012987037914913746,0.0003080687789873969,5.103922170257944e-05,9.8681315097211e-07,0.0019943174702209045,0.006309096391530684,0.00013272955535202668,8.323215679771799e-06,0.0003494011496865487,1.0129006339092193e-06,8.077289254120086e-08,0.03316307622054346,5.0639115815632266e-08,7.427159422978069e-09,3.02043876016293e-06
21,0.00025267206517150584,7.977927247995406e-05,2.6369971473802096e-06,0.0024732864106542527,7.392269660970477e-07,0.00028114934053821635,0.00012616830238990033,0.9626449239843579,6.163338356604475e-06,6.249515904597012e-05,0.00011549755498503927,0.0004709719532126639,6.325942072688065e-05,9.836429398887292e-07,0.001428328966498823,0.010500776469919933,0.0002108174288190624,1.047928277757039e-05,0.0002630200473857992,1.2905407429775988e-06,9.437017636632761e-08,0.021001148608674282,5.903471916278352e-08,1.0541557537792826e-08,3.248039756335108e-06
22,0.0002943388572313557,0.00012918991621753916,2.187100525278989e-06,0.0049138977639543325,2.0750164834711644e-06,0.0009573563363791092,0.00045734316873084904,0.9273270075921136,4.0001807753045405e-05,9.014766280173083e-05,0.00017104348047942375,0.0008414659967491423,9.720890936731154e-05,1.494298377000048e-06,0.005405020938953381,0.013948342333216363,0.00014384600475790847,1.053082394621437e-05,0.0007004862642089343,1.769225327198954e-06,1.1469368989623485e-07,0.044456611131483935,1.1347172670725686e-07,2.8156961092446026e-08,8.379048565196792e-06
23,0.0002330625952814996,8.078319242867418e-05,1.982517933484466e-06,0.0025135591304479912,8.345129483776656e-07,0.00042747899193114336,0.0001330236789480674,0.9578126752524297,9.1108150131153e-06,7.369895413668233e-05,0.00012446604845044689,0.00036904857044195113,5.302218990923002e-05,9.504346707197226e-07,0.0019451878581112016,0.00864815143021809,0.00017256093025195876,9.511296751285878e-06,0.0003516503685920819,1.1037591016238994e-06,9.003441618911228e-08,0.027034536794730196,6.499806340124578e-08,9.521063423297367e-09,3.436123729579279e-06
24,0.00019322152318289893,8.843559831822856e-05,1.6304568879362322e-06,0.0029975733835081934,7.857274462207415e-07,0.0003911778024669537,0.00012516104307356914,0.9583091769816974,8.109985166576259e-06,7.379720264185809e-05,0.00011201897229699537,0.0003455914710051178,5.072381888376793e-05,9.283295867303201e-07,0.0018770985635205933,0.00807135827575558,0.00016791129122799362,9.50467346638331e-06,0.00038679746384798664,1.016910819356899e-06,8.336812575953819e-08,0.02678486139729899,6.186085784146193e-08,8.409892197640215e-09,2.9654890249921697e-06
25,0.0010945350462698757,0.002015270429286951,2.1980680131394156e-05,0.014446432192354986,4.273331255790259e-06,0.03891851306021924,0.0005366333720025744,0.1445021454890582,0.0006461540199409557,0.005770336877342096,0.00015899360874919302,0.001227370086766669,0.00014423859062713217,3.5370674984421512e-06,0.35822319204023123,0.20209918046435693,0.0029241860202375235,3.2295205753249836e-06,0.012624929457739048,2.7791550982516132e-06,2.587460011872007e-07,0.21404777775777584,2.910311859151714e-06,9.585504484271755e-07,0.0005801841241736709
26,0.0003663298887022489,9.212840095330873e-05,3.90476784425329e-06,0.003505430098068076,1.48698963423226e-06,0.0007028996316002905,0.00018457144673866596,0.9553763740518477,1.427467122294536e-05,9.762819236579869e-05,0.00016818901633893524,0.0005552378064281072,7.357126829456239e-05,1.2510175507549991e-06,0.002164350262672098,0.011256164753631,0.00024031103493728516,1.3428553605796726e-05,0.00031955094085599336,1.8649823948802625e-06,1.200572121977926e-07,0.02485573647998507,1.243531397964141e-07,2.1668105432792543e-08,5.049665870770617e-06
27,0.0004761364634885921,0.00010844323197767941,2.7730303792543368e-05,0.0022395020352550315,1.295167682255673e-06,0.00012977028179483142,0.00022986819699574826,0.9665951386214401,1.0405521482023027e-06,6.455371887864932e-05,0.00024078380857460018,0.0008983390995647597,8.511282673329296e-05,2.191618560112871e-06,0.0003900102093995856,0.02229308667217237,0.002998030631329152,4.356063447950403e-05,0.00015057088568941953,2.701246044734064e-06,8.311284078223135e-07,0.003016848865556778,2.7489636221701963e-07,1.8675841210543856e-08,4.160227830746178e-06
28,0.0002330625952814996,8.078319242867418e-05,1.982517933484466e-06,0.0025135591304479912,8.345129483776656e-07,0.00042747899193114336,0.0001330236789480674,0.9578126752524297,9.1108150131153e-06,7.369895413668233e-05,0.00012446604845044689,0.00036904857044195113,5.302218990923002e-05,9.504346707197226e-07,0.0019451878581112016,0.00864815143021809,0.00017256093025195876,9.511296751285878e-06,0.0003516503685920819,1.1037591016238994e-06,9.003441618911228e-08,0.027034536794730196,6.499806340124578e-08,9.521063423297367e-09,3.436123729579279e-06
29,0.0002330625952814996,8.078319242867418e-05,1.982517933484466e-06,0.0025135591304479912,8.345129483776656e-07,0.00042747899193114336,0.0001330236789480674,0.9578126752524297,9.1108150131153e-06,7.369895413668233e-05,0.00012446604845044689,0.00036904857044195113,5.302218990923002e-05,9.504346707197226e-07,0.0019451878581112016,0.00864815143021809,0.00017256093025195876,9.511296751285878e-06,0.0003516503685920819,1.1037591016238994e-06,9.003441618911228e-08,0.027034536794730196,6.499806340124578e-08,9.521063423297367e-09,3.436123729579279e-06
30,0.0002330625952814996,8.078319242867418e-05,1.982517933484466e-06,0.0025135591304479912,8.345129483776656e-07,0.00042747899193114336,0.0001330236789480674,0.9578126752524297,9.1108150131153e-06,7.369895413668233e-05,0.00012446604845044689,0.00036904857044195113,5.302218990923002e-05,9.504346707197226e-07,0.0019451878581112016,0.00864815143021809,0.00017256093025195876,9.511296751285878e-06,0.0003516503685920819,1.1037591016238994e-06,9.003441618911228e-08,0.027034536794730196,6.499806340124578e-08,9.521063423297367e-09,3.436123729579279e-06
31,0.00021746779974354688,6.089385871405783e-05,1.9540894841954033e-06,0.0016451809312159529,5.283064545836853e-07,0.0002763232074862115,0.00010362506403929717,0.9681212715512605,5.461725540426547e-06,5.4105431032362266e-05,9.837936513834427e-05,0.0003004954929015888,4.143670322431211e-05,7.36072242371617e-07,0.0011504392484227275,0.007477769033963741,0.00016136481008748626,8.24241321518515e-06,0.00024572639707160974,7.881907680620469e-07,8.28555455760275e-08,0.020025134425709523,4.691190076536303e-08,6.469179749739882e-09,2.5396456577404323e-06
32,0.00022871835371971467,8.23627967679181e-05,1.9154795711039752e-06,0.0025779200676169156,8.319729018103045e-07,0.00042539226367125895,0.0001347674961722889,0.9569703790431373,9.148904983405683e-06,7.471568218960077e-05,0.0001235222424229641,0.0003638366177188785,5.3870094567706135e-05,9.393387552139243e-07,0.0020048062105718144,0.008916429556161079,0.00017265681764446636,9.775631000480511e-06,0.0003862888306292603,1.1045342521352222e-06,9.35487933804182e-08,0.027457029585518992,6.593628303565306e-08,9.705363437933641e-09,3.4192895855862614e-06
33,0.00023168175254514701,8.246977677666632e-05,2.0838216404203977e-06,0.0025068418200344237,8.698996214625478e-07,0.0004607211020932456,0.0001334377720129108,0.9573246102593773,9.89618796403175e-06,8.030797576484577e-05,0.00012565535732117746,0.00036486132775244917,5.183526815033703e-05,1.006815435262213e-06,0.0020891061533916096,0.008809660137503944,0.00017293292844971028,9.426884329902937e-06,0.0003563478388266904,1.1507919659876955e-06,9.202035398617121e-08,0.027181218054087294,6.872874026523549e-08,9.888104942792344e-09,3.707437755749572e-06
34,7.015449120906468e-05,0.00012326622414032132,1.6824513787742364e-06,0.0029888249962065233,5.725261812295343e-07,0.0005739844321942009,8.670421814232398e-05,0.9600740877684134,7.914182553194096e-06,0.0001567718765124279,5.046250308682364e-05,0.00038731634119290126,2.5351638278602178e-05,1.4435466358319825e-06,0.0018254853303750834,0.015266206163499494,0.000225750421916233,6.095677975146598e-06,0.00021684196168717657,1.4203614363500688e-06,6.259802752815247e-08,0.017905156580881328,8.635350715338522e-08,7.70837834344528e-09,4.349646190554945e-06
35,0.0002202729007865374,5.548784570434264e-05,1.4676304914102785e-06,0.001689817004652054,5.445190639790958e-07,0.00034263782946406435,0.0001141581221973539,0.9642639751300854,6.925847007139566e-06,5.350745000223354e-05,0.000105111394877819,0.00030653589652763846,3.9760266854076887e-05,6.370915602251999e-07,0.0012025487671004332,0.007139636556538369,0.0001415368410940751,8.943901191046745e-06,0.0003218887943824189,6.593889842271624e-07,7.616885778982252e-08,0.023981406226505575,4.710102975469807e-08,6.69377087392872e-09,2.410631271027039e-06
36,0.00013729797965137335,7.090619751843325e-05,1.2180823616420985e-06,0.0017376144672397963,3.758943483501313e-07,0.0002677849487200757,8.434189836049293e-05,0.9614799664393258,5.149888537137903e-06,6.0251043219801764e-05,7.176210895923598e-05,0.00031514028437330447,3.56295706277267e-05,6.824404352227784e-07,0.001392519298527007,0.009146645450718577,0.00015430270638602944,5.816229713066982e-06,0.00026591459100651826,7.279852503226402e-07,5.2133064841228596e-08,0.02476338664282003,3.492542842162599e-08,4.6976681316553535e-09,2.474095738348783e-06
37,0.0003872660155977541,8.519255930834769e-05,3.3166200323281545e-06,0.0028616771546292664,1.238605451310434e-06,0.000437169971120237,0.00019508165326274983,0.9567175670549154,1.1078983254407732e-05,6.813866030098074e-05,0.00017548232142074982,0.0005675578662821841,8.300488563720682e-05,1.198248588195971e-06,0.0018099606460942718,0.00919591093573977,0.00021145116807510755,1.348881528211325e-05,0.00032506140001756223,1.494100384902237e-06,1.2235736350172208e-07,0.02684319197446202,8.345647969328822e-08,1.6139155062794784e-08,4.248407145011464e-06
38,0.00025165545244683156,7.953922096422429e-05,2.2338788663254725e-06,0.0025669515030868665,7.020724542940436e-07,0.0005257720540734209,0.00016364504799178245,0.953012548304084,8.96314533895615e-06,8.317938739871883e-05,0.00011512201205636024,0.00036099836711468356,6.52920562095758e-05,7.448160944691433e-07,0.0021402315537127174,0.013622478810124206,0.00021156443015715262,1.0688188085858942e-05,0.00048331994454526526,1.3007653600291244e-06,1.0485042696191191e-07,0.026289406396981657,7.846359045201081e-08,1.128865297370173e-08,3.4679901821203704e-06
39,0.00019020071233205797,5.931638328166476e-05,1.6112851683813848e-06,0.0018719385975596876,5.571480008502969e-07,0.0003364037087394599,0.00010723322345918908,0.9656668250353083,6.345005474685026e-06,5.6421445123638836e-05,9.274414373075136e-05,0.0003063958231276976,3.981270203852711e-05,6.993294351495607e-07,0.0013025484388649042,0.008084998672865744,0.00015117913070579594,8.009027768683182e-06,0.0002695885184292071,8.257781548473678e-07,7.556701760222704e-08,0.021443700757666457,5.102712682719377e-08,6.707862434030201e-09,2.511830757512124e-06
40,0.00024796902424245994,8.304173916372741e-05,2.0967160055878736e-06,0.0025011611105209106,8.674878820206632e-07,0.0004322254810590614,0.00013571796364217985,0.9566835203581107,9.369279858728054e-06,7.379779619640312e-05,0.00012942740397937206,0.0003865973835271409,5.467908019108591e-05,9.904153422418299e-07,0.001995469714641667,0.008639695402433045,0.00017939509167465607,9.456851312808207e-06,0.00034585354285336574,1.1176987130187423e-06,9.22996651563829e-08,0.0280837531337975,6.595082059753264e-08,9.831269915873467e-09,3.629243096490944e-06
41,0.00020988583603782915,7.327976596202256e-05,1.8998234064170784e-06,0.0013171317687951745,4.145655031174136e-07,0.0002476856730735691,0.00013797052292009292,0.9618115541842573,5.688323018870358e-06,5.602939285204614e-05,0.0001081038977253527,0.00036328670685910645,5.852053666368235e-05,9.982659687317001e-07,0.001060961410527512,0.008612104664275814,0.0001696144573401273,1.0695430586270825e-05,0.00034142567205611634,9.333268092044815e-07,1.3167733358352686e-07,0.025408649939071565,4.832209421831943e-08,7.635394572028635e-09,2.9782014677905173e-06
42,0.0013423465175718343,0.00011718504238401275,2.3472611525396017e-05,0.007525010169123037,7.818942048566078e-06,0.0009942297190649412,0.00038925151814068695,0.9690377683582206,5.0918625522523626e-05,0.00018180021187940424,0.0005911908317561297,0.0010313275430817337,0.00010364947759066558,1.0698585338614884e-05,0.0028474887459874524,0.005372715493118184,0.00026896766687761075,8.955654415943384e-05,0.00022940626353959356,4.5745346125860195e-06,4.502728369512596e-07,0.00976543456168206,9.474129008555049e-07,7.166972338395481e-08,1.3718681313643237e-05
43,0.0001410379363515651,7.397226072518953e-05,1.540299828917569e-06,0.0021451357707235634,6.609472044306731e-07,0.0005214922332758098,8.645428613511702e-05,0.9595006177598141,9.36074404014483e-06,0.00011094459753820926,9.110172602239476e-05,0.000223627637292411,3.412471277797232e-05,8.74672931880951e-07,0.0021041950785811504,0.008625894941140477,0.00014167813937368068,7.384987500856492e-06,0.00038005171809785306,1.033030521473709e-06,7.635462830947111e-08,0.025795494126477386,6.150021756659704e-08,7.3505178915241095e-09,3.177188281866266e-06
44,0.0002330625952814996,8.078319242867418e-05,1.982517933484466e-06,0.0025135591304479912,8.345129483776656e-07,0.00042747899193114336,0.0001330236789480674,0.9578126752524297,9.1108150131153e-06,7.369895413668233e-05,0.00012446604845044689,0.00036904857044195113,5.302218990923002e-05,9.504346707197226e-07,0.0019451878581112016,0.00864815143021809,0.00017256093025195876,9.511296751285878e-06,0.0003516503685920819,1.1037591016238994e-06,9.003441618911228e-08,0.027034536794730196,6.499806340124578e-08,9.521063423297367e-09,3.436123729579279e-06
45,0.0005931895078764213,0.00020801765182169347,1.1406606093035939e-05,0.0009495660445270984,5.087818775596124e-07,0.00020378762756644624,4.633746783787376e-05,0.9637663101475742,4.305310225496933e-06,0.00013431447170435948,0.0002418166473695098,0.0007506047070961295,5.3367350125678334e-05,5.458892259659502e-06,0.000609788500747092,0.006720461252491602,0.0007441110483112374,1.5526167467465358e-05,0.00011473680367407328,1.1468330189177095e-06,3.015214851667336e-07,0.024815190467810017,1.2042354143020742e-07,1.6032223687871234e-08,9.609735274115389e-06
46,0.0002247920091221031,7.811245009083731e-05,2.0046021503543823e-06,0.0024454126990010403,8.498596394786643e-07,0.0004446469272233004,0.00013514256415966705,0.9586909174940843,9.818335891761758e-06,7.686444809059311e-05,0.0001261569393252132,0.0003540269198612521,5.2306540239236095e-05,9.951313195552826e-07,0.0019698246503320844,0.008343881645147676,0.00015967194943282602,9.764863014445333e-06,0.00035751422581974454,1.1444705736196024e-06,9.281931198544709e-08,0.026512497865768113,6.619954075647497e-08,9.609306571747527e-09,3.484781553461919e-06
47,0.000229220515188779,7.928512749181765e-05,1.9874549799945415e-06,0.002539812576072874,8.439484181618871e-07,0.00043196103137054773,0.00013221555922555153,0.9586596192512347,9.196912291449388e-06,7.448650012336783e-05,0.00012407279375470915,0.00036090677963957765,5.182331407941782e-05,9.63961667073018e-07,0.0019450073761986626,0.008461746237918209,0.00016912793343404052,9.632204525745312e-06,0.0003502599166350159,1.1044485647247647e-06,9.06508502118187e-08,0.026363145045408785,6.625660906355862e-08,9.45931824084135e-09,3.414744999193508e-06
48,0.0010252020527675837,5.481581471371197e-05,1.5141096109708521e-05,0.003504456054958014,8.66816425869809e-06,0.0016173135205498998,0.0005693967404833399,0.9372260204933204,0.00011242307448987357,0.00010365444948963573,0.0007244221929920193,0.0017303265451451457,0.00024820336294604465,4.197203571346337e-06,0.006811338141973466,0.01536923865022879,0.00010521955924210099,2.8532651952639604e-05,0.00024162400273050136,1.229070045574023e-05,2.2771270087841795e-07,0.03046628042321242,2.1336226151854e-07,1.2901038846971748e-07,2.066501905785529e-05
49,0.0002488177419974059,7.935649274441458e-05,2.327840104582266e-06,0.002565305402898289,8.982071868460371e-07,0.0004864063876236462,0.00014061686540268442,0.9584968429122038,9.419940935713415e-06,7.345084989284387e-05,0.00012678435778744064,0.00040683042138091514,5.74762849717466e-05,9.770006060741743e-07,0.001719213903011112,0.008776819147524945,0.00018728142968116936,9.77420884691141e-06,0.00029219141120989054,1.2780439373299396e-06,9.158360854715097e-08,0.026314340941221037,7.186952476005419e-08,1.0451898266523698e-08,3.4163037993780318e-06
50,0.0007471259858404366,0.00012874980263598905,4.412980960786844e-06,0.005686498746784809,2.1907286559968887e-06,0.0008078976580331792,0.00019803770043803795,0.9352427860384266,1.4539197489078004e-05,7.156814516381664e-05,0.0002836776664308262,0.000980204694211561,0.00010116058376914323,1.1894729064667552e-06,0.004380132832223007,0.01577108311769315,0.00041003629150832276,1.3878533045006989e-05,0.0003193572920441908,2.2184451042416364e-06,1.0430599065017264e-07,0.03482572537456268,1.6339821613162038e-07,3.332689930883926e-08,7.227680966498872e-06
51,9.400543080177569e-05,0.00011183920799081213,8.60579029071171e-07,0.0029398672356578358,4.888147628114831e-07,0.000193173797648821,6.0611652862924576e-05,0.9645041619777329,4.647283119234954e-06,6.780136511446473e-05,7.987582805488888e-05,0.00021537564093871255,3.2871299729029666e-05,1.0299374800221032e-06,0.0013736449023536526,0.0040598135494898735,0.0001099310166103656,6.628124866916756e-06,0.0003033847043457937,6.593850479178114e-07,5.0495715649409615e-08,0.025837467813867636,3.023460558082962e-08,3.311566450969817e-09,1.7764106065357265e-06
52,0.00018135425468821686,6.947935459046902e-05,1.5277429784066877e-06,0.0023942320587077097,6.547146695315033e-07,0.00044566561946699645,9.722118964908616e-05,0.9585597999848989,8.43749348797059e-06,9.176334643773747e-05,0.00011585110709212788,0.00025647776480413345,4.5537966008236755e-05,8.005905651162832e-07,0.0020850014745665553,0.008736218382242845,0.0001438472843076367,9.789359432784138e-06,0.0004390320601775914,1.0986564934542498e-06,7.605784955546745e-08,0.02631324369327933,5.8800959056759766e-08,8.07165318069279e-09,2.822970993392972e-06
53,0.0002345350947880823,6.78999911807588e-05,1.8800166677046736e-06,0.0022370699151655483,8.12619039092075e-07,0.0004267219640467686,0.00016581751786941243,0.9617516486093288,9.69358907111457e-06,5.759222089930141e-05,0.00011983133552711515,0.0004068885058908808,5.0409235659515236e-05,9.210874205241285e-07,0.00172985633061345,0.008295963869054759,0.00015422413431471436,9.744495082122525e-06,0.0003042216263878522,1.046880962791235e-06,9.064521704308942e-08,0.02396971211231184,6.789713984795517e-08,9.067348264527762e-09,3.341239012429356e-06
54,0.00041616251251116434,4.30810464236435e-05,1.781533604556647e-06,0.0037097577424570873,1.3616458503574542e-06,0.0005618021040864706,0.00017112093182117925,0.9658824029761018,8.115044938737931e-06,4.2629301866623144e-05,0.00021662238795432315,0.00023653382643612115,7.05363699401798e-05,5.455902711944595e-07,0.0011573041258303432,0.00401342290608145,0.0001423719276981191,2.078726236670707e-05,0.0003946010407012658,1.012245747251709e-06,1.1449682364540977e-07,0.022906484486734692,8.92838556366391e-08,9.740207659311847e-09,1.349469689795929e-06
55,0.00038359620641828914,8.162870118885024e-05,2.5630910531063866e-06,0.0035583253598913066,1.4629746268662334e-06,0.0005034529101110481,0.0002764646339567815,0.9533650427980452,1.4262964228525713e-05,5.0684919887318924e-05,0.00017264803785872182,0.0008159664864299117,9.042117627122741e-05,1.0099447835620377e-06,0.0018875235835752644,0.010190454430387292,0.00018148954794979292,1.332819841164122e-05,0.0003328087748987282,1.4432844893944242e-06,9.78086470529289e-08,0.02807104933243225,8.393603078170171e-08,1.8159162149029064e-08,4.1727392645232444e-06
56,0.00024068683023594756,8.135611006996757e-05,2.014617881145156e-06,0.002510143365043568,8.446862828119436e-07,0.00042049449119080205,0.00013630133960209704,0.9574066353942223,9.123445512481048e-06,7.225363772509308e-05,0.00012775396587609453,0.0003784267860690293,5.5457926703589016e-05,9.647991167972562e-07,0.0019085088301696127,0.008547246431095718,0.0001740760211332558,9.762480485834535e-06,0.0003533620520390913,1.1221498842649014e-06,9.267347726908063e-08,0.02755985966142787,6.517358165365645e-08,9.766367401847573e-09,3.4373648059943998e-06
57,0.00020377405095892723,9.566764539034181e-05,1.81700830047639e-06,0.002420750025574643,7.134495312947141e-07,0.00032081239834691575,0.000137558071893264,0.9525249543805467,7.82260095964471e-06,7.354051096498642e-05,0.00011205655612530962,0.0003874186453179162,6.586698267094277e-05,9.340993362474829e-07,0.0018603587053702623,0.010114200658139547,0.00017316825500074341,9.172786701711675e-06,0.00045343389963917787,1.1106561895402622e-06,9.992719182248618e-08,0.031031419160152174,4.851883685712177e-08,9.089496799025852e-09,3.291917363850463e-06
58,0.0002728839638480088,9.026305142271259e-05,2.3328972359721282e-06,0.0029729794837134588,1.07782255183044e-06,0.00048482390737871134,0.00015960151637608227,0.9538119699394942,1.1034689619235279e-05,7.917495892311596e-05,0.00014501660364336268,0.000438786360785322,6.655296161506309e-05,1.0773503850978494e-06,0.0022081078361756105,0.009658610624786419,0.0001894924770945894,1.1157893066759015e-05,0.00039220895762592486,1.3958825488471806e-06,1.066236916986239e-07,0.028997274371611998,7.959615071447045e-08,1.3251466272771402e-08,3.976978788921312e-06
59,0.00025565714306699077,8.891375293559432e-05,2.4300319111289238e-06,0.0027495379580386612,1.000877317936817e-06,0.0004758753243429941,0.00014700623389588514,0.9558227957783214,1.0507784575098289e-05,8.309882228252864e-05,0.00013425285894735109,0.0004156953491420398,6.0743888064285945e-05,1.088735038996408e-06,0.0020822127121508343,0.009642761948448389,0.0001898504037392585,1.0335120734929135e-05,0.0003575583972531724,1.3474297061312683e-06,1.0402864171976799e-07,0.02746314784534798,7.629752014583645e-08,1.241875077122745e-08,3.98885982565022e-06
60,0.0002330625952814996,8.078319242867418e-05,1.982517933484466e-06,0.0025135591304479912,8.345129483776656e-07,0.00042747899193114336,0.0001330236789480674,0.9578126752524297,9.1108150131153e-06,7.369895413668233e-05,0.00012446604845044689,0.00036904857044195113,5.302218990923002e-05,9.504346707197226e-07,0.0019451878581112016,0.00864815143021809,0.00017256093025195876,9.511296751285878e-06,0.0003516503685920819,1.1037591016238994e-06,9.003441618911228e-08,0.027034536794730196,6.499806340124578e-08,9.521063423297367e-09,3.436123729579279e-06
61,0.0002671278239963888,8.496376797170617e-05,2.540622769400933e-06,0.0026361806429730785,1.0087063766145476e-06,0.00047572867215134535,0.0001485456673647642,0.9571086607129563,1.0634187208387435e-05,8.15904664544242e-05,0.0001366686474204245,0.00041411355903665044,5.998208612613754e-05,1.0867648436898035e-06,0.0019867529933599456,0.009300356792135082,0.00018737587813988867,1.0526190126107016e-05,0.00034626998466486404,1.313782001431314e-06,1.0602748459197764e-07,0.02673439023172173,7.676742280874402e-08,1.2523741483613887e-08,3.9865015530735384e-06
62,0.0002330625952814996,8.078319242867418e-05,1.982517933484466e-06,0.0025135591304479912,8.345129483776656e-07,0.00042747899193114336,0.0001330236789480674,0.9578126752524297,9.1108150131153e-06,7.369895413668233e-05,0.00012446604845044689,0.00036904857044195113,5.302218990923002e-05,9.504346707197226e-07,0.0019451878581112016,0.00864815143021809,0.00017256093025195876,9.511296751285878e-06,0.0003516503685920819,1.1037591016238994e-06,9.003441618911228e-08,0.027034536794730196,6.499806340124578e-08,9.521063423297367e-09,3.436123729579279e-06
63,0.0002277985290483651,8.667266096177143e-05,1.9452388488550915e-06,0.0025295965048174516,8.268558231357507e-07,0.00041986306936218475,0.00012962868674832472,0.9568921528338352,8.916626298284594e-06,7.654118183318322e-05,0.00012273397258408768,0.00036688701113708657,5.252263653240601e-05,9.640410104714627e-07,0.0019663735278763585,0.00878902730635786,0.00017955516827663224,9.426998392985638e-06,0.0003673553300002634,1.0884206261070003e-06,9.163866412909038e-08,0.02776647252973851,6.489143829358987e-08,9.518714215130416e-09,3.4848210740298847e-06
64,0.00023847816548465238,8.397187804509995e-05,2.1481336814767206e-06,0.0023461013075177025,8.356563303249238e-07,0.00039811417583982087,0.00014049616649569578,0.9582541891526049,8.906644093622434e-06,7.394484473642757e-05,0.0001259854240902766,0.0003736375344810474,5.58913746955576e-05,1.0322522645906222e-06,0.0018272365614567618,0.008639814460413415,0.00017847678937809227,1.005061311595517e-05,0.00036227297717761196,1.1253737987973272e-06,1.0627517216298762e-07,0.026873548876415205,6.584686360197718e-08,9.892373191775383e-09,3.5596234740612727e-06
65,0.00018789144794284417,0.00011530688393368366,3.83072597327798e-06,0.0014769842916630678,8.514342724940375e-07,0.00032920659602176435,0.00012028573597071538,0.9567388929407002,1.4600230938536341e-05,0.00011649048221991053,0.00012065566748711731,0.0005549667273400337,6.100605900171825e-05,2.5426942099577853e-06,0.001861680826459487,0.00917763666883744,0.00014009331850961475,7.042605474614294e-06,0.00019276661139614652,1.971094166598226e-06,1.0171106624161135e-07,0.02876785107313183,5.01785156607628e-08,1.3804122400328594e-08,7.280190644429898e-06
66,0.00023159556108066974,7.604515860482077e-05,2.0851579860074876e-06,0.002311611452197629,7.974151493641531e-07,0.0003792125641811943,0.00013372004185628635,0.9596233638541243,8.364685618645242e-06,6.890763091780214e-05,0.00012394760453548047,0.0003675718582502824,5.8192866702139264e-05,9.123735428924146e-07,0.0017445268281305083,0.008651450209259821,0.00016218722156880237,9.448227677405153e-06,0.0003196914515364224,1.1873825197465641e-06,8.773666105404579e-08,0.025721855286320327,5.597986098717269e-08,9.050640486639985e-09,3.17240107698589e-06
67,0.00022384132696485768,8.170687085059828e-05,2.350544960770525e-06,0.002617360253578277,7.895482081973426e-07,0.0004153739986255679,0.00012583221536873032,0.9603996960655733,8.146845196083304e-06,8.026757249062394e-05,0.00012059666987043005,0.000366051722851986,5.7191969672517996e-05,1.0276253446934453e-06,0.0018459836873752785,0.00946704039019147,0.00018613917865786486,1.0140731022271185e-05,0.0003166070055508894,1.3696985361980824e-06,9.467112924207567e-08,0.023668889122486495,7.131175384851152e-08,1.013246586749533e-08,3.4208412739546015e-06
68,0.0001576293532672483,5.067973062247736e-05,4.165134564921801e-07,0.001009632297867934,2.3582607022162855e-07,0.00012948782704423376,5.6999283334420786e-05,0.9609074277499959,2.3876996618583632e-06,2.6642832004235218e-05,8.19514655906787e-05,0.00012557324851489524,2.469975600503085e-05,2.577482613002037e-07,0.0010604621159766405,0.00446780632590985,0.0001040486292170331,5.381261592671932e-06,0.0004790469255972098,2.1958641320293293e-07,5.2260214927149553e-08,0.031307905726679686,1.5674885346133853e-08,1.88138707787698e-09,1.038280429195677e-06
69,0.00014313423454454918,5.610457396128292e-05,2.199457331664927e-06,0.0015644291367386373,5.257957868292884e-07,0.0002967116481663544,0.00010198694317949328,0.9721608237029306,6.417016039503779e-06,7.140542813442125e-05,9.230819587205868e-05,0.0002850792795639852,4.377760336850979e-05,1.122928702102698e-06,0.0010718322356932932,0.007330709058038131,0.0001224979071905089,9.763083433108298e-06,0.0002110900757590469,1.3439835444755236e-06,9.373117496518417e-08,0.01642394556764258,5.2146143275742495e-08,6.738378879518397e-09,2.6395286817933226e-06
70,0.00028196271959971453,7.533757128899907e-05,2.689231380141376e-06,0.0048974796133882835,2.2286034068303528e-06,0.0005707079225813248,0.0001865258020679314,0.9623396497903145,1.4450710626578424e-05,5.594955060404463e-05,0.00017912431867018173,0.0004983269017508479,6.272578403211543e-05,1.5255956749249566e-06,0.002088245087767045,0.004228061627846633,0.00013399944795992498,1.0332451575314718e-05,0.00016907898257447217,1.6179692405392508e-06,7.346780089236413e-08,0.024196503715953725,8.356435210344259e-08,1.0073130567770862e-08,3.3094964120591724e-06
71,0.00011436389604893658,8.362450328324315e-05,2.512020219821973e-06,0.0018953395034223433,1.1410438393392473e-06,0.00034734544498821586,0.00017695923485085664,0.9687597753411211,1.1998893383980522e-05,8.460277702147127e-05,9.258609783142002e-05,0.000408833022550729,5.292435775478633e-05,1.8258827052157941e-06,0.0013564061009973727,0.009393796292411993,0.00011714483915313007,1.0329485661492924e-05,0.0002009810646668902,2.441637055986995e-06,1.1722577392246768e-07,0.016880956510839516,6.273058719476321e-08,1.0637925892421095e-08,3.921455905222164e-06
