,0,1,2,3,4,5,6,7,8,9,10,11,12,13,14,15,16,17,18,19,20,21,22,23,24
0,0.9799865558123406,0.00011468893215211095,8.066116658817969e-05,0.0001512001619491619,7.990716496493738e-09,3.094079348125348e-09,0.0049830794880767445,0.0006939779106748623,1.5093495732671045e-07,6.965674630051661e-05,8.49460125814696e-08,0.0042845318329541885,3.9753763109576625e-05,1.3611597753253309e-05,2.815778882885823e-09,1.070311946283314e-05,6.995279523397541e-05,0.006537058471752611,8.89745956859147e-06,8.973681446360373e-05,2.3152664589499006e-06,0.00016505213333418395,5.944709961026955e-07,0.0004974306541987188,0.0022002916210867402
1,0.982031282176644,8.601666630096621e-05,9.705744395531355e-05,0.00010668107179286801,7.25741198325263e-09,3.953777565507875e-09,0.005798653671195744,0.0006056320726252948,2.0952491698678468e-07,6.361227682498942e-05,8.801059890282602e-08,0.004058781433551159,4.182050137981669e-05,1.1902633589807348e-05,2.983033961784313e-09,1.4862116691610914e-05,4.893223147027831e-05,0.00472113096532455,9.629847440035001e-06,0.00010775453739832702,1.6717200598952734e-06,0.00013761054647898403,4.463133839064454e-07,0.0004144160622349574,0.0016417939819180032
2,0.9822077657815718,8.560192808235578e-05,8.477445071255853e-05,0.00011019657492456173,6.708514076760702e-09,3.2615986398568305e-09,0.005086062906936951,0.0005686675189874264,1.5889636310598374e-07,5.1897542318263716e-05,8.65856351908992e-08,0.004158782401000806,4.293436343294001e-05,1.1240073724423516e-05,2.50244061887042e-09,1.0660630395094035e-05,5.413253933478618e-05,0.005324191266718232,7.4598657417036985e-06,9.806554596332246e-05,1.4763348410674499e-06,0.00013456778588480432,4.629689094972121e-07,0.0004286396774268532,0.001532161888540926
3,0.982197099320672,8.472568807002834e-05,8.555669212272158e-05,0.00010883101785404717,6.70085273262018e-09,3.116970269361114e-09,0.005028848162334767,0.0005660668361545166,1.5521439309134575e-07,5.055987144316384e-05,8.674044801651629e-08,0.004194080650154934,4.2714470293182345e-05,1.1023445506564896e-05,2.386224097904687e-09,1.0094386277263038e-05,5.373640257393362e-05,0.005393100451890921,7.333791630447615e-06,9.4544644594629e-05,1.4646320058909028e-06,0.00013050738358175826,4.4243641263377556e-07,0.00043575688196669535,0.0015032586755716214
4,0.9813255549012274,9.087148234108784e-05,9.394374852366068e-05,0.00011451483690677037,7.718505717250498e-09,3.5008475872917703e-09,0.005414972882294234,0.0005364766573659296,1.637096777997202e-07,5.1003329890176075e-05,9.340002567294025e-08,0.004534958512388662,5.1706900054017376e-05,1.3383291127053805e-05,2.5259716570719197e-09,1.0313704147910648e-05,5.152407099797342e-05,0.00554543923112805,7.5111919727194404e-06,9.866813855960076e-05,1.4269749755901389e-06,0.0001330471884996448,4.6970141157203207e-07,0.00044243955471636343,0.001481502846443229
5,0.980111281544597,9.430217097319554e-05,8.660367614148663e-05,0.00013680936877064718,7.442826905940438e-09,3.3034778293984667e-09,0.0053443711462026295,0.0006482045800669933,1.5242220577853404e-07,5.845959289599429e-05,9.511158355666213e-08,0.0043497827739824215,4.815538246308244e-05,1.1762434450874322e-05,2.3407241035137344e-09,1.0296306930940922e-05,5.9684203459333345e-05,0.006662706768553914,7.383614710535916e-06,0.00010745959686557514,1.6834696724709157e-06,0.00013582411703925632,5.234778109551592e-07,0.000504859857697986,0.00161958529589668
6,0.982197099320672,8.472568807002834e-05,8.555669212272158e-05,0.00010883101785404717,6.70085273262018e-09,3.116970269361114e-09,0.005028848162334767,0.0005660668361545166,1.5521439309134575e-07,5.055987144316384e-05,8.674044801651629e-08,0.004194080650154934,4.2714470293182345e-05,1.1023445506564896e-05,2.386224097904687e-09,1.0094386277263038e-05,5.373640257393362e-05,0.005393100451890921,7.333791630447615e-06,9.4544644594629e-05,1.4646320058909028e-06,0.00013050738358175826,4.4243641263377556e-07,0.00043575688196669535,0.0015032586755716214
7,0.9812643174022029,0.00010817374624965226,0.00010796413246643543,0.00010564328647861139,6.131560456752632e-09,2.43837659587233e-09,0.006289421742233815,0.0005237959607048554,1.7732403762569062e-07,3.997359277986872e-05,1.129834765707636e-07,0.0038971132085038945,7.559266590088236e-05,1.0098191083698568e-05,2.0213304095055913e-09,6.108051613232778e-06,4.8498453227850306e-05,0.0055612314899166826,5.7916824960202864e-06,0.00010969255514355162,9.070518170698338e-07,0.00010148644430167669,3.1909575023483097e-07,0.0005813992561144678,0.0011621710922329648
8,0.9801298808629353,5.883884841311218e-05,4.159786915286516e-05,2.0903175289002703e-05,5.223852466899678e-09,4.7127017781514765e-09,0.002141094534222312,0.000257208935362477,1.2998497051610642e-07,1.5610574361227065e-05,2.5321769252338804e-07,0.006274678031069469,3.460192051537829e-05,4.19371295216031e-06,2.0601917616178036e-09,3.4500485145611966e-06,7.188258280394544e-05,0.01016446887913156,7.035053162578156e-06,4.676076289725533e-05,8.77972915933347e-07,0.00022942650805192661,1.8059424795859066e-07,0.00022608148873118822,0.0002708324458606509
9,0.9814221187471858,3.42334055707308e-05,1.235551351482403e-05,1.5744536523024315e-05,4.569308585888545e-09,1.2622342158530169e-08,0.00128851661051206,0.00018855414901806174,6.455571364753033e-08,2.6220434301407577e-05,1.6133246313992377e-07,0.006289098160598346,6.699830640230114e-06,5.365395001356289e-06,3.84870458966369e-09,1.2874143018292525e-05,8.85541822370053e-05,0.009557294366413444,1.0637334649023856e-05,2.36228446379077e-05,2.697832962186569e-06,0.000603604197381073,6.082474828195454e-07,6.864358957094159e-05,0.0003423095502494497
10,0.982197099320672,8.472568807002834e-05,8.555669212272158e-05,0.00010883101785404717,6.70085273262018e-09,3.116970269361114e-09,0.005028848162334767,0.0005660668361545166,1.5521439309134575e-07,5.055987144316384e-05,8.674044801651629e-08,0.004194080650154934,4.2714470293182345e-05,1.1023445506564896e-05,2.386224097904687e-09,1.0094386277263038e-05,5.373640257393362e-05,0.005393100451890921,7.333791630447615e-06,9.4544644594629e-05,1.4646320058909028e-06,0.00013050738358175826,4.4243641263377556e-07,0.00043575688196669535,0.0015032586755716214
11,0.9817798255915906,8.750967215207844e-05,8.826458261566679e-05,0.00011146480232497102,6.924791375258459e-09,3.1711903186112732e-09,0.0051711757108489345,0.000568081802968594,1.5850696640905263e-07,5.060493691606333e-05,9.029267832048884e-08,0.004307383263668354,4.702660329461498e-05,1.1429316530361585e-05,2.393043740784646e-09,9.896946361676168e-06,5.423396976442873e-05,0.005551022398669306,7.272605801573347e-06,9.811165554348216e-05,1.4314393289863575e-06,0.00013076199597816538,4.484573234150824e-07,0.0004510648578824189,0.0014727281017662213
12,0.9833815329509755,7.847729267834751e-05,8.796256232162455e-05,9.858522106882325e-05,5.624558352593728e-09,2.69593980893021e-09,0.005281654378741836,0.0005730649468545934,1.7509663562091813e-07,4.691236023526993e-05,8.408552874923058e-08,0.0036263333791962155,3.8896814634025196e-05,8.974608740361891e-06,2.406377576035844e-09,9.56652419223005e-06,4.9369232609268315e-05,0.004546159856148675,7.278429398059381e-06,9.17179136539396e-05,1.3358251828145963e-06,0.00010967351172645004,3.647498762535086e-07,0.00044449892288735474,0.001517370609838286
13,0.9824550645623061,8.188974570871024e-05,8.592536051224873e-05,0.00010435680145873038,6.6849275980277e-09,3.007839973442467e-09,0.004838242748639209,0.0005493828580041583,1.510854266039374e-07,4.671644666338669e-05,8.803950556995206e-08,0.004396068581090195,4.240260661635259e-05,1.108771321149569e-05,2.343050890434819e-09,9.583496726552571e-06,5.402931902382186e-05,0.00523706693757062,7.264656207107641e-06,9.127268430417695e-05,1.4281297918644584e-06,0.00012984620664913978,4.2354822096356796e-07,0.0004164424769131457,0.001441253959631273
14,0.9874327957784347,3.734986698547352e-05,7.15611376835244e-05,6.867099073058089e-05,4.234435524037924e-09,1.902714962992813e-09,0.0031104880017024843,0.00039183747448533684,1.0289555657952147e-07,2.2645473099819494e-05,5.728413794131257e-08,0.004059322322238916,2.153408172481143e-05,7.748310383190779e-06,1.68273669546619e-09,7.597119997933533e-06,4.631108601451009e-05,0.0031212802399226856,5.133722403260981e-06,5.6845578924519904e-05,1.0066296292312726e-06,8.56856699779853e-05,3.185816624269467e-07,0.000252849759169373,0.0011988501752476666
15,0.982197099320672,8.472568807002834e-05,8.555669212272158e-05,0.00010883101785404717,6.70085273262018e-09,3.116970269361114e-09,0.005028848162334767,0.0005660668361545166,1.5521439309134575e-07,5.055987144316384e-05,8.674044801651629e-08,0.004194080650154934,4.2714470293182345e-05,1.1023445506564896e-05,2.386224097904687e-09,1.0094386277263038e-05,5.373640257393362e-05,0.005393100451890921,7.333791630447615e-06,9.4544644594629e-05,1.4646320058909028e-06,0.00013050738358175826,4.4243641263377556e-07,0.00043575688196669535,0.0015032586755716214
16,0.9873680175633618,5.37469697793081e-05,0.00011888193164660324,5.255605829048338e-05,5.3178259898857094e-09,2.019838968719166e-09,0.004008486256584702,0.0004009193945682193,1.9527865400850387e-07,1.995202268138925e-05,7.057931026416495e-08,0.0036644384850549007,4.7123475838645426e-05,7.131636132079464e-06,2.2018922720560584e-09,5.6956653157544235e-06,4.39356518653398e-05,0.0026869275285836118,5.005506957765203e-06,7.79297352449853e-05,5.014469310551871e-07,9.360827340563155e-05,2.2077039535898666e-07,0.0004085375116580229,0.0009361087181826729
17,0.9845755738409492,7.950339516845192e-05,8.411580230343192e-05,7.60267748153659e-05,5.2595415836912036e-09,2.7809013065626245e-09,0.004854134380373172,0.0006052416922563054,2.0672716156560905e-07,5.1964962306953204e-05,7.886767057248676e-08,0.0033020424781432943,3.404574658364379e-05,6.78335502525109e-06,2.7789518682529e-09,1.0110526608360095e-05,5.453111866217015e-05,0.004152236919494834,7.991533512920276e-06,8.7069542943634e-05,1.2971064920773187e-06,0.00012857891740524795,3.0426771426524633e-07,0.0004581492499207366,0.0014300019750938748
18,0.9823773612715767,8.398240575815645e-05,8.338901699555992e-05,0.00010619380913721848,6.493794397319259e-09,3.0081618468124184e-09,0.004901615314301014,0.0005535164324649963,1.5011339925234015e-07,4.9465434231188734e-05,8.448097446337606e-08,0.00416922627233577,4.1840379749432345e-05,1.075171947424002e-05,2.3286920894561512e-09,9.729321369074452e-06,5.4103156730447265e-05,0.005401821306307921,7.113138575705004e-06,9.133681512475591e-05,1.4407750326880212e-06,0.00013019843292675588,4.343991129869204e-07,0.0004328942858564825,0.001493339887916737
19,0.9857478458128066,6.866525471108329e-05,5.4384950797764935e-05,8.029810635054459e-05,3.754750213595748e-09,2.597574752705944e-09,0.004357384183353223,0.00047217565536315727,1.262167442049471e-07,4.626296082613844e-05,6.541527462598389e-08,0.0024829056847083275,2.3195241646875684e-05,6.236398312589799e-06,2.2014278394331648e-09,1.0545106494812275e-05,4.775199837074496e-05,0.004565850752630746,6.145213185919139e-06,7.257087524345546e-05,1.4333156149238626e-06,0.00010050493802565331,4.0666507904670854e-07,0.0003823378219748628,0.0014728988787316892
20,0.9795505411058647,0.00011172023804454296,9.304615683478269e-05,0.00013437142667682903,9.3029285299616e-09,3.4837757172616443e-09,0.00504206922936973,0.0008038217883335734,1.844546675756824e-07,6.606152939278477e-05,9.706158683148539e-08,0.005019304337155707,5.0474129428979664e-05,1.3306342841228537e-05,3.090426890893822e-09,1.0503703182138308e-05,7.664830295943811e-05,0.006466957106306987,9.259340791039117e-06,0.00010957544616368664,1.8725477559288406e-06,0.00021059172764878236,5.437678340833772e-07,0.0005214643774927697,0.001707570002536892
21,0.9788956876631171,0.00020089856294685374,0.00011014712803780752,0.00010765390553469753,1.2132285534274206e-08,1.880072397876792e-09,0.0033045343471090616,0.0037242737455100423,7.077481384630377e-07,0.00010107732244495951,1.0782355915721597e-07,0.0026215506274404957,2.356615279247454e-05,4.104601953146503e-06,8.97706786723924e-09,5.387518832752405e-06,0.00029847926978316384,0.005371923558824706,2.4899587855708905e-05,7.885073083055786e-05,3.3164599888814636e-06,0.0005747389166597554,2.9940832044582404e-07,0.0013522443219383552,0.003195527608955622
22,0.9802887367908101,0.00012783211510805333,0.00012157200691234259,0.00013476118017226237,8.224576728886581e-09,3.105920673221502e-09,0.007155597363778029,0.0006049651318538988,2.677181842463486e-07,7.645326721168535e-05,7.098702550427437e-08,0.0037619278267659226,7.645407394056905e-05,1.2781712789925269e-05,3.2971338446322295e-09,1.0612147108604111e-05,4.6815621595847404e-05,0.004248565818017415,8.010355142837172e-06,0.00010339771801974856,1.1551701076785323e-06,0.00011194515419371426,4.228094002188981e-07,0.0006839588857607178,0.002423681518469586
23,0.982197099320672,8.472568807002834e-05,8.555669212272158e-05,0.00010883101785404717,6.70085273262018e-09,3.116970269361114e-09,0.005028848162334767,0.0005660668361545166,1.5521439309134575e-07,5.055987144316384e-05,8.674044801651629e-08,0.004194080650154934,4.2714470293182345e-05,1.1023445506564896e-05,2.386224097904687e-09,1.0094386277263038e-05,5.373640257393362e-05,0.005393100451890921,7.333791630447615e-06,9.4544644594629e-05,1.4646320058909028e-06,0.00013050738358175826,4.4243641263377556e-07,0.00043575688196669535,0.0015032586755716214
24,0.9771696632374097,0.000120629760707253,0.00010285947325536288,0.00018268983493089695,1.0054515061244935e-08,4.1431489625709415e-09,0.006265760638600427,0.00066202492725257,1.6602101032092258e-07,7.018491346870101e-05,1.0905058320115186e-07,0.005148158739240912,6.759116806991858e-05,1.870442673418608e-05,2.3992997442491617e-09,1.1546891796266737e-05,5.4983085000125996e-05,0.0075471999580828345,8.786012899009076e-06,0.0001307635307799388,1.816973111777676e-06,0.00014962691007925307,6.158207786019706e-07,0.0004905001770108432,0.0017956018522337761
25,0.9841301643507063,0.00010458139608280911,7.8880295568028e-05,8.0500262604694e-05,6.965047907984173e-09,4.731882315447986e-09,0.00484982831478109,0.00036262379437161256,2.067535228008065e-07,6.78696194909489e-05,5.883957678542908e-08,0.0030033852968875474,3.587937118915489e-05,1.2489190068810234e-05,3.806964649532772e-09,1.3521773217803448e-05,4.017020161779815e-05,0.0044517479133806236,7.593755896385357e-06,6.746460830504703e-05,1.4132365948935766e-06,0.00015023484470378146,4.550888965418327e-07,0.0004037108215380524,0.002137204767103459
26,0.9845082666868988,6.677838192877946e-05,8.18093255706731e-05,7.970651854409786e-05,4.848968875807007e-09,1.938209550785955e-09,0.003982375887736823,0.0005173338802669247,1.3255896997061014e-07,3.404313667254091e-05,7.31324320447174e-08,0.003477265601132857,3.7728598054023874e-05,6.228918034490105e-06,1.7803363927645742e-09,5.896066434765895e-06,5.844881131637957e-05,0.005234270488922803,4.616143594244102e-06,7.348433159783406e-05,1.0055445933717651e-06,9.956254080186827e-05,3.0145728296417156e-07,0.0005411673524919141,0.0011894960692068895
27,0.9741562177492745,0.00010447731538139146,0.00011547618052567511,0.00019384122901760804,1.185883503794733e-08,2.954674529438621e-09,0.0068117488582477665,0.0003039844558222317,6.416779313139204e-08,3.645477960747231e-05,1.4443132082122232e-07,0.00810610482627845,0.00011907605317122377,3.067977115450589e-05,1.0499368462634025e-09,6.903855526807612e-06,4.228618975017052e-05,0.00846519264856958,5.204630025326945e-06,8.27738671483246e-05,1.40343046106301e-06,6.45381899406782e-05,5.931202880835398e-07,0.0004473491690404465,0.0009054692182082039
28,0.982197099320672,8.472568807002834e-05,8.555669212272158e-05,0.00010883101785404717,6.70085273262018e-09,3.116970269361114e-09,0.005028848162334767,0.0005660668361545166,1.5521439309134575e-07,5.055987144316384e-05,8.674044801651629e-08,0.004194080650154934,4.2714470293182345e-05,1.1023445506564896e-05,2.386224097904687e-09,1.0094386277263038e-05,5.373640257393362e-05,0.005393100451890921,7.333791630447615e-06,9.4544644594629e-05,1.4646320058909028e-06,0.00013050738358175826,4.4243641263377556e-07,0.00043575688196669535,0.0015032586755716214
29,0.982197099320672,8.472568807002834e-05,8.555669212272158e-05,0.00010883101785404717,6.70085273262018e-09,3.116970269361114e-09,0.005028848162334767,0.0005660668361545166,1.5521439309134575e-07,5.055987144316384e-05,8.674044801651629e-08,0.004194080650154934,4.2714470293182345e-05,1.1023445506564896e-05,2.386224097904687e-09,1.0094386277263038e-05,5.373640257393362e-05,0.005393100451890921,7.333791630447615e-06,9.4544644594629e-05,1.4646320058909028e-06,0.00013050738358175826,4.4243641263377556e-07,0.00043575688196669535,0.0015032586755716214
30,0.982197099320672,8.472568807002834e-05,8.555669212272158e-05,0.00010883101785404717,6.70085273262018e-09,3.116970269361114e-09,0.005028848162334767,0.0005660668361545166,1.5521439309134575e-07,5.055987144316384e-05,8.674044801651629e-08,0.004194080650154934,4.2714470293182345e-05,1.1023445506564896e-05,2.386224097904687e-09,1.0094386277263038e-05,5.373640257393362e-05,0.005393100451890921,7.333791630447615e-06,9.4544644594629e-05,1.4646320058909028e-06,0.00013050738358175826,4.4243641263377556e-07,0.00043575688196669535,0.0015032586755716214
31,0.9809748204396138,9.508047487317017e-05,0.0001048119485594332,0.0001331815315181355,7.59518570831447e-09,2.2945168430406725e-09,0.0048017567316903705,0.0007054095244528291,1.433559048211311e-07,5.142101010249054e-05,7.706450662882653e-08,0.0045116826341739,5.373528902288555e-05,1.13244367229434e-05,1.8060487918899772e-09,7.885623887621844e-06,6.007330102566483e-05,0.0061208823271162605,6.579450982281304e-06,0.00010467641978118476,1.3707226470893496e-06,0.00012332541203884402,3.9493375324909705e-07,0.000575523635818403,0.0015558320360562275
32,0.9824734158995713,8.420160540656779e-05,8.507055632435735e-05,0.0001053584878377013,6.741295022876883e-09,3.2297145944212204e-09,0.004951322875146523,0.0005668744945159719,1.6321633243261216e-07,5.131027276901749e-05,8.660018030157967e-08,0.004183367856000146,4.1053079030009704e-05,1.1031103646995786e-05,2.5205651911831123e-09,1.0550613897940673e-05,5.3990404856005914e-05,0.005205930705015928,7.832215399735141e-06,9.346272130101435e-05,1.508560686269261e-06,0.00013520692620592477,4.3637294647391406e-07,0.0004162336564376102,0.0015215792849168493
33,0.9838824606420904,6.261426455972137e-05,9.08803620995331e-05,0.00010029031993339997,4.891949723609735e-09,2.797226015097388e-09,0.005459373024235378,0.0005209619011306941,1.8988491430906098e-07,4.7338540037090255e-05,7.981713705265461e-08,0.003264018085098233,2.89442167351331e-05,7.942363652580206e-06,2.520444628402364e-09,1.1251576223691642e-05,4.177787515850527e-05,0.003964588446310148,6.860239576727641e-06,8.200110087710883e-05,1.522853817019826e-06,7.82170599124541e-05,3.7006735552477065e-07,0.0004244215180406085,0.0019238856314844183
34,0.9239128559075657,0.00027734359870133866,0.00015581170244134332,0.001225440826675043,3.427730219661757e-08,6.6434775123181035e-09,0.009701467287430895,0.0031176675235444337,8.80815062785181e-08,0.0002406224121482105,2.877924761859381e-07,0.01492919246986861,0.00017787385429711742,4.335258506742539e-05,2.18361288027554e-09,2.3557915550886063e-05,0.00028375561300745633,0.04072786759205305,1.067136553383726e-05,0.0006529387860029493,7.102062566567302e-06,0.0005087434068685324,4.080057805602906e-06,0.0015567139439833873,0.0024425221105126857
35,0.8866863733670419,0.001059638808760417,0.00202636408887632,0.001204922919589717,7.729908253615151e-07,3.604110439844685e-07,0.06405566147934412,0.0005349262940290509,9.890848444035958e-07,0.0005202210763362778,1.1547465161437583e-06,0.02696918372763515,0.002265759279891407,0.0026391823912076556,6.026140522670526e-08,0.0010344482285713755,4.198783084405621e-05,0.0051874702017870025,6.414143568765289e-05,0.0020768692258905036,5.911936556670127e-06,0.000544877433501127,1.8558653880193244e-05,0.0007158015674677415,0.002344362558466673
36,0.9702152458902337,0.00011765346056904054,7.183258951011906e-05,0.00019542862567380954,6.170417022082303e-09,7.919925859425018e-09,0.010439353551545827,0.0006544429711406044,1.6180945493016708e-07,8.475090516658905e-05,2.012906891834215e-07,0.002111101611746429,4.281698436944288e-05,1.0193509430173649e-05,2.593766979227254e-09,1.922776823414333e-05,3.4290808710369584e-05,0.013400086497286358,6.4200539941547245e-06,0.00021644016001645986,2.1031715991833467e-06,0.00010624219600655027,1.0632628973590632e-06,0.0006816062454925904,0.0015893199521234806
37,0.9075051436889848,0.0008607305537506228,0.0003127771134184411,0.0016690619711437758,1.0056340416787406e-07,4.139310585253221e-08,0.02209809957932602,0.013534243285816268,3.638361360363059e-06,0.003059003725319952,3.811721279213561e-07,0.008011466057331405,0.00023057762777637473,3.889437016505184e-05,4.509375853348155e-08,0.0001382797102747167,0.00044988389527569656,0.02101721842548543,0.00010620179321595326,0.001046999662650726,2.8020511556500393e-05,0.0014581665037692168,4.987572880310788e-06,0.0035644742785948193,0.014861563089507247
38,0.9720389072042246,0.00016736634258790676,0.00017720778854842713,0.0003124409130864521,1.7383255452517574e-08,2.633477554707922e-09,0.0046498906020880255,0.0014437675344767514,2.445448504562458e-07,9.280982911665035e-05,1.082273286294322e-07,0.007712969355230548,9.969512905883049e-05,1.9275614493521765e-05,2.182244746079825e-09,7.012769289986974e-06,0.00011521484567967907,0.009231469474563846,1.017077927263635e-05,0.00015624096778056877,2.297258572630721e-06,0.0002016022472531971,4.844795159503824e-07,0.0008509854889010028,0.00270981640510206
39,0.9815258606640551,6.254220015503543e-05,9.635819069864695e-05,0.00013758710506547704,7.973914641868384e-09,3.4113974869917023e-09,0.004638411342315205,0.0008198777345680855,1.647771294912158e-07,5.695674805315758e-05,9.172996413636843e-08,0.005139161527462915,3.36200420737167e-05,1.0891223696262664e-05,2.3592344763014935e-09,1.4598508224606559e-05,6.36196311828024e-05,0.005131517319630098,9.410150487060575e-06,0.00011267048566507798,2.1771116639616796e-06,0.00012323833947693022,5.180329142417643e-07,0.00039937931815382224,0.0016213340728173467
40,0.9870550524652038,5.879993871944084e-05,7.366677485491806e-05,5.482494731281195e-05,5.097832439191261e-09,2.1125225335190786e-09,0.0032571768074327314,0.00027109020405111035,9.99713567302524e-08,1.950443404389163e-05,6.911028841949815e-08,0.0042979943331771745,2.8847686982437825e-05,1.1476444752255376e-05,1.930347678925977e-09,5.700800221683232e-06,3.8926667058594376e-05,0.003379596518451808,5.466102782791868e-06,4.707950721157856e-05,8.663575320566391e-07,0.00010798937730298422,2.7371592142562894e-07,0.0002359099681896228,0.0010495787264491328
41,0.9818801051556115,9.525676989812406e-05,0.00011689298462865388,0.00012557322021709553,8.859860244572923e-09,3.9007302122362674e-09,0.005728485229375089,0.0006046541370660663,2.2542618730421933e-07,6.18543186003548e-05,8.557679446979039e-08,0.00399200298531682,4.7505459753918685e-05,1.4120073474871634e-05,3.155903535181219e-09,1.3011442137118024e-05,4.743154198601042e-05,0.004619086535787428,8.554067909812574e-06,0.00010456361451411801,1.5825410827914414e-06,0.00012782159773657548,4.6222011021826646e-07,0.00048193257114113717,0.0019287766141764516
42,0.9828951145575665,8.555301345521571e-05,8.601930101284425e-05,0.00010854622932762605,6.654421056948364e-09,2.9498042096976897e-09,0.004764821850593287,0.0009656021809920758,2.03118924415451e-07,6.389936246067616e-05,8.460442202964266e-08,0.0040207492969061825,3.0513187883845015e-05,8.86828001328513e-06,3.2258962125868577e-09,1.4236027153840122e-05,7.915078512041234e-05,0.004483564524002699,1.1653559774180829e-05,0.0001198387552885847,1.977287875079554e-06,0.0002057664237281135,4.5292385346265195e-07,0.0004213181049668046,0.001632053794557403
43,0.9765009844300608,0.0001236917775728999,9.075915040996178e-05,0.00017054633809674176,1.1725105445098327e-08,6.143530980849406e-09,0.005947225025662274,0.0011258380443778188,2.6555516179294934e-07,0.00013611432261839714,1.0980143594181283e-07,0.004660511226433065,4.327445886968724e-05,1.2918450371493861e-05,4.510622900337352e-09,2.1758286876236383e-05,8.60740949147321e-05,0.007761299441254679,1.4057737827377536e-05,0.00013933898442862371,3.4631434055272045e-06,0.00025766773369905913,7.589712717966763e-07,0.0006012688864118048,0.002302051759580184
44,0.982197099320672,8.472568807002834e-05,8.555669212272158e-05,0.00010883101785404717,6.70085273262018e-09,3.116970269361114e-09,0.005028848162334767,0.0005660668361545166,1.5521439309134575e-07,5.055987144316384e-05,8.674044801651629e-08,0.004194080650154934,4.2714470293182345e-05,1.1023445506564896e-05,2.386224097904687e-09,1.0094386277263038e-05,5.373640257393362e-05,0.005393100451890921,7.333791630447615e-06,9.4544644594629e-05,1.4646320058909028e-06,0.00013050738358175826,4.4243641263377556e-07,0.00043575688196669535,0.0015032586755716214
45,0.9821171732099228,8.486678964774754e-05,8.48224771317931e-05,0.00010988233522247288,6.696588922437363e-09,3.135902660721855e-09,0.004982772165019073,0.0005626186334320452,1.529664047547066e-07,5.089465323018845e-05,8.66362339043479e-08,0.0042192465727047225,4.2234839519177364e-05,1.1109383494616937e-05,2.3670497838207074e-09,1.015134318559825e-05,5.38226098637869e-05,0.005481779795852809,7.328519609905838e-06,9.439569282060612e-05,1.4910257870907622e-06,0.00013078811021335622,4.471097389380558e-07,0.00043171772346304845,0.0015222052079603972
46,0.9824427543481148,7.973010824435518e-05,8.276995737423786e-05,0.00010660789637336383,6.4985182695783934e-09,2.6582613307176534e-09,0.004383946544376517,0.0006159029219487029,1.4269105326059694e-07,4.5798352892593386e-05,8.728961284317153e-08,0.0044932035126307585,4.1295098186466976e-05,9.511996854689587e-06,2.2518308716105025e-09,8.680313699661882e-06,6.62755936172407e-05,0.005521101463551532,6.8896915834194625e-06,9.210861654417333e-05,1.4693100277422201e-06,0.00013640605794916163,4.2084786547617635e-07,0.0004551756955109303,0.0014097102833777121
47,0.3766949353944324,0.011577828965830733,0.008120265410126183,0.18516438272290098,1.3028791842681936e-05,3.4734868391770767e-07,0.13673450937668458,0.07519594160353651,5.727295326931128e-05,0.04318794467650776,3.427648069019433e-06,0.007402567985953218,0.00796091495307578,0.002754912781733351,8.911026377585118e-08,0.00017975395566176584,0.0002526280768266446,0.04685777376261633,0.00044651965359665974,0.0032164927442479615,0.00015867388455242443,0.00037226769008084573,3.234746767975634e-05,0.02599424459130972,0.06762092845051763
48,0.9820383050127917,4.3199118762537894e-05,0.00016934692942849856,0.00011062439282793445,7.087561238436878e-09,6.825522884095776e-09,0.005274224386627595,0.00020393110879229147,1.6330227548360836e-07,2.9386398517310006e-05,1.1706083520782266e-07,0.004748003039224319,3.983155338084518e-05,1.5898295425664637e-05,1.5321236857521686e-09,1.4019307282843389e-05,1.4253999347131928e-05,0.005211935703164743,3.0933157157322062e-06,0.0001151082617098459,9.77439115850445e-07,3.799083613480765e-05,3.9710242811339674e-07,0.0002862483586542104,0.0016429296323495048
49,0.9810578321610125,7.620568636630885e-05,9.630511055646498e-05,0.00011076326318174054,7.693625049155091e-09,3.4440078767137087e-09,0.004558607743014322,0.0005704650401069996,1.5455336155677348e-07,4.537848046947109e-05,9.657102527184647e-08,0.005609077492443168,4.837548241642474e-05,1.2488079996536093e-05,2.2427975351264325e-09,1.0098399498528646e-05,5.712160575766806e-05,0.005742505386649974,7.406548101246903e-06,0.00010804174687062068,1.4270267931615245e-06,0.00014277469681445935,4.380580428578358e-07,0.0003839907688361516,0.0013604327182541052
50,0.9817762799530844,5.3837177761053815e-05,7.200249360137678e-05,9.225247455755026e-05,5.370522049929433e-09,1.7922606450093666e-09,0.0022616697933402967,0.0004838234722846483,8.398371265115565e-08,1.906604798440162e-05,1.1352791816217366e-07,0.0061726672355314,3.431209751025339e-05,6.1715241587508726e-06,1.5599929565931562e-09,3.773014503225276e-06,9.434033633161425e-05,0.00725718465623825,3.473361936422933e-06,6.984219057535206e-05,1.3494470908281294e-06,9.514815478101719e-05,3.688643044735511e-07,0.0004394120673215457,0.0010628194026965465
51,0.9889839477845513,5.8919026018018485e-05,8.56469365041085e-05,4.490738791523779e-05,5.285004346954689e-09,4.121331165958898e-09,0.0036325234256529377,0.0003768765264993478,2.2126971096568472e-07,4.5289579074972584e-05,5.1140004606642325e-08,0.0026606973856624964,2.9125816987961444e-05,5.8417636865569795e-06,4.7951701109032105e-09,2.506727059778893e-05,5.1481880967427206e-05,0.0018772758245396068,6.904273165430896e-06,9.161100072666763e-05,8.879685589170419e-07,0.00010897293581127022,4.176872255084112e-07,0.000388900690660912,0.0015244182239723084
52,0.9833871748679458,9.206010813696955e-05,0.00012529233668304258,0.00012827360805914588,9.289795436748976e-09,1.4184669581450463e-09,0.00435725841639728,0.0008895900401332033,1.6723647577893907e-07,4.8236792307207476e-05,6.386328729269866e-08,0.005357358378817892,3.506748402986301e-05,1.2934769875545605e-05,2.974861442242616e-09,9.738136606676657e-06,8.230853657826614e-05,0.002429317876420749,1.2935956652045076e-05,6.856362660383708e-05,1.971673888160045e-06,0.0001240193102781297,3.54559148838843e-07,0.000466143658764682,0.0023711550797855447
53,0.981983731359086,8.06995075409493e-05,8.11769503475917e-05,9.624015663904805e-05,4.139512979590891e-09,3.59613925598484e-09,0.007923071434462055,0.0005057467144619737,1.9433152671820776e-07,5.415344898782023e-05,9.411783483363292e-08,0.002497665177885908,4.157819849731716e-05,8.031927661550527e-06,2.809773845006948e-09,1.4334430557582585e-05,4.0124441342766814e-05,0.004552524804203786,6.602455412536525e-06,0.0001275120780485923,1.1340967009069757e-06,0.00010118091734581617,4.930824301186239e-07,0.0004743101904566429,0.0014093896331437094
54,0.9773563205585789,7.888357646541646e-05,9.399113588511666e-05,0.0001508804971080035,1.0469474316725635e-08,2.7563709862777515e-09,0.0038085249307388694,0.00109047890690694,1.492637039822638e-07,4.7065465351804404e-05,1.3400180902839806e-07,0.006122550207871026,5.224619894597007e-05,8.840545737024034e-06,1.9901106880226523e-09,6.626563225137937e-06,0.00011105093479937268,0.008993118327462375,7.904917115389804e-06,0.00011265604973921652,1.917193419109041e-06,0.0001650021437908166,4.730667057781187e-07,0.0006420001845134755,0.0011491701141710694
55,0.9833251314420851,7.293563021100483e-05,7.973411588489485e-05,9.066809889862234e-05,5.309758927293306e-09,2.538823100706305e-09,0.004466502229928456,0.00046842274373452755,1.3981843407699376e-07,3.920181693923928e-05,8.006140165260146e-08,0.004126584723628566,4.2523813739377435e-05,8.848781272128706e-06,1.884345892445053e-09,7.4560824659341595e-06,4.8230190042317756e-05,0.005291707541742496,5.697648241211736e-06,8.283308745206082e-05,1.1248935978543712e-06,0.00010547862554718894,3.401009161152389e-07,0.00041328398415427844,0.0013230648367548836
56,0.9817509050868014,8.851351382095293e-05,8.970505525398876e-05,0.00011123790995249591,7.047161471631659e-09,3.2054926152649088e-09,0.005182328282063767,0.0005652881640735407,1.6086933964756537e-07,5.0303892233663806e-05,9.179447578173119e-08,0.004342585904742233,4.787543828901347e-05,1.1567995812616392e-05,2.442380648455718e-09,9.868844271300026e-06,5.468011919096484e-05,0.005533542770781453,7.32850970326207e-06,9.848822430291452e-05,1.430145252272072e-06,0.0001313278121658615,4.479915818710866e-07,0.0004533936733285258,0.0014689153075276378
57,0.9800150421114966,8.631875414900611e-05,0.00010689001786559084,0.00011095753909419706,9.455932929926106e-09,3.465051929686353e-09,0.004321253860292783,0.000709669907693787,1.8666429647781605e-07,5.907384418070126e-05,8.979489455846301e-08,0.006746700029119593,5.093486671200093e-05,1.3327040528117838e-05,2.5810249295208106e-09,1.1476046788616672e-05,7.166092408692676e-05,0.0054856061777828705,9.923680275732875e-06,0.00010846066943420843,1.7566042876964525e-06,0.00018944406071325074,4.0252289683912717e-07,0.0004020155805106428,0.001498793800889893
58,0.9819721832079188,8.86044467321028e-05,8.826878118799427e-05,0.00010943714679765616,6.8728942845304974e-09,2.953209784721143e-09,0.005004947460961718,0.0005944077564637225,1.5780034709865754e-07,5.0798347653012786e-05,8.890570783469236e-08,0.004164910006309452,4.402470357243617e-05,1.046485402836072e-05,2.4493257144339354e-09,9.383427527080283e-06,5.874162879826363e-05,0.005573466687595278,7.1153815362217384e-06,9.237752005739596e-05,1.4934394570684257e-06,0.00013187969388181879,4.419922889206965e-07,0.0004905929232377996,0.0015062016125104354
59,0.9823623556175406,8.285463002487881e-05,9.140962880971207e-05,0.00010528740844052356,6.547293077471064e-09,2.8114769541710923e-09,0.004957365676921668,0.0005898046911348559,1.539341596456767e-07,4.887619624344201e-05,8.540680650364144e-08,0.004011642936441204,4.260305667693803e-05,9.749880239519897e-06,2.294384034957678e-09,9.4850017923715e-06,5.6867216730554994e-05,0.00545027891089277,6.621305653914006e-06,9.384971372142051e-05,1.4176656735282645e-06,0.00012263144313963162,4.1999617710510875e-07,0.000505441503882473,0.0014507865257428175
60,0.982197099320672,8.472568807002834e-05,8.555669212272158e-05,0.00010883101785404717,6.70085273262018e-09,3.116970269361114e-09,0.005028848162334767,0.0005660668361545166,1.5521439309134575e-07,5.055987144316384e-05,8.674044801651629e-08,0.004194080650154934,4.2714470293182345e-05,1.1023445506564896e-05,2.386224097904687e-09,1.0094386277263038e-05,5.373640257393362e-05,0.005393100451890921,7.333791630447615e-06,9.4544644594629e-05,1.4646320058909028e-06,0.00013050738358175826,4.4243641263377556e-07,0.00043575688196669535,0.0015032586755716214
61,0.982383455269501,8.322150917978172e-05,9.355091208708522e-05,0.0001028019528809542,6.576559676196052e-09,2.8632590234349106e-09,0.0049570543114255934,0.0005765288716731337,1.592010082310001e-07,4.727085477283042e-05,8.827398030515756e-08,0.004181524184288039,4.3253251655267264e-05,1.0056803289592187e-05,2.348434163227466e-09,9.481161776982038e-06,5.598047643089403e-05,0.005302723127345888,6.863535957034815e-06,9.550544679476801e-05,1.4014326772929024e-06,0.00012499904411096427,4.074806883311569e-07,0.00047880685373049973,0.0014448542564926288
62,0.982197099320672,8.472568807002834e-05,8.555669212272158e-05,0.00010883101785404717,6.70085273262018e-09,3.116970269361114e-09,0.005028848162334767,0.0005660668361545166,1.5521439309134575e-07,5.055987144316384e-05,8.674044801651629e-08,0.004194080650154934,4.2714470293182345e-05,1.1023445506564896e-05,2.386224097904687e-09,1.0094386277263038e-05,5.373640257393362e-05,0.005393100451890921,7.333791630447615e-06,9.4544644594629e-05,1.4646320058909028e-06,0.00013050738358175826,4.4243641263377556e-07,0.00043575688196669535,0.0015032586755716214
63,0.9822873659620998,8.996284445257192e-05,8.438933262459662e-05,0.00010617613059350133,6.536655192357663e-09,3.0551501398609174e-09,0.005065363303121319,0.0005593071480256817,1.582429065097892e-07,5.0041394837126065e-05,8.886206683116478e-08,0.003997703593255317,4.3584486320099535e-05,1.0647481845738883e-05,2.4592034813492955e-09,9.553813505116311e-06,5.433422363489951e-05,0.005456416565480885,7.2503015555173886e-06,9.350611324549541e-05,1.4368850623522069e-06,0.0001314048646710003,4.3271032147142684e-07,0.00045351307145946964,0.0014973506179059707
64,0.9818953233262598,8.460356645497561e-05,8.493108536105639e-05,0.00011275557711164665,6.996352299497473e-09,3.1215523436073015e-09,0.004839512781277504,0.0005989349524837623,1.5612768279482283e-07,5.201148023871331e-05,9.334802053328235e-08,0.004371358799028468,3.878697975296364e-05,1.0800945542986026e-05,2.5686167915163343e-09,1.027371691413028e-05,5.939457920097393e-05,0.005574267911294904,7.772343136542314e-06,8.855868735890959e-05,1.7948957831095997e-06,0.00013048762944919992,4.6142539293591067e-07,0.0004474346987502847,0.0015902724569824918
65,0.9846077990283136,8.704179243089324e-05,8.415711219988656e-05,8.694251776909307e-05,4.938768772025096e-09,2.0286934319421007e-09,0.005321608723826657,0.0005550141510785061,1.6673098323653657e-07,4.115532631610661e-05,7.398027828485859e-08,0.0029950068306460504,4.0670703646895364e-05,7.96115120764381e-06,2.3527269681588857e-09,7.343414624581922e-06,5.021511077199404e-05,0.003997695941262503,6.430787463145455e-06,8.030754919728428e-05,1.0541793110571093e-06,0.00010726590588597765,3.209891876718922e-07,0.0005079935090412942,0.0014137652443685738
66,0.9839314233226703,7.874370518585553e-05,7.392575497755192e-05,9.257878883198983e-05,5.9313943271972935e-09,2.3917896669163274e-09,0.00400291771308529,0.0004941724414884309,1.2265085971180292e-07,3.79047275256066e-05,8.129081692631579e-08,0.0037879049122670856,3.273277832531328e-05,8.979795037086094e-06,2.3229353157923697e-09,7.074191271184601e-06,6.018865992705594e-05,0.005292031671587523,5.730952964360173e-06,6.524661115781516e-05,1.4501536834119563e-06,0.0001191834350032258,4.178542916493058e-07,0.0004595415922676499,0.0014476363506554805
67,0.9817514638290661,8.329188521188448e-05,8.935740193596555e-05,0.00011461316069461874,6.779587829440503e-09,3.3978529386895843e-09,0.005271388862913287,0.0005469317779563352,1.5568491708407543e-07,5.052633923069649e-05,9.030991420967472e-08,0.004324156429765418,4.492188526453309e-05,1.190169035263534e-05,2.4003693323674316e-09,1.109114459591376e-05,5.1766001206654905e-05,0.0054641316310886775,7.245082649112698e-06,0.0001044346516503551,1.4585864344276968e-06,0.0001271007251573527,4.81506971512471e-07,0.0004215094884864307,0.00152196934672665
68,0.9821650938192488,9.304066880043387e-05,0.00010533142839284566,0.00011658762349569666,8.59423050407304e-09,3.134464123479888e-09,0.00583339089533866,0.0005818449845849843,1.7387677240276846e-07,5.361620852955003e-05,8.351336644625718e-08,0.004333945005904067,4.98096252621142e-05,1.5096739450146524e-05,2.6136798232307342e-09,1.095531801448423e-05,4.863176477741925e-05,0.004400704237639445,8.755448720850558e-06,9.015715752391297e-05,1.4294567384517796e-06,0.00013101938377984383,4.3312339283577003e-07,0.00044167881677340253,0.0015182065611188218
69,0.9828181022567314,7.940533668129634e-05,7.782948519500711e-05,9.319654978652248e-05,7.280474336983502e-09,3.1403599799178974e-09,0.004569181038368038,0.00047588201645923416,1.3362727212703513e-07,4.072677370973935e-05,9.164118447551834e-08,0.004655945243542429,4.06546788292142e-05,1.2426124034119375e-05,2.3828235820824012e-09,8.541060533928988e-06,5.14308396850585e-05,0.005229645769609251,7.198982188416818e-06,7.246617726679657e-05,1.403117740713243e-06,0.0001375556305372586,4.317523416638755e-07,0.0003739098936358061,0.0012538292010097827
70,0.9817659838029312,9.610228328278212e-05,6.541847881566904e-05,0.00010717050282586836,6.3105879516528016e-09,2.687534426550268e-09,0.00474524943953002,0.0009571124745898925,1.7356941381233906e-07,7.061624337894723e-05,9.565518101659222e-08,0.00320952535178731,3.394822011166065e-05,5.737336848866125e-06,2.7689973058973294e-09,8.94552116361184e-06,8.635879495760665e-05,0.00650132078497925,8.307583519991204e-06,8.5141633496142e-05,1.9991594660073997e-06,0.00015568397614554988,4.3787241996123276e-07,0.0006882644313201124,0.0014063951167152431
71,0.9796545302814155,0.00018234914554737688,0.00013842879619674857,0.00014208378745335194,1.9773923331663623e-08,5.871356651423311e-09,0.004772599607943212,0.0007360397890184498,3.747386433810346e-07,0.00011247229289895625,1.0047217095944681e-07,0.004847999239902873,6.045524375940693e-05,2.0710554235093827e-05,4.856477014803112e-09,1.10788911943881e-05,6.807869146330145e-05,0.005792446367997314,1.3582110130076704e-05,7.24775362458022e-05,2.363179445016136e-06,0.0002391736723298875,4.602909713695485e-07,0.0005990070143196212,0.002533157794960915
