,0,1,2,3,4,5,6,7,8,9,10,11,12,13,14,15,16,17,18,19,20,21,22,23,24
0,2.4310473838285483e-06,9.723372767627003e-07,6.24613827902948e-07,0.0017490412256301944,1.019471611862649e-05,8.24011056095341e-07,6.556555680473147e-05,0.9653793334654017,1.1928935382663525e-05,0.013001785122350167,1.1044018122399163e-06,7.933786054417963e-07,6.367570709654392e-10,1.4442712859905922e-07,8.020929330043758e-06,0.001424261477065522,8.485369211253324e-06,4.101621531309833e-06,0.003545106210009821,1.6428498194957757e-05,0.014479124964171612,5.789254297859043e-05,5.4758388023011095e-05,1.931722685930246e-05,0.0001577588970884221
1,2.0014148536215706e-06,1.30554515503878e-06,4.427149713851252e-07,0.0018002176167069008,7.766703238454404e-06,5.609725584000966e-07,5.971348363901676e-05,0.954044594082463,1.2196196596938278e-05,0.018021045918865688,6.633070385621519e-07,5.538607611033571e-07,4.444615985746745e-10,1.521212236649249e-07,8.53410077472313e-06,0.0013485025001522737,7.669114901713467e-06,3.1324446848670265e-06,0.005068341849607465,1.1760579419547157e-05,0.01923237487052827,6.49743297787371e-05,4.5576851250387276e-05,1.4732303495596881e-05,0.00024318667287303553
2,2.5942666857226216e-06,1.6383977161796178e-06,3.7660284625709935e-07,0.0019965093742675298,8.592386928928978e-06,5.954659969781099e-07,5.3966343979641264e-05,0.9551260700626982,8.417335094771202e-06,0.015517126410497831,7.763120273627496e-07,7.061987416567291e-07,4.936876213549934e-10,1.7714729221468e-07,1.1152874397407254e-05,0.0012850635458223135,1.3963074280643068e-05,4.250706216480551e-06,0.004200506039131393,1.1775663484396376e-05,0.02128236977948555,0.0001018025027954408,8.458885845141009e-05,1.8128344888248447e-05,0.0002688518125860851
3,2.350217732797022e-06,1.4844819547700191e-06,4.0468336888368537e-07,0.002141097601406872,8.105984888948521e-06,5.12730957710267e-07,5.4113732274559066e-05,0.9564689634639042,7.891320274217159e-06,0.015418656630931178,7.838726873815591e-07,7.00205708138013e-07,4.878468027974362e-10,1.5687521879352882e-07,7.333047304090212e-06,0.0009995578075999783,1.0986427206184881e-05,4.964606731079627e-06,0.0036723595318535612,1.1591007726056123e-05,0.020780202580566415,7.522762911285651e-05,6.196014865931531e-05,1.880886705614708e-05,0.0002517860570290858
4,2.497451249216601e-06,1.6248974015009443e-06,4.71221148998856e-07,0.002290502832768273,9.435203077340292e-06,6.041556366660498e-07,6.12546112650334e-05,0.9539534638733193,8.774897957152012e-06,0.016366752319630574,8.884906452676597e-07,7.807984181726365e-07,5.977782043366002e-10,1.900410794658969e-07,8.178339596835045e-06,0.0010961302429106192,1.1375633634212865e-05,5.348838747801103e-06,0.0038688647004020095,1.272961273319121e-05,0.02187511785101817,8.000313575528573e-05,6.833101760700917e-05,2.0406861860884124e-05,0.00025627237435886865
5,2.0738405798145605e-06,1.4575971903981366e-06,3.6214147491069005e-07,0.0023954956179370987,7.85969306765964e-06,4.5358423430744275e-07,4.9189043274579754e-05,0.9575766529284802,6.2815468107188515e-06,0.015184770561564545,7.702687256022544e-07,6.689161108357673e-07,5.07246528713522e-10,1.4295839135665422e-07,5.692767569785882e-06,0.0008168851317443131,1.120807459824151e-05,5.967889582081848e-06,0.0029902350645058555,1.166846462018528e-05,0.020552058283151896,6.84276524740359e-05,6.291808152583189e-05,2.0192755204900598e-05,0.00022856662993452404
6,2.350217732797022e-06,1.4844819547700191e-06,4.0468336888368537e-07,0.002141097601406872,8.105984888948521e-06,5.12730957710267e-07,5.4113732274559066e-05,0.9564689634639042,7.891320274217159e-06,0.015418656630931178,7.838726873815591e-07,7.00205708138013e-07,4.878468027974362e-10,1.5687521879352882e-07,7.333047304090212e-06,0.0009995578075999783,1.0986427206184881e-05,4.964606731079627e-06,0.0036723595318535612,1.1591007726056123e-05,0.020780202580566415,7.522762911285651e-05,6.196014865931531e-05,1.880886705614708e-05,0.0002517860570290858
7,2.3859703148727173e-06,1.8404700007747599e-06,5.394684811495415e-07,0.002305605696180483,6.947577341058174e-06,4.0249935087017943e-07,7.078783941214878e-05,0.9666070694824858,9.871666708080854e-06,0.013168319334632998,1.0145108650574503e-06,6.000735199369051e-07,8.185543774614197e-10,1.3580256455306682e-07,5.834478333357219e-06,0.0006218740269148743,1.0026030440769087e-05,5.4141911374892396e-06,0.002886266295862145,1.4766366059947842e-05,0.01394166087827922,5.529745002624467e-05,4.482059385150727e-05,2.6229444040158246e-05,0.0002122890346419811
8,5.711794718286313e-06,4.021679281574474e-06,8.390005424316543e-07,0.0033725798031622027,5.575875452852128e-05,2.5232607908649277e-05,0.00019592480800329536,0.8422158266333265,3.079209736118854e-05,0.025267163160009896,3.0274330103532252e-05,5.891383284945853e-06,1.4340529437857843e-09,1.2961491247979564e-06,4.1387095903093527e-05,0.004134778988713174,1.2529392007799546e-05,4.503762781872825e-05,0.021322492221601506,4.5671329319648e-05,0.10221324905395576,0.0005351859515821503,0.0002665284515348405,1.0242027389198597e-05,0.0001615842247654957
9,3.5856906049005778e-06,1.8982201314208917e-06,3.6396878974948683e-07,0.002288291801789209,1.5943433198088586e-05,1.8658048457583186e-06,6.549434517582539e-05,0.9210606169736705,8.898428464471998e-06,0.0199723846051144,1.9316127253093023e-06,1.4874060244192269e-06,4.655089074721168e-10,3.2950031557685496e-07,1.626452536229992e-05,0.0021890937016418987,1.5842331185213495e-05,9.31813978579659e-06,0.007575740671878745,1.2809837465754634e-05,0.04614121377958911,0.00019927888127660963,0.00014772129734400255,1.3465083971502832e-05,0.0002561594941402044
10,2.350217732797022e-06,1.4844819547700191e-06,4.0468336888368537e-07,0.002141097601406872,8.105984888948521e-06,5.12730957710267e-07,5.4113732274559066e-05,0.9564689634639042,7.891320274217159e-06,0.015418656630931178,7.838726873815591e-07,7.00205708138013e-07,4.878468027974362e-10,1.5687521879352882e-07,7.333047304090212e-06,0.0009995578075999783,1.0986427206184881e-05,4.964606731079627e-06,0.0036723595318535612,1.1591007726056123e-05,0.020780202580566415,7.522762911285651e-05,6.196014865931531e-05,1.880886705614708e-05,0.0002517860570290858
11,2.383129646648268e-06,1.5266777675370704e-06,4.2067626878925344e-07,0.0021771165974104312,8.09145854405058e-06,5.032789493532283e-07,5.562891478556e-05,0.9575767833932666,7.95382344050866e-06,0.015221132239110171,8.039074363943338e-07,7.120974653569916e-07,5.395371370684765e-10,1.584611480571499e-07,7.178847347636746e-06,0.0009646216615086031,1.1323423109596013e-05,5.136318223972236e-06,0.0035343853405003533,1.2123063922838338e-05,0.020008312481172397,7.450974695136175e-05,6.195436304949057e-05,1.9907063589337556e-05,0.0002473324958479074
12,4.655446794272166e-06,3.3881157435104223e-06,3.810676053081638e-07,0.005061662433650067,3.358561296336756e-05,1.665081478698674e-06,4.0867389319335796e-05,0.8954321530277505,2.0339720837546996e-06,0.029512006498629024,1.21640180808013e-06,3.112999443674391e-06,1.0278479992097357e-09,8.055797493678759e-07,8.153829693375927e-06,0.0022027395735755412,4.7564626309452706e-05,3.101116867027724e-05,0.003367200971001135,1.4649324555807083e-05,0.06299858754651617,0.0003718698176075717,0.000486856866438995,2.9295845860400616e-05,0.0003445357749040834
13,2.309774876655057e-06,1.660041841766657e-06,3.7013557872135926e-07,0.002268548853449382,7.70672153865136e-06,5.456023618043823e-07,5.922066337005799e-05,0.9536704982350191,7.813046634266428e-06,0.019470666797067077,6.70769458984262e-07,5.665421728194999e-07,5.2428488053523e-10,1.4620836835456542e-07,6.958043037324563e-06,0.001111358092195458,1.0157468467784567e-05,5.441063719179834e-06,0.0034865734391202018,1.240685447837088e-05,0.019448661644956983,7.374268825093533e-05,6.642446151631914e-05,2.1564001659487457e-05,0.0002659883265756214
14,1.989128413020791e-06,1.8960927849861717e-06,4.059409562916322e-07,0.0023752795718337332,9.077675702456091e-06,5.780506812087404e-07,5.710082014593616e-05,0.9510542212814039,8.65175314975994e-06,0.020145298398471668,8.330932112733097e-07,5.679978157634665e-07,5.622857030060021e-10,1.5545826897482262e-07,7.055586076545321e-06,0.0009510780937351664,9.707931061335011e-06,5.522181200070159e-06,0.0035683552414182422,1.2234749343465276e-05,0.021394741579803707,7.205678497119361e-05,5.883170141746089e-05,2.143681906446525e-05,0.0002429235067836155
15,2.350217732797022e-06,1.4844819547700191e-06,4.0468336888368537e-07,0.002141097601406872,8.105984888948521e-06,5.12730957710267e-07,5.4113732274559066e-05,0.9564689634639042,7.891320274217159e-06,0.015418656630931178,7.838726873815591e-07,7.00205708138013e-07,4.878468027974362e-10,1.5687521879352882e-07,7.333047304090212e-06,0.0009995578075999783,1.0986427206184881e-05,4.964606731079627e-06,0.0036723595318535612,1.1591007726056123e-05,0.020780202580566415,7.522762911285651e-05,6.196014865931531e-05,1.880886705614708e-05,0.0002517860570290858
16,2.238102897592933e-06,1.6047752774592588e-06,2.9530428385153834e-07,0.002413644927962327,7.494690828325404e-06,5.454378476278097e-07,5.058665866157816e-05,0.938354424130292,5.4866059287504725e-06,0.020820081114152036,7.520688362141042e-07,6.978606693557241e-07,3.7508263885642036e-10,1.6337704602880598e-07,5.991681282628802e-06,0.0010828973450193425,1.140458186097872e-05,7.173147265958564e-06,0.00356755852404849,1.0355024911074097e-05,0.03322516609042982,8.686350944756262e-05,7.033398793278088e-05,1.729049517741921e-05,0.00025695018285819396
17,2.2604898808178e-06,1.5396900957684234e-06,3.863303175313053e-07,0.0018713246050653504,8.003486737256189e-06,5.485807132768077e-07,5.5711830859056776e-05,0.9556073936837522,8.993435501648885e-06,0.016543950868808725,7.803847378725358e-07,6.112705484961863e-07,4.502265586991918e-10,1.3989867923403817e-07,8.615572423050097e-06,0.0010894987731536725,1.0256852712179444e-05,4.318531826759149e-06,0.004108806329376844,1.1068554707161128e-05,0.020270123340765344,7.668049262637222e-05,5.744978418843721e-05,1.8553789401010786e-05,0.00024298297289537685
18,3.538757196095289e-06,1.7826162749281248e-06,3.927206028033496e-07,0.0020501922361554807,6.349350154587635e-06,3.125756812519444e-07,4.7661853287304804e-05,0.9576122163017025,5.4104665928655475e-06,0.014816020956350633,6.022622049690253e-07,9.201765475305887e-07,5.242623098743752e-10,1.4189498673314576e-07,5.6874338884055976e-06,0.0007622900756622753,2.0252450314591977e-05,7.046006395445048e-06,0.002920518203327589,9.370291827261737e-06,0.021220987274581972,9.544676776041988e-05,6.218245139250349e-05,2.6235468212185574e-05,0.00032444088463726536
19,1.5885575856000342e-06,1.2951909518789923e-06,5.27516338179237e-07,0.0022223806658627212,1.064398969205756e-05,4.62120661496221e-07,4.053665010182359e-05,0.9595932270161405,9.099223033741714e-06,0.01556579619737305,6.870131719011355e-07,7.386810855766088e-07,5.586539441642695e-10,1.6499751004978974e-07,5.6341482582540645e-06,0.0007765121838441649,9.418631611113658e-06,3.891933504529805e-06,0.0033251677205186074,1.1434365484348041e-05,0.018090399322632907,6.34952812001186e-05,4.130754024992898e-05,1.625679331823354e-05,0.00020933370121554507
20,1.622225118791122e-06,1.2096760472351119e-06,3.020321626318073e-07,0.001536659521431427,7.0420692847426e-06,3.1139880744826213e-07,3.387038330356465e-05,0.9644771802813273,6.074368144308035e-06,0.012209261400737295,5.41486415726304e-07,5.64348818622755e-07,3.409027793447532e-10,1.0972864584601837e-07,6.509418966603311e-06,0.0006570350592650353,1.1924643557997657e-05,3.3186369989958156e-06,0.0031256068099350357,8.099792566175268e-06,0.01758995035883478,8.336364155885682e-05,4.4977429040598235e-05,1.5298949032211963e-05,0.00017916599909618736
21,3.605708848728454e-06,1.5750961340473385e-06,5.83761694706633e-07,0.0031517655381487013,1.035018077766474e-05,8.38831276978688e-07,8.27846499220914e-05,0.9427534072256166,7.671641486195133e-06,0.020159479353410177,1.0405202162521267e-06,1.198192325780043e-06,7.693800404082891e-10,2.639120783302246e-07,7.629066943946203e-06,0.0018708729807828445,1.2176426894435562e-05,7.439281646248774e-06,0.0037391368334806045,1.74606939823247e-05,0.027655500502989785,7.370103590547065e-05,0.00010347453616403027,2.3099197656815903e-05,0.00031494406223742615
22,1.79005501659267e-06,2.4435380559751713e-06,3.8132612172154284e-07,0.002332786751100163,8.154984497009328e-06,3.473704529602974e-07,6.179414478342399e-05,0.9612173637359893,1.4551521609335863e-05,0.018962325980110373,4.790692441365635e-07,3.2981512904853884e-07,6.858620719950598e-10,1.3713403039360432e-07,1.1653331751078872e-05,0.0007324168689477688,7.961698457669464e-06,2.1261075950073226e-06,0.004636644560944335,8.775325762244315e-06,0.011470835021068129,5.201794598153461e-05,5.207555726017735e-05,2.3358575051941946e-05,0.00039924889517748606
23,2.350217732797022e-06,1.4844819547700191e-06,4.0468336888368537e-07,0.002141097601406872,8.105984888948521e-06,5.12730957710267e-07,5.4113732274559066e-05,0.9564689634639042,7.891320274217159e-06,0.015418656630931178,7.838726873815591e-07,7.00205708138013e-07,4.878468027974362e-10,1.5687521879352882e-07,7.333047304090212e-06,0.0009995578075999783,1.0986427206184881e-05,4.964606731079627e-06,0.0036723595318535612,1.1591007726056123e-05,0.020780202580566415,7.522762911285651e-05,6.196014865931531e-05,1.880886705614708e-05,0.0002517860570290858
24,3.999162717807684e-06,1.0360508633231055e-06,4.6595387015879694e-07,0.0009165098987286181,5.933534034592141e-06,4.1407838596724156e-07,5.7374059901698175e-05,0.9668491196448528,1.1664559943977879e-05,0.010312411233644347,7.14327640978106e-07,6.807577818639333e-07,3.1078892242700656e-10,8.436024977592027e-08,1.4006630175235067e-05,0.001317580974014944,1.6012927196446406e-05,2.5740559608942486e-06,0.004165271213525651,7.299719557146903e-06,0.01592716079175376,8.095786748103151e-05,4.983469512980765e-05,2.354890909947067e-05,0.0002353442827006385
25,9.447536483846101e-06,1.0505130990603227e-05,8.629063704672002e-07,0.0031293743124691004,3.7593800576005666e-05,9.892036412700725e-06,0.00016267967499691,0.7309612934442415,4.7303469987398735e-05,0.13778177897886604,1.3660008278139117e-06,9.82145436375972e-07,7.742289043430362e-10,8.020328159641841e-07,0.00012172682119078975,0.012366075159594167,1.921142601988775e-05,1.2249885017370715e-05,0.015860269934046725,1.3385427003937195e-05,0.09612446182512262,0.00039533638769254277,0.0003871816685521865,4.874091492851291e-05,0.0024974783061272885
26,3.2664954200744693e-06,1.4423454770384337e-06,4.5252242516225995e-07,0.0017583337561843106,5.64941561291373e-06,2.729944122350973e-07,5.325281713370002e-05,0.9710346981647681,6.239329403840455e-06,0.010889525914881008,6.783533038959196e-07,6.710407675083755e-07,6.311330502696097e-10,9.049946433550754e-08,4.9841923596210534e-06,0.000574265260670556,1.6267966736509284e-05,6.124271759854751e-06,0.0021113759896928008,1.0363893828631067e-05,0.0131652488755936,5.950967694167357e-05,4.807015053382156e-05,3.531925006807613e-05,0.00021389619142784958
27,4.6515462575161334e-06,4.0313329600632776e-06,1.379924020222679e-06,0.028730739850908293,8.683942095147633e-05,1.6913347678066234e-06,0.00017371020938403928,0.8332144489676269,2.1553499894744595e-06,0.02875101492798228,8.90025256030366e-06,5.8901355325899e-06,6.742740497862257e-09,1.8863980679550522e-06,2.522470938684116e-06,0.00122749549918649,2.5562784715783855e-05,7.279300743916218e-05,0.003149266241939546,1.8770075028083208e-05,0.1036880950253467,2.9599592044296542e-05,0.0005175698758927113,7.630929162010354e-05,0.00020466974209910305
28,2.350217732797022e-06,1.4844819547700191e-06,4.0468336888368537e-07,0.002141097601406872,8.105984888948521e-06,5.12730957710267e-07,5.4113732274559066e-05,0.9564689634639042,7.891320274217159e-06,0.015418656630931178,7.838726873815591e-07,7.00205708138013e-07,4.878468027974362e-10,1.5687521879352882e-07,7.333047304090212e-06,0.0009995578075999783,1.0986427206184881e-05,4.964606731079627e-06,0.0036723595318535612,1.1591007726056123e-05,0.020780202580566415,7.522762911285651e-05,6.196014865931531e-05,1.880886705614708e-05,0.0002517860570290858
29,2.350217732797022e-06,1.4844819547700191e-06,4.0468336888368537e-07,0.002141097601406872,8.105984888948521e-06,5.12730957710267e-07,5.4113732274559066e-05,0.9564689634639042,7.891320274217159e-06,0.015418656630931178,7.838726873815591e-07,7.00205708138013e-07,4.878468027974362e-10,1.5687521879352882e-07,7.333047304090212e-06,0.0009995578075999783,1.0986427206184881e-05,4.964606731079627e-06,0.0036723595318535612,1.1591007726056123e-05,0.020780202580566415,7.522762911285651e-05,6.196014865931531e-05,1.880886705614708e-05,0.0002517860570290858
30,2.350217732797022e-06,1.4844819547700191e-06,4.0468336888368537e-07,0.002141097601406872,8.105984888948521e-06,5.12730957710267e-07,5.4113732274559066e-05,0.9564689634639042,7.891320274217159e-06,0.015418656630931178,7.838726873815591e-07,7.00205708138013e-07,4.878468027974362e-10,1.5687521879352882e-07,7.333047304090212e-06,0.0009995578075999783,1.0986427206184881e-05,4.964606731079627e-06,0.0036723595318535612,1.1591007726056123e-05,0.020780202580566415,7.522762911285651e-05,6.196014865931531e-05,1.880886705614708e-05,0.0002517860570290858
31,1.6836486816392561e-06,1.1793802214993037e-06,3.6250437192251115e-07,0.0017949228975087132,6.009998938377429e-06,1.943198494958854e-07,3.4019516869715384e-05,0.9711722448254729,5.128288278755517e-06,0.011156716962483494,4.240081072081172e-07,5.070602469581578e-07,4.543931140537472e-10,9.305122118503736e-08,3.4221644866874746e-06,0.0004771072659137127,1.0249270465620242e-05,3.817078545479863e-06,0.002287695130505893,8.56216245675005e-06,0.012749062192160588,4.684336467155831e-05,3.33081054853053e-05,2.1023257041460455e-05,0.0001854230916219933
32,2.2945368961333927e-06,1.4727499409995692e-06,3.938616899518051e-07,0.001980162642902044,8.112995922836109e-06,5.043985258982135e-07,5.1853363574793684e-05,0.9564994264498092,8.379516733258273e-06,0.01533050369179894,7.517644559049802e-07,6.792325852517952e-07,4.677518301534324e-10,1.5437322542131495e-07,7.776329386646464e-06,0.0010009983495422262,1.098497894434071e-05,4.536866511685637e-06,0.004007535840526647,1.0889274524267134e-05,0.02067305019821788,7.858060088801543e-05,5.795521777525341e-05,1.7645977114559445e-05,0.00024535632075614784
33,2.5068652131287897e-06,1.82043717574851e-06,3.4983290715912405e-07,0.0021073167042794114,9.163842407631862e-06,5.24677688503988e-07,4.966633126573703e-05,0.9567962621851309,5.652845176353855e-06,0.015718345250851348,8.037646196737566e-07,7.852122473973761e-07,5.788980868169941e-10,1.775932874569909e-07,6.9240813982863894e-06,0.000956509237134603,1.457085799696001e-05,6.347560007486869e-06,0.0034660143033287895,1.2021111897687504e-05,0.020431465269401063,0.00011188214282159727,7.68716136302235e-05,2.0294048662024113e-05,0.00020372365257272996
34,2.179048467159552e-06,1.4776336291485964e-06,3.8154702405971543e-07,0.00234389734221189,8.449141206964848e-06,5.06351785199796e-07,5.1068609411774644e-05,0.9556802049307773,6.445482354660915e-06,0.015512834264505625,8.018452644018455e-07,7.32556807082897e-07,4.951297031728522e-10,1.6038261457052658e-07,6.597287904796986e-06,0.0009752913674260307,1.1666828201298472e-05,5.4981056414624e-06,0.003283958627657283,1.2043151438296481e-05,0.021693289824577206,7.611732618337297e-05,7.024141347156541e-05,1.9084930167271995e-05,0.0002370715061420077
35,2.715930464043294e-06,1.8580950543975116e-06,6.275857342819911e-07,0.002798557973690459,1.6952515617764244e-05,1.3687535519732484e-06,8.412678389182827e-05,0.9362815179821787,1.0197217932357821e-05,0.019178291592456466,1.632635293618215e-06,1.0882862132911014e-06,6.800986139662102e-10,3.30591615458606e-07,1.7086541044134295e-05,0.002434793299615109,1.2491224468306157e-05,5.388257917116376e-06,0.005174816406778774,1.7278456573885374e-05,0.033416180195858514,0.00010230940113219743,0.00014673542998720908,2.101014993768123e-05,0.0002726440128937214
36,2.348857454520044e-06,1.4796101463132037e-06,4.0500986976028894e-07,0.002134507511969796,8.106786416262904e-06,5.094164874433217e-07,5.385701775120681e-05,0.9565493469908332,7.890523062514687e-06,0.015384021104031564,7.787014605912623e-07,7.013270527396606e-07,4.869825213521407e-10,1.56725827140457e-07,7.328273473078578e-06,0.000997761921124371,1.1011554595940342e-05,4.930466957027384e-06,0.003677519494316044,1.1530120115221961e-05,0.020738186704052416,7.515943878897205e-05,6.167690259837505e-05,1.8769285738085065e-05,0.0002520157688950443
37,5.934403132408482e-06,1.7953923775218902e-06,6.282576382886203e-07,0.0024747437986739848,8.181280751960856e-06,4.954058291650457e-07,7.799345162442889e-05,0.9584035213640424,6.693071522345574e-06,0.011714869468182582,1.114593313296366e-06,1.3112260278340106e-06,7.098636200520898e-10,2.3182756000480005e-07,6.535515164836976e-06,0.0010647291315557515,1.6329331720946392e-05,8.548890197746643e-06,0.0036565049015412055,1.3170562462318868e-05,0.02203347506733148,8.144752206593163e-05,7.487579873466661e-05,2.7508335279058502e-05,0.00031936069340618043
38,5.075544432778658e-06,2.1807723203273248e-06,5.521882657469724e-07,0.0022313953478576643,1.2122920946610864e-05,1.639551151823725e-06,0.0001185570810494909,0.9288259219325599,1.2069320186494959e-05,0.02354754310761697,1.6303889609789213e-06,1.0715998654430428e-06,6.484592906827141e-10,2.875707462713272e-07,1.9114160020917016e-05,0.003139428408990668,1.403072282744531e-05,7.463125422153981e-06,0.006254804171805677,1.58810694920076e-05,0.03516961041594814,0.0001291457438794655,0.00014508668895978733,2.4991866570297716e-05,0.00032039565166357094
39,1.963160856893985e-05,8.340497220964736e-05,1.1113131406398939e-06,0.0065655699436779616,1.576703944839692e-05,2.0403315710050416e-06,0.0008020480316741837,0.9073830637971722,3.7414894038733445e-05,0.058895058841108947,5.089397105754604e-06,5.846824193175347e-07,1.1216606958247059e-08,9.393676492138895e-07,5.4881498150589245e-05,0.0008774007709367552,3.754279204496387e-05,4.20661022118182e-05,0.006706448317937473,3.173062953908067e-05,0.016184008812813247,0.0004756837028111928,0.0003367427115955324,0.0002576400994766654,0.0011841191260905063
40,2.873328276236757e-06,1.6562447192927973e-06,4.4839318938516635e-07,0.002014912841178671,8.774631750115902e-06,5.833419040769018e-07,5.6763855595236734e-05,0.9537059853728782,8.838272478553835e-06,0.014899633529621703,8.963571158302109e-07,8.268173695133946e-07,4.810034042020538e-10,1.8495769586636201e-07,9.076806660260823e-06,0.00107621824748708,1.2446691528751223e-05,5.2411658478465546e-06,0.004283832054356313,1.1276198214259046e-05,0.023442048387295997,9.406830311247266e-05,6.517124187200545e-05,1.8548313461696062e-05,0.0002796941653873507
41,2.905382613485886e-06,1.6582431927066667e-06,3.0799516170123097e-07,0.002563832575761461,6.4120891430325905e-06,3.8208636780566487e-07,5.2890434410874043e-05,0.9586193694847704,3.969472141189862e-06,0.013096529167212906,9.714954178408057e-07,9.913877551513592e-07,5.866622887796087e-10,1.505395487555004e-07,4.396397619680945e-06,0.0006895949642789172,1.776859784387095e-05,9.407638455092202e-06,0.0027226109197358173,1.2475472155512314e-05,0.02178909235526802,9.310247616705726e-05,8.02074339132272e-05,2.1245014489924557e-05,0.00020972778991357495
42,1.4136081867539694e-06,8.629074645135505e-07,2.568572955847332e-07,0.00110856347073693,5.5401559486927525e-06,2.611352573844224e-07,2.9055369183150226e-05,0.9661287882159273,5.893338252121455e-06,0.011196715168722327,4.0158677995102324e-07,4.6569204921333965e-07,2.0748968869240032e-10,8.681407652494436e-08,6.353227800588172e-06,0.0008671310947300994,9.43942253999081e-06,1.8792514444786943e-06,0.003930408069648912,7.4661376484160395e-06,0.016430782084329684,8.041684691258096e-05,3.3083930149493826e-05,9.679564837161689e-06,0.00014505584258836223
43,1.6999968020870857e-05,2.891458013569802e-06,3.5920358305368993e-06,0.005860610407829042,6.609835316501978e-06,2.9073510227534827e-07,0.0003136294781946104,0.9784134476313633,1.4692393135542708e-05,0.00419682163369248,3.136974890615363e-06,3.234565327240359e-06,4.888724099677805e-09,5.488237074104703e-07,4.827468509653367e-06,0.00044160054213252144,1.7272706858898708e-05,1.335681105300584e-05,0.0025666510136800567,4.150222104957997e-05,0.007263978195756445,3.780642032046452e-05,7.125132221658775e-05,6.630733359900057e-05,0.0006389351356758008
44,2.350217732797022e-06,1.4844819547700191e-06,4.0468336888368537e-07,0.002141097601406872,8.105984888948521e-06,5.12730957710267e-07,5.4113732274559066e-05,0.9564689634639042,7.891320274217159e-06,0.015418656630931178,7.838726873815591e-07,7.00205708138013e-07,4.878468027974362e-10,1.5687521879352882e-07,7.333047304090212e-06,0.0009995578075999783,1.0986427206184881e-05,4.964606731079627e-06,0.0036723595318535612,1.1591007726056123e-05,0.020780202580566415,7.522762911285651e-05,6.196014865931531e-05,1.880886705614708e-05,0.0002517860570290858
45,3.82347952870056e-06,3.7151429975911297e-06,3.772107848340498e-07,0.005892034655583663,1.0686786464346744e-05,1.1412906436450965e-06,5.7857843316820474e-05,0.8840876631393602,5.492774990118503e-06,0.03430621972811885,1.3712280936567005e-06,1.3966155945966328e-06,5.769300563193991e-10,3.7602746229228075e-07,5.994070867686188e-06,0.0012687444625636513,1.7055326771831455e-05,2.7647745332118467e-05,0.003820417664306171,1.7532307785163185e-05,0.06944443021417208,0.00013996094073516932,0.0001466260570734535,2.1262466702737058e-05,0.0007181722438205865
46,2.2815618687110613e-06,1.3003354513790687e-06,3.4659791946179677e-07,0.001897566449563341,7.033423431956519e-06,3.364256309999428e-07,3.927909061244244e-05,0.9637368920020607,5.730136305498163e-06,0.01211399084490754,6.501850356629245e-07,7.35646267442883e-07,4.5672816460671277e-10,1.202449013720651e-07,5.842441500800973e-06,0.000725741958751649,1.4752165805267962e-05,4.688332233330641e-06,0.002973472288601293,9.77635000157039e-06,0.018093623035302483,7.498065580223437e-05,5.5006710988110375e-05,1.911217115220795e-05,0.00021674048917649457
47,3.860010990115212e-06,1.6989011975678722e-06,4.0703280428020747e-07,0.0017716258620724947,6.9567911208523125e-06,5.391563170314053e-07,5.3871010841548924e-05,0.9537145892620363,6.992103981724102e-06,0.016003757895509153,7.789729078564497e-07,1.003191799780382e-06,4.896694746328441e-10,1.5465854784824598e-07,7.793145578339802e-06,0.0012345854372833047,1.6533916131962605e-05,6.516140995481404e-06,0.003766409748133489,1.2371837736791996e-05,0.022907617515842138,0.00011836490541953959,6.627706690219918e-05,2.033547242813593e-05,0.00027695947375290297
48,2.953238250101477e-06,1.5008840180811353e-06,7.545983717056757e-07,0.0034528192188482245,1.2688484959043376e-05,1.226441265797423e-06,7.888619027650496e-05,0.9409432389463578,1.249320899310705e-05,0.01886288020166781,1.5356038362493319e-06,1.0997491080853653e-06,6.076456039442581e-10,2.6684248099413236e-07,8.85665558073803e-06,0.0015798066768949305,8.578960125634174e-06,7.843470560360975e-06,0.003645660603072592,1.8776322211860686e-05,0.030823915092038627,6.56966422914987e-05,8.713360246162752e-05,2.065081073680802e-05,0.000360736947946008
49,2.332507989838145e-06,1.2923483265580377e-06,4.77817166071231e-07,0.0022481441862742327,9.633333006165782e-06,6.620074483496898e-07,4.9826195995077346e-05,0.9551828736076144,7.826823201590811e-06,0.013931525527732861,1.002968606441956e-06,1.0342546909362344e-06,5.073017420488994e-10,1.9035717118449646e-07,7.2626162026788595e-06,0.0010555330261314754,1.182495277109811e-05,5.887571740965555e-06,0.0035233295897378245,1.417982303093232e-05,0.02354393356813356,9.141006209099202e-05,6.661331467618137e-05,1.586889268478736e-05,0.00022733414027394788
50,4.6075902212311855e-06,1.659310856827125e-06,7.001133092171843e-07,0.004513913101783804,1.6583799009161013e-05,7.471757654167836e-07,3.1988008237501324e-05,0.9409355470732557,3.6636674765099303e-06,0.005129501258201589,4.8269796685183436e-06,4.439082344344471e-06,8.579208952078678e-10,2.0229091910358018e-07,6.943470410863009e-06,0.00037575296946802005,4.8973738937258814e-05,3.0333857459193007e-05,0.001384941288260069,1.6471760201608174e-05,0.04692523959585319,8.216818511139564e-05,0.00016461232243996046,3.913131552565079e-05,0.0002770511873629947
51,1.556237510790882e-06,1.296104656746325e-06,2.9365146410494834e-07,0.002284378255967496,5.8055220676734635e-06,3.151252029101847e-07,4.410383246076817e-05,0.9608330605690333,5.795381217985936e-06,0.013510620978151325,6.90818062467205e-07,5.456267925018324e-07,4.0479629758930416e-10,1.2237929167842e-07,3.961485452270155e-06,0.0004924346164899447,8.361870895531028e-06,5.437212063956561e-06,0.0027486787787191842,9.824750668221349e-06,0.019745112910617087,5.9879851283727436e-05,4.006763077935467e-05,1.4836135623816012e-05,0.00018281987073092435
52,3.719625070676626e-06,2.1812977187008268e-06,4.836999502290704e-07,0.0029346686335634193,9.134304464062193e-06,1.3556172346044307e-06,9.635540779896828e-05,0.9418148039459316,9.781940286939797e-06,0.022705484138026415,1.5838538690097337e-06,9.053601642016465e-07,8.113094158748842e-10,2.1454556868824216e-07,8.835139778632817e-06,0.0015297669867321187,1.1754666359447044e-05,1.3813457120233259e-05,0.0032469718261252164,2.298567861566446e-05,0.02706198078079626,0.00010949118911666199,0.00010960988347158694,2.767188745986022e-05,0.00027644532346723087
53,2.2607339844684798e-06,1.4424532546610355e-06,3.936010360659856e-07,0.002103649883447417,8.348605400743373e-06,4.90212644811985e-07,4.949295131825486e-05,0.9565945582672964,7.5415084942156455e-06,0.015150471706826268,7.48218376539471e-07,7.109982629870635e-07,4.68178463935009e-10,1.5473214703189771e-07,7.039018644063408e-06,0.0009527699673698237,1.1110877127487369e-05,4.859602828028794e-06,0.003676600001390184,1.0897049688563494e-05,0.02101710923590077,7.501074637281688e-05,5.915177140328837e-05,1.814828342276319e-05,0.00024703910518369406
54,1.3748926014616447e-06,8.961627608772295e-07,2.8835261445647925e-07,0.0018603147342429265,8.321855488883464e-06,3.119865513527862e-07,2.780537443682631e-05,0.9687133502329933,4.766333482368871e-06,0.009268903763355655,7.509242549632404e-07,5.979021158970117e-07,3.5663755389288956e-10,9.319017837630846e-08,4.148807296607392e-06,0.00045716549949188627,1.092457884550454e-05,4.441197953743818e-06,0.0024733930947012698,7.864972851327559e-06,0.016914435295817046,5.253908565371504e-05,4.3016396705003756e-05,1.5649659823759766e-05,0.0001286453491451509
55,2.8100927369023466e-06,1.5557986791515865e-06,4.761237445147892e-07,0.0023102057298229344,7.04373804912901e-06,4.91773301046638e-07,6.183229847792384e-05,0.9596235011654874,8.984488438564662e-06,0.014668982635881254,8.662637198592351e-07,8.004835200402561e-07,6.007559872908517e-10,1.5125403510699512e-07,6.439269932910255e-06,0.000868898954208884,1.0966236215154524e-05,6.0614820373448e-06,0.0032967569279136215,1.365542152938466e-05,0.018679323336892404,6.798500331356376e-05,5.5082585943601004e-05,2.1374017176191505e-05,0.0002857543181871974
56,2.380792693887286e-06,1.552044329563278e-06,4.2966437305296325e-07,0.002180004495671286,8.291975146790257e-06,5.121302715750061e-07,5.620300057376292e-05,0.9575325595077485,8.19171063077043e-06,0.015286588888811662,8.127797606370419e-07,7.155329696493953e-07,5.552601452676898e-10,1.6195138472132286e-07,7.36982917736386e-06,0.0009722930412206223,1.1277731019589155e-05,5.0706562704061e-06,0.0036217245791236867,1.2232212989373054e-05,0.01988824721235377,7.477295045094434e-05,6.188649733342528e-05,1.992180843154869e-05,0.0002467984520031517
57,1.5719952459101125e-06,8.674688313657954e-07,3.936350393315573e-07,0.0013838020570027798,8.53370514977625e-06,3.238624652665097e-07,2.622105080428078e-05,0.9604940932642606,6.939172759021855e-06,0.013225079232008713,4.428780271258019e-07,8.368941797262564e-07,3.2955513089499274e-10,1.1896132823080929e-07,5.450875081286275e-06,0.0008761049840368778,1.1914134207433554e-05,2.7600812116864717e-06,0.003951662207366952,7.881738106115268e-06,0.019689016050058548,7.350030818297659e-05,3.2067501358691674e-05,1.180028999392033e-05,0.00018861732373803253
58,2.3774986678419427e-06,1.523536350299502e-06,4.0472360038443096e-07,0.00202077340443296,7.697150649311893e-06,4.50898785745813e-07,5.393447681481301e-05,0.9590994511516241,7.475791763146128e-06,0.014759934371686387,7.676636157083849e-07,6.715067164608803e-07,5.154070768763614e-10,1.4095690853146047e-07,7.07165905217363e-06,0.0008949855197315086,1.211079094050564e-05,5.079013450285127e-06,0.0033087163547009498,1.1043483551956818e-05,0.019413546390382175,7.406238919303178e-05,6.079177202187269e-05,2.1687955860393682e-05,0.0002353010240923828
59,2.3603306629413443e-06,1.4576723859126163e-06,4.4285860500270013e-07,0.002022363580158494,7.804142593981438e-06,4.255747159311857e-07,5.303493534309639e-05,0.9604880553535854,7.199284196467955e-06,0.014435292697083258,7.363657393017162e-07,6.873116513846927e-07,5.309357045002611e-10,1.3797834722453603e-07,6.49763414825703e-06,0.0008936968756548044,1.1914354206502163e-05,5.071519444434589e-06,0.003019167848851058,1.1375277135763362e-05,0.018652892805675073,6.838457402054133e-05,5.7793409380216325e-05,2.3202191855683432e-05,0.0002300048936232796
60,2.350217732797022e-06,1.4844819547700191e-06,4.0468336888368537e-07,0.002141097601406872,8.105984888948521e-06,5.12730957710267e-07,5.4113732274559066e-05,0.9564689634639042,7.891320274217159e-06,0.015418656630931178,7.838726873815591e-07,7.00205708138013e-07,4.878468027974362e-10,1.5687521879352882e-07,7.333047304090212e-06,0.0009995578075999783,1.0986427206184881e-05,4.964606731079627e-06,0.0036723595318535612,1.1591007726056123e-05,0.020780202580566415,7.522762911285651e-05,6.196014865931531e-05,1.880886705614708e-05,0.0002517860570290858
61,2.365657758146982e-06,1.4571620557312636e-06,4.674836336705898e-07,0.002042632833723351,8.075560469281815e-06,4.5330988250695374e-07,5.3693571416352924e-05,0.9598770876340118,7.787786745690878e-06,0.014142741417858495,7.917323317378488e-07,7.366193739407927e-07,5.302361490643158e-10,1.47436131728905e-07,6.84381960930131e-06,0.0009087916654040089,1.1685707062406594e-05,5.016759774579519e-06,0.0032311521853928982,1.184139339878176e-05,0.019299550989720193,7.109358033604714e-05,5.668616985361367e-05,2.160424976936074e-05,0.0002372947440503738
62,2.350217732797022e-06,1.4844819547700191e-06,4.0468336888368537e-07,0.002141097601406872,8.105984888948521e-06,5.12730957710267e-07,5.4113732274559066e-05,0.9564689634639042,7.891320274217159e-06,0.015418656630931178,7.838726873815591e-07,7.00205708138013e-07,4.878468027974362e-10,1.5687521879352882e-07,7.333047304090212e-06,0.0009995578075999783,1.0986427206184881e-05,4.964606731079627e-06,0.0036723595318535612,1.1591007726056123e-05,0.020780202580566415,7.522762911285651e-05,6.196014865931531e-05,1.880886705614708e-05,0.0002517860570290858
63,2.451595351315819e-06,1.6705136385754188e-06,4.0822143410580024e-07,0.0021057952961735806,7.840548914428411e-06,5.063941118158876e-07,5.641136977157417e-05,0.9569586744897902,8.252087025430275e-06,0.015553350238923963,8.159407227660507e-07,6.730779537057251e-07,5.236324111209287e-10,1.5271403265895766e-07,7.676546804513502e-06,0.0009455350157477796,1.1503724301324365e-05,5.248488513699306e-06,0.0036446986855485186,1.1931882903311006e-05,0.020258655764559107,7.908121114147596e-05,6.12698927771213e-05,2.0509514734391557e-05,0.00025688626149228947
64,2.270109350641453e-06,1.4272732538910013e-06,3.897637757694403e-07,0.002065979085363255,8.580563806441982e-06,5.24014845788992e-07,4.89158863215753e-05,0.9507916395718753,7.516787016607373e-06,0.015357831609187524,8.36272284525603e-07,7.508407600081785e-07,4.1010498811813723e-10,1.5631032736793862e-07,7.715767151926436e-06,0.0009968274039465483,1.1585332539145458e-05,5.1258806938770235e-06,0.003835604158766382,1.008010381484597e-05,0.026439967120699227,7.75806160256199e-05,6.152671414257425e-05,1.779974506417629e-05,0.00024936865888187194
65,2.716192867862004e-06,1.9064292012087975e-06,3.689065127155132e-07,0.000820739951355857,1.6703005904426015e-06,6.50390810745983e-08,9.557494491684655e-05,0.9857005482569242,1.4786750351568759e-05,0.00689865779172787,3.2118965975387045e-07,1.215539591903964e-07,5.34593809643795e-10,3.516627356034069e-08,7.088150013307812e-06,0.000258831324194124,6.974926941445854e-06,1.025728450204926e-06,0.0026346567591167365,6.536742355227601e-06,0.0032561502172855712,2.957763441422825e-05,1.5144892685555841e-05,3.892085479890416e-05,0.00020757976172859914
66,2.100744956683732e-06,1.332929227405816e-06,4.023858862293863e-07,0.00209878103469878,7.696121348488753e-06,4.925940160420472e-07,5.302603417291589e-05,0.9578904602827754,8.174135913163543e-06,0.0158800205750818,6.965081030808037e-07,6.513170162683606e-07,4.853841183713089e-10,1.4994517211226482e-07,6.542463365876683e-06,0.0010384298005805352,9.51074594701859e-06,4.359906986042171e-06,0.0037258781620678363,1.2244080051428604e-05,0.01888416080758245,6.820394996786442e-05,5.42899001048609e-05,1.6847984682490704e-05,0.00023554710491126578
67,3.6511787577367944e-06,1.931950278934196e-06,7.938667186636062e-07,0.004119256653505141,1.4379472909795661e-05,1.5989108156182718e-06,9.961865719525015e-05,0.9355874110007086,9.929389571824868e-06,0.020882306597701752,1.710270034553444e-06,1.5896900851526912e-06,1.0080048514950697e-09,4.2833270143214343e-07,1.1860010172228192e-05,0.002602425881923867,1.4183511822971678e-05,9.696376811678212e-06,0.003992408141686365,2.96914989867776e-05,0.031918420158494276,0.0001087845253544736,0.00018441978323683743,2.2664541833184865e-05,0.0003808385906877043
68,7.599720395955193e-07,8.080778555750276e-07,4.5362154923479824e-07,0.0010902443780396712,1.1258955888612753e-05,1.475496839297297e-07,2.8325499426040367e-05,0.9675661484003142,1.666684360027225e-05,0.013484734942711756,1.6880464452505607e-07,2.056093628072671e-07,3.191245504635896e-10,1.3392099972596435e-07,5.943625660495465e-06,0.000668899486318837,3.307752495349229e-06,3.5811064836647737e-07,0.008690525715551524,3.1566823218557094e-06,0.008245115828491724,2.318429230281322e-05,9.72130706472953e-06,7.649842261181575e-06,0.00014208046164231053
69,2.2506311374484814e-06,1.4256362266365036e-06,4.1156120095863936e-07,0.00215353308669555,7.230255138940297e-06,4.5392820636859157e-07,5.319995389950369e-05,0.9587546114546108,7.752412018796085e-06,0.015239865330257035,7.239380674653436e-07,6.556512831529609e-07,4.924852747984051e-10,1.39515022022715e-07,6.437182205663609e-06,0.0009332542636655493,1.0576214424785331e-05,4.906717848325196e-06,0.0033032934249904024,1.2205304735447677e-05,0.019112854029618386,6.716734801017155e-05,5.594367290993338e-05,1.947063789764971e-05,0.0002516373574440104
70,5.796237868012231e-06,2.225393653965422e-06,1.8137124584612596e-06,0.005347183625984645,1.8722026208190394e-05,1.8035889983246341e-06,0.00012477563634210898,0.9214502428568352,1.6358744654406152e-05,0.022329144283656826,1.6502924372830872e-06,2.80798479516475e-06,1.1991897829645151e-09,9.718556504964039e-07,1.2062295979338006e-05,0.0032805755528055518,1.2644956411711567e-05,9.871616791571724e-06,0.0057151848679795085,3.542544863471993e-05,0.04057254546846193,0.00012336406167281713,0.00013924078631910423,1.972681700253282e-05,0.0007758606892085917
71,1.3804739417775415e-06,4.4621372225355964e-06,6.949589478637681e-07,0.002941150142856923,5.806199562775796e-05,1.9301450235106888e-06,2.9531770068424672e-05,0.8832544409356037,3.075315560383922e-05,0.06512079880826716,7.655097515765165e-07,5.997528113533671e-07,6.895578149057259e-10,3.967451139679953e-07,1.805569406588389e-05,0.001301606172600289,9.541519471793349e-06,3.4613533296348326e-06,0.009409970896056035,5.659011517200622e-06,0.037152504145187545,0.00011724620444071447,4.771535233736402e-05,1.7808129379346466e-05,0.00047146430121615033
