,0,1,2,3,4,5,6,7,8,9,10,11,12,13,14,15,16,17,18,19,20,21,22,23,24
0,0.0010633488872681387,0.00013297274544869203,2.9918448924936645e-06,0.003312685576835337,9.611740869315802e-06,0.0011094814681360502,0.00026250360438024044,0.814005440689977,0.00014909477535811734,8.439713209700944e-05,0.0014629352574446035,0.0015997212750623025,0.00011159682999226843,4.946529424842815e-06,0.024922299183744015,0.005398530337895587,0.00011679971571857923,1.0030340426640139e-05,0.0008716721539045462,2.0148423025803883e-06,1.738394161979713e-07,0.14532485843807813,1.4072960434058375e-07,8.207124177677744e-08,4.166999048125016e-05
1,0.0008185791501671685,0.0001237410884301462,3.108624443472102e-06,0.002592011039590911,8.760662444370654e-06,0.0018031657371716798,0.0002818634440653795,0.7777540958350941,0.00028323954297032513,0.0001510439502355645,0.0014229704860951244,0.0012422834221231364,0.00011090489468629923,6.559167607700704e-06,0.03442798237672977,0.00620224153866115,8.125609652099791e-05,1.0745734946057856e-05,0.00132717889941208,2.71632009484388e-06,2.1504085656178503e-07,0.1712859712644531,1.7073753119409738e-07,1.0373812428874196e-07,5.909120754455417e-05
2,0.0007913909075884409,0.00012891046509587296,2.618653806415346e-06,0.0025095401984324512,1.0216136462764874e-05,0.0015672785451272323,0.00023433999989376825,0.7574089642132835,0.000286744650383829,0.00012920154440521284,0.001623831830133906,0.0012796399451433663,9.58743203056834e-05,7.951234014278388e-06,0.03926928788764898,0.004477123801371753,7.414377974082468e-05,8.914134469304206e-06,0.001012388136475497,2.6116127982098238e-06,1.8404491924161911e-07,0.18901597573508866,1.573314670822671e-07,9.053136718173886e-08,6.262036057662653e-05
3,0.0009085139271827203,0.0001253946564961157,2.591499796279791e-06,0.0026857620097180514,9.155352826342825e-06,0.0016755308263106418,0.0002598880534958147,0.7603445793804771,0.0002624094535097215,0.0001195058733680417,0.0016141027740749576,0.0013083084253620687,0.0001034327929913748,6.376591263863711e-06,0.03524714906397589,0.0046642271498547995,7.979670578500574e-05,9.718543245875466e-06,0.0011464741142635025,2.2354254819706487e-06,1.8346574168098892e-07,0.1893695515105473,1.591738129910251e-07,8.944485128337999e-08,5.486378556676874e-05
4,0.000932690829367271,0.0001275455909336405,2.722415364781537e-06,0.0026282366703017346,9.389402796592173e-06,0.0015242210044925496,0.00026355113583208717,0.759853047261387,0.0002519185162719893,0.0001150360013022697,0.0016807296606230018,0.0013369396271099396,0.00011255706649539475,6.84740550738355e-06,0.032438138532542675,0.004351296626426866,8.079238550136677e-05,1.0118287998015691e-05,0.0011119980129485872,2.335084293848407e-06,1.9940506476121268e-07,0.19310572071632526,1.5471817385985971e-07,9.109974166478952e-08,5.372254319754598e-05
5,0.0009351443080358423,0.00012534097160751638,2.826483652493001e-06,0.0031884194920603136,1.0116347877241497e-05,0.0017819082487143941,0.00027499061520680723,0.7763780265874637,0.00026206883256126603,0.0001273697279470588,0.0016685044432455521,0.0013263731973479312,0.00011543367497531795,6.59878351406629e-06,0.033474274416789865,0.004843968630563009,8.23740546742605e-05,1.2030873627785231e-05,0.0011846956633556234,2.6568685686216437e-06,1.9934602136178097e-07,0.1741454511455614,1.8508260395542826e-07,1.0181497413687049e-07,5.0940389050709485e-05
6,0.0009085139271827203,0.0001253946564961157,2.591499796279791e-06,0.0026857620097180514,9.155352826342825e-06,0.0016755308263106418,0.0002598880534958147,0.7603445793804771,0.0002624094535097215,0.0001195058733680417,0.0016141027740749576,0.0013083084253620687,0.0001034327929913748,6.376591263863711e-06,0.03524714906397589,0.0046642271498547995,7.979670578500574e-05,9.718543245875466e-06,0.0011464741142635025,2.2354254819706487e-06,1.8346574168098892e-07,0.1893695515105473,1.591738129910251e-07,8.944485128337999e-08,5.486378556676874e-05
7,0.001094010936882574,0.00011802986671476425,2.7211475300716127e-06,0.0025706253437470968,8.462411805212736e-06,0.0014452635038986004,0.0002690797019853217,0.754659083917279,0.00022312940751698234,0.00010481886429910922,0.0017527288686236652,0.0012136899434018213,0.00013282951236187206,5.530978574937555e-06,0.03153769246370158,0.004381864269086622,7.629793931468545e-05,1.0795780238750191e-05,0.0011837006315706092,2.321876117677569e-06,1.8850341175235643e-07,0.19916128078564949,1.3464709258533907e-07,8.428848322665177e-08,4.563441071162387e-05
8,0.0005094583279744179,7.984726459480022e-05,8.625187932925778e-07,0.0017214127011565365,6.117311977579709e-06,0.0011257079590721241,0.00033751140628469385,0.7728000033923195,0.00019621404498740638,5.995333293612979e-05,0.0014844910277505999,0.0007646684207880891,9.109180849060342e-05,3.665612442231888e-06,0.024576322369283192,0.0029769246330591773,3.851216620758822e-05,1.1428965816203351e-05,0.002032629942044298,1.3706516615672624e-06,1.9696347523315992e-07,0.19115833854584288,8.028658240074321e-08,3.344445475997281e-08,2.315690200489774e-05
9,0.0018022507743302796,5.841711715669248e-05,4.85447431863797e-07,0.001699614203404203,1.462974483600059e-05,0.0014364946286569702,0.0008327447790474201,0.6059410941108013,0.00031879225601483274,1.4316620531171316e-05,0.003907336544079927,0.0013943473788560648,0.00011863336730552729,2.0666469188183634e-06,0.030228974255437663,0.0013476658279378965,3.553853165742283e-05,1.355140850089222e-05,0.002427287069785655,5.982501502064341e-07,1.9062949762189602e-07,0.34838231428854793,9.13651272465404e-08,3.5409014566430666e-08,2.252934497178205e-05
10,0.0009085139271827203,0.0001253946564961157,2.591499796279791e-06,0.0026857620097180514,9.155352826342825e-06,0.0016755308263106418,0.0002598880534958147,0.7603445793804771,0.0002624094535097215,0.0001195058733680417,0.0016141027740749576,0.0013083084253620687,0.0001034327929913748,6.376591263863711e-06,0.03524714906397589,0.0046642271498547995,7.979670578500574e-05,9.718543245875466e-06,0.0011464741142635025,2.2354254819706487e-06,1.8346574168098892e-07,0.1893695515105473,1.591738129910251e-07,8.944485128337999e-08,5.486378556676874e-05
11,0.0009768776542873295,0.00012857224446742797,2.753255250774058e-06,0.0027430596400859204,9.568104116769069e-06,0.001606167167936682,0.0002720310820478111,0.7551960926431447,0.0002599330557772313,0.00011607119110135378,0.0016861253618721914,0.001381233954883963,0.00011613399319594264,6.487457474006121e-06,0.03453027321056853,0.004755107407635932,8.304869355982201e-05,1.0152829858543854e-05,0.0011620916745728386,2.381916618910972e-06,1.9631099041849416e-07,0.194900094638409,1.6050770187815005e-07,9.77958789354333e-08,5.528820856307149e-05
12,0.0011964525314869595,0.00019841135596122096,6.220271230508977e-06,0.0028704138319667065,5.221420878689622e-05,0.00265088589781276,0.0003072126619775365,0.69963002494686,0.0006245790044957117,0.00018928186233568278,0.003162128141302129,0.002417625602521863,0.0001197880647391361,1.9978225302237625e-05,0.04512735690951361,0.005266179315604827,0.00017228589635923813,1.1106849174096859e-05,0.0006286444797147885,6.910273191304705e-06,3.50385975011282e-07,0.2351809028459172,3.879294062671878e-07,2.863797372180979e-07,0.00016037212862717222
13,0.000838792440187964,0.00010637840155859346,1.7943528021211471e-06,0.0013398233153954575,8.556304479405267e-06,0.0006674484044943218,0.00016615317835581435,0.7394287330908705,0.0001714586857256099,5.711605060479172e-05,0.0023034392900334174,0.0013366517161352857,7.956400441733565e-05,8.146308421034175e-06,0.025860792626411996,0.0020312540969102005,6.176338340545167e-05,6.391252005414872e-06,0.0006749971090094182,1.3933842846761585e-06,1.7253428783798117e-07,0.22479790254556398,7.384439402573626e-08,4.815326157145675e-08,5.1155526983927335e-05
14,0.000776723516154023,0.00019583282586114114,2.1289152965902706e-06,0.00424106879743877,1.7543788764092017e-05,0.0013852926356598065,0.0002705915178106653,0.7481391461413678,0.0002423411371200766,0.00014149448847376243,0.002617309977424519,0.001025012420032702,0.00013844568973007303,8.549898996552403e-06,0.02923290627714647,0.002813837057151541,8.785777749575133e-05,1.7166112403263046e-05,0.0021269652655387717,2.4824564080655474e-06,3.3721619498914566e-07,0.20647907468630095,1.742525807209943e-07,9.654100921060015e-08,3.762060763975083e-05
15,0.0009085139271827203,0.0001253946564961157,2.591499796279791e-06,0.0026857620097180514,9.155352826342825e-06,0.0016755308263106418,0.0002598880534958147,0.7603445793804771,0.0002624094535097215,0.0001195058733680417,0.0016141027740749576,0.0013083084253620687,0.0001034327929913748,6.376591263863711e-06,0.03524714906397589,0.0046642271498547995,7.979670578500574e-05,9.718543245875466e-06,0.0011464741142635025,2.2354254819706487e-06,1.8346574168098892e-07,0.1893695515105473,1.591738129910251e-07,8.944485128337999e-08,5.486378556676874e-05
16,0.0007660376074029525,0.00011600887251880785,1.6831480868841364e-06,0.0023545964205268764,6.9805692407914565e-06,0.0011661766867024886,0.00020373319630144748,0.7433873397507295,0.00020578285639779567,9.227248434917871e-05,0.0015007094468006106,0.0012061950946227423,8.856326184796491e-05,6.0258631121131435e-06,0.03521369991052252,0.0037421925260572465,6.368590157928396e-05,8.392633432261013e-06,0.0011123665603270955,1.7049291958090692e-06,1.4316063529716856e-07,0.20870913298444116,1.1036239346175971e-07,5.8790359169657984e-08,4.640698241656686e-05
17,0.0009169325986662902,0.00012550294282336232,2.5956729942343927e-06,0.0026879301418516258,9.301535631773694e-06,0.0016629971336751565,0.00026232271515439496,0.7599002180722056,0.00026322886613216654,0.00011758075542647571,0.001636082818358695,0.001327122358340673,0.00010428900906158207,6.429833373813899e-06,0.03490901099162481,0.004598774024925958,7.998303271203117e-05,9.761350632740526e-06,0.0011371267573802675,2.235900819469432e-06,1.8485494653870026e-07,0.19018525816119358,1.5927915961661534e-07,9.012673481806275e-08,5.4881066174320945e-05
18,0.0008295606741170488,0.00014160230242106096,2.882184138910961e-06,0.0020016597283160796,8.526132839288056e-06,0.0015724633183265223,0.000265303134584461,0.7458584014076536,0.0002965642242543334,0.00013316410366432903,0.001561694457368022,0.001575714919673772,8.906319896260057e-05,9.227113164735237e-06,0.03633443650089685,0.005274063610689609,9.483541883179495e-05,9.066669096879982e-06,0.0011724270764842204,2.1512695440192807e-06,2.4178341014137935e-07,0.20268313627614512,1.8177107129355122e-07,1.0032891525595026e-07,8.353239542983158e-05
19,0.000824365830909784,0.00015875196480693443,2.7401101313990277e-06,0.004093710582576711,1.1821519313554574e-05,0.00225932032685425,0.00027961024556146755,0.7354705549659842,0.000332245721858548,0.00015961643012376732,0.0014006203785766709,0.001492414997692366,0.00010822394903291443,7.069068974213236e-06,0.04402455492876059,0.00551661516052529,9.026255411567584e-05,9.171686593362953e-06,0.0011917973106793517,2.6795672953185693e-06,1.6078755525588926e-07,0.202501599192418,1.9567384441741188e-07,1.0923978975153154e-07,6.178780602599963e-05
20,0.0007306016861086519,0.00011410742496508589,1.7974605299094544e-06,0.0022460426316733843,7.535820885965152e-06,0.0013158955718728849,0.0001944912175759362,0.7334016588543326,0.00022975982548492717,0.00010424746612347152,0.0015391863084952017,0.0009824950457399109,9.23148948898345e-05,6.365365471771572e-06,0.033653633199720846,0.003140253621740414,5.800064936899658e-05,7.929653043382594e-06,0.0010378524636646819,1.934236477144245e-06,1.5173679020459722e-07,0.22108970530407732,1.1136400323446252e-07,6.079993413851233e-08,4.386739702985759e-05
21,0.0010323588342896106,0.0001319166725433314,3.73926767350888e-06,0.0026954481160007255,8.54156657640253e-06,0.0011314201232729768,0.00025763568285548807,0.8038008094744727,0.00018927975062726004,0.00010845961335276276,0.0015462464947538926,0.0017938607319185277,0.00012754145417515222,7.219278348550614e-06,0.026081688519315988,0.00627379923165859,0.00010651922667703042,1.1596350331699892e-05,0.0008825356711956362,2.8230370375977722e-06,2.0397448187862394e-07,0.15374863585604523,1.5542266769933312e-07,1.0964331170601057e-07,5.7456006416076255e-05
22,0.0008923594497174442,0.00018942517212248012,2.510862144400699e-06,0.0047840161832393,2.413067398436613e-05,0.003361375541312682,0.0008647878676881134,0.6043476825527482,0.0012234409485269353,0.00013291701194480607,0.002046202739601405,0.002801181095263298,0.00016777998786351908,1.0151648873857726e-05,0.09488550133858632,0.006922186036347361,6.038703891553039e-05,9.095708263862027e-06,0.0021774692974440286,3.5262793554267714e-06,2.2084746139276616e-07,0.2749505800775052,2.7430793678116693e-07,2.8151373973145323e-07,0.0001425158194135199
23,0.0009085139271827203,0.0001253946564961157,2.591499796279791e-06,0.0026857620097180514,9.155352826342825e-06,0.0016755308263106418,0.0002598880534958147,0.7603445793804771,0.0002624094535097215,0.0001195058733680417,0.0016141027740749576,0.0013083084253620687,0.0001034327929913748,6.376591263863711e-06,0.03524714906397589,0.0046642271498547995,7.979670578500574e-05,9.718543245875466e-06,0.0011464741142635025,2.2354254819706487e-06,1.8346574168098892e-07,0.1893695515105473,1.591738129910251e-07,8.944485128337999e-08,5.486378556676874e-05
24,0.0007231910713714829,0.00013808132089099736,2.1165340908319026e-06,0.003203994044169812,8.407796916069226e-06,0.0014825811158428375,0.00023537674708751848,0.7686179216023801,0.0002228013674267012,0.00012365358857585002,0.001390756004307294,0.0011610501829947347,9.515351544719445e-05,6.272354723947746e-06,0.03364264858478616,0.004351826956935795,7.85787315447941e-05,9.695362297465792e-06,0.001278073434194119,2.01834489806941e-06,1.7309782697749064e-07,0.18317918979764958,1.5061657791235497e-07,7.559980075592983e-08,4.621222726286844e-05
25,0.00042272141023221824,0.0004522296891745898,4.258834528172049e-06,0.0023243437410265075,4.312417776210572e-06,0.02002812219605763,0.00010975675037410343,0.012244442370269582,0.0035438847770862224,0.0020413832595668462,0.00014153227823788644,0.000510987610877269,4.562472314972165e-05,3.925136412063023e-06,0.7584617670531166,0.0212048051606154,0.0001008109049211755,4.899484089549765e-07,0.004466298319461425,1.1783454843725984e-06,4.7546509071495584e-08,0.17263625116247236,8.298913405486472e-07,1.5466304759538659e-06,0.0012484498424249824
26,0.001575135535724534,0.0001565636638429996,6.034181980726811e-06,0.0041439420364563,1.93387060358367e-05,0.0027760682150842326,0.00037774912455740403,0.7612302982907083,0.000496068385402054,0.00018007216518404253,0.0021926986743999806,0.0020105981897880435,0.00016075507324584562,9.99147016194686e-06,0.03771663833997364,0.00679294039908541,0.00012147941206145487,1.6412266154872926e-05,0.001091375967791521,4.531442967958981e-06,2.792509057363942e-07,0.17882891136700035,3.7188067854978933e-07,2.6771570762404523e-07,9.147824510091817e-05
27,0.0017254351479248826,0.00020451667614606448,4.61147130703389e-05,0.002570150373770478,2.0385233104833832e-05,0.0004427566536529471,0.0005810780636194712,0.9361459134487001,3.385418098060092e-05,0.0001328051269720209,0.004136544282282875,0.00365546962958311,0.00021160213832868648,2.445715299301443e-05,0.007244480632376434,0.01602446823729545,0.0020287586362033746,6.525198122754398e-05,0.0007979332736415693,7.834509537398533e-06,3.55144843746459e-06,0.02380127153030469,9.397300020815555e-07,2.547618926842073e-07,9.417243795163635e-05
28,0.0009085139271827203,0.0001253946564961157,2.591499796279791e-06,0.0026857620097180514,9.155352826342825e-06,0.0016755308263106418,0.0002598880534958147,0.7603445793804771,0.0002624094535097215,0.0001195058733680417,0.0016141027740749576,0.0013083084253620687,0.0001034327929913748,6.376591263863711e-06,0.03524714906397589,0.0046642271498547995,7.979670578500574e-05,9.718543245875466e-06,0.0011464741142635025,2.2354254819706487e-06,1.8346574168098892e-07,0.1893695515105473,1.591738129910251e-07,8.944485128337999e-08,5.486378556676874e-05
29,0.0009085139271827203,0.0001253946564961157,2.591499796279791e-06,0.0026857620097180514,9.155352826342825e-06,0.0016755308263106418,0.0002598880534958147,0.7603445793804771,0.0002624094535097215,0.0001195058733680417,0.0016141027740749576,0.0013083084253620687,0.0001034327929913748,6.376591263863711e-06,0.03524714906397589,0.0046642271498547995,7.979670578500574e-05,9.718543245875466e-06,0.0011464741142635025,2.2354254819706487e-06,1.8346574168098892e-07,0.1893695515105473,1.591738129910251e-07,8.944485128337999e-08,5.486378556676874e-05
30,0.0009085139271827203,0.0001253946564961157,2.591499796279791e-06,0.0026857620097180514,9.155352826342825e-06,0.0016755308263106418,0.0002598880534958147,0.7603445793804771,0.0002624094535097215,0.0001195058733680417,0.0016141027740749576,0.0013083084253620687,0.0001034327929913748,6.376591263863711e-06,0.03524714906397589,0.0046642271498547995,7.979670578500574e-05,9.718543245875466e-06,0.0011464741142635025,2.2354254819706487e-06,1.8346574168098892e-07,0.1893695515105473,1.591738129910251e-07,8.944485128337999e-08,5.486378556676874e-05
31,0.0009193316570466475,9.65271258463214e-05,2.7224550295378846e-06,0.0018268746013573338,5.746851076459632e-06,0.0010970966562019924,0.0002063429079287253,0.8232199826305224,0.00014996592284364547,9.145331350323278e-05,0.0012955304278869898,0.0010503355886801958,8.589334610312103e-05,4.897858477974478e-06,0.020336730039120562,0.004223659190341589,8.012810859604866e-05,9.18942568359272e-06,0.0008372963984919501,1.6440604211028609e-06,1.804473166786828e-07,0.14441912215230432,1.1887814573343481e-07,6.066772511704825e-08,3.916928934867941e-05
32,0.0008821389213225367,0.00012694110285055963,2.479719455428045e-06,0.0027564979343487734,9.03481510223908e-06,0.001659649873806058,0.0002634514945876444,0.7575720097770553,0.0002596909482149688,0.0001211007711688024,0.0015895042823415903,0.001267786956734886,0.00010525912955045222,6.225277128774316e-06,0.036073042080115796,0.004823471855020052,7.991738462814337e-05,1.0078869986554112e-05,0.001285759555775011,2.229480514724259e-06,1.9326594862216712e-07,0.1910495950032226,1.6181039498083765e-07,9.047963498077762e-08,5.368921109058658e-05
33,0.0009016681698429727,0.00012759968139564737,2.7237723348320255e-06,0.0026869751092814197,9.564447767960246e-06,0.0018222081166175642,0.0002615787451356664,0.7564840353743703,0.00028813820335223675,0.00013065967886396085,0.0016290432795800613,0.0012945020078275332,0.00010149414551674054,6.767883546815974e-06,0.03807846776771079,0.004749077456967817,7.910154243278445e-05,9.642845547553005e-06,0.0011576474445082307,2.3524758714683636e-06,1.860930017815594e-07,0.19011697039125916,1.687395069229024e-07,9.336859779940425e-08,5.933325916209484e-05
34,0.00023809752179285748,0.00023916088652542597,2.835103247937653e-06,0.003478818392349766,9.657603255072587e-06,0.002262172831894689,0.00019796747692745378,0.8036612720742756,0.0003213817627999885,0.00034067355653781935,0.0007341631063056653,0.0015794766304529553,5.371449795424359e-05,1.6229876982222617e-05,0.03618625783764329,0.011497399694156396,0.00014960538160902493,7.562387382845812e-06,0.0008624527676196261,4.593276967383842e-06,1.8529284669992721e-07,0.1380383879917481,3.2245645457618484e-07,1.2135128788283546e-07,0.00011749024098249958
35,0.000967430445989475,8.571792160466764e-05,1.932815516200827e-06,0.0018428041340439749,5.37039441723691e-06,0.00141142103376986,0.000227850161113131,0.7865486105372632,0.000199533539648514,8.814051596372967e-05,0.001315594211666467,0.0011182019024748471,8.497010161658373e-05,3.970926704785009e-06,0.021608985593199834,0.004144497405109601,6.133579259458275e-05,1.0004065802511509e-05,0.0010608503843497585,1.3540823049253238e-06,1.4227268431448519e-07,0.17917436543812254,1.0893114212779562e-07,6.198705113061869e-08,3.674540584601195e-05
36,0.000561648438875271,0.00010935995612016636,1.579800774452032e-06,0.001795637335142627,3.573799750533464e-06,0.0010326147651511443,0.00015314331372896637,0.782701644905738,0.00014102422628472488,0.00010065289282849046,0.0008597571364598474,0.0011176820774687806,6.97746952014966e-05,4.450758680516023e-06,0.02449438818491578,0.00509691229317641,6.653222593854719e-05,6.040789497045641e-06,0.0008001654946147351,1.4472797746662596e-06,9.292344639028157e-08,0.18084393624644163,7.608145001542366e-08,4.009519916567889e-08,3.7824283340571236e-05
37,0.0015827896746561827,0.00013413392267707457,4.7145352118680456e-06,0.0031212657522945064,1.3953317261056509e-05,0.0017251814579906312,0.0003884175808068862,0.765939183124491,0.00032800407329048605,0.00011735237089803063,0.0022464783887270385,0.0019842609427706036,0.00016929924361748966,8.302629208270093e-06,0.030772870334920308,0.005259454713011302,0.00010282766068335247,1.5252289582969116e-05,0.0010909231191024932,3.2100340630310494e-06,2.6997701289425805e-07,0.1849226634180879,2.2176952762541298e-07,1.686405732483572e-07,6.880102953353681e-05
38,0.0009898368334899502,0.00011370913073548577,2.757718550071879e-06,0.002890893842104174,6.201133925647783e-06,0.0020903018020104426,0.0003029266118739061,0.768382559673317,0.00022284841582480983,0.00014524992454165294,0.0012019935668714156,0.0010425634606880756,0.00012787212557421548,4.267550679983838e-06,0.03730746775391519,0.007967014372388137,8.822541072026778e-05,1.2545731836673095e-05,0.0016941237082099272,2.5743659168851082e-06,2.0186164998239758e-07,0.17535878632551588,1.8450195229277276e-07,8.985876762474123e-08,4.480431894010938e-05
39,0.00080608493796542,9.306810310857188e-05,2.1699267592573324e-06,0.002076005206233464,5.883165787583838e-06,0.001370422815737235,0.00021597602121271845,0.8068514230238932,0.0001783517109958901,9.427570635267966e-05,0.0012043289294205383,0.0010927770279873794,8.313752951114984e-05,4.550687892584485e-06,0.02340319346317635,0.004644063022962217,7.156936730053018e-05,8.99503965722552e-06,0.0009253374711799083,1.7097372920427697e-06,1.5758895575688642e-07,0.1568276220049546,1.264143712788584e-07,6.2513157717902e-08,3.870858413460979e-05
40,0.0009630243731032606,0.0001275601260209421,2.70818602867733e-06,0.0026479589009041813,9.505930641307628e-06,0.0016796501215696666,0.00026361495779556347,0.7532072577750212,0.00026774778338477153,0.0001172748198909971,0.0016732614501159542,0.001364563617739917,0.00010551085987192212,6.577350271950493e-06,0.0359133882475522,0.004588006602261026,8.248612421826889e-05,9.53342994749008e-06,0.0011111179285845428,2.233791192763568e-06,1.8600330986744412e-07,0.19579914687625682,1.5996863563514199e-07,9.108321974097468e-08,5.74336924612622e-05
41,0.0008124623427101475,0.00011996507316380449,2.8692632563462195e-06,0.0013790624457579715,5.1696607577764265e-06,0.0009526708093499799,0.0002915008977782999,0.7917462389786091,0.00016625185279115626,9.625862084611585e-05,0.0016041840870856694,0.0013625101330016207,0.00012238766394873077,7.745650238278528e-06,0.017955447679532045,0.005078732269181321,9.871278230274088e-05,1.2216742996045602e-05,0.001259569434930864,2.1354642199587884e-06,3.6109845192612175e-07,0.17686913700966922,1.4265516567474938e-07,8.733715503729907e-08,5.418004710019309e-05
42,0.00499389319055741,0.00026941986553779326,5.172240322838949e-05,0.009456079441883373,0.0001844317432016501,0.003360819606230391,0.0007794256876329779,0.8362164121920919,0.0023958145041804322,0.00041737744916119475,0.010362808946683663,0.005036258521245211,0.0001907269581910679,0.00018009913217768966,0.05742082271183453,0.003588140543229647,0.00019601647078308615,0.00010928632053430674,0.0007718969279499612,1.3726736876779462e-05,1.7728557649805635e-06,0.06350439236378629,4.3577553693637975e-06,1.5421268407597652e-06,0.0004927555450272356
43,0.0005444895360198652,0.00010910321275854998,1.948558768141875e-06,0.0024370414417203305,6.678349663668905e-06,0.0021366895024673956,0.00016459400288282725,0.7695294549493141,0.00025927097724014447,0.0001928716740757356,0.001065687776692367,0.0006986610490262307,6.80874412502629e-05,5.5399811014572015e-06,0.03860087013761601,0.004739906085130959,5.996084630375535e-05,8.157409339776673e-06,0.0012656157233993674,2.1893368293342727e-06,1.467410032204812e-07,0.1780577581624783,1.4912774549376294e-07,6.31025907076899e-08,4.5064874582031736e-05
44,0.0009085139271827203,0.0001253946564961157,2.591499796279791e-06,0.0026857620097180514,9.155352826342825e-06,0.0016755308263106418,0.0002598880534958147,0.7603445793804771,0.0002624094535097215,0.0001195058733680417,0.0016141027740749576,0.0013083084253620687,0.0001034327929913748,6.376591263863711e-06,0.03524714906397589,0.0046642271498547995,7.979670578500574e-05,9.718543245875466e-06,0.0011464741142635025,2.2354254819706487e-06,1.8346574168098892e-07,0.1893695515105473,1.591738129910251e-07,8.944485128337999e-08,5.486378556676874e-05
45,0.0019872044055514043,0.0005366181600020855,2.1955016302685444e-05,0.0012458384984779488,1.0810471214803373e-05,0.000685385196245803,9.56256063515109e-05,0.7798027338250366,0.00024773579538314765,0.0003555573337303562,0.0038595145700364045,0.003423112946863726,0.00011463019795371182,0.00010000348328249917,0.01242255497262755,0.004824822019650375,0.00048438505367330304,2.108399914186782e-05,0.0004726913979819525,3.905464726979647e-06,1.0883165067958802e-06,0.18894037562488647,5.344404788005504e-07,3.538384353989898e-07,0.0003414793654577389
46,0.0008714805334428518,0.00012215534515076914,2.6324453468791376e-06,0.0026214346710802298,9.366973937958446e-06,0.001755095295426396,0.0002653651519483364,0.7624806797908161,0.0002877977128193409,0.00012641358861427743,0.001642932632943615,0.0012671878140847412,0.00010266500913439626,6.7974605028237436e-06,0.036162154830474746,0.00452708219832849,7.315229744901261e-05,1.0005488093661722e-05,0.0011654132802146166,2.3571457147626586e-06,1.8840323940832024e-07,0.18644097058562872,1.6212134691342848e-07,9.096952478449053e-08,5.641825473601041e-05
47,0.0008890491596014827,0.000123524672029379,2.6121931392451266e-06,0.002732524829688444,9.402549802758809e-06,0.0017032814701902555,0.00026025786430052884,0.7649028266208312,0.0002668211938897641,0.00012174332122658146,0.0016255374243348726,0.0012826519880128043,0.00010122563325206815,6.5631551290634685e-06,0.035504880626705114,0.004569748559102839,7.891895002961344e-05,9.90787294532816e-06,0.001151378051504514,2.2602185289244245e-06,1.877676245644396e-07,0.18459952654449294,1.6446974096006714e-07,8.936180408936556e-08,5.491550209264967e-05
48,0.0019878498340714433,0.00010054840302061887,1.0704662359848069e-05,0.003426603420275069,6.058874180794643e-05,0.004299772866045642,0.0007533217315982573,0.6917072141402796,0.0017794695683405984,0.0001683917468929639,0.00547051544556458,0.0035511500875350915,0.0002688295563541291,2.1746175817204347e-05,0.08126236846692227,0.007481197655711387,6.872028144334127e-05,2.1542896479199016e-05,0.0010086517648944652,1.3644035020016882e-05,4.312037297503584e-07,0.19630003054287426,4.774181559790898e-07,6.933608769715206e-07,0.00023553599392924762
49,0.0010170576861634423,0.00012172695858083012,3.1177052573212806e-06,0.0027349589711032456,9.79529256667776e-06,0.00196130482688193,0.0002781547783607423,0.7682576080605256,0.0002735647706096082,0.00011810339145418327,0.0016533138570561181,0.00148269990896491,0.00011365567643446131,6.486141773435918e-06,0.03061597277387659,0.004811311988495267,8.668269799044128e-05,1.0276381023114586e-05,0.0009287733431344249,2.6028890575210224e-06,1.8510268540631811e-07,0.18545783646307346,1.7745882197245326e-07,9.956874828423784e-08,5.453330736099364e-05
50,0.0026481481702238224,0.00019486161260264098,5.727046760738241e-06,0.005525243698860697,2.9751898438679922e-05,0.0028835078446458103,0.0004068243002432446,0.6685466770343224,0.0004423420496460406,0.00010032275258388035,0.004288334919626617,0.00379014326067194,0.00018804182333484115,8.816378649912846e-06,0.0735267473523708,0.008065759812409576,0.0002104059706494997,1.3842935845110753e-05,0.0010550456962064372,4.553422823359927e-06,2.5349190278039617e-07,0.2279308861522451,4.4195085332687884e-07,3.7296122529012707e-07,0.0001329474628573474
51,0.0004141303458955402,0.00021361456702574558,1.2813685840492428e-06,0.0037317261514110225,5.429035482516067e-06,0.0006782160737416179,0.00010394282660593125,0.7858689667895792,0.00014685573440328554,0.0001329622927828494,0.0009205916723914593,0.0007058167938908809,6.945886270032937e-05,8.123703296610573e-06,0.023831443582191504,0.002139058076694875,4.9199951860412764e-05,7.487385049130289e-06,0.000953824750273571,1.3595137801948293e-06,1.0348447728734329e-07,0.1799895337194068,7.701948778111884e-08,3.30576335351559e-08,2.6763241353798856e-05
52,0.0007164243267451298,9.940305043722256e-05,1.984706097703379e-06,0.002586803617590642,5.960237540166476e-06,0.001784590112814261,0.00017148338631900627,0.7730353628320721,0.00022258351527483348,0.00016551220383130119,0.0012594830734286597,0.0007808949351495218,8.719121685135248e-05,4.990923342329883e-06,0.03601978947789691,0.004911357473855228,5.824345570678328e-05,1.107785969978212e-05,0.0013760694299225385,2.2430270694911845e-06,1.393996193210832e-07,0.1766590625826572,1.3518077704796857e-07,6.703889161490797e-08,3.9146936409732925e-05
53,0.0009391619678771671,0.00010973025997744923,2.5223124496081177e-06,0.002483176254331165,9.335796955111909e-06,0.0017395707345229771,0.0003475949649528817,0.7806846505153628,0.00029504213802317234,9.433020438605349e-05,0.0016197997625027319,0.0015354667518743372,0.00010191271071784605,6.404414953623229e-06,0.033082921339898104,0.004701502859708963,7.36915240854957e-05,1.0281891514385675e-05,0.001038304340923105,2.204655945213928e-06,1.9260908950660297e-07,0.17106540944209941,1.7601908069071612e-07,9.021396763496746e-08,5.6526314800547596e-05
54,0.001644622799376167,5.722400256973446e-05,2.3377857552847174e-06,0.003887744865342668,1.3598764311387047e-05,0.0020181694820405726,0.0002956600762884143,0.8213504113888233,0.00017309833081842235,6.855690676964475e-05,0.002703844296816402,0.000651048179188056,0.0001306642770446996,3.3563227121479857e-06,0.016672530443005273,0.0019792564785890616,7.249925996030626e-05,2.5479552746827782e-05,0.0013379421797285196,1.8944132935091016e-06,2.828602458977502e-07,0.14689319431823789,2.2587809157435263e-07,7.582895869240272e-08,1.6281309285445784e-05
55,0.0015033814413183788,0.00013059974074188825,3.3067560494945097e-06,0.003707025267667819,1.693312432155513e-05,0.002029996374958154,0.0005750827604526068,0.7490124507628398,0.0004399513376743697,7.781934972302953e-05,0.0023428063990255502,0.003220410888709218,0.0001668778548442348,6.85645303154827e-06,0.034668011698411126,0.005664269822917862,8.655739734661175e-05,1.3371333640800981e-05,0.001120921048344432,2.7107119387903402e-06,2.090627520110415e-07,0.19513658235779668,2.143216414163495e-07,1.8421057399438168e-07,7.346952327841067e-05
56,0.0009399417214579532,0.0001257197808344002,2.631133065785298e-06,0.0026711903486337,9.195051119214441e-06,0.0016370075537562275,0.00026475165099737534,0.7586291663526379,0.0002599966445815485,0.0001166265688503615,0.0016444849019658988,0.0013312242024158313,0.00010780177744921416,6.413909142649125e-06,0.034255051613578585,0.004597492381141245,8.047141141029394e-05,9.966580524693737e-06,0.0011482589548702817,2.2553148173946704e-06,1.886165603810873e-07,0.19210550428086934,1.590406191491e-07,9.13250105341137e-08,5.440888368999288e-05
57,0.0007588286698911876,0.0001487999678132806,2.302837319852073e-06,0.00251269858857319,7.68246383443198e-06,0.001207157924845904,0.0002714574626617943,0.7407759993062877,0.00021811681681568456,0.0001153969886314756,0.001439154588214278,0.0013571093467754434,0.00012582065724333217,6.04759401557041e-06,0.032705045142070566,0.005530023208342936,8.221929491685424e-05,9.208445785562699e-06,0.0015775760794750663,2.1412789047899428e-06,2.15664973811204e-07,0.21109452518409472,1.1913256844388025e-07,8.672058338385825e-08,5.226663536065838e-05
58,0.0010552347217452677,0.00013849810953388538,3.077945876812721e-06,0.0031422280472348813,1.1902778944905308e-05,0.0018962121110568152,0.0003154800028235771,0.7448846910894008,0.00031976014976262606,0.0001271488970941504,0.001887363764230075,0.0015603400529400177,0.00013041322027196783,7.166942512497705e-06,0.039106193073661547,0.005264097167595321,8.827327198952738e-05,1.1480315657762668e-05,0.0012980183476034696,2.8404610417675853e-06,2.240194463494242e-07,0.19868497590761364,1.9954616492288964e-07,1.3034788042897397e-07,6.404970791687086e-05
59,0.0010008408907692314,0.00013843302799970638,3.28054082242635e-06,0.0029697994589354287,1.1365864422666051e-05,0.00188769030127225,0.00029720598094867243,0.7548401644233856,0.0003112891732968481,0.0001366727663785454,0.0017680809844447894,0.0014916370206771836,0.00012252309217351416,7.445492439712754e-06,0.03727031435832731,0.005391968537599342,9.022887849940472e-05,1.1006785726890909e-05,0.0012012149365670324,2.872899257798326e-06,2.2267685503948752e-07,0.19097997886204143,1.9682197394601877e-07,1.255017403231583e-07,6.544072344499922e-05
60,0.0009085139271827203,0.0001253946564961157,2.591499796279791e-06,0.0026857620097180514,9.155352826342825e-06,0.0016755308263106418,0.0002598880534958147,0.7603445793804771,0.0002624094535097215,0.0001195058733680417,0.0016141027740749576,0.0013083084253620687,0.0001034327929913748,6.376591263863711e-06,0.03524714906397589,0.0046642271498547995,7.979670578500574e-05,9.718543245875466e-06,0.0011464741142635025,2.2354254819706487e-06,1.8346574168098892e-07,0.1893695515105473,1.591738129910251e-07,8.944485128337999e-08,5.486378556676874e-05
61,0.0010632774527728512,0.00013259630763747522,3.446159401781422e-06,0.002859562133401617,1.142866233793318e-05,0.0019069530813666015,0.0003037593033327242,0.7598719422283129,0.00031500018282936364,0.00013374112082233374,0.0018340882554925407,0.0015053915204736586,0.00012358619705111505,7.3840834266143775e-06,0.03560583739733205,0.00519555777012138,8.932598593266014e-05,1.1292063365326442e-05,0.001172768484882968,2.8097650954209384e-06,2.2795052553735627e-07,0.187784680778954,1.9767586211357828e-07,1.2695449389898124e-07,6.501848477524613e-05
62,0.0009085139271827203,0.0001253946564961157,2.591499796279791e-06,0.0026857620097180514,9.155352826342825e-06,0.0016755308263106418,0.0002598880534958147,0.7603445793804771,0.0002624094535097215,0.0001195058733680417,0.0016141027740749576,0.0013083084253620687,0.0001034327929913748,6.376591263863711e-06,0.03524714906397589,0.0046642271498547995,7.979670578500574e-05,9.718543245875466e-06,0.0011464741142635025,2.2354254819706487e-06,1.8346574168098892e-07,0.1893695515105473,1.591738129910251e-07,8.944485128337999e-08,5.486378556676874e-05
63,0.0008828653745588198,0.0001353632762233537,2.519229503680129e-06,0.0026949051647889954,9.08245301635322e-06,0.0016313198738453604,0.00025393168349795305,0.7542525837402242,0.0002571479935567598,0.00012280328158697907,0.001597043804354477,0.001309831403524591,0.00010279122729943329,6.453251346765034e-06,0.035737912811570224,0.004722439558483309,8.277544833516307e-05,9.524974360168502e-06,0.0011975217980171463,2.2009944051830435e-06,1.8526381592634615e-07,0.1949327540598356,1.5752619148869183e-07,8.949809169630106e-08,5.5796309566387436e-05
64,0.0009166678007201162,0.00013004787906976582,2.8759218514661113e-06,0.002513097010715433,9.694624004401567e-06,0.001564975165674447,0.0002855159620081093,0.7675376690217045,0.0002563996945589119,0.00011932954660240125,0.0017254411019262256,0.0013357127584106509,0.00011058729724489624,7.119610392522999e-06,0.03255269509516867,0.004672401431981279,8.768055394135656e-05,1.0627327659126658e-05,0.0012446359776967291,2.3283449571042585e-06,2.4161133623856236e-07,0.18485650248490879,1.7144031304101953e-07,9.701134003051563e-08,5.7485325813553934e-05
65,0.0007830078349047386,0.0002465827699079063,7.304544475183606e-06,0.0018588071012779735,1.4355316534706043e-05,0.0010593173173912512,0.00022303179740696034,0.7413512264069498,0.0006517836651523069,0.00027170206537345016,0.0015068339949646482,0.001958773684648165,0.00014538563041906538,3.0839830583593874e-05,0.029142226912120952,0.0057168619454198415,7.894193634219696e-05,9.429431949019351e-06,0.0006306669268861399,6.0626933106774824e-06,2.813357289760464e-07,0.2141468954866431,1.7274920285632484e-07,2.3105752081022427e-07,0.00015927756488560272
66,0.0009269958953756731,0.00010329351303108608,3.167674649722506e-06,0.002132770441462507,7.773621240059419e-06,0.0011855833960329233,0.00024858889165351805,0.8025211710518922,0.0001911034050202438,0.00010523346948127624,0.001513215875766718,0.0011885126138575642,0.00013009421517822252,5.654279707779674e-06,0.024473611688724996,0.004680453278837957,6.91144203528059e-05,1.0125813050870933e-05,0.0008502477225066232,2.719468197057321e-06,1.7597590644261126e-07,0.15960901397127994,1.0633158016709148e-07,7.390719077155977e-08,4.119907802274703e-05
67,0.000884155753438376,0.00012593523914574962,3.4264207146444666e-06,0.0029312694764720296,8.982479849818996e-06,0.0016520894507941935,0.0002462735442250812,0.7933469238616413,0.00022882896730538443,0.00014218400237325064,0.0015409290519059903,0.0012335576342269493,0.00011501312313886228,7.315911490639125e-06,0.032204191970812125,0.005476286817983216,9.325002549551818e-05,1.1675056481098813e-05,0.001055525766084106,3.1027317774244274e-06,2.1673929403925418e-07,0.15863379821604734,1.9611560624152941e-07,1.0143136925152216e-07,5.477021232736253e-05
68,0.0005739991521060581,7.345612509147357e-05,5.00181613022091e-07,0.0010697265665306989,2.2415728092613963e-06,0.00047692867840657457,0.0001063364881410124,0.7626055308468978,5.558471249082735e-05,4.302584567618186e-05,0.0009829863918250081,0.0003694656154220971,4.929215857160201e-05,1.4957586185425498e-06,0.017399618586369056,0.0024902989822421394,5.026938184945333e-05,5.9624541548690825e-06,0.0018382348050026331,4.254113631914841e-07,1.1914371154544484e-07,0.21179089219599384,3.761628012308721e-08,1.55577477316335e-08,1.355577108532696e-05
69,0.0005577583601055917,8.925750043419165e-05,3.355504949295203e-06,0.001850027738618649,6.159981723405468e-06,0.0012649660691762216,0.0002115897464543736,0.8570131303118241,0.0001945817898831396,0.00014565691132879528,0.0011254039769607285,0.0009160125556040128,8.744935112832705e-05,8.4400464846438e-06,0.019265304447339773,0.004809847583187948,6.457265883975115e-05,1.2641252364116051e-05,0.0008175350094919207,3.2052990148116427e-06,2.4273387541361326e-07,0.11150792969644027,1.6201255144983513e-07,7.331419487225767e-08,4.469614802407167e-05
70,0.0011048787971304644,0.00012991082284625864,3.952831786880931e-06,0.005649705525724905,3.069799871329185e-05,0.0020647018567642073,0.0003534396970066043,0.7871897385046314,0.00044645660772971635,9.303417030308419e-05,0.002452239810310242,0.0017403750648688546,0.00011343655304478399,1.2035524178835812e-05,0.03724997832152757,0.002061594220131493,7.188476740080717e-05,1.0001521056697045e-05,0.0005297746367666698,3.179464917611617e-06,1.776671958720891e-07,0.15863175404963792,2.3981187658801583e-07,1.0583178483901773e-07,5.670594266448374e-05
71,0.000406104441061318,0.00016980825450540045,4.892028942361548e-06,0.0024060854757166055,2.4901626840971566e-05,0.0014018119791143313,0.0004408124439419942,0.8315942542451552,0.0005903563865234951,0.00019911983230294842,0.0014510913245331402,0.0016903762646716365,0.00011779104321003975,2.407862100373196e-05,0.026460303542185964,0.006890418896534208,7.895568755108462e-05,1.4237571382730917e-05,0.0008348340775440035,8.642363209657772e-06,4.2798861508034453e-07,0.12507700146871523,2.720603055740147e-07,2.0869373946580918e-07,0.00011321368269383937
