,0,1,2,3,4,5,6,7,8,9,10,11,12,13,14,15,16,17,18,19,20,21,22,23,24
0,0.0011466150607295795,0.0001592959549798898,3.940645397796688e-06,0.0018142291506796128,8.315318709310178e-06,0.0005344246734178124,0.00018134641384274318,0.8205556544416652,0.00011039107862754357,7.704102513932756e-05,0.0018751861708601592,0.0020282359897974855,0.00010306270981082204,8.386888875497466e-06,0.017451141556698625,0.004733525758065694,0.00014916294594544472,9.361295841309098e-06,0.0006238512533040177,1.7795392078616753e-06,2.300384203729189e-07,0.14836611603302205,1.0231486139938604e-07,8.150986712985396e-08,5.852223223340066e-05
1,0.0008719942654999808,0.0001495353682917351,4.069870969798924e-06,0.001460031046722429,7.730055464171208e-06,0.0008937087719073984,0.0002029074343764375,0.7825220761141607,0.0002213579145372628,0.00014185042025397448,0.001762830696290554,0.0015488916778098865,0.00010439453284660202,1.1025440760003753e-05,0.024603821090818646,0.005803588932187881,0.00010436826146628595,1.0320102829904638e-05,0.0010101767921122061,2.5093422379259727e-06,2.8633904340273466e-07,0.17847670518522013,1.2977711686016318e-07,1.095618326697479e-07,8.558100524304532e-05
2,0.0008216478442885073,0.0001506385803490482,3.448673337782932e-06,0.0013349366130080034,9.128243499573037e-06,0.0007677326235930687,0.00016684960084913667,0.7628462814659175,0.00021536787485687284,0.00011820053751661457,0.0020960580143974525,0.0016378487020598405,8.741860989291596e-05,1.3651997126764389e-05,0.027999240002931067,0.004123632771695104,9.740360923367389e-05,8.326780763307677e-06,0.0007380375293042506,2.4363594122419654e-06,2.4595855215601807e-07,0.19666699057278691,1.1701610193910323e-07,9.342934191177816e-08,9.426658918435024e-05
3,0.0009574171171093014,0.00014859112716227873,3.385274574146964e-06,0.00143520951015293,7.951733543105333e-06,0.0008153235484350579,0.000181927449713376,0.7669755825345069,0.00019404089432218188,0.00010843864102724189,0.0020838380411778074,0.0016780113907133335,9.399210863523354e-05,1.08163174434429e-05,0.02503061615834743,0.004176893047418587,0.00010313090040038072,8.949257670168272e-06,0.000823141629707097,2.0046263868053687e-06,2.4156226208772096e-07,0.19508018085873868,1.1606737252280343e-07,8.93754158026466e-08,8.011082776428056e-05
4,0.0009958688405797753,0.00015549042350169844,3.5535694002796536e-06,0.0014661771744666284,8.137700691909381e-06,0.000736668808320863,0.00018232194232155482,0.7649766473068587,0.00019201958005068877,0.00010783023858203026,0.002106867540193721,0.0016594172356729896,0.00010447192750889694,1.1706786545429351e-05,0.022995139584469578,0.003861091187744786,0.0001021018963040819,9.512215098135795e-06,0.0008156381315987851,2.0854572901666165e-06,2.6229141625794414e-07,0.19943102148227962,1.1363694587001361e-07,9.16740994540593e-08,7.576336805798242e-05
5,0.0010138481421481608,0.00015425596212270738,3.839437229134298e-06,0.0018016555380141706,9.183109908822862e-06,0.0008550035507413804,0.00019167983508193914,0.7830058597574342,0.00020554351575985516,0.00012199090964870815,0.002110227288578585,0.0016532986550999048,0.00010917187266128151,1.1809556685550432e-05,0.023355777723855005,0.004388702635189089,0.00010699697788072795,1.1812672339026395e-05,0.0008741258860233445,2.4780515049457266e-06,2.738355507195488e-07,0.17993822548676103,1.4208273730006406e-07,1.0819547189420011e-07,7.39893215725877e-05
6,0.0009574171171093014,0.00014859112716227873,3.385274574146964e-06,0.00143520951015293,7.951733543105333e-06,0.0008153235484350579,0.000181927449713376,0.7669755825345069,0.00019404089432218188,0.00010843864102724189,0.0020838380411778074,0.0016780113907133335,9.399210863523354e-05,1.08163174434429e-05,0.02503061615834743,0.004176893047418587,0.00010313090040038072,8.949257670168272e-06,0.000823141629707097,2.0046263868053687e-06,2.4156226208772096e-07,0.19508018085873868,1.1606737252280343e-07,8.93754158026466e-08,8.011082776428056e-05
7,0.0011671099021746834,0.00014044107499565605,3.428367498959024e-06,0.001381789997251562,6.910468589312936e-06,0.0007015154153848338,0.00018342944223097532,0.7620318468713864,0.00015948429110030588,9.311637847593048e-05,0.002247118933704186,0.0015389288545128463,0.00012017357470961347,8.920172263593644e-06,0.022454143152998336,0.0037107222196442837,9.374816967207757e-05,9.561208532926587e-06,0.0008354740042255574,1.9367279033459436e-06,2.3729682530631428e-07,0.20304793021901055,9.256204389888387e-08,7.816616539601882e-08,6.186252869945248e-05
8,0.000516519584453107,8.786319385289364e-05,1.0242048348540845e-06,0.0008643441670751715,4.8703479124954464e-06,0.0005525884854611507,0.00023201918132932252,0.7823297379109767,0.00012756782272635585,4.905999778821203e-05,0.0019411813280873385,0.0009692449101650695,7.765661569036287e-05,5.452709175546848e-06,0.01719082015881463,0.002439092693973651,4.719563365118133e-05,9.610742079809646e-06,0.0014045087839160376,1.0819223913141734e-06,2.4538836164699514e-07,0.1911180896923286,5.1925777752656274e-08,2.8061590640183086e-08,3.0144537586299127e-05
9,0.002005868645392354,6.173574137055942e-05,5.626959464280913e-07,0.0008443307642144561,1.1365657427808496e-05,0.0006923625299817736,0.00059145747722376,0.6156792335262263,0.00019819418238729825,1.0453783288339753e-05,0.0052341458983083625,0.0018327144203048266,0.0001016131963382355,2.8496505388213733e-06,0.02081191603063989,0.0011093221509547186,4.4196382919061234e-05,1.18028636209571e-05,0.0016948178349382966,4.389933470451397e-07,2.3863281990739047e-07,0.34903152300245555,5.958091613943697e-08,2.9240536821563078e-08,2.8767117902220204e-05
10,0.0009574171171093014,0.00014859112716227873,3.385274574146964e-06,0.00143520951015293,7.951733543105333e-06,0.0008153235484350579,0.000181927449713376,0.7669755825345069,0.00019404089432218188,0.00010843864102724189,0.0020838380411778074,0.0016780113907133335,9.399210863523354e-05,1.08163174434429e-05,0.02503061615834743,0.004176893047418587,0.00010313090040038072,8.949257670168272e-06,0.000823141629707097,2.0046263868053687e-06,2.4156226208772096e-07,0.19508018085873868,1.1606737252280343e-07,8.93754158026466e-08,8.011082776428056e-05
11,0.0010257601436550851,0.00015280094685235078,3.5537513503224562e-06,0.001487504841057347,8.239013838900412e-06,0.0007850771063427174,0.00019017465664339042,0.7604470830537721,0.0001936817830454445,0.00010634749814297617,0.002144008031816606,0.0017415034422015487,0.00010604969065346552,1.088622041387736e-05,0.024707785421820627,0.004246553504916627,0.00010579605973493137,9.344945376930718e-06,0.0008459879644091623,2.1266975323347117e-06,2.5568984920340084e-07,0.20160001307235384,1.1636346554050366e-07,9.706571857356553e-08,7.925303503593784e-05
12,0.0012184543393272272,0.00023335492642069769,8.020563151740168e-06,0.0014763403413767067,4.621830834344001e-05,0.0012966387440632372,0.0002184304234850848,0.7060680740916393,0.0004550480858687442,0.00016869835436775379,0.004148744129167288,0.0031698116921919724,0.00010486288130164832,3.4155008795397855e-05,0.032529581036868,0.004825536535543397,0.00022967907009735971,1.002006069913083e-05,0.0004458205143927867,6.294411588237523e-06,4.590077591298584e-07,0.24305729419968858,2.8468035990552503e-07,2.853207649514835e-07,0.0002478932727381861
13,0.0008610607470706411,0.00012137105167459157,2.1953640939583876e-06,0.0006696924295069473,6.831534419540662e-06,0.00033243240748150087,0.00011360394018878405,0.7458938276310716,0.00011422617326419676,4.776289958468941e-05,0.0030820716675830505,0.0017686488946314514,6.727352996872135e-05,1.2680037639192346e-05,0.018672271795327273,0.0016837886160188619,7.765390191451643e-05,5.274986613327161e-06,0.00045330406098744374,1.114702117210506e-06,2.1171190391338228e-07,0.22594148717230852,4.89567715630261e-08,4.165699009726949e-08,7.112413086831918e-05
14,0.0009031354721436869,0.0002543628547576847,2.9271396720450806e-06,0.0024391723748606836,1.5277067266741442e-05,0.0006335104837665538,0.00017797604579469545,0.7587480259586615,0.00018336839249647995,0.000132770602032466,0.003384157780882959,0.0012955221282366879,0.00013308377046977548,1.5344718675472294e-05,0.019589234715146595,0.0023283198227962622,0.00011051896192276001,1.6640774060713645e-05,0.0014905016470767708,2.1090869025599256e-06,4.624450361402281e-07,0.20809287428118545,1.280439432549718e-07,9.6886236585813e-08,5.047854597531999e-05
15,0.0009574171171093014,0.00014859112716227873,3.385274574146964e-06,0.00143520951015293,7.951733543105333e-06,0.0008153235484350579,0.000181927449713376,0.7669755825345069,0.00019404089432218188,0.00010843864102724189,0.0020838380411778074,0.0016780113907133335,9.399210863523354e-05,1.08163174434429e-05,0.02503061615834743,0.004176893047418587,0.00010313090040038072,8.949257670168272e-06,0.000823141629707097,2.0046263868053687e-06,2.4156226208772096e-07,0.19508018085873868,1.1606737252280343e-07,8.93754158026466e-08,8.011082776428056e-05
16,0.000799982670139662,0.0001318529745108244,2.117960359784643e-06,0.0011946630575056549,5.700892894506737e-06,0.0005793244439224727,0.00014122386604006922,0.7503231109641997,0.00014109947554963382,7.867206567930837e-05,0.0020025396118295365,0.0016012319640712127,7.740508823092414e-05,9.587946754889003e-06,0.02548547830337795,0.003215293051900422,8.13039864269554e-05,7.1831873121461105e-06,0.0007656103991101834,1.4288703241516599e-06,1.796826031810209e-07,0.21328873825718161,7.528858738514964e-08,5.370539968602359e-08,6.614228608811692e-05
17,0.0009671224905644409,0.00014890592568248258,3.3969703299701882e-06,0.0014388719658339228,8.099392986737903e-06,0.0008089996108882622,0.0001836715372936366,0.7665420885663529,0.00019505336845198316,0.00010689371440872128,0.0021122620784178236,0.0017009917906432772,9.481679061206768e-05,1.0942916527995366e-05,0.02477130344913252,0.004119284905710183,0.00010349724810047043,9.018945593700496e-06,0.000816832072445379,2.0084367129472356e-06,2.440632421250983e-07,0.1957753175006336,1.1652313851097377e-07,9.024369780303637e-08,8.016949259848822e-05
18,0.0008395159795369172,0.00016650446996459878,3.664431352674669e-06,0.0010259588913317445,7.3288987313086995e-06,0.0007656806405241105,0.00018821359649830784,0.7508526873982249,0.00021451059368307932,0.00011816062218299281,0.0020154722373656024,0.0020565784870545533,7.765731768054773e-05,1.5503101327565988e-05,0.026242777321104863,0.00485695610517759,0.00012522600966320278,8.08476038090451e-06,0.0008385023836123969,1.926414636697346e-06,3.1200020222342964e-07,0.2094503012978597,1.31817360034584e-07,9.880794450280474e-08,0.00012824641659909609
19,0.0008652012954874854,0.00019029101325334795,3.5241906217669378e-06,0.0022720756906383687,1.028156665112654e-05,0.0011014056364678836,0.00019572806866114222,0.7408178236214573,0.0002533896947477985,0.00014876465245538138,0.0017449895096278711,0.00184853686371425,0.00010097545336739723,1.179419439554362e-05,0.031459596988158416,0.004969308824266631,0.00011320482951829583,8.492557967412937e-06,0.0008861821404581541,2.4245769768179505e-06,2.0800432851479657e-07,0.2129078341398065,1.4116588284409605e-07,1.1061272243676302e-07,8.771470836730311e-05
20,0.0007602514914916952,0.0001324045333992229,2.189078162450699e-06,0.0012006163402769705,6.021365903317824e-06,0.0006453719104795126,0.00013299904066995825,0.7364538193992862,0.00016362081693537106,9.176708801416553e-05,0.0019311363432237723,0.0012250675799560034,8.371780970316286e-05,9.801486482048626e-06,0.024247959818298834,0.0026656657094687973,6.91399117695074e-05,6.806549905661622e-06,0.0007441005253449775,1.6068002802820969e-06,1.8412778796628435e-07,0.2293672422275038,7.374471944937066e-08,5.5627991803278257e-08,5.838067294493633e-05
21,0.0011753198792880972,0.0001769257222798064,5.354948636812902e-06,0.0016140728059452997,7.816346403295464e-06,0.0005363302497743185,0.00017449083074998147,0.8070969405857111,0.0001561321410057281,0.00011075986301454754,0.0019085281077218664,0.002228486249897793,0.00012418070411115314,1.3694817528004645e-05,0.018243833703467265,0.005762169760372593,0.0001426198067169732,1.1637082417034854e-05,0.0006556881678330278,2.6399504814686777e-06,2.855639737301912e-07,0.1597669441501335,1.2585139019844777e-07,1.2272577012692926e-07,8.489998537632439e-05
22,0.0009503773882193725,0.00023957881226770847,3.2863794228203765e-06,0.002597319290042102,2.0799125372093944e-05,0.0016204846030947212,0.0005965815315996477,0.6114810629467842,0.0009535532190726206,0.0001238697576186126,0.002569843936170446,0.0037405743226871413,0.00015474460681346103,1.7315028734061537e-05,0.06932056821696808,0.0065126965441205335,7.687946623708932e-05,8.006165404966141e-06,0.001575606058232668,3.1468909480369036e-06,2.7518171869812846e-07,0.2972101637394045,1.945850953405619e-07,2.9780273286514266e-07,0.000222774401238143
23,0.0009574171171093014,0.00014859112716227873,3.385274574146964e-06,0.00143520951015293,7.951733543105333e-06,0.0008153235484350579,0.000181927449713376,0.7669755825345069,0.00019404089432218188,0.00010843864102724189,0.0020838380411778074,0.0016780113907133335,9.399210863523354e-05,1.08163174434429e-05,0.02503061615834743,0.004176893047418587,0.00010313090040038072,8.949257670168272e-06,0.000823141629707097,2.0046263868053687e-06,2.4156226208772096e-07,0.19508018085873868,1.1606737252280343e-07,8.93754158026466e-08,8.011082776428056e-05
24,0.0008026105749645406,0.00017157867173310314,2.8459948258961716e-06,0.00182378534354917,7.363295454423249e-06,0.0006972938348796064,0.0001588917962764973,0.7762142419478937,0.00017111354849636202,0.00011685656355374796,0.001756856971423047,0.0014381731240057946,9.111850118082825e-05,1.0952396860472026e-05,0.023107928915928173,0.003749943345010909,9.81170658404749e-05,9.283088935434703e-06,0.0009235519657735815,1.790178310092645e-06,2.3235288547214505e-07,0.18858181985548594,1.1023648066639759e-07,7.725547735662098e-08,6.34631747746662e-05
25,0.0006483117298146528,0.0007813937771402495,7.416038925438823e-06,0.0018327407628881286,4.097784170904042e-06,0.01247492991621988,9.012452618726368e-05,0.015339094905681605,0.0037267630028725816,0.0028210308662074426,0.00018712651910392564,0.0007901687696229058,6.044438527168831e-05,8.41335927774175e-06,0.6882806994385663,0.02776347684677378,0.00014422489169083522,6.381174495377128e-07,0.004149137288686804,1.395807591091236e-06,6.837063203756662e-08,0.2386657101673231,7.520361669088449e-07,2.1254354025816295e-06,0.0022197152563326566
26,0.0018566327528550589,0.00020521871538158642,8.48489370956339e-06,0.002597533109645695,1.7763744993952324e-05,0.0013550018455939486,0.00026935172428041573,0.7682720373915896,0.0004221039671260541,0.00018037796019561685,0.0026642863893524796,0.002451168450522961,0.00016481313803426076,1.7771653416816293e-05,0.026112673988990785,0.00634157323997864,0.0001557452717394997,1.7334909995632122e-05,0.0008586934522970795,4.259236607831922e-06,3.9553823938974535e-07,0.18589862708016558,3.0624336604625525e-07,3.102926784515737e-07,0.00012753500924303753
27,0.0019894614426093143,0.0002225198607964357,6.274002339551983e-05,0.0012140128447421443,1.791581810467739e-05,0.000211937842482545,0.0004154193236020733,0.9395223027498396,2.1211728275087853e-05,0.00010805984237650467,0.005723318767343323,0.00455165120248829,0.00018454622282704426,3.874234913562255e-05,0.0046084634035426396,0.014053082419878724,0.00296417340034543,6.481092485196023e-05,0.0005481930890335691,6.660168729093077e-06,5.285298072759331e-06,0.023332887018215263,7.065470538659672e-07,2.3623910370764283e-07,0.00013166147315497891
28,0.0009574171171093014,0.00014859112716227873,3.385274574146964e-06,0.00143520951015293,7.951733543105333e-06,0.0008153235484350579,0.000181927449713376,0.7669755825345069,0.00019404089432218188,0.00010843864102724189,0.0020838380411778074,0.0016780113907133335,9.399210863523354e-05,1.08163174434429e-05,0.02503061615834743,0.004176893047418587,0.00010313090040038072,8.949257670168272e-06,0.000823141629707097,2.0046263868053687e-06,2.4156226208772096e-07,0.19508018085873868,1.1606737252280343e-07,8.93754158026466e-08,8.011082776428056e-05
29,0.0009574171171093014,0.00014859112716227873,3.385274574146964e-06,0.00143520951015293,7.951733543105333e-06,0.0008153235484350579,0.000181927449713376,0.7669755825345069,0.00019404089432218188,0.00010843864102724189,0.0020838380411778074,0.0016780113907133335,9.399210863523354e-05,1.08163174434429e-05,0.02503061615834743,0.004176893047418587,0.00010313090040038072,8.949257670168272e-06,0.000823141629707097,2.0046263868053687e-06,2.4156226208772096e-07,0.19508018085873868,1.1606737252280343e-07,8.93754158026466e-08,8.011082776428056e-05
30,0.0009574171171093014,0.00014859112716227873,3.385274574146964e-06,0.00143520951015293,7.951733543105333e-06,0.0008153235484350579,0.000181927449713376,0.7669755825345069,0.00019404089432218188,0.00010843864102724189,0.0020838380411778074,0.0016780113907133335,9.399210863523354e-05,1.08163174434429e-05,0.02503061615834743,0.004176893047418587,0.00010313090040038072,8.949257670168272e-06,0.000823141629707097,2.0046263868053687e-06,2.4156226208772096e-07,0.19508018085873868,1.1606737252280343e-07,8.93754158026466e-08,8.011082776428056e-05
31,0.0009830293362121337,0.00011736591057506693,3.4377281561124006e-06,0.0009905922298428895,4.6733134512054466e-06,0.0005278175700618976,0.00014217715308240654,0.8266763995152301,0.00010988311826398422,8.163683129092122e-05,0.001602734017757292,0.0013386320927759403,7.876809682659281e-05,7.806997665953466e-06,0.01436209841933098,0.0037403691868408556,9.884880002115127e-05,8.118309788314194e-06,0.0006006711873480725,1.3870928391613636e-06,2.2477737997997607e-07,0.14846887030263284,8.281426574013188e-08,5.8882901408894524e-08,5.4316315459027545e-05
32,0.0009146270508844312,0.00014843444168845623,3.1725120494861767e-06,0.0014619414479912838,7.697989782799035e-06,0.0008211600820970894,0.00018608622929245814,0.7626765557893581,0.00019040246310493415,0.00010906231970407648,0.0020378744233557214,0.0016263259239705375,9.487619477938455e-05,1.0267132882609828e-05,0.026112695787256085,0.004360101493083061,0.00010272370657544081,9.086895304546528e-06,0.0009323876785359851,1.9879343009000784e-06,2.489427418645204e-07,0.19811371973440212,1.1636511925206741e-07,8.909780420717035e-08,7.835836393526108e-05
33,0.0009566073821271325,0.00015252899510138573,3.6069042541475194e-06,0.0014500072675842455,8.414421460037081e-06,0.0008862565906526583,0.0001836164562684359,0.7630551622367227,0.00021657780540074506,0.00012017177928868958,0.0020972221953057288,0.0016589322243273782,9.321385504397009e-05,1.1649475704998538e-05,0.027029491294400486,0.004302574416197143,0.00010304772871236315,8.999258092835989e-06,0.0008377770046930324,2.1435520456243587e-06,2.4783057608013433e-07,0.19673393941288186,1.2506127633987555e-07,9.546324642900802e-08,8.759138863585e-05
34,0.00024238235723317473,0.000285356615717169,3.671014511587091e-06,0.0017965254629709047,8.288955907014244e-06,0.0011078687190451705,0.00014061904064287828,0.8106855844201131,0.00023466921749033982,0.0003057360342022356,0.0009428058511190924,0.0021048909820889977,4.759086282563343e-05,2.737953514205593e-05,0.02621440031508256,0.010871633675302347,0.00020034640750332545,6.68617045010631e-06,0.0006161662156640788,4.184012716381496e-06,2.3849879479707853e-07,0.14396834140903417,2.3585996220979155e-07,1.231520314306846e-07,0.0001842752144492455
35,0.0010605593495004613,0.00010084459352382735,2.454364139013567e-06,0.001019744427155193,4.395492108270875e-06,0.0006975555854237493,0.00015847501004081002,0.7909915771401783,0.0001465204724325889,7.835304666443902e-05,0.00165613142778876,0.0014047397640123871,7.970451035953928e-05,6.209043355674592e-06,0.015169885721422879,0.003568244017631028,7.423259066127361e-05,9.106139752980698e-06,0.0007704011854561337,1.1385963215337463e-06,1.80987147735823e-07,0.1829509679276705,7.626591648881104e-08,5.983697538444525e-08,4.844250436128936e-05
36,0.0005794620089946153,0.0001286205106912455,1.972772788375892e-06,0.0009597301866187413,2.9309405166269774e-06,0.0005063935671720197,0.00010685444561660932,0.7825569805096902,0.00010348454809688998,9.050242631750324e-05,0.0010607385471871084,0.001413086885453928,6.354634367540056e-05,7.05666247315054e-06,0.017695259689730073,0.004622296871389653,8.285158711966266e-05,5.291956581545865e-06,0.0005842907370492704,1.2642547959093775e-06,1.1481636333939175e-07,0.18937346715178363,5.285775109272706e-08,3.912698906071784e-08,5.3710595154558685e-05
37,0.0018128252875833151,0.00017707171738750945,6.662104765868529e-06,0.0019175369134099493,1.3034238657350478e-05,0.0008043595360819803,0.0002650884553869411,0.772436908321609,0.0002763372542162679,0.00011987894806550518,0.002737668637568668,0.0023773947365593137,0.0001690338617213517,1.5685289106426346e-05,0.020853692875591186,0.0047040585057544606,0.00013085044860279213,1.6044219993683722e-05,0.000824287716573755,3.018236006670466e-06,3.843057487944421e-07,0.1902422283491498,1.7767605662802104e-07,1.8867520157197266e-07,9.558368920122586e-05
38,0.0010409518710838017,0.00012927192082417532,3.3538092033034055e-06,0.0015474130124359749,4.979998278507895e-06,0.0010826043390562946,0.00022297882965446986,0.7732325895248116,0.00015980620963555538,0.00012449499510786208,0.0015079494734504897,0.001346381382477988,0.00011731357015278487,6.228916959458574e-06,0.02748422483768982,0.007341930279795237,0.00010954775510158533,1.0983236163780807e-05,0.0012750999290302477,2.19256879351538e-06,2.4827785880578796e-07,0.18318737019713535,1.2812244985979088e-07,8.625261266940954e-08,6.187069023712462e-05
39,0.0008342083684263903,0.00010515771114571814,2.677341709992037e-06,0.0010595795290002624,4.8324738865562874e-06,0.0006789625151890963,0.00015318276788713457,0.8139788052253415,0.00012296796999139285,7.923308961219815e-05,0.0015757001584556641,0.0014253894320001746,7.259123104893825e-05,7.0682901401357006e-06,0.016635953674872167,0.004065653741342826,9.045929714496957e-05,7.87014505260236e-06,0.0006504740423071735,1.4381381947693705e-06,1.988053549458943e-07,0.15839279436136663,8.757970505543293e-08,5.788739662350935e-08,5.465622342702531e-05
40,0.0010062179829563541,0.00014937758449488645,3.4864583039262505e-06,0.0014015448089953967,8.15191399620614e-06,0.0008245858209284022,0.00018506229601806512,0.7602031849071383,0.00019519816053488565,0.0001050945054868482,0.0021674220061517323,0.0017548902246499632,9.481883025131567e-05,1.0961558596299677e-05,0.025675766469259884,0.004080004188581323,0.00010591636934527644,8.656704552921746e-06,0.0007944826383902073,1.976953780975828e-06,2.4195117719018166e-07,0.20113960679087745,1.1500994301535876e-07,8.898687306718823e-08,8.31468787162645e-05
41,0.0008215416889758199,0.0001406697316074667,3.7101283700720953e-06,0.0007052703639174126,4.513585676636552e-06,0.00046630214201228684,0.00020576596237055614,0.7929019059326095,0.0001199481974988986,8.597351295878512e-05,0.0020840668618864262,0.001768247736671948,0.00010665721269137111,1.3129319447603827e-05,0.012788643230108981,0.004647726019281219,0.00013253652901567569,1.092299409410773e-05,0.0008946474878536637,1.9258435133307503e-06,4.744497521359306e-07,0.18201184022313302,1.0468386190280128e-07,8.684180578990194e-08,8.338932088556077e-05
42,0.0063586480344023765,0.0003566313650944919,8.454863804547754e-05,0.0052051808241579435,0.00017327959848876807,0.0014696161337040025,0.00047446064195080405,0.8617728202661318,0.001876408426366046,0.0004117449842243118,0.013589675844716464,0.006740739363927215,0.00017172461729391924,0.0003743343392341818,0.03581984876299608,0.0031415601930866724,0.00027045970196607735,0.00011438381157204281,0.0004721584343393286,1.226529910587987e-05,2.5542574035229624e-06,0.06032917892044213,3.583789401042708e-06,1.7544128457078294e-06,0.0007724393391036376
43,0.0005528897883851074,0.00012242217908717796,2.400262133229417e-06,0.0012691395247077211,5.5613805878470065e-06,0.00106278926874651,0.00011525050554967254,0.7764032902595136,0.00018412124112532544,0.0001690923837514385,0.0013676273446129022,0.0008789996748128567,6.082852137721941e-05,8.673001000888549e-06,0.027773798526571303,0.00413249310758504,7.372353532155515e-05,7.13221587745331e-06,0.0009105087365365133,1.8996929951564846e-06,1.833036579999662e-07,0.18483440838424584,1.0108246879906556e-07,5.899400512458458e-08,6.260708534365744e-05
44,0.0009574171171093014,0.00014859112716227873,3.385274574146964e-06,0.00143520951015293,7.951733543105333e-06,0.0008153235484350579,0.000181927449713376,0.7669755825345069,0.00019404089432218188,0.00010843864102724189,0.0020838380411778074,0.0016780113907133335,9.399210863523354e-05,1.08163174434429e-05,0.02503061615834743,0.004176893047418587,0.00010313090040038072,8.949257670168272e-06,0.000823141629707097,2.0046263868053687e-06,2.4156226208772096e-07,0.19508018085873868,1.1606737252280343e-07,8.93754158026466e-08,8.011082776428056e-05
45,0.0019402648627482957,0.0005306059257163166,1.9647340586831304e-05,0.0008001503746576234,9.226554448717808e-06,0.00035356459340368486,7.5194157117341e-05,0.7814282368039857,0.00018620765288477963,0.0002655648630237718,0.0040846612723230554,0.0035971056307444343,0.00010489839498945295,0.00010570791828493043,0.009860652965480658,0.004232409450720611,0.0004440357587827468,1.782475562408869e-05,0.00038455752366713233,3.0574438303713123e-06,1.0328936201030183e-06,0.1912179309596051,3.069229540998344e-07,2.776222856567012e-07,0.00033687735851454083
46,0.0009359373405320198,0.0001473049764170195,3.524685374157645e-06,0.0014380755038254209,8.365562631904549e-06,0.0008440973291534726,0.0001851496585257047,0.7698841077570494,0.00021937547654130499,0.00011752440675250602,0.002107868928419636,0.0016052352617066641,9.55491796073421e-05,1.1881838150235406e-05,0.025232782693569884,0.004058471532305771,9.452073866631778e-05,9.548936809313384e-06,0.0008442572634596025,2.1572545897973595e-06,2.5487677366083346e-07,0.1920718290977836,1.210711611543404e-07,9.407898544730092e-08,8.196455120881015e-05
47,0.0009411895534494031,0.00014666047457986372,3.4391740232568707e-06,0.0014678503161246262,8.230846222673139e-06,0.000828374467347072,0.00018217949029377095,0.7719430424831651,0.00019851628603741867,0.00011112509526674793,0.002102012003413329,0.0016424008140452184,9.242024721399049e-05,1.1234101311106893e-05,0.025148139349961015,0.004092939790383595,0.0001022877850073273,9.210707684518577e-06,0.0008279614997151315,2.0399631699935854e-06,2.494211027314949e-07,0.19005804248453698,1.2090031035551875e-07,9.000862277300693e-08,8.024273701209946e-05
48,0.002184440392415316,0.00011261300977236459,1.3824076679311426e-05,0.0018721221309648158,5.5516314018673276e-05,0.0022713191614918155,0.000587901665322855,0.7084110078791754,0.0013597051416037668,0.0001438150930129687,0.007287879270376411,0.004707202090768483,0.00025114102070250316,3.402043653499032e-05,0.058301314768353665,0.007116146535646663,8.913027479602823e-05,2.110758886433459e-05,0.0007694662517579021,1.2519963181403511e-05,5.840969104352074e-07,0.20404828631683686,3.6689516694857883e-07,7.381310071213565e-07,0.00034783149463900423
49,0.0010438243560656792,0.0001410017270703662,3.858316684423375e-06,0.001441006704661369,8.234438784145824e-06,0.0009743504495991334,0.00019963819024773413,0.774137153847453,0.00019811042166853753,0.00010301060272555731,0.0020928491633547828,0.0019034085014397642,0.00010128854261918243,1.0228115736869127e-05,0.02189331151707751,0.004352785904848334,0.00010898363906344239,9.160281541385076e-06,0.0006734826267657842,2.264926119571818e-06,2.3338906211908263e-07,0.19052370113584963,1.252171509816215e-07,9.622227016422136e-08,7.789176214058635e-05
50,0.002995149637037573,0.00022000112370835606,7.364666449038797e-06,0.003037976597980469,2.6830857108392634e-05,0.0014545063391334693,0.0003111646445634693,0.6851895784579811,0.00033327261827775394,8.401113930426778e-05,0.005675829625014626,0.0050197803210428864,0.00017750611768862598,1.3838571742272072e-05,0.051385890085729385,0.0075340432581182245,0.00026945715125249953,1.3813133721238458e-05,0.0007941465991059764,4.0825780662745915e-06,3.422376137092673e-07,0.23525999980051293,3.351396059482344e-07,3.932302330939558e-07,0.0001906860690085794
51,0.00048239331195476325,0.0002873901085888703,1.6560473297565486e-06,0.002152464755981222,4.249940375759323e-06,0.00030544203431308726,6.554033461042614e-05,0.7862327531904786,0.00010725889700987306,0.00012220854664153722,0.0011211223876240945,0.0008829545876461747,6.660209782609588e-05,1.3229208895626266e-05,0.016506880512219428,0.0017539753980960618,5.9602764457245535e-05,6.493854064648122e-06,0.0006712322487176404,1.0564322670994508e-06,1.262662993829193e-07,0.18912065085775892,5.147534709672282e-08,3.112474889433641e-08,3.463361674771578e-05
52,0.000772372842389941,0.00011910452676476071,2.590310488035819e-06,0.0014368014305796576,5.120741437476567e-06,0.0008617435190530899,0.0001169152961608642,0.7800076729664958,0.0001671123299634567,0.00015374116616110217,0.001594880280829919,0.000964839886498067,8.188364879966184e-05,8.354918207412927e-06,0.025244967162637993,0.0042494113559030725,7.208642976863842e-05,1.0289814338399113e-05,0.00099914131473759,1.9782444386869827e-06,1.820066566303465e-07,0.18307500847315983,9.629233994935357e-08,6.649829906079018e-08,5.363854389086644e-05
53,0.0009811626925673677,0.00012684127116559908,3.2360223886690725e-06,0.0012742254618725816,7.933388751243233e-06,0.0008564303423684763,0.0002489120182192611,0.7869680107072714,0.00021077888944045969,8.141869624209208e-05,0.002125780264871189,0.002040091343238852,9.08816409745136e-05,1.0412042540046455e-05,0.02366060842096441,0.004288834006157646,9.648305999013376e-05,9.14619690203137e-06,0.000737427004752312,1.9481034304051346e-06,2.488917687168552e-07,0.1760940627555462,1.2670619179970858e-07,8.924249141103638e-08,8.491082989320456e-05
54,0.0018796774095468731,6.448507359963554e-05,2.9154646841186465e-06,0.002239871250393352,1.1271674648351295e-05,0.0010317634532948758,0.0002161416794562983,0.8311276439207756,0.000123999409543112,5.818793829055479e-05,0.0034616022974058784,0.0007852596992738156,0.00012503215366702154,4.922505517615493e-06,0.011361857359900291,0.001659053208121773,8.724129616247337e-05,2.5131268120189337e-05,0.001021958298519197,1.5464533094487503e-06,3.8539660853163406e-07,0.14469030579284453,1.6572703980797742e-07,7.21949581844808e-08,1.9509074318396505e-05
55,0.0016045203633420024,0.00015658392712765025,4.207083078007811e-06,0.0020772467829274954,1.4752236117041145e-05,0.0010272499301086982,0.00042604916521718874,0.7528565266075884,0.00033931897656425873,7.004140527290649e-05,0.0029022737329726434,0.004100605744923023,0.00015604346864785804,1.0885054156112466e-05,0.02479879645750383,0.005352116739507235,0.00011049596619246591,1.2556605808548252e-05,0.0008567962096060353,2.434491401761472e-06,2.7197020341781543e-07,0.20301398498347945,1.6129174788539917e-07,1.9329557058928385e-07,0.00010588751093521666
56,0.000991962902845505,0.00014966515548463306,3.415223369161739e-06,0.001438246512958114,7.902789237794678e-06,0.0007982979495839461,0.00018477732787946282,0.7645713708958852,0.0001925860862766612,0.00010619883172716318,0.002106648937854973,0.001697314635483083,9.817722851649339e-05,1.0796626918188074e-05,0.024435811325840228,0.004100965289917159,0.0001031104239065714,9.140123244317679e-06,0.0008278915432129777,2.0053826849705437e-06,2.462029997439989e-07,0.19808475592808933,1.1535541736315744e-07,9.060490856134746e-08,7.850671575823943e-05
57,0.0007862581718608926,0.0001711100845934978,2.80793629685364e-06,0.001317976825183644,6.233277915985321e-06,0.0006043522289105241,0.00019499820413530476,0.743711322188361,0.00015421429475828764,9.8812508015407e-05,0.0018331268890262068,0.001742039131646043,0.0001127304243745252,9.185097792938031e-06,0.02388664686846936,0.004994087037302003,0.00010336415694611506,8.022096793007847e-06,0.0011619782669813326,1.821696885478055e-06,2.674589751962344e-07,0.21902416419250229,8.303768897789369e-08,8.256717808634954e-08,7.431535740701247e-05
58,0.0011077329750947623,0.0001684030813165041,4.010919891643119e-06,0.0017475841859356481,1.0474689031835394e-05,0.0009293108895924817,0.00022368316079654447,0.7489830466046324,0.00024787501564895435,0.00011988202309676514,0.002346116111712958,0.0019513701087664824,0.00012093191322158742,1.224313078785867e-05,0.02814346804237602,0.004876713397731444,0.0001136597562297112,1.0823926484554726e-05,0.0009728891885043427,2.6159742302740303e-06,2.9481647240971164e-07,0.2078127186249806,1.4944839633926307e-07,1.3537161973494224e-07,9.3866643448233e-05
59,0.0010682646430239546,0.00016952108309554187,4.389879755320654e-06,0.0016568664316324614,1.021646842095076e-05,0.0009134230856240778,0.00020883094668902314,0.7608437818420882,0.000242272639966026,0.00012984627424259129,0.002231638027301746,0.0018699959836817176,0.00011429190998076394,1.3146369500673611e-05,0.02636995643175187,0.00493910692922306,0.00011759449278864993,1.0618878367335623e-05,0.0008888689536364643,2.6698530905851955e-06,3.0153067141549134e-07,0.19809781166558033,1.5005056613159402e-07,1.3203359186719326e-07,9.630359572919177e-05
60,0.0009574171171093014,0.00014859112716227873,3.385274574146964e-06,0.00143520951015293,7.951733543105333e-06,0.0008153235484350579,0.000181927449713376,0.7669755825345069,0.00019404089432218188,0.00010843864102724189,0.0020838380411778074,0.0016780113907133335,9.399210863523354e-05,1.08163174434429e-05,0.02503061615834743,0.004176893047418587,0.00010313090040038072,8.949257670168272e-06,0.000823141629707097,2.0046263868053687e-06,2.4156226208772096e-07,0.19508018085873868,1.1606737252280343e-07,8.93754158026466e-08,8.011082776428056e-05
61,0.0011506235812179823,0.00016388977545450038,4.66177734256751e-06,0.001625024491151771,1.0370927794756748e-05,0.0009186511546207753,0.00021277218791223822,0.7659312605259194,0.00024908009335962184,0.00012868666791568788,0.0023014951995591324,0.001868492165180474,0.00011701941354517457,1.3169382413465457e-05,0.024955491822213075,0.004738836935961039,0.00011575807872866752,1.1100611482644422e-05,0.0008730088258725402,2.623165254538408e-06,3.12287598984146e-07,0.19451293746770482,1.522313584239912e-07,1.3542866628282167e-07,9.44458017714686e-05
62,0.0009574171171093014,0.00014859112716227873,3.385274574146964e-06,0.00143520951015293,7.951733543105333e-06,0.0008153235484350579,0.000181927449713376,0.7669755825345069,0.00019404089432218188,0.00010843864102724189,0.0020838380411778074,0.0016780113907133335,9.399210863523354e-05,1.08163174434429e-05,0.02503061615834743,0.004176893047418587,0.00010313090040038072,8.949257670168272e-06,0.000823141629707097,2.0046263868053687e-06,2.4156226208772096e-07,0.19508018085873868,1.1606737252280343e-07,8.93754158026466e-08,8.011082776428056e-05
63,0.0009380442565791729,0.0001630140455633387,3.2909278084774337e-06,0.0014490898716405954,7.761720576123225e-06,0.0007892999128495459,0.00017603960790673272,0.7593528992413955,0.00019050806162345573,0.00011204553814450768,0.0020444122657995254,0.0016808604278942929,9.40790197366512e-05,1.090333555532494e-05,0.02552808841285521,0.004231448490789804,0.00010662846218735833,8.662680749250364e-06,0.0008611695940449277,1.954870253033133e-06,2.4088153753557675e-07,0.20216793527342453,1.1412039751744973e-07,8.951935847271634e-08,8.141946132889219e-05
64,0.0009507211468669863,0.0001536215667423451,3.713717025940133e-06,0.00135182390234733,8.532095405622386e-06,0.0007621143500970269,0.0002016533028625497,0.7738559341567856,0.00019156283899507865,0.00010896412893356307,0.0022003774015612585,0.0016833112368578695,9.998337009530784e-05,1.2091481330693872e-05,0.023048750831758318,0.004207978493072748,0.00011270750609085662,9.926770783732475e-06,0.0009064569125573614,2.1075492986052953e-06,3.1963404954870004e-07,0.1900436073509528,1.2585928901086643e-07,9.712054920028138e-08,8.351727569083367e-05
65,0.0008989242980635046,0.0003440628404950324,1.026606992595868e-05,0.0010976124812548547,1.2351608994274117e-05,0.0004685415825814338,0.00014152105177908165,0.7399603841846945,0.0005433806880358521,0.00027826844046831143,0.0017944853236286523,0.002452674700874905,0.0001414746668149725,5.9018070834982875e-05,0.020293856865778455,0.005180268942900516,9.871268011315187e-05,9.063263283811017e-06,0.00045381378418842623,5.435510382931997e-06,3.669710504514304e-07,0.22551779837915945,1.299876724451385e-07,2.5719372129170283e-07,0.00023733041330271844
66,0.0009651741545921022,0.00012279664567195028,4.064996163035169e-06,0.001177905389153086,6.802990090707892e-06,0.0005714441970600612,0.00017328742052135553,0.8061625434884383,0.00014507756055065312,9.791563897138268e-05,0.001879411477719615,0.001447244490522728,0.0001200693076583069,9.522605697000222e-06,0.01721480799849479,0.0041680190825520375,8.628539385756671e-05,9.532852045337124e-06,0.0006279636801668117,2.4611584631974354e-06,2.301700596273616e-07,0.16494958317662362,7.704319406665323e-08,7.399873972163526e-08,5.770508299277209e-05
67,0.0009552933420058828,0.00015450394066491465,4.656374449138707e-06,0.0016343778269389763,8.078038205818195e-06,0.0007979678397871323,0.00017259713698906622,0.7994494618605078,0.00017737242136251,0.00013509456232241112,0.001962312730054101,0.001555633052807336,0.00010777947575454286,1.303590855812642e-05,0.0227460645024407,0.005029011752528417,0.00012325027875885247,1.1338847865020086e-05,0.0007780414328169399,2.8974742292143017e-06,2.968321122059491e-07,0.16409930680273985,1.516149099613785e-07,1.07753518004229e-07,8.136819767311886e-05
68,0.0005940773014175156,8.110067484612522e-05,5.552124499528066e-07,0.0005592452452964754,1.647401106318873e-06,0.00023465766418564497,7.448872213780774e-05,0.7601171999292491,3.5201260251427245e-05,3.425818193633883e-05,0.001191337150206234,0.000438686723415465,4.3748795473664e-05,1.9348571271417183e-06,0.012437287660748204,0.0021265664604435295,6.0889476816371325e-05,4.904965482498689e-06,0.0014110649489946319,3.183020412458327e-07,1.432987821164853e-07,0.2205341562020628,2.3812807906744314e-08,1.3008902448480686e-08,1.6492743818980663e-05
69,0.0005928023419191524,0.00010876188874539618,4.480135026552162e-06,0.0010462517655037786,5.5481929212028175e-06,0.0006146659672192594,0.00014851321568934948,0.8614535621709546,0.00015256996117014111,0.00013960164567570157,0.0013972176664641702,0.0011210647986469317,8.174494087101835e-05,1.4810348644570608e-05,0.01345332534133045,0.004381202405928854,8.314993366768395e-05,1.2371998807615396e-05,0.0006095204873948435,2.9809843548227186e-06,3.306706370560995e-07,0.11451114280722503,1.2443091221062796e-07,7.713110679066534e-08,6.417876918272359e-05
70,0.0012805190330781192,0.00017506791859698266,5.39368092281876e-06,0.0035159672437873597,2.652940718713499e-05,0.0009623009217029212,0.00023492978379667084,0.7920649877934942,0.0003685801571339785,9.350196546747154e-05,0.002916027190099031,0.00209444730474985,0.00011542098724392752,2.1191448763223136e-05,0.026135610147876843,0.0017973476824539917,8.699409142803173e-05,9.626313928965457e-06,0.0003971956748238319,2.822539547556538e-06,2.318634003116092e-07,0.167619157358809,1.7812624357911955e-07,1.1325500147593751e-07,7.585811046272998e-05
71,0.0004644543379463845,0.0002241289067348818,7.184986603081162e-06,0.0014697801501595163,2.417266848588566e-05,0.0006603731468350637,0.00030157650603657475,0.838381685759151,0.0005038408410400202,0.0002062552427886382,0.0017995479656439917,0.0020540865896182627,0.00011856053845470219,4.68723789186847e-05,0.017742889246160444,0.00620829422929753,0.00010315339418833878,1.5002200078370904e-05,0.0006223396315083281,8.405224728306493e-06,6.290418936009869e-07,0.12887415334105223,2.2273249822612745e-07,2.420716677374974e-07,0.00016214886851032362
