,0,1,2,3,4,5,6,7,8,9,10,11,12,13,14,15,16,17,18,19,20,21,22,23,24
0,0.00013035666675831757,0.000532164688806489,0.06801525004179343,0.5411953081616035,4.758201373008225e-05,0.00029661414400323957,0.011701400358974434,0.08477911178319925,0.11604417863648654,5.552337902579479e-06,0.055434279568858214,0.09208138676576237,7.683425638710263e-06,0.00022150480921920269,0.0004820020432142259,0.011907782533222416,1.0383465992421073e-05,0.00021432729341026676,0.0007483131173533059,3.150298074378347e-05,0.003372104900660053,0.002884993039618107,0.000772255863510643,0.009053902485602085,3.0058873936473186e-05
1,0.00013482075254684752,0.00047105423018162956,0.0790341027136998,0.26018732020363644,6.988780958844879e-05,0.0005080388097993538,0.009464820217385527,0.1356962487239333,0.31085149190417877,3.45722898847657e-06,0.06052268893850755,0.08175379984048786,1.6038883523181586e-05,8.965468874798176e-05,0.0013072669883040407,0.03607612641870926,1.1485753508746598e-05,0.0001584262459055635,0.002382995451109803,4.283686752414828e-05,0.004027925615096896,0.0036145987227355378,0.00033020360788049415,0.013227797732633825,1.6911651386494512e-05
2,0.00015399623176570493,0.0005824385568894871,0.06188105054116697,0.27268583033045013,0.0001232826875939956,0.0004896842819948949,0.011053916664669525,0.13775873046919648,0.2915408924930327,3.449704225774814e-06,0.07779295271359568,0.08973700729062506,1.9015380253213696e-05,0.00015520518340374516,0.0016984237158844332,0.032005211596981,1.847399814279931e-05,0.0001893883536665428,0.0020253360591477435,6.206316555958131e-05,0.003991104800727104,0.004121025990887931,0.00047191627637940733,0.011411602561879165,2.8000951880873642e-05
3,0.00012546414629896572,0.0004775369191706292,0.06416557574777883,0.3250720355804859,7.909047978127736e-05,0.0004926786367872264,0.009234498117963898,0.129025902372806,0.2521807312279712,3.308817541305416e-06,0.07746657302644161,0.08752083320510258,1.632008655040016e-05,0.00013505235914607674,0.0011731121508820955,0.028462029354049224,1.6471896512114795e-05,0.0001807870685725737,0.0019471245476139478,4.8634720120664504e-05,0.004300709303660522,0.004167921577346613,0.0004856296171420827,0.013201105267885385,2.0873772388949107e-05
4,0.00013025181620165236,0.0004712499287586215,0.062473681557611876,0.3261992456270377,8.019288229309868e-05,0.0004906524860154758,0.00898726893920758,0.11985873421624815,0.25611901565851103,3.194719231603325e-06,0.07596169686425223,0.09507601092791873,1.9545703764689208e-05,0.00014251929391497804,0.0011295269429577742,0.027875880508225044,1.828589741416365e-05,0.00018819329321413217,0.0019230648281107353,5.070010625400197e-05,0.004476234665827351,0.004284159643630684,0.0004845876018254547,0.013533958822758933,2.214706881428802e-05
5,0.00012429016468623968,0.0004446247776343904,0.05738788801541477,0.38688495768959713,6.223837574114907e-05,0.00045287294305205707,0.007792267845500377,0.10833278543007727,0.22849322723009458,3.310895130780815e-06,0.06944048745447746,0.09049229325444368,1.6211829844975378e-05,0.00014385983245929383,0.0009169515099805242,0.024471819579875265,1.7154852133702754e-05,0.00021707308581513305,0.0016032851576998402,4.7242080980313485e-05,0.004363338907424252,0.004243321469624798,0.0004814553338188739,0.013546108504285217,2.093378020798841e-05
6,0.00012546414629896572,0.0004775369191706292,0.06416557574777883,0.3250720355804859,7.909047978127736e-05,0.0004926786367872264,0.009234498117963898,0.129025902372806,0.2521807312279712,3.308817541305416e-06,0.07746657302644161,0.08752083320510258,1.632008655040016e-05,0.00013505235914607674,0.0011731121508820955,0.028462029354049224,1.6471896512114795e-05,0.0001807870685725737,0.0019471245476139478,4.8634720120664504e-05,0.004300709303660522,0.004167921577346613,0.0004856296171420827,0.013201105267885385,2.0873772388949107e-05
7,0.00022816514675110946,0.0004916117502285782,0.11233859194137508,0.27525845796966925,8.346995003088424e-05,0.0005515648543982259,0.010753120122549793,0.13537302603587537,0.2500906234595123,3.7962485646259503e-06,0.0764450935294682,0.08415046767936622,2.0375616561544178e-05,0.00010492306612905775,0.0008393302529791288,0.02484660706602545,1.4000374049576411e-05,0.00019091505591692167,0.002542258570655594,4.682488489741633e-05,0.0035144792785774537,0.0026836995806557642,0.0004827866734124921,0.018926163749952544,1.964714239741364e-05
8,3.6460988829511206e-05,0.00010771370157394212,0.011532212266139681,0.04894604953794974,6.0670502699592274e-05,0.0003316815013424952,0.0042341671124049435,0.1234412257803817,0.5461640846756012,5.117684232406797e-07,0.09643532036516954,0.05792705492099239,1.1274986776178263e-05,4.0067942286291794e-05,0.011991104331770306,0.056473881316997675,2.31497057966749e-05,0.00023837837257117018,0.00308011253049598,1.4064508471038357e-05,0.005946397948357683,0.028835765423245,4.5030861294658784e-05,0.004071046524315963,1.2572426113470154e-05
9,9.626617297759845e-05,0.0004949705360779523,0.06981861849700914,0.45520525765898134,5.075416469564157e-05,0.00040352460327655316,0.008201153183452187,0.09306319942785028,0.1926997970936811,4.201300563546685e-06,0.04901444650617363,0.08575464614052415,1.3931797275986746e-05,0.00012159056354654785,0.0006547384955366538,0.022533350619961305,1.1408015042133722e-05,0.00014152602044758598,0.0012439105062714095,5.17816621328287e-05,0.004271604398311476,0.002758637693547037,0.0005562037140992434,0.012816219755167607,1.826147339698568e-05
10,0.00012546414629896572,0.0004775369191706292,0.06416557574777883,0.3250720355804859,7.909047978127736e-05,0.0004926786367872264,0.009234498117963898,0.129025902372806,0.2521807312279712,3.308817541305416e-06,0.07746657302644161,0.08752083320510258,1.632008655040016e-05,0.00013505235914607674,0.0011731121508820955,0.028462029354049224,1.6471896512114795e-05,0.0001807870685725737,0.0019471245476139478,4.8634720120664504e-05,0.004300709303660522,0.004167921577346613,0.0004856296171420827,0.013201105267885385,2.0873772388949107e-05
11,0.00012843833227807396,0.00046835162511974914,0.06478032008396431,0.32434566528405795,8.068122105445139e-05,0.0004924942663176759,0.009175818945890665,0.12470612335300024,0.25290722813774796,3.2603412259792835e-06,0.07663442591537414,0.09151099548640015,1.875456636123425e-05,0.00013431070011542034,0.0011316837433888102,0.028445706052877065,1.7401131945884176e-05,0.00018086764605220365,0.0019511833699597408,5.1127052313188016e-05,0.004374595542691322,0.004113904560524496,0.0004917073878093432,0.013833831625224967,2.112362830498011e-05
12,0.00019889568100837948,0.0009747371592158644,0.039263694178805666,0.46010389397300827,0.0001744662863379064,0.0007023148224954901,0.008213281271883569,0.07159080601846471,0.2359621547870674,5.033125078321957e-06,0.07021402318372451,0.07145390621751334,2.0813838794553457e-05,0.0005345371988201502,0.0008909759002279586,0.017699804249745415,5.524020295490848e-05,0.0003883618001631072,0.0011938625898774103,8.243318611959585e-05,0.005476213873955777,0.004641048652082841,0.000918486126457669,0.009178647881962985,6.236779423407596e-05
13,4.8210869680977896e-05,0.00024070987941372687,0.035922644222821584,0.3367685373119394,5.4207989044164586e-05,0.0003039434052873922,0.00765249679984037,0.17235230908111138,0.12194903972005486,1.549316146162824e-06,0.1718216415563715,0.11173240151386887,1.1835977970052799e-05,0.00021966859350656617,0.0008832347414699877,0.019031398732614623,1.490987886050767e-05,0.00011305624074770333,0.0012704514422390892,3.26038299744491e-05,0.0034584407461481044,0.005255016631802373,0.0006405978330013946,0.010208407251427196,1.2686434657452182e-05
14,0.0001565655765247434,0.0015447017457510032,0.036356522500761074,0.3272959412490002,0.00016765411435022335,0.0004842671198187911,0.01611367796240053,0.17058354619081603,0.20049974353578626,8.007327596427126e-06,0.11973424184583832,0.07284524129724024,8.45262904654784e-06,0.0003105602304086772,0.0011938684389034547,0.02740153615152063,1.4165246392514579e-05,0.0001733693318792769,0.003343392956366399,6.005141797641876e-05,0.003154630784416293,0.004126247062902311,0.0008244804376221216,0.013577225571989036,2.190927469254219e-05
15,0.00012546414629896572,0.0004775369191706292,0.06416557574777883,0.3250720355804859,7.909047978127736e-05,0.0004926786367872264,0.009234498117963898,0.129025902372806,0.2521807312279712,3.308817541305416e-06,0.07746657302644161,0.08752083320510258,1.632008655040016e-05,0.00013505235914607674,0.0011731121508820955,0.028462029354049224,1.6471896512114795e-05,0.0001807870685725737,0.0019471245476139478,4.8634720120664504e-05,0.004300709303660522,0.004167921577346613,0.0004856296171420827,0.013201105267885385,2.0873772388949107e-05
16,9.630208196408385e-05,0.0005319275671325692,0.04850894797289947,0.34538760322037615,6.389126348873737e-05,0.0003755056510196629,0.01072919229718054,0.14543130396879067,0.2121622843546353,4.5460145194466015e-06,0.06570377017882968,0.11509645315658232,1.3929831476259452e-05,0.00016502739248589485,0.0012530750216105191,0.029384563308644782,1.542512004900566e-05,0.00018567527001114918,0.0019930923732403667,4.84657326368264e-05,0.005817590018460428,0.005932907049598507,0.0004976528184568815,0.010578912113495108,2.1956222415620905e-05
17,0.00010629973779782481,0.00045918732965594214,0.0513284213472061,0.3671934927238789,8.42100131741958e-05,0.00043034880747219766,0.009162646030513191,0.1314649856824185,0.20644438708708857,3.267782413378904e-06,0.08453869041460285,0.09742264966200649,1.7829969190737927e-05,0.00018292370949425226,0.0010433081956174048,0.02613913461011638,2.1300695070004275e-05,0.00018205386126005717,0.0016180193477183696,5.6101497168426643e-05,0.00456039706773631,0.004815438841532367,0.0006275359808302674,0.012074578659206503,2.2790946830836672e-05
18,0.0001522895028312266,0.000542438189375312,0.05271751987741532,0.3678999574170219,0.00010195235023275433,0.00046097563249209377,0.01101734699475383,0.10588701286653486,0.22807759403587932,4.443866953152997e-06,0.0700318365251883,0.11385032122599226,2.218938623146336e-05,0.0002471173827955712,0.0011901664335099665,0.022893475019031075,3.104272549457146e-05,0.00030928860338868647,0.0014956614095296378,6.254512491156592e-05,0.006080660166103298,0.005804987196363836,0.000647872889082409,0.010427869704919842,4.3435473967794e-05
19,9.167247757634117e-05,0.0004262439282546478,0.06292455214979377,0.34985901530829533,5.777871552350527e-05,0.00032604700280174694,0.010777268814118312,0.11629829268126511,0.23719096837373002,3.114202979429847e-06,0.056227376827981054,0.11646314282096198,1.549277925789574e-05,0.00011291755018684685,0.0010532597963956107,0.027210582504230727,1.1313473410426307e-05,0.00013718576657500658,0.001420838693984599,4.061654477556722e-05,0.004547218475258457,0.004022663518691038,0.00040366988848038144,0.010359802864647336,1.896484082488754e-05
20,7.756644390256455e-05,0.00033834241221305947,0.05324206033156678,0.3003017613926043,5.3998296675870604e-05,0.0003835028868717585,0.008716604110952342,0.18549772417224328,0.2191172615770723,2.7477306617445065e-06,0.08206473485417076,0.09241313732295861,1.1926633794274132e-05,0.00011577384646388346,0.0018100115350457747,0.03349513452105723,1.3423268209677582e-05,0.00015952013580011347,0.0018501493428523049,3.859945573575041e-05,0.004240504561299325,0.006293738087009718,0.0003623774618528362,0.00938286010916554,1.6539509820201784e-05
21,0.00011106478210847234,0.0005094255563980733,0.05355500118739417,0.36548065086865167,5.311386859449373e-05,0.00038161467262510325,0.00816424529616654,0.12416212416596333,0.23939808185957975,3.5919588745718486e-06,0.054824390218994073,0.10177067710752319,1.4404944225254052e-05,0.00016100988869262222,0.0008367404252266309,0.030179932213656103,1.1078739735911924e-05,0.00017793893491743133,0.0015872132030814276,4.439917241439267e-05,0.0038718598363476,0.0036426734277441,0.00034046877892327285,0.01070165215884403,1.664673331779693e-05
22,0.00014953238553059296,0.0004572829694664514,0.06770646984349672,0.31962082987626356,8.04306359321729e-05,0.0005523516499826901,0.008375323905302472,0.13043582372320403,0.25439288040646946,3.313561577860819e-06,0.0845219301558479,0.07869052569399305,1.6426694310173277e-05,0.0001382869229397366,0.001206285856261803,0.027933450753284576,1.9805050359666166e-05,0.0002311364813098827,0.002025695784029525,4.8322407314694935e-05,0.004338211217297874,0.004565489721545862,0.00047146610459644536,0.013996513279981315,2.2214919701366315e-05
23,0.00012546414629896572,0.0004775369191706292,0.06416557574777883,0.3250720355804859,7.909047978127736e-05,0.0004926786367872264,0.009234498117963898,0.129025902372806,0.2521807312279712,3.308817541305416e-06,0.07746657302644161,0.08752083320510258,1.632008655040016e-05,0.00013505235914607674,0.0011731121508820955,0.028462029354049224,1.6471896512114795e-05,0.0001807870685725737,0.0019471245476139478,4.8634720120664504e-05,0.004300709303660522,0.004167921577346613,0.0004856296171420827,0.013201105267885385,2.0873772388949107e-05
24,0.00012029234312630339,0.00038099813221056423,0.0765879935615459,0.2626489846883572,8.251940045134206e-05,0.0005096072213799579,0.010246071048107397,0.1328412074272245,0.28578526168401913,2.722241506662897e-06,0.085232944655128,0.08772163716825936,1.671081942524436e-05,9.426837076391366e-05,0.0015829677300467264,0.03078758758834559,1.4871848511027564e-05,0.00016197328700448654,0.0021250378964420046,4.1472290551532736e-05,0.004538104611244309,0.004350614644116358,0.000428888711911047,0.01367674378604614,2.0518844275443423e-05
25,0.0008280861741554038,0.00024519322020617875,0.07321591647502974,0.002831485673573427,2.3307449702434154e-05,0.00015386100481128815,0.0008984326774342757,3.32251383609453e-05,0.9049858893292144,9.059718029882189e-07,3.4883758089383184e-05,0.009116971321768492,5.495208180207547e-05,2.1092540566926178e-07,0.000815110776682673,0.0014790653439655287,4.295879206358e-06,8.493225877785851e-05,0.00031131802597597787,6.748448173907438e-06,0.0029056111895417315,0.0001370267092770755,4.644296082562584e-06,0.0016001006051238637,0.00022782526583583438
26,0.0002677930945331757,0.0004963353997530244,0.09744841819511149,0.3228309460908648,9.210423045065025e-05,0.000697132349300774,0.006317073316693864,0.07858918920123784,0.28827310565251457,3.21710566135786e-06,0.07761168788452415,0.0634713991144509,2.6737221646559388e-05,9.114130769563213e-05,0.0005458492889034944,0.020641908153176746,2.2385183506076975e-05,0.00024306638907325192,0.0023947696694484313,6.230631553890113e-05,0.003981082268123813,0.002523828422156991,0.0006421624171380844,0.03270798569432161,1.837603417383334e-05
27,0.0003959769688281523,0.0013242250277830977,0.1797471817840087,0.39382125314031585,0.0002625402834928503,0.0005173366828719163,0.025501178797920264,0.04199455676510232,0.1855242467210501,6.81986672970175e-06,0.044175585496448094,0.09159365259577781,2.6024745406229386e-05,0.00018203606973595483,0.00021638692396048828,0.009903051441214257,7.841135816484761e-06,9.590765211013903e-05,0.0009375031811772971,7.824931612255843e-05,0.002769582884028216,0.0002780662150286962,0.001433676340068263,0.019159547679736943,4.757228526579272e-05
28,0.00012546414629896572,0.0004775369191706292,0.06416557574777883,0.3250720355804859,7.909047978127736e-05,0.0004926786367872264,0.009234498117963898,0.129025902372806,0.2521807312279712,3.308817541305416e-06,0.07746657302644161,0.08752083320510258,1.632008655040016e-05,0.00013505235914607674,0.0011731121508820955,0.028462029354049224,1.6471896512114795e-05,0.0001807870685725737,0.0019471245476139478,4.8634720120664504e-05,0.004300709303660522,0.004167921577346613,0.0004856296171420827,0.013201105267885385,2.0873772388949107e-05
29,0.00012546414629896572,0.0004775369191706292,0.06416557574777883,0.3250720355804859,7.909047978127736e-05,0.0004926786367872264,0.009234498117963898,0.129025902372806,0.2521807312279712,3.308817541305416e-06,0.07746657302644161,0.08752083320510258,1.632008655040016e-05,0.00013505235914607674,0.0011731121508820955,0.028462029354049224,1.6471896512114795e-05,0.0001807870685725737,0.0019471245476139478,4.8634720120664504e-05,0.004300709303660522,0.004167921577346613,0.0004856296171420827,0.013201105267885385,2.0873772388949107e-05
30,0.00012546414629896572,0.0004775369191706292,0.06416557574777883,0.3250720355804859,7.909047978127736e-05,0.0004926786367872264,0.009234498117963898,0.129025902372806,0.2521807312279712,3.308817541305416e-06,0.07746657302644161,0.08752083320510258,1.632008655040016e-05,0.00013505235914607674,0.0011731121508820955,0.028462029354049224,1.6471896512114795e-05,0.0001807870685725737,0.0019471245476139478,4.8634720120664504e-05,0.004300709303660522,0.004167921577346613,0.0004856296171420827,0.013201105267885385,2.0873772388949107e-05
31,0.00020056571934702594,0.0005084332807663103,0.09550922436882574,0.30674295290572123,7.215254771069393e-05,0.00048117055799843506,0.010466549019541426,0.1893736708017271,0.20214744785227465,4.337206177557074e-06,0.07119213382651977,0.07396232502752255,1.4561085266262445e-05,0.00012194703471573127,0.0008381941616162219,0.024852898983864332,1.4210475723468976e-05,0.00019807899638679002,0.00240793500690745,4.4208344627065574e-05,0.0034091109374259246,0.003085578317404585,0.00047017319358438913,0.013864417998405078,1.7722349940305334e-05
32,0.00013387561753664407,0.0004915111695458878,0.06480402501050497,0.30663668424056295,7.912104534388855e-05,0.0005106435011043593,0.009191642036466802,0.13434193458796992,0.26020904373352555,3.3914180576488505e-06,0.07909532964558219,0.08788943485773994,1.690626816417392e-05,0.00012971985064075617,0.0012206223753647172,0.029459917551056033,1.67376937151249e-05,0.00018465147778767146,0.0022633932629130896,4.8356287675634964e-05,0.0043299113704451326,0.004370544471300866,0.0004719865040652784,0.01408040330917662,2.0212713754117952e-05
33,6.586723043544889e-05,0.0003609993511544664,0.03152009046417562,0.42119451562176896,6.629792151541967e-05,0.0005025403909882172,0.005984197323029875,0.18303380185681506,0.12102273793923765,3.7592337551483854e-06,0.10927733588461866,0.06887214930166785,1.774703370463201e-05,0.0002552127469423598,0.0005632700514138451,0.02909935199979071,3.0348484487376485e-05,0.000164405549972546,0.0019481353749609448,6.685315517789929e-05,0.004128117341785069,0.0057577425289421676,0.0008895000255575215,0.015163078487904838,1.1944700197831175e-05
34,1.2742851085077587e-05,0.0002086737006941697,0.01761001180412351,0.6956501568659563,4.236137688150739e-05,0.00021919844405303958,0.007255528969855613,0.10260207899012419,0.04207810084756533,5.906286455034468e-06,0.04811731925268187,0.0501216414489097,5.146035681138956e-06,0.0002762992404312441,0.0006027647038797191,0.022056701423782004,1.417554363305127e-05,8.803671788038403e-05,0.00023627086015998373,7.734596394994055e-05,0.0038148850577141486,0.003749613785472903,0.0013423958807239976,0.003792581420413582,2.0062527892438003e-05
35,0.00021889641198547376,0.00044941723288075415,0.07954574914347473,0.281872369280095,5.669255519580042e-05,0.00039725395752991384,0.009338477578540475,0.14543929208559336,0.28802424083340233,3.131721621454825e-06,0.059074407431081645,0.08847573215954345,1.3644624682757257e-05,9.912900454394484e-05,0.000882081066107676,0.022838795702423847,1.2392230899388025e-05,0.00027072427878415485,0.0021985834266196633,3.059453526466487e-05,0.0036791719098725174,0.0037990740864154026,0.0002792442205871939,0.012983174134049027,1.7730388805341626e-05
36,0.00010284169592041231,0.0002939577703801829,0.048203314925068234,0.22259889991483836,4.8981382307483154e-05,0.00025223194803938143,0.009643839313934675,0.22559234815696144,0.22130476676338257,2.00461322445109e-06,0.06412300655174012,0.15048597753486448,1.9279806649141498e-05,0.00012331703999116767,0.0015100807242322807,0.036883199278002606,1.301683714936263e-05,0.00014813334581483976,0.0020760818374039275,3.282084036723298e-05,0.0031977629268865574,0.005981317111197803,0.00021183217152980987,0.007134976823910564,1.601068620290762e-05
37,0.00022883640276615168,0.0005627073719843939,0.08988876296356352,0.36960448494048304,6.770807368850969e-05,0.0004731349470247159,0.008902941291464858,0.09623385101104999,0.23321148196299268,4.255633175267704e-06,0.06479571060425962,0.08348549237308743,1.7826138223401548e-05,0.0001088790311223233,0.0005599569355655669,0.019124822080987022,1.5883602002595845e-05,0.00023877112263883407,0.002120559504058164,4.847121199618098e-05,0.0041579608653067365,0.003018140223435587,0.0005774970189148459,0.022532403462802574,1.946122740585285e-05
38,0.0002287475546860518,0.0005340039078190965,0.10465378297524416,0.19421295665818517,0.00010911600487578504,0.0007300372331364778,0.012231402396626085,0.11564523124120105,0.3671472472762843,3.5094065270061718e-06,0.07109287836746724,0.0723435839427981,1.749955151513658e-05,8.863979907542817e-05,0.0018050307516545505,0.03414095370065371,1.1294407756886079e-05,0.0001782523017912419,0.0029703286130077088,3.668958277079893e-05,0.0034217380409977747,0.0028953046566549353,0.00032137174019251095,0.015156112959166787,2.428692991222121e-05
39,0.00013400093111003757,0.0006050824853598435,0.056836377163152325,0.34640665757421146,8.408268802513517e-05,0.00043482541936850565,0.00940236300773269,0.1118501898174562,0.25439045769761237,3.386618211656005e-06,0.07708424823657833,0.0931368721138297,1.4870147823006673e-05,0.00016295742088942634,0.0010614951455193752,0.024999778203141514,1.564266100458721e-05,0.0001796344299577504,0.001809639824616058,4.977391990234314e-05,0.0038839814297948133,0.004026760724143619,0.0005225625214335956,0.012881958652122202,2.2401167003490343e-05
40,0.00014421261744448102,0.0004928394915460236,0.07652603289604436,0.2650585117655066,8.408653178355944e-05,0.00045926331053542605,0.011190866689941145,0.1152203852671519,0.3035436092576936,2.902655074176565e-06,0.0709692666014779,0.10617933113133068,1.803349966987845e-05,0.00012658721036144796,0.0015524910241924573,0.02642592893335712,1.4404004086891929e-05,0.00017556152731034396,0.001900708267697412,3.9397790690116845e-05,0.0042813903657521425,0.004258670585996506,0.000382931607651494,0.010926187692805728,2.6399274898644642e-05
41,5.5948664954259244e-05,0.0004088298433634897,0.03180125264782953,0.5124425609451072,2.775411331959895e-05,0.00038740414170744216,0.005527385763550061,0.1386736466104435,0.08997511839078608,5.396242925976699e-06,0.08830352183411652,0.08513525698149514,8.851211975659923e-06,0.00023895752280096055,0.0005023059632346993,0.014811288066522774,2.3513274910776743e-05,0.00020949942246399817,0.0020536677336351343,4.386318369782525e-05,0.006272715264022788,0.008379789028212903,0.0009921527591221274,0.013704857157433126,1.4463232368361381e-05
42,8.098873535289514e-05,0.0003176443196140406,0.05715716969672895,0.3003231801811176,4.521921100841245e-05,0.00044678501769278967,0.007496470395441795,0.1866311539861319,0.21839597313874443,3.2140661078602478e-06,0.07083012946148096,0.090494608766888,1.54977732295806e-05,9.139402375789577e-05,0.001362135947817015,0.03955920001673261,1.4813620158658163e-05,0.00015758517947314583,0.002534693816816938,4.300094588964686e-05,0.004898426071975847,0.006010836057305952,0.0003635315423533831,0.012713119165450057,1.3228862729717953e-05
43,0.00010492516151978457,0.00047189913771630913,0.06195748821539725,0.34366434631418974,7.149330005830034e-05,0.0005696308962529141,0.009033536830103531,0.1441839477085206,0.2306140414300428,4.85529481559578e-06,0.07028209024730689,0.07776715178454739,1.563000936072706e-05,0.00013835648277398782,0.0011883275524604497,0.032692157003231394,1.8096683743357174e-05,0.00019865771117819528,0.0021546867928160765,5.633685602459713e-05,0.005630383145069737,0.0050094979609775735,0.0005529274847462795,0.013599401708872857,2.0134288273696344e-05
44,0.00012546414629896572,0.0004775369191706292,0.06416557574777883,0.3250720355804859,7.909047978127736e-05,0.0004926786367872264,0.009234498117963898,0.129025902372806,0.2521807312279712,3.308817541305416e-06,0.07746657302644161,0.08752083320510258,1.632008655040016e-05,0.00013505235914607674,0.0011731121508820955,0.028462029354049224,1.6471896512114795e-05,0.0001807870685725737,0.0019471245476139478,4.8634720120664504e-05,0.004300709303660522,0.004167921577346613,0.0004856296171420827,0.013201105267885385,2.0873772388949107e-05
45,9.136915630813508e-05,0.0002590755742701455,0.07099038989896886,0.2406861033962684,6.034737627568631e-05,0.00045596923711266774,0.00916142429468673,0.20556581865425222,0.2471031476792503,2.146998786445284e-06,0.08693704413836736,0.07491915773868331,1.3129235518564032e-05,7.648685566229022e-05,0.0020131983611533255,0.04165521695815466,1.0567171645907505e-05,0.0001389510203549739,0.001977540398549895,3.377908979822698e-05,0.0030489274372974802,0.004245136862033814,0.00025526011228431845,0.01028609378741026,1.3718566906155335e-05
46,0.00016976288509853389,0.0007221098382178984,0.07725455900939134,0.2422882744402945,9.62335134485124e-05,0.00037920316806723027,0.015315243623293557,0.12406709936502822,0.33783526893928295,3.7002018469142872e-06,0.060910662190582866,0.09517057670926755,1.0612059546285264e-05,0.00012033675889624545,0.0013287672368032066,0.0259635672346021,6.947138938457386e-06,0.00015364968465615307,0.001958730539582137,3.445346538584415e-05,0.00320383370607415,0.0025983433192578852,0.00032329388889174086,0.01006285767604121,2.191340750448479e-05
47,0.00011130961977743853,0.0004734578539792366,0.06169107931895334,0.34454821492130966,8.046513453793113e-05,0.0005404190881807554,0.008915302747253055,0.13597688749461612,0.23249643488091531,3.3736333495713914e-06,0.08752850858216144,0.0754791118027455,1.3880855551740651e-05,0.00015015720072167522,0.0011273067825356674,0.02729455064671699,1.596755977259121e-05,0.00017621471306772526,0.0018404529102381557,4.7906011231110976e-05,0.004069410372441949,0.003914328331093273,0.0005334827944184605,0.01295231895398224,1.9457790449059682e-05
48,0.00014665936402144173,0.0007492434400239263,0.057811223841171586,0.3204333374111634,7.974516175345048e-05,0.0006557900004883478,0.008621678145410738,0.15902641989888128,0.21953520514150948,5.029974119901102e-06,0.09491008085203088,0.07518970053118242,1.6524371220171562e-05,0.000159779475176481,0.0008704404123180279,0.02684793829764792,2.078009756844381e-05,0.00016937940076943553,0.004429613511769512,5.461725503922873e-05,0.004283776469872443,0.0047536981612199,0.000697107119116999,0.020516469061933756,1.5762604590803202e-05
49,0.00010919202947482965,0.00041126660953621634,0.06827028010076445,0.3691152718274722,5.96285238173294e-05,0.00047647737832488894,0.008217322273890845,0.11173594909339958,0.22888849281779425,3.3358437788661146e-06,0.0677560388808494,0.09318447633086696,1.698004177056427e-05,0.0001274657294371703,0.0009810605957301154,0.026031798534597996,1.5262761583883286e-05,0.00017669745370934987,0.0016189057124363893,4.68404101149645e-05,0.004630206456108552,0.004045308099103814,0.0004983517048899002,0.013563220336639849,2.017045390759825e-05
50,0.00012850667737080554,0.0005032061442870737,0.06557410983870694,0.3217220665504219,8.515421675801226e-05,0.00047182133402648907,0.011184894942338526,0.14646326175406948,0.22950258258083425,3.977287305078525e-06,0.07702000774626505,0.0933688107316268,1.6234903106076525e-05,0.00015148339452139784,0.0012021409587124772,0.028930114544525275,1.6417364984135812e-05,0.00018167995437313168,0.0019920131034485956,5.0308752940085334e-05,0.0043633159378349325,0.004264019275379168,0.0005297702484352253,0.012251114970066068,2.298678766283513e-05
51,0.00012536549107117025,0.0004949281699607831,0.06242037979217197,0.3332558560502506,7.536267845817622e-05,0.000479354638705451,0.008982345159816486,0.12847013073087032,0.24944089443104664,3.3322032769354734e-06,0.07589101914538299,0.08745766964911629,1.5538910445328895e-05,0.00013852109006180573,0.0011464931084883758,0.02760127276323536,1.6264523420962997e-05,0.00018318514671298065,0.0019350908764776908,4.770337356308522e-05,0.004226448424686808,0.004238424578865189,0.00047561957085889427,0.012858179969509375,2.06195235463034e-05
52,0.00018006441163734415,0.0003454477165545451,0.06422712890505627,0.2541178707033868,8.327512415967742e-05,0.0009090968129739531,0.006492139237958717,0.14627760388544092,0.3173748533602135,3.3112494624497718e-06,0.1004909788823195,0.04854908615607266,1.3380985649439593e-05,0.00016310287235230835,0.0018949567444672165,0.0354024272629229,2.053876249483872e-05,0.0004575136190108322,0.0020109572082799244,4.01196014956943e-05,0.0034839118562141357,0.005208288138340222,0.0002853675472848946,0.011944005129558385,2.4573826692772753e-05
53,0.00010316442246769958,0.00044018655340887267,0.06263277428596889,0.31547991335199665,8.749263134234388e-05,0.00042143098828623544,0.01197050902003643,0.1392887818485913,0.23787841556174932,3.2793406446343596e-06,0.08031186262173617,0.09765604859982521,1.5574702077467767e-05,0.00013195067208964602,0.0012955823375446313,0.029768483484949385,1.3882046318702697e-05,0.00014995197114430134,0.0016943084486985148,4.723042459623201e-05,0.0042934550939102934,0.004018954234966354,0.0005111567554686102,0.01176440947916167,2.120112302035152e-05
54,0.0001497989359381194,0.0006010134562528939,0.06442605743440846,0.3129666380633098,8.836031314183514e-05,0.0004895633437754424,0.010228041154382533,0.12269120985849918,0.2728213585210349,3.777800252523268e-06,0.06905636744024278,0.09319102807674334,1.5868225202629194e-05,0.0001564014310989092,0.0014163612125021865,0.029439639759667856,1.610373213831641e-05,0.00019284635555133362,0.001968915032861926,4.9711728666829477e-05,0.004021883848198069,0.0042481565194294755,0.0004549438213420675,0.011279138481812114,2.6815453546394204e-05
55,0.00013183517029777164,0.0004582016647830638,0.0653349365823369,0.3129861186273265,7.309961277245706e-05,0.00045567772607849093,0.009075776761845214,0.11634800213750837,0.2784703619393654,2.945960628401219e-06,0.06872153099231282,0.09530861530555304,1.752944246072351e-05,0.00011946387732775385,0.0011211703784598246,0.027520315266020046,1.488436099988857e-05,0.0001809484151041199,0.0018765709624711413,4.436544786467698e-05,0.004249386598930492,0.003918925513481394,0.00041078958264283914,0.013138099969854307,2.0447703574324312e-05
56,0.0001286612242059709,0.00046496326445482955,0.0644288984698259,0.3212866233421011,7.878014118502946e-05,0.000491052711091137,0.009232839231870956,0.1262023998271208,0.25330337389525337,3.268217772582578e-06,0.07647759621264923,0.09316090897018554,1.8585990310815722e-05,0.0001351563980539922,0.0011523798307516374,0.028436159610659584,1.723632115499569e-05,0.00018315122056620828,0.00198921098108815,4.981104749142484e-05,0.004388790909655005,0.004216190777605873,0.00048179240055421267,0.01365088213214853,2.1286872243153873e-05
57,0.00011469687878255908,0.0004446389066811699,0.05809815085566386,0.2960262199859185,6.673189776613046e-05,0.0003588185043399282,0.009653866784190645,0.13525383552075385,0.25251576871648596,3.210543448536352e-06,0.05841434302154315,0.13006631261507542,2.4471864394589177e-05,0.00011601513383364644,0.001139279599796579,0.03273473689788998,1.719765002049515e-05,0.00015195380735662922,0.002200475395111046,5.457895801267678e-05,0.004749423168183471,0.004913058858698067,0.0004171342611879104,0.012445182623708083,1.989755115725172e-05
58,0.0001412046315146444,0.00045319517247441635,0.06787502668626581,0.3146551349546128,7.618864543487458e-05,0.0005061137658384233,0.008874250654858331,0.12003594102783095,0.25974780053593854,3.0987241934780544e-06,0.07971481228166946,0.09181702193611056,1.8931781941971224e-05,0.00012086838798999196,0.0009975881345699765,0.027359044867499148,1.5888630720263504e-05,0.00018279545292632326,0.002165677581332806,4.7045601951035764e-05,0.004207180580011962,0.0038290039321957014,0.0004855648086415427,0.016651686565433695,1.89346580433367e-05
59,0.00013098703627251827,0.00044036796475214655,0.07278778491588614,0.32161621923033473,7.344977066914586e-05,0.0005004858221288794,0.00882389913384151,0.12110526284929775,0.2555937629248886,3.1726994956698215e-06,0.07718060592685923,0.08574121771957381,1.7208274234591682e-05,0.00010994939758711464,0.0010268576923842135,0.02783501615085854,1.4811692573365092e-05,0.00017184079680443364,0.0020184459644976252,4.819764627503384e-05,0.004266383994147901,0.003706465857634059,0.000489597067061621,0.016279824987619637,1.818448432166102e-05
60,0.00012546414629896572,0.0004775369191706292,0.06416557574777883,0.3250720355804859,7.909047978127736e-05,0.0004926786367872264,0.009234498117963898,0.129025902372806,0.2521807312279712,3.308817541305416e-06,0.07746657302644161,0.08752083320510258,1.632008655040016e-05,0.00013505235914607674,0.0011731121508820955,0.028462029354049224,1.6471896512114795e-05,0.0001807870685725737,0.0019471245476139478,4.8634720120664504e-05,0.004300709303660522,0.004167921577346613,0.0004856296171420827,0.013201105267885385,2.0873772388949107e-05
61,0.0001334608346203811,0.0004464808281581598,0.07186209070155293,0.31851556197199987,7.535764593174497e-05,0.0004985238350676659,0.008985421820870762,0.12306785585598994,0.25588257001853554,3.2117500941648804e-06,0.07715298481007325,0.08749438198210888,1.7941924203752987e-05,0.00011303004448267046,0.0010477682209715275,0.027813141273450807,1.5420160892663472e-05,0.0001762097307328223,0.0020455615560556755,4.8874817003122524e-05,0.004308093178228098,0.003794999041013756,0.0004879488477352514,0.01599432539884495,1.878375138161871e-05
62,0.00012546414629896572,0.0004775369191706292,0.06416557574777883,0.3250720355804859,7.909047978127736e-05,0.0004926786367872264,0.009234498117963898,0.129025902372806,0.2521807312279712,3.308817541305416e-06,0.07746657302644161,0.08752083320510258,1.632008655040016e-05,0.00013505235914607674,0.0011731121508820955,0.028462029354049224,1.6471896512114795e-05,0.0001807870685725737,0.0019471245476139478,4.8634720120664504e-05,0.004300709303660522,0.004167921577346613,0.0004856296171420827,0.013201105267885385,2.0873772388949107e-05
63,0.0001342243556332637,0.0005557920438205357,0.06427538821184876,0.33027494338681257,8.217683862186383e-05,0.0004912954226739858,0.009257305841476294,0.12223201910844463,0.25705309022501643,3.5636220940355626e-06,0.0745239255284613,0.08748681979780494,1.6196410608685205e-05,0.00013918717204475218,0.001171763894636796,0.027676728133047956,1.659202025487027e-05,0.00017922740267938,0.002029195905044665,5.0796824752304516e-05,0.004316597921079173,0.004134757874835513,0.0005036096945762156,0.013373092536888932,2.1709826842182546e-05
64,0.00011261443622081567,0.00047248752865985824,0.06254293587348446,0.3396837615080297,7.365116526200616e-05,0.0004966807929913397,0.009132157137861079,0.12063533888094598,0.2481060427835078,3.687023011003705e-06,0.07011485381275351,0.09270986694270184,1.7543358708825275e-05,0.00013646885209518637,0.0011575856320592446,0.02878124956951808,1.7084882562490234e-05,0.00018335750610869926,0.0018987945910199449,5.1893015130101185e-05,0.005284044131120575,0.004501813413352631,0.0005131136220352595,0.013351395232127635,2.1578308731886213e-05
65,3.887309612644615e-05,0.0004662385048848494,0.05100777646373795,0.4890769758568016,4.8978863164119144e-05,0.00036345903521127677,0.014044844780055514,0.25015543458230255,0.05919062322898597,1.4830630031943444e-05,0.043482852492606625,0.053100799443237326,5.668351548813109e-06,0.000239669210568382,0.0009382580286151859,0.022345351093617696,1.0789289636807528e-05,0.00012162362540045776,0.0009439834258082823,7.562607895674947e-05,0.00503513076058087,0.00336314452817002,0.0010187884426655818,0.004887793693805157,2.2486493479781772e-05
66,0.000140712386420495,0.0004759881843249924,0.07279302611530346,0.31157781632724285,9.062105140126252e-05,0.00055613355091098,0.009428524907958731,0.12147234707574459,0.26526521224884775,3.629010998514948e-06,0.07814814039571114,0.0818048654871365,1.892720507594303e-05,0.00011975576970868185,0.0011582326261707278,0.029640116212930206,1.7983159808269205e-05,0.00018943496972816912,0.002089438813771556,5.609494465875002e-05,0.004673031500793719,0.003872659866816422,0.0005334698055145905,0.015852116063515276,2.172231950644859e-05
67,0.00010418318180664752,0.00041314899547374717,0.0595863520717115,0.38553804527805835,7.528634724687859e-05,0.0005588691780869207,0.007786984973020607,0.11963686478854645,0.21221292876492684,3.4357524779975186e-06,0.08029259049849662,0.0795891834062183,1.803546325854221e-05,0.00015618127114808565,0.0009722463505313289,0.027835036715920018,1.939704298134363e-05,0.000182783041425265,0.0016275593294572538,5.782263749737439e-05,0.004529287935568617,0.003925267947877858,0.0006139558305370677,0.014243916940851439,2.063625687508589e-05
68,0.00010672642265773002,0.0006061531462215603,0.03360485031622985,0.15757304627144875,0.00025917976603558626,0.0007003093652498082,0.011828734151771079,0.1732600222300117,0.3229495817482815,2.368464143642298e-06,0.14940044693455046,0.0691984236126048,2.0355245104829693e-05,0.00018415806503058201,0.005551420128201435,0.052324491129529443,2.8980339429041715e-05,0.0001350878806388492,0.0033903252506539373,6.589731190113859e-05,0.0030396354805476283,0.00657806284691358,0.0004060288700306807,0.008754419061698814,3.1295961113720915e-05
69,6.314068190758152e-05,0.0003328751191659144,0.06126754881494563,0.4112393012427089,6.468759773728079e-05,0.0004632466848241659,0.008225448627122085,0.13836584249246583,0.1495460444600491,3.2438954360619587e-06,0.10148229968510558,0.0718672630345022,1.3291768177694103e-05,0.00010524547706981959,0.0007364642561395474,0.026502221680294962,1.2196924989697996e-05,0.00010625650555504449,0.0015554196310943612,5.6674510380034344e-05,0.004899086962087796,0.002971128741384509,0.0008177008518611433,0.01929197832466335,1.1392030331564673e-05
70,0.0001452695983034112,0.00034684737588491326,0.07441541025138118,0.35020622928913536,6.717803634472432e-05,0.0003493460313759052,0.008423078229089874,0.16121405294196295,0.22616562020065975,2.82814366401235e-06,0.047625014623756234,0.08184661853471005,1.703546903774818e-05,0.00014136150820143358,0.0010485332250232285,0.034184797455880114,1.4224895838681463e-05,0.00020479482420559416,0.0009383605864486313,5.502279523331188e-05,0.00251190567758036,0.002836952606889005,0.0002642993840611819,0.0069529359064077895,2.228240892464679e-05
71,9.934627920354346e-05,0.00016307921792680383,0.08007131737423412,0.25374982686348324,1.9815144088713596e-05,0.0006561768749348966,0.005098471907200029,0.15134736449852124,0.2723747111757488,1.239433239078241e-06,0.12115430358620877,0.06507895078852022,5.747953727798887e-06,6.834551269696814e-05,0.0016259286559345285,0.023823379865744176,8.707979551859749e-06,0.000285185945382012,0.002227725964367215,6.641327310612465e-06,0.003817982481456497,0.007590913502923124,0.00014517249885734093,0.010569364021871438,1.0301146866930396e-05
72,0.0001419142365011186,0.0009016843141166307,0.04841766309289824,0.40655348727229695,0.0001345109882838104,0.0004937930381785457,0.010046101391456017,0.10258382684880209,0.20827238900983325,4.927987346904435e-06,0.08823951259096854,0.08330505776071376,1.5883410765270766e-05,0.0002324828422508365,0.0011657222032610607,0.02331434530510571,2.92959276252779e-05,0.00018017491246041356,0.001924056027907299,8.06432099251215e-05,0.004367302733134699,0.0049181437522843345,0.0010842308017961241,0.013557824104553133,3.5026237534854646e-05
73,0.0001139923678458158,0.0006493168678258929,0.05044956297226641,0.45198735834828,4.4136227199460694e-05,0.00045660562861773,0.005760285892515972,0.10937340071304558,0.2518773673440635,3.181674615887164e-06,0.043702660956864016,0.04979772469728539,6.539945762081582e-06,0.00017598361292337143,0.0003861046885526844,0.021124056934810686,6.331431364271963e-06,0.0001591685173674438,0.0011594957175957142,3.0418282673487183e-05,0.0021177683590409323,0.0015438786384039858,0.0002589059309739004,0.008805817916782569,9.936333323010731e-06
