,0,1,2,3,4,5,6,7,8,9,10,11,12,13,14,15,16,17,18,19,20,21,22,23,24
0,7.588783960235316e-05,0.00046781054856525445,0.00014148766101119254,0.005870198001192221,2.2576506006650055e-06,7.112080309547726e-05,0.0006526511844532029,0.1306216010543855,0.0004337213720540484,0.00015854590464663365,0.00037273753790586405,0.024793365322078893,3.7350307392949545e-07,1.6879081257734509e-06,0.001351729743485068,0.00020725109692381678,0.0009436628260914107,5.912984342272247e-06,7.533412614272273e-06,4.653315466305e-07,9.099935320618193e-05,0.833352486578618,5.257309064624616e-06,6.0572471760222975e-06,0.00036519782614052724
1,6.383654922241072e-05,0.0006480689520272892,0.0001642098584110301,0.0034872546935034833,3.043542771229706e-06,7.315782686955832e-05,0.0005606872245064495,0.08187504046428236,0.00041200710233442207,0.00013063205680349243,0.0003564388975658796,0.024000199581985765,2.4645121892059946e-07,1.8947722402681024e-06,0.0015629002569042308,0.00015115495553515854,0.000890340512141447,4.497003879334871e-06,9.29669043794931e-06,3.424182350046472e-07,9.727502171666347e-05,0.8850114162727569,4.749660557918009e-06,5.4576500573758555e-06,0.00048585158403535885
2,7.172326262699893e-05,0.0007609570576550585,0.00015310863822407824,0.003450551341027101,3.6688451698183073e-06,6.99700335651525e-05,0.0005990291793758279,0.08866785516748013,0.0004556475547724506,0.00015744387242285163,0.0005832868821947676,0.03307437393670644,2.566609511758127e-07,3.396715928135534e-06,0.0027624937820040396,0.00011834206350263872,0.0009810049680279193,5.805976576794872e-06,7.632993386726857e-06,4.742535675641655e-07,0.00012397436988285186,0.8671360861885737,7.622235670812256e-06,6.158916231878711e-06,0.0007991351044750093
3,5.499050407404104e-05,0.0006321012075385086,0.0001276962438955523,0.003185671518781455,2.5525302186358522e-06,6.772483071926977e-05,0.0005854821527249346,0.06681107839960285,0.00030588932979160976,0.00010893596216908655,0.00035183640884914476,0.026917354568378408,2.06754481595626e-07,2.349003534909254e-06,0.0016871346920398402,0.0001250814343308993,0.0009019834137957369,4.997481903388366e-06,7.087276623373176e-06,3.2722928569542046e-07,0.00010454988938664844,0.8974437750161269,5.3922021886814834e-06,5.845279377895369e-06,0.0005599566701811315
4,5.9134452240134637e-05,0.0006501269385285161,0.00013283736253502117,0.00327897870792187,2.6636079440842593e-06,7.025862635467669e-05,0.000612940430928139,0.0708480208335635,0.00030897947847604906,0.00011486512200943717,0.0003565953648186348,0.027158087855095474,2.3499169219321813e-07,2.5385840450355497e-06,0.0017188259133631386,0.00013382799544459927,0.0009520967366903545,5.406285423737316e-06,7.790763959824102e-06,3.531857318544846e-07,0.00010575147942318051,0.8928995858359935,5.570809981140694e-06,6.499015293307026e-06,0.000568029622542857
5,5.4631979553962655e-05,0.0006499176961247433,0.00010923858074778576,0.0036781724564123965,2.3006214801820062e-06,7.12801605990854e-05,0.0005406135619153833,0.06812724809705681,0.00029151868211659394,0.00010368836220041383,0.00034549598122733845,0.024924771774098735,2.131501300304645e-07,2.2449159510432993e-06,0.0016538113470042448,0.00013017229628025992,0.0008782420377551134,6.01179912427023e-06,7.028658713377488e-06,3.4496158358164065e-07,0.00010173617343278844,0.8977943287985878,5.567740129890733e-06,5.776171254365725e-06,0.0005156439965198918
6,5.499050407404104e-05,0.0006321012075385086,0.0001276962438955523,0.003185671518781455,2.5525302186358522e-06,6.772483071926977e-05,0.0005854821527249346,0.06681107839960285,0.00030588932979160976,0.00010893596216908655,0.00035183640884914476,0.026917354568378408,2.06754481595626e-07,2.349003534909254e-06,0.0016871346920398402,0.0001250814343308993,0.0009019834137957369,4.997481903388366e-06,7.087276623373176e-06,3.2722928569542046e-07,0.00010454988938664844,0.8974437750161269,5.3922021886814834e-06,5.845279377895369e-06,0.0005599566701811315
7,7.19582472588316e-05,0.0005760765476726185,0.00015120866240549757,0.0033560243663379877,2.658482140775946e-06,5.556613550147168e-05,0.0006110018143134874,0.08151123603379691,0.00032173870417800303,0.00013688832903985322,0.0003689933535427672,0.02454367277680136,2.658566724057957e-07,2.1351035060468667e-06,0.001427305403578723,0.00012109722307135403,0.0009525746698188689,3.8967500063520665e-06,7.980509370657322e-06,3.331602919370368e-07,7.894368435735545e-05,0.8851532836879432,4.222410177152543e-06,5.987952523115974e-06,0.0005349501356932212
8,2.1472250536872336e-05,0.0006218075778944882,3.731193579969267e-05,0.002429213564274309,1.4966388781167734e-06,8.317560087944263e-05,0.00027237091404249395,0.049267855872922844,0.0002487526424054903,3.251576015139789e-05,0.00019917100599450017,0.014991180397369859,9.193136482562086e-08,8.065279216153544e-07,0.0013141692452222388,0.0001426678683008043,0.00044824706000247535,8.224819533163542e-06,7.158478083946105e-06,1.4554853492729136e-07,6.121789386821527e-05,0.9296178761551827,2.2178258961889986e-06,1.7904515598454903e-06,0.00018906203337959812
9,4.643714999910066e-05,0.000587899508078423,0.00011489293665491759,0.002942252164366474,2.4098811959038812e-06,7.035493385166006e-05,0.0005543311437692404,0.06236751320322133,0.00028655686514370807,8.570626265416492e-05,0.0002965564197281789,0.025103776926842573,1.9192223187502856e-07,1.8901934184851798e-06,0.0014267918164462448,0.00013987417727798015,0.0008283980901192934,5.1197397426415045e-06,7.307997449616409e-06,2.844197377260934e-07,9.691852021156361e-05,0.9045921025113883,4.264279436788865e-06,4.887094915338485e-06,0.000433281842118539
10,5.499050407404104e-05,0.0006321012075385086,0.0001276962438955523,0.003185671518781455,2.5525302186358522e-06,6.772483071926977e-05,0.0005854821527249346,0.06681107839960285,0.00030588932979160976,0.00010893596216908655,0.00035183640884914476,0.026917354568378408,2.06754481595626e-07,2.349003534909254e-06,0.0016871346920398402,0.0001250814343308993,0.0009019834137957369,4.997481903388366e-06,7.087276623373176e-06,3.2722928569542046e-07,0.00010454988938664844,0.8974437750161269,5.3922021886814834e-06,5.845279377895369e-06,0.0005599566701811315
11,5.779512461752122e-05,0.0006111362033813244,0.00013058799042773293,0.003197418956198658,2.5074241364393782e-06,6.76366904538002e-05,0.0006022246821133899,0.07406853091013649,0.0003083161888190001,0.0001158368017859609,0.0003451079890805333,0.02689879129688545,2.378129471280394e-07,2.3177870424854874e-06,0.0016461185671339464,0.0001323000834762787,0.0009389191408838094,5.22189180735018e-06,7.558969644645243e-06,3.453978723215742e-07,0.00010008755442160775,0.8902175736192413,5.2355049852327315e-06,6.314819298596697e-06,0.0005318785932090273
12,5.957579873361474e-05,0.00088091833471932,0.00013728851577510872,0.003931550041246018,5.190060637688131e-06,0.0001116931745915706,0.0009340728139351708,0.04837798040557433,0.0003863271313215938,0.00011336841890475862,0.00045979078060805136,0.04000674299511462,2.1055990001479593e-07,6.260800481513285e-06,0.002556992845570148,0.00016123413128822013,0.0011874579552925244,9.468891829104531e-06,7.552059098326211e-06,5.721255828141009e-07,0.0002078151574100068,0.8992124572120246,1.3681063700383145e-05,9.588289679143095e-06,0.0012222104369813823
13,9.538438964084446e-05,0.0005564919024205899,0.00020265549007906166,0.004466537505738429,3.403551793568053e-06,5.24760899343238e-05,0.0007045826215266042,0.10567027469363627,0.00038888110668632925,0.00017441449857309203,0.0010207770934376828,0.05340733595307713,3.294854766543874e-07,5.446395332163197e-06,0.0033269913417059453,0.00014818451464591336,0.001118421829773432,6.673547692095325e-06,5.843533525992664e-06,6.363440093371151e-07,0.00016521522912852304,0.8277011759221228,9.064475346293751e-06,5.995658467194331e-06,0.0007628068262296993
14,4.53167675126457e-05,0.001259303861809211,0.0001046430966825439,0.0037928967357032475,3.2425706299670246e-06,8.41916811798137e-05,0.0002970201341710614,0.05066104506112441,0.000284804381082323,7.884360194033824e-05,0.00037603611734831916,0.016701586850139734,2.150303808261367e-07,1.8505016346529837e-06,0.001789991097480813,0.00013826496023196922,0.0006549692470449434,6.67997892282749e-06,1.2331794642223923e-05,3.218109362306109e-07,8.289444524468798e-05,0.9232054458409911,4.075880363062659e-06,3.7974981515210415e-06,0.00041023105465156056
15,5.499050407404104e-05,0.0006321012075385086,0.0001276962438955523,0.003185671518781455,2.5525302186358522e-06,6.772483071926977e-05,0.0005854821527249346,0.06681107839960285,0.00030588932979160976,0.00010893596216908655,0.00035183640884914476,0.026917354568378408,2.06754481595626e-07,2.349003534909254e-06,0.0016871346920398402,0.0001250814343308993,0.0009019834137957369,4.997481903388366e-06,7.087276623373176e-06,3.2722928569542046e-07,0.00010454988938664844,0.8974437750161269,5.3922021886814834e-06,5.845279377895369e-06,0.0005599566701811315
16,5.946383230994332e-05,0.0004964314251105564,0.00015162520708723008,0.003923294383864428,2.778566540675741e-06,8.236880675292927e-05,0.0008025495478835737,0.07625461595917826,0.0002548738211587249,0.00011365656611486637,0.0004646556751886941,0.04328374966238665,2.9800037911033726e-07,4.038184978689834e-06,0.0021045930671543416,0.00021558400426721424,0.0011439569318956793,9.554657912619018e-06,7.120221181527995e-06,5.383563382901751e-07,0.00018431006158438974,0.8699313756422051,7.626597747804156e-06,7.881593875423262e-06,0.0004930592269033327
17,5.015279803438768e-05,0.0007318722187335835,0.00012589596969177165,0.002909092634940652,2.4940743857358532e-06,8.043517926517802e-05,0.000493330194041313,0.06840874155754396,0.00031235113595323775,0.00011511243990800684,0.0003110838618354213,0.022476165724295456,2.1112672878475686e-07,1.975074623684175e-06,0.0017931816322196191,0.00013046642131099733,0.0008711636850011596,5.556977243927094e-06,9.318574156836624e-06,3.159234395469876e-07,0.00010204809806784564,0.9005617268026916,5.183146085381433e-06,6.212523659623293e-06,0.0004959122261420858
18,5.979217364129906e-05,0.0006388243013551955,8.231467509723205e-05,0.0021400452584361017,2.4143390180332174e-06,4.944071122150515e-05,0.0005858378915981306,0.040814913344915923,0.0002708890119166938,8.777034652847765e-05,0.0002990291594237633,0.01879333434131271,1.3287764136182434e-07,2.5257949546719124e-06,0.0013904288319254619,6.785467992037573e-05,0.001262644275660226,4.477574781391455e-06,6.665144571042031e-06,2.460943308804617e-07,7.832241583450226e-05,0.932406670950946,5.772043482141199e-06,6.08593950027575e-06,0.0009435678219865244
19,4.5981481407509294e-05,0.0004124955390218446,0.00013064418080882147,0.0027716138187485824,2.1344807259938194e-06,5.990291181983065e-05,0.0006895299708105568,0.07173681680358411,0.00028899499304728605,0.00012998070622808656,0.0002576228698635221,0.02733218189773502,2.1231180324209552e-07,1.5195005042747353e-06,0.0010907190320998787,0.00010802828527577114,0.0008080258493452804,2.9339846054680786e-06,5.278110038566059e-06,2.836779921984059e-07,7.54762998561557e-05,0.8935760007470986,3.6091953805376722e-06,5.566044673465166e-06,0.0004644473075254979
20,3.421276731553262e-05,0.0006095264699293579,8.408982337543428e-05,0.002705569030395454,1.5310760175143628e-06,6.233979743140963e-05,0.00038294070043033365,0.06013244254883864,0.00022595065402482002,8.119698892276787e-05,0.00030729672115102413,0.026123892775466815,1.5254702619013278e-07,1.6275611246818457e-06,0.0017887828230690322,9.723439193572801e-05,0.0006455737531222021,4.949634102981797e-06,4.901841636687294e-06,2.5007460325087484e-07,9.647685227108005e-05,0.9062141911710488,4.3963462229715255e-06,4.085895454429467e-06,0.00038638775508272093
21,7.367295383495092e-05,0.0006437516066742766,0.00013556584478765924,0.005047226264250759,2.9125169532251003e-06,7.096020606940683e-05,0.0006372667238007747,0.07388388162609054,0.00033419296908900834,0.00011251032624762075,0.0005923402791866396,0.03822911127569871,2.4569229993477037e-07,4.052210030012211e-06,0.002234006566042219,0.00017287116684777895,0.000886319179718538,7.354580459314632e-06,6.674061228680717e-06,4.6079474973871586e-07,0.00013080811616071055,0.8761735149423789,7.205609413014397e-06,5.405357593313691e-06,0.0006076891303942192
22,5.262552969488481e-05,0.0007309158686622305,0.00011962621395619453,0.0028614613889199076,2.666021967206035e-06,7.539869104008958e-05,0.0005939020035073982,0.06699088374958923,0.00032600554548613075,0.00010373489069665464,0.00029783909018789713,0.026463657886279014,2.0034740119104191e-07,2.3710130843111244e-06,0.001747067594476831,0.00012042537543088645,0.0008163045094723586,4.785432077851885e-06,7.814958843822009e-06,2.925712592850156e-07,9.530506817398239e-05,0.8979718962951299,5.270510138575042e-06,6.387089865213252e-06,0.0006031623546592828
23,5.499050407404104e-05,0.0006321012075385086,0.0001276962438955523,0.003185671518781455,2.5525302186358522e-06,6.772483071926977e-05,0.0005854821527249346,0.06681107839960285,0.00030588932979160976,0.00010893596216908655,0.00035183640884914476,0.026917354568378408,2.06754481595626e-07,2.349003534909254e-06,0.0016871346920398402,0.0001250814343308993,0.0009019834137957369,4.997481903388366e-06,7.087276623373176e-06,3.2722928569542046e-07,0.00010454988938664844,0.8974437750161269,5.3922021886814834e-06,5.845279377895369e-06,0.0005599566701811315
24,5.604156263551765e-05,0.0005151458405810168,0.00017480727791838107,0.0017348778419311462,2.55800320481397e-06,7.720421782493127e-05,0.0008580412578446066,0.07739653752607442,0.0003728208765019482,0.00013789618752493865,0.00027537582998893794,0.028488261317423866,2.2425853495619408e-07,2.1882546725166513e-06,0.001930892616223874,0.00013462442379394041,0.0013173314104664364,4.6263039565698935e-06,8.96710333850528e-06,2.9001516403026256e-07,0.00014840071008016234,0.8857415480261132,7.153763389054666e-06,1.007032545437651e-05,0.0006041150493580022
25,2.009003465745865e-06,0.007188991375173123,9.457042570080368e-06,0.0001238266434971447,1.0209532041371282e-06,0.0012726929745898816,3.847298386496145e-05,0.0007006084505894603,0.00013622406153319835,5.777132048119799e-06,1.0564981216331593e-06,0.0006008185547415552,4.509757932081822e-09,5.79527084829274e-08,0.00024601912274810204,3.813529883129855e-05,0.00022617988277305395,1.7413455560448636e-06,7.631295088416432e-05,3.052179131643524e-09,7.05825969802719e-05,0.9890332828257137,2.721293938855059e-06,6.490049933836932e-06,0.00021751344459601762
26,6.826079302536525e-05,0.0007122180342028387,0.00012483802683896342,0.0029430993337951645,2.707101585641808e-06,8.138183348909022e-05,0.0006262926126403859,0.07329437546620395,0.0004420048840454211,0.00012584203172165143,0.0002882611911731244,0.019943914394082992,2.3426463705868212e-07,1.9141582899913598e-06,0.0016061805709678787,0.00012508928689529294,0.0011633754360102079,5.868312743770618e-06,9.486754153149606e-06,3.280224132713827e-07,0.00010888184747525304,0.8976572290648612,7.361620194185385e-06,7.981939695372757e-06,0.000652873018858685
27,4.6393226984530294e-05,0.0006727677121408426,8.834675028694848e-05,0.002836385185167233,2.0668739116541076e-06,6.152082342340503e-05,0.00045490222188957884,0.060972254745638846,0.00031922913347617545,9.426052540403393e-05,0.0003080806955042878,0.021041041296140563,1.5025132578783265e-07,1.6951077530476932e-06,0.0015790923897861888,9.248047927170915e-05,0.0007029697002020671,4.055622381281007e-06,6.3876437873426386e-06,2.3284016638798803e-07,6.966446315348861e-05,0.9100999717128172,4.210198583685117e-06,4.223420167725188e-06,0.000537616980635928
28,5.499050407404104e-05,0.0006321012075385086,0.0001276962438955523,0.003185671518781455,2.5525302186358522e-06,6.772483071926977e-05,0.0005854821527249346,0.06681107839960285,0.00030588932979160976,0.00010893596216908655,0.00035183640884914476,0.026917354568378408,2.06754481595626e-07,2.349003534909254e-06,0.0016871346920398402,0.0001250814343308993,0.0009019834137957369,4.997481903388366e-06,7.087276623373176e-06,3.2722928569542046e-07,0.00010454988938664844,0.8974437750161269,5.3922021886814834e-06,5.845279377895369e-06,0.0005599566701811315
29,5.499050407404104e-05,0.0006321012075385086,0.0001276962438955523,0.003185671518781455,2.5525302186358522e-06,6.772483071926977e-05,0.0005854821527249346,0.06681107839960285,0.00030588932979160976,0.00010893596216908655,0.00035183640884914476,0.026917354568378408,2.06754481595626e-07,2.349003534909254e-06,0.0016871346920398402,0.0001250814343308993,0.0009019834137957369,4.997481903388366e-06,7.087276623373176e-06,3.2722928569542046e-07,0.00010454988938664844,0.8974437750161269,5.3922021886814834e-06,5.845279377895369e-06,0.0005599566701811315
30,5.499050407404104e-05,0.0006321012075385086,0.0001276962438955523,0.003185671518781455,2.5525302186358522e-06,6.772483071926977e-05,0.0005854821527249346,0.06681107839960285,0.00030588932979160976,0.00010893596216908655,0.00035183640884914476,0.026917354568378408,2.06754481595626e-07,2.349003534909254e-06,0.0016871346920398402,0.0001250814343308993,0.0009019834137957369,4.997481903388366e-06,7.087276623373176e-06,3.2722928569542046e-07,0.00010454988938664844,0.8974437750161269,5.3922021886814834e-06,5.845279377895369e-06,0.0005599566701811315
31,7.115248154171228e-05,0.0006154885871273757,0.00017974736410258647,0.0030413360088556414,2.352818533468387e-06,5.636133227917816e-05,0.0005445781358208808,0.10704908824075716,0.00032184957472916305,0.00011105127445679303,0.0003418502995851783,0.02722672768970129,3.2449700408117414e-07,1.8942730234852121e-06,0.0016104372396499574,0.0001466748045855284,0.0010218312732118303,4.834216051114599e-06,8.475277499321352e-06,3.4458051965974915e-07,0.00010995664310977401,0.8571114691716603,4.566492619307368e-06,6.444800299132054e-06,0.0004111629232759378
32,5.653954685670228e-05,0.000686060485625693,0.00012757439647371842,0.0030718287520000707,2.543894266612164e-06,6.834615373169704e-05,0.0005432824504583007,0.06585245557606652,0.0003028304499873926,0.00010496135931360535,0.00033105661932949674,0.02441334159169971,2.1271809369387746e-07,2.229078043103355e-06,0.0016345958010549847,0.00012558356840018341,0.0009106698997150278,5.1128313165138e-06,8.111424731045902e-06,3.1083143183632856e-07,9.918059067974857e-05,0.901102532382277,5.124112826561923e-06,5.95689433580954e-06,0.0005395585912850481
33,3.363438100644588e-05,0.0005303788111813244,5.8372407045853434e-05,0.002108004327659574,9.660976825234166e-07,6.331101871476074e-05,0.00032586772399769646,0.04222564429180244,0.00010552466014026256,4.94211402981946e-05,7.521753502494704e-05,0.011887184771323347,2.0875571507912036e-07,8.016150012395814e-07,0.0004760513855739886,0.00013763504968249097,0.0008662254140285278,4.604464489285209e-06,1.0924692183569545e-05,1.3559482564084995e-07,4.5425757265662414e-05,0.9408015861232032,1.8593766135399228e-06,6.955078078587399e-06,0.00018405952746202976
34,0.00012983169213738632,0.0008423147439822449,0.00020500304851810757,0.0039780720166319805,3.922079648107996e-06,5.245647544960917e-05,0.00055817253086895,0.08797905804776031,0.0004490706431486645,0.000130025031979746,0.0005680337790639081,0.023367182176668277,2.970383030875594e-07,3.241101616167413e-06,0.0019365182032040093,0.00014102369355794469,0.0011964065248854187,5.21334479042738e-06,1.243943141803842e-05,3.7477722984497474e-07,0.00010153972338827264,0.8776400484740517,5.685737422584496e-06,5.966627517285607e-06,0.0006881030567581377
35,5.724467797826251e-05,0.0006451207445715777,6.893423525615292e-05,0.002598523189772072,1.4476174252888811e-06,3.8543709959402764e-05,0.00029079825437269613,0.09401813533612392,0.0004492399516200833,7.002460217674112e-05,0.00022979164390388184,0.012042147117133594,1.462821775919678e-07,6.553976878473742e-07,0.001015348660738625,7.539335967170361e-05,0.000559091822070323,2.671256496790697e-06,6.9384697575814915e-06,1.3236840502933518e-07,3.112649661253716e-05,0.8874721676019461,1.970228925256232e-06,2.298193628075824e-06,0.0003221087815887152
36,4.078669062056458e-05,0.00038346008748897355,7.8371337831321e-05,0.002226528836358861,1.529559969084089e-06,4.60239725409134e-05,0.0005728985731439462,0.06277417845878881,0.0002089052387028357,7.290655548121767e-05,0.00026453238521136627,0.030737611347652093,1.639479455536147e-07,1.8722313799552573e-06,0.001235637271356562,0.00010107615417531048,0.0008433020102709027,4.265683344872994e-06,4.47291485627822e-06,2.2955748317648524e-07,7.246645472433053e-05,0.8999038518535835,3.375574838905557e-06,4.440577841534866e-06,0.00041711272440897993
37,7.67738782827744e-05,0.0006552683490242858,0.00016620946152554666,0.004052006117522947,3.2447505460304485e-06,7.902780269332296e-05,0.0008917788093705376,0.056315872759303304,0.0002456299673544054,0.00011233163061490881,0.0004139796871455744,0.03533351164273199,2.718559694032912e-07,5.109761982317081e-06,0.0018721039175355672,0.00018365677332670923,0.001320715044436542,8.115666460104746e-06,8.333310401011226e-06,4.797198453016865e-07,0.00018007641528112602,0.8973236623753797,9.103138522669788e-06,1.045022222733742e-05,0.000732286942516535
38,4.3924511955528706e-05,0.000563080367693519,0.00011160555023148762,0.002694304540180027,2.2496762836570497e-06,9.527036569355954e-05,0.0006792777811287515,0.06257734360923921,0.0002630749197689248,9.833687835493406e-05,0.0002908919770915189,0.029581274062149207,2.1995759109819887e-07,2.4231088570686397e-06,0.0018624051872118393,0.000172457637075794,0.0009096528788754358,7.560046522414212e-06,8.284324178806638e-06,3.2080051891970106e-07,0.00013512571729108104,0.899452564854361,6.132106409022162e-06,7.338568160278623e-06,0.0004348805731768397
39,0.0001596872591074589,0.0007741673739369327,0.00012455887045044388,0.005057779273598085,5.211776891454254e-06,5.154089268762008e-05,0.0009962276898300964,0.07544812438538341,0.0005495028512963365,0.0002518000835707722,0.001008956756564007,0.030966942948134655,2.6367107674710997e-07,7.884466825759163e-06,0.0029056628198018556,9.388770900447251e-05,0.0010952288619761898,5.367003546347021e-06,8.05547355669976e-06,5.000384996985358e-07,6.714775512082774e-05,0.8786140953488848,9.241510373886128e-06,7.745038592862504e-06,0.0017904201412887663
40,6.081373619876091e-05,0.0007003436439538458,0.0001486624678444044,0.002971903380140079,3.1233298945287794e-06,6.339782613803022e-05,0.0006012087924468518,0.06058748162472394,0.00030732384712227166,0.00010398937909641567,0.0003952853614343412,0.030437970173256827,2.0446358696855682e-07,2.9647628579239997e-06,0.0018315827783628995,0.00011847501739267627,0.0009449029274231134,4.61121344233129e-06,7.306264240436196e-06,3.3000021800973745e-07,0.0001168499124352078,0.8999143967102248,5.658876932683233e-06,5.8530775067704945e-06,0.0006653604331258577
41,9.002422691351142e-05,0.0011850760257163244,0.00015268843653913944,0.006748612433083952,4.102633500185781e-06,7.822084879246317e-05,0.0003791814392844688,0.12174830978502031,0.0005737289802965184,0.00012724318621179978,0.0006339447665078211,0.023310132789930122,3.237609160372835e-07,2.5935304153063313e-06,0.0025519969648387774,0.00020275833307816432,0.0006111527982876457,6.853488965951783e-06,1.2372840952515658e-05,4.2297471981867434e-07,8.553601876681528e-05,0.8410377917070379,4.85006890633915e-06,3.825504864415631e-06,0.00044825645645364567
42,0.0027452543114316347,0.0004743867095781528,0.0005301227949304828,0.00497349168990667,0.00046578998403320104,0.00018593701596303735,0.0704460541215119,0.03792306049910099,0.0024520981393293113,0.005197328316537303,0.022395241452144974,0.33233538641617183,1.863959657975975e-06,0.010670743696558587,0.0608643705563247,0.00012108208188877914,0.0068665575276144804,9.423771697437542e-05,8.918972496111455e-06,2.36354433774124e-05,0.0016170876626177533,0.13914959490153728,0.0028604454103108613,0.0005164179703416914,0.2970808926496604
43,6.225871478008369e-05,0.0006750375413718836,0.00012772020331520138,0.003270757258458268,2.7336319535024495e-06,6.289546495424164e-05,0.000610941765544516,0.06401880095412234,0.0003155008845279364,0.00010404941942791783,0.0003996517755071284,0.02835185531585059,2.0025325910573435e-07,2.7944188935079632e-06,0.0017874296886563562,0.00012033813648668576,0.0009087819038284585,4.8902879962783135e-06,6.9574586670348766e-06,3.2052912804355733e-07,0.00010111149554904062,0.8984003979013636,5.6694983960299665e-06,5.701559774780832e-06,0.0006532039381875099
44,5.499050407404104e-05,0.0006321012075385086,0.0001276962438955523,0.003185671518781455,2.5525302186358522e-06,6.772483071926977e-05,0.0005854821527249346,0.06681107839960285,0.00030588932979160976,0.00010893596216908655,0.00035183640884914476,0.026917354568378408,2.06754481595626e-07,2.349003534909254e-06,0.0016871346920398402,0.0001250814343308993,0.0009019834137957369,4.997481903388366e-06,7.087276623373176e-06,3.2722928569542046e-07,0.00010454988938664844,0.8974437750161269,5.3922021886814834e-06,5.845279377895369e-06,0.0005599566701811315
45,7.230548993957106e-05,0.0009642307062283571,0.0001549661675707431,0.0038412003777034175,4.0094063708209885e-06,6.86794294727454e-05,0.0005206247868207013,0.0400308436773521,0.000353524515590071,0.0001056485410704644,0.0005149691516852417,0.02692775635753071,1.4994631635397106e-07,3.935889377444287e-06,0.0019869947358955257,9.615244324711583e-05,0.0010821810615584898,4.828949053366781e-06,7.415464202218984e-06,3.716620182100108e-07,0.00014154365516663418,0.9219499042026714,8.925890798152227e-06,5.510487579478919e-06,0.0011533270047805772
46,5.0131527766726275e-05,0.0005260521065802569,0.00011694000565668966,0.0030679454229657218,2.0380850489172977e-06,6.0240842664822156e-05,0.0005253110683100267,0.06113589603435428,0.0002507456262352084,9.758874940677843e-05,0.0002939812102660542,0.024628515425613135,1.9336119661435408e-07,1.8101733696504481e-06,0.0012714366665992612,0.00011578107085988358,0.0009305902912596994,4.357969224503068e-06,6.2828290262137516e-06,2.924483972484688e-07,9.450142432774901e-05,0.9063461956558311,4.397956984057567e-06,5.248554211004281e-06,0.000463525493844584
47,5.6868083159595656e-05,0.00044139163594604134,0.00011030828624124567,0.002868212166186356,1.6424770670309358e-06,5.533330396882583e-05,0.0005417425593799754,0.06361798599003927,0.00021569209788239088,8.501308170119275e-05,0.0002072848966692478,0.022027857157024728,2.2214799368110275e-07,1.4301843718874263e-06,0.0008824705573549082,0.0001359222333951132,0.0009707471779944837,3.99871463879911e-06,7.274141780655067e-06,2.2648851575243093e-07,7.64875638210666e-05,0.9073426081692393,3.2990738102432043e-06,5.792277479101909e-06,0.0003401895343389804
48,0.00011305533156117159,0.0007095829481384503,0.0003444794931287677,0.012883353454253229,1.3340259860250901e-05,7.56662478084695e-05,0.0013093202013822224,0.07220156370733809,0.0010452496953844452,0.00018601685207345238,0.005660680120480461,0.1962851169650435,1.8912449940989256e-07,2.653471459805233e-05,0.010565513134370175,0.00020200919700733887,0.0005172750684419924,6.555369514182022e-06,1.9449009276387915e-06,1.2992544958943952e-06,0.0005303614510909398,0.69503634544862,3.118419885848533e-05,2.40414300708626e-06,0.0022509587181164764
49,3.570219818717003e-05,0.0005174997287699611,0.00010901339022442381,0.002545801596055744,1.826380320690769e-06,6.166153565549994e-05,0.00046370014748002873,0.05634402999227313,0.00023349491116047105,8.498146172221037e-05,0.00023488056665204972,0.0246603406016341,1.6505770766305145e-07,1.3349209812558316e-06,0.001152511746689813,0.00010325509589999766,0.000709700991383507,3.4087175858250938e-06,5.42572573829944e-06,2.418312022065016e-07,8.339733178702774e-05,0.9122572765706458,3.4089678757717613e-06,4.336086127981654e-06,0.00038260444623929946
50,1.4756666549245478e-05,0.001695386576175001,7.916199692937374e-05,0.0025370064331618255,1.859088286873346e-06,0.00010143892201378695,0.0001234403016202863,0.022181274213143035,0.0002224128024919995,2.4206602446267e-05,0.00020060131896585794,0.014969120247028102,5.624611134595057e-08,8.285558374735652e-07,0.0017323157643898274,9.585946402230251e-05,0.00035983792165420337,5.073260114961376e-06,6.322426868975664e-06,1.3991564920877336e-07,0.00016620614997665063,0.9552130564492738,4.295080745642634e-06,1.6023786661571634e-06,0.0002637412178779368
51,0.0002661923389755102,0.00024003047928203246,0.0008042720043389291,0.0020280137284562757,1.3236498254290913e-05,0.00015618068143006533,0.005742318946409416,0.11655043521525908,0.0007636426396494132,0.0006822724207028992,0.00041854464160092036,0.08032425661601367,1.1511010396212713e-06,1.1410066113058935e-05,0.0018761353623385118,0.00046402348334121843,0.006775773208545528,8.569957890214065e-06,2.357990788783639e-05,1.2427817680652365e-06,0.0005342510193160428,0.7804546519075071,2.898483569314403e-05,8.257072684861011e-05,0.0017482594313386918
52,6.199825955691308e-05,0.0005040728444947512,9.58777970898142e-05,0.0048868207249858995,2.257323490751794e-06,9.869436335735512e-05,0.0004795645662401349,0.1362014802540459,0.00038850972090705393,0.00025380140670393876,0.0004806540888785481,0.029943838303466298,3.5616628070441033e-07,2.314870996582534e-06,0.0024750658049133324,0.0001610078782008217,0.000651575862395461,8.522792491145626e-06,8.884554288527852e-06,5.530508496743345e-07,7.510139022003647e-05,0.822831522479641,4.840980380873923e-06,6.099143698763338e-06,0.0003765853724256474
53,5.445317619728654e-05,0.0008416828690372049,0.0001102986550341596,0.0027071726648260977,2.1187680593648834e-06,6.038595046323355e-05,0.0003356884133649264,0.06570139416584525,0.0002726514900616971,9.096166207498639e-05,0.00026018210691074975,0.017225705531963613,1.8775540913016816e-07,1.5171779607527084e-06,0.0013987792005001995,0.00010168876830196058,0.0007533074941950206,3.991423675285957e-06,1.0208738036980063e-05,2.1598493564649963e-07,6.55620684699235e-05,0.9095700860075302,3.1700451960103793e-06,4.6724693027798204e-06,0.00042391741264734305
54,0.00016674170116204589,4.489378072980932e-06,0.01037698309139437,0.005412397016574579,4.0147929399866155e-06,5.052379184128288e-05,0.0008134818171954125,0.7551393718294553,0.0002805272542393725,0.0019051153242968636,0.0006644046554793434,0.11804357267242378,2.473684361745965e-05,6.626722774859079e-07,0.0002729727516349603,0.002680262144309782,0.0064239563117193844,7.728376958295356e-06,5.018750778692794e-06,1.9913979423794956e-05,0.003706871851666227,0.09394858874673151,1.46298785955551e-05,2.2880148095492156e-05,1.0154219116162761e-05
55,4.635841630108483e-05,0.0004437179423470341,0.00011354622493691472,0.0028577990677680033,2.4442395149352677e-06,7.266296717008845e-05,0.0007666598915150654,0.08242757249627558,0.00033369553032420914,0.00010080597351415477,0.0002936238546306513,0.04324287214758254,2.448374493370985e-07,2.4313122496685265e-06,0.00152547775444051,0.00015276731279567906,0.0007976760421558652,5.494158860774164e-06,5.3118976504838266e-06,3.649914263142569e-07,0.00010005136140606723,0.8662010138315867,5.090567130071087e-06,6.158175927198721e-06,0.000496159005040921
56,5.6637442080155164e-05,0.0006152385413625053,0.00012937306640643472,0.003283565696630538,2.5251946927946666e-06,6.903537370164548e-05,0.0005988750235066245,0.07231448895379029,0.000308634870816507,0.00011436208472389644,0.0003468427260801835,0.026921235807823848,2.3078020241472316e-07,2.30679451393815e-06,0.001646558784378145,0.0001320937329994236,0.0009180942005806105,5.2075410673672656e-06,7.37404001236429e-06,3.4530964326296566e-07,0.00010196906946474416,0.891880167524219,5.283161913566842e-06,6.134739470947767e-06,0.0005334195399188157
57,4.5947104002863246e-05,0.0005163127960315263,0.00018808579946502128,0.0026201375891968482,2.894529926040996e-06,6.913754731468016e-05,0.0006123240633258881,0.07024755904158028,0.00028739559908533285,0.00011493437177502478,0.00028763437968448084,0.034251689566787646,2.620265021635626e-07,1.9658517367904257e-06,0.0013158207890381253,0.00014709464261389196,0.0009519767317255567,3.93793321654503e-06,7.131779132164196e-06,3.740822049245616e-07,0.00011899953706340672,0.8877514060260444,4.331847772629149e-06,6.193874579575912e-06,0.00044645249019438884
58,5.364657900670957e-05,0.0006192720288268684,0.00012707005054757054,0.0029925591446011094,2.404862706970541e-06,7.216566139571974e-05,0.0006016529939102854,0.06909667840897432,0.00028530338014484484,0.00011615426156695572,0.00030396271024186116,0.026447407556862423,2.3362157844724775e-07,2.265862210195032e-06,0.0015994974396818737,0.0001289308948053531,0.0009454644250381635,5.3384247418630955e-06,7.670165404954806e-06,3.3944307449760963e-07,0.00010340193628446174,0.8959430335599251,5.4390516787294084e-06,7.110898532322146e-06,0.0005329966382581331
59,5.428847717419581e-05,0.000614869631356308,0.000139718797159236,0.0030161862846381543,2.5071098994080587e-06,7.036245962031338e-05,0.0006159975148408391,0.06989308210471626,0.000287896547419718,0.00011360027807738189,0.0003119243437050163,0.02730973593957127,2.3754922143795032e-07,2.268055182828847e-06,0.0015788591079532674,0.00013227157385488431,0.0009638145517933627,5.080984096341907e-06,7.49470052888174e-06,3.486701877645675e-07,0.00011010180137903097,0.8942298482552402,5.414478331291326e-06,6.9551339373712294e-06,0.0005271356501150608
60,5.499050407404104e-05,0.0006321012075385086,0.0001276962438955523,0.003185671518781455,2.5525302186358522e-06,6.772483071926977e-05,0.0005854821527249346,0.06681107839960285,0.00030588932979160976,0.00010893596216908655,0.00035183640884914476,0.026917354568378408,2.06754481595626e-07,2.349003534909254e-06,0.0016871346920398402,0.0001250814343308993,0.0009019834137957369,4.997481903388366e-06,7.087276623373176e-06,3.2722928569542046e-07,0.00010454988938664844,0.8974437750161269,5.3922021886814834e-06,5.845279377895369e-06,0.0005599566701811315
61,5.484390233972678e-05,0.0006312542358364833,0.0001419199522572649,0.0029839619969546437,2.619940702184906e-06,7.048246487692718e-05,0.0006128993143054072,0.06712024791110888,0.00029790512043934524,0.0001127121696541112,0.0003285250101457709,0.027471581101183556,2.255113701138527e-07,2.3497363487782122e-06,0.0016438957082217374,0.00012989644814058042,0.0009595629469842026,5.034687616888287e-06,7.549835462222394e-06,3.4204932892074564e-07,0.00011274209011942681,0.8967417559391758,5.567847331191888e-06,6.6788803601331405e-06,0.0005554451997357324
62,5.499050407404104e-05,0.0006321012075385086,0.0001276962438955523,0.003185671518781455,2.5525302186358522e-06,6.772483071926977e-05,0.0005854821527249346,0.06681107839960285,0.00030588932979160976,0.00010893596216908655,0.00035183640884914476,0.026917354568378408,2.06754481595626e-07,2.349003534909254e-06,0.0016871346920398402,0.0001250814343308993,0.0009019834137957369,4.997481903388366e-06,7.087276623373176e-06,3.2722928569542046e-07,0.00010454988938664844,0.8974437750161269,5.3922021886814834e-06,5.845279377895369e-06,0.0005599566701811315
63,5.2145795121139126e-05,0.0007146691127715094,0.00011486253014491945,0.003059649900541711,2.4565791915973555e-06,6.870292391245143e-05,0.0005175764670252512,0.061368244178289226,0.00030702894458177574,9.855361020320275e-05,0.00033364374356132737,0.02358617772338042,1.875353066864779e-07,2.1331328885572323e-06,0.0016883583373798199,0.00011527536355414527,0.0008455680314097267,4.9917953719123574e-06,7.382040953850909e-06,2.924699063612194e-07,9.75622520407896e-05,0.9064482621347348,5.226594396670068e-06,5.3865822249298975e-06,0.0005556622211071477
64,5.064035955095762e-05,0.0006320868945321128,0.00014882649960576433,0.003063795949796245,2.6886477372045862e-06,7.233557324329495e-05,0.0005951843762746611,0.06108233660554234,0.00028971940465160587,0.0001032067965593431,0.00035031155379589165,0.02957052295661679,2.0757043524546635e-07,2.4626039983848183e-06,0.0017246146073259475,0.0001344130771014384,0.0009809878425286471,5.297470974746443e-06,6.939150212030712e-06,3.557702857386131e-07,0.0001391796789086199,0.9004803661858294,6.1483741636030754e-06,6.1674841822224125e-06,0.000551204566147828
65,8.808949225819139e-05,0.0004000730147458117,0.0001599245437761575,0.003159789759938166,2.5208826470578313e-06,4.0655600905054126e-05,0.0005736852161929477,0.13398253800030438,0.0003980895806030555,0.0001703936188061398,0.0005340709505313752,0.03014431539905953,2.935387271138077e-07,2.0493050122468614e-06,0.001642468614129982,0.00012460740802631304,0.0007908435712295173,3.208474579921049e-06,7.558210949595292e-06,3.0103686300308993e-07,5.5333410957315805e-05,0.8273120658952404,2.6425306958235076e-06,4.019588884491572e-06,0.00040046235493639167
66,5.9313470998173405e-05,0.0006058382925859425,0.00014473090982926564,0.0032931088127986867,2.8066980400454817e-06,6.802502317020073e-05,0.0006393053519086994,0.07093855963883373,0.0003196522060328331,0.00011807211390174576,0.00035813924506049777,0.027720590917554695,2.3278090094815183e-07,2.4070803051337345e-06,0.001608858529491052,0.00013471517500322978,0.0009620355381516106,4.8851315892940654e-06,7.460213858739824e-06,3.565788122830708e-07,0.00010721689516213177,0.892329643557127,5.363298870987862e-06,6.226143291605112e-06,0.0005624563967213332
67,4.789737679810829e-05,0.0006398248867147051,0.00011855612776234452,0.0030945770729103985,2.356818718735132e-06,7.381800250885677e-05,0.0005906352159901691,0.05687776867834366,0.00026654684352785287,9.810769206855492e-05,0.00031578835337707094,0.026717533428588798,1.9148683518681567e-07,2.365863904913487e-06,0.0016199724167662072,0.0001233345964752932,0.0009422934339013092,5.413769121693567e-06,6.680348774273519e-06,3.310280983094568e-07,0.00011705119717641916,0.9077497112820162,6.00556841752654e-06,6.307586092936012e-06,0.0005769309251103543
68,0.0002082490467083913,0.0012220465462628738,0.00017498874596912786,0.005098566196101934,4.6072886623174346e-06,4.234040569383813e-05,0.000512607468523695,0.07485018704210518,0.0005306450346919572,0.00012872413799249366,0.0005398121300057609,0.011519789856388773,2.959359482936265e-07,3.4583679949842095e-06,0.0014379610588498896,0.0001546828928229123,0.001302149506292203,4.935453332647321e-06,2.398055467526664e-05,2.7474918930606653e-07,4.787490518258247e-05,0.9013679316022156,4.544423088174834e-06,6.165635622015913e-06,0.0008131810156797244
69,5.067487666815158e-05,0.0005719759326196494,0.00012026583925993827,0.003561696934417872,2.4882731750315255e-06,6.329908941882348e-05,0.0005162068764910859,0.06987126209640038,0.00036166776346077765,0.0001217741726463532,0.0005379075586657921,0.03077433206917378,1.7992575332070806e-07,2.2830972689729487e-06,0.002223274483684228,0.00010092673753434492,0.0008943763155376458,5.315426724849973e-06,4.82468955005369e-06,4.148334659655584e-07,0.00013058565247382083,0.8894357822671741,7.057026412122952e-06,4.187513531479466e-06,0.0006372405484915032
70,5.38134569206216e-05,0.0005758948095854845,0.00013933672299780686,0.003909824046523245,2.624564780408703e-06,7.37743049686889e-05,0.0006329329561264655,0.07316396615918226,0.0003277663439063487,0.00011551953216725809,0.0003724065532387911,0.029678967094370724,2.2008434457908038e-07,2.213340624636096e-06,0.001603157142745987,0.0001467137340959561,0.0008114284029241813,4.74478225922563e-06,6.371425120569099e-06,3.6294675384180186e-07,0.00010848618558174049,0.8877534022907361,5.224913694528923e-06,5.299029958462955e-06,0.0005055491763919795
71,6.778299360165836e-05,0.00045620801304073813,0.0001352110817486303,0.0033864370079163073,2.914605752666817e-06,6.83191281568224e-05,0.001006391095980989,0.08627873681450945,0.00036335781816859393,0.00015285934275007995,0.00035402883111876815,0.031154544557747684,2.761137625947029e-07,2.78347353470638e-06,0.0015314767036127685,0.0001424376776203494,0.0010562410504967989,4.916986413304735e-06,6.6467147629207445e-06,4.071941935975609e-07,9.334619951606651e-05,0.8730671669449707,5.772479889848641e-06,8.072590253210829e-06,0.0006536645804808689
