,0,1,2,3,4,5,6,7,8,9,10,11,12,13,14,15,16,17,18,19,20,21,22,23,24
0,7.1817172929555114e-06,0.000337503542715819,4.5209008470386284e-07,0.0655594678662301,3.506423584382795e-06,7.223729273365697e-05,4.8620137934329555e-06,0.9305613327553809,6.440306639486197e-06,0.000817921272454652,1.7372107134645833e-05,8.235569880410905e-06,4.492943188907349e-06,5.643123230929924e-05,2.9245866469451153e-05,9.560090851725662e-05,5.2924739887119945e-05,0.00014513256238659112,0.00015495594680443468,4.6761715603357856e-07,8.121722601786899e-07,0.0020621397427524443,1.1518024499832753e-06,3.649267921124373e-09,1.2785862516629393e-07
1,6.755876104208126e-06,0.00031619422117859454,4.491680526298405e-07,0.06789246052417137,3.1903329166944333e-06,5.415650946596915e-05,4.854165562475941e-06,0.928934231947852,4.420069006139799e-06,0.0006739045681500695,1.4466468888419663e-05,8.374750859036939e-06,4.447338133186459e-06,4.090262062284909e-05,2.2831982566336598e-05,0.00012117185021124346,6.130601362712169e-05,0.0001474275892707744,0.00014610438139319007,4.4538916827294355e-07,7.33728150854666e-07,0.001540045858843439,1.018370218717318e-06,3.4316172816695537e-09,1.0284396887216806e-07
2,1.1556666663153873e-05,0.00034243308967774733,5.153655206000947e-07,0.09612749194823841,3.722369768090495e-06,6.086160353041554e-05,6.304127992849277e-06,0.9008936771515242,3.4978394398290528e-06,0.0005061292062940687,1.819922116991081e-05,9.660257570054002e-06,5.245408506818532e-06,3.3331435159268784e-05,1.95122599414539e-05,0.00010068214944128034,8.764033110812937e-05,0.00019424091077627112,0.00015285896318324604,3.089940177582231e-07,9.669537970627645e-07,0.0014197501737330627,1.3317746738899534e-06,3.5873340211731923e-09,7.821093838034335e-08
3,8.159029714943653e-06,0.00033450918634375226,4.194002109726877e-07,0.07327738811550287,3.6193213321855863e-06,5.151367185165972e-05,4.781410356863298e-06,0.9235399149312776,4.066104081540487e-06,0.0005424369203130586,1.7555238433401648e-05,9.466186896921071e-06,4.516752104371972e-06,4.230066207655042e-05,2.2710770440263986e-05,9.534292684177837e-05,6.769941134306408e-05,0.00014494085339885243,0.0001284978773096408,3.8706886184975566e-07,7.308787380237108e-07,0.0016978993974369589,1.0427343069175647e-06,3.231364079143989e-09,9.791946202908265e-08
4,8.716335751095992e-06,0.00034711422949249433,4.263906300273215e-07,0.07367593882303466,3.6826343007989533e-06,4.7719766439167186e-05,4.7557686468953725e-06,0.9230342500508003,4.239152815944211e-06,0.0005309448632578406,1.8546277377827706e-05,9.755876695697703e-06,5.021666433733405e-06,4.53241834365634e-05,2.218884126844874e-05,8.753547590671343e-05,6.396285446582836e-05,0.0001483983618491195,0.00012716364414018798,3.9929917616730834e-07,7.385803406977164e-07,0.0018120723334400118,1.0036817256248258e-06,3.3637386415833895e-09,9.754483535517334e-08
5,8.514581949149325e-06,0.0003269518985877117,4.4582570120202354e-07,0.08865827416023858,4.156496752202552e-06,5.388849917817508e-05,4.909640981852007e-06,0.9082931089037141,4.3213344973844044e-06,0.0005650025825269569,1.790224613474933e-05,9.116258864624174e-06,4.93382505575895e-06,4.362998511838289e-05,2.091042830020587e-05,9.328649673908567e-05,6.572831896889854e-05,0.00018316919340331296,0.00013082074384113173,4.479844130253959e-07,7.753586237340028e-07,0.0015083657874389138,1.2479314863463048e-06,3.734144710469974e-09,8.778333992972519e-08
6,8.159029714943653e-06,0.00033450918634375226,4.194002109726877e-07,0.07327738811550287,3.6193213321855863e-06,5.151367185165972e-05,4.781410356863298e-06,0.9235399149312776,4.066104081540487e-06,0.0005424369203130586,1.7555238433401648e-05,9.466186896921071e-06,4.516752104371972e-06,4.230066207655042e-05,2.2710770440263986e-05,9.534292684177837e-05,6.769941134306408e-05,0.00014494085339885243,0.0001284978773096408,3.8706886184975566e-07,7.308787380237108e-07,0.0016978993974369589,1.0427343069175647e-06,3.231364079143989e-09,9.791946202908265e-08
7,7.99938864822424e-06,0.0003350368173239063,4.2039991247517593e-07,0.07307963267359316,3.6569064351934596e-06,5.2199919326965404e-05,4.781015778208275e-06,0.9237468835188474,4.102780192679202e-06,0.0005478988465881054,1.7424096885645964e-05,9.545432347178835e-06,4.37923842820759e-06,4.316671797199583e-05,2.2743259065391568e-05,9.635774599279782e-05,6.909498459893399e-05,0.00014420440642289573,0.00012778211224385218,3.860889580910896e-07,7.398949315229835e-07,0.0016803851848936457,1.074776177607915e-06,3.2637495482394555e-09,1.0053068635793246e-07
8,5.695599964095633e-06,0.00017199252019269747,1.576982021960365e-07,0.03860495338685604,1.8909167830855465e-06,4.1186378546007815e-05,8.290584487728836e-06,0.9585996364085508,2.0967007337521413e-06,0.00022808991695470775,1.9121966934304125e-05,6.669570480157893e-06,5.287358053065457e-06,1.5212220576378652e-05,1.4667138645017991e-05,7.940272289457933e-05,3.940416836192695e-05,0.00018447876341349953,0.00023939827325571925,2.5775072384197517e-07,7.837354060380651e-07,0.0017308608444215415,4.2867506158542426e-07,1.1816008624822756e-09,3.551890033041408e-08
9,1.4015469921554005e-05,0.00019434674086690678,1.9024428607211405e-07,0.05684971674217125,3.357448236651385e-06,5.9093949026347354e-05,1.4066237783851095e-05,0.9398833556742766,2.0743314798331727e-06,0.0001401262521371108,3.29081157236821e-05,1.0292928873947046e-05,7.18713002059694e-06,1.2114612066657038e-05,1.7626325280339157e-05,6.320006844125496e-05,6.277080808211801e-05,0.00023191438766048501,0.00024231167153487176,1.9648400428500013e-07,1.0445652361780785e-06,0.0021574635485886355,5.916316531949721e-07,1.4562383473890838e-09,3.317640917119798e-08
10,8.159029714943653e-06,0.00033450918634375226,4.194002109726877e-07,0.07327738811550287,3.6193213321855863e-06,5.151367185165972e-05,4.781410356863298e-06,0.9235399149312776,4.066104081540487e-06,0.0005424369203130586,1.7555238433401648e-05,9.466186896921071e-06,4.516752104371972e-06,4.230066207655042e-05,2.2710770440263986e-05,9.534292684177837e-05,6.769941134306408e-05,0.00014494085339885243,0.0001284978773096408,3.8706886184975566e-07,7.308787380237108e-07,0.0016978993974369589,1.0427343069175647e-06,3.231364079143989e-09,9.791946202908265e-08
11,8.598409598841154e-06,0.00033989927733693896,4.195527965412082e-07,0.07350991792042742,3.7862726182663182e-06,5.005676919172631e-05,4.983056533501676e-06,0.923224016189282,4.1494988479365054e-06,0.0005131436985081584,1.8699862442541853e-05,1.0039129894917991e-05,4.941197654955656e-06,4.2468099747286366e-05,2.297548149758757e-05,9.282142491102528e-05,6.691067945788161e-05,0.00014499084771322308,0.00012970230492832756,4.0150030446617653e-07,7.412736769684372e-07,0.0018052238909415225,1.0115008768348975e-06,3.3975750645492494e-09,9.876323588705749e-08
12,9.73131286717643e-06,0.00039084544878683844,5.5776486319314e-07,0.07437463367575876,5.92068851879921e-06,6.298552784634047e-05,5.066583741360506e-06,0.9219109229489602,5.018045641130427e-06,0.0006343703349602118,2.3597430648793347e-05,1.196297740386845e-05,5.047954216129124e-06,5.593356416207852e-05,2.527128110023009e-05,0.0001109989279602822,9.920308476406689e-05,0.00016007934885684278,0.00012195083202351,5.613067120739149e-07,9.260425119354697e-07,0.0019827898693902334,1.4758433623667192e-06,4.957417539929957e-09,1.4424752605798262e-07
13,7.806172529129051e-06,0.0002935740796526998,3.316152838127571e-07,0.0553669026113663,3.1413932473642605e-06,3.662883915282955e-05,3.821342444099234e-06,0.9415856351337532,3.368149886761911e-06,0.0003993501109492437,1.9516560270471812e-05,9.638319402975351e-06,3.984320177250719e-06,4.234347327628363e-05,2.027235031324523e-05,6.806635127520148e-05,5.551104877533818e-05,0.00011814114641294375,0.00010419149771400253,3.0383210778432483e-07,6.223601734611845e-07,0.001856044250104565,7.134031666932325e-07,2.353802324248676e-09,8.928476214358588e-08
14,8.076730113365467e-06,0.0003307572330291143,4.169579756921246e-07,0.0719426151865111,3.544901594112622e-06,5.1353082371831776e-05,4.755635517863345e-06,0.9248950547261604,4.036170296547095e-06,0.0005377086543892098,1.7306825731975495e-05,9.486115086085458e-06,4.4427003353473994e-06,4.197212476729264e-05,2.2658495976227196e-05,9.569606398387737e-05,6.725400735187325e-05,0.00014230715270430305,0.00012621799569401403,3.8364041852272086e-07,7.178219408766396e-07,0.0016921086952851256,1.0276885944023799e-06,3.181129610767164e-09,9.821304119413868e-08
15,8.159029714943653e-06,0.00033450918634375226,4.194002109726877e-07,0.07327738811550287,3.6193213321855863e-06,5.151367185165972e-05,4.781410356863298e-06,0.9235399149312776,4.066104081540487e-06,0.0005424369203130586,1.7555238433401648e-05,9.466186896921071e-06,4.516752104371972e-06,4.230066207655042e-05,2.2710770440263986e-05,9.534292684177837e-05,6.769941134306408e-05,0.00014494085339885243,0.0001284978773096408,3.8706886184975566e-07,7.308787380237108e-07,0.0016978993974369589,1.0427343069175647e-06,3.231364079143989e-09,9.791946202908265e-08
16,9.154829752250487e-06,0.0003562469921770766,5.6962145559924e-07,0.07878217496136483,4.266730585528139e-06,6.452934495048947e-05,5.576287016391143e-06,0.917966868038441,4.644419424816888e-06,0.0006576646384059855,1.807557274718471e-05,9.48912496832977e-06,5.019196536616388e-06,4.3223601663976605e-05,2.188065129191618e-05,0.00011717841248285357,8.32782681729539e-05,0.0001688721988809471,0.00013716821604154317,4.7361249562637797e-07,9.193367392674292e-07,0.0015412030153470408,1.4089933580104412e-06,4.509855472067093e-09,1.0942584431882825e-07
17,3.1498109765261658e-06,0.00029555583210675494,3.3143027396694987e-07,0.05059189537420692,7.288175035029894e-07,6.874774419606978e-05,2.4523438132981376e-06,0.9461346808251956,2.4179990268047284e-06,0.0013651003632667933,5.104873141233434e-06,3.586857620725892e-06,2.0242734752579616e-06,1.769559966772614e-05,4.176409483036239e-05,0.00024075747458800762,3.9142869652779727e-05,6.640563561899723e-05,0.0001561570460740851,2.8374531610603893e-07,2.662724252300428e-07,0.0009611697915094109,4.97651565825503e-07,1.1612130582773275e-09,8.211273507721324e-08
18,8.103870649353055e-06,0.0003370430895249937,4.230820431282014e-07,0.07160229859010359,3.6014746868183774e-06,5.1556894486966165e-05,4.810847164765822e-06,0.9251804402064306,4.098381945312223e-06,0.0005473488120038348,1.7608006521368455e-05,9.622318336439911e-06,4.494730015413747e-06,4.335517185026352e-05,2.2900605090537406e-05,9.661747556086278e-05,6.880919818842543e-05,0.00014378159739772008,0.00012926213666059131,3.890828590944983e-07,7.438691231749295e-07,0.0017215348227546858,1.0509480715875746e-06,3.2559796456655153e-09,1.0153255091356798e-07
19,7.701615459415787e-06,0.00044023645676213955,4.295392576095581e-07,0.11606995521185154,4.869083441524127e-06,7.206118126758318e-05,5.298128481992561e-06,0.880145954524533,5.819690321793598e-06,0.0007218702241760178,1.6613177408517146e-05,1.159109711101915e-05,4.883232833338237e-06,5.032788777803253e-05,3.2001282206051524e-05,0.00010694647345773225,7.181624695348058e-05,0.00013387133311764703,0.00013445509530752117,4.666588562565621e-07,5.917213178568839e-07,0.001960842203464173,1.2734326101013334e-06,4.062806608997303e-09,1.2043921914403783e-07
20,1.0206599191075714e-05,0.00033298282742746607,8.297337453251015e-07,0.08806884791793275,4.961599542032934e-06,7.316626890432761e-05,6.960346336686904e-06,0.9090564640147116,3.6801880553004006e-06,0.0006773581697115501,1.6036477302341636e-05,1.1235269423608686e-05,4.3113733313584345e-06,3.749576956062752e-05,1.816719859798216e-05,0.00019019592755908636,0.00014785364361781658,0.00022865700482419327,0.00013818308299517115,4.876498255011762e-07,1.2085219755024141e-06,0.0009683492987507819,2.2366239592296036e-06,5.623858081001225e-09,1.1886886082030632e-07
21,8.986163448664381e-06,0.0002925886124750264,4.91045490912276e-07,0.07183220860749927,3.235198068663489e-06,3.485175265959746e-05,4.2241205369572335e-06,0.9255666647583216,3.017782240045771e-06,0.00044245824315295086,1.6058394949996547e-05,1.0342894546144023e-05,4.719464745794191e-06,4.1935391687280115e-05,1.5141547513474682e-05,0.00010122650074545641,7.531938052719172e-05,0.0001812876676571974,9.920621282792264e-05,4.143470700125119e-07,7.317428912342763e-07,0.0012637209112737271,1.0815452090601452e-06,3.4810299354033553e-09,8.423343184912802e-08
22,5.408101891385597e-06,0.00047460655533154526,2.944377402745052e-07,0.10670023879777546,4.543493860588495e-06,7.461783417969761e-05,8.923962359738886e-06,0.8885437699452192,1.156720674039341e-05,0.0007178663343967052,1.4023424836109926e-05,1.1602163109703544e-05,5.60627940251553e-06,5.304452727753949e-05,4.347741857881363e-05,0.00010025845209130387,4.060011462351891e-05,0.00010375614280024292,0.0002243050334197032,4.300035155021485e-07,5.4403436728122e-07,0.002859485336546848,8.85297217934442e-07,4.274103139686928e-09,1.408286151731245e-07
23,8.159029714943653e-06,0.00033450918634375226,4.194002109726877e-07,0.07327738811550287,3.6193213321855863e-06,5.151367185165972e-05,4.781410356863298e-06,0.9235399149312776,4.066104081540487e-06,0.0005424369203130586,1.7555238433401648e-05,9.466186896921071e-06,4.516752104371972e-06,4.230066207655042e-05,2.2710770440263986e-05,9.534292684177837e-05,6.769941134306408e-05,0.00014494085339885243,0.0001284978773096408,3.8706886184975566e-07,7.308787380237108e-07,0.0016978993974369589,1.0427343069175647e-06,3.231364079143989e-09,9.791946202908265e-08
24,7.629500866288949e-06,0.00040018832314820036,3.4359691746760805e-07,0.10057061787871116,3.521456380016012e-06,4.318445513856078e-05,4.369407081685527e-06,0.8961740897363124,3.935037646859289e-06,0.0005476807208317954,1.6223906686764453e-05,9.009267665386313e-06,4.800241933409881e-06,4.429508609276131e-05,2.3366798120212643e-05,8.393700210082867e-05,6.108194942446191e-05,0.00015075744913824917,0.0001445425594836221,3.453636201390721e-07,6.548211221978408e-07,0.001704333523327945,1.0066945469161688e-06,2.9989103236784413e-09,8.222479237624907e-08
25,1.8208852186560524e-05,0.0017976897394573767,1.4428121479225827e-06,0.18920636252741152,7.531620871424229e-06,0.00025103214710668495,1.0412925819878736e-05,0.7983638486579464,1.9402053127501874e-05,0.003716719240536837,2.2611353954230798e-05,1.5732570502982005e-05,1.0761781033015209e-05,0.00011153055706414023,0.00016946312125702597,0.0003282434959488233,0.00020733009666499183,0.00014532556715995832,0.0005025084672614129,8.445309519015e-07,1.5486781527092165e-06,0.005087335102631482,3.5320596198596247e-06,1.4357548886606752e-08,5.67683636551097e-07
26,1.3140561952125959e-05,0.00041548434678664696,8.521590666037374e-07,0.11438973352171407,7.602588037177098e-06,8.18780111139829e-05,6.43859589727046e-06,0.8820350280158359,6.9566939554732475e-06,0.0007852241861716951,2.2556247309134464e-05,1.0964946384735656e-05,6.455188850864318e-06,5.979933102158026e-05,2.241657761062233e-05,0.00011857953979838315,0.00010280694318725667,0.00025489178200265906,0.0001356325001690916,6.999244353625886e-07,1.2394368851781342e-06,0.0015189769170819733,2.504132185542519e-06,8.3518361792138e-09,1.2950071050970533e-07
27,1.5641836871529985e-05,0.00031910453689119135,1.747709866046524e-06,0.08130715952099749,6.734199869970411e-06,5.308926811796774e-05,6.834240977450413e-06,0.9158485397141289,1.649112423435711e-06,0.0006022490634358642,3.0506960778383073e-05,1.149279630334777e-05,4.553767491048224e-06,4.673816546317559e-05,1.0313536304586582e-05,0.000178366715219343,0.00047092976780690565,0.00041651290035219933,0.0001408881196932364,5.095173978485709e-07,3.529076108463889e-06,0.0005176678663342976,5.120437305381323e-06,6.8402817410680665e-09,1.1432958015787118e-07
28,8.159029714943653e-06,0.00033450918634375226,4.194002109726877e-07,0.07327738811550287,3.6193213321855863e-06,5.151367185165972e-05,4.781410356863298e-06,0.9235399149312776,4.066104081540487e-06,0.0005424369203130586,1.7555238433401648e-05,9.466186896921071e-06,4.516752104371972e-06,4.230066207655042e-05,2.2710770440263986e-05,9.534292684177837e-05,6.769941134306408e-05,0.00014494085339885243,0.0001284978773096408,3.8706886184975566e-07,7.308787380237108e-07,0.0016978993974369589,1.0427343069175647e-06,3.231364079143989e-09,9.791946202908265e-08
29,8.159029714943653e-06,0.00033450918634375226,4.194002109726877e-07,0.07327738811550287,3.6193213321855863e-06,5.151367185165972e-05,4.781410356863298e-06,0.9235399149312776,4.066104081540487e-06,0.0005424369203130586,1.7555238433401648e-05,9.466186896921071e-06,4.516752104371972e-06,4.230066207655042e-05,2.2710770440263986e-05,9.534292684177837e-05,6.769941134306408e-05,0.00014494085339885243,0.0001284978773096408,3.8706886184975566e-07,7.308787380237108e-07,0.0016978993974369589,1.0427343069175647e-06,3.231364079143989e-09,9.791946202908265e-08
30,8.159029714943653e-06,0.00033450918634375226,4.194002109726877e-07,0.07327738811550287,3.6193213321855863e-06,5.151367185165972e-05,4.781410356863298e-06,0.9235399149312776,4.066104081540487e-06,0.0005424369203130586,1.7555238433401648e-05,9.466186896921071e-06,4.516752104371972e-06,4.230066207655042e-05,2.2710770440263986e-05,9.534292684177837e-05,6.769941134306408e-05,0.00014494085339885243,0.0001284978773096408,3.8706886184975566e-07,7.308787380237108e-07,0.0016978993974369589,1.0427343069175647e-06,3.231364079143989e-09,9.791946202908265e-08
31,7.942827260804014e-06,0.0002458142116846648,3.858544164697943e-07,0.047570082319371994,2.2546301065382718e-06,3.269304693454427e-05,3.931395925998485e-06,0.9500841616100265,2.5208741710830917e-06,0.0003740622532266697,1.4106122471623214e-05,7.641377220760615e-06,3.5602291508099163e-06,3.0704237410197366e-05,1.4407408505695961e-05,8.180757663734952e-05,5.723721382538212e-05,0.00012612910257488275,9.41255352933876e-05,2.6317408595397466e-07,6.553311241872373e-07,0.00124471952150891,7.222718915005188e-07,2.1224808619828198e-09,6.97526932301549e-08
32,8.070266771463161e-06,0.00034244436546061676,4.097770581179324e-07,0.07479412161492413,3.674431038819068e-06,5.1576445212084954e-05,5.0303249806106205e-06,0.921933625008207,4.136571115676792e-06,0.0005433055546837048,1.7836293214400002e-05,9.594157895663822e-06,4.694536189497909e-06,4.173860191136655e-05,2.442980020148476e-05,9.96653730629817e-05,6.778470092537869e-05,0.00014590034901014465,0.00014330339211598945,3.9239539812146244e-07,7.611116494514048e-07,0.0017563639317758558,1.037101699748041e-06,3.329150028596984e-09,1.0056634781817816e-07
33,8.30303909767921e-06,0.0004476947065676759,7.991411551972257e-07,0.07452092175135248,4.975283818284765e-06,0.00011320359846647395,5.168380451439968e-06,0.9207099944636523,9.710831347106677e-06,0.0015431112682147273,1.7368151369582867e-05,8.111473964428478e-06,4.415194531279919e-06,7.40836575393643e-05,4.255182120251655e-05,0.00014520265958951835,7.516133931442635e-05,0.00015682284347270041,0.00017054131241502448,6.924318188379873e-07,9.736727231397513e-07,0.0019380758194406124,1.9004063769596198e-06,5.6992670453170834e-09,2.1105285125458993e-07
34,1.6896500689563762e-05,0.00025686013326673676,4.1941448629397447e-07,0.0649024212259664,3.7040113689421626e-06,3.7889847038985064e-05,5.437518123749211e-06,0.9320496354423624,3.5008339873944282e-06,0.00031985390400242255,2.7518851436227427e-05,7.484309029947159e-06,6.7897850193651014e-06,2.9668573626319748e-05,1.9119710851883647e-05,5.07942719973588e-05,4.472750753257349e-05,0.00020975957113090915,0.0001554631084318749,2.6580490509387906e-07,9.46921772777167e-07,0.001850090986588225,6.950856181146552e-07,2.5893936094700883e-09,5.409137260491632e-08
35,8.795117508849012e-06,0.0007309007503349638,7.778734545016647e-07,0.1551653488044641,8.516184096102315e-06,8.457562067110949e-05,5.452550907979599e-06,0.8398138044997674,6.709119976730873e-06,0.0011782267915470082,2.446705140841912e-05,1.2730361239778643e-05,7.206534168960666e-06,8.019108509514062e-05,4.673051175557831e-05,0.00016563416748577124,0.00015319547183732603,0.00016024700225254827,0.00019104141832935776,9.986883693202264e-07,1.0972069123528739e-06,0.002150405151664217,2.7187994501030543e-06,8.870519386773309e-09,2.203667830946632e-07
36,4.247189434606463e-06,0.0002687132835700573,1.8893823967422741e-07,0.0437952360319095,1.265070553881854e-06,3.110796625474707e-05,3.2228855180027934e-06,0.9533988775457419,2.3332962392431617e-06,0.0003726427398329785,8.94897297090532e-06,9.16011790330255e-06,2.814283570695125e-06,2.7205200277209545e-05,1.8964264186586588e-05,0.00010304092463440146,4.394744314386533e-05,7.23090366644191e-05,8.258308348799938e-05,2.3460342755296443e-07,2.7351750717276e-07,0.0017522350998745281,3.777808112818279e-07,1.173082167471325e-09,6.955116317109067e-08
37,1.2975757620476915e-05,0.0003210298320070465,6.40818579142987e-07,0.07954226316006754,4.92016805891079e-06,4.968915343556946e-05,5.788659416316705e-06,0.9173664864008165,4.77893697973372e-06,0.0005038505140361349,2.182675294961044e-05,1.0792538873951427e-05,6.044613784700753e-06,5.105111068406993e-05,1.7396254049259024e-05,8.370124704181671e-05,7.664371425882683e-05,0.00021908208014526355,0.00011601953989945816,4.6032893397028406e-07,9.991045746013108e-07,0.001582060725055165,1.3958002906211731e-06,4.705175693662079e-09,9.808326570201482e-08
38,8.385946684893783e-06,0.000351634871311069,4.246034107912231e-07,0.07583232079851415,4.088001726879805e-06,4.6469628536174617e-05,4.302948263857564e-06,0.9209559528186845,4.32714304946878e-06,0.0005343512043535689,1.8923491039076772e-05,9.77253034810761e-06,4.381362545516907e-06,4.902345845283685e-05,2.1682265233304294e-05,7.965049418031976e-05,6.613945562524737e-05,0.00013814047025255543,0.00011604372768695532,3.648716555486591e-07,7.214477473247048e-07,0.001751763470072754,1.0304130544829617e-06,3.32838377983204e-09,1.0124918682591489e-07
39,1.7531891463156053e-05,0.0016586743374407632,1.0057308542486515e-06,0.3623825893702515,1.5996793608359852e-05,9.469426890827557e-05,5.438033075684368e-06,0.6285838264060983,2.0400464654122922e-05,0.0024855316394329927,3.352043483165632e-05,1.225863475445764e-05,1.4283591605200979e-05,0.00017264032743623213,7.893480140105449e-05,0.00010136734919614064,0.00011151772284958791,0.0002844709545237074,0.0003452134827023187,1.0880233315786802e-06,1.2035956298384628e-06,0.003574130558438429,3.4161800044401635e-06,1.7153389260048313e-08,2.48254118601122e-07
40,1.1783804929001372e-05,0.00040208605399635585,5.520059929231078e-07,0.06360500533376966,4.4423627345314375e-06,6.164320876441277e-05,5.4720162813489525e-06,0.9324737115316967,4.700084759220945e-06,0.0005177224502875492,2.4482875698708856e-05,1.4257087407232425e-05,4.91511855769453e-06,5.153285136440228e-05,3.034638192131941e-05,9.274559431031768e-05,9.053928752802493e-05,0.00011800025380017759,0.00011398196400784193,3.790812647634709e-07,7.919157489265844e-07,0.00236968433584215,1.067310184635391e-06,3.6748457677632833e-09,1.5341430638706226e-07
41,6.873478863390819e-06,0.0002555123884611613,4.712429693925331e-07,0.026498262869400047,1.9220767873213355e-06,3.095123215885513e-05,5.336298819513835e-06,0.9706881705974472,2.4526657028521166e-06,0.00038844773520338866,1.7978435611314388e-05,9.455751167513772e-06,4.306094616598436e-06,5.087684329985406e-05,1.0364506507303641e-05,0.00010584055229770699,9.84573370533529e-05,0.0001629640793669202,0.00012958954134290588,3.582752217042056e-07,1.6723235330149732e-06,0.0015284687316593508,1.1478619167994155e-06,3.1223846822447422e-09,1.1595820768696312e-07
42,3.4344692327516166e-05,0.00029831143801297674,3.8717795835244964e-06,0.2610272706782664,2.421854911978394e-05,0.00010412557824616433,6.3911142375735755e-06,0.7339899034173195,1.4886175028585985e-05,0.0014967381515362623,3.719105001936822e-05,6.683016558827814e-06,6.4069079276994824e-06,0.00024339258495804052,8.60896679908652e-06,3.566313039817142e-05,0.00011636586820964559,0.0020506746221201633,8.847717945494637e-05,1.1371963059769406e-06,3.975700372529243e-06,0.00038092801551539485,2.0324994057745105e-05,1.7482415852256253e-08,9.17112083564097e-08
43,9.317952484340353e-06,0.0003462725373603504,4.2134590570563855e-07,0.07813639808573693,3.779591018846112e-06,4.4937666037881375e-05,5.126937239498962e-06,0.9187846622435669,3.7153933727634026e-06,0.0004446808043122718,1.8774715719667943e-05,1.0774324549213458e-05,4.8818128197661206e-06,4.13941612235385e-05,2.046958452005529e-05,8.89062597273519e-05,7.457298898361586e-05,0.00015262520648013923,0.00012044591323304469,3.6093641261098605e-07,7.323442993612586e-07,0.0016856222789556126,1.03256244177687e-06,3.2513920184959497e-09,9.110220650489667e-08
44,8.159029714943653e-06,0.00033450918634375226,4.194002109726877e-07,0.07327738811550287,3.6193213321855863e-06,5.151367185165972e-05,4.781410356863298e-06,0.9235399149312776,4.066104081540487e-06,0.0005424369203130586,1.7555238433401648e-05,9.466186896921071e-06,4.516752104371972e-06,4.230066207655042e-05,2.2710770440263986e-05,9.534292684177837e-05,6.769941134306408e-05,0.00014494085339885243,0.0001284978773096408,3.8706886184975566e-07,7.308787380237108e-07,0.0016978993974369589,1.0427343069175647e-06,3.231364079143989e-09,9.791946202908265e-08
45,2.81363218387753e-05,0.0008509100965666349,3.187653484573178e-06,0.0704748471682742,7.57247212955563e-06,5.343649687767826e-05,3.6267016354035583e-06,0.9239029023102947,5.61214224863809e-06,0.0015517222298384581,3.951838948119293e-05,1.5686999594631838e-05,7.478888049814886e-06,0.00024534936904100523,1.3632365673652846e-05,0.00013556400288200918,0.00040449123668130724,0.0003992873129496798,0.00010859246015657207,8.169806662603043e-07,4.5512769136484185e-06,0.001736317834526382,6.380762075033356e-06,1.6643651381569673e-08,3.6188446860485444e-07
46,6.915484701519286e-06,0.00029034856163187594,4.846248004741473e-07,0.06868003117595999,3.778290487213711e-06,6.117410951792889e-05,4.4189705842258685e-06,0.9279840482495286,6.809238899331371e-06,0.0008631912055444859,1.6403580905071945e-05,6.325962827652061e-06,4.413399914203709e-06,5.903640777258817e-05,2.1317208268217216e-05,7.8504662754148e-05,4.1316286315893014e-05,0.00019293411731442946,0.00014887230856203384,4.908592144529879e-07,8.593862327337999e-07,0.0015270195168121607,1.205910883371816e-06,3.6573825602822426e-09,9.682318506856559e-08
47,9.441422667515443e-06,0.00043164435175960014,3.403655692306598e-07,0.058638347596321055,2.498936033047522e-06,4.48430393165393e-05,4.938628057355998e-06,0.9370937729160894,3.353586410743456e-06,0.00043459717469350635,1.6185336016681868e-05,1.3222876939701073e-05,5.884319858375422e-06,3.078910799591532e-05,2.9708428308292967e-05,0.00012962355856810476,7.218674441406441e-05,8.893797079077288e-05,0.00011414676145849653,3.7289651383068173e-07,4.409420959312789e-07,0.0028340668167933752,5.457363548251175e-07,2.59439861918079e-09,1.0789257519011795e-07
48,8.18733135075717e-06,0.00013330304822154384,9.210413390217282e-07,0.07285362089741675,1.4556363711394342e-05,0.00016546664610741165,8.420127029209662e-06,0.9236209391106404,1.8266805024982474e-05,0.0009186283562730246,3.478934024927311e-05,7.692094116631526e-06,6.545905734434595e-06,6.693599838939458e-05,2.3197086912225635e-05,9.19717073714225e-05,3.64370116566099e-05,0.00042671445566685486,0.00016190737746916287,1.9045708172979462e-06,1.4793844055345492e-06,0.001395355738598307,2.6067735413542387e-06,1.2656514948657473e-08,1.401714421782071e-07
49,8.434785681493842e-06,0.0003097520147239637,4.4929768144955356e-07,0.07220530698817955,3.694693952647351e-06,6.298620938553121e-05,5.132992788525617e-06,0.9246632537353898,4.2097215607419526e-06,0.0005196821214839407,1.7754996502801333e-05,1.0542263513180077e-05,4.660885969118133e-06,4.001842922087285e-05,2.2130037847668023e-05,9.938822806727717e-05,6.919256351099299e-05,0.00014132136187752653,0.0001057657540733687,4.477330810228446e-07,6.585200440353683e-07,0.0017040207683722995,1.094173437484733e-06,3.3446109360194333e-09,9.837904352240437e-08
50,6.0324163669110315e-05,0.00047394417596182396,1.3894491709677492e-06,0.3232977358406526,3.925713185423403e-05,0.00018582382380683056,1.4530542349121826e-05,0.6721812465820921,3.0916416236634607e-06,0.00019244181215773262,0.0001258075885647835,3.0756982927125104e-05,9.713522991466537e-06,3.107883609311274e-05,3.849127135111221e-05,0.00016778131200068046,0.0009935740448534828,0.0006723666445461782,0.00015429602724339312,1.0673313047788478e-06,3.5638960721139675e-06,0.0013066752242415524,1.4860070290370846e-05,2.994349062913909e-08,1.52140691125226e-07
51,1.646252010842468e-05,0.00015046046839168565,1.7816174023983963e-06,0.029424215653092518,1.0766916782649662e-05,0.00020439846743169904,1.69113266122448e-05,0.9668570873736455,6.082431542799215e-06,0.0006415885805106015,3.833850782069871e-05,1.3717524379313057e-05,5.138224297447181e-06,3.9647442669315505e-05,1.862056768693595e-05,0.00029275494565228597,0.00032056072783625254,0.00031970053764928395,0.00017184517932302906,1.0132707316194946e-06,4.530026737427633e-06,0.0014394953850864563,4.596925026154228e-06,1.3740285195999646e-08,2.7163929841036725e-07
52,6.713915665225665e-06,0.00028178178924258133,3.564801136996603e-07,0.07499188917383053,2.580836929116872e-06,5.3515488687616034e-05,3.439483162427234e-06,0.9218203895794421,4.197039780878477e-06,0.0007429030158322508,1.3941180589024738e-05,6.3407292418249565e-06,4.320076148609982e-06,3.893144091234406e-05,2.425333461384502e-05,9.211163222580049e-05,4.131181903943205e-05,0.00015938178439682944,0.0001335501660215473,4.227667391760867e-07,5.23595179412968e-07,0.0015762528794870366,8.16180799769805e-07,2.4850647914474248e-09,7.312685436494743e-08
53,6.189559620443374e-06,0.0002202012634785239,3.216135381454893e-07,0.050464445487556214,2.457464606518388e-06,4.9280611588852305e-05,5.750160029619808e-06,0.9471223147997918,3.2186680767908103e-06,0.0003458720239524849,1.3037155658253821e-05,9.682002629261529e-06,3.290539988662871e-06,3.059436046546022e-05,1.656196689748076e-05,9.106833785264563e-05,5.679862742408513e-05,0.00011920039923500418,9.147174345844705e-05,3.099198868434771e-07,5.656078780633973e-07,0.0013464403175071067,8.461068912514504e-07,2.1165848648562288e-09,7.914540298893188e-08
54,5.130088080649269e-06,0.0004390948109838734,3.8566756572121705e-07,0.051771376112858924,2.524395372834676e-06,4.913295124087598e-05,3.955791464677548e-06,0.9441772547300964,4.6796374426416505e-06,0.0007761245023744553,1.2451340657297364e-05,1.1585077059829024e-05,3.4723704816792717e-06,5.33120128684249e-05,3.411478497197142e-05,0.00014788053544073372,6.911494762762032e-05,7.681672380733642e-05,0.00012256215352743493,4.0692737657122527e-07,4.919107488107694e-07,0.0022372043471843993,7.43199172743399e-07,2.8310617510015868e-09,1.8215053239539675e-07
55,9.872184947271166e-06,0.00026789305139535434,3.9182604937984377e-07,0.08899206827538028,4.640605224199376e-06,5.054575240420905e-05,7.797294217996029e-06,0.9082112747898765,4.648950859961266e-06,0.00032897665698901644,1.8124538284869404e-05,1.3965830019193636e-05,5.774517674537934e-06,3.4291598726783654e-05,1.698280259157519e-05,8.739764009151593e-05,5.921435182614098e-05,0.0001896092799402223,0.00011129649724645206,4.0441243221418286e-07,6.303898929857857e-07,0.0015831415191554315,9.784074418699268e-07,3.7839834324649116e-09,7.504334868708472e-08
56,8.464944535206014e-06,0.0003385557368046428,4.1853548402286006e-07,0.07291916382678697,3.6451066799118825e-06,5.034791856001196e-05,4.901084301512531e-06,0.9238459376590389,4.116664895367992e-06,0.000526144949958866,1.8109092116412285e-05,9.76038454849587e-06,4.744969931806148e-06,4.269210211778248e-05,2.2770982692216826e-05,9.305265950550457e-05,6.680819716161795e-05,0.00014592446018605942,0.0001294981674745151,3.8904262571189163e-07,7.368951405668476e-07,0.0017626958836909471,1.0194610600684224e-06,3.2783369089362567e-09,9.799636584125351e-08
57,7.546692832532956e-06,0.0003752399275258344,3.570294094671997e-07,0.06900962875509774,3.246254598657427e-06,4.367307172143398e-05,5.58255786225088e-06,0.9273101267225106,3.704990940448399e-06,0.0005014799128047373,1.8137348498687972e-05,1.029252956606297e-05,5.714210921440146e-06,3.739827151678901e-05,2.6026245454721836e-05,0.00011686042581269214,6.892116940638233e-05,0.0001356294249492922,0.0001950492115258604,3.815469542634632e-07,8.440874947940196e-07,0.002123233570402751,8.200645563344781e-07,3.2824879548158526e-09,1.0269514821048626e-07
58,9.421581129969457e-06,0.00038115814977461343,4.957411691857905e-07,0.08486900682442824,4.648962254411076e-06,5.7387738468971314e-05,5.510236391081752e-06,0.911584259501831,4.933585540000972e-06,0.0005933652874714422,2.030501671227363e-05,1.079531648315352e-05,5.669475014960154e-06,4.770341184786425e-05,2.5750618808197777e-05,0.00010542151029928009,7.613598615849326e-05,0.00016338188784263086,0.00014560058282887358,4.934793328508936e-07,8.58626606591705e-07,0.0018863156622476247,1.2614366442000735e-06,4.530768315028104e-09,1.1484994582024255e-07
59,9.213688083638656e-06,0.0003746016669357673,5.261002859126903e-07,0.08086427770161725,4.576454447980996e-06,5.8611339676308225e-05,5.206518875472883e-06,0.9156755853386545,4.921167651888767e-06,0.0006290118902988972,1.9623141712232144e-05,1.0410051269840068e-05,5.177506209463093e-06,4.9954634159751726e-05,2.4176402279039887e-05,0.00010621608597677737,7.907947272436713e-05,0.0001631970187042771,0.0001362372520191988,4.840773277107665e-07,8.816608976376794e-07,0.0017765707682139548,1.3366985895256374e-06,4.529665722478808e-09,1.1883372302054373e-07
60,8.159029714943653e-06,0.00033450918634375226,4.194002109726877e-07,0.07327738811550287,3.6193213321855863e-06,5.151367185165972e-05,4.781410356863298e-06,0.9235399149312776,4.066104081540487e-06,0.0005424369203130586,1.7555238433401648e-05,9.466186896921071e-06,4.516752104371972e-06,4.230066207655042e-05,2.2710770440263986e-05,9.534292684177837e-05,6.769941134306408e-05,0.00014494085339885243,0.0001284978773096408,3.8706886184975566e-07,7.308787380237108e-07,0.0016978993974369589,1.0427343069175647e-06,3.231364079143989e-09,9.791946202908265e-08
61,9.548782549788645e-06,0.0003557052836048348,5.487721141504267e-07,0.07646279419923746,4.5885540024985824e-06,5.774380223537297e-05,5.213130643409814e-06,0.9201954154586316,4.929815263106721e-06,0.0006136848980969108,1.9918525294678708e-05,1.0143866892694669e-05,5.032759447136605e-06,4.981595945769196e-05,2.297518591660102e-05,0.00010011869767625678,7.70419026413163e-05,0.0001641884852617827,0.00013166616828450787,4.616449858414526e-07,9.14606966034422e-07,0.001706100624463958,1.3276234604593548e-06,4.45728135367832e-09,1.1679559047749839e-07
62,8.159029714943653e-06,0.00033450918634375226,4.194002109726877e-07,0.07327738811550287,3.6193213321855863e-06,5.151367185165972e-05,4.781410356863298e-06,0.9235399149312776,4.066104081540487e-06,0.0005424369203130586,1.7555238433401648e-05,9.466186896921071e-06,4.516752104371972e-06,4.230066207655042e-05,2.2710770440263986e-05,9.534292684177837e-05,6.769941134306408e-05,0.00014494085339885243,0.0001284978773096408,3.8706886184975566e-07,7.308787380237108e-07,0.0016978993974369589,1.0427343069175647e-06,3.231364079143989e-09,9.791946202908265e-08
63,8.376811967070527e-06,0.0003721167256374539,4.2066117616552267e-07,0.07532407297421197,3.6580811243652244e-06,5.032054526866243e-05,4.8374085140506575e-06,0.921329982017774,4.12620418665465e-06,0.0005546202438559706,1.780047513816397e-05,9.978253457858597e-06,4.711207249768022e-06,4.359746490184324e-05,2.4311155846130168e-05,9.926880273301817e-05,7.088160049790197e-05,0.00014037208743604074,0.0001350056524692297,3.8648137388060447e-07,7.406591069895606e-07,0.0017992672823836985,1.039708902453581e-06,3.3672540161529724e-09,1.0412753269591332e-07
64,9.013522324169829e-06,0.0003372733928507275,4.899096508918257e-07,0.0681670967061784,4.053195119416189e-06,5.0713617356591975e-05,5.320609505063387e-06,0.928620558405449,4.142094999998131e-06,0.0005369375974589577,1.9982325628203207e-05,9.88092371994995e-06,4.85475652501488e-06,4.6899942413807195e-05,2.0941329202445538e-05,9.649534341252043e-05,7.889515499531358e-05,0.00016447775728150154,0.0001408382989496191,4.0564757573357217e-07,9.940224488686946e-07,0.0016783895471923723,1.2339004649002458e-06,3.812033330113981e-09,1.0818726339797894e-07
65,6.9860440281663934e-06,0.0004514219444204938,5.760239787883944e-07,0.05696411617000569,3.1129195963221967e-06,4.410175553844836e-05,3.3198032998088023e-06,0.9388644744864393,6.823469313487745e-06,0.0009503594880830064,1.4351116596492148e-05,9.480369864088378e-06,4.810199860851564e-06,8.232792589957409e-05,2.4344968425726946e-05,0.00010355135306643655,5.5353707813622225e-05,0.0001102269795313539,0.00010047104031398683,5.69223658207821e-07,6.316252269233747e-07,0.0021974519511486273,9.6549454477865e-07,4.362191785908169e-09,1.6757715411802612e-07
66,7.421777373553423e-06,0.0002677736968017927,3.8812023541949213e-07,0.06054482555227829,2.838034383026697e-06,4.08621195091915e-05,4.0545556152659435e-06,0.9366407581322879,3.2354577997448385e-06,0.0004836808228505611,1.565613742324481e-05,7.886709417337842e-06,4.8095950858194946e-06,3.2920051079115726e-05,1.76243133571906e-05,9.09601947669355e-05,5.262684993059313e-05,0.00013738080953111322,0.00010669287912354325,4.099853718429749e-07,5.569108901654007e-07,0.0015358553478874272,7.075077715023866e-07,2.5002475208287548e-09,7.193898178207087e-08
67,8.159051388597043e-06,0.0003345085579003949,4.1940768666269724e-07,0.07327805368494425,3.619346688430321e-06,5.151394658129791e-05,4.781401077302028e-06,0.9235392626875188,4.0660956601659234e-06,0.0005424428876260865,1.755526112671985e-05,9.466112426670742e-06,4.516783509880091e-06,4.23009265262349e-05,2.271060208859472e-05,9.534390190089956e-05,6.770025564515615e-05,0.00014494382083072294,0.00012849789709633853,3.8707812774281653e-07,7.308893653054719e-07,0.0016978754911392661,1.042762276371204e-06,3.2314209284710536e-09,9.791944712368534e-08
68,8.00452361817627e-06,0.00028394841824350424,2.5904855092890436e-07,0.050089764540128985,2.283795610832444e-06,3.244370943424859e-05,4.1708216311163325e-06,0.9471318851327124,2.1643201504221026e-06,0.000311273075097742,1.728038969007285e-05,7.715111773472842e-06,3.6614270351533076e-06,2.532814463710979e-05,1.9732120592530445e-05,7.766121878375729e-05,6.0222886220658565e-05,0.00011217063789195487,0.00013690952411381932,2.018009227678719e-07,6.97421598240401e-07,0.0016715514381710466,6.022226797781364e-07,1.7662132666123491e-09,6.650449826056526e-08
69,8.673462726405781e-06,0.0003605875004733532,4.1582229214514595e-07,0.07852316534418988,3.890080135171576e-06,5.34337123548798e-05,5.034007554877678e-06,0.9181463776305333,4.185402215396541e-06,0.0005374202436845528,1.8423392745172985e-05,1.0009974953397984e-05,4.672675181699508e-06,4.168998171526781e-05,2.474853102513e-05,9.572356088210082e-05,7.13127905352004e-05,0.00014109905232255983,0.0001354610697879263,3.7196124584191535e-07,7.325262044409323e-07,0.001811423684506109,1.0434088717501639e-06,3.323506844423628e-09,1.0086035659742868e-07
70,9.49211236617786e-06,0.00032580128531031294,4.24194451205649e-07,0.15474455628341705,6.4632307907644755e-06,5.8895276460482746e-05,4.353608644991846e-06,0.8424911239699373,6.025005436209251e-06,0.00046628890884140223,1.8686765680454096e-05,9.018857885660679e-06,4.831112213140108e-06,4.88079123780061e-05,1.9939293075574578e-05,4.2899149700767946e-05,4.486151864700705e-05,0.00014615460931774164,7.154451518447492e-05,4.04043222041705e-07,4.2593289218523696e-07,0.0014777360908553548,1.1978822666823778e-06,3.248365197078878e-09,6.519265970938563e-08
71,9.825705288272168e-06,0.0003553812549050426,3.9312942067598204e-07,0.083057035059807,3.2210163966433024e-06,5.633641293766801e-05,4.899517356485783e-06,0.9135988709389928,3.4056603399384694e-06,0.0004885721277438437,1.8956966902372837e-05,1.0050881934779955e-05,4.675958677517389e-06,3.368614641469505e-05,2.8749483705703467e-05,9.230952262302086e-05,7.195525885755654e-05,0.00012651483836860136,0.00014008813037752867,2.9687772187084626e-07,6.550588804600103e-07,0.0018931277501287886,8.988698189933166e-07,2.719569808020532e-09,9.071282974583428e-08
