,0,1,2,3,4,5,6,7,8,9,10,11,12,13,14,15,16,17,18,19,20,21,22,23,24
0,1.1897481605089437e-05,1.5431223930121327e-08,4.561882725273588e-07,1.6696318181857775e-05,1.065455365392242e-08,1.7597890557845483e-07,0.006361336610599645,0.9893364876595675,1.2041382915682142e-05,0.00021261484086610756,5.7694266579277586e-08,7.132582772525131e-09,1.329099535478122e-05,3.234847803988597e-08,2.748455942606637e-05,8.989634412686066e-05,2.8970042851178737e-05,9.135829515981253e-08,0.0007124916756721197,6.994262582063766e-06,2.460800729243681e-05,0.0031416830348047963,2.5111270895515835e-06,3.232224405541392e-09,1.4563826147322293e-07
1,1.3281686715786324e-05,1.5622517181715234e-08,4.5101218788327903e-07,1.6315409819098757e-05,1.0718088532666225e-08,1.1299965205811602e-07,0.005588794414844696,0.9902611549489639,1.4732106512328734e-05,0.00022550048449765291,5.455900635972337e-08,5.381644691086754e-09,1.2340182561624808e-05,2.729139883707418e-08,2.329065442125202e-05,8.228805778774424e-05,2.7630895150812322e-05,7.535587588450819e-08,0.0006507927047358833,4.542627591755739e-06,1.69735866557505e-05,0.0030597292557016254,1.7517341624152688e-06,3.3367061713444897e-09,1.2497280019364876e-07
2,1.1637675056327386e-05,1.890933572648122e-08,5.091256751770777e-07,1.9102041620908245e-05,8.488231838350622e-09,1.3731766246304237e-07,0.006613029353947316,0.9892233263456525,1.0166358139058158e-05,0.0001731592004335413,6.431780939396372e-08,7.987756144905142e-09,1.8064785861329565e-05,3.288324176219807e-08,2.293365964539887e-05,7.887070683122773e-05,4.01908584264481e-05,9.086534869494873e-08,0.0005969640358640428,3.520815969781229e-06,2.0497032096368607e-05,0.0031657690752948863,1.773191733233771e-06,2.8317521972932923e-09,1.2213661422798525e-07
3,1.174918152709856e-05,1.5261067555492153e-08,4.741566096008023e-07,1.7723703414712887e-05,1.0147132368274623e-08,1.2518624709959569e-07,0.005953207207310429,0.9893951286514681,1.2976441003802674e-05,0.0002116623437821872,5.816840678162991e-08,5.849763604899087e-09,1.2968294046910683e-05,3.264902244530154e-08,2.5342782058603724e-05,7.133677065095884e-05,2.9880996375015726e-05,7.875928843794932e-08,0.0006197348711995784,5.018990812670722e-06,2.0527298421435487e-05,0.0036097756336059715,2.0259201978825688e-06,3.421820286101609e-09,1.3731476623757022e-07
4,1.1773920168088532e-05,1.6626326117968447e-08,5.181137672351264e-07,1.884512587671292e-05,1.0848696735742474e-08,1.2734725129037517e-07,0.0059823549145805455,0.9892148515745768,1.2649420199520836e-05,0.00021294537858618817,6.376412348266294e-08,6.759396888038446e-09,1.5117238336276116e-05,3.662036259200593e-08,2.4636203664051555e-05,7.365282264285343e-05,3.264216871076961e-05,8.77607252163296e-08,0.0006167708623744617,5.053764844673756e-06,2.0700479171594708e-05,0.0037549919217224185,2.0042403139189162e-06,3.4450538728369833e-09,1.3867852754660365e-07
5,1.2293493356731295e-05,1.2923743224947874e-08,4.6446008729412395e-07,2.039246084934897e-05,1.0138277880357323e-08,1.1501951280901574e-07,0.005900063354907472,0.9895706268318445,1.3283291915824993e-05,0.00022819166349704145,5.7570280843590786e-08,5.870076842997289e-09,1.2684921862063024e-05,3.625955822079366e-08,2.236699914570149e-05,7.254426215427244e-05,3.066147813218803e-05,9.760017685964151e-08,0.000552688345681244,5.801764190058782e-06,2.06978235286033e-05,0.0035345388395194833,2.2088154653367926e-06,3.9598973187899866e-09,1.5185233859151472e-07
6,1.174918152709856e-05,1.5261067555492153e-08,4.741566096008023e-07,1.7723703414712887e-05,1.0147132368274623e-08,1.2518624709959569e-07,0.005953207207310429,0.9893951286514681,1.2976441003802674e-05,0.0002116623437821872,5.816840678162991e-08,5.849763604899087e-09,1.2968294046910683e-05,3.264902244530154e-08,2.5342782058603724e-05,7.133677065095884e-05,2.9880996375015726e-05,7.875928843794932e-08,0.0006197348711995784,5.018990812670722e-06,2.0527298421435487e-05,0.0036097756336059715,2.0259201978825688e-06,3.421820286101609e-09,1.3731476623757022e-07
7,1.1790014551900443e-05,1.531280637791739e-08,4.6943885881467093e-07,1.8032575607720968e-05,1.0312519164058928e-08,1.2865553761784952e-07,0.006109019951053082,0.9891111963349971,1.3414747540490865e-05,0.00021968784696430046,5.876545118003379e-08,5.93918897309305e-09,1.2822012754766326e-05,3.3994778332073685e-08,2.6064364209141375e-05,7.368313831236499e-05,3.0474524060999383e-05,8.087851432522532e-08,0.000622419655263642,5.191718650838093e-06,2.098682072877332e-05,0.0037221532931243024,2.1114139726127154e-06,3.5306385073089866e-09,1.4475991465042486e-07
8,1.0702182125884745e-05,1.5822199053279065e-08,4.237959956308266e-07,1.2730776719093502e-05,8.29447454394518e-09,1.1667978139764348e-07,0.005497899410174894,0.99047155423315,9.267422765446177e-06,0.0001506089870215611,4.7701225658350807e-08,6.950091736259622e-09,1.4496443735499667e-05,2.3667120675201833e-08,1.966141512262843e-05,6.61232893328907e-05,2.865017623984506e-05,7.256326364055411e-08,0.0006748171620861484,4.128602419702757e-06,1.8009046336980324e-05,0.0030190031762817953,1.5293383552016582e-06,1.9174214412230064e-09,1.0094655862625509e-07
9,1.233647710362527e-05,2.5401913268270244e-08,3.242961710074874e-07,9.660184235701377e-06,9.70298389925331e-09,1.4392631117942186e-07,0.0111812148288814,0.9839169126306052,1.0458914783495492e-05,0.00014667736323124427,4.876505443348136e-08,1.0017023138572223e-08,1.5949482790029108e-05,2.3653293666341395e-08,2.5792609497071865e-05,8.145376705053749e-05,2.9369095941850143e-05,8.951151165980043e-08,0.0008863158221177873,3.831307614753727e-06,2.0114025128868137e-05,0.003657449187754153,1.60919607678928e-06,1.4166723944709231e-09,1.784162525921205e-07
10,1.174918152709856e-05,1.5261067555492153e-08,4.741566096008023e-07,1.7723703414712887e-05,1.0147132368274623e-08,1.2518624709959569e-07,0.005953207207310429,0.9893951286514681,1.2976441003802674e-05,0.0002116623437821872,5.816840678162991e-08,5.849763604899087e-09,1.2968294046910683e-05,3.264902244530154e-08,2.5342782058603724e-05,7.133677065095884e-05,2.9880996375015726e-05,7.875928843794932e-08,0.0006197348711995784,5.018990812670722e-06,2.0527298421435487e-05,0.0036097756336059715,2.0259201978825688e-06,3.421820286101609e-09,1.3731476623757022e-07
11,1.1470274129997943e-05,1.5430819725693164e-08,4.790986685391718e-07,1.765145001269404e-05,1.003223086280597e-08,1.2205047717956148e-07,0.005730896073735998,0.9898021111154194,1.2373762074982361e-05,0.0001993222797087431,5.814383820190541e-08,6.056792418507744e-09,1.3660119426525106e-05,3.1896306967703704e-08,2.4261375275668614e-05,7.032735927562991e-05,3.025571231537519e-05,7.831784624435208e-08,0.0006081032804904266,4.799332883015932e-06,1.9715794576398584e-05,0.0034521849796676674,1.934290646796393e-06,3.2352508243979004e-09,1.285381294386167e-07
12,1.589213753528779e-05,2.7908164805169605e-08,8.451628820709717e-07,3.139695344134278e-05,2.892542422714318e-08,3.0884993296155374e-07,0.011144538851682942,0.981757229841395,2.1013948929097233e-05,0.00036690747415894114,1.0113141211717693e-07,1.2048951638340206e-08,1.9582646624615716e-05,9.559625502878287e-08,4.213173382718534e-05,0.0001250092828914121,4.145806529363165e-05,1.9678560785673103e-07,0.0008169280647713595,1.3500355192978966e-05,3.897124899541334e-05,0.005558767554786664,4.641703864170641e-06,6.93865545008379e-09,4.06789324033051e-07
13,1.2793645449612331e-05,1.4363510133174101e-08,3.912518501448233e-07,1.682428737382231e-05,1.030815369972462e-08,1.4785732371697523e-07,0.0068135978270913835,0.9887077872326542,1.634596382721492e-05,0.00025906281245072476,4.07185536707231e-08,5.5813261748772404e-09,1.0056971675749959e-05,3.233308091187501e-08,2.244741233951545e-05,8.165009396232008e-05,2.7855496071505017e-05,9.20172987642742e-08,0.0006227128119180514,6.3841585335257636e-06,2.040593871212343e-05,0.003379034839444943,2.1211736607508044e-06,3.2448070644004245e-09,1.8165893030020945e-07
14,1.1506055278511889e-05,1.4271421776936836e-08,4.5960946010696716e-07,1.8128013413480633e-05,9.751844461400454e-09,1.1867620672869993e-07,0.005846848234448698,0.9894977561217072,1.3404037471649013e-05,0.00021309793940112306,5.671194538857119e-08,5.543955303762518e-09,1.2394485528237568e-05,3.2528591044912405e-08,2.490049263381524e-05,6.927739874454543e-05,2.9993351217021353e-05,7.771508532018368e-08,0.0005871076168356223,4.988770494408156e-06,2.007612033563186e-05,0.0036475501633364375,2.054085194918492e-06,3.541663066472053e-09,1.3876378527228552e-07
15,1.174918152709856e-05,1.5261067555492153e-08,4.741566096008023e-07,1.7723703414712887e-05,1.0147132368274623e-08,1.2518624709959569e-07,0.005953207207310429,0.9893951286514681,1.2976441003802674e-05,0.0002116623437821872,5.816840678162991e-08,5.849763604899087e-09,1.2968294046910683e-05,3.264902244530154e-08,2.5342782058603724e-05,7.133677065095884e-05,2.9880996375015726e-05,7.875928843794932e-08,0.0006197348711995784,5.018990812670722e-06,2.0527298421435487e-05,0.0036097756336059715,2.0259201978825688e-06,3.421820286101609e-09,1.3731476623757022e-07
16,1.1631131369057054e-05,1.6625888380057715e-08,5.0680772241634e-07,1.4657533486036126e-05,9.6156184408271e-09,1.1897792422851257e-07,0.004752334872250706,0.9913169253239952,1.3027403850576701e-05,0.00015282102649776802,5.312690657916469e-08,4.804059365238162e-09,1.3183447314694654e-05,2.37369373996524e-08,2.4220261153915955e-05,5.834996166387853e-05,2.7970897956489413e-05,5.502681816418247e-08,0.000622297506335444,3.861222977066572e-06,1.4213343025687068e-05,0.0029719666008918176,1.6484745506168231e-06,2.9165180488380623e-09,9.93542881595158e-08
17,1.4406328625217e-05,2.5460610033821798e-08,1.0065812043506573e-06,3.168754605750919e-05,2.18444780999283e-08,4.238531910787705e-07,0.012258869755331274,0.9825933038034992,4.1665224019588593e-05,0.0005687599589856221,1.1913192362416374e-07,1.9164544596346235e-09,1.029878801743992e-05,3.4875763515740185e-08,0.00014039699117490958,0.0001728416406918719,2.2079687639068286e-05,3.0842725803052365e-08,0.0009695429272006459,5.392030555486203e-06,2.0105276011797485e-05,0.003146256314385605,2.585356477374155e-06,1.3603388585784804e-08,1.3026158790031406e-07
18,1.1856892500344156e-05,1.537126924672626e-08,4.7135856220399177e-07,1.7721706910994438e-05,1.0130428427445932e-08,1.2577141879998543e-07,0.006005977349784088,0.9892605825268076,1.3121642861463986e-05,0.00021453316835027406,5.8396267535473614e-08,5.961057004304406e-09,1.3015478885349918e-05,3.327588489143053e-08,2.530746109425611e-05,7.164657914782826e-05,3.042096100739957e-05,8.066308990935439e-08,0.0006218194415053816,5.082194058623993e-06,2.066988197064812e-05,0.0036852481286173506,2.0508833078747612e-06,3.4475291796219367e-09,1.4132768346456122e-07
19,9.648887751421674e-06,1.3325197306374191e-08,4.6533362833975347e-07,1.7217009304337233e-05,1.0043079755054696e-08,9.428030654735472e-08,0.0053130796728392835,0.9906657725537974,1.0420566742544095e-05,0.00016235753363952343,5.1872287488386815e-08,5.638787148501391e-09,1.3479918250274487e-05,2.828968364971993e-08,2.0811454817940574e-05,5.872532724950303e-05,2.527402929386284e-05,6.988420557736382e-08,0.000531890782542266,4.276926308122474e-06,1.7668125889864896e-05,0.0031469566786547394,1.5775199281168465e-06,2.619875606902885e-09,1.0172593950194137e-07
20,9.500068423998406e-06,1.4499058126062157e-08,4.476793003278426e-07,1.7261675023215838e-05,9.659664376458386e-09,1.2080803636440123e-07,0.006111357842044276,0.9887772171146112,1.2233952122764458e-05,0.00019345106904737405,6.069460482498204e-08,5.119033448823942e-09,1.158214270935378e-05,3.164532650371388e-08,3.226809878055234e-05,6.164662079540267e-05,2.7089047862035618e-05,5.841083448823613e-08,0.0006070445663833242,4.5684144077955575e-06,2.2288201696437524e-05,0.00410952898671954,2.083943637990618e-06,3.30622976753212e-09,1.26433646637366e-07
21,1.3732785987188329e-05,1.7094894502275524e-08,5.426710793867698e-07,1.9926058637823908e-05,1.3429723828486341e-08,1.245893679073837e-07,0.006056512129535624,0.9887492586040358,1.3310411756064552e-05,0.000278342115304859,6.620133922449074e-08,7.428815380690442e-09,1.4144550440907456e-05,4.151603905212231e-08,2.3920679933982135e-05,8.314187080342922e-05,2.964845717559903e-05,1.0664367268736026e-07,0.00069526197172217,6.164674487989425e-06,2.6166063779328732e-05,0.003987283350837428,2.10123156412047e-06,3.9134929517918585e-09,1.6155557265113284e-07
22,1.1685513753639614e-05,2.9531436238024257e-08,4.637170746222984e-07,1.5037032544949056e-05,1.731928801926483e-08,2.1671362845436014e-07,0.009569142437827688,0.9857538492369656,1.9314748719706576e-05,0.0001682682380292177,5.8625096630392904e-08,7.2431540593203454e-09,1.4773100300171813e-05,3.4348157528415904e-08,4.033262286874379e-05,8.722190956422134e-05,2.6950294665083e-05,7.194843510557945e-08,0.0006954223357741635,5.28587761854013e-06,1.8572424514358515e-05,0.003570543191564873,2.489578164772729e-06,3.020878929566645e-09,2.0898997461647654e-07
23,1.174918152709856e-05,1.5261067555492153e-08,4.741566096008023e-07,1.7723703414712887e-05,1.0147132368274623e-08,1.2518624709959569e-07,0.005953207207310429,0.9893951286514681,1.2976441003802674e-05,0.0002116623437821872,5.816840678162991e-08,5.849763604899087e-09,1.2968294046910683e-05,3.264902244530154e-08,2.5342782058603724e-05,7.133677065095884e-05,2.9880996375015726e-05,7.875928843794932e-08,0.0006197348711995784,5.018990812670722e-06,2.0527298421435487e-05,0.0036097756336059715,2.0259201978825688e-06,3.421820286101609e-09,1.3731476623757022e-07
24,1.074576354210666e-05,1.3715903841421628e-08,4.921085553259253e-07,2.1549481378454465e-05,1.2371910258424123e-08,1.1163467902363264e-07,0.0057021856838563485,0.9901345163726892,1.2124929043885306e-05,0.00020823591787642783,5.942202004703166e-08,6.368927171097373e-09,1.4516405615382747e-05,3.835265404472367e-08,2.1903804513155497e-05,8.161669320811351e-05,2.8992046705592606e-05,9.464853023187068e-08,0.0005236465645772141,5.3106341568687384e-06,1.880582189038965e-05,0.0032128874568382675,2.0003276367215446e-06,3.403219960690995e-09,1.300700719786658e-07
25,1.4211069615062128e-05,2.3045393161469552e-08,5.655453373445388e-07,1.9467333360972505e-05,1.3155647008589384e-08,1.972752168226128e-07,0.007619206267392674,0.9862099344569689,1.8358743834680624e-05,0.0002844126181723176,7.191208023948048e-08,7.819642656278581e-09,1.4719044366309259e-05,4.74594936609736e-08,3.419807758429121e-05,8.771790877586547e-05,3.8725183702877386e-05,1.001307398625634e-07,0.0007587150632150733,6.52508090736863e-06,2.553789244038186e-05,0.0048643484191065196,2.67220323806356e-06,4.641563458528993e-09,2.19652204386057e-07
26,1.4087590900362551e-05,1.5615792010920424e-08,4.86257203741103e-07,1.9337002723523533e-05,1.049803604153816e-08,1.3036412307400936e-07,0.005331737105148186,0.9906378429888993,1.8624541357017038e-05,0.00019732012478893422,5.921022390772555e-08,4.828191074643797e-09,1.2154853285982908e-05,3.0360573046473954e-08,2.595859164948724e-05,6.951032006176103e-05,3.2567933665647103e-05,7.700134293968108e-08,0.0005336089627285707,5.2116322388814145e-06,1.641921900111902e-05,0.0030821293628591597,2.515432316323821e-06,5.0071621116311555e-09,1.5519572758173116e-07
27,1.4537678673141765e-05,1.0877528080588471e-08,6.067923029627229e-07,1.459117058833697e-05,6.821509328952157e-09,7.344996963698079e-08,0.003163835703941914,0.9947556201064305,3.5713269674894314e-06,0.00010302635328002252,3.3352264800830904e-08,6.96877137849207e-09,1.8490182678603717e-05,1.566211268533684e-08,5.910659553926035e-06,5.570082462733125e-05,2.23382419813568e-05,1.1308072506533778e-07,0.0005980387324759078,2.86404649630938e-06,1.6441908690113407e-05,0.0012233179425118967,7.992765338096317e-07,1.189910217354626e-09,4.764947514510738e-08
28,1.174918152709856e-05,1.5261067555492153e-08,4.741566096008023e-07,1.7723703414712887e-05,1.0147132368274623e-08,1.2518624709959569e-07,0.005953207207310429,0.9893951286514681,1.2976441003802674e-05,0.0002116623437821872,5.816840678162991e-08,5.849763604899087e-09,1.2968294046910683e-05,3.264902244530154e-08,2.5342782058603724e-05,7.133677065095884e-05,2.9880996375015726e-05,7.875928843794932e-08,0.0006197348711995784,5.018990812670722e-06,2.0527298421435487e-05,0.0036097756336059715,2.0259201978825688e-06,3.421820286101609e-09,1.3731476623757022e-07
29,1.174918152709856e-05,1.5261067555492153e-08,4.741566096008023e-07,1.7723703414712887e-05,1.0147132368274623e-08,1.2518624709959569e-07,0.005953207207310429,0.9893951286514681,1.2976441003802674e-05,0.0002116623437821872,5.816840678162991e-08,5.849763604899087e-09,1.2968294046910683e-05,3.264902244530154e-08,2.5342782058603724e-05,7.133677065095884e-05,2.9880996375015726e-05,7.875928843794932e-08,0.0006197348711995784,5.018990812670722e-06,2.0527298421435487e-05,0.0036097756336059715,2.0259201978825688e-06,3.421820286101609e-09,1.3731476623757022e-07
30,1.174918152709856e-05,1.5261067555492153e-08,4.741566096008023e-07,1.7723703414712887e-05,1.0147132368274623e-08,1.2518624709959569e-07,0.005953207207310429,0.9893951286514681,1.2976441003802674e-05,0.0002116623437821872,5.816840678162991e-08,5.849763604899087e-09,1.2968294046910683e-05,3.264902244530154e-08,2.5342782058603724e-05,7.133677065095884e-05,2.9880996375015726e-05,7.875928843794932e-08,0.0006197348711995784,5.018990812670722e-06,2.0527298421435487e-05,0.0036097756336059715,2.0259201978825688e-06,3.421820286101609e-09,1.3731476623757022e-07
31,1.245158701477306e-05,1.0358355406794033e-08,4.1491114602160927e-07,1.33142690429495e-05,7.192857188307171e-09,6.859120982592195e-08,0.003585174445525348,0.9933674176098173,8.437458300000158e-06,0.00012918091656915687,3.801935276331614e-08,4.629391407218429e-09,1.1689178411391722e-05,1.76440906792513e-08,1.2309676550941196e-05,4.726909517829344e-05,2.215977116137883e-05,6.932556375291087e-08,0.0005316892306955695,3.6424171576965244e-06,1.4413187888418337e-05,0.0022388327727102778,1.3050033456102025e-06,2.18142940160954e-09,8.052723447108061e-08
32,1.1853521235274004e-05,1.562019283486135e-08,4.782625362344377e-07,1.6919452124772746e-05,1.035623903164467e-08,1.2692503769864504e-07,0.005819505126032788,0.9894176534418502,1.2428493187691719e-05,0.00020737780160983937,5.8790079318901434e-08,6.165411006330512e-09,1.3050845518156736e-05,3.2351745521089824e-08,2.55856727968173e-05,7.167240378042641e-05,2.960151419383958e-05,7.856199889228221e-08,0.0006633127528574814,5.0764585783423105e-06,2.0926206664728187e-05,0.0036820778091088725,2.0130534477521035e-06,3.253750828006295e-09,1.3516002150032714e-07
33,1.6035606508784952e-05,2.0613986772710227e-08,7.333128815252087e-07,2.5621017853896436e-05,2.1913942260614788e-08,2.2355981272150656e-07,0.008523139102544663,0.9858362880506804,2.5325297748945436e-05,0.0003508425961259304,8.692204551032625e-08,3.598649734442945e-09,8.807297428578105e-06,4.0586101528240285e-08,6.39722184645893e-05,8.063774567557248e-05,2.036490743672023e-05,6.218807024742439e-08,0.000838877872180739,8.075258729222598e-06,3.922363085610452e-05,0.004157229112352105,4.10425657847946e-06,9.244719546331606e-09,2.540886255563491e-07
34,1.5711113958112565e-05,1.8479193096094116e-08,5.190016867082363e-07,1.4124969337629428e-05,1.0507435137646789e-08,1.0037265967985538e-07,0.0048015755116236625,0.9903329790800705,1.3433682170314193e-05,0.00019217516521570214,5.967945746270779e-08,6.062036456005064e-09,1.3610489202437105e-05,2.747026611891013e-08,2.132140160295261e-05,5.867423825309981e-05,2.926644092461688e-05,7.747510088076744e-08,0.0007398784756430864,4.143282882475675e-06,1.7633046790567726e-05,0.003742841417439523,1.6757982495291241e-06,3.3299945127272406e-09,1.3350880591682837e-07
35,9.05458261273338e-06,2.730598575537657e-08,9.347861076728908e-07,3.7213518494019974e-05,2.4539040149749005e-08,4.483598661674916e-07,0.012245612963367871,0.9790176833642614,2.024407605949679e-05,0.0003705431242594593,1.4184207456384343e-07,8.235282027232148e-09,1.8025760251467534e-05,1.0115620828217464e-07,0.0001013401975335317,0.00012182996813383031,4.1900578958358016e-05,8.415063581475171e-08,0.0008038612161635321,1.1264757343869512e-05,5.014312524645402e-05,0.007143587762197061,5.630378680028478e-06,8.682299582945896e-09,2.85568936933206e-07
36,6.452596591540026e-06,7.664213313531527e-09,1.9785907994376627e-07,1.0392870500553854e-05,3.955402145638508e-09,6.258102530358286e-08,0.003731910377990389,0.9932118817561135,8.451433970405932e-06,9.670392634865219e-05,2.755945857843718e-08,4.536813880837636e-09,9.953137788735275e-06,1.5732950651485237e-08,1.3432384508045784e-05,5.853499131588475e-05,3.016319399016104e-05,4.764787186488534e-08,0.0003745829419097134,2.437631875488124e-06,8.315570796552316e-06,0.0024351353222466466,1.2171726630147708e-06,1.2116494867273722e-09,6.594292525371287e-08
37,1.4607505596826254e-05,1.1993390402827411e-08,5.436816864492779e-07,2.1509382856707207e-05,9.50270077622173e-09,1.0076661959137392e-07,0.0050784378173701185,0.9907410695092301,1.1470906777079683e-05,0.0002126343237393818,6.384299748084315e-08,5.604895043134566e-09,1.3455656432940224e-05,3.307191255530849e-08,2.003338463589396e-05,6.618450444406066e-05,3.100853305288528e-05,1.0141121010420573e-07,0.0005809114444429389,5.2939944709894345e-06,2.0045761876512452e-05,0.0031803066928553876,2.027164792210952e-06,4.544726071019203e-09,1.289972874726602e-07
38,1.2558077352625674e-05,1.570863274381748e-08,5.09890727802926e-07,1.8883037861660844e-05,1.1153506581345383e-08,1.0572895394105566e-07,0.005540054512393683,0.9892182088068626,1.584613865800817e-05,0.00023630040246478806,5.821521308316938e-08,5.63708374088511e-09,1.2578813237734504e-05,3.721507666433224e-08,2.319235539107298e-05,5.9761637165614086e-05,3.053397643504015e-05,8.428759024251966e-08,0.000569471938655807,5.225933440065648e-06,1.9677774641040547e-05,0.004234756804922698,1.960662812821843e-06,4.041582147332114e-09,1.5724933809420223e-07
39,0.0001654088246614425,4.205126647639967e-07,8.161839410122403e-06,5.2973756242645995e-05,1.305336959590902e-07,8.16926473594746e-07,0.014366618125600259,0.9448590017775184,0.00022131525036510252,0.003801707504869422,9.02084784514254e-07,2.978278592569647e-08,6.859974906727636e-05,4.944567296022977e-07,0.00010731984629717963,0.0001839810498241063,0.00015676802875378934,5.079986417478222e-07,0.0030930508828269786,1.8164143107788838e-05,4.449121500515768e-05,0.03284557618958276,2.5517577817887007e-06,1.3019842923502237e-07,8.775648806105989e-07
40,1.473749775011705e-05,3.0987725819240527e-08,9.490336144633145e-07,1.9021561957485062e-05,1.968047050135521e-08,2.13133318458703e-07,0.006389799280379303,0.9861106703349303,1.4441896564021014e-05,0.00025058468656657777,8.884206801878667e-08,1.0330706673058291e-08,1.776004102166207e-05,5.4097619937763695e-08,3.752292586162503e-05,7.026893130654937e-05,3.456339009766062e-05,9.219665631891643e-08,0.0010761199381589671,6.729191193857389e-06,3.1325652791934985e-05,0.005922625992432642,2.191604771512872e-06,4.3247750990617176e-09,1.7444726035907737e-07
41,1.3462373573541333e-05,1.0886916919336935e-08,3.5730977468279245e-07,1.4875418552065262e-05,6.975311668813011e-09,1.0421165038227327e-07,0.008208727377742664,0.9832970893853135,8.265702100806455e-06,0.00021499973240933257,6.876813320422768e-08,1.0434423734449057e-08,1.3133827548735241e-05,4.432252001274071e-08,2.4465248410501554e-05,6.297689195962231e-05,3.888474301207587e-05,1.5202933988208267e-07,0.0008319019453928553,7.375187842184009e-06,3.2782808223964126e-05,0.007227309170945005,2.751262845100884e-06,3.2844879554701903e-09,2.407015699799925e-07
42,5.9579042884814284e-05,7.867313281398857e-08,1.6887548229914866e-06,0.00018201776069912888,7.817219236002451e-08,2.0949753799259836e-06,0.07123595911301425,0.9166004181473195,0.00015940212433689595,0.002132817148261327,4.41344016002209e-07,1.791816956688582e-08,4.799608079135825e-05,7.367787109253445e-07,0.0001390085746595129,0.0006235305564756086,0.00017631287217225884,1.571805213869309e-06,0.0005953999515434408,5.304277880360742e-05,6.024118452337166e-05,0.007890451011774846,3.164071422935838e-05,1.2416832183259366e-07,5.350348550351848e-06
43,1.137811833689949e-05,1.4824294557361206e-08,4.7251660151165407e-07,1.6901782069956175e-05,9.249513562438535e-09,1.1689868913382037e-07,0.005797202612756399,0.9901306790004943,1.0614879280006056e-05,0.00016028481388005402,5.575608323904747e-08,6.076451774683863e-09,1.396006945644638e-05,2.817222272676536e-08,2.3020366181203713e-05,6.599964862491629e-05,2.9550789860272633e-05,7.608154014891969e-08,0.0005985063196216082,4.225474016045629e-06,1.8619699865230987e-05,0.00311631779277745,1.8386112780940405e-06,2.889379203034325e-09,1.1755672509656801e-07
44,1.174918152709856e-05,1.5261067555492153e-08,4.741566096008023e-07,1.7723703414712887e-05,1.0147132368274623e-08,1.2518624709959569e-07,0.005953207207310429,0.9893951286514681,1.2976441003802674e-05,0.0002116623437821872,5.816840678162991e-08,5.849763604899087e-09,1.2968294046910683e-05,3.264902244530154e-08,2.5342782058603724e-05,7.133677065095884e-05,2.9880996375015726e-05,7.875928843794932e-08,0.0006197348711995784,5.018990812670722e-06,2.0527298421435487e-05,0.0036097756336059715,2.0259201978825688e-06,3.421820286101609e-09,1.3731476623757022e-07
45,3.162151639842427e-05,4.361416282805156e-08,1.079498009476469e-06,2.4208996244247806e-05,2.2160078379515368e-08,2.0705456867179095e-07,0.0071194775446232145,0.9800592489180309,2.511380470187271e-05,0.000598187576209689,1.1389656914606276e-07,2.1577303219950418e-08,2.6211991875119795e-05,1.2440986303884222e-07,2.0886917542416997e-05,8.542404742117281e-05,7.309933290571093e-05,3.687675439193851e-07,0.0011021348052657047,1.2737613342578974e-05,4.665196714011601e-05,0.010768994376868632,3.4372688601613947e-06,8.077568408455754e-09,5.74266902846207e-07
46,1.1771714571927303e-05,1.5316091638495456e-08,4.754483841669321e-07,1.773161353053372e-05,1.0212381216280532e-08,1.254002747932281e-07,0.005976006017738725,0.989354762868684,1.3016805194491805e-05,0.00021259232650615477,5.830535721733456e-08,5.857344560332997e-09,1.2972760271883996e-05,3.276177931196913e-08,2.542692942219753e-05,7.142823115597122e-05,2.982125041109467e-05,7.889551728938036e-08,0.0006217791308677298,5.035902693069478e-06,2.059322626170996e-05,0.0036240903282944896,2.027336647224757e-06,3.4300400454465935e-09,1.3793057861685023e-07
47,1.4877851237724018e-05,1.68713748423754e-08,3.146277701230036e-07,8.088809433687387e-06,6.609408912417088e-09,7.425195188425957e-08,0.004415656454970428,0.9904200859943064,1.0724339355055893e-05,0.0001618880731827525,3.864844257858497e-08,7.614123054694328e-09,1.165779201270671e-05,1.9211236250161706e-08,1.4562012805966105e-05,4.9032233381778374e-05,2.8429855402745393e-05,7.66437312933475e-08,0.000823512496796499,3.567075745814612e-06,1.531867381313813e-05,0.004020759937766335,1.161491937942266e-06,1.6725759488237365e-09,1.2075723601002457e-07
48,2.9266140639084868e-05,2.8072385484827688e-08,1.913282364832517e-06,0.00010832812386131261,1.3762700258896178e-07,3.3141756430937136e-07,0.021071762732701248,0.9421850755993356,7.854101471328045e-05,0.004240910632585348,3.0892349948632527e-07,1.2422916000844882e-08,1.5135861954226014e-05,6.808051428988642e-07,9.634731565502507e-05,0.00021921956224667615,3.7948593875651004e-05,6.119879775213021e-07,0.0011026218433349106,7.402565187849038e-05,0.00019152944192422875,0.030528578371751842,1.4185037480649015e-05,7.116243555035041e-08,2.4283747733694243e-06
49,1.1603342237567849e-05,1.951750766749296e-08,6.419820250213313e-07,1.9075703242750077e-05,1.1873860712758943e-08,1.7164861257763674e-07,0.00609642294192213,0.9878051519349216,1.2695647120783015e-05,0.00022838906380461072,7.117539983414807e-08,8.482112015645994e-09,1.5756713920717112e-05,4.496449120531862e-08,2.9960178967591494e-05,6.878963489906668e-05,3.630071961939107e-05,9.039343217855358e-08,0.0007563835417586658,6.4106110832389986e-06,2.6801151312045697e-05,0.004882803129091346,2.24132331329129e-06,3.7234093926672406e-09,1.5060193454185612e-07
50,1.3659564698848262e-05,1.708416107561133e-07,2.3106095569078996e-05,0.0010039270952138548,4.965830470844273e-08,3.9999662997352624e-05,0.00043943775536671843,0.993826248455247,1.0861095311360914e-05,2.0068159294226787e-05,2.841604182360157e-06,2.1978841138146588e-07,0.0006466077573223086,1.9396838199744997e-07,4.54618859450684e-05,0.0004684383232129061,0.002280230740936961,1.0426817519746985e-07,0.0004682678890527252,5.922237754066362e-06,0.00012725221560979137,0.0005427635955506,3.4113308217756144e-05,4.869801444980176e-08,5.335618566261621e-09
51,2.017121686346765e-05,1.3890881790354267e-08,3.763995651827266e-07,1.378972901745333e-05,1.0463208298445467e-08,2.4260869626729396e-07,0.009426767488484504,0.9835489131435207,1.3118755552339344e-05,0.00027307416217581514,7.560596539971816e-08,1.2109784196022325e-08,1.414239820143075e-05,4.346540103195059e-08,3.263554497511501e-05,0.00014747101661423322,4.359303988051335e-05,2.0018516140524205e-07,0.001225958598891436,1.4069455387610801e-05,3.150007464855666e-05,0.005188254935267166,5.2023039070993434e-06,4.421805727963369e-09,3.5898614329829996e-07
52,1.3971660406029969e-05,1.4260642670754147e-08,5.424836594120626e-07,2.1544899542983215e-05,1.1319452872928174e-08,1.3361581152777588e-07,0.006131429832827802,0.9890188402322668,1.4154891655538389e-05,0.0002827615920895968,6.67182161882551e-08,6.344018995640517e-09,1.427394066107353e-05,4.05614344876749e-08,2.382406639261473e-05,8.949142082625908e-05,3.301904006936856e-05,1.0922661685558251e-07,0.0006380566865426386,6.45136698546803e-06,2.1276896978946106e-05,0.0036876195755422476,2.20275861720099e-06,4.554294209070914e-09,1.5205444822758105e-07
53,8.483811197683297e-06,1.2077939455461584e-08,2.9520510280989995e-07,2.006677990982396e-05,9.964566137568731e-09,1.3843998076388467e-07,0.011060514059753519,0.9843907384676697,1.690066311323609e-05,0.0002227805706807701,5.451284092941859e-08,4.766639067048432e-09,1.089041927462209e-05,3.571157809788665e-08,3.720284681361405e-05,9.681103297409832e-05,2.7942601480958523e-05,7.770615457422253e-08,0.0004546883836715927,5.6811692892218614e-06,1.8307701216734952e-05,0.0036254508177708394,2.712525277094854e-06,3.595386988681419e-09,1.9616971805594602e-07
54,1.4987633349178474e-05,2.4714749419707875e-08,3.909264888444543e-07,1.5329318730063852e-05,1.2252797674935659e-08,1.5193457218495954e-07,0.008424227233586561,0.985611604208406,1.8888690269222504e-05,0.0002945884436048659,5.5824116026565284e-08,8.852603739690651e-09,1.3396807943371579e-05,4.1511811334936505e-08,2.6924811244055305e-05,9.896680756667923e-05,3.71738631669375e-05,1.1202531165685437e-07,0.0007552523129902651,5.165608874341843e-06,2.1288018144436495e-05,0.004659142546497201,2.0233715483644703e-06,3.164518961092707e-09,2.391171087324788e-07
55,1.6419597457459004e-05,2.390046549033352e-08,4.3224585821370015e-07,1.5584983199271163e-05,1.2775039016415412e-08,1.059359739860843e-07,0.007708777345959413,0.987655536314866,1.6772744401929158e-05,0.00020744851366721813,5.310122159580868e-08,1.058232549287237e-08,1.5671535808275826e-05,3.282165742570722e-08,1.8859073424456816e-05,7.781253355374132e-05,3.360227702437104e-05,1.329101607282694e-07,0.0006545736547353734,4.712388899986123e-06,1.9630580902796182e-05,0.0035519272302882527,1.658865835737373e-06,2.9687341712626996e-09,2.051185396838929e-07
56,1.1840644697400613e-05,1.6019736565645127e-08,4.973060468859121e-07,1.794299807043747e-05,1.0403219323070662e-08,1.2419010519539148e-07,0.0058611429514348395,0.9894954786559419,1.26964349607168e-05,0.0002065722663424714,6.034406110654078e-08,6.264637283292218e-09,1.4019499213998023e-05,3.351062260266962e-08,2.4634714515861294e-05,7.076827158083822e-05,3.086527499966098e-05,8.18254906018713e-08,0.0006209859996800305,4.925101924657014e-06,2.009935682225712e-05,0.0036051098255872735,1.950833217442498e-06,3.3747795767611466e-09,1.3393231100677507e-07
57,1.1381271126522388e-05,1.5835633641043275e-08,4.7380429865302963e-07,1.1739632949876675e-05,9.629449659586014e-09,1.0103499932652477e-07,0.004492898789776902,0.990120466935922,8.578401640751102e-06,0.00015936397228031275,5.2940163631985065e-08,8.636969021387908e-09,1.3768382603129992e-05,2.6910124637940777e-08,1.9957225456796836e-05,5.870787633782068e-05,2.7995850656187423e-05,7.537877578837366e-08,0.0008599644047439319,4.6830271460865955e-06,2.1904116486840602e-05,0.004186178622929553,1.5405765817341414e-06,1.992305758739518e-09,1.0475064104783684e-07
58,1.2462342706969384e-05,1.6308481190733507e-08,5.168550561399068e-07,1.9310196753982938e-05,1.0932234372402664e-08,1.3283811376238468e-07,0.0061023351102938855,0.9890665442764268,1.388026352026521e-05,0.00022561403812394065,6.510935732746017e-08,6.149734318229228e-09,1.3692429208634144e-05,3.569419209006264e-08,2.7400212174934996e-05,7.465746908871587e-05,3.1664219303684384e-05,8.3338956264625e-08,0.0006357093784411843,5.235501845125426e-06,2.1379160082705077e-05,0.003746950663993941,2.148139810818077e-06,3.988758268129232e-09,1.4538334058489291e-07
59,1.279724730159367e-05,1.6680118199158432e-08,5.470092016922526e-07,2.030634656501651e-05,1.1622813823079674e-08,1.3644036013072511e-07,0.006052701777543512,0.9888727042707057,1.4932290263952712e-05,0.00024148680549757645,6.943590633626712e-08,6.037156224045474e-09,1.3375534939303635e-05,3.791729354241081e-08,2.9581684363017784e-05,7.37530673851839e-05,3.194796207361525e-05,8.276666576729553e-08,0.0006475319996957727,5.578558549361513e-06,2.2695575745439983e-05,0.003957254015775951,2.2879047111855036e-06,4.539920432144866e-09,1.5250944728818725e-07
60,1.174918152709856e-05,1.5261067555492153e-08,4.741566096008023e-07,1.7723703414712887e-05,1.0147132368274623e-08,1.2518624709959569e-07,0.005953207207310429,0.9893951286514681,1.2976441003802674e-05,0.0002116623437821872,5.816840678162991e-08,5.849763604899087e-09,1.2968294046910683e-05,3.264902244530154e-08,2.5342782058603724e-05,7.133677065095884e-05,2.9880996375015726e-05,7.875928843794932e-08,0.0006197348711995784,5.018990812670722e-06,2.0527298421435487e-05,0.0036097756336059715,2.0259201978825688e-06,3.421820286101609e-09,1.3731476623757022e-07
61,1.2430762679289946e-05,1.5864090132371078e-08,5.421889138506067e-07,1.928604627488175e-05,1.0884390608864616e-08,1.307309423859842e-07,0.005635144270676845,0.9895309675360339,1.3442100301556917e-05,0.00022316527395788773,6.431101355133882e-08,5.898649615625582e-09,1.3118872935625315e-05,3.501365494041488e-08,2.7095786260584534e-05,6.914357867630366e-05,3.053626542066052e-05,7.918292478869593e-08,0.0006451584840276119,5.300913038137947e-06,2.2181519944178458e-05,0.0037498807915658846,2.122264686357339e-06,4.040746270181109e-09,1.3741819430614943e-07
62,1.174918152709856e-05,1.5261067555492153e-08,4.741566096008023e-07,1.7723703414712887e-05,1.0147132368274623e-08,1.2518624709959569e-07,0.005953207207310429,0.9893951286514681,1.2976441003802674e-05,0.0002116623437821872,5.816840678162991e-08,5.849763604899087e-09,1.2968294046910683e-05,3.264902244530154e-08,2.5342782058603724e-05,7.133677065095884e-05,2.9880996375015726e-05,7.875928843794932e-08,0.0006197348711995784,5.018990812670722e-06,2.0527298421435487e-05,0.0036097756336059715,2.0259201978825688e-06,3.421820286101609e-09,1.3731476623757022e-07
63,1.1918014989012786e-05,1.607340158951849e-08,4.803167831170343e-07,1.7478861015319966e-05,1.0315715013267788e-08,1.2604032130107837e-07,0.005982507611511492,0.9893202475103245,1.3213577399689544e-05,0.00021156206032058185,5.868769873527828e-08,5.9451770242056736e-09,1.314770266512572e-05,3.260073415869378e-08,2.5595041712682477e-05,7.059189288298129e-05,3.002035442745321e-05,7.801591487045475e-08,0.0006291841049933764,4.9079581898133025e-06,2.0510150501213256e-05,0.0036461770352653224,1.9885354203650804e-06,3.4052721600356687e-09,1.381873630195868e-07
64,1.164327702816661e-05,1.6242197346010045e-08,5.080963414901526e-07,1.8322559335561546e-05,1.100466364879825e-08,1.2765421889629705e-07,0.0059623446180661,0.9892919841578723,1.2674208292114267e-05,0.00021666005618260526,6.062576773732804e-08,6.021403221212037e-09,1.2839663755057713e-05,3.324139515644681e-08,2.6773628167024083e-05,6.878409825375698e-05,2.82793321020769e-05,7.636285223709042e-08,0.0006452162490447322,5.087159602051425e-06,2.4026291522345648e-05,0.0036723197244973686,2.0644894853142634e-06,3.4887297177369437e-09,1.377492241926162e-07
65,1.7879071133122768e-05,1.5815802918333812e-08,3.7361991261584947e-07,1.3747168172504475e-05,1.1045444674316009e-08,8.019515401050419e-08,0.006097580213319841,0.9886353928431666,1.5507079102766938e-05,0.0002610540944606665,5.0456210452301584e-08,8.204164540417583e-09,1.3808754686910718e-05,3.3323346044379727e-08,1.4696482483091689e-05,7.997826314772645e-05,3.1300086397350634e-05,1.4501942798506874e-07,0.000678069424755881,5.628973833048487e-06,1.6498755707986277e-05,0.004116272536709489,1.6680277874219247e-06,3.0365557078427595e-09,1.975091168127388e-07
66,1.2163829023000658e-05,1.5195399272376288e-08,5.683062227094152e-07,2.0923126960939503e-05,1.2167018670440927e-08,1.2265444742299082e-07,0.005732315589295292,0.9892311926105515,1.2855809502456525e-05,0.0002659685155858557,6.673312887276649e-08,6.414044561312569e-09,1.4359850441453554e-05,3.9937953109734394e-08,2.4409803141182604e-05,8.033192928488015e-05,3.0378089463884285e-05,9.167366238043682e-08,0.0006425356916215789,5.757521280269078e-06,2.3779568550488767e-05,0.0038999413411825046,2.0235148395992444e-06,3.964748222921564e-09,1.3616264988601337e-07
67,1.1758192809984932e-05,1.5329975920800694e-08,4.764367605142949e-07,1.782910629704865e-05,1.0184583490437292e-08,1.2683430200169724e-07,0.005988794727269829,0.9893308164189997,1.3010101594034269e-05,0.00021287705093462898,5.861580100297418e-08,5.893580300911539e-09,1.3028184605749844e-05,3.3037124271772e-08,2.5566719793784467e-05,7.172051205404543e-05,3.0110983753742172e-05,7.932748438607e-08,0.0006215546241677484,5.071894666579494e-06,2.070618899398149e-05,0.00363415889596078,2.0486507560280568e-06,3.451804357381766e-09,1.3863592612693458e-07
68,9.876026782034555e-06,1.0136252884642709e-08,4.5330575119225347e-07,1.5586408161584842e-05,6.748993472059821e-09,9.493264744536006e-08,0.005102878488847502,0.9916512562085825,6.6744051511401845e-06,0.00013483094511770134,3.893578359535482e-08,7.485128471954905e-09,1.722114962543489e-05,2.4487413573155646e-08,1.1001186530598818e-05,5.906051780107682e-05,2.8785988665893778e-05,1.1099915193638187e-07,0.0005011288093403377,4.9290800378681066e-06,1.7652677835254874e-05,0.0024368895872825943,1.3894217377968642e-06,1.7140385312227995e-09,9.035333941272005e-08
69,1.1758855769445506e-05,1.5083177071028918e-08,4.6464427749224744e-07,1.788297377026402e-05,1.0200739986162623e-08,1.204123026822843e-07,0.005950344958191434,0.9895021050403983,1.3388577717960797e-05,0.0002130936829945005,5.7035687759867915e-08,5.611354963006476e-09,1.2681977091966963e-05,3.200591948761435e-08,2.502397964365537e-05,7.172356469716913e-05,2.9311522855629572e-05,7.737887781836133e-08,0.0006016981440761846,4.844131380868422e-06,1.9805983732847495e-05,0.0035234297525282435,1.984202862499934e-06,3.4473368808122334e-09,1.3683261479655288e-07
70,9.78223671982165e-06,1.359571499474236e-08,5.467710041930399e-07,2.7277402954118755e-05,1.2535712625475889e-08,1.7645561049436953e-07,0.006266072961673579,0.9897014740243746,1.548895927884452e-05,0.0002479076967724805,6.104107053168634e-08,6.350073395958158e-09,1.5051245901386495e-05,4.64864406131248e-08,2.6301607281720836e-05,0.00010542369642818256,3.669070033308699e-05,9.98053685483587e-08,0.0004798039277390595,7.193503150880518e-06,2.017889145385891e-05,0.00303753172540152,2.7076796114869455e-06,4.441046951249227e-09,1.4625888320861764e-07
