,0,1,2,3,4,5,6,7,8,9,10,11,12,13,14,15,16,17,18,19,20,21,22,23,24
0,0.0002550966496921661,0.003973415614157418,2.635419884323041e-07,0.22040572467578157,2.647438646382762e-05,4.2021503686601884e-05,3.873191625847039e-05,0.7515188634068587,6.891063985681725e-07,4.111664153719773e-05,0.0006866768553218296,4.061745939627568e-05,2.4291927322346476e-05,1.0148483270464411e-05,0.00012799873762139128,0.00013935830710665496,0.005770619882728262,0.0003192767865361075,0.0036494112003295017,5.107619541920066e-08,2.4666647955331612e-05,0.012901008338203976,3.325521584650048e-06,1.2911168821753839e-08,1.384224358952464e-07
1,0.00018680267345277547,0.0038232255877079535,2.8108200278152255e-07,0.18355065310532828,2.355059875487301e-05,6.525187454168548e-05,4.473670042008179e-05,0.7846056406154035,1.3473584682430312e-06,7.722952434535675e-05,0.0006062201801985428,3.227555889459339e-05,2.6807751265038378e-05,1.3612378239890298e-05,0.00018337669638139782,0.00017560597659574702,0.0037749311396089637,0.0003430478171246897,0.005811964104713224,7.630695172904478e-08,2.8896236042323436e-05,0.016620824641946204,3.435628199281092e-06,1.5631434379010483e-08,1.9083197836842738e-07
2,0.0002988504273856683,0.004332504903893209,3.0441637778284655e-07,0.23913890698892137,2.4694077683699115e-05,6.879199272008327e-05,5.327412037839812e-05,0.7268892558536468,9.748947283739404e-07,5.77447907155165e-05,0.0007552094926252123,3.545627070617937e-05,3.30140124417774e-05,1.0569762255427533e-05,0.00014523177360604975,0.00015437419418348294,0.005548353876420508,0.0004419253822314325,0.006100639266570862,5.579316803717815e-08,3.697692704393118e-05,0.01586857473219956,4.158656897342238e-06,1.6361626230664612e-08,1.4103157291719914e-07
3,0.00022094851086181086,0.004106478215704058,2.665916934765385e-07,0.19674253898260582,2.4812789044938995e-05,6.0736137697435034e-05,4.187190395489897e-05,0.7704448448778904,1.1489506367452238e-06,6.337023277733907e-05,0.000693832649697107,3.5651237824942406e-05,2.6696572386976216e-05,1.3379034854559546e-05,0.0001795459260151005,0.00014558025380436156,0.004310938760315802,0.0003203370194738497,0.004867433844455966,6.601671586225206e-08,2.6753565006295317e-05,0.01766915610380932,3.4168494713627207e-06,1.4336857983351603e-08,1.8063644347495583e-07
4,0.000234257215504109,0.0041882929705867634,2.82377518525156e-07,0.19455724067422217,2.5275588723043383e-05,5.61360408451893e-05,4.1428132405450275e-05,0.7722213365238917,1.2170772057577057e-06,6.385216058874353e-05,0.0007165411906734599,3.659783845498365e-05,2.9395875178112173e-05,1.4710743974821346e-05,0.0001714133327841678,0.00013519083113419474,0.004042612950620718,0.0003303226886445615,0.004745903998219699,6.918645633766584e-08,2.759546505906103e-05,0.018356775605501557,3.352752097845864e-06,1.523929473824648e-08,1.8354041419740347e-07
5,0.0002270730953764493,0.0038530325041116146,2.8321419089884993e-07,0.23371794037522164,2.6414818529374202e-05,5.938271135946121e-05,4.214692346532996e-05,0.7369062937878689,1.1380238928609186e-06,6.445399733919691e-05,0.0006540766807028975,3.379934867230449e-05,2.9116375712502197e-05,1.3042405746387458e-05,0.00015580232416231428,0.00014671392028965644,0.004093692330066627,0.0004046056993615423,0.004844739676838382,7.474912964846052e-08,2.748941784544276e-05,0.014694578726217994,3.938248162603353e-06,1.6382557826487183e-08,1.542631781518786e-07
6,0.00022094851086181086,0.004106478215704058,2.665916934765385e-07,0.19674253898260582,2.4812789044938995e-05,6.0736137697435034e-05,4.187190395489897e-05,0.7704448448778904,1.1489506367452238e-06,6.337023277733907e-05,0.000693832649697107,3.5651237824942406e-05,2.6696572386976216e-05,1.3379034854559546e-05,0.0001795459260151005,0.00014558025380436156,0.004310938760315802,0.0003203370194738497,0.004867433844455966,6.601671586225206e-08,2.6753565006295317e-05,0.01766915610380932,3.4168494713627207e-06,1.4336857983351603e-08,1.8063644347495583e-07
7,0.00021622109775827218,0.004138043260822708,2.681171751144749e-07,0.19707183696836383,2.509519433153132e-05,6.155928266410371e-05,4.1901630273008945e-05,0.7701744711080409,1.1616865250898128e-06,6.440680692048207e-05,0.0006842902629813143,3.610333025470328e-05,2.59116695092903e-05,1.3663432023468835e-05,0.000180353788367543,0.00014900129620134384,0.004426551518766029,0.00031854442364255374,0.004854517647520227,6.609200290154129e-08,2.7033872427992662e-05,0.017485270306175037,3.526257323738399e-06,1.4552968706703984e-08,1.8639696016700847e-07
8,0.00010971228167288018,0.0021217586832547137,9.78538128585579e-08,0.10400394853768002,1.6116299943991695e-05,7.23218709750871e-05,6.595801415724403e-05,0.8619057945578538,9.097856306547178e-07,3.831556396957525e-05,0.0008128387256870428,2.0408348477695923e-05,2.2161593177065145e-05,7.068090236028615e-06,0.00015038669567072377,0.00010836514446198808,0.002232250646277225,0.00039299043849433195,0.00975698366365725,5.1871233936387975e-08,3.320583998942864e-05,0.018126259041876824,2.005291440774948e-06,5.433953303998785e-09,8.572641578899107e-08
9,0.0002995750711432266,0.002393565910513257,1.55121560849941e-07,0.15679424666483016,3.367859489851282e-05,0.00012455414512890794,0.00010454726169080638,0.8008457316035049,1.0166498937266481e-06,2.849549904293214e-05,0.0013496087746190301,2.9828236581134948e-05,3.181746667519024e-05,5.64692566716327e-06,0.00020464929371393596,0.00011597568222041784,0.00450798542364696,0.00048191644800945623,0.008307832318221853,5.811598485457483e-08,3.746343552144751e-05,0.02429843099250823,3.1151130268376403e-06,8.542079410755985e-09,9.670931681813563e-08
10,0.00022094851086181086,0.004106478215704058,2.665916934765385e-07,0.19674253898260582,2.4812789044938995e-05,6.0736137697435034e-05,4.187190395489897e-05,0.7704448448778904,1.1489506367452238e-06,6.337023277733907e-05,0.000693832649697107,3.5651237824942406e-05,2.6696572386976216e-05,1.3379034854559546e-05,0.0001795459260151005,0.00014558025380436156,0.004310938760315802,0.0003203370194738497,0.004867433844455966,6.601671586225206e-08,2.6753565006295317e-05,0.01766915610380932,3.4168494713627207e-06,1.4336857983351603e-08,1.8063644347495583e-07
11,0.0002346264311001268,0.004182830134516077,2.7662850474798444e-07,0.19748350814949453,2.5329561374896707e-05,5.8416210110552896e-05,4.308870985198201e-05,0.7688226917279335,1.1689576063652375e-06,6.224641869534094e-05,0.0007171801973004853,3.75771064068648e-05,2.968783836809333e-05,1.3499367097800541e-05,0.0001787238496375904,0.00014702169870295495,0.004269697056010042,0.000326101671927732,0.004892741602783245,7.013805701405271e-08,2.7087291045539892e-05,0.018442898932849488,3.3319040540834877e-06,1.5468954905475084e-08,1.8294761614183796e-07
12,0.0002631282417889264,0.004520632328401401,3.717260954764274e-07,0.1956408404109268,4.370399885329687e-05,7.775919914944945e-05,4.490498298062296e-05,0.7673844228317103,1.520167729835939e-06,7.464295055340401e-05,0.0009180236402711535,4.528954507914991e-05,2.7363628169217457e-05,1.8431694448649732e-05,0.00019570197715732318,0.00016191857291074702,0.006235715652999055,0.000348101980922226,0.004294219886552353,9.30148789958901e-08,3.41064207931003e-05,0.019663714235683822,5.0927669826580045e-06,2.231861556761423e-08,2.7782634655339354e-07
13,0.0002059061492174985,0.0036992191990302898,2.2258435524340028e-07,0.14369429969878922,2.1548554404722652e-05,4.6439942648850064e-05,3.440515274597974e-05,0.8231956115876508,9.960978943283816e-07,5.004202029277834e-05,0.0008038168290838857,3.736352669893348e-05,2.3287505680264998e-05,1.3915466280041459e-05,0.00017032552728222996,0.00011151797336770855,0.003723000423757552,0.00025500169906806275,0.004035557537970572,5.502143745719528e-08,2.3121472071092145e-05,0.019851787593393892,2.3697270813118807e-06,1.0553477064857141e-08,1.7815632011440212e-07
14,0.0002196790863671819,0.004060963515599561,2.653347277929841e-07,0.19422700763125963,2.4383265563396848e-05,6.084253183130693e-05,4.178562699774607e-05,0.773105365556389,1.1438424007827735e-06,6.290892678788163e-05,0.0006860572811358887,3.5785999860558224e-05,2.636340258549648e-05,1.3277785716289943e-05,0.00018024183898318857,0.00014635480457453554,0.004289382464223952,0.00031541280449320496,0.004791530653980803,6.56814879510468e-08,2.6241903028635113e-05,0.017681370598636184,3.374113041928872e-06,1.4130001310759681e-08,1.8122032557845197e-07
15,0.00022094851086181086,0.004106478215704058,2.665916934765385e-07,0.19674253898260582,2.4812789044938995e-05,6.0736137697435034e-05,4.187190395489897e-05,0.7704448448778904,1.1489506367452238e-06,6.337023277733907e-05,0.000693832649697107,3.5651237824942406e-05,2.6696572386976216e-05,1.3379034854559546e-05,0.0001795459260151005,0.00014558025380436156,0.004310938760315802,0.0003203370194738497,0.004867433844455966,6.601671586225206e-08,2.6753565006295317e-05,0.01766915610380932,3.4168494713627207e-06,1.4336857983351603e-08,1.8063644347495583e-07
16,0.00024842402299019256,0.004411420744021483,3.424557826396834e-07,0.22052568535825304,3.107765060073235e-05,7.530748049303513e-05,4.952387950860022e-05,0.7464348050647475,1.318758073878987e-06,7.124613862123395e-05,0.000722921066332198,3.728115098266848e-05,2.9745652657873923e-05,1.3459823382295741e-05,0.0001735457650129813,0.00017201074142938628,0.0052959847542316625,0.00036623459393684855,0.0050328634202326875,7.998750233381123e-08,3.244688873918732e-05,0.016269441040229506,4.615473645827438e-06,2.0144771377016392e-08,1.979438207631425e-07
17,8.65283716979762e-05,0.00503637299022966,1.4980257123366406e-07,0.1986753291042977,8.87980838366468e-06,8.879242902355598e-05,2.7931959408910885e-05,0.766536204700516,1.0029139568828683e-06,0.0001427642478727418,0.00027376701067075465,1.75330206201363e-05,1.5720496491462088e-05,6.7159227301406714e-06,0.0005113178370142996,0.00036887981619292647,0.0028589193616296283,0.00015195303008743593,0.008185274521112626,6.271061343145006e-08,9.485754913273859e-06,0.01699446842044013,1.7601825766948298e-06,6.6320698826299245e-09,1.7895487903498727e-07
18,0.00022068126677116885,0.004157643182571899,2.708733400078767e-07,0.1922694665385325,2.4803034603966227e-05,6.096297313935228e-05,4.210303541697997e-05,0.7744003361884955,1.1620062079984257e-06,6.422580933409984e-05,0.0006983523310925857,3.648255819145224e-05,2.6578635731106835e-05,1.3775825536289225e-05,0.0001818204062807628,0.00014859062757861983,0.004415877834890486,0.0003175198069135818,0.0048953944483208925,6.649582731078164e-08,2.7343000541987064e-05,0.017992885264765664,3.454303225552645e-06,1.4552353718401814e-08,1.8900033660819834e-07
19,0.00018232653597505653,0.00498469093769238,2.53451043835194e-07,0.2902259891562915,3.1558557722020244e-05,7.688272280360663e-05,4.185682909099833e-05,0.6762571815510618,1.6021054662358525e-06,8.231594064641464e-05,0.0005599757684390709,4.023465430185414e-05,2.5934884097845635e-05,1.5170998719116707e-05,0.0002360383678169521,0.00015326081199464883,0.003946142904868203,0.00026206287174834975,0.00452839741410444,7.582253975888481e-08,1.8840741825016294e-05,0.018325191426758817,3.7880316850557585e-06,1.6846475290143804e-08,2.1066683152960056e-07
20,0.00027825625433500195,0.004506062115304467,5.062989482130572e-07,0.260788392760429,4.3435400585454104e-05,8.934138741582706e-05,6.309646309378436e-05,0.7063664772931065,1.245858416108359e-06,7.725640493701256e-05,0.0006992690428570944,4.605712770724239e-05,2.460211803277519e-05,1.398251369689119e-05,0.00015121749858873715,0.00026003461342814766,0.009741234846145981,0.0005248843690014621,0.005641254986371576,7.979187276302522e-08,5.114579873317473e-05,0.010623283959418308,8.608060909338379e-06,2.9723479874377938e-08,2.4531318537115086e-07
21,0.00027000602379069813,0.003726840083818549,3.8714285571976343e-07,0.1922381473688728,2.4646866091097238e-05,4.0641459216364824e-05,3.746641773272895e-05,0.7805911546479699,9.641751987025455e-07,5.7703413563697265e-05,0.0006419844335323761,4.316574462053875e-05,2.9740107362502464e-05,1.5843347689883267e-05,0.00010660744133765234,0.0001652131488384917,0.005086474639006494,0.00045913491941438364,0.0036490593987006897,7.77220825688713e-08,3.167303590674623e-05,0.012778803130199133,4.070005224210411e-06,1.9691838185933344e-08,1.7563513561874853e-07
22,0.000127394495967575,0.00638099939426817,1.423523372055214e-07,0.27628047521856847,3.1726940609468726e-05,9.07904740562605e-05,7.530263294545168e-05,0.670022077521776,4.010418788365679e-06,7.605282214127507e-05,0.000516235576966527,4.847844801355209e-05,2.9008426761591866e-05,1.5176093695966535e-05,0.000453963885564846,0.00015469499814639297,0.002211088965815837,0.00015437316285367097,0.008023854803177516,6.6379680914843e-08,1.327315999610975e-05,0.03528816280936077,2.3296121976830785e-06,1.849462196772594e-08,3.029116883795293e-07
23,0.00022094851086181086,0.004106478215704058,2.665916934765385e-07,0.19674253898260582,2.4812789044938995e-05,6.0736137697435034e-05,4.187190395489897e-05,0.7704448448778904,1.1489506367452238e-06,6.337023277733907e-05,0.000693832649697107,3.5651237824942406e-05,2.6696572386976216e-05,1.3379034854559546e-05,0.0001795459260151005,0.00014558025380436156,0.004310938760315802,0.0003203370194738497,0.004867433844455966,6.601671586225206e-08,2.6753565006295317e-05,0.01766915610380932,3.4168494713627207e-06,1.4336857983351603e-08,1.8063644347495583e-07
24,0.00017943029480656643,0.004737446890489587,2.0982441279908077e-07,0.25701233133296886,2.1438490168063437e-05,4.805136498582717e-05,3.5327536563014095e-05,0.712066871507737,1.0573460761531883e-06,6.633199424102314e-05,0.000553103397703006,3.106246216917635e-05,2.578320787465866e-05,1.3595644225382571e-05,0.00017236653817820707,0.00012845200878587799,0.003564440757584898,0.00031468129216574253,0.005261757611345621,5.65686741643061e-08,2.235699258561606e-05,0.015740507620082476,3.1804884025919997e-06,1.2511051098295178e-08,1.463167225935804e-07
25,0.00027242958809401904,0.007778292231079921,3.7245184108210554e-07,0.28348095564098563,3.1098536077126835e-05,9.992557750605261e-05,5.2107439042801966e-05,0.6657352007366726,1.906661444387276e-06,0.00012108475840063509,0.0006939360264460231,4.293601987634217e-05,3.638564541598652e-05,1.738956049656781e-05,0.0003765761871015595,0.00024229613359954622,0.006433855871290761,0.0002976347240802535,0.007979716379632311,8.678624453469145e-08,3.116212623655728e-05,0.026269415129647967,4.88135478628941e-06,2.4717937732984854e-08,3.2971606340250527e-07
26,0.0003500914598657409,0.0046917282536490254,5.708112602544237e-07,0.31853374095632425,4.8165032695652586e-05,8.79014037227515e-05,5.2603879197497274e-05,0.6501361652044441,1.8287517224668276e-06,9.001572574636154e-05,0.0007302666040379,4.035242541354637e-05,3.703895040554601e-05,1.7767931977900525e-05,0.00015037461341322348,0.00019140902601603844,0.006500670410208396,0.000587579843098316,0.004594954816258763,1.1721586342911107e-07,4.252625077706396e-05,0.013105298607807849,8.569146555353892e-06,4.094141630947452e-08,2.2173812235751195e-07
27,0.0003546983131128953,0.004225813912432042,8.750628674024919e-07,0.2051628643948105,4.8236736962989315e-05,5.332577264218435e-05,5.5037138799716825e-05,0.7485161555619693,4.536220387311687e-07,6.431329192400089e-05,0.0012480424269854184,4.600447176923861e-05,2.6339293529275613e-05,1.5104337346795838e-05,7.948204431480331e-05,0.00026832597491124627,0.02746660188464612,0.0008811927979488329,0.005589975018483467,8.89695523791891e-08,0.00012377487682024854,0.005758395131570964,1.4658146285248264e-05,2.989513800400456e-08,2.1092313823239777e-07
28,0.00022094851086181086,0.004106478215704058,2.665916934765385e-07,0.19674253898260582,2.4812789044938995e-05,6.0736137697435034e-05,4.187190395489897e-05,0.7704448448778904,1.1489506367452238e-06,6.337023277733907e-05,0.000693832649697107,3.5651237824942406e-05,2.6696572386976216e-05,1.3379034854559546e-05,0.0001795459260151005,0.00014558025380436156,0.004310938760315802,0.0003203370194738497,0.004867433844455966,6.601671586225206e-08,2.6753565006295317e-05,0.01766915610380932,3.4168494713627207e-06,1.4336857983351603e-08,1.8063644347495583e-07
29,0.00022094851086181086,0.004106478215704058,2.665916934765385e-07,0.19674253898260582,2.4812789044938995e-05,6.0736137697435034e-05,4.187190395489897e-05,0.7704448448778904,1.1489506367452238e-06,6.337023277733907e-05,0.000693832649697107,3.5651237824942406e-05,2.6696572386976216e-05,1.3379034854559546e-05,0.0001795459260151005,0.00014558025380436156,0.004310938760315802,0.0003203370194738497,0.004867433844455966,6.601671586225206e-08,2.6753565006295317e-05,0.01766915610380932,3.4168494713627207e-06,1.4336857983351603e-08,1.8063644347495583e-07
30,0.00022094851086181086,0.004106478215704058,2.665916934765385e-07,0.19674253898260582,2.4812789044938995e-05,6.0736137697435034e-05,4.187190395489897e-05,0.7704448448778904,1.1489506367452238e-06,6.337023277733907e-05,0.000693832649697107,3.5651237824942406e-05,2.6696572386976216e-05,1.3379034854559546e-05,0.0001795459260151005,0.00014558025380436156,0.004310938760315802,0.0003203370194738497,0.004867433844455966,6.601671586225206e-08,2.6753565006295317e-05,0.01766915610380932,3.4168494713627207e-06,1.4336857983351603e-08,1.8063644347495583e-07
31,0.00022725769404635925,0.0032465882580729123,2.5845425164586437e-07,0.14366962239411823,1.6330101930216354e-05,4.009208275108988e-05,3.53647848799183e-05,0.8303891117680963,7.081681522061789e-07,4.53493658812219e-05,0.0005929252655270599,3.1073453442866594e-05,2.3494348466211855e-05,1.0217420422800615e-05,0.00011740324484795556,0.00013286807211428006,0.003962554304959735,0.0003015091599425012,0.0035998920456968933,5.1143647319629485e-08,2.447388306821869e-05,0.013530131454699376,2.5814655624092473e-06,1.0107912789713106e-08,1.3155750944763964e-07
32,0.00021697289190005672,0.004211584431000147,2.604864941466981e-07,0.19993981211795103,2.468891998550868e-05,6.0607208651413744e-05,4.348357139919058e-05,0.7660045723110733,1.1640835389990976e-06,6.457092894168311e-05,0.0006987244644076586,3.559540501740228e-05,2.8077455030804193e-05,1.3158764864175747e-05,0.00019193124778205955,0.00015303396316600746,0.004259197736767843,0.00032442209219951234,0.005457100792422671,6.773271667383674e-08,2.7689354533440307e-05,0.01823972534825562,3.3607361973481405e-06,1.4705498900709006e-08,1.8325020437792397e-07
33,0.00018973203679882754,0.005248861547620938,4.0098172968191267e-07,0.22077209403195977,3.954915393066567e-05,0.00014047151327318917,5.112915905357823e-05,0.7396469961275103,2.9250411606024375e-06,0.00015567640887293732,0.0006835935894374381,3.069691126792067e-05,2.3647015211245623e-05,2.2632107574517317e-05,0.0003961174718318498,0.00019620145151704648,0.004450255851085041,0.0003113776494600864,0.006921219156413689,1.1213173137777392e-07,3.289084060781484e-05,0.0206767456514294,6.2727509713403146e-06,2.1855841338659442e-08,3.7956370926776744e-07
34,0.0004944871221160996,0.002857001786044606,3.773454544150804e-07,0.18942070039296904,3.069832690946858e-05,6.0433037515062734e-05,5.168338691436575e-05,0.7766742193286742,1.283893092729485e-06,5.0246500566521426e-05,0.0011659346631689984,2.4342548847140867e-05,4.354305728642707e-05,1.0220435733828914e-05,0.00018378280235921903,0.00010375136864672448,0.0033649723095269955,0.0005897334179154056,0.006593635707259534,7.240473887746072e-08,3.9212453738605475e-05,0.018236345348270004,3.18866220094134e-06,1.6570430827794126e-08,1.1712961983656059e-07
35,0.00017755761691044017,0.00728189492949422,3.576830483136814e-07,0.3214460585885625,5.7447293801698825e-05,9.475281262530046e-05,4.637594369322076e-05,0.6356363474171564,1.8945944779118577e-06,0.00010700707603316823,0.0008641297639328971,4.061693384196726e-05,2.818858731030386e-05,2.1714639574119562e-05,0.0003839417071002841,0.0001814555895055987,0.0073367694812372245,0.0002427255907921557,0.00615065229290067,1.2293851923876915e-07,3.167096237912818e-05,0.0198608008547553,7.107751207830508e-06,2.6918648548753234e-08,3.8203249138547524e-07
36,0.00011585838371729339,0.0032779874307498924,1.414731667008935e-07,0.11817566105613096,8.933550384260266e-06,3.7935133164683634e-05,2.979737352696154e-05,0.8536650748609693,7.937757579295375e-07,5.3239983459243644e-05,0.00034774461698268297,3.5176131562158015e-05,1.6841694211055096e-05,1.1376730618431758e-05,0.00013728903368615415,0.0001592824667537317,0.002697353492092676,0.00019940070309510305,0.003400363186958003,4.3048619800258006e-08,1.2546185930223757e-05,0.017615514965775812,1.4952053706757585e-06,5.913160124498309e-09,1.4360415619176088e-07
37,0.0003898301196735624,0.004186452226853413,4.77550358791369e-07,0.22775935633072764,3.59941452242859e-05,5.6792565249668253e-05,4.858582404511602e-05,0.739768836771327,1.384115831951862e-06,6.377623306037553e-05,0.0008392636302738333,4.473128744744837e-05,3.9827590080766676e-05,1.699170956455817e-05,0.00013071209857885114,0.00014649703220913815,0.005401038039904642,0.0005110472619856134,0.00418961884964554,8.808977837246681e-08,3.806681740171936e-05,0.016325493141682433,4.918006397204667e-06,2.662700103643666e-08,1.9393569708965892e-07
38,0.0002215733855432523,0.004461645469833346,2.686430368864368e-07,0.2016159661204136,2.837557077019728e-05,5.350757026864312e-05,3.745426422836198e-05,0.7650198516214123,1.2052159423999545e-06,6.163533740512398e-05,0.0007467186204434577,3.797141111927236e-05,2.587525638050687e-05,1.556051866424747e-05,0.0001698728536668908,0.0001228176657062074,0.004311084230428969,0.00029182118152745664,0.004313651637224931,6.224813300747556e-08,2.5903229815056663e-05,0.01843368317283289,3.2889689491714743e-06,1.461863724076332e-08,1.9118761656380807e-07
39,0.00024876474156398736,0.015475213490555561,3.3216172786135383e-07,0.575770646327897,7.234665939363192e-05,6.574583017017203e-05,3.601019664169051e-05,0.3649553255649509,4.0590258281686795e-06,0.00017055214118666504,0.0008187507563609509,3.4091478135210335e-05,4.530036311732885e-05,3.755587576182231e-05,0.0004756271546827171,0.00010497037993076763,0.004737111219471868,0.0003190337312481877,0.00958203601322817,9.99761438659252e-08,2.7499625296921564e-05,0.02701201504152878,6.504904742095485e-06,4.319047641128169e-08,3.64149959163626e-07
40,0.00030057044756020017,0.005080174937299058,3.346794403233973e-07,0.17222730737732933,3.159457428704761e-05,7.66880315764967e-05,4.508303942119591e-05,0.7845606580652446,1.3779251038861776e-06,6.381746083205995e-05,0.0009576021251549839,5.321234082043058e-05,2.7912812071644507e-05,1.6336463678498623e-05,0.0002669664450552299,0.00014214398682353945,0.0055938383456389405,0.00023375119717653183,0.0040557377497581065,6.803211154999072e-08,2.4852902920134682e-05,0.02623639243925505,3.2695375598424676e-06,1.5019879470225304e-08,2.940640019480199e-07
41,0.0001912147102253861,0.004101261296818162,2.8417203288715673e-07,0.06471554934116233,1.0615461758011555e-05,3.0504780306767173e-05,4.399561056807398e-05,0.8963806923015265,6.503473376674929e-07,5.008588171630752e-05,0.0007029476039072081,4.151904400675134e-05,3.220813694946936e-05,1.733562887249851e-05,7.68086551586538e-05,0.00021957202135132874,0.006903742490846797,0.0003907601647138664,0.005471185337125625,7.113866543848741e-08,6.13875742118491e-05,0.020554234390552314,3.13124780169911e-06,1.4801387640932729e-08,2.278609968873668e-07
42,0.00047627622581848097,0.0030556495331275223,1.470917581915711e-06,0.536857026860593,0.00010954902626914368,6.676141712652187e-05,3.111386276432241e-05,0.44505282939095403,2.13610629843186e-06,0.000118748580802208,0.0007851752306368985,2.103830455172016e-05,1.591337607117226e-05,5.1687212130779314e-05,5.5075009712646774e-05,5.3401554253646436e-05,0.00652895692093565,0.0024646534804154234,0.002093553673048979,1.1108499720069073e-07,8.13313237830364e-05,0.002026153761956915,5.117547283921217e-05,5.433211719459024e-08,1.5734121388276885e-07
43,0.00025495694581288036,0.0044103914096642,2.699064114999055e-07,0.20763269830147005,2.5581079632613676e-05,5.126985228032912e-05,4.361102940801492e-05,0.7590717450304405,1.0395058576488985e-06,5.22493758894954e-05,0.0007399040028902085,4.1183996641764e-05,2.8929985712924363e-05,1.3199710294921476e-05,0.0001588857611067106,0.0001374345772678142,0.0048262260716434875,0.00033424448871196427,0.004528372816366668,6.05626002529862e-08,2.6774528515936953e-05,0.017617455408439668,3.3302544971965643e-06,1.4769601994582787e-08,1.7062884127505557e-07
44,0.00022094851086181086,0.004106478215704058,2.665916934765385e-07,0.19674253898260582,2.4812789044938995e-05,6.0736137697435034e-05,4.187190395489897e-05,0.7704448448778904,1.1489506367452238e-06,6.337023277733907e-05,0.000693832649697107,3.5651237824942406e-05,2.6696572386976216e-05,1.3379034854559546e-05,0.0001795459260151005,0.00014558025380436156,0.004310938760315802,0.0003203370194738497,0.004867433844455966,6.601671586225206e-08,2.6753565006295317e-05,0.01766915610380932,3.4168494713627207e-06,1.4336857983351603e-08,1.8063644347495583e-07
45,0.0007362271827109622,0.015132962126813792,1.6902744839565467e-06,0.15703121597087913,3.935174548971112e-05,4.4314298302644714e-05,3.16769573963054e-05,0.7706733724503888,1.3656835804092724e-06,0.00016015177374679337,0.0015694843583446195,7.888011385172364e-05,5.07244337142391e-05,9.144221669230998e-05,7.291062166538253e-05,0.0001996393926332801,0.0267124529187592,0.000940859395015624,0.004483264800071161,1.0674766014023885e-07,0.00018897630990812994,0.021742199830838877,1.60095254413338e-05,6.387821061324369e-08,6.569934008318714e-07
46,0.0002111481869452467,0.003964999954179702,2.6823597009132573e-07,0.19561702926517813,2.517017139425243e-05,6.297531635569037e-05,4.2036107265499795e-05,0.7722836159101153,1.271031161850097e-06,6.810436057729618e-05,0.0006859218945946822,3.2996952466009634e-05,2.651453268866775e-05,1.4103637755378647e-05,0.0001795291453561776,0.0001393855915890032,0.003877804175062715,0.00033788439488066576,0.005087039640043539,6.881397189884081e-08,2.7543292348731392e-05,0.017310897323237283,3.498991514439716e-06,1.4467821355040287e-08,1.786075260989626e-07
47,0.00027324994186686546,0.006170992200422472,2.444919297448759e-07,0.15425113036201824,1.8397236355754772e-05,4.866449710352493e-05,4.437176810163126e-05,0.7956015560403255,1.0156335040560722e-06,5.536948862145046e-05,0.00067591787301856,5.809140085167008e-05,3.845508613683576e-05,1.1277965867784201e-05,0.00022697757001432747,0.0002270081050624902,0.005303044480412098,0.0002049123483012578,0.004665272976546767,6.743965342570895e-08,1.879521033380734e-05,0.03210305800622075,1.8747761521139076e-06,1.4807160654379467e-08,2.4029401812214025e-07
48,0.0003714791475547667,0.0011360220607756122,3.991123398870463e-07,0.17146978592045237,0.00013162445769812986,0.00026309781689648194,0.00011646121956630528,0.7916015030215152,7.3648013074170375e-06,5.340292164466546e-05,0.002273146894617319,4.837253283469507e-05,3.677598962601791e-05,1.4624098381102257e-05,0.0002850442742546189,0.00012342288017757312,0.002006753544569498,0.0008233489329311302,0.007478861247113483,2.0102945781754546e-07,4.515191035615164e-05,0.02170467398820957,8.094933289298775e-06,5.642311034737974e-08,3.308413205597335e-07
49,0.00022720834056779736,0.0037381476829374738,2.888288434890866e-07,0.19339225031434612,2.527925380645592e-05,7.351925862499766e-05,4.5801823902291725e-05,0.7754151761828149,1.1760051790526531e-06,5.9266595527469025e-05,0.0006975038300525179,4.118890553221969e-05,2.7105002341356573e-05,1.2823913856665843e-05,0.0001664183133936462,0.00014982891265453904,0.00442457470942461,0.0003171286499615136,0.003952446736919228,7.385914929051204e-08,2.4793519147707026e-05,0.017204163730362522,3.6391210508238216e-06,1.4854342590814168e-08,1.8165526082957977e-07
50,0.0002231701638166115,0.004122243052508995,2.6833352858517717e-07,0.19842669301416113,2.5092837165636726e-05,6.110844952757944e-05,4.20995897414911e-05,0.7686572656178648,1.1475571691805453e-06,6.316670786569714e-05,0.0007000459354323604,3.587703650915599e-05,2.6851336208420646e-05,1.3355664326009337e-05,0.00018005801999800683,0.0001464881656454476,0.004377051753358661,0.0003231082513500619,0.0048814883472524115,6.644406193000445e-08,2.6957764303518752e-05,0.017662739262666705,3.4610517344311705e-06,1.4524273161958883e-08,1.811195300229704e-07
51,0.0008095685539313957,0.001620686144099188,1.0866475514420634e-06,0.09588880965232746,0.00011038671185621052,0.0004022658004527939,0.00022818201390183585,0.8440350606319489,2.927896980744202e-06,6.127359471418554e-05,0.00250363438310532,7.893871094046276e-05,3.829317583145257e-05,1.1382091077743092e-05,0.00024545161508134436,0.0005022343651748939,0.021884887428260374,0.0008596710819392653,0.008603409802535994,1.819090226176485e-07,0.00016184926601840418,0.021927324347676854,2.1719810943462003e-05,9.109688792531712e-08,6.832677398960536e-07
52,0.00018954296819849272,0.0033457456323611173,2.2478592862207488e-07,0.19453705120123646,1.6631916511786004e-05,5.88821150491381e-05,3.074818927161047e-05,0.7760606507065492,1.1082350035798346e-06,8.164833943657625e-05,0.0005415401576333644,2.489958752840331e-05,2.6578684590662484e-05,1.167837553816353e-05,0.0001856236791623844,0.00014969772585216357,0.0026768426373930706,0.0003594186921070641,0.00511555680195043,7.124231224120321e-08,1.9392350679328573e-05,0.016563773376958312,2.5495169401110472e-06,1.1320083081817782e-08,1.3176172485315513e-07
53,0.00016480464390352783,0.0027042594085790145,1.9063472158978952e-07,0.14281183200075423,1.8585470319999806e-05,6.702150693804034e-05,5.3091170150236576e-05,0.8309182373111066,1.0322989915177905e-06,4.093992038981896e-05,0.0005575761662418963,3.554396549886168e-05,1.8528900060522308e-05,9.957365845007608e-06,0.00015358773741860207,0.00012893478231585292,0.0034079638105049743,0.00025663840073216333,0.0035871450410056094,5.372156264658738e-08,2.023527130732975e-05,0.015040778693361971,2.9026306263680196e-06,9.023365744437946e-09,1.5012429801652175e-07
54,0.00013498812944630757,0.006640691984552172,2.3955946788685205e-07,0.1533432620674327,1.9481377923817348e-05,5.635573433511493e-05,3.507334077437916e-05,0.8027972871297547,1.5044063882189907e-06,9.822537379854273e-05,0.0004959204215434584,4.985604517896469e-05,2.121263564293394e-05,1.9424279403505817e-05,0.00030477703069986653,0.00024213919242846625,0.004604895788014793,0.0001603119630431207,0.004940283317006696,7.259679527664041e-08,1.7906737347065208e-05,0.026013183277143716,2.500561159991745e-06,1.4106778656840464e-08,3.929439395877473e-07
55,0.0002529208206109542,0.0032819049341256657,2.780842616762957e-07,0.23432547042107005,3.591171414291853e-05,6.736522750470983e-05,6.441863964999452e-05,0.7375386913940125,1.5932546713940116e-06,4.396289935711705e-05,0.0007127714395912715,5.364250563507248e-05,2.8776383241230062e-05,1.2760702138661035e-05,0.00013243002267522574,0.00013244248973671974,0.0037686986940821125,0.00042348364395943525,0.004045631660639007,6.79010435170272e-08,2.574308205582639e-05,0.015047046757624711,3.805118019205638e-06,2.0106222216142624e-08,1.6210392858774394e-07
56,0.00022986037483439093,0.004126174244956629,2.722074930196967e-07,0.19431256300502908,2.4804034292504412e-05,5.944473693342655e-05,4.2524627646822016e-05,0.7725373069353542,1.1670029824073557e-06,6.245253100695358e-05,0.0007073530398844683,3.659963717903588e-05,2.797205995424053e-05,1.3633917011262126e-05,0.00017675855626629882,0.00014292232998728963,0.004241151849471548,0.000324892988514649,0.004822122518486833,6.70104830462115e-08,2.70892991336491e-05,0.018079296605875306,3.3743902337695797e-06,1.4705817596974505e-08,1.8139117152171784e-07
57,0.00019429529256081502,0.0050559090467369,2.42850877507921e-07,0.17936574752615694,2.272696281346169e-05,5.084486340444625e-05,4.811626724341502e-05,0.7790197328289615,1.1243490718783706e-06,6.638526108580847e-05,0.0007217215737538128,4.037796126300674e-05,3.530185594451312e-05,1.315199507755485e-05,0.00020273156181146342,0.00019211894532574888,0.004438353706173813,0.0003027572286090833,0.00782186295172834,7.084017963251048e-08,3.361496702823489e-05,0.022369844678645234,2.7426107616989654e-06,1.620669117712363e-08,2.0766809391483957e-07
58,0.0002502040086029673,0.004676080602415295,3.2234414619482686e-07,0.22472124308634453,3.0636384665685944e-05,6.577347520069938e-05,4.757273767208944e-05,0.7393186764650893,1.3756473386101176e-06,7.098232374420142e-05,0.0007546917580303068,4.0296304442969697e-05,3.344043187893372e-05,1.4819220467224046e-05,0.0001967643601601566,0.0001698557835026729,0.0048637269212561925,0.0003612524761186234,0.005508707061862026,8.459216719425252e-08,3.1135666254826075e-05,0.018838012522285726,4.112020727429273e-06,2.0878039891515818e-08,2.1292758607370554e-07
59,0.00024704557229261623,0.004673807292797932,3.322847619304242e-07,0.21943776410455998,3.098571537226787e-05,6.606112681947738e-05,4.5847573780552676e-05,0.7454552523474736,1.366130655971589e-06,7.284387542019897e-05,0.0007483612931124499,3.98051312037547e-05,3.131545370689245e-05,1.546901839083057e-05,0.00018639802919306862,0.00016714519191880572,0.005042190378219678,0.00036206989749658423,0.0052265061315592545,8.247871919263342e-08,3.188935164863907e-05,0.018112928535071057,4.296075553489986e-06,2.0587210187261884e-08,2.1642306159701687e-07
60,0.00022094851086181086,0.004106478215704058,2.665916934765385e-07,0.19674253898260582,2.4812789044938995e-05,6.0736137697435034e-05,4.187190395489897e-05,0.7704448448778904,1.1489506367452238e-06,6.337023277733907e-05,0.000693832649697107,3.5651237824942406e-05,2.6696572386976216e-05,1.3379034854559546e-05,0.0001795459260151005,0.00014558025380436156,0.004310938760315802,0.0003203370194738497,0.004867433844455966,6.601671586225206e-08,2.6753565006295317e-05,0.01766915610380932,3.4168494713627207e-06,1.4336857983351603e-08,1.8063644347495583e-07
61,0.00026131314331693443,0.004443860076628117,3.5029977735277794e-07,0.21279774702759488,3.17217575612886e-05,6.586843207451449e-05,4.7016068224671455e-05,0.7528646424608023,1.3853293149624583e-06,7.088878764359602e-05,0.0007758376031411248,3.957563179135034e-05,3.1530582854119974e-05,1.5608197679096095e-05,0.00017728451884643955,0.0001589592060350217,0.004990681028463063,0.00037732198472476225,0.005131014517921266,8.100254594028871e-08,3.3718373344505286e-05,0.01767899964514231,4.360920933806883e-06,2.0826434406538654e-08,2.1257720427691417e-07
62,0.00022094851086181086,0.004106478215704058,2.665916934765385e-07,0.19674253898260582,2.4812789044938995e-05,6.0736137697435034e-05,4.187190395489897e-05,0.7704448448778904,1.1489506367452238e-06,6.337023277733907e-05,0.000693832649697107,3.5651237824942406e-05,2.6696572386976216e-05,1.3379034854559546e-05,0.0001795459260151005,0.00014558025380436156,0.004310938760315802,0.0003203370194738497,0.004867433844455966,6.601671586225206e-08,2.6753565006295317e-05,0.01766915610380932,3.4168494713627207e-06,1.4336857983351603e-08,1.8063644347495583e-07
63,0.00022180369607930513,0.004657562903864771,2.6588351467064827e-07,0.20580607919050956,2.4510892894489954e-05,5.84320427401384e-05,4.1854545846284645e-05,0.7594149532589496,1.1441452129455904e-06,6.595263795483613e-05,0.0006892753025626792,3.74479616930184e-05,2.8315533756124134e-05,1.3763051191357033e-05,0.00019146842528991638,0.00015442154297932382,0.004521135072208711,0.00031087701898791143,0.005185842691743621,6.688367530885132e-08,2.6819061564778905e-05,0.018544404318817792,3.398241431503707e-06,1.4963372419618272e-08,1.9073315908275278e-07
64,0.0002401135321191125,0.004280294613161568,3.0899641246942516e-07,0.18531299404210386,2.7486503456980438e-05,5.858331693421067e-05,4.734361260644949e-05,0.7802009256630472,1.1437777438060095e-06,6.280508232494808e-05,0.0007855305918633581,3.8197473124480024e-05,2.96339547048545e-05,1.4675442796700068e-05,0.00016589746034937033,0.00015400082785155567,0.005113592821929651,0.0003655294750333812,0.005503042173231358,7.072925274960106e-08,3.637677613852409e-05,0.01755726008940049,3.976632286837829e-06,1.6853931039292493e-08,1.9955819502984937e-07
65,0.00016803996627188402,0.0074288124620648845,3.676486619461426e-07,0.16093712085814624,2.1750580219929045e-05,4.136407375799748e-05,3.110911079663482e-05,0.7965134150711487,2.1178658631067588e-06,0.00012457920055070288,0.0005025635520034562,4.548356918566223e-05,3.398721442381198e-05,3.2218586684349785e-05,0.0001791486454364329,0.00019024564751371918,0.0037158234909342377,0.00023653054480540333,0.004109551424464652,1.0988278387678892e-07,2.2718154434728215e-05,0.025659642933859406,2.9131817002809566e-06,2.202574308849299e-08,3.6430854495590614e-07
66,0.0001990234544096737,0.002047925400641325,2.310001011350097e-07,0.11148429848369637,1.768563775390053e-05,3.807948360781417e-05,3.026951148090837e-05,0.8657230622345782,7.961595994527473e-07,4.208917873991065e-05,0.0006552775828445398,2.4845765865582897e-05,2.648951193640543e-05,8.661910936111238e-06,9.90731718570455e-05,9.356574346484144e-05,0.0020917534140262616,0.00027554063833442564,0.0028022224025813936,6.470765673950902e-08,1.696729980126512e-05,0.014320486221128513,1.4875691246981205e-06,7.9333761290318e-09,9.558245732238862e-08
67,0.00022094923294576745,0.0041064521231368185,2.665974034253466e-07,0.19674356039412064,2.481288047908671e-05,6.073619804570515e-05,4.187174178946578e-05,0.770444202095792,1.1489458616750452e-06,6.33708619595214e-05,0.0006938304228993759,3.565093932813575e-05,2.669667170929158e-05,1.3379131706184014e-05,0.00017954312060014524,0.00014558152659990015,0.004310981008615784,0.0003203442058592321,0.0048674077204353865,6.601811780658801e-08,2.675401128593497e-05,0.017668782232161794,3.4169458895459625e-06,1.43371243570297e-08,1.8063613306741586e-07
68,0.00017299454841099605,0.0041369152695380305,8.04728912478469e-07,0.4583260850915871,9.425870044712819e-05,0.0001985259520253223,4.977854583255141e-05,0.5180029586866178,6.242073645397602e-06,0.0001956766977206018,0.0005257795452665755,5.344145584369893e-05,2.377109135282093e-05,4.846328373020819e-05,0.00021145473931908964,0.00014479416882935727,0.004175408850919265,0.00043692684526262224,0.002265112976101553,2.4637336646766657e-07,2.251848368203463e-05,0.010891321581968929,1.5995917921747017e-05,5.9510152729809626e-08,4.648815455717858e-07
69,0.00023297419723199625,0.0044938549444622465,2.601350310148989e-07,0.21139979676158518,2.6806857856586694e-05,6.293781480788461e-05,4.338546018398246e-05,0.7532416178043531,1.1821097112680483e-06,6.304667398125426e-05,0.0007296089852133049,3.727752256827425e-05,2.7912325596301575e-05,1.3060622215854654e-05,0.00019878930520547024,0.00014621241970904202,0.004563886701606829,0.0003050725552669348,0.00512594463130256,6.424645135594764e-08,2.607724840035359e-05,0.01925667768805216,3.352680733711263e-06,1.4677031224748124e-08,1.856314421952389e-07
70,0.00017532803611125454,0.0026246034329385232,2.0968215266250092e-07,0.3332541163951373,4.437627023706907e-05,7.10728724655422e-05,3.5399111832121333e-05,0.647461398611862,1.7476038468779776e-06,4.298921342028708e-05,0.000594025012185448,2.6877930807592987e-05,1.6308543163767507e-05,1.3243711370859727e-05,0.00015746090325760787,4.4633420177104174e-05,0.001938807853276033,0.00021714309317236006,0.001979413306811691,5.0957193700303504e-08,1.1678807714442338e-05,0.011285540834757912,3.455355712663998e-06,9.744801336049363e-09,1.0929559371260844e-07
71,0.0002675424151437512,0.00429250952354036,2.56164009954459e-07,0.22452231452747876,2.221985817132769e-05,6.499361910536638e-05,4.173681199561813e-05,0.7383285376300737,9.651532726372707e-07,5.9825531587008134e-05,0.000727662798391273,3.6095663776481994e-05,3.0252165232300184e-05,1.0509981089328742e-05,0.0002244663243735145,0.00015758468355110155,0.004809098237719529,0.0002944058269879617,0.005359312351633064,5.911914349006847e-08,2.3052230265437193e-05,0.02072347650635591,2.940871226569301e-06,1.3250615218494019e-08,1.6875526026744353e-07
