,0,1,2,3,4,5,6,7,8,9,10,11,12,13,14,15,16,17,18,19,20,21,22,23,24
0,0.00022090169821973064,0.0036388554805003707,2.7309468624646173e-07,0.17743202099722225,2.2953860277652028e-05,3.976668475144537e-05,3.949286537100195e-05,0.7954971094485505,7.960531725659478e-07,4.8002492055360655e-05,0.0006733203927005873,3.3623280501230255e-05,2.497576773504478e-05,1.2309677062488552e-05,0.0001088573525528958,0.00013526532997498047,0.004772951935635688,0.0003890643809959814,0.004353221078375742,5.726787844363087e-08,3.228010685106877e-05,0.012520254215202977,3.493712937768482e-06,1.3349155924013734e-08,1.3947763218643903e-07
1,0.00015434201715322103,0.003493280038936629,2.829266449431754e-07,0.14577845586322696,1.9673709662155764e-05,6.171903894219562e-05,4.544274470745788e-05,0.823171199124858,1.631842227668028e-06,9.33026936134445e-05,0.0005687919974857866,2.56677919101783e-05,2.6748927747640934e-05,1.7285322051347285e-05,0.00014951439720807777,0.00016447185014091293,0.002960256361838756,0.0004307327539530573,0.006924609734395438,8.450052880645045e-08,3.7460318913595595e-05,0.01587118825909048,3.6531698325971856e-06,1.576500222827538e-08,1.8884992824748651e-07
2,0.00025589109959440716,0.003988266035782415,3.1009233114409103e-07,0.1937333733600855,2.1550755798395882e-05,6.650003976771152e-05,5.441835464162767e-05,0.7726404010179732,1.1429614837962864e-06,6.753236463536195e-05,0.0007419197893339618,2.9569880118338222e-05,3.3418992526563254e-05,1.28036609434544e-05,0.00012706271867365528,0.00015029152177744733,0.004570750519425493,0.0005300152081157258,0.007311645318017436,6.211990331359747e-08,4.766050042583817e-05,0.015610910502833522,4.3430448304235825e-06,1.6706724203262232e-08,1.4343425711274426e-07
3,0.00018397971612317158,0.003740604280355774,2.693819936430438e-07,0.1567419596617021,2.0749405780600735e-05,5.7404054424009266e-05,4.262644568967872e-05,0.8114285508592586,1.362351998024838e-06,7.598077354851767e-05,0.0006548145172324175,2.8587359774758693e-05,2.711905540899391e-05,1.653510815879159e-05,0.00014910031843449833,0.00014014524493666993,0.003419021677290438,0.0003985208802379499,0.005845761402342246,7.430509500656487e-08,3.4476777957101726e-05,0.016988582796246644,3.5803721320768333e-06,1.4525879020437826e-08,1.7872799920999634e-07
4,0.0001923662028001506,0.003826331539429038,2.831201970707512e-07,0.15545357533029044,2.098641334688077e-05,5.2911203250590514e-05,4.202672267117563e-05,0.8123671806348263,1.4568055895758062e-06,7.761675042648382e-05,0.0006669213831110418,2.9022020469440963e-05,2.9877543662140743e-05,1.8349763918497124e-05,0.0001415125046118487,0.00013044572972725307,0.003168525753789036,0.0004152875014250768,0.005713175557970991,7.877913874675559e-08,3.526286012590758e-05,0.017613089627156214,3.520166169056189e-06,1.5389276440513925e-08,1.8069662069769417e-07
5,0.00019016001306351716,0.003555664291134203,2.883821986478668e-07,0.18843805707611386,2.2482491585977304e-05,5.697241252826944e-05,4.32209122023381e-05,0.7827692740748258,1.396310771254947e-06,7.891480629363805e-05,0.0006217222395888722,2.7142778669013036e-05,2.9404688712513e-05,1.6713598987367753e-05,0.0001296993229748957,0.00013916264032716496,0.003247791500749798,0.0005119249565793036,0.005831660535160573,8.409514143386006e-08,3.581531729332799e-05,0.014248052160914139,4.224202490666419e-06,1.6669549883461715e-08,1.545221436634121e-07
6,0.00018397971612317158,0.003740604280355774,2.693819936430438e-07,0.1567419596617021,2.0749405780600735e-05,5.7404054424009266e-05,4.262644568967872e-05,0.8114285508592586,1.362351998024838e-06,7.598077354851767e-05,0.0006548145172324175,2.8587359774758693e-05,2.711905540899391e-05,1.653510815879159e-05,0.00014910031843449833,0.00014014524493666993,0.003419021677290438,0.0003985208802379499,0.005845761402342246,7.430509500656487e-08,3.4476777957101726e-05,0.016988582796246644,3.5803721320768333e-06,1.4525879020437826e-08,1.7872799920999634e-07
7,0.00017958975428843574,0.00377389249450764,2.7057791045723677e-07,0.15714443286005567,2.095408173521857e-05,5.814492023510245e-05,4.264676566846252e-05,0.8111041461664691,1.3777415158576993e-06,7.735868992424135e-05,0.000644404279025945,2.8933147204446778e-05,2.6348924139042976e-05,1.6893954917775884e-05,0.00014966708012371368,0.00014383390482745805,0.0035084563063898545,0.0003970182417369727,0.005837211339459289,7.461389959511387e-08,3.480246597479269e-05,0.016805645898764925,3.6966739456575406e-06,1.4755197620149568e-08,1.8436208271800437e-07
8,8.914341954165777e-05,0.0018217769527310486,9.141101070990592e-08,0.07504983667526455,1.1714087701200548e-05,6.492486947784742e-05,6.398563071913831e-05,0.8923581290624901,9.95310849815734e-07,4.2617331375281506e-05,0.0007401249451742256,1.561097018121501e-05,2.1368890409016287e-05,8.136443740020605e-06,0.00011327851254947867,9.08835891470583e-05,0.0015652564318019283,0.0004597805046049412,0.010847024671326727,5.04417582625057e-08,4.0323764477205044e-05,0.016593015808506674,1.8510386690004565e-06,4.659109837095157e-09,7.457738305959501e-08
9,0.0002533330247349967,0.002136465965168516,1.4750928832923576e-07,0.11861820745943928,2.604289840219613e-05,0.00011534297901624436,0.00010176124413962296,0.840685297222685,1.1343650083337039e-06,3.195987268767799e-05,0.001303759791616644,2.36204476102782e-05,3.1697695726952406e-05,6.687211345056198e-06,0.00016092526740651373,9.791366647812541e-05,0.0032906624157127457,0.0005739059104735526,0.009344374046415731,5.878832102677174e-08,4.663755445076768e-05,0.023146968430179694,3.0016628209259267e-06,7.712064111684248e-09,8.68588075600986e-08
10,0.00018397971612317158,0.003740604280355774,2.693819936430438e-07,0.1567419596617021,2.0749405780600735e-05,5.7404054424009266e-05,4.262644568967872e-05,0.8114285508592586,1.362351998024838e-06,7.598077354851767e-05,0.0006548145172324175,2.8587359774758693e-05,2.711905540899391e-05,1.653510815879159e-05,0.00014910031843449833,0.00014014524493666993,0.003419021677290438,0.0003985208802379499,0.005845761402342246,7.430509500656487e-08,3.4476777957101726e-05,0.016988582796246644,3.5803721320768333e-06,1.4525879020437826e-08,1.7872799920999634e-07
11,0.00019518148357566668,0.0038120218793263726,2.7897429257141914e-07,0.15757389753692128,2.130941123010279e-05,5.54075030708256e-05,4.382601558483141e-05,0.8096891980192151,1.3904386212929329e-06,7.459305144194349e-05,0.0006779871972525161,3.0178743107573303e-05,3.0045652024415943e-05,1.668294422643558e-05,0.00014945991713483282,0.00014152176053332116,0.0033898372929215144,0.00040362502684463476,0.0058691247935656315,7.891978277846906e-08,3.478063533967435e-05,0.017785886150887418,3.489296318034383e-06,1.5659014482570257e-08,1.8169776685012289e-07
12,0.00022109364898986004,0.004156175750856307,3.8038665908433164e-07,0.15643911395677318,3.6538424021615774e-05,7.280044765476026e-05,4.572201718358607e-05,0.808295920231949,1.805736988867212e-06,9.002212349755394e-05,0.000869048290906485,3.635039633944404e-05,2.8024132605671135e-05,2.3231294391750047e-05,0.0001588389503898555,0.00015434236041486095,0.004972723999158375,0.0004420787464495443,0.005142040421059281,1.048680367564093e-07,4.4746918804392685e-05,0.018763163890468504,5.435553490013127e-06,2.289419693407966e-08,2.7455871413767916e-07
13,0.00017137721508480284,0.0033143577984299597,2.1998658978771577e-07,0.11275473347029,1.8079193680328432e-05,4.248066485419085e-05,3.4523032787952476e-05,0.8554879325925305,1.130618702413016e-06,5.703828100651812e-05,0.0007600890174414539,3.0054960862142226e-05,2.341206116601068e-05,1.652706944025874e-05,0.00014075213911966006,0.00010598519965896164,0.0029515237908370553,0.0003065133712856483,0.00477973645624326,6.013941844258975e-08,2.947194917195326e-05,0.018971409068101526,2.4067622314950546e-06,1.0537873941418241e-08,1.7462319184984104e-07
14,0.00018299474141392541,0.0036985082097744145,2.6819644176362496e-07,0.15462587137925168,2.0374743560208517e-05,5.743556224151959e-05,4.252258006852737e-05,0.8137228831115256,1.3546523714801498e-06,7.533211046588907e-05,0.0006475446872763348,2.8700381755334108e-05,2.6772491095013837e-05,1.640958146167182e-05,0.00014937306390744976,0.00014070864479036156,0.003402813852140682,0.0003924175798232045,0.005749378831320208,7.382283294089922e-08,3.385025773701708e-05,0.016980681183536874,3.536798232298645e-06,1.4320562135744379e-08,1.7921641322651567e-07
15,0.00018397971612317158,0.003740604280355774,2.693819936430438e-07,0.1567419596617021,2.0749405780600735e-05,5.7404054424009266e-05,4.262644568967872e-05,0.8114285508592586,1.362351998024838e-06,7.598077354851767e-05,0.0006548145172324175,2.8587359774758693e-05,2.711905540899391e-05,1.653510815879159e-05,0.00014910031843449833,0.00014014524493666993,0.003419021677290438,0.0003985208802379499,0.005845761402342246,7.430509500656487e-08,3.4476777957101726e-05,0.016988582796246644,3.5803721320768333e-06,1.4525879020437826e-08,1.7872799920999634e-07
16,0.0002083360044027117,0.004042498411782204,3.478980018958549e-07,0.17727199813211839,2.6340397994077848e-05,7.174800782072161e-05,5.065322042579775e-05,0.7905206388741872,1.5596445037769618e-06,8.538677666950493e-05,0.0006890835981957472,3.0266701827833833e-05,3.047977542835061e-05,1.651275183639885e-05,0.00014691623971073973,0.00016870862314327778,0.004260784667072159,0.00045354461758461296,0.00608490197570212,9.11498827297241e-08,4.182530775813732e-05,0.015792319354941468,4.839353866081557e-06,2.0608085924728618e-08,1.9790705807128073e-07
17,7.472480559163928e-05,0.004563093617361654,1.5143033986800102e-07,0.15966580655691975,7.143589978083406e-06,8.416436620164968e-05,2.7754322221781198e-05,0.8064233404810389,1.0984364891835102e-06,0.00016294019600895387,0.00026632345610532344,1.4692318215053267e-05,1.6125121113829075e-05,7.804145451557425e-06,0.0004258935791244867,0.0003458599252842852,0.002279054582432169,0.00018125633922580053,0.009474237669384857,6.692745566897063e-08,1.2027961447948687e-05,0.01596448706531668,1.7778234736305718e-06,6.5086021396118245e-09,1.6877521478728233e-07
18,0.00018318336523043052,0.003784590945851391,2.730545905676472e-07,0.1530770825374037,2.070157076117399e-05,5.7547753263110134e-05,4.279966249854568e-05,0.8146400773259732,1.3766043801557976e-06,7.701203549382828e-05,0.0006572917271478577,2.920321105963264e-05,2.6981455856678297e-05,1.7001409028942395e-05,0.0001509073227327756,0.00014319429774819665,0.0034958033528128016,0.0003947397446545899,0.005877520698222223,7.492912488418831e-08,3.514171530701865e-05,0.01728367987557764,3.6139092942998343e-06,1.4726592879575641e-08,1.867693935344768e-07
19,0.00015345191906396887,0.004722857272542853,2.615056923637045e-07,0.23837295003766337,2.67327453098101e-05,7.396787481664921e-05,4.368132846518121e-05,0.7285036946948432,1.9731800084368517e-06,0.00010270895167673071,0.0005343561619049203,3.293434796956204e-05,2.7024380888812563e-05,1.972942879418266e-05,0.0001957221623038754,0.00015065351656507573,0.00318595912936939,0.0003428866954735213,0.005588960414941209,8.802899683095907e-08,2.5084184120455474e-05,0.017889941508843345,4.149746226112877e-06,1.7650549414954498e-08,2.131329706587299e-07
20,0.00024045593317738464,0.004168833509799022,5.259965887071791e-07,0.2120679943430069,3.78599779547502e-05,8.614710219712572e-05,6.530550194334702e-05,0.7559458809871213,1.4621165734146932e-06,9.164093809875659e-05,0.0006874293102294869,3.850847573314235e-05,2.550715590440306e-05,1.7055648583648036e-05,0.0001309948343736009,0.00025885467553442694,0.008110643315870216,0.000645928300519624,0.006860075696061225,9.107416883112059e-08,6.723365180446614e-05,0.010442176267787264,9.1137330062949e-06,3.1039004732520113e-08,2.504149578079323e-07
21,0.0002259333841446443,0.0034103057445112263,3.9154377350755236e-07,0.15384757514723074,2.096716769803492e-05,3.843454215902906e-05,3.783632809849053e-05,0.8201452672703848,1.1580163681328442e-06,6.908545421483773e-05,0.000609698888172498,3.463362955214755e-05,2.9703575044799843e-05,1.9969597139747732e-05,8.844493195950715e-05,0.00015502819670540905,0.004041738328730914,0.0005688100583922554,0.004321805512704746,8.605270675023814e-08,4.0866159676780734e-05,0.012287752493492158,4.313045585702704e-06,1.9885586714143994e-08,1.750459663854806e-07
22,0.00010757275074994238,0.006037912119434665,1.4729680069798714e-07,0.22440977342188753,2.7522584769941822e-05,8.453397681283785e-05,7.76762785794038e-05,0.7215568284760775,4.562769071819547e-06,9.057090776208224e-05,0.0004986410309115669,3.9848311841744114e-05,3.0082816232531103e-05,1.882990389326434e-05,0.0003808653038847282,0.00015213468185016146,0.0018582436107475173,0.00019225119105384278,0.009787246424052992,7.526112625815008e-08,1.7982791626292616e-05,0.034623958737019685,2.4176214947253382e-06,1.890001293688457e-08,3.028323052544411e-07
23,0.00018397971612317158,0.003740604280355774,2.693819936430438e-07,0.1567419596617021,2.0749405780600735e-05,5.7404054424009266e-05,4.262644568967872e-05,0.8114285508592586,1.362351998024838e-06,7.598077354851767e-05,0.0006548145172324175,2.8587359774758693e-05,2.711905540899391e-05,1.653510815879159e-05,0.00014910031843449833,0.00014014524493666993,0.003419021677290438,0.0003985208802379499,0.005845761402342246,7.430509500656487e-08,3.4476777957101726e-05,0.016988582796246644,3.5803721320768333e-06,1.4525879020437826e-08,1.7872799920999634e-07
24,0.0001506590373954617,0.004413294551374425,2.141641916953296e-07,0.209032302700269,1.8262736179274136e-05,4.6108931538261066e-05,3.62907484481238e-05,0.760392287535056,1.306539050713683e-06,8.2016142735827e-05,0.0005260419545262971,2.49685257179395e-05,2.6186773523383644e-05,1.763753980453556e-05,0.00014357016415148817,0.0001219795583107449,0.0028311499388015827,0.00040236097910839705,0.006369764833859283,6.393315553742032e-08,2.9244117223172e-05,0.015330693648945168,3.4353262074287946e-06,1.2756854311798747e-08,1.4686357188476537e-07
25,0.0002333483763043208,0.007354351820026498,3.8814165512790907e-07,0.23262226342595085,2.6565985737687223e-05,9.591524899553207e-05,5.4405303792094045e-05,0.7168030495647579,2.2891493150781986e-06,0.0001481648095308657,0.0006729732063917276,3.568751652546519e-05,3.8312940358295845e-05,2.2042022204982302e-05,0.0003168741986354944,0.00024167434896843633,0.005304541882551607,0.00038289988673471443,0.009854793502654014,1.0071601105827288e-07,4.1688439987500906e-05,0.025742009257529085,5.298652294432655e-06,2.6140848775416983e-08,3.354622385114477e-07
26,0.0002971861788322654,0.0044352372347555786,5.939638103471843e-07,0.26342481414164426,4.1185081781829816e-05,8.531841915303025e-05,5.5121130584282905e-05,0.705725246911812,2.273639184517375e-06,0.00011397141557785739,0.0006987975647182003,3.28467873922614e-05,3.9017844742708146e-05,2.3132448559020665e-05,0.00012663115311026987,0.0001898202323864787,0.0052440928731286975,0.0007733260190711404,0.0057091060506346695,1.3835446820502197e-07,5.641837600336827e-05,0.012916081357833209,9.375469074007664e-06,4.286086836905491e-08,2.2449087321470497e-07
27,0.00029676664786331574,0.00393428966902175,8.857356101909362e-07,0.16299791075306388,4.263730220152563e-05,5.095549451385203e-05,5.582161252675847e-05,0.7947537772493709,5.377099360267739e-07,7.55512603867049e-05,0.0012293636889295033,3.8453594963065176e-05,2.622021716006558e-05,1.8673364611612823e-05,6.88918389457342e-05,0.0002600736951232668,0.02259731327033171,0.0010446060281825377,0.006651892621513144,9.955708843151249e-08,0.0001593171500260827,0.005680422363593655,1.528834081034847e-05,3.074634548353106e-08,2.2008788050392554e-07
28,0.00018397971612317158,0.003740604280355774,2.693819936430438e-07,0.1567419596617021,2.0749405780600735e-05,5.7404054424009266e-05,4.262644568967872e-05,0.8114285508592586,1.362351998024838e-06,7.598077354851767e-05,0.0006548145172324175,2.8587359774758693e-05,2.711905540899391e-05,1.653510815879159e-05,0.00014910031843449833,0.00014014524493666993,0.003419021677290438,0.0003985208802379499,0.005845761402342246,7.430509500656487e-08,3.4476777957101726e-05,0.016988582796246644,3.5803721320768333e-06,1.4525879020437826e-08,1.7872799920999634e-07
29,0.00018397971612317158,0.003740604280355774,2.693819936430438e-07,0.1567419596617021,2.0749405780600735e-05,5.7404054424009266e-05,4.262644568967872e-05,0.8114285508592586,1.362351998024838e-06,7.598077354851767e-05,0.0006548145172324175,2.8587359774758693e-05,2.711905540899391e-05,1.653510815879159e-05,0.00014910031843449833,0.00014014524493666993,0.003419021677290438,0.0003985208802379499,0.005845761402342246,7.430509500656487e-08,3.4476777957101726e-05,0.016988582796246644,3.5803721320768333e-06,1.4525879020437826e-08,1.7872799920999634e-07
30,0.00018397971612317158,0.003740604280355774,2.693819936430438e-07,0.1567419596617021,2.0749405780600735e-05,5.7404054424009266e-05,4.262644568967872e-05,0.8114285508592586,1.362351998024838e-06,7.598077354851767e-05,0.0006548145172324175,2.8587359774758693e-05,2.711905540899391e-05,1.653510815879159e-05,0.00014910031843449833,0.00014014524493666993,0.003419021677290438,0.0003985208802379499,0.005845761402342246,7.430509500656487e-08,3.4476777957101726e-05,0.016988582796246644,3.5803721320768333e-06,1.4525879020437826e-08,1.7872799920999634e-07
31,0.0001826582797953117,0.0029329376548003516,2.531546942401015e-07,0.1133473776453229,1.3435375073809492e-05,3.755444648106749e-05,3.5304700869742315e-05,0.8620204636931906,8.510061400442136e-07,5.457805148289485e-05,0.0005428680995451835,2.4227988436332478e-05,2.3111308403671625e-05,1.2757224049095001e-05,9.59662753581159e-05,0.0001245226610306725,0.003041079782543671,0.00037247720494900034,0.00425614871666641,5.665166270908506e-08,3.068701104701259e-05,0.012847860074475179,2.6846605884232303e-06,9.960586315020195e-09,1.2837280750922834e-07
32,0.000182514338711002,0.00383212028198973,2.6457027105144293e-07,0.1592674754101809,2.0894634887475624e-05,5.757295229096936e-05,4.432017010813899e-05,0.8074917804422566,1.3804126101989638e-06,7.68423386195398e-05,0.0006671121644529235,2.8747277127978708e-05,2.8384980754331787e-05,1.6244156250200684e-05,0.0001607258683922557,0.00014630268814032465,0.003404336100328215,0.00039977053178345476,0.006528031739079789,7.549095388226905e-08,3.583190141524697e-05,0.017605549806338924,3.524288116678317e-06,1.4911696296176042e-08,1.8254324390414878e-07
33,0.00015597902337147106,0.004874702087482763,4.106255931137492e-07,0.17535623953982313,3.228536337865443e-05,0.00013227525940471605,5.263345504673504e-05,0.7859398782457203,3.5552223710854277e-06,0.0001938866320375108,0.0006316217801122711,2.4437889083368823e-05,2.4294574944363574e-05,2.909794817215441e-05,0.00031656408237271057,0.0001916044086139406,0.003502237180276209,0.00040615325099124127,0.008404568963948327,1.292582174654585e-07,4.321534238964542e-05,0.019677083518302416,6.747296801655082e-06,2.2467678375296922e-08,3.7658386634602174e-07
34,0.00042445625170709313,0.0025603941705905618,3.7026690761113697e-07,0.1485604114004088,2.458988764848658e-05,5.6145194901770665e-05,5.173268473957109e-05,0.8184718565159209,1.3890083129621344e-06,5.541339188712842e-05,0.0011396151471820134,2.0203905438697644e-05,4.406358444210464e-05,1.1647683623332736e-05,0.00015278888174559876,9.512621546130958e-05,0.002636859095422261,0.000692138013036517,0.007684874386543835,7.485014394568836e-08,4.956286284730998e-05,0.01726303778150382,3.123511417380028e-06,1.5735509830166296e-08,1.0957265719190038e-07
35,0.0001532815610633884,0.006966964412216407,3.7667665738300946e-07,0.265479125273987,4.928795110100584e-05,9.093854229372294e-05,4.8740189176964354e-05,0.6922310061918799,2.303492677856504e-06,0.00013280254031110692,0.0008449280145692911,3.374999507376941e-05,2.973950404085448e-05,2.835132940909537e-05,0.0003185025181498857,0.00017760472740177625,0.0060450333036147375,0.0003189785038861913,0.007578193655301142,1.4260728015519508e-07,4.2946045821260345e-05,0.01941871940144626,7.865851594952654e-06,2.84253852577283e-08,3.8928566050150284e-07
36,9.321513693970295e-05,0.0029330441040389655,1.3825660812702678e-07,0.0921190036885308,7.314316625195741e-06,3.542325254254045e-05,2.9628392699678702e-05,0.8811689269434573,9.540834880012883e-07,6.346708056371433e-05,0.00031826928929542094,2.7298352202605038e-05,1.631292567545824e-05,1.4238127076336302e-05,0.00011102219547702398,0.0001456156811298553,0.002054231882696024,0.0002440513555985686,0.00397235272609696,4.6511485043839075e-08,1.5749591397761835e-05,0.01662800195187025,1.5488813710638777e-06,5.761766025837881e-09,1.3951136749497232e-07
37,0.00032897634583513985,0.0038691347988476887,4.876895905677917e-07,0.18411993932416895,3.1157179069483295e-05,5.46133813254601e-05,4.966526935203454e-05,0.7843790348903363,1.6891122279649449e-06,7.717959559615246e-05,0.0008068500817560467,3.6318478093248035e-05,4.005894568148012e-05,2.1635047212705793e-05,0.00011015415644825876,0.00013902586268819722,0.004341119119786416,0.0006372427627146469,0.0050097860182563335,9.87408535604137e-08,4.953907732060003e-05,0.01589079704912508,5.27366079585243e-06,2.723803721030958e-08,1.9617488066708605e-07
38,0.00018263228852427683,0.004074857387481958,2.698369108643756e-07,0.16112218652289334,2.3626720344669968e-05,5.061887074413577e-05,3.811365365216658e-05,0.8066435433254519,1.4392389138688887e-06,7.467610979256733e-05,0.0006985065751563099,3.0277332836677614e-05,2.6333987988305575e-05,1.9311632080521663e-05,0.0001412063250141701,0.00011906137821587978,0.0033948943684188842,0.00036527498627701856,0.005205404923583425,7.081786896520797e-08,3.314703701269874e-05,0.017750898142733586,3.4449074081323836e-06,1.4782579586500228e-08,1.888481162203094e-07
39,0.00022684765381664483,0.015976615938691534,3.6571120514791105e-07,0.5174315531617953,6.796576047039146e-05,6.956280278133908e-05,4.0635398830023755e-05,0.4175770193191435,5.53191152510452e-06,0.00023583971813393443,0.0008436065578505165,2.9577893954993118e-05,5.154483776936805e-05,5.196507678909938e-05,0.0004499307641277943,0.00011286048269356872,0.004075263109611439,0.0004479928023571813,0.013211350901759435,1.2730542251101178e-07,3.882825958576136e-05,0.02904697846848627,7.5878850869440785e-06,4.904012163395739e-08,3.9923799053003376e-07
40,0.00025478064932297546,0.004646916622565032,3.410044187319182e-07,0.13713056679069185,2.6620976019309755e-05,7.161566669830093e-05,4.563314423548588e-05,0.8215610182181652,1.5677991865125232e-06,7.381547341582616e-05,0.0009230168459609977,4.3882122865637814e-05,2.8572425655946708e-05,1.9617256810672753e-05,0.0002222833219133126,0.0001381839059694261,0.004573003896606243,0.00028453100262576216,0.004822280648706304,7.591596779059575e-08,3.229616724996355e-05,0.025095663793572042,3.4082355140572676e-06,1.5460513824034973e-08,2.92655348809223e-07
41,0.0001585828393160098,0.003693415616430962,2.7411046415509824e-07,0.06454883407155965,1.039150823210563e-05,3.2966240402957214e-05,4.3456737838974474e-05,0.8999358237237832,8.736297167529303e-07,6.295363789922996e-05,0.0006413701415447951,3.138357173444632e-05,3.047184708419176e-05,2.0297377043958073e-05,7.532028328108498e-05,0.0001891109534571853,0.00479747290391292,0.0004607910002257114,0.006325074792542349,7.717053262889737e-08,6.448990370599399e-05,0.018873044643616933,3.297775816056368e-06,1.4452596948550503e-08,2.110672607933973e-07
42,0.0004164653243115588,0.003103397859588752,1.6251371161076728e-06,0.4613202295290675,9.843908647772087e-05,6.848164122848914e-05,3.505320004802206e-05,0.5197215733106983,2.8612965648252403e-06,0.00016279028586298436,0.000786629546727581,1.8263578785221364e-05,1.7558891507002058e-05,7.25833009873412e-05,4.892430179041984e-05,5.749880224817631e-05,0.005555265307223283,0.0034374738248775663,0.0027857478107590336,1.4058669820384068e-07,0.00011409600887988942,0.0021156379850067234,5.902952851769346e-05,6.0211751259922e-08,1.7364327637856492e-07
43,0.00021343061402417254,0.004026412530624334,2.7349827075875187e-07,0.16606853248664588,2.1563849951089294e-05,4.864305155112135e-05,4.449452100462848e-05,0.8016752607586264,1.230623416411034e-06,6.250266153097813e-05,0.0007029359264324334,3.325643937091786e-05,2.9478241019915273e-05,1.6249174868352264e-05,0.00013332406685501386,0.00013320019554232234,0.003856784064410817,0.000414069837758235,0.005449371700123917,6.838862793940303e-08,3.450303030609133e-05,0.01703074252453327,3.487051918975969e-06,1.5016664256052465e-08,1.6974592193776698e-07
44,0.00018397971612317158,0.003740604280355774,2.693819936430438e-07,0.1567419596617021,2.0749405780600735e-05,5.7404054424009266e-05,4.262644568967872e-05,0.8114285508592586,1.362351998024838e-06,7.598077354851767e-05,0.0006548145172324175,2.8587359774758693e-05,2.711905540899391e-05,1.653510815879159e-05,0.00014910031843449833,0.00014014524493666993,0.003419021677290438,0.0003985208802379499,0.005845761402342246,7.430509500656487e-08,3.4476777957101726e-05,0.016988582796246644,3.5803721320768333e-06,1.4525879020437826e-08,1.7872799920999634e-07
45,0.0005893004983185983,0.013894061855428767,1.7014719104760853e-06,0.11963771383486474,3.158381957429022e-05,4.241126700665674e-05,3.223878726657119e-05,0.8151970689043406,1.6460502007238896e-06,0.00020114355594487448,0.0014267809016254203,6.177641313709619e-05,5.0231971208853615e-05,0.00011554909336064327,5.864610041043214e-05,0.00019393415528144164,0.020776274701622372,0.001169813631675492,0.005381519429791873,1.1933322805367948e-07,0.00024275275012196912,0.020876380212775904,1.6629425752983e-05,6.267389431185268e-08,6.591612570551221e-07
46,0.0002049623301868112,0.004022617213921457,2.668917382278216e-07,0.15908414937833734,2.0468917574698166e-05,5.332530289603661e-05,4.2207549225511544e-05,0.8075081408239037,1.0795615761681974e-06,6.400973819762609e-05,0.00068145547794561,3.423715610603057e-05,2.7583074461194694e-05,1.4442817908576374e-05,0.00015266427068006988,0.0001557750353948922,0.004364140591756548,0.00034771143882877644,0.0053092348341370384,6.8047382049068e-08,3.227879875995771e-05,0.017875610323615287,3.3712349762781794e-06,1.4324575699852657e-08,1.8486591429088878e-07
47,0.00022692350160724963,0.0055953173121710015,2.4411114652578396e-07,0.12193354736886064,1.5550731592161077e-05,4.612381596448966e-05,4.46788715629603e-05,0.8300746005889322,1.2143254881107615e-06,6.549296745524577e-05,0.000639427855523881,4.648469428374468e-05,3.7901392868146444e-05,1.3996018939301846e-05,0.00018951575940921755,0.000211877099487478,0.004181987259466073,0.00024873640524535615,0.005502804919336999,7.348921738082039e-08,2.3971968954002352e-05,0.030897321279892098,1.9545444807378437e-06,1.4765346467133556e-08,2.3895276817991005e-07
48,0.0003050204085049881,0.0010317961220337433,4.1584907085373607e-07,0.13363874913087032,0.00011111423406093351,0.0002495045031061625,0.00011510945407808213,0.8300379249887853,8.301130266378184e-06,6.447882228781706e-05,0.002144472477699769,3.8031475853986344e-05,3.664264178447218e-05,1.800740010462254e-05,0.00022870628908056663,0.00011732511183373649,0.001644941011673028,0.0010062422627254441,0.008669215327393091,2.2540838991837026e-07,6.047071594258814e-05,0.020464515445758755,8.409972879611126e-06,5.6562436738839775e-08,3.23253379323758e-07
49,0.0001900202003935583,0.0033969900837571036,2.9191718310140174e-07,0.15423640627684385,2.1334797122719356e-05,6.957864390916766e-05,4.651524446857153e-05,0.8156380499253886,1.3760476738224367e-06,7.016467299165428e-05,0.0006632056242092107,3.333493040946726e-05,2.756447935414786e-05,1.5574285071892684e-05,0.0001402174717022825,0.00014570968621126814,0.00354705859764649,0.00038822624440037806,0.004733663530696692,8.329243713127487e-08,3.176613911297159e-05,0.016598888957733284,3.7832301369661987e-06,1.509085514072327e-08,1.8063029062787814e-07
50,0.0001860618116447576,0.003757445927529161,2.7143458288394594e-07,0.1581540688714869,2.0997765981768193e-05,5.777003154314451e-05,4.2884659128322626e-05,0.8099113822585399,1.3607296050303965e-06,7.57300652215911e-05,0.0006614192817337104,2.8798391737316133e-05,2.7293651301239287e-05,1.6516002746528576e-05,0.0001495171363737113,0.000141032514180881,0.0034755113385642154,0.0004022163113308665,0.0058642872055286914,7.478142709550552e-08,3.478795205468428e-05,0.016986747691773097,3.6301363486730946e-06,1.473090808631991e-08,1.7931872791685616e-07
51,0.0006472320030785224,0.0014899941953669157,1.0916960219857974e-06,0.07396950844287997,9.183778073435748e-05,0.00036121386155517696,0.00021997791721466327,0.8710909629092348,3.2897268742336666e-06,7.27894982725409e-05,0.002315146273217047,6.000061819741142e-05,3.7974540827108404e-05,1.42729474954937e-05,0.00019155949081042382,0.00045557423140264166,0.017302602434070394,0.0010549816425759475,0.00976378695518728,2.040725029472748e-07,0.00021204463346780105,0.020621393499773526,2.1829768266713187e-05,8.897903868236038e-08,6.41881933694619e-07
52,0.00015422835707403135,0.003064974010353296,2.229436880424756e-07,0.15554848221090264,1.3868313330825224e-05,5.598791380112538e-05,3.1097597292915476e-05,0.8155531570075015,1.3538202578270025e-06,9.966879731688322e-05,0.0005025767441219007,1.9675821079533158e-05,2.6428821594908726e-05,1.482152952996813e-05,0.00015361485415308496,0.00014171492474571322,0.0020790087089900956,0.00045027058031937254,0.006128962769850072,7.975318924063883e-08,2.4672195684517385e-05,0.0159322980099298,2.692595373001017e-06,1.1313767323991384e-08,1.304061521956657e-07
53,0.0001339109350387491,0.002446997020385139,1.8943474692661773e-07,0.11208760995732202,1.5144176314867277e-05,6.235028162765812e-05,5.346506326217587e-05,0.8629806695794917,1.2359800564220928e-06,4.920519909732314e-05,0.0005127768277385474,2.781551112041876e-05,1.8402194084248745e-05,1.2556655630186939e-05,0.00012216326926474763,0.00011981307868158363,0.002626531594601656,0.00032309433386320456,0.004241547378660092,5.92227143542919e-08,2.59901014532454e-05,0.014135257089559804,3.060306847891464e-06,9.000224492466611e-09,1.4580821271533233e-07
54,0.00011000253541898032,0.005995229400251939,2.386720199645887e-07,0.12044090099245885,1.589928441876607e-05,5.274468446528477e-05,3.539949508169518e-05,0.8378629658013669,1.8044883045124024e-06,0.0001189511275342839,0.0004565249719350986,3.898380483955324e-05,2.1211990473471572e-05,2.4327190458043684e-05,0.00024676963809694,0.0002277299435672446,0.0035461580068172453,0.0002006220632600385,0.005884812910380789,8.072253774509543e-08,2.2846225457925757e-05,0.0246927902058605,2.609043553030739e-06,1.4023461706093324e-08,3.827779795464052e-07
55,0.00021679761348625498,0.0029907555479254406,2.8251926107488617e-07,0.1862157081187828,3.0873274650303315e-05,6.347647396986917e-05,6.624019844921026e-05,0.786203728577891,1.8544650898314546e-06,5.0985163842766774e-05,0.000695709365470566,4.430417473582527e-05,2.921908178782606e-05,1.5546011195563292e-05,0.00011147783543636245,0.00012658459466245307,0.0030541752310819614,0.0005171494205489864,0.004844035945968595,7.460189579270233e-08,3.360360451997667e-05,0.014683291084755511,3.94401219807039e-06,2.0337187526543776e-08,1.627452062745338e-07
56,0.00019075931905176654,0.0037572870993767314,2.739559080338952e-07,0.15503003136604115,2.0821542729829444e-05,5.62583769338642e-05,4.318502490857851e-05,0.8127766158199696,1.3804988618734987e-06,7.46993384619297e-05,0.0006673057083826632,2.9390233550730867e-05,2.8373050539952903e-05,1.674391552011051e-05,0.00014802579176483063,0.00013839758260428075,0.0033686890126379296,0.0004012991440010979,0.0057888644006049,7.569134437400973e-08,3.4663514085800056e-05,0.017423143857028093,3.520982915807579e-06,1.488913352501606e-08,1.798836426422517e-07
57,0.00016358940483274644,0.00457451625163235,2.423000325850317e-07,0.1420795197780331,1.9551613109643505e-05,4.788495728335883e-05,4.87095678116832e-05,0.8169369977410079,1.3256293973639028e-06,7.680620298473968e-05,0.0006940684502406204,3.2749745413600976e-05,3.488199867382199e-05,1.611636164803607e-05,0.00017104501808764037,0.00017903201706749683,0.003539670672226564,0.0003632833267584443,0.00926339875204286,7.625569735847957e-08,4.32640540497368e-05,0.021710206421524363,2.839446510471156e-06,1.6170795743303166e-08,2.0786313801284738e-07
58,0.0002131563204088522,0.004292282668226801,3.3046124134133047e-07,0.18069011846057115,2.6484096095555056e-05,6.317655603999675e-05,4.874880564099928e-05,0.784028855245397,1.644434371409699e-06,8.449653122316104e-05,0.0007322514761308589,3.301596168475469e-05,3.383306577635529e-05,1.842748359160316e-05,0.00016735051905490732,0.00016275918253793085,0.003947901505412826,0.0004438819178385854,0.006599387435416956,9.437859357643057e-08,4.060455588466006e-05,0.018366607456440743,4.35470511123061e-06,2.1385284101908685e-08,2.1539202459432867e-07
59,0.00020776229363061188,0.004291884161153237,3.3747023398218046e-07,0.17664955737238924,2.6634766105726474e-05,6.335045066502122e-05,4.682398930714888e-05,0.7890103014247207,1.6304958591408942e-06,8.701464511994677e-05,0.0007188471747398996,3.2475031655381383e-05,3.1699804126831544e-05,1.9129700919526656e-05,0.000158964701188087,0.00016200573057699902,0.004072085423619163,0.00044457499784869293,0.0062798103393564165,9.298286703487055e-08,4.113136387210409e-05,0.017649119621367,4.5266308135031645e-06,2.1042150788421234e-08,2.1838571378462975e-07
60,0.00018397971612317158,0.003740604280355774,2.693819936430438e-07,0.1567419596617021,2.0749405780600735e-05,5.7404054424009266e-05,4.262644568967872e-05,0.8114285508592586,1.362351998024838e-06,7.598077354851767e-05,0.0006548145172324175,2.8587359774758693e-05,2.711905540899391e-05,1.653510815879159e-05,0.00014910031843449833,0.00014014524493666993,0.003419021677290438,0.0003985208802379499,0.005845761402342246,7.430509500656487e-08,3.4476777957101726e-05,0.016988582796246644,3.5803721320768333e-06,1.4525879020437826e-08,1.7872799920999634e-07
61,0.00021799161381526409,0.004077551550979857,3.538953779671385e-07,0.17109807524350223,2.7106075850064535e-05,6.304274403660789e-05,4.791864977365406e-05,0.7953963263500089,1.6593091907029152e-06,8.506386929663475e-05,0.0007393466156837856,3.207605871752308e-05,3.1846984392348166e-05,1.9359597901545096e-05,0.000150433579372242,0.00015387546788160262,0.0040000668591782815,0.0004649957142587255,0.006164974016520477,9.150699820443326e-08,4.3299924988949205e-05,0.017179716834935008,4.592673478094243e-06,2.1210583770463382e-08,2.136532776722377e-07
62,0.00018397971612317158,0.003740604280355774,2.693819936430438e-07,0.1567419596617021,2.0749405780600735e-05,5.7404054424009266e-05,4.262644568967872e-05,0.8114285508592586,1.362351998024838e-06,7.598077354851767e-05,0.0006548145172324175,2.8587359774758693e-05,2.711905540899391e-05,1.653510815879159e-05,0.00014910031843449833,0.00014014524493666993,0.003419021677290438,0.0003985208802379499,0.005845761402342246,7.430509500656487e-08,3.4476777957101726e-05,0.016988582796246644,3.5803721320768333e-06,1.4525879020437826e-08,1.7872799920999634e-07
63,0.0001847284059055353,0.004253216575991373,2.6877876832834605e-07,0.16443743942007916,2.0567115120105534e-05,5.545595568119303e-05,4.2692513269291e-05,0.8017347880637737,1.3644019049913006e-06,7.943114558691633e-05,0.00065120749095602,3.005732458004472e-05,2.8775314785146403e-05,1.7072338866087123e-05,0.00015980766847812763,0.0001489516208235231,0.003587468993457762,0.00038724286593059377,0.006244145304760304,7.549083261155126e-08,3.4548901846748026e-05,0.01789692250565718,3.567328678144579e-06,1.5167958233754052e-08,1.89306308960774e-07
64,0.00019956411767844517,0.0038935226927641394,3.1060243763547735e-07,0.14776574685374477,2.3275451517021813e-05,5.5511679727303764e-05,4.793440794240278e-05,0.8187342893784753,1.3480455907643802e-06,7.447958550569788e-05,0.00074495618054024,3.081471448269518e-05,2.9868455363838185e-05,1.7931498671921514e-05,0.00013987645697878734,0.0001487920717775486,0.0040849756358771585,0.0004463974984471713,0.006574182367272186,7.944674790410088e-08,4.6450327179133454e-05,0.016935333950171418,4.142658637599385e-06,1.7065959137632798e-08,1.9885650965943716e-07
65,0.00013825294622049107,0.0067342006888775445,3.663736134791863e-07,0.1252439943095178,1.7679255996776238e-05,3.8775448638096766e-05,3.124489394812535e-05,0.8339664129244129,2.5476016733709526e-06,0.0001514770455363445,0.0004647693264466945,3.5343760596737363e-05,3.436886657361021e-05,4.0504126168000686e-05,0.00014379937929688165,0.00017675527900310524,0.002836123503600273,0.00029563387373631215,0.0048714073372920635,1.2204855225049236e-07,2.9073321277157304e-05,0.024743765779249163,3.007692816251404e-06,2.1690952633583907e-08,3.525260038802521e-07
66,0.000164749262798019,0.0018400652052293065,2.3265833273218537e-07,0.08508748332733672,1.4677444807450005e-05,3.4689824340378164e-05,2.9928919036135336e-05,0.8934283661486532,9.319642179791108e-07,4.89469096557824e-05,0.000611591191734604,1.961097593346437e-05,2.583582272501895e-05,1.0818142338511961e-05,7.724599987645119e-05,8.501198235770067e-05,0.0016309172273221812,0.0003375253697863223,0.0031910427017152825,6.956299085904075e-08,2.1895523814127205e-05,0.01333671104844984,1.5510824282106432e-06,7.904123562173273e-09,9.379999642357839e-08
67,0.00018398087945067042,0.003740575696037716,2.6938821503404134e-07,0.1567426748984525,2.0749533920364956e-05,5.740419338682474e-05,4.2626301238552604e-05,0.811428198089099,1.3623463811531434e-06,7.598139869932775e-05,0.0006548142637029893,2.8587149820732652e-05,2.711912647939977e-05,1.6535216796696403e-05,0.00014909829194176895,0.000140146146447188,0.003419059444366172,0.00039852885385588085,0.005845723794478161,7.430646126850786e-08,3.447738720137256e-05,0.016988239568064254,3.580471488695435e-06,1.452613997287985e-08,1.7872787420734308e-07
68,0.0001523877366434476,0.0040358078774829775,8.704577338124925e-07,0.3918523144921444,8.367659919515466e-05,0.00020219443419105322,5.4478857530998416e-05,0.5841894744420175,8.162190189124831e-06,0.000257718457171073,0.0005228019089758633,4.513089996954915e-05,2.5730163186639284e-05,6.59926237735305e-05,0.00018515195293502173,0.00014697954791238613,0.0034696050279376055,0.0005947202763885619,0.0029137105568823023,2.9823963647078076e-07,3.106929365674459e-05,0.011142959547238207,1.821028526689314e-05,6.429019813997104e-08,4.898417424444528e-07
69,0.0001943729618317979,0.004136243384819607,2.6400110160982974e-07,0.16961533646463098,2.242068635458226e-05,5.9413032623176996e-05,4.43478968725694e-05,0.7959777351528112,1.4007874459816217e-06,7.591697895151527e-05,0.0006900704773753707,3.0114723964002683e-05,2.8639101304019706e-05,1.62276312199194e-05,0.00016458474009666986,0.00014231100993995917,0.0036488812937498505,0.0003837544180106882,0.006197345726284229,7.304974605357768e-08,3.387146084791207e-05,0.018532931535135765,3.5440707362480564e-06,1.5044318302462384e-08,1.8436982795923674e-07
70,0.0001556319900933715,0.0024726178618200804,2.20543727829957e-07,0.2756022968210213,3.9091404792729916e-05,6.845512763845241e-05,3.7405937902126086e-05,0.7052067811504541,2.0653278989218295e-06,5.0867084272819354e-05,0.0005974008865966228,2.2904981910728388e-05,1.7187043823166392e-05,1.6531591276727437e-05,0.0001353126384523221,4.363464296076511e-05,0.00162630230528102,0.000273490897557119,0.0024334168822146133,5.74522734102114e-08,1.5840782441498912e-05,0.01117863211124487,3.7322729983968213e-06,1.0267095206999974e-08,1.1199425193934445e-07
71,0.0002313695655459183,0.003913382085908693,2.572318649808867e-07,0.1788340824685318,1.8002731246617845e-05,6.205718292399215e-05,4.213607797834615e-05,0.7854254060603174,1.0636018149271732e-06,6.77743475001548e-05,0.000719414923721763,3.041685148206936e-05,3.094309123491946e-05,1.2188652191902632e-05,0.00018984222649728695,0.0001478380454071582,0.003849885679465007,0.0003490954523497151,0.006280504924488939,6.279729628920641e-08,2.9362861143319716e-05,0.01976179048826369,2.948983025192855e-06,1.286962824558141e-08,1.608001715059638e-07
