,0,1,2,3,4,5,6,7,8,9,10,11,12,13,14,15,16,17,18,19,20,21,22,23,24
0,3.9417450957641743e-10,7.289248594269028e-08,6.795593726565521e-07,0.001884082192753991,5.3907873383837e-07,4.775700977476412e-07,0.0003773971963467907,0.9813903629542126,8.541270531802052e-10,5.994343995330968e-05,0.0013192552861293763,5.957831548687126e-07,5.2841619810664956e-11,0.012822876274552125,1.7837508126323244e-08,2.6261834744636903e-06,3.006699058609457e-07,8.993666734831595e-07,3.68657464969048e-08,1.994808782660928e-06,2.891189255353127e-07,2.376343603521529e-06,0.002135075196240485,2.5323515914497176e-08,7.475668734013644e-08
1,3.1106252566557003e-10,5.78138116491632e-08,5.198949282468839e-07,0.001073768289946592,4.831729182548642e-07,4.559508081925284e-07,0.0002559438065475045,0.9896571557167505,9.761288711316926e-10,4.174231883646078e-05,0.0009812550943594884,4.229123622631268e-07,5.4703212114848524e-11,0.006818525570911806,1.9838331312857967e-08,3.558865708166618e-06,2.4475412680879015e-07,5.827846957088552e-07,5.1247189754055695e-08,1.8952979119238116e-06,2.3238899565776194e-07,2.054259354156916e-06,0.0011609642640690973,2.326783339277221e-08,4.114770850304946e-08
2,2.789933134816904e-10,5.745913779324023e-08,5.244284616437372e-07,0.0013177740579536964,4.2502611821585644e-07,4.214881058207514e-07,0.0002618751941098819,0.9877340486891936,8.930935348703743e-10,3.756811259431056e-05,0.0012184727770610548,4.825729714870323e-07,4.8571683690815716e-11,0.008067151366270483,1.7550155854820255e-08,2.764320287324185e-06,2.637135832650991e-07,6.383986728010243e-07,4.481791118147978e-08,1.640124411184225e-06,2.587627784282183e-07,2.3907245924294975e-06,0.001353113676283932,2.3713649286520743e-08,4.1805038029924134e-08
3,3.1772321179286946e-10,5.9978941070361e-08,4.999276695522791e-07,0.0012553873487222173,5.492070347319064e-07,4.42375786611334e-07,0.0002751151534451809,0.9867552539084984,8.96095765177217e-10,4.0491311577926595e-05,0.0012211353159534094,4.6330534564256474e-07,5.4763883883076805e-11,0.008976706119737617,1.9014156579322802e-08,3.130255236055223e-06,2.954037807561973e-07,6.584000015722274e-07,4.4288655241493963e-08,2.0175643687731538e-06,2.466284640350383e-07,2.219623497462812e-06,0.001465191666344614,2.3709792638449425e-08,4.8224407074942335e-08
4,3.686114852519086e-10,6.75068427489545e-08,5.432288020422008e-07,0.00132398722124642,6.02199397057494e-07,4.6689733360850915e-07,0.00029385072370136144,0.9855974779803625,1.011985214664721e-09,4.19592408149219e-05,0.0012915778698814459,5.426108774834224e-07,6.678592662453382e-11,0.009895233686271132,2.0163255934507064e-08,3.2718704292610934e-06,3.3265911468756526e-07,7.212358842533392e-07,4.8721106751355246e-08,2.1798226256900063e-06,2.730192372511696e-07,2.4297795889118505e-06,0.0015443316255801347,2.6186846575665646e-08,5.4303417233721865e-08
5,3.361585092273141e-10,6.519490642941869e-08,5.052941606645014e-07,0.0015178915483569624,5.283776245317106e-07,4.448471531150983e-07,0.00027710976334449465,0.9851635590247303,9.222387230953336e-10,4.4460661287558124e-05,0.001254366088014876,5.087480818787361e-07,5.661307981117246e-11,0.0101973386442183,1.8708984117925992e-08,3.1556194873753143e-06,3.163098948551252e-07,7.938346219334994e-07,4.165197225586234e-08,2.161020324411112e-06,2.668852519531427e-07,2.421532315581986e-06,0.0015339674221848559,2.50164609360998e-08,5.249161234895265e-08
6,3.1772321179286946e-10,5.9978941070361e-08,4.999276695522791e-07,0.0012553873487222173,5.492070347319064e-07,4.42375786611334e-07,0.0002751151534451809,0.9867552539084984,8.96095765177217e-10,4.0491311577926595e-05,0.0012211353159534094,4.6330534564256474e-07,5.4763883883076805e-11,0.008976706119737617,1.9014156579322802e-08,3.130255236055223e-06,2.954037807561973e-07,6.584000015722274e-07,4.4288655241493963e-08,2.0175643687731538e-06,2.466284640350383e-07,2.219623497462812e-06,0.001465191666344614,2.3709792638449425e-08,4.8224407074942335e-08
7,3.0671508102293565e-10,5.996076852630527e-08,4.816160309231399e-07,0.0012713789460579508,5.446142872884059e-07,4.3815390158699056e-07,0.00027083506472672217,0.9865997544504526,8.876081063798869e-10,4.019952964610088e-05,0.0012247819052608232,4.590619523342557e-07,5.331321820739821e-11,0.00911902109536805,1.917471155290303e-08,3.1407140799748915e-06,2.9696161991137715e-07,6.559192195526678e-07,4.338039251737326e-08,2.00959118829351e-06,2.4616857169958663e-07,2.2627796097099845e-06,0.0014632985613403202,2.3128220068206767e-08,4.7974957135756625e-08
8,2.1481779740367546e-10,4.198311557241909e-08,2.4906681915794935e-07,0.0005421603528037959,4.3596202821052156e-07,2.8468024431931794e-07,0.00020067137157831104,0.9926981985768207,8.471724062500864e-10,2.1573171892164102e-05,0.0012753236155520005,3.435082027969158e-07,3.665911837742247e-11,0.004572336860187903,3.201604839086602e-08,3.0636309184977753e-06,3.1853341406784906e-07,5.336281865040456e-07,6.434420384834044e-08,1.0571543269617328e-06,2.0638428653812303e-07,4.3336182587242244e-06,0.0006787246821483845,1.5403387292521637e-08,3.035692648845787e-08
9,2.911769504746618e-10,3.802397897964248e-08,3.122810448487732e-07,0.00047382069725945467,7.010474022535865e-07,3.467179276232472e-07,0.0002273413168781338,0.9907987279226517,7.217800133608762e-10,2.242414426119164e-05,0.0014980254894848756,3.0626215850891585e-07,4.772195213894669e-11,0.00595545959182723,2.4177605739067897e-08,2.894865043496356e-06,3.6673207728542953e-07,5.22362914059148e-07,5.965271315198218e-08,1.4418645867821066e-06,1.813301847116038e-07,2.7261041067190805e-06,0.0010142244953212868,1.88176737007833e-08,3.5042219567184e-08
10,3.1772321179286946e-10,5.9978941070361e-08,4.999276695522791e-07,0.0012553873487222173,5.492070347319064e-07,4.42375786611334e-07,0.0002751151534451809,0.9867552539084984,8.96095765177217e-10,4.0491311577926595e-05,0.0012211353159534094,4.6330534564256474e-07,5.4763883883076805e-11,0.008976706119737617,1.9014156579322802e-08,3.130255236055223e-06,2.954037807561973e-07,6.584000015722274e-07,4.4288655241493963e-08,2.0175643687731538e-06,2.466284640350383e-07,2.219623497462812e-06,0.001465191666344614,2.3709792638449425e-08,4.8224407074942335e-08
11,3.493948799283167e-10,6.341727311617712e-08,5.315932085426359e-07,0.001281764561076384,5.842648870568727e-07,4.581619674913671e-07,0.00028684602761934653,0.9864227860288622,9.711276278977347e-10,4.114911854202694e-05,0.0012576814550504939,5.071957877994185e-07,6.30407472383367e-11,0.009194965455915085,1.957277781806415e-08,3.241091566083805e-06,3.125232735536444e-07,6.885346442030722e-07,4.7351833762691934e-08,2.140879932704328e-06,2.6010072058183654e-07,2.2862228277465424e-06,0.0015035884024319685,2.58563030975564e-08,5.079993566862355e-08
12,2.9677701665199546e-10,5.4531254653623894e-08,4.937529712800962e-07,0.0011565162175026231,4.924305676926748e-07,4.124393994922198e-07,0.0002623676459462926,0.9885161408322402,8.853096732137777e-10,3.6689745035888e-05,0.0011692481247706893,4.509884604701979e-07,5.21200893860736e-11,0.0075407298153275645,1.8763710079753077e-08,3.0511916229719335e-06,2.568931730978004e-07,5.968962067330977e-07,4.5073185619098246e-08,1.8370560265349863e-06,2.2810970474838657e-07,2.1069034383749612e-06,0.001308195676235816,2.3497128058431807e-08,4.218188459463672e-08
13,3.526784716932682e-10,6.49314318032337e-08,5.41258337585537e-07,0.0012878261334291364,5.626875959392659e-07,4.770099422510993e-07,0.00028451177296999507,0.9874878593928723,9.434356662805387e-10,4.944821719449181e-05,0.0010506785881572232,4.327336043054801e-07,5.59642522612781e-11,0.00839987789871114,1.9532238525299568e-08,3.4862821936495443e-06,3.011797966738304e-07,7.132346415100734e-07,4.642761666010815e-08,2.217669604273397e-06,2.5986607756834224e-07,2.1726474710846267e-06,0.0014284259186400485,2.421510274721812e-08,5.105029284760524e-08
14,3.132723894984166e-10,5.707681694583317e-08,5.199345357921308e-07,0.0012653559817042376,5.221093831996147e-07,4.3635891306973347e-07,0.0002666075485700882,0.987186981441065,8.862850123714262e-10,3.878067683095845e-05,0.0011876302306828418,4.6511204880991515e-07,5.560966607791342e-11,0.008598810874646475,1.8671482771113113e-08,3.112198621034062e-06,2.9540215123888175e-07,6.421459147213114e-07,4.2793468032664755e-08,1.9840712514720966e-06,2.459210900770677e-07,2.2000863374934558e-06,0.0014452191691231473,2.3372532716841118e-08,4.756766295424107e-08
15,3.1772321179286946e-10,5.9978941070361e-08,4.999276695522791e-07,0.0012553873487222173,5.492070347319064e-07,4.42375786611334e-07,0.0002751151534451809,0.9867552539084984,8.96095765177217e-10,4.0491311577926595e-05,0.0012211353159534094,4.6330534564256474e-07,5.4763883883076805e-11,0.008976706119737617,1.9014156579322802e-08,3.130255236055223e-06,2.954037807561973e-07,6.584000015722274e-07,4.4288655241493963e-08,2.0175643687731538e-06,2.466284640350383e-07,2.219623497462812e-06,0.001465191666344614,2.3709792638449425e-08,4.8224407074942335e-08
16,3.144383074614457e-10,6.105008130268367e-08,4.902000901582713e-07,0.0012590027426684699,5.399910893482821e-07,4.363963608524542e-07,0.0002748108411978611,0.9867574530708262,8.94266449696151e-10,4.124026018224328e-05,0.0012004596705863402,4.679541968851291e-07,5.4203167589064825e-11,0.00899922601582187,1.9055021646283006e-08,3.112581159780801e-06,2.9378415456053385e-07,6.597093896999893e-07,4.470228149468885e-08,2.008957118421345e-06,2.493382072522851e-07,2.259627842139878e-06,0.00145709108681013,2.3428692698260853e-08,4.827331274163944e-08
17,4.1214632045910433e-10,5.2014634530958946e-08,9.532176680303419e-07,0.0007732193368388983,2.981929053494019e-07,6.600160028227521e-07,0.00026321562724787963,0.9950201034929791,1.0803917617961404e-09,6.451291086915051e-05,0.0006265720477101168,2.406709985024922e-07,3.319303428072982e-11,0.0026533188781830376,2.206065391370654e-08,3.9812401443661216e-06,1.1248510847033204e-07,6.261169167651901e-07,7.916601982036897e-08,1.3010094431461148e-06,2.0660549737360897e-07,1.280994715412427e-06,0.0005891844601045652,2.8457596646799126e-08,2.9472030875666423e-08
18,4.2256986216137565e-10,7.960537544956795e-08,5.20471371647569e-07,0.001617990822909496,7.633935918060662e-07,5.013704878234668e-07,0.00035273673460996827,0.9784587322479671,8.51874028068675e-10,6.17885986604647e-05,0.0013732782313792917,5.555619701918231e-07,6.743542613142588e-11,0.015848811931933694,1.984481785515879e-08,3.107491135367779e-06,5.05716492126049e-07,1.0097589227977518e-06,4.1493274968212976e-08,2.6919655393563674e-06,3.3155888369980905e-07,2.883376349185951e-06,0.0022735382006560524,2.3456896022049812e-08,8.682489636434375e-08
19,3.4298370922173505e-10,7.202737746937606e-08,5.907464763754035e-07,0.0015465041853943821,4.915095566710423e-07,4.1673294838339173e-07,0.0003260637027860568,0.9868029433648106,1.1052137354889377e-09,4.209238412472924e-05,0.0011176155287254837,6.439459771265553e-07,6.273662841746426e-11,0.008754704616837554,1.9764840703337425e-08,3.088743475296529e-06,2.617865109505044e-07,6.580410909713894e-07,4.616415111622576e-08,1.8475498100139446e-06,2.768125618144666e-07,2.393599107292609e-06,0.0013991896718426094,2.4889278808705545e-08,5.2721381454144767e-08
20,8.580785773066199e-10,1.5397048414508126e-07,1.0757409371596603e-06,0.002373162131153396,1.7316019359702576e-06,1.0381981428250947e-06,0.0005658279379730515,0.966162059182124,1.4202997626361904e-09,0.0001122410661597027,0.0019801092684610055,7.359283401456347e-07,1.3739593848297978e-10,0.0236353020900678,1.694225311533607e-08,4.269196039153619e-06,6.932493033776084e-07,1.2497214556215463e-06,6.81938615781298e-08,5.94923737412793e-06,5.220137558522469e-07,2.117411949826785e-06,0.005151486117676467,6.291360865884396e-08,1.254711687048852e-07
21,3.3453109516421934e-10,7.908810189957927e-08,4.6770110057361363e-07,0.0015499189830954997,4.728475394956459e-07,4.4276026114881005e-07,0.0002555112915859638,0.9845848446294309,1.0569476989373914e-09,4.853807340733379e-05,0.001035598745271359,5.461955052041211e-07,5.6930269790902336e-11,0.011235428779020435,1.7227340903619227e-08,3.5807491739691423e-06,2.5830930920080634e-07,7.423205927609341e-07,4.567122032244436e-08,2.230727935814716e-06,2.53278238809503e-07,2.2611778858779795e-06,0.0012786894721644945,2.4010841633243742e-08,4.651256725189953e-08
22,2.0988921395255425e-10,7.154125736348628e-08,4.1923098380293434e-07,0.001322881521181515,4.894564577370455e-07,3.1799616915287943e-07,0.00040212641137715954,0.9877558894969384,9.828589618113915e-10,3.8837465550940674e-05,0.0008563285382853003,7.425264026251764e-07,6.44347127359746e-11,0.008095464655104167,1.5703766345129402e-08,2.71464078100835e-06,1.572204856612837e-07,3.1426563172040115e-07,4.698121470536433e-08,1.7286107312777264e-06,2.185396967747807e-07,1.6063091053428532e-06,0.0015195655000899385,2.117535600849178e-08,4.0956250117150467e-08
23,3.1772321179286946e-10,5.9978941070361e-08,4.999276695522791e-07,0.0012553873487222173,5.492070347319064e-07,4.42375786611334e-07,0.0002751151534451809,0.9867552539084984,8.96095765177217e-10,4.0491311577926595e-05,0.0012211353159534094,4.6330534564256474e-07,5.4763883883076805e-11,0.008976706119737617,1.9014156579322802e-08,3.130255236055223e-06,2.954037807561973e-07,6.584000015722274e-07,4.4288655241493963e-08,2.0175643687731538e-06,2.466284640350383e-07,2.219623497462812e-06,0.001465191666344614,2.3709792638449425e-08,4.8224407074942335e-08
24,3.371322333305421e-10,7.492840050844232e-08,4.713106606211e-07,0.0015777633311071552,5.415317257737367e-07,4.4991917362121874e-07,0.00026551680502132053,0.9832516452036455,9.322252224141212e-10,4.897215450937326e-05,0.0011579612173732152,5.114527233141943e-07,5.805570852614217e-11,0.012107913797445111,1.6742656624579747e-08,3.2464383903634628e-06,3.1905488403703103e-07,7.724810425170889e-07,4.254052674471265e-08,2.4704297555057123e-06,2.616325703513369e-07,2.2948299382680012e-06,0.0015786770708750375,2.443083196637434e-08,5.136932965603823e-08
25,2.964853089251838e-07,1.539972995503285e-05,0.0004092930093677627,0.01980493389079279,5.048952806174574e-05,7.443908928025169e-05,0.03106164256902039,0.6662704799153443,8.009760424818053e-08,0.0610797973586503,0.0009889326303071308,1.8604350108033893e-05,3.2200224748709544e-08,0.023646776660648964,1.5429883520799148e-06,0.00012310900681654003,5.9913820078918355e-05,4.300764174389501e-05,5.032345588087921e-06,0.0002610696503675506,0.00012724982962215677,6.130013494426218e-05,0.19578414495249918,2.8407541967339903e-06,0.00010959136111612961
26,6.261247864427554e-10,8.309256729042852e-08,9.419307961427925e-07,0.0016585172634919075,9.403940879390342e-07,7.097804794899141e-07,0.0003284301475139704,0.9832166109972778,1.2768587633125758e-09,5.748189202938676e-05,0.0017585746487683376,5.75856532786707e-07,1.0949502089720796e-10,0.010063041806052369,1.91075286549759e-08,3.887543580027132e-06,5.162444027734802e-07,9.80783319354354e-07,6.488240796019538e-08,3.995799783118907e-06,3.758139264963324e-07,2.4241561605990156e-06,0.0029017016358358766,5.727462661816616e-08,6.693635266671344e-08
27,5.548437633483648e-10,8.83440868107749e-08,8.547827846329833e-07,0.001778465524424272,8.748819011204623e-07,5.983307257018369e-07,0.0004599933359159866,0.9811433695857991,1.1051392549676821e-09,6.659859730913205e-05,0.0013491012176004961,6.681977509413696e-07,8.821227000119126e-11,0.01269937242777648,1.6493675274538818e-08,3.225159655004195e-06,3.4518609210268495e-07,8.610119130018294e-07,4.873986456602388e-08,3.0373704844241213e-06,3.333954615213505e-07,1.6945940319200943e-06,0.0024903336002296424,3.60103402926188e-08,8.146398207652938e-08
28,3.1772321179286946e-10,5.9978941070361e-08,4.999276695522791e-07,0.0012553873487222173,5.492070347319064e-07,4.42375786611334e-07,0.0002751151534451809,0.9867552539084984,8.96095765177217e-10,4.0491311577926595e-05,0.0012211353159534094,4.6330534564256474e-07,5.4763883883076805e-11,0.008976706119737617,1.9014156579322802e-08,3.130255236055223e-06,2.954037807561973e-07,6.584000015722274e-07,4.4288655241493963e-08,2.0175643687731538e-06,2.466284640350383e-07,2.219623497462812e-06,0.001465191666344614,2.3709792638449425e-08,4.8224407074942335e-08
29,3.1772321179286946e-10,5.9978941070361e-08,4.999276695522791e-07,0.0012553873487222173,5.492070347319064e-07,4.42375786611334e-07,0.0002751151534451809,0.9867552539084984,8.96095765177217e-10,4.0491311577926595e-05,0.0012211353159534094,4.6330534564256474e-07,5.4763883883076805e-11,0.008976706119737617,1.9014156579322802e-08,3.130255236055223e-06,2.954037807561973e-07,6.584000015722274e-07,4.4288655241493963e-08,2.0175643687731538e-06,2.466284640350383e-07,2.219623497462812e-06,0.001465191666344614,2.3709792638449425e-08,4.8224407074942335e-08
30,3.1772321179286946e-10,5.9978941070361e-08,4.999276695522791e-07,0.0012553873487222173,5.492070347319064e-07,4.42375786611334e-07,0.0002751151534451809,0.9867552539084984,8.96095765177217e-10,4.0491311577926595e-05,0.0012211353159534094,4.6330534564256474e-07,5.4763883883076805e-11,0.008976706119737617,1.9014156579322802e-08,3.130255236055223e-06,2.954037807561973e-07,6.584000015722274e-07,4.4288655241493963e-08,2.0175643687731538e-06,2.466284640350383e-07,2.219623497462812e-06,0.001465191666344614,2.3709792638449425e-08,4.8224407074942335e-08
31,3.07047967192743e-10,4.058027725827992e-08,5.13017949776443e-07,0.0008790330755342529,3.830259687525807e-07,3.47755998737264e-07,0.00022678469749674843,0.9909444101162342,6.67968927403019e-10,3.520314350672157e-05,0.0008371762475920831,3.505920237348999e-07,4.650063067172114e-11,0.006071001087729446,1.3868434725738067e-08,2.3988315505068947e-06,2.139648712261453e-07,5.804650972660434e-07,3.9271286589799265e-08,1.5997553153388692e-06,1.88530679378603e-07,1.5390879178810482e-06,0.0009981279759318255,1.879378255266227e-08,3.5093303599269526e-08
32,3.2451294604006044e-10,5.890766870774442e-08,4.993727611943045e-07,0.0011523055482400885,5.390407553799507e-07,4.383032379090922e-07,0.00027147374763308434,0.9876954531277878,9.177152094996587e-10,3.938604432816203e-05,0.0011982599552480498,4.5994946205150695e-07,5.599811032892642e-11,0.008270793901012045,1.943842005302948e-08,3.1493105615905477e-06,2.8746625183816004e-07,6.493676639144238e-07,4.794276890476722e-08,1.9452201058119273e-06,2.434378254997806e-07,2.238503554702874e-06,0.0013616800609872995,2.4136868020594108e-08,4.591863169444457e-08
33,2.7258009243236336e-10,5.5095610045092336e-08,4.206496423739368e-07,0.001147055214482732,5.216657594257819e-07,4.209703595047452e-07,0.0002423481548084582,0.9864514301416291,7.97453788102414e-10,3.754307507383273e-05,0.0012297732128642032,4.240940694318097e-07,5.284556060395944e-11,0.009438850498233906,1.7259934422387755e-08,2.9948017105790675e-06,3.02772038220057e-07,6.170554484815638e-07,4.336662197655061e-08,1.999712137904006e-06,2.3207283675279384e-07,2.2564245302962243e-06,0.001442628316085394,2.2363464988351354e-08,4.195977874034343e-08
34,4.817609220840396e-10,6.578764118568206e-08,6.483149428564842e-07,0.0008759753586171293,5.76339743603871e-07,4.5021684293674464e-07,0.0002761911463698517,0.9899271642514277,1.3192228960152588e-09,2.944258223805159e-05,0.0012828197613997505,5.584364930410482e-07,7.390035376356394e-11,0.00660090610387534,2.1635394647518646e-08,3.1852174353037306e-06,2.7470146257583783e-07,6.457621971473629e-07,7.328856070295344e-08,1.6851512869837878e-06,2.540764426048431e-07,2.269589128944257e-06,0.0009967194183968149,3.007375483438589e-08,4.091146399189792e-08
35,3.105203884973102e-10,6.92693621593413e-08,5.052951547449902e-07,0.0014436577987126163,6.616697217976918e-07,5.259075576766242e-07,0.0002927021762070553,0.9838692740562957,9.655648551837486e-10,4.407324933509424e-05,0.0014540300112952066,4.977137181873162e-07,6.122264303185432e-11,0.011001643500724087,2.140563063802485e-08,3.4894627051449688e-06,3.452714856849323e-07,6.515588206959935e-07,4.698771122403953e-08,2.385935922644589e-06,2.738048557123395e-07,2.4147079375086897e-06,0.0018826467447513148,2.657790020914443e-08,5.5556887058450944e-08
36,2.1540626474677305e-10,3.2562341133526635e-08,3.085117959204395e-07,0.0006428024916904077,2.79532406469705e-07,2.0337490338134778e-07,0.0001890961692438835,0.9925279226005296,6.778517270745316e-10,1.8111866670330164e-05,0.0007238996000075129,4.799335656341789e-07,4.8827683150406317e-11,0.005359621630055604,1.5903253408580482e-08,2.5042835979202585e-06,1.8207212418154949e-07,3.9905347777563773e-07,3.659357443502123e-08,1.0126242040459644e-06,1.4010981605920982e-07,2.0002304108838458e-06,0.0005309110912105615,1.1321284557279307e-08,2.7501750550806798e-08
37,5.139313432267449e-10,7.498851364226522e-08,7.629385329299971e-07,0.0015244632221596947,6.223501801597184e-07,5.022201810475587e-07,0.0003339037974589424,0.9861967381322554,1.054033540139593e-09,5.546056301048046e-05,0.0012845086935168637,5.432880329974771e-07,7.011445572894695e-11,0.008777307399296623,1.6876091799091565e-08,3.1737590035931992e-06,3.251679411575314e-07,9.140754742726588e-07,5.255096101738551e-08,2.585690203847222e-06,2.979873297124907e-07,2.1388564846499852e-06,0.0018155117819178062,3.720683043496424e-08,5.681654368198817e-08
38,3.9436844309706945e-10,6.30719927081333e-08,6.155818088562357e-07,0.0011291866250030327,6.219929107196499e-07,5.334367489178994e-07,0.0003185309503191801,0.9877057740775497,1.0523035152332102e-09,4.447246708476231e-05,0.0012125666394797727,4.6124752710548483e-07,6.03713775995965e-11,0.008211233704142458,2.216147269185729e-08,3.487413026777673e-06,2.7579427610212667e-07,6.895629259129058e-07,5.2820246179431765e-08,1.922069821158952e-06,2.495037259411534e-07,2.096216925600996e-06,0.0013670640981823276,2.6360606105719893e-08,5.269718061808503e-08
39,4.905099083882084e-10,1.5108673864609027e-07,5.347048878464763e-07,0.002528044497042617,1.0141934790143199e-06,5.55430145909949e-07,0.00042657826918327647,0.9676447929230307,1.2870957901825504e-09,6.800168632701471e-05,0.0020236779204651782,8.363239403604683e-07,7.547118388581832e-11,0.023974341456958887,2.1678686087438282e-08,3.6573287280397205e-06,4.5823428069652616e-07,9.541930108742144e-07,5.3333336446008963e-08,3.768070279209453e-06,3.380975311649549e-07,3.147218096265903e-06,0.0033189416258724495,3.834509531493606e-08,9.152980695154949e-08
40,4.993193109343905e-10,8.370793118599872e-08,7.516887328220389e-07,0.0013320449892862242,6.851914873630637e-07,5.418798011132534e-07,0.00038822503859928817,0.9844625833449637,1.3265413521729783e-09,4.3440203159116555e-05,0.001373744827593134,7.19201731538543e-07,7.800886300513753e-11,0.010803621958036401,2.530507517276892e-08,3.2720514798631798e-06,3.312632561196712e-07,7.466868226081295e-07,5.9249686608514025e-08,1.8317657380635378e-06,3.0947790245742183e-07,2.6954925439374076e-06,0.0015841847040331599,2.7302889883305592e-08,7.276538043916991e-08
41,5.535973095560072e-10,6.672082422061688e-08,7.291427863541753e-07,0.001110044270307022,9.509255166047349e-07,5.35840309887113e-07,0.00038209032627397206,0.9889334051649977,1.453389681983905e-09,3.6989718561782824e-05,0.0012502977235886194,5.222800179976062e-07,8.190125724187912e-11,0.00699278023572387,2.722669185075443e-08,4.584146645521531e-06,2.7943738843821215e-07,6.436609354269831e-07,5.288247525714821e-08,2.36632036449353e-06,2.1945897691336688e-07,1.7445999265705584e-06,0.0012815780298599962,3.073670556237776e-08,5.906223376150988e-08
42,5.182691552072052e-10,9.721750136120621e-08,6.912786195873815e-07,0.0019189241305143047,1.0572464365007124e-06,6.420449006018182e-07,0.00042856040640252787,0.9750440441034647,1.1208023897506015e-09,5.985648875537261e-05,0.001825924380013493,6.030788036564898e-07,7.36547677272384e-11,0.01787454046120027,2.0053414772318815e-08,3.291564830263148e-06,4.4575455067087155e-07,9.533250044620124e-07,4.461879704609407e-08,3.1036657844476065e-06,3.3327697889805834e-07,2.2834618810507287e-06,0.002834459466433001,3.383520366628321e-08,8.842778291273305e-08
43,2.63656369542955e-10,5.979712910802126e-08,4.494934324436855e-07,0.001206825563037857,4.5562877978289035e-07,4.884881149786985e-07,0.00024176475037291764,0.9877541768815776,7.760462899184374e-10,6.135409245943183e-05,0.0008915170717137257,3.5261827871616783e-07,4.75916821756263e-11,0.00834279966977135,1.715945555011279e-08,3.251521522458699e-06,2.986464499816663e-07,6.976776812169845e-07,4.622561084388211e-08,2.1869828719852317e-06,2.8577400679931886e-07,2.3432410043065653e-06,0.0014905612919351202,2.153354389873562e-08,4.4803955476948395e-08
44,3.1772321179286946e-10,5.9978941070361e-08,4.999276695522791e-07,0.0012553873487222173,5.492070347319064e-07,4.42375786611334e-07,0.0002751151534451809,0.9867552539084984,8.96095765177217e-10,4.0491311577926595e-05,0.0012211353159534094,4.6330534564256474e-07,5.4763883883076805e-11,0.008976706119737617,1.9014156579322802e-08,3.130255236055223e-06,2.954037807561973e-07,6.584000015722274e-07,4.4288655241493963e-08,2.0175643687731538e-06,2.466284640350383e-07,2.219623497462812e-06,0.001465191666344614,2.3709792638449425e-08,4.8224407074942335e-08
45,8.879008629140645e-10,3.333683433142603e-07,9.507038026023298e-07,0.004100474656364791,2.053663965920185e-06,1.106590153280693e-06,0.0006291207092041119,0.9392215975260761,1.8166439090471637e-09,0.00018323173025318483,0.00234041851899851,1.164767776297298e-06,1.6216262537677978e-10,0.04304490705657082,1.907017764138534e-08,4.160352528362482e-06,1.2862555139334148e-06,1.643467541814451e-06,8.901864435569749e-08,8.8874694377787e-06,1.047194752926512e-06,4.444258873622137e-06,0.01045278743630372,7.652183283522358e-08,1.967961767179779e-07
46,2.866085873989613e-10,5.276872488721378e-08,4.966122017890577e-07,0.001368789758272591,5.155174866141493e-07,4.817374893293206e-07,0.00020624892555012615,0.9862989589251976,8.322028134199676e-10,3.524073968827241e-05,0.0013619194930922145,4.5203906149432234e-07,7.02776885105273e-11,0.009072771335605488,2.0623423141756232e-08,3.466125113860129e-06,5.045522385317445e-07,7.169128599696939e-07,4.396928017796675e-08,2.4657928801718467e-06,2.9718539021332184e-07,3.1228803127470944e-06,0.00164335846745063,2.5096968510199264e-08,4.93526226659432e-08
47,4.4585584723297706e-10,6.937608050076562e-08,5.892772867514547e-07,0.0011540623865808795,5.713785652326611e-07,3.79764967847619e-07,0.00031388556496686785,0.9890778698197759,1.1337397057455657e-09,3.981958881664558e-05,0.001019827836003204,6.710587479761267e-07,8.324517851491614e-11,0.007104944610380153,2.2782785865654815e-08,3.640295153171175e-06,3.2764180124682684e-07,6.644966074527039e-07,5.734051204929349e-08,2.1355273710511138e-06,2.6989761949854215e-07,2.6391644303248956e-06,0.0012774671572457364,2.612840048802183e-08,5.72430607162562e-08
48,3.1308167969987887e-10,6.379857013806563e-08,4.804654189384845e-07,0.0011333573954684245,5.325479118761407e-07,4.4415861763672794e-07,0.00027057612431317105,0.9871484403468179,8.953433239789583e-10,4.2488889765851584e-05,0.0011786327040312823,4.5971432909162245e-07,5.7068239645181543e-11,0.008782895591657739,1.8008979348269775e-08,3.0524086075880558e-06,2.96712565403117e-07,6.296263753634107e-07,5.286217304033094e-08,2.019887819616286e-06,2.5262729733966693e-07,2.293303394241771e-06,0.0014329427258802298,2.48127552384181e-08,4.402175732409198e-08
49,3.4174829345445034e-10,6.560224221575352e-08,5.967579544882809e-07,0.001515432344629619,5.359764197899808e-07,4.994051420684101e-07,0.0002832784525351997,0.9856432874004302,9.864157259050755e-10,4.578651838235526e-05,0.0012389976771179393,5.283249154155213e-07,6.369098669641702e-11,0.009589350825336369,1.943196345490413e-08,3.3251295354612758e-06,3.19660055858454e-07,7.17628534789489e-07,4.528881745585477e-08,2.2300545041628486e-06,2.833714621510748e-07,2.3905603286576615e-06,0.0016722269523956096,2.7078584413830758e-08,5.416685722818385e-08
50,7.846618281882768e-10,3.555686827461805e-07,1.9966122782348275e-06,0.014997750967522712,1.5311022578011713e-06,5.125119799997833e-06,5.23474956402032e-05,0.9377058303561345,1.68993604783592e-08,1.6090585487049447e-05,0.02510977087644188,7.49399619674214e-07,1.5405470764156812e-10,0.014133757108382872,1.0683330363251544e-07,2.3472019682958434e-05,2.795415903896964e-06,2.289013437580683e-06,1.9583470126563605e-07,1.9104002839215617e-05,1.659333633996557e-06,1.8470828063978515e-05,0.007905671495929453,8.753271024300204e-07,3.686507697069994e-08
51,3.836822067284005e-10,3.219615237190316e-08,6.45952005947522e-07,0.0006312467951857483,1.3223394751716105e-06,6.078605995065382e-07,0.0004289946076306455,0.9889572229463446,7.526593435941329e-10,3.943311512985599e-05,0.0016740094738596104,3.6645361473630317e-07,9.50363678013211e-11,0.005806929153683769,2.3364294881686807e-08,3.891091002673133e-06,3.865273267372301e-07,5.192527007321556e-07,5.1292670557279866e-08,2.3736580957294952e-06,2.3167323974923471e-07,1.5505754949366902e-06,0.0024500635540713003,3.272836976519284e-08,6.415767300469204e-08
52,4.32415907121209e-10,5.4392080916693976e-08,5.748691377305332e-07,0.0010925927098873463,5.61091281829403e-07,5.885543472716143e-07,0.0002350679484243781,0.9856538374939959,7.973901719734615e-10,5.5975483817079985e-05,0.0012814448318384081,3.1312880008835495e-07,4.381619486902716e-11,0.010131422734415557,2.0629904468846457e-08,3.5725040354124123e-06,3.64009189496199e-07,1.0348227946520529e-06,4.487441044939768e-08,2.1115414304561757e-06,2.1949123372073146e-07,2.5879681380547987e-06,0.0015375290266097835,2.4287820449950123e-08,5.6332784300310604e-08
53,2.626747820275769e-10,5.280472145670902e-08,4.511271008439702e-07,0.0012321429172961894,6.305572157149905e-07,3.709242734398399e-07,0.0003875590689336303,0.9873208091097976,8.546930608652461e-10,3.726024998277347e-05,0.0012639659022356568,5.303926903968989e-07,5.33861560229553e-11,0.00817734573341932,1.893203955364977e-08,2.895016816467845e-06,2.2673811677622385e-07,5.147208289887278e-07,3.736291850159482e-08,1.710110650072024e-06,2.165791850804114e-07,1.8576709910339037e-06,0.0015713310439745703,2.194274105932918e-08,4.992331677761707e-08
54,3.928109039471327e-10,8.70090177103303e-08,4.974200484839133e-07,0.0013752022257323845,6.20018118028549e-07,4.947025145429521e-07,0.0003239043726256965,0.9829631645995108,1.0293428741182602e-09,5.3834233072613326e-05,0.0010794182767094181,5.658429814822015e-07,5.926316748574041e-11,0.012727143652208775,2.5875414890308385e-08,3.6981265532131887e-06,3.138155893682822e-07,7.191167235075233e-07,4.956885000154003e-08,2.1596530266849633e-06,2.4942223124779077e-07,2.5943632431790516e-06,0.0014651644900730485,2.0002457821224273e-08,7.173188008706371e-08
55,5.29333668772772e-10,8.097418205496674e-08,7.639003346762384e-07,0.0015287617985515342,5.530152028544543e-07,4.0586922824750755e-07,0.00037956367646901066,0.988708643551541,1.6917085283732009e-09,3.64865034008226e-05,0.0010910112955365109,9.42403790425142e-07,9.943754771135884e-11,0.007131763377573169,2.163197200896515e-08,3.705657127218329e-06,2.622057042220893e-07,7.610134728961463e-07,5.8505808656866003e-08,1.910777853991081e-06,3.0553311020035724e-07,2.407182580323467e-06,0.0011115000803280154,3.2833562227301504e-08,5.5892190055187614e-08
56,3.5255136391105877e-10,6.356684041444575e-08,5.315441356495407e-07,0.0012612565482738997,5.798438631971194e-07,4.5706819130961315e-07,0.0002868653133062371,0.9865223492668934,9.729947369231046e-10,4.1208757207006816e-05,0.0012451624268385519,5.065585867559471e-07,6.245694838384138e-11,0.009151868128067203,1.9874512406703943e-08,3.2449576065946e-06,3.128809894943053e-07,6.924858407708081e-07,4.787266427744115e-08,2.09685451012108e-06,2.6022737959562136e-07,2.3205605744882757e-06,0.0014800772042810168,2.538645437713934e-08,5.128498015575761e-08
57,3.2782228123049246e-10,5.928323190334811e-08,4.824275637209045e-07,0.0010624891350084998,5.014223464270532e-07,3.7178727990977633e-07,0.00026126927605251717,0.9894687426758042,9.906203921638517e-10,3.6949494052035476e-05,0.0009800776133501818,5.710872331547077e-07,7.552800415192748e-11,0.006961285060977854,1.9323723712091856e-08,3.46761599232317e-06,3.002590745355285e-07,5.696204087666683e-07,5.4063394005216855e-08,2.0982496085988396e-06,2.5126968058287514e-07,2.3790600469087926e-06,0.001217991484044962,2.3817540601179266e-08,4.4579614026674744e-08
58,3.674291002466153e-10,6.277808602496955e-08,5.552782113209827e-07,0.0012305068429809213,5.861437180189604e-07,4.5714655690777563e-07,0.00029056351634280627,0.9870274415503234,1.00530602899529e-09,3.95011471117783e-05,0.0013161822245941672,5.231607721043941e-07,6.483371212556261e-11,0.008585081640521965,1.948137629694777e-08,3.240960065064753e-06,2.9880591321202173e-07,6.860463249310744e-07,5.080179160324537e-08,2.080358276234999e-06,2.575911705142359e-07,2.2731330180963987e-06,0.0014995528020836466,2.857283580643656e-08,4.858035649790192e-08
59,3.462055809539181e-10,6.039646854272635e-08,5.740937939791006e-07,0.0012778681021254489,5.621814306966421e-07,4.646093984707236e-07,0.00028291970098837186,0.9875231672008608,9.75185782876769e-10,4.033082335929983e-05,0.0012808654412022117,4.852182519080317e-07,6.017523523867102e-11,0.00804436685376549,1.901533510434253e-08,3.1902226481892284e-06,2.8695560077349937e-07,6.609597428850909e-07,4.810480057603622e-08,2.102068450439667e-06,2.5779608276917126e-07,2.1663120836582007e-06,0.0015395272477874836,2.8544400680645295e-08,4.67698558318677e-08
60,3.1772321179286946e-10,5.9978941070361e-08,4.999276695522791e-07,0.0012553873487222173,5.492070347319064e-07,4.42375786611334e-07,0.0002751151534451809,0.9867552539084984,8.96095765177217e-10,4.0491311577926595e-05,0.0012211353159534094,4.6330534564256474e-07,5.4763883883076805e-11,0.008976706119737617,1.9014156579322802e-08,3.130255236055223e-06,2.954037807561973e-07,6.584000015722274e-07,4.4288655241493963e-08,2.0175643687731538e-06,2.466284640350383e-07,2.219623497462812e-06,0.001465191666344614,2.3709792638449425e-08,4.8224407074942335e-08
61,3.5380323665977527e-10,6.150660262383801e-08,5.699515750709767e-07,0.0012639106228437944,5.721112194509382e-07,4.6377875908047076e-07,0.00028656431572590885,0.9873520120113995,9.767045522340748e-10,4.0818711494607054e-05,0.0012699685180143788,4.949783875165159e-07,6.229602410194753e-11,0.008238923795476999,1.8992156258166724e-08,3.19242791850763e-06,2.9460658276556596e-07,6.686306860460719e-07,4.9002971711463755e-08,2.1290758227197513e-06,2.602051926952355e-07,2.1859958384638546e-06,0.00153676321723814,2.843744591440881e-08,4.7713844018000274e-08
62,3.1772321179286946e-10,5.9978941070361e-08,4.999276695522791e-07,0.0012553873487222173,5.492070347319064e-07,4.42375786611334e-07,0.0002751151534451809,0.9867552539084984,8.96095765177217e-10,4.0491311577926595e-05,0.0012211353159534094,4.6330534564256474e-07,5.4763883883076805e-11,0.008976706119737617,1.9014156579322802e-08,3.130255236055223e-06,2.954037807561973e-07,6.584000015722274e-07,4.4288655241493963e-08,2.0175643687731538e-06,2.466284640350383e-07,2.219623497462812e-06,0.001465191666344614,2.3709792638449425e-08,4.8224407074942335e-08
63,3.566406316448832e-10,7.029437006214571e-08,5.418991011349642e-07,0.0013560256119266223,5.975024122134502e-07,4.793204554907648e-07,0.00029142158732015604,0.9859756601287177,1.0121306011050664e-09,4.446240081907173e-05,0.0012639492811710026,5.057947142961368e-07,6.041590477538964e-11,0.009477066330449356,2.0625141953348003e-08,3.31109282933441e-06,3.1847239540466123e-07,7.012963685935076e-07,4.9452849425934357e-08,2.2148307794975458e-06,2.726193159636038e-07,2.3862815170618026e-06,0.0015798644245285805,2.6316390979918157e-08,5.300723892290683e-08
64,3.2892089670864257e-10,6.693928769309304e-08,5.214303717796064e-07,0.001351368015707348,5.558352665243555e-07,4.7602554436802654e-07,0.00028326084320757074,0.9860708797750933,9.687796928227053e-10,4.518411265106594e-05,0.0012115754137682739,5.027926709779718e-07,6.029047008161797e-11,0.009458143211097498,1.9740708360259144e-08,3.2003132568183163e-06,3.165380571679321e-07,7.026329669467848e-07,4.817377364661177e-08,2.1356283847468654e-06,2.8804381422042237e-07,2.4289437626639797e-06,0.0015682470634228727,2.5450430023770002e-08,5.1718765176739945e-08
65,4.1086398987354885e-10,6.345714544740788e-08,5.391735358298741e-07,0.001090709275743191,7.682532502067409e-07,4.561942851540041e-07,0.00027362393478066847,0.986738674745804,1.3128849512657626e-09,2.5400425638073748e-05,0.0019884563283508435,6.293204724499025e-07,8.564480938076875e-11,0.008384168400112298,2.4611860770929453e-08,3.751341053436935e-06,3.9919261430779454e-07,6.66330605668659e-07,6.290655528161492e-08,2.1439361276789653e-06,2.6167866392846587e-07,3.0206002772036013e-06,0.0014860965557542704,3.5626889978246364e-08,4.5901085475393753e-08
66,4.2181760387514007e-10,6.801567838739584e-08,6.350868276686014e-07,0.0012914217424953346,7.304649836010634e-07,5.517207944099842e-07,0.0003210802902205736,0.9864312989324086,1.0130138760830313e-09,5.2538316225786954e-05,0.0013060649905894941,4.669162855890148e-07,6.937923075923214e-11,0.008723573686395815,2.031013560661918e-08,3.51406454885251e-06,3.5209362771750896e-07,7.671068191578233e-07,5.2902861008847106e-08,2.6514727359970952e-06,2.974970767633365e-07,2.146635273710374e-06,0.0018616761213608019,3.199892793179492e-08,5.8129516536096724e-08
67,3.4131058324741863e-10,7.199822878761451e-08,6.437867197506155e-07,0.0021841782012961756,6.797149696513565e-07,7.3808764171226e-07,0.0002556830623045842,0.9771253931496158,8.724961399669698e-10,6.532872924125765e-05,0.0015493879707414284,4.671974843386541e-07,7.569244328666374e-11,0.015582335957233703,1.6892846327765313e-08,3.7018753222959196e-06,4.83598320795355e-07,9.058763866805762e-07,3.998221190980949e-08,3.827142184453634e-06,3.452867028580544e-07,2.392870713784246e-06,0.00322327410130838,3.6238374610575776e-08,6.699065131581089e-08
68,3.4008687309035827e-10,6.501556048014516e-08,4.3815443619611956e-07,0.001076021577412878,6.792967561067428e-07,4.448806526666323e-07,0.0002925118582092478,0.986301676410404,9.541939146350907e-10,3.8060669294803734e-05,0.0013537214490122109,4.6122418330411376e-07,5.6471491648863144e-11,0.009526564236687619,2.315073693734317e-08,3.412849029478621e-06,3.3035209511049086e-07,6.444795208378735e-07,5.069459435321472e-08,2.0349600276143097e-06,2.2856645254322124e-07,2.4922764460835168e-06,0.001400062439172336,2.292127557305868e-08,5.118728735261611e-08
69,2.6267508100492753e-10,5.3476104340394485e-08,5.462534297067255e-07,0.0014999706776938802,5.306882103837038e-07,4.694531941003117e-07,0.0002603180302210525,0.9872395785465754,8.830907572241482e-10,3.756764328250738e-05,0.0014442175108732842,4.6514654092095124e-07,5.813078433862547e-11,0.007657567713287408,1.6560947835416987e-08,2.947527513483073e-06,2.64708651692274e-07,5.90296883570401e-07,4.1777051608741645e-08,2.2787654192825402e-06,2.802061095201212e-07,1.909483728873975e-06,0.001850311905196572,3.26515597253649e-08,3.9773628450661706e-08
70,3.6241095285683713e-10,1.0228610300244808e-07,5.984818636953912e-07,0.0013675786826772513,7.958533434684368e-07,6.432238991047997e-07,0.0003840325099001874,0.9830749740305774,1.3726738300121574e-09,5.0108526305204864e-05,0.00238024377401951,6.79205206169129e-07,6.969284498091092e-11,0.0098953883020585,2.5843256718025224e-08,2.9690598864695926e-06,3.844127171860477e-07,7.335666586992069e-07,9.885637793166006e-08,2.091315131981954e-06,4.6871816079980776e-07,3.892695356529427e-06,0.0028340825783625613,5.1184503526485804e-08,5.508885677492279e-08
71,4.097486938550689e-10,1.0855406504510033e-07,4.5613169052365883e-07,0.0019881791363734742,1.1336939420360422e-06,5.111893825089907e-07,0.0003267682905026497,0.9781199590725418,1.0282178285777027e-09,7.985205460293027e-05,0.0010725787376159462,6.125396282404669e-07,1.1708474255131472e-10,0.015054707232597284,1.5531448829162176e-08,4.797737294420201e-06,5.215012730793751e-07,6.911050187262668e-07,4.755849424708816e-08,7.1344487356382056e-06,3.479341113623856e-07,1.8970507472009484e-06,0.003339568311974461,3.671555361263383e-08,7.391735481001757e-08
