,0,1,2,3,4,5,6,7,8,9,10,11,12,13,14,15,16,17,18,19,20,21,22,23,24
0,0.01681318148808689,3.91725971857748e-09,0.00017155638896149364,0.0016884641484714675,2.9748175217087288e-06,1.3988797677527026e-07,0.0009257897457770035,0.959645189496967,1.9754370469803392e-05,0.00991049962935439,0.0012160619119254944,0.000776849799403544,0.00649376994262408,2.136913349601996e-05,6.261026701606385e-06,0.00031524192901305785,0.001592392694287369,5.201645804656853e-05,1.957335478834559e-06,0.0002173944453576927,1.3040187043895498e-06,1.2162651180310405e-05,6.236872798825801e-06,0.00010800473879284787,1.4231513430089087e-06
1,0.013969996778497305,2.184341959891749e-09,0.0001459558469200319,0.0015326923658093858,2.1594094502308866e-06,1.0635230807931054e-07,0.0006530580276288976,0.963030737152599,1.8245706427276575e-05,0.010757827777314532,0.0009433367451345437,0.0005054285000834595,0.006595810201369736,1.1334590777760698e-05,3.890420016408899e-06,0.00030011843435497564,0.0012005039179685136,3.693953644570958e-05,1.6215216972413568e-06,0.0002000611014997647,8.404950362867446e-07,8.36373177131141e-06,4.103281611256833e-06,7.614448030308992e-05,7.214406332790705e-07
2,0.014270878431560222,2.8379211683227214e-09,0.0001357761798332103,0.0015250635563387287,2.3633040208367056e-06,9.696629372426595e-08,0.0006475868602520086,0.9646884534847441,1.8404588063351187e-05,0.009346264310988223,0.0011856845092038974,0.0005800738270845334,0.005857485039308028,1.5795709126054423e-05,5.3901023085805485e-06,0.0002402781033124841,0.0011407250966914994,4.163530948768835e-05,1.4289024454097398e-06,0.00020895278453554716,9.003694638364394e-07,8.493936368258479e-06,4.8345561190937776e-06,7.23965249327515e-05,1.0347095968197812e-06
3,0.015308047782319213,2.7938524906407597e-09,0.00014024942218268367,0.0016917099517098516,2.2998001698595873e-06,1.1535812717273011e-07,0.0007722759797749764,0.9623771072391863,1.7444724666248562e-05,0.00952132766989491,0.0010353239801780207,0.0006208112608194733,0.006518306929001504,1.5633394900795686e-05,4.7040834011926295e-06,0.00029394198001684506,0.0013257838287165037,4.528309919389592e-05,1.5891935252760983e-06,0.0002026854417491226,9.944823148452086e-07,9.64281115894122e-06,5.016587271692481e-06,8.869982867663926e-05,1.0023771915958295e-06
4,0.015745852040037284,2.755316564677403e-09,0.0001392813985944437,0.0016735797793042348,2.3013560214845076e-06,1.1741030493116122e-07,0.0007682204807923979,0.9614387470942893,1.6595818934796732e-05,0.009389428679830206,0.0009829876728417398,0.0006124834061502441,0.007189266449863556,1.619198216124737e-05,4.478312168849733e-06,0.0003089458456101502,0.001343549052847101,4.771172576234155e-05,1.7010957918505066e-06,0.0002078736725257877,9.700209709555246e-07,9.233938684172967e-06,4.9223691222785714e-06,9.459812103606664e-05,9.595210382155603e-07
5,0.014394933688452733,3.1267573961293656e-09,0.00012103034107804191,0.0020439355630266077,2.116380302030272e-06,1.289524762068978e-07,0.0006964720554497879,0.9640234742550456,1.683729501332409e-05,0.008563718992305106,0.0010405551245039164,0.0005979866241388798,0.00654295413886574,1.4764773792317484e-05,4.758462107022355e-06,0.0003185030250792519,0.0012479585101395699,5.6355074219538506e-05,1.583850750703995e-06,0.00021210443337495147,1.0072043230605889e-06,1.0136680780553203e-05,5.185959330265625e-06,8.25778025778002e-05,9.176861096034122e-07
6,0.015308047782319213,2.7938524906407597e-09,0.00014024942218268367,0.0016917099517098516,2.2998001698595873e-06,1.1535812717273011e-07,0.0007722759797749764,0.9623771072391863,1.7444724666248562e-05,0.00952132766989491,0.0010353239801780207,0.0006208112608194733,0.006518306929001504,1.5633394900795686e-05,4.7040834011926295e-06,0.00029394198001684506,0.0013257838287165037,4.528309919389592e-05,1.5891935252760983e-06,0.0002026854417491226,9.944823148452086e-07,9.64281115894122e-06,5.016587271692481e-06,8.869982867663926e-05,1.0023771915958295e-06
7,0.01550216674948104,1.8373523872494038e-09,0.00013277882640049945,0.0014211263002245678,1.9140471397166536e-06,7.39778801492532e-08,0.0006979237269116955,0.9624262443697379,1.389310867890956e-05,0.009952145353897589,0.0009133428289345005,0.0004636928190390318,0.006873066734474034,1.1342207500822932e-05,3.1573330049867423e-06,0.00022685557126550415,0.00107277541587289,2.8506656513529905e-05,1.3285317997268929e-06,0.00017537502756466747,5.716758767396688e-07,7.401900198240974e-06,2.9460878325715037e-06,7.06526084072479e-05,7.163040109370581e-07
8,0.010763297873020512,2.9336710802394958e-09,4.7302483083200885e-05,0.0019560564702504678,2.1388538775463264e-06,1.890295081306093e-07,0.0006431250039494222,0.9728162344823935,1.9267974857232493e-05,0.005140264145331209,0.0011136942231361757,0.00046107086190116643,0.005223092181989927,9.925393557511611e-06,4.786353169760596e-06,0.0004104430079108599,0.0010366714057714204,0.00013238360901730915,1.967006829023173e-06,0.00016166477135664084,6.478858011265372e-07,1.1454996483273993e-05,3.202374795894841e-06,4.057495719106341e-05,5.417211465132845e-07
9,0.010921106690414512,2.5203322107846088e-09,0.00010036393161283015,0.0017804249937821656,2.771500772400329e-06,2.36539042708938e-07,0.0010361077024589774,0.9684350366922373,1.814884934762663e-05,0.005694083766400078,0.0008659070032725611,0.0007319347450261994,0.007881919612412943,1.0119092844621596e-05,3.339912310534811e-06,0.0006825534085401364,0.0014678710794297698,9.976657457196521e-05,2.408994469354216e-06,0.00018661899975692432,1.01041974904395e-06,1.4535534376540694e-05,2.847477168192649e-06,6.04037142076967e-05,4.802454627647252e-07
10,0.015308047782319213,2.7938524906407597e-09,0.00014024942218268367,0.0016917099517098516,2.2998001698595873e-06,1.1535812717273011e-07,0.0007722759797749764,0.9623771072391863,1.7444724666248562e-05,0.00952132766989491,0.0010353239801780207,0.0006208112608194733,0.006518306929001504,1.5633394900795686e-05,4.7040834011926295e-06,0.00029394198001684506,0.0013257838287165037,4.528309919389592e-05,1.5891935252760983e-06,0.0002026854417491226,9.944823148452086e-07,9.64281115894122e-06,5.016587271692481e-06,8.869982867663926e-05,1.0023771915958295e-06
11,0.014457407949998483,2.477105779048778e-09,0.0001287547553662341,0.0015370219165740677,2.060551660878751e-06,1.0902681925802276e-07,0.0007176944553591762,0.9638597643566291,1.6126894834443717e-05,0.009083837561069114,0.0008969394867139601,0.0005722252681910018,0.006833500791074484,1.3654369434670759e-05,4.104838666512529e-06,0.0002867187911453934,0.0012532615741744236,4.312725081015944e-05,1.5573334842796194e-06,0.000190441916469581,8.734114494296514e-07,8.814427611641221e-06,4.40329704689222e-06,8.674213187952978e-05,8.551664311331837e-07
12,0.01488146613675969,2.702545070046737e-09,0.00013704239711553596,0.0016436540039304476,2.1657999508099317e-06,1.1069410841757497e-07,0.0007394494888299182,0.9633879752246423,1.693323015171749e-05,0.00931309182128583,0.001001544176615136,0.0006012277842561398,0.006353020669985252,1.4581632622247056e-05,4.555969474339023e-06,0.0002852726148232407,0.0012794079419051422,4.292831115509176e-05,1.5475484725945935e-06,0.00019314158003659013,9.496458354522138e-07,9.507585051835693e-06,4.702854597283699e-06,8.477314655833533e-05,9.470392915797844e-07
13,0.01587566702800855,3.717806240727604e-09,0.00012794744961199992,0.0017538914639959303,2.692450152841222e-06,3.2221667059806585e-07,0.0016246319640860565,0.9541962820641949,2.017786524459198e-05,0.013059808004496172,0.0003994876636691253,0.0005106216660312661,0.008736273276158432,1.049071068415753e-05,2.833401069058778e-06,0.00046019779121931405,0.002680374866609853,5.9170351112156565e-05,3.3180078213186103e-06,0.0001882359260886771,1.1500884822716783e-06,1.8120702063651737e-05,5.833638776327725e-06,0.0002612728851896843,1.194800756646059e-06
14,0.015321098573293439,2.7804733528382145e-09,0.0001401927073977493,0.0016858014888919688,2.293501712793913e-06,1.1499604831279275e-07,0.0007738971037233741,0.9623854742384943,1.7439028186150734e-05,0.009521601340499281,0.0010312206904513406,0.000621019575958863,0.006505669672093857,1.5616755568202575e-05,4.6913061896816165e-06,0.0002932146236440165,0.0013265907813848508,4.5039530949952326e-05,1.5833948949207166e-06,0.00020193155336116044,9.93977273008417e-07,9.626932939090297e-06,5.0155931003074745e-06,8.886653301924205e-05,1.0033204510446013e-06
15,0.015308047782319213,2.7938524906407597e-09,0.00014024942218268367,0.0016917099517098516,2.2998001698595873e-06,1.1535812717273011e-07,0.0007722759797749764,0.9623771072391863,1.7444724666248562e-05,0.00952132766989491,0.0010353239801780207,0.0006208112608194733,0.006518306929001504,1.5633394900795686e-05,4.7040834011926295e-06,0.00029394198001684506,0.0013257838287165037,4.528309919389592e-05,1.5891935252760983e-06,0.0002026854417491226,9.944823148452086e-07,9.64281115894122e-06,5.016587271692481e-06,8.869982867663926e-05,1.0023771915958295e-06
16,0.015846378094793317,2.725779719209772e-09,0.00015329232589923172,0.002118511298533585,2.596125231663336e-06,1.4617113388453371e-07,0.000816863744002536,0.9599380876067546,1.5049565704475278e-05,0.008464763143754175,0.0012373026384331909,0.0008403881884222626,0.00822665347207051,2.189364968142397e-05,5.335202658687051e-06,0.00045729121603109603,0.001401442670417155,7.750756159202409e-05,1.8016988087189298e-06,0.0002636323027937394,1.4711572500965848e-06,9.476942074463453e-06,5.921079579390234e-06,9.333044284266814e-05,8.609757573019597e-07
17,0.00844236132501884,4.557950007234537e-09,0.00013842836119338218,0.001113594534475104,1.4739819482498755e-06,2.945020714067651e-07,0.00026125247131854416,0.9608572397511953,2.0369835195663667e-05,0.019509484097560224,0.0007464248310336925,0.00027090684170103007,0.006616010767526949,5.911571482416176e-06,8.55698233102932e-06,0.0003916973989619644,0.0011887845953793288,7.794647004732874e-05,5.341738561693961e-06,0.00020538422657811762,1.3202517339685053e-06,9.890315401550133e-06,6.528871449559273e-06,0.00012030597786765407,4.857420169772068e-07
18,0.01572911425318135,2.8770822464199926e-09,0.00014040479090688838,0.0016906838646966113,2.368257459621703e-06,1.170284483527121e-07,0.0007935791578910647,0.9617818224105906,1.7869579554620818e-05,0.009588894638036747,0.0010461058980241477,0.0006233983825712614,0.006533319417600963,1.605909199490423e-05,4.769984206096027e-06,0.0002923836302407852,0.0013791565141576627,4.622852497616827e-05,1.6274304676594856e-06,0.00020391880430909538,1.0056962745893994e-06,9.85543346803049e-06,5.164195363548942e-06,9.109317515280596e-05,1.0569633444215925e-06
19,0.011285431307564802,1.672149167199834e-09,0.0001293853854870959,0.0013766506436170888,1.7162489704741537e-06,1.0331621153568453e-07,0.0008608212034386654,0.966915610164264,1.4951290295759503e-05,0.010338846945263434,0.000658845916520853,0.0006052963592244925,0.006186096405688691,8.83772107112844e-06,2.779156941398435e-06,0.0002515327010962574,0.0010854148866240867,2.4841891406291095e-05,1.099528118443588e-06,0.00015890847263385448,6.911486018785847e-07,9.256484346558182e-06,3.0365333432598523e-06,7.912338980329273e-05,7.212273174200598e-07
20,0.009201829918457994,3.8493055616163265e-09,0.00010198737897078163,0.0015952363847722025,1.3699023832810956e-06,1.1211597418766922e-07,0.0004313740659887072,0.9752052425609102,1.4789646279426404e-05,0.0063806445087716,0.0008806406612149278,0.0005859079199355946,0.0042236603620047,9.34339360558222e-06,5.600209277602167e-06,0.00023767611389291689,0.0008750730981541113,4.075814274937334e-05,1.3263476182462817e-06,0.00013664504807589712,9.01662285652523e-07,1.2142011154899981e-05,3.5044453542190095e-06,5.3498487092695024e-05,7.31765769630679e-07
21,0.01782564917976978,2.9885309243030272e-09,0.00014069761105542494,0.002511761613357466,2.371374833625142e-06,1.0847340815220623e-07,0.0006483855314296324,0.9593653303993779,1.6326359440822093e-05,0.008386078417696053,0.0016190422664183824,0.0007779037651722093,0.00684913666326506,2.325967586594815e-05,5.855646179399119e-06,0.0003578195812614918,0.0010751581158279515,6.0719403872467166e-05,1.4818451051898594e-06,0.0002502336034867621,1.0724893147083898e-06,8.863781111101549e-06,5.3881131864678395e-06,6.639527195093687e-05,9.578290821164639e-07
22,0.013717699422024105,3.4153065844465267e-09,9.65537867170171e-05,0.0008537231766900731,2.3265622327175937e-06,1.4914441388995932e-07,0.0012379714721788193,0.9664789674475015,1.8724734667538555e-05,0.008560905084070598,0.0004349888180441206,0.0006056582316912178,0.006330884042863101,2.3803115426225932e-05,5.259647437868546e-06,0.000259313101010047,0.0009668265142177256,3.595603277384338e-05,2.0143425704881167e-06,0.00014085135567035333,6.414184766662838e-07,7.75770537992265e-06,5.391405505314506e-06,0.00021218757713738893,1.4424459929606384e-06
23,0.015308047782319213,2.7938524906407597e-09,0.00014024942218268367,0.0016917099517098516,2.2998001698595873e-06,1.1535812717273011e-07,0.0007722759797749764,0.9623771072391863,1.7444724666248562e-05,0.00952132766989491,0.0010353239801780207,0.0006208112608194733,0.006518306929001504,1.5633394900795686e-05,4.7040834011926295e-06,0.00029394198001684506,0.0013257838287165037,4.528309919389592e-05,1.5891935252760983e-06,0.0002026854417491226,9.944823148452086e-07,9.64281115894122e-06,5.016587271692481e-06,8.869982867663926e-05,1.0023771915958295e-06
24,0.01595333526141104,3.2986385634188647e-09,0.0001319715347556054,0.002525567651170607,2.582882242137145e-06,1.2485125907239164e-07,0.0007531358802431176,0.960384902794102,1.6624860197409693e-05,0.009017439440821376,0.0012631319296042365,0.0006930043459925842,0.007234532258050005,1.8786599066438328e-05,4.647662115946404e-06,0.0003438590413820723,0.0012535223861708132,5.765061682329592e-05,1.5970473564669472e-06,0.0002476473775816863,9.279785575318352e-07,1.0711893132710831e-05,4.846390483850215e-06,7.842822450021338e-05,1.0177943410556451e-06
25,0.03266402118945547,2.6682236558253477e-06,0.00175177989694599,0.0032231156669503738,5.2185496935831544e-05,0.0005710966204211656,0.007463172677454605,0.5794932787911791,0.0006993242790283442,0.11168166288514533,0.00010669116713680158,0.0019285783802967327,0.010419072587123917,5.714442590649254e-05,0.00010995191184621685,0.016294405155609776,0.13392900857166,0.002195293149838224,0.0027931723392123128,0.0003288512365983493,0.0005745300135439083,0.0018109042333395295,0.0016403624723342414,0.0901444223029659,6.530632541569866e-05
26,0.019043874723745163,2.7001599699062113e-09,0.00012706547447890036,0.0013594124549138086,2.368531067080414e-06,1.3929103946273607e-07,0.0009446558117747951,0.9563345862418432,2.221514954996042e-05,0.010640735430614863,0.0007146445519891899,0.0004466193266318854,0.007639825207724722,1.282879693881721e-05,3.873667405425765e-06,0.0003029118615204758,0.0019904954831633736,5.440820273881936e-05,2.1339963547124673e-06,0.00019257739688086935,1.073231257215101e-06,9.428391344856383e-06,7.082258432147067e-06,0.00014595488716887418,1.0869312612361123e-06
27,0.025860497014272364,2.022968075272481e-09,0.0003115627908521417,0.002012848691293737,4.221803830010833e-06,1.4789713076520796e-07,0.001438826893697252,0.9370934774679496,1.53774871259072e-05,0.013398903296029743,0.0011834023049941019,0.0009166906544471155,0.013942076881257821,3.0476391350844984e-05,3.981193932351569e-06,0.0005763392694630031,0.0025289199596274414,6.818571740101487e-05,2.275751251572102e-06,0.0003944503454301837,2.2596951016780622e-06,8.28070274536648e-06,8.587573425836063e-06,0.00019717045307397375,1.0377413482101843e-06
28,0.015308047782319213,2.7938524906407597e-09,0.00014024942218268367,0.0016917099517098516,2.2998001698595873e-06,1.1535812717273011e-07,0.0007722759797749764,0.9623771072391863,1.7444724666248562e-05,0.00952132766989491,0.0010353239801780207,0.0006208112608194733,0.006518306929001504,1.5633394900795686e-05,4.7040834011926295e-06,0.00029394198001684506,0.0013257838287165037,4.528309919389592e-05,1.5891935252760983e-06,0.0002026854417491226,9.944823148452086e-07,9.64281115894122e-06,5.016587271692481e-06,8.869982867663926e-05,1.0023771915958295e-06
29,0.015308047782319213,2.7938524906407597e-09,0.00014024942218268367,0.0016917099517098516,2.2998001698595873e-06,1.1535812717273011e-07,0.0007722759797749764,0.9623771072391863,1.7444724666248562e-05,0.00952132766989491,0.0010353239801780207,0.0006208112608194733,0.006518306929001504,1.5633394900795686e-05,4.7040834011926295e-06,0.00029394198001684506,0.0013257838287165037,4.528309919389592e-05,1.5891935252760983e-06,0.0002026854417491226,9.944823148452086e-07,9.64281115894122e-06,5.016587271692481e-06,8.869982867663926e-05,1.0023771915958295e-06
30,0.015308047782319213,2.7938524906407597e-09,0.00014024942218268367,0.0016917099517098516,2.2998001698595873e-06,1.1535812717273011e-07,0.0007722759797749764,0.9623771072391863,1.7444724666248562e-05,0.00952132766989491,0.0010353239801780207,0.0006208112608194733,0.006518306929001504,1.5633394900795686e-05,4.7040834011926295e-06,0.00029394198001684506,0.0013257838287165037,4.528309919389592e-05,1.5891935252760983e-06,0.0002026854417491226,9.944823148452086e-07,9.64281115894122e-06,5.016587271692481e-06,8.869982867663926e-05,1.0023771915958295e-06
31,0.011998635371217613,1.7620504150383853e-09,0.00012138256400847236,0.0010639031543964168,1.2888693468979047e-06,6.116712054874228e-08,0.00047962045893408994,0.9717772608924021,1.1143668799655212e-05,0.00594439701123682,0.000654825906394189,0.00042190030578536633,0.006067144262885317,8.208360496654233e-06,2.9813651592654808e-06,0.00022556014160073835,0.0009816146111217446,2.924364759858752e-05,1.1948297792708793e-06,0.00013787131624051982,6.777582821606005e-07,6.606515476930036e-06,2.64429658034012e-06,6.135654753247728e-05,4.752155532307305e-07
32,0.01541770342263172,3.111954909483141e-09,0.0001401561531002892,0.0016850596753783746,2.298516517512743e-06,1.2356128272751278e-07,0.0007373466492036048,0.9621906242418617,1.757688453128461e-05,0.00940768921850212,0.0010116440002604606,0.0006019675920315747,0.0067249164257315065,1.536564917896619e-05,4.840079103573381e-06,0.0003052843389853213,0.0013759417558181714,4.896651085075606e-05,1.8049444891386021e-06,0.00020084101970163932,1.0117300149135509e-06,1.0211867212521926e-05,5.065086374543341e-06,9.256484320109765e-05,9.927220817204627e-07
33,0.01514710853283288,3.256415060501531e-09,0.00020953024003239647,0.0017386060525944392,3.828647912813527e-06,7.948637911054358e-08,0.0008179551992444458,0.9601542203585132,3.545713244992198e-05,0.013059041726902278,0.0034086160640112374,0.0007852783500423029,0.003187720773252787,2.543421252441754e-05,1.2703616030081842e-05,0.00015858599384339093,0.0009019173764566547,2.8260070186161252e-05,8.093582807085929e-07,0.00026259587549005563,1.3639258559635161e-06,8.451746166416968e-06,8.226227721529109e-06,4.197776653289789e-05,2.2280103289366616e-06
34,0.025036299247063482,2.3553766769308653e-09,0.00016171925105068816,0.0016275256154104118,2.6548838063378104e-06,8.128849710172237e-08,0.0007421314271586398,0.9509861892828677,1.782564255211979e-05,0.009795530178955262,0.0013183935355076807,0.0005226080113252847,0.007646774274885973,1.9671447913768008e-05,4.4633744416878325e-06,0.00029015056790326655,0.001467341316636631,4.5295752763730424e-05,1.8666133591527481e-06,0.00021263323632143838,8.942180240194427e-07,7.490351786102651e-06,4.998052642910612e-06,8.651184822845622e-05,9.482255215402798e-07
35,0.023013747024557017,4.621047507952416e-09,0.00038737748900980715,0.002986273328875501,6.386506013533121e-06,2.86406945083281e-07,0.0017773277856841857,0.9320389274306135,2.0340267009703662e-05,0.019117602488618695,0.0019713969802575477,0.0015505618975254088,0.012735856869584037,6.300261563927515e-05,9.336358458064465e-06,0.0006616750316289096,0.0026842688442685215,0.00010267016932014846,2.8682206761239382e-06,0.0005653173260150397,3.883855287791476e-06,1.30000469746518e-05,1.684644567458197e-05,0.0002686109980613236,2.430992253928462e-06
36,0.01165719486784189,1.8489007387139669e-09,8.102762344160555e-05,0.0011188294953575733,1.455580451987101e-06,7.284729577406258e-08,0.0006943787356620646,0.9729513844633664,1.239879379867883e-05,0.005170843324593496,0.0007118178434733803,0.0006779699969737641,0.005368110537885819,1.1595103005729546e-05,3.2061643192756814e-06,0.00022141328143677005,0.0010870308354978576,3.8089154174446444e-05,1.0261016189879065e-06,0.00012157075476519184,5.854485223943748e-07,8.790086357096303e-06,2.6164065453258565e-06,5.782508240967904e-05,7.656223040305325e-07
37,0.032643316508603665,3.7137157675177905e-09,0.00022978666547628627,0.0027491544457897226,4.227589564560852e-06,1.7037485758593877e-07,0.0014805828457898555,0.93342459837321,1.6954630551721436e-05,0.011296376133752438,0.0013609300185593173,0.0009163192066631563,0.012059233229307305,4.421124736707835e-05,5.430855397712998e-06,0.0005662802678764137,0.0025208399471745627,9.38340479265634e-05,2.8132588724927243e-06,0.00034735612305847877,1.988069906321458e-06,1.1050597456902227e-05,1.0182229634210864e-05,0.00021272995700023336,1.629662487476473e-06
38,0.01578972199241789,2.748262912985077e-09,0.0001404560567689966,0.0017236440875738322,2.323377482797344e-06,1.0067484905867793e-07,0.0007585230542656246,0.9620907110537888,1.7772259738663735e-05,0.009695792892251505,0.0010719387221626506,0.0005926373076483529,0.006191167588714271,1.540957426054776e-05,4.4686487960609985e-06,0.0002588781406927067,0.0013042389251973184,3.935316636283671e-05,1.430550837399888e-06,0.00020232244610513933,8.927275188382515e-07,9.432448399008432e-06,4.776089111284155e-06,8.293308778007164e-05,1.0723790134454191e-06
39,0.18547909437212917,3.376768715507697e-09,0.0002479657476454562,0.0028791592086095134,3.8971071580971656e-05,7.254047532157119e-08,0.005588498939974891,0.7081684772656937,6.871018564295604e-05,0.06751757484783681,0.014079224809921763,0.0005358188674902684,0.011426617055757711,0.0004353769229344308,1.3938665565152836e-05,0.0001788472917169292,0.002341976364571114,7.926411604643093e-05,3.0288835833677277e-06,0.0006493994079252611,4.477788386369075e-07,4.9820908286732424e-06,2.1716910104519796e-05,0.0002250702699011801,1.5763008456988058e-05
40,0.026033382967598856,4.337860974680458e-09,0.0003166002519986995,0.001801961239867835,5.9999046058529525e-06,1.1762674658844152e-07,0.0013851062962208244,0.9450417318211568,2.0914132388442623e-05,0.010192464191456483,0.00202713075295946,0.001196730408147024,0.00897550034869654,5.3874298555907264e-05,8.032748321808615e-06,0.0003800159387725201,0.0019993329679290138,5.947322416210367e-05,2.2570381178682645e-06,0.00034145522194223326,1.8909940248943125e-06,1.1131561165911672e-05,8.152001415457875e-06,0.0001346046530627941,2.135072825066124e-06
41,0.026023806765178875,3.07705535182405e-09,0.00027456300798527885,0.0013335314067708679,3.498269377177794e-06,2.191017026952556e-07,0.0024805027364640077,0.938276131555954,2.0741625514566657e-05,0.015120961722555514,0.0008148244629855179,0.0011999922672166357,0.0092367707773417,2.67748746533542e-05,5.160363604075693e-06,0.00036622187820811573,0.004135729284450182,5.456448372916984e-05,2.325681315840452e-06,0.00024023083268024333,2.9143254119032566e-06,1.6105303646970485e-05,1.30689770246384e-05,0.0003484932678797393,2.8639512934971802e-06
42,0.021739389088007478,2.961679854467913e-09,0.0001613795614476155,0.0018474830969574835,3.4876541165590334e-06,1.3159457989293744e-07,0.001130145438549052,0.9499965073762084,2.0879817113700325e-05,0.012404151596622247,0.001364960859181019,0.0007435909875383419,0.008124512594465923,2.7691740544097056e-05,5.7679312193960905e-06,0.00031630528569319286,0.0016406330233515762,5.802006131108082e-05,1.8235756594496327e-06,0.0002675203731157398,1.188337596107547e-06,9.187990459645283e-06,7.5956606321173635e-06,0.0001260745138827412,1.5688800674303507e-06
43,0.014380505013928527,2.669809135152456e-09,0.00013842587390335972,0.0016517354496136858,2.1953455288211086e-06,1.1984991570309686e-07,0.0007463401691757772,0.9632655621820037,1.7213317081117686e-05,0.009720895371408918,0.0009586465976340219,0.0006018056993764396,0.006527657740595266,1.4093499414421968e-05,4.520432830835197e-06,0.00029836844116316565,0.0013198991043118934,4.46771139666605e-05,1.5865011475982827e-06,0.00020002983691730784,1.0193701560138063e-06,9.581198150891091e-06,4.934401927068093e-06,8.926214495150158e-05,9.226750878745112e-07
44,0.015308047782319213,2.7938524906407597e-09,0.00014024942218268367,0.0016917099517098516,2.2998001698595873e-06,1.1535812717273011e-07,0.0007722759797749764,0.9623771072391863,1.7444724666248562e-05,0.00952132766989491,0.0010353239801780207,0.0006208112608194733,0.006518306929001504,1.5633394900795686e-05,4.7040834011926295e-06,0.00029394198001684506,0.0013257838287165037,4.528309919389592e-05,1.5891935252760983e-06,0.0002026854417491226,9.944823148452086e-07,9.64281115894122e-06,5.016587271692481e-06,8.869982867663926e-05,1.0023771915958295e-06
45,0.051168630625689104,1.1475710292893862e-08,0.0005148900231679153,0.005419087905171854,1.2616528490042382e-05,3.1818515423384024e-07,0.0019386364705724424,0.8918576298891793,4.946078485503768e-05,0.02432396818477213,0.005140555861682256,0.0018999367755738726,0.010342986119701119,0.00012496146562852235,1.6468751286747876e-05,0.0005413281433569446,0.005326151988018503,0.00013994148703299798,3.660017002557197e-06,0.0008303964202574105,5.726068358416722e-06,2.261609717970783e-05,4.3429456086736344e-05,0.0002675864608852119,9.004815186712023e-06
46,0.01677111790478236,2.146335928690834e-09,0.00014207608304107498,0.0018235575007445666,1.8211119785346329e-06,1.1478409457333735e-07,0.0007939359996443651,0.960171921007353,1.4239270537554045e-05,0.008919322024264327,0.0007548168796487303,0.0005999473289616499,0.00753493323445839,1.0504220358769502e-05,2.7972550193425828e-06,0.00032931672377591525,0.0017962747165085383,4.001835298210631e-05,1.5581699910704334e-06,0.00018087628872546515,1.027909844768339e-06,1.0881759002033344e-05,4.102443911099706e-06,9.405901870129416e-05,7.778653343142176e-07
47,0.018213010080847972,1.6065349343498784e-09,0.00011644571373611776,0.0015470707219928462,1.3446103429053512e-06,8.767020659431591e-08,0.000690010506758869,0.9606179593511082,1.0743352237118515e-05,0.007365745531609935,0.0005579728008303377,0.00048388950279813097,0.008329854199391798,9.225221549526214e-06,2.1273912645213194e-06,0.0003477743787553461,0.0014199590717133826,3.733432183142273e-05,1.6503111640097059e-06,0.00014161081032617454,6.986152857389336e-07,8.401553816526457e-06,2.8708985137385656e-06,9.372382070600231e-05,4.879566780969751e-07
48,0.01666642667737212,4.351827742479028e-09,0.0003113997675484982,0.0042988956944074765,6.262880640748872e-06,8.234749958798519e-08,0.0009004033443150545,0.9517586068743106,2.9248654911982465e-05,0.009472084246738724,0.008310644467610448,0.0019755062542674623,0.004573539606724326,8.612390172037062e-05,1.980900137620498e-05,0.00033419445233635295,0.0006104828687793026,5.4816823997853014e-05,6.585291412481075e-07,0.0005352713137830206,2.14534512081037e-06,8.169174777787858e-06,1.0703218941033495e-05,3.2197681684726865e-05,2.322520166656329e-06
49,0.01044571699339187,2.7451140080794278e-09,0.00014031802765784477,0.0015777682324096523,1.763285609169948e-06,1.1825889626948699e-07,0.0006531303054691026,0.9699796561265076,1.5176303206642387e-05,0.008253340639589114,0.0007991850450936028,0.0006482294917435394,0.0057726715574473965,9.917341592944301e-06,3.983438905459035e-06,0.00028322705067602874,0.0011150723197054884,3.482353652981361e-05,1.3387592898687215e-06,0.00017546329070697425,9.541651755079135e-07,1.1130524172131491e-05,3.6542147874843873e-06,7.260316399252345e-05,7.551823296666344e-07
50,0.004526743262800848,4.514134582887391e-07,0.000791731630176066,0.015084536630105406,7.295171383031637e-06,2.7295606125397327e-06,0.00021998343978307547,0.9543269701381012,9.179090169475571e-05,0.0034079037166106687,0.0069034359420631795,0.00456265250917266,0.0020529321509861463,3.527464058920668e-05,0.0001833649990793146,0.002302998199877219,0.003461023666045613,0.0007926240358136273,8.215560787814896e-06,0.0006602689153424193,0.00013424002226631126,0.0002894046952853737,8.966498739342695e-05,5.997434445195419e-05,3.789466119689134e-06
51,0.032359476354003075,1.506601249663154e-09,0.0002621831614182682,0.0011828891549063155,5.083878683438691e-06,1.4084728278782212e-07,0.002015631115641877,0.9250327049578457,2.2246174655747347e-05,0.019617351849287055,0.001006756021421995,0.0007437625476378356,0.01348679862669593,2.9616731099963578e-05,3.6111442661285524e-06,0.00041254311500941353,0.0031528570682760864,5.2763046455014616e-05,2.5546410502893885e-06,0.00032622101754475256,1.548782606535138e-06,7.120128834847505e-06,9.426711308608812e-06,0.00026519496552051094,1.516451946388955e-06
52,0.008662989657203336,1.1518537553599908e-09,5.290882918034057e-05,0.0014112033554820214,1.0177129848002531e-06,9.483346498174064e-08,0.0002600949918158223,0.9689318806831723,1.1239647677521028e-05,0.012358890954503604,0.0006922437928507058,0.0003171464681855754,0.0063912671376327125,6.396648740349786e-06,3.0561389752383922e-06,0.00021447681544296712,0.00043235935595195573,3.936014188958622e-05,1.2401184052528348e-06,0.00016367982712738128,2.9745522434549225e-07,4.435265615659624e-06,1.8766862578237188e-06,4.157289136937296e-05,2.6943899304976277e-07
53,0.016890147819140663,2.4101143875498956e-09,0.00017355166249403972,0.0021230887853382536,3.433083370493706e-06,1.4067372924587567e-07,0.0014194940942542805,0.9560188990115249,2.2429165050454544e-05,0.011324478076553245,0.0014816951279030533,0.000962627192841866,0.007197762317296924,2.5030598571863972e-05,5.726487381869176e-06,0.0003540525520155382,0.0015165903843898769,5.66282081769534e-05,1.1895983952636208e-06,0.00029664943315215435,1.5706386434659847e-06,9.542400011372529e-06,8.739363079693354e-06,0.00010501963646803223,1.5112801022408168e-06
54,0.01569928187881791,5.674775063321545e-09,0.00010388225800659796,0.001901971385170372,2.4284135165248778e-06,1.3956097168862316e-07,0.0008839472041017446,0.9650506138893487,2.1724649703026026e-05,0.008375366727447086,0.0011694071235412954,0.000649120420979564,0.004367713272983638,2.1144066591003764e-05,7.5527514628671816e-06,0.0002499294468473,0.0011836036103277199,4.774900104293872e-05,1.8531988650171693e-06,0.00015275717839690307,8.188119060470441e-07,1.455957467742154e-05,5.233790358249775e-06,8.733815987530807e-05,1.8579502860982638e-06
55,0.010497082205006704,1.5491564970933589e-09,8.562593111184768e-05,0.0012336931344900282,1.767215314813231e-06,9.956560264176215e-08,0.0008003057077548168,0.970906001324888,1.4655189101404573e-05,0.006562612621139821,0.0006679688961062825,0.0007912452326766782,0.006955825713671126,1.3015651013198512e-05,3.1166282295820355e-06,0.00028505320435386045,0.0008694915436977607,4.484901886484451e-05,9.617869459204894e-07,0.0001825242482943411,6.234426224593596e-07,7.062712328722004e-06,3.4318505224185478e-06,7.229628492290906e-05,6.893421833238566e-07
56,0.014555813832746865,2.5645956576492963e-09,0.0001318875592348493,0.0016288407037276646,2.129988080537374e-06,1.1266824764277712e-07,0.0007299806892603554,0.9634504538623497,1.6394067654202677e-05,0.009226073801656817,0.0009407309066379411,0.0005904698936572756,0.006811570584947904,1.4212657671706368e-05,4.2498625875446605e-06,0.0002934297844330675,0.0012581235299116936,4.428902172756865e-05,1.5563529468222331e-06,0.0001979378035118918,9.11832958557334e-07,9.057848567192152e-06,4.558408511518806e-06,8.632614683148717e-05,8.856275435378834e-07
57,0.011492718024600786,2.0873610558586742e-09,0.00018781386331606596,0.0013169333926694154,2.3317329660750225e-06,1.1126049562512166e-07,0.0007568725823732208,0.9653715936043372,1.5758112195960036e-05,0.009834719343877188,0.0007905822579333053,0.0007142408912682785,0.007498671146354709,1.1549404984997183e-05,3.473668157162761e-06,0.00031603591027170653,0.0013263493736212887,3.304522454616776e-05,1.4429445961822946e-06,0.00022338026555792785,1.0657411582378302e-06,9.192198786531131e-06,3.83151328313345e-06,8.754416705375886e-05,7.412882340609846e-07
58,0.01498239214334181,2.6940431083750818e-09,0.00013866091478767937,0.0015445120239031532,2.1857306583526365e-06,1.2741198021639554e-07,0.0007957453431928772,0.9616872742348809,1.6691693245539644e-05,0.009963885960252397,0.0008290450830805591,0.0006041031426548834,0.007319752464716771,1.446099577752212e-05,4.228488674583778e-06,0.00030996191589492445,0.0014120506608736772,4.651475598661934e-05,1.744559529244864e-06,0.00019967605464458023,1.0121082873698456e-06,9.54350929062336e-06,5.161032583883853e-06,0.0001103307184438128,9.363592751607102e-07
59,0.014711266810733137,2.613439669012642e-09,0.00015216261931857308,0.0015391032777072183,2.227364930899656e-06,1.2041139245293064e-07,0.0008095360846372312,0.9621472797393305,1.63769350794767e-05,0.009708042704469863,0.000850039098634584,0.0006232586020607217,0.007314506719660927,1.4343873502221855e-05,4.141225335148255e-06,0.0003096989077633082,0.001423115023291604,4.370839999655839e-05,1.647969029566601e-06,0.00020642420326433624,1.0641317350027816e-06,9.479301565809088e-06,5.066684704109114e-06,0.00010646015268244018,9.271457345865038e-07
60,0.015308047782319213,2.7938524906407597e-09,0.00014024942218268367,0.0016917099517098516,2.2998001698595873e-06,1.1535812717273011e-07,0.0007722759797749764,0.9623771072391863,1.7444724666248562e-05,0.00952132766989491,0.0010353239801780207,0.0006208112608194733,0.006518306929001504,1.5633394900795686e-05,4.7040834011926295e-06,0.00029394198001684506,0.0013257838287165037,4.528309919389592e-05,1.5891935252760983e-06,0.0002026854417491226,9.944823148452086e-07,9.64281115894122e-06,5.016587271692481e-06,8.869982867663926e-05,1.0023771915958295e-06
61,0.015444061273288163,2.7898699204273977e-09,0.00015718960512899207,0.001567562448519288,2.3757863236189154e-06,1.2401511265352438e-07,0.0008285853539519625,0.9611258319503078,1.7510565589762213e-05,0.009995787721619851,0.0009292699748656918,0.0006385204703466471,0.007119361927197921,1.5403825008384923e-05,4.51763849875321e-06,0.00031108545191551137,0.0014645375784625323,4.498339297893513e-05,1.7241907959461857e-06,0.00020816535959933562,1.1139283710282718e-06,9.864550337801815e-06,5.372274296539548e-06,0.00010604128269058,1.0066449222510548e-06
62,0.015308047782319213,2.7938524906407597e-09,0.00014024942218268367,0.0016917099517098516,2.2998001698595873e-06,1.1535812717273011e-07,0.0007722759797749764,0.9623771072391863,1.7444724666248562e-05,0.00952132766989491,0.0010353239801780207,0.0006208112608194733,0.006518306929001504,1.5633394900795686e-05,4.7040834011926295e-06,0.00029394198001684506,0.0013257838287165037,4.528309919389592e-05,1.5891935252760983e-06,0.0002026854417491226,9.944823148452086e-07,9.64281115894122e-06,5.016587271692481e-06,8.869982867663926e-05,1.0023771915958295e-06
63,0.01478543538006054,3.5192537464546445e-09,0.00013452814931334638,0.0017421452351669127,2.2559393257986243e-06,1.259374541630638e-07,0.0007192236732375194,0.9638658482087807,1.8439673703404093e-05,0.008982347794601862,0.0010413558543192424,0.000603378276882225,0.006106923483643408,1.4962985022720274e-05,5.211286964366409e-06,0.0002923221472686591,0.0013386475077556662,4.832521859250307e-05,1.7608388011747338e-06,0.00019183434506688177,1.0136829574534636e-06,1.1122281862774804e-05,5.097749333079451e-06,8.662665763306768e-05,1.0641729989688138e-06
64,0.01577215416151474,3.2890600940626103e-09,0.00018411760671968456,0.0018163165329606432,2.6564035517951407e-06,1.4004431861346e-07,0.0008143757902254435,0.9601388229226282,1.8744799724085503e-05,0.009970868964765378,0.0011214272189310464,0.0007358005735729132,0.00703166539533613,1.7392083713874058e-05,5.408932915842909e-06,0.00035240288080185873,0.0016068016335491647,5.132891056134071e-05,1.8258823364639221e-06,0.00023531185090550357,1.5158036570453059e-06,1.1114763755461175e-05,6.353611872093085e-06,0.00010235540091097478,1.0945417117278784e-06
65,0.015861527480720467,9.8824783833511e-10,0.00010307394836813284,0.0009863727239217918,1.5251946687013443e-06,4.7750279680003576e-08,0.000580331782290014,0.9649190252418327,1.1759704673651491e-05,0.008682767761004313,0.0008161001922022227,0.0003810052858045009,0.0063682349124619345,9.403352572372859e-06,2.3501550959086946e-06,0.0002002803404127305,0.0008703994466565826,2.2194494161363828e-05,1.1219844602466674e-06,0.00012358931320343014,3.6641523127290267e-07,4.918479141096546e-06,1.8456011454755065e-06,5.132001670053273e-05,4.374347430622953e-07
66,0.01937226392926199,1.257745373568107e-09,0.0002034076603340556,0.00144948514730691,3.2767604094046556e-06,9.757014158037696e-08,0.0012147634741923174,0.9490549132220586,1.5545386951702804e-05,0.013212331640410293,0.0008899704893318213,0.0005780621892534371,0.011529516233871127,1.5384766692749815e-05,2.443614475970922e-06,0.00035593345031958485,0.001650523411720531,3.548100202668795e-05,1.553112136161618e-06,0.00028683654235722223,8.914163664126012e-07,6.2977660746648315e-06,4.136143006496802e-06,0.00011616029907465978,7.235144803973593e-07
67,0.015337704676526847,2.8769747187272186e-09,0.00014201814050242967,0.0017216229192824474,2.3184818110013422e-06,1.1879008770507047e-07,0.0007800387763275189,0.9622022468748128,1.75422767087723e-05,0.00953639558876469,0.0010393612144666054,0.0006302578406387839,0.006558467341526661,1.586925893939887e-05,4.780002457121392e-06,0.00029897271548260106,0.001350773530850897,4.6365617094947164e-05,1.6141238251042834e-06,0.0002057909254369454,1.028141285977128e-06,9.844602934680301e-06,5.167481329498393e-06,9.067210681031374e-05,1.0256951214498399e-06
68,0.02349997565513472,2.7767197574679402e-09,0.0001477463226067074,0.0018813975311620327,2.8698146094303834e-06,9.810166804143864e-08,0.0008165287154120976,0.9505892333779833,1.99899455017619e-05,0.011213720659791957,0.001263782927849156,0.0005097319553210044,0.007705128277400016,2.0551326309018218e-05,4.41720204894472e-06,0.0003075975054469073,0.001628483789806853,4.9511284408307785e-05,2.0624689134323116e-06,0.00022170245773749873,8.238627377848084e-07,8.619806678740138e-06,5.525095874335083e-06,9.933812610215976e-05,1.1610127760793458e-06
69,0.015794086203928945,2.7580732922439894e-09,0.00014239017432484657,0.001646502728693637,2.2918124631425953e-06,1.1786739514614427e-07,0.000816786742019237,0.9616116977266214,1.6861838333725644e-05,0.009564602057741114,0.0009434508120441459,0.0006294435600623949,0.006773514119934426,1.601338927323495e-05,4.449104074447312e-06,0.0003086077336443464,0.001372970604119599,4.429389288982013e-05,1.6835834477830003e-06,0.00019508751413090106,9.84590683488088e-07,9.781628215836573e-06,4.8842825034332266e-06,9.850232994151884e-05,9.929454403654114e-07
70,0.008548891919886357,2.0959178360566607e-09,0.00015761473798643147,0.0028646174069916403,1.7491771392761256e-06,1.1092487747313073e-07,0.0006406495720439615,0.9697485546418924,1.4053889736994136e-05,0.009165964106541039,0.0011484118946561296,0.0006378611558532413,0.005659914626912959,8.98861476013068e-06,3.34615608031229e-06,0.0003585796803457687,0.0007152312444766919,2.9002572838530254e-05,9.247218635946787e-07,0.0002397338766538072,7.511423117562277e-07,9.601432778723403e-06,2.7714297468802463e-06,4.214186806767322e-05,5.311096401597155e-07
71,0.014549655805835228,3.751737995014589e-09,0.0001550044227251667,0.0019171554982850174,2.310127016663062e-06,1.307978098609079e-07,0.0006408786140314716,0.9635022594455389,1.7795975400296646e-05,0.009050938209973469,0.001214898402225329,0.0006855275285338174,0.006204890197143875,1.687492867537474e-05,6.059261294882222e-06,0.0003230731575276365,0.0013362988363955402,5.427719867008893e-05,1.7964816748792372e-06,0.00021654540577082559,1.2704090469399765e-06,1.1170555310978493e-05,5.780745661728763e-06,8.436057445639562e-05,1.0436692575855558e-06
