,0,1,2,3,4,5,6,7,8,9,10,11,12,13,14,15,16,17,18,19,20,21,22,23,24
0,1.8811141977128428e-05,4.752640002608852e-08,1.3403108766280245e-07,2.383186511386412e-06,2.6344056274038155e-09,8.32193396012946e-08,0.008952961674697002,0.9884645580764978,2.3832807212003656e-06,3.0324026034866015e-05,2.0358554811225057e-08,2.3580394479670956e-08,3.057452008285463e-05,3.380111144267594e-09,4.7529111920346485e-06,9.358666084120384e-05,3.6930422856277046e-05,6.902164559164026e-08,0.0013688960639539269,3.19688289484213e-07,7.597076648824829e-06,0.0009853019462742608,2.0103117269040315e-07,9.681722794262554e-11,3.444349288904087e-08
1,1.9740576553369795e-05,4.424225845061405e-08,1.294672330042964e-07,2.387230903135735e-06,2.8055562265217526e-09,5.086057049269956e-08,0.007847777376855486,0.9897216956346262,3.309315435828207e-06,3.311187920080342e-05,1.7560420701439903e-08,1.712516482357169e-08,2.8271124802147353e-05,3.152313732117106e-09,3.5680661545212175e-06,8.026095938146928e-05,3.699436588954676e-05,5.942169625363054e-08,0.0011311228079192348,2.3328100954418928e-07,4.828438710936401e-06,0.0010861950054711685,1.460151979771485e-07,9.82406241945825e-11,3.3188434358469086e-08
2,1.8535823103011088e-05,6.821840341871561e-08,1.5715806737474208e-07,3.4019844955612084e-06,2.668713165360723e-09,8.577266722206129e-08,0.01010471532544728,0.9871569754431325,2.4505156950709606e-06,2.7538985308868613e-05,2.8189527913309223e-08,3.8622728357374034e-08,5.509114584792028e-05,4.708464943442376e-09,3.6588284353426675e-06,9.791326551399113e-05,7.32279722376708e-05,8.402710824660906e-08,0.001167950818598026,1.8805003126518108e-07,7.405054652448356e-06,0.001280283261392331,1.621872345061658e-07,8.783325815406034e-11,3.1885360408710245e-08
3,1.8339320938801676e-05,4.6485690424088126e-08,1.3858503589315825e-07,2.6012970300698387e-06,2.6535074614193655e-09,5.763631700115562e-08,0.00858415657092423,0.988767115273732,2.8123740900183745e-06,3.14756739303728e-05,1.9708561559038725e-08,2.0525592573122904e-08,3.1169967402011796e-05,3.841421793032809e-09,3.913134882966705e-06,7.235239797834464e-05,4.186302485939954e-05,6.5421623804065e-08,0.0011334801348973464,2.4762750630124833e-07,6.197468955462766e-06,0.0013037173738972905,1.6659594888013729e-07,1.0007804874962764e-10,3.680519803826621e-08
4,1.8237167366533462e-05,5.047856466461966e-08,1.463598094455883e-07,2.9006476020098242e-06,2.8651707953818537e-09,6.210407175144305e-08,0.008710728970272086,0.9885962836482269,2.831752745990189e-06,3.1943409826342854e-05,2.2560266981611584e-08,2.4478618553950095e-08,3.741338736742892e-05,4.417780158624471e-09,3.8153280092152006e-06,7.82617698867388e-05,4.8046894073513325e-05,7.383523754705207e-08,0.0011055782279911742,2.5376461003684817e-07,6.38677734380879e-06,0.0013567217748554402,1.7232850980870018e-07,1.0281675810438578e-10,3.69489764860361e-08
5,1.9045200124806417e-05,3.876531510430732e-08,1.3711072920121684e-07,2.9654648071069893e-06,2.5809977418145943e-09,5.3060032459420285e-08,0.008624689138876051,0.9888602883926702,2.845250301848993e-06,3.432264033266981e-05,1.9380543627930362e-08,2.007223883402831e-08,2.9881522143032987e-05,4.30393528613459e-09,3.581954712106611e-06,7.32100378668986e-05,4.2516282031683636e-05,8.114483672503038e-08,0.001012186480090201,2.917545256598542e-07,6.2509978268138076e-06,0.0012873412914420437,1.8535881639020177e-07,1.1841752914554388e-10,4.169638576331495e-08
6,1.8339320938801676e-05,4.6485690424088126e-08,1.3858503589315825e-07,2.6012970300698387e-06,2.6535074614193655e-09,5.763631700115562e-08,0.00858415657092423,0.988767115273732,2.8123740900183745e-06,3.14756739303728e-05,1.9708561559038725e-08,2.0525592573122904e-08,3.1169967402011796e-05,3.841421793032809e-09,3.913134882966705e-06,7.235239797834464e-05,4.186302485939954e-05,6.5421623804065e-08,0.0011334801348973464,2.4762750630124833e-07,6.197468955462766e-06,0.0013037173738972905,1.6659594888013729e-07,1.0007804874962764e-10,3.680519803826621e-08
7,1.839004616712082e-05,4.6675239068182856e-08,1.3685403362894672e-07,2.632100586501983e-06,2.6914323265667177e-09,5.876490297144153e-08,0.008812999115862714,0.9884908770435374,2.9107374626896806e-06,3.258270371276333e-05,1.9814618267757358e-08,2.0735543438804976e-08,3.064890522861136e-05,3.976201596303854e-09,4.028261943689318e-06,7.420334803772523e-05,4.2465665109834755e-05,6.682241559950923e-08,0.001137180431402957,2.5517534070266383e-07,6.327039811832251e-06,0.001343930960428155,1.731497297753195e-07,1.030240745731772e-10,3.887822651884361e-08
8,1.7306528776511082e-05,5.124890632241598e-08,1.2334428250935232e-07,2.10182186509085e-06,2.3223851566934975e-09,5.985876768493784e-08,0.007783423326369441,0.989694479813421,2.0303401876800002e-06,2.255295720077636e-05,1.8577261822365153e-08,2.7547457327717708e-08,3.895095132384645e-05,2.8656511900665215e-09,2.9660992739736725e-06,7.564821301583505e-05,4.4799512880892774e-05,6.190414423496308e-08,0.0012611549124494196,1.9281548611549716e-07,5.83105079847046e-06,0.0010480608623879293,1.283268865943605e-07,5.6790801394837504e-11,2.4742029522519203e-08
9,1.7802500209256807e-05,3.58582993307548e-08,1.5472989734519386e-07,2.968046567113691e-06,2.553255788232743e-09,4.8511988521949015e-08,0.006726734258991225,0.9908712725091948,2.9346075542350626e-06,3.460872843886039e-05,1.906202475976053e-08,1.4553351847897827e-08,2.621816891432503e-05,3.893417163050047e-09,3.8729197202357e-06,6.299327314660314e-05,3.68710473479603e-05,5.8308005776611654e-08,0.0009764461037034592,2.676674658580564e-07,5.821296708936909e-06,0.0012306442152319656,1.7361777397240622e-07,1.340213167927566e-10,3.343476927166517e-08
10,1.8339320938801676e-05,4.6485690424088126e-08,1.3858503589315825e-07,2.6012970300698387e-06,2.6535074614193655e-09,5.763631700115562e-08,0.00858415657092423,0.988767115273732,2.8123740900183745e-06,3.14756739303728e-05,1.9708561559038725e-08,2.0525592573122904e-08,3.1169967402011796e-05,3.841421793032809e-09,3.913134882966705e-06,7.235239797834464e-05,4.186302485939954e-05,6.5421623804065e-08,0.0011334801348973464,2.4762750630124833e-07,6.197468955462766e-06,0.0013037173738972905,1.6659594888013729e-07,1.0007804874962764e-10,3.680519803826621e-08
11,1.7804904650250562e-05,4.6637834987736214e-08,1.3780989234173125e-07,2.6301387146248283e-06,2.6224178267169547e-09,5.719515288858252e-08,0.008276817242058448,0.989164026000447,2.6947075804370573e-06,2.9664285995742187e-05,1.9973563416087224e-08,2.1520282065875722e-08,3.322884158974047e-05,3.78052259336039e-09,3.7267879313761495e-06,7.256423870615557e-05,4.308696398243626e-05,6.551660357072791e-08,0.0011023622679147856,2.386529534183049e-07,5.989815253343733e-06,0.0012446145785980948,1.612293214270213e-07,9.474348495726536e-11,3.419328959330142e-08
12,2.7499299773541685e-05,1.1231357496032069e-07,2.544631379573874e-07,5.159002338303746e-06,9.614256219491022e-09,1.4593583160058767e-07,0.01745278365009956,0.9784980231576912,5.182604352404556e-06,5.4471001305198355e-05,4.1735877536953695e-08,5.2383916827046716e-08,5.721252402112381e-05,1.2848715840533809e-08,6.573818583949138e-06,0.00013644311106930982,6.093742985240016e-05,1.7347029583471128e-07,0.0017720898928026006,5.893944486956606e-07,1.3275567319725207e-05,0.0019084210634581398,4.1223094077635467e-07,2.0141424000054415e-10,1.2328492220288177e-07
13,1.9833994811618707e-05,4.1564739114451107e-08,1.209208776034684e-07,2.0129467370968106e-06,2.5166392981821874e-09,5.222456190075622e-08,0.009266249987137357,0.9881706657698026,3.401144420830223e-06,3.7051449239391944e-05,1.0916648636792593e-08,1.5435631793385416e-08,1.9350767837116137e-05,3.357153116304808e-09,3.488122620945024e-06,6.434411147048668e-05,3.0887523550584706e-05,6.820589095466846e-08,0.0011514590168630713,3.021540257335466e-07,5.442817482110811e-06,0.001224988229211357,1.542253105754221e-07,9.05042292568362e-11,5.2506832468736685e-08
14,1.7683932349393006e-05,4.210562013909373e-08,1.3252127534772933e-07,2.6070604696290813e-06,2.512318236465674e-09,5.2242733123753463e-08,0.008375852305829415,0.98907753970628,2.914100705292112e-06,3.131228011357403e-05,1.8359443285169452e-08,1.8372188542445267e-08,2.8694190945148534e-05,3.726404096684924e-09,3.8035845546898507e-06,6.778103427692793e-05,4.0379193988855464e-05,6.303861546241448e-08,0.001047698174482756,2.452678623938806e-07,5.863473072970856e-06,0.0012970881584051127,1.67066196885652e-07,1.0251391886195266e-10,3.748935496570853e-08
15,1.8339320938801676e-05,4.6485690424088126e-08,1.3858503589315825e-07,2.6012970300698387e-06,2.6535074614193655e-09,5.763631700115562e-08,0.00858415657092423,0.988767115273732,2.8123740900183745e-06,3.14756739303728e-05,1.9708561559038725e-08,2.0525592573122904e-08,3.1169967402011796e-05,3.841421793032809e-09,3.913134882966705e-06,7.235239797834464e-05,4.186302485939954e-05,6.5421623804065e-08,0.0011334801348973464,2.4762750630124833e-07,6.197468955462766e-06,0.0013037173738972905,1.6659594888013729e-07,1.0007804874962764e-10,3.680519803826621e-08
16,1.8106015015687606e-05,4.7906630743353164e-08,1.4779618838853386e-07,2.1558772628848782e-06,2.522549007011477e-09,5.180265286389098e-08,0.0064492853369681425,0.9912630871588424,2.814757014300251e-06,2.2083977920152332e-05,1.7426990820476593e-08,1.5314691239815657e-08,3.0389059064555303e-05,2.618776103756697e-09,3.621972715568977e-06,5.729410144325121e-05,3.677486065292987e-05,4.307957279971284e-08,0.0011086737509198293,1.8482391708826388e-07,4.058966301882701e-06,0.00100098405398911,1.3171422021529332e-07,8.560060285450625e-11,2.5020099339087502e-08
17,1.6885129836654982e-05,5.895983270267236e-08,2.4379738818423427e-07,4.521599363454503e-06,5.163542792542283e-09,2.0067405695348763e-07,0.013410400662986046,0.984005788695472,8.942976534201323e-06,5.9590631453557435e-05,3.4112775758217506e-08,4.097439976058349e-09,1.8362718585816215e-05,2.767588576290739e-09,2.472266393729292e-05,0.00014061381643728992,2.371383665027659e-05,1.342938437166663e-08,0.0014795285253302259,2.4012364290210135e-07,4.874528592808562e-06,0.0008010129273250849,2.1572568416989983e-07,3.6356811028577645e-10,2.2072591028828727e-08
18,2.2716828916570455e-05,5.4863565434733285e-08,1.1500856032289298e-07,2.4248135435663116e-06,2.3397788601636964e-09,5.999239988518275e-08,0.010960904257487043,0.9854215535491272,3.6546957501133393e-06,4.3855706433043443e-05,2.063664519267279e-08,3.083426546832953e-08,3.2624568335049295e-05,5.93085700907365e-09,3.853667971865085e-06,7.669004538036764e-05,6.267229096149891e-05,1.1638517422256917e-07,0.0011904468007001986,3.298997973636613e-07,7.131126350880867e-06,0.0021704356461970703,2.2187002871338805e-07,1.1955818399165148e-10,7.812221475925802e-08
19,1.5108636851534019e-05,4.246701656554282e-08,1.395136458379313e-07,2.6656876096155626e-06,2.717295045758192e-09,4.60752748871577e-08,0.007591395092263868,0.9901014953546974,2.310540741527325e-06,2.4189919679610016e-05,1.8374043575720807e-08,2.0619979845584625e-08,3.336602369979955e-05,3.4283051356112522e-09,3.283936874961713e-06,6.193817284753002e-05,3.742442162107361e-05,5.7595779283522045e-08,0.0009856748322217906,2.036039865285172e-07,5.386009387372984e-06,0.0011350697056707168,1.3053925633767014e-07,7.777300014058969e-11,2.665347714004746e-08
20,1.3565650100655998e-05,3.820712349588793e-08,1.2219635397047927e-07,2.4714918013575857e-06,2.259895415562248e-09,5.2427122530025026e-08,0.008685259747882144,0.9886477708906584,2.518629844000813e-06,2.7677043745783952e-05,1.9325614857866598e-08,1.5403549972677833e-08,2.4798833802738942e-05,3.533558478630548e-09,5.283467998894395e-06,5.899893882807616e-05,3.488163480001586e-05,4.434193234080987e-08,0.0010420128737921158,2.2584100773542586e-07,6.456328161551698e-06,0.0014475699851811108,1.7779965326714586e-07,9.720474987519813e-11,3.305038650339303e-08
21,2.1987733348790817e-05,5.63077825459185e-08,1.6096726698724488e-07,3.080926808733744e-06,3.5954307285784955e-09,6.787440429243501e-08,0.009071582439730906,0.9877632542133482,2.9301590946959663e-06,4.3711353964760906e-05,2.543913384756817e-08,3.011974161498096e-08,3.710272081726083e-05,5.414918258112909e-09,3.9747864396981424e-06,9.422382132584202e-05,4.73674963387558e-05,9.46964299472168e-08,0.0013548018845152571,3.2312665882562325e-07,8.78026367899786e-06,0.0015461993210562786,1.9039089769519374e-07,1.2015880249658518e-10,4.4826708076449754e-08
22,1.862492323784444e-05,9.70447378519364e-08,1.3493220652153247e-07,2.0131628124714774e-06,5.0787915011138575e-09,8.149282345371249e-08,0.013369876766765461,0.9838340187864439,4.702527376893126e-06,2.285624130377893e-05,1.909788241330579e-08,2.233666440088322e-08,3.462307616250614e-05,3.994640635183445e-09,6.266168174411022e-06,7.530293652593049e-05,3.0253112799988917e-05,5.3186817986012396e-08,0.001437671423899307,2.3956827905972437e-07,4.931260678254197e-06,0.0011579353732792516,2.0561237319429525e-07,8.543646710697795e-11,6.180988662843355e-08
23,1.8339320938801676e-05,4.6485690424088126e-08,1.3858503589315825e-07,2.6012970300698387e-06,2.6535074614193655e-09,5.763631700115562e-08,0.00858415657092423,0.988767115273732,2.8123740900183745e-06,3.14756739303728e-05,1.9708561559038725e-08,2.0525592573122904e-08,3.1169967402011796e-05,3.841421793032809e-09,3.913134882966705e-06,7.235239797834464e-05,4.186302485939954e-05,6.5421623804065e-08,0.0011334801348973464,2.4762750630124833e-07,6.197468955462766e-06,0.0013037173738972905,1.6659594888013729e-07,1.0007804874962764e-10,3.680519803826621e-08
24,1.6949538127921336e-05,4.6744505250002566e-08,1.436584685373731e-07,3.3986340463804093e-06,3.5298037941554614e-09,5.7349284081785105e-08,0.008604215688361332,0.9889836131265284,2.7864057770553733e-06,3.096751985665885e-05,2.267420956681512e-08,2.5863409607032448e-08,3.9902829461053524e-05,4.882776222527363e-09,3.4304836258278297e-06,9.060073481485219e-05,4.490383270133417e-05,8.11965901352073e-08,0.0009996016633234382,2.582449651931743e-07,5.973773447763905e-06,0.0011728054352848334,1.7126968637001594e-07,9.926196797672842e-11,3.4821682525120653e-08
25,2.2539090139236538e-05,7.150051929985645e-08,1.6584733934944567e-07,2.7894234143800242e-06,3.46526111791768e-09,8.52550892333863e-08,0.01083206939549169,0.9858057888563543,4.049268379721618e-06,4.160663958659213e-05,2.3614260798687115e-08,2.6680758124594253e-08,3.4539733505503626e-05,5.3636128845707505e-09,5.173350667735257e-06,8.496558877401341e-05,5.2317739319623535e-05,8.091714255938761e-08,0.0013748240034728043,3.082498738909811e-07,7.5199123819903184e-06,0.001730777469372566,2.0988539607027082e-07,1.3495388003164224e-10,5.861493264749355e-08
26,2.2500123296879608e-05,4.7301923855953337e-08,1.407296754132266e-07,2.926533317715479e-06,2.7796886071576616e-09,5.829577765761638e-08,0.007132547145352716,0.9906406499264542,4.3567436601790735e-06,2.9170638666884244e-05,2.0028773258059613e-08,1.5750444287441816e-08,2.7582923554809843e-05,3.430012709128651e-09,3.9922357628686725e-06,6.776086312329745e-05,4.520490784605239e-05,5.979813272910825e-08,0.0009447446971889103,2.4699166173871676e-07,4.848252242534208e-06,0.0010728694193331441,2.097340005707842e-07,1.5625144336017397e-10,4.059385764397678e-08
27,1.773301517829048e-05,4.682330013584586e-08,1.2912493815406444e-07,2.5992406089575673e-06,2.7346899314934416e-09,5.8160443959533076e-08,0.00933360902152215,0.9878235052126949,3.485583266017549e-06,3.5177254209317996e-05,2.0333604190244587e-08,1.8372809778118503e-08,2.7438521195634276e-05,4.147097062694749e-09,4.88708720962339e-06,7.167130677324397e-05,4.1383182877461316e-05,6.018596484172602e-08,0.0011082008124089586,2.679676408387089e-07,6.186578136196263e-06,0.00152327874334679,1.918924491206838e-07,1.1937097929866824e-10,4.4578263407595614e-08
28,1.8339320938801676e-05,4.6485690424088126e-08,1.3858503589315825e-07,2.6012970300698387e-06,2.6535074614193655e-09,5.763631700115562e-08,0.00858415657092423,0.988767115273732,2.8123740900183745e-06,3.14756739303728e-05,1.9708561559038725e-08,2.0525592573122904e-08,3.1169967402011796e-05,3.841421793032809e-09,3.913134882966705e-06,7.235239797834464e-05,4.186302485939954e-05,6.5421623804065e-08,0.0011334801348973464,2.4762750630124833e-07,6.197468955462766e-06,0.0013037173738972905,1.6659594888013729e-07,1.0007804874962764e-10,3.680519803826621e-08
29,1.8339320938801676e-05,4.6485690424088126e-08,1.3858503589315825e-07,2.6012970300698387e-06,2.6535074614193655e-09,5.763631700115562e-08,0.00858415657092423,0.988767115273732,2.8123740900183745e-06,3.14756739303728e-05,1.9708561559038725e-08,2.0525592573122904e-08,3.1169967402011796e-05,3.841421793032809e-09,3.913134882966705e-06,7.235239797834464e-05,4.186302485939954e-05,6.5421623804065e-08,0.0011334801348973464,2.4762750630124833e-07,6.197468955462766e-06,0.0013037173738972905,1.6659594888013729e-07,1.0007804874962764e-10,3.680519803826621e-08
30,1.8339320938801676e-05,4.6485690424088126e-08,1.3858503589315825e-07,2.6012970300698387e-06,2.6535074614193655e-09,5.763631700115562e-08,0.00858415657092423,0.988767115273732,2.8123740900183745e-06,3.14756739303728e-05,1.9708561559038725e-08,2.0525592573122904e-08,3.1169967402011796e-05,3.841421793032809e-09,3.913134882966705e-06,7.235239797834464e-05,4.186302485939954e-05,6.5421623804065e-08,0.0011334801348973464,2.4762750630124833e-07,6.197468955462766e-06,0.0013037173738972905,1.6659594888013729e-07,1.0007804874962764e-10,3.680519803826621e-08
31,1.925312755962072e-05,3.049768373948963e-08,1.2914921089315657e-07,1.7921859605349418e-06,1.810276264913835e-09,2.9684991702582918e-08,0.005082187776728376,0.992927974263848,1.7344641880984811e-06,1.9462228579711966e-05,1.1853737433588793e-08,1.4965626577680324e-08,2.6101416387980068e-05,2.0533201367231607e-09,1.944951241475495e-06,4.423796728660275e-05,2.8664433538883428e-05,5.683480195516811e-08,0.00101109647177738,1.871315520690013e-07,4.210266358540749e-06,0.0008307492980069414,1.0457759223313104e-07,6.272244023596064e-11,2.2527022146733087e-08
32,1.845003358959357e-05,4.675825997907576e-08,1.3874917417077176e-07,2.4142277376828846e-06,2.6655763884286435e-09,5.6498871904335795e-08,0.008331989223059484,0.9889324966902334,2.6484098184303827e-06,3.0488477524146436e-05,1.9394410665140182e-08,2.1049245446883834e-08,3.073430831977195e-05,3.7133370382908992e-09,3.9150588219289e-06,7.101904693105785e-05,4.020009403077124e-05,6.447968769982383e-08,0.0012115465656053809,2.491903678534451e-07,6.211188732043334e-06,0.001317085173803429,1.6280277891930444e-07,9.357416692808832e-11,3.6106508524905373e-08
33,2.470184253570938e-05,5.2864285427266174e-08,2.1826359797146603e-07,3.476544706592375e-06,4.99887799059661e-09,9.747554526801911e-08,0.01129149080083459,0.985590999025716,4.887494714761799e-06,5.128715746075395e-05,2.373552577035852e-08,9.595416735158748e-09,1.5844204815803704e-05,4.213705291078781e-09,1.08479590562341e-05,7.481464658345046e-05,2.3509536065641453e-05,4.5801787248083996e-08,0.0015768037284043502,4.1544846054410644e-07,1.1527105215046221e-05,0.0013185083593097936,3.583497170578326e-07,2.7975558267957346e-10,7.056790637322691e-08
34,2.4414752614807925e-05,5.402397710021404e-08,1.4152192066479708e-07,2.009571005910667e-06,2.7301263357161245e-09,4.448367914341375e-08,0.006949470258642745,0.9901928563178424,3.037519681972044e-06,2.760756421547939e-05,2.0421639083278373e-08,1.9910056081324456e-08,3.264796997493255e-05,3.205546858147525e-09,3.349622747536553e-06,5.809815332882128e-05,3.782638314235569e-05,6.23138468453423e-08,0.001389128424901042,2.135228879782931e-07,5.13999800051133e-06,0.0012736639332016088,1.5008443085632297e-07,9.934804335354724e-11,3.721324098769465e-08
35,1.4787970753569383e-05,9.016643287033581e-08,2.894287953181825e-07,5.9357522665602185e-06,6.8842807627649825e-09,2.1680013534075132e-07,0.01794519760268988,0.9776426407760076,4.030774360344905e-06,5.568463143394256e-05,5.4779385966751126e-08,3.269062073847403e-08,4.8377361317752445e-05,1.219328133741048e-08,1.579111148129328e-05,0.00013847475015877096,6.127848687003427e-05,7.29574538049696e-08,0.001575600148732312,5.075010321996318e-07,1.63310035165676e-05,0.0024740729254419474,4.432029158220671e-07,2.5055020896272263e-10,6.985008517699995e-08
36,1.035738561670979e-05,2.5851560853092056e-08,5.124938958616527e-08,1.654284855960032e-06,1.0370328258553347e-09,3.019891327358303e-08,0.0056406258474840905,0.9926791959735444,2.07562226113014e-06,1.4431054779397582e-05,1.0222176097196804e-08,1.83639053404456e-08,2.6125281278056783e-05,1.851090390794426e-09,1.9907687708727858e-06,6.415219762118083e-05,4.8704807235080185e-05,4.07349037231854e-08,0.0006362572241671316,1.1093274610852744e-07,2.64512473927081e-06,0.0008713748411571722,1.0171724893712226e-07,3.6100867924634075e-11,1.739142148355266e-08
37,2.2869860535661908e-05,3.610806495936257e-08,1.6573964387139266e-07,3.0665211337477074e-06,2.4273631663242203e-09,4.5313926836756824e-08,0.007420936343604189,0.9901471558780743,2.4476298207486838e-06,3.187428424203508e-05,2.1237093324914973e-08,1.853193348026491e-08,3.131798443413956e-05,3.854435354303132e-09,3.259448866011098e-06,6.5231021387012e-05,4.1435870975791915e-05,8.279752650810004e-08,0.0010731866332885547,2.650064250611414e-07,5.930965913187265e-06,0.0011504452540218016,1.6590350953239263e-07,1.3840294361172465e-10,3.524537771284246e-08
38,1.9618841741844633e-05,4.740709208053192e-08,1.4913979756145553e-07,2.7402017551996645e-06,2.8986006225320492e-09,4.712152019581828e-08,0.007908984829030002,0.9893598875382712,3.466827942187348e-06,3.4946171546535393e-05,1.8988950262701574e-08,1.8844569490952432e-08,2.9275639356052893e-05,4.297549107010761e-09,3.5635305882562023e-06,5.910406043910013e-05,4.164583228361143e-05,6.868655241846165e-08,0.0010273379216256479,2.5292714800131195e-07,5.745871757694165e-06,0.0015028703575103006,1.5920459642654617e-07,1.1808000793843675e-10,4.2741696505930154e-08
39,0.0002481291465805609,1.6999039310212597e-06,2.1372462033735666e-06,1.0586401569648854e-05,6.984412659834007e-08,3.4891130211399055e-07,0.02367882424674593,0.9562974496312608,8.057402038876825e-05,0.00045347935555186975,6.159805359041556e-07,1.3668629645486924e-07,0.0003006434774804833,9.391390364317268e-08,1.9131021149413923e-05,0.00018671074631077084,0.0001838030504994005,3.9704942832486e-07,0.007532257773081722,9.583372451751106e-07,1.305621943097412e-05,0.010988302228921143,3.266280361902747e-07,4.294705910495339e-09,2.6388531394504605e-07
40,2.3160506322330283e-05,9.052613167204138e-08,2.8031590272762403e-07,2.637835500390993e-06,4.889757080565785e-09,9.073681784300233e-08,0.009446976222828899,0.9863274826543055,2.7696095956618655e-06,3.59284139891814e-05,2.8408016362427366e-08,3.518877144183829e-08,4.257446947369207e-05,5.96268496802315e-09,5.596710175466921e-06,7.072342373045917e-05,4.450978167473802e-05,7.832115112551481e-08,0.0019846653739335573,3.240014849660493e-07,9.257853595283557e-06,0.002002563020368494,1.7000477888758138e-07,1.1885046857027227e-10,4.565015914656145e-08
41,2.0133471057590492e-05,3.567207799902157e-08,1.3012618391810329e-07,1.8490799789177899e-06,1.5833733269256772e-09,5.578015632116519e-08,0.013627904056353746,0.9813118426285773,1.6410964157823604e-06,3.7057640165314084e-05,2.3381110777467777e-08,3.5748904552866915e-08,3.012001147836771e-05,5.4085025246790255e-09,5.045947566551199e-06,6.176282367560306e-05,5.291450790994831e-05,1.2493652679589987e-07,0.001860594939323183,4.4676511452356126e-07,1.101731754790786e-05,0.002976950831370985,2.360221407716528e-07,1.0001111500546648e-10,7.012447615874954e-08
42,0.00013965147310311316,5.053161637393956e-07,5.729422446778024e-07,5.3912466563926506e-05,4.206638083944586e-08,1.5432786693671696e-06,0.12784728535470907,0.866325838503393,5.29089738659951e-05,0.0003385866941160866,3.8495098163096795e-07,1.1156549190185705e-07,0.00019985109233352702,1.62254019128005e-07,3.1475929091954893e-05,0.0009517824547148282,0.00038128624441348917,1.7370403591799939e-06,0.0013406744810688814,2.045403060987371e-06,2.747769546462764e-05,0.0022957669041003444,4.589996644048937e-06,5.151918055135952e-09,1.8017671276572507e-06
43,1.822411924132434e-05,4.745894005243743e-08,1.41113632784253e-07,2.5801085884812226e-06,2.57813908093934e-09,5.7611509195074407e-08,0.008576413780218955,0.9888393278040806,2.5472209949284058e-06,2.7730749671686054e-05,1.9850790967931614e-08,2.2146808119146978e-08,3.348017382109986e-05,3.6897593236359627e-09,3.74492027153214e-06,7.132187847386311e-05,4.32498499855009e-05,6.618624347696448e-08,0.0011338205473467868,2.2877164576365003e-07,6.062349929410605e-06,0.0012407131022789098,1.5957372422296517e-07,9.228199603821934e-11,3.4321621959903267e-08
44,1.8339320938801676e-05,4.6485690424088126e-08,1.3858503589315825e-07,2.6012970300698387e-06,2.6535074614193655e-09,5.763631700115562e-08,0.00858415657092423,0.988767115273732,2.8123740900183745e-06,3.14756739303728e-05,1.9708561559038725e-08,2.0525592573122904e-08,3.1169967402011796e-05,3.841421793032809e-09,3.913134882966705e-06,7.235239797834464e-05,4.186302485939954e-05,6.5421623804065e-08,0.0011334801348973464,2.4762750630124833e-07,6.197468955462766e-06,0.0013037173738972905,1.6659594888013729e-07,1.0007804874962764e-10,3.680519803826621e-08
45,5.576731087821685e-05,1.9905699069062717e-07,3.031491809004464e-07,3.965959681172553e-06,7.470651949186597e-09,1.1310137095737664e-07,0.01180912493943094,0.9807357248585448,7.263495123817418e-06,9.51086118880231e-05,5.2770125549063676e-08,1.1413330489113575e-07,8.38194845411244e-05,1.9149403939342592e-08,3.478110394438469e-06,9.772095563958379e-05,0.00012947745099991693,3.482422088223164e-07,0.0024383475780180184,6.259241240458447e-07,1.7581337121882368e-05,0.004520288965805553,3.4936446544205924e-07,2.5136275287362363e-10,1.9832874271926953e-07
46,1.836997780284101e-05,4.659876473741292e-08,1.3900229200188024e-07,2.599599232212497e-06,2.6681180849115137e-09,5.763812629908932e-08,0.008616709796189188,0.9887270968924674,2.8177524575218707e-06,3.160357301850693e-05,1.9722315682529296e-08,2.0509203023333105e-08,3.1146728236297284e-05,3.8510298720486205e-09,3.92559272412e-06,7.238129513366615e-05,4.1702270701852415e-05,6.550969535413879e-08,0.0011369179794053917,2.4839179123936733e-07,6.208698749571412e-06,0.001307712314996067,1.6656364531365817e-07,1.0026875047542013e-10,3.697363475015865e-08
47,2.3327693682484357e-05,5.0768223224468155e-08,8.938598335038997e-08,1.104925763764095e-06,1.5354513024843101e-09,3.401859842876356e-08,0.006523840096252743,0.9902694674016445,2.337061045242518e-06,2.4841433008763355e-05,1.2373576134043597e-08,2.6822439142825823e-08,2.641695528099974e-05,2.293131567501213e-09,2.3278551861936534e-06,4.815560695710597e-05,4.0511500932976556e-05,6.64343921056179e-08,0.0014940472517763642,1.8783008071981136e-07,4.672380601333157e-06,0.0015383431347819594,9.988348220185156e-08,5.041573592867367e-11,3.5307311867161404e-08
48,4.9639931293348696e-05,9.389393799928645e-08,7.362035412943029e-07,1.5871482480296636e-05,4.300330194473058e-08,1.1853660268398577e-07,0.03298851213758952,0.9490935207834894,1.8407923408167654e-05,0.0007357541876916406,1.0853687536286413e-07,4.001262902712672e-08,3.203259662108165e-05,1.074009034574222e-07,2.0106987850651242e-05,0.000187079516242796,4.452805412713761e-05,5.603673751871962e-07,0.00214619658939829,3.9943596234646145e-06,5.750558146743277e-05,0.014602846521023479,1.2541074735951312e-06,2.7532956733900764e-09,9.385317570043056e-07
49,1.8555565003592985e-05,6.118638749630723e-08,1.9111192066651895e-07,2.7321245402041664e-06,3.107286719926671e-09,7.554461926010618e-08,0.008898224003547943,0.987727496619751,2.6312396380187706e-06,3.350990010835417e-05,2.3588958971548025e-08,3.0508104991695035e-08,3.8314160217798134e-05,5.1745383918372205e-09,4.497465703272018e-06,6.925095998318037e-05,4.9866891065154605e-05,7.667028180670556e-08,0.0014114078698045096,3.036003622464764e-07,8.114818708771217e-06,0.0017344114534085886,1.7583082062558126e-07,1.0457475982649829e-10,4.0500663436448405e-08
50,3.056018671237358e-05,1.1912986295831349e-06,6.9618398165773745e-06,0.00027218286324938765,2.0415710578117793e-08,2.8246021186916625e-05,0.0007251453029089504,0.9872831742469036,2.505612319600077e-06,3.0737884491140856e-06,2.7629701468034984e-06,2.3462489026560264e-06,0.003395498521504293,3.409373274251923e-08,8.179549226053426e-06,0.0007339432363043932,0.006081361134112551,1.1478938537392197e-07,0.0011304361058545275,2.0466227864820367e-07,9.155357884146247e-05,0.00019676108801053841,3.739616336027419e-06,1.6279343292495253e-09,1.2015430038699493e-09
51,3.189944397537266e-05,3.813364707305808e-08,1.3157580398107336e-07,1.5870078580611843e-06,2.2912300830270767e-09,8.751010511696574e-08,0.013890025212446054,0.981401481558981,2.1716544461957472e-06,4.278698502578875e-05,2.119642166352987e-08,3.1814132431418224e-08,2.646387677962296e-05,4.3583595617418334e-09,5.808064610249999e-06,0.00012399629302771082,4.451668456760927e-05,1.5560018232094683e-07,0.0026419249772726733,6.965888550528659e-07,9.344041474037552e-06,0.0017763384499499685,3.842013829123892e-07,1.2324135212079446e-10,1.0235622441274996e-07
52,2.1583780276168808e-05,4.309581353232715e-08,1.56787659451624e-07,3.239718551987221e-06,2.9726451342180976e-09,6.352697490616627e-08,0.008954161156597461,0.9883544015975962,3.1320519403896243e-06,4.1686839962370675e-05,2.374408767050266e-08,2.1448413799475406e-08,3.493379024562328e-05,4.657988044057822e-09,3.85102849674952e-06,9.322056919416468e-05,4.585942151434694e-05,8.654274365400609e-08,0.0011500654568152291,3.146936136696036e-07,6.329979746044533e-06,0.001286595716736081,1.8254507787715716e-07,1.3869131777228781e-10,3.8738617744031644e-08
53,1.272166986670856e-05,3.262281818572838e-08,8.154566723609317e-08,2.8339005874877065e-06,2.3273833985683718e-09,5.6791767172698436e-08,0.015640262726648407,0.9821594410548484,3.490116632357387e-06,3.227107717354581e-05,1.7197479819917896e-08,1.3958181684302534e-08,2.341203134979181e-05,3.838029857341211e-09,5.873304784386061e-06,9.221104237234661e-05,3.516425559006077e-05,6.009291354041348e-08,0.0007787305154613183,2.672543200096121e-07,5.135097378283377e-06,0.0012076454962509538,2.2054496931478242e-07,1.0619556860655706e-10,5.143133012047863e-08
54,2.261821896487288e-05,7.520258607418899e-08,1.0747270469850876e-07,2.156459510222167e-06,3.0154651101936732e-09,7.328702046133097e-08,0.012769313221370641,0.9837921429200277,4.410914037742786e-06,4.533236471448303e-05,1.8310598463709195e-08,3.181498836969607e-08,3.1809222638485196e-05,5.24317459418842e-09,4.304371270008858e-06,9.971329202312772e-05,5.5010928252360363e-05,9.709521891317921e-08,0.0013147948809323915,2.8292980808027305e-07,6.389072312113278e-06,0.0018510578876577534,1.7990869729954093e-07,9.562926982823038e-11,7.187039669144247e-08
55,2.686525621928238e-05,9.010661268641736e-08,1.385540464414184e-07,2.58713568866164e-06,3.978781235886002e-09,6.425361762091157e-08,0.012203965989170286,0.9846185960196717,4.05434887654848e-06,3.318341033992946e-05,2.2487470414230437e-08,5.247889565797884e-08,4.801264281127188e-05,5.197015837279373e-09,3.139464220480451e-06,9.348620128006817e-05,5.8361178661366265e-05,1.3169760512435843e-07,0.0014310739019740663,2.6901507202774634e-07,6.970115485533266e-06,0.0014686983771570686,1.647810483608478e-07,9.270023024944247e-11,6.331557785977996e-08
56,1.8275247412637622e-05,4.7968426269623286e-08,1.41283905027211e-07,2.6700361562242517e-06,2.695270715646787e-09,5.777885457833126e-08,0.008510857337056973,0.9888815126457949,2.778664993331116e-06,3.0601519658384805e-05,2.0601297468541287e-08,2.1763185337528558e-08,3.388372396095587e-05,3.926329959520085e-09,3.8018982884693707e-06,7.291306911947281e-05,4.353065755363248e-05,6.766132113908649e-08,0.0011097636419002135,2.432067590249961e-07,6.018741413741206e-06,0.0012825876421894294,1.62604490950573e-07,9.91400408049266e-11,3.558552115794972e-08
57,1.804051524665124e-05,4.7810644746981246e-08,1.4145187958879163e-07,1.6493841462436492e-06,2.4781398830118053e-09,4.330475227416624e-08,0.006432064769597017,0.990284049446963,1.7295403752709618e-06,2.3145582985052556e-05,1.6872203492645167e-08,3.0481026404259353e-08,3.2266250364800844e-05,3.0624688728048853e-09,2.95548144918946e-06,5.7674793537453253e-05,3.746325805553241e-05,6.396104529028934e-08,0.0016135586787774999,2.25580186251605e-07,6.59921718940678e-06,0.001488078788143879,1.2096164267282484e-07,5.499164551532139e-11,2.8274187899498875e-08
58,1.922665244401109e-05,4.843282990769911e-08,1.4789003984094801e-07,2.809049568883178e-06,2.807178013622181e-09,6.085443984126452e-08,0.00879724788189378,0.9884902080883857,3.070887547396265e-06,3.347014239672614e-05,2.178009900467936e-08,2.0877381524254835e-08,3.2191745559443634e-05,4.163765819148372e-09,4.2808640030911254e-06,7.471400993835545e-05,4.378354284352114e-05,6.813348728145485e-08,0.0011372025107854967,2.635181004133688e-07,6.345503667580487e-06,0.0013545919499324036,1.7939408603995028e-07,1.189967499036383e-10,3.920062900212143e-08
59,1.9592904051627462e-05,4.843787909181248e-08,1.5961445979600598e-07,2.907860718000018e-06,2.976205302072458e-09,6.095839387489036e-08,0.008678976166578452,0.9884992261270332,3.2313308081813356e-06,3.582262846003915e-05,2.243226692710722e-08,2.007701237619546e-08,3.0717775428699445e-05,4.423688380643281e-09,4.580600316954732e-06,7.20922552460873e-05,4.300197502116573e-05,6.803509288487638e-08,0.001164929773593084,2.858103150761614e-07,6.692446920957416e-06,0.001437323544015422,1.8996897705279392e-07,1.3360802342167837e-10,4.17439094373975e-08
60,1.8339320938801676e-05,4.6485690424088126e-08,1.3858503589315825e-07,2.6012970300698387e-06,2.6535074614193655e-09,5.763631700115562e-08,0.00858415657092423,0.988767115273732,2.8123740900183745e-06,3.14756739303728e-05,1.9708561559038725e-08,2.0525592573122904e-08,3.1169967402011796e-05,3.841421793032809e-09,3.913134882966705e-06,7.235239797834464e-05,4.186302485939954e-05,6.5421623804065e-08,0.0011334801348973464,2.4762750630124833e-07,6.197468955462766e-06,0.0013037173738972905,1.6659594888013729e-07,1.0007804874962764e-10,3.680519803826621e-08
61,1.8997405113475685e-05,4.618056383706511e-08,1.5871239970758072e-07,2.771046154166599e-06,2.788140126381643e-09,5.8115374758451566e-08,0.008108224379737088,0.9891911952442781,2.882652603972349e-06,3.280966310107365e-05,2.093492261361404e-08,1.9390643683911885e-08,3.037879513169962e-05,4.02411163061435e-09,4.21810635015919e-06,6.795174797130436e-05,4.0721262145088065e-05,6.414559130178463e-08,0.001158169504868152,2.653244330281251e-07,6.465101563467341e-06,0.0013343652713539897,1.733139897397116e-07,1.1859797223089628e-10,3.677085961726518e-08
62,1.8339320938801676e-05,4.6485690424088126e-08,1.3858503589315825e-07,2.6012970300698387e-06,2.6535074614193655e-09,5.763631700115562e-08,0.00858415657092423,0.988767115273732,2.8123740900183745e-06,3.14756739303728e-05,1.9708561559038725e-08,2.0525592573122904e-08,3.1169967402011796e-05,3.841421793032809e-09,3.913134882966705e-06,7.235239797834464e-05,4.186302485939954e-05,6.5421623804065e-08,0.0011334801348973464,2.4762750630124833e-07,6.197468955462766e-06,0.0013037173738972905,1.6659594888013729e-07,1.0007804874962764e-10,3.680519803826621e-08
63,1.8636283116197772e-05,4.912229652771207e-08,1.398649896051152e-07,2.57221805015717e-06,2.7000225928312727e-09,5.846672311992168e-08,0.00862842119774751,0.9886880299465218,2.8930405070297857e-06,3.1555403792371297e-05,1.9959792559629018e-08,2.096344429575374e-08,3.167303319210146e-05,3.8556376684179855e-09,3.9565036813138e-06,7.181868326730818e-05,4.237631605780589e-05,6.496615542928557e-08,0.0011477772242872812,2.433458401329363e-07,6.199611157708423e-06,0.001323285540137017,1.6447625347911854e-07,1.0026458080057077e-10,3.717706405381629e-08
64,1.7867699689714886e-05,4.765085286600046e-08,1.452904911016794e-07,2.7000858005428384e-06,2.8306859375822846e-09,5.9346940426785355e-08,0.00857667895987861,0.988717256032246,2.742995210528145e-06,3.2215162592101684e-05,2.0432084490463285e-08,2.0705385847552175e-08,3.0087535218135648e-05,3.905817399867761e-09,4.184754445044027e-06,6.960993199111889e-05,3.9409911668537674e-05,6.298702886616365e-08,0.0011707006475003296,2.5824771880747006e-07,7.3375698747788456e-06,0.001328373968823902,1.7603503810316208e-07,1.0271819390392293e-10,3.7210298695275384e-08
65,2.859637500896404e-05,5.713202986348024e-08,1.0335559258146018e-07,1.977517573759997e-06,2.945848411752744e-09,3.883708371386109e-08,0.009335526741598196,0.9875696652678227,3.7272188822478975e-06,3.862656762101383e-05,1.8550837199641827e-08,3.2440451951797224e-08,3.605957827366625e-05,4.124206154718931e-09,2.3910262781687814e-06,8.212872696208986e-05,4.7584928487889516e-05,1.2051112257727556e-07,0.0013050974582946196,2.643973714189487e-07,5.256592211874829e-06,0.0015425153093878553,1.4608550519365278e-07,8.775704347943377e-11,5.822379067187325e-08
66,1.959265347303407e-05,5.038815995797816e-08,1.730332391498366e-07,3.3789597449757644e-06,3.4672216377591593e-09,6.34879802163656e-08,0.008506607377656497,0.9885588216275862,2.886224376073978e-06,4.1442537846217684e-05,2.5153368187301552e-08,2.598449761878335e-08,3.8454949705796984e-05,5.166390755279465e-09,3.759520073072668e-06,8.981135163860682e-05,4.774837083819603e-05,8.216159684052626e-08,0.0012143588442398738,2.899110664577413e-07,7.82141768139121e-06,0.0014643871671909565,1.732405054691045e-07,1.1926965158895268e-10,3.6884653135456266e-08
67,1.8369895131318057e-05,4.671861861119883e-08,1.3924512637695145e-07,2.6161570841085814e-06,2.661562137151233e-09,5.836349528049356e-08,0.008635120209768733,0.9887025525600206,2.818112966718088e-06,3.166131249428715e-05,1.987061463838121e-08,2.068660756425253e-08,3.130986207577267e-05,3.8853652860366846e-09,3.948732134835886e-06,7.274200439106389e-05,4.2183676100669e-05,6.591286950238271e-08,0.0011373329394117966,2.500404985212452e-07,6.2560960840018295e-06,0.0013122753504980725,1.6844586033415412e-07,1.0100096874080077e-10,3.716021894805958e-08
68,1.4625620009494227e-05,2.929680251538324e-08,1.3561141173332964e-07,2.3769238347958513e-06,1.676365015023062e-09,4.579451768387991e-08,0.007653328946072799,0.9904288106116246,1.3945696183429345e-06,2.0067061156963177e-05,1.3492796435139164e-08,2.3618088284801384e-08,4.075660846607089e-05,2.9231873610020337e-09,1.899003631535581e-06,6.111292785024452e-05,3.901683391239877e-05,8.830534161621585e-08,0.0008998690461451186,2.4515969922192197e-07,5.2102253307897836e-06,0.0008308005676767829,1.2099816224751916e-07,5.3109813877101835e-11,2.4125188205609403e-08
69,1.923414170037014e-05,5.379551791758255e-08,1.6117450705205544e-07,2.2425910053251813e-06,2.2684360754351707e-09,8.093935972371596e-08,0.0087848505439345,0.9878278820385202,1.8101636173634827e-06,2.8567391653469983e-05,2.5284298619478213e-08,3.199825080080134e-08,3.9433349071517785e-05,4.265702622684715e-09,4.592878207068714e-06,7.143501792310354e-05,4.9736717451636444e-05,7.772498164755203e-08,0.0016087506172795328,3.1077439736246767e-07,9.179680500524179e-06,0.0015513050170283776,1.9571884658528e-07,8.962386193683789e-11,3.5818184597233577e-08
70,1.547265797249228e-05,4.248721093705768e-08,1.537612450875913e-07,4.318566146775081e-06,3.4648327469672415e-09,7.774425287783807e-08,0.008857739788972236,0.9890543519733305,3.552084127920866e-06,3.56906643176596e-05,2.1529972832365234e-08,2.1491222818291718e-08,3.6999846326053756e-05,5.0869679350576845e-09,3.880378585704632e-06,0.00010802870088079289,5.0999678529576944e-05,7.75689857968261e-08,0.0008298910228909828,3.1132208119763173e-07,5.960093864275647e-06,0.0009921522923917864,2.1163148775210863e-07,1.300781762010565e-10,3.6033325329472077e-08
