,0,1,2,3,4,5,6,7,8,9,10,11,12,13,14,15,16,17,18,19,20,21,22,23,24
0,0.018902139876679425,3.884096797535636e-09,0.0001730214269140816,0.0017331613587672943,3.1381141412555084e-06,1.3219447914258187e-07,0.0009346838541547433,0.9566896277416933,2.041644545879765e-05,0.010324854173176492,0.0012823752630566787,0.0007312903504653571,0.006774393002754422,2.2913363620376497e-05,6.121807845209245e-06,0.0003167775538217783,0.0016771766717298597,5.290459079033257e-05,2.087541955193193e-06,0.0002214303328665375,1.225432892547487e-06,1.1723281279834952e-05,6.353091039524003e-06,0.0001105740279748413,1.4746183461278091e-06
1,0.015718139932485303,2.17470743351518e-09,0.00014764844935484766,0.00157106602835098,2.2820305945485243e-06,1.0125788678536826e-07,0.0006615041536826294,0.9603220037329967,1.8825151147402168e-05,0.011250317337917488,0.0009894094762729721,0.0004772602287370678,0.006913226320462562,1.2205180113019235e-05,3.8090332969849396e-06,0.00030304839850635936,0.0012727543763053398,3.7748868261253956e-05,1.741806834579447e-06,0.00020407646192756928,7.953540944486391e-07,8.085029947753465e-06,4.204217603329118e-06,7.899476624314467e-05,7.502322695931391e-07
2,0.016040718197982945,2.8123423701276346e-09,0.00013691862686577918,0.0015644604022065222,2.491414703331711e-06,9.15425405549992e-08,0.0006534038785591461,0.9621262864868825,1.902259858514506e-05,0.009740101698339814,0.001250001121037929,0.0005458678898130399,0.006110757948372399,1.692448089385954e-05,5.269134165874663e-06,0.0002412399502970293,0.001200767213888317,4.2295710058830344e-05,1.5229194547669548e-06,0.00021274240059473496,8.453782083193185e-07,8.18268982112831e-06,4.921702914015432e-06,7.409202136056992e-05,1.0717801113060517e-06
3,0.017212302470723726,2.769886091959704e-09,0.0001414506089958015,0.0017368935915241081,2.425965929706235e-06,1.0901736805530035e-07,0.0007797304981283851,0.9596353071787975,1.8031245115695093e-05,0.009921277347843723,0.0010918533378646569,0.0005844039301286105,0.006801571432137764,1.6761665559529795e-05,4.599205246773772e-06,0.0002954204809929456,0.0013964330729414724,4.606033627313559e-05,1.6949405136350894e-06,0.0002064808325102346,9.345079048860379e-07,9.294410800888026e-06,5.110109120162702e-06,9.081254734307233e-05,1.0384963494223244e-06
4,0.017703668771212374,2.7314256936053622e-09,0.00014046216907929334,0.0017181241708163213,2.4274162636717925e-06,1.1094992618109458e-07,0.0007755702046596258,0.9586226399901548,1.7151571327358235e-05,0.00978292378296005,0.0010365227991055753,0.0005765108535147501,0.007501837551936741,1.735980630706774e-05,4.377902428183618e-06,0.0003104908326704551,0.001415051810442804,4.852936461970575e-05,1.8142699512942128e-06,0.00021175483727942736,9.114264898872793e-07,8.899215005927335e-06,5.0136406311695415e-06,9.684995865136144e-05,9.939731401526837e-07
5,0.01618704153600164,3.1007574010406494e-09,0.00012206717770106198,0.0020992459646097784,2.2326336142041123e-06,1.2189666757921336e-07,0.0007032276926016811,0.9614240465852814,1.7405400733179902e-05,0.008923836017063242,0.0010975416890825328,0.0005629816404451246,0.006828348485996889,1.5831834056166117e-05,4.653129401792016e-06,0.0003201794873857492,0.0013145788805438467,5.734371390574209e-05,1.689491975094223e-06,0.00021611881786402445,9.466180218905477e-07,9.77240846490722e-06,5.283615294291092e-06,8.455137012122875e-05,9.50812409806828e-07
6,0.017212302470723726,2.769886091959704e-09,0.0001414506089958015,0.0017368935915241081,2.425965929706235e-06,1.0901736805530035e-07,0.0007797304981283851,0.9596353071787975,1.8031245115695093e-05,0.009921277347843723,0.0010918533378646569,0.0005844039301286105,0.006801571432137764,1.6761665559529795e-05,4.599205246773772e-06,0.0002954204809929456,0.0013964330729414724,4.606033627313559e-05,1.6949405136350894e-06,0.0002064808325102346,9.345079048860379e-07,9.294410800888026e-06,5.110109120162702e-06,9.081254734307233e-05,1.0384963494223244e-06
7,0.017433391238826496,1.8274827489401972e-09,0.00013424502262266447,0.0014550164838213332,2.0205055477957128e-06,7.032494272387797e-08,0.00070641703046126,0.9595796507335452,1.4324192186053864e-05,0.010404957162450525,0.0009571426331386756,0.0004375449552013144,0.007200983411316531,1.2201076609795385e-05,3.088699354524018e-06,0.00022874126586179658,0.001136294717690514,2.9078999200514198e-05,1.425473355287369e-06,0.0001787020581019169,5.401918261157199e-07,7.14907435467033e-06,3.01481917453407e-06,7.325364020760011e-05,7.444627196128166e-07
8,0.012092746348372352,2.9322030214872998e-09,4.835008448251292e-05,0.002002859560341523,2.272419724023612e-06,1.808390135077287e-07,0.0006549920348884867,0.9707988073753547,1.9924482246426793e-05,0.005402787566615079,0.0011697277167072588,0.00043675419749904335,0.005474513721030789,1.070681826481477e-05,4.709551569173547e-06,0.000414537463810357,0.0011051973272981463,0.00013514213857984846,2.1169724894254916e-06,0.00016568056870549776,6.200274411873885e-07,1.1118787030479961e-05,3.304562542643601e-06,4.2379415607399185e-05,5.670881825373718e-07
9,0.01229588541345994,2.5035289064940693e-09,0.00010289774219637763,0.0018134859018543266,2.9244593000384035e-06,2.2553795246521403e-07,0.0010599577560421734,0.9662685596997854,1.8674273308901513e-05,0.00594926009774791,0.0009009208448360013,0.0006879814364526462,0.008254792704220448,1.0884353242314076e-05,3.275531878022958e-06,0.0006951220067993055,0.0015598304309699825,0.00010138271980063717,2.6054425821961484e-06,0.00018948228311335986,9.682327053006063e-07,1.4036643218743961e-05,2.927025728120841e-06,6.341981632002607e-05,4.971429564728773e-07
10,0.017212302470723726,2.769886091959704e-09,0.0001414506089958015,0.0017368935915241081,2.425965929706235e-06,1.0901736805530035e-07,0.0007797304981283851,0.9596353071787975,1.8031245115695093e-05,0.009921277347843723,0.0010918533378646569,0.0005844039301286105,0.006801571432137764,1.6761665559529795e-05,4.599205246773772e-06,0.0002954204809929456,0.0013964330729414724,4.606033627313559e-05,1.6949405136350894e-06,0.0002064808325102346,9.345079048860379e-07,9.294410800888026e-06,5.110109120162702e-06,9.081254734307233e-05,1.0384963494223244e-06
11,0.016256019131013315,2.4556623165883248e-09,0.00012985777806375187,0.0015779251539146633,2.173387256627494e-06,1.0302704267604151e-07,0.0007245962505506127,0.9612407400048759,1.6669309324615407e-05,0.009466137683937798,0.0009458133563530723,0.0005386589935068517,0.0071314516925896,1.4637998133064503e-05,4.013029310443635e-06,0.0002881517555410858,0.0013200249190593698,4.38627666220047e-05,1.6609665802165878e-06,0.00019400000565895727,8.20636269986658e-07,8.495606522195194e-06,4.484915949435693e-06,8.881327287379313e-05,8.859033875019604e-07
12,0.016733468942851704,2.6794786524509146e-09,0.00013822355032422587,0.0016876351713633214,2.2846520783742716e-06,1.0461341667312225e-07,0.000746611954214107,0.9607184720512718,1.750337721973333e-05,0.009704826331136101,0.001056275208122484,0.0005659942501422844,0.006629441765117043,1.5634101826188218e-05,4.454593155295814e-06,0.0002867209544591194,0.0013476413380308847,4.366614135650506e-05,1.6506073951345154e-06,0.00019676384050111177,8.924026051824489e-07,9.164646910202636e-06,4.790584354815822e-06,8.679505889279786e-05,9.81183776436435e-07
13,0.017895130418726337,3.6625987363281654e-09,0.00012813508692194903,0.001791414495049735,2.8097611892413717e-06,3.007263316266873e-07,0.0016258099063666174,0.9512037896588575,2.0653070838819464e-05,0.013514881905016532,0.00041875164957712216,0.0004724930559179239,0.00911093074872763,1.11775025875622e-05,2.7556527900366196e-06,0.00046072146045001816,0.0027948417852467953,5.993403680524114e-05,3.5443755625353896e-06,0.00019014960942646011,1.0661394426980991e-06,1.7256072654841808e-05,5.870759203687496e-06,0.00026635889458640177,1.2195651237841418e-06
14,0.01722697939111257,2.7566063809751856e-09,0.00014139325053693342,0.0017308199668802562,2.41931351584829e-06,1.0867476850845521e-07,0.0007813683756027471,0.9596429797246641,1.8025338397360248e-05,0.009921555782113175,0.0010875208654354733,0.0005845998135024259,0.006788366864717251,1.6743795463003408e-05,4.5866970332531995e-06,0.0002946885186332007,0.0013972828987744627,4.581230495302436e-05,1.6887485922315364e-06,0.00020571190577286263,9.340321795610779e-07,9.279084227724581e-06,5.109091774800302e-06,9.098333089098862e-05,1.0394738517746225e-06
15,0.017212302470723726,2.769886091959704e-09,0.0001414506089958015,0.0017368935915241081,2.425965929706235e-06,1.0901736805530035e-07,0.0007797304981283851,0.9596353071787975,1.8031245115695093e-05,0.009921277347843723,0.0010918533378646569,0.0005844039301286105,0.006801571432137764,1.6761665559529795e-05,4.599205246773772e-06,0.0002954204809929456,0.0013964330729414724,4.606033627313559e-05,1.6949405136350894e-06,0.0002064808325102346,9.345079048860379e-07,9.294410800888026e-06,5.110109120162702e-06,9.081254734307233e-05,1.0384963494223244e-06
16,0.01781605761288616,2.7020015493586257e-09,0.000154600353718816,0.0021753253491959925,2.7385504606753925e-06,1.381530285492597e-07,0.0008246953183803904,0.9570845063371802,1.5551342757275457e-05,0.008818209914029611,0.0013049370112753998,0.0007912502005486652,0.008585136668088338,2.3478876492616955e-05,5.216284593616853e-06,0.00045974110626132884,0.0014760272714040793,7.887121027285242e-05,1.9215968203590097e-06,0.0002686077923826886,1.3828159167513223e-06,9.133264700280451e-06,6.031742666853035e-06,9.554677081310612e-05,8.917541239560021e-07
17,0.009478018308504851,4.5267297233333635e-09,0.00014026565608944754,0.0011518274014224318,1.5581845864320145e-06,2.8040737844477967e-07,0.000263861459911624,0.9583693578774338,2.1158362767929743e-05,0.020506885509654304,0.0007915344474215446,0.00025491390445174245,0.006918154411715833,6.323101568409948e-06,8.381838792643295e-06,0.0003956415951381728,0.0012549282547688729,7.95223818376483e-05,5.716638602782825e-06,0.00021046630469557002,1.245553001879823e-06,9.561419161244709e-06,6.689814873199441e-06,0.00012319944213256938,5.031973587640612e-07
18,0.0176851505999561,2.852311975967309e-09,0.00014159879682216887,0.001735732752115921,2.498099949860066e-06,1.105907160866214e-07,0.0008012123158159462,0.9589823981540858,1.846970322198863e-05,0.009991142250036568,0.0011031679748488515,0.0005868058698829413,0.006816834784600413,1.72174993690499e-05,4.663416902957524e-06,0.00029383472014045755,0.001452618998776152,4.702009357253338e-05,1.7356572820643233e-06,0.00020772584663304635,9.449984440555382e-07,9.498978996607146e-06,5.2603013000937355e-06,9.325970306835729e-05,1.095041150173257e-06
19,0.01268916928233868,1.656017702660676e-09,0.0001304508378706987,0.0014120658780507592,1.8079392156001975e-06,9.748389431846368e-08,0.0008685213824444167,0.9646998476485281,1.5444723474768707e-05,0.01077402438966686,0.0006941772379735998,0.0005691350865151554,0.006456009315474472,9.463250765262909e-06,2.7150545243053345e-06,0.00025256764461652345,0.0011420179595243926,2.5224124704381625e-05,1.1720837271800188e-06,0.00016170818806934343,6.483553647417008e-07,8.913141906962361e-06,3.0882088098451593e-06,8.098287348511007e-05,7.462530366848826e-07
20,0.010347581257362971,3.819166999226192e-09,0.000102906787663539,0.001637969726252175,1.444643805239535e-06,1.0595412923240825e-07,0.00043545527524903636,0.9734871244347796,1.529642117611019e-05,0.006652833053924579,0.0009289528665730885,0.0005518518000552958,0.004408730613107663,1.0014620686002343e-05,5.479585802826262e-06,0.0002388362294332445,0.000921700980608409,4.1440402868320324e-05,1.4147620448706465e-06,0.00013918663249446082,8.473429985169576e-07,1.1711679726530243e-05,3.569612516065498e-06,5.478310955759499e-05,7.583880176799462e-07
21,0.02005248645215029,2.9749978087728384e-09,0.00014226199468269257,0.002574814112665044,2.5051788254198115e-06,1.0323448844610764e-07,0.0006564805548410983,0.9562467659164238,1.6835623037641722e-05,0.008763963038224042,0.0016983055513406337,0.0007345507782973272,0.007175892539517851,2.5053527246812293e-05,5.733023635887632e-06,0.0003612198619829038,0.0011392414810809752,6.205393699765606e-05,1.5909310139777617e-06,0.0002552026334921726,1.0146970147944845e-06,8.56518972271873e-06,5.519772913981516e-06,6.884108874180648e-05,9.959066645189037e-07
22,0.015392665391217848,3.3946401325207396e-09,9.673760133931999e-05,0.0008743911369478068,2.4483718753347405e-06,1.4008413932650627e-07,0.00124243240899498,0.964143378900567,1.931482512748914e-05,0.008886824985887797,0.00045940173284426364,0.0005676461927056185,0.006602962097450612,2.5494476929295353e-05,5.148220048122693e-06,0.0002584314211363831,0.0010095344820574266,3.651787955494156e-05,2.1395121648509205e-06,0.00014335747368938228,5.959594284314315e-07,7.442291392025334e-06,5.464935962276762e-06,0.00021603388632731118,1.4923375719738746e-06
23,0.017212302470723726,2.769886091959704e-09,0.0001414506089958015,0.0017368935915241081,2.425965929706235e-06,1.0901736805530035e-07,0.0007797304981283851,0.9596353071787975,1.8031245115695093e-05,0.009921277347843723,0.0010918533378646569,0.0005844039301286105,0.006801571432137764,1.6761665559529795e-05,4.599205246773772e-06,0.0002954204809929456,0.0013964330729414724,4.606033627313559e-05,1.6949405136350894e-06,0.0002064808325102346,9.345079048860379e-07,9.294410800888026e-06,5.110109120162702e-06,9.081254734307233e-05,1.0384963494223244e-06
24,0.01790404207056811,3.2758261940706663e-09,0.00013237667559134954,0.002589460951667752,2.7186470029742303e-06,1.1734843104848757e-07,0.0007561451450143813,0.9576168924670461,1.7147350584093894e-05,0.009364446566295957,0.0013343539839489038,0.0006499087252874384,0.007544261531897083,2.0114885923748083e-05,4.546009331726587e-06,0.0003432158424951719,0.0013108931358307289,5.857207497536046e-05,1.6967029721451115e-06,0.000252129806587717,8.64043838341334e-07,1.0284889291316832e-05,4.9149162821414415e-06,7.984035942939091e-05,1.0525938807515235e-06
25,0.03738835718892747,2.6710647424068887e-06,0.0017842532314586367,0.0032871295069470765,5.440477829844754e-05,0.0005166094853362135,0.007374542506257893,0.5700768161711297,0.0007053499540800329,0.11231673244427488,0.00011077545275416078,0.0017280080171652736,0.01084958109334791,6.0577058647009984e-05,0.00010454888914047219,0.016510681422643305,0.13716084405861842,0.0021600576353905192,0.0030737458526427282,0.00031871210227324095,0.0005144440512972048,0.0017076572178038685,0.0015878739057813682,0.09054026595000032,6.536096104130406e-05
26,0.021357168125805435,2.6807843408690502e-09,0.00012722892991686309,0.0013917332510702258,2.4903550099441653e-06,1.3070335075495795e-07,0.0009469531438964962,0.9531605307016194,2.2898713806088652e-05,0.011038391494430628,0.0007544569242811611,0.00041808572556133444,0.00796254834753739,1.3719495919736051e-05,3.7870406664508717e-06,0.00030165953255528076,0.0020780826260702,5.52321360149626e-05,2.2647072750797057e-06,0.0001958906531171039,9.967962670336071e-07,9.038748984305743e-06,7.174412775609648e-06,0.00014841155399541704,1.123199288694036e-06
27,0.02903590602461981,2.0010339015381983e-09,0.00031386944862608966,0.0020629263482771303,4.447423909134811e-06,1.3952927811284947e-07,0.0014507845705155563,0.9325691306589942,1.586135983179426e-05,0.013939217125818448,0.0012457419479463391,0.0008615818482795698,0.014530648528647416,3.26339552212858e-05,3.884155987229911e-06,0.0005784982276231134,0.0026602057608190607,6.924894599020568e-05,2.4233111627019034e-06,0.0004013202525440113,2.121023127506165e-06,7.964661992144618e-06,8.735292152888302e-06,0.00020163453008878888,1.0730675136503465e-06
28,0.017212302470723726,2.769886091959704e-09,0.0001414506089958015,0.0017368935915241081,2.425965929706235e-06,1.0901736805530035e-07,0.0007797304981283851,0.9596353071787975,1.8031245115695093e-05,0.009921277347843723,0.0010918533378646569,0.0005844039301286105,0.006801571432137764,1.6761665559529795e-05,4.599205246773772e-06,0.0002954204809929456,0.0013964330729414724,4.606033627313559e-05,1.6949405136350894e-06,0.0002064808325102346,9.345079048860379e-07,9.294410800888026e-06,5.110109120162702e-06,9.081254734307233e-05,1.0384963494223244e-06
29,0.017212302470723726,2.769886091959704e-09,0.0001414506089958015,0.0017368935915241081,2.425965929706235e-06,1.0901736805530035e-07,0.0007797304981283851,0.9596353071787975,1.8031245115695093e-05,0.009921277347843723,0.0010918533378646569,0.0005844039301286105,0.006801571432137764,1.6761665559529795e-05,4.599205246773772e-06,0.0002954204809929456,0.0013964330729414724,4.606033627313559e-05,1.6949405136350894e-06,0.0002064808325102346,9.345079048860379e-07,9.294410800888026e-06,5.110109120162702e-06,9.081254734307233e-05,1.0384963494223244e-06
30,0.017212302470723726,2.769886091959704e-09,0.0001414506089958015,0.0017368935915241081,2.425965929706235e-06,1.0901736805530035e-07,0.0007797304981283851,0.9596353071787975,1.8031245115695093e-05,0.009921277347843723,0.0010918533378646569,0.0005844039301286105,0.006801571432137764,1.6761665559529795e-05,4.599205246773772e-06,0.0002954204809929456,0.0013964330729414724,4.606033627313559e-05,1.6949405136350894e-06,0.0002064808325102346,9.345079048860379e-07,9.294410800888026e-06,5.110109120162702e-06,9.081254734307233e-05,1.0384963494223244e-06
31,0.013466342099517114,1.7551207520898808e-09,0.00012189398431515428,0.0010879512974258374,1.356582537727759e-06,5.766550658908266e-08,0.0004818626823211791,0.9697001024557642,1.1473101052494289e-05,0.006185196507315013,0.0006889018666903508,0.00039612904645592266,0.006347630240708967,8.806093527762273e-06,2.919206374119143e-06,0.00022534729819967205,0.0010294637187873684,2.9764472198556757e-05,1.2742337241817347e-06,0.00014037842362945853,6.325960308134107e-07,6.348606377414187e-06,2.6887032948854667e-06,6.298491037478365e-05,4.924527497116149e-07
32,0.017335368177526143,3.085533124875056e-09,0.0001413535442992691,0.0017300232842441595,2.4245607168588773e-06,1.167753517084375e-07,0.0007444138537557319,0.9594294726670074,1.816761425486749e-05,0.009802545093924175,0.0010668335334919172,0.0005666360350479788,0.007017237079272028,1.6473970283546166e-05,4.732208265015942e-06,0.0003068253497076299,0.0014492885672645979,4.98098896033803e-05,1.9252563443831753e-06,0.00020459577990966613,9.507124741798338e-07,9.843275674323664e-06,5.1594566992651095e-06,9.477176720307782e-05,1.0284621456243795e-06
33,0.016999877158039557,3.2486182326100333e-09,0.0002105889501608548,0.00177778868748029,4.035563420424153e-06,7.510958174813299e-08,0.000822760178290909,0.9573809524658053,3.650859743204951e-05,0.013602401151788204,0.003585440408632939,0.0007381299746188919,0.0033352216112647296,2.734821303347101e-05,1.2457186421897297e-05,0.0001585741954164347,0.0009472614174825916,2.8806316588140582e-05,8.643264039162448e-07,0.00026758554019003347,1.2763143276439974e-06,8.127871346890546e-06,8.386077798760763e-06,4.321544956196775e-05,2.3139862939931317e-06
34,0.028144506600378132,2.3417252749716117e-09,0.0001633715463729264,0.0016659267099535346,2.8021088687717264e-06,7.726007662520988e-08,0.0007507235734354675,0.9469076748274226,1.8364325103075797e-05,0.010227963553539733,0.001381222804695569,0.000492774810766073,0.00800420324911378,2.116309707428193e-05,4.364195679941668e-06,0.0002925432804748078,0.0015536837060392706,4.622978130743093e-05,2.002422391530455e-06,0.00021659599677144927,8.450029948099832e-07,7.229320895901896e-06,5.114505145650597e-06,8.963008654050447e-05,9.848932327432122e-07
35,0.0258390480784618,4.575208134217093e-09,0.0003903691520019365,0.0030620865182245187,6.731280056556432e-06,2.704092569464949e-07,0.0017926549317676971,0.9276234443787951,2.0988265763801756e-05,0.019897600504764194,0.0020765194550160784,0.0014582627718593341,0.01327357298488356,6.751898059414137e-05,9.117534227437157e-06,0.0006643105965222609,0.002824062352089033,0.00010432438912496776,3.0552065571597944e-06,0.0005754281993059162,3.6478634624967197e-06,1.2510804593789701e-05,1.7149574531360622e-05,0.00027480503683143426,2.51615610043136e-06
36,0.013116501417475925,1.8405047928071752e-09,8.194928274444659e-05,0.0011461825581522277,1.537386469824624e-06,6.930649640574167e-08,0.0007034077466989409,0.970888301380577,1.2792631845245074e-05,0.005407007237234975,0.0007463832948383922,0.0006405153358909047,0.0056274785640423215,1.2483737966376074e-05,3.139117305072814e-06,0.00022343326958674584,0.0011523638239217269,3.8897496538567116e-05,1.1015995788175443e-06,0.00012393376102368668,5.536777795511715e-07,8.49835867709007e-06,2.6793436362221914e-06,5.999139811951495e-05,7.964328950681682e-07
37,0.03663398607958656,3.673077489991804e-09,0.00023125092102152035,0.002816422216397807,4.450337036186396e-06,1.6064318222793362e-07,0.001491862079903178,0.9282493298211857,1.7477338501590096e-05,0.01174146414059734,0.0014317985368403898,0.0008606158792104244,0.012557478905098745,4.732509193657809e-05,5.296354651980822e-06,0.0005679845431286075,0.0026497995237937566,9.525977537927868e-05,2.994168886246314e-06,0.00035310739855213435,1.8644894397087917e-06,1.0624334900625663e-05,1.0351748938527084e-05,0.00021740729719944157,1.6847015539327529e-06
38,0.017753444315315024,2.7244876542827943e-09,0.00014165118799027335,0.0017696137491541503,2.450722941717841e-06,9.512266378873289e-08,0.0007657874468619078,0.9592950134256969,1.8369096143379018e-05,0.010102683599212948,0.0011304428979328667,0.0005578243614639652,0.00645951255199237,1.652051326566895e-05,4.3685448129009365e-06,0.00026013206918865686,0.001373639359294386,4.0020666061267494e-05,1.5254926027259643e-06,0.00020609897286778947,8.387504277687134e-07,9.090929852282145e-06,4.864609585580044e-06,8.489785672782617e-05,1.1110334565141037e-06
39,0.2025463573366872,3.311296594034196e-09,0.00024807703648805095,0.0028592155746887315,4.0531915457442554e-05,6.727128803292037e-08,0.005521588352250179,0.6888091577576907,6.930308558301506e-05,0.06918890895030297,0.01449761750782215,0.0004920588585102161,0.011657873214198818,0.00045832835778724794,1.3461910362880061e-05,0.00017457704152186364,0.0024189617032438775,7.8614500538409e-05,3.172421696189718e-06,0.0006504728444412819,4.1654564494210894e-07,4.693949313212297e-06,2.1855441421545356e-05,0.00022856226337551356,1.6122848389006307e-05
40,0.029276525437915143,4.296100692514296e-09,0.00031579085987090244,0.0018315102092790303,6.2529077794573455e-06,1.0961235604572593e-07,0.001379348995673832,0.9409481020631478,2.1287518023909055e-05,0.01052560092440852,0.0021183601761004933,0.0011053194698833655,0.009382833734363912,5.758392562162555e-05,7.82811829565765e-06,0.00037837366254431,0.0020770184051611914,6.0357259467282e-05,2.412699747352742e-06,0.000344834324491557,1.7444884800364607e-06,1.0562499093634728e-05,8.201574162243647e-06,0.00013785482090074302,2.1820171312231902e-06
41,0.02932390302358153,3.019630048277691e-09,0.0002748849471907978,0.0013572194673359052,3.639649493904886e-06,2.0357704002673367e-07,0.0024769638577442975,0.933955237170551,2.1192965405203014e-05,0.01562032122397463,0.0008518621107697059,0.0011089798790195882,0.009609099525564567,2.845851719783096e-05,5.0021315409643525e-06,0.00036564198003503445,0.004309565081411193,5.496170713344026e-05,2.478820393599725e-06,0.00024182941066281025,2.6952075296007316e-06,1.5304903424412497e-05,1.3109466643540464e-05,0.00035452365667576393,2.918700050668058e-06
42,0.024426254841377178,2.93331302106284e-09,0.0001626110958123999,0.001894971663090082,3.6766073551281673e-06,1.242451943474223e-07,0.0011402758082966116,0.9462665174956268,2.1562718571693153e-05,0.012914857607432832,0.0014383545301786041,0.0006993638847364689,0.008470417410598426,2.9675745846991372e-05,5.634477987046294e-06,0.0003175805419959869,0.001726588066773529,5.8967716232116204e-05,1.943113414816042e-06,0.0002723154357017812,1.1156815476508754e-06,8.846138249208334e-06,7.732250379525415e-06,0.00012898557647883033,1.6244138086819686e-06
43,0.01617019907098034,2.6470871045380006e-09,0.00013962552028298742,0.0016960038335507115,2.3159361984004987e-06,1.1327956194895064e-07,0.0007536042483467446,0.9606317054264238,1.7793846474548235e-05,0.010130596255442312,0.0010110259174992491,0.0005665597450861343,0.0068121155270911,1.5110772886744465e-05,4.419975241995991e-06,0.0002999079529812243,0.0013903870991164413,4.54485145377305e-05,1.6922591107700436e-06,0.00020379602675752654,9.580280747215833e-07,9.236017530451111e-06,5.0268810103965635e-06,9.139926753679199e-05,9.559511900288178e-07
44,0.017212302470723726,2.769886091959704e-09,0.0001414506089958015,0.0017368935915241081,2.425965929706235e-06,1.0901736805530035e-07,0.0007797304981283851,0.9596353071787975,1.8031245115695093e-05,0.009921277347843723,0.0010918533378646569,0.0005844039301286105,0.006801571432137764,1.6761665559529795e-05,4.599205246773772e-06,0.0002954204809929456,0.0013964330729414724,4.606033627313559e-05,1.6949405136350894e-06,0.0002064808325102346,9.345079048860379e-07,9.294410800888026e-06,5.110109120162702e-06,9.081254734307233e-05,1.0384963494223244e-06
45,0.05742807460675522,1.1255913172337503e-08,0.0005135302856663226,0.005510849752806206,1.3114256338323659e-05,2.9532553208891737e-07,0.0019297097199297269,0.8841070490334989,5.039270536617442e-05,0.025048770540953804,0.005372659421461192,0.0017507173564727991,0.010729014884665393,0.00013274192417997023,1.5957096132243923e-05,0.0005390500021655746,0.00552688249060064,0.00014109037594252024,3.888586078556437e-06,0.0008354758929961571,5.2874709447934135e-06,2.1423240980843514e-05,4.355366059700701e-05,0.0002713005405990922,9.15957342334157e-06
46,0.01885493396998827,2.1268847963469544e-09,0.0001432630281767243,0.0018719898109504558,1.92013777661605e-06,1.0845029533279606e-07,0.000801444346540853,0.9572219536370774,1.4711732543014724e-05,0.009291309727181738,0.0007955994372411822,0.0005646188368928658,0.007861787356732304,1.125528883782598e-05,2.7328455880020525e-06,0.0003309378511017192,0.0018921579250711367,4.0691113090641493e-05,1.6614511128011515e-06,0.00018420122324410915,9.657377200742905e-07,1.048755272943578e-05,4.177146973163729e-06,9.628375709247708e-05,8.055091569962183e-07
47,0.02047534171426761,1.5913264922596748e-09,0.00011738142900450447,0.0015877133215677194,1.4171278469245438e-06,8.28004673132302e-08,0.0006963572279252738,0.9575572074328744,1.1095381607697605e-05,0.007670573934210365,0.000587872648047666,0.0004552438840489899,0.008691075903634141,9.882406910892676e-06,2.07759196909112e-06,0.0003494655615576928,0.0014952275673329426,3.795493795244062e-05,1.7596001705123313e-06,0.00014416169678285506,6.560284671740184e-07,8.094148094392974e-06,2.9217847796491335e-06,9.592927780653644e-05,5.050013467021765e-07
48,0.01868500163577161,4.342554982802565e-09,0.00031372473564880086,0.004405656978064047,6.6160854880829965e-06,7.84823692322295e-08,0.0009157097764667767,0.9486708738307487,3.0227182616471868e-05,0.009845229038612199,0.008718423601136895,0.0018714703480261676,0.00478598105586175,9.292252484974558e-05,1.9447021691383558e-05,0.0003382682344342003,0.0006426334577126793,5.608537607274272e-05,7.045440894825312e-07,0.0005443070498340476,2.024799967653161e-06,7.897980626209144e-06,1.097069137166344e-05,3.3327136774185634e-05,2.4140892101742918e-06
49,0.011744085977427834,2.7218152741992306e-09,0.0001415832562934646,0.0016194956504744233,1.8593680853887027e-06,1.1172960236323522e-07,0.0006593746931481141,0.9679547215716846,1.5691699336271855e-05,0.008604894603788014,0.0008426752282798401,0.0006104173992248253,0.006025586756906342,1.0627030563040727e-05,3.895045158895404e-06,0.0002845686548307517,0.0011743995484595278,3.538945578490122e-05,1.4275562300908332e-06,0.00017871474980345016,8.964464941396055e-07,1.0731650980510433e-05,3.721129997826841e-06,7.434564538345749e-05,7.824302465868254e-07
50,0.005313601129197779,4.603702645386783e-07,0.0007994097290039626,0.015797606873975856,7.785822115995805e-06,2.512532988879969e-06,0.00022279874133199836,0.9523021487188476,9.527365332423127e-05,0.0035631409937555585,0.007361973106038413,0.0040645417126305775,0.002184962153041392,3.752910238374618e-05,0.00017526993070897173,0.0023190181602985695,0.003709943193698592,0.0008091225121032621,9.213216425558256e-06,0.0006669349105663247,0.00011932402143197124,0.0002828929375547746,8.899651356873756e-05,6.162198336436005e-05,3.917981378452014e-06
51,0.03628535189342239,1.4872527146682538e-09,0.0002637119954247601,0.0012092216471279935,5.346323177180634e-06,1.3259026255441326e-07,0.0020295077243060212,0.9195610016814346,2.2923414920080265e-05,0.02039335184217126,0.0010577681763881614,0.0006978221409199597,0.01403641644777482,3.1650935667620244e-05,3.5172880941945944e-06,0.0004130844775575178,0.003311508466441226,5.34398713018499e-05,2.7155419934851337e-06,0.00033121541251509326,1.450294083946697e-06,6.835877925917359e-06,9.572148091669013e-06,0.0002708860006697916,1.5663210750308022e-06
52,0.009726851922484922,1.1491102579053184e-09,5.315253472884132e-05,0.0014443844544247283,1.0724875304906906e-06,8.973520166612713e-08,0.00026160074184058046,0.9669570228522743,1.1570390692180194e-05,0.012883455696203026,0.0007277598643330396,0.0002981302719660976,0.006698023369420744,6.876241813716197e-06,2.995553009926795e-06,0.00021478159526575118,0.00045424387428699665,4.01873475296446e-05,1.3263867270343655e-06,0.00016689656092774916,2.7824064793417903e-07,4.266986401403446e-06,1.912402920814302e-06,4.283982564518506e-05,2.7951461286353807e-07
53,0.019021356645235528,2.3920742709279525e-09,0.00017501004411846162,0.002171343986463958,3.611471990474773e-06,1.331489839868688e-07,0.001432538811949919,0.9528971685622241,2.303962098089482e-05,0.011802814842051526,0.001550841979692254,0.0009026315258809563,0.007539604501394368,2.6897699230918473e-05,5.595530684998463e-06,0.00035678369778958463,0.001600228537631699,5.776353486500863e-05,1.277485313527785e-06,0.00030153402068796594,1.4779403565003677e-06,9.172062414635893e-06,8.910871260640314e-06,0.00010869902786127306,1.5620588627143218e-06
54,0.01764655988852894,5.627122005398281e-09,0.00010471957704883326,0.0019513848111754786,2.5599191633373906e-06,1.3179272489076158e-07,0.0008920968409792493,0.962410807417614,2.2456116674938275e-05,0.008726624536744542,0.001232724850021948,0.000610863556619404,0.004554851818870856,2.2659908971494798e-05,7.385177783024622e-06,0.00025091984355565236,0.0012458494361798885,4.8509217519145565e-05,1.9754948362373444e-06,0.00015546587166146317,7.686664764056424e-07,1.4032591243277482e-05,5.328135035070564e-06,8.939340210534719e-05,1.925501344473552e-06
55,0.011835611502202708,1.5285681611755547e-09,8.591636798405792e-05,0.0012596765518107594,1.8466372369306484e-06,9.315488494122447e-08,0.0008021702324044759,0.9689616970721809,1.5009586477460239e-05,0.0068055184615370525,0.0006998312043304926,0.0007347317872741617,0.007269697770470562,1.3902116623971524e-05,3.0360095541024067e-06,0.0002858116905314409,0.0009087852983035245,4.5492378766150244e-05,1.0288519695875812e-06,0.0001846301586461451,5.797088734793092e-07,6.736247371918268e-06,3.4633615271462085e-06,7.402681619962194e-05,7.055042704080668e-07
56,0.016367390846386293,2.5426445637744573e-09,0.00013302292731944422,0.0016724580170183639,2.2469013330620317e-06,1.0648406303036982e-07,0.0007370629103225938,0.9608083277854111,1.6945990792051282e-05,0.009614331799614352,0.0009921041821578127,0.0005558725455238959,0.00710864800629673,1.5238535779782647e-05,4.155123933573275e-06,0.00029493639119096795,0.0013252371981743458,4.505295083228575e-05,1.660055225628987e-06,0.0002016607897423362,8.568583090130021e-07,8.730953983510998e-06,4.6434299252199816e-06,8.838925213505496e-05,9.175218850072653e-07
57,0.012955341801534447,2.0555566850223214e-09,0.00018826201706836806,0.0013445798698619098,2.432975022856166e-06,1.0370710865019705e-07,0.0007569572492779788,0.9631611523298955,1.613407238881712e-05,0.0101825545121338,0.0008294196626007133,0.0006613775322855834,0.007823310767794753,1.2306371364157886e-05,3.3802546191147673e-06,0.00031622069037853296,0.001382252418431917,3.343358739636474e-05,1.5401742736238788e-06,0.00022569853900413127,9.878012047691716e-07,8.749699521534123e-06,3.854552720422339e-06,8.919075787241321e-05,7.566006828440555e-07
58,0.016838231844478115,2.669133962183908e-09,0.00013980512375004613,0.0015841428166291185,2.303613301002091e-06,1.2029658221773805e-07,0.00080291427431487,0.9589552392365489,1.7247336462094828e-05,0.010382528791323046,0.0008735403570206655,0.0005683999747847431,0.007636583038735884,1.5490179892166714e-05,4.13182170057813e-06,0.00031122619145782134,0.0014864240665452778,4.7249238870703526e-05,1.859382397608237e-06,0.00020325103038962392,9.502317310040115e-07,9.193211107577801e-06,5.2534541911308e-06,0.00011294218725295524,9.696313986360315e-07
59,0.016541269568526442,2.5909477811893146e-09,0.00015348453974005263,0.001580121939227913,2.3495732652543778e-06,1.1380229079674449e-07,0.0008174213981311388,0.95944364658921,1.692713850809664e-05,0.010116432274288292,0.0008963081569107926,0.0005867331656456616,0.007633562052247539,1.5378343815179164e-05,4.048533257110523e-06,0.00031128536038828666,0.001499117369295267,4.445876547448047e-05,1.7577607689439652e-06,0.00021030176759221663,1.0000648169178072e-06,9.137010206154062e-06,5.1613954468307225e-06,0.00010902032401622696,9.605159827053115e-07
60,0.017212302470723726,2.769886091959704e-09,0.0001414506089958015,0.0017368935915241081,2.425965929706235e-06,1.0901736805530035e-07,0.0007797304981283851,0.9596353071787975,1.8031245115695093e-05,0.009921277347843723,0.0010918533378646569,0.0005844039301286105,0.006801571432137764,1.6761665559529795e-05,4.599205246773772e-06,0.0002954204809929456,0.0013964330729414724,4.606033627313559e-05,1.6949405136350894e-06,0.0002064808325102346,9.345079048860379e-07,9.294410800888026e-06,5.110109120162702e-06,9.081254734307233e-05,1.0384963494223244e-06
61,0.017364258858269317,2.7657533796576366e-09,0.0001585438396645822,0.001609201195055033,2.506039710796314e-06,1.1719945750847006e-07,0.000836588456539226,0.95832385719197,1.80981888205922e-05,0.010415501010465419,0.0009798376522784122,0.0006010525123858351,0.0074289251897541346,1.6514203574031342e-05,4.4164484487271415e-06,0.00031264773717057387,0.0015426356562255608,4.5752195607570735e-05,1.8389525330501411e-06,0.0002120552655282012,1.0468024310751269e-06,9.50773733992989e-06,5.472449683321534e-06,0.00010857959697659346,1.042854357222647e-06
62,0.017212302470723726,2.769886091959704e-09,0.0001414506089958015,0.0017368935915241081,2.425965929706235e-06,1.0901736805530035e-07,0.0007797304981283851,0.9596353071787975,1.8031245115695093e-05,0.009921277347843723,0.0010918533378646569,0.0005844039301286105,0.006801571432137764,1.6761665559529795e-05,4.599205246773772e-06,0.0002954204809929456,0.0013964330729414724,4.606033627313559e-05,1.6949405136350894e-06,0.0002064808325102346,9.345079048860379e-07,9.294410800888026e-06,5.110109120162702e-06,9.081254734307233e-05,1.0384963494223244e-06
63,0.016625878649826217,3.4902543156298016e-09,0.00013568917401808023,0.0017889210530846614,2.379907860543149e-06,1.1903853387312486e-07,0.0007261917032152842,0.9612244368677906,1.9062761143392906e-05,0.009360109495364262,0.001098338850075345,0.0005680378691691839,0.006372573863775445,1.604388149662151e-05,5.096175436303904e-06,0.00029382238076484235,0.0014101473093184182,4.916317974379704e-05,1.8784037665443048e-06,0.00019543662861532893,9.526712559573425e-07,1.0723126618030358e-05,5.1934257797707506e-06,8.869738915646573e-05,1.1027039364753184e-06
64,0.017732478125760412,3.260979743671926e-09,0.000185722625642799,0.0018647311023207772,2.8021936154493923e-06,1.3235622036714397e-07,0.0008221788694243408,0.9572823977843472,1.937403712650797e-05,0.010388898347886007,0.0011826067976999808,0.0006926829329465746,0.0073368916589120585,1.8646978870556183e-05,5.288431379449101e-06,0.0003541965251021372,0.0016925453047917482,5.221006368788177e-05,1.9474109895848057e-06,0.00023972466593081683,1.424820822027774e-06,1.0713392378375668e-05,6.47280414405017e-06,0.00010479556684508246,1.1339421758957116e-06
65,0.01779897095461087,9.843741327692487e-10,0.0001035099418918509,0.0010075033227236537,1.6054051303210948e-06,4.507142780349551e-08,0.0005833375360436872,0.9622340735509904,1.209386099824927e-05,0.009040951512224019,0.0008569060857385647,0.00035779407784686723,0.006666967626412003,1.0096091420251675e-05,2.3001404922154828e-06,0.00020020012036622758,0.0009138220076665368,2.259963099120951e-05,1.1980860661198751e-06,0.00012578815031922435,3.4225276204822195e-07,4.7260390455784416e-06,1.8778729926708299e-06,5.28361907675985e-05,4.534866977778317e-07
66,0.021773396306766637,1.2474832674198504e-09,0.0002053256573501388,0.0014853043293562432,3.457543872478584e-06,9.244915977146569e-08,0.0012279223162810307,0.9453928682175028,1.6034832600983553e-05,0.013782207466058046,0.0009349172683117682,0.0005444769009873504,0.012052360096448396,1.6516785284877817e-05,2.387052033948409e-06,0.0003582757918294127,0.0017429255057125315,3.613312841661275e-05,1.6607022577054887e-06,0.0002922101845226191,8.397524701138163e-07,6.07080586647373e-06,4.221006867788543e-06,0.00011964453535160972,7.501172072219606e-07
67,0.0172455335614727,2.8523553032221233e-09,0.000143235056858785,0.0017676216075956763,2.4456713623159905e-06,1.1226305032440798e-07,0.0007875694042653341,0.9594524915315666,1.813202293216376e-05,0.009936908383920025,0.001096105869344873,0.0005933004673711193,0.006843460591102865,1.701466311578858e-05,4.67346708665587e-06,0.00030047908909668975,0.0014227690578364407,4.716215522700889e-05,1.7215419768468025e-06,0.0002096458856947251,9.661612112553912e-07,9.489028759913325e-06,5.263928695175973e-06,9.28330680307766e-05,1.062670070802579e-06
68,0.023412420306716714,2.756614679406972e-09,0.00014678824552334305,0.001874026900933248,2.843321060287054e-06,9.699683043190694e-08,0.0008112763771687066,0.9508099471343376,1.9877671471206494e-05,0.011154821257975659,0.0012595919804619996,0.0005070124535314724,0.007667415055112909,2.0394641242713532e-05,4.394180443265665e-06,0.0003051033800357467,0.001618215912560124,4.909320481834127e-05,2.043366473488494e-06,0.0002201422022921805,8.159688677204822e-07,8.571435526536395e-06,5.4751724365334555e-06,9.847637877745334e-05,1.15369878758579e-06
69,0.01775808450082943,2.734181182329252e-09,0.00014360155291753577,0.0016903108273871247,2.417357367329069e-06,1.1138311404462171e-07,0.0008246582715531474,0.9588022359331403,1.7426906335664263e-05,0.00996569733599145,0.000994798602597287,0.0005924955891410511,0.007067634689354277,1.7168264880025973e-05,4.349352065718096e-06,0.0003101529431755431,0.0014460813825905626,4.5049898850999635e-05,1.7955867698552866e-06,0.00019871862960692263,9.251368043904151e-07,9.42766955441266e-06,4.974844896848869e-06,0.0001008519660999097,1.0286407950374713e-06
70,0.0096216519743682,2.08827233709536e-09,0.000159583810261088,0.00294057185469278,1.8496028507707928e-06,1.0570127722985983e-07,0.0006494470467656571,0.9678092354369725,1.4508096392886958e-05,0.009591770654883048,0.0012057139707194176,0.0006029409691111667,0.005936166570795288,9.68456281914655e-06,3.278302814785971e-06,0.0003624382774586321,0.0007584914627020213,2.9654699786969573e-05,9.935559526401822e-07,0.0002447879407795658,7.112938058978396e-07,9.290285841416975e-06,2.8407700829296657e-06,4.372849011581911e-05,5.525804777316552e-07
71,0.01636067576493959,3.7211074030679188e-09,0.0001563664189755766,0.0019688440946564667,2.4371604161561638e-06,1.2363882552932403e-07,0.000647019680346475,0.9608727507413395,1.839686615256193e-05,0.009431767819109477,0.0012815925907418014,0.0006454665167419707,0.006474982371354545,1.8096354685645923e-05,5.926392665723507e-06,0.0003247678935087836,0.0014076872042601061,5.522550677940435e-05,1.916487742212619e-06,0.00022064136010010728,1.194232305609574e-06,1.0769841193024365e-05,5.8900594038372675e-06,8.637583344678938e-05,1.0814492017228158e-06
