,0,1,2,3,4,5,6,7,8,9,10,11,12,13,14,15,16,17,18,19,20,21,22,23,24
0,2.8811429645608932e-05,8.368551417485475e-08,1.843749794947797e-07,2.9778538532082237e-06,4.768388189920952e-09,7.580128703758678e-08,0.0087782835362298,0.9885819883591721,4.93573108699776e-06,3.9081149158500344e-05,2.0696336184216418e-08,2.7795129424846646e-08,3.450004420782857e-05,4.028320751086667e-09,3.6092878815045473e-06,9.226079939853728e-05,4.3178454071953e-05,8.458227163761071e-08,0.0013189131341777153,2.6979471214637256e-07,6.483242000522085e-06,0.0010640218039486427,1.5519923375171375e-07,1.3193925836607443e-10,4.431705467870885e-08
1,3.0791383346925225e-05,7.917439841791452e-08,1.7920607591836962e-07,2.972739615327584e-06,5.0903078255149014e-09,4.681233078466287e-08,0.007730170604818623,0.989730230395015,6.886647032621435e-06,4.303067291787082e-05,1.810018605701398e-08,2.0363747137463784e-08,3.195960350794737e-05,3.785168958479683e-09,2.744622531682835e-06,7.923083666235238e-05,4.353337912804269e-05,7.332188740580221e-08,0.0011059912116728507,1.9732431360943994e-07,4.162092781972119e-06,0.0011875159516264197,1.133261655885045e-07,1.361036545119074e-10,4.321865705602172e-08
2,2.9952231697252934e-05,1.199947991783265e-07,2.1619631483794477e-07,4.108976758973099e-06,4.740611241104231e-09,7.603124018592662e-08,0.009702105732746045,0.9874591362044978,5.006518328086283e-06,3.502700063920354e-05,2.8807817609430634e-08,4.421834727208118e-08,6.089284496117942e-05,5.375909142505004e-09,2.77452242138025e-06,9.410059381674962e-05,8.27577236020489e-05,1.0143559961367275e-07,0.0011689469097404066,1.5589561017343867e-07,6.260379993360384e-06,0.0013480142434542177,1.2302527698129675e-07,1.2244116011702493e-10,4.027337607756586e-08
3,2.950592827017231e-05,8.456649853910684e-08,1.9306673156771446e-07,3.20628773951118e-06,4.81103568038656e-09,5.305295915795744e-08,0.008446747260987215,0.9887392512249417,5.8962844781781975e-06,4.127329953142398e-05,2.0579838114751237e-08,2.438882852573455e-08,3.5103996407062354e-05,4.60225372621404e-09,3.0387469346589374e-06,7.117138195230133e-05,4.935455771866248e-05,8.094556856111067e-08,0.0011298131828411146,2.081790276796438e-07,5.350488606195667e-06,0.0014394359214718454,1.2879774401584215e-07,1.4178744526415465e-10,4.830584694443165e-08
4,2.8806375838229006e-05,9.338622021888993e-08,2.0301320690633547e-07,3.637708371776605e-06,5.3708333734652904e-09,5.7916199034548695e-08,0.008708069755285649,0.988409917719437,6.099023012426767e-06,4.1850019271799835e-05,2.3963341384267647e-08,2.9836705435138235e-08,4.338009344335842e-05,5.48325303400353e-09,2.9766074645306365e-06,7.785007930192113e-05,5.684044313074923e-05,9.200481154209366e-08,0.001114093765570641,2.1714654729571464e-07,5.570002834042445e-06,0.0014999927146965345,1.376796453590418e-07,1.444458431603928e-10,4.97471317145842e-08
5,3.067375293589891e-05,6.950711451090749e-08,1.9014620751251375e-07,3.618033070331173e-06,4.618888392110524e-09,4.8124279295172064e-08,0.00838869540384896,0.9889628430479221,5.871734782421761e-06,4.4368533489141555e-05,2.000903024519373e-08,2.346371000949428e-08,3.334195769667627e-05,5.028232919583646e-09,2.752296036562488e-06,7.133366821998323e-05,4.9343230352368214e-05,9.913684188754316e-08,0.0010080415551405653,2.4269144197538395e-07,5.344305977601076e-06,0.0013928747046043656,1.413506177627381e-07,1.661360785221254e-10,5.353342216898064e-08
6,2.950592827017231e-05,8.456649853910684e-08,1.9306673156771446e-07,3.20628773951118e-06,4.81103568038656e-09,5.305295915795744e-08,0.008446747260987215,0.9887392512249417,5.8962844781781975e-06,4.127329953142398e-05,2.0579838114751237e-08,2.438882852573455e-08,3.5103996407062354e-05,4.60225372621404e-09,3.0387469346589374e-06,7.117138195230133e-05,4.935455771866248e-05,8.094556856111067e-08,0.0011298131828411146,2.081790276796438e-07,5.350488606195667e-06,0.0014394359214718454,1.2879774401584215e-07,1.4178744526415465e-10,4.830584694443165e-08
7,2.9602239258137667e-05,8.523813495673528e-08,1.909026880792678e-07,3.249046109198285e-06,4.892540178897254e-09,5.4260043581269373e-08,0.008690535608869045,0.9884355282050553,6.12135377585183e-06,4.283940771162443e-05,2.074736532562098e-08,2.4721957679482006e-08,3.4590720079228686e-05,4.785976231876894e-09,3.1356331316054665e-06,7.310730773493528e-05,5.02250998788923e-05,8.28499644179531e-08,0.0011345393445672523,2.1482582915881032e-07,5.472857084552378e-06,0.0014901844178084726,1.3415603327196048e-07,1.462542227573998e-10,5.123214883927423e-08
8,2.6940592853088307e-05,9.20622929191355e-08,1.6949448719119624e-07,2.629585180592396e-06,4.3058346932288054e-09,5.4636146619383665e-08,0.007677773896114756,0.9897029036888484,4.295310810164661e-06,2.8935055162642378e-05,1.9372132266035548e-08,3.2855541220707586e-08,4.4805997885135074e-05,3.4689343134464082e-09,2.2707550966386363e-06,7.453218360976167e-05,5.176234814038145e-05,7.604611885568147e-08,0.0012568980687280495,1.6420229704329346e-07,5.016182286152034e-06,0.0011204857345289447,1.0164405583321327e-07,7.835323539429698e-11,3.243456083854995e-08
9,2.9553566819728604e-05,6.489600586295155e-08,2.1528034318112996e-07,3.5736127015493074e-06,4.534493878080919e-09,4.3782863880900304e-08,0.006521891309321653,0.990928810778805,6.043407667900705e-06,4.480521778746638e-05,1.9842287361520788e-08,1.6950486599343142e-08,2.907911829963227e-05,4.500026698818781e-09,2.986969255425049e-06,6.092565444877212e-05,4.26714860017183e-05,7.136065770238637e-08,0.000989829577087763,2.207097497726354e-07,4.977380275537634e-06,0.0013340155166762097,1.313930189566378e-07,1.9115362474167855e-10,4.2963764036459426e-08
10,2.950592827017231e-05,8.456649853910684e-08,1.9306673156771446e-07,3.20628773951118e-06,4.81103568038656e-09,5.305295915795744e-08,0.008446747260987215,0.9887392512249417,5.8962844781781975e-06,4.127329953142398e-05,2.0579838114751237e-08,2.438882852573455e-08,3.5103996407062354e-05,4.60225372621404e-09,3.0387469346589374e-06,7.117138195230133e-05,4.935455771866248e-05,8.094556856111067e-08,0.0011298131828411146,2.081790276796438e-07,5.350488606195667e-06,0.0014394359214718454,1.2879774401584215e-07,1.4178744526415465e-10,4.830584694443165e-08
11,2.8619819405114925e-05,8.42530363391747e-08,1.915926677033559e-07,3.2327465959741083e-06,4.732496065262269e-09,5.234745876976646e-08,0.00811312155004605,0.9891821135404978,5.617942316084419e-06,3.871306637351347e-05,2.074922002297318e-08,2.540261315084805e-08,3.7271697426581665e-05,4.490580526918352e-09,2.8816347033074355e-06,7.115237642425133e-05,5.0485819770722816e-05,8.073594669761796e-08,0.001097077382075866,2.0012194941928742e-07,5.153571538125617e-06,0.0013637256078059337,1.241353066399714e-07,1.3373595140386485e-10,4.455000940634508e-08
12,4.566130294193513e-05,2.2206268890951415e-07,3.5748575516740093e-07,6.341126604863303e-06,1.8725767319991564e-08,1.3680864575114548e-07,0.017707897329010038,0.9777890991472089,1.1682649317643372e-05,7.248541722840392e-05,4.591770545018536e-08,6.442028790864855e-08,6.635700647538235e-05,1.6346356688084876e-08,5.346412312475984e-06,0.00013401104321040055,7.188776684909311e-05,2.146268489329797e-07,0.00188766378416994,4.955258754523185e-07,1.1619924480206287e-05,0.0021878700327139003,3.307372236966678e-07,2.9315781837740614e-10,1.741071635287435e-07
13,3.3092529832130996e-05,7.359785872482564e-08,1.6735896572202615e-07,2.3682168934468067e-06,4.439700589875904e-09,4.536334800361158e-08,0.008796584715902615,0.9885444259610584,6.843735654936325e-06,4.6579046312392935e-05,1.1050437734719322e-08,1.7151404422683045e-08,2.075284672887595e-05,3.7009576303755483e-09,2.6653982765395185e-06,6.064229031834843e-05,3.411894690105482e-05,8.062528826622152e-08,0.0011693817739071592,2.4162804819123943e-07,4.521442524803201e-06,0.001277199805469171,1.129062014891528e-07,1.2697339917091514e-10,6.534103599812299e-08
14,2.825912038507083e-05,7.636462530344402e-08,1.8438800060208695e-07,3.220337563401475e-06,4.558748700989271e-09,4.811839503665703e-08,0.008243711102092866,0.9890536677678478,6.098613358622435e-06,4.097694836783204e-05,1.9119913483484058e-08,2.18478740709347e-08,3.2363172567594256e-05,4.465684142496104e-09,2.9471131142892207e-06,6.678958374904437e-05,4.7584675441580214e-05,7.795503695796332e-08,0.0010403872619759353,2.0647785504396745e-07,5.059890942461003e-06,0.0014281126562085966,1.2922877021818146e-07,1.4442391341624975e-10,4.908705754834979e-08
15,2.950592827017231e-05,8.456649853910684e-08,1.9306673156771446e-07,3.20628773951118e-06,4.81103568038656e-09,5.305295915795744e-08,0.008446747260987215,0.9887392512249417,5.8962844781781975e-06,4.127329953142398e-05,2.0579838114751237e-08,2.438882852573455e-08,3.5103996407062354e-05,4.60225372621404e-09,3.0387469346589374e-06,7.117138195230133e-05,4.935455771866248e-05,8.094556856111067e-08,0.0011298131828411146,2.081790276796438e-07,5.350488606195667e-06,0.0014394359214718454,1.2879774401584215e-07,1.4178744526415465e-10,4.830584694443165e-08
16,2.884116887953243e-05,8.721226719439105e-08,2.037114329054342e-07,2.6651227926522694e-06,4.701556197290066e-09,4.734383198616631e-08,0.006406990724647566,0.9911850309681355,5.967448231726447e-06,2.869881191671594e-05,1.8015406845049166e-08,1.8130357377800688e-08,3.4123179099612025e-05,3.1743950206068328e-09,2.8107722878001838e-06,5.649387723124667e-05,4.236636066548792e-05,5.32213871565781e-08,0.0011137972826085608,1.5574619556326724e-07,3.481403611142395e-06,0.0010880048947487376,1.0308697063690567e-07,1.1931200402789906e-10,3.3522030705676215e-08
17,2.686416031258642e-05,1.1115250410430888e-07,3.2861011476367804e-07,6.103874443796437e-06,9.85052539975105e-09,1.8849821751210076e-07,0.013762868729162223,0.983655840272936,2.1317994005437672e-05,7.94925391121884e-05,3.5771779349688285e-08,4.936102658710176e-09,2.1433816207138785e-05,3.48710439317876e-09,1.8480497083609035e-05,0.0001479287009105172,3.025383851378963e-05,1.7175147178900886e-08,0.0013456854556878446,1.9033608688952416e-07,3.983826452403413e-06,0.0008786550323730078,1.7044747603253975e-07,5.275363361998641e-10,3.047020484536613e-08
18,3.6795459272257014e-05,1.0567933261366865e-07,1.6282619920766322e-07,3.061823347268017e-06,4.427146240882432e-09,5.7875395923415246e-08,0.011145025236427545,0.9847808882543864,8.02968135755506e-06,5.988390715506483e-05,2.24752060134003e-08,3.854572194093379e-08,3.7811351804101903e-05,7.645765884272325e-09,3.1136481939985086e-06,7.750690228651373e-05,7.744009783769708e-05,1.4847110804119807e-07,0.001202695837530672,2.828384132244596e-07,6.353862178275169e-06,0.0025602754745683836,1.78079927872768e-07,1.7483583770840436e-10,1.0942460157399158e-07
19,2.3917213980730434e-05,7.581147457395745e-08,1.929714020448489e-07,3.287833724935472e-06,4.892739361755491e-09,4.210225175780146e-08,0.007431547507225764,0.9901525496408659,4.794055288086745e-06,3.1400398483409536e-05,1.890751144234683e-08,2.4256672284494288e-08,3.741200942606493e-05,4.057776736548424e-09,2.5217505964030277e-06,6.0879947519387696e-05,4.370298018830276e-05,7.077394540899595e-08,0.0009709565471674672,1.7125068589211612e-07,4.619498394145973e-06,0.0012316703639025076,1.0062130920650545e-07,1.084247212630406e-10,3.449904342083254e-08
20,2.1074404762596875e-05,6.948346161871996e-08,1.6986229140689262e-07,3.112919851775389e-06,4.171597725486578e-09,4.906683275394298e-08,0.008656418293713268,0.988509913120024,5.341523224668655e-06,3.6507701989462844e-05,2.009607520084444e-08,1.8671542427967112e-08,2.8391675372549952e-05,4.352324635545127e-09,4.090707294415857e-06,5.9092036550249016e-05,4.175811805590322e-05,5.5474447046613267e-08,0.0010179113621055155,1.9320862161695222e-07,5.603627490964117e-06,0.0016100163001334955,1.3972764870552345e-07,1.3525369603328416e-10,4.3959334437170225e-08
21,3.662030886373319e-05,1.046187278238771e-07,2.2512101220290474e-07,3.751162811204921e-06,6.541522849052483e-09,6.226981585326951e-08,0.008922270038809944,0.9876684621343909,6.213477944575676e-06,5.729175437405946e-05,2.7103491364933133e-08,3.580347800107789e-08,4.1930608443261716e-05,6.478530055716178e-09,3.116673167634393e-06,9.177583921186696e-05,5.5571633766001376e-05,1.1702650659501039e-07,0.001392952560947925,2.6953531274697454e-07,7.589861938426386e-06,0.0017113921489044662,1.47690596969828e-07,1.7400984311194672e-10,5.9433421679740756e-08
22,2.8375281056277842e-05,1.7707516320431504e-07,1.8437231941735497e-07,2.5709201401834784e-06,9.789124222931864e-09,7.555709143573822e-08,0.01350081282248338,0.9835802656522689,1.0256802097501394e-05,2.963049097167204e-05,1.9982714865252612e-08,2.7121208959224107e-08,4.0238115470087095e-05,5.056281626906007e-09,4.85167360004646e-06,7.56056221960795e-05,3.52327728987051e-05,6.611697313149018e-08,0.0014297778103325477,2.062304881910611e-07,4.250484182065389e-06,0.0012571088478827124,1.66964763036136e-07,1.1676980001233206e-10,8.432152190222731e-08
23,2.950592827017231e-05,8.456649853910684e-08,1.9306673156771446e-07,3.20628773951118e-06,4.81103568038656e-09,5.305295915795744e-08,0.008446747260987215,0.9887392512249417,5.8962844781781975e-06,4.127329953142398e-05,2.0579838114751237e-08,2.438882852573455e-08,3.5103996407062354e-05,4.60225372621404e-09,3.0387469346589374e-06,7.117138195230133e-05,4.935455771866248e-05,8.094556856111067e-08,0.0011298131828411146,2.081790276796438e-07,5.350488606195667e-06,0.0014394359214718454,1.2879774401584215e-07,1.4178744526415465e-10,4.830584694443165e-08
24,2.618148765015308e-05,8.978688977740596e-08,1.9906437243742607e-07,4.3786159633089945e-06,6.893836073531003e-09,5.579366251936784e-08,0.008835820031509779,0.9885397769796205,6.2963407364837e-06,4.109033983524677e-05,2.4691723941340135e-08,3.279502371783333e-08,4.788922747847615e-05,6.422895537637055e-09,2.7305608775986787e-06,9.201003365496593e-05,5.466665097749286e-05,1.0248089745692696e-07,0.0010131281367079107,2.26305082917452e-07,5.32541726710227e-06,0.0013297687473130826,1.4381982401324452e-07,1.3946269889885589e-10,4.9236736450030565e-08
25,3.606986827310347e-05,1.2886504789058738e-07,2.2948356067688146e-07,3.42132525509761e-06,6.315904514775023e-09,7.755696065451958e-08,0.010645655155023078,0.985805162803487,8.452281139140205e-06,5.4118782271797326e-05,2.4207870492113416e-08,3.1190366143104986e-08,3.827167612667583e-05,6.376922909415051e-09,4.004022051573678e-06,8.327672654660457e-05,6.05790480697033e-05,9.936463793162133e-08,0.001364523372744944,2.5705762065792977e-07,6.409050677600019e-06,0.0018889571818235084,1.6106802657929643e-07,1.8875561164698281e-10,7.703083619236871e-08
26,3.770858985270751e-05,8.26028456508987e-08,1.94312855952169e-07,3.4437589234109848e-06,4.782290231572907e-09,5.0664822875616385e-08,0.006730224701091689,0.9909569337025548,8.632272115493241e-06,3.677749029340313e-05,2.0375972638918382e-08,1.765200663221421e-08,2.9878444927668267e-05,3.756741114343069e-09,3.0066185891940816e-06,6.400719720739513e-05,5.040991683754984e-05,7.151764484583288e-08,0.0009588757229275627,1.993969193129779e-07,4.06637479475442e-06,0.0011151864203883513,1.5374431838378342e-07,2.1982858537285048e-10,4.976324992570525e-08
27,2.818891252317532e-05,8.572860547087243e-08,1.8019227244599798e-07,3.2372613051232065e-06,5.010980805851552e-09,5.416052819612891e-08,0.009259919691747267,0.9876957091326587,7.365641139620521e-06,4.6412623639190625e-05,2.1304929362602415e-08,2.213137172950925e-08,3.1209725658886196e-05,5.059027866148067e-09,3.8057478897647626e-06,7.11482565061639e-05,4.933380469807209e-05,7.503808770442657e-08,0.0010987052242218238,2.271327713954902e-07,5.373412337902866e-06,0.001698705738291999,1.497490337108404e-07,1.6846050096770274e-10,5.915131286806473e-08
28,2.950592827017231e-05,8.456649853910684e-08,1.9306673156771446e-07,3.20628773951118e-06,4.81103568038656e-09,5.305295915795744e-08,0.008446747260987215,0.9887392512249417,5.8962844781781975e-06,4.127329953142398e-05,2.0579838114751237e-08,2.438882852573455e-08,3.5103996407062354e-05,4.60225372621404e-09,3.0387469346589374e-06,7.117138195230133e-05,4.935455771866248e-05,8.094556856111067e-08,0.0011298131828411146,2.081790276796438e-07,5.350488606195667e-06,0.0014394359214718454,1.2879774401584215e-07,1.4178744526415465e-10,4.830584694443165e-08
29,2.950592827017231e-05,8.456649853910684e-08,1.9306673156771446e-07,3.20628773951118e-06,4.81103568038656e-09,5.305295915795744e-08,0.008446747260987215,0.9887392512249417,5.8962844781781975e-06,4.127329953142398e-05,2.0579838114751237e-08,2.438882852573455e-08,3.5103996407062354e-05,4.60225372621404e-09,3.0387469346589374e-06,7.117138195230133e-05,4.935455771866248e-05,8.094556856111067e-08,0.0011298131828411146,2.081790276796438e-07,5.350488606195667e-06,0.0014394359214718454,1.2879774401584215e-07,1.4178744526415465e-10,4.830584694443165e-08
30,2.950592827017231e-05,8.456649853910684e-08,1.9306673156771446e-07,3.20628773951118e-06,4.81103568038656e-09,5.305295915795744e-08,0.008446747260987215,0.9887392512249417,5.8962844781781975e-06,4.127329953142398e-05,2.0579838114751237e-08,2.438882852573455e-08,3.5103996407062354e-05,4.60225372621404e-09,3.0387469346589374e-06,7.117138195230133e-05,4.935455771866248e-05,8.094556856111067e-08,0.0011298131828411146,2.081790276796438e-07,5.350488606195667e-06,0.0014394359214718454,1.2879774401584215e-07,1.4178744526415465e-10,4.830584694443165e-08
31,3.118667108147442e-05,5.3148094028708075e-08,1.7595200017015157e-07,2.152382720873478e-06,3.1867194640820912e-09,2.6051909117004428e-08,0.004857305905801467,0.9930991896597348,3.4777906189605663e-06,2.4532006584652574e-05,1.1948490658018898e-08,1.696844351247382e-08,2.8361788873673964e-05,2.317580394330361e-09,1.4700581232888106e-06,4.252070478408168e-05,3.2216916129581306e-05,6.847854958526244e-08,0.0010029980839768673,1.5212232480095793e-07,3.5353197701619444e-06,0.0008704356643333951,7.84158380212049e-08,8.669398954409307e-11,2.8370822730736355e-08
32,2.9892422919145496e-05,8.449786932490586e-08,1.9302109848447728e-07,2.9561325761691647e-06,4.79195920528227e-09,5.1533495683143995e-08,0.008142823509499922,0.9889696606285259,5.50914687130221e-06,3.973257432227438e-05,2.0170470621671645e-08,2.4756714283444458e-08,3.439253828318437e-05,4.3849558938403574e-09,3.025262992570366e-06,6.940547042677134e-05,4.699239758453905e-05,7.934090286994337e-08,0.0012100470562181188,2.0809897952370644e-07,5.334894625971987e-06,0.0014393854972389317,1.2485619920093842e-07,1.3261835459930504e-10,4.688265161555356e-08
33,3.785880914780493e-05,9.968417131941033e-08,3.0391419407940107e-07,4.440576763296652e-06,9.589964514990626e-09,9.340327081500809e-08,0.011697809525392292,0.9849680280631269,1.0872124892041486e-05,6.947713920684416e-05,2.471556990189777e-08,1.1983044406342538e-08,1.840317177220733e-05,5.543504740388662e-09,8.582031948952573e-06,7.624193887479318e-05,2.898152873280493e-05,5.905140917218062e-08,0.0015257612719974422,3.6163876697124855e-07,9.879956460757498e-06,0.0015423068761466635,2.8648874639889203e-07,3.9075059034358147e-10,1.0058214420719589e-07
34,4.036708567968478e-05,9.711832381215258e-08,1.9556630313437154e-07,2.4252361978485318e-06,4.8917446970679985e-09,3.969084564895572e-08,0.006708973810021657,0.9902938283234061,6.266176367893735e-06,3.516832898100209e-05,2.134899193683076e-08,2.3091355462149566e-08,3.655591223098496e-05,3.6942300247092365e-09,2.5618690054835848e-06,5.588676672409705e-05,4.291698613125253e-05,7.56501008927327e-08,0.0014252153101537409,1.764175012936274e-07,4.381931969929555e-06,0.0013446523928813381,1.1477497717392792e-07,1.4068257496834958e-10,4.748519211853532e-08
35,2.3186756745311096e-05,1.812701287841093e-07,4.0319067315545993e-07,7.707174874056717e-06,1.4144943280989032e-08,2.1322482737770272e-07,0.01898541492863684,0.976023761782967,9.51086961467641e-06,7.62005164705527e-05,6.080477586630096e-08,4.2915448781630325e-08,5.880563604277947e-05,1.703899421607023e-08,1.284048061493643e-05,0.00014299424479901314,7.56840636973999e-05,9.507542239066976e-08,0.0016316532127594035,4.4984566206999945e-07,1.4634258515744269e-05,0.002935643286693142,3.791100582257162e-07,3.5739299217884913e-10,1.0580924182533677e-07
36,1.695927644858585e-05,4.867934145597867e-08,7.150593369632292e-08,2.0634317536434802e-06,1.9323531980765996e-09,2.8242130351330907e-08,0.005634375658614048,0.9925151814151859,4.415204583073283e-06,1.929681469284251e-05,1.0983788691359127e-08,2.2623413044102232e-08,2.9818577696167102e-05,2.334801485872146e-09,1.577953946620832e-06,6.396090509503964e-05,5.8864872270571654e-05,5.199264589068284e-08,0.0006422855782653848,9.35308434263273e-08,2.3481344458198647e-06,0.001008415021752818,8.109965961371436e-08,5.2247425547194716e-11,2.4178091180779574e-08
37,3.849026252216618e-05,6.505846310708774e-08,2.3049593425064083e-07,3.6540466458335425e-06,4.266327493736396e-09,4.0465976936779614e-08,0.007114899744105199,0.9903167944252457,5.011552915382792e-06,4.1015585183244655e-05,2.204158680625264e-08,2.1215346216225e-08,3.4363835463429134e-05,4.366815309989559e-09,2.5078699001527177e-06,6.248589054662803e-05,4.741445735304422e-05,1.0010067691096216e-07,0.0010940325440465155,2.158519740503895e-07,5.03319506929128e-06,0.0012334237048232059,1.2417189712593247e-07,1.9853778800648653e-10,4.4652644302036856e-08
38,3.1066364327149575e-05,8.860932304274628e-08,2.0894699788391897e-07,3.450027680623401e-06,5.408387169514252e-09,4.4851773125704084e-08,0.007982464046691343,0.9890348338013549,7.478964117293668e-06,4.689939876598651e-05,2.0169681831115027e-08,2.315794072034735e-08,3.364622661961779e-05,5.407297363508259e-09,2.826122532289761e-06,5.951501284074166e-05,5.0576118793531684e-05,8.66497132592019e-08,0.0010214334858252103,2.1692293276711103e-07,5.0516040928664165e-06,0.0017198736713181424,1.26505920442457e-07,1.6817737258039892e-10,5.835689526379785e-08
39,0.0005272999608636922,4.215698004652285e-06,3.1609501183546616e-06,1.5215042203187857e-05,1.6039113204110254e-07,3.7543685744383024e-07,0.025923299023900365,0.951984359087093,0.00023227937744301955,0.0006664410270933413,8.000881255764738e-07,1.7711552564551225e-07,0.00035992130618482654,1.3889099903890212e-07,1.768485801885908e-05,0.00020008857412266105,0.00025253605316477064,5.61227106354726e-07,0.007897610127583153,8.084353995042488e-07,1.2333802391702427e-05,0.01189975486974352,3.255199589510245e-07,7.491836308592328e-09,4.4564512994765563e-07
40,3.6286156927858286e-05,1.680494842271366e-07,3.8483605425266376e-07,3.3283031157615863e-06,9.185442108887762e-09,8.55264925226591e-08,0.009472352568463583,0.9860569438704558,6.05163206036744e-06,4.693827139299704e-05,3.0128678796911686e-08,4.2862395160479405e-08,4.9435454560546955e-05,7.4422325866628395e-09,4.370084891130416e-06,7.064703425780997e-05,5.30169067260117e-05,9.721643510169712e-08,0.00198511330918998,2.768882675334579e-07,8.069279887217564e-06,0.0022061450686761976,1.3774074995999642e-07,1.6639737976615591e-10,6.201676512534089e-08
41,3.2225621843905955e-05,5.912888720882992e-08,1.6644805916835922e-07,2.171062450881598e-06,2.6721264173889834e-09,4.5499247467316506e-08,0.012257833812002718,0.9827402859343158,3.05194719179391e-06,4.3075659650264835e-05,2.2744648340168418e-08,3.971007453880688e-08,3.20759998880078e-05,5.792480411084373e-09,3.5904956480605998e-06,5.7716974792068666e-05,5.7700510172523855e-05,1.4710479996184702e-07,0.001786475736553518,3.367223504136084e-07,9.068420670637163e-06,0.002973642004484631,1.7480141342344807e-07,1.29818829141778e-10,8.506642909445285e-08
42,0.0002744696351685543,1.0386952777752014e-06,8.374774477127798e-07,7.195671415851202e-05,8.770316010624709e-08,1.3286785231925422e-06,0.12518737697310323,0.868579029647024,0.00012491575494386122,0.00042991435730861763,4.7155023532142387e-07,1.2739235437735502e-07,0.00022430340079514224,2.043293309777277e-07,2.7178099606414604e-05,0.0008868151250378283,0.00044817599625668184,2.1758998638482e-06,0.0013606024922400855,1.579977936266049e-06,2.3815959942924797e-05,0.0023471427597638317,3.97763451723181e-06,8.193283345411763e-09,2.465552720293926e-06
43,2.9599003562989356e-05,8.761444497363199e-08,1.975205091238001e-07,3.186226801077953e-06,4.709835030685255e-09,5.351357321168513e-08,0.008493538038204062,0.9887322938473194,5.404049525879088e-06,3.677923277714306e-05,2.096381087981055e-08,2.655100731061096e-08,3.7857721011622714e-05,4.481939114197947e-09,2.9381930789281653e-06,7.042384150342612e-05,5.1459149681850495e-05,8.245887445512828e-08,0.0011391292495096337,1.9309360387484266e-07,5.2706167715693086e-06,0.0013912798289483586,1.242195580453683e-07,1.3242994907626e-10,4.574171812408816e-08
44,2.950592827017231e-05,8.456649853910684e-08,1.9306673156771446e-07,3.20628773951118e-06,4.81103568038656e-09,5.305295915795744e-08,0.008446747260987215,0.9887392512249417,5.8962844781781975e-06,4.127329953142398e-05,2.0579838114751237e-08,2.438882852573455e-08,3.5103996407062354e-05,4.60225372621404e-09,3.0387469346589374e-06,7.117138195230133e-05,4.935455771866248e-05,8.094556856111067e-08,0.0011298131828411146,2.081790276796438e-07,5.350488606195667e-06,0.0014394359214718454,1.2879774401584215e-07,1.4178744526415465e-10,4.830584694443165e-08
45,9.268355346042742e-05,4.0071235137243657e-07,4.318074047678664e-07,5.113330067219905e-06,1.4878631967731423e-08,1.0952618042614856e-07,0.012174456244880612,0.9793401495606321,1.701258734267006e-05,0.00012973387270176202,6.063609580812805e-08,1.433828253624119e-07,0.00010118883851621674,2.5479945364599998e-08,2.86810384705481e-06,9.965095019443664e-05,0.00015916562304288558,4.377277409057609e-07,0.0025762808722218037,5.289373355823976e-07,1.5492617633601757e-05,0.005283476842080212,2.894206694269794e-07,3.810470239871699e-10,2.84113151029311e-07
46,2.95654600479919e-05,8.481412167881024e-08,1.93676490553626e-07,3.2043545375218315e-06,4.83836382836101e-09,5.307082581223108e-08,0.00848024513708087,0.9886967941872961,5.909591922116456e-06,4.1454028598217476e-05,2.0602181799647664e-08,2.4377345165025644e-08,3.508313113204062e-05,4.615675210576422e-09,3.0493767591263215e-06,7.120762777900799e-05,4.9183064616796804e-05,8.107291316129293e-08,0.0011335277509384046,2.0883446586995236e-07,5.361323801786772e-06,0.00144456157340615,1.287988207028861e-07,1.4211723202863668e-10,4.854876285857658e-08
47,3.887772358011259e-05,8.71654879978719e-08,1.2065982457032443e-07,1.30473382366378e-06,2.615309284858137e-09,2.921016605955459e-08,0.006050253844490704,0.9906888472142555,4.55428145873221e-06,3.049337379599266e-05,1.2472632240373301e-08,2.9731811089815625e-08,2.8346477184683748e-05,2.4883700591980426e-09,1.7306713495486973e-06,4.531732947304737e-05,4.497110529349627e-05,7.891231249272208e-08,0.0014893830307496304,1.482452199778182e-07,3.906232294735333e-06,0.0015713850634727201,7.414056622782554e-08,7.019089234738145e-11,4.320688656566858e-08
48,9.548968383174833e-05,2.612699071357931e-07,1.1515017664282787e-06,2.3707715386656477e-05,1.1267572604040724e-07,1.3679420593104321e-07,0.0379592551642588,0.9414746041764539,5.264518604014203e-05,0.0010438942594478329,1.4728177428824715e-07,6.194754134853808e-08,4.21611127008362e-05,1.75514972703946e-07,1.986822529540869e-05,0.00020522369705129473,6.423277786468357e-05,8.333532737003918e-07,0.002258874628876989,3.385826202918957e-06,5.806063187231232e-05,0.016692724065632436,1.2501458710545317e-06,4.324186570279121e-09,1.7380398589889375e-06
49,2.8720105527649098e-05,1.094309045168679e-07,2.634726821437631e-07,3.4183248608781457e-06,5.6641243116095976e-09,6.971432169257129e-08,0.008795270024618333,0.9876723193572573,5.517996372499049e-06,4.368588120139916e-05,2.4269317118925536e-08,3.6300454945965535e-08,4.338223954531111e-05,6.243948618563547e-09,3.458954072274153e-06,6.881183124235978e-05,5.885259287491185e-05,9.465489510365805e-08,0.0013711267673731779,2.573934392121763e-07,6.9792633504781625e-06,0.0018973993440067958,1.3705692738007364e-07,1.4444450405357882e-10,5.297223702990036e-08
50,6.977299759592259e-05,2.948051703471906e-06,9.51669143130974e-06,0.00037578238758281953,4.555765377371909e-08,2.541274543460581e-05,0.0008419134904355944,0.9846375890791239,7.085731079141637e-06,4.384742209304527e-06,3.7294988914986817e-06,3.1700805026559878e-06,0.003927628995056723,4.639924495097014e-08,7.797884270637884e-06,0.0007644198234311188,0.007915929807604914,1.7927034731239367e-07,0.0011056075457092339,1.570596646235154e-07,8.41908717845935e-05,0.00020932196791714124,3.3642899037983557e-06,2.8675303956823373e-09,2.1638905586078807e-09
51,5.0031064215664595e-05,6.696755803636909e-08,1.703999378592433e-07,1.92746297833867e-06,4.139731917685334e-09,7.474205379608003e-08,0.013380166005867963,0.9817988099476918,4.305015239986864e-06,5.3076625850996656e-05,2.113679858118085e-08,3.7510619609048504e-08,2.8919079880701905e-05,5.2989118695810195e-09,4.353731054750633e-06,0.00012037673870293067,5.0943573123790725e-05,1.9465206304920558e-07,0.002533711216604995,5.489451529182642e-07,7.854822836398222e-06,0.0019639609154218965,2.991328023006667e-07,1.6348142332035112e-10,1.4071141838329173e-07
52,3.4599180900443536e-05,7.53383156515216e-08,2.161861093057345e-07,3.977844498481783e-06,5.248849619391909e-09,5.751144217730976e-08,0.00859788346971591,0.9886318817436173,6.4144495185426595e-06,5.3430286518860654e-05,2.4251802997823275e-08,2.4607531651782473e-08,3.8766868797726586e-05,5.340181024115045e-09,2.9101221836699056e-06,9.103576361959831e-05,5.284089215217277e-05,1.0521055671545037e-07,0.0011293665398593418,2.623175054825727e-07,5.365637104091731e-06,0.0013505631491613284,1.392150630526821e-07,1.9425397397755064e-10,4.863074086084382e-08
53,1.93145516626088e-05,5.762336600559511e-08,1.1250769142065587e-07,3.564297810628111e-06,4.2454673370748465e-09,5.221945676374301e-08,0.015350073145520704,0.9823552050634241,7.250503299353913e-06,4.165333621092647e-05,1.7494994854408077e-08,1.6595054719706106e-08,2.6574421702527187e-05,4.614823220088857e-09,4.461020188831691e-06,9.150239053990611e-05,4.132003535255293e-05,7.388781596179369e-08,0.0007480433394264312,2.269272563537765e-07,4.397142004881856e-06,0.0013058370174224463,1.7118832497352688e-07,1.4403070657919887e-10,6.628715181320012e-08
54,3.617257932873082e-05,1.4754079008607484e-07,1.514660484859809e-07,2.7573917677075007e-06,5.906668529100728e-09,7.194321463156229e-08,0.013176715785386282,0.982980488252166,1.0023209708483977e-05,6.169951361200725e-05,2.0019653026597012e-08,4.005293745630237e-08,3.724253381576494e-05,6.953623148200276e-09,3.5126491563703983e-06,0.00010128706738503431,6.773350841258463e-05,1.2364620978530226e-07,0.001340529186127241,2.452770218565404e-07,5.7042028542976846e-06,0.0021750680935984507,1.4902456607656412e-07,1.3901759633112418e-10,1.0405693026832686e-07
55,4.461412929915501e-05,1.769250923258433e-07,1.958068161870002e-07,3.246591579408649e-06,7.68131801166274e-09,6.157373572137258e-08,0.01242795703041333,0.9840228016206225,9.109726509255056e-06,4.4887600887041444e-05,2.5199635030117054e-08,6.576624104441267e-08,5.673847529641015e-05,6.7516704936104325e-09,2.5497653626916978e-06,9.347071399107302e-05,7.067115499469476e-05,1.6710472374428726e-07,0.0015135910596312469,2.3181587495611494e-07,6.22608672200364e-06,0.001702972038296598,1.353869700105604e-07,1.3747098196562323e-10,8.985684591507279e-08
56,2.9122119984869903e-05,8.650182742759755e-08,1.9616553697809922e-07,3.2950094606377364e-06,4.8764087002291726e-09,5.3011308653449155e-08,0.008358436640720454,0.9888886481874294,5.799107932796425e-06,3.993238046910058e-05,2.135899759975439e-08,2.575834400652354e-08,3.809606626934161e-05,4.683196304648416e-09,2.937162143519723e-06,7.170514262237289e-05,5.1105649628244914e-05,8.343075652665228e-08,0.001099073682917619,2.045443124746291e-07,5.1818211256662325e-06,0.0014058145813791343,1.2556444724559033e-07,1.3923896338136677e-10,4.6413541838384937e-08
57,2.8150731556814702e-05,8.447874841173606e-08,1.9450642564553158e-07,2.0496294391973557e-06,4.476406225865087e-09,3.937692606107729e-08,0.00629364051765182,0.990334546732823,3.5884105917938755e-06,2.9751073094261055e-05,1.7285783738569724e-08,3.5635110143786605e-08,3.6331373588541154e-05,3.6164650281259334e-09,2.2533103344280846e-06,5.668300009637082e-05,4.33767000331088e-05,7.814045908611197e-08,0.001576150800752827,1.8979423865685923e-07,5.626894877223378e-06,0.0015870735587054819,9.356785031033397e-08,7.593810482670275e-11,3.631210389651753e-08
58,3.132335737695235e-05,8.676160369695171e-08,2.051915013265451e-07,3.4082842442906306e-06,4.997075555980462e-09,5.488772660279387e-08,0.008525029732796115,0.9886213800446713,6.3163672947422e-06,4.324008603480456e-05,2.2499766877961678e-08,2.4284856151091662e-08,3.575206951876551e-05,4.8310672572684455e-09,3.2847066127039415e-06,7.245774239521406e-05,5.0622284999401836e-05,8.324467642619652e-08,0.0011385627549361096,2.184062966089836e-07,5.416882431103991e-06,0.0014623139918033645,1.3620704251394348e-07,1.679313785938521e-10,5.021534073100449e-08
59,3.179942839428051e-05,8.667312518522872e-08,2.2115320718828116e-07,3.5323434478820626e-06,5.299185513678588e-09,5.501592780231493e-08,0.008416665224962351,0.9886173041780896,6.643793391872677e-06,4.623333998384239e-05,2.3142037684594367e-08,2.3380114769693676e-08,3.4159336555530484e-05,5.1359423124851e-09,3.5100646542058955e-06,7.001153252888231e-05,4.97494533113128e-05,8.313416116384934e-08,0.0011635438425108464,2.3694369098404153e-07,5.710016652125905e-06,0.0015501996526390493,1.442869161949818e-07,1.8791158751243295e-10,5.344065805208254e-08
60,2.950592827017231e-05,8.456649853910684e-08,1.9306673156771446e-07,3.20628773951118e-06,4.81103568038656e-09,5.305295915795744e-08,0.008446747260987215,0.9887392512249417,5.8962844781781975e-06,4.127329953142398e-05,2.0579838114751237e-08,2.438882852573455e-08,3.5103996407062354e-05,4.60225372621404e-09,3.0387469346589374e-06,7.117138195230133e-05,4.935455771866248e-05,8.094556856111067e-08,0.0011298131828411146,2.081790276796438e-07,5.350488606195667e-06,0.0014394359214718454,1.2879774401584215e-07,1.4178744526415465e-10,4.830584694443165e-08
61,3.0959622153228065e-05,8.224766173996451e-08,2.1964449007210692e-07,3.3518162161698727e-06,4.938878243771898e-09,5.213556161997389e-08,0.007829935110656803,0.9893440660487365,5.897985191756444e-06,4.2179717156000055e-05,2.1539038912300966e-08,2.2432858785606453e-08,3.363689789429763e-05,4.628976895056675e-09,3.2227830588966687e-06,6.573531366315947e-05,4.684173373511991e-05,7.81112027318281e-08,0.0011582005226274765,2.1916690760058456e-07,5.497710300856058e-06,0.0014295919411533597,1.310197758076309e-07,1.6682836973356658e-10,4.6765275745561405e-08
62,2.950592827017231e-05,8.456649853910684e-08,1.9306673156771446e-07,3.20628773951118e-06,4.81103568038656e-09,5.305295915795744e-08,0.008446747260987215,0.9887392512249417,5.8962844781781975e-06,4.127329953142398e-05,2.0579838114751237e-08,2.438882852573455e-08,3.5103996407062354e-05,4.60225372621404e-09,3.0387469346589374e-06,7.117138195230133e-05,4.935455771866248e-05,8.094556856111067e-08,0.0011298131828411146,2.081790276796438e-07,5.350488606195667e-06,0.0014394359214718454,1.2879774401584215e-07,1.4178744526415465e-10,4.830584694443165e-08
63,3.0138942122013905e-05,8.945823131138555e-08,1.9500002919959936e-07,3.163479575375497e-06,4.8882751479225645e-09,5.37558051399734e-08,0.008481947406253663,0.9886629657701514,6.062198451085228e-06,4.139348754484307e-05,2.0871506615985293e-08,2.4875923275644826e-08,3.562034043427719e-05,4.610201013609103e-09,3.0748261059803008e-06,7.054339244740261e-05,4.991919802212853e-05,8.037301285090029e-08,0.001147539040704563,2.0427763051271593e-07,5.352036074078103e-06,0.001461425851400866,1.2699354951129027e-07,1.4251265296199465e-10,4.8784035101220996e-08
64,2.8977248502623824e-05,8.53479159885934e-08,2.0152413969448885e-07,3.28705577427734e-06,5.049958892059658e-09,5.365886037354825e-08,0.008328459657069699,0.9888303852149002,5.656674835984383e-06,4.166199786035544e-05,2.1108339662031166e-08,2.4144047475729553e-08,3.350407643479376e-05,4.551766156583145e-09,3.2117757352427474e-06,6.770706201035904e-05,4.570038191124995e-05,7.709504689523334e-08,0.0011683315269867024,2.1457586552587552e-07,6.259447521104915e-06,0.0014359889064991444,1.34000414419013e-07,1.4480821890559587e-10,4.77727947647862e-08
65,4.456457896475428e-05,1.0515937751466974e-07,1.4144804143694226e-07,2.4885675979278715e-06,5.548994994459922e-09,3.6230342483823423e-08,0.009274166386518881,0.9874538199135993,8.013494913362187e-06,4.944719993320495e-05,1.957490206829488e-08,3.9221416432456494e-08,4.1769501101184e-05,5.104885208031362e-09,1.8582349542319653e-06,8.135519920400938e-05,5.565170622590802e-05,1.479812547636917e-07,0.0013114333653547437,2.2396690774859217e-07,4.5717364640025165e-06,0.001669939034753905,1.1840183505686726e-07,1.212991770851266e-10,7.832115745740056e-08
66,3.0359636887616466e-05,9.382453955779918e-08,2.4153980677270307e-07,4.294489033766365e-06,6.499869329081368e-09,6.071986276012585e-08,0.008628224160394262,0.9881990114382342,6.2621743529233905e-06,5.559516706179209e-05,2.6582054820933013e-08,3.2120602144610275e-08,4.4457634893292404e-05,6.570889934083524e-09,2.9752165955530893e-06,9.078774840581686e-05,5.834412883708126e-05,1.0379406808478219e-07,0.0011905455876857246,2.5055505260043263e-07,6.877208976026002e-06,0.0016812536827533898,1.3874792856645405e-07,1.6804570521335542e-10,5.0603168430049586e-08
67,2.9555218452904482e-05,8.505058443901712e-08,1.940201181385829e-07,3.225580048892459e-06,4.828283902911055e-09,5.375227067494026e-08,0.00850066635766664,0.9886692565007474,5.912333543485692e-06,4.153946762480669e-05,2.0758561649469917e-08,2.459604249878471e-08,3.5274622293985827e-05,4.659236357651813e-09,3.0677319777361666e-06,7.157910659514234e-05,4.976292450964804e-05,8.15851762358427e-08,0.0011337743027805345,2.1026530962458663e-07,5.402923558227503e-06,0.00145012417497499,1.3028409885393287e-07,1.4314082367444983e-10,4.881240219603902e-08
68,2.3409462409007937e-05,5.548209247384003e-08,1.887093090453124e-07,2.9927892201287865e-06,3.204882676458315e-09,4.3097366592515544e-08,0.007710909563524345,0.9902171508397914,3.0716624085795244e-06,2.651845161052756e-05,1.4653237002030543e-08,2.9150564824714662e-08,4.778981464585795e-05,3.698968397644779e-09,1.5038340473026773e-06,6.10609771511256e-05,4.638912256022026e-05,1.1042920380615058e-07,0.0009246797358628159,2.1073718998889497e-07,4.584250149109105e-06,0.0009291488172155188,9.829258414402054e-08,7.587439043988358e-11,3.314813057716102e-08
69,3.1293386909789824e-05,1.0952936646440009e-07,2.50818116722827e-07,2.468307699560423e-06,3.6899513277176664e-09,9.789446064618912e-08,0.008817056183152898,0.9868354351160123,2.646295350384983e-06,3.362034794336889e-05,3.254127841232803e-08,5.542673976707019e-08,5.539553455657863e-05,5.612140435160013e-09,4.006892764796261e-06,6.951732067573584e-05,6.618892660823766e-05,1.1007770816049279e-07,0.0021625165969040606,3.186374767725319e-07,1.0949412234595233e-05,0.001907698584665302,1.7702351118213616e-07,1.1234993926785422e-10,4.5731422606006344e-08
70,2.3941332568842535e-05,7.683179134646924e-08,2.129171638952121e-07,5.404747115865902e-06,6.35351978668985e-09,7.225637865713845e-08,0.008808536040791473,0.988975208865944,7.481581849555237e-06,4.680525159515994e-05,2.2287160989645235e-08,2.5882431625545867e-08,4.21255859961403e-05,6.215633173654638e-09,3.004714214151048e-06,0.00010739918016254308,6.0629120644490605e-05,9.627494205305298e-08,0.0008108078422237349,2.651865133558991e-07,5.166261623340111e-06,0.0011024917379425336,1.6568625813849897e-07,1.7980420532025376e-10,4.7665730979395747e-08
71,2.8394214190665112e-05,9.155907673261291e-08,2.258946060765203e-07,3.2710948597132653e-06,4.889961000628506e-09,5.995433402357993e-08,0.008932383842300452,0.9880569207078556,5.626719008388843e-06,4.130135633159078e-05,2.0801855053368446e-08,2.461645030220784e-08,3.639958865350372e-05,4.943145899896869e-09,3.3119724624258387e-06,6.449071821778363e-05,5.046329212154358e-05,7.877618695543914e-08,0.0012082765212404105,2.160496945193696e-07,5.820099374741033e-06,0.0015624316526267603,1.3004576609495027e-07,1.400240489507474e-10,5.0549655487201604e-08
