,0,1,2,3,4,5,6,7,8,9,10,11,12,13,14,15,16,17,18,19,20,21,22,23,24
0,0.003435890374245584,0.001525968788478477,1.282745094934521e-06,0.14611520780820697,9.252652494269477e-05,0.0005187640185294543,0.00040150307489309725,0.7397478061900338,1.2038776962134468e-06,2.164569465939861e-05,0.005128471090099211,0.0001674886080262204,7.257031496064763e-05,3.228488565097299e-06,0.00035534691299187956,0.000707776441289692,0.06050021447568151,0.0007766215221582951,0.011398686405320742,8.298635855180366e-08,0.0001497773470127856,0.02885511968084495,2.213754689163565e-05,1.0274673736854147e-07,5.763362808967456e-07
1,0.002697990036044129,0.0013691960105339442,1.3057477650514395e-06,0.12763174308098418,8.18919145961316e-05,0.0009272603877643038,0.0004757989287680351,0.7663785153594138,2.674468741691167e-06,4.022300825187389e-05,0.004719496476779673,0.00014117917594143437,8.191756379855463e-05,4.049679494357933e-06,0.0005708106551393441,0.00094281791442498,0.03613404377032491,0.0008393509889636431,0.018806723709598846,1.2794610968665443e-07,0.00015661124837750627,0.03797004402566969,2.524879916818968e-05,1.3463498628988378e-07,8.44468359818199e-07
2,0.004883966594557951,0.0015103176759455777,1.533899981013256e-06,0.1636264129620073,8.056744408755356e-05,0.0009415166995795125,0.0005757618372713875,0.709910808392144,1.796959352370331e-06,2.8256963756403603e-05,0.006016309035772303,0.0001629657773895882,0.00010999153945074746,2.9921211164241433e-06,0.00040208458804048516,0.0008568597700957009,0.05564156939034206,0.0011692376920950447,0.01900189027294656,9.37098257041417e-08,0.00020559694931085706,0.03483713570420399,3.1583758247040594e-05,1.4661183927393523e-07,6.036506411147368e-07
3,0.0030960495259788495,0.0015017476555725807,1.2391568218863873e-06,0.13055425495614068,8.72092213492104e-05,0.0008438542241494877,0.0004275556131162218,0.758191860893764,2.220969761329615e-06,3.3580149595288583e-05,0.005440216116681885,0.00014979506006122326,7.954750750494463e-05,4.120272942560846e-06,0.0005437544555438522,0.0007420787466065507,0.04131450931501464,0.0007696126273452949,0.015134246431398669,1.1078619528761428e-07,0.00014864959759903793,0.0409089905221199,2.3897922376606834e-05,1.1720568457837707e-07,7.810666754850582e-07
4,0.0032086359940353155,0.001568014624213991,1.31768656593739e-06,0.1294481564906121,8.897893540145267e-05,0.0007592205775231829,0.00041994300908506564,0.7597691560366651,2.316134043538862e-06,3.4311969759516495e-05,0.005549133159290136,0.00015129144297975665,8.853480871064695e-05,4.621674503763404e-06,0.0005102638744010363,0.0006878989765725452,0.039215731521125986,0.0007993208760557419,0.014812026591683776,1.1803276264092012e-07,0.0001564810460547928,0.04270057129552779,2.304798830739697e-05,1.2412774577909854e-07,7.831263729496548e-07
5,0.003339117471624999,0.0014567820631343755,1.4033765650138915e-06,0.15448758266002363,9.585508108163989e-05,0.0008252754593053463,0.00043008352381726517,0.7415074377900511,2.2112191626076876e-06,3.515522909571037e-05,0.005322437533042861,0.0001413474247215438,8.829443839279812e-05,4.288902893449806e-06,0.0004554574466527327,0.000715553042788168,0.0407150012750667,0.001011937647666963,0.014725588241354073,1.2600219459964846e-07,0.00016486845122066186,0.03444522952323837,2.8167840690115643e-05,1.3488466945500174e-07,6.63471545716792e-07
6,0.0030960495259788495,0.0015017476555725807,1.2391568218863873e-06,0.13055425495614068,8.72092213492104e-05,0.0008438542241494877,0.0004275556131162218,0.758191860893764,2.220969761329615e-06,3.3580149595288583e-05,0.005440216116681885,0.00014979506006122326,7.954750750494463e-05,4.120272942560846e-06,0.0005437544555438522,0.0007420787466065507,0.04131450931501464,0.0007696126273452949,0.015134246431398669,1.1078619528761428e-07,0.00014864959759903793,0.0409089905221199,2.3897922376606834e-05,1.1720568457837707e-07,7.810666754850582e-07
7,0.0029831172463478718,0.0015174888700868658,1.2347388628874592e-06,0.13113526994488825,8.819364530239689e-05,0.0008543001498655765,0.0004254288242041764,0.7573335802322969,2.249354047620721e-06,3.433650110240745e-05,0.005337051392228639,0.00015051218400484754,7.696277610095667e-05,4.219188483635792e-06,0.0005487795369219281,0.0007591284264406547,0.04213021531443775,0.0007624887703838203,0.015142823027418947,1.1159294068134318e-07,0.00014953324813326148,0.04053750420912264,2.454821053320931e-05,1.1856858427193807e-07,8.040472596635089e-07
8,0.0014074476992373352,0.0007218452167373884,3.608137264857017e-07,0.06716815595988494,5.5186306859938375e-05,0.0007770455809898325,0.0006938325873533203,0.8261305009987159,1.4367708757305124e-06,1.5207443609196804e-05,0.005894398878325871,8.736967085416415e-05,5.9598201662733856e-05,1.8155174548071112e-06,0.00044935619031143207,0.0005268444641998092,0.02034652252973674,0.0008147905955994639,0.03309018272575956,6.572751224957353e-08,0.000177604468906146,0.04156839997562648,1.1628888269670407e-05,3.901809198654802e-08,3.6376969905790826e-07
9,0.004542849160589876,0.0006945708433778777,5.625658972341611e-07,0.09897305085652636,0.00010319240207527113,0.0014312254944690618,0.0011188156724633652,0.7630962024429722,1.7999991060783728e-06,1.080299278822068e-05,0.010496866637414243,0.00014420647121602358,8.938404649305329e-05,1.3606379922972593e-06,0.000604409759060759,0.0005715187749694462,0.03576610402468994,0.001076846847457391,0.028426682918721895,6.941712673741577e-08,0.00017283693828873224,0.05265548738892193,2.0653377777664925e-05,6.404505234952556e-08,4.36284551887224e-07
10,0.0030960495259788495,0.0015017476555725807,1.2391568218863873e-06,0.13055425495614068,8.72092213492104e-05,0.0008438542241494877,0.0004275556131162218,0.758191860893764,2.220969761329615e-06,3.3580149595288583e-05,0.005440216116681885,0.00014979506006122326,7.954750750494463e-05,4.120272942560846e-06,0.0005437544555438522,0.0007420787466065507,0.04131450931501464,0.0007696126273452949,0.015134246431398669,1.1078619528761428e-07,0.00014864959759903793,0.0409089905221199,2.3897922376606834e-05,1.1720568457837707e-07,7.810666754850582e-07
11,0.003322429208457557,0.001534675195058859,1.2944366640565952e-06,0.13203039477196013,8.896991720262987e-05,0.0008088390155326596,0.0004446091972072916,0.7542274432015041,2.2642825785896774e-06,3.288828265387357e-05,0.005614925582614623,0.000159172372565678,8.973486260097473e-05,4.151955257855247e-06,0.0005398753024765423,0.0007569034078622335,0.041240055672471944,0.0007903123427350777,0.015339213061507094,1.1806586964616252e-07,0.00015130074944699965,0.04279606095815542,2.3446811506100055e-05,1.2828221013504316e-07,7.930638998464844e-07
12,0.0036527802867964364,0.0016700088821977983,1.7925814563856086e-06,0.12210498780597476,0.00016040074318537042,0.001023056961847095,0.0004223031916843011,0.7443982806750079,2.7993648172650544e-06,3.9245753306508705e-05,0.007351465490427088,0.00017847294876605985,7.712217001376561e-05,6.103739365430271e-06,0.0005346856520571659,0.0007081160497291563,0.060346392381868626,0.0008193820605838798,0.011749250580655101,1.5117613601684586e-07,0.0001990346641187147,0.04451852224937909,3.433158063393892e-05,1.7207613448721822e-07,1.1409338577575933e-06
13,0.0027255570585551954,0.001353895831526941,9.244651571847424e-07,0.09081462491320753,7.623494348661699e-05,0.000578819314578153,0.0003386904104420311,0.8031822475586416,1.7934866460058237e-06,2.397561748597011e-05,0.006241346830198199,0.00015376805121116292,6.537535519397824e-05,4.190363041041675e-06,0.0004928680215209248,0.0005102471972997026,0.03375401735733559,0.0005717648798090972,0.012091622017339414,8.333947019721955e-08,0.0001242997630559879,0.046878103470732416,1.4730641756898635e-05,7.783981205093117e-08,7.412724962852947e-07
14,0.0030976539636216735,0.0014791905077920907,1.2338655939800698e-06,0.12931674654467062,8.56861113914697e-05,0.0008507119286666199,0.0004281296272177059,0.7599377752762063,2.228017074441521e-06,3.332830464665034e-05,0.005394333390134249,0.0001508821801734853,7.888421210487227e-05,4.079653906999638e-06,0.0005484068993974407,0.0007481319411440212,0.040974281280206325,0.0007595572433138945,0.014962817125141465,1.1035839943324175e-07,0.000145483416267005,0.040975669044605305,2.3776243436201702e-05,1.1636166341425514e-07,7.865032243346165e-07
15,0.0030960495259788495,0.0015017476555725807,1.2391568218863873e-06,0.13055425495614068,8.72092213492104e-05,0.0008438542241494877,0.0004275556131162218,0.758191860893764,2.220969761329615e-06,3.3580149595288583e-05,0.005440216116681885,0.00014979506006122326,7.954750750494463e-05,4.120272942560846e-06,0.0005437544555438522,0.0007420787466065507,0.04131450931501464,0.0007696126273452949,0.015134246431398669,1.1078619528761428e-07,0.00014864959759903793,0.0409089905221199,2.3897922376606834e-05,1.1720568457837707e-07,7.810666754850582e-07
16,0.003338054721171034,0.0016178314637854704,1.5218914463299472e-06,0.1541988164320506,0.00010884342614096938,0.0010599182227744245,0.0004944324321990418,0.7288523091991151,2.629443981553529e-06,3.842377981658831e-05,0.005592495275779404,0.00015351408006966048,9.001898378890329e-05,4.147948173715247e-06,0.0005403288170511149,0.0008789812676682741,0.04812203973162992,0.000883751267545323,0.015948511201979314,1.4038483327554212e-07,0.0001719226755858858,0.0378676528822734,3.270130152788053e-05,1.6799020072529268e-07,8.451794119252887e-07
17,0.0012269460164513345,0.0016823470220279485,5.625674584275237e-07,0.16074645148082872,2.717537125892758e-05,0.0013867339750790121,0.0002902967127437229,0.7380694004847083,2.150559074697309e-06,7.013000466166757e-05,0.0020123930574693035,8.450570444092105e-05,4.783728970518168e-05,1.6590389725834181e-06,0.0019399641286470873,0.0023025386400376676,0.022407404975972843,0.00035175049618093587,0.028873077115002616,1.040708436162355e-07,3.775214459536576e-05,0.03842421691644208,1.3705455152021563e-05,6.115481760850695e-08,8.356174273797602e-07
18,0.0030725741331277096,0.0015192268083634292,1.2516734353573085e-06,0.12748219329714383,8.68126463153028e-05,0.0008411708319967637,0.00042893089676262233,0.7596338955619562,2.229567863342433e-06,3.383494752861036e-05,0.00544219176680823,0.0001531643746910537,7.897830234739129e-05,4.216727124846909e-06,0.0005488639874233996,0.000758475531672476,0.04227750774590015,0.0007595950985119888,0.015183343371287178,1.1131642768596754e-07,0.0001509377306487341,0.04151555416461434,2.4006608089665373e-05,1.1852755328081205e-07,8.143824067199122e-07
19,0.0024132989581935357,0.0019104115872926803,1.1668902137690925e-06,0.19588833205243722,0.00011374279646907338,0.0010998157556158317,0.00044404558714861267,0.6924511102566926,3.2354258563629157e-06,4.678996449005527e-05,0.004451300848886363,0.0001714953963240953,7.796962790613335e-05,4.905291698082627e-06,0.000765941036656832,0.0008280768393430257,0.03862364402250214,0.0006320549357541788,0.015437048846786825,1.327130074652533e-07,0.00010947032432311485,0.04449828955101414,2.6618135510777426e-05,1.3983038476792885e-07,9.63325492234258e-07
20,0.004036545727697065,0.0014907862064822202,2.4847611981677565e-06,0.17274996946397525,0.00013450186200559785,0.0011868833149243998,0.0006193947151868182,0.6797606527436756,2.215013376358762e-06,4.001839930213347e-05,0.005157456637034307,0.00019069906860136,7.642872374341014e-05,3.9320079694508555e-06,0.0004134787790585694,0.0014260708336791196,0.09226156745333629,0.001324417096609087,0.016918683232860336,1.3672750560604398e-07,0.0002671629427702201,0.021873242054627012,6.203326547167979e-05,2.4358698770667064e-07,9.953819223540044e-07
21,0.0037787875823962246,0.0013678727265462973,1.9414379519335754e-06,0.12060248503587527,8.19830202777947e-05,0.0005079718939507902,0.00039012609453602877,0.7732817435308204,1.6592853572263626e-06,3.0174581875712672e-05,0.004836098200275754,0.0001766345048027484,8.895565350982387e-05,4.931000207177105e-06,0.0002861988053271365,0.0008353356306343167,0.05293982431200384,0.0011304883190406845,0.011317571455905734,1.2256888000562094e-07,0.00019700316394480279,0.028114195176421795,2.7022455121488836e-05,1.5283091106036708e-07,7.207334260294514e-07
22,0.002087808289105182,0.0020543092502220963,5.62731001488815e-07,0.20269252811672903,0.00010984921751391194,0.0014980418429556056,0.0009398420611527515,0.6477364083538438,9.344654962266485e-06,3.35654023780011e-05,0.004475115739779846,0.0002752163709945309,9.011680686496264e-05,3.751207049278045e-06,0.0017510553768738037,0.0009661119649395048,0.01929168681811769,0.00035773310357167093,0.03073837052844328,1.0033552932525539e-07,6.034778420024635e-05,0.08480639405321404,1.9875229901469137e-05,1.8740413125742713e-07,1.6773565249585377e-06
23,0.0030960495259788495,0.0015017476555725807,1.2391568218863873e-06,0.13055425495614068,8.72092213492104e-05,0.0008438542241494877,0.0004275556131162218,0.758191860893764,2.220969761329615e-06,3.3580149595288583e-05,0.005440216116681885,0.00014979506006122326,7.954750750494463e-05,4.120272942560846e-06,0.0005437544555438522,0.0007420787466065507,0.04131450931501464,0.0007696126273452949,0.015134246431398669,1.1078619528761428e-07,0.00014864959759903793,0.0409089905221199,2.3897922376606834e-05,1.1720568457837707e-07,7.810666754850582e-07
24,0.0023588739575005034,0.0019187738459579403,1.0168618505006806e-06,0.1708140054397284,7.788365738172882e-05,0.0006157061080317916,0.0003546964151636311,0.7264693756929353,1.908489018017629e-06,3.7116845194899286e-05,0.00433296741346027,0.00012613738276864535,7.760149119878727e-05,4.617786941190699e-06,0.0004965039077995434,0.0006386668084441303,0.03702620103406252,0.0007698932464671917,0.016516090493977665,9.74761684835743e-08,0.00014011781442028448,0.03719992785477009,2.1103334587345007e-05,9.922092876341036e-08,6.174212421861052e-07
25,0.003976262033183793,0.0026820124330430494,1.6716596378148095e-06,0.19970714383162466,0.00010668105158271528,0.0014841058391625282,0.0005400590137523928,0.6382878020910933,3.991821296072764e-06,6.321719439672058e-05,0.005514880330505389,0.0001856869779687775,0.00011433170172211336,5.060045070428714e-06,0.001206565847075754,0.0012874717026051504,0.0571218713567309,0.0007283653889567444,0.02600002795846282,1.5085450744788383e-07,0.00015957782716718985,0.06078448194165937,3.690169580749044e-05,2.196367908068983e-07,1.4597661967215357e-06
26,0.005712264544036194,0.0017328930550202049,2.9718499832830503e-06,0.21381994717408392,0.00017346180296871344,0.0012921015736335113,0.0005239374749546034,0.658731337833572,3.8220514663807186e-06,5.0752237115088474e-05,0.006373614995691804,0.00017441670396508622,0.00012143822625400132,5.9739273359250144e-06,0.0004436835557881082,0.0009398204876027976,0.06264406382478219,0.0015456805025523491,0.013881977620485127,2.0973552791042727e-07,0.00024927832804024993,0.03150869626515594,6.630808903012644e-05,3.621641522492499e-07,9.859768023216003e-07
27,0.003728191426848663,0.001410490698728517,4.1361446201325875e-06,0.11362278873178454,0.00012452919565590864,0.00038600987883208814,0.00040336934336095566,0.5583017889790908,4.28158697361481e-07,2.724046041030088e-05,0.0063688249813877345,0.0001234681332128153,6.930533064887384e-05,3.93547907619425e-06,0.00012016796578652625,0.0011028170049887376,0.29121847420069824,0.002177774638050862,0.012021479161960676,1.347576485779516e-07,0.0007226691019243484,0.007980796914026573,8.0466791229391e-05,1.841794001734558e-07,5.283419310509814e-07
28,0.0030960495259788495,0.0015017476555725807,1.2391568218863873e-06,0.13055425495614068,8.72092213492104e-05,0.0008438542241494877,0.0004275556131162218,0.758191860893764,2.220969761329615e-06,3.3580149595288583e-05,0.005440216116681885,0.00014979506006122326,7.954750750494463e-05,4.120272942560846e-06,0.0005437544555438522,0.0007420787466065507,0.04131450931501464,0.0007696126273452949,0.015134246431398669,1.1078619528761428e-07,0.00014864959759903793,0.0409089905221199,2.3897922376606834e-05,1.1720568457837707e-07,7.810666754850582e-07
29,0.0030960495259788495,0.0015017476555725807,1.2391568218863873e-06,0.13055425495614068,8.72092213492104e-05,0.0008438542241494877,0.0004275556131162218,0.758191860893764,2.220969761329615e-06,3.3580149595288583e-05,0.005440216116681885,0.00014979506006122326,7.954750750494463e-05,4.120272942560846e-06,0.0005437544555438522,0.0007420787466065507,0.04131450931501464,0.0007696126273452949,0.015134246431398669,1.1078619528761428e-07,0.00014864959759903793,0.0409089905221199,2.3897922376606834e-05,1.1720568457837707e-07,7.810666754850582e-07
30,0.0030960495259788495,0.0015017476555725807,1.2391568218863873e-06,0.13055425495614068,8.72092213492104e-05,0.0008438542241494877,0.0004275556131162218,0.758191860893764,2.220969761329615e-06,3.3580149595288583e-05,0.005440216116681885,0.00014979506006122326,7.954750750494463e-05,4.120272942560846e-06,0.0005437544555438522,0.0007420787466065507,0.04131450931501464,0.0007696126273452949,0.015134246431398669,1.1078619528761428e-07,0.00014864959759903793,0.0409089905221199,2.3897922376606834e-05,1.1720568457837707e-07,7.810666754850582e-07
31,0.0033092363172189288,0.0011878793916909644,1.2693407442110972e-06,0.09458690965754105,5.473445530180313e-05,0.0005133433761395633,0.00034173384449219405,0.8146488356376053,1.2102363621699225e-06,2.2967842460989552e-05,0.0045673005455548425,0.00012743849036137353,7.205051795437477e-05,3.085777565523379e-06,0.0003086919914537727,0.0006552055577720767,0.03918987256647187,0.0007594716739938221,0.010125767293376931,8.633604828070807e-08,0.00013785062456235012,0.029366799147152286,1.766246696618843e-05,8.019456994011302e-08,5.167166391400604e-07
32,0.0029935024579229204,0.0015371100046951821,1.2049513436837535e-06,0.1335957276244098,8.614783311614938e-05,0.0008432203466958512,0.00044669550138936025,0.752562959566165,2.269648503627243e-06,3.456574705316914e-05,0.00543448111521159,0.00014882910130966317,8.375137588986366e-05,4.0686528104891076e-06,0.0005834271302202188,0.0007862794513439764,0.04057811908824097,0.0007830955489951374,0.01732281591981615,1.1397096689081393e-07,0.00015497203768385055,0.04199198741901113,2.3739617484828888e-05,1.2127090789214924e-07,7.946188123980632e-07
33,0.0030663746444864006,0.001874546843791803,1.8995870547987549e-06,0.15277663057356433,0.00015246892268392384,0.0021782106990144694,0.0004955295026210101,0.7202213139285021,6.074147005877022e-06,7.983148472693042e-05,0.005927004707155459,0.00013345100675591235,7.05806213129851e-05,6.862725692473727e-06,0.0012971120672285556,0.0009323677052046778,0.04116091071616687,0.0007375698203878964,0.01954265403150308,1.9141413585579183e-07,0.0001717494705301672,0.0491169589001937,4.783562589124703e-05,1.89638651154363e-07,1.6812157383978395e-06
34,0.009628795226604592,0.0008796640382049838,1.6029169091690974e-06,0.12833726051203329,0.0001101754008952546,0.0007670242845473179,0.0005343267447309422,0.7542182284972375,2.610077935838236e-06,2.095478187223934e-05,0.010222875996689225,0.00010662768579048048,0.00014321355054613323,2.8605975235439635e-06,0.0005317861548881927,0.0004380889350290563,0.026883105698277402,0.0015469367816547351,0.020760780901916454,9.914064972845806e-08,0.00020587664179355208,0.04463260715006529,2.3868518593935382e-05,1.3481788354362658e-07,4.949477276225059e-07
35,0.0021760225478489,0.002944279326939061,1.6208625959228936e-06,0.19082814322452973,0.0002117453666712917,0.0011745484294804188,0.0004551749919720635,0.6525375352811184,3.2596140247081633e-06,5.696489868627139e-05,0.006914118783098854,0.0001640494448167432,7.280546707060758e-05,7.434520259238288e-06,0.0011076267218662632,0.0008032521322582175,0.07535275833759009,0.0005249037982308601,0.01813973247644086,1.8387280217632168e-07,0.0001957404294051518,0.046282724643935916,4.352935590319006e-05,1.8710281950946238e-07,1.6583696354514801e-06
36,0.0016497660749779056,0.0012061907145364504,6.716620388539244e-07,0.0784032605254818,3.0703773337418904e-05,0.000494926438315102,0.00030247604046731974,0.8357057408148765,1.4163523288908734e-06,2.6835992109104796e-05,0.002741235067660445,0.0001478952413208584,5.0713274196592834e-05,3.4526608908590907e-06,0.0003991277750020305,0.0007818685709869547,0.02674040344027464,0.00047047417602879085,0.01052911219028413,6.79906857489793e-08,7.351227282232606e-05,0.040229431685929525,1.0070719920405384e-05,4.762520237454572e-08,5.989203248395834e-07
37,0.006012285685838822,0.001512735263517726,2.439319056087913e-06,0.1438774565883758,0.00012202344196957961,0.0007569068423522347,0.0005242615276979971,0.7309113001882523,2.536386430761503e-06,3.270066145989139e-05,0.006731640256568896,0.00019709955276499898,0.00012652478174071002,5.156243564764207e-06,0.0003627706109163249,0.000773481425457302,0.05614220830263757,0.0012920342774593132,0.013161352042576525,1.437776881549289e-07,0.00023093130730731886,0.03718612725566238,3.481639830466976e-05,2.2470418952818134e-07,8.431582104650048e-07
38,0.002905004547973315,0.0016926736755306887,1.212505557093083e-06,0.13018341246397475,0.00010050604892804604,0.0007148483294588274,0.00036709881616200837,0.7588978970079859,2.2371861337952025e-06,3.284921684368339e-05,0.005794591590673425,0.00015483328320419536,7.368729320053834e-05,4.936900045090097e-06,0.000503398569828146,0.0005997484252414535,0.04133865909693137,0.0006795804148426281,0.012951951735141553,1.0350394968382028e-07,0.00014456771534586814,0.042833560171832194,2.1718888103900924e-05,1.127605497474949e-07,8.098525620901285e-07
39,0.004235715387941279,0.006588411493438504,1.9980220793470547e-06,0.4282926493135872,0.00032728255803245865,0.0010087228852489133,0.00035736971454500326,0.39429601225897903,7.728747640462036e-06,0.00010584652856930905,0.007718039536800622,0.0001367028058662213,0.0001539182602519592,1.3353729369577522e-05,0.0015907173604452728,0.0005214822941468774,0.056071962473086295,0.0008603170608658234,0.02893607548413166,2.045477253131509e-07,0.00019228887977658184,0.06853155013012713,4.9724319213285566e-05,3.7482755823312423e-07,1.551380573682336e-06
40,0.004712627308228267,0.001751394620922248,1.6489580532796265e-06,0.11632298848893743,0.00010759001177439975,0.0010539123221893724,0.00044462284683944377,0.742806855529813,2.6372533751317226e-06,3.251293295256233e-05,0.007499790847098216,0.00022031205931901562,8.931903476526044e-05,4.8334031794139805e-06,0.0007491377866394548,0.0007069151628143526,0.05234800753030811,0.0005920494628802707,0.011713035475877126,1.1711344508740013e-07,0.00013250659906392554,0.058682100733658454,2.3757675902494614e-05,1.2790685994826201e-07,1.198935103831948e-06
41,0.0026689472626162465,0.0015656993474014022,1.4139492565880082e-06,0.054225196296289704,3.947255718062126e-05,0.00036083715544304806,0.0004094482709594002,0.8096956183770255,9.483886444000867e-07,2.3751717005734116e-05,0.004903220041688338,0.0001637294477503855,9.582306896776583e-05,4.584582415712524e-06,0.0002090641541355395,0.0010291952931654818,0.0703955898373725,0.0009327980007141037,0.014488723405692986,1.1335965263429128e-07,0.0003090163843129718,0.0384563895910653,1.954059271190529e-05,1.1467530471911421e-07,7.642432271200889e-07
42,0.008157402406897794,0.001246701462042061,8.082734530998727e-06,0.41243143278056693,0.0004795623884436152,0.000959669814937091,0.00028702200567497693,0.47676888455508226,3.6194224998966958e-06,6.201828150335717e-05,0.00751374563533605,9.15511036801908e-05,5.247628283993671e-05,1.6490910654451227e-05,0.00017679449313529443,0.0002521665196621273,0.07403322129133945,0.006062511790290906,0.005562071688398969,2.1217841102582044e-07,0.0004879761772222541,0.004976373819890678,0.0003689151420939668,4.5441690758264566e-07,6.426979582093772e-07
43,0.003603790979622921,0.001595530959953358,1.251631685437507e-06,0.1351321632499948,8.779680750840519e-05,0.0007067613139367415,0.0004592660906041284,0.7476687350654856,1.999259220684669e-06,2.710671066403262e-05,0.005877191127749602,0.00017893019559022722,8.791355188533632e-05,3.982340493460615e-06,0.00047884816693142195,0.0007202982047891217,0.04668089529999161,0.0008001151244610991,0.014579894585266729,9.992169197596529e-08,0.00014992858844227398,0.04113346230864805,2.316053596186535e-05,1.223751420402074e-07,7.556042791719058e-07
44,0.0030960495259788495,0.0015017476555725807,1.2391568218863873e-06,0.13055425495614068,8.72092213492104e-05,0.0008438542241494877,0.0004275556131162218,0.758191860893764,2.220969761329615e-06,3.3580149595288583e-05,0.005440216116681885,0.00014979506006122326,7.954750750494463e-05,4.120272942560846e-06,0.0005437544555438522,0.0007420787466065507,0.04131450931501464,0.0007696126273452949,0.015134246431398669,1.1078619528761428e-07,0.00014864959759903793,0.0409089905221199,2.3897922376606834e-05,1.1720568457837707e-07,7.810666754850582e-07
45,0.006459559529702918,0.005313725451180334,7.979312533084132e-06,0.06630605327488426,0.00011040455942497974,0.0002727258590073157,0.00018326279966201034,0.5803110721983613,1.0400986876739136e-06,6.305632504949562e-05,0.008596741549153781,0.0001963293344494893,0.00010252961390272459,2.6573504899476016e-05,9.704603391272586e-05,0.0005929036502677257,0.29100150262321706,0.0017669850921219127,0.007193937811334634,1.35859486109193e-07,0.0012215307039943049,0.030109737333659455,6.33133777884569e-05,3.078335989438158e-07,1.5462697197048734e-06
46,0.003374453858563576,0.001584334440502262,1.2435299078335272e-06,0.1291247256105592,8.166797781643972e-05,0.0007585709812276064,0.000421354768329171,0.7492581428712812,1.7210686339729202e-06,2.870661221807179e-05,0.005440588519086853,0.00017262579871946717,8.1476019667698e-05,3.6123454764158994e-06,0.0005209913037213594,0.000823753334686031,0.05212028289373354,0.0006927483679795444,0.013723717334975157,1.0161726628277547e-07,0.00014139935586641384,0.041620615926584746,2.227547098449072e-05,1.1300978782094445e-07,7.769824245697021e-07
47,0.004006235028074826,0.0021325205405394753,1.115849679661185e-06,0.09204417785754268,5.678999284693986e-05,0.0006171722156666453,0.0004414168622616419,0.7585610447929119,1.7633239526286016e-06,2.5998595447705524e-05,0.0053871540591014224,0.0002490195831367532,0.00011533992078902772,3.242218678903772e-06,0.0005958334754973237,0.0010773108816322448,0.049179352475162745,0.0004846286767937053,0.01381147154534948,1.0036910580230982e-07,0.00010433884942512966,0.07109046335970355,1.2404995843811781e-05,1.1563142879674848e-07,9.888994272274043e-07
48,0.006196227105049867,0.0003870237684644359,1.8726001708458613e-06,0.1090276289687839,0.00046787193011188375,0.0039684830119775085,0.00115391950032607,0.7616763712330686,1.7224535123987348e-05,2.7161189428257344e-05,0.02229306739812488,0.0002473315686359766,9.898232886524365e-05,5.021452561887791e-06,0.0009462444389963875,0.0005416296470047479,0.01804889721443941,0.0018785731171313315,0.0229518868751737,2.7628943603845727e-07,0.0002346805826586289,0.04975802947300057,6.924707531709945e-05,5.207661253008267e-07,1.8279300233369654e-06
49,0.003497358714766868,0.0013417465086128964,1.4015181115440639e-06,0.122563099677191,8.900878669012503e-05,0.001040671735149346,0.00045759989672046453,0.7689401973274245,2.2601232583762652e-06,3.0474668500041876e-05,0.00584256155384429,0.00017695134042732682,8.170978311710748e-05,3.962394374509462e-06,0.0004801143279012105,0.0007220338492212664,0.042410315732944744,0.000775077686809949,0.011461111175730319,1.215860665170903e-07,0.00013940829969348204,0.03991593610074891,2.5972881321247435e-05,1.2133590106688578e-07,7.829954732472809e-07
50,0.003135565677201196,0.0015049526289528077,1.2471656111862934e-06,0.13156288226604645,8.817148357310947e-05,0.000850740968027941,0.00042994639088527365,0.756448040897958,2.2217862876813787e-06,3.3430220961009794e-05,0.005502328807324493,0.0001509824030034611,8.001961614855146e-05,4.109583303412715e-06,0.0005455471972906571,0.0007459398367327917,0.041888727873622154,0.0007761698836228218,0.015170742335838436,1.1137839361606452e-07,0.00014964075021375203,0.04090332929614064,2.4248570499025397e-05,1.1884973899065628e-07,7.84132622400244e-07
51,0.0024256626547313,0.00180296931077371,9.95311112842582e-07,0.14236575967897347,7.100531148210793e-05,0.0006156575255437378,0.0003238458628390882,0.7590090009350788,1.8964444782377727e-06,3.4623023889626805e-05,0.004457861960479073,0.0001295582425160597,7.290150945657438e-05,4.428832833446965e-06,0.0005147937310521727,0.0005971517428231352,0.03279480691126034,0.0006504772493888476,0.01372148943599775,9.451631393307364e-08,0.00011653649137340866,0.04027042896572405,1.7331268653492485e-05,8.502374322980507e-08,6.380594816430603e-07
52,0.002518454755069279,0.0010393321322928082,9.711052365124037e-07,0.12727348005628641,4.540413914859109e-05,0.0008448529720801377,0.0002462938415447887,0.7894868912074705,2.189905387616962e-06,5.593710456367566e-05,0.0035992372196683273,7.95109671108689e-05,7.912395638629078e-05,3.3171078880218448e-06,0.0006076033064658815,0.0008391928064022247,0.0183217430716968,0.0009931275631249225,0.016702699602142747,1.3573282556135633e-07,8.640246027233292e-05,0.03715825607485951,1.528185690996704e-05,8.221717858254462e-08,4.788379876372294e-07
53,0.002473341020355449,0.0009225636794224403,8.539040266273349e-07,0.09479410230647838,6.166695891196317e-05,0.0009798283848201916,0.000587272790731988,0.8143152842321604,2.087193166487962e-06,2.0033427228511834e-05,0.0046048173150679585,0.0001728962422896925,5.6761490693172944e-05,2.773339010115992e-06,0.0004954240441703008,0.0007306358260977799,0.03210341994495684,0.0006025820941413833,0.012146316241657873,8.530193040193241e-08,0.00010399680632919444,0.034800732919076066,2.1717375477557723e-05,8.009351902703761e-08,7.270682801968218e-07
54,0.0017531599608398803,0.0024093417691274394,1.0463913482303248e-06,0.10315787794722646,6.624380084854007e-05,0.0007520977846207036,0.0003557109464831291,0.7691082371329127,2.8251059695014547e-06,5.027374992195328e-05,0.003677105315198011,0.00020796524531326602,5.982561194441076e-05,5.826285122259767e-06,0.0009117261388706571,0.0012273234805316208,0.043054641508611415,0.0003725454737177997,0.015443296023398959,1.1590690159518503e-07,9.595126731145694e-05,0.057267748147273145,1.7323076743883807e-05,1.1361219973652273e-07,1.6783175632990778e-06
55,0.004169670120937825,0.0010780160218722145,1.206185790940428e-06,0.14957159317598223,0.00011963449361628617,0.0010211303941450413,0.0007803071413588737,0.7465802773672638,3.5243270908030606e-06,2.036812696368169e-05,0.006614704668713706,0.000292599526859771,9.204030427434055e-05,3.534496825616228e-06,0.00044830156809554854,0.0007469467090925897,0.034208477844485524,0.0009917459667514758,0.015295707799102373,9.895666706850401e-08,0.00013605523209630444,0.037793485031160035,2.950631996935804e-05,1.8710240979792031e-07,8.811184747565829e-07
56,0.0032046307080572057,0.0015132903879953993,1.2640593925747722e-06,0.12981542615025654,8.689351089834138e-05,0.0008232662790671891,0.0004348470566264496,0.7584736076186974,2.2570921244618737e-06,3.323581632002036e-05,0.005511039643186931,0.00015348328235279156,8.412567455562078e-05,4.196763743237329e-06,0.0005351342081655568,0.00073585852251158,0.04064805002220634,0.0007850783419576288,0.01511462771732773,1.1367045983338126e-07,0.00015053790180046095,0.041864488888040535,2.3642714092430242e-05,1.211280247964487e-07,7.828421388557812e-07
57,0.0025897264459709634,0.0018827087611114764,1.0924229855054252e-06,0.11231786566250727,7.524009128361826e-05,0.0006038351862775307,0.000488568880637897,0.7564443104458853,1.9326494590240963e-06,3.255312541992984e-05,0.005370549553879165,0.0001698853892768525,9.984606806590238e-05,4.056747066824634e-06,0.0005506118700657051,0.0009239766050408673,0.0436713980416068,0.0007007070752921205,0.023954056595683358,1.036023761244587e-07,0.00019374744221357636,0.04990480272239013,1.7434230028886793e-05,1.2202890383131475e-07,8.6835657139481e-07
58,0.0035429875812907994,0.001707970060285575,1.4922687290610114e-06,0.14839923044745085,0.00010786358862975696,0.0009306471545782801,0.0004949510266803438,0.7277650716297702,2.755613840469392e-06,3.776431112519499e-05,0.006070761464389865,0.000172527605808489,0.00010051538345496062,4.630370328113643e-06,0.0006044008929292061,0.0008610484603351542,0.04615276175083571,0.0008699000825526103,0.01766949683347453,1.4043270319414552e-07,0.000176166870741652,0.044296333980469185,2.9458062488388797e-05,1.753471774838759e-07,9.487799309814728e-07
59,0.003448937725084026,0.0017315430864620093,1.550226137913821e-06,0.1441331427084727,0.00010915821797396837,0.0009102334176318596,0.0004679891651710039,0.7332248331513637,2.649392397165576e-06,3.8905214314188535e-05,0.005906483343075781,0.000166641808727747,9.404805808447021e-05,4.8547065065627695e-06,0.0005590721672195465,0.0008429761005917915,0.04850806236961098,0.0008729651661332435,0.01634062754814288,1.3877621203330332e-07,0.00018101647651229212,0.04242317878922843,2.9885612594784106e-05,1.6890963839224042e-07,9.378627123523211e-07
60,0.0030960495259788495,0.0015017476555725807,1.2391568218863873e-06,0.13055425495614068,8.72092213492104e-05,0.0008438542241494877,0.0004275556131162218,0.758191860893764,2.220969761329615e-06,3.3580149595288583e-05,0.005440216116681885,0.00014979506006122326,7.954750750494463e-05,4.120272942560846e-06,0.0005437544555438522,0.0007420787466065507,0.04131450931501464,0.0007696126273452949,0.015134246431398669,1.1078619528761428e-07,0.00014864959759903793,0.0409089905221199,2.3897922376606834e-05,1.1720568457837707e-07,7.810666754850582e-07
61,0.0036619473967848836,0.00163927303948548,1.6212570943536916e-06,0.14243930622690887,0.00011171103665634471,0.0009166508895760412,0.00047763111709608793,0.7372258042263091,2.7191649118043573e-06,3.783790493800724e-05,0.006117270067843175,0.00016581049748623435,9.539396817174037e-05,4.8704017740746675e-06,0.0005358782056358367,0.000804043697496897,0.04729856930831725,0.0009155922443532604,0.016040453290921547,1.379466530398499e-07,0.00018793413337811815,0.041287639113293764,3.081239150293957e-05,1.7329095340416564e-07,9.191824575910338e-07
62,0.0030960495259788495,0.0015017476555725807,1.2391568218863873e-06,0.13055425495614068,8.72092213492104e-05,0.0008438542241494877,0.0004275556131162218,0.758191860893764,2.220969761329615e-06,3.3580149595288583e-05,0.005440216116681885,0.00014979506006122326,7.954750750494463e-05,4.120272942560846e-06,0.0005437544555438522,0.0007420787466065507,0.04131450931501464,0.0007696126273452949,0.015134246431398669,1.1078619528761428e-07,0.00014864959759903793,0.0409089905221199,2.3897922376606834e-05,1.1720568457837707e-07,7.810666754850582e-07
63,0.0029618015031170532,0.0017399280326452103,1.2176246511335544e-06,0.13685033574712596,8.620603479393148e-05,0.000793114184867676,0.0004177582483784404,0.7473811648501489,2.1797768165582943e-06,3.558178198808871e-05,0.005300245328186517,0.00015247714811287088,8.318765535966193e-05,4.3387297501344955e-06,0.0005727401785786009,0.0007724805069419166,0.04306843150185891,0.0007430362606602796,0.016031510988799368,1.1338563117191904e-07,0.00015016754365684357,0.042827832345815914,2.322321244306733e-05,1.197027190279772e-07,8.07726952589443e-07
64,0.003235817424670076,0.00159698745968148,1.4305532070396027e-06,0.12275929030573428,9.537723018987678e-05,0.000767334384381303,0.0004653651508145094,0.7571900284590626,2.091499470780673e-06,3.307753920015361e-05,0.005919060958587149,0.00015389511296424183,8.752776156748996e-05,4.561216890823979e-06,0.00047416292511369613,0.0007620908727734574,0.049246858052873606,0.0008796682533475349,0.016405148756847017,1.1930095759518768e-07,0.0002026185979222091,0.039689809450876086,2.6728391882467346e-05,1.3343818719949367e-07,8.169027972729675e-07
65,0.0023808518087089056,0.0029814917896020202,2.007863308763914e-06,0.10017120430596713,8.363965470028569e-05,0.0004785250317741905,0.0002699124784180177,0.7790993243030695,3.1900783749155086e-06,6.397673251154193e-05,0.004066457987583181,0.00016771659792800018,9.756520915865783e-05,1.107087254162462e-05,0.0004403219252052923,0.0007651238324496967,0.04153796054401101,0.0005543425049888791,0.01008858091092401,1.7883668838876833e-07,0.00015427209416182526,0.05656302022096323,1.777770429698871e-05,1.6099642178753567e-07,1.3257162419289533e-06
66,0.0032308089594980135,0.0007577910768975969,1.338261559155457e-06,0.06884596917739888,5.875577268391436e-05,0.00042636521921594916,0.0003259063124829608,0.8562211383781975,1.20553552888908e-06,2.0678679880684826e-05,0.004981945581110613,0.00010542027284595388,8.79613144436519e-05,2.626503931261377e-06,0.0002301785743899262,0.00048352201065610107,0.024771162841791573,0.0007336773853505944,0.008199922154225863,1.0201353752190433e-07,0.00011498050025592439,0.030388321426889593,9.78536069533704e-06,6.346867835534547e-08,3.732178541544096e-07
67,0.0030960773036079656,0.0015017399800528488,1.239192092634581e-06,0.1305544340269019,8.720969068225638e-05,0.0008438531144936692,0.0004275544577229187,0.7581920362793197,2.22095385343423e-06,3.358046189273248e-05,0.005440208950970572,0.00014979381133466732,7.954776828716803e-05,4.120316645698768e-06,0.0005437429579546674,0.0007420820149187092,0.04131515193704824,0.0007696311754908399,0.015134104934341227,1.107880884360672e-07,0.00014865318815680004,0.04090810984859052,2.3898575544106288e-05,1.1720761942305902e-07,7.810643887988935e-07
68,0.0030663604149736134,0.0017146449640482906,4.339236041515552e-06,0.3130394327255958,0.0003702563723271192,0.00317020877476807,0.0006691673172024539,0.5811190634304977,1.417839664790085e-05,0.00010710967035537395,0.005238646615876499,0.00030785806830198065,8.157855166324677e-05,1.6711752912433307e-05,0.0007302101511049734,0.0008720785740396258,0.049295460181687276,0.0011640782930015417,0.00888715365280724,4.042448115281685e-07,0.00015771470748581702,0.029835987191875624,0.00013405381397186409,6.058081496437362e-07,2.697089852914124e-06
69,0.003233402197583743,0.001626783008589892,1.1921323515656646e-06,0.1410219626370485,9.315073896382561e-05,0.000881790600200396,0.00044311359165461573,0.7406569107269241,2.3008699873902666e-06,3.342267997560911e-05,0.005717832870133176,0.00015713835831593508,8.367524911027539e-05,3.96932333323949e-06,0.0006084802010649223,0.0007571919143270004,0.04307022372349134,0.0007321205489732003,0.01617256675621983,1.0893597605099031e-07,0.00014244989710603183,0.044535708271322486,2.357731511274542e-05,1.208643728970898e-07,8.065878611001539e-07
70,0.0029662280587951246,0.0010299162081061697,1.0579893994096252e-06,0.22638366370535515,0.0001922986514299024,0.0011308630420012462,0.00041015155221307684,0.7025170034438182,4.210603464799486e-06,2.4543052111181888e-05,0.005739735308241224,0.00012461375360410914,5.224613235077964e-05,4.823462471293026e-06,0.0005461286080369422,0.00022314117396258598,0.019737411873456717,0.000573236417848825,0.00693260889136916,8.87953077872293e-08,7.669155484510701e-05,0.03130022760100497,2.8441940974466722e-05,9.072486015349962e-08,5.774549714865356e-07
71,0.0013493096474664463,0.001563369803823009,1.3666430981761168e-06,0.08548046670952657,0.00013183166826275877,0.0005561830925475446,0.00039927851109420286,0.8288409378528954,3.250302781318046e-06,4.5299232342030334e-05,0.004004682990411113,0.0001147818978852327,5.055515247964467e-05,9.70342598372458e-06,0.00027204564665497176,0.0006016558275299488,0.03550455327789184,0.0009431066591560753,0.012032562905494475,1.6318138534937695e-07,0.0002624350987639573,0.027800486754830725,3.08855335097161e-05,1.3616467091069843e-07,9.520195150230189e-07
72,0.0012305801335497023,0.0011512137704142533,5.937885588585847e-07,0.09057847315714186,3.6383636824909626e-05,0.0013254784566686818,0.0006940418994843825,0.8020642770658787,1.899884588663548e-06,3.382588527729323e-05,0.0025153656499776428,0.00014578014663666928,5.7881780098168914e-05,1.913732174572715e-06,0.0010164546619744939,0.0017566047495885426,0.029760487188756256,0.0004085682167989806,0.022244264246892305,1.1427480779990411e-07,7.156375853736585e-05,0.04488984872904783,1.3507580594155097e-05,5.469601180700664e-08,8.229097162424071e-07
