,0,1,2,3,4,5,6,7,8,9,10,11,12,13,14,15,16,17,18,19,20,21,22,23,24
0,0.009340047160981172,5.653727616739446e-09,0.0001044670671696791,0.000546886238383249,2.0167684216730884e-06,1.263728050847177e-07,0.0014383906995192755,0.9780623030459933,2.052788642833244e-05,0.005089629761706645,0.00040280528122160254,0.0008923209911403257,0.002442432525009114,1.3368307120325405e-05,6.392536900485957e-06,0.00016455235328951404,0.0012474465621046418,1.8695936776118573e-05,1.5363845649221943e-06,5.506704134739068e-05,8.095297790293381e-07,2.22704430479051e-05,2.9353933713605655e-06,0.0001229242074096566,2.041851781279762e-06
1,0.00798409544504549,3.074021998356985e-09,8.967244439438028e-05,0.0004924607702210729,1.4390346961671081e-06,9.317583331168335e-08,0.0010061233069650769,0.9803601540860936,1.8844095021703154e-05,0.005430113029984624,0.00030780317448844967,0.0005726357297506471,0.002445767586410377,7.009181716245539e-06,3.845055337306643e-06,0.0001576394735316614,0.0009547661777447679,1.2828066594964476e-05,1.2926947439724474e-06,4.941203719645447e-05,5.116604057675059e-07,1.5275132426839743e-05,1.862321424274128e-06,8.533626832756896e-05,1.0169776232711357e-06
2,0.008056583578138956,4.121938948692613e-09,8.288126446898695e-05,0.0005015292371860221,1.6143185115314584e-06,8.84504582032318e-08,0.0010134028264036769,0.981079100007141,1.9045137515489862e-05,0.004758907608770841,0.0003954783825885312,0.000662646388515489,0.002210909291706621,1.001870675090486e-05,5.512534274624211e-06,0.00012812779369083597,0.0009017560693410741,1.5325921922067726e-05,1.1467160109435958e-06,5.327753646730751e-05,5.633049859365346e-07,1.560459038937893e-05,2.280610677878094e-06,8.271903068462026e-05,1.4765714601022112e-06
3,0.00862441241518974,4.019006911695789e-09,8.552930577614345e-05,0.0005495932106862475,1.5548581373263046e-06,1.0361260754340764e-07,0.0011979087430294536,0.9797770524824033,1.8019908333241374e-05,0.004845447577561822,0.0003425293342570705,0.000705569985964379,0.0024485212032178826,9.808669309937013e-06,4.773485268088068e-06,0.00015491942770365976,0.0010428302324459833,1.6321196654086165e-05,1.2657764639587876e-06,5.111566397654666e-05,6.147946918718906e-07,1.7604070377546404e-05,2.338437989399779e-06,0.00010073789562983131,1.4236933175769544e-06
4,0.008869585656038168,4.003636438577843e-09,8.496523368070075e-05,0.0005490093914951377,1.5704570307743518e-06,1.067741129387047e-07,0.001199372700926655,0.9793117491898443,1.719276749451524e-05,0.004788982123484833,0.0003282765377242683,0.0006991599520314539,0.0027119585895819254,1.025513440661424e-05,4.592597523091527e-06,0.00016395253349812437,0.0010582856126878605,1.7507639855456983e-05,1.360261090565075e-06,5.2973013418228865e-05,6.055803994879182e-07,1.693360748326541e-05,2.321567034765826e-06,0.00010790867445989714,1.3704010606889995e-06
5,0.00801632392527805,4.465250906921527e-09,7.32878190622618e-05,0.0006538613046881281,1.415066327177803e-06,1.1418602404324907e-07,0.0010695564618896038,0.9810034406852649,1.7304204817623696e-05,0.004362377544864784,0.0003415256389513429,0.0006744601533181236,0.002450559671853517,9.156918440696644e-06,4.818069418431661e-06,0.0001647485372891017,0.0009669132238194442,1.995869769793233e-05,1.2422030367835857e-06,5.296606979878025e-05,6.144192660350614e-07,1.8292424171525775e-05,2.3987107459323803e-06,9.336295533087095e-05,1.296643393939693e-06
6,0.00862441241518974,4.019006911695789e-09,8.552930577614345e-05,0.0005495932106862475,1.5548581373263046e-06,1.0361260754340764e-07,0.0011979087430294536,0.9797770524824033,1.8019908333241374e-05,0.004845447577561822,0.0003425293342570705,0.000705569985964379,0.0024485212032178826,9.808669309937013e-06,4.773485268088068e-06,0.00015491942770365976,0.0010428302324459833,1.6321196654086165e-05,1.2657764639587876e-06,5.111566397654666e-05,6.147946918718906e-07,1.7604070377546404e-05,2.338437989399779e-06,0.00010073789562983131,1.4236933175769544e-06
7,0.008867782372488146,2.617803129469119e-09,8.165569908297936e-05,0.0004636440194973324,1.2926467261672998e-06,6.592908128377106e-08,0.0010834041927984092,0.9799321129251742,1.4443240588757067e-05,0.005029303230243882,0.0003023888997901533,0.0005282861521517907,0.0025585842285780805,7.096558034941064e-06,3.162068573763712e-06,0.00012062103991649839,0.0008553591223196184,1.014943217052002e-05,1.0661299428213526e-06,4.3960063446634156e-05,3.528501564610046e-07,1.360645007095388e-05,1.35743441453734e-06,7.928755058838478e-05,1.015146360585425e-06
8,0.005705574765518231,3.971130899741228e-09,2.8895397880951328e-05,0.0005957082506035431,1.3752884545545627e-06,1.5213467519285746e-07,0.0009510821477275426,0.986268129144866,1.9880021989244995e-05,0.0026058438852708254,0.0003679126169212138,0.0005019211120163371,0.0018578955547907763,5.713566054488467e-06,4.776987658413443e-06,0.00019262641231215146,0.0007464515591314043,4.1301384669468326e-05,1.3907891011515074e-06,3.904990621159968e-05,3.7598545660560124e-07,1.9760332794087966e-05,1.412810302012349e-06,4.201785356841416e-05,7.481208949061078e-07
9,0.00601886367166742,3.3333178090320496e-09,6.557827856248592e-05,0.0005314852431389126,1.7748649262426457e-06,1.996308411755019e-07,0.0016216487679533056,0.9831896921989962,1.916024820846978e-05,0.002928801355819819,0.00026644847334025997,0.0008518100296794344,0.0028056642911464366,5.95166346469657e-06,3.2354657756922964e-06,0.0003483296906635108,0.0011675713136750836,3.0214348434828298e-05,1.8013599174653669e-06,4.382672315339415e-05,6.437884679994424e-07,2.6207451454421377e-05,1.317310767458825e-06,6.90894716575982e-05,6.810249700050396e-07
10,0.00862441241518974,4.019006911695789e-09,8.552930577614345e-05,0.0005495932106862475,1.5548581373263046e-06,1.0361260754340764e-07,0.0011979087430294536,0.9797770524824033,1.8019908333241374e-05,0.004845447577561822,0.0003425293342570705,0.000705569985964379,0.0024485212032178826,9.808669309937013e-06,4.773485268088068e-06,0.00015491942770365976,0.0010428302324459833,1.6321196654086165e-05,1.2657764639587876e-06,5.111566397654666e-05,6.147946918718906e-07,1.7604070377546404e-05,2.338437989399779e-06,0.00010073789562983131,1.4236933175769544e-06
11,0.008171313467686611,3.59829204739743e-09,7.870260942262438e-05,0.0005052470582444012,1.408373162937053e-06,9.926772849054312e-08,0.0011222160336246726,0.9806073707105554,1.6711082151328986e-05,0.004626468412150377,0.0002996228747670167,0.000653879242883195,0.0025755011574255483,8.665979251969536e-06,4.201614163807197e-06,0.00015273565314094666,0.0009912094847739678,1.5841844837057337e-05,1.2497962289248625e-06,4.855156085757019e-05,5.463440089361382e-07,1.6195903846425798e-05,2.076267625142795e-06,9.895963150884821e-05,1.2220316616563447e-06
12,0.008398334059789654,3.889755041899539e-09,8.365759621417684e-05,0.0005349315359018477,1.4666936180080168e-06,9.959316863598624e-08,0.0011486501871187523,0.9803194652768343,1.750064086589785e-05,0.004737313669905224,0.0003316250559008797,0.0006839448327945092,0.002386471081096547,9.16502336040325e-06,4.622269754736039e-06,0.0001507332803675684,0.0010086717083411527,1.550456638374887e-05,1.2352488583531003e-06,4.876532066564998e-05,5.881296024799901e-07,1.738043322406639e-05,2.1942256780073834e-06,9.632957273039713e-05,1.3461080699480987e-06
13,0.00879880243744451,5.137267111945202e-09,7.920755987377255e-05,0.0005448720129990653,1.767529069080596e-06,2.806795819383117e-07,0.0025305998796244507,0.974664443147009,2.118489548224511e-05,0.0066639043391041085,0.0001269549912604147,0.0005972821444266983,0.0032075813533173517,6.351311612848813e-06,2.7858985040280634e-06,0.0002389075418890608,0.002114558547406284,1.9513461627953122e-05,2.5494109053462452e-06,4.5210304828501914e-05,7.041560387260976e-07,3.330094298118505e-05,2.6562979183019475e-06,0.00029487358657548075,1.7024332523637658e-06
14,0.008634561869611482,3.9990134570212034e-09,8.55133064608739e-05,0.0005476885873846665,1.5505565625166103e-06,1.0327612778120136e-07,0.0012004511953184465,0.9797722501096722,1.8014857824572878e-05,0.0048451242417949375,0.0003411338228677335,0.0007058367395110296,0.00244350936837485,9.797765702799829e-06,4.75893714863044e-06,0.00015457161094848933,0.0010438459326672274,1.6229299620950697e-05,1.2615068754121605e-06,5.091867426326782e-05,6.144728434961469e-07,1.757779535302241e-05,2.337373868472285e-06,0.00010091974766343432,1.424952519990767e-06
15,0.00862441241518974,4.019006911695789e-09,8.552930577614345e-05,0.0005495932106862475,1.5548581373263046e-06,1.0361260754340764e-07,0.0011979087430294536,0.9797770524824033,1.8019908333241374e-05,0.004845447577561822,0.0003425293342570705,0.000705569985964379,0.0024485212032178826,9.808669309937013e-06,4.773485268088068e-06,0.00015491942770365976,0.0010428302324459833,1.6321196654086165e-05,1.2657764639587876e-06,5.111566397654666e-05,6.147946918718906e-07,1.7604070377546404e-05,2.338437989399779e-06,0.00010073789562983131,1.4236933175769544e-06
16,0.008739655962381139,3.856449990709041e-09,9.216373519468789e-05,0.0006657417272958358,1.706988576295906e-06,1.2686446239584216e-07,0.00123765067726314,0.9789844597430505,1.5417232628666305e-05,0.004319178401181913,0.00040103621484439885,0.0009379573425391686,0.003065082790894344,1.3325441698924749e-05,5.363019373036482e-06,0.00023121396116008614,0.0010704649415333042,2.669013841003193e-05,1.3901219356695909e-06,6.48140860614331e-05,8.798642960942751e-07,1.692406939737581e-05,2.7015797605610238e-06,0.00010484203291004722,1.2092067007042274e-06
17,0.004713976040768257,6.337471306045628e-09,8.254621226412691e-05,0.00034174070749941527,9.591851834183112e-07,2.468444158783677e-07,0.00039619807143143293,0.9804396284969928,2.0548364017947235e-05,0.009668050969170339,0.00023710491172455902,0.0003041060210688475,0.0024449223732329823,3.6191111450213722e-06,8.44361263545842e-06,0.00019513344763370804,0.0009069567794223906,2.6163828497972992e-05,4.061910879502651e-06,4.929420719097859e-05,7.764262716630839e-07,1.7500337206423668e-05,2.897018435093078e-06,0.00013443724623185904,6.815392085657911e-07
18,0.008863052771884407,4.138837896050546e-09,8.565295594211796e-05,0.0005494489648896365,1.601302084021017e-06,1.0513575849758305e-07,0.0012311064161815738,0.9794108439770329,1.8460909682485575e-05,0.004880719189319507,0.0003461636985053977,0.0007087250527356416,0.002454698124702467,1.0076861046600471e-05,4.840794627640615e-06,0.00015416653509655486,0.001084944568723324,1.6664201990540578e-05,1.2964856994783192e-06,5.143910444915149e-05,6.218906564071541e-07,1.7995738700876984e-05,2.407342820198015e-06,0.00010346278386739608,1.5010547651746004e-06
19,0.006355861642867896,2.4563837551704782e-09,8.004255700492153e-05,0.0004558477070342263,1.1950691633799147e-06,9.613831871972446e-08,0.0013651130276914419,0.9819619838423884,1.5762642836531445e-05,0.005318173579159705,0.0002218798643174497,0.0007123398640282472,0.002329138795900214,5.670042556114756e-06,2.864749380391022e-06,0.00013493094821854132,0.0008766583581866634,9.187288768341951e-06,8.81826571641758e-07,4.104351983545228e-05,4.4304704013780966e-07,1.7383105238647487e-05,1.4628778446108519e-06,9.09781850930896e-05,1.0588641714118944e-06
20,0.005150825998859753,5.6081201042674015e-09,6.180257485869427e-05,0.0005248797902869658,9.412536142685111e-07,1.027092517510602e-07,0.0006758286508273822,0.9867974478159615,1.5258311803224592e-05,0.003251150878501445,0.00029535679297964184,0.0006668733513867642,0.0015985678281986028,5.962327583707346e-06,5.7723266426700976e-06,0.00012614529215279364,0.0006851033341325594,1.5192847891718389e-05,1.0571945719672645e-06,3.51215100570592e-05,5.648073422456404e-07,2.2122162953551503e-05,1.669265408590788e-06,6.120145595751237e-05,1.0459106555274667e-06
21,0.00992879394389408,4.1336380890474144e-09,8.476156145316363e-05,0.0007886014168614391,1.5457195898583043e-06,9.180664648395109e-08,0.0009756457126929998,0.9788745423162272,1.6816203320116924e-05,0.004230572751424933,0.0005263796754029794,0.0008625208400475599,0.0025146730344878646,1.391927099656074e-05,5.767948737938571e-06,0.00018013550642417115,0.0008206607163483053,2.034376284340379e-05,1.1342036286307394e-06,6.077392357281975e-05,6.294603303688346e-07,1.578632098036016e-05,2.3930211304837363e-06,7.217962870453784e-05,1.3271206159575162e-06
22,0.007169817794232912,4.715130598143202e-09,5.300150006669264e-05,0.000262701083908746,1.409300942041185e-06,1.2396733967598722e-07,0.0017216280375688742,0.9827028751405539,1.9430928265903128e-05,0.004045613040678417,0.0001360006134631005,0.0006603614636402401,0.002127224309486614,1.2980081288174831e-05,5.129002386297882e-06,0.00012213511095688788,0.0006886540524227241,1.1437475684096277e-05,1.434095779762338e-06,3.2058682401974457e-05,3.5643178366618853e-07,1.388395166394168e-05,2.2597649671571153e-06,0.00020755963039031195,1.919824997149152e-06
23,0.00862441241518974,4.019006911695789e-09,8.552930577614345e-05,0.0005495932106862475,1.5548581373263046e-06,1.0361260754340764e-07,0.0011979087430294536,0.9797770524824033,1.8019908333241374e-05,0.004845447577561822,0.0003425293342570705,0.000705569985964379,0.0024485212032178826,9.808669309937013e-06,4.773485268088068e-06,0.00015491942770365976,0.0010428302324459833,1.6321196654086165e-05,1.2657764639587876e-06,5.111566397654666e-05,6.147946918718906e-07,1.7604070377546404e-05,2.338437989399779e-06,0.00010073789562983131,1.4236933175769544e-06
24,0.008781488336620794,4.7322276303201246e-09,7.901864626488778e-05,0.0008022421513109853,1.7171710839743834e-06,1.0986893974856278e-07,0.0011459103704701994,0.9793332237574746,1.7036038668942662e-05,0.00459396759938291,0.0004151323861309243,0.0007761561617821613,0.002713843950662946,1.1589708686239321e-05,4.74465304478744e-06,0.00017490719454544952,0.0009537861843255925,2.040447916602404e-05,1.2367321219254863e-06,6.178634069433892e-05,5.596696508906765e-07,1.9147749797550357e-05,2.241263625201348e-06,8.830974315414107e-05,1.435110167324784e-06
25,0.01834073419968468,5.684142492334032e-06,0.0012114414451282862,0.0009835755077046032,3.14467188945321e-05,0.0005256137885040913,0.00890740720539646,0.7136917062885993,0.0008117636425539791,0.04448355177937802,2.7236046008409998e-05,0.002536323723744242,0.0036429901294172166,2.7067863693290295e-05,0.0001141510553287201,0.008877836760030877,0.09622167158496202,0.0005803506992221994,0.0026702787516847447,5.527423238756249e-05,0.0003570214601622848,0.0042873117218872915,0.0005822181735044161,0.09093541432211617,9.19287575140497e-05
26,0.010730312624267537,3.8990846354553875e-09,7.746960477659751e-05,0.0004410321117761848,1.602623365465504e-06,1.2363485799530426e-07,0.001452950881772342,0.9762862208471174,2.3076533901860806e-05,0.00539577957555438,0.0002381402466909846,0.0005134108013601404,0.002853264092692446,8.037718263272709e-06,3.9162616635800546e-06,0.00015734153633090828,0.001562054276250082,1.927622333289155e-05,1.6830828144538224e-06,4.854443856528135e-05,6.520105610992475e-07,1.731653291078792e-05,3.2580298414957465e-06,0.00016297354085325727,1.558871395005183e-06
27,0.014349103790745067,2.936253385139763e-09,0.00018821384539829535,0.0006472015488341379,2.8274465385397606e-06,1.3179027801025275e-07,0.0022107444100658174,0.966356244478884,1.5962968399817486e-05,0.006902280743468381,0.00039218933512004953,0.0010385436400433005,0.005260762677990851,1.89256686342543e-05,4.107378856481913e-06,0.00029652722194935043,0.001945331452740398,2.431712273402527e-05,1.7802524737505832e-06,9.902112041746422e-05,1.3776440190429097e-06,1.5032435346520414e-05,4.007251444041465e-06,0.00022388259513187673,1.48024423311446e-06
28,0.00862441241518974,4.019006911695789e-09,8.552930577614345e-05,0.0005495932106862475,1.5548581373263046e-06,1.0361260754340764e-07,0.0011979087430294536,0.9797770524824033,1.8019908333241374e-05,0.004845447577561822,0.0003425293342570705,0.000705569985964379,0.0024485212032178826,9.808669309937013e-06,4.773485268088068e-06,0.00015491942770365976,0.0010428302324459833,1.6321196654086165e-05,1.2657764639587876e-06,5.111566397654666e-05,6.147946918718906e-07,1.7604070377546404e-05,2.338437989399779e-06,0.00010073789562983131,1.4236933175769544e-06
29,0.00862441241518974,4.019006911695789e-09,8.552930577614345e-05,0.0005495932106862475,1.5548581373263046e-06,1.0361260754340764e-07,0.0011979087430294536,0.9797770524824033,1.8019908333241374e-05,0.004845447577561822,0.0003425293342570705,0.000705569985964379,0.0024485212032178826,9.808669309937013e-06,4.773485268088068e-06,0.00015491942770365976,0.0010428302324459833,1.6321196654086165e-05,1.2657764639587876e-06,5.111566397654666e-05,6.147946918718906e-07,1.7604070377546404e-05,2.338437989399779e-06,0.00010073789562983131,1.4236933175769544e-06
30,0.00862441241518974,4.019006911695789e-09,8.552930577614345e-05,0.0005495932106862475,1.5548581373263046e-06,1.0361260754340764e-07,0.0011979087430294536,0.9797770524824033,1.8019908333241374e-05,0.004845447577561822,0.0003425293342570705,0.000705569985964379,0.0024485212032178826,9.808669309937013e-06,4.773485268088068e-06,0.00015491942770365976,0.0010428302324459833,1.6321196654086165e-05,1.2657764639587876e-06,5.111566397654666e-05,6.147946918718906e-07,1.7604070377546404e-05,2.338437989399779e-06,0.00010073789562983131,1.4236933175769544e-06
31,0.0068463355076870385,2.5058645068745087e-09,7.383948574708903e-05,0.0003434892182909586,8.634279257438277e-07,5.3765920661075705e-08,0.000735294902210056,0.9850322837451249,1.147964922800293e-05,0.0029858055915818024,0.0002152033506663527,0.0004758357414836367,0.002250488112220457,5.111910425509033e-06,2.9618798891647494e-06,0.00011801679992517847,0.0007746334161420344,1.0286591469796512e-05,9.543662143524199e-07,3.428365445185786e-05,4.0884472942707656e-07,1.203027889521836e-05,1.2012919906594715e-06,6.846482562320254e-05,6.711362923878303e-07
32,0.008692863016516025,4.4401865579265305e-09,8.552072034567873e-05,0.000543699420191367,1.543659460716535e-06,1.0989871530624276e-07,0.0011391402156770666,0.9797514812080179,1.81310857015532e-05,0.004782490111467371,0.0003325880562099212,0.0006824738041389976,0.0025169562026196935,9.575067207223182e-06,4.8731294907542735e-06,0.00016006946325384562,0.0010816873578626614,1.73951247933873e-05,1.4323704179261782e-06,5.026130619795601e-05,6.210873821803796e-07,1.858769524082711e-05,2.3406235803480523e-06,0.00010474978080883101,1.4051545159023344e-06
33,0.008420123427503137,4.639560156370404e-09,0.0001239670326152841,0.0005580381218408072,2.516574677024229e-06,6.957567405426457e-08,0.001228805915603292,0.9790559283455534,3.688613760567165e-05,0.006464640154295071,0.0011097816098622891,0.0008907737009822864,0.0011603436137372204,1.5311279839117495e-05,1.2573803986349131e-05,8.084044087579993e-05,0.000696236527601409,9.758713291734784e-06,6.261788397087633e-07,6.43791535730934e-05,8.055827178027198e-07,1.5507328933223835e-05,3.6731163470574163e-06,4.528371552353238e-05,3.1253089610576526e-06
34,0.014330227575491985,3.328361685370912e-09,9.97387708850551e-05,0.0005270447238467813,1.7776554607492264e-06,7.165123809295492e-08,0.0011482104942104165,0.9735119664061953,1.854367836045446e-05,0.004967072456900667,0.00043323256957684676,0.0005948148912976746,0.0028432893781124816,1.2173665691986855e-05,4.432200141475549e-06,0.00015325265050242112,0.001169273417260461,1.5801164467491414e-05,1.491758699649705e-06,5.283916469062773e-05,5.462057194176368e-07,1.3763475528137861e-05,2.274350465203568e-06,9.681870288210283e-05,1.3396640127750144e-06
35,0.012720130383466291,6.612950041401296e-09,0.00023303965830236741,0.0009455531294448756,4.218130626288916e-06,2.504102642368004e-07,0.0027040729529150304,0.9634009492889455,2.1023597627006857e-05,0.00983675727140376,0.0006455310033725532,0.0017408823768148762,0.0047983278197410596,3.847362509532392e-05,9.519407161462618e-06,0.000335549504777481,0.0020475456982558607,3.5803161121073226e-05,2.217752074746528e-06,0.00014009124635161105,2.330155963357167e-06,2.3354426620473337e-05,7.74611322291166e-06,0.00030319624232886025,3.4300311529193294e-06
36,0.006662823569127394,2.566105508611726e-09,5.038544840113459e-05,0.0003668740525145626,9.847803577359989e-07,6.45156526469402e-08,0.001098464248168714,0.9851192260648736,1.3237501471025357e-05,0.002588834030982395,0.00023650158194694345,0.0007885971572212698,0.0019476027429864747,7.128107273451347e-06,3.142081496743419e-06,0.00011915952311324233,0.0008713447172181897,1.307598659585542e-05,8.067419260098065e-07,3.0027210704314265e-05,3.6150907449580644e-07,1.6422298523972336e-05,1.1902402640187732e-06,6.26587293458337e-05,1.084594654529456e-06
37,0.018151542500724732,5.277656096376407e-09,0.0001395675808366167,0.0008688879153601467,2.7907525878429567e-06,1.4855459765064072e-07,0.002254315779522125,0.964096134949174,1.7555257587052756e-05,0.00581675056390317,0.0004441609536405515,0.001033001033777178,0.004523677109771711,2.6964976397100143e-05,5.493072662268271e-06,0.0002886219143782255,0.0019421543346855414,3.233770481342841e-05,2.18755053325831e-06,8.578869041495649e-05,1.1954111234346213e-06,1.9930036144194643e-05,4.653642505693356e-06,0.00023983432525085012,2.300111952068369e-06
38,0.008959093239576466,3.9330957847179154e-09,8.64961767236113e-05,0.0005597176141109882,1.5736294516719837e-06,9.052004666452496e-08,0.0011820447570315246,0.9795262430622081,1.8471781495708685e-05,0.004940265967216365,0.00035323249889174046,0.0006803894100189892,0.002316911418357755,9.656237661865457e-06,4.492458443534471e-06,0.0001373177862222237,0.0010420010433527377,1.4035666116627111e-05,1.1454635335132054e-06,5.087147943245883e-05,5.546514669976045e-07,1.739196740564267e-05,2.219390981131195e-06,9.424854587386579e-05,1.5313012838850403e-06
39,0.10842667104713721,5.891362526313384e-09,0.00017742115855369004,0.0010411223244973843,3.081059177514933e-05,7.149883969757266e-08,0.0089041723535991,0.8303850213711029,8.284733337651323e-05,0.037043251590102515,0.005764801036704954,0.0006404193690957588,0.004662019114624602,0.0002897219658803768,1.7461596632480777e-05,0.00010263886675874959,0.0019021437082796246,3.27821841560809e-05,2.6652982886138666e-06,0.0001940847259459889,3.147363266191974e-07,9.985308221692737e-06,1.1279985772351329e-05,0.0002544797713494485,2.3807171615856967e-05
40,0.014341300610185596,6.104101105951933e-09,0.00018738205059617738,0.0005586038045973259,3.877818410872781e-06,9.807405932440527e-08,0.002033815185102568,0.9704259512994556,2.157697466788924e-05,0.005131638664822627,0.0006581689015443149,0.0013372576282017466,0.003296677871107686,3.1995309996413455e-05,7.91170139727823e-06,0.000184290101376112,0.001503217785687331,1.955978495329797e-05,1.6966046564024043e-06,8.275029905203195e-05,1.0678284537321492e-06,1.9841563024889194e-05,3.5703676181362616e-06,0.0001447400236317062,3.003643299925193e-06
41,0.014620949197989357,4.607258293129403e-09,0.00018411334405058353,0.00042613106535794107,2.477398203820786e-06,2.0054178410352766e-07,0.0037669244741789674,0.9641873972908942,2.2474968605161107e-05,0.007610619926593406,0.0002746873662504863,0.0013687865988685885,0.003377245560501119,1.6537206334462785e-05,5.3691177336875144e-06,0.00020549801061658783,0.003416332899303627,1.9461477547063897e-05,1.982806160291943e-06,6.0770858134471105e-05,1.9403828068527544e-06,3.066875197031438e-05,6.094622511824029e-06,0.0003893194995392345,4.012026805756533e-06
42,0.012229094314722537,4.354461039761429e-09,9.858274713973539e-05,0.0006114957918295643,2.3963383367089284e-06,1.2109251401194917e-07,0.0017726083399381993,0.972761309996381,2.1712837984486263e-05,0.0063566243261320675,0.0004596722487770477,0.0008530333018687538,0.0030885194498357096,1.7646852000558094e-05,5.985956262585167e-06,0.00016886732083355756,0.001292176729886693,2.1631310863903453e-05,1.4637324262393668e-06,6.886128986378317e-05,7.480786629490172e-07,1.6940237463451074e-05,3.618992533431878e-06,0.00014463435404277354,2.2500052390898512e-06
43,0.00810835840759009,3.845948149325115e-09,8.443329744299841e-05,0.0005375125531457025,1.4867397671443425e-06,1.0780766961254834e-07,0.0011590806518355483,0.9802904440681368,1.7785424136626147e-05,0.004944973255557076,0.00031768043482258265,0.0006844874556531776,0.002452659876280439,8.861896367021122e-06,4.59217930685835e-06,0.00015747169073517688,0.00103896830287484,1.6146245485084752e-05,1.2649468918015027e-06,5.051783978106102e-05,6.309744507402372e-07,1.7504973746158918e-05,2.3034098630721407e-06,0.00010141174870870248,1.311973803574499e-06
44,0.00862441241518974,4.019006911695789e-09,8.552930577614345e-05,0.0005495932106862475,1.5548581373263046e-06,1.0361260754340764e-07,0.0011979087430294536,0.9797770524824033,1.8019908333241374e-05,0.004845447577561822,0.0003425293342570705,0.000705569985964379,0.0024485212032178826,9.808669309937013e-06,4.773485268088068e-06,0.00015491942770365976,0.0010428302324459833,1.6321196654086165e-05,1.2657764639587876e-06,5.111566397654666e-05,6.147946918718906e-07,1.7604070377546404e-05,2.338437989399779e-06,0.00010073789562983131,1.4236933175769544e-06
45,0.029320844562597988,1.5924828923879472e-08,0.00032505627015587515,0.0016949885844459757,8.295006169381354e-06,2.740995219299886e-07,0.0029975247191668932,0.9398133302690217,5.251002678172813e-05,0.012734879199478404,0.0016438413324921764,0.002216941364195763,0.0038769320476463175,7.508074777870924e-05,1.6090353625112625e-05,0.00027956499425592417,0.004311911304969388,4.5511194467150315e-05,2.884722323074439e-06,0.0002014334738808867,3.449932459156535e-06,4.210440090431858e-05,1.9388695790327062e-05,0.0003042475571299245,1.2899215912997875e-05
46,0.00949731532979966,3.0292642491864845e-09,8.749967186174469e-05,0.0005817446633937266,1.2166511334859068e-06,1.0093589355506619e-07,0.0012236650558214075,0.9785268564178641,1.4786503382514593e-05,0.004543557484858496,0.0002457701269983792,0.0006849556340034796,0.002795347893150607,6.491712679346795e-06,2.779485271850494e-06,0.00017185008489669368,0.00142672859679172,1.3813401354345042e-05,1.2348717244879693e-06,4.472775488018994e-05,6.277061588265134e-07,1.9910918763014708e-05,1.874144593504142e-06,0.00010603588491468599,1.1060405457575336e-06
47,0.010311796483101897,2.246808508674639e-09,7.199081074998075e-05,0.0004911353789702104,8.925504139446641e-07,7.766238101985235e-08,0.0010857058963206292,0.9789986649580945,1.12183734905622e-05,0.003719806695641517,0.00017865511493456003,0.0005563205240836089,0.003076424370718205,5.682182775165598e-06,2.1005748019200076e-06,0.00018585510003822037,0.0011306402196829654,1.2787397201821172e-05,1.3131084988852982e-06,3.436879896026377e-05,4.306823493614556e-07,1.5469157451996733e-05,1.3120134351176008e-06,0.00010666095448290546,6.887446123734667e-07
48,0.009210403331361432,6.426245331155579e-09,0.00018178269193845707,0.0014203059636214573,4.2495474876046855e-06,7.470908982827278e-08,0.0014163866800966827,0.9753750650686386,3.065813108035813e-05,0.004663889166558025,0.002813781953022722,0.0022392831574033116,0.0017212721105344818,5.398198563170402e-05,2.05695333835709e-05,0.0001763941462849692,0.00045601180896129935,2.048165750074847e-05,5.13316373560282e-07,0.00013505651060710154,1.279345592473061e-06,1.4905348968258721e-05,4.982194859467649e-06,3.5401700331804886e-05,3.2635144270370536e-06
49,0.005932847227123262,3.952530343875266e-09,8.672469504694665e-05,0.0005164666369072693,1.2097579509185515e-06,1.0772506128398091e-07,0.0010277052605091313,0.9837967555145275,1.588276701696258e-05,0.0042179635668844785,0.0002653017245873746,0.0007528958236208272,0.0021592553492487338,6.281039192486702e-06,4.021826047309793e-06,0.00015121113835323197,0.0009002237580387836,1.256074720316498e-05,1.0741953369158423e-06,4.4546859293352155e-05,6.005063367880628e-07,2.0705746760490327e-05,1.7206967946045608e-06,8.284071212245852e-05,1.0927735054896054e-06
50,0.0015396538903169805,6.865389204490201e-07,0.0004458487076452231,0.004347703549727077,3.246916925705778e-06,2.565737607065932e-06,0.00021807167891777955,0.9795226352662167,9.006931767862937e-05,0.0014396626249060084,0.0017643281584504885,0.005462850464372856,0.0006165775553902584,1.2899006749201793e-05,0.00018634818419206717,0.0011167600362455578,0.0020972789781550406,0.00022944382006793223,5.095184199637644e-06,0.00013737971871663834,9.171474597355869e-05,0.0005760228414629892,3.734576523260425e-05,5.1922399015659207e-05,3.888912913792677e-06
51,0.018843514446215934,2.1773549141099216e-09,0.00016544084963697432,0.0003911884046405413,3.473458775657308e-06,1.2776575508485395e-07,0.003183261899614398,0.9577657033363273,2.358719690369549e-05,0.010079643587472835,0.0003346773871593598,0.0008726282953605012,0.005066879527577441,1.8707318131029955e-05,3.631680088390403e-06,0.00022401945181360058,0.0025960653030191816,1.8748598091566108e-05,2.0921171938841176e-06,8.235110574054493e-05,9.753302475995714e-07,1.3510827828647945e-05,4.3803804538728875e-06,0.00030319213414924735,2.1974204480146824e-06
52,0.004788084124356288,1.6654929793469643e-09,3.0611870438801104e-05,0.00046654195222543956,6.844549846614273e-07,7.992089900922512e-08,0.0003868312009488551,0.9848447469069849,1.1671391905890312e-05,0.006009790571371748,0.0002451396934737521,0.00034711797701662833,0.0023365385470729156,3.93974989494265e-06,3.1533005598747817e-06,0.00010574468089716612,0.00031151111110078937,1.411224913178439e-05,9.210590028652554e-07,4.15870885943261e-05,1.6911555401204315e-07,7.80241369643822e-06,8.402877761528593e-07,4.200417916440232e-05,3.7448745567329727e-07
53,0.009354558253558245,3.5305426290045754e-09,0.00010588131010653027,0.0007000789023639929,2.368292535661917e-06,1.290027410408502e-07,0.0022228427669240725,0.9757935097296322,2.365585906790276e-05,0.005831219946810819,0.0005027145565630407,0.001120949346292717,0.0027044028229572343,1.5790866349832625e-05,5.9372665493608915e-06,0.00018559452355447644,0.0011891154562824213,2.0721914380941417e-05,9.306888024162629e-07,7.638430073053377e-05,9.856062673057466e-07,1.7713011871732914e-05,4.16597439574283e-06,0.00011814938822118968,2.196682498027101e-06
54,0.008857899237263175,8.18105548911155e-09,6.353595056456372e-05,0.0006234821582425845,1.655836869585618e-06,1.2668245902052535e-07,0.0013784084766929317,0.9807297454343614,2.243471686904304e-05,0.004263620509122303,0.0003893993111124375,0.0007402018863836872,0.001650077638136209,1.3358916533053286e-05,7.685519829160337e-06,0.00013313376987003815,0.0009355167299593519,1.750575061345053e-05,1.4835954530663654e-06,3.896743382828979e-05,5.11878046667424e-07,2.6618569065880828e-05,2.461776500802989e-06,9.952395364072848e-05,2.636087527159186e-06
55,0.00597683886716399,2.227717823914928e-09,5.399180135246313e-05,0.0004058101137084906,1.220728090111922e-06,9.335915462330431e-08,0.0013092182194352417,0.9840854512413817,1.5641317614450634e-05,0.003346085045452145,0.00021847002337555246,0.0009480250800669546,0.002585828352627779,8.267330640433033e-06,3.1298860259781366e-06,0.0001587511198113237,0.0007198868843225074,1.6098079482700895e-05,7.814900140739888e-07,4.572041024072706e-05,4.0581818180477345e-07,1.354697335499334e-05,1.6387016372999183e-06,8.40903269129257e-05,1.0066022336417244e-06
56,0.008206097158758075,3.721834627621437e-09,8.047515364718039e-05,0.0005338835684734513,1.4526279684073573e-06,1.0233560478975674e-07,0.001139138701282518,0.9804191862310857,1.6972054289780807e-05,0.0047004445309033185,0.0003137946084207068,0.0006736775835965249,0.002566992696354723,8.999511190235034e-06,4.350281608133001e-06,0.00015573378326532607,0.0009918334578728671,1.6225479699406744e-05,1.2452213064850966e-06,5.037854026293855e-05,5.688917998950725e-07,1.660515439711206e-05,2.146992363727255e-06,9.842750516106935e-05,1.2642088528303598e-06
57,0.0065598474643487545,3.0067346419145815e-09,0.00011692184440889072,0.00043204480796797386,1.6020930140755314e-06,1.0164005741409348e-07,0.0011961943711948093,0.9812854448377255,1.6614474516048657e-05,0.005040946048370346,0.00026221466489301557,0.000838132316335947,0.002795620656963302,7.30877051931769e-06,3.494149877688298e-06,0.00016933550275584691,0.0010837523086795636,1.1827826022689875e-05,1.1609472160470552e-06,5.659689635224118e-05,6.73899440846998e-07,1.729675661268666e-05,1.8041342080492628e-06,9.997903814701872e-05,1.081543637465885e-06
58,0.008430669643319908,3.944650114196352e-09,8.450709251288609e-05,0.0005103612770279019,1.5019247840850869e-06,1.168653835890955e-07,0.001247155547768873,0.9793733986574218,1.7311554230260014e-05,0.005085959304913866,0.0002790462106568001,0.0006913883552082225,0.002770381305615447,9.229624669317594e-06,4.3731014282437695e-06,0.00016519776096534438,0.0011113113413491287,1.7311815889854698e-05,1.3976798939645382e-06,5.1299020697873806e-05,6.358754358086197e-07,1.7534480173411563e-05,2.4546926729436642e-06,0.00012611073694613145,1.342186384441907e-06
59,0.008326355497579556,3.785450940461595e-09,9.300504059434957e-05,0.0005049550322798366,1.5185407791374046e-06,1.0921603894447253e-07,0.0012634824058266791,0.9795866685351143,1.6972314261870876e-05,0.0049422552303707784,0.00028350529239156005,0.0007115308033060532,0.002753118839734051,9.081508179688295e-06,4.226837291841611e-06,0.00016474283403226694,0.001125758061011595,1.5972879372117064e-05,1.3220448428044842e-06,5.246023550064728e-05,6.633245830114197e-07,1.7406910041830727e-05,2.379326171755464e-06,0.00012118240701917531,1.32309822524941e-06
60,0.00862441241518974,4.019006911695789e-09,8.552930577614345e-05,0.0005495932106862475,1.5548581373263046e-06,1.0361260754340764e-07,0.0011979087430294536,0.9797770524824033,1.8019908333241374e-05,0.004845447577561822,0.0003425293342570705,0.000705569985964379,0.0024485212032178826,9.808669309937013e-06,4.773485268088068e-06,0.00015491942770365976,0.0010428302324459833,1.6321196654086165e-05,1.2657764639587876e-06,5.111566397654666e-05,6.147946918718906e-07,1.7604070377546404e-05,2.338437989399779e-06,0.00010073789562983131,1.4236933175769544e-06
61,0.008753437025457934,4.0397793761610205e-09,9.618081689652687e-05,0.0005147850097616201,1.6203370195922608e-06,1.125441881242301e-07,0.001294327035040878,0.978957428918017,1.8151954987454716e-05,0.005088552382174796,0.00030986203263117656,0.0007294831487151735,0.0026809641005667694,9.755731649856344e-06,4.606490958166501e-06,0.00016577261858872794,0.0011606427985786497,1.644333153029001e-05,1.3851384092593828e-06,5.292569198736986e-05,6.948259695992137e-07,1.8132283100924995e-05,2.5221318515828705e-06,0.000120773132401106,1.436479738168678e-06
62,0.00862441241518974,4.019006911695789e-09,8.552930577614345e-05,0.0005495932106862475,1.5548581373263046e-06,1.0361260754340764e-07,0.0011979087430294536,0.9797770524824033,1.8019908333241374e-05,0.004845447577561822,0.0003425293342570705,0.000705569985964379,0.0024485212032178826,9.808669309937013e-06,4.773485268088068e-06,0.00015491942770365976,0.0010428302324459833,1.6321196654086165e-05,1.2657764639587876e-06,5.111566397654666e-05,6.147946918718906e-07,1.7604070377546404e-05,2.338437989399779e-06,0.00010073789562983131,1.4236933175769544e-06
63,0.008284073118717046,5.076096279445672e-09,8.173489981904473e-05,0.0005664914984423368,1.528156724077391e-06,1.1345972990023602e-07,0.0011160764592146617,0.9806174581745563,1.9019090912908253e-05,0.004577233030103922,0.0003455669352831625,0.0006854281231113095,0.002299552378351434,9.40964600333458e-06,5.31796492921817e-06,0.0001536942324251573,0.0010465193620098293,1.75373757241721e-05,1.3963041446047534e-06,4.8581304890554685e-05,6.274594259166987e-07,2.023922924851062e-05,2.388683119195649e-06,9.849594873753605e-05,1.5120882796046712e-06
64,0.00881036369862352,4.757460580255508e-09,0.00011220375631126108,0.0005903291844064618,1.805777608982231e-06,1.2674762772833448e-07,0.0012687697110874635,0.9785377773466872,1.947824732359853e-05,0.005110760867692298,0.00037234812494211876,0.0008445821985492645,0.0026452907886397883,1.0932053358346787e-05,5.526885589014101e-06,0.00018485579172093736,0.0012626927596400851,1.8543386810337096e-05,1.442570067856554e-06,5.966421643812087e-05,9.415177287817682e-07,2.0389038193871874e-05,2.989653786080289e-06,0.0001166095649861794,1.5713547201606675e-06
65,0.009013141114145588,1.410860046577543e-09,6.159241468509322e-05,0.00031753606631195895,1.0099672254367305e-06,4.074529584298183e-08,0.0008677718046944831,0.9815209316400765,1.208544279361553e-05,0.004284465993705794,0.00027130003488245286,0.0004231695082703865,0.0023446293467213495,5.784563502878908e-06,2.3344448179799014e-06,0.00010182857966366202,0.0006674384047534345,7.706429138825494e-06,8.791115494615195e-07,3.0601214640233105e-05,2.1270479215102612e-07,8.83951342514535e-06,8.192013575158444e-07,5.526841000140821e-05,6.119326884070506e-07
66,0.011038245806467934,1.8322744138910466e-09,0.00012552950775948925,0.0004766342721967763,2.2365935187927113e-06,8.882565793569529e-08,0.001902569095803018,0.9726182289655824,1.6276835558160162e-05,0.006761197785852499,0.0002969809361823687,0.0006681118338115987,0.004333785207632309,9.750062861397302e-06,2.4988276284029365e-06,0.0001901249540068494,0.0013227596573513114,1.2882635054571766e-05,1.2532700497858516e-06,7.277509829297301e-05,5.595090954414809e-07,1.1727593390183357e-05,1.947441891003828e-06,0.0001327893566862878,1.0440953939960627e-06
67,0.008629523438666143,4.1389114601598556e-09,8.658194030674415e-05,0.0005589102792467518,1.5675000109284693e-06,1.0669451690336954e-07,0.0012098091209904267,0.9796853374362,1.8127132242530976e-05,0.0048566437416931,0.0003438544469715238,0.0007167537541712905,0.0024635888756370326,9.952164068123144e-06,4.852886279535308e-06,0.00015736754293432204,0.0010616839252834598,1.6699663210286586e-05,1.283696576893942e-06,5.19004162483788e-05,6.35531147005825e-07,1.7970966021874963e-05,2.4098809805322925e-06,0.00010297705693371542,1.4577707510912444e-06
68,0.01176695250666381,3.988697211106556e-09,8.920620520747287e-05,0.0005913331122723933,1.8162080709503525e-06,9.185921709712257e-08,0.001246385043309913,0.9754629437310642,1.9914495382736283e-05,0.005460577764016909,0.0003939034168920186,0.0006141299488295792,0.0027604685633611267,1.1887044201340603e-05,4.547790259831482e-06,0.00015996322838104186,0.0012126259385905386,1.722553379569822e-05,1.5269203003494251e-06,5.4293426026581976e-05,5.362981382637545e-07,1.628346211122679e-05,2.493725132169535e-06,0.00010930785676930617,1.5819333081201984e-06
69,0.007812755376739776,4.1755385388824905e-09,8.193191059683269e-05,0.0005902781033101536,1.5732477737413635e-06,9.792681921518585e-08,0.0010252034315605513,0.9810663902322444,1.990305658915083e-05,0.004812043586049381,0.00044400992428512303,0.000684940300723318,0.0021962848719957804,9.149051456028317e-06,5.598551621087724e-06,0.00013406339405856596,0.0009436247856137159,1.72798772399461e-05,1.0647928201611196e-06,5.697213250181896e-05,6.344273787961487e-07,1.6965165535421732e-05,2.5365084417963734e-06,7.522028072160503e-05,1.4748883847885123e-06
70,0.004727999196246069,2.9291532899550236e-09,9.431405965975239e-05,0.0009119745929952091,1.154815657090255e-06,9.601066461038502e-08,0.0009715038446779188,0.9846530442903565,1.472006318150764e-05,0.00460135001627672,0.0003782830199154195,0.0007211902133941476,0.002050567215499581,5.4109105487317576e-06,3.3379928399322157e-06,0.000181507693702814,0.0005491090875491758,9.898420888176288e-06,7.025994391441046e-07,5.871667422354701e-05,4.502283871460743e-07,1.739247699732555e-05,1.2538666109236422e-06,4.527272301761722e-05,7.470581179099915e-07
71,0.00822141103113452,5.336617798487926e-09,9.459769359354966e-05,0.0006178913457156925,1.5506771351668117e-06,1.1617819325151307e-07,0.000991210976486726,0.980526699740115,1.8353509844860532e-05,0.004597696408552095,0.00039840155338521607,0.0007764057313858527,0.002321159289062798,1.0502729070009817e-05,6.074898735890777e-06,0.00016952637085633664,0.001052924574763769,1.9232157967986316e-05,1.4276358876518733e-06,5.409552286603843e-05,7.783084514421267e-07,2.0331149397946433e-05,2.6638303493957847e-06,9.546757366916762e-05,1.4757767619197863e-06
