,0,1,2,3,4,5,6,7,8,9,10,11,12,13,14,15,16,17,18,19,20,21,22,23,24
0,2.1288202346997058e-05,3.7065944530354286e-08,1.313042056624386e-07,3.185586774459484e-06,3.1456879180955477e-09,3.4312007664605544e-08,0.007256972809293968,0.9908366595431333,6.9343091203272096e-06,3.872467942307077e-05,1.1758087281894657e-08,1.1268169892412366e-08,1.759312424636912e-05,3.320316674141446e-09,2.899295892797317e-06,5.436492724812841e-05,3.288449539331384e-05,6.450847430476857e-08,0.0006753873984970531,2.6091682034031205e-07,4.173498153337307e-06,0.0010481541867026053,1.6591804003490287e-07,1.708748923803816e-10,5.425514515285224e-08
1,2.2256223269451706e-05,3.413987524018448e-08,1.2597028461164057e-07,3.2093419601346936e-06,3.3202974967099233e-09,2.0872915569852735e-08,0.006397250413620184,0.9917244358640632,9.695484384566963e-06,4.2065782573749094e-05,1.0169770469567725e-08,8.048845383846647e-09,1.6172729605581694e-05,3.08219087209272e-09,2.186485747665635e-06,4.657368780477446e-05,3.291675402797549e-05,5.516653147082384e-08,0.0005501298075314975,1.8856672798394845e-07,2.6170398030746695e-06,0.0011498686011059732,1.2041272903412005e-07,1.7507805048313816e-10,5.185925594022641e-08
2,2.121899249483313e-05,5.244858444078823e-08,1.5303645830558414e-07,4.511824928691835e-06,3.1424536902832454e-09,3.477959170868714e-08,0.008151203613258598,0.9896991095294938,7.153205734113578e-06,3.5024226538070294e-05,1.6244720360431542e-08,1.792845139859505e-08,3.115906277487149e-05,4.5343216131781355e-09,2.2360718660506897e-06,5.6301013109414035e-05,6.42896072677307e-05,7.757306154716354e-08,0.0005741175607899462,1.5195832208941224e-07,4.000424723968209e-06,0.001348980713019941,1.3274341909402783e-07,1.573641939035194e-10,4.9607251191117155e-08
3,2.067224152540392e-05,3.624828921733225e-08,1.3527333118939835e-07,3.4721058757258352e-06,3.2061953831041616e-09,2.367042598123601e-08,0.0069886681536559985,0.9908936772933629,8.21800644069032e-06,4.014619036923279e-05,1.1232946914508137e-08,9.721037975861896e-09,1.771676857459995e-05,3.785627593942085e-09,2.392760018252871e-06,4.203611504438405e-05,3.687658670462134e-05,6.099303782569289e-08,0.0005579390663318641,2.0133150523959287e-07,3.3756807328801186e-06,0.0013841274442585195,1.3725644003764726e-07,1.7532198937470157e-10,5.869294556342128e-08
4,2.0593591996357484e-05,3.931679084174321e-08,1.4301054011741998e-07,3.869245367495337e-06,3.437585646849491e-09,2.5520185151718023e-08,0.007073993182335116,0.9907504450722481,8.257125799532084e-06,4.07595308216735e-05,1.2919811265556982e-08,1.1616670577861341e-08,2.1346163738317096e-05,4.339171850430299e-09,2.3302101235747124e-06,4.540403193475646e-05,4.248338664818101e-05,6.880310083043964e-08,0.0005448094272538118,2.0659533732575837e-07,3.4915398338675412e-06,0.0014415011851890741,1.4201188310504046e-07,1.807119063094508e-10,5.855492166620706e-08
5,2.1611687496158784e-05,3.025226835208579e-08,1.3396757072917895e-07,3.939797230850286e-06,3.092756978293872e-09,2.1755326313954638e-08,0.00699276051220318,0.9909624771794044,8.285598375411684e-06,4.365987157761271e-05,1.1104797998498324e-08,9.488494875713177e-09,1.7013852954919227e-05,4.203235413361631e-09,2.18963143387587e-06,4.238659841373815e-05,3.7477331944858916e-05,7.530622686404105e-08,0.0005002417816935218,2.3599657111934813e-07,3.4043746139469186e-06,0.001363808594785333,1.5200905933525175e-07,2.0823807834683687e-10,6.580332604203577e-08
6,2.067224152540392e-05,3.624828921733225e-08,1.3527333118939835e-07,3.4721058757258352e-06,3.2061953831041616e-09,2.367042598123601e-08,0.0069886681536559985,0.9908936772933629,8.21800644069032e-06,4.014619036923279e-05,1.1232946914508137e-08,9.721037975861896e-09,1.771676857459995e-05,3.785627593942085e-09,2.392760018252871e-06,4.203611504438405e-05,3.687658670462134e-05,6.099303782569289e-08,0.0005579390663318641,2.0133150523959287e-07,3.3756807328801186e-06,0.0013841274442585195,1.3725644003764726e-07,1.7532198937470157e-10,5.869294556342128e-08
7,2.070767490789196e-05,3.6410411835934045e-08,1.3353654409378823e-07,3.5132903670313286e-06,3.260403232563914e-09,2.412808337738779e-08,0.007181905753846452,0.9906533605022732,8.512507637288172e-06,4.154744637312671e-05,1.126851072600726e-08,9.809549645156033e-09,1.739221374430361e-05,3.922343680567199e-09,2.4644022262986163e-06,4.312210811299169e-05,3.734467189648857e-05,6.227886905873467e-08,0.0005595092782222078,2.0734980584053088e-07,3.441362628149182e-06,0.0014264818823278005,1.4262318125637852e-07,1.801811398559692e-10,6.213755261010736e-08
8,1.955606296091242e-05,3.990559488497014e-08,1.207982333282186e-07,2.8158136889369005e-06,2.793758854643421e-09,2.4608770697911548e-08,0.006329816486870505,0.9917638552402078,5.94642301268337e-06,2.8912168558597954e-05,1.0667682333248696e-08,1.3052242964561645e-08,2.2212480934316294e-05,2.8309673489622794e-09,1.8175653169563078e-06,4.390429564205846e-05,3.9651412325217525e-05,5.782064775151603e-08,0.0006203301741626114,1.5755622034535478e-07,3.191717627645504e-06,0.0011174144383570403,1.0616938949482868e-07,1.0062605862998223e-10,3.941620042943401e-08
9,2.0814861066809242e-05,2.796186060236693e-08,1.514982450729323e-07,3.877191699820651e-06,2.9941183863350436e-09,1.966014184981405e-08,0.005387448927805205,0.9926628345341357,8.415623461348208e-06,4.3762444573163993e-05,1.100863460690754e-08,6.84523320450814e-09,1.4887656143001021e-05,3.7087434485527007e-09,2.351791185073223e-06,3.601875846454098e-05,3.234769539441555e-05,5.403734104619266e-08,0.0004906336981079643,2.1432417222477893e-07,3.172170136174746e-06,0.0012927500840087941,1.404524291267341e-07,2.3858843472747827e-10,5.18343100892639e-08
10,2.067224152540392e-05,3.624828921733225e-08,1.3527333118939835e-07,3.4721058757258352e-06,3.2061953831041616e-09,2.367042598123601e-08,0.0069886681536559985,0.9908936772933629,8.21800644069032e-06,4.014619036923279e-05,1.1232946914508137e-08,9.721037975861896e-09,1.771676857459995e-05,3.785627593942085e-09,2.392760018252871e-06,4.203611504438405e-05,3.687658670462134e-05,6.099303782569289e-08,0.0005579390663318641,2.0133150523959287e-07,3.3756807328801186e-06,0.0013841274442585195,1.3725644003764726e-07,1.7532198937470157e-10,5.869294556342128e-08
11,2.0089761807863784e-05,3.6360566051199235e-08,1.3451388718120578e-07,3.508149422889543e-06,3.1683720246093992e-09,2.3479520779931747e-08,0.006739765877503508,0.9912211201255342,7.876465587506327e-06,3.785638664252168e-05,1.1378506739223929e-08,1.0178938058987027e-08,1.88589158888181e-05,3.723915432507762e-09,2.2801218409553134e-06,4.2140141562650694e-05,3.791626731514521e-05,6.106150494697695e-08,0.0005429805869333531,1.9403659569566966e-07,3.2628350376524164e-06,0.0013216788972020975,1.3282875761153465e-07,1.6611519854215922e-10,5.4571040769173446e-08
12,3.07785995960021e-05,8.288766405734903e-08,2.528594676373803e-07,6.6336999731578144e-06,1.0543323679053267e-08,5.940327917208278e-08,0.013901543743938819,0.9828515672309835,1.4098996692757354e-05,7.261868025093071e-05,2.1431496008587972e-08,2.2776618922265007e-08,2.8484932059301468e-05,1.1714241001928504e-08,4.086147722204978e-06,7.84178728253122e-05,5.514973813328059e-05,1.5802664975327337e-07,0.000784878282483266,4.5482901713281195e-07,6.970406431907414e-06,0.002163208151321538,3.009868149942096e-07,3.536674465187762e-10,1.8770534811260286e-07
13,2.3365447256619043e-05,3.2645517522067786e-08,1.1841185686300947e-07,2.5944563848135396e-06,3.037842883958865e-09,2.0770691284614752e-08,0.007430874380867398,0.9905491779331939,9.822157303922094e-06,4.644063674633147e-05,6.16540287227289e-09,7.016162968995496e-09,1.0604036828188313e-05,3.1735389097672315e-09,2.1513256330408064e-06,3.634793293878373e-05,2.611854540294327e-05,6.18574568583485e-08,0.0005834018237879803,2.362753621276638e-07,2.8966881438923873e-06,0.0012755096183865056,1.2275326028607456e-07,1.601577375876778e-10,8.274987558153798e-08
14,2.897973834156323e-05,7.961691775001515e-08,1.9369148605198977e-07,3.357800790025855e-06,4.797649422637553e-09,5.043247587853589e-08,0.008383149937312847,0.9888479279155912,6.2849117558639915e-06,4.239559122701052e-05,2.0074998154616407e-08,2.2920775810225175e-08,3.36105499562835e-05,4.745807201658712e-09,3.0175742944447074e-06,6.861117241303347e-05,4.933482761324489e-05,8.167435123969237e-08,0.0010578348887029722,2.1494719509544877e-07,5.235093893433563e-06,0.0014694022948175233,1.3364282851287722e-07,1.5284532659626267e-10,5.100596040218009e-08
15,2.067224152540392e-05,3.624828921733225e-08,1.3527333118939835e-07,3.4721058757258352e-06,3.2061953831041616e-09,2.367042598123601e-08,0.0069886681536559985,0.9908936772933629,8.21800644069032e-06,4.014619036923279e-05,1.1232946914508137e-08,9.721037975861896e-09,1.771676857459995e-05,3.785627593942085e-09,2.392760018252871e-06,4.203611504438405e-05,3.687658670462134e-05,6.099303782569289e-08,0.0005579390663318641,2.0133150523959287e-07,3.3756807328801186e-06,0.0013841274442585195,1.3725644003764726e-07,1.7532198937470157e-10,5.869294556342128e-08
16,2.0211489109952243e-05,3.678914046240825e-08,1.4190112766204472e-07,2.898058795300087e-06,3.072010566572198e-09,2.1069643554411663e-08,0.005342945927217306,0.9929242842356282,8.377841367701748e-06,2.8092912336444285e-05,9.779496342366678e-09,7.017393288098003e-09,1.6819045339442117e-05,2.5820281349711216e-09,2.2387064927998525e-06,3.349922846316012e-05,3.184146439720731e-05,3.985453992500664e-08,0.0005341456516905257,1.482875072866989e-07,2.150580317844791e-06,0.0010519355831937185,1.0843280891823142e-07,1.5053962672672204e-10,4.033941444254659e-08
17,2.0210784392068013e-05,4.612016542931918e-08,2.3795706559942596e-07,6.440299476453613e-06,6.363371023936052e-09,7.986176559579817e-08,0.011312105565646798,0.9868591462991017,2.9525254986670073e-05,8.020346548152029e-05,2.0545315247426378e-08,1.820193508695594e-09,1.0381261161257272e-05,2.792073500984196e-09,1.5477517988718885e-05,8.570114566877019e-05,2.1533937936270516e-05,1.2635808857004196e-08,0.0006933037448304712,1.83905320788137e-07,2.4411303023655936e-06,0.0008627259879797126,1.753570276740026e-07,7.297202224966793e-10,3.5517219841209774e-08
18,2.6053117053961416e-05,4.509484735911718e-08,1.1447780283089335e-07,3.3005241625384717e-06,2.902901848013779e-09,2.5701727623427873e-08,0.009128639518530721,0.9876005981144641,1.1075490162128974e-05,5.7989846407158374e-05,1.2375678265003619e-08,1.5336437267270016e-08,1.9181608101376902e-05,6.190909691621125e-09,2.438565853159313e-06,4.549550498664953e-05,5.7934595552240185e-05,1.114290932818722e-07,0.000597021827838544,2.725682694383895e-07,4.0200272642480395e-06,0.002445326193552641,1.885664080401309e-07,2.177491760547579e-10,1.3020424576458258e-07
19,1.7040852327269126e-05,3.314992198157229e-08,1.3596785347838318e-07,3.5554292249840435e-06,3.295895997514833e-09,1.896202422495442e-08,0.006200660291751736,0.9919557536895846,6.779102420126164e-06,3.094888815013897e-05,1.0433289130651372e-08,9.737609558588485e-09,1.8868808476029714e-05,3.3881915013292678e-09,2.014538761314642e-06,3.607380685985104e-05,3.2894775866483785e-05,5.374539615015345e-08,0.00048557222019906003,1.6581019084264542e-07,2.9310227699503264e-06,0.0012063212030091826,1.0787060588296903e-07,1.3631166520859416e-10,4.2873308819883015e-08
20,1.5390581191785616e-05,2.979431873175922e-08,1.19612081382718e-07,3.308575095802451e-06,2.7048250335809497e-09,2.158458143790121e-08,0.007050413481076887,0.9907535948349468,7.360920384727769e-06,3.535923249421377e-05,1.1138839912926227e-08,7.343477336429465e-09,1.4257847072181354e-05,3.471471192850022e-09,3.212367440149329e-06,3.4356272072535346e-05,3.106138936154663e-05,4.1559637314150124e-08,0.0005125733602873756,1.8390386536359786e-07,3.5243759207101846e-06,0.001534966910327203,1.4642922298188084e-07,1.7174735489456028e-10,5.2138259918423346e-08
21,2.5649748758129173e-05,4.424324475980334e-08,1.582071973703512e-07,4.0508260657569885e-06,4.243904714403152e-09,2.7725568423420204e-08,0.0073058806992428865,0.9901492635296193,8.512569384874608e-06,5.571349345363056e-05,1.4773337460339869e-08,1.4210789441100963e-08,2.1126824037668546e-05,5.233524096951244e-09,2.4368141710079155e-06,5.39935728451253e-05,4.1923588690971355e-05,8.794260020991495e-08,0.0006796725192270833,2.5991189051797873e-07,4.79554749016913e-06,0.0016461377445123706,1.5539342989999555e-07,2.1581557390974643e-10,7.042119866256063e-08
22,2.0074713804375963e-05,6.505670881804402e-08,1.3069758819299157e-07,2.639455138265179e-06,5.234256948294578e-09,3.217425010323889e-08,0.01051765700818716,0.9874916807737907,1.2340397427747647e-05,2.9847760208694224e-05,9.392940840303577e-09,9.055003545344887e-09,1.6529438539973663e-05,3.4486615242791407e-09,3.773518864018301e-06,4.35366854400803e-05,2.702895737128497e-05,4.7777943876100694e-08,0.0005855154970710372,1.815188524755195e-07,2.4701119799045264e-06,0.0012461877291731068,1.4579112745944287e-07,1.491288509544314e-10,8.765654120992558e-08
23,2.067224152540392e-05,3.624828921733225e-08,1.3527333118939835e-07,3.4721058757258352e-06,3.2061953831041616e-09,2.367042598123601e-08,0.0069886681536559985,0.9908936772933629,8.21800644069032e-06,4.014619036923279e-05,1.1232946914508137e-08,9.721037975861896e-09,1.771676857459995e-05,3.785627593942085e-09,2.392760018252871e-06,4.203611504438405e-05,3.687658670462134e-05,6.099303782569289e-08,0.0005579390663318641,2.0133150523959287e-07,3.3756807328801186e-06,0.0013841274442585195,1.3725644003764726e-07,1.7532198937470157e-10,5.869294556342128e-08
24,1.9056999886825018e-05,3.613815581368634e-08,1.4097673057315073e-07,4.5086933187244e-06,4.195329783455896e-09,2.3641874240783882e-08,0.007019862952912562,0.9910319316350801,8.051096654670937e-06,4.018446845723522e-05,1.2621478143571766e-08,1.2066839111917403e-08,2.1995092171295524e-05,4.776870966539611e-09,2.116370017551051e-06,5.271867112847942e-05,3.992749301137654e-05,7.579496735750594e-08,0.0004807584659090162,2.0883504291726532e-07,3.239539104707779e-06,0.0012749354800194695,1.381177753121691e-07,1.743863845034183e-10,5.5702877413172146e-08
25,2.5263589098057745e-05,5.545638909327315e-08,1.6081249560767234e-07,3.710295562418396e-06,4.239653654996554e-09,3.467295133241234e-08,0.008845812745860158,0.9884401891836582,1.1838835228010366e-05,5.2792961766699246e-05,1.3195870052221867e-08,1.2439857269076768e-08,1.9275745293888488e-05,5.27901453152109e-09,3.1656235614398333e-06,4.9302897132030675e-05,4.5250885266773335e-05,7.500398454260164e-08,0.0006743548383284313,2.4873960096589165e-07,4.041703571538761e-06,0.0018241241416127418,1.7203739603996365e-07,2.3339315476279024e-10,9.444345345995599e-08
26,2.668771344192432e-05,3.639750060287932e-08,1.3721899194399943e-07,3.7865107466496293e-06,3.2143366686650634e-09,2.3198236184393983e-08,0.005685578751533544,0.9925483065592865,1.2421002650392621e-05,3.666834734270047e-05,1.1527588105161117e-08,7.1971711662646305e-09,1.5373716645774855e-05,3.1992775302821096e-09,2.427485165091922e-06,3.836358100949842e-05,3.8959541969263214e-05,5.4755613698376173e-08,0.00047513218637443717,1.9443093795232148e-07,2.599263341099364e-06,0.0011129949043007861,1.6705726852747648e-07,2.811863426778155e-10,6.195808373272309e-08
27,1.9969854933950194e-05,3.6375413313017144e-08,1.2571416723454774e-07,3.480588618902532e-06,3.2987745242266093e-09,2.3853503258172185e-08,0.007622829333298878,0.9900450850974689,1.0225451464859964e-05,4.476715858807013e-05,1.1594145039283674e-08,8.641209515427256e-09,1.5565317458530466e-05,4.079360201236949e-09,2.9905666522246454e-06,4.17200839112762e-05,3.643754279612972e-05,5.601557557395624e-08,0.0005420364974636913,2.1672111919709616e-07,3.3433158975919386e-06,0.001610834016609717,1.5784683835189792e-07,2.0973130097952403e-10,7.08249998621789e-08
28,2.067224152540392e-05,3.624828921733225e-08,1.3527333118939835e-07,3.4721058757258352e-06,3.2061953831041616e-09,2.367042598123601e-08,0.0069886681536559985,0.9908936772933629,8.21800644069032e-06,4.014619036923279e-05,1.1232946914508137e-08,9.721037975861896e-09,1.771676857459995e-05,3.785627593942085e-09,2.392760018252871e-06,4.203611504438405e-05,3.687658670462134e-05,6.099303782569289e-08,0.0005579390663318641,2.0133150523959287e-07,3.3756807328801186e-06,0.0013841274442585195,1.3725644003764726e-07,1.7532198937470157e-10,5.869294556342128e-08
29,2.067224152540392e-05,3.624828921733225e-08,1.3527333118939835e-07,3.4721058757258352e-06,3.2061953831041616e-09,2.367042598123601e-08,0.0069886681536559985,0.9908936772933629,8.21800644069032e-06,4.014619036923279e-05,1.1232946914508137e-08,9.721037975861896e-09,1.771676857459995e-05,3.785627593942085e-09,2.392760018252871e-06,4.203611504438405e-05,3.687658670462134e-05,6.099303782569289e-08,0.0005579390663318641,2.0133150523959287e-07,3.3756807328801186e-06,0.0013841274442585195,1.3725644003764726e-07,1.7532198937470157e-10,5.869294556342128e-08
30,2.067224152540392e-05,3.624828921733225e-08,1.3527333118939835e-07,3.4721058757258352e-06,3.2061953831041616e-09,2.367042598123601e-08,0.0069886681536559985,0.9908936772933629,8.21800644069032e-06,4.014619036923279e-05,1.1232946914508137e-08,9.721037975861896e-09,1.771676857459995e-05,3.785627593942085e-09,2.392760018252871e-06,4.203611504438405e-05,3.687658670462134e-05,6.099303782569289e-08,0.0005579390663318641,2.0133150523959287e-07,3.3756807328801186e-06,0.0013841274442585195,1.3725644003764726e-07,1.7532198937470157e-10,5.869294556342128e-08
31,2.2022314832115554e-05,2.363485626989074e-08,1.2446743917217144e-07,2.3587661744939554e-06,2.1844121616590464e-09,1.1962577973679773e-08,0.004113547468382332,0.9943912955858885,5.008254899345075e-06,2.4534791106883774e-05,6.6705111096935496e-09,6.9490277243197854e-09,1.4480402138791093e-05,1.9940772000977803e-09,1.189837029859434e-06,2.5521214452008572e-05,2.4692430903027344e-05,5.259329617279612e-08,0.0005006537253463923,1.4900029447565228e-07,2.2677676481600516e-06,0.0008719263741442477,8.540835070540502e-08,1.0957119121769945e-10,3.6092639750904493e-08
32,2.0965680531538196e-05,3.642986931985346e-08,1.3542529359712015e-07,3.207619494060606e-06,3.210316730331652e-09,2.3091112904321042e-08,0.006764275965128787,0.9910736441924364,7.721649513266016e-06,3.8816925532705796e-05,1.1038778636089947e-08,9.904108184040695e-09,1.7377220727147317e-05,3.63368233949786e-09,2.392578238422877e-06,4.1098783825189405e-05,3.523264389872752e-05,5.996502813579828e-08,0.0005984019571809514,2.016148386153381e-07,3.3727324282522377e-06,0.0013928166328944305,1.335089559930417e-07,1.6449357265609134e-10,5.7431691854603217e-08
33,2.7816668392493333e-05,4.235929130766177e-08,2.126450955235342e-07,4.652647894403683e-06,6.217914536478332e-09,4.032672360707198e-08,0.009465711156288123,0.9881153500671304,1.4815772295148446e-05,6.647461028014233e-05,1.340316022630297e-08,4.616289745264632e-09,9.046806312012271e-06,4.340429996211041e-09,6.696790252087357e-06,4.390103876724197e-05,2.10379138161592e-05,4.381043754998528e-08,0.0007711208279648512,3.394467338965293e-07,6.114415183581291e-06,0.0014461391611987654,2.955578896526733e-07,4.897222269658497e-10,1.189105365141259e-07
34,2.791807891429799e-05,3.9702966611203355e-08,1.390761940630058e-07,2.604104207492321e-06,3.0094176751387854e-09,1.7849829178096313e-08,0.0054695964008796205,0.9923675530949172,8.26337348816127e-06,3.543056482251023e-05,1.103185114428614e-08,8.845774993066868e-09,1.7232714262947406e-05,2.904701308219952e-09,2.0223758629215623e-06,3.3149702267407174e-05,3.339962152229427e-05,5.703102191389882e-08,0.0006468043029747212,1.6750654738636044e-07,2.7364521816992435e-06,0.0013526726898393413,1.1416369333098269e-07,1.7576721368373252e-10,5.5226094567443476e-08
35,1.6904765015238603e-05,7.412759355233648e-08,2.8368298514103235e-07,7.986782298861688e-06,8.73360869258572e-09,9.137868039771854e-08,0.015118950113116474,0.9810173227595494,1.2439627854646805e-05,7.373947404177687e-05,3.149567844388903e-08,1.5963287225149726e-08,2.753679905038267e-05,1.2795665615682157e-08,9.942304402050959e-06,8.202336278451265e-05,5.539043979801515e-05,7.009157260814263e-08,0.0007857945061869375,4.16504212773927e-07,8.950339062936833e-06,0.0027815191625079755,3.7337780244935145e-07,4.4576728949193106e-10,1.2096747671194703e-07
36,1.1898086419024159e-05,2.070162645512493e-08,4.999771040009297e-08,2.2352330605133205e-06,1.2814824270662167e-09,1.253457495102515e-08,0.00466169047860598,0.9939227197391706,6.158467875202148e-06,1.8704365942657144e-05,5.991781552001371e-09,8.893130404179895e-09,1.4953721707864666e-05,1.9046637840987004e-09,1.243520270934804e-06,3.768593170746388e-05,4.3691941037378405e-05,3.895915389002909e-08,0.00031549289326173016,8.997762425064238e-08,1.4692333237445323e-06,0.0009617108139957744,8.612113063015608e-08,6.498790373790544e-11,2.914575458621609e-08
37,2.699422880351286e-05,2.7582241894555995e-08,1.6014779967884452e-07,3.995271213246435e-06,2.7851420315695482e-09,1.8047164156255667e-08,0.005944052858823656,0.992165788981399,7.102588021084676e-06,3.989221381813448e-05,1.2280033143571296e-08,8.326667399596204e-09,1.7389726044170635e-05,3.5706228054217093e-09,1.9951086987707853e-06,3.705579571183417e-05,3.584032104830596e-05,7.50171445564593e-08,0.000530587278577068,2.0691097584187148e-07,3.128276034965235e-06,0.0011854765204557922,1.3262079840615485e-07,2.522347750632691e-10,5.32905259433951e-08
38,2.217395912418685e-05,3.7767794936425435e-08,1.4613932153478509e-07,3.678959072093925e-06,3.568915420831994e-09,1.9712709249940284e-08,0.006541819657866119,0.9911422910241893,1.030909742006202e-05,4.5221493544855354e-05,1.0929360672343338e-08,9.06074270175204e-09,1.6716563579673456e-05,4.346487782526292e-09,2.2176805251699287e-06,3.4759634081916385e-05,3.713514235655662e-05,6.470423137546228e-08,0.000509293408872789,2.0696590853922762e-07,3.1562666934444555e-06,0.0016305206794387846,1.3288850439572383e-07,2.0853850726963413e-10,7.014072002887497e-08
39,0.0003686647707097084,1.5720336775211351e-06,2.453701057707903e-06,1.721062385408157e-05,8.399196878575414e-08,1.9064429112789599e-07,0.021451384401206468,0.961030927140639,0.0002753454093808273,0.0007534921267012343,4.028856395055058e-07,6.056632815613902e-08,0.00015199501298581155,1.0397392515810976e-07,1.556347229088441e-05,0.00012995457381545145,0.0002199168420349983,4.2455418409418864e-07,0.0031582712487110984,7.642446707956459e-07,7.605390602998227e-06,0.012412847715228886,2.963577926381603e-07,1.0503341388319691e-08,4.578149614204567e-07
40,2.619524544079201e-05,7.002746614998635e-08,2.7199114906620216e-07,3.509182916928943e-06,5.9400851060067494e-09,3.655788252428989e-08,0.007735005725556357,0.9889638056225533,8.082141263958154e-06,4.605972457429352e-05,1.6059254928745465e-08,1.6524264039626002e-08,2.3939151114608676e-05,5.883429915997497e-09,3.41969552626558e-06,4.1166166386524064e-05,3.871327172157232e-05,7.341826433021069e-08,0.0009771295461918363,2.6269481277179833e-07,4.9870875180772705e-06,0.0021270157400531528,1.3891454105425656e-07,2.0799942767508657e-10,7.348003302415344e-08
41,2.342019209024065e-05,2.619808058368077e-08,1.198461758874924e-07,2.363340190009591e-06,1.8209574161442222e-09,2.0234146547507672e-08,0.010343334918990907,0.9855502259834514,4.300685134369255e-06,4.368744921272403e-05,1.3023300093766555e-08,1.6492301375392518e-08,1.6644027028724736e-05,4.972438968046627e-09,2.8896030605939216e-06,3.453605838380438e-05,4.4029681098770334e-05,1.153471195547428e-07,0.0009118204603901483,3.3143141691385204e-07,5.83436777351711e-06,0.00301597132356275,1.8594817039884299e-07,1.6766134971031472e-10,1.0642786302461684e-07
42,0.0002045232104770613,4.4477984410808713e-07,6.385987447398498e-07,7.610450728645705e-05,5.1889486301752415e-08,6.25754809866668e-07,0.10242971601502748,0.8923934434884393,0.0001567492946881041,0.00045887495609341777,2.392692036806398e-07,5.0915104396483936e-08,9.997304674408016e-05,1.5963320646581853e-07,2.2599410526522537e-05,0.0005369238676684604,0.00038849534142815,1.7533943295523952e-06,0.0005854889885502416,1.48578332378908e-06,1.5356911264317883e-05,0.002619754456219646,3.7123185887432707e-06,1.0345842175643662e-08,2.823823102893177e-06
43,2.0685444192156313e-05,3.741128686786287e-08,1.3806781566510436e-07,3.444899343466916e-06,3.144439931911618e-09,2.378681497647654e-08,0.007024788532278093,0.990909780096712,7.521442712376789e-06,3.568525889377704e-05,1.1357126418036706e-08,1.0516531934190454e-08,1.8985705043330418e-05,3.6754691684775647e-09,2.3107441677338405e-06,4.155335196274822e-05,3.81961596014614e-05,6.19625917954929e-08,0.000561307037020939,1.8634135808164933e-07,3.3100317184716556e-06,0.0013317672307320526,1.3203581654653882e-07,1.6297954276574516e-10,5.5603390766721674e-08
44,2.067224152540392e-05,3.624828921733225e-08,1.3527333118939835e-07,3.4721058757258352e-06,3.2061953831041616e-09,2.367042598123601e-08,0.0069886681536559985,0.9908936772933629,8.21800644069032e-06,4.014619036923279e-05,1.1232946914508137e-08,9.721037975861896e-09,1.771676857459995e-05,3.785627593942085e-09,2.392760018252871e-06,4.203611504438405e-05,3.687658670462134e-05,6.099303782569289e-08,0.0005579390663318641,2.0133150523959287e-07,3.3756807328801186e-06,0.0013841274442585195,1.3725644003764726e-07,1.7532198937470157e-10,5.869294556342128e-08
45,6.324514449418846e-05,1.510743789973899e-07,3.0714973237305965e-07,5.3706607906998605e-06,8.425643005108933e-09,4.773083134710031e-08,0.009579093031552884,0.9836872513795221,2.0374272575372214e-05,0.0001297440784522043,2.8602587237091585e-08,5.124302852820094e-08,4.321845185205814e-05,1.8394856309851118e-08,2.2256433843112157e-06,5.7870881524828915e-05,0.0001230435393400778,3.2695913843418555e-07,0.0010632726818576908,4.900428591148727e-07,9.482720581172778e-06,0.005213800999223914,2.6799915295926583e-07,4.590693853635842e-10,3.084335709452608e-07
46,2.0708813124377515e-05,3.6334972137934205e-08,1.356661888905579e-07,3.4693449989520103e-06,3.2241981202585237e-09,2.3667117160462706e-08,0.007015024297781315,0.9908615440680757,8.233699199485535e-06,4.030441783287855e-05,1.1237342257590083e-08,9.71037453303436e-09,1.769720508850958e-05,3.794585182715383e-09,2.4004126046181823e-06,4.20497318084379e-05,3.672416954751982e-05,6.106800758389483e-08,0.0005596488037581944,2.0191088052882443e-07,3.380951268662252e-06,0.0013881311136768114,1.3721232840942356e-07,1.756366621738596e-10,5.8969603236429296e-08
47,2.797316295553299e-05,3.8452003909710285e-08,8.651143424919802e-08,1.4240277464336128e-06,1.7715391780702597e-09,1.3114260387533494e-08,0.005094045826781029,0.9924222410842498,6.420807218981284e-06,3.0723572525632226e-05,7.109577864748363e-09,1.2293126701738626e-08,1.4683113533831984e-05,2.1276847614843073e-09,1.391357632344413e-06,2.7086005254928137e-05,3.4413040179431536e-05,6.142264400826655e-08,0.0007541427083117632,1.4594668819192685e-07,2.5180527924591164e-06,0.0015824351280462705,7.943551175270238e-08,9.019012660599998e-11,5.383811028342284e-08
48,7.751318501051648e-05,1.1892208152051968e-07,9.729876848364326e-07,2.6876975185818688e-05,7.36989694452029e-08,6.903096377839569e-08,0.031436097506937516,0.9491555675562805,6.684620923186217e-05,0.0010813262650629966,9.066748325578216e-08,2.5445601279987786e-08,2.0191338271611348e-05,1.444534372669554e-07,1.9245368944182835e-05,0.000126046491936884,5.318198695287048e-05,6.85535680941864e-07,0.0011091977833965294,3.251531075917087e-06,3.977413371467791e-05,0.016779359872212237,1.2674420412821453e-06,6.260911864204999e-09,2.069350930677081e-06
49,2.0991600554889953e-05,4.753711760554462e-08,1.8639797107699418e-07,3.6500230791173947e-06,3.7033050710161987e-09,3.100481102511174e-08,0.007208886940869946,0.9900687351183676,7.665911305499596e-06,4.275739557660812e-05,1.3585009087010702e-08,1.449252466412848e-08,2.1978920551230176e-05,5.064055476231307e-09,2.737178880837193e-06,4.0228568182189694e-05,4.429786025485665e-05,7.148765701536274e-08,0.0006939383880000528,2.469345198953696e-07,4.4386378649025274e-06,0.0018388643837494798,1.4494336986740834e-07,1.8443054370671635e-10,6.373799138901466e-08
50,4.879703572399303e-05,1.0856060429306232e-06,6.961561817542469e-06,0.00043979705598950634,2.385596585995611e-08,1.2700185964044999e-05,0.000665250160879333,0.9885199968226573,9.172206545758928e-06,4.452984345148825e-06,2.0098203411250566e-06,1.2152152071079268e-06,0.0017500974107003046,3.660162814941294e-08,6.709238600248221e-06,0.00047998835908162586,0.007371732196507657,1.4914952781110368e-07,0.0004150770021654711,1.5598031092509925e-07,5.0637025434577536e-05,0.00021050885876332075,3.439101509531611e-06,4.191149997553985e-09,2.373140789024449e-09
51,3.647231950245694e-05,3.0024566536723e-08,1.1820042464137605e-07,2.2127547470941978e-06,2.890846071327573e-09,3.521329039170669e-08,0.010970719089149752,0.9856634546874096,6.28790623840988e-06,5.204105520548582e-05,1.2378404023899519e-08,1.568422042480587e-08,1.5217825564933373e-05,4.38956190027727e-09,3.3956906374336065e-06,7.429683727471046e-05,4.0215664813768774e-05,1.4691969221576414e-07,0.0012636157372982674,5.154412910369786e-07,5.122150293450049e-06,0.0018655790129208521,3.2224722544364246e-07,2.0830403508256178e-10,1.656711169558204e-07
52,2.479640703226451e-05,3.3216055676823694e-08,1.5380763194780245e-07,4.359148870701125e-06,3.5287980767919096e-09,2.599549431537723e-08,0.007268947354055294,0.9905928905078072,9.16929038037796e-06,5.3647188194710226e-05,1.386126848599171e-08,1.0094627412844453e-08,2.0044362604934505e-05,4.555657721701324e-09,2.351027872433955e-06,5.4487931358565054e-05,4.075185033056484e-05,8.131148224281307e-08,0.0005654477761103478,2.5648099282336423e-07,3.4334846138710563e-06,0.0013588801191664291,1.49997330357738e-07,2.5102592700632007e-10,6.045123749748061e-08
53,1.4339007693322388e-05,2.501006266558666e-08,7.895200191053753e-08,3.820131798736267e-06,2.781329355149626e-09,2.3092714115115796e-08,0.012788500036594742,0.985398829261729,1.038712201059846e-05,4.082171543555272e-05,9.838616408296969e-09,6.391302261947528e-09,1.3153271072941037e-05,3.732825103971772e-09,3.608647506851179e-06,5.3618674113445756e-05,3.087103617230781e-05,5.525336935325272e-08,0.00037460049031318464,2.129021789840576e-07,2.71003802130858e-06,0.00126406154032561,1.8051350287272734e-07,1.8963770666832832e-10,8.036967178952842e-08
54,2.5824275244893106e-05,6.191947515344452e-08,1.0704219061965088e-07,2.9351098246433377e-06,3.863281861551631e-09,3.1146388232335676e-08,0.010801628805207946,0.9862060407789094,1.3533088474535236e-05,6.0358494311452854e-05,1.0732277072932364e-08,1.558091907429673e-08,1.8246881952159115e-05,5.566065141419053e-09,2.7556762407260715e-06,5.925585540088966e-05,4.972674770774279e-05,9.326994017574285e-08,0.0006598889806757349,2.3421248186280433e-07,3.5472917415190223e-06,0.002095417708800282,1.5268106848513317e-07,1.730077733392612e-10,1.2411841265015418e-07
55,3.0328902426276465e-05,6.867721719862403e-08,1.3837440551578918e-07,3.426337874792228e-06,4.543588714508429e-09,2.6937987450943462e-08,0.009896094461548459,0.9875427933354735,1.1441804029076878e-05,4.4577265674519375e-05,1.2276197692506326e-08,2.3949425821992385e-08,2.540705865847085e-05,5.022885999015841e-09,1.971054844881238e-06,5.471517740717505e-05,5.3666476218334234e-05,1.2326217591619415e-07,0.0006598237864603525,2.1559249429245775e-07,3.7854815255645604e-06,0.0016711214861757995,1.285178672772812e-07,1.669440169241381e-10,1.0005049285437892e-07
56,2.061938638103991e-05,3.7387309288079676e-08,1.3802072422091167e-07,3.564726281003386e-06,3.243831434782929e-09,2.3753217124513444e-08,0.006920009562695952,0.9909924331656228,8.110748973954668e-06,3.906140322239498e-05,1.1783194894673853e-08,1.0328173599120999e-08,1.9314052501908716e-05,3.8650932764344715e-09,2.3233979503280927e-06,4.234932210592184e-05,3.8462799419332454e-05,6.309855045682522e-08,0.00054662901284026,1.9800093801632414e-07,3.288042709674311e-06,0.0013631540916897095,1.340769311222174e-07,1.7408450752028312e-10,5.655555771992228e-08
57,2.031571268599563e-05,3.7263197388656384e-08,1.3793218712459787e-07,2.21498836074849e-06,3.0029954565644022e-09,1.7847291588830624e-08,0.005261239712494669,0.9922241972948785,5.0908280868519915e-06,2.963845729381714e-05,9.615535659836584e-09,1.4341076085991668e-08,1.8297231402078025e-05,3.0295590952853804e-09,1.8147561852075027e-06,3.361906143999732e-05,3.29964644390674e-05,5.962744194839384e-08,0.0007899182288939969,1.8356336869134853e-07,3.5868049751521505e-06,0.0015764587128116053,1.0008492033622882e-07,9.698067244971603e-11,4.534149834032588e-08
58,2.2070204151803478e-05,3.7580073721075604e-08,1.4439268761250677e-07,3.7137126725512113e-06,3.3253704150528e-09,2.4755146846008037e-08,0.007093926760810848,0.9907320631199857,8.897591216288348e-06,4.246333409013493e-05,1.2507830259546137e-08,9.792691131107531e-09,1.8258606162372233e-05,4.0197276751991986e-09,2.6073447617406063e-06,4.301143895996813e-05,3.846997293136792e-05,6.315021891401474e-08,0.0005634148356455625,2.1211516793766512e-07,3.4444380967094093e-06,0.0014269392076048512,1.462978104970899e-07,2.10926715659325e-10,6.128525814307662e-08
59,2.2403703097881466e-05,3.750308754025865e-08,1.5540716215409892e-07,3.854287801310043e-06,3.521709774186702e-09,2.481264659282513e-08,0.007016340312338824,0.9907119811090765,9.386100348183625e-06,4.539846816434063e-05,1.2885084837856126e-08,9.403206129255923e-09,1.7436802509543055e-05,4.272241077697666e-09,2.7905809493005504e-06,4.159793780678474e-05,3.784036974453465e-05,6.301295135890225e-08,0.0005742826633983737,2.2970183664382325e-07,3.6205398286105205e-06,0.0015123061994873567,1.5501227253607354e-07,2.3669985541977373e-10,6.51565500310975e-08
60,2.067224152540392e-05,3.624828921733225e-08,1.3527333118939835e-07,3.4721058757258352e-06,3.2061953831041616e-09,2.367042598123601e-08,0.0069886681536559985,0.9908936772933629,8.21800644069032e-06,4.014619036923279e-05,1.1232946914508137e-08,9.721037975861896e-09,1.771676857459995e-05,3.785627593942085e-09,2.392760018252871e-06,4.203611504438405e-05,3.687658670462134e-05,6.099303782569289e-08,0.0005579390663318641,2.0133150523959287e-07,3.3756807328801186e-06,0.0013841274442585195,1.3725644003764726e-07,1.7532198937470157e-10,5.869294556342128e-08
61,2.183514970621528e-05,3.5897190348855656e-08,1.548231221109661e-07,3.6559234578029752e-06,3.312512651452917e-09,2.362798041408471e-08,0.006542809328007295,0.9913027207307965,8.350561245941206e-06,4.162479808360809e-05,1.1987026533577642e-08,9.096428053778608e-09,1.7191695838893736e-05,3.886345589040764e-09,2.5693539140474574e-06,3.9130718276353326e-05,3.569376335382294e-05,5.949194341254412e-08,0.0005749257502707289,2.134281486997793e-07,3.50707822465124e-06,0.0014052704304733426,1.4123810938853987e-07,2.0971760497562912e-10,5.771982590744068e-08
62,2.067224152540392e-05,3.624828921733225e-08,1.3527333118939835e-07,3.4721058757258352e-06,3.2061953831041616e-09,2.367042598123601e-08,0.0069886681536559985,0.9908936772933629,8.21800644069032e-06,4.014619036923279e-05,1.1232946914508137e-08,9.721037975861896e-09,1.771676857459995e-05,3.785627593942085e-09,2.392760018252871e-06,4.203611504438405e-05,3.687658670462134e-05,6.099303782569289e-08,0.0005579390663318641,2.0133150523959287e-07,3.3756807328801186e-06,0.0013841274442585195,1.3725644003764726e-07,1.7532198937470157e-10,5.869294556342128e-08
63,2.1096631686653793e-05,3.826018263303301e-08,1.3650674627748863e-07,3.4234127779858216e-06,3.2558755910565687e-09,2.394069263088269e-08,0.007011897567952418,0.9908437122481851,8.43648445329736e-06,4.019839867719325e-05,1.1365130159081534e-08,9.892644339780774e-09,1.794644209541158e-05,3.783952945379476e-09,2.418195680405161e-06,4.163545855543484e-05,3.7210703559401864e-05,6.048703215656813e-08,0.0005662237683852597,1.9738668607661627e-07,3.371383500284438e-06,0.0014017498935018585,1.3517087891760376e-07,1.7589476163614816e-10,5.91852725773275e-08
64,2.0436083647014403e-05,3.710274213089466e-08,1.421103245225405e-07,3.57831742845758e-06,3.3703433962793937e-09,2.424718755899892e-08,0.00692613705659491,0.9909161001886327,7.958518729804886e-06,4.0985310320286525e-05,1.1732935043841237e-08,9.785997703809901e-09,1.7143193739887623e-05,3.799081059100441e-09,2.548496803581522e-06,4.020075116190288e-05,3.477035609077615e-05,5.8634397311107616e-08,0.0005802401106259598,2.0896029526798433e-07,3.995353921260138e-06,0.001405203745391256,1.4406223718143408e-07,1.8155360549020728e-10,5.8529817682633176e-08
65,3.198665907479518e-05,4.170747800767434e-08,1.0022249177212402e-07,2.620018122621492e-06,3.3798379512763582e-09,1.5266607782765743e-08,0.007558849943723117,0.9899949850200557,1.041423560288229e-05,4.9283482931794966e-05,1.013245864343825e-08,1.4289236544046372e-08,1.914549981673847e-05,3.870732703895379e-09,1.4672038549941072e-06,4.74739275438322e-05,4.1142716436503405e-05,1.1061929741144863e-07,0.0006035040724389147,2.0669590702123662e-07,2.72792266999077e-06,0.0016356912059044314,1.1309712271754407e-07,1.555088441158207e-10,8.865514447135686e-08
66,2.2157127979955255e-05,3.991616559610011e-08,1.6923903071666436e-07,4.519582968349517e-06,4.2235839763373265e-09,2.6385459830677236e-08,0.006996110154630564,0.9906085374020089,8.554104565809631e-06,5.3337004720841476e-05,1.4453533991728113e-08,1.24348341208052e-08,2.194598675473734e-05,5.174998191631669e-09,2.327358098841307e-06,5.239842254535848e-05,4.25333616623034e-05,7.707994913935733e-08,0.0006002860230515097,2.3669194506915185e-07,4.282567522486226e-06,0.0015822209933830434,1.4410164911043833e-07,2.1064117578691002e-10,5.999831629416863e-08
67,2.0702943030038176e-05,3.6428444530374236e-08,1.3591149379437632e-07,3.492146190308285e-06,3.2159710893550648e-09,2.3968065071764358e-08,0.007030093373128312,0.990840370033653,8.235111257628656e-06,4.038224129009296e-05,1.1324877636827008e-08,9.797860412342843e-09,1.7797976535727616e-05,3.8289835656514405e-09,2.4142693198546415e-06,4.2263634223063687e-05,3.71610102457561e-05,6.144933497929699e-08,0.0005597652033564269,2.0329136706258753e-07,3.4074992899851847e-06,0.001393227134519465,1.387765781552567e-07,1.7691165460831366e-10,5.9254072304119205e-08
68,1.652752719126901e-05,2.2535027166389503e-08,1.3200509083299153e-07,3.1944765641809535e-06,1.9693238354547593e-09,1.8827269989538694e-08,0.006229345430801244,0.9923027776513731,4.106667432656992e-06,2.5779156847452837e-05,7.794227595968499e-09,1.0960365990947601e-08,2.297169898573194e-05,2.8374677423985984e-09,1.1745993999411182e-06,3.561495289811459e-05,3.492058970709596e-05,8.14449469295728e-08,0.00043268319940247994,1.971867167638219e-07,2.8103315285150312e-06,0.0008874815390708972,9.901517957556835e-08,9.584580359459854e-11,3.7507335231798617e-08
69,2.2644912740321677e-05,4.735264844985947e-08,1.7896304924804667e-07,2.652087378523704e-06,2.379379989213246e-09,4.417533243443196e-08,0.007258753010759454,0.9895801498045634,3.6589592772678403e-06,3.367599623456802e-05,1.7949478687061475e-08,2.208025756578872e-08,2.7572984078057936e-05,4.571923321228539e-09,3.1980703674454687e-06,4.104415025403127e-05,5.110197307130793e-05,8.378533709376689e-08,0.0010603723109453014,3.0599328754933376e-07,6.979133806458495e-06,0.001907249495053655,1.8453434928666284e-07,1.444054712115993e-10,5.518202121020143e-08
70,1.7449458681135627e-05,3.273054264221416e-08,1.486952956980534e-07,5.761116349746297e-06,4.113651893884501e-09,3.163431458301147e-08,0.007238916605167777,0.9910954510767533,1.0446229715959773e-05,4.5228068691760635e-05,1.2337971031702796e-08,9.978456218510674e-09,2.090063912905647e-05,4.944923392625734e-09,2.382026617995061e-06,6.249875528861167e-05,4.485761004709949e-05,7.154904098606953e-08,0.00040367001191303996,2.497088725075196e-07,3.194416518984404e-06,0.0010484479978286809,1.734857869271642e-07,2.3035203215511314e-10,5.6578088997846694e-08
