,0,1,2,3,4,5,6,7,8,9,10,11,12,13,14,15,16,17,18,19,20,21,22,23,24
0,0.026742580943858802,9.193381341972373e-09,0.00024224649214471907,0.0002800009606224508,6.680490750047545e-06,2.539306091508068e-07,0.006269784778562121,0.9424947263168746,3.778734244273086e-05,0.01079610629428996,0.0005071566709842131,0.001756852686681168,0.003963167533497093,4.025211050236075e-05,1.076633835409666e-05,0.00016963531574997127,0.005907891768614453,2.755127820902832e-05,4.211605348527937e-06,6.675817197432665e-05,2.205203503368476e-06,4.313482936853607e-05,8.759825813529081e-06,0.0006103470278038801,1.113289005968526e-05
1,0.022988511081312852,4.90143542097219e-09,0.00020612637577642915,0.00025337568352300417,4.783595000748215e-06,1.8720683167847129e-07,0.004411832100036375,0.9497225881726399,3.494013221942556e-05,0.011620643640259217,0.00038819264902179777,0.0011187045724692945,0.004011792923066315,2.113923740049758e-05,6.434155872576318e-06,0.00016327975823169442,0.00449918832658148,1.9047158073071846e-05,3.525693576825498e-06,6.060991343535455e-05,1.3812613102916475e-06,2.905029010266998e-05,5.57838094951985e-06,0.0004235857151616028,5.4970757121072795e-06
2,0.023093610262459943,6.446223240774759e-09,0.0001886329539255553,0.0002567511623858399,5.367899462103536e-06,1.7711658575337685e-07,0.004451060820575279,0.9514470400522799,3.52188287641663e-05,0.010171924703321207,0.0004992002942904505,0.0013016287761999988,0.003634692111300635,3.052606636576751e-05,9.249680983759497e-06,0.00013212987265046362,0.004196234670538126,2.28747667836778e-05,3.067723418878688e-06,6.591897880190447e-05,1.5232721408737749e-06,2.903340294185952e-05,6.870788329509816e-06,0.0004093133961079434,7.945953163236364e-06
3,0.02462276122745718,6.473974755009228e-09,0.0001982921214138997,0.0002813477446057604,5.208396685246414e-06,2.0913940011451142e-07,0.005225938223831059,0.9477755236394947,3.349122254137061e-05,0.01030742912990112,0.00043400337921614,0.0013741204262361893,0.003998478746987831,2.9617782946977557e-05,8.085154770592805e-06,0.0001613744213629827,0.004904466442400103,2.4420071854368023e-05,3.4691200603102604e-06,6.285813073590242e-05,1.683695697123636e-06,3.3468711520028855e-05,7.046675397646231e-06,0.0004990301831270606,7.669738381759768e-06
4,0.025246884391149246,6.438576421157035e-09,0.00019700918498048175,0.00027894789109445586,5.241265542439455e-06,2.1389082201066852e-07,0.00517508524204088,0.9469665938395149,3.1762478547997993e-05,0.01010805685292083,0.00041515225892079936,0.0013404187957024697,0.004423147316776036,3.08208144009984e-05,7.79524779750033e-06,0.00017102064224164843,0.004927527083498048,2.6223391532241327e-05,3.7436977951452822e-06,6.490383100945412e-05,1.6537737819878499e-06,3.1805884332071904e-05,6.948639531323465e-06,0.0005317743242762498,7.262823214675599e-06
5,0.02298882466208353,7.007642542112634e-09,0.0001666188841685356,0.00033412191901176593,4.6714935769774155e-06,2.2729077669909454e-07,0.004651045050564949,0.9515321417452274,3.177233637193132e-05,0.00924793078776021,0.0004296589213652602,0.0013028163923990805,0.004025523174374636,2.769410920307542e-05,8.080201160242639e-06,0.00017041872027315197,0.004470113717427283,2.9840120714230857e-05,3.3513957561749543e-06,6.507630043836455e-05,1.6527788876411998e-06,3.3872011387700384e-05,7.1653288376164275e-06,0.00046050233506681783,6.873315524017758e-06
6,0.02462276122745718,6.473974755009228e-09,0.0001982921214138997,0.0002813477446057604,5.208396685246414e-06,2.0913940011451142e-07,0.005225938223831059,0.9477755236394947,3.349122254137061e-05,0.01030742912990112,0.00043400337921614,0.0013741204262361893,0.003998478746987831,2.9617782946977557e-05,8.085154770592805e-06,0.0001613744213629827,0.004904466442400103,2.4420071854368023e-05,3.4691200603102604e-06,6.285813073590242e-05,1.683695697123636e-06,3.3468711520028855e-05,7.046675397646231e-06,0.0004990301831270606,7.669738381759768e-06
7,0.024620333343227364,4.4551269297031185e-09,0.00019999941220342446,0.00023044766581643231,4.433661701764054e-06,1.3290551849634364e-07,0.004496369976621875,0.949947446514922,2.7024634068038326e-05,0.0104019260502575,0.0003907857873843576,0.0009676676151898079,0.004107049577673442,2.0876380579027963e-05,5.6259586083497964e-06,0.0001298557822473969,0.003956945835866997,1.5471520842532028e-05,3.0968687192397053e-06,5.379576058834253e-05,1.006201261528414e-06,2.5750311331164966e-05,4.062736243012733e-06,0.000384707188026529,5.183855974448732e-06
8,0.01610973776045253,6.381169572335874e-09,6.37225658051417e-05,0.00029993788875181033,4.290575028211528e-06,2.857953639462431e-07,0.0038640484035263748,0.9660031352691828,3.606567716303536e-05,0.005339548098984156,0.00046420850253221904,0.0009700870564529455,0.002952584165533161,1.6255780904855322e-05,7.929879979377596e-06,0.00018977149405441127,0.0033334816076294235,5.812350080381615e-05,3.6706140698502307e-06,4.473667708187525e-05,9.408234752635144e-07,3.791964440990891e-05,3.880308922750716e-06,0.00019175331442968166,3.878214292888088e-06
9,0.01742454099595615,5.1561930075257995e-09,0.00013992126573264256,0.0002683828101969113,5.567994322199262e-06,3.767311859386989e-07,0.006536973583831503,0.9568054944137998,3.439118098870127e-05,0.006125622733193513,0.00033122457871024967,0.0015925830196673557,0.004638826616711617,1.7442241678138033e-05,5.2560242102443306e-06,0.0003438804690170729,0.005244614466742312,4.4431004719730115e-05,4.798935723333359e-06,5.215991859776479e-05,1.5866873848277252e-06,4.715588746933704e-05,3.732667502577133e-06,0.0003275450651735361,3.485551291584718e-06
10,0.02462276122745718,6.473974755009228e-09,0.0001982921214138997,0.0002813477446057604,5.208396685246414e-06,2.0913940011451142e-07,0.005225938223831059,0.9477755236394947,3.349122254137061e-05,0.01030742912990112,0.00043400337921614,0.0013741204262361893,0.003998478746987831,2.9617782946977557e-05,8.085154770592805e-06,0.0001613744213629827,0.004904466442400103,2.4420071854368023e-05,3.4691200603102604e-06,6.285813073590242e-05,1.683695697123636e-06,3.3468711520028855e-05,7.046675397646231e-06,0.0004990301831270606,7.669738381759768e-06
11,0.023232077801360836,5.7991877021620894e-09,0.00018323566761376832,0.00025723400618338834,4.726992069440167e-06,2.001675172659055e-07,0.004863632231725338,0.9503239145650613,3.104869933982298e-05,0.0098046538826281,0.0003801253713892555,0.0012631595845770678,0.004207686386913116,2.6112789431544084e-05,7.158666604237764e-06,0.00015986636047895977,0.004634400052658261,2.3810198051300963e-05,3.4389695324986903e-06,5.97979704381782e-05,1.5032818352074076e-06,3.0552646265236104e-05,6.252871552746978e-06,0.0004888961225052522,6.508915080025129e-06
12,0.024028467658505533,6.2664967173566e-09,0.00019378579964049185,0.0002739388807970036,4.901123521464621e-06,2.005462327134617e-07,0.00500552917672193,0.9491956147755484,3.24777406990354e-05,0.010072506265764027,0.0004199336204712639,0.001328356596076861,0.0038994364228803983,2.7640084988421916e-05,7.821027510228906e-06,0.00015692209273561323,0.004740488648942634,2.3171984866119697e-05,3.390813098979764e-06,5.984904496258428e-05,1.6052764460667375e-06,3.3034287414530986e-05,6.593623980997981e-06,0.00047708892614714034,7.23931555087177e-06
13,0.02448223531222416,9.334743784635954e-09,0.0001967030738304037,0.0002730074223940896,6.076366879118337e-06,5.688847230047474e-07,0.010266058240199974,0.9325151176169698,3.970968281910738e-05,0.013864737809241804,0.00016391134236908258,0.001075951454312281,0.005066224042931749,1.8170385090915486e-05,4.9220858632224325e-06,0.00025044541309312673,0.010163682893451566,2.924014750774507e-05,7.699669149514748e-06,5.4507361684805944e-05,1.982388158572109e-06,6.698914672937066e-05,7.85158168326376e-06,0.0014351736932275668,9.02465072205354e-06
14,0.024632442854652277,6.44719045269565e-09,0.00019847123474905863,0.0002802279924317257,5.198221276073922e-06,2.0855942454844704e-07,0.005234215857352995,0.9477691050783108,3.3497231062493433e-05,0.010303579226505292,0.0004324296719843959,0.00137411083270135,0.0039889695663944905,2.9580428666153383e-05,8.069220876918443e-06,0.00016112833201631922,0.004908723547559479,2.429622453673826e-05,3.4596563824831883e-06,6.263574367893243e-05,1.6851562992326179e-06,3.3418336849317846e-05,7.046915586216915e-06,0.0004998212869067483,7.672376605713322e-06
15,0.02462276122745718,6.473974755009228e-09,0.0001982921214138997,0.0002813477446057604,5.208396685246414e-06,2.0913940011451142e-07,0.005225938223831059,0.9477755236394947,3.349122254137061e-05,0.01030742912990112,0.00043400337921614,0.0013741204262361893,0.003998478746987831,2.9617782946977557e-05,8.085154770592805e-06,0.0001613744213629827,0.004904466442400103,2.4420071854368023e-05,3.4691200603102604e-06,6.285813073590242e-05,1.683695697123636e-06,3.3468711520028855e-05,7.046675397646231e-06,0.0004990301831270606,7.669738381759768e-06
16,0.02486784234308269,6.0264444269609056e-09,0.000210311020827112,0.00033247613007603925,5.436165321512973e-06,2.4472336083221855e-07,0.005211249875748584,0.9473378450821044,2.7176272172570108e-05,0.008927748972279543,0.0004963843685100219,0.0018044269934957614,0.004970851786714742,3.974306353305989e-05,8.977805875936623e-06,0.00023578587046043428,0.004845775573012544,3.881558307082327e-05,3.7301435948871887e-06,7.71562672851887e-05,2.3533027163198884e-06,3.111534272387236e-05,7.781826858270865e-06,0.0005105459603377827,6.2195003926783904e-06
17,0.01369423819770581,1.033611563706746e-08,0.00018923364456090101,0.00017204876914409287,3.0268024777640453e-06,4.765141844989883e-07,0.0016394447325939325,0.9540573677234194,3.652374551617755e-05,0.020184215348968294,0.0002934384388007802,0.0005555929273691584,0.003976903910548553,1.0511802814573319e-05,1.4185593495910058e-05,0.00020003263820877855,0.0041579142965505606,3.814278092719829e-05,1.1577435703807033e-05,5.763164566544681e-05,2.020382305653539e-06,3.294988594562186e-05,8.234477807645362e-06,0.0006607900232567746,3.487945912845814e-06
18,0.0252149068435117,6.718663623306141e-09,0.00019983565336795662,0.0002806589909641696,5.386636809421443e-06,2.127610956484552e-07,0.005352892974545721,0.9467740108261775,3.439547357965942e-05,0.010360878091816867,0.00043967053025915475,0.0013759958694425762,0.003998353648576191,3.0373095108195894e-05,8.24446434941966e-06,0.0001611488113938803,0.005107828587286225,2.4994310639120985e-05,3.5742819066731253e-06,6.326900855244064e-05,1.7142758365149072e-06,3.431421552443671e-05,7.2671278486546375e-06,0.0005119921653312041,8.074637412983563e-06
19,0.017314518151738265,4.349205050977477e-09,0.00020389474013538704,0.00022695153029406748,4.245437137788624e-06,2.0116173838258275e-07,0.005697373288735149,0.9552433976267706,3.0336783973551312e-05,0.011071157943914518,0.00029191999103370564,0.0013292040100454248,0.003721935522426512,1.672938883134724e-05,5.268836891975616e-06,0.00014928333213331846,0.004135377400047489,1.4293742419029049e-05,2.6188473695171073e-06,5.114282255279689e-05,1.332938019379031e-06,3.3941151316333994e-05,4.5083812073373936e-06,0.000444876602917951,5.486019145114401e-06
20,0.014504574525342885,9.019671937551265e-09,0.00014387661042666777,0.0002681001899028009,3.1120590609959053e-06,2.0862968919805146e-07,0.002940264750562071,0.9670682901672639,2.7894935023388228e-05,0.006919578950508593,0.0003749529800303346,0.0013631443398332396,0.0026178292917510126,1.8240354305172943e-05,9.993500809375252e-06,0.000130555606843645,0.00318170227016567,2.2718792556750346e-05,2.8176129281087525e-06,4.3375784703621896e-05,1.5899435916399277e-06,4.2293498665340415e-05,5.048819957259974e-06,0.0003041751443701931,5.652222036399274e-06
21,0.02816750251104458,6.47235462289764e-09,0.0001941954870474497,0.0003998884259601691,5.140543204986503e-06,1.826407370979769e-07,0.004203041778208247,0.947145749200987,3.090901580740847e-05,0.008912180021358924,0.000666968640442301,0.0016619162708090894,0.004111960301560682,4.2224865486491605e-05,9.78152423184111e-06,0.00018743092956147433,0.0037548133988994886,3.0586287315502175e-05,3.0507062068642537e-06,7.51100807658334e-05,1.7159233508635803e-06,2.8863928652402835e-05,7.177421641500483e-06,0.00035265071946149297,6.9529049036044415e-06
22,0.02090399606438125,8.164568969762395e-09,0.00014954897291103765,0.00013142098576905478,5.254338059054001e-06,2.6540803593490183e-07,0.007713763715907224,0.9521967399188048,3.549810490262552e-05,0.008734360047240501,0.00018026692277224577,0.0013098124982580774,0.003667119535047889,4.310302652661985e-05,9.485445332000166e-06,0.00014752170647142795,0.003514896399819706,1.8702217569013317e-05,4.578528136925774e-06,4.2018750179027035e-05,1.1840191913915425e-06,2.688248048636009e-05,7.308389871697785e-06,0.001146091563003925,1.0172796753102029e-05
23,0.02462276122745718,6.473974755009228e-09,0.0001982921214138997,0.0002813477446057604,5.208396685246414e-06,2.0913940011451142e-07,0.005225938223831059,0.9477755236394947,3.349122254137061e-05,0.01030742912990112,0.00043400337921614,0.0013741204262361893,0.003998478746987831,2.9617782946977557e-05,8.085154770592805e-06,0.0001613744213629827,0.004904466442400103,2.4420071854368023e-05,3.4691200603102604e-06,6.285813073590242e-05,1.683695697123636e-06,3.3468711520028855e-05,7.046675397646231e-06,0.0004990301831270606,7.669738381759768e-06
24,0.024950609720874997,7.934773413058949e-09,0.00018871161749027822,0.0004137160302588371,5.862268015546921e-06,2.262985803134864e-07,0.004983415618925374,0.9478174003158614,3.199927188315295e-05,0.00976633956840045,0.0005329486290587004,0.0015021018092661153,0.004420697586936215,3.494693538102565e-05,8.22305351810275e-06,0.0001867516677289611,0.004551250513915878,3.1084328518597914e-05,3.5081646416452965e-06,7.627324823720646e-05,1.581988321910784e-06,3.737336512312784e-05,6.836338617921048e-06,0.0004403900139821383,7.743711688516423e-06
25,0.024249237217485457,4.382745430882484e-06,0.0013957310662508495,0.0002450784257229576,4.046212318700814e-05,0.0004644498872256307,0.01935563572980975,0.32968972303591393,0.0005627233591314427,0.05433891209849835,1.7653830380704053e-05,0.0026679277378467117,0.0029908532279643457,4.017360760401325e-05,9.169989150221411e-05,0.0041949006633937086,0.28849334002959387,0.00039881617134268437,0.0035588471078414207,3.628262660813838e-05,0.0004534690654048535,0.005287616633509631,0.0007981487523043444,0.260371767791105,0.0002521671749419922
26,0.030469256555692863,6.266133816008268e-09,0.0001834919534845786,0.0002238613694238157,5.411765742985734e-06,2.5415824572825186e-07,0.0063896358837435855,0.9365914180203304,4.3168294516831466e-05,0.01149718659537488,0.0002978088034897704,0.0009965356904493984,0.004625755164696954,2.4088437326267878e-05,6.62314841383795e-06,0.00016796440470317458,0.007511207645413527,2.8961760970638173e-05,4.699036066077727e-06,5.9455410161877714e-05,1.854245222643654e-06,3.320348771052638e-05,9.966933506328874e-06,0.0008198331051380125,8.35186404147668e-06
27,0.03838983725468928,4.276296582768644e-09,0.00042052314747434677,0.0003088592049618923,8.85894257403291e-06,2.5168426565616556e-07,0.009159482161494406,0.9167416900341381,2.699372063543129e-05,0.014005536880843886,0.000474830760955703,0.0020759300232367638,0.008415727774843304,5.693186426116487e-05,6.88654660661198e-06,0.0002938358882701676,0.008335625425789766,3.4996208645853214e-05,4.3593014581333026e-06,0.00011923506713392604,3.8055781353461832e-06,2.5841469839716614e-05,1.16294812918091e-05,0.0010709627626971964,7.364539460895846e-06
28,0.02462276122745718,6.473974755009228e-09,0.0001982921214138997,0.0002813477446057604,5.208396685246414e-06,2.0913940011451142e-07,0.005225938223831059,0.9477755236394947,3.349122254137061e-05,0.01030742912990112,0.00043400337921614,0.0013741204262361893,0.003998478746987831,2.9617782946977557e-05,8.085154770592805e-06,0.0001613744213629827,0.004904466442400103,2.4420071854368023e-05,3.4691200603102604e-06,6.285813073590242e-05,1.683695697123636e-06,3.3468711520028855e-05,7.046675397646231e-06,0.0004990301831270606,7.669738381759768e-06
29,0.02462276122745718,6.473974755009228e-09,0.0001982921214138997,0.0002813477446057604,5.208396685246414e-06,2.0913940011451142e-07,0.005225938223831059,0.9477755236394947,3.349122254137061e-05,0.01030742912990112,0.00043400337921614,0.0013741204262361893,0.003998478746987831,2.9617782946977557e-05,8.085154770592805e-06,0.0001613744213629827,0.004904466442400103,2.4420071854368023e-05,3.4691200603102604e-06,6.285813073590242e-05,1.683695697123636e-06,3.3468711520028855e-05,7.046675397646231e-06,0.0004990301831270606,7.669738381759768e-06
30,0.02462276122745718,6.473974755009228e-09,0.0001982921214138997,0.0002813477446057604,5.208396685246414e-06,2.0913940011451142e-07,0.005225938223831059,0.9477755236394947,3.349122254137061e-05,0.01030742912990112,0.00043400337921614,0.0013741204262361893,0.003998478746987831,2.9617782946977557e-05,8.085154770592805e-06,0.0001613744213629827,0.004904466442400103,2.4420071854368023e-05,3.4691200603102604e-06,6.285813073590242e-05,1.683695697123636e-06,3.3468711520028855e-05,7.046675397646231e-06,0.0004990301831270606,7.669738381759768e-06
31,0.01993576973989072,3.932970132831248e-09,0.0001708642818379381,0.00017524131742353686,2.812726101555973e-06,1.063036687571034e-07,0.0032032683546151723,0.9610591097909391,2.0863497201293598e-05,0.0063287971612433274,0.00026764910309149423,0.000915458851087745,0.00370613203899046,1.5334869688138423e-05,4.931797277235895e-06,0.0001236165945600811,0.0036381208810243384,1.5193777467126069e-05,2.6303868344006853e-06,4.141982127702137e-05,1.1084310606793889e-06,2.256376832486256e-05,3.543697333384493e-06,0.0003419342684452502,3.524607646164632e-06
32,0.025038530375879203,7.122151583685058e-09,0.0001963299551832621,0.0002797386204883649,5.123715097350748e-06,2.2073837048333327e-07,0.004989270946667502,0.9474219920034687,3.3536266045265806e-05,0.010196057004350964,0.0004191357733804224,0.0013312640475820745,0.004120780537133102,2.889749580803198e-05,8.163459788648623e-06,0.00016555369707462836,0.0051020180397719364,2.5858747073379036e-05,3.916838943166686e-06,6.144530289932661e-05,1.675804201884722e-06,3.546677183283864e-05,7.0080811200758315e-06,0.0005203946247739971,7.614030913697181e-06
33,0.023602612391044667,6.919996899247598e-09,0.00030137076662834584,0.00027677319976614646,8.40787538874414e-06,1.4086973657958805e-07,0.0054730056322924905,0.9473465795110378,6.571065876446711e-05,0.013895745900811123,0.0013966751123412938,0.0019184546124819683,0.0019034039635356676,4.883623631112359e-05,2.167592293862927e-05,8.563568235097511e-05,0.0032689123652633882,1.4394049307132875e-05,1.614386737945777e-06,8.101425239400245e-05,2.438043715349584e-06,2.8441025346260604e-05,1.1355076068001848e-05,0.00023007587019658276,1.6719675544116947e-05
34,0.04121969326327458,5.21396098441088e-09,0.00022453713242667135,0.0002653107503991425,5.735503904587554e-06,1.3816873058291685e-07,0.0048778978706398276,0.9306474649976745,3.3334331752217484e-05,0.010329322608584088,0.0005371453480142595,0.0011079033061680906,0.004600411921950388,3.601631758964643e-05,7.2870716927601124e-06,0.0001556744093156357,0.005351466449260687,2.303634958639075e-05,4.05444954388727e-06,6.293351839499494e-05,1.4216434752400999e-06,2.529733045321321e-05,6.581905337275866e-06,0.00047036192781618204,6.968210054199811e-06
35,0.033487434596642045,1.0138298541453381e-08,0.0005305022395182932,0.000458064138933411,1.3492819577641087e-05,4.955644145552619e-07,0.011307372108270765,0.9108039627963597,3.5948694268048144e-05,0.020164647551691197,0.0007965119975080435,0.0035965872453023787,0.007639931298624137,0.00011736868282796514,1.6494088164276127e-05,0.0003340353429399288,0.008909096068847322,5.244092016013673e-05,5.484407523407342e-06,0.00017064731284034793,6.673285638571215e-06,4.1973905584512834e-05,2.3127179264153513e-05,0.0014699525311336334,1.774508566705385e-05
36,0.01712109975947532,4.499245288840445e-09,0.00013327199069991676,0.00017181323282360633,3.474715365214303e-06,1.3232289836458563e-07,0.0042612408181153544,0.9637118051118295,2.4548933071971385e-05,0.005222330778498495,0.00031369693453296466,0.0015036726938356905,0.003050951348529708,2.1130733131061263e-05,6.124027342511079e-06,0.00013010968710476878,0.00392547346341603,2.0367707828835082e-05,2.309876893980943e-06,3.7902140836217164e-05,1.173216355847463e-06,3.0465769267593802e-05,3.6763785081428233e-06,0.0002978958622839674,5.327998109800177e-06
37,0.04841455247600075,8.35472944521398e-09,0.00032994186771850826,0.0004157452328749712,9.367584035512354e-06,2.9332379315964044e-07,0.009194316581150854,0.9099609877475646,3.170671700625513e-05,0.011710850670805902,0.0005573466782274615,0.0019046656038229199,0.00713153767671642,7.957735630978356e-05,9.58172196460163e-06,0.0003034679025246191,0.008584270966290759,4.87206838472738e-05,5.924023123711491e-06,0.00010479157643425934,3.4190408624835576e-06,3.5183190864886936e-05,1.3885275503085724e-05,0.0011385237098505265,1.1334037977288698e-05
38,0.02512457851739587,6.4995383700428406e-09,0.00020627438466821522,0.00028318126620205294,5.375685690765241e-06,1.84368222641667e-07,0.005071319695021913,0.9476817626152007,3.4694721704108886e-05,0.010415385021830998,0.00045324618643837594,0.0013056108000836307,0.003750254835885826,2.8990971467532068e-05,7.818982011695904e-06,0.00014553590008014125,0.004885327452679172,2.1275042229329878e-05,3.2033258422094046e-06,6.294403572645971e-05,1.5671129439210755e-06,3.31062118033973e-05,6.7465835017214435e-06,0.00046348194085535924,8.127842975463715e-06
39,0.23837690872556103,7.575126460247502e-09,0.00032685551685928413,0.0004181144281969872,8.671194259241241e-05,1.1401943682118422e-07,0.026951554179056467,0.6525876509690637,0.00012840160661491107,0.05934870551527551,0.006297935997036753,0.0008347833343776569,0.0060041887943850705,0.0006655500114374394,2.5248230605833802e-05,9.612927184990126e-05,0.006589053330120046,4.463452347591325e-05,6.441997171761775e-06,0.00019565596429584533,6.878509963573108e-07,1.349606656158475e-05,2.6435222830318952e-05,0.0008908438321475639,8.389109492460838e-05
40,0.04072257247378696,9.508827079035075e-09,0.0004484418059417951,0.00028200567006810034,1.2874273054352003e-05,2.0068700406209531e-07,0.009082730256345758,0.9210941499579078,3.93026939864661e-05,0.010932568304133956,0.0008074890255773132,0.002721285458184541,0.005296588823578194,9.722932054805284e-05,1.3151888568906058e-05,0.00019649327469371366,0.007315627398858483,2.8525575505947875e-05,4.62332522854252e-06,9.991254433529831e-05,3.110644920572426e-06,3.838875092924232e-05,1.0846223156806914e-05,0.0007356176868477065,1.6254428010170993e-05
41,0.026754233265121687,6.883223084394987e-09,0.00023427305444466724,0.000266331498304327,5.744600065847223e-06,2.375386539301007e-07,0.006324110930565007,0.9420688223082339,3.511498326344018e-05,0.01106991219932285,0.00042053456615771025,0.0015213802598249453,0.004189879708699632,3.2177672757543664e-05,8.436205617849473e-06,0.00017228865150686066,0.006110673944734153,2.5384764988400455e-05,3.878140715670604e-06,6.457698049609839e-05,2.1222924568675648e-06,3.7602903868287525e-05,8.400846586388224e-06,0.0006347003878382282,9.175412552892037e-06
42,0.018138493965422095,6.172423191528866e-09,0.00017543414624549296,0.0002599636574545858,3.5009090009515215e-06,1.8298981689216328e-07,0.003686683355808061,0.9600692709920451,2.845265784657194e-05,0.008114110577009387,0.00033245204774238216,0.0011689630438356535,0.003243987934613057,1.7233644277791273e-05,6.551128826792363e-06,0.00014952902933596383,0.004126482964569865,1.8784923917920216e-05,3.0917079725229006e-06,4.758819199992657e-05,1.4015461163154593e-06,3.6022588971505195e-05,4.714632394395509e-06,0.00036193572091592203,5.1614714376055744e-06
43,0.023285037382933065,6.1076330909584896e-09,0.0001934513298090015,0.0002762770036530752,4.9448860506875645e-06,2.1695588847190902e-07,0.005093238065825625,0.9490537331492263,3.2935873034679654e-05,0.010569048273782659,0.0004004414334675046,0.0013426339173768667,0.004023419703765417,2.683922733760618e-05,7.696037644781808e-06,0.00016296484070815634,0.004884834910727094,2.4054434066394953e-05,3.428036138589963e-06,6.212720542508747e-05,1.7095156893448396e-06,3.314403670392757e-05,6.927642832983286e-06,0.0005037913294158085,7.098700864074403e-06
44,0.02462276122745718,6.473974755009228e-09,0.0001982921214138997,0.0002813477446057604,5.208396685246414e-06,2.0913940011451142e-07,0.005225938223831059,0.9477755236394947,3.349122254137061e-05,0.01030742912990112,0.00043400337921614,0.0013741204262361893,0.003998478746987831,2.9617782946977557e-05,8.085154770592805e-06,0.0001613744213629827,0.004904466442400103,2.4420071854368023e-05,3.4691200603102604e-06,6.285813073590242e-05,1.683695697123636e-06,3.3468711520028855e-05,7.046675397646231e-06,0.0004990301831270606,7.669738381759768e-06
45,0.07862426058627725,2.63520736928381e-08,0.0007531134199519444,0.0008197892101002495,2.7121578055255962e-05,5.316973509400115e-07,0.012072044596356177,0.8482963516574921,9.393833352288529e-05,0.025312186410039093,0.0020207199632659737,0.003982164090480424,0.005856025649054105,0.0002129816101034172,2.6777652158469857e-05,0.0002812444638017931,0.01967842197217783,6.511034498177049e-05,7.954538245658349e-06,0.00023297565805837985,9.327943201403293e-06,7.925315652880077e-05,5.612273834954039e-05,0.0014249530818272022,6.660329654562466e-05
46,0.026066552930660736,5.2429173228401015e-09,0.00021774909024675117,0.00029027065594430833,4.246021303118058e-06,2.0859799528579538e-07,0.005116763891546974,0.9451932525175166,2.807042497397014e-05,0.009427998071714625,0.00031916190983991173,0.0012809335686666693,0.004468641181112847,1.9133502576239978e-05,4.992579778987626e-06,0.00018727237617082132,0.006725087428427997,2.127544732280743e-05,3.6009271817709655e-06,5.5287429150554646e-05,1.849438757672208e-06,3.852657565813485e-05,5.727558255378631e-06,0.0005176511259921404,5.741506288491268e-06
47,0.02896127688122484,4.13015025066516e-09,0.00018180051418270485,0.00024698366714990486,3.074687556411223e-06,1.559945673495281e-07,0.004354838728711489,0.946141504866991,2.104520230262699e-05,0.007706942942053699,0.00023435042378960007,0.0009954658439500727,0.0048871125734346104,1.628719737949531e-05,3.7621038361973573e-06,0.0001971068673550779,0.005427757035040631,1.9286888121999484e-05,4.027211917431709e-06,4.1500198700454696e-05,1.2202791654110186e-06,3.113237524329971e-05,3.8641938972571935e-06,0.0005158926944475826,3.6064988306707983e-06
48,0.02628476124292242,9.663766211814994e-09,0.0004298336579820581,0.0007273881014525876,1.429623945270494e-05,1.5008239196469275e-07,0.006201210914550503,0.9420924951438548,5.603083406563839e-05,0.010219308417060369,0.0036019095438341664,0.0045706024036641195,0.002817169725725582,0.00016882349891040707,3.489795254018631e-05,0.00018287202076843858,0.0021546120044362463,3.0405196770243882e-05,1.3390956948027135e-06,0.00017213548753189145,3.7034687052803582e-06,2.7266834763912487e-05,1.5376738225080095e-05,0.00017577405084799933,1.762768008208728e-05
49,0.017139965696760764,6.441624423090177e-09,0.00020178497440216263,0.00026805445265903297,4.040517104651013e-06,2.186746222168503e-07,0.004530806450649553,0.9583798847205369,2.960187231722773e-05,0.009051900952395721,0.00033642706777143726,0.0014871583512329584,0.0035489374342466133,1.8981593366513313e-05,6.788696865426786e-06,0.00015764692971466975,0.004294107675540953,1.8714704488078355e-05,2.9653828877331077e-06,5.468904421486063e-05,1.6386661494849287e-06,4.029908041808263e-05,5.174764397408863e-06,0.00041422368477746636,5.982170855514111e-06
50,0.003836815775925071,1.2365391245709961e-06,0.0012143258798389398,0.0021113036364579403,1.0230022432584868e-05,5.550569797419232e-06,0.000790054648246125,0.9587919377136908,0.000166690946384759,0.003483608399702126,0.002373293829283621,0.012402152227358732,0.0010119570978157446,3.518978011662349e-05,0.0003569955123209054,0.001054006399739905,0.009923031040334991,0.00031832205441050513,1.3613556756792626e-05,0.0001768774236653796,0.0002980154314458059,0.0012289465345428064,0.0001193658176701525,0.0002542005802803048,2.227858265740981e-05
51,0.03968454807011354,4.287951829169911e-09,0.00031062213561418783,0.00021584878595447878,8.93142001865892e-06,2.381964818184455e-07,0.009644460939034441,0.9153390868358848,3.9692784749023405e-05,0.016303146306439524,0.0004245175437491531,0.0015278261347086949,0.0063191117325043615,4.451903605160659e-05,6.816874595222867e-06,0.00020643280595383835,0.008745991177474932,2.675604579482606e-05,4.8279441255315e-06,8.573711940335539e-05,2.3336089129768273e-06,2.7169785319015774e-05,1.0636063304012322e-05,0.0010109366511434714,9.807714716892484e-06
52,0.01357909246719122,2.4771277020296293e-09,6.902550812751134e-05,0.00023696341608768845,2.2083813613938177e-06,1.6091407013057553e-07,0.0016812904768991398,0.9647836734805082,2.069801330622247e-05,0.01291119848262251,0.00030361637246107526,0.0006705507615914132,0.003913709416246606,1.202771194469075e-05,5.358239540664861e-06,0.00011233985505650192,0.0013927852273003648,2.16832432350859e-05,2.4534500076959827e-06,5.148730322971854e-05,4.7040471574891893e-07,1.3761462888533284e-05,2.525637714095925e-06,0.0002110399351847233,1.877361581021595e-06
53,0.02505622747019443,5.820694318477589e-09,0.000251701328304351,0.0003499004676427014,8.320310317226015e-06,2.6924946219373926e-07,0.009486196976557193,0.9390233885977401,4.4507764991977146e-05,0.012208558858031824,0.0006591044840083636,0.002143201406807168,0.004392579371252518,4.828707288121246e-05,1.0819218654584184e-05,0.00019886476264525244,0.005347637066724836,3.308341759268135e-05,2.536173268743607e-06,9.807227849670437e-05,2.9105253177609458e-06,3.227660998745671e-05,1.3186360401501022e-05,0.0005769736812670827,1.1390726757854317e-05
54,0.024984077545205156,1.4946254144192833e-08,0.00015856298091207957,0.00031618726332664765,5.710431602203615e-06,2.5934488911248115e-07,0.0057355753613956804,0.9501424817131349,4.2532974349714564e-05,0.00881841837891308,0.0005078457492653457,0.0013529717383601214,0.0026196618322772377,3.910608168351771e-05,1.3862283071042613e-05,0.00014419573981593829,0.004475064083091335,2.6662717218629976e-05,4.526787576028103e-06,4.6748942113607464e-05,1.461678748948839e-06,5.381173841388421e-05,7.36420697750826e-06,0.0004889201913806046,1.3975290023771064e-05
55,0.015669564168668392,3.7068811755166792e-09,0.00013571164734931548,0.00019302414320263652,4.25593160317644e-06,1.8765427246710582e-07,0.005169217145235586,0.9617935022632151,2.8907278918857347e-05,0.006874886727814403,0.00028777323720404353,0.0018054188217419274,0.004115567000851365,2.4639042290436434e-05,5.8407509422297435e-06,0.0001676783942113683,0.0032064837118378673,2.4765806152270048e-05,2.1510583067907724e-06,5.8344961252214846e-05,1.2341055164862686e-06,2.4410735857888287e-05,4.982926374159362e-06,0.00039644461143535555,5.0041688645519445e-06
56,0.023348942066180326,6.018322577451157e-09,0.00018760960621477305,0.00027247087448794546,4.881847171511095e-06,2.0681579617267856e-07,0.004946261096002535,0.9498635917895298,3.1581765266497396e-05,0.009975433439008771,0.0003984984565033987,0.0013050849992884289,0.004192726756295141,2.7133713615349537e-05,7.413077714456209e-06,0.00016305033016001026,0.00465210159288937,2.4382841911509622e-05,3.4306087148803144e-06,6.20660964258169e-05,1.5671277205809375e-06,3.148074352543312e-05,6.474419534505911e-06,0.0004868413193777162,6.762598342634941e-06
57,0.018579980988747403,4.77492973225182e-09,0.0002724928098461476,0.00021918555371948465,5.2905856993023955e-06,2.040476677524007e-07,0.0052091355802136195,0.9524795067172347,3.0367533700067988e-05,0.010712244213877268,0.0003288923682424098,0.0016856684588756746,0.004563860991827902,2.2090398404309645e-05,5.897578827041341e-06,0.0001748579584394509,0.00507869768510909,1.7368924684807593e-05,3.1135676670281052e-06,6.929688863614702e-05,1.8639539340276468e-06,3.296862099965645e-05,5.384951207078638e-06,0.0004958028341174657,5.822013392435643e-06
58,0.023969903673775467,6.393927926858749e-09,0.00019701907889842026,0.0002599618074380473,5.038754319292057e-06,2.360556319961436e-07,0.005405943894940645,0.9469542785810231,3.216051431733192e-05,0.010777888906352309,0.00035328336461540907,0.0013349960083054299,0.004517830979017763,2.7747656679754713e-05,7.440603779069075e-06,0.0001728058051141383,0.005216494501680346,2.597209827992494e-05,3.861084511756771e-06,6.299193439307151e-05,1.7496787695195902e-06,3.329675878305998e-05,7.391799929412514e-06,0.0006245257023114794,7.174363205051605e-06
59,0.023773098974839257,6.082754343486255e-09,0.0002152903826235004,0.00025668850243283354,5.045828734133715e-06,2.1811945859475836e-07,0.005454523336925055,0.9474263104444087,3.127368863418583e-05,0.010433510881134804,0.000357295707327938,0.0013612257329437506,0.0044938485451174615,2.7220824425200156e-05,7.142509864345466e-06,0.00017146198756173305,0.005247379287695498,2.3833896759873492e-05,3.641654034151156e-06,6.405115576190668e-05,1.8020086890934637e-06,3.2741862348538616e-05,7.096009792181187e-06,0.0005982812311247441,7.011344607932125e-06
60,0.02462276122745718,6.473974755009228e-09,0.0001982921214138997,0.0002813477446057604,5.208396685246414e-06,2.0913940011451142e-07,0.005225938223831059,0.9477755236394947,3.349122254137061e-05,0.01030742912990112,0.00043400337921614,0.0013741204262361893,0.003998478746987831,2.9617782946977557e-05,8.085154770592805e-06,0.0001613744213629827,0.004904466442400103,2.4420071854368023e-05,3.4691200603102604e-06,6.285813073590242e-05,1.683695697123636e-06,3.3468711520028855e-05,7.046675397646231e-06,0.0004990301831270606,7.669738381759768e-06
61,0.025062880485867724,6.437461153679625e-09,0.00022101542463978338,0.0002633848742913669,5.3878886452780774e-06,2.260167386835553e-07,0.005660304991269644,0.9453267428171862,3.355117555961418e-05,0.010828918835802545,0.0003899743913623463,0.0014217961207283112,0.004384971486852877,2.9441893732513426e-05,7.726170162295194e-06,0.0001716028893614164,0.005448434762494123,2.446600526529458e-05,3.7679910990104276e-06,6.488208754661669e-05,1.8843319682567516e-06,3.430154438288193e-05,7.568432336604563e-06,0.0005990247852504123,7.738159995114943e-06
62,0.02462276122745718,6.473974755009228e-09,0.0001982921214138997,0.0002813477446057604,5.208396685246414e-06,2.0913940011451142e-07,0.005225938223831059,0.9477755236394947,3.349122254137061e-05,0.01030742912990112,0.00043400337921614,0.0013741204262361893,0.003998478746987831,2.9617782946977557e-05,8.085154770592805e-06,0.0001613744213629827,0.004904466442400103,2.4420071854368023e-05,3.4691200603102604e-06,6.285813073590242e-05,1.683695697123636e-06,3.3468711520028855e-05,7.046675397646231e-06,0.0004990301831270606,7.669738381759768e-06
63,0.023908655896558353,8.200597848797802e-09,0.00018809223029416704,0.00029229157822143663,5.078283195913426e-06,2.2831960127885649e-07,0.004891354907870442,0.9495936858932723,3.525782687447101e-05,0.009765132511706952,0.00043646357814092576,0.0013372914122618948,0.003764267608905761,2.8399100700595137e-05,8.933000922098881e-06,0.0001591632285754409,0.004950599525353047,2.6094488913719495e-05,3.8360286367014215e-06,5.93548028233227e-05,1.6946916605001565e-06,3.885657056761482e-05,7.156787055492611e-06,0.0004898817402790012,8.221787010404127e-06
64,0.025168352188312957,7.459219941664955e-09,0.00025592511182612654,0.0003020402543027255,6.001421967375943e-06,2.5465903077096754e-07,0.0055730748348493415,0.944417960048399,3.59645799806268e-05,0.01090057509988649,0.00046822030463510966,0.0016617976261444028,0.004336155100352632,3.320139169423145e-05,9.243906329441816e-06,0.00019083745572267562,0.005899387386026292,2.7626033961250498e-05,3.8628374489944e-06,7.362695836906748e-05,2.5579991785463613e-06,3.8140511929820804e-05,9.01551448240596e-06,0.0005777049342125259,8.466381737472992e-06
65,0.025739658076812732,2.198844296347351e-09,0.00014796308756474477,0.0001600783786123405,3.4138023108126243e-06,8.320356816538569e-08,0.003818383532346084,0.9522991885655024,2.2476448274453073e-05,0.009154831677281131,0.0003399941439846577,0.0008140003616366215,0.003836391792305036,1.7437669700566926e-05,3.9667795540355364e-06,0.00011139443470749922,0.003178239344140551,1.164367597638946e-05,2.4664319376873002e-06,3.765716727496485e-05,6.143792027510006e-07,1.6465961939908217e-05,2.4927334838134323e-06,0.0002779901371332061,3.1660159049251306e-06
66,0.030431608189356387,2.9693768484601824e-09,0.00029946032788016343,0.0002365357630099912,7.640775518050681e-06,1.7943177043517014e-07,0.008076003849390447,0.9310469838857125,3.0275517488111767e-05,0.014106882041082836,0.00037751077933811277,0.0012631387769533825,0.006978666154088652,2.8965059194850012e-05,4.312884034519492e-06,0.00020131352396170898,0.006116718052132965,1.942255588323857e-05,3.4731904714943258e-06,8.992424632950443e-05,1.5829749988262062e-06,2.180134561329679e-05,5.874406553739529e-06,0.0006463163588022589,5.406941057886113e-06
67,0.02462958593292663,6.6872162378823525e-09,0.00020109324895456685,0.0002862667243546382,5.2568214462283816e-06,2.1568020549826055e-07,0.005278165104418271,0.9475224275873002,3.372396806168238e-05,0.010332198771311508,0.00043598044825054566,0.001396510582578623,0.004021291013734906,3.0045450815087827e-05,8.229008545811157e-06,0.00016407473618916708,0.0050010508770812045,2.4999583951372767e-05,3.524929056239423e-06,6.382948661511616e-05,1.7436140375848533e-06,3.4256263655428665e-05,7.268647125751028e-06,0.0005103907394445136,7.864092723230972e-06
68,0.03385751441075243,6.563155561873969e-09,0.00020660071095359727,0.000298960792933944,5.9330330696592205e-06,1.790754266266325e-07,0.005241872166407188,0.9364513037871605,3.6179419199589484e-05,0.011323184579390022,0.0004940335244535738,0.0011253671354879932,0.004447003414782185,3.485885084646434e-05,7.638160892144148e-06,0.00016527357175427743,0.005629117688798107,2.532934345208146e-05,4.328914561318362e-06,6.432228318216768e-05,1.417772731746795e-06,3.086673763048438e-05,7.223485986236997e-06,0.0005332374793397301,8.247097652523935e-06
69,0.022443644989662066,6.60495181409417e-09,0.00018921009360912895,0.0003040931884751442,5.253240049025676e-06,1.9846883944035724e-07,0.004534387318362962,0.9514589963630314,3.698023058019338e-05,0.010334382681754435,0.0005611705176979165,0.0013593260614681905,0.003604857584687136,2.785449332677485e-05,9.42249043903643e-06,0.00013976203502961084,0.004466422385207395,2.581883317338183e-05,2.8811009997134158e-06,7.041227796283083e-05,1.7476013932114112e-06,3.2221121445293216e-05,7.695389826844014e-06,0.0003752442147034022,8.010713323400252e-06
70,0.013669942158989512,4.521254997071414e-09,0.000218147919349166,0.00047400963884963883,3.896600726043192e-06,1.9556185614968191e-07,0.004345713378112246,0.9627128823811029,2.719277708905018e-05,0.010008516802043866,0.00048272650445833096,0.001445847999152152,0.0034665292205275926,1.700028190200078e-05,5.650170019423598e-06,0.00019193477659297926,0.002566729604574479,1.516040055926897e-05,1.8780263278526638e-06,7.514987099265296e-05,1.2514871906526161e-06,3.1834928639115794e-05,3.888994485805254e-06,0.0002298981574346346,4.017837769144757e-06
71,0.023722235445520424,8.705157501289715e-09,0.0002194081432504066,0.00031965814826262105,5.162964244017094e-06,2.3468000466039379e-07,0.004339948283724804,0.9498585289928584,3.406192559085294e-05,0.00981725195806321,0.0005048774471300993,0.001524925060570125,0.0037947802859007902,3.172786273423027e-05,1.025195195891397e-05,0.00017600733142789663,0.005009063724067985,2.861644557251118e-05,3.941079252926001e-06,6.60970767123433e-05,2.118676325025514e-06,3.9444554065144294e-05,7.999850718971648e-06,0.00047558280741940526,8.066599466507508e-06
