,0,1,2,3,4,5,6,7,8,9,10,11,12,13,14,15,16,17,18,19,20,21,22,23,24
0,7.937876784278636e-10,1.013461812666192e-07,7.753393273394591e-07,0.0012984636208414016,1.597475897133008e-06,6.089128983001927e-07,0.0007380741102212099,0.9727831871124645,9.50778021597365e-10,8.197538965503357e-05,0.002232969138489842,7.452038676261203e-07,8.246454066542284e-11,0.018986182504592657,4.066713322194435e-08,3.568887366866751e-06,7.879937008798657e-07,1.2100204449042425e-06,5.747926244581585e-08,2.381736419085726e-06,3.5882575345592463e-07,4.709872213145062e-06,0.003861959854427119,2.620708607226805e-08,2.1647472633673585e-07
1,6.183898572954593e-10,8.159222094805278e-08,5.706034387913607e-07,0.0006915950322393769,1.4274168268976422e-06,5.94769287604904e-07,0.0004742916659765309,0.9854581600980561,1.1111032811799144e-09,5.519950076183549e-05,0.0016220288100771544,5.074379373134408e-07,8.538906839807649e-11,0.009719057528843897,4.683225366590931e-08,5.051440900205157e-06,6.263323657672992e-07,7.39404629474306e-07,8.664584711175325e-08,2.2985706067535745e-06,2.785958408886345e-07,3.990451708137187e-06,0.0019632297561516486,2.4166095617575633e-08,1.1153305188166459e-07
2,5.404178582156586e-10,7.892560318780445e-08,5.728510382271985e-07,0.0008661573894320638,1.2238169525367452e-06,5.448078166801321e-07,0.00048052349502688435,0.9824456954302121,9.948440435787356e-10,4.8898752236138165e-05,0.002049745111854123,5.81276948380514e-07,7.420868189237381e-11,0.011785546231658513,4.076401908042068e-08,3.820720581316921e-06,6.782505029639366e-07,8.236462765342083e-07,7.245844798868463e-08,1.9303578406943478e-06,3.117565675561994e-07,4.717790139195039e-06,0.0023078966684231123,2.4069948071554977e-08,1.1381900402052768e-07
3,6.279886389709506e-10,8.390240132299377e-08,5.511838928104935e-07,0.0008334653105522623,1.640660100272431e-06,5.75760475890857e-07,0.000515368977603372,0.9808936080519991,1.0227212880969948e-09,5.317356526125518e-05,0.0020720227046527495,5.623100234259949e-07,8.50841989062829e-11,0.013070096204695326,4.459079471447898e-08,4.3966126183917606e-06,7.613713882732829e-07,8.512113235362019e-07,7.207503602498614e-08,2.4332548178811395e-06,2.996499674932666e-07,4.3453627972842596e-06,0.002545488105139795,2.4693772564241564e-08,1.3270489224907282e-07
4,7.306961877894953e-10,9.484000517958422e-08,6.012648621344683e-07,0.0008852093586776675,1.7959245847031505e-06,6.078431159122969e-07,0.0005511981347985813,0.9791701267734375,1.16339652531035e-09,5.5367086721800944e-05,0.0021909428901189278,6.651067185252584e-07,1.0491432937869143e-10,0.01443884888816201,4.735707971144229e-08,4.60388353077349e-06,8.647862555296268e-07,9.401377049062107e-07,7.944205812186504e-08,2.6358826514396176e-06,3.353341387125004e-07,4.810530717504685e-06,0.0026900448642015943,2.7350696440596794e-08,1.503207553339342e-07
5,6.638964617658215e-10,9.106802281429486e-08,5.605528332670621e-07,0.0010270075991790544,1.5516461043312295e-06,5.72726194999197e-07,0.0005216247449159306,0.9787195917172676,1.0454614747814993e-09,5.9598187414810384e-05,0.0021088882161628374,6.250541268787334e-07,8.85156191615223e-11,0.014860244350101623,4.33771921306886e-08,4.397897389401885e-06,8.278708814285342e-07,1.0498766355770818e-06,6.696748102451342e-08,2.6075874821503305e-06,3.29976767316697e-07,4.832190424024322e-06,0.0026853142843220536,2.5935839077741822e-08,1.4637538822865593e-07
6,6.279886389709506e-10,8.390240132299377e-08,5.511838928104935e-07,0.0008334653105522623,1.640660100272431e-06,5.75760475890857e-07,0.000515368977603372,0.9808936080519991,1.0227212880969948e-09,5.317356526125518e-05,0.0020720227046527495,5.623100234259949e-07,8.50841989062829e-11,0.013070096204695326,4.459079471447898e-08,4.3966126183917606e-06,7.613713882732829e-07,8.512113235362019e-07,7.207503602498614e-08,2.4332548178811395e-06,2.996499674932666e-07,4.3453627972842596e-06,0.002545488105139795,2.4693772564241564e-08,1.3270489224907282e-07
7,6.036521530689478e-10,8.37817305384728e-08,5.29454462808172e-07,0.0008464238806963401,1.6230160902468748e-06,5.693537860341267e-07,0.0005063633068885415,0.9806766421022407,1.0131499129304645e-09,5.27757453972388e-05,0.00207762610696159,5.571931658657497e-07,8.270394157705154e-11,0.013281254579593059,4.4974366158635924e-08,4.4130342440744915e-06,7.661392946136018e-07,8.489372129754073e-07,7.036371276130627e-08,2.421905528424434e-06,2.9957026122667975e-07,4.445554298810037e-06,0.0025420833405264795,2.403269439657e-08,1.3192734123285527e-07
8,3.6512136240393734e-10,5.064296478453953e-08,2.403188713673733e-07,0.00032667537305186377,1.237397100384714e-06,3.775100970947677e-07,0.00034625698239085044,0.9895017168844332,8.836562041779046e-10,2.6367836135377536e-05,0.0021501999527415968,3.5671268524128657e-07,5.153040113951754e-11,0.006625698578501421,7.608727330763637e-08,4.364532869323469e-06,8.018951428285974e-07,6.928617848464172e-07,9.656295799456089e-08,1.1372980955145065e-06,2.426715934275734e-07,8.21811806276408e-06,0.0010050996498361107,1.369423445860368e-08,7.713886820914089e-08
9,5.643559718391051e-10,6.172482530248529e-08,4.0139789896613243e-07,0.00046488227172658965,1.8801965186562876e-06,5.201980274134964e-07,0.0004452831311683938,0.9841423196777672,8.799396505509841e-10,3.736855501599906e-05,0.002345289118861833,4.1256770883479326e-07,7.566183939469103e-11,0.010584052193035553,5.12355855934557e-08,4.291177003525967e-06,8.582153686857105e-07,7.527356712249538e-07,8.287111389930284e-08,1.9536551321142045e-06,2.500793005163263e-07,4.764363931586945e-06,0.0019643951277408013,2.0535542148163154e-08,1.0745109785772664e-07
10,6.279886389709506e-10,8.390240132299377e-08,5.511838928104935e-07,0.0008334653105522623,1.640660100272431e-06,5.75760475890857e-07,0.000515368977603372,0.9808936080519991,1.0227212880969948e-09,5.317356526125518e-05,0.0020720227046527495,5.623100234259949e-07,8.50841989062829e-11,0.013070096204695326,4.459079471447898e-08,4.3966126183917606e-06,7.613713882732829e-07,8.512113235362019e-07,7.207503602498614e-08,2.4332548178811395e-06,2.996499674932666e-07,4.3453627972842596e-06,0.002545488105139795,2.4693772564241564e-08,1.3270489224907282e-07
11,6.923448402007861e-10,8.915356766242088e-08,5.869086467482168e-07,0.0008515315289995406,1.7506583551527635e-06,5.995107334850136e-07,0.0005364482832030317,0.9804083930110326,1.118874765896235e-09,5.394622655165778e-05,0.002138742532246129,6.173760017382186e-07,9.8559232724172e-11,0.013385169954296807,4.614168724650715e-08,4.576519472302791e-06,8.052638091879155e-07,8.898413322834032e-07,7.761242290508548e-08,2.590817279975143e-06,3.1697937445344885e-07,4.481705239647665e-06,0.0026081714088554155,2.7097826152546196e-08,1.3955928705650233e-07
12,5.857180383136839e-10,7.606095908014168e-08,5.411998619485814e-07,0.0007609010940291326,1.4737817019104761e-06,5.348456091877929e-07,0.0004898501998286924,0.9835784371120289,1.0137776592461894e-09,4.750942174543687e-05,0.001986008540024634,5.458567141667938e-07,8.074804068984587e-11,0.010873396175098072,4.424100790772508e-08,4.300862864388059e-06,6.538251351284969e-07,7.627032674409249e-07,7.36758550769371e-08,2.2104360892457403e-06,2.738423481286254e-07,4.090055375583703e-06,0.0022481751100245696,2.4522761664719145e-08,1.1475742604552529e-07
13,7.135788442600305e-10,9.199902584737e-08,6.062874999384435e-07,0.0008425117848061903,1.6805850903861273e-06,6.222917493447779e-07,0.0005400814736638961,0.9822117888758447,1.0649669141462079e-09,6.68384612993179e-05,0.0017442699447578196,5.236344685217714e-07,8.769131799400406e-11,0.012101911046489638,4.563498415335437e-08,4.887257402854684e-06,7.818391713375615e-07,9.234380191171749e-07,7.747474224736198e-08,2.6992983467818985e-06,3.1584508661380394e-07,4.22109117704432e-06,0.002474952404592108,2.5260341197357957e-08,1.4220520385611662e-07
14,6.195114810109097e-10,7.945549178230666e-08,5.755235638615862e-07,0.0008421788034268289,1.555148014323741e-06,5.659034658699454e-07,0.0005001606274184651,0.9815497141498692,1.0072701412056782e-09,5.092297548912764e-05,0.00201222418975906,5.658496853684916e-07,8.656685225474619e-11,0.012511203146714897,4.360442599680017e-08,4.3578783416313135e-06,7.637909499436175e-07,8.319170909014956e-07,6.920339871490985e-08,2.389539954352637e-06,2.9906981906304437e-07,4.3111249618985354e-06,0.002517030769392992,2.4291183727663967e-08,1.3132423344621663e-07
15,6.279886389709506e-10,8.390240132299377e-08,5.511838928104935e-07,0.0008334653105522623,1.640660100272431e-06,5.75760475890857e-07,0.000515368977603372,0.9808936080519991,1.0227212880969948e-09,5.317356526125518e-05,0.0020720227046527495,5.623100234259949e-07,8.50841989062829e-11,0.013070096204695326,4.459079471447898e-08,4.3966126183917606e-06,7.613713882732829e-07,8.512113235362019e-07,7.207503602498614e-08,2.4332548178811395e-06,2.996499674932666e-07,4.3453627972842596e-06,0.002545488105139795,2.4693772564241564e-08,1.3270489224907282e-07
16,6.096649808441628e-10,8.577128649228418e-08,5.213360864087289e-07,0.0008405882115967465,1.5831828264891002e-06,5.494878795488315e-07,0.0005113579554261736,0.9809469420700938,1.0113575155973655e-09,5.4437153248659816e-05,0.0019997573597508285,5.750918569086671e-07,8.358969744440204e-11,0.013125103122981856,4.4633160306671056e-08,4.35173341119758e-06,7.583116579499642e-07,8.564245402093652e-07,7.196150395505117e-08,2.416873194557531e-06,3.0374320924281733e-07,4.53569044359182e-06,0.0025050017057891213,2.3867915800633073e-08,1.3260752781204545e-07
17,9.091950110054623e-10,8.054748605437089e-08,1.151536330537153e-06,0.00048312958812556426,9.587598681330902e-07,9.781932054138942e-07,0.0005119722778926227,0.9931363206681476,1.3443334254616912e-09,9.100066072219564e-05,0.0010702183568011955,2.765910334932744e-07,5.0408198224013135e-11,0.0036875076035594524,5.4881561026406726e-08,5.969475966531393e-06,2.743444811704608e-07,7.974436812863587e-07,1.5254127267427173e-07,1.6077045017878107e-06,2.5256501114695534e-07,2.3383620035247533e-06,0.0010048425471329587,3.271876006952683e-08,8.032851895403346e-08
18,8.426328011570975e-10,1.1053368554299052e-07,5.684911791443353e-07,0.0010988128502265335,2.298681541833662e-06,6.250171999015902e-07,0.0006790752942978003,0.9684922211179812,9.53468630243796e-10,8.281141907816104e-05,0.002305996963471968,6.927307050056286e-07,1.0683422337572057e-10,0.023289366157207284,4.5929762182168575e-08,4.306017459310455e-06,1.3545926870535458e-06,1.350658363466336e-06,6.472369198459698e-08,3.278135291419953e-06,4.0886598986756645e-07,5.803365572602445e-06,0.004030533441461505,2.3944611024127114e-08,2.491655996115868e-07
19,6.86829783614866e-10,9.987341254054715e-08,6.536312629875269e-07,0.0010415077085195559,1.4560975775436024e-06,5.120880110423843e-07,0.0006330739731153166,0.9814670576722793,1.2422249094464839e-09,5.571200295170095e-05,0.0018532288431719393,8.141588369824597e-07,9.985047744102557e-11,0.012506458151690604,4.565478127641125e-08,4.2674345152649756e-06,6.828419173934071e-07,8.622258798845741e-07,7.299383271549168e-08,2.219182673295043e-06,3.365886368949732e-07,4.7598423656188905e-06,0.0024260025365264704,2.5522317274652154e-08,1.4894681947383552e-07
20,1.5483632418407668e-09,1.9326869710293025e-07,1.0858933736193893e-06,0.0013533537045125697,4.6315910629550794e-06,1.2359701009823378e-06,0.0009830244912988363,0.9577924363044318,1.5589758713775789e-09,0.00012510948340933262,0.003180996063993792,8.186604427708092e-07,1.8202023685459999e-10,0.029327967800671206,4.22308527905507e-08,5.808511143965744e-06,1.501497362915212e-06,1.4250218296468246e-06,1.0996799218623596e-07,5.998922046628952e-06,5.498227320250363e-07,3.926224729538588e-06,0.007209421484662244,5.737592578002734e-08,3.024193681138374e-07
21,6.564199781974393e-10,1.1280674779636715e-07,5.031531886898483e-07,0.001046578445155763,1.446072318117578e-06,5.79915705856199e-07,0.0004732110953684446,0.9780705220041086,1.2768568786788054e-09,6.128761622360648e-05,0.0017853396492001812,6.670221277132095e-07,8.773615082589608e-11,0.016382024710798578,4.1540357884812e-08,5.213664537082284e-06,6.337200690286006e-07,9.433712808716023e-07,7.384899788208658e-08,2.7059513784930435e-06,3.0291187590796916e-07,4.341601985445996e-06,0.002163319264278569,2.546195732647792e-08,1.2415132502656631e-07
22,4.2534064054348905e-10,1.0505444012035656e-07,4.7564042293296273e-07,0.0008483690386568765,1.4726743887781187e-06,4.200130791909994e-07,0.0007887803872172785,0.9825356358754843,1.1281170524591733e-09,5.160399101365695e-05,0.0013971517518065594,9.211944983372491e-07,1.0057558919743304e-10,0.011779310844932224,3.670535925054836e-08,3.7322516843341345e-06,3.7247507510888237e-07,3.758319105579213e-07,8.118173478236257e-08,2.0571594546262856e-06,2.557897835442424e-07,2.8684558121689593e-06,0.002585837401737447,2.1990065829305455e-08,1.1263740872968826e-07
23,6.279886389709506e-10,8.390240132299377e-08,5.511838928104935e-07,0.0008334653105522623,1.640660100272431e-06,5.75760475890857e-07,0.000515368977603372,0.9808936080519991,1.0227212880969948e-09,5.317356526125518e-05,0.0020720227046527495,5.623100234259949e-07,8.50841989062829e-11,0.013070096204695326,4.459079471447898e-08,4.3966126183917606e-06,7.613713882732829e-07,8.512113235362019e-07,7.207503602498614e-08,2.4332548178811395e-06,2.996499674932666e-07,4.3453627972842596e-06,0.002545488105139795,2.4693772564241564e-08,1.3270489224907282e-07
24,6.612783258943144e-10,1.0592463849539723e-07,5.1219803490782e-07,0.001048521645984498,1.592233471660594e-06,5.819235338903755e-07,0.0004904788889403528,0.9761985307468103,1.0708879604090144e-09,6.45692654731371e-05,0.001930697804925316,6.213433782820136e-07,9.018516332845135e-11,0.01756036888362322,3.936258953101485e-08,4.589857462162736e-06,8.171482603158692e-07,9.96126452120675e-07,6.981120518659755e-08,2.99456853474042e-06,3.174643750987724e-07,4.5108385810449065e-06,0.0026889170314242945,2.5231120144627724e-08,1.3987882986464657e-07
25,3.6331682396342874e-07,1.4287542495750556e-05,0.0002506340748979892,0.008634818351977465,0.000113673681882744,5.890030194706488e-05,0.04704496197243945,0.675914302091873,7.121360086085125e-08,0.04214812181864942,0.0016582525356363701,2.0177618345544273e-05,2.7136396168405168e-08,0.034492933199877694,3.914152216306077e-06,0.0001399412730107748,9.502247361368961e-05,4.2844631773633095e-05,5.945544099474399e-06,0.00019572654310778248,9.980142543839297e-05,0.00011023827957887781,0.18874342311587114,1.600977119097462e-06,0.00021001672732742544
26,1.3119882283984746e-09,1.178395406171469e-07,1.1000356759721856e-06,0.0010989463218441307,2.932209481198313e-06,9.363387322124363e-07,0.0006432290303411326,0.9758147947442196,1.5010147379890474e-09,7.614726883580658e-05,0.0030322030479432026,7.138132266294631e-07,1.7595561732594383e-10,0.014182965569563003,4.554644028724014e-08,5.483755613743397e-06,1.3197872412715944e-06,1.2749665779065233e-06,1.0818607774462242e-07,4.885687863244854e-06,4.6137371885247794e-07,4.622108169081952e-06,0.005127457847352241,6.259039242903304e-08,1.8894219099882639e-07
27,1.1577130047686392e-09,1.288853583343813e-07,9.865825128768338e-07,0.0011713697488811674,2.6923008595521828e-06,8.081682109861156e-07,0.0008904860097763452,0.9722534199545176,1.2635735488532908e-09,9.182291113373052e-05,0.0022785614320493257,8.174022843821341e-07,1.4069856312556909e-10,0.018841676219952634,3.826374157476517e-08,4.512601522313246e-06,8.984934122840027e-07,1.1178785978967602e-06,8.325293710569108e-08,3.7672881781694896e-06,4.100918420162397e-07,3.2113170236870234e-06,0.004452918276217582,3.871114193091374e-08,2.316478631472062e-07
28,6.279886389709506e-10,8.390240132299377e-08,5.511838928104935e-07,0.0008334653105522623,1.640660100272431e-06,5.75760475890857e-07,0.000515368977603372,0.9808936080519991,1.0227212880969948e-09,5.317356526125518e-05,0.0020720227046527495,5.623100234259949e-07,8.50841989062829e-11,0.013070096204695326,4.459079471447898e-08,4.3966126183917606e-06,7.613713882732829e-07,8.512113235362019e-07,7.207503602498614e-08,2.4332548178811395e-06,2.996499674932666e-07,4.3453627972842596e-06,0.002545488105139795,2.4693772564241564e-08,1.3270489224907282e-07
29,6.279886389709506e-10,8.390240132299377e-08,5.511838928104935e-07,0.0008334653105522623,1.640660100272431e-06,5.75760475890857e-07,0.000515368977603372,0.9808936080519991,1.0227212880969948e-09,5.317356526125518e-05,0.0020720227046527495,5.623100234259949e-07,8.50841989062829e-11,0.013070096204695326,4.459079471447898e-08,4.3966126183917606e-06,7.613713882732829e-07,8.512113235362019e-07,7.207503602498614e-08,2.4332548178811395e-06,2.996499674932666e-07,4.3453627972842596e-06,0.002545488105139795,2.4693772564241564e-08,1.3270489224907282e-07
30,6.279886389709506e-10,8.390240132299377e-08,5.511838928104935e-07,0.0008334653105522623,1.640660100272431e-06,5.75760475890857e-07,0.000515368977603372,0.9808936080519991,1.0227212880969948e-09,5.317356526125518e-05,0.0020720227046527495,5.623100234259949e-07,8.50841989062829e-11,0.013070096204695326,4.459079471447898e-08,4.3966126183917606e-06,7.613713882732829e-07,8.512113235362019e-07,7.207503602498614e-08,2.4332548178811395e-06,2.996499674932666e-07,4.3453627972842596e-06,0.002545488105139795,2.4693772564241564e-08,1.3270489224907282e-07
31,6.354426793589972e-10,5.6673998295194345e-08,5.893208995042819e-07,0.0005625046228965211,1.1589375790975004e-06,4.504726920974548e-07,0.0004403567715216165,0.987290980759037,7.519176621910343e-10,4.6656391431139795e-05,0.001395612256290273,4.2320893036269096e-07,7.235345225209482e-11,0.008537616045847836,3.2122672694324035e-08,3.2947848921102617e-06,5.345581888813554e-07,7.390215626435962e-07,6.544809806819231e-08,1.9098112636430613e-06,2.2449207948164114e-07,2.855875559422041e-06,0.0017138200848156873,1.9778677148762022e-08,9.710135254790673e-08
32,6.379007337519784e-10,8.25573239347436e-08,5.478305041709107e-07,0.000759994342958411,1.600796776968958e-06,5.769963278378641e-07,0.0005012767106992574,0.9821894619465437,1.0499753760401907e-09,5.1580754695668465e-05,0.0020350771100154466,5.536487600278172e-07,8.67433865519192e-11,0.012093622525650662,4.5732175860660194e-08,4.442154644244308e-06,7.406825112951973e-07,8.370341154266005e-07,7.892676823924154e-08,2.345010247896099e-06,2.9558488927762733e-07,4.393371423144242e-06,0.00235229423258872,2.515781710491653e-08,1.2511794311825334e-07
33,4.906728293415787e-10,7.417694097365653e-08,4.2205503330189217e-07,0.0007206998008782088,1.5025502172811545e-06,5.423974064875733e-07,0.0004182672474236314,0.9801873703395667,8.630889899224837e-10,4.749557397529434e-05,0.002090383846540336,4.856606596926142e-07,8.017217367559642e-11,0.014047364924516326,3.857004807411809e-08,4.1263391640393286e-06,7.850142318054967e-07,7.634292045618007e-07,7.131042758342053e-08,2.397452390764505e-06,2.748459778791944e-07,4.4600779050214e-06,0.0024723448621932777,2.2695268321027696e-08,1.0539609663436174e-07
34,1.0157840159973891e-09,9.673148134023768e-08,7.377561727285031e-07,0.0005453890333453498,1.7858922707145748e-06,6.061421662288161e-07,0.0005248743070713184,0.9857871672338457,1.576574077713896e-09,3.815916847126057e-05,0.0021759797284236046,6.763162560032113e-07,1.1723847586618748e-10,0.009249845182626079,5.2695602578667535e-08,4.560497415676118e-06,6.858475617392446e-07,8.031829214547168e-07,1.3307227288888235e-07,2.04436465054521e-06,3.035016745526331e-07,4.2694956795103395e-06,0.0016616839619409789,3.276503811478373e-08,1.1041351523954952e-07
35,6.068907765681524e-10,9.829458321924603e-08,5.515056378957419e-07,0.0009553401630833923,1.988222069499973e-06,7.085126292925001e-07,0.0005356387713352861,0.9761762178775655,1.1085163249063432e-09,5.7647876559040886e-05,0.002503542058421042,5.946442150200134e-07,9.460522867278508e-11,0.016458066986152223,5.076360022674305e-08,4.9631525092133055e-06,8.93035821297615e-07,8.320565087084008e-07,7.800505403717441e-08,2.9090522018387447e-06,3.3203247227414286e-07,4.718243926779223e-06,0.0032946476139316633,2.7888760518563412e-08,1.514329496998382e-07
36,4.2194201776117735e-10,4.434852596290727e-08,3.3521969724357895e-07,0.0004058234115366333,7.798102704140138e-07,2.4776638617717485e-07,0.00035121531551907505,0.9897999385391835,7.412811754756925e-10,2.3845308535898114e-05,0.0011435618641804945,5.901872373208878e-07,7.699303237430847e-11,0.00739653689057715,3.6376058229731905e-08,3.427267384437887e-06,4.706105661652944e-07,5.072939113086826e-07,6.070576529959155e-08,1.1848097145783365e-06,1.6756271675838397e-07,3.981519160720557e-06,0.0008671581710800005,1.1167959219102709e-08,7.461381726767806e-08
37,1.068621989280512e-09,1.0356020371748372e-07,8.680201511661117e-07,0.0010328806364947249,1.9109743513445084e-06,6.14792174455182e-07,0.0006695521601004573,0.9804305733788673,1.1909976165528283e-09,7.379997526714367e-05,0.0021697439823695893,6.90367980711167e-07,1.1252368180044006e-10,0.012393149139375996,3.8769313075147445e-08,4.37106730797139e-06,8.454420414400663e-07,1.2207098761949102e-06,8.19902855442719e-08,3.138485757946372e-06,3.622542683896173e-07,4.163472694198268e-06,0.0032116858419148652,3.927229567087986e-08,1.633347647710295e-07
38,8.055622197818059e-10,8.964579909240902e-08,7.006470632159617e-07,0.0007305026346877833,1.918353203299725e-06,7.227204817464319e-07,0.0006115946258819126,0.982303911438216,1.2245752975754477e-09,5.864068811771294e-05,0.0020777424489273823,5.523877893741086e-07,9.37139029329299e-11,0.011849377178182494,5.311748739359981e-08,4.947830766405509e-06,6.896871348426411e-07,8.786664784902831e-07,8.926160213287481e-08,2.3019759850405993e-06,3.0065470878259557e-07,3.935000551468634e-06,0.0023508752896905147,2.8068835141977504e-08,1.4555455840849286e-07
39,9.858314417982217e-10,2.1655276249884036e-07,5.83559389341484e-07,0.001675923679526028,3.1547698864584025e-06,7.130016045148033e-07,0.0008241132052410975,0.9535859674631119,1.5297801275538367e-09,8.584493089305168e-05,0.0035152311033438467,1.0400656615015151e-06,1.1578595337204193e-10,0.03466434147677461,5.3266826860643914e-08,5.184816203194765e-06,1.112321621858653e-06,1.1981693525006244e-06,8.648640450820948e-08,4.473739837045036e-06,3.9795264682075666e-07,5.959290951397786e-06,0.005624107783305448,4.0038444537704496e-08,2.5369481335200564e-07
40,1.0308784252774403e-09,1.2230763031332275e-07,8.580846072700876e-07,0.0008638006433510743,2.111659250706161e-06,7.414907431912982e-07,0.0007389690157765247,0.9772913104805069,1.5699109629373857e-09,5.703592448095376e-05,0.0023654091637707077,8.778021427179928e-07,1.2257954917638952e-10,0.015922383299530725,6.130647518664999e-08,4.6472867944687376e-06,8.385586008617672e-07,9.465920997173228e-07,1.0275072608531697e-07,2.2056999090825848e-06,3.7561627938643197e-07,5.156271110651979e-06,0.0027418117753117035,2.9276163582635457e-08,2.022713694141582e-07
41,1.0479324867054211e-09,8.850714401772406e-08,7.775458000119718e-07,0.0007203596949156153,3.0272878316515295e-06,7.453615028411545e-07,0.0007051572031317758,0.9840486745000009,1.741827476573556e-09,4.43746680708243e-05,0.0022242902917291247,5.901851882360618e-07,1.227747020259291e-10,0.010178139567854108,6.785414617664826e-08,6.84983681926845e-06,6.63268259463697e-07,8.08478124011839e-07,8.177619842108894e-08,2.743263672959047e-06,2.5712683986746777e-07,3.117073375998595e-06,0.0020589970737898157,3.1330326709526626e-08,1.551927436076687e-07
42,1.0739071074052298e-09,1.3672477001559143e-07,7.993221546360172e-07,0.0012651549426279433,3.2941034436429787e-06,8.39531790369167e-07,0.0008555369956219664,0.9638787176569531,1.293319510366137e-09,7.85273663618945e-05,0.0031514319872649106,7.454655680769264e-07,1.1404478938818393e-10,0.025814497088592594,4.792770165063716e-08,4.534664193395598e-06,1.1068968022805578e-06,1.228561238088231e-06,7.192273150330128e-08,3.6445493445357503e-06,4.012195234667234e-07,4.261044698041448e-06,0.004934730191193176,3.533651176947184e-08,2.5401964147446425e-07
43,4.95716375202015e-10,8.085103438315487e-08,4.7192831983811095e-07,0.000778448606883034,1.3185663372560754e-06,6.393686763271384e-07,0.00043496034873361845,0.9825658966960458,8.49285614344984e-10,8.107894654786536e-05,0.0014655028203516545,4.050389716463451e-07,7.208838794277759e-11,0.012175630070948329,3.983653897774769e-08,4.59725248392938e-06,7.68499022882598e-07,8.988007708982102e-07,7.415487669055285e-08,2.612925408088133e-06,3.432026243431133e-07,4.537947182682849e-06,0.002481551566977907,2.1356500968299544e-08,1.197976726205424e-07
44,6.279886389709506e-10,8.390240132299377e-08,5.511838928104935e-07,0.0008334653105522623,1.640660100272431e-06,5.75760475890857e-07,0.000515368977603372,0.9808936080519991,1.0227212880969948e-09,5.317356526125518e-05,0.0020720227046527495,5.623100234259949e-07,8.50841989062829e-11,0.013070096204695326,4.459079471447898e-08,4.3966126183917606e-06,7.613713882732829e-07,8.512113235362019e-07,7.207503602498614e-08,2.4332548178811395e-06,2.996499674932666e-07,4.3453627972842596e-06,0.002545488105139795,2.4693772564241564e-08,1.3270489224907282e-07
45,1.8188200510219297e-09,5.120324550688764e-07,1.0220197909863865e-06,0.0029248162776549266,6.297301459066683e-06,1.3849556598318387e-06,0.0012535344388737927,0.9005932420708008,2.1015759460813866e-09,0.000260940729566621,0.0038663143554057196,1.5529153660272182e-06,2.582284813283927e-10,0.07168441188814072,4.1839838787849575e-08,5.553226185615994e-06,3.470801629893423e-06,2.273878178462356e-06,1.3816876857246878e-07,1.0840509175880368e-05,1.3483404177059637e-06,9.017330200159868e-06,0.019372606990118987,7.671268370261041e-08,5.990390039829067e-07
46,5.566123823743964e-10,7.204255620351707e-08,5.423987872897424e-07,0.0008972966446866981,1.4490809629427477e-06,6.041527192980547e-07,0.00037721983590445376,0.9807696231691605,9.036969080404505e-10,4.746330146328937e-05,0.002204564587666691,5.507510165255339e-07,1.11794263405798e-10,0.012876916817069695,4.7556497248658237e-08,4.7897236333265e-06,1.3795701775655931e-06,9.41921493197068e-07,7.186521193376273e-08,2.980118142629668e-06,3.670264193499135e-07,6.432073081260357e-06,0.0028065235037163993,2.511026964998502e-08,1.3717726053807472e-07
47,9.054416398130729e-10,9.786726846886673e-08,6.612126538329586e-07,0.0007554785517768492,1.657518987902917e-06,4.754297454938787e-07,0.0005997682391269501,0.9847802913734094,1.2731649441346305e-09,5.447356246882179e-05,0.0016437751082921223,8.419953346574651e-07,1.3497692465644812e-10,0.009955372362892196,5.298831815983028e-08,5.07370533739177e-06,8.742247559795585e-07,8.705405372313017e-07,9.627114473526022e-08,2.595681901456851e-06,3.3425260730567466e-07,5.339338673877881e-06,0.0021916788031637944,2.6896501644312773e-08,1.617615182478917e-07
48,6.318078467545227e-10,9.565818445231492e-08,5.281593120955356e-07,0.0006815033424329541,1.5672633859690847e-06,5.975801512058139e-07,0.0005041234106347057,0.9817682028283431,1.0145981928712227e-09,5.9123818361548635e-05,0.0019316777862627965,5.475685578379175e-07,9.129193044550174e-11,0.01259274990087533,4.0937082182907286e-08,4.211641017316589e-06,7.665265588641757e-07,7.79038072249187e-07,1.0255461039399499e-07,2.4613087899432754e-06,3.103883181264343e-07,4.487829540763393e-06,0.0024459790975203074,2.6977572368917475e-08,1.1464671750277722e-07
49,6.742325072921543e-10,9.173049844528986e-08,6.604828211778604e-07,0.0010162859331065493,1.5878912841441352e-06,6.556448702349269e-07,0.0005261955746982024,0.9791159663238967,1.117072724390634e-09,6.058079410757656e-05,0.0021052547668069894,6.423466307886827e-07,9.944194756437326e-11,0.014219371166062074,4.523397531287897e-08,4.663637551129643e-06,8.353994476998575e-07,9.360745859333741e-07,7.33097215962332e-08,2.7040949763956386e-06,3.4618288195445114e-07,4.7179196801078235e-06,0.0029382053208077356,2.8204194065600787e-08,1.500766477802155e-07
50,1.7131967407083822e-09,5.577234986790882e-07,2.3449991940361038e-06,0.011553419677695851,5.1776771477132e-06,7.927644548544975e-06,8.900722521245854e-05,0.899863339264988,2.275825535634731e-08,2.0776255332124756e-05,0.050544843512822915,9.174688056447291e-07,2.601938880095204e-10,0.021855257705085153,2.759366188205176e-07,3.724568707185981e-05,8.962405690642926e-06,3.3410265656205e-06,3.44201551860663e-07,2.7323825696369116e-05,2.3011925815978377e-06,4.12491411223744e-05,0.015934131134942547,1.1245769908087504e-06,1.0698519026088795e-07
51,6.775180444674997e-10,3.704121492675401e-08,6.560881627291467e-07,0.0003904178194033783,4.022906460378064e-06,7.85226512216923e-07,0.0007933664480061199,0.9836048040681231,7.812360217081194e-10,4.709257635196429e-05,0.0029064917052159097,3.9999200112795166e-07,1.4089696257437247e-10,0.008338238175890845,5.486013421064652e-08,5.4910596852283686e-06,9.542765624085238e-07,6.659134727162236e-07,7.107039987348891e-08,2.604955237590623e-06,2.6516321030548807e-07,2.7711611479060652e-06,0.003900605703951123,3.005268117443646e-08,1.7213652375713132e-07
52,7.750408284591848e-10,6.790688865091697e-08,5.882203066821058e-07,0.0006933043691737354,1.6662062491841311e-06,8.165398694384835e-07,0.0004128391390603275,0.979039780026745,8.714804348842755e-10,6.931880201934039e-05,0.0022245165330478374,3.3035022844385175e-07,6.224861342226554e-11,0.015131805064386473,4.914626904017685e-08,5.1849655045262155e-06,8.860005817698443e-07,1.352854188780753e-06,6.647381148098013e-08,2.3711699602148073e-06,2.555766101894562e-07,4.68494412135736e-06,0.0024099447124871494,2.30915958515538e-08,1.4619812456458631e-07
53,5.393518384098797e-10,7.347514684654711e-08,5.193365067280673e-07,0.0008206090280005889,1.9572134216387263e-06,4.631021435050813e-07,0.0007995933628843795,0.9820305089052577,9.748537020641175e-10,4.9837068223681334e-05,0.0021363831520862845,6.717705753764861e-07,8.458241305585452e-11,0.011366389956784788,4.417842217805468e-08,3.973653575773187e-06,5.694632116303262e-07,6.62613914789526e-07,5.975336223220479e-08,2.0287502686212593e-06,2.6349797756902145e-07,3.524748614822899e-06,0.0027816988008577655,2.3112913922666566e-08,1.4345706131716764e-07
54,8.276186613090048e-10,1.2755902367616532e-07,5.814836326701064e-07,0.0008998395403160105,1.9014043990285496e-06,6.573027935546192e-07,0.0006458327918094418,0.9756591712837434,1.1883923476781108e-09,7.463046486574493e-05,0.001799868102883499,7.013836376672006e-07,9.354677992932616e-11,0.018330323620586154,6.173557889549972e-08,5.1627826916359396e-06,7.985110252880946e-07,9.275155339747299e-07,8.504728186289194e-08,2.605885440659444e-06,3.0618123821759694e-07,4.954152326782202e-06,0.0025712327508864473,2.1189654847742945e-08,2.072010929085104e-07
55,1.0724254012273077e-09,1.1296065567781085e-07,8.594357458506538e-07,0.0010572198751540383,1.64906711537184e-06,5.024075098096167e-07,0.0007421597460701363,0.984271978514768,1.9946470265238547e-09,4.785362440299946e-05,0.0018237312245724334,1.2236221566093362e-06,1.6164080246025232e-10,0.010123554887618824,5.0323941968416056e-08,5.210435647671704e-06,6.759377106596736e-07,1.0164988939884468e-06,9.193103357370294e-08,2.292868208374123e-06,3.7954285820535526e-07,4.809097828088294e-06,0.0019144325899863493,3.441562934781324e-08,1.5776377869265113e-07
56,7.006596981129599e-10,8.920577184150524e-08,5.870816412605655e-07,0.0008371914847820199,1.7409001772731038e-06,5.957047665556505e-07,0.0005384836672292027,0.9805371832702768,1.117627430319685e-09,5.399685253456099e-05,0.002117509292208203,6.176819586540916e-07,9.769119624267103e-11,0.013328796243906559,4.6801123417424546e-08,4.572830031381996e-06,8.071571569254019e-07,8.962032870423193e-07,7.820210279534776e-08,2.534453757117453e-06,3.165270213621026e-07,4.547039299719923e-06,0.002569239539865798,2.655651951032396e-08,1.4138860392718925e-07
57,6.430299612958759e-10,8.187918179038514e-08,5.235308794172604e-07,0.0006953456858400411,1.4287799809266682e-06,4.605404982577953e-07,0.0004845891440615368,0.9852074003528952,1.090654837987561e-09,4.982392081961422e-05,0.0015766500054985831,7.071991712393306e-07,1.2140269004441513e-10,0.00988847087495822,4.423622560371087e-08,4.8211415728687415e-06,8.073714694228403e-07,7.436685073339656e-07,8.875314565726125e-08,2.551748755621605e-06,3.082138987260625e-07,4.8498684995796265e-06,0.0020801536820440236,2.4043434087353285e-08,1.235035747567997e-07
58,7.429984296231687e-10,8.864462387287381e-08,6.260175403822875e-07,0.0008168626577896441,1.783126673954493e-06,5.958671708167243e-07,0.0005580467245283161,0.981426652885238,1.171323620900003e-09,5.190971144781167e-05,0.002248962352270409,6.447684072360828e-07,1.0208736290233028e-10,0.012267913530280158,4.610619743989117e-08,4.566666866071692e-06,7.60334593129892e-07,8.859605994267731e-07,8.380722969124709e-08,2.508180642493429e-06,3.1470477461424943e-07,4.406215604083128e-06,0.0026121747073678324,3.0440096322026347e-08,1.3457364846672753e-07
59,6.915713780864957e-10,8.446176633087402e-08,6.393871356478696e-07,0.0008514816918446554,1.703558225168691e-06,6.038992618324939e-07,0.0005364772008722469,0.9820619349300876,1.1260703892544335e-09,5.2529766985883765e-05,0.002194655343576568,5.93394277516603e-07,9.406220260186663e-11,0.01160047151733747,4.479749875374852e-08,4.493986570134616e-06,7.327579868109241e-07,8.531276552596056e-07,7.811058773443286e-08,2.5388735109941484e-06,3.1280335198801616e-07,4.205255719844128e-06,0.0026854042239905958,3.018915409336098e-08,1.2881089866620645e-07
60,6.279886389709506e-10,8.390240132299377e-08,5.511838928104935e-07,0.0008334653105522623,1.640660100272431e-06,5.75760475890857e-07,0.000515368977603372,0.9808936080519991,1.0227212880969948e-09,5.317356526125518e-05,0.0020720227046527495,5.623100234259949e-07,8.50841989062829e-11,0.013070096204695326,4.459079471447898e-08,4.3966126183917606e-06,7.613713882732829e-07,8.512113235362019e-07,7.207503602498614e-08,2.4332548178811395e-06,2.996499674932666e-07,4.3453627972842596e-06,0.002545488105139795,2.4693772564241564e-08,1.3270489224907282e-07
61,7.058201579328853e-10,8.620289927233126e-08,6.340226297604595e-07,0.0008428414742399012,1.7357027868691734e-06,6.045717663990285e-07,0.0005424602003729711,0.9818087449932236,1.1341501612190383e-09,5.307576862462551e-05,0.00217839839808429,6.054292014234352e-07,9.743425588517532e-11,0.011880944388107191,4.4885270843869333e-08,4.510605733291419e-06,7.509040268009469e-07,8.622958396898693e-07,7.974542170709352e-08,2.572266376057138e-06,3.162715910710585e-07,4.246074768732839e-06,0.0026763226136011474,3.01238960604005e-08,1.3112413358216713e-07
62,6.279886389709506e-10,8.390240132299377e-08,5.511838928104935e-07,0.0008334653105522623,1.640660100272431e-06,5.75760475890857e-07,0.000515368977603372,0.9808936080519991,1.0227212880969948e-09,5.317356526125518e-05,0.0020720227046527495,5.623100234259949e-07,8.50841989062829e-11,0.013070096204695326,4.459079471447898e-08,4.3966126183917606e-06,7.613713882732829e-07,8.512113235362019e-07,7.207503602498614e-08,2.4332548178811395e-06,2.996499674932666e-07,4.3453627972842596e-06,0.002545488105139795,2.4693772564241564e-08,1.3270489224907282e-07
63,7.017723734232185e-10,9.894740535350925e-08,5.903053669503278e-07,0.0009000781782374888,1.785929428831603e-06,6.283949493522205e-07,0.0005376672361750637,0.9796199134772283,1.1590814178007704e-09,5.8050016220475106e-05,0.00215202134979535,6.113175885505171e-07,9.389018016259874e-11,0.013975652702565037,4.8642004604648965e-08,4.685580233650414e-06,8.25504971364273e-07,9.052552960589242e-07,8.090304690200441e-08,2.691302094631812e-06,3.302575170095869e-07,4.698411304787133e-06,0.0027384618900531507,2.7413037081880197e-08,1.4503073603342426e-07
64,6.47496958775458e-10,9.302018098436131e-08,5.726686239785015e-07,0.0009100891129484987,1.6653166615057733e-06,6.166597278085768e-07,0.0005314418749146177,0.9796680401414227,1.1016763797808431e-09,5.920071260490446e-05,0.0020721679781613646,6.147028612073779e-07,9.393165541206444e-11,0.013983671190696026,4.6025780646955064e-08,4.479322397744493e-06,8.237018622858484e-07,9.194265073656952e-07,7.66753496292208e-08,2.575998008671097e-06,3.5208318225729077e-07,4.796878870567962e-06,0.0027575846574870817,2.644148335536224e-08,1.4356716148777695e-07
65,8.230500763214425e-10,8.851269502306351e-08,5.914626023473147e-07,0.0007203392371363168,2.3712366446790555e-06,5.865413559631981e-07,0.0005166888744966324,0.980671828544207,1.5600795075309727e-09,3.202136936002436e-05,0.003492367288556953,7.813730353579369e-07,1.3519490467899163e-10,0.011996966018065946,5.963122231476285e-08,5.386363890663164e-06,1.036946669929858e-06,8.67093315319741e-07,1.0254720044294935e-07,2.562998712076733e-06,3.184406399612651e-07,6.05605251588036e-06,0.0025488130079954993,3.756713465838147e-08,1.2637422266918038e-07
66,8.607961130403918e-10,9.6422625715344e-08,7.178873010276017e-07,0.0008520381214009473,2.2536557317574357e-06,7.329996638281737e-07,0.0006146373959296534,0.9802109220256131,1.1657799776682422e-09,6.989030237679656e-05,0.0022406905198087577,5.664277017794197e-07,1.0912202726173054e-10,0.012702546821833626,4.792758196778711e-08,4.956551323817251e-06,9.07858591021677e-07,9.93599798719678e-07,8.768415807828068e-08,3.245715358599095e-06,3.625565852060807e-07,4.1183035420024026e-06,0.0032899884279739494,3.421390646408865e-08,1.624454953067873e-07
67,6.214083574474244e-10,9.395833642877482e-08,6.789446857206238e-07,0.0014115801399511292,1.9537762395352724e-06,1.015703941918457e-06,0.0004495480073654208,0.966773242607038,9.40012772799082e-10,8.482747818465029e-05,0.0026065234199205327,5.164589167426382e-07,1.126573011205118e-10,0.023353999632432246,3.9325186978010045e-08,5.2440018160354135e-06,1.223951949106659e-06,1.1680749661142712e-06,6.22178450071911e-08,4.473877143709525e-06,4.1367670150119176e-07,4.449427832935447e-06,0.005298730246204018,3.524424366471878e-08,1.7815502008517625e-07
68,6.278458316336109e-10,8.493260877252317e-08,4.51789499049722e-07,0.0006808620129750753,1.9984409614441655e-06,5.78977159852649e-07,0.0005326569705741423,0.9805214967648757,1.0443564486593807e-09,4.829026220240128e-05,0.0022603489876752685,5.218468532198011e-07,8.47845880824423e-11,0.013711118666403906,5.481313134584286e-08,4.85761690273036e-06,8.313199844421973e-07,8.246535581467666e-07,7.916923129522483e-08,2.3501690645908317e-06,2.6992797931288795e-07,4.699313967846933e-06,0.0022274637252176024,2.2067415141818748e-08,1.3581477227686283e-07
69,5.200472597277209e-10,7.510854858219424e-08,6.125188933364684e-07,0.0009898532521542818,1.6353105701857243e-06,6.333788922258836e-07,0.0004896753790393603,0.9817489959978579,1.0449014316219318e-09,4.743962604460827e-05,0.002541643337487823,5.585141453967931e-07,8.893981245485867e-11,0.010967822416449897,3.994096001936043e-08,4.188424136886949e-06,6.428289556881008e-07,7.360302214227822e-07,6.90023878864481e-08,2.723971178089003e-06,3.359413761550852e-07,3.5485623277125686e-06,0.003198626871373374,3.5283507306973666e-08,1.0664960334863255e-07
70,7.271221620948595e-10,1.491375237512578e-07,6.638420079904206e-07,0.0008741895839864781,2.4382669645253485e-06,8.847372302584085e-07,0.0007187024938460438,0.9747170171855402,1.621510319616336e-09,6.516470603424905e-05,0.004208677634649822,8.18892129819835e-07,1.0671820540320496e-10,0.014480712154126725,6.356629756677269e-08,4.202392863294392e-06,9.670084019600169e-07,9.258001478198196e-07,1.7504391388390569e-07,2.4796512643047925e-06,5.723491144831998e-07,7.598626492130763e-06,0.004913389359297877,5.5277055088444474e-08,1.498357612971781e-07
71,8.460817245076443e-10,1.5553917140431915e-07,5.089171956347857e-07,0.0012863950193039739,3.6589664852264114e-06,6.588786959340412e-07,0.000648065553542421,0.9694634947563323,1.218788577416388e-09,0.00010286377594981914,0.001806838241983139,7.5837479898763e-07,1.8626314285380195e-10,0.020978319095042598,3.809533813831657e-08,6.90985885748549e-06,1.2628589042855452e-06,8.466835224523482e-07,7.862311845154012e-08,8.78787594393315e-06,4.1032641002865713e-07,3.4176546718427405e-06,0.0056862826746278345,3.883308864168402e-08,2.071458822523834e-07
