,0,1,2,3,4,5,6,7,8,9,10,11,12,13,14,15,16,17,18,19,20,21,22,23,24
0,6.038656800211172e-07,6.5467904431548795e-09,5.831321592979976e-06,0.0058866549026035985,0.0002002965769186953,2.655986396487813e-08,2.2785538363942027e-06,0.9800750034970294,1.0741430899537887e-07,0.0001021728485527545,3.1278403442308496e-07,0.00016783165140457174,3.554236948146799e-10,7.018432149440266e-06,1.988574888612142e-07,0.0012470842193901704,8.692448505662545e-06,1.0168199645316483e-07,0.002855418163601078,8.851898419250687e-06,0.009346799694323726,8.612707530108125e-06,6.0195962069872575e-05,3.065367390730225e-07,1.559251974656053e-05
1,5.464746532411228e-07,4.753074980203454e-09,7.019389990114549e-06,0.003864659007056052,0.00019026513857300467,3.2596669203177285e-08,2.6501265462932748e-06,0.9835281497489468,1.8598241473148788e-07,0.0001014683600835554,2.9983933151112866e-07,0.00013419855473153017,3.554039744299061e-10,5.471675534843336e-06,2.2399163821464243e-07,0.0017473237530102013,5.462189963695716e-06,6.049400293894607e-08,0.0037424119423563195,1.0033513263519003e-05,0.006605268868156262,6.619026690425877e-06,3.660781862332694e-05,2.5290870335390753e-07,1.0783490581845953e-05
2,6.653637577363677e-07,6.050668119098253e-09,6.405711048222449e-06,0.004582213304609389,0.0002073519623173638,3.682042462657708e-08,2.648322429438149e-06,0.9827283986106286,1.4274381384111384e-07,9.54646694396605e-05,3.726843137516585e-07,0.0001639428929645902,4.174587484623863e-10,6.462979341720468e-06,2.6698903428404856e-07,0.0016753280525197906,8.366767559647149e-06,8.598543989221967e-08,0.0031516931125239274,1.1119765454548977e-05,0.0072763605536778015,9.435478164786234e-06,6.116548151501744e-05,3.044981329209008e-07,1.1760782761516208e-05
3,6.307722060845915e-07,5.522690073385902e-09,6.76608698898477e-06,0.004780098823196001,0.0002033296418005865,3.1966851181298574e-08,2.584465662534905e-06,0.9831718707333821,1.3817677556250737e-07,9.346129370901016e-05,3.5594180010183524e-07,0.00016373958477839204,4.009253788753216e-10,6.039566014006161e-06,2.026831039234683e-07,0.0013858721883421073,7.129611471787533e-06,9.123197239726823e-08,0.0029402741767579985,1.0187718034530335e-05,0.007158537597801516,7.570364579852919e-06,4.896793883575293e-05,3.1039282557023475e-07,1.180311949459686e-05
4,6.543050432743822e-07,6.191804136790321e-09,7.418840700547578e-06,0.005065329656278492,0.0002270295071283577,3.508380455659766e-08,2.8470630717068784e-06,0.9826008438354924,1.4875860106615811e-07,9.965565198324514e-05,3.799548110051908e-07,0.00016991310735479812,4.794224769409539e-10,6.919491536719529e-06,2.179883435478439e-07,0.0014255723955731076,7.267923619760446e-06,9.7605833212833e-08,0.0030293291132741456,1.0735738143515779e-05,0.007273331947645417,7.908285862309316e-06,5.198344331132285e-05,3.4157928124000954e-07,1.2032052079467648e-05
5,5.521464925713814e-07,5.412841532456502e-09,6.122250343910355e-06,0.005343298692715967,0.00020143453951996224,2.9323612992379216e-08,2.366946511800856e-06,0.9832865104038593,1.1746416328274203e-07,9.523991300888176e-05,3.3447129313264047e-07,0.0001512013549981348,4.0483293880074947e-10,5.701596028741819e-06,1.673114287811006e-07,0.0011921016433545468,6.974386460118088e-06,1.0325517989114124e-07,0.0025097440943449415,1.0073087051809358e-05,0.007119347623061016,6.9313009889170265e-06,5.001139776810545e-05,3.2383287292141895e-07,1.1307147265971807e-05
6,6.307722060845915e-07,5.522690073385902e-09,6.76608698898477e-06,0.004780098823196001,0.0002033296418005865,3.1966851181298574e-08,2.584465662534905e-06,0.9831718707333821,1.3817677556250737e-07,9.346129370901016e-05,3.5594180010183524e-07,0.00016373958477839204,4.009253788753216e-10,6.039566014006161e-06,2.026831039234683e-07,0.0013858721883421073,7.129611471787533e-06,9.123197239726823e-08,0.0029402741767579985,1.0187718034530335e-05,0.007158537597801516,7.570364579852919e-06,4.896793883575293e-05,3.1039282557023475e-07,1.180311949459686e-05
7,6.243253627803669e-07,6.370333244320925e-09,8.211447003748435e-06,0.004734280354477878,0.00015615788829835667,2.2064419924840146e-08,3.323147052284628e-06,0.987154351582118,1.6144670738916312e-07,7.574469521082203e-05,4.071460285901004e-07,0.00013722612799375582,6.367248747907864e-10,4.852698501609916e-06,1.6085221443658675e-07,0.0008352443682505084,6.364725344706306e-06,9.138183397519988e-08,0.0022924656423913437,1.2290576454108312e-05,0.004528472311939528,5.504070573874329e-06,3.361921322761475e-05,4.203300768085358e-07,9.996597459921369e-06
8,9.047654564606527e-07,8.971390342360093e-09,6.683997114642303e-06,0.0038639529948027948,0.0003773622693820231,1.421937104107967e-07,3.5603613361532856e-06,0.9718469614379477,3.097358148070961e-07,0.00011585686216114178,1.5317367058165676e-06,0.00032638601743230247,4.90465664279096e-10,8.346280691059706e-06,5.533352876355439e-07,0.0020870118133518704,9.101218936950725e-06,1.927536517169675e-07,0.007527888454859651,1.2562445265445789e-05,0.013714857788377508,1.830037108692706e-05,6.721439599224766e-05,2.5223277840565927e-07,1.0057076000649437e-05
9,8.26945643944384e-07,6.796833920140636e-09,6.061158481882312e-06,0.004528751575996298,0.00027613891755665353,6.195219660708091e-08,2.887544926125119e-06,0.9770920617970371,1.5950488885657084e-07,0.00011152048213425799,5.831062236381758e-07,0.00023649602392349455,3.859333769673624e-10,7.888285664489826e-06,3.379578417396225e-07,0.0020315112258661367,9.250947436775165e-06,1.26198065012567e-07,0.004601243714378583,9.944297672843407e-06,0.010986073621479416,1.3089277367451228e-05,7.248445337372718e-05,2.7635735373134244e-07,1.2217471724015042e-05
10,6.307722060845915e-07,5.522690073385902e-09,6.76608698898477e-06,0.004780098823196001,0.0002033296418005865,3.1966851181298574e-08,2.584465662534905e-06,0.9831718707333821,1.3817677556250737e-07,9.346129370901016e-05,3.5594180010183524e-07,0.00016373958477839204,4.009253788753216e-10,6.039566014006161e-06,2.026831039234683e-07,0.0013858721883421073,7.129611471787533e-06,9.123197239726823e-08,0.0029402741767579985,1.0187718034530335e-05,0.007158537597801516,7.570364579852919e-06,4.896793883575293e-05,3.1039282557023475e-07,1.180311949459686e-05
11,6.307462183615638e-07,5.69080066249865e-09,6.863480502683151e-06,0.004806844393997095,0.00020165417893124878,3.121702526621963e-08,2.621686138448529e-06,0.9835998803955364,1.396196552139522e-07,9.302955508997349e-05,3.5840154443606937e-07,0.00016288035522032493,4.3539261803738906e-10,6.008172454745823e-06,1.9917127797584996e-07,0.0013249670221911899,7.260560982983673e-06,9.324395478601112e-08,0.0028485661579301575,1.0442768488746378e-05,0.006859700197549299,7.512980704781265e-06,4.840345766647475e-05,3.2484484346462953e-07,1.1581265902936173e-05
12,5.947497666997927e-07,5.096076557715167e-09,6.782063098698859e-06,0.004463253675942308,0.0001847709400034215,2.9064533884591042e-08,2.570516619958428e-06,0.9841533702820797,1.4925457612378076e-07,8.786959888956437e-05,3.4113117429231875e-07,0.00014814375644767538,3.751698335415191e-10,5.368007145927279e-06,1.9839302070215285e-07,0.0013072308932539046,6.4741910612318484e-06,7.915858662542388e-08,0.002941430317465357,9.938293054171242e-06,0.006620977018342391,6.73937229550628e-06,4.2005200496441134e-05,2.963878435067076e-07,1.1382263055639526e-05
13,6.187593056875722e-07,6.090858402549589e-09,6.136995608996334e-06,0.005574412255103754,0.0001941598833477674,3.9451514843127615e-08,3.1269319679794535e-06,0.982776208743001,1.2926469702351183e-07,0.00014292450170352885,2.8380803746752584e-07,0.00011769256330821611,4.52037957483345e-10,5.606804306184889e-06,1.7636478898656114e-07,0.0018648113479387068,6.1405338916478355e-06,1.1564090921725407e-07,0.002502362506679996,1.2265916341455655e-05,0.006711757525171658,7.021921728919838e-06,6.111631075987455e-05,4.029353338453284e-07,1.248249165691962e-05
14,2.072915855146778e-07,1.256962878936192e-08,5.166871503097186e-06,0.005893711119014867,0.0003679517422185642,6.973226406979212e-08,2.329392068347328e-06,0.9799039632289884,2.127112948684235e-07,0.00034318616441776894,4.180026756046944e-07,5.940957423724972e-05,6.160986350150459e-10,5.0926056786209935e-06,1.702192357231216e-07,0.0012656564670040084,3.6061674589498282e-06,1.429202457511635e-07,0.0027557875761934623,1.1918411162621074e-05,0.009329962016315788,7.135667469153896e-06,3.642787012160249e-05,4.157679868842361e-07,7.045295131763443e-06
15,6.307722060845915e-07,5.522690073385902e-09,6.76608698898477e-06,0.004780098823196001,0.0002033296418005865,3.1966851181298574e-08,2.584465662534905e-06,0.9831718707333821,1.3817677556250737e-07,9.346129370901016e-05,3.5594180010183524e-07,0.00016373958477839204,4.009253788753216e-10,6.039566014006161e-06,2.026831039234683e-07,0.0013858721883421073,7.129611471787533e-06,9.123197239726823e-08,0.0029402741767579985,1.0187718034530335e-05,0.007158537597801516,7.570364579852919e-06,4.896793883575293e-05,3.1039282557023475e-07,1.180311949459686e-05
16,6.892362274252118e-07,5.536537677813412e-09,8.241831850166101e-06,0.004594670272877421,0.0002192605064623008,3.141262274150836e-08,2.7676313112740505e-06,0.9846503051771012,1.6375956145421305e-07,7.934169274276078e-05,3.835958354538396e-07,0.0001762748296762994,4.744624040489897e-10,6.185580600335183e-06,2.3000338026955132e-07,0.0013350128603284142,7.296429197231441e-06,7.924123881711689e-08,0.003015317655465026,1.0667592987040028e-05,0.005825442595170487,7.105452506265681e-06,4.8037785078840006e-05,3.3872147131773894e-07,1.2150125307482337e-05
17,5.659488093158336e-07,4.100496729846867e-09,6.688913113668181e-06,0.0016757647439910779,0.00019641253894765322,5.8472565012654646e-08,2.7390589360470746e-06,0.9815472725534912,3.4826428792914454e-07,0.00010548442176524509,4.4278054525702126e-07,0.00011765519071083163,2.1830945724102602e-10,2.9854201688117554e-06,5.705896884540582e-07,0.003044078614224174,5.4319321157947475e-06,3.3542458758650264e-08,0.006210578824244874,8.630043192667891e-06,0.00703043776539168,8.436378742782325e-06,2.7804402547492336e-05,2.143734077586548e-07,7.3609078471095115e-06
18,9.546090252858818e-07,6.680137038124594e-09,7.40487978939441e-06,0.004871633701436041,0.00016650581242057312,2.3707235287890753e-08,2.6465856422651717e-06,0.9836470564257707,1.1464996425693209e-07,9.165393296736664e-05,3.175228627717607e-07,0.00022483595489046127,4.733749434568218e-10,6.1253147922820975e-06,1.7579305725572614e-07,0.0011701498871770704,1.1529409445035813e-05,1.2897122641837646e-07,0.002479996087934011,9.812039305691565e-06,0.007232800952518433,9.695167517646493e-06,5.052024716233499e-05,4.1155122391872147e-07,1.5499643123391593e-05
19,4.6433567963660263e-07,4.8323922612929245e-09,7.53866905810249e-06,0.0046706060972571415,0.00022495479472243302,2.4362632851191597e-08,2.082312940844802e-06,0.9851358000276118,1.3301316877868718e-07,8.595236983963039e-05,2.914442327765582e-07,0.00016578856299911723,4.3540502224265553e-10,5.815787776190698e-06,1.5565412386541342e-07,0.0010292529891831566,6.290754504783411e-06,7.520319373839834e-08,0.002591355084562917,9.543714358197e-06,0.006012649001034406,6.443355234407292e-06,3.4375632759741124e-05,2.913847364623687e-07,1.011018059155362e-05
20,7.300177458176462e-07,5.822403199613176e-09,7.713510207184522e-06,0.005373992375362371,0.00022172206705678115,3.88314456334919e-08,3.050587360578574e-06,0.9815047575171757,1.501466847772641e-07,0.00010104374944157201,4.069622023706759e-07,0.00018363909709619855,4.4942263555923767e-10,7.084835124900643e-06,2.1561184857928865e-07,0.0016595625451549247,7.0425968649186985e-06,1.0246948254761056e-07,0.0031584496395313843,1.1461085844094685e-05,0.007681389710912907,7.404920220154089e-06,5.62743612527096e-05,3.303508549478877e-07,1.34307393030795e-05
21,8.92406360938315e-07,6.607918256735723e-09,8.766576726950109e-06,0.0063930876879052835,0.00023512330829988034,4.638946334289677e-08,3.802809001986931e-06,0.9794000075957615,1.35865090742304e-07,0.00012126485828538682,4.390542355179054e-07,0.00023377070426687058,6.165783762156065e-10,9.01075150767959e-06,2.0740944021832622e-07,0.002167579443197142,7.734825916553389e-06,1.32139710487401e-07,0.0029782896114671654,1.4775736902511821e-05,0.008330378440293894,8.037860836544535e-06,7.212858668433083e-05,3.824870508267518e-07,1.399822709777441e-05
22,6.021209758972824e-07,5.02360305651819e-09,6.391081491711924e-06,0.004529801559979999,0.00019762279316506444,3.299911602955863e-08,2.2906890659651745e-06,0.9827813949888571,1.260885566130665e-07,9.408372940196934e-05,3.458747644636749e-07,0.00016867027190746366,3.4602688580402025e-10,5.7831338375288115e-06,1.7896201573201496e-07,0.0014209030333741464,7.179112724170772e-06,9.974033395004088e-08,0.002886521182956742,1.0393929266367579e-05,0.007823530855454454,8.206763293078053e-06,4.482904518759604e-05,2.76114297809726e-07,1.0730560346440977e-05
23,6.307722060845915e-07,5.522690073385902e-09,6.76608698898477e-06,0.004780098823196001,0.0002033296418005865,3.1966851181298574e-08,2.584465662534905e-06,0.9831718707333821,1.3817677556250737e-07,9.346129370901016e-05,3.5594180010183524e-07,0.00016373958477839204,4.009253788753216e-10,6.039566014006161e-06,2.026831039234683e-07,0.0013858721883421073,7.129611471787533e-06,9.123197239726823e-08,0.0029402741767579985,1.0187718034530335e-05,0.007158537597801516,7.570364579852919e-06,4.896793883575293e-05,3.1039282557023475e-07,1.180311949459686e-05
24,5.561988170430382e-07,6.222279431499893e-09,6.828741720839129e-06,0.006453094221475961,0.00023631391786541175,3.4432851150812056e-08,2.661394241536699e-06,0.9811223055879782,1.2255995426860685e-07,0.00010573351787738334,3.6706932828270086e-07,0.0001699312344464748,4.824377135606684e-10,7.87662974130045e-06,1.6797538391240682e-07,0.0013026563834703194,6.3228485066971626e-06,1.1278041690246618e-07,0.002833651746337246,1.1667022647838442e-05,0.0076646876963288885,7.3600872355960025e-06,5.4819937093555326e-05,3.029025017349956e-07,1.2418409062263587e-05
25,4.448552181270956e-06,1.092823855546412e-07,8.41688728171538e-06,0.0012600050652014745,0.003206778293549947,7.302050130791361e-05,9.15166883916709e-06,0.029660470179504104,2.3451309254465685e-06,0.006091602509284182,3.5105012696848963e-07,9.182999942611724e-05,1.7708511499172257e-10,0.00018809578115690147,0.00010137240400183623,0.8211171122231478,2.9476248997961404e-06,2.1177859414189018e-07,0.026215876755737333,2.2194161382892225e-06,0.10895086946609982,0.000147106917561328,0.002303018989199678,3.2779981884433e-07,0.0005623115465450385
26,7.135431671877352e-07,5.121132541872546e-09,6.865135101807927e-06,0.004009957825275106,0.00014956052544848003,1.8207309098793018e-08,2.263593898190872e-06,0.9881146935002768,1.1507557981769624e-07,7.20707128443745e-05,2.723574684034477e-07,0.0001426833598238276,4.61312340895628e-10,3.6870401061154e-06,1.4481613084744435e-07,0.0008541895792246902,9.229631809504524e-06,9.597503911652401e-08,0.0018729475968235305,8.968559355052351e-06,0.004697030408118568,6.175584365864685e-06,3.7497877606413875e-05,4.679633678386609e-07,1.0345549414629247e-05
27,1.0671063691315083e-06,9.41405641220901e-09,1.1892392745405172e-05,0.014326422087506067,0.0005392319586743205,5.1343582074840594e-08,5.310736168016e-06,0.9651925986520433,8.327843165764573e-08,0.00011656777661621908,8.875108059858094e-07,0.000469722801592649,1.1883224028768413e-09,2.1806402924849157e-05,1.6397645468153525e-07,0.0017210737218602914,1.0148267143332412e-05,2.7989922004686574e-07,0.003511039687125415,1.2794733251478019e-05,0.013894070220007873,6.606413276820959e-06,0.00014193668805773257,5.736012227644436e-07,1.5660142541097743e-05
28,6.307722060845915e-07,5.522690073385902e-09,6.76608698898477e-06,0.004780098823196001,0.0002033296418005865,3.1966851181298574e-08,2.584465662534905e-06,0.9831718707333821,1.3817677556250737e-07,9.346129370901016e-05,3.5594180010183524e-07,0.00016373958477839204,4.009253788753216e-10,6.039566014006161e-06,2.026831039234683e-07,0.0013858721883421073,7.129611471787533e-06,9.123197239726823e-08,0.0029402741767579985,1.0187718034530335e-05,0.007158537597801516,7.570364579852919e-06,4.896793883575293e-05,3.1039282557023475e-07,1.180311949459686e-05
29,6.307722060845915e-07,5.522690073385902e-09,6.76608698898477e-06,0.004780098823196001,0.0002033296418005865,3.1966851181298574e-08,2.584465662534905e-06,0.9831718707333821,1.3817677556250737e-07,9.346129370901016e-05,3.5594180010183524e-07,0.00016373958477839204,4.009253788753216e-10,6.039566014006161e-06,2.026831039234683e-07,0.0013858721883421073,7.129611471787533e-06,9.123197239726823e-08,0.0029402741767579985,1.0187718034530335e-05,0.007158537597801516,7.570364579852919e-06,4.896793883575293e-05,3.1039282557023475e-07,1.180311949459686e-05
30,6.307722060845915e-07,5.522690073385902e-09,6.76608698898477e-06,0.004780098823196001,0.0002033296418005865,3.1966851181298574e-08,2.584465662534905e-06,0.9831718707333821,1.3817677556250737e-07,9.346129370901016e-05,3.5594180010183524e-07,0.00016373958477839204,4.009253788753216e-10,6.039566014006161e-06,2.026831039234683e-07,0.0013858721883421073,7.129611471787533e-06,9.123197239726823e-08,0.0029402741767579985,1.0187718034530335e-05,0.007158537597801516,7.570364579852919e-06,4.896793883575293e-05,3.1039282557023475e-07,1.180311949459686e-05
31,4.634902633945915e-07,4.542055671556708e-09,6.3078548460670716e-06,0.004218548195514128,0.00016200263806200166,1.586481427121456e-08,1.8343759846626304e-06,0.9877316364083748,1.0335848426107451e-07,7.667041119471137e-05,2.0529727465160456e-07,0.00011770932928141243,3.7016930710890605e-10,4.2111612356808905e-06,1.0982505828208519e-07,0.0008121245242256911,5.993142176437477e-06,7.30021660771347e-08,0.0020271596556208733,8.30686453309075e-06,0.004782203306378403,5.2038173800549724e-06,2.943614823405971e-05,3.2424503817417836e-07,9.352171633981429e-06
32,6.20945145834401e-07,5.450561117017835e-09,6.622467057919044e-06,0.004416487885101352,0.00020138054917171586,3.137883628857213e-08,2.4831890192612837e-06,0.9834011420907661,1.4482483129376704e-07,9.209908575858222e-05,3.448855801828656e-07,0.00015964188470052212,3.8458673693485077e-10,5.853781959778568e-06,2.1138686671683943e-07,0.0013841023784370234,7.1520164712963485e-06,8.460872058468087e-08,0.0031425791061204444,9.707056323935716e-06,0.007104166675238829,7.812242141848275e-06,4.564102490706898e-05,2.946862172951282e-07,1.1390015478385281e-05
33,6.693950638822276e-07,8.81518904664594e-09,5.096284612009688e-06,0.004790596368161472,0.0002725561425336929,3.6090972058917156e-08,2.287390907148114e-06,0.9830247820241282,9.006910755506014e-08,0.00011088039922971001,3.4332099710437166e-07,0.00018778445619000995,5.7118298885195e-10,8.191122398952705e-06,2.0787211853043797e-07,0.0013421361425183063,1.102024141250241e-05,1.3608843944330726e-07,0.0030542736710264195,1.0389647966704025e-05,0.0070806623666138935,1.6259954319396386e-05,7.224886086843687e-05,3.4824281337601856e-07,8.994461229143139e-06
34,7.788252365981912e-07,5.3182195506482595e-09,7.907249884652977e-06,0.003361463104918238,0.0001791924621931099,3.204841498301425e-08,2.875103055283541e-06,0.984431329277936,2.484390151506376e-07,8.693671399091985e-05,3.35673227892458e-07,0.00014219500989321222,3.694849905979989e-10,5.1903397487787255e-06,2.7242217044344645e-07,0.0014228129462527355,6.119954222547741e-06,6.557835710458372e-08,0.004046450152848772,8.543016764833282e-06,0.006245648412410097,7.030536193570482e-06,3.1303612716624726e-05,2.9801382005512156e-07,1.2965419023670962e-05
35,5.269074329928204e-07,3.4385903040207164e-09,4.4107248520348765e-06,0.003223645334447859,8.717585456664601e-05,1.1033489302912603e-08,1.4911233850063515e-06,0.9897477961217651,1.0585042265721852e-07,6.691327253658304e-05,1.677484171022606e-07,0.00010857135631993901,2.5602313274466716e-10,2.3525198944567683e-06,7.637098504179311e-08,0.0005332219396366553,6.241480143075114e-06,7.853911069349988e-08,0.0018788195200710417,6.506289643970343e-06,0.004300227416983688,4.814827967515579e-06,1.7025349918806797e-05,2.607098913235321e-07,9.556013505000857e-06
36,6.104904796798471e-07,4.0637534817876245e-09,7.569985551889889e-06,0.003036529448789226,0.00017839650646423895,1.3395113872074727e-08,1.5575656868879143e-06,0.986835877605244,1.4535990442453976e-07,6.414273740995167e-05,1.8669305672767246e-07,0.0001952779958779425,3.414802040530591e-10,4.645954193814892e-06,1.892887491064616e-07,0.0009593936991487887,9.737860498821388e-06,4.1223764841670266e-08,0.0034107239399729867,5.774930896680101e-06,0.005245381734786511,6.750174538274835e-06,2.45784664019817e-05,2.553524358948342e-07,1.2215185799855965e-05
37,1.3372800810393804e-06,6.786476848893682e-09,9.860667165689526e-06,0.005481280097511525,0.00021399728065887998,3.18525220725051e-08,3.5995795067830127e-06,0.981815341220917,1.273536124332349e-07,8.222239179837867e-05,4.1209243322644845e-07,0.0002605728539789659,5.506042676702149e-10,9.15687488426858e-06,1.8747336170214133e-07,0.0016013383993436431,9.173844680297499e-06,1.2983339303016921e-07,0.003291048559139477,1.1450261986573351e-05,0.007128100776061174,8.475772433513684e-06,5.616817413826484e-05,3.9891086912276725e-07,1.5581112441979303e-05
38,5.044480507850135e-07,4.857765718460359e-09,6.315299333327101e-06,0.004834573172844802,0.00018722795757848375,2.304860724471668e-08,2.0595372166704908e-06,0.9848772859943555,1.208093739857406e-07,8.197149169716981e-05,2.916571718263213e-07,0.00014793175077725706,3.7122107706098354e-10,5.216799857945223e-06,1.5549949298374162e-07,0.0010097696824046386,6.686529817764237e-06,8.11109189517933e-08,0.0024888865156529666,9.19640775987796e-06,0.006284397328987349,6.344401960396857e-06,3.953333088507537e-05,2.898781548438507e-07,1.1132118113495865e-05
39,1.0106809924297655e-05,3.69918907585097e-07,3.176573819049655e-05,0.02721841102768463,0.0008956999975904071,3.330570470558943e-07,7.531012816599478e-05,0.9469800313444708,5.721762557690239e-07,0.0003929909486863471,4.725242275327183e-06,0.0004918583851902089,1.707896988572475e-08,0.00014313799728251042,3.5951574799523347e-06,0.0037444003557278015,4.1560949287008255e-05,1.3137884451701343e-06,0.007716073948769206,4.6568381031778305e-05,0.01069234038833203,8.849679816488548e-05,0.0013010916271523996,5.424025934534967e-06,0.00011380472903400368
40,1.2227012442659334e-06,8.03928062989514e-09,9.992119381085868e-06,0.004415809778247917,0.00028840846732848047,4.894735841449351e-08,3.2235287787196016e-06,0.9773426170933963,1.8826857794889324e-07,9.182550737523873e-05,5.086971290950969e-07,0.0002969362387474948,4.3111213263773815e-10,1.1667207401883796e-05,3.7805900355311005e-07,0.0019525924219972479,1.0454804600776994e-05,1.1005069562399859e-07,0.004959088962126207,9.800057221401184e-06,0.010510786578429118,1.4959025699171654e-05,6.166968615214126e-05,3.084208606778022e-07,1.7394907854278614e-05
41,5.927656124332005e-07,5.339136214180721e-09,7.043798084606715e-06,0.004657177127365009,0.0002128774865882862,3.282637431347797e-08,2.5477807130621047e-06,0.9831790981987945,1.5089052393068684e-07,9.5699444989524e-05,3.369435285934526e-07,0.00015209382780650616,3.853928275754502e-10,6.063223780084687e-06,2.1537605233642781e-07,0.0014632260580570763,6.53503510434727e-06,8.106642143518333e-08,0.003046906559262219,9.964769274110079e-06,0.007093349365945606,7.166954187560361e-06,4.65806676996298e-05,3.037671488757974e-07,1.1950342156843444e-05
42,5.771320972334839e-06,7.901540705675694e-08,0.00010967588471428555,0.13989060805684672,0.003173995202912102,7.190696353799358e-07,3.9221039844798647e-05,0.8258421567232983,5.291954062579509e-07,0.0005173240678457483,6.013656700580648e-06,0.0014439314867410195,2.226891760220784e-08,0.00027054299023137696,3.9799669832546286e-07,0.00307712277639948,1.1874009735463783e-05,3.4313470462727906e-06,0.002782580020556108,5.000199366541894e-05,0.021768930928892,6.034438606497371e-06,0.0008260846636309816,4.51036313853907e-06,0.0001684414821573563
43,7.003144655654428e-07,5.768418839063627e-09,7.551974659804707e-06,0.005053888884531388,0.00020344278564142558,3.126141376639906e-08,2.8090789831915595e-06,0.9832697843610808,1.421061291488258e-07,8.838347731120805e-05,3.770460010706734e-07,0.00017789930950741105,4.4875428791674915e-10,6.517568875870941e-06,2.0016610084733088e-07,0.0013447756905661404,7.346399497329261e-06,9.595330723590048e-08,0.0029075015075038617,1.082465277878781e-05,0.006847426774172752,7.411135515507162e-06,4.99493124995091e-05,3.3048622695950284e-07,1.2603536057371185e-05
44,6.307722060845915e-07,5.522690073385902e-09,6.76608698898477e-06,0.004780098823196001,0.0002033296418005865,3.1966851181298574e-08,2.584465662534905e-06,0.9831718707333821,1.3817677556250737e-07,9.346129370901016e-05,3.5594180010183524e-07,0.00016373958477839204,4.009253788753216e-10,6.039566014006161e-06,2.026831039234683e-07,0.0013858721883421073,7.129611471787533e-06,9.123197239726823e-08,0.0029402741767579985,1.0187718034530335e-05,0.007158537597801516,7.570364579852919e-06,4.896793883575293e-05,3.1039282557023475e-07,1.180311949459686e-05
45,5.746831411973647e-07,4.93622419860172e-09,6.607095144438264e-06,0.0040663153948165805,0.00018951927994515733,2.768451166148845e-08,2.5126495474350494e-06,0.9853565615562059,1.44540458979036e-07,8.425474973335827e-05,3.241281290836106e-07,0.00014190458451462666,3.8926479994629187e-10,5.071247925281601e-06,2.0254097451922545e-07,0.0012768996823336154,6.61113487650335e-06,7.147606473860126e-08,0.0028656274772799876,9.380832942111844e-06,0.005929102250982267,6.76587147037721e-06,4.1294120617902935e-05,3.061235576684374e-07,9.915569337807604e-06
46,5.874067630948716e-07,4.895290679468124e-09,5.846033911326208e-06,0.004240023977808113,0.00017590591932937805,2.2834449335424784e-08,1.9772288908526618e-06,0.9854317735370008,1.1166918550605846e-07,7.878717889546835e-05,2.9635470717684524e-07,0.00015986571695329732,3.7003048028443544e-10,4.650818507059008e-06,1.7177496122952804e-07,0.0010769417104680844,8.667642775036522e-06,8.295360166481934e-08,0.00248764997329782,8.893920493506111e-06,0.006256732486020475,7.395746695109169e-06,4.285888905944961e-05,3.0742884389668446e-07,1.0443532061035392e-05
47,1.273782029890861e-06,7.4245742033462916e-09,7.92524176126416e-06,0.00385245814283844,0.00017540944013757796,3.517983588967354e-08,3.2145168854878648e-06,0.9824446291990668,1.4387665603167668e-07,0.00010393992989324615,3.7354707620990756e-07,0.0002605390718261877,4.757351202287695e-10,6.531409437001309e-06,2.5131149917298883e-07,0.0019658003110688267,1.1806731012089452e-05,1.1765872574911308e-07,0.003597715064577731,1.1953814141323572e-05,0.007476765471932877,1.3841285021139111e-05,5.0430342643761776e-05,3.665967201920882e-07,1.447017490389505e-05
48,5.151284009603502e-07,5.2329242781624784e-09,3.892894622717521e-06,0.002835112858543337,0.00013349427933331611,1.3846133970440464e-08,1.7053318018943667e-06,0.9881650741108543,9.539477793169693e-08,7.686545578594893e-05,1.9355767161967058e-07,0.00011134004113212005,3.449608054585258e-10,3.4289100824018844e-06,1.6694757876734684e-07,0.000881810488210803,9.884310627703324e-06,5.464730830336067e-08,0.0029491565561975902,6.167244122172671e-06,0.004772705746115819,8.482819735252938e-06,3.223635458928398e-05,2.751686205565089e-07,7.322329868113069e-06
49,6.261018043834162e-07,5.30473840158895e-09,7.339068116034209e-06,0.00484701195171067,0.00022837626514567437,3.9241611006712835e-08,2.420270231986861e-06,0.9823669333617078,1.3733734490531677e-07,9.143982645989038e-05,4.1625341681555973e-07,0.0002118404322403013,4.1067448169865844e-10,6.7881990897761524e-06,2.046388656017794e-07,0.00144564546916703,7.591928220855913e-06,1.0521882168841844e-07,0.0028963499863718565,1.1751641317612297e-05,0.0078029008893508185,9.146984698153515e-06,5.155753445716935e-05,2.7652944433873387e-07,1.109515499247197e-05
50,7.522542774320304e-07,5.609671943568806e-09,9.827120566013325e-06,0.008367665156816105,0.00033320776602258783,3.828687306142134e-08,1.6826108823029412e-06,0.9760563270194774,1.1727066699284998e-07,5.01182415956996e-05,9.322526348597845e-07,0.0004595628850562901,5.219238278581183e-10,7.215841583588008e-06,2.5969304839094674e-07,0.0007539544205748917,1.7292455497037596e-05,1.9990467332361131e-07,0.001857794972969408,1.1684846335055737e-05,0.011956944244192455,7.902983053654254e-06,8.905871877612571e-05,4.253052790206179e-07,1.702961755246197e-05
51,5.75815508224464e-07,5.339171192127289e-09,6.207755569973066e-06,0.004911588513450388,0.00019043916836709052,2.8410447049255903e-08,2.462535659208196e-06,0.9836652498895874,1.2458405215626803e-07,9.001824251568483e-05,3.431981607989681e-07,0.0001552727935043753,3.8568389416645913e-10,5.78148686343902e-06,1.7237242465632113e-07,0.001152058336275278,6.669385235580711e-06,9.528937809622381e-08,0.00270165196446375,9.62840443600859e-06,0.0070382219983978036,7.141432062129626e-06,4.503371571754712e-05,2.971353046615773e-07,1.0931847763660095e-05
52,1.0814949258371956e-06,1.0525445204983073e-08,7.909447082199473e-06,0.007783288124584366,0.0002637982974824281,1.2296207913362398e-07,5.635288411686908e-06,0.975909528029871,1.9632511234662853e-07,0.00019093227008268277,7.964315191012797e-07,0.00020217304893516987,8.400064258050443e-10,9.533168260103758e-06,2.952114183377034e-07,0.0025780266633799996,7.763214239209742e-06,3.379608381905754e-07,0.0026943680793581125,2.3271835865675257e-05,0.01017785823856984,1.2718458742062216e-05,0.0001145688732100714,5.586870214636353e-07,1.5226523559807248e-05
53,8.51090599641455e-07,7.275967506332888e-09,7.801892071346861e-06,0.005425517214336306,0.00014424900877434073,4.5320666381266773e-08,5.66020210792583e-06,0.9828651513068509,1.9923984934784825e-07,0.00011405306414224241,5.06801248353914e-07,0.00012781688057983317,5.689434004753465e-10,6.032367936257183e-06,2.9210124909516003e-07,0.0021787024876235603,6.499946275017398e-06,1.0257008898690925e-07,0.0028850672970671927,1.7825746808462218e-05,0.006118824286796367,7.488506221997646e-06,7.317057353167416e-05,4.303080064563104e-07,1.3703942257330186e-05
54,1.1594393386718954e-06,8.854158343816123e-09,1.1327712279753288e-05,0.005972712566291723,0.00022075090473443518,5.519061562444545e-08,5.474361019685202e-06,0.9767894573233786,2.3425393073338136e-07,0.00015023191909367242,4.0830547818007544e-07,0.0002203671593037123,6.106925136175629e-10,1.2033523800233503e-05,3.4779755976015216e-07,0.0032115243976464937,7.204157815800647e-06,1.0244973974537635e-07,0.004468530462112332,1.620278565146924e-05,0.008806129121463913,1.0669764791938156e-05,7.192989038638597e-05,3.72122854366388e-07,2.2764925861676027e-05
55,8.760213219089747e-07,5.359772568123901e-09,9.322927539814125e-06,0.005054809364500593,0.0001511091315123544,2.6805578024231068e-08,3.0124965010636743e-06,0.9854860193613137,1.7600602225048373e-07,7.7136452077541e-05,4.1426658679523087e-07,0.00021991775140223774,5.638139047554518e-10,5.093218631578905e-06,1.5332789604246028e-07,0.0009927150823757904,7.603894770967867e-06,1.2184674765896014e-07,0.002332385483282549,1.287883099511411e-05,0.005589823079092574,5.962963196023575e-06,3.561777928737665e-05,3.848350552008847e-07,1.4433150726234247e-05
56,6.245586412198129e-07,5.7086617154414004e-09,6.8949776997793175e-06,0.004764318469514305,0.00020449431550716117,3.0982013741925615e-08,2.598512536572953e-06,0.9836744742675662,1.410012346327414e-07,9.279189556643205e-05,3.5635523117084576e-07,0.00016174676590991315,4.417878533635912e-10,5.984411161242276e-06,2.0091112715033564e-07,0.0013175754958012437,7.263611396023832e-06,9.126742847839918e-08,0.002882280139329047,1.035036664478297e-05,0.006801049005272968,7.414213145992051e-06,4.757737839495168e-05,3.257925306391857e-07,1.1409155896950184e-05
57,4.409304818324e-07,3.685248126897593e-09,6.284006853837749e-06,0.003058959414545891,0.00018865099844645605,1.9540568708450136e-08,1.3889444679555927e-06,0.9858458788485261,1.3023318058221095e-07,7.969950953118153e-05,2.1443992805810313e-07,0.00017197322480972416,2.860359425818811e-10,4.125196110579226e-06,1.5597239199329423e-07,0.001112132806925063,7.479423355757093e-06,5.3338671935516096e-08,0.0031166537949040185,7.306719178079327e-06,0.006357977778332274,7.195689871252682e-06,2.4175624749168592e-05,2.1274920318330168e-07,8.886843682164047e-06
58,6.121917233291122e-07,5.5833701260901376e-09,6.544236850262687e-06,0.0045600869143827966,0.00019237250202413364,2.8332146152868968e-08,2.5031749275331283e-06,0.9842453725950678,1.3254535978536766e-07,9.140907205048523e-05,3.362710202982611e-07,0.00015231153110446645,4.110670458341526e-10,5.395673008042676e-06,1.9555270066234663e-07,0.0012486628776247723,7.579104608409995e-06,9.055362578883445e-08,0.0026930027114856025,9.651353904748912e-06,0.006717380430199812,7.367122625068309e-06,4.7421018436261366e-05,3.4134390484033073e-07,1.119689678180711e-05
59,6.019924722942908e-07,5.30520411831488e-09,7.136258001050482e-06,0.004484356169378877,0.00018917382350012608,2.6852032344028564e-08,2.4733673702017856e-06,0.9848481801267227,1.3338662725541135e-07,8.935445835126092e-05,3.1793377205293936e-07,0.00015103809680387455,4.107214978969484e-10,5.223265448707041e-06,1.830050619118221e-07,0.0012487657834747787,7.284782162704357e-06,8.783967838033112e-08,0.0025101281795970754,1.0022431233270985e-05,0.006383263305424986,6.917018704470664e-06,4.3891580244669706e-05,3.5285906056848354e-07,1.108176895069605e-05
60,6.307722060845915e-07,5.522690073385902e-09,6.76608698898477e-06,0.004780098823196001,0.0002033296418005865,3.1966851181298574e-08,2.584465662534905e-06,0.9831718707333821,1.3817677556250737e-07,9.346129370901016e-05,3.5594180010183524e-07,0.00016373958477839204,4.009253788753216e-10,6.039566014006161e-06,2.026831039234683e-07,0.0013858721883421073,7.129611471787533e-06,9.123197239726823e-08,0.0029402741767579985,1.0187718034530335e-05,0.007158537597801516,7.570364579852919e-06,4.896793883575293e-05,3.1039282557023475e-07,1.180311949459686e-05
61,6.07148995618807e-07,5.383584076824104e-09,7.363100532327977e-06,0.0045081192208350634,0.0001952302891394049,2.7798693964753074e-08,2.485944884016351e-06,0.9844859185737158,1.3900451140761708e-07,8.794514836146074e-05,3.3647074294540856e-07,0.00016001175521201046,4.1160389826920295e-10,5.464489703627194e-06,1.8954172157457417e-07,0.0012531965083127496,7.266563102370074e-06,8.744349981014328e-08,0.0026549964746438604,1.0170211377330704e-05,0.006558365312675121,7.10640034624675e-06,4.327868020135339e-05,3.380203351283619e-07,1.135010326858016e-05
62,6.307722060845915e-07,5.522690073385902e-09,6.76608698898477e-06,0.004780098823196001,0.0002033296418005865,3.1966851181298574e-08,2.584465662534905e-06,0.9831718707333821,1.3817677556250737e-07,9.346129370901016e-05,3.5594180010183524e-07,0.00016373958477839204,4.009253788753216e-10,6.039566014006161e-06,2.026831039234683e-07,0.0013858721883421073,7.129611471787533e-06,9.123197239726823e-08,0.0029402741767579985,1.0187718034530335e-05,0.007158537597801516,7.570364579852919e-06,4.896793883575293e-05,3.1039282557023475e-07,1.180311949459686e-05
63,6.4406263026201e-07,5.958462167505635e-09,6.78174436190428e-06,0.00467213492410887,0.0001969884625136862,3.090897791692802e-08,2.618660009418643e-06,0.9836181787338497,1.4275255088083487e-07,9.314409762476742e-05,3.6036418608914013e-07,0.00015860893977639936,4.231971575759962e-10,5.84613157899526e-06,2.0841831925783744e-07,0.0013097299988644332,7.423065857159953e-06,9.323334175249513e-08,0.0029102833193369536,1.030171377831293e-05,0.006938774026866805,7.823409645901789e-06,4.766905706782015e-05,3.291246640412854e-07,1.1878468429288079e-05
64,5.824860404765721e-07,5.346115171931469e-09,6.202553081171676e-06,0.00448557679605722,0.00020311976452591743,3.0803228614181004e-08,2.286704123802095e-06,0.9821630801486416,1.340106617241421e-07,9.409289120705273e-05,3.5808173955383334e-07,0.00016033327950936875,3.3616369080785737e-10,5.52025806694899e-06,2.093230683132999e-07,0.001312298539690612,7.336696009107926e-06,9.002644548178694e-08,0.0030100152511394955,8.751622803408246e-06,0.008474703869311987,7.565429941271972e-06,4.587057333072323e-05,2.961383017404266e-07,1.1539070795421347e-05
65,6.247009813309622e-07,4.721406829149795e-09,6.323029433976556e-06,0.0023774318131642666,7.485129438865582e-05,8.431710693298566e-09,2.7799141348809825e-06,0.9920216760090611,1.9026142213591412e-07,4.969142425526049e-05,1.877521018752554e-07,6.460423857727433e-05,3.613454276175409e-10,2.10236185548699e-06,1.8857216014744223e-07,0.0006526031773245911,6.154854782861459e-06,3.0543103076576564e-08,0.0022329490823526275,6.959947113816253e-06,0.0024673667983354016,4.041469217512031e-06,1.9291217987358394e-05,4.1414416502723735e-07,9.52387961838376e-06
66,4.298370392011865e-07,3.857814715665609e-09,6.8489489201907105e-06,0.004055364217181879,0.0001539966729111995,2.8030366089000492e-08,2.7458908728732712e-06,0.9860557791965905,1.6816385152980454e-07,0.00010647389684758511,2.4135021232116e-07,0.00012235854639566847,4.4066789770476673e-10,4.921441611666977e-06,1.1881690757607013e-07,0.001636285175531076,3.6313260529893967e-06,5.6393832681840494e-08,0.0033358980212959033,1.4181956179055415e-05,0.004462754377986017,5.089220618332893e-06,2.459231963875441e-05,1.994831224302182e-07,7.832417551586637e-06
67,6.235185110874921e-07,5.46182010636406e-09,6.671865775334285e-06,0.004708970422319626,0.00020123519802786626,3.116897653581648e-08,2.5418925063050304e-06,0.9833498589710773,1.3732613168798331e-07,9.254824565507635e-05,3.4997075769236436e-07,0.00016125640764966929,3.9417331523676285e-10,5.912211691176074e-06,2.0032146401672382e-07,0.0013571231093182663,7.091282191006729e-06,8.964470855699193e-08,0.0029347829212402698,9.966830896948504e-06,0.007093364214598021,7.495453460998493e-06,4.777326693746605e-05,3.0813480019971776e-07,1.1661765311537524e-05
68,1.0432249362889522e-06,9.983433922862877e-09,6.9143977277477905e-06,0.00846965353880296,0.00021079050874441897,7.008819356225128e-08,3.967421551861305e-06,0.975519736189764,1.2765722991535695e-07,0.00012813206865951998,8.850515653990156e-07,0.00027573856593736114,6.580880381724462e-10,7.151064018561137e-06,2.6977123821742653e-07,0.0016304611818773885,1.3624600267086795e-05,3.449692103070552e-07,0.002076163867458153,2.020270563776031e-05,0.011474748485799416,1.3641602738963719e-05,0.0001274686940274028,5.5941103414872e-07,1.8294292057631847e-05
69,3.8394007261449115e-07,3.816241535196901e-09,6.730559201347507e-06,0.004843850657396238,9.625445381842994e-05,1.470391281880519e-08,2.0214394861116395e-06,0.9882795559689721,1.196311549093155e-07,8.500864894834883e-05,1.9052002979878398e-07,8.909675831791424e-05,3.5986177588052547e-10,2.7215580043086635e-06,8.816580799968635e-08,0.0009289146236316346,5.03517278348667e-06,7.06773869721772e-08,0.0014961642534998122,1.4625537085805312e-05,0.004110080303146855,3.6325093713490735e-06,2.4418792535533744e-05,3.200514995933583e-07,1.0696897832625148e-05
70,1.035966369501914e-06,8.256393799225752e-09,1.4026333094702055e-05,0.008251106643867108,0.0003110683890835118,5.9359216653432084e-08,4.395247712808806e-06,0.9746857565868668,1.8588609715058984e-07,0.00012410853197502281,5.01242008204717e-07,0.0003071500468528805,6.814512879387117e-10,1.6357499164689274e-05,2.614582784846487e-07,0.0025320308467558605,7.72060967435161e-06,1.449890652433126e-07,0.0037096450321585216,1.8661032020387535e-05,0.009900042457053343,1.0377498504578307e-05,8.179001651113877e-05,3.6024856438340554e-07,2.3205141259695576e-05
71,7.935639024194358e-07,4.269069952569673e-09,6.472580995727389e-06,0.004775269669270937,9.498458132330016e-05,2.2770865807210374e-08,3.659821247984719e-06,0.9861616162973281,1.1412617099929573e-07,6.781740621013384e-05,3.582883600396181e-07,0.00014014042856312119,4.0701601466783414e-10,4.2068762585905035e-06,1.4418192000239982e-07,0.0015257749964540425,6.909352732824925e-06,8.623279761102132e-08,0.002197896991341807,1.6434903727678896e-05,0.0049324965732394565,5.575840206394516e-06,4.932693763786214e-05,3.0163035577447796e-07,9.591273003412915e-06
