,0,1,2,3,4,5,6,7,8,9,10,11,12,13,14,15,16,17,18,19,20,21,22,23,24
0,4.979683446590409e-10,7.82405608827474e-08,8.993758244779224e-07,0.0008014592217416673,2.0519210163295905e-06,6.817251025791887e-07,0.0016157778016754496,0.970759560224509,7.811708117952901e-10,7.263472284197627e-05,0.002724639671783208,1.0581302118221337e-06,9.800461070111043e-11,0.017469598396484362,3.624622253180773e-08,2.349801496637029e-06,3.6908295417329795e-07,4.4699005130501496e-07,7.516482843519923e-08,1.2731306794695184e-06,3.107688602832785e-07,2.5914339073879912e-06,0.0065438573716834385,2.7557023622858995e-08,2.2164339713708114e-07
1,3.508160057567782e-10,5.523675763937094e-08,6.124088039457045e-07,0.0003735072138464544,1.7028110399048041e-06,6.232505721060154e-07,0.0009663034345055992,0.9860775837193158,8.702832089060973e-10,4.378244316378169e-05,0.0018996320873313323,6.634812124676066e-07,9.571013235182475e-11,0.007758431554960191,4.206277489474531e-08,3.2934528263438844e-06,2.720725483116322e-07,2.5129679390501505e-07,1.1203138118436504e-07,1.1134043894701255e-06,2.2652691624584487e-07,2.143195717844874e-06,0.0028695225858659953,2.3428373585461662e-08,1.009840937199261e-07
2,3.2475105361730224e-10,5.9203051533018965e-08,6.469690517967374e-07,0.0005141651814457994,1.5581020614460646e-06,6.17429976916712e-07,0.0010136296754414483,0.9818620527727431,8.285729323474733e-10,4.264065603972791e-05,0.002509228371229442,7.90400387716531e-07,8.779810569250632e-11,0.010216157421142659,3.6126324879495736e-08,2.575274045383369e-06,3.1708919906109886e-07,2.9895503603126003e-07,9.808669333241948e-08,1.0292427051276854e-06,2.7610582107515494e-07,2.641007536709704e-06,0.0038310459584034663,2.6100108244029712e-08,1.0863043316922078e-07
3,3.6169132489564184e-10,5.894146193977277e-08,5.939787400012815e-07,0.0004633708402460626,2.0856455912913013e-06,6.237409560553551e-07,0.001077644587635901,0.9810686446351984,8.176338239498455e-10,4.2856893974021415e-05,0.0024883621826077627,7.451664925781514e-07,9.845888387739893e-11,0.010914881360832055,4.072181256985808e-08,2.9261981583428e-06,3.4696840606873575e-07,2.916915086097548e-07,9.365360193216783e-08,1.227038985597637e-06,2.5285343635298437e-07,2.3564348597527814e-06,0.003932445644081943,2.449771838694763e-08,1.2504591064410925e-07
4,4.16873046227611e-10,6.596224037135039e-08,6.389907110963783e-07,0.0004883296544532274,2.3032659675538134e-06,6.539146946607761e-07,0.001148945145212807,0.9794605489281571,9.248773600986676e-10,4.3817977793312576e-05,0.002636901507290292,8.777543872449896e-07,1.2156514955207912e-10,0.012075094561186207,4.343954672356778e-08,3.068145717716058e-06,3.959810283591355e-07,3.188921302211706e-07,1.0213196415448451e-07,1.326310946187881e-06,2.8125473484720487e-07,2.6024813096286347e-06,0.004133514089626151,2.6795427576067412e-08,1.4135215898709874e-07
5,3.8580466895642436e-10,6.45421384990393e-08,5.992937402371281e-07,0.0005891511550368438,1.951003647287661e-06,6.196247022237195e-07,0.0010736007268665648,0.9786070165191653,8.361139971030643e-10,4.858672383281131e-05,0.0025680003949273963,8.375720430659212e-07,1.0228253861466043e-10,0.012874081736759881,3.884669391908257e-08,2.9354393088610994e-06,3.8055700935769467e-07,3.723327190382732e-07,8.569918973007841e-08,1.3412527663628661e-06,2.764732163725311e-07,2.6684707346942154e-06,0.004227226184715108,2.628397787254872e-08,1.3784260726190132e-07
6,3.6169132489564184e-10,5.894146193977277e-08,5.939787400012815e-07,0.0004633708402460626,2.0856455912913013e-06,6.237409560553551e-07,0.001077644587635901,0.9810686446351984,8.176338239498455e-10,4.2856893974021415e-05,0.0024883621826077627,7.451664925781514e-07,9.845888387739893e-11,0.010914881360832055,4.072181256985808e-08,2.9261981583428e-06,3.4696840606873575e-07,2.916915086097548e-07,9.365360193216783e-08,1.227038985597637e-06,2.5285343635298437e-07,2.3564348597527814e-06,0.003932445644081943,2.449771838694763e-08,1.2504591064410925e-07
7,3.4684537230371786e-10,5.8864438021382186e-08,5.683843084329593e-07,0.0004708112178774387,2.0764270981048694e-06,6.171714274293353e-07,0.0010589909016401446,0.9808489163808721,8.100102440144786e-10,4.240010765025556e-05,0.0025008584296630568,7.37584725961052e-07,9.588560358847611e-11,0.011126378900925993,4.112446597753462e-08,2.943029350626431e-06,3.5077271175632276e-07,2.9024536451587886e-07,9.121847545201433e-08,1.2250308903672372e-06,2.531045754053622e-07,2.411515195419234e-06,0.00393983009437012,2.3823693283116756e-08,1.244175389783187e-07
8,1.8818047794379886e-10,3.155290656050391e-08,2.3035398222464932e-07,0.00016934492100551188,1.5082613408352492e-06,3.7669898927515025e-07,0.0006750399165419538,0.9897966607026188,6.558859152202941e-10,1.8517914671938897e-05,0.0025383003075353373,4.5093323893951356e-07,5.710860552459727e-11,0.0053862866163233054,7.065744364419135e-08,2.8511587790085554e-06,3.587740021437774e-07,2.218886395268124e-07,1.1402117319250972e-07,5.335017426125351e-07,1.8956777453448866e-07,4.427825592751182e-06,0.0014044029517695804,1.190665011255238e-08,6.866610318323455e-08
9,2.9608420804940675e-10,3.838546718818552e-08,3.9251371464216414e-07,0.00024054757895614442,2.2712374050480564e-06,5.13772402433193e-07,0.0008770291276802775,0.9848530574564974,6.491152851509389e-10,2.6479867465622343e-05,0.0027499692274232175,5.240944835349967e-07,8.393894716541768e-11,0.008493926280582499,4.66330821739763e-08,2.7659427175137804e-06,3.7751829903903846e-07,2.414300970574313e-07,9.811667247011794e-08,9.165756907523043e-07,1.9327255066873799e-07,2.5242044793741588e-06,0.0027479723888808485,1.8110184044958766e-08,9.523612973975114e-08
10,3.6169132489564184e-10,5.894146193977277e-08,5.939787400012815e-07,0.0004633708402460626,2.0856455912913013e-06,6.237409560553551e-07,0.001077644587635901,0.9810686446351984,8.176338239498455e-10,4.2856893974021415e-05,0.0024883621826077627,7.451664925781514e-07,9.845888387739893e-11,0.010914881360832055,4.072181256985808e-08,2.9261981583428e-06,3.4696840606873575e-07,2.916915086097548e-07,9.365360193216783e-08,1.227038985597637e-06,2.5285343635298437e-07,2.3564348597527814e-06,0.003932445644081943,2.449771838694763e-08,1.2504591064410925e-07
11,3.9805832259097295e-10,6.24171372900643e-08,6.300304302022908e-07,0.00047216393179845523,2.229585746956621e-06,6.477620103770983e-07,0.0011209096485303538,0.9805798095074931,8.92824970482281e-10,4.3230060714786576e-05,0.0025695888210108464,8.179740016231997e-07,1.1412249293818587e-10,0.011184610124796266,4.221870043099885e-08,3.0463421501893823e-06,3.6712670549396917e-07,3.0422277042291227e-07,1.004958488022356e-07,1.3044526269296344e-06,2.6668366589544714e-07,2.427979918767134e-06,0.004017280918390165,2.6766448656135706e-08,1.3152409814571758e-07
12,3.3471660315862304e-10,5.273228209652086e-08,5.825675009728387e-07,0.0004183515305160693,1.8342406670249953e-06,5.7305702900141e-07,0.001014833653075849,0.98383619617162,8.055766919510151e-10,3.803411198934863e-05,0.002364732956250423,7.187485476105282e-07,9.245246675186196e-11,0.008906309827054192,4.014319359159197e-08,2.8415967635233705e-06,2.9316821050544747e-07,2.597662525003938e-07,9.575279260748806e-08,1.0996551109763588e-06,2.286514118174978e-07,2.2095414408996982e-06,0.0034105803877508716,2.417084584545272e-08,1.0633694867839311e-07
13,4.224643333091746e-10,6.721738041251423e-08,6.713557707767979e-07,0.0004813941827753612,2.186684282732542e-06,6.95993424857474e-07,0.0011541251506653279,0.9818901127887683,8.716169327037061e-10,5.611283436534344e-05,0.0021102747261048304,7.049704126864524e-07,1.0353370682911496e-10,0.010327233403878668,4.192713061311965e-08,3.2934939860414605e-06,3.636212693004984e-07,3.233697349537474e-07,1.0303791757061426e-07,1.3981920011716496e-06,2.7533310945001465e-07,2.3108373009031397e-06,0.003968145638801229,2.5886018282738857e-08,1.3795728622679437e-07
14,3.5391034343662953e-10,5.530924040977147e-08,6.168946328292909e-07,0.00046474169112195986,1.969959524768081e-06,6.09444261704228e-07,0.0010409087763361827,0.9818108137866773,8.01796455897013e-10,4.064106103768898e-05,0.0024095955917725047,7.45777326436655e-07,9.98579710878757e-11,0.010363787129713658,3.9791302383816694e-08,2.894956477578268e-06,3.4703444271789375e-07,2.8277219534429396e-07,8.957727290041159e-08,1.198472238395252e-06,2.5122095956851605e-07,2.3314052590654582e-06,0.003857931364109895,2.3916772513264192e-08,1.2281175933178431e-07
15,3.6169132489564184e-10,5.894146193977277e-08,5.939787400012815e-07,0.0004633708402460626,2.0856455912913013e-06,6.237409560553551e-07,0.001077644587635901,0.9810686446351984,8.176338239498455e-10,4.2856893974021415e-05,0.0024883621826077627,7.451664925781514e-07,9.845888387739893e-11,0.010914881360832055,4.072181256985808e-08,2.9261981583428e-06,3.4696840606873575e-07,2.916915086097548e-07,9.365360193216783e-08,1.227038985597637e-06,2.5285343635298437e-07,2.3564348597527814e-06,0.003932445644081943,2.449771838694763e-08,1.2504591064410925e-07
16,3.498892712492734e-10,6.018259586256337e-08,5.624352825052924e-07,0.00046515106871708684,2.010623184723422e-06,5.955791956903719e-07,0.0010703391452800135,0.9812824550323627,8.091175160976152e-10,4.384826566137337e-05,0.0023930462969273,7.603394234495425e-07,9.66960975586296e-11,0.010878330703261826,4.088148400979932e-08,2.895130588915634e-06,3.4504264582831716e-07,2.9185580248162435e-07,9.385727160049306e-08,1.2142581291151999e-06,2.571256148955922e-07,2.4567724071166312e-06,0.0038550957970522022,2.3589824143806694e-08,1.2476158446441e-07
17,5.477093184082899e-10,5.770718289137378e-08,1.316514833850662e-06,0.00027936575597254314,1.1907419960593874e-06,1.0490583347094181e-06,0.001135949318646566,0.9925323092412407,1.049517132078205e-09,7.806384163815759e-05,0.001239450004529347,3.865327069309355e-07,5.965404802306267e-11,0.0031439048951869618,5.0254265563584214e-08,3.846908669383597e-06,1.2621477767231518e-07,2.8322144678152296e-07,1.9440078412005258e-07,8.005819178359678e-07,2.1682177970703772e-07,1.2668872612513864e-06,0.0015800552218241373,3.144247134662134e-08,8.277565280207299e-08
18,4.795345846238252e-10,7.66218626846549e-08,6.001873774926831e-07,0.0005987716124114113,3.0062156145016466e-06,6.725492420089707e-07,0.0014402273044980972,0.9694674977104414,7.539432514701172e-10,6.497769566929834e-05,0.0027604527498241416,9.172619478634025e-07,1.244344695589875e-10,0.01952183146996715,4.3409322889650475e-08,2.877824625397682e-06,6.252370687067806e-07,4.528971775218553e-07,8.265325292916294e-08,1.6291494296319912e-06,3.4435404743513147e-07,3.126082489926691e-06,0.0061315220498183755,2.2693455201561114e-08,2.409125437410393e-07
19,3.7426290208503436e-10,6.525656802538263e-08,6.738776583860475e-07,0.0005469672441353518,1.738912909824965e-06,5.168590242367334e-07,0.001269000953639255,0.9828610600556856,9.573770541119692e-10,4.2009733214351624e-05,0.0021499638897396504,1.0455785891535456e-06,1.1152449787759068e-10,0.009674622586976031,4.099356738801064e-08,2.7753988078047166e-06,2.968060905828988e-07,2.8184917642807513e-07,9.229265709097035e-08,1.0631327291685944e-06,2.6895426352479005e-07,2.5445080121029765e-06,0.003444815073127952,2.393326869366871e-08,1.3066699497177561e-07
20,1.0080161444962213e-09,1.5967236793403793e-07,1.3157979655314915e-06,0.0008760527718020241,6.503397975137213e-06,1.4745514355485067e-06,0.0022907866247966263,0.9516410419573545,1.3481105813124165e-09,0.00011831871880287948,0.003937887876104388,1.2082134011640804e-06,2.3726079621253303e-10,0.027806812426113766,3.780634611415426e-08,3.999728950253736e-06,7.568158174164173e-07,5.355923493234169e-07,1.501536603965848e-07,3.457167293767282e-06,5.23245159766306e-07,2.1815738549014174e-06,0.013306400238150365,6.496559541672433e-08,3.2811131532605723e-07
21,3.487084312122548e-10,7.07932967065011e-08,4.989994794101066e-07,0.0005472425842674787,1.6816958419737632e-06,5.549896379182235e-07,0.0009378448920378529,0.9807388522096729,9.44415447799833e-10,4.542426779867566e-05,0.0020286717381868863,8.620604175649053e-07,9.784368903670967e-11,0.012691117228562719,3.693736194098393e-08,3.3495580152933143e-06,2.805963466797217e-07,3.115056417184494e-07,8.869438332631354e-08,1.2764197068553634e-06,2.377258794019303e-07,2.370911531554932e-06,0.002999092420235127,2.2586397716723372e-08,1.0979433254057098e-07
22,3.7728692086401825e-10,5.5908353957722634e-08,6.000141321706299e-07,0.0004574971886432854,2.0837453284162106e-06,6.374533236719886e-07,0.0010066737203091114,0.9810564669608091,7.923691235632613e-10,4.235971728551148e-05,0.002607465979844808,6.915270363449704e-07,9.53223582592016e-11,0.010957696044064763,4.1487151049967597e-08,2.9604923870404313e-06,3.814851816071817e-07,3.247309175146534e-07,9.051741887755198e-08,1.2399371844678523e-06,2.5447407499714924e-07,2.490700117069582e-06,0.0038598355629300357,2.4373228532006742e-08,1.2671529913517355e-07
23,3.6169132489564184e-10,5.894146193977277e-08,5.939787400012815e-07,0.0004633708402460626,2.0856455912913013e-06,6.237409560553551e-07,0.001077644587635901,0.9810686446351984,8.176338239498455e-10,4.2856893974021415e-05,0.0024883621826077627,7.451664925781514e-07,9.845888387739893e-11,0.010914881360832055,4.072181256985808e-08,2.9261981583428e-06,3.4696840606873575e-07,2.916915086097548e-07,9.365360193216783e-08,1.227038985597637e-06,2.5285343635298437e-07,2.3564348597527814e-06,0.003932445644081943,2.449771838694763e-08,1.2504591064410925e-07
24,3.7399502258706366e-10,7.549256770968865e-08,5.344280706040673e-07,0.0006072651266535336,2.067259214398096e-06,6.395841009705461e-07,0.000998293453514788,0.9760826172853893,8.64459113941027e-10,5.195795334705804e-05,0.002378010601542274,8.231783561776521e-07,1.0571799902706773e-10,0.015535150783580233,3.550844886164869e-08,3.120894270263638e-06,3.8947842879743724e-07,3.4850282870692837e-07,8.87134392965898e-08,1.5771486840282347e-06,2.723770940256438e-07,2.5219950654917775e-06,0.004334051942686576,2.5505655062885102e-08,1.314428896724736e-07
25,1.7763515702118382e-07,9.63522217677398e-06,0.00024756236879285113,0.004758657788069553,0.0001429553258951566,5.9960919242145174e-05,0.09788986241778916,0.5362736916899777,5.293823536629422e-08,0.033448812864410156,0.0016226518929775009,2.714043782029585e-05,3.327524690355e-08,0.028391688217962948,3.2806753446042696e-06,8.65355479832409e-05,4.1292138734286656e-05,1.2604098972012128e-05,6.3244084316394935e-06,0.00010325923867673754,8.82541916441477e-05,5.0649939300282596e-05,0.29651949474014605,1.4123895682705513e-06,0.00021400963744504345
26,7.909085717923509e-10,8.702712532084314e-08,1.2242005848450086e-06,0.0006503800985364356,3.7417095581172546e-06,1.0409870898950656e-06,0.001339119059110824,0.9733105821891206,1.233963917161293e-09,6.517729167495204e-05,0.0037433803533496006,9.659945336628197e-07,2.0798708765205686e-10,0.012355887679356978,3.9608881137071086e-08,3.6828096327652823e-06,6.171872900723056e-07,4.6432797481811105e-07,1.43610292491483e-07,2.632320708506112e-06,3.982680505800695e-07,2.5715223384915703e-06,0.008517615361594382,6.839466799317359e-08,1.7776566805336116e-07
27,7.024754908646729e-10,9.869033768493497e-08,1.1191423540382928e-06,0.0006982393778962239,3.7291539850768116e-06,9.259362275992062e-07,0.0019917519363051688,0.9698004389178834,1.0469710133079576e-09,7.847235640935582e-05,0.002787414472834597,1.1360549514163084e-06,1.727100085793139e-10,0.017041184474608315,3.571197831483565e-08,3.044836261936026e-06,4.3712658587760956e-07,3.8973819526277737e-07,1.0964300236530188e-07,2.023794387887267e-06,3.6875237958024813e-07,1.7399387722164399e-06,0.007587057768562633,3.955081118763353e-08,2.407031135920015e-07
28,3.6169132489564184e-10,5.894146193977277e-08,5.939787400012815e-07,0.0004633708402460626,2.0856455912913013e-06,6.237409560553551e-07,0.001077644587635901,0.9810686446351984,8.176338239498455e-10,4.2856893974021415e-05,0.0024883621826077627,7.451664925781514e-07,9.845888387739893e-11,0.010914881360832055,4.072181256985808e-08,2.9261981583428e-06,3.4696840606873575e-07,2.916915086097548e-07,9.365360193216783e-08,1.227038985597637e-06,2.5285343635298437e-07,2.3564348597527814e-06,0.003932445644081943,2.449771838694763e-08,1.2504591064410925e-07
29,3.6169132489564184e-10,5.894146193977277e-08,5.939787400012815e-07,0.0004633708402460626,2.0856455912913013e-06,6.237409560553551e-07,0.001077644587635901,0.9810686446351984,8.176338239498455e-10,4.2856893974021415e-05,0.0024883621826077627,7.451664925781514e-07,9.845888387739893e-11,0.010914881360832055,4.072181256985808e-08,2.9261981583428e-06,3.4696840606873575e-07,2.916915086097548e-07,9.365360193216783e-08,1.227038985597637e-06,2.5285343635298437e-07,2.3564348597527814e-06,0.003932445644081943,2.449771838694763e-08,1.2504591064410925e-07
30,3.6169132489564184e-10,5.894146193977277e-08,5.939787400012815e-07,0.0004633708402460626,2.0856455912913013e-06,6.237409560553551e-07,0.001077644587635901,0.9810686446351984,8.176338239498455e-10,4.2856893974021415e-05,0.0024883621826077627,7.451664925781514e-07,9.845888387739893e-11,0.010914881360832055,4.072181256985808e-08,2.9261981583428e-06,3.4696840606873575e-07,2.916915086097548e-07,9.365360193216783e-08,1.227038985597637e-06,2.5285343635298437e-07,2.3564348597527814e-06,0.003932445644081943,2.449771838694763e-08,1.2504591064410925e-07
31,3.7243872004437627e-10,4.0136748341777096e-08,6.495127272601983e-07,0.00031540332677435434,1.4427323766285964e-06,4.860014260155234e-07,0.0009278130206696465,0.9872770517289808,5.990184785880083e-10,3.8227854802418856e-05,0.0016542194975606777,5.675236686523122e-07,8.330939450649254e-11,0.00714285854041431,2.914759047990925e-08,2.160472729662628e-06,2.4008155828974943e-07,2.555630861664214e-07,8.50963230845588e-08,9.552652741560154e-07,1.8810171829212531e-07,1.5359441148396414e-06,0.0026356772325929444,1.9500180932181365e-08,9.266391537410388e-08
32,3.7042621502474017e-10,5.8567860426658655e-08,5.949211806646661e-07,0.0004257353636902238,2.0374798768999296e-06,6.294815084864968e-07,0.0010516520402053986,0.9822047033189906,8.445087471636961e-10,4.20555112285121e-05,0.002448925956993918,7.371934296136176e-07,1.0076596298601679e-10,0.010150263147336006,4.170773198008041e-08,2.962298995266185e-06,3.3848540448974107e-07,2.8919981226390844e-07,1.0328065251898792e-07,1.1900088809619927e-06,2.510531235193905e-07,2.3911467614489715e-06,0.0036648948408252334,2.5235654752791503e-08,1.184441557992887e-07
33,2.729951048235014e-10,5.077990939397737e-08,4.325872034771226e-07,0.0004089097877772308,1.8482027034146183e-06,5.722925118157697e-07,0.0008227473042204412,0.9802439552687771,6.78154347574903e-10,3.7267855453158994e-05,0.002550661735571249,6.336987422633253e-07,9.110007092137978e-11,0.012088501233030827,3.3639066352867026e-08,2.7458652304516474e-06,3.6066378138057757e-07,2.665427316291499e-07,8.897104968097462e-08,1.2322952481811547e-06,2.2511274428258754e-07,2.479363104252097e-06,0.003836868698979113,2.2747229319298852e-08,9.431268532738436e-08
34,5.78103644989548e-10,6.496211248549413e-08,7.887092528386101e-07,0.00029907875227831645,2.1466479708910914e-06,6.23660007649298e-07,0.0010799979125776804,0.9861148371287949,1.2066104402012933e-09,3.1016948731192216e-05,0.0025281223180946026,8.863663624492086e-07,1.332465663688388e-10,0.007451321582879508,4.643177438428469e-08,2.96923718365264e-06,3.10179262216559e-07,2.8000487678152186e-07,1.6751080062028671e-07,1.0115611271347885e-06,2.500644466050704e-07,2.3281720201408486e-06,0.0024836160590178446,3.1466319844172885e-08,1.024061475096363e-07
35,3.466997359257308e-10,6.887553998044812e-08,5.930783253238507e-07,0.000527663005207716,2.5581974781046965e-06,7.700773494383531e-07,0.0011298058318193898,0.9764902752321635,8.845621910154741e-10,4.6271870446742894e-05,0.0029982768201043185,7.873241665941143e-07,1.101788418144461e-10,0.013705712505284457,4.703138481930139e-08,3.3107466696269265e-06,4.1109257693980596e-07,2.818985316298865e-07,1.012578656662495e-07,1.4601508604251172e-06,2.830208773016306e-07,2.5583206807636394e-06,0.00508859065992896,2.722059687705507e-08,1.444407004154786e-07
36,2.2227985692812221e-10,2.7139872505628528e-08,3.17160493407442e-07,0.00020443449589398248,9.147558215023561e-07,2.2702923344733968e-07,0.000682407333381985,0.9911104157244519,5.502386216041e-10,1.6408913740005313e-05,0.0012884368025992696,7.579964615935784e-07,8.552348241774163e-11,0.00557261423325264,3.248214362043507e-08,2.257299670437556e-06,1.9861795442428384e-07,1.600498392385047e-07,7.162213268367302e-08,5.561192039144271e-07,1.2212662594230113e-07,2.0761071924242883e-06,0.001117490483713472,9.713681399851155e-09,6.29345980977291e-08
37,6.48218106102464e-10,7.695184639542166e-08,9.85468521340229e-07,0.0006121497414507079,2.4034613642892914e-06,6.812604305143447e-07,0.001416338527714617,0.9793894344315061,9.85540025445758e-10,6.399779784925707e-05,0.0026391853411803414,9.433479273910767e-07,1.3238351253418197e-10,0.010598769660136696,3.398036976197225e-08,2.9138738566122487e-06,3.8837180009293703e-07,4.4391542663479126e-07,1.0969793898842597e-07,1.6628308096809658e-06,3.145947502200644e-07,2.3059045823054173e-06,0.005266661513324984,4.2483026300059243e-08,1.5507804514792812e-07
38,4.681912598168884e-10,6.317067329346867e-08,7.617673658926314e-07,0.00040416836978972515,2.470567668213257e-06,7.879355895374216e-07,0.0013070497959833506,0.9822013614773176,9.778113166544354e-10,4.755399221946321e-05,0.002480600313011406,7.39174425424099e-07,1.0937641450144618e-10,0.009927049765333734,4.9636700284817846e-08,3.295744272160865e-06,3.161997546469849e-07,3.0105568934305083e-07,1.1595759908631215e-07,1.147838461044054e-06,2.559955793064433e-07,2.129200052985969e-06,0.003619611610270475,2.72930007191108e-08,1.4158386337855627e-07
39,6.018603573198252e-10,1.610760683574805e-07,6.427719822746176e-07,0.00105464378970497,4.178720760583832e-06,7.620371998401072e-07,0.0017816349676655198,0.951518379788531,1.2676653866274283e-09,7.373985253618578e-05,0.004449538128904121,1.4720029830486008e-06,1.396162860526299e-10,0.03129185648155417,4.561679758529215e-08,3.487142676217142e-06,5.344717076569014e-07,4.5288401970595155e-07,1.0782157024307122e-07,2.4771480166157778e-06,3.464989472228765e-07,3.3960358375560526e-06,0.009811848838062506,4.4377373325052325e-08,2.4753795936011406e-07
40,5.7046878711517e-10,8.04974018587851e-08,8.891901880173959e-07,0.00045646157052225153,2.647841208212616e-06,7.660268331924013e-07,0.0015347789044400126,0.9784360147178068,1.1934445676882528e-09,4.4165780490218226e-05,0.002747150951384545,1.1299109504308017e-06,1.3866960571891453e-10,0.012789370982563948,5.707464551474985e-08,3.0690218064726832e-06,3.80127860652747e-07,3.1476008809645434e-07,1.2709882800189453e-07,1.0639652833964864e-06,3.068481897422808e-07,2.7533645824518017e-06,0.003978251935420709,2.640630949541051e-08,1.911206131083805e-07
41,5.668819051858608e-10,5.699226675294373e-08,7.777201191846235e-07,0.00039153827550651645,4.1833783831177576e-06,7.573707076290759e-07,0.00153351641528814,0.9838201820908626,1.3700001138884041e-09,3.1116582029002215e-05,0.0026907834512844386,7.98536031989434e-07,1.4578423154415987e-10,0.008524462594233504,6.649369546577467e-08,4.669799339606207e-06,3.061085938114653e-07,2.6006954501593996e-07,9.25028070687193e-08,1.3060518753022168e-06,2.1079107776731824e-07,1.6376972599847056e-06,0.0029930942480715377,2.7044565487798663e-08,1.537037896642218e-07
42,6.635184063472834e-10,1.0742326995221316e-07,8.948469872105283e-07,0.0007818485508137965,4.693335293680787e-06,9.78743859861043e-07,0.0018910347139142912,0.9598892712342388,1.089360033373993e-09,6.834961389546791e-05,0.00400271235150817,1.039939141320886e-06,1.41329534575795e-10,0.024504700499155683,4.372650751583674e-08,3.1240501539641228e-06,5.559052122151202e-07,4.463262358958691e-07,9.465418551345405e-08,2.057322373602479e-06,3.638754437346065e-07,2.371220858106751e-06,0.00884500876744973,3.8354898099694324e-08,2.626503954881997e-07
43,2.745716464987163e-10,5.7396785476871895e-08,5.008074796305714e-07,0.0004331314923489065,1.6086385405946038e-06,7.166464137190583e-07,0.0008807537163695241,0.9830333734537164,6.639786184256282e-10,7.254457724470645e-05,0.0016504681269032032,5.038874041352394e-07,8.136498121827742e-11,0.010020576652549252,3.5147261579608305e-08,3.098863595930397e-06,3.536539291353348e-07,3.140249655417099e-07,9.86695052365062e-08,1.36104943358244e-06,3.0292954016216784e-07,2.499883907703192e-06,0.003897568125377055,2.1219990984340648e-08,1.1001682252245548e-07
44,3.6169132489564184e-10,5.894146193977277e-08,5.939787400012815e-07,0.0004633708402460626,2.0856455912913013e-06,6.237409560553551e-07,0.001077644587635901,0.9810686446351984,8.176338239498455e-10,4.2856893974021415e-05,0.0024883621826077627,7.451664925781514e-07,9.845888387739893e-11,0.010914881360832055,4.072181256985808e-08,2.9261981583428e-06,3.4696840606873575e-07,2.916915086097548e-07,9.365360193216783e-08,1.227038985597637e-06,2.5285343635298437e-07,2.3564348597527814e-06,0.003932445644081943,2.449771838694763e-08,1.2504591064410925e-07
45,1.1857736221404993e-09,3.9916196379169497e-07,1.2617031478166025e-06,0.0018777198519006352,8.28824928371265e-06,1.662259577049315e-06,0.002711360481728688,0.8894516170835731,1.7297896709618147e-09,0.00024810597083320033,0.004814909139422592,2.126067297598825e-06,3.174260365622047e-10,0.06504839903045297,3.597210162191763e-08,3.7389200700837475e-06,1.7111154959201114e-06,8.842681836687856e-07,1.847365572366103e-07,6.293137989839269e-06,1.2324170691509373e-06,4.927045723050948e-06,0.035814434537290836,9.023727137317686e-08,6.153800764200832e-07
46,3.015785694308201e-10,4.873228906266788e-08,5.372980106495262e-07,0.0005079619599233932,1.8502947137685586e-06,6.405009394980499e-07,0.0007310748046899555,0.9804583457914469,7.043970091521316e-10,3.6711626095688994e-05,0.00270179375720291,6.963926887532681e-07,1.2727795967788345e-10,0.01115641132513757,4.1960988875469806e-08,3.2763820643324213e-06,6.570808461903906e-07,3.248178959533963e-07,8.751164213571009e-08,1.575328427509193e-06,3.0206154565207327e-07,3.573080181215118e-06,0.004393940740163211,2.4692340867875804e-08,1.2272751242287486e-07
47,5.027845948789697e-10,6.507593826307671e-08,6.789082320057693e-07,0.0004011493025306823,2.062690855308738e-06,4.86328999261067e-07,0.0012264745075725421,0.9852173688297918,9.858783577204299e-10,4.1168877270093e-05,0.0019307770171081828,1.0994730636388418e-06,1.5383702759485916e-10,0.007992447580169312,4.877011818899816e-08,3.3455283325783586e-06,3.903000309127655e-07,2.872617846674313e-07,1.2082860000304287e-07,1.2628527375066585e-06,2.6932866430704406e-07,2.8644017593171264e-06,0.003177457327116204,2.5109513134534708e-08,1.4805731216438004e-07
48,3.7349544434319975e-10,6.945592122216796e-08,5.881032723599975e-07,0.0003921894375028811,1.9453098406766696e-06,6.575354331660123e-07,0.0010496886906316877,0.9816763181720009,8.268498080385407e-10,5.0215366785762664e-05,0.0023292826712644926,7.342873496808711e-07,1.0631401953103174e-10,0.01057845877633191,3.5976666882868216e-08,2.7971131803281425e-06,3.4933724055334166e-07,2.769555114068517e-07,1.3748498874004922e-07,1.2798975460640118e-06,2.668573763483106e-07,2.4757667561470443e-06,0.003912096412481155,2.8538873442627397e-08,1.0654638521752283e-07
49,3.9326101631347107e-10,6.454108214487006e-08,7.253008391283612e-07,0.0005654609044888324,1.962316619279824e-06,7.099697929057733e-07,0.001103062937323341,0.9795333074489748,8.932872612409743e-10,4.964597836816423e-05,0.002501989068004789,8.591166540879542e-07,1.1420040935678065e-10,0.011760712144035804,4.133167475224407e-08,3.0795247819188773e-06,3.7308655258386076e-07,3.2489391358660986e-07,9.610668026994431e-08,1.3424944647340278e-06,2.9091334946513536e-07,2.55913442831699e-06,0.004473221369050769,2.796162303449641e-08,1.4205654862561955e-07
50,8.556098550087604e-10,3.675065426230328e-07,2.3958514006449378e-06,0.007166285915490363,6.1833152896559385e-06,7.537997805827918e-06,0.0001761940971391154,0.884217784353811,1.93609867458861e-08,1.2995052963311263e-05,0.06676496196421176,1.257282422717087e-06,2.643761385245714e-10,0.01837147903670411,2.3377144929571347e-07,2.3800409815012792e-05,3.3282505179631272e-06,1.0351627580636053e-06,3.5787092868393696e-07,1.236406577231587e-05,1.7292598788181716e-06,2.0839690494095185e-05,0.023207671097601322,1.092211847137069e-06,8.535418365413966e-08
51,3.694021969932956e-10,4.758901285002788e-08,6.232335489010189e-07,0.0003779878338039209,2.7797025798070974e-06,6.946834112233228e-07,0.0012311242630455932,0.9812327305308787,7.668795848908339e-10,4.1597333361537636e-05,0.0027634860248475796,6.786623681135102e-07,1.1547563280065687e-10,0.009795004780566744,4.3820343203922545e-08,3.157685363236173e-06,3.797113636543408e-07,2.712755180089747e-07,9.36331971290111e-08,1.272886110841733e-06,2.501530559154224e-07,2.086010715379054e-06,0.004545525694112829,2.6000737890035508e-08,1.3724029953163753e-07
52,4.1361370471319554e-10,4.2872289807628324e-08,5.815834622670004e-07,0.00037290732652518364,1.940771652458366e-06,8.373275318744646e-07,0.000791944648746127,0.9800880903729584,6.525380875779486e-10,5.156063842333015e-05,0.002647145518638024,4.157071703149192e-07,6.702588685677654e-11,0.012671522390923548,4.393051123802606e-08,3.396656459002255e-06,3.823019011222471e-07,4.6583745705468813e-07,7.855931217705061e-08,1.1186690810801117e-06,1.97105219434487e-07,2.5111983032158537e-06,0.0033646658033800506,2.0965540748418708e-08,1.286813358581639e-07
53,2.9350348353368555e-10,4.8120611030041416e-08,5.284424019617786e-07,0.0004307336051843109,2.469429118551148e-06,4.7679989694107237e-07,0.0016373887711727225,0.9821634594433399,7.477691690004849e-10,3.6942494739958304e-05,0.0025299844818747496,8.634477969420074e-07,9.542691439702091e-11,0.009154870735510664,4.0834116255224365e-08,2.6087854474707137e-06,2.5345982392517697e-07,2.1418491461541148e-07,7.401259652569502e-08,9.747751600436273e-07,2.1166374676455466e-07,1.862612598588085e-06,0.004035840662910856,2.1213844532274628e-08,1.3088649323096382e-07
54,5.043737864145219e-10,9.460139609840798e-08,6.330005938230975e-07,0.0005261405320442136,2.5778685033844468e-06,7.381684412671821e-07,0.0014148036207429359,0.9748564190877439,9.536083821304124e-10,6.364316673400657e-05,0.0021813395268466085,9.57928766984739e-07,1.0985124134590919e-10,0.016808142627261102,5.93084606372817e-08,3.551958244458909e-06,3.784043131500392e-07,3.343203720061124e-07,1.0752872583673052e-07,1.367088545223158e-06,2.600236954067184e-07,2.6786721461300346e-06,0.0041355318851031215,2.052015683589614e-08,2.1859332944417765e-07
55,6.191126088200682e-10,7.824389642487611e-08,9.011381876920418e-07,0.0005982136372750177,2.0597595754061347e-06,5.214435600168311e-07,0.0015286875097628176,0.984228187713232,1.6027308745536885e-09,3.7305112241725906e-05,0.0021888163182210685,1.6690047644329757e-06,1.887677882781574e-10,0.00854328530297211,4.5175556758754873e-08,3.511158025830039e-06,3.0266769532729364e-07,3.5309318150062696e-07,1.149869158807919e-07,1.1594756420899922e-06,3.0769531004432647e-07,2.6114948505129043e-06,0.002861686493104689,3.4022333177501024e-08,1.461430844299534e-07
56,4.0307544367334105e-10,6.230821420086523e-08,6.322002972195889e-07,0.0004631754834848877,2.1946942702294143e-06,6.419421922924084e-07,0.0011227462944618475,0.9808231969561364,8.90840946387365e-10,4.3363276784779305e-05,0.0025346739541101193,8.1812284565021e-07,1.1265714498253114e-10,0.01106751074233386,4.271376290453526e-08,3.0343259004610526e-06,3.654304563131376e-07,3.068329585207265e-07,1.0149039632103455e-07,1.2694219318490395e-06,2.655452351359836e-07,2.4627335873294303e-06,0.003932975193483514,2.6219256634626515e-08,1.327113262658315e-07
57,3.5867208082125187e-10,5.5262335955886905e-08,5.442421976007396e-07,0.00037542957891836663,1.7589606623291645e-06,4.7652278052889315e-07,0.0009862629818017615,0.9857215640883735,8.555494025201666e-10,3.848465812685014e-05,0.0018527031549007975,9.276213426444822e-07,1.3898997501433392e-10,0.00796081266293996,4.014406192257785e-08,3.1932058224999696e-06,3.606847933262915e-07,2.4855682398566314e-07,1.129838134468163e-07,1.2582661310057422e-06,2.5150051870122683e-07,2.6215855014554423e-06,0.00305275682978456,2.300130071632549e-08,1.1215385685644518e-07
58,4.3654445296760185e-10,6.360428608413573e-08,6.82325690346909e-07,0.0004656451058784806,2.276604341280475e-06,6.522316430470185e-07,0.0011692828447685628,0.9809627786124793,9.4703559979194e-10,4.2795175465281417e-05,0.002732867312711537,8.650019582245595e-07,1.1921865508246911e-10,0.010467184912603686,4.1514052154399006e-08,3.0529684526543314e-06,3.49908820418836e-07,3.1124553524425957e-07,1.0965566339945453e-07,1.2949259142908557e-06,2.6769818107988194e-07,2.4142908115342425e-06,0.004146903815215463,3.124866826180734e-08,1.2749406093273674e-07
59,4.018822256570159e-10,5.995239751472238e-08,6.967415281298231e-07,0.00047980549522206223,2.1475667526107646e-06,6.572226449998566e-07,0.001117030548387898,0.9818009428121915,9.072535197541488e-10,4.304047937409327e-05,0.002644956896176804,7.886085108353799e-07,1.0905021324388778e-10,0.009695531199291467,4.022676629456613e-08,2.990521259861921e-06,3.3388308073573237e-07,2.9632413437920094e-07,1.0247751638216776e-07,1.297387647249656e-06,2.653769449171974e-07,2.2942482986178403e-06,0.004206569561783334,3.0773612542180274e-08,1.2027829153573369e-07
60,3.6169132489564184e-10,5.894146193977277e-08,5.939787400012815e-07,0.0004633708402460626,2.0856455912913013e-06,6.237409560553551e-07,0.001077644587635901,0.9810686446351984,8.176338239498455e-10,4.2856893974021415e-05,0.0024883621826077627,7.451664925781514e-07,9.845888387739893e-11,0.010914881360832055,4.072181256985808e-08,2.9261981583428e-06,3.4696840606873575e-07,2.916915086097548e-07,9.365360193216783e-08,1.227038985597637e-06,2.5285343635298437e-07,2.3564348597527814e-06,0.003932445644081943,2.449771838694763e-08,1.2504591064410925e-07
61,4.1016538745465486e-10,6.09822041129623e-08,6.884740101564946e-07,0.0004730872213641932,2.1933675567304665e-06,6.564854143582077e-07,0.0011325900577597487,0.981590911199257,9.105799688370105e-10,4.325208281727775e-05,0.002623007584609719,8.0608376112732e-07,1.1289638636107154e-10,0.009957608254455215,4.060410625937502e-08,3.0003830249007115e-06,3.417668419592711e-07,2.9893954012390935e-07,1.0409752293148642e-07,1.3066776441196128e-06,2.672032949389306e-07,2.3113141985993244e-06,0.004167312134281204,3.037928285491906e-08,1.2327341061670505e-07
62,3.6169132489564184e-10,5.894146193977277e-08,5.939787400012815e-07,0.0004633708402460626,2.0856455912913013e-06,6.237409560553551e-07,0.001077644587635901,0.9810686446351984,8.176338239498455e-10,4.2856893974021415e-05,0.0024883621826077627,7.451664925781514e-07,9.845888387739893e-11,0.010914881360832055,4.072181256985808e-08,2.9261981583428e-06,3.4696840606873575e-07,2.916915086097548e-07,9.365360193216783e-08,1.227038985597637e-06,2.5285343635298437e-07,2.3564348597527814e-06,0.003932445644081943,2.449771838694763e-08,1.2504591064410925e-07
63,4.098824239442719e-10,7.09815080232447e-08,6.474561175545855e-07,0.0005066116217727486,2.2885332143260664e-06,6.927324814314063e-07,0.0011373068808384894,0.9796639639207858,9.397521328818672e-10,4.78562142600282e-05,0.002589751428050978,8.171538040164354e-07,1.0972563399289544e-10,0.011741641496987469,4.462982400992105e-08,3.1348099817925473e-06,3.790640173483818e-07,3.132815822702262e-07,1.0690347093465279e-07,1.3715882928401582e-06,2.8401991106666024e-07,2.561604285010313e-06,0.004299988004710957,2.7653241010713832e-08,1.3856150156287866e-07
64,3.723104952247801e-10,6.54040203879244e-08,6.198644179756923e-07,0.0005040986280415178,2.1142726366186463e-06,6.700587549572589e-07,0.0011142217601037788,0.98000841331607,8.829987632986347e-10,4.783046227979481e-05,0.002478635214482807,8.13956611010669e-07,1.0881984760320939e-10,0.011587441975768206,4.22128430319475e-08,2.9804780021846736e-06,3.7483413339595713e-07,3.137582805974294e-07,1.0026233998838365e-07,1.2940248163356307e-06,2.9891950614512865e-07,2.5998996147168266e-06,0.004246907797417206,2.6169563681360868e-08,1.353661665687531e-07
65,4.636782720813315e-10,6.164254191727231e-08,6.167445023671475e-07,0.0004170409036447015,2.9949284005234473e-06,6.263961180861472e-07,0.0010409684400668375,0.9796747323307372,1.2381517641440796e-09,2.5384475995500434e-05,0.004293779347107614,1.0404162992485019e-06,1.5872933101618732e-10,0.010446812667287829,5.228114717107119e-08,3.595057579235625e-06,4.876954383601662e-07,3.031444457651477e-07,1.285115990557699e-07,1.3447278655925108e-06,2.6755973827934495e-07,3.3759158802734326e-06,0.004086230510106549,3.8409945300762656e-08,1.160329930374997e-07
66,4.961858665939947e-10,6.74840248887962e-08,7.796567011312155e-07,0.00047116255449039323,2.8245073508036043e-06,7.925384291176283e-07,0.0012803541359660913,0.9800193099857797,9.319275904684222e-10,5.663969454240012e-05,0.0026735898284067283,7.476727250608244e-07,1.2573835902802947e-10,0.01044025917790825,4.349933946571962e-08,3.284514079062068e-06,4.0963740434557336e-07,3.4059610945217074e-07,1.14799886177759e-07,1.6289971142339472e-06,3.0557952338012264e-07,2.2285256754563263e-06,0.005044929396388478,3.4092164574052444e-08,1.515721392191767e-07
67,3.6244601649923395e-10,6.997728599832316e-08,7.237520360407346e-07,0.0008521781441138143,2.696331491726826e-06,1.1461745882726117e-06,0.0009500895198798126,0.9638242568573546,7.664849724827773e-10,6.975746035347535e-05,0.0032703151563653284,7.013477299763253e-07,1.3640863619003537e-10,0.021913392616181693,3.583524124620539e-08,3.587102092002793e-06,6.094188145129494e-07,4.1155396704853657e-07,7.837996071252597e-08,2.457955051679186e-06,3.6305335201560764e-07,2.4703719594017487e-06,0.009104443736317675,3.607423356763259e-08,1.779162897738398e-07
68,3.4640444449306077e-10,5.6774605655716144e-08,4.5826416322107315e-07,0.00035885878427945896,2.6459773956468338e-06,6.085746236354e-07,0.0011183954549260624,0.9811105028532775,8.085895454402196e-10,3.5821359247733756e-05,0.0027005735366305524,6.79441448143642e-07,9.780457924268126e-11,0.01138764169517514,5.2787773836622065e-08,3.2462568925212955e-06,3.81661646268596e-07,2.666713755141235e-07,9.811618067212523e-08,1.1406776678046285e-06,2.2085962119617956e-07,2.4928003676433476e-06,0.0032757062743704367,1.9926644009796402e-08,1.2999888868374282e-07
69,3.0052991898901365e-10,5.3150835408554796e-08,6.667749562261482e-07,0.0005690305752319218,2.0837349689143753e-06,6.799016534153356e-07,0.0010315292729176594,0.9808337710308984,8.284215830533753e-10,3.956735759173888e-05,0.0030609855069280638,7.48096030049195e-07,1.0524824197829124e-10,0.009252325910802035,3.4965828895673644e-08,2.767032868978611e-06,3.055612589294989e-07,2.591534567110802e-07,8.88032124685115e-08,1.4229773744219826e-06,2.9209878211146954e-07,1.9721306620303693e-06,0.005201277475689652,3.612481620031814e-08,1.0112903564209045e-07
70,4.695308088015338e-10,1.2277487730328633e-07,7.898952471636346e-07,0.000557945491839029,3.467666277593217e-06,1.0773314950959668e-06,0.0016699903814543246,0.969555804929622,1.3913398576180038e-09,6.309101352777594e-05,0.005262836041432438,1.1785304444618351e-06,1.3607857164760223e-10,0.013700873306152323,5.901286177145479e-08,2.9250333078618274e-06,4.978038074749482e-07,3.557321021469702e-07,2.415299849657941e-07,1.4206070044583515e-06,5.574797527353269e-07,4.356710079366345e-06,0.009172179026334411,6.212017023687616e-08,1.6558527602344455e-07
71,5.076477923569496e-10,1.1790002624504613e-07,5.420789708299446e-07,0.000805877992852891,5.631969898566244e-06,6.979938702937062e-07,0.0015273865987499558,0.966272596131066,1.034847967479942e-09,8.433018416363645e-05,0.0022565009449494033,1.1053576806811e-06,2.4330461893499755e-10,0.018900090080308934,3.6107607049250465e-08,4.852695387506801e-06,6.552397552885496e-07,2.9708373739513495e-07,9.472307909770541e-08,5.005128227549764e-06,3.768827615501078e-07,1.912716055110112e-06,0.010131627427868821,3.9758041458454486e-08,2.2321914132214483e-07
