,0,1,2,3,4,5,6,7,8,9,10,11,12,13,14,15,16,17,18,19,20,21,22,23,24
0,2.563231181576629e-10,7.169932000622386e-08,1.6096485457761475e-07,0.00017670353291004352,7.958996884742605e-08,1.6947036524991704e-07,0.00016524948313057942,0.9802374349965152,2.4648948290837225e-09,1.6603614395570838e-06,0.005101258751497804,2.226638436690329e-06,7.525396435178627e-12,0.014096765204625777,1.2207634461646456e-06,1.8726759119740896e-06,3.241952224941964e-07,8.451196626299438e-07,2.3005696883950496e-07,1.9365728785023808e-08,2.3936862576852373e-07,0.00017095692909328906,4.239728443396351e-05,1.3250525399982332e-09,1.0949404559356365e-07
1,1.8900635000157301e-10,5.56286839029375e-08,1.1816600535677374e-07,7.26785819213309e-05,6.069304288175129e-08,1.6022124405714587e-07,9.40095176310929e-05,0.9912825941609735,3.1216707166280176e-09,9.97661975801467e-07,0.0034671815833266827,1.367901699538749e-06,7.224236183183358e-12,0.0049069775121535365,1.5647523171868567e-06,2.7407616058354583e-06,2.1489375689577758e-07,4.346850783460874e-07,4.5148745492635764e-07,1.593432172887645e-08,1.7656750055703765e-07,0.00015146153332758032,1.668996008720578e-05,1.2936281394102982e-09,4.3184362541226374e-08
2,1.714078603051528e-10,5.07237404726905e-08,1.1492776543407734e-07,0.00011246521610097434,5.3485529978152184e-08,1.7415054343372303e-07,8.937156096850676e-05,0.9874780859839699,2.7528513091581108e-09,8.73634701510326e-07,0.005042753800301104,1.6065589500273782e-06,7.314360290747612e-12,0.0070631792837749915,1.1305981097205337e-06,1.975004643718429e-06,2.99889829967689e-07,5.579611887164501e-07,3.807209415502284e-07,1.4288954766660826e-08,2.1410655505161745e-07,0.00018254718617844291,2.410038620104201e-05,1.5342553511362453e-09,4.606522179668895e-08
3,2.103487259998137e-10,5.979330409987517e-08,1.2024662727439063e-07,0.0001039688640520148,7.310295132844993e-08,1.656244488255419e-07,0.00010687014666008846,0.9874974883695533,2.9716664551984294e-09,1.0234737037854988e-06,0.004718281190923754,1.6702017155599698e-06,8.096915253848758e-12,0.00736592920703566,1.4544753719289e-06,2.402151487793085e-06,3.0155866394197356e-07,5.649829355481182e-07,3.7595364930260504e-07,1.8832752694893456e-08,2.0957677711822294e-07,0.00017381065327754362,2.5148658524969293e-05,1.4968044117581972e-09,5.824866706616982e-08
4,2.521032389866843e-10,6.656245270592784e-08,1.316143941896393e-07,0.00011606987174177171,8.033517159242499e-08,1.828380331274045e-07,0.00011338511856257534,0.9861455565815532,3.4913610965771438e-09,1.0739021461344808e-06,0.005078318327880744,2.030070628918559e-06,1.0740342280591799e-11,0.00831561626362259,1.5226775092649226e-06,2.586318065590227e-06,3.5850612099959645e-07,6.628331349998224e-07,4.2027622578795427e-07,2.107688848585597e-08,2.450390879414428e-07,0.00019480281149581894,2.6796361607606708e-05,1.762713472269532e-09,6.709675768950615e-08
5,2.3873756223898755e-10,6.475261933600257e-08,1.1991275330620845e-07,0.00013803631589590207,7.167909262521973e-08,1.7487133098895013e-07,0.00010868541626485636,0.9850670244545399,3.1444147468993455e-09,1.1596752696005094e-06,0.005035724547540019,2.061937320761976e-06,9.645065678369595e-12,0.009398692728108287,1.4241496409161167e-06,2.4022914627042126e-06,3.8892273332540627e-07,7.858146698806523e-07,3.65434381980939e-07,2.1598060268084715e-08,2.499289698935279e-07,0.00021363240223278848,2.8836596985304828e-05,1.6847144646793108e-09,7.149261508710144e-08
6,2.103487259998137e-10,5.979330409987517e-08,1.2024662727439063e-07,0.0001039688640520148,7.310295132844993e-08,1.656244488255419e-07,0.00010687014666008846,0.9874974883695533,2.9716664551984294e-09,1.0234737037854988e-06,0.004718281190923754,1.6702017155599698e-06,8.096915253848758e-12,0.00736592920703566,1.4544753719289e-06,2.402151487793085e-06,3.0155866394197356e-07,5.649829355481182e-07,3.7595364930260504e-07,1.8832752694893456e-08,2.0957677711822294e-07,0.00017381065327754362,2.5148658524969293e-05,1.4968044117581972e-09,5.824866706616982e-08
7,2.0361795972163922e-10,6.036226241554749e-08,1.1656986412796582e-07,0.0001068514255481936,7.252178486250013e-08,1.6339752959976728e-07,0.00010669101724864411,0.9873280568301722,2.9979413193622245e-09,1.02265036570727e-06,0.004725758937195917,1.705511473713337e-06,8.002410155193213e-12,0.007517078388162928,1.4923698978190212e-06,2.429083278432882e-06,3.056943467474233e-07,5.676519471730654e-07,3.702996000132295e-07,1.896975715291252e-08,2.1416716489672514e-07,0.00018161035232414766,2.535009227181221e-05,1.4723498499933699e-09,5.9025891806992135e-08
8,1.5259822232541618e-10,3.3370970311514854e-08,7.68726375900938e-08,4.5312308339871474e-05,4.567995713285388e-08,1.2733337052027616e-07,8.928103695514046e-05,0.9914495394240158,4.4651214284288274e-09,4.937060964204815e-07,0.004956536618480456,1.922025008846597e-06,8.189551483016556e-12,0.002877700936268063,3.96648860038466e-06,2.9435637660752992e-06,3.497276202321045e-07,6.433095804805312e-07,7.762678763783306e-07,9.090686251411893e-09,3.461006910812249e-07,0.000561173783849107,8.673233836043568e-06,1.3543049767350609e-09,4.3141179565559965e-08
9,2.3786059438506763e-10,4.713439692002928e-08,9.98510387240997e-08,6.574980415788047e-05,7.574018629844453e-08,1.641958077314682e-07,9.537721372090472e-05,0.9890260227421517,3.151942017104826e-09,7.24630620094857e-07,0.005367837432537658,1.4201635964831508e-06,8.497500025726593e-12,0.005209953119275181,1.7120300127973122e-06,2.507085177490706e-06,3.400015248021245e-07,5.829946384217771e-07,5.49100209039423e-07,1.455041902619237e-08,2.0561396687954404e-07,0.0002085707262448105,1.7992929345873335e-05,1.6883686410507596e-09,4.785430289718615e-08
10,2.103487259998137e-10,5.979330409987517e-08,1.2024662727439063e-07,0.0001039688640520148,7.310295132844993e-08,1.656244488255419e-07,0.00010687014666008846,0.9874974883695533,2.9716664551984294e-09,1.0234737037854988e-06,0.004718281190923754,1.6702017155599698e-06,8.096915253848758e-12,0.00736592920703566,1.4544753719289e-06,2.402151487793085e-06,3.0155866394197356e-07,5.649829355481182e-07,3.7595364930260504e-07,1.8832752694893456e-08,2.0957677711822294e-07,0.00017381065327754362,2.5148658524969293e-05,1.4968044117581972e-09,5.824866706616982e-08
11,2.3358421244080647e-10,6.284050189386347e-08,1.2900890245730203e-07,0.00010813557180373333,7.889407644493462e-08,1.7589654699159203e-07,0.00011062339281271236,0.9871103480799509,3.234679856073465e-09,1.044068041949468e-06,0.004910444899986969,1.8277947725031327e-06,9.793035450618104e-12,0.007547730649008839,1.4721812588723495e-06,2.5103367184919406e-06,3.2855824972987095e-07,5.962903235736027e-07,4.046029229242813e-07,2.0536424707782126e-08,2.2389290058009953e-07,0.00017742725461239388,2.6348818264682902e-05,1.692943236615121e-09,6.126091798428137e-08
12,1.8703608099989799e-10,5.2035462835812485e-08,1.1473424835211812e-07,8.990023410833172e-05,6.467132885500147e-08,1.5091090536985553e-07,9.848021832257369e-05,0.9891892690501123,2.8601813008966224e-09,8.74881683048108e-07,0.00452936148785869,1.548743055167493e-06,7.356396010455052e-12,0.005903717430873951,1.440834520391686e-06,2.3225718158848097e-06,2.4959651697885745e-07,4.82396829548836e-07,3.7868381694151516e-07,1.6440895781155444e-08,1.8282420162945984e-07,0.00015990661830751914,2.143333325970576e-05,1.430914919797494e-09,4.781638752596292e-08
13,2.3774336621939243e-10,6.761567861380273e-08,1.2600960181459117e-07,0.00010104287060546318,7.657227163034954e-08,1.821701606800469e-07,0.00010992307634250992,0.9886219606774,3.087340797235822e-09,1.2988567752609554e-06,0.003918862264955466,1.4842378395596e-06,7.893863926156616e-12,0.0070424252206609285,1.5747313328381917e-06,2.6983200112761636e-06,3.15599399237635e-07,6.135693868985775e-07,4.1069863060274727e-07,2.0467590054463454e-08,2.1468172595534922e-07,0.0001729286462698492,2.3705510684848855e-05,1.419629009514644e-09,6.345006943219263e-08
14,1.9949077904733574e-10,5.279183039313904e-08,1.236895123163572e-07,0.00010453173752143858,6.850909574004217e-08,1.6673124941395346e-07,0.00010111418499442127,0.9878025820552019,2.913388436794988e-09,9.571411216778924e-07,0.004650754728012359,1.6888476631618367e-06,8.452919759587036e-12,0.007129529266932257,1.467363290631478e-06,2.4280617459887514e-06,3.1418839250404186e-07,5.650236213922195e-07,3.542173592990781e-07,1.875435316381066e-08,2.150588595089703e-07,0.00017815697122185552,2.484765300572918e-05,1.459120971700231e-09,5.844456190880606e-08
15,2.103487259998137e-10,5.979330409987517e-08,1.2024662727439063e-07,0.0001039688640520148,7.310295132844993e-08,1.656244488255419e-07,0.00010687014666008846,0.9874974883695533,2.9716664551984294e-09,1.0234737037854988e-06,0.004718281190923754,1.6702017155599698e-06,8.096915253848758e-12,0.00736592920703566,1.4544753719289e-06,2.402151487793085e-06,3.0155866394197356e-07,5.649829355481182e-07,3.7595364930260504e-07,1.8832752694893456e-08,2.0957677711822294e-07,0.00017381065327754362,2.5148658524969293e-05,1.4968044117581972e-09,5.824866706616982e-08
16,2.0212085456263102e-10,6.003658747629115e-08,1.134854670172384e-07,0.00010310143477827137,7.04941970165584e-08,1.573776028263954e-07,0.00010795694102902313,0.9877015740791679,2.9713253873808003e-09,1.0603961987411625e-06,0.004471394354541204,1.7556967990976044e-06,8.139405481510435e-12,0.007398576712608527,1.4891419513467125e-06,2.4161431854911286e-06,2.999011350392024e-07,5.786162744360556e-07,3.7553653184119965e-07,1.8877152136241557e-08,2.2082634226089053e-07,0.0001844032799624698,2.4312757678340133e-05,1.4319390368467325e-09,5.929728476065786e-08
17,2.1572712476763106e-10,6.052027520512384e-08,1.2750010928230144e-07,8.985915315940269e-05,6.739253671630387e-08,1.7259463468192843e-07,0.0001035607893073533,0.9891114571577736,3.0803291221185506e-09,1.0150996255855387e-06,0.004394113759250614,1.4671785663984192e-06,6.876990726136319e-12,0.006114576950866257,1.5311049986765468e-06,2.4170555538260093e-06,2.44764526813654e-07,5.149158423489375e-07,4.247678999618247e-07,1.6291621368257688e-08,1.8623361143276778e-07,0.00015716291942029174,2.0967852962053623e-05,1.459829874059089e-09,5.1234695188820354e-08
18,3.173109424216396e-10,7.829000607194043e-08,1.356237811369221e-07,0.00016308641525228623,1.1362543860796599e-07,2.0348951007969357e-07,0.0001668149986392431,0.9777878193213169,3.205998803573892e-09,1.977804103943863e-06,0.005156414290184694,2.734415708128744e-06,1.4452672605677054e-11,0.01638001636240224,1.7141063721860987e-06,2.7797596720010985e-06,7.052401457419648e-07,1.2674813147183586e-06,3.379023286451906e-07,3.323437053266397e-08,4.2762462303196173e-07,0.00028786110130514243,4.531933340615423e-05,1.6420000437565836e-09,1.5440035621100967e-07
19,1.874052171011913e-10,6.258626658461932e-08,1.2741292440505197e-07,0.00012524838682892797,6.855434591548028e-08,1.3549598502945955e-07,0.00013849020595629793,0.9878195771760732,3.5798832218377386e-09,1.0136637929165334e-06,0.004038723971415583,2.5635026723290503e-06,9.790073688071643e-12,0.007651506910391875,1.6310330296101244e-06,2.501408528504895e-06,2.6695715516732226e-07,5.555118911619304e-07,3.109053189822902e-07,1.793643656721406e-08,2.4607764465593625e-07,0.0001942430678606928,2.2635771324451232e-05,1.2676323946959389e-09,6.841944643574974e-08
20,6.635556716851902e-10,1.8662334215874058e-07,2.320973219258726e-07,0.00021326636943734678,2.4972374749930917e-07,4.794584973304671e-07,0.0001899289116283842,0.9671348588051594,4.5859334011310685e-09,2.74221363876699e-06,0.008901197626660326,2.096063006305722e-06,1.7716382590116174e-11,0.023315357745844617,9.982815137031295e-07,2.905998503251939e-06,7.579469022511141e-07,1.0868103484954314e-06,6.598461040263398e-07,4.743019136354361e-08,3.6058665463151294e-07,0.0001387961472132373,9.364801746885915e-05,4.244795034303338e-09,1.3378481569517825e-07
21,2.2935100027107026e-10,8.675633093904477e-08,1.0402405639224338e-07,0.0001249995102888056,6.175837409451885e-08,1.4951972850647999e-07,9.719482992741769e-05,0.9859980161104935,3.834330338712136e-09,1.1283869325068312e-06,0.0038525436947757174,2.1790410081757732e-06,8.161994118976892e-12,0.009728618338328261,1.239093684216564e-06,2.694567000555484e-06,2.2708124825176505e-07,6.070293222290225e-07,3.931170703953728e-07,1.9610216220960652e-08,1.9523945255707082e-07,0.00016985696251524377,1.9628418854313655e-05,1.4653111212714382e-09,5.137323746291731e-08
22,2.4220706351811817e-10,5.755175846079528e-08,1.2805269080937966e-07,0.00010608266192554127,7.385641283898212e-08,1.8527631505715244e-07,9.903601688019745e-05,0.9870823675249408,2.997616444684991e-09,1.0575768361869926e-06,0.005105457156503092,1.5897083091298213e-06,8.623642684478054e-12,0.007378342525462192,1.4793352503992887e-06,2.473346820136534e-06,3.6852517442317554e-07,6.893987520603262e-07,4.0268247349916565e-07,1.977806893900568e-08,2.2823069418237977e-07,0.0001939726281828335,2.592157981637881e-05,1.6837970364377204e-09,6.165448884812027e-08
23,2.103487259998137e-10,5.979330409987517e-08,1.2024662727439063e-07,0.0001039688640520148,7.310295132844993e-08,1.656244488255419e-07,0.00010687014666008846,0.9874974883695533,2.9716664551984294e-09,1.0234737037854988e-06,0.004718281190923754,1.6702017155599698e-06,8.096915253848758e-12,0.00736592920703566,1.4544753719289e-06,2.402151487793085e-06,3.0155866394197356e-07,5.649829355481182e-07,3.7595364930260504e-07,1.8832752694893456e-08,2.0957677711822294e-07,0.00017381065327754362,2.5148658524969293e-05,1.4968044117581972e-09,5.824866706616982e-08
24,2.527594256394197e-10,8.730680034156498e-08,1.0604988808530694e-07,0.0001444715140866329,7.473006594226422e-08,1.742380211519627e-07,9.831671080236685e-05,0.9836374787008737,3.0476711625552208e-09,1.3212272880081718e-06,0.00441568416053983,1.7973970947501917e-06,8.7623217465838e-12,0.011496167653415752,1.082136777536328e-06,2.3993390960631522e-06,3.560652284711147e-07,7.0708005911446e-07,3.7602815314833726e-07,2.399098606902028e-08,2.0964756951144958e-07,0.00017055759457374752,2.8541583456721908e-05,1.6025479601075629e-09,6.193348224900894e-08
25,1.443185659300849e-06,9.369517511695072e-05,0.00025604911570890985,0.0030627440606816178,3.738086198831878e-05,0.0001490808556392958,0.037228158848174965,0.8187750256549807,2.7739893875770685e-06,0.007423926551059102,0.004913555143031646,0.0003287658723890274,2.7505624520672427e-08,0.061043835217810004,0.003411275811337177,0.0005291109193739614,0.0005736294474290104,0.0003337947596440079,0.00026049605342731594,1.4997354403638181e-05,0.0009827107287060644,0.05176164572496046,0.005940672963520779,3.6227294253266075e-07,0.002874841927003252
26,4.939229199570482e-10,7.889297859509466e-08,2.1269302349081394e-07,0.00014259915813148703,1.3726579107839776e-07,3.475138165261408e-07,0.00010296471378511718,0.9826309581873343,4.117024987005129e-09,1.3426119408995428e-06,0.008424177633300335,1.6477905174337174e-06,1.7501364154417935e-11,0.008463815625413542,1.1507266280402308e-06,2.8277553816256296e-06,6.535497453267441e-07,9.511774443334787e-07,6.461653844035533e-07,3.614348409852684e-08,2.8829253815819313e-07,0.00017006423206827062,5.5020364092402405e-05,4.723190089882632e-09,7.015556119855562e-08
27,3.690666414653108e-10,1.0040375773996542e-07,2.058655885658678e-07,0.00014365428156678104,1.3042209729360453e-07,2.2825600344558564e-07,0.00018571570789510024,0.9816957086710832,3.149035888191314e-09,1.7860574344570693e-06,0.005480352824310442,2.0382052446451738e-06,1.038094147710881e-11,0.012333302555436357,1.1792685249196877e-06,2.2415410357317157e-06,3.1832610985923905e-07,6.740111722173945e-07,3.6554701140260985e-07,2.631662669761982e-08,2.2944999715188296e-07,0.00010616525476096213,4.547045945440608e-05,1.8832659184102328e-09,1.011631392262913e-07
28,2.103487259998137e-10,5.979330409987517e-08,1.2024662727439063e-07,0.0001039688640520148,7.310295132844993e-08,1.656244488255419e-07,0.00010687014666008846,0.9874974883695533,2.9716664551984294e-09,1.0234737037854988e-06,0.004718281190923754,1.6702017155599698e-06,8.096915253848758e-12,0.00736592920703566,1.4544753719289e-06,2.402151487793085e-06,3.0155866394197356e-07,5.649829355481182e-07,3.7595364930260504e-07,1.8832752694893456e-08,2.0957677711822294e-07,0.00017381065327754362,2.5148658524969293e-05,1.4968044117581972e-09,5.824866706616982e-08
29,2.103487259998137e-10,5.979330409987517e-08,1.2024662727439063e-07,0.0001039688640520148,7.310295132844993e-08,1.656244488255419e-07,0.00010687014666008846,0.9874974883695533,2.9716664551984294e-09,1.0234737037854988e-06,0.004718281190923754,1.6702017155599698e-06,8.096915253848758e-12,0.00736592920703566,1.4544753719289e-06,2.402151487793085e-06,3.0155866394197356e-07,5.649829355481182e-07,3.7595364930260504e-07,1.8832752694893456e-08,2.0957677711822294e-07,0.00017381065327754362,2.5148658524969293e-05,1.4968044117581972e-09,5.824866706616982e-08
30,2.103487259998137e-10,5.979330409987517e-08,1.2024662727439063e-07,0.0001039688640520148,7.310295132844993e-08,1.656244488255419e-07,0.00010687014666008846,0.9874974883695533,2.9716664551984294e-09,1.0234737037854988e-06,0.004718281190923754,1.6702017155599698e-06,8.096915253848758e-12,0.00736592920703566,1.4544753719289e-06,2.402151487793085e-06,3.0155866394197356e-07,5.649829355481182e-07,3.7595364930260504e-07,1.8832752694893456e-08,2.0957677711822294e-07,0.00017381065327754362,2.5148658524969293e-05,1.4968044117581972e-09,5.824866706616982e-08
31,2.1306572504373645e-10,4.0939007200999257e-08,1.143284656040273e-07,6.412153874904053e-05,4.707766412433233e-08,1.165100012822839e-07,7.537540124246296e-05,0.9922632861755721,1.690734771037967e-09,8.410476872857925e-07,0.0028986098401603383,8.962658490433708e-07,5.284997950087593e-12,0.004593106874822886,7.275400512995185e-07,1.4615348897418062e-06,1.8690400222654973e-07,4.2421007315453773e-07,3.0462867411615527e-07,1.2176680979158509e-08,1.096083829028809e-07,8.47756351196821e-05,1.5405928600156237e-05,1.0077178220758872e-09,3.2917500981238777e-08
32,2.229338002641901e-10,5.960734676033953e-08,1.1938086243738085e-07,9.326714808019111e-05,7.165651923474067e-08,1.7006104361145167e-07,0.00010295905269000602,0.9883345302756996,3.089126217371589e-09,1.0013717507116342e-06,0.004604762825589971,1.6048559193270663e-06,8.318279776473897e-12,0.006660374253422716,1.4809975034215872e-06,2.460393259919403e-06,2.939162454601377e-07,5.65510168023841e-07,4.310128657694207e-07,1.7969885658896356e-08,2.05332547720383e-07,0.0001730074228286666,2.2557861020831308e-05,1.5656650983606162e-09,5.420870680013408e-08
33,1.6798500444182347e-10,5.1761735079886723e-08,8.750281607881849e-08,0.00010354635608471822,6.483760843074241e-08,1.6540181981402576e-07,7.492552227736039e-05,0.9867957622356106,2.1720660518278614e-09,9.63510741408978e-07,0.004737165539554142,1.2669308493113215e-06,8.596511985352789e-12,0.00808882893696351,8.681165441699827e-07,2.072341620299138e-06,3.7259045678093726e-07,5.136771711000813e-07,3.7171603360379977e-07,2.0720883905701318e-08,1.8771811288495201e-07,0.00016298406536947158,2.9735977202123845e-05,1.6707690535795066e-09,4.0521128703359236e-08
34,3.787798218995063e-10,6.875826533604923e-08,1.4821312256098375e-07,6.752672355616437e-05,7.051022700275894e-08,2.0285049293682607e-07,8.66978711629647e-05,0.9897744939088897,4.8806460435683395e-09,6.632952658892767e-07,0.0051825676740277285,1.6253688321356555e-06,1.0263240351750707e-11,0.004709393684752333,1.5648633461180343e-06,2.583893279584655e-06,2.5813259234339184e-07,5.846477372734863e-07,8.132724187463099e-07,1.3190465415683436e-08,1.9005790518233755e-07,0.00015758192462706443,1.2904631298146058e-05,2.2047828817002333e-09,3.905326323803911e-08
35,2.017709816760175e-10,7.415774207214575e-08,1.3063037570516997e-07,0.0001262819857441541,9.42566375536162e-08,2.1034554616527552e-07,0.00011829271743898204,0.9844103982585318,3.2792903916265713e-09,1.2160520917520128e-06,0.0057678763210704765,1.834785889266061e-06,9.674736138865759e-12,0.009337124707291011,1.7359705886494551e-06,2.853116039363604e-06,3.702927738788789e-07,5.411369727269464e-07,4.090067815922819e-07,2.5577492965103956e-08,2.51929592909688e-07,0.00019335410228371543,3.684845174374516e-05,1.8072640884819052e-09,7.089937130894484e-08
36,1.2889787711445512e-10,2.4125490210133012e-08,6.341716566090207e-08,4.928272606377449e-05,2.6874805642053262e-08,6.158407419040918e-08,6.364386165215094e-05,0.9940171558178326,2.132135244969641e-09,3.976744674870695e-07,0.002124965388578994,1.7903051679348421e-06,7.511902804721035e-12,0.00357037054812063,1.196553845210329e-06,2.071756423207101e-06,1.6684480787142212e-07,3.702346863699222e-07,2.7327203364812497e-07,8.408538197501512e-09,1.179225864114423e-07,0.0001620269033196,5.953005081742904e-06,5.995011535688983e-10,2.9907212239974366e-08
37,4.1851810326375514e-10,7.735361381397835e-08,1.8456090630174375e-07,0.00013796449257733186,8.896294197473977e-08,1.9860442480708483e-07,0.00012916341121608544,0.986145748261505,3.371982508295208e-09,1.4262881998976828e-06,0.005371269582833239,1.925477969427682e-06,1.1329799968506506e-11,0.008017017866077334,1.0107478803087619e-06,2.1450373438432504e-06,3.873436181159639e-07,9.233273077905085e-07,4.5562419363951185e-07,2.3445108589598042e-08,2.432074207073925e-07,0.0001556555911338232,3.401435091796208e-05,2.623857398073339e-09,7.003712225312489e-08
38,3.1778217654189106e-10,7.160114256775515e-08,1.7078764854249202e-07,8.44543073950218e-05,9.071483992069185e-08,2.2457379068415904e-07,0.000131495093601393,0.988632276144892,3.9204880750146835e-09,1.2133486801086587e-06,0.004711892646084121,1.592686250156747e-06,8.866918969987289e-12,0.006249965286534447,1.8900115616359864e-06,2.9069657047822273e-06,2.616768338779725e-07,5.926583317364635e-07,5.403009400655602e-07,1.7555384235078448e-08,2.0379125030266018e-07,0.00015772038734377758,2.2348408966963685e-05,1.8355369326057856e-09,6.497014931966804e-08
39,3.6693797930253943e-10,2.291932122253535e-07,1.2618861560150287e-07,0.00024383257103355083,1.7509299013259695e-07,1.8196205787119482e-07,0.00021044423597079508,0.9647428767131976,5.2141885284892585e-09,1.728109645381702e-06,0.00878474808341872,3.341255956512098e-06,8.476800909558026e-12,0.02572519830900896,1.9107410756236854e-06,2.93358710120552e-06,3.5011999670915054e-07,7.952936762738624e-07,3.8553345656996516e-07,3.4314241006312076e-08,2.5559568478492484e-07,0.00022420491040666917,5.6118243112592124e-05,2.1870255625220606e-09,1.2216951218179947e-07
40,3.110615285079657e-10,8.268403935094286e-08,2.0374433497376892e-07,0.00010883147701397459,9.457162815570734e-08,2.189339262867619e-07,0.00016716921170547815,0.9854181434962304,5.1608962404165475e-09,1.1562397804358147e-06,0.00528231099332852,2.7978140774229492e-06,1.1877206208942376e-11,0.008761133766145957,2.631775027175511e-06,3.1042615363269017e-06,2.9998586443981715e-07,6.645923239748087e-07,4.865612758725917e-07,1.8336781334980163e-08,3.0962810993651173e-07,0.00022563075691141093,2.460677734669683e-05,1.6952334126306629e-09,9.721354348652339e-08
41,4.2867611195510823e-10,9.041505805602341e-08,2.1152448131075247e-07,9.077510000210124e-05,1.6993451971595404e-07,1.801654391196716e-07,0.0001899490523536906,0.9898474900467982,5.763969912353008e-09,9.085692885484452e-07,0.004903365624861732,1.8462044603388935e-06,1.0379222690547109e-11,0.0048230320679883785,2.5832266624888384e-06,3.7676447913044487e-06,2.1132705239775203e-07,4.2498128425921605e-07,4.2601154740802264e-07,2.1814320074746888e-08,1.5473063395545666e-07,0.00011212175797693152,2.2188664995513437e-05,1.9265113171932905e-09,7.300594810511234e-08
42,4.017576721725633e-10,1.302696623357595e-07,1.909608330975351e-07,0.00019080637464457582,1.705218056138107e-07,2.4138791848476843e-07,0.00020223606698944877,0.9737670441879824,4.062091931820775e-09,1.672349635615378e-06,0.007917393797216243,2.3278465201362907e-06,1.0047827383783762e-11,0.017688099579211147,1.5168789204146625e-06,2.427280579855477e-06,4.248627834249806e-07,8.233099150103425e-07,3.532832510872196e-07,3.024858666656207e-08,2.7693509432279783e-07,0.00016537728455402525,5.832874070739047e-05,2.268199690230975e-09,1.2109109139615775e-07
43,1.469118548424853e-10,5.229717886448571e-08,1.0140039253304007e-07,8.670564070847418e-05,5.3891895874301936e-08,2.001226026833418e-07,8.370872119773644e-05,0.9902986581019156,2.315206014111373e-09,1.96537680637709e-06,0.002914379073718377,1.1452269796175082e-06,7.512305263944092e-12,0.006361331406493739,1.3095984160635358e-06,2.587632129882079e-06,3.562721690470859e-07,6.271447855728172e-07,4.4273348271095766e-07,2.3361808898247894e-08,2.9679505588395455e-07,0.00021864494208804922,2.7353827498669546e-05,1.352013921031169e-09,5.261103121304616e-08
44,2.103487259998137e-10,5.979330409987517e-08,1.2024662727439063e-07,0.0001039688640520148,7.310295132844993e-08,1.656244488255419e-07,0.00010687014666008846,0.9874974883695533,2.9716664551984294e-09,1.0234737037854988e-06,0.004718281190923754,1.6702017155599698e-06,8.096915253848758e-12,0.00736592920703566,1.4544753719289e-06,2.402151487793085e-06,3.0155866394197356e-07,5.649829355481182e-07,3.7595364930260504e-07,1.8832752694893456e-08,2.0957677711822294e-07,0.00017381065327754362,2.5148658524969293e-05,1.4968044117581972e-09,5.824866706616982e-08
45,8.91192068242336e-10,5.534488776055462e-07,2.5587512240899883e-07,0.0005994804573434806,3.6755883804181125e-07,6.113193203164513e-07,0.0003032982350918872,0.9083244079039726,7.649200434803099e-09,8.037441335269321e-06,0.01127200201075081,6.371777117529076e-06,3.589905379759613e-11,0.07864460354126615,1.2732806499374371e-06,3.1451545767151e-06,2.4797798260329587e-06,2.6615855038693375e-06,9.137344439032153e-07,1.2462932473569254e-07,1.557279791663127e-06,0.00048755862796844224,0.000339849566475763,6.895601208138548e-09,4.3132050973200706e-07
46,1.9620220780971787e-10,3.9328389793017426e-08,1.096497733966066e-07,0.00014801426079365422,6.329203510263145e-08,2.537689298974143e-07,6.07177451489147e-05,0.9855360286048285,2.6259954945155097e-09,9.15918817711898e-07,0.005839184281266855,1.6349708990231706e-06,1.7185133215662816e-11,0.008058672662190555,1.3253524976506697e-06,2.9382241816757765e-06,1.0000009582643334e-06,8.721755150697571e-07,4.261107341303979e-07,3.002304738798466e-08,3.3823076067783455e-07,0.0003117286808726943,3.563707822862898e-05,2.274747227474561e-09,6.452600028114865e-08
47,3.2574372504650063e-10,6.435275679962904e-08,1.372081169128573e-07,9.238939150313814e-05,7.345699920814382e-08,1.4575471728326685e-07,0.00012257447483794072,0.9898135475399275,4.138313381174732e-09,1.0717461389729233e-06,0.0037079700158915894,2.855578421229523e-06,1.5330282872286786e-11,0.005972273078395655,2.0783794169356904e-06,3.1808905503568835e-06,4.044012850463239e-07,7.348240680467258e-07,5.447814643876689e-07,2.190943160515282e-08,2.780950210704225e-07,0.00026021241617218207,1.9353741509496585e-05,1.6707513513903225e-09,8.181323578720459e-08
48,2.1968420331500647e-10,7.078578404565667e-08,1.0067342293942675e-07,8.801626630147433e-05,6.63158482364956e-08,2.0053773820503443e-07,8.613228016482913e-05,0.9878653199767421,2.804427606483291e-09,1.110342321700136e-06,0.004566856437627158,1.2581757950198304e-06,7.801528066602017e-12,0.007204840566754707,1.095905786856264e-06,2.2295602421998386e-06,3.11165062865155e-07,5.292575646104414e-07,5.910957998486989e-07,1.6855152738556316e-08,1.903476036132787e-07,0.00015852139827564506,2.2495328657662033e-05,1.7227615451548587e-09,4.197267872336612e-08
49,2.1040381889964428e-10,5.829489064350121e-08,1.4312240148081706e-07,0.00012622306128131844,7.066658744585184e-08,1.993099476165207e-07,0.00010710719931584149,0.9861354471726514,3.246794460987226e-09,1.1289592056698896e-06,0.004957544000600079,2.0016902815336837e-06,1.027795090479882e-11,0.008436046924523216,1.533778779148666e-06,2.6030593653099107e-06,3.5452301425168367e-07,6.397506153042377e-07,3.712169194287703e-07,2.1586644325542868e-08,2.590507777774731e-07,0.00019822136389490694,2.9951516613013722e-05,1.6973857936528636e-09,6.85868282917617e-08
50,3.5342267991567473e-10,1.1160232330069539e-07,1.946562208325999e-07,0.0003431943016992387,1.0062739583089956e-07,5.782224926885053e-07,5.0880808254942786e-05,0.969159060903437,1.241060839959367e-08,4.971289040076887e-07,0.02018230788567892,2.5954723518178626e-06,1.505418958789624e-11,0.009744533313554035,2.8520880359056515e-06,4.705533830528442e-06,8.583199608840926e-07,1.0431077991681511e-06,9.033624770172878e-07,3.3265442971232855e-08,4.75246281683649e-07,0.0004563838775151596,4.861542634039983e-05,8.064577559719253e-09,5.4006340767250083e-08
51,2.0860703068335137e-10,4.431300039032611e-08,1.418621739557817e-07,8.300139931820123e-05,9.705085320917351e-08,1.804047032428307e-07,0.0001287385833363823,0.9884303145575769,2.677533433307652e-09,1.0628946060221266e-06,0.005148003190318612,1.57534533501557e-06,1.0475240953891227e-11,0.0060134157845081375,1.5657660494951298e-06,2.602254410732468e-06,3.340490797466532e-07,5.198301884298571e-07,3.6556496777713914e-07,2.1604357682453067e-08,2.2457064992048336e-07,0.00015570420935705163,3.201678991421379e-05,1.719095789567623e-09,6.53595832669668e-08
52,3.7068822820536343e-10,5.147301991925058e-08,1.6798030157082035e-07,9.309270120060425e-05,6.878446554179749e-08,2.870265054512929e-07,9.061331776620625e-05,0.9860826782325625,3.3597481994277456e-09,1.4680055492247615e-06,0.005392240581210606,1.2909796968666806e-06,7.801218801850822e-12,0.008055019932992298,1.8652890076529847e-06,3.1089674624334074e-06,4.071828021525814e-07,1.207144739174446e-06,5.024302383411147e-07,1.906202387279122e-08,2.3603697140728831e-07,0.00025082397914107026,2.47689773279934e-05,2.0878735574615857e-09,7.60889039910911e-08
53,1.2324351150758371e-10,4.515334195436412e-08,1.1031638967591109e-07,9.245769199285222e-05,8.846207963003413e-08,9.901044673121895e-08,0.00019218666828911375,0.9888528565849347,2.5860729005400497e-09,9.078565900873208e-07,0.0046509406196675734,2.180423326309776e-06,7.1373301512496356e-12,0.006027747541061312,1.6897954315781584e-06,2.181854305293347e-06,1.8209010544184936e-07,3.465810618849035e-07,2.2210667623526648e-07,1.6499797118880208e-08,1.8166884845808025e-07,0.0001468605124141258,2.8632311739449524e-05,1.0848449400239025e-09,6.245020147757667e-08
54,3.243356446504285e-10,1.234966347541503e-07,1.3178190814023786e-07,0.0001272026439272371,1.0473895994149359e-07,1.8511173108964007e-07,0.00016145810282635625,0.9829346809014397,4.076432020622298e-09,1.8734987357057514e-06,0.0035906109570912974,2.3493692089538582e-06,9.327412562466916e-12,0.01293846829212298,2.5029124728102265e-06,3.7701966468325417e-06,3.207163506560853e-07,7.156630708966015e-07,4.063958903598174e-07,2.651252898229768e-08,2.426168891690361e-07,0.0002095073388538778,2.5193380400141987e-05,1.1821851740864005e-09,1.1978003008002652e-07
55,3.538958778338223e-10,6.940286117116426e-08,1.7044447867062465e-07,0.00013396976305499707,6.873623068700031e-08,1.4355622462740954e-07,0.00015957742028299297,0.9890519385233313,7.34160815419196e-09,7.542485411717417e-07,0.004311728858842076,4.783217580259807e-06,1.72568852817048e-11,0.006090705778421259,2.0081251770120444e-06,3.091373647229752e-06,2.541753033691071e-07,8.031857655920713e-07,4.784558840779251e-07,1.5732413754684896e-08,2.9719977258867954e-07,0.00022439440659887926,1.4663113771226523e-05,1.9982741429881376e-09,7.457078211118418e-08
56,2.3502544564011857e-10,6.19447007638746e-08,1.2860549092874646e-07,0.0001070437284968253,7.661405470255361e-08,1.7564918599816612e-07,0.00011049190987780111,0.9871757728901734,3.2917995296676524e-09,1.0377743884317167e-06,0.004850941230281193,1.8637482922221394e-06,9.701983442756365e-12,0.007538177154700808,1.5130302964276379e-06,2.524554624875944e-06,3.2581090413652665e-07,6.126711754044067e-07,4.0873110426082507e-07,1.9824348366663805e-08,2.274878533194183e-07,0.00018311857467909166,2.5410626766960197e-05,1.6579933323192005e-09,6.224408380453562e-08
57,2.039595851581969e-10,5.307091493240418e-08,1.0772118221259311e-07,8.594764725368723e-05,6.355014585823076e-08,1.3424932981736088e-07,0.00010361444268026702,0.9904464859546696,3.462242819672206e-09,9.399897752063216e-07,0.003408026017893312,2.367239048549032e-06,1.3459274630234095e-11,0.00571556042209961,1.6684996720988645e-06,2.980002572299976e-06,3.3652959031816834e-07,5.390237646565256e-07,4.6058589158146466e-07,2.098945329972888e-08,2.480942519180903e-07,0.00021199260117877764,1.8389174545489678e-05,1.392795336630695e-09,5.912162931502799e-08
58,2.392330595339096e-10,5.809252503935522e-08,1.2677163124589332e-07,0.00010184848620777903,7.702194353760339e-08,1.774968730073086e-07,0.00010645193140095608,0.9872606869950814,3.3435798775367335e-09,9.305120699840957e-07,0.005377470557771414,1.8311818933778345e-06,9.695868448351016e-12,0.006943901765357936,1.443387959647364e-06,2.474930523706496e-06,3.0643413143749334e-07,6.017538029427042e-07,4.3383079158244444e-07,1.861840607470559e-08,2.1265742421257994e-07,0.0001757241224942816,2.516265775793736e-05,1.8842259823597938e-09,5.531721735045539e-08
59,2.2105593907926717e-10,5.605926791428126e-08,1.316816191027848e-07,0.00010060526336855792,7.659234425108576e-08,1.7729811736131305e-07,0.00010465003529078925,0.9878373640435228,3.162002665061048e-09,9.419957068237435e-07,0.005235874511838667,1.6502192741956093e-06,8.674413039806032e-12,0.006522202253243618,1.4406515219332404e-06,2.4203491059981357e-06,2.9201263873846785e-07,5.534721242429628e-07,4.0219936927632097e-07,1.8888229146317084e-08,2.0700216679222495e-07,0.00016478408163325152,2.6092812896485643e-05,1.7916418332566807e-09,5.339334524818281e-08
60,2.103487259998137e-10,5.979330409987517e-08,1.2024662727439063e-07,0.0001039688640520148,7.310295132844993e-08,1.656244488255419e-07,0.00010687014666008846,0.9874974883695533,2.9716664551984294e-09,1.0234737037854988e-06,0.004718281190923754,1.6702017155599698e-06,8.096915253848758e-12,0.00736592920703566,1.4544753719289e-06,2.402151487793085e-06,3.0155866394197356e-07,5.649829355481182e-07,3.7595364930260504e-07,1.8832752694893456e-08,2.0957677711822294e-07,0.00017381065327754362,2.5148658524969293e-05,1.4968044117581972e-09,5.824866706616982e-08
61,2.252061362869615e-10,5.680182729358818e-08,1.306683882099742e-07,9.969021972185713e-05,7.765923342228925e-08,1.759709291722529e-07,0.00010562949049722608,0.9878788806067683,3.1417776556764446e-09,9.604672100272793e-07,0.005141318517603678,1.666738707861026e-06,9.020815785406966e-12,0.00657536564517664,1.4269749038314833e-06,2.437752031797016e-06,2.984838673143691e-07,5.584667943367482e-07,4.0659183902775154e-07,1.9291815456653907e-08,2.0814524747080223e-07,0.00016468462564037044,2.5947699355113945e-05,1.7923123840317048e-09,5.401412455252104e-08
62,2.103487259998137e-10,5.979330409987517e-08,1.2024662727439063e-07,0.0001039688640520148,7.310295132844993e-08,1.656244488255419e-07,0.00010687014666008846,0.9874974883695533,2.9716664551984294e-09,1.0234737037854988e-06,0.004718281190923754,1.6702017155599698e-06,8.096915253848758e-12,0.00736592920703566,1.4544753719289e-06,2.402151487793085e-06,3.0155866394197356e-07,5.649829355481182e-07,3.7595364930260504e-07,1.8832752694893456e-08,2.0957677711822294e-07,0.00017381065327754362,2.5148658524969293e-05,1.4968044117581972e-09,5.824866706616982e-08
63,2.4302757482379196e-10,7.457164641637714e-08,1.2929955976015983e-07,0.0001118259108681837,8.306887523801105e-08,1.833480552970601e-07,0.00011313351343378272,0.9867532049913418,3.391978472136604e-09,1.1494680592693718e-06,0.004858132790195824,1.7495424519775214e-06,8.769823466462594e-12,0.007948391643700415,1.576085648583656e-06,2.600695297386603e-06,3.219809814648871e-07,5.974578275117047e-07,4.253661866748382e-07,2.0952343163036777e-08,2.2674396449398814e-07,0.00017941034503036674,2.6693359019863457e-05,1.6467225383916762e-09,6.357501422813667e-08
64,2.1530462383142023e-10,6.522230308527795e-08,1.2670688598400546e-07,0.00011621444550601025,7.729451509459834e-08,1.827892545501435e-07,0.00011382213383339618,0.9865365600251673,3.281439433211509e-09,1.2070155399537339e-06,0.00469122526810359,1.9554736929944264e-06,9.877774055179177e-12,0.008299126047659042,1.5554744273599723e-06,2.5449135245273618e-06,3.566152098603918e-07,6.458469825456924e-07,3.9966592690580716e-07,2.1991347181351673e-08,2.740265528460201e-07,0.0002044252589773727,2.914040896756685e-05,1.641205217576e-09,6.822779583616691e-08
65,3.551221371880624e-10,7.090798527251219e-08,1.3266584844699632e-07,0.00010936645977569814,1.025078035500725e-07,2.1462450081444266e-07,0.00010070243126905493,0.983206011779372,6.082330400496539e-09,5.414526507973367e-07,0.009579333483955264,2.3885646402863187e-06,1.34991380133469e-11,0.0067209466017802795,2.010329251349521e-06,3.238923621530778e-06,4.108255357354021e-07,7.099249438594902e-07,6.814640626682612e-07,1.680850948226844e-08,2.359592998272175e-07,0.0002512240216385577,2.1598129553530564e-05,3.07879411137931e-09,5.260425613693062e-08
66,2.894431541340697e-10,6.399585378652297e-08,1.7281305613004933e-07,9.831586503748737e-05,1.1433329308985131e-07,2.394951546508916e-07,0.00012693336646933583,0.9873650945196347,3.197743354618026e-09,1.4762845669170098e-06,0.005503141970178689,1.4948012337114964e-06,1.137180081661193e-11,0.006697994762765849,1.6008849674096865e-06,2.778406815492505e-06,4.04295791770152e-07,6.645827615073879e-07,4.7351571960614615e-07,2.8783908840763023e-08,2.708295890853008e-07,0.0001605378676453833,3.812029602386634e-05,2.32226084020631e-09,7.250871355419156e-08
67,2.2397270119564507e-10,6.361702708202724e-08,1.64399675717018e-07,0.0002456304497895922,8.958573159672253e-08,3.803309696589078e-07,8.440219801977912e-05,0.97525848156378,2.632133430225768e-09,1.8196869660241945e-06,0.007195694926979521,1.789287581831433e-06,1.566509284401239e-11,0.016904908528097524,1.0481815655394244e-06,2.6994153825273954e-06,7.839022066070274e-07,9.272419012519421e-07,3.4863610812998694e-07,4.6858549045759395e-08,3.514362020811057e-07,0.00021057398490184837,8.969802789841141e-05,3.107843463135616e-09,9.176105152378006e-08
68,2.4496731202693283e-10,7.315311105781931e-08,1.1352887401096847e-07,9.512196257211368e-05,9.605492764464404e-08,1.6934579028761254e-07,0.00012579230693073103,0.9874267271035242,3.4606065601727406e-09,1.1084632594957138e-06,0.004904225252982748,1.7083941937625397e-06,9.032339053893019e-12,0.007206314932263502,2.0554535591311074e-06,3.054390009591885e-06,3.4879032514903524e-07,5.846708126378302e-07,4.5730612403870065e-07,2.158435431691775e-08,2.1811444983820803e-07,0.00020801379400473252,2.3721869976003233e-05,1.56330584474545e-09,6.825004287291401e-08
69,1.519865902017126e-10,5.177651114444914e-08,1.3329393419371228e-07,0.00012092081160199275,7.792440910338845e-08,1.7855121556015854e-07,9.261462343028537e-05,0.9877221766969081,2.7241224935667867e-09,8.675369826797548e-07,0.006266405312267394,1.4545963406353366e-06,8.394523958288768e-12,0.0056239759326413615,1.093425635753103e-06,2.1380093154730337e-06,2.57257169332166e-07,3.940264141446682e-07,3.457062221511717e-07,2.3471353061225555e-08,2.1590009520082253e-07,0.00012731287787040018,3.931839173339844e-05,2.4033287533987323e-09,3.8590116022104755e-08
70,2.453153860565583e-10,1.1294361858784306e-07,1.334036147699033e-07,0.00011782147256119213,1.3521550311038378e-07,3.5440060214403023e-07,0.0001521568369900809,0.9785097117480052,5.836204449213161e-09,1.3056118174480072e-06,0.011932422849457112,2.403232469377052e-06,1.1937965456261686e-11,0.008866907265600554,2.380221803672104e-06,2.6995455983895714e-06,4.831111576779772e-07,7.008489480714733e-07,1.1793987972863129e-06,2.093319526724605e-08,5.276287169758721e-07,0.000352259096087744,5.620465496523871e-05,4.379677752227271e-09,6.910735446872846e-08
