,0,1,2,3,4,5,6,7,8,9,10,11,12,13,14,15,16,17,18,19,20,21,22,23,24
0,4.3201934939539143e-10,1.8564481660558323e-07,3.0387055611150383e-07,0.0009863906133413707,1.063498711294772e-07,6.18124576930898e-07,6.914363892176508e-05,0.9517288688498277,1.512732612985266e-08,6.123185849413167e-07,0.029223534750507117,4.808307020224633e-06,1.732372930664521e-11,0.01733561280597467,2.289028647169654e-06,3.7651034416749153e-06,1.0641710066358039e-06,1.3733002637547947e-06,6.625034321328843e-07,4.247228910372867e-08,7.050743823663435e-07,0.000530515516396314,0.00010928384962673339,1.2116279239006862e-08,8.601356729242497e-08
1,2.9295796236818397e-10,1.3215106945420333e-07,2.0319129687595393e-07,0.0003736376081328884,8.17313462997701e-08,5.909593338372061e-07,3.750307417065438e-05,0.9725739408802044,1.8385831480891113e-08,3.375366084466765e-07,0.02038105889270538,2.709421564445341e-06,1.5385568812870923e-11,0.006125669515647566,3.0702347342002185e-06,5.578788531898875e-06,6.806786433220926e-07,6.85506782633603e-07,1.2388072997884013e-06,3.230988235949997e-08,4.850770909210112e-07,0.0004533172556000314,3.898470990415815e-05,1.0541016878773818e-08,3.243425844139814e-08
2,2.7791117051265606e-10,1.271186964876021e-07,2.0760316606320536e-07,0.0006234765776545439,7.241788353580637e-08,6.621171981437145e-07,3.61925033784264e-05,0.9603110894709537,1.6842826806025864e-08,3.126535480997275e-07,0.029570021716879277,3.269866481339867e-06,1.6442957183982382e-11,0.008835001362555732,2.1119171888358442e-06,4.063014831424361e-06,9.793164351678886e-07,9.106148641549139e-07,1.0758045147007938e-06,3.075161639923323e-08,6.254844446109399e-07,0.0005495853174418607,6.0118508907997885e-05,1.3826127065445087e-08,3.4898051557496445e-08
3,3.1443482097280404e-10,1.388989852934849e-07,1.95367893363748e-07,0.0005226294393771165,1.0019411879140527e-07,6.170169535064213e-07,4.130299096578752e-05,0.9607735534191093,1.7057393212883664e-08,3.340842105407156e-07,0.028542462151716238,3.1881861576431258e-06,1.6729418785767638e-11,0.009525103816544528,2.827842389013975e-06,4.795358880215141e-06,9.76533417108149e-07,8.802042372534505e-07,1.0155309862377395e-06,3.7485557438044707e-08,5.589224874686275e-07,0.0005199120681204416,5.929823979250405e-05,1.1833374707772488e-08,4.3026167977827766e-08
4,3.748428521331693e-10,1.53815364829545e-07,2.1200783439134164e-07,0.0005750047136546677,1.0976163418500577e-07,6.712691010058392e-07,4.369966178741063e-05,0.9572425094120013,1.9833105478964547e-08,3.4695285503551884e-07,0.030707184209163657,3.895615854291824e-06,2.2080277803225195e-11,0.010763033157900781,2.971028892404714e-06,5.09108945464874e-06,1.1648258666047678e-06,1.0222930260301601e-06,1.1340091049924307e-06,4.1628116667352885e-08,6.453691998265596e-07,0.0005877590158393107,6.326653162389734e-05,1.372217550276319e-08,4.967952009889995e-08
5,3.596645025332054e-10,1.509536209088279e-07,2.001453133061321e-07,0.000720953894428324,9.683504736680623e-08,6.569066455747222e-07,4.2439981025231304e-05,0.9566051022172438,1.829070075834203e-08,3.8795188629050063e-07,0.029932597553594443,3.964209333029487e-06,2.0452880066708794e-11,0.011985940708803744,2.713764312369943e-06,4.873931121407215e-06,1.2426897754002627e-06,1.2482957704114533e-06,9.764728742842521e-07,4.390371202800424e-08,6.88483455093051e-07,0.0006278024095524276,6.783354768232407e-05,1.3789096102053694e-08,5.268488830303943e-08
6,3.1443482097280404e-10,1.388989852934849e-07,1.95367893363748e-07,0.0005226294393771165,1.0019411879140527e-07,6.170169535064213e-07,4.130299096578752e-05,0.9607735534191093,1.7057393212883664e-08,3.340842105407156e-07,0.028542462151716238,3.1881861576431258e-06,1.6729418785767638e-11,0.009525103816544528,2.827842389013975e-06,4.795358880215141e-06,9.76533417108149e-07,8.802042372534505e-07,1.0155309862377395e-06,3.7485557438044707e-08,5.589224874686275e-07,0.0005199120681204416,5.929823979250405e-05,1.1833374707772488e-08,4.3026167977827766e-08
7,3.0132191900560754e-10,1.3914343157724588e-07,1.8705809739521873e-07,0.0005348694495083912,9.972254517326959e-08,6.118504084256727e-07,4.094952392158921e-05,0.9602779940073225,1.7135126596717444e-08,3.3115354499996463e-07,0.028745937760527123,3.2187069985358364e-06,1.6410031917160786e-11,0.00978376401546052,2.9019248978994305e-06,4.852893728656294e-06,9.904381918453247e-07,8.833823945296607e-07,9.942492691744744e-07,3.755290918652474e-08,5.681972311697002e-07,0.000541092437974259,5.95041715481578e-05,1.154540512422731e-08,4.3361824989886574e-08
8,2.0744177464630993e-10,7.29063233167299e-08,1.024447013389958e-07,0.00020395474853313874,6.688916304971303e-08,4.968208360668815e-07,3.0108628264570624e-05,0.9609172125219737,2.488857172590118e-08,1.4119233665977788e-07,0.0331502718938611,3.298732539199052e-06,1.666530196292183e-11,0.003810695285347966,8.311589078889911e-06,6.345448366780624e-06,1.3463896930646986e-06,9.783677634731408e-07,2.2134634389486606e-06,1.7907196425772886e-08,8.642986105584664e-07,0.001844580810126156,1.8854759572869225e-05,9.925212092954455e-09,2.986438185564848e-08
9,3.243376670065348e-10,9.9835716911803e-08,1.4098810100270647e-07,0.0002861210016337191,1.053705346948126e-07,5.969374467156378e-07,3.4429217789765645e-05,0.9582625238263789,1.6808707535163077e-08,2.0801462299866503e-07,0.033811001312496154,2.4777143651012208e-06,1.5542928966360522e-11,0.0069316513922838665,3.527737696501985e-06,4.820921979314213e-06,1.0837036315768034e-06,8.528951686169815e-07,1.4264460563986008e-06,2.5717511794854605e-08,4.831844421715611e-07,0.0006196150402888629,3.874632915078295e-05,1.1257483816936498e-08,3.4006632137999974e-08
10,3.1443482097280404e-10,1.388989852934849e-07,1.95367893363748e-07,0.0005226294393771165,1.0019411879140527e-07,6.170169535064213e-07,4.130299096578752e-05,0.9607735534191093,1.7057393212883664e-08,3.340842105407156e-07,0.028542462151716238,3.1881861576431258e-06,1.6729418785767638e-11,0.009525103816544528,2.827842389013975e-06,4.795358880215141e-06,9.76533417108149e-07,8.802042372534505e-07,1.0155309862377395e-06,3.7485557438044707e-08,5.589224874686275e-07,0.0005199120681204416,5.929823979250405e-05,1.1833374707772488e-08,4.3026167977827766e-08
11,3.469935945971144e-10,1.447512647588742e-07,2.0916391356697461e-07,0.0005390214566690436,1.0736959908070341e-07,6.470501398839945e-07,4.276456854871186e-05,0.959547521079591,1.840881178836735e-08,3.386849155571904e-07,0.02954780302482585,3.502105037817034e-06,2.0197803102090515e-11,0.009713392190508825,2.867839123795427e-06,4.9718119139010735e-06,1.0589231845876509e-06,9.224869392435116e-07,1.0857476218390055e-06,4.064552300525617e-08,5.930804603115061e-07,0.0005311226487930852,6.180810484236926e-05,1.3226849975182578e-08,4.526373063124675e-08
12,2.814820215968147e-10,1.2090628619247526e-07,1.9111218044400206e-07,0.00045803129159716175,8.724320043584294e-08,5.561676571101157e-07,3.858051008084392e-05,0.9645467439565005,1.6486066877504164e-08,2.8948844743492274e-07,0.026926939812824027,3.004880911203081e-06,1.543837597474867e-11,0.007488586953395836,2.792027270896971e-06,4.653839282446729e-06,7.963790413547062e-07,7.539214249478369e-07,1.0181578543117001e-06,3.30061262110531e-08,4.945979964309056e-07,0.0004759743274986015,5.028774721116043e-05,1.145014889321813e-08,3.544007595490257e-08
13,3.840468660638338e-10,1.6993053345908557e-07,2.2032711317329614e-07,0.0005447040603808044,1.0679604503299918e-07,7.017339027099387e-07,4.399710493914354e-05,0.9661261513658346,1.8825729959680487e-08,4.5668233785763345e-07,0.02361661413186805,2.9685994073947325e-06,1.73383937044663e-11,0.009063721164752528,3.012054085743222e-06,5.554031934361459e-06,1.053378489234896e-06,9.962792163492383e-07,1.1762297924523956e-06,4.351507738394084e-08,6.115865592748532e-07,0.0005283224738186287,5.933860448102426e-05,1.2462113165164341e-08,4.826020232165688e-08
14,3.0336409533173713e-10,1.2425877779136858e-07,2.0685089782136425e-07,0.0005368279809188779,9.310527276651584e-08,6.18998515752165e-07,3.963888402599537e-05,0.9619225366467122,1.6912468533462094e-08,3.191302385164823e-07,0.027785363363246277,3.2919777117061956e-06,1.7858269848795307e-11,0.009106123575122737,2.832820686026549e-06,4.8688518361948475e-06,1.0159718314529306e-06,8.877562042416554e-07,9.625926811283208e-07,3.801361083082566e-08,5.857440733482668e-07,0.0005343545168843836,5.923634416435934e-05,1.1839976122427275e-08,4.354292054702248e-08
15,3.1443482097280404e-10,1.388989852934849e-07,1.95367893363748e-07,0.0005226294393771165,1.0019411879140527e-07,6.170169535064213e-07,4.130299096578752e-05,0.9607735534191093,1.7057393212883664e-08,3.340842105407156e-07,0.028542462151716238,3.1881861576431258e-06,1.6729418785767638e-11,0.009525103816544528,2.827842389013975e-06,4.795358880215141e-06,9.76533417108149e-07,8.802042372534505e-07,1.0155309862377395e-06,3.7485557438044707e-08,5.589224874686275e-07,0.0005199120681204416,5.929823979250405e-05,1.1833374707772488e-08,4.3026167977827766e-08
16,3.0545613491178475e-10,1.409290313476698e-07,1.869235022525822e-07,0.0005220474134057922,9.635214699578455e-08,5.827643101011755e-07,4.210365471660182e-05,0.9623584787451293,1.714075732511345e-08,3.499835132308263e-07,0.026918234041702963,3.4062353684394793e-06,1.7002783301362955e-11,0.00952867161923635,2.8951771306248084e-06,4.816051159115847e-06,9.74493728208084e-07,9.036656154064069e-07,1.0224174418541425e-06,3.7921697678402875e-08,5.938800253127614e-07,0.0005564728912489317,5.791177154740248e-05,1.1443931511907137e-08,4.4161194363010306e-08
17,3.3007650638021357e-10,1.4311737418967196e-07,2.1485796686327622e-07,0.00047040794029736666,9.219210195385106e-08,6.602903788053608e-07,4.0579243961125185e-05,0.9648729244609721,1.821488457897465e-08,3.4234997037532415e-07,0.026294476997952513,2.8065496845144386e-06,1.457153730117998e-11,0.0077958389271381556,2.9417969667893997e-06,4.979938816586226e-06,7.824651746167066e-07,8.230503553524356e-07,1.1540286042535408e-06,3.320908987905504e-08,5.158822518590576e-07,0.00046095314621228257,4.926108884128087e-05,1.2096004093626144e-08,3.781035264576399e-08
18,4.68576938747826e-10,1.7969765361089894e-07,2.1123476118341655e-07,0.0007587472749711883,1.5565776526621642e-07,7.139757596546162e-07,6.38844092511689e-05,0.9453948540012191,1.7649625460973934e-08,6.187988672413739e-07,0.03135174707867031,5.321129903285392e-06,2.8714276599693834e-11,0.021398720252568657,3.449585991414782e-06,5.246263041081211e-06,2.32931281129182e-06,1.8933813662288945e-06,9.200383403953399e-07,6.349492003498131e-08,1.0710969241169762e-06,0.0009024977958698347,0.00010722887382618934,1.198178391731282e-08,1.1651681835418017e-07
19,3.090353168756533e-10,1.5780974726484496e-07,2.388412400396908e-07,0.0006871939341310555,9.044420078945306e-08,4.864729187203981e-07,5.8029616376957344e-05,0.9663446227165188,2.1769168295262684e-08,3.670594494260693e-07,0.022945288147148513,5.534166140437284e-06,2.2415969686512192e-11,0.00929038722522911,3.115124140928291e-06,5.048599551238823e-06,8.583915515861315e-07,8.929500993952553e-07,8.799547214921205e-07,3.87006564962135e-08,7.18027578785705e-07,0.000599559043165387,5.640602910321251e-05,1.123870904309008e-08,5.340700178060502e-08
20,1.1343187669002e-09,4.973225798535976e-07,4.203335440756222e-07,0.0011634969922094214,3.4658638367763784e-07,1.8080026035887081e-06,7.64466904480293e-05,0.9162085741023008,2.8494285668266414e-08,9.963721420983914e-07,0.05247019554980447,4.363478902985894e-06,3.9894286674278224e-11,0.029377420605580983,1.8357617955550646e-06,5.801504985839767e-06,2.5813454918363067e-06,1.7565815132176909e-06,1.9773019303361413e-06,1.040315244282997e-07,1.040561301330132e-06,0.0004323904896985768,0.00024777385593470274,3.9561605446678123e-08,1.0329921978271014e-07
21,3.3149419631601073e-10,1.8979115786170424e-07,1.753230045623069e-07,0.0006402415027770095,7.918033046528247e-08,5.396903387677724e-07,3.8342046785670586e-05,0.9651185276376701,2.1724434887327813e-08,3.70224480191535e-07,0.021827809137879215,4.155887901412929e-06,1.7044905891069672e-11,0.01184080301496812,2.4013572119884187e-06,5.522714381471144e-06,6.679049199135784e-07,9.503310137696442e-07,9.829723250970613e-07,3.8418718607538727e-08,5.316355520108993e-07,0.0004755319619582631,4.206865496023967e-05,1.1270191037562886e-08,3.726850038118416e-08
22,3.528612882824258e-10,1.2986042895510262e-07,2.0205960146092812e-07,0.0005174826036977556,1.0079214803717641e-07,6.845616916875352e-07,3.766547612714824e-05,0.9582806580486396,1.685536235083945e-08,3.3536891040466695e-07,0.03096412196444814,2.9657226212530037e-06,1.7345174455464945e-11,0.009549243908113389,2.9037662773300866e-06,4.897774642025787e-06,1.1803838166992737e-06,1.0601056032607802e-06,1.0672115342126627e-06,3.828736825742262e-08,5.927257186795031e-07,0.0005751598785544343,5.9434466143116606e-05,1.277825800032558e-08,4.503008731247788e-08
23,3.1443482097280404e-10,1.388989852934849e-07,1.95367893363748e-07,0.0005226294393771165,1.0019411879140527e-07,6.170169535064213e-07,4.130299096578752e-05,0.9607735534191093,1.7057393212883664e-08,3.340842105407156e-07,0.028542462151716238,3.1881861576431258e-06,1.6729418785767638e-11,0.009525103816544528,2.827842389013975e-06,4.795358880215141e-06,9.76533417108149e-07,8.802042372534505e-07,1.0155309862377395e-06,3.7485557438044707e-08,5.589224874686275e-07,0.0005199120681204416,5.929823979250405e-05,1.1833374707772488e-08,4.3026167977827766e-08
24,3.9238959411609675e-10,2.1145542766726203e-07,1.7796788449240246e-07,0.0007489645005397387,1.0287002009509912e-07,6.510548080045787e-07,3.8620562452204406e-05,0.9571184056670878,1.788600276518935e-08,4.4647454783829853e-07,0.026597933240699374,3.5438227384500603e-06,1.8655460908756612e-11,0.014890447588443432,2.0782454739665027e-06,4.7984442727508305e-06,1.1761930799008533e-06,1.1176775422221928e-06,1.0456774524009364e-06,4.934460803411151e-08,5.735044694118962e-07,0.0005196865692638216,6.989102300315134e-05,1.3263494985384642e-08,4.6555642282316176e-08
25,2.7582303685094316e-06,0.0002470071951999316,0.0005803723374392497,0.017562518139351634,5.026376873255468e-05,0.0007628371832494702,0.0120584147815726,0.6543767092047961,3.058165629717855e-05,0.00238205081824583,0.02596323312358645,0.0007677691819615104,9.675320463780467e-08,0.06122144560977092,0.008097956416505778,0.0013086150223270113,0.0023073811172887523,0.0006977791703201747,0.0008872262166366326,3.8316845101277915e-05,0.004183782678954117,0.19116608121580744,0.012814440018520737,4.338707558688257e-06,0.002488024607202903
26,8.591883954554609e-10,2.1204027692404802e-07,3.9710850223221753e-07,0.0008021366242460665,1.9007198142523994e-07,1.331103089422553e-06,4.190918240491227e-05,0.9384817653737533,2.6072897266640014e-08,4.972418787758448e-07,0.04947743467254475,3.4546323812929285e-06,4.043715198264175e-11,0.010503757380093825,2.1086776668223092e-06,5.765437071309905e-06,2.220545997757921e-06,1.5637402676085098e-06,1.9484449318639273e-06,8.070817009255589e-08,8.551794405942508e-07,0.0005263451548689274,0.0001458998637918272,4.563942497945548e-08,5.420469257250639e-08
27,6.473682325589356e-10,2.7263275370322296e-07,3.887041519287734e-07,0.0008178366247608854,1.797942173604726e-07,8.745364568605603e-07,7.628097574823142e-05,0.9507943676335107,2.0046965216117905e-08,6.712963886269386e-07,0.03239180294582394,4.317004509128583e-06,2.393852377568875e-11,0.015450263422499388,2.1591306639777705e-06,4.589850375168371e-06,1.0763462988954127e-06,1.1202839361537857e-06,1.1093646543979598e-06,5.901533150748677e-08,6.799301891911136e-07,0.0003307997684557507,0.00012103347581960341,1.831775620065474e-08,7.822742647877096e-08
28,3.1443482097280404e-10,1.388989852934849e-07,1.95367893363748e-07,0.0005226294393771165,1.0019411879140527e-07,6.170169535064213e-07,4.130299096578752e-05,0.9607735534191093,1.7057393212883664e-08,3.340842105407156e-07,0.028542462151716238,3.1881861576431258e-06,1.6729418785767638e-11,0.009525103816544528,2.827842389013975e-06,4.795358880215141e-06,9.76533417108149e-07,8.802042372534505e-07,1.0155309862377395e-06,3.7485557438044707e-08,5.589224874686275e-07,0.0005199120681204416,5.929823979250405e-05,1.1833374707772488e-08,4.3026167977827766e-08
29,3.1443482097280404e-10,1.388989852934849e-07,1.95367893363748e-07,0.0005226294393771165,1.0019411879140527e-07,6.170169535064213e-07,4.130299096578752e-05,0.9607735534191093,1.7057393212883664e-08,3.340842105407156e-07,0.028542462151716238,3.1881861576431258e-06,1.6729418785767638e-11,0.009525103816544528,2.827842389013975e-06,4.795358880215141e-06,9.76533417108149e-07,8.802042372534505e-07,1.0155309862377395e-06,3.7485557438044707e-08,5.589224874686275e-07,0.0005199120681204416,5.929823979250405e-05,1.1833374707772488e-08,4.3026167977827766e-08
30,3.1443482097280404e-10,1.388989852934849e-07,1.95367893363748e-07,0.0005226294393771165,1.0019411879140527e-07,6.170169535064213e-07,4.130299096578752e-05,0.9607735534191093,1.7057393212883664e-08,3.340842105407156e-07,0.028542462151716238,3.1881861576431258e-06,1.6729418785767638e-11,0.009525103816544528,2.827842389013975e-06,4.795358880215141e-06,9.76533417108149e-07,8.802042372534505e-07,1.0155309862377395e-06,3.7485557438044707e-08,5.589224874686275e-07,0.0005199120681204416,5.929823979250405e-05,1.1833374707772488e-08,4.3026167977827766e-08
31,3.3241364277848125e-10,9.751554582676806e-08,1.98669608243097e-07,0.00032990651538677274,6.292249161307409e-08,4.210038088854242e-07,3.031211091041926e-05,0.9766459134795825,9.841284724154703e-09,2.8593222553212674e-07,0.01695854523435852,1.809422532853159e-06,1.1347904459491517e-11,0.005732318684998153,1.4165436806832241e-06,2.914784611577101e-06,5.970215266049995e-07,6.66149424046784e-07,8.36606230701922e-07,2.4839487311094765e-08,3.001627189437001e-07,0.00025665180406623053,3.667725766399609e-05,8.21146284884768e-09,2.4942631618584596e-08
32,3.3630785787328306e-10,1.400350326049606e-07,1.9408717611976137e-07,0.0004660891724978476,9.871031165457518e-08,6.300013703101529e-07,3.9876575230354474e-05,0.9622497278382416,1.7746337432466138e-08,3.2728034810076145e-07,0.027997586512346188,3.0992232814857784e-06,1.7224772833556813e-11,0.008650557667167385,2.891116794485249e-06,4.8692223278716555e-06,9.646369922821422e-07,8.778798367348339e-07,1.1820629050439291e-06,3.5869648568181955e-08,5.453463582757315e-07,0.000526216164197607,5.401975045310092e-05,1.2406398204860219e-08,4.034121434030368e-08
33,2.2546860721371245e-10,1.1055551003254082e-07,1.2271326794676402e-07,0.0004744623446033897,8.828367196250284e-08,5.973386064842912e-07,2.7165911910635503e-05,0.95830502406037,1.1648326343714435e-08,2.8085756865360504e-07,0.029766601296260114,2.267689077038917e-06,1.6335055179400156e-11,0.01086449888189955,1.732068708092437e-06,4.010164332268331e-06,1.181927340174608e-06,7.603006074751643e-07,9.596526576726054e-07,3.768646088149272e-08,4.4995318142689754e-07,0.0004846058890478491,6.499058578969485e-05,1.1617519191081234e-08,2.8331479693221695e-08
34,6.05799961295949e-10,1.720431332510639e-07,2.3944909982635555e-07,0.00032004723024850397,1.0031745338180435e-07,7.34495345436388e-07,3.354572421355757e-05,0.9604699628705832,2.846312390289595e-08,2.1434966306941036e-07,0.03241200070445526,3.2737171871033582e-06,2.0957665328774015e-11,0.0061981260716921175,3.1595289148614097e-06,4.925128012199694e-06,8.9440860832703e-07,8.86026274911078e-07,2.435057933462316e-06,2.6060033531930858e-08,4.850355666213414e-07,0.0005162671456006107,3.242814261246848e-05,1.7414107513508203e-08,2.998937939909088e-08
35,2.831775644099348e-10,1.624221500933509e-07,1.9868166133363095e-07,0.0006006876693885008,1.285409685864425e-07,7.732113100773866e-07,4.417840168898172e-05,0.9513087544370372,1.7999280979939978e-08,3.742267375089084e-07,0.0351837257747358,3.333109937406095e-06,1.89549044864838e-11,0.0121955691333223,3.4173114749929113e-06,5.592981463062156e-06,1.1755995725564091e-06,8.167429846794804e-07,1.0573496747782956e-06,4.837627908481721e-08,6.373594610369276e-07,0.0005663128702756806,8.297330685415025e-05,1.3179512171512822e-08,5.101209673377269e-08
36,1.7642769920915965e-10,5.1385173108647155e-08,9.173378065879339e-08,0.0002112264309836853,3.3763573317983524e-08,1.9015918442667896e-07,2.4340765763632437e-05,0.9822038274112818,1.1183078752476797e-08,1.133188947268278e-07,0.012566662076067932,3.6564557365557447e-06,1.442957729528542e-11,0.0044516779382901455,2.5687112135072495e-06,3.812554236320466e-06,5.002675368636823e-07,5.195415153048479e-07,7.203447633727257e-07,1.4630431383813011e-08,2.6815823655178076e-07,0.0005173982205707606,1.228909554652918e-05,3.860900087274059e-09,2.180238311325221e-08
37,7.165996374022491e-10,2.034816301552534e-07,3.502878978980809e-07,0.0007787898745006704,1.2035111260127145e-07,7.365980398649015e-07,5.391117301464864e-05,0.9576147209684807,2.098804461258523e-08,5.305191072651033e-07,0.03106638497360992,4.156262819695336e-06,2.6444706483569444e-11,0.00989463129689517,1.878020494902178e-06,4.341135313535515e-06,1.2934106621231955e-06,1.5151431280628849e-06,1.3386392667959644e-06,5.2241056635801104e-08,7.243174977569491e-07,0.000485057720879773,8.916228773811853e-05,2.4713233276572913e-08,5.485253128642637e-08
38,4.549232706574709e-10,1.5840419266656702e-07,2.625497489168945e-07,0.0004042994219874756,1.2545874946465618e-07,8.514451252029779e-07,4.929811770513437e-05,0.9619349619885925,2.2064695636924494e-08,3.767134937933392e-07,0.028937657516470133,2.8532407552569963e-06,1.73604545019353e-11,0.008150661855025058,3.7647140966385735e-06,5.87393280781343e-06,8.234456544515818e-07,9.115771675827047e-07,1.4153433853791556e-06,3.31321581975796e-08,5.20708823264206e-07,0.00045578567262532203,4.928197166494071e-05,1.35781058719824e-08,4.6674685198575805e-08
39,5.769244745994974e-10,5.905256846942245e-07,1.9570108175966993e-07,0.001209593046492938,2.3659748676169274e-07,6.232988858988849e-07,8.119937413506205e-05,0.910983947904116,3.075272695714673e-08,5.580205416287238e-07,0.0535616660653993,7.0457540841858986e-06,1.77553516695401e-11,0.033267624448284586,3.6916511542973867e-06,5.549027611842176e-06,1.1598445838733695e-06,1.1947786985758204e-06,1.154779547348021e-06,6.84131949353442e-08,6.473469616023491e-07,0.0007343178606201719,0.00013879551786463048,1.8054503514700876e-08,9.064165991846445e-08
40,4.4507679585685264e-10,1.8221098624620113e-07,3.1358074035856505e-07,0.0004818739699024179,1.2596568590864673e-07,7.338305866099412e-07,6.399783751643247e-05,0.9559057912563889,2.7575866755336666e-08,3.479324051219286e-07,0.031599898392930974,5.463899454951426e-06,2.2949914406291062e-11,0.011165689265628883,5.452596595756851e-06,5.733170802936467e-06,9.527676387701543e-07,9.57654154477872e-07,1.2909771704242286e-06,3.351792751616292e-08,7.451720030399767e-07,0.0007047976173804986,5.5505847660427816e-05,1.1572096570925813e-08,7.292044928902177e-08
41,5.278173750410659e-10,1.7954966351232344e-07,3.074368058762683e-07,0.0003642327745750989,2.123582505507095e-07,5.493242306112102e-07,6.811436550023612e-05,0.965219102007288,2.7689817025705143e-08,2.5632859822993156e-07,0.02832018084079872,2.984139918594995e-06,1.6477787708449534e-11,0.0056685940021189,5.039853185496955e-06,6.9700088538248475e-06,5.403389373535838e-07,5.605428707630861e-07,9.463797766783918e-07,3.662406029174443e-08,3.200855827672024e-07,0.0002984306134271893,4.235716714934504e-05,1.1422993054617499e-08,4.560130229036839e-08
42,5.757417355649808e-10,2.931424934358318e-07,2.894392049192943e-07,0.0009075862517892707,2.3555020129552718e-07,8.87985903161472e-07,7.508435992282694e-05,0.9265714142561846,2.2423076632122705e-08,5.166309183300579e-07,0.04852525351383969,4.233569017053001e-06,1.961109885467429e-11,0.023279491086315263,2.9312850427636895e-06,4.677133901039045e-06,1.3729673313320568e-06,1.2394673016895086e-06,9.301309805296086e-07,5.7517191856336674e-08,6.967559619325734e-07,0.0004875977891157551,0.00013508391560176664,1.6839331692465898e-08,8.739402046092243e-08
43,2.1093115952437894e-10,1.1548683729805277e-07,1.6830051452073235e-07,0.0004605935204420715,7.172971052401807e-08,7.74076629754189e-07,3.25399117300161e-05,0.9736316164925717,1.3325409747404331e-08,6.579441396004559e-07,0.017121135552127166,2.101589449175331e-06,1.587442411408943e-11,0.008067394683229348,2.4874132476314995e-06,5.453192954603825e-06,1.0930821909942108e-06,1.012987847682716e-06,1.1186978831518675e-06,4.720590671572294e-08,8.348233438516136e-07,0.000609736628619308,6.0984485867760485e-05,1.0875256613959912e-08,3.776728514883555e-08
44,3.1443482097280404e-10,1.388989852934849e-07,1.95367893363748e-07,0.0005226294393771165,1.0019411879140527e-07,6.170169535064213e-07,4.130299096578752e-05,0.9607735534191093,1.7057393212883664e-08,3.340842105407156e-07,0.028542462151716238,3.1881861576431258e-06,1.6729418785767638e-11,0.009525103816544528,2.827842389013975e-06,4.795358880215141e-06,9.76533417108149e-07,8.802042372534505e-07,1.0155309862377395e-06,3.7485557438044707e-08,5.589224874686275e-07,0.0005199120681204416,5.929823979250405e-05,1.1833374707772488e-08,4.3026167977827766e-08
45,1.4857057699931222e-09,1.453377938160977e-06,4.51561890566652e-07,0.0032334285508957665,5.002000024007278e-07,2.293923876878301e-06,0.00011855578363239909,0.8318043946213529,4.673395921523153e-08,2.9041752832934545e-06,0.06394512628455334,1.3014237137965924e-05,8.057912418536904e-11,0.09847244237950442,2.2722873664376907e-06,6.1594349543961245e-06,8.478308863025626e-06,4.242718500041294e-06,2.6764214603499604e-06,2.715469369150775e-07,4.551014363189961e-06,0.0014890615133135979,0.000887278761884991,6.254370852524102e-08,3.3205233605953606e-07
46,2.888798267792926e-10,8.970428904093668e-08,1.73670189193625e-07,0.000725958788952609,8.683847908098825e-08,9.364681808324173e-07,2.294320425838744e-05,0.9521368657152945,1.4746921697420013e-08,2.914978348219472e-07,0.03558038199275183,3.0983457935978694e-06,3.5424591482850746e-11,0.010475679387904701,2.5783196658289564e-06,5.762351651199769e-06,3.358150505543174e-06,1.3436191423165139e-06,1.1502938619080465e-06,5.937205377007297e-08,8.890488806172756e-07,0.0009536717077020042,8.460123207911923e-05,1.7588823071242134e-08,4.76304801157247e-08
47,5.338104803666828e-10,1.6153590367954398e-07,2.454078653323172e-07,0.0004753986806202104,9.888612185427802e-08,5.129881414295512e-07,5.039682914747175e-05,0.9694983594903042,2.4597986131684565e-08,3.7277869986972366e-07,0.021647320703884178,6.151154338300204e-06,3.3913197010957874e-11,0.0074211199730195975,4.106687131582591e-06,6.2296634863796035e-06,1.3419959026200177e-06,1.1499096421294478e-06,1.579439118590298e-06,4.581639790662819e-08,7.69713107774658e-07,0.000836015344543126,4.851935608131454e-05,1.4031363636095138e-08,6.444946888496122e-08
48,3.662842076236424e-10,1.8789458282630867e-07,1.698607449629906e-07,0.0004539782255940476,9.456491231257951e-08,7.49200376789574e-07,3.415877526570711e-05,0.9609417655685227,1.716087184918412e-08,3.8289091093981485e-07,0.0284659587709683,2.6230945213749606e-06,1.691711794956402e-11,0.009507708021598818,2.1384582407140493e-06,4.397606885067106e-06,1.0935288185678472e-06,8.353167848167294e-07,1.8312453426525212e-06,3.5445211623852744e-08,5.173849081430983e-07,0.000522144985680292,5.916411061517666e-05,1.5068799066131058e-08,3.243664200518956e-08
49,3.249285651071713e-10,1.3751145125406548e-07,2.4948072962667355e-07,0.0006635314954014558,9.365141428824126e-08,7.339212268789248e-07,4.2798081194361394e-05,0.9595370840399172,1.910418495346919e-08,3.8560754262140523e-07,0.028678095024315002,3.970091409192705e-06,2.2185381059566655e-11,0.010407481519875878,2.9457656463337538e-06,5.3018083093530494e-06,1.110048589387858e-06,1.0156681481916185e-06,9.99499048558641e-07,4.420242974935211e-08,7.24256892418387e-07,0.0005833320610124744,6.988145641035289e-05,1.406099896517302e-08,5.129673734732115e-08
50,2.6322645654110377e-10,1.1261817335333837e-07,1.651346780533511e-07,0.0003531043743133989,9.093655315325553e-08,4.146796137843298e-07,5.173966667431482e-05,0.9719371193449869,1.0788447015816531e-08,4.0945236189773797e-07,0.01838384552987611,2.7740194213369604e-06,1.3604026612454254e-11,0.008824154516403337,2.3346575769135154e-06,3.856702770204967e-06,7.082682501461537e-07,7.201125176778523e-07,7.683669012478457e-07,3.0929983836930356e-08,4.251294494690911e-07,0.0003891631919939,4.8000396958398865e-05,6.801447612047363e-09,4.410381735416268e-08
51,2.908491260954252e-10,9.608887122035918e-08,2.1446318413108397e-07,0.00039694432086886635,1.3378095517655753e-07,6.76189973875967e-07,4.793891658067794e-05,0.9593515357676135,1.4724191881862257e-08,3.2668794535159176e-07,0.03174132676064837,2.816038283885064e-06,2.0556010906828e-11,0.007922842128020281,3.0734783741978305e-06,5.162540793881295e-06,1.0641672876854666e-06,7.921673392912923e-07,9.392431632833293e-07,4.0943445323978354e-08,5.713373188513739e-07,0.00045146082495712143,7.196978611330291e-05,1.2600659662419188e-08,4.673200501903657e-08
52,6.229072072303091e-10,1.0196646145873555e-07,2.6669069204279765e-07,0.0003803680322737577,9.088435809202151e-08,1.2434569367537375e-06,3.073121760603534e-05,0.9527826647264239,1.8672241364744494e-08,4.759208587307975e-07,0.03505139138835766,2.0666024640952373e-06,1.386086154601765e-11,0.010829673594439645,4.300007488413504e-06,6.581051047875378e-06,1.3988064406159843e-06,2.326430666760631e-06,1.4479131253549869e-06,3.2929695363953854e-08,5.655343116032546e-07,0.0008535936095904699,5.0585080603641455e-05,1.5328921330848703e-08,5.9518226910157e-08
53,1.6855299424784049e-10,9.46837399730551e-08,1.7629265843540954e-07,0.00045517036674923213,1.1462588413924295e-07,3.5360184621644515e-07,7.441315229380422e-05,0.9647042342636848,1.4114580268458704e-08,2.8526812300230576e-07,0.026844963731714938,3.997628920606776e-06,1.430275697277167e-11,0.007439694269029605,3.2940635796789525e-06,4.394496689476359e-06,5.319564204175944e-07,5.269179270040548e-07,5.357700147902383e-07,3.131599042883784e-08,4.752949838224445e-07,0.0004060737145182751,6.0572016539648796e-05,7.892824487260057e-09,4.4378431300716996e-08
54,4.757691067256761e-10,2.791077909920878e-07,2.0015199124720328e-07,0.0005622770245951561,1.4110193929429125e-07,6.363796361389027e-07,6.05368824786881e-05,0.9600142260377713,2.220414072914092e-08,5.675670073064665e-07,0.021933367363870273,4.480519152601144e-06,1.7576148801261343e-11,0.01669283357181415,5.172505105956241e-06,7.093357425522692e-06,1.0238290064107678e-06,1.050451039228788e-06,1.1141258377468654e-06,4.83071228810772e-08,5.729513426357276e-07,0.0006578492074422557,5.64103183133122e-05,8.202849931042537e-09,8.833898092606157e-08
55,6.00804777181694e-10,1.8077231417105804e-07,3.202801789060937e-07,0.0007453622995870461,9.212336872241449e-08,5.239840937946627e-07,6.691370914630232e-05,0.9660843068102067,4.597331116019468e-08,2.750944773905802e-07,0.024872996466274784,1.0482738070417335e-05,4.0149947366311215e-11,0.007462693205554296,3.83013797529082e-06,6.29942010175773e-06,8.328518051817706e-07,1.3087594376754213e-06,1.4035992098336562e-06,3.435757304903708e-08,8.751830912814878e-07,0.0007039819313622575,3.7162887617524926e-05,1.8370694008295438e-08,5.840359368088835e-08
56,3.488253595282504e-10,1.423516526040386e-07,2.0829727257313853e-07,0.0005312835745671352,1.0409477168997703e-07,6.443452182165624e-07,4.2713854422731706e-05,0.9599642870677839,1.8710678055772273e-08,3.357798605442395e-07,0.029154373014086216,3.571276377730935e-06,1.9952983052048882e-11,0.009683036935206585,2.9577227732634925e-06,4.9974392346896005e-06,1.0470085609863817e-06,9.463500327425923e-07,1.0958581873880813e-06,3.907881855092032e-08,6.008537447445553e-07,0.0005482272833471095,5.930984559575154e-05,1.2882907521207337e-08,4.600612093709304e-08
57,3.3177750664091387e-10,1.3363208681967244e-07,1.8898265321791233e-07,0.00043729344905197085,8.664406536380997e-08,4.735201249286198e-07,4.224400271751612e-05,0.9712978614455731,2.0450770256886288e-08,3.237475102511023e-07,0.02022934568092448,5.081940183693259e-06,2.952158995443339e-11,0.007236024268141444,3.3039033334092897e-06,5.77751067792698e-06,1.13844353578841e-06,8.366076246032015e-07,1.3475502282712597e-06,4.3801844583023585e-08,6.779932906161979e-07,0.0006908159408685262,4.6921978999165745e-05,1.1596801545823517e-08,4.654769332292899e-08
58,3.743271750064223e-10,1.4122478889616583e-07,2.1473679357575806e-07,0.000533023254420357,1.0630385874159164e-07,6.724018241367351e-07,4.1820009443836497e-05,0.9575088558317061,1.9871502951591046e-08,3.1614341866804597e-07,0.03239654211131294,3.5907021417657587e-06,2.078479640185628e-11,0.008910886308882747,2.7561234702138597e-06,5.004306442951362e-06,1.0084127950410674e-06,9.577246647805295e-07,1.2130441226586562e-06,3.847437811597686e-08,5.88720091128971e-07,0.0005306481159883002,6.153849167533579e-05,1.592646051116646e-08,4.136470472975247e-08
59,3.4939727099207673e-10,1.3678161535097508e-07,2.3167767544094325e-07,0.0005416199513865567,1.0356819529172843e-07,6.642051244307322e-07,4.1947214796971446e-05,0.9598720209787824,1.8913397953035858e-08,3.283284602766984e-07,0.030787244699939566,3.31198823318524e-06,1.9105196949422357e-11,0.008183029007923913,2.719898485413436e-06,4.919428398601476e-06,9.464238218067437e-07,8.882235129030372e-07,1.1150608406961429e-06,3.9827833510756864e-08,5.888282787857428e-07,0.0004940732026486862,6.399570881808666e-05,1.552610562989386e-08,4.0187221917725274e-08
60,3.1443482097280404e-10,1.388989852934849e-07,1.95367893363748e-07,0.0005226294393771165,1.0019411879140527e-07,6.170169535064213e-07,4.130299096578752e-05,0.9607735534191093,1.7057393212883664e-08,3.340842105407156e-07,0.028542462151716238,3.1881861576431258e-06,1.6729418785767638e-11,0.009525103816544528,2.827842389013975e-06,4.795358880215141e-06,9.76533417108149e-07,8.802042372534505e-07,1.0155309862377395e-06,3.7485557438044707e-08,5.589224874686275e-07,0.0005199120681204416,5.929823979250405e-05,1.1833374707772488e-08,4.3026167977827766e-08
61,3.4648577204502807e-10,1.3455338361292764e-07,2.2592225894138388e-07,0.0005249507265465906,1.0366449249770772e-07,6.457162031090847e-07,4.2112341876595914e-05,0.9605868967103761,1.834570903942261e-08,3.276911987244346e-07,0.030055028493168767,3.3226585066758434e-06,1.9572720855449988e-11,0.008221480337552494,2.7125732428766044e-06,4.890587927131018e-06,9.541768361030417e-07,8.828730870232284e-07,1.1003901110257217e-06,3.987810991318164e-08,5.804554887333212e-07,0.0004912055579107705,6.233060707834711e-05,1.495501562556236e-08,4.0417860727915875e-08
62,3.1443482097280404e-10,1.388989852934849e-07,1.95367893363748e-07,0.0005226294393771165,1.0019411879140527e-07,6.170169535064213e-07,4.130299096578752e-05,0.9607735534191093,1.7057393212883664e-08,3.340842105407156e-07,0.028542462151716238,3.1881861576431258e-06,1.6729418785767638e-11,0.009525103816544528,2.827842389013975e-06,4.795358880215141e-06,9.76533417108149e-07,8.802042372534505e-07,1.0155309862377395e-06,3.7485557438044707e-08,5.589224874686275e-07,0.0005199120681204416,5.929823979250405e-05,1.1833374707772488e-08,4.3026167977827766e-08
63,3.736999063896617e-10,1.7865579246217664e-07,2.1538466215176907e-07,0.0005680268521845306,1.1389687787504198e-07,6.738587210598799e-07,4.439947338565608e-05,0.9592654201844,1.9664800105084248e-08,3.83152972119411e-07,0.029247893978576422,3.459695638265305e-06,1.850255687392669e-11,0.010241178950597075,3.0571793205080276e-06,5.131459830573301e-06,1.0616569980179012e-06,9.309594630209219e-07,1.1794281085220025e-06,4.256599654722554e-08,6.114021115477756e-07,0.0005508095467843192,6.51504507204116e-05,1.3351730420576307e-08,4.7858126024100104e-08
64,3.1986180047189364e-10,1.4970578869917615e-07,2.0964312853989066e-07,0.0005938558126075245,1.0395398840346924e-07,6.762625577389076e-07,4.4413574290360983e-05,0.9602972476776309,1.8811503693526295e-08,3.9827906677483455e-07,0.02782043145233182,3.7570793979117803e-06,2.0706577248608584e-11,0.010556316902177844,3.0005471518619568e-06,5.112367456577539e-06,1.1323198424775552e-06,1.011886751018985e-06,1.0584775002186662e-06,4.407137291050625e-08,7.437025792741584e-07,0.0006024272810204353,6.782647396758208e-05,1.3053777358726458e-08,5.0323541996576036e-08
65,5.601805434239731e-10,1.8139374210355082e-07,1.996144785567093e-07,0.0005132488348332837,1.4405713516110944e-07,7.519536822463018e-07,3.774595851283899e-05,0.9288802402888483,3.553869758951111e-08,1.6857255421950772e-07,0.06075853123114044,4.8800763789941335e-06,2.734355802446162e-11,0.008889454982888335,3.972544401008032e-06,6.022720213803454e-06,1.4290979105351578e-06,1.051000301526211e-06,2.101507802254292e-06,3.2666185025005265e-08,5.779608768871849e-07,0.0008447430171553046,5.442262321565419e-05,2.4642301833737574e-08,3.912922005273708e-08
66,4.544432253252236e-10,1.5538956298837767e-07,2.9455396717070233e-07,0.0005193521897087393,1.588157431472016e-07,9.281544744190954e-07,4.982068921493575e-05,0.9571942351107892,1.9207879815395397e-08,5.06054853974144e-07,0.03310236487374232,2.874377086823713e-06,2.4384112527662044e-11,0.008549523932998019,3.0531196635481653e-06,5.7398763813686335e-06,1.3170070143283325e-06,1.0703530788842802e-06,1.3183194140432049e-06,5.972209580610586e-08,7.588863290618699e-07,0.0004744880268889664,9.188710250186546e-05,1.9845509899063382e-08,5.3912273327621734e-08
67,3.15264493524828e-10,1.3732336147613504e-07,2.675691760033884e-07,0.001286814400908818,1.1669200086366527e-07,1.4380447711986e-06,3.212287319719372e-05,0.9351804630840567,1.479847752458394e-08,5.930324146004645e-07,0.04153912205932426,3.234008046952911e-06,3.254955020310446e-11,0.021173068997646375,1.9398900152289307e-06,5.543285154356741e-06,2.3576782085123385e-06,1.4681853395261344e-06,8.545849466171202e-07,9.275957201196854e-08,9.648938994514362e-07,0.0005725563981894561,0.00019673978931320697,2.448199597252302e-08,6.482216982098412e-08
68,3.233138506420729e-10,1.5017455608492922e-07,1.570730755657874e-07,0.00040908802552876833,1.2728378566481867e-07,5.868469163203403e-07,4.486962065129548e-05,0.9590501592607805,1.794317191095568e-08,3.120583674452979e-07,0.030398681568807574,2.997911790363651e-06,1.6256727891611547e-11,0.00941336097354879,4.185277323898429e-06,5.757712555721318e-06,1.0699430892711944e-06,8.432138486826035e-07,1.1573368544820591e-06,3.733150146369771e-08,4.948569779396292e-07,0.0006165716938164918,4.9316270787578016e-05,1.0138639340068956e-08,4.7144054303629904e-08
69,2.1688840814908018e-10,1.1381576510826415e-07,2.180846804114988e-07,0.0006359688703729357,1.0329805674433831e-07,6.834820532138225e-07,3.553095367181412e-05,0.9551045043547104,1.5608491338708776e-08,2.83764299953804e-07,0.036713894543713495,2.6371197150200782e-06,1.7465416092421852e-11,0.007061943841634528,2.0426507506242245e-06,4.443581560131427e-06,7.765491807218533e-07,6.265338492071054e-07,8.647651382002594e-07,4.6649942812539554e-08,5.962206398601192e-07,0.00034797791426263334,8.668068150201768e-05,1.9234529682323505e-08,2.724712537671107e-08
70,3.925567021864104e-10,2.8670305261189475e-07,2.1716101186762843e-07,0.0005905111234249804,1.7738318848060391e-07,1.2449741263445697e-06,5.7002484291724325e-05,0.91589203185938,3.4498678466383554e-08,4.3278257742109504e-07,0.0712939577297755,4.8290668464102726e-06,2.4746641655127205e-11,0.0108826489415886,4.320245090038152e-06,5.08912117380104e-06,1.5840871457893206e-06,1.0708418325109977e-06,3.545594444077125e-06,4.2159737285623904e-08,1.3662261039627237e-06,0.0011196121488293701,0.00013990715870558176,3.817253072080653e-08,4.911916100847754e-08
71,3.871867369214383e-10,3.694901753643068e-07,1.8017037905437097e-07,0.0009060036934581266,2.9745317025419286e-07,5.262431763021939e-07,6.413011673721897e-05,0.9581916735816577,2.0635783618947413e-08,7.651007777767801e-07,0.02306082781263623,4.703027780584873e-06,3.5063297783875804e-11,0.017205970430514427,2.4888213272959226e-06,7.704793895289868e-06,1.4545952416704293e-06,7.02231584065637e-07,8.655636338911919e-07,1.9234351497521542e-07,7.551131539172121e-07,0.0003792649773285478,0.00017101544899104272,1.6811706031025186e-08,7.112112659840183e-08
