,0,1,2,3,4,5,6,7,8,9,10,11,12,13,14,15,16,17,18,19,20,21,22,23,24
0,1.2561621876293955e-05,1.9773218756270703e-06,0.00031443974151586126,1.6351423912107768e-07,8.351668196573621e-08,5.784722259606093e-06,3.852259739530028e-06,1.211730897752537e-06,0.9863150378847156,1.4330585378936043e-09,1.1722344460514053e-08,6.21219021092922e-06,3.437041965488511e-08,3.6399331364928014e-11,0.00013944689665814478,0.01312171695298101,3.854246897136688e-11,1.0860912340025118e-07,7.597495335264897e-05,9.643331137251906e-10,3.7902028038338884e-07,7.072261695937826e-08,1.2967361208547994e-12,9.047718728727721e-07,2.5002708193746454e-08
1,6.306126880927489e-05,7.132769498361562e-05,0.000212373943485275,2.1501125204036496e-05,4.345497264430763e-06,6.383020584796135e-06,7.259414357123796e-05,1.406220910897669e-05,0.9942256804451675,6.2086612267569535e-09,2.9772840633182504e-06,0.00048529773935177873,2.40056565208129e-07,6.169009482373823e-08,0.0005516889940741461,0.004170525806884166,1.3240746568374934e-08,3.32698711479707e-06,7.620699839706205e-05,2.7599679638347864e-08,5.61449307273326e-06,6.702430188122574e-06,7.211037309663516e-10,3.492387308054162e-06,2.4880145151411152e-06
2,1.6400553797967176e-05,2.7802355417384655e-06,0.0002978657382751576,1.361011462715913e-07,1.580020416970887e-07,4.780832755571998e-06,5.445857194004079e-06,1.177768552266052e-06,0.9870577418644523,1.6660743281322478e-09,1.102408607671527e-08,6.261835615616664e-06,3.4028585967503025e-08,4.88769013208232e-11,0.0002206856325369456,0.012326856702534703,3.984755775219684e-11,1.0918596500353786e-07,5.853245762444888e-05,1.3297085836960215e-09,2.9836895383202194e-07,6.104513270664068e-08,1.473504722441741e-12,6.145744431287958e-07,4.510478371506559e-08
3,1.4962257860008475e-05,2.325650525992735e-06,0.00036769452130781935,2.0449553992316295e-07,8.615028568991754e-08,5.810027520577851e-06,4.6147580914414574e-06,1.264609540957138e-06,0.9867255844709711,1.8155945932774415e-09,1.2232551622996889e-08,7.475194551064156e-06,3.6110670285736724e-08,4.509548349670429e-11,0.00013433686648162257,0.012660828624751382,4.09209328992535e-11,1.304679172735302e-07,7.314369046399368e-05,1.0428078565543713e-09,4.09472741907246e-07,7.636365516706619e-08,1.5944394045814047e-12,9.698487653692668e-07,3.12397934133724e-08
4,1.5958740598341485e-05,2.3107204490349966e-06,0.0003629157104837318,2.2818553390908407e-07,9.187516463061306e-08,5.773333324586596e-06,4.834081808950464e-06,1.2312451544560087e-06,0.9874533874486062,1.7959480892967e-09,1.274551521319962e-08,8.998892145827375e-06,4.9189652657258485e-08,5.239649085042449e-11,0.00012403566638254497,0.011946932887277736,5.234170136601384e-11,1.461570076886922e-07,7.145777303427019e-05,1.1548010431481866e-09,4.66070141730109e-07,8.385604183302801e-08,1.7791213884806767e-12,1.0468164815535841e-06,3.554792879240349e-08
5,1.773137208191383e-05,2.4374809539996096e-06,0.00036402923501495566,3.254062914401641e-07,7.329875536064152e-08,5.862421769514287e-06,4.352099379440265e-06,1.1792007167113854e-06,0.9870488655568387,2.2714488147782704e-09,1.2624413557004514e-08,1.0004536421730314e-05,4.766580091006115e-08,6.155237929773629e-11,0.00010622983326741315,0.012371908782470164,5.7887826469976764e-11,2.1694615556010837e-07,6.482289468315932e-05,1.306478732433919e-09,5.060438405818122e-07,1.008111766372048e-07,2.006025597490686e-12,1.2514359148209632e-06,3.865467945087922e-08
6,1.4962257860008475e-05,2.325650525992735e-06,0.00036769452130781935,2.0449553992316295e-07,8.615028568991754e-08,5.810027520577851e-06,4.6147580914414574e-06,1.264609540957138e-06,0.9867255844709711,1.8155945932774415e-09,1.2232551622996889e-08,7.475194551064156e-06,3.6110670285736724e-08,4.509548349670429e-11,0.00013433686648162257,0.012660828624751382,4.09209328992535e-11,1.304679172735302e-07,7.314369046399368e-05,1.0428078565543713e-09,4.09472741907246e-07,7.636365516706619e-08,1.5944394045814047e-12,9.698487653692668e-07,3.12397934133724e-08
7,7.35251078591359e-05,2.847390492758658e-06,0.0017210377534944317,1.7872394693546922e-07,1.0113885839289933e-07,9.545594844386988e-06,7.692424163512516e-06,1.8036017028863738e-06,0.9892361588528022,3.2183723344121208e-09,1.3519887377742673e-08,7.791293813767953e-06,6.783823112858689e-08,3.404518288043979e-11,6.762002739358697e-05,0.008715166983137141,3.7218486722973685e-11,2.067197882979984e-07,0.0001534346955869227,1.0297758567945338e-09,3.231824377373531e-07,3.388836397567227e-08,2.006948845042334e-12,2.410581719602232e-06,3.6360056975508536e-08
8,9.02029876918202e-06,1.3420094346637223e-06,0.00020266651174587904,1.2783727703984311e-07,7.188064535025363e-08,5.2259677078045105e-06,3.100541513103216e-06,1.1044690559609666e-06,0.9859043607970764,1.093808247614989e-09,1.1807224821493681e-08,5.633587323382453e-06,3.2197932951701576e-08,3.137824201293246e-11,0.00018220813358684173,0.013612595551682267,4.6956585973873176e-11,1.318897678053939e-07,7.109626220942293e-05,7.937097898754325e-10,4.2570172590031785e-07,1.0636356388486349e-07,9.029072971596274e-13,7.121893160158392e-07,2.4035685725642075e-08
9,1.4689761097392127e-05,1.6620616830212435e-06,0.00021194131801996986,9.371100698642592e-08,1.1149774814789614e-07,5.746476307951013e-06,3.415401427013461e-06,1.3599811648128583e-06,0.9873583091224923,9.561020300783493e-10,1.7466633737645957e-08,5.2334696136279315e-06,3.29034720084804e-08,3.8227409445510105e-11,0.00020921124189528746,0.012081322659515174,5.632598890952598e-11,1.347163289012096e-07,0.00010552095196722185,7.39313702726705e-10,3.0787645617442387e-07,1.0294135785584654e-07,1.006125884842531e-12,7.579857184468482e-07,2.666511866748413e-08
10,1.4962257860008475e-05,2.325650525992735e-06,0.00036769452130781935,2.0449553992316295e-07,8.615028568991754e-08,5.810027520577851e-06,4.6147580914414574e-06,1.264609540957138e-06,0.9867255844709711,1.8155945932774415e-09,1.2232551622996889e-08,7.475194551064156e-06,3.6110670285736724e-08,4.509548349670429e-11,0.00013433686648162257,0.012660828624751382,4.09209328992535e-11,1.304679172735302e-07,7.314369046399368e-05,1.0428078565543713e-09,4.09472741907246e-07,7.636365516706619e-08,1.5944394045814047e-12,9.698487653692668e-07,3.12397934133724e-08
11,1.5801388370195666e-05,2.2621495422119677e-06,0.000378418910062733,2.1182654674686765e-07,9.17468088336945e-08,5.872451410223434e-06,4.7546116480257685e-06,1.2478328011388372e-06,0.986810718627775,1.8086024549558914e-09,1.2480126501049316e-08,8.157985005773222e-06,4.538115729847378e-08,4.677534928133058e-11,0.00012739109819762129,0.012570606438165937,4.6411068169892636e-11,1.368460598160037e-07,7.267001318978431e-05,1.142013758896501e-09,4.335939424693069e-07,7.6511823757398e-08,1.6984693259848405e-12,1.0542067372125381e-06,3.285512789607849e-08
12,2.2960244446126288e-05,4.762262682589452e-06,0.00022877226282612195,2.6022088110595493e-07,1.668191713171204e-07,6.34433679971901e-06,4.220414435505777e-06,7.139456196596822e-07,0.9906228524423399,3.0242375873544432e-09,8.488064169351344e-09,6.896492673328023e-06,5.0613850257207184e-08,1.3005765862937595e-10,9.046377741484443e-05,0.008961607225826602,1.0391707936200707e-10,2.4735986620676673e-07,4.830611190971293e-05,1.94820876716983e-09,5.269779694662873e-07,7.534046823478789e-08,2.3661161299954328e-12,6.84067477552846e-07,7.538649020740982e-08
13,1.1688088304120447e-05,2.3213091555829153e-06,0.0003837054617839702,3.387764781866866e-07,1.0088952067891038e-07,5.020947249843264e-06,6.951070721226608e-06,2.634182913252615e-06,0.9864723119874781,1.2759849144147913e-09,3.7648387901063136e-08,1.7260864965466945e-05,4.122196185123961e-08,1.0098194787399745e-10,0.00019725714001755836,0.012820911985403291,5.3207110785608404e-11,1.3471621404852213e-07,7.743640204983514e-05,1.0379287946744695e-09,5.371475942768966e-07,1.580927124341225e-07,2.8431508306453874e-12,1.115508107952586e-06,3.408803425773868e-08
14,1.665860363718756e-05,3.154259180415123e-06,0.0003336831760092272,2.125287117663036e-07,1.1055242069023093e-07,6.4132892675520234e-06,5.236444084142136e-06,1.3321687603191179e-06,0.9863484177707448,2.2138636490595486e-09,1.4763633904677382e-08,7.248510577140303e-06,3.3437525072325154e-08,5.756902759838783e-11,0.0001473549094308718,0.01304130313348015,4.53318080820032e-11,1.3644831037290434e-07,8.711652221665262e-05,1.1525909175319817e-09,3.9798103332790335e-07,8.301967618523777e-08,1.965753234133959e-12,1.0546084052948402e-06,3.4401573691000597e-08
15,1.4962257860008475e-05,2.325650525992735e-06,0.00036769452130781935,2.0449553992316295e-07,8.615028568991754e-08,5.810027520577851e-06,4.6147580914414574e-06,1.264609540957138e-06,0.9867255844709711,1.8155945932774415e-09,1.2232551622996889e-08,7.475194551064156e-06,3.6110670285736724e-08,4.509548349670429e-11,0.00013433686648162257,0.012660828624751382,4.09209328992535e-11,1.304679172735302e-07,7.314369046399368e-05,1.0428078565543713e-09,4.09472741907246e-07,7.636365516706619e-08,1.5944394045814047e-12,9.698487653692668e-07,3.12397934133724e-08
16,1.295446611343298e-05,3.6072405476874072e-06,0.0003301990671721165,3.5071098321578145e-07,9.085615673723936e-08,5.281214135262168e-06,8.944476146243232e-06,2.1051183765971804e-06,0.9800711256832103,4.7801626748083e-09,1.2484948230941527e-08,1.7227747135079583e-05,4.580313681107925e-08,9.32680158487779e-11,0.00022071372967510388,0.01923088516670158,7.150850295351321e-11,2.1183429546470943e-07,9.386847002337636e-05,1.684983875347202e-09,1.1772307771920485e-06,2.3000083853605734e-07,2.794671379769658e-12,9.019136551744222e-07,6.01532542412778e-08
17,1.4737793116598335e-05,2.676358600384883e-06,0.0003358067667679108,2.624446999621477e-07,9.886622007503348e-08,5.4920400755491415e-06,5.2293381080696894e-06,1.4037383994498552e-06,0.9863236997361131,2.027949598850998e-09,1.4630842875869618e-08,1.0373967241152715e-05,4.535216986186173e-08,6.823396783227848e-11,0.00013999015087874997,0.01308811232975634,5.6437206195303e-11,1.5172872203265708e-07,7.025857176282993e-05,1.2973250721120585e-09,5.133809451625383e-07,1.0387176726826852e-07,2.1731359309985343e-12,9.858277862057961e-07,3.965390736578135e-08
18,2.2452500407795605e-05,3.3127533017733243e-06,0.0002831171145109037,2.5761553147078805e-07,1.4129124972582155e-07,4.3579591120257315e-06,7.230747898582295e-06,9.898266035265539e-07,0.9890190045838753,3.423090835527997e-09,9.038842376857748e-09,1.4456698035016406e-05,7.365675613911997e-08,1.0713378429731438e-10,0.000145720253446555,0.010445508863143398,1.0804035444019756e-10,3.216565371724845e-07,5.131392075610992e-05,1.9435818405255516e-09,8.062184244146573e-07,1.32604033616369e-07,2.3211655159652907e-12,6.805476379984727e-07,1.0656572801393868e-07
19,9.87883789254029e-06,2.111881648572883e-06,0.0004239856505567782,3.0480894715479636e-07,6.43319025180089e-08,3.5656976473450105e-06,8.021610646112458e-06,1.3832004733142855e-06,0.9859580582920056,2.0418667555257285e-09,9.833814026965814e-09,1.6219203766006118e-05,4.500090682955173e-08,4.548561427391139e-11,0.0001485243951833309,0.013375807163842166,3.477223495285338e-11,1.1041559628195844e-07,5.034590914053595e-05,9.707229702795589e-10,6.392482006036586e-07,1.1024968904575286e-07,1.7468946158447075e-12,7.726818157572753e-07,3.849173083045844e-08
20,8.351135483047665e-06,1.7664826877511926e-06,0.0003764613613625427,2.5493996414357855e-07,6.320084015454291e-08,4.879641617338194e-06,6.351017874468596e-06,3.0452743535980776e-06,0.9797183576740058,1.7407372832236114e-09,2.0574012509567755e-08,1.2137851362368302e-05,2.76368483421894e-08,4.735447159984122e-11,0.00037855562345289346,0.01940093651209543,3.896978810906771e-11,1.301788681148986e-07,8.705381768883591e-05,9.072730864808796e-10,5.854690600419973e-07,2.129631422479751e-07,1.6434713371267633e-12,7.754636691240345e-07,3.044563306025018e-08
21,1.572485143011513e-05,2.2181481848910374e-06,0.0003799114337932784,1.4240376790270166e-07,9.784167769837262e-08,5.532578500084659e-06,4.2972815330611255e-06,1.0728537356970144e-06,0.9900968871534862,1.4108210719177805e-09,1.2975924499108e-08,6.18816569902082e-06,3.464006714658342e-08,2.9048759106691568e-11,0.0001593215382580829,0.009238051829830406,4.2526146026202334e-11,1.0576555755519341e-07,8.894651316572114e-05,9.189029259834623e-10,3.6541636354820643e-07,7.117158878522127e-08,1.603950180669983e-12,9.838623316628614e-07,3.117220181768346e-08
22,2.791607614720666e-05,1.8566822512548373e-06,0.000417452694744424,1.89647609249127e-07,9.406737584587617e-08,7.693342304852209e-06,3.242215331466557e-06,1.3126569363485712e-06,0.9869947343423068,1.8958875475495802e-09,1.6700121779948156e-08,5.277335277387918e-06,4.0379211414581757e-08,4.6521206721561774e-11,0.00013921410946737356,0.012319608302223572,8.484600884427345e-11,3.4867404248097115e-07,7.920404965751663e-05,1.136261749681671e-09,4.3065400409806135e-07,1.0997837253537136e-07,1.400509032146285e-12,1.216207898315306e-06,3.871979920705444e-08
23,1.4962257860008475e-05,2.325650525992735e-06,0.00036769452130781935,2.0449553992316295e-07,8.615028568991754e-08,5.810027520577851e-06,4.6147580914414574e-06,1.264609540957138e-06,0.9867255844709711,1.8155945932774415e-09,1.2232551622996889e-08,7.475194551064156e-06,3.6110670285736724e-08,4.509548349670429e-11,0.00013433686648162257,0.012660828624751382,4.09209328992535e-11,1.304679172735302e-07,7.314369046399368e-05,1.0428078565543713e-09,4.09472741907246e-07,7.636365516706619e-08,1.5944394045814047e-12,9.698487653692668e-07,3.12397934133724e-08
24,1.9703125624850787e-05,4.601426397067817e-06,0.00032826333451316773,3.7176404056665284e-07,1.0852803009171169e-07,7.431437443737385e-06,4.838868371027666e-06,1.3911585927396542e-06,0.984809655086652,3.1827959010740425e-09,1.4775489226087616e-08,9.359375576800779e-06,4.470323973040756e-08,1.0768207485306537e-10,0.00010183935618067042,0.014623829961428938,6.301328819421568e-11,1.7746707209167772e-07,8.642565480008645e-05,1.7820655142973804e-09,4.579803682040455e-07,9.12726918095568e-08,2.9224248891316994e-12,1.3503456349042282e-06,3.923937312640557e-08
25,1.0862924833367646e-05,3.1842710962167027e-06,0.00044356408407630595,6.022421265912299e-07,1.3187450017404917e-07,8.232722651737689e-06,9.415879045820857e-06,6.65875071941375e-06,0.9745822008561812,2.1841840645788187e-09,7.560367290620981e-08,1.652382654809955e-05,3.163342429800735e-08,1.9026933544207405e-10,0.00021275760116729668,0.02458717992040117,5.9458896497641e-11,1.435078986926498e-07,0.00011597322578415961,1.4760110996677394e-09,5.8707189704795e-07,2.02950455877777e-07,5.16237245904854e-12,1.641468134997689e-06,2.5670298765982667e-08
26,3.929797019062997e-05,1.7844026855834553e-06,0.0005214770595446191,1.42314941281506e-07,7.943224761396532e-08,7.659779630998488e-06,1.869288282347733e-06,4.2736824507599445e-07,0.9930766103429153,1.2478601927356744e-09,9.050194071881961e-09,3.2468697556417955e-06,5.508678573953304e-08,1.725216259769051e-11,2.9712834673021037e-05,0.006239301964742674,4.185453980479708e-11,1.660303351634378e-07,7.488515853535594e-05,9.803940171281959e-10,2.396673196551158e-07,2.4328718461482418e-08,1.498168774817155e-12,2.991310691815238e-06,1.7450705892088797e-08
27,1.0631799410896038e-05,1.986163741435104e-06,0.00030934354039756704,2.1467803688257734e-07,6.925193831471785e-08,5.531200816998424e-06,4.13681550247274e-06,1.5418244865614074e-06,0.9846811194388213,1.5709416589546268e-09,1.5405181600908578e-08,7.572840822489085e-06,2.8777917489148155e-08,4.1071654175550323e-11,0.0001771909927730486,0.014718221880798264,4.080609875829763e-11,1.2232745404481825e-07,8.070383956154283e-05,9.150454706769818e-10,4.422670336460239e-07,1.1929178081131577e-07,1.544686768917564e-12,9.803685341945435e-07,2.4725580872327347e-08
28,1.4962257860008475e-05,2.325650525992735e-06,0.00036769452130781935,2.0449553992316295e-07,8.615028568991754e-08,5.810027520577851e-06,4.6147580914414574e-06,1.264609540957138e-06,0.9867255844709711,1.8155945932774415e-09,1.2232551622996889e-08,7.475194551064156e-06,3.6110670285736724e-08,4.509548349670429e-11,0.00013433686648162257,0.012660828624751382,4.09209328992535e-11,1.304679172735302e-07,7.314369046399368e-05,1.0428078565543713e-09,4.09472741907246e-07,7.636365516706619e-08,1.5944394045814047e-12,9.698487653692668e-07,3.12397934133724e-08
29,1.4962257860008475e-05,2.325650525992735e-06,0.00036769452130781935,2.0449553992316295e-07,8.615028568991754e-08,5.810027520577851e-06,4.6147580914414574e-06,1.264609540957138e-06,0.9867255844709711,1.8155945932774415e-09,1.2232551622996889e-08,7.475194551064156e-06,3.6110670285736724e-08,4.509548349670429e-11,0.00013433686648162257,0.012660828624751382,4.09209328992535e-11,1.304679172735302e-07,7.314369046399368e-05,1.0428078565543713e-09,4.09472741907246e-07,7.636365516706619e-08,1.5944394045814047e-12,9.698487653692668e-07,3.12397934133724e-08
30,1.4962257860008475e-05,2.325650525992735e-06,0.00036769452130781935,2.0449553992316295e-07,8.615028568991754e-08,5.810027520577851e-06,4.6147580914414574e-06,1.264609540957138e-06,0.9867255844709711,1.8155945932774415e-09,1.2232551622996889e-08,7.475194551064156e-06,3.6110670285736724e-08,4.509548349670429e-11,0.00013433686648162257,0.012660828624751382,4.09209328992535e-11,1.304679172735302e-07,7.314369046399368e-05,1.0428078565543713e-09,4.09472741907246e-07,7.636365516706619e-08,1.5944394045814047e-12,9.698487653692668e-07,3.12397934133724e-08
31,4.318226943207603e-05,3.592358105001586e-06,0.0010612403277984242,2.3708915336816826e-07,1.0633962314498719e-07,7.912149218648856e-06,8.056192970335078e-06,2.79044245942553e-06,0.9862395193977105,3.665860843242485e-09,1.5014484386482023e-08,8.612062068605425e-06,4.461856047011427e-08,5.059717290715787e-11,0.00012165278001506952,0.012356803556086008,4.5323875511447336e-11,1.9193914032200496e-07,0.0001439903203589257,1.1993793272675587e-09,4.4996805801660523e-07,6.763354335794905e-08,2.4086481605029154e-12,1.4918075015611338e-06,3.877014226043118e-08
32,1.6484682006769327e-05,2.4251647432937135e-06,0.00037635522448087815,1.913575464762221e-07,8.662584888575505e-08,6.3389599585785265e-06,4.637343658775321e-06,1.3848557636288227e-06,0.9866863371825916,1.91494912324565e-09,1.3008539512139075e-08,7.313218887226738e-06,3.6948943840917496e-08,4.436197956307934e-11,0.0001368396682588768,0.012667437175683083,4.326307537471209e-11,1.3590589123563615e-07,9.237031576758605e-05,1.0175079921827008e-09,4.1953322962282207e-07,8.135361662533795e-08,1.6238419730873908e-12,1.07867211178197e-06,2.978076582238421e-08
33,1.432902999478558e-05,4.4860912913653185e-06,0.0003236734143661851,8.630599467717705e-07,1.814362348886493e-07,2.1483506985663708e-05,5.9234954848496726e-06,6.3716650390481185e-06,0.9452109627793434,7.590390590309827e-09,6.067854624920119e-08,1.357183585569022e-05,1.2832184437917495e-07,3.2243462666126324e-10,0.00013634956117949243,0.053981558040606566,3.263988376745474e-10,3.1340376886545183e-07,0.00027381230363286073,5.359400334573218e-09,1.225126858289238e-06,4.3762033523503663e-07,1.2029321148421358e-11,4.223296911408472e-06,3.172112046037448e-08
34,1.6620915831495374e-05,2.155438694829652e-06,0.00037254655988917855,1.6309926007692482e-07,8.28426108747475e-08,5.632744639744315e-06,4.21679191440621e-06,1.1718619218596226e-06,0.9886805167713033,1.4617777569689292e-09,1.1629124545833751e-08,6.479229350026608e-06,3.43785174089841e-08,3.580359207253455e-11,0.000119462095960191,0.010709008820677381,3.700320080709709e-11,1.2058819560065318e-07,8.034123269976223e-05,8.488533448851624e-10,3.5428022349047716e-07,6.424466850926674e-08,1.3075161190701e-12,9.87710294880914e-07,2.6379476996964288e-08
35,1.574158878972658e-05,2.2465682305105215e-06,0.00037432159028833,1.9846691992112397e-07,8.255079689615212e-08,5.600203395058676e-06,4.580374339384009e-06,1.2497495802646418e-06,0.987253638208704,1.776816855735476e-09,1.1732171480875757e-08,7.43539305106627e-06,3.5682793237429165e-08,4.257916856664526e-11,0.0001285337026187054,0.012132109193687464,3.997910150372012e-11,1.3572567728074243e-07,7.26017100518403e-05,9.847313088324338e-10,4.0433363182790256e-07,7.512122843974259e-08,1.5053016544473069e-12,9.644322174620915e-07,3.082621550980039e-08
36,1.8603295970760898e-05,4.068185948518099e-06,0.00037174482213367,2.2228959590728677e-07,1.3312101682627592e-07,1.1879536023866087e-05,2.2800212585849648e-06,3.108489830220336e-07,0.9932209203644693,3.416203347109497e-09,7.897298594612659e-09,1.5895035651571584e-06,1.9033707393144165e-08,3.9630318919387824e-11,5.161006261579234e-05,0.006274102044866529,4.021341483684644e-11,1.7985775769167836e-07,4.0461760405953215e-05,1.6455666599855342e-09,3.91269668153778e-07,2.3211839669423457e-08,2.508448457782912e-12,1.415052137001479e-06,3.267661558926743e-08
37,4.4547337029571e-05,3.027352030679932e-06,0.0007122343033096848,2.729291203442991e-07,8.019579597750985e-08,6.4108671960853385e-06,5.050856887972224e-06,9.096621303572062e-07,0.9906183799362158,3.169887973833875e-09,1.1684398713171182e-08,8.249732788420664e-06,5.295142125459013e-08,3.676481336511199e-11,5.616996123709241e-05,0.008448637639238105,5.1143344084709307e-11,2.710720092064343e-07,9.253982439269799e-05,1.1944737974439334e-09,4.4549000276049313e-07,6.407441105432782e-08,2.4850665660601854e-12,2.6029326023612494e-06,3.674302697404449e-08
38,2.3802349200635324e-05,1.6714337669090382e-06,0.0005286159599879962,7.979340615456352e-08,1.0340211357977335e-07,9.538016822023452e-06,4.6099808356539085e-06,8.85894560087611e-07,0.986042111681969,1.7778411410629244e-09,8.105923298923504e-09,3.0465494602229266e-06,3.046722491583921e-08,1.7910816552136117e-11,0.00013982462307245337,0.013144570188128691,2.1692903295150253e-11,1.0134723735780772e-07,9.968459479996907e-05,6.445376919080133e-10,2.0819278442657183e-07,2.879604756343461e-08,7.920587100369688e-13,1.0513160531680353e-06,2.4843831069555275e-08
39,1.13753742811221e-05,7.88423205385727e-07,0.000727861819695025,1.502994330356241e-07,5.1533713429618824e-08,1.1578978233249616e-05,3.903225764320602e-06,2.3657773452358535e-06,0.9729503869934606,2.1644493092187642e-09,1.00433675537611e-08,6.0911532130966895e-06,6.811300925843736e-08,1.7204525042134138e-11,0.0001772656257672008,0.02597396817724659,4.890665230091567e-11,1.3937721549365814e-07,0.00013181936223699675,1.0597604822709095e-09,8.32610175074099e-07,8.193028885008023e-08,1.0410076695332802e-12,1.2366982398057088e-06,2.119274689533325e-08
40,1.584139441170034e-05,2.284938727278065e-06,0.0005203646329866744,1.5428851767348654e-07,1.0258592010881037e-07,4.427241534735418e-06,7.81492410357933e-06,1.1759203966993516e-06,0.9915690715891298,1.4373152907477333e-09,1.0725808782415561e-08,9.676303389433178e-06,3.6116079310459716e-08,4.183969690053755e-11,0.00016958172956048486,0.007641081044140227,2.925260262033818e-11,9.892441026675062e-08,5.715389766396896e-05,7.434038037142663e-10,3.7378540780749173e-07,5.932822243870433e-08,1.4018977715226618e-12,6.443563788212947e-07,4.401999711201482e-08
41,1.946136730355906e-05,1.4483429796447362e-05,0.0005793424144207041,2.896915524355573e-06,4.778735326410416e-08,2.469027496259227e-05,1.0050864974658006e-05,8.309132037052481e-06,0.9694028138962353,4.3702954955480405e-08,6.464753771974631e-08,6.399476324050659e-05,9.008889795343335e-08,7.671624205717347e-10,0.00017021067381325135,0.02872555630125355,5.102597624925729e-10,9.770985392572806e-07,0.0009590162741074592,5.550805795135492e-09,8.316913056583663e-06,2.482924553199024e-06,3.276540460718436e-11,7.049274898898916e-06,9.439354564511699e-08
42,4.6151610198603965e-05,6.674098229133072e-06,0.00025017732706165735,1.3800125371464091e-07,4.2319028985985206e-07,3.0026768581006955e-06,5.170681200061934e-06,1.7085261552551918e-07,0.9977801682819052,1.034064660916071e-09,6.5408952755948824e-09,3.306780793383281e-06,2.332363878383517e-08,1.0614006075429353e-10,3.660754107749178e-05,0.0018564077640763432,3.1555486458305645e-11,1.3035686319399398e-07,1.0825090409246422e-05,1.0472415560200682e-09,1.0638851623007099e-07,9.037075275491533e-09,1.6790485931690542e-12,4.0827915155080566e-07,8.99572107922505e-08
43,1.3614586025369885e-05,3.141231220654385e-06,0.0005273060365274894,3.514949865047403e-07,8.546626069499872e-08,1.5471262036067034e-05,6.236320665986165e-06,2.659013931972234e-06,0.9660586769445073,1.1883354838882123e-08,1.1863511332211579e-08,7.417431387924787e-06,5.728949813783972e-08,7.809519629937848e-11,0.00017302345047790103,0.03302195196015645,1.0012386774143403e-10,3.0241640570209874e-07,0.00016606512543090304,2.8801931355422663e-09,1.6997453038183345e-06,2.0170082923096707e-07,3.484224126109434e-12,1.6680254764017056e-06,4.369010888840844e-08
44,1.4962257860008475e-05,2.325650525992735e-06,0.00036769452130781935,2.0449553992316295e-07,8.615028568991754e-08,5.810027520577851e-06,4.6147580914414574e-06,1.264609540957138e-06,0.9867255844709711,1.8155945932774415e-09,1.2232551622996889e-08,7.475194551064156e-06,3.6110670285736724e-08,4.509548349670429e-11,0.00013433686648162257,0.012660828624751382,4.09209328992535e-11,1.304679172735302e-07,7.314369046399368e-05,1.0428078565543713e-09,4.09472741907246e-07,7.636365516706619e-08,1.5944394045814047e-12,9.698487653692668e-07,3.12397934133724e-08
45,1.5297947597891606e-05,2.4145021624151363e-06,0.0003646239796899743,2.0814321583736875e-07,8.739813520160643e-08,5.782535783703837e-06,4.6281146917484026e-06,1.2339564886823618e-06,0.9871009111699973,1.862197096026561e-09,1.2047673384422635e-08,7.575002795227732e-06,3.668484274835408e-08,4.681767101771434e-11,0.00012938058186133246,0.01229339830831367,4.2226190145814064e-11,1.3320143077915578e-07,7.277281201958832e-05,1.0640473105393636e-09,4.185115321088653e-07,7.643766152168108e-08,1.643685322001918e-12,9.735245004459516e-07,3.2122674517333384e-08
46,1.3764301218833551e-05,2.0943463669472372e-06,0.00038820528771147305,6.065242177522382e-07,7.317980300195651e-08,1.2083571591575823e-05,2.9628084245598743e-06,2.775828048861719e-06,0.9722843196714863,2.716540809305721e-09,3.129747148574397e-08,1.5781308664637588e-05,1.5901723396504925e-07,8.767544633993024e-11,0.00015694903193419577,0.026930944963366243,3.3509694125420994e-10,2.862101642878373e-07,0.0001841531998906492,3.1753340166476013e-09,1.4128302328566258e-06,4.252700976842945e-07,4.7084837471276665e-12,2.9289735693049407e-06,3.6059149816044495e-08
47,1.3657343764399808e-05,2.608742264275765e-06,0.00037448837220643513,2.2393787241241115e-07,9.415307371246625e-08,6.752207582417886e-06,4.525810015238679e-06,1.3958296773105143e-06,0.9872137543722466,1.8210584942579834e-09,1.5359539605334993e-08,6.398704445623837e-06,2.917238927446495e-08,5.316762398428363e-11,0.00014233481090305264,0.012159098477515251,3.8262665236764785e-11,1.2291901929590604e-07,7.304579957305837e-05,1.040715388642074e-09,3.759756030019816e-07,7.20620474135936e-08,1.8226273847927832e-12,9.739801123296195e-07,2.901512263880177e-08
48,1.8046243847701898e-05,3.613284732533562e-06,0.00035824973369576554,2.0295563953724176e-07,8.880929397521402e-08,9.016819234523198e-06,4.427549289578216e-06,1.5368960949137538e-06,0.985827152220094,2.619189469126272e-09,1.6376174514246245e-08,6.706313527824511e-06,3.69575599235346e-08,5.1558063242682714e-11,0.00011945095675766511,0.013467627739137315,5.098583156087247e-11,1.2513474308422118e-07,0.00018148953173257365,1.082954766366215e-09,4.3202468135968414e-07,9.504415566661049e-08,2.2520526348683012e-12,1.6571973973776405e-06,2.440527024128453e-08
49,1.473485825033356e-05,2.28821880461966e-06,0.0005153974393326948,3.220804340386383e-07,6.881882147912973e-08,6.188451153385936e-06,5.338803036968043e-06,1.4697521953348785e-06,0.9863527640694194,2.3315807395326656e-09,1.3011441868370155e-08,1.0876183622995722e-05,4.516300852843026e-08,5.299570146391659e-11,0.00012429331626208663,0.01289586341358503,4.4353049030872813e-11,1.5562427447631188e-07,6.828262228695915e-05,1.2070255376228137e-09,5.569407600235998e-07,9.402724307196747e-08,2.167507857285421e-12,1.2077853278682155e-06,3.5782616100731924e-08
50,3.1748935196955366e-05,6.920107608476131e-06,0.000825515825842849,3.524821240561666e-07,2.4752301186841084e-07,7.998409998022385e-06,2.947172093578497e-05,4.910668253615143e-06,0.9750418397495726,1.1460722439292444e-08,2.1355864911916676e-08,2.3870251762320183e-05,7.249651583052805e-08,1.635551627825822e-10,0.00033654793995843485,0.02350153401322893,8.271577902691586e-11,2.1305264612183998e-07,0.00018633358710136989,2.622744559722151e-09,9.19119344674306e-07,1.8446675995807347e-07,6.205400900616079e-12,1.160613755846999e-06,1.2334457411836712e-07
51,1.6330556067402805e-05,3.435666562246939e-06,0.000365201808880544,2.7780627717397434e-07,7.994800157256792e-08,5.576930894955642e-06,5.0429837362917005e-06,1.5116643056299743e-06,0.9884908504401474,2.084277546469809e-09,1.4366136376348084e-08,8.83919779566567e-06,2.9057755854339846e-08,6.364759015816582e-11,0.00013558002098279547,0.010881292973329916,4.463659014443532e-11,1.450148825364224e-07,8.423649871354812e-05,1.0198917760958317e-09,4.2759866836736584e-07,1.004582660837609e-07,1.9457934717467127e-12,9.906397020014117e-07,3.3154494395771776e-08
52,1.5585810334226082e-05,2.055100099671233e-06,0.00035577045102228114,1.8451393421106585e-07,8.510982854906327e-08,6.421393781572886e-06,4.0884911036581034e-06,1.2418748246978875e-06,0.9863160740543199,1.7658487360123894e-09,1.2506009900914969e-08,6.065618364208847e-06,3.2901146653050456e-08,4.331491992837353e-11,0.00014004574713959007,0.0130800014067728,4.0264857788190554e-11,1.5178790629329838e-07,7.076448170595697e-05,9.83033767950371e-10,3.6231393604405863e-07,7.393322323353378e-08,1.3788331595412334e-12,9.496735918305442e-07,2.999711356101073e-08
53,7.396809138245316e-06,1.921464425629745e-06,0.00040054216154863996,2.4009264321924297e-07,1.7513799829774982e-07,3.25497341842067e-06,1.8911808383484524e-05,2.475361584529668e-06,0.9795851663040711,1.9626572108528783e-09,2.0233932635868642e-08,1.797712666651861e-05,4.1509300841678416e-08,5.4685385341056194e-11,0.00035820331363664614,0.019556883972525252,2.969195513743451e-11,7.667546728989064e-08,4.5407702899274e-05,1.2632135894467106e-09,5.0123665449749e-07,1.0932528303982161e-07,2.6213771732114266e-12,6.405170332510233e-07,5.096051953151822e-08
54,2.681813943353624e-05,6.604766398339893e-06,0.0003748324347938094,2.3865291563974177e-07,1.735715931904897e-07,5.775645841946209e-06,8.720206478724365e-06,1.2760690776222953e-06,0.9868974381533347,3.812979771961555e-09,9.127764786993674e-09,9.708143008131944e-06,3.3783540023264725e-08,1.0978006323521915e-10,0.00022173777679974764,0.012373363986052488,4.743249420331348e-11,1.3999722012796115e-07,7.207989095203002e-05,1.6672122467943283e-09,3.123600410558322e-07,6.892172513834425e-08,2.2692764715630445e-12,5.701465797371689e-07,9.258677540711123e-08
55,1.4183181946868263e-05,1.853613596164128e-06,0.0003438170023328022,1.817638103357986e-07,7.219068146677877e-08,4.710401335735521e-06,4.257959993077085e-06,1.0125493895969007e-06,0.9885482240792305,1.3921626437100774e-09,9.687796339908115e-09,7.716941477466188e-06,3.813150076793504e-08,3.439633214851646e-11,0.00010987755690944829,0.010902258750829974,3.43654005719216e-11,1.205510596401554e-07,6.029346490657302e-05,8.573081111996234e-10,3.736507857332691e-07,6.380995358772412e-08,1.2274276913261044e-12,9.044994582397251e-07,2.7893545623521297e-08
56,1.594928667536671e-05,2.333355145973776e-06,0.0003918242169259654,2.1925845200526888e-07,9.056362667729553e-08,5.934117402019165e-06,5.051556539308915e-06,1.3146964493446423e-06,0.9869486812091273,1.8782009985335592e-09,1.2983521158460532e-08,8.716511545572875e-06,4.482022810505317e-08,4.9076985877913905e-11,0.0001302618298506879,0.012411414549596768,4.592525098345414e-11,1.3675691173983765e-07,7.638152673289882e-05,1.1194744951737877e-09,4.471559944949114e-07,7.978494089340292e-08,1.7832205643675717e-12,1.0688642650333165e-06,3.386160795625668e-08
57,1.4271002719275993e-05,2.402529415813212e-06,0.0003894817304138477,2.589228935914951e-07,7.356030609632283e-08,4.2595831677500454e-06,6.4827645378207466e-06,1.6310292038779305e-06,0.9836449827785145,2.2614486497668896e-09,1.073833304093813e-08,1.891155065629815e-05,7.992279451317258e-08,5.045664366838193e-11,0.00014086630090239031,0.0156770870505401,6.157197559679472e-11,1.2433845908839361e-07,9.714508190777403e-05,1.4674933252601796e-09,6.695083244621311e-07,1.3190762906624388e-07,2.098296091029192e-12,1.0842814868175584e-06,4.1574725028395114e-08
58,1.760161732043761e-05,2.1016035316948793e-06,0.00040863939618048553,2.0382974474029604e-07,7.91402936680939e-08,6.043109324379997e-06,4.39113278331046e-06,1.150227069818735e-06,0.9879985473305298,1.6146738140299549e-09,1.3358106795174798e-08,8.01548698880313e-06,4.3611269227071146e-08,3.81061222303047e-11,0.00010095947836949035,0.011366124497992512,3.8477875562610455e-11,1.2954085335416354e-07,8.405278315126687e-05,9.524348441491399e-10,3.8934709592175155e-07,6.698919931954297e-08,1.6917489116037584e-12,1.4185294190557572e-06,2.634539138626415e-08
59,1.5481356219545346e-05,1.951357093364264e-06,0.00044646565242776286,2.0284837497220443e-07,7.246808234189543e-08,5.988941841281476e-06,4.1534129689695685e-06,1.140170232693688e-06,0.9873798397040023,1.609917650053967e-09,1.2328304821560143e-08,6.953586522596059e-06,3.648850663034805e-08,3.1868571529894005e-11,0.00010834168564530924,0.011953060525717756,3.3323391725515256e-11,1.1780489677775007e-07,7.438289822566707e-05,9.496432690055963e-10,3.8591591720537994e-07,6.339177440772796e-08,1.5703397208124167e-12,1.3227547324307147e-06,2.4082189951418685e-08
60,1.4962257860008475e-05,2.325650525992735e-06,0.00036769452130781935,2.0449553992316295e-07,8.615028568991754e-08,5.810027520577851e-06,4.6147580914414574e-06,1.264609540957138e-06,0.9867255844709711,1.8155945932774415e-09,1.2232551622996889e-08,7.475194551064156e-06,3.6110670285736724e-08,4.509548349670429e-11,0.00013433686648162257,0.012660828624751382,4.09209328992535e-11,1.304679172735302e-07,7.314369046399368e-05,1.0428078565543713e-09,4.09472741907246e-07,7.636365516706619e-08,1.5944394045814047e-12,9.698487653692668e-07,3.12397934133724e-08
61,1.6061629176131457e-05,1.9957686574961327e-06,0.00044277094746289757,1.9763021358116067e-07,7.733434452390539e-08,5.754991289955545e-06,4.486323975986076e-06,1.1799035169683922e-06,0.9877481640031621,1.6009408051832218e-09,1.2589161839777578e-08,7.392174951781807e-06,3.8563752738104266e-08,3.3051778265266855e-11,0.00011203582796001962,0.011582577067948116,3.4266812303120616e-11,1.200890670265439e-07,7.536652152889637e-05,9.42505476256639e-10,3.9127850118974296e-07,6.451959010675447e-08,1.5858954190869294e-12,1.2847680501296931e-06,2.5455337875381803e-08
62,1.4962257860008475e-05,2.325650525992735e-06,0.00036769452130781935,2.0449553992316295e-07,8.615028568991754e-08,5.810027520577851e-06,4.6147580914414574e-06,1.264609540957138e-06,0.9867255844709711,1.8155945932774415e-09,1.2232551622996889e-08,7.475194551064156e-06,3.6110670285736724e-08,4.509548349670429e-11,0.00013433686648162257,0.012660828624751382,4.09209328992535e-11,1.304679172735302e-07,7.314369046399368e-05,1.0428078565543713e-09,4.09472741907246e-07,7.636365516706619e-08,1.5944394045814047e-12,9.698487653692668e-07,3.12397934133724e-08
63,1.6804618399415805e-05,3.0187375023778655e-06,0.0003772476878663659,2.2122671684092124e-07,9.906438205809974e-08,6.060910786436812e-06,4.97576815681507e-06,1.2853621940893201e-06,0.9874260821745713,2.093984891000443e-09,1.2736264936623042e-08,7.5511708280751025e-06,3.622465210834749e-08,5.187230005787511e-11,0.00013728500343762698,0.01193666917778185,4.611602446933629e-11,1.3200749643148414e-07,8.095909329953334e-05,1.1619734846785094e-09,4.2591670102297385e-07,7.956862915048103e-08,1.903083398457258e-12,1.0156327605511354e-06,3.456172324441281e-08
64,1.3075173516638433e-05,2.396066940945825e-06,0.0003765187666383114,2.497429206228942e-07,8.282188662833412e-08,5.964116680119554e-06,5.084267919212454e-06,1.3075794403062964e-06,0.9864481311743176,2.278144776421735e-09,1.1354688317236432e-08,9.135489005340498e-06,4.4282457113829604e-08,5.1301286030151443e-11,0.00013417035887889066,0.012929790255316582,4.98807504962853e-11,1.4396135479579144e-07,7.211123456915497e-05,1.2605180560266627e-09,6.328624877267438e-07,9.490609781208581e-08,1.9530358104737677e-12,1.0163543756067205e-06,3.558871052536664e-08
65,1.711287914975208e-05,5.3114237403553115e-06,0.0007361949699706891,4.955400116677783e-07,1.2907068306716118e-07,9.539730867181894e-06,1.2484748143108e-05,3.747217443710976e-06,0.9765701353941062,8.563389025975417e-09,1.7421768815550246e-08,1.4331914199237873e-05,4.3396981282016766e-08,1.3617907063661338e-10,0.00027767159496191633,0.022236563584236518,6.470455821482055e-11,1.9685578282230337e-07,0.00011366978912806872,2.6491864359536904e-09,1.0531244828137672e-06,1.56016814933255e-07,4.9390579407164964e-12,1.0589851494686379e-06,7.492398040592144e-08
66,1.728091986290915e-05,2.129738115548913e-06,0.0004171358982871217,1.7533595399572875e-07,9.610452610503931e-08,6.608805479524596e-06,4.266250825433566e-06,1.0905862920961383e-06,0.986906449619508,1.9937421179753788e-09,1.111122866576899e-08,6.02932507908593e-06,4.139424805206831e-08,3.635709956798962e-11,0.00012190723885014749,0.01244116309441876,4.402934435521641e-11,1.405905883239074e-07,7.383409952365208e-05,1.191366627984513e-09,4.21862989112166e-07,6.327661406277257e-08,1.6044831042551819e-12,1.1197922668585367e-06,3.168824284531291e-08
67,1.291640408135242e-05,2.423424371817472e-06,0.0004425117272468321,6.032321957620454e-07,8.945418176081444e-08,1.6330710111522594e-05,3.245072484180479e-06,1.5593996927380016e-06,0.9748437090030417,4.30138698680779e-09,1.6874329525416402e-08,8.719541252012707e-06,9.120399201099318e-08,1.3172800504285923e-10,9.495872679710254e-05,0.024498187590555092,9.78073837640585e-11,2.495652542356951e-07,7.14371656946055e-05,3.317616031422319e-09,8.287717375733095e-07,9.226038141456777e-08,4.212683314909887e-12,1.980866534732822e-06,4.115331277274253e-08
68,1.3455324589398902e-05,2.479492822639654e-06,0.00028751261615424586,1.675985336412212e-07,1.1724936516336026e-07,6.264354272080735e-06,4.8095667497732615e-06,1.3101467219037974e-06,0.9849147706824016,1.6807220838021763e-09,1.4939024765670963e-08,6.8210101002474355e-06,3.6342520856746896e-08,4.9810064875424395e-11,0.0001944173027233688,0.014483107312799046,4.6160424149579643e-11,1.1539748705164317e-07,8.325066886359997e-05,1.1282600086432342e-09,3.579868261762248e-07,8.346822219642625e-08,1.596241888928648e-12,8.716359709263832e-07,3.399730271286555e-08
69,1.3169476871486735e-05,2.3467201336236606e-06,0.00042235920298970585,2.4328289648188447e-07,8.923855451418237e-08,6.690829857271559e-06,4.882776927918425e-06,1.5270683675658573e-06,0.9845579919398875,1.899655521294314e-09,1.6484714744899508e-08,8.109041689320539e-06,3.738164331684255e-08,4.610576893629717e-11,0.00014836451353026126,0.014749200445888174,3.995591243779111e-11,1.1546909813719423e-07,8.299187666926408e-05,1.1873323658270017e-09,4.738830474212538e-07,8.272903342489151e-08,2.1037277488968023e-12,1.2769364477937745e-06,2.7526598736723793e-08
70,1.433440777059113e-05,2.4118043189916453e-06,0.00034094911687027936,1.9690734357693225e-07,8.58826337229463e-08,6.13063628887072e-06,4.449696683551922e-06,1.198234822405997e-06,0.9872744188164774,1.8296729587961144e-09,1.2846557643294169e-08,7.195238925065768e-06,3.537649871461028e-08,4.358299890581513e-11,0.00013115191061155188,0.012131922890286227,4.206571441131991e-11,1.2703391054930853e-07,8.375461293508161e-05,1.0063822304188365e-09,4.362896615951932e-07,8.051500161393707e-08,1.6886046006755866e-12,1.07565000517413e-06,2.9209004803803924e-08
