,0,1,2,3,4,5,6,7,8,9,10,11,12,13,14,15,16,17,18,19,20,21,22,23,24
0,0.00022496604984080564,0.00014656382594576136,1.4572322939811908e-06,0.0003159064338768127,0.0031438888519240244,2.5582124577500175e-05,5.7415687519441114e-06,7.805545706003774e-05,0.9531409727937283,9.890919356687723e-05,0.031761337652817155,1.2794455539363182e-05,1.9316721019581402e-10,1.1404177042342739e-05,0.008306022302621403,1.4611064820607031e-06,1.8282264294781409e-07,1.0319355845182924e-06,8.451230554690518e-06,1.8010328552860584e-08,1.9293100776610352e-07,7.139718905718932e-05,8.065828856884882e-05,8.32101874192426e-10,0.0025630033409179587
1,0.00028575144834795045,0.00035439568372889357,1.9297091504557e-06,0.00037429021639581207,0.005150976388588276,3.899763687227827e-05,1.0845016176014274e-05,8.513972883196279e-05,0.9080076963361746,0.00011022336635462608,0.05671289536683504,3.1082344197747444e-05,2.039661103116469e-10,3.767345577270026e-05,0.020806911843939044,1.6128125502273164e-06,3.4016797056611585e-07,2.0385687391202834e-06,1.1384486265685717e-05,2.698405631094943e-08,4.0128525772148045e-07,0.0001564245294426189,0.0001514429436844431,1.6839413212068734e-09,0.007667517792760175
2,0.00014365530110770742,0.00017444676294241674,1.6023181883860327e-06,0.0001240297469411318,0.004395718813099055,9.806881575259428e-06,2.6247325515943826e-06,5.871554625697821e-05,0.9073901350308052,8.611885079723e-05,0.06299783715059194,1.2366132439622252e-05,9.185838194023491e-11,1.7987066432500078e-05,0.0200472579704601,3.797718691548603e-07,9.514775673853936e-08,5.318330939064001e-07,4.2172071728460565e-06,2.0596688908255766e-08,1.7099944633897796e-07,3.891049972474672e-05,7.275901494454061e-05,3.751683519982956e-10,0.004420612158086895
3,0.00024351374722309698,0.0002579784822743811,1.8417346784329087e-06,0.00029320534011462916,0.004435449856757111,3.0449466188525916e-05,7.189251138634253e-06,7.246623331989969e-05,0.9337250183898305,9.95253486687756e-05,0.04212614934038592,1.939040298567371e-05,1.7304740152520766e-10,2.0826223592777096e-05,0.013737222059934665,1.3894684020929374e-06,2.3431145332313252e-07,1.2233869392990202e-06,1.0744145561016866e-05,1.946032677055253e-08,2.702315364860594e-07,0.00010792372825687621,9.947994543845733e-05,1.0955774198167277e-09,0.004708488176368038
4,0.0003199865961184966,0.00027944923493913556,2.2173162714512396e-06,0.00033033525485924386,0.0052180843085892804,3.44729637190364e-05,8.505048573500974e-06,8.562505901000708e-05,0.9294854337815466,0.00011732548029258473,0.04475112467981882,2.1081470706178774e-05,2.683520201301453e-10,2.7223373204266217e-05,0.014159521810640568,1.7778283304107127e-06,2.834135634289218e-07,1.5539820937231123e-06,1.4590094359343326e-05,2.4735929085076755e-08,2.927580207142013e-07,0.00010785288672328377,0.00010971422809061236,1.542111321318684e-09,0.004923521884136654
5,0.0002655154690586834,0.00033192265920940685,1.4954403573956242e-06,0.0004771008677630687,0.004092248811852227,4.280695080472231e-05,6.923840683603694e-06,8.260311444652636e-05,0.9261686703632745,9.748388223605193e-05,0.04833531437635968,1.906187770176127e-05,2.1695439713156378e-10,2.2384388205213416e-05,0.015444153272859166,1.8827813326041177e-06,2.571169308334954e-07,2.430836928962433e-06,1.2839080288440522e-05,2.5516012542386985e-08,3.118113204065284e-07,0.00012836753559321878,0.00012474660530523626,1.209736622924176e-09,0.004341451974784792
6,0.00024351374722309698,0.0002579784822743811,1.8417346784329087e-06,0.00029320534011462916,0.004435449856757111,3.0449466188525916e-05,7.189251138634253e-06,7.246623331989969e-05,0.9337250183898305,9.95253486687756e-05,0.04212614934038592,1.939040298567371e-05,1.7304740152520766e-10,2.0826223592777096e-05,0.013737222059934665,1.3894684020929374e-06,2.3431145332313252e-07,1.2233869392990202e-06,1.0744145561016866e-05,1.946032677055253e-08,2.702315364860594e-07,0.00010792372825687621,9.947994543845733e-05,1.0955774198167277e-09,0.004708488176368038
7,0.0011496006176716367,0.00011527504416165671,4.153723539110061e-06,0.0003660243849103364,0.004940137495250054,7.321236407844126e-06,9.37308737274441e-06,0.00019897160488591617,0.9210666996868466,0.00032844660337021423,0.06380073348362027,1.0352593092278118e-05,6.901866981851815e-10,1.3584261776441999e-05,0.004834863036067791,1.0107422699926735e-06,2.645232609775146e-07,3.112213191376025e-07,1.7109261234298077e-05,2.0893334446905883e-08,4.020540196583014e-08,7.839421625454644e-05,1.9781923912802227e-05,1.050799782917184e-09,0.0030375284130524267
8,0.000267565780731277,0.00024903747871467686,2.104770177148659e-06,0.0002908037052465018,0.004528776803598448,2.8487140468696096e-05,7.591677102106032e-06,7.411063706498852e-05,0.9318703578708719,0.00011230441494691191,0.043306640323444355,2.064197290505878e-05,1.8663152016557571e-10,2.3154814989300393e-05,0.013800692687781684,1.3562797020283738e-06,2.5203301352982386e-07,1.1111366663941853e-06,1.0600218711503462e-05,2.067622766322253e-08,2.8385498504738675e-07,0.00010546498083528523,0.00010739901576486047,1.2499920551699994e-09,0.005191240289427222
9,0.00016901892237959878,0.0002532073961972669,1.3949539627525622e-06,0.00030964730520636753,0.004954043802770415,5.475036306486383e-05,8.182329387971174e-06,7.604797881495277e-05,0.955257949540828,5.315749376268203e-05,0.027600081701636154,1.6226997891290284e-05,1.89808370430439e-10,1.071045430526762e-05,0.00890099804152068,2.801251458008016e-06,2.216656521414951e-07,2.1615639719073138e-06,1.6015804311429692e-05,1.68755586671857e-08,2.5279670118233383e-07,0.00013264502139279517,5.5952798990139216e-05,7.532865545394446e-10,0.00212451399714066
10,0.00024351374722309698,0.0002579784822743811,1.8417346784329087e-06,0.00029320534011462916,0.004435449856757111,3.0449466188525916e-05,7.189251138634253e-06,7.246623331989969e-05,0.9337250183898305,9.95253486687756e-05,0.04212614934038592,1.939040298567371e-05,1.7304740152520766e-10,2.0826223592777096e-05,0.013737222059934665,1.3894684020929374e-06,2.3431145332313252e-07,1.2233869392990202e-06,1.0744145561016866e-05,1.946032677055253e-08,2.702315364860594e-07,0.00010792372825687621,9.947994543845733e-05,1.0955774198167277e-09,0.004708488176368038
11,0.0002783481153009187,0.00023109319395460886,1.9929836322692224e-06,0.00028677689441726744,0.004179001403767332,3.0223018587756228e-05,7.84170418252512e-06,8.94833025102818e-05,0.939765684290936,0.00011504018519625583,0.038340839100176216,1.9446121794243483e-05,2.404193226590139e-10,1.9403401297902013e-05,0.012250371023931075,1.554919506410627e-06,2.616593219880726e-07,1.2445286677967635e-06,1.217344245387429e-05,2.0766796613670243e-08,2.499334461574701e-07,0.00010607985993089171,9.25632954030285e-05,1.3392722425297157e-09,0.004170305275096973
12,0.0001887749759869892,0.00025061254997311647,1.5991296539373309e-06,0.000225275257032422,0.020695075058843285,5.602793050800974e-05,1.6400133577747322e-05,1.4785587040591297e-05,0.9036404434211674,6.28609691225673e-05,0.04359541789622739,2.2490321275326136e-05,1.3436588509452823e-10,0.00012510243053423176,0.014365065054894072,1.3704944701200232e-06,3.136466877312313e-07,3.5289664587826704e-06,7.26914010606379e-06,5.371762554339271e-08,8.291319849040331e-07,4.403475639473956e-05,0.000623746673529955,2.4868979750026626e-09,0.016058920135641103
13,0.0003421554831484708,0.00012426666208435722,3.872389005741571e-06,0.00033138652012306926,0.004388010385474338,7.2156312705717465e-06,5.418034134570512e-06,0.00011249981701855807,0.6882890099116277,0.0001321640668408369,0.262875076188268,4.803386535656396e-05,2.2676097256339659e-10,7.750934243144128e-05,0.038079699024302235,1.0485446561052836e-06,1.767886094452644e-07,1.1602232790154602e-06,3.6587956141755315e-06,5.1800325507386614e-08,4.043407919815593e-07,5.159109529465061e-05,0.00013556938763133435,5.615378712997636e-10,0.004990020914412438
14,0.00019571456111959913,0.0004759515812058546,1.935916063434604e-06,0.00037608759926847045,0.0060195280162015415,3.856302419060643e-05,4.6834897820245645e-06,5.6658957183040753e-05,0.9179492475286142,8.0348774802187e-05,0.05467661877948218,1.3548654404208089e-05,1.7173813072908008e-10,1.8461628362840027e-05,0.015951612013276422,1.5106881047773872e-06,1.7380960071925448e-07,1.6929146293791147e-06,1.5580233892850268e-05,2.2603675744477938e-08,2.562296612877073e-07,0.00011065280623758834,8.957675191176939e-05,7.353817294445496e-10,0.003921572531209296
15,0.00024351374722309698,0.0002579784822743811,1.8417346784329087e-06,0.00029320534011462916,0.004435449856757111,3.0449466188525916e-05,7.189251138634253e-06,7.246623331989969e-05,0.9337250183898305,9.95253486687756e-05,0.04212614934038592,1.939040298567371e-05,1.7304740152520766e-10,2.0826223592777096e-05,0.013737222059934665,1.3894684020929374e-06,2.3431145332313252e-07,1.2233869392990202e-06,1.0744145561016866e-05,1.946032677055253e-08,2.702315364860594e-07,0.00010792372825687621,9.947994543845733e-05,1.0955774198167277e-09,0.004708488176368038
16,0.0005667265553425776,0.0002538725562867049,6.7099035813835595e-06,0.0010059749768375368,0.007803347431955187,7.38107453892251e-05,2.5067580804357756e-05,0.0002153296698837089,0.7698627827026012,0.00017617776440109,0.16885766872055433,0.0001283083274518093,9.721315156718093e-10,0.0001431618697340715,0.04597626893695511,1.1871451761162108e-05,6.505136388728926e-07,1.1130707146520404e-05,1.8885273712647707e-05,1.302187605869078e-07,2.2786513552664263e-06,0.00017075226921757917,0.0003612660729391168,4.023168406274256e-09,0.004327822104389752
17,0.0002957125073502067,0.00023189316457429898,2.139602389803293e-06,0.0003140453278954545,0.005015782206808883,2.561715974583861e-05,9.6226326265847e-06,7.72904164458889e-05,0.9266349390092748,9.975006338449896e-05,0.04818747721170414,2.5123500374440666e-05,1.9279949874824019e-10,2.751682066898169e-05,0.01309840752466348,1.405880573514702e-06,2.7452599394783107e-07,1.118142124938407e-06,9.065841479495573e-06,2.1525763822197072e-08,2.8812440625501966e-07,0.00011335685526252728,0.0001030594066353558,1.194984422577655e-09,0.005726091162068732
18,0.000491024339089816,0.00040558759938489085,9.82209235642244e-07,0.0001544940587509832,0.00544276784019366,1.6221253420794602e-05,1.3539780227870295e-05,3.083139281907246e-05,0.9125823615051859,8.2941572447274e-05,0.03833030151785199,1.230331028328594e-05,7.799003864451943e-11,3.40071207765143e-05,0.009958300714878418,3.4934119211857457e-07,9.949230306281902e-07,8.825056355227544e-07,1.1225011280161951e-05,1.1248125408588803e-08,1.7012734058016427e-07,0.0002267572696538789,0.0001367233458200236,1.83019881057889e-09,0.03206722010518681
19,0.00019122481774506587,8.737726065959635e-05,2.0673470047456752e-06,0.0002478137548799321,0.0030566839296424374,2.7544109918046967e-05,1.2221534548298824e-05,0.00011497632876324298,0.967166725615529,0.00022280050034670213,0.02085204207575648,2.453042275571971e-05,2.6037022058784024e-10,7.068636601475545e-06,0.004723463941982489,1.15837127982958e-06,2.1732549790174945e-07,3.55082235096288e-07,6.004205110182203e-06,1.675575361735193e-08,1.2128207852632796e-07,0.00012345670733617252,3.8719184369091e-05,1.1864832520094356e-09,0.003093409363352582
20,9.898975955528311e-05,0.000809678807634701,1.6918350618684378e-06,0.00036167160434990827,0.0017269072781473567,4.511511742554385e-05,3.5227275494962834e-06,0.00016254160167024364,0.872782266349682,7.570830274328918e-05,0.06107684294903916,5.0020008144757355e-05,1.0983260254082247e-10,1.442170827050269e-05,0.05843572618924821,1.4776280828448055e-06,1.661631720074481e-07,1.9121830224786135e-06,8.558248144688486e-06,1.6589221423191367e-08,6.022435737132027e-07,0.00035798907723080543,8.988435193066081e-05,7.052729418780227e-10,0.00389428846199348
21,0.00016061895201053894,0.00024865960574307417,1.1149421916480096e-06,0.00013806144464419134,0.0034253011308394378,3.237219419273033e-05,6.973448296898746e-06,6.313704567790464e-05,0.9672605630906552,9.749787135244123e-05,0.015530038060548422,1.0292685247260728e-05,1.2585766927144923e-10,8.068683561823567e-06,0.008133708448814055,7.619441820439774e-07,2.646002625227597e-07,7.124587503590454e-07,1.1498631858962305e-05,9.982358324637652e-09,1.559588067210737e-07,0.00012001852910072641,6.867980263627125e-05,1.3768107659252746e-09,0.004681488985599778
22,0.00033324701141238986,0.00015295361579273587,3.203145830836757e-06,0.0006656425363257792,0.004887692915500883,2.4080943110239837e-05,7.839101030971304e-06,8.734917953128552e-05,0.8253612453018673,0.0001918667371667055,0.14819621631617366,2.5580270921714468e-05,2.9238884511956207e-10,2.8600229422490805e-05,0.015782136228166942,2.236935880383872e-06,4.910562093280047e-07,2.632040299027536e-06,9.145632292055195e-06,5.7378370804166216e-08,5.051812145983685e-07,0.0001236824239586036,0.00015287830736875692,8.921040883203134e-10,0.003960716327659775
23,0.00024351374722309698,0.0002579784822743811,1.8417346784329087e-06,0.00029320534011462916,0.004435449856757111,3.0449466188525916e-05,7.189251138634253e-06,7.246623331989969e-05,0.9337250183898305,9.95253486687756e-05,0.04212614934038592,1.939040298567371e-05,1.7304740152520766e-10,2.0826223592777096e-05,0.013737222059934665,1.3894684020929374e-06,2.3431145332313252e-07,1.2233869392990202e-06,1.0744145561016866e-05,1.946032677055253e-08,2.702315364860594e-07,0.00010792372825687621,9.947994543845733e-05,1.0955774198167277e-09,0.004708488176368038
24,0.0003099414889712862,0.00037611259598379585,2.2499942292807014e-06,0.0005876690439569303,0.007031387703168258,3.1307067107489904e-05,6.6349729909750345e-06,6.617340814737005e-05,0.9033933265240164,0.00010032293642580504,0.06887678249229437,2.3121798454318045e-05,2.2561877664230565e-10,3.1728513849796994e-05,0.012944284747817598,1.550927340259557e-06,2.3262302859525958e-07,1.5232094265279116e-06,1.1028461483900674e-05,3.110722274174959e-08,2.6482353087180094e-07,0.00012203463062525211,0.00010006077948406131,8.877611686296991e-10,0.005982229037064212
25,0.0006325457222806913,6.156959463112493e-05,3.709055923343605e-06,0.000494455548593993,0.004852311077953652,6.413404357520439e-06,1.7380465128897806e-05,0.00022073180085077222,0.7385079141044352,0.00020946106063371697,0.233811759895167,5.4216392057285925e-05,5.24155185392595e-10,6.205983766527605e-05,0.01606826199491165,1.2990715719563956e-06,3.0054842138354045e-07,1.0297897646477113e-06,3.058679158681905e-06,6.491302930895518e-08,2.0108815358267971e-07,6.639515381574263e-05,8.008217669717703e-05,8.496300994749635e-10,0.004844777251012246
26,0.00020284725844116878,8.417009356310875e-05,6.423756823626596e-07,8.978181541382389e-05,0.0024874157032597983,2.2305343751625954e-05,4.4971647672166165e-06,2.9184651469195064e-05,0.9836444706208912,7.280936502644267e-05,0.007858802845807507,2.6835853789366267e-06,1.1680793426159415e-10,4.453085762728613e-06,0.002883299865063911,6.094556829276131e-07,2.442856751808957e-07,7.84686780524685e-07,9.849466155619713e-06,8.510383099721865e-09,1.155847836881742e-07,3.25875163702881e-05,0.00010617890461653919,1.3008445911011358e-09,0.002462256397620587
27,0.00011799275323697955,0.0003396664302106396,7.073112529573769e-07,0.00018385982879665037,0.001988404072717243,1.9787642562332206e-05,3.0365996979846427e-06,5.3909379052366686e-05,0.9561696095236857,5.404033886827901e-05,0.025170046126568993,9.954054283251839e-06,5.266525889701224e-11,6.753512600139725e-06,0.011483050945855933,5.051426409472252e-07,1.0556444313219859e-07,4.609336141619201e-07,6.7228356957880666e-06,5.886523217180106e-09,9.025701988703409e-08,0.00012652019179050188,4.039095312356184e-05,3.633650139980199e-10,0.004224379299729322
28,0.00024351374722309698,0.0002579784822743811,1.8417346784329087e-06,0.00029320534011462916,0.004435449856757111,3.0449466188525916e-05,7.189251138634253e-06,7.246623331989969e-05,0.9337250183898305,9.95253486687756e-05,0.04212614934038592,1.939040298567371e-05,1.7304740152520766e-10,2.0826223592777096e-05,0.013737222059934665,1.3894684020929374e-06,2.3431145332313252e-07,1.2233869392990202e-06,1.0744145561016866e-05,1.946032677055253e-08,2.702315364860594e-07,0.00010792372825687621,9.947994543845733e-05,1.0955774198167277e-09,0.004708488176368038
29,0.00024351374722309698,0.0002579784822743811,1.8417346784329087e-06,0.00029320534011462916,0.004435449856757111,3.0449466188525916e-05,7.189251138634253e-06,7.246623331989969e-05,0.9337250183898305,9.95253486687756e-05,0.04212614934038592,1.939040298567371e-05,1.7304740152520766e-10,2.0826223592777096e-05,0.013737222059934665,1.3894684020929374e-06,2.3431145332313252e-07,1.2233869392990202e-06,1.0744145561016866e-05,1.946032677055253e-08,2.702315364860594e-07,0.00010792372825687621,9.947994543845733e-05,1.0955774198167277e-09,0.004708488176368038
30,0.00024351374722309698,0.0002579784822743811,1.8417346784329087e-06,0.00029320534011462916,0.004435449856757111,3.0449466188525916e-05,7.189251138634253e-06,7.246623331989969e-05,0.9337250183898305,9.95253486687756e-05,0.04212614934038592,1.939040298567371e-05,1.7304740152520766e-10,2.0826223592777096e-05,0.013737222059934665,1.3894684020929374e-06,2.3431145332313252e-07,1.2233869392990202e-06,1.0744145561016866e-05,1.946032677055253e-08,2.702315364860594e-07,0.00010792372825687621,9.947994543845733e-05,1.0955774198167277e-09,0.004708488176368038
31,0.0006462775464728543,0.00026529008568135654,4.683484231600817e-06,0.00029636074362109213,0.003101601426819793,1.6070009424365524e-05,6.542907475129902e-06,0.00037904437920224424,0.9338012328881562,0.00010383495335712954,0.04284367870604123,2.768845360106099e-05,7.224912451796105e-10,1.834702931510109e-05,0.016066624968695493,2.787152104602285e-06,3.535972488168728e-07,1.4728979002546862e-06,2.143797202029094e-05,2.431549827482355e-08,3.002556089727961e-07,0.00011201618487936855,5.699166288995604e-05,1.8407184398965874e-09,0.0022273358165451162
32,0.0002676852882004974,0.0003363599906307621,1.944576640664114e-06,0.0002858460991294734,0.004542231671362994,3.3907879913288234e-05,6.134807069044291e-06,7.230649075407935e-05,0.9393947807843122,9.571791881547065e-05,0.03698920589243071,1.6216936779230164e-05,1.9610714493251846e-10,1.8970185445882764e-05,0.013261482983721026,1.5132351564762606e-06,2.520654505360949e-07,1.3663644961835238e-06,1.5910703726183014e-05,1.798077755641895e-08,2.5875822228303053e-07,0.00011621347842406281,9.374196777661211e-05,1.2315272007777455e-09,0.004447932513130532
33,0.0030946151082288393,0.00444632605408699,9.357741467051901e-06,0.0019466910565820164,0.012914847449850815,0.0008494607963495745,7.504510864725529e-05,0.0005263414778787627,0.9435771180687106,0.00028682616780880305,0.010211426483645663,7.344720193183824e-05,9.901609341907568e-09,5.3430188278025774e-05,0.008046845785588256,7.69349105453955e-05,1.3322990430216191e-05,3.902026006751299e-05,0.0019829475426811744,4.8551637098053285e-08,1.2197643984865272e-06,0.0038712843184213587,0.00017251477391765855,1.475155043381796e-07,0.007730770781732862
34,0.0002803583301393068,0.00025128478447534043,1.914695933277484e-06,0.00029122102649925037,0.004607118460450335,2.730469918672645e-05,6.899429834572197e-06,7.346203542591636e-05,0.9323234557785002,9.92837073288046e-05,0.04396620054385243,1.7982944559529227e-05,1.8349678938625148e-10,2.1593012118940977e-05,0.013252799388640943,1.3704759345384838e-06,2.3519347290645464e-07,1.2009562716704921e-06,1.14760862181008e-05,1.9369013070756438e-08,2.5119003434128835e-07,9.97481343253171e-05,9.469690183857681e-05,1.0735256324499538e-09,0.004570121598923385
35,0.00023401626332178574,0.0002439252214834719,1.5882097765666305e-06,0.00026286695800473316,0.0037901499652478955,2.5921686311645496e-05,6.087578873521888e-06,7.383167002742501e-05,0.9429514419657911,8.718034089553516e-05,0.0362452887440988,1.596035117046093e-05,1.5351171377273403e-10,1.5466966938080373e-05,0.011807604914569598,1.1962931276624831e-06,2.0596826967211101e-07,1.0046768936671588e-06,1.0179494186618843e-05,1.538950395805373e-08,2.0772294728720463e-07,0.00010319031191939296,7.700324743647583e-05,8.860561810116682e-10,0.0040456650196367796
36,0.00014332664946954066,0.0002314074028898471,1.92489045738382e-06,0.0002165455777519861,0.008217954969593783,4.038345869322527e-05,1.1992131717458533e-06,1.228526883886697e-05,0.9596676335052712,0.0001167305418894599,0.02248733417528348,1.384284325645046e-06,9.903310857621887e-11,7.995967539475603e-06,0.006840276132297652,7.604081719004354e-07,5.03507670448941e-08,6.152006771874441e-07,1.5376625316215783e-05,1.9304166347096114e-08,2.1783232751907612e-07,1.0822456163507032e-05,0.00017444932570528652,6.287660859025882e-10,0.0018113057314326727
37,0.0023072268455075146,0.0003957056473569687,9.461214791531134e-06,0.0008553307318212622,0.02007040270796938,6.793024098676798e-05,6.445858347931627e-05,9.854721637770969e-05,0.8058032045984742,0.0002491376427559001,0.11924187680442204,0.00010176204181900517,1.3198610060221618e-09,0.0005781682276594959,0.02868927296190734,9.246131662045377e-06,1.896186265195346e-06,8.893190855594198e-06,4.4276929682375484e-05,1.1056144006279096e-07,2.1975847037428843e-06,0.000176200953447578,0.0007870610319260421,1.9354955606508898e-08,0.02043761128987248
38,0.000207698637716489,0.00032888501709172843,2.187030329444366e-06,0.00042050709348119455,0.0037598636349102975,0.00011388824644837643,1.3734872810860252e-05,9.699459946603248e-05,0.9232723270418459,0.0001161283160057134,0.04078553668697542,3.784679617737018e-05,2.9662450796859945e-10,2.7613496141465695e-05,0.02714727649135973,5.332541035643509e-06,3.0007672399500483e-07,4.282188561701104e-06,2.061607792467598e-05,2.6660488684934193e-08,8.93006922327938e-07,0.00017656982742190707,0.00022532449584426544,2.6468196993503858e-09,0.003236164220872632
39,8.61276442071272e-05,0.000494989081924869,3.5010025531576174e-06,0.00026673217273167764,0.0022552073583569903,0.00014593297013802234,4.803154260157705e-06,0.00015977268056520153,0.9682087784608873,4.791312225774616e-05,0.010753389235916228,4.7191471545035714e-05,2.2524117877432407e-10,5.09886518967836e-06,0.015611658522351262,6.485133129860925e-06,3.868676889171262e-07,2.3206487133532338e-06,2.302114013858421e-05,1.544377542301255e-08,1.8784682074451714e-06,0.00032978267621495744,9.786933782615868e-05,1.699377703083684e-09,0.0014471426168021126
40,0.0008024377538956942,0.0006213787636665403,8.500684694007281e-06,0.0002359285532449772,0.024243775699802062,1.1881152326390808e-05,1.3331778108157556e-05,5.786378955650022e-05,0.7845943837566789,6.786018196770232e-05,0.1379684688828658,6.882366742487837e-05,2.5083741439076054e-10,0.00026149533656417013,0.030110997577584914,1.2155898236817841e-06,3.897689951521085e-07,9.646411485558828e-07,1.5498702922496393e-05,3.500621334652191e-08,5.342819135679806e-07,0.00011818744780342887,0.00012210741914966714,1.6160323454248557e-09,0.02067393769677959
41,0.00045197619504548593,0.0002401936093651359,3.1380583308553126e-06,0.0003387508943654615,0.004095290270088328,5.7232000395373936e-05,3.631159501455931e-05,9.918682083423871e-05,0.9154786303770093,0.00022550860073396062,0.043770045718357894,7.336698304133455e-05,2.6450782355670324e-10,4.632154262537284e-05,0.01818246082198222,2.1233169757215767e-06,1.2214100212106623e-06,1.7245023451826263e-06,1.2091508269143617e-05,2.880477621343603e-08,8.874901378852543e-07,0.00036570471052979327,0.0002855497914516337,5.930522686702314e-09,0.016232248783273177
42,0.00023186734442643122,0.00027063572980547346,1.8439888891603453e-06,0.0002948502687255079,0.004145466553164986,3.0861447435282626e-05,6.685240118141941e-06,7.529676037189065e-05,0.9371767251391571,9.46485639449897e-05,0.03966911964704539,1.9046785023021387e-05,1.6829610361873938e-10,1.8272852611555214e-05,0.013388991314535274,1.4217372252396099e-06,2.2960690943676038e-07,1.1762347797133734e-06,1.107314763735135e-05,1.8150501059827937e-08,2.6555631181721423e-07,0.00011492920148664277,9.118208086873701e-05,1.03355379032073e-09,0.004355391447175865
43,9.781048629827089e-05,0.0001258076787228357,2.117625159042031e-06,0.0002381904036771925,0.0023781171435268314,9.377828209943377e-05,4.940671429442015e-06,0.00011046606735670231,0.978797989720161,0.00020548328810030157,0.010112039203492115,1.4020896211950124e-05,2.610719614129112e-10,2.490426157444094e-06,0.006580845032951344,2.5678538309861077e-06,3.3181729018859213e-07,1.0709852957418068e-06,1.4296365519486948e-05,1.8521886113977953e-08,6.605607980423731e-07,0.00014209040668411037,7.758779406393318e-05,1.5911901727420118e-09,0.0009972769170251093
44,0.00024351374722309698,0.0002579784822743811,1.8417346784329087e-06,0.00029320534011462916,0.004435449856757111,3.0449466188525916e-05,7.189251138634253e-06,7.246623331989969e-05,0.9337250183898305,9.95253486687756e-05,0.04212614934038592,1.939040298567371e-05,1.7304740152520766e-10,2.0826223592777096e-05,0.013737222059934665,1.3894684020929374e-06,2.3431145332313252e-07,1.2233869392990202e-06,1.0744145561016866e-05,1.946032677055253e-08,2.702315364860594e-07,0.00010792372825687621,9.947994543845733e-05,1.0955774198167277e-09,0.004708488176368038
45,0.00024291331242728382,0.0002566506307164468,1.8393403428150049e-06,0.0002922793332580445,0.004388719620458672,3.057634091814888e-05,7.251850611130276e-06,7.416928994936901e-05,0.9341325677658144,9.990073879430601e-05,0.04179247482562241,1.950222411491122e-05,1.752770352500592e-10,2.0608711705597833e-05,0.01378924340869248,1.406281499546604e-06,2.3367224728122185e-07,1.2289564461560698e-06,1.0790928036693102e-05,1.940075731747349e-08,2.692493230006454e-07,0.00010853567491791644,9.820942281747684e-05,1.1032570426814176e-09,0.004630607741994233
46,0.0012778221243602461,0.00016942121606581634,5.41131207232002e-06,0.0011215651584012306,0.0031634128346986457,7.094406005699904e-05,2.6961582077345916e-05,0.00025068336121372925,0.9544902800853774,0.00040533194558615716,0.028812712493939515,6.403884273134905e-05,1.0730972892640492e-09,8.835600179020068e-06,0.003035864109647797,4.529422294794683e-06,5.371335456344695e-06,1.377781036949002e-06,2.5615973374414512e-05,3.7869466849861246e-08,7.303073110460696e-07,0.0009428749619478404,0.00010033095981667381,5.77861783186027e-09,0.006015839811172476
47,0.0001193622534438437,0.00024696280995507755,1.2514785876098594e-06,0.00019959473138506215,0.005095706457745844,2.59315516133186e-05,4.695956027818121e-06,4.376101820226789e-05,0.9177009160689004,8.030750838763965e-05,0.052053288260924396,1.4031208447122781e-05,8.992033195651337e-11,2.2753588321597464e-05,0.01900530161219486,7.507063994177584e-07,1.2749897597798346e-07,1.1473007894309168e-06,6.306081043843995e-06,2.0729382934898735e-08,2.369063213711206e-07,6.301949058802749e-05,0.00011268205489371086,6.028082323652834e-10,0.005201844034739923
48,0.00036905017930685745,0.00033018869683256835,1.921299212107404e-06,0.00025156313217949213,0.0037047836878686285,4.5979828003567784e-05,9.109494203607029e-06,0.00010986958200011794,0.9604471256706183,0.00014392658937203864,0.020201136560568243,1.5242495290832632e-05,3.077950027890373e-10,1.2856387564168377e-05,0.009445886651750661,1.7707513402345533e-06,5.195759921649037e-07,1.427322193364389e-06,2.674333571036438e-05,1.5708835369368634e-08,2.4310607964604693e-07,0.0001812174637562344,8.641404255589262e-05,2.850064400879489e-09,0.0046130052809065965
49,0.00011291726716197047,0.0003405618722667724,2.144138907789091e-06,0.0003065360978494683,0.002848097346049631,4.9712328306408394e-05,5.79027717735461e-06,9.227836962388402e-05,0.9578971406497744,9.206220529686395e-05,0.02381973659364241,3.053478811103386e-05,1.4216727200747431e-10,6.944364853777197e-06,0.01077108744865851,1.5165143395481968e-06,2.1828681118671632e-07,7.356204170607011e-07,9.280521938706908e-06,1.5091759886047417e-08,3.199691428400764e-07,0.00025165767993089963,5.608182487796615e-05,8.29440438857145e-10,0.0033046297714939875
50,0.0016094163822439013,4.801707593241585e-05,3.0385385855962776e-06,0.00029488637107202565,0.006510590940211994,1.281894720975527e-05,5.228741284856117e-05,0.00021053294009717427,0.9114339013202533,0.0005149541995362351,0.06369090886103121,2.7896044551239158e-05,9.347559338517062e-10,6.652215394301889e-05,0.007391823930682193,1.5918184489690867e-06,6.374448756925636e-07,8.773556480064017e-07,1.108239857603277e-05,3.9744566682121506e-08,1.0620701703106598e-07,6.540251781082182e-05,8.494304252949618e-05,5.117214426318164e-09,0.007967718300358285
51,0.00013123689951528985,0.0007667491813738046,1.304930459090236e-06,0.000487646724678311,0.002402408113186873,2.989100406512007e-05,2.8369448860803884e-06,8.582621488637332e-05,0.9154844663928303,5.29547271538244e-05,0.05271927956067105,1.9078404401066863e-05,8.627250935347294e-11,1.1687888362431686e-05,0.023438407386173123,1.0663564444964984e-06,1.2108212902251947e-07,1.0882026350326973e-06,8.719880013765727e-06,1.2370458845755967e-08,2.246819487346469e-07,0.0002132143078418182,6.113110143015318e-05,3.93666362817253e-10,0.004080647164516686
52,0.00023484966019783415,0.00023715230165544975,1.7044362491057237e-06,0.00029887704977520616,0.004239462668180811,3.2128762615047685e-05,6.618852554255965e-06,7.719555581466824e-05,0.9333290618159391,0.00011043363960939448,0.042936973501972286,1.8775831626910408e-05,1.8169205715553486e-10,1.96025330329454e-05,0.014143427866101923,1.4027618926002226e-06,2.0925951188488485e-07,1.3087855343513945e-06,1.0866206014293243e-05,2.0356221631568162e-08,2.507109622583872e-07,0.00010115579686660989,9.314337714604921e-05,1.0378265449149507e-09,0.004105377051006625
53,0.00015485366700383765,5.4881330585284006e-05,1.8038001262224927e-06,0.00040091375606984565,0.006064895544013847,2.832164608885519e-05,3.529161766363409e-05,4.339417124473656e-05,0.8648735826871217,0.00012326899932701355,0.10349965319359929,5.319105231285401e-05,1.5865657938618485e-10,7.002243121550936e-05,0.016750209112079622,1.838734149287707e-06,2.405769933850071e-07,2.080802437151649e-06,1.6422918951693452e-06,6.468945910843168e-08,7.556968649567508e-07,5.572327917234738e-05,0.0004338259414835388,1.2925562511648066e-09,0.00734954352788021
54,0.0001817215919264081,0.0013807946117314514,7.542415163424737e-07,0.00018653598365465706,0.0029999430593269675,2.488625910185343e-05,5.837658577296332e-06,4.379183083404851e-05,0.9245393806218448,3.6919003821045195e-05,0.027400943369300094,1.418695745269437e-05,3.5114586463995145e-11,2.4118106627015155e-05,0.02679026812049253,5.02569463637159e-07,1.230445207641051e-07,4.962689053028741e-07,1.1846429220851701e-05,3.813932103833263e-09,1.089542707492252e-07,0.00024973031039431294,5.593019837190201e-05,7.559812014744854e-10,0.01605117620361755
55,0.00022814742592919932,0.00021267807198862985,1.786000480298774e-06,0.0002752057621721889,0.004343712364130639,3.102091808993261e-05,8.570612907080148e-06,8.38541532686903e-05,0.9396760367289855,9.192224532806509e-05,0.03760826586678293,2.626028780142257e-05,1.963515059482004e-10,2.1673557955403113e-05,0.012810548383690048,1.5861039021559042e-06,2.210643601339107e-07,1.2739233816567595e-06,9.266757798953295e-06,2.029248714375161e-08,2.6573684949989153e-07,0.00010768060297919422,9.078780394573576e-05,1.1341909033600954e-09,0.004369214004242954
56,0.00026375925039358046,0.00023941262037118914,1.9341207851687647e-06,0.0003064122623362235,0.004326891942416775,3.228936520145698e-05,7.61821359573779e-06,8.569694840273413e-05,0.9385337930308624,0.0001104025670429233,0.03919152262148814,1.9732419232329146e-05,2.3023581036566894e-10,1.958131994464243e-05,0.012461695253888962,1.5774443634537204e-06,2.487235766668134e-07,1.3066365665933565e-06,1.1813822012137386e-05,2.152587964925876e-08,2.6094843545614403e-07,0.00010637930804212288,9.423819501569423e-05,1.2514894344322194e-09,0.004183409978420882
57,0.00016586925422141982,0.00017375069435220024,6.7127670603232065e-06,0.0001792819458180965,0.006477236135107179,3.303222526862071e-05,8.204878472800682e-06,9.794420008842929e-05,0.9567107658559569,0.0001288913075319525,0.02511212959636662,4.280517821363673e-05,3.2530102906698627e-10,1.1774191398922552e-05,0.007737490957809145,2.1768950180914315e-06,3.111092705569947e-07,5.236732337204984e-07,1.1388921129876795e-05,2.7356219453102647e-08,4.730016961352233e-07,0.00012966233186608367,5.673287440402258e-05,1.3277915981454808e-09,0.002912812996403339
58,0.0003093076226141927,0.0002650758758519272,2.3072625246435857e-06,0.000275128747807962,0.004777382294966158,4.440206386712217e-05,1.023075484108344e-05,9.313295889034701e-05,0.9462815733186213,0.00014650388593090142,0.029769709391487847,2.2863097064730983e-05,3.0579510884170064e-10,2.2612324049810866e-05,0.012698823993913855,1.8914598265239748e-06,3.6981933439615094e-07,1.5948162400749808e-06,1.662327032917017e-05,2.407897322730511e-08,3.5306925192448263e-07,0.0001282238139051496,0.00012753928797511982,2.5832754543363744e-09,0.005004323902661941
59,0.00030759672148486354,0.00025728759485411093,2.909668948706801e-06,0.0002904135533192178,0.005059262587787691,3.9115710237637393e-05,1.015612092274478e-05,9.754346537693451e-05,0.942231558462885,0.00013959857016019748,0.03391075911342517,2.5162477433709274e-05,3.1949114067538135e-10,2.2851535933806925e-05,0.012623393303878154,2.0118686039407405e-06,3.695587966334599e-07,1.4400338481230141e-06,1.5213184655984593e-05,2.704198182973047e-08,3.910749247530902e-07,0.00012619335850391558,0.00012236161953888038,2.294935877479384e-09,0.004714380758071021
60,0.00024351374722309698,0.0002579784822743811,1.8417346784329087e-06,0.00029320534011462916,0.004435449856757111,3.0449466188525916e-05,7.189251138634253e-06,7.246623331989969e-05,0.9337250183898305,9.95253486687756e-05,0.04212614934038592,1.939040298567371e-05,1.7304740152520766e-10,2.0826223592777096e-05,0.013737222059934665,1.3894684020929374e-06,2.3431145332313252e-07,1.2233869392990202e-06,1.0744145561016866e-05,1.946032677055253e-08,2.702315364860594e-07,0.00010792372825687621,9.947994543845733e-05,1.0955774198167277e-09,0.004708488176368038
61,0.00028975561386979543,0.00025170253938656934,2.5737457184209348e-06,0.0002592242015924375,0.004976238328757398,3.4842128950251806e-05,8.946425402319088e-06,8.156893333772907e-05,0.9412675698720773,0.00012316115156283327,0.03478780559987211,2.2760960862165826e-05,2.5201292264512996e-10,2.2812392405781173e-05,0.01271147817164595,1.6948893705740944e-06,3.191120552826511e-07,1.2548948941448674e-06,1.3767355284638676e-05,2.2901120452829134e-08,3.488692102918349e-07,0.00011354288406218291,0.00011665547164510755,1.8542773970753666e-09,0.00491195145062616
62,0.00024351374722309698,0.0002579784822743811,1.8417346784329087e-06,0.00029320534011462916,0.004435449856757111,3.0449466188525916e-05,7.189251138634253e-06,7.246623331989969e-05,0.9337250183898305,9.95253486687756e-05,0.04212614934038592,1.939040298567371e-05,1.7304740152520766e-10,2.0826223592777096e-05,0.013737222059934665,1.3894684020929374e-06,2.3431145332313252e-07,1.2233869392990202e-06,1.0744145561016866e-05,1.946032677055253e-08,2.702315364860594e-07,0.00010792372825687621,9.947994543845733e-05,1.0955774198167277e-09,0.004708488176368038
63,0.0001974382276638972,0.0003922466561390208,1.4544018903868877e-06,0.0002707352888453382,0.0038096666977268994,3.140770899725699e-05,4.983856740637595e-06,6.141009912808718e-05,0.9389491176087403,7.35820782181213e-05,0.036453684260548624,1.4323817226672305e-05,1.2608296806976346e-10,1.5731011216938903e-05,0.01480394433443096,1.1270658240483201e-06,1.9235303710195074e-07,1.1632285967323342e-06,1.181562288480724e-05,1.4290373941139774e-08,2.34558382596592e-07,0.00012031570056522808,8.776610223725797e-05,8.527225181391793e-10,0.004697644051779492
64,0.00020912237032839496,0.00029613866515146233,3.0697252520637517e-06,0.00031806169842153373,0.004796813444010857,4.165855832127136e-05,7.2088862511442505e-06,6.848895488447177e-05,0.9307401001776031,0.00010014532684268512,0.041885924309491056,2.9560896898433914e-05,1.8518651071509208e-10,2.2193252251081553e-05,0.016432166633653895,1.9318891815334966e-06,3.1396534169853477e-07,1.3330524330476553e-06,1.0664087458288641e-05,2.5199299102304824e-08,7.031033066543597e-07,0.00013244596043474781,0.00015599515853858612,1.3683713813829129e-09,0.004745933131086706
65,0.00016370653449718217,0.0005533936815926312,1.929323878158795e-06,0.0003113257564718219,0.005208184203586568,6.09219273066484e-05,7.64633809753427e-06,4.79844559791037e-05,0.933275718150873,6.811065380044226e-05,0.03277375103345481,2.469684701443365e-05,1.3437273318257214e-10,2.66516892425985e-05,0.019394958244013667,1.723501279678733e-06,3.102423037686911e-07,2.138744385237095e-06,1.2773699990736442e-05,2.2772004772386556e-08,6.824303102778217e-07,0.00016344837459997843,0.0002113145196051144,1.6721616172477965e-09,0.007688605069177578
66,0.00029238678276871823,0.00018538700576628157,2.2116187722999158e-06,0.000286814704619611,0.0055008930852391115,2.797607890491009e-05,8.651665166734388e-06,7.211240846497017e-05,0.9395167520648805,0.00011563123474437068,0.03982241930109599,1.7664247430490633e-05,2.3146767918677685e-10,2.0518304639692435e-05,0.009801070305410884,1.5175331712216345e-06,2.5589223265108134e-07,1.0867908501700145e-06,1.1120830122276601e-05,2.276941075860932e-08,2.44810313584227e-07,8.593297725355331e-05,9.105917501437017e-05,1.2089153744468866e-09,0.004138268973343556
67,0.0001284125770478928,0.0007475140710461646,1.7358526825455314e-06,0.0003995095078385881,0.0037586842498941535,0.0001154547346828412,9.32296438912203e-06,4.4839720412057715e-05,0.9161476444457162,7.693943589687232e-05,0.0368910564428114,3.659580631617986e-05,1.1971289507673472e-10,3.180639775083084e-05,0.0287362130825909,2.0224658428544704e-06,4.4467499511587684e-07,3.4108114968626783e-06,1.2795475725388975e-05,2.826399117181057e-08,1.19994269557587e-06,0.00026372106889362325,0.0004166502515135438,2.417986812565505e-09,0.012173995218070412
68,0.0003811165257647596,0.0002538097520774696,1.8345325434547402e-06,0.0002813205998612657,0.004674731267849885,1.7231214568438065e-05,5.614671496037375e-06,5.197666143941947e-05,0.9384226534831139,9.191486403432991e-05,0.041895756546438755,9.887972505480195e-06,1.5994308509927926e-10,2.040045528003189e-05,0.008949796862977677,1.1156530509504098e-06,2.251331147085814e-07,7.849634817318065e-07,1.4008736346833318e-05,1.3241152401475053e-08,1.3985002096874975e-07,7.983510367613087e-05,7.7828164643877e-05,9.177591772151522e-10,0.004768002666859232
69,0.00012424418172858132,0.00017965529745678303,1.0833254622667642e-06,0.00027540954099060806,0.0030012104937347612,2.2300202292404863e-05,4.100412447407083e-06,5.0412356024652235e-05,0.9101922885027877,7.799416875514424e-05,0.06498388791176829,1.6221465402909603e-05,8.173629583776124e-11,1.3832995876922076e-05,0.016758726445782995,7.2965918907758e-07,1.484695279131294e-07,1.1609619995762377e-06,4.1006784669255825e-06,2.0211132971042148e-08,2.7185815013212926e-07,8.314026815634925e-05,0.00011077484315174678,3.8753054789117285e-10,0.004098285280447134
70,0.00023520253885088606,0.00025331442698548693,1.821869923240419e-06,0.00029537907244854864,0.004369360554681201,3.0515737409543694e-05,7.079045431920308e-06,7.156003717113649e-05,0.9341974061252065,9.842986654439348e-05,0.04199850246044447,1.9309727998768057e-05,1.6921268936185982e-10,2.027049695198329e-05,0.01358683506873003,1.3862055507216532e-06,2.2528786247417942e-07,1.1996818589666782e-06,1.0382220962487275e-05,1.9361548351938556e-08,2.676712822429764e-07,0.0001063016100574915,9.830514062548093e-05,1.0529279134677481e-09,0.004596924569333016
71,0.00025573928875815915,0.0002061307592362356,1.7710159842582337e-06,0.0002731531216320126,0.0045361662164838685,2.87192089382883e-05,8.6474746658499e-06,7.333186059436502e-05,0.9391641604394589,0.0001080431946333641,0.038701336294756264,1.8588955403543228e-05,1.8418886072780895e-10,2.0277434079056515e-05,0.011720036333599018,1.331731972544252e-06,2.4212245023863946e-07,1.1051538131131406e-06,9.809731175472238e-06,1.955346644445147e-08,2.403336015920096e-07,9.85021759283863e-05,9.490978773283938e-05,1.183217021394741e-09,0.0046777364442302264
