,0,1,2,3,4,5,6,7,8,9,10,11,12,13,14,15,16,17,18,19,20,21,22,23,24
0,3.181491651834974e-05,6.194507551327355e-05,0.0001478524906968789,2.223401509522237e-07,4.842390735070188e-06,0.00017181392461557845,1.5757902126016204e-05,1.6186573511190013e-05,0.9626852157419169,1.7794379592503602e-08,1.4026722528858616e-06,3.369940122821723e-06,4.441667905653148e-08,2.7640336369063843e-09,0.0009502009534844059,0.0285092175680528,1.9847258286523717e-09,2.9455825679650016e-07,0.007390146844222872,8.18342133049636e-09,1.3471834796824192e-06,9.890696076024602e-07,6.9797063053508e-11,7.234822577612731e-06,6.981912161785611e-08
1,0.00010814314665319027,0.0016399359799514478,9.822066123892172e-05,1.7779396168372386e-05,0.00021030635565088955,0.0002578985817511939,0.00024635662954539697,0.0001791399788918257,0.9718496053788404,9.593178959154933e-08,0.00023384177334486597,0.00011245288168850724,1.7206575231481989e-07,2.0855382897565826e-06,0.004227547292075336,0.012325408828724625,2.8877619663259003e-07,5.9013063537054906e-06,0.008380049174445802,1.7217499527943178e-07,1.3355452988932565e-05,5.919540983548559e-05,3.0212253007404634e-08,2.8254505909081606e-05,3.7625666653822773e-06
2,3.8994101568229264e-05,8.141557124809285e-05,0.00013841991854250443,1.8703643190222975e-07,8.750532111180294e-06,0.0001512773974418274,2.1584573515993013e-05,1.5927071705550967e-05,0.9643674789322416,2.090959796015531e-08,1.3473859448755875e-06,3.234970094261273e-06,4.297926164868112e-08,3.4885837160145052e-09,0.0014691326266036337,0.027787996193940283,2.0102535289250118e-09,2.985646436174652e-07,0.005906489016761907,1.0865983734305669e-08,1.0972118570948327e-06,8.741635177654195e-07,8.052789336574978e-11,5.298830606040612e-06,1.1556701532024272e-07
3,3.507217401677007e-05,7.048048452369214e-05,0.00016232450211780067,2.6466207589113986e-07,4.893664343862413e-06,0.00017356525441665792,1.7900875806891946e-05,1.6509364769619868e-05,0.9636488714061646,2.1382643229851558e-08,1.4682723314858908e-06,3.821983144965715e-06,4.3857796783268243e-08,3.216403632593105e-09,0.0009304193499751429,0.0277177649312015,1.972088819461222e-09,3.3008472259013334e-07,0.007205920040037981,8.47341273632834e-09,1.4176246058168944e-06,1.0483005979056941e-06,8.35026350868037e-11,7.767682416297569e-06,8.035688265636917e-08
4,3.478033865873486e-05,7.032083041894931e-05,0.00015175155713953616,2.807537844981628e-07,4.731523100032076e-06,0.0001680508225656628,1.672075671239671e-05,1.4600133624344646e-05,0.9666492071445543,2.0179678310850424e-08,1.4159131977471373e-06,4.221118234003424e-06,5.238034381900098e-08,3.405452201605582e-09,0.0008570736345528564,0.025154599652911228,2.2180200950450733e-09,3.3714947084891813e-07,0.006861140520315031,8.648382443534655e-09,1.5092561513083161e-06,1.1042181173331174e-06,8.759192872841423e-11,7.983366656954123e-06,8.439036533829553e-08
5,4.014458351784455e-05,7.185812765718223e-05,0.0001633201607327247,3.819242804495943e-07,4.149146821259338e-06,0.00018114449516525296,1.636052771502652e-05,1.4858082559180747e-05,0.9654222753317874,2.6117224885166738e-08,1.4669047174828208e-06,4.622198010572193e-06,5.2939090394806865e-08,4.014444287466466e-09,0.0007577860922696798,0.02690226430120496,2.4775243851372325e-09,5.057324804698554e-07,0.006405966688845473,9.899050675642813e-09,1.6998009436330573e-06,1.2709382896784783e-06,9.995202667988755e-11,9.735280897364236e-06,9.413481751812903e-08
6,3.507217401677007e-05,7.048048452369214e-05,0.00016232450211780067,2.6466207589113986e-07,4.893664343862413e-06,0.00017356525441665792,1.7900875806891946e-05,1.6509364769619868e-05,0.9636488714061646,2.1382643229851558e-08,1.4682723314858908e-06,3.821983144965715e-06,4.3857796783268243e-08,3.216403632593105e-09,0.0009304193499751429,0.0277177649312015,1.972088819461222e-09,3.3008472259013334e-07,0.007205920040037981,8.47341273632834e-09,1.4176246058168944e-06,1.0483005979056941e-06,8.35026350868037e-11,7.767682416297569e-06,8.035688265636917e-08
7,8.852092055647634e-05,8.062021463528731e-05,0.00040437369401688885,2.3584726071788152e-07,4.4948980630033985e-06,0.00025295768099730596,2.059362807355238e-05,1.8507715734675416e-05,0.9658623129352316,3.3446670592063856e-08,1.4615451404888625e-06,2.995304809416612e-06,4.9989339028295815e-08,1.874938114242393e-09,0.0005398739952683961,0.019408205986413345,1.359240437979656e-09,3.897940547508435e-07,0.013294782612573082,7.120052921583913e-09,9.53656156717882e-07,5.914761318916409e-07,1.1403740268589778e-10,1.7969272689006335e-05,6.491791489787939e-08
8,2.5396874308285654e-05,4.677756968895457e-05,0.00010661536722521098,1.7937364974581193e-07,4.319592090195438e-06,0.00016062725303678217,1.3268828635624197e-05,1.5139410171185015e-05,0.9622134520180435,1.4321377246045685e-08,1.4223028718901663e-06,3.086702593198927e-06,4.100183987637958e-08,2.604149653927106e-09,0.0011760113334445745,0.029260574850765785,2.2896613732535018e-09,3.5060626812282846e-07,0.0069641743356999046,6.941964466877455e-09,1.470937363173771e-06,1.3093815262530683e-06,4.914599208938613e-11,5.686852055765514e-06,6.920242313034446e-08
9,3.458872354456101e-05,5.794393812419955e-05,0.00010246878102976156,1.52112042163364e-07,7.14113732157511e-06,0.00018011099907979904,1.519078772583415e-05,1.9797836384542737e-05,0.9595845471054391,1.4229317522817714e-08,2.1354154742423966e-06,2.7994266693979127e-06,4.165396993201948e-08,3.142199062778085e-09,0.0013853642419767497,0.028620353730010557,2.9586586445052147e-09,3.545464613292736e-07,0.009977697183931275,7.73194014320731e-09,1.1550633758934258e-06,1.4114771624552073e-06,6.855236473997307e-11,6.643320753262881e-06,7.438885594199117e-08
10,3.507217401677007e-05,7.048048452369214e-05,0.00016232450211780067,2.6466207589113986e-07,4.893664343862413e-06,0.00017356525441665792,1.7900875806891946e-05,1.6509364769619868e-05,0.9636488714061646,2.1382643229851558e-08,1.4682723314858908e-06,3.821983144965715e-06,4.3857796783268243e-08,3.216403632593105e-09,0.0009304193499751429,0.0277177649312015,1.972088819461222e-09,3.3008472259013334e-07,0.007205920040037981,8.47341273632834e-09,1.4176246058168944e-06,1.0483005979056941e-06,8.35026350868037e-11,7.767682416297569e-06,8.035688265636917e-08
11,3.571558925052008e-05,6.877409502559075e-05,0.00016337040214469236,2.7174367526388265e-07,4.979853181529109e-06,0.00017257722797862603,1.7623488722234154e-05,1.5766708318061408e-05,0.9644533555417818,2.1259687461268192e-08,1.4333282665420475e-06,4.022628816543612e-06,5.195371672430104e-08,3.1994125025094217e-09,0.0008839274789386068,0.027118790817143006,2.15601344669355e-09,3.369766075912068e-07,0.007048125427482941,9.083855893315884e-09,1.477832175606381e-06,1.0543959018633983e-06,8.764658261178316e-11,8.226329447586543e-06,8.239480881851672e-08
12,4.261721483175658e-05,0.0001314627107645516,8.652066216529236e-05,3.1609925923411963e-07,8.281824360749923e-06,0.0001954833882061118,1.4475038609175081e-05,8.926510049613334e-06,0.9727919870293507,3.412882335572268e-08,1.022822985071223e-06,3.121100829654081e-06,5.11209872237392e-08,7.77763059224696e-09,0.0006980698317838647,0.021052649735702672,4.038585427019805e-09,5.547146821713074e-07,0.004955801837301601,1.4121673075406353e-08,1.6874787086676043e-06,1.071855205527653e-06,1.182355376621049e-10,5.67840695134073e-06,1.6043231704542074e-07
13,2.611362821601174e-05,7.290411483305996e-05,0.0001672210270921367,4.462520090728389e-07,5.630104119474105e-06,0.00015202906190578218,2.6013115198032872e-05,3.156741972274587e-05,0.9632075345711317,1.657306880565935e-08,4.004225303267109e-06,7.929873260816347e-06,4.5729435311325956e-08,6.4416756486146874e-09,0.0012950626295473,0.02758219052506993,2.36572689138544e-09,3.230818702495947e-07,0.007407804516541456,8.648706015314009e-09,1.8478016150191177e-06,2.021942783498715e-06,1.6089166319083285e-10,9.19149066708019e-06,8.469960904331011e-08
14,4.067718446140598e-05,9.485204215070508e-05,0.00015935717001984865,2.8971201800022635e-07,6.497242016332678e-06,0.00019308192129450594,2.1655419359476142e-05,1.8400663467107486e-05,0.9608951346490969,2.7608306512965207e-08,1.7779110324095247e-06,3.895542214287728e-06,4.365861234859335e-08,4.2756159986295236e-09,0.0010015407898572141,0.029156501215478272,2.341273558807462e-09,3.669096961714234e-07,0.008394642937517193,1.0104395388552346e-08,1.463812245757873e-06,1.14470988032376e-06,1.0740999206883752e-10,8.537834183654935e-06,9.423839636843967e-08
15,3.507217401677007e-05,7.048048452369214e-05,0.00016232450211780067,2.6466207589113986e-07,4.893664343862413e-06,0.00017356525441665792,1.7900875806891946e-05,1.6509364769619868e-05,0.9636488714061646,2.1382643229851558e-08,1.4682723314858908e-06,3.821983144965715e-06,4.3857796783268243e-08,3.216403632593105e-09,0.0009304193499751429,0.0277177649312015,1.972088819461222e-09,3.3008472259013334e-07,0.007205920040037981,8.47341273632834e-09,1.4176246058168944e-06,1.0483005979056941e-06,8.35026350868037e-11,7.767682416297569e-06,8.035688265636917e-08
16,3.414788483072998e-05,0.00010589532734544817,0.00016804055025092032,4.2440399367218374e-07,5.2118831612075165e-06,0.00015877856411019908,3.4249647084725006e-05,2.637409137694756e-05,0.9515078028466708,4.7262846576058487e-08,1.6117039448596686e-06,8.606163169069844e-06,5.4443542626811886e-08,6.406653637260192e-09,0.0013678421745502327,0.03751261857383032,2.973980567011244e-09,4.845095883384257e-07,0.009054171886005716,1.2057407286739442e-08,3.5801834438789574e-06,2.4720233400231483e-06,1.3796911805535553e-10,7.418785037026202e-06,1.4551586614092927e-07
17,3.4653016319243925e-05,8.107523392866789e-05,0.00015421890307296346,3.400757657649183e-07,5.923740735507385e-06,0.00016998540730782307,2.1019900562227028e-05,1.944729592465189e-05,0.9620793608109235,2.443707446274314e-08,1.784250573850421e-06,4.92193352806861e-06,5.215134436272682e-08,4.65161249517683e-09,0.0009765957819797128,0.029415714544955195,2.624230744379949e-09,3.718222974242885e-07,0.007023177282715917,1.0724914125395624e-08,1.716053076362864e-06,1.3530130096284591e-06,1.1823953056617258e-10,8.149016405477875e-06,9.720950219405964e-08
18,4.342906428056361e-05,9.62809267775023e-05,0.00011307382049586964,3.0642753160075353e-07,7.477922694888097e-06,0.00014678720264005502,2.3028289336364584e-05,1.1861353638147153e-05,0.9698568979878568,3.952982295730573e-08,1.0360339098692004e-06,5.163135671756577e-06,6.41755849771457e-08,6.027093060989777e-09,0.0010836975811793817,0.023548575505781797,3.920649380637321e-09,6.813598759731087e-07,0.005051876230843909,1.3853214891257206e-08,2.2603062601843233e-06,1.6292117962584382e-06,1.221512041514363e-10,5.5965026023169975e-06,2.135083103617929e-07
19,2.452880425177175e-05,6.580411664718025e-05,0.00018526207471789304,3.706614004443758e-07,3.7252642438929283e-06,0.00010988621346901372,2.950111980027948e-05,1.799965086669734e-05,0.9650395193744149,2.2072860149095954e-08,1.2806831819983193e-06,7.66144249500305e-06,4.990014021322684e-08,3.215747202626281e-09,0.0010170882685000345,0.02820549573836609,1.5645274804872066e-09,2.6683219096877685e-07,0.005281747286516198,7.270914240469944e-09,1.9501072983414006e-06,1.3995418980694322e-06,8.860498742139415e-11,6.336627319377442e-06,9.207962719613376e-08
20,2.603783924407027e-05,5.7131560618836584e-05,0.0002021785736878077,3.251360128384523e-07,4.045108878669621e-06,0.0001478040624192546,2.676473407087429e-05,3.9785104504032794e-05,0.9489756626430739,2.0194545279590816e-08,2.4406024991669708e-06,6.5424092245181595e-06,4.0141398668204436e-08,3.769266568914709e-09,0.0021826584253149045,0.03979145870794642,2.0899943242093285e-09,3.501869855762918e-07,0.008526021075619094,7.884029381814931e-09,1.980600202564118e-06,2.3783486892715665e-06,8.193816986444644e-11,6.273860094314344e-06,8.685974162079779e-08
21,3.8935635492974486e-05,7.140897683864687e-05,0.00017571522105874033,2.0714470785025052e-07,6.46349263789565e-06,0.00017531207785525935,1.962273251631474e-05,1.6786916012868013e-05,0.9665300093305679,1.896203891863273e-08,1.7483945656261494e-06,3.3660055506239334e-06,4.476308294668159e-08,2.4815879773771637e-09,0.0011293957262688483,0.022864881902756772,2.2807873645050284e-09,2.95540102570267e-07,0.008955093218218467,8.65005417975908e-09,1.315552245134057e-06,1.0130041424728926e-06,9.4396939824999e-11,8.265727959395623e-06,8.616855327198298e-08
22,5.229380845564588e-05,6.039772738117123e-05,0.00015076462764101813,2.49852499684691e-07,4.877629873059493e-06,0.00021784864483689875,1.1107235087239223e-05,1.5092171205706337e-05,0.9643801681077235,2.1848553985237092e-08,1.749519358755948e-06,2.485145448227105e-06,4.249003967542643e-08,3.1250858843603145e-09,0.0009585975634718516,0.026700624982946713,3.498889048882738e-09,7.158874740342795e-07,0.007430862644117281,9.062480303935078e-09,1.3527037279186316e-06,1.4687817484561953e-06,7.475047723126322e-11,9.174949069231155e-06,8.791813404159332e-08
23,3.507217401677007e-05,7.048048452369214e-05,0.00016232450211780067,2.6466207589113986e-07,4.893664343862413e-06,0.00017356525441665792,1.7900875806891946e-05,1.6509364769619868e-05,0.9636488714061646,2.1382643229851558e-08,1.4682723314858908e-06,3.821983144965715e-06,4.3857796783268243e-08,3.216403632593105e-09,0.0009304193499751429,0.0277177649312015,1.972088819461222e-09,3.3008472259013334e-07,0.007205920040037981,8.47341273632834e-09,1.4176246058168944e-06,1.0483005979056941e-06,8.35026350868037e-11,7.767682416297569e-06,8.035688265636917e-08
24,4.4516305143218905e-05,0.00011862852848149885,0.00014955969357388385,4.2286947330720955e-07,5.636119907634491e-06,0.00020918983907144831,1.781628501961061e-05,1.7433968097959254e-05,0.9595839714016214,3.289148180693494e-08,1.6402568850931656e-06,4.604512139456147e-06,5.455089577255026e-08,6.213345259868144e-09,0.0007159466247435704,0.03079198350157669,2.889990220257786e-09,4.2560964730529693e-07,0.008324824702617329,1.2940716559311724e-08,1.5934128290802595e-06,1.2412528127735376e-06,1.3258257185668538e-10,1.0361346788360902e-05,9.415055809005102e-08
25,2.9184914917630674e-05,9.213827750570906e-05,0.00023583435737584076,7.931407319384613e-07,7.706874993012311e-06,0.000246533498741477,4.1535023792592463e-05,8.858803827624998e-05,0.9347119122910847,2.959467390004933e-08,8.363437320593732e-06,8.580837222977514e-06,4.193555161962163e-08,1.2300185412036048e-08,0.001323882091531372,0.05189347728518513,2.91662858001908e-09,4.0190932211328743e-07,0.011291464417662699,1.2688421492821324e-08,2.231485088977142e-06,2.6038749256623156e-06,2.9109651213761805e-10,1.4598044366565382e-05,7.047339730445837e-08
26,7.79505799856935e-05,5.732351771850459e-05,0.00019992117102520052,2.001672813454624e-07,4.4401797190590146e-06,0.00022302369981352897,7.417895976567976e-06,6.301675647210704e-06,0.9766170491485019,1.5413833236772567e-08,1.14961650466882e-06,1.7171827734103169e-06,5.959241475103457e-08,1.3485408999246557e-09,0.00024906373243468376,0.014902979189029305,1.9873023965060498e-09,4.00900961739747e-07,0.007627384793540975,8.169169381485012e-09,8.120943718630671e-07,4.05482295985168e-07,8.605162764057785e-11,2.2327859651410517e-05,4.451545459626248e-08
27,3.0701478047548856e-05,6.394444051508419e-05,0.00015847187909718088,2.8290147348329616e-07,4.2998511139923e-06,0.00016764358156365618,1.7537486027911665e-05,2.0889312446790713e-05,0.9588239786200371,1.929776094742262e-08,1.8210068066535013e-06,4.186064916814836e-06,4.0960177270705123e-08,3.3393031556478747e-09,0.0011416491977826728,0.03168349952255146,2.205734727362193e-09,3.4147156312061046e-07,0.00786990818838834,8.13447487880696e-09,1.553544771444185e-06,1.4883813679518318e-06,7.849467018879608e-11,7.655839835785704e-06,7.321574740423526e-08
28,3.507217401677007e-05,7.048048452369214e-05,0.00016232450211780067,2.6466207589113986e-07,4.893664343862413e-06,0.00017356525441665792,1.7900875806891946e-05,1.6509364769619868e-05,0.9636488714061646,2.1382643229851558e-08,1.4682723314858908e-06,3.821983144965715e-06,4.3857796783268243e-08,3.216403632593105e-09,0.0009304193499751429,0.0277177649312015,1.972088819461222e-09,3.3008472259013334e-07,0.007205920040037981,8.47341273632834e-09,1.4176246058168944e-06,1.0483005979056941e-06,8.35026350868037e-11,7.767682416297569e-06,8.035688265636917e-08
29,3.507217401677007e-05,7.048048452369214e-05,0.00016232450211780067,2.6466207589113986e-07,4.893664343862413e-06,0.00017356525441665792,1.7900875806891946e-05,1.6509364769619868e-05,0.9636488714061646,2.1382643229851558e-08,1.4682723314858908e-06,3.821983144965715e-06,4.3857796783268243e-08,3.216403632593105e-09,0.0009304193499751429,0.0277177649312015,1.972088819461222e-09,3.3008472259013334e-07,0.007205920040037981,8.47341273632834e-09,1.4176246058168944e-06,1.0483005979056941e-06,8.35026350868037e-11,7.767682416297569e-06,8.035688265636917e-08
30,3.507217401677007e-05,7.048048452369214e-05,0.00016232450211780067,2.6466207589113986e-07,4.893664343862413e-06,0.00017356525441665792,1.7900875806891946e-05,1.6509364769619868e-05,0.9636488714061646,2.1382643229851558e-08,1.4682723314858908e-06,3.821983144965715e-06,4.3857796783268243e-08,3.216403632593105e-09,0.0009304193499751429,0.0277177649312015,1.972088819461222e-09,3.3008472259013334e-07,0.007205920040037981,8.47341273632834e-09,1.4176246058168944e-06,1.0483005979056941e-06,8.35026350868037e-11,7.767682416297569e-06,8.035688265636917e-08
31,7.3695810905306e-05,0.00010545729467264645,0.00034606507509871853,3.251794664451313e-07,5.808800171886025e-06,0.00022878021873053462,2.720382263090379e-05,3.3547707566270456e-05,0.9569722946477945,4.2436436922838767e-08,1.7108367799148044e-06,3.831172253392778e-06,4.600227636700858e-08,3.3030749393556643e-09,0.0008618725552401088,0.02824586919867405,2.095811116211273e-09,4.3520153893965775e-07,0.013078374088124399,1.0155469299541182e-08,1.4999720274091767e-06,1.017524768529372e-06,1.3826265465988684e-10,1.2021331748663472e-05,8.543047602353599e-08
32,3.8419682277676365e-05,7.335776032861868e-05,0.00016723720933169899,2.4846207249095945e-07,4.768783210559837e-06,0.00018387286030817018,1.7625120966520327e-05,1.7367310862337175e-05,0.9627268932597307,2.2271698340039182e-08,1.5025551994777882e-06,3.7706524577644027e-06,4.4724603576766897e-08,3.129597671037877e-09,0.0009325852917345218,0.027107364664252134,2.0602852957266215e-09,3.410716372131967e-07,0.00871357885464966,8.190321022017499e-09,1.4468347441674596e-06,1.1044988595536167e-06,8.317820680985356e-11,8.356951525510209e-06,7.771616686264945e-08
33,4.4152638394784505e-05,0.0001374361665601354,0.00019255326364822016,1.1273926949143521e-06,1.1147433466467158e-05,0.00054617652334385,2.8550456656371103e-05,9.257229033913481e-05,0.8735152502443528,8.840770490109918e-08,7.256214258487288e-06,7.4084776707283916e-06,1.5326108605680812e-07,2.316248026871633e-08,0.0008082448037313091,0.10075516181937398,1.496513448927937e-08,8.341626570191172e-07,0.023811619145399095,4.4440709205931475e-08,3.799465234496634e-06,4.734909276408275e-06,6.159708448465265e-10,3.155948922824925e-05,9.025062812461263e-08
34,3.647522786841427e-05,6.590234206814972e-05,0.0001555689747420597,2.121300353457966e-07,4.298128738555235e-06,0.00016264183446192313,1.5073802984353974e-05,1.397069043316438e-05,0.9682200598508813,1.7074410831728094e-08,1.3090467737692305e-06,3.319314059916257e-06,4.019249895750416e-08,2.496395647814007e-09,0.0008263188269763675,0.022874328095708298,1.7118300598147923e-09,2.9594515014143087e-07,0.007610355322327208,6.711204194696091e-09,1.2276813776117412e-06,9.059070457368372e-07,6.688825701833443e-11,7.601137143070729e-06,6.748799661844751e-08
35,3.615265479548035e-05,6.869328054250584e-05,0.00016296829434055975,2.583811993416726e-07,4.699442744645175e-06,0.00016810432169430518,1.7599045877282152e-05,1.6229382203126573e-05,0.9647501285976404,2.0986636591485537e-08,1.4079500524980784e-06,3.7611752919503086e-06,4.283149502434345e-08,3.0401819661896227e-09,0.0008946308872783091,0.02672374441672367,1.9164217190623164e-09,3.378471116072392e-07,0.0071409651080972065,8.070362079809805e-09,1.3953418907732258e-06,1.032167381776596e-06,7.981390230183712e-11,7.736224646185614e-06,7.855557673523236e-08
36,5.150603716640402e-05,0.00010158679256091972,0.0001640570139311851,2.606602192019373e-07,8.767049232511147e-06,0.00034723957201038155,1.1726860415707646e-05,5.635716053357298e-06,0.9782104566013685,3.326827671330746e-08,1.2644937364655364e-06,1.1433722075056736e-06,3.1745445633934225e-08,3.5664368922407665e-09,0.0004321473609351546,0.016044920868481808,2.307041252943727e-09,5.515907818356613e-07,0.004605943111005818,1.216261814775406e-08,1.370740351571255e-06,3.7301034041590635e-07,1.0725208057487383e-10,1.0869285015176513e-05,9.670711523407222e-08
37,8.405485892711111e-05,8.772044735857252e-05,0.00027215602738234337,3.474623348755005e-07,4.602093626671466e-06,0.0001956418997655113,1.9804424100165846e-05,1.3413155450510849e-05,0.9692905362284095,3.613182553047307e-08,1.495988739771836e-06,3.6704920940744345e-06,5.0958037845002246e-08,2.4676110570289096e-09,0.00045732751444422175,0.020310918742590865,2.1337624633260218e-09,6.064125608784585e-07,0.009235506613904884,8.825216867704729e-09,1.3910822227770289e-06,9.396466721978573e-07,1.308886211615297e-10,1.9685790431131662e-05,8.047164162128783e-08
38,4.7885434202910605e-05,5.6351091891763285e-05,0.0001911170083994272,1.1256218369409703e-07,4.71208093561289e-06,0.0002576325726923745,1.4533050769873946e-05,9.292550814979492e-06,0.9635351562112275,2.121864299562792e-08,8.57544299204414e-07,1.6710103070026035e-06,3.386369482880606e-08,1.4728903301039033e-09,0.0009361715588802532,0.026386571482900027,9.945100090490005e-10,2.606890689322301e-07,0.008549160926418126,5.148326422507898e-09,7.394772697370628e-07,4.3158723203910066e-07,3.948089325898291e-11,7.2124694453157425e-06,6.795351553840592e-08
39,2.7435380628678587e-05,2.9823098896283228e-05,0.0002712020184165677,2.2246940486282385e-07,3.3395678102782585e-06,0.00031378594476890977,1.5647712629603017e-05,3.1268894559411375e-05,0.9313691234439733,2.5338017900674433e-08,1.316813143361477e-06,3.3067194002860592e-06,7.988609045074464e-08,1.5843821347078456e-09,0.0011386569572770378,0.05423822012090395,2.589309963246977e-09,3.4858762327996814e-07,0.012542585319760442,9.808281882651455e-09,2.5618200029494715e-06,1.1414504851248277e-06,6.223095780540874e-11,9.837966835393358e-06,5.644516686440651e-08
40,2.7996428324409023e-05,7.146196576398251e-05,0.0001526850699751045,1.7838455997315343e-07,3.7842915729957417e-06,0.00011832935155345654,1.8457666910878216e-05,9.572189696143136e-06,0.9786112974131578,1.4039076615857064e-08,1.0354330655635e-06,4.3347707004167135e-06,3.262228826718308e-08,2.5808631106805328e-09,0.0011264228616074217,0.014604084286187044,1.0322496308215244e-09,2.078652678195602e-07,0.0052436697765670375,4.49947189411781e-09,1.0725445990943836e-06,8.246003594016849e-07,5.7129736505957846e-11,4.43654382678653e-06,9.372522554087904e-08
41,5.399584653678358e-05,0.00030478734108826505,0.00028108211823561145,2.587060702041213e-06,2.859423317708133e-06,0.0006059146061263083,3.794417409994889e-05,0.00010381901979887316,0.8705128767820571,3.089536360312006e-07,7.980354713736045e-06,2.6317255541399668e-05,9.974357312302654e-08,4.2142514893051466e-08,0.0010058989415671414,0.05305378448856747,1.7869616789986126e-08,2.1525917585163385e-06,0.07390964063016632,3.3145066896751364e-08,1.742775139193906e-05,2.112883202418157e-05,1.140495848568276e-09,4.910555114746781e-05,1.9423625578272953e-07
42,5.9240711768022446e-05,0.00016742807947190314,7.469476743931442e-05,1.8202255015354227e-07,1.638032042697168e-05,0.00010104257561193969,1.584026201410748e-05,2.210989538298378e-06,0.9931032373610135,1.3099031145119538e-08,7.787790722987266e-07,1.3790506568567327e-06,1.8062834207221076e-08,5.521899854920623e-09,0.00033069653517460126,0.004906006202971643,1.0148957456905654e-09,2.835146512602793e-07,0.0012162304157198548,6.275469062800334e-09,3.839370566084146e-07,1.710946492196803e-07,9.221872634477138e-11,3.612621576603297e-06,1.5669228823083702e-07
43,4.0875780087360584e-05,8.819469587123905e-05,0.000238447167516521,4.0653562064242804e-07,5.565157704612319e-06,0.00043119869291023807,2.561210659620363e-05,3.5564185997056265e-05,0.916025217720424,1.0969493091437693e-07,1.4853086610272575e-06,3.964766689728525e-06,8.134398612803511e-08,6.359246851143518e-09,0.00114098068325119,0.06700932855033459,5.290025603746548e-09,8.461706200648266e-07,0.014933138025905424,2.2303981737703003e-08,4.772980477384976e-06,2.315033647405261e-06,1.4374226966378103e-10,1.1736789223449764e-05,1.2451254835755069e-07
44,3.507217401677007e-05,7.048048452369214e-05,0.00016232450211780067,2.6466207589113986e-07,4.893664343862413e-06,0.00017356525441665792,1.7900875806891946e-05,1.6509364769619868e-05,0.9636488714061646,2.1382643229851558e-08,1.4682723314858908e-06,3.821983144965715e-06,4.3857796783268243e-08,3.216403632593105e-09,0.0009304193499751429,0.0277177649312015,1.972088819461222e-09,3.3008472259013334e-07,0.007205920040037981,8.47341273632834e-09,1.4176246058168944e-06,1.0483005979056941e-06,8.35026350868037e-11,7.767682416297569e-06,8.035688265636917e-08
45,3.5500604836116035e-05,7.264660124315823e-05,0.00015989596554844321,2.672228908464985e-07,4.933745018356076e-06,0.0001731987798548525,1.780142993512e-05,1.605463392107488e-05,0.9644323153725727,2.1756228306705323e-08,1.447068524252282e-06,3.836464739503011e-06,4.40626055908736e-08,3.3031543264709855e-09,0.0009021164856113244,0.02699005332859159,2.0053266220736673e-09,3.3402579800698425e-07,0.007179158708213778,8.556965706091971e-09,1.4384864881807547e-06,1.0460398105885162e-06,8.542641235624988e-11,7.793585877584956e-06,8.168081745052719e-08
46,3.638076353223949e-05,7.119877418098446e-05,0.00017509947199226226,7.18503524261821e-07,4.969734971737798e-06,0.00035698232600878284,1.2430941070365114e-05,3.6802565669278316e-05,0.9238792399200654,3.6310839378825234e-08,3.2840871633015917e-06,6.563755879905783e-06,1.655628821241859e-07,6.74867332753217e-09,0.0011076918872813548,0.05821088124284115,1.463434362235554e-08,7.429746285529955e-07,0.016068706271959176,2.8569614613356515e-08,3.869144355807493e-06,4.585149125387201e-06,2.345494639043332e-10,1.949852147837866e-05,1.0190336900344619e-07
47,3.780719212652229e-05,4.9995319896242876e-05,0.00012733532545448214,1.8142919704252167e-07,3.0948295116675424e-06,0.0001082549155024533,1.4407769302693974e-05,9.74959086405667e-06,0.9636196431560285,1.8955908231073177e-08,6.448892306865653e-07,4.837997542136051e-06,6.192856467323488e-08,1.6472438489105276e-09,0.0007947934422026688,0.028443989801187407,1.840071147195365e-09,3.2673830111038714e-07,0.0067751312419520775,7.038426608125771e-09,1.5348714004367667e-06,1.1573099335253189e-06,5.0035282476475503e-11,6.93935997037884e-06,8.336014572182273e-08
48,4.572065488873113e-05,0.00010521439985722306,0.00017617115128294446,2.674070112897527e-07,5.140482986503212e-06,0.0002534393770594236,1.8342829622122826e-05,2.0539984439345144e-05,0.9535463154723794,3.063095043784005e-08,1.8899352843244117e-06,3.690643068804046e-06,4.853224563688978e-08,3.821166221256105e-09,0.0008096710622756773,0.029040494671392195,2.5780337083396436e-09,3.392471344869473e-07,0.01595755830793533,9.19766583595198e-09,1.5554431417627359e-06,1.2505533208326044e-06,1.1152953707442913e-10,1.2233710607495798e-05,6.97947208501161e-08
49,3.383889882841847e-05,6.836849687987067e-05,0.00020136539273387486,3.58624705825458e-07,3.629406892590483e-06,0.00018027644298318618,1.7929181441191228e-05,1.6750880131879477e-05,0.9650109747489496,2.4283509809600136e-08,1.453977661753606e-06,4.9846745670826235e-06,4.938201806260382e-08,3.537771267126098e-09,0.0008782601390264022,0.026868795034387088,1.902125512291118e-09,3.68777434633128e-07,0.006700876872713247,8.510907259491084e-09,1.6820672869875325e-06,1.20175491421221e-06,9.41830334357963e-11,8.710567919082395e-06,8.635002808674487e-08
50,6.152532745208296e-05,0.00019358204347659627,0.0003287183276013718,4.937022159185225e-07,1.3766323979291799e-05,0.00024804825031397875,0.00010468944654580981,5.9514528951225146e-05,0.9317918619580037,1.3461539689451814e-07,2.4673504285837938e-06,9.45798253992499e-06,6.815931146649844e-08,1.0151519327557131e-08,0.0021208559004502647,0.04957490265537571,3.392236357320569e-09,5.176517090662912e-07,0.01547403382803126,2.0012846660670577e-08,2.952459902389782e-06,2.297845757279096e-06,3.5700265014350847e-10,9.813080701826505e-06,2.646482503998802e-07
51,3.756095819238617e-05,9.476277063120208e-05,0.0001583053483958103,3.2062952290520187e-07,4.028653017087763e-06,0.00015871694355712367,1.743639967030238e-05,1.7286171183302898e-05,0.9678309918094036,2.195878599410072e-08,1.5594017343219644e-06,4.450046626266249e-06,3.5994320535522136e-08,4.0042590021705456e-09,0.0009166560737555183,0.022724375965679448,2.013769487473256e-09,3.5064813807226504e-07,0.00802277972275841,7.465611018224164e-09,1.4479461364252275e-06,1.3246019775607223e-06,8.712172290262428e-11,7.492043249960972e-06,8.234250250358636e-08
52,3.661134348005432e-05,6.353187073530492e-05,0.00015802768765776375,2.426318046495904e-07,4.802097828065224e-06,0.0001912861329085485,1.5857433780105966e-05,1.582813596335795e-05,0.9632152493746583,2.1226295659573676e-08,1.4669460933823703e-06,3.1851971122369733e-06,4.107425540232273e-08,3.1502172070942275e-09,0.0009548640722183967,0.02841504555822278,1.9646913068483505e-09,3.8452867223839077e-07,0.006913556249234889,8.153427054275943e-09,1.2929739925890102e-06,1.0140844381999036e-06,7.323914929153266e-11,7.598781586288458e-06,7.925748706134971e-08
53,2.1443419391799664e-05,6.318046672153839e-05,0.00021063932400891745,3.431871952144867e-07,1.0767321627473871e-05,0.00010896494493393426,7.946538320165712e-05,3.6300497347247426e-05,0.9501813430352246,2.5810509013595333e-08,2.5691290327305002e-06,8.820112442296016e-06,5.167128154383072e-08,4.2334039540503e-09,0.0021690076746890357,0.042291587070638466,1.567170133664673e-09,2.2069929276062517e-07,0.004806116561434711,1.0704043190975144e-08,1.7880264410418392e-06,1.4019892063836417e-06,1.4953891383339547e-10,5.814482809446287e-06,1.3253841390874338e-07
54,4.596907988104886e-05,0.0001699832833534486,0.0001229882744627603,2.456185319848627e-07,6.098820954357788e-06,0.00015991615405798175,1.9785586360934353e-05,1.039387410976673e-05,0.968333339195351,3.472872289813683e-08,8.433564490459905e-07,4.007562008534124e-06,3.203260586244357e-08,5.694949628585179e-09,0.0014110406511516343,0.023286589642024274,1.634007842954872e-09,2.958537007669835e-07,0.006422336965269507,9.697796842136549e-09,9.812657708703426e-07,8.975595652251502e-07,8.304137547026361e-11,4.023305260919388e-06,1.800806113925007e-07
55,2.2058541119908587e-05,2.2868524410592637e-05,9.549539530037957e-05,1.2156884267409368e-07,1.3928392168240334e-06,5.634733119222384e-05,7.742115705184413e-06,3.489174966597842e-06,0.9861888390525438,4.808950576361639e-09,3.358061582885968e-07,3.529273606201636e-06,4.0660451135317255e-08,6.441447669705642e-10,0.0003292354084031216,0.01084078463986095,5.412718823886389e-10,1.7452960292794791e-07,0.0024218677342166934,2.3557363174565897e-09,7.295507826426527e-07,3.6404686388118583e-07,1.747164939354249e-11,4.537339884703258e-06,3.80992961722284e-08
56,3.564134412710619e-05,7.058171968627322e-05,0.0001660904531655381,2.768218722192459e-07,4.853647253105777e-06,0.00017416245727659387,1.823919420251723e-05,1.615589086598066e-05,0.9646576935826764,2.168140211851668e-08,1.4754420476383698e-06,4.218978578704457e-06,5.0522783224247634e-08,3.3116291799933633e-09,0.0009011119160206369,0.02659425969605431,2.0847326724339105e-09,3.3230590086583495e-07,0.0073438739089936485,8.742435644695344e-09,1.4993025861152427e-06,1.0826499408248247e-06,9.02664004523874e-11,8.280584284522622e-06,8.367121780676064e-08
57,3.2281376269986385e-05,6.884421626130581e-05,0.00016550506436656238,3.046183340187734e-07,4.18225550170967e-06,0.00013704144252331423,2.1945090044641882e-05,2.0038731106477144e-05,0.9557863580457198,2.6304293256175416e-08,1.2079825825626923e-06,7.07911140123557e-06,7.790129025690091e-08,3.134118214785778e-09,0.000991251115988502,0.03377346309324702,2.634333818254193e-09,3.0985982045144705e-07,0.008978012225287164,1.1194744021633216e-08,1.9911750987036817e-06,1.6200512257096154e-06,1.0336331613410236e-10,8.34863494616091e-06,9.46381319851855e-08
58,3.989977543402269e-05,6.778771737742162e-05,0.0001810355773683076,2.7815491308961356e-07,4.5378191636995985e-06,0.0001803259900947873,1.708452264207016e-05,1.5010842859716461e-05,0.9659841209214577,2.03547942433387e-08,1.5606876669882294e-06,4.042975919330483e-06,4.9992974354875354e-08,2.832883046106475e-09,0.000710168438327993,0.024830791718931305,1.836353026192477e-09,3.239852553050234e-07,0.007949657030200903,8.13530048053232e-09,1.3755159880855592e-06,9.216938626260565e-07,9.466792635979995e-11,1.092322504984393e-05,7.016051365664417e-08
59,3.730775961602732e-05,6.178152014591951e-05,0.00019828359799121972,2.7092437192396606e-07,4.30873952795792e-06,0.00017892115669353888,1.7029210588176037e-05,1.5580760116186258e-05,0.9650183923990467,1.9454219537823233e-08,1.5458738459857113e-06,3.7643540741381023e-06,4.5255230212463065e-08,2.5022272924213157e-09,0.0007649943822657755,0.02627936083911456,1.6640023460994782e-09,3.061906665975407e-07,0.007405372799575538,7.925088915714193e-09,1.3670509156569127e-06,8.85438711459692e-07,8.533102508430508e-11,1.0384396632700163e-05,6.572000092798436e-08
60,3.507217401677007e-05,7.048048452369214e-05,0.00016232450211780067,2.6466207589113986e-07,4.893664343862413e-06,0.00017356525441665792,1.7900875806891946e-05,1.6509364769619868e-05,0.9636488714061646,2.1382643229851558e-08,1.4682723314858908e-06,3.821983144965715e-06,4.3857796783268243e-08,3.216403632593105e-09,0.0009304193499751429,0.0277177649312015,1.972088819461222e-09,3.3008472259013334e-07,0.007205920040037981,8.47341273632834e-09,1.4176246058168944e-06,1.0483005979056941e-06,8.35026350868037e-11,7.767682416297569e-06,8.035688265636917e-08
61,3.8073401665072926e-05,6.322480244817826e-05,0.00019307444239643294,2.647307325824336e-07,4.478076684799878e-06,0.0001723863141985741,1.7592275711915603e-05,1.5555608505455804e-05,0.9657782620796078,1.9729155674979443e-08,1.4961799302551212e-06,3.862264329239682e-06,4.7470881400736674e-08,2.5441701807371076e-09,0.0007862562861997634,0.025572325040494188,1.7364157151366417e-09,3.152574954506815e-07,0.007340468705066848,8.017140505691259e-09,1.3795139823638756e-06,9.102838938671714e-07,8.498389975256097e-11,9.925676029953079e-06,6.947788021563796e-08
62,3.507217401677007e-05,7.048048452369214e-05,0.00016232450211780067,2.6466207589113986e-07,4.893664343862413e-06,0.00017356525441665792,1.7900875806891946e-05,1.6509364769619868e-05,0.9636488714061646,2.1382643229851558e-08,1.4682723314858908e-06,3.821983144965715e-06,4.3857796783268243e-08,3.216403632593105e-09,0.0009304193499751429,0.0277177649312015,1.972088819461222e-09,3.3008472259013334e-07,0.007205920040037981,8.47341273632834e-09,1.4176246058168944e-06,1.0483005979056941e-06,8.35026350868037e-11,7.767682416297569e-06,8.035688265636917e-08
63,3.877169429598547e-05,8.836977386718303e-05,0.00016417129215294123,2.766173732170702e-07,5.189030996600435e-06,0.0001753247513976591,1.8120711198821436e-05,1.575086620496736e-05,0.965315703960031,2.3611852535340856e-08,1.4484537697505816e-06,3.888751858862584e-06,4.393257598424297e-08,3.5691906477998898e-09,0.0009334374299824452,0.025472302840991,2.1546342669690814e-09,3.3153072249447934e-07,0.007756395813384392,9.021924467159251e-09,1.46370985006656e-06,1.084280719237861e-06,9.197785949967833e-11,7.79786497749513e-06,8.824407011844056e-08
64,3.241986707570237e-05,7.387539536371627e-05,0.00017055492341073043,3.0904339927538324e-07,4.63941820442231e-06,0.0001809700821861458,1.8918618350431233e-05,1.6424704523690564e-05,0.9638501077895811,2.597390341152438e-08,1.3549006032260073e-06,4.554561725096545e-06,5.2354770771873855e-08,3.7396938430238126e-09,0.0009091303088842092,0.027647785640556123,2.271563818512779e-09,3.6114997582007474e-07,0.007077221089234111,9.914240073692461e-09,2.0764378774436854e-06,1.1923430177136935e-06,9.575421495858379e-11,7.917486046272875e-06,9.189005855085333e-08
65,4.222279667592378e-05,0.0001433164894312546,0.00030410365812906726,5.991867990381184e-07,7.910005065540032e-06,0.00027868244110235184,4.97322478618443e-05,4.904451135693712e-05,0.9380808731113012,8.853047947791854e-08,2.2005111018033174e-06,7.069300286106014e-06,5.600058953383381e-08,9.472820277080778e-09,0.0018110515662493228,0.048338529043970554,3.2826837702548967e-09,5.307023770564165e-07,0.010869794972804814,2.024618514851923e-08,3.301808704670094e-06,2.040440465838516e-06,2.3462558998907527e-10,8.633998342682495e-06,1.8544059031841948e-07
66,4.048614984737601e-05,6.520338874728197e-05,0.00018305372965594452,2.3466916893513755e-07,5.6380913639407685e-06,0.00019886655329162705,1.7501478608470334e-05,1.514212758697148e-05,0.9634631829168007,2.3734186286064416e-08,1.4094381506178285e-06,3.171066365437503e-06,4.9591326838716555e-08,2.7294482295614616e-09,0.0008727913074295358,0.027750578434151657,2.12099258913196e-09,3.6115579830603633e-07,0.00737085397161238,9.603819704560142e-09,1.4478756251045803e-06,8.933064838777793e-07,8.730613891969019e-11,9.013970316263791e-06,8.250191560486949e-08
67,3.2106613402921156e-05,6.731611623569716e-05,0.00019263154645237328,6.730350087245765e-07,5.546067940003033e-06,0.0004601431517488939,1.4242021660999005e-05,2.2252515101415572e-05,0.9381709843733118,4.6028181599826655e-08,2.169780163647641e-06,4.498041795282191e-06,1.0901983117975351e-07,8.873062552545442e-09,0.000710381366148362,0.05286630763432398,4.5121355206411915e-09,6.358166225646629e-07,0.007430363086695061,2.4423481826619917e-08,2.7290015676716864e-06,1.2470381523273725e-06,2.0046998839425656e-10,1.547508097456242e-05,1.0465553102729249e-07
68,4.1805464606775e-05,4.6811165698016e-05,0.00035539703278821575,5.60034528698066e-07,9.858932554171256e-07,0.0001130302751780814,1.1934173438782536e-05,1.1424567974045711e-05,0.9814044874955358,2.2783615394836336e-08,6.25102607182811e-07,5.355979774137956e-06,3.245180671315136e-08,1.6726384028371861e-09,0.00018794194995411047,0.013732089119429074,8.618956294634988e-10,4.602042142984275e-07,0.004071911757373901,4.1024376765868925e-09,2.2896472064841166e-06,7.513181069606171e-07,7.337368261745095e-11,1.2034116406067801e-05,4.275615654924533e-08
69,3.314283283201463e-05,7.802943218253991e-05,0.0003256936951167169,5.443559288639475e-07,6.834786956949459e-06,0.0002553089150342179,3.26669381875228e-05,3.99194844760073e-05,0.943438178270239,2.816328473256284e-08,4.360340063071248e-06,6.904582693627047e-06,6.506728299647124e-08,4.700886012384836e-09,0.0011457227461749615,0.04363183385423957,2.4129280249979747e-09,2.936573086713579e-07,0.010977356286344227,1.442412032885202e-08,2.6062747893223565e-06,1.3996808573963596e-06,2.2772203335489545e-10,1.901656710157543e-05,7.230324952881594e-08
70,3.38473854345661e-05,4.708942653758007e-05,0.00020218230575834485,3.356528025511464e-07,4.76525138232737e-06,0.00012026369938860811,1.9031384313442934e-05,2.3162428627681647e-05,0.9520935103847449,2.139641036246562e-08,8.301805616485671e-07,3.384310278720097e-06,3.839383118550067e-08,3.1273477801145943e-09,0.001299322756225845,0.043816998068286206,1.42284939340276e-09,3.7321781633519335e-07,0.0023298065288401767,1.1033699225860774e-08,7.352082371885579e-07,7.828872715589547e-07,5.451826531592022e-11,3.3981702167512203e-06,1.0532461928280865e-07
