,0,1,2,3,4,5,6,7,8,9,10,11,12,13,14,15,16,17,18,19,20,21,22,23,24
0,6.947073748031296e-06,4.448211855502205e-05,0.0003615068528204626,7.455541354016135e-05,9.965368341893753e-06,5.597929923493201e-05,5.521888509707249e-05,1.370336395466756e-05,0.9750670488283844,0.012788315648808285,1.0684124252290613e-06,8.078410945729666e-06,7.172483789040438e-05,0.001056261776452696,5.111010154963382e-05,0.004997975559622746,3.4801626193201005e-07,6.504707414838009e-05,0.0004250807592752233,2.9671993003254752e-05,4.7934281938387894e-06,1.742398472292878e-05,1.1492562953943976e-05,0.0037284398920507137,0.0010537603380188607
1,0.0017111395424764817,0.005116948928896037,0.00025481571358836535,0.0016006466012085862,0.0008091531485533265,0.00026105166807057346,0.0001831095502934146,0.0001732099077040664,0.9400649362084231,0.0018672637210302933,0.0013150172787927594,0.0017029483028262356,0.00036316954221369825,0.01444061197583813,0.003947060042400614,0.0007040666539122527,7.291697597217403e-05,8.16460095712483e-05,0.0005034935709417917,1.1932109357919864e-05,1.04762951335216e-05,0.005543161988020797,6.246192866993743e-05,0.003620603400921305,0.015578158935183209
2,3.3685337351388923e-06,2.7894669127105928e-05,0.00022854954847330674,3.8769319927598825e-05,7.760101289772414e-06,3.549786335984615e-05,3.259530817518747e-05,9.452462102821405e-06,0.9812095553682899,0.010755451052358925,7.14551624407183e-07,4.728656828446229e-06,3.891725251234242e-05,0.0011535797306392686,3.92935649171957e-05,0.0027331626500969966,1.5329025124314346e-07,4.146393121387609e-05,0.0002441132475944139,2.5366666000244965e-05,3.1427946609828516e-06,1.1913933832586937e-05,7.167578921765818e-06,0.0024452745437501117,0.0009021133803163903
3,5.358001817340979e-06,3.380213473621955e-05,0.0002707637350424989,5.643420075966369e-05,7.700713058106604e-06,5.181885075229659e-05,4.365596309200574e-05,1.1233256346458313e-05,0.978749031671608,0.011923206570421929,8.812998541101983e-07,5.600132215327073e-06,5.6962351803764676e-05,0.0009326644670845378,4.3763727225731546e-05,0.003586504890190992,2.2305457479875006e-07,5.625413794259274e-05,0.0003777589446756155,2.4692627466038255e-05,3.860687231683158e-06,1.5438740102340934e-05,9.30430376413684e-06,0.0028863238827934352,0.0008467616554404399
4,5.8710979788790335e-06,3.995549430909354e-05,0.00031740374486566433,5.945824731898747e-05,8.297316661338261e-06,4.4436229782239934e-05,4.4969429498510585e-05,1.2192797015535951e-05,0.9773702960392602,0.012785310949987444,9.68196879824956e-07,6.085171101825958e-06,7.26855352147911e-05,0.0011891329315783551,3.978721677487483e-05,0.003460840256670621,2.438712742641403e-07,6.487952136156075e-05,0.00038669495659182694,2.9162734889848407e-05,4.764674378201712e-06,1.7537985597410186e-05,9.178718000339054e-06,0.0031742444128752406,0.0008556024701330189
5,5.296793232736115e-06,3.378226648667209e-05,0.00030410350549458755,7.142574780767254e-05,8.257791484938247e-06,5.07927108185779e-05,4.083134262112372e-05,1.0583953611360323e-05,0.9761630884695802,0.014102041660619815,8.073204400108013e-07,4.688888934425189e-06,6.269091119788269e-05,0.0010504939596900674,3.603565323725935e-05,0.00338798538845228,2.209679715177735e-07,7.952706550181012e-05,0.00038710382857593104,3.0157165375991055e-05,4.455337958117384e-06,1.2608590237972057e-05,1.2169372479992993e-05,0.003440290672517872,0.0007005606356709405
6,5.358001817340979e-06,3.380213473621955e-05,0.0002707637350424989,5.643420075966369e-05,7.700713058106604e-06,5.181885075229659e-05,4.365596309200574e-05,1.1233256346458313e-05,0.978749031671608,0.011923206570421929,8.812998541101983e-07,5.600132215327073e-06,5.6962351803764676e-05,0.0009326644670845378,4.3763727225731546e-05,0.003586504890190992,2.2305457479875006e-07,5.625413794259274e-05,0.0003777589446756155,2.4692627466038255e-05,3.860687231683158e-06,1.5438740102340934e-05,9.30430376413684e-06,0.0028863238827934352,0.0008467616554404399
7,2.4806078554820197e-05,6.666640318875003e-05,0.0005987862768745874,0.00010708646032072854,8.8668281055694e-06,8.080459112514735e-05,9.081393730997662e-05,2.625554135137313e-05,0.9713840106750059,0.01601678046833467,2.8368796404306173e-06,9.64843302100396e-06,0.00030612847711646745,0.0011308959491690813,7.534764238909329e-05,0.00477221653527682,4.1635301988348664e-07,0.00013338264227668638,0.0009003420291361796,4.449717926974452e-05,8.476901756065308e-06,5.4812697135498224e-05,9.288181047521692e-06,0.0033297077311911206,0.0008171251083829872
8,4.908707378680655e-06,3.327227023677364e-05,0.00015720652143006762,5.239741312838066e-05,6.6201397777717064e-06,6.623451503229312e-05,6.937550161129409e-05,1.6964984504818166e-05,0.9822404510373043,0.010038434692398826,1.1950113980460748e-06,5.681566342137638e-06,6.310969522649045e-05,0.0007651739788236531,5.7893207260179196e-05,0.0033398428367011805,1.8712810443274044e-07,6.292927782721125e-05,0.0007056310865829231,2.037862619834372e-05,4.464153189804912e-06,2.5363711708806558e-05,6.884285019145589e-06,0.0015785222882885115,0.0006768773645261562
9,7.3856237251948e-06,2.787636976122047e-05,0.0001561525519945226,5.3381941020949934e-05,8.301535415138114e-06,7.28490659877978e-05,7.430214299799191e-05,1.4125797142375923e-05,0.9862284044761992,0.006841118378220137,1.461372591284593e-06,6.507150013689501e-06,6.52472461047442e-05,0.000578755418863145,5.960199229078625e-05,0.0026844155216176283,1.9527248204120575e-07,5.647833555360865e-05,0.0005859894646232869,1.6259272939060613e-05,3.977558005685736e-06,2.5783211311716762e-05,7.296578410941424e-06,0.0017761377418091123,0.0006479959809187503
10,5.358001817340979e-06,3.380213473621955e-05,0.0002707637350424989,5.643420075966369e-05,7.700713058106604e-06,5.181885075229659e-05,4.365596309200574e-05,1.1233256346458313e-05,0.978749031671608,0.011923206570421929,8.812998541101983e-07,5.600132215327073e-06,5.6962351803764676e-05,0.0009326644670845378,4.3763727225731546e-05,0.003586504890190992,2.2305457479875006e-07,5.625413794259274e-05,0.0003777589446756155,2.4692627466038255e-05,3.860687231683158e-06,1.5438740102340934e-05,9.30430376413684e-06,0.0028863238827934352,0.0008467616554404399
11,6.357707960733614e-06,3.760346312930266e-05,0.0003023065503385754,6.211481122500976e-05,8.245821660543611e-06,5.024453937759028e-05,4.8088501838147614e-05,1.1909331377251113e-05,0.9781335018134546,0.011705229066871931,9.945074523715649e-07,6.554308789949427e-06,7.284511895542559e-05,0.0010062081755614642,4.5018032213323516e-05,0.0037804548988808135,2.493673782333613e-07,6.135309242801127e-05,0.0003988454778606221,2.7977520822163974e-05,4.329892372685818e-06,1.7907347472861956e-05,9.523975657506881e-06,0.003316119314617029,0.0008860173623037059
12,3.756770327282193e-06,2.2417106278986255e-05,0.0002715976269224878,3.141895822626709e-05,1.15062600842968e-05,4.2466693422613e-05,2.9796007495989744e-05,6.572820015591373e-06,0.9827130246740504,0.009228006060903434,7.298068610461648e-07,4.36522271550494e-06,3.243568180627227e-05,0.0010007404268874878,2.8154191494443595e-05,0.0022352037120347656,1.950442856677175e-07,3.707516220848688e-05,0.000161112101049273,2.4864982560231604e-05,3.3778597325994125e-06,9.700554027503654e-06,9.322241808978998e-06,0.003177553038084586,0.0009146069967155581
13,8.389889870169643e-06,4.272140464089244e-05,0.00030974951864043285,4.422707696480104e-05,1.1160614293156517e-05,3.2484710862403456e-05,5.1118842402572904e-05,1.904010634904086e-05,0.9824876753060715,0.008002961254867021,2.0452835095586686e-06,1.1014946671920277e-05,7.706041580506072e-05,0.001522325141889197,5.488383822003111e-05,0.002981341597344766,2.601831008636819e-07,5.382510182873483e-05,0.00035315413407716723,2.520317114341134e-05,5.291704055684143e-06,2.8080208819161217e-05,5.769176804708764e-06,0.0026468816074687145,0.001223334764299299
14,5.15007313192805e-06,4.534572659190953e-05,0.00023860351516412945,6.68421946813497e-05,9.864818517555686e-06,4.7970304784031444e-05,4.3615424009219095e-05,1.0187067472906747e-05,0.9777100173555656,0.013346953929344372,1.0414823302940856e-06,4.731583458594692e-06,6.782283805084461e-05,0.001009778925683297,4.23424322078433e-05,0.0028420053195348446,2.3165041822455846e-07,6.659744293001288e-05,0.0005548094028982583,2.4063566001191685e-05,5.27281863561695e-06,1.7312448707769663e-05,9.61340012512292e-06,0.0031053513031785,0.0007244749765765131
15,5.358001817340979e-06,3.380213473621955e-05,0.0002707637350424989,5.643420075966369e-05,7.700713058106604e-06,5.181885075229659e-05,4.365596309200574e-05,1.1233256346458313e-05,0.978749031671608,0.011923206570421929,8.812998541101983e-07,5.600132215327073e-06,5.6962351803764676e-05,0.0009326644670845378,4.3763727225731546e-05,0.003586504890190992,2.2305457479875006e-07,5.625413794259274e-05,0.0003777589446756155,2.4692627466038255e-05,3.860687231683158e-06,1.5438740102340934e-05,9.30430376413684e-06,0.0028863238827934352,0.0008467616554404399
16,6.8673196256052125e-06,4.47688331193432e-05,0.00019302215145487194,5.3434551854667334e-05,8.150614745790788e-06,4.227910994421354e-05,5.629489407061153e-05,1.796144495448426e-05,0.9814142693458213,0.009302476772275465,1.4277344179694268e-06,1.0677940796984704e-05,6.450738801207444e-05,0.0010979509395261005,6.53319389349881e-05,0.0037868444545553458,2.3269194367140856e-07,5.648736106673674e-05,0.0005410548825822269,1.8544288191585438e-05,3.9615918969821895e-06,2.9559812603249368e-05,5.804396938437771e-06,0.002114859508517171,0.0010632300321499193
17,5.7576914524328015e-06,3.281331893908001e-05,0.0002649770664579188,5.1446219292501186e-05,9.067708256156536e-06,4.38809567779422e-05,4.640392295545947e-05,1.06028771664363e-05,0.9819486714246191,0.00936743620449664,9.912528449603456e-07,6.269154549490714e-06,5.962254449542574e-05,0.001002511609075053,3.567654786593323e-05,0.0028389958274316965,2.2155207836983064e-07,5.6241941934956404e-05,0.00032584704660087104,2.314051943204691e-05,4.2202233857063605e-06,1.5772344863183353e-05,8.809884413988378e-06,0.003027515869609793,0.0008131062910049935
18,3.4025182904099255e-06,3.087507366051403e-05,0.0002796300629802337,2.8990970048438513e-05,7.847743073880796e-06,3.661382954960908e-05,4.4972160399636494e-05,8.514342513971241e-06,0.9773145294782026,0.01005538471454097,7.491969000842689e-07,8.016244922517869e-06,3.444332357311233e-05,0.0013812932403700806,3.9314654837706477e-05,0.004672401444347793,2.8200311154489557e-07,4.3957022260321224e-05,0.00030098828306658056,2.433890929826613e-05,4.89208468173108e-06,1.16528532173028e-05,1.065166721896085e-05,0.003882523216670346,0.0017737349622632187
19,3.231244077234606e-06,3.367751034668765e-05,0.00020495098481040477,6.078622215112215e-05,6.916478232247611e-06,5.067219712539638e-05,3.115643411437481e-05,7.903813302808542e-06,0.9786332844951247,0.013510814869592698,4.624645145445631e-07,4.761703138518586e-06,4.189400804005873e-05,0.0007515306944394526,4.063230965510098e-05,0.00318630333970313,1.6658746890365648e-07,3.145020278019053e-05,0.000259518934395265,2.098115990077391e-05,1.94570254844919e-06,1.326179493790427e-05,6.635931067299017e-06,0.0023865029361361586,0.0007105579823966114
20,5.052161776906232e-06,3.6701105936285074e-05,0.00018640387527632247,4.799340736737791e-05,6.8946657490303615e-06,4.3379067178011003e-05,3.8368433172127964e-05,1.4339763670891595e-05,0.9815402867244353,0.011835140677946068,1.1015933278077925e-06,4.36496143240355e-06,6.980916299041727e-05,0.0010334350765374084,4.5931597851320165e-05,0.002168300127341546,1.536176686457639e-07,5.1177563710430766e-05,0.000432608713883722,2.3919203296434167e-05,3.706561580128624e-06,2.717783814583471e-05,5.239693627570238e-06,0.0017692530884473269,0.0006092613176506079
21,3.187327344123087e-06,2.280718206793968e-05,0.0001223064873177147,4.508124139073792e-05,6.329915143824312e-06,6.861244708295257e-05,3.7408552795579214e-05,8.024032270680597e-06,0.9843757772022275,0.009817255813369893,6.868465767040169e-07,2.851508522762973e-06,3.337619025889232e-05,0.0004983454958920364,5.057230707869396e-05,0.002155741292473953,1.269442592406898e-07,3.444464718697629e-05,0.0004353452253152133,1.4860539203175644e-05,2.4617574448152083e-06,1.4130831143592927e-05,7.362503617248922e-06,0.001677400376024643,0.0005655033339913908
22,1.2724017714087584e-05,6.916508150030102e-05,0.0007132635342947121,0.00010463471364848655,1.0783527440389094e-05,8.946334545243019e-05,5.525099395753669e-05,3.1855496307590714e-05,0.9532187600025318,0.03169316343060329,1.812760148109039e-06,7.266804516799687e-06,0.0001169908765981215,0.001780957817389183,5.4774116396715306e-05,0.006598701369762451,6.828409843845453e-07,0.00015738704859056721,0.000704245795903301,5.04922250250452e-05,1.0031816414867627e-05,3.075811370631794e-05,1.7573890506427966e-05,0.003466643328259776,0.0010026170523474024
23,5.358001817340979e-06,3.380213473621955e-05,0.0002707637350424989,5.643420075966369e-05,7.700713058106604e-06,5.181885075229659e-05,4.365596309200574e-05,1.1233256346458313e-05,0.978749031671608,0.011923206570421929,8.812998541101983e-07,5.600132215327073e-06,5.6962351803764676e-05,0.0009326644670845378,4.3763727225731546e-05,0.003586504890190992,2.2305457479875006e-07,5.625413794259274e-05,0.0003777589446756155,2.4692627466038255e-05,3.860687231683158e-06,1.5438740102340934e-05,9.30430376413684e-06,0.0028863238827934352,0.0008467616554404399
24,4.291708598427432e-06,5.774322838598302e-05,0.00025339364516794796,0.000100473562537712,7.97062830978418e-06,4.458680191855468e-05,4.4573444245533414e-05,1.3087590238130649e-05,0.9709414356280454,0.01854658742240811,7.167346065551471e-07,4.866975378750713e-06,6.48794511138698e-05,0.0011858422727067254,4.5821594968688195e-05,0.004139120658484451,2.7436219178787906e-07,7.55991219151269e-05,0.0006537120167682735,2.5807047163664703e-05,4.904236429336597e-06,1.5892904768139657e-05,1.1204813462954394e-05,0.003038150433916187,0.000719063716269988
25,1.1291180119829839e-05,4.840621682957343e-05,0.00043717341904508965,7.694843956049997e-05,1.7393081039796833e-05,5.426368917740575e-05,0.00010861083311010151,5.217250041593871e-05,0.9770185259363597,0.010170429955646198,3.373635720339649e-06,1.6333653752845798e-05,0.00011412435159257525,0.002107650211209299,4.789359268647941e-05,0.005001594229820253,4.90861726843745e-07,0.00015440752311836922,0.0005171115536501989,4.9096532269107654e-05,1.1140069063921012e-05,3.4685233746855006e-05,1.1455237597970368e-05,0.0028184806456536477,0.0011169474170869165
26,4.8791421066017115e-06,1.7244752372005795e-05,0.00037905785165865416,5.4386292069889416e-05,7.628713924330115e-06,3.669205342216795e-05,2.105063514012662e-05,3.7620126987755034e-06,0.9808119851316496,0.00970285059249105,4.0777211960906557e-07,2.688264435029634e-06,4.0412564686331513e-05,0.0007938164865402037,1.4094124724482615e-05,0.0018886119142594703,1.3732488153604976e-07,6.503587013878797e-05,0.00012487125959867614,2.531641174243339e-05,2.7284258702168667e-06,4.229251258206651e-06,1.6166596115627266e-05,0.005489167715249505,0.0004927788408469318
27,3.2645943298930575e-06,2.1049719887244926e-05,0.00010913427380039367,3.521485694949568e-05,5.035365855320238e-06,4.5761531857614303e-05,2.8142394793719752e-05,7.240078493582554e-06,0.9875929400070934,0.007216649321693903,5.835768995024766e-07,3.6964140975190166e-06,3.480434030428561e-05,0.0005102582956355018,3.753233041685344e-05,0.001803838095207373,8.559378519018908e-08,2.598841018215233e-05,0.00025784303625973155,1.3306307354366588e-05,1.5911233513823104e-06,1.5611597310134588e-05,4.421493234074921e-06,0.001674145570921704,0.0005518616702858371
28,5.358001817340979e-06,3.380213473621955e-05,0.0002707637350424989,5.643420075966369e-05,7.700713058106604e-06,5.181885075229659e-05,4.365596309200574e-05,1.1233256346458313e-05,0.978749031671608,0.011923206570421929,8.812998541101983e-07,5.600132215327073e-06,5.6962351803764676e-05,0.0009326644670845378,4.3763727225731546e-05,0.003586504890190992,2.2305457479875006e-07,5.625413794259274e-05,0.0003777589446756155,2.4692627466038255e-05,3.860687231683158e-06,1.5438740102340934e-05,9.30430376413684e-06,0.0028863238827934352,0.0008467616554404399
29,5.358001817340979e-06,3.380213473621955e-05,0.0002707637350424989,5.643420075966369e-05,7.700713058106604e-06,5.181885075229659e-05,4.365596309200574e-05,1.1233256346458313e-05,0.978749031671608,0.011923206570421929,8.812998541101983e-07,5.600132215327073e-06,5.6962351803764676e-05,0.0009326644670845378,4.3763727225731546e-05,0.003586504890190992,2.2305457479875006e-07,5.625413794259274e-05,0.0003777589446756155,2.4692627466038255e-05,3.860687231683158e-06,1.5438740102340934e-05,9.30430376413684e-06,0.0028863238827934352,0.0008467616554404399
30,5.358001817340979e-06,3.380213473621955e-05,0.0002707637350424989,5.643420075966369e-05,7.700713058106604e-06,5.181885075229659e-05,4.365596309200574e-05,1.1233256346458313e-05,0.978749031671608,0.011923206570421929,8.812998541101983e-07,5.600132215327073e-06,5.6962351803764676e-05,0.0009326644670845378,4.3763727225731546e-05,0.003586504890190992,2.2305457479875006e-07,5.625413794259274e-05,0.0003777589446756155,2.4692627466038255e-05,3.860687231683158e-06,1.5438740102340934e-05,9.30430376413684e-06,0.0028863238827934352,0.0008467616554404399
31,1.2822762209207915e-05,6.1023474718579627e-05,0.0008232364660949609,8.962732381822152e-05,8.13298522570971e-06,6.18850992355915e-05,6.457517604177843e-05,3.5089140039097074e-05,0.9591809446785906,0.023001159604911534,1.494263384012312e-06,1.037783464214579e-05,0.00010751758749890497,0.0020609318741849855,4.3451780000567175e-05,0.008439279172815974,5.86261023755818e-07,0.00015886125811101986,0.0005170844003152157,4.561136697716158e-05,9.569807676959833e-06,2.3224438180208656e-05,1.66583934290274e-05,0.003937693151775711,0.0012891616990990471
32,5.2929796605614265e-06,3.509432939835762e-05,0.00025095073165015024,6.367769459343975e-05,8.015119816356286e-06,5.745053724399427e-05,4.871301505795344e-05,1.1899904797955877e-05,0.9779828632210315,0.012423834478894445,9.496539532140895e-07,5.476823554378281e-06,6.0895408929516496e-05,0.0009089978955066511,4.903212129473861e-05,0.003752019205317308,2.3759916803174275e-07,6.30455164150076e-05,0.0004978667006966651,2.5146883823662764e-05,4.482554422130229e-06,1.6811857448728104e-05,1.029058161228396e-05,0.0028943827953737816,0.0008225723903391963
33,4.919649365799197e-05,0.00016635649222083372,0.0007324677721947789,0.0002885113254371412,1.805284235442907e-05,8.586185860941478e-05,0.00024510528855521734,9.43475215273283e-05,0.9481128246068657,0.014538310796561635,6.548267951408171e-06,6.018443269766489e-05,0.0005089853560654568,0.0017577588476807796,0.00011177610114235691,0.02090216176868349,2.2627350595479407e-06,0.0003021715246509025,0.0023025627136851502,5.483793898905743e-05,1.9180242526340606e-05,0.00012444128001296107,1.81819114300206e-05,0.007716869725224242,0.0017810421562161512
34,5.337001378380063e-06,3.3824923060672446e-05,0.00027062330808275993,5.637205467026402e-05,7.696318516601514e-06,5.180583453489582e-05,4.3632555787852303e-05,1.1232564785497469e-05,0.9787238987384161,0.011942935877320439,8.789376390510187e-07,5.600363589604897e-06,5.6836053970026815e-05,0.0009336558578142836,4.37033544231011e-05,0.0035919954671655677,2.2313600188384373e-07,5.617501113108907e-05,0.0003772797856747115,2.4708695358506975e-05,3.8578233584124745e-06,1.542100716140782e-05,9.301401047013047e-06,0.0028854474751835116,0.0008475564539286602
35,5.6164464810737025e-06,3.3848130402015126e-05,0.00026634612910724604,5.717955068757656e-05,7.4290876095578e-06,5.343898699427439e-05,4.4436670698708844e-05,1.1649630455838734e-05,0.9787439377583319,0.011860419831665735,8.946566145548889e-07,5.78503743117213e-06,5.8315758856707175e-05,0.000904935947635115,4.354634135783991e-05,0.0036965581806591825,2.2503854016691677e-07,5.841694821202631e-05,0.00039037536735360114,2.4183807458465236e-05,3.814762176459231e-06,1.613923112684506e-05,9.266877671479656e-06,0.002868080888283619,0.0008351589341886947
36,3.842673673390479e-06,1.4690761446346356e-05,0.0002292888277522122,3.848217570548093e-05,2.00418061865223e-05,5.3554600572475265e-05,3.337010282255772e-05,2.491432106889895e-06,0.9851584172689342,0.005116073526963212,1.0772813492768881e-06,2.6852108709768932e-06,3.1825190062317414e-05,0.0005775602377898792,3.932437764157045e-05,0.001182738329805245,1.3383107352368617e-07,3.459959228223447e-05,0.00023513928030656543,2.069588176236828e-05,5.090202163283244e-06,4.911501082304727e-06,1.7792947931841862e-05,0.00630203615141265,0.000874136808302541
37,9.884883993827175e-06,3.2019465935919695e-05,0.0005107525876956921,5.086386824568903e-05,1.0890895246417084e-05,3.2163649578894224e-05,4.498252069840045e-05,6.670922981709045e-06,0.9797006000913442,0.00783054818538766,1.0022710261749183e-06,8.565793600350703e-06,8.774465113922424e-05,0.0012626737428117604,2.2562349898740324e-05,0.002764615397982032,2.666923702507118e-07,7.388914405642647e-05,0.00019312455375180217,2.9698324563987946e-05,4.974698345164888e-06,1.1199591321853278e-05,1.2145509031409986e-05,0.006324293533755604,0.0009738666752367784
38,1.0766757262799875e-05,4.3279375871087344e-05,0.00040245271575581896,0.00013196661700357246,6.268540655146548e-06,0.00020984302330700463,0.00011818429857487846,2.41793400599871e-05,0.9535965294462274,0.023608249645019088,1.2723762689066676e-06,8.170961048640733e-06,0.0001260867351283764,0.0006386099800932001,0.00012572266360299025,0.014811842056075364,5.580065550075018e-07,0.0001399220820949336,0.0014181326951711996,4.911246319211661e-05,6.535615412040051e-06,2.91392748597011e-05,2.2033976856683076e-05,0.003420909475388808,0.0010502318785155053
39,1.5116168234090352e-05,5.0747589038356517e-05,0.000537024233793862,9.638981656337058e-05,9.7989108920593e-06,0.0001712985973694576,0.00014134635871306512,5.870540211424342e-05,0.9597910776945582,0.01631148813507285,2.4850212312649413e-06,2.1550234785881656e-05,0.00011941153847300288,0.0011109830089210825,7.84157988610853e-05,0.015146228146717658,8.789460835304589e-07,0.0001412937413927038,0.0008388191076630444,4.71725148148637e-05,9.633843515465061e-06,4.721147242762489e-05,1.8689453594875487e-05,0.003590883170918843,0.0016433510942497728
40,9.824258597272015e-06,3.3249105229656606e-05,0.0004165288295921682,3.583143573277688e-05,9.453474337427585e-06,4.79189599042762e-05,4.5637898022926614e-05,1.1246328889049794e-05,0.9838337877554948,0.007660913478841031,1.3093642184116744e-06,9.633348537613078e-06,6.685521180556648e-05,0.0010467683520856276,4.852910585491859e-05,0.002650764979756677,2.427769964158428e-07,3.286214408953478e-05,0.0001898950503093007,2.1365478160197858e-05,3.5275788846503235e-06,2.2567581189445616e-05,5.7858826241662595e-06,0.0025928298831436724,0.0012026717377023616
41,2.3763211606533315e-06,1.1528048265666016e-05,0.00010546215869124228,5.9305042254499984e-05,9.393333640131278e-06,6.461801895521093e-05,1.6880387003501576e-05,3.0866844270151775e-06,0.9894380887919566,0.00637491100913938,3.760594422023514e-07,2.309920729151972e-06,1.4563325945098397e-05,0.00025234586118763077,6.89029216308728e-05,0.0013389028220696909,6.389326947834498e-08,1.2652420985142099e-05,0.00013950475444257613,1.0098868548699273e-05,5.859629341737691e-07,5.114096948987435e-06,5.681261356449846e-06,0.001594469878063717,0.0004687781569521914
42,2.2120305689911663e-06,1.0866768215450026e-05,0.0003483220229780897,2.863093058339945e-05,8.320897168205e-06,1.7124296544763457e-05,1.6173814381880883e-05,2.203661293927051e-06,0.9832125544222613,0.00801816058145945,3.339358619501925e-07,2.0326935715236177e-06,1.5350470358820496e-05,0.001496801514788752,1.609594962058913e-05,0.001176945245142998,7.694832789102088e-08,5.5788581157688625e-05,8.45512866411619e-05,2.1389788300189656e-05,3.0771476939163806e-06,1.368297319823246e-06,1.8225607964584027e-05,0.00466920813178566,0.0007741849760087393
43,2.91086704016578e-06,2.8919291784535842e-05,0.00016532214229138438,6.255937256402215e-05,5.210891072895446e-06,0.00013123310905776143,2.9975344118066365e-05,1.4835023466470784e-05,0.9642371248157492,0.02797316049785277,6.110927635010896e-07,2.2371868132920276e-06,3.903524188573221e-05,0.0006049402122206314,6.475543615799682e-05,0.003962603674484057,1.5767039371325267e-07,5.165790418606653e-05,0.000611243829110178,2.7481203220211516e-05,2.876464381649041e-06,1.973073367092208e-05,8.866084481003818e-06,0.0014096710556723469,0.0005428808555613149
44,5.358001817340979e-06,3.380213473621955e-05,0.0002707637350424989,5.643420075966369e-05,7.700713058106604e-06,5.181885075229659e-05,4.365596309200574e-05,1.1233256346458313e-05,0.978749031671608,0.011923206570421929,8.812998541101983e-07,5.600132215327073e-06,5.6962351803764676e-05,0.0009326644670845378,4.3763727225731546e-05,0.003586504890190992,2.2305457479875006e-07,5.625413794259274e-05,0.0003777589446756155,2.4692627466038255e-05,3.860687231683158e-06,1.5438740102340934e-05,9.30430376413684e-06,0.0028863238827934352,0.0008467616554404399
45,5.4887975721994525e-06,3.679700150095024e-05,0.000311150027815315,5.174101614443086e-05,7.660474758815355e-06,4.504160984565485e-05,3.9687669500625696e-05,1.0839215254435272e-05,0.9775653785017877,0.01283883412678303,8.813748890834745e-07,5.513197628792826e-06,5.7591849855210685e-05,0.0011105160027657772,3.6658766433602714e-05,0.003382884319460927,2.339375713243676e-07,5.9652009570260583e-05,0.00034997233491640574,2.483727095570227e-05,4.3939930547430234e-06,1.4688910899927947e-05,9.539601715813078e-06,0.003144340896703922,0.0008856770926151999
46,4.76849382077115e-05,0.00017358203124874118,0.0008180051879710339,0.00028110774223267685,2.3596166826716635e-05,0.00017062387418210613,0.00021407117566449684,6.71405630582112e-05,0.9408802742670104,0.01778123610605525,4.718678409392392e-06,5.754733539852961e-05,0.00028958789818631466,0.0010620738900683584,0.00017905867317882898,0.026202823154995933,3.753026130345359e-06,0.00012950708380333025,0.0015452723587399257,4.4544885585215504e-05,1.088681431599385e-05,0.0001145845451890266,2.245219966635318e-05,0.007372307257399873,0.002503560146475459
47,4.813217551671935e-06,3.0262093102027853e-05,0.00027268176247793516,5.653421550975981e-05,8.045198205528831e-06,5.179855981449603e-05,4.2240866317969044e-05,1.0658551427661166e-05,0.9789503111520724,0.012093673089111764,8.506525963495244e-07,4.8761596103098834e-06,5.189720830701532e-05,0.0009609196281519973,4.263514318634211e-05,0.003302540695532408,2.0913758541229724e-07,5.8185518908327805e-05,0.00037031818363287005,2.528811253615406e-05,4.090680512997705e-06,1.3204741119801048e-05,1.0126616379305056e-05,0.00282859982349168,0.000805238992857678
48,6.587223397961306e-06,6.312562573005992e-05,0.0003032391267566971,9.404037216631625e-05,8.209150311325775e-06,7.118128003949957e-05,6.173954859434724e-05,1.9309797599385604e-05,0.9677718313331831,0.0193323092348007,1.0333203192979439e-06,7.441217661028968e-06,7.368221629271405e-05,0.00107027647473188,6.211143969313215e-05,0.006237928592162035,4.444140041612734e-07,7.856146125876157e-05,0.0007530780199880725,2.7371465921583666e-05,5.33342556899176e-06,2.4526585479396137e-05,1.2498367782984795e-05,0.0029354502720214588,0.0009786900345350898
49,7.531585665863057e-06,3.128706828163192e-05,0.0004065162739005482,4.945309854060816e-05,7.993743351359868e-06,6.270467514724539e-05,4.299765945190272e-05,1.304205066049723e-05,0.9789376418050507,0.011462260823896878,1.029933202437849e-06,7.408841226698421e-06,6.45486072073053e-05,0.0009953883064167932,3.3026320983070275e-05,0.0035257931916657602,2.467107080350634e-07,5.842040512403211e-05,0.0002300302923757278,2.8736990993856146e-05,3.786311595128431e-06,1.63100239830511e-05,9.257254422232171e-06,0.0031192935017245156,0.0008852945244240443
50,3.2050888536315915e-06,5.018982547556597e-05,0.00020423776264635554,5.2293235271539374e-05,6.107702475150984e-06,5.7570253521827446e-05,4.782964083169861e-05,1.742649128671805e-05,0.9693327106951694,0.021546060674005846,7.424050772228843e-07,4.781694290775409e-06,5.529921221590619e-05,0.0012319465436386285,5.2468781749297085e-05,0.004093734584394,2.1941927137447413e-07,5.1809093835034684e-05,0.0006514086460774191,2.4890347311382206e-05,4.623298128797964e-06,2.5604974571421815e-05,6.767052149206154e-06,0.0015936906095852682,0.0008843819681664364
51,5.768192746556709e-06,6.017445472987113e-05,0.00028150443938130973,7.343229500201791e-05,7.452833571519109e-06,4.0780473762965184e-05,3.890737008556104e-05,1.5800494895443336e-05,0.9747051042886944,0.015951909351985764,9.356117869090417e-07,6.25045341289452e-06,6.926344649797869e-05,0.0012492062336813107,4.6954647300273804e-05,0.0035823793282628853,2.3551646060510398e-07,6.0204681052494173e-05,0.00046285335628646235,2.3742627396588543e-05,3.995687563540371e-06,2.1262947389393326e-05,7.128136671983282e-06,0.0024705840712186317,0.0008141690601625615
52,5.313515730680954e-06,3.2795394863695784e-05,0.0002514747659527336,6.547482202725271e-05,6.467505411821555e-06,5.9330380934276815e-05,3.880881639381497e-05,1.2327968139564523e-05,0.975261683155221,0.01534047515400968,8.224527020080857e-07,4.653951190001351e-06,5.91442238561037e-05,0.000880203347043864,4.795862991441358e-05,0.00398897738744195,2.0460618193832822e-07,7.042451796762036e-05,0.0004558583302406851,2.735511397354635e-05,3.4903555021999347e-06,1.6069144370051532e-05,9.622172060352037e-06,0.002642377401095906,0.0007186868877747581
53,3.7783375936810134e-06,1.7150456491440263e-05,0.00015800087171475785,3.423232945260209e-05,6.918818745251512e-06,5.48756278733639e-05,8.971364738502291e-05,1.0133975862363534e-05,0.9874546250446703,0.004585906382469982,7.966010949542043e-07,7.714102806515106e-06,3.644365541081367e-05,0.0006350938963229906,4.0204892020422456e-05,0.0034340712967843583,1.6215729096606112e-07,4.4653240961825384e-05,0.0002715415911687508,1.943426278885548e-05,3.0857360477612933e-06,1.0346664546019264e-05,9.483362847994673e-06,0.002184665833338678,0.0008869672143105909
54,1.88157845080699e-06,4.0260099455092705e-05,0.00021743288868993389,2.3210094587961615e-05,4.8177389211915435e-06,1.9637602842560507e-05,2.544832035737511e-05,7.072743422912683e-06,0.9778796722941444,0.011304366055596314,3.585635131989106e-07,7.747649030917666e-06,2.5269828642348686e-05,0.0013799133396353177,3.776891403382949e-05,0.004611944260955559,1.4188579596610887e-07,1.7860072022453585e-05,0.00015518295407877092,1.880052203639341e-05,1.7260251942181086e-06,9.802247279719767e-06,3.872865148049175e-06,0.002436233527955438,0.001769577928209272
55,5.056700416006117e-06,2.8953571436119742e-05,0.000239494493339604,5.229788339016103e-05,7.761184656711768e-06,4.6803535272171035e-05,4.522244081549294e-05,9.249837699840656e-06,0.9821137971724067,0.00891834948064431,8.228589598176796e-07,6.3259761340624154e-06,5.287463603164647e-05,0.0008245659482888178,3.841753243932081e-05,0.0032645245462400614,1.9474488945083848e-07,5.002210657563582e-05,0.00031789516748920236,2.172967554129499e-05,3.326238918648104e-06,1.3310937058824727e-05,8.754688919347848e-06,0.003098457454100754,0.0008317911883360784
56,5.863451801827139e-06,3.586070525883778e-05,0.0002813465822046475,5.9068089921718886e-05,7.89942554460947e-06,5.181565721258045e-05,4.5909157670205394e-05,1.1758401362380868e-05,0.9785833854533695,0.011834885681053953,9.473340775149535e-07,6.0546777362425466e-06,6.405211756856983e-05,0.0009639430145575191,4.416101193161078e-05,0.0036191254483274307,2.3481969982072455e-07,5.931091170080294e-05,0.0003931403518425059,2.5852340353258813e-05,4.085756058384828e-06,1.6898152715094673e-05,9.383162445509855e-06,0.0030217790219884727,0.0008532392735971282
57,6.873202078141772e-06,6.756814997332085e-05,0.0003237512178154544,8.013712389085302e-05,8.118852830012222e-06,4.9181831093074544e-05,7.354796615058963e-05,1.8080492471903734e-05,0.9708186157970291,0.014863868552755321,1.3128715655490474e-06,1.0157469944919848e-05,0.00011780731694276105,0.0013211427259417965,5.943455687428691e-05,0.006229887537352297,3.8392508166814025e-07,8.048539334096056e-05,0.0009778447566051469,2.9316467070674267e-05,8.071098937478435e-06,3.150376434771729e-05,9.184124796942615e-06,0.0036120455040843883,0.001201679301025795
58,4.804404622913972e-06,2.954951405129436e-05,0.00025286709029700635,5.423622707167618e-05,8.785566413699067e-06,4.583942253100727e-05,4.109087432077339e-05,7.698312590834182e-06,0.980737594043109,0.009600185849083651,8.368612698097875e-07,5.412407596547123e-06,5.7499633570230784e-05,0.0008761975879938216,3.772181723922334e-05,0.003023646557058564,1.9630494422429424e-07,5.287358509093409e-05,0.0003332704541429016,2.5861768370805606e-05,3.93073048575899e-06,1.2390094787172689e-05,1.034354961632901e-05,0.003940726053216756,0.0008364412905250694
59,4.766662799973499e-06,3.2140195512469116e-05,0.000310130395413396,5.2298426191099806e-05,8.426891308191743e-06,4.599602042405212e-05,3.8397692103698535e-05,8.270901513883725e-06,0.9781415234625647,0.011649537350125538,7.738485089926108e-07,5.285550759748214e-06,5.686636725593525e-05,0.0010063464642112228,3.542193864654676e-05,0.003379059277339552,2.15082519340154e-07,5.366559361462852e-05,0.00030242854023185224,2.8492400532772958e-05,4.1262685373057606e-06,1.2102178051312716e-05,1.0463866150269027e-05,0.00391355600596595,0.0008997086197174461
60,5.358001817340979e-06,3.380213473621955e-05,0.0002707637350424989,5.643420075966369e-05,7.700713058106604e-06,5.181885075229659e-05,4.365596309200574e-05,1.1233256346458313e-05,0.978749031671608,0.011923206570421929,8.812998541101983e-07,5.600132215327073e-06,5.6962351803764676e-05,0.0009326644670845378,4.3763727225731546e-05,0.003586504890190992,2.2305457479875006e-07,5.625413794259274e-05,0.0003777589446756155,2.4692627466038255e-05,3.860687231683158e-06,1.5438740102340934e-05,9.30430376413684e-06,0.0028863238827934352,0.0008467616554404399
61,4.904104485557278e-06,3.0564884195070115e-05,0.0003132834856667319,5.023338542353051e-05,8.293921879611585e-06,4.4426065334323534e-05,3.59656975528811e-05,7.890801778621566e-06,0.9792249931621444,0.011133438674324527,7.657697433871726e-07,5.0546312459039515e-06,5.529806589784907e-05,0.000995218001217829,3.162299654338358e-05,0.002967709552102942,1.974205412767745e-07,5.294815280406684e-05,0.0002718830819917639,2.6660157338049645e-05,3.9801552230626875e-06,1.1464584956116484e-05,1.0191819338530329e-05,0.0038661881756218938,0.0008468232526483711
62,5.358001817340979e-06,3.380213473621955e-05,0.0002707637350424989,5.643420075966369e-05,7.700713058106604e-06,5.181885075229659e-05,4.365596309200574e-05,1.1233256346458313e-05,0.978749031671608,0.011923206570421929,8.812998541101983e-07,5.600132215327073e-06,5.6962351803764676e-05,0.0009326644670845378,4.3763727225731546e-05,0.003586504890190992,2.2305457479875006e-07,5.625413794259274e-05,0.0003777589446756155,2.4692627466038255e-05,3.860687231683158e-06,1.5438740102340934e-05,9.30430376413684e-06,0.0028863238827934352,0.0008467616554404399
63,5.22697458654028e-06,4.0509213254700805e-05,0.00026229598772334984,5.7945257804906324e-05,7.410460598753153e-06,4.85121343442758e-05,4.1265055988736066e-05,1.1607303165401641e-05,0.9775123398328567,0.01303302055792053,8.602886895383835e-07,5.6355022651682476e-06,5.852994458616056e-05,0.0009891410247448438,4.4237840108039474e-05,0.0036248684675801086,2.2948747554708902e-07,5.472542295083241e-05,0.0004063290877761244,2.408081476405842e-05,3.883685265753869e-06,1.6911906154503932e-05,8.817421912916709e-06,0.002880114278666099,0.0008615020488163195
64,6.179723983941323e-06,3.924325658373041e-05,0.0003506279154494885,5.901195311212786e-05,9.4636771550282e-06,4.99468366614336e-05,5.5412376474048155e-05,1.2501746638671164e-05,0.9768853087701381,0.012410086517784307,1.1025091514311854e-06,6.185226031428174e-06,7.246744925901323e-05,0.0012388114547781661,4.0488976411642894e-05,0.003711171406134085,2.907460413886565e-07,7.50949611749483e-05,0.0004611787599744701,2.93441695536121e-05,6.806262834145466e-06,1.638195917699071e-05,1.1987313834719604e-05,0.0035030325068070964,0.0009478735248560833
65,9.628436907790942e-06,3.1444734598670074e-05,0.00024924246748665827,0.0001268682294485995,1.0980422895466787e-05,0.00016006915972910686,0.00010324103983661297,1.767159257444686e-05,0.9741847070731211,0.011844681640128304,1.6402195354194082e-06,7.665080236126317e-06,7.451007561783685e-05,0.0005022686035685792,0.0001140916731556876,0.0070255721569472945,4.624676102442404e-07,9.841843584228507e-05,0.0011552117786953683,2.6179277273449126e-05,5.61303145504014e-06,2.1757878001044555e-05,2.1283515372480345e-05,0.0033120910488229193,0.0008946999611392213
66,6.878040875812301e-06,3.974448045758554e-05,0.0003863830063030637,6.103778670396044e-05,8.110859636374149e-06,5.219257671570675e-05,4.9549140467348646e-05,1.5118848684609331e-05,0.9749193741529248,0.014238867971763507,1.0612666847203854e-06,6.854823297576918e-06,8.039453413686126e-05,0.0011855054817485763,4.446138195181512e-05,0.004438490580410976,2.6579720960224386e-07,7.065685149993146e-05,0.00037958279011327483,3.3744821413581116e-05,4.681558039747247e-06,1.8895686136801097e-05,8.989322827329718e-06,0.0030085166791769045,0.0009406415608194489
67,1.0352725383327e-05,5.381389415332358e-05,0.0015056163322288796,0.0001507098993846234,1.2584096972035033e-05,8.755427673412235e-05,6.2570604238991e-05,2.0284036760052082e-05,0.9359690279581525,0.039560482569615585,1.2148452486333863e-06,5.624664343117245e-06,0.00013423452794358328,0.002342876760170459,4.5844092701554546e-05,0.009703902499530907,8.37017313425853e-07,0.00023875155627016252,0.0005960665649045451,0.00010709181855704302,1.6830543740568555e-05,1.1078416937676858e-05,4.956106051614854e-05,0.008120196238355637,0.0011928929998428514
68,8.040230973299419e-06,4.824510567893695e-05,0.00026422178191061,7.740276615570419e-05,8.444240993404588e-06,6.972238881321587e-05,6.350826985842523e-05,1.9445944692967117e-05,0.9749110039820332,0.013720030989419757,1.4043719588758452e-06,7.248771653334844e-06,8.270148381098191e-05,0.0009141220722878557,6.749452637973365e-05,0.005167320647746638,3.407609713554279e-07,7.97370601776172e-05,0.000765884623464395,2.6140074152748385e-05,5.541346521911227e-06,2.8441819612440188e-05,1.0218596857379753e-05,0.002740638804029309,0.0009126993398456784
69,5.168674317524986e-06,3.7406049274192617e-05,0.00042139262633035155,5.853006855263711e-05,7.781549406808716e-06,5.295683229378119e-05,4.6534712829361177e-05,1.5623927868405078e-05,0.9710338550318529,0.017215175515368237,9.134659748147897e-07,5.98150596071021e-06,6.304764924057086e-05,0.0015032742905832838,3.803908491915649e-05,0.0046992413183283566,2.7528737649686067e-07,8.551773002124913e-05,0.0003817930682978047,3.802809252163768e-05,6.088985769571122e-06,1.4089285927339021e-05,1.2450870084573925e-05,0.003252683677707395,0.0010041506991925197
70,5.35521447373757e-06,3.37688985240578e-05,0.0002707734279434642,5.6423429701332356e-05,7.706413153204559e-06,5.1788234731094316e-05,4.363965169880732e-05,1.1221798887960257e-05,0.9787679078788959,0.011911434309393343,8.809284701151725e-07,5.596534709396892e-06,5.69184154318828e-05,0.0009325329332062867,4.3739280405407866e-05,0.003581163719958622,2.228733028376911e-07,5.6204630088327494e-05,0.00037718713430315396,2.4684632100835408e-05,3.858680958245166e-06,1.541820148227666e-05,9.303875078977312e-06,0.0028859099730307947,0.0008463589300700799
71,2.442328536981203e-06,2.90805128334877e-05,0.00024278198574199903,3.671580777697902e-05,7.78528859656975e-06,2.9496368940818976e-05,3.4154908236403124e-05,8.293372538892257e-06,0.9805096434972715,0.011309130917037388,5.271645241944559e-07,3.925748218973953e-06,3.7085506283196005e-05,0.0013348372143382392,2.420945029975455e-05,0.002677130713977959,1.5016041893502278e-07,4.7147689492734996e-05,0.00022366332109848645,2.7290741308564868e-05,4.003572619616828e-06,8.657651422848366e-06,8.056044506884401e-06,0.002611166327559033,0.0007826237064196133
