,0,1,2,3,4,5,6,7,8,9,10,11,12,13,14,15,16,17,18,19,20,21,22,23,24
0,0.0004173824075382519,7.087292260386856e-05,0.0003904364055451874,1.5178058243758713e-06,2.4609558305889395e-05,4.822148630988284e-06,0.0004524711062948672,0.0008510051928479117,0.4419496821126236,0.0001300175328455068,1.2508231248229325e-05,7.399540691277115e-06,1.383405987438762e-08,4.371990319347484e-06,0.02642048173067974,0.00033032448515489624,5.149118756624139e-07,3.272951884842783e-09,0.525386846241915,8.153113162851845e-08,5.835775753131551e-05,3.489470114466691e-05,5.8663716315151714e-08,1.6637967830188646e-06,0.003449662117736753
1,0.2059447711333591,0.024287969272679625,0.0023821224781787873,0.00028694839819088947,0.0010672815082424425,2.4996341298910008e-05,0.007841717727479406,0.013573054620875118,0.01029288722145172,0.0004201020916317334,0.002773553405010068,0.00432937099286941,1.4118066991819575e-06,0.0002742746821976869,0.2729418064849985,0.0002562175807238147,0.0035901152702195304,5.46655003108218e-05,0.14346520659247652,7.546458942467681e-07,0.005285450734923078,0.010323256118115064,0.000364083312419411,0.004494520906852847,0.285723461172902
2,0.0004750049295211839,7.478175516475259e-05,0.00020244209403232682,1.1680608375489102e-06,1.796844945504373e-05,5.15506528499173e-06,0.0004444425207581249,0.000806925065012749,0.3050295439058205,0.00012556438985832132,9.355672358665584e-06,6.537642724749586e-06,8.240445701882906e-09,4.457590595869346e-06,0.06473485941665735,0.0005544842339498451,8.27664321807092e-07,2.7151665749002854e-09,0.6223084501270465,6.81367436308204e-08,8.089757597753152e-05,6.696234301247349e-05,1.3855309377089133e-07,1.5048380722266552e-06,0.005048449014087829
3,0.000444138591201152,8.673719237042278e-05,0.0003518631709078363,1.741281671480629e-06,2.4276513419806716e-05,4.5070319483436096e-06,0.0004540298152836392,0.0009467434460184414,0.40409899406968464,0.00015058344647363522,1.1987774070230573e-05,7.521596862017218e-06,1.307489128391868e-08,4.657659255061435e-06,0.028950360141629536,0.0003257359529253139,6.440734275083996e-07,3.879086022719716e-09,0.5595983611968706,7.87774305337709e-08,7.327312029278208e-05,4.198815587568388e-05,6.884781028421896e-08,1.85118020369729e-06,0.0044198400103902585
4,0.00041984389470076826,9.496096790902005e-05,0.00041252651022733193,1.8583410394745601e-06,2.9901044315735577e-05,5.095314449526828e-06,0.00046666117516014013,0.0008964010063946369,0.42835103721282436,0.00016027072631652665,1.2443356597337622e-05,8.092300679746414e-06,1.8071835328342288e-08,5.8413337253655774e-06,0.02784715014234037,0.00032317264556035803,6.297786259600627e-07,4.012339616629598e-09,0.5369395843168973,8.69507653344865e-08,6.797117258305283e-05,4.349904531492818e-05,6.867521872557766e-08,1.922932245114109e-06,0.0039109590719339175
5,0.0004997167047388074,0.00012470106843594334,0.00040021656793412313,3.1602356582822176e-06,3.360465563656348e-05,5.547194391434887e-06,0.0005524203994968029,0.0013314464190452469,0.3890017194439983,0.00023338198203720772,1.567915997272715e-05,9.154279893986871e-06,1.8973409888368392e-08,5.959537449694556e-06,0.027408330593966395,0.00036057470165908094,9.071677096510954e-07,7.453611599234418e-09,0.5741494878493704,1.1099047765375312e-07,0.00011091702465714777,5.0067602089275626e-05,1.0705482615452869e-07,2.925759896717638e-06,0.005699837179636893
6,0.000444138591201152,8.673719237042278e-05,0.0003518631709078363,1.741281671480629e-06,2.4276513419806716e-05,4.5070319483436096e-06,0.0004540298152836392,0.0009467434460184414,0.40409899406968464,0.00015058344647363522,1.1987774070230573e-05,7.521596862017218e-06,1.307489128391868e-08,4.657659255061435e-06,0.028950360141629536,0.0003257359529253139,6.440734275083996e-07,3.879086022719716e-09,0.5595983611968706,7.87774305337709e-08,7.327312029278208e-05,4.198815587568388e-05,6.884781028421896e-08,1.85118020369729e-06,0.0044198400103902585
7,0.0005378397131331736,0.00016538611977533533,0.000676189108822758,1.8908252601616091e-06,1.5816821389615398e-05,2.6963781035120213e-06,0.0008785034892027542,0.0009038149522304156,0.6536787605933176,0.00011188283805928578,2.170661472325954e-05,6.016758337308635e-06,4.381594852160692e-08,3.6841995342725473e-06,0.01867160084370946,0.00012031884766162859,5.531380252758419e-07,4.807744142990223e-09,0.32089698385722387,1.4088109151268113e-07,2.9342448446896653e-05,2.576652896361004e-05,3.201737958819312e-08,3.8055461784369884e-06,0.00324721885573754
8,0.00032913173116613076,7.251149732901827e-05,0.00025116038791304815,1.2031841888363553e-06,2.276096376932237e-05,7.133321266765002e-06,0.00035507847601008534,0.0005933985278675506,0.396897431607162,9.868403444178541e-05,2.0369588122948123e-05,8.237324017542542e-06,1.1093235000368296e-08,4.579387618754714e-06,0.02542530143548457,0.0002423407614431689,4.030942010385601e-07,4.4696599370985116e-09,0.5732295772053407,7.603813660301874e-08,6.34470965991083e-05,4.7000915491994575e-05,5.3796857616222285e-08,8.717891108993947e-07,0.002329232273565463
9,0.0004018625766387052,6.134786572727953e-05,0.00019124348982751894,1.2805154746558064e-06,2.182886190833693e-05,7.708970150676499e-06,0.00037482322557831914,0.0006793045841177169,0.28666420436174866,0.00011541654879788738,1.5698674944340382e-05,8.77165529765488e-06,7.610102906614205e-09,5.198192949710639e-06,0.03173157401553507,0.00040421400186569886,5.0066631043453e-07,4.3611264274590544e-09,0.6761538268169472,6.818598936932836e-08,8.687651733510292e-05,5.941002753039122e-05,9.12483058039631e-08,8.21197871604394e-07,0.0030139158279184333
10,0.000444138591201152,8.673719237042278e-05,0.0003518631709078363,1.741281671480629e-06,2.4276513419806716e-05,4.5070319483436096e-06,0.0004540298152836392,0.0009467434460184414,0.40409899406968464,0.00015058344647363522,1.1987774070230573e-05,7.521596862017218e-06,1.307489128391868e-08,4.657659255061435e-06,0.028950360141629536,0.0003257359529253139,6.440734275083996e-07,3.879086022719716e-09,0.5595983611968706,7.87774305337709e-08,7.327312029278208e-05,4.198815587568388e-05,6.884781028421896e-08,1.85118020369729e-06,0.0044198400103902585
11,0.000464394685191131,9.519121065895537e-05,0.00038348150027072103,1.8953705328574834e-06,2.5543169994551407e-05,4.609501838631594e-06,0.0004843836178155399,0.000990363916202758,0.4191451986366321,0.00015772034933476535,1.2680807705284892e-05,8.040339076512523e-06,1.6039829625953806e-08,5.055393543007378e-06,0.028349433749919196,0.00031945221925694655,6.930173567478105e-07,4.313754731687403e-09,0.5449645021664815,8.857774752983742e-08,7.184424524489702e-05,4.389499374220946e-05,7.204745954944197e-08,2.0628832033300383e-06,0.0044693772472068054
12,0.0011217455296040136,0.00022385319887920741,0.0005374632040962982,4.7346042493944844e-06,0.00010230482173516463,1.5832834593009604e-05,0.0006382309965438244,0.001387433587831962,0.20712976175432898,0.00034933257596255895,2.458448255180934e-05,3.58040784054054e-05,3.462537405963483e-08,2.3881815698690952e-05,0.04614263663163785,0.0009027269495317845,2.6571752906315013e-06,2.330477444024305e-08,0.7328246842928,1.474455133733714e-07,0.00023870052088335088,0.0002060893958664143,5.050543889284933e-07,4.289097177323951e-06,0.008082542022281673
13,0.00048363176490117055,5.770426630057339e-05,0.0005127052747653115,1.2908060506065647e-06,2.110416940278219e-05,2.921500542533802e-06,0.0003314402955030648,0.0007929500016720217,0.3950142322644551,3.997868490751167e-05,2.8834326770855206e-05,2.4219520035573533e-05,1.1537710967312538e-08,6.240720076664577e-06,0.03166527565217067,0.0001550549073016229,8.411006873644079e-07,3.243543440193618e-09,0.5672915814677941,8.126566362909874e-08,8.109578156073544e-05,6.03210303301037e-05,5.1948845227431924e-08,9.045122433788367e-07,0.003427523956765271
14,0.0002879925693065787,0.0001334270511474331,0.0003267816917543552,2.0096685507932252e-06,3.030516409366583e-05,4.958486751548396e-06,0.00041261751883850867,0.000915637194112818,0.4539848482316188,0.00023384402280005154,1.1669887019547414e-05,4.744213716969967e-06,1.652819103139578e-08,4.427838116326601e-06,0.02403432374767147,0.0002573340100127897,5.064530971959971e-07,4.22409396319811e-09,0.5155700447095533,7.759976146187367e-08,7.118339640751105e-05,3.7553368922924176e-05,5.5453315461540337e-08,2.108456492318575e-06,0.0036735285146532386
15,0.000444138591201152,8.673719237042278e-05,0.0003518631709078363,1.741281671480629e-06,2.4276513419806716e-05,4.5070319483436096e-06,0.0004540298152836392,0.0009467434460184414,0.40409899406968464,0.00015058344647363522,1.1987774070230573e-05,7.521596862017218e-06,1.307489128391868e-08,4.657659255061435e-06,0.028950360141629536,0.0003257359529253139,6.440734275083996e-07,3.879086022719716e-09,0.5595983611968706,7.87774305337709e-08,7.327312029278208e-05,4.198815587568388e-05,6.884781028421896e-08,1.85118020369729e-06,0.0044198400103902585
16,0.00045063997079508225,0.00011236014796965392,0.00022235462932601154,2.8406328891535693e-06,2.0399523725426504e-05,7.078967242428911e-06,0.0005800810498251553,0.001312276701116587,0.29351195840797645,0.00039257839566144483,1.2840001125989973e-05,8.091820430383103e-06,9.937822248796118e-09,5.420194157953465e-06,0.02355375041334642,0.0006118484779842841,7.132126735205264e-07,9.463646302379146e-09,0.6733879345936865,1.2092755409899513e-07,0.00021331028272618318,6.913615148191291e-05,1.0826126493637091e-07,1.7892726274650284e-06,0.0055223485629442804
17,0.0005202114447002504,9.557163892169878e-05,0.00039688680055372866,2.286226859484416e-06,2.7468356034783333e-05,5.05161093710669e-06,0.0005183861390053517,0.0010524104837896283,0.3871106865235513,0.00016780366557265982,1.3384584464792218e-05,9.592436176358709e-06,1.5701957041453806e-08,6.173631434852497e-06,0.027968320983663825,0.00036768089950273635,7.352369991553133e-07,5.092230589247203e-09,0.5763455242702856,9.519974233552403e-08,8.754864969043209e-05,4.72586320049044e-05,8.925035333418758e-08,2.0446836017703017e-06,0.005254767857966166
18,0.0019884268698977256,0.00020065066096182086,0.0005882024130041344,3.1184345135840087e-06,2.4332045154447876e-05,2.641994787342746e-06,0.000787834770650274,0.002135630039173861,0.28763844443419573,0.00023351833663358217,1.2244616270271847e-05,2.7916650455671823e-05,2.622168656983603e-08,7.32549798020741e-06,0.03224212406658235,0.00036851120692340134,3.933130143226755e-06,1.616652968358378e-08,0.6581993953052747,1.1501816504993486e-07,0.00014803598607136454,0.0001431297949705657,1.4483371726222514e-07,7.353482857992136e-06,0.01523692802339929
19,0.000219689235969463,7.475068140121386e-05,0.0005933132464387063,1.761563572920165e-06,3.766259535768262e-05,3.726188478611733e-06,0.0002762064521994642,0.0008612769411392277,0.5506882195394521,0.00015553473735202894,9.341934984269533e-06,8.363360864532188e-06,1.9259745681028945e-08,5.373595912984677e-06,0.016689900502255915,0.00018977158345027763,4.496081889754466e-07,2.582826393833084e-09,0.4271605721708277,8.047263928674047e-08,4.8972186659288576e-05,3.4082172434032104e-05,2.9414533234094078e-08,1.3822549362812644e-06,0.002939517718379585
20,0.00026937408839811415,8.259128315127974e-05,0.00022215315689413698,1.1716246371766174e-06,2.2865274288253262e-05,2.577179313938402e-06,0.0002493791486588275,0.0013561048054137118,0.35223712032276094,0.0001569455513608029,7.006062994260253e-06,6.0188172244500876e-06,8.35221874652539e-09,3.036795376244559e-06,0.03436516553352324,0.0002258005017903492,9.50283940881959e-07,2.6667436809543606e-09,0.6072906467189028,5.4863698522931014e-08,7.908265018898892e-05,7.92240243362216e-05,5.306151384001358e-08,1.6478881513536155e-06,0.003341019344519087
21,0.00027947699167155403,8.620489305019437e-05,0.00024398135477638497,1.190905427728435e-06,2.042840661727047e-05,2.8282377030127656e-06,0.0002818062067806302,0.000916845971342327,0.4247388474446539,0.00011837243821453997,9.25163867674116e-06,4.066623585978938e-06,8.25460343047491e-09,2.7081767839849823e-06,0.030505546997151297,0.00017449973158894787,6.073934368845232e-07,2.492003454699658e-09,0.5388792370972864,4.7751568224389296e-08,5.65078523901124e-05,4.026975507535654e-05,4.315284635135384e-08,1.6014287491505606e-06,0.003635618804016332
22,0.0007052393689463769,8.399896293435274e-05,0.0004664946794146637,2.1920101497006155e-06,2.834314991352873e-05,7.724599813982658e-06,0.0005924179709957673,0.0011654271702641185,0.35218760337365274,0.0001622565423387319,2.3273457389611404e-05,1.4475808221799805e-05,1.2563142685784859e-08,6.566109010814898e-06,0.030845842181379406,0.0005289374793867847,1.0162870949731137e-06,8.953392121264359e-09,0.6083921538390065,1.263424191428092e-07,0.00014827430620351282,6.804769574120134e-05,1.1307551003658457e-07,2.1256713739044627e-06,0.0045673284023034265
23,0.000444138591201152,8.673719237042278e-05,0.0003518631709078363,1.741281671480629e-06,2.4276513419806716e-05,4.5070319483436096e-06,0.0004540298152836392,0.0009467434460184414,0.40409899406968464,0.00015058344647363522,1.1987774070230573e-05,7.521596862017218e-06,1.307489128391868e-08,4.657659255061435e-06,0.028950360141629536,0.0003257359529253139,6.440734275083996e-07,3.879086022719716e-09,0.5595983611968706,7.87774305337709e-08,7.327312029278208e-05,4.198815587568388e-05,6.884781028421896e-08,1.85118020369729e-06,0.0044198400103902585
24,0.00031288658198115143,0.0001473694341132905,0.0003891061578468426,3.443070022070123e-06,4.210725113948506e-05,6.418098117233124e-06,0.0004488656438821144,0.0009487199025977487,0.38605683493014636,0.0002827203343709377,1.2375720472958404e-05,7.8378369374521e-06,2.3498632700740196e-08,9.146581635809943e-06,0.020364868784183615,0.0003267785061028219,5.302696295148328e-07,5.892272130001167e-09,0.5857564233604442,1.0780497135811868e-07,9.33277834852947e-05,4.534828003298e-05,8.202160028565896e-08,1.7595138013965552e-06,0.00474291274158027
25,0.0007203417878072273,7.126941100467634e-05,0.0005252118863975927,3.2596353405914356e-06,2.078060305304667e-05,2.563199665888173e-06,0.0008641649691821296,0.0023179534335004614,0.3322666292157077,9.996568366837482e-05,2.8983067717264576e-05,1.699585616161338e-05,2.2198962385525997e-08,4.729506293211339e-06,0.01926599510678375,0.00025060936667433835,1.2552171722608179e-06,6.987928373836535e-09,0.6398615691256311,1.6920883201967956e-07,9.706391966857976e-05,4.0563139245832866e-05,8.48043520848005e-08,2.987887112967146e-06,0.003536824782136635
26,0.0016253879902404184,0.00016318637227632617,0.0009120379218512613,2.743301920283891e-06,2.8759903949572903e-05,2.6022609896749424e-06,0.0007924191517783537,0.0024610890726069643,0.524549745047015,0.00017721179851627722,1.7889131500680517e-05,1.5053581582121723e-05,3.950800496247648e-08,3.3118117936730677e-06,0.028658971919088623,0.0002338216325248851,3.3640916003509987e-06,1.2694011325214634e-08,0.43279480189853087,1.2950573143902395e-07,7.590951492729047e-05,6.460383477020472e-05,9.074520358942383e-08,1.3570142292627758e-05,0.007403247167293306
27,0.00029766950180319093,5.573368656571367e-05,0.00020227541810376761,8.155621955433166e-07,1.2017817620645813e-05,3.6354119986112262e-06,0.0002814977087662706,0.0007432325326551126,0.4989848150087442,0.00012147412156999305,5.972865153637839e-06,3.407157154996557e-06,5.283293315068128e-09,2.152339923474358e-06,0.033850048580308975,0.0002689696235549692,4.0037714291832617e-07,1.9236176228109965e-09,0.46092688726182934,5.3118274680895324e-08,4.7817747023268466e-05,4.168032855476677e-05,3.895346927336921e-08,1.082831277483791e-06,0.004148314839398233
28,0.000444138591201152,8.673719237042278e-05,0.0003518631709078363,1.741281671480629e-06,2.4276513419806716e-05,4.5070319483436096e-06,0.0004540298152836392,0.0009467434460184414,0.40409899406968464,0.00015058344647363522,1.1987774070230573e-05,7.521596862017218e-06,1.307489128391868e-08,4.657659255061435e-06,0.028950360141629536,0.0003257359529253139,6.440734275083996e-07,3.879086022719716e-09,0.5595983611968706,7.87774305337709e-08,7.327312029278208e-05,4.198815587568388e-05,6.884781028421896e-08,1.85118020369729e-06,0.0044198400103902585
29,0.000444138591201152,8.673719237042278e-05,0.0003518631709078363,1.741281671480629e-06,2.4276513419806716e-05,4.5070319483436096e-06,0.0004540298152836392,0.0009467434460184414,0.40409899406968464,0.00015058344647363522,1.1987774070230573e-05,7.521596862017218e-06,1.307489128391868e-08,4.657659255061435e-06,0.028950360141629536,0.0003257359529253139,6.440734275083996e-07,3.879086022719716e-09,0.5595983611968706,7.87774305337709e-08,7.327312029278208e-05,4.198815587568388e-05,6.884781028421896e-08,1.85118020369729e-06,0.0044198400103902585
30,0.000444138591201152,8.673719237042278e-05,0.0003518631709078363,1.741281671480629e-06,2.4276513419806716e-05,4.5070319483436096e-06,0.0004540298152836392,0.0009467434460184414,0.40409899406968464,0.00015058344647363522,1.1987774070230573e-05,7.521596862017218e-06,1.307489128391868e-08,4.657659255061435e-06,0.028950360141629536,0.0003257359529253139,6.440734275083996e-07,3.879086022719716e-09,0.5595983611968706,7.87774305337709e-08,7.327312029278208e-05,4.198815587568388e-05,6.884781028421896e-08,1.85118020369729e-06,0.0044198400103902585
31,0.0005211236702166439,0.00014558766306446632,0.0006607081269915608,3.011983654042646e-06,3.9756190119495576e-05,2.0356731555707676e-06,0.00041085544589999267,0.002080546509784129,0.4006040057197028,0.0002531585579730213,7.0752280476178794e-06,9.305869072482063e-06,2.8286628561564538e-08,5.302522556823052e-06,0.014851134282430236,0.00023237947318469076,1.170684699283316e-06,5.43256412076806e-09,0.5744225420470981,9.894076771473586e-08,7.161904691354131e-05,4.4888420017183605e-05,4.949147008468754e-08,4.698990537277347e-06,0.005628911743450529
32,0.00036442522798482143,7.088227329478967e-05,0.00028972105891100915,1.3652131537116843e-06,2.0307409646296462e-05,3.805396326508602e-06,0.0003709171670583971,0.0008505328856207356,0.388815109472223,0.00013044279031217333,9.484194168642063e-06,6.137013670306583e-06,1.004084830368324e-08,3.896611336123862e-06,0.02712743370546504,0.0002986971391806956,5.369293802864201e-07,2.844623658096479e-09,0.5777561881497426,6.583483638780822e-08,6.446862115435153e-05,3.860767938690676e-05,5.341574837665927e-08,1.3770279671972344e-06,0.003775531897959712
33,0.0008266057998103061,0.0003543110060475979,0.00027414424094059314,2.287217515322115e-06,7.976454107974258e-05,6.255419833973792e-06,0.00042510538805968807,0.0015320294278447601,0.1240010250072817,0.0002708195025131208,1.4188809034226152e-05,2.1292848268440078e-05,4.732799435222258e-08,1.53577960552887e-05,0.033928326566301,0.00042618233359638337,3.5128770022207496e-06,1.5864078922875818e-08,0.8346092317190758,1.1742900863539614e-07,0.00010403352034261825,0.00042260438359101635,2.587198420839762e-07,3.995262033118667e-06,0.002678486992849116
34,0.0004061087036010011,7.594314718114874e-05,0.00032680798754417277,1.462498647014435e-06,2.0704263459645034e-05,4.0162989416086155e-06,0.00041426029756651614,0.0008548634081511045,0.4258696469807719,0.00013273807643566861,1.046648209082587e-05,6.355854630289032e-06,1.1336519423241667e-08,3.994779636819455e-06,0.027254333499700776,0.0002909653167612284,5.352863674461274e-07,3.1408777809367403e-09,0.5401537823174877,6.960510644230411e-08,6.25439974159201e-05,3.637310634963104e-05,5.412968600482497e-08,1.584426263017054e-06,0.004072375058807027
35,0.00045240947563453894,8.416794669352268e-05,0.0003386804982311739,1.7229554456900944e-06,2.1484632510360727e-05,3.994964781932154e-06,0.0004391781002945227,0.001011105904923191,0.4158863595814405,0.00015257868467132414,1.0995594303782177e-05,7.249016639094104e-06,1.2559286497982851e-08,4.100424230486641e-06,0.02567264340640389,0.00029354862678631754,6.471699662965576e-07,4.033683645957014e-09,0.5509385188891849,7.894659569443968e-08,7.067413260297077e-05,4.144934686949793e-05,5.987479243651104e-08,1.8683166489819136e-06,0.004566466917378778
36,0.0005747052992356688,0.0002203982624687099,0.00029211705400387136,4.541803616325669e-06,2.5620352769006225e-05,4.775706050379011e-05,0.00196785373119417,0.000714244393577857,0.5296157369884834,0.00035895505556928506,8.393635257678987e-05,4.179082144030468e-06,1.6147598667922706e-08,8.580941942540586e-06,0.04725993102065362,0.0007933087145691756,2.616477917620378e-07,2.543112599318869e-08,0.4130073849470485,2.6914001367662493e-07,0.00017718062043260499,4.752268088106033e-05,3.4071185101958295e-07,2.6607372595718776e-06,0.00479247182268903
37,0.0035061936224643838,0.00016520474826295047,0.0010013420555506811,2.5814965285447352e-06,2.8752993921408733e-05,4.482691044309295e-06,0.0012986422666177565,0.0011842779411504133,0.2795589745060079,0.00010894818814735254,2.4884951668232165e-05,3.4407117915768313e-05,3.5890956322882216e-08,1.3174489190706241e-05,0.025171535764315134,0.00046630242993246266,1.7913558073381883e-06,1.5388590561860725e-08,0.6792417922635454,1.4054124920357187e-07,9.103595587602181e-05,8.339961454127984e-05,1.2423964868511881e-07,5.207503418980392e-06,0.008006751983648091
38,0.0009345775865881009,6.134822024445773e-05,0.00022617185815554532,1.124563294627226e-06,1.3585365937972066e-05,1.771402674897808e-05,0.0013264986314935135,0.0005054357635807717,0.2894587444179844,0.00012550030781976286,2.4971185079480765e-05,8.33077240814395e-06,7.61305198706334e-09,6.533984224688366e-06,0.0645841034742817,0.001488062481565453,3.8605957943733255e-07,5.47183670368424e-09,0.6372514934028054,1.163672476044173e-07,0.00010362733910659987,5.703862287933523e-05,2.415446927868724e-07,1.2230722747041332e-06,0.003803157867117977
39,0.00026899112934653825,2.078196936851683e-05,0.00025497177335767065,1.7415849680902557e-06,2.2153202468768876e-05,5.562197255579571e-06,0.000257579882281356,0.0012462317377477765,0.2904822648468337,0.00015793740260393503,7.717935747251374e-06,9.081714467443153e-06,3.8699269920522534e-09,3.274213685590761e-06,0.018575396977553584,0.0007829088313897509,4.2029113526000995e-07,2.5864955147797475e-09,0.6839523907334306,8.57133631413833e-08,0.00014550246737174026,2.6482652006786674e-05,6.941989458682936e-08,7.314838547950856e-07,0.003777715383445082
40,0.0010323020295643435,0.00011159566707581033,0.0003697704626997628,7.074784533234381e-07,1.614044599288736e-05,5.60272700803437e-06,0.00045525966108926944,0.0004666036637152571,0.3177879672847343,7.214247832713264e-05,1.4040147524944463e-05,1.4584012629008604e-05,8.303741895717549e-09,8.357977933682096e-06,0.0384282867749764,0.0003157827514462021,6.783350463039345e-07,5.378912430286114e-09,0.6358730352048262,6.47343709828237e-08,7.549739428142453e-05,0.0001461256202976384,6.129433003390727e-08,1.0108259360124164e-06,0.0048043693450868724
41,7.157833620548825e-05,3.90551829338546e-05,0.0002784778928378675,5.955945161589495e-07,2.0434181303738127e-05,2.7464715466963515e-06,0.00011799263229325313,0.0003313201591378107,0.6935060125775964,0.00011094811638231937,2.629186750787667e-06,1.1468134813965663e-06,4.856431266422733e-09,1.8927701490273102e-06,0.020233489505608077,0.00016144263727449774,9.842761297559984e-08,4.235438865667336e-10,0.28300846405752533,2.4787650574177302e-08,2.2939379084728457e-05,9.928063474499318e-06,1.1142615141554702e-08,6.029909187027593e-07,0.0020781638131256216
42,0.0012801977045661037,0.00045100160998811387,0.0023890170193490087,1.9285578178220574e-05,0.00014359985222226013,2.0435854277448443e-05,0.0017399748657096793,0.000630182204649665,0.7353402979067659,0.00032404556327610113,6.71305271146445e-05,2.5846528531146752e-05,2.977078768250074e-07,4.315605228680915e-05,0.016742149493099382,0.00019675131596840582,6.562199149974741e-07,4.285177257526788e-08,0.22414691915137758,2.0610941051957847e-07,7.314449301168683e-05,1.6677397739769403e-05,2.2980071613032392e-07,1.1546466596058089e-05,0.016337207725601054
43,9.509202770095034e-05,4.138438158458971e-05,7.893854529830329e-05,1.2225780222302524e-06,2.589719148132671e-05,6.825880705302105e-06,0.00013648677885766676,0.0011582882299263227,0.2979863750738063,0.0004234154935074132,4.362880959813913e-06,2.2307818599194473e-06,2.5789224239731715e-09,1.7535459267407995e-06,0.026003594914969733,0.0005621622262385204,3.7689759977071117e-07,2.1588890155984896e-09,0.6709116354731268,4.2254409729329815e-08,0.0001520771287867175,4.862418337234823e-05,5.914941179096313e-08,7.180766976005996e-07,0.0023584315679386065
44,0.000444138591201152,8.673719237042278e-05,0.0003518631709078363,1.741281671480629e-06,2.4276513419806716e-05,4.5070319483436096e-06,0.0004540298152836392,0.0009467434460184414,0.40409899406968464,0.00015058344647363522,1.1987774070230573e-05,7.521596862017218e-06,1.307489128391868e-08,4.657659255061435e-06,0.028950360141629536,0.0003257359529253139,6.440734275083996e-07,3.879086022719716e-09,0.5595983611968706,7.87774305337709e-08,7.327312029278208e-05,4.198815587568388e-05,6.884781028421896e-08,1.85118020369729e-06,0.0044198400103902585
45,0.00045853829979772834,9.125073029311291e-05,0.0003533758667328955,1.8510744385176519e-06,2.4703218510026327e-05,4.733158067684157e-06,0.00045931104872704134,0.0009522222275711843,0.3996276302738431,0.00015757342543897703,1.2436746905867957e-05,7.839878150676693e-06,1.3206769842985749e-08,4.899519418742461e-06,0.02876905761691967,0.0003319881595231343,6.630056405448044e-07,4.272995643679435e-09,0.5639175902016258,8.157359485712104e-08,7.857373052898565e-05,4.38261432688067e-05,7.257159903405088e-08,1.8699373993598256e-06,0.004699894112238902
46,0.0018856814007563265,0.00016491239479193913,0.0005669468661456357,3.377081212624017e-06,4.049240712686607e-05,1.1889201659089444e-06,0.0003537245631925769,0.0053915692464440055,0.21779034699079924,0.00016059629595422152,1.5603162240122293e-05,4.124766210650712e-05,3.525026453084628e-08,3.0008583761081586e-06,0.04274335693797406,0.0002450267069140551,2.345480675737247e-05,1.3440625361459208e-08,0.7209012849475426,1.1792303227145846e-07,0.00017322104473601224,0.00018627991176724327,1.8057415448719656e-07,1.5748804270347236e-05,0.009292591802649618
47,0.0003250152160814145,8.377724034661694e-05,0.00033802494767600833,1.8762066285985637e-06,2.677403868161739e-05,4.493208706054669e-06,0.00041510781823569454,0.0009087328617769561,0.43099924115239097,0.00015791495938522837,1.1483825150748505e-05,5.8798026422934445e-06,1.2897736719482904e-08,4.544596412053112e-06,0.027740225196017862,0.0002942803351258031,5.252001656161677e-07,3.249434066911671e-09,0.5345189486893684,7.248536171901178e-08,6.954054747145663e-05,3.317127544148886e-05,6.500147977619904e-08,1.7256475708530384e-06,0.004058563600711822
48,0.00041408384753505737,0.00010458444533381296,0.00021617074821251287,1.3793739895249354e-06,1.9053604615880605e-05,2.163903560534027e-06,0.0003870042194758832,0.0012570043370656308,0.272323909169499,0.00015892204277462334,7.085533799201714e-06,5.7132211090949744e-06,1.296950976243877e-08,3.2749431521907688e-06,0.02805244897217009,0.0002693913171318891,1.0603212273891126e-06,3.023340634208241e-09,0.6930475512083559,6.245338491132718e-08,6.239191013633105e-05,5.8840986887786016e-05,6.479709196752747e-08,2.1815127639570236e-06,0.003605641137876313
49,0.0004999407454192207,7.861909908581601e-05,0.0004927240820296705,1.9098668873859277e-06,3.73197655573786e-05,8.695871005574834e-06,0.0004268013507556658,0.0009306544687358822,0.40579019188769533,0.0001541918269926305,1.809714782578432e-05,1.7198818296153077e-05,1.623191747124568e-08,7.694208813587254e-06,0.030347391437533226,0.00044210895979115083,7.791690683479853e-07,6.2383549591054015e-09,0.5565653482971635,1.1975000185561149e-07,9.720201106199263e-05,7.4762157213104e-05,9.390109997263632e-08,1.5091696359722108e-06,0.004006623538058244
50,0.00015838396743812113,4.815776939505381e-05,0.00014876070855503385,8.735632282525637e-07,9.257100537661168e-06,2.407935637085558e-06,0.00045936161029033263,0.000545601273620519,0.35386587614055404,0.0002023381569190787,2.2339600953357057e-06,1.3134979759027274e-06,6.074049826172159e-09,3.2898041543662357e-06,0.01087623492442608,0.00036020946710536844,9.42702010888223e-08,8.726951338697832e-10,0.6311063362743712,4.78470902041798e-08,2.540346748127457e-05,2.0709755813515128e-05,2.065695488652948e-08,5.324642254027832e-07,0.0021625484371853732
51,0.00045103866581174543,0.0001054664182149598,0.00035639204394195145,2.2088256329817435e-06,2.416551445626404e-05,4.750536204887161e-06,0.0005389875193775572,0.001122418170762895,0.4066904672811685,0.00018483655913514434,1.4523541859005385e-05,8.324794000761702e-06,1.519394465144446e-08,5.340804196909792e-06,0.02426694558039226,0.0002786768693358887,6.636897972134244e-07,5.9227936180103746e-09,0.561479903200414,9.470170312925112e-08,9.039918910633806e-05,5.185183858449352e-05,6.928189438403562e-08,1.989876805077254e-06,0.004320463980465409
52,0.0005322063781155783,9.556573537499e-05,0.00035355449284887733,1.9376654247304868e-06,2.4048627098234083e-05,7.804674459409783e-06,0.0005810490932739733,0.0009033932426079153,0.4493119158036884,0.0001770249214060391,1.6948108789987545e-05,8.235000608355692e-06,1.496959835922121e-08,5.313728410901413e-06,0.03109484809420573,0.0003968458735392733,6.084116630297192e-07,6.41965286907687e-09,0.5119225357202825,1.0759613404110172e-07,8.297469139913754e-05,5.1314931730446415e-05,9.074352613509089e-08,1.9576228725616346e-06,0.004429697453288672
53,0.0007380196953090979,7.499324585092496e-05,0.000318247471149906,1.7547709360276642e-06,6.077989467560351e-06,8.36055620086647e-06,0.0025225173205946495,0.0007140024083003541,0.5412133981599188,0.00012092338983518728,2.6621871877500296e-05,3.7217158546188025e-06,1.1839350280251136e-08,3.657350103576802e-06,0.05574681107115807,0.0007933223227950399,3.4244716791798614e-07,4.688217157005671e-09,0.3922516659812181,2.1976499599000498e-07,5.5089578985329936e-05,3.109860478762291e-05,1.8969693639489869e-07,2.336011425005794e-06,0.005366612047564175
54,0.0006056551376052015,0.00011757537324349325,0.00029953334058991006,1.3973114371190029e-06,9.089391180033196e-06,5.3236410647744744e-06,0.000921924492595116,0.0003975597260428819,0.4196019570366845,0.0001985069650488804,5.2668055583331e-06,4.9524986031625386e-06,1.10817562269409e-08,8.403730983199664e-06,0.030980968475943588,0.0006725908997498188,2.1112268701281593e-07,2.3742548621235065e-09,0.5363225163523448,9.483206710215476e-08,4.884433623050499e-05,3.962386719515739e-05,6.638598170825017e-08,9.438721605218225e-07,0.009756980948992054
55,0.0006239661089157507,8.51779511838023e-05,0.0005183524929435742,1.8809034841417889e-06,1.6704134422955278e-05,2.9708244647702166e-06,0.0004612739031925991,0.000957269031845473,0.5697963020343332,0.00011632791796578857,1.2097717943139012e-05,1.0846979888063547e-05,2.1109566763347934e-08,3.6632346885899965e-06,0.016307369845536424,0.00015988633852442253,6.214833863280899e-07,5.245352283372071e-09,0.40521225990688864,9.68700363372309e-08,4.578989372784122e-05,3.0336191985405278e-05,3.306606293492953e-08,2.1875695016488148e-06,0.005634559244159112
56,0.0004426595557693207,9.420558149019138e-05,0.00038091282647242073,1.811121546853904e-06,2.5499426727329732e-05,4.38701499750627e-06,0.0004613426660694341,0.0009698298182599117,0.4242800086416535,0.00015300104353668545,1.2229949368392385e-05,7.637698529512297e-06,1.6244398627971924e-08,4.794219582301097e-06,0.027983766130723495,0.0003028276774711163,6.832394917170025e-07,4.037599097342099e-09,0.5405471884955734,8.571750600546544e-08,6.789183965532925e-05,4.1958575259707756e-05,6.66300607111149e-08,2.0469662648652133e-06,0.004215144881992576
57,0.00016019827150505427,3.8625794084477695e-05,0.0003473014749777021,1.0369604065063645e-06,2.9358708181242932e-05,1.4411273717379693e-06,9.881305612042895e-05,0.001080529537809086,0.34014326816721824,0.0001269630656497016,3.271408250723997e-06,9.44657219484104e-06,8.253819952456121e-09,2.984557566545737e-06,0.012716994158109481,0.0001957289091444107,6.956489470880317e-07,1.2200321997441872e-09,0.6422251446328292,4.6062038816300797e-08,5.819321976433056e-05,4.029096468175976e-05,1.796131912378952e-08,7.618263067240861e-07,0.002718878441670625
58,0.0005213108673068985,0.00010675616462059718,0.00041248349578211594,1.9273305846946104e-06,2.7263077850117157e-05,3.891703272623022e-06,0.0005008942466600591,0.0012193282812333276,0.40766179550917137,0.00016918170742872112,1.2712251591416216e-05,8.37947432427087e-06,1.6971415318080612e-08,4.422222160976157e-06,0.031068155292357857,0.0003148819879583561,9.76381172198177e-07,4.710416858412811e-09,0.5530970726017983,8.639174622173598e-08,7.836722505147172e-05,4.910042155982166e-05,7.874144674065578e-08,2.958375585233726e-06,0.00473795456750437
59,0.0005882965066233322,0.0001059485410085414,0.0005456938281882109,2.0894513466346796e-06,2.9683787461036204e-05,3.7342561902756564e-06,0.0005455836569297465,0.0013554389890890234,0.4408335262004846,0.00016823367935872628,1.3475494289091806e-05,9.442016907022508e-06,1.9017596271178805e-08,4.530867967784092e-06,0.03057596471671431,0.00032665052188493365,1.0743234709092033e-06,5.089092255233307e-09,0.5196612808941672,9.600877177919684e-08,8.020873399123955e-05,4.585966743808723e-05,7.697527922336025e-08,3.729386893123217e-06,0.0050993573888566375
60,0.000444138591201152,8.673719237042278e-05,0.0003518631709078363,1.741281671480629e-06,2.4276513419806716e-05,4.5070319483436096e-06,0.0004540298152836392,0.0009467434460184414,0.40409899406968464,0.00015058344647363522,1.1987774070230573e-05,7.521596862017218e-06,1.307489128391868e-08,4.657659255061435e-06,0.028950360141629536,0.0003257359529253139,6.440734275083996e-07,3.879086022719716e-09,0.5595983611968706,7.87774305337709e-08,7.327312029278208e-05,4.198815587568388e-05,6.884781028421896e-08,1.85118020369729e-06,0.0044198400103902585
61,0.0005083846998417728,9.67910707341869e-05,0.0005340720068411509,1.8825895503713536e-06,2.9205451697822462e-05,3.7036955997427658e-06,0.00047373978013222004,0.0011430715994755131,0.442869584108346,0.00014520074735538906,1.3206561588723225e-05,9.274892076427552e-06,1.707565033852355e-08,4.688268109336539e-06,0.028868281972373164,0.0002952455056804696,8.863616763636392e-07,4.206434223097431e-09,0.5201935304020967,8.756270128842686e-08,7.331092365718839e-05,4.210965950125035e-05,6.413163832883818e-08,2.7999275984914862e-06,0.004690856799643543
62,0.000444138591201152,8.673719237042278e-05,0.0003518631709078363,1.741281671480629e-06,2.4276513419806716e-05,4.5070319483436096e-06,0.0004540298152836392,0.0009467434460184414,0.40409899406968464,0.00015058344647363522,1.1987774070230573e-05,7.521596862017218e-06,1.307489128391868e-08,4.657659255061435e-06,0.028950360141629536,0.0003257359529253139,6.440734275083996e-07,3.879086022719716e-09,0.5595983611968706,7.87774305337709e-08,7.327312029278208e-05,4.198815587568388e-05,6.884781028421896e-08,1.85118020369729e-06,0.0044198400103902585
63,0.0004592660025205977,0.0001052405716544089,0.00034614568225195975,1.6878156529793859e-06,2.2316387426363578e-05,4.174138293071119e-06,0.00046736913441275613,0.000940840425862905,0.42295140314043544,0.00015205250662572356,1.2177236984867872e-05,6.7967374724909725e-06,1.4389963485856492e-08,4.358781345912729e-06,0.03012739204834959,0.00028598533416558365,6.839379348734139e-07,4.084004860577727e-09,0.5394498412790484,8.106468803313094e-08,6.863086598879783e-05,4.47079502600514e-05,6.50645522696501e-08,2.0791382792238685e-06,0.00454668628182545
64,0.000409324022371632,7.914409674553256e-05,0.0003035976474677552,1.8625248401242789e-06,2.5004263292240444e-05,4.324870082161142e-06,0.0003901984460704619,0.0010777955178544439,0.3441701128295419,0.00015939144762391606,1.271496675459223e-05,7.991010928416626e-06,9.175886061583086e-09,4.307020500210094e-06,0.030296687224622264,0.00034495788792194204,7.409568677240484e-07,4.260986874834125e-09,0.6177927294101953,6.958637824565658e-08,0.00012015048489431728,4.325414420047508e-05,7.481317397552994e-08,1.7718985649259758e-06,0.004753781492234581
65,0.0003562447568295971,3.601028987206582e-05,0.0003347808680795311,6.8641225703245716e-06,0.00023187317477095054,0.00010432486057726513,0.0002147262714784631,0.000570748070249681,0.10769234840805997,0.00043456307370698963,3.0390928369623342e-05,8.760472361521602e-05,8.296319338490187e-09,5.78675714147172e-05,0.019461554845816117,0.002750872264653621,5.470007831053876e-07,2.6668091383378666e-08,0.8612901656530498,1.238516962959603e-07,0.0009108938733101577,9.497991236303976e-05,5.312420750960127e-07,3.5813291471074643e-07,0.005331591139332933
66,0.0003433817826015473,6.529745795363614e-05,0.0003211342777232818,1.532933914099625e-06,2.1031202293195696e-05,4.261806363207136e-06,0.00040620805665655664,0.0008333875037136851,0.41446469852340084,0.0001516258558101989,8.949517090135388e-06,6.187046907232844e-06,1.173833588367879e-08,4.249389894216096e-06,0.021449468853129,0.0003366984220758838,4.2390793227197916e-07,2.8120719190815545e-09,0.5579022884425767,7.713477432900392e-08,5.7962549293160414e-05,3.23795583738881e-05,4.894541533310733e-08,1.2797502434489425e-06,0.0035874125314565523
67,0.0010790549170103284,0.00010612239567627858,0.0008258029884967179,5.3291967543571765e-06,5.326696120989305e-05,4.378461723283456e-05,0.0016990807369119802,0.0006333752241287317,0.2825711965722148,0.00021115884693521892,4.398126739409506e-05,3.576572519879596e-05,2.992636004117475e-08,3.869436187984686e-05,0.08901116507952506,0.0035610398919598417,8.871499950479679e-07,1.28563853055806e-08,0.6078761616443241,4.317344617326164e-07,0.0002088898409112627,8.495119705647531e-05,1.1947009062944563e-06,2.0066273324226953e-06,0.01190661553973863
68,0.0002455145415684027,6.472233499089847e-05,0.0003188115727350698,1.149785842972958e-06,2.233559692809868e-05,2.3426562925521476e-06,0.0003011973239996824,0.000796622470525903,0.4122892122226089,0.0001232955027750379,5.856233678763654e-06,4.325384270568531e-06,1.0908893987723675e-08,3.5951808029098243e-06,0.020527775138039016,0.00022585204454504538,3.804227031646363e-07,1.4635615267186147e-09,0.5621809387783487,4.850652454565707e-08,4.093512736644501e-05,2.641934313232379e-05,3.031825705083134e-08,1.2399135721454138e-06,0.002817387228036079
69,0.00042378483159673523,8.50337966577233e-05,0.00039068523619608384,2.080039383529868e-06,2.081617358777951e-05,3.4820410367645862e-06,0.0004676960167800009,0.0011650529983384926,0.430978791137231,0.00017505983389074626,1.007063832567343e-05,6.690432916062834e-06,1.3603449101234342e-08,3.7229297305208685e-06,0.025641457405092768,0.00034048095106765713,6.99838963751923e-07,3.718600938430382e-09,0.5346986950894521,9.699265487672344e-08,7.439906932620171e-05,3.364255217157168e-05,6.288314910035122e-08,2.275669196843165e-06,0.005475206121204019
70,0.00042529067534362406,8.652943965384474e-05,0.00032778849600922217,1.6991368800605319e-06,2.3608434424367944e-05,4.221612917091801e-06,0.0004416415738002492,0.0009894055193158092,0.40037427957860217,0.00015139042031767314,1.173550368482084e-05,6.9725419082144126e-06,1.2696056858647729e-08,4.1986720775911786e-06,0.028940405980376466,0.00030995777319714295,6.575184287986819e-07,3.7636298803613345e-09,0.5635660882527865,7.575702694714852e-08,7.201812743631809e-05,4.125513255271539e-05,6.69405990289561e-08,1.9042741147099424e-06,0.004218792178860037
71,0.0005019761842395621,8.526003887117496e-05,0.0003572526210435449,1.8066871077944122e-06,2.2677346738598472e-05,4.529830820072463e-06,0.0005133834765616982,0.0010027129744042411,0.3914048998887641,0.00014621604524079902,1.301692796939864e-05,8.09103464261662e-06,1.3298414537028605e-08,4.6891401787238985e-06,0.029773488318770424,0.00035329383922290007,6.96021005346326e-07,4.254869296851614e-09,0.5711249808773406,8.669102476366526e-08,7.716144794695012e-05,4.3359440469761016e-05,7.686456397199863e-08,1.9739511499103197e-06,0.004558352798639217
