,0,1,2,3,4,5,6,7,8,9,10,11,12,13,14,15,16,17,18,19,20,21,22,23,24
0,9.169659493233759e-06,9.292907057040654e-05,0.00023124864867212096,9.453197530205516e-05,1.5131609962980217e-05,1.2260142925326513e-05,2.109078419126942e-05,7.33664806510415e-06,0.9813861704812485,0.007118166368131359,1.937206613449871e-06,6.085000172765769e-06,6.306958818943957e-05,0.0026550090345721,2.0906615241690475e-05,0.000718846419985884,2.5360081158458685e-07,8.175775788565148e-05,0.0004250282299422452,9.462608829279298e-06,8.922256297707186e-06,1.534091010011544e-05,1.3978833092616904e-05,0.006199895342622309,0.0007914712070805592
1,0.0020389763554882704,0.01584934960359558,0.0002643230847576015,0.0021169265752197497,0.0009234147103046301,6.890119014661018e-05,6.792390321342944e-05,0.0001057926748983852,0.8897558262384723,0.0019686503472671874,0.0019288299916455987,0.001572123829340004,0.00038360627991727603,0.04620217536366269,0.00216075155667731,0.00023718313885947947,8.579209092061423e-05,9.438164334041155e-05,0.0006158481813565623,5.718667247369475e-06,2.1765006833158577e-05,0.005573748401744247,8.750457902470392e-05,0.007140852022281085,0.02072963456378568
2,4.358832888127299e-06,5.569460109694954e-05,0.00013970504159979582,4.999521982140246e-05,1.114778399841472e-05,7.865664051855938e-06,1.2376504347218956e-05,5.042044298477932e-06,0.985852895847856,0.0057741734908965175,1.259535061421087e-06,3.6250643250787693e-06,3.394055468807963e-05,0.0028498692532839052,1.6440737207873508e-05,0.00038246269967056164,1.0358402263283235e-07,5.056149804671668e-05,0.00023624799921799633,7.903112241044315e-06,5.379198819314879e-06,1.055754767212128e-05,8.374397627005522e-06,0.0038139511293616285,0.0006660686579001548
3,7.1046947734701324e-06,7.287538526590046e-05,0.0001743203190216027,7.366091004816338e-05,1.1664020602091416e-05,1.1388532689012861e-05,1.670587704066045e-05,6.1190312757897424e-06,0.9840401448104343,0.006690271260702931,1.60480258436567e-06,4.382926554942163e-06,5.104019804236981e-05,0.0024027646944998786,1.8356394394604525e-05,0.000525265260863091,1.6474339707904955e-07,7.018562169732287e-05,0.0003743323863798482,8.008769833849718e-06,7.054063840050198e-06,1.395696139381079e-05,1.1253801378482081e-05,0.004757729893295807,0.0006496446399905815
4,7.464103254548032e-06,7.986554564759607e-05,0.0001933734693895657,7.465279848516314e-05,1.2188607235608446e-05,9.72630752407896e-06,1.6951595201943834e-05,6.4575870167051136e-06,0.9830684987902139,0.0068816153178775765,1.7065571893510015e-06,4.600093179566168e-06,6.154054139022961e-05,0.002925867419704772,1.6520843933368312e-05,0.00048687524242775994,1.665582333134072e-07,7.838479277264407e-05,0.00037293232185441224,9.071848357203778e-06,8.231648398118325e-06,1.5216847543689324e-05,1.0761373172936536e-05,0.005019559747530409,0.0006377700424656148
5,6.930022338945793e-06,7.010625213766687e-05,0.00019053268192753276,9.076620814014366e-05,1.2232954289525943e-05,1.0981552085117025e-05,1.5723145128880605e-05,5.790612694288531e-06,0.9822118967103004,0.007694709830530673,1.4487121503939368e-06,3.64626361478092e-06,5.5200264683930806e-05,0.0026048377507866477,1.526228543907083e-05,0.0004932208354159303,1.5531455280932121e-07,9.607954989151969e-05,0.0003820303675836018,9.495842261068758e-06,7.824261922953377e-06,1.129966308384404e-05,1.3925688101546091e-05,0.0054675767018177845,0.0005283265291210608
6,7.1046947734701324e-06,7.287538526590046e-05,0.0001743203190216027,7.366091004816338e-05,1.1664020602091416e-05,1.1388532689012861e-05,1.670587704066045e-05,6.1190312757897424e-06,0.9840401448104343,0.006690271260702931,1.60480258436567e-06,4.382926554942163e-06,5.104019804236981e-05,0.0024027646944998786,1.8356394394604525e-05,0.000525265260863091,1.6474339707904955e-07,7.018562169732287e-05,0.0003743323863798482,8.008769833849718e-06,7.054063840050198e-06,1.395696139381079e-05,1.1253801378482081e-05,0.004757729893295807,0.0006496446399905815
7,3.0293357337579566e-05,0.00011367959910925334,0.00036663111516986325,0.00011641482789196747,1.3321593265808123e-05,1.606230330496523e-05,3.406263445883003e-05,1.3598521853383454e-05,0.9804869970093889,0.008372540106011392,4.626075161376146e-06,6.341667399647416e-06,0.00023332192315120577,0.002420411152373475,2.633657511294013e-05,0.0006613187650821816,2.592333792141156e-07,0.00016689054482451037,0.0008597584286020315,1.3033082405766388e-05,1.4966085341549446e-05,3.909657061747155e-05,1.0364064917510211e-05,0.005443456426403066,0.0005362183374359147
8,6.626615657135866e-06,7.106666497238731e-05,0.00010962353836057891,6.76036056804721e-05,1.0460283542251945e-05,1.4022902993750354e-05,2.6052208727848493e-05,9.11418352201436e-06,0.9872185136367396,0.005771617165766611,2.1616484386403738e-06,4.4121913725496485e-06,5.7330438884701586e-05,0.0020163203909262257,2.3196434864266236e-05,0.0004986943990756503,1.4106941158927917e-07,7.998326906901496e-05,0.0006722533629096825,6.883244059286801e-06,8.432856410257984e-06,2.183219545161103e-05,8.41359536578708e-06,0.002770853050119194,0.0005243910476788389
9,9.676893032805386e-06,6.0849405669439196e-05,0.00010591475807276346,7.104474737088776e-05,1.2722840679707893e-05,1.5760404746400893e-05,2.7481931132421902e-05,7.641199133656266e-06,0.9894119575088925,0.004003725756725182,2.6134380135447273e-06,5.076714621978592e-06,5.813946688445674e-05,0.0015724834732771117,2.4639241584059197e-05,0.00039938716292682493,1.4753345279418783e-07,7.163208909152654e-05,0.0005614933617425995,5.48013425313011e-06,7.3711448461244155e-06,2.2539922454028055e-05,9.114066634552017e-06,0.0030245998341422984,0.0005085069706191799
10,7.1046947734701324e-06,7.287538526590046e-05,0.0001743203190216027,7.366091004816338e-05,1.1664020602091416e-05,1.1388532689012861e-05,1.670587704066045e-05,6.1190312757897424e-06,0.9840401448104343,0.006690271260702931,1.60480258436567e-06,4.382926554942163e-06,5.104019804236981e-05,0.0024027646944998786,1.8356394394604525e-05,0.000525265260863091,1.6474339707904955e-07,7.018562169732287e-05,0.0003743323863798482,8.008769833849718e-06,7.054063840050198e-06,1.395696139381079e-05,1.1253801378482081e-05,0.004757729893295807,0.0006496446399905815
11,8.102588428654872e-06,7.53436524707442e-05,0.0001882526550515583,7.655695567907126e-05,1.2237750432083382e-05,1.0773639941642875e-05,1.824167220199946e-05,6.324204963108109e-06,0.9836322387915256,0.00637178868427727,1.745587185512337e-06,4.875000837080356e-06,6.223834525726243e-05,0.002461956544423044,1.8194147728463033e-05,0.0005380370267027913,1.7163725244842361e-07,7.498060632385525e-05,0.000389450693174635,8.766288250058063e-06,7.707035466019767e-06,1.5314510685068424e-05,1.1093194844029832e-05,0.0053513492703094285,0.0006542595165881891
12,2.984562197039022e-06,2.5536785114997663e-05,0.00018684750317674937,1.7736234915219575e-05,3.8451648897763405e-05,7.632802695149885e-06,6.183498395288669e-06,1.6142700116685162e-06,0.9853103919891063,0.0034990957753748596,1.233116388252603e-06,2.5401646452874955e-06,1.192588217825889e-05,0.0038182789436073334,6.113712807703405e-06,0.0001363674794972505,1.3329214215158296e-07,2.801306481117533e-05,3.917933467865471e-05,8.921000432826231e-06,5.962396479660287e-06,4.589353849787399e-06,1.3786508525854282e-05,0.005941390739210193,0.0008850899408604158
13,1.0509018553805259e-05,9.368640708956343e-05,0.0001802233092948021,6.328775298992836e-05,1.6365463200959126e-05,7.872025625886123e-06,1.8494493392808122e-05,1.006036208766595e-05,0.9850022189239851,0.004532566470537952,3.7066360041276156e-06,8.70154938940508e-06,6.448860651366303e-05,0.004163835188399739,2.443653069531767e-05,0.0004034463336106441,1.902239082901359e-07,6.715306209486114e-05,0.00033620255059213196,7.999665770955797e-06,8.815848578987868e-06,2.6206582049608648e-05,7.574221240371375e-06,0.003993206090104119,0.0009487526842893485
14,7.251696876321454e-06,0.00011017543941986658,0.00017355396914155264,9.051102464385743e-05,1.5226500361650411e-05,1.0612787231519714e-05,1.7007622775681436e-05,5.883453217194885e-06,0.9813141913824702,0.00817783546805517,1.934821972569297e-06,3.9535846069560656e-06,6.682634395959831e-05,0.00276290131279654,1.8090571394569573e-05,0.0004725572043440884,1.9409069812511765e-07,8.45912140655758e-05,0.0005577792558238057,8.558205891093093e-06,1.0226382524610268e-05,1.662619470077634e-05,1.1833647409421828e-05,0.0054668420565629735,0.0005948357690563947
15,7.1046947734701324e-06,7.287538526590046e-05,0.0001743203190216027,7.366091004816338e-05,1.1664020602091416e-05,1.1388532689012861e-05,1.670587704066045e-05,6.1190312757897424e-06,0.9840401448104343,0.006690271260702931,1.60480258436567e-06,4.382926554942163e-06,5.104019804236981e-05,0.0024027646944998786,1.8356394394604525e-05,0.000525265260863091,1.6474339707904955e-07,7.018562169732287e-05,0.0003743323863798482,8.008769833849718e-06,7.054063840050198e-06,1.395696139381079e-05,1.1253801378482081e-05,0.004757729893295807,0.0006496446399905815
16,8.242172911801161e-06,9.126652290050759e-05,0.00011133780432579989,7.155138437335126e-05,1.16795423536455e-05,9.901796702730584e-06,1.9730895050568488e-05,9.143212263699575e-06,0.9864759470239485,0.0050558931724976304,2.5347393575958136e-06,8.089972177557183e-06,5.2477949654068795e-05,0.0030011846789018857,2.802928551696198e-05,0.00048197871278912296,1.5759963033941033e-07,6.746771182985497e-05,0.00048226935279082163,5.888659052113094e-06,6.474033628568958e-06,2.6479649313052048e-05,7.380697788959339e-06,0.00314978033468035,0.0008151130955605084
17,7.502328085368644e-06,6.928142843268003e-05,0.0001722129692275025,6.579706626216028e-05,1.3466943778467528e-05,9.780588250183217e-06,1.7453509269583858e-05,5.636796028295874e-06,0.985191484956733,0.005286512183173782,1.764900983422555e-06,4.825553177068453e-06,5.2469325640000996e-05,0.0025905060776347335,1.4931459712376954e-05,0.0004164921597824205,1.6257981161293442e-07,6.89329262383366e-05,0.0003163946508845721,7.544338000946339e-06,7.715227140059882e-06,1.403495291495312e-05,1.083806125276955e-05,0.00501954056491966,0.0006347184526658385
18,4.487916830822992e-06,6.609756385224136e-05,0.00019414953815518975,3.7859288672299306e-05,1.125063879296501e-05,8.096792504173324e-06,1.672929604755603e-05,4.513190471304648e-06,0.9812971103172752,0.005888072304020693,1.2681144337485212e-06,5.997438609911433e-06,3.3176485028389355e-05,0.0035562644660300244,1.604967301326764e-05,0.000697231512375413,1.9947162323757676e-07,5.23328976873389e-05,0.00028353130779908283,8.376623538616383e-06,8.890402217236533e-06,1.0546931011857677e-05,1.2429518419905177e-05,0.006451134837259224,0.0013342034743303872
19,4.212377061575601e-06,7.269663087452849e-05,0.00012376872105194142,8.198698388815234e-05,1.0137895770801101e-05,1.1664134714533495e-05,1.2070666670894863e-05,4.342897807704099e-06,0.9852182171718205,0.007409450163420377,8.489296372074123e-07,3.7578331247038096e-06,3.721254663916948e-05,0.0019376017539188344,1.7518580336173208e-05,0.00045224617341647005,1.2028836578596362e-07,3.9337118152013705e-05,0.00026161891207077587,6.641167659835443e-06,3.471443187424409e-06,1.2422030127471561e-05,8.167002480871282e-06,0.003731131776177589,0.0005393568016243803
20,6.436628055785128e-06,8.161940190030753e-05,0.00011538509211286354,6.653898252976208e-05,1.0124156656551965e-05,9.967505021896065e-06,1.4121699024352681e-05,7.708059184482815e-06,0.9859688768549745,0.0066794428573696465,1.9958264684465646e-06,3.6052793247497232e-06,6.0630470580380334e-05,0.0028562843341388756,2.0344042976313785e-05,0.00031182566288881323,1.1338058235893146e-07,6.253071955829854e-05,0.0004069558586889915,7.81180151735455e-06,6.297490124899952e-06,2.5146922104313176e-05,6.5939860060669285e-06,0.002777937663656277,0.0004917053245537435
21,6.733186206322161e-06,7.092898243872453e-05,0.000160280859654068,7.26132625632834e-05,1.1435458685788887e-05,1.183342294575074e-05,1.6405648494130594e-05,5.915913104885357e-06,0.9846082200919686,0.006603224534302993,1.568316536290627e-06,4.096484330249401e-06,4.842022363182364e-05,0.0022629543250422706,1.8820064787497262e-05,0.000499177969877676,1.5684514915584055e-07,6.645183248805856e-05,0.0003812031701525234,7.613397936991578e-06,6.725558369671492e-06,1.3986573653792306e-05,1.1036012660545578e-05,0.0044839013316634565,0.0006262965333556013
22,1.7947262293400513e-05,0.00015608201935399222,0.0004880959708449067,0.0001397961082379513,1.7713050982284388e-05,2.0677032382329862e-05,2.1453835681039084e-05,1.6835885419948847e-05,0.9673900470574969,0.017770520645955478,3.504535576455398e-06,5.935939106579517e-06,0.00010549900203486928,0.004831337890566935,2.290982170174956e-05,0.00096848514985865,5.67820150653537e-07,0.00020266057973017515,0.0006863151759218029,1.6652355135119787e-05,1.998475336674736e-05,2.7978053633061007e-05,2.4003197836360867e-05,0.006224779346928546,0.0008202175098040534
23,7.1046947734701324e-06,7.287538526590046e-05,0.0001743203190216027,7.366091004816338e-05,1.1664020602091416e-05,1.1388532689012861e-05,1.670587704066045e-05,6.1190312757897424e-06,0.9840401448104343,0.006690271260702931,1.60480258436567e-06,4.382926554942163e-06,5.104019804236981e-05,0.0024027646944998786,1.8356394394604525e-05,0.000525265260863091,1.6474339707904955e-07,7.018562169732287e-05,0.0003743323863798482,8.008769833849718e-06,7.054063840050198e-06,1.395696139381079e-05,1.1253801378482081e-05,0.004757729893295807,0.0006496446399905815
24,5.8456467890246705e-06,0.0001291519288283389,0.00015906186786381415,0.00013544192385308342,1.2157937547674755e-05,1.0400576072664594e-05,1.6797633426548286e-05,7.2366226597840565e-06,0.9791813896123328,0.010274477485786589,1.390492393590283e-06,4.0747402798998135e-06,5.784188678138753e-05,0.003218267005987995,2.0403370630207647e-05,0.0005903232023289628,2.0970249512558015e-07,9.343415248904063e-05,0.0006241019072131132,8.403541874246627e-06,8.62015262637416e-06,1.543420094023836e-05,1.3973208754339044e-05,0.0048305482097562875,0.0005810129902888329
25,1.2155979987213579e-05,7.462704102744255e-05,0.0002416435475883071,7.930649095339705e-05,2.4023141806077172e-05,1.0904557381596047e-05,3.7137952575109165e-05,2.3183613128551834e-05,0.983368621063429,0.0050121550087825935,5.240619897566988e-06,1.0199545627566803e-05,8.332439601216405e-05,0.0047782722981507585,1.727523355117634e-05,0.0005864539750380823,2.5781169974202026e-07,0.00017198512512724623,0.0004430375994586213,1.4138513764568812e-05,1.779538468610942e-05,2.507245383674132e-05,1.21221372687241e-05,0.0041993465027260705,0.0007517200064956014
26,6.806050973467008e-06,3.691100707511355e-05,0.00025666718560076585,6.644052772374405e-05,1.2113311572314326e-05,8.141759533557505e-06,8.786148340334443e-06,2.169289399652075e-06,0.9817026936523326,0.005489150856976108,7.853716935003409e-07,2.09585858830315e-06,3.710509327999623e-05,0.0019400355817582274,5.898984422218674e-06,0.0002975368773307552,1.0949243919465073e-07,8.371869117119551e-05,0.0001375670623262981,8.178325711455784e-06,5.69150525994843e-06,3.884183416630277e-06,1.9575520599890675e-05,0.009485214369430514,0.0003827232930441533
27,3.9526928077038015e-06,4.004744135080571e-05,6.67625952609261e-05,4.147733682105716e-05,7.129644603205186e-06,9.528663577765274e-06,1.0449926690136132e-05,3.7617421128918793e-06,0.9910932274846651,0.00382884755015055,9.91413058837007e-07,2.762519501458316e-06,2.9215432245856594e-05,0.0012895283916461546,1.484230814004425e-05,0.00024804982265652355,5.462250204656181e-08,3.0989318648389905e-05,0.00023620735327964184,4.2316120347444264e-06,2.714653703519305e-06,1.3084039850547835e-05,4.986697720682234e-06,0.0026042455425306856,0.0004129111944407324
28,7.1046947734701324e-06,7.287538526590046e-05,0.0001743203190216027,7.366091004816338e-05,1.1664020602091416e-05,1.1388532689012861e-05,1.670587704066045e-05,6.1190312757897424e-06,0.9840401448104343,0.006690271260702931,1.60480258436567e-06,4.382926554942163e-06,5.104019804236981e-05,0.0024027646944998786,1.8356394394604525e-05,0.000525265260863091,1.6474339707904955e-07,7.018562169732287e-05,0.0003743323863798482,8.008769833849718e-06,7.054063840050198e-06,1.395696139381079e-05,1.1253801378482081e-05,0.004757729893295807,0.0006496446399905815
29,7.1046947734701324e-06,7.287538526590046e-05,0.0001743203190216027,7.366091004816338e-05,1.1664020602091416e-05,1.1388532689012861e-05,1.670587704066045e-05,6.1190312757897424e-06,0.9840401448104343,0.006690271260702931,1.60480258436567e-06,4.382926554942163e-06,5.104019804236981e-05,0.0024027646944998786,1.8356394394604525e-05,0.000525265260863091,1.6474339707904955e-07,7.018562169732287e-05,0.0003743323863798482,8.008769833849718e-06,7.054063840050198e-06,1.395696139381079e-05,1.1253801378482081e-05,0.004757729893295807,0.0006496446399905815
30,7.1046947734701324e-06,7.287538526590046e-05,0.0001743203190216027,7.366091004816338e-05,1.1664020602091416e-05,1.1388532689012861e-05,1.670587704066045e-05,6.1190312757897424e-06,0.9840401448104343,0.006690271260702931,1.60480258436567e-06,4.382926554942163e-06,5.104019804236981e-05,0.0024027646944998786,1.8356394394604525e-05,0.000525265260863091,1.6474339707904955e-07,7.018562169732287e-05,0.0003743323863798482,8.008769833849718e-06,7.054063840050198e-06,1.395696139381079e-05,1.1253801378482081e-05,0.004757729893295807,0.0006496446399905815
31,1.607298429706691e-05,0.00012118408223518731,0.0004957849759347625,0.0001063545990194095,1.2251250192159108e-05,1.2928527864852649e-05,2.50192882657831e-05,1.7930719377808353e-05,0.9728119044815421,0.012419916295963833,2.5068061474854742e-06,7.2739572062925196e-06,9.370756303944358e-05,0.004455666973852015,1.6756540923877346e-05,0.0012129672544393987,3.871961380652109e-07,0.00018737979392330708,0.000528128278113401,1.3952577486542716e-05,1.6636452228970015e-05,1.9341404131007423e-05,1.8015149307088807e-05,0.006508836409672454,0.0008790964386977806
32,6.936387646417902e-06,7.235286244163186e-05,0.00016342862090510914,7.960351561835222e-05,1.1914919214462558e-05,1.2146804552537511e-05,1.8592921974303073e-05,6.407185566512342e-06,0.9838699881481213,0.006880493665911551,1.6643670810273043e-06,4.170568218877788e-06,5.427197756317677e-05,0.002256168746397473,1.986874433569427e-05,0.0005519276272014588,1.668548330555606e-07,7.709748100238684e-05,0.0004821998319464979,8.106306490202228e-06,8.027372340726117e-06,1.4573957584991188e-05,1.1838344334480033e-05,0.004773282875992653,0.0006147699127248843
33,5.553688785099033e-05,0.0003514687220988773,0.0004361823441518602,0.00034776170524330286,2.7260654204284325e-05,1.8170219051430407e-05,8.418852385193869e-05,4.512087157485684e-05,0.966709138566974,0.00824765408605691,1.0784961535132959e-05,4.19182079189496e-05,0.00040856065579306507,0.004536341275624722,4.3946721697271527e-05,0.0027127043229726905,1.4870470258262278e-06,0.0003370515260891198,0.0020473039614845546,1.7350252195283894e-05,3.183446620077026e-05,0.00010340077873684742,2.0697152528939567e-05,0.012046862064405224,0.0013172740247332539
34,7.082493521631029e-06,7.301918814419418e-05,0.00017431513630058435,7.364825653542316e-05,1.1662308991544653e-05,1.1391776506787154e-05,1.669813855711432e-05,6.121029019364709e-06,0.984019413789704,0.006704677299596182,1.6018115992335989e-06,4.386411508883139e-06,5.096285998162368e-05,0.0024072799994031913,1.834330339789809e-05,0.0005262545937435278,1.6501676374096477e-07,7.011542626188713e-05,0.0003739887696646489,8.017498287156888e-06,7.0524398689154e-06,1.3954665716548206e-05,1.1259061147011482e-05,0.004757908166566455,0.0006506805592124142
35,7.390848468318021e-06,7.245203223583263e-05,0.00017229339194215187,7.377922768503149e-05,1.1209954921754542e-05,1.1585459139365266e-05,1.699411865578333e-05,6.325369670743493e-06,0.9841690108598257,0.006658999977852585,1.6095074511081098e-06,4.487136556712678e-06,5.23520999995919e-05,0.0023132674623374504,1.8125850846374046e-05,0.00054347041552772,1.6398183129617795e-07,7.2295743487514e-05,0.00038549757388529876,7.867909576231169e-06,6.946843895269829e-06,1.4437387116546627e-05,1.1024353648298878e-05,0.004731376038733391,0.0006370364547099368
36,5.593078575257027e-06,3.840031107308661e-05,0.0001871256019987678,5.155992031768605e-05,2.990836564682502e-05,1.0733877207347297e-05,1.3583144517937954e-05,1.609949917855228e-06,0.9821263590665528,0.0034813681008907353,1.9096458969130337e-06,2.2749482383524753e-06,3.5931444430805145e-05,0.0016018618445163824,1.5771899816280133e-05,0.00022680334939400998,1.1460924990337868e-07,4.6165286732210955e-05,0.0002514042130626087,7.953075854936088e-06,1.0415545734543225e-05,4.924539664335569e-06,1.908275886932474e-05,0.01114132987299413,0.000687815548846958
37,1.1234286588955564e-05,5.583025404937233e-05,0.00032042535327870457,5.188313921429435e-05,1.5311665237586296e-05,6.166541311192771e-06,1.7046262679313176e-05,3.3555767408259363e-06,0.9808775738016919,0.004154662240562541,1.5377602456497476e-06,5.613678531578169e-06,7.356612993512068e-05,0.0027164650441245837,8.070510638065514e-06,0.000402388172618065,1.5710378112339367e-07,8.156948248403812e-05,0.00018456538207965029,9.298215264995977e-06,8.843780473448138e-06,8.589755340896457e-06,1.191372793142909e-05,0.010306393212874944,0.0006675389223215987
38,1.243768269612281e-05,6.75798514791023e-05,0.0002438750433041936,0.00013261736765859107,9.118339881266023e-06,3.732269860299453e-05,4.517667914138073e-05,1.1546599377395038e-05,0.976817257679576,0.01141457540089873,1.876307220132134e-06,5.007795624825054e-06,9.957893463937012e-05,0.0012560400862694624,4.08718165663298e-05,0.001943479665476703,2.9673751494848264e-07,0.00015686998843780122,0.0013177075069975201,1.3796509569431318e-05,1.1293819090124806e-05,1.9699456405755022e-05,2.11648929323969e-05,0.0056771934833444795,0.0006436156572951501
39,1.6706730025424025e-05,8.378361449599479e-05,0.0003373668248788381,9.723524258522497e-05,1.3386384236478316e-05,3.070617246270463e-05,5.278686436589791e-05,2.5791203219152058e-05,0.9782402113073239,0.008501474942895744,3.2940770537374125e-06,1.2454944547840834e-05,9.99259595278663e-05,0.0021350921661395347,2.5638591049708976e-05,0.0021192434566199656,4.677475874788038e-07,0.00014985310507775797,0.0007921695100697542,1.396198771862398e-05,1.642220514074203e-05,3.176294918792768e-05,1.774654997193873e-05,0.006169822980056663,0.0010126944837610605
40,1.2768910489721187e-05,8.606696848630835e-05,0.00024661546769686956,5.323496657650468e-05,1.4493438118497646e-05,1.1643226348253419e-05,1.6596117839096494e-05,6.3791613828154985e-06,0.9859211637892844,0.004648176610735291,2.5898926198849012e-06,8.131309841215738e-06,5.9530956401357823e-05,0.00310320380456032,2.181548664138973e-05,0.0003820870114128675,2.0405086768719047e-07,4.345065142178252e-05,0.0001951985926257304,7.153890502401449e-06,6.37045920676616e-06,2.3393583163801846e-05,7.984973989760604e-06,0.004128711703714791,0.0009930349760723458
41,3.1339296286057472e-06,2.2448965377173423e-05,6.085729465730112e-05,7.360473842539659e-05,1.4010108063654792e-05,1.4167020966722128e-05,6.787439282740903e-06,1.745648752483167e-06,0.9926534099456064,0.003265058112288718,7.385028280054271e-07,1.7935520800497718e-06,1.2311609977733713e-05,0.000657637895330799,2.7406052342463447e-05,0.0001755359990779216,4.463075434759945e-08,1.756448452190909e-05,0.00014460225339717886,3.0516127672537266e-06,1.1292377554020819e-06,4.614323021535477e-06,7.135709036765249e-06,0.0024877059168033266,0.0003435050172560121
42,3.641690646514394e-06,2.9824020835466613e-05,0.0002492643513135928,4.435953356074285e-05,1.2933842409456702e-05,4.586365259388671e-06,6.525568238774992e-06,1.4671966030578508e-06,0.98164052652502,0.005119507073977713,7.34964236813295e-07,1.9139464603790277e-06,1.621948734964596e-05,0.004315811465062704,7.851907110011614e-06,0.00019372245262974235,7.461225249799163e-08,7.625011422118001e-05,9.127605434445766e-05,7.561191200762478e-06,6.004314311980141e-06,1.6502906738063085e-06,2.4471088714867307e-05,0.007486717041619467,0.0006571049019469367
43,3.5755724249403417e-06,4.880627743332697e-05,0.0001088899022981602,6.593996086425506e-05,7.369060140810298e-06,2.500484722235652e-05,1.1416986901775725e-05,7.0171629868483235e-06,0.9807032175067407,0.013554443123733351,9.717779947523077e-07,1.61511487927285e-06,3.307472377006757e-05,0.001441504245807692,2.298047452711446e-05,0.0005355859504993668,9.406939428777132e-08,5.871206709330257e-05,0.0005209630552354219,8.557935751327068e-06,5.126729538060364e-06,1.4804134734888339e-05,9.649458447940806e-06,0.002411289781672905,0.0003993900799072882
44,7.1046947734701324e-06,7.287538526590046e-05,0.0001743203190216027,7.366091004816338e-05,1.1664020602091416e-05,1.1388532689012861e-05,1.670587704066045e-05,6.1190312757897424e-06,0.9840401448104343,0.006690271260702931,1.60480258436567e-06,4.382926554942163e-06,5.104019804236981e-05,0.0024027646944998786,1.8356394394604525e-05,0.000525265260863091,1.6474339707904955e-07,7.018562169732287e-05,0.0003743323863798482,8.008769833849718e-06,7.054063840050198e-06,1.395696139381079e-05,1.1253801378482081e-05,0.004757729893295807,0.0006496446399905815
45,7.515218694171197e-06,8.652621478213663e-05,0.00020347415013218268,7.200385587448888e-05,1.1920073530499173e-05,1.0364293092645922e-05,1.530306438223336e-05,6.07338804235987e-06,0.9820999112549207,0.0074602904083086626,1.678809230623942e-06,4.548378349516507e-06,5.335196681896208e-05,0.0030025078367478114,1.6182432173197557e-05,0.0005114758874725393,1.8851792494262491e-07,7.568935742945142e-05,0.00035502218765545284,8.300294405985713e-06,8.194778960144798e-06,1.4191472760426132e-05,1.2138711762527006e-05,0.005252115468830132,0.000711031977718111
46,6.561904429391172e-05,0.0004806083285955726,0.0005964251680338053,0.0004204260807085871,3.714190454533805e-05,4.323766843613805e-05,7.614064929800143e-05,3.544836446150642e-05,0.9615497657388766,0.011886375049985595,8.828409756811202e-06,4.623827370107934e-05,0.0002750033104131043,0.0033959826597121778,7.648944178392206e-05,0.003903434703276309,3.465569463971063e-06,0.00016978941412131973,0.0014844310887662962,1.611370344403493e-05,2.2424728546854722e-05,0.00011410612675762793,3.4276077485582575e-05,0.013098729987685218,0.002159498507850484
47,6.429216146524586e-06,6.485287142106013e-05,0.0001748239349351187,7.392016448302133e-05,1.2154321392743833e-05,1.1447767079526157e-05,1.6202459851505157e-05,5.798193393195937e-06,0.9841373299898997,0.006725866410192281,1.5532883759076408e-06,3.840755957585913e-06,4.639877022351475e-05,0.002467270243342531,1.7959471358015796e-05,0.00048178071500526464,1.544470121123759e-07,7.251988135752521e-05,0.0003659676506501161,8.13765702478204e-06,7.441583711657471e-06,1.1983366620041622e-05,1.228166914560854e-05,0.004655248675253265,0.0006186364961674813
48,9.267124813776234e-06,0.00015926698325291475,0.00020992977745444886,0.0001330857387798594,1.3057058526544853e-05,1.6488407335634276e-05,2.3253522000611914e-05,1.0660213384366223e-05,0.976835178884563,0.01156798959596701,2.0139046606624605e-06,6.3597742421934895e-06,7.092774680200352e-05,0.003101312834764744,2.737254435368571e-05,0.0009534419962630355,3.803144610793516e-07,9.94207111840391e-05,0.0007380814006305553,9.549416969861538e-06,1.0270229365320163e-05,2.4468160029214652e-05,1.6489296719373953e-05,0.005132268776963372,0.0008294655865128378
49,9.401607556065896e-06,6.692681288234638e-05,0.0002388278618538644,6.417397540411749e-05,1.1899173888566314e-05,1.3728818707095875e-05,1.632588323024031e-05,6.927754051600171e-06,0.9842203337446608,0.006322718210148587,1.8312389809983053e-06,5.587417352115729e-06,5.543868864145572e-05,0.00248807089447049,1.3911054328505757e-05,0.0004985534935634536,1.7508280996418708e-07,7.145974398196316e-05,0.00023583102738453923,8.928589499219775e-06,6.697057505497444e-06,1.471313041170343e-05,1.105838658637285e-05,0.004955058426543981,0.0006614219255564415
50,4.005147523059843e-06,8.649689109633505e-05,0.00013403511337430388,6.024402203982526e-05,8.609355402435419e-06,1.1402742559304932e-05,1.8018155918915707e-05,8.591678213161907e-06,0.9813120350853466,0.010961213057800897,1.1752777414416168e-06,3.375965958459947e-06,4.83025446360231e-05,0.002790014833728626,1.9841688541371527e-05,0.0005799290425020388,1.3003986498516428e-07,5.98624718808486e-05,0.0005784479813301276,7.942986608444224e-06,7.805861437017614e-06,1.9441918778025055e-05,7.191648221629629e-06,0.002655983015507563,0.0006159034739883499
51,7.672567311437712e-06,0.00014081208401442357,0.0001731781092116628,0.00010485641385927704,1.1277287871660112e-05,9.658515763697751e-06,1.4598732484050382e-05,8.777739099796152e-06,0.9812229431296292,0.00909090208309059,1.795515427655958e-06,5.3058078476145456e-06,6.239642721775014e-05,0.0034957068499833887,2.154647554335336e-05,0.0005182113106315589,1.8380428027032324e-07,7.497122966449409e-05,0.0004501149815293717,7.869578921664183e-06,6.9074277570783894e-06,2.1121940758151233e-05,9.097105672866634e-06,0.0038766914852816294,0.0006634033971474635
52,6.869643525087224e-06,6.760966362152558e-05,0.0001610101994267232,8.167548495635176e-05,9.639764485995152e-06,1.2546079815313518e-05,1.4899406295429357e-05,6.595652143951556e-06,0.9830476112381069,0.00832075540967384,1.4487376445978913e-06,3.599667381438245e-06,5.236177506222983e-05,0.0022093266520497776,1.9598003538702986e-05,0.0005756538431901919,1.4244915274234712e-07,8.443487117785084e-05,0.0004375685587651601,8.736154817382105e-06,6.219408182177182e-06,1.406522029176693e-05,1.103198723749508e-05,0.004302554294953871,0.0005440458345035249
53,4.7668919533635745e-06,3.296159549656639e-05,9.834591391617385e-05,4.2816631598530696e-05,9.916295486583362e-06,1.1626178863535833e-05,3.169583600353807e-05,5.2303677535651575e-06,0.99072807588023,0.0025322794677612886,1.3568466351191601e-06,5.501175611688032e-06,3.0979345032595515e-05,0.0015784804222166108,1.6334690499035614e-05,0.0004610878063327824,1.0395734558211716e-07,5.3607428790320094e-05,0.00025622140132661934,6.034708320666122e-06,5.270623835183901e-06,8.801141957615092e-06,1.074833702202925e-05,0.0034288709478420554,0.0006388861081688739
54,2.3621714127865947e-06,8.121996346719999e-05,0.00011742773774386758,2.9446786452774217e-05,7.07417420631409e-06,4.612740411436923e-06,9.279797319503375e-06,3.7425913838791687e-06,0.9846602124268624,0.005871415001976874,6.881404421926077e-07,5.84418968431461e-06,2.117808247602313e-05,0.0035210193965049263,1.5547181791048766e-05,0.0005651685933356792,9.460786834461826e-08,2.2268021808917273e-05,0.00014916593419691518,5.781161390712443e-06,2.907880594991772e-06,9.379355507451617e-06,4.728046713885546e-06,0.0035998170762762006,0.0012896189401711293
55,6.482816917363549e-06,5.823817212352861e-05,0.00015024542633560836,6.513393254796624e-05,1.1417184438313097e-05,1.0070544329909248e-05,1.7095631786452898e-05,4.968783046392323e-06,0.9862192381623645,0.004909193853398195,1.4480201844673463e-06,4.7037281705142675e-06,4.584448124458126e-05,0.002047035393786536,1.5748802834805088e-05,0.00046412064553177706,1.33594036716981e-07,6.135127603478212e-05,0.0003107760854763133,6.8990149877062e-06,5.924248952499341e-06,1.1571396450544761e-05,1.0167632283365547e-05,0.004947215245633082,0.0006149759271038928
56,7.596330984751919e-06,7.491026320841783e-05,0.00017774690915192267,7.51011000644628e-05,1.1806577487612685e-05,1.1250115808830062e-05,1.7416153040533135e-05,6.318386873880227e-06,0.9839736147099454,0.006548937318318846,1.6916762809584684e-06,4.640245478001323e-06,5.608457951862702e-05,0.002436692166563055,1.8252911607740403e-05,0.0005221566175346636,1.672784134206199e-07,7.289449999080959e-05,0.0003846198116792196,8.264188332725477e-06,7.320745173448958e-06,1.4936478666805984e-05,1.1117802464135721e-05,0.004910953125639947,0.0006455100077719006
57,8.519810436590283e-06,0.00012322470759290548,0.00021676672377092304,8.712586238848396e-05,1.2073712640372282e-05,9.964898422162576e-06,2.8534345188905324e-05,9.006065333336443e-06,0.9791430866880141,0.008164423335744549,2.0544876853634043e-06,6.583789341649035e-06,0.0001013643769860143,0.0027815558132279284,2.0726390708386682e-05,0.0009357119276430094,2.514171322039519e-07,9.538339160476143e-05,0.000950175852390675,9.32950697384684e-06,1.5092607056235157e-05,2.3519950650288808e-05,1.0136143974415136e-05,0.006435356012203511,0.0008100321828893588
58,6.3079833487474885e-06,5.93688073225047e-05,0.00016832405079684733,6.517775837279294e-05,1.3023907439164304e-05,9.679794485981798e-06,1.592891582143279e-05,4.1602830303890755e-06,0.9840307233402796,0.00535014807903102,1.4520958701036598e-06,4.001125745299242e-06,5.096791653842717e-05,0.0021232487069749407,1.490861754392309e-05,0.00045270084347951735,1.3880634007584383e-07,6.50479268436973e-05,0.000329334735405772,8.301103475541951e-06,7.3335552854833575e-06,1.0551038816057921e-05,1.1908776302802355e-05,0.006576644917663714,0.0006206169137862226
59,6.390073602035049e-06,6.635343019420512e-05,0.00020623658333281813,6.434887531781991e-05,1.2765722646724306e-05,9.788653304995564e-06,1.5126671682614981e-05,4.5242483965755644e-06,0.9823632395742092,0.006513154243088834,1.3783049080461068e-06,3.966215948323691e-06,5.133649889037387e-05,0.002433746325148078,1.4199289336174019e-05,0.0005119163702785792,1.568296454998904e-07,6.721341705861858e-05,0.0003082897143879036,9.169688426530666e-06,7.835867294689749e-06,1.0497838251137812e-05,1.2231275694720026e-05,0.00663725944691844,0.000668874842037063
60,7.1046947734701324e-06,7.287538526590046e-05,0.0001743203190216027,7.366091004816338e-05,1.1664020602091416e-05,1.1388532689012861e-05,1.670587704066045e-05,6.1190312757897424e-06,0.9840401448104343,0.006690271260702931,1.60480258436567e-06,4.382926554942163e-06,5.104019804236981e-05,0.0024027646944998786,1.8356394394604525e-05,0.000525265260863091,1.6474339707904955e-07,7.018562169732287e-05,0.0003743323863798482,8.008769833849718e-06,7.054063840050198e-06,1.395696139381079e-05,1.1253801378482081e-05,0.004757729893295807,0.0006496446399905815
61,6.44963652348314e-06,6.020054389404016e-05,0.0002066917214099735,6.0134116597026485e-05,1.2387560500179491e-05,9.324526369745273e-06,1.4200688227110965e-05,4.254254882551798e-06,0.9831426077930544,0.006114338066620256,1.3297300019290895e-06,3.7065007967094523e-06,4.9141697737604e-05,0.0023443650978149586,1.2529413409718603e-05,0.00044719572789880097,1.3845056242164138e-07,6.547666196046891e-05,0.00027487808847166174,8.506473061598904e-06,7.481272981958249e-06,9.645674745855148e-06,1.1676055071666961e-05,0.006513900872515639,0.0006194393748898317
62,7.1046947734701324e-06,7.287538526590046e-05,0.0001743203190216027,7.366091004816338e-05,1.1664020602091416e-05,1.1388532689012861e-05,1.670587704066045e-05,6.1190312757897424e-06,0.9840401448104343,0.006690271260702931,1.60480258436567e-06,4.382926554942163e-06,5.104019804236981e-05,0.0024027646944998786,1.8356394394604525e-05,0.000525265260863091,1.6474339707904955e-07,7.018562169732287e-05,0.0003743323863798482,8.008769833849718e-06,7.054063840050198e-06,1.395696139381079e-05,1.1253801378482081e-05,0.004757729893295807,0.0006496446399905815
63,7.0897323169013896e-06,9.08170922938242e-05,0.00017284901827580175,7.807930813598992e-05,1.139188229854571e-05,1.0864989348971111e-05,1.5913034001705167e-05,6.428426928100213e-06,0.9829146028818071,0.007461732283636966,1.6002933118674436e-06,4.532688508925255e-06,5.376061643489334e-05,0.0026125141909296716,1.8950697002749035e-05,0.000543781482172738,1.7716251583133348e-07,6.920464250882685e-05,0.00040588526440896573,7.988217278550563e-06,7.199063200837177e-06,1.5699007318400663e-05,1.091412551467413e-05,0.0048026409527436075,0.0006753829471052947
64,8.19227076266572e-06,8.202474024827716e-05,0.00023661362699740925,7.371684292678864e-05,1.411522134124761e-05,1.0648207923431773e-05,2.128799576952279e-05,6.688270100229447e-06,0.9815201809427216,0.0070484341699673615,1.89686586156734e-06,4.66020222166773e-06,6.588998947216969e-05,0.0030004023626630824,1.6326811944654183e-05,0.0005721417828609715,2.107867538657148e-07,9.125796318136549e-05,0.0004551126177251655,9.606392920458637e-06,1.246553204852881e-05,1.4139398587024277e-05,1.389236168118884e-05,0.006008700626781965,0.0007113940165377846
65,2.4119030883342393e-05,6.324849711959962e-05,0.0001463107692273195,0.00041049870233619585,2.546909345329936e-05,0.00011149591670694728,9.74475599985003e-05,1.6105580874446033e-05,0.9789770770193982,0.0065043178114932414,5.92354733637073e-06,8.490272178903659e-06,8.970318635287254e-05,0.0006907713446992206,0.00013278540273367192,0.001980201647370815,7.082061970918369e-07,0.00022382574445898863,0.0036415565578598605,8.89412763268329e-06,1.4845608027834988e-05,2.858093220640056e-05,5.801918265394572e-05,0.006041154897960878,0.0006984493608393961
66,1.1696262064795672e-05,7.989758551640048e-05,0.0003903086904458808,7.078385502580033e-05,1.2645212522010078e-05,1.009407912785146e-05,2.3432259939516826e-05,1.2165183965794624e-05,0.9792743165309112,0.009363058868338955,2.2789463492471653e-06,5.797165168466146e-06,0.00010956394206789034,0.003493444632516805,1.6025332355989043e-05,0.0008218974051487674,1.9065397240937514e-07,0.0001211197138225689,0.0003821338636454833,1.6109155138120176e-05,1.1219505260559996e-05,1.859486038574259e-05,8.506028664869113e-06,0.005058306717660507,0.0006864135499844838
67,1.4220976495990623e-05,0.00010153473024204048,0.0009213498548950824,0.00017980034463353518,2.0538546235457706e-05,1.9763725370693554e-05,2.4174793805607027e-05,1.0802620714246049e-05,0.9564570746309953,0.020184263608059676,2.3915044784234066e-06,4.226084304677681e-06,0.00010976537534518313,0.005771520057143523,1.805647829142085e-05,0.0012432013876092032,5.932834461016697e-07,0.00030838420904929543,0.0005742497388658998,3.1602867787663864e-05,3.2012365117350184e-05,9.653041687134643e-06,6.0792858798591096e-05,0.013031900295526077,0.0008681266211016484
68,1.0722942631045753e-05,0.00010898064876024354,0.00018045475540461996,0.00010078352840345038,1.2977755325577549e-05,1.4922847909042887e-05,2.4092399352664113e-05,1.049293176035263e-05,0.9818868000413967,0.007998694363984454,2.508859668720124e-06,5.706118475648688e-06,7.638908512258928e-05,0.0023960185946721477,2.7539545430877487e-05,0.0007877639274506184,2.6074315678136736e-07,9.879705712622966e-05,0.0007467387773916253,8.795099000291302e-06,1.0295989574668874e-05,2.5373014792521408e-05,1.2318473181727968e-05,0.004740566364097584,0.0007120061359298425
69,6.3974985963157025e-06,6.769070099767547e-05,0.0002554217130526745,6.800009728520787e-05,1.1284646725697617e-05,1.1122910984149701e-05,1.746880053556482e-05,7.756850551691429e-06,0.9800765661624365,0.008823980641873458,1.5399880183298592e-06,4.231351345526548e-06,5.246874278648361e-05,0.003490862023117073,1.495938017133714e-05,0.0006331644904212818,1.7373834278363472e-07,9.95262721397712e-05,0.00035887211447489803,1.154614656050096e-05,1.0559858060930738e-05,1.1474841643891581e-05,1.4017271372823181e-05,0.005232473158297337,0.0007184406002081677
70,7.099819673078285e-06,7.278445528262424e-05,0.00017425824855836643,7.364046093241884e-05,1.1670948610484785e-05,1.138287883887855e-05,1.669821071069538e-05,6.112336941512205e-06,0.9840526551443974,0.006682360055824881,1.6041430645727348e-06,4.379848633926808e-06,5.098641346725256e-05,0.0024023051501339135,1.8346737661499694e-05,0.0005243284008209506,1.6456506707354932e-07,7.012234707826476e-05,0.0003737447099091369,8.004411729135359e-06,7.048911632091952e-06,1.3938212686035077e-05,1.1253336975560776e-05,0.004755821141807629,0.0006492891095626229
71,3.078749710192754e-06,5.398478581214017e-05,0.0001434348925976972,4.281005744031341e-05,1.0959183512730466e-05,6.322380521029302e-06,1.2763775898056448e-05,4.285642110873065e-06,0.9854437221418137,0.00584031508741348,9.126905959072502e-07,2.8880103441750736e-06,3.123140326986644e-05,0.0030906779348159946,9.724740755932883e-06,0.00036447045162228366,9.45437183708362e-08,5.514139739110435e-05,0.00021291837319854545,8.258993911841367e-06,6.665781846421154e-06,7.452492767167315e-06,8.850656598823563e-06,0.0040721833974053335,0.0005668524349281757
