,0,1,2,3,4,5,6,7,8,9,10,11,12,13,14,15,16,17,18,19,20,21,22,23,24
0,0.003066170838205124,0.0009262545396451371,0.00046114297743197205,1.958515865901876e-06,0.00012750481538078247,6.614440601027209e-06,0.000605071405465377,0.001761082409437689,0.15783351092249445,0.00013786834817356946,6.310605277578818e-05,8.234976583809407e-05,6.09488435673657e-08,2.2682455435500206e-05,0.08163159654960792,0.00011686115351251827,1.2196892535923876e-05,6.392812385617459e-08,0.7469052980570333,5.839277598348748e-08,0.00019197106076852743,0.0016630950159008057,3.6150487629089394e-07,1.1586204290810565e-05,0.004371532804979964
1,0.36198726781325063,0.05261218857894332,0.0007320940399667276,4.607187310395963e-05,0.0014873809689358024,1.0262542123346866e-05,0.0022244406970078653,0.0067095810620256095,0.001610631435594319,0.00010516806811101836,0.003018831546613268,0.010930104884632494,1.2519559990067227e-06,0.0002697678082766154,0.292034001899589,2.8717762569808212e-05,0.017351142425716653,0.00012560442116690945,0.08004689688974737,8.91693559475709e-08,0.0033715742452882914,0.09995508658897442,0.00027043205256792986,0.005270363436785149,0.05980104783365452
2,0.002936722155928589,0.0008067053292176121,0.00021127346959122384,1.2738498240728464e-06,8.261576286834545e-05,6.165959049591354e-06,0.000499943137779022,0.0013837866265026658,0.0938285781567318,0.0001116883225503652,4.1429233778652e-05,6.260991679446662e-05,3.186190898052316e-08,1.957203540480571e-05,0.16074350897925338,0.0001600481883993684,1.5982648546786367e-05,4.540199935058471e-08,0.7312353477596395,4.030034872471878e-08,0.00021741349610932508,0.0025093382361204017,6.742404316033303e-07,8.888544351476782e-06,0.0051163163868698305
3,0.0031179928095607583,0.00102429911040362,0.000402326506246697,2.0382193275114683e-06,0.00012351068409969382,5.885934932451953e-06,0.0005605632873874106,0.0018588196450152897,0.1380869397705195,0.0001465493156035331,5.674996978364676e-05,8.085398286043596e-05,5.4659213624716145e-08,2.273112982015752e-05,0.08534631315028705,0.00010993198827918119,1.4520422930539533e-05,6.777778091273345e-08,0.7618943404904532,5.174643060966541e-08,0.00021820495407972346,0.001849618960403198,3.8510858555902305e-07,1.202922108295534e-05,0.005065221154912946
4,0.0030648794710640688,0.0011979601393636594,0.0004872354899272112,2.3266821216931367e-06,0.00015735330145689094,7.169006877287424e-06,0.0006145239762557055,0.0017879589660195997,0.15119205231354935,0.00016659898888709537,6.262185690453197e-05,8.999216237707012e-05,7.972816579241241e-08,2.9973381798029077e-05,0.08613341493720254,0.00011639832063092482,1.452572381273881e-05,7.57019769714076e-08,0.7479024982371808,6.076545806069528e-08,0.00021431670290804217,0.0019796280226430196,4.187745594166203e-07,1.317025172323818e-05,0.00476476709713646
5,0.0034561162604022214,0.0012699379242747334,0.0004458703102961107,3.0421055572508266e-06,0.00016578421224142708,6.7412764660109506e-06,0.0006204829178527752,0.002420045185270181,0.1317740614302396,0.00019204972806028357,6.975368985786221e-05,9.569950581513738e-05,7.194013563328583e-08,2.6813205730026845e-05,0.08116281683446515,0.00011141357178365769,1.9523910495272533e-05,1.0775496824409996e-07,0.7701509729194002,6.063243250048067e-08,0.00028814048736460987,0.0019810307172068477,4.96743844980568e-07,1.713540008731069e-05,0.005721831335752294
6,0.0031179928095607583,0.00102429911040362,0.000402326506246697,2.0382193275114683e-06,0.00012351068409969382,5.885934932451953e-06,0.0005605632873874106,0.0018588196450152897,0.1380869397705195,0.0001465493156035331,5.674996978364676e-05,8.085398286043596e-05,5.4659213624716145e-08,2.273112982015752e-05,0.08534631315028705,0.00010993198827918119,1.4520422930539533e-05,6.777778091273345e-08,0.7618943404904532,5.174643060966541e-08,0.00021820495407972346,0.001849618960403198,3.8510858555902305e-07,1.202922108295534e-05,0.005065221154912946
7,0.005173753569896582,0.002612677843421862,0.0010265752010741752,2.9633447085950504e-06,0.00010907413057159917,5.240411728235913e-06,0.0015132099569230434,0.002218792373615823,0.305130576408037,0.0001464269177002745,0.00014506366144537036,8.807434550827372e-05,2.3526730241053222e-07,2.5477571105649703e-05,0.08040038233680674,5.780172666010781e-05,1.6170262081370897e-05,1.1834501317702979e-07,0.5944314244738176,1.1866071777911211e-07,0.0001274736072219466,0.001508541463676966,2.5892682135506897e-07,3.2536300821073836e-05,0.005227032893323004
8,0.0023744566106427777,0.0009001937376832521,0.00030946722110821237,1.5368234011396695e-06,0.00011659219214092485,9.0061112601765e-06,0.00046999557315481415,0.0012438690594082811,0.13969568818142727,0.00010297830720748995,9.515498425681894e-05,8.920873474344157e-05,4.97806077567305e-08,2.2652162779833045e-05,0.07609596437198245,8.649768774274141e-05,9.532406638657518e-06,7.947283631081583e-08,0.773208459359025,5.430858463839476e-08,0.0001942471407385552,0.0020639264183159698,3.22910981949107e-07,6.342820971055221e-06,0.0029037236223606296
9,0.0025414504880134532,0.0006922434714792151,0.00020715015369676752,1.4257064751526561e-06,9.9719461863893e-05,8.703550765908349e-06,0.0004301969475658915,0.0012289746809668609,0.09061502886005587,0.00010570624183155085,6.538996053310694e-05,8.360472384553892e-05,3.0618764380361656e-08,2.3057556012792468e-05,0.08345589950420867,0.00012356658006581808,1.0273521693596258e-05,6.900492580212892e-08,0.8144413210072526,4.270616300937876e-08,0.00023223461859383647,0.0023381695931624174,4.688502397124762e-07,5.155451816510671e-06,0.003290116740007773
10,0.0031179928095607583,0.00102429911040362,0.000402326506246697,2.0382193275114683e-06,0.00012351068409969382,5.885934932451953e-06,0.0005605632873874106,0.0018588196450152897,0.1380869397705195,0.0001465493156035331,5.674996978364676e-05,8.085398286043596e-05,5.4659213624716145e-08,2.273112982015752e-05,0.08534631315028705,0.00010993198827918119,1.4520422930539533e-05,6.777778091273345e-08,0.7618943404904532,5.174643060966541e-08,0.00021820495407972346,0.001849618960403198,3.8510858555902305e-07,1.202922108295534e-05,0.005065221154912946
11,0.003318745765173985,0.0011401779014622484,0.0004440707171236647,2.254129194742136e-06,0.00013247552961360252,6.231256707970972e-06,0.0006111994415198899,0.0019593053192541445,0.14558926052258647,0.0001564597596314693,6.17794279676079e-05,8.782433865786728e-05,6.761169017026828e-08,2.5080706185506167e-05,0.08561225851989324,0.00011022538831686034,1.5780888719491778e-05,7.734156860739532e-08,0.753336395773102,5.871336429408865e-08,0.00021943034930826456,0.0019532012098042546,4.116965445276612e-07,1.3606285145336316e-05,0.005203621407464006
12,0.006049601080448388,0.0018408428176568312,0.0005014348983682671,3.952330112229759e-06,0.0003964483129566755,1.4466848290801608e-05,0.0006116408868118708,0.0022322431554456217,0.061105513907238916,0.0002409705001551253,8.947750985711219e-05,0.0002845392398571112,1.0733244859229128e-07,8.156478138108595e-05,0.10751669355270838,0.0002164747366926932,4.555859558448772e-05,2.6517686227308463e-07,0.8053914089034233,6.803204696979193e-08,0.0005042986117044632,0.006137074814119025,1.7972568130918388e-06,2.1439406117376144e-05,0.0067121173128994495
13,0.0034087662934032515,0.0007433341598924018,0.0005973877290916624,1.7149660053547267e-06,0.00011393688452073113,4.317016006138719e-06,0.0004493292989617317,0.0016113174103883055,0.13659624732182415,4.709446042386077e-05,0.0001382410959685451,0.0002493430361094849,5.318636329531552e-08,3.1030808363845086e-05,0.0941031708272771,5.973511934760174e-05,1.900073809077663e-05,6.381095533708765e-08,0.754786464098113,5.927175790109027e-08,0.0002534706182122086,0.002623276800570168,3.3230651300276767e-07,6.699706885185025e-06,0.004155613034954919
14,0.002203849323890204,0.0014932843295035788,0.00039768207672606973,2.213477713203518e-06,0.0001628316698061518,6.535205384420294e-06,0.0005144376126233502,0.001823556814484515,0.16282652561793573,0.0002105227280984028,5.6722454508746025e-05,5.526643971577429e-05,6.925322447923181e-08,2.247878179987814e-05,0.0768832740052042,8.793635449895744e-05,1.2071834298838963e-05,6.898173504556126e-08,0.7472087532602556,4.741081783870053e-08,0.0002067640740342829,0.0016367448280519834,2.9775454921681403e-07,1.3645682040935565e-05,0.004174420029098401
15,0.0031179928095607583,0.00102429911040362,0.000402326506246697,2.0382193275114683e-06,0.00012351068409969382,5.885934932451953e-06,0.0005605632873874106,0.0018588196450152897,0.1380869397705195,0.0001465493156035331,5.674996978364676e-05,8.085398286043596e-05,5.4659213624716145e-08,2.273112982015752e-05,0.08534631315028705,0.00010993198827918119,1.4520422930539533e-05,6.777778091273345e-08,0.7618943404904532,5.174643060966541e-08,0.00021820495407972346,0.001849618960403198,3.8510858555902305e-07,1.202922108295534e-05,0.005065221154912946
16,0.002898570890962037,0.0009660790434870437,0.00023581267257329386,2.313017145298432e-06,9.851398738510748e-05,7.563961366927116e-06,0.0005637175003444047,0.0021632758492625592,0.0922083625686664,0.0002629382397955609,5.188009702002961e-05,7.857689259195483e-05,3.420307927303032e-08,2.1996002926396085e-05,0.06502254043414032,0.00015896680624701245,1.4388018614128802e-05,1.1282667609838233e-07,0.8277204392360289,5.3235719264356674e-08,0.0004589941162724172,0.0023179080950939592,4.159319911317465e-07,9.523373937521027e-06,0.004737022998673063
17,0.0035614913082397857,0.0010610090513460645,0.00044245915046152575,2.4889078340707245e-06,0.00013959668896475756,6.437361267866853e-06,0.0006067990147695054,0.002006887028051982,0.1295863272089966,0.00015505966335907902,6.12313976361263e-05,0.0001005798468268046,6.288415176797877e-08,2.879937984179435e-05,0.0815823927933176,0.00011987060546431084,1.6254294607303173e-05,8.259647572533151e-08,0.772642712646443,5.789062065350247e-08,0.0002461138879505577,0.0019839328731645223,4.645085282173365e-07,1.2765066860759817e-05,0.005636123944819569
18,0.011677592270318678,0.0018370423332776072,0.0005986118874200448,2.7864706774858316e-06,0.0001102041151868446,3.191711618899377e-06,0.000822394178501872,0.00336491783719305,0.09272985099162842,0.00017651592299423703,5.2382680357133296e-05,0.00024822877575066295,9.039669592887672e-08,2.992043437030324e-05,0.08777196596062715,0.00010620995237009246,6.899838880699455e-05,2.1158038265627396e-07,0.7818017240214369,5.9286421474580613e-08,0.00034919990503910314,0.004778315825020945,6.218507468272818e-07,3.8035556779067944e-05,0.013430927666377868
19,0.0018914615613343164,0.0011261157659972901,0.0007611489495443313,2.656526385322973e-06,0.00022366604424150992,5.961196105928192e-06,0.00043371201832390863,0.0020869725478028646,0.21571464806932164,0.00019303271079236167,5.442538333310375e-05,0.00010518686156368874,9.598411871328494e-08,3.1922069253063655e-05,0.05962252159247806,7.973917765022719e-05,1.2429368927633124e-05,5.919469259710939e-08,0.7113128468700032,6.586645619267022e-08,0.00018842102662987455,0.0018861795993178785,2.204268189262714e-07,1.1149211494791979e-05,0.004255361977412637
20,0.0018333307239179163,0.0009532910303439802,0.0002473870631571543,1.396830503337318e-06,0.00011582587443842574,3.455592585360622e-06,0.00030427698618855635,0.0024771055065108093,0.1128067091017314,0.0001524390937285621,3.271772838772083e-05,6.303706473339372e-05,3.543777853840896e-08,1.4921024292166306e-05,0.09450575306538161,7.70569652042101e-05,1.9962789484785546e-05,4.6569120953825045e-08,0.779219135291319,3.605920897124863e-08,0.00022526713685397097,0.0032223170456496713,3.014261709639638e-07,1.0352533103525419e-05,0.003713842060205018
21,0.002058539608966821,0.0010600822730654185,0.00029249177721912226,1.4983092615610479e-06,0.00010795312754621215,3.932545703148928e-06,0.0003690291396442365,0.001856025340339094,0.14699250624160765,0.00012296769512205432,4.542029906386075e-05,4.666781526533326e-05,3.70079402365176e-08,1.4122567081026503e-05,0.09109388016579047,6.419403197460905e-05,1.4088397159475976e-05,4.659506294175255e-08,0.7494499738082857,3.425889485466497e-08,0.00017655058074956376,0.0018457776486591809,2.62319763735774e-07,1.0847219157568271e-05,0.004373071226676057
22,0.004578744643830665,0.0009832803457720386,0.0005059185629485283,2.5339517221326083e-06,0.00013828044816827854,9.563424845510976e-06,0.0006986732231701952,0.0021930094848243336,0.11531501674207127,0.0001590776745942865,0.00010060907869722973,0.00014389139199180015,5.2646086156613594e-08,3.036349962612354e-05,0.08604230237546101,0.0001749768856173483,2.1421881662629315e-05,1.4621377688875977e-07,0.7805223639893074,8.27903451638644e-08,0.0004071223551927854,0.0028515396442603544,6.23426753241193e-07,1.3484293581513907e-05,0.005106921025693117
23,0.0031179928095607583,0.00102429911040362,0.000402326506246697,2.0382193275114683e-06,0.00012351068409969382,5.885934932451953e-06,0.0005605632873874106,0.0018588196450152897,0.1380869397705195,0.0001465493156035331,5.674996978364676e-05,8.085398286043596e-05,5.4659213624716145e-08,2.273112982015752e-05,0.08534631315028705,0.00010993198827918119,1.4520422930539533e-05,6.777778091273345e-08,0.7618943404904532,5.174643060966541e-08,0.00021820495407972346,0.001849618960403198,3.8510858555902305e-07,1.202922108295534e-05,0.005065221154912946
24,0.0022419117973181786,0.0013977716276253297,0.0004272882528403146,3.109877032902584e-06,0.00020935845763161417,7.68498160495115e-06,0.0004917781730898882,0.0017762347500886418,0.12971247344617554,0.00022043415380561664,5.580326104477935e-05,8.36117832155636e-05,8.430941301038805e-08,3.881917016968145e-05,0.061631561588528005,9.827140711387097e-05,1.2024328739553534e-05,8.308910564434055e-08,0.795036515271173,5.4538818550295135e-08,0.00023955550128802568,0.001761248829589672,3.612474384988246e-07,1.0376535052252802e-05,0.00454358362209684
25,0.004681256407559037,0.0008412013234408253,0.0005544149845089105,3.603026416634783e-06,0.00010422262147786806,3.5056513808614177e-06,0.0009868211286746735,0.004101190193775581,0.10835095309098082,0.00010203587956573158,0.00012461159020378895,0.00016686129821614145,8.805091521311494e-08,2.2174922639533555e-05,0.05613872668143129,8.741722587208431e-05,2.6261907369781804e-05,1.1785110029202827e-07,0.8176551887750407,1.0551896313700782e-07,0.0002784114766845475,0.0017710271747833648,4.774182891449493e-07,1.8484694225553774e-05,0.003980841106484463
26,0.012051706814137825,0.002192286792630189,0.001149161846807315,3.5876013100786377e-06,0.0001588731002498605,4.130029313580654e-06,0.0011330071358237653,0.00487315450247517,0.20653602522057124,0.00019399669171514262,9.689379622197467e-05,0.0001742607363485411,1.828098940460028e-07,1.9223196169201565e-05,0.09870688218610219,9.398918685040362e-05,7.407475337842401e-05,2.401392553335564e-07,0.6594568935125072,9.804301378366716e-08,0.000255718964499822,0.0030823563328078413,5.9171992919597e-07,9.010809840910339e-05,0.009652556789578852
27,0.0023286680733106916,0.0007714867801756216,0.0002610989459546931,1.149750640993865e-06,6.933972081778833e-05,5.275916090418812e-06,0.0004001996247236086,0.001643701866173398,0.18339614613339736,0.00013633842729490712,3.251569570753168e-05,4.198031625363513e-05,2.608384547762921e-08,1.2269298592195439e-05,0.10697224286020435,0.00010194206033005137,1.0193561942166289e-05,4.0032777444715694e-08,0.6961665866629904,4.10899225194288e-08,0.00016529433518073686,0.0020695031188357536,2.583719252559689e-07,8.091292115729496e-06,0.005405609980797402
28,0.0031179928095607583,0.00102429911040362,0.000402326506246697,2.0382193275114683e-06,0.00012351068409969382,5.885934932451953e-06,0.0005605632873874106,0.0018588196450152897,0.1380869397705195,0.0001465493156035331,5.674996978364676e-05,8.085398286043596e-05,5.4659213624716145e-08,2.273112982015752e-05,0.08534631315028705,0.00010993198827918119,1.4520422930539533e-05,6.777778091273345e-08,0.7618943404904532,5.174643060966541e-08,0.00021820495407972346,0.001849618960403198,3.8510858555902305e-07,1.202922108295534e-05,0.005065221154912946
29,0.0031179928095607583,0.00102429911040362,0.000402326506246697,2.0382193275114683e-06,0.00012351068409969382,5.885934932451953e-06,0.0005605632873874106,0.0018588196450152897,0.1380869397705195,0.0001465493156035331,5.674996978364676e-05,8.085398286043596e-05,5.4659213624716145e-08,2.273112982015752e-05,0.08534631315028705,0.00010993198827918119,1.4520422930539533e-05,6.777778091273345e-08,0.7618943404904532,5.174643060966541e-08,0.00021820495407972346,0.001849618960403198,3.8510858555902305e-07,1.202922108295534e-05,0.005065221154912946
30,0.0031179928095607583,0.00102429911040362,0.000402326506246697,2.0382193275114683e-06,0.00012351068409969382,5.885934932451953e-06,0.0005605632873874106,0.0018588196450152897,0.1380869397705195,0.0001465493156035331,5.674996978364676e-05,8.085398286043596e-05,5.4659213624716145e-08,2.273112982015752e-05,0.08534631315028705,0.00010993198827918119,1.4520422930539533e-05,6.777778091273345e-08,0.7618943404904532,5.174643060966541e-08,0.00021820495407972346,0.001849618960403198,3.8510858555902305e-07,1.202922108295534e-05,0.005065221154912946
31,0.0037712600387597548,0.00153045361125192,0.0007335551327142289,3.185141065062199e-06,0.00020562097632674384,2.938928060753936e-06,0.0004965648129216164,0.003992923751082308,0.13852037539644532,0.00023076462222676434,3.5870602079902306e-05,0.00010354215261290148,1.0792699931028727e-07,2.4594108365688766e-05,0.04703459552631879,8.070301566517429e-05,2.6580920273921632e-05,9.177461670977591e-08,0.7950782467343895,6.016787053635736e-08,0.0002110784807856507,0.0019311804545903745,2.6602353392806716e-07,2.8700689856947987e-05,0.005956739011186266
32,0.0025727297304199053,0.0008595046136726925,0.0003333490663477229,1.653962935477627e-06,0.00010327445733055528,5.060620913654358e-06,0.0004679516517490901,0.0016772712496296751,0.13225044930092728,0.00013042779218825314,4.5748768914973484e-05,6.643409078415443e-05,4.29080525161948e-08,1.9201813196759288e-05,0.07955883682140832,0.00010227637422786668,1.2162067539466658e-05,5.196399652909562e-08,0.7754458854336952,4.48902162741603e-08,0.00019584695720371585,0.0017219479755651262,3.1067516556264345e-07,9.183045973687446e-06,0.004420353767945553
33,0.004360725382250773,0.0027205694596610292,0.0002550686319136903,2.0178296480901213e-06,0.00031331567300464647,6.355672421966981e-06,0.00040157655671629666,0.00237709729121993,0.035634573843474286,0.00019378344090909499,5.39051699693568e-05,0.000173333207307622,1.3740246045966205e-07,5.182412535738312e-05,0.07720642737233761,0.00010768908025937783,5.805936728062373e-05,1.9395923698753224e-07,0.861761783556713,5.4746151465704165e-08,0.00023642471238093728,0.01173941954992125,9.770954140549307e-07,1.9596100528800508e-05,0.002325090773461452
34,0.0029513278944460074,0.0009536833511385662,0.000386771896045703,1.8326918690353078e-06,0.00010883364448467863,5.534106314729293e-06,0.0005401294174288284,0.001740837047962597,0.1494355385944533,0.00013756248594490618,5.220295609358074e-05,7.108271221524142e-05,4.991888603948687e-08,2.0421334800858298e-05,0.08294702315644058,0.00010341917744005762,1.253677011642998e-05,5.936837576207591e-08,0.7537065601658096,4.908039315681202e-08,0.00019783628325942132,0.0016866722663727715,3.2705710228750383e-07,1.0865640053356927e-05,0.004928842982552386
35,0.0032301055525571125,0.0010011099042491513,0.00039508870066744424,2.03357587302633e-06,0.00011234817021439403,5.3388048539927185e-06,0.0005480698461220359,0.002017330276702948,0.14397080820004288,0.00015013793526702206,5.297643794322489e-05,7.969067646397781e-05,5.324445259601146e-08,2.035992154086202e-05,0.07748804390657733,0.00010165176803685224,1.4894619700296195e-05,7.087180793762962e-08,0.7634613544560306,5.250630408673818e-08,0.00021305971436210604,0.0018545481961932942,3.410979881533085e-07,1.2312442427073391e-05,0.00526821917362146
36,0.004362316730257194,0.0019517997392298045,0.00037049942816979545,3.644836529251626e-06,0.0001386355678852459,4.7809498448718805e-05,0.002002569724302919,0.0014847664981078382,0.20323732928839142,0.00025717043328983856,0.0003668765009449248,5.1535070196104714e-05,6.056857250906093e-08,3.39488420059862e-05,0.15360484002602992,0.0002124587259366238,7.223267988592387e-06,3.019970426373687e-07,0.6251311276180666,1.1529753936222697e-07,0.00044377398856966044,0.0017973219509722534,1.2045956435000318e-06,1.676871667889094e-05,0.0044759010892003945
37,0.01966965464624298,0.0018144836454314721,0.0009924112782432784,2.782883775282214e-06,0.00012895529328973076,5.692977129353017e-06,0.001468030454280971,0.0019366671497492419,0.09138978544079857,0.00010057470339404054,0.00010894045421004398,0.0003006823962179462,1.3542606050368165e-07,5.716932744664358e-05,0.07032413981776682,0.00014244739084404688,3.256685323118244e-05,2.3962166720821577e-07,0.7997928268939014,8.403885120292505e-08,0.0002487086007711882,0.003112904318213054,6.488796090715598e-07,2.9635377956660716e-05,0.008339832130918002
38,0.0056315161205918104,0.0006589231684600888,0.00024140328316810865,1.1633474043548957e-06,5.656693177077445e-05,1.8937730794994884e-05,0.001469298438588934,0.0008056913364270871,0.09444299460651902,0.00010237465042398955,0.00010641003466270247,7.322956804647528e-05,2.8954321561480345e-08,2.6710288087047012e-05,0.16367114313653075,0.0003963204601002533,7.085224092156398e-06,8.301907555094087e-08,0.7260353294829829,6.653928917585084e-08,0.0002613819083640954,0.0019715304475127556,1.079395829422851e-06,7.1985415157884646e-06,0.004013533385440236
39,0.0017731802200206992,0.00025703945800737094,0.0002740885886849028,1.9229251386617222e-06,0.00010238359410406192,6.429967313831015e-06,0.00030666994324883773,0.0022024221730565737,0.09334303367412626,0.00014294976532740954,3.397622860124161e-05,8.736822344473031e-05,1.6464813184203023e-08,1.528976012463275e-05,0.05144995657634406,0.00023011884680831167,8.86400310343592e-06,4.261527516995831e-08,0.844112810339266,5.3211856834845084e-08,0.0003815805617128777,0.0011236570285362327,3.660370640399344e-07,4.663400517175538e-06,0.004141116393503436
40,0.00654215437058219,0.001273172289572243,0.0003953354887878739,8.984633768979961e-07,7.805927571055171e-05,7.132129002499879e-06,0.0005918662681864664,0.000986317838715284,0.10284014303151992,7.838558393942487e-05,6.481862247815865e-05,0.00014055401015823884,3.7244663667252694e-08,3.539869561127719e-05,0.10127570567544329,0.00010948914706501206,1.45319313610905e-05,9.736349016652819e-08,0.7746482735988042,4.7265097139285576e-08,0.00021309841080648434,0.005703375295364213,3.560821828623997e-07,7.279871864734233e-06,0.004993472046216118
41,0.0003902393087699509,0.0005822645874028177,0.00045397586000816756,7.903205770683403e-07,0.0001478325073845423,4.902754674327779e-06,0.0001514290298884111,0.0006663242503746596,0.46199004640930535,0.00016085232807137322,1.1704353378872165e-05,9.133292293987981e-06,2.3221690602183295e-08,1.0670197645571345e-05,0.0816601789338387,6.600149634844068e-05,1.6210583190367779e-06,5.5924852648913146e-09,0.4502995068593302,1.7619153421930847e-08,7.253556272682279e-05,0.000395024176572887,5.307195998506071e-08,4.227455394744374e-06,0.002920639752404889
42,0.013356582132592752,0.006199198460269559,0.003746143778239522,2.2771770958071874e-05,0.0009276075672380401,3.4467480535864566e-05,0.00296129219331795,0.0017761283163528336,0.3882076219539327,0.00036657118809773644,0.0004343107179694596,0.00038198722652060856,1.4742803519086912e-06,0.00024693550128093136,0.08194219749283306,9.397319182967858e-05,2.131835393822861e-05,8.104793650387345e-07,0.4760852210464335,1.5891346620396324e-07,0.0002767971540597772,0.0010011896416911065,1.428847249256052e-06,9.769380548461713e-05,0.021816118505991324
43,0.0006657200789727954,0.0004402959829173925,9.427326369220891e-05,1.2796194037212189e-06,0.0001230760208068513,7.384724422330407e-06,0.00016143636662529722,0.0020487334786161568,0.09575518655333508,0.0003261859325019889,1.9724858692517092e-05,2.3781933122398714e-05,1.0853969173723816e-08,8.220005570731875e-06,0.07054037063844332,0.00015742785732370166,8.115099477228209e-06,3.211753766511409e-08,0.8249876429351851,2.4211131512730973e-08,0.00037249794629916143,0.0017952078341544574,2.8071807096910503e-07,4.480837178585138e-06,0.002458610132549538
44,0.0031179928095607583,0.00102429911040362,0.000402326506246697,2.0382193275114683e-06,0.00012351068409969382,5.885934932451953e-06,0.0005605632873874106,0.0018588196450152897,0.1380869397705195,0.0001465493156035331,5.674996978364676e-05,8.085398286043596e-05,5.4659213624716145e-08,2.273112982015752e-05,0.08534631315028705,0.00010993198827918119,1.4520422930539533e-05,6.777778091273345e-08,0.7618943404904532,5.174643060966541e-08,0.00021820495407972346,0.001849618960403198,3.8510858555902305e-07,1.202922108295534e-05,0.005065221154912946
45,0.0032075348255230745,0.0010513475340533152,0.0004030350108271714,2.0992042402976168e-06,0.0001249908419502386,6.094563161361392e-06,0.0005598592623729288,0.0018429037325587022,0.1364718861250401,0.0001487769966490955,5.8319309536285325e-05,8.361951478016564e-05,5.44592765146528e-08,2.3592686389166984e-05,0.08488075354470294,0.00011006057383591708,1.4798383409701824e-05,7.231742910518191e-08,0.7636192084814833,5.188737724622715e-08,0.0002283030301014092,0.0018865792469124456,3.935165875531148e-07,1.1985730794482884e-05,0.0052636792210073845
46,0.009929965941505416,0.001601482939376273,0.0005247554787263701,3.2556240076072347e-06,0.00016328374924157787,1.389086135565136e-06,0.0003778064145526238,0.007994785005768166,0.06439363266860497,0.00013384413740642154,5.9401779512321394e-05,0.00032584740180925366,1.1879200373003596e-07,1.2609301545073664e-05,0.10070641656965776,7.190119923773743e-05,0.0003449521098662623,1.8145578168600985e-07,0.7979921695290303,6.647599670374728e-08,0.00040413894817503524,0.006298140866814248,8.170617546645957e-07,7.561228171576532e-05,0.00858342518177456
47,0.0023980357843816666,0.0010011805209704375,0.00039879297686788305,2.2091478601858358e-06,0.00014095036462313335,6.0307958577891345e-06,0.0005223960562296682,0.001839152466224634,0.15021257336514723,0.0001557619503979051,5.564500813515655e-05,6.640966744848436e-05,5.521196672310567e-08,2.2736668077707986e-05,0.08442862701849277,0.000102695695282286,1.2400153419927256e-05,5.788069880684695e-08,0.7521735774428355,4.828521342991915e-08,0.00021051014737560905,0.0015124318068096686,3.6921454523526094e-07,1.1500898268683528e-05,0.004725851472869347
48,0.0026181275028892706,0.0010571587254164761,0.0002257258083770553,1.4429810502452153e-06,8.853264193827889e-05,2.6863471889155716e-06,0.0004257757630029616,0.002187927562910342,0.08458450022618773,0.000137010573354665,3.131644185356517e-05,5.628224656770725e-05,4.719932655510143e-08,1.426795315797418e-05,0.0736185658930864,8.187773544580079e-05,2.0881050786301832e-05,4.844688363859761e-08,0.8287535196749286,3.656990644150318e-08,0.00016848658067069103,0.002252930460672438,3.1934564887867826e-07,1.248146540071173e-05,0.0036600508033484756
49,0.0034416715559201744,0.0009680491249638566,0.0005477576718754939,2.29953230976496e-06,0.00018068326421654394,1.066702732562991e-05,0.000538082891363693,0.0018457380968888845,0.13831442028978705,0.00015358670000127338,8.255882679238342e-05,0.00017233402304504903,6.793211248297474e-08,3.667199392778446e-05,0.08803274204136076,0.00014676098416701086,1.722259055058944e-05,1.0743630045315113e-07,0.7572161237367214,7.959350402411671e-08,0.0002883508149756635,0.0032368285214760357,5.300500737844241e-07,1.0038337628230342e-05,0.00475662696271204
50,0.0011837669283401504,0.0005164345204201473,0.00017712371716247153,9.28088799685747e-07,5.127640377709689e-05,3.16610299377576e-06,0.0005176576703229396,0.0010662253991753543,0.11889803371096073,0.00017095780236096926,1.1331511708179822e-05,1.5813236406410726e-05,2.4830033977093184e-08,1.5463382312130343e-05,0.03407265478040817,0.00011331644592330033,2.3912298028791956e-06,1.473015236432864e-08,0.8399368419752514,2.7677732936443927e-08,7.318139863777374e-05,0.0008708418734731262,1.0840887121529572e-07,3.514373799445077e-06,0.002298903801173286
51,0.0032516964043919827,0.0011861039726210093,0.0004200575305388635,2.423898204268478e-06,0.00012713262227766764,6.331207494270157e-06,0.0006531217282078515,0.0021410261840460543,0.1418099983644805,0.00017092394395678778,6.867923970522878e-05,9.118006011116018e-05,6.339641755753748e-08,2.5873692835903118e-05,0.07487864232112904,9.589869634634399e-05,1.504304088972359e-05,9.659946146530979e-08,0.7678127200855261,5.8858867176993614e-08,0.0002556579751720383,0.002176911476067288,3.7429575475454263e-07,1.2862370763479693e-05,0.004797122034733378
52,0.0038833151637365465,0.001168948204221009,0.0004298307962771146,2.2902821494711217e-06,0.0001263976136166705,1.0212466933285683e-05,0.0007441820063637807,0.0017901936002932342,0.16199457969040185,0.00017215992648919067,8.204448978398553e-05,9.138809002430207e-05,6.559866469608514e-08,2.7055702001566155e-05,0.0970124740224178,0.00013695876844437818,1.4057009208090583e-05,1.1012972616642951e-07,0.7245095078315988,7.101385746463958e-08,0.00024881892230150236,0.0022616209995396292,5.126440641757574e-07,1.3187722076321735e-05,0.005280017305809148
53,0.0058982781387000955,0.0008481692852289037,0.000424694163931176,1.8322045052305972e-06,3.639782124209793e-05,1.1727511369208974e-05,0.0030249506517017266,0.0014086344930987356,0.212795223642204,0.00010750982235010338,0.00013866542882260186,4.680504859094229e-05,5.1265927932958845e-08,1.8648856795524077e-05,0.1870051273967459,0.00025732632010244444,8.486943874494293e-06,7.982586137549324e-08,0.580507811752549,1.231357119847713e-07,0.00016432008035364033,0.0013154899153721164,9.12961959311217e-07,1.5897606622978003e-05,0.005962835726378271
54,0.004591465499645612,0.0011098655614110782,0.00036208652505078954,1.3235222012908396e-06,5.097017497997197e-05,7.339227506734161e-06,0.0010532098235113954,0.0007863585000213284,0.1521191947028928,0.000156355110373761,2.888243323326355e-05,5.7994807835369176e-05,4.189359135515848e-08,3.586110185825071e-05,0.09928229294261652,0.00020060789524409416,5.2102731796809155e-06,3.9645623556432935e-08,0.7293945104772217,4.8863339997512524e-08,0.00013774881959469106,0.0015172612770475292,3.011310185356876e-07,6.237593593225148e-06,0.009094792197407456
55,0.005403274050420404,0.0012597305796907743,0.0007399666770656056,2.6456731025987854e-06,0.00010419468106315308,5.074813016308735e-06,0.0007349356663600654,0.0021709105314544077,0.24346924974658266,0.0001379614304454423,7.322758620592473e-05,0.00013996966171943824,1.0895417005279769e-07,2.2623473603911307e-05,0.06387422312523733,7.07237302859124e-05,1.6626149290575778e-05,1.1176031925225932e-07,0.672035651127237,7.846785867136559e-08,0.00016993455131483735,0.001616997189013421,2.4248435901482474e-07,1.7672444271213452e-05,0.007933865445912071
56,0.003197228976302189,0.0011487993956422295,0.000445137591720975,2.2019056293927324e-06,0.00013352018366268866,6.0563666285615284e-06,0.0005927213970334079,0.0019338260374203032,0.14832968651633732,0.00015500052194443136,6.053894840091702e-05,8.445301327129576e-05,6.952150974845684e-08,2.4186215942047652e-05,0.08528508365613194,0.00010655121202477174,1.5675066273275772e-05,7.422857776713411e-08,0.7513634232221452,5.808313933290398e-08,0.00021115841219493864,0.0018942801761612635,3.9113184044680807e-07,1.3691127574434488e-05,0.00499618709249122
57,0.001140573752742621,0.0004930047167218809,0.00037450217001148273,1.317699592368517e-06,0.00014546205242509458,2.033446912436805e-06,0.00013364244812081347,0.002070250068810037,0.11107941703209855,0.00013034512256447422,1.666803686293419e-05,9.630181101089044e-05,3.527687341550914e-08,1.5035277369521295e-05,0.03763924437383947,6.72533420320651e-05,1.5159675154644306e-05,2.4035594792337347e-08,0.8413876310807312,3.174821868178922e-08,0.00018057622204866602,0.0017897836505877335,1.1393089987862691e-07,5.159926141781385e-06,0.0032164331026347127
58,0.0036507379902241135,0.0012450238220614784,0.00047191931973131435,2.206981532543264e-06,0.00013567064118605868,5.122360241297687e-06,0.0006228334286018326,0.002302410507126347,0.14147039412925216,0.00015977745943557202,6.055753472433187e-05,8.903201493512472e-05,6.994873421769229e-08,2.172569137110073e-05,0.09241145924772182,0.00010539928516565586,2.1095982511367932e-05,8.066120727782483e-08,0.7494517367239144,5.579647879566604e-08,0.00023025177318756587,0.0021046874555412445,4.320513494638357e-07,1.8635763498537444e-05,0.005418683430266384
59,0.004233114205760405,0.001309509832229089,0.0006276207149523213,2.5510133076992828e-06,0.00015012267619030607,5.2087444264139185e-06,0.0007155591373096607,0.0026645497681393186,0.15748326748528463,0.0001697216560956768,6.806387233396975e-05,0.00010281903461362214,8.026131182238725e-08,2.3002100413406933e-05,0.09374311385088363,0.00011329385281165994,2.3929946427948657e-05,9.529951099519044e-08,0.7300492470963121,6.571639467475835e-08,0.0002542317096974346,0.00208732127030905,4.512569499807726e-07,2.4326294187065015e-05,0.006148733204146938
60,0.0031179928095607583,0.00102429911040362,0.000402326506246697,2.0382193275114683e-06,0.00012351068409969382,5.885934932451953e-06,0.0005605632873874106,0.0018588196450152897,0.1380869397705195,0.0001465493156035331,5.674996978364676e-05,8.085398286043596e-05,5.4659213624716145e-08,2.273112982015752e-05,0.08534631315028705,0.00010993198827918119,1.4520422930539533e-05,6.777778091273345e-08,0.7618943404904532,5.174643060966541e-08,0.00021820495407972346,0.001849618960403198,3.8510858555902305e-07,1.202922108295534e-05,0.005065221154912946
61,0.0037126969539202003,0.0012310761757159114,0.0006231320656901973,2.358117327240371e-06,0.00014867703884361393,5.210182651430914e-06,0.0006361559151693023,0.002277541025082598,0.1595883065454292,0.00015040311184256314,6.704658666720431e-05,0.0001016946199668763,7.431289328363361e-08,2.41586256109861e-05,0.08958165528486585,0.00010501985979898015,2.004495684813679e-05,8.048108317222239e-08,0.733727483302433,6.186161495670404e-08,0.000235163155987691,0.001949317171763256,3.8979708586293517e-07,1.8850663540234975e-05,0.005793402188168588
62,0.0031179928095607583,0.00102429911040362,0.000402326506246697,2.0382193275114683e-06,0.00012351068409969382,5.885934932451953e-06,0.0005605632873874106,0.0018588196450152897,0.1380869397705195,0.0001465493156035331,5.674996978364676e-05,8.085398286043596e-05,5.4659213624716145e-08,2.273112982015752e-05,0.08534631315028705,0.00010993198827918119,1.4520422930539533e-05,6.777778091273345e-08,0.7618943404904532,5.174643060966541e-08,0.00021820495407972346,0.001849618960403198,3.8510858555902305e-07,1.202922108295534e-05,0.005065221154912946
63,0.0032950378211641534,0.0012285221948895215,0.000403996467458563,1.974270100257643e-06,0.00011651660562701563,5.627657985989341e-06,0.0005859391201489549,0.0018557524049287839,0.1472642990412913,0.00014763138735984855,5.928541283673754e-05,7.501076615386704e-05,6.033246167254186e-08,2.164469399176957e-05,0.0909239443007336,9.802247835240684e-05,1.5554525642154542e-05,7.197559262662204e-08,0.7465096058171469,5.26830210362825e-08,0.00020726662883570115,0.0019587781728979585,3.6486307127261043e-07,1.358196612212846e-05,0.0052114584121858605
64,0.0027821226684738277,0.0008796579885537317,0.0003397538397158043,2.0065016781831524e-06,0.00012060750520628951,5.440872259252662e-06,0.00046365311787491086,0.0019511818786104621,0.11444507568640397,0.00014351700321431582,5.7289905627433505e-05,8.188961901126532e-05,3.7611559187136486e-08,1.9976304628154116e-05,0.08599972084183409,0.00011121331228815128,1.5601527725486847e-05,6.901179441049877e-08,0.785393352462927,4.342311971977653e-08,0.000320784520585,0.0017659327949289133,3.908019069560804e-07,1.1004563440018647e-05,0.005089676236633789
65,0.002015164651176785,0.0003780473642745953,0.00030857562646223084,6.0748261497021765e-06,0.0007750727472920051,7.74340151123523e-05,0.00023811700216565626,0.0010272629247209248,0.0327270736528745,0.0003265989972337244,0.00010460038673556887,0.0006183933841622441,3.172584819529696e-08,0.00018033113194692443,0.044842513264488446,0.0006166362858733698,1.022501665707097e-05,3.1891404229783096e-07,0.906190072060897,6.718688953398677e-08,0.0017412668196362688,0.0031721502608059522,2.047915060999149e-06,2.293609058977935e-06,0.004639630230434837
66,0.002471033240034998,0.0008151490685142426,0.00037371157969939974,1.8718716371491997e-06,0.00011049159256261064,5.626605837590755e-06,0.0005147112736916855,0.0016788860190456948,0.14324524619059312,0.00015146369550690558,4.360708631393403e-05,6.808415102023884e-05,5.080045807040756e-08,2.1634180478978845e-05,0.06539904776955877,0.00011463628517090671,9.970818800333695e-06,5.091741620339152e-08,0.7790158562109548,5.1625417756454934e-08,0.00017931462478909627,0.0014876121191370816,2.8756408713487164e-07,8.636129779245605e-06,0.004282968579493952
67,0.006662594010961633,0.0009070264069506515,0.0007706262807064018,3.7163212560515804e-06,0.0001957003465588275,4.2940681453238225e-05,0.0016589567473630758,0.0008715959303330854,0.09122106739935648,0.00012875816033519223,0.0001819463569767231,0.00029562464833802685,9.091701234197912e-08,0.000127979237533925,0.22889511750420327,0.0007395039420219178,1.4978029676639999e-05,1.6218199348852103e-07,0.6547648454354174,1.6360547449337577e-07,0.0004448142593173741,0.0024671191274481565,3.7427809584962264e-06,1.0228304332805341e-05,0.009590701384020113
68,0.0024163877944070613,0.0009376433340721737,0.00038631128582691256,1.793330366614124e-06,0.00012236115789443513,4.584479390640244e-06,0.0004797087012352207,0.0017637085780097227,0.13946569415157137,0.00014170241449296554,4.250031544029005e-05,6.440170149945383e-05,5.193282307875808e-08,2.091320250719523e-05,0.07382348200703522,9.636067265173412e-05,1.173731457463277e-05,4.663335403829832e-08,0.7741971391991295,4.3536750508295705e-08,0.0001763096692625241,0.0015604213012235804,2.8293373884231393e-07,1.0332115358833367e-05,0.004276082237383426
69,0.0032135160000163736,0.0008356744438063567,0.0007193416787804973,3.216571095414212e-06,7.473464949902637e-05,2.431908868976401e-06,0.0006729540342762085,0.00396052213411024,0.21643365408036247,0.00021087174028984983,3.4424761944210336e-05,5.901633828220233e-05,6.30600354228904e-08,9.760408017785097e-06,0.06713049563590866,0.00012672471820562582,2.1164587139759554e-05,5.24518740534409e-08,0.6948816323188851,9.33437711172151e-08,0.00021534267051487448,0.0007065148726394788,2.2533702049097322e-07,2.7508890109684173e-05,0.010660063364546299
70,0.0029791376800794907,0.0010135666734371613,0.0003742681564149943,1.977206440452412e-06,0.00011937716601528714,5.4720089861896715e-06,0.0005417420320280327,0.0019370746054171023,0.13620477490563618,0.00014619467738737928,5.513790898501035e-05,7.491768911709939e-05,5.263763273039368e-08,2.044001355290336e-05,0.08470743572172565,0.00010415096681498294,1.4767941218261802e-05,6.532995154153099e-08,0.7648331969629366,4.9608283743137624e-08,0.00021357635649209652,0.0018149503298031605,3.7156524373975076e-07,1.2270334623626228e-05,0.004825031521776583
71,0.003467339409763461,0.0009940878887300167,0.00040481185005770346,2.0781528302238853e-06,0.00011467922251470747,5.892626753291516e-06,0.000623372589452994,0.0019287998465218835,0.13283675415759322,0.00014064341806825748,6.094120469138117e-05,8.576136069736409e-05,5.499886602447449e-08,2.2596483054623355e-05,0.08695627215166023,0.00011757764350031491,1.540389107376182e-05,7.323057997464103e-08,0.7649677028334126,5.588666172501409e-08,0.00022596769583814984,0.0018748137046222721,4.219906279712726e-07,1.265467656089677e-05,0.00514124308586688
