,0,1,2,3,4,5,6,7,8,9,10,11,12,13,14,15,16,17,18,19,20,21,22,23,24
0,0.00013139400793844472,0.0020029457861931543,4.833430487803509e-05,3.3211155886382904e-07,5.163081220251981e-05,6.840771094055255e-05,0.00011299952190264745,8.336953324635963e-06,0.981512777658604,5.9549028386883975e-08,5.433562681971119e-06,9.375493314992194e-06,1.388789702329905e-08,4.7587434847585134e-08,0.0011213799738584863,0.001408192878384754,9.261840037690143e-09,7.9142884935639e-07,0.01350406818664464,6.1749350254218136e-09,2.5156890780621763e-06,5.026772657973843e-06,1.1576544515403116e-09,5.015150850082487e-06,9.043773470043757e-07
1,0.0012934670337488986,0.0708233192201649,0.00012010955571200443,6.141183627390884e-05,0.002707964152319632,0.00015184734659598334,0.00590864910648417,0.00015695450662548324,0.8985828146747141,7.669640380487323e-07,0.0013183080814046092,0.0007403034078330885,7.961055830092253e-08,0.00011366454005367534,0.004563295816958457,0.0004932926532461322,1.7963830105425173e-06,3.9697932100516796e-05,0.012370016930108335,1.2856109863771514e-07,3.6853940158724825e-05,0.0003126703885976275,1.087348683559602e-06,2.276656931070095e-05,0.00017873344020009178
2,0.00023943905270860436,0.004012150332415944,6.6524140666326e-05,5.225589886331239e-07,9.747323628144152e-05,6.156662531008344e-05,0.00024508858947762467,9.266766920084422e-06,0.9823832755830971,1.2902083118143085e-07,6.120075164782846e-06,1.4960937260669438e-05,1.4996546050076763e-08,1.0573728380775607e-07,0.0015226765921864658,0.0012540588058918749,1.0714539889465219e-08,1.2558186742223126e-06,0.010070091469336679,9.906104317242158e-09,2.578039389638013e-06,5.5141115485703855e-06,2.4037999498714143e-09,4.6235373578414855e-06,2.5409482180464253e-06
3,0.00022151773078391175,0.0037178976960001884,8.037040069108238e-05,7.724538843430622e-07,5.799055165070514e-05,7.046090851416284e-05,0.00022048425936683653,9.940650621862358e-06,0.9811817730491039,1.4337788155808496e-07,6.740970169468193e-06,1.7989373048816054e-05,1.5089699617953206e-08,1.0249154217551122e-07,0.0009939027636971956,0.0012552537005917303,1.0530050860754289e-08,1.4116297043550486e-06,0.012144564784259149,8.068371638178188e-09,3.3723820130008915e-06,6.646092204572671e-06,2.6802190717369112e-09,6.746956050213387e-06,1.8814098796554452e-06
4,0.0002273557302602579,0.0036281524564995295,7.692965809567165e-05,8.006289900654825e-07,5.673391178916897e-05,6.805080457334697e-05,0.00021023479867035607,9.042766810626134e-06,0.9819257294354061,1.3330314112662438e-07,6.57551638153677e-06,2.0244801845781316e-05,1.8593206948746096e-08,1.0967047829490552e-07,0.0009207371195590972,0.0011518046001198347,1.2136453020213484e-08,1.4786706371739935e-06,0.011676417835689127,8.244077996010128e-09,3.600182321889182e-06,6.974932615269717e-06,2.703489991053422e-09,6.840378057667284e-06,2.0111208301606865e-06
5,0.0002639552832164493,0.00376911095984298,8.298824718632744e-05,1.0952594537264918e-06,5.0371983726968987e-05,7.217083557578771e-05,0.00021235521610751462,9.307297883085963e-06,0.9826939744808981,1.7078848724850025e-07,6.785191025664881e-06,2.2363496561984367e-05,1.8592094202621807e-08,1.3132727773275134e-07,0.0008143450371042717,0.0012084539594584113,1.3405224538337798e-08,2.190119862571349e-06,0.010767851599250035,9.181761846718656e-09,3.99285589728835e-06,7.97541890075106e-06,3.063382698136893e-09,8.105134171610342e-06,2.2612656482958785e-06
6,0.00022151773078391175,0.0037178976960001884,8.037040069108238e-05,7.724538843430622e-07,5.799055165070514e-05,7.046090851416284e-05,0.00022048425936683653,9.940650621862358e-06,0.9811817730491039,1.4337788155808496e-07,6.740970169468193e-06,1.7989373048816054e-05,1.5089699617953206e-08,1.0249154217551122e-07,0.0009939027636971956,0.0012552537005917303,1.0530050860754289e-08,1.4116297043550486e-06,0.012144564784259149,8.068371638178188e-09,3.3723820130008915e-06,6.646092204572671e-06,2.6802190717369112e-09,6.746956050213387e-06,1.8814098796554452e-06
7,0.0007846183719470277,0.004639806937108536,0.0002646789929089385,7.395812746576611e-07,6.577361974515443e-05,0.00010231643042006756,0.00033672784330791345,1.3951735844381041e-05,0.9688771223295741,2.302879108900908e-07,7.967562408461053e-06,1.935444139024953e-05,2.4591323386730367e-08,8.587656770525306e-08,0.0005599435897358169,0.0009446921499284948,9.919150567611618e-09,2.0052476932939996e-06,0.02335673664568756,8.248275365171764e-09,2.6330087934218076e-06,3.634348698587437e-06,3.4730253664827393e-09,1.4899940145780275e-05,2.0348271339502368e-06
8,0.00015164869034082836,0.0024785595076792406,5.081968041858524e-05,5.355594150683785e-07,4.907573258264191e-05,6.473126257425776e-05,0.00016011028696987778,8.83207586568958e-06,0.9829485297547854,9.816193311186575e-08,6.295818882197554e-06,1.4000025765273444e-05,1.3068075963038693e-08,7.885257464252235e-08,0.0012520482891985722,0.0013020292345861184,1.1355863992446152e-08,1.45587639540962e-06,0.011492743406025253,6.325527730821997e-09,3.418273953895249e-06,8.400391866581926e-06,1.6322159280556777e-09,5.0041029577836365e-06,1.5526335460367808e-06
9,0.00021930592109272094,0.002945268179337535,5.198771885841026e-05,4.48465800973183e-07,7.998588780991894e-05,7.17356887464522e-05,0.00018791913886218587,1.165017670869225e-05,0.9776245138710592,9.41739331437431e-08,9.303198377900177e-06,1.3570254199646721e-05,1.453573545807415e-08,9.81803001283467e-08,0.001426113849619755,0.0012799732202271152,1.5263898258503365e-08,1.5415974746343804e-06,0.01605755425693174,7.062817092847398e-09,2.788309102560378e-06,8.721748771373462e-06,2.0666909347982537e-09,5.642172250413265e-06,1.7450613936924861e-06
10,0.00022151773078391175,0.0037178976960001884,8.037040069108238e-05,7.724538843430622e-07,5.799055165070514e-05,7.046090851416284e-05,0.00022048425936683653,9.940650621862358e-06,0.9811817730491039,1.4337788155808496e-07,6.740970169468193e-06,1.7989373048816054e-05,1.5089699617953206e-08,1.0249154217551122e-07,0.0009939027636971956,0.0012552537005917303,1.0530050860754289e-08,1.4116297043550486e-06,0.012144564784259149,8.068371638178188e-09,3.3723820130008915e-06,6.646092204572671e-06,2.6802190717369112e-09,6.746956050213387e-06,1.8814098796554452e-06
11,0.0002299871707209203,0.0036420654882467966,8.210311808187962e-05,7.87468443738928e-07,5.9624776386788407e-05,7.031621612899085e-05,0.00021949408157838116,9.62679549050346e-06,0.98149175841777,1.415672833013201e-07,6.662445337872011e-06,1.903685544763118e-05,1.7921027098362393e-08,1.0345023890792222e-07,0.0009445038678116387,0.0012336826732134102,1.1533338117580951e-08,1.4441398232487306e-06,0.011969468430481512,8.641562931632315e-09,3.503381078500935e-06,6.601076406811995e-06,2.77331587086993e-09,7.108771849942312e-06,1.9389389354140133e-06
12,0.0003097350445321429,0.00661151691062108,5.014088747385712e-05,9.519316516339272e-07,9.977016528378696e-05,7.920031784937017e-05,0.00020164621070391746,6.7203654745180225e-06,0.9819370113473488,2.236005689113743e-07,5.173267220799056e-06,1.692182868170363e-05,2.009822878306202e-08,2.740288594142603e-07,0.0007751626288663943,0.001007537015189142,2.400333368232945e-08,2.610816369735813e-06,0.008875406996231803,1.3842535046274597e-08,4.036227259628166e-06,7.060531388889772e-06,3.5539340567029977e-09,4.808818581312586e-06,4.029561811939583e-06
13,0.0001799579398686573,0.00373650795616869,8.564876748568551e-05,1.2156647597623513e-06,6.895543172585875e-05,6.408747122735755e-05,0.0003178641202363396,1.90972294103135e-05,0.979972635968626,1.1062700169346509e-07,1.7903695639383124e-05,3.677765949348437e-05,1.721545230365264e-08,2.085300231816873e-07,0.0013488777509076265,0.001280408925182937,1.3492035867608068e-08,1.4587113002576535e-06,0.012841797277538335,8.490719829486347e-09,4.389379020429026e-06,1.2150012173550995e-05,4.72612342512508e-09,7.847648656755605e-06,2.05530922222282e-06
14,0.0002472235976463709,0.004901060420047431,7.742789165011617e-05,8.373425155406911e-07,7.432654962151694e-05,7.769050795010384e-05,0.00025927864020687264,1.0864685099702036e-05,0.9780576293008475,1.798471826153837e-07,7.981022287251631e-06,1.777990775721012e-05,1.434054183910799e-08,1.3074376560009213e-07,0.0010621379378622,0.0013073034235082113,1.181397293972353e-08,1.5139986121770668e-06,0.013876627594872817,9.223099259019227e-09,3.4038144698879885e-06,7.118359320292133e-06,3.367593680470815e-09,7.336953483820447e-06,2.108716085287533e-06
15,0.00022151773078391175,0.0037178976960001884,8.037040069108238e-05,7.724538843430622e-07,5.799055165070514e-05,7.046090851416284e-05,0.00022048425936683653,9.940650621862358e-06,0.9811817730491039,1.4337788155808496e-07,6.740970169468193e-06,1.7989373048816054e-05,1.5089699617953206e-08,1.0249154217551122e-07,0.0009939027636971956,0.0012552537005917303,1.0530050860754289e-08,1.4116297043550486e-06,0.012144564784259149,8.068371638178188e-09,3.3723820130008915e-06,6.646092204572671e-06,2.6802190717369112e-09,6.746956050213387e-06,1.8814098796554452e-06
16,0.00018617745036702047,0.004618402019988884,7.130571054964469e-05,1.0307855791826263e-06,5.591970887043029e-05,6.402922762748498e-05,0.0003395929045663005,1.3870823221995207e-05,0.9764408979148275,2.6351498166356754e-07,6.858000590064424e-06,3.3986392241558044e-05,1.7512440045298716e-08,1.596504091635704e-07,0.001501442535824817,0.0016718136112238205,1.4607318240379887e-08,1.9060556028045195e-06,0.014960118724169384,1.0247850696106432e-08,7.677833077562988e-06,1.531194718235577e-05,3.7766591226102e-09,6.300710121304869e-06,2.888334708957843e-06
17,0.00022342981506192524,0.0041569027955811475,7.760012914609034e-05,9.657258904412392e-07,6.952731280594511e-05,6.89741549726544e-05,0.0002563192029776239,1.161114870608355e-05,0.9807589706426997,1.6232777742133418e-07,8.074391388969434e-06,2.3330354381924446e-05,1.8647186484436084e-08,1.4483116254315724e-07,0.0010452087292502515,0.0013346330284132863,1.4368434014916885e-08,1.6237175002213803e-06,0.011940421430683546,1.028838934166413e-08,4.111524468793358e-06,8.574836616960487e-06,3.6700916407482824e-09,7.0548877402728064e-06,2.3120386727420506e-06
18,0.00034218270100327264,0.004860987645331048,6.9391562120832e-05,9.127410189985067e-07,9.463047071750083e-05,6.278534847648606e-05,0.0003257454322434567,8.817705197118496e-06,0.982650349077026,2.6227459948061283e-07,5.491187200174618e-06,2.909124747350298e-05,2.819847719777844e-08,2.284148915453201e-07,0.00113465016312883,0.0011313999830652535,2.5332173873734096e-08,3.426149711148478e-06,0.009252821767552566,1.4184557154380684e-08,5.790761849772478e-06,1.0355242441425839e-05,3.6313010143804497e-09,4.949414896168501e-06,5.659363546008292e-06
19,0.0001609448226459457,0.003468589352079772,9.3083077322954e-05,1.0415963171149176e-06,4.444565417327621e-05,4.491182997703576e-05,0.000366137823961533,1.1819077842553402e-05,0.9837442448928285,1.472151583999234e-07,5.981709184933795e-06,3.5330502910108925e-05,1.6902133176393676e-08,1.0092225788509515e-07,0.001128887492423007,0.0013132741407842596,8.464569023068914e-09,1.1380418842462418e-06,0.009558942715899757,6.902553856578489e-09,4.407189227234129e-06,9.007501492799331e-06,2.7466325375947645e-09,5.419917626868912e-06,2.109508112968591e-06
20,0.00015090550608025795,0.0028780928653259147,8.868606536736148e-05,8.818404065131173e-07,4.515542193761134e-05,5.9578276953176455e-05,0.0002875592144675381,2.0865056936634187e-05,0.9783600577631869,1.2900000367528787e-07,1.0130479918081073e-05,2.7206004285329368e-05,1.2910380506877745e-08,1.042823561463334e-07,0.0022670453283190326,0.0017438696408731442,1.0550839759287588e-08,1.4216210519561104e-06,0.014031745108209004,7.085748470261823e-09,4.427660574309338e-06,1.4813890403397801e-05,2.5123223612258044e-09,5.429652005988649e-06,1.862262046922393e-06
21,0.0002452221971689148,0.0039305105953944455,8.850643703595881e-05,6.624288243337866e-07,7.46402809615396e-05,7.142820671720316e-05,0.00024758658635494913,1.0322270022581315e-05,0.9784269332068672,1.3842218888066194e-07,7.891225821286864e-06,1.6284905522182565e-05,1.5143918859976474e-08,8.388134539506485e-08,0.0011769253320084642,0.0010480448196002272,1.220688336335803e-08,1.3148953655735763e-06,0.014634362214705265,8.452547712601707e-09,3.226973619053181e-06,6.607391419293328e-06,3.203244194996509e-09,7.1934684359065436e-06,2.0752540273479858e-06
22,0.00033846056310388574,0.0029494179079046622,7.785086672833717e-05,6.809253146372874e-07,5.8649404693715476e-05,8.749906359470536e-05,0.00014375673527748737,9.79134108139749e-06,0.9807433030796191,1.4047426733332473e-07,8.153345876079926e-06,1.2867708499581302e-05,1.6785864616624307e-08,1.0016123959140073e-07,0.0010639208473037477,0.0012714183886951946,1.9914850273440974e-08,3.0777115780889813e-06,0.013208137259095946,8.921881991081735e-09,3.379176717756687e-06,9.43755771918567e-06,2.2255069085653042e-09,7.774384311799005e-06,2.1352492739129717e-06
23,0.00022151773078391175,0.0037178976960001884,8.037040069108238e-05,7.724538843430622e-07,5.799055165070514e-05,7.046090851416284e-05,0.00022048425936683653,9.940650621862358e-06,0.9811817730491039,1.4337788155808496e-07,6.740970169468193e-06,1.7989373048816054e-05,1.5089699617953206e-08,1.0249154217551122e-07,0.0009939027636971956,0.0012552537005917303,1.0530050860754289e-08,1.4116297043550486e-06,0.012144564784259149,8.068371638178188e-09,3.3723820130008915e-06,6.646092204572671e-06,2.6802190717369112e-09,6.746956050213387e-06,1.8814098796554452e-06
24,0.0002751565448278393,0.006009970595153442,7.381374016966335e-05,1.1740363138833254e-06,6.574902647812001e-05,8.314637427613257e-05,0.00021632597651141997,1.0355386201876226e-05,0.9773257985380772,2.059114540821533e-07,7.443502798133429e-06,2.0938689799423068e-05,1.7981857269489064e-08,1.8667450904326018e-07,0.0007766347242609723,0.0013649052165795534,1.4576416689567317e-08,1.7382957370071335e-06,0.013744412688865629,1.1555052274207496e-08,3.6209821980090503e-06,7.592321078689834e-06,4.010879073900687e-09,8.65502976164222e-06,2.1276207431397525e-06
25,0.00018595528470010484,0.00484421363237985,0.00010903672536765188,2.144216252245658e-06,8.871320996071944e-05,0.00010118347612168863,0.00046587471836382764,4.825882388439858e-05,0.9719346717489875,1.8178528285565063e-07,3.4986783428642163e-05,3.602247822561728e-05,1.3531384866782259e-08,3.695288577349989e-07,0.0013829023016232486,0.0022491143426329498,1.4699101266542833e-08,1.6731923875471138e-06,0.018481248295436743,1.0954577374730387e-08,4.853059382647989e-06,1.5157921035846194e-05,8.046296151047972e-09,1.1819833581508507e-05,1.5714107469647128e-06
26,0.00046236700168292153,0.0028426948500605937,0.00010010569688127859,5.423929644376887e-07,5.3069609012498536e-05,8.996770089654034e-05,9.61455169998872e-05,4.2843724887171415e-06,0.9816049863164417,1.0198719068069525e-07,5.461725834548909e-06,8.798321557168085e-06,2.1582463840352355e-08,4.404232981180036e-08,0.0003056472075602108,0.0007499957142197619,1.0927154806354471e-08,1.6443529007582915e-06,0.013650459154264436,8.116445605341632e-09,2.0800832102938206e-06,2.7234218047103938e-06,2.5803244492666632e-09,1.7758241680092055e-05,1.0790836301418732e-06
27,0.00017200813647933648,0.0030976754786699663,6.892534611823814e-05,7.485961555426445e-07,4.7734173278199935e-05,6.721262021693057e-05,0.00018892237797110714,1.1287679330407705e-05,0.980739396254208,1.1892762012375918e-07,7.721469408466467e-06,1.759017495396842e-05,1.30453275216312e-08,9.223949128077847e-08,0.0012405592328633734,0.0014078358064948952,1.0853654301356462e-08,1.3612169305288924e-06,0.01290994638686814,7.191220754985055e-09,3.4872088898966443e-06,9.319641207120677e-06,2.3505067290414396e-09,6.471305374674055e-06,1.5522867604040531e-06
28,0.00022151773078391175,0.0037178976960001884,8.037040069108238e-05,7.724538843430622e-07,5.799055165070514e-05,7.046090851416284e-05,0.00022048425936683653,9.940650621862358e-06,0.9811817730491039,1.4337788155808496e-07,6.740970169468193e-06,1.7989373048816054e-05,1.5089699617953206e-08,1.0249154217551122e-07,0.0009939027636971956,0.0012552537005917303,1.0530050860754289e-08,1.4116297043550486e-06,0.012144564784259149,8.068371638178188e-09,3.3723820130008915e-06,6.646092204572671e-06,2.6802190717369112e-09,6.746956050213387e-06,1.8814098796554452e-06
29,0.00022151773078391175,0.0037178976960001884,8.037040069108238e-05,7.724538843430622e-07,5.799055165070514e-05,7.046090851416284e-05,0.00022048425936683653,9.940650621862358e-06,0.9811817730491039,1.4337788155808496e-07,6.740970169468193e-06,1.7989373048816054e-05,1.5089699617953206e-08,1.0249154217551122e-07,0.0009939027636971956,0.0012552537005917303,1.0530050860754289e-08,1.4116297043550486e-06,0.012144564784259149,8.068371638178188e-09,3.3723820130008915e-06,6.646092204572671e-06,2.6802190717369112e-09,6.746956050213387e-06,1.8814098796554452e-06
30,0.00022151773078391175,0.0037178976960001884,8.037040069108238e-05,7.724538843430622e-07,5.799055165070514e-05,7.046090851416284e-05,0.00022048425936683653,9.940650621862358e-06,0.9811817730491039,1.4337788155808496e-07,6.740970169468193e-06,1.7989373048816054e-05,1.5089699617953206e-08,1.0249154217551122e-07,0.0009939027636971956,0.0012552537005917303,1.0530050860754289e-08,1.4116297043550486e-06,0.012144564784259149,8.068371638178188e-09,3.3723820130008915e-06,6.646092204572671e-06,2.6802190717369112e-09,6.746956050213387e-06,1.8814098796554452e-06
31,0.0005622331668381069,0.0061058056000338505,0.00020193169082099622,1.0640254766239043e-06,7.559960228073815e-05,9.31623957339254e-05,0.0003944708788533162,2.2686294896852373e-05,0.9681597625872436,3.0418032817722194e-07,8.576034324846887e-06,2.143065337931411e-05,1.871048063186941e-08,1.3110018674138908e-07,0.0008854160135994408,0.0013044193113014306,1.3226743599908918e-08,2.102318231353395e-06,0.022137824307401306,1.0785049628547836e-08,3.818825007000148e-06,6.463301634089676e-06,4.5500044160762155e-09,1.0374443287481374e-05,2.375996862675462e-06
32,0.00023646422568913316,0.003786499087116599,8.078230052978968e-05,7.09820475504014e-07,5.601669640423884e-05,7.408376787024489e-05,0.00021189461824571,1.0257264200164449e-05,0.9788711010587655,1.44209862745742e-07,6.8308562431133126e-06,1.7337457621353416e-05,1.5070565921122856e-08,9.761923368770536e-08,0.0009968993944662996,0.0012254387526337638,1.0718353069135248e-08,1.4241571170924746e-06,0.014404818777949632,7.640024047984744e-09,3.3686600002745647e-06,6.8769481012763725e-06,2.5955350798112853e-09,7.143950870660538e-06,1.7743521250529683e-06
33,0.0002552031029412064,0.007003272190639582,9.005503747242867e-05,3.0564478676466116e-06,0.00012248804356414618,0.00022019767489769388,0.0003370435645246039,5.151589289223076e-05,0.9493778773038436,5.373125110163939e-07,3.090103715156578e-05,3.178977175900783e-05,4.236970913682635e-08,6.568305159639922e-07,0.0009324854703278025,0.004298076363904076,6.138776088143057e-08,3.312887241689021e-06,0.03717877037482796,3.429281942976516e-08,8.283077912322808e-06,2.7563138149205285e-05,1.714897607427639e-08,2.4783555755231728e-05,1.975722035183559e-06
34,0.00023034200158788133,0.0034152293185281523,7.655558119977384e-05,6.082083107201838e-07,5.139623709349207e-05,6.608091010935515e-05,0.000184614651134249,8.452618906849049e-06,0.9812482015522934,1.1155180106532196e-07,6.055357022051066e-06,1.5604227638721768e-05,1.3986202176173485e-08,8.035406715284005e-08,0.0008866585019227606,0.0010480045155913996,9.186811362899026e-09,1.2589951922482478e-06,0.012744062826020806,6.399097854374467e-09,2.8944526030348432e-06,5.669368054030423e-06,2.0909002720776734e-09,6.511886436108269e-06,1.5752214750441112e-06
35,0.00023078567566658101,0.0036262932941354175,8.142985567396823e-05,7.582527414951343e-07,5.604606645338226e-05,6.827755975242959e-05,0.00021995034455757863,9.874613826682644e-06,0.9814528920975689,1.4133192575987956e-07,6.508002770958201e-06,1.7943194410948878e-05,1.4937324155455458e-08,9.831915325346936e-08,0.0009564549683739929,0.001212948463503618,1.0361070663482703e-08,1.4619163555197035e-06,0.012039614361575298,7.714429410868071e-09,3.3427629195708518e-06,6.573820493373031e-06,2.559657116234337e-09,6.706383834146667e-06,1.8631418257220194e-06
36,0.00024727717891588293,0.004646788061354754,8.148531902779722e-05,7.881184569824089e-07,7.527064986353403e-05,9.984265111416585e-05,0.00018096276474360046,6.069616508471301e-06,0.9826833880297594,1.8862325976739668e-07,6.352064694549705e-06,9.691945368191288e-06,1.1637058519349732e-08,1.0116121757911794e-07,0.0007109233408490401,0.0009892973860512588,1.0174400994022877e-08,1.6186468712069972e-06,0.010242338358159303,9.550172522784708e-09,3.2723243769483613e-06,4.047097079281535e-06,3.3662772774318564e-09,8.345426257824424e-06,1.91650816107933e-06
37,0.0005951621869711687,0.0047725995242535405,0.00015039228637430768,1.0556055541867652e-06,5.959432505308037e-05,7.803183678954235e-05,0.0002849866119044594,9.339159463727433e-06,0.97700592200489,2.430371150248557e-07,7.338498577046808e-06,2.0251691981274893e-05,2.0178807974408187e-08,9.533508812250704e-08,0.0005002032764553298,0.0009491288761077789,1.2849580887187255e-08,2.7665656446013233e-06,0.015535610601274492,8.96420831296206e-09,3.472053188414882e-06,5.9399567048313505e-06,4.050883295374689e-09,1.5645735204691157e-05,2.1747879235804465e-06
38,0.0002926553738660879,0.002963145635149288,9.172481565296397e-05,3.2927674875171813e-07,5.607820266745019e-05,0.00010194324960707352,0.00017912074515767827,5.980960119965845e-06,0.9796533272164983,1.2967293326162343e-07,4.190916046007676e-06,7.978356601352097e-06,1.114127759637931e-08,4.8988051497001136e-08,0.0010011494183668232,0.0012058808328626275,5.127372227711576e-09,1.0553605179960285e-06,0.014423184839938938,4.713215710567813e-09,1.723349618319297e-06,2.7199548886518664e-06,1.2257023653364325e-09,6.130703460678461e-06,1.4799236782709103e-06
39,0.0001643616690686985,0.0015512369550430675,0.00011742285399425188,6.304410153684819e-07,3.848768820369605e-05,0.00012330276634580443,0.00017334833526874447,1.7427093485951535e-05,0.9738413767730949,1.5924842783005916e-07,5.899382231640512e-06,1.4906328418313887e-05,2.5953939643880366e-08,4.986077040834777e-08,0.0012934285980295756,0.002380134618156958,1.3958989166233936e-08,1.5317184869976833e-06,0.02025313121560945,9.09154931692806e-09,5.744165561591131e-06,7.862759927404873e-06,1.9374908548468747e-09,8.185660989261383e-06,1.3209259012046656e-06
40,0.000180362516105935,0.003385176151001765,7.464398949405108e-05,4.3731589145455374e-07,4.51107455940606e-05,4.740381545270145e-05,0.0002056618158502249,6.310345135971703e-06,0.9841469670323478,7.889378899448715e-08,4.867960206274234e-06,1.9683894823740158e-05,1.214807573369636e-08,7.538435569418829e-08,0.0012582273650095248,0.0007305573260083911,5.821834476342543e-09,8.019809102673765e-07,0.009880629414759562,4.44829259570787e-09,2.305459396880189e-06,5.003412847347616e-06,1.5460073137383734e-09,3.7033481139222394e-06,1.9678686954489316e-06
41,0.0003200293637533519,0.015191153115523213,0.00014347580081094802,7.505085369620385e-06,3.382646038251863e-05,0.00024192753745246672,0.0004804727803331121,6.151036029585343e-05,0.8761600314344226,2.0985328418785954e-06,3.325837262090542e-05,0.00010536257827692214,2.8501757537443247e-08,1.1753378346904992e-06,0.0010723224492335233,0.002335727660483142,7.759430118781344e-08,8.710005405900147e-06,0.1036061763404654,2.785109419892257e-08,3.719863631241358e-05,0.00011526720889832678,3.4841402437307126e-08,3.825937649329958e-05,4.3427742345582215e-06
42,0.00036116269321895207,0.006061244598605277,7.352510045566238e-05,7.247362181923271e-07,0.00011419834737483303,5.732984374105404e-05,0.0002668926464796978,5.057531878200081e-06,0.9857729389446085,1.3054713536086266e-07,5.82586425124938e-06,1.4269528530591961e-05,1.267720853374941e-08,1.6536226065221287e-07,0.000612629595048841,0.0006164106122547036,9.328759910281053e-09,1.5030582094802151e-06,0.006022855786342938,8.246702275275754e-09,2.0959821132913414e-06,2.9255681759660274e-06,3.002955710626657e-09,5.01605061001823e-06,3.0643468602049762e-06
43,0.00023396940017547413,0.004388515559033265,0.00011087605943718665,1.1054970782954758e-06,6.379994185714001e-05,0.00017121361271404948,0.000289229190741562,1.976645707987153e-05,0.9648031180682104,6.710287837470946e-07,6.862885259695654e-06,1.7909964575642813e-05,2.6499547885387248e-08,1.7133110824404137e-07,0.001302508246052956,0.003015755400090242,2.5922158765977085e-08,3.2823373208283755e-06,0.02553191176560947,2.0290361847283253e-08,1.0982922964599099e-05,1.4918531689768561e-05,4.647157469515469e-09,1.0658099220426278e-05,2.6963417708709303e-06
44,0.00022151773078391175,0.0037178976960001884,8.037040069108238e-05,7.724538843430622e-07,5.799055165070514e-05,7.046090851416284e-05,0.00022048425936683653,9.940650621862358e-06,0.9811817730491039,1.4337788155808496e-07,6.740970169468193e-06,1.7989373048816054e-05,1.5089699617953206e-08,1.0249154217551122e-07,0.0009939027636971956,0.0012552537005917303,1.0530050860754289e-08,1.4116297043550486e-06,0.012144564784259149,8.068371638178188e-09,3.3723820130008915e-06,6.646092204572671e-06,2.6802190717369112e-09,6.746956050213387e-06,1.8814098796554452e-06
45,0.00022536517221324027,0.00383234337605041,7.975723284032723e-05,7.824032392736756e-07,5.861012336046249e-05,7.031752240211055e-05,0.00022047754562704095,9.719343974922182e-06,0.9811520012013057,1.465054261672933e-07,6.6632009223373586e-06,1.8179026652555678e-05,1.5286211745042153e-08,1.056518876181857e-07,0.0009649030731988165,0.001225696336979519,1.0783340230864558e-08,1.4349108334280378e-06,0.01211467614633383,8.203534676280972e-09,3.4347944237265183e-06,6.646151500071065e-06,2.750443877128575e-09,6.7779885656071465e-06,1.925268732163819e-06
46,0.00021162783477927824,0.0033987581304357837,7.835352193757155e-05,1.7833225615447431e-06,5.1976458782079125e-05,0.0001281593122054044,0.00014246399019852572,1.9829044530972655e-05,0.9672631678166204,2.0092884712744766e-07,1.3316916846485234e-05,2.9333501228793295e-05,4.91271854053558e-08,1.8128306273272168e-07,0.001230542644423693,0.002408778163645495,6.265460152932583e-08,2.8503061876585136e-06,0.02496680907379364,2.1633260828352978e-08,7.914042255161436e-06,2.7186893301694616e-05,5.898180199230099e-09,1.4446097920374451e-05,2.1814032075521218e-06
47,0.00026954819112143664,0.0026039359993729125,6.951812796779743e-05,5.143914037137957e-07,3.892894132580683e-05,4.400031649174773e-05,0.00018584439346048824,6.374222174317247e-06,0.9827479903355285,1.1961541752698526e-07,3.1996033060394126e-06,2.4484082823968073e-05,2.4434123195009416e-08,5.6695367880466853e-08,0.0008608191583832023,0.0012942043842729,1.13388039930761e-08,1.4895245027848108e-06,0.011829950823138846,7.013620003914815e-09,3.6558178947479188e-06,7.3836838686169446e-06,1.492754764021406e-09,5.837883489597173e-06,2.099529385329625e-06
48,0.0002715183853064928,0.005944958450800132,8.417113710409532e-05,8.060054641152988e-07,5.9222520621556306e-05,0.00010567602514441922,0.00022078310124100606,1.2190706148400794e-05,0.9630882448231376,2.186079116247193e-07,8.636434343753716e-06,1.6210160402819095e-05,1.4874628082057607e-08,1.1813579610468976e-07,0.0008515150115104214,0.0013015542371140932,1.2708868595218353e-08,1.3531137960318106e-06,0.028008606002833454,8.543379893206274e-09,3.6149241111703817e-06,7.930540166725999e-06,3.881779952951282e-09,1.1115656833907618e-05,1.5160115556177103e-06
49,0.0002110797136138614,0.003557481352961913,9.731550101408542e-05,1.0035208473637093e-06,4.4038017345568904e-05,7.318695259026563e-05,0.0002150215495902521,1.0000601119028456e-05,0.9819866894953615,1.617472417215283e-07,6.651098351011007e-06,2.3048530150584914e-05,1.7379662578843227e-08,1.0964016712694191e-07,0.0009588613897240136,0.0012394269746660328,1.0500948810596079e-08,1.554290631250903e-06,0.011553063234372022,8.441722391825847e-09,4.005971514366085e-06,7.669179511387357e-06,3.040211397428415e-09,7.567526996368196e-06,2.024349684767247e-06
50,0.0004885462488991868,0.010276418226538015,0.00019781078568712021,1.538936525468182e-06,0.00017616056350543063,0.00010480800559163173,0.0014535193039620718,4.0910672598333426e-05,0.956004805914236,8.952088537722742e-07,1.2924621359527631e-05,5.228913591416091e-05,2.9076342106598608e-08,3.9378237748272896e-07,0.0020739143163328484,0.0022828632161489867,2.1667345456813123e-08,2.6383602997307706e-06,0.026791863489516787,2.0560342379342316e-08,7.652763903550925e-06,1.4085821266206162e-05,1.0920810369985467e-08,8.858901331362042e-06,7.01950031200414e-06
51,0.00023254061207137055,0.004967206378354514,7.783501373452071e-05,9.210832666326625e-07,4.782829699691923e-05,6.410582095716128e-05,0.00021418081293959288,1.0295501441402033e-05,0.9790733168431822,1.448656942581511e-07,7.054231744615243e-06,2.0082317145338618e-05,1.188211175029974e-08,1.2338560240025888e-07,0.0009679505139168223,0.0010300509928307339,1.0186325061928736e-08,1.4319398389527783e-06,0.013265278382660322,6.914449535345231e-09,3.3098592282972727e-06,8.019788473967468e-06,2.753533042473556e-09,6.438034558591517e-06,1.8535889417125251e-06
52,0.00022436852628189964,0.003272285489089283,7.592763247659712e-05,6.874088772280369e-07,5.612618218117394e-05,7.677426536086075e-05,0.00018916786067770425,9.327360482650221e-06,0.9820683836341488,1.3720234563372903e-07,6.6404538405514765e-06,1.4852069522344746e-05,1.4144221336680109e-08,9.69633160823567e-08,0.0010276480903669077,0.001284683551472485,1.0418833544855977e-08,1.5969252513796454e-06,0.011673399237927892,7.681446982519248e-09,3.0567200222412946e-06,6.443521866371023e-06,2.3030418993559925e-09,6.5498108749325195e-06,1.8125460732453858e-06
53,0.00014471812219946597,0.0034580705077723348,0.00010708635784142867,1.0311331168487463e-06,0.00012164618816138287,4.705536155918913e-05,0.0009249019184552046,2.1522695554868454e-05,0.9823497021578351,1.8435574522489991e-07,1.160709766324555e-05,4.0484607283264434e-05,1.7931775091355944e-08,1.3540150804018287e-07,0.0022082337711470485,0.0019006157143607902,8.749725464270374e-09,1.0241550539749798e-06,0.008639897297141574,1.0270898807708093e-08,4.43103174085222e-06,9.122904682857233e-06,4.8416264439278595e-09,5.389183782095912e-06,3.098243369080774e-06
54,0.0003115944147818254,0.008346797281393353,6.565165037489931e-05,7.188209307876339e-07,7.366835070918022e-05,6.429586430726139e-05,0.00025121812402577136,6.670169212100341e-06,0.9775570840780321,2.1690324805062228e-07,4.1196345675574096e-06,2.000698053662062e-05,1.2404231690478995e-08,1.8645001623328413e-07,0.001414163868097184,0.0010552569191204049,9.544234713569716e-09,1.3384624223886886e-06,0.010811184074436089,9.379541339490897e-09,2.399572532344946e-06,5.599775032248193e-06,2.5571927539883183e-09,3.5818979058819865e-06,4.2128231173120355e-06
55,0.00016210938998373786,0.0012269173906038148,5.206055796078441e-05,3.492170985177067e-07,1.8233451615663197e-05,2.3604385405941722e-05,0.00010737959668361521,2.554236399883859e-06,0.992906935539973,3.233254668440034e-08,1.7660156942506151e-06,1.8212199694351764e-05,1.586557612537958e-08,2.3750674150714935e-08,0.0003790562367495454,0.0005261529386809477,3.522365046340057e-09,8.286171493611188e-07,0.004564641372508573,2.356226873648805e-09,1.795635201462497e-06,2.530554677995245e-06,5.296149020651038e-10,3.815700790812401e-06,9.786061237657581e-07
56,0.00022885049408363718,0.0036437099069433995,8.221008825047057e-05,7.843685371782609e-07,5.776550829045991e-05,7.036109403186708e-05,0.00022320629029456838,9.756405882876636e-06,0.9811133630622723,1.4031955064316902e-07,6.785519755198244e-06,1.980641751740173e-05,1.758804310809483e-08,1.0553225054978176e-07,0.0009624453344734132,0.0012063927715580307,1.1228576941623728e-08,1.429997224720547e-06,0.012353548983197096,8.226496403740017e-09,3.520932951359042e-06,6.7662756786771825e-06,2.7644472856184847e-09,7.054585982775481e-06,1.9563037096905635e-06
57,0.0002075433981919188,0.0034273416921139902,7.837758099047403e-05,8.031062658881593e-07,4.979136460220762e-05,5.476835836918346e-05,0.0002425151721904739,1.142887529965952e-05,0.9782564333692187,1.5371611976541964e-07,5.384949748948044e-06,3.250009052383021e-05,2.8912149138234323e-08,9.697435873867961e-08,0.00107612521964905,0.001514070098463752,1.5288036670866055e-08,1.3168471354462644e-06,0.015017658294327272,1.0889357942753109e-08,4.5431364978381055e-06,1.0035648066407714e-05,2.9161469963071675e-09,6.8324080840889005e-06,2.221694091603764e-06
58,0.00024635605898174585,0.0033514667383259863,8.556601411301706e-05,7.504847359929922e-07,5.304935175046413e-05,7.204187411993183e-05,0.00020156845870357803,8.901975427918857e-06,0.9808140964339467,1.2578553253041048e-07,7.023715118693042e-06,1.8468782920681157e-05,1.7167767315335444e-08,8.744157150574936e-08,0.0007791291777142119,0.0011283231169613313,9.802507074772672e-09,1.3733893376671662e-06,0.013212096467315169,7.423295300674162e-09,3.187085642759171e-06,5.8122389955646086e-06,2.735822742285536e-09,8.932765748070618e-06,1.6055136439555696e-06
59,0.00022418159317049593,0.003222914594790709,9.295570281691015e-05,7.681138207638835e-07,5.050074319529255e-05,7.237217838198424e-05,0.00020159504723367864,9.159373091804867e-06,0.9816220632879503,1.2863861877464928e-07,6.948249475534985e-06,1.7088545330738865e-05,1.5057365850017786e-08,7.779290623209346e-08,0.0008379358277766876,0.0011949436509282958,8.757825243692747e-09,1.2771174789786073e-06,0.012425861279320933,7.461049145294778e-09,3.2132900841453795e-06,5.686372449096539e-06,2.7024666926394415e-09,8.787942846556812e-06,1.5066796250707616e-06
60,0.00022151773078391175,0.0037178976960001884,8.037040069108238e-05,7.724538843430622e-07,5.799055165070514e-05,7.046090851416284e-05,0.00022048425936683653,9.940650621862358e-06,0.9811817730491039,1.4337788155808496e-07,6.740970169468193e-06,1.7989373048816054e-05,1.5089699617953206e-08,1.0249154217551122e-07,0.0009939027636971956,0.0012552537005917303,1.0530050860754289e-08,1.4116297043550486e-06,0.012144564784259149,8.068371638178188e-09,3.3723820130008915e-06,6.646092204572671e-06,2.6802190717369112e-09,6.746956050213387e-06,1.8814098796554452e-06
61,0.0002318110480743679,0.0032941335113109917,9.205887698033231e-05,7.49758309338389e-07,5.275866458025757e-05,7.027762808229366e-05,0.000210245680111479,9.25753938189251e-06,0.9815319383457003,1.3043831653856578e-07,6.813617769372213e-06,1.7638723332857613e-05,1.5914456433274663e-08,7.967534668561494e-08,0.0008582256561409469,0.0011713939927587521,9.15742155568295e-09,1.3179090762454278e-06,0.012432018195974425,7.567466993009476e-09,3.259012434616751e-06,5.798311154155091e-06,2.6792266305834698e-09,8.465155103556397e-06,1.5929414889988718e-06
62,0.00022151773078391175,0.0037178976960001884,8.037040069108238e-05,7.724538843430622e-07,5.799055165070514e-05,7.046090851416284e-05,0.00022048425936683653,9.940650621862358e-06,0.9811817730491039,1.4337788155808496e-07,6.740970169468193e-06,1.7989373048816054e-05,1.5089699617953206e-08,1.0249154217551122e-07,0.0009939027636971956,0.0012552537005917303,1.0530050860754289e-08,1.4116297043550486e-06,0.012144564784259149,8.068371638178188e-09,3.3723820130008915e-06,6.646092204572671e-06,2.6802190717369112e-09,6.746956050213387e-06,1.8814098796554452e-06
63,0.00023700998677268032,0.004612758023638916,8.0121457521508e-05,8.018362774976387e-07,6.0892771254553385e-05,7.135135267204275e-05,0.00021829088042976994,9.371380409359528e-06,0.9795137654594863,1.571930249291347e-07,6.6210177845639214e-06,1.7846800758571232e-05,1.4723616610373962e-08,1.1091954387700771e-07,0.000995545534425554,0.001160830093539441,1.1156331401109293e-08,1.3743363805427137e-06,0.012994095525024505,8.571332960971575e-09,3.4340948790375414e-06,6.767231525691209e-06,2.974464514419594e-09,6.810633650554682e-06,2.006045254395676e-06
64,0.00019538136982801563,0.003831941085891493,8.103703977262251e-05,8.875059029501083e-07,5.3856865859199505e-05,7.303133019764105e-05,0.00022287113170869934,9.588235933235902e-06,0.9813350070326748,1.7370914603277706e-07,6.11495712348608e-06,2.0611400852515216e-05,1.7384008959672108e-08,1.1260398715215176e-07,0.0009869684728227163,0.001254461994888179,1.1889905458234763e-08,1.5086275074199759e-06,0.011904881565775441,9.403282797147852e-09,4.818614653255439e-06,7.689605220994664e-06,3.121144354031491e-09,6.923243491597828e-06,2.0918084208362647e-06
65,0.0002678943027172417,0.007660840206685296,0.0001508968176452141,1.7612622705261977e-06,9.279356658741749e-05,0.00011241184143925609,0.0006015805129773849,2.8277662231570762e-05,0.9687500230862662,5.825382589747284e-07,1.0129670211898817e-05,3.254239296513391e-05,1.870078003667287e-08,2.881915696512556e-07,0.0018504674774979834,0.002145065630631783,1.679483042408802e-08,2.215503774677648e-06,0.018259984572931508,1.8735314188234388e-08,7.665927027578172e-06,1.2516670735209409e-05,7.613423229430943e-09,7.830543054936653e-06,4.169778172600509e-06
66,0.00034947516060429123,0.002998866388323989,0.00011983165188710996,5.460456281204349e-07,8.976184884759277e-05,0.00010678941959075584,0.00021581919693496363,8.095907543061438e-06,0.9804826773264848,1.9863286597721113e-07,6.225794746040542e-06,1.0810164366885298e-05,2.2333387155753943e-08,6.547307809515916e-08,0.0008295267807950574,0.0012925249280964653,1.3261876129314317e-08,1.8598320165629e-06,0.013466285805558075,1.1877502243953647e-08,3.7074796714772308e-06,4.161028264205504e-06,3.068217367886925e-09,1.0653673336351005e-05,2.066920377286461e-06
67,0.0001760493293851459,0.0034230122987806977,0.00011292566271215622,4.985598588781864e-06,7.345594967249149e-05,0.0005135733414697187,0.00013636767970612881,1.935458089838476e-05,0.9760180896002336,6.583647576696525e-07,1.4952813980836132e-05,2.437643909546674e-05,8.712259122660658e-08,7.316087525052464e-07,0.0006517920974318294,0.004862058398689911,5.137509315741664e-08,4.82750276724722e-06,0.013910725254346763,6.604458011505442e-08,1.1919627870005637e-05,9.816665599700824e-06,1.6065213000442158e-08,2.7086697273025568e-05,3.0198805105300244e-06
68,0.00032694419433856485,0.003228134230518085,0.00023362013816540132,1.983165118684405e-06,1.5755024688930476e-05,5.3088457432993364e-05,0.000203393617921651,1.0091228431244193e-05,0.9860366312674045,2.0786249496286844e-07,4.023300335293087e-06,3.399363898817382e-05,1.4634611587326667e-08,8.146066317045285e-08,0.00022682423177428516,0.0007247411660169044,5.82575168655757e-09,2.0679472218090857e-06,0.008873364819200686,5.792212374433993e-09,6.297333165818189e-06,5.08842749071503e-06,3.5870898863258056e-09,1.232186417826657e-05,1.3167847842204781e-06
69,0.0001928758775216382,0.004323247287594684,0.0001502362504454195,1.4657784993655405e-06,7.916321499367122e-05,0.00010636475289568324,0.00037516423791371844,2.325257423851972e-05,0.9721412156944341,1.8402162802376108e-07,1.92086611511083e-05,2.7920089223955854e-05,1.8283569050651632e-08,1.3693625423515037e-07,0.0012470313655221271,0.002002612294859301,1.0517775661801534e-08,1.0645744292844045e-06,0.019277605005943534,1.2611511877558192e-08,5.561194504734669e-06,7.995399699226635e-06,7.0034866407468205e-09,1.6184698461271557e-05,1.4616734430636872e-06
70,0.0003571017602641491,0.0027172237522259334,0.00014036243124513506,1.066692717217001e-06,6.670365486966548e-05,5.0846322736321914e-05,0.00031720011575729997,1.8999339335358954e-05,0.9883702189517951,1.4378861489620966e-07,4.757905983502434e-06,2.2459054323617727e-05,2.005140932016856e-08,1.4767748349349477e-07,0.001327296262852792,0.0019727286274075708,1.1808053265366465e-08,2.2929325096058024e-06,0.004616683791829019,1.124631424747297e-08,1.980412636969601e-06,5.450037003836226e-06,1.5432170299382511e-09,2.9129091562780583e-06,3.3789302581638173e-06
