,0,1,2,3,4,5,6,7,8,9,10,11,12,13,14,15,16,17,18,19,20,21,22,23,24
0,0.0006004329969725344,0.0041423321270686285,0.0011790278775312166,0.0017946113911131711,9.32894078188965e-05,0.00011839135086513497,0.0005550932586663815,0.002092768096425499,0.8266537696492146,0.03681341489014016,0.0002148211380089035,0.0003390092688770842,0.0012428377946259938,0.015676465781598883,0.0009192942549476013,0.05076594521376351,6.324253947389266e-05,0.002814870693461709,0.03745547672871916,4.5649376532380365e-05,0.00033450379432717065,0.0019882109276991534,8.11856412283008e-05,0.006957007652208051,0.007058348148711951
1,0.051634123248291586,0.19721707487110599,0.000519181318264282,0.01046393703777889,0.0017909232080711884,0.00017192037926613168,0.0005644767081832648,0.010060630393828438,0.2156700732848807,0.003132470072053247,0.07446300974718682,0.022982175003899687,0.00267828113278032,0.09027871472250185,0.02280380014400154,0.004903601658194823,0.006593485298149241,0.0014332075621747212,0.018721492719430598,8.710519480665442e-06,0.00038489703745127064,0.211205447425568,0.00015443480069149063,0.002602268749698349,0.04956166295706689
2,0.00027691110652560915,0.0025320693259777705,0.000734617150961943,0.0009480882252549709,7.048727524799374e-05,8.044902166062803e-05,0.0003484361478727481,0.0014743473711910401,0.8762976082295115,0.03141094441411898,0.0001427822864776137,0.0002095208497686182,0.0006908471542892808,0.01800919281677357,0.0007655647068223717,0.029226162980035997,2.713284019902401e-05,0.0017679662792272433,0.02220648892045269,4.1215688344115036e-05,0.0002198679585177285,0.0014368049040338823,5.148611681658091e-05,0.004547626888559974,0.0064833813413581595
3,0.0004627562185262114,0.003274404736611858,0.0009160781017852963,0.0013914319308586428,7.151322495299604e-05,0.00011295175449137355,0.0004498749145790211,0.0017507046669685347,0.8505183201005744,0.035612793883667185,0.00017581278791937549,0.0002475009635973202,0.001017356068556918,0.01451401893206868,0.0008235663921477243,0.03892744022042069,4.21148317851159e-05,0.0024193029843875787,0.03347263393443993,4.0109494718596254e-05,0.000271950556702103,0.0018211766285564236,6.788005991845649e-05,0.005550370175332075,0.006047936436433531
4,0.00046747325522657044,0.0034783486224380235,0.0009871606803376846,0.0013752014884759898,7.282626106571645e-05,9.509853013779438e-05,0.00045057711464787634,0.001776855214716247,0.8507470329910128,0.03589572062193019,0.00017935016225687292,0.00025321620804395425,0.001186233385565564,0.01721180816651783,0.0007263930359203366,0.035610475226236886,4.086106371912875e-05,0.0026321794632496827,0.0327594462986749,4.446212308812609e-05,0.0003077912882070962,0.0019067292664784585,6.439198192420087e-05,0.005852442759345638,0.005877924790782336
5,0.00047056657147068176,0.0031431568524382,0.0010376604106128696,0.001756163686520488,7.934868050891143e-05,0.00010981627286826274,0.0004262241245765802,0.0016697705528313687,0.8470229824816659,0.040705601416499704,0.00016391557716618574,0.00020729616726791644,0.0011081809919135004,0.01592343521352148,0.0006554974737906623,0.03552222886545697,4.0605856769430347e-05,0.003497111624869236,0.033323012238500115,4.7886382757157e-05,0.0003105522569006839,0.0014385611303115015,8.68871538657824e-05,0.0064576041424072,0.004795933874509154
6,0.0004627562185262114,0.003274404736611858,0.0009160781017852963,0.0013914319308586428,7.151322495299604e-05,0.00011295175449137355,0.0004498749145790211,0.0017507046669685347,0.8505183201005744,0.035612793883667185,0.00017581278791937549,0.0002475009635973202,0.001017356068556918,0.01451401893206868,0.0008235663921477243,0.03892744022042069,4.21148317851159e-05,0.0024193029843875787,0.03347263393443993,4.0109494718596254e-05,0.000271950556702103,0.0018211766285564236,6.788005991845649e-05,0.005550370175332075,0.006047936436433531
7,0.0022869807490334135,0.00479035366581296,0.0020000127286844437,0.002197885853944377,8.380793389121876e-05,0.00015393949383353916,0.0008304510284060495,0.003906457993229212,0.7946666321178735,0.04098648206042303,0.000509411013226374,0.0003584378019559375,0.004180884263444152,0.013168362882291902,0.0010230740110552619,0.043217216613287306,6.580387562310016e-05,0.005847780091363446,0.064192594619035,5.5295989511118393e-05,0.0005035888953884883,0.004585044670166922,6.058880413831737e-05,0.0058748407723185105,0.004454072072062348
8,0.00041128034687028974,0.0032119127378786544,0.0005602223103286029,0.0013059856988161607,6.80611323962415e-05,0.0001349377446441227,0.0006894959856489282,0.0025625605239497453,0.8380938943663018,0.030066855859607937,0.00023914973309285237,0.0002495349134681643,0.0011206392488088636,0.012474101485487806,0.0010178993522660619,0.03551870628643163,3.600581512444443e-05,0.002736190121052108,0.05827277852646184,3.4664034234736714e-05,0.0003250775098594529,0.0027995431903581427,4.999164689131194e-05,0.0032167591380445177,0.004803752291975886
9,0.00041442890871211635,0.003365756108306122,0.0010368229161664575,0.001362713578972118,6.723531832840018e-05,0.00010157659167419485,0.00038523175354741624,0.001602912589281743,0.8445781099441544,0.04062445345795824,0.00014831606638152106,0.00023281428454153478,0.0009619538404819698,0.016033258572105812,0.0007501791550134489,0.04183518199062481,4.227324719393638e-05,0.002338021420687795,0.029460697064506408,4.3913206135596403e-05,0.0002626071854106831,0.0015610273005846323,7.099507516861056e-05,0.006260919729436258,0.006458600694625806
10,0.0004627562185262114,0.003274404736611858,0.0009160781017852963,0.0013914319308586428,7.151322495299604e-05,0.00011295175449137355,0.0004498749145790211,0.0017507046669685347,0.8505183201005744,0.035612793883667185,0.00017581278791937549,0.0002475009635973202,0.001017356068556918,0.01451401893206868,0.0008235663921477243,0.03892744022042069,4.21148317851159e-05,0.0024193029843875787,0.03347263393443993,4.0109494718596254e-05,0.000271950556702103,0.0018211766285564236,6.788005991845649e-05,0.005550370175332075,0.006047936436433531
11,0.0005163620355708104,0.003371203408218212,0.000971240646638123,0.0014516222316454967,7.496692376359523e-05,0.00010635452451783916,0.00048757824755459126,0.001780210648446286,0.849130499076208,0.03370260512939962,0.00018793330958666768,0.00027165156840979545,0.0012192435860829134,0.014719489107663799,0.0008073615240118445,0.0393917263509535,4.321514585244894e-05,0.0025680357594027228,0.03461474702440543,4.340958777400638e-05,0.00029264684045654033,0.0019586459312903094,6.68693007505829e-05,0.006210958048758598,0.006011424042638118
12,0.00021901682741231457,0.0012430399566789338,0.0010949782794045682,0.00039462397197638456,0.0002527183781783536,8.232124855670377e-05,0.00018727786158998853,0.0005114245956915044,0.916922754197601,0.020506993917238474,0.00014565449180200038,0.00015227308172197733,0.0002723727793172555,0.0246686835445278,0.0002787341558497302,0.010950114498419856,3.6430678353052626e-05,0.0011915419037186465,0.00401150330009156,4.895693858110381e-05,0.0002605529391497191,0.0006155709937413023,9.504178770028908e-05,0.007659664344665813,0.008197755328031898
13,0.0006184601635132301,0.00399735284707803,0.0008831360336162069,0.001146652161581916,9.825395903107978e-05,7.791244635820498e-05,0.000492831409207736,0.002808903587324024,0.8584356146930956,0.02407168576285547,0.0003941395154177307,0.00047469350216229237,0.0012167591196855822,0.024673186897352338,0.0011357985405049686,0.029539617095918982,4.5568188383962246e-05,0.002152321232705071,0.030508190834110823,3.910276000788832e-05,0.000323873692200477,0.0034175432340773793,4.278843094474273e-05,0.004451924008009587,0.008953689884856402
14,0.00048782784317686267,0.0051143677273842985,0.0009005352394245345,0.0018814646191187463,0.00010370764935592781,0.00010691877311941335,0.00046807704115110847,0.0017527635123386377,0.8265401546440683,0.04238848067806516,0.00022675213716264836,0.00023238809124602372,0.001348510834365851,0.016744633831431283,0.0008092283499281484,0.03384434256814825,5.195451554124151e-05,0.0030766832299358687,0.04969915671624874,4.283929611733603e-05,0.0003966433770916928,0.002195858503344639,7.22050597280771e-05,0.006228023530821967,0.005286482231685344
15,0.0004627562185262114,0.003274404736611858,0.0009160781017852963,0.0013914319308586428,7.151322495299604e-05,0.00011295175449137355,0.0004498749145790211,0.0017507046669685347,0.8505183201005744,0.035612793883667185,0.00017581278791937549,0.0002475009635973202,0.001017356068556918,0.01451401893206868,0.0008235663921477243,0.03892744022042069,4.21148317851159e-05,0.0024193029843875787,0.03347263393443993,4.0109494718596254e-05,0.000271950556702103,0.0018211766285564236,6.788005991845649e-05,0.005550370175332075,0.006047936436433531
16,0.00058985769822188,0.004061865664829199,0.0006489138923996791,0.0013153119243229123,7.110789670390335e-05,0.00010477573894761734,0.0005222089816670839,0.0027643954829827248,0.8418570105528449,0.02846442719823316,0.0002930627503178257,0.000461087349912148,0.00105747234042853,0.01819173673469064,0.0013286296774471262,0.03757887793060089,4.4128342498052734e-05,0.0022929758645592185,0.04271366758010849,2.9962739948917042e-05,0.0002550345767824307,0.003643726606579133,4.525476954294357e-05,0.003637043460033483,0.008027464245397173
17,0.0005015397045819934,0.0031668100136159863,0.0009388592331870889,0.0012821477143705913,8.46703429110174e-05,0.00010021236338772633,0.00047755506327277754,0.0016500983311266274,0.8669465792292906,0.029205203391327046,0.00019731119693951784,0.00027520674543678213,0.0010671427731060253,0.016010141912362774,0.0006822323076504793,0.03171406626429431,4.279911713950976e-05,0.0024725144722390876,0.028923883674115868,3.9027302118379146e-05,0.0003061992871586238,0.0018455716200404201,6.803187991671624e-05,0.005999958945438189,0.006002237114971971
18,0.0002452359990052784,0.002680722944720522,0.0009042106014948535,0.0006315347001054438,5.808264296253037e-05,7.628495345442443e-05,0.0004241265379493703,0.0011228515872771646,0.8410905589803492,0.0301273365240384,0.00011934780182640958,0.00030616388791475976,0.0006068339856384515,0.019846231017243022,0.0007573272992811756,0.05195054607959155,4.462538099821957e-05,0.0015053429090867779,0.025495222305924676,3.996760874467708e-05,0.0003078601092061761,0.0013077644065447114,7.000993464891371e-05,0.007375744692604338,0.012906067109388944
19,0.00026396811831191,0.003351028799001916,0.0006110275357554372,0.0016534237752299078,6.473408131535539e-05,0.00011392154382581394,0.00033748642952477904,0.0012241433138869718,0.8697904703677442,0.038431297246073054,9.39227978624103e-05,0.00021461008033545143,0.0007527498755979525,0.011592563012812735,0.0008084334931509025,0.03317267669535604,2.975136442606557e-05,0.001380815019367077,0.024872977846939433,3.325442847056475e-05,0.00013246514141112157,0.0016076698514418278,4.947623643797403e-05,0.004456423937476482,0.004960709008244627
20,0.00037493487265279096,0.0036626035264086267,0.0005405963986654441,0.001201551963285612,5.704388839562365e-05,9.780111676318958e-05,0.0003874283777098218,0.0021218309562590163,0.8619863015420189,0.03415033703993166,0.00020296058843185933,0.00021052358175695495,0.0011406549331063336,0.016307987316945827,0.0010185118614945447,0.02484652201716824,2.777360373658195e-05,0.0018496414700755915,0.03798043156248354,3.709684876052517e-05,0.0002205210861387377,0.003391158720058406,3.6985721371487846e-05,0.0031785409916738378,0.004970260014706808
21,0.0004397245587223652,0.0032090669192396896,0.0008459645148418904,0.0013755397077397965,7.03945521931588e-05,0.00011760041111762233,0.0004442064746119388,0.0017066034841239992,0.8531796148134188,0.0353102488715915,0.00017308373352434395,0.000233468206774088,0.0009712850209740431,0.013785791202230136,0.0008519439420214323,0.03731637906641169,4.041016991957544e-05,0.0022945505736270983,0.034293600120108805,3.839081545779628e-05,0.00026100826994008474,0.001843622772708305,6.657660653657317e-05,0.005246204199871824,0.005884720992293499
22,0.0012018447918340758,0.006005934707658778,0.0024866446576339955,0.0022876811448972424,0.0001004441065897637,0.00018076975829578535,0.0005106672336829084,0.004518988830996612,0.7356171382152943,0.08176372792254712,0.00037110956103564123,0.0003078099137151459,0.0018987654839027802,0.026167206918341283,0.0008658464797253764,0.061041778073365194,0.00013119494601587816,0.0066498366703446055,0.05080724341955655,7.216661327162447e-05,0.0006998188605254695,0.0032241578268505976,0.00012767256951873505,0.006337725946532136,0.006623825347868307
23,0.0004627562185262114,0.003274404736611858,0.0009160781017852963,0.0013914319308586428,7.151322495299604e-05,0.00011295175449137355,0.0004498749145790211,0.0017507046669685347,0.8505183201005744,0.035612793883667185,0.00017581278791937549,0.0002475009635973202,0.001017356068556918,0.01451401893206868,0.0008235663921477243,0.03892744022042069,4.21148317851159e-05,0.0024193029843875787,0.03347263393443993,4.0109494718596254e-05,0.000271950556702103,0.0018211766285564236,6.788005991845649e-05,0.005550370175332075,0.006047936436433531
24,0.0003446562578663233,0.005603498720589236,0.0007448220239224656,0.002546530769437803,7.42287922998112e-05,9.758126514755285e-05,0.0004369791590592773,0.001891234392764246,0.8048171305762161,0.05030388888489297,0.00014675899278417524,0.00022255289698982567,0.0010981377443480993,0.018009211410499083,0.0009254002074395542,0.04141920164092202,5.030198920356007e-05,0.002936754814798678,0.05530408989152041,3.985057821992336e-05,0.000305782675920859,0.00193131369477222,7.87770677940588e-05,0.00544436793427453,0.005226947618317147
25,0.0008430089502007712,0.003335789551505849,0.0012640248070805672,0.0016263873889108577,0.0001610605277783005,0.00011086231520414377,0.000961445443409458,0.006404813499570105,0.8324317746366617,0.025742774276121413,0.000576047414478883,0.0005676356447267725,0.001587605237204112,0.02704622277298115,0.0007136079620630708,0.03906902192597746,6.597620055332012e-05,0.006141077963741879,0.036476801597475274,6.527326467000714e-05,0.0006357324384839905,0.003070006293794538,7.39093123411641e-05,0.004744425160781795,0.006284715414283571
26,0.0004768939917000328,0.0016017570572151268,0.0014860880542029702,0.0012100461578569044,7.242497710186589e-05,8.350304312751464e-05,0.00024375388610544993,0.0006319768402739538,0.8978470152738783,0.030128532176067487,8.324317958679605e-05,0.00011765995092258414,0.0007468645616251448,0.01193078365555134,0.00023791987945655176,0.022192177477334075,2.7427250236317694e-05,0.0031786245821065597,0.011699927979201835,4.1968739649701704e-05,0.00022832244897845276,0.0004747469322673168,0.00012775738166302702,0.011631368074251917,0.003499216449638574
27,0.00024669407113338786,0.0019517819860657547,0.0003463865029253962,0.0008233715095022651,4.369532480337466e-05,9.897271442038327e-05,0.00030144772197598745,0.0011164973889793333,0.9092399089345351,0.02165885156315268,0.00010862310055746294,0.00016564821767749225,0.0006051203408564069,0.008100298298522646,0.0007559849230730076,0.020506810400752983,1.4521439478141623e-05,0.0010340410748851385,0.023466787295790832,2.228761711456866e-05,0.00010598657839477528,0.0018486229438278215,3.05277025161504e-05,0.003170019696627414,0.004237112652431459
28,0.0004627562185262114,0.003274404736611858,0.0009160781017852963,0.0013914319308586428,7.151322495299604e-05,0.00011295175449137355,0.0004498749145790211,0.0017507046669685347,0.8505183201005744,0.035612793883667185,0.00017581278791937549,0.0002475009635973202,0.001017356068556918,0.01451401893206868,0.0008235663921477243,0.03892744022042069,4.21148317851159e-05,0.0024193029843875787,0.03347263393443993,4.0109494718596254e-05,0.000271950556702103,0.0018211766285564236,6.788005991845649e-05,0.005550370175332075,0.006047936436433531
29,0.0004627562185262114,0.003274404736611858,0.0009160781017852963,0.0013914319308586428,7.151322495299604e-05,0.00011295175449137355,0.0004498749145790211,0.0017507046669685347,0.8505183201005744,0.035612793883667185,0.00017581278791937549,0.0002475009635973202,0.001017356068556918,0.01451401893206868,0.0008235663921477243,0.03892744022042069,4.21148317851159e-05,0.0024193029843875787,0.03347263393443993,4.0109494718596254e-05,0.000271950556702103,0.0018211766285564236,6.788005991845649e-05,0.005550370175332075,0.006047936436433531
30,0.0004627562185262114,0.003274404736611858,0.0009160781017852963,0.0013914319308586428,7.151322495299604e-05,0.00011295175449137355,0.0004498749145790211,0.0017507046669685347,0.8505183201005744,0.035612793883667185,0.00017581278791937549,0.0002475009635973202,0.001017356068556918,0.01451401893206868,0.0008235663921477243,0.03892744022042069,4.21148317851159e-05,0.0024193029843875787,0.03347263393443993,4.0109494718596254e-05,0.000271950556702103,0.0018211766285564236,6.788005991845649e-05,0.005550370175332075,0.006047936436433531
31,0.0010631025636229647,0.004875616114517518,0.0024474922850135994,0.0018038478393402064,6.726540512281464e-05,0.00011792762001205741,0.000595053448430241,0.004691927670327659,0.7587072135504908,0.05868970693564787,0.00025209227671199293,0.00037198876306588133,0.0017002559593255122,0.02313314524435952,0.0006488762587022007,0.07792373202144082,8.908934157781634e-05,0.005954959926134415,0.04015541248460338,6.0061252694691e-05,0.0005550598674148334,0.002267932492268959,9.741049882508351e-05,0.006723911536919443,0.007006918643430018
32,0.0004241272995365237,0.0032262690939653445,0.0008181152922753484,0.0014837562232607121,7.012610488790549e-05,0.00011800600035146053,0.0004885853589317628,0.0017404032885633114,0.8400963850631292,0.036045763161763535,0.0001726812534992905,0.00023000261388649555,0.0010517154474632277,0.013220979161407895,0.0009034054125895735,0.04089116888483173,4.137901738838448e-05,0.0024945550588394384,0.04294047347443511,3.9844818852637274e-05,0.00029452912382070187,0.0018641191521834434,6.98698997603918e-05,0.005532469286860698,0.005741270507516021
33,0.0022569732387581285,0.011339121732427548,0.001509325236246569,0.004981982461025495,0.00013633303951420542,0.00013070544717688626,0.001575445456082235,0.008513433687889847,0.6162115959242472,0.031417570442385745,0.0008312349059549555,0.0015817728705879378,0.005371569094514328,0.019826761093230873,0.0014056474412424726,0.1284703572085627,0.0002553806076172662,0.00797896252338827,0.12783950580113407,6.156781677093916e-05,0.000843373489562071,0.009062187378102599,8.905667891730685e-05,0.009864905315618353,0.008445231109042169
34,0.00046079776455953936,0.003279753371100222,0.0009152193402399373,0.001390692191472716,7.146607983380203e-05,0.00011295488713421459,0.0004495893267393492,0.001750118954175336,0.8503925816295816,0.035676216998501126,0.00017537148271466827,0.00024758515999218983,0.0010154099100241842,0.014535599203964765,0.000823138544932561,0.038994759114408084,4.215811548731362e-05,0.002414837535499129,0.03344507808192256,4.014483932508266e-05,0.00027176697156591165,0.001820554653984893,6.788309562196513e-05,0.005549179870476866,0.00605714287674196
35,0.0004866552143915525,0.0032445596709848065,0.0009134831058202975,0.0013855807977511785,6.858419514547279e-05,0.00011465181913235278,0.0004560816353972462,0.0018151631263194435,0.8494500812092958,0.03540687907673837,0.0001765526258937459,0.0002530966840983898,0.0010424887644187185,0.013972306528011402,0.0008059094157983618,0.040086958956306644,4.190727637505809e-05,0.0025007328793952522,0.03411463084664153,3.927901819832902e-05,0.00026784437414723413,0.0018761685271118475,6.646421959897515e-05,0.0055064009678828605,0.00590753906514525
36,0.00045611536184300054,0.0020128032581358374,0.0011337153007751316,0.001157438507735683,0.00020406513891287753,0.00011573514728357848,0.0004015525882663078,0.0005688770666719978,0.8917098106380383,0.0210042856768287,0.0002516397515189522,0.00015123588865329868,0.0008342975101955084,0.010869736519218628,0.0008009616218900846,0.018952181896789884,3.504358044485953e-05,0.0018970481576015695,0.02564979255936998,4.291656576192481e-05,0.00044080735965376725,0.0007645236018145178,0.00012311080156157176,0.013501049682044011,0.00692125581898999
37,0.000859769178042844,0.002550679937301049,0.001892188538895343,0.0010274506059435476,9.587613370752623e-05,6.429101341229276e-05,0.0004648096437578331,0.0010379121983449052,0.8779391160456415,0.023596313396660504,0.00018066436406574042,0.0003250472423596845,0.0015261643679803155,0.01674616450876672,0.0003678486345928606,0.030755649990418257,4.217805095924529e-05,0.003145598690686078,0.0169690887172117,4.683645510147579e-05,0.0003533037561451501,0.001127863956097602,7.74532494550346e-05,0.012480728614885686,0.0063270027095670735
38,0.0006371892287876964,0.002302933625582603,0.0010851896377159491,0.0018160192253302127,4.1358386172182766e-05,0.00028891204572131286,0.0009182621797394513,0.002446975801704476,0.7126758375798966,0.04958663012199175,0.0001509135339933448,0.00021727658304891988,0.0015167298813095482,0.006293732192811489,0.001410469040647898,0.11434517226744016,5.7743054769996046e-05,0.0040999631053538245,0.08692761333717611,5.545949263343769e-05,0.000342161520293834,0.001927285031424158,0.00010646167136511881,0.005643497509176344,0.0051062139459136565
39,0.0008467239774070099,0.003109574495591594,0.0013951489315011405,0.0014049553628519785,6.517025239426272e-05,0.00023802420366982236,0.0011384483705794413,0.00592460910831254,0.7271877343262342,0.03735286217314888,0.00029596850369307225,0.0005748445433997263,0.0015994133818789719,0.011190933031382294,0.0010088773813376219,0.12599465704339854,9.196572570656025e-05,0.003902000685349916,0.05838874718883163,5.6378858231687995e-05,0.0005048908820178971,0.003561574533975806,8.135989639378334e-05,0.005793157584166579,0.008291979558545099
40,0.0009980193240056593,0.004129429266110194,0.0014703433572890198,0.0010834581553808913,9.324942920864874e-05,0.000124063273298819,0.00046793445632497074,0.0021140458857354643,0.8703574873711281,0.027098712861936047,0.00031947224512095354,0.0004887258407035918,0.0012968532186303384,0.01956856778306812,0.001026957350559424,0.03075126865658946,5.8723179026695934e-05,0.0017133434499518529,0.018758415831267968,3.743592125191413e-05,0.00026729414542722544,0.0033193312808595297,5.1290624740028616e-05,0.004941895265416106,0.009463681826969135
41,0.00027203172848129086,0.0011684981898638233,0.00034280511003769544,0.001728254576258949,9.670873779725219e-05,0.0001432994260836284,0.00021177612994155684,0.0006538784515131176,0.9353538436326659,0.018087639940268053,0.0001011728610881728,0.00012392681541816315,0.0002986617000534838,0.0042346019176837165,0.0013266509653221265,0.013409524292580036,1.167849432322424e-05,0.0007721805069788778,0.014864553266221863,1.5393180146125227e-05,4.4023140882761154e-05,0.0007127337618150507,4.1470187738433755e-05,0.002879486867960963,0.00310520611887555
42,0.00033080133344029125,0.0014988574794034951,0.0015844420238640918,0.0010406081889202307,9.910290396388933e-05,5.0419437519709725e-05,0.00019815486077697818,0.0005090895864297002,0.89412084020366,0.029235287808749053,0.00010091580686861006,0.00012265372144962725,0.000393830665281595,0.027127102228249392,0.0003416743505827668,0.01469437815730273,2.2300198419908667e-05,0.0035127424597884965,0.008934849895239958,4.023373220231414e-05,0.00026643945085768597,0.00023783129915225723,0.00016495895634974784,0.009598794400693025,0.005773690850834281
43,0.00024255140725551043,0.0020458571893522803,0.0006018752769996902,0.0011381895660500967,4.3618604962840756e-05,0.00023822008152687334,0.0003029152306101576,0.0019429102294123372,0.8246738902304698,0.06733517117476098,0.00010434209375355613,9.210993860969223e-05,0.0006368134993829618,0.008733574156636389,0.0009431870103373493,0.03854952718510751,2.43404063470829e-05,0.0020127005300774894,0.04167004141578422,4.173186221130991e-05,0.00020026796746432936,0.0018200197738450971,5.9240018170398375e-05,0.0028245387174693714,0.0037223664334026345
44,0.0004627562185262114,0.003274404736611858,0.0009160781017852963,0.0013914319308586428,7.151322495299604e-05,0.00011295175449137355,0.0004498749145790211,0.0017507046669685347,0.8505183201005744,0.035612793883667185,0.00017581278791937549,0.0002475009635973202,0.001017356068556918,0.01451401893206868,0.0008235663921477243,0.03892744022042069,4.21148317851159e-05,0.0024193029843875787,0.03347263393443993,4.0109494718596254e-05,0.000271950556702103,0.0018211766285564236,6.788005991845649e-05,0.005550370175332075,0.006047936436433531
45,0.0005037897917562507,0.0037574800085752352,0.0011020465768190608,0.0013278795509511488,7.249333652240212e-05,0.00010345283925674957,0.0004097584616777635,0.0017491250876499683,0.8450361091205043,0.03961510712777657,0.00018423288817867798,0.00025384520006542147,0.0010581477608018663,0.018038363763894904,0.0007059748022344331,0.03763185917465338,4.8071797219370354e-05,0.002662375845833467,0.030860453374206953,4.1643759175802485e-05,0.00031865964723506676,0.0018156981596098103,7.397319193052352e-05,0.006097744689460546,0.0065317140440100735
46,0.0029746170556033103,0.015791663227817544,0.002068385393969444,0.005887230192925548,0.0001553816101450589,0.0002973432583425677,0.0013531420270957231,0.007038441742916827,0.5650693358066077,0.04493514018730836,0.0006723250809004879,0.0017424287552595587,0.0038144122187705547,0.013585533996149797,0.002586551421960998,0.19641031311630677,0.0005986161957632979,0.003899550390500555,0.09636740255204414,5.386680937301722e-05,0.0005539643250164258,0.01065102224418544,0.0001359391003783741,0.009939489415894147,0.013417903874764466
47,0.0006105459743628109,0.004500712094999497,0.0008890544248519807,0.001328543647331022,5.959196789329714e-05,0.00011033230242123804,0.00048014610350686734,0.002045473609898194,0.8362869453754421,0.03472233151857349,0.00018744547198645372,0.00035424740414893364,0.001304878956848225,0.012984969951919022,0.0008901766595972358,0.05003158231986825,4.9486403293063184e-05,0.0020927900648169636,0.03535678758531265,3.694731206862797e-05,0.00022403221397857687,0.0028312948550533934,5.077640086681848e-05,0.005659225272340375,0.006911682108620727
48,0.0005820366256280706,0.006531617804756331,0.0010153581425194863,0.0022973407345434483,7.204938636499561e-05,0.00014930793404008234,0.0005660670629856714,0.0028191462586894364,0.7703626291854928,0.0551011934677693,0.00020238711880113478,0.0003307639892943047,0.0013047095835523267,0.0164779339340729,0.0011108370040412857,0.06370527604501804,8.721309274727208e-05,0.0031048517033086913,0.05852087493742259,4.2486580361617074e-05,0.00034694784697723407,0.0029336414176674985,8.820878465263062e-05,0.005386435856880186,0.006860685502412681
49,0.0006343208673539789,0.003059841166302218,0.001294698848424722,0.0012287670402337623,7.138682246850008e-05,0.00014100217866094554,0.0004432099773256468,0.0020201186215164746,0.8638248148251364,0.034719232451724265,0.00019470946181109283,0.00031095265333584314,0.001116082968519264,0.014876033948778181,0.0006069441147235507,0.03780398848819068,4.564110580582841e-05,0.0025472413488301904,0.020973584226891002,4.5120463326739214e-05,0.000260350798283213,0.0019071625517887844,6.943229285132425e-05,0.005813994133596901,0.005991368644120567
50,0.0002647617913109811,0.0034412946101633683,0.0006796754021172139,0.0009974587051462772,4.628602882118187e-05,0.00010472454342008669,0.0004539023415751484,0.002307633342611345,0.8221141655050297,0.05234500030021247,0.0001202556539947844,0.00018445865324167213,0.0008913803006547245,0.015331268114185559,0.0008347367121478017,0.04068744321243715,2.9755888805512007e-05,0.0018963513485248304,0.04605610532461426,3.570719339414052e-05,0.00026732989131192294,0.002351183944541563,3.988794231350353e-05,0.002965345177339343,0.005553888072085622
51,0.0004753388295916365,0.006151112765541093,0.0008466669670097564,0.0019866752300564234,6.845611199602657e-05,9.435930332891896e-05,0.00039013878326655063,0.0024024293736246987,0.8266768122615993,0.04585944161707207,0.00018911882812523977,0.0002918756962755543,0.0012048903366831225,0.01969643619966115,0.0009487552696026073,0.037258190641063574,4.508235887626854e-05,0.002479756667647221,0.03966794150411254,3.789124363083234e-05,0.000251249293499774,0.002661293045058305,5.311385766696129e-05,0.004398696127883962,0.005864277687126538
52,0.0004653896331406563,0.003008675847409324,0.0008725582682841531,0.0015040062725604328,5.9133278855202985e-05,0.00012313997624657197,0.00039853869245391906,0.0019069496512821528,0.8369480609650953,0.04366108413595838,0.00016210118549430915,0.0002053185823729982,0.0010429785685605682,0.013380416747121648,0.0008636834586628726,0.042172617616253516,3.7062914732586164e-05,0.002910769058835066,0.03802753184244444,4.313635673666083e-05,0.00024265869359036725,0.0018344338380098348,6.620266326589864e-05,0.004978859677721009,0.005084692074912114
53,0.00028217036005818763,0.0014907006911902647,0.0005190294938812219,0.0007734726955260033,5.729359657084034e-05,0.00011753779170139567,0.000815670766890466,0.001396591310796898,0.8958205153652941,0.014534077175048699,0.000135911878656562,0.00029455177702274274,0.0006016412414561642,0.00969455313933665,0.0007512540300033082,0.03562933765746488,2.6118655529378812e-05,0.0016938843186948915,0.023320354925206264,3.10336404677658e-05,0.0002008268351242659,0.0011483665497670841,6.560150449103984e-05,0.004234272658379997,0.006365231941441179
54,0.0001397673635352584,0.003485547348854124,0.0005722214217959955,0.000535651927063686,3.877500657654741e-05,4.66144649754068e-05,0.0002509494021716557,0.0009909660282142406,0.8635652515080914,0.0312567478198705,6.960167941624252e-05,0.00030990961542209445,0.0004190729844056477,0.01990019899475134,0.00076894710918923,0.04406456404169847,2.2897007733917823e-05,0.0006928484115356832,0.01461735564070467,2.8887473533675145e-05,0.00010832994866214417,0.0012384396931597833,2.843341536948868e-05,0.004303952862435808,0.012544068830833135
55,0.0004252733457850795,0.0026676310980267718,0.0007966214414492887,0.001253903513532147,7.054997586539952e-05,0.00010023740630955453,0.0004657762900559111,0.0014273179379166927,0.8724747767435203,0.026653490667446062,0.00015889671588009994,0.00026708714781056966,0.0009263592249575475,0.012519341369863173,0.0007170620541319451,0.0348512245559593,3.4092675821956006e-05,0.002144996061533685,0.02846676535246912,3.4893342206486495e-05,0.0002297339680748191,0.0015161827400029598,6.222259643280633e-05,0.005920330742512397,0.005815233032435792
56,0.00048782872613276383,0.003336402436588228,0.0009253437144429347,0.0014034726982076072,7.132966910590899e-05,0.00011090644602119235,0.00046560279153094286,0.00178463641542134,0.8504853545519356,0.03470464779074487,0.00018193279248150353,0.0002593139936007498,0.0011037461392136572,0.014579014810992249,0.0008138408845990861,0.0386055721771905,4.215231371522963e-05,0.0024807279867543313,0.03414269495507415,4.1018815338643036e-05,0.00027845226698892765,0.001923543761540379,6.670758446200897e-05,0.0057135512193391864,0.005992205058578055
57,0.00046505797722506736,0.005113383958048953,0.0009330969931290667,0.0015510992744609366,6.63396216155678e-05,8.97905187429435e-05,0.0006858537407402923,0.002199674585462403,0.7714675222273035,0.03836947541061416,0.0001951201382979005,0.0003362313422781218,0.0017529545062680218,0.014545895004913312,0.0009195771284230836,0.06291749274631137,5.639197298469492e-05,0.0027061952662356535,0.07850664225038338,4.096092636578066e-05,0.00047613056461328685,0.002790135062375706,5.435456546507326e-05,0.006760515195477979,0.007000109022263675
58,0.0003885495092311867,0.0027149688592577586,0.0008434734277427839,0.00123744381544291,7.65129797412902e-05,9.625068759315286e-05,0.00043166913714402414,0.001168314324549877,0.8673956641315335,0.028714317861663133,0.00015126256823957566,0.0002247853645063013,0.0010020485095034678,0.01261998741858094,0.0006932361730348122,0.03444376448847808,3.4481502485197695e-05,0.0021396634233987345,0.030322503614901467,4.1134539714435405e-05,0.0002709752790246614,0.0013874291996959604,7.078170232049919e-05,0.007651153010729757,0.005879628471486779
59,0.0003989342341156123,0.0029176923725976055,0.001052246886872346,0.0011903841510652162,7.634800870418212e-05,9.670045061770696e-05,0.00040769180508757756,0.0012726687114909458,0.8586757206877148,0.03436673411635945,0.00014615687311204093,0.00022003998506223287,0.0009992502230688682,0.014649753881947726,0.000629246793242537,0.037575356300529335,3.868154689777055e-05,0.0022839359807238246,0.027386941990399434,4.558873875252821e-05,0.00029750787853462105,0.00134601675386776,7.340252304868013e-05,0.007660620565580492,0.006192378540606733
60,0.0004627562185262114,0.003274404736611858,0.0009160781017852963,0.0013914319308586428,7.151322495299604e-05,0.00011295175449137355,0.0004498749145790211,0.0017507046669685347,0.8505183201005744,0.035612793883667185,0.00017581278791937549,0.0002475009635973202,0.001017356068556918,0.01451401893206868,0.0008235663921477243,0.03892744022042069,4.21148317851159e-05,0.0024193029843875787,0.03347263393443993,4.0109494718596254e-05,0.000271950556702103,0.0018211766285564236,6.788005991845649e-05,0.005550370175332075,0.006047936436433531
61,0.00041844392997855755,0.0026464068874472615,0.0010905982399713936,0.00110282618819474,7.425834019260467e-05,9.250748528405064e-05,0.00038601407638952297,0.0012231066238056671,0.8689854580295323,0.032637634788076894,0.00014403458254405113,0.00020891807885770977,0.0009692330408321302,0.014338560371431107,0.0005569301014646423,0.033269254805652446,3.4581497714446784e-05,0.0022747711216873838,0.02444624363689878,4.26170187907169e-05,0.0002890276965916965,0.0012484415984732183,7.070175023378883e-05,0.007610243800786838,0.005839186309167828
62,0.0004627562185262114,0.003274404736611858,0.0009160781017852963,0.0013914319308586428,7.151322495299604e-05,0.00011295175449137355,0.0004498749145790211,0.0017507046669685347,0.8505183201005744,0.035612793883667185,0.00017581278791937549,0.0002475009635973202,0.001017356068556918,0.01451401893206868,0.0008235663921477243,0.03892744022042069,4.21148317851159e-05,0.0024193029843875787,0.03347263393443993,4.0109494718596254e-05,0.000271950556702103,0.0018211766285564236,6.788005991845649e-05,0.005550370175332075,0.006047936436433531
63,0.000444645830797051,0.004072648273617647,0.0008661442227678426,0.0014869827147448499,6.892064548529383e-05,0.00010664857029623645,0.0004270315771360904,0.00179570053243203,0.8414048136902892,0.038800826684853205,0.00017074920665843764,0.0002535801029414067,0.0010561932599249067,0.015264561149546356,0.0008574071591335716,0.03999295903564766,4.4203603284822695e-05,0.0023035952815613253,0.03647421814355359,3.916498400171216e-05,0.00026721840903292185,0.002032276916068085,6.429708469240111e-05,0.00552041155596774,0.006184801365565696
64,0.000503541002817444,0.003545405267427905,0.0011972077662475375,0.001357154809909263,8.556135676451477e-05,0.00010425185203981053,0.0005563136138689315,0.0018486456462101625,0.8340101195650053,0.03684153024255691,0.00020252438449569536,0.0002548353283327966,0.0012603723556656548,0.01796016508726996,0.0007219856916013852,0.04117906514082991,5.221674695059507e-05,0.003056746405890929,0.039521783080982344,4.774317458640336e-05,0.00046820191473541807,0.001792472036252571,8.243120045579679e-05,0.006828579315179949,0.006521147013922745
65,0.0011325117450176473,0.002098671111984478,0.0005452255559728402,0.00587368047130646,0.00012768754627139688,0.0007110300530376093,0.0018355797007146657,0.003318295383794183,0.6174280262303067,0.023838930201577305,0.0004980891956505228,0.0003550079729096414,0.0012927968728020328,0.0032539382503955386,0.00412080316768637,0.09251036045544302,0.00012194324095674942,0.005664376563142558,0.2223770523122379,3.112222061387554e-05,0.0004079894017324324,0.0026566618399561093,0.0002324911567903835,0.005027387708474627,0.004540341641225049
66,0.0009659646738204596,0.003390105973112722,0.00227407886447198,0.0012890112620843688,8.120247782161089e-05,9.899996736212688e-05,0.0006099885912578518,0.00371699729837252,0.8133663296625112,0.046333023434176335,0.0002762903091345698,0.0003407253726137177,0.0021142508109650597,0.020621945520947038,0.000628389959387709,0.054906629441148595,5.088824461941342e-05,0.004665575681795395,0.029760438446495462,7.236906039601132e-05,0.00043524580795992814,0.0023312727867840803,5.237081561136065e-05,0.005666908329557263,0.005950997207593283
67,0.0008649203235148755,0.0034961230609342406,0.004324652304591103,0.0025894576595856924,0.00010638219894995558,0.00016488924775151772,0.0005447177785720148,0.0025007708572709914,0.7252626650533566,0.08468996373369099,0.00021894399672147945,0.00020589033534627063,0.0017375747746652085,0.028922154775715345,0.0006138018993593706,0.07344348020968444,0.00012378240225607918,0.00922181984255604,0.03828943051914758,0.00012497743903955698,0.0010199341699893502,0.0009903792484472426,0.0003209793326101963,0.013313253629906366,0.006909055206337425
68,4.857519844117246e-05,0.00034716264394337435,0.0008084312933771116,0.00025473172682403576,4.512563970191253e-05,2.6588771477734042e-05,7.025335085624149e-05,9.363996090891825e-05,0.9507411116929547,0.014066576631907862,1.657595862845567e-05,5.776645256977411e-05,0.00012057142190452635,0.016578879195542004,8.575946682098142e-05,0.00444878022143142,3.4914411166151642e-06,0.0004763572252453824,0.0009111780436247508,2.745654240126228e-05,4.485488379266139e-05,6.658187040048247e-05,4.999100866555693e-05,0.00674654701461321,0.0038630123428499037
69,0.0004204697239872896,0.0027384700531760155,0.0013439113718891923,0.0011492112264703278,6.44790102197739e-05,0.00010537186603847457,0.00044768418988942336,0.002053293500519158,0.835178765913276,0.043861591261910735,0.0001573621937772174,0.0002275114482976332,0.0009750461138354566,0.019941548229174263,0.0006038343378582957,0.044163241603074575,4.1436182181776644e-05,0.003323640635355507,0.028771774883941396,5.3966808658069724e-05,0.0003865008398363861,0.0013613242917039164,8.354651561406464e-05,0.006071504652597949,0.006474513146717233
70,0.0004625768389788155,0.0032716314930674615,0.000915885808267465,0.0013916325175247284,7.157482545480271e-05,0.00011292155943168225,0.0004497787136019461,0.0017492934842322666,0.8506669129805826,0.03557879864267682,0.00017578635412524547,0.00024739800813827463,0.0010165981460990659,0.014513076090664679,0.0008233279230763755,0.0388680225185485,4.208176686582868e-05,0.002417820175119837,0.03343128499572353,4.009438290471092e-05,0.0002717961264848562,0.0018192784861472211,6.788961077525952e-05,0.005549237980399068,0.006045300571109091
71,0.00019050786810309274,0.0022858445765965196,0.0007451324843065349,0.0007747677126291205,6.707708066451922e-05,6.276898844184932e-05,0.0003498116434505994,0.0011773075654129914,0.8850178142499504,0.030574340771238825,9.713963366096323e-05,0.000159701289834648,0.0006085148106408166,0.018993839191518223,0.0004151413000654101,0.026377683132018378,2.2830976020844136e-05,0.0019302863688801805,0.018649956814305833,4.204536087159663e-05,0.0002624239374332621,0.0009267082630440228,5.471096045099597e-05,0.004925927301972762,0.00528771771848743
72,0.00025372435341682796,0.0029463116994300205,0.0006952569953412335,0.0012723372522687392,2.3309267483271314e-05,0.0003318340884093733,0.0013206344305225744,0.0042160874198335346,0.6195996548885313,0.06434272816504162,8.270166224155903e-05,0.0002363037725699787,0.0013916603720278155,0.004768809804837929,0.0022873326141371673,0.19844281656593962,4.5644246880172805e-05,0.001603796221267956,0.08613428308527471,6.597819035847693e-05,0.00016686070646600764,0.0032789171706885255,3.105420767345989e-05,0.0017147613104897652,0.004747201508868282
