,0,1,2,3,4,5,6,7,8,9,10,11,12,13,14,15,16,17,18,19,20,21,22,23,24
0,0.002263469883026998,0.010634597285604917,6.413176093341362e-06,0.0004429378416940015,0.004672368023225256,0.0004563977571723932,3.3627387275984585e-05,0.0027549293897146153,0.5265341875727862,0.0035844132974005138,0.11367532183472386,0.00010437754918344797,1.0221594506426959e-08,0.00010951776035701275,0.2886071254778248,6.562158634154175e-06,3.0084397713217518e-05,9.532353808851763e-05,0.0029852646386806995,1.465650940776224e-07,9.044704850474259e-07,0.011352149354186752,0.00015407756527244953,2.3378701815233767e-07,0.03149555906714913
1,0.00156280597931789,0.020049575881929647,7.029910518660793e-06,0.00020177198316864844,0.005963808209133312,0.0003745120498458699,2.8574637581688462e-05,0.0013578996340372674,0.3265586173986827,0.002240030726021081,0.11461366703415819,0.00013163518920695464,4.5507067738013004e-09,0.00018729666533533136,0.4477789576534792,3.4404784357040383e-06,2.8119169345292952e-05,6.34215869485575e-05,0.003205484878030836,9.026877547583696e-08,1.0045491824211426e-06,0.01544351520550638,0.00012024647777079538,2.1692208635725018e-07,0.06007827296079491
2,0.0007724848299319959,0.012472437430513034,4.3382113916503525e-06,8.074034059518716e-05,0.00453667088484166,0.00011830183912530877,1.08698875911137e-05,0.0008469360836536259,0.2182533579158709,0.0014180949776629326,0.13444286800750635,8.322614036401406e-05,2.0029860656946e-09,0.00017489472241875192,0.5652384823417437,8.824842576463215e-07,1.1242871966323666e-05,3.1186606449293835e-05,0.0010489556126281618,8.049903254864867e-08,6.160743712188242e-07,0.0055882058727903874,8.745702931878762e-05,8.009766824167555e-08,0.054777587235321175
3,0.001450846081278723,0.02076221105393265,6.040233573283112e-06,0.00019842010556097447,0.0055062058942614124,0.00036958658738200586,3.112165535537516e-05,0.0012537739623841473,0.26954205338563597,0.001991594901045329,0.11616947755303965,0.00014917418776119447,4.19925906044961e-09,0.00023175767148479281,0.4936388890983056,3.1740601008632696e-06,2.973209458245895e-05,7.405788110596372e-05,0.002791596504078865,9.294341429335716e-08,1.0902247983867664e-06,0.01639507255799984,0.00013314044843894458,2.39436290486981e-07,0.06927064727892981
4,0.0017642407658083408,0.021620346921653634,6.821660818717662e-06,0.00021242239638269198,0.006048294350027832,0.0003947321774320063,3.483624965451701e-05,0.0014151357253996532,0.2612004548899563,0.0022301985381610353,0.11920408847571957,0.0001555049163665476,5.810828572124101e-09,0.0002774959964966019,0.4953337096124559,3.7396889274838846e-06,3.395276729371395e-05,8.638723570613081e-05,0.0034655342580101607,1.091025072179805e-07,1.1253300508211919e-06,0.01616625907721334,0.00013835307167553543,3.0604650795375873e-07,0.07020594493494567
5,0.0014532395516166777,0.024046507671805165,4.692497221966637e-06,0.00027966109788517913,0.004765030105393204,0.0004578692651423157,2.8090038246121446e-05,0.0013078165636124176,0.25029251493413435,0.0018209429072169262,0.12195156935289002,0.00013691299441875062,4.680861469902212e-09,0.00022906270693054197,0.5114419304321693,3.7989861659043865e-06,2.9923638871514395e-05,0.0001226481128580621,0.0030053738506054467,1.0813032990843648e-07,1.1456647142238234e-06,0.0177982246271679,0.00015010595449223437,2.409934559131944e-07,0.060672585241794474
6,0.001450846081278723,0.02076221105393265,6.040233573283112e-06,0.00019842010556097447,0.0055062058942614124,0.00036958658738200586,3.112165535537516e-05,0.0012537739623841473,0.26954205338563597,0.001991594901045329,0.11616947755303965,0.00014917418776119447,4.19925906044961e-09,0.00023175767148479281,0.4936388890983056,3.1740601008632696e-06,2.973209458245895e-05,7.405788110596372e-05,0.002791596504078865,9.294341429335716e-08,1.0902247983867664e-06,0.01639507255799984,0.00013314044843894458,2.39436290486981e-07,0.06927064727892981
7,0.007713300914123779,0.0142576092505647,1.7936050637010677e-05,0.00033587560284468874,0.009039815852875941,0.00016488380905889155,5.6110758435462196e-05,0.003998996827761553,0.3700207135098624,0.007767126708747429,0.2247844542286892,0.00012596549573949567,2.069576968762257e-08,0.00023890528122584215,0.27324729380382873,3.7258938120324437e-06,4.792485705693269e-05,3.4951266106480714e-05,0.006217982203111767,1.4733626780259215e-07,3.2489893697550086e-07,0.016825306372296584,5.047831790530964e-05,3.529892506251568e-07,0.06504979707509052
8,0.0015583688133065645,0.01990347947231579,6.6980052619414166e-06,0.00019566363999618628,0.005537828969274785,0.0003456637295207891,3.2368267853868506e-05,0.0012697808540546591,0.26689479110973796,0.0021898714126880976,0.11792748442310333,0.00015587258944148427,4.429401851988661e-09,0.00025022254972360803,0.4902043827325296,3.0830092459344175e-06,3.149441449703409e-05,6.75776266052476e-05,0.002727949666241153,9.687574067933834e-08,1.1273855747283928e-06,0.01598667831566756,0.00014064608385908525,2.649700342353515e-07,0.0745686006543238
9,0.0013267860020669696,0.02674545256109504,5.731280898847179e-06,0.0002599175262956444,0.00760751896557182,0.0007275755408358711,4.110408128209204e-05,0.0016632083425316747,0.3419566449366511,0.0014430236421755598,0.10643197259937144,0.00015709762387560274,5.798063305548708e-09,0.0001660044332918898,0.43855517820100637,6.723594581570423e-06,3.292976924803401e-05,0.000150678876220788,0.004798840766572863,1.0432249035637918e-07,1.1667200895790185e-06,0.023748423073344967,9.780162515629545e-05,2.062304655353616e-07,0.04407590348681694
10,0.001450846081278723,0.02076221105393265,6.040233573283112e-06,0.00019842010556097447,0.0055062058942614124,0.00036958658738200586,3.112165535537516e-05,0.0012537739623841473,0.26954205338563597,0.001991594901045329,0.11616947755303965,0.00014917418776119447,4.19925906044961e-09,0.00023175767148479281,0.4936388890983056,3.1740601008632696e-06,2.973209458245895e-05,7.405788110596372e-05,0.002791596504078865,9.294341429335716e-08,1.0902247983867664e-06,0.01639507255799984,0.00013314044843894458,2.39436290486981e-07,0.06927064727892981
11,0.0017399490742616571,0.02006906774681666,7.028396671321567e-06,0.00020737772269347995,0.005636223369828527,0.0003955732141462854,3.62060768931897e-05,0.0016106175532223852,0.28961354820322394,0.002438965631592247,0.11445220831306661,0.00016149285137097261,6.012508326686619e-09,0.00023241055224918386,0.4758219169158,3.778821420113515e-06,3.547753809127167e-05,8.01883888174656e-05,0.0033480268994493193,1.0576165996985603e-07,1.1030243490714097e-06,0.01741327019531129,0.00013359228462175914,3.0719360109201295e-07,0.06656155825833376
12,0.00042252772519771976,0.009867421546348268,1.8779996987898415e-06,5.086563725820785e-05,0.052560742699942146,0.00048734668922740794,7.857248662827665e-05,2.513092437778999e-05,0.1262786376045563,0.00032773716567022687,0.05817540121810748,7.969241655304224e-05,1.0275286050817872e-09,0.00393256089884563,0.28188993622610764,1.1110076034354918e-06,2.4477754660653026e-05,0.0002682634434900836,0.00047182427581209384,3.4038952530932496e-07,4.687161837823041e-06,0.0011149813607274173,0.003020184072930205,5.969154428476823e-07,0.46091508135192266
13,0.0009429349095712642,0.005550291869545057,5.377793132135868e-06,0.00010863358528384469,0.0026364070185235762,5.327376187987634e-05,1.1840958097550893e-05,0.0008794653663498932,0.10228021329532745,0.00121205607240483,0.2667848853859872,0.00015473061180606293,2.5032050001616064e-09,0.00034631700643950893,0.5780974695064349,1.205545706647042e-06,1.1233679639091666e-05,3.473812984135158e-05,0.0005422454217770784,1.0225241375350768e-07,7.437521545382615e-07,0.004272888070689664,8.538701619504231e-05,6.54556153159593e-08,0.03598749103197936
14,0.0011160259452107388,0.03126454707441152,5.890075718120972e-06,0.00022498174891222533,0.006505822571173948,0.0004098797439637221,2.0239910627262704e-05,0.0009639237606100408,0.24432154055077293,0.0015703344571994914,0.1341235400517621,0.00010223100195633293,3.9151172002332235e-09,0.00018653147832124625,0.5056645993301837,3.1390868734378337e-06,2.1994217994208957e-05,8.832442439087035e-05,0.0034887688505190664,9.785342595807885e-08,9.539158408205324e-07,0.015717944372775298,0.00010951117808638246,1.5745877549118518e-07,0.05408901702537785
15,0.001450846081278723,0.02076221105393265,6.040233573283112e-06,0.00019842010556097447,0.0055062058942614124,0.00036958658738200586,3.112165535537516e-05,0.0012537739623841473,0.26954205338563597,0.001991594901045329,0.11616947755303965,0.00014917418776119447,4.19925906044961e-09,0.00023175767148479281,0.4936388890983056,3.1740601008632696e-06,2.973209458245895e-05,7.405788110596372e-05,0.002791596504078865,9.294341429335716e-08,1.0902247983867664e-06,0.01639507255799984,0.00013314044843894458,2.39436290486981e-07,0.06927064727892981
16,0.0013052856144191674,0.009991312580160864,7.310320361316119e-06,0.0002544763955923447,0.0038789410257665173,0.00032386978298599734,3.669700815540368e-05,0.0014518972274737262,0.10305149237928561,0.0013900664327304456,0.18119132812515032,0.00031586148683590575,7.825181272969253e-09,0.0005244003452733335,0.6538202958138986,7.653718441451868e-06,2.7919081676719006e-05,0.00021100699335424358,0.0018961006513950132,2.030992023709327e-07,2.5349229793480485e-06,0.010650655036194437,0.00016468434704999257,2.8533218623238583e-07,0.02949571445424949
17,0.0028023857213758246,0.012753209904364774,8.96039737962331e-06,0.00023909475222478807,0.007609952262645151,0.00015477715286906188,8.62059487377427e-05,0.0014629576364484126,0.23704839474164818,0.0017036061430902969,0.18503995960042005,0.00036473859858418914,5.220914076946505e-09,0.0006328278996846055,0.38770543354147685,2.6964243468007516e-06,4.677277658499266e-05,4.45454543893861e-05,0.0011624910095560132,1.1737365959837308e-07,1.1799818005679118e-06,0.01801175048348688,0.00013473715621978034,2.7640667359442885e-07,0.1429829234114187
18,0.002255739853233616,0.026668146458158244,2.8926286384335373e-06,0.00010200690172440207,0.005702969401340317,0.00018508476098670946,4.358305990296574e-05,0.0005048930626504578,0.22450670066359915,0.0013793563602689087,0.09244070941628256,8.403203593431398e-05,1.8480652731194656e-09,0.00031577956672216705,0.32272023658779586,8.410516296641977e-07,8.016726965788369e-05,5.088101841685459e-05,0.002455730157420907,5.095644644244479e-08,6.104787946073947e-07,0.024438994451894538,0.00015399380064374965,3.0954959765160575e-07,0.2959062886601941
19,0.0019080528078167546,0.01314864668432843,1.0995466440069634e-05,0.0002737336324380682,0.006600483872072801,0.0005511011542712616,7.872716650415388e-05,0.0029658774641585753,0.44151158881780433,0.006392210616572893,0.1024673311532618,0.0002947954492656094,9.937915260804423e-09,0.00015023521857705714,0.3150843095235864,4.4762114893002665e-06,4.541489251122971e-05,4.2452988635466474e-05,0.0028035861559272345,1.350193326629591e-07,8.969515839696033e-07,0.02911122408371011,9.6462518703059e-05,4.215751469918405e-07,0.07645683063794663
20,0.00031016344386082756,0.024376964082766385,2.5141624367685296e-06,0.00010748885884425011,0.0011382489835220964,0.00023480527239317197,7.593869094645392e-06,0.001076379132922135,0.11416846040423802,0.0006880059976857007,0.0698133930613874,0.00014597675721805397,1.3087115322491234e-09,7.992696472060041e-05,0.7412489387306874,1.5443697727336252e-06,9.837947461639304e-06,5.082768949640086e-05,0.0010554621523588181,3.725817748039699e-08,9.814330152678319e-07,0.01910567125236487,5.826683432437019e-05,7.672236942038528e-08,0.026318433310169864
21,0.001369205563234652,0.026159554461837504,5.4803638006618115e-06,0.00013877158568166028,0.006056446451669915,0.0005303966269886194,4.113722635701637e-05,0.001477900622704828,0.36693841340926897,0.0026549368083497124,0.06567764799928402,0.00011827630987436914,4.473715634804802e-09,0.00013979100984366896,0.4107194712065519,2.6517289190744474e-06,4.511443771439935e-05,6.34813302010739e-05,0.00406072698925867,7.240172163065435e-08,9.377125967011668e-07,0.023677633888548332,0.00013095489344655705,4.022351639249705e-07,0.08999059026326658
22,0.0014861528007197385,0.011017966737666132,7.338391335393218e-06,0.0003081449232060843,0.004703284511995051,0.00022530096579528975,2.4924836776921466e-05,0.0012045486925827576,0.19037415008418757,0.002705575521330993,0.27722627133438077,0.00014454962955444384,5.342444740413299e-09,0.0002343378004736158,0.44741178553330074,3.4495429399006296e-06,4.064289033225383e-05,0.00011011794478900138,0.0018749238411624961,1.8537321514883704e-07,1.2943732707809742e-06,0.014099831824043962,0.00014150843129245516,1.5000226209690024e-07,0.046653558670941786
23,0.001450846081278723,0.02076221105393265,6.040233573283112e-06,0.00019842010556097447,0.0055062058942614124,0.00036958658738200586,3.112165535537516e-05,0.0012537739623841473,0.26954205338563597,0.001991594901045329,0.11616947755303965,0.00014917418776119447,4.19925906044961e-09,0.00023175767148479281,0.4936388890983056,3.1740601008632696e-06,2.973209458245895e-05,7.405788110596372e-05,0.002791596504078865,9.294341429335716e-08,1.0902247983867664e-06,0.01639507255799984,0.00013314044843894458,2.39436290486981e-07,0.06927064727892981
24,0.0016830201559799713,0.026888030676416704,6.8468446433821335e-06,0.0003343763705553219,0.0076161444534593925,0.0003552693993637334,2.7751468669001495e-05,0.001119439837930201,0.24848137157686692,0.00192285013025053,0.166354826718769,0.00016437258550896063,4.9877435749012085e-09,0.00030607503768572726,0.44420641326017957,3.275992971842336e-06,2.8372582549821813e-05,8.263466519589444e-05,0.0026894548955997298,1.3033656541804294e-07,1.0136455293951612e-06,0.017464217812760554,0.00012489933266598039,1.9025312506292243e-07,0.08013901697901447
25,0.002431914326165365,0.004499208961890936,8.226740161577977e-06,0.0002294813718804938,0.004568662513770456,7.602935888552347e-05,4.8675421088100055e-05,0.0022825559052162925,0.16212608759330258,0.002725346258312309,0.35606271056158223,0.0002625865520433052,8.243697755384707e-09,0.00045173058190201465,0.40414260273755426,2.339702752893894e-06,2.7224616394047842e-05,4.996576516248253e-05,0.0007437978244500801,1.9633195814459363e-07,6.499867219193609e-07,0.007674567772619699,8.618264082777654e-05,1.4979009002548225e-07,0.05149909844156953
26,0.0023729282985118835,0.016092589129508904,4.56057423858257e-06,0.00014257060980565298,0.006238887659913602,0.0005305773760106892,3.974971802363859e-05,0.0011438838565644661,0.5510839536724282,0.002907167381555791,0.055665372147448086,5.348811181838083e-05,5.418736796223304e-09,0.00011888650794535077,0.2666117903558383,2.8821737379847364e-06,5.786220315091665e-05,9.484407638156141e-05,0.00477418740305872,8.541666182141366e-08,9.957530569445282e-07,0.011881697828854627,0.000265462663336587,5.0418665084115e-07,0.07991506747676179
27,0.0008924710271859706,0.02955143899272801,2.9930269790773173e-06,0.00015281211071665058,0.0031920947627507978,0.00029321428633809926,1.6787911019151736e-05,0.001067205514721145,0.30942479858596267,0.0013061298747038927,0.08390750096753516,9.459359750691627e-05,1.7300443328278518e-09,0.00010475182973295292,0.47607960742518907,1.547798851124813e-06,1.6796083435533225e-05,3.7915802802107816e-05,0.002137063517072004,3.844157818436875e-08,4.92772147615239e-07,0.02041203060927013,7.285011189993827e-05,1.0744789654722912e-07,0.07123475577193275
28,0.001450846081278723,0.02076221105393265,6.040233573283112e-06,0.00019842010556097447,0.0055062058942614124,0.00036958658738200586,3.112165535537516e-05,0.0012537739623841473,0.26954205338563597,0.001991594901045329,0.11616947755303965,0.00014917418776119447,4.19925906044961e-09,0.00023175767148479281,0.4936388890983056,3.1740601008632696e-06,2.973209458245895e-05,7.405788110596372e-05,0.002791596504078865,9.294341429335716e-08,1.0902247983867664e-06,0.01639507255799984,0.00013314044843894458,2.39436290486981e-07,0.06927064727892981
29,0.001450846081278723,0.02076221105393265,6.040233573283112e-06,0.00019842010556097447,0.0055062058942614124,0.00036958658738200586,3.112165535537516e-05,0.0012537739623841473,0.26954205338563597,0.001991594901045329,0.11616947755303965,0.00014917418776119447,4.19925906044961e-09,0.00023175767148479281,0.4936388890983056,3.1740601008632696e-06,2.973209458245895e-05,7.405788110596372e-05,0.002791596504078865,9.294341429335716e-08,1.0902247983867664e-06,0.01639507255799984,0.00013314044843894458,2.39436290486981e-07,0.06927064727892981
30,0.001450846081278723,0.02076221105393265,6.040233573283112e-06,0.00019842010556097447,0.0055062058942614124,0.00036958658738200586,3.112165535537516e-05,0.0012537739623841473,0.26954205338563597,0.001991594901045329,0.11616947755303965,0.00014917418776119447,4.19925906044961e-09,0.00023175767148479281,0.4936388890983056,3.1740601008632696e-06,2.973209458245895e-05,7.405788110596372e-05,0.002791596504078865,9.294341429335716e-08,1.0902247983867664e-06,0.01639507255799984,0.00013314044843894458,2.39436290486981e-07,0.06927064727892981
31,0.003159192635228111,0.020224498918459642,1.2871635666634516e-05,0.00019050255186178907,0.003893127983401798,0.00020649293910480582,2.7769654264757844e-05,0.004895191743393271,0.2579790070714453,0.002003479344227473,0.11280612515860423,0.0001945165775007536,1.3496504342893976e-08,0.00019673601789384806,0.5375919035529972,5.480168933794076e-06,4.0868352073444816e-05,8.194283126645953e-05,0.00479367588974802,1.0739635241924881e-07,1.1455146314622427e-06,0.016429484316657042,7.875231205478999e-05,3.564061582959153e-07,0.0351867575315703
32,0.0016077903235431255,0.0263860045571643,6.512925364095299e-06,0.00019827566722199422,0.005723857106569837,0.00041267175548160493,2.8035777548724054e-05,0.0012933638209854245,0.2772631819381469,0.0019920160193543954,0.10669016944783954,0.0001318539734850684,4.788385045636801e-09,0.00021633399685197594,0.48834389579265386,3.4889629117443922e-06,3.276303986919488e-05,8.241697901948391e-05,0.00396641520022698,8.893636626021911e-08,1.0758633095845156e-06,0.018056323811247513,0.00012829989074125255,2.703079555024309e-07,0.06743488911775665
33,0.0074575015256603695,0.1560265056303632,1.3388369149973406e-05,0.0005929477148276551,0.007785348722197465,0.0033056789143835136,0.00012747068586629317,0.004597332691208464,0.16973704314842675,0.002991913165763591,0.02401377323720151,0.00027169946257404767,7.562554201506952e-08,0.00028791331685220267,0.2121181785374313,4.7485986752147e-05,0.0004963486011424588,0.0007681914169415992,0.12685473671727793,1.1890828905178827e-07,1.949154465736414e-06,0.21574833746938984,0.00011211650411454848,7.882809102743506e-06,0.06663606168507558
34,0.0021298369790820706,0.020152824437042655,6.862592334444283e-06,0.0002024808601189086,0.006219226790645962,0.000291632855909426,2.918421313968556e-05,0.001344017411128284,0.27887077311411085,0.002049406649795319,0.13377419618860945,0.00012815266499498833,4.9578963997063076e-09,0.0002615630376763098,0.4698184254259779,3.168033966175708e-06,3.119448186838989e-05,7.276574633220723e-05,0.003386694328397916,9.426556254420184e-08,9.465260849354387e-07,0.014085582727239922,0.00012201709538319393,2.3466990126841088e-07,0.0670187139468008
35,0.0015271430232182566,0.021572597379199344,5.776816086802475e-06,0.0001975073605902906,0.005243091097236359,0.0003516564723925018,2.940922963838732e-05,0.0013796980534639626,0.29601036156907923,0.001929466115711182,0.11120523080937002,0.00013748095188815038,4.106710923292203e-09,0.00019710881733697242,0.47347191230379715,3.047470196243135e-06,2.895748073965215e-05,6.847841427403506e-05,0.002900013430198733,8.27930005198653e-08,9.53266625428328e-07,0.017138595014408974,0.00011744513064093812,2.1775530713569103e-07,0.06648376513888887
36,0.0013934594824359854,0.02657423274911482,9.381589807460664e-06,0.0002292560208135509,0.013348680732778876,0.0006646078322493405,1.0357155934015292e-05,0.00044053558873080655,0.4076737680056357,0.003515220364627486,0.10329284479975492,2.3822614902246366e-05,4.01329012200875e-09,0.00014269076731145418,0.3884745189584997,2.7963808417494474e-06,1.2780137927055243e-05,5.991225133107923e-05,0.005414070675512677,1.388188993307166e-07,1.3056921440082462e-06,0.003588232548930618,0.00030176259334260824,2.1856567121057898e-07,0.04482540165951311
37,0.0052375695455733106,0.016913345289170597,1.2103573658612472e-05,0.00026909110780711345,0.010194178252519599,0.0003634398437089319,0.0001018801954456924,0.0009312724576393124,0.13049218308745184,0.0023032801819513654,0.16099365403648724,0.0003153127898444758,1.2284311081256144e-08,0.001990254573320723,0.5191365208331997,7.652762338272172e-06,8.848422950189544e-05,0.00020760011228079727,0.004669027937363853,2.1414462083281398e-07,3.079774865350006e-06,0.013513863268985448,0.0003883910011192731,1.3329794194775987e-06,0.13186625573741517
38,0.000919490076494078,0.01853003596987269,4.695549571864975e-06,0.0002022336404626202,0.0033716133996420806,0.0007453701629737482,3.697628364672722e-05,0.0012369148095574079,0.19283257014526434,0.001660285043987337,0.0895955517443822,0.0001854742151395642,4.8519086350474134e-09,0.000201917743470363,0.6323644120957361,6.52274840390088e-06,2.5617306217830825e-05,0.00015357559861327213,0.0032565432578156575,8.85916356865691e-08,1.868471648422681e-06,0.018247874840276557,0.00017355961771702393,3.2425925946146083e-07,0.03624647957630241
39,0.0005910535588507883,0.03834614965238271,9.333901940547988e-06,0.00018060342606191008,0.0029786336145459654,0.0012311956902902928,1.9791807364728e-05,0.002550283154835589,0.27355073432153537,0.0010256638532585495,0.03915128048532014,0.00029376462124531215,5.211914215470103e-09,6.757914571613031e-05,0.569649388786204,9.920346757336163e-06,3.9362423740607415e-05,0.0001225992095511238,0.0048973038773053035,7.544489547989087e-08,4.5583146069569404e-06,0.03992359690071518,0.0001182877747167011,3.042902552739495e-07,0.02523853018598986
40,0.0021527582963776068,0.02272266782295873,1.1635059358269959e-05,9.322102307044248e-05,0.011805008267092177,8.556898679739288e-05,2.8858682547114525e-05,0.0006148548981504174,0.12728379245698737,0.0008375718409415872,0.18194293958779673,0.00023755775479390075,3.09503420628378e-09,0.0009548956081540998,0.5082056374176471,1.4701355012118885e-06,2.6240934210328473e-05,3.1195716193199834e-05,0.0019250470578377375,8.212957104898148e-08,9.825322083438353e-07,0.010470154881177035,7.799623683207761e-05,1.676483886464944e-07,0.1304896919303733
41,0.00142598660918645,0.021024638750569327,5.9551298047339e-06,0.000199144950603988,0.005565230931087178,0.0003631411402249259,2.9361305368957353e-05,0.0012493034394207017,0.2724657693941603,0.0019421315988691716,0.11707206430584587,0.00014238548866644262,4.14846615127877e-09,0.00022590204637167144,0.493032335732187,3.1440899821459895e-06,2.8016189517356284e-05,7.354391815214298e-05,0.002799308347517324,9.206648285761878e-08,1.047746875528689e-06,0.015756646997916002,0.00012851864539790262,2.247896926516686e-07,0.06646610223763319
42,0.001143623026910534,0.03593620961756984,7.051676302248997e-06,0.00024046009438318753,0.0037610794660067645,0.00047137515533568546,1.986956865899361e-05,0.0020040625213962643,0.32205832376402505,0.0015466586202042133,0.08487311142723561,0.00014920901340138038,4.007869119213915e-09,9.486877261744416e-05,0.4694770193188589,4.349015167256596e-06,2.8692303273816317e-05,6.32458758403662e-05,0.004130574042447014,6.283576952433025e-08,1.0616867931065307e-06,0.031012001270959936,7.59642910637415e-05,1.7283904960336348e-07,0.04290094978886038
43,0.001073058073248779,0.01864269306396257,1.0240526751588159e-05,0.00026114443403455547,0.005398852021934532,0.0014434286188512108,3.254308797279204e-05,0.0027726013394889543,0.4313496464123069,0.005468436246257607,0.05657233016417955,0.00016901392779810503,1.0322019464045677e-08,6.453570005163875e-05,0.41398530623218,8.004364665666108e-06,5.5337639909742046e-05,0.00011223681864641681,0.005673593458740628,1.5008120536214045e-07,3.1995558597246565e-06,0.028509840489853264,0.0001689782976419496,5.04580072213086e-07,0.028224314542366593
44,0.001450846081278723,0.02076221105393265,6.040233573283112e-06,0.00019842010556097447,0.0055062058942614124,0.00036958658738200586,3.112165535537516e-05,0.0012537739623841473,0.26954205338563597,0.001991594901045329,0.11616947755303965,0.00014917418776119447,4.19925906044961e-09,0.00023175767148479281,0.4936388890983056,3.1740601008632696e-06,2.973209458245895e-05,7.405788110596372e-05,0.002791596504078865,9.294341429335716e-08,1.0902247983867664e-06,0.01639507255799984,0.00013314044843894458,2.39436290486981e-07,0.06927064727892981
45,0.0014488335733279817,0.020670818491334734,6.041737313834208e-06,0.00019798034241448535,0.00546331449680479,0.00037132898003953285,3.1381596791334575e-05,0.001278823579939319,0.26974660784224347,0.0019995587972666314,0.11540115796906762,0.00015002896588897847,4.25045785713182e-09,0.00022991698168646726,0.49516509819926235,3.2115819355482566e-06,2.969949812563562e-05,7.441701062974073e-05,0.0028053346257709373,9.280021357135589e-08,1.0884188784807358e-06,0.016478431345097164,0.0001318418521036692,2.412133462826532e-07,0.0683147458500595
46,0.008294824425984174,0.020217010012750312,2.1609464203953836e-05,0.0008680555133288751,0.006213348514844808,0.0011317179401955527,0.00013451963492955716,0.0047177423163017665,0.382428051677767,0.009084935874661207,0.11578879720906035,0.0005856716185716641,2.959300345395072e-08,0.00017133690793018862,0.18746532984239664,1.2960692764789993e-05,0.0005884776614369122,0.00012616443078333555,0.008589809855499736,2.460226994243786e-07,3.6936151064950506e-06,0.13472572119999135,0.0002061589774109931,1.4860924119916428e-06,0.1186223009059655
47,0.006591260765086846,0.02833971077248823,1.615273183496622e-05,0.0004953678909965319,0.00570234914617967,0.0006415596501836718,8.677484006079304e-05,0.003994712397592429,0.3565171014022034,0.003884491553511797,0.1029861091353333,0.0003479918137349416,1.8101836168520748e-08,0.00025295470717225094,0.35177574497192304,1.2439582091379013e-05,0.00011583976722486854,0.0001067704923055623,0.009450367808807229,1.1048477771183312e-07,1.7963808875503318e-06,0.055009891397522735,0.00013595269055631656,9.129042263374391e-07,0.07353361861146233
48,0.0025045748156473048,0.030800022123487977,7.710817410113265e-06,0.0002088315365029871,0.005850166931641307,0.0006329006791668556,4.5695403616328255e-05,0.002165445961708633,0.3311215740187679,0.0033156131833746946,0.07578117779711115,0.0001475442149813743,8.660513895752644e-09,0.00018742617274229167,0.4286608644201167,4.743883326525716e-06,7.007480504135311e-05,0.00010330132827767767,0.007415761621248075,9.645952292375806e-08,1.1855472162216608e-06,0.03008812554205547,0.00014169102096824412,6.576382811523991e-07,0.08074480541727286
49,0.0008885750570577116,0.029870119058151935,8.25779800170439e-06,0.00023822815541603377,0.004491452051204392,0.0006600282299907409,3.069138590959011e-05,0.001792916999845575,0.3188389061220741,0.0022128508276530335,0.08281828098854001,0.0002581111945782459,4.2980706437071615e-09,0.00010672359938355253,0.4568835906703065,4.098974930392662e-06,3.352055047697661e-05,5.658845627604198e-05,0.00293389690319632,8.919010414051232e-08,1.4909469797672414e-06,0.038920456377888484,9.577555934589502e-05,2.2693680989193145e-07,0.05885511966780833
50,0.0083174562608588,0.005699600857802723,1.1090751656838653e-05,0.00022907817897032824,0.009031173797948579,0.00021077665799679366,0.0001958189623429594,0.0035643500096320113,0.3041093173792545,0.009415330244574919,0.18840208723143775,0.00023872470384409095,2.1045751545101908e-08,0.0007183474072892673,0.3308191062145182,4.27761537532314e-06,8.24169586921887e-05,6.557984840880072e-05,0.0034149872274260554,2.0151406772043452e-07,5.888108621682157e-07,0.012404478006659145,0.0001358588185192373,1.0552841645528836e-06,0.12292827621194541
51,0.0006461342813222509,0.03933953025993217,3.24850946194739e-06,0.00023010474798824515,0.0024213071566157136,0.00026880310581202794,1.0373052570793629e-05,0.001055627194900933,0.1984531333625989,0.0008379241210986912,0.10382619517696151,0.00010647070574499444,1.6943710449934762e-09,0.00010877220538316276,0.5836874258055434,1.8689723670646249e-06,1.2287867567643471e-05,5.098772714479652e-05,0.001723065553674352,4.685954642279517e-08,6.91817431873349e-07,0.020922401225014018,6.830520097097257e-05,7.480075048678559e-08,0.04622521859522658
52,0.0014060473648142284,0.019205137373084716,5.663546271447472e-06,0.00020140044402601907,0.005288266495661781,0.0003861708697377466,2.9066478292233262e-05,0.0013216293332711038,0.2688868816119423,0.002176226319734566,0.11770031459844958,0.00014508492857713068,4.376015085967433e-09,0.00021925612148810154,0.5029547502815379,3.20486599481654e-06,2.714625502557189e-05,7.823777721222705e-05,0.0028135482828933146,9.647363035106334e-08,1.0247775354835627e-06,0.01552187801664137,0.00012573664745982855,2.2886725958329978e-07,0.06150299789344335
53,0.0008168222899358975,0.004729207865491439,4.840993601968122e-06,0.00021023343755281014,0.006009683499052301,0.00027878996372484243,9.458089935349035e-05,0.0006786406541462184,0.2059636015988175,0.0019504054921224846,0.20876967441581015,0.00028315881434846403,3.378215662713733e-09,0.0005325291669275322,0.4797841151207372,3.2024721818721683e-06,2.3910956603762308e-05,9.659054090836697e-05,0.0004718410856464524,2.1712784705657197e-07,1.99373564901232e-06,0.007440058448543241,0.00036929263550753073,2.2296723740192365e-07,0.08148638244003713
54,0.0007504172500812919,0.05588636899889329,1.6588884010442302e-06,9.404322080303517e-05,0.002516625837043998,0.00019149210920709113,1.597196082113705e-05,0.0005259153858545597,0.17428371891583866,0.0005269913454282809,0.05482258057729009,7.001310650990332e-05,6.913699779886363e-10,0.00017526010309857305,0.5604814155114106,8.32003514760483e-07,1.0532306751247733e-05,2.3912978604255052e-05,0.001856478027858356,1.5337044028269388e-08,3.0251481732492843e-07,0.020304523698502237,5.4230890862066436e-05,1.0538562124471406e-07,0.12740659295437293
55,0.0014468623593408962,0.018459321674753365,6.180293599298744e-06,0.00019793405442525524,0.005687474081524815,0.0003925009814013809,3.785356232811398e-05,0.0014957734669708497,0.2844041845291214,0.0019591748090730904,0.11121606560552946,0.00020190396722676303,4.9493154000411065e-09,0.00025117060160749786,0.486246904385246,3.7244286228751736e-06,2.977333058313332e-05,8.074710521951668e-05,0.00258477819448328,1.0171460743969589e-07,1.1213112224098748e-06,0.01711952367022165,0.00012915227226090623,2.587490379274257e-07,0.06804750990227712
56,0.001635561888189519,0.020503654096469738,6.684542701212109e-06,0.0002166221800739081,0.005677200665849927,0.00040977597710559655,3.4673735870108424e-05,0.0015329359224557882,0.28573298908248207,0.002311107121188459,0.11533955437585877,0.0001605137936855874,5.64046947922177e-09,0.0002302428647274567,0.4793692836388756,3.73017130978528e-06,3.327837406978114e-05,8.196041709367987e-05,0.003190254136099456,1.0661925419446024e-07,1.1203463522581105e-06,0.01725584346135017,0.00013332935627662597,2.829577084127192e-07,0.06613928863448251
57,0.0014307225548983473,0.020123813299306646,2.3992367486018154e-05,0.00017577604257564363,0.010392826475236589,0.0005131099436071881,4.514412504407674e-05,0.0022321053710921677,0.36617172639967177,0.0033285499449753615,0.10395014686299496,0.00038314487077491,1.0344494132844576e-08,0.00019211502468205032,0.4019714483185804,6.055761277672688e-06,4.9026026761576714e-05,4.978655416818316e-05,0.003939163046129893,1.7416508238192065e-07,2.1684878535598515e-06,0.02457596039671953,0.00010809609735355998,3.7287626780665817e-07,0.06033456464296552
58,0.0018728180929802921,0.022128457718205694,7.77063969508518e-06,0.00019771077441237318,0.006133594493153133,0.0005311777275062627,4.457988259818317e-05,0.0016629248552772588,0.2874301797524216,0.0029569132646696922,0.09177064267959237,0.00018171740531521062,7.200759333484999e-09,0.00025607368614422173,0.4833647858423577,4.329723542012369e-06,4.69729603020562e-05,9.624714898385176e-05,0.004225820970460512,1.1734123856350616e-07,1.4355779211145846e-06,0.020325529155695594,0.00017009852893072762,5.191641578904914e-07,0.07658957541367946
59,0.0018545196721035959,0.021630297808155622,9.435691399042789e-06,0.00020579532906528803,0.006464719154337461,0.0004804841813076111,4.408567317654118e-05,0.001702879937571867,0.28513225469640663,0.0028121941831630243,0.10149532467400953,0.00019655278588182285,7.441054725313613e-09,0.00026097252308367793,0.48096639805497615,4.576029007873248e-06,4.642509393656081e-05,8.860519868036784e-05,0.00394298184725458,1.290174201728834e-07,1.5723153872201834e-06,0.019841055808429143,0.00016536009179943364,4.7158445584901173e-07,0.0726529012079362
60,0.001450846081278723,0.02076221105393265,6.040233573283112e-06,0.00019842010556097447,0.0055062058942614124,0.00036958658738200586,3.112165535537516e-05,0.0012537739623841473,0.26954205338563597,0.001991594901045329,0.11616947755303965,0.00014917418776119447,4.19925906044961e-09,0.00023175767148479281,0.4936388890983056,3.1740601008632696e-06,2.973209458245895e-05,7.405788110596372e-05,0.002791596504078865,9.294341429335716e-08,1.0902247983867664e-06,0.01639507255799984,0.00013314044843894458,2.39436290486981e-07,0.06927064727892981
61,0.0017712895850865173,0.020995309833378897,8.529713894218062e-06,0.00018757070120371108,0.006341084942690811,0.00043154124331097827,3.9785234890944185e-05,0.0014858672306228757,0.2850303547633145,0.0025553741850412952,0.10431861337870073,0.00018063309383140576,6.1454842343237944e-09,0.00025671903004421964,0.4793507620973077,3.951361031967019e-06,4.1597155619722866e-05,7.856714378303343e-05,0.003599308410797645,1.1268451702214758e-07,1.4176493105915343e-06,0.0182685886425639,0.0001572361559540916,3.927100097383394e-07,0.07489538690760932
62,0.001450846081278723,0.02076221105393265,6.040233573283112e-06,0.00019842010556097447,0.0055062058942614124,0.00036958658738200586,3.112165535537516e-05,0.0012537739623841473,0.26954205338563597,0.001991594901045329,0.11616947755303965,0.00014917418776119447,4.19925906044961e-09,0.00023175767148479281,0.4936388890983056,3.1740601008632696e-06,2.973209458245895e-05,7.405788110596372e-05,0.002791596504078865,9.294341429335716e-08,1.0902247983867664e-06,0.01639507255799984,0.00013314044843894458,2.39436290486981e-07,0.06927064727892981
63,0.0011836711002125603,0.028706726643268198,4.807930733318805e-06,0.00018090920357289263,0.004711909794071618,0.00036966534292912675,2.2240600126171827e-05,0.001057242735518565,0.26350653500595755,0.00149834920841441,0.09985661245671774,0.00011228699921380931,3.121570302551164e-09,0.00017846846081939259,0.5107257362559947,2.595876466324003e-06,2.4511736186284534e-05,6.927902034248895e-05,0.0029428363202680255,6.967419712786004e-08,9.446115375281749e-07,0.017442216069704825,0.00011712103451888546,1.8883004779431845e-07,0.06728507196761026
64,0.0012013885695111486,0.021406359307918465,8.672371796790775e-06,0.00019843514795539255,0.005478363621889242,0.0004366456765758569,2.8867505193639285e-05,0.0011466870287280386,0.24946372480465204,0.001891071830319744,0.10960789789746198,0.00019691399109396387,4.3078874766707705e-09,0.00022270655077494126,0.5240176937176052,3.8548609265062894e-06,3.5713875035532695e-05,7.429422511503035e-05,0.0025593533624919183,1.1015725334310895e-07,2.188736837520261e-06,0.018010148833525218,0.00017664401021988052,2.6656444760534524e-07,0.0638319930447835
65,0.0008645763391230274,0.0330344358219241,4.864146097099394e-06,0.00017563425539514373,0.0050449636228065255,0.0005083373972982286,2.577610681164346e-05,0.000759698259822478,0.22256048691189728,0.0011696126258719098,0.08116733776375147,0.00014446586872519476,2.8070051732650204e-09,0.00022874778136150313,0.5466805010102623,2.9128626585831004e-06,2.9702569262798526e-05,9.778698480365144e-05,0.0025209620294827308,8.794410248320948e-08,1.7698994179248796e-06,0.018712565917590056,0.00019917631913976878,2.6333904142956174e-07,0.08606533141634742
66,0.0019723672960278815,0.018163277021826078,8.368479437919892e-06,0.00022541207739770722,0.007708858122149051,0.0004022896960488784,4.291739084950528e-05,0.001472235809574358,0.31565100247607564,0.0026809153291012175,0.1290621765194229,0.00016255376136386503,6.328065269138019e-09,0.0002632026362312285,0.43041994065617195,4.012450789174182e-06,3.804064131524612e-05,7.726769960301857e-05,0.003367329506319276,1.2412317976461412e-07,1.1773166182265458e-06,0.01601206088484955,0.00014235025504987048,3.057231914477181e-07,0.07212180779934092
67,0.0005416262129332503,0.03363870914299944,3.5480637341373103e-06,0.00016601111724877705,0.003071385424108826,0.0007049712941473564,2.3831124474019006e-05,0.0005424398302777072,0.16957535117590683,0.001009644204263086,0.06878109228201292,0.00015991131725541592,1.994804842463756e-09,0.00021310218451623644,0.5986380633506501,2.6622467523471195e-06,3.0978437399742653e-05,0.00011372737951667625,0.0020355996700469354,8.227913802555276e-08,2.2838877342860744e-06,0.021780856028972898,0.00027779531480607157,2.8654447025026805e-07,0.09868603949182972
68,0.0024432638372096833,0.024418530608188257,6.7511814758001595e-06,0.00022277215023327866,0.006554065153205423,0.0002573389197657492,2.8571430149595998e-05,0.0011159498013734665,0.3152920087895612,0.002132313736571034,0.13715501947418118,9.647352114576086e-05,4.463280501193032e-09,0.00026127365352866035,0.40900603315620393,2.91874650794881e-06,3.2181795795590695e-05,5.823810027030805e-05,0.0039433901519396585,7.683896442454144e-08,6.924010906891437e-07,0.014759361010157264,0.00012266545105696288,2.2973704842661532e-07,0.08208987589109518
69,0.0007512666163068157,0.013766468108184311,3.5217358036777497e-06,0.00017174291890116082,0.0036631835571727216,0.0002625180559953701,1.7586690653346516e-05,0.0008176100887464557,0.23835268055388348,0.0014545604832785185,0.14993303716417042,0.00011610963314431073,2.0568723675225963e-09,0.0001532545163332391,0.5220958248232124,1.7185598991562723e-06,1.832317472605001e-05,6.628098360541779e-05,0.0011450382815945538,8.839364337085949e-08,1.0124181372104867e-06,0.01160866658168003,0.00013634505534406463,9.249685539340709e-08,0.05546306705185627
70,0.00037977048947596137,0.01196118886823515,5.138133138276599e-06,0.0003705475292813969,0.0033340636645226183,0.0004901372193595291,1.9391235368932682e-05,0.0011378144821045902,0.4011706155986417,0.0016066482890275888,0.1381917933316445,0.00015196171724658742,2.178781094089241e-09,7.160140587620444e-05,0.4027024146294021,3.45774137603459e-06,5.610853068814006e-06,3.4602819774473807e-05,0.0006566018068736841,1.0762650317966912e-07,8.253293196715293e-07,0.009711498837178761,0.00010107672545475103,4.797606669373265e-08,0.02789308151227786
71,0.0016426081808092593,0.01856201275286291,6.3643157252527025e-06,0.00020261332118311567,0.006126856443784086,0.00038328922680119955,3.944410622058329e-05,0.0013657330176006833,0.29304804223316383,0.0023117552378617585,0.11682838661537993,0.0001561044349114028,4.8436995556648476e-09,0.00024733660746006697,0.4653243233954197,3.3480394133003237e-06,3.315745231887447e-05,7.429891832416058e-05,0.002822096647541525,1.0184154049945187e-07,1.074849162805861e-06,0.016323481196069467,0.00013959385373381637,2.791855498346156e-07,0.07435769328346237
72,0.002549343664809796,0.010643615460299747,1.588750776517356e-05,0.0004370615401515843,0.011379876413009258,0.0015858369558504227,0.000296738306798647,0.00651650614040721,0.43882536248171455,0.0039384600416178485,0.08132029996765652,0.0005877480635285227,3.5664234190920124e-08,0.00034624841260467483,0.37374448907285435,3.494633920423524e-05,7.657341430781555e-05,0.00028882284411402856,0.005532043343577114,3.1279305715194666e-07,3.191172421364695e-06,0.02585472431718457,0.00018467501915361384,1.3363049912378867e-06,0.03583586475868638
