,0,1,2,3,4,5,6,7,8,9,10,11,12,13,14,15,16,17,18,19,20,21,22,23,24
0,0.036227894872326256,0.025759024325254037,0.00011453659094064198,0.0001939235020857542,0.17671959116442862,0.002620661371444357,0.00019569420503388868,0.0002832375058650444,0.31763998859258463,0.008879243920400855,0.02017469498278391,1.4455237215276539e-05,1.9283119732247578e-07,0.0019268212717578502,0.07599559940532383,6.053492624289156e-05,0.0003597111762618677,0.0004402195212595751,0.24576526169782548,6.197372574985073e-07,9.454769682567023e-06,0.0013734762167408009,0.003963405531651814,6.062139788243606e-05,0.08122113524655276
1,0.025664377431499307,0.043170682337936216,0.0001162932494706102,0.00010179310713870029,0.20718373432316742,0.0023029333827234008,0.0001680200485063363,0.0001455229443255631,0.20575468526150004,0.005431160203386875,0.019753225782232275,1.8303913808414775e-05,9.13544793041264e-08,0.00290909843075099,0.10351592862754794,3.578135155546009e-05,0.0003202400042427772,0.000331278551689133,0.24196101327244285,4.09675224451681e-07,1.013770419269387e-05,0.001821105498933281,0.003187318893038452,5.4438740488168846e-05,0.13604242590971935
2,0.01907150245987371,0.04053032482620432,9.826507829025222e-05,7.02936688512636e-05,0.21097464780929165,0.0012610257589162088,0.00010092489996210343,0.00013764335926785186,0.2138133052605662,0.00483551929159776,0.03293168625217028,1.8546449078025273e-05,5.786706250345015e-08,0.0035512133821218026,0.1805928699971343,1.560854939395935e-05,0.00018237000088745428,0.00026881571563340355,0.11250485885806163,5.316643722207065e-07,9.123552748664955e-06,0.0011282545988485896,0.0034209301169506037,2.9198553558848703e-05,0.17445248202915628
3,0.025075307949065904,0.04698065835310473,0.00010603072054988018,0.00010485863968035542,0.2016609480174443,0.0023858960328008976,0.00019031103481710062,0.00014180840080863348,0.1811384735990051,0.005111486002311106,0.020976903571012177,2.1532791109900767e-05,8.847572497410369e-08,0.0037062015843675076,0.11937420816731555,3.4713380821024256e-05,0.00035220448218527213,0.0003983811257562193,0.22346543632587687,4.3917689619634235e-07,1.145576865464554e-05,0.0020236606250540997,0.0036607991787493714,6.232088797562063e-05,0.1630158757089127
4,0.028178889488858643,0.04552452283426079,0.00010987164250183896,0.00010774555573859263,0.20502362805461663,0.002472750378885274,0.00019904298767290047,0.00014677641408908097,0.16641156430125412,0.0052159561434518545,0.019962699239387163,2.140377516894492e-05,1.1200931039787642e-07,0.004080433526053525,0.11042413467331834,3.9281197931982143e-05,0.00036533258134128534,0.00044917259356626506,0.25328561404996236,4.849677412557204e-07,1.1171015530570108e-05,0.0018802124233642272,0.0036310374029718006,7.337771357210589e-05,0.15238478502944997
5,0.024873816870035242,0.05431775594429461,8.837752521653333e-05,0.000131252910199494,0.18594155883707372,0.002719676271460526,0.00016993336876822983,0.00014444434032558743,0.16347800375105484,0.0048517317282449806,0.02173431616696151,1.8916258336518793e-05,9.894085366997537e-08,0.003901943175384504,0.12732831419547297,3.857631542495225e-05,0.0003670284874469674,0.0005835457948245681,0.25482489887129933,4.896747514458909e-07,1.2084012254707167e-05,0.00206858625430148,0.0040261560805264366,6.479405207235037e-05,0.1483137001734148
6,0.025075307949065904,0.04698065835310473,0.00010603072054988018,0.00010485863968035542,0.2016609480174443,0.0023858960328008976,0.00019031103481710062,0.00014180840080863348,0.1811384735990051,0.005111486002311106,0.020976903571012177,2.1532791109900767e-05,8.847572497410369e-08,0.0037062015843675076,0.11937420816731555,3.4713380821024256e-05,0.00035220448218527213,0.0003983811257562193,0.22346543632587687,4.3917689619634235e-07,1.145576865464554e-05,0.0020236606250540997,0.0036607991787493714,6.232088797562063e-05,0.1630158757089127
7,0.08376357011089401,0.02570889551476731,0.00018096910950388213,0.0001552380990379255,0.19865829764117643,0.001023724958505332,0.000250014862648504,0.00031358023207781984,0.1980857682218842,0.011797986445995931,0.028865287722350766,1.5899045885913905e-05,2.4749609807434895e-07,0.0023677582569074694,0.05084645189484083,3.329627406637712e-05,0.00034219973256328353,0.00017414808569116662,0.2846661081330524,5.015505318434158e-07,2.74179099372911e-06,0.0018510559391042372,0.001131795383353816,5.773046960314417e-05,0.10970673302846558
8,0.026879919175842155,0.04503742195406689,0.00011520396004929096,0.00010626490052351875,0.20049627011443955,0.0022929936312911497,0.0001985514835552046,0.00014400881009943916,0.18128578333278286,0.005527829612336969,0.02129951494213622,2.2760885346089507e-05,9.291421150610257e-08,0.003920799280603309,0.11737613949112512,3.451692822960876e-05,0.0003678344023808783,0.0003762822319331532,0.21561976569417535,4.6134678954435894e-07,1.1819178008948329e-05,0.002002503314197633,0.0038794576237562058,6.800146778453099e-05,0.17293580332433486
9,0.017867898963251597,0.04839288007185126,8.3873039051102e-05,9.975622513175864e-05,0.2341051396241837,0.0034238569121962867,0.00019216327336908106,0.00013876877098799342,0.1727214639351065,0.0031606106578116297,0.015686835044673202,1.765309614080398e-05,9.345128968122595e-08,0.002407476659849294,0.08972240743470677,5.2615923148024485e-05,0.0003180137707256102,0.0005715813810332387,0.3167694566230676,3.728724496102582e-07,9.933180475793887e-06,0.0022205111827196425,0.0021355168241098963,4.354856309824489e-05,0.08985757251957156
10,0.025075307949065904,0.04698065835310473,0.00010603072054988018,0.00010485863968035542,0.2016609480174443,0.0023858960328008976,0.00019031103481710062,0.00014180840080863348,0.1811384735990051,0.005111486002311106,0.020976903571012177,2.1532791109900767e-05,8.847572497410369e-08,0.0037062015843675076,0.11937420816731555,3.4713380821024256e-05,0.00035220448218527213,0.0003983811257562193,0.22346543632587687,4.3917689619634235e-07,1.145576865464554e-05,0.0020236606250540997,0.0036607991787493714,6.232088797562063e-05,0.1630158757089127
11,0.028272629651082456,0.04354776985095666,0.00011512976623773486,0.00010623293393295358,0.19511377069822577,0.0024787177680635594,0.00020949783749774897,0.00016984281990571214,0.1860888160311455,0.005812752725220415,0.019720815960824783,2.2414779959881995e-05,1.167923209452808e-07,0.0035198443356010173,0.10965855236685562,3.957542167889785e-05,0.00038987843714720274,0.0004179950110467891,0.24945039354649734,4.7492326172057224e-07,1.1091240553005903e-05,0.002061665536638735,0.0035351198212922124,7.444336970608067e-05,0.14918245837434715
12,0.0018025694997295919,0.007806083545782191,1.2005389581079096e-05,1.4078086766828475e-05,0.5767435639615301,0.0012158910902100163,0.00011665557531287224,1.1106769441199579e-06,0.02874359636349355,0.0003767362193014807,0.004339051177757206,6.19593661532511e-06,8.17285261941211e-09,0.02181741558192233,0.023307561730383754,5.3213413520609485e-06,7.535227919251688e-05,0.0004401218815597856,0.014392184619906257,4.6192516227845073e-07,1.3380633461087883e-05,6.845398239364823e-05,0.017748730618615885,3.3368772201270236e-05,0.30092010093797217
13,0.03166101708765267,0.026585913317274522,0.00016898342516076694,0.00012425408365348311,0.1827175197635551,0.000834601461612558,0.0001501357444014011,0.00019300568371907205,0.1456347366457873,0.005814370735860263,0.0841521605393947,4.453098367557821e-05,1.0004527428823124e-07,0.009482572565484473,0.25394793264841237,2.8751591013797343e-05,0.00025459742704452714,0.00040811576886242936,0.08785708797038173,9.179526246240013e-07,1.517860461489804e-05,0.0011800886415805189,0.004679992348053406,3.4451980216800367e-05,0.16402898298468876
14,0.018541761774073587,0.06377170282668206,9.801528876399608e-05,0.00011188008620796776,0.226678460781914,0.0025203261803379965,0.00012117175096567096,0.0001025677906208392,0.15490363074882227,0.003882005251214094,0.02257372070991698,1.4501675345077752e-05,7.898868073301523e-08,0.0029405400529339473,0.11360279350695072,3.316648652487468e-05,0.00025281666780668197,0.00045235232455190916,0.2627188724380127,4.3792479978326056e-07,9.674019793900682e-06,0.001822479272971667,0.0029061958604024206,4.020955586355851e-05,0.1219006380358426
15,0.025075307949065904,0.04698065835310473,0.00010603072054988018,0.00010485863968035542,0.2016609480174443,0.0023858960328008976,0.00019031103481710062,0.00014180840080863348,0.1811384735990051,0.005111486002311106,0.020976903571012177,2.1532791109900767e-05,8.847572497410369e-08,0.0037062015843675076,0.11937420816731555,3.4713380821024256e-05,0.00035220448218527213,0.0003983811257562193,0.22346543632587687,4.3917689619634235e-07,1.145576865464554e-05,0.0020236606250540997,0.0036607991787493714,6.232088797562063e-05,0.1630158757089127
16,0.028827918134609522,0.032339703786801656,0.0001730574874749407,0.00017034204371746138,0.2218037530584701,0.0028833884988628965,0.00029035886960135463,0.00019294551414234621,0.09503121265799021,0.005144701439182465,0.04366995810252058,5.822617280697395e-05,2.041985624814683e-07,0.012170960778527962,0.21190079140387771,0.00010422474612750537,0.00045769447401210726,0.0013802299298861023,0.23203864422652987,1.1541849623778559e-06,3.446606685410127e-05,0.0018187645077575763,0.005704115332096363,9.535757924628667e-05,0.1037078268053791
17,0.04264479745735153,0.028443632868981904,0.00013984140650529465,0.0001211355763417397,0.2527761742473397,0.0010892829322723405,0.0004555885218601633,0.0001479932563584215,0.152865746486449,0.00399329985874474,0.029446668011110504,4.7419115688768584e-05,1.0025493459989804e-07,0.008735524455787605,0.08854431915242399,2.97829124749191e-05,0.000475160542061581,0.0002506836470621068,0.0933777933446575,5.183471674686318e-07,1.1828311503671698e-05,0.002080490039408467,0.003602807249500558,6.702175118292221e-05,0.2906523902528304
18,0.027760792074786256,0.04581934478873798,3.5650737124360085e-05,5.002335976771577e-05,0.13573219594902075,0.001090764527889241,0.0001979862510406543,4.7833676592403056e-05,0.1248017945033701,0.002530992522827182,0.012986813341805093,1.0703642163667574e-05,2.822148885894279e-08,0.0031900411825009035,0.060327004662671616,8.30182718290933e-06,0.0005753497293668088,0.00023852070358707764,0.12830709216894595,1.912680667248712e-07,4.886270519269634e-06,0.0025379414305151398,0.0031483347641118845,5.3120398207567756e-05,0.45054429199770984
19,0.028618614719499783,0.028113873573567878,0.00016348817599835436,0.0001251194427809767,0.21181654166383065,0.003073326954118473,0.00039680849654159643,0.00027947732302687064,0.2553570728114309,0.01327797652721546,0.01674425762049605,3.596217060178687e-05,1.7108251260314503e-07,0.0022234365955592166,0.0720033872822503,4.197557004829098e-05,0.00045995172999514354,0.00021081764829640882,0.20023038286356132,5.449272976853323e-07,8.54837498515753e-06,0.0030956103340212247,0.002418266219182545,9.277291117430835e-05,0.161211614982007
20,0.010781329019747007,0.09920383559483588,8.64286317325376e-05,0.00010074794430865954,0.08593042038227705,0.00258569944265036,9.231645717252976e-05,0.00022622797865633326,0.14524583378520992,0.003616078240295385,0.024266539519222387,3.639574231686016e-05,5.299860612896593e-08,0.0025223659484338414,0.32561619581316914,2.926941995163625e-05,0.00023837441469656728,0.00045494889070364625,0.1661115316296569,3.2359293286713293e-07,1.812810943713515e-05,0.0042139986699976165,0.002893050951312059,3.833404330148209e-05,0.125691572779376
21,0.019925138667419334,0.05053478569162935,7.820431498312454e-05,6.848433125653688e-05,0.17760304715658956,0.0030425000601813695,0.00021051485999291282,0.00013970911977775067,0.21070458983551216,0.005409597993076608,0.010558415483636532,1.56113068217703e-05,7.56474575911958e-08,0.0018911660206615034,0.08614542408835402,2.6045651573473316e-05,0.0004093349485634895,0.00031006578361774095,0.2529836263071064,2.9638889731366614e-07,8.486312427125373e-06,0.0025550999193837357,0.003095279567149281,8.176355108815892e-05,0.17420273699284317
22,0.031195521950312985,0.03293827889232489,0.00015853807670863706,0.0001866179298226775,0.22004006337775645,0.0018678607071049133,0.00018950759374812987,0.00016384217025694917,0.1602531686471915,0.008305544798956196,0.05638841472395292,2.549530618411937e-05,1.350560139691664e-07,0.0047746960935179834,0.13689315822733325,4.568912926437115e-05,0.0005724706090014472,0.0006917337091648495,0.19716505520551553,1.0022811293709098e-06,1.675708741886727e-05,0.0021238393357286647,0.004797607856195328,5.091067255841468e-05,0.1411540905628375
23,0.025075307949065904,0.04698065835310473,0.00010603072054988018,0.00010485863968035542,0.2016609480174443,0.0023858960328008976,0.00019031103481710062,0.00014180840080863348,0.1811384735990051,0.005111486002311106,0.020976903571012177,2.1532791109900767e-05,8.847572497410369e-08,0.0037062015843675076,0.11937420816731555,3.4713380821024256e-05,0.00035220448218527213,0.0003983811257562193,0.22346543632587687,4.3917689619634235e-07,1.145576865464554e-05,0.0020236606250540997,0.0036607991787493714,6.232088797562063e-05,0.1630158757089127
24,0.025314869848547056,0.05381325832099993,0.00010783963873370897,0.00015202831768033743,0.25732858837372186,0.0021310573757345884,0.0001536888694332253,0.00010910947801440832,0.14866211387366884,0.004508430044289032,0.026556012927983097,2.1580239432238955e-05,9.242240876994091e-08,0.004590308710116889,0.09836731841178042,3.278841664920408e-05,0.00030477683086544777,0.0004032764890329032,0.20262577040041638,5.33894859383097e-07,9.878276068918578e-06,0.0019353349293579345,0.0030891818586174387,4.512637331563776e-05,0.1697370356782722
25,0.056328716168107536,0.017327612703073775,0.000191099760705916,0.00017825221423298552,0.22869510766012782,0.0008322514653023347,0.0004111910273915444,0.00035852979915914767,0.16809127752677505,0.009511068185792986,0.08489918171742901,5.377573790707388e-05,2.1746009141437654e-07,0.00920562018813675,0.14776686879892986,3.716191342056483e-05,0.00043978934393084263,0.000396771326215333,0.08960589377817295,1.2069681230607114e-06,1.0045838759795566e-05,0.0015663289988966339,0.003440151484215382,5.465016370709985e-05,0.18059722977139495
26,0.029417322090370075,0.02821149389185101,6.377053383254494e-05,5.593271704128134e-05,0.17833518039583277,0.002514061970096435,0.00017757642635811408,9.397660366918164e-05,0.25679532959519163,0.005425165183892402,0.007858010921731995,6.244067336128168e-06,8.565947662943049e-08,0.0016105945247602063,0.05150693870866031,2.4097333805243974e-05,0.00048732273123644314,0.00037402429439675414,0.29036139532476885,3.057632756742803e-07,8.171959701218733e-06,0.00108092715289994,0.005306694065400497,9.66873749572942e-05,0.14018869070945733
27,0.017755834763258618,0.07339525731979774,6.168110707499193e-05,9.07208887505283e-05,0.13407450805851626,0.0020896864794166534,0.00011995444562457553,0.00013906351395608446,0.22943064734372123,0.003911040442013088,0.0175969865266498,1.570192517542586e-05,4.261506777063499e-08,0.0019607994159036475,0.13202527664873626,1.9252287730220124e-05,0.00023323803601541144,0.00023059210072985133,0.19199855315931744,2.126076361784776e-07,6.067066088069242e-06,0.0028177114924360347,0.002281941298425002,3.2550059153457914e-05,0.18971268039880568
28,0.025075307949065904,0.04698065835310473,0.00010603072054988018,0.00010485863968035542,0.2016609480174443,0.0023858960328008976,0.00019031103481710062,0.00014180840080863348,0.1811384735990051,0.005111486002311106,0.020976903571012177,2.1532791109900767e-05,8.847572497410369e-08,0.0037062015843675076,0.11937420816731555,3.4713380821024256e-05,0.00035220448218527213,0.0003983811257562193,0.22346543632587687,4.3917689619634235e-07,1.145576865464554e-05,0.0020236606250540997,0.0036607991787493714,6.232088797562063e-05,0.1630158757089127
29,0.025075307949065904,0.04698065835310473,0.00010603072054988018,0.00010485863968035542,0.2016609480174443,0.0023858960328008976,0.00019031103481710062,0.00014180840080863348,0.1811384735990051,0.005111486002311106,0.020976903571012177,2.1532791109900767e-05,8.847572497410369e-08,0.0037062015843675076,0.11937420816731555,3.4713380821024256e-05,0.00035220448218527213,0.0003983811257562193,0.22346543632587687,4.3917689619634235e-07,1.145576865464554e-05,0.0020236606250540997,0.0036607991787493714,6.232088797562063e-05,0.1630158757089127
30,0.025075307949065904,0.04698065835310473,0.00010603072054988018,0.00010485863968035542,0.2016609480174443,0.0023858960328008976,0.00019031103481710062,0.00014180840080863348,0.1811384735990051,0.005111486002311106,0.020976903571012177,2.1532791109900767e-05,8.847572497410369e-08,0.0037062015843675076,0.11937420816731555,3.4713380821024256e-05,0.00035220448218527213,0.0003983811257562193,0.22346543632587687,4.3917689619634235e-07,1.145576865464554e-05,0.0020236606250540997,0.0036607991787493714,6.232088797562063e-05,0.1630158757089127
31,0.049263874999219956,0.045373579768486924,0.0001996303593058732,0.00010351468251378342,0.13988071584548145,0.001473463811345329,0.0001680263821118833,0.0004696659097121638,0.17281112639347426,0.004821755811371689,0.019632669510849587,2.7874802295542015e-05,2.444684037418719e-07,0.003060421030062857,0.1249853423811533,5.869154948558801e-05,0.000433117311444838,0.00045216501822042797,0.34826393144014045,4.932346446565284e-07,1.1828508844201898e-05,0.0020286176034016302,0.002265058899210232,8.631269586738042e-05,0.0841278775829525
32,0.02520461123719328,0.05287949458229425,0.00010270100390933875,9.756326746390216e-05,0.18940646577260353,0.0024560325485808434,0.00015838971472457628,0.00013257906813283617,0.17031244795817987,0.004614046583301927,0.01762694651413525,1.7732130770239874e-05,9.144232212835323e-08,0.003148228246718965,0.1060552391635241,3.5323849267550084e-05,0.0003479283223026373,0.00041193178305564624,0.2783950719751972,3.89657938221612e-07,1.0345549546431446e-05,0.0020193639604976937,0.0032617858338237593,6.349239436629898e-05,0.1432417974401496
33,0.013001478733738477,0.03356786390721916,2.5400449297859192e-05,3.446508695966981e-05,0.03316069916468686,0.0023044612745919883,8.045982791757586e-05,4.9458502497202905e-05,0.013673444853263758,0.0008075593073432469,0.0005418389703878737,4.470279087340557e-06,1.500195848561538e-07,0.0005488278388763641,0.0059908680376047,5.407015694692529e-05,0.0005059295312300774,0.00044612609986419724,0.8750650110897078,6.73971629340604e-08,2.3858987599153095e-06,0.0023399071184506343,0.0003956071557878755,0.00018637136279735998,0.017213077936235496
34,0.03356603265104979,0.04269190937563981,0.00011023506510289771,0.00010349961362549343,0.20897607527986645,0.0018583319633960625,0.0001696405094542477,0.00014183757088853593,0.17731676298928856,0.004858890745688,0.022370271585466447,1.7930735057642147e-05,9.670395732642512e-08,0.0038284601210022214,0.10550755275601431,3.348664368018289e-05,0.00034041877180393597,0.0003814384840476541,0.24615942047732936,4.2371639184508644e-07,9.473106968543333e-06,0.001673681881253023,0.003211856487458556,5.714697036623683e-05,0.14661512579520303
35,0.025967947696231494,0.048495425915081006,0.00010120890466133782,0.0001025284831467641,0.1916710747408724,0.0022473358145755785,0.00017870151441601973,0.00015317643114619645,0.19517360468217013,0.004932375320656219,0.019975019903954883,1.9736600087480113e-05,8.556317426533685e-08,0.003183436981728607,0.11481593474973524,3.28663607420477e-05,0.0003408562965751483,0.0003635761353270081,0.23042199910660704,3.8908058817247693e-07,1.0048041882180362e-05,0.0020865571838478278,0.0032249521442341425,5.665637774389207e-05,0.15644450597081502
36,0.02962345796922574,0.04648173691788086,9.200659536812934e-05,0.00011084151797904733,0.1314778162235762,0.0018264673751086083,0.0004400504524321578,0.00032743442872108753,0.15959798113220247,0.004278649671467437,0.026738122162630867,7.845947842075812e-05,1.0520060814081412e-07,0.005779975977401868,0.16262954176223163,4.180356447688539e-05,0.0007093014830767285,0.0005055855144064806,0.16876561455101255,3.8896807629865776e-07,1.1405773583457813e-05,0.006221177138769469,0.0024292308080612834,7.511921624819464e-05,0.2517577261170337
37,0.059267372937178896,0.027598079290509968,0.00013948256347423468,0.0001095062913837439,0.24987526835332177,0.0018760250006563902,0.0004147762055598299,7.674218124765975e-05,0.06922759309043704,0.004027649827235558,0.020115466462560003,3.2609904701895267e-05,1.725135138000936e-07,0.018608450400574048,0.08571212658683934,6.200143976328943e-05,0.0006581329523365487,0.0008320454747581258,0.24939311057672114,7.155197612714941e-07,2.1780003466466993e-05,0.0012487379217054955,0.007399166793011652,0.00021638740483155593,0.20308660030445025
38,0.018529505576594087,0.04699554701413392,0.00010061602505751852,0.00011231870390452217,0.15890702352846875,0.004907621569104797,0.0002477102085362439,0.00015015310733169403,0.1435714543154578,0.005070589283547193,0.018596804377678126,2.8511113330807797e-05,1.1878030184607482e-07,0.004074617837089579,0.16905507936424588,7.43652315191966e-05,0.0003657169812647447,0.0008463721555244327,0.31753941633934857,4.717230250494829e-07,2.167187755218708e-05,0.0023520459718686217,0.0052479245442008625,9.68484477093514e-05,0.10310749592320409
39,0.010819885146557162,0.07946159686864332,0.00016304837248438663,8.734207308707576e-05,0.11952891139354961,0.0065497883250076995,0.00012095196046886499,0.0002610102543543189,0.1725192070165228,0.0028446503293495253,0.007537384920883442,3.6880455906520034e-05,1.1029890677192782e-07,0.001254200126752467,0.13374333640655103,9.218258578197111e-05,0.00046977271569684454,0.0005810102592639926,0.3923240696233283,3.5276224792961934e-07,4.157744467165029e-05,0.004159630343812519,0.0031899720069278824,7.94689914747891e-05,0.06413365931776907
40,0.03190579788684314,0.04397373425114764,0.00014759745604219467,6.44961279151789e-05,0.33603765289805093,0.0007908962932381719,0.00016758389715934376,6.0769015309882784e-05,0.08843239158193897,0.0018110279144528288,0.028050202681107632,3.649725419949316e-05,5.772243173335416e-08,0.01119387990930944,0.09590676945422948,2.0849946639955327e-05,0.0002358253234884757,0.0002342745167662198,0.12515547532211066,3.9399807887070754e-07,9.739435835967469e-06,0.0013682289759505777,0.0022291537674839703,3.7224906620864023e-05,0.2321294794636484
41,0.024717925369939765,0.04757938354636299,0.00010494627640821886,0.0001052300828213655,0.20431089060759683,0.0023521172836801214,0.00018065931353731182,0.00014131020256162368,0.18304649045277038,0.005001747508171996,0.021134269866767405,2.065260574113622e-05,8.773280353385097e-08,0.003633947238829947,0.11936389842216916,3.449144974333089e-05,0.0003341115119258373,0.0003965991097875422,0.2248192111411661,4.362164555932538e-07,1.1075426043120923e-05,0.0019500852616761034,0.003553780758513722,5.901811292448758e-05,0.15714763450160232
42,0.01896527324065771,0.07564993505094694,0.00012062843572679729,0.0001107103093015647,0.14073731077033463,0.002712104956296314,0.00011836486512498152,0.00020397811021426776,0.1982881696030996,0.00394740816786145,0.014909966997789577,1.9804383303422265e-05,8.042383931066482e-08,0.0016399717916070198,0.11313297115094459,4.1871186171587416e-05,0.0003308120385774739,0.0003063508035442085,0.3201089299559182,2.8311752966967404e-07,1.074380712134201e-05,0.00334582135519938,0.0020595516127712874,4.500792121659937e-05,0.10319394994490191
43,0.015909260785776022,0.03761650246277804,0.00014422946036500917,0.00011120898533082438,0.16258539343224906,0.006623100510058948,0.0001671125462034685,0.00026114843828365774,0.2385217424954854,0.011239132899419435,0.009556889725916649,2.0239948111101894e-05,1.6143913709394817e-07,0.0009436505171865962,0.09198412090211011,6.288067702149234e-05,0.0005329569477747088,0.00045093054917310016,0.35272720970982835,5.47102287435272e-07,2.516083577445309e-05,0.0030094465589229364,0.0036358421127422585,9.949494655187846e-05,0.06377163601151199
44,0.025075307949065904,0.04698065835310473,0.00010603072054988018,0.00010485863968035542,0.2016609480174443,0.0023858960328008976,0.00019031103481710062,0.00014180840080863348,0.1811384735990051,0.005111486002311106,0.020976903571012177,2.1532791109900767e-05,8.847572497410369e-08,0.0037062015843675076,0.11937420816731555,3.4713380821024256e-05,0.00035220448218527213,0.0003983811257562193,0.22346543632587687,4.3917689619634235e-07,1.145576865464554e-05,0.0020236606250540997,0.0036607991787493714,6.232088797562063e-05,0.1630158757089127
45,0.025097140356414464,0.046911852746799716,0.00010630435681447325,0.0001048359245553446,0.20066850846807513,0.002400243739476178,0.00019217985906115108,0.00014475997821774812,0.18166746845805862,0.005143199037751814,0.02090147511933575,2.1689804889896258e-05,8.963528994612131e-08,0.003687551142768636,0.12004559826361413,3.514234535666322e-05,0.0003527083575649639,0.0004007241076981225,0.2249861123428005,4.393609555446056e-07,1.1462311623442435e-05,0.0020380682655514876,0.0036348292811680142,6.287291500983471e-05,0.16138474382114837
46,0.07163626062138304,0.02900537973639321,0.00020336765754397452,0.00022505665989174667,0.13168181550684963,0.00363963936299131,0.0004252491404130922,0.0002953598609101821,0.14837202463148108,0.01265765737998909,0.012880198212005967,4.3554238579104264e-05,2.929911991633082e-07,0.0016554303646598414,0.032224040646298024,6.638453182423654e-05,0.003257665463105476,0.0003376477000680069,0.36985970434120286,5.889956141221111e-07,2.0208477072273545e-05,0.008658359747206822,0.0030283616373205494,0.00018846583024553957,0.1696372862657517
47,0.06025061943356759,0.03885538396564645,0.0001644522184844899,0.00013807444416113175,0.1319213979269758,0.0023273071597584754,0.0002919234949473804,0.0002437412591805195,0.13933694711707165,0.005829043657706908,0.011336103958762715,2.7613547330100403e-05,2.0496799109818312e-07,0.0025777185362036432,0.0552377970238285,7.090909145993353e-05,0.0007543354656548094,0.00032068378319419363,0.4368276380841032,3.0528679111385426e-07,1.1167900186104e-05,0.0036052338864767633,0.0022614057761346416,0.00013241247392734698,0.1074775795404554
48,0.030228589779246015,0.048339103933725085,8.171188568605263e-05,7.218988681830096e-05,0.1220424445140413,0.0031623024954529843,0.00019016434898011213,0.00017353904223380365,0.14697879641874653,0.005665663182376643,0.007076105939235348,1.3455724224190178e-05,1.2908597040637458e-07,0.0015682428559820696,0.05906114428829006,3.689232861437489e-05,0.0006009334529208397,0.00039286737865038706,0.45177618136392234,2.7417612389081846e-07,7.607096706620584e-06,0.0028869919919590646,0.0023922035468518124,0.00013436851853975245,0.11711809676470204
49,0.01601777962065695,0.06558582609044764,0.0001474600698419598,0.0001150980979150408,0.17407821055880154,0.0037526683729028876,0.0001853915153088199,0.00019749608872692776,0.20540999708714103,0.00585958588399729,0.015480235082445292,3.3818180125978566e-05,9.209063512673568e-08,0.0019009482210433218,0.11400943457048765,4.118620921837405e-05,0.00041360629720112353,0.0002878812525541701,0.2452947394906396,4.1347472933136703e-07,1.5186604354775888e-05,0.0042898706978112666,0.002644013293757876,6.069714521254079e-05,0.14417836400404352
50,0.0948309064775829,0.011331961228226228,0.00012819743406670297,0.0001087527873137594,0.2208303097667066,0.0013025016436322393,0.0008135185946766247,0.0002858957284778491,0.16756558925797554,0.014975201098811371,0.025163405453599647,2.8720422980295435e-05,2.7836689257204494e-07,0.007238482360594037,0.06206640654042756,3.963005725877567e-05,0.0006115049049636201,0.0003208440582270481,0.1839681261414572,7.101587163662009e-07,5.045041280637007e-06,0.0013577172421997546,0.0029898588900900136,0.00017411388147794995,0.2038623224623648
51,0.0024269061400444413,0.44749083782205573,1.953893591115136e-05,0.000202434739171227,0.021833836684888946,0.0011130262348732721,8.068547924139355e-06,9.902371200721815e-05,0.08643872248610396,0.0004842821137130703,0.02056789632185309,1.0014346075687819e-05,6.07425258733872e-09,0.0005028840412863476,0.2801415463155019,7.918389154129537e-06,2.9973355152479243e-05,0.0001459238806291754,0.06660877032006332,6.059191672266157e-08,3.5610819624604874e-06,0.0060026214375697145,0.0005254837658447314,1.9582269027524885e-06,0.06533470443514171
52,0.02057170135013708,0.018602305962175693,5.654771338163886e-05,0.00014903886310640128,0.14807928065624848,0.004773682970353309,9.065503443307134e-05,0.0003700378378999833,0.20718559694619584,0.02255201121615196,0.03128036258464848,1.6800565385740997e-05,2.0635879058997754e-07,0.0021706608840557453,0.18313299203726804,4.615791812766274e-05,0.00013710471861047032,0.0009790024358945302,0.3177356823381115,9.123392012062665e-07,5.8588950854015925e-06,0.0010950062087304198,0.0019893324814804383,4.2458001815237846e-05,0.03893660368271093
53,0.01774360774452942,0.015192431228565105,0.0001103573814461225,0.00012184837983854971,0.27791664193623344,0.0020835734083685196,0.0006259208602045349,9.710840791774696e-05,0.16687947214844315,0.00630993455694958,0.043509569508127746,4.4708494399071934e-05,8.762082388028213e-08,0.010230293918433981,0.1494021688949309,3.9318601570716444e-05,0.00036225300306454026,0.0005575647330139682,0.05681820783974213,1.1082656574740611e-06,2.429810890659964e-05,0.0011501985928532156,0.011019554558506546,7.26053762271418e-05,0.23968716643124605
54,0.014210510536343672,0.12614639816786785,3.209866066242089e-05,6.294708339421382e-05,0.1009143763538307,0.0015286011875430634,0.00011190265927978623,6.763393246046631e-05,0.1339736197273481,0.00158479004113732,0.0117878229862612,1.256932101261427e-05,1.676226791090113e-08,0.0029392076499133103,0.1438021382161413,1.1418355936598519e-05,0.0001377907651256761,0.00016254977810871906,0.15327112131083892,8.916945091599412e-08,3.7522707107002518e-06,0.0029514019237840057,0.0016668283637398106,2.8473207596470467e-05,0.3045919415692442
55,0.025005228781119913,0.04204034367467538,0.0001109063800852779,0.00010025283807391196,0.21228060915835453,0.0024091132504508576,0.00022562157520668433,0.00016671237604352993,0.18687553938480897,0.0051440332736342066,0.02017922000067769,2.7550446662354285e-05,1.04077262103566e-07,0.004079632588867835,0.11885670165894219,3.879488864436914e-05,0.0003629588399713053,0.00041267116471766386,0.21379600298645482,4.7117991457439376e-07,1.1709978376961847e-05,0.0020512637906851625,0.003510913114381788,6.776637118943477e-05,0.16224587822079853
56,0.026910316320086235,0.044693328955841126,0.00011207040627169012,0.00010945844877343329,0.20039610219558365,0.0025463955778269095,0.00020217261567766098,0.0001627190145919999,0.18371402197061626,0.005610119769997014,0.019954320051137172,2.220983861888384e-05,1.1178119866107834e-07,0.003566734463058855,0.1115285627257942,3.9058153339858183e-05,0.00037393077340627,0.00042416302103391856,0.2440557754933058,4.806799648158935e-07,1.136376394268056e-05,0.0020306587961158055,0.0035526192324742047,7.024228362335186e-05,0.1499130636677195
57,0.020103305206567626,0.03719000357971204,0.0002909328427418958,8.122861063519161e-05,0.2789623817614839,0.002738309177635272,0.0002197727895518029,0.0001987683527957741,0.20031184411493497,0.006480482263848184,0.015534964003578778,4.312165038805202e-05,1.5939097752855996e-07,0.0024002362085520958,0.0794824419002797,5.2492186811812484e-05,0.00043617698312064786,0.00023558300258115424,0.23500139705926387,6.391459028631992e-07,1.725744586892287e-05,0.0025076668259071005,0.002459915980790413,7.312070656840428e-05,0.11517779880950194
58,0.02768820916816239,0.042850420516564326,0.00011488043129169738,9.363362076833793e-05,0.19242366337354308,0.002984904708854308,0.00023141337866859786,0.00015863510737980558,0.16828432229144782,0.0062865776697470154,0.014615784456223632,2.280852506862892e-05,1.2705762594859317e-07,0.003502911252758009,0.09963826249538314,4.154532115527438e-05,0.00045938695603697837,0.0004590360196326467,0.2810402015892853,4.819371792239479e-07,1.2891236553065013e-05,0.0021465462101284832,0.004054777944781192,0.0001102609471427387,0.1527783177846183
59,0.02783228584763142,0.043001555895444694,0.00013909488795818352,9.874783077486905e-05,0.20430230670309657,0.002766681100286098,0.0002329247669581706,0.0001655488341456712,0.17039084712286492,0.006110374532330007,0.01635446856849184,2.4976229272114368e-05,1.319205362441317e-07,0.00360932587192365,0.10177884794713325,4.414098402163889e-05,0.0004606861835750534,0.0004297862108360897,0.26711544702242956,5.311902944220477e-07,1.4217453459968085e-05,0.002155045892812215,0.003998705042343783,0.00010204121821977883,0.14887128074315978
60,0.025075307949065904,0.04698065835310473,0.00010603072054988018,0.00010485863968035542,0.2016609480174443,0.0023858960328008976,0.00019031103481710062,0.00014180840080863348,0.1811384735990051,0.005111486002311106,0.020976903571012177,2.1532791109900767e-05,8.847572497410369e-08,0.0037062015843675076,0.11937420816731555,3.4713380821024256e-05,0.00035220448218527213,0.0003983811257562193,0.22346543632587687,4.3917689619634235e-07,1.145576865464554e-05,0.0020236606250540997,0.0036607991787493714,6.232088797562063e-05,0.1630158757089127
61,0.027477369201962795,0.0426752029285841,0.00013024342587474516,9.361817425634398e-05,0.20646435213941686,0.002587274761812517,0.00021799012217209952,0.00014964700649663568,0.17478448815693487,0.005734800035925598,0.01717361030840033,2.3762819976742488e-05,1.1454281196491355e-07,0.003652993915331307,0.10322162375435279,3.9999314228081016e-05,0.00042811692597649305,0.0003995195570063634,0.2524521530536042,4.852923490926132e-07,1.3301308380951146e-05,0.0020414001132149457,0.003941668887954255,8.897534950483142e-05,0.15620728890347108
62,0.025075307949065904,0.04698065835310473,0.00010603072054988018,0.00010485863968035542,0.2016609480174443,0.0023858960328008976,0.00019031103481710062,0.00014180840080863348,0.1811384735990051,0.005111486002311106,0.020976903571012177,2.1532791109900767e-05,8.847572497410369e-08,0.0037062015843675076,0.11937420816731555,3.4713380821024256e-05,0.00035220448218527213,0.0003983811257562193,0.22346543632587687,4.3917689619634235e-07,1.145576865464554e-05,0.0020236606250540997,0.0036607991787493714,6.232088797562063e-05,0.1630158757089127
63,0.02115503380382745,0.06396570599025495,8.724727247020628e-05,9.793216069713994e-05,0.1770009414186499,0.002410550067602801,0.00014211084183839859,0.00012373722973603484,0.18015601584348384,0.004008199369112686,0.01858837755822463,1.683450343190751e-05,6.850692578012473e-08,0.002948412351050777,0.12479869894093525,2.9228659905242276e-05,0.0003006287264067735,0.0003795863876931443,0.23717257116664592,3.4253371263483103e-07,1.0162334381745817e-05,0.0021778630270930903,0.0032933062419262266,5.0763489608264306e-05,0.16108568157438524
64,0.02198271359666919,0.04993663157635912,0.00015396616465678605,0.00010870910830918372,0.2094537591671637,0.002874597846099085,0.00018460606884087777,0.0001357866389322233,0.17490339677859038,0.005079600071719978,0.02065875345221477,2.8732336222593392e-05,9.479441161122427e-08,0.0037248076910566166,0.13039215160865097,4.3108268390269544e-05,0.00043543540867240285,0.0004152554913319623,0.2153000742613491,5.348209992875196e-07,2.2516452710649688e-05,0.0022768384628580416,0.004931009852676852,7.174291924245403e-05,0.15688517716187186
65,0.015538952796719374,0.0708357594039124,8.938600127757108e-05,8.841720948084066e-05,0.19137483298513178,0.0030201233808828418,0.0001575015542907944,8.849872602953657e-05,0.14745775084508467,0.0031975049411361433,0.014963490730662828,2.0019067671507337e-05,6.221764581367943e-08,0.0037724445243407677,0.13101340647164103,3.082920196463554e-05,0.0003622041618188557,0.0004879187126000167,0.21044383189626928,4.110958254051396e-07,1.774976649678134e-05,0.002178480129307447,0.00520961011341446,6.922049946624753e-05,0.199581593566929
66,0.029042838254325777,0.03657711488624651,0.00012441522716352042,0.00010477940649339158,0.2402217379219139,0.0023280012447136336,0.0002243591627522512,0.00014208308817848092,0.18432355866872557,0.005793952593332975,0.02007603661691658,2.07058411246553e-05,1.1250029431396638e-07,0.0036590230384351318,0.09189393036067878,3.8601009805191996e-05,0.0003795424329395316,0.00037241145434041475,0.23218789499654635,5.049613473583549e-07,1.088176544865657e-05,0.0017394943742868707,0.0034632894752655795,6.85335572345416e-05,0.14720619716149014
67,0.011133351537976129,0.08008372280867924,7.501140669344161e-05,9.014859499979412e-05,0.1363467018721587,0.00436149426365323,0.00016096299502682264,7.193382251598069e-05,0.12570366683419268,0.0031482384225066558,0.014340357818610566,2.3888414815582473e-05,5.0107633651129605e-08,0.003974348542704444,0.1602202885915401,3.03958670463741e-05,0.00042384482914205676,0.0005959908752098229,0.1944767540709452,4.2010788681795047e-07,2.4669118938290474e-05,0.0027535729858031237,0.007658169427969226,8.247381724355371e-05,0.25421954286610854
68,0.0347437602611395,0.04727509854256474,9.710729215612165e-05,0.00010824479083679835,0.1973512023523089,0.0016201838662197334,0.00015389533963095444,0.00010832149790027195,0.18551224490059787,0.0044809000898734476,0.020821166465730206,1.3174296564873485e-05,7.907491091804797e-08,0.0034583805272619846,0.0848870827978941,2.9813669920967903e-05,0.00030753823855362824,0.0003009048244534391,0.2539704677381673,3.258848639964496e-07,6.613381183096005e-06,0.0016444430759102219,0.0030299166356932516,5.094013067048236e-05,0.16002819432499316
69,0.01076341821800416,0.035977638837659,6.099798997174008e-05,0.0001187472015050177,0.14899191124476738,0.0018017739356074687,9.778166497424784e-05,0.00010220340746561757,0.23205445848571088,0.004735837838206569,0.06040291924388201,2.064600098694712e-05,3.3119108314761356e-08,0.0027318279708088557,0.24514140166860704,1.4728911249541103e-05,0.0002275218892732392,0.00045905661349764646,0.06284422119503243,6.148233557412708e-07,1.6144586512650265e-05,0.00169982613995075,0.006020965482916891,1.4819476789925507e-05,0.18570050405415583
70,0.00786184178104679,0.03700157361768847,0.00013911251462435885,0.00030458402230425675,0.2102119551030077,0.0051009212209145284,0.0001645744689373456,0.00015442084046037892,0.37978880246097924,0.006148503081600562,0.03978917407017204,3.377422187803668e-05,6.132049474497041e-08,0.0018301682278517289,0.13898003565757472,5.9995989820845246e-05,8.550980808321906e-05,0.00025929576570958736,0.07743840701036928,7.328725553729638e-07,1.3423825672203421e-05,0.0016778695062906787,0.0036652891743261034,1.4501037543734952e-05,0.08927547240009415
71,0.02691284644723482,0.04102480171364949,0.00010619570695732357,0.00010313573974153243,0.21194371905955528,0.002377898176336801,0.00022721019643092387,0.00014790580934518304,0.18870574476292717,0.005616688477463494,0.020319455424092463,2.1674243684802066e-05,9.5842635495792e-08,0.003751079305789447,0.10941049536200734,3.490989137024065e-05,0.0003714452195048827,0.0003830321825379636,0.21515375078532448,4.56475966566923e-07,1.083926114546567e-05,0.0019588578141859813,0.003658872223428761,6.834076971247307e-05,0.1676905491089717
72,0.02949870973404865,0.010722218302501503,0.00022741230745598382,0.0001524514368318088,0.3161621192195061,0.0086883255828967,0.0020941720568403537,0.0006869123157804051,0.18516089524044424,0.007275235789560849,0.007145807733091898,7.036269386738499e-05,8.813385487309398e-07,0.003813362277858265,0.04663835508332711,0.000451578553099329,0.0007227752792257371,0.0012736259847472991,0.33534170734871166,1.2124865256195713e-06,2.711525203966683e-05,0.0019157933717395541,0.0031510678930636365,0.0003609455210521832,0.03841695719723551
73,0.012529195937619128,0.008324447222489784,0.00015235206943253272,7.708202768545025e-05,0.1370083534503007,0.0003069404749308576,8.154924485535106e-05,8.25582234579902e-05,0.42984294841239357,0.006990875883291259,0.044315449045571734,1.530248471254703e-05,1.743749526805442e-08,0.000893978953410716,0.05350280840595585,3.574128538673313e-06,0.00015484348940878593,1.4954363502224641e-05,0.009770286567678808,4.0411816897619893e-07,6.851343778684928e-06,0.0006324034008694546,0.0033375548573286997,5.289004685359415e-06,0.29194997945243756
