,0,1,2,3,4,5,6,7,8,9,10,11,12,13,14,15,16,17,18,19,20,21,22,23,24
0,0.0001269784466716904,0.004123018388815485,0.00012543636264393757,9.301482832466006e-06,0.00012933625643894644,0.0003805771257190594,0.0006185091628555307,8.74350040687053e-05,0.9534983171872413,2.1441023354838587e-06,3.612087017651484e-05,7.704566595909187e-05,1.017332484446441e-07,1.2711139354654425e-06,0.0021188991949537286,0.01311384560188407,1.7128553338299427e-07,9.43516151190074e-06,0.025378933236191812,1.4258266924264108e-07,5.194200861379319e-05,7.582866943114103e-05,4.247324504994222e-08,2.833263012433798e-05,6.834252899143043e-06
1,0.0010649227850633347,0.14159954510054837,0.0004970964142120439,0.004863588791094377,0.008213371780849122,0.0021445452343592246,0.036447347765290426,0.0012502559882932368,0.7345745113277045,4.497207408735477e-05,0.015498153466407014,0.006053542537911746,7.10639110028802e-07,0.005309970269257496,0.008360454791262911,0.004020035884960823,9.007392823942877e-05,0.0006957516226240339,0.016560248997281576,4.237403186324362e-06,0.001700384762609509,0.007542281023380778,0.00020287495011551737,0.00026209263701991664,0.0029990298251310805
2,0.0002678809048692257,0.01138323148263006,0.00021683473314318497,2.5664929435521443e-05,0.00025756930509334775,0.0004039729774143915,0.0018163092758638783,0.00010928848759192892,0.9532008750960612,8.106275728823938e-06,4.863009943019017e-05,0.00015635262027253923,1.0340665510514776e-07,4.424150773333975e-06,0.002949468772921013,0.011177303827189507,2.2853632181798718e-07,2.1085724701442772e-05,0.01771300123650262,2.6471796547283505e-07,6.604366006051161e-05,0.00011214417193860969,1.710605817415889e-07,3.2122433416430257e-05,2.8922113437775017e-05
3,0.0002523258620336889,0.010491804214306854,0.00026643403241650114,3.8010586106935084e-05,0.00015606741963195982,0.0004704313089052976,0.0016504505203621957,0.0001176765308154226,0.9516102136511206,8.989973784643253e-06,5.40502960414277e-05,0.00018749083908984078,1.0534151094903395e-07,4.34003220456235e-06,0.001967887828532507,0.011178147909776137,2.320524845494778e-07,2.4125816319888595e-05,0.02122840189317944,2.1667131886698717e-07,8.713535927975173e-05,0.0001364982963035462,1.925197988335928e-07,4.664376114279485e-05,2.2127283532566285e-05
4,0.0002524763901207771,0.010244019001614651,0.00025034818627852126,3.882705519135198e-05,0.00015178078288073654,0.0004500051476875755,0.001554408732343302,0.00010429155166510515,0.9539866830640105,8.293173588814753e-06,5.213757675253964e-05,0.00020811058111180504,1.269846189468525e-07,4.5174248198301826e-06,0.0018134675335350894,0.010209618761035353,2.581510218309715e-07,2.448115514417466e-05,0.02034196494402637,2.1900987992780054e-07,9.206216110667597e-05,0.0001411094729518346,1.9449569447151476e-07,4.750136387471623e-05,2.3097299045271496e-05
5,0.00029517416915008965,0.010443139959546656,0.0002729062174891346,5.314776645390915e-05,0.0001325341423674379,0.0004851117597968509,0.0015385100866516087,0.0001066566606046011,0.9549833378752689,1.051152440419289e-05,5.2952234108090515e-05,0.0002233252864144258,1.258226200585321e-07,5.2480705366232075e-06,0.0016540226401328647,0.010703889569582679,2.930843399924904e-07,3.688168058037066e-05,0.01865223396612568,2.4093888136485135e-07,0.00010260028942760294,0.00016494215379393804,2.1664105796610162e-07,5.571876874990871e-05,2.6278691915047252e-05
6,0.0002523258620336889,0.010491804214306854,0.00026643403241650114,3.8010586106935084e-05,0.00015606741963195982,0.0004704313089052976,0.0016504505203621957,0.0001176765308154226,0.9516102136511206,8.989973784643253e-06,5.40502960414277e-05,0.00018749083908984078,1.0534151094903395e-07,4.34003220456235e-06,0.001967887828532507,0.011178147909776137,2.320524845494778e-07,2.4125816319888595e-05,0.02122840189317944,2.1667131886698717e-07,8.713535927975173e-05,0.0001364982963035462,1.925197988335928e-07,4.664376114279485e-05,2.2127283532566285e-05
7,0.0007876933918241727,0.012858143753340505,0.0007847090051854012,3.183186143985318e-05,0.00016645584975169366,0.0005974230510063509,0.002333770386645618,0.0001400037575239025,0.9328920982964999,1.3053596921686635e-05,5.6949526607076955e-05,0.0001926156532077693,1.5710316870495432e-07,2.9788813122343397e-06,0.001045034198246847,0.008119214388027112,1.7506366445958267e-07,2.7610572735503455e-05,0.03970016965211128,2.0773426929386e-07,6.28571902990063e-05,6.524885990315114e-05,2.262249201214244e-07,0.00010092256076616318,2.044944062208038e-05
8,0.00018881717608583358,0.007097664172627003,0.0001802757823160598,2.586708826452718e-05,0.00013477031848695473,0.0004190445241989981,0.0012553065255161994,0.00010582162592620104,0.9555541210841346,6.082746087425003e-06,5.0144993204801056e-05,0.0001545781342105293,9.7996771706376e-08,3.347118071482991e-06,0.002414471066185603,0.011628165581394226,2.536177658233522e-07,2.5132197630002145e-05,0.020449294824706987,1.7379934562858232e-07,8.880686576790298e-05,0.00016421564343919038,1.1085191888219463e-07,3.4661161387902404e-05,1.8775104555507002e-05
9,0.00024032930891772659,0.007966648769783636,0.0001619298817250664,2.1138257989399822e-05,0.0002029985131008275,0.0004607038785252579,0.0013149327892429052,0.00013283141576492163,0.9476258400056476,5.542654063988056e-06,7.038994451811775e-05,0.0001353264709414079,9.720835426497663e-08,3.899217048541718e-06,0.0027975836788680475,0.01124181374040573,3.185557235707157e-07,2.5746041830105972e-05,0.027290715954549266,1.794943627110287e-07,6.834377836628292e-05,0.00017599355010624674,1.346257893427565e-07,3.7307420665603826e-05,1.925484370959078e-05
10,0.0002523258620336889,0.010491804214306854,0.00026643403241650114,3.8010586106935084e-05,0.00015606741963195982,0.0004704313089052976,0.0016504505203621957,0.0001176765308154226,0.9516102136511206,8.989973784643253e-06,5.40502960414277e-05,0.00018749083908984078,1.0534151094903395e-07,4.34003220456235e-06,0.001967887828532507,0.011178147909776137,2.320524845494778e-07,2.4125816319888595e-05,0.02122840189317944,2.1667131886698717e-07,8.713535927975173e-05,0.0001364982963035462,1.925197988335928e-07,4.664376114279485e-05,2.2127283532566285e-05
11,0.00025505242182536915,0.010274278757312644,0.0002657449609617948,3.815685090876751e-05,0.00015794842636455403,0.00046171619114783967,0.0016122799473896137,0.00011155098287928585,0.9525422236919233,8.806865211019573e-06,5.240414961687461e-05,0.0001951672989997756,1.2176434722545412e-07,4.235829376414483e-06,0.0018613624450357356,0.010955310292480203,2.443965313481149e-07,2.3942417481089377e-05,0.020884887945608003,2.2937241781492008e-07,8.913360141138833e-05,0.000133858469079563,1.969495927867188e-07,4.904172392682358e-05,2.210424817082658e-05
12,0.0003680605966423522,0.017685867576086554,0.00018523281363895907,5.1341444461879554e-05,0.00029083077049636723,0.0006372902720439298,0.001582426116791509,7.860600403582212e-05,0.9532827900066814,1.4028060075248189e-05,4.706816820991445e-05,0.00017411139330484942,1.484782024834804e-07,1.296258560074857e-05,0.001673406302348677,0.008709048331000432,6.539385873308678e-07,5.0186536371732216e-05,0.014784121313107005,3.649219409620459e-07,0.00011693980935569095,0.00016185211221841152,3.082169063105365e-07,3.5218359411599346e-05,5.713587247981445e-05
13,0.0002049778294040464,0.01056273547882358,0.000285229708562318,6.0864322855067285e-05,0.00018963098866657345,0.00044361744421419737,0.0024063359638632304,0.0002278037943691903,0.9482044159342028,7.087241203972659e-06,0.00014638690638271352,0.0003810391758448534,1.208515148036926e-07,9.20026718803683e-06,0.0026756158289621313,0.011387491296002531,3.0646320841201387e-07,2.546562568289599e-05,0.02233398796690116,2.2935864974043775e-07,0.000114828487199582,0.00025282244220101836,3.548131517978607e-07,5.456894867131287e-05,2.4882862274017772e-05
14,0.0002837319049848581,0.01397237244084554,0.00025182608691422367,4.037461119653833e-05,0.00019546958746023777,0.0004889807838447418,0.001930300592005876,0.0001308129308196405,0.943948294270939,1.1251970297509043e-05,6.211381255245775e-05,0.00018915941022333146,1.0063909279906181e-07,5.485964024300471e-06,0.0020159971765524947,0.011703871681321833,2.487451411535026e-07,2.5604455792050204e-05,0.024443734468512498,2.498269738532187e-07,8.540653510170453e-05,0.00014107254438088594,2.256531871059586e-07,4.958936714024619e-05,2.372454069525457e-05
15,0.0002523258620336889,0.010491804214306854,0.00026643403241650114,3.8010586106935084e-05,0.00015606741963195982,0.0004704313089052976,0.0016504505203621957,0.0001176765308154226,0.9516102136511206,8.989973784643253e-06,5.40502960414277e-05,0.00018749083908984078,1.0534151094903395e-07,4.34003220456235e-06,0.001967887828532507,0.011178147909776137,2.320524845494778e-07,2.4125816319888595e-05,0.02122840189317944,2.1667131886698717e-07,8.713535927975173e-05,0.0001364982963035462,1.925197988335928e-07,4.664376114279485e-05,2.2127283532566285e-05
16,0.00022782378515222876,0.013322350563292883,0.00023797004091542347,4.910969242627291e-05,0.00014877621688809696,0.00039016646876521057,0.0025931473474148504,0.00017442893356731963,0.9372414513397087,1.6457353231047387e-05,5.356879574404831e-05,0.0003749769197215815,1.2880757165935462e-07,6.9172889884498974e-06,0.00273822172923742,0.015065904337489526,3.1025994795636965e-07,3.318755498872098e-05,0.026769201442386904,2.8392456621318216e-07,0.00018878461106533367,0.0002921957242336737,2.3707244349481345e-07,4.1938125290004524e-05,3.246166496267864e-05
17,0.0002538244865586809,0.01159258209071487,0.00025989984973177937,4.83672742999366e-05,0.00018800183453539606,0.0004780507337750832,0.0019152539358387967,0.00013796923861416474,0.9497348306717064,1.0231340399121248e-05,6.58307754833527e-05,0.00023904442360825364,1.293241948144213e-07,6.226374635291897e-06,0.0021156558484452183,0.011847984405462525,3.2738961481051587e-07,2.8362067627275755e-05,0.020711496162320486,2.742484818620925e-07,0.00010765592405466303,0.0001808653768746546,2.7219604131769744e-07,4.896728695674127e-05,2.7896740024588763e-05
18,0.00040626608400346186,0.013125604742880536,0.00026023633572504743,4.984129017525192e-05,0.00027986379810025444,0.0005154249189151044,0.0025999577298947514,0.00010713110645264776,0.9535051514057565,1.6644252833226372e-05,5.104034713151081e-05,0.0003001634154000226,2.0712991243479845e-07,1.100165271366001e-05,0.002497079442080938,0.009950390271239444,6.956356316226554e-07,6.500945325629578e-05,0.015734439773630204,3.7992428863497446e-07,0.00016773138708257184,0.00023834109284967336,3.243293640017122e-07,3.641883738039404e-05,8.06556433015287e-05
19,0.00017902838720309646,0.009949843127562578,0.00028546428328102166,4.8108039751077905e-05,0.0001125607015828972,0.0002716165378023978,0.0025391926785032696,0.00012967126041102278,0.9555332818333214,8.992744852831799e-06,4.36254560259044e-05,0.0003550858404518409,1.1311858856681279e-07,3.8583392826137626e-06,0.0020713777072447104,0.011513983368555157,1.6543308463186017e-07,1.844033431778655e-05,0.016598818019720324,1.8250429427093147e-07,0.00010677637952757592,0.00017073395489071064,1.73788893967131e-07,3.675595882377778e-05,2.2150202026399258e-05
20,0.00019052471625271886,0.00837604969763189,0.00030607517714440613,4.470227756257339e-05,0.00012395792582901586,0.0003900693581193403,0.0022505731748515704,0.0002712798316714612,0.9420263808137089,8.425811315605767e-06,8.239040378813374e-05,0.00030184661247182205,9.73732862332106e-08,4.894521640376504e-06,0.004279081830567701,0.015818352979440568,2.4827888669784353e-07,2.679307293790496e-05,0.025022020449998315,2.0088308922210654e-07,0.00011447462363209754,0.0003020650762760746,1.7010441444170525e-07,3.659897918209088e-05,2.2726026300856223e-05
21,0.00029477599425850777,0.010644111575573444,0.00032840252200443744,3.519684317395029e-05,0.00021817213539003876,0.0005635335885392515,0.001972095628872201,0.00012383042273160784,0.9485782766139546,8.74263647746559e-06,7.076490159647035e-05,0.0001705703904607225,1.1281032379352144e-07,3.97358445391048e-06,0.0025505104189592325,0.009221585071833356,3.2813041463418827e-07,2.4803506554331304e-05,0.024866518323239415,2.265750117148545e-07,9.250274987716324e-05,0.00014951377292372268,2.721363472815046e-07,5.190972813967775e-05,2.926993888893869e-05
22,0.00038780866282807895,0.00823427385969966,0.00026416963235170157,3.501862923216238e-05,0.00016019106767428183,0.000621590044511992,0.0010798769326152591,0.00011430657825568486,0.9526836784079878,8.89657258824155e-06,6.698938731884166e-05,0.00013207307141020682,1.1815346331537957e-07,4.404080155172894e-06,0.002165416709635951,0.011166058313269568,4.718693245080466e-07,5.5240415480558906e-05,0.022444125739794683,2.3756338134376255e-07,9.088605501976406e-05,0.00020296440013462666,1.6952567666874553e-07,5.4298087712638965e-05,2.673624047718556e-05
23,0.0002523258620336889,0.010491804214306854,0.00026643403241650114,3.8010586106935084e-05,0.00015606741963195982,0.0004704313089052976,0.0016504505203621957,0.0001176765308154226,0.9516102136511206,8.989973784643253e-06,5.40502960414277e-05,0.00018749083908984078,1.0534151094903395e-07,4.34003220456235e-06,0.001967887828532507,0.011178147909776137,2.320524845494778e-07,2.4125816319888595e-05,0.02122840189317944,2.1667131886698717e-07,8.713535927975173e-05,0.0001364982963035462,1.925197988335928e-07,4.664376114279485e-05,2.2127283532566285e-05
24,0.0003094375323270649,0.017332865889636295,0.00023290319498628438,6.0046972184725946e-05,0.0001714665539432169,0.0005363115213345131,0.0015957524674434307,0.00013331469608621562,0.9408679850357057,1.3594584491520581e-05,5.932228111988519e-05,0.0002194138073338915,1.2235726429314674e-07,8.358469478106998e-06,0.0014957100452860227,0.012450700142408302,3.174240890527686e-07,3.141684213982302e-05,0.02414771835727642,3.1972322230634307e-07,9.12791811061868e-05,0.00015967366616629602,2.765053520290556e-07,5.7651412173094985e-05,2.4041337445374885e-05
25,0.00020911315467376276,0.013972649668567773,0.0003327311177429574,0.00010557644903924079,0.00022408544720133822,0.0006228881819543008,0.003331702632686121,0.0006068215543643511,0.9242979915319879,1.1922331488897826e-05,0.0002629448610187642,0.0003723562670768302,9.156131099022301e-08,1.606886659258697e-05,0.0025641570736349584,0.020225057459818552,3.0870616441170854e-07,2.9832026657168316e-05,0.032293226539263434,3.0027657318434893e-07,0.00011778135907973425,0.0003085327358268294,5.185173864707963e-07,7.61769592460656e-05,1.7164720643277752e-05
26,0.0005016273291063521,0.007905965570917745,0.0003220617602144997,2.5644560399094134e-05,0.0001386518232352217,0.0005861000170636456,0.0006908559323245042,4.5365863027058885e-05,0.9591910724984994,6.117225810892629e-06,4.140119753100153e-05,8.818028731067053e-05,1.4449414022080844e-07,1.684592108141722e-06,0.0006131778456198678,0.00651640077680232,2.2722906140533278e-07,2.635368972760013e-05,0.02305567639450583,2.0823653470038567e-07,5.3723364225908054e-05,5.4659972611680355e-05,1.8006027012484775e-07,0.00012213866990151912,1.2380609050448975e-05
27,0.00021742134973435815,0.00880168081898716,0.00024067415849723134,3.791287730643264e-05,0.00013279835660492083,0.0004521804631009239,0.0014906606567460917,0.00014701331755999188,0.9498219680026058,7.568774708939232e-06,6.430331359098139e-05,0.0001955904573706382,9.939345716843797e-08,4.38062346123593e-06,0.0024233535911755504,0.012741736223505416,2.633437431164728e-07,2.5968917670006532e-05,0.022845060291484275,1.9997887199008837e-07,9.133424236530512e-05,0.000194674598874997,1.610842092637382e-07,4.349347854733371e-05,1.9501685821100436e-05
28,0.0002523258620336889,0.010491804214306854,0.00026643403241650114,3.8010586106935084e-05,0.00015606741963195982,0.0004704313089052976,0.0016504505203621957,0.0001176765308154226,0.9516102136511206,8.989973784643253e-06,5.40502960414277e-05,0.00018749083908984078,1.0534151094903395e-07,4.34003220456235e-06,0.001967887828532507,0.011178147909776137,2.320524845494778e-07,2.4125816319888595e-05,0.02122840189317944,2.1667131886698717e-07,8.713535927975173e-05,0.0001364982963035462,1.925197988335928e-07,4.664376114279485e-05,2.2127283532566285e-05
29,0.0002523258620336889,0.010491804214306854,0.00026643403241650114,3.8010586106935084e-05,0.00015606741963195982,0.0004704313089052976,0.0016504505203621957,0.0001176765308154226,0.9516102136511206,8.989973784643253e-06,5.40502960414277e-05,0.00018749083908984078,1.0534151094903395e-07,4.34003220456235e-06,0.001967887828532507,0.011178147909776137,2.320524845494778e-07,2.4125816319888595e-05,0.02122840189317944,2.1667131886698717e-07,8.713535927975173e-05,0.0001364982963035462,1.925197988335928e-07,4.664376114279485e-05,2.2127283532566285e-05
30,0.0002523258620336889,0.010491804214306854,0.00026643403241650114,3.8010586106935084e-05,0.00015606741963195982,0.0004704313089052976,0.0016504505203621957,0.0001176765308154226,0.9516102136511206,8.989973784643253e-06,5.40502960414277e-05,0.00018749083908984078,1.0534151094903395e-07,4.34003220456235e-06,0.001967887828532507,0.011178147909776137,2.320524845494778e-07,2.4125816319888595e-05,0.02122840189317944,2.1667131886698717e-07,8.713535927975173e-05,0.0001364982963035462,1.925197988335928e-07,4.664376114279485e-05,2.2127283532566285e-05
31,0.0006174159629148911,0.017515838087203868,0.0006121339492746349,5.339504773876616e-05,0.00019275005519618461,0.0005829096794947468,0.0028357626965713617,0.00028822324956972095,0.9245331669710558,1.9770949456777833e-05,6.674629088335073e-05,0.0002230846622630128,1.2578378835301722e-07,5.820376552235522e-06,0.0016755138224562975,0.011864800530937412,2.80866993421076e-07,3.735884532575671e-05,0.03855186226509074,2.95430089809643e-07,9.389776657198147e-05,0.00013497122241919686,3.0178642789270794e-07,6.757325780341501e-05,2.6000443920182215e-05
32,0.0002689360443175867,0.010686805181023898,0.0002659356706633384,3.407212083864922e-05,0.000149203684857571,0.00047832631442180706,0.001577661503469012,0.00011908224455327456,0.9479108277174942,8.895423520620198e-06,5.347442863000118e-05,0.00018134270843342949,1.0506215837453177e-07,4.002261350724009e-06,0.0019370582740504735,0.010871265229894612,2.2770976494666526e-07,2.3641261848844016e-05,0.025137059796648292,2.0429403630821437e-07,8.563992283059534e-05,0.00013663866418334736,1.798865317575769e-07,4.905756227531439e-05,2.0357032203292386e-05
33,0.0002964661849128482,0.018692871345669635,0.000285686369413506,0.0001452515192151866,0.0003113546738826004,0.0013395212906679491,0.0024538345703509746,0.0006273430758002314,0.8747245977238118,3.171021064451235e-05,0.00023561526069566072,0.00033968410110619057,3.0454223346834553e-07,2.908405940977502e-05,0.0016935395714422488,0.03647786969081629,1.3770197534784166e-06,5.946923681484109e-05,0.061323778863025424,8.959501097741809e-07,0.0002043375707753408,0.0005478696996569042,1.059557315607881e-06,0.00015358880775228077,2.288910472356957e-05
34,0.00032927610041394754,0.004883604260923343,0.00015343231222546546,3.7002706885863776e-06,4.783742060745518e-05,0.00022269584893237264,0.00030179668680277807,2.3955625589452322e-05,0.9573012334079887,8.368861358580259e-07,1.7893297796913417e-05,4.9488187846338986e-05,4.824074706188076e-08,3.816807374112337e-07,0.0006374315790585564,0.0021034357419115308,5.131099539903866e-08,6.883145939373678e-06,0.03383257093498256,2.4680316513710717e-08,1.923584699641426e-05,2.7406058001783303e-05,1.7161013792198918e-08,3.321018152216582e-05,3.553131826466434e-06
35,0.00025928891063450247,0.010270260730548346,0.000265308391166635,3.7364201992617575e-05,0.00014906629273717364,0.0004522328762707223,0.0016259056755920532,0.0001172358410335382,0.9524488276588708,8.91212235023785e-06,5.170327368248311e-05,0.00018541450636281828,1.0271995351624797e-07,4.134383664850726e-06,0.0018914971708484838,0.010847464212099254,2.2507605811524372e-07,2.490887295370102e-05,0.021070973606468126,2.0723472719839336e-07,8.561960178161858e-05,0.00013548856363923347,1.8235686507696846e-07,4.614882241047949e-05,2.1526897288462546e-05
36,0.00031883892611052453,0.012541113749832097,0.00031970572909073526,3.8719295098374515e-05,0.00022502214350128227,0.0007376058285925402,0.0014959748389209394,6.760759950253804e-05,0.9563707926575651,1.1090253095868159e-05,5.536106920458364e-05,0.00010773185613010667,9.380607149024252e-08,4.481594666811723e-06,0.0014719628681725265,0.008465940121601696,2.646796431819777e-07,2.8780418885238344e-05,0.017473574728102664,2.533050998154596e-07,9.376444474873805e-05,8.298438168978402e-05,2.643113403640996e-07,6.0823540198434606e-05,2.7247853134642777e-05
37,0.0006157700509333593,0.013485739657087046,0.0004454917767128603,4.769327968432775e-05,0.00014759791188809215,0.00045976888736873567,0.0019421983305429355,9.890709202943176e-05,0.9463264268362274,1.4416714431965704e-05,5.2118335041093134e-05,0.00020030184097786163,1.2905364832598646e-07,3.436170799576505e-06,0.0009332732967902287,0.008318322885590248,2.354806787688801e-07,4.136602473145778e-05,0.026546461342764158,2.323026067681124e-07,8.315096953066497e-05,0.00011032024651099188,2.5575798795845305e-07,0.00010440948661780644,2.197626881812015e-05
38,0.00031780677408255143,0.00802052597834312,0.00029574753062665136,1.4377690201205027e-05,0.00014861019636513097,0.0006312408834425678,0.0012874005119522269,5.882884356090735e-05,0.9526832666782564,7.109560813205334e-06,3.139742741489891e-05,8.163644006024728e-05,7.689836134965037e-08,1.753709043904465e-06,0.0019027695916162787,0.010104975539158272,1.0048208250428114e-07,1.5364013947919904e-05,0.024244475814400944,1.1772052867617009e-07,4.3307386552416335e-05,4.9744488263996004e-05,8.308754969642142e-08,4.2936583245165404e-05,1.6346170129890118e-05
39,0.00020301039510748834,0.004073861886853167,0.00041731288845077186,3.1097607322725155e-05,0.00011034478940910166,0.0009006352886184961,0.0013429360444449313,0.00020388133721490956,0.935603649662555,9.140697479342855e-06,5.0902618626727835e-05,0.00015613851052616158,1.9405251877573207e-07,2.308330289257601e-06,0.0026991819099246714,0.020217453427990913,3.6303352186689016e-07,2.8595378673518492e-05,0.03355354432746494,2.3184406938751422e-07,0.00015332793839739587,0.00016849265045792302,1.428461352030194e-07,5.529025433102081e-05,1.796227961631851e-05
40,0.00020618131367803748,0.009347961663224864,0.0002586100915326203,2.1950633873499413e-05,0.0001290240634977249,0.00034701335170073507,0.0015664001951135843,6.854647588964069e-05,0.9620354844757613,4.856107427247145e-06,4.117978683344403e-05,0.00020182400309751272,8.746593097719622e-08,3.2415654117454826e-06,0.0025433347884753254,0.006309473228135722,1.384646314721489e-07,1.3809918555949264e-05,0.01668010465189814,1.1751465333649252e-07,6.363153449984633e-05,0.00010445641826261336,1.2560918378364878e-07,2.72693433502395e-05,2.5177335381007383e-05
41,0.0003010315420440306,0.017227652485074834,0.00034847990222445916,8.8788737591443e-05,0.00013425082099978154,0.0007776302532054403,0.002282407731198836,0.00023186536414472424,0.9160456043852571,2.368238785035319e-05,0.00010053118628820886,0.00036025198687462766,1.3752050948798073e-07,1.1082862137002566e-05,0.0020738493675303456,0.013943059444875,5.134443891985865e-07,4.878254801010854e-05,0.04527633024313628,3.3863423977989424e-07,0.0002146684836980747,0.0003885841531475286,5.067316839156734e-07,8.763566507359706e-05,3.233411881606399e-05
42,0.00040816475676361735,0.016488777137850595,0.0002558687058631947,3.612518698392517e-05,0.0003203630571965096,0.00042046467007334415,0.0020215871542083037,5.540181404283295e-05,0.9626849464555985,7.959867932991436e-06,4.916226443468233e-05,0.0001467688937438297,9.113918516165709e-08,7.0031700680074255e-06,0.0012644696076790905,0.0053465905929839215,2.2167522753116553e-07,2.5705112549423932e-05,0.010263944921094068,2.1511425983253644e-07,5.8080489229461677e-05,6.21113296454361e-05,2.412147806451654e-07,3.666501309315718e-05,3.907065551182719e-05
43,0.00028620216898097477,0.01216174627116359,0.00037780729303222996,5.36641740987057e-05,0.0001717820744040076,0.001090318300820318,0.0022245451014192784,0.0002459704000186586,0.9096286264473203,4.071879015380504e-05,5.541785003861816e-05,0.00019528028942262715,1.9446002575839822e-07,7.643698968373267e-06,0.0024598895205177823,0.02631311363781208,5.901372329319588e-07,5.8750891698739524e-05,0.04395163778685422,5.439149018115497e-07,0.00027642767145154247,0.0002963157643264231,3.073153388054176e-07,7.015714465610572e-05,3.2348895342263596e-05
44,0.0002523258620336889,0.010491804214306854,0.00026643403241650114,3.8010586106935084e-05,0.00015606741963195982,0.0004704313089052976,0.0016504505203621957,0.0001176765308154226,0.9516102136511206,8.989973784643253e-06,5.40502960414277e-05,0.00018749083908984078,1.0534151094903395e-07,4.34003220456235e-06,0.001967887828532507,0.011178147909776137,2.320524845494778e-07,2.4125816319888595e-05,0.02122840189317944,2.1667131886698717e-07,8.713535927975173e-05,0.0001364982963035462,1.925197988335928e-07,4.664376114279485e-05,2.2127283532566285e-05
45,0.000255176768568125,0.010789673882335675,0.0002638353187852673,3.842776961038479e-05,0.00015763747796457717,0.0004703799202343983,0.0016461838057138258,0.00011439677342622096,0.9517301166959462,9.16148995823156e-06,5.3405671749541146e-05,0.000188666310762247,1.0624534621617917e-07,4.4485672292230844e-06,0.0019150168870805111,0.010901022201637049,2.3677401240566816e-07,2.43816334040756e-05,0.021142607512925706,2.1955050853402748e-07,8.870788315335438e-05,0.0001364572751830102,1.9835244080553742e-07,4.6936199589386616e-05,2.2599032434993363e-05
46,0.00026124638120870325,0.009007057936933793,0.00030975779239032,0.0001026618617440054,0.00016084446275070927,0.001106470027725937,0.001184354826720285,0.00023351166970581806,0.9231410051643036,1.2778402578647807e-05,0.0001275000228288176,0.00030840199904308673,3.767401772864486e-07,9.354166719462135e-06,0.0027056722960667385,0.020425952353818357,1.9220558863233087e-06,5.767959348689039e-05,0.03982536873640007,5.922385436517394e-07,0.0002464487488498205,0.0006286900256425709,5.675576054074753e-07,0.00010661791636018807,3.516702250934478e-05
47,0.00028533596918039024,0.007300455771446717,0.00021585098712976735,2.3186320491959954e-05,9.778499144316502e-05,0.000268820045187203,0.0012880065026552655,6.77594186310018e-05,0.9563119130243036,7.060154806499957e-06,2.319167077197064e-05,0.00023918332440178188,1.5638327699773927e-07,1.999104597542261e-06,0.0016619580314709847,0.011322678721734354,2.1176401821447674e-07,2.2181527057413402e-05,0.020573467438734425,1.797732690005408e-07,8.823274055568186e-05,0.00013863910489245467,9.721235261625238e-08,3.9996431362983115e-05,2.1653586227899423e-05
48,0.0003284760216559217,0.016950538056749655,0.000283270273857255,3.9784560966228876e-05,0.00016077940179134656,0.0006662151631242703,0.0017204900481073036,0.00015527035015821698,0.9170813912097479,1.3849321485924816e-05,6.95719932591515e-05,0.00018051680012005797,1.0995192481035254e-07,5.414843366482555e-06,0.001592824182079302,0.011666679198260976,2.842355307530115e-07,2.432399614124387e-05,0.04871843648313116,2.3746214846645548e-07,9.190338899079647e-05,0.00015786852740288617,2.594198365730813e-07,7.350312044844174e-05,1.8001989714934793e-05
49,0.00024385697318312478,0.009914351883750415,0.00033325950915933793,4.963325993112578e-05,0.00012348864315025532,0.0005130992456625664,0.001645566772093258,0.00011528090516830731,0.9536545017434054,1.000419358215452e-05,5.525334592864392e-05,0.00023968039595065248,1.2403943084678708e-07,4.740608985270579e-06,0.0019365304698322238,0.010864148761413506,2.434370710133909e-07,2.6777937262544548e-05,0.019924716043303096,2.2475408553679693e-07,0.00010676153969651884,0.00015891893209520432,2.3152426917503798e-07,5.3428694492483254e-05,2.5176387097432593e-05
50,0.0005336926703571367,0.027466685281424066,0.0006274586944505814,7.583388752763018e-05,0.00045574013354366647,0.0007017431417606593,0.010282420303738025,0.00048017839130513266,0.8901931369768088,5.412476456681346e-05,0.00010319883554369974,0.000517706952171857,1.9526447347109047e-07,1.7030704141687145e-05,0.00397320165704421,0.019530823915926185,4.869578188703093e-07,4.591254923388229e-05,0.044316759119248476,5.315520865016597e-07,0.0001920301130619691,0.0002905154942460555,7.749400526753154e-07,5.8624190341617494e-05,8.119350912617829e-05
51,0.0003135977579774366,0.02760376974611781,0.00023435145422697363,7.398159426714933e-05,8.012309311709561e-05,0.0003351309555068934,0.0014846591782619106,0.00015600067478668998,0.9324881138875418,1.0301021777739304e-05,6.171590271600087e-05,0.0002729301231077161,4.933247008984255e-08,8.858611489762597e-06,0.0017428851584612938,0.0062709687039730466,2.2340922086701892e-07,3.0075982350739086e-05,0.028428652572612755,1.4401887970091963e-07,8.105224383924694e-05,0.00026364228522810987,1.9048132580760103e-07,3.7665114680923774e-05,2.091669606246081e-05
52,0.0002610611136516727,0.009270062405135294,0.0002579647577611419,3.4785606056489756e-05,0.00015423443812948546,0.0005277396135221287,0.0014496382798709411,0.00011360296197991714,0.9533864902469547,8.740734963818527e-06,5.4864180357333074e-05,0.0001573757287245466,1.0100425098873768e-07,4.301892718150176e-06,0.0020620579912409283,0.011491453909639364,2.410890650089373e-07,2.8279969213370807e-05,0.020452131815375453,2.0892129108902866e-07,8.08186399944631e-05,0.00013594594361093508,1.7092282430697413e-07,4.55475662360753e-05,2.2180267432501296e-05
53,0.0001602348131558974,0.00966833332297388,0.0003477498632634574,4.6262505993595736e-05,0.00032544580758314467,0.0002991993541890889,0.006737507698857806,0.00022605412381041646,0.9459937475402669,1.0740282206972718e-05,8.931877749880163e-05,0.0004175914116238286,1.2408514621483936e-07,5.2233249143005205e-06,0.004099539164460403,0.016177538756459234,1.7371241273167892e-07,1.540613398842968e-05,0.015028948300165997,2.6501366895572975e-07,0.00011064662395302846,0.00016733835534133153,3.383468720834321e-07,3.796606037650982e-05,3.430662081694195e-05
54,0.00034461444715817185,0.022136876615977828,0.00022084298803793886,3.455332029991708e-05,0.0001925432793694061,0.00044188617231353584,0.0018014668272550195,7.361301011738843e-05,0.9437136213792751,1.2886975046647135e-05,3.2309695569477685e-05,0.00019547185070673605,8.40109833294581e-08,7.107590009345619e-06,0.0028976318927312174,0.00919483095937,2.1193984471019509e-07,2.2185081498503867e-05,0.0184237898025182,2.3996466185780007e-07,6.280792249220274e-05,0.00011582243602537972,1.8484397094928405e-07,2.518299611722427e-05,4.92339986497335e-05
55,0.00016831644805545432,0.0033958230930868374,0.00014823518649536001,1.4709977700791107e-05,4.4842313065641535e-05,0.00013602221475318439,0.0007055878170308686,2.620028842353599e-05,0.9817714146235822,1.7921221107866316e-06,1.2301295126755118e-05,0.00017589491576691153,1.0070919603584207e-07,8.097099032371702e-07,0.0007132648493237376,0.004613011121916885,6.206424210537884e-08,1.208153580996422e-05,0.007937496012160553,5.8329904614910115e-08,4.10416790347497e-05,4.6266345012775314e-05,3.0696203835160034e-08,2.524509485234254e-05,9.391557240897928e-06
56,0.0002536226162904688,0.010252423100484707,0.000266291803925565,3.791907964580652e-05,0.0001528128709643445,0.000462171548077706,0.0016347461658369597,0.00011244556404746206,0.9521196316559444,8.702716106745671e-06,5.319273090353753e-05,0.0002021945097017557,1.193300793781404e-07,4.288654284933408e-06,0.0018999481026651978,0.010703402765059064,2.3787683932064414e-07,2.3651764973785903e-05,0.021514218105313693,2.179797505223287e-07,8.956295631220783e-05,0.0001370296680879817,1.9601140792318972e-07,4.868066481866819e-05,2.2291758477594673e-05
57,0.00022107080719863519,0.009745764399173974,0.00023906206477893296,3.65689664437525e-05,0.00012617234408660057,0.0003297012679435117,0.001706126682571549,0.00012604225706793748,0.9452545921905229,9.277973195582218e-06,3.96139001094844e-05,0.00032511676971645347,1.8662624089099008e-07,3.628282271536631e-06,0.0020093580901460045,0.013294430388483039,2.8460340393582625e-07,2.0086184356302465e-05,0.02614710858238628,2.8265407420665414e-07,0.00010851367436772413,0.00018777094665332862,1.8935439687262088e-07,4.6240125537425146e-05,2.281086487315281e-05
58,0.00027132590811440143,0.009472469183098754,0.00027402654746754983,3.5439730362872026e-05,0.00013992378786343432,0.0004598050798357064,0.0014750788746768725,0.00010107837230240585,0.9526674861538608,7.700907940760506e-06,5.416968456441927e-05,0.00018997519822922166,1.1646895977716801e-07,3.4838026815119864e-06,0.0015162630821840832,0.009991611975092147,2.007201396255433e-07,2.2059104953470316e-05,0.023043720416334772,1.9616129952110873e-07,8.000891252233176e-05,0.00011455216727160745,1.8896511943804413e-07,6.120856668585139e-05,1.7910228438344927e-05
59,0.00026135714032030685,0.009193117403321096,0.00031059293464504495,3.655346725135326e-05,0.00013650512189047976,0.00046300930440099525,0.001531279603802101,0.00010709031726474164,0.9532455991680661,7.927847360312033e-06,5.461778625688633e-05,0.00018305698980837506,1.0762153844556736e-07,3.2281987875126055e-06,0.0016176389201650121,0.010631814086172607,1.8699003216626338e-07,2.1228443369043296e-05,0.02192333513686536,2.0141540187920686e-07,8.203089303407994e-05,0.00011155476249600456,1.849992472060526e-07,6.0306522503531485e-05,1.747492599930352e-05
60,0.0002523258620336889,0.010491804214306854,0.00026643403241650114,3.8010586106935084e-05,0.00015606741963195982,0.0004704313089052976,0.0016504505203621957,0.0001176765308154226,0.9516102136511206,8.989973784643253e-06,5.40502960414277e-05,0.00018749083908984078,1.0534151094903395e-07,4.34003220456235e-06,0.001967887828532507,0.011178147909776137,2.320524845494778e-07,2.4125816319888595e-05,0.02122840189317944,2.1667131886698717e-07,8.713535927975173e-05,0.0001364982963035462,1.925197988335928e-07,4.664376114279485e-05,2.2127283532566285e-05
61,0.00026719684401931416,0.009377741348768313,0.000305040725183335,3.612957672697591e-05,0.00014172160404711596,0.0004549042708914642,0.0015818175341600032,0.00010893952050069573,0.9531735364479006,8.106703058439625e-06,5.3713741478400034e-05,0.00018663647160788394,1.1221291859826864e-07,3.3235584118202174e-06,0.001671915870460191,0.010451803928538006,1.9691821580647167e-07,2.2131829529593354e-05,0.02187901575997317,2.0403413090215717e-07,8.330257521182173e-05,0.0001157988393960321,1.8552119207361073e-07,5.8059850659292566e-05,1.8464313020157603e-05
62,0.0002523258620336889,0.010491804214306854,0.00026643403241650114,3.8010586106935084e-05,0.00015606741963195982,0.0004704313089052976,0.0016504505203621957,0.0001176765308154226,0.9516102136511206,8.989973784643253e-06,5.40502960414277e-05,0.00018749083908984078,1.0534151094903395e-07,4.34003220456235e-06,0.001967887828532507,0.011178147909776137,2.320524845494778e-07,2.4125816319888595e-05,0.02122840189317944,2.1667131886698717e-07,8.713535927975173e-05,0.0001364982963035462,1.925197988335928e-07,4.664376114279485e-05,2.2127283532566285e-05
63,0.0002734980757767534,0.012998521841007136,0.00026645770057734267,3.8540326756897595e-05,0.0001627449094762449,0.00046131280458262667,0.0016387034646660674,0.00011019992940005462,0.9484279301239312,9.710109921095823e-06,5.212365371818221e-05,0.0001884220082768983,1.0397398951321196e-07,4.593276523947122e-06,0.0019315031086173328,0.010334448465061917,2.3963365792868344e-07,2.3103702878190464e-05,0.022785248884301102,2.3008120671623458e-07,8.759825014582195e-05,0.00013463048338785175,2.0476940929834266e-07,4.6753814739825354e-05,2.3176607990269597e-05
64,0.00023475120286323283,0.010752117973746804,0.00028422944244773887,4.3224529792297263e-05,0.00015061593097545446,0.0004948029040225904,0.0017398619405286251,0.0001131078965511206,0.9516178366984345,1.0668960555686329e-05,5.0366572797550506e-05,0.00022186193579795842,1.2782671810082326e-07,4.86007177122557e-06,0.001954999412342214,0.011086928714776382,2.721815244894304e-07,2.5962439222392506e-05,0.020857240575737207,2.533705131323463e-07,0.0001267184491284556,0.00015468185621786434,2.2593684397890108e-07,4.843926920881778e-05,2.584390748207943e-05
65,0.0003072348717959046,0.02061896739008126,0.0005048976516536969,8.524219431684578e-05,0.00024839798265850413,0.0007610182998692759,0.0044246717508650574,0.0003247426486136074,0.9187627612890557,3.483243907369771e-05,8.139384589566123e-05,0.00033070098406969196,1.310658133087755e-07,1.211855709313719e-05,0.0036321674152193077,0.018445854712804785,3.838782128163345e-07,3.816847780662822e-05,0.03083005822839289,4.861294260461006e-07,0.00019676231735845954,0.00025503117011640996,5.436670350967445e-07,5.3295933381495877e-05,5.013709939065761e-05
66,0.00037222649664987484,0.008125336348348562,0.0003935486138270972,2.3732812105881385e-05,0.00023684266514847213,0.0006753391040432561,0.0015609385196351786,7.844098174132006e-05,0.9526869129023782,1.093680929831722e-05,4.6488990292998374e-05,0.00010868193052410112,1.4955830011511741e-07,2.2598454199453367e-06,0.0016305695440486593,0.010867092583294966,2.539288959141537e-07,2.592457922309845e-05,0.0228862710694094,2.925747628117503e-07,9.324045472467368e-05,7.592622143932326e-05,2.1494343161921557e-07,7.547132376531281e-05,2.290719929110423e-05
67,0.0002465536443531191,0.0084796957809872,0.0005589886561362618,0.0003036903044563686,0.0002712742653325778,0.005664119995110807,0.0012793091872649977,0.00020872711619183756,0.9208131534000591,3.9329808951221414e-05,0.0001746868253918893,0.0002589198709998336,7.614424117198379e-07,4.1675852412094045e-05,0.0016134417924021293,0.03769676202250681,2.1559023492348656e-06,0.0001065027258164828,0.02126002496538299,1.7462962496362784e-06,0.0004389021054585655,0.0002469909342452972,2.055017379441863e-06,0.00022424689468589958,6.628519346442057e-05
68,0.0003620282831548905,0.009519720024140296,0.0007259772721613903,0.00010147287994962099,4.360634045047196e-05,0.00035392109727159723,0.0014992272321573078,0.00011704438824908171,0.964328511550564,1.3493274781749886e-05,3.2738791173335516e-05,0.0003507601464203183,1.0048823391461549e-07,3.6182090941362525e-06,0.0004390664688043248,0.006510076620748454,1.2830143555965258e-07,3.6189758246892874e-05,0.015193978047116249,1.6266810469752381e-07,0.0001630876600614105,0.00010359181906044815,2.6377049376967314e-07,8.581073171408508e-05,1.5424176412303463e-05
69,0.00023041565219843118,0.012455493281021116,0.0005292292886036221,6.969844057409288e-05,0.00022032252989618854,0.0006582624444025879,0.002999627244606246,0.000274848942226744,0.9271817243709988,1.1092937668143544e-05,0.00015976013737971386,0.0003204137088469208,1.3873150141824795e-07,5.764235452592592e-06,0.0022388509688775543,0.017761417738845205,2.1607741505489963e-07,1.6843304706574708e-05,0.03444106872494081,3.4908791444533653e-07,0.00014465740502185622,0.0001452405955154611,4.835299392833722e-07,0.00011772018123623013,1.6360440210718937e-05
70,0.00040030320407393404,0.007961662733088487,0.0004309469246142638,5.378937906497954e-05,0.00017230184742093933,0.0003256223081976911,0.002304337244721635,0.00024454050767203566,0.9586220754627318,9.47604307776036e-06,3.785732103133717e-05,0.0002358461789517463,1.3633056611070556e-07,6.598202132032546e-06,0.002531393712668948,0.018017849933865446,2.542280036409424e-07,4.121832509251264e-05,0.00838139791827619,3.0909805855823016e-07,4.9665921866502486e-05,0.00011568277678444977,1.0439176846581934e-07,1.9592448759101407e-05,3.703755751126447e-05
71,0.0002554402394634336,0.011216737677945286,0.00025786801862362057,3.819535334437698e-05,0.00017296593004524746,0.00045468507850044256,0.0017123005159388192,0.00011653664001350986,0.9509918729851767,9.490095596230202e-06,5.1989964249761736e-05,0.00019000410752427306,1.1114204809597634e-07,4.513314302145976e-06,0.0019436382210903079,0.011641173398980615,2.3754096205808395e-07,2.3336792805701664e-05,0.020631659765185443,2.4530701229303235e-07,8.729705332717232e-05,0.00013017238673847958,2.0271176916776253e-07,4.637440414997333e-05,2.2951355207184268e-05
