,0,1,2,3,4,5,6,7,8,9,10,11,12,13,14,15,16,17,18,19,20,21,22,23,24
0,0.0036080116724890744,0.0939731026002198,5.614752291542647e-05,6.431847766881131e-07,0.0007579452245626395,4.261800747787991e-06,3.584124317847842e-05,1.6834146009411773e-06,0.004510996148609101,0.00045594255683963753,0.001563651491889037,0.0006352918448286869,8.289807273694184e-06,0.005414431081512569,0.000357924543808432,4.898837904080071e-07,0.0004605348129580641,9.804301252504333e-06,0.002805877023190359,4.469073919712436e-08,0.0003350424973158263,0.8824218978215154,1.7586438726334768e-06,1.8614177663456057e-06,0.0025785247693474295
1,0.004397389560194025,0.10751135985208458,5.8764747754967397e-05,7.50884608861964e-07,0.0009064202104950392,4.470705193579439e-06,3.99577892219086e-05,2.1516507659923983e-06,0.007819096564081267,0.00058902732916678,0.001560806466649721,0.0005447602779326645,9.1262608586042e-06,0.004884912407832225,0.0003660602473215459,6.559055393490046e-07,0.0005157436666997517,8.986818556167496e-06,0.0031423066764637683,4.480696560508105e-08,0.0002802852795665009,0.8647513859911798,1.7744050897871253e-06,2.2426640666837055e-06,0.0026015188317108397
2,0.002570174367487711,0.054313617797288445,3.428451758907493e-05,3.773976902897372e-07,0.0006678235179604392,2.2390420696676103e-06,2.9638817748126744e-05,1.4070434053273522e-06,0.0056074668260943745,0.00041616236793566894,0.0008464037082201853,0.00025446921848484963,3.86059812520682e-06,0.004273924590598937,0.00033609543323132995,2.818923980989203e-07,0.00022781923349005868,5.8583371154497325e-06,0.002130947399386889,5.048646126120997e-08,0.00019065153598761027,0.9247527136613171,1.803029765437063e-06,1.623807509138621e-06,0.0033303053726391916
3,0.0036844980506973188,0.09648595867911972,5.515243220850937e-05,6.72421983638944e-07,0.0007726755130894202,3.8280428087294215e-06,3.4819937059393716e-05,1.6263857097506856e-06,0.00467324419132277,0.00042521054352113644,0.0016489956378108745,0.0006281930088478195,8.208930123964445e-06,0.00560157311193685,0.00035315021286376345,4.476734105816687e-07,0.0004848021989739809,9.899642600682662e-06,0.0025184452836078592,3.91598256955642e-08,0.0003198077756638211,0.8796174459185464,1.761684246910455e-06,1.8763655637717538e-06,0.0026676671984565757
4,0.003130565254784916,0.11246920213301437,5.409974468563931e-05,7.010565482928059e-07,0.0008588177822650585,3.652699629988657e-06,3.349773904114509e-05,1.4811397046426542e-06,0.004370321119667519,0.0003642697276832513,0.0018799431810226006,0.0008351472586869552,1.1381232367418303e-05,0.006667471366188798,0.00028774666118326875,4.1036030127193147e-07,0.000527039624556898,1.0715437205438414e-05,0.00232980891928811,3.664144177456741e-08,0.0003137417028053458,0.8632766118338692,1.7062943621413621e-06,1.5696779777688506e-06,0.002570061411718178
5,0.005517975823998876,0.07554192557491415,6.172953467640008e-05,1.0812809451287693e-06,0.0007532952281604541,3.466394484870366e-06,3.7991654457845626e-05,1.8112811663682605e-06,0.005350119858524811,0.0006037084642632114,0.0017853750174747338,0.0007537598425961593,8.499057145124474e-06,0.007745688891554412,0.0002841617395255364,5.441534922038914e-07,0.0006765483492239427,2.302055883231329e-05,0.001856868672447051,5.771385599735018e-08,0.00035832715608598157,0.894640106995819,2.256862524159043e-06,3.2514720927990194e-06,0.00398842842173838
6,0.0036844980506973188,0.09648595867911972,5.515243220850937e-05,6.72421983638944e-07,0.0007726755130894202,3.8280428087294215e-06,3.4819937059393716e-05,1.6263857097506856e-06,0.00467324419132277,0.00042521054352113644,0.0016489956378108745,0.0006281930088478195,8.208930123964445e-06,0.00560157311193685,0.00035315021286376345,4.476734105816687e-07,0.0004848021989739809,9.899642600682662e-06,0.0025184452836078592,3.91598256955642e-08,0.0003198077756638211,0.8796174459185464,1.761684246910455e-06,1.8763655637717538e-06,0.0026676671984565757
7,0.006665759678458214,0.20972142656860326,0.00015498167753433425,7.307416287366685e-07,0.0008986383797824263,3.6143796303284316e-06,3.3023346368250886e-05,2.7140413189444573e-06,0.003200627332121226,0.0002750491093310488,0.0032981648266626885,0.0009671853999179007,2.862481044569644e-05,0.0033514421847120274,0.00032881599260266466,3.412962173376171e-07,0.0005762717779654448,8.534323010214836e-06,0.005077727225774697,2.3297208363028385e-08,0.0003100214588607312,0.7640846264425853,7.931061238081625e-07,1.7074062291784764e-06,0.00100915519690723
8,0.0038753134977819346,0.15627813123911513,6.190589813268558e-05,6.106454021580541e-07,0.0008725959701136949,5.81721718469334e-06,3.876327794436696e-05,2.4024597390148888e-06,0.0033984796048364563,0.0003100645444851385,0.0018002851221891397,0.0015527129591831066,1.8094448655719913e-05,0.0046860383948206475,0.0002606798788015282,6.481618384041346e-07,0.0006913820897433158,1.1300919800735264e-05,0.0048286053825579035,3.8685003989454294e-08,0.0004182622966422827,0.8192358450910099,1.534769574819028e-06,7.69374697296168e-07,0.0016497180707459795
9,0.0036902418200957586,0.09089995730581932,5.6784228654436426e-05,6.962905365013563e-07,0.0007555105764719465,3.7948258538380003e-06,3.3592812681884095e-05,1.6336394773913528e-06,0.004737896177516845,0.0004427343511665987,0.0016498977706303252,0.0005869495081972881,7.958877463896513e-06,0.005636537809028559,0.00035632209248942574,4.4642547399720035e-07,0.00048444414829389404,9.777734130201017e-06,0.0024425087816383226,4.0315342457987575e-08,0.0003161759635549783,0.8852663395426887,1.7798320903325784e-06,2.0402700846049853e-06,0.0026159389006184487
10,0.0036844980506973188,0.09648595867911972,5.515243220850937e-05,6.72421983638944e-07,0.0007726755130894202,3.8280428087294215e-06,3.4819937059393716e-05,1.6263857097506856e-06,0.00467324419132277,0.00042521054352113644,0.0016489956378108745,0.0006281930088478195,8.208930123964445e-06,0.00560157311193685,0.00035315021286376345,4.476734105816687e-07,0.0004848021989739809,9.899642600682662e-06,0.0025184452836078592,3.91598256955642e-08,0.0003198077756638211,0.8796174459185464,1.761684246910455e-06,1.8763655637717538e-06,0.0026676671984565757
11,0.0036517001229335504,0.10431592231099104,5.7446272838659053e-05,6.925205918524081e-07,0.0007881989028884793,3.855486119427239e-06,3.519843772435727e-05,1.7768941077583285e-06,0.0045659244694931,0.0004005006809413988,0.0017004727989184422,0.0007208506287238004,1.0105310016970212e-05,0.005560554839559388,0.00032543790119666025,4.6433069952121434e-07,0.000526151413140285,1.0143234333875288e-05,0.002691806928417222,3.869598172162007e-08,0.00030794099695992676,0.8718755675496029,1.6768118176626283e-06,1.7224930604193711e-06,0.0024458499689413546
12,0.003901642988717828,0.18534159591455313,5.5267001279413754e-05,8.842053645232415e-07,0.002153102342423865,6.660579429540842e-06,5.202075027902799e-05,9.790259429010276e-07,0.006084153974548072,0.00042194692268615554,0.00230801259235649,0.0014119952906417902,9.754621883788272e-06,0.016156649371693456,0.00039731966768221077,5.193265953435746e-07,0.0005133477029193573,2.439442138837932e-05,0.0022077241935409683,6.841389268028641e-08,0.0004954713826490924,0.7697908211315235,3.973299345655624e-06,1.9483137986569125e-06,0.008659746564863938
13,0.0030639703389197114,0.13522262426690587,7.696407739103453e-05,1.1261120948190907e-06,0.0013449054338613173,3.2446442469051115e-06,2.8183246421114556e-05,1.212946168171784e-06,0.0031880342951036353,0.00023563677613436365,0.007418426231801902,0.0011015449762866755,1.873491436565852e-05,0.00930444916864197,0.0005838731450068505,3.717517932451931e-07,0.0005435710363183007,8.710723327086766e-06,0.0024836825813133153,2.3583077374110096e-08,0.00048788206392410264,0.8331829618456028,2.45426999752981e-06,2.4478413353158855e-06,0.001694963729960785
14,0.004509081293200304,0.3086097775797256,6.416804000412419e-05,4.0994022450115434e-07,0.0014309693888027537,6.936553175044364e-06,3.3601404100326415e-05,1.172544015992023e-06,0.0027654452888477427,0.0002841436010201467,0.002823611118758811,0.0018371950757488128,1.7488911820978513e-05,0.00616310555772823,0.0003309593576071054,5.100151837847444e-07,0.0004061398283254228,9.730436599506612e-06,0.0065660520569094955,2.926123764123997e-08,0.0004992888681349543,0.6615837782913554,1.392306501456331e-06,8.745550396135767e-07,0.002054138725932158
15,0.0036844980506973188,0.09648595867911972,5.515243220850937e-05,6.72421983638944e-07,0.0007726755130894202,3.8280428087294215e-06,3.4819937059393716e-05,1.6263857097506856e-06,0.00467324419132277,0.00042521054352113644,0.0016489956378108745,0.0006281930088478195,8.208930123964445e-06,0.00560157311193685,0.00035315021286376345,4.476734105816687e-07,0.0004848021989739809,9.899642600682662e-06,0.0025184452836078592,3.91598256955642e-08,0.0003198077756638211,0.8796174459185464,1.761684246910455e-06,1.8763655637717538e-06,0.0026676671984565757
16,0.0033213035780968155,0.058877232507626144,3.44542740274938e-05,6.340231003027425e-07,0.0005404942655863545,2.2415616165229136e-06,3.1842604706495805e-05,8.649605630407997e-07,0.0018899584737648591,0.0006429592433867164,0.0012624067774495821,0.0011425241568016917,4.791797597475576e-06,0.008518186243673436,0.00017823933264709017,3.776197706418206e-07,0.0004291624549429911,2.977699713218463e-05,0.0013449275048198809,4.610446974353233e-08,0.0007342821579789271,0.9165126245562479,1.4097645511608118e-06,1.3999601519146403e-06,0.004497859079290408
17,0.003712839336058737,0.09417930107540338,5.0301015516460904e-05,6.185824363170695e-07,0.000727279876825898,3.2065049522685928e-06,3.234861531261764e-05,1.536024570519692e-06,0.003927097475706568,0.0003754519752731245,0.0015512764562285095,0.0007667164659752676,8.543472029504621e-06,0.005970222534732788,0.0002781828654197144,3.9260584206607585e-07,0.0004982497448481872,1.2214415965749338e-05,0.0023653620117225476,3.885806471581052e-08,0.00032762590234512425,0.8823228650827568,1.7435879538152908e-06,1.5573547646921542e-06,0.0028850281592945944
18,0.0022825984350032073,0.05323899837003102,1.2266375624758425e-05,2.0850850538674596e-07,0.00020704197115711836,1.4005546025564223e-06,2.278978411133652e-05,6.222053685608138e-07,0.0025551433975411677,0.000293430111317358,0.0005471232629496277,0.0007382548490939719,3.96961094948317e-06,0.005966815944808188,8.227638044777277e-05,1.835746796486791e-07,0.0005259727128925737,1.885643554440489e-05,0.0008848130553447249,2.848029260776813e-08,0.00015854215585384062,0.9268224357119964,1.25672750729371e-06,6.710242437621278e-07,0.005634300360133116
19,0.0031901324736293675,0.11214979133245667,6.663995341722876e-05,7.413764045449154e-07,0.0010182604797448127,2.7836277546623234e-06,3.6140796022373156e-05,2.0321871961837883e-06,0.003846983949724393,0.0002927223943877361,0.0016366864984263668,0.0009224906025593054,1.245731059508772e-05,0.005258654857526595,0.000277387859654136,3.7857352081096103e-07,0.0004525127060358953,1.0289013956169458e-05,0.0026562711685908977,3.26706171892178e-08,0.0002920754082947721,0.8659295440018149,1.1934435998827586e-06,1.2223828905026797e-06,0.0019425749311795183
20,0.0011196021560488825,0.04470099952929018,3.6955075114343715e-05,4.199438554550404e-07,0.0004122518796806026,2.10971123786659e-06,2.7846144569314667e-05,1.380585010649209e-06,0.0020817965989664627,0.00021330983954904602,0.0011738531148940067,0.00022034788075576107,3.683602973819185e-06,0.0027307403051700634,0.0006511194486402375,1.9903965502219746e-07,0.00019961438184589402,2.1950429866335015e-06,0.0017243926541081706,2.06914957118167e-08,0.00029464184637173664,0.9431828570705395,1.250952286137385e-06,1.1184688546432591e-06,0.0012172940361000588
21,0.00233624836702269,0.06748540294519528,4.854818067246439e-05,5.504435641184814e-07,0.00047105569334645816,4.166084587680968e-06,3.963232721395046e-05,1.882433050682204e-06,0.004899492502516111,0.0002830851218710742,0.001141781300039794,0.0003285704972266473,6.664239242626484e-06,0.0038201782402852574,0.0004689696915458563,3.690826952560435e-07,0.00047521166618141034,5.07248517980256e-06,0.0021298413202692303,3.355531703407858e-08,0.00017159396384772567,0.9138377146519975,1.7097133638663792e-06,1.651852058395842e-06,0.0020405736417090526
22,0.00395747362128588,0.05622506248018025,7.098271846101494e-05,9.727425452451253e-07,0.0004642674204446402,3.2479779488379995e-06,2.2229558971649105e-05,1.460837805271775e-06,0.002917358387331574,0.0005896008576436869,0.001961053033221433,0.0006315745246552657,7.144924758227404e-06,0.005862902951184344,0.00027474204772793057,4.339350370333999e-07,0.0007187882458390279,1.3812965193987225e-05,0.0016810033172717322,3.876441543526619e-08,0.000427156420112199,0.9224008075830823,1.371384828217154e-06,2.7900920224361744e-06,0.0017637232080323715
23,0.0036844980506973188,0.09648595867911972,5.515243220850937e-05,6.72421983638944e-07,0.0007726755130894202,3.8280428087294215e-06,3.4819937059393716e-05,1.6263857097506856e-06,0.00467324419132277,0.00042521054352113644,0.0016489956378108745,0.0006281930088478195,8.208930123964445e-06,0.00560157311193685,0.00035315021286376345,4.476734105816687e-07,0.0004848021989739809,9.899642600682662e-06,0.0025184452836078592,3.91598256955642e-08,0.0003198077756638211,0.8796174459185464,1.761684246910455e-06,1.8763655637717538e-06,0.0026676671984565757
24,0.003711094907444522,0.13870713962780507,6.865093664637666e-05,1.4333527380181204e-06,0.0019599498178860487,4.513287521789935e-06,4.1053460501590556e-05,1.9366556365141452e-06,0.006141742105943687,0.0004347826967486947,0.0026633406657179687,0.0014108132459064796,1.7574795101427292e-05,0.012459956716872151,0.00030587845544251073,7.248107126988242e-07,0.0006346892120055161,1.880765804768739e-05,0.0024793761895432606,5.2822913298287746e-08,0.0004177135232753109,0.8250808029277313,2.776134721412665e-06,2.0053613143271253e-06,0.003433190631822394
25,0.005618333103856347,0.07792374000262686,7.837097913523332e-05,1.3200475550653497e-06,0.0009239335850840371,2.304284919549542e-06,4.38306847894217e-05,3.8164785888696255e-06,0.00331924396778992,0.0003726405017606016,0.0030305852898768015,0.0008831667298704907,1.555830794118151e-05,0.0046279174800281965,0.0004133750932974759,5.912839531943819e-07,0.000565302723610285,1.3942458687235009e-05,0.003510154725618326,3.7682453611157004e-08,0.000531575399790388,0.8964459501075108,2.0167709491242693e-06,1.8625786852450795e-06,0.0016704297316216046
26,0.011048653423979076,0.12419800703425915,8.802568527267258e-05,1.4706078656654939e-06,0.001159450651846933,5.315524431163551e-06,4.2101073355192914e-05,3.0913527810382705e-06,0.01854446154298566,0.000571975710303169,0.002735348866253529,0.0004551605461849863,1.1129258118993518e-05,0.005906320372936191,0.0005249836472585244,7.192972162229336e-07,0.0009427769864394339,1.3756533829306287e-05,0.0027528381765092045,6.263481459751379e-08,0.00023943544504996007,0.8264377772657904,4.551800806021283e-06,8.639918242098014e-06,0.004303946643470869
27,0.0016614385881406374,0.05290327715823667,2.5840882596173548e-05,3.247345293481289e-07,0.00043456313270488615,2.215120133018406e-06,2.6956764298138142e-05,9.764780974480342e-07,0.0054059255386924784,0.0003593567623769986,0.0008356686072509186,0.0002132329201535053,3.2347615312092314e-06,0.003635195020572869,0.00035950926914335695,2.426728032362458e-07,0.0002584889342665695,3.7053412473336147e-06,0.0013726332213828015,2.917728609799058e-08,0.00014038444577371107,0.9298777462917429,1.2495306041058274e-06,1.6498003685948112e-06,0.0024761548460670406
28,0.0036844980506973188,0.09648595867911972,5.515243220850937e-05,6.72421983638944e-07,0.0007726755130894202,3.8280428087294215e-06,3.4819937059393716e-05,1.6263857097506856e-06,0.00467324419132277,0.00042521054352113644,0.0016489956378108745,0.0006281930088478195,8.208930123964445e-06,0.00560157311193685,0.00035315021286376345,4.476734105816687e-07,0.0004848021989739809,9.899642600682662e-06,0.0025184452836078592,3.91598256955642e-08,0.0003198077756638211,0.8796174459185464,1.761684246910455e-06,1.8763655637717538e-06,0.0026676671984565757
29,0.0036844980506973188,0.09648595867911972,5.515243220850937e-05,6.72421983638944e-07,0.0007726755130894202,3.8280428087294215e-06,3.4819937059393716e-05,1.6263857097506856e-06,0.00467324419132277,0.00042521054352113644,0.0016489956378108745,0.0006281930088478195,8.208930123964445e-06,0.00560157311193685,0.00035315021286376345,4.476734105816687e-07,0.0004848021989739809,9.899642600682662e-06,0.0025184452836078592,3.91598256955642e-08,0.0003198077756638211,0.8796174459185464,1.761684246910455e-06,1.8763655637717538e-06,0.0026676671984565757
30,0.0036844980506973188,0.09648595867911972,5.515243220850937e-05,6.72421983638944e-07,0.0007726755130894202,3.8280428087294215e-06,3.4819937059393716e-05,1.6263857097506856e-06,0.00467324419132277,0.00042521054352113644,0.0016489956378108745,0.0006281930088478195,8.208930123964445e-06,0.00560157311193685,0.00035315021286376345,4.476734105816687e-07,0.0004848021989739809,9.899642600682662e-06,0.0025184452836078592,3.91598256955642e-08,0.0003198077756638211,0.8796174459185464,1.761684246910455e-06,1.8763655637717538e-06,0.0026676671984565757
31,0.008826729939918843,0.10421000441486393,9.580118364814715e-05,6.350169945830325e-07,0.0007733635940391221,2.4140443083282315e-06,3.3078336216364276e-05,3.6312190200364936e-06,0.0034232372206285775,0.00035930799343540263,0.0012061745901902042,0.0009905075052799714,1.3417771307337302e-05,0.0038146424002870084,0.0001891324724989333,4.012884030854441e-07,0.0005582610346976882,2.0672719544685785e-05,0.004745095428966977,5.2237527035456355e-08,0.00034922889546081876,0.8676271698736479,1.4818152079813952e-06,1.3134347922166401e-06,0.002754245569114736
32,0.0033583266957021105,0.09294979593750827,5.197571352386238e-05,5.341422271130026e-07,0.0007302434911197498,3.6317777026657708e-06,3.252718704488753e-05,1.6558385439811069e-06,0.004025617297157745,0.0003722140681342825,0.0014706321987771973,0.0006013538407616087,7.867519716726846e-06,0.004814478854561712,0.0003456853397903547,4.1116293508900727e-07,0.00041235144831249627,8.196873745237636e-06,0.0030115137613288,3.874244074247321e-08,0.00030518884559195894,0.8851118767567815,1.6485677963142116e-06,1.5011269088455448e-06,0.0023807328118865233
33,0.0018996776480925607,0.057914998822996826,2.3134072959243074e-05,3.340423826293856e-07,0.00016145493016944492,1.780665297432101e-06,2.1985119404622695e-05,1.6165602086874852e-06,0.002259110071686641,0.000235520508333094,0.0006252423113950674,0.0011251836367664057,1.8397447028828847e-05,0.003903331327344149,4.541349588142992e-05,3.3487278361239605e-07,0.0010984210782064771,1.2505103014399802e-05,0.001332482993069479,1.9913326325353054e-08,7.755430253306527e-05,0.9283837691793918,4.170396959213898e-07,4.1329643822853666e-07,0.0008569015615935656
34,0.004187363660040581,0.10230748994037306,5.612091163306018e-05,5.706468193589081e-07,0.0008136130768241034,3.181794866502441e-06,3.17111732841827e-05,1.628180767711077e-06,0.004834041715089325,0.0003950518402903776,0.0016943027815812621,0.0005687364321159968,8.282142541790404e-06,0.004959678945128373,0.0003387155140009448,3.842264464688292e-07,0.000414278835992492,8.73664954759072e-06,0.0029851939622950662,3.614194041347781e-08,0.00028987750225338305,0.8734947554418073,1.6550265106787072e-06,1.8610779039360869e-06,0.002602732379946151
35,0.005189879708283059,0.09777506156676345,5.315921267311784e-05,6.271360521472806e-07,0.0006544694829963565,3.047136365693596e-06,3.464660426688657e-05,2.0105118197631316e-06,0.005180240625131964,0.00046309800390488743,0.001369627199134498,0.00068575246494518,8.746370588001374e-06,0.0046016895621232715,0.00025312027165790837,4.5247878528583796e-07,0.0005583527513966553,1.2867620368513371e-05,0.0026736271861965517,3.810081872834506e-08,0.00028237000774858416,0.8774741530722598,1.4493809396168355e-06,1.7360524740175066e-06,0.002719777492306092
36,0.013055506310143959,0.26130750025250266,0.0002653189484592154,2.295026744924932e-06,0.006019918953970289,7.940450302465345e-06,5.1932906351345196e-05,1.1280924800291372e-06,0.005564707819123384,0.0010113697404467259,0.012198106761281118,0.0006876867960367895,9.426422796741012e-06,0.015435759987769498,0.0017243290832158551,5.248420408102845e-07,0.00022465002064342676,1.924730131510382e-05,0.005727471847559732,7.505686822861008e-08,0.0024378775059498508,0.6662342289957166,5.955776071772504e-06,1.4005748522740005e-05,0.007993035353686737
37,0.011201423586311512,0.08479699634450465,0.00012441353455081927,1.492304514920052e-06,0.000842570834655785,2.9965907547905354e-06,3.33107047363936e-05,1.861513717095883e-06,0.004720858606997378,0.0006877120990216352,0.0032205745273303187,0.0007340577346157121,9.770942484876792e-06,0.007967475764639461,0.0003630540178058361,4.7080446595501726e-07,0.0007298986921743715,3.0039049136478803e-05,0.002292356783766073,5.1707697277485626e-08,0.0004320539315606132,0.8781576175217298,2.0144094494802643e-06,7.431853131662652e-06,0.0036394961402470265
38,0.0037356024265122957,0.11744354187405158,7.061540609701322e-05,6.939675267229743e-07,0.0006852477153929714,1.160316336865693e-05,6.15861522200219e-05,3.0207014676239648e-06,0.002871626881689498,0.0004088884529143844,0.0020160894605700157,0.0009375693380880645,1.3668048215972427e-05,0.004051130306345728,0.0006948893077160364,1.1659810848179743e-06,0.0006083896372028957,8.160445615240674e-06,0.006545184351498579,5.400827505559921e-08,0.0005889824743157584,0.8575488026033551,2.5221399569371433e-06,1.350132670323427e-06,0.0016896150238487693
39,0.002609941313308658,0.06352401692835564,3.8971490533408784e-05,5.927045300667027e-07,0.0005208101390329153,4.093050503829406e-06,4.713300566448394e-05,2.478259349115167e-06,0.0027960021316444737,0.000325561261712206,0.0009289059920825841,0.0006767571694923568,6.690417235083366e-06,0.0037542659653426445,0.000385776679921253,5.635080630853785e-07,0.0004831137033618936,9.23281226323984e-06,0.0028946589794653877,4.664050554982628e-08,0.00044105449488259185,0.9176354283343301,2.338375895377184e-06,9.456981621020751e-07,0.002910620944362054
40,0.0013639103685050265,0.13007958349825963,7.061111355440662e-05,1.9899224316960227e-07,0.0010138121568212062,3.618083651546248e-06,1.7931094023572343e-05,5.851215994177301e-07,0.0014371946447572018,0.00016912463692548763,0.0010629148195255647,0.0007080487635854912,5.39852053371286e-06,0.00512264695192205,0.0003235795390675138,1.3897606043414157e-07,0.00016050139289061505,4.158769237730829e-06,0.003090029903205311,2.68942679042728e-08,0.00026186622589789623,0.8534507089001766,6.583853901430283e-07,5.811940977354704e-07,0.0016521710538006677
41,0.004728480662467277,0.30869302301465107,9.488661834111141e-05,1.4264179421048293e-06,0.0024924216067129957,9.314939327982248e-06,4.758725879768083e-05,2.431839929694733e-06,0.024773231231479335,0.0006876676713587526,0.0021256888227886776,0.0005604972585820321,1.5252238855673236e-05,0.006987060281967262,0.0004994047681718003,9.375150229114107e-07,0.0007011628228612754,6.841763782014754e-06,0.0025307457881991896,3.692778410297856e-08,0.0002109524221635948,0.6421544161068649,1.8457011336837243e-06,3.3529091770795477e-06,0.002671333411637851
42,0.01467937628503129,0.2794614208770845,9.621125311524471e-05,3.775069648858932e-06,0.003419342723255573,1.2161623788221154e-05,0.00010408653173174126,1.1099598009420754e-06,0.020175701315331328,0.0011249084932343058,0.00763399145504766,0.0014129519719238137,1.6956621591980184e-05,0.037756803568330985,0.0006752524412850687,1.3194198064991382e-06,0.0013436226745426776,9.000120548140115e-05,0.0013965474355153763,8.519990067399402e-08,0.0005246350171600052,0.6085208491034129,8.823955386471717e-06,1.4944293844863565e-05,0.021525121504747648
43,0.0017008745136209901,0.02763398123802282,2.7650665942837446e-05,4.0487328049342913e-07,0.0003260080530372644,2.863903254473503e-06,2.1856685920131815e-05,1.2551919778447568e-06,0.006119552179757723,0.0011087355111635388,0.0005648375164010823,0.00011210710689776153,2.3787765625631624e-06,0.0030607141339107488,0.0002530449580303072,4.0835074144795694e-07,0.00023975769545545684,3.4803765984371632e-06,0.0015166164506817794,5.758421814559083e-08,0.00018407075934379107,0.9554595370791048,1.0933978186176324e-06,2.2784321628682868e-06,0.0016564345660942646
44,0.0036844980506973188,0.09648595867911972,5.515243220850937e-05,6.72421983638944e-07,0.0007726755130894202,3.8280428087294215e-06,3.4819937059393716e-05,1.6263857097506856e-06,0.00467324419132277,0.00042521054352113644,0.0016489956378108745,0.0006281930088478195,8.208930123964445e-06,0.00560157311193685,0.00035315021286376345,4.476734105816687e-07,0.0004848021989739809,9.899642600682662e-06,0.0025184452836078592,3.91598256955642e-08,0.0003198077756638211,0.8796174459185464,1.761684246910455e-06,1.8763655637717538e-06,0.0026676671984565757
45,0.002616424339001164,0.06903012239952849,6.875615502738143e-05,8.632790708758613e-07,0.000623703137078894,6.481902155271727e-06,6.191338752446961e-05,3.6279897404361363e-06,0.004866804281873805,0.0004171464519113134,0.0015031633549498536,0.00032515968263879065,7.914513999763473e-06,0.002994539832418239,0.001011889990469289,7.987728966533919e-07,0.00042986202680166146,4.08323453238711e-06,0.0036171082339741764,4.329770912752859e-08,0.00030225264760511036,0.910731896943386,1.8468456204030288e-06,2.0931819184078874e-06,0.0013715041181679617
46,0.0053810077575075325,0.05802542584371022,7.21079401639906e-05,1.956678995046056e-06,0.00017619155183533258,8.053968038087121e-06,2.3990907218499667e-05,4.292503262622067e-06,0.0035177223440667764,0.00042911583200490235,0.0019732689363764935,0.0013263563653592042,1.964547099407228e-05,0.004048111370277163,0.0002093691740200635,1.1123792945571992e-06,0.004259610642223352,1.8860944449733154e-05,0.0016451059680743206,3.908722884792005e-08,0.0003515864782176991,0.917629160111357,2.090524621532491e-06,3.0706673472861963e-06,0.0008727465533558053
47,0.0038608172795556507,0.1049524207620354,7.844633630390801e-05,1.3546178918564906e-06,0.0012965151930082219,5.85109201914856e-06,4.400447358336872e-05,1.8118629320785214e-06,0.006341830453264921,0.0005311035365756522,0.0028377125295239846,0.0006312651604044978,1.0165945429174732e-05,0.009225703679604617,0.000588362337722958,6.541087849976266e-07,0.0005720786751708318,1.1597037348307795e-05,0.0023993922435151293,5.148374327770334e-08,0.0004405412860935257,0.8629388419744228,3.143429693356996e-06,3.415887885563844e-06,0.003222918613486705
48,0.005178159517821596,0.1788437268110348,6.764675094085732e-05,5.135778672821972e-07,0.000263549883089446,1.1261633085555318e-05,5.244515496353866e-05,7.609404764164343e-06,0.00395873612491768,0.00021994717154498158,0.0010628287977664413,0.001030810465036111,2.8585283004522413e-05,0.0015177931051737815,0.00030682973803269203,8.733111361956499e-07,0.0016572319221706917,5.029762129645056e-06,0.008880696527606141,2.6870420349502884e-08,0.00022968547518474887,0.7960000649686472,1.1808132080244113e-06,5.944522090982026e-07,0.0006741724782445366
49,0.0014668293697674955,0.0709464357035971,4.981594683157684e-05,3.373296769278153e-07,0.0004069644627031435,3.829481645498639e-06,2.021346295196335e-05,9.00618033464346e-07,0.0017739799861928478,0.00026178204595290246,0.0008926624415333392,0.0007559056601976836,6.525780180274577e-06,0.004565230694201986,0.00019859612809703693,2.3329362513408594e-07,0.0003980574185131105,6.980802825098587e-06,0.0018526417995617388,3.380691089955771e-08,0.00026088872008659693,0.9147107292394336,7.8233952603445e-07,7.848443495944804e-07,0.0014188586236053506
50,0.0018818515724539967,0.027543432903548208,1.0365625014680226e-05,9.646062077280413e-08,0.0002147555376498496,4.812389685307169e-07,4.1103178773223495e-05,9.175667089631389e-07,0.003533453866683167,0.0005226740982160124,0.00022232211717601867,9.281463922351776e-05,1.3498306867042544e-06,0.0016883504194028418,0.0001590984171273526,1.2883883144978585e-07,7.995325601816808e-05,4.174893762432665e-06,0.001558520044587099,2.3806383746139526e-08,8.313875040063605e-05,0.9580575317147518,4.2635164442076466e-07,5.826127232097043e-07,0.004302452258642924
51,0.0038266135455152245,0.11660169809079324,6.439761051997896e-05,8.961940957622775e-07,0.0008592071111098662,3.4911891290470374e-06,3.271573634887354e-05,1.7223747030172789e-06,0.005955212214546756,0.0004557324845813586,0.0019137332454923436,0.0006211344947943818,9.955671318134414e-06,0.005848691428722677,0.0003259261254748417,4.183085267048768e-07,0.000563297830916454,9.174125833308495e-06,0.0019892192103290866,2.982098801134083e-08,0.0002894418524267458,0.8585472754159769,1.3349884429019977e-06,2.227280636459572e-06,0.002076453648777849
52,0.009096403163645678,0.05091556370923176,0.00012534244536191867,2.919879932437586e-06,0.0008807151249178521,6.376804096738472e-06,3.9235034492998375e-05,2.3783220254681063e-06,0.008877798049511313,0.001674967150467935,0.004160345336147162,0.0005625943719224912,1.3991131461046991e-05,0.01102648639998663,0.0003851837728455384,1.4829807729669562e-06,0.0011218641950685357,3.524124863507654e-05,0.0018681338847408263,1.1244178408889941e-07,0.0003524412108402919,0.9061851030053106,2.8988114616699726e-06,1.3542320188541286e-05,0.0026488792051503995
53,0.001794889779136678,0.05363144249880109,1.9282951547956016e-05,8.946579175677437e-07,0.0007119435167404954,3.846041079148699e-06,0.00015726898891021604,2.2748355425621713e-06,0.009897004105434957,0.0004341150095470574,0.0012551928591694004,0.00029126377751329506,5.891565547589735e-06,0.00630788629894054,0.0008995102051374517,7.998829332318763e-07,0.00037625714478174536,8.34839642032705e-06,0.001421337854258303,5.569428659771693e-08,0.0002110039931474474,0.9159000942725516,4.544966300444182e-06,2.0510090108698404e-06,0.006662799695343297
54,0.0027825042884346745,0.18726606403593118,1.4508869357419563e-05,1.8169659404290476e-07,0.0005272160443956666,2.781649060207238e-06,4.163617223066623e-05,8.312064490002246e-07,0.006562990618367205,0.0003725750280767127,0.0005105652384716814,0.0008207476544428915,4.649124440049483e-06,0.004555634186016083,0.00016035063032318885,3.3051163255609026e-07,0.00037148886510640725,9.76314077273204e-06,0.0017645027138941975,2.0740342009339272e-08,0.00015815240377490292,0.7883414156610122,8.763859695306529e-07,5.449890783708038e-07,0.005729668145826337
55,0.005425874709379362,0.1923426858807482,4.549064432413039e-05,5.893392726916854e-07,0.001174498374111566,3.162968080883593e-06,4.618152322605288e-05,1.4074533037963353e-06,0.006354429874751916,0.00037655510912774876,0.0016891672708458855,0.0015670409136037367,1.1496319174603966e-05,0.006757192231100221,0.00023511215351626832,4.780483575456977e-07,0.0005704519838458836,2.0882664076095242e-05,0.0025840535770932076,3.410919056508414e-08,0.00031994731996761003,0.7756057654002193,1.5163364500785653e-06,1.3779737118152866e-06,0.004864607822520914
56,0.0035757102546203927,0.10703478914029543,5.6723288920271305e-05,6.75416319452989e-07,0.000820328747768753,3.722637129252809e-06,3.576666416369648e-05,1.6531045248601984e-06,0.004744388274004589,0.0003969566438053285,0.0017422961949270057,0.0007121138128663122,1.0063459393669876e-05,0.005794527245258591,0.000325477759750265,4.375709398855267e-07,0.0005007102678718905,1.0306533265112267e-05,0.0025502466428130774,3.831478302237727e-08,0.00029653412591599545,0.8687901879658718,1.6452215353969031e-06,1.749713859319689e-06,0.0025929509993964255
57,0.0015443862630432365,0.06928327468922031,3.670560094993187e-05,1.4388080275317128e-07,0.0004546167655720279,1.6815795812926483e-06,1.4561774954505578e-05,1.2888028225394451e-06,0.0010610392793503158,0.00014367444932491917,0.0006383410618642521,0.0008909495662273338,6.069002044165773e-06,0.0020034326718471897,0.00015136525991202543,1.8757867004319967e-07,0.00019653754945783515,3.812061150826734e-06,0.005049677055698609,2.37751171499419e-08,0.00028252243685033634,0.9173414368276982,5.633872316944339e-07,2.6367139382349867e-07,0.0008934450092147417
58,0.0037781337390642464,0.08605100855291581,6.140363887486938e-05,7.040416771124191e-07,0.0007141383914345134,3.627432411670099e-06,3.253026836141063e-05,1.5576863365019798e-06,0.004959375398092095,0.00045223519924251213,0.0018074855459053523,0.0004991945144820351,7.5983497417013734e-06,0.005240132853917602,0.00040504526579764483,4.203178079710075e-07,0.00045828935780368947,8.797221809901349e-06,0.0023076546188635716,3.941036557937657e-08,0.00028977450210298806,0.8904470212301175,1.6835663710280952e-06,2.7160932564032794e-06,0.002469432803246463
59,0.003711728270604298,0.07900052818318237,6.399959206057335e-05,7.610819815559625e-07,0.0007178223766306559,3.606625730671113e-06,3.0762589168832775e-05,1.470766259533015e-06,0.005007398207187917,0.0004885395556973807,0.0018849911041930205,0.0004613623792171957,6.7094703841255015e-06,0.005532026784000465,0.00043317135708400726,4.1761302848475666e-07,0.0004602318016202515,8.889448507059609e-06,0.0021294042817638823,4.090401916315907e-08,0.0003029218679600458,0.8972115363866717,1.7620108379958074e-06,3.2066415425720755e-06,0.002536710700666192
60,0.0036844980506973188,0.09648595867911972,5.515243220850937e-05,6.72421983638944e-07,0.0007726755130894202,3.8280428087294215e-06,3.4819937059393716e-05,1.6263857097506856e-06,0.00467324419132277,0.00042521054352113644,0.0016489956378108745,0.0006281930088478195,8.208930123964445e-06,0.00560157311193685,0.00035315021286376345,4.476734105816687e-07,0.0004848021989739809,9.899642600682662e-06,0.0025184452836078592,3.91598256955642e-08,0.0003198077756638211,0.8796174459185464,1.761684246910455e-06,1.8763655637717538e-06,0.0026676671984565757
61,0.004113119488498613,0.08072194706799281,7.402725476469984e-05,8.273295405025659e-07,0.0007208000437338871,3.908799362799447e-06,3.092548742555838e-05,1.7359959972410126e-06,0.004609041199054643,0.00048284267957503143,0.0018850418427411137,0.0005042237815024969,7.612680209767243e-06,0.005390007374231026,0.00041829119635134235,4.4083346999475083e-07,0.0005027698604663374,9.678211442036222e-06,0.0023730367794885317,4.286088372082308e-08,0.0003297294870673807,0.8954984481670615,1.7556176165617526e-06,2.9705192118210274e-06,0.00231677544231065
62,0.0036844980506973188,0.09648595867911972,5.515243220850937e-05,6.72421983638944e-07,0.0007726755130894202,3.8280428087294215e-06,3.4819937059393716e-05,1.6263857097506856e-06,0.00467324419132277,0.00042521054352113644,0.0016489956378108745,0.0006281930088478195,8.208930123964445e-06,0.00560157311193685,0.00035315021286376345,4.476734105816687e-07,0.0004848021989739809,9.899642600682662e-06,0.0025184452836078592,3.91598256955642e-08,0.0003198077756638211,0.8796174459185464,1.761684246910455e-06,1.8763655637717538e-06,0.0026676671984565757
63,0.0036990147992437402,0.10609794843022283,5.3783094399672564e-05,6.202495120506226e-07,0.0007778036687470503,3.7087226611168445e-06,3.4565154170680906e-05,1.5710769233193858e-06,0.004763355353728282,0.0004094285005325164,0.00161119031095377,0.0006352684634889417,8.253903143993774e-06,0.005395860152294114,0.00034339273640225616,4.1932384776645005e-07,0.0004707623330841818,9.443366328821187e-06,0.0025239797821706897,3.602007389673696e-08,0.0003058123053094497,0.8701932755017359,1.6205613653708513e-06,1.7626075484175268e-06,0.0026571235821113578
64,0.0036042792776663944,0.09970488939707571,6.292355938314655e-05,6.947075435759475e-07,0.00089232852670771,3.6744526593985748e-06,3.4461396152684625e-05,1.7099910427076563e-06,0.003763036324971601,0.0004212928035742809,0.001759126269835522,0.0006429518110780219,7.486811656400499e-06,0.005037632565339752,0.0004130051753494659,4.0707210554956685e-07,0.00039117267393319523,8.850047750541954e-06,0.0029085549293380577,3.987417199240231e-08,0.0004871995156989506,0.8773404151162972,1.8077021750113272e-06,1.7861747352375558e-06,0.0025102738237579086
65,0.001938961717348649,0.07569269608239623,8.744628175483973e-05,7.749928348136827e-07,0.0006313685712909881,6.15807879988827e-06,3.627307352450463e-05,1.8164356110344838e-06,0.0026016574361490625,0.0003102364155980005,0.001880822521548115,0.000336727113999121,6.492743544575564e-06,0.0041776964205207795,0.000952007913760192,3.7069929853936104e-07,0.00037237053610323707,3.593290223281895e-06,0.002647533948313566,3.3942000689897285e-08,0.00042709403701689567,0.9065022882327703,1.8045068793284395e-06,2.061473786598886e-06,0.001381713534926647
66,0.0034706108221839935,0.0963705964048096,6.136056129932489e-05,8.139988960978081e-07,0.0009222771700390349,3.7887221039825134e-06,3.127682323827168e-05,1.4167142230769304e-06,0.004428787560194722,0.000497402225588852,0.0019508344305343454,0.000724530005280769,8.893042622336239e-06,0.00691447641630902,0.00032345043845286015,4.839108304062106e-07,0.000498438321545488,1.1350180863704477e-05,0.0022465080832019526,3.974164978537822e-08,0.00037413590039745814,0.8785940766127117,1.670977635349164e-06,2.0533924254511345e-06,0.0025607275429624142
67,0.0006352825861870892,0.030557305339910874,2.466166993561399e-05,4.2862321613355576e-07,0.00016585293895525827,1.5863291434229736e-05,2.178925176647414e-05,2.382899803944327e-07,0.0008293129065469461,0.0003020758704515598,0.001477754123492903,0.0006692421755154708,3.83994683538828e-06,0.020414264345584587,0.00037475035806893895,2.816081293433593e-07,0.0007268771880611986,1.2836163332087598e-05,0.0006889924472741546,1.0504286419431363e-07,0.00046719980300299565,0.9380205378393803,5.709522086622894e-06,2.400540434610897e-06,0.0045823981275525645
68,0.006312470685554538,0.1155954259003747,8.56336809884047e-05,1.307206274298535e-06,0.0008142741890321609,5.157860753967382e-06,5.288612116182271e-05,2.539174417723781e-06,0.004345509353397338,0.0004666477938697094,0.0025154093398683736,0.0020360483645351533,2.3022625672312934e-05,0.009559317904574038,0.0002367576903407522,7.279066313305821e-07,0.0010771086896139345,4.171312363302643e-05,0.0028937832021389428,6.874393969691596e-08,0.0005225901791825459,0.8496456441414513,2.620368391591422e-06,2.04991750647533e-06,0.0037612858366958997
69,0.0026217257077807686,0.07468088725844094,5.3901017125085466e-05,4.3343817242263634e-07,0.0004757549622555549,4.48809291351931e-06,2.5270350662096125e-05,1.2842082427946545e-06,0.002049973959816065,0.0003110746923898019,0.0015422141451637813,0.0007338353561800382,8.429437634672757e-06,0.00493810326943725,0.0002925813929875895,3.3136847457364984e-07,0.0004371098907358696,8.169086033810155e-06,0.0032159686821561255,4.590916039648407e-08,0.0003926477510214697,0.9064655685755112,1.632160117046803e-06,1.2673198597761192e-06,0.0017373019677272652
70,0.0029197915222829345,0.07957455033624088,9.402959760502257e-05,7.036912245311339e-06,0.0018072662310403022,2.954135835263409e-05,7.695865094610219e-05,3.614907088448384e-06,0.026876362045929775,0.0015829276826775586,0.0025094122409013995,0.0012351161774475608,2.6717808013986495e-05,0.030166301473536314,0.0004014153259887154,4.912338131883629e-06,0.003131074132682148,3.9662226649836215e-05,0.0011854734752744873,2.530028413364926e-07,0.0003344027957925607,0.8435886982682912,9.193743352093608e-06,8.678845721510749e-06,0.004386608900965675
71,0.003664985605983719,0.09617123770932283,5.52635809298007e-05,6.71158029620896e-07,0.0007688035067999272,3.835624431477491e-06,3.475554248254798e-05,1.622878947095318e-06,0.004649334122988349,0.0004242014273526694,0.0016449271733077779,0.0006256205331330227,8.188735787541797e-06,0.005591733972584522,0.0003534977511916838,4.4561098802825836e-07,0.0004841493575347741,9.849141359975903e-06,0.0025149592500823765,3.912185407604416e-08,0.00031946683055422394,0.8800122731902832,1.7564372918781e-06,1.8738651356430973e-06,0.0026565078716430657
