,0,1,2,3,4,5,6,7,8,9,10,11,12,13,14,15,16,17,18,19,20,21,22,23,24
0,0.012710115140289018,0.06572760728620874,3.010930819574521e-05,1.282485722193589e-06,0.00047732404775108217,1.3787149636943856e-05,7.33585341229481e-05,2.1312848285185437e-06,0.008586445248698622,0.001565323170729652,0.002233641811850722,0.0010165504877356736,9.625493875840506e-06,0.01349743667769956,0.00036302284150640206,2.6602398208285325e-06,0.0014491345154921812,7.014661919589111e-05,0.0034478285488683115,1.9230780802682055e-07,0.0006825811481201493,0.8723557753127485,1.5139667907612476e-05,6.745246103620118e-06,0.015662035425083088
1,0.015535772826720654,0.07507089322534817,3.1167433412564134e-05,1.511058044037292e-06,0.0005716707202264812,1.4495100330390356e-05,8.356724184340561e-05,2.772377367558506e-06,0.014895507028806458,0.0020149613494158756,0.002245041957081619,0.0008779868691900707,1.083058993631215e-05,0.012171887119754959,0.00037124834727712337,3.6473116236059205e-06,0.001639980382231453,6.470500208715084e-05,0.0038950227454064277,1.9284552086516979e-07,0.0005719695544949152,0.8540677238458491,1.5525819387708672e-05,8.04284467584323e-06,0.015833876403967308
2,0.008943820276519259,0.03856329679726755,1.8958380430667817e-05,7.491701501699558e-07,0.0004198224432157623,7.3932062893809895e-06,5.7740263804691206e-05,1.6869293421150582e-06,0.010373681535243158,0.0014202768194397678,0.001223628746234985,0.00041488757978191146,4.383899680212408e-06,0.010815417885288258,0.00034019521094570074,1.4709422559827906e-06,0.0007126024666554224,4.194793714003878e-05,0.002550416426978468,2.158841694776848e-07,0.00039572422394207666,0.9037807140534762,1.509149580478181e-05,6.0452910448122695e-06,0.01988983213489958
3,0.0129456912645689,0.0678154619085457,2.955567552963216e-05,1.3378319368091915e-06,0.000490134116486096,1.2444227044805587e-05,7.096186357856991e-05,2.04702839921547e-06,0.008901136892883023,0.0014610724229774216,0.002366866001325488,0.0010117009495581595,9.571659482842381e-06,0.01402863496560061,0.0003573919557630877,2.4369005252942813e-06,0.0015224121211059186,7.078519999303482e-05,0.0031056819906894366,1.6923332879875682e-07,0.0006541163144547999,0.8689098411458211,1.5225489921252537e-05,6.798372945424091e-06,0.01620852446753452
4,0.011388364172236475,0.07719262163724765,2.9725844604689868e-05,1.4152868315369198e-06,0.0005228948696245996,1.1862850201928036e-05,7.109265055941029e-05,1.992385441920307e-06,0.008328964603037278,0.001265307460968023,0.0026236801422924397,0.0013053345013146161,1.3201025459032804e-05,0.015966033154571155,0.0002987928600151277,2.2825782254690132e-06,0.0016872439005789133,7.697741697816146e-05,0.002929864197682502,1.5806152390920593e-07,0.0006358211922416571,0.8602123936308623,1.4478890823944224e-05,5.7109592642027006e-06,0.015413785727413155
5,0.01911366561388409,0.05368401679066814,3.42893051951075e-05,2.022158408433045e-06,0.0004712680728370527,1.1226743900070532e-05,7.151688178373422e-05,2.198606884931911e-06,0.009719584916839235,0.001994354064398493,0.002519886843210633,0.0012140396237961346,9.7356152500093e-06,0.01840474566463607,0.0002818596991628501,2.807097704350075e-06,0.0020501947429836104,0.00015570280583261553,0.0023377061287234175,2.4294596776896374e-07,0.000729241775536382,0.8645305015457535,1.831381025897685e-05,1.1365671224143728e-05,0.022629512875160324
6,0.0129456912645689,0.0678154619085457,2.955567552963216e-05,1.3378319368091915e-06,0.000490134116486096,1.2444227044805587e-05,7.096186357856991e-05,2.04702839921547e-06,0.008901136892883023,0.0014610724229774216,0.002366866001325488,0.0010117009495581595,9.571659482842381e-06,0.01402863496560061,0.0003573919557630877,2.4369005252942813e-06,0.0015224121211059186,7.078519999303482e-05,0.0031056819906894366,1.6923332879875682e-07,0.0006541163144547999,0.8689098411458211,1.5225489921252537e-05,6.798372945424091e-06,0.01620852446753452
7,0.02436500004555037,0.15188793002933193,8.381924899639846e-05,1.5304397169689024e-06,0.0005977281539195629,1.2331508144088914e-05,7.201347492028736e-05,3.63219064984213e-06,0.006498258157006536,0.0009919253561740452,0.004915546083055155,0.001624240756977911,3.522103531766446e-05,0.00874861982870777,0.00034585806449434194,2.0326005002367376e-06,0.001911159629636912,6.385875344441372e-05,0.006574920000587949,1.0590292406205896e-07,0.0006594302852859603,0.7841082772353157,7.407821529005899e-06,6.3648428329499584e-06,0.0064827885549801215
8,0.014488369306066022,0.10893748610400505,3.47470652043779e-05,1.2945840436128176e-06,0.0005424296329906176,1.9393759728826184e-05,8.596633541460578e-05,3.3409224214166064e-06,0.0067381731408519465,0.0011103930311020592,0.0025939051400900854,0.0024516252903572884,2.1664254391479258e-05,0.011532952832327076,0.00027985226128767404,3.7598816839721007e-06,0.002293825893714878,8.357889741554679e-05,0.006117602505880001,1.7048339768955863e-07,0.0008616426661637573,0.8315763253156839,1.3510254255847643e-05,2.942106274687764e-06,0.010205048335247673
9,0.012925459503662622,0.06406343731017729,3.044743587910364e-05,1.3777584636428967e-06,0.0004800666919217936,1.2333023448840885e-05,6.791653187922025e-05,2.0391649473897752e-06,0.008990951171035684,0.0015164673419938394,0.0023686701181750954,0.0009479060250554293,9.255504825668002e-06,0.014123772646498329,0.0003595667378010442,2.414156970494786e-06,0.001515181576256908,6.974203814516508e-05,0.0030088167437845714,1.7398333311829847e-07,0.0006472742763482105,0.872970094500228,1.5329411082493724e-05,7.375037034000324e-06,0.015863931311052164
10,0.0129456912645689,0.0678154619085457,2.955567552963216e-05,1.3378319368091915e-06,0.000490134116486096,1.2444227044805587e-05,7.096186357856991e-05,2.04702839921547e-06,0.008901136892883023,0.0014610724229774216,0.002366866001325488,0.0010117009495581595,9.571659482842381e-06,0.01402863496560061,0.0003573919557630877,2.4369005252942813e-06,0.0015224121211059186,7.078519999303482e-05,0.0031056819906894366,1.6923332879875682e-07,0.0006541163144547999,0.8689098411458211,1.5225489921252537e-05,6.798372945424091e-06,0.01620852446753452
11,0.013049833791676298,0.07248098850966218,3.104717775980594e-05,1.390916718863805e-06,0.0004911137539250143,1.2520485234820283e-05,7.353677849322812e-05,2.315075580176555e-06,0.008724379135007638,0.0013844836839690632,0.002412206941314743,0.0011449083840016888,1.1792401914175069e-05,0.013657665587495083,0.00033352340210021306,2.5650853750117066e-06,0.0016705430418098286,7.282414986255886e-05,0.0033519633729640333,1.671109070861965e-07,0.0006272229263114871,0.8656250471632391,1.4430961239018196e-05,6.2443133084777334e-06,0.01481728585013034
12,0.014005283369711652,0.1234149586128376,3.1139201908394126e-05,1.731851013939907e-06,0.001234329461240651,2.1176045270077175e-05,0.00010460196907334297,1.29873559373684e-06,0.011070324573989728,0.0014299234364324612,0.0031134857838862446,0.0021293273731047653,1.0915801444557185e-05,0.03644479588269003,0.00040627990279273413,2.7455277912813013e-06,0.0016117922196463126,0.00016793989150830038,0.0027235888054552466,2.850270280391095e-07,0.0009807450639108119,0.7526391815468624,3.132787793346131e-05,7.052341344154846e-06,0.04841576969753029
13,0.01119582858470243,0.10421679374546818,4.6119247263219275e-05,2.6343474271108822e-06,0.000961156435358094,1.0464741131181165e-05,5.792325185374883e-05,1.5298978092144697e-06,0.005730503191412813,0.0007307557923252491,0.015320438210853658,0.0020121335701962263,2.70356684285851e-05,0.025695407264592296,0.0006901844244549156,2.0507903010567336e-06,0.0018327414172777177,6.274622453017887e-05,0.0031592905807206377,9.179507424109562e-08,0.0011154733887037613,0.8177052161916972,2.329011708057704e-05,9.989609057541441e-06,0.009390201512280151
14,0.017694812464968793,0.22287213249508805,3.827000038962869e-05,8.878742866087018e-07,0.000917762397036968,2.383834615387737e-05,7.602772029377796e-05,1.7407318894355e-06,0.005661172827627741,0.001050915175509077,0.004172287727082065,0.0030410833434277875,2.2025358165224035e-05,0.015296944435615694,0.000364395090825165,3.0687683472744084e-06,0.001408676973026725,7.413786939990111e-05,0.008913573236271457,1.348921857059685e-07,0.0010697284234485727,0.704419944418794,1.253862611445406e-05,3.3808043797971632e-06,0.012860519999672183
15,0.0129456912645689,0.0678154619085457,2.955567552963216e-05,1.3378319368091915e-06,0.000490134116486096,1.2444227044805587e-05,7.096186357856991e-05,2.04702839921547e-06,0.008901136892883023,0.0014610724229774216,0.002366866001325488,0.0010117009495581595,9.571659482842381e-06,0.01402863496560061,0.0003573919557630877,2.4369005252942813e-06,0.0015224121211059186,7.078519999303482e-05,0.0031056819906894366,1.6923332879875682e-07,0.0006541163144547999,0.8689098411458211,1.5225489921252537e-05,6.798372945424091e-06,0.01620852446753452
16,0.012306261719802843,0.04262626490999242,2.021987603624271e-05,1.2253954530019904e-06,0.00033853619797681936,7.498001111594829e-06,6.304712025472001e-05,1.1774433694536817e-06,0.0035667780065768524,0.0021259228765505133,0.001809505062466842,0.0018543853204934819,5.975582607662078e-06,0.019083774199287213,0.0001811472658804274,2.115064716431621e-06,0.0013753631891778469,0.00020103743890818648,0.0018362270038017835,1.9537716000577535e-07,0.001477388125788648,0.8865643253276119,1.157527765937162e-05,4.896383178147326e-06,0.02453515783413755
17,0.013065977632586294,0.06643744631131128,2.7067865489190312e-05,1.2309550453372153e-06,0.00046312976967961535,1.0482067896454108e-05,6.588372071157453e-05,1.9392597094935403e-06,0.007506987928158982,0.0012907876347685143,0.002235139338338478,0.0012342118294344406,1.0017157951949345e-05,0.014879024719352341,0.00028235009512834396,2.1511781772522657e-06,0.001565432800745498,8.67633241350575e-05,0.0029376623349937113,1.678534150734964e-07,0.000670250399044326,0.8697882768167505,1.5072295236662936e-05,5.6462436760173505e-06,0.017416900468263708
18,0.008176145448183614,0.038215362261886356,7.5370130494768484e-06,3.9957644207198207e-07,0.00012975441370021023,4.694382507773881e-06,4.168608683462633e-05,7.645393553809964e-07,0.004586121528619676,0.000984974567081109,0.0007812076025604817,0.001183312361189387,4.4664444836567654e-06,0.013940459779894167,8.531853634849658e-05,9.26094999053343e-07,0.0015959277729637139,0.00012740954760688216,0.0011298594333776749,1.2191379143704232e-07,0.0003323208702638884,0.8978046796496494,9.817358591629293e-06,2.4997819584157663e-06,0.030854233034661428
19,0.011660216687838544,0.08284818323227802,3.8715048443739456e-05,1.4376583714576878e-06,0.0006614065421545013,9.447039657874593e-06,6.976520693402473e-05,2.560517299649415e-06,0.007276443207030649,0.0010101146207943698,0.002417894606847351,0.001554131710905727,1.4959893465908944e-05,0.012893504351334356,0.0002831517303301359,2.0580648391067082e-06,0.0014370759964782156,7.281767126107735e-05,0.0035083917631213934,1.440173001888556e-07,0.0006209086459671216,0.8622042371671591,1.0145447671979228e-05,4.474065488821447e-06,0.011397815107026657
20,0.003997380884686883,0.03256226550357019,2.0496046348926546e-05,8.277643641883154e-07,0.00026933100833335596,7.004095598205059e-06,5.4261303805500764e-05,1.6595602563601053e-06,0.0039820314657017545,0.0007452946445710865,0.0017129274009061522,0.00036889674541818677,4.258708349585306e-06,0.007109631215149982,0.0006506317669013534,1.0524328023123166e-06,0.0006274210109204491,1.617659661231822e-05,0.0021269298748501225,9.160545325167559e-08,0.0006152790104347323,0.9375598816005296,1.0733173517223222e-05,4.174506675114398e-06,0.0075513620742431
21,0.008388220084465582,0.04886318663155567,2.6264235215248305e-05,1.1075505803159938e-06,0.00030967435582858986,1.3734190285426126e-05,8.101210380410265e-05,2.3935145459565663e-06,0.009452650128390798,0.000983024478790751,0.0016910850900542463,0.0005506417799535854,8.108149845273513e-06,0.009683258886668633,0.0004710571638726737,2.078279013126147e-06,0.0015142812711587757,3.69237329361817e-05,0.002709455484351959,1.4657329480690816e-07,0.00035983471499540827,0.9023904682364816,1.5068495646190571e-05,5.977360991141309e-06,0.012440347507273831
22,0.013842772824499222,0.04048748661257049,3.788470858728319e-05,1.902084188143061e-06,0.0003020544346806206,1.0646843208267479e-05,4.494801363303535e-05,1.8223072705504617e-06,0.005602123632559863,0.0019945573255868722,0.002836247702256686,0.0010323814503064353,8.482979061853498e-06,0.014644458909215273,0.0002763813315752469,2.371037587465127e-06,0.00223136287194095,9.726117671912359e-05,0.0021134509573336557,1.6726399191866568e-07,0.0008714869950284288,0.9028491305562955,1.1938626309429615e-05,9.929696438092398e-06,0.010688749659155618
23,0.0129456912645689,0.0678154619085457,2.955567552963216e-05,1.3378319368091915e-06,0.000490134116486096,1.2444227044805587e-05,7.096186357856991e-05,2.04702839921547e-06,0.008901136892883023,0.0014610724229774216,0.002366866001325488,0.0010117009495581595,9.571659482842381e-06,0.01402863496560061,0.0003573919557630877,2.4369005252942813e-06,0.0015224121211059186,7.078519999303482e-05,0.0031056819906894366,1.6923332879875682e-07,0.0006541163144547999,0.8689098411458211,1.5225489921252537e-05,6.798372945424091e-06,0.01620852446753452
24,0.0136649411512383,0.09879835388366726,3.89949517218341e-05,2.8394644991706786e-06,0.0012126156282458486,1.5112732166577948e-05,8.409285832170091e-05,2.5814668199955663e-06,0.01163821347527445,0.0014890488518854977,0.0038303873113709674,0.0022827228982917115,2.1264379061864486e-05,0.029148939559622507,0.0003145838499559031,4.078512663595756e-06,0.002052836210249044,0.00013224933880311352,0.0032422777659144634,2.2705366854349276e-07,0.0008599834130052381,0.8113532727453818,2.33761941658193e-05,7.2606771274331e-06,0.01977974562687718
25,0.020224499879062368,0.05927624625118275,4.39234570737289e-05,2.6024705281687864e-06,0.0006249996599773452,7.987870479722724e-06,8.55626286867788e-05,4.668712940746389e-06,0.006469137709608791,0.0012828347733618685,0.004574958291841192,0.0015196649924557554,1.9072990180482844e-05,0.01178780975672687,0.0004170236922096962,3.3013657558381474e-06,0.0018034543010937109,9.958978853432514e-05,0.004519142769257589,1.6530776343797038e-07,0.0011244908945305132,0.8760218262026206,1.7717970258759238e-05,6.887900786217401e-06,0.010062430363082896
26,0.036440706884985526,0.08149251644225777,4.477500930394489e-05,2.7937295991064635e-06,0.0006818287043155372,1.6307625012981096e-05,8.38538981260589e-05,3.7226549793573977e-06,0.03288683029234863,0.0018997047172056713,0.003647742443331343,0.000689522658111781,1.1964833900406128e-05,0.014240139640395702,0.0005150271517022606,3.6646342613854336e-06,0.00280201980083018,9.488404125754092e-05,0.0031788103949853975,2.578076311960669e-07,0.0004700290522386491,0.7954046915709754,3.670085378159685e-05,2.957807158035817e-05,0.02532192708688229
27,0.005975719416618145,0.03744244176032859,1.4327268268671695e-05,6.498547176686254e-07,0.0002744506474722024,7.2605153005372605e-06,5.4669556507006555e-05,1.2506459882847438e-06,0.010129268028454892,0.0012332667594288321,0.0012008648829566848,0.0003486614397423201,3.808606883749019e-06,0.008994758006761548,0.0003640923795983384,1.3210612147301662e-06,0.0008199412365757976,2.6871362221875386e-05,0.0017237442018514903,1.2627432512746395e-07,0.0002913342546696075,0.9162584719317425,1.0636231860353889e-05,5.971993968602103e-06,0.01481609168254247
28,0.0129456912645689,0.0678154619085457,2.955567552963216e-05,1.3378319368091915e-06,0.000490134116486096,1.2444227044805587e-05,7.096186357856991e-05,2.04702839921547e-06,0.008901136892883023,0.0014610724229774216,0.002366866001325488,0.0010117009495581595,9.571659482842381e-06,0.01402863496560061,0.0003573919557630877,2.4369005252942813e-06,0.0015224121211059186,7.078519999303482e-05,0.0031056819906894366,1.6923332879875682e-07,0.0006541163144547999,0.8689098411458211,1.5225489921252537e-05,6.798372945424091e-06,0.01620852446753452
29,0.0129456912645689,0.0678154619085457,2.955567552963216e-05,1.3378319368091915e-06,0.000490134116486096,1.2444227044805587e-05,7.096186357856991e-05,2.04702839921547e-06,0.008901136892883023,0.0014610724229774216,0.002366866001325488,0.0010117009495581595,9.571659482842381e-06,0.01402863496560061,0.0003573919557630877,2.4369005252942813e-06,0.0015224121211059186,7.078519999303482e-05,0.0031056819906894366,1.6923332879875682e-07,0.0006541163144547999,0.8689098411458211,1.5225489921252537e-05,6.798372945424091e-06,0.01620852446753452
30,0.0129456912645689,0.0678154619085457,2.955567552963216e-05,1.3378319368091915e-06,0.000490134116486096,1.2444227044805587e-05,7.096186357856991e-05,2.04702839921547e-06,0.008901136892883023,0.0014610724229774216,0.002366866001325488,0.0010117009495581595,9.571659482842381e-06,0.01402863496560061,0.0003573919557630877,2.4369005252942813e-06,0.0015224121211059186,7.078519999303482e-05,0.0031056819906894366,1.6923332879875682e-07,0.0006541163144547999,0.8689098411458211,1.5225489921252537e-05,6.798372945424091e-06,0.01620852446753452
31,0.030668721553612287,0.0735566271308911,5.018332551791831e-05,1.2739022058903939e-06,0.000495488862783502,7.962017276814002e-06,6.869726757115643e-05,4.603981120591808e-06,0.0066370895731674324,0.0012316037636537834,0.0017625651228520172,0.0015964185122567447,1.608523930464524e-05,0.009512402019187228,0.00019236610737620363,2.2760557442978097e-06,0.001771142123087074,0.0001450537644722818,0.0058979601105429895,2.2340108241167237e-07,0.0007102455315250456,0.8491089321805141,1.3065795666385732e-05,4.710208139746769e-06,0.016544302450448443
32,0.011868073134324144,0.06488299985834807,2.8089512631459002e-05,1.0688579975499097e-06,0.0004579291520971798,1.1782585538117433e-05,6.663348671513845e-05,2.0971657550952887e-06,0.00766170498546275,0.0012866015002146467,0.002094594578912489,0.0009598869113506827,9.069096047365213e-06,0.012027048128671513,0.0003523663375331625,2.224473628380767e-06,0.0012992884065232656,5.895998479350348e-05,0.003686042428726889,1.674455418476474e-07,0.000623555929769662,0.8780959239806061,1.413264665165726e-05,5.490129378196874e-06,0.014504269282781127
33,0.007600627426371378,0.045156588770420426,1.4484806316513402e-05,6.629637954948211e-07,0.0001099230097912629,6.1826776317601926e-06,4.3367041907259814e-05,2.1849631022807313e-06,0.0043498369787565985,0.0008197793353609089,0.0009446655483219084,0.0019213451621138808,2.237788921816745e-05,0.009216203600637272,4.918461777372819e-05,1.8745858690886036e-06,0.0034814711426257388,8.988453678213549e-05,0.0018757327437826199,8.769972959301782e-08,0.0001724696273850783,0.9190892593830351,3.5535790655341275e-06,1.5607492234744986e-06,0.005026691160982751
34,0.014675619003797788,0.07134972369218301,3.0012741993528363e-05,1.1428728991780632e-06,0.0005117923168384542,1.0352537998508761e-05,6.519178953228449e-05,2.057339982115173e-06,0.009199601358544383,0.0013632413627469235,0.0024159947750027303,0.0009110027032280971,9.582791249278106e-06,0.012449352908159253,0.0003444426439089029,2.0936580420367405e-06,0.001305772037057112,6.279606021928233e-05,0.003647213969511905,1.5641867270327427e-07,0.0005925625547704247,0.8651440149826014,1.4297240821190364e-05,6.764259217828118e-06,0.015885217981021754
35,0.018187810426166826,0.0696673211799237,2.8542052759923087e-05,1.2502822049628073e-06,0.00042356664987571114,1.004022049100999e-05,7.055019334305173e-05,2.5326974126179836e-06,0.009909214355282676,0.0015827586984605577,0.0020036410578866963,0.0011213357066319775,1.0460925183031106e-05,0.011557141077713183,0.0002564279967815943,2.510654719178383e-06,0.001759805575684679,9.128834166142506e-05,0.003353130436457039,1.6498566665191332e-07,0.0005820276677533066,0.8629565545525344,1.271590213777031e-05,6.249658384401844e-06,0.016402958704883643
36,0.03454992833867662,0.14136897657081568,0.00010119672961668109,3.417988193181692e-06,0.00224259719974597,2.1124806399928765e-05,9.739638396207584e-05,1.5341116322080496e-06,0.00997311820645051,0.0028523697568915807,0.010558508426539923,0.0010260894060125129,9.782209658993792e-06,0.030366145353132673,0.001250897294834602,2.531181605598931e-06,0.000829562756024747,0.00011902798505104297,0.005603653090778657,2.757283355801657e-07,0.0030738381801000796,0.7171716059959938,3.714377825470321e-05,3.2943249868472084e-05,0.0387063352714241
37,0.037299634277141766,0.061151408783328746,6.528800353095472e-05,2.7746059731813765e-06,0.0005475800329908759,9.773460285020682e-06,6.243234451587861e-05,2.1821597875213564e-06,0.008734213049178393,0.0022482979425546027,0.004627571230334857,0.0012116240322881942,1.1469140024704483e-05,0.019559637869899057,0.00035019185621583914,2.4854765892859662e-06,0.002197230550707907,0.00020144236643995724,0.002850616059081858,2.1812801023732684e-07,0.0008778847069162298,0.8369723189801247,1.7027261168581893e-05,2.525532162633266e-05,0.02097144236128537
38,0.01347799685232364,0.08568254974659105,3.833210427426727e-05,1.4071839269861426e-06,0.0004564291397843474,3.804195906230656e-05,0.00012631588584545425,3.866236417607802e-06,0.005696106634043537,0.0014221137505715548,0.003010794002696692,0.001569541311404332,1.6854879464388093e-05,0.010359006833914048,0.0006975936618315618,6.567708814795634e-06,0.001960366161834604,5.9413835939160167e-05,0.008316470538475926,2.363675098546361e-07,0.00121969577814244,0.8553940132346189,2.2461855541126737e-05,4.937045403852877e-06,0.010418887291567659
39,0.009485407144683565,0.048326567446806565,2.1792991505977108e-05,1.1717256975985985e-06,0.00035750588312512483,1.3788222957148704e-05,9.16407970841759e-05,3.0533994711553477e-06,0.005458636593951047,0.001118982756492423,0.0014287209548872835,0.0011680586169308656,8.334233678213664e-06,0.009596377990685107,0.00038556573868235426,3.1334050675485616e-06,0.0015300636822789839,6.616187701909909e-05,0.003761792483304951,2.0320679650548777e-07,0.0009308956674280585,0.8988317603333853,2.0511003380259208e-05,3.4729801600704626e-06,0.017386400864540585
40,0.004918723297299231,0.08651690227695101,3.770101542875481e-05,4.178675184674954e-07,0.0006035360907492714,1.1538326846813458e-05,3.895253851720366e-05,7.701636682227979e-07,0.0028062128327471536,0.0006130426493176626,0.0014680647158603908,0.0010706889737294866,5.868628352190991e-06,0.013029875990466464,0.000343278490483155,7.475512996512904e-07,0.0005167823319827023,3.1223933896990166e-05,0.0036005724777695646,1.1817053833917993e-07,0.0005318891128506792,0.8732128726681956,5.709549629898332e-06,2.257249053401288e-06,0.010632253096847679
41,0.01748211907087149,0.2200316888188062,5.171191871404417e-05,2.969576823159958e-06,0.0016087182623210536,3.10664183424391e-05,0.00010468291891853546,3.3066043740815246e-06,0.04831316689559429,0.002443930646780378,0.003180408488379082,0.0009445147988758155,1.8972932285581373e-05,0.017931043725069675,0.0005240981980210406,5.495659341619507e-06,0.0023275141105621763,5.172622562982624e-05,0.0033169825614348925,1.6631321724093657e-07,0.00045100787384365104,0.6642348846066223,1.696618025095282e-05,1.23583537684352e-05,0.01691049884115202
42,0.047700361379719704,0.1751202825097825,5.047187830848073e-05,6.328638923467994e-06,0.0018310732799645807,3.522865946069197e-05,0.00018130936123303984,1.357414350733853e-06,0.03246168316237257,0.003344486933449918,0.009370686705599034,0.0020353581595634832,1.8096767221177832e-05,0.07404407988816072,0.0006092427805993657,6.353167360432902e-06,0.0037769019613326385,0.0005384676512526177,0.0017056183240885178,3.230019085649826e-07,0.0009610737099905491,0.5427792970220956,6.201028349152845e-05,4.5343133349809415e-05,0.10331456422642026
43,0.006202460218876237,0.019363608449848073,1.634717180475222e-05,7.918066318786397e-07,0.0001946792385958652,9.31438086462361e-06,4.296244854237357e-05,1.602759212148566e-06,0.010941651742530725,0.0036876375485721,0.0007833671181657611,0.00017953184907816146,2.6606245013162425e-06,0.007213693615363008,0.0002627804316424243,2.0713565620445285e-06,0.0007536811478130401,2.4921805594173988e-05,0.0018762589533848559,2.4257600547108844e-07,0.000377469011753297,0.9384731231077091,8.642169161389956e-06,8.360649464386814e-06,0.009572139818322792
44,0.0129456912645689,0.0678154619085457,2.955567552963216e-05,1.3378319368091915e-06,0.000490134116486096,1.2444227044805587e-05,7.096186357856991e-05,2.04702839921547e-06,0.008901136892883023,0.0014610724229774216,0.002366866001325488,0.0010117009495581595,9.571659482842381e-06,0.01402863496560061,0.0003573919557630877,2.4369005252942813e-06,0.0015224121211059186,7.078519999303482e-05,0.0031056819906894366,1.6923332879875682e-07,0.0006541163144547999,0.8689098411458211,1.5225489921252537e-05,6.798372945424091e-06,0.01620852446753452
45,0.009449402802822167,0.05135012790114653,3.7422661889938686e-05,1.720773254884206e-06,0.00041982511641912084,2.1546335307592574e-05,0.00012411626375361743,4.539109598832093e-06,0.00947970819643689,0.0014383099698229407,0.0022714876326604726,0.0005619488388847172,9.89332942341293e-06,0.007705729472983587,0.000997325048983034,4.494288427214398e-06,0.0013841310319090544,2.9915848355149074e-05,0.004664848598679017,1.8991913825213142e-07,0.0006365511800131155,0.9009696721605889,1.6483299091612054e-05,7.537764943492734e-06,0.008413072455466544
46,0.01915019766442618,0.04031400722047155,3.84016488556463e-05,3.8308114965482285e-06,0.00011159025475808153,2.5514786028266272e-05,5.113211470640571e-05,5.630399741739843e-06,0.006728057635712318,0.0014609496366779315,0.0027585144842902543,0.0020572513162525536,2.297003933387203e-05,0.009677377945699398,0.0002142341324406219,6.157937639082255e-06,0.012978140300039777,0.00013200067900518786,0.002093286248465357,1.6620750424173974e-07,0.0007023378874676147,0.896163429205991,1.7781135964449716e-05,1.0724459606852738e-05,0.005276315847425158
47,0.013631084202671529,0.07384406364432718,4.239687913720664e-05,2.6158264934260795e-06,0.0008083551508840678,1.884919513400922e-05,8.763170475466214e-05,2.2856184925226133e-06,0.011850098957265968,0.0017945302905543335,0.004008155292478535,0.0010198845386428896,1.188489255430896e-05,0.02227303091776823,0.0005840368617707406,3.5207429309281403e-06,0.00178507708362234,8.15447224319492e-05,0.0030109335464069947,2.1956306471108862e-07,0.0008929858796554734,0.8452287904132959,2.633874419420364e-05,1.2047853179110207e-05,0.018979637478288607
48,0.019219144603547136,0.13792059035453125,3.874496257453712e-05,1.0464939983906883e-06,0.00018980064143911204,3.826648979427595e-05,0.00010399995523405814,9.397402187507106e-06,0.007886953792528979,0.0007849422244205451,0.0016802761907952902,0.0018211090552141989,3.537859713859417e-05,0.004071271187229049,0.00031786183381337616,4.927814459718626e-06,0.005246736356933509,3.7684159797123274e-05,0.011605703906875802,1.218455475816058e-07,0.0005084110634832154,0.8041857980252316,1.0782476112391294e-05,2.2802034651499655e-06,0.0042787703636475915
49,0.005185315274985147,0.04829637568796948,2.670100532506648e-05,6.79845568903838e-07,0.00025002366751050064,1.2156822784469322e-05,4.1723544577745305e-05,1.1286835315995367e-06,0.003386366498344131,0.0009183183922837421,0.0012450328462146403,0.0011560708156096251,7.08278114284007e-06,0.011542654946899579,0.0002071265164260665,1.2173480997255365e-06,0.0012311162598945553,5.0608539402620776e-05,0.0021843566423310735,1.4606897528466016e-07,0.0005288423123759459,0.9147998725032851,6.6717442760562185e-06,2.967724982067016e-06,0.008917443527204149
50,0.007142102336474565,0.022133037903088074,6.247771783349527e-06,1.9654495876298793e-07,0.00015099344872044688,1.7256774075128407e-06,7.74993541451517e-05,1.1440359718424392e-06,0.00678780068890131,0.0017766163091694365,0.00035429593508455907,0.00016993710245605243,1.7175637619711193e-06,0.004341787511732389,0.0001635267194410821,7.220893399807768e-07,0.00026241178626996325,3.068823815694341e-05,0.002062847588959746,1.0405754547940522e-07,0.00018478373024837893,0.9292211843130899,3.7534504647561514e-06,2.222034944296573e-06,0.025122653807883904
51,0.01365071421259442,0.08368745158372541,3.571472334902566e-05,1.756321108001075e-06,0.0005522949427834921,1.1570019403686285e-05,6.52475474243087e-05,2.16758959179704e-06,0.011247058700721959,0.0015640365672940112,0.0027783631017092745,0.0010260096063070575,1.1755223843042045e-05,0.014550585631566408,0.00033139937100335734,2.274917918480026e-06,0.001771709660670983,6.556178781925562e-05,0.0025409959218870098,1.3080702917384905e-07,0.0006040924636146062,0.8529831062587921,1.1507007117040268e-05,8.064754397629382e-06,0.012496431278328547
52,0.030074045829820432,0.03318336867899891,6.36174481203054e-05,5.375707065099285e-06,0.0005011133133862009,1.9128738728187326e-05,7.74879087151759e-05,2.899812213027217e-06,0.015613660744447831,0.005362342480528976,0.0053192988787996295,0.0008239321737812191,1.4569525268695722e-05,0.025245400024397565,0.0003784580831887918,7.272456886854609e-06,0.003282107933228358,0.00023444276739334252,0.0021555433627866586,4.4906588430619313e-07,0.0006731837234326816,0.8615559325346719,2.2752793143996757e-05,4.528449958938939e-05,0.015338331515522573
53,0.007176459667073116,0.04146425924135662,1.2346807572459815e-05,1.6535516914979102e-06,0.0004589107410075285,1.292602334509368e-05,0.00027829924453128175,2.981463461558829e-06,0.017646222352956268,0.001432397200688139,0.0018497101572793127,0.0005078308559073448,7.31397497185738e-06,0.01383953012593833,0.0008845113671527742,4.264452952050549e-06,0.0011889161510449376,5.781444201813927e-05,0.0020391430374942414,2.3370442840031553e-07,0.00045288010245602144,0.8758271587113876,3.509291310728655e-05,7.2481379854798765e-06,0.03481189557219281
54,0.010356209260019657,0.14314996185489307,8.66246668766745e-06,3.4978400617838665e-07,0.000343515110285928,9.454959589616498e-06,8.01429472809662e-05,1.0714125997383623e-06,0.012244807231423366,0.0012640839510053377,0.0007765660587181568,0.001426082311386667,6.03114459545696e-06,0.011037253832818937,0.00015958003303050884,1.8224003632691124e-06,0.0012064394752064587,6.835601909379872e-05,0.0024506207765669493,8.945106314332904e-08,0.00033148711852788146,0.7830707173452559,7.271599908110825e-06,1.9540427850105573e-06,0.0319974694128883
55,0.018871784390029515,0.13416128739923544,2.4845846418735814e-05,1.1707317608551042e-06,0.0007419948582757318,1.0371935003569663e-05,9.198134758421961e-05,1.7433652525644092e-06,0.011976241638191882,0.0013054194858953202,0.002429631699049424,0.002486289722995646,1.308616576568952e-05,0.017104479419850504,0.00024165213053969494,2.5395386611672017e-06,0.0017741615164897902,0.00014750901005509428,0.003166053976983105,1.490543894143526e-07,0.0006613102937977812,0.775346849307238,1.306791015208434e-05,5.102728354494624e-06,0.029421276528030362
56,0.012739581567106677,0.07483520364857073,3.075411019758191e-05,1.3502595286760576e-06,0.0005146467258996802,1.2130316979918226e-05,7.375652109500562e-05,2.1296384936593488e-06,0.00904015231560474,0.0013702950461090527,0.0024836822510279624,0.0011393224493918526,1.1739570473705598e-05,0.01430083039097544,0.0003325200914345106,2.40383138294424e-06,0.001584975839870056,7.381981182642762e-05,0.0031800580075726664,1.6576629879107406e-07,0.0006071249730317373,0.8619656644044208,1.4160300948537217e-05,6.3482494984210154e-06,0.01567718391226039
57,0.0055789866338505556,0.0473537925875947,2.012743663208766e-05,3.064591630555314e-07,0.0002781178799820531,5.5578584291563805e-06,3.152508060829309e-05,1.6655118048793225e-06,0.0020888959454171893,0.0005192933465516357,0.0009069341852475863,0.0013617413784799133,6.742984000598235e-06,0.005167652436962917,0.0001627051205191604,1.0204071052760297e-06,0.0006366346933888638,2.8557262059651012e-05,0.005867283578008179,1.0447638390405316e-07,0.0005761701121658687,0.9236795870011035,4.916841724871155e-06,1.0480975095426012e-06,0.005720632685306365
58,0.013281816787351795,0.059441761703490026,3.256957134578648e-05,1.4063483347011857e-06,0.0004436330023126009,1.1678426152515336e-05,6.76022779060692e-05,1.9951091664520147e-06,0.00940855763333578,0.0015527614933900584,0.002542655207999244,0.0007908252523978754,8.764575764900463e-06,0.012973737803194873,0.0004104496089843521,2.2931355745267226e-06,0.0014425035503688485,6.311177835728551e-05,0.0028229130226645,1.6917700261631352e-07,0.0005866068380052987,0.8790589754672301,1.4459186018553471e-05,9.739269791683202e-06,0.015029013773859495
59,0.012881561145984094,0.05412742367297576,3.404225548002863e-05,1.4932469454189176e-06,0.0004395667284702639,1.1493746145122728e-05,6.232998525846947e-05,1.8334656035947168e-06,0.009326373466863868,0.0016659798535019132,0.0026088902178393204,0.0007223739484927292,7.490460736302066e-06,0.013670199584007437,0.00043694087307803584,2.1922419389965464e-06,0.0014213758818965086,6.326046286235958e-05,0.0025545876897807114,1.7454939896581351e-07,0.000610164515990553,0.8839530140390547,1.4778842929752755e-05,1.1504017288562541e-05,0.015370955107476715
60,0.0129456912645689,0.0678154619085457,2.955567552963216e-05,1.3378319368091915e-06,0.000490134116486096,1.2444227044805587e-05,7.096186357856991e-05,2.04702839921547e-06,0.008901136892883023,0.0014610724229774216,0.002366866001325488,0.0010117009495581595,9.571659482842381e-06,0.01402863496560061,0.0003573919557630877,2.4369005252942813e-06,0.0015224121211059186,7.078519999303482e-05,0.0031056819906894366,1.6923332879875682e-07,0.0006541163144547999,0.8689098411458211,1.5225489921252537e-05,6.798372945424091e-06,0.01620852446753452
61,0.014171638504761072,0.05614637970974376,3.940025401709949e-05,1.6108788746894276e-06,0.0004498607438123296,1.2528250040541565e-05,6.148811850977397e-05,2.1114081274458046e-06,0.008607432152881563,0.0016455324442152456,0.002647045185435683,0.0008011771821109959,8.519244315972654e-06,0.013521699152648016,0.0004202594608601353,2.297086549449912e-06,0.0015431149295039648,6.866904818483484e-05,0.002848382021046149,1.836598778876901e-07,0.0006696096903767186,0.8822087060667909,1.4809423048216079e-05,1.0709127917950152e-05,0.01409683625634982
62,0.0129456912645689,0.0678154619085457,2.955567552963216e-05,1.3378319368091915e-06,0.000490134116486096,1.2444227044805587e-05,7.096186357856991e-05,2.04702839921547e-06,0.008901136892883023,0.0014610724229774216,0.002366866001325488,0.0010117009495581595,9.571659482842381e-06,0.01402863496560061,0.0003573919557630877,2.4369005252942813e-06,0.0015224121211059186,7.078519999303482e-05,0.0031056819906894366,1.6923332879875682e-07,0.0006541163144547999,0.8689098411458211,1.5225489921252537e-05,6.798372945424091e-06,0.01620852446753452
63,0.013051840702272492,0.07440875477244079,2.902619397096424e-05,1.2381025375847046e-06,0.0004919699405840457,1.2080612339763672e-05,7.061473798348576e-05,1.9891346013492327e-06,0.009068448647556257,0.001411793022073097,0.0023098780465022777,0.0010219010188722106,9.606540364741838e-06,0.01350194984782911,0.00034924868264120054,2.2836844120569207e-06,0.001482441504734472,6.773535164103792e-05,0.003119741649358099,1.5623993037649758e-07,0.0006270964996684746,0.8627867565622716,1.3994378925513122e-05,6.415103598427347e-06,0.01615303902289092
64,0.012764973159769221,0.0690701631993864,3.413843249938542e-05,1.3786551503657662e-06,0.0005506337350057694,1.1882223010556166e-05,7.045800879883993e-05,2.1774619941889276e-06,0.007129648151797545,0.0014515922587838514,0.002472434026270674,0.001016957334668966,8.567069200417507e-06,0.012441921193940438,0.00042066714360217394,2.187801432536943e-06,0.0012327767521372922,6.344616228387285e-05,0.003562830932732627,1.718549963922619e-07,0.0009827352018124114,0.871498399564629,1.528963521337793e-05,6.508637501217183e-06,0.015188061403382344
65,0.006832465181440313,0.05591458855222847,4.837952449576149e-05,1.4902675499534756e-06,0.00041947498097909573,2.0243087921149313e-05,6.812942335259038e-05,2.1181748457962783e-06,0.004944416368582308,0.0010720848283841933,0.0027729728895632814,0.0005737639762674421,7.501570858407246e-06,0.010908554882808565,0.0009375345155619884,1.917685109129795e-06,0.0011496340241359839,2.6095329836774718e-05,0.003279267998251243,1.4975100703117706e-07,0.000899148551985122,0.901594157426128,1.5389776983387427e-05,7.611184199586336e-06,0.008502910047524409
66,0.012326735168412093,0.06607094265877603,3.269799214235158e-05,1.6281621824982252e-06,0.000564601357244909,1.2177847164114484e-05,6.584758932618779e-05,1.8525655666877589e-06,0.008429924696737253,0.0017070180013043477,0.002723853362412381,0.0011323080306215024,1.0257246462569998e-05,0.016826773297678635,0.0003309204102621222,2.653699704648007e-06,0.001575915823444841,8.110438280455138e-05,0.0027668459099649775,1.7037691740159032e-07,0.0007509586139962395,0.8690492202901682,1.4307539816280505e-05,7.394622622982208e-06,0.015513890354266356
67,0.002337692075757119,0.020269354437934352,1.4304261648732701e-05,8.023009806502229e-07,9.416988044655658e-05,4.7203497262920946e-05,4.2278781977601965e-05,3.2052754307541146e-07,0.0014846916891641563,0.000998327329432905,0.0018832715037763368,0.0009763615390046856,4.096764895977312e-06,0.04283531752666117,0.00037522275918133003,1.3977820638483213e-06,0.0021649046013053645,8.60562973366956e-05,0.0008598411523226226,4.1993577065197714e-07,0.0008963132601347243,0.8999011470445069,4.115305126325811e-05,8.306438306707352e-06,0.0246770455613219
68,0.0221834641015974,0.07810708441022744,4.4475795714783225e-05,2.657682345820636e-06,0.0004959713491318649,1.6578674337404075e-05,0.00011399141813881162,3.359806317398878e-06,0.008380276747276837,0.0016014250907525715,0.0035061968042698023,0.0030861454207838667,2.6598682785811978e-05,0.022906568738145765,0.00024422537030984126,4.116988883519842e-06,0.0034123802191040687,0.00029093327910436245,0.0035156116318862357,2.8874312141842053e-07,0.0010297407860986275,0.8284830868184684,2.2591141507776323e-05,7.404473208446463e-06,0.02251482582648182
69,0.009295277931045107,0.05180427304432743,2.8719196512126613e-05,8.792938422865039e-07,0.00029879474106917907,1.4413294137064537e-05,5.3012315242180294e-05,1.6485998354928005e-06,0.003978639115189159,0.0010839849469196391,0.002180597665212804,0.001153087643135001,9.648699886077566e-06,0.01236965064987257,0.0003005067331728564,1.8114310386341317e-06,0.0013791104580466748,5.907570775117406e-05,0.0038893848330891954,1.9746207652439842e-07,0.0007928235570554145,0.9005184619071187,1.408073194769634e-05,4.662365283890249e-06,0.010767257677193338
70,0.01067196504555688,0.051803157019048765,4.790875292188903e-05,1.2870692035592975e-05,0.0010028478471542429,8.446287847293778e-05,0.000154983636829062,4.681886847765638e-06,0.04646002274344867,0.005031631760429047,0.0032233947184815517,0.0017502217866418198,2.7759263495449306e-05,0.06370725508483739,0.00039740651408139653,2.451401366300322e-05,0.009030984144649175,0.00026715715441454893,0.0014142193386983493,9.588605720513496e-07,0.0006335293246698448,0.7794360924224603,6.999911380147983e-05,2.9293214034928197e-05,0.024712682782753754
71,0.012878280428470133,0.06759007076257133,2.961432309631493e-05,1.3354036425117602e-06,0.00048765249658096573,1.2467465383299593e-05,7.083657582751663e-05,2.0426513002191853e-06,0.008856182657898002,0.0014577786476361824,0.0023608135467919895,0.001007477928118869,9.54600669270565e-06,0.014005111769603019,0.0003577711215076499,2.4254618337633104e-06,0.0015203358393766568,7.043562351157138e-05,0.003100925286213801,1.6907463680462683e-07,0.0006534136025240382,0.8693594268699582,1.5179708436468791e-05,6.790312855425547e-06,0.016143916435532833
72,0.06013637987286227,0.23513641607478766,0.00010302965166499382,1.5166384394259766e-05,0.0023304014089149333,0.00010349676899912551,0.00034175825361690786,7.757228052273076e-06,0.05549895231788481,0.006497029213040828,0.011278979903844787,0.002577235050317457,4.9355750096480525e-05,0.030559260910935405,0.0010701839682290264,3.0175022893884195e-05,0.0064889485837663205,0.00030064307419309553,0.005471679407066778,5.255873701606272e-07,0.001874082189259516,0.553207090101488,5.3235522906623046e-05,5.186928539716721e-05,0.02681634846801733
