,0,1,2,3,4,5,6,7,8,9,10,11,12,13,14,15,16,17,18,19,20,21,22,23,24
0,0.002095330149258784,0.03138369006720194,3.5573263886227695e-05,0.007974619652738785,0.0035354342235893125,8.043013150092117e-05,0.0002938643771079031,0.0002577798998787324,0.8400210720885971,0.001194781236782601,0.009723766722061438,0.0007180595181049746,0.0007101127810023068,0.024184324047953187,0.0115554277777663,0.00023754114116072682,0.0001560714906984282,0.00030174114858767874,0.03059146283019965,2.6031172856383562e-06,0.0001663257048902124,0.02364869064974277,9.981893824741528e-05,0.003222360248679168,0.007809118793077833
1,0.0069104693035104475,0.10308834373873674,1.5031703737090253e-05,0.008181532159170956,0.0055463368125879976,0.00010200329264488633,0.00019024328061533792,0.00042172625587298646,0.504111056650559,0.0004758575752132881,0.07966346909006683,0.00238291906433699,0.0005732697144935695,0.05368436796022497,0.03979514624930895,5.765704523451432e-05,0.0004992189062941952,0.00015610090193738483,0.016341684024976395,1.0845062584827793e-06,0.00010648917251122719,0.15998278332898172,8.96230721834606e-05,0.0010254559087660713,0.01659813028177666
2,0.00037398572628106726,0.007197372498969321,8.655553598237577e-06,0.0014474931692658503,0.0008070587160516841,4.2202045592284526e-05,6.839652002056142e-05,9.132727190148986e-05,0.9348534675545149,0.0008968010823110123,0.0027947261356914958,0.00012401339955228434,0.00017346177918810287,0.019196871146112213,0.005867239886775798,4.451625626805057e-05,1.220508850281894e-05,9.450051279411371e-05,0.009729911225013096,1.2898007134153554e-06,3.903495845612149e-05,0.011716789863876071,2.644737301078113e-05,0.0007547583975002907,0.0036374740380391048
3,0.0006112849565617232,0.009522540892982968,1.0761391694091777e-05,0.002090859510485653,0.0008567980986029829,6.027152969637789e-05,9.21705891199271e-05,0.00011104601658139108,0.9239572709505569,0.0010206378946670373,0.0035567627821716102,0.00015119978484694045,0.0002523180164060442,0.01619988197145153,0.006441761260840396,6.119508286445567e-05,1.968778973327282e-05,0.00013181229967520395,0.015101425068017073,1.2908861379557717e-06,5.1669354365498516e-05,0.015122970024759161,3.6256147698754905e-05,0.0009468012715767523,0.0035913264285064024
4,0.0005790053828237931,0.009674634040054019,1.0849472797146063e-05,0.0020183663461179817,0.0008540638765970743,5.104048330144434e-05,9.055652245238445e-05,0.00010987591980200858,0.9230845151341491,0.0010204317826595758,0.003436104836144764,0.0001457514730247017,0.00027965597740457364,0.01821611918572184,0.0055932725630301995,5.5476362633161186e-05,1.8108434572278018e-05,0.00014010313701753944,0.014836442766644356,1.4006904508382281e-06,5.620904002687529e-05,0.01537763373344958,3.3750679181534175e-05,0.0009673255526259863,0.0033493066073173716
5,0.0006104740655068434,0.008953328753439491,1.1992409935064058e-05,0.002644869860872869,0.0009411230930591641,5.839610289849175e-05,8.673696716040914e-05,0.00010431954232000962,0.9279863425621507,0.001176851680465321,0.003187341790950599,0.00012110825701147111,0.0002742834414000243,0.01739971670171481,0.0050820431762946296,5.595881777540443e-05,1.863342131346461e-05,0.00019077060707035974,0.015252554255143812,1.5414126399906476e-06,5.869800282120293e-05,0.011885092125105901,4.605154754450954e-05,0.0010976746964224062,0.002754096708982978
6,0.0006112849565617232,0.009522540892982968,1.0761391694091777e-05,0.002090859510485653,0.0008567980986029829,6.027152969637789e-05,9.21705891199271e-05,0.00011104601658139108,0.9239572709505569,0.0010206378946670373,0.0035567627821716102,0.00015119978484694045,0.0002523180164060442,0.01619988197145153,0.006441761260840396,6.119508286445567e-05,1.968778973327282e-05,0.00013181229967520395,0.015101425068017073,1.2908861379557717e-06,5.1669354365498516e-05,0.015122970024759161,3.6256147698754905e-05,0.0009468012715767523,0.0035913264285064024
7,0.0021146374471288586,0.013723651153489135,1.825302923045829e-05,0.003190445099605792,0.0009304807364729386,8.475233287129574e-05,0.00016383186194725253,0.00023440518451046792,0.8763781710197786,0.001196971710094044,0.008507518652031447,0.00020389377725441016,0.0008756392489960665,0.013903816220267099,0.008573292066492379,7.257153819701932e-05,2.691247558463442e-05,0.00026684232530905133,0.02926433679383898,1.826758972952076e-06,8.127768727495543e-05,0.036565935979026375,3.058509475284797e-05,0.0009115362750644405,0.002678415531808629
8,0.000588797326944094,0.00974517210641609,7.223328483223093e-06,0.0020000261767339693,0.0008533587473078368,7.106972894552264e-05,0.00014442886662837837,0.00016955524529870306,0.904199167213302,0.0008780077166837977,0.005062103211419665,0.00015942187113248733,0.00029031218979615436,0.014661279869763885,0.007793714683038817,5.791229666378018e-05,1.824737803166947e-05,0.0001586608706775986,0.026059867164067718,1.1504363392949875e-06,6.672241539673234e-05,0.023470585829886374,2.767578896676945e-05,0.000577041995808003,0.0029384975422676036
9,0.0005411727998172559,0.009549235732921529,1.1801085663452373e-05,0.0020498282683875865,0.0008033652945959984,5.457958993553247e-05,7.911513260670416e-05,9.987815280402508e-05,0.9275006811452938,0.0011497096041259822,0.002971319950955842,0.00013897205059839145,0.0002373895840340346,0.01748342550141128,0.005860684725882006,6.429918849578322e-05,1.909457831840949e-05,0.00012747771211219357,0.01348106878217257,1.394957762767048e-06,4.930690213411242e-05,0.01288930600720502,3.781022394125871e-05,0.0010607597178528896,0.0037383233109717614
10,0.0006112849565617232,0.009522540892982968,1.0761391694091777e-05,0.002090859510485653,0.0008567980986029829,6.027152969637789e-05,9.21705891199271e-05,0.00011104601658139108,0.9239572709505569,0.0010206378946670373,0.0035567627821716102,0.00015119978484694045,0.0002523180164060442,0.01619988197145153,0.006441761260840396,6.119508286445567e-05,1.968778973327282e-05,0.00013181229967520395,0.015101425068017073,1.2908861379557717e-06,5.1669354365498516e-05,0.015122970024759161,3.6256147698754905e-05,0.0009468012715767523,0.0035913264285064024
11,0.0006510136824984192,0.009496984117800963,1.0922136957656452e-05,0.0021440836984805717,0.0008794126298778283,5.687376890284374e-05,9.766313182754353e-05,0.00011097375362303813,0.9231109674560426,0.0009673775423392976,0.0036368466140714894,0.00015836668594513447,0.0002909181111307476,0.015863726970138405,0.006242600059452861,6.142461186145186e-05,1.9374893416183995e-05,0.00013711104323855977,0.015565998592575922,1.3759822041389912e-06,5.3591077690904446e-05,0.015913091896606873,3.510154150182742e-05,0.001031152878451881,0.003463047123362638
12,0.00039160431282702653,0.003876460727879672,1.6638340716230985e-05,0.000696470591064493,0.0032226739676897054,3.959623553377033e-05,4.755820090425435e-05,3.393442094567254e-05,0.9415804212376043,0.00053247854887877,0.003556781598858456,0.00011648663629080536,9.017395746783087e-05,0.029806745842445484,0.00209694499994974,1.8205266142813428e-05,2.040435152521008e-05,8.101446862281045e-05,0.002013390298790801,1.5976405172733698e-06,6.382919805529883e-05,0.004992485568994389,5.679324244177356e-05,0.0015869756049970165,0.005060334740856371
13,0.0009334636927488198,0.013451332845553686,1.0021894002994333e-05,0.0014828439625192448,0.0013562271870704108,3.647666656969454e-05,0.0001189128770294245,0.00026023297340842743,0.8590774499578596,0.0005548125843128945,0.01294560295922729,0.0004748338331299793,0.0003198897939331485,0.03555476583709791,0.011228223622526859,4.903336505014759e-05,2.5398436272698255e-05,0.00011232195973513035,0.013657753485859592,1.2807416066875756e-06,6.953110444910802e-05,0.04032481000114141,1.8336050996668506e-05,0.0006371723587481134,0.007299271809149925
14,0.0007149577192151455,0.01572364138553525,1.1756728480374355e-05,0.0028851681235871705,0.0013130419661184995,5.747100174035186e-05,0.00010103072944151943,0.0001202390161934557,0.9000426959603194,0.001224613456699767,0.005034856752013884,0.00015690864971401182,0.0003533391267268475,0.020034181794569148,0.00637431614965142,5.545349035892499e-05,2.6602457940097898e-05,0.00017697596148428664,0.022108378299930825,1.4236884219714552e-06,8.132701762223816e-05,0.018898508487935055,3.983271724664087e-05,0.0011101660392167595,0.003353113279836806
15,0.0006112849565617232,0.009522540892982968,1.0761391694091777e-05,0.002090859510485653,0.0008567980986029829,6.027152969637789e-05,9.21705891199271e-05,0.00011104601658139108,0.9239572709505569,0.0010206378946670373,0.0035567627821716102,0.00015119978484694045,0.0002523180164060442,0.01619988197145153,0.006441761260840396,6.119508286445567e-05,1.968778973327282e-05,0.00013181229967520395,0.015101425068017073,1.2908861379557717e-06,5.1669354365498516e-05,0.015122970024759161,3.6256147698754905e-05,0.0009468012715767523,0.0035913264285064024
16,0.0008191808844811608,0.013766787937295053,8.919399985492153e-06,0.0021554094934789175,0.0008619024939647692,5.555250255204941e-05,0.00011111031941908688,0.0001927258764663159,0.8834555162521978,0.0009093236530896319,0.006016908739657384,0.00030698273669278167,0.00029199538627836663,0.022728815191693584,0.010886135529666632,6.991482770766058e-05,2.4969750616644013e-05,0.00013122554925855244,0.019347726195753052,1.110429482275657e-06,5.229465964696608e-05,0.031959260656504514,2.5228442329364732e-05,0.0006535274974442253,0.005167475594337732
17,0.0006560861827625554,0.009369938426581502,1.1138769737854633e-05,0.0019155914628444669,0.0010057668653498458,5.3601159300575386e-05,9.755926359678513e-05,0.00010682781149567311,0.924921919438496,0.000856341374707058,0.003953174407480376,0.00016751945675681006,0.0002620662190862719,0.017903677192907617,0.005349267663450292,5.1919447474355044e-05,2.0677923796136452e-05,0.00013545646569230535,0.013109130097893246,1.2735522832461846e-06,5.867543455529851e-05,0.015340806617371002,3.6418191732381514e-05,0.0010148532381079299,0.0036003133365405085
18,0.0004085595887355515,0.009592006496933711,1.3628812824651095e-05,0.001048880547256769,0.0007591601028607023,4.298585994653474e-05,9.442585546598537e-05,8.454323530139124e-05,0.9153964162067486,0.0009560255084785688,0.0029667672981210404,0.0002335405077059999,0.0001753489898334349,0.026501133117074815,0.006597297060378692,9.401387542049457e-05,2.736291200387471e-05,9.089215293913847e-05,0.011750495694831982,1.4366918612280373e-06,6.724041943952463e-05,0.01245050200634477,4.12750677283134e-05,0.001380926895717964,0.009225135096046385
19,0.00030849008454598883,0.008174506958628348,6.170301323594764e-06,0.0023839097656824797,0.0007376214456156143,5.8342832928074824e-05,6.452948555871982e-05,7.03220442251528e-05,0.9427164782736116,0.0010244290700490428,0.0016648586140651722,0.00010959463025570304,0.00017143964177236567,0.011053357188368843,0.005666269482024976,4.5809324093519296e-05,1.118517237236971e-05,7.116607660095545e-05,0.010662609544140644,9.92398054774224e-07,2.1991926670451758e-05,0.011808467293884998,2.4340911100777604e-05,0.0007068233965203294,0.002436294137905763
20,0.0004774401767317606,0.010301585910455087,6.334090395111243e-06,0.0018281234054742337,0.000660947959072521,5.1303009618673384e-05,7.900289502663336e-05,0.00013386919080579887,0.9094619297042809,0.000992207616508638,0.00376146566642008,0.0001235063759395937,0.00027979734268014184,0.016973480683152787,0.00767204291015641,4.161732167285634e-05,1.2812569982224796e-05,0.00010102035417955796,0.01707044818117127,1.2015493400881002e-06,4.0017457081678964e-05,0.026581100545834232,1.9213053183637748e-05,0.000533716634103748,0.002795815396732157
21,0.0005808262650536566,0.009341679382016762,9.97478136481284e-06,0.0020681803624897585,0.0008399646304051223,6.253377552861324e-05,9.048508479960602e-05,0.0001084656981235486,0.9246711507255109,0.0010139611530418603,0.003487095089198333,0.00014285369497332956,0.00024091641477340863,0.015379771691546425,0.006652903751894413,5.8731509457536396e-05,1.8854230196050318e-05,0.00012431786871467578,0.015344559822568724,1.236238504239489e-06,4.914460971600239e-05,0.015294721307725788,3.5309204982048144e-05,0.0008916856081355106,0.00349067709927894
22,0.0015120085258013343,0.01730471258443005,2.7992611211171182e-05,0.003603387057561461,0.001311537991824679,0.00010452664634352268,0.00011906477197282492,0.00028273988058707695,0.8690793543553603,0.0023527921374473775,0.007651730697113137,0.0001902884518306329,0.00048311166825369895,0.02998234826611845,0.0070693782429152256,0.00010100379238862385,6.278957279628092e-05,0.000394997929168479,0.026011970622887435,2.4979135913879056e-06,0.00014896185021493337,0.026872371565788207,7.780284827000659e-05,0.0011897332617873126,0.0040628967543362175
23,0.0006112849565617232,0.009522540892982968,1.0761391694091777e-05,0.002090859510485653,0.0008567980986029829,6.027152969637789e-05,9.21705891199271e-05,0.00011104601658139108,0.9239572709505569,0.0010206378946670373,0.0035567627821716102,0.00015119978484694045,0.0002523180164060442,0.01619988197145153,0.006441761260840396,6.119508286445567e-05,1.968778973327282e-05,0.00013181229967520395,0.015101425068017073,1.2908861379557717e-06,5.1669354365498516e-05,0.015122970024759161,3.6256147698754905e-05,0.0009468012715767523,0.0035913264285064024
24,0.0004759043385895774,0.016286986170853075,9.06177429620618e-06,0.0038849282855373942,0.0009246553921639225,5.396262918956634e-05,9.345249365558722e-05,0.00012646419184251926,0.8996314100989928,0.0014802268036547778,0.003042154216410747,0.00013777007054464392,0.00028141899189871385,0.020079944899148886,0.007240373113073619,6.817103145187733e-05,2.396650017879374e-05,0.00016894988682522878,0.025459247067214405,1.333824091078989e-06,5.98336020217261e-05,0.016385268232234216,4.261665729697999e-05,0.0009475304010602457,0.0030943693277733046
25,0.0012774317690774125,0.010051522551585129,1.6078670722745452e-05,0.002558893246104808,0.002062304077653154,5.732060953994766e-05,0.00021636957275721617,0.00041405173280399345,0.8842953652025717,0.0006978707226761346,0.012965250154236512,0.0003717431116967735,0.0004392193854619142,0.03161064599718046,0.005296982722762536,5.988834197873283e-05,3.249741341292658e-05,0.00038790394587437697,0.017198546529952622,2.095094865355214e-06,0.00014235410701259705,0.025282879856024613,4.1777369630056275e-05,0.0008646626129767475,0.003656345201441328
26,0.0005417934291291688,0.0041099036804381145,1.5519798231344977e-05,0.0018028525132988637,0.0008243652215629484,4.313897522517721e-05,5.104240985163607e-05,3.7530402401575896e-05,0.9633482855429739,0.0008366888888981433,0.0014399605894210436,6.278996495739511e-05,0.00017876230072517242,0.011782640626683402,0.0017543056390542631,3.544235189936524e-05,1.1689900121947399e-05,0.00016820793429365007,0.005478740500865618,1.3456222817140644e-06,4.132125170552445e-05,0.00361390973244889,6.600980896861461e-05,0.0019285905146977699,0.0018251623998646622
27,0.00032552920620022114,0.0054832962618968145,4.080558524015924e-06,0.0013018973342467858,0.00047832687455254226,4.996134177815427e-05,5.832572276814977e-05,6.847499087610431e-05,0.9476898898508344,0.0006351814666604184,0.0019435162848423463,9.187739661722149e-05,0.0001561665147173989,0.0083116729919535,0.005634824198818444,3.24467085668644e-05,6.452002129573698e-06,5.6356884368849135e-05,0.010324485629291998,7.187227018938571e-07,1.8206327878099056e-05,0.014602001583260145,1.5282261718923552e-05,0.0005176908089631007,0.002193338075834019
28,0.0006112849565617232,0.009522540892982968,1.0761391694091777e-05,0.002090859510485653,0.0008567980986029829,6.027152969637789e-05,9.21705891199271e-05,0.00011104601658139108,0.9239572709505569,0.0010206378946670373,0.0035567627821716102,0.00015119978484694045,0.0002523180164060442,0.01619988197145153,0.006441761260840396,6.119508286445567e-05,1.968778973327282e-05,0.00013181229967520395,0.015101425068017073,1.2908861379557717e-06,5.1669354365498516e-05,0.015122970024759161,3.6256147698754905e-05,0.0009468012715767523,0.0035913264285064024
29,0.0006112849565617232,0.009522540892982968,1.0761391694091777e-05,0.002090859510485653,0.0008567980986029829,6.027152969637789e-05,9.21705891199271e-05,0.00011104601658139108,0.9239572709505569,0.0010206378946670373,0.0035567627821716102,0.00015119978484694045,0.0002523180164060442,0.01619988197145153,0.006441761260840396,6.119508286445567e-05,1.968778973327282e-05,0.00013181229967520395,0.015101425068017073,1.2908861379557717e-06,5.1669354365498516e-05,0.015122970024759161,3.6256147698754905e-05,0.0009468012715767523,0.0035913264285064024
30,0.0006112849565617232,0.009522540892982968,1.0761391694091777e-05,0.002090859510485653,0.0008567980986029829,6.027152969637789e-05,9.21705891199271e-05,0.00011104601658139108,0.9239572709505569,0.0010206378946670373,0.0035567627821716102,0.00015119978484694045,0.0002523180164060442,0.01619988197145153,0.006441761260840396,6.119508286445567e-05,1.968778973327282e-05,0.00013181229967520395,0.015101425068017073,1.2908861379557717e-06,5.1669354365498516e-05,0.015122970024759161,3.6256147698754905e-05,0.0009468012715767523,0.0035913264285064024
31,0.001290410909142578,0.01518817686856289,2.6055835998431987e-05,0.0028915662928654796,0.0008183762056144497,7.074054775632113e-05,0.00013029531411563858,0.0003007052405651744,0.8950348241675762,0.0017649827494815725,0.005000086557766134,0.00023683121579824357,0.0004228058758634657,0.024890346114294366,0.005746007572089376,0.0001326116134577617,4.0345017847502204e-05,0.0003078432750620457,0.01994401854955629,2.0055371200026784e-06,9.829102194068455e-05,0.020054395086845405,5.283571309535797e-05,0.0011663653932797494,0.004389077324304924
32,0.0005813272429281787,0.00948082829463098,9.991715264864803e-06,0.0022603555286859773,0.0008442438673352842,6.285091365838442e-05,9.960503465174293e-05,0.00011226509165011198,0.9200439156100106,0.001054513701781052,0.003511384591012003,0.00014130110796905954,0.0002661304160513889,0.0149863170378618,0.007051629932509612,6.491101903610681e-05,1.96508781675276e-05,0.00013829515697769333,0.01919391327782134,1.2974927019710567e-06,5.6166905475904465e-05,0.015615417844648668,3.7409232886055615e-05,0.0009534458200395375,0.003412832286244015
33,0.0032539775249154196,0.03861630933572314,2.0248014146744963e-05,0.007948907917806251,0.0018850655734636856,7.918792969983129e-05,0.0003756738084530703,0.0006523049835792461,0.7305763828672246,0.0010545956507346471,0.019280491236064633,0.001090952242110299,0.001425042791781827,0.02566761363189559,0.012097616476141474,0.00024875315207448375,0.0001428173401595443,0.0005215236413622388,0.06494122767718415,2.334604085630812e-06,0.00019276998744117765,0.0821100280595447,5.5075977790214224e-05,0.0018623097697239891,0.0058987898068934095
34,0.0006095598282383529,0.009541606519989629,1.076189606310577e-05,0.0020900915661512757,0.0008564220560202603,6.02775577410668e-05,9.212855705926754e-05,0.00011106842571756328,0.9239203785085344,0.001022455375699552,0.0035516669633717532,0.00015139691615114755,0.0002519816174808707,0.016231668132561838,0.006440630906804286,6.130001178261465e-05,1.97179522344247e-05,0.00013161271234394495,0.015086266342000844,1.2920000281105964e-06,5.16436841021314e-05,0.015123924966114468,3.6263448919761534e-05,0.0009468662623484445,0.003599017792540935
35,0.0013319995923646584,0.008145072204046705,9.891146365446217e-06,0.0021732363982010683,0.0004068319149042692,7.805103864991846e-05,0.00011841710319856179,0.00019359600851931094,0.9189151961932849,0.000960743809274008,0.0033231459323964374,0.00020034236623982338,0.00041642082698544207,0.008211011318443694,0.004271228635609912,0.00010372544012489569,1.7704582843598534e-05,0.0002409420388424097,0.022551322201145724,9.596638257973622e-07,4.098346421568045e-05,0.025291881094551258,2.5534282154373243e-05,0.0008569199584355558,0.0021148427853764735
36,0.0006370045687129487,0.007470307575145683,1.4983453203268622e-05,0.001887470002826822,0.002488010274443624,6.65454674300777e-05,9.961911833120686e-05,5.123598363588524e-05,0.9321238077800577,0.000673945609920601,0.005836058545823153,0.0001281785635522379,0.00023018770275784432,0.014270257201138876,0.006829514770611457,4.095370948643242e-05,2.232283032634082e-05,0.00011052723796583085,0.011929853619299425,1.6124193552487564e-06,8.926749082883222e-05,0.0077748088078362755,6.597710889216968e-05,0.002205641031623228,0.004951909126794654
37,0.0009357587441789836,0.007186590466358519,1.9452441730136023e-05,0.0015818412859235366,0.0011304467206886479,3.438746074765824e-05,9.546094364737808e-05,6.113014630154494e-05,0.9407051435889573,0.0006910467656460344,0.00315064945778474,0.00016791516455186563,0.0003618163210043879,0.01779177119038908,0.002806779483824319,4.9252404229481304e-05,1.9167667370994023e-05,0.00017199585278065933,0.008424141676611195,1.5498900861445299e-06,7.031688823639745e-05,0.009040437602523268,4.2214463524002004e-05,0.0020837433155926274,0.00337699005731125
38,0.0009123253418495363,0.006881076448450888,1.3080954047783124e-05,0.003143709319380779,0.0005355981128833956,0.00016226367769959217,0.0002035081495948926,0.0001532559427079371,0.8981691242988067,0.0015208562657077626,0.002999778837583587,0.00012634965778432407,0.0004244995400761225,0.007197073280842411,0.011153121604355507,0.0001795978112086776,2.620457536923655e-05,0.0002585991189310418,0.04527414889456355,1.8791301976426658e-06,7.112801410782972e-05,0.01658423548218043,6.328576781354011e-05,0.001100911075080264,0.00284438869877648
39,0.001283760905124564,0.010384945377251884,1.839183177555694e-05,0.0024357352325611228,0.0009119340116021317,0.0001424121217150697,0.0002682712174002909,0.00040577000207757266,0.8824488719605837,0.001153511106970851,0.007219057086097122,0.0004112836379747479,0.00045719129252809373,0.014449017610365331,0.008828608736346456,0.00020765107194938137,4.801980764732022e-05,0.00024736049832114034,0.029531837228516288,2.028534655402757e-06,0.00011046233991644251,0.03227298568418648,5.087293972026761e-05,0.0011331789537608226,0.0055768408109519
40,0.0009907185085163768,0.011369986237443884,1.4244738107095363e-05,0.0015305844040406737,0.0010158176748358164,6.723860028945171e-05,8.934071598594303e-05,0.0001277675855872062,0.910202156156656,0.0007973815772684508,0.005337341575740376,0.0002622944223121485,0.0002724109301448776,0.01952420715115062,0.007999810254633503,5.121127722855189e-05,2.4986890913444866e-05,8.116276617811403e-05,0.008394638299064687,1.2007746234546697e-06,4.373139218956814e-05,0.025662012185332702,2.566789989987043e-05,0.0007564271463845538,0.005357660835472674
41,0.00024288743205418622,0.002802422516829997,2.9750625465731664e-06,0.0024601327179867125,0.0010280449335843154,7.315507577798304e-05,4.166597894201224e-05,3.580647834549851e-05,0.9643733258180867,0.0004785815461926483,0.0015058612687533178,6.008497978014758e-05,6.473543608003734e-05,0.0038061917723119696,0.009367045543896758,2.0550267011539166e-05,4.4167906427717024e-06,3.508557883942077e-05,0.006478926579269355,4.932705898442671e-07,6.851741913200811e-06,0.005182838910774008,1.9541907268743655e-05,0.0004309527657876186,0.0014774256267347857
42,0.0004883615340076775,0.0063111188447504485,2.6756246398867034e-05,0.0017902147828565082,0.0015213432543125995,3.1824607210088565e-05,5.346858212271403e-05,4.7690861962531535e-05,0.9272306144396935,0.0010406658492387773,0.002668865897351919,0.00010975628983826122,0.00011402263765153299,0.041587695043241196,0.0029661713021797475,3.6466514926658556e-05,1.9473151895106337e-05,0.00022941099618508325,0.004313346917258226,1.8376288158615867e-06,7.431638930623739e-05,0.0023435736047782763,0.0001165660000530943,0.0019564716499589903,0.004919966974006059
43,0.00036797790196975037,0.00570042128789212,7.742033788372998e-06,0.0019069493806952332,0.0005434617894403665,0.00011943151565879881,6.54713323666963e-05,0.0001192575888265394,0.9338830871194168,0.001841930527446386,0.0021413160846692194,5.7214270410163226e-05,0.00018442140886574786,0.009744626620870972,0.00700278054654235,5.701246439773403e-05,1.0990021352254362e-05,0.00011944370903229657,0.01874511535530659,1.3623106365286664e-06,3.882094249543924e-05,0.014776136516414051,3.175664956111039e-05,0.0005241215215736474,0.002009151100370698
44,0.0006112849565617232,0.009522540892982968,1.0761391694091777e-05,0.002090859510485653,0.0008567980986029829,6.027152969637789e-05,9.21705891199271e-05,0.00011104601658139108,0.9239572709505569,0.0010206378946670373,0.0035567627821716102,0.00015119978484694045,0.0002523180164060442,0.01619988197145153,0.006441761260840396,6.119508286445567e-05,1.968778973327282e-05,0.00013181229967520395,0.015101425068017073,1.2908861379557717e-06,5.1669354365498516e-05,0.015122970024759161,3.6256147698754905e-05,0.0009468012715767523,0.0035913264285064024
45,0.0006765555893387124,0.011300844010543095,1.3317929391963674e-05,0.0020209061470676457,0.0008861221890855899,5.590120987688567e-05,8.618105189312637e-05,0.00011381312244477755,0.9180671421123239,0.0011491093803073869,0.0038338109656768284,0.0001610256011869549,0.0002671840368001132,0.020737459309771996,0.005658572505817665,6.128593924273617e-05,2.3647980331225844e-05,0.00014675796843666717,0.014117332198836801,1.3732782897960322e-06,6.26534850604089e-05,0.015426188278683691,4.0388425866190274e-05,0.0010600974459603044,0.004032329837765682
46,0.004430615810140988,0.0498479617895061,2.7242743586649968e-05,0.009208936920146042,0.002044584598857423,0.00017809383651308584,0.0003107853697593698,0.0004653296108808673,0.7147953242327272,0.0013981755328578232,0.016232856828478776,0.0012194734158411495,0.0010208757887307522,0.01806579613504783,0.023550595536819856,0.00032537106597324084,0.00030580947185238956,0.0002378270333150884,0.048750169143281265,1.9030318951459006e-06,0.00012120850415587065,0.09551670888133411,8.790211283052281e-05,0.0019932538294406277,0.0098631987760278
47,0.0011527810834768859,0.02044047023593428,1.0547288844306547e-05,0.0019840150853838007,0.000575627338674454,5.736768054069432e-05,0.00010690608086922665,0.0001584644553246014,0.8840470360495277,0.0009709356668772809,0.004218842868168526,0.0003595573343201885,0.0004603512756785514,0.013181384003760144,0.007943148857093511,0.00010692535454733665,2.899936232921077e-05,9.184962371222643e-05,0.01654190075558498,1.1000660180118217e-06,3.297893268488811e-05,0.041505114055175346,1.874180810799675e-05,0.0009944983370141882,0.005010456400351634
48,0.001044739065510477,0.0489204383080938,1.5666986732050253e-05,0.006978856684145769,0.0008869566394133758,0.00011587318547705062,0.00015382409711775413,0.0003270985470005832,0.7894318591916358,0.003072805181737027,0.00473810436320143,0.0002998845967344595,0.0004794780084486896,0.02417320833851676,0.013763370000755944,0.0002060203200287488,0.00011100774069982082,0.00022739186321626137,0.05235827808543141,1.686136182152444e-06,9.12399847578806e-05,0.04629257319428764,6.893075863122147e-05,0.0009772100085513324,0.005263498713692732
49,0.0007891045767717873,0.008527195788580378,1.4034544139042364e-05,0.001786186739587937,0.000839802623765671,7.534526844177119e-05,9.201433207369812e-05,0.0001304096494476715,0.9325165252327666,0.0009685465113685688,0.003823930583446611,0.0001883018010865072,0.00026245949835029846,0.015435613713811,0.004746486606319725,6.077108768716292e-05,2.0022749244992524e-05,0.00013442899185664675,0.00959344592795548,1.4039394517757779e-06,4.646380983803869e-05,0.015479787513455953,3.522821997401663e-05,0.0009427263061398225,0.003489763984438728
50,0.00034322931915711335,0.010005999312744367,8.249750962105221e-06,0.0016506551489876371,0.0005433678133739868,5.488365142267691e-05,8.820748886695933e-05,0.0001305619279851478,0.9165909250518564,0.0015121975513077781,0.0022741492613604208,0.00010872200000937418,0.00023415630761398717,0.017350629753553025,0.0066140691848201785,5.999477682925508e-05,1.3466870809892327e-05,9.680718031150155e-05,0.01969850119766117,1.183940452864694e-06,4.741481151695381e-05,0.018827094586959237,2.1788182843320476e-05,0.0005385110395069457,0.0031852338890878966
51,0.0006320736172296623,0.01753285981205223,1.0059338089362346e-05,0.0029253477210861127,0.0008228953255424084,5.142994410487427e-05,8.183699524389978e-05,0.0001580174967263306,0.8986468589265205,0.0013144381581749855,0.003855933648803439,0.00018299592380663506,0.0002960211782588475,0.021597338761843346,0.007488695436334917,6.141650279751164e-05,2.147622577134288e-05,0.0001342335111420985,0.017651298435983773,1.241305726772995e-06,4.694028782210366e-05,0.022159743565971505,2.826769469148906e-05,0.0007454834387043219,0.003553096747571593
52,0.0005889121097654053,0.008469813704131067,9.947893453566923e-06,0.0023967850773860835,0.0006627200577777372,6.723482748218546e-05,7.720724140084709e-05,0.0001185146344081175,0.9247480025319403,0.0013513926552505664,0.003000172345374476,0.00011348484504241743,0.00026310705757965963,0.014416496874977714,0.006886815715969991,6.689066282857243e-05,1.613129998391357e-05,0.00016152019102327604,0.017772961343444697,1.437010549004826e-06,4.294550841269488e-05,0.015130030995950946,3.479081248365873e-05,0.0008279353303758677,0.002774749273007039
53,0.0004237223835033155,0.004571990746615646,6.734942694706215e-06,0.0011665905926967644,0.000639666076029239,6.0255953301359474e-05,0.00015916464888006166,9.118209437131199e-05,0.9469574624898094,0.0004199801913422215,0.0029830917693028413,0.00019918786930588813,0.00016017894253480628,0.011460602980302628,0.00610050627691535,5.486838687405939e-05,1.2361106086411918e-05,9.095277041739328e-05,0.00980932976841831,9.935759557933508e-07,3.585194278221965e-05,0.009841502997724051,3.368688400590552e-05,0.0007138414757362652,0.004006293134394087
54,0.0002035823100760307,0.010409919028762791,6.961980605377164e-06,0.0008438842208163586,0.0004213617010846321,2.529553770614951e-05,5.012683894531431e-05,6.273829969350789e-05,0.9326785836002438,0.0008872339069208657,0.0014072588619326689,0.00020014851123028167,0.00010987634762344123,0.0208905895639829,0.006415253281447468,6.943965201042366e-05,1.066441231023175e-05,3.485320820771536e-05,0.006382369794399008,8.933504503952448e-07,1.7956768334524488e-05,0.010633669344800189,1.4716119476870591e-05,0.000726361666918903,0.0074962616920201935
55,0.000425921393055683,0.005137555784952077,6.541230332988664e-06,0.001453111731030467,0.0008141150775578171,4.167725850108957e-05,0.00010189366950364802,6.0350038375647464e-05,0.9523922709047862,0.00041074274270075557,0.0025505988118681455,0.00019125164814772213,0.00017744798634805037,0.010049424613499537,0.004163044766772242,4.4376584163172035e-05,1.0241640363648412e-05,8.567750982954542e-05,0.00898391458678328,8.337191718564658e-07,3.0124159096121295e-05,0.008555595558227045,2.6513008433673974e-05,0.0010838693632982503,0.003202906213201196
56,0.0006330968692251719,0.00967095881943239,1.0773727008381752e-05,0.0021001612243991587,0.0008509498779543406,5.929001448969102e-05,9.483584076031652e-05,0.00011307203735514113,0.9227614964692561,0.0010010668996934154,0.0036255137481069474,0.00015644493944789862,0.00027029991561563636,0.016179967988837453,0.006358575764171692,6.113611066253044e-05,1.965346312059996e-05,0.00013429778688780293,0.015399452893470876,1.3219078522957008e-06,5.25650603603689e-05,0.015895193967195968,3.55438536905247e-05,0.0009681600520581236,0.003546170768947151
57,0.0006274624505491458,0.015337121027474287,1.1164095343735143e-05,0.002336436238816621,0.0008310154917480696,5.211538384150463e-05,0.00014503410631412013,0.00015046827521070507,0.8840573354924379,0.0011602017085198435,0.004164797273863928,0.000217308060457728,0.00042414303201876956,0.016786979791837346,0.007662040445061296,0.000105406332394343,2.7295254248560667e-05,0.00015027703236308705,0.03586555117671934,1.3699997305468278e-06,9.018100196300289e-05,0.024089000599831947,3.0407586646970167e-05,0.0011676787728245733,0.0045092093697826855
58,0.0005115360287014638,0.007936601171716117,1.0037713022668175e-05,0.0018941503852508569,0.0008960450998500935,5.113652955426756e-05,8.592535320072468e-05,7.582373779506215e-05,0.9351429348115498,0.0008534167418036622,0.0029406430386981993,0.0001334757695573783,0.0002491215736147647,0.013914853527377877,0.005380647682091541,5.5089232635577774e-05,1.6011867082388748e-05,0.00011574607226304865,0.013447989211129968,1.3347573934446737e-06,4.950049897497622e-05,0.011566977144339059,3.651604822965842e-05,0.0012615767690317106,0.0033729092351356587
59,0.0005343447234860048,0.008405829639038449,1.2320238822534652e-05,0.0017989923424601496,0.0009182899148391523,5.164486112276671e-05,8.435820708456061e-05,8.197199137013353e-05,0.9337476210236639,0.0009848128384105535,0.0029619089556324227,0.00013293781561735953,0.00024910193062183377,0.01620049342829269,0.004887235018906538,5.917675257107119e-05,1.8084810861510994e-05,0.00012734264125242615,0.012524486599927631,1.4615418272880426e-06,5.703202694422253e-05,0.011226642333673216,3.9160846719089846e-05,0.0012956600948997414,0.003599089421954765
60,0.0006112849565617232,0.009522540892982968,1.0761391694091777e-05,0.002090859510485653,0.0008567980986029829,6.027152969637789e-05,9.21705891199271e-05,0.00011104601658139108,0.9239572709505569,0.0010206378946670373,0.0035567627821716102,0.00015119978484694045,0.0002523180164060442,0.01619988197145153,0.006441761260840396,6.119508286445567e-05,1.968778973327282e-05,0.00013181229967520395,0.015101425068017073,1.2908861379557717e-06,5.1669354365498516e-05,0.015122970024759161,3.6256147698754905e-05,0.0009468012715767523,0.0035913264285064024
61,0.0005270850154616011,0.007430161646193444,1.2139377013708096e-05,0.001661414681199289,0.0008771464185478152,4.919356329916204e-05,7.93709857592581e-05,7.631763311256083e-05,0.9391982932940405,0.0009265439947267689,0.0027773088996349954,0.00012102730108956553,0.00023695601208719388,0.015371106088372898,0.004298693392028481,5.223158474188473e-05,1.571058364413848e-05,0.00012402961183174532,0.011285683518475868,1.3652486779653592e-06,5.421859840417283e-05,0.010236757806977968,3.7300865315816226e-05,0.0012665261930557537,0.0032834176863072695
62,0.0006112849565617232,0.009522540892982968,1.0761391694091777e-05,0.002090859510485653,0.0008567980986029829,6.027152969637789e-05,9.21705891199271e-05,0.00011104601658139108,0.9239572709505569,0.0010206378946670373,0.0035567627821716102,0.00015119978484694045,0.0002523180164060442,0.01619988197145153,0.006441761260840396,6.119508286445567e-05,1.968778973327282e-05,0.00013181229967520395,0.015101425068017073,1.2908861379557717e-06,5.1669354365498516e-05,0.015122970024759161,3.6256147698754905e-05,0.0009468012715767523,0.0035913264285064024
63,0.0006060051069744041,0.012052575749637078,1.0587032178232413e-05,0.0022519757581140427,0.0008306069841221978,5.727659209879593e-05,8.775394810419258e-05,0.00011655284850823692,0.9162956758340064,0.0011303212760695165,0.0035226882719420843,0.00015912769419546918,0.00026581826697641913,0.01740796878953603,0.006796713192736838,6.414196646784568e-05,2.128369419752155e-05,0.00012621961464393897,0.01629182583662143,1.279312256903915e-06,5.1053417059534756e-05,0.017100631989530497,3.458956718491319e-05,0.0009500571403977147,0.003767270116439514
64,0.0007054022004387153,0.010663649088862859,1.4779453971996197e-05,0.002119668614007486,0.0010493731965051526,5.632523841228136e-05,0.00011606380483040058,0.00012277558687541436,0.9144630502574949,0.0010903460892147084,0.004206524119467859,0.0001595505563831874,0.00032631222270274626,0.020427503918654374,0.00568594680274284,6.688010066856246e-05,2.5319639410347938e-05,0.00017463149785764705,0.018045350378235184,1.5763784358304483e-06,9.078412831446508e-05,0.015288676573426146,4.4301906749684846e-05,0.0011817767323008999,0.0038734315140362503
65,0.0018083106465415445,0.007499580231663681,8.471228853830933e-06,0.010037374064590153,0.0020773402226962312,0.0004354145674674801,0.0005032224383825115,0.0002755515172625659,0.7768318224189573,0.0008025693128740372,0.012968331792468887,0.00027381080189560475,0.00039183736351960924,0.004899718271216913,0.03252335419460021,0.00018256534656480727,7.780736154876798e-05,0.00044273804122208144,0.11836038633532259,1.3196385825380366e-06,0.00012039186925790226,0.02493325137208788,0.0001661985190366802,0.0011017403913116002,0.0032768920520747013
66,0.0016431807816977425,0.008217945163458756,4.19080476366343e-05,0.001960506088784022,0.0010462239424056817,4.6855142863431146e-05,0.00015664002939553832,0.00033316976646136304,0.9107277864735275,0.0015338410589905234,0.006172918171154208,0.00019891642791852436,0.0009446515333582185,0.02590466353216343,0.0035750241901404004,9.281198846746111e-05,1.9178175536550903e-05,0.00040058409018335156,0.012843367872461611,3.8383170397845505e-06,0.00010774549704707535,0.02047837549457096,2.1214048620413858e-05,0.0009594501679980165,0.002569203998118621
67,0.0012560152735962757,0.01069435683862957,5.3066423009545906e-05,0.004219970390675853,0.0014862427515037499,9.827954477337504e-05,0.00013293710131589295,0.00016694350610538074,0.8948055787558263,0.0025360683202152847,0.005044328198571405,0.00013382460581671176,0.0004739674168854502,0.035662417704661095,0.005087684154925881,0.00012237981743095597,6.404093658869388e-05,0.0006187561900096309,0.02099430362378618,4.376829925677947e-06,0.00024490737914645283,0.008839740865425189,0.00020898687470081848,0.002651598371771037,0.004399228124703442
68,6.654081071217443e-05,0.0009596287720253466,8.987500751505042e-06,0.00035640610193740625,0.0004987803929469308,1.4805248200873633e-05,1.57415601092202e-05,6.7465325754854446e-06,0.9752616705338482,0.0003782208004526399,0.0003603961773228828,3.968668166192471e-05,2.9667842114635483e-05,0.016701288645929575,0.0007357157150357309,8.012493030865524e-06,1.778578296018877e-06,2.4415024038400454e-05,0.0004218630466928277,8.772135439264405e-07,7.776870628796079e-06,0.0005976456338345384,2.5580045163672992e-05,0.0010531719865888695,0.002424595792557954
69,0.000374475934243406,0.004152547376990039,3.708970108725567e-05,0.0010715432433597595,0.0005709426135184164,4.6951996887559634e-05,9.410714091581749e-05,0.00015985473415643467,0.9200633093977489,0.002027496463720205,0.002054630209464898,9.128985598504787e-05,0.00021714627073369912,0.0465687402235078,0.0019488062842142812,8.552888774948906e-05,1.5339724401198193e-05,0.00044111876037360127,0.009782615361657383,3.7185270393272783e-06,0.00019289052704820394,0.00464509313214104,8.324734447665922e-05,0.001392603520138264,0.003878912768441513
70,0.0006107852244967364,0.009511370898540721,1.0753853575273475e-05,0.0020905953183901938,0.0008573089837813049,6.0251369792310234e-05,9.213159976712002e-05,0.00011093290974980452,0.9240245062535196,0.0010194982749637672,0.0035550448565365147,0.00015108534141146425,0.00025203947463174956,0.01619257929609752,0.006438865784608641,6.109121916775201e-05,1.966358056615335e-05,0.00013169714493147403,0.015081543498150767,1.2900877366232334e-06,5.162070607277144e-05,0.015103991128569099,3.625196065779341e-05,0.0009463286960381388,0.003588772538246703
71,0.00015961549715118764,0.004827880502672112,7.721648167300844e-06,0.0008215168718232904,0.0007807077536852674,2.2124495513678422e-05,6.212295526088401e-05,5.579662648677491e-05,0.9515612473288021,0.0007329178271260044,0.0013710227902471242,6.8292399896762e-05,0.00011576883206018957,0.023322605723478905,0.0018787401488492784,2.921547617536004e-05,6.926137419114444e-06,0.00010312358069988885,0.005980738876473248,1.3117823205959837e-06,5.269153595921265e-05,0.004773087881377351,2.5753272803614875e-05,0.0007863491741350733,0.00245272088141566
72,0.0004158579228636105,0.009032587887562596,8.2390295095349e-06,0.0024335778643158746,0.00028727363773906826,0.0002113346084233084,0.0003223319475478584,0.00026882310441351935,0.8722876987589295,0.0020084193026749728,0.0016701924950782217,0.00014487843868015116,0.0004364882501023005,0.0049079254464904475,0.020335752789940657,0.00032540303860879323,1.9289163544380283e-05,0.00010339498426678188,0.05109901760653766,2.1691583825874833e-06,3.223278766489022e-05,0.03065974558929556,1.886022873599501e-05,0.0003534580770521401,0.0026150478816398684
