,0,1,2,3,4,5,6,7,8,9,10,11,12,13,14,15,16,17,18,19,20,21,22,23,24
0,0.001226233310591188,0.04707952169569286,2.8373637926976933e-05,0.008303257265315087,0.001745916407336535,0.00013375920122973346,0.00028752043567618755,0.0003701503841107014,0.7992173225814243,0.0021472159894818333,0.006360778040672329,0.0010187871625657334,0.0004958237453011442,0.02459617585214314,0.020545074448368523,0.0005798803515833239,0.00021653648659696143,0.00019661803877116333,0.0369989379599428,2.755603347261999e-06,9.736115724165166e-05,0.03230376772294694,9.9561476772794e-05,0.002349449081057395,0.013599221963903478
1,0.0035980108427084564,0.14184844313939446,1.0541990369541047e-05,0.007217758845993858,0.0024536609523079784,0.0001308352427275841,0.00014290279899391076,0.0005097767950061628,0.43681134511032144,0.0007167853922863141,0.047042490337477504,0.002884561619529323,0.0003547862883013444,0.053040377784997116,0.059445971161145826,0.00010058002389937256,0.0005470470463406762,7.994489332357781e-05,0.014984921373869775,9.73139942994979e-07,5.187663325824246e-05,0.20243575056237714,6.961106587021302e-05,0.000650408222907858,0.024870638736649225
2,0.00024220801029627758,0.011830398283389306,7.683769667061058e-06,0.001605276720735329,0.00041394635065244897,7.166959976103623e-05,7.022256718133629e-05,0.00014099981964922975,0.9120464704323947,0.0016967238779313672,0.0019565121112733543,0.0001939780905647167,0.00013261934860552555,0.021158690789370903,0.011136033305338067,0.00011723553339990408,1.8786990954812463e-05,6.446003087879509e-05,0.012233622910337928,1.4433031361877003e-06,2.438676344864293e-05,0.01739655632681432,2.7160674351833774e-05,0.0005790015966535567,0.00683391279321348
3,0.000390424879384659,0.015589506872331052,9.510074382857933e-06,0.002330920828078548,0.00043823283188911693,0.0001019687733993409,9.367629330873386e-05,0.0001699110536714627,0.8975422854661579,0.0019371676812112249,0.002458504422461279,0.00023341768485999308,0.0001921234748275538,0.017736236314623198,0.012128715473652293,0.0001600438512535399,3.000666516821359e-05,8.928216218228006e-05,0.01876711814617454,1.448385396572964e-06,3.1768661914399015e-05,0.0221455621132047,3.706257578378048e-05,0.0007235500795737643,0.006661555235109283
4,0.00037018135451243896,0.015846719380853504,9.593165469725024e-06,0.0022518890011825974,0.0004370836365938517,8.649908436862661e-05,9.210353429726692e-05,0.00016823999670543174,0.8972159742478566,0.0019379312176523516,0.002377146234970819,0.00022520751457860892,0.00021292410731631965,0.019940163185402093,0.01054788967433415,0.00014527793273170182,2.763263878736778e-05,9.491858136605136e-05,0.018451966567492716,1.5716571006683443e-06,3.456196329904243e-05,0.022530926381867447,3.453776370965726e-05,0.0007395442584099372,0.00621951691914108
5,0.000386874645320661,0.014629001027435577,1.058277188224397e-05,0.002962724464340581,0.0004842195438514093,9.879749999409276e-05,8.776770929737488e-05,0.00015859080006814543,0.9053803530919518,0.002236079891124002,0.0021934370814966956,0.00018578276269053676,0.00020824858880914192,0.01904411699160436,0.009525324916930174,0.00014498664199786275,2.8182722336400125e-05,0.00012826735124066407,0.0188133437900824,1.729275498697025e-06,3.589744564297001e-05,0.017278172618305256,4.7118793680901734e-05,0.0008425332054460494,0.005087866368972201
6,0.000390424879384659,0.015589506872331052,9.510074382857933e-06,0.002330920828078548,0.00043823283188911693,0.0001019687733993409,9.367629330873386e-05,0.0001699110536714627,0.8975422854661579,0.0019371676812112249,0.002458504422461279,0.00023341768485999308,0.0001921234748275538,0.017736236314623198,0.012128715473652293,0.0001600438512535399,3.000666516821359e-05,8.928216218228006e-05,0.01876711814617454,1.448385396572964e-06,3.1768661914399015e-05,0.0221455621132047,3.706257578378048e-05,0.0007235500795737643,0.006661555235109283
7,0.0013028408222372524,0.021736196816320934,1.5317161673741437e-05,0.0034050029542540983,0.00046293047516569576,0.00014199365636572217,0.00016447593340111877,0.00035067487829241594,0.8377381971436091,0.0022065971064681882,0.005759564912816687,0.00030764890014956675,0.0006380874512893767,0.014743560087416806,0.015968790683376536,0.00018746509161702624,3.980734366201288e-05,0.00017781000752502464,0.03641676780609986,1.984950395999964e-06,4.90808038222942e-05,0.05256535314448332,3.07793103574245e-05,0.0006763262522473609,0.004912746306952555
8,0.0003779387113594907,0.015980417276157094,6.365171450732947e-06,0.00220221425207694,0.0004293836374609986,0.00011963480327843974,0.00014601931368012685,0.00025939365118526545,0.8707300924758241,0.0016591277667642385,0.003495275607420182,0.0002476474425712656,0.00022039460368967746,0.015990237760937893,0.014786958476370498,0.00015264487338179257,2.7905434678384454e-05,0.00010684635601217184,0.03242349321860681,1.2812965965973133e-06,4.074985660243411e-05,0.03463948818858083,2.7996565972814667e-05,0.00043657702931210976,0.005491916230029012
9,0.0003423213856143697,0.015537255896345484,1.0399324581561576e-05,0.0022978417512364074,0.0004139691367922141,9.216007106613958e-05,8.008504556578609e-05,0.00015159317976021035,0.9031812168890134,0.0021782773606461043,0.0020413374365780435,0.00021244203810966773,0.0001801406826308077,0.019087483234768693,0.010925005591211283,0.000166049916331576,2.8830859950958703e-05,8.585192530127243e-05,0.016588262341849597,1.5649516352534795e-06,3.0161340428624338e-05,0.018649466791089798,3.871305772062219e-05,0.0008140550947625165,0.006865514697009708
10,0.000390424879384659,0.015589506872331052,9.510074382857933e-06,0.002330920828078548,0.00043823283188911693,0.0001019687733993409,9.367629330873386e-05,0.0001699110536714627,0.8975422854661579,0.0019371676812112249,0.002458504422461279,0.00023341768485999308,0.0001921234748275538,0.017736236314623198,0.012128715473652293,0.0001600438512535399,3.000666516821359e-05,8.928216218228006e-05,0.01876711814617454,1.448385396572964e-06,3.1768661914399015e-05,0.0221455621132047,3.706257578378048e-05,0.0007235500795737643,0.006661555235109283
11,0.0004158260156754133,0.015552424231164,9.652266235682123e-06,0.0023893106614255744,0.00044958657658244496,9.626991523908288e-05,9.924408581934768e-05,0.00016987027778008913,0.8966385042799736,0.0018368382586301099,0.0025143429814140357,0.000244523545235806,0.0002213463132287692,0.017372652656586645,0.011761926412941864,0.00016073086728434166,2.9545980573158108e-05,9.287294139018987e-05,0.019350062221132357,1.543203025785458e-06,3.2950678385223086e-05,0.02330865160298006,3.588745221012189e-05,0.0007874007140023894,0.006428035861083803
12,0.00024469647862423283,0.006586932945110112,1.4239576342874605e-05,0.0007700562570550841,0.001647558070093169,6.817071626686999e-05,4.42638349554829e-05,5.243100455735983e-05,0.928855438702122,0.0010471973107628828,0.0024690059440322758,0.00017218318171440396,6.619281161291676e-05,0.033351599609116184,0.004005288597603944,4.403920483984371e-05,2.991548162525641e-05,5.102073469317979e-05,0.0023382133374844254,1.7701879434740054e-06,3.657500811878649e-05,0.007690317003944161,5.501374766128902e-05,0.0011474869552775657,0.009210393298442277
13,0.0006123807278123931,0.021556668045289638,8.837353624384744e-06,0.0015584857653021286,0.0006840055612336252,5.740630337380947e-05,0.00011038061212623789,0.0003843503803822882,0.8185503894574682,0.0010015783006428161,0.008961211179158827,0.0006914107272802139,0.0002371157353848407,0.0395029409537274,0.019302523922885697,0.00011242110509964986,3.656033015233747e-05,7.511895185797054e-05,0.015438486027087727,1.3737122281182208e-06,4.2371903213794756e-05,0.057847241613908376,1.8082569399388066e-05,0.000472872408557179,0.012735786352802973
14,0.00044660977597252505,0.025254577300135472,1.026287377380807e-05,0.0032010480758741856,0.0006689527906329518,9.610890030393977e-05,0.00010107814258072171,0.00018036748423822915,0.8692755561758532,0.0022985803947319066,0.003411990093668509,0.00023716329083316656,0.0002648689981629765,0.021650439712731916,0.011756138889389594,0.00014177983606771996,3.9650193205227494e-05,0.0001176863693055775,0.026826612953996742,1.5825478497942271e-06,4.907030859074777e-05,0.02698482196267183,4.0402395869653095e-05,0.0008446765993668595,0.006099973934192755
15,0.000390424879384659,0.015589506872331052,9.510074382857933e-06,0.002330920828078548,0.00043823283188911693,0.0001019687733993409,9.367629330873386e-05,0.0001699110536714627,0.8975422854661579,0.0019371676812112249,0.002458504422461279,0.00023341768485999308,0.0001921234748275538,0.017736236314623198,0.012128715473652293,0.0001600438512535399,3.000666516821359e-05,8.928216218228006e-05,0.01876711814617454,1.448385396572964e-06,3.1768661914399015e-05,0.0221455621132047,3.706257578378048e-05,0.0007235500795737643,0.006661555235109283
16,0.0005108924503420822,0.02177716193378828,7.640482691376721e-06,0.0022813209159725555,0.0004296280221933571,9.094481772063817e-05,0.00010929351679834297,0.0002847259199191293,0.844039203754661,0.0016552615112900742,0.004076404079764036,0.00046234317644525314,0.00021306303001066782,0.02450647454512228,0.01995763054384073,0.00017456288845349398,3.658700247884745e-05,8.572530291091611e-05,0.023428983956880103,1.1874449013831047e-06,3.188677861359507e-05,0.04583728518868451,2.5114900106312466e-05,0.0004879706301828456,0.009488707206227803
17,0.0004186279599579013,0.015265759680828658,9.82322257151074e-06,0.002123628751291261,0.0005154836862860691,9.044358623302201e-05,9.918369638859038e-05,0.00016317946477012186,0.9003115741036696,0.0016159077658002875,0.002735469080372363,0.0002585650571179455,0.0001986949199314989,0.019628416716521338,0.010051208867661409,0.00013506411349528872,3.140387355346976e-05,9.149169684525577e-05,0.016270762296098387,1.4218807672000015e-06,3.623978216064492e-05,0.02244373163813079,3.7232803130597385e-05,0.0007766207984018634,0.006690064558015157
18,0.00026599096510924276,0.015588512161666792,1.2065137966181774e-05,0.001149748130031604,0.0003865298011116604,7.255418756579971e-05,9.608320451135554e-05,0.00013027491050870375,0.8849499410192546,0.0017894946833631295,0.0020735163346481044,0.0003623977481814941,0.0001330692105150185,0.028986019763049712,0.012379051596038627,0.0002444676101103991,4.18599440316622e-05,6.193251843471916e-05,0.01461918778796306,1.5894779990791871e-06,4.1916676676134095e-05,0.01839914437271232,4.211151429021596e-05,0.0010462235493291663,0.017126317694931035
19,0.00019319392996463596,0.013288713916174307,5.3975137930680895e-06,0.0026625597904918743,0.0003780401214015663,9.88199805097937e-05,6.40455155879636e-05,0.00010528098556755562,0.921980605818147,0.0019531798708997705,0.001135732861701102,0.00016478017015681283,0.00012834469845683262,0.012061139815539138,0.010538348282273971,0.00011624615562269125,1.6577875536732e-05,4.759188741858266e-05,0.013073928671901727,1.1033644786325528e-06,1.3347575722373696e-05,0.016942513377051924,2.4965419493942982e-05,0.0005414180478275706,0.004464124354280433
20,0.00031616562349185274,0.016651024231134542,5.7017236676288215e-06,0.001986409343678787,0.00033943093035507184,8.724445347663395e-05,7.708961993610732e-05,0.00020479293827891878,0.8779684766304774,0.0018721075487795433,0.002637960949857481,0.00018611834351036643,0.00020859398356042126,0.018729977961618172,0.013941558781598072,0.00010299175359233516,1.947057894692893e-05,6.880570115317255e-05,0.02024198795561643,1.3193054542763743e-06,2.4854303014355885e-05,0.038841947335452785,1.9788745243861892e-05,0.000400600697062026,0.005065580561042935
21,0.0003707617634308235,0.015286220914843883,8.816538855559708e-06,0.002306303845097134,0.00042982142319612435,0.00010573340701611341,9.192672192200494e-05,0.00016585862024657443,0.8982394635175627,0.001924128984281425,0.002409027228004218,0.00022041835128019092,0.00018341862343655178,0.016838630487902902,0.012512136771978474,0.00015348402814012766,2.8720306795761033e-05,8.418929665124879e-05,0.01904976527390859,1.3872783348925205e-06,3.0209834319220476e-05,0.022371059671670364,3.6099762732410896e-05,0.0006818286126880914,0.006470588735704602
22,0.0009281051362701677,0.02831870360566888,2.3449026273168085e-05,0.0038831268566639635,0.0006274313868719432,0.00017171727442857846,0.00011337801153057513,0.000412267803524086,0.8297599012461733,0.004380195334620299,0.005083136037190402,0.00028911419148404746,0.0003547668434720973,0.03181732641828863,0.013681785827121417,0.0002548887928491934,8.999529359371982e-05,0.00024271044338887256,0.03128505513214686,2.6530534169752573e-06,8.318626624453952e-05,0.03969182249454123,7.344659933301685e-05,0.0008647511061898407,0.0075670858187140595
23,0.000390424879384659,0.015589506872331052,9.510074382857933e-06,0.002330920828078548,0.00043823283188911693,0.0001019687733993409,9.367629330873386e-05,0.0001699110536714627,0.8975422854661579,0.0019371676812112249,0.002458504422461279,0.00023341768485999308,0.0001921234748275538,0.017736236314623198,0.012128715473652293,0.0001600438512535399,3.000666516821359e-05,8.928216218228006e-05,0.01876711814617454,1.448385396572964e-06,3.1768661914399015e-05,0.0221455621132047,3.706257578378048e-05,0.0007235500795737643,0.006661555235109283
24,0.00029459236069796346,0.025883066822236126,7.837100598224529e-06,0.004242642594312591,0.00047003366326365013,8.935735626285623e-05,9.208275255433716e-05,0.00018669917290944975,0.8682199855923229,0.00274356690664389,0.0020518053726653524,0.00020596970701037667,0.0002077880542184657,0.021662655741002675,0.013210543596008976,0.00017000908526870775,3.506018220674549e-05,0.00011064678955898503,0.03050678519893325,1.4579020452795117e-06,3.601786021675444e-05,0.023199195270149978,4.289232888720321e-05,0.0007183055058464613,0.005611003084178663
25,0.0007890251234661978,0.01633844154268808,1.3749552570142327e-05,0.0028160120967249277,0.0010335961472348052,9.333329152054575e-05,0.00021165893860636221,0.0006081291344916127,0.8579799645429342,0.00129247662875414,0.008716671571440803,0.0005640018650342823,0.0003297230642677177,0.03408744677948539,0.009940232080244079,0.0001501582263119693,4.717986799019473e-05,0.00024500740330649215,0.020528529544361084,2.2909334409160934e-06,8.225302312269931e-05,0.036722001748877776,4.060836933116494e-05,0.0006542213173380503,0.006713287206456513
26,0.000334846260973095,0.006698519436435463,1.3283897575504176e-05,0.0020079825596274956,0.00041985484122973577,7.291711635186756e-05,4.8069156464585175e-05,5.5123478896145586e-05,0.9544645259296285,0.0016139908376571748,0.0009700267425998644,9.058041582776838e-05,0.00013165527338578704,0.012981311099341999,0.0032720562122484464,8.467140990432339e-05,1.66958850359666e-05,0.00010864728381019636,0.006535400230422087,1.472979435530714e-06,2.4281534310424406e-05,0.005284545569057608,6.592210947612284e-05,0.0014402925037697678,0.003263327236534544
27,0.0002088183319071726,0.00886075635332375,3.617042854554152e-06,0.0014178008159765178,0.0002464415128825672,8.374287002148263e-05,5.803772377222371e-05,0.00010309131597067795,0.9281344371341053,0.0011870123989292769,0.001348457601589335,0.00014051559595728257,0.00011614643480535403,0.009227573525773532,0.010426385031663753,8.141673768814552e-05,9.65388349855819e-06,3.771447689647676e-05,0.012596211161044491,7.84367079670626e-07,1.1405653414035056e-05,0.021194377322401058,1.572138694262523e-05,0.0003977535081169082,0.0040921278133854355
28,0.000390424879384659,0.015589506872331052,9.510074382857933e-06,0.002330920828078548,0.00043823283188911693,0.0001019687733993409,9.367629330873386e-05,0.0001699110536714627,0.8975422854661579,0.0019371676812112249,0.002458504422461279,0.00023341768485999308,0.0001921234748275538,0.017736236314623198,0.012128715473652293,0.0001600438512535399,3.000666516821359e-05,8.928216218228006e-05,0.01876711814617454,1.448385396572964e-06,3.1768661914399015e-05,0.0221455621132047,3.706257578378048e-05,0.0007235500795737643,0.006661555235109283
29,0.000390424879384659,0.015589506872331052,9.510074382857933e-06,0.002330920828078548,0.00043823283188911693,0.0001019687733993409,9.367629330873386e-05,0.0001699110536714627,0.8975422854661579,0.0019371676812112249,0.002458504422461279,0.00023341768485999308,0.0001921234748275538,0.017736236314623198,0.012128715473652293,0.0001600438512535399,3.000666516821359e-05,8.928216218228006e-05,0.01876711814617454,1.448385396572964e-06,3.1768661914399015e-05,0.0221455621132047,3.706257578378048e-05,0.0007235500795737643,0.006661555235109283
30,0.000390424879384659,0.015589506872331052,9.510074382857933e-06,0.002330920828078548,0.00043823283188911693,0.0001019687733993409,9.367629330873386e-05,0.0001699110536714627,0.8975422854661579,0.0019371676812112249,0.002458504422461279,0.00023341768485999308,0.0001921234748275538,0.017736236314623198,0.012128715473652293,0.0001600438512535399,3.000666516821359e-05,8.928216218228006e-05,0.01876711814617454,1.448385396572964e-06,3.1768661914399015e-05,0.0221455621132047,3.706257578378048e-05,0.0007235500795737643,0.006661555235109283
31,0.0008180887527964929,0.0242808725769228,2.2537735883102228e-05,0.003099477876381491,0.0004142644471951431,0.00011718814510450082,0.00013148738446827586,0.00045311763437680104,0.8619037694642842,0.003230887564084417,0.0034518846761003837,0.00036472003025443943,0.00031434554873573193,0.02707280628300159,0.010711852247106931,0.000338765678619064,6.0487441591476634e-05,0.00020448399779031068,0.024558091022152236,2.181367335273945e-06,6.077168160761386e-05,0.029295201156243268,5.312555154353713e-05,0.0008792116548786798,0.008160380081542462
32,0.0003732903982042855,0.015561760285644433,8.837426078998583e-06,0.002508613453378017,0.0004297530908155353,0.00010636383535817984,0.00010137783124800572,0.0001724662679912373,0.8917142954005467,0.0020003404234573054,0.0024352160105378033,0.00021932666789223855,0.00020282501768055465,0.016422858615607706,0.01333710743675053,0.00017073077225800777,3.0086858719401376e-05,9.387591965988868e-05,0.02393791051834598,1.454117831180995e-06,3.4590058749619975e-05,0.023011095805155212,3.815821393190916e-05,0.0007258909619031068,0.006361774612254017
33,0.001957924764571058,0.05693507390036948,1.696367956987254e-05,0.008073250935014771,0.0009241726673102779,0.00012433944585426836,0.000352863892419638,0.000917119513044953,0.6725687414701148,0.0018264647416908974,0.012466227229998067,0.0015440393986425028,0.0009889329903366869,0.026499322795091765,0.020421678379520827,0.0005779625171596393,0.0001996085075813516,0.00032806922153266505,0.07246102973166094,2.3992663377111572e-06,0.00011364141452103091,0.10917131786337447,5.366186778242921e-05,0.0013509486079521964,0.010124245198547625
34,0.0006521285859805818,0.01109480091072154,9.512010921087409e-06,0.002479138521706605,0.0004724002616279901,0.00010087909555093741,0.00010318995926524533,0.0001671182610760574,0.9036631507364236,0.0014229214166557014,0.003207481337162096,0.00018968165372288388,0.0002454018336936979,0.012668480712976212,0.01270022570716441,0.00012148794754201238,2.345105232358273e-05,0.00011810544187483664,0.022769713176521624,1.2540009419568032e-06,3.5158842195368327e-05,0.0223492522799244,3.590096407135092e-05,0.0007145951436228879,0.004654570146333302
35,0.0008519623980950481,0.013478752954298292,8.691833293821066e-06,0.0024007503498087493,0.00020533088171128402,0.00013166978732645138,0.00011981175664511501,0.00029632287238914537,0.8894847160027147,0.0018214011524700213,0.002306367005004809,0.0003131439814283445,0.0003167167821366876,0.009007955459300226,0.008250756045030958,0.00027335820477117367,2.7062946943337246e-05,0.00016009300285236536,0.028124906483644286,1.0704145628191953e-06,2.4857896680492274e-05,0.0377247125182818,2.5664320110817123e-05,0.0006468915473528382,0.003997033403146445
36,0.00039241875536221235,0.011858305328168657,1.2869415857920092e-05,0.002044909363987692,0.0012716607991904785,0.00010955853213772921,9.74423184988901e-05,7.532688111543126e-05,0.9140848301218255,0.0012426576244924166,0.003940117426554356,0.00019147425352307915,0.0001678195021960277,0.015657835105284585,0.012425415482527956,9.975800309930871e-05,3.2115777556330513e-05,7.175802309042734e-05,0.014297231124436692,1.731654573380546e-06,5.438189636427394e-05,0.011067724291186224,6.647629088360151e-05,0.0016798107105383878,0.00905637131754813
37,0.000601372147318474,0.011865720247947674,1.7268075421069934e-05,0.0017776621221980257,0.0005837346309416094,5.8836653016122855e-05,9.795156414161795e-05,9.468360346520291e-05,0.9235182594529144,0.0013223813578182953,0.002202224045771811,0.000261534838372117,0.0002768224830417293,0.01967413773665133,0.005353762337593443,0.00012973180483215262,2.9439545457712184e-05,0.00011721830024865724,0.010594825081239878,1.7485568700407795e-06,4.368318966639353e-05,0.013401011522606181,4.3526600928887736e-05,0.0016009934581880229,0.006331470643349481
38,0.0005754494157647896,0.011319184788639443,1.1245686746571116e-05,0.003426186715896763,0.0002638492889065452,0.00026865110843666813,0.00020101132582337158,0.0002306963354928119,0.8619694380256233,0.0028438609708544334,0.002046713510741783,0.00019620147965463888,0.0003191939224261656,0.007777142734145069,0.021492172957766995,0.00046559819176357557,3.912360877696271e-05,0.00016582135605285926,0.05536399387995831,2.0507532206210497e-06,4.14867695894201e-05,0.02477149712984119,6.142423707875475e-05,0.0008156548593663071,0.005332350947432625
39,0.0008287821524582769,0.01667474713232814,1.6013251012046676e-05,0.002590419518741895,0.00045093790513223554,0.00023429786849861331,0.00026241063227729186,0.0006067130585609972,0.843280631108549,0.0021086624519326773,0.004954269890245929,0.0006339145545999906,0.0003389674615538901,0.01557565627596046,0.016565392404894234,0.000522664850017026,7.147864819279013e-05,0.00015850524001390632,0.0351970557886401,2.164600803430568e-06,6.555132687933421e-05,0.04760874459938218,4.9777573466282946e-05,0.0008393064086162326,0.010362935297242833
40,0.0006050028656914996,0.017824901814807535,1.1729647958753925e-05,0.0016213853922320727,0.0005075127568722068,0.00011350085238908733,9.000522402528533e-05,0.00019018099308631527,0.8797881383847356,0.0014636977480165909,0.003622760898820426,0.0003914741505315592,0.00019652087149474296,0.02058312586860077,0.0149044679728304,0.00013080015496554233,3.627365127071242e-05,5.431939595834412e-05,0.010613166571065384,1.2933524524311189e-06,2.6608492753584487e-05,0.036829228378714,2.599980916572544e-05,0.000562771286608091,0.00980513346495353
41,0.00015311126728041478,0.004647306617827919,2.641372198881283e-06,0.0027757104759080567,0.0005277585320644095,0.0001240174665401584,4.1431069991168626e-05,5.401232276261801e-05,0.9491222560395774,0.0009265657653602739,0.001031624819906911,9.12821839021839e-05,4.917993106470607e-05,0.004230698655954674,0.017517800254151283,5.2576945440392356e-05,6.614539499197572e-06,2.3566734808231542e-05,0.007989927432481772,5.542244560425683e-07,4.197923360244607e-06,0.0075342455106894015,2.0104571337042133e-05,0.0003333458756691362,0.002739469467767343
42,0.0002979578656078687,0.01018858323358591,2.2357312070298124e-05,0.0019337106571340264,0.0007586177243591621,5.2287150193240694e-05,5.1190813767018495e-05,6.918484628242189e-05,0.9125499790249724,0.0019097844494040852,0.0017950525332994325,0.0001660810375530302,8.333917199961061e-05,0.04484612136898123,0.005655127429352886,8.825861460083367e-05,2.7373385830081945e-05,0.0001385263734136274,0.005121483341822247,1.9347765125947116e-06,4.242420465282545e-05,0.0034656475824948046,0.00011111179243600513,0.001461572679462246,0.00916229263021229
43,0.00022863291916938632,0.009326358789763891,6.7069799678139455e-06,0.00212050478793735,0.0002770249339702018,0.00019980855215870385,6.295147221633663e-05,0.00017599076194458447,0.910846820524992,0.0035010774663030327,0.0014517404678949684,8.502666299976678e-05,0.00013653709024691232,0.010685699750735151,0.012957884013247477,0.0001398469807341456,1.6000749731231866e-05,7.780951810925721e-05,0.02234573003507593,1.4945282059798996e-06,2.2977731317116213e-05,0.02125763629895464,3.188780335447427e-05,0.00039564762955043365,0.003648203551419412
44,0.000390424879384659,0.015589506872331052,9.510074382857933e-06,0.002330920828078548,0.00043823283188911693,0.0001019687733993409,9.367629330873386e-05,0.0001699110536714627,0.8975422854661579,0.0019371676812112249,0.002458504422461279,0.00023341768485999308,0.0001921234748275538,0.017736236314623198,0.012128715473652293,0.0001600438512535399,3.000666516821359e-05,8.928216218228006e-05,0.01876711814617454,1.448385396572964e-06,3.1768661914399015e-05,0.0221455621132047,3.706257578378048e-05,0.0007235500795737643,0.006661555235109283
45,0.00043405182272999933,0.01854201655236809,1.1757541360022168e-05,0.002244801358043788,0.00045075173359069095,9.471461980405847e-05,8.773609041517738e-05,0.00017480261712677522,0.8901611993375071,0.0021802094127283994,0.0026573614598635084,0.0002497205991210961,0.00020359587867672108,0.02268710659510278,0.010726433995991548,0.00016123147449893286,3.6150302473492994e-05,9.956154142643059e-05,0.01764947253165778,1.5381186506655322e-06,3.8547687386140225e-05,0.022746770246790872,4.11743603383618e-05,0.0008064270931450671,0.007512867029202413
46,0.0025452308925275565,0.0733719184513785,2.1505610769244176e-05,0.009164889696151937,0.0009448371587674447,0.00027556369586003343,0.0002885890959498836,0.0006464873137178173,0.6366792120356408,0.0024086854668499713,0.010195169100403275,0.0016990613381896913,0.0006976746323926051,0.017928838199866154,0.04052288656183135,0.0007748824813825935,0.0004170036997287585,0.00014753294826790116,0.05590233829186788,1.934654925811322e-06,6.799039628391232e-05,0.12713483455269028,8.176122797111168e-05,0.0013757157015584396,0.01670545679502719
47,0.0007260842062188575,0.03281080974435987,9.138194895121722e-06,0.0021488147837698266,0.0002868998302345876,9.472888050469973e-05,0.00010673147533448712,0.00023885322246766516,0.8384878143074848,0.0017993121508596856,0.0028771307445411703,0.0005463514353472349,0.00034358292047953113,0.014207735866253702,0.014744099308993272,0.0002753137018487882,4.350260565084141e-05,6.14338148436679e-05,0.020300563026336614,1.2086139260645419e-06,2.0034622052037347e-05,0.05994833006979495,1.8745101580156102e-05,0.0007400816199970215,0.009162699752225317
48,0.0006261171565680616,0.07460196184218575,1.3005259034295732e-05,0.007267971675133205,0.0004271024843847011,0.00018380357017798815,0.00014671864831310483,0.0004679306187571286,0.7228925906776389,0.005451966384018596,0.0030781797987939094,0.0004339717494595649,0.000342334128064065,0.02485597775551506,0.024279794785485222,0.0005033044365983068,0.0001575017353621169,0.0001445145487130431,0.060768527326679124,1.7783624262694925e-06,5.262738365715959e-05,0.06336266767831017,6.607177503339548e-05,0.0007030871909730122,0.009170493028717829
49,0.0004985820387227317,0.013987139724832688,1.2269752090772793e-05,0.001988421400603875,0.00043030186062208224,0.00012745127551486407,9.055831391477583e-05,0.00019683674713861027,0.9100956542273022,0.001850464423618456,0.0026318222657362713,0.00028325076401951955,0.0001967955790533584,0.016997399257780904,0.00887375851107684,0.0001528168609330857,2.982712086271924e-05,8.975240415154818e-05,0.011693567966273993,1.5600274208655237e-06,2.8161925953166718e-05,0.022613921633083685,3.5773619952153244e-05,0.0007126911610586093,0.0063812211382820744
50,0.0002161687319198281,0.0161665782967657,7.242774257582116e-06,0.0018439172962023272,0.00027941013095077026,9.210068337112407e-05,8.86429303820324e-05,0.00019640962422758798,0.8878343523621949,0.00284298411556342,0.0015544071216639136,0.00016524975307517719,0.00017657833356437557,0.018827877034428182,0.012228711448287324,0.00015382271213840366,2.0233815331536048e-05,6.488071485302727e-05,0.023999384343950835,1.3221040557705239e-06,2.8820658469583335e-05,0.026961929262859858,2.2268025645233473e-05,0.00041306231857098297,0.00581364540727057
51,0.00038748120736840035,0.028103322030949646,8.665873696331792e-06,0.0032234205897667305,0.000413609887634578,8.548773213329885e-05,7.925817632551805e-05,0.0002309668716508832,0.8653065233680148,0.0024725039274885365,0.002568683903697276,0.0002700763963561981,0.00021779559828087302,0.023213486874548328,0.01372688064258368,0.0001526837913083633,3.114621576891583e-05,8.743449591225386e-05,0.021162652738888118,1.355726779425397e-06,2.7780241496113744e-05,0.031228676512152522,2.837064031915984e-05,0.0005617686106966647,0.006409967946183105
52,0.00037860897906148104,0.013931949629941683,8.811987565471038e-06,0.0026634650352660143,0.0003384757324035719,0.00011389963684426119,7.882558449467593e-05,0.000182240864660882,0.8976826846955939,0.002563161949912372,0.002085674037645082,0.0001766316849992746,0.00020082551667544173,0.01582590847056779,0.013043942270951896,0.00017611778299598431,2.4762537779796366e-05,0.00010968029717430527,0.022205158031130445,1.6118837388954244e-06,2.653206223510052e-05,0.02232734619365473,3.5560964762865433e-05,0.0006319809539073013,0.005186143216037004
53,0.0002716675724143534,0.0074160636287596855,5.947027260703421e-06,0.001280492393247068,0.00033180564077734043,0.00010099859458118856,0.0001619817425222429,0.00013918594563202362,0.9279447385962545,0.0007847264248289621,0.0020828840888395006,0.00030842781721997795,0.00012097067262737776,0.012693796719517071,0.011398629153395073,0.00014095988818428758,1.874836877423858e-05,6.1370230087454e-05,0.012172588327816324,1.1000308782350915e-06,2.256504618717896e-05,0.014460663918453453,3.4538920029030716e-05,0.0005508972413631033,0.007494252010349763
54,0.00013067437655626127,0.017195911168490476,6.129996344123098e-06,0.0009389550898300101,0.00021252047984138343,4.307129744976866e-05,5.008474052109295e-05,9.557136753796699e-05,0.9047037954381694,0.0016980055462093501,0.000973737741784572,0.0003068389698835173,8.331616682278512e-05,0.022878864251655126,0.012215788146826022,0.00018014874857615507,1.6132376673908906e-05,2.3574312721558557e-05,0.008003747656151992,9.916527480470187e-07,1.0994562527973037e-05,0.01572607644157079,1.4984123473764349e-05,0.0005491412472485847,0.013940944100385292
55,0.00028654851661062485,0.008606195971097944,6.058663866030292e-06,0.0016556437456842548,0.00042377220510541263,7.27383883684049e-05,0.00010502125996561334,9.555646115752763e-05,0.9353265696020595,0.0008047513679741889,0.0018141769059624945,0.00030050418281959247,0.00013885459184996956,0.011235449577541608,0.007919518314044968,0.00011886223640797229,1.6270896086991506e-05,6.0426509702272936e-05,0.011304009977369684,9.584525611078218e-07,1.911152253898245e-05,0.01280799474559384,2.8029928532472182e-05,0.0008410854429025166,0.0060118905341964
56,0.0004042698288835599,0.015828777209978197,9.518352507667183e-06,0.0023399725282346115,0.0004350047515927567,0.00010029359558931678,9.635045988160494e-05,0.00017298351124651272,0.8960018726457653,0.0018996750349969556,0.0025054797764046304,0.000241464372357988,0.00020567773675655963,0.017709891808420454,0.01197341990358569,0.0001599040434725332,2.9954354008098892e-05,9.094189187146768e-05,0.019135508178283345,1.4824259414581317e-06,3.2310647344530994e-05,0.023271244162564778,3.6324295825578294e-05,0.0007393794728700267,0.006578299011616548
57,0.0003983296103960361,0.02474173810281005,9.761163518973568e-06,0.002559275064829354,0.000417606632971916,8.719898086140456e-05,0.00014512547747134227,0.00022771142004398385,0.8450037798285837,0.002171468140651422,0.002846803775826781,0.0003314890180826362,0.0003180338956529425,0.018129030813413424,0.014254402265692839,0.00027239270324583514,4.11891855353073e-05,0.00010074674341354387,0.04384764293798946,1.5147487098209304e-06,5.464757529458507e-05,0.034871787519662786,3.0694508867829847e-05,0.0008760597101472035,0.00826157017632698
58,0.0003259909984250163,0.012952200461061028,8.875255889322222e-06,0.0021150405128586174,0.0004622078436107156,8.649404632543644e-05,8.740791223874663e-05,0.00011589747488334548,0.9133542306093405,0.001616686146599043,0.0020352610652627392,0.00020569034350915677,0.00018924616694051893,0.015294346072385735,0.010086837607169193,0.00014291061410801395,2.431683511004889e-05,7.82672305148113e-05,0.016645678154981622,1.4959163335454104e-06,3.055726323680103e-05,0.016883028723952205,3.746785448178821e-05,0.0009687423955819672,0.006251122495200125
59,0.0003371037242051526,0.013718641467236748,1.0851999965691112e-05,0.0020240130926568256,0.00047324886304933394,8.736903580552766e-05,8.491491532759166e-05,0.00012413274471552202,0.9123965670246228,0.0018750619996796307,0.002030946914262888,0.00020258708681262236,0.00018862989238859954,0.017734798877902577,0.009127523008882808,0.0001521289067313766,2.7182972124067837e-05,8.55163035809631e-05,0.015397181437722141,1.637768446229718e-06,3.4763517331137116e-05,0.01623703967437399,4.012219894425685e-05,0.0009946623971085233,0.006613374176123036
60,0.000390424879384659,0.015589506872331052,9.510074382857933e-06,0.002330920828078548,0.00043823283188911693,0.0001019687733993409,9.367629330873386e-05,0.0001699110536714627,0.8975422854661579,0.0019371676812112249,0.002458504422461279,0.00023341768485999308,0.0001921234748275538,0.017736236314623198,0.012128715473652293,0.0001600438512535399,3.000666516821359e-05,8.928216218228006e-05,0.01876711814617454,1.448385396572964e-06,3.1768661914399015e-05,0.0221455621132047,3.706257578378048e-05,0.0007235500795737643,0.006661555235109283
61,0.00033219885966591427,0.012199997597056084,1.068404367951598e-05,0.0018710120304580792,0.0004502977433430587,8.342976870084494e-05,7.929633114650115e-05,0.00011526064981733024,0.9197704042430938,0.0017746971956456384,0.0019021155961197367,0.00018413122016891883,0.0001790353246092803,0.016876703439040873,0.008074300010396518,0.0001339323718042218,2.3524599021276816e-05,8.302799384411863e-05,0.013903187514206923,1.5259246626883828e-06,3.293005078047901e-05,0.014852875999793425,3.817221803887034e-05,0.0009705551381942182,0.006056704136711867
62,0.000390424879384659,0.015589506872331052,9.510074382857933e-06,0.002330920828078548,0.00043823283188911693,0.0001019687733993409,9.367629330873386e-05,0.0001699110536714627,0.8975422854661579,0.0019371676812112249,0.002458504422461279,0.00023341768485999308,0.0001921234748275538,0.017736236314623198,0.012128715473652293,0.0001600438512535399,3.000666516821359e-05,8.928216218228006e-05,0.01876711814617454,1.448385396572964e-06,3.1768661914399015e-05,0.0221455621132047,3.706257578378048e-05,0.0007235500795737643,0.006661555235109283
63,0.00038747208058176785,0.019686223740959793,9.335346527738863e-06,0.002495768671456529,0.00042235712943476477,9.672496249525123e-05,8.911149818882865e-05,0.0001783407368534082,0.8864031658352209,0.0021378538474943086,0.0024344725660363532,0.00024581727092107893,0.00020199502739904466,0.019006432568430078,0.012806341380746789,0.00016799584570777466,3.2443819309970326e-05,8.545005162652202e-05,0.020258612812370062,1.4306479667315602e-06,3.136050996970199e-05,0.02507317729666995,3.522947028778083e-05,0.00072223387872424,0.006990653004620555
64,0.0004524246287755619,0.017357185825754764,1.2985650245883761e-05,0.002324374260733187,0.0005338796386273325,9.47915545420983e-05,0.00011806257730140797,0.000188033003571261,0.8867824132863601,0.0020432336622937027,0.0029215921154931122,0.00024784395898363185,0.00024665927088624354,0.02237828671404739,0.01072692507085433,0.00017444333258641136,3.8540030366541144e-05,0.00011785652546372179,0.022461839673528963,1.7477777347325125e-06,5.614963342865995e-05,0.022539523817702842,4.504109619606328e-05,0.0008980235151991871,0.007238143379323095
65,0.0010766325298588938,0.01187678774176935,7.04717089536842e-06,0.010617187253031294,0.0009781951816117513,0.0006909478012757034,0.0004543220214082234,0.00038604563307922664,0.724294013345756,0.0014709920303454481,0.008258412810776604,0.00039525857119026707,0.0002795895425554697,0.005090880303739873,0.058998522283077136,0.00043482360589672015,0.00010720795389332523,0.00026260748550956646,0.13260886970738509,1.3731757881600033e-06,6.466408206383235e-05,0.034904968594483554,0.00015338858282381768,0.0007875030878503442,0.005799759503935033
66,0.0009546671741120398,0.012458896728218346,3.312462638940318e-05,0.0021557927458285783,0.0005378871889732396,7.901379617200396e-05,0.00015739512125979103,0.0004878955274715055,0.8929310222325408,0.0028167649269495608,0.0039592238391241985,0.000277394051689966,0.0006790732367385903,0.026067145173961855,0.00633597170518656,0.00023001324551252087,2.6147222557514175e-05,0.0002689173727285453,0.016114679974363947,4.148759365464844e-06,6.38787635479652e-05,0.028337540496579945,2.1023108139961614e-05,0.000709117888074455,0.004293265094513035
67,0.0007730821932771539,0.01748115164645943,4.4541130003919304e-05,0.004632683438853052,0.0007343137897012285,0.00016348144676335224,0.00013041358740569726,0.00024721161246277516,0.8695016211041247,0.004724596822083985,0.0033986456127561844,0.00020582203994901164,0.000353196787355576,0.037919117180545886,0.009863369714899883,0.000311782087697321,9.27517737540081e-05,0.00038342154245588013,0.025406714695514053,4.732262771959929e-06,0.00013799600292828152,0.013132467800230382,0.00019976653292755732,0.001966014464628844,0.00819110473044972
68,4.2408106233980086e-05,0.0015527277940048032,7.718332063128921e-06,0.0003987806809963495,0.00025961687347534463,2.6376343728450545e-05,1.5950715603917707e-05,1.0323309348119162e-05,0.970655281288732,0.0007308068339878174,0.0002511796373928068,5.912742194842131e-05,2.2028994284951752e-05,0.017880720401202567,0.0013812845698435417,2.0546964296847175e-05,2.648931503615224e-06,1.698509420736394e-05,0.000540221861175375,9.730862949394232e-07,4.8302105048905416e-06,0.0008696446317235677,2.721525827082209e-05,0.0008070970785352787,0.004415505580641281
69,0.00023408031274193346,0.006864742723531026,3.1685870011046935e-05,0.0011891875854078953,0.0002949100407614278,7.893018933251599e-05,9.219017305399779e-05,0.00024134703951496415,0.9033129647704942,0.0038280143028730676,0.001419170642617323,0.0001381190455520095,0.00016214428179201482,0.050910506393906395,0.003677893534260749,0.00021315575858108415,2.2652574893652227e-05,0.0002847967942537042,0.011747844678350229,4.111874892682579e-06,0.00011344159256888655,0.006903154531395859,8.240496051124253e-05,0.0010465369260119315,0.007106013402690162
70,0.00039010285243262137,0.015571378653034885,9.503609328672456e-06,0.0023307275704306366,0.00043851355270005296,0.00010193639376561355,9.363751341004713e-05,0.00016973797395655074,0.8976362253345133,0.001935058440123774,0.0024573207362071302,0.000233239276539023,0.000191914801080037,0.017728572426492235,0.012123139481555464,0.00015977095704738944,2.9969723327870155e-05,8.920494726440531e-05,0.01874232324294341,1.4475319128132948e-06,3.173910315899559e-05,0.02211747260804937,3.705944840230613e-05,0.0007232210571309137,0.006656782765192768
71,0.00010782857092858915,0.008128542235525405,7.128065585987041e-06,0.0009476939367001666,0.00040305456334245284,3.8718279729958934e-05,6.271583310472914e-05,8.719378844881808e-05,0.9383390647774991,0.0014346291359144186,0.0009690247979690563,0.00010780077960109659,9.085662634382187e-05,0.025689749938759207,0.0036296907682550963,7.715009426114075e-05,1.084215307374509e-05,6.95181101325016e-05,0.007324553907023963,1.4901735853514521e-06,3.1759948812507415e-05,0.007203558376216516,2.6577639276015133e-05,0.0006086118400409156,0.004602245659869704
72,0.0002630601894064888,0.014078982101619213,7.007186788968991e-06,0.0025745967268262266,0.0001431254138708058,0.00036737782915651,0.0003234241759202355,0.0004152373324611499,0.8222529364046378,0.003738759929784032,0.0011409554664853895,0.0002168580693792916,0.00031144691215138394,0.005117460704671766,0.03659312112549655,0.0008527450399532769,2.932444780954669e-05,7.211733622938174e-05,0.06299803334067214,2.3567128487839187e-06,1.9793252787863137e-05,0.04350625465886213,1.967593007432513e-05,0.00025832468662143363,0.004697025025485178
