,0,1,2,3,4,5,6,7,8,9,10,11,12,13,14,15,16,17,18,19,20,21,22,23,24
0,0.3260913842986755,0.004006439857658359,0.0005787835730129442,3.5506792215103065e-06,0.0005642862913484359,5.589608661133077e-06,0.0007063287828776288,0.0007235465422024042,0.000759768621664126,3.933321836345081e-06,0.000740675337792883,0.018503072332196217,1.0772142566792548e-07,0.0005446311158090099,0.4254559952775889,3.086008086614308e-05,0.002504486062336918,5.236565326325429e-06,0.07254648280184425,1.6031213730755068e-08,0.00044939742982407697,0.11198517286859551,0.00012010872282941282,0.00016772347873264486,0.03350242259645994
1,0.1936937876966428,0.006123525980488989,0.00023808167107280528,4.727905523266855e-06,0.00037927411760263393,2.8735494648366987e-06,0.0004334399849831569,0.0008867263209894827,0.0005156907448399658,8.09080458686801e-06,0.0002414203708890954,0.008929552276619582,4.6407465883889885e-08,0.0005258445354197523,0.45302102908101916,2.9705114999565305e-05,0.00308015503831281,4.015291866314703e-06,0.10090150830301833,9.617158214775699e-09,0.0008436343421095492,0.15087839438981424,0.0001240305802067568,0.00011847565692373465,0.07901596021798199
2,0.1754801882428121,0.004343437831377024,7.545826020123391e-05,2.426653964183806e-06,0.00018762164964526582,1.7866920185505623e-06,0.0002528875799138281,0.00042024164362031646,0.00011545402724170334,3.3640194950530187e-06,0.0001555216372212817,0.00686459925944199,2.2307408613215293e-08,0.0003396533101910832,0.5260947226920389,2.047302221387932e-05,0.004223808690128637,3.70474310443542e-06,0.04075876497762872,4.562580304822419e-09,0.0006426524453339806,0.17979410562784395,0.0002603114364033602,9.906382567382221e-05,0.05985972486249783
3,0.2545743980426408,0.007526117026522849,0.00019521087778253364,5.341488757900282e-06,0.00038540624710437063,2.341461529192829e-06,0.00038874338567522124,0.0007631499520561576,0.0002289836775328495,5.977684585594971e-06,0.00028767380817453365,0.011960093069964987,5.151610978849994e-08,0.0005510922705930209,0.3933473890158323,1.9584145188212595e-05,0.005264051948233916,7.454162074817412e-06,0.057813121880827996,7.943909236880067e-09,0.0008862765660149972,0.18259796147223364,0.0002119388189118034,0.00018335995291758795,0.08279427358482554
4,0.25054138430159534,0.008576966466255272,0.00023439455948303387,6.056036434875572e-06,0.00048812280646550436,2.838018669786088e-06,0.0004239459294340957,0.0007303728231959646,0.0002467760871019925,6.703952637231754e-06,0.0003136317249028806,0.013200518725485097,7.319237188783705e-08,0.0007206335957442594,0.39273267435599774,2.0652998144460386e-05,0.0052183573450405646,8.2801181070932e-06,0.05620419732566065,9.121821805798794e-09,0.0008639907993773161,0.19150948366711312,0.0002292839579744839,0.00019924115990557488,0.07752141093108006
5,0.2629863297274644,0.009776411570138359,0.00021144364820441334,8.5523478765139e-06,0.0004970491175691166,2.5832874135351146e-06,0.0004300285569718117,0.0009413525369037778,0.00020772241492409232,8.022229786548729e-06,0.00033481929848429434,0.013166850944295268,6.828973861924563e-08,0.000672145530279889,0.35473255548581994,1.9842931081810465e-05,0.006583427663754556,1.1871338591534732e-05,0.055027280114771586,9.806933515739042e-09,0.001165606127225382,0.19409231809684174,0.0002942357612034924,0.0002576425517899522,0.09857183062193585
6,0.2545743980426408,0.007526117026522849,0.00019521087778253364,5.341488757900282e-06,0.00038540624710437063,2.341461529192829e-06,0.00038874338567522124,0.0007631499520561576,0.0002289836775328495,5.977684585594971e-06,0.00028767380817453365,0.011960093069964987,5.151610978849994e-08,0.0005510922705930209,0.3933473890158323,1.9584145188212595e-05,0.005264051948233916,7.454162074817412e-06,0.057813121880827996,7.943909236880067e-09,0.0008862765660149972,0.18259796147223364,0.0002119388189118034,0.00018335995291758795,0.08279427358482554
7,0.3746395244039089,0.01652303871633928,0.00041208607006046945,6.50998298008548e-06,0.0002914192110228827,1.8879266233425214e-06,0.0009034113849171462,0.0008230432012095645,0.00044440422011877815,5.4322117555221075e-06,0.0006430716392441441,0.01188801833877406,1.873326407461846e-07,0.0005177510794478473,0.3328317033374959,9.517777092932478e-06,0.005305682216688301,1.157488517485416e-05,0.041774701216777683,1.6023968928235393e-08,0.000475302497850564,0.13864498959183988,0.00012510197167893232,0.0004189149411544396,0.07330270982123487
8,0.23274822164856745,0.006177760469203083,0.00016298735116335338,3.403887229137096e-06,0.0003687221001930507,3.6473668322803484e-06,0.000336429900250868,0.0005937767834602295,0.00027242227218446185,3.956155876177607e-06,0.0005270399678387121,0.014935155271434802,4.5583860805113374e-08,0.000493118745209618,0.40795017543373885,1.5813274375019662e-05,0.004070809439724039,8.437255468619508e-06,0.06724425136642662,7.999301377752904e-09,0.0007904958999963411,0.21774370887925842,0.0001521586296218051,0.00010407014279500864,0.0452933841759897
9,0.2680987589843724,0.009053492499027984,0.0002553422250358303,6.550055962871156e-06,0.00042348372173589837,1.9786017861878278e-06,0.00043616001160480853,0.0008835821966865549,0.00026254609083479417,7.024921339179235e-06,0.000263018648049365,0.01141773908813438,6.66581870501101e-08,0.0005682692672903273,0.3826836501925438,1.8727572977699025e-05,0.005871283891229266,7.5008778687651895e-06,0.054292791521440106,8.737688050993008e-09,0.0008625525996569942,0.16257286379717795,0.00020500648057609604,0.0002615459652873786,0.10154605539350622
10,0.2545743980426408,0.007526117026522849,0.00019521087778253364,5.341488757900282e-06,0.00038540624710437063,2.341461529192829e-06,0.00038874338567522124,0.0007631499520561576,0.0002289836775328495,5.977684585594971e-06,0.00028767380817453365,0.011960093069964987,5.151610978849994e-08,0.0005510922705930209,0.3933473890158323,1.9584145188212595e-05,0.005264051948233916,7.454162074817412e-06,0.057813121880827996,7.943909236880067e-09,0.0008862765660149972,0.18259796147223364,0.0002119388189118034,0.00018335995291758795,0.08279427358482554
11,0.2619429164093426,0.008133670785804457,0.0002068326994364078,5.712172977704375e-06,0.00039694370657260394,2.406465914275616e-06,0.00041068768860010263,0.0007793967591487143,0.00023351180711177617,6.225133702721233e-06,0.0003031663148890978,0.012578747241298592,6.147367329857926e-08,0.0005848378327992543,0.3817969768285283,1.9126425133956464e-05,0.005530343623418829,8.273386848790357e-06,0.05553018576624622,8.777236714142941e-09,0.0008677962446208443,0.18785922976017747,0.0002200119835426371,0.0001999581827003004,0.08238297253027431
12,0.2591772606570667,0.008012250557579774,0.00012753441851038566,5.969290446495995e-06,0.0006233146516612187,3.0558964841137898e-06,0.00024245209704017067,0.0005013988225893761,5.623629988415266e-05,5.739435738153701e-06,0.00023905868415761237,0.02110876134226072,5.704319219059608e-08,0.001069981552277885,0.26268564053851745,2.150758462938258e-05,0.008400645855575059,1.618305960925343e-05,0.033197460306580294,6.311532759085756e-09,0.0011142605056958896,0.33995270685041745,0.0005617545445896552,0.00017912153287180454,0.06269764216109194
13,0.2692861345611159,0.0036593400521646893,0.00023276535261646618,2.839597970911503e-06,0.00030311818289215824,1.5537201940707485e-06,0.0002534913874462927,0.0005914077161285343,0.00019934859036619169,1.476357135700598e-06,0.0005886095593422516,0.03323266136242779,3.792483746404606e-08,0.0005344842720628069,0.3839591492168461,9.004333349907836e-06,0.006183817542925473,5.439070539717995e-06,0.05240796330858276,6.132992646013037e-09,0.0007732655878492184,0.2023390762488819,0.00011927334857230041,8.269819324258078e-05,0.04523303837951625
14,0.05915144123280902,0.17088105769909248,0.0002790309094805133,2.0536725375111127e-05,0.0025157930348579938,7.454155033719152e-06,0.0005229981791734594,0.001440005279328027,0.0010468774769653221,0.00012344420315791945,0.0005585860069470856,0.002430372110167278,4.3657956722100797e-07,0.0008662795762214905,0.36274324222066023,1.1504662528020405e-05,0.0034488800679166065,2.1195961358486846e-05,0.09546827157019734,1.521991096344011e-08,0.0015183428797478093,0.2355080248971347,0.0001234703268557251,0.0007616644399663663,0.06055107458554715
15,0.2545743980426408,0.007526117026522849,0.00019521087778253364,5.341488757900282e-06,0.00038540624710437063,2.341461529192829e-06,0.00038874338567522124,0.0007631499520561576,0.0002289836775328495,5.977684585594971e-06,0.00028767380817453365,0.011960093069964987,5.151610978849994e-08,0.0005510922705930209,0.3933473890158323,1.9584145188212595e-05,0.005264051948233916,7.454162074817412e-06,0.057813121880827996,7.943909236880067e-09,0.0008862765660149972,0.18259796147223364,0.0002119388189118034,0.00018335995291758795,0.08279427358482554
16,0.23568237734351624,0.00893215565833523,0.0001238976800378798,7.4232991206380885e-06,0.000315910696590395,3.017585294548956e-06,0.00043476235815261943,0.0009415247098794188,0.00016428841756374084,1.2333056589587273e-05,0.00027593885677063684,0.011649058400893452,3.8240284013779083e-08,0.0006002652799247973,0.3142141741219379,3.042996708911081e-05,0.005394955633241295,1.3642626719388214e-05,0.065023190013583,1.0268443289729455e-08,0.0020324385517677688,0.2607687261139452,0.0002785987095135976,0.0001634414934650141,0.09293740091734123
17,0.32025656763664306,0.008245711246308811,0.0002312943813478311,1.1098012664726208e-05,0.0004972858861057014,2.7388632020853295e-06,0.00046342391829986066,0.000824147671071612,0.00014823322339580972,6.975737289319556e-06,0.00030780634915677954,0.020049944229791547,7.589954370901345e-08,0.00118266930326392,0.2697153340018989,2.3751906105662114e-05,0.006177971935379448,1.3946431952151375e-05,0.04842849516788407,1.1533017296334839e-08,0.0012195129089085238,0.20423678236685344,0.00042093018467866155,0.0002013833385916043,0.11733390786664552
18,0.41922614834614497,0.006727204952606503,0.00013685396480299524,3.7746467029064252e-06,0.00016321675294138127,6.142087729197842e-07,0.00027752115634323385,0.0006466904287378166,7.315317335992096e-05,3.611974025478471e-06,0.0001253474162800585,0.01621006579199798,4.1534285279386705e-08,0.00035655491509428195,0.18755610003235648,9.259093170626583e-06,0.010972081314282867,1.1088276821256863e-05,0.027562759820941803,4.688588490809238e-09,0.0006818958047653591,0.22179463196286334,0.000174820225938208,0.00027327935472113243,0.10701328016345475
19,0.209383890045292,0.009864426657745855,0.000471208467391076,8.275651212746806e-06,0.0008879497003354444,2.978829343819887e-06,0.00038825047360859714,0.001130744555037071,0.00045963083385116345,9.453760333064507e-06,0.0003548397492217471,0.020044690038549424,1.1082999555432776e-07,0.0009451863025757349,0.3630250949777917,1.8050774297234946e-05,0.00595877433811911,7.968798499495407e-06,0.07049917223035343,1.207040888123613e-08,0.0009443177832541788,0.23051927463074384,0.00014727903667098585,0.00022062604260905373,0.08470779342275878
20,0.14849487350826374,0.006760420919442323,0.00011630064115002602,3.679460606223747e-06,0.0003466095947442859,1.4001246546444544e-06,0.00021349738192565635,0.0009707563538874931,0.0001780955871392792,6.200603669510414e-06,0.00016328905605140194,0.009138205979889437,3.2926393393741296e-08,0.00035761562697359976,0.4085455796211612,1.3840366239502853e-05,0.006812630151295388,5.27315339931413e-06,0.056396185118412476,5.542038674056001e-09,0.0008946879373852909,0.30073590164031433,0.00016765186429822866,0.0001535643676785111,0.059523702472986
21,0.2452173309418633,0.007635350859070981,0.00019008183662212023,5.208978573885344e-06,0.0003843143018236308,2.262248781941366e-06,0.0003740082291569449,0.0007717004440068349,0.0002333409204726614,5.922685547626091e-06,0.0002834263341453602,0.011331212605340642,4.966265619793592e-08,0.0005270550739213984,0.401197816825978,1.858139829194011e-05,0.0053064843301551855,7.219377581820448e-06,0.05838730102459957,7.632172670543083e-09,0.0008745884281206803,0.18454609311845577,0.00020486588975968697,0.00018316066939337526,0.08231261618350767
22,0.31202097147771346,0.0053616256224614,0.0001981355458137303,4.808033560164488e-06,0.00033515312346554403,2.9307842324061188e-06,0.00038712714002481116,0.0007578118174840869,0.00016086023267665738,4.909513949830957e-06,0.0004066960843975371,0.017176561486868813,3.836816565655916e-08,0.0005359214269602428,0.32441440208265054,2.4202406259049225e-05,0.006377413217670467,1.2111694272897464e-05,0.048511138265346934,9.671002280379393e-09,0.0012491469630011994,0.21890095193792786,0.00024547694350051606,0.00016668060886626442,0.06274491555172747
23,0.2545743980426408,0.007526117026522849,0.00019521087778253364,5.341488757900282e-06,0.00038540624710437063,2.341461529192829e-06,0.00038874338567522124,0.0007631499520561576,0.0002289836775328495,5.977684585594971e-06,0.00028767380817453365,0.011960093069964987,5.151610978849994e-08,0.0005510922705930209,0.3933473890158323,1.9584145188212595e-05,0.005264051948233916,7.454162074817412e-06,0.057813121880827996,7.943909236880067e-09,0.0008862765660149972,0.18259796147223364,0.0002119388189118034,0.00018335995291758795,0.08279427358482554
24,0.21650743388567173,0.01459351206442318,0.00025831530500416104,1.2056792788877114e-05,0.000774724399838305,3.655909197324165e-06,0.0004580334615840699,0.0009192528522595614,0.00025857587883166747,1.2419137935321784e-05,0.00034208709565743285,0.014320996752483876,1.0624942591520653e-07,0.001239823458048935,0.33831177484824626,2.2935885315347836e-05,0.005228506514343726,1.2324705923980632e-05,0.07113517010908661,1.240226741477528e-08,0.0012735348918652995,0.22867333234517812,0.0002965978005779931,0.0002124002890316625,0.10513241696501312
25,0.38486096446132195,0.006095641214736197,0.0002669757496647833,8.996519017236088e-06,0.0003256272265069092,1.4375060896751994e-06,0.0006712794726940326,0.0016555777008726272,0.00018428832131278162,4.177391521837009e-06,0.0006211545359252519,0.02442184207905835,8.024353164462867e-08,0.0005267654132216761,0.2661408262889055,1.575478750168885e-05,0.0094434951733798,1.2742621728021267e-05,0.06260774480599388,1.5611018833311105e-08,0.001122455935809659,0.175562434560581,0.0002547786199689745,0.00027758347865440043,0.06491736028098319
26,0.486481101506794,0.007199806832913335,0.00027846131939992825,4.275671673451788e-06,0.0002541750349283783,8.279210846796962e-07,0.0003735715503124821,0.0009745318758804218,0.00017363067239452225,3.6040509824176035e-06,0.00024363501951877686,0.012798674305058943,7.805715905079068e-08,0.00023011568703225645,0.23435576575227993,8.161741380663405e-06,0.012926197326387818,1.1846506825708599e-05,0.025594026466752386,6.70136470447752e-09,0.0004996481403020942,0.14273327936386707,0.00014728303032585284,0.0006321044379765326,0.07407519102740455
27,0.19057306889195358,0.005062943190397298,0.00011946592803377978,2.6350966182296346e-06,0.0001968138741766416,2.005495856161921e-06,0.0002646832206081876,0.000663042778357737,0.0002936248260955145,5.094247078521173e-06,0.0001640956367003293,0.006259145488034554,2.2681314913911738e-08,0.00025937153992449833,0.4677429640294426,1.7110782419854716e-05,0.0036570424034681774,4.288366428424142e-06,0.05121915064527374,5.915005284289094e-09,0.0006386811203422396,0.19408446900491985,0.0001254298790643875,0.00011697294118637538,0.07852787201729908
28,0.2545743980426408,0.007526117026522849,0.00019521087778253364,5.341488757900282e-06,0.00038540624710437063,2.341461529192829e-06,0.00038874338567522124,0.0007631499520561576,0.0002289836775328495,5.977684585594971e-06,0.00028767380817453365,0.011960093069964987,5.151610978849994e-08,0.0005510922705930209,0.3933473890158323,1.9584145188212595e-05,0.005264051948233916,7.454162074817412e-06,0.057813121880827996,7.943909236880067e-09,0.0008862765660149972,0.18259796147223364,0.0002119388189118034,0.00018335995291758795,0.08279427358482554
29,0.2545743980426408,0.007526117026522849,0.00019521087778253364,5.341488757900282e-06,0.00038540624710437063,2.341461529192829e-06,0.00038874338567522124,0.0007631499520561576,0.0002289836775328495,5.977684585594971e-06,0.00028767380817453365,0.011960093069964987,5.151610978849994e-08,0.0005510922705930209,0.3933473890158323,1.9584145188212595e-05,0.005264051948233916,7.454162074817412e-06,0.057813121880827996,7.943909236880067e-09,0.0008862765660149972,0.18259796147223364,0.0002119388189118034,0.00018335995291758795,0.08279427358482554
30,0.2545743980426408,0.007526117026522849,0.00019521087778253364,5.341488757900282e-06,0.00038540624710437063,2.341461529192829e-06,0.00038874338567522124,0.0007631499520561576,0.0002289836775328495,5.977684585594971e-06,0.00028767380817453365,0.011960093069964987,5.151610978849994e-08,0.0005510922705930209,0.3933473890158323,1.9584145188212595e-05,0.005264051948233916,7.454162074817412e-06,0.057813121880827996,7.943909236880067e-09,0.0008862765660149972,0.18259796147223364,0.0002119388189118034,0.00018335995291758795,0.08279427358482554
31,0.32253938072993965,0.013286491645951328,0.00038269283726458466,1.0156615715119529e-05,0.0006865802865550791,1.3207162690710853e-06,0.0003937209077281458,0.0017258542800386123,0.0002457166438460216,1.091690403021898e-05,0.00020058889580930754,0.01604305733718644,1.1393169230470503e-07,0.0006963106380672863,0.23655233015947796,1.6487712688774258e-05,0.010008534078166856,1.1648550551335469e-05,0.06409088374201914,1.1100491481051077e-08,0.0009850591127776483,0.21548351213593667,0.00018363268834801507,0.00047821663228766564,0.11596678171716127
32,0.23610822090618244,0.006869219826510682,0.00017904955260443086,4.695551169381497e-06,0.0003547406755483221,2.2295737045978847e-06,0.0003601620107538258,0.000770731022998882,0.00024366317020728268,5.831677998399036e-06,0.00025881331752948365,0.011008975587502828,4.4597713577401606e-08,0.000504683476045088,0.4062053666917698,2.0091480715643593e-05,0.0049351152630116865,6.333081630467543e-06,0.06519039208580815,7.56262496695901e-09,0.0008731055163178887,0.18737488499496824,0.00018552432177678844,0.00015583158215389957,0.07838228647275328
33,0.16830995905209126,0.010435701604346773,5.6480148635245416e-05,2.7653999243050546e-06,0.0004318847198413027,1.312883668966001e-06,0.0001431919750625153,0.0004610316109509169,2.912098162037813e-05,4.320068067478885e-06,0.00013181241970473514,0.011909153967026161,6.400397427320416e-08,0.0006084264773779802,0.16761468582611963,1.0149705537439534e-05,0.009318173062920912,1.1316063510553309e-05,0.03149404059387886,4.649405302162666e-09,0.0004915407758088176,0.5781337025450181,0.0002858525681310854,0.00014121726436192372,0.01997409163301507
34,0.2509924471959717,0.005553162190590815,0.00020105558100736863,3.0891143141283397e-06,0.000229322812630988,2.087016491213843e-06,0.0003921827518814598,0.0006803948854577416,0.0005169579548685365,4.811298720982655e-06,0.00022582271680124144,0.007257740331615836,3.5917856657488445e-08,0.00033871326597225695,0.4468231060812831,1.693641221352565e-05,0.0028247043103283857,3.918064301966697e-06,0.07388079422678552,6.6231924662936855e-09,0.0005878820105512008,0.12738919249118133,8.501330791532644e-05,0.00012304316849121193,0.08186758026957489
35,0.26867750142678665,0.007556979535007796,0.00019570067251379445,5.437724279915466e-06,0.00035781083801547897,2.17280131867985e-06,0.00038832263537087877,0.0008440118496420424,0.000244196426179441,6.257529144002096e-06,0.00027557604758190335,0.012048060055763702,5.13643881224311e-08,0.0005045182889222655,0.36688739675173787,1.8541592989213652e-05,0.00551870676950128,7.950795624341038e-06,0.05926870951915415,8.270613746747189e-09,0.000886870295240659,0.18794240811175267,0.00019253814633902748,0.00019151473920139462,0.08797875781293098
36,0.24398491507663708,0.012911665483885013,0.00012656074252646364,8.669090060646906e-06,0.00030562723055697254,1.3499341948245448e-05,0.001043633585512346,0.00041757139230272654,0.00022612326064661527,8.814439688085046e-06,0.0011956309220200465,0.00511896838186974,4.5062621507124164e-08,0.0007198353627604878,0.4819146098593075,2.974524527294813e-05,0.0017648647569085535,2.720555259400276e-05,0.03326383528609611,1.5391021207617396e-08,0.0014122948926946499,0.14776423609145664,0.0006197254403269779,0.0001890250093798142,0.06693288310190541
37,0.6418310255628,0.004928963674986684,0.00019207283149123993,2.8435806579831298e-06,0.0001671959729112552,9.5082657495389e-07,0.0004105785932217168,0.00033712849662609833,6.289143666977463e-05,1.6743625202900355e-06,0.00022069664082139447,0.017744354558371662,4.941422693155921e-08,0.000534838674549027,0.13261661517142398,1.0437917876545349e-05,0.004749276244262176,1.0302927457989877e-05,0.02492427763652954,4.963580794372359e-09,0.0003997555199637517,0.11878836106187325,0.00013810022076900174,0.00018113421529210872,0.051746469494541716
38,0.30004458589394417,0.0026410304336395188,7.33621757220954e-05,1.4682351733190123e-06,0.00010722719914246755,4.219811127860945e-06,0.0005570842134245877,0.0002181559792726352,0.00010738951111552336,2.1984591187846434e-06,0.0003356181082479212,0.0070318931425897265,1.5383737640240255e-08,0.0003348086041195552,0.4951503670066955,3.7990647853757464e-05,0.0017491102143793516,4.864636403896641e-06,0.036483644285431084,5.372712032052187e-09,0.0005993044478981751,0.11878824690930438,0.00027175868923094037,6.567499993560675e-05,0.03538997563977948
39,0.2301576357623573,0.0026698723134001246,0.0002019182013967152,6.197999834535555e-06,0.0004488989479243684,3.525708371149755e-06,0.00030536359335519897,0.0013682515775319426,0.00025174244881470063,7.537478849023118e-06,0.00026764476974635036,0.01963901280018029,2.198362190568311e-08,0.0004852331265380778,0.37991926743382154,5.432502878617479e-05,0.005106828521652439,6.3648176670131555e-06,0.09862000897265291,1.0967163697254615e-08,0.0021375590184690135,0.16515095719082262,0.00024629255158828883,0.00010596138734722727,0.09283956739810753
40,0.3318493901658801,0.004688081927790545,0.00011593374639847393,1.3117737603589999e-06,0.00015307147859504046,1.7264599811125333e-06,0.00024390752651636964,0.00025429398734018455,0.00010165244920435025,1.8066519350860768e-06,0.00019350848425746543,0.012581497421806262,1.9854597248085973e-08,0.0004811865141588679,0.2738164367359758,1.1537828804819749e-05,0.003182829848441588,6.070520964218974e-06,0.035048021275879665,3.809040363480398e-09,0.0004823272329667355,0.2930404777264226,0.00010585430578371567,6.694822269551366e-05,0.04357210405080366
41,0.06311499821190758,0.006644772238716553,0.00042598506582603883,3.376096763174327e-06,0.0009090963198468126,3.713848253612141e-06,0.0001919747099174642,0.0005230301294782728,0.0014753411588649872,1.1079134121074735e-05,0.00010862359707433548,0.0025666482002157792,3.752897646888325e-08,0.00045843669001639943,0.713511491333274,2.1357004814789913e-05,0.001095820314017016,1.0432991939111035e-06,0.06472520557063041,4.2462914660743674e-09,0.000502810705985028,0.06481854707559234,4.645818179582385e-05,0.00011795713943571045,0.078722192198991
42,0.49097849952304645,0.024258363960183882,0.0008629733283194986,3.2134932474549874e-05,0.0013351197667526996,6.084413110492129e-06,0.0010257068303023466,0.0003707803900136122,0.0003061186227238186,7.806491135171511e-06,0.0009898790594277697,0.024900483325470874,6.619025333296812e-07,0.0029994275949251754,0.18431194787989688,8.626532566377449e-06,0.003691930840157516,4.220982766706515e-05,0.01784400748029615,1.335633439758298e-08,0.0005806984448765995,0.0527603812963418,0.00043199516025375765,0.0007365080758528316,0.1915176409653367
43,0.08149665026750526,0.005009949788947471,6.420999935186402e-05,4.424930258117987e-06,0.000503400265030419,3.95832886851551e-06,0.00016205029957744785,0.001164182917829087,0.00023567132100542562,1.7918887883977895e-05,0.0001465619202653165,0.005163509626410061,1.5456690030684107e-08,0.000281110322129237,0.4786529254518068,3.783216036737983e-05,0.004251377186998696,4.9579213787506845e-06,0.09303477451021698,5.419319550803623e-09,0.0020716173557171107,0.2702456724488369,0.0002076113396211492,9.516068550106024e-05,0.057144451188483214
44,0.2545743980426408,0.007526117026522849,0.00019521087778253364,5.341488757900282e-06,0.00038540624710437063,2.341461529192829e-06,0.00038874338567522124,0.0007631499520561576,0.0002289836775328495,5.977684585594971e-06,0.00028767380817453365,0.011960093069964987,5.151610978849994e-08,0.0005510922705930209,0.3933473890158323,1.9584145188212595e-05,0.005264051948233916,7.454162074817412e-06,0.057813121880827996,7.943909236880067e-09,0.0008862765660149972,0.18259796147223364,0.0002119388189118034,0.00018335995291758795,0.08279427358482554
45,0.2576916677700744,0.007744568013985464,0.00019356467123010648,5.543567482645966e-06,0.0003842345888867473,2.3882967204744007e-06,0.0003882010192906829,0.0007529396726475156,0.0002233416477055972,6.087747970691003e-06,0.0002914524395922143,0.012145869376400107,5.134887380303922e-08,0.0005684110077205463,0.38465898694299344,1.9529990599852267e-05,0.005288298021516798,7.934358350137545e-06,0.05706782838745356,8.045781309415834e-09,0.0009204290935936434,0.18531579556434735,0.00021803191615723388,0.00018261766818562688,0.08592221884243995
46,0.37158975338418937,0.0046584331341925685,0.00011058662005368526,3.4144547936324786e-06,0.00021949475986531028,2.7097237206434187e-07,0.00012194493604013655,0.0014650408819153623,4.973928377710283e-05,2.409733569402205e-06,0.00013679218519319913,0.02146735694986969,4.690401508160111e-08,0.00012838199114536378,0.2048050679090652,5.952002973594882e-06,0.050863346177577685,8.742772496184474e-06,0.02764361112263535,4.346944358308623e-09,0.0006952572323845348,0.25969662188710446,0.00018055134343056847,0.000480321936888104,0.05566685707750795
47,0.2199529756467197,0.008372700337850297,0.00021611173271514605,6.6554092297472094e-06,0.00048816802833629694,2.698025088069722e-06,0.00041173661590256886,0.000844089547822323,0.00027485227473831236,7.2461588412605756e-06,0.0003145515731583197,0.010998492601377067,5.880208920222539e-08,0.0006258115473129312,0.4302409268926316,2.078289501212382e-05,0.005014664090808187,7.331294819842042e-06,0.06328432246070619,8.518217339152777e-09,0.0009683826788886243,0.1692860819430379,0.00023503821594568765,0.00019802296352303472,0.08822828974522819
48,0.23010028940454766,0.008547947866577348,0.00011835536061924021,4.161003903132493e-06,0.0002936318030379749,1.190778097503287e-06,0.0003240254124868128,0.0009646377501356298,0.00015373289843431795,6.199297554558916e-06,0.00017552230576376105,0.00909207177035989,4.877059480545412e-08,0.00037412505332044637,0.36444155031746067,1.6074491835897583e-05,0.008020554874229556,5.954501480151846e-06,0.06754713122748425,6.348886660114838e-09,0.0007543700472838402,0.24315883831804178,0.00019356775519921324,0.00020443099004500455,0.0655015816526199
49,0.2470346710434645,0.005446381196386528,0.00022400716114458406,4.424977812360849e-06,0.00045942311412169987,3.3209521747029933e-06,0.0003077057263584765,0.000666210986947927,0.00020215106257324327,4.775472394803228e-06,0.0003505471614240675,0.021277398539053638,5.0642524669794856e-08,0.000670681304554932,0.3521740615921343,2.062321742218602e-05,0.0054333201858590575,8.96654299336291e-06,0.04994299553534846,9.247400259019932e-09,0.0009193824019885393,0.254519086692458,0.00020962093179475002,0.00012904171422284735,0.059991142597442086
50,0.20959922052257848,0.009292869996472096,0.00018413199331875256,5.875624368342622e-06,0.0003379602876778025,2.8131346168671936e-06,0.0008079813536303926,0.0009716839307822012,0.00042129651425769387,1.6544730939126062e-05,0.0001322933084736648,0.0052980659246140835,5.5118715575183074e-08,0.0008257254876249934,0.3405173000799505,4.548796796397089e-05,0.001977085943359121,4.048392299514612e-06,0.13553988497750868,1.0692289898106501e-08,0.0007060745587843554,0.20481022659470796,0.0001491215203431401,0.0001234911664969952,0.0882307501782257
51,0.2622285815052073,0.009131965073119277,0.00020851229771832365,6.772974223898725e-06,0.00040395162573509557,2.5179499824031757e-06,0.00046063616954779616,0.0008726752243892464,0.00023479042689189577,7.166228812639559e-06,0.00034473122668987415,0.013259819763401405,6.144774562763071e-08,0.0006590727327519397,0.3470750513789282,1.7532660434881382e-05,0.005404706107822311,1.0721852923076045e-05,0.05781701937355376,9.42703293021082e-09,0.0010566298463597123,0.21697982777101546,0.00022049014866427376,0.00020071493376711165,0.08339604185328152
52,0.27111498736589973,0.007375764344016861,0.00018229924868536155,5.132415411789355e-06,0.0003448530339467218,3.3904079229154668e-06,0.00043661827573907193,0.0006334728463255047,0.00023254417359251593,5.917621083461895e-06,0.00035355207018522366,0.011586990122554418,5.293593827214456e-08,0.0005672430147481396,0.3888780962917552,2.06472172349919e-05,0.004422160850484274,1.001274663832828e-05,0.04771892100994569,9.16424511264704e-09,0.0008617347299744248,0.19009023523444657,0.00023828017548170952,0.00017309731507801548,0.07474398738866571
53,0.2799175209165143,0.0043823186904236,0.00012574407717000013,3.1232860279722884e-06,6.996481503916713e-05,2.697758188382861e-06,0.0012279665306232006,0.0003683950109520195,0.00022193830027100972,2.9121449450268924e-06,0.0004268543115093608,0.004300072787238643,3.1698607006905623e-08,0.00027810650379254167,0.5252203163165882,2.755424233430957e-05,0.0019715614540617254,5.516702462591782e-06,0.027990971278448396,1.2722672204758099e-08,0.00043694725406939543,0.08889711077079972,0.0003143179428944784,0.00015170597671601614,0.06365633850765097
54,0.2881110141289955,0.00839463326042975,0.00014477979298786433,3.6839608680691223e-06,0.00013150166949301724,2.446416922113856e-06,0.0006474189172573572,0.0002806116001043924,0.00020440446850970227,6.385741570057667e-06,0.00012532859731786492,0.006914853842729217,3.758479693456334e-08,0.0007802569651572473,0.362814505236935,3.1643163155733615e-05,0.0015848587473149287,4.329079533960485e-06,0.044893308457230024,7.995175502573243e-09,0.0005308289423367006,0.14126705574790388,0.00017613786455423727,8.688801733664269e-05,0.14286307980138416
55,0.3948167249547503,0.007720145045465099,0.0003173194281378344,5.614266341972848e-06,0.0002792998530874102,1.7377369773763546e-06,0.00043927448113891714,0.0008041589329911879,0.00036606651935363043,4.6688115837746695e-06,0.00033195920437955673,0.018172607573753222,8.385845096964319e-08,0.0004516257169675559,0.27172687298853837,1.0996838253531113e-05,0.005462509328933745,1.0292018468084528e-05,0.04593530703292794,1.0234429390081256e-08,0.0006089093837253373,0.14163459267587053,0.00011096925939763013,0.00023572934469547348,0.11055252451138109
56,0.25855312302270117,0.008306486459716936,0.00021135270877605902,5.640980613117264e-06,0.0004066300562453825,2.3749774198500798e-06,0.000406749107242809,0.000790299382059575,0.00024325963757846882,6.264245896292983e-06,0.00030325494763769724,0.012369386338771203,6.435431934511676e-08,0.0005704267378570069,0.3883613667689214,1.8832089054803332e-05,0.005626017107560121,8.059891554528753e-06,0.056631259278671776,8.836353198672538e-09,0.0008478742348829789,0.1858737756763463,0.00021130583302546063,0.00020556035792316537,0.0800406269688713
57,0.17610797519346702,0.005146161164161483,0.00030410146961678267,4.572252345762225e-06,0.0007560469351648009,1.3745811902314046e-06,0.00015421766051655752,0.0014826204341768035,0.00032809989555692245,7.654253722842219e-06,0.00015127554157024745,0.025266093820946054,5.16698491948035e-08,0.0005335003894616236,0.31610747705295544,1.9074858189556884e-05,0.009814415461095053,4.0031872421025386e-06,0.11282720132128328,6.870828108455985e-09,0.0011083677620868588,0.2760178421653204,8.535858625167182e-05,0.00013025216947702256,0.07364225530352422
58,0.2677827028222434,0.008196210268064706,0.00020670818117406924,5.247320489732612e-06,0.00038392608709082965,1.85600239930715e-06,0.0003891347839889669,0.0008450044057022798,0.00021139824525044374,5.8630554636514706e-06,0.0002764219989375633,0.011841690170554491,5.895758568780324e-08,0.0004813501279048848,0.3836242101536187,1.700985095149396e-05,0.006795648374625738,7.96715608093991e-06,0.051303242139829223,7.695515830902352e-09,0.0008441042936633072,0.18602726067836423,0.00021512473518115122,0.0002527300264642933,0.080285122468855
59,0.2959385756546972,0.007876685043047772,0.00025849667153104956,5.577389279194927e-06,0.0003922176995553887,1.7656737283043983e-06,0.0004204998044431487,0.0009239222130010618,0.00022296152950168914,5.7128810213092615e-06,0.00029300171502532344,0.012841053339651055,6.152343509608823e-08,0.0004695600938379108,0.36696356863715135,1.701276249628864e-05,0.007249428440194671,8.835735030729086e-06,0.04701297824839729,8.386273812657401e-09,0.0008751955490669963,0.1723082601272391,0.0002070790690814734,0.0003085762287792913,0.08539896558453364
60,0.2545743980426408,0.007526117026522849,0.00019521087778253364,5.341488757900282e-06,0.00038540624710437063,2.341461529192829e-06,0.00038874338567522124,0.0007631499520561576,0.0002289836775328495,5.977684585594971e-06,0.00028767380817453365,0.011960093069964987,5.151610978849994e-08,0.0005510922705930209,0.3933473890158323,1.9584145188212595e-05,0.005264051948233916,7.454162074817412e-06,0.057813121880827996,7.943909236880067e-09,0.0008862765660149972,0.18259796147223364,0.0002119388189118034,0.00018335995291758795,0.08279427358482554
61,0.2808727891118879,0.00785860713079909,0.00027301556137845136,5.412602549597844e-06,0.0004174890662312731,1.9065957850940731e-06,0.0003989563745033119,0.0008532982689073618,0.00024243582491838243,5.433133836341695e-06,0.00031057585887187835,0.013766988089446746,6.119406913548658e-08,0.0005194292357656385,0.37831748139414395,1.697609808342785e-05,0.006605247840478906,7.981106272309217e-06,0.05100144488149543,8.378677666245778e-09,0.0008627588141650945,0.17280884295646196,0.00018914939823037942,0.00025687839799474625,0.08440683268504597
62,0.2545743980426408,0.007526117026522849,0.00019521087778253364,5.341488757900282e-06,0.00038540624710437063,2.341461529192829e-06,0.00038874338567522124,0.0007631499520561576,0.0002289836775328495,5.977684585594971e-06,0.00028767380817453365,0.011960093069964987,5.151610978849994e-08,0.0005510922705930209,0.3933473890158323,1.9584145188212595e-05,0.005264051948233916,7.454162074817412e-06,0.057813121880827996,7.943909236880067e-09,0.0008862765660149972,0.18259796147223364,0.0002119388189118034,0.00018335995291758795,0.08279427358482554
63,0.25503267370557214,0.008709250751560432,0.00018519253016729536,5.0235414056979175e-06,0.0003411390779935472,2.1285100400999707e-06,0.0003935248973752877,0.0007376950469126634,0.0002317427028302708,5.8906796743694715e-06,0.00028563805729428884,0.010560233580905614,5.4958817928712646e-08,0.0004970324276693024,0.3941223928857668,1.693549834554743e-05,0.005360072380653567,7.67711668700227e-06,0.05393082966366623,7.994187608221744e-09,0.0008091227800375507,0.1869492775249319,0.0001954028573470007,0.0001991072853417884,0.08142195354481614
64,0.235853324057541,0.00673695095964645,0.0001699600654882257,5.364405761686209e-06,0.0003795461632812087,2.195629396400721e-06,0.00033791365121838403,0.0008437049014510846,0.00019860305011552446,6.092167256807272e-06,0.0002980987568327474,0.012460749199454974,3.7681236872354826e-08,0.0004882023394172854,0.40663241893414964,2.0504192361354553e-05,0.005855947145500681,7.775670029314613e-06,0.0616269781538548,7.090725780826904e-09,0.0013064088997092574,0.18209058916519857,0.00021923546257429202,0.00017577237217571335,0.08428361988562186
65,0.17148425760930366,0.0025965218175041434,0.00016205667642102623,1.6910194118281385e-05,0.00294742016611726,3.3909114976785623e-05,0.00016085672726365115,0.00041687442586485317,5.3792725591452444e-05,1.2424094063734288e-05,0.0005580273985890061,0.1064027025166636,2.8068068116972817e-08,0.005776549599805595,0.21556769853143318,0.00011311527293887775,0.0036932526492894245,3.528265557314859e-05,0.07714609120686924,9.233659600511093e-09,0.00822784593612932,0.32311120734498056,0.0011743219300703934,3.1100825174346405e-05,0.08027774327953077
66,0.2512418566229086,0.007353332762634167,0.00022173297488427217,5.821458863342405e-06,0.00042097392912685574,2.729551092705249e-06,0.0004340658279880588,0.0008538118524549342,0.00029536856609856994,7.458186503335426e-06,0.0002761436192589129,0.012565606135354965,5.856724627790127e-08,0.0006278081211313092,0.3788544770489802,2.4737547899159257e-05,0.004561266909984594,6.817210266694774e-06,0.07355326930809963,9.594490571908528e-09,0.0008936131907895168,0.18286040401895076,0.00018962558881812917,0.0001621147009071532,0.08458689670526731
67,0.2515246825677317,0.0035437393956344104,0.00018522202649319368,5.178063251806685e-06,0.0002796386032261742,7.225833072051813e-06,0.000563044790311258,0.00018134339461215525,7.620401370578643e-05,2.6130525255023385e-06,0.00042674127330105893,0.019095169081775942,4.106048253045107e-08,0.0014801283588040874,0.48837762751423414,5.855427811735816e-05,0.002576990759259672,8.762743019444198e-06,0.023662760133770472,1.2834888372058614e-08,0.0009037627514905623,0.12093034764672025,0.0009989156523094256,8.050811032598422e-05,0.08503078606093646
68,0.42459734731068405,0.0043010095374039,4.689174384797612e-05,4.3046235947174785e-06,7.490282116110504e-05,4.508663919042544e-06,0.0003298805960079797,0.00024337726009723108,3.728849484637225e-05,2.071850522728445e-06,0.0008162219878932137,0.016647941799190838,1.753396398355546e-08,0.0002318631470890107,0.254592538218011,1.2659368278985643e-05,0.0067602292567064395,5.609736564216702e-05,0.00931404320814907,9.572963720630117e-09,0.0014538318642275641,0.19584129177677076,0.0008422692867883111,0.00014730815574704993,0.0836420945564927
69,0.2687613359271641,0.008157553736609075,0.00040875212466762704,1.2328658704758664e-05,0.00023867148507005309,9.469501151234137e-07,0.0005721943761569615,0.0018544638002166902,0.000400829061649885,1.0336790050441334e-05,0.0001867124580640842,0.008731136707727688,7.0176738869262e-08,0.00029905474352009113,0.3164630789132025,2.4312988329182587e-05,0.007856010002159027,6.990150909632064e-06,0.05628669576224579,1.9695138352016258e-08,0.0010713096585549242,0.07992334330727684,0.00016307464306108347,0.0004939212984763265,0.24807685658419074
70,0.2488154919792553,0.007596174202199178,0.00018571002257337604,5.261456079463018e-06,0.0003799175385638904,2.224223758550112e-06,0.00038287418142471657,0.0008104936946577716,0.00023129634012868696,6.067553950472428e-06,0.00028600790164155565,0.011360161232768513,5.062183099851629e-08,0.0005055327738975776,0.39962521098763654,1.8930393365072195e-05,0.0054716927903165164,7.318252185930553e-06,0.0593581318347935,7.768962359613862e-09,0.0008853756499775087,0.18324112901998893,0.00020773485628558638,0.0001903574231758103,0.08042684730058226
71,0.27053825136203763,0.00705266140504545,0.00018890841582797606,5.226706623168643e-06,0.00034501555522457606,2.24717222283977e-06,0.00041291402466159374,0.0007595369307610753,0.0002125552612933762,5.516177148360224e-06,0.00029631017839273216,0.012158460347733671,4.985510399301726e-08,0.0005267062026187289,0.38594081929267365,2.003656736513706e-05,0.00536075533023874,7.692747393725034e-06,0.05586232552020378,8.224801121677112e-09,0.0008813388432119246,0.1781549535158637,0.00022210004750950637,0.00018495375647036493,0.08086065655957311
72,0.29221235032144693,0.009221786254316322,5.1633334445940186e-05,5.162421802844951e-06,0.00019053152748193898,8.214178608886074e-07,0.0004894784670496186,0.0022886311739763283,6.991388444939059e-05,7.385432456927057e-06,0.00041067384362384566,0.008409506024635936,4.7790483554934137e-08,0.00013596007897698315,0.2662500989278036,1.1097331291031355e-05,0.022625626669747264,2.280209169292276e-05,0.0626059766282719,7.534639476372215e-09,0.001590110124640544,0.30069570901440756,0.0002995018166246035,0.000560865298228023,0.03184432258964568
