,0,1,2,3,4,5,6,7,8,9,10,11,12,13,14,15,16,17,18,19,20,21,22,23,24
0,0.012948222220580992,0.014650862980942033,3.674722646428927e-05,3.470320018878856e-05,0.17843912538534182,0.005071954223496537,0.0004294646023575641,0.0002684008356419721,0.07824702803132001,0.001474511459369825,0.0014932494308310484,1.1418662881903971e-05,3.280761359778484e-07,0.0008039967843506741,0.016485240813844056,0.0001401926631509085,0.0004434175693920056,0.0011231944818910961,0.6728844798816895,2.3559839127360263e-07,4.654062429177742e-06,0.001676182043784237,0.0004228361315436269,0.00011874580846055572,0.01279080782551998
1,0.008325523728378897,0.018338893441276746,3.82600982685648e-05,1.5819506054418444e-05,0.19138764482346232,0.003773737842701618,0.00025210005367809805,0.00012847454882893892,0.057545190638969346,0.0009260931870860859,0.0011374944794274855,9.084928939402895e-06,1.4760018681166486e-07,0.0006671039945204475,0.015135454254550526,7.855651185288358e-05,0.0002775816096076648,0.000520788215300041,0.6865913914550256,1.2034126006239977e-07,3.4103387889902775e-06,0.0015632405568140428,0.00023085327945470945,7.224550494739841e-05,0.012980789060618805
2,0.009956274175983292,0.03375665367494135,4.6103149561622034e-05,2.201286504491579e-05,0.2993293705007617,0.003817092610455089,0.0003241460025155003,0.0002100279420915456,0.08044487231596704,0.0013321137204108315,0.003597602473640619,2.1812111976020193e-05,1.6177197118080906e-07,0.002081190157546754,0.05508240322053665,5.812883612010643e-05,0.0003244569427101992,0.0010101248989057285,0.46757195537307833,3.0668724662206625e-07,6.150103962533252e-06,0.0021047241195696546,0.0005302332849019981,8.490608635890393e-05,0.038287176973741795
3,0.009248850458496612,0.02774814318192097,3.580045711640462e-05,2.1982043008866092e-05,0.20716504336586353,0.004928414965327364,0.00042303454699338833,0.0001523464020623137,0.04917125981782565,0.0009754433855730191,0.0016636665111198056,1.7919138112393544e-05,1.6979757911085854e-07,0.0015615949518914397,0.026926852082840052,8.74526904745093e-05,0.00043333916598658605,0.0010420418906099073,0.6394401301759423,1.8109920431582293e-07,5.5833535858773485e-06,0.002579955322951251,0.0004069855190092785,0.00012462910611617828,0.025839180570388996
4,0.009596385640134444,0.02520299575771011,3.4678513603410706e-05,2.147664053306587e-05,0.19526049512078245,0.004757277855999564,0.0004100815463431411,0.00014932325407541295,0.04271483800488319,0.0009404745120238939,0.0014960716052816317,1.683436933424824e-05,2.0016043960118515e-07,0.0015913353513942903,0.023388187568356235,9.20597525220657e-05,0.00041708528450363493,0.0010863569547630598,0.6673840269495848,1.871046467660951e-07,5.047181265275863e-06,0.002266038177166332,0.0003768751583613133,0.00013492291938101651,0.022656744616910973
5,0.008728075982202538,0.029951093683001962,2.8973761019313764e-05,2.5973280950457255e-05,0.18002518594655906,0.005256945710104302,0.0003618153742309772,0.00015063406156040846,0.04299593644588881,0.0008751033200526475,0.0016369213928382309,1.5449234622321484e-05,1.8146037589936817e-07,0.0015377961053064193,0.02697758521654289,9.264037388839859e-05,0.00042858307493408575,0.0014197610253318847,0.6740338533309392,1.920695910710262e-07,5.588356376203925e-06,0.0025249304535052627,0.0004241984709676227,0.00012204565327702362,0.022380536215932924
6,0.009248850458496612,0.02774814318192097,3.580045711640462e-05,2.1982043008866092e-05,0.20716504336586353,0.004928414965327364,0.00042303454699338833,0.0001523464020623137,0.04917125981782565,0.0009754433855730191,0.0016636665111198056,1.7919138112393544e-05,1.6979757911085854e-07,0.0015615949518914397,0.026926852082840052,8.74526904745093e-05,0.00043333916598658605,0.0010420418906099073,0.6394401301759423,1.8109920431582293e-07,5.5833535858773485e-06,0.002579955322951251,0.0004069855190092785,0.00012462910611617828,0.025839180570388996
7,0.02545724322698425,0.013141089083497452,5.1056242684035764e-05,2.496970851581239e-05,0.18029727676509916,0.0018679766493870968,0.00048380891946173945,0.0002649945115687579,0.044962678811457456,0.0017394442929491063,0.0018751390836328943,1.111081973692586e-05,3.7360134958858803e-07,0.0008835942204104855,0.010216247762529962,7.127885507547224e-05,0.00038353425407781894,0.000418361137867404,0.7003681181640139,1.73003544009424e-07,1.3147822719714998e-06,0.0019736323620937754,0.00011733310008015946,0.0001024460090293405,0.015286804632681448
8,0.010039246158498518,0.027309871132174805,3.932886670273892e-05,2.2568452263582353e-05,0.21044664118845618,0.004863939290864926,0.00044858008904172063,0.00015620528997011755,0.0500521266014703,0.0010650019136830527,0.0017139181657831314,1.9189620016503544e-05,1.7976213557181008e-07,0.0016829716253505549,0.027122425950197492,8.856355854111563e-05,0.0004577932162459531,0.0010069550667490342,0.6324109152761802,1.9236750066404504e-07,5.878665124340369e-06,0.002601290523467891,0.00043832589613075433,0.00013794739043986563,0.027869943933011176
9,0.013930652918419372,0.03206425840012294,4.85919728182939e-05,2.65745856674001e-05,0.21635374728302403,0.004645193166197355,0.0005011090049615013,0.00017593548415456396,0.06006089050008837,0.0015404379759279242,0.0023613230815050534,2.4565563218392164e-05,1.8403188088367554e-07,0.0024720215631045023,0.03876724906364567,7.76883402395875e-05,0.000535305124473694,0.0009798155344171826,0.5753067311636219,2.3689645955980556e-07,7.460476121766621e-06,0.00286534190702169,0.0007168824227548605,0.00018905787069429587,0.04634874566945923
10,0.009248850458496612,0.02774814318192097,3.580045711640462e-05,2.1982043008866092e-05,0.20716504336586353,0.004928414965327364,0.00042303454699338833,0.0001523464020623137,0.04917125981782565,0.0009754433855730191,0.0016636665111198056,1.7919138112393544e-05,1.6979757911085854e-07,0.0015615949518914397,0.026926852082840052,8.74526904745093e-05,0.00043333916598658605,0.0010420418906099073,0.6394401301759423,1.8109920431582293e-07,5.5833535858773485e-06,0.002579955322951251,0.0004069855190092785,0.00012462910611617828,0.025839180570388996
11,0.009795508591606177,0.024186198772347088,3.616470788695811e-05,2.082609765013017e-05,0.18984689971307048,0.004804311646951099,0.00043732518855990425,0.0001682305933241417,0.047168043725715515,0.0010337152120789752,0.0014753253879620492,1.728161477739804e-05,2.0628154626644884e-07,0.0013985067996428206,0.023274777899280685,9.280332485037369e-05,0.0004516882690046565,0.0010306183316314606,0.6694612056432906,1.8317381617788083e-07,5.098621816000779e-06,0.0024570510446168367,0.00037010649947016253,0.0001388863495850745,0.022329036509519
12,0.0011446970475405436,0.009472587259287318,8.760488595128351e-06,8.080082258602986e-06,0.7897673566196818,0.004522517789998002,0.0003902017551347504,3.816907959867929e-06,0.017316397861883187,0.0001730095896325922,0.000714672286714968,1.3030920991109917e-05,3.869888519605549e-08,0.013092650317367881,0.010373892589741777,2.8476752201547316e-05,0.00013984051249302213,0.0017536443386222767,0.07268991395024443,3.57791264132969e-07,9.324837219248824e-06,0.00021517860279510371,0.0029118423407163275,0.00010314702395520119,0.0751465636348162
13,0.018766223328785265,0.025499817515714687,8.570806803910339e-05,4.077471486620474e-05,0.30646548671726787,0.0029609803928645037,0.0005490007464429387,0.00031334293413826813,0.06247071529871659,0.001763178306233315,0.009705740540994169,5.346767545551072e-05,2.992729705629848e-07,0.005963866758967506,0.08511774051412539,0.00011610194716515877,0.0005229732847354736,0.0017378606144845298,0.43341735392118264,5.752485960978444e-07,1.1515403198763647e-05,0.002440620454482659,0.0008108229914974548,0.00011539814241178662,0.04107043520666377
14,0.0061218545511801566,0.033715415526246635,3.0110716972363916e-05,2.0701426795186775e-05,0.20538780677594784,0.004669113501492061,0.000245644335752728,0.00010076181402566254,0.03834072707499117,0.000664955603986612,0.0015806045450103493,1.1370557326189113e-05,1.353529693893349e-07,0.0011356914578725531,0.0234858632023147,7.50369411064988e-05,0.0002770701783729569,0.001034597133328095,0.6628645130222333,1.596935810967234e-07,4.311122956218432e-06,0.0021090249676121854,0.000295076669947207,7.366857047506093e-05,0.01775578525750394
15,0.009248850458496612,0.02774814318192097,3.580045711640462e-05,2.1982043008866092e-05,0.20716504336586353,0.004928414965327364,0.00042303454699338833,0.0001523464020623137,0.04917125981782565,0.0009754433855730191,0.0016636665111198056,1.7919138112393544e-05,1.6979757911085854e-07,0.0015615949518914397,0.026926852082840052,8.74526904745093e-05,0.00043333916598658605,0.0010420418906099073,0.6394401301759423,1.8109920431582293e-07,5.5833535858773485e-06,0.002579955322951251,0.0004069855190092785,0.00012462910611617828,0.025839180570388996
16,0.010299961204938396,0.019310027862711233,5.6715626152959026e-05,3.6915956903763064e-05,0.21784156906294566,0.006015284411056883,0.0006241481089316437,0.00020975598532313097,0.027459546791436907,0.001001735744443179,0.003310643973789875,4.772338229421791e-05,3.767927117706698e-07,0.0046148203322765044,0.0452270830775962,0.00025343735993790556,0.0005435620585948127,0.003334516429163583,0.6398841356366609,4.539306245775736e-07,1.55198377738345e-05,0.0024146115255666055,0.0006185920989996322,0.00018225843612296107,0.016696604373042868
17,0.02245119076355757,0.024070618953745366,6.474428803318194e-05,3.574033364751263e-05,0.3725305648617062,0.0033686660854203914,0.0013966586763316056,0.00022175582252535178,0.05870664549515568,0.0011173297081935034,0.0032775109481822883,5.077205846798845e-05,2.723487524325382e-07,0.004928206772385641,0.02824002568807769,0.00010774580150854059,0.0008549389636873471,0.0009915725158836325,0.41038059496973506,3.0480082683288915e-07,8.17234343490207e-06,0.0037126989183961937,0.0005691587435292124,0.00019326900374059337,0.06272084113507526
18,0.01430580236698711,0.04528773088183227,2.176691733499983e-05,2.3449864026026838e-05,0.198265510815146,0.0037244994097028546,0.0006198602823629533,0.00011268719648418065,0.061765180112354136,0.0009511690671952608,0.0018780304005217036,1.8568542470127096e-05,1.0980723616307566e-07,0.0020623523361866683,0.023279818306132672,3.8451613859041406e-05,0.0009459602800167259,0.0009426195918400828,0.5335480004316858,1.4559454586858402e-07,3.4453778108981893e-06,0.0057093911689045755,0.0005492499525765103,0.00015259812131303722,0.10579360156147435
19,0.011168690962044883,0.0174242072000311,5.584048625084183e-05,2.4565218969661528e-05,0.23099677043151975,0.006356749710750213,0.0008956452953706332,0.00028432638914903103,0.06873183288306015,0.002333218880548948,0.0013539826142851257,2.8810037799474946e-05,3.1571561652930623e-07,0.0010105396232941509,0.017219597613609368,0.00010670333908001205,0.000601610739602044,0.0006018451093588197,0.6099584924798892,2.23975359580589e-07,4.603953896901095e-06,0.0038564353085368476,0.00028821108918419017,0.00019230588471175973,0.02650447505808064
20,0.005395402655907897,0.06950110382696764,3.6887792934651615e-05,2.4913334194440337e-05,0.12035484237764428,0.006673528548722616,0.00027638474975929476,0.0002818288396452242,0.04919957788859778,0.0008519028655954939,0.0023369185301460537,3.532108034798424e-05,1.2755472242433161e-07,0.0013828466404403477,0.08613740821011204,9.263477409474373e-05,0.00038795628459449853,0.0015015059816667602,0.6232194515813076,1.6724868607117942e-07,1.1144971620422027e-05,0.006280859381591273,0.0004126322521389648,0.0001016168937191642,0.025503035734842174
21,0.007127223983743012,0.02857910444762215,2.6453137995836477e-05,1.5193689809805551e-05,0.17326556025265094,0.00589447788427531,0.0004417401426272362,0.00015471814059219235,0.05605580575660755,0.0010359061001635832,0.0008707738802690272,1.3362148655528322e-05,1.489494756698478e-07,0.0007924507616007605,0.019059171471731962,6.542256299912308e-05,0.00047866221255007046,0.0007879390643676197,0.6752077552979204,1.2488104704343477e-07,3.945067251875526e-06,0.003170384389661128,0.00033440565065557783,0.00015233596831718037,0.026466934157409458
22,0.012263784788996137,0.020487895851862264,5.6551838260821604e-05,3.822443515267445e-05,0.24046415679602715,0.004077669263749288,0.0004571724339803963,0.0001840519795470369,0.04629399128945078,0.0015917669492942549,0.004368865452739274,2.2141866229818212e-05,2.6749016492278287e-07,0.0020907240234377352,0.03187591598956558,0.0001205336502756253,0.0007584847466291908,0.0018523390949964319,0.6055833281940352,4.129737535307761e-07,8.762801107168456e-06,0.002834669176041911,0.0005604397415141512,0.00011164302411895351,0.023896206149069923
23,0.009248850458496612,0.02774814318192097,3.580045711640462e-05,2.1982043008866092e-05,0.20716504336586353,0.004928414965327364,0.00042303454699338833,0.0001523464020623137,0.04917125981782565,0.0009754433855730191,0.0016636665111198056,1.7919138112393544e-05,1.6979757911085854e-07,0.0015615949518914397,0.026926852082840052,8.74526904745093e-05,0.00043333916598658605,0.0010420418906099073,0.6394401301759423,1.8109920431582293e-07,5.5833535858773485e-06,0.002579955322951251,0.0004069855190092785,0.00012462910611617828,0.025839180570388996
24,0.009523894817929349,0.030784203377241002,3.618593251269371e-05,2.8582982316551162e-05,0.26537836245565427,0.004353805532671079,0.0003531359152985468,0.00011339022346782162,0.03980911942149844,0.0008214376499993976,0.0020056622137342235,1.71743058842627e-05,1.7048778215748938e-07,0.001909327657549521,0.022153578109869846,8.137987835746878e-05,0.00039047367093977494,0.0010590768146633762,0.591655388784499,2.1124523487339956e-07,5.02854786001657e-06,0.0023926633550513175,0.00034731006907245824,9.383754506308656e-05,0.026686599005849486
25,0.030476837564634783,0.01580507173302809,9.190621688616778e-05,5.149474217955681e-05,0.3558284333657273,0.002705910122051405,0.0013319128447602457,0.0005259650937612383,0.06701687505674857,0.0025503285824630155,0.009075053015339715,5.99665350093914e-05,5.812013153978332e-07,0.005433213243766374,0.04784852179814838,0.00013785497219748124,0.0008366770911831238,0.0015806164686996264,0.4127848335752182,6.926223864455166e-07,7.501094398794934e-06,0.0029546814415764636,0.0005727364341417175,0.0001679445210333434,0.042154390663345025
26,0.00936567058567569,0.016585935099950006,2.1808440837025835e-05,1.4191309600561212e-05,0.15802971435084773,0.004791490435853792,0.00034507036059677943,0.00011725515768912353,0.06932614530569693,0.0011001951875961515,0.0006773532847647368,6.168012297994848e-06,1.763649913509749e-07,0.0006495344282625392,0.011656676048524791,6.0725456043536876e-05,0.0005081422863950126,0.0008760045860695243,0.702721229455111,1.3096131670085387e-07,3.433181655554658e-06,0.0014655519708449457,0.0005321791043464957,0.00016380459883018634,0.020981414026201947
27,0.007696823041372526,0.046545545848281834,2.4014997004107874e-05,2.0214977777962248e-05,0.1626274522361376,0.00485987220548989,0.00031527700397907313,0.00016026322517698023,0.06729156900481803,0.0008206419648990195,0.0015478307116200002,1.4338815138508845e-05,9.329556013125872e-08,0.0009720022374510422,0.03289432951245543,5.588267321344062e-05,0.00034101896217233986,0.0007106808683020827,0.635513981853182,1.01125618476365e-07,3.5638757432010137e-06,0.0038442110868433304,0.0002945256157887441,7.779525385236058e-05,0.03336796960812198
28,0.009248850458496612,0.02774814318192097,3.580045711640462e-05,2.1982043008866092e-05,0.20716504336586353,0.004928414965327364,0.00042303454699338833,0.0001523464020623137,0.04917125981782565,0.0009754433855730191,0.0016636665111198056,1.7919138112393544e-05,1.6979757911085854e-07,0.0015615949518914397,0.026926852082840052,8.74526904745093e-05,0.00043333916598658605,0.0010420418906099073,0.6394401301759423,1.8109920431582293e-07,5.5833535858773485e-06,0.002579955322951251,0.0004069855190092785,0.00012462910611617828,0.025839180570388996
29,0.009248850458496612,0.02774814318192097,3.580045711640462e-05,2.1982043008866092e-05,0.20716504336586353,0.004928414965327364,0.00042303454699338833,0.0001523464020623137,0.04917125981782565,0.0009754433855730191,0.0016636665111198056,1.7919138112393544e-05,1.6979757911085854e-07,0.0015615949518914397,0.026926852082840052,8.74526904745093e-05,0.00043333916598658605,0.0010420418906099073,0.6394401301759423,1.8109920431582293e-07,5.5833535858773485e-06,0.002579955322951251,0.0004069855190092785,0.00012462910611617828,0.025839180570388996
30,0.009248850458496612,0.02774814318192097,3.580045711640462e-05,2.1982043008866092e-05,0.20716504336586353,0.004928414965327364,0.00042303454699338833,0.0001523464020623137,0.04917125981782565,0.0009754433855730191,0.0016636665111198056,1.7919138112393544e-05,1.6979757911085854e-07,0.0015615949518914397,0.026926852082840052,8.74526904745093e-05,0.00043333916598658605,0.0010420418906099073,0.6394401301759423,1.8109920431582293e-07,5.5833535858773485e-06,0.002579955322951251,0.0004069855190092785,0.00012462910611617828,0.025839180570388996
31,0.01408170067449874,0.02044979971378129,4.883351125212181e-05,1.7630412463960314e-05,0.11712372086446368,0.0024785870843243344,0.0003003868305354391,0.00036095408099702915,0.036136269582258976,0.0007538211104735445,0.0012506123389392897,1.6867933017572825e-05,3.473812729264238e-07,0.0010094775795465754,0.021271292344364656,0.00011195443848308767,0.0004276150787871727,0.0009509539710218413,0.770104449491021,1.6186178495624083e-07,4.379997311602041e-06,0.0020035744385551012,0.0002012389042260678,0.00013347944250822986,0.010761890934110735
32,0.008172810174479458,0.02797064043005817,3.1107216799226865e-05,1.8785780015061202e-05,0.1724356911899635,0.004543311514379288,0.0003142680584396101,0.0001296842874212507,0.04181974166924425,0.0008008022134982887,0.0012705572250968178,1.3615444291298244e-05,1.5753469569207046e-07,0.0011962650404161086,0.0216964191347434,7.967556182835176e-05,0.0003747293281973634,0.0009516467663712414,0.6949424108847259,1.451440640190088e-07,4.481130881983017e-06,0.0023243632838935275,0.0003258222857160574,0.00011206400167543775,0.020470804699104783
33,0.0021153194042632826,0.008745361244173471,4.365904510478435e-06,3.7958187294539705e-06,0.015978658135711248,0.0020971270221369622,8.179611611197301e-05,2.7617305356050836e-05,0.002020592898376041,8.225691301922483e-05,2.4537685301824164e-05,2.00755686049513e-06,1.3130014355990914e-07,0.00011243320732236467,0.0007128113817080356,6.128673353009534e-05,0.00026688237686826026,0.0004914546263576615,0.9642409196363662,1.4339600688239548e-08,5.604086397990167e-07,0.0013752780320297178,2.251851708694504e-05,0.0001500120723245901,0.0013822613634715437
34,0.011410191481069509,0.02425439696736879,3.533521065181117e-05,2.1085638867166017e-05,0.2014022377936254,0.0037145408990500437,0.00035735014086787323,0.00014693036855767839,0.046127337196717036,0.0008944155661629662,0.0016897132866490817,1.4573420193304413e-05,1.7686152664154174e-07,0.0015255911621876994,0.022881367790474557,8.059758481192474e-05,0.00039299125372932686,0.0009442385138666625,0.6593533082355456,1.672276879233226e-07,4.390020799494654e-06,0.0020705375903416526,0.00034146381579226,0.00010820744698653585,0.022228854526469246
35,0.00949815367253816,0.027977596662888675,3.3632777607141485e-05,2.1045764959450387e-05,0.1958380659704876,0.004585431069281447,0.00039554262712046225,0.00016005007946504106,0.051661268726968426,0.0009275075307455545,0.0015636383788907601,1.606278585923447e-05,1.61668450677612e-07,0.0013339051502145936,0.025432621882494174,8.172571546276304e-05,0.00041875519960555733,0.00094844270522879,0.6515723160759889,1.593026052014511e-07,4.879855239177396e-06,0.0026010200246702584,0.00035604829984586166,0.00011288901207271667,0.024459079061309282
36,0.013712926673052414,0.03276546109591864,3.7087449297172417e-05,2.944115322079037e-05,0.1731531790197972,0.004745850992425686,0.0011572163468688951,0.00040360624515258246,0.05255199165995002,0.0010560732933657883,0.0026148110901273495,6.951174270064153e-05,2.4743763310420653e-07,0.002865025370128048,0.04261818342188646,0.00012771495883787291,0.0010622131056311794,0.0016535625111282401,0.6129403855208878,2.0308484538053894e-07,6.63184217654387e-06,0.008945549677006394,0.0003365488015967812,0.0001836392770774481,0.04696293822928743
37,0.01830272111850008,0.018235369449716526,4.9908651598992154e-05,2.8054335369414462e-05,0.22638389555397062,0.003940475670446558,0.0007908328664114006,0.00010485141835148986,0.022295866836485594,0.0008635506764240092,0.001712728528068445,3.3138077070489314e-05,3.5676102907299036e-07,0.006963652718809002,0.021067480089553,0.00015741589311895943,0.0006721130014230245,0.0019002176434291718,0.6412497295880355,3.0204190635945484e-07,9.349337641054995e-06,0.0018313846715998648,0.0007847544202501956,0.0003654517572213563,0.03225639889356985
38,0.0056148177696865795,0.024359347922578566,2.810789393285905e-05,2.053619581368571e-05,0.1359957600070241,0.008532354746267744,0.0004439092407709995,0.0001337931527469973,0.033711240392396785,0.0008111062062629492,0.001244246427113334,2.035250835057128e-05,1.8292593087774278e-07,0.0014380549006431606,0.03227180721450314,0.00015183700385377214,0.00034911249510594474,0.0017652045699849427,0.7357030602743732,1.6095351849379125e-07,8.424850955961452e-06,0.0025631178350373316,0.00048086979523813417,0.00015434892536321453,0.014198245792546823
39,0.003083145503044119,0.031723558728631786,3.735588054921888e-05,1.399994723101264e-05,0.09188487393816355,0.009883176705420663,0.00020888636236017787,0.0001847327969481862,0.03347713930180364,0.0004162082748285733,0.00045309665603940856,2.0993288336630258e-05,1.453186220065387e-07,0.000402308670614829,0.02083497387010833,0.00016613036993493282,0.0004213213427390869,0.001124068672995554,0.7938570112072045,1.0695314810828833e-07,1.3935273076068505e-05,0.003736768837994733,0.0002630138636352814,0.00011572893705035101,0.00767731929951907
40,0.013268359525928855,0.03334613840345983,5.8228029118360784e-05,1.8660722638381325e-05,0.3917956004154312,0.0022289799489112077,0.0004360904590798441,8.584088433526298e-05,0.031183494185735006,0.0004725836211529126,0.00270939047325751,3.745090628282498e-05,1.389528438530878e-07,0.005348813607146992,0.027573140246707043,6.673327135040719e-05,0.0003301991280383663,0.0007539000811975516,0.4437575961137064,2.0016317722554669e-07,5.549300566936445e-06,0.0022565808050615593,0.0003086221730264375,9.008670392258318e-05,0.043867621877923625
41,0.009082013513711133,0.02783182342662633,3.516679240619652e-05,2.178848664594407e-05,0.2086659814488136,0.004826232535939837,0.0004008957143611028,0.00015016159372633614,0.04919637168224467,0.0009464353234122545,0.00166050047305714,1.7037610065215603e-05,1.668481601411683e-07,0.0015226015420717143,0.026699565786322526,8.622010855664162e-05,0.00041079501849588867,0.0010317833289358645,0.639646197098478,1.7842334836743866e-07,5.382938029186239e-06,0.002468639028889938,0.00039307037821761085,0.00011781181759585654,0.024783179081888266
42,0.00605131438654408,0.034514325742147224,3.2641037405155316e-05,1.8496295017653418e-05,0.12408385503624728,0.004517392329964582,0.0002281829157002046,0.0001712347402554357,0.043014936574837535,0.0006253370386345815,0.000988982905069993,1.2935927193578919e-05,1.266435053019045e-07,0.0005947362227562452,0.020468739146915632,8.493569854171679e-05,0.00035110971828357395,0.0006847544133149973,0.7462453057838728,9.88090785551425e-08,4.344616924807959e-06,0.003314714288755664,0.0001945016024778848,7.679371978732803e-05,0.01372020440676814
43,0.004629683875002417,0.016593403334741266,3.764205183648272e-05,1.7470387776747298e-05,0.129746462017717,0.00997155740862846,0.0002964439265626732,0.0002025781200022672,0.04844673980327711,0.001563801019046626,0.0005911790348552985,1.3116596536917854e-05,2.253262317116298e-07,0.00033152091871019757,0.015769041135307922,0.00012110494722060299,0.0005144949967715397,0.000889839972929238,0.7586958092889434,1.6836421131675462e-07,9.496510107140935e-06,0.0028949966906489356,0.0003156522805257946,0.0001525798308079821,0.00819499216160095
44,0.009248850458496612,0.02774814318192097,3.580045711640462e-05,2.1982043008866092e-05,0.20716504336586353,0.004928414965327364,0.00042303454699338833,0.0001523464020623137,0.04917125981782565,0.0009754433855730191,0.0016636665111198056,1.7919138112393544e-05,1.6979757911085854e-07,0.0015615949518914397,0.026926852082840052,8.74526904745093e-05,0.00043333916598658605,0.0010420418906099073,0.6394401301759423,1.8109920431582293e-07,5.5833535858773485e-06,0.002579955322951251,0.0004069855190092785,0.00012462910611617828,0.025839180570388996
45,0.00922866880062696,0.027607849998360898,3.5751081884764516e-05,2.1893581165402666e-05,0.2055816936529904,0.004939508437580111,0.0004255980738113301,0.00015468049876805813,0.049118702984182985,0.000977627703526487,0.001652216377249081,1.7964679380175373e-05,1.7123425262549944e-07,0.0015489439687487619,0.026968527475563178,8.814913542904723e-05,0.00043264343134225377,0.0010445657591150767,0.6415257673549789,1.8053616921697863e-07,5.567920588678384e-06,0.0025873976536863377,0.00040288952065606673,0.00012526394237904461,0.025507776197564235
46,0.019263545690872408,0.012799107277753411,4.991850448830512e-05,3.085857639834514e-05,0.10733083675710656,0.005338552486770592,0.0006940584690483468,0.0002196605433894408,0.02994269935790117,0.00162553562620451,0.0007686563644605823,2.4882030765311902e-05,3.8473146648860953e-07,0.0005509768291312008,0.005803303942316423,0.00011916852273943634,0.0027524474521469266,0.0006788233234656442,0.7842680941560739,1.758006034672919e-07,7.421854309629451e-06,0.00727472580593936,0.0002560212078282717,0.00027077326413821253,0.01992937142468199
47,0.015704027405421053,0.013389936851729027,3.519196858129691e-05,1.8303969055229707e-05,0.08100661164401497,0.002941590360737367,0.00043054063537842206,0.00016853000129751335,0.022223702246797653,0.0006994547264832033,0.0005189959749773144,1.3865757742107831e-05,2.6680308228420374e-07,0.0006345911894640611,0.006808569676577475,0.00011924576696155553,0.0006532667752254127,0.0005207184532012949,0.840908982513313,7.531506538269672e-08,3.3370845788713495e-06,0.0029739406425844887,0.0001461166224062876,0.0001803164802158445,0.00989982113510888
48,0.0074623427202475225,0.020004731490174763,2.0397028542693075e-05,1.173159114545669e-05,0.08652739115166763,0.004372659522888208,0.00028587895467609663,0.00014216594583371005,0.02953170558988427,0.000784886657133428,0.00043556160905626907,8.788616837992036e-06,1.8119081781108772e-07,0.0004798271071097865,0.009787790917275071,6.588885328253412e-05,0.00048640623572468824,0.0006968874185518854,0.8226692996656315,8.440597892333294e-08,2.5635339776278073e-06,0.0026095362209121752,0.00019040716012348822,0.0001729906467027046,0.013249895765823673
49,0.00585392478690156,0.03555897852901448,4.509684985378169e-05,2.1744469094782218e-05,0.17375284306788114,0.007207023832913625,0.0003978594212672576,0.00018675913496922353,0.05125826907318898,0.0010132357800780726,0.0011599212305842966,2.4861174160955854e-05,1.6053310037133672e-07,0.0007924542725676306,0.024197306182406963,9.65214279492981e-05,0.00048231629844001407,0.0007431354466159253,0.6702613294587271,1.590294625144159e-07,7.025111793441607e-06,0.004837677865982096,0.00028488026831479106,0.00011655527614073193,0.021699961478591007
50,0.03557528886422512,0.00832542236593941,4.9289391536219084e-05,2.7675716561035163e-05,0.2472454735903945,0.0031299153326605944,0.0018183627278449898,0.000356416703749845,0.05324807686436955,0.0031540783997599784,0.0023010118069565944,2.7980102910761323e-05,5.912210184432512e-07,0.0032542581773636124,0.0165106783218329,0.00011361502145773736,0.0008067504888435274,0.0009476023058380178,0.5843592146007539,3.3121845441971126e-07,2.8295332628994884e-06,0.002067275548796477,0.0003790579381745893,0.000359723878580303,0.0359390798787145
51,0.0016306870979594821,0.43759099224441667,1.1510417949921652e-05,6.798126433682315e-05,0.04014541494881925,0.0039770946913883784,3.285986278381829e-05,0.0001772781588703191,0.04025119307444366,0.0001527829058035361,0.0027405286606795305,1.408563491244819e-05,1.9945996539892948e-08,0.00036952687446334365,0.10645620626813608,3.489247777693651e-05,6.760468643763355e-05,0.0006850256463854944,0.3347038488878019,4.315735710187874e-08,3.168114687884082e-06,0.012855682622248094,0.00010370132086400442,7.10117530741167e-06,0.01792076986017358
52,0.006066776725442297,0.008834667386338368,1.5018039439711092e-05,2.3048230441572796e-05,0.1243432489787213,0.008384815300624513,0.0001617574003251437,0.0003030567416709568,0.0447022121921124,0.003309708294994102,0.0019225916325587835,1.1043261634717276e-05,3.0152948066187736e-07,0.0007449834137053726,0.03478916166548979,9.409953295870298e-05,0.00012945543274990457,0.002146489232893829,0.7578673705168038,2.9467056644092757e-07,2.424547730332594e-06,0.0010858795363180155,0.000178666999543688,6.898619204063633e-05,0.004813942545415074
53,0.011306332930895509,0.015945494832870968,6.104734349606928e-05,4.579388241891138e-05,0.457681346097827,0.007407873182325497,0.0021628860492916347,0.00018558136276222993,0.07759185943011043,0.0020491962604708316,0.005655920565383789,6.0523665895591193e-05,2.898537595890702e-07,0.00655535619444238,0.054229508052138206,0.00016913805471959883,0.0007430599191001918,0.0024696238310814157,0.28978428216746704,7.465527866586025e-07,1.8320493804932946e-05,0.0026120189977548542,0.0019076442331643867,0.00023689332022272107,0.06111926272580961
54,0.00677235899903314,0.09863261406206077,1.589010566561264e-05,1.9229514110019247e-05,0.1388675986595967,0.0044435817643754495,0.00032706719222913555,0.00010557078176247548,0.05113792858348739,0.00044183596531213265,0.0013022552532750413,1.5725104985997448e-05,4.8037685775121e-08,0.001692937639943408,0.044860678230059736,4.16878392823379e-05,0.0002186392289284587,0.0005762365648761705,0.5825181669075782,5.40727751553684e-08,2.5697590137651645e-06,0.005091002636239299,0.0002606659368831536,7.706555217312432e-05,0.06257859160866756
55,0.009359168598510808,0.02505817773677227,3.693193723587612e-05,2.066040097532413e-05,0.22175835626637877,0.005045243283183989,0.0005043551478895102,0.00017214467592773175,0.05007340788940329,0.0009729183345118388,0.0015936996772502512,2.203057405803176e-05,1.9406117358111468e-07,0.0017271176036465772,0.026882905958905984,9.695482039437328e-05,0.00045112727616547954,0.0010942381103548216,0.6261764033406746,1.921692853256503e-07,5.785488189208367e-06,0.0025915292846568684,0.0003931029527223908,0.00013686908989730734,0.025826485321835697
56,0.009440204294942736,0.025007452216860578,3.5668487296735886e-05,2.160462336680616e-05,0.19636022916012413,0.004965947930362368,0.00042692792894148234,0.0001634960968141734,0.04709379217950829,0.0010087498648860425,0.001505739870442392,1.7332724747214383e-05,2.0013889275525128e-07,0.001429029181536616,0.023872538983675078,9.255621232972158e-05,0.00043870502978184995,0.001053743063162535,0.6614584127518871,1.8704619278096734e-07,5.268361972273349e-06,0.002446343433405157,0.000375449734622629,0.00013277151543940094,0.02264764916880918
57,0.006859394998200052,0.020224384221495195,7.991320014704396e-05,1.5705594310620898e-05,0.2580092479857429,0.005215374361570373,0.00044112272221767337,0.0001799320324542493,0.04769939712347626,0.0011098884757064986,0.0011324009869836961,2.9516435105152716e-05,2.579865183263663e-07,0.0009450646872590931,0.016569451838324676,0.00011566997010203032,0.0004769305069067574,0.0005886083367005377,0.6202804511722608,2.3076223300323914e-07,7.34465877795812e-06,0.0028170272534096727,0.00025238289961824714,0.00013168867736936522,0.016818613113109847
58,0.008827100524576633,0.02319616732061168,3.477243489677582e-05,1.8440249682621505e-05,0.1734535396673359,0.005467433273174137,0.00044405871469467133,0.00015604733655683522,0.04178439064291775,0.0010802547009040701,0.0010738457745930528,1.759269466198245e-05,2.1640997249562777e-07,0.0013223756469443724,0.020626761604298393,9.318812988308405e-05,0.0004791136207721344,0.0010458499265144606,0.6959980686028703,1.7797820611425957e-07,5.466349511187e-06,0.002488025729419873,0.0003996708757454889,0.00018638916251204196,0.021801052628744013
59,0.009164727371500547,0.02332194814837789,4.186115771647753e-05,1.9555926004456198e-05,0.1882764853809464,0.005161067753153511,0.00045914751181168025,0.00016318598123978045,0.04253486743356625,0.001070573868380351,0.0012127407165717222,1.8983210758838757e-05,2.273776531261455e-07,0.0013774433730211445,0.021098649153723593,9.995733897979956e-05,0.0004987225656944151,0.0010117742836078547,0.6798378080722337,1.9865699592337178e-07,6.0890836417784115e-06,0.002513733237117501,0.0004000411186283071,0.00017755998429103698,0.021532651294383878
60,0.009248850458496612,0.02774814318192097,3.580045711640462e-05,2.1982043008866092e-05,0.20716504336586353,0.004928414965327364,0.00042303454699338833,0.0001523464020623137,0.04917125981782565,0.0009754433855730191,0.0016636665111198056,1.7919138112393544e-05,1.6979757911085854e-07,0.0015615949518914397,0.026926852082840052,8.74526904745093e-05,0.00043333916598658605,0.0010420418906099073,0.6394401301759423,1.8109920431582293e-07,5.5833535858773485e-06,0.002579955322951251,0.0004069855190092785,0.00012462910611617828,0.025839180570388996
61,0.009249438398793252,0.02418806954705699,4.059520204341494e-05,1.9179645277371193e-05,0.19582120977984585,0.005045367089511345,0.0004429291538985105,0.00015230728090070237,0.045015013993066066,0.0010365338579547937,0.0013047235035879513,1.883246904973168e-05,2.037513239461095e-07,0.0014450311630729695,0.02229742651154332,9.405705695150822e-05,0.00047273587894585556,0.0009703581453114345,0.6660177519740192,1.87125093665149e-07,5.918585319348781e-06,0.0024738449242745785,0.0004079610505376317,0.00016075929094083797,0.023319564621679775
62,0.009248850458496612,0.02774814318192097,3.580045711640462e-05,2.1982043008866092e-05,0.20716504336586353,0.004928414965327364,0.00042303454699338833,0.0001523464020623137,0.04917125981782565,0.0009754433855730191,0.0016636665111198056,1.7919138112393544e-05,1.6979757911085854e-07,0.0015615949518914397,0.026926852082840052,8.74526904745093e-05,0.00043333916598658605,0.0010420418906099073,0.6394401301759423,1.8109920431582293e-07,5.5833535858773485e-06,0.002579955322951251,0.0004069855190092785,0.00012462910611617828,0.025839180570388996
63,0.007680045439268956,0.03689369343732883,2.9585994652311936e-05,2.0828488260899307e-05,0.17893355619155255,0.004925971367061691,0.0003141616145363874,0.00013473654328333232,0.04876702904259744,0.0007760427119369891,0.0014768263213012238,1.4355268907049193e-05,1.3324709803812806e-07,0.0012433389842439499,0.027905010087937193,7.381903415845328e-05,0.00036226761753036223,0.0009746378751721094,0.6609899456556219,1.4239045966669875e-07,4.875466729468685e-06,0.0027579445025224837,0.00036358412600936746,0.00010055976673395647,0.025256908825095462
64,0.008126413625034327,0.030333361549622052,5.116473675724652e-05,2.3056968827301778e-05,0.21623766087305316,0.00602690223285835,0.0004117649048740388,0.00014656189040342059,0.048246154265718134,0.0009765947484029962,0.0016501932538147107,2.4006696077215077e-05,1.8053495448659953e-07,0.0015999699135543716,0.030098993848982302,0.00010830544966872916,0.0005192335719463024,0.0010870710218507113,0.6253576505630517,2.1798222530552174e-07,1.063484142093445e-05,0.0029312837814365845,0.0005448499658796757,0.0001429845208118327,0.02534478825877418
65,0.005893477210640055,0.0455077660492647,3.314769643130076e-05,2.1422492524637315e-05,0.20049556616907951,0.0066448169239657125,0.00035886131288444576,0.00011034359801125077,0.04483923581918923,0.0006882459456009318,0.0013107433492981872,1.948822827256297e-05,1.3285762032643748e-07,0.001693895368595524,0.03254558561495282,8.442063225971478e-05,0.0004339336572182634,0.0012849249548271453,0.6206831827301614,1.8204890258695765e-07,8.677631812357844e-06,0.003068834129971243,0.0006019249542221852,0.0001406285832877875,0.03353056204100608
66,0.01018252056851077,0.02096872713449236,4.017711393197308e-05,2.1210122605291156e-05,0.23293236360976521,0.004582533228658945,0.0004725908512030285,0.00014868256769554468,0.04820346645930383,0.0010567672559705973,0.0015388220497567439,1.6725425444603846e-05,2.064221041149306e-07,0.0014743022345993526,0.020160106425916605,9.284119999026312e-05,0.00044776458539615285,0.0009359663955484535,0.6315517771659761,1.9916598861347302e-07,5.0882697447324374e-06,0.002154999497761544,0.0003705429629330457,0.00013036264899037213,0.022511256637711818
67,0.004849877742950524,0.05541332975789222,3.077473974779105e-05,2.539664840047771e-05,0.1594446222178114,0.010446523035758281,0.0004089198447240517,0.00010345082569295499,0.04325117995097672,0.0007648567175502855,0.0014211306725351973,2.5674690494797148e-05,1.2307245529624402e-07,0.0019202465187673158,0.04239176286328936,9.413371922590827e-05,0.0005627950550407299,0.001765080559548935,0.6256876452987751,2.1162760785839129e-07,1.2829061811436984e-05,0.004292216088253668,0.0009552674476417044,0.00018191451541913704,0.04595003732762885
68,0.011846029979779666,0.025626032859749483,3.083015841651825e-05,2.0625789638080556e-05,0.1903993135758152,0.00315686348960296,0.00032631026378953266,0.0001098224036421045,0.04658527580163376,0.0007939901550076895,0.0015310151296235427,1.0415849107228996e-05,1.4240696851346547e-07,0.0013598241452590122,0.018052936520715532,7.04185763525425e-05,0.0003635660095682683,0.0007499789910333017,0.672989633652231,1.2746442903490753e-07,3.142621987847714e-06,0.0019604394389748096,0.00031784192384979194,9.689492242623973e-05,0.023598527870398307
69,0.006039918278218628,0.040603966465006365,3.337342465253833e-05,6.408145123811163e-05,0.29344826144904534,0.007720888871779791,0.00036442325375251244,0.0002095534039273934,0.1683588309346809,0.0019147728619285233,0.019706568079368006,3.871081894172483e-05,8.431505959407623e-08,0.0021235167660200423,0.17880286832872946,5.629034820779812e-05,0.0005186030361123153,0.0033052782639164057,0.19930042943464282,7.241289155854378e-07,2.2174028232009857e-05,0.004639311994952047,0.002063414216788467,3.0971943380225086e-05,0.07063298390250347
70,0.00488332610664238,0.03443887284345157,7.012067978155506e-05,8.937894834007159e-05,0.33469907597278653,0.016485487954847052,0.0006033376968454482,0.0002495121729780596,0.15684143796335334,0.001753080716736453,0.004607128546841435,4.3362965406363334e-05,1.7718475365914792e-07,0.0012633748544579057,0.04974928942885019,0.00023178295750999735,0.00018376672802656563,0.001136061276025318,0.3649396244253951,4.4847187033089374e-07,1.0889565268875294e-05,0.003441289899439659,0.0006734814587900043,5.1313050649605686e-05,0.023554378130952385
71,0.010039337976563567,0.024917948265608107,3.665928231769326e-05,2.234939416379146e-05,0.22000133511134032,0.004996841381942512,0.0005068790933760655,0.0001635535235194833,0.05233374703461864,0.0010947686076094323,0.0016551705462636073,1.8542209248559533e-05,1.8827532056800812e-07,0.0016052724806538885,0.0252854393123804,8.983746471240735e-05,0.00046293976181582613,0.001021129887949218,0.6255997173526153,1.9246217601522708e-07,5.3685728535490944e-06,0.002563247478178914,0.0004142038857133744,0.00013789619664026213,0.027027434442418303
72,0.007898940307605443,0.004749308998238143,5.3827808229893004e-05,2.205227627691582e-05,0.22864879706144553,0.012463336260996107,0.003054533264676398,0.00045991757125436375,0.03591508252522658,0.0009681889895261032,0.00041841839975422277,3.937625792524375e-05,1.0177949652114227e-06,0.001141886431861123,0.007734343436960522,0.0007391577043374214,0.0006600218750964285,0.002280157927702766,0.6854102710119192,3.335812612280725e-07,9.906902985886081e-06,0.001801422379496969,0.0002638887104936108,0.0004873265788063006,0.004778485942958333
