,0,1,2,3,4,5,6,7,8,9,10,11,12,13,14,15,16,17,18,19,20,21,22,23,24
0,0.0019086001753375397,0.07145570479257507,4.529201533914511e-05,0.010008892769873014,0.0025195717864683453,0.0001343808092309756,0.0003927166146177048,0.0005047986829698444,0.7276740338237474,0.0025451716662197228,0.009998938997100955,0.0012873551775275252,0.000764701290684549,0.03443163681526092,0.020705968700169528,0.0007265886182027121,0.00043070075664753375,0.00030709209124162924,0.05219321870855304,3.5258053754804374e-06,0.0002076395579506614,0.042642259291443496,0.00013404412718782957,0.003006782545325657,0.015970384380950067
1,0.004815495878752759,0.18636296070002406,1.4734502303837692e-05,0.007635736951332518,0.0030470585092732404,0.00011845489567410472,0.00016382768511086608,0.000599318501709545,0.34451740924981084,0.0007721749150600086,0.06272080958089829,0.0030106207374951985,0.0004657153078880177,0.06378188994880155,0.05104092259338273,0.00010825252422170852,0.0009339227046841796,0.00011115591283169836,0.018304980462448515,1.0879918334491825e-06,9.568586550350235e-05,0.22603195623068584,8.338184188156038e-05,0.0007124139393099104,0.02455003256908221
2,0.00040393451587564293,0.019044409910402564,1.3070217614646211e-05,0.002058911377284171,0.0006367006043193021,7.674891655389977e-05,0.00010215079147415241,0.00020459465094269268,0.8762264053035547,0.0021284582041519555,0.0032759704224581687,0.00026061586840200884,0.0002171962949590361,0.031206571907394728,0.011848574041172136,0.00015649092923602256,4.008359002335835e-05,0.00010769825736016394,0.018338547706059426,1.956524159144733e-06,5.5520611961754095e-05,0.024287305617584007,3.914168156062746e-05,0.0007883655160906427,0.008480576539404951
3,0.0006446723080638693,0.024876080010565155,1.6040949457756346e-05,0.00296179345653246,0.0006689955747204952,0.00010819189889178004,0.00013506586584209233,0.000244512827949926,0.8561769044064215,0.00241079373417575,0.0040815802345948,0.0003110210624892657,0.00031172470271319377,0.02599727567741937,0.012805801530480724,0.00021172016364481017,6.339121549468735e-05,0.00014782233478794927,0.02786185024219978,1.949271317200824e-06,7.16983310936333e-05,0.030652812346810686,5.2933292878055314e-05,0.0009768550829298438,0.008208513478525274
4,0.0006108736502945209,0.025261011428254192,1.616549476871158e-05,0.002859320318645228,0.0006666410032290239,9.178079423037163e-05,0.00013268963788579696,0.00024190035193674195,0.8550846078455278,0.0024095326229513813,0.003943662398715591,0.00029986845275186064,0.00034495461252936156,0.02918137129619655,0.011135462532026961,0.00019211743564847316,5.83501220509947e-05,0.00015695551652874276,0.027371578098618468,2.112248104717522e-06,7.789346825351124e-05,0.031154605449119896,4.930216654041905e-05,0.0009974101993295726,0.00765983285586112
5,0.0006404637376133211,0.023411149528014142,1.7884596214176933e-05,0.0037689517844889,0.0007406480171134923,0.00010511198516008889,0.00012691503134158695,0.00022889160145325886,0.8658007455292976,0.0027875483590907757,0.003653144868166318,0.0002485023127057422,0.00033858827727934176,0.027973694319001166,0.010096574692946402,0.00019239664919818393,5.971048409435183e-05,0.0002124654203781842,0.02800091345179795,2.3308291976421294e-06,8.116504848109755e-05,0.024010439699960626,6.737348351627534e-05,0.0011393811329440202,0.006295009160545359
6,0.0006446723080638693,0.024876080010565155,1.6040949457756346e-05,0.00296179345653246,0.0006689955747204952,0.00010819189889178004,0.00013506586584209233,0.000244512827949926,0.8561769044064215,0.00241079373417575,0.0040815802345948,0.0003110210624892657,0.00031172470271319377,0.02599727567741937,0.012805801530480724,0.00021172016364481017,6.339121549468735e-05,0.00014782233478794927,0.02786185024219978,1.949271317200824e-06,7.16983310936333e-05,0.030652812346810686,5.2933292878055314e-05,0.0009768550829298438,0.008208513478525274
7,0.0020718425050650848,0.03361062737152233,2.5041698971056046e-05,0.004204498911643044,0.0006883340562144852,0.00014613527748427152,0.0002295702582129543,0.0004875761182498574,0.7779677951459333,0.002667861327674985,0.009235532082847832,0.00039691741747543367,0.0009988973470775968,0.021025477318511083,0.016324108768629733,0.00024016132697502572,8.144065027339282e-05,0.00028471261968706805,0.052228404707419046,2.5934833848360873e-06,0.00010729808790562054,0.0701607681002785,4.2817392407398784e-05,0.000889508139353921,0.005882079886802164
8,0.0006147433594668923,0.025140274219366855,1.0622008835104976e-05,0.0027686283320071006,0.0006486919320280825,0.00012516784683342514,0.0002071296501564663,0.00036691945096433944,0.8210366741065553,0.002040576565865365,0.005708483137457604,0.0003248938300985394,0.0003525442686984801,0.023148244556721875,0.015358541463070257,0.00019883787398776933,5.809976266794207e-05,0.00017426168102393748,0.04725814761002655,1.7044986296129494e-06,9.057161345313428e-05,0.0470682322998031,3.9575308823648545e-05,0.0005846119762057175,0.006673822647253335
9,0.0005669975911492105,0.0248513583095363,1.7573017078396032e-05,0.002926852723637804,0.0006336452220416331,9.807094330184821e-05,0.00011584465055961166,0.00021880736026701217,0.863546544021585,0.0027153852927585325,0.0034005844447282494,0.00028388935470508806,0.00029307650753827684,0.028031728870493464,0.011568899828421002,0.00022013440590969095,6.106417124838454e-05,0.00014250855552175106,0.02470237915795115,2.1101532144628934e-06,6.825085030283118e-05,0.02589978963146656,5.540641512960952e-05,0.0011008785629342782,0.008478219958519816
10,0.0006446723080638693,0.024876080010565155,1.6040949457756346e-05,0.00296179345653246,0.0006689955747204952,0.00010819189889178004,0.00013506586584209233,0.000244512827949926,0.8561769044064215,0.00241079373417575,0.0040815802345948,0.0003110210624892657,0.00031172470271319377,0.02599727567741937,0.012805801530480724,0.00021172016364481017,6.339121549468735e-05,0.00014782233478794927,0.02786185024219978,1.949271317200824e-06,7.16983310936333e-05,0.030652812346810686,5.2933292878055314e-05,0.0009768550829298438,0.008208513478525274
11,0.0006859542021286458,0.024802340199890062,1.626962392762386e-05,0.003033732278711197,0.0006858149829058659,0.00010211759217474727,0.00014296037404799717,0.0002443076536446998,0.8548059731350769,0.0022852588062331723,0.0041712377109142515,0.0003255366691554618,0.00035863211370625156,0.025452075622149177,0.012413265077562678,0.00021249606848491992,6.238603522001509e-05,0.0001536403632768163,0.028704999142230833,2.0748762936439938e-06,7.430575956552766e-05,0.03223385345371679,5.123365293489478e-05,0.0010619048291257071,0.00791762977692198
12,0.000415573427526602,0.010488203862078946,2.4065363729395403e-05,0.0009935186470125849,0.0025389563765151188,7.300216771638863e-05,6.36141198133446e-05,7.530721269822556e-05,0.8987774495164351,0.0013027297835792198,0.004188352839929636,0.00022648933370952924,0.00010919171841300556,0.04927642574244111,0.004206033465020007,5.596761803211966e-05,6.219696233876216e-05,8.67244957492744e-05,0.0034976266786241723,2.370199201079874e-06,8.367856035885652e-05,0.010733457833452443,7.958073303799874e-05,0.0015543324614400165,0.011085150881147096
13,0.0009100568693508241,0.0329405016661349,1.362746766244234e-05,0.0018933489093296968,0.000989106830735217,5.748912319391522e-05,0.00014971560810942607,0.0005100499886554594,0.7571009753674057,0.0011908326766683467,0.01381609502645361,0.0008638530466091801,0.0003599853627944277,0.05521595251480131,0.01980107715884836,0.00013957362579548275,7.046031434679977e-05,0.00011411789108805472,0.022149205930420385,1.7432073745037213e-06,8.881410276517019e-05,0.07587988388619266,2.4160985132096903e-05,0.0006108401991285812,0.015108532241003478
14,0.0007255489965010824,0.03956937989479043,1.70371673496297e-05,0.003997613695845243,0.0010030707542233927,0.00010044095890695346,0.0001434351980318699,0.00025548272570624967,0.8166161866552234,0.00281383255950325,0.005566987455936172,0.0003111257675981701,0.0004223705395293012,0.031211032193295764,0.012223810245283483,0.0001848042346494039,8.234440716620205e-05,0.0001915512961030821,0.03913449127314596,2.0960243575034057e-06,0.00010877203039384642,0.03673522012051352,5.6788121027827055e-05,0.0011218590783925733,0.007404718606525689
15,0.0006446723080638693,0.024876080010565155,1.6040949457756346e-05,0.00296179345653246,0.0006689955747204952,0.00010819189889178004,0.00013506586584209233,0.000244512827949926,0.8561769044064215,0.00241079373417575,0.0040815802345948,0.0003110210624892657,0.00031172470271319377,0.02599727567741937,0.012805801530480724,0.00021172016364481017,6.339121549468735e-05,0.00014782233478794927,0.02786185024219978,1.949271317200824e-06,7.16983310936333e-05,0.030652812346810686,5.2933292878055314e-05,0.0009768550829298438,0.008208513478525274
16,0.0008228378997503359,0.034060970833198305,1.2648117747752798e-05,0.0028588624364464365,0.0006414783800447505,9.477856252996688e-05,0.00015384966893218456,0.0003998061477159594,0.7875475892390251,0.002031411793521967,0.00658333046478733,0.0005989164652772971,0.000339208047788563,0.035016005855593293,0.020578927197339635,0.00022662775460244962,7.56317333645069e-05,0.00013912655201696217,0.03398843008751165,1.5739991227132812e-06,7.00054368472543e-05,0.0616998671828233,3.520894244985147e-05,0.000646180774375115,0.011376726427187067
17,0.0006913152286942512,0.0243747704680567,1.6574468479889573e-05,0.0027012094059014596,0.0007865906164637678,9.607813172465015e-05,0.0001430322653385023,0.0002349992760705708,0.8592389891272355,0.002014102972830714,0.0045409139664346395,0.00034450144189021516,0.0003224882838429531,0.0287686297012861,0.010629157809540704,0.00017893960178834455,6.635923095967492e-05,0.00015153617840173075,0.02418779731074574,1.9147743770447165e-06,8.176881065246148e-05,0.0310788955595089,5.3201987291758074e-05,0.0010486108398238786,0.00824762254265993
18,0.0004318713757887511,0.024680749867051453,2.0010131782147677e-05,0.0014583115341496235,0.0005876553159058556,7.632828518595693e-05,0.0001376602032371917,0.0001854930768571437,0.8412028170052708,0.0022076521443062398,0.0034095049543811083,0.00047748178328824566,0.00021432703152724614,0.04208260034916472,0.01300649787639672,0.00031942757278073886,8.697853293762512e-05,0.00010131431665859588,0.02162014937257163,2.122110261068035e-06,9.344504280344479e-05,0.02526831241564782,5.946422898214726e-05,0.001402671865124431,0.020867153607939202
19,0.00032255499275902984,0.02145895681663733,9.203094158534517e-06,0.003416495115381918,0.0005838667382773168,0.00010587904335123168,9.361761185664206e-05,0.00015338458401431792,0.8897541830054718,0.0024548319813488093,0.0019130047860292584,0.00022245780576186978,0.00021084613407297787,0.017914447813378236,0.01127773409897789,0.00015573900992896526,3.5447343556309576e-05,7.975661769782387e-05,0.019694161644310187,1.5028805481745394e-06,3.0572112161510905e-05,0.02375413390836741,3.606158673294521e-05,0.0007402742431405437,0.005580887032079257
20,0.0004951515611949767,0.026154253341280343,9.184168078328342e-06,0.0024770477272103254,0.000509982777380629,8.997720997103349e-05,0.00011013602393340421,0.0002858898467826779,0.8309334687083016,0.002270539465472974,0.0042703125768855255,0.00024474953845293165,0.000330238827755832,0.02703182306928394,0.014722705633921368,0.0001342655268378454,3.969074979013525e-05,0.00010963401706827934,0.030008135828799024,1.74000067795833e-06,5.4663514429061166e-05,0.05292849812342685,2.7402568056232783e-05,0.000534365446538069,0.006226143748470543
21,0.0006127069320959338,0.024407661826805583,1.4885401430314863e-05,0.0029322280253724687,0.0006565717729104807,0.00011222171485181043,0.0001326270729575432,0.00023883927435438014,0.8572871008039277,0.002395914741962713,0.0040020014027006825,0.00029395045901611203,0.0002978360795248384,0.024701885684853504,0.013215188390852057,0.00020319744785150036,6.072075321590007e-05,0.00013951026333476195,0.028293862127357638,1.8684725356858775e-06,6.823565954249757e-05,0.030979358635891532,5.1592999697013976e-05,0.0009213238745525714,0.00797871018240477
22,0.0014759519284365953,0.04334620935820194,3.834112001049057e-05,0.004776216050521327,0.000935121138537595,0.00017623822410360118,0.00015859207203502824,0.0005716952781547152,0.7668470000219667,0.0052637018641399835,0.008136394503598465,0.00036908998597832976,0.0005542437228687998,0.04515942764197843,0.013747764099831822,0.0003241484435986261,0.00018339510864128243,0.0003943024160777134,0.04488448397701544,3.4628543441117866e-06,0.00018413469693770603,0.05229190677955141,0.00010289614023958947,0.001137112719459446,0.008938169853770632
23,0.0006446723080638693,0.024876080010565155,1.6040949457756346e-05,0.00296179345653246,0.0006689955747204952,0.00010819189889178004,0.00013506586584209233,0.000244512827949926,0.8561769044064215,0.00241079373417575,0.0040815802345948,0.0003110210624892657,0.00031172470271319377,0.02599727567741937,0.012805801530480724,0.00021172016364481017,6.339121549468735e-05,0.00014782233478794927,0.02786185024219978,1.949271317200824e-06,7.16983310936333e-05,0.030652812346810686,5.2933292878055314e-05,0.0009768550829298438,0.008208513478525274
24,0.00047978239773494003,0.040552780977070206,1.3031760977551663e-05,0.00529041646988929,0.0007063043200413858,9.3434265563358e-05,0.00013075435858235022,0.00026442756400685106,0.8157186103257212,0.0033555212963668844,0.0033578670804597062,0.0002704521599344824,0.00033184491905521933,0.03123192469842384,0.0137283663283812,0.0002213930484054158,7.287133254168593e-05,0.0001801766692200807,0.04447509355450876,1.9320545116691467e-06,7.998974137350322e-05,0.03161257482508242,6.027371641730368e-05,0.000955010346323946,0.006815165789406749
25,0.0012736190890846012,0.02547855743017504,2.2754644689046098e-05,0.0035036828204227572,0.0015449998993844385,9.719035084505026e-05,0.00029863189516288825,0.0008529850607323977,0.8016863553329658,0.0015803190504275488,0.014096767931301189,0.0007310257538075145,0.0005226384717106118,0.04885325498735479,0.010229164736335616,0.00019480141595943506,9.774260889600722e-05,0.00039921668632053565,0.029907715876224077,3.02152257040925e-06,0.00018268893117088218,0.049437226579830205,5.72369523087187e-05,0.000868296670413986,0.008080105301906497
26,0.0005595946892447385,0.011031172107415941,2.2722354662963677e-05,0.0026120484465644543,0.0006503894311550806,7.925446515927598e-05,6.954327012785629e-05,8.0440969693308e-05,0.9337585957145108,0.002072079527623249,0.001638457285222267,0.00012241147524361785,0.00021652338568640684,0.01951903493066961,0.0035636876139110377,0.00011295269583831648,3.551640713963178e-05,0.00018123217018236806,0.009920688484255147,2.00721830762115e-06,5.5340948017185243e-05,0.007505478557234441,9.545870471925338e-05,0.001971921643360609,0.004123447504054697
27,0.0003468945018576888,0.014526055917476691,6.173961636659857e-06,0.001850560206081941,0.00038103598473622984,9.040190850658502e-05,8.528856196540444e-05,0.00015085166459693122,0.8983089004349029,0.0015161516759904813,0.002267245572875531,0.00019064994364007695,0.00019262871617085656,0.013743351383350562,0.01132009664508279,0.00011093694145952869,2.0790683828151835e-05,6.345168931524438e-05,0.019208913706936497,1.0827397768167436e-06,2.595514300854052e-05,0.029882105604113612,2.2750807580275907e-05,0.0005455221360645459,0.005142203469045362
28,0.0006446723080638693,0.024876080010565155,1.6040949457756346e-05,0.00296179345653246,0.0006689955747204952,0.00010819189889178004,0.00013506586584209233,0.000244512827949926,0.8561769044064215,0.00241079373417575,0.0040815802345948,0.0003110210624892657,0.00031172470271319377,0.02599727567741937,0.012805801530480724,0.00021172016364481017,6.339121549468735e-05,0.00014782233478794927,0.02786185024219978,1.949271317200824e-06,7.16983310936333e-05,0.030652812346810686,5.2933292878055314e-05,0.0009768550829298438,0.008208513478525274
29,0.0006446723080638693,0.024876080010565155,1.6040949457756346e-05,0.00296179345653246,0.0006689955747204952,0.00010819189889178004,0.00013506586584209233,0.000244512827949926,0.8561769044064215,0.00241079373417575,0.0040815802345948,0.0003110210624892657,0.00031172470271319377,0.02599727567741937,0.012805801530480724,0.00021172016364481017,6.339121549468735e-05,0.00014782233478794927,0.02786185024219978,1.949271317200824e-06,7.16983310936333e-05,0.030652812346810686,5.2933292878055314e-05,0.0009768550829298438,0.008208513478525274
30,0.0006446723080638693,0.024876080010565155,1.6040949457756346e-05,0.00296179345653246,0.0006689955747204952,0.00010819189889178004,0.00013506586584209233,0.000244512827949926,0.8561769044064215,0.00241079373417575,0.0040815802345948,0.0003110210624892657,0.00031172470271319377,0.02599727567741937,0.012805801530480724,0.00021172016364481017,6.339121549468735e-05,0.00014782233478794927,0.02786185024219978,1.949271317200824e-06,7.16983310936333e-05,0.030652812346810686,5.2933292878055314e-05,0.0009768550829298438,0.008208513478525274
31,0.0013174365282920565,0.03795898863055485,3.7148526681030525e-05,0.003875563363437646,0.0006215854803491867,0.00012207394531087425,0.00018550180382262757,0.0006356982345225869,0.8074064683048593,0.00394616452990464,0.005601691663314789,0.00047458597008402756,0.0004996763386272208,0.03881725991088882,0.011096407960305785,0.0004378240003096123,0.00012481183856540015,0.0003306828300812543,0.03567527150550944,2.88180344639674e-06,0.00013370945137058018,0.03962883022329052,7.43826910176174e-05,0.0011649685202108442,0.009830385945242935
32,0.0006149976271006724,0.024769996337997553,1.487537869441287e-05,0.003178272017023845,0.0006544843484800244,0.00011254586775127105,0.00014573878991418126,0.0002475484346782527,0.8485232992393464,0.002482732713266742,0.004033032988775067,0.0002916190703534276,0.0003281635911779655,0.024022606657720574,0.01403880246147746,0.00022520970749388108,6.340080229226508e-05,0.00015499500541996594,0.035400154830954614,1.9520508265920757e-06,7.783277753353088e-05,0.031764246458739674,5.435280215783854e-05,0.0009775480082637785,0.007821592032560021
33,0.0027981258323055624,0.08199161744367149,2.5083033596038596e-05,0.009254461809140056,0.0012504655336922574,0.00011811137244967804,0.00045468480408477116,0.001167589820719818,0.577706449770313,0.0020605103633493742,0.018213948011374236,0.0018279806850729791,0.0014324541898519945,0.034652997992575055,0.01971553639688737,0.0006916974203687999,0.0003712401468458396,0.0004784929336991964,0.09749629458597571,2.915553195759308e-06,0.0002238143121882664,0.13514044036882164,6.768235795011701e-05,0.0016252044846948737,0.011232200777175861
34,0.0010688264401598566,0.017771067357013698,1.60330846019431e-05,0.003160286532776174,0.0007217612162399762,0.00010717998856864174,0.00014768050540110706,0.00023925689444144268,0.8652467739136583,0.0017816723697754307,0.005298943890491391,0.0002517114016945837,0.0003965644556014183,0.018639799929822044,0.013400163693881409,0.00015982765720432172,4.927732284855015e-05,0.00019442571584202723,0.03366996506990723,1.687181995957841e-06,7.897930126974231e-05,0.030838566617282237,5.132458654427552e-05,0.0009666743252795523,0.005741550547698605
35,0.0013895218088935423,0.021382314646212517,1.4585791622736299e-05,0.003039034358143751,0.00031382319007395735,0.00013870148942972277,0.0001714049004920123,0.00042193296609486125,0.8448178230276417,0.002255509961233542,0.0038036696529920285,0.00041330001015585556,0.0005093057660697798,0.01318009832952853,0.008661996522582354,0.00035751575510022923,5.6772206298570604e-05,0.0002624250029455091,0.04132960283263368,1.4359720094290877e-06,5.581632800558751e-05,0.051614100742664225,3.656493787463851e-05,0.0008706763992180493,0.004902067402082987
36,0.0006463964691477842,0.01941117548269837,2.1788179945030944e-05,0.002657160608575344,0.0019166940220148108,0.00011803829334279799,0.00013796325211647335,0.00010851819655522738,0.8790729013174254,0.0016004979309160014,0.006482585744946546,0.00025358242250302554,0.0002738285439969083,0.023111354657455233,0.013343842117002378,0.00013266237734377073,6.745821488241643e-05,0.00011883635842312408,0.02140162350999364,2.3472032399448853e-06,0.00012019963202724539,0.015464918652753299,9.487047414382187e-05,0.002257008781712358,0.01118374755683886
37,0.0010007169250165044,0.019158758109445156,2.9325562323627605e-05,0.0022855736014979165,0.0008987985571560115,6.32688013125983e-05,0.0001426459026523771,0.00013811973146745903,0.8898692970278238,0.0016662669625571388,0.003696038965319143,0.00035184009279359694,0.00045281929611205434,0.02911701503350076,0.005737635051275849,0.00017359467697589166,6.283958108834363e-05,0.00019576515735080004,0.01594317073729608,2.374880029783669e-06,9.942000928073545e-05,0.01879388869872757,6.274665380123515e-05,0.0021737746145244177,0.007884305370671066
38,0.0009344379226208175,0.017793417743276134,1.8746840413195747e-05,0.004294845362664577,0.00040088695326886514,0.0002798343595497029,0.00028522457219447067,0.000326878195207053,0.8118253379799678,0.003485454670187888,0.0033545495282541415,0.0002570677850041933,0.0005091769439075146,0.011312662467662393,0.022136047019595824,0.0006024264514024215,8.147748341252983e-05,0.000271925721621801,0.08052775149130259,2.7252545553716344e-06,9.291090532498438e-05,0.03357013173009997,8.694458961831793e-05,0.0010900395581066832,0.006459098470780738
39,0.0012845856541749264,0.025920550027654615,2.5654474338151428e-05,0.003220836854156929,0.0006720030864437342,0.0002392831636655089,0.0003688845746364994,0.0008366348887231067,0.7865401552767665,0.002552713116372978,0.007898952023951163,0.0008132618648720704,0.0005319656109494647,0.02224002893853584,0.017098789249256802,0.0006710790069284832,0.0001444185308486632,0.00025356767949217786,0.051465905209292555,2.8456575132840674e-06,0.00014297580816618745,0.06348937668638101,6.878222573147434e-05,0.001105835073806255,0.012410915317341635
40,0.000987039847001231,0.0281847652094039,1.9617125781867207e-05,0.0020536777535582708,0.0007703727557179771,0.00011946570609945203,0.00012876077828074788,0.0002710378209274537,0.8342745351826463,0.0018118180018038715,0.005949320211151917,0.0005151656198848283,0.00031636240927999525,0.029924211829656357,0.01556845618465113,0.00017150936333730328,7.584041788767606e-05,8.944606651188057e-05,0.015657540912166378,1.73028726065053e-06,5.962473875326863e-05,0.05031227050756519,3.69787173900129e-05,0.0007568041057725857,0.011943648447509711
41,0.00024766184872609655,0.007310173230914599,4.331592673887229e-06,0.003640753478233389,0.0008248652277744542,0.00013587298802670195,5.80662764345288e-05,7.527420278751662e-05,0.9334759410758123,0.001160503513954725,0.001683234572709882,0.00011883026627891516,7.69821441993982e-05,0.006044839599931291,0.019245296747254944,6.72435219193978e-05,1.3299017959097025e-05,3.757610491196631e-05,0.011716200021737904,7.310928948282934e-07,8.894343725788373e-06,0.010231283621234832,2.8639210478536362e-05,0.00044661717519729743,0.003346889124227466
42,0.0004933589319999801,0.016539678245706884,3.806546027359875e-05,0.0025113744273478934,0.0011602693754636563,5.666047774344432e-05,7.338617716043979e-05,0.00010016865133488805,0.8748560923832351,0.0024511947058226437,0.002975266821260617,0.00021831630585399944,0.00013631920080342319,0.06603065743851279,0.0059706071250727275,0.00011737153230582428,5.804732970623436e-05,0.00023532598001747086,0.007745917593061128,2.6380158600341095e-06,9.665541992164513e-05,0.004800599479871147,0.00016160987032078097,0.0019788819963278853,0.011191537055015573
43,0.0003782863981055456,0.015057999123041493,1.1358056680792579e-05,0.002712734545399281,0.00042444224699455976,0.0002124457847295651,9.021218568062196e-05,0.0002523599222593299,0.8758812026074287,0.0043901225865021895,0.002416109458449421,0.00011365672984475479,0.00022176666962170387,0.01581749058746276,0.01376952694086828,0.00018419857352770208,3.372670368238611e-05,0.00012858522127479492,0.03321266811957265,2.010695263768206e-06,5.1805526511139025e-05,0.029519250805972688,4.570649527697027e-05,0.0005377653355791827,0.004534568680269811
44,0.0006446723080638693,0.024876080010565155,1.6040949457756346e-05,0.00296179345653246,0.0006689955747204952,0.00010819189889178004,0.00013506586584209233,0.000244512827949926,0.8561769044064215,0.00241079373417575,0.0040815802345948,0.0003110210624892657,0.00031172470271319377,0.02599727567741937,0.012805801530480724,0.00021172016364481017,6.339121549468735e-05,0.00014782233478794927,0.02786185024219978,1.949271317200824e-06,7.16983310936333e-05,0.030652812346810686,5.2933292878055314e-05,0.0009768550829298438,0.008208513478525274
45,0.0007131022905895979,0.02942706493170682,1.9719986311732962e-05,0.0028403495624155653,0.0006849491105789193,0.00010009244983726221,0.00012598831887177577,0.0002503974917862816,0.845416300107113,0.0026994120946950335,0.004390225840996923,0.00033114247612795155,0.0003287668098045146,0.033060129860142874,0.011283046809295998,0.00021233784451820054,7.59506908521363e-05,0.00016400915594898683,0.026095759467528876,2.06015988890692e-06,8.651652639736847e-05,0.03134074867895293,5.8510079182715845e-05,0.0010832510062729294,0.009210168250182879
46,0.0037230739394131136,0.10391306269368884,3.2331132119703164e-05,0.01034685479194743,0.0012859648306686549,0.0002603321695468681,0.0003702068010910498,0.0008267181185697927,0.5449396375726909,0.0026809487388982957,0.015033376629311633,0.0020043025673802126,0.0010061990133463346,0.023531441464971214,0.038047966210647495,0.0009096434802757237,0.0007770311151230445,0.0002181044743543975,0.07385289959625739,2.3277185107762093e-06,0.0001368087371474041,0.1560036273379483,0.0001040952050750761,0.0016571230334047847,0.018335922627611603
47,0.0011594675136093668,0.050656163450093335,1.4996237060219123e-05,0.0026625150303687594,0.00042810989615250326,9.779718317747972e-05,0.0001494626248553041,0.0003331002478035757,0.7792855470772938,0.0021797374031921352,0.004635652312961475,0.0007031273845005626,0.0005402119880718005,0.020281938161643805,0.015091187234391174,0.0003522096350240843,8.902680942751611e-05,9.905036978763311e-05,0.029236072041778943,1.584918591805507e-06,4.405993851454891e-05,0.08001897905485744,2.6171834199865117e-05,0.0009736380204647145,0.010940193632177922
48,0.0009496639773500543,0.10866439809506657,2.016856996514494e-05,0.008450759977857075,0.0006006268993408291,0.00017902055820962913,0.00019434481720334804,0.0006166323565855018,0.635933982522858,0.006212361686517041,0.004700901847256572,0.000530715493999497,0.000509907262267155,0.03349238893734496,0.023517814765426286,0.0006092394357073762,0.000303566394488877,0.00021977416254440196,0.08253768067638492,2.2018462967519036e-06,0.00010908218515103445,0.08029466538882434,8.662800080822824e-05,0.0008744449278957549,0.010389029214650623
49,0.0008264633188179791,0.022451422660635437,2.0775037142259683e-05,0.0025423003493278986,0.0006604380640246163,0.0001357721411290347,0.00013128757702830432,0.00028452111714781216,0.8726819950885557,0.002315702358289248,0.00439075382975057,0.00037900048530052557,0.00032095285080904344,0.025052434108991318,0.009435687260171499,0.00020328470368913891,6.334796260583802e-05,0.00014938375208550482,0.01749982527815139,2.109746580907525e-06,6.393930328771187e-05,0.03146315998936508,5.13735350978897e-05,0.0009673767014752757,0.007906692780540053
50,0.0003565215687203313,0.025674071536107637,1.2180011874680242e-05,0.002335450252742941,0.00042569654548591787,9.733338237778557e-05,0.0001272668727075807,0.000281124810989156,0.8431121062035271,0.0035142173755415822,0.002575625276730619,0.00021962183082748662,0.0002853357663057335,0.027462274937401547,0.012851974881697635,0.00020260968772392755,4.264706602945726e-05,0.00010712837452840393,0.03541743428799726,1.77214349316212e-06,6.478500225578834e-05,0.03710749997827766,3.175138768481181e-05,0.0005569192536814995,0.007136651565290231
51,0.0006283316470657302,0.04398211340720891,1.4371121707764842e-05,0.004020991497928627,0.0006205303400579379,8.929800564096735e-05,0.00011215218178743682,0.0003256607898972196,0.8123511298355353,0.0030252410659374284,0.004187182591128086,0.00035298049752564435,0.0003467826618468169,0.03341930977407401,0.014246451174776235,0.0001982303773724324,6.453448155612868e-05,0.00014212690687087168,0.03085310041761325,1.7927757504008784e-06,6.159244844096533e-05,0.042401027198745396,3.9884020714583206e-05,0.0007465694540191116,0.007768615326798597
52,0.0006256145261709999,0.022257658165916926,1.4878113217296058e-05,0.0033836042446757954,0.0005177588684676871,0.00012084030798731183,0.0001138285412937749,0.0002622943413636047,0.8567790182462127,0.0031864611062459086,0.0034677799635081216,0.00023586165825884448,0.00032593952198281626,0.023225062273762438,0.013773910281872742,0.0002329837501206464,5.239901471270217e-05,0.00018148001187458747,0.032952218788263356,2.1691671610687415e-06,5.9974679570356706e-05,0.03091990274963124,5.082855045567524e-05,0.0008543594354570909,0.0064031736918162725
53,0.00045748373868239234,0.012135056206235818,1.024592707716188e-05,0.0016684838463702225,0.000514833906220057,0.0001093011146879586,0.00023671938727882114,0.00020430150469704983,0.8988543635017836,0.001003876520219952,0.003516431814935162,0.0004172674144909879,0.00020080813091778485,0.01893464248804399,0.012278307754543352,0.00019077082051157724,4.050118290040265e-05,0.00010379610378022712,0.01846120080662408,1.5140939197644626e-06,5.169909601196017e-05,0.020425941129667443,5.019291269145827e-05,0.0007566804276387451,0.009375580170070015
54,0.0002175364915211455,0.027507180413366708,1.0408121425186083e-05,0.0012066927105382084,0.00032792066815211284,4.610962690239707e-05,7.271542592696836e-05,0.00013830885517057077,0.867584396991374,0.0021241058782365085,0.0016296298781316952,0.0004089833265529698,0.00013632914729967973,0.03362221368073568,0.012920833355029714,0.00023848270077963887,3.427454728458442e-05,3.945211231762032e-05,0.011962431526128112,1.3439005940349098e-06,2.504560277212981e-05,0.021835698472594815,2.1623744011408925e-05,0.0007470347175070127,0.017141248105646996
55,0.0004658809223502034,0.013949306737378611,1.0109703801640703e-05,0.002126811608627971,0.0006540109057900036,7.745456946341136e-05,0.00015378217578012032,0.0001381915934074937,0.9080760321849024,0.001010778506606689,0.0030323460955630757,0.00040503185467958793,0.0002269847536582365,0.016717657060472103,0.00859175413267884,0.00015923136445738606,3.431825652622842e-05,9.963245633768487e-05,0.01722563162562738,1.3035347890175617e-06,4.339781774083254e-05,0.01804356854335556,4.0003905238532615e-05,0.0011484666874573767,0.007568313003309621
56,0.0006668454168204846,0.025234699736338382,1.6041499069526734e-05,0.0029707596858389784,0.0006635443314037182,0.0001063362207809776,0.0001387837801609782,0.000248701970767561,0.854006089695909,0.0023624360080828945,0.004155662233393846,0.0003214132621644315,0.000333309202973399,0.025937323848004023,0.012632272181860095,0.0002113605984688889,6.322878447056115e-05,0.00015042935897487686,0.02838200577469373,1.993161220798572e-06,7.28538975588615e-05,0.03217501807797533,5.1841773877570106e-05,0.0009972732337454444,0.008099776265445918
57,0.0006383748738618791,0.0383555174854907,1.5986905285051427e-05,0.0031647646098500047,0.0006210508539541815,9.009147220820125e-05,0.00020340788253989879,0.00031826489465658093,0.7859711372938187,0.002628127628849061,0.004595981275329654,0.0004294237292463873,0.0005008025723375052,0.025881779367569486,0.014668308585555758,0.0003498827085710394,8.443285374391838e-05,0.00016201169215023512,0.0631838827997589,1.984294178717e-06,0.00011963666781973628,0.04690745313034218,4.267508648722435e-05,0.0011508420979785855,0.009914179238416443
58,0.0005426824040516885,0.02083742774931185,1.5083017409116623e-05,0.0027081779097945513,0.0007104145341564416,9.251518886697907e-05,0.00012697794213768648,0.00016834361789230264,0.877391200207014,0.002028422226710667,0.0034067276667261114,0.00027623211113137576,0.00030927475300020386,0.022597246300169616,0.010737310378502785,0.0001905280620535637,5.180020723295193e-05,0.00013060883059757712,0.02490587854959578,2.02723427137525e-06,6.9472106999937e-05,0.023572157599632722,5.389072173451128e-05,0.001315016902551205,0.0077605837784549955
59,0.00056057393322551,0.022043528885700325,1.8404695703927415e-05,0.002589967195178415,0.0007266378853692852,9.336241050280854e-05,0.00012326688786480722,0.00018007386920866516,0.8756953969743477,0.002348504818594244,0.00339651810597288,0.0002718458419466625,0.0003079986440705104,0.026157401348957818,0.009713043276401368,0.00020256441879379426,5.7817113655730124e-05,0.00014250610212421494,0.023027603280262838,2.216338403955932e-06,7.890617860224892e-05,0.02265509378920768,5.763443685343371e-05,0.001348794184884594,0.00820033938416659
60,0.0006446723080638693,0.024876080010565155,1.6040949457756346e-05,0.00296179345653246,0.0006689955747204952,0.00010819189889178004,0.00013506586584209233,0.000244512827949926,0.8561769044064215,0.00241079373417575,0.0040815802345948,0.0003110210624892657,0.00031172470271319377,0.02599727567741937,0.012805801530480724,0.00021172016364481017,6.339121549468735e-05,0.00014782233478794927,0.02786185024219978,1.949271317200824e-06,7.16983310936333e-05,0.030652812346810686,5.2933292878055314e-05,0.0009768550829298438,0.008208513478525274
61,0.0005542995642478591,0.019681705803780987,1.8181675811028152e-05,0.002403222521880034,0.0006938932587792726,8.947280987818363e-05,0.00011553849718891644,0.00016783045606998462,0.8856646339825792,0.002230887843752411,0.003192832630283668,0.0002480373034602272,0.00029339159352764825,0.02498159097856008,0.008626873475840102,0.00017905855091799534,5.024380707396749e-05,0.0001388427513675453,0.02087453657348428,2.07268597406235e-06,7.501623858252415e-05,0.020803298443191516,5.503125731530449e-05,0.0013206625857768478,0.007538844710676363
62,0.0006446723080638693,0.024876080010565155,1.6040949457756346e-05,0.00296179345653246,0.0006689955747204952,0.00010819189889178004,0.00013506586584209233,0.000244512827949926,0.8561769044064215,0.00241079373417575,0.0040815802345948,0.0003110210624892657,0.00031172470271319377,0.02599727567741937,0.012805801530480724,0.00021172016364481017,6.339121549468735e-05,0.00014782233478794927,0.02786185024219978,1.949271317200824e-06,7.16983310936333e-05,0.030652812346810686,5.2933292878055314e-05,0.0009768550829298438,0.008208513478525274
63,0.0006362946402743618,0.031198070877494558,1.56610264038375e-05,0.0031525256155367633,0.0006413388402217948,0.00010209280201272377,0.00012781198636173816,0.00025515686632397554,0.8409465914311617,0.0026443717553799265,0.004019611787442456,0.0003256392924445945,0.0003258396680981631,0.027694399369827857,0.013442464674691956,0.00022095217530894594,6.813120128870455e-05,0.00014073251318110307,0.029897083565319216,1.9149130032798215e-06,7.039192947059615e-05,0.03448902096415436,5.0052211402600145e-05,0.0009697087954816104,0.008564141097713234
64,0.000741764176813422,0.027507215110990517,2.172795464311081e-05,0.0029351196777631467,0.0008090121581980586,9.999185773295637e-05,0.00016894171322629368,0.0002687490664735419,0.8407003446836282,0.0025261753096913566,0.004815398344904692,0.0003280729191036415,0.00039714658924775505,0.03255361032198391,0.011263124246023267,0.0002292177975208975,8.07950936970539e-05,0.00019360755732472754,0.0331051218226166,2.3350245839185115e-06,0.0001255228414624688,0.031000585476420484,6.385600360619513e-05,0.0012033618184887223,0.008859202433854966
65,0.0016087001493825638,0.017643557617095244,1.0964836188404778e-05,0.01246935008571785,0.0013958445087826872,0.0006735658173095995,0.0006040116911513523,0.0005097122829459009,0.6487831383010962,0.0017122914168531623,0.012598866343399913,0.0004823024789212149,0.00041723972282574947,0.007057328613648119,0.057076280218955354,0.0005273394428340635,0.00020649323872250135,0.0004061750684702241,0.183540050036028,1.7226721463442581e-06,0.00013744471117984504,0.04428644772892815,0.00020458034757843833,0.000996896386728259,0.006649696283110884
66,0.001569208339320794,0.019651187536444483,5.504275921307622e-05,0.0027311005766768688,0.0008148175454468255,8.320830997150276e-05,0.00022490998543594633,0.0006873015329949391,0.8485072128763376,0.0034497655126460923,0.006534194122951776,0.00036612121271190713,0.0010930157592970015,0.03778818474274032,0.006657747417756416,0.0002977105296624879,5.443796910695824e-05,0.00044105599374334465,0.023818931718121328,5.4847407743247855e-06,0.00014263086452540722,0.03880803602584594,2.9963810259672356e-05,0.0009544301532453058,0.005234299964769684
67,0.0012612226552019632,0.02730858289233751,7.425498996303982e-05,0.005792749085835446,0.0011171991848101242,0.0001712714328960376,0.0001870954795168955,0.0003524673600290535,0.8171253106452051,0.0057786963812041766,0.005581015801626334,0.00026898080270896,0.0005636898081193048,0.0548752463940487,0.010087310415977118,0.0004060037280019726,0.0001941136908896188,0.0006407524509907964,0.03738413244156243,6.295052833280339e-06,0.00031400172672267233,0.017744679754708965,0.000285433657138416,0.0026256448820035244,0.009853849285668594
68,6.93798210992517e-05,0.0025951074837640524,1.2915245491866794e-05,0.0005240998106292089,0.0004028215218540846,2.8440154555781847e-05,2.3292326310936886e-05,1.5031130925774332e-05,0.9573494306177627,0.0009373453510761262,0.000424221116726137,8.042552466232548e-05,3.6475829124439596e-05,0.026992387573378466,0.001540020439249969,2.7613084114690905e-05,5.590110247723972e-06,2.7954410534498578e-05,0.0008422383838424303,1.3259508305325972e-06,1.0988493286970398e-05,0.0012554622308821376,3.887791844357761e-05,0.0011112415544567236,0.005647313916749548
69,0.0003895413746315826,0.010928025892827532,5.2941471469227415e-05,0.0015188637007695742,0.0004505728416406826,8.356770592379023e-05,0.00013280581400294095,0.0003434447139867067,0.8624297794258757,0.0047078020662292,0.002367103119706283,0.00018400330645192272,0.00026430465532171577,0.07391351469843555,0.003897399552066315,0.00027783670923963,4.74894136131727e-05,0.00046914365566761633,0.017482058506478302,5.467246464626496e-06,0.000253754735865664,0.009582282914455785,0.0001171104760953924,0.0014120588302900775,0.008689127172491122
70,0.0006441724204995687,0.024848429601095748,1.603082379739483e-05,0.0029616816904622922,0.000669451580327549,0.00010816257520804887,0.00013501630773339428,0.0002442761033895759,0.8563042774824478,0.0024082915064937557,0.0040798087384374335,0.0003107985963230832,0.0003114019869732069,0.02598726827119946,0.012800520230697677,0.00021137067382237887,6.331645118245353e-05,0.00014770182772076755,0.02782649449065422,1.9482163556921208e-06,7.16352051345758e-05,0.03061552377205862,5.293121798545428e-05,0.0009764570713274766,0.008203033158672456
71,0.0001733587144651274,0.013102098151381709,1.1737097004578303e-05,0.001216381744960116,0.0006234813226715063,4.10836203521164e-05,9.246255233626499e-05,0.00012542018229849198,0.9106173577481133,0.0017839239187259909,0.0016176305115656363,0.00014538255244593646,0.00014795523692279162,0.03802429454377974,0.003938098580723731,0.00010331102532489043,2.2742906156680545e-05,0.0001145787186897541,0.011256716385783738,2.0189092793549616e-06,7.229045604015303e-05,0.010106056682485843,3.7919538220190564e-05,0.0008332532893297393,0.00579044561094272
72,0.0004055929472247721,0.02158206464344408,1.102027423286236e-05,0.003133679311812995,0.00021273966345119414,0.00035896757561912324,0.00044326929239743286,0.0005479436837430603,0.7664038734530344,0.00435716632827693,0.0018211017912255763,0.000276026662512023,0.00048721539936473837,0.007309169389740443,0.037613323225571815,0.001037441148271688,5.7065767210555363e-05,0.00011064193706268594,0.09009000521748702,3.0071923549125317e-06,4.2466181683140933e-05,0.05769758470013141,2.6390616002199492e-05,0.0003427031392089956,0.005629540458935945
