,0,1,2,3,4,5,6,7,8,9,10,11,12,13,14,15,16,17,18,19,20,21,22,23,24
0,0.0004733511857704406,0.04053364316311569,9.928509345792895e-05,0.007913992922018795,0.004770812386539452,5.1751237725634655e-05,0.00013076715207017026,6.750472620085353e-05,0.7824172399844563,0.0026532274027541505,0.002560259838323998,0.0007551286276014712,0.00012239311910615877,0.0983283006714499,0.007213603067597535,0.00041299655598188206,0.00033534217771074144,0.000248591061204025,0.005494203348129444,4.9126464649681275e-06,0.00013534730741576257,0.0016846315069159454,0.0006737519371595874,0.010250238195071757,0.032668724685757426
1,0.001678353248825312,0.13571032378982217,4.61646559182184e-05,0.008331035248616439,0.007924413071510634,5.8235746878392744e-05,8.005250417124632e-05,0.00011466812057462635,0.47266637215965757,0.0010342005595470906,0.021945764905475437,0.002404547534759112,0.00010676022524784067,0.24600668907349665,0.02092882810927702,8.671391589127325e-05,0.001044706676674503,0.00014420205571045094,0.002615930254303924,2.1762374933454048e-06,9.382648308581329e-05,0.011172373123347576,0.0005991158450570226,0.0033485313541976917,0.06185601510046044
2,9.490337565989949e-05,0.010545000123506615,2.7831633612961775e-05,0.0015269491843845607,0.00113811129110882,2.6808631825505396e-05,3.094828237433982e-05,2.5328001027757065e-05,0.8721408256575671,0.0021319196614972193,0.0007841824529691805,0.000142058132252402,3.335710268491959e-05,0.08526998120462244,0.003911897631190305,8.37732187935237e-05,2.991185137175531e-05,7.977003504644904e-05,0.0017731391602698585,2.6197597889337337e-06,3.3776829066331785e-05,0.0009058103883589417,0.00018116969918458616,0.002553021908359983,0.016526904783475623
3,0.00015547374633251713,0.013815572716424846,3.511163119484012e-05,0.0022120961146417486,0.001250265078148122,3.842279922167744e-05,4.235285899101955e-05,3.0983538374159955e-05,0.8769183142440148,0.0024261860194024374,0.0010092035198980378,0.00017279945948895243,4.846031377611257e-05,0.07352560384950636,0.0042157194147894395,0.00011401637941555506,4.839823734357998e-05,0.00011426613947023764,0.002754293856021283,2.6546961021777044e-06,4.654950192985344e-05,0.0011535781559422027,0.0002561608471651556,0.003280781422176806,0.016332735460228218
4,0.00014588649542078943,0.01398452869405835,3.493649718260272e-05,0.002119225849225734,0.0012285203884774588,3.231410744164877e-05,4.108876173870502e-05,3.03353700406824e-05,0.870467003410369,0.002406374400091669,0.0009660610596931856,0.00016604325437360415,5.323108204227837e-05,0.08171881780485864,0.00367958170990531,0.00010266727771870704,4.3993147244662186e-05,0.00011846733693948981,0.002677937593149581,2.843031978548985e-06,4.94062893295302e-05,0.0011728206402437645,0.0002339607571935566,0.0033114181572654494,0.015212536884017008
5,0.00015407409283594624,0.012651291726517685,3.915037540642215e-05,0.002789000222702269,0.0013923650537268411,3.7236637837312536e-05,4.016747106016406e-05,2.903849164367011e-05,0.8767750752729413,0.0027604524334920097,0.0009007185752348408,0.00013609032359577648,5.1968639542377886e-05,0.07865560830911929,0.003195471057769992,0.0001025712464265493,4.565865930501083e-05,0.0001698093203434427,0.0027645758316949824,3.1587382990910663e-06,5.4388122708838894e-05,0.0008780575051405682,0.00033344412358898417,0.0038213386782125127,0.012219289090854206
6,0.00015547374633251713,0.013815572716424846,3.511163119484012e-05,0.0022120961146417486,0.001250265078148122,3.842279922167744e-05,4.235285899101955e-05,3.0983538374159955e-05,0.8769183142440148,0.0024261860194024374,0.0010092035198980378,0.00017279945948895243,4.846031377611257e-05,0.07352560384950636,0.0042157194147894395,0.00011401637941555506,4.839823734357998e-05,0.00011426613947023764,0.002754293856021283,2.6546961021777044e-06,4.654950192985344e-05,0.0011535781559422027,0.0002561608471651556,0.003280781422176806,0.016332735460228218
7,0.0005348886335392679,0.0206168649155391,5.736480326972945e-05,0.0033476392797936573,0.0013424897192053223,5.544404096272563e-05,7.584879452879498e-05,6.574126395051317e-05,0.8724867248780314,0.002869062632856,0.0024596254696539377,0.0002461714038706115,0.00016724466267199203,0.06387531471453517,0.006213089081005956,0.0001390005487170206,6.518206684112844e-05,0.00021557789699071995,0.005498004411536234,3.6950199763872967e-06,6.947897187329193e-05,0.0030088321883159695,0.0002084884982948199,0.0031617374071466866,0.013216488696893363
8,0.00015948460328667457,0.014398765983621465,2.475636225685722e-05,0.0021900168793105917,0.0012807431595087241,4.7959546153810775e-05,7.083164499973263e-05,5.044235789360472e-05,0.8804409047846988,0.002148433359658025,0.0015072594445004648,0.00019206373142027208,5.7718373519725585e-05,0.06894778034335361,0.005181644972252744,0.00011483160070166851,4.781812056328747e-05,0.00015215989145557425,0.005050588838865013,2.4506110053443827e-06,6.512704437319896e-05,0.0018443778301193688,0.0002103446256961542,0.0020636111746211378,0.013749884716164175
9,0.00013410386769022856,0.013592853616705272,3.754373912748378e-05,0.0021392245744178474,0.0011591699459688207,3.411557026481147e-05,3.554819147102467e-05,2.714081451165404e-05,0.8731536754979549,0.0026719261344088046,0.0008267860905067866,0.00015601325326217302,4.469122579832119e-05,0.07791374251782478,0.003786941671575082,0.00011594359284444919,4.545904119073586e-05,0.00010604588544480838,0.0023899882238908278,2.8012362476836524e-06,4.297366537847352e-05,0.0009674825571688655,0.0002599826336400776,0.003625308366061022,0.01673053808664505
10,0.00015547374633251713,0.013815572716424846,3.511163119484012e-05,0.0022120961146417486,0.001250265078148122,3.842279922167744e-05,4.235285899101955e-05,3.0983538374159955e-05,0.8769183142440148,0.0024261860194024374,0.0010092035198980378,0.00017279945948895243,4.846031377611257e-05,0.07352560384950636,0.0042157194147894395,0.00011401637941555506,4.839823734357998e-05,0.00011426613947023764,0.002754293856021283,2.6546961021777044e-06,4.654950192985344e-05,0.0011535781559422027,0.0002561608471651556,0.003280781422176806,0.016332735460228218
11,0.0001664396351229514,0.013977423639108227,3.5872560165542964e-05,0.002300189711916038,0.0012806480985377065,3.666053286597746e-05,4.498338424644956e-05,3.12127295083125e-05,0.8781575745042054,0.002338200074626352,0.0010341711420773568,0.00018199813969462037,5.642005085987687e-05,0.07214272200029323,0.0041439330234388895,0.00011625248383418948,4.8090293174674684e-05,0.00011943743818050859,0.002862084001788467,2.8608428137463436e-06,4.793268060141479e-05,0.001224428455562367,0.0002485329275230086,0.003572693498809575,0.015829238151045023
12,9.231378305966757e-05,0.005190636560128977,4.923813885170229e-05,0.0006797624078078746,0.004428839715484889,2.3671639442703944e-05,1.8935776733707122e-05,8.80560616318373e-06,0.8327418143594416,0.0011884799748967498,0.0009477549435112959,0.00011409041636056504,1.558261842015525e-05,0.1273702620310838,0.001208707226277196,2.8096879834332943e-05,4.4501722615590215e-05,6.586909055438242e-05,0.00032445360376889376,2.9962146974541495e-06,5.335026122991664e-05,0.00035388886641237545,0.00037154033789625325,0.004891911332142211,0.019784496493184575
13,0.00022458628285905774,0.019354046887944246,2.8726851830962635e-05,0.001382309304689384,0.0018369235008601924,1.9564051112479705e-05,4.97056609588688e-05,7.049998435362013e-05,0.7613666055647701,0.0011439931926227175,0.003770328696141563,0.000548760497737015,5.888088436541011e-05,0.16218444775586166,0.007312898374029791,8.004052005332787e-05,5.618315162392495e-05,8.494366261497328e-05,0.002275674091375772,2.413807965252227e-06,5.6261372685109745e-05,0.0032555412335920604,0.00010532223719987215,0.0019446824201511492,0.032786660012601575
14,0.00017830300875382234,0.021869082828672313,3.816610465924321e-05,0.002996925594475797,0.001941090684276843,3.609009770243142e-05,4.6224941352181186e-05,3.2947588255867976e-05,0.8493999374262468,0.002838075366964737,0.0014065831894312644,0.00017392183238669744,6.607914743725403e-05,0.0903421515681324,0.003958205013157517,9.989579638910517e-05,6.414475694850714e-05,0.0001551101657059509,0.003933432913458415,2.897469288050309e-06,7.49506174214871e-05,0.0013753939663475935,0.0002868119621405731,0.0038712952124260653,0.014812282747969209
15,0.00015547374633251713,0.013815572716424846,3.511163119484012e-05,0.0022120961146417486,0.001250265078148122,3.842279922167744e-05,4.235285899101955e-05,3.0983538374159955e-05,0.8769183142440148,0.0024261860194024374,0.0010092035198980378,0.00017279945948895243,4.846031377611257e-05,0.07352560384950636,0.0042157194147894395,0.00011401637941555506,4.839823734357998e-05,0.00011426613947023764,0.002754293856021283,2.6546961021777044e-06,4.654950192985344e-05,0.0011535781559422027,0.0002561608471651556,0.003280781422176806,0.016332735460228218
16,0.00020979739147966467,0.020046492122080015,2.935721992078193e-05,0.002281323318777785,0.001242586748541715,3.568452475337169e-05,5.1135596656621954e-05,5.399258910042264e-05,0.8300194394115848,0.002186853411018322,0.0017000290836984146,0.00034872640002816483,5.6358533827062414e-05,0.10244447828015842,0.0071117964086517575,0.0001327864208665769,6.219262712935527e-05,0.00011612429072251797,0.0035689096139818128,2.3053753285010385e-06,4.738456008450781e-05,0.002428638202647912,0.00017981775471223637,0.002254985044940151,0.023388805069309227
17,0.0001669403000403464,0.013606827780432125,3.657306588558434e-05,0.0020451152527128044,0.0014639426055488517,3.4392991481372025e-05,4.490340767596648e-05,2.9954936628624694e-05,0.8709652939521524,0.0020597728293751433,0.0011164943231871598,0.00018965013525375454,5.050617624100942e-05,0.08087673851898004,0.0034748007552014783,9.782754618038942e-05,5.127394388997226e-05,0.00011992981835981089,0.0024072679148690024,2.6479850590480505e-06,5.315439556934453e-05,0.00115810396739516,0.00026030051852335043,0.003509326417485924,0.01617826046187134
18,0.00010430067562554443,0.013696678659394435,4.271145954950983e-05,0.0010487251723086334,0.001016416811523672,2.6624979200353256e-05,4.216186788886528e-05,2.3511225800213087e-05,0.812868539760393,0.00219598034633564,0.0008268178181407828,0.0002639107074212942,3.293884246175697e-05,0.1143502681096362,0.004318658645344496,0.00017697520638457738,6.691351867229037e-05,7.793801598873487e-05,0.0021548912258953358,2.8234045151607392e-06,5.845058786483028e-05,0.0009603845977905295,0.000274743942197312,0.004408880670992854,0.04095975374867383
19,7.782704055261338e-05,0.011850493711016239,1.990688963459539e-05,0.0025162332288763125,0.001083986867355964,3.715103252880368e-05,2.9535709700339147e-05,1.9438484963674774e-05,0.9103150377425498,0.0024179307491328933,0.00047508857180472345,0.00012579282969349363,3.27976252046734e-05,0.05032224854647314,0.003765016904742759,8.398774116330409e-05,2.6980482184459244e-05,5.979479020588112e-05,0.0019314152895953496,2.0232069195850268e-06,1.9511715933973835e-05,0.0009083201567465373,0.00017014958804285757,0.0024715503864952593,0.01123778070848241
20,0.00012388539022426144,0.01539650528580808,2.0878370503707937e-05,0.00196174625752712,0.0009683433302322852,3.348451678113653e-05,3.5621543132888155e-05,3.778203556339188e-05,0.8741120387662109,0.002427562470788531,0.0010851361991096504,0.00014160593917954059,5.4135309638887246e-05,0.0782451525741456,0.005146419474765762,7.712900498679264e-05,3.1740882551098504e-05,8.731420357450556e-05,0.0030918536795565776,2.4959394221663854e-06,3.542851588395408e-05,0.0020883895783939837,0.00013549973249036735,0.0018377951932550265,0.01282205580627381
21,0.00014832071080996155,0.01361513355055278,3.271065821920428e-05,0.0021998647983497714,0.0012308873658040636,4.001515873612678e-05,4.1734025517348194e-05,3.038319397147929e-05,0.88099156603358,0.002422348637039595,0.000992884939513218,0.00016391876720580638,4.649876550464512e-05,0.07009890767003363,0.004368658398738445,0.00010993083287048239,4.6549631108948e-05,0.00010826358652592608,0.0028079081872594393,2.5557316795980647e-06,4.442463564203998e-05,0.0011703341687440182,0.0002505504550819594,0.003104795233960083,0.015930854863551166
22,0.00038113054922656346,0.024224643109592613,8.922547211905609e-05,0.003744459664395156,0.0018361654679782708,6.661027286368288e-05,5.4995961477589105e-05,7.89356713140303e-05,0.7960154021552718,0.005449528432456533,0.0021263211634163976,0.00021499592723235063,9.075266656728177e-05,0.13125479607951546,0.0044722583211846256,0.00018971057899917022,0.000153429866306008,0.00035396827567079974,0.004770144962130075,5.02540280280438e-06,0.00013388265481563261,0.001989961174110413,0.0005495109634794939,0.003964316066040952,0.017789829141032974
23,0.00015547374633251713,0.013815572716424846,3.511163119484012e-05,0.0022120961146417486,0.001250265078148122,3.842279922167744e-05,4.235285899101955e-05,3.0983538374159955e-05,0.8769183142440148,0.0024261860194024374,0.0010092035198980378,0.00017279945948895243,4.846031377611257e-05,0.07352560384950636,0.0042157194147894395,0.00011401637941555506,4.839823734357998e-05,0.00011426613947023764,0.002754293856021283,2.6546961021777044e-06,4.654950192985344e-05,0.0011535781559422027,0.0002561608471651556,0.003280781422176806,0.016332735460228218
24,0.00011977257422168216,0.023228176260300385,2.9431452702918965e-05,0.00416332148455309,0.001336923426151479,3.481257437591867e-05,4.277877850862838e-05,3.509799344083788e-05,0.8489493580687493,0.003519303361036375,0.0008507537277849871,0.00015568528514293183,5.382843733143472e-05,0.08935348236514745,0.004662168229012355,0.00012643893402497115,5.817616713960391e-05,0.0001467857006722003,0.004574805514542476,2.7459397884776005e-06,5.2633674971905315e-05,0.0012234783568179947,0.0003014003025586889,0.003256593082589204,0.013722048308434558
25,0.0003161776625237694,0.013575828074663144,5.0799537044008805e-05,0.00280769944481015,0.002880578246099639,3.758281917478713e-05,0.00010108715586218213,0.00011567695516737215,0.8124980057938379,0.0016142597106407973,0.003512963091599294,0.0004116159610940592,8.229827279719539e-05,0.1350682846628967,0.0031746373052476545,0.00011039945275054671,7.783550204319525e-05,0.0003615883561104214,0.0031205463390542375,4.209496920541496e-06,0.00012601345830176214,0.0017854330010346085,0.0003051096628950547,0.002885392963770566,0.014975977073660279
26,0.0001359707899626892,0.00592292055307261,5.0145554924433826e-05,0.0019322518303363475,0.0012189984167490532,2.7817746246147977e-05,2.2652708472279946e-05,1.0420396074651516e-05,0.9168378029750189,0.002036915222251521,0.00040488808864076904,6.74707659633727e-05,3.394251228105937e-05,0.053754357068826066,0.0011153294685262232,6.275535828188951e-05,2.8218859239199437e-05,0.00014866375896376442,0.0009844524094083055,2.791137880295364e-06,3.7337500654640316e-05,0.00027300279079082453,0.00047170179730256256,0.006556708825631321,0.007862483464501089
27,8.615559562213914e-05,0.008435316774413731,1.3855385229205306e-05,0.0014456570034589971,0.0007132799636522351,3.312960959923348e-05,2.7576301061065094e-05,1.9857922762660624e-05,0.9282028818185808,0.001589956681787467,0.0005715933245270947,0.0001101796056943539,3.143972324644506e-05,0.03907654797843463,0.003928751433765375,6.378552139656725e-05,1.659417689127895e-05,4.9813085862234185e-05,0.0019570789518326827,1.5402794065612628e-06,1.655865292947957e-05,0.0011733688240429447,0.00011029351713037873,0.0018475156640292338,0.010477272204643137
28,0.00015547374633251713,0.013815572716424846,3.511163119484012e-05,0.0022120961146417486,0.001250265078148122,3.842279922167744e-05,4.235285899101955e-05,3.0983538374159955e-05,0.8769183142440148,0.0024261860194024374,0.0010092035198980378,0.00017279945948895243,4.846031377611257e-05,0.07352560384950636,0.0042157194147894395,0.00011401637941555506,4.839823734357998e-05,0.00011426613947023764,0.002754293856021283,2.6546961021777044e-06,4.654950192985344e-05,0.0011535781559422027,0.0002561608471651556,0.003280781422176806,0.016332735460228218
29,0.00015547374633251713,0.013815572716424846,3.511163119484012e-05,0.0022120961146417486,0.001250265078148122,3.842279922167744e-05,4.235285899101955e-05,3.0983538374159955e-05,0.8769183142440148,0.0024261860194024374,0.0010092035198980378,0.00017279945948895243,4.846031377611257e-05,0.07352560384950636,0.0042157194147894395,0.00011401637941555506,4.839823734357998e-05,0.00011426613947023764,0.002754293856021283,2.6546961021777044e-06,4.654950192985344e-05,0.0011535781559422027,0.0002561608471651556,0.003280781422176806,0.016332735460228218
30,0.00015547374633251713,0.013815572716424846,3.511163119484012e-05,0.0022120961146417486,0.001250265078148122,3.842279922167744e-05,4.235285899101955e-05,3.0983538374159955e-05,0.8769183142440148,0.0024261860194024374,0.0010092035198980378,0.00017279945948895243,4.846031377611257e-05,0.07352560384950636,0.0042157194147894395,0.00011401637941555506,4.839823734357998e-05,0.00011426613947023764,0.002754293856021283,2.6546961021777044e-06,4.654950192985344e-05,0.0011535781559422027,0.0002561608471651556,0.003280781422176806,0.016332735460228218
31,0.0003251927677932844,0.02165734052730533,8.359615724456598e-05,0.002988646483454598,0.0011649518602768456,4.461607372045371e-05,5.93095708747707e-05,8.29084202940394e-05,0.8238723108586148,0.004133568930003852,0.0013996614072804313,0.00026558388544697465,7.994035329959414e-05,0.11045378511252639,0.0036954546507834618,0.00024696457053525816,9.913834225627464e-05,0.0002699712867592336,0.003642413872590867,4.077130232423401e-06,8.846131346487898e-05,0.0015038405290442348,0.0003707612004099059,0.003931801499511836,0.019535703196275716
32,0.00015039571401736422,0.014101757596164359,3.300735907700596e-05,0.0024288581476477637,0.0012299196056987686,4.0713625085654856e-05,4.6160270379244356e-05,3.1856164571213144e-05,0.8802345916390489,0.002559996967945325,0.0010081890206881199,0.00016482139683197808,5.207036505097875e-05,0.0686488990250681,0.004749054314434427,0.00012416823603764523,4.916802360070081e-05,0.00012062155317018852,0.0035541631591867436,2.7087667521764098e-06,5.032393022250406e-05,0.001221504585178861,0.0002645172535172425,0.0033132284654944864,0.015819304815130206
33,0.0008663369423599489,0.056574358166807774,6.960899793351341e-05,0.00939111126158474,0.0028588026890356832,5.724020181031323e-05,0.0001889709112644491,0.00019715662721664197,0.7377511594069089,0.0026904893313919294,0.005653210542644387,0.0013068647828825487,0.0002863266159531064,0.11961430822871796,0.008070697426122115,0.0004976635217681684,0.0003673424959781107,0.0005148348525310464,0.012681071014452571,5.1044945600250355e-06,0.00018197334230730057,0.006323157969105401,0.0004335688401041702,0.00669209286951541,0.026726548467043722
34,0.0004859624190287896,0.007925701275933839,3.923822052837873e-05,0.002707966780495336,0.0015199727615659011,4.158376364105147e-05,5.947932914448341e-05,3.514720620919317e-05,0.9187761329413046,0.0014622286161371568,0.0018973529417096256,0.0001326566068752754,8.931062380260694e-05,0.04073681489268672,0.00515613959503914,8.196157837153576e-05,3.6033660345364156e-05,0.00023155866068251576,0.004620901180858089,2.2825266879501652e-06,6.342564753122948e-05,0.0013336990327207235,0.0002627584090996785,0.0033760045310474297,0.008925686798553404
35,0.0003800960563172385,0.012414669712301468,3.484892391871011e-05,0.0024797243141999807,0.00061855048499214,5.634767341385102e-05,6.23485042737503e-05,6.196831832640556e-05,0.916329353103275,0.0024212651556449537,0.0010461590775925206,0.0002580983396463851,8.585443673662384e-05,0.039830108901483696,0.0029993718888133526,0.00021994452209178793,4.921191458839958e-05,0.00024947208188067757,0.004706757202974137,2.1028997375619115e-06,4.2155815984881334e-05,0.0021023056446494966,0.00020336727044373152,0.003068958602604971,0.010276959154108561
36,0.000160185343735643,0.010754467300851788,4.8994499301632455e-05,0.00202573006688173,0.0036184098585932342,4.243263277737465e-05,4.563993273923401e-05,1.436826058571318e-05,0.8780961886721014,0.001623245771282635,0.0016249444998745518,0.00014311461655389473,4.4147786433258084e-05,0.06452463217163079,0.004322327623681599,7.616102229244448e-05,5.4783189397443516e-05,9.855313404672967e-05,0.00216801664064298,3.348063695445235e-06,8.075810643258246e-05,0.0005788534563984186,0.0004726698901513881,0.007601979464291296,0.021776047995626914
37,0.00023618493071969222,0.010285210581406532,6.313162467120811e-05,0.001695195152254443,0.0016345355141818545,2.229991325856974e-05,4.42105542823348e-05,1.732342864206389e-05,0.8770157545002585,0.0016533030706038984,0.0008874823086772587,0.00018866252631257957,6.88904227960188e-05,0.07954410263426982,0.0017976840331626835,9.263296957708712e-05,4.752873515850126e-05,0.000155121637442101,0.0015568142347180743,3.198416779629227e-06,6.409004004661027e-05,0.000675098777885644,0.00030458129785576566,0.007078264779086576,0.014868697915952583
38,0.00025746602214325585,0.010466586836509967,4.6006687087813524e-05,0.0036169065461879165,0.0008285377806297683,0.00011547131590496689,0.00010541764351482226,4.839284546559666e-05,0.9072980469440276,0.0038310508106146786,0.0009353525383144824,0.0001606071041113543,8.738633993038438e-05,0.035097221523835764,0.007630738560275056,0.0003701655430062348,7.138766388711112e-05,0.0002644609393306362,0.009209921755468248,4.1126864487708775e-06,7.22569615582409e-05,0.0013605568369040838,0.0005014569478743285,0.004003896285073466,0.01361659488189551
39,0.00034791244253625105,0.01531875123130989,6.268692569690654e-05,0.002814327985888467,0.0013560751733846695,0.00010023992177106632,0.0001346321441104551,0.00012339426775691503,0.8623786633520372,0.002881677379168335,0.0021398944616951143,0.0004971286000023592,9.202454345646487e-05,0.067035848427026,0.005857023614558591,0.00041887122905778703,0.00012622617403748498,0.0002487401710811201,0.00585889664733008,4.365828345358962e-06,0.00010621556484504614,0.002516445768098915,0.0003954335663538689,0.003987201243760629,0.02519732333669101
40,0.0002360257172841611,0.016389113774868673,4.169463586913172e-05,0.0015564073180074232,0.0013623679954396397,4.246680180935082e-05,3.9229866310545415e-05,3.409377599181463e-05,0.8570200788131358,0.0018545493885709042,0.0014527198602935648,0.00029665310798306945,5.0092998896160605e-05,0.08287477090565261,0.005620082399980169,9.48219170642449e-05,5.683113794626357e-05,6.243906513147815e-05,0.0015360719439960451,2.328174571479047e-06,3.430779697891602e-05,0.0020197811188484445,0.00016418253190674765,0.0024584042706133845,0.024700484682849928
41,5.971297255510713e-05,0.004130943274120554,9.145555051416085e-06,0.0026780715168706203,0.001480039650790217,4.723154899858359e-05,1.8285350761588996e-05,9.560956024560022e-06,0.9561830007703187,0.0011319359908163686,0.00041810024547124497,7.01915724000597e-05,1.2194465143372924e-05,0.0166879345694404,0.006869558691840678,3.7169965807616726e-05,1.0065423052786465e-05,2.5917902842880026e-05,0.0011376950900716643,9.731947060157668e-07,5.228340683472508e-06,0.00041371048085906857,0.0001257929645273884,0.0014596670458540855,0.00697787246099171
42,0.00018792580685411548,0.018292101958686892,2.1418074652827313e-05,0.0025073692513868893,0.0009196897936505972,5.795420901872179e-05,6.271328126907152e-05,5.428616819057288e-05,0.896817410123994,0.0024588377805946893,0.0012588175937911642,0.00022400499327398344,8.209159482181802e-05,0.04336400414443589,0.007033158987519905,0.0001677008026697054,5.2282728626328006e-05,8.614065762969758e-05,0.006053353608850293,2.2671859367158452e-06,3.900766022118364e-05,0.0036689754128089807,0.00013219216628581652,0.002209227590315493,0.014247068424514772
43,9.618850531593045e-05,0.00835810578224127,2.6120799608482634e-05,0.002059086499963568,0.0008464792647484582,7.725649657116306e-05,3.073424582096937e-05,3.387089323161558e-05,0.9163612314947569,0.004418501953519747,0.000630828729987148,6.590820022650315e-05,3.585055402957848e-05,0.04631945009040904,0.004485221809153033,0.0001040415857491173,2.7593784139004462e-05,0.00010874203088993512,0.0034213250840130164,2.868082643929595e-06,3.7313019148441655e-05,0.001125664283341605,0.00023702377427531685,0.001898236897688013,0.00919235613852841
44,0.00015547374633251713,0.013815572716424846,3.511163119484012e-05,0.0022120961146417486,0.001250265078148122,3.842279922167744e-05,4.235285899101955e-05,3.0983538374159955e-05,0.8769183142440148,0.0024261860194024374,0.0010092035198980378,0.00017279945948895243,4.846031377611257e-05,0.07352560384950636,0.0042157194147894395,0.00011401637941555506,4.839823734357998e-05,0.00011426613947023764,0.002754293856021283,2.6546961021777044e-06,4.654950192985344e-05,0.0011535781559422027,0.0002561608471651556,0.003280781422176806,0.016332735460228218
45,0.00016977752206943388,0.016084955263141364,4.263729738368095e-05,0.002091264858417718,0.0012664106804067415,3.507245584580817e-05,3.905394054121522e-05,3.132493062986263e-05,0.8542968278812214,0.002677018719107609,0.001071925976536334,0.0001812808433802869,5.038642163175639e-05,0.09232357274449914,0.003650202443128542,0.00011271264066431475,5.726579431359283e-05,0.00012568681603064832,0.0025470238833484073,2.7695576361232884e-06,5.574538305765113e-05,0.0011605337118984341,0.0002804736037203065,0.003595053742223437,0.01805102288916628
46,0.0011501025512617765,0.07416754542736954,9.016445714894293e-05,0.009841412464481699,0.0030839699136178764,0.00011815260169432935,0.00014854511992360575,0.00013382326622414666,0.7251065199765006,0.0034364297161999235,0.004788505445084528,0.0014437519217554552,0.0002001253317263964,0.08590379411266394,0.01632881932656734,0.0006230651160480112,0.0007519276685797306,0.0002107772530346213,0.009325640189792966,4.025755851420491e-06,0.00011273672085943158,0.007641677204780768,0.0006370083538310963,0.00715521871292858,0.04759626139207342
47,0.0003062063733648472,0.030978416647011772,3.4640529138706416e-05,0.0020767645426308027,0.0008253795129146713,3.7149026772027e-05,5.011596699804363e-05,4.579252996084685e-05,0.8588968879089454,0.0023312895307684993,0.0012520577378925155,0.0004394079338031321,9.054975724981966e-05,0.06172295814053176,0.005713938065856546,0.00020830046080128596,7.308108204175363e-05,7.8126985403849e-05,0.0031530188046465647,2.2574644184908017e-06,2.964035453783504e-05,0.0034558632462567845,0.0001290534956246301,0.0034176011673515447,0.02465150273507801
48,0.0002637973816801001,0.07004333091877114,5.076857490318228e-05,0.007304600880234987,0.001285484733095002,7.342479806025392e-05,6.99592530244086e-05,8.997190340086656e-05,0.7521861804391192,0.007241367107197506,0.0013377657712301799,0.00034134957051164104,9.172636973947257e-05,0.10894326120506342,0.00904313893222725,0.00037978375066494315,0.0002663019938817442,0.0001934479659254699,0.009394923434121268,3.4599426800139683e-06,8.024296934898875e-05,0.00351150204295379,0.0004781574505815841,0.0033741754754525954,0.023951877136130943
49,0.00019705179048823185,0.01219344260523392,4.4247730146803016e-05,0.0018733906076204136,0.0012058273605141379,4.781278886895773e-05,4.112525877134709e-05,3.5833692007302136e-05,0.8860610145579049,0.002259782956026334,0.0010759666109649423,0.00021245073398136686,4.9191061858650686e-05,0.06935198965573168,0.003106720114999911,0.0001083264850483395,4.742878775216946e-05,0.00011201795468146953,0.0017073719807807084,2.7922771746032034e-06,4.025462015696495e-05,0.0011863719561501602,0.00024163425444967797,0.0031777760376820057,0.015620178121004828
50,8.599548398414143e-05,0.014347940250460087,2.6425088994839915e-05,0.0017347281684585271,0.0007937463874181408,3.444754561500336e-05,3.973525175926908e-05,3.545659211523203e-05,0.8745374812149039,0.00350888658740717,0.0006402624766226681,0.0001239917077543031,4.4315897655680146e-05,0.07800965881724033,0.004334421680675208,0.00010836598164919492,3.2194513364978996e-05,7.996735858976501e-05,0.0034829155733682522,2.383544517444517e-06,4.125232373670457e-05,0.0014263109387714266,0.00015056194723940682,0.0018724950835490386,0.014506059584149241
51,0.00015407292530229935,0.024641108549052385,3.1466472074510315e-05,0.0030011312706518774,0.0011668320898127846,3.175211601256614e-05,3.608723864883455e-05,4.197983108870832e-05,0.8430824902416068,0.0030100244050589803,0.0010568797041386128,0.0002041452179295076,5.492619655535315e-05,0.0949394343791121,0.0048605235465728515,0.00010912533539799542,4.9964481657988604e-05,0.0001072481149546966,0.0030679129840167816,2.448889393545232e-06,3.960456173736575e-05,0.0016564757514347743,0.00018949944325614304,0.002525639737291072,0.015939226517241403
52,0.00015232725997329922,0.012317879949367653,3.288150355458117e-05,0.0025213626817871828,0.0009873000293122176,4.3063040426117224e-05,3.6203419819395365e-05,3.3478805527148796e-05,0.8876864213552044,0.0031935048766197267,0.0008691760084274494,0.0001319223498622552,5.0729035783032246e-05,0.06663577207213889,0.004506688123323193,0.00012509167143620977,4.02898878409869e-05,0.00014259470318511155,0.00327912382620966,2.9623402608830762e-06,4.016499292874421e-05,0.0011646350495497675,0.00025063383047451034,0.0029144781333675773,0.012841315053620015
53,0.0001112334854704835,0.0067546220477704335,2.242680178259144e-05,0.001313960841367043,0.000932581837180195,4.073467591489011e-05,7.580538145088836e-05,2.673122500400587e-05,0.9087200632057871,0.0010377265760087293,0.0008616117657072434,0.00023467062885147542,3.1765822394549275e-05,0.052112108952317764,0.0040567051991281765,0.0001072693832042173,3.144316384571834e-05,8.419504132893565e-05,0.0018714117161640416,2.091779704264091e-06,3.2641740716611746e-05,0.0007672446932413943,0.0002466911907508571,0.002476891010278721,0.018047371834629837
54,5.032788670816139e-05,0.01497394746376772,2.0846403847571873e-05,0.0008353413597093171,0.0005512466331545795,1.534414688263298e-05,2.145745473565595e-05,1.669083576532498e-05,0.848246364841172,0.001985810163085975,0.0003870769641059062,0.00023042454188265145,2.0375261843376578e-05,0.08904034696333123,0.004472635946602017,0.00012499349864618695,2.4538748482822438e-05,2.584394856396789e-05,0.0011204437155723165,1.6773436458441097e-06,1.4032387535884331e-05,0.0008547530195515647,8.998580143756625e-05,0.002297961408817835,0.03457753326115201
55,0.00011194612219873841,0.00763283731238919,2.2077091882843184e-05,0.0015969011299351644,0.0012110929622752263,2.767841159671565e-05,4.8396421568909896e-05,1.758306860510067e-05,0.9166187784745014,0.0010153260666555795,0.000743212492878771,0.00022248627746439693,3.51047138974001e-05,0.04665322040547701,0.0027641864283767872,8.597593683893506e-05,2.6263362607369873e-05,7.903745454448004e-05,0.0017058948417352472,1.7747951679677763e-06,2.831571805381811e-05,0.0006657252243217906,0.0001958581271777514,0.003813291233565202,0.014677035926284401
56,0.0001609662270680539,0.014041637965447926,3.511294664793662e-05,0.002220057462593718,0.001240749996499272,3.779216448649728e-05,4.3537278499233034e-05,3.153148619582868e-05,0.8767883483718086,0.002378625578840313,0.0010290156682376676,0.0001790643126262088,5.186499504386716e-05,0.07346195282337901,0.004175138226041178,0.00011387643716473692,4.826287236149804e-05,0.00011593042743926815,0.002807126823846529,2.713687103252854e-06,4.722843843259399e-05,0.0012150624807359498,0.00025052223283398304,0.003352477420780078,0.01617140367588683
57,0.00016324506192098533,0.022730016251063415,3.7123261433775795e-05,0.0025230769837177066,0.0012239759098312977,3.4051474979735105e-05,6.74397157279744e-05,4.280690330700448e-05,0.8520692966625373,0.0028260360336882966,0.001201786007649643,0.0002530701703226245,8.287851295730809e-05,0.07738962360210719,0.0051561402162074044,0.00020109812046934498,6.84726312788778e-05,0.00013251779749061903,0.006626566854537073,2.877928616857618e-06,8.14208978839286e-05,0.0018772341702360973,0.00021818917268744844,0.004083688753646474,0.02090736690570159
58,0.00013030941554857678,0.011704400576280936,3.2893822856260545e-05,0.002043861795619281,0.00130510589004058,3.296180976300181e-05,3.943562773465004e-05,2.131015154843294e-05,0.891140093442156,0.0020675475824678564,0.0008342743548921644,0.00015316059125148788,4.835539187488915e-05,0.06322952063398965,0.003579152235463478,0.00010379000134337877,3.955476156062657e-05,9.997224757228443e-05,0.002460297699500769,2.7738588520734425e-06,4.381442314011892e-05,0.0008909503018997368,0.00025716912488364473,0.004362066253116106,0.015377228006644277
59,0.00013314335029299704,0.01222789140022657,3.952981199635281e-05,0.001924292039846174,0.0013188904074681181,3.278035876179621e-05,3.792697300999517e-05,2.2533246233208183e-05,0.8810929436406785,0.002350607363022229,0.0008243091570394384,0.0001500221194852099,4.7612318654390436e-05,0.07232061011138369,0.0032204169502528276,0.00010901611289312547,4.356431100222756e-05,0.00010666524079358892,0.002244286400896775,2.9852004630345156e-06,4.896054519180129e-05,0.000852180266425101,0.00026981216416226687,0.004421182093647462,0.016157838416173218
60,0.00015547374633251713,0.013815572716424846,3.511163119484012e-05,0.0022120961146417486,0.001250265078148122,3.842279922167744e-05,4.235285899101955e-05,3.0983538374159955e-05,0.8769183142440148,0.0024261860194024374,0.0010092035198980378,0.00017279945948895243,4.846031377611257e-05,0.07352560384950636,0.0042157194147894395,0.00011401637941555506,4.839823734357998e-05,0.00011426613947023764,0.002754293856021283,2.6546961021777044e-06,4.654950192985344e-05,0.0011535781559422027,0.0002561608471651556,0.003280781422176806,0.016332735460228218
61,0.0001323282914438202,0.010832281680073908,3.922279710654784e-05,0.0017795527786647952,0.001269208287038673,3.1365869488616464e-05,3.6006750768842704e-05,2.114414014529299e-05,0.888258368268989,0.0022169063099365814,0.00077897340192878,0.0001372138145788371,4.5453294147524826e-05,0.06907833128331096,0.0028308882142535096,9.68410805736396e-05,3.823042580664566e-05,0.00010548153246447642,0.0020399213008844837,2.803625044707505e-06,4.736232225623681e-05,0.0007788921312426296,0.00026001172943180536,0.004345922753900692,0.014797287916518723
62,0.00015547374633251713,0.013815572716424846,3.511163119484012e-05,0.0022120961146417486,0.001250265078148122,3.842279922167744e-05,4.235285899101955e-05,3.0983538374159955e-05,0.8769183142440148,0.0024261860194024374,0.0010092035198980378,0.00017279945948895243,4.846031377611257e-05,0.07352560384950636,0.0042157194147894395,0.00011401637941555506,4.839823734357998e-05,0.00011426613947023764,0.002754293856021283,2.6546961021777044e-06,4.654950192985344e-05,0.0011535781559422027,0.0002561608471651556,0.003280781422176806,0.016332735460228218
63,0.0001548901664032784,0.017611764677940303,3.4658868090113694e-05,0.0023969657039982317,0.0012022453281380833,3.676200432474782e-05,4.0367377112031525e-05,3.2702861493432174e-05,0.8660231818634143,0.002712828346799708,0.0009996147972559427,0.00018241429770227236,5.140844133782972e-05,0.07872839127480938,0.0044906807966183515,0.00012122095988579685,5.27055828598419e-05,0.00011003231128692411,0.0029904689050161814,2.6499100818579545e-06,4.5655086838309746e-05,0.0013117186364251048,0.00024398686770468332,0.003273915260638921,0.017148769673824706
64,0.00017988884569503322,0.015435392722766035,4.8186665761818805e-05,0.0022367315498610534,0.0015104500552242201,3.599135128591921e-05,5.324818557217989e-05,3.4426798163489544e-05,0.8542933019315637,0.0026008875768463273,0.0011876397257525807,0.00018113002145411008,6.252808078743228e-05,0.0917833336062809,0.003694637638573427,0.00012613411710661924,6.279391272195371e-05,0.00015434638502034184,0.0033106399657041406,3.250140121044035e-06,8.184970128383513e-05,0.0011585064867818504,0.00031409474837150003,0.004040227790981542,0.017410381996319217
65,0.0005288444682338697,0.0121728874288753,3.2371117209639996e-05,0.012445089388114176,0.0035428025505353645,0.000325553508818672,0.00027314837674519946,9.036512553756208e-05,0.8641040326268482,0.0022003459835219174,0.004216307810543188,0.000360657709802239,8.633554281895849e-05,0.026100455215527615,0.022996544978428055,0.00038796352320570783,0.00021888364641939342,0.0004718820648038813,0.024698751151422293,3.1522621721047524e-06,0.00013005331305247558,0.0021159606084727597,0.001414245813291858,0.004458180332287512,0.01662518545331221
66,0.00036177698057349394,0.01082925379756572,0.00011275115683648891,0.001960576905131763,0.001428264213911917,2.8333690610629537e-05,6.643215677141916e-05,8.273207218082128e-05,0.856721525682185,0.0033305980877116497,0.0015571374430353026,0.0002033870625576871,0.00016412220778914375,0.10283540904417877,0.002280065034619536,0.00015377425358426868,3.887826981102382e-05,0.00029654119948481023,0.002239929803947627,7.001357825473354e-06,8.207451940558797e-05,0.001492511689125226,0.00013050238548367537,0.0030500424943760746,0.010546378491296807
67,0.00028949842987309265,0.013916176176528489,0.0001560707192053771,0.004038232859100519,0.0020379734594996985,5.735014051297848e-05,5.6672910035299215e-05,4.252176780192614e-05,0.7880535976707322,0.005415656929417265,0.0013167331761510298,0.00013871984561507626,8.195386513685658e-05,0.14827164493868294,0.0029694327911654124,0.00020407958739665665,0.00014202490959189365,0.0004983677462564733,0.003516004176547561,8.151262160517814e-06,0.00020762574430233354,0.0006085675152862246,0.001371968653809246,0.008486583650844207,0.018114391074346706
68,1.5572661100642467e-05,0.0013241710504460877,2.4802398267632924e-05,0.00036756720843816426,0.0006648693989113217,9.630331170368697e-06,7.075100659547489e-06,1.8243853611164929e-06,0.9142804410752109,0.0008434744708643512,9.826803219826439e-05,4.468529708173023e-05,5.330438245082913e-06,0.06751628734065694,0.0005058112678376138,1.4426548705246567e-05,3.925389531949998e-06,1.883307804158708e-05,7.841587688935377e-05,1.6242139786252127e-06,6.0315481416509726e-06,4.683477251214293e-05,0.00016332450194183658,0.0033196029725814295,0.01063717064122649
69,8.475378029268009e-05,0.005148035498826273,0.0001037873832477766,0.0010269871187233116,0.0007597239548417822,2.7323388459517892e-05,3.884434465857547e-05,3.994894174254246e-05,0.7806478086538047,0.004138433408057466,0.0005253864527995066,9.086990943021638e-05,3.620836675677236e-05,0.1842637180052326,0.0010727591419513246,0.0001336409978603629,3.2804141935045924e-05,0.0003556789573971184,0.0015733232057610633,6.608983224640992e-06,0.00015657715327994074,0.00030827056089157415,0.0005384813358949613,0.004219397681013535,0.01467062863391689
70,0.0001553376681419003,0.013799721070421241,3.5084960222530996e-05,0.002211830583236076,0.001250940973566607,3.84088473511781e-05,4.233196897005893e-05,3.095027568333158e-05,0.8769931899091709,0.0024234721644546165,0.001008670203338791,0.0001726695436023692,4.840649700180964e-05,0.07349010488128768,0.00421410456286929,0.00011381893260285317,4.833497343899996e-05,0.00011414601640639569,0.002750510161111639,2.652942764136133e-06,4.649794564197903e-05,0.001152175031927317,0.00025610048746400557,0.0032790667031713646,0.01632147269615311
71,3.9556758168308495e-05,0.006662246388445271,2.4549596237149457e-05,0.0008475528826045604,0.0011273204107233132,1.3713796035415074e-05,2.7819902705624398e-05,1.50543404580169e-05,0.8709786133031705,0.001670963748708486,0.00037890010173673774,7.447779450016643e-05,2.1451154833366724e-05,0.10192695009171297,0.0011566118340009934,5.1894456592656426e-05,1.6589288096670252e-05,8.875269147099795e-05,0.0010555436665683365,2.608583589704248e-06,4.733530309427562e-05,0.0003447129377315456,0.00018128977394226697,0.0026747316170693206,0.010570759577803249
72,0.00010142140155459835,0.011938311178465423,2.2729095153464205e-05,0.002686060068499378,0.00042737434291765456,0.00016293736963113968,0.0001777786662807751,8.088736571413577e-05,0.9166209871025852,0.004578894694785756,0.0005036196098801851,0.00017808662480698842,7.949200725454479e-05,0.020902203010855075,0.013846131067075714,0.0006427650611412299,4.469742314732699e-05,0.00010520702323687233,0.011300450131357347,4.29374597058907e-06,3.0094525554310656e-05,0.0023927566405665484,0.00014944532070990368,0.0012127577437830838,0.01181061877907282
