,0,1,2,3,4,5,6,7,8,9,10,11,12,13,14,15,16,17,18,19,20,21,22,23,24
0,0.0003708835498729066,0.02988783376235062,0.0001425754821873519,0.005129980415654538,0.014120556486276754,3.931878781772845e-05,9.297220075564685e-05,1.9735329032676363e-05,0.7666588470477498,0.0016209149600033288,0.0033968184075435144,0.00048299897599239454,9.162087024670098e-05,0.0960917069693662,0.005496858616030349,0.0001841851142501792,0.00027450981029706305,0.00014836147088386235,0.00268353145090966,5.903300723692165e-06,0.00020661802846806278,0.0006151913986274682,0.001023184812703779,0.026287748261426394,0.044927144490829206
1,0.0012897074786216405,0.08890041934271603,7.049948948018944e-05,0.004711930277443173,0.021330498096083776,4.15497016307155e-05,6.141620109982936e-05,3.5087660558343834e-05,0.4822260621547102,0.0006421385078799926,0.02856049756104266,0.0014900270509426066,8.594124073870687e-05,0.2545693717445083,0.014918185501202153,4.1441745716574535e-05,0.000786551417202136,9.452355504386188e-05,0.0012854216664530533,2.924887798238366e-06,0.00015263262196880096,0.003989398279003472,0.0008626056481809909,0.008517235938185728,0.08533393223178883
2,6.867910468530435e-05,0.006705411969594329,3.635424913812455e-05,0.0008671677471269072,0.0029475820147132985,2.0433088389045187e-05,2.1437717651986775e-05,7.324908866882095e-06,0.8749811374536834,0.0012761123099402749,0.0009779274021903196,8.112758095529923e-05,2.354056431005177e-05,0.0808041051129652,0.0028065944606727226,3.4736740822097936e-05,2.083859894582968e-05,4.73359659052523e-05,0.0008347352860344185,3.0692912886693108e-06,4.824653423029925e-05,0.00032620510635160334,0.00025534608540313616,0.005801674500042791,0.021002876206092886
3,0.00011323621823347037,0.008788400836692255,4.6065173378061216e-05,0.001258773323041752,0.0032537587175615903,2.9348186149079682e-05,2.9650651690047554e-05,9.02822844250122e-06,0.880251895873847,0.001450764071104196,0.0012660048012291141,9.938437865511794e-05,3.4412786998638155e-05,0.06975288769140313,0.0030287574862348445,4.768874336742912e-05,3.403106473849502e-05,6.830008370633417e-05,0.001302445267220174,3.127247589151598e-06,6.698109569406708e-05,0.0004170094221930211,0.0003625042906759136,0.00748269242141794,0.020802851938736572
4,0.00010642339575086602,0.008900236052366362,4.589451209716014e-05,0.0012068291657579755,0.0032016276493167135,2.4698669273327344e-05,2.8837802064261072e-05,8.85627846242726e-06,0.8742602370078937,0.0014392276956159428,0.0012137730767521763,9.567115247257862e-05,3.7865769887573815e-05,0.0775876037227415,0.0026451486571264964,4.302985941356143e-05,3.1000018644137484e-05,7.094452300238416e-05,0.001267920068581802,3.3545019762515677e-06,7.12288092724049e-05,0.00042446850011570043,0.0003314600898418203,0.007561245589571601,0.019392417432001045
5,0.00011289185033596499,0.008063541058858386,5.16607717094779e-05,0.0015802718204473278,0.0036537527373083395,2.827997103373105e-05,2.8371770446292132e-05,8.501093542749156e-06,0.8796179562711633,0.001645732500504573,0.0011375937919308272,7.872348989155613e-05,3.716825083990127e-05,0.0748644436971859,0.00230074891923047,4.324204735362284e-05,3.245527587791609e-05,0.00010164241232510378,0.001308960190237176,3.7495923050540504e-06,7.898243660044309e-05,0.0003189043040280931,0.0004719815448332535,0.008771525777009306,0.01565891842500104
6,0.00011323621823347037,0.008788400836692255,4.6065173378061216e-05,0.001258773323041752,0.0032537587175615903,2.9348186149079682e-05,2.9650651690047554e-05,9.02822844250122e-06,0.880251895873847,0.001450764071104196,0.0012660048012291141,9.938437865511794e-05,3.4412786998638155e-05,0.06975288769140313,0.0030287574862348445,4.768874336742912e-05,3.403106473849502e-05,6.830008370633417e-05,0.001302445267220174,3.127247589151598e-06,6.698109569406708e-05,0.0004170094221930211,0.0003625042906759136,0.00748269242141794,0.020802851938736572
7,0.0003838121862316952,0.012699772121594167,7.311502230128642e-05,0.0018169260086060577,0.0035643606006808136,4.026699827668447e-05,5.4218273019124434e-05,1.7962861162281667e-05,0.8848217697737367,0.0015849496769093658,0.0030997731297694015,0.00014081062863151121,0.00011959287969313462,0.059892790126692096,0.004157022087507843,5.256194084723929e-05,4.224476595780792e-05,0.00012693324699371785,0.002511769747237243,4.177913106753112e-06,0.00010015388453520187,0.0010502751187011548,0.0002809973294344744,0.007164531810300405,0.016199211868073823
8,0.00011283773750293113,0.009229171609797781,3.186759820294377e-05,0.0012071213400319974,0.003330118334154785,3.513136068566968e-05,4.750754703416584e-05,1.3786708960659718e-05,0.8880318634269488,0.0012646231993924,0.0018572973058424576,0.0001067710173492861,4.055215372574019e-05,0.0654946231892043,0.0036474467476750373,4.466554333629371e-05,3.1571053224325764e-05,8.650289598597245e-05,0.0023098809799911627,2.816048648712238e-06,9.105989863355609e-05,0.0006539417976231606,0.0002847447296766325,0.0046799705796824196,0.01736412719668892
9,9.783288697821097e-05,0.008639420870533153,4.930711715773704e-05,0.001217090543878404,0.003020211883680782,2.605355679134561e-05,2.497581465305884e-05,7.926522695240552e-06,0.8759005596465306,0.0015956100789829542,0.0010386980757342951,8.991875038977967e-05,3.178937217012358e-05,0.07389524812906507,0.002719624106787417,4.863443461926463e-05,3.206036744256996e-05,6.352258626720612e-05,0.0011310859590219545,3.305128026292715e-06,6.197146629300476e-05,0.00034992963152658804,0.0003682043619811839,0.008274485295417845,0.021312533413375957
10,0.00011323621823347037,0.008788400836692255,4.6065173378061216e-05,0.001258773323041752,0.0032537587175615903,2.9348186149079682e-05,2.9650651690047554e-05,9.02822844250122e-06,0.880251895873847,0.001450764071104196,0.0012660048012291141,9.938437865511794e-05,3.4412786998638155e-05,0.06975288769140313,0.0030287574862348445,4.768874336742912e-05,3.403106473849502e-05,6.830008370633417e-05,0.001302445267220174,3.127247589151598e-06,6.698109569406708e-05,0.0004170094221930211,0.0003625042906759136,0.00748269242141794,0.020802851938736572
11,0.00012113053769571812,0.008890157179145302,4.703542551571391e-05,0.001308525000832053,0.00333062678497586,2.7991375081787766e-05,3.145207094222083e-05,9.086129593545912e-06,0.8813273012671831,0.0013981093452088357,0.0012963288897886974,0.00010458229581103286,4.003797279240244e-05,0.06842096034321343,0.0029762953444689494,4.857116781245747e-05,3.3775294698168566e-05,7.132715085776929e-05,0.0013526457437446444,3.367744781095855e-06,6.890769586895891e-05,0.0004424035684719512,0.0003515019295231437,0.00814480003498339,0.020153079707009896
12,6.413211224242885e-05,0.003265971336842521,6.34913507681842e-05,0.0003855297609138043,0.011085619687140912,1.751339262834632e-05,1.3241732032023502e-05,2.413239920306585e-06,0.8277131065952096,0.0006983939881307743,0.001126031220478211,6.548966348978942e-05,1.0976661141068287e-05,0.11697755268604243,0.0008627285299681105,1.1864640666677962e-05,2.9878988263438434e-05,3.8117827642223366e-05,0.00015588116575913008,3.429563029905794e-06,7.436091833907147e-05,0.0001213706002455393,0.000514875443323919,0.011279091533517235,0.025418937362264506
13,0.00016621079382312274,0.012275007983682973,3.813743684741758e-05,0.0007881843156416072,0.004875782709279463,1.4809715497764586e-05,3.6947412222481685e-05,2.0646535541182877e-05,0.7683442389455734,0.0006671979627568935,0.004812948725510354,0.00032714455932363,4.337983229506642e-05,0.15329441346772155,0.005202130214056116,3.420404426421207e-05,3.9954518820836435e-05,5.21274570804651e-05,0.0010975604146999077,2.8842269834489266e-06,8.299377923862418e-05,0.0011741844385574057,0.00014903087091907804,0.0045215868131013625,0.04193829282656152
14,0.000130949515627595,0.013795596996897242,5.018582713157755e-05,0.0016909727820192365,0.005124065685085553,2.739651715178736e-05,3.306864927797815e-05,9.637985412777513e-06,0.8559237594168764,0.001666472319932424,0.0017867623204828624,0.00010124539562554336,4.72691170739827e-05,0.08595317977316051,0.0028171923035055545,4.166090983553205e-05,4.526765309698237e-05,9.347725169945113e-05,0.0018623078336511634,3.4134711764913114e-06,0.00010986777136110904,0.0004978844422984143,0.0004064434511366828,0.008894026214528523,0.018887896395954708
15,0.00011323621823347037,0.008788400836692255,4.6065173378061216e-05,0.001258773323041752,0.0032537587175615903,2.9348186149079682e-05,2.9650651690047554e-05,9.02822844250122e-06,0.880251895873847,0.001450764071104196,0.0012660048012291141,9.938437865511794e-05,3.4412786998638155e-05,0.06975288769140313,0.0030287574862348445,4.768874336742912e-05,3.403106473849502e-05,6.830008370633417e-05,0.001302445267220174,3.127247589151598e-06,6.698109569406708e-05,0.0004170094221930211,0.0003625042906759136,0.00748269242141794,0.020802851938736572
16,0.00015491064496369155,0.01281271023936355,3.8922501980245604e-05,0.0013070309679420965,0.003271355682444936,2.744722734541924e-05,3.653512092383576e-05,1.598752257430209e-05,0.8373451018397117,0.0013107368822335692,0.002161517251449023,0.0002037004615982409,4.0563600620818344e-05,0.09781581203865024,0.005143826635624465,5.650959900202087e-05,4.452818763596119e-05,7.045584519088778e-05,0.0017058968374632473,2.74990796970746e-06,6.922235634288893e-05,0.000887106794919435,0.00025694013020640446,0.00519041221094791,0.030030019512895533
17,0.00012095854688327947,0.00865155659549157,4.780331395206417e-05,0.0011616841874036955,0.0037942148489027313,2.6219071986491445e-05,3.116148723653567e-05,8.672724937094472e-06,0.8735822400497236,0.001232210706277296,0.0013937159529719633,0.00010843099801701424,3.5681359637798355e-05,0.07662796807788658,0.0024924597813411223,4.061693120389544e-05,3.5782142798261806e-05,7.125662859622463e-05,0.0011340065124661115,3.1043402851186994e-06,7.602565296189208e-05,0.00041727598601086187,0.0003671122625121289,0.00797922990385069,0.020560611936665824
18,7.425495042569624e-05,0.008673123717242787,5.51047281062502e-05,0.0005908923681790021,0.002595710265618814,2.0133123677632065e-05,2.8480153728115295e-05,6.669235072530465e-06,0.8111908705810865,0.0013121285523530514,0.0010149289268856965,0.00014805668335850762,2.2869692773753827e-05,0.10766331474277863,0.003077523796119863,7.187549242820189e-05,4.5620135365485646e-05,4.540342173787287e-05,0.0010019738491105713,3.257678513397341e-06,8.198540984381948e-05,0.000341921102913343,0.00038281724319280067,0.009912454787234851,0.05163862936225291
19,5.712700193879089e-05,0.007532671721204329,2.625138895698614e-05,0.0014345020119306256,0.0028391319058429384,2.8432716170628536e-05,2.0986288533136177e-05,5.7217329974676926e-06,0.913812251429163,0.0014420883906044856,0.0006003397695471718,7.304356839642994e-05,2.3475946985054123e-05,0.047777002054509826,0.002707953769559989,3.5548443936304736e-05,1.9205963951068526e-05,3.6075626241558545e-05,0.0009180549906032987,2.4009307760275167e-06,2.833838529088529e-05,0.0003298260333107761,0.00024189239474283272,0.005660782182441092,0.01434689535236538
20,9.14708412290452e-05,0.009840880212783778,2.778793661351868e-05,0.001128499580361838,0.0025461944356292795,2.5740381574671305e-05,2.577179790797617e-05,1.1204470705284058e-05,0.8816557915574492,0.0014543633742216345,0.0013764503506549558,8.345285619751854e-05,3.920236358055588e-05,0.0744971209099957,0.003739044564540557,3.338731885455905e-05,2.2870002363592208e-05,5.317823565903619e-05,0.0014938330329389287,2.9885254982815764e-06,5.1980318917451536e-05,0.0007608247367599369,0.00019437864547186884,0.0042629766428225555,0.016580606907268456
21,0.0001081738785086599,0.008661210085893501,4.295494662329374e-05,0.0012523132097048935,0.0032068840763408253,3.0579109023189016e-05,2.9287779935918203e-05,8.868430494701854e-06,0.8844710372962155,0.0014481103611301892,0.0012471846022654557,9.442525787454544e-05,3.306448391147536e-05,0.0665197526670174,0.0031397526038562024,4.606899036033207e-05,3.2797878069181734e-05,6.481462569502512e-05,0.0013291050455824644,3.014431565581473e-06,6.402698433920063e-05,0.00042343105538942747,0.00035487213709765804,0.007086716366624618,0.020301553696480817
22,0.00028044363316543036,0.01565649994933022,0.00011879381107898494,0.0021135325474005554,0.004874896546795997,5.026380488709033e-05,3.869988476938593e-05,2.3054228789869492e-05,0.8041602813361958,0.003274174307992077,0.002703749473357923,0.00012448653897080027,6.531350187286753e-05,0.1265277688582393,0.0032550015740394306,8.002191580659866e-05,0.00010966043534054225,0.00021006792979411364,0.002259309922058442,6.0155168184977946e-06,0.0001957717160178724,0.0007295189782546493,0.0007769397109246256,0.009206898181524467,0.023158835696574585
23,0.00011323621823347037,0.008788400836692255,4.6065173378061216e-05,0.001258773323041752,0.0032537587175615903,2.9348186149079682e-05,2.9650651690047554e-05,9.02822844250122e-06,0.880251895873847,0.001450764071104196,0.0012660048012291141,9.938437865511794e-05,3.4412786998638155e-05,0.06975288769140313,0.0030287574862348445,4.768874336742912e-05,3.403106473849502e-05,6.830008370633417e-05,0.001302445267220174,3.127247589151598e-06,6.698109569406708e-05,0.0004170094221930211,0.0003625042906759136,0.00748269242141794,0.020802851938736572
24,8.822195529089041e-05,0.014960109985046013,3.912274640047979e-05,0.0023649036438815377,0.0035399769973188232,2.6460808364749796e-05,3.028378067762904e-05,1.0302780785930102e-05,0.8577340073124791,0.0021136273594623,0.0010815828045220137,9.04494439070665e-05,3.875138418515728e-05,0.08586035815153494,0.003386993195054738,5.352608228581466e-05,4.1607462400882825e-05,8.783941677100982e-05,0.002175505957927833,3.2836874544427577e-06,7.694433515586031e-05,0.00044796436419931716,0.00042798315218939325,0.007542823401072079,0.017777369791631914
25,0.00022304799712591114,0.008636717382829959,6.495503745264742e-05,0.0015297193905641595,0.0075263654451509015,2.7098725951371032e-05,6.843777632892433e-05,3.108987155744915e-05,0.8185818430739014,0.0009293654189508771,0.004334517390478857,0.0002287697861130404,5.824745527113513e-05,0.12748263797630097,0.002187255867881177,4.19369475786965e-05,5.039593389684119e-05,0.00020533302413586286,0.0014129875739935297,4.804723306448823e-06,0.0001757942659453334,0.0006263229055393162,0.0004063160049658687,0.006520164519367843,0.018645875505411625
26,9.908042978529796e-05,0.003732289724502921,6.606847410548364e-05,0.0010994799573103829,0.00316084531294379,2.1086672376203493e-05,1.6293622391988182e-05,3.048741645429028e-06,0.9122303360069683,0.0012033382973171492,0.0005056160754489978,3.9441994242522565e-05,2.4333368729045722e-05,0.05039229147003971,0.0008007535395184131,2.709235835555531e-05,2.0144794051637254e-05,8.959789662511938e-05,0.0004719899267277848,3.3051495165668874e-06,5.420383295483817e-05,9.779122421669897e-05,0.0006700889648616634,0.015096737301621706,0.01007474486374279
27,6.319196994488892e-05,0.005355631204833736,1.824968907259524e-05,0.0008230558879817289,0.001865897775098336,2.5330725465786985e-05,1.957608544144986e-05,5.840303452699451e-06,0.9309875263425779,0.0009471076068822993,0.0007217875280171976,6.391520853079051e-05,2.2483879199663473e-05,0.03705999674933722,0.002823407066342469,2.6967987504349086e-05,1.1797290320443791e-05,3.002282085312852e-05,0.0009294684360155658,1.8258349590059888e-06,2.4025327960028876e-05,0.00042580202853087176,0.00015660360902508783,0.004226790325916057,0.013363698316736498
28,0.00011323621823347037,0.008788400836692255,4.6065173378061216e-05,0.001258773323041752,0.0032537587175615903,2.9348186149079682e-05,2.9650651690047554e-05,9.02822844250122e-06,0.880251895873847,0.001450764071104196,0.0012660048012291141,9.938437865511794e-05,3.4412786998638155e-05,0.06975288769140313,0.0030287574862348445,4.768874336742912e-05,3.403106473849502e-05,6.830008370633417e-05,0.001302445267220174,3.127247589151598e-06,6.698109569406708e-05,0.0004170094221930211,0.0003625042906759136,0.00748269242141794,0.020802851938736572
29,0.00011323621823347037,0.008788400836692255,4.6065173378061216e-05,0.001258773323041752,0.0032537587175615903,2.9348186149079682e-05,2.9650651690047554e-05,9.02822844250122e-06,0.880251895873847,0.001450764071104196,0.0012660048012291141,9.938437865511794e-05,3.4412786998638155e-05,0.06975288769140313,0.0030287574862348445,4.768874336742912e-05,3.403106473849502e-05,6.830008370633417e-05,0.001302445267220174,3.127247589151598e-06,6.698109569406708e-05,0.0004170094221930211,0.0003625042906759136,0.00748269242141794,0.020802851938736572
30,0.00011323621823347037,0.008788400836692255,4.6065173378061216e-05,0.001258773323041752,0.0032537587175615903,2.9348186149079682e-05,2.9650651690047554e-05,9.02822844250122e-06,0.880251895873847,0.001450764071104196,0.0012660048012291141,9.938437865511794e-05,3.4412786998638155e-05,0.06975288769140313,0.0030287574862348445,4.768874336742912e-05,3.403106473849502e-05,6.830008370633417e-05,0.001302445267220174,3.127247589151598e-06,6.698109569406708e-05,0.0004170094221930211,0.0003625042906759136,0.00748269242141794,0.020802851938736572
31,0.00022879840670081612,0.013913944055387399,0.00010742601155245243,0.0016973767147244532,0.0029540093802191032,3.396513038657421e-05,3.8779179395328354e-05,2.3097748067352152e-05,0.8322721047977527,0.0025209836993124652,0.0016992646103987231,0.00014647177093857645,5.485932097530104e-05,0.10492250429644341,0.002655840770522509,9.795550098190084e-05,6.588144785579638e-05,0.0001547547838436456,0.0016874759877661145,4.6571283313274395e-06,0.00012193421595954714,0.0005346719383787438,0.0005154406220741984,0.008829585661545925,0.02471821682048542
32,0.00010960972742931828,0.008977292772543157,4.333257141421899e-05,0.00138324318095537,0.003203000703193388,3.11222090472255e-05,3.2339450381975065e-05,9.288980250312973e-06,0.8842381138682511,0.0015320100866298284,0.0012656032860579262,9.485609902863778e-05,3.700416108066268e-05,0.06517020238026876,0.0034147914789982208,5.1973258134831746e-05,3.4595593479751335e-05,7.215120469762499e-05,0.0016822537099443428,3.1932087634893257e-06,7.24661935740898e-05,0.00044190057346701715,0.000374605897105972,0.007562143919348102,0.020162905485954476
33,0.0006102816581150251,0.03658821646962094,8.8849637475499e-05,0.005138398496428874,0.007588795995368356,4.1125046000210074e-05,0.00012830503588553602,5.1287995120729436e-05,0.762890447546816,0.0015426154274656115,0.007020541306779674,0.0007261877007228951,0.00020634953131819637,0.11414189584882588,0.0054845627903809605,0.0001801454582287195,0.00022757178862362984,0.000292002508760123,0.0057247697741758755,5.783730255443148e-06,0.000252317809520001,0.0022086206067214935,0.0005686412203460892,0.01524179071100567,0.03305049590603849
34,0.000357704179839769,0.004950205077859768,5.121161542298683e-05,0.0015105935238814575,0.004045785723433944,3.0895718964522914e-05,4.390035297555929e-05,1.0061163657442433e-05,0.9219138553322607,0.0008282225940219225,0.002424195476239966,7.77302307661311e-05,6.561570700517451e-05,0.03810780497942941,0.0035398490183021995,3.326013641882155e-05,2.4801149638752844e-05,0.00014112263462760487,0.0021666276410802114,2.6844701509526916e-06,9.253840055172276e-05,0.0004751107978528308,0.00036219757585618254,0.007699139588914204,0.011044886910847807
35,0.0002590159561203579,0.00804345030407355,4.4015707563561525e-05,0.001369836690121821,0.0015469403453689152,4.150439721765088e-05,3.828516468874548e-05,1.6429418739901123e-05,0.9223600300528565,0.001480947186899383,0.001236612601210289,0.0001366387721505937,5.7308988503810545e-05,0.03789548055817413,0.0021533858924707846,8.314806946497553e-05,3.13366516406458e-05,0.00013494178057047752,0.0021153697919354866,2.348147976890804e-06,5.624663873259389e-05,0.0007377783164372815,0.0002737712472581018,0.006839823022162217,0.01304535429766132
36,0.00011230521250698657,0.009343576631230487,4.250396066154995e-05,0.001286334546734818,0.0025190511202248713,2.8669593529674237e-05,2.90444196318746e-05,1.0841372966003625e-05,0.8807888116706243,0.0016003065790542882,0.0011280163569266732,0.00010383973748936765,3.515491055364661e-05,0.07202392042539035,0.00301257859518537,5.243889942142737e-05,3.296218057526173e-05,7.06691677809126e-05,0.0013790047767592419,2.9550546944086126e-06,5.859016064082433e-05,0.0004920487563756298,0.00031281572782015525,0.006113978451520739,0.019419581691701056
37,0.00016774199786211117,0.0064286987067252435,8.054907188054301e-05,0.0009251040936767162,0.004257023828767944,1.614839753953065e-05,3.0704321508239414e-05,4.7194426408716305e-06,0.8749053583219184,0.0009363773186120988,0.0010983989058063796,0.0001060761153915283,4.902925736654167e-05,0.07403284858821232,0.0012217773012324197,3.568954973592999e-05,3.112297178554219e-05,8.991158426890972e-05,0.0007079188780431002,3.6538633934323175e-06,9.001501424767244e-05,0.00023552907115360338,0.0004074697098261939,0.015893564157503984,0.01824456953090067
38,0.00018231871529653622,0.0067624748056197975,5.965641789573752e-05,0.0020151704080020104,0.0021360322564096174,8.590990143652035e-05,6.943274856229435e-05,1.3464859515341022e-05,0.9134850766634761,0.0023170478864029463,0.00114686491594394,8.893129153270347e-05,6.06038155337623e-05,0.0335661978992329,0.0055146799148853435,0.00014805090078317675,4.823513609117029e-05,0.00014972838079165365,0.004248052917124298,4.758836930691994e-06,0.00010104061301785713,0.0004877782646551614,0.0006912512695007189,0.009111886694781513,0.017505354486578056
39,0.0002453345934396422,0.009873023161662126,8.098681904056527e-05,0.0015625831256957925,0.0034832165472027223,7.43234225707126e-05,8.819005305720702e-05,3.4195549709540454e-05,0.8656830366248315,0.001738151627649809,0.002614242040813676,0.00027424746110390054,6.35405103074929e-05,0.06394817755539824,0.004218536304229385,0.00016668902807687153,8.488292104459663e-05,0.00014015459783918706,0.002690719055235942,5.0302636064533975e-06,0.0001478703431695724,0.000899264091480261,0.0005429001001031481,0.009039971623060956,0.03230073257967083
40,0.00017372799019263623,0.010336791032060514,5.4760365481757954e-05,0.0008776175761121619,0.0036035800219205234,3.2027234687197556e-05,2.8479419931676573e-05,9.90009436714213e-06,0.8610592614177051,0.0010771143792536956,0.0018493720220321263,0.00017342362096234138,3.6399102120129466e-05,0.07819302762664869,0.003947860476018247,3.928732491448292e-05,3.979751721646124e-05,3.789628263028289e-05,0.0007251892905006231,2.752925873567765e-06,5.000439836068181e-05,0.000727147674888984,0.00022978637660209058,0.005623315105480212,0.03107148072403873
41,4.3679781677442195e-05,0.002614914633563897,1.2013275003485345e-05,0.0015219482418153288,0.003865081844468892,3.603925832831852e-05,1.2945218396987997e-05,2.8034664317984736e-06,0.9568164333341652,0.0006724804164923136,0.0005265709053183783,4.060586167913274e-05,8.692888531441287e-06,0.01577748700346538,0.004927641386395021,1.5670572830270716e-05,7.135762226697719e-06,1.557508247656419e-05,0.0005387875211531913,1.1504276690314433e-06,7.5602724923183734e-06,0.00014963791096229447,0.0001782108594695776,0.0033308908609329044,0.008876043214054254
42,0.00013302776695715436,0.011598377766997549,2.7511753778511845e-05,0.0014065856121150992,0.0023589003261443365,4.383133725517196e-05,4.172422704369369e-05,1.521622065861215e-05,0.9073050323875931,0.0014703335175160277,0.0015442840048375643,0.0001248009479918133,5.632742910869213e-05,0.041266642715861356,0.005018956674808826,6.648038047874546e-05,3.496207480191106e-05,4.9546702589547816e-05,0.0028049024380666825,2.5809001528234433e-06,5.4818133208787767e-05,0.0013072068922137636,0.00018431960564518378,0.004991354702653081,0.018092275481521987
43,7.011745990542866e-05,0.005194098794048187,3.4074847094773625e-05,0.001143846952050788,0.0022301024852413305,5.81697939641336e-05,2.18008771626438e-05,9.856560893416348e-06,0.921948118692861,0.002560783620744493,0.0007979640699826117,3.813940656990905e-05,2.5191877008800725e-05,0.04405254007943041,0.0031741527629913224,4.2902373868374183e-05,1.9331667350303655e-05,6.472795791102831e-05,0.0016074788943631947,3.330259782932003e-06,5.497720650204925e-05,0.0004053374455300529,0.00033572277477292295,0.004356525614986704,0.011750707524983238
44,0.00011323621823347037,0.008788400836692255,4.6065173378061216e-05,0.001258773323041752,0.0032537587175615903,2.9348186149079682e-05,2.9650651690047554e-05,9.02822844250122e-06,0.880251895873847,0.001450764071104196,0.0012660048012291141,9.938437865511794e-05,3.4412786998638155e-05,0.06975288769140313,0.0030287574862348445,4.768874336742912e-05,3.403106473849502e-05,6.830008370633417e-05,0.001302445267220174,3.127247589151598e-06,6.698109569406708e-05,0.0004170094221930211,0.0003625042906759136,0.00748269242141794,0.020802851938736572
45,0.00012476397129918386,0.010232183182833044,5.629062618851056e-05,0.0011926138528674743,0.0033189223357806877,2.685362139714464e-05,2.7767808706277553e-05,9.228502044723233e-06,0.857957318916196,0.001597574517194029,0.0013561242990126172,0.00010534461442989433,3.609582527094391e-05,0.08774447697380555,0.002626592172442706,4.7739586157571325e-05,4.0809263407241956e-05,7.591375295265e-05,0.0012115360406954464,3.289042580669827e-06,8.107501113765938e-05,0.00042170004801897037,0.0003990994839535411,0.008240678967897559,0.023066007583730206
46,0.0008411654347159199,0.048459505033990206,0.0001290316761152248,0.0055701954759454836,0.007893677595647504,8.769164233841885e-05,9.740768585029687e-05,3.937683096789758e-05,0.7397167327289212,0.0022218023912135483,0.005968994212417647,0.0008073015067557704,0.00014537342845735807,0.08842751220585447,0.011572629828316701,0.0002620018526458558,0.0005193795406596958,0.00012945501119475676,0.004295591819446575,5.033942599368406e-06,0.00016749636770524548,0.0027206787844746565,0.0009021862137850476,0.016830395847668805,0.062189382942312486
47,0.00021931567835857595,0.019331974376518065,4.563334381666022e-05,0.0011398178197808736,0.0021364923005214556,2.7464330112707406e-05,3.3797292618315865e-05,1.3022408658362373e-05,0.8675011289380774,0.0013772073034319181,0.0015552737503927469,0.0002469975498739549,6.27686219596376e-05,0.05990499919119748,0.003993110201526463,8.321721817418523e-05,4.935526089346574e-05,4.5757732273345384e-05,0.0014466503981616452,2.610640718041903e-06,4.3203672875420096e-05,0.0012241239502519866,0.00018025910390053135,0.00783171882394914,0.03150410009195759
48,0.00019099053823399214,0.046271731196049735,6.940109623831221e-05,0.004218932795024827,0.0033157529977707856,5.625018528363326e-05,4.608977860848012e-05,2.5950220058179616e-05,0.777470621079382,0.004634188130905039,0.0016625760325251983,0.00019138806160885955,6.535716443434941e-05,0.10917643033793886,0.00657874671307563,0.00015610364633888616,0.00018163784927298566,0.00011559567137942633,0.004407338018671748,4.1683938569336035e-06,0.00011549745699060787,0.0012683988935348403,0.0006802495363788348,0.007849095679276703,0.031247508527160864
49,0.00014363467145068527,0.007751045833874821,5.822706980129157e-05,0.0010478141166463176,0.0031682688852216457,3.583982869829578e-05,2.8854341895429694e-05,1.0389049903156367e-05,0.8874264504897,0.0013368193504004766,0.0013553009079614916,0.00012235377640538374,3.499266525479281e-05,0.06605631853817293,0.0022313508350318314,4.529300814154244e-05,3.352949833631457e-05,6.613728978106994e-05,0.0008026077684340489,3.2972667860834524e-06,5.8482085987594995e-05,0.0004296270185517593,0.00033951434129513995,0.007309261215697869,0.020104590146569765
50,6.277225968440252e-05,0.008940809147144619,3.4326219851185417e-05,0.0009606076616943367,0.0021119915892663594,2.553245330421487e-05,2.8868002206852823e-05,1.0060706225172132e-05,0.8835350934486723,0.001987512940955288,0.0008146037446690982,7.21044129983128e-05,3.2071641798643404e-05,0.07354652261615498,0.002976144081321714,4.3248556280823356e-05,2.1868547943836336e-05,4.808901506153026e-05,0.0016239326636488629,2.769716065669306e-06,6.024494955422993e-05,0.0005072335753487976,0.00020765802157623605,0.004277885099517124,0.018068048929055502
51,0.00011400888007367409,0.015790405019847967,4.1822626494867764e-05,0.0017240136270136144,0.003079184195025938,2.4479168389632374e-05,2.583786598632429e-05,1.2457788342425278e-05,0.8525952684276424,0.0018090061039109661,0.0013464636708065583,0.0001194785285935147,3.962752681577307e-05,0.09086325870072288,0.003522844091391686,4.654454939959515e-05,3.585282724396672e-05,6.522340274040268e-05,0.0014697799891418225,2.9283274363420204e-06,5.798770888869549e-05,0.0006063183967031395,0.0002714427088773565,0.005828060065875025,0.02050770580263542
52,0.00011103111032158963,0.007760699415934723,4.304258655610658e-05,0.0014201759054599395,0.0025846657933398464,3.2696539280977554e-05,2.5477932830183168e-05,9.74982334193148e-06,0.8927473027493291,0.0018846738876503646,0.0010949031352903173,7.60792819579033e-05,3.585837879608116e-05,0.06334933653118792,0.0032176997453474618,5.195473725094112e-05,2.8274520329756218e-05,8.50875413287485e-05,0.0015462731516657023,3.467632830876034e-06,5.841324610399504e-05,0.00042051970106766177,0.00035494885427186625,0.00666842804268585,0.01638923975584023
53,7.724785799869844e-05,0.004275278271533295,2.8472103785734775e-05,0.000709625344227958,0.0023967799989013092,2.910330608975776e-05,4.9932565990974766e-05,7.0745669527376915e-06,0.9093890995713672,0.000598872648818813,0.0010452907183215378,0.00012796759849154218,2.2126986509297047e-05,0.04901013469211782,0.0027775418407153243,4.015131193811682e-05,1.9991308222314312e-05,4.703789888656867e-05,0.0008359936525253519,2.362830810068561e-06,4.482166213320326e-05,0.00026588533962017133,0.0003252531181222696,0.0055439954593128745,0.022329959346607215
54,3.665714027003781e-05,0.009383179361126955,2.7235555408738545e-05,0.00046808626292461816,0.0014413701210076817,1.159464233882081e-05,1.5161666211054277e-05,4.86501730372375e-06,0.8489661670391748,0.001163368425469232,0.00048730589298890276,0.0001331113002753389,1.4390588587874787e-05,0.08432294224886104,0.0031794651802211156,5.203020701510569e-05,1.726204033192865e-05,1.541423240118412e-05,0.0005269698309511707,1.9614796564384985e-06,2.042198725956065e-05,0.00030790829189826876,0.00012708800093764604,0.005245953248830158,0.04403009023854867
55,7.98058743967241e-05,0.00480414289519243,2.8361731735547102e-05,0.0008808904737300273,0.0031452407859355064,2.03336698163498e-05,3.339256493659628e-05,4.874451301433574e-06,0.9154365902966739,0.0005864521852384966,0.0009203271679048735,0.0001253718481928779,2.483771261840188e-05,0.043706199967336656,0.001917245027337467,3.3909629145179154e-05,1.7542590147783488e-05,4.590006481966994e-05,0.0007831299888757917,2.0426461049206957e-06,3.990651259268319e-05,0.00023476396236360225,0.00026612377336114753,0.008596998749066978,0.018265615431174803
56,0.00011717222079278878,0.008933754494939208,4.605064257627316e-05,0.0012632641263617024,0.003227599249793828,2.8864466641207466e-05,3.044613219479993e-05,9.18111255217816e-06,0.8802160370341817,0.0014227547911672175,0.0012901793031669612,0.00010291904567974615,3.68117679397922e-05,0.0696936570807963,0.0029996038523025514,4.758797945625316e-05,3.390387956341346e-05,6.924715236705857e-05,0.0013269991950884857,3.19516156669071e-06,6.791018911395746e-05,0.00043913450498153477,0.00035441257082480487,0.007644398661031066,0.02059491538492066
57,0.00011786977354587951,0.014550535742901601,4.850077585198396e-05,0.0014388434479454578,0.0031672503646307756,2.6048954691633137e-05,4.631659346898276e-05,1.2326326605008045e-05,0.8594448040012919,0.0017054343378420298,0.0014958159057141857,0.000144003640410152,5.838249875568068e-05,0.07364764776882968,0.0037158502273345125,8.292171771129402e-05,4.7404274089636115e-05,7.834392290875467e-05,0.0031235078609523443,3.365461608544527e-06,0.00011588520332011974,0.0006770526940223324,0.0003077594373911453,0.009293989160697996,0.026650139907478443
58,9.518273974794599e-05,0.007415269664906398,4.319220132208741e-05,0.0011605298575017465,0.0034020315474339764,2.5125903096668334e-05,2.783496315924988e-05,6.236598495929882e-06,0.8914780867306258,0.00122944376895476,0.001049217526193709,8.84461026482104e-05,3.443974042682349e-05,0.059822561417712056,0.0025646193939637017,4.366587628050761e-05,2.798764208414392e-05,6.000019799591622e-05,0.0011642256948059036,3.2756599887379922e-06,6.331620547025801e-05,0.00032205726088422085,0.000364070857257602,0.009951391924888885,0.019557790524154954
59,9.745628742340827e-05,0.007747258890324634,5.1988914241017185e-05,0.0010931739649543283,0.003443641261007406,2.5002562541019675e-05,2.6866117565034107e-05,6.611771805528604e-06,0.8815483450186573,0.0013972977648624295,0.0010387178080814565,8.684029693722024e-05,3.397942329434604e-05,0.06845938475862015,0.0023083292561479197,4.600108223153793e-05,3.092248270813126e-05,6.417547622547667e-05,0.001063411016113269,3.5321169326215185e-06,7.093384793720689e-05,0.0003084072279133034,0.000382474907713461,0.010098156680505014,0.020567091065256792
60,0.00011323621823347037,0.008788400836692255,4.6065173378061216e-05,0.001258773323041752,0.0032537587175615903,2.9348186149079682e-05,2.9650651690047554e-05,9.02822844250122e-06,0.880251895873847,0.001450764071104196,0.0012660048012291141,9.938437865511794e-05,3.4412786998638155e-05,0.06975288769140313,0.0030287574862348445,4.768874336742912e-05,3.403106473849502e-05,6.830008370633417e-05,0.001302445267220174,3.127247589151598e-06,6.698109569406708e-05,0.0004170094221930211,0.0003625042906759136,0.00748269242141794,0.020802851938736572
61,9.68085576362167e-05,0.006858712540738952,5.155782424048985e-05,0.0010103502660074517,0.003312075875053845,2.3910250528981878e-05,2.549139492136699e-05,6.200583317902077e-06,0.888259558274236,0.001317063144934908,0.0009810276275779985,7.937840327036147e-05,3.2420306973929564e-05,0.06535337849153496,0.0020278299928025807,4.083797631672103e-05,2.7119092865520957e-05,6.342950667558843e-05,0.0009659894787068762,3.315356745167131e-06,6.85804709324383e-05,0.00028171413894777307,0.0003683774937545936,0.009920923516663073,0.01882394943461631
62,0.00011323621823347037,0.008788400836692255,4.6065173378061216e-05,0.001258773323041752,0.0032537587175615903,2.9348186149079682e-05,2.9650651690047554e-05,9.02822844250122e-06,0.880251895873847,0.001450764071104196,0.0012660048012291141,9.938437865511794e-05,3.4412786998638155e-05,0.06975288769140313,0.0030287574862348445,4.768874336742912e-05,3.403106473849502e-05,6.830008370633417e-05,0.001302445267220174,3.127247589151598e-06,6.698109569406708e-05,0.0004170094221930211,0.0003625042906759136,0.00748269242141794,0.020802851938736572
63,0.00011370285331161672,0.011222171249664984,4.574014455779441e-05,0.0013683703233797093,0.003149214194956259,2.81721892683389e-05,2.861940621280684e-05,9.619541899841891e-06,0.8709729972464434,0.0016224489219633076,0.0012634828091548577,0.00010585668616360877,3.679379173482033e-05,0.07489511928957934,0.0032354319353834716,5.124167131438034e-05,3.747280129485451e-05,6.63573769467887e-05,0.0014224606456500948,3.144472580177074e-06,6.629130198565375e-05,0.0004767237565485959,0.0003471389532589735,0.007505009115185464,0.021926419321560867
64,0.00012912628541998156,0.009836479009092607,6.262978941458311e-05,0.0012695156816573828,0.00388750247554085,2.7405612124346195e-05,3.6296187447615324e-05,9.848234896764037e-06,0.8580039126890664,0.0015635424747514719,0.001469535578156088,0.00010239524303451142,4.3775158235261476e-05,0.08696581604195623,0.0026497834678756286,5.164150306703199e-05,4.317304713567329e-05,9.069177872148098e-05,0.0015511766118324387,3.7791551686999454e-06,0.00011576475554198555,0.0004154776122132897,0.0004408489015972951,0.00914752827323947,0.02208235443281294
65,0.00047525328244788124,0.00761314595296471,4.3769698710712064e-05,0.009097521556571897,0.01107323476483601,0.00033802805168860943,0.00025711614031400103,3.160031808244104e-05,0.8658331091812601,0.0013050783785215339,0.006754842874767624,0.00023356761149096044,6.85840103122437e-05,0.021751614168181697,0.021545818511001017,0.00020017988071356868,0.0001993189556860625,0.00035668264071841255,0.01639517558782561,3.950834898699947e-06,0.00022995847890876762,0.000843819829819344,0.0026240295645882272,0.01097248279519457,0.02175211693049511
66,0.00024230548037025226,0.00636161648584611,0.00013461646324757135,0.0009905599297058128,0.003696372478030616,1.927964221066858e-05,4.387171321025301e-05,2.0233040679597187e-05,0.8676016696759685,0.0017171800437231063,0.0018712453651145704,0.00010880439636449899,0.00010958046396221052,0.09463910160793874,0.0014189935959703938,4.979960695359591e-05,2.1971418833661482e-05,0.00016065791179400483,0.0009534317189411526,7.210821498194609e-06,0.00011297143709694211,0.0004896176785612945,0.00016468273647666075,0.006680465222015483,0.012383761065486335
67,0.00020816676878444084,0.008388003479666216,0.0001999736742980138,0.0021665857603563013,0.00537249455826792,4.209855689460045e-05,3.978530064357856e-05,1.213037621732243e-05,0.7892350142153645,0.00302118203282566,0.0016571646121155406,7.940034559340537e-05,5.604284443979293e-05,0.14052392033284886,0.0020481030194949897,8.104898044636109e-05,9.715557928543757e-05,0.0002903820075080953,0.0016163819598675325,9.181166267423666e-06,0.0003086076255487131,0.0002155978814484994,0.0019232816088626426,0.019390751662635687,0.023017545650318827
68,1.1258259093784931e-05,0.0008399022363209043,3.245699579239638e-05,0.0002027370904029758,0.001745846813926852,7.088016274155825e-06,4.923367985563314e-06,5.19433514001568e-07,0.9106330701909856,0.0004938036140452581,0.00012306256335540723,2.5480823574965464e-05,3.790225815760103e-06,0.06401904838127045,0.0003591950792073761,5.9268348137129685e-06,2.7369846863888037e-06,1.096938773576011e-05,3.6320285838518095e-05,1.9118244906753933e-06,8.675427715883526e-06,1.6812222032793028e-05,0.0002255831597275238,0.0076006582821974466,0.013588222499195765
69,5.6993271433161884e-05,0.003212513574663277,0.00012824866074111717,0.0005423232517872112,0.0019310667762971977,1.919345097418373e-05,2.4587466940982774e-05,1.0104008578924748e-05,0.7877117210523346,0.0023479261039186807,0.0006225842437257469,4.8276358676618506e-05,2.4257071987893086e-05,0.17306329878691304,0.0007254015223570528,4.7289852732007484e-05,1.9765524932758853e-05,0.00019052859001506011,0.0006903641411205903,7.142501485128393e-06,0.00021161917686484405,0.00010457657048810365,0.0007002985730277121,0.009403644824821712,0.018156274643182375
70,0.00011313836490165894,0.008778216666063847,4.60303824754863e-05,0.0012586163103278578,0.003255542823597742,2.9337403784950992e-05,2.9636859945005645e-05,9.018682106263888e-06,0.8803193005949872,0.0014491176752803626,0.0012653488311064063,9.931112461873325e-05,3.4374934807174445e-05,0.06971875090045178,0.0030275783750344848,4.760709149635129e-05,3.3987316192042064e-05,6.822928125381414e-05,0.001300660506429007,3.1252111649154135e-06,6.690791702725547e-05,0.0004165028823309526,0.00036242000633503326,0.007478793941300499,0.020788445916981233
71,2.777565370625937e-05,0.004192289880216177,3.1155489508470876e-05,0.00047022658103800067,0.0028898861656625092,1.0134676712967246e-05,1.8786000504054114e-05,4.091585497127607e-06,0.8749191138715513,0.0009700892521923575,0.0004625718765978428,4.131797528869402e-05,1.49925800940952e-05,0.09521048039329623,0.000795426233575708,1.9875850957580576e-05,1.0718134435414205e-05,5.117978536090239e-05,0.00048151528124342814,2.952085689814055e-06,6.538295882162203e-05,0.00012010995622057219,0.0002448286267609693,0.0059637781924750865,0.012981320912592803
72,7.051201344615198e-05,0.0070974736765739175,2.7972328775527713e-05,0.0013451056484460918,0.0011587434787082669,0.00010940223628943452,0.0001252209843573927,2.03660161925814e-05,0.9354464586691411,0.002324924427490034,0.0006312007718238497,9.930511065355842e-05,5.5631705449439766e-05,0.019561070817656404,0.008699048091447531,0.00021661059095851265,2.6586101655081094e-05,5.8380441639814366e-05,0.004893583079227983,4.602092545733172e-06,4.355153713390513e-05,0.0008062210772750798,0.0001899267928895815,0.0027463414641032244,0.01424176084612007
