,0,1,2,3,4,5,6,7,8,9,10,11,12,13,14,15,16,17,18,19,20,21,22,23,24
0,0.020011459085319785,0.019030724284236352,4.717251856636872e-05,7.023478406085513e-05,0.17440926649051997,0.007947988958243203,0.0013336165385065002,0.0004985905303122659,0.10135258112290431,0.0027967720530744267,0.003864645845015648,4.343497648413467e-05,3.1973173131638115e-07,0.0011106629951923013,0.03196520274215163,0.0001791771721615341,0.0012416254446958688,0.0015253258522365115,0.5908636068694667,3.000917600158606e-07,8.867967206036507e-06,0.00863298567930986,0.0005285672298921756,0.00014354049279256055,0.032393330544159646
1,0.012881534785887196,0.023469173838351613,4.9458077879410914e-05,3.1715226099994776e-05,0.18973883387811274,0.005671952445758053,0.0007884339768083345,0.00024201603419428462,0.07335492318182091,0.0018516118221659664,0.0029841164572308823,3.3274989370544055e-05,1.4803979918840234e-07,0.0009590423003087326,0.029843153296225205,9.733495067204715e-05,0.0008182775585204102,0.0006876181366658368,0.6146325387179329,1.546666179932101e-07,6.516287573762007e-06,0.0078043540531937145,0.0002936047831913967,9.017297410178296e-05,0.03367003952151717
2,0.01409126299232079,0.03725124978519852,5.213495186208859e-05,3.615654796986314e-05,0.2675064995248096,0.004734918390996701,0.0008500199109989987,0.00034883521032858065,0.08607777554314412,0.0022980183510801413,0.00794670864416031,6.231116840151961e-05,1.5216952737958487e-07,0.0025045230403829503,0.08964085460566691,6.128210333545834e-05,0.0008148608684696411,0.0011329813955311449,0.39634735122893655,3.33097656583555e-07,9.30192977042033e-06,0.00846213435573853,0.0005304173635430884,9.20341037104639e-05,0.07914788271645974
3,0.013884151840930167,0.033078549440569,4.377330994705494e-05,4.051317686140478e-05,0.19764779137334154,0.0068578091340384196,0.001214589370419089,0.00027197387983880804,0.059382227873187234,0.0018290943218622854,0.004079192962057415,5.842746107862265e-05,1.6442743829270192e-07,0.0020320691712137143,0.04868088143405763,0.00010144034431102189,0.0011702379088137857,0.0012838764887878806,0.5561673343685088,2.1779500787931782e-07,9.6103053476034e-06,0.01161611340015318,0.00046515762162501286,0.00014334179046227754,0.059941460800141705
4,0.014363356105774123,0.030628079866474364,4.287960098514365e-05,3.8853829565027954e-05,0.18987734813429955,0.0064855651153760355,0.0011740415542525176,0.00026661455351029487,0.05177736238548887,0.0017870821779169155,0.0037292862523905772,5.435648722622912e-05,1.9235136074396265e-07,0.002118233015828237,0.04345495104886045,0.00010372228131480008,0.0011437130894433065,0.0013082578235028952,0.5867284070722285,2.2378653818005258e-07,8.716630848158016e-06,0.010176584945610146,0.0004335168087353312,0.0001555674554986457,0.054143087626971106
5,0.013791304970293102,0.03675254310355645,3.562161365740704e-05,5.14788656518821e-05,0.17425973730923516,0.007809118612180386,0.0010761000141916064,0.0002829851843377841,0.05479690943062001,0.0016518544205757874,0.00416431797233833,5.3344130741420026e-05,1.8304500301408258e-07,0.001980822818840522,0.049247008106176306,0.00011435222218128196,0.001131608018271774,0.0018902875495115429,0.586620114496062,2.42984271372451e-07,9.605969097038911e-06,0.011890608582728201,0.0004925835761037411,0.00014088907401656623,0.051756377930357284
6,0.013884151840930167,0.033078549440569,4.377330994705494e-05,4.051317686140478e-05,0.19764779137334154,0.0068578091340384196,0.001214589370419089,0.00027197387983880804,0.059382227873187234,0.0018290943218622854,0.004079192962057415,5.842746107862265e-05,1.6442743829270192e-07,0.0020320691712137143,0.04868088143405763,0.00010144034431102189,0.0011702379088137857,0.0012838764887878806,0.5561673343685088,2.1779500787931782e-07,9.6103053476034e-06,0.01161611340015318,0.00046515762162501286,0.00014334179046227754,0.059941460800141705
7,0.03700291947135861,0.017793990633758305,6.320734933511935e-05,4.701577398293696e-05,0.18081904421763523,0.0026891560852042736,0.0013769944640296115,0.00048795114924509917,0.05705332859261883,0.0033118253381108622,0.004945510888423222,3.8236545196888345e-05,3.6259569884159493e-07,0.001268951488473037,0.021186430259756403,8.085812144309052e-05,0.0010512683827300206,0.0005406671330700797,0.621258463156681,2.167040430790873e-07,2.4023547027445317e-06,0.0092327144248532,0.00014755090982059856,0.00012027449376576243,0.03948065946606321
8,0.028513995752627756,0.027349910566053195,0.0001017678692885202,4.802604911488895e-05,0.21465701442366728,0.0052651437893136,0.0019334736396213058,0.0003269608119579825,0.06559656372760281,0.00407558819407254,0.005269048351641964,0.00010499022552060486,2.680617984437902e-07,0.004075457854713724,0.05059760274014615,9.87332035006614e-05,0.0018147144061665523,0.0008135054963309261,0.4542162106810133,3.664138905809099e-07,1.4049156292722903e-05,0.011446278706951078,0.0008921886232483556,0.0003540488633876798,0.12243409239207731
9,0.019330925508121106,0.03681268552937895,5.4885700274237686e-05,4.439516589517661e-05,0.19769009428621678,0.005795720453704507,0.0013010206169442697,0.00029743678316604275,0.06697840149439889,0.002670792812543717,0.005493570849326436,7.174148551199488e-05,1.7008247224370805e-07,0.0030283266934375552,0.06664976846225996,8.047552343797138e-05,0.0013231033652409139,0.0011110197603796702,0.478959495366289,2.6426905575891546e-07,1.1345577684680684e-05,0.011698168713908908,0.0007323283415985602,0.0001976298112774115,0.09966623334747528
10,0.013884151840930167,0.033078549440569,4.377330994705494e-05,4.051317686140478e-05,0.19764779137334154,0.0068578091340384196,0.001214589370419089,0.00027197387983880804,0.059382227873187234,0.0018290943218622854,0.004079192962057415,5.842746107862265e-05,1.6442743829270192e-07,0.0020320691712137143,0.04868088143405763,0.00010144034431102189,0.0011702379088137857,0.0012838764887878806,0.5561673343685088,2.1779500787931782e-07,9.6103053476034e-06,0.01161611340015318,0.00046515762162501286,0.00014334179046227754,0.059941460800141705
11,0.014731101508896775,0.029593736807126524,4.4428577964842024e-05,3.8139386492646896e-05,0.18474143975241455,0.006596270899698448,0.0012491730885840042,0.0003004381509439422,0.05719564177050151,0.0019496315661661386,0.0036984330785149425,5.5992452406501125e-05,1.9892501983374107e-07,0.0018672274541524515,0.04327811321068967,0.00010515927503059843,0.0012242881730345865,0.0012607848235960677,0.5872193711287633,2.2079143939016673e-07,8.758968407552768e-06,0.011033420730985729,0.0004261464932072991,0.0001594266482082805,0.05322245633775421
12,0.002110813675072006,0.011475079728605526,1.1932323493442913e-05,1.553720429965692e-05,0.6960571298795867,0.006146425830785138,0.0011353347387785013,9.165058071801402e-06,0.02236150932881517,0.000346853895153372,0.0017425805138664937,4.09483347194031e-05,4.693306447445623e-08,0.01407113800398877,0.018470127018734656,3.6234968830080884e-05,0.00038821665100698355,0.0021993886805895093,0.07106858304944505,4.5043535090379593e-07,1.4896831951284925e-05,0.0010010756651228378,0.0030033363961312945,0.00012828975380370708,0.1481649051007332
13,0.024400139756175925,0.028523908746732204,9.129517814453603e-05,6.545002977146067e-05,0.26123592352876773,0.0036245738457579123,0.0013479165347296499,0.0005066406761152504,0.06744251767808386,0.0029546964955085345,0.020299956563958086,0.00014739368795519076,2.643137424405514e-07,0.006676281854192016,0.13520024958814902,0.00011409940594786482,0.0012263431202321287,0.0018226728566424913,0.34874703710723676,5.93706413026687e-07,1.6269169045255004e-05,0.009735851902666834,0.0007869325050098804,0.00011782628694405893,0.084915165462078
14,0.00962914776436023,0.04142816330253915,3.737519501667346e-05,3.890120568373908e-05,0.20118643726691404,0.006536743214578827,0.0007285386715646395,0.0001888208285320686,0.04784504451093244,0.001288852916769331,0.0040325549585308864,3.8164726798131304e-05,1.3612436525086562e-07,0.0015408152632784668,0.044232741071613055,8.721218974205423e-05,0.0007653153242401828,0.0013054221958095336,0.5859634558006559,1.9806501666522227e-07,7.437408845386432e-06,0.009670284941035662,0.0003460972093849346,8.758549652270076e-05,0.04301455434727011
15,0.013884151840930167,0.033078549440569,4.377330994705494e-05,4.051317686140478e-05,0.19764779137334154,0.0068578091340384196,0.001214589370419089,0.00027197387983880804,0.059382227873187234,0.0018290943218622854,0.004079192962057415,5.842746107862265e-05,1.6442743829270192e-07,0.0020320691712137143,0.04868088143405763,0.00010144034431102189,0.0011702379088137857,0.0012838764887878806,0.5561673343685088,2.1779500787931782e-07,9.6103053476034e-06,0.01161611340015318,0.00046515762162501286,0.00014334179046227754,0.059941460800141705
16,0.015765669705346756,0.022216820787683163,7.05765461387614e-05,7.099732179446796e-05,0.20421406823518687,0.009170444291806542,0.0018717946300851039,0.0003758025273517705,0.03510333900110906,0.0019093879316718204,0.007549973219054992,0.00015950007204191925,3.606212356037639e-07,0.0054596971933679505,0.07545110500915934,0.0003199998601595317,0.0015071693318150301,0.004121768542707354,0.5644111958785701,5.349060874138525e-07,2.7640018365166534e-05,0.011575662548711547,0.0007117146558911251,0.00021456930420890935,0.03772020786044955
17,0.029195839434428644,0.02674473957881913,7.269712741976754e-05,5.8560801060700474e-05,0.31942088055607964,0.004290866217011755,0.0034425386830619882,0.000361898848626733,0.06465980552530465,0.0019686771667235467,0.0071867744310080955,0.00014535969073947787,2.397001348003078e-07,0.005686555353265711,0.04763480654043986,0.0001120092372466272,0.0020871256843912984,0.0010824407407339445,0.3393503517422962,3.2704701309320817e-07,1.2751177590563366e-05,0.015081770094061477,0.0005898099348910354,0.0002016184594217317,0.13061155622822954
18,0.018893603200832415,0.04333105943044951,2.576354568078639e-05,3.630293686791322e-05,0.17113188588443287,0.004553124875326153,0.0015536108797320782,0.00018225831094048351,0.06281881523018801,0.0016296346638380486,0.0038347392872503084,5.2083809760141105e-05,1.0190852958092464e-07,0.0023049752279400803,0.03549734050070842,4.276313592153332e-05,0.0022719196472439428,0.0009942708743628428,0.4407799669885539,1.543886385695031e-07,5.519304969642692e-06,0.020993695550453682,0.0005222289731160089,0.00016003853530782028,0.18838414290895522
19,0.016412522541004285,0.021154170784437196,6.784857412707787e-05,4.5661088473843874e-05,0.2169363317737453,0.008700038443344178,0.002455060566864928,0.0005014678376300232,0.08202311496090392,0.004250850866124357,0.0033502066169830446,9.348604941120674e-05,3.0139455864358065e-07,0.0013387554433863553,0.031746438514522655,0.00012373221864713275,0.0015908764432201216,0.0007504727336462775,0.5297682127407495,2.6722803733638576e-07,7.981060179000748e-06,0.01712387541987182,0.00033370215431812437,0.00021574583010883339,0.061008878715705074
20,0.008054078825351743,0.07672725646724239,4.24641298363827e-05,4.744884260772586e-05,0.1096109153141521,0.00909211938978817,0.0007661571395518259,0.0004951294351096085,0.05888213764414978,0.0015322215641684308,0.0055036581418820615,0.0001122099688783961,1.2560194048549044e-07,0.0016665948456407514,0.13901808120591902,0.00010747792980358629,0.0009454536651409217,0.0018351447914037942,0.5038551662049561,2.0092011616719316e-07,1.6997241014638545e-05,0.026637271084573026,0.0004452447247712038,0.00010939923286865342,0.05449704568913315
21,0.010697160694810923,0.0346818687464057,3.289866042296071e-05,2.7714241583016117e-05,0.16886390025901407,0.007862657623240172,0.0012523396529501131,0.0002725755032409851,0.06677671558060874,0.0019506475222463957,0.0022344828423293025,4.339833323799368e-05,1.4272327638759385e-07,0.001099304925536229,0.03604884028185998,7.35584997033145e-05,0.0013021509909522566,0.000951342475389085,0.587646334713641,1.5115439414222052e-07,6.880174815717034e-06,0.013961329095943184,0.000388667996884313,0.00017352369696308303,0.06365141361055124
22,0.017914419048476078,0.023743139129892364,6.92736312123817e-05,6.993940645296447e-05,0.22335936670349874,0.006022163199814149,0.0013587053435000914,0.0003201356130528731,0.056419619172409785,0.0029416673538618598,0.00982696052724046,7.446238494559803e-05,2.4839504678551147e-07,0.002634813237320887,0.05531848720684079,0.00014710972097592846,0.0020741286946525214,0.002224112636697401,0.5263427959650759,4.732766000014451e-07,1.5852950661952476e-05,0.013176672592171607,0.0006493977622642388,0.00013280107469684814,0.05516325497263776
23,0.013884151840930167,0.033078549440569,4.377330994705494e-05,4.051317686140478e-05,0.19764779137334154,0.0068578091340384196,0.001214589370419089,0.00027197387983880804,0.059382227873187234,0.0018290943218622854,0.004079192962057415,5.842746107862265e-05,1.6442743829270192e-07,0.0020320691712137143,0.04868088143405763,0.00010144034431102189,0.0011702379088137857,0.0012838764887878806,0.5561673343685088,2.1779500787931782e-07,9.6103053476034e-06,0.01161611340015318,0.00046515762162501286,0.00014334179046227754,0.059941460800141705
24,0.014398619027063185,0.03938625286895847,4.358620961332131e-05,5.570495156040391e-05,0.2505251801183724,0.006225479163013964,0.0010188096018199518,0.00021576944839386575,0.05116814804985242,0.0015715598191867268,0.005213205508364921,5.885746909487478e-05,1.6784144810980216e-07,0.0025215647426112928,0.04292579925155187,9.40780657122009e-05,0.0010242149644313077,0.0013562278024939094,0.5052765377212846,2.6268060895048876e-07,8.455723783399559e-06,0.011282738104575704,0.00041299081730595573,0.00010730983131061622,0.06510848021758761
25,0.038991470093330795,0.01883841023261957,9.792196306026978e-05,8.345563489148427e-05,0.30610876006278254,0.003401104918395861,0.003196837939387867,0.0008317457211629117,0.0740342538980231,0.004247205441797854,0.01966247211602262,0.00016815049228327764,4.906332338716831e-07,0.00631585262395747,0.08143840895340311,0.0001344231125565097,0.001956531165929834,0.0016975429360830414,0.3341687276968173,7.19454151572144e-07,1.1110088634040725e-05,0.012041186129094956,0.0005898259968386676,0.0001706814541118953,0.09181271124142952
26,0.014898249712173931,0.021338417329588667,2.7603047065894737e-05,2.8512322298366514e-05,0.15766181870621135,0.006994939820973282,0.0010241726582345242,0.00022540438880635946,0.08608312867893554,0.002084099798331099,0.0018308140816135543,2.1993054508848018e-05,1.8131015319379658e-07,0.000895573626927463,0.02267016384028197,7.492851016138579e-05,0.001345295542385377,0.001180181326386391,0.6243572314275448,1.6951656534541697e-07,6.00174612528484e-06,0.007007375949883733,0.0006084555408391655,0.0001879903564458605,0.049447297707558534
27,0.011436867053885852,0.05319158846606008,2.9671618900929e-05,3.773020967066072e-05,0.15243408090715485,0.006592385234312337,0.0008823679250095995,0.00029187023406448704,0.07919997000875142,0.001541377530776134,0.0037720543824374324,4.724949838032863e-05,9.531435144237512e-08,0.0012535332565687188,0.05750986763837791,6.568874210808105e-05,0.0008862242758786314,0.0008753126923997124,0.5397902409543383,1.2478755888523927e-07,5.951934094861025e-06,0.01663506558923533,0.0003281877083684493,8.845377682103942e-05,0.07310404026049462
28,0.013884151840930167,0.033078549440569,4.377330994705494e-05,4.051317686140478e-05,0.19764779137334154,0.0068578091340384196,0.001214589370419089,0.00027197387983880804,0.059382227873187234,0.0018290943218622854,0.004079192962057415,5.842746107862265e-05,1.6442743829270192e-07,0.0020320691712137143,0.04868088143405763,0.00010144034431102189,0.0011702379088137857,0.0012838764887878806,0.5561673343685088,2.1779500787931782e-07,9.6103053476034e-06,0.01161611340015318,0.00046515762162501286,0.00014334179046227754,0.059941460800141705
29,0.013884151840930167,0.033078549440569,4.377330994705494e-05,4.051317686140478e-05,0.19764779137334154,0.0068578091340384196,0.001214589370419089,0.00027197387983880804,0.059382227873187234,0.0018290943218622854,0.004079192962057415,5.842746107862265e-05,1.6442743829270192e-07,0.0020320691712137143,0.04868088143405763,0.00010144034431102189,0.0011702379088137857,0.0012838764887878806,0.5561673343685088,2.1779500787931782e-07,9.6103053476034e-06,0.01161611340015318,0.00046515762162501286,0.00014334179046227754,0.059941460800141705
30,0.013884151840930167,0.033078549440569,4.377330994705494e-05,4.051317686140478e-05,0.19764779137334154,0.0068578091340384196,0.001214589370419089,0.00027197387983880804,0.059382227873187234,0.0018290943218622854,0.004079192962057415,5.842746107862265e-05,1.6442743829270192e-07,0.0020320691712137143,0.04868088143405763,0.00010144034431102189,0.0011702379088137857,0.0012838764887878806,0.5561673343685088,2.1779500787931782e-07,9.6103053476034e-06,0.01161611340015318,0.00046515762162501286,0.00014334179046227754,0.059941460800141705
31,0.021329150166602896,0.02738272733664753,6.11618654268807e-05,3.434828787457464e-05,0.12136698999484195,0.0035619774885893487,0.0008853396778928144,0.0006622974311688764,0.046891499093310154,0.001520464805055557,0.0034118714565520166,5.743122787447607e-05,3.426582255321261e-07,0.0014552686075156624,0.04294642742591005,0.00012558439204168417,0.0011777934737209068,0.0011929790517928743,0.6874421753646106,2.0608603454919517e-07,7.58939457127384e-06,0.00947974000459356,0.0002488040667327263,0.00015622660785319416,0.02860160403456032
32,0.012504228906548094,0.03444138803202571,3.882349224122078e-05,3.4982288664394286e-05,0.17022398073208372,0.0063241326440925194,0.0009227440865491826,0.00023665768742207023,0.0516352188294092,0.001544990663330496,0.003250028486948327,4.518591166585359e-05,1.5485176401550892e-07,0.001630359916607543,0.04105420923714236,9.167964795522908e-05,0.0010362380715350137,0.0011804880120274749,0.6128663377182251,1.787985320951298e-07,7.838160588639634e-06,0.010602747534739401,0.00038304121254710083,0.00013127611712889309,0.0498130889602264
33,0.003766370168207727,0.012135764101457502,6.997474660248107e-06,8.419870303792917e-06,0.019686980660809244,0.0034522678137359672,0.00029650210636542875,5.895989212870039e-05,0.003215708258222126,0.0002033025309175006,8.191280096322758e-05,8.376038948036168e-06,1.412515412209174e-07,0.00019325684092821085,0.0017467031345118336,8.289402998704828e-05,0.0008939807098782304,0.0006767315844020073,0.941573215021262,2.1638894692450548e-08,1.3189255967181049e-06,0.00733571516968453,3.4821886282259155e-05,0.00020067484817085971,0.004338963242140696
34,0.01694433335569662,0.029448704487732603,4.3635943164663785e-05,3.807865650028417e-05,0.1955136780993702,0.005112416562215739,0.001027470230279868,0.00026275833509733376,0.05554122643570965,0.0017019456123736735,0.004177180409384115,4.7228373645541966e-05,1.7158348487832046e-07,0.0020294625709653216,0.042418190761180384,9.134210733896533e-05,0.0010779609090577904,0.0011442119395760298,0.580696869128921,2.010068371842641e-07,7.602783559321557e-06,0.009300600041128286,0.00039263317608988126,0.00012599756988452323,0.05285609992080612
35,0.014360869855000962,0.03369042782509113,4.1254713722090674e-05,3.940645384512351e-05,0.18812128639022715,0.0064723667720283495,0.0011456404030822326,0.00028761855856557895,0.06284331481907304,0.001747543239151926,0.003885125448108779,5.313568923222647e-05,1.5801866817219303e-07,0.0017551619525138363,0.04644149578515799,9.586913694754303e-05,0.0011309290424992102,0.001191927178106694,0.5671635521457363,1.947768961525802e-07,8.462826217717338e-06,0.011809123874786779,0.00041229197864917647,0.00013071045551091965,0.05717213266118088
36,0.01951003270743269,0.03643460732704032,4.2997228010665404e-05,5.597471667097664e-05,0.14735618856089366,0.006673085976688393,0.003461375213619614,0.0007282887055154595,0.061995997204836846,0.0018807168715653407,0.006126764371978891,0.00025294021903219034,2.2686343247385018e-07,0.0035548341879541637,0.07324688102134647,0.000154863626148821,0.0028874787174924085,0.002039787172186801,0.4822878942407806,2.344561662866483e-07,1.1490253795214831e-05,0.0440492949817918,0.0003729501021457742,0.000205071910531486,0.10667002336294255
37,0.02589450887325894,0.020958145722390544,6.197800549908199e-05,4.855820973610778e-05,0.2139129663082572,0.005413074692898934,0.002202499701320147,0.00018521622740536674,0.0270669894225935,0.0016498950167045006,0.003984645893031096,0.000102701104725647,3.2907523383730964e-07,0.008337466961775198,0.03718731585313221,0.00017790817103168445,0.001848546278149296,0.0021399690856027773,0.567019854972957,3.416863808552275e-07,1.6234905538242915e-05,0.008201742184691153,0.0008548721479114453,0.0004065494268397081,0.07232769007293549
38,0.00894220989287645,0.030464817673265483,3.650109780766342e-05,4.321822729063558e-05,0.1342781445172209,0.013551098982668009,0.0014146359279751438,0.0002486055170135024,0.04552967293704304,0.0016029050232956488,0.0031981542591823005,7.592405312387336e-05,1.767829236286037e-07,0.0019369815471893652,0.06012931273673956,0.0001984737496222839,0.0010174857026519545,0.002349870449178751,0.6445777435873592,2.0702352947519104e-07,1.632894161790529e-05,0.013236920457177498,0.0006150686140051449,0.0001877885042330179,0.0363477537950095
39,0.005216759997443777,0.040065171218507355,4.935100692855877e-05,3.1279441865901056e-05,0.09480072284642999,0.015956191943759555,0.0007112994158762633,0.00035214117088686986,0.046738936539395884,0.000882402719541493,0.001269122653499181,8.094434777430714e-05,1.4790877332718562e-07,0.0005918733882642049,0.040631977563312015,0.000223163163581307,0.0012567610054472266,0.0015763597063976182,0.7086644046241953,1.4564426888774609e-07,2.6932563319725636e-05,0.01954832561902681,0.00035661197971066763,0.00014665084035618166,0.020822322691437474
40,0.018537525806398628,0.03926734086844745,6.529131476019464e-05,3.1988066475991906e-05,0.35177109213239205,0.0029390149369092214,0.0011561879778631148,0.00014996134131497904,0.03647965284874132,0.0008734348845719889,0.006356653947129963,0.00010839459555898122,1.2873766953794707e-07,0.006444953112805793,0.04957101831895411,6.974140592571765e-05,0.0008438519715903644,0.000876513310507482,0.3768228140197971,2.264952269672083e-07,8.733108059110919e-06,0.00949238831758622,0.00033757075366315454,9.882705193625157e-05,0.09769669467571433
41,0.008932327924206864,0.041213929192128504,2.9292857407190843e-05,3.907633503273431e-05,0.24079398645784936,0.0043124456072786525,0.00031255364504146965,0.00022158686644685132,0.0688900355333094,0.0009285676626105116,0.004472242378322495,1.904624339648693e-05,1.168662367147601e-07,0.001134983456492201,0.044253457724532985,7.496986752385635e-05,0.0002909912166962243,0.001067633641793642,0.5556134027902698,1.6667836429639557e-07,3.743170347033451e-06,0.004276765757513863,0.00020724254929570065,3.407470084917175e-05,0.02287736087705387
42,0.009800215866333483,0.04360064252838948,4.21904956903584e-05,4.0145171117694e-05,0.12450538779144658,0.007309545066397563,0.0007435446323344338,0.0003286148501925402,0.05838691744433329,0.0012719565275564908,0.0026708338481136362,4.96578044211938e-05,1.3024137537410255e-07,0.0008445160775993924,0.039779201089916096,0.00011322117979355964,0.001008131438469328,0.0009720431745543211,0.6559203492617958,1.3402357961528184e-07,8.387185997023214e-06,0.016899118785429993,0.00025819478363199084,9.58820955222446e-05,0.035351038636008573
43,0.007529913160734055,0.021149482379926452,4.952558322604134e-05,3.615798350756515e-05,0.13182010611030437,0.015232862886109935,0.0009667593475316391,0.0003723079389196212,0.06377678329891202,0.003070055963002082,0.0015934934264567496,4.912232232449971e-05,2.2037036232261155e-07,0.0004930630414885447,0.030781388030829162,0.00015719740550766988,0.0015253725197586173,0.001196946841966444,0.6830445116192905,2.1643651765958574e-07,1.8371596579981495e-05,0.014636578078490007,0.0004112376116676251,0.00018947616626582787,0.02189884988032057
44,0.013884151840930167,0.033078549440569,4.377330994705494e-05,4.051317686140478e-05,0.19764779137334154,0.0068578091340384196,0.001214589370419089,0.00027197387983880804,0.059382227873187234,0.0018290943218622854,0.004079192962057415,5.842746107862265e-05,1.6442743829270192e-07,0.0020320691712137143,0.04868088143405763,0.00010144034431102189,0.0011702379088137857,0.0012838764887878806,0.5561673343685088,2.1779500787931782e-07,9.6103053476034e-06,0.01161611340015318,0.00046515762162501286,0.00014334179046227754,0.059941460800141705
45,0.013866626915540201,0.032964681291115135,4.372975260203843e-05,4.0416896400190655e-05,0.1963370187987629,0.006880987471495178,0.0012226442400618993,0.0002761680792578262,0.05939468085507848,0.0018340152474145375,0.004057615387568951,5.863852624796673e-05,1.6582849888061563e-07,0.0020181007787153154,0.04880934369015259,0.00010229015871258074,0.0011689370821100155,0.0012886202981645487,0.5580728171018241,2.1738359028032858e-07,9.591519980641754e-06,0.01166266867612528,0.00046127232722017835,0.0001441099182528623,0.059284641775107345
46,0.02906095134524103,0.014981091920126524,6.468134189346941e-05,5.81318104723633e-05,0.10562347239297926,0.0076835242178485644,0.0019693000830548323,0.00041790028358340125,0.03757629350382205,0.003042727389496108,0.0018897318302031065,8.423143280963123e-05,4.0236731442566573e-07,0.0007185020626824363,0.010654383950303128,0.0001531646551536277,0.006734974552590839,0.0008844799218436347,0.7045139143562897,2.190315861775881e-07,1.2799392126964977e-05,0.03126872276959366,0.0002866171562124654,0.0003072315843365943,0.04201255064843592
47,0.025207846538781577,0.018504671892449205,4.7308862238846553e-05,4.1554832694695764e-05,0.08657127697069386,0.005115670332735956,0.0014280111900455226,0.0003354823371190624,0.032628903221708944,0.0014764103622478134,0.0015084380699772703,5.564484395913913e-05,2.728971824973797e-07,0.000939415079654314,0.01461965749837961,0.00016381213657722105,0.0019123499931912688,0.0007828892777773162,0.7649112539270821,1.0790473111617219e-07,6.903510706873173e-06,0.01602903053289177,0.00020748235375534372,0.00022594032294601641,0.02727966511047242
48,0.01016441350166153,0.020724319752265394,2.063534834208322e-05,1.638586697050503e-05,0.05815614312906692,0.005858663099383514,0.0007207390127047243,0.00024443743922058933,0.028961760609670078,0.0013987361180614701,0.0006009511131472565,2.1650307060064957e-05,1.788248587258049e-07,0.0003929596784222093,0.011727753282764836,6.902287780936631e-05,0.0014879674793347034,0.000703086035949821,0.8218793521020438,7.296205591652236e-08,3.4099987822404786e-06,0.012143194037799548,0.000164557815744591,0.00024042616960282933,0.024299183437277556
49,0.00927099290661534,0.04403336385211127,5.479046685680029e-05,4.5187862396926345e-05,0.1661854414068494,0.010693967562383853,0.0011805812207717503,0.00035411376178289526,0.06639882248017023,0.0019339235729090127,0.0030538046593187656,8.755605174661437e-05,1.628900834894965e-07,0.0010651773306103176,0.045276526835496024,0.00012035924206694137,0.0012650539785389167,0.0010172461417942927,0.5729829242968356,2.0534766549777484e-07,1.207555569980252e-05,0.022800398659974817,0.00034625640195733826,0.0001344716287515984,0.05168659588661249
50,0.04810482832130878,0.010652138882598727,5.6986326352865176e-05,4.7605632222790724e-05,0.23105696147450117,0.0041437097570163894,0.004606077851599081,0.0005894102502581228,0.061935407379876996,0.005421425468964412,0.0055492185866928435,8.421978036288147e-05,5.163117039346401e-07,0.004099144497623081,0.030950940747230628,0.00011835701470009064,0.0020387681659581602,0.0011088888298821822,0.4966637071909641,3.728347115810013e-07,4.750738118347171e-06,0.008968710837320697,0.00042213479190155687,0.0003766178546219744,0.08299910047350863
51,0.002595300484110561,0.3983807899097754,1.4173085057556193e-05,0.00010875399025438342,0.03585782586844593,0.004882910681451018,9.473705182441649e-05,0.00032863258531142106,0.04556363793227218,0.0002813952491564755,0.0056973520693500606,4.177286202499021e-05,2.2773154208768314e-08,0.00042232785632622115,0.15370844258099817,4.011851849423986e-05,0.0001710863735660922,0.0007907592323107817,0.27141501355154585,5.3533233667461226e-08,4.731705541033409e-06,0.04561708241475427,0.00011052060951879411,8.784647961165766e-06,0.033863774433561304
52,0.009711027357770043,0.013363086384810518,2.02320520868153e-05,4.905319276405403e-05,0.12790035995175025,0.013103021697968486,0.000516866422259153,0.0005709315406686364,0.06150880348158683,0.005949757837231926,0.005279133765357122,4.402405726918496e-05,2.930869850066346e-07,0.0011161145326563503,0.07285135328814192,0.00011916715755214113,0.00035865372489241254,0.0028874370942544225,0.6647617053563467,3.8197962792604064e-07,4.738185478130873e-06,0.005846661256486886,0.0002400363133920728,8.421774693549948e-05,0.013712942535727626
53,0.01613152754038033,0.016526377206518294,7.070780371042497e-05,7.846264153853456e-05,0.38304130462174535,0.010089265071280109,0.0055295356986857875,0.0003123947851428109,0.08470748719903183,0.00347264562788114,0.01130700776132185,0.00017921247696348647,2.7005052672557416e-07,0.006865376551365934,0.07984655923211903,0.00020261670125967853,0.00185081358732135,0.0028381765908561604,0.2513364582448094,7.881331481478789e-07,2.9109036656473472e-05,0.011090537146600066,0.0018230773920264315,0.00025384939622142156,0.11241643950288908
54,0.009598631138161475,0.09443813589986656,1.9667368034689513e-05,3.103493590160526e-05,0.12626714872661593,0.005554199284789928,0.0008710211772258745,0.00017704203345168134,0.054275858422842736,0.0008106019372067551,0.0028079446484816145,4.586143746282241e-05,4.8017216184042804e-08,0.001979015331251767,0.06873325866934177,4.7426379682276216e-05,0.0005793850407639452,0.0006445597001822919,0.49495388728987627,6.229264712581693e-08,4.287369777211745e-06,0.019409659876037412,0.0002653712172750482,8.612869486970836e-05,0.11839976311103725
55,0.01455268129897804,0.029244561225489525,4.684136113796943e-05,4.2783049014926375e-05,0.22102860455722662,0.008180639179305227,0.0017955474617506674,0.0003714944983636274,0.06845592720565553,0.0018754628045439242,0.004031377795773541,0.00010038582321662742,2.1806244252063208e-07,0.0024747269005027353,0.05088852280260459,0.0001382461248968678,0.0012477081244833999,0.0015800653105331466,0.5167732968880833,2.6469588905300335e-07,1.0789392095586132e-05,0.013351571111441378,0.0004767271578222945,0.00017254965162591426,0.06315900751712324
56,0.0142764484706395,0.03070187507271503,4.385105453346557e-05,4.044354214943896e-05,0.19008395862469815,0.0069845919043494235,0.0012387268385542624,0.000293624555719168,0.05794714679428807,0.0019075822141809903,0.0037892525293938555,5.739774965109784e-05,1.926941287643069e-07,0.0019036925614934691,0.04445292640319275,0.00010725700258014957,0.0011954516146634206,0.0013136231410280426,0.5774854915308969,2.2741903053209287e-07,9.185442559415067e-06,0.011228047199660595,0.00043960804608484966,0.00015346746596396843,0.05434593012784475
57,0.010322498730742239,0.024365150151598337,9.943346274019964e-05,2.9426746573849677e-05,0.24746554136339918,0.007355386026344728,0.0013121371480190082,0.00031755896109869164,0.05844387729614367,0.0021696786474578508,0.0028181588161416524,9.730160960099453e-05,2.4301697261641323e-07,0.0013118332330694792,0.031280470699311384,0.0001359903294587216,0.0013832622739560032,0.0007215843776084835,0.5549250375697748,2.731758644580918e-07,1.3514439267143286e-05,0.013071562044725713,0.00030998456059024324,0.00015862849519918685,0.04189146682434129
58,0.013414288605812459,0.029085783745763188,4.2768574047742956e-05,3.399905407875596e-05,0.1714795584000345,0.0074084489823556515,0.0012651458806583536,0.0002815538327467991,0.05132996055399355,0.0020426216151870785,0.0027877237635577754,5.683283349694438e-05,2.0875894627832657e-07,0.0018003410294386275,0.03941602149093698,0.00010392760773076275,0.0012948336057986226,0.0012804967960503499,0.6119205496024079,2.1618221006836172e-07,9.289305354514588e-06,0.011177322618285218,0.0004613094353608295,0.0002107728214872521,0.053096024904259714
59,0.013870486266540166,0.028977520909190157,5.1066235492202306e-05,3.588646277749441e-05,0.18468581651509544,0.007022724883571535,0.0013065521674965998,0.00029295912630596723,0.05203364504990522,0.0020228736718622465,0.0031055549099689,6.108188099900875e-05,2.1859689473923122e-07,0.0018609608254596477,0.03995414123262265,0.00011164836611246225,0.0013464334251100266,0.0012381754079808759,0.59799064855937,2.392476473768764e-07,1.0322567313445547e-05,0.011273086932886549,0.00046045103978600507,0.00020140364677656642,0.052086102072834706
60,0.013884151840930167,0.033078549440569,4.377330994705494e-05,4.051317686140478e-05,0.19764779137334154,0.0068578091340384196,0.001214589370419089,0.00027197387983880804,0.059382227873187234,0.0018290943218622854,0.004079192962057415,5.842746107862265e-05,1.6442743829270192e-07,0.0020320691712137143,0.04868088143405763,0.00010144034431102189,0.0011702379088137857,0.0012838764887878806,0.5561673343685088,2.1779500787931782e-07,9.6103053476034e-06,0.01161611340015318,0.00046515762162501286,0.00014334179046227754,0.059941460800141705
61,0.013886191284742663,0.02919927265457131,4.969000697556446e-05,3.4476722745444405e-05,0.1902979168828232,0.006763533351488288,0.00124939373862269,0.00027184179835379696,0.05384275448602036,0.0019513749955120641,0.0032528513433213208,5.95778550446041e-05,1.9724978941750632e-07,0.0019177903406953566,0.04112191298828499,0.00010504354384889158,0.0012761332088725495,0.0011676089363430314,0.5873578423156024,2.2282350439408188e-07,9.978778648362631e-06,0.01087997509217658,0.00045885252904401654,0.00018265919855731802,0.05466290787441145
62,0.013884151840930167,0.033078549440569,4.377330994705494e-05,4.051317686140478e-05,0.19764779137334154,0.0068578091340384196,0.001214589370419089,0.00027197387983880804,0.059382227873187234,0.0018290943218622854,0.004079192962057415,5.842746107862265e-05,1.6442743829270192e-07,0.0020320691712137143,0.04868088143405763,0.00010144034431102189,0.0011702379088137857,0.0012838764887878806,0.5561673343685088,2.1779500787931782e-07,9.6103053476034e-06,0.01161611340015318,0.00046515762162501286,0.00014334179046227754,0.059941460800141705
63,0.011696459536466293,0.043202373092305235,3.6483528049365304e-05,3.8262645352896855e-05,0.17232380397878172,0.006794724234312958,0.0009087155189726325,0.00024318215171093767,0.05858038927591341,0.0014686306907596058,0.003636844979385864,4.6862139988084655e-05,1.3208294039992094e-07,0.0016282998868272472,0.0500766576725002,8.600890833589285e-05,0.0009788221856638609,0.0012046890664762734,0.5764327791829981,1.7339003556856342e-07,8.330780898929006e-06,0.012231470763641504,0.00041200444248795805,0.00011645453361372233,0.05784744533158135
64,0.012178121223814009,0.035459173634640725,6.180102746406706e-05,4.244767372923346e-05,0.20428522824523698,0.008389046606723238,0.0011947796880935077,0.00025971984697477704,0.05824774337536081,0.0018342472466783672,0.003993295087760644,7.784476094941591e-05,1.7242613271270394e-07,0.002068809498144629,0.0535503354176932,0.00012614045259639085,0.0014067920320873168,0.0013297206143616826,0.5427038539300361,2.5814378569069224e-07,1.8094763067367827e-05,0.013223997786996605,0.0006186124077415002,0.00016443215218372553,0.05876533195774728
65,0.007793962856349105,0.05799463494736168,3.998378926468968e-05,4.105327918034816e-05,0.18187383746297875,0.01080878734276287,0.0010203924714889368,0.00017901887509635822,0.053078560523154315,0.0011601721745561012,0.002850128123648416,6.831907680013362e-05,1.1976904343656816e-07,0.002120440018914675,0.05777194404360842,0.00010756729236353258,0.0011808189214762535,0.001741964761557118,0.525742027642614,2.1959898705484815e-07,1.781368341164366e-05,0.015028047733437157,0.0007715426353639764,0.00016916119235638175,0.07843948178422479
66,0.015250661070511333,0.025974718487297183,4.9194392885464746e-05,3.9074134020154084e-05,0.22434145525034474,0.0063620654400389914,0.001354850055559956,0.00026671456158761835,0.058770247041180036,0.001997488331833751,0.0038633353724393626,5.481284299405677e-05,1.9763901261245684e-07,0.001974674350436093,0.038010151121949665,0.00010568737803662798,0.0012237318937232697,0.001153363770334282,0.5544281384448236,2.3947518676888725e-07,8.850275653256148e-06,0.00985043321793862,0.00043225169159260657,0.00015079639845517418,0.05433686736216471
67,0.0074049929477878725,0.05848609134695311,3.7385892168595175e-05,4.7508551184963976e-05,0.14561804559033886,0.014646390342146409,0.0011850784787771566,0.0001846631499890009,0.051635503924210374,0.0014053949620812531,0.0032693388650385648,8.38501357775556e-05,1.1979420452984584e-07,0.0022749123754206724,0.06835262968835878,0.00011757818281778499,0.001466510139502058,0.0021621210308965556,0.5271602778956176,2.486339063145267e-07,2.157465920620117e-05,0.01894035704154435,0.0010190585424220888,0.00020270014453508642,0.09427766768511438
68,0.017394530065570343,0.030995065425351673,3.8942144350069333e-05,3.740756724690796e-05,0.1856853172601746,0.004442818875395263,0.0009609354049046323,0.00019733872831665755,0.056479318423281646,0.0015405527052796061,0.0037940312834210603,3.4967439297759233e-05,1.373307919660545e-07,0.001846516619684229,0.03415877365503312,8.132019937086384e-05,0.001032853333367187,0.0009108930870989813,0.5933946752078251,1.5480991911195146e-07,5.755662913392507e-06,0.009013696926550328,0.00037720865966221843,0.00011552829411865048,0.05746126089107469
69,0.007620345609442566,0.03912176027338875,3.263735221593526e-05,9.901514417750935e-05,0.2193914810944713,0.008926403486412342,0.0008386308149070228,0.00031237781119322866,0.16000341732542472,0.0027705404369195107,0.03523407895431859,0.00010348780114974182,7.300128723252501e-08,0.002161206971921052,0.23393642822975677,5.7303526582397814e-05,0.0010420544701533695,0.003370014548789383,0.14575627067146713,6.954433254263052e-07,2.7590631718797134e-05,0.01657074417663297,0.001767455203784772,3.0282052011251943e-05,0.12082570496854828
70,0.007166491688404366,0.03742867017131863,8.034801855548234e-05,0.00015873036895923393,0.28644946296293167,0.022613494924629888,0.001708638717749277,0.00041485176267059404,0.17634308585248595,0.003045066017327954,0.009994938535933156,0.00014051838747706203,1.6066809377276974e-07,0.0015281180937667823,0.08005268321079853,0.0002723665432749179,0.0005048563113914937,0.0013928694441446548,0.30250342708128725,5.004047526380533e-07,1.869172435123167e-05,0.01568362131891459,0.0007505639120794671,5.974510704128081e-05,0.05168809877166022
71,0.014949420580893555,0.02960124369047495,4.477066112175211e-05,4.0694214001673445e-05,0.20882471720788648,0.00687964480920782,0.0014333265713250937,0.00028962982245000975,0.06245343658692724,0.002036393272300473,0.0040272494688338815,5.979286916665704e-05,1.812879179188365e-07,0.0020771819447281906,0.04552466140094582,0.00010344963739353662,0.0012441138231979152,0.0012466482688936612,0.54508643660172,2.2920084495739846e-07,9.213963303120392e-06,0.011430264976097062,0.0004685778375220139,0.000157442438952374,0.06201127886389384
72,0.012859406348569559,0.006628940088133468,6.999021742010664e-05,4.8029520364954506e-05,0.2273414232809744,0.020001326072439582,0.009154300944628808,0.0008349662724829044,0.05004058228830385,0.0019687738811062895,0.00117981765467693,0.00014667420053506166,9.386320175895867e-07,0.0016029850837763892,0.015923222980019414,0.0009236451484344108,0.0019434428970403533,0.0031102933165317527,0.6221222338947681,4.2994596137133736e-07,1.9655958936209977e-05,0.009796171108241398,0.0003597493421891947,0.0005788590242025403,0.013344141898245352
73,0.018250368309155898,0.014549677278294383,0.00013190120482830741,6.813906794885765e-05,0.3087555804580777,0.0024868361728958314,0.0013373148614395406,0.0003875806240116098,0.28402081023102105,0.00512371968481844,0.017161612616198554,9.878967008381566e-05,9.26372460865251e-08,0.0012753485240649886,0.04980291669444856,3.3664503861922313e-05,0.0013330311052154045,0.00017101592993950908,0.08016809587935024,4.513311075200185e-07,1.370637474456083e-05,0.009201532829090342,0.0009258642762049044,3.6645173942903666e-05,0.20466530456200907
