,0,1,2,3,4,5,6,7,8,9,10,11,12,13,14,15,16,17,18,19,20,21,22,23,24
0,0.5460823091870802,1.2956106750121901e-05,1.2608632882857797e-06,2.0611477023502513e-05,0.004129109565734767,8.227259163112812e-07,2.527684772668907e-06,0.0006160981981204888,0.4441020303046318,7.506298687019566e-05,0.00023224187123575523,7.737338490684487e-08,4.139682034234567e-08,1.2857831179265216e-06,2.1590130363063296e-05,1.899722287134415e-06,1.8215669201268569e-06,3.8361697442022233e-07,0.0046238751962811775,1.374834204252472e-09,9.429919250240489e-10,4.489448467475001e-06,4.523787012312843e-07,1.6831726041965857e-08,6.903326570589991e-05
1,0.7798802923885977,5.6135117538482044e-05,1.1460553487993663e-06,5.349069308046312e-05,0.005684729380006596,1.305436283187797e-06,1.0172484944655777e-05,0.0006000741728317518,0.20823725504202106,7.345119706686897e-05,0.0010211092429478243,4.6734432492030126e-07,4.169888406927408e-08,1.6536661710012714e-05,0.00011608877521502561,1.8344953392211526e-06,5.194692203576378e-06,2.0209532642906184e-06,0.0036893557697437163,3.791798105117333e-09,2.8937703108048554e-09,2.1726794778495615e-05,1.6426726666922452e-06,5.333535232997611e-08,0.0005258689102820275
2,0.4847134938240037,2.2588034109856393e-05,1.845698806184611e-06,1.4764720143254087e-05,0.0072722058701036535,5.906033739361049e-07,1.976404677080814e-06,0.0005253134052700768,0.5026199228434823,8.69182897892391e-05,0.00048653363919443267,9.720739437423758e-08,2.9179178801383238e-08,2.3364806204203376e-06,4.8891595785380595e-05,9.484993792677868e-07,1.521465221448962e-06,2.9248839466002453e-07,0.004052511833499786,1.88751209155637e-09,1.0821594896498343e-09,4.446059461569085e-06,5.272662204386995e-07,1.2648911700480395e-08,0.0001422289733069546
3,0.55265558003217,2.239244121712532e-05,1.4537831417545885e-06,1.9186283763563068e-05,0.005663885035405286,8.834354370423726e-07,2.6291834678568713e-06,0.00048395873414678475,0.435138554475268,6.900118357522522e-05,0.0003173263068982607,9.38722282399881e-08,3.1330461675404135e-08,2.0232999033797206e-06,3.220722685056598e-05,1.5546040604608963e-06,1.950309165899707e-06,4.003915507216503e-07,0.005464792821494768,1.3437538494677329e-09,1.0946702508251983e-09,6.1054053511301894e-06,4.952523543384245e-07,1.6778166055237533e-08,0.00011547537549770203
4,0.590753432723855,2.1986393150722087e-05,1.5817082332231135e-06,1.914582266825899e-05,0.00579457124685154,9.138782568493744e-07,2.7550127102672245e-06,0.0004958163563898087,0.3962866209849653,7.238578724132971e-05,0.00030534431178165495,9.643141801984751e-08,3.807339971870102e-08,2.2150257431531036e-06,3.092373772763211e-05,1.704627394089034e-06,2.1031036937547127e-06,4.306954417174462e-07,0.006090594818183129,1.4864784799405243e-09,1.14185205475016e-09,5.869722634706124e-06,5.041741773410361e-07,1.994550509421773e-08,0.00011094279024695363
5,0.5623094961328453,2.6015648830083567e-05,1.2967876381238824e-06,2.501516337576019e-05,0.005379911940623301,1.1263812168367643e-06,2.6122686919959566e-06,0.000518861553569285,0.4252103835907814,7.06852102383989e-05,0.0003282356737960982,9.678078616601436e-08,3.622449029449947e-08,2.0787946471285674e-06,3.4286765879371306e-05,1.8320994532460515e-06,2.0967259205303415e-06,5.937310256596987e-07,0.0059663715132754,1.6199521830729104e-09,1.2331515932947715e-09,6.920306467675006e-06,5.811104449851276e-07,1.8958583895050908e-08,0.0001114437843153659
6,0.55265558003217,2.239244121712532e-05,1.4537831417545885e-06,1.9186283763563068e-05,0.005663885035405286,8.834354370423726e-07,2.6291834678568713e-06,0.00048395873414678475,0.435138554475268,6.900118357522522e-05,0.0003173263068982607,9.38722282399881e-08,3.1330461675404135e-08,2.0232999033797206e-06,3.220722685056598e-05,1.5546040604608963e-06,1.950309165899707e-06,4.003915507216503e-07,0.005464792821494768,1.3437538494677329e-09,1.0946702508251983e-09,6.1054053511301894e-06,4.952523543384245e-07,1.6778166055237533e-08,0.00011547537549770203
7,0.7234235488394327,9.985451430007308e-06,1.758937049894957e-06,1.3229144292234678e-05,0.005450268764503524,3.554382199604406e-07,2.87838680414759e-06,0.0005814412688119162,0.2652969624994881,9.253737323967521e-05,0.0002210975317656479,6.537369978506524e-08,5.602241858641371e-08,1.3630101997193628e-06,1.253696224062088e-05,1.021076617856673e-06,1.9659351651002405e-06,1.591286875954483e-07,0.004804287945702375,1.3438700617598118e-09,3.8760180238300115e-10,3.849925503120351e-06,1.8102132148038025e-07,1.74951237846169e-08,8.043073681046995e-05
8,0.6584924124775451,1.3763376260602645e-05,2.350577016720835e-06,1.358826964433215e-05,0.005264976064952155,4.6019528496633854e-07,2.669835002097273e-06,0.0004327117772733641,0.3317195646944012,0.00010320654140770266,0.0002951193107406922,1.1331812487645615e-07,3.8849976144125177e-08,2.868779046595242e-06,2.7665345045428895e-05,9.889037838393305e-07,2.0989823732416924e-06,1.8579238902397326e-07,0.003466815821338592,1.682147571822702e-09,1.19940011371135e-09,3.821413825025093e-06,6.299734386479804e-07,2.5950684841891696e-08,0.00015392086889710852
9,0.6004118530887254,2.033982034874253e-05,1.614563023443985e-06,1.587273976424754e-05,0.004998661228294787,5.395658326271325e-07,2.2875800296344143e-06,0.00041637913637336,0.3899264677394482,9.900569104076628e-05,0.0003523525117496582,9.841070566019635e-08,2.7679641222059387e-08,2.7834787197630887e-06,3.9754150398551956e-05,8.241891084547163e-07,1.8293520390060694e-06,2.33385286838848e-07,0.0035132840624094133,1.502977812619189e-09,1.109050235909422e-09,4.549873070438745e-06,7.580687046343118e-07,2.1745895845069063e-08,0.0001904593273611294
10,0.55265558003217,2.239244121712532e-05,1.4537831417545885e-06,1.9186283763563068e-05,0.005663885035405286,8.834354370423726e-07,2.6291834678568713e-06,0.00048395873414678475,0.435138554475268,6.900118357522522e-05,0.0003173263068982607,9.38722282399881e-08,3.1330461675404135e-08,2.0232999033797206e-06,3.220722685056598e-05,1.5546040604608963e-06,1.950309165899707e-06,4.003915507216503e-07,0.005464792821494768,1.3437538494677329e-09,1.0946702508251983e-09,6.1054053511301894e-06,4.952523543384245e-07,1.6778166055237533e-08,0.00011547537549770203
11,0.5663341274936844,2.0551983426236936e-05,1.5397948402689198e-06,1.8551985985925436e-05,0.0054243870838708895,8.855010741614786e-07,2.7603812836180336e-06,0.0005414589850977375,0.42147762863362237,7.40983541299137e-05,0.000292484249039526,9.749509092783127e-08,3.794206356570518e-08,1.9199060815055228e-06,2.983528385319142e-05,1.6569952101212347e-06,2.075221244378531e-06,4.0102249663303735e-07,0.005662933103683804,1.429757541784054e-09,1.0827327543195807e-09,6.013700233145771e-06,4.7647462705612126e-07,1.9025048993092227e-08,0.00010605687182137761
12,0.5506574444883942,2.385508550548946e-05,1.466217710224249e-06,2.0120375572917666e-05,0.007664145058809818,9.950671277899682e-07,2.896824727321157e-06,0.00031142300805069283,0.4356542773759561,6.351800560643663e-05,0.0003954901020970799,9.593900309410246e-08,2.6601586315749295e-08,3.1949539202473273e-06,3.629226823010245e-05,1.531637782682391e-06,1.8600923744375243e-06,5.091758407086673e-07,0.005009344687442964,1.62531272648989e-09,1.4123712964672458e-09,5.14850943625315e-06,7.56924537252981e-07,1.736633056894295e-08,0.0001455871962733089
13,0.6052267201285358,1.5515237426962283e-05,2.2142030499662857e-06,2.064984972806293e-05,0.006536181137031571,4.814737762005369e-07,2.56678238266237e-06,0.0005708726238011884,0.38330467093886395,9.29164828892806e-05,0.0008204565380144235,1.5749025116755701e-07,3.9083208632635257e-08,4.190120555823426e-06,5.602402789935597e-05,1.3736914371877855e-06,1.867460766392926e-06,4.2504899281435395e-07,0.0032029755355153984,2.7453606984392764e-09,1.4884770401421792e-09,4.215467485432465e-06,7.081546555069286e-07,1.3962458975882473e-08,0.00013476032743546553
14,0.4914036052041784,0.00010743637788088996,2.0260738980613556e-06,3.7073732770156106e-05,0.015479731134148711,1.755532893591773e-06,1.592489461666582e-06,0.00037740838269066136,0.4763128291835332,5.3420441103355624e-05,0.0006569503857035052,6.699026366948397e-08,4.324756953736025e-08,3.0161853461774305e-06,5.67078123136258e-05,2.318253250331124e-06,1.6598699136482335e-06,1.1416238308698809e-06,0.015357298047582055,2.4024272761424654e-09,1.3169203954790776e-09,8.283051879811784e-06,5.369715869171272e-07,1.2473032278793237e-08,0.00013508281582137188
15,0.55265558003217,2.239244121712532e-05,1.4537831417545885e-06,1.9186283763563068e-05,0.005663885035405286,8.834354370423726e-07,2.6291834678568713e-06,0.00048395873414678475,0.435138554475268,6.900118357522522e-05,0.0003173263068982607,9.38722282399881e-08,3.1330461675404135e-08,2.0232999033797206e-06,3.220722685056598e-05,1.5546040604608963e-06,1.950309165899707e-06,4.003915507216503e-07,0.005464792821494768,1.3437538494677329e-09,1.0946702508251983e-09,6.1054053511301894e-06,4.952523543384245e-07,1.6778166055237533e-08,0.00011547537549770203
16,0.6976993138389389,1.4124323667332684e-05,2.1122087074332288e-06,2.8952049171700633e-05,0.006006148321535103,1.0294422607182617e-06,3.923411271128335e-06,0.0005556490628525855,0.2893618716758661,7.153477626810592e-05,0.0005149175606506863,1.6866465255220094e-07,5.663032665236098e-08,4.364942898245199e-06,3.780028287292294e-05,3.7133770791877693e-06,2.7096382021782112e-06,9.955537981724372e-07,0.005605082167733261,2.7039479017400874e-09,2.3921946351788284e-09,5.496221701313937e-06,7.005844549873495e-07,2.3424186767893377e-08,7.930674476163552e-05
17,0.6652086121933004,1.345332001284767e-05,1.7042169380067785e-06,1.8018298233283514e-05,0.00565263231101393,4.762579313710107e-07,4.043833948544973e-06,0.00040535001463048347,0.3253635307890273,5.7065843226880915e-05,0.0003525210480264662,1.3810471906869635e-07,2.9891891070130214e-08,2.7926415747335864e-06,2.2600212531683347e-05,1.2216920461458115e-06,2.0967051141040393e-06,2.3235226520941185e-07,0.0027548649735169932,1.2919993696091923e-09,1.0531947057132842e-09,5.608810742698909e-06,4.244386588648518e-07,1.5320797028544302e-08,0.0001325643846588839
18,0.6474205709676758,2.5421880558886186e-05,1.1384600089392596e-06,1.4254317408244834e-05,0.005380768874774399,5.817136953732607e-07,2.929066889060615e-06,0.0002551733913836151,0.341575096042518,5.717527138141225e-05,0.00028250583857411765,7.3220221724847e-08,1.845436134320997e-08,1.8818074774300239e-06,2.277298711060042e-05,7.167068978116522e-07,3.407173641398054e-06,2.613499463118734e-07,0.004720751679579307,9.975347375520998e-10,8.758806869639543e-10,8.824191081912761e-06,4.825239650158386e-07,1.675156402846147e-08,0.00022517545586970972
19,0.5112063240535727,1.2892552957304538e-05,1.4453864732789694e-06,1.7303928558306194e-05,0.00483466369746207,8.451309454840566e-07,3.746946714777224e-06,0.0006820852277069324,0.47877768317216285,0.00010610782878918803,0.00022370744535895972,1.1122234632338458e-07,4.0111847675155546e-08,1.2606377641413023e-06,1.95184313933671e-05,1.3905283460745706e-06,1.973564605139804e-06,2.253715978556799e-07,0.003997581725957052,1.2328059200902523e-09,7.05871427888972e-10,6.67104524700624e-06,3.112991235036339e-07,1.8369464577029164e-08,0.00010409038292801935
20,0.39525648189249324,5.26367618691559e-05,1.5329624958510057e-06,2.7981681963869577e-05,0.004728722554423344,1.468503781373344e-06,2.357192939715432e-06,0.0009484193553983684,0.5924433928923633,7.511567443626308e-05,0.00044908357183561914,1.8536172961890888e-07,3.173488605390088e-08,2.0900675717972756e-06,8.151010082109027e-05,1.9636622504180544e-06,2.1582309127128962e-06,6.95872225773956e-07,0.005757128413626728,1.6821156578214038e-09,1.9916619648185626e-09,1.4175485743285047e-05,6.452416432800877e-07,1.7264609770985327e-08,0.00015220184620167327
21,0.6404914138611842,1.8997144433078044e-05,1.8130363559371082e-06,2.6631129519580824e-05,0.006364110419986387,7.988897211973946e-07,2.593400407184978e-06,0.00041837132917026945,0.34730263480892937,6.261905514739523e-05,0.0005066939247455513,1.3486201682580285e-07,3.539792711890628e-08,3.896864892257448e-06,3.877733749302137e-05,2.1538856709561585e-06,1.7543710407040327e-06,5.512543261125626e-07,0.00464053220191292,2.0227594623924324e-09,1.578768678041456e-09,4.804340858362052e-06,6.375870364181533e-07,1.5161103671313784e-08,0.00011002613459322606
22,0.6171475688321494,1.581005182044937e-05,1.8251373642878948e-06,2.682449216705021e-05,0.0061407901982111785,7.833803413925268e-07,2.705332321335974e-06,0.0005173786340871989,0.37046858098379076,9.137011470809799e-05,0.0005562927205880809,1.1062040796895226e-07,4.2913717420603794e-08,2.476850325337443e-06,3.37754859843806e-05,1.996622813349398e-06,2.9454159262580233e-06,6.568125611283935e-07,0.0048785846302592355,2.484635815862561e-09,1.636928292078557e-09,6.042396477208066e-06,6.280652729036736e-07,1.5933812624293668e-08,0.00010279025332874386
23,0.55265558003217,2.239244121712532e-05,1.4537831417545885e-06,1.9186283763563068e-05,0.005663885035405286,8.834354370423726e-07,2.6291834678568713e-06,0.00048395873414678475,0.435138554475268,6.900118357522522e-05,0.0003173263068982607,9.38722282399881e-08,3.1330461675404135e-08,2.0232999033797206e-06,3.220722685056598e-05,1.5546040604608963e-06,1.950309165899707e-06,4.003915507216503e-07,0.005464792821494768,1.3437538494677329e-09,1.0946702508251983e-09,6.1054053511301894e-06,4.952523543384245e-07,1.6778166055237533e-08,0.00011547537549770203
24,0.5837655236470343,2.9066891789140824e-05,1.4830832606828279e-06,2.6983604930265757e-05,0.007097679411232278,9.236644600027328e-07,2.3423004733314486e-06,0.0004270990258134383,0.4025576448333885,6.727020652719347e-05,0.00040599326292357663,1.0346502940477581e-07,3.381589703225366e-08,2.5218260310160236e-06,3.2123467397833196e-05,1.5261085924859906e-06,1.7927288343601595e-06,4.5575180466268525e-07,0.005440864620456019,1.6635261558276507e-09,1.038851539213127e-09,6.667409889954941e-06,4.778932175768171e-07,1.437737495030969e-08,0.00013140590126430228
25,0.6872581762661852,8.084265530603152e-06,1.8392196484005757e-06,2.0598839898999574e-05,0.005494780349729455,3.6684025492061225e-07,4.051354737696446e-06,0.0006629005786227747,0.3034101087166091,9.6810664501195e-05,0.0005912553197500193,1.3922495861323794e-07,5.133480280174731e-08,2.803446469687532e-06,2.63200524204147e-05,1.2730874946817915e-06,2.0513374315781327e-06,3.07714294958993e-07,0.002315684043806774,2.5162206048738135e-09,8.51441855334975e-10,3.974879158990259e-06,4.0813294004380326e-07,1.445528535865274e-08,9.79965078052359e-05
26,0.5403552076552925,1.3484789219433224e-05,1.0520035425113095e-06,1.184507088447935e-05,0.004240578100575984,7.899479850255963e-07,2.1201499831013098e-06,0.00036805458973499785,0.4494092060707193,6.342976305640606e-05,0.00014809110940049177,4.361882487331554e-08,3.0926415871087517e-08,9.301472675044284e-07,1.627921963390664e-05,1.1671351506118204e-06,1.950511679684397e-06,3.2790585275398205e-07,0.005284553201072382,1.0484602253669071e-09,8.315087406037172e-10,3.6180943539813905e-06,5.239309746817152e-07,1.943436819864359e-08,7.669474404215026e-05
27,0.6460266883603897,1.537174005072426e-05,1.6863271894584787e-06,1.811408956863506e-05,0.006164133648157997,7.793814335801485e-07,2.919895628344907e-06,0.0004222577121870345,0.34130333786583134,6.96111570819228e-05,0.0003182166568569024,8.709022988920392e-08,4.0280479094264084e-08,2.50187378001394e-06,2.6410842696294194e-05,1.827581478355326e-06,2.1365704829484523e-06,4.661167694225859e-07,0.005527779767637948,1.6433816581984285e-09,1.260100822703971e-09,4.329613962983049e-06,5.418157224916703e-07,2.0215992595834684e-08,9.073849290986067e-05
28,0.55265558003217,2.239244121712532e-05,1.4537831417545885e-06,1.9186283763563068e-05,0.005663885035405286,8.834354370423726e-07,2.6291834678568713e-06,0.00048395873414678475,0.435138554475268,6.900118357522522e-05,0.0003173263068982607,9.38722282399881e-08,3.1330461675404135e-08,2.0232999033797206e-06,3.220722685056598e-05,1.5546040604608963e-06,1.950309165899707e-06,4.003915507216503e-07,0.005464792821494768,1.3437538494677329e-09,1.0946702508251983e-09,6.1054053511301894e-06,4.952523543384245e-07,1.6778166055237533e-08,0.00011547537549770203
29,0.55265558003217,2.239244121712532e-05,1.4537831417545885e-06,1.9186283763563068e-05,0.005663885035405286,8.834354370423726e-07,2.6291834678568713e-06,0.00048395873414678475,0.435138554475268,6.900118357522522e-05,0.0003173263068982607,9.38722282399881e-08,3.1330461675404135e-08,2.0232999033797206e-06,3.220722685056598e-05,1.5546040604608963e-06,1.950309165899707e-06,4.003915507216503e-07,0.005464792821494768,1.3437538494677329e-09,1.0946702508251983e-09,6.1054053511301894e-06,4.952523543384245e-07,1.6778166055237533e-08,0.00011547537549770203
30,0.55265558003217,2.239244121712532e-05,1.4537831417545885e-06,1.9186283763563068e-05,0.005663885035405286,8.834354370423726e-07,2.6291834678568713e-06,0.00048395873414678475,0.435138554475268,6.900118357522522e-05,0.0003173263068982607,9.38722282399881e-08,3.1330461675404135e-08,2.0232999033797206e-06,3.220722685056598e-05,1.5546040604608963e-06,1.950309165899707e-06,4.003915507216503e-07,0.005464792821494768,1.3437538494677329e-09,1.0946702508251983e-09,6.1054053511301894e-06,4.952523543384245e-07,1.6778166055237533e-08,0.00011547537549770203
31,0.6510355088956052,1.7196444911543868e-05,1.979219885573838e-06,1.459006511663756e-05,0.004094706934028229,5.595673861584306e-07,2.0879812290463964e-06,0.0009009164006858617,0.3370306132732533,5.8200571650565275e-05,0.00021487551200330646,8.523846547237596e-08,6.000364566219628e-08,1.319069935388466e-06,2.3836122329432828e-05,1.8486654879333825e-06,2.180852117458636e-06,3.6872398691600413e-07,0.006533841278303451,1.3944385088441303e-09,9.765708420700632e-10,4.736879924394674e-06,3.111336248247402e-07,2.01918751031096e-08,6.015460353923204e-05
32,0.5618060491249088,2.552329653266153e-05,1.5176726488271783e-06,1.8604245438894442e-05,0.00577352071883212,9.316306062058562e-07,2.4025441509262235e-06,0.0004797942825890519,0.424760574782195,6.600111314427008e-05,0.00028917161942345823,8.695387751029353e-08,3.3761873129273564e-08,1.9183963650227555e-06,3.0996487686431406e-05,1.6271093921319773e-06,2.0395368190831477e-06,4.227689663865682e-07,0.006620554798864954,1.3156244713946545e-09,1.0883876529327501e-09,6.293764294211696e-06,4.762201441733038e-07,1.792143106647448e-08,0.00011143884580368306
33,0.696596907943194,3.2954454642963044e-05,1.3920879966553266e-06,2.2075524125326254e-05,0.0042830793187030045,1.3261443406625102e-06,2.6807531572501437e-06,0.0005647312733809042,0.28499501776570985,5.46722874799836e-05,0.000162181083863129,8.831025223224536e-08,5.4122369665399505e-08,1.6990262877562017e-06,2.087670751497727e-05,2.838031535779057e-06,3.2086734216641733e-06,6.800104980384096e-07,0.013162383960412416,1.0494145771173007e-09,1.0649558421631347e-09,1.0221437959787562e-05,3.6224335765892683e-07,3.332028692465183e-08,8.05334051391256e-05
34,0.0008461791046127973,0.00020239866718597816,2.137151537475008e-07,6.34481386624217e-05,0.0008587502130431303,0.00032927268553927343,2.9931143399040162e-05,0.0006688611229219978,0.9943004380217078,0.00011477341179678213,9.326231862491983e-05,7.436504275656527e-06,2.1942889267797593e-09,6.661968711907881e-07,0.0005671141066058529,5.2465089500263835e-06,1.4435352112645288e-06,1.7760013520882916e-06,0.00028761954751959035,1.6577767768382468e-09,4.127166345272076e-08,0.0006639178855153219,6.644380500244306e-06,4.709633581888966e-08,0.0009505145704859485
35,0.8173359884182467,1.6398823955479825e-05,7.096533317485295e-06,5.6891994304165764e-05,0.04191302202886548,3.881413145497032e-06,2.186626795424424e-05,0.00012239514706387778,0.13049715501254003,0.00030676043239148205,0.0028528109993188415,8.980674483603271e-07,1.2472512463679958e-07,0.00036086877193200684,0.00018013848117094758,8.630770179082569e-06,7.776193311166246e-06,6.5471884369587275e-06,0.005483958553497626,3.5498260669479107e-08,3.500843285227675e-08,3.0769106132207575e-06,1.9962875432710684e-05,2.971010879267081e-07,0.0007933827839685429
36,0.6148993707835456,1.9767007376481162e-05,1.3297781768358745e-06,2.2711482853676476e-05,0.0034640414286924138,7.804348394213825e-07,4.902743926726535e-06,0.0009135451060677039,0.3755483683157515,6.344824263642223e-05,0.00034383005100953784,2.464386912611168e-07,3.679338940068727e-08,2.126361885153599e-06,3.206759558734387e-05,2.044391562579808e-06,3.4079698887105855e-06,4.5434994665951023e-07,0.00453274426225871,1.1563185239583647e-09,1.0187254605653334e-09,1.6224571557538575e-05,3.0794695947697053e-07,1.8326115737578524e-08,0.00012822344223715248
37,0.8201569441019128,1.1302263432946768e-05,1.5991355714891025e-06,1.577213347662314e-05,0.005388784389901324,5.853693216561818e-07,3.4265830741949147e-06,0.00021096049095867608,0.16864798514779286,4.9564798903377136e-05,0.00025198925442707776,8.49389255536879e-08,3.878115889301634e-08,4.487934646418165e-06,1.8610204088675487e-05,1.8707947028321785e-06,2.4305323460071156e-06,4.810140233075226e-07,0.005138762416472663,1.5044925424126575e-09,1.4669776410197568e-09,3.230951516751216e-06,6.476888475718746e-07,2.997639798481272e-08,9.040812663003608e-05
38,0.5630135125642752,2.240085910158618e-05,1.5759289314154979e-06,2.332266019869978e-05,0.005200162810279839,1.6484916978383174e-06,3.7796204849124594e-06,0.00055715403322887,0.42290128415162004,7.242176825446763e-05,0.0003106635356279343,1.2485146752010495e-07,4.30559621367728e-08,2.594519789068515e-06,4.054066039845756e-05,3.3042159881145083e-06,2.363790901108861e-06,7.924715611076565e-07,0.007740077836103927,1.4979568541576603e-09,1.9496481230526874e-09,7.1924602656118055e-06,7.253689284791087e-07,2.6830043596505625e-08,9.428406728506285e-05
39,0.42954884259781767,3.3173971913595316e-05,1.7761967886511414e-06,1.994497422552204e-05,0.0037807936157707497,1.7945511201833802e-06,1.952787602784629e-06,0.000868744857865273,0.5559462023519804,4.645276325022476e-05,0.00017060011183244093,1.130408164637515e-07,3.682670594240945e-08,9.861782358296778e-07,3.317976082865477e-05,3.452817485579949e-06,2.6179644562183935e-06,5.943198002111776e-07,0.009462463414450761,9.691300283713274e-10,2.278179195261069e-09,1.0399698295077655e-05,4.433387880523774e-07,1.8907033852651895e-08,6.54117056264123e-05
40,0.5583046162428561,2.2566163142941644e-05,1.4805995860020511e-06,1.896782526015522e-05,0.005786023620816209,8.615113872343797e-07,2.622284519358965e-06,0.000474793672136601,0.42937510827404307,6.799774675560182e-05,0.00032132246741639435,9.450605080666485e-08,3.117144286174921e-08,2.085449596682492e-06,3.224705669948401e-05,1.5331341722410836e-06,1.9431120725012595e-06,3.937942700047664e-07,0.005461729793440132,1.343384059662983e-09,1.0933649241308366e-09,6.053957101713948e-06,4.910787103062043e-07,1.6659004185081574e-08,0.00011701744277037712
41,0.3796755002865545,4.059083146432388e-05,1.4734645793725792e-06,2.3040030074473083e-05,0.009822798849508187,8.786105070000437e-07,9.639825463301802e-07,0.0005562855054134158,0.6017401013152308,4.963261410352151e-05,0.00042699116133543876,5.402548604537328e-08,3.27793158303023e-08,1.6818631757417466e-06,4.425423752248307e-05,1.7340294212158332e-06,6.794976785907848e-07,4.81120135787233e-07,0.007547696069156438,1.5879896771486431e-09,6.962320962570185e-10,3.3257679122042383e-06,3.130153741870752e-07,6.639557105830655e-09,6.148201972519941e-05
42,0.31993205050361984,6.209679305353546e-05,1.3474146508780869e-06,2.0398276728337514e-05,0.0029846165026681144,1.5030635085192488e-06,1.1543116006665601e-06,0.0011570997535561116,0.6638375072025771,3.444427476798974e-05,0.0001290667521350193,8.075460768815956e-08,2.541032588752669e-08,4.3096594001451067e-07,2.8603258385089424e-05,2.54701620018401e-06,2.1196612506455594e-06,3.667117919752554e-07,0.011724040034456821,5.300094018914791e-10,1.015889286216617e-09,1.7775981470074566e-05,1.8745824948715783e-07,1.041221041568242e-08,6.252594034697927e-05
43,0.6041125345469304,2.4372022166159194e-05,1.4202564977326871e-06,1.8720559756420808e-05,0.006188976761293785,6.697523483461951e-07,2.67961196932789e-06,0.00037448448229050074,0.3837090596520168,5.629713700262387e-05,0.00039064229742426774,9.239505633771833e-08,2.6460808916415837e-08,2.73879692964534e-06,3.319291824561483e-05,1.283810077270983e-06,1.6888209081434227e-06,3.61064003023615e-07,0.004933781130586934,1.3029756671751874e-09,8.729459428189849e-10,5.47789178617047e-06,4.866273188021185e-07,1.4533946806795563e-08,0.00014099629471439804
44,0.55265558003217,2.239244121712532e-05,1.4537831417545885e-06,1.9186283763563068e-05,0.005663885035405286,8.834354370423726e-07,2.6291834678568713e-06,0.00048395873414678475,0.435138554475268,6.900118357522522e-05,0.0003173263068982607,9.38722282399881e-08,3.1330461675404135e-08,2.0232999033797206e-06,3.220722685056598e-05,1.5546040604608963e-06,1.950309165899707e-06,4.003915507216503e-07,0.005464792821494768,1.3437538494677329e-09,1.0946702508251983e-09,6.1054053511301894e-06,4.952523543384245e-07,1.6778166055237533e-08,0.00011547537549770203
45,0.4978620151160279,1.741274876584448e-05,1.4825329174119437e-06,1.7138788309214263e-05,0.004094938734008478,1.2162564656917983e-06,4.540014174325452e-06,0.0013712357305731484,0.489261392680877,8.897771282026207e-05,0.00021279405423713755,1.2199453967970143e-07,5.99616222844422e-08,1.326295034620701e-06,3.5206361467018394e-05,2.8653714094891464e-06,2.1792671800392265e-06,5.428336917024612e-07,0.006953053563690018,1.3460798947169086e-09,1.0678251218116356e-09,8.058665923499059e-06,3.3307892848882556e-07,2.749958412938123e-08,6.307832384764194e-05
46,0.5814669654735722,2.0491643778725056e-05,1.412847932791462e-06,1.9509219071418794e-05,0.00515073447713854,8.752833562072432e-07,2.6579059306310795e-06,0.0004957153214857011,0.40689344333305744,6.885408859579674e-05,0.00028725040964505666,9.423309905030765e-08,3.298288568633253e-08,1.7863528205637664e-06,2.7344172472538948e-05,1.5637059637251029e-06,2.2664292547193203e-06,3.8770533484815917e-07,0.005441132447712964,1.2955902006726169e-09,1.0926355753734372e-09,6.597205589377329e-06,4.610750935624236e-07,1.735076672216303e-08,0.00011040394721588191
47,0.7519538898296043,1.1498681798554702e-05,1.3346958341640227e-06,1.6161732034976344e-05,0.0027834878987434255,6.147427645260334e-07,2.760580172367891e-06,0.0005066151575983645,0.23856562592147182,4.51025997871164e-05,0.00011675114770864487,7.997444179790461e-08,4.210962844336177e-08,1.0244855947765532e-06,1.006379614438301e-05,2.0303194837519932e-06,2.9287763539194986e-06,2.630951233546587e-07,0.0059139446662300945,7.076217191817422e-10,8.236100526853119e-10,6.4601439503262e-06,2.485920535801211e-07,2.2163919591990552e-08,5.904735832582943e-05
48,0.6578399786474538,2.1961735650692586e-05,1.209060336162941e-06,1.2810447491478115e-05,0.0033818338571249052,1.0802649448202461e-06,2.4028189840478175e-06,0.0006372625441650357,0.32571256833652096,7.254357551767884e-05,9.767223705683878e-05,5.332575193105936e-08,4.986364859838528e-08,7.991611435944934e-07,1.4556899246640909e-05,1.7095480895501195e-06,3.7591913005193304e-06,3.8149072529761704e-07,0.012114045889348073,8.218703260712648e-10,7.686818081957368e-10,8.174463549060605e-06,2.9680164263009223e-07,3.616319011997065e-08,7.481208656520737e-05
49,0.45224651349907896,3.078550127232377e-05,1.5327764202776567e-06,2.1227250935172806e-05,0.005070696861916116,1.1912035438945089e-06,2.5794674131618344e-06,0.0006727756336345972,0.5355574359970446,6.882617534265294e-05,0.0002671585701024923,1.227187711484613e-07,3.1657797691254194e-08,1.3955742867414587e-06,3.265094870827312e-05,1.7190285132016544e-06,2.1088881064804346e-06,3.6391494302223574e-07,0.005889315174725342,1.17751034846261e-09,1.1374887837381906e-09,1.034639992200773e-05,3.8551838351726215e-07,1.5695406973946755e-08,0.00012081922873207492
50,0.5944736308489783,1.7642751568002364e-05,1.4673978689815888e-06,1.789476321336879e-05,0.005471599155527755,7.693783341957412e-07,2.966727399395699e-06,0.0004947275728595098,0.39396023301047267,7.530172869283658e-05,0.0003056833963408269,9.401499730260848e-08,3.4465011257526026e-08,2.072818814724374e-06,2.8301362663068263e-05,1.4891874250148058e-06,2.0036698804547012e-06,3.5905051274836285e-07,0.005027426122593781,1.378492599016987e-09,9.7720651896378e-10,5.488727695097864e-06,4.578489464328342e-07,1.8202178204609742e-08,0.0001103354423270464
51,0.3916821180405909,8.651789076171368e-05,1.2745019600893537e-06,3.79591538755467e-05,0.005245350645038555,1.3957333520597477e-06,1.8367061065160807e-06,0.0007381192951834608,0.595124228006662,5.377835576907171e-05,0.0004436632239503256,1.3694789509671145e-07,2.3808643588986696e-08,1.907569021658826e-06,6.966340792453833e-05,1.647242529281104e-06,1.699187963595458e-06,5.638305680450792e-07,0.006310069022271531,1.3110511519041513e-09,1.3111440962861517e-09,1.6065257835880714e-05,4.962293578218036e-07,1.1597858933420567e-08,0.00018147172268477213
52,0.5846440906888372,2.4661486444362513e-05,1.6406441967560775e-06,1.707747039338856e-05,0.005554253673091749,6.657526496375074e-07,2.707490355143018e-06,0.0003755737605387201,0.4039135786549834,4.881374228369728e-05,0.0002918462170234622,8.443126233072115e-08,2.4547318261859763e-08,1.977882068649918e-06,2.681380980982401e-05,1.3599538350725683e-06,2.18049991581972e-06,2.8703580947433406e-07,0.004951816213466019,1.0214697632375013e-09,1.1219808185300324e-09,6.320232803359362e-06,4.858992721968573e-07,1.5421406524579065e-08,0.00013372234878438383
53,0.5538082492755424,3.240627836852991e-05,1.4151685082869012e-06,1.7285006539615042e-05,0.005493960892466784,9.346400517442287e-07,1.8176613559123435e-06,0.0005418466333188789,0.43129957343255315,6.187407487347898e-05,0.00023873418074702552,7.725832576578554e-08,3.219850715752458e-08,1.512651636995248e-06,3.0256188043977887e-05,1.4761615039343597e-06,1.9461958604227464e-06,3.6449636339243603e-07,0.008352364386691366,1.0554534527123041e-09,8.814087471664827e-10,7.112036551250611e-06,3.488195785455543e-07,1.6236017955018524e-08,0.0001063941897313517
54,0.6639197284914897,4.834158486597162e-06,1.9847132960997705e-06,1.95198979912994e-05,0.005189738847293927,6.881932452692091e-07,2.154873724408343e-06,0.0006506477878954025,0.3255274218751592,0.00010095434189536844,0.0003399978589831154,8.431452264212735e-08,8.867586878570818e-08,1.5964551868198368e-06,1.6666313116010878e-05,2.604273646198114e-06,2.2006803093094177e-06,6.855611067971325e-07,0.004182700472471615,3.2169287129687304e-09,1.5007930735106155e-09,2.1133227368677938e-06,5.540809130276272e-07,1.785053336459935e-08,3.301224240630134e-05
55,0.6318114185106495,4.8379534072102575e-05,1.976729014981999e-06,2.5557401715106827e-05,0.008755536378680234,8.107694670657267e-07,1.6396377828520931e-06,0.00028304580576404793,0.34917656985136675,7.335917387605308e-05,0.00048312035042336114,4.0232842427056915e-08,2.3353477563410593e-08,2.6682561502316846e-06,4.5297978882278183e-05,1.2126736453827812e-06,2.8792641415730952e-06,4.053576086518634e-07,0.009092530857315624,1.5445892914743869e-09,1.7537564177308843e-09,5.6645952347562e-06,8.097990020214382e-07,1.7172567517304215e-08,0.00018703301797444504
56,0.5601690684392436,2.1243500604768698e-05,1.5225091703705719e-06,1.9500446065904618e-05,0.00552694846356631,9.314889621702337e-07,2.742870426513839e-06,0.0005317392646965885,0.42752781051026695,7.392788108359767e-05,0.0003002856817146377,9.835092897351659e-08,3.698201350723695e-08,1.9548781439890394e-06,3.055161653237853e-05,1.684644254546664e-06,2.046818853986161e-06,4.1532795969384837e-07,0.005672692847976346,1.450062473850042e-09,1.1153493078183576e-09,6.128304331550038e-06,4.877956508341699e-07,1.857387329547606e-08,0.0001081602382675403
57,0.5002966023376209,1.926576352767923e-05,2.337308232701934e-06,1.3724031515304893e-05,0.0064660325144675805,8.31764999837897e-07,2.5083217607938667e-06,0.0005656913298202608,0.48628481405918483,7.321043782843633e-05,0.00024466443768057257,1.135721856255285e-07,3.856591078329644e-08,1.5587330435406161e-06,2.4398909807948234e-05,1.7043262410423139e-06,2.120742886305874e-06,2.59546584605856e-07,0.00589564045635197,1.2880518256460509e-09,1.163109362541675e-09,6.209667177830144e-06,3.4589292940486636e-07,1.686721566922336e-08,9.79079618652051e-05
58,0.5741821706198088,2.1449013302035516e-05,1.4728595389124208e-06,1.775566244155372e-05,0.005267967061852994,9.972799705837045e-07,2.776619763697882e-06,0.0005266897667339414,0.4132091971540251,7.863836335788873e-05,0.00025526735448260434,9.341206775830336e-08,3.945472223308604e-08,1.9062926526119376e-06,2.9652751981691573e-05,1.6756576578738324e-06,2.1503383867591297e-06,4.3683284720150483e-07,0.0062866086566062546,1.4001538455931177e-09,1.1235855027109402e-09,6.1217437169746604e-06,5.183598661887047e-07,2.3108222656389573e-08,0.00010638911225434009
59,0.5827649332346643,2.0678429694085253e-05,1.65187329889101e-06,1.7622339340475195e-05,0.005464077452052494,8.924009115956316e-07,2.757462379343418e-06,0.0005325537922045418,0.40467822338449305,7.36904598874453e-05,0.0002662370290987395,9.464471251363225e-08,4.03382043947445e-08,1.9279848435647213e-06,2.8524960236586188e-05,1.7091345818698792e-06,2.164786929056009e-06,4.0721670316445274e-07,0.006033072735763799,1.4503447137650251e-09,1.1550143189365331e-09,5.8611525687910015e-06,4.918805299994943e-07,2.1641681099815898e-08,0.0001023630598613029
60,0.55265558003217,2.239244121712532e-05,1.4537831417545885e-06,1.9186283763563068e-05,0.005663885035405286,8.834354370423726e-07,2.6291834678568713e-06,0.00048395873414678475,0.435138554475268,6.900118357522522e-05,0.0003173263068982607,9.38722282399881e-08,3.1330461675404135e-08,2.0232999033797206e-06,3.220722685056598e-05,1.5546040604608963e-06,1.950309165899707e-06,4.003915507216503e-07,0.005464792821494768,1.3437538494677329e-09,1.0946702508251983e-09,6.1054053511301894e-06,4.952523543384245e-07,1.6778166055237533e-08,0.00011547537549770203
61,0.5726898343128285,2.051485439368062e-05,1.6238381186675422e-06,1.6956807519939207e-05,0.005636775934417221,8.642765608313759e-07,2.670721939255122e-06,0.00048651774722181584,0.41484051676999156,7.118015751529061e-05,0.00027524749612478324,9.2364377868596e-08,3.610333753876404e-08,1.948663842662973e-06,2.8715893868636585e-05,1.6031384388800283e-06,2.077066632470937e-06,3.786856544968505e-07,0.005809097911646331,1.3743282908129825e-09,1.1350358370036833e-09,5.671476958913946e-06,4.931242376548541e-07,1.970093486672341e-08,0.00010716044407397629
62,0.55265558003217,2.239244121712532e-05,1.4537831417545885e-06,1.9186283763563068e-05,0.005663885035405286,8.834354370423726e-07,2.6291834678568713e-06,0.00048395873414678475,0.435138554475268,6.900118357522522e-05,0.0003173263068982607,9.38722282399881e-08,3.1330461675404135e-08,2.0232999033797206e-06,3.220722685056598e-05,1.5546040604608963e-06,1.950309165899707e-06,4.003915507216503e-07,0.005464792821494768,1.3437538494677329e-09,1.0946702508251983e-09,6.1054053511301894e-06,4.952523543384245e-07,1.6778166055237533e-08,0.00011547537549770203
63,0.5114550457792018,3.1114343910351485e-05,1.409372278704669e-06,2.0265148508663683e-05,0.005776995586894991,1.0139293767525047e-06,2.375278950063167e-06,0.00047976252300654053,0.4755507044968539,6.39280744768425e-05,0.0003135779621909574,9.020871038327564e-08,2.882761088312499e-08,1.888649848066108e-06,3.6478326479229995e-05,1.5250486718285815e-06,1.930465648694999e-06,4.259906540168158e-07,0.0061245286857871135,1.285847839157e-09,1.145214134845861e-09,7.198915033200955e-06,5.179766082330094e-07,1.623695586014407e-08,0.00012917574128107999
64,0.5436961062368072,2.3336742085655344e-05,1.82141854711456e-06,1.94807839884393e-05,0.005898537534080425,9.40255020303636e-07,2.5295898641307992e-06,0.0004659292768690508,0.44395383381011994,6.501070128237355e-05,0.0003244724315810842,1.059966273937438e-07,3.1687913245329244e-08,2.1568187468425092e-06,3.426251571743762e-05,1.7636471894493382e-06,2.2679654551115727e-06,4.1347948335576665e-07,0.005382760857501005,1.4468092141498629e-09,1.6840549309810821e-09,6.2822013652051475e-06,6.06905069664225e-07,1.76161806303663e-08,0.00011732839764077533
65,0.45663764259066325,6.8798444182981e-05,1.681127948174853e-06,2.642592619513467e-05,0.006653620403349871,1.9459208690212877e-06,2.7405701460550626e-06,0.0003414604010507827,0.527945394623181,4.905268365366704e-05,0.0003356631375162763,1.2147721923290663e-07,2.36134301289489e-08,3.0755101405496015e-06,5.9597330023296735e-05,2.1137370199311928e-06,2.8399822044078796e-06,8.541957902923899e-07,0.007625280813133634,1.5732496924795427e-09,3.222563000716386e-09,1.1546548737975848e-05,1.3077277927985227e-06,2.5484663097493788e-08,0.00022878295527572592
66,0.7014217645722871,6.175118311705115e-06,1.883487498467247e-06,1.1799093671747076e-05,0.0071161377803316255,4.5865885873185133e-07,3.225102859081959e-06,0.0003496742455287469,0.28638926029039624,7.354960683718303e-05,0.00020297506359117116,5.5621264132517216e-08,5.1587649736084306e-08,1.5370034484198993e-06,9.485310904046263e-06,1.4144347633118783e-06,1.8759422758799845e-06,2.0429262574496363e-07,0.004349638515295827,1.4495286227407047e-09,6.347632610036659e-10,2.3068884591270016e-06,2.6955947147543517e-07,1.6817405403540546e-08,5.623892197331261e-05
67,0.4232497116758516,9.238246214305796e-05,1.3686740094779252e-06,3.377845188616586e-05,0.005286149948561779,4.000501607905002e-06,3.7427749750973274e-06,0.00030524518754488007,0.5607068377443507,6.043894173053967e-05,0.0003472386984874851,1.495942981435108e-07,2.3095802511886978e-08,3.663517129216997e-06,7.793765810309961e-05,2.5073025309318004e-06,4.571517268956057e-06,1.4258650920732213e-06,0.009408745659481256,1.872224023269612e-09,4.867162839366686e-09,1.8263796869467904e-05,2.5962117543821456e-06,4.172216213634296e-08,0.0003891722589723148
68,0.45584700049288746,2.3893868125091202e-05,1.3867479798733698e-06,2.3919024749784205e-05,0.005243292373820226,1.492119758720989e-06,3.5662476415166894e-06,0.0008103796225462449,0.5328543331285925,8.715762633636936e-05,0.0004061781574477947,1.6607616136764765e-07,3.597327189393408e-08,2.190195880070372e-06,5.371469870945625e-05,1.937900544424147e-06,2.069408728535133e-06,6.646850837208877e-07,0.004506044168758014,1.891463588493831e-09,1.7459553654449905e-09,8.741345508676782e-06,6.181935218757182e-07,1.8691932683607345e-08,0.0001211956145948111
69,0.3834741459898907,2.3648035201244322e-05,1.1348311946693625e-06,2.593116585418994e-05,0.005817391601963239,9.1268523593648e-07,2.2293746623732734e-06,0.0004741956696739912,0.6063016158985234,7.935069240420983e-05,0.0007732131889630349,1.1519892548120867e-07,2.1471792371860323e-08,2.009413941942035e-06,6.169854103742568e-05,1.061082903341481e-06,1.809557990173873e-06,5.888647672079763e-07,0.002788881233573826,2.250583132972183e-09,1.5572986669311656e-09,6.890321912016268e-06,8.551988805439028e-07,8.388752023575387e-09,0.00016228778407474182
70,0.4376555811941338,2.1086669868508906e-05,1.4941425587800138e-06,2.4592959382307316e-05,0.005865080865164673,1.0820086313561463e-06,2.701628093765402e-06,0.0005090227284295894,0.551158392147157,6.837841368047722e-05,0.0003740284733502476,1.0625774117855779e-07,2.7841360136164047e-08,1.880374473517241e-06,3.419991015199999e-05,1.8157665076607755e-06,1.4437270953563304e-06,3.885162200023415e-07,0.004162370867794041,1.486661368815623e-09,1.167676117757887e-09,5.759096957617706e-06,5.197317207125957e-07,1.211268095585136e-08,0.00011003191250906025
71,0.6223263920430773,7.665534772328678e-06,1.2679911090799868e-06,1.3530305675110492e-05,0.005134242795579321,6.042170280846316e-07,5.372589204834381e-06,0.000512741119788506,0.3683523630752006,9.125605995093284e-05,0.00022523592050195388,8.63825332776373e-08,3.9044085156096545e-08,1.6831734193960329e-06,1.6845855796240777e-05,1.2813715641285801e-06,1.8830754727974934e-06,2.283474999618116e-07,0.003213642709988972,1.2787870690280755e-09,6.61464064165341e-10,4.015645928405954e-06,3.4575093945850555e-07,2.062537556798732e-08,8.925442525746655e-05
