,0,1,2,3,4,5,6,7,8,9,10,11,12,13,14,15,16,17,18,19,20,21,22,23,24
0,0.603064200355835,1.714373017143545e-05,1.3454767819644353e-06,1.7306542785249547e-05,0.00421776902607454,8.003933487967066e-07,1.636300241872132e-06,0.0006722873164567141,0.3836267319413253,6.579935449478293e-05,0.00016391014359832406,5.8295350483862455e-08,4.9186659700226675e-08,9.981543993322782e-07,1.8011382935026517e-05,1.9020182169410474e-06,1.9053485307208687e-06,3.587066572483328e-07,0.008067970692145656,1.1223291473472631e-09,7.555430832710412e-10,4.547766662390545e-06,2.9233459325863697e-07,1.7517878347600192e-08,5.495613698474794e-05
1,0.824602748263472,6.833763320231254e-05,1.158435695097921e-06,4.040183340242072e-05,0.004763370777492572,1.148964952226417e-06,5.753137061477233e-06,0.0005925259110794917,0.1626750747453027,5.971917876706637e-05,0.000652013776407468,3.1479846120893647e-07,4.3153958266022354e-08,1.116217086405286e-05,8.914968054613985e-05,1.6956743848629842e-06,4.782873256612825e-06,1.6053615837914104e-06,0.006053089891892532,2.502241620185494e-09,2.1251019116653065e-09,2.066878371195133e-05,9.380222660434476e-07,5.0668093059017676e-08,0.0003542416368031184
2,0.5385125401490688,3.0113375131891145e-05,1.985286681955412e-06,1.2508777898116188e-05,0.007450869606115323,5.971828770546454e-07,1.339023790022208e-06,0.0005719124201005927,0.44566073288747854,7.517183026654848e-05,0.0003395173257429149,7.503380416116907e-08,3.4299082837947865e-08,1.835471719721644e-06,4.112648389039585e-05,1.001222522628353e-06,1.6039434550265977e-06,2.773085942963604e-07,0.007178017430346047,1.4980159538086881e-09,8.984334864586077e-10,4.622939069517049e-06,3.490756130158543e-07,1.3426648516266611e-08,0.00011375310365275627
3,0.6091474457337867,2.9432249428932873e-05,1.5511651895227823e-06,1.6015673998101916e-05,0.0057768376446590474,8.541210240418428e-07,1.6974476929491858e-06,0.0005276124287717638,0.3745731975573092,6.0412710292332814e-05,0.00022321023699335804,7.042217959902604e-08,3.72774007946349e-08,1.5622868968668412e-06,2.6706595019800946e-05,1.5507519062729173e-06,2.0358055408551207e-06,3.7209531790986057e-07,0.009511495256562263,1.094915847197277e-09,8.723453741602953e-10,6.148951701988059e-06,3.1797127956208483e-07,1.740933577716439e-08,9.141624045112973e-05
4,0.6446560736253829,2.8681314904333358e-05,1.6692692469186012e-06,1.5855298263181324e-05,0.00584991787511768,8.767110497490397e-07,1.761664341729472e-06,0.0005348839323981317,0.3380117936057915,6.272181441829922e-05,0.00021280015775314634,7.170992243039733e-08,4.477227746317905e-08,1.6962865646310678e-06,2.544117623901906e-05,1.68502429840493e-06,2.173585356663265e-06,3.971421085916701e-07,0.01049812918410273,1.1991075004699275e-09,9.0250784829989e-10,5.864483265408901e-06,3.212361524708554e-07,2.0501293844942963e-08,8.711752813555775e-05
5,0.6171219582856431,3.4021370316359424e-05,1.3785759002754732e-06,2.0797934350466285e-05,0.0054605133949883,1.0915138411886257e-06,1.6941650607610071e-06,0.0005623831705183711,0.3660170571191753,6.138172078663112e-05,0.00022896128461580487,7.255255681542651e-08,4.279147421180121e-08,1.5990826778001152e-06,2.8294328697951104e-05,1.8386287264052871e-06,2.179886959152382e-06,5.499401060021411e-07,0.010359076183903287,1.3044415633833054e-09,9.83968158949145e-10,6.965882299612485e-06,3.726250676490128e-07,1.9641987228225382e-08,8.774763193751155e-05
6,0.6091474457337867,2.9432249428932873e-05,1.5511651895227823e-06,1.6015673998101916e-05,0.0057768376446590474,8.541210240418428e-07,1.6974476929491858e-06,0.0005276124287717638,0.3745731975573092,6.0412710292332814e-05,0.00022321023699335804,7.042217959902604e-08,3.72774007946349e-08,1.5622868968668412e-06,2.6706595019800946e-05,1.5507519062729173e-06,2.0358055408551207e-06,3.7209531790986057e-07,0.009511495256562263,1.094915847197277e-09,8.723453741602953e-10,6.148951701988059e-06,3.1797127956208483e-07,1.740933577716439e-08,9.141624045112973e-05
7,0.7622709320888883,1.2726946326892606e-05,1.7867865215393128e-06,1.0724633358441225e-05,0.0052933009524098315,3.428392713103968e-07,1.8464635594541573e-06,0.0006001360377506589,0.22343435118232752,7.604089547223454e-05,0.00014700705192056217,4.798867107352622e-08,6.22325529375696e-08,1.0209202503266363e-06,1.0067744928389058e-05,1.0222273980281154e-06,1.9652184304453568e-06,1.441745732256131e-07,0.008071121748777738,1.0151594971537169e-09,3.0595618623664025e-10,3.817377173878535e-06,1.1439022253894666e-07,1.762386890233359e-08,6.140115423011654e-05
8,0.7085713021654843,1.7355859215556914e-05,2.439600214608083e-06,1.1086741167170865e-05,0.005191117075052436,4.345198775003231e-07,1.7050639312948409e-06,0.0004601932470592279,0.2794535310899551,8.74926028630872e-05,0.00020077225267540972,8.290797730727821e-08,4.501418733446379e-08,2.134161860459535e-06,2.2024758733092235e-05,9.785470567025707e-07,2.148137752165628e-06,1.683401826466322e-07,0.005853467451470074,1.3196554753714678e-09,9.33474274188531e-10,3.7632538033097954e-06,3.938577559032606e-07,2.6245109096815902e-08,0.00011733485348674815
9,0.6512525323966091,2.622093344774006e-05,1.7000098904367492e-06,1.305835414957781e-05,0.005004567684625494,5.287685855645052e-07,1.5116959749280447e-06,0.00044374586451959757,0.33667443997190505,8.383667310677121e-05,0.00023954352206165304,7.382661473996914e-08,3.199824493044252e-08,2.120034042581979e-06,3.236702706047355e-05,8.473188138651576e-07,1.8817560877641014e-06,2.1442074282325115e-07,0.006068043712793295,1.1655391494780476e-09,8.917358997948109e-10,4.586027736637835e-06,4.855233570223858e-07,2.2483521542405308e-08,0.000147637938833263
10,0.6091474457337867,2.9432249428932873e-05,1.5511651895227823e-06,1.6015673998101916e-05,0.0057768376446590474,8.541210240418428e-07,1.6974476929491858e-06,0.0005276124287717638,0.3745731975573092,6.0412710292332814e-05,0.00022321023699335804,7.042217959902604e-08,3.72774007946349e-08,1.5622868968668412e-06,2.6706595019800946e-05,1.5507519062729173e-06,2.0358055408551207e-06,3.7209531790986057e-07,0.009511495256562263,1.094915847197277e-09,8.723453741602953e-10,6.148951701988059e-06,3.1797127956208483e-07,1.740933577716439e-08,9.141624045112973e-05
11,0.6219507793432355,2.6959155116780014e-05,1.6359154399822146e-06,1.545096839641129e-05,0.005511574461332347,8.54271473877725e-07,1.7761191990805303e-06,0.0005879432706169314,0.36169039238624967,6.462292310167082e-05,0.00020508824596856016,7.293324761502199e-08,4.492779497692515e-08,1.4788026999501277e-06,2.468479899893288e-05,1.6478791884802258e-06,2.1583953663549672e-06,3.718688166262208e-07,0.009822333952506488,1.160721346389011e-09,8.607245994057426e-10,6.042603526396838e-06,3.052837909587311e-07,1.96761878718555e-08,8.375979629857287e-05
12,0.6121912111763332,3.105432104352059e-05,1.5587683917064903e-06,1.6692900266733817e-05,0.007522264511534719,9.321634882447238e-07,1.8002356990626808e-06,0.0003349868869685909,0.3707369176149825,5.5318802298857234e-05,0.000279841128177595,6.935940761059504e-08,3.083748436386035e-08,2.37892039114906e-06,2.9716868519716468e-05,1.4909542995070082e-06,1.887929347376418e-06,4.563548827617719e-07,0.008674952493500749,1.2760735475867597e-09,1.0903995705268667e-09,5.134504115032655e-06,4.6990321798741756e-07,1.7346478939339467e-08,0.00011081365269690225
13,0.6560591291744844,2.0356934778306792e-05,2.3345554837879537e-06,1.7111207846839677e-05,0.006524007268846343,4.7552711477340327e-07,1.6869641088504953e-06,0.0006101743164172507,0.3304465874546797,7.868902105461418e-05,0.000564690398757656,1.2047884257918648e-07,4.474805819746852e-08,3.2553015819482785e-06,4.680414027631917e-05,1.407694317003165e-06,1.9253836167941913e-06,3.958575478464073e-07,0.005509884031990221,2.1454119524516423e-09,1.2225965464663382e-09,4.303618302386553e-06,4.6101866855239616e-07,1.4504453112525593e-08,0.0001061370307642134
14,0.5456529170723113,0.0001410183115081093,2.1476176810476707e-06,3.157837821804559e-05,0.015650165077644378,1.7084871411906414e-06,1.0359691521885464e-06,0.00041206869205380795,0.41093608860036346,4.696475833071704e-05,0.0004666513748324302,5.0741384103873603e-08,5.1286780489306427e-08,2.3465629964230092e-06,4.713096804340097e-05,2.3273804948541096e-06,1.7501752943008015e-06,1.0770047211848996e-06,0.02648627675349645,1.9709071124132352e-09,1.0584989685771401e-09,8.424999663735018e-06,3.5108891696974874e-07,1.301353941993817e-08,0.00010785265602595602
15,0.6091474457337867,2.9432249428932873e-05,1.5511651895227823e-06,1.6015673998101916e-05,0.0057768376446590474,8.541210240418428e-07,1.6974476929491858e-06,0.0005276124287717638,0.3745731975573092,6.0412710292332814e-05,0.00022321023699335804,7.042217959902604e-08,3.72774007946349e-08,1.5622868968668412e-06,2.6706595019800946e-05,1.5507519062729173e-06,2.0358055408551207e-06,3.7209531790986057e-07,0.009511495256562263,1.094915847197277e-09,8.723453741602953e-10,6.148951701988059e-06,3.1797127956208483e-07,1.740933577716439e-08,9.141624045112973e-05
16,0.7432567029612137,1.795328583978429e-05,2.193762528351371e-06,2.3323528770281684e-05,0.005912610204839156,9.628638164568582e-07,2.4503660138692076e-06,0.0005895230096226558,0.240282454995312,6.068465855925001e-05,0.00035205200006963093,1.241430395619757e-07,6.521767279141402e-08,3.285304921612407e-06,3.061558783257417e-05,3.5862302678198147e-06,2.7395591814270813e-06,8.957493715873815e-07,0.009391098792179078,2.136621300117676e-09,1.8652223180190127e-09,5.371020687252981e-06,4.3616281278473044e-07,2.3574739743251093e-08,6.084301886500453e-05
17,0.7154846664137962,1.7256437760714622e-05,1.7744299195697596e-06,1.4677486143807671e-05,0.00562610491724804,4.4935583974880226e-07,2.547619579030254e-06,0.0004312454816799772,0.27331897194232607,4.875690785325807e-05,0.0002419750429853421,1.0109931523738706e-07,3.470685016067709e-08,2.1041921218686812e-06,1.8288234222965037e-05,1.1892529867887451e-06,2.135742351454232e-06,2.1072551663962126e-07,0.004679305543956998,1.0273206656203566e-09,8.190237453696907e-10,5.512412523433551e-06,2.6592742665241366e-07,1.551328016922268e-08,0.00010240876797159367
18,0.6951673718883566,3.2449431174224716e-05,1.1901806051592448e-06,1.151533585122191e-05,0.005336411380260056,5.595494237695751e-07,1.9021517631571312e-06,0.00026903027398023695,0.2906705910141608,4.785443236041591e-05,0.0001902315306790472,5.420798364365572e-08,2.1125650465264922e-08,1.4182983113086624e-06,1.8376583333546335e-05,7.221536863945973e-07,3.471780056010591e-06,2.3673896252463022e-07,0.008064659706355105,7.679812399284191e-10,6.96653865400129e-10,8.763691882021069e-06,3.0516727374924144e-07,1.711795136243429e-08,0.00017284479530404166
19,0.568584651969855,1.7397521887872846e-05,1.545904211307141e-06,1.4786710355232405e-05,0.004967692838067175,8.375135281315247e-07,2.4476913514209004e-06,0.0007476417073166391,0.4182617689936387,9.349788212926392e-05,0.00015960569951815225,8.492300380316451e-08,4.758556623348026e-08,9.945243788418337e-07,1.6577751241332272e-05,1.4087977744331374e-06,2.0797887663771424e-06,2.1463484277095536e-07,0.007035362066952642,1.0134145374002545e-09,5.748502564775159e-10,6.875325475025361e-06,2.050628459111693e-07,1.931086301779126e-08,8.425420816618096e-05
20,0.4510051518277177,7.259125040671099e-05,1.703732715637382e-06,2.4378521585226195e-05,0.004977234166060923,1.4914002868187685e-06,1.5852549221174518e-06,0.0010895939274076106,0.5318827334713991,6.901155544692537e-05,0.0003316528941350977,1.4898601798083931e-07,3.921691322451217e-08,1.7022387491612902e-06,7.211763249794679e-05,2.0404785776661125e-06,2.3390423290751226e-06,6.777782047331065e-07,0.010321577973713011,1.4331206454257488e-09,1.6801139931943783e-09,1.5060215090350588e-05,4.36400607512078e-07,1.8786252345614643e-08,0.00012671013572846608
21,0.690475693472961,2.4564074820036516e-05,1.8842556574043707e-06,2.191741148831077e-05,0.0063286945933087296,7.607929925895955e-07,1.6421822823126359e-06,0.0004492027302975572,0.2942775879269961,5.403352146436755e-05,0.00035011978317635013,9.977350491293398e-08,4.1264501350931e-08,2.947565106156537e-06,3.170196320075614e-05,2.1052645960755116e-06,1.7927496664185892e-06,5.044507435906902e-07,0.007883773379641107,1.6188348971892694e-09,1.2321048193139104e-09,4.774825893434252e-06,4.03482694948103e-07,1.5453577440118278e-08,8.573623048923318e-05
22,0.6700030564662485,2.0466948343063387e-05,1.9182340067501375e-06,2.2055382595083336e-05,0.00616867316518311,7.465947730682696e-07,1.7221497754412314e-06,0.0005554689880858362,0.31427465638062524,7.875726369641474e-05,0.00038521899068092575,8.177299724397835e-08,5.027365888013429e-08,1.8838406088323399e-06,2.7584378864409885e-05,1.9641013359132996e-06,3.028337204349593e-06,6.012691242354095e-07,0.008365510461627123,1.9922376295212607e-09,1.2856751724924452e-09,5.996715218892175e-06,3.973179222586883e-07,1.6290211623150145e-08,8.01413993000767e-05
23,0.6091474457337867,2.9432249428932873e-05,1.5511651895227823e-06,1.6015673998101916e-05,0.0057768376446590474,8.541210240418428e-07,1.6974476929491858e-06,0.0005276124287717638,0.3745731975573092,6.0412710292332814e-05,0.00022321023699335804,7.042217959902604e-08,3.72774007946349e-08,1.5622868968668412e-06,2.6706595019800946e-05,1.5507519062729173e-06,2.0358055408551207e-06,3.7209531790986057e-07,0.009511495256562263,1.094915847197277e-09,8.723453741602953e-10,6.148951701988059e-06,3.1797127956208483e-07,1.740933577716439e-08,9.141624045112973e-05
24,0.632804436074569,3.8042201056596217e-05,1.5526581738131361e-06,2.244131621146801e-05,0.007096401641868648,9.114422466352817e-07,1.5394847338256615e-06,0.00046009168962002757,0.34971708396414,5.787002981500501e-05,0.0002791750329281675,7.844887251085803e-08,3.925682399977497e-08,1.9335420010706303e-06,2.6632595353953675e-05,1.5554676525580617e-06,1.8421617381248802e-06,4.227606722733125e-07,0.00937745557691736,1.308795987739716e-09,8.342079773951105e-10,6.7911395290444665e-06,3.0937281534689823e-07,1.494439081821129e-08,0.0001033770548656614
25,0.7310031491171783,1.0398177607722684e-05,1.8864318129467197e-06,1.6858327329402885e-05,0.005385705625534233,3.5810430684161396e-07,2.6324493650460924e-06,0.0006902610302757325,0.25837525273286255,8.018105721531863e-05,0.000396174546011703,1.0330422201407072e-07,5.7499462000143406e-08,2.1199726994025264e-06,2.1330214110586866e-05,1.2917563690409133e-06,2.07019042583068e-06,2.8152556249005817e-07,0.003930142600752769,1.9129715727786134e-09,6.798819613111975e-10,3.984354721147891e-06,2.6063475864329603e-07,1.4715498360353997e-08,7.548303906427854e-05
26,0.5946423241124539,1.764778037896191e-05,1.1268154606133642e-06,9.805572203500465e-06,0.0043114560466690375,7.76261811307174e-07,1.4051736038313607e-06,0.00039796340727292907,0.39113439606848727,5.451009925631029e-05,0.00010240344140168612,3.304036880035796e-08,3.6331616201971625e-08,7.183333869964006e-07,1.3466720483287927e-05,1.199248642544537e-06,2.036712813353306e-06,3.0425950447610213e-07,0.00924398103754464,8.302273484518371e-10,6.759967483674317e-10,3.676273190748798e-06,3.3909565639643e-07,2.0325762384468638e-08,6.037233580689952e-05
27,0.6491003524872411,2.4776066055878555e-05,1.6472602371019844e-06,1.5525633614242472e-05,0.005963944691298614,8.03490558336443e-07,1.7682031622489245e-06,0.0004939101496320327,0.3344906932601167,6.030949003852678e-05,0.0002222376067234904,6.774085948787986e-08,4.143237006341522e-08,1.7067124751989438e-06,2.4323179673178026e-05,1.6566153080549318e-06,2.107873979697148e-06,3.957788846028942e-07,0.00950643150842212,1.1903112676469967e-09,9.232561097200836e-10,5.2512205604369435e-06,3.290300195905616e-07,1.8801714469408672e-08,8.169965348740632e-05
28,0.6091474457337867,2.9432249428932873e-05,1.5511651895227823e-06,1.6015673998101916e-05,0.0057768376446590474,8.541210240418428e-07,1.6974476929491858e-06,0.0005276124287717638,0.3745731975573092,6.0412710292332814e-05,0.00022321023699335804,7.042217959902604e-08,3.72774007946349e-08,1.5622868968668412e-06,2.6706595019800946e-05,1.5507519062729173e-06,2.0358055408551207e-06,3.7209531790986057e-07,0.009511495256562263,1.094915847197277e-09,8.723453741602953e-10,6.148951701988059e-06,3.1797127956208483e-07,1.740933577716439e-08,9.141624045112973e-05
29,0.6091474457337867,2.9432249428932873e-05,1.5511651895227823e-06,1.6015673998101916e-05,0.0057768376446590474,8.541210240418428e-07,1.6974476929491858e-06,0.0005276124287717638,0.3745731975573092,6.0412710292332814e-05,0.00022321023699335804,7.042217959902604e-08,3.72774007946349e-08,1.5622868968668412e-06,2.6706595019800946e-05,1.5507519062729173e-06,2.0358055408551207e-06,3.7209531790986057e-07,0.009511495256562263,1.094915847197277e-09,8.723453741602953e-10,6.148951701988059e-06,3.1797127956208483e-07,1.740933577716439e-08,9.141624045112973e-05
30,0.6091474457337867,2.9432249428932873e-05,1.5511651895227823e-06,1.6015673998101916e-05,0.0057768376446590474,8.541210240418428e-07,1.6974476929491858e-06,0.0005276124287717638,0.3745731975573092,6.0412710292332814e-05,0.00022321023699335804,7.042217959902604e-08,3.72774007946349e-08,1.5622868968668412e-06,2.6706595019800946e-05,1.5507519062729173e-06,2.0358055408551207e-06,3.7209531790986057e-07,0.009511495256562263,1.094915847197277e-09,8.723453741602953e-10,6.148951701988059e-06,3.1797127956208483e-07,1.740933577716439e-08,9.141624045112973e-05
31,0.6968236783337229,2.1869615902771814e-05,2.0633456799678114e-06,1.1751720635549404e-05,0.0040465231562013615,5.390001452092024e-07,1.3599410098194244e-06,0.0009457358695507818,0.286738023247332,4.84271432598005e-05,0.0001438307353798644,6.306071719306393e-08,6.832817666780097e-08,9.91399140528914e-07,1.9166522063620913e-05,1.8699849277256933e-06,2.215686100027521e-06,3.33163560801184e-07,0.011140571455569534,1.0645646030353338e-09,7.772679634076761e-10,4.701932314274939e-06,1.965695722874022e-07,2.0607421803993568e-08,4.5997339782844046e-05
32,0.6171683193776429,3.34615799575436e-05,1.613439390103985e-06,1.5488281497886315e-05,0.005868575303508779,8.983538830254315e-07,1.5461601766092933e-06,0.0005212429772781998,0.3645169455415578,5.75867845130428e-05,0.00020277695816173428,6.504069863323717e-08,4.001425059548757e-08,1.4771923829153116e-06,2.5634522537197213e-05,1.6181412592994315e-06,2.121886718399973e-06,3.9185590498739756e-07,0.011485569679254595,1.0684128124527896e-09,8.649476745945281e-10,6.321565847446756e-06,3.049652029334535e-07,1.8536927547606336e-08,8.797990808721094e-05
33,0.7373047031121094,4.1593756654963654e-05,1.4263713848911625e-06,1.7695639558085185e-05,0.004195153657853757,1.2311945457790208e-06,1.6620250920736888e-06,0.0005912197037442762,0.2355958356879913,4.5967762423681116e-05,0.00010955655930740172,6.36196985972396e-08,6.183606661950768e-08,1.2598326860141056e-06,1.6624507085839832e-05,2.7184664355818106e-06,3.216224319463184e-06,6.06836585489755e-07,0.02199803478793055,8.21150901360088e-10,8.149738671756302e-10,9.885210709281458e-06,2.2334642274938918e-07,3.319920170679538e-08,6.122502606773977e-05
34,0.001178484230850509,0.0003159589322455108,2.738012575275846e-07,6.272729057896897e-05,0.0009257456762169117,0.0003529141240795552,2.0797336086436775e-05,0.000855700418969751,0.9932945435442748,0.00012238739128447824,7.920123695545298e-05,6.212331656825514e-06,2.9448407508058718e-09,5.799713492255234e-07,0.0005532817432718177,5.873018406856949e-06,1.699347311834362e-06,1.7843126089930013e-06,0.0005938141598795692,1.4451176467851956e-09,3.688399911998033e-08,0.0007892291712617303,4.78879555908168e-06,5.578607925868921e-08,0.0008339061058573058
35,0.8572943819622193,1.913836460239454e-05,7.025949563073437e-06,4.224485487917838e-05,0.0341828157217422,3.1413660760731983e-06,1.1411764877079355e-05,0.0001189879983595847,0.09663472201166495,0.00024591610041980766,0.0018336910229496699,5.646627691291857e-07,1.286180224711824e-07,0.00023201210731355374,0.00013183700915236942,7.423117295202906e-06,6.974417117945992e-06,5.009726998889996e-06,0.008702206741295704,2.3578286558530216e-08,2.3991798749533274e-08,2.7583284037007132e-06,1.0683494218757611e-05,2.642540798008343e-07,0.0005066128358936207
36,0.6697445610390791,2.569933689444421e-05,1.4326081454257565e-06,1.8519235906481822e-05,0.0034800442068250352,7.45038014805226e-07,3.1342103223281833e-06,0.0009995461488776956,0.31755506523796595,5.49843148650748e-05,0.00024180940995347536,1.8973491893781846e-07,4.3336578893528145e-08,1.6580234033766905e-06,2.700830864729052e-05,2.020756114848638e-06,3.5378619713782543e-06,4.177962387442483e-07,0.007722163449653107,9.361936128829006e-10,8.307562861453641e-10,1.628003557295733e-05,1.9700308002992017e-07,1.8972770187113228e-08,0.00010092216725055801
37,0.8494522951823652,1.3960484794718306e-05,1.6033512225084479e-06,1.2372010156629289e-05,0.005164838370116914,5.318360830438615e-07,2.078813924136053e-06,0.00021613552884387104,0.1364309427034083,4.077983471594549e-05,0.00016656615781517636,5.98785265724246e-08,4.335910559610525e-08,3.2561673416384963e-06,1.4501886707042026e-05,1.7535993603445805e-06,2.384046349204043e-06,4.200575748810854e-07,0.008404739378924433,1.151954652279263e-09,1.098516237209714e-09,3.0579358802231277e-06,3.9075674616592755e-07,2.9227025960206633e-08,6.725718254066726e-05
38,0.6192569653219455,2.8914889236709896e-05,1.6698604838029493e-06,1.943710262525898e-05,0.005246608251999005,1.5703725305444896e-06,2.4250716290627615e-06,0.0006074254551924203,0.3611225315711812,6.323462466765022e-05,0.00021774103284021931,9.271475772905368e-08,5.127847839885496e-08,1.9708469758818838e-06,3.302112882469979e-05,3.2748029486545456e-06,2.4712163100710117e-06,7.323892639920237e-07,0.013308556515429348,1.2189202087437698e-09,1.5340460512067586e-09,7.186323814499781e-06,4.6077663538545044e-07,2.758397784912974e-08,7.362811528576e-05
39,0.4868052455279706,4.482635964494399e-05,1.9628640794602744e-06,1.6970921114302473e-05,0.003962809723515851,1.7789788880568608e-06,1.2966287735535556e-06,0.0009755419585861511,0.4910168341421839,4.1678965082435126e-05,0.0001234376848306806,8.788570868907361e-08,4.499696866074161e-08,7.866309714456673e-07,2.8472018701191926e-05,3.538366393746205e-06,2.8156424475306425e-06,5.665891151001608e-07,0.016906923417190845,8.108695651032279e-10,1.886079911083582e-09,1.0774019927962333e-05,2.9315803760105737e-07,2.022232387761537e-08,5.329060059380408e-05
40,0.6145268610952113,2.9619764964490283e-05,1.577602321002105e-06,1.5811550539983588e-05,0.005893283260075297,8.317803865179871e-07,1.6906650080893822e-06,0.0005169094215249265,0.3691038959456579,5.945234378814023e-05,0.00022571001193625462,7.080009803917426e-08,3.703719329714883e-08,1.6080564364231595e-06,2.670283522763808e-05,1.5272331495654305e-06,2.025503343080421e-06,3.654613411716847e-07,0.009493087313363657,1.09310875203955e-09,8.701066298615653e-10,6.088753244379178e-06,3.1485812751884975e-07,1.7261922340581636e-08,9.250948192365318e-05
41,0.42589813700474044,5.646419498038313e-05,1.5909346367576114e-06,2.032760739012891e-05,0.010253127393195609,8.986462528064017e-07,6.755627207033695e-07,0.0006287048302053898,0.5495686004679439,4.546732506434444e-05,0.000316655141150927,4.3568553755391054e-08,3.893598462930982e-08,1.372907544844926e-06,3.941611458047654e-05,1.7808120116294704e-06,7.202633088018037e-07,4.6432932489455775e-07,0.013108829082779529,1.3240457680130108e-09,5.721008711868111e-10,3.614707381394357e-06,2.1388671798993823e-07,7.1715666372965395e-09,5.2847215817348114e-05
42,0.3715631336054932,8.598875769817641e-05,1.5147805125165018e-06,1.794043248321412e-05,0.003207559039583228,1.5310523455277094e-06,7.852637367070166e-07,0.0013290255372065721,0.602064425554016,3.17761420342811e-05,9.566259204655625e-05,6.383110439559291e-08,3.1855461398068554e-08,3.506602534004276e-07,2.4990345487503623e-05,2.6768479715158596e-06,2.3312216568146856e-06,3.590745523398024e-07,0.02149869679196229,4.550566168007063e-10,8.529852137026449e-10,1.8861181797040324e-05,1.2682014002105083e-07,1.1383744523808194e-08,5.215592067107226e-05
43,0.6579644620419894,3.165413532663095e-05,1.497428109661263e-06,1.544166074751272e-05,0.006237510933155386,6.398656006467113e-07,1.7094903936988952e-06,0.0004034313983644647,0.3263891080574629,4.870632498096615e-05,0.0002715186916342232,6.84922725040057e-08,3.1110570266295236e-08,2.0896298971981958e-06,2.719753040024445e-05,1.2654650156304284e-06,1.741973537834624e-06,3.31571471455946e-07,0.008485522592999839,1.049103583734271e-09,6.874175176621417e-10,5.451598620673742e-06,3.087296915918958e-07,1.4902062916205608e-08,0.00011029463917327487
44,0.6091474457337867,2.9432249428932873e-05,1.5511651895227823e-06,1.6015673998101916e-05,0.0057768376446590474,8.541210240418428e-07,1.6974476929491858e-06,0.0005276124287717638,0.3745731975573092,6.0412710292332814e-05,0.00022321023699335804,7.042217959902604e-08,3.72774007946349e-08,1.5622868968668412e-06,2.6706595019800946e-05,1.5507519062729173e-06,2.0358055408551207e-06,3.7209531790986057e-07,0.009511495256562263,1.094915847197277e-09,8.723453741602953e-10,6.148951701988059e-06,3.1797127956208483e-07,1.740933577716439e-08,9.141624045112973e-05
45,0.554031483175308,2.3508804445266964e-05,1.5864544493112825e-06,1.4653214132375063e-05,0.0042098579952915575,1.2058837430447646e-06,2.9672559057766115e-06,0.0015037214403936401,0.4276416731825208,7.844540648275605e-05,0.00015189897166351246,9.319571308756452e-08,7.116837173905463e-08,1.0468609885523117e-06,2.9916181231776734e-05,2.904351907554653e-06,2.297737253384111e-06,5.172038038709982e-07,0.012242505131050945,1.1070969864697371e-09,8.700413868394767e-10,8.309622506863278e-06,2.1952267446316215e-07,2.892293359402205e-08,5.108634008975014e-05
46,0.6365350419723039,2.6750582631932334e-05,1.4972216825836499e-06,1.6174276969032695e-05,0.005217705420319948,8.404750706115255e-07,1.7042996600877778e-06,0.0005367467177923477,0.34787521024867646,5.987324908409661e-05,0.00020067973337203155,7.021128264299585e-08,3.8975963482637536e-08,1.3699461554639661e-06,2.2519933992849223e-05,1.5492041207227995e-06,2.3496372281356585e-06,3.578520216507264e-07,0.009405800944497644,1.0484825983447298e-09,8.647922444123488e-10,6.598953045215053e-06,2.940131964913163e-07,1.7880777919649196e-08,8.680633687999532e-05
47,0.7903556794116686,1.4531446431674751e-05,1.3537895252711307e-06,1.2953204998861798e-05,0.0027053526918403596,5.710072345596114e-07,1.7018104477336837e-06,0.0005257941032633841,0.1963755673579597,3.76121625964424e-05,7.851097080978492e-05,5.7447860240498456e-08,4.7507772214676e-08,7.588431601574946e-07,8.01504612358386e-06,1.9372425873585464e-06,2.9159299545329425e-06,2.3487424045688747e-07,0.009825124986045809,5.498099600455287e-10,6.296595202929862e-10,6.24573000588486e-06,1.5341143868514732e-07,2.197220912022806e-08,4.485787235624347e-05
48,0.69840991796583,2.8192688745336324e-05,1.2378266942035626e-06,1.0465075786425694e-05,0.0033086534071167435,1.052478194970001e-06,1.5584356605116299e-06,0.0006623293452376368,0.2768484212304515,5.997181156655872e-05,6.533363436219932e-05,3.9496790170150105e-08,5.5747604407664514e-08,6.032632301712346e-07,1.1775732433720828e-05,1.73133963950647e-06,3.7864741249547576e-06,3.4836588527969477e-07,0.020518601575056725,6.237243338109466e-10,6.126579013296869e-10,8.178177715309904e-06,1.891897920777637e-07,3.674271020814272e-08,5.7518758989401385e-05
49,0.510505760894524,4.153427466873284e-05,1.6733993510772918e-06,1.818146584424661e-05,0.005295430753267621,1.1818928811747674e-06,1.7061427793478795e-06,0.0007507681530019608,0.4724866483666109,6.169142066999985e-05,0.00019258846469651013,9.438950775651619e-08,3.851368116419026e-08,1.1054426139332422e-06,2.778276691871951e-05,1.7576339074538354e-06,2.254558804893378e-06,3.4706928059436723e-07,0.010500365019395325,9.825789979812293e-10,9.298944411955966e-10,1.0691061400519402e-05,2.5405544862698114e-07,1.6687678481942838e-08,9.812566059339913e-05
50,0.6486919435574751,2.3040956089131354e-05,1.5479004289604008e-06,1.4832956060508198e-05,0.005523078269823861,7.388392536405445e-07,1.8973077548266383e-06,0.0005335621972704746,0.33614305784190823,6.523460791665692e-05,0.0002131010885215416,6.995060459693637e-08,4.0495676679251864e-08,1.5886414546472451e-06,2.3306114418332522e-05,1.4726590589387798e-06,2.0708183759210395e-06,3.3141036782307566e-07,0.008666569684561429,1.1119476024258202e-09,7.730036035545216e-10,5.488770339329247e-06,2.9203329951802894e-07,1.8713842739078013e-08,8.671330054584328e-05
51,0.44214412799623665,0.00011827322709895823,1.3881125596583517e-06,3.295331413537875e-05,0.005459932322225723,1.437941611417824e-06,1.2576567457158144e-06,0.0008297099292721359,0.5394868144942583,4.8309321352282696e-05,0.00031826510986264885,1.0844156685659887e-07,2.8797768297796998e-08,1.5254762503803441e-06,6.0367787069820634e-05,1.7483831080230812e-06,1.8181303067722916e-06,5.45873197680934e-07,0.011324842643505422,1.0761640441557123e-09,1.097199392403616e-09,1.7088284475606916e-05,3.3546957080552934e-07,1.2574813679549536e-08,0.00014910653964409962
52,0.6395563439228733,3.232221764229403e-05,1.7379849675029217e-06,1.4133725368235973e-05,0.005620522263956476,6.40356999721724e-07,1.7359374329121122e-06,0.00040545266044734665,0.34541877872857685,4.225555417209084e-05,0.00020368227319640086,6.300941988054554e-08,2.88501104108306e-08,1.5211428441241582e-06,2.2172946529135988e-05,1.3473762448783823e-06,2.2606823630238176e-06,2.653629427664506e-07,0.008562647613035313,8.24295555294111e-10,8.92792909246852e-10,6.336213725941766e-06,3.1107896174441945e-07,1.590606322988459e-08,0.00010542247503780917
53,0.6090305080725882,2.6006717097428097e-05,1.5660611533696381e-06,1.6595868843345075e-05,0.005839257105471665,8.385233312178264e-07,1.922657784003309e-06,0.0005082090468580357,0.37588162334511915,6.269952777398367e-05,0.0002457412608725213,7.52253751341116e-08,3.695531020431408e-08,1.7236233241423162e-06,2.72873684820427e-05,1.578779082131264e-06,2.038286711207662e-06,3.84225714254935e-07,0.008251669447009976,1.1881065260044782e-09,9.387314659600272e-10,5.844442940914809e-06,3.579124298928986e-07,1.7611563174389395e-08,9.401580832605355e-05
54,0.7077429573934823,6.259177231346387e-06,2.0455628599829834e-06,1.6100421694699296e-05,0.005135014599597017,6.657695504066851e-07,1.4285556033465537e-06,0.0006845086437651704,0.2790624553323856,8.52044407590719e-05,0.00023354285437350038,6.330130317582455e-08,9.933614244986721e-08,1.2224833781091173e-06,1.3698050539592346e-05,2.5914219241439077e-06,2.2205572360360076e-06,6.236502363452493e-07,0.006980641250906444,2.4845294271928886e-09,1.1825764691604827e-09,2.142076962270517e-06,3.5473600211930323e-07,1.8177372314774732e-08,2.6138539588794554e-05
55,0.6770189621372905,6.160933124135365e-05,2.05613353373687e-06,2.0770698306575453e-05,0.008659452499130997,7.849083231149042e-07,1.0704419565530535e-06,0.00029801013804434107,0.2978458408285018,6.13697220174041e-05,0.00032446364192169694,2.98193809103537e-08,2.6670946350763107e-08,2.007700867258156e-06,3.643422060725122e-05,1.2315867868732775e-06,2.925810685927372e-06,3.6789744426885895e-07,0.015513184287869023,1.1833177087022634e-09,1.393005429158307e-09,5.640445499865837e-06,5.123791496070801e-07,1.7540655287069942e-08,0.0001432285835159858
56,0.616202939508164,2.7866809994203604e-05,1.62126472321696e-06,1.624559331900458e-05,0.005625994339468677,8.987888147111007e-07,1.7673254565268535e-06,0.0005785478451701486,0.367291942743871,6.459736621200037e-05,0.0002108054853020374,7.363535441899644e-08,4.391376362692402e-08,1.5064638760991727e-06,2.5283578816201374e-05,1.677123691501556e-06,2.1322973016014922e-06,3.8520898556936334e-07,0.009853721343094299,1.1791858194094875e-09,8.870592609817204e-10,6.159763365267014e-06,3.125626478866323e-07,1.923418482098432e-08,8.5455738178007e-05
57,0.5570738952883931,2.601626191363104e-05,2.511191565546868e-06,1.1649348036660311e-05,0.006652623434801718,8.225460167382578e-07,1.6400464726879538e-06,0.0006195886227236187,0.42486638982414815,6.428240257492472e-05,0.00017428126685218605,8.679305110266491e-08,4.571117062093894e-08,1.231055279481443e-06,2.0761229862360374e-05,1.7256476390978028e-06,2.239518235837336e-06,2.4666227550784883e-07,0.010394024559804232,1.0566556458580087e-09,9.517782947038223e-10,6.39675186042792e-06,2.2808163732059027e-07,1.7762522775812112e-08,7.92939847284145e-05
58,0.6291753677666791,2.8027631758844753e-05,1.5623373026721861e-06,1.4734980008315008e-05,0.005341668301904651,9.58545735952311e-07,1.7821549826005906e-06,0.0005708395206940625,0.35361973754506015,6.844741470173669e-05,0.0001785116966069247,6.966762697146745e-08,4.666862669560881e-08,1.463348515517874e-06,2.4444924124783128e-05,1.6617306714278854e-06,2.231472993973859e-06,4.035868111142921e-07,0.010877822946799622,1.134203057654455e-09,8.901554443794923e-10,6.129388450962676e-06,3.308617702182815e-07,2.3836815180374906e-08,8.373164699997922e-05
59,0.6370236617611749,2.6947166392365043e-05,1.748358561287497e-06,1.4590568929758537e-05,0.005525801062513764,8.578339732771808e-07,1.771527023404883e-06,0.0005754576164413345,0.34604276346138824,6.388959708550094e-05,0.00018544086200766776,7.051208366667991e-08,4.754500894153208e-08,1.4766946983821453e-06,2.3453473758043538e-05,1.6975200694505882e-06,2.241256923295049e-06,3.7545667292583433e-07,0.010421174404773281,1.168630390226431e-09,9.147858511012457e-10,5.862670545370886e-06,3.1356426210719076e-07,2.2293698679076763e-08,8.033270859796152e-05
60,0.6091474457337867,2.9432249428932873e-05,1.5511651895227823e-06,1.6015673998101916e-05,0.0057768376446590474,8.541210240418428e-07,1.6974476929491858e-06,0.0005276124287717638,0.3745731975573092,6.0412710292332814e-05,0.00022321023699335804,7.042217959902604e-08,3.72774007946349e-08,1.5622868968668412e-06,2.6706595019800946e-05,1.5507519062729173e-06,2.0358055408551207e-06,3.7209531790986057e-07,0.009511495256562263,1.094915847197277e-09,8.723453741602953e-10,6.148951701988059e-06,3.1797127956208483e-07,1.740933577716439e-08,9.141624045112973e-05
61,0.6279389890375716,2.684565461703736e-05,1.7230336755461206e-06,1.4090471536945492e-05,0.005718793455970391,8.3185292290513e-07,1.7154989528693516e-06,0.0005275497413063169,0.35533596605336754,6.198808974290983e-05,0.00019265109912985968,6.895778524706844e-08,4.270807442444852e-08,1.4976876334896526e-06,2.370418145942278e-05,1.5913113514087805e-06,2.1568604707519827e-06,3.5034298615963334e-07,0.010058976393778098,1.1139800744035525e-09,9.003275550312065e-10,5.6859220889992055e-06,3.151993977169165e-07,2.0339087590953724e-08,8.444409278488029e-05
62,0.6091474457337867,2.9432249428932873e-05,1.5511651895227823e-06,1.6015673998101916e-05,0.0057768376446590474,8.541210240418428e-07,1.6974476929491858e-06,0.0005276124287717638,0.3745731975573092,6.0412710292332814e-05,0.00022321023699335804,7.042217959902604e-08,3.72774007946349e-08,1.5622868968668412e-06,2.6706595019800946e-05,1.5507519062729173e-06,2.0358055408551207e-06,3.7209531790986057e-07,0.009511495256562263,1.094915847197277e-09,8.723453741602953e-10,6.148951701988059e-06,3.1797127956208483e-07,1.740933577716439e-08,9.141624045112973e-05
63,0.5690566432071843,4.128080542778776e-05,1.517968058339855e-06,1.7075740315641887e-05,0.005947773512149186,9.8952028150256e-07,1.5480007198122491e-06,0.0005279717514229205,0.41321885222307964,5.649935960030722e-05,0.00022265444043488884,6.831241097782491e-08,3.46232515024426e-08,1.4720814127466678e-06,3.053324553059131e-05,1.5356218755003417e-06,2.034101614889039e-06,3.9961750511216456e-07,0.010760216834745661,1.0576197588110613e-09,9.212289675430435e-10,7.318550114301896e-06,3.356968317275305e-07,1.700673221945752e-08,0.00010322580045173822
64,0.6005957278428407,3.0741022392613747e-05,1.9476799889817534e-06,1.62973801591538e-05,0.0060294288375762626,9.110570366056402e-07,1.6367583722418342e-06,0.0005090795053780904,0.3830044140811421,5.704483621969642e-05,0.00022874024899131735,7.969251986552636e-08,3.778588669444604e-08,1.6690503274595714e-06,2.8473428450366494e-05,1.7631418093233754e-06,2.3725828166040246e-06,3.8510544935147123e-07,0.009389409562491435,1.1814821887750117e-09,1.3449415806363582e-09,6.340959220597427e-06,3.9051015848685676e-07,1.8319147869382448e-08,9.30880852005837e-05
65,0.5219415109743143,9.084322831216636e-05,1.7938531095965049e-06,2.2595360984849302e-05,0.0063227120036757406,1.8147579384447963e-06,1.6744745941834821e-06,0.0003749837053423702,0.45744619871185355,4.4007233797934294e-05,0.0002457087060507266,8.734886749115652e-08,2.728014790563347e-08,2.2399880548487997e-06,4.9593736043204234e-05,2.047790491070772e-06,2.8619322604054533e-06,7.610767483496214e-07,0.013264103452860337,1.2222607263543216e-09,2.4475569973663873e-09,1.1810020280293914e-05,8.091908561423891e-07,2.5081724668150286e-08,0.00017178642187380152
66,0.7458399836587779,7.967080829991035e-06,1.925886578082674e-06,9.639804663407671e-06,0.006990331793993814,4.345688361751399e-07,2.0142206147077762e-06,0.0003664557532423212,0.2392040097215582,6.19622017047513e-05,0.000138450035658529,4.060486452290979e-08,5.850839176723404e-08,1.1592356609985068e-06,7.702597886882044e-06,1.37002987444064e-06,1.8900274036672128e-06,1.8600995743605403e-07,0.0073184337011683994,1.139179845217788e-09,4.942238041745601e-10,2.273229041209665e-06,1.6976485690143368e-07,1.690231857574317e-08,4.3523028713758134e-05
67,0.49750027918500006,0.0001222632918358035,1.5302014545361678e-06,2.8356132591382726e-05,0.004931266841284868,3.6245203866996567e-06,2.223784549928471e-06,0.0003359046497762312,0.4798199424752978,5.4066228969312844e-05,0.0002612899774535615,1.0744362693770455e-07,2.6279471273269344e-08,2.670400852390031e-06,6.619035721064548e-05,2.40637501230084e-06,4.5550876716656e-06,1.2260073768903105e-06,0.01655818470760333,1.4134005800170904e-09,3.765321259101297e-09,1.8644034987339553e-05,1.5659242716551035e-06,4.015123865888803e-08,0.0002836307633549557
68,0.5089970107434313,3.24668826726803e-05,1.5220722435857152e-06,2.0439740794410557e-05,0.005378269715702748,1.525487153957778e-06,2.4201789471646434e-06,0.0009184730682842163,0.4761946389925267,7.802148381647902e-05,0.0002927142828286657,1.3554616314954925e-07,4.319532486756415e-08,1.7733984162197002e-06,4.751728557642518e-05,2.040241481012333e-06,2.2033669156861974e-06,6.400289924743213e-07,0.007918907200852322,1.5509120741142232e-09,1.4944782706181417e-09,9.310522534813015e-06,4.1811112244859254e-07,2.026920647323925e-08,9.948513962195006e-05
69,0.44097555789872483,3.240806171566316e-05,1.2638933437010455e-06,2.258794210198735e-05,0.0061873470508301475,9.254242364415441e-07,1.5121541122258233e-06,0.0005386995610864996,0.546329504432034,7.225673384061263e-05,0.0005655623887241274,9.041667806203618e-08,2.6593240250041548e-08,1.6193873130932794e-06,5.3350828484374104e-05,1.1133826505577595e-06,1.971111856860058e-06,5.713711658945914e-07,0.0050718708021462175,1.901755450313783e-09,1.3004364868941508e-09,7.261349888063984e-06,5.741935595103127e-07,9.101674830965098e-09,0.00013391271839987114
70,0.4967470987204129,2.8540315060377836e-05,1.6416329275392038e-06,2.1138919187460162e-05,0.0061599198623751815,1.0771956527829809e-06,1.7960841292528613e-06,0.0005714373498748491,0.4885439246915344,6.164781841930893e-05,0.00027091518618968996,8.208334180017317e-08,3.4111445231292934e-08,1.4951132950924729e-06,2.920213287189538e-05,1.8651059613983948e-06,1.5518701181181788e-06,3.717972098690448e-07,0.007460230938008864,1.2473720696884444e-09,9.581903663246942e-10,5.972685676392842e-06,3.436096988040347e-07,1.294244502486927e-08,8.969762860135081e-05
71,0.6748311428001625,1.007251565856386e-05,1.3228775706960942e-06,1.1260657921213555e-05,0.005144006102824079,5.831122408823846e-07,3.4209472953038255e-06,0.0005481067094065379,0.3136083297244457,7.841347894237916e-05,0.00015661206574412115,6.426507893951736e-08,4.5199196964437725e-08,1.2933858763747445e-06,1.393421479735672e-05,1.2650928388662064e-06,1.934670222262004e-06,2.1177970186523665e-07,0.005513336908189092,1.0249008492328989e-09,5.247045004497736e-10,4.03092673149381e-06,2.2177748454793497e-07,2.1132856779173943e-08,7.03681052080899e-05
