,0,1,2,3,4,5,6,7,8,9,10,11,12,13,14,15,16,17,18,19,20,21,22,23,24
0,0.00043186726926576166,0.00016050938910162248,3.4907611177062976e-05,2.78575880391871e-07,3.1612909407237573e-06,2.4666113137384353e-05,4.370461198955451e-05,7.819699667685827e-07,0.9809364055963975,8.073349020506148e-08,1.7286177853318106e-06,4.8284036088519875e-05,3.6054875358946647e-08,1.9048697310099268e-08,0.009346958483386425,9.639912349793777e-05,5.920306991599012e-07,0.00023357260178655413,0.006198072727577817,1.5123921486256434e-09,6.832589335561458e-05,0.002299760946592266,9.747325474660906e-10,3.0767723371688e-06,6.680801484861755e-05
1,0.0019857090182020393,0.0015119725820885066,6.815174202210243e-05,1.8696269868883668e-05,7.685938247839595e-05,4.7593379671098275e-05,0.0009104806981983604,4.536180878466436e-06,0.8474879793917757,3.351278712625875e-07,0.0001550224947778451,0.0017420040178469437,1.8790204244257337e-07,7.520391047793713e-06,0.038985606897347924,3.372977718776307e-05,6.942578831628763e-05,0.004986019365406464,0.0034363919351855492,1.556189074627363e-08,0.0008568510234064044,0.09061563577016,3.341291441587601e-07,1.1169493500954578e-05,0.00698777167968397
2,0.0006798605534842667,0.00023494562208173792,4.840452807306279e-05,3.5578775054408577e-07,5.3270190761745686e-06,2.252602651581747e-05,7.697027119941487e-05,8.185303817369333e-07,0.9797982635820122,1.3044183812334535e-07,1.7401480246111874e-06,6.468206764599539e-05,3.990736739616031e-08,3.193540843000898e-08,0.011994414289191355,9.122542217058147e-05,6.25266475326385e-07,0.00030516969576670547,0.004293989088210411,2.1899405708230805e-09,6.601602406798944e-05,0.0021639145016856183,1.6019645780613025e-09,2.6992131600484387e-06,0.00014784628650734216
3,0.0006342328785151697,0.00022060135491630133,5.742629481184384e-05,5.061998840833437e-07,3.356749268353859e-06,2.6623027998094846e-05,7.038966362735731e-05,8.742440045433386e-07,0.981883061343254,1.476216266120532e-07,1.931768627209377e-06,7.46809766352422e-05,3.931898584057395e-08,3.0604455979903806e-08,0.008458710984045615,9.140806531077863e-05,6.411501981995845e-07,0.00035134642479500385,0.0052546427774174415,1.7905786598676208e-09,8.794346776270873e-05,0.0026624444199237333,1.7790048652810419e-09,3.834779846184967e-06,0.00011512231450617388
4,0.0006503265126721509,0.0002208925966623656,5.464931886862084e-05,5.211793667518242e-07,3.37168315825359e-06,2.5488646346150613e-05,6.788457784705839e-05,8.041386772701383e-07,0.9824941471499414,1.3778884420809398e-07,1.9189005919560182e-06,8.291032066928753e-05,4.7362313097268924e-08,3.259183093446458e-08,0.007851295095154552,8.39486076672214e-05,7.244978732331692e-07,0.0003571830263521208,0.005128026820246887,1.844229144836074e-09,9.152255210319593e-05,0.00275935985126687,1.8395029576424964e-09,3.9306629375188755e-06,0.0001208724348768553
5,0.0007090483177039679,0.00021258581068569335,5.605296558531376e-05,6.786087462083981e-07,2.8981590005795924e-06,2.71508902840662e-05,6.382546102181879e-05,8.206799102737742e-07,0.9831103408500028,1.6179158567607496e-07,1.9438804414548535e-06,8.718255897794224e-05,4.653037928421321e-08,3.7149365410974984e-08,0.00713277006678379,8.940969412343012e-05,7.882914902441324e-07,0.0005061360309133368,0.004622888876609226,1.9679817968689847e-09,9.754577000046817e-05,0.0031440883811256785,1.9520382796838557e-09,4.452383810927321e-06,0.00012914293143235107
6,0.0006342328785151697,0.00022060135491630133,5.742629481184384e-05,5.061998840833437e-07,3.356749268353859e-06,2.6623027998094846e-05,7.038966362735731e-05,8.742440045433386e-07,0.981883061343254,1.476216266120532e-07,1.931768627209377e-06,7.46809766352422e-05,3.931898584057395e-08,3.0604455979903806e-08,0.008458710984045615,9.140806531077863e-05,6.411501981995845e-07,0.00035134642479500385,0.0052546427774174415,1.7905786598676208e-09,8.794346776270873e-05,0.0026624444199237333,1.7790048652810419e-09,3.834779846184967e-06,0.00011512231450617388
7,0.0020651606435389013,0.0002767898550084501,0.0001839399823365083,4.774614750586436e-07,3.927546927319072e-06,3.592291664151888e-05,0.00010731276898066778,1.1354795226643631e-06,0.9812533952847232,2.2642891408187998e-07,2.1869760509197034e-06,8.590410301539696e-05,6.677782211225322e-08,2.61071927063072e-08,0.00458684098761311,6.968315078076411e-05,5.66443208802716e-07,0.00044278729664932933,0.009329282191892692,1.9750183294153288e-09,7.080649403688693e-05,0.0013514130693657999,2.369808515137401e-09,8.278394360681139e-06,0.00012386529511557965
8,0.001418392280040254,0.0005252416621332802,0.00015180748625907777,1.056149008151466e-06,5.0442363905518665e-06,3.4819383181170584e-05,0.00015925430867159022,1.2229187829011002e-06,0.9821671320110389,3.8121359984136375e-07,2.3460725722165638e-06,0.00011466431250144823,4.7964367823813584e-08,4.87758003291187e-08,0.0061126456372916855,8.802298490556587e-05,6.141078396712373e-07,0.00038874436160989925,0.006632805514563174,2.761871670100959e-09,0.0001019025144147295,0.0019046076770003245,4.633168843392801e-09,7.020143705424602e-06,0.00018217088928147823
9,0.0006255972075606392,0.000313445440247939,0.00010328851910030562,9.935526013422092e-07,2.453203711792619e-06,2.866572537447631e-05,9.399438312674465e-05,7.436412949572125e-07,0.9859163877158208,2.899318333041686e-07,1.3715530642633446e-06,9.893956946288815e-05,4.017489698426024e-08,2.8533166342261428e-08,0.0058490143952745375,9.43811921693085e-05,4.3851257057478944e-07,0.0003118236164167206,0.004268510237993136,2.2213371105248422e-09,0.00012823740237298046,0.002029378127793372,2.7085667579327436e-09,5.317614177038132e-06,0.0001266548200656526
10,0.0006342328785151697,0.00022060135491630133,5.742629481184384e-05,5.061998840833437e-07,3.356749268353859e-06,2.6623027998094846e-05,7.038966362735731e-05,8.742440045433386e-07,0.981883061343254,1.476216266120532e-07,1.931768627209377e-06,7.46809766352422e-05,3.931898584057395e-08,3.0604455979903806e-08,0.008458710984045615,9.140806531077863e-05,6.411501981995845e-07,0.00035134642479500385,0.0052546427774174415,1.7905786598676208e-09,8.794346776270873e-05,0.0026624444199237333,1.7790048652810419e-09,3.834779846184967e-06,0.00011512231450617388
11,0.000651895123062498,0.00021993908421537686,5.740371583562857e-05,5.164804114856589e-07,3.457972177490115e-06,2.6340518898590015e-05,7.008796103079338e-05,8.574392954662533e-07,0.9822393267243382,1.4581559498232875e-07,1.9413682862421825e-06,7.941292717156709e-05,4.6064448811386325e-08,3.122130192251691e-08,0.008061531919914993,9.013398980674594e-05,6.92954111367076e-07,0.00035493121715989457,0.005274872169747147,1.919976624218282e-09,9.003488386176412e-05,0.0026555751452648894,1.8465017525493739e-09,4.0508169530028225e-06,0.00011677072063294682
12,0.0009839827406951916,0.00037610082530887173,3.719155531006655e-05,6.600225810026995e-07,7.441118953957353e-06,3.734627012413179e-05,5.8987815354810046e-05,4.3426974657601323e-07,0.9856076729424961,2.3002393237668078e-07,1.309709463067235e-06,6.0178523539569104e-05,6.470834532283665e-08,1.0319067540892817e-07,0.0060999547177964545,6.707329617462756e-05,2.227794146938633e-06,0.0007693801243069471,0.0027493563743098146,3.640451996663077e-09,0.00012164388331317506,0.0026557943513187765,2.9344772623798795e-09,2.5403391340979296e-06,0.0003603188280436458
13,0.0005609262822242222,0.0002378554304452262,6.426708878344223e-05,7.257087637816674e-07,4.261113013488439e-06,2.4945421684896717e-05,0.00011115246565568102,1.5528062064821488e-06,0.9746263639572181,1.3077414407418375e-07,4.762366435970016e-06,0.00013310544481447142,4.282165270306151e-08,4.924181266082082e-08,0.012378870113474352,9.417376173539172e-05,8.551029135287909e-07,0.00036968691843004,0.006261839173120042,1.850556922217217e-09,0.00011805107409050927,0.004872435655901145,2.9851228638181913e-09,4.6746160402281244e-06,0.00012926782575976324
14,0.0008476490791714139,0.0007934414845443266,3.6397724606881595e-05,7.318719863681647e-07,8.333045053271094e-06,3.129292607769992e-05,0.00011393970025432362,1.4432355946110247e-06,0.9768169113275865,3.3966881391810653e-07,3.839249692033597e-06,8.012016676323153e-05,3.0609523839046265e-08,1.0146754083363947e-07,0.008494760015845843,0.00012200225234422637,7.070031545567743e-07,0.0003610090993909252,0.009299333092980555,3.493022547063196e-09,6.609037030951649e-05,0.0027934056825240157,3.796849749529025e-09,5.11845627053306e-06,0.0001229951800984334
15,0.0006342328785151697,0.00022060135491630133,5.742629481184384e-05,5.061998840833437e-07,3.356749268353859e-06,2.6623027998094846e-05,7.038966362735731e-05,8.742440045433386e-07,0.981883061343254,1.476216266120532e-07,1.931768627209377e-06,7.46809766352422e-05,3.931898584057395e-08,3.0604455979903806e-08,0.008458710984045615,9.140806531077863e-05,6.411501981995845e-07,0.00035134642479500385,0.0052546427774174415,1.7905786598676208e-09,8.794346776270873e-05,0.0026624444199237333,1.7790048652810419e-09,3.834779846184967e-06,0.00011512231450617388
16,0.00048455948149153487,0.00026586666929677747,5.104065253417631e-05,7.274112383367668e-07,2.8733852177320134e-06,2.1496405818272625e-05,9.28359019212286e-05,1.2194460248875844e-06,0.9779094583408953,2.3534453389459302e-07,1.7771339887482134e-06,0.0001378965288322776,4.429685092120747e-08,4.682568459230631e-08,0.010001972664927508,0.0001224182281982246,6.871132727676053e-07,0.0003776444532277274,0.005489642019336024,2.3462449775745172e-09,0.00015928986124799307,0.004736457804569885,2.397909444900273e-09,3.4902120645136062e-06,0.00013831507467231414
17,0.000718691134346373,0.00032359506454917203,5.563709133140583e-05,1.0722139941503878e-06,6.420703750547995e-06,2.6883120076726397e-05,0.00012717946660325326,1.4690419890939376e-06,0.9742917762998559,2.3716317052173248e-07,3.6607105677457175e-06,0.00016860868701073004,8.104519876394312e-08,9.152019297983925e-08,0.010889068583659331,0.00011116974653360821,2.0923678706122864e-06,0.000616335143587699,0.005341429195158264,3.893245208321706e-09,0.00017925913540547026,0.006878418024957106,5.206021657179434e-09,4.704219335657745e-06,0.0002521112215878199
18,0.0008835221247028032,0.00023902832815641167,5.512205778123161e-05,6.319647878885331e-07,5.199640987503923e-06,2.4539805100239463e-05,9.032688161532582e-05,7.183341845120111e-07,0.9815489880891048,2.0443864080055176e-07,1.5778984475024203e-06,0.00011610583582101724,7.718167878761044e-08,6.580180291325579e-08,0.008876327323531115,8.096025278008714e-05,1.470498537522581e-06,0.0006757191505548743,0.0032480628608833146,3.0822025261651955e-09,0.000135709949494481,0.003692200861670204,2.784142110686424e-09,2.939322427915583e-06,0.00032049553096413444
19,0.00045210280268137803,0.00020601118697916534,6.272020609954976e-05,6.445406517334133e-07,2.478541804202191e-06,1.6269206220819168e-05,0.00010084916867208054,9.389781946078124e-07,0.9828620012356097,1.4740076006564104e-07,1.5492188951138636e-06,0.00012800575074770174,4.082039879318207e-08,2.736058952476282e-08,0.008487315403686966,9.135349256925454e-05,4.653657704223164e-07,0.0002707929576321559,0.003891917037396111,1.527389021627394e-09,0.00010608849808903615,0.0032013023986966075,1.7142246711382762e-09,3.0641726855167406e-06,0.00011391101355569959
20,0.00040910411890824076,0.00017056800634538663,5.7416339679639946e-05,5.836308413602251e-07,2.438125796002653e-06,2.0777690426021945e-05,8.3849145466543e-05,1.7217057977167884e-06,0.9703752194961479,1.2621553744268487e-07,2.643038599264639e-06,0.00011188115825659528,3.3666615058872376e-08,3.0840843572617815e-08,0.01702355768890197,0.00012717283738800436,5.869710451775033e-07,0.00033036292814651646,0.00570118950169117,1.5893854952506975e-09,0.00010357798025685719,0.005371309781515288,1.5282847869733692e-09,2.9790842392284157e-06,0.00010286692988483466
21,0.0005565777550265839,0.0002457327489749284,4.482257418317861e-05,5.78096697540396e-07,2.27711166724127e-06,2.1517545594985454e-05,6.272144107282387e-05,8.845144404335047e-07,0.9851536616611596,1.8138108589987625e-07,1.3731828473443436e-06,7.868721582491813e-05,3.095859404503586e-08,3.414281662568195e-08,0.006173634633618483,0.0001169635598807398,3.980559668955608e-07,0.0003682121521712089,0.00454671933610341,1.5922577024407258e-09,8.351878516236097e-05,0.002457633266695891,1.147404628976766e-09,3.3251483811232355e-06,8.051199237132439e-05
22,0.0009557466684551569,0.00017012478901291638,6.369053180773844e-05,5.039875758105163e-07,3.3845148122014468e-06,3.2529212986564644e-05,4.6548705367369245e-05,8.508393892750815e-07,0.9819688485023876,1.3462260158479378e-07,2.1925421680031703e-06,5.550710936471755e-05,4.496641786232498e-08,3.271546989436985e-08,0.007918095933750412,9.08059381333193e-05,1.103154858302567e-06,0.0006781262727017116,0.004602858209661661,2.031965031449017e-09,8.325101627326781e-05,0.003189645069789571,1.6266092188301694e-09,4.254619449523843e-06,0.0001317164189910504
23,0.0006342328785151697,0.00022060135491630133,5.742629481184384e-05,5.061998840833437e-07,3.356749268353859e-06,2.6623027998094846e-05,7.038966362735731e-05,8.742440045433386e-07,0.981883061343254,1.476216266120532e-07,1.931768627209377e-06,7.46809766352422e-05,3.931898584057395e-08,3.0604455979903806e-08,0.008458710984045615,9.140806531077863e-05,6.411501981995845e-07,0.00035134642479500385,0.0052546427774174415,1.7905786598676208e-09,8.794346776270873e-05,0.0026624444199237333,1.7790048652810419e-09,3.834779846184967e-06,0.00011512231450617388
24,0.000769123971016551,0.000349987372842782,4.965592856844624e-05,7.097869806142003e-07,3.5824175309408372e-06,2.9164041430410393e-05,6.756793338170253e-05,9.394911774997081e-07,0.9818633871633964,2.1456995384102294e-07,2.001603753727792e-06,8.1342582001553e-05,4.270818626857147e-08,4.8387783659281156e-08,0.006758695079863911,0.00010144410467677583,8.05033744611508e-07,0.00043356030723348674,0.006217038379932351,2.4074148923566456e-09,9.002767685108649e-05,0.0030591073410407054,2.271563607881209e-09,4.6837083582007356e-06,0.00011686573131605462
25,0.0005628026315395981,0.00031222418362578965,6.424060025405932e-05,1.0852403472072827e-06,4.8963233958111606e-06,3.302946359936429e-05,0.00014691849270660016,3.7727983371416217e-06,0.9685486642683188,2.1348925209397148e-07,8.15661941160293e-06,0.00012688866116192666,3.139397868926465e-08,7.628885135470504e-08,0.01301738118946632,0.00016371388677750373,8.639485251279735e-07,0.00045371290058802337,0.009860902074944498,2.233288786923164e-09,0.0001212037785702692,0.006474458417585988,3.7069370104270226e-09,6.222065141747734e-06,8.853534339459571e-05
26,0.001520235402467956,0.0002048544090956744,8.020723158147427e-05,4.344531070284789e-07,3.452075085509989e-06,3.484677495877209e-05,3.953568899540346e-05,4.053306927017412e-07,0.9874566538602907,1.2777873283509418e-07,1.7177128548476192e-06,4.525751334015215e-05,6.139520223298171e-08,1.7962063394344807e-08,0.0027680147459560635,5.2933039474283844e-05,8.060719386036059e-07,0.0004974963170778197,0.005856063949273972,1.959527881645417e-09,6.556513988440071e-05,0.0012721843875967863,2.0363895814080202e-09,9.967442970965931e-06,8.915732144101374e-05
27,0.0019712749137993273,0.00046733171098730015,0.00015356585587167682,5.407175971491647e-07,9.242767486589944e-06,4.0188440753848914e-05,0.00016395671945992584,5.609999472035251e-07,0.9873208897931584,3.723185033649397e-07,1.264174764561238e-06,8.261757957457884e-05,8.497368977706089e-08,4.1238642422860964e-08,0.0035055119174069883,6.237631188825348e-05,6.023023603502355e-07,0.0003604724228133349,0.004912704761132644,3.355094407551774e-09,9.541654394933308e-05,0.0005719069330521667,3.892667947952929e-09,5.788525762129971e-06,0.000273280829636455
28,0.0006342328785151697,0.00022060135491630133,5.742629481184384e-05,5.061998840833437e-07,3.356749268353859e-06,2.6623027998094846e-05,7.038966362735731e-05,8.742440045433386e-07,0.981883061343254,1.476216266120532e-07,1.931768627209377e-06,7.46809766352422e-05,3.931898584057395e-08,3.0604455979903806e-08,0.008458710984045615,9.140806531077863e-05,6.411501981995845e-07,0.00035134642479500385,0.0052546427774174415,1.7905786598676208e-09,8.794346776270873e-05,0.0026624444199237333,1.7790048652810419e-09,3.834779846184967e-06,0.00011512231450617388
29,0.0006342328785151697,0.00022060135491630133,5.742629481184384e-05,5.061998840833437e-07,3.356749268353859e-06,2.6623027998094846e-05,7.038966362735731e-05,8.742440045433386e-07,0.981883061343254,1.476216266120532e-07,1.931768627209377e-06,7.46809766352422e-05,3.931898584057395e-08,3.0604455979903806e-08,0.008458710984045615,9.140806531077863e-05,6.411501981995845e-07,0.00035134642479500385,0.0052546427774174415,1.7905786598676208e-09,8.794346776270873e-05,0.0026624444199237333,1.7790048652810419e-09,3.834779846184967e-06,0.00011512231450617388
30,0.0006342328785151697,0.00022060135491630133,5.742629481184384e-05,5.061998840833437e-07,3.356749268353859e-06,2.6623027998094846e-05,7.038966362735731e-05,8.742440045433386e-07,0.981883061343254,1.476216266120532e-07,1.931768627209377e-06,7.46809766352422e-05,3.931898584057395e-08,3.0604455979903806e-08,0.008458710984045615,9.140806531077863e-05,6.411501981995845e-07,0.00035134642479500385,0.0052546427774174415,1.7905786598676208e-09,8.794346776270873e-05,0.0026624444199237333,1.7790048652810419e-09,3.834779846184967e-06,0.00011512231450617388
31,0.0013854344882082848,0.00032000481015361003,0.00012060270803488164,6.497238734671551e-07,3.765240634814156e-06,3.0506256117386653e-05,0.00010611830804693905,1.84870400253176e-06,0.9792332702938158,2.65144887906515e-07,2.151629214727178e-06,9.303813144366612e-05,4.9445878216130004e-08,3.827426721485065e-08,0.006970821947306937,9.859041576268322e-05,6.978665023446591e-07,0.000488469690300061,0.0085039588933647,2.349323235477116e-09,9.182797330387504e-05,0.002415804086264758,2.3666125617691398e-09,5.193839329116285e-06,0.00012688741335023688
32,0.0006527852590395368,0.00022358635679024303,5.616760034434817e-05,4.7117137492026817e-07,3.19520228743948e-06,2.7239558847740343e-05,6.600027301461648e-05,8.968954117950767e-07,0.9812149480413659,1.4341460373116838e-07,1.959923237547771e-06,7.391915037949664e-05,4.000675377396235e-08,2.9635694862165747e-08,0.00826235867129109,9.02864525974205e-05,6.313222531539362e-07,0.0003384792967426474,0.006111571690431542,1.7298602504984428e-09,8.510339723098627e-05,0.0026810945030361307,1.719530917953228e-09,4.056000867569599e-06,0.00010503272701235825
33,0.0006806453216066726,0.0002989699228915804,5.383409124894349e-05,8.191104250796883e-07,4.471244995569772e-06,3.924565520463115e-05,8.382294490749697e-05,1.5892732994054575e-06,0.974795192313317,2.528087985438563e-07,3.4591350112360504e-06,9.28874225872584e-05,5.72209188037731e-08,5.897840364735647e-08,0.008911865820460066,0.00014441830899309657,1.3389258349263918e-06,0.0005176353873873323,0.008930338228617326,3.041128898818109e-09,0.00012605246291229861,0.005187778495531447,3.4046694718211766e-09,6.330477762714922e-06,0.00011893000308667018
34,0.0005616371675551222,0.0002864504230003992,7.293966156670165e-05,1.2122172187239453e-06,5.442568686515653e-06,3.861272976340347e-05,0.00013755868817586197,1.5330874843947698e-06,0.9732236481932248,3.8925858537035714e-07,2.9791069935407105e-06,0.00011786482946348736,5.321139185642775e-08,7.146102187937436e-08,0.01441163672253591,0.00017585063448453348,1.2745474887577872e-06,0.000591988268678752,0.004539212112165684,4.148756305258563e-09,0.00017590711068180267,0.005398678171280251,4.796982223981339e-09,4.5563797367136535e-06,0.00025049450307683754
35,0.00031009654941756005,0.0007356419189839768,7.408988509841406e-05,1.1554581081997787e-06,2.317436419016076e-05,0.0001340249783720578,0.00018896956667580625,1.6333181398700735e-06,0.9332690655345371,3.8520546250513286e-07,1.3815274652750122e-05,0.00011283372490421582,9.081768634829416e-08,2.0838232493141946e-07,0.0461592367444566,0.0002861335543578019,2.966320177738761e-06,0.00016706333552560004,0.012057850389840944,1.0574373938347694e-08,0.00022287942206450766,0.005851560171497067,1.8505602762009837e-08,7.3520923566499785e-06,0.00037974391119241307
36,0.0006060612682162174,0.00019514857477725966,4.9852106529959526e-05,4.853083552181163e-07,2.3394307164306113e-06,1.3530555349577205e-05,0.0001004947065372216,2.3483265624379275e-06,0.968571445157158,1.1752700770096004e-07,2.203873377029709e-06,0.00019302852456237442,5.6445568512799016e-08,3.223235070968014e-08,0.014487472199344893,0.00014002894822833637,7.016059830738841e-07,0.000320345241373802,0.00875894637423829,1.565603994809583e-09,8.172494487118896e-05,0.006369401320656309,1.1234446237207305e-09,2.732853224763049e-06,0.00010149978596198461
37,0.0013572591096738485,0.00023905942583114166,9.199494784371427e-05,6.055920264365156e-07,3.0300826608930643e-06,2.4727621630673557e-05,7.26871137975693e-05,7.153174100070226e-07,0.9859471533975653,1.9193847997405949e-07,1.761066450423331e-06,8.432608376212163e-05,5.3750412433927416e-08,2.548038819434209e-08,0.003778463132129477,7.089960163758936e-05,6.22260133919027e-07,0.0005291783004122777,0.005611659214386847,1.9895078418753586e-09,7.997410144353451e-05,0.0019898743604907236,2.2397517291290072e-09,7.854573929392045e-06,0.00010787929824375825
38,0.0007736698416072904,0.00017235439543750603,6.33796954695678e-05,2.427788455491083e-07,3.397231689150685e-06,3.688281124139083e-05,5.641352874848959e-05,5.339556899099078e-07,0.9843633165134211,1.194580340223801e-07,1.2738131045735204e-06,3.757805062168665e-05,3.065110264372668e-08,1.77407151694351e-08,0.007603602225972955,8.382414096107201e-05,3.1221095150471853e-07,0.0002458196678620225,0.005368534638982946,1.1272158589054845e-09,4.590472170257807e-05,0.0010480419461236837,9.829263778814763e-10,3.5411038314319808e-06,9.120676774144334e-05
39,0.0004991663675370033,9.71579209336133e-05,9.726713391496813e-05,5.050468945985752e-07,2.3473184821530757e-06,5.303646155232293e-05,6.0563773696714364e-05,1.5571076361276805e-06,0.9770749165932782,1.680965587365702e-07,1.8275299021663047e-06,6.535516846277178e-05,6.67345794239473e-08,1.8886224263739732e-08,0.010580215897812021,0.0001610017207418278,9.118966641436334e-07,0.0004089847232980485,0.007571247682449354,1.982684308575928e-09,0.00016154919316651307,0.0030618599522118364,1.5307109052546355e-09,4.646593704495126e-06,9.562468690324018e-05
40,0.0006411625938273546,0.00022182080662893486,5.639611837523088e-05,5.30929863786086e-07,3.405247909555231e-06,2.7514311564428927e-05,6.986515849551266e-05,9.241737351814462e-07,0.9816157060240058,1.560257846087783e-07,2.001567913145081e-06,7.435205081156852e-05,4.027276523786281e-08,3.156027756872265e-08,0.00835381098695929,9.746468076189126e-05,6.832042746015012e-07,0.00037336882103603496,0.005465072499983194,1.9078830380878373e-09,9.080460067040365e-05,0.0027874684602635256,1.8491828109436467e-09,4.054696615517861e-06,0.00011336145041149093
41,0.0005238102377376435,0.00010330542216580751,3.5105605465682186e-05,1.21307637552592e-07,4.4226861074106286e-06,1.1152354549463291e-05,4.6146345361114125e-05,2.888227444001657e-07,0.989599908812725,3.087584641090438e-08,6.942414700736766e-07,2.4644826288299372e-05,2.1562165378112564e-08,7.396916662234188e-09,0.007540168468981068,5.35266195070021e-05,1.652436599595143e-07,0.00012951821109325568,0.0013879322616650977,7.043823602671713e-10,1.922323927121597e-05,0.0004501574644875608,3.1505704891352214e-10,1.138450101334865e-06,6.850852461307733e-05
42,0.00042777099855813164,0.00015612284785164232,6.714734100875412e-05,6.707753350958706e-07,1.6121509345695959e-06,3.0367234049991755e-05,6.936196679499226e-05,2.529651921569807e-06,0.9652814423122671,1.9033004512673637e-07,2.532720345372718e-06,0.00012927564168105197,5.5450767478594235e-08,2.4865820584454558e-08,0.013170316714732424,0.00021806270314307563,7.995636089090174e-07,0.0003724763501308194,0.012843502055414933,2.0403353824201478e-09,0.00015379408936843668,0.006996685122663387,1.5338729378322624e-09,5.286274696175629e-06,6.996926465203815e-05
43,0.0007125525668421713,0.0002140249563990221,5.372134278920499e-05,4.225222674247586e-07,3.5218267914367283e-06,2.00654304786972e-05,7.062859687483835e-05,7.235622602997295e-07,0.9833611275189788,9.116037017670485e-08,2.052536702041609e-06,7.742937761717755e-05,3.4734254130303896e-08,2.6329368035998965e-08,0.008233441964396012,6.716634959015737e-05,5.410620591456822e-07,0.0002988162171168246,0.004522402752535315,1.3077955411139879e-09,6.269199275807102e-05,0.0021821496388900116,1.4265993883840042e-09,3.3263880876112716e-06,0.00011303843817869706
44,0.0006342328785151697,0.00022060135491630133,5.742629481184384e-05,5.061998840833437e-07,3.356749268353859e-06,2.6623027998094846e-05,7.038966362735731e-05,8.742440045433386e-07,0.981883061343254,1.476216266120532e-07,1.931768627209377e-06,7.46809766352422e-05,3.931898584057395e-08,3.0604455979903806e-08,0.008458710984045615,9.140806531077863e-05,6.411501981995845e-07,0.00035134642479500385,0.0052546427774174415,1.7905786598676208e-09,8.794346776270873e-05,0.0026624444199237333,1.7790048652810419e-09,3.834779846184967e-06,0.00011512231450617388
45,0.0004317079708025077,0.00011024140110546878,6.512696359484058e-05,3.803187461418446e-07,2.542201837506095e-06,2.7325341100348945e-05,7.192079390031048e-05,1.8170509766007937e-06,0.9703149787291429,9.131496918171815e-08,2.7974187622920097e-06,6.035155651542823e-05,2.8899280697941897e-08,1.5649769910053936e-08,0.019065927531112716,0.00017679588216048143,3.8441962202471727e-07,0.0002635371289465457,0.006315520956705912,1.2365295278955039e-09,5.363893564259025e-05,0.0029672835193983037,8.353301323678166e-10,3.2844316412828994e-06,6.429951240620334e-05
46,0.000650958439820557,0.0002190693651147334,6.02327288725283e-05,6.539649904956517e-07,3.471296493555841e-06,3.297417724626811e-05,6.69704876311924e-05,1.0499634890866615e-06,0.9782480598732924,1.6542124862128692e-07,2.436178144041742e-06,8.662274166214087e-05,5.606159802856022e-08,3.6921598772780705e-08,0.009362365999115036,0.00010795513302524908,1.1341607301281643e-06,0.0004377432067695884,0.0064236086155667555,2.3707115052360546e-09,0.00011665231659497984,0.0040416265716893985,2.383217793536001e-09,4.855826868964437e-06,0.00013129579450811828
47,0.000600771489161488,0.00024177599992385626,5.960425743083911e-05,5.572789432318348e-07,3.754618877966199e-06,3.091845852548889e-05,7.434976471043941e-05,9.726908435245628e-07,0.9811788260200631,1.5698847127530822e-07,2.373196153686048e-06,6.754391273955383e-05,3.42112038489088e-08,3.512232565779247e-08,0.009065005501237526,9.082150152927658e-05,6.426863945639421e-07,0.00035398465998446633,0.005381440326137439,1.8322160612805518e-09,8.820396677041854e-05,0.0026406485809811636,2.0510894416769426e-09,3.988472379686991e-06,0.00011358641190633798
48,0.0008137269145179413,0.000498986708267456,5.119154328780003e-05,5.348991639839628e-07,3.1672555594267644e-06,4.947336141469313e-05,6.071278777146228e-05,1.316331444814215e-06,0.9620974083941845,2.694005955561505e-07,3.1295529663005776e-06,7.341163863959801e-05,4.714956850823432e-08,4.276997638443913e-08,0.00589953712720543,0.00011051597542517342,8.763352958582324e-07,0.00028684965408075765,0.02629099518979801,2.251970349218603e-09,8.827127670287915e-05,0.0035948668158750797,2.9789106387933358e-09,9.637834807644501e-06,6.502585257003692e-05
49,0.0006355649349795752,0.0002194599393786101,7.530805639079369e-05,6.72981617001723e-07,2.7691488573486442e-06,2.9015232170158803e-05,7.565381918077978e-05,8.78550072065109e-07,0.9818231749151191,1.76937121161931e-07,1.9495451366997737e-06,9.369855631214431e-05,4.498203151624821e-08,3.263124573819473e-08,0.008246967184785466,8.892797558231115e-05,6.730869470389451e-07,0.00039398023943838025,0.00499691956264176,1.876750029752107e-09,0.00011167784229692047,0.0030654754153137233,2.1857096090795755e-09,4.4521563947337155e-06,0.00013252224452750959
50,0.0006735203434188761,0.0002399006764661322,6.229154972900851e-05,5.420801171600826e-07,3.692763389617988e-06,2.7468872255804005e-05,8.286980894058744e-05,9.954561085855408e-07,0.9807247087170798,1.7236945040503114e-07,2.036369317105398e-06,8.368504892041897e-05,4.2358945619736104e-08,3.5100490565868666e-08,0.009012851343381445,9.737830571016412e-05,6.778633494982331e-07,0.0003651624615804226,0.005567051992584298,1.971827153881666e-09,9.397488583100527e-05,0.0028272470320686335,2.03854936005917e-09,3.9068286168131415e-06,0.00012978376187152218
51,0.0006381552659921051,0.0001871697965370034,6.168391020471711e-05,4.627080026265802e-07,4.05257614475967e-06,3.0024052145654608e-05,7.627595953449678e-05,8.550074046527141e-07,0.9818906449347559,1.5199459544220778e-07,1.9892636058602456e-06,7.051745912620674e-05,4.705417407558632e-08,2.8359813258591155e-08,0.0088821291010997,0.00010205802170698922,7.006567244867528e-07,0.0003589441113433053,0.005049706751672905,2.0023595180367183e-09,9.391982220347603e-05,0.0024202588616838642,1.9259416472017284e-09,4.118839948765341e-06,0.00012610156327876883
52,0.0006243405989804146,0.00024276703481568583,5.920479589344114e-05,5.399925275150463e-07,3.4346057598773855e-06,2.4879244210371564e-05,7.805595220514957e-05,9.062236934936652e-07,0.9816762971441134,1.5332583252279094e-07,1.939240237885268e-06,8.527693319116212e-05,4.1142809586917806e-08,3.103429333284013e-08,0.00831606916200592,8.961261780241572e-05,6.467726622017524e-07,0.0003191930551954325,0.00551441023449983,1.8618700992075526e-09,9.542285071158032e-05,0.00274541131138124,1.9813722837798204e-09,3.941028854315738e-06,0.00011742185508103878
53,0.0006692395364761981,0.00022412486933169146,5.659781319787183e-05,4.998943322421503e-07,3.1609792644721197e-06,2.7982388590647423e-05,6.217804051327325e-05,8.324458638005282e-07,0.9822455461292168,1.4678115773106896e-07,1.8574560678252407e-06,6.922445955494436e-05,3.8955908547654855e-08,3.024950685227192e-08,0.007882989594915252,8.865380838742019e-05,6.657032845549382e-07,0.0003686003784033454,0.00548289012780452,1.7747931160964047e-09,8.628725347144203e-05,0.0026137826691174574,1.7007385900233945e-09,3.944274371183324e-06,0.00011072271573030815
54,0.0006047505487096327,0.00019733635244749835,5.903030200957841e-05,5.180861614856615e-07,3.264490608895458e-06,2.7110312012113415e-05,6.952640680862467e-05,9.391138347926112e-07,0.9819656693506769,1.4039321743678884e-07,2.1353271981128217e-06,7.496412557077498e-05,4.170032107500614e-08,2.8328131702025952e-08,0.00804399656042402,9.445322716488903e-05,6.733780434970261e-07,0.0003599613840727694,0.005498409785583504,1.7954609682703202e-09,9.419310109758683e-05,0.002796009751775061,1.8198260455080063e-09,4.318373237108565e-06,0.00010252598560601787
55,0.0011797734910379543,0.0011748196149105133,0.00016544193745713322,2.1535247116143485e-06,2.7617351071181274e-05,0.00022001982763178557,0.00027287554525188076,9.088329328663153e-06,0.9026653216344208,1.8290141138931143e-06,2.2533324206493255e-05,8.300875803294273e-05,5.631090499814469e-08,3.9834920151479754e-07,0.04890758633563715,0.0004242795348666355,6.843612078300347e-06,0.000959997551175123,0.027632606831406996,1.8114258781486532e-08,0.0003262689870418917,0.015410775358894523,3.754656653276084e-08,1.1868112585116127e-05,0.0004947810032073675
56,0.0006550886701717838,0.00022097039001647034,5.849233177893909e-05,5.178680620178725e-07,3.4059269072754858e-06,2.664054543883842e-05,7.181676822595903e-05,8.756911335399237e-07,0.9817955804552003,1.4623734774040048e-07,1.989455565085284e-06,8.187580983550451e-05,4.5577202638778274e-08,3.1788210312708815e-08,0.008246982466690886,8.860953560484675e-05,6.867605985049047e-07,0.0003526397075714232,0.005454268263808255,1.8591611643433145e-09,9.085327275334466e-05,0.002725676073872118,1.878150107934149e-09,4.061963458893223e-06,0.00011874070323388207
57,0.000598715024377468,0.00023065281010971523,5.409116482184934e-05,5.640941926585907e-07,2.9136476567983222e-06,1.9771682613184762e-05,8.28182169631827e-05,1.0911190380569732e-06,0.9784052238265589,1.7506646354656987e-07,1.6383136672603502e-06,0.0001389686812980758,7.088206978855108e-08,3.066122787304635e-08,0.008649954450051716,0.00010931470847283127,8.793472140574194e-07,0.0003323928632273246,0.006988628334677652,2.4545370727415806e-09,0.00011925523217805174,0.004131854358536872,2.0210606746126924e-09,4.123643271781251e-06,0.00012686739571347828
58,0.0007148613059838173,0.0002149656659232996,5.8931825683364524e-05,4.934453278911546e-07,3.1510155270180643e-06,2.614199813005833e-05,6.764732673106414e-05,7.917346191572867e-07,0.9832645664061184,1.342713674721309e-07,2.0346364549239586e-06,7.870041926975879e-05,4.317021871340506e-08,2.6992945537046008e-08,0.006714460616414219,8.13618696716241e-05,5.838294307552934e-07,0.0003421530078199128,0.005886375172144634,1.6359699461249674e-09,8.211937605644573e-05,0.0023562251839099597,1.8019040796653644e-09,4.9703338306806695e-06,9.925695854736086e-05
59,0.0006677589127181734,0.00020687241319196383,6.591363819112113e-05,5.13697607927896e-07,3.0242858141122145e-06,2.711260273346914e-05,6.809161688443149e-05,8.195573617621191e-07,0.9831012184941533,1.4190206241018392e-07,2.027937336955179e-06,7.391056510273552e-05,3.9208336548927256e-08,2.4821145864922807e-08,0.007227764777884844,8.552313742764611e-05,5.510857575788171e-07,0.0003343322465239561,0.005578708072960077,1.6873595712829096e-09,8.698402626827586e-05,0.0023661063873977495,1.8426089209741171e-09,4.970080961392885e-06,9.75870022090481e-05
60,0.0006342328785151697,0.00022060135491630133,5.742629481184384e-05,5.061998840833437e-07,3.356749268353859e-06,2.6623027998094846e-05,7.038966362735731e-05,8.742440045433386e-07,0.981883061343254,1.476216266120532e-07,1.931768627209377e-06,7.46809766352422e-05,3.931898584057395e-08,3.0604455979903806e-08,0.008458710984045615,9.140806531077863e-05,6.411501981995845e-07,0.00035134642479500385,0.0052546427774174415,1.7905786598676208e-09,8.794346776270873e-05,0.0026624444199237333,1.7790048652810419e-09,3.834779846184967e-06,0.00011512231450617388
61,0.0006745871781005739,0.00020638655744643677,6.531231090997954e-05,5.072047430777323e-07,3.097304131414606e-06,2.6343468157092572e-05,6.918114708194936e-05,8.256730247225189e-07,0.9831485288210506,1.397132780682303e-07,1.9752507350993727e-06,7.617986156854322e-05,4.182643464595212e-08,2.5315939244844267e-08,0.007298569510247903,8.521003628047868e-05,5.671738423829924e-07,0.00033544265030937187,0.005456587891150059,1.720677243615407e-09,8.62003608931801e-05,0.002358775996262122,1.8085974991831082e-09,4.7720839730856086e-06,0.00010073913516522518
62,0.0006342328785151697,0.00022060135491630133,5.742629481184384e-05,5.061998840833437e-07,3.356749268353859e-06,2.6623027998094846e-05,7.038966362735731e-05,8.742440045433386e-07,0.981883061343254,1.476216266120532e-07,1.931768627209377e-06,7.46809766352422e-05,3.931898584057395e-08,3.0604455979903806e-08,0.008458710984045615,9.140806531077863e-05,6.411501981995845e-07,0.00035134642479500385,0.0052546427774174415,1.7905786598676208e-09,8.794346776270873e-05,0.0026624444199237333,1.7790048652810419e-09,3.834779846184967e-06,0.00011512231450617388
63,0.0006550523586156043,0.0002663137673409619,5.58465171043527e-05,5.251337421203915e-07,3.370133854361739e-06,2.5984570398714234e-05,6.794074648425136e-05,8.211797602018678e-07,0.9820544820949703,1.5547711151662198e-07,1.8554536402980366e-06,7.552670076951674e-05,3.789520970619154e-08,3.308420916509538e-08,0.00812483000328177,8.488831403604912e-05,6.302635382669316e-07,0.00033041330348746026,0.0054381619566771285,1.8563414272806427e-09,8.671946622496775e-05,0.002606070357101573,1.891232120639803e-09,3.8019030833987673e-06,0.00011653557178477271
64,0.0005477136625731431,0.0002253492754128423,5.767895296629576e-05,5.845150525969277e-07,3.119755016845425e-06,2.7100257524479587e-05,7.121599342525216e-05,8.362227535388507e-07,0.9822927118930168,1.6913145850560201e-07,1.765970758316916e-06,8.572605624171186e-05,4.397378312445129e-08,3.3792278714705316e-08,0.008123325807050528,9.02362333096196e-05,6.801381157478146e-07,0.00035219384873102296,0.004945214878700198,2.011394501142449e-09,0.00011986865114769429,0.0029267800768213764,2.0906064697245967e-09,3.914547092713334e-06,0.00012373226476800514
65,0.000697281516103598,0.00040067688488736134,0.00011835875427001521,1.1867763757677612e-06,5.134417359726416e-06,4.548793681639468e-05,0.00017625481139996177,2.3694976241624726e-06,0.9705560710813711,5.612827064337288e-07,2.718784509812282e-06,0.0001305695173701517,5.1610647181033845e-08,8.134345887997384e-08,0.015221442421186029,0.00016438440632653774,9.952134120665967e-07,0.0004936666867633416,0.00699305007472457,4.382323487972205e-09,0.00020408195859213357,0.004532305692706638,5.267836806284559e-09,4.463470437505207e-06,0.0002487962107903264
66,0.0009871693111712448,0.0001640590041109265,9.838320807182012e-05,3.757962859028004e-07,5.629902340226869e-06,4.577646538390701e-05,6.383443389296114e-05,5.855726356485973e-07,0.9853182050939415,1.9154649586907336e-07,1.8153971469542477e-06,4.8006719530493314e-05,7.625182309234567e-08,2.092196044411341e-08,0.005967638789769946,8.941476066226718e-05,8.728222744207987e-07,0.0004160913638786453,0.0051564999757558,3.201363385108541e-09,0.00010727929710059037,0.0013819164874280434,2.6821457606310867e-09,7.282449965064357e-06,0.000138868544865323
67,0.0007021630420971152,0.00020625498816747616,0.00010942447499556422,2.187521475452969e-06,6.00073139680539e-06,0.00020380629189758716,6.811881141910587e-05,1.348713663923534e-06,0.9743339744648284,6.165969279956714e-07,4.91072974374299e-06,8.324425183641799e-05,1.8397502319634278e-07,1.331429632494238e-07,0.009311488304116862,0.0002379949907574181,4.683087815514282e-06,0.0013354702347559578,0.00708428602803445,9.331349987177256e-09,0.00039551981176931723,0.005588187811318007,1.1713560415718212e-08,1.5002857104596706e-05,0.0003049780929812599
68,0.0010489828323649725,0.00020825151734791945,0.00016661829641295947,1.0942322105098952e-06,9.100099073689459e-07,1.702533648105859e-05,7.406705248863529e-05,6.968313829644062e-07,0.9902868424487884,2.3693865074915467e-07,8.673453442473009e-07,0.0001277270056452011,3.074690056745067e-08,1.9019360101525507e-08,0.0018749573074465149,4.626509699898257e-05,2.9145197458920363e-07,0.000550887143741138,0.0034852868734325127,1.0490894287282209e-09,0.00017765516969421268,0.0018404970359430738,1.8308373164792886e-09,6.171691400741619e-06,8.461573615565011e-05
69,0.0005825129799538498,0.000258503894482272,8.210608221615248e-05,7.237984366277856e-07,4.107992301405821e-06,3.44125837343724e-05,9.964628676015775e-05,1.344435765711796e-06,0.977743440745276,1.8460477164146826e-07,3.625861166598424e-06,9.58245284967279e-05,4.2564034553663676e-08,3.371224983819776e-08,0.009963021872122689,0.00011803089266036485,6.380257230322058e-07,0.00029978854539795363,0.007437275314695971,2.3117282946149116e-09,0.00012803715485149844,0.0030398469857583713,3.1927613495352197e-09,6.825080720566251e-06,0.0001000205539340727
70,0.0009353382230595412,0.00018234112714626087,8.1922913500847e-05,5.70565653009705e-07,3.6842395336446793e-06,2.190624941360058e-05,8.881586990238031e-05,1.3582254277764306e-06,0.9806193394015205,1.680280611844503e-07,1.4862301806456723e-06,7.825307412192045e-05,4.5431042326781643e-08,3.455165198701848e-08,0.011240246897156289,0.00012158136602998208,7.64578250971386e-07,0.000565772523502611,0.003147306480407411,2.227774879773127e-09,6.70010040138045e-05,0.0026651287288690386,1.162891037944275e-09,2.2275856499641225e-06,0.00017470331523826386
71,0.0006783392360360868,0.00032805540919642555,4.7126023471180636e-05,5.130583314593559e-07,6.020957954782323e-06,2.236840589296773e-05,8.833581164794115e-05,8.037150936483218e-07,0.982830134201077,2.1589616466402275e-07,1.5292925894936396e-06,7.805987471762141e-05,5.231625598812901e-08,3.5705774839586055e-08,0.008352766188169788,0.00011584182103622927,7.540232856880279e-07,0.0003031501198740748,0.00471390524483987,3.6252779420674565e-09,9.399057764479052e-05,0.002189653038951876,2.4305696180715634e-09,3.859979974692321e-06,0.000144483046171242
