,0,1,2,3,4,5,6,7,8,9,10,11,12,13,14,15,16,17,18,19,20,21,22,23,24
0,0.006553964279798834,3.067505603813499e-05,1.7596524170902587e-09,1.506891794787812e-09,3.7298591049077554e-06,4.3908652350712424e-10,1.6775206836251923e-05,6.187866178689498e-07,0.9925789620041336,8.418489117999648e-05,8.668385358229899e-08,7.549903040389335e-10,1.3740122405427213e-08,5.952476222373306e-08,6.698819147791459e-08,2.5426337047513265e-07,1.0510693741704607e-07,1.381157247680255e-07,2.434872024412871e-05,3.3662048921664806e-09,4.095486340993063e-10,2.7152088829313998e-05,6.432351742505448e-08,3.208953411841225e-07,0.0006784712290214499
1,0.08799098713895903,0.0006951266193308999,2.0311412638253197e-08,1.1265821267199358e-08,2.4030675708072732e-05,3.3693102477612083e-09,0.00010796908588316575,1.9519757107203463e-06,0.874895798438193,0.00015983345819627054,1.8858304860963172e-06,3.145302231179624e-08,6.098788340718945e-08,1.981113618065177e-06,2.1351230788865565e-06,2.581179067472548e-07,1.3386522230247361e-06,4.491521918227105e-06,8.804394891375971e-05,1.8229651542608975e-08,2.8103419276417944e-08,0.00034886627458715854,1.6663666033858526e-06,2.8668638449301364e-06,0.035670595074317774
2,0.005666421813898154,2.5276384890760837e-05,1.3935574579801827e-09,1.1224474777460076e-09,3.4072401952331217e-06,2.7934202183776985e-10,1.3506068352760884e-05,4.878528499778957e-07,0.9934527871553541,6.740390871575022e-05,6.281897973841055e-08,4.74124113154501e-10,8.928284157858986e-09,5.175302965182612e-08,5.526804223009417e-08,1.5310758795944593e-07,7.246906151191353e-08,1.0855755306673322e-07,1.7786705468558776e-05,2.72216181336983e-09,2.889573966125248e-10,2.4454555475918114e-05,5.5866084023519986e-08,2.7423319720327265e-07,0.0007276190323891671
3,0.005998617581472534,2.7971284868570356e-05,1.4217185774389126e-09,1.3250194751839394e-09,3.2111355496489595e-06,3.249348634710634e-10,1.4531384911840535e-05,5.318826819139297e-07,0.9931893457634826,6.421631216343532e-05,7.439152854222171e-08,6.0112714394293e-10,1.111983046555735e-08,5.1577467818961567e-08,5.846292108635133e-08,1.8470931403035387e-07,9.598522617873898e-08,1.1640428589352971e-07,1.8138746253619963e-05,2.4597511270974528e-09,3.124000144171249e-10,2.3435776015544757e-05,5.779216454788775e-08,2.815693604190659e-07,0.0006590616755501433
4,0.005407363822079206,2.9051450230315744e-05,1.3813083630052028e-09,1.4181586219252056e-09,3.252677479095875e-06,3.477459056875845e-10,1.402353926535232e-05,5.209267912645967e-07,0.9938179750789152,5.980060642714129e-05,7.741160856425619e-08,6.676643685731219e-10,1.2933191695428375e-08,5.459866589252913e-08,5.3997629180727915e-08,1.8645185809347612e-07,1.0360781292032872e-07,1.1563982900024118e-07,1.7110018034568543e-05,2.5150264526572104e-09,3.152054646777523e-10,2.1821996995958278e-05,6.111353123587168e-08,2.7004581759484184e-07,0.0006281374387287972
5,0.006986792086568898,2.3703960248753745e-05,1.4529013255377913e-09,1.5891276222598095e-09,3.032164065639328e-06,2.963875768694691e-10,1.4442043366820944e-05,5.481264527326237e-07,0.9920761239013581,7.24940894455728e-05,7.062781846325652e-08,6.405079385576375e-10,1.0623965973420047e-08,5.849911940159133e-08,4.89031722859024e-08,1.8798161070648857e-07,1.0723830291682584e-07,1.7290530167473226e-07,1.5207096473518122e-05,2.9712954032876468e-09,3.265055609862503e-10,2.2922092805195883e-05,6.354833701085405e-08,3.4305485653473087e-07,0.0007836637800045597
6,0.005998617581472534,2.7971284868570356e-05,1.4217185774389126e-09,1.3250194751839394e-09,3.2111355496489595e-06,3.249348634710634e-10,1.4531384911840535e-05,5.318826819139297e-07,0.9931893457634826,6.421631216343532e-05,7.439152854222171e-08,6.0112714394293e-10,1.111983046555735e-08,5.1577467818961567e-08,5.846292108635133e-08,1.8470931403035387e-07,9.598522617873898e-08,1.1640428589352971e-07,1.8138746253619963e-05,2.4597511270974528e-09,3.124000144171249e-10,2.3435776015544757e-05,5.779216454788775e-08,2.815693604190659e-07,0.0006590616755501433
7,0.00925615614091691,4.390377472414438e-05,2.983399532150665e-09,1.7076023767573712e-09,3.948781416263123e-06,4.4356049192414295e-10,1.782477569210345e-05,1.0083015627806451e-06,0.990133855408191,5.9705710747849124e-05,1.298434958953256e-07,8.261901351448489e-10,2.696362026474444e-08,4.145786792437458e-08,7.969445508454921e-08,2.3004815363182305e-07,1.3023830464048142e-07,1.1014214234128536e-07,3.737417614228073e-05,2.6108135645926632e-09,3.805863666894573e-10,2.5610875300818873e-05,5.416466404242448e-08,3.1438964330003016e-07,0.00041948616080638893
8,0.005058258846684022,2.0710998794074028e-05,1.349941749686735e-09,1.2936514661884877e-09,2.8672574698929725e-06,2.343318687419799e-10,1.1258944598605167e-05,2.7701068260553083e-07,0.9938903100831565,7.321993886468187e-05,6.491808675554621e-08,2.90352644151667e-10,4.913460328577563e-09,6.249504930838037e-08,6.58810817340636e-08,1.0482334757449962e-07,6.028995615478027e-08,1.0106129135142042e-07,9.039629231261028e-06,1.9628133314044095e-09,2.631117377791729e-10,2.2005161088855417e-05,5.2096763732582776e-08,5.360743946291064e-07,0.000910994181795111
9,0.006679767240734288,2.1179637657707742e-05,2.1083865943395755e-09,1.791295030058396e-09,3.0887598024970784e-06,3.0063831256725137e-10,1.0478272616109795e-05,4.897875077118686e-07,0.9925623616191166,8.747686585288322e-05,8.590790404087515e-08,4.303901699079916e-10,8.950658637079207e-09,5.985180061581719e-08,6.227047250171972e-08,1.6262705998352714e-07,9.398389418728523e-08,1.2087866640264986e-07,1.4879111579395313e-05,2.7892225368820152e-09,3.425543763807034e-10,2.5386953266499253e-05,5.790367240816691e-08,5.611877931293973e-07,0.0005936704274574802
10,0.005998617581472534,2.7971284868570356e-05,1.4217185774389126e-09,1.3250194751839394e-09,3.2111355496489595e-06,3.249348634710634e-10,1.4531384911840535e-05,5.318826819139297e-07,0.9931893457634826,6.421631216343532e-05,7.439152854222171e-08,6.0112714394293e-10,1.111983046555735e-08,5.1577467818961567e-08,5.846292108635133e-08,1.8470931403035387e-07,9.598522617873898e-08,1.1640428589352971e-07,1.8138746253619963e-05,2.4597511270974528e-09,3.124000144171249e-10,2.3435776015544757e-05,5.779216454788775e-08,2.815693604190659e-07,0.0006590616755501433
11,0.005990146651348478,2.9063887107413318e-05,1.4626029596648784e-09,1.3825203504231093e-09,3.266755648021875e-06,3.386499088038816e-10,1.4781385367193575e-05,5.765760177286181e-07,0.9932292140476027,6.221726689226681e-05,7.661445560693844e-08,6.537497054098106e-10,1.2713982102176494e-08,5.116671028555909e-08,5.722626451394166e-08,1.9560610747894292e-07,1.0219857144694128e-07,1.1793473456308199e-07,1.9182094567064496e-05,2.5223857128476773e-09,3.143446380750159e-10,2.3050206911270708e-05,5.894335471332037e-08,2.7146738926166673e-07,0.0006275505827146987
12,0.005857707325206246,3.096763820635626e-05,1.3607918373636775e-09,1.400722152855242e-09,4.0231205308588535e-06,3.4553825303523006e-10,1.4705129709201595e-05,4.387978368989975e-07,0.9931676949768548,6.0173015257099865e-05,7.795459751551698e-08,6.784577561785949e-10,1.0751255673100017e-08,6.328943041222894e-08,5.756028298956609e-08,1.8061520070004646e-07,9.002804693833978e-08,1.370337317854944e-07,1.600188158399923e-05,2.611531911909085e-09,3.3607172805946206e-10,2.0327173727096155e-05,6.778264256108894e-08,2.825900285835297e-07,0.0008269866027565987
13,0.0056374340542942256,3.5784104989823904e-05,1.7774852001703963e-09,1.8524321933296015e-09,4.169754477809677e-06,3.8905461587983743e-10,1.3680190300219408e-05,5.327647070339139e-07,0.9937131813395187,4.8009182775978604e-05,1.5828009447044626e-07,6.983453885145219e-10,1.660460936146706e-08,5.888162115861007e-08,9.86289072813453e-08,1.839209639711471e-07,1.0665635932353181e-07,8.652607885216288e-08,1.9605997839974076e-05,2.0946234037911753e-09,4.033407156799069e-10,2.1240640123109165e-05,8.081703649265656e-08,3.887770820881036e-07,0.0005051756629383979
14,0.010570716534711042,0.00012148101012458056,2.8087419085763336e-09,1.3549841764134855e-09,9.90279928849795e-06,9.743305843457309e-10,2.2532317628645418e-05,7.458911135257444e-07,0.9883791294392352,6.860539157093945e-05,2.05202569356813e-07,2.3261171205881414e-09,3.958959512910632e-08,8.596886077152403e-08,1.027167254880817e-07,3.695174894612524e-07,1.1613240173414025e-07,1.4596737139819537e-07,8.659103262646574e-05,3.530168095926281e-09,7.881004456818938e-10,2.8913413464817982e-05,8.510877855945219e-08,2.2113805529237935e-07,0.0007099990459466203
15,0.005998617581472534,2.7971284868570356e-05,1.4217185774389126e-09,1.3250194751839394e-09,3.2111355496489595e-06,3.249348634710634e-10,1.4531384911840535e-05,5.318826819139297e-07,0.9931893457634826,6.421631216343532e-05,7.439152854222171e-08,6.0112714394293e-10,1.111983046555735e-08,5.1577467818961567e-08,5.846292108635133e-08,1.8470931403035387e-07,9.598522617873898e-08,1.1640428589352971e-07,1.8138746253619963e-05,2.4597511270974528e-09,3.124000144171249e-10,2.3435776015544757e-05,5.779216454788775e-08,2.815693604190659e-07,0.0006590616755501433
16,0.008098284706436405,2.953505790147398e-05,1.5172155299414307e-09,1.8206374808856178e-09,3.2249459277728977e-06,4.069062311183093e-10,2.1438770110702026e-05,6.009763778961547e-07,0.9902947284552133,0.00011786120660855596,8.098175303046245e-08,1.0026135614139896e-09,1.09405122948849e-08,8.981845797832442e-08,6.609505315472329e-08,2.474197211199648e-07,1.4061327786875544e-07,2.760402246699979e-07,1.829383823261611e-05,4.306662609336032e-09,6.561740130174229e-10,3.5193735672442486e-05,8.672957851715839e-08,3.8766684013361664e-07,0.0013794422918907282
17,0.00959173932283188,3.672038490661033e-05,1.4513558831501173e-09,1.6105902562414535e-09,3.460216230603194e-06,3.111358349386019e-10,1.6529052510823306e-05,7.636572309461344e-07,0.9889993384355905,6.812269810698456e-05,8.022780146153755e-08,1.3234808227154503e-09,1.680226156019015e-08,7.802801084564637e-08,4.4892031031955664e-08,2.129908596961032e-07,1.6568712856254063e-07,2.874431659769807e-07,2.059054050944227e-05,3.676783990360023e-09,5.056354294895449e-10,2.851403803637993e-05,9.924101700855193e-08,2.5877809450108035e-07,0.0012329686846928392
18,0.007096321300061725,2.9646740009826373e-05,9.263876645951761e-10,1.1238703756913496e-09,2.0029043421225265e-06,2.747154265256171e-10,1.3374873919857891e-05,4.5563544121893245e-07,0.9913785937613764,7.507712378189932e-05,5.5241680227442795e-08,8.518806958783685e-10,9.565831526212447e-09,7.192209360532877e-08,3.6532296905180456e-08,1.4408288405587668e-07,1.4977069303076468e-07,2.2517528682475639e-07,1.2200302667505032e-05,2.7823060632398447e-09,3.6459167908960633e-10,2.9584141146601775e-05,7.499570296398976e-08,2.6143780658861407e-07,0.0013617081692253194
19,0.005613326087993232,3.0057189383583184e-05,1.5924277841149478e-09,1.5510094130177007e-09,3.937230821254071e-06,3.27735202279936e-10,1.559233816469989e-05,6.77097896258814e-07,0.9936729851387158,5.7195158316924786e-05,7.878019043445935e-08,7.446235603247857e-10,1.4439942353042221e-08,5.130403738832565e-08,6.08396458400868e-08,2.090963242657481e-07,1.0019290657299162e-07,1.1422936967760694e-07,2.063816985336859e-05,2.5962938764555975e-09,3.248911857858936e-10,2.327175046355997e-05,5.6954777406491635e-08,2.453650245646836e-07,0.0005613814991917128
20,0.005048916585118899,3.0973542606573384e-05,1.9429185030788834e-09,1.6804112723920166e-09,3.469717189678831e-06,4.534506439705256e-10,2.1019576538223544e-05,7.467002232190156e-07,0.9940797683434744,7.412889843752675e-05,1.0039837040275775e-07,5.797002632987918e-10,1.1727240414586457e-08,5.896132069700935e-08,1.333222379904575e-07,1.9717875148653193e-07,1.0417785435776904e-07,8.614058354294801e-08,2.372498069737509e-05,2.9086856787809244e-09,4.935727701960955e-10,3.943561745202524e-05,7.473946204531682e-08,3.5928497168093996e-07,0.0006766820487301991
21,0.007324912814320914,3.171823606841443e-05,1.4985097268407043e-09,1.4182246172535438e-09,4.189118744667924e-06,3.1309406530094145e-10,1.2129991320102456e-05,4.442565825727625e-07,0.9917379294037569,8.594412002195954e-05,8.663462237541828e-08,7.97433736853413e-10,1.1499837966225e-08,6.680486511099444e-08,4.7032694576151516e-08,2.0236843559297377e-07,9.204236536694803e-08,1.6599595030606766e-07,1.8784028788005954e-05,2.913440366714382e-09,4.11532623463622e-10,2.2491570501892583e-05,5.79355958977046e-08,3.2683084130438436e-07,0.0007603919624509798
22,0.008299994420003542,2.4592982844170783e-05,1.9968609754973332e-09,1.9276552557473846e-09,3.0002476130845774e-06,3.448053407187752e-10,1.5035377207224632e-05,7.14065148084925e-07,0.9908353829489203,9.874681326357471e-05,9.209543564933136e-08,7.057701233638759e-10,1.2270811043179262e-08,5.896211285981084e-08,6.40172131901277e-08,2.2958163825846282e-07,1.3610928907868783e-07,1.728936568051047e-07,1.989615950625932e-05,3.309251992844115e-09,4.5255061507673217e-10,3.120533210499354e-05,6.278757456285937e-08,4.292372947165591e-07,0.0006701649614683846
23,0.005998617581472534,2.7971284868570356e-05,1.4217185774389126e-09,1.3250194751839394e-09,3.2111355496489595e-06,3.249348634710634e-10,1.4531384911840535e-05,5.318826819139297e-07,0.9931893457634826,6.421631216343532e-05,7.439152854222171e-08,6.0112714394293e-10,1.111983046555735e-08,5.1577467818961567e-08,5.846292108635133e-08,1.8470931403035387e-07,9.598522617873898e-08,1.1640428589352971e-07,1.8138746253619963e-05,2.4597511270974528e-09,3.124000144171249e-10,2.3435776015544757e-05,5.779216454788775e-08,2.815693604190659e-07,0.0006590616755501433
24,0.004572107245013998,2.675369492422372e-05,1.2556275892174412e-09,1.6233277081996097e-09,4.17027959702878e-06,3.2579102180717055e-10,1.2632092181685154e-05,4.7393808626977736e-07,0.9947119565928499,5.297804701282307e-05,6.946811182454457e-08,6.694247896608586e-10,1.2630379718155231e-08,6.025537359670863e-08,4.4530940343340435e-08,2.04695371552936e-07,8.887528359455797e-08,1.1803179264316347e-07,1.411568827088327e-05,2.4463524246280887e-09,2.7717738483840086e-10,1.635611474259879e-05,6.141942723345822e-08,2.4187221500455007e-07,0.0005875479307239479
25,0.008270470281269456,2.6160709897049263e-05,1.9199754203916077e-09,2.078184951585094e-09,3.388770034356257e-06,3.1889888450933476e-10,1.8937217957416643e-05,1.0437155174414966e-06,0.9910249659370166,6.624256588160945e-05,1.060773849842239e-07,7.394284651306446e-10,1.7537342890380057e-08,4.833302522184713e-08,7.41972337514407e-08,2.486695277099667e-07,1.303182464305609e-07,1.4401396428960547e-07,2.5550220528618266e-05,2.982296275236701e-09,4.1753668347871074e-10,2.6426822799895024e-05,7.278935421153482e-08,3.1989670798439995e-07,0.0005356434699894348
26,0.005914012002027553,2.1238670328563855e-05,1.1768373158578764e-09,1.1605735811014914e-09,2.634710529673332e-06,2.1311515696460957e-10,8.597656915727184e-06,3.798863164391539e-07,0.9935270352653516,4.455719530209252e-05,6.421353338589583e-08,3.87720030645478e-10,9.03058101405942e-09,3.687815911443748e-08,3.4777816455365776e-08,1.3913855354821797e-07,8.182966670866845e-08,9.538331549241178e-08,1.1058862158112263e-05,1.619781502332962e-09,1.6784606492732165e-10,1.4120775359548229e-05,4.644707530788348e-08,3.10444126472869e-07,0.0004555421070096153
27,0.04671904503740449,0.00012114801480300763,9.034078357274674e-09,6.4568373638731504e-09,1.4414612071166033e-05,1.179486401953783e-09,3.483301271699555e-05,2.991047533178671e-06,0.9518648600426551,0.00010499650884753949,2.482752464686838e-07,7.238321520527792e-09,1.0541416420576623e-07,1.2039335114987844e-07,6.067500490076584e-08,9.158536604694893e-07,3.8759502795098175e-07,1.1679464032400537e-06,0.00011712188504156858,7.159574559817837e-09,1.9461584015451437e-09,2.350670570023868e-05,1.4238553285799065e-07,3.0800331854703026e-07,0.0009935935770600975
28,0.005998617581472534,2.7971284868570356e-05,1.4217185774389126e-09,1.3250194751839394e-09,3.2111355496489595e-06,3.249348634710634e-10,1.4531384911840535e-05,5.318826819139297e-07,0.9931893457634826,6.421631216343532e-05,7.439152854222171e-08,6.0112714394293e-10,1.111983046555735e-08,5.1577467818961567e-08,5.846292108635133e-08,1.8470931403035387e-07,9.598522617873898e-08,1.1640428589352971e-07,1.8138746253619963e-05,2.4597511270974528e-09,3.124000144171249e-10,2.3435776015544757e-05,5.779216454788775e-08,2.815693604190659e-07,0.0006590616755501433
29,0.005998617581472534,2.7971284868570356e-05,1.4217185774389126e-09,1.3250194751839394e-09,3.2111355496489595e-06,3.249348634710634e-10,1.4531384911840535e-05,5.318826819139297e-07,0.9931893457634826,6.421631216343532e-05,7.439152854222171e-08,6.0112714394293e-10,1.111983046555735e-08,5.1577467818961567e-08,5.846292108635133e-08,1.8470931403035387e-07,9.598522617873898e-08,1.1640428589352971e-07,1.8138746253619963e-05,2.4597511270974528e-09,3.124000144171249e-10,2.3435776015544757e-05,5.779216454788775e-08,2.815693604190659e-07,0.0006590616755501433
30,0.005998617581472534,2.7971284868570356e-05,1.4217185774389126e-09,1.3250194751839394e-09,3.2111355496489595e-06,3.249348634710634e-10,1.4531384911840535e-05,5.318826819139297e-07,0.9931893457634826,6.421631216343532e-05,7.439152854222171e-08,6.0112714394293e-10,1.111983046555735e-08,5.1577467818961567e-08,5.846292108635133e-08,1.8470931403035387e-07,9.598522617873898e-08,1.1640428589352971e-07,1.8138746253619963e-05,2.4597511270974528e-09,3.124000144171249e-10,2.3435776015544757e-05,5.779216454788775e-08,2.815693604190659e-07,0.0006590616755501433
31,0.012092002500055142,3.379028788452231e-05,2.3346352671972717e-09,1.6435257961147568e-09,3.836011393865241e-06,3.038387131067095e-10,1.691077995971475e-05,1.1108231009656938e-06,0.9869140082121546,6.975537800673884e-05,8.327345499136227e-08,9.54308634870501e-10,1.9850417858560715e-08,5.218666029842378e-08,5.0999679234237836e-08,2.3709867181646445e-07,1.39558245882942e-07,2.20073001643366e-07,3.2958208991170275e-05,3.5770586646854027e-09,4.108245957566768e-10,2.76544479603424e-05,7.492566980319495e-08,2.6951274478617626e-07,0.0008068166477550673
32,0.006384646334990718,3.010627766959244e-05,1.5855220273342104e-09,1.3417778784730012e-09,3.441778102979443e-06,3.5769905009531377e-10,1.5577414629367377e-05,6.030720013987185e-07,0.9927721584055365,6.831391450913218e-05,7.995236988249289e-08,6.6314117837276e-10,1.2318361425699556e-08,5.360720074534586e-08,6.487286633934536e-08,2.0111393074631596e-07,1.0029525477557691e-07,1.195530025089543e-07,2.2333250753664778e-05,2.7618834187988977e-09,3.501851857617016e-10,2.6421496576680342e-05,6.166746294106859e-08,2.842057087286285e-07,0.0006754134088632261
33,0.005981822235034475,2.7634908275886838e-05,1.2660933099250973e-09,1.2752855553437225e-09,2.687621621320924e-06,3.1821011101411744e-10,1.4853936746673497e-05,6.301889885393462e-07,0.993275170199193,6.147080514328685e-05,6.717826734956259e-08,6.962446799516981e-10,1.3246523751616594e-08,4.7624512520420644e-08,4.88492111209861e-08,2.012479820584895e-07,1.1725725996626091e-07,1.206187383677323e-07,1.9025779216331557e-05,2.4500706288090263e-09,2.872983149166126e-10,2.463953509196498e-05,5.4726362073542345e-08,2.3317734626211637e-07,0.0005911545712825839
34,0.002220670088370579,1.9582991737748052e-05,1.066605071746862e-09,1.4294901379886379e-08,2.353858346916908e-06,4.32726185605936e-09,0.00014324783287535095,9.487470192579107e-07,0.9945520235627715,0.00028859667428705925,3.378099576498269e-08,3.873903339836311e-09,9.060549617747148e-09,3.318390317095838e-07,1.2207814527139006e-07,2.0561073094475174e-06,9.809347582903602e-07,1.7163362626292079e-06,2.45419104590843e-06,1.3300100047835599e-08,1.5778018778511024e-09,3.599364702372986e-05,1.5598037045533917e-07,2.8462090338925734e-07,0.0027283992276217065
35,0.0009310297141176797,0.00011389229513026079,5.694836914151085e-09,4.050149727977515e-09,4.759314186384121e-05,4.774213108804679e-09,3.221429683982339e-05,1.445504530409279e-07,0.9972030584600409,7.378239442678726e-05,6.946905603748396e-07,5.430253247490936e-10,8.990778963096343e-09,5.279475392620825e-07,3.2018378055592567e-06,2.1565595280820307e-07,3.095736300125531e-08,1.9239414496183914e-08,2.889354520454476e-05,5.17180802082657e-09,2.324808491539241e-09,4.751818613174201e-05,3.93398859061373e-07,1.6108466676366428e-06,0.0015151472920085134
36,0.004618860790613748,2.0513205771194292e-05,7.091173522885784e-10,9.540111097959921e-10,1.2548794022043396e-06,2.1465227236212938e-10,1.3048785350706015e-05,8.771691239255282e-07,0.9948859238325877,3.72931888889358e-05,3.676571549747018e-08,6.921136448982963e-10,1.2854799146716496e-08,2.797998410190798e-08,3.130267231804701e-08,1.889049647303707e-07,1.758318120801228e-07,9.004386395069455e-08,1.4011898626389137e-05,1.5087078703502784e-09,1.5178556110490727e-10,2.623940363049874e-05,4.018273399255202e-08,1.2123184835152782e-07,0.0003812475172226689
37,0.011478552978537086,2.4431793638734643e-05,2.356473880408051e-09,2.207580003453671e-09,3.6178557831727917e-06,2.920927889461595e-10,1.5078236424815637e-05,6.64902204068048e-07,0.9875323667413056,8.790883469111955e-05,1.1110778361233543e-07,6.881782914369212e-10,1.2602767491675253e-08,6.350103724047511e-08,6.433212677057692e-08,2.1791306774408264e-07,1.201421156194747e-07,2.306238150494574e-07,1.9628569770915462e-05,3.325133387585522e-09,4.243768141477076e-10,2.4686028561568482e-05,7.228735170249995e-08,6.058883454635926e-07,0.0008115563668369407
38,0.00811694819562545,3.788094722419395e-05,2.072003647889445e-09,1.735346172751132e-09,3.966850917989827e-06,6.663921735605903e-10,2.9210821267606696e-05,1.0606455841756427e-06,0.990948285979111,8.664353668454745e-05,1.174047793036709e-07,9.77440971750595e-10,2.0743170140781307e-08,5.731260382563699e-08,1.1501903239605187e-07,4.3253217044126203e-07,1.415456249003361e-07,1.4435445572017987e-07,4.335678946886928e-05,3.921977233509406e-09,5.446181088550081e-10,3.451917283512984e-05,9.107014223279908e-08,3.051304850242189e-07,0.0006966920310387792
39,0.00722876812624523,3.0612479474969085e-05,1.6596028319694893e-09,1.8432686786444604e-09,3.532760262282828e-06,4.3585941852720506e-10,2.3659040527656672e-05,9.810272681602222e-07,0.9916027810807032,7.685697642118098e-05,8.21707201856994e-08,9.49562501651324e-10,1.5943085095716007e-08,6.340220781845581e-08,7.824709272207285e-08,2.9280917430762284e-07,1.457302686944862e-07,1.7769561872433008e-07,2.6943114819167767e-05,3.748147216028068e-09,5.33067305466052e-10,3.432501904293655e-05,9.835113698084477e-08,2.6516527680274885e-07,0.0009703116911459584
40,0.007060375418672303,6.164934533690013e-05,3.4695856666621076e-09,1.4495848336675065e-09,7.606228631948274e-06,5.893074998469303e-10,1.5877371388080907e-05,5.827698626175413e-07,0.9917951956814859,7.51078250657839e-05,1.2265927771679103e-07,1.056568381590688e-09,1.4414162265213662e-08,8.616607315898936e-08,1.3057742059531334e-07,1.8057738784689752e-07,9.118455424379766e-08,1.170004719404854e-07,3.756765003062965e-05,3.623408655532427e-09,6.308961132319867e-10,3.8927530773938576e-05,7.024248329824616e-08,3.529822267393078e-07,0.0009059335553429966
41,0.0025384306748206043,2.2868350133332072e-05,8.365086284262236e-10,8.988923609014716e-10,3.115326958119795e-06,2.038061880658985e-10,6.794548678214857e-06,2.440270547758571e-07,0.9971069386704647,3.282648572151655e-05,4.186615809172173e-08,2.447837582909308e-10,6.991701270050447e-09,2.9504698441135253e-08,2.9173958621545954e-08,1.0956803718308826e-07,4.6775831410463845e-08,3.869734504309931e-08,7.2282906529240395e-06,8.879689074709315e-10,1.0372877004707392e-10,8.55716937484789e-06,2.5421653514146742e-08,1.5334285417043272e-07,0.000272511938214708
42,0.006432057250184488,3.485256606094341e-05,2.301447499581456e-09,1.0622445881169134e-09,2.8164179996973186e-06,4.001345486934278e-10,1.7343791667844778e-05,1.4077216184967253e-06,0.992849535672326,8.914240811126393e-05,7.543264585943202e-08,8.962732418569724e-10,1.797427949925213e-08,4.113063214375729e-08,8.754370424069786e-08,2.392112671218464e-07,1.3902563590102115e-07,7.949452827235658e-08,5.813334962281893e-05,3.6082687062215993e-09,4.835725861554299e-10,6.76358892683481e-05,4.95360779831136e-08,2.0364119306887717e-07,0.00044613319123483806
43,0.006902216086657745,3.463448065507034e-05,1.4570482470791956e-09,1.3786167742200559e-09,3.613553967989028e-06,3.2725496430337193e-10,1.5950921785838595e-05,5.785769570227852e-07,0.9922182110459298,4.789169663736967e-05,8.63005037282504e-08,7.868188462807613e-10,1.3589160432791989e-08,5.270150872399367e-08,6.46824533894484e-08,1.882723060202904e-07,1.0923160303537052e-07,1.3079689729851085e-07,1.977522876247212e-05,2.1802876561502283e-09,3.120108415105652e-10,2.125139409828371e-05,6.670565009551945e-08,2.567266543713291e-07,0.0007349015657739404
44,0.005998617581472534,2.7971284868570356e-05,1.4217185774389126e-09,1.3250194751839394e-09,3.2111355496489595e-06,3.249348634710634e-10,1.4531384911840535e-05,5.318826819139297e-07,0.9931893457634826,6.421631216343532e-05,7.439152854222171e-08,6.0112714394293e-10,1.111983046555735e-08,5.1577467818961567e-08,5.846292108635133e-08,1.8470931403035387e-07,9.598522617873898e-08,1.1640428589352971e-07,1.8138746253619963e-05,2.4597511270974528e-09,3.124000144171249e-10,2.3435776015544757e-05,5.779216454788775e-08,2.815693604190659e-07,0.0006590616755501433
45,0.005429039799117336,2.6452559689304732e-05,2.1176652709881115e-09,1.9489393107609724e-09,3.5560652044149336e-06,5.130969747308884e-10,2.775689266024446e-05,1.1027980517757652e-06,0.9939395297843978,7.120560475038689e-05,9.813168837761583e-08,5.36476187223185e-10,1.555010066676753e-08,4.302453857544936e-08,1.3755003590259953e-07,3.335722736407252e-07,1.0415817071308255e-07,8.30883294337745e-08,3.0007393059261438e-05,2.9094480954467594e-09,3.807378382075121e-10,3.0478757610436143e-05,6.408395055915408e-08,3.109678729580995e-07,0.00043967181213446535
46,0.006476276951175231,2.723676877209545e-05,1.4936223277255934e-09,1.5567164665775507e-09,2.6584872971584257e-06,3.576707537598086e-10,1.41123041347111e-05,6.439137999407944e-07,0.9927923967011235,6.569088715042566e-05,7.83167396105762e-08,7.144400368849514e-10,1.3404739997536623e-08,5.0290235238102756e-08,5.456888696904743e-08,2.1595091512252534e-07,1.3707185159562606e-07,1.3196679823637573e-07,1.7644887034732565e-05,2.5028945705494445e-09,3.231782146820149e-10,2.5034147077478968e-05,6.026157577766024e-08,2.9942893070140497e-07,0.0005772567432388597
47,0.005132604247994392,2.540019671162569e-05,1.4294030629161854e-09,1.5950857973501923e-09,3.660745648506098e-06,3.364759452849195e-10,1.382507817059602e-05,4.6586063345954315e-07,0.9941174514960587,5.974249355039283e-05,8.074140222930489e-08,4.947060162802832e-10,1.0317641987770454e-08,5.6118597413114785e-08,6.338091412968492e-08,1.8383927549757426e-07,8.441251012420849e-08,1.031228732699128e-07,1.472263810589546e-05,2.3119244358173016e-09,3.007729832663386e-10,1.902861993505493e-05,6.376209201966497e-08,3.2002673474404126e-07,0.0006121264327816677
48,0.01096174735344049,5.377455536359516e-05,2.5136936895456573e-09,1.7231141875539154e-09,2.3698661212980372e-06,6.860103241636529e-10,2.7546968684625396e-05,2.4523893905258574e-06,0.9884789880569391,5.750836672967256e-05,9.575216922061062e-08,1.4308673173218149e-09,4.7084259877474074e-08,3.0413274027200164e-08,6.850406859841428e-08,4.486360719264288e-07,2.994790045856603e-07,1.256397581589029e-07,6.285831512951475e-05,2.4401284408550905e-09,3.9796366532469194e-10,3.388674529866694e-05,5.508947485177764e-08,1.5947305821692806e-07,0.0003175281199854847
49,0.005875559788833994,3.5375601286253934e-05,2.101571896087893e-09,1.5014728975329316e-09,3.5047874557320417e-06,5.103648897208602e-10,1.572233947489108e-05,6.335717919549697e-07,0.9931750019994462,8.13468877231415e-05,8.582745842484596e-08,9.502160884725519e-10,1.385106574532031e-08,6.961528104372604e-08,7.784027895376506e-08,2.05621177119347e-07,1.337815545114831e-07,1.3749222049668697e-07,2.391611245174414e-05,3.777510689595863e-09,4.727732272369164e-10,3.734193799976764e-05,6.58015810893391e-08,3.2547277074015915e-07,0.000750472356238359
50,0.006036019984326679,2.7662127175370848e-05,1.4040400360474678e-09,1.3019102694759226e-09,3.179576311943847e-06,3.189882721397344e-10,1.4905961267563337e-05,5.370170568798323e-07,0.993133728516294,6.580213999782147e-05,7.284082161058618e-08,5.890442532369334e-10,1.0928688447281817e-08,5.1240166093561295e-08,5.854731703257305e-08,1.8393933631229733e-07,9.3989662350903e-08,1.169021631506418e-07,1.8393135432687083e-05,2.4848331045577546e-09,3.1353210759215865e-10,2.388608551108081e-05,5.728433632685795e-08,2.790073703969112e-07,0.0006749543644162547
51,0.002821920951988825,2.2223468567400592e-05,8.635892336257997e-10,1.0357380039247497e-09,2.0734530904499473e-06,1.6971312669770793e-10,6.700447676306893e-06,3.0707195959401946e-07,0.996887955666638,3.779027089785517e-05,4.547032279212555e-08,2.855578599929708e-10,7.421893061903996e-09,2.6336597120427604e-08,2.9491207907370005e-08,9.696291591294205e-08,6.626840274764189e-08,3.953807101236182e-08,6.5323365931329e-06,7.366521656914835e-10,1.2088443460556108e-10,1.138443702378715e-05,1.8191438784179894e-08,1.7440217932986435e-07,0.00020260460040097327
52,0.005603094517346651,3.177209847414624e-05,1.314991107777837e-09,1.1690438906790819e-09,3.2892988236249876e-06,3.157010460459133e-10,1.5172757057958238e-05,5.251121906358872e-07,0.993533502920035,5.707488591869636e-05,7.05378720262331e-08,6.308006111873596e-10,1.090535304398552e-08,5.062903319008668e-08,6.186136019415776e-08,1.689973512306885e-07,9.248355192481117e-08,1.042243672829033e-07,1.90616997941048e-05,2.208478118121354e-09,3.129697451079098e-10,2.4498252121999688e-05,5.741986631778166e-08,2.3795822798651788e-07,0.0007111474892694265
53,0.013882511401955063,5.5304824306093636e-05,3.903618600401623e-09,1.3414529443032545e-09,5.037468072846072e-06,3.807842339148597e-10,6.943939485605446e-06,6.018001688952247e-07,0.9852980465963782,8.946710400094531e-05,1.2008261734413243e-07,1.2714072034449922e-09,1.7098828149154708e-08,6.510960568710036e-08,4.844935406882915e-08,1.61717874079998e-07,1.405061946044666e-07,1.6858071243371187e-07,3.9890228967994005e-05,2.91624452870843e-09,5.157072030824814e-10,3.606042478590005e-05,4.5653679298316706e-08,4.036006987766757e-07,0.0005849550830992733
54,0.010241733720850504,2.5014114915800408e-05,4.557891696414691e-09,3.349828376486015e-09,5.586772452896317e-06,4.3441522805280845e-10,1.6290991978745357e-05,1.0732033027270233e-06,0.9890433458715583,8.442594440063229e-05,1.945572619179021e-07,6.290502912954636e-10,2.0085143323257118e-08,6.332054688131304e-08,1.284920519811395e-07,2.621070826239324e-07,1.2079767177030073e-07,1.436168891926769e-07,3.318095021120038e-05,4.5281080400005235e-09,5.960983375900989e-10,2.9848514572798037e-05,1.0000909068482879e-07,7.466527332678669e-07,0.0005177061818925601
55,0.007467354250413601,2.314939870400368e-05,4.845944324268417e-09,2.9131980366783514e-09,3.785545141042059e-06,8.633156368634011e-10,2.4363891336587157e-05,1.5038763369560171e-06,0.9916705223591926,0.00017116732295057338,1.4867544874798587e-07,3.244066784292767e-10,1.3869117212500923e-08,6.717309539042201e-08,2.6569419883591106e-07,3.6533117132238166e-07,1.2527827838893892e-07,7.707560232880377e-08,4.71356052019774e-05,5.5208771011956134e-09,7.32374119349385e-10,6.895590308932799e-05,1.1008010213137194e-07,8.096437818118555e-07,0.000520063826721372
56,0.005808196973320439,2.8290381956081305e-05,1.4332503363064618e-09,1.3802317958497653e-09,3.2427114587995734e-06,3.287578497818562e-10,1.4431194098938351e-05,5.495414740302369e-07,0.9934207237334034,6.122139287494295e-05,7.634639023633311e-08,6.264827196541865e-10,1.2303968659279634e-08,5.108203746841801e-08,5.667845027957292e-08,1.8789921881166972e-07,9.860656392263627e-08,1.1530903713182525e-07,1.8046405196861198e-05,2.463577978443617e-09,3.0500876376891515e-10,2.239509845833989e-05,5.778295474446443e-08,2.76256606072492e-07,0.0006219637652214377
57,0.00851036227945079,4.749654933994593e-05,2.7539455361965375e-09,1.4118634213973776e-09,4.663358349689382e-06,5.041216838149972e-10,1.7982253833331668e-05,1.1092727154683016e-06,0.9905167883100645,8.924111170704247e-05,1.0157211065623157e-07,1.4127550845934011e-09,2.1923307300077594e-08,6.477738222699041e-08,8.274126522193557e-08,2.850796692946529e-07,1.457860700255093e-07,1.481944221746019e-07,5.465340668229987e-05,4.406643998182695e-09,6.496337604881469e-10,4.930853087958776e-05,7.134425374589271e-08,2.569614167443622e-07,0.0007072054081167899
58,0.006116076390537426,2.7050413602143088e-05,1.5790829711661132e-09,1.39475992681022e-09,3.156809465892545e-06,3.3194213560467807e-10,1.3975367050772401e-05,5.134789799247103e-07,0.9931051799141987,6.793728829262015e-05,8.133443825158864e-08,5.641965749694063e-10,1.1099404215935068e-08,5.1967995288246206e-08,6.240164741860002e-08,1.8286357383094163e-07,9.588226158409618e-08,1.1374958797377115e-07,1.7726301681908525e-05,2.504933254583883e-09,3.1013082998514877e-10,2.4077496767750447e-05,5.6052370942018875e-08,3.45896799933036e-07,0.0006232986062976586
59,0.006054825905000622,2.7341083944001118e-05,1.7162357514780834e-09,1.4728038257854162e-09,3.321466915675811e-06,3.356625783481864e-10,1.3542282944993522e-05,5.065329338106989e-07,0.9931477379524315,7.046287866617043e-05,8.59144484807088e-08,5.542354935798873e-10,1.053562199112053e-08,5.531083065440615e-08,6.829419499479883e-08,1.749325155448614e-07,9.46643744240791e-08,1.122498860473664e-07,1.7519424730042426e-05,2.5731080439072716e-09,3.365895256127957e-10,2.5402555946022015e-05,5.828294170921189e-08,3.8554191877643775e-07,0.0006382872011193299
60,0.005998617581472534,2.7971284868570356e-05,1.4217185774389126e-09,1.3250194751839394e-09,3.2111355496489595e-06,3.249348634710634e-10,1.4531384911840535e-05,5.318826819139297e-07,0.9931893457634826,6.421631216343532e-05,7.439152854222171e-08,6.0112714394293e-10,1.111983046555735e-08,5.1577467818961567e-08,5.846292108635133e-08,1.8470931403035387e-07,9.598522617873898e-08,1.1640428589352971e-07,1.8138746253619963e-05,2.4597511270974528e-09,3.124000144171249e-10,2.3435776015544757e-05,5.779216454788775e-08,2.815693604190659e-07,0.0006590616755501433
61,0.006571820440796054,2.7494628304142537e-05,1.8602526520203308e-09,1.5567354747418081e-09,3.3757684025243298e-06,3.5183153787678303e-10,1.405594461684949e-05,5.614264514678182e-07,0.9926237299131275,7.302937748653324e-05,8.685709206082345e-08,5.78515867838263e-10,1.1180816817208813e-08,5.523264779489176e-08,6.919608049440128e-08,1.8668238733939372e-07,1.0160210651280898e-07,1.2127535863141863e-07,1.8769156723582154e-05,2.7236333769195147e-09,3.4881459761569363e-10,2.592389894432242e-05,5.937041613181247e-08,3.8087321542112494e-07,0.0006401597552421589
62,0.005998617581472534,2.7971284868570356e-05,1.4217185774389126e-09,1.3250194751839394e-09,3.2111355496489595e-06,3.249348634710634e-10,1.4531384911840535e-05,5.318826819139297e-07,0.9931893457634826,6.421631216343532e-05,7.439152854222171e-08,6.0112714394293e-10,1.111983046555735e-08,5.1577467818961567e-08,5.846292108635133e-08,1.8470931403035387e-07,9.598522617873898e-08,1.1640428589352971e-07,1.8138746253619963e-05,2.4597511270974528e-09,3.124000144171249e-10,2.3435776015544757e-05,5.779216454788775e-08,2.815693604190659e-07,0.0006590616755501433
63,0.005899606430249908,2.8971588465662376e-05,1.3820642437572104e-09,1.2612243168442054e-09,3.188359839549946e-06,3.185906924945974e-10,1.4217659150716212e-05,5.138366832780278e-07,0.9932992853343389,6.202365322387843e-05,7.359451349728259e-08,5.976837172453051e-10,1.1000015404303817e-08,5.0361635933359313e-08,5.771728121791367e-08,1.7730908738133647e-07,9.400700007431011e-08,1.1147172033803814e-07,1.7900012092176474e-05,2.3293488997946314e-09,3.0344551999214904e-10,2.3054847201603877e-05,5.5684665314498974e-08,2.711077235814228e-07,0.0006503298327542525
64,0.006462479508476599,3.0965807078246485e-05,1.7123627028304564e-09,1.4993263019871384e-09,3.7161284319802676e-06,3.674829421319568e-10,1.6212308058048316e-05,5.901792556806434e-07,0.992636897117988,7.40757481033809e-05,8.695213370154899e-08,6.729991415668884e-10,1.1944015580960042e-08,5.7750977681891395e-08,7.087714694111673e-08,1.977607554349868e-07,1.0020341789528158e-07,1.2621958500485385e-07,2.1272435686205296e-05,2.8802841796059555e-09,4.162251607857968e-10,2.7089753775588094e-05,6.548619980034755e-08,3.1939264449472533e-07,0.00072565687758925
65,0.005850076179061458,3.708280148892016e-05,2.7090561783147362e-09,1.9670518187315595e-09,4.264273865741854e-06,6.091219727241949e-10,2.1115500921810782e-05,7.142638845584081e-07,0.9932578107180775,7.720815280545749e-05,1.228089752037743e-07,6.418781617267637e-10,1.3493102780817655e-08,6.768237907275721e-08,1.560450878896727e-07,2.2699646608341377e-07,1.1717300474978161e-07,9.692706386581772e-08,2.6246670223503028e-05,3.1271792763108068e-09,5.116343531823919e-10,3.5451778735427105e-05,7.878109372162977e-08,4.402331598662697e-07,0.0006886999546809877
66,0.004786128551960942,2.4314268548328223e-05,1.5395568380193404e-09,1.7256180124569451e-09,4.017550835829552e-06,3.3508063734432155e-10,1.1120609279556813e-05,4.0086126121693295e-07,0.9944791445004098,7.87197748831594e-05,8.006630110782924e-08,5.784316915475649e-10,1.0185036669183512e-08,6.39793058642767e-08,5.049523330487766e-08,1.9474158913542556e-07,8.88384995338839e-08,1.1387379391231521e-07,1.3731812064799764e-05,2.63420200243424e-09,3.550143013206928e-10,2.047948770478927e-05,5.487103142353407e-08,3.422694036272325e-07,0.0005809360949532893
67,0.007393859900634403,6.172019120920824e-05,2.9089495652224607e-09,2.6836617300448488e-09,4.748555255210503e-06,2.145474530399979e-09,2.9805358603436005e-05,4.694711673333054e-07,0.989254944198996,0.00016114445785119026,1.870496567893144e-07,2.2354071634985207e-09,1.922313810628801e-08,2.9261168332146974e-07,1.7195285201720223e-07,3.6905749738490217e-07,2.865619269093486e-07,4.224378997018727e-07,2.6246255459255548e-05,1.1912755184034584e-08,1.5247868514249887e-09,6.276074152424654e-05,2.821445622324868e-07,9.246454985102246e-07,0.0030013217735497047
68,0.010541949421207156,2.8407771684831908e-05,1.890830713146652e-09,2.1662084836023235e-09,2.8350987717662595e-06,4.22410763058473e-10,2.0838668632657914e-05,9.792784835432919e-07,0.9884667118685506,7.263752385244382e-05,8.947474083733046e-08,1.327985960964255e-09,2.4699405811638708e-08,6.188088135759686e-08,4.464975581783029e-08,3.1365736309815405e-07,1.8726096531544301e-07,3.3612443856542575e-07,2.3332032951254517e-05,4.459968722969386e-09,4.4031595321795415e-10,2.174340673591858e-05,8.619576117382125e-08,3.0797659037970957e-07,0.0008191023015071345
69,0.010040123195415336,4.412005939522114e-05,3.028726408173734e-09,1.845461466901543e-09,4.236424362376404e-06,7.13527890052985e-10,2.3014748686503364e-05,1.059242425320958e-06,0.9887270953441116,0.00012944509542741397,1.399769511433364e-07,1.4043286839646545e-09,2.4607705510162584e-08,8.73852710977328e-08,1.0178991869360661e-07,3.4855808048997004e-07,1.7402839391911023e-07,2.1778816801576785e-07,5.1568935910438665e-05,6.773294117418799e-09,8.781182520685725e-10,5.159827634566433e-05,1.0545958557825095e-07,4.2928651138835555e-07,0.0009260951538777844
70,0.004243215436177616,2.1358147956285283e-05,1.1587490017016969e-09,1.6329015177153257e-09,2.992838451189015e-06,3.130429476904967e-10,1.1234205180043321e-05,4.2100465448508446e-07,0.9951353730705572,5.4228087425588304e-05,5.951140699867984e-08,5.499621281952002e-10,1.0506370427242688e-08,5.267027932953047e-08,3.767729305298556e-08,1.919076872482802e-07,9.95400585690514e-08,1.1645942399099997e-07,1.0019619574106574e-05,2.236254373600617e-09,2.3007032081398862e-10,1.5117685536609561e-05,5.353268740256699e-08,2.7193434909004265e-07,0.0005051400439502658
