,0,1,2,3,4,5,6,7,8,9,10,11,12,13,14,15,16,17,18,19,20,21,22,23,24
0,0.005856728752022585,9.081612661857026e-05,0.00010941825911394197,3.8375095888203707e-07,1.3675996162144934e-06,0.007513227416318575,0.03527530026727327,3.3073872292942296e-06,0.8254040412508186,1.3621085128897865e-05,0.0007910565863204288,6.377573166539053e-06,8.063511285429189e-09,0.000116501324658773,0.09727824135303342,0.0004985186008401084,1.595636379037182e-09,2.8127681488572935e-07,0.02266676500533097,1.8063511742342468e-07,6.2364884537177984e-06,0.00011350921449322983,1.921963962792211e-06,1.1037601823353354e-07,0.004252078047543224
1,0.4364470164784551,0.00288929983913457,3.168915302439969e-05,6.590855383327698e-06,2.9541360356649486e-06,0.03477616822940586,0.1751620950275578,2.5745117186180118e-06,0.006761363673198042,1.9530891465879503e-05,0.027088262725244557,0.00010550686942023673,1.7372410650049483e-08,0.0009788186093531747,0.22699522220799756,0.000562082651997216,1.3468723594073393e-07,0.0003455889503264153,0.004892878043831892,2.87523253863684e-07,0.0001956157093285693,0.0039334421097634705,0.0008744707447966482,4.963910638645318e-06,0.07792342508902193
2,0.008981052847552481,0.00023463533775684625,5.459020903486418e-05,7.591748626011017e-07,1.1711706705445793e-06,0.009397181250714723,0.052006676170982265,4.9541790629648286e-06,0.568822974183708,3.283812230450884e-05,0.00072427191269365,5.750920404321485e-06,5.178575304019709e-09,0.0001811227841176554,0.30104892067679173,0.0011314298245920843,4.306150530660777e-09,5.53963027851383e-07,0.039564066317841255,2.1664376941815843e-07,2.348228948024154e-05,0.0003926262948541596,9.262500527759837e-06,1.7055451502301502e-07,0.017381283186009257
3,0.00945348135401636,0.0002775573650324278,8.256215104935122e-05,9.632041031794313e-07,1.398899896660865e-06,0.008522972507262735,0.05317467572485248,5.043563504779027e-06,0.711612912037583,3.482080603051017e-05,0.0008462656507487628,6.358431016893622e-06,8.009038082869223e-09,0.00019415889089125405,0.16098792940275258,0.0007455520625945848,3.411140006941638e-09,7.292631159296502e-07,0.037499542484206234,2.426760183602223e-07,1.8955615511728636e-05,0.0002744975766465559,5.2744963094424774e-06,1.911054370029702e-07,0.01625390331124093
4,0.008959460153490771,0.0002900658766649851,9.256466876433444e-05,1.0319990794350374e-06,1.676890769465783e-06,0.009300315515277957,0.05419409112436843,4.951192210762296e-06,0.7205468838301234,3.724463950189247e-05,0.0008735010588154699,6.688090988317857e-06,1.0347673100073008e-08,0.00022561742770782576,0.15390809142726164,0.00076930232008726,3.3975919346173546e-09,7.460913367557561e-07,0.03600588533148148,2.6390290419250044e-07,1.7912312182535808e-05,0.0002737278369167265,5.410878783108502e-06,2.0331929064208384e-07,0.014484350366727605
5,0.011245069196994814,0.00037243431744495893,8.880284988800388e-05,1.4569917052735597e-06,1.7008109196775459e-06,0.010689448847968833,0.06258088641809023,5.782564614930412e-06,0.6938937997105596,4.578114690852889e-05,0.0010527127684305168,7.152287095789227e-06,1.0333420601557984e-08,0.00024271452165974678,0.15829722396485998,0.000819528342477402,4.1659523449752694e-09,1.2304956948625916e-06,0.039391759658699996,3.095306852553614e-07,2.523037765501225e-05,0.0003159277428704692,7.37590373312716e-06,2.5121509176083276e-07,0.02091340583657814
6,0.00945348135401636,0.0002775573650324278,8.256215104935122e-05,9.632041031794313e-07,1.398899896660865e-06,0.008522972507262735,0.05317467572485248,5.043563504779027e-06,0.711612912037583,3.482080603051017e-05,0.0008462656507487628,6.358431016893622e-06,8.009038082869223e-09,0.00019415889089125405,0.16098792940275258,0.0007455520625945848,3.411140006941638e-09,7.292631159296502e-07,0.037499542484206234,2.426760183602223e-07,1.8955615511728636e-05,0.0002744975766465559,5.2744963094424774e-06,1.911054370029702e-07,0.01625390331124093
7,0.008730252967356402,0.00037857494858994944,0.00010635698174073403,8.341692888471767e-07,9.792387347538106e-07,0.004263916739651466,0.0717060837770136,4.781430832809652e-06,0.7820348659635866,2.6049618747364818e-05,0.0011689324079732807,4.483678727172081e-06,1.8179863981046954e-08,0.00011834582336620613,0.09953909610401929,0.0003130847665664296,3.011533744809316e-09,6.887231491853874e-07,0.02229131196991091,2.8043128730042383e-07,8.494443023309522e-06,0.000146835088167248,2.447221718354662e-06,3.464045635335117e-07,0.0091529359105875
8,0.014700527168244232,0.0003444897294772929,9.99286924212041e-05,1.4248599092278987e-06,1.106917832801871e-06,0.0062611084757658465,0.07421587866902028,6.207871219050445e-06,0.6518043160407359,5.529179696824909e-05,0.0004294627875759336,5.029510546263394e-06,7.439252849330856e-09,0.00022597710114655547,0.17479020599282546,0.0012196390765651377,4.148315182988197e-09,7.159685954568599e-07,0.03450353942071208,2.7620110228325255e-07,2.3313217616826887e-05,0.0002699523994837644,7.71133422907209e-06,3.2449695086514646e-07,0.04103356068348822
9,0.008887389719568853,0.0003189662147489414,0.000128367501128656,1.0561204322294129e-06,9.571262796088903e-07,0.003196019232090788,0.052951320146863094,4.8636373875207505e-06,0.7958796319893698,3.7842714400672274e-05,0.0003894192774629726,3.0850998151411167e-06,9.968507235813529e-09,0.00011878558034124512,0.09374517877922557,0.0004588048521802581,2.7170026947558772e-09,4.787424445568797e-07,0.020185776702810698,2.2052894641033015e-07,1.0893972333003982e-05,0.00011566697361551819,2.4504903556492414e-06,3.844464481437033e-07,0.02356242746624069
10,0.00945348135401636,0.0002775573650324278,8.256215104935122e-05,9.632041031794313e-07,1.398899896660865e-06,0.008522972507262735,0.05317467572485248,5.043563504779027e-06,0.711612912037583,3.482080603051017e-05,0.0008462656507487628,6.358431016893622e-06,8.009038082869223e-09,0.00019415889089125405,0.16098792940275258,0.0007455520625945848,3.411140006941638e-09,7.292631159296502e-07,0.037499542484206234,2.426760183602223e-07,1.8955615511728636e-05,0.0002744975766465559,5.2744963094424774e-06,1.911054370029702e-07,0.01625390331124093
11,0.00965244345602528,0.00029254313542045147,8.583027923261671e-05,1.0135807135266139e-06,1.464140517464582e-06,0.008655414255845746,0.055004972105340895,5.198758154557958e-06,0.713740636224183,3.6333686350191524e-05,0.0008841711563690873,6.609000594554467e-06,9.259554087955271e-09,0.0002016827130726129,0.15763155473792081,0.0007462188297642139,3.603936265181758e-09,7.819991209598861e-07,0.036824784691748096,2.6003500621569946e-07,1.8744001187716126e-05,0.0002788891901357766,5.442581079411186e-06,2.0777764189837258e-07,0.01592479080108437
12,0.04072813331787801,0.0007833272547295958,0.00013820179568093763,2.954245564199912e-06,6.179405767750336e-06,0.04851262840413497,0.1086342929566254,7.259984707932202e-06,0.37403177584468,8.984671462190875e-05,0.002708098417423219,3.7877486810819876e-05,2.1169498265678878e-08,0.00122416895320738,0.3172414748269388,0.003345924884770579,1.5680226190146437e-08,6.809662903226643e-06,0.06413984940769393,5.866645115143298e-07,8.548003876294739e-05,0.0018156831328819505,5.491133504546681e-05,4.887297307652846e-07,0.03640400968520429
13,0.010379321139521289,0.00015794313232223665,0.00011221869255308156,6.409606225104554e-07,1.5234883348697285e-06,0.005371990351836812,0.03838936984730389,5.445144163467697e-06,0.7024224896689545,1.1950114013599518e-05,0.001736387899941198,1.5706872702965596e-05,6.971795411807808e-09,0.00018041753688424915,0.18749196691427722,0.0004370383555226749,5.177179975696013e-09,4.982117691552123e-07,0.04277342777655446,1.9092219278269844e-07,1.916562066942056e-05,0.00028758745438962256,3.4594823064777173e-06,1.3399190685579807e-07,0.010201114272281141
14,0.000740385972825901,0.0017940602042440406,2.9962242352154304e-05,8.336259684316347e-07,1.8544888354852163e-06,0.0073749340022179226,0.020409954782666145,2.6362759863082006e-06,0.9086023151047238,0.00019282726459405675,0.0004924055056982321,3.2487383030350365e-07,1.600646418140405e-08,6.032736937658396e-05,0.03962831288727617,0.00012001395633549902,6.60433127674046e-10,7.256145341407572e-07,0.01701821731898654,1.3922375947828454e-07,8.842237350352306e-06,0.00010732952748186974,7.24030691318968e-07,2.3819491226873456e-07,0.003412618628455745
15,0.00945348135401636,0.0002775573650324278,8.256215104935122e-05,9.632041031794313e-07,1.398899896660865e-06,0.008522972507262735,0.05317467572485248,5.043563504779027e-06,0.711612912037583,3.482080603051017e-05,0.0008462656507487628,6.358431016893622e-06,8.009038082869223e-09,0.00019415889089125405,0.16098792940275258,0.0007455520625945848,3.411140006941638e-09,7.292631159296502e-07,0.037499542484206234,2.426760183602223e-07,1.8955615511728636e-05,0.0002744975766465559,5.2744963094424774e-06,1.911054370029702e-07,0.01625390331124093
16,0.012562861628544697,0.00043836945668616396,6.938882244430803e-05,1.5632954953105087e-06,1.5287106593721023e-06,0.011602531502800061,0.07268074269237586,8.281561815415466e-06,0.6394871812097033,8.02241281264245e-05,0.0010036480055040753,8.05212847884989e-06,9.031097544420449e-09,0.00023040727243356973,0.18194331888120577,0.0013720570650157641,5.7846250632223975e-09,1.6255328241619224e-06,0.054438784503806834,3.609797262993193e-07,4.658545168186977e-05,0.00046521110069874957,9.366419034644224e-06,2.8114774875050267e-07,0.023547613687467103
17,0.01846801188272527,0.0003835251938656304,0.00012566607187870953,2.3845921402157836e-06,2.194144638116695e-06,0.013537376062545107,0.08944184727841367,6.711262744802263e-06,0.6364166323272189,4.971220197895749e-05,0.0013069913778842482,1.3071701268804842e-05,1.469440380044828e-08,0.00048091358468537376,0.16004193654709928,0.0013170189337231946,5.251726673029914e-09,1.7574880346106878e-06,0.04664437876692002,4.453815265775224e-07,3.362624975913297e-05,0.0003766363653176344,1.3357681682840056e-05,2.842561163188803e-07,0.031335500701702136
18,0.034579556559997705,0.000520666462637904,0.0001191146794503114,1.6264929287935913e-06,1.4067515874381236e-06,0.0064796027780094,0.09495610777281185,9.58971991691302e-06,0.5813074293890794,5.653050521911114e-05,0.0009859517357389742,1.5432655791514202e-05,1.2418948201709045e-08,0.00025768664337312574,0.18164440892685374,0.0010474490814899008,1.2517861772251904e-08,2.2602432026264725e-06,0.0521547665059818,3.36490491115561e-07,3.7238375991697234e-05,0.0006655304946773037,9.365638734352701e-06,5.707363143255744e-07,0.045147346422910635
19,0.005545137765016003,0.00019901654166204635,0.00010522680689213003,7.085924515135997e-07,1.679220604126548e-06,0.006540596975365501,0.03236724615926813,3.972250821463553e-06,0.8126707824170342,2.8535943683353307e-05,0.0006366509838815066,6.097651612028386e-06,9.327637198068837e-09,0.00017413048395176407,0.10169042842846888,0.0004821801618155789,2.2912629832119107e-09,4.3021542348199554e-07,0.029630314686319374,1.9802396107141816e-07,1.1195548986562795e-05,0.00019424389724919094,2.2208518712477713e-06,1.3505491739948247e-07,0.009708859719843425
20,0.006979520152310913,0.0002630277767665746,5.804386214242641e-05,6.608616680234738e-07,1.2753999532433177e-06,0.006100202973666137,0.034567651788688224,6.034305749389211e-06,0.692092683861432,3.465065112915048e-05,0.0005976268448287057,5.110973006419435e-06,5.288452447526225e-09,0.00013457940277718139,0.20106311701186194,0.000601105095327746,4.344326553569865e-09,5.400234758240515e-07,0.04328588725822658,1.805085456585002e-07,2.031535998746237e-05,0.00044523869232855796,4.149236768860632e-06,1.6515614714581223e-07,0.013738223170433056
21,0.019943386445893052,0.0002862050159508247,0.00014612390061977798,1.6225894330331031e-06,1.8040952766383493e-06,0.01359296605413059,0.1017685737772524,6.007498274727936e-06,0.6473751816736293,4.579382799576992e-05,0.0011576647132025973,1.6343954096248898e-05,1.7123862967674206e-08,0.00038374830230453085,0.1513286246265666,0.0016872000390653235,4.681625161919545e-09,1.320796235446441e-06,0.04028542531297092,4.9397460412152e-07,2.542868360622707e-05,0.0003022272489107256,1.0303933018538754e-05,2.753858175332961e-07,0.021633256345656837
22,0.01495519874097716,0.0002968505685690028,0.00011157796896178759,1.1656854578673941e-06,1.7940611561379762e-06,0.012788928909487908,0.06584127686128553,6.410898486232473e-06,0.6553646108986052,3.7114344659387934e-05,0.0014613361535755485,1.2114520685977571e-05,9.676058214171679e-09,0.0002637975371037415,0.1873191491208797,0.0011527181204951577,5.976708199225078e-09,1.433315239622039e-06,0.04265014786404423,3.5966230370309047e-07,3.124845021137887e-05,0.00040784737944335594,8.64742044802544e-06,2.503868798410688e-07,0.017286005478276814
23,0.00945348135401636,0.0002775573650324278,8.256215104935122e-05,9.632041031794313e-07,1.398899896660865e-06,0.008522972507262735,0.05317467572485248,5.043563504779027e-06,0.711612912037583,3.482080603051017e-05,0.0008462656507487628,6.358431016893622e-06,8.009038082869223e-09,0.00019415889089125405,0.16098792940275258,0.0007455520625945848,3.411140006941638e-09,7.292631159296502e-07,0.037499542484206234,2.426760183602223e-07,1.8955615511728636e-05,0.0002744975766465559,5.2744963094424774e-06,1.911054370029702e-07,0.01625390331124093
24,0.008473818634663365,0.0004459739112958662,9.062431858450133e-05,1.6291547481777282e-06,2.1121266626865833e-06,0.012162757257272479,0.05742928034750676,5.044419060306816e-06,0.7243138837433503,5.718568886568149e-05,0.0009222204310839576,6.733973553296867e-06,1.327537382347385e-08,0.00033948611220725234,0.13269356883398273,0.0008353557641112502,3.02846553088515e-09,1.0838444233250595e-06,0.04316507671706758,3.310576726114323e-07,2.2884095059222084e-05,0.00031107473741080874,6.406376843075883e-06,1.8969308127601586e-07,0.01871326245765423
25,0.017416966916143823,0.00027400327998426915,0.00012260743187180346,1.5363385992664365e-06,1.406563014228842e-06,0.007028728336523634,0.09591899230987541,8.92025363239931e-06,0.6622881463597403,2.508152619829161e-05,0.002033560424182672,1.4387104993710542e-05,1.4075300362234477e-08,0.00023857548132148417,0.1491768053423992,0.0007202189005420141,6.406554637441018e-09,1.324478029528448e-06,0.048722885414712355,4.395059460904135e-07,2.5610329788486718e-05,0.0002951173652351526,7.279674233905448e-06,2.8708872233024267e-07,0.015677099092454634
26,0.02399020851759236,0.0003546864921999139,0.00012852293206905486,1.0873300915325107e-06,1.2886643656607431e-06,0.00583972371894477,0.07459314546732004,8.15797309151168e-06,0.7116405304136526,3.5992451197894514e-05,0.0010597106143646672,8.632859564906811e-06,1.3843129901914607e-08,0.00012617106592670052,0.13370604363415614,0.0006028124166590577,8.633062270430191e-09,1.6173537819251212e-06,0.02837479394193655,2.980248751102499e-07,1.7505687965569528e-05,0.0003225385096688393,5.361306223944687e-06,6.639528914070526e-07,0.019180484195267664
27,0.007903114558639002,0.0002395731511565774,6.934970729063213e-05,7.745723061608903e-07,1.1800222970440127e-06,0.0075789256391785,0.04466208281359448,4.772939193209252e-06,0.7246027855675939,3.286459713633188e-05,0.0006776831747047507,5.029341588709907e-06,6.27311720597439e-09,0.00015165812954166243,0.16344103064884793,0.000685612995363375,3.013597634193062e-09,5.747512909674688e-07,0.03453734613328317,2.0740044233738133e-07,1.6659450791771927e-05,0.00025958954209905435,4.427532898673912e-06,1.677850005176645e-07,0.015124580259046354
28,0.00945348135401636,0.0002775573650324278,8.256215104935122e-05,9.632041031794313e-07,1.398899896660865e-06,0.008522972507262735,0.05317467572485248,5.043563504779027e-06,0.711612912037583,3.482080603051017e-05,0.0008462656507487628,6.358431016893622e-06,8.009038082869223e-09,0.00019415889089125405,0.16098792940275258,0.0007455520625945848,3.411140006941638e-09,7.292631159296502e-07,0.037499542484206234,2.426760183602223e-07,1.8955615511728636e-05,0.0002744975766465559,5.2744963094424774e-06,1.911054370029702e-07,0.01625390331124093
29,0.00945348135401636,0.0002775573650324278,8.256215104935122e-05,9.632041031794313e-07,1.398899896660865e-06,0.008522972507262735,0.05317467572485248,5.043563504779027e-06,0.711612912037583,3.482080603051017e-05,0.0008462656507487628,6.358431016893622e-06,8.009038082869223e-09,0.00019415889089125405,0.16098792940275258,0.0007455520625945848,3.411140006941638e-09,7.292631159296502e-07,0.037499542484206234,2.426760183602223e-07,1.8955615511728636e-05,0.0002744975766465559,5.2744963094424774e-06,1.911054370029702e-07,0.01625390331124093
30,0.00945348135401636,0.0002775573650324278,8.256215104935122e-05,9.632041031794313e-07,1.398899896660865e-06,0.008522972507262735,0.05317467572485248,5.043563504779027e-06,0.711612912037583,3.482080603051017e-05,0.0008462656507487628,6.358431016893622e-06,8.009038082869223e-09,0.00019415889089125405,0.16098792940275258,0.0007455520625945848,3.411140006941638e-09,7.292631159296502e-07,0.037499542484206234,2.426760183602223e-07,1.8955615511728636e-05,0.0002744975766465559,5.2744963094424774e-06,1.911054370029702e-07,0.01625390331124093
31,0.012561022144818563,0.0004042002638506451,0.00013571183551590446,1.3184081541416138e-06,1.8235486462055085e-06,0.005770736251235137,0.053676979873428586,7.004532626375533e-06,0.763805320030184,4.812568307669784e-05,0.0006192438901014481,6.86369362679803e-06,1.287911177696319e-08,0.00022233465137855735,0.100816143885863,0.0006277434096473533,4.3068181179317884e-09,9.936229190576191e-07,0.04012810330949868,2.8235236116471686e-07,1.8464690445952763e-05,0.00027790217069315054,3.7154233225165725e-06,3.34122777229724e-07,0.020865615019898934
32,0.008250174817166812,0.00025017753439354783,7.568349164257127e-05,8.46889389923902e-07,1.3027482487586378e-06,0.007477325099264971,0.04680683420733017,5.11946613182904e-06,0.7217513907485387,3.2976469080939474e-05,0.0007243220977068222,5.800541778191958e-06,7.034095216409161e-09,0.00017473312960724236,0.15912919047127816,0.000708023020935325,3.2629146080180197e-09,5.973716940275215e-07,0.03946958024874045,2.2262159949978546e-07,1.7938701597166523e-05,0.0002721027767223358,4.552027043696483e-06,1.660110590647953e-07,0.014840929212039803
33,0.014704357459506087,0.0005070380513754702,9.306620972071145e-05,1.2418804104014407e-06,2.363432175378782e-06,0.012796524501908916,0.06919708043083374,6.8129611527934364e-06,0.6192968529753988,5.152723429238714e-05,0.001227600331136136,1.0361734932220724e-05,1.3682818221041363e-08,0.00032988871464774904,0.21036299366018021,0.0010690225114073657,6.508035187968535e-09,1.446476101306068e-06,0.05342304970689391,3.457102002030016e-07,2.7261277691786607e-05,0.0006787063687062271,9.430624749169655e-06,2.905604988816633e-07,0.016202716995226827
34,0.017730970533400513,0.0005091480071881457,0.00010643120141446995,1.8785120754858951e-06,2.4455783864245173e-06,0.01772650852771208,0.08802290909131849,6.428506816913665e-06,0.5685400696933917,5.554694126126218e-05,0.0017425873680065858,1.3229001382646783e-05,1.3253078298040425e-08,0.00040836861328478,0.22920739070087623,0.001387753704880945,6.899394380383235e-09,2.0795012135796283e-06,0.04848269684631427,4.319213893749493e-07,3.9154030575935126e-05,0.0005848653945639328,1.561111682113774e-05,3.1966477672240074e-07,0.025413155390475922
35,0.009570050530208549,0.0002736678618819093,8.007988792642996e-05,9.56744702266991e-07,1.2990272525225646e-06,0.007736604137418102,0.05125052845050287,5.313991025591312e-06,0.7273458789504298,3.553459695335603e-05,0.0007883760875292754,6.184717872479679e-06,7.903301208074608e-09,0.0001753174378425135,0.14759046718454555,0.0006903666795425884,3.474941894200778e-09,7.481755718297454e-07,0.037457593184299996,2.400964707469656e-07,1.8400811867879707e-05,0.00026950360398855956,4.745811303441331e-06,1.9517490237153408e-07,0.01669793547771828
36,0.011169224052980207,0.0001463451674285082,0.00010045206402652306,5.341938335687764e-07,1.4092219880604126e-06,0.0023037557165249273,0.02366965033902263,8.04123565476228e-06,0.7345342048843693,2.5477236697724114e-05,0.0002645598305137505,1.2592043587748784e-05,6.408498121021803e-09,0.0001406478360205397,0.1375041477024345,0.000671364592841733,7.079634629014311e-09,2.3710448105989685e-07,0.07059534748806681,1.4229047874178339e-07,1.4065507721674726e-05,0.00036837949148284065,1.832419201807238e-06,1.425494630178065e-07,0.018467433543046828
37,0.053551370723203186,0.00047158267824755535,0.00022009921027737263,1.6087090928607133e-06,2.0309456182165283e-06,0.008636444152652247,0.14209458493550134,8.188003751078709e-06,0.5610026883592367,3.2625524982307104e-05,0.0017615207712791386,2.3763181658605346e-05,2.0037879471857552e-08,0.0004539446522572367,0.15339682656228204,0.00118465600145445,9.407821273144359e-09,2.356653661636304e-06,0.0500891897704806,4.147351347772066e-07,2.687295312241965e-05,0.0004657367506045285,9.522068112667441e-06,5.850704466381466e-07,0.026563358141241573
38,0.014179242927163126,0.00021361124306150297,6.565586815781134e-05,6.936061367918103e-07,1.0664664598795572e-06,0.018364904639892498,0.1073411450682322,3.8508471238932305e-06,0.5099771481688957,2.8571413961860272e-05,0.0013297535949739097,8.377760609199122e-06,6.623629057782166e-09,0.0002530962118330153,0.297444511089192,0.0019264040666872619,3.1501938599249016e-09,8.600458434386659e-07,0.03570171785366909,2.975660441476503e-07,2.2922451355340966e-05,0.0003339475781936718,1.4504456309534244e-05,1.7385546976440708e-07,0.012787533446911411
39,0.007928814369889804,0.00012462896671539846,8.587392731272147e-05,1.1690143294140119e-06,2.022718610761304e-06,0.01247695596779467,0.03881833905472036,8.123079821997184e-06,0.6985292766883505,4.567186752546789e-05,0.0007318591585806642,1.0793773987785702e-05,4.44350023090187e-09,0.00020875495857522504,0.16242934310744295,0.0017793117469977753,3.74883379951707e-09,6.499053327412056e-07,0.05861129861813799,2.8785866203518183e-07,4.255692145062651e-05,0.00026210819623262227,6.935070823139857e-06,1.2492747306855743e-07,0.01789509190889821
40,0.009742220779639548,0.00027990519814928555,8.358657683483357e-05,9.47380298168805e-07,1.4157772237517304e-06,0.008537365187220093,0.05350558938225131,5.081456762007756e-06,0.7076256072078622,3.4549501484513615e-05,0.0008561927457068331,6.550799342467758e-06,8.008238533107275e-09,0.00019704096894102051,0.16380667186601702,0.0007546141594710017,3.504991017352001e-09,7.373232695572693e-07,0.03801716295757571,2.4142373340809067e-07,1.9151497148947515e-05,0.00028481699488043305,5.312945601129373e-06,1.9355818637893147e-07,0.016235032799170997
41,0.0007576770182377954,5.9329385735397346e-05,4.35328847522417e-05,1.4632217347353498e-07,7.060389163020238e-07,0.00277499410671718,0.0065666442779028,1.119694087056863e-06,0.9044015931243942,1.3487537497366305e-05,8.330823382481466e-05,5.39834748488458e-07,1.5063518488060335e-09,4.1876499051298974e-05,0.07109393148028188,0.00019995391176725182,2.7562571323619616e-10,3.212072968047754e-08,0.009930013504371343,3.872367585181024e-08,2.80829336423079e-06,3.47011597939424e-05,3.584722500713145e-07,3.339696076453065e-08,0.003993172196789083
42,0.005881544742315795,0.0001650370122912226,4.440419795027817e-05,4.1616335766994514e-07,8.734141775025775e-07,0.004913410057043406,0.03156166413462298,7.742435726232308e-06,0.6309598068553518,3.158010807592309e-05,0.0004256302726049634,4.865171204625361e-06,2.4936752947170015e-09,9.730690278944484e-05,0.24921148727756925,0.0010490688355004724,4.478123361935324e-09,2.880695995263201e-07,0.06439015059606598,1.8264796081363515e-07,2.4608662688967356e-05,0.0005350328630384208,3.885974872095594e-06,1.0123809396660171e-07,0.010690905395299993
43,0.007162686487647529,0.0002482097354261475,6.307562357093724e-05,8.740838291721967e-07,1.4146673824127353e-06,0.009184223868977937,0.041680627223214486,5.432425805712232e-06,0.7156666051611427,4.23700328533409e-05,0.0006960225008075785,5.167832190292005e-06,5.929498820230131e-09,0.0001577628312201769,0.16899131560981068,0.0008139529685181451,3.315037350451005e-09,6.528250912971763e-07,0.04008907908140279,2.1545467192980566e-07,2.2190478332314864e-05,0.0002993446003418677,5.112023499922042e-06,1.6310367413210385e-07,0.014863492136052555
44,0.00945348135401636,0.0002775573650324278,8.256215104935122e-05,9.632041031794313e-07,1.398899896660865e-06,0.008522972507262735,0.05317467572485248,5.043563504779027e-06,0.711612912037583,3.482080603051017e-05,0.0008462656507487628,6.358431016893622e-06,8.009038082869223e-09,0.00019415889089125405,0.16098792940275258,0.0007455520625945848,3.411140006941638e-09,7.292631159296502e-07,0.037499542484206234,2.426760183602223e-07,1.8955615511728636e-05,0.0002744975766465559,5.2744963094424774e-06,1.911054370029702e-07,0.01625390331124093
45,0.005312852640956541,0.00012829252189391427,6.964396943554724e-05,3.8517824083006326e-07,9.971294071261876e-07,0.005012182488313794,0.039645567325122116,3.9164732967635555e-06,0.7562654109516748,1.8327990353597757e-05,0.0004964766812721844,3.842935209067251e-06,5.8771708833459204e-09,0.00010301559427922447,0.15664626119139194,0.0005375642436501924,1.9343263652163856e-09,2.088828290564651e-07,0.029035723314552987,1.4784885064407078e-07,7.706318343527805e-06,0.00016222791845100614,2.3918940630979256e-06,1.247488339247194e-07,0.006546723948080809
46,0.03680154286263084,0.0004554198677277183,0.0001108531561654796,1.4827711216747706e-06,1.8538452879357283e-06,0.00571841135319491,0.059505291154311434,1.5429128357717136e-05,0.5533057470315542,4.27820905402814e-05,0.001408955973055131,2.3652632754572385e-05,1.4479985851885511e-08,0.00017171146086593047,0.2509732107274223,0.0009155591989243914,3.509790416642338e-08,2.2168882089080057e-06,0.05993734965578653,3.9012318482126325e-07,4.4203933483682006e-05,0.0009886849800478067,1.0453683781855546e-05,6.859390027467554e-07,0.02956406196469923
47,0.007344796863582248,0.00026228834114771875,7.684881694033352e-05,9.648647802276755e-07,1.4025350869842473e-06,0.00854522314835391,0.04820028259111873,4.4937101891855285e-06,0.7328012681845341,3.3956509862202796e-05,0.0007910676797445062,5.041927871265352e-06,7.532959076809985e-09,0.0001875107374439529,0.15119087561740488,0.0006636542551980992,2.7061933460252697e-09,6.23927148837338e-07,0.034657974200582774,2.231544359325945e-07,1.7188365061836113e-05,0.0002254067108948522,4.8492657901379335e-06,1.6659332128350382e-07,0.014983881760353573
48,0.013930292360413108,0.0006360385950892081,4.4949246111649594e-05,8.498607400483827e-07,1.1713079978405146e-06,0.00411176170010859,0.06586606282284986,1.1679213406163671e-05,0.5485222392130785,6.280328556524231e-05,0.0005207878268144035,5.798705658263514e-06,1.0843528050734633e-08,0.0001602137390133292,0.2513050608191743,0.000907999572800515,1.1781954844277221e-08,7.704582516252243e-07,0.09601840572443414,2.551759173512267e-07,2.3444342295941525e-05,0.0009477990061756211,6.9243821757898146e-06,3.2759076507100704e-07,0.016914342425680504
49,0.010265741362159703,0.0002486200214962918,0.00010161878800223699,9.675734775854326e-07,2.1674971262172334e-06,0.013696394748827974,0.04785548006371062,5.1905497761476444e-06,0.6973256856450184,3.576887883223989e-05,0.0011487440754039734,1.1865849357286684e-05,9.867914478525682e-09,0.00026978390469605787,0.17271914317010725,0.0009944405446579527,4.146790972669491e-09,9.45489454836571e-07,0.04131027931300736,3.0237265995585835e-07,2.255207971556155e-05,0.00040341402989607807,6.4615810262546694e-06,1.6887405778673355e-07,0.01357424957282669
50,0.009066964942250757,0.00027512762000669487,8.092385340462828e-05,9.413517153386053e-07,1.3595467795502197e-06,0.008240084150799219,0.053528428273607424,4.991735847250621e-06,0.7169963090836162,3.557046399104162e-05,0.0007818811347408522,5.953104643776218e-06,7.92576312445039e-09,0.00019366515161166784,0.15590523839922596,0.000747020150187029,3.197283177356956e-09,6.836326950136473e-07,0.03792072629210738,2.3842413917509295e-07,1.806550713662452e-05,0.00026881439989960527,5.039146701667949e-06,1.8437934325098032e-07,0.015921778132503596
51,0.011235788184633467,0.00038138284557236765,8.317558604246636e-05,1.2557599058565915e-06,1.5003743738353623e-06,0.009198282490438893,0.06542606884602988,6.068597841310893e-06,0.7052410815134192,4.3751065949046905e-05,0.0010740668552111907,7.295211476464923e-06,1.0810729666815552e-08,0.00022973401458162678,0.1466605927731117,0.0006895754765465197,4.044846133121401e-09,1.2162859209027712e-06,0.04217582269954469,2.943824441509361e-07,2.2841223820428253e-05,0.0003582884090905736,5.982303970756891e-06,2.3205660577185768e-07,0.017155688187892978
52,0.00895064875988786,0.0002642132307061451,8.596219581607725e-05,8.930225749039037e-07,1.3443732925604776e-06,0.006259718606555185,0.047644371895006546,5.201511150858848e-06,0.7166075107599281,3.1464081383121104e-05,0.0006921873606981382,6.22502406265951e-06,6.866945232513965e-09,0.00018730465387390175,0.15866834320037235,0.0006736182867648529,3.4132215479359313e-09,5.309285397890489e-07,0.04231824817304199,2.0775981258064313e-07,1.8476791096800603e-05,0.0002618889711646121,4.1889968443130016e-06,1.7135858318538482e-07,0.0173172697786765
53,0.00993176712603074,0.000349607373950706,0.00010764412136031115,1.0591818629729573e-06,4.176144451077626e-06,0.007310773211828494,0.01829702400993947,7.01927680007839e-06,0.7616159093729752,4.710030272785115e-05,0.0005811410830625315,1.3025370811885346e-05,8.494108597785487e-09,0.00027756109658666814,0.1118874149656046,0.0004936116798114961,5.689829319188545e-09,8.165066584332621e-07,0.07022308880928871,1.4282882205156615e-07,2.93775214343915e-05,0.0004750011615808783,2.374270162329877e-06,1.5661658098293127e-07,0.018344193783730155
54,0.008428452665234192,0.00022626343955816313,8.353786813719604e-05,1.0674321370472987e-06,2.2092530352167042e-06,0.010026684408525121,0.03669376963309313,7.367520651356378e-06,0.7384915399005689,2.882170562047054e-05,0.001605338749779941,8.385106751409377e-06,7.725253122896653e-09,0.00014826250687529204,0.15172074748882175,0.0005114767648338023,5.4311139306951975e-09,1.1488303509072618e-06,0.041157885953034996,2.3891174739748514e-07,2.6362369467815326e-05,0.0003132579156821726,5.229864862918767e-06,2.1760436568098007e-07,0.010511720950498205
55,0.005418977762676832,0.0002832952345242458,3.921317547117141e-05,8.348370864491899e-07,2.4691839882147914e-06,0.02060003731651481,0.05402764505374241,5.2783624186725865e-06,0.3577564790644152,5.507375793399999e-05,0.0008356830643370546,3.7897628088330356e-06,2.781275926032186e-09,0.0003536141264576652,0.4798082658615596,0.002966868446972607,3.834296720572354e-09,4.902269242316738e-07,0.0658598086289052,1.9335488582245873e-07,5.1950343333006674e-05,0.0006942042939702676,2.3619088331316493e-05,1.2071616897034496e-07,0.011212081721000706
56,0.00911493640715199,0.00028823176424827584,8.594473765363383e-05,9.861655809372086e-07,1.4519472913944433e-06,0.008206828133223107,0.05315816955007399,5.179267163638384e-06,0.72301735844494,3.57008784888578e-05,0.0008539070499755634,6.296628644000558e-06,9.401610428039128e-09,0.00019121130998284855,0.15299040007154202,0.0007067705805459058,3.5286004293747557e-09,7.378001286682667e-07,0.0360458206150598,2.568463886418041e-07,1.7803934873248777e-05,0.00026611404471055754,5.0501319890234205e-06,2.0747510100218473e-07,0.015000623285032015
57,0.005342921587687051,0.0001387253198549873,9.593736047247285e-05,5.477572010141145e-07,1.7151958094023585e-06,0.004131551287486916,0.017311476657301553,5.958717757537391e-06,0.8077919756142952,2.863967248239951e-05,0.00035589718172670593,9.222566869102898e-06,5.4890851534478445e-09,0.00014223697096737368,0.10128742785815484,0.0005313027636841705,3.915619963327928e-09,2.9007673822425355e-07,0.05149162186270177,1.5664008764963385e-07,1.630091103747577e-05,0.0002961603127554453,1.5006297559943569e-06,8.99226576572145e-08,0.011018333727809923
58,0.010638834480912386,0.00031288186798669515,8.82094990531149e-05,9.915237906860893e-07,1.4251155409295598e-06,0.007927181176004066,0.05701082180363861,5.58681993176649e-06,0.7030952730424901,3.6922927526604163e-05,0.0008797104851073864,6.538278795432125e-06,8.98377293639051e-09,0.00018534524439667904,0.1650064936832013,0.0007307672167159538,4.204436374684322e-09,8.358166037279549e-07,0.03687302215200948,2.537823443154342e-07,1.9760202152959666e-05,0.0003031133225118828,5.574055266268083e-06,2.4667801496571336e-07,0.016870197637795434
59,0.011287235736462595,0.0002974744628385541,0.00010373687578452198,9.963377294591775e-07,1.4452793482809469e-06,0.007486009202337351,0.05766642937917346,5.551540403041848e-06,0.713751024523234,3.452810809305461e-05,0.0008749625478029771,6.776382582077398e-06,9.240434511469577e-09,0.00018419804906823038,0.15600153975790645,0.0007240537462497846,4.179404302153816e-09,8.420634843250035e-07,0.033917059718095735,2.590602479019928e-07,1.903223241249815e-05,0.0002716376065924661,5.2009960214893035e-06,2.717234066629783e-07,0.017359721250886136
60,0.00945348135401636,0.0002775573650324278,8.256215104935122e-05,9.632041031794313e-07,1.398899896660865e-06,0.008522972507262735,0.05317467572485248,5.043563504779027e-06,0.711612912037583,3.482080603051017e-05,0.0008462656507487628,6.358431016893622e-06,8.009038082869223e-09,0.00019415889089125405,0.16098792940275258,0.0007455520625945848,3.411140006941638e-09,7.292631159296502e-07,0.037499542484206234,2.426760183602223e-07,1.8955615511728636e-05,0.0002744975766465559,5.2744963094424774e-06,1.911054370029702e-07,0.01625390331124093
61,0.010037548011404393,0.00028103916112357094,0.00010498013177853475,9.487058980782648e-07,1.4969482789973944e-06,0.007402418239766103,0.05242830019839396,5.184070104479925e-06,0.7251851420789468,3.210275572828292e-05,0.0008822533744031055,6.943958974969898e-06,8.8575678206132e-09,0.00018952926945409027,0.15170220239850138,0.0006861208040079562,3.800538461457482e-09,7.338352116848264e-07,0.034580943715292495,2.471566803140712e-07,1.8315025255851345e-05,0.00025737874407331533,4.624335968960811e-06,2.2995777177987117e-07,0.01619130446487462
62,0.00945348135401636,0.0002775573650324278,8.256215104935122e-05,9.632041031794313e-07,1.398899896660865e-06,0.008522972507262735,0.05317467572485248,5.043563504779027e-06,0.711612912037583,3.482080603051017e-05,0.0008462656507487628,6.358431016893622e-06,8.009038082869223e-09,0.00019415889089125405,0.16098792940275258,0.0007455520625945848,3.411140006941638e-09,7.292631159296502e-07,0.037499542484206234,2.426760183602223e-07,1.8955615511728636e-05,0.0002744975766465559,5.2744963094424774e-06,1.911054370029702e-07,0.01625390331124093
63,0.009223573560078193,0.0003141123603607019,7.926072077323405e-05,9.403034328545914e-07,1.3142092963449708e-06,0.007747552747993292,0.05383999100535103,5.116625583635854e-06,0.7139462017926156,3.587369891245407e-05,0.0008448025830835865,5.687111485845218e-06,8.534146244121689e-09,0.00017727449008039692,0.16107873371155268,0.0006742440985934563,3.5229018921740902e-09,7.376558020855634e-07,0.035906019079994696,2.433822501588755e-07,1.8076280911510613e-05,0.00027642143996786737,4.9618864106265184e-06,2.121856450181839e-07,0.01581863701277666
64,0.009848164100387908,0.0002912426059903465,7.871262293369275e-05,1.0630431543435801e-06,1.5265016342278962e-06,0.008747020688620507,0.049762675263413284,6.068199223591208e-06,0.6827774928458561,3.865167793656657e-05,0.0009346469535129891,7.313365723701853e-06,6.838042568795846e-09,0.00019338834112689427,0.18345420679807703,0.0008213175922769413,4.322371321736443e-09,8.54228628635352e-07,0.044008675513877875,2.408691192641403e-07,2.8968312949625616e-05,0.00031728920138739575,6.08290030552809e-06,2.026444974155148e-07,0.018674184568952278
65,0.01350434574498061,0.00027832577616383763,0.00011917386124495195,2.273176654734078e-06,4.9602967683123424e-06,0.037266746509662864,0.05584781013440164,5.997567823367268e-06,0.594322843799185,6.760507568497718e-05,0.0017172281421544945,2.407157499732736e-05,1.0266296084946862e-08,0.000705222538760848,0.20301864982323642,0.0023392838141950054,5.131288556291348e-09,2.1326542153181388e-06,0.06514801329449536,3.8634645365893235e-07,6.727469394444517e-05,0.0005136053311219443,1.699493768856238e-05,1.591173461025565e-07,0.025026880391235774
66,0.004112161008238536,0.00012856522883383754,7.293909834933692e-05,6.34326027170816e-07,1.0675816135307488e-06,0.00557693621640554,0.03346354225229732,4.286061860625369e-06,0.8390706304278703,3.4893657021211694e-05,0.0003168677759533403,4.39476209214881e-06,7.617913880436695e-09,0.00014402785676984026,0.07022531214617304,0.0006853137497415253,1.401512784469726e-09,2.5491749368474606e-07,0.037652584290227595,2.1599574424039668e-07,8.784178613534252e-06,0.0001334482088324369,1.8029743319009194e-06,7.828254785678167e-08,0.00836124998353452
67,0.014561032683862062,0.00028222753873278426,0.00013119988325602878,2.208072944519168e-06,2.614743648851566e-06,0.0369786311786524,0.12105249135965251,3.9476751853405e-06,0.44045286654231197,4.5731165868097347e-05,0.001934032032208825,1.6914136733355145e-05,1.266183875978863e-08,0.000785826067107602,0.314433321086271,0.003969021406016539,4.136363004997092e-09,1.5465494491994064e-06,0.036712246196325224,6.833325820650307e-07,4.180061562198257e-05,0.00037929476567109095,4.111241690003175e-05,2.1021769128846554e-07,0.02817102353510548
68,0.03850067160859991,0.0006718415621461005,6.021920711215337e-05,3.1149708763490213e-06,1.71392694534513e-06,0.04849073475766379,0.12852527545810627,6.107597359383842e-06,0.3466533097886417,6.240245514857474e-05,0.0059297039535549986,2.418743301605948e-05,1.3687214179832019e-08,0.0003324557721139073,0.35218571989967296,0.0020343644721504714,1.5013870600451094e-08,1.1789064757963654e-05,0.02934562478547259,7.610958674299802e-07,9.385984904658117e-05,0.0008438567909106225,7.501191455466738e-05,5.793216359162823e-07,0.046146665613561316
69,0.007774883851075533,0.0002620355767227684,9.372143983764064e-05,1.275672004847217e-06,1.0021790947003363e-06,0.005417212907145109,0.050304120733862694,5.9311799745629725e-06,0.759044825989466,4.2342586706379e-05,0.0005492052878723464,4.695359000014481e-06,7.81520993428704e-09,0.00014101973263097004,0.11905239066261611,0.0007252732696833563,3.2729713129111306e-09,6.370226605028249e-07,0.031851122993978714,3.174562356453532e-07,1.8467545371642846e-05,0.00017028258430442175,4.1325328510427215e-06,2.2527778962824359e-07,0.024534867070934233
70,0.012861196861765376,0.00028184774268524853,0.00013922990528746586,1.3091465377968935e-06,2.109770946870426e-06,0.012423883624700916,0.06561145558624584,4.554198943323451e-06,0.6823952282878089,3.881989596638966e-05,0.0009795189538878864,1.1083757606431053e-05,1.1170644415523709e-08,0.0003871950364284028,0.16387710063783287,0.0012539059078091337,3.587543062288634e-09,8.939239544846159e-07,0.0375308761801589,3.2017051871270624e-07,2.2632910929057618e-05,0.0002908509554873093,7.657926605123014e-06,2.0743908716628816e-07,0.021878106420618812
71,0.0188831636429032,0.00028264246013939896,9.560064581328304e-05,1.3139529045929085e-06,1.1057259246158098e-06,0.009263187579864928,0.10678133925234363,7.331201606458497e-06,0.5998484763917052,3.222974792205328e-05,0.001371040226274255,1.0541404718868454e-05,1.0371313517397315e-08,0.00022663324117926545,0.19794447238965826,0.0012253405527677937,5.895706896462028e-09,1.3169240133493651e-06,0.04328303665832355,4.370016988429674e-07,2.6415669463670142e-05,0.00034624342917987863,1.1181444128758462e-05,3.007903575632732e-07,0.020356633400088028
72,0.020464056316310812,0.0006453586831394897,4.924870082793938e-05,1.7204596880731489e-06,1.3649638195407825e-06,0.009011684211499086,0.125155814190403,1.749303859523532e-05,0.5280151233302324,7.764787334166705e-05,0.00224959195977054,8.850418468665056e-06,1.3493043504267489e-08,0.00013773455923389593,0.22167355281311385,0.0009377088545788084,1.6234900014447805e-08,3.7245750935294706e-06,0.07563042359594599,4.4389162785222813e-07,5.787719404294464e-05,0.0007825877011233064,1.3301328116072564e-05,6.822197455344433e-07,0.01506397939333806
