,0,1,2,3,4,5,6,7,8,9,10,11,12,13,14,15,16,17,18,19,20,21,22,23,24
0,0.005559892144975221,0.0001453982027542274,4.887152464052327e-05,3.7068465803362265e-07,1.2263923905123338e-06,0.005190409097412892,0.03164504865548865,6.707468443716376e-06,0.7653761501105786,1.7224641025898957e-05,0.001160023065294267,3.506861296430089e-06,6.298390693683563e-09,4.1316638733284446e-05,0.15612258358628756,0.0003041854863658114,3.6285487864221014e-09,3.929694747965696e-07,0.03080547556055264,1.3435586251199506e-07,9.29039766740921e-06,0.0001565184307599786,2.206973282824434e-06,2.2617047482182752e-07,0.003402830654640073
1,0.37598247312191485,0.005255980341057637,1.7795216794182502e-05,6.635726804830877e-06,2.5881446565524286e-06,0.019246742451075553,0.14597316423085657,5.7306671537980065e-06,0.006782958267856922,2.285477739431852e-05,0.029651827904141784,6.7739074678424e-05,1.7185285037065715e-08,0.0004251124739840035,0.33216855369511683,0.0003066238698836243,3.4279663449219093e-07,0.0004339593729263551,0.006281738197501616,2.7473462921661627e-07,0.00023616329847669007,0.006495894184402263,0.0010117004689711969,9.589994501946778e-06,0.06961353980330115
2,0.007593325091375889,0.0003544501772150507,2.150265584552917e-05,6.462412941649433e-07,8.817610383471321e-07,0.005261765283802394,0.03984717515357732,8.508881286648286e-06,0.4648654731682271,3.460948849357347e-05,0.0008940097930630689,2.787678207916479e-06,3.8444854229644855e-09,5.671361167278106e-05,0.41970629138135257,0.0005721901976254202,8.858713196645847e-09,6.86350877040557e-07,0.04710979780523964,1.4523648662560078e-07,2.896875122648587e-05,0.0004800417706074257,9.607309066266369e-06,3.104302209485168e-07,0.013150099078999484
3,0.008445692238745835,0.00043389492511852886,3.5279508592695376e-05,9.459974508252119e-07,1.1613010304057264e-06,0.00544329529394905,0.04675450897508167,1.033732503250664e-05,0.633685304150941,4.392276308390171e-05,0.0012007307146800848,3.3226941986497457e-06,5.897943601927784e-09,6.467026554406103e-05,0.2410970367955662,0.0004379764711500565,7.524292460570607e-09,1.0293695043367025e-06,0.04896583781857831,1.8443614336985451e-07,2.8971330441393226e-05,0.00037559970984503633,6.018844872113317e-06,3.8750041582869126e-07,0.012963878147798077
4,0.008055328110546085,0.0004529128969178507,3.9930686618243984e-05,9.86364531674742e-07,1.3291584088764384e-06,0.005928365141944316,0.047558906746608294,9.724159162806631e-06,0.6497906796718491,4.489402199563827e-05,0.001228102703527905,3.491106049239787e-06,7.505082512450775e-09,7.551011574471939e-05,0.22885427178914128,0.00043102689958101703,7.299681153746079e-09,1.057458688966937e-06,0.045461958430970575,2.0034935640962604e-07,2.664174548944811e-05,0.0003770938799195036,6.000934943611512e-06,3.984246910234966e-07,0.011651174398549603
5,0.009880277729057859,0.0005685838556489036,3.794985106748154e-05,1.4666134245967888e-06,1.4433568595782286e-06,0.006954522657917977,0.056290270099016854,1.2344533526656512e-05,0.6182906780005573,6.04744012932096e-05,0.001536231311659697,3.716737291558465e-06,7.434196154206923e-09,7.960794355521153e-05,0.23703075493714978,0.0005026507240966185,9.136896510837195e-09,1.7460947966252343e-06,0.051956977297563836,2.3760402494769275e-07,4.046590449777414e-05,0.0004272844096724888,8.494477708141345e-06,5.214280909222945e-07,0.01631328346042929
6,0.008445692238745835,0.00043389492511852886,3.5279508592695376e-05,9.459974508252119e-07,1.1613010304057264e-06,0.00544329529394905,0.04675450897508167,1.033732503250664e-05,0.633685304150941,4.392276308390171e-05,0.0012007307146800848,3.3226941986497457e-06,5.897943601927784e-09,6.467026554406103e-05,0.2410970367955662,0.0004379764711500565,7.524292460570607e-09,1.0293695043367025e-06,0.04896583781857831,1.8443614336985451e-07,2.8971330441393226e-05,0.00037559970984503633,6.018844872113317e-06,3.8750041582869126e-07,0.012963878147798077
7,0.00808257279359583,0.0005998888928161138,4.967335822965901e-05,7.592676850389202e-07,6.965250371055566e-07,0.002873202524410723,0.06304629451638992,8.170392436574674e-06,0.744867042251633,2.772662239978927e-05,0.0015813250439198152,2.4361742532442633e-06,1.299371164221388e-08,4.371571928595479e-05,0.14498440861515827,0.00015894584256328663,5.963096028010593e-09,1.0002606733224658e-06,0.02564371613701788,2.284343952772034e-07,1.1595450775366014e-05,0.00021897029777159997,2.5894281090699462e-06,5.873623946040865e-07,0.0077944351322409835
8,0.01299973065811672,0.0005449543465512242,4.216790337502027e-05,1.4223815027933355e-06,9.68736720957891e-07,0.004068647233783641,0.06402119293158799,1.291028135459052e-05,0.5735978226949673,7.132132848726783e-05,0.0006161420052227108,2.663571698216384e-06,5.733877411245864e-09,7.553296338327332e-05,0.2641320378612741,0.0007412796528379024,9.389007745930333e-09,1.0021313736623047e-06,0.04639228051717447,2.1179499621117154e-07,3.525076021233363e-05,0.00036808478412314914,9.116879705426443e-06,6.64986196626907e-07,0.032264578472469156
9,0.008417001948215201,0.0005324574938954827,5.726617221276012e-05,1.020716323019782e-06,7.883923470278721e-07,0.0021268352409815282,0.04681234497307699,9.421215977491339e-06,0.7466643712331777,4.48322331722543e-05,0.0005580141101274118,1.7147595390026188e-06,7.882400878988934e-09,4.2998806367597624e-05,0.1476028293257355,0.0002591981240377122,6.1346699796391724e-09,6.92713717864241e-07,0.02667103793334419,1.730480594999652e-07,1.581900787728144e-05,0.000169618666790083,2.870865937590762e-06,7.476597379990708e-07,0.020007931342278136
10,0.008445692238745835,0.00043389492511852886,3.5279508592695376e-05,9.459974508252119e-07,1.1613010304057264e-06,0.00544329529394905,0.04675450897508167,1.033732503250664e-05,0.633685304150941,4.392276308390171e-05,0.0012007307146800848,3.3226941986497457e-06,5.897943601927784e-09,6.467026554406103e-05,0.2410970367955662,0.0004379764711500565,7.524292460570607e-09,1.0293695043367025e-06,0.04896583781857831,1.8443614336985451e-07,2.8971330441393226e-05,0.00037559970984503633,6.018844872113317e-06,3.8750041582869126e-07,0.012963878147798077
11,0.008654999504393834,0.0004572126103390655,3.688246421848166e-05,9.72543833668794e-07,1.1792739285449888e-06,0.005507003033684217,0.048131375932564856,1.0283902901612147e-05,0.6399555273790315,4.420665292688682e-05,0.0012427534219626374,3.447430497210219e-06,6.781774160117274e-09,6.741467327890117e-05,0.2353337065684628,0.0004239688798811023,7.803869618410198e-09,1.1009885341563388e-06,0.04695665365213991,1.964704036889159e-07,2.7913634004708808e-05,0.00038139532848197814,6.09136968301892e-06,4.114415774875829e-07,0.012755288257625928
12,0.03346995922194762,0.0011586672184679177,5.373300881069182e-05,2.6770910959373234e-06,4.728423596403014e-06,0.027910308697085263,0.08347279042928916,1.394978976545161e-05,0.30870636134980267,0.00010510000963254394,0.0033159057630475866,1.825289004144617e-05,1.4714051369408274e-08,0.0003734088871473224,0.43023577827532195,0.0017848449789680389,3.2770556798335845e-08,8.60688888686751e-06,0.07923399386708291,4.231046318053773e-07,0.00011399919985819051,0.0023933695133936755,5.69689128016208e-05,8.816281626972061e-07,0.02756524336655408
13,0.009125249400121348,0.0002438945049453537,4.7911453460623634e-05,5.730408047850569e-07,1.0771355049493542e-06,0.0033593603938320256,0.03259053272442638,9.52110685161637e-06,0.631490840611789,1.3120252873495198e-05,0.0022683095130220966,7.830318802029193e-06,4.856315000557024e-09,6.035689187148114e-05,0.26309591637722957,0.00021727215400293875,1.0173028705469297e-08,6.981596720708872e-07,0.04885548446492266,1.431222737271555e-07,2.5959747612945628e-05,0.00039639263337296055,3.546576486799006e-06,2.376195159653952e-07,0.008185756767261588
14,0.0007187967855976246,0.0026795343110799807,1.548878912908454e-05,9.730191913876856e-07,1.628904008112023e-06,0.005776081999296545,0.022016440008626615,5.998440916313118e-06,0.8803762888997064,0.0002703495015736072,0.0008159230234440697,1.94592401387288e-07,1.1331995252089527e-08,2.363467686100124e-05,0.06151484435985819,8.67689373098862e-05,1.433653831932877e-09,1.1746008941747014e-06,0.022569650674794356,1.331376089245332e-07,1.6370491787502913e-05,0.00016218781572895365,9.424195947573402e-07,4.962532965198461e-07,0.0029460855916454034
15,0.008445692238745835,0.00043389492511852886,3.5279508592695376e-05,9.459974508252119e-07,1.1613010304057264e-06,0.00544329529394905,0.04675450897508167,1.033732503250664e-05,0.633685304150941,4.392276308390171e-05,0.0012007307146800848,3.3226941986497457e-06,5.897943601927784e-09,6.467026554406103e-05,0.2410970367955662,0.0004379764711500565,7.524292460570607e-09,1.0293695043367025e-06,0.04896583781857831,1.8443614336985451e-07,2.8971330441393226e-05,0.00037559970984503633,6.018844872113317e-06,3.8750041582869126e-07,0.012963878147798077
16,0.010583336835502851,0.0006328331101084155,3.0006440785813892e-05,1.615750138500152e-06,1.2318491315663443e-06,0.007828099628954473,0.06630399639659107,1.7908547969879638e-05,0.5735907704904426,0.00010749669618266234,0.001480096616038611,4.1135569920232025e-06,5.858738115552257e-09,7.501091534186464e-05,0.2525847791134839,0.0008060130951825684,1.1773660224509114e-08,2.403510771578952e-06,0.06737534759430254,2.9229828045756714e-07,7.809031041673333e-05,0.0006555931919843311,1.0187785525064269e-05,5.465350453780173e-07,0.017830212098428787
17,0.01605138118711973,0.0005836646609499742,5.416133091848616e-05,2.34540343190593e-06,1.7575254359833048e-06,0.008764944918281725,0.07923087239298839,1.3928091719399882e-05,0.576073413397155,6.320801612730747e-05,0.0018522948910337097,6.7333022077244694e-06,1.012107980289533e-08,0.00015880572999696073,0.23180603174839234,0.0007543089158809785,1.1122195316649297e-08,2.5019344881300927e-06,0.05943703245299202,3.4860707122960857e-07,5.265589146064821e-05,0.0005334669605243933,1.4545197625076308e-05,5.51409179581183e-07,0.024541024791744113
18,0.030392364815607944,0.0008144109150122383,5.1975992761139175e-05,1.4367711508772446e-06,1.064971061767603e-06,0.0040284958175702415,0.07918426766274109,1.673206293824386e-05,0.5183993278144026,6.084108554916274e-05,0.0012891351872370436,7.932100068146843e-06,9.231397483960104e-09,8.949226185652393e-05,0.2652068784133186,0.0005566718635220149,2.533161522727138e-08,2.9494809785196044e-06,0.06321619116191984,2.5321107131712e-07,4.840708527694098e-05,0.000898705367099522,9.959549158778094e-06,1.009607534573722e-06,0.03572146223915031
19,0.005137839685037933,0.00031892155663949096,4.726867427268731e-05,7.329390053107104e-07,1.3401482677303895e-06,0.004492988490861683,0.02986581664608424,8.396241228894425e-06,0.7624596192256247,3.698911746345049e-05,0.0009279893483542554,3.324340140644729e-06,6.571264081290184e-09,6.149814871859508e-05,0.14973331281364988,0.00027675620508394865,5.016675416014306e-09,6.684179512097926e-07,0.03811726842175522,1.6689236584921693e-07,1.820020934158223e-05,0.0003022087445094016,2.530789162245663e-06,2.619305768446465e-07,0.008185889425964899
20,0.006084464514182064,0.00040025393637427385,2.441662690865414e-05,6.677456189372463e-07,1.0697466182769986e-06,0.0038910556717947986,0.030298667928316463,1.2784077359232774e-05,0.6003595797592683,4.521659813925591e-05,0.0008434532939558707,2.638401187023839e-06,3.772957461706587e-09,4.435521212981042e-05,0.28950534010841544,0.0003609903376895021,9.464217839200633e-09,7.606485807202427e-07,0.05674523044050798,1.3902986088363492e-07,3.187661603850223e-05,0.0006063875992863206,4.726499967754854e-06,3.31812801218537e-07,0.010735580157823338
21,0.017275617182006365,0.00043898672915059834,6.245566883366495e-05,1.6524496109322288e-06,1.5347008438259953e-06,0.009037601649565956,0.09175226232983834,1.2812020998288412e-05,0.5820130910586072,6.134236248856446e-05,0.0017123710315398513,8.381302537138023e-06,1.2214052232239369e-08,0.00012537304790185367,0.22662792897366113,0.001031107110154736,1.0148811226281177e-08,1.9035587042082674e-06,0.05250979784213866,3.8344399888016247e-07,4.119788018753024e-05,0.00041008301592892517,1.1898599441200906e-05,5.718654030327048e-07,0.016861623813595805
22,0.012464334633155019,0.00043944115735526467,4.7413798310531356e-05,1.1999700396879381e-06,1.4469000487506252e-06,0.008498538105512331,0.06005786891290004,1.3721369380113588e-05,0.5872391750805165,5.0171951642969e-05,0.002113169006228127,6.079489908761785e-06,6.3426536834686116e-09,8.732887223860907e-05,0.26094073035866394,0.0006698287299344486,1.2000250594961794e-08,2.070648050389627e-06,0.053644887971567176,2.851988744012252e-07,5.2047330756098994e-05,0.000576123720675551,9.30459972825015e-06,4.804307713375962e-07,0.013084333420837372
23,0.008445692238745835,0.00043389492511852886,3.5279508592695376e-05,9.459974508252119e-07,1.1613010304057264e-06,0.00544329529394905,0.04675450897508167,1.033732503250664e-05,0.633685304150941,4.392276308390171e-05,0.0012007307146800848,3.3226941986497457e-06,5.897943601927784e-09,6.467026554406103e-05,0.2410970367955662,0.0004379764711500565,7.524292460570607e-09,1.0293695043367025e-06,0.04896583781857831,1.8443614336985451e-07,2.8971330441393226e-05,0.00037559970984503633,6.018844872113317e-06,3.8750041582869126e-07,0.012963878147798077
24,0.007575743737842039,0.0006831887246877352,3.9570008403750795e-05,1.6461855615808656e-06,1.7421687235176203e-06,0.008027958197928977,0.05235737664964134,1.077378655431619e-05,0.6601374836574736,7.45909538998065e-05,0.0013542029154852793,3.5523387641787234e-06,9.351016683130924e-09,0.00011298273812214565,0.1976295537192729,0.0004984109496371186,6.619135776756729e-09,1.5832096142806162e-06,0.05610375801177191,2.613481337394651e-07,3.70731192634033e-05,0.0004390707752181082,7.279345764803166e-06,3.859103170451521e-07,0.014901795577766025
25,0.014980011959994825,0.0004285910199215623,5.3791683598262625e-05,1.6385542994014701e-06,1.2152063699283752e-06,0.004756838446510934,0.09030589273116142,2.0173261677285087e-05,0.5942552231426587,3.621319243927988e-05,0.0028806246803141497,7.401585267274389e-06,9.978967003480361e-09,8.379678899592645e-05,0.2129698635286744,0.000470225680994519,1.3459458315233878e-08,1.8732440539509403e-06,0.06617873215690703,3.740455627863849e-07,4.2179978410775464e-05,0.0004390696294863792,8.344263162549808e-06,5.697786593899603e-07,0.012077332002454012
26,0.0216808726672746,0.0006108461093384833,5.548155184647521e-05,9.83830692836804e-07,1.0291480065149764e-06,0.003779536466831252,0.06354911998648212,1.409467287110894e-05,0.6501764267930064,4.0743642676083276e-05,0.001409923091119571,4.562959561029312e-06,1.1111093962525603e-08,4.738615145834925e-05,0.20592876166231033,0.00032012157214635523,1.777379709667287e-08,2.153048922856988e-06,0.03619301405225519,2.2024541754153718e-07,2.314277989811648e-05,0.00046165321051302186,5.887733701118173e-06,1.1845326469120003e-06,0.015692825206132688
27,0.007081608332057273,0.00038079696346817723,2.9798352793884467e-05,7.56709513070968e-07,9.701315661331262e-07,0.004866499113179994,0.03920528439035007,9.55630681667734e-06,0.6470050045229335,4.088877804023656e-05,0.0009525748770353842,2.6434351326435358e-06,4.658827385973003e-09,5.186984066625098e-05,0.24273950325663465,0.0003933306888421671,6.5530776506918265e-09,8.12113477228225e-07,0.04474368763806629,1.5857533874426515e-07,2.5025376613676326e-05,0.000362807714050803,4.993343506476625e-06,3.3081977926458846e-07,0.012101087508232468
28,0.008445692238745835,0.00043389492511852886,3.5279508592695376e-05,9.459974508252119e-07,1.1613010304057264e-06,0.00544329529394905,0.04675450897508167,1.033732503250664e-05,0.633685304150941,4.392276308390171e-05,0.0012007307146800848,3.3226941986497457e-06,5.897943601927784e-09,6.467026554406103e-05,0.2410970367955662,0.0004379764711500565,7.524292460570607e-09,1.0293695043367025e-06,0.04896583781857831,1.8443614336985451e-07,2.8971330441393226e-05,0.00037559970984503633,6.018844872113317e-06,3.8750041582869126e-07,0.012963878147798077
29,0.008445692238745835,0.00043389492511852886,3.5279508592695376e-05,9.459974508252119e-07,1.1613010304057264e-06,0.00544329529394905,0.04675450897508167,1.033732503250664e-05,0.633685304150941,4.392276308390171e-05,0.0012007307146800848,3.3226941986497457e-06,5.897943601927784e-09,6.467026554406103e-05,0.2410970367955662,0.0004379764711500565,7.524292460570607e-09,1.0293695043367025e-06,0.04896583781857831,1.8443614336985451e-07,2.8971330441393226e-05,0.00037559970984503633,6.018844872113317e-06,3.8750041582869126e-07,0.012963878147798077
30,0.008445692238745835,0.00043389492511852886,3.5279508592695376e-05,9.459974508252119e-07,1.1613010304057264e-06,0.00544329529394905,0.04675450897508167,1.033732503250664e-05,0.633685304150941,4.392276308390171e-05,0.0012007307146800848,3.3226941986497457e-06,5.897943601927784e-09,6.467026554406103e-05,0.2410970367955662,0.0004379764711500565,7.524292460570607e-09,1.0293695043367025e-06,0.04896583781857831,1.8443614336985451e-07,2.8971330441393226e-05,0.00037559970984503633,6.018844872113317e-06,3.8750041582869126e-07,0.012963878147798077
31,0.011744582873360573,0.0006750980787338423,5.8475572185087036e-05,1.4418156466942232e-06,1.750729439526774e-06,0.0038699498106256063,0.04859957243631917,1.6720536605246927e-05,0.6921552566373254,6.995699032004605e-05,0.0009202300240878351,3.8230906003329564e-06,1.0198769555516976e-08,7.770753145068816e-05,0.16244946167956875,0.00042737841421116354,1.0850701389540026e-08,1.4491429501772975e-06,0.06084896807299101,2.2778570450102426e-07,3.121727391542945e-05,0.00041356453684620275,4.801279743788386e-06,7.419860513205506e-07,0.017627602651846715
32,0.007378946986190716,0.0003959114915575936,3.231719804291802e-05,8.32284305705118e-07,1.0929106140966078e-06,0.004801412876348107,0.04129703548935145,1.0400045083841014e-05,0.641028452527285,4.17592003976262e-05,0.0010298511961427097,3.033106198773224e-06,5.265489495719937e-09,5.8909746488129247e-05,0.2395835062485745,0.0004180532357305061,7.175123939227738e-09,8.398406926364915e-07,0.051706516856092025,1.684964401559994e-07,2.725262433886305e-05,0.0003713475455680796,5.2273519720446615e-06,3.3731005736240637e-07,0.011806782991913812
33,0.012929105052978809,0.0007929906287765635,3.8012056650843706e-05,1.1820655553037235e-06,1.92711965320762e-06,0.007660056531060036,0.05610353581107619,1.3681458367193715e-05,0.5309196442139787,6.239093027113396e-05,0.0015927534652323625,5.319295977866889e-06,1.0050970891354286e-08,0.00010815748475737668,0.30472046795600444,0.0006004507591712687,1.4548251063887471e-08,1.924538399299881e-06,0.07039540826759404,2.5497197049042134e-07,3.873468717939816e-05,0.0009374531662255956,1.0490721451426921e-05,5.569048456150976e-07,0.013065477313600722
34,0.015074609331198125,0.0007685297552084976,4.2906769023728526e-05,1.8862848028052846e-06,2.1268315079007553e-06,0.011069704279514127,0.0737849035003795,1.3977427471889746e-05,0.4788179244124612,7.490906745193078e-05,0.002378660219752674,6.697074106948249e-06,9.566587764138195e-09,0.0001289375589007437,0.3313936252983105,0.000865280553191157,1.5469485253317617e-08,2.821145901067253e-06,0.06525769240125694,3.249880368847118e-07,6.0556458270981514e-05,0.000782623074982837,1.8066685395925537e-05,6.553682185881262e-07,0.019452556478582086
35,0.008578761609539028,0.00043245800792810797,3.45452846635132e-05,9.519327560329804e-07,1.0890620711042353e-06,0.005025728463484262,0.04561818526825337,1.0977542801472025e-05,0.6535652278795097,4.5484127997658154e-05,0.0011295972513881353,3.2582540002136846e-06,5.84141806186042e-09,5.9510291754098736e-05,0.222026425210467,0.00040873744900125463,7.657751869784581e-09,1.0662268700762598e-06,0.04927255678001862,1.8510536955377537e-07,2.8516913102177757e-05,0.00037587016791297263,5.447669674216776e-06,3.949560394388223e-07,0.013375011046228206
36,0.010497958563287373,0.0002484680800451252,4.265616957924709e-05,4.6819464660751895e-07,1.0771305185523957e-06,0.0014096062413143473,0.019405256974984776,1.3733748143250058e-05,0.6533113426140416,2.6816890040031638e-05,0.0003466456643963164,6.580241405326245e-06,5.196300016188004e-09,4.887739134659474e-05,0.21115842471766108,0.0003431450750591877,1.551742998783061e-08,3.23461023575321e-07,0.08703794149558158,1.030711589932794e-07,1.7602038607769903e-05,0.0005041253088013813,2.059380484320879e-06,2.679554441607567e-07,0.0155764988786991
37,0.04758367487973942,0.0007511987769033924,9.421871701069389e-05,1.4187282866358149e-06,1.4901302327132667e-06,0.00536244325518606,0.11728149128529824,1.4337715431071815e-05,0.5158728852437713,3.5209830883944026e-05,0.002307159709127793,1.217704418201284e-05,1.4686041654536484e-08,0.0001536861490138689,0.22744850173960518,0.0005923941993952925,1.9422596477611913e-08,3.2038521842592117e-06,0.059959814106657496,3.0686343416977653e-07,3.556787641187757e-05,0.0006497273072870855,9.984999496535073e-06,1.0430462180318914e-06,0.021828030435604932
38,0.011336603183158947,0.00030690849366711613,2.6536997883524945e-05,6.63940073780265e-07,8.383655608206916e-07,0.011376828053167398,0.09067786247408666,7.558178723197597e-06,0.42957307296216685,3.5888371773523424e-05,0.0018189952878282093,4.013097778480253e-06,4.396037169257313e-09,7.895105641834243e-05,0.4013492420136067,0.0010658899946461597,6.154080647116265e-09,1.1609540731255582e-06,0.042662679493948544,2.1682839507608727e-07,3.4664294106322025e-05,0.0004263095708976215,1.5001343186980703e-05,3.279671408256337e-07,0.009199776527594109
39,0.00691765603825301,0.00020652121608230042,3.6075746946897674e-05,1.1977666546414783e-06,1.8035989714212182e-06,0.008367856809473122,0.03531607503046769,1.6858290227570313e-05,0.6102912688778529,6.337403628627183e-05,0.001057917026620741,5.550149132329857e-06,3.472937354247193e-09,7.30100057307249e-05,0.2437855655263213,0.0011099433896433026,8.074809406438407e-09,9.118559634615684e-07,0.07864326684788885,2.2292796175822256e-07,6.569976848413251e-05,0.00036664070867261755,8.173313181361901e-06,2.578064893988783e-07,0.013664141714947526
40,0.00868690136482968,0.00043643597934428155,3.571205705283372e-05,9.215558393431575e-07,1.158311022948315e-06,0.005433900838927158,0.046844898401614724,1.0262106609177526e-05,0.6304562427766593,4.293349088283589e-05,0.0012070544446689804,3.4118913511208872e-06,5.867651922381081e-09,6.5587091731222e-05,0.24393026904237983,0.000436132764963637,7.654042659225161e-09,1.0384964312351768e-06,0.0490428516800613,1.8302733279368176e-07,2.8932607434535038e-05,0.0003893341928771894,5.998502444548209e-06,3.8753594109171385e-07,0.01293943831790565
41,0.0007627696930509482,0.00010145380622238866,2.0382359666199583e-05,1.5656109055936055e-07,6.057790575097705e-07,0.001982458565882622,0.006454893162637252,2.40654672417383e-06,0.8601591533106936,1.7914836320711463e-05,0.0001320213577585892,3.1783156829805983e-07,1.2070970205402797e-09,1.549499876930623e-05,0.11317486710473033,0.0001242821289847537,6.577769994926076e-10,5.284114139234038e-08,0.013493924686915749,3.328096826472425e-08,4.6501171352405275e-06,5.34953892156109e-05,4.5230094556184784e-07,7.213349106176892e-08,0.0034981393421561124
42,0.00492379734707115,0.00025621947755314923,1.7711039834460387e-05,4.1804197311278367e-07,7.621100450877706e-07,0.003060174796795664,0.026560741201151743,1.5961147537118666e-05,0.5195845633889344,4.1918286230304765e-05,0.000577922791268148,2.4257403702759536e-06,1.8421012312374963e-09,3.232962868492238e-05,0.35049422541298114,0.0006254172666143852,9.554340455870103e-09,3.856254639586079e-07,0.08503857359122875,1.3378630148769665e-07,3.701117765170119e-05,0.0007094325432309815,4.408233799724217e-06,2.0028843721832295e-07,0.008015255680399432
43,0.006332802536687615,0.0003911655474089118,2.6863517169892872e-05,9.03631764321153e-07,1.2442334214531642e-06,0.006053507435795776,0.03749522914850009,1.174147582315207e-05,0.6293169193609861,5.778508051348673e-05,0.001012819086135787,2.7182459367115435e-06,4.418260294328667e-09,5.33658118745047e-05,0.25247709015917036,0.000510436697850543,7.382939777244734e-09,9.328512710737398e-07,0.05413407611573204,1.6801059997983618e-07,3.564778786816858e-05,0.0004147650635422868,6.0358255528858764e-06,3.4023210110125243e-07,0.011663430343093887
44,0.008445692238745835,0.00043389492511852886,3.5279508592695376e-05,9.459974508252119e-07,1.1613010304057264e-06,0.00544329529394905,0.04675450897508167,1.033732503250664e-05,0.633685304150941,4.392276308390171e-05,0.0012007307146800848,3.3226941986497457e-06,5.897943601927784e-09,6.467026554406103e-05,0.2410970367955662,0.0004379764711500565,7.524292460570607e-09,1.0293695043367025e-06,0.04896583781857831,1.8443614336985451e-07,2.8971330441393226e-05,0.00037559970984503633,6.018844872113317e-06,3.8750041582869126e-07,0.012963878147798077
45,0.00499309745652551,0.0002161817634422679,2.9695684888950386e-05,4.1007489432621895e-07,9.095624540628749e-07,0.0031654451002408896,0.035230051313773984,9.00367460808433e-06,0.6665472316940725,2.5391820631757085e-05,0.0006959953280036844,2.081610087678202e-06,4.790319601265097e-09,3.5417660743870116e-05,0.24042734644425967,0.00034965318667187545,4.786875546504335e-09,2.983700342971591e-07,0.04250943220879626,1.1950619223478921e-07,1.1977955073477469e-05,0.0002357556702031657,3.0028264269087315e-06,2.7372082689915244e-07,0.005511217789952389
46,0.03080238444578223,0.0007512721325908808,4.299359328433494e-05,1.3288621344816822e-06,1.5385826662349343e-06,0.003376884794061235,0.045800277152199205,2.7629985399248123e-05,0.4540518317820426,4.9971091819665444e-05,0.0016893662795598177,1.1596426860328116e-05,1.1325209554301915e-08,5.987337759619213e-05,0.3596683817004453,0.0004980923172279882,7.264827921013761e-08,2.671325677987356e-06,0.07901898178839196,2.700038476067562e-07,5.56298661429608e-05,0.001340945899030023,1.1378044638537794e-05,1.2040858352911805e-06,0.02273541248927713
47,0.006626709339854897,0.0004132614006951299,3.297981290071293e-05,9.777355072633755e-07,1.2107331337688064e-06,0.005530457870698099,0.0431236147899855,9.649225165227482e-06,0.6534927024291112,4.4841815231552105e-05,0.0011470741498070289,2.672606823139989e-06,5.617178218917157e-09,6.269884768527301e-05,0.22990539519826977,0.00040881972280772935,6.153538414686999e-09,8.926157891126541e-07,0.04683797630505114,1.7199453940828224e-07,2.73206964940216e-05,0.0003114065554096848,5.704883802601963e-06,3.504670182933103e-07,0.012013099033502875
48,0.011695696333626342,0.0009432737216870228,1.846562470019131e-05,8.112784188400783e-07,9.893098234133658e-07,0.0024536365980536226,0.05244177246195278,2.3209714764523506e-05,0.44225803230025695,7.60922695106784e-05,0.0006613460018395086,2.942186677393414e-06,7.833099931163765e-09,5.3034513325505584e-05,0.348581946930401,0.0005521423798668953,2.5338650752481042e-08,9.6544752659731e-07,0.12600279448246893,1.9105995015964493e-07,3.269989405951231e-05,0.0012396880974665813,7.809191999637352e-06,6.107481712999527e-07,0.01295181628170184
49,0.009050582562096603,0.0003801368636510103,4.401494956865604e-05,9.299241455131826e-07,1.6406465490633212e-06,0.008912630991698969,0.042267358980216295,1.0052886340842528e-05,0.6300573254504787,4.316071232836493e-05,0.0016043876123815845,6.091253179655106e-06,6.826746646066601e-09,8.969353743141709e-05,0.24601266598226157,0.0005403547025512203,8.504295939881724e-09,1.3750430262904925e-06,0.049562872254404165,2.3717213313394183e-07,3.372245602725491e-05,0.0005662681736052024,6.9469881433985786e-06,3.184254678837605e-07,0.0108072171012706
50,0.008118651128771016,0.00043092866545241205,3.46751312028106e-05,9.351773888556648e-07,1.1406206043677458e-06,0.005297228143208032,0.047326444163238106,1.038174785155687e-05,0.6398256929511145,4.549481683766808e-05,0.0011186469011581854,3.1264787585161195e-06,5.8408416675204265e-09,6.466349188379087e-05,0.23420442436127037,0.0004439703326320709,7.107139320331194e-09,9.717885964398181e-07,0.04993900678682272,1.8251396308530518e-07,2.8011286290586967e-05,0.0003700897801805114,5.796154954164851e-06,3.7702258448546584e-07,0.012729147607254578
51,0.0097600791762098,0.0005698201788536219,3.66819462755524e-05,1.2884523090621313e-06,1.1723367899260121e-06,0.006233460722368998,0.06191511625217524,1.2754025607774263e-05,0.6474395713048511,5.726484047324927e-05,0.0016298990819849078,3.774313989669505e-06,7.213106955480983e-09,7.667239181923896e-05,0.20649137715864338,0.0003917529924666569,8.203607840656744e-09,1.8790405973180585e-06,0.051596325563790214,2.388156353133228e-07,3.8407528172132387e-05,0.0005076595751934442,6.480429980788595e-06,4.560812373390846e-07,0.013227852373860644
52,0.008149078965803323,0.0004287483367056199,3.5981475673710165e-05,9.035341988394432e-07,1.210419493206595e-06,0.0039604697013775735,0.04114148540171205,1.1253222788572325e-05,0.624815949261442,4.177505344048782e-05,0.0009752615998685163,3.3106283576408786e-06,5.4022066990024035e-09,6.277756009964417e-05,0.24585853550531417,0.000424567939789458,8.143904439472782e-09,7.393513893852949e-07,0.059625700693546564,1.5698118705987637e-07,2.8395207390670618e-05,0.0003606576094165098,5.108145770382745e-06,3.675467155606621e-07,0.014067552312407987
53,0.009177178025659871,0.0005757644217929703,4.6784630549509e-05,1.1540082391785349e-06,3.9505552750835365e-06,0.004811809560261694,0.01677005668520003,1.6561796674935182e-05,0.6695754165866594,6.781491914019366e-05,0.0008401652894545743,7.109901806865082e-06,6.768934046684011e-09,9.735484164912666e-05,0.17630449904281667,0.000349853676657859,1.4061232209074054e-08,1.1498890452463985e-06,0.10534430745077263,1.1854296784778075e-07,4.7861354015026395e-05,0.0006881707006894064,3.1093061016063994e-06,3.455365459905091e-07,0.015269442447857818
54,0.0074751508101149455,0.000381289497988184,3.534973724880581e-05,1.1408409976084023e-06,2.062419631305179e-06,0.006818160290357163,0.03336419280538572,1.619383051974892e-05,0.6498971206418527,4.226943960637099e-05,0.0022832830640516755,4.456135325678432e-06,6.0724202513080584e-09,5.3790889303627746e-05,0.23146690622172875,0.0003387180400039891,1.2199956695786282e-08,1.6123283609023941e-06,0.05891728075180256,1.9003830910778858e-07,4.2619733308531146e-05,0.00045948889043724843,6.393026389248833e-06,4.499411308546562e-07,0.008391862353768334
55,0.004106253694897166,0.0003825306935464126,1.3719488416901589e-05,7.453464915939502e-07,1.9316264517536736e-06,0.010804358028804183,0.03855572159989559,1.0203562363664281e-05,0.25875044901730104,6.512267163648245e-05,0.0009789718071304293,1.7122594643094224e-06,1.862730822956698e-09,9.726629615514071e-05,0.5964663236275471,0.001606378074292224,7.856747548106867e-09,5.77674454621862e-07,0.07961219509604045,1.263882723733099e-07,6.806028516642374e-05,0.0008025420935479497,2.401949632207528e-05,2.2191154387176286e-07,0.007650559540779803
56,0.008218118428714942,0.00045308820665616384,3.697502683576237e-05,9.51013209479941e-07,1.1810480275904667e-06,0.005235527447194316,0.04663203617429249,1.031146875995569e-05,0.6487498897530206,4.373218071001012e-05,0.001204534717052346,3.300569980198314e-06,6.943943545432371e-09,6.41567553928179e-05,0.23007044345852704,0.0004057448628745738,7.71251261662671e-09,1.0407279417748042e-06,0.046395228178759386,1.9427727045261895e-07,2.662099218355451e-05,0.0003645900488802222,5.7089388349592815e-06,4.144112620841657e-07,0.012076196657163087
57,0.005015442075689602,0.00023144809625169545,4.157292857243846e-05,5.918913794701398e-07,1.588433580813572e-06,0.002776568424437694,0.016141353566416283,1.3631734450811024e-05,0.7290720982437133,4.0560203760918855e-05,0.0005378318555095354,4.996264375209135e-06,4.345425663016454e-09,4.92482520327339e-05,0.16182283639537337,0.00035293246340243256,9.469740354201651e-09,4.3058944129702145e-07,0.07423142804026424,1.2513388342597992e-07,2.706334605537241e-05,0.0004213394634046671,1.9271948095073758e-06,2.030554728795598e-07,0.009214768532556298
58,0.00950382676966144,0.0004891406326510868,3.7556503532742396e-05,9.633442737550248e-07,1.1808972654975807e-06,0.005067378024842346,0.049759975888459304,1.1242669146395498e-05,0.6235310504399277,4.602903485957814e-05,0.001242077574825427,3.41454230772243e-06,6.67896259943768e-09,6.165429815274478e-05,0.24806627077450272,0.00042929453055518224,9.233197502107748e-09,1.1710549877038731e-06,0.04786480661660147,1.9149129102379318e-07,2.967163797058343e-05,0.00040951626974581093,6.379050577489637e-06,4.981649839637267e-07,0.013436693876718107
59,0.01005873539971919,0.000478016966531837,4.431106574111494e-05,9.80913004880522e-07,1.2251871231338866e-06,0.004951032832769333,0.05114061122386825,1.1090043131727306e-05,0.6363296824090555,4.4289715860834216e-05,0.00124813376679425,3.5619526685045095e-06,7.038546627028879e-09,6.348150567978277e-05,0.2366029791401115,0.0004332494540792636,9.057447763989943e-09,1.1855781474056692e-06,0.04443461223143223,1.981823396763374e-07,2.873187698871606e-05,0.0003747085304706348,6.0309363440150076e-06,5.445069054859232e-07,0.013742590485238465
60,0.008445692238745835,0.00043389492511852886,3.5279508592695376e-05,9.459974508252119e-07,1.1613010304057264e-06,0.00544329529394905,0.04675450897508167,1.033732503250664e-05,0.633685304150941,4.392276308390171e-05,0.0012007307146800848,3.3226941986497457e-06,5.897943601927784e-09,6.467026554406103e-05,0.2410970367955662,0.0004379764711500565,7.524292460570607e-09,1.0293695043367025e-06,0.04896583781857831,1.8443614336985451e-07,2.8971330441393226e-05,0.00037559970984503633,6.018844872113317e-06,3.8750041582869126e-07,0.012963878147798077
61,0.008998007534235014,0.0004498682448067672,4.5005492749668935e-05,9.217052563713977e-07,1.236464194109544e-06,0.004832058633259096,0.04636095440090577,1.0230207792682614e-05,0.6505395369024601,4.0110874589161286e-05,0.0012479964573155076,3.6409054198282542e-06,6.6698532692206705e-09,6.50849799573158e-05,0.22897673915171574,0.00039894890239895324,8.199759755384067e-09,1.0346525340912538e-06,0.04471828709137587,1.8832715531953526e-07,2.7332738079437163e-05,0.0003562944184365296,5.276400805545906e-06,4.5551553663968574e-07,0.012920775129407366
62,0.008445692238745835,0.00043389492511852886,3.5279508592695376e-05,9.459974508252119e-07,1.1613010304057264e-06,0.00544329529394905,0.04675450897508167,1.033732503250664e-05,0.633685304150941,4.392276308390171e-05,0.0012007307146800848,3.3226941986497457e-06,5.897943601927784e-09,6.467026554406103e-05,0.2410970367955662,0.0004379764711500565,7.524292460570607e-09,1.0293695043367025e-06,0.04896583781857831,1.8443614336985451e-07,2.8971330441393226e-05,0.00037559970984503633,6.018844872113317e-06,3.8750041582869126e-07,0.012963878147798077
63,0.008279620970481209,0.0004902968877826655,3.4069266251347116e-05,8.968609404019955e-07,1.0532985450669032e-06,0.004918983482365527,0.04687632203334219,1.0023480169251555e-05,0.639234078827949,4.318672766899582e-05,0.0011808072774192493,2.9725115632227807e-06,6.26347104140214e-09,5.9418814433803e-05,0.23983102007436535,0.0003801887893978947,7.608925391995196e-09,1.0360607814010202e-06,0.045566698640692495,1.8348378919519928e-07,2.6654032706082355e-05,0.00037787799661658157,5.536224634535115e-06,4.1690970588598866e-07,0.012678643476002262
64,0.00849176437649158,0.00044732220837302196,3.298939087062885e-05,1.0513400292014514e-06,1.2895447533035837e-06,0.005622132230922873,0.04420116478387422,1.2476685424907362e-05,0.5964369845405096,5.031277485550097e-05,0.0013360731090190194,3.717714224659106e-06,4.982201530938224e-09,6.388266390898033e-05,0.27084996154291885,0.000494208135591854,9.205229941635007e-09,1.180058766176325e-06,0.057242987710545465,1.80402092637956e-07,4.4786917843419474e-05,0.00042059575481931177,6.906990567209571e-06,4.117427223406174e-07,0.014237605193443663
65,0.011388482278972396,0.0004284271489028242,4.940660948851981e-05,2.293453537959638e-06,4.144862363854454e-06,0.02432525713347169,0.04974177701775973,1.263393229807236e-05,0.5161102253808661,9.194530918961757e-05,0.0024290166207359284,1.2005607169597163e-05,7.295934017816928e-09,0.00023009447849133528,0.29062121564477306,0.001413915852713433,1.073997269498875e-08,2.9788099329162197e-06,0.08354152621993585,3.0099658821751924e-07,0.00010528550932010087,0.0007065277568641192,1.906110561168532e-05,3.1856546009121377e-07,0.018763141669646106
66,0.0026668480177370725,0.00014953925662055601,3.13121942748084e-05,6.334009504665955e-07,9.006258241660535e-07,0.0034349139032494457,0.02729381129521051,1.0246904319622508e-05,0.8330021410585503,5.69791220598335e-05,0.0003201488728676326,2.0598495534956704e-06,5.665509893337733e-09,4.467318431005267e-05,0.0730014370761097,0.0004831402803458076,2.2311791099064745e-09,2.6041422868122865e-07,0.05415745435200855,1.9075278737914355e-07,1.1392271281077396e-05,0.00015200080837226584,1.4792384361063438e-06,1.2089327147249512e-07,0.005178308330941779
67,0.012227424612974349,0.00045334125972997587,5.225340920850363e-05,1.7898249355633997e-06,1.87125078696736e-06,0.021546900539197097,0.0921646127872875,6.073853295999377e-06,0.37207110633991625,4.626381986449412e-05,0.002298002179709137,8.135398007552564e-06,9.657726167286059e-09,0.00026327679130188893,0.43389108252530756,0.0018376527554170004,7.85196523901073e-09,1.894951822494324e-06,0.0414112169080275,4.6331789113774934e-07,4.7419377299860315e-05,0.0004950752004332554,4.008755592937345e-05,3.4588397946676466e-07,0.021133691947985558
68,0.030575983082689613,0.0009810764739365066,2.5926191046861645e-05,2.62560259810296e-06,1.168965606652379e-06,0.030249072155479704,0.10666878870047676,9.745143112885277e-06,0.30383343461404694,6.595716795094371e-05,0.007306737362372593,1.1521915258345779e-05,9.03064587153002e-09,0.00011491069406640069,0.4535141323036496,0.0009757534661508122,2.5150744105428033e-08,1.4825989647631739e-05,0.031413214986059305,5.683479826080261e-07,0.00011792749872763658,0.001136533370754117,6.828706149163476e-05,8.887546830524307e-07,0.032910885970821084
69,0.007125755359864545,0.00044581217828078946,4.081772626814116e-05,1.3383693820873571e-06,9.511122723414152e-07,0.0038404358938760818,0.04706414792770763,1.2667858907008145e-05,0.6848124027843688,6.040814982822756e-05,0.0008327449231104371,2.56615155090178e-06,6.440943555413132e-09,5.126946195017692e-05,0.19057192125137018,0.00048586144182114627,7.446722595745091e-09,9.242183097733128e-07,0.0449770357230678,2.515336199173375e-07,2.959800681895557e-05,0.0002432978399707059,5.214041303011959e-06,4.872331586726317e-07,0.01939407692552649
70,0.02054535969896446,0.0004414488437365179,0.00016770715769746773,1.9371307143311694e-06,2.920684962291004e-06,0.015931391075464388,0.08099183442744269,5.7257372927139415e-06,0.5800727105604766,4.5343924189223044e-05,0.001630499383470418,1.6235144666778915e-05,1.4212578556704307e-08,0.0005061757462349096,0.22756835577653586,0.0014662649701325486,7.108105302498731e-09,1.834354868187985e-06,0.0388654183005473,4.081575173500924e-07,3.885678073730955e-05,0.0004610462349709052,1.4620220527845499e-05,3.7733359753071885e-07,0.031223507034568377
71,0.015824244850485832,0.0004380287206716092,3.960677367167512e-05,1.2710509078266594e-06,9.286447899412775e-07,0.005952982709059623,0.092633064514927,1.4465957713008817e-05,0.5226910494587569,4.147495183761316e-05,0.001913133245723389,5.2564030067109676e-06,7.497245575852947e-09,7.592629102713111e-05,0.2884927571554004,0.0007126625162037275,1.205972274006003e-08,1.7713562840896766e-06,0.055394364286622505,3.1957779317973255e-07,3.98836560879618e-05,0.00045935809268105417,1.2264353619600327e-05,5.850825850178402e-07,0.015254580793175893
72,0.016875077770724157,0.0009625030637353151,2.185636895245366e-05,1.7233083492438229e-06,1.2016824014497725e-06,0.0057876451327303685,0.10900073662487363,3.562103481642525e-05,0.4401636455507245,0.00010151627554039681,0.002949041411935992,4.553147398614832e-06,9.704874467219796e-09,4.998107680038676e-05,0.3092932577239465,0.0006364503811722507,3.276999209098873e-08,4.584715910964724e-06,0.10165748775234855,3.6189332008309673e-07,8.520008597460417e-05,0.001057000194932896,1.51641191803555e-05,1.2493880728408447e-06,0.011294098821291456
