,0,1,2,3,4,5,6,7,8,9,10,11,12,13,14,15,16,17,18,19,20,21,22,23,24
0,0.00013794740172093419,0.0007655899038681112,3.980166963999875e-05,4.134160289747335e-07,3.7901881189298276e-05,5.902742402133547e-05,0.000234665801666997,9.114289615228599e-07,0.8677398100860618,1.4889970066396865e-07,1.1392329270802629e-05,0.00011131129423364319,5.92170865879956e-08,1.317033805380618e-07,0.11657784150512937,0.00019070678358277206,1.9657417431106483e-06,4.5825152624209e-05,0.008460832301049114,7.971551026339991e-09,0.00016677599679620496,0.004951258946851444,1.1894386562805918e-08,2.5017034560994323e-06,0.0004631595459988408
1,0.00020575163208710136,0.003973020971589966,3.012654408698161e-05,1.3765756541552798e-05,0.0003971595800082163,7.430962241908547e-05,0.0015667300631645178,1.6284586596264819e-06,0.5019383271348246,2.791413968751334e-07,0.0005284391746284226,0.0018932252333413093,1.4557277384605738e-07,1.8998057103212553e-05,0.33808973634264755,3.641267031904276e-05,9.645333641319069e-05,0.00034826963396835693,0.0029510264337670464,4.1068190197377743e-08,0.001162370786586917,0.12576888528241695,2.8442870049884437e-06,6.5788756708022265e-06,0.020895474340389675
2,0.00018666595797647276,0.0010651557402569381,4.7172389178669666e-05,4.848350847755664e-07,5.606974815943268e-05,5.144185208971904e-05,0.00037690409264488163,8.273373730586808e-07,0.8315353389617701,2.3467664496314683e-07,1.044779740366036e-05,0.0001346154707045964,5.529844827123236e-08,1.8807060429046778e-07,0.15461728207306635,0.00016743637630457366,1.842067094043543e-06,5.6479378610477245e-05,0.005788501879240209,9.966533873958665e-09,0.0001572147478127565,0.004795122530913066,1.810992999189638e-08,2.078195055977247e-06,0.0009484124470990157
3,0.00018163259172063103,0.0010306651377451365,5.982674568731943e-05,7.325941824143857e-07,3.758840881263556e-05,6.304327841175091e-05,0.0003673343797238521,9.882292005649222e-07,0.8697591448583281,2.7293375807738956e-07,1.2387775737270962e-05,0.00016950045536016592,5.959770152025221e-08,1.9583123113163143e-07,0.11357031829063172,0.00018135206715859758,1.991649336894619e-06,6.612298844212999e-05,0.0074247015198035,8.938827608436626e-09,0.0002166020494808411,0.006085336782819855,2.1430015968119777e-08,3.0848168621244233e-06,0.0007670866490202729
4,0.00018124744210341957,0.0010399714449649453,5.623409991382708e-05,7.817164517399324e-07,3.8571171461399976e-05,6.1014780501937795e-05,0.0003661237903795028,9.600629735651374e-07,0.8743259993148289,2.650467212861059e-07,1.2535928729667323e-05,0.00019077435963653802,7.184256814663018e-08,2.1093470685313277e-07,0.10841458778347057,0.00017264579104187854,2.3058148328261638e-06,6.775882940873626e-05,0.007423643863310858,9.589215480076883e-09,0.0002313505246001434,0.006606139684598677,2.3374887888323034e-08,3.241564252793633e-06,0.0008035312444383646
5,0.00020441890704968438,0.0010366282159179514,5.7845532431531467e-05,1.0139232034025638e-06,3.296509584158612e-05,6.525805871839693e-05,0.00034873382466053186,9.712308767398186e-07,0.8821769281252488,3.172599854639225e-07,1.2745371035484428e-05,0.0002047069611225023,6.997028285189985e-08,2.475918758037559e-07,0.09993939228370526,0.00018147138771095774,2.5164353503319093e-06,9.931913768148273e-05,0.006843100420690064,1.0001432240447463e-08,0.0002496872855030909,0.007650579511131181,2.4241921296734406e-08,3.6204727062544315e-06,0.0008874287539172582
6,0.00018163259172063103,0.0010306651377451365,5.982674568731943e-05,7.325941824143857e-07,3.758840881263556e-05,6.304327841175091e-05,0.0003673343797238521,9.882292005649222e-07,0.8697591448583281,2.7293375807738956e-07,1.2387775737270962e-05,0.00016950045536016592,5.959770152025221e-08,1.9583123113163143e-07,0.11357031829063172,0.00018135206715859758,1.991649336894619e-06,6.612298844212999e-05,0.0074247015198035,8.938827608436626e-09,0.0002166020494808411,0.006085336782819855,2.1430015968119777e-08,3.0848168621244233e-06,0.0007670866490202729
7,0.00044393115482813697,0.0013001717802103479,0.00015319155662145046,6.405537659105974e-07,3.947687524559301e-05,8.944590461527247e-05,0.00045741170034673315,1.090736561324816e-06,0.9070270931336735,4.3207042572474334e-07,1.267247670351138e-05,0.00013907939941871646,6.678981421521238e-08,1.2249551595248445e-07,0.07290075968246176,0.00013808934860558094,1.310533524983188e-06,6.993454655520013e-05,0.013172761102861424,8.317880652906355e-09,0.0001523564229155562,0.003228999439316778,2.99561227057513e-08,6.625910258536396e-06,0.000664298111750559
8,0.0003113806148564979,0.0020937072673025063,0.00014084679601243077,1.4630121596763414e-06,4.7306551465990925e-05,8.12659705788138e-05,0.0006551657613766751,1.227836647997476e-06,0.8988111062219891,5.645638873053543e-07,1.4245709895688147e-05,0.0002458946757239511,6.63676543041549e-08,2.7419281032261894e-07,0.083777456976708,0.00017685029453026486,1.4506401779159603e-06,5.6386748722029185e-05,0.00842029439885583,1.257675091275263e-08,0.0002166195692258936,0.003938733115234536,5.4304087338261707e-08,5.495017049291912e-06,0.0010021308162967287
9,0.00018663942683679722,0.0013863605750153475,0.0001211222669911914,1.6495179636361184e-06,3.0945323793787887e-05,7.109059698869853e-05,0.0005597159260126691,1.054039112310612e-06,0.9052178767694835,5.260413867643741e-07,1.0108886086436443e-05,0.00027571570188481123,7.892556244457837e-08,2.1891151577110572e-07,0.07969520638578309,0.000214713131164953,1.5882301531642622e-06,6.083666340589087e-05,0.006126086526748109,1.3601364977842352e-08,0.0003403464963485529,0.004788427916223531,3.725299351564356e-08,4.676689520621412e-06,0.0009049641976595591
10,0.00018163259172063103,0.0010306651377451365,5.982674568731943e-05,7.325941824143857e-07,3.758840881263556e-05,6.304327841175091e-05,0.0003673343797238521,9.882292005649222e-07,0.8697591448583281,2.7293375807738956e-07,1.2387775737270962e-05,0.00016950045536016592,5.959770152025221e-08,1.9583123113163143e-07,0.11357031829063172,0.00018135206715859758,1.991649336894619e-06,6.612298844212999e-05,0.0074247015198035,8.938827608436626e-09,0.0002166020494808411,0.006085336782819855,2.1430015968119777e-08,3.0848168621244233e-06,0.0007670866490202729
11,0.00018520896245727717,0.0010444417123545032,5.945495920363225e-05,7.555122170376317e-07,3.896255162785459e-05,6.259515132319744e-05,0.00036946890250422415,9.967032672194546e-07,0.8732400012161446,2.7579263631294806e-07,1.2520708886659018e-05,0.0001800444042652253,6.872565252001535e-08,2.009013851847618e-07,0.10977739566329026,0.00018166412535022169,2.1520431902076138e-06,6.667151509649459e-05,0.007593791704583466,9.70630762113902e-09,0.00022228833534828008,0.0061849188954309344,2.2670321619431227e-08,3.273244701005459e-06,0.0007728158924542761
12,0.00022758297677858373,0.0016774057504717573,3.345473930438344e-05,8.896744328689771e-07,7.330140054607615e-05,8.867867724316702e-05,0.00028987202051527626,4.56771349795341e-07,0.8861721626734114,4.281238555129887e-07,8.004408467071998e-06,0.00012415056068890132,7.855267864840658e-08,5.295830346633989e-07,0.0978542924298847,0.00013416213242975077,5.638591207566558e-06,0.00012941205583872319,0.004149753960170173,1.5706249221197345e-08,0.000290464905749946,0.006579042964787199,3.4660803026600105e-08,2.0269641714871807e-06,0.0021581597159300837
13,0.0001303541871887949,0.0009851739307336113,5.768350410807982e-05,1.0751127158296651e-06,3.977144788377808e-05,5.50977434496732e-05,0.0004544927480693456,1.5220860332680693e-06,0.8370978684452397,1.9816486555760419e-07,2.7879742634717805e-05,0.0002983508454948212,6.22427145496616e-08,3.248250237751423e-07,0.1424107171015342,0.00017510894516691025,2.240576428031938e-06,5.901577838473534e-05,0.0072780525336656205,8.763010529572942e-09,0.0002571168752124882,0.0099186297350173,3.515580856688533e-08,3.523919336671624e-06,0.0007456955902796172
14,0.00026864225967710234,0.0033793973952392117,4.0018123875214864e-05,9.110692876412062e-07,9.151101294811408e-05,7.433218371906715e-05,0.0005842044564471769,1.3117939382170743e-06,0.8580680400566539,5.735112361829453e-07,2.3489437171507675e-05,0.00017809798924568436,5.0803105459868546e-08,5.588910016828478e-07,0.11691366148288862,0.0002186116868452292,2.349152863891847e-06,7.365064093337221e-05,0.012840618529193267,1.5471477311098413e-08,0.00017295308831544547,0.006146288800399299,3.825670664417559e-08,4.024602245307685e-06,0.0009166493045855166
15,0.00018163259172063103,0.0010306651377451365,5.982674568731943e-05,7.325941824143857e-07,3.758840881263556e-05,6.304327841175091e-05,0.0003673343797238521,9.882292005649222e-07,0.8697591448583281,2.7293375807738956e-07,1.2387775737270962e-05,0.00016950045536016592,5.959770152025221e-08,1.9583123113163143e-07,0.11357031829063172,0.00018135206715859758,1.991649336894619e-06,6.612298844212999e-05,0.0074247015198035,8.938827608436626e-09,0.0002166020494808411,0.006085336782819855,2.1430015968119777e-08,3.0848168621244233e-06,0.0007670866490202729
16,0.00015832104970569518,0.0012661890576159155,5.60196738869916e-05,1.0603476163932246e-06,3.518483997102329e-05,5.127343363122222e-05,0.0005691214550924008,1.4215395345862621e-06,0.83933283667143,4.7663850632829196e-07,1.181695942554565e-05,0.00033359509123183774,7.392140042177012e-08,3.128469673980386e-07,0.13658240383738937,0.00023691562233885938,2.562308212337737e-06,8.510944809306053e-05,0.00812322675818689,1.1994026006539413e-08,0.0004426325867065766,0.011638875702049021,2.8396562705262527e-08,2.8563722127388557e-06,0.0010676734482067706
17,0.0001577677486581485,0.001314910236302266,4.783921934825737e-05,1.405046232524975e-06,5.381105755618276e-05,5.765318511327579e-05,0.0004892477102202358,1.2904140934538523e-06,0.8398154112319307,3.449818130537011e-07,2.017386232602302e-05,0.0003597600480253474,1.0631346424455245e-07,5.082102641846239e-07,0.13501817963091006,0.0001986774018652275,4.841980304999032e-06,9.073114122007706e-05,0.006560146830659333,1.6075290450309406e-08,0.0003828086737488029,0.014034100806089177,5.428542061084613e-08,3.405020842670868e-06,0.0013868088883006863
18,0.00020306455243921808,0.001125236333014462,4.514486260366005e-05,8.485694706901854e-07,4.940797212874652e-05,5.620127325927197e-05,0.0004126456083242956,6.632671641131628e-07,0.8522267959858035,3.9355574331628025e-07,8.923541417177256e-06,0.00022222158446742727,8.760601098219041e-08,3.36988642063898e-07,0.12910452555995058,0.00014793734390188427,3.880668363319588e-06,0.00011978229180883274,0.004664241902413416,1.2793930073140959e-08,0.00033165719298171146,0.009361454769250736,3.214487275801764e-08,2.282259872939435e-06,0.0019122213721647551
19,0.00013417785893454404,0.0010137916601374397,6.555469312217137e-05,9.471530000954896e-07,2.8070605948928086e-05,3.8376206885073024e-05,0.0005688977772094365,1.1865582352865078e-06,0.8634356744605132,2.9182340371102194e-07,1.027754834949609e-05,0.0003108068133208796,6.147733764632809e-08,1.893370914953299e-07,0.11934928723753262,0.0001867135941248205,1.4874145731971016e-06,5.327921025080801e-05,0.00598426712940926,7.789213913112318e-09,0.0002675498736376169,0.007757886254759192,2.0691396682465173e-08,2.414898143966007e-06,0.0007887819334683623
20,0.00012198618126675167,0.0007650010794783207,5.824405175611744e-05,7.845578772550421e-07,2.664004606694916e-05,4.5321047180388924e-05,0.00042833390144985,1.8083143304879143e-06,0.7792401378888828,2.2312108628584093e-07,1.5823197957380747e-05,0.00024138530593120533,5.0300873437153946e-08,1.961716315265664e-07,0.19923042845295025,0.0002257387956853137,1.8577139193202697e-06,6.313257111044988e-05,0.007426493559401548,7.498828881994791e-09,0.0002436093359996538,0.011176657003832514,1.6648902626498775e-08,2.1997044193686816e-06,0.0006839235491810402
21,0.00015617437580973592,0.0010451412706791925,5.154068874711127e-05,9.620239652931768e-07,2.8529660816442796e-05,5.3665224995772815e-05,0.0003784445190524413,1.2645905527626477e-06,0.8971087381157625,3.297274175862975e-07,1.012337339959376e-05,0.00021641460223124564,5.9469449490885294e-08,2.4939335079751547e-07,0.08743104374224343,0.0002691813866501794,1.4050472171811161e-06,6.97877473864478e-05,0.006522235433855377,9.717645032145262e-09,0.00022196380185460964,0.005864613199740553,1.6258162981475728e-08,2.9610405117868383e-06,0.0005651455885023433
22,0.0002502734131870424,0.000796568777174522,6.0291564247849476e-05,6.705343400068114e-07,3.6041838851995905e-05,7.701931820703342e-05,0.00024448166986714115,8.923929853721732e-07,0.8614529570201136,2.6403966777978916e-07,1.3380500355752483e-05,0.00011340875627053352,5.7107203668619504e-08,1.7567036552878526e-07,0.12087181375365404,0.00017514649003792378,3.1083256012388865e-06,0.00012513376212144826,0.006937785257600865,8.95920363330213e-09,0.00020544811234343658,0.007778884248243748,1.8817777420053696e-08,3.347563176302823e-06,0.0008528221074019689
23,0.00018163259172063103,0.0010306651377451365,5.982674568731943e-05,7.325941824143857e-07,3.758840881263556e-05,6.304327841175091e-05,0.0003673343797238521,9.882292005649222e-07,0.8697591448583281,2.7293375807738956e-07,1.2387775737270962e-05,0.00016950045536016592,5.959770152025221e-08,1.9583123113163143e-07,0.11357031829063172,0.00018135206715859758,1.991649336894619e-06,6.612298844212999e-05,0.0074247015198035,8.938827608436626e-09,0.0002166020494808411,0.006085336782819855,2.1430015968119777e-08,3.0848168621244233e-06,0.0007670866490202729
24,0.00022091092140486687,0.001551048053771003,5.413849754752019e-05,1.0702960150966393e-06,4.092957644230886e-05,7.062537228982029e-05,0.00036375428074371586,1.0939702274983384e-06,0.8886469976682247,3.8011507826760945e-07,1.342130330257153e-05,0.0002011894641040429,7.234157989488242e-08,3.2389166436828815e-07,0.0918966274909767,0.0002080874601632714,2.5986694970625237e-06,8.259870961172912e-05,0.008614655205354984,1.2563832370538186e-08,0.0002298355865222935,0.006986027613117671,2.8086552362897583e-08,3.897623759771033e-06,0.00080967523821618
25,0.00013139107991959925,0.001113890796936885,6.0510964557953645e-05,1.4678049016500025e-06,4.1790434112025784e-05,7.116602055304755e-05,0.0005232485584488093,3.116383299750777e-06,0.8358166702980275,2.5366461670016307e-07,4.6191177634274286e-05,0.00029909004200252294,5.2201782445521195e-08,4.87140840062273e-07,0.1394445892211379,0.00028454124513550394,2.1170270818388804e-06,6.632848957418453e-05,0.010129927586223162,9.838116040365612e-09,0.0002474026412317865,0.011197839975536465,3.781734908892588e-08,4.476377162424437e-06,0.0005134032138181855
26,0.00038610056830973755,0.0009994233325193228,8.162072906108857e-05,6.324096300896793e-07,3.769794163131622e-05,8.579000153588115e-05,0.0001909875553795652,4.810430541756143e-07,0.9441026310154605,2.3873274080327947e-07,1.1041862635022111e-05,9.616856569062145e-05,8.342757430116515e-08,1.0498081889658786e-07,0.04128807465955991,0.00011614448723398633,2.179807843844266e-06,7.990016425287094e-05,0.008844419018491624,9.97921247282634e-09,0.0001526420310495175,0.0029908153460051273,2.6397545465905857e-08,8.308377346826468e-06,0.0005244775654170337
27,0.0004043223876601012,0.0021549113594288845,0.00012419467681043164,8.112561604047747e-07,8.365951132276776e-05,0.00010128270623769911,0.0006419388041477793,5.546772998379541e-07,0.92779407340102,6.597072586059347e-07,7.557122866705794e-06,0.0001603079347938712,9.559553623940157e-08,2.3370977863474392e-07,0.05818115709749927,0.0001252744180041127,1.5270293769225677e-06,5.8397386325086684e-05,0.00682675227937096,1.5095377652129758e-08,0.000211006930437099,0.0015095890722157375,5.1018085281999084e-08,4.44632354732198e-06,0.0016071804994385649
28,0.00018163259172063103,0.0010306651377451365,5.982674568731943e-05,7.325941824143857e-07,3.758840881263556e-05,6.304327841175091e-05,0.0003673343797238521,9.882292005649222e-07,0.8697591448583281,2.7293375807738956e-07,1.2387775737270962e-05,0.00016950045536016592,5.959770152025221e-08,1.9583123113163143e-07,0.11357031829063172,0.00018135206715859758,1.991649336894619e-06,6.612298844212999e-05,0.0074247015198035,8.938827608436626e-09,0.0002166020494808411,0.006085336782819855,2.1430015968119777e-08,3.0848168621244233e-06,0.0007670866490202729
29,0.00018163259172063103,0.0010306651377451365,5.982674568731943e-05,7.325941824143857e-07,3.758840881263556e-05,6.304327841175091e-05,0.0003673343797238521,9.882292005649222e-07,0.8697591448583281,2.7293375807738956e-07,1.2387775737270962e-05,0.00016950045536016592,5.959770152025221e-08,1.9583123113163143e-07,0.11357031829063172,0.00018135206715859758,1.991649336894619e-06,6.612298844212999e-05,0.0074247015198035,8.938827608436626e-09,0.0002166020494808411,0.006085336782819855,2.1430015968119777e-08,3.0848168621244233e-06,0.0007670866490202729
30,0.00018163259172063103,0.0010306651377451365,5.982674568731943e-05,7.325941824143857e-07,3.758840881263556e-05,6.304327841175091e-05,0.0003673343797238521,9.882292005649222e-07,0.8697591448583281,2.7293375807738956e-07,1.2387775737270962e-05,0.00016950045536016592,5.959770152025221e-08,1.9583123113163143e-07,0.11357031829063172,0.00018135206715859758,1.991649336894619e-06,6.612298844212999e-05,0.0074247015198035,8.938827608436626e-09,0.0002166020494808411,0.006085336782819855,2.1430015968119777e-08,3.0848168621244233e-06,0.0007670866490202729
31,0.0003363981709198545,0.0014292202379392071,0.00010767147432663794,8.003285954092158e-07,3.7199033383208166e-05,7.278608005720828e-05,0.00044791974910183153,1.5132726118844994e-06,0.8795509821192949,4.59294963221798e-07,1.2015872147220445e-05,0.0001585939320365347,5.6937619086831496e-08,1.7553174680004225e-07,0.09999899785549256,0.00017604648466646884,1.7332489617411632e-06,8.12787789876731e-05,0.011339980772581661,9.334542359369812e-09,0.00020582210623107494,0.0052947222413402256,2.5910544687098876e-08,4.061407952837817e-06,0.0007415298239557386
32,0.00019502990022905555,0.001074289190149635,5.9809462714411054e-05,6.907138884077921e-07,3.7590282867572645e-05,6.550771372095959e-05,0.0003624427559976366,1.044831314917097e-06,0.8693475509543528,2.791452010377228e-07,1.2783945589346417e-05,0.00016652673894730795,6.102868452521046e-08,1.9185870107695495e-07,0.11238906683626984,0.00018079092992400093,2.0628168920923823e-06,6.69291613278953e-05,0.008819963564237908,8.843076501552138e-09,0.00021511892409679654,0.006276384559494423,2.1194608933969077e-08,3.314261371448766e-06,0.000722540386341509
33,0.00019359961151790635,0.0015434157827436202,5.396786672740166e-05,1.7563685648402596e-06,5.4961198921999726e-05,0.00012205287953320045,0.0004156002709593591,2.5966432944773403e-06,0.8551617888675216,5.543182344980935e-07,3.532550041095609e-05,0.0002860471938685635,1.4302536980854683e-07,6.949614101290911e-07,0.10588871933426036,0.00040379140231816774,7.17126100494526e-06,0.00011629163429975431,0.016837867343298646,2.32698258057348e-08,0.0003936102200630469,0.01770662605609579,6.425384154772828e-08,7.542403049702367e-06,0.0007657883328638971
34,0.0001519766200532111,0.0012013927580131637,7.093731609585323e-05,1.5647947822012662e-06,4.979072327629852e-05,8.162999176777518e-05,0.0005821089591205404,1.3896501277354745e-06,0.8151010078370627,5.688169636516629e-07,1.701038889265372e-05,0.0002689275648849259,7.989261449389699e-08,4.440631460876964e-07,0.1641478142460786,0.00030024271026839313,3.399596521742984e-06,9.861248050946566e-05,0.0055433509018929916,1.7624782709211575e-08,0.0003868905748190823,0.010436331595229978,4.690315160755677e-08,3.221418514423527e-06,0.0015512425714292956
35,0.00026216091010138585,0.0005206078617970689,5.403820295607602e-05,4.7413177504714067e-07,1.3764466769418318e-05,2.7895798368296576e-05,0.00021128444808486682,6.624115820576878e-07,0.9420722975532628,1.5911734741705408e-07,4.3483298206894625e-06,0.0001315049863268412,4.010396908965797e-08,6.363051646485745e-08,0.04727750139244208,0.0001012037003286586,8.898246865668977e-07,9.705956700740233e-05,0.004682125915515465,3.52180342001943e-09,0.00013631007572024594,0.004000854730709243,6.3551062300067125e-09,2.360378611525494e-06,0.00040238258539186927
36,0.0001255847531412219,0.0007766104734176487,4.001092315168397e-05,6.954103531206047e-07,2.1222612129268112e-05,2.969969663764233e-05,0.00039002288476037126,2.0185914141060634e-06,0.8058502345090576,1.8088416433381167e-07,1.2153108440044369e-05,0.00037768107409867825,7.282711370865885e-08,1.8337621060107134e-07,0.1682539159604711,0.0002455993417236411,1.7857466643822355e-06,5.0476394101179956e-05,0.009729280790834384,6.9409330767079175e-09,0.00018014815572958408,0.013352958308863603,1.348323592533241e-08,2.084902293685326e-06,0.0005573588510593467
37,0.00036632193862085917,0.0012747755419685943,8.509587076323907e-05,8.203142771099353e-07,3.191723072089315e-05,6.064743485179809e-05,0.0003578987186705802,7.379402033629347e-07,0.9221331460490253,3.998489796407467e-07,1.07311625009571e-05,0.0001711185592608998,6.529535491474311e-08,1.436884467637843e-07,0.059987081451988604,0.00014004014608869666,1.7848900586172314e-06,0.00010026231296830355,0.009103917812279984,8.922861340995692e-09,0.00020205338762184375,0.005257983772430899,2.631244178039738e-08,6.221244702659827e-06,0.0007068001529123964
38,0.0002643351733860628,0.0009039989409432752,7.510966398454987e-05,3.4378176897505264e-07,4.7563675456718625e-05,9.4342595751416e-05,0.00037548079130297055,7.750706624458706e-07,0.8669162115189712,2.762642709118081e-07,9.02552647437972e-06,7.616146650977881e-05,4.203187487978804e-08,1.1155234687077097e-07,0.11882070907237899,0.0001808866140941914,1.0508355114197257e-06,5.200196138477629e-05,0.00891972206981013,5.957526690309776e-09,0.0001112431727664261,0.0025007739111757945,1.2731384506578553e-08,2.9054897976387426e-06,0.000646910130465156
39,0.00015642503859152347,0.0005029940647086955,9.805334880549831e-05,6.790826361817088e-07,2.5502924006645707e-05,0.00012091170027955796,0.000297585757455315,1.5253877140181707e-06,0.8473612028441027,3.1990044083622746e-07,1.0908247414613482e-05,0.00013437468469636635,8.987144635057259e-08,1.1886150878127823e-07,0.13259366871216108,0.00028451453792331156,2.7602071007473306e-06,8.090735557790898e-05,0.01052759801097664,8.888288514667763e-09,0.00038240431355866735,0.006766446966471316,1.6658814451941567e-08,3.490185814631681e-06,0.0006474924495054072
40,0.00018479855784799803,0.0010377660524110472,5.871799438836307e-05,7.583417473396997e-07,3.7327462048944526e-05,6.47454433074242e-05,0.0003553073929543082,1.006283824678837e-06,0.8723156624590181,2.8250882812731656e-07,1.266874183987638e-05,0.00016893829828939288,6.108522891185205e-08,2.0125553356570092e-07,0.11059886232194369,0.00018979866126785756,2.0935125449237188e-06,6.988233530154934e-05,0.007637526557948679,9.320057145594942e-09,0.0002224726612436861,0.006281611817035301,2.1692214209631174e-08,3.228009371673959e-06,0.0007562512338030262
41,0.00014532606632916092,0.000470164788426919,3.919656767913476e-05,1.7571837283459372e-07,5.345930023664537e-05,2.780497657314748e-05,0.0002424904570325299,3.750916914746318e-07,0.8898956245969097,5.7204239447685686e-08,4.6894078733250205e-06,5.0753329412661645e-05,3.1256341502170575e-08,4.4637084808890615e-08,0.1055087164074558,0.00011682786078502882,4.776062343219361e-07,2.163906012534834e-05,0.00200775996249926,3.771467401069668e-09,4.274694360525215e-05,0.0009596228311289208,4.1907313472704575e-09,9.57933901394631e-07,0.00041105003386246154
42,0.00013525622844551117,0.0007626337117979355,7.006393409501222e-05,9.279503720410059e-07,1.8089081375906917e-05,6.816812309063195e-05,0.00035372443743654925,2.6857372335652766e-06,0.8091539159107884,3.4891973508527866e-07,1.549644708582621e-05,0.0002801876705497131,8.132495155940408e-08,1.686717706089842e-07,0.15602961633031637,0.00039086174567105506,2.527597917114301e-06,7.333803765110853e-05,0.017082641392493905,9.735795920419181e-09,0.00035975832404973036,0.0147178710839034,1.7046516749148303e-08,3.926059087490295e-06,0.0004776844978686453
43,0.00017802142205755063,0.000965539171999739,5.183470678630108e-05,6.343495032357655e-07,3.792655977276988e-05,4.790802584864322e-05,0.0003365171041426594,8.122959257400008e-07,0.8767959946230526,1.6335473217216247e-07,1.2924288008592617e-05,0.00016505148283764423,4.883590612794208e-08,1.6468825396657803e-07,0.1094278027331595,0.00013653559372132383,1.5341346120613195e-06,5.1233968755683504e-05,0.006050633307590356,6.604847342931459e-09,0.00014529195939970267,0.0049103199717251975,1.846812602857051e-08,2.7084162080239538e-06,0.0006803739330271278
44,0.00018163259172063103,0.0010306651377451365,5.982674568731943e-05,7.325941824143857e-07,3.758840881263556e-05,6.304327841175091e-05,0.0003673343797238521,9.882292005649222e-07,0.8697591448583281,2.7293375807738956e-07,1.2387775737270962e-05,0.00016950045536016592,5.959770152025221e-08,1.9583123113163143e-07,0.11357031829063172,0.00018135206715859758,1.991649336894619e-06,6.612298844212999e-05,0.0074247015198035,8.938827608436626e-09,0.0002166020494808411,0.006085336782819855,2.1430015968119777e-08,3.0848168621244233e-06,0.0007670866490202729
45,0.00012439900242264544,0.0004933018131985682,6.329772030457868e-05,4.867151938358859e-07,2.5477610914874234e-05,5.791232936643723e-05,0.0003184568337680189,1.8002457133276936e-06,0.7735334671975246,1.4640211196101494e-07,1.60672771811827e-05,0.0001236775773861535,3.9258023724801643e-08,1.0275683873038353e-07,0.21110134905617983,0.00029904412608328947,1.0517993060669044e-06,4.571957552705042e-05,0.007732840674760919,5.429180395998708e-09,0.00010983555634969581,0.005552197170669927,8.538013095737693e-09,2.221751853360611e-06,0.00039709358212779855
46,0.0001797771298260693,0.0010220909100364089,6.0101170677934425e-05,9.243904265120824e-07,3.6267490529435854e-05,7.547024587957882e-05,0.0003243220168674168,1.12257115888917e-06,0.8583222888794545,2.920509284200283e-07,1.4993617217499909e-05,0.00019417678858297058,8.107264399352343e-08,2.3600320461389938e-07,0.12065373072349381,0.0002064435928197278,3.2810200659308492e-06,7.849863757676927e-05,0.008787974308128792,1.1278282622276013e-08,0.00027483646840180983,0.008919055050122767,2.7426071085380242e-08,3.741160729580477e-06,0.0008402559968731342
47,0.00017405606591469397,0.0010918637986267242,6.375794970896744e-05,7.871234244087559e-07,4.106947359820276e-05,7.213207667508611e-05,0.00037910779010592497,1.095174580481179e-06,0.8648478131440924,2.724389757405859e-07,1.5195000815344809e-05,0.00015685060618549982,5.3296027626911837e-08,2.2751264338496214e-07,0.11884756377570765,0.00017875485040744603,1.9220581400030412e-06,6.419159428405549e-05,0.007419805305317037,8.993920499893431e-09,0.00020854877248933844,0.005681872919443615,2.364969947576569e-08,3.123671640609625e-06,0.0007499029575755258
48,0.00027467795865903933,0.0023166224280784264,6.068728861259842e-05,7.480222589812896e-07,4.090855724120545e-05,0.0001221277617298874,0.0003553066178121026,1.4768534637190677e-06,0.8665780845734365,5.175691351318948e-07,2.084766067726027e-05,0.00016910830745146444,8.388012225397231e-08,2.6230142910882775e-07,0.08224613812868639,0.00022210850606768924,3.3246249430835376e-06,6.15246103115813e-05,0.0383575227243044,1.2031226908077988e-08,0.00024278470007285742,0.008420211213233606,3.538797994922551e-08,8.193580513994801e-06,0.0004966847125519508
49,0.0001823306713640025,0.001053506797128276,7.911165168227156e-05,1.0433361873746676e-06,3.2669312521894914e-05,6.941714465778036e-05,0.0004160848717510182,1.125006048191459e-06,0.8714214819186911,3.4247453684030397e-07,1.3074218965878214e-05,0.0002217198539744058,7.002282385950046e-08,2.289363690260959e-07,0.11064125336299342,0.00018663440870540213,2.1881226915075063e-06,7.529284144134704e-05,0.0072107879135995135,1.0220567165268503e-08,0.00027705724296702653,0.007227305419617247,2.853462804670649e-08,3.653356783407551e-06,0.0008835823593042109
50,0.00019250634558424615,0.001166028377440182,6.499110795861571e-05,7.676203352996996e-07,4.149146731697067e-05,6.494826109761312e-05,0.00045638312814069644,1.107418857688732e-06,0.8542186280851641,3.459891096585762e-07,1.2795736890501842e-05,0.00019162718351947166,6.21354206119788e-08,2.232248530868772e-07,0.1274522981771548,0.00019125720669598679,2.0426377336095115e-06,6.83114588125581e-05,0.008081900570089786,9.600040298594208e-09,0.00023642333023320104,0.006642920682722742,2.526125351645989e-08,3.077785261292207e-06,0.0009098272083135516
51,0.0001773958402721788,0.0008810292786231513,6.15755092733755e-05,6.46441967833647e-07,4.216434732863402e-05,6.9428167412827e-05,0.00036516326623850065,8.90241873578507e-07,0.8685363610843312,2.692519977965968e-07,1.2193794674128442e-05,0.0001546455931314723,6.678227795208033e-08,1.7700668037056225e-07,0.11609148699538895,0.00019359077549833137,2.009896580344947e-06,6.46592011422108e-05,0.006954407959607853,9.33154849952851e-09,0.00022097368518850417,0.005359460413174847,2.1954719692170367e-08,3.183194216300778e-06,0.000808189986851397
52,0.0001776000169876339,0.001132420092050292,6.115179252929121e-05,7.87403123687342e-07,3.7995878717940464e-05,5.884353504157316e-05,0.0003977657926928236,9.98991782374502e-07,0.8730695723651818,2.798707682092e-07,1.2343339886236382e-05,0.0001940172568629848,6.288599402125206e-08,1.999430756829033e-07,0.1096733898295038,0.00017641430657227758,2.0127321537075748e-06,6.006718305213349e-05,0.007661054994306701,9.291874855352455e-09,0.00023580031860157466,0.0062634486340978675,2.3852031267333237e-08,3.17933094751953e-06,0.0007805603621636676
53,0.00019218870140320454,0.0010488852480444331,5.971059795128839e-05,7.415486528394867e-07,3.6458864283200044e-05,6.709359436202607e-05,0.00033460696563985143,9.74623293697325e-07,0.8757114174737959,2.769609504385455e-07,1.2151851240621547e-05,0.00015956204521821755,6.055270147329734e-08,1.9612248654228431e-07,0.10723153648115318,0.00018017294038232448,2.1337965132578544e-06,7.036239140894137e-05,0.007826110662444893,9.17296820190174e-09,0.00021713838261683648,0.006098744437631584,2.1215852738120755e-08,3.2463554307432187e-06,0.0007461990135735961
54,0.00017294977465992238,0.0009345601303860581,6.126996721834854e-05,7.335466388278105e-07,3.5091658034667574e-05,6.334841771749569e-05,0.0003481469552664243,1.0391253206590516e-06,0.8758601951470374,2.525875275565438e-07,1.3468109685458094e-05,0.00017095333331432298,6.186720166072286e-08,1.818220605322125e-07,0.10714848983299163,0.00018534426029278848,1.9899115910358685e-06,6.538702905228829e-05,0.007793092483857787,8.703718230607613e-09,0.00022511929005399276,0.006243847157786782,2.11074675167064e-08,3.381563859218521e-06,0.000671066217259515
55,0.0002313183145118696,0.0029989060523206387,0.00012409329984825075,1.7755489712892781e-06,0.00019073281768399876,0.0003371517289530005,0.0008674433453170614,5.280123510516714e-06,0.5309659908524614,1.749366447852001e-06,9.005007928405773e-05,0.0001224980493674543,6.255004995019287e-08,1.4011626091685892e-06,0.41920427337758465,0.0004995654923749439,1.2676304803535254e-05,0.00011135364947798237,0.02248398669733108,5.0962119469417875e-08,0.0004983164286557043,0.019017356059919156,2.4485237981584183e-07,6.10568077935737e-06,0.0022276172032377325
56,0.0001847593330070258,0.001047149226957685,6.0017718381224073e-05,7.646513229433786e-07,3.841692290708526e-05,6.332717460782681e-05,0.0003782622090679128,1.0149644203681403e-06,0.8708455326340625,2.7741084864008157e-07,1.2822559862606579e-05,0.00018549071337149598,6.798574498930131e-08,2.058346824195847e-07,0.11175152815312965,0.00017825377582827588,2.1464959001665585e-06,6.671222749118925e-05,0.0077861547551823455,9.43598792751472e-09,0.00022527217786059438,0.006381774446309071,2.326533929960249e-08,3.2908267995972457e-06,0.0007867251009271133
57,0.00016792907526934193,0.0011291596248954557,5.2541998480443566e-05,8.314004265608483e-07,3.143618474142388e-05,4.6724876378188445e-05,0.0004018750800204033,1.127691195550355e-06,0.8665867560158629,3.2880072448934455e-07,1.0115322492422084e-05,0.00029826408691705105,9.904228263163846e-08,2.007109119003543e-07,0.11088302575328056,0.00020568799813480454,2.6715859440554517e-06,6.429611878717054e-05,0.009451317432361685,1.175267430123241e-08,0.0002904938220454333,0.009537143138520712,2.4382686909287592e-08,3.2639106443421025e-06,0.0008346741943211592
58,0.00020191578101372274,0.0010224232068753662,6.188951173290573e-05,7.424785404166483e-07,3.5792877315751214e-05,6.297037844487201e-05,0.0003543202290088734,9.374200942671227e-07,0.8914456031578132,2.5187517012063026e-07,1.3327426169479465e-05,0.000182801236002639,6.649313952603533e-08,1.783514824205007e-07,0.09157205132037502,0.0001681392255563832,1.8266471482411689e-06,6.364538791556994e-05,0.0084404535007678,8.539854882282237e-09,0.00020399566383575186,0.005506022484041349,2.2740343169878583e-08,4.088603176185336e-06,0.0006565254641822661
59,0.00019683115175573302,0.0009870693802113142,7.148172318795749e-05,7.613585547251987e-07,3.49554763623394e-05,6.502817636645086e-05,0.00036175744074603156,9.792645027400803e-07,0.8865789898784815,2.644973827515929e-07,1.3344806400453614e-05,0.00017250442269912193,6.187417756583513e-08,1.6535639573770756e-07,0.09698359110223949,0.00017584407567283828,1.7525589638997845e-06,6.264290158994223e-05,0.008021013249449082,8.843128781604143e-09,0.00021468968506602401,0.005398452008477751,2.279636404162924e-08,4.060212703039772e-06,0.000653727759120759
60,0.00018163259172063103,0.0010306651377451365,5.982674568731943e-05,7.325941824143857e-07,3.758840881263556e-05,6.304327841175091e-05,0.0003673343797238521,9.882292005649222e-07,0.8697591448583281,2.7293375807738956e-07,1.2387775737270962e-05,0.00016950045536016592,5.959770152025221e-08,1.9583123113163143e-07,0.11357031829063172,0.00018135206715859758,1.991649336894619e-06,6.612298844212999e-05,0.0074247015198035,8.938827608436626e-09,0.0002166020494808411,0.006085336782819855,2.1430015968119777e-08,3.0848168621244233e-06,0.0007670866490202729
61,0.00019830764285168754,0.0009922484290177621,6.98919227055201e-05,7.482670611225068e-07,3.58288625627263e-05,6.342150738839153e-05,0.00036756229115944827,9.705174354077626e-07,0.8849642537876773,2.645047227785928e-07,1.2914057853369002e-05,0.00017387793067904055,6.432913047056684e-08,1.6609326607759435e-07,0.09869403065400915,0.00017356979965303817,1.80045703926617e-06,6.363167441753122e-05,0.007858482146874388,8.891754654987439e-09,0.0002133762163652261,0.005434706598403447,2.2384926886142633e-08,3.898997204019707e-06,0.000675952035841233
62,0.00018163259172063103,0.0010306651377451365,5.982674568731943e-05,7.325941824143857e-07,3.758840881263556e-05,6.304327841175091e-05,0.0003673343797238521,9.882292005649222e-07,0.8697591448583281,2.7293375807738956e-07,1.2387775737270962e-05,0.00016950045536016592,5.959770152025221e-08,1.9583123113163143e-07,0.11357031829063172,0.00018135206715859758,1.991649336894619e-06,6.612298844212999e-05,0.0074247015198035,8.938827608436626e-09,0.0002166020494808411,0.006085336782819855,2.1430015968119777e-08,3.0848168621244233e-06,0.0007670866490202729
63,0.00019707792970440887,0.0012496015084992023,6.142189016273114e-05,7.704830988055027e-07,4.089887389565794e-05,6.288142906194783e-05,0.0003906224189742932,1.0108013549586028e-06,0.8691749541522584,3.0386458359499096e-07,1.2401118958252842e-05,0.00017417305292606957,6.03532888866479e-08,2.11852880500725e-07,0.11317913922251409,0.00017565841150758544,2.1177007891155856e-06,6.507392838675268e-05,0.008036859049062966,9.815840322646143e-09,0.00022274030869405792,0.006141861095770246,2.3680934364252e-08,3.166724302693513e-06,0.0008069603325497717
64,0.000171451889070059,0.001100781035465339,6.363918150420678e-05,8.761368193069779e-07,3.7871745237255394e-05,6.52953726278065e-05,0.0004178847092733363,1.049950472177218e-06,0.8699948871832315,3.386800315306229e-07,1.193280651514935e-05,0.00020649883268723983,7.094703293673562e-08,2.3198671940400159e-07,0.11198664810445126,0.00018551902877309918,2.35071767317586e-06,7.250206258380318e-05,0.007427658065191765,1.0701640270415018e-08,0.000313042316314806,0.00704825274432685,2.6009250547432773e-08,3.221612542869512e-06,0.0008879581805643339
65,0.00019142161981301878,0.0016763436301539167,0.000109773272451649,1.3836432656912773e-06,4.8371614282382625e-05,9.721822797923201e-05,0.0007787663402479701,1.956506463976577e-06,0.7874548933281904,8.817870005062552e-07,1.495134374656652e-05,0.00025764967446373214,6.814844570283753e-08,4.281731328839452e-07,0.1890228966298697,0.0002651495195399687,2.670669270627818e-06,8.822663859918852e-05,0.008839161872910633,1.6774440223261834e-08,0.00045452901573271153,0.00910318600327764,4.875363866004291e-08,3.1034051339892855e-06,0.0015869034079489363
66,0.0002923576815752465,0.0008405924007109855,0.00010113828872791,5.041213527753556e-07,6.200264317002902e-05,0.00011162480025296333,0.00032458675749876426,6.202422943241703e-07,0.8966199362888294,3.887914972182053e-07,1.1126281755227593e-05,9.421765754251056e-05,9.872313482963422e-08,1.150536464824852e-07,0.08869180615567059,0.00017408824062652994,2.6494962845760394e-06,8.053906363454416e-05,0.007997171889022207,1.4537311544470196e-08,0.0002656007519917203,0.003405963407625249,3.05256245086656e-08,5.781325948385978e-06,0.0009170448742714558
67,0.00018152292819526524,0.0009143489499158086,0.0001262989639835423,4.517954631466826e-06,6.0476196295390575e-05,0.0006260598967108736,0.0002802221477004881,1.703068936928376e-06,0.867995776495714,1.1047425780844819e-06,3.6711044727550454e-05,0.00023712542491082384,3.91363610434526e-07,1.4663347999388494e-06,0.10491263094079946,0.000554267553577576,1.6207423053788093e-05,0.00024143435859932505,0.008910294837056191,6.394867266558447e-08,0.0010181900309209808,0.011731043799829744,1.931948095588253e-07,1.3537064156879417e-05,0.002134411335813218
68,0.0002584619654408122,0.0009658754274208513,0.00017609485932156392,1.7965597335691704e-06,1.1348273827125475e-05,4.4221283450925704e-05,0.0003906610423340058,9.877217401555722e-07,0.9587011811334039,4.500512584541345e-07,6.1776772424490185e-06,0.0002893307945165643,4.824365120165873e-08,1.2211688169598614e-07,0.02833102282729963,0.00011428035345268633,8.894060407641384e-07,8.906204927576252e-05,0.005228371280436305,6.4564926405228295e-09,0.0004261018624420471,0.0044578807308107826,2.833281712131894e-08,5.681241701215944e-06,0.0004999183090077474
69,0.00017041078255833935,0.0011901861703464598,8.824876562611833e-05,1.0295925157653357e-06,4.391431612822331e-05,7.797969698801313e-05,0.0004831436110529321,1.597391325775369e-06,0.8572341074626287,3.074078174077831e-07,2.3138479023514473e-05,0.0002300631537689786,6.738876762949925e-08,2.3882327271918336e-07,0.12285137272073393,0.00023476878870063694,1.8694802438175722e-06,5.172960019323621e-05,0.010136405874745603,1.1760773100914467e-08,0.00028504513619877805,0.0062506535975396325,3.635307273137054e-08,5.11727112562867e-06,0.0006385563748522824
70,0.0001789685790979462,0.0007167617636604829,6.36476627842679e-05,7.483855203449908e-07,3.070890756309556e-05,4.826035286230983e-05,0.00030554435988970656,1.0457633318100954e-06,0.8501667859101928,2.415363721827297e-07,7.821397054983813e-06,0.0001401632473134312,5.2958352857071317e-08,1.6664493672953526e-07,0.1380482266964327,0.00021177486463235461,1.6641492832121953e-06,7.789338508935073e-05,0.003578330596011226,8.943022789320081e-09,0.0001383603638712299,0.005411552427160527,1.3194246348624267e-08,1.6952744378821185e-06,0.0008695626368793953
71,0.00018971593816141048,0.0014274889097442489,4.890093669045306e-05,7.065430994906147e-07,5.995250438659799e-05,5.1548887623348495e-05,0.000398869035954016,7.581643827209331e-07,0.8816211622517948,3.4022327590847733e-07,9.305412002220833e-06,0.00018097737157442067,8.329242311168715e-08,2.2002445171558305e-07,0.10388830974545209,0.00021336510683085864,2.181214743676526e-06,5.3596050815829504e-05,0.00608416114727403,1.6543947622204018e-08,0.00022527688277133656,0.004596895569580596,2.6218047078308013e-08,3.019363568485319e-06,0.0009431226614041529
