,0,1,2,3,4,5,6,7,8,9,10,11,12,13,14,15,16,17,18,19,20,21,22,23,24
0,0.00014136943099849256,0.000712089132137089,3.21290465458435e-05,3.366631555201943e-07,3.990941032419699e-05,5.3150116581876495e-05,0.00020578200356484954,8.028962923800395e-07,0.8645804029044145,1.1701311670308371e-07,1.2088353501366827e-05,0.00010503996425263703,5.978009684500915e-08,1.194226596505292e-07,0.11939059794646191,0.0001808850568934073,2.0418940759485427e-06,4.438653893636248e-05,0.008808313778344014,7.294143811023153e-09,0.00013654372743647118,0.005119487354721611,1.0611810849260889e-08,2.5106727138699168e-06,0.00043181898681968905
1,0.00021445140095824948,0.0035711510403482047,2.4467079120814438e-05,1.0295042000321461e-05,0.0004088434892820769,6.498425051309731e-05,0.0013500036924236002,1.4082181085935238e-06,0.49970966203848344,2.0872205282897242e-07,0.0005389329203950935,0.0017878508127828043,1.5099493698664504e-07,1.643484448964186e-05,0.3432557765913659,3.447143375150268e-05,9.696060305879381e-05,0.00032691555615207063,0.0031179674170589105,3.617184444594237e-08,0.0009215947223982213,0.12555570372011315,2.3052905783713656e-06,6.381909929827324e-06,0.01898304203785299
2,0.000190838550560849,0.0009882060268127952,3.8013943628900255e-05,3.9417098568358207e-07,5.887090527018871e-05,4.6314844043840636e-05,0.00032942775906410343,7.285853152359362e-07,0.8280094376474855,1.8383366009895535e-07,1.1081979507323715e-05,0.00012680114882496405,5.5798129125264724e-08,1.7007799710665385e-07,0.15798522320676608,0.00015878988222244958,1.9124999677902926e-06,5.4601846771642714e-05,0.0060331755720692245,9.101508114163888e-09,0.0001286492646368975,0.004954791211242421,1.61085598237892e-08,2.085941310017696e-06,0.0008802200936600207
3,0.0001859011349674478,0.0009573083797205667,4.819910384288536e-05,5.949039685622635e-07,3.958723543777688e-05,5.6755555196311466e-05,0.0003214212148231427,8.703209304554274e-07,0.8667174444304181,2.1384380967988263e-07,1.314094484601606e-05,0.00015962610153830454,6.01717347868572e-08,1.7723247745593932e-07,0.11634452230042032,0.0001720840550642798,2.068987945891203e-06,6.393507816704062e-05,0.00773609497694788,8.175629333427458e-09,0.00017712424444233141,0.006286332595641545,1.9063717106154437e-08,3.0929873955497536e-06,0.0007134169609173273
4,0.0001855332014462516,0.0009660332446065965,4.5325224314409086e-05,6.346622966149102e-07,4.062210620434681e-05,5.494589292269842e-05,0.0003204092642262551,8.457529062481306e-07,0.8713583313725126,2.0772311023004707e-07,1.329901890466467e-05,0.0001795736341911926,7.247351687077959e-08,1.908526588987803e-07,0.11110420470639185,0.00016388604655295658,2.393840676144536e-06,6.551701395556665e-05,0.007736008518761777,8.768427227488193e-09,0.00018914453069282912,0.0068223128536628675,2.0787153866308564e-08,3.249736131172769e-06,0.0007472287737759806
5,0.0002091714548613147,0.0009631732432599626,4.662830700551121e-05,8.222696492161304e-07,3.475459917337756e-05,5.8760551452030964e-05,0.0003053406290539838,8.55743435896476e-07,0.8793511618625655,2.484704924771479e-07,1.3523265748626029e-05,0.00019266345966250983,7.061130471445891e-08,2.2388652201611214e-07,0.10248654562807642,0.0001722601973135855,2.6119360054595365e-06,9.586510662594845e-05,0.0071357589491434295,9.145536073178671e-09,0.00020410367585429502,0.007896779192244179,2.155925178855268e-08,3.6283769378902972e-06,0.0008250178788237709
6,0.0001859011349674478,0.0009573083797205667,4.819910384288536e-05,5.949039685622635e-07,3.958723543777688e-05,5.6755555196311466e-05,0.0003214212148231427,8.703209304554274e-07,0.8667174444304181,2.1384380967988263e-07,1.314094484601606e-05,0.00015962610153830454,6.01717347868572e-08,1.7723247745593932e-07,0.11634452230042032,0.0001720840550642798,2.068987945891203e-06,6.393507816704062e-05,0.00773609497694788,8.175629333427458e-09,0.00017712424444233141,0.006286332595641545,1.9063717106154437e-08,3.0929873955497536e-06,0.0007134169609173273
7,0.0004714169971933079,0.0012130148256166186,0.0001267327753203054,5.268937417738119e-07,4.2229202283748154e-05,8.104954715161201e-05,0.00040996378442880414,9.874769547206013e-07,0.9045206272890801,3.404051900235705e-07,1.3681297476831068e-05,0.00013478998080157053,6.98472675283532e-08,1.153775222305681e-07,0.07485721931120068,0.00013196937803219052,1.4167871195992412e-06,7.000913376729782e-05,0.013784758678750869,7.726100163332886e-09,0.000126601471789788,0.0033671086437503436,2.6462236229787225e-08,6.607161773575379e-06,0.0006387295454499992
8,0.0003181336297861441,0.0019395301029851168,0.00011308463028873236,1.1849941326385402e-06,4.981391314062104e-05,7.313955714051508e-05,0.0005721428230569447,1.0812335906193996e-06,0.8964384152216621,4.411212005081807e-07,1.511643298014176e-05,0.00023136050489803127,6.703847269272108e-08,2.479731298527231e-07,0.0860485406856843,0.00016800741312071287,1.5110148101002393e-06,5.462248222430835e-05,0.008776744931550791,1.1494373363665377e-08,0.00017732121228640883,0.004082253821727471,4.8124292629383783e-08,5.498711947716693e-06,0.0009316809315175526
9,0.00019122452395476462,0.001287223422022077,9.73390611936298e-05,1.3354260277744367e-06,3.266247387000379e-05,6.403592306359407e-05,0.0004892629852939841,9.290651616018884e-07,0.9029313737702198,4.112350147106537e-07,1.0747545820445193e-05,0.00025930362648532884,7.966350181932293e-08,1.9824013746168714e-07,0.08188928035675351,0.0002038020483410981,1.6538013576814743e-06,5.8918783565950765e-05,0.0063969612711552515,1.2427621126495664e-08,0.00027798988632432337,0.004958617964653487,3.3083406866632015e-08,4.684470068251729e-06,0.0008419189449854921
10,0.0001859011349674478,0.0009573083797205667,4.819910384288536e-05,5.949039685622635e-07,3.958723543777688e-05,5.6755555196311466e-05,0.0003214212148231427,8.703209304554274e-07,0.8667174444304181,2.1384380967988263e-07,1.314094484601606e-05,0.00015962610153830454,6.01717347868572e-08,1.7723247745593932e-07,0.11634452230042032,0.0001720840550642798,2.068987945891203e-06,6.393507816704062e-05,0.00773609497694788,8.175629333427458e-09,0.00017712424444233141,0.006286332595641545,1.9063717106154437e-08,3.0929873955497536e-06,0.0007134169609173273
11,0.00018956078303252177,0.0009701318710400299,4.790579462660563e-05,6.1347600478628e-07,4.1030781137711106e-05,5.63597026295376e-05,0.00032331068141759807,8.778304214185166e-07,0.8702527889505954,2.16093071252502e-07,1.328251609576908e-05,0.00016951908421780236,6.934292902998291e-08,1.8181462777564606e-07,0.11248978002311043,0.0001723954112572164,2.234927012732871e-06,6.446896197242771e-05,0.007912120349082763,8.874642142113153e-09,0.00018176734419819753,0.006389286478830403,2.0163129092579637e-08,3.2812215905504755e-06,0.0007187875233269792
12,0.00023269436762126907,0.00155240948866413,2.703876486850722e-05,7.210993649058771e-07,7.694713552679959e-05,7.974899465403277e-05,0.0002540455703970184,4.0435277568223194e-07,0.8835676010842415,3.346584191334952e-07,8.516538300549378e-06,0.00011714593784831698,7.927292678097166e-08,4.764453001991065e-07,0.10044354129320567,0.00012767991066061073,5.8290271208078735e-06,0.00012481056630774592,0.00434314182916965,1.4323395963203905e-08,0.00023742969913820468,0.006801554307416719,3.072604077593446e-08,2.038396305332884e-06,0.0019957662103295554
13,0.0001335295464770564,0.0009144579424569365,4.64399989827665e-05,8.705329073321386e-07,4.1836911993666435e-05,4.959322433477987e-05,0.0003968929453589034,1.3362863308485464e-06,0.8335963537983806,1.5538317744343103e-07,2.9424128326366574e-05,0.00027989636101608667,6.277229029967925e-08,2.9294220861515396e-07,0.14558847260559957,0.00016604284290309976,2.3240918292572446e-06,5.704615249264863e-05,0.00757735450850406,8.008540962278718e-09,0.00020988100227568412,0.010211159913870737,3.116579694173967e-08,3.5276749553102534e-06,0.0006930092589898974
14,0.0002736153468008455,0.0031128201660004947,3.229800367449943e-05,7.401537556354868e-07,9.57930811799902e-05,6.683228156301117e-05,0.0005082152349247856,1.1542817005063726e-06,0.855368065348865,4.458645327981591e-07,2.4837896059283223e-05,0.00016783859381756374,5.140829690344752e-08,5.040479463299164e-07,0.11943955682190908,0.00020742530599429925,2.432321308793411e-06,7.089420283373454e-05,0.013300829231003517,1.4132312453969866e-08,0.00014122305229161096,0.006331070248745149,3.397501854146695e-08,4.029570400084398e-06,0.0008492794290647595
15,0.0001859011349674478,0.0009573083797205667,4.819910384288536e-05,5.949039685622635e-07,3.958723543777688e-05,5.6755555196311466e-05,0.0003214212148231427,8.703209304554274e-07,0.8667174444304181,2.1384380967988263e-07,1.314094484601606e-05,0.00015962610153830454,6.01717347868572e-08,1.7723247745593932e-07,0.11634452230042032,0.0001720840550642798,2.068987945891203e-06,6.393507816704062e-05,0.00773609497694788,8.175629333427458e-09,0.00017712424444233141,0.006286332595641545,1.9063717106154437e-08,3.0929873955497536e-06,0.0007134169609173273
16,0.0001616091280458447,0.0011716499185002993,4.510927027210185e-05,8.602848615251889e-07,3.699495576657273e-05,4.616440878580722e-05,0.0004948951622357169,1.2496543858022688e-06,0.8363378154585708,3.707101871525054e-07,1.2533334960180674e-05,0.0003131848100585408,7.461601025176659e-08,2.8284865736162756e-07,0.13934540582465632,0.00022457774012429714,2.6503981028542642e-06,8.181850677432515e-05,0.008429897979914861,1.096447982447553e-08,0.00035947078562413224,0.011942596896999747,2.5243972639247638e-08,2.863463617073134e-06,0.0009878876344360777
17,0.00016098180100887922,0.0012180819380298079,3.838121910236907e-05,1.1286063388671936e-06,5.586716167091181e-05,5.172025707702169e-05,0.00042251068262796085,1.1189198006241526e-06,0.8367524194974826,2.677194721762001e-07,2.120217534019719e-05,0.00033681189639495713,1.0629868476443707e-07,4.552522761966226e-07,0.13787747041989373,0.00018705919793891453,4.949266116629067e-06,8.70605796576253e-05,0.006819071117195203,1.4480031876084504e-08,0.00031059966024931903,0.014367851810558777,4.7499894522884563e-08,3.3900215435654238e-06,0.0012814325216125467
18,0.00020709492422716844,0.0010422700366811818,3.640757582420199e-05,6.895335125966973e-07,5.187849372519252e-05,5.059693350235577e-05,0.00035956918816886104,5.856154476946709e-07,0.8494518728007513,3.065172811558001e-07,9.482072212011205e-06,0.00020914898771370397,8.83857961801495e-08,3.0467722374982145e-07,0.13180658812474327,0.00014063241162103228,4.006995355649547e-06,0.0001149912314819944,0.0048562267633906,1.1696385025261935e-08,0.00026985617772507236,0.009620411201103391,2.8568931896762477e-08,2.29149813281969e-06,0.0017646595890620008
19,0.00013753247663142673,0.000941612428326082,5.2782829540055906e-05,7.68024395053218e-07,2.960497203129205e-05,3.4634199563545547e-05,0.0004966045357842596,1.0438772283200178e-06,0.860353451172497,2.2853895094289578e-07,1.0911806529811947e-05,0.0002917463520048474,6.205257440651108e-08,1.713661948369073e-07,0.12221954808346365,0.00017712510473856253,1.5473502906997181e-06,5.1568488954843734e-05,0.006241557940713384,7.128484723283373e-09,0.00021852179913565666,0.00800312031590267,1.840797627377612e-08,2.424112131299882e-06,0.0007334066359564913
20,0.00012481281694379999,0.0007099547347135012,4.681839663156182e-05,6.353519002053272e-07,2.8039801175368e-05,4.07733217477799e-05,0.00037360188552663866,1.5837664292810378e-06,0.7751021890165266,1.7458067837276135e-07,1.6723810470073885e-05,0.00022636318943189006,5.070870915771538e-08,1.771146257772696e-07,0.20301474210802511,0.00021344717183211773,1.9259367334810455e-06,6.091238001994253e-05,0.007719458719204426,6.848441999702327e-09,0.00019861162165330757,0.011481846612993557,1.4794555667659991e-08,2.2041340780591813e-06,0.0006349311769524391
21,0.00016009687419181232,0.0009714519856615135,4.158859509129808e-05,7.807235057466006e-07,3.011372723782591e-05,4.839160740515344e-05,0.0003313534042325399,1.1131612297170236e-06,0.8945348128412834,2.582919827335242e-07,1.075866111732007e-05,0.00020370940153710028,6.009044118356418e-08,2.256022820246741e-07,0.08975969992443654,0.00025510226543183385,1.4634164872078594e-06,6.751303084823255e-05,0.006805745159934328,8.891120233590796e-09,0.0001816293111947851,0.006064279039266017,1.4495201008988784e-08,2.9718660588373245e-06,0.0005268576328217464
22,0.0002549655216072399,0.0007391695281139786,4.855008207387016e-05,5.455377510341821e-07,3.7906504884339854e-05,6.922602600582644e-05,0.0002136181031206161,7.867077234887957e-07,0.85860725616671,2.0607412828250802e-07,1.4188180997076966e-05,0.00010711241661185095,5.774443262189659e-08,1.5936720210116294e-07,0.12344494376885516,0.00016635324449176857,3.2132461612092223e-06,0.00012010236895094686,0.007208506299673018,8.205893716536333e-09,0.00016758338747288717,0.008001838409194852,1.6771204284931098e-08,3.3544501774400453e-06,0.0007903318865625159
23,0.0001859011349674478,0.0009573083797205667,4.819910384288536e-05,5.949039685622635e-07,3.958723543777688e-05,5.6755555196311466e-05,0.0003214212148231427,8.703209304554274e-07,0.8667174444304181,2.1384380967988263e-07,1.314094484601606e-05,0.00015962610153830454,6.01717347868572e-08,1.7723247745593932e-07,0.11634452230042032,0.0001720840550642798,2.068987945891203e-06,6.393507816704062e-05,0.00773609497694788,8.175629333427458e-09,0.00017712424444233141,0.006286332595641545,1.9063717106154437e-08,3.0929873955497536e-06,0.0007134169609173273
24,0.00022600150487478549,0.0014384150636706514,4.3664026790567866e-05,8.679185111850859e-07,4.3111617139811884e-05,6.358021192119295e-05,0.0003184868140515121,9.634868754119317e-07,0.8859465457962378,2.974776194406509e-07,1.4239512870126681e-05,0.00018940840559202748,7.30064773720989e-08,2.925313722174141e-07,0.09429907016740731,0.00019742472731690212,2.697386938206004e-06,7.981886211119304e-05,0.008974144355578206,1.1477354876175516e-08,0.0001879952927048539,0.007215715374319777,2.496436695283238e-08,3.9054264883153515e-06,0.0007532445914094231
25,0.00013415928188740932,0.001032478000063213,4.8475322303806764e-05,1.1784315744926574e-06,4.343262920114054e-05,6.375542628220244e-05,0.00045159385264653185,2.6891270888947216e-06,0.8325644368577729,1.9711575390902896e-07,4.8323842253456694e-05,0.0002802055158407463,5.2373916773049704e-08,4.363568680037784e-07,0.1423353395714968,0.00026732962662230126,2.17268364498918e-06,6.373178508961458e-05,0.01050314000197532,8.88208736141954e-09,0.0002011373846854711,0.01147452081354701,3.314364299885079e-08,4.449119992296255e-06,0.0004767228537625988
26,0.00039448859076968845,0.0009304714343969869,6.579484793203806e-05,5.150671973709967e-07,3.978890875470783e-05,7.727870881444877e-05,0.0001680527738341968,4.261693781620524e-07,0.9424583062284676,1.8758740247067712e-07,1.1745870866977671e-05,9.103251531038814e-05,8.426793074408241e-08,9.552781543737757e-08,0.04261297261850988,0.00011070655668934959,2.2683446776336003e-06,7.734931609553387e-05,0.009227126314022045,9.141929196580658e-09,0.00012532280327012726,0.003107829195333446,2.350862848951015e-08,8.305694750288262e-06,0.0004898180072225236
27,0.00042886367991515876,0.001997925708579523,0.00010271972752083088,6.644061689903294e-07,8.906667105064579e-05,9.180099957429455e-05,0.0005739080779435704,5.046359302617515e-07,0.9259269630042273,5.181809939946938e-07,8.185099417883577e-06,0.00015511134833839666,9.983532738729688e-08,2.1858528104802286e-07,0.059957735401906624,0.00012008619316454763,1.6489320610924515e-06,5.856248862757042e-05,0.007187064051323274,1.3961269892089275e-08,0.00017533375339284056,0.0015840119426491768,4.480588649610373e-08,4.44829843000011e-06,0.001534500211019445
28,0.0001859011349674478,0.0009573083797205667,4.819910384288536e-05,5.949039685622635e-07,3.958723543777688e-05,5.6755555196311466e-05,0.0003214212148231427,8.703209304554274e-07,0.8667174444304181,2.1384380967988263e-07,1.314094484601606e-05,0.00015962610153830454,6.01717347868572e-08,1.7723247745593932e-07,0.11634452230042032,0.0001720840550642798,2.068987945891203e-06,6.393507816704062e-05,0.00773609497694788,8.175629333427458e-09,0.00017712424444233141,0.006286332595641545,1.9063717106154437e-08,3.0929873955497536e-06,0.0007134169609173273
29,0.0001859011349674478,0.0009573083797205667,4.819910384288536e-05,5.949039685622635e-07,3.958723543777688e-05,5.6755555196311466e-05,0.0003214212148231427,8.703209304554274e-07,0.8667174444304181,2.1384380967988263e-07,1.314094484601606e-05,0.00015962610153830454,6.01717347868572e-08,1.7723247745593932e-07,0.11634452230042032,0.0001720840550642798,2.068987945891203e-06,6.393507816704062e-05,0.00773609497694788,8.175629333427458e-09,0.00017712424444233141,0.006286332595641545,1.9063717106154437e-08,3.0929873955497536e-06,0.0007134169609173273
30,0.0001859011349674478,0.0009573083797205667,4.819910384288536e-05,5.949039685622635e-07,3.958723543777688e-05,5.6755555196311466e-05,0.0003214212148231427,8.703209304554274e-07,0.8667174444304181,2.1384380967988263e-07,1.314094484601606e-05,0.00015962610153830454,6.01717347868572e-08,1.7723247745593932e-07,0.11634452230042032,0.0001720840550642798,2.068987945891203e-06,6.393507816704062e-05,0.00773609497694788,8.175629333427458e-09,0.00017712424444233141,0.006286332595641545,1.9063717106154437e-08,3.0929873955497536e-06,0.0007134169609173273
31,0.00034329698226023445,0.001325608936298564,8.650418969218206e-05,6.497894067255785e-07,3.9190168030461e-05,6.549587003507198e-05,0.00039163879892877224,1.3301382387262102e-06,0.8766676167890091,3.5898457057554413e-07,1.2751995248640117e-05,0.00014944816826711118,5.7515673347364435e-08,1.5899556601291796e-07,0.10253804089875819,0.00016712186752637238,1.802356711522369e-06,7.852687189566175e-05,0.01179285156974654,8.538006713555345e-09,0.00016840055862954944,0.0054750879396879655,2.303315026758331e-08,4.067472400809828e-06,0.0006899615722611845
32,0.0001995318824248284,0.000997574771070956,4.818343816305181e-05,5.610457171522289e-07,3.9587708343448044e-05,5.89602111723529e-05,0.0003171511759101721,9.198684509296423e-07,0.8662768068301004,2.1867664120182282e-07,1.3558470110047215e-05,0.00015683415852524326,6.160657510765296e-08,1.736492095595566e-07,0.11513634452362949,0.00017154790183597146,2.1424469601037714e-06,6.470805949646874e-05,0.009181298746813981,8.08820214879942e-09,0.00017591109820867316,0.006482403813537713,1.8854677355937368e-08,3.3216743931331287e-06,0.0006721712998302935
33,0.00019737447744602732,0.0014288666683054704,4.3280072466885505e-05,1.4094629329375196e-06,5.7066852049894255e-05,0.0001090890370010746,0.0003592888845274447,2.243843401924068e-06,0.8521399596328926,4.2920200612478423e-07,3.7025783088649324e-05,0.00026817648141001565,1.4281468350055813e-07,6.216595982373442e-07,0.10829048739019202,0.00037885720183417526,7.316717185067437e-06,0.00011146621325359616,0.017420444595178323,2.0924663418921315e-08,0.0003193839762484136,0.018109574613341506,5.6184694745320005e-08,7.479728118873132e-06,0.0007099375834791474
34,0.00015502040976066175,0.0011128546919704284,5.676600182569825e-05,1.255552793876344e-06,5.168660609859635e-05,7.305843880141352e-05,0.0005019835966909621,1.203862717550302e-06,0.8118225372204214,4.400432795752378e-07,1.788381047729633e-05,0.0002520207986460584,7.99578086231446e-08,3.9785731881404017e-07,0.16736466608537162,0.00028192857952621004,3.479472037095677e-06,9.453179155180471e-05,0.005764128053552801,1.585972195409287e-08,0.00031372738715266174,0.01069531169629091,4.1049776149783855e-08,3.2064474305666454e-06,0.001431774728977295
35,0.000267579700164846,0.00048519451608978315,4.363199647949299e-05,3.872659748650093e-07,1.4580237592782243e-05,2.5259611702671196e-05,0.00018514516682794857,5.861137769070823e-07,0.9405208276423348,1.2477844117051222e-07,4.647720334145375e-06,0.0001243724727261616,4.0712576594499305e-08,5.81545755349215e-08,0.04862361004582465,9.660262590142197e-05,9.27836859326197e-07,9.347873648843544e-05,0.004885166862665928,3.2482895619241965e-09,0.00011166244574936139,0.0041385767109360745,5.708144626875017e-09,2.3745816324995423e-06,0.00037515510791028656
36,0.0001285492424268266,0.0007210868432084014,3.224346699583342e-05,5.638359932892467e-07,2.237702053052918e-05,2.6793713235890432e-05,0.00034054787069142945,1.7679371185442003e-06,0.8018919637020037,1.4176860057403275e-07,1.2869876755422912e-05,0.00035355617482007534,7.331851797229228e-08,1.657155931071893e-07,0.1716993621063249,0.00023225796337531538,1.852772326996398e-06,4.878605559710813e-05,0.010104695762908334,6.345131633711034e-09,0.0001471879357423172,0.013712765664139263,1.200153342272965e-08,2.0908855219475517e-06,0.0005182820209072237
37,0.000373298961899978,0.0011825325921848916,6.851827640704403e-05,6.675617698876838e-07,3.3655794792973435e-05,5.467357143693811e-05,0.00031284753775727593,6.521730881896001e-07,0.9202150929194186,3.1217856410136185e-07,1.141040876553294e-05,0.00016150398719599502,6.606556396616704e-08,1.3064745720008518e-07,0.061624541890709005,0.00013335659314579645,1.8545198394663476e-06,9.65845916433739e-05,0.009467672012330161,8.183378452712762e-09,0.00016519630855676154,0.005432028601386284,2.344150107971662e-08,6.22423223668306e-06,0.0006571469489705956
38,0.0002697045095252957,0.0008372730354317023,6.045249947607233e-05,2.824487162992963e-07,4.9766000323666025e-05,8.511203361030456e-05,0.0003262145926993294,6.878188164544696e-07,0.8637502194488565,2.1612415928931644e-07,9.603391106334011e-06,7.196896592263216e-05,4.2540822475445344e-08,1.0216135831964936e-07,0.12176695276797182,0.0001719499301541789,1.1012156624035616e-06,5.0645021569719454e-05,0.009242536632773135,5.46911798880269e-09,9.112969910454432e-05,0.0026082719850147084,1.1366791812673939e-08,2.9043698519068264e-06,0.000602845971162839
39,0.000160116174018101,0.0004686204042533812,7.873951023048523e-05,5.512904670570354e-07,2.6894952419151053e-05,0.00010841002540543927,0.0002604977487906368,1.3394428599866714e-06,0.8439352532037268,2.502640993802029e-07,1.1571208152941106e-05,0.00012661299894368085,9.048147297814619e-08,1.0777892905765922e-07,0.1356303916775895,0.0002691584732058403,2.8605689404724243e-06,7.809475052394857e-05,0.010941733481160431,8.124088666826144e-09,0.00031157091360160794,0.006981307330724935,1.4828640459069721e-08,3.494792583033028e-06,0.0006023095751720096
40,0.00018913693674432326,0.0009639328444357745,4.7313559802183096e-05,6.15742134250982e-07,3.931642264447405e-05,5.8283705431298856e-05,0.00031097178337147484,8.861962064497407e-07,0.8693089102052023,2.2132073190245744e-07,1.3438309089988194e-05,0.00015910990574345452,6.166973472354021e-08,1.8212770120053765e-07,0.11332356372432949,0.0001800681736862599,2.174385291962228e-06,6.755503882339436e-05,0.00795719913450923,8.523017791116832e-09,0.00018191153171916014,0.006488445485465477,1.9297011454308796e-08,3.2360079823082132e-06,0.0007034379691895544
41,0.00014899874422038658,0.00043873754788265984,3.166606134412032e-05,1.4383796984919888e-07,5.6230965618328625e-05,2.5152940603173385e-05,0.0002127614648212476,3.321965251782987e-07,0.8871821869687361,4.521113560296805e-08,5.002569967346396e-06,4.812483994027315e-05,3.168155003639217e-08,4.073290090041704e-08,0.10818890706770905,0.00011117447890107353,5.001364939872495e-07,2.1056978397587265e-05,0.002107446661390962,3.466951858522598e-09,3.527233685813917e-05,0.0010014607348052687,3.761917865938936e-09,9.66882632262203e-07,0.00038375173072685196
42,0.00013839494884867174,0.0007081730001761579,5.629758046055718e-05,7.512466624161386e-07,1.9088813142015046e-05,6.123262331098513e-05,0.0003090095330989694,2.348738536792747e-06,0.8051585718388747,2.725326371195194e-07,1.6389587123399674e-05,0.00026269688257648816,8.182631889767203e-08,1.5249291098840916e-07,0.159286503730268,0.00036873524966924846,2.617719690157417e-06,7.07441518588106e-05,0.017689825597008768,8.884390826019376e-09,0.0002928791060276435,0.015106736099898217,1.5154666480608263e-08,3.924363703745961e-06,0.0004445482981399402
43,0.00018225870714646603,0.0008972925116426715,4.1799455137899636e-05,5.156081206937479e-07,3.9949084123956444e-05,4.319968586133062e-05,0.0002946459519980373,7.162446565027891e-07,0.87385880011643,1.2835517711475713e-07,1.3709653026562345e-05,0.0001554873100628051,4.936676331756359e-08,1.4920992758965277e-07,0.11214376116882138,0.00012977402733036918,1.5961756469450427e-06,4.961392214914851e-05,0.006312311662845035,6.051590767740432e-09,0.00011908078929839852,0.005079134231076163,1.6444717104056424e-08,2.7179445119160556e-06,0.0006332863219376629
44,0.0001859011349674478,0.0009573083797205667,4.819910384288536e-05,5.949039685622635e-07,3.958723543777688e-05,5.6755555196311466e-05,0.0003214212148231427,8.703209304554274e-07,0.8667174444304181,2.1384380967988263e-07,1.314094484601606e-05,0.00015962610153830454,6.01717347868572e-08,1.7723247745593932e-07,0.11634452230042032,0.0001720840550642798,2.068987945891203e-06,6.393507816704062e-05,0.00773609497694788,8.175629333427458e-09,0.00017712424444233141,0.006286332595641545,1.9063717106154437e-08,3.0929873955497536e-06,0.0007134169609173273
45,0.0001272454787121833,0.00045876883265608213,5.084944089172135e-05,3.950610780557981e-07,2.6817645333380945e-05,5.2025277184337844e-05,0.00027814299992755183,1.576450250795366e-06,0.7693155956785434,1.1478262994676083e-07,1.697734769612432e-05,0.00011636386670775206,3.962020433428994e-08,9.30703264855871e-08,0.21500735135170088,0.0002822963228813135,1.0934592182985057e-06,4.417785723129915e-05,0.008034741978602152,4.96573497844641e-09,8.99031288467055e-05,0.005723566827056048,7.612079132268499e-09,2.225706369466324e-06,0.00036962523813752093
46,0.00018394889531204046,0.0009490606242831682,4.840246202188934e-05,7.49487969166135e-07,3.819010496802508e-05,6.785628680332373e-05,0.00028387168278684024,9.876405007899578e-07,0.8550866234247306,2.2866322536504935e-07,1.5883988593014173e-05,0.00018267306741991593,8.169458953231022e-08,2.1330886757519968e-07,0.1235197546936606,0.0001956942180794985,3.3984217850817112e-06,7.580754944729905e-05,0.009145384030146104,1.0299344501627469e-08,0.0002243897654675553,0.009192190117269747,2.435805015534499e-08,3.7460237409467265e-06,0.000780829190937171
47,0.00017816336492154636,0.001013717882561276,5.1342714674223546e-05,6.388644439315279e-07,4.322798000238253e-05,6.488411871732038e-05,0.00033162639375188327,9.63868131500312e-07,0.8617389541385835,2.1343098598913254e-07,1.6099676632338148e-05,0.00014775398467798496,5.383380635992715e-08,2.0571822214065813e-07,0.12170641105833088,0.00016961070320870242,1.996809687500409e-06,6.206926136522141e-05,0.007730035670971858,8.224708149758916e-09,0.00017055066011789912,0.00587089032556329,2.1024840978039146e-08,3.1313424092093154e-06,0.0006974289486841298
48,0.0002804353287038947,0.0021419765989176185,4.887247116152694e-05,6.071640945812066e-07,4.3050617615985016e-05,0.00010953302614555661,0.0003108470384257043,1.2974977098785143e-06,0.8632761965455652,4.040332448795254e-07,2.2048022722985107e-05,0.00015920564610492595,8.450940847105907e-08,2.3695011028204666e-07,0.08436863995071621,0.0002104652913393406,3.4433818939831814e-06,5.9491335673490506e-05,0.03961302675442487,1.0983341113616119e-08,0.00019835089525606017,0.008680748274766382,3.138793512907288e-08,8.170910151270054e-06,0.0004628253845704016
49,0.00018662762189081895,0.0009784951631808354,6.364866300422133e-05,8.45756424708649e-07,3.4434577222493107e-05,6.246766938076426e-05,0.0003638730584216463,9.901940016607217e-07,0.8684385202809188,2.680349679081374e-07,1.386640066890941e-05,0.00020852944360438678,7.064395151476519e-08,2.0704264820543832e-07,0.1133688714993584,0.0001770849110220558,2.2721697158001806e-06,7.27584705399116e-05,0.007514985914543841,9.342206120998876e-09,0.00022628998174076856,0.007459970790877496,2.534818819223992e-08,3.6601191937395656e-06,0.0008212269023271345
50,0.0001968930913057194,0.001081914917348478,5.231653618286238e-05,6.229495663256874e-07,4.365815139984096e-05,5.843841045774905e-05,0.00039873156810395037,9.743273664565888e-07,0.8509751091896293,2.70641552996958e-07,1.3566064918758559e-05,0.0001802774712484959,6.26955314032203e-08,2.0180717643745147e-07,0.1304357798182008,0.00018136117202121276,2.1208397835960546e-06,6.60138799349559e-05,0.008413819615217847,8.773663690802307e-09,0.0001931685728431939,0.006856496394840261,2.2443825204715614e-08,3.084755752758525e-06,0.0008450859121278272
51,0.00018158199433393135,0.0008189678107878733,4.959915194924e-05,5.252709653019364e-07,4.437872191748858e-05,6.247051120088195e-05,0.0003195223163846527,7.844286924764082e-07,0.8654808732323388,2.1096810767005317e-07,1.2935867420753253e-05,0.0001457020266503785,6.738369448569002e-08,1.6027549837333878e-07,0.11891033871009048,0.00018362971989129378,2.0877858251020707e-06,6.25252449796808e-05,0.007248340303554893,8.53267002929957e-09,0.00018067522888812898,0.005539984780320907,1.9527474746284998e-08,3.1910140963963533e-06,0.0007514191922660229
52,0.00018181452991097388,0.0010514186693182336,4.9266290902208184e-05,6.39240228735027e-07,4.0018421383852984e-05,5.29993701157856e-05,0.0003479422283633792,8.798442017902566e-07,0.870092436380006,2.192738515721914e-07,1.3095456929546255e-05,0.00018260587097627704,6.34807702563215e-08,1.8095365518223505e-07,0.11238487071215518,0.00016744064564418746,2.0909991977517603e-06,5.81149172594847e-05,0.007981916033296958,8.497732322131825e-09,0.0001927589422493929,0.00647005035031995,2.1208751345816505e-08,3.1875932684380896e-06,0.0007259600895110698
53,0.0001966778544015559,0.0009742931568760083,4.811343810582909e-05,6.022302912756751e-07,3.8409646303725345e-05,6.039165674121757e-05,0.00029297178154986795,8.585327280878823e-07,0.8727525608441457,2.1701605691165855e-07,1.2893954940961855e-05,0.00015033709713050373,6.114030783888567e-08,1.7752208238177628e-07,0.1099006842067313,0.0001709973671898586,2.2162018167498176e-06,6.802270506627788e-05,0.008153363413972521,8.389944562535068e-09,0.00017758793465593437,0.006301082924519614,1.8877099904370992e-08,3.2545915825923897e-06,0.0006941975157585499
54,0.00017708495786280458,0.0008686112027364089,4.9362835091456475e-05,5.957594243637741e-07,3.697627458264764e-05,5.703706549315079e-05,0.00030476108441179024,9.150375606325806e-07,0.8728914784012363,1.980109048950654e-07,1.4282811114466372e-05,0.00016101044512405402,6.245997000959276e-08,1.6464114290460992e-07,0.1098149329194797,0.00017587770323680197,2.0674906949377494e-06,6.323628496949515e-05,0.008119063301319127,7.962847658763163e-09,0.0001840787832951802,0.00645014712160832,1.878097839157185e-08,3.389390029516006e-06,0.0006246392748850222
55,0.0002325515896986479,0.002708077297396968,9.836940628957495e-05,1.4052066646527163e-06,0.000194968918280938,0.0002975604664443395,0.0007408037373110399,4.4963670516915675e-06,0.5263871871153389,1.3256840256360572e-06,9.320572723056703e-05,0.00011454507589883818,6.27748021928194e-08,1.2239807495361257e-06,0.42376415792773214,0.0004657953257613884,1.2812170494525462e-05,0.00010567282958424571,0.023037251835530913,4.522958825727292e-08,0.0004025509918186266,0.019296780725337775,2.0993257164697804e-07,6.0380575545538975e-06,0.002032901626842366
56,0.00018909014526762087,0.0009725676349106871,4.8353585065464896e-05,6.208159785984233e-07,4.045641164329289e-05,5.701148613040719e-05,0.0003309424602375161,8.937685352371717e-07,0.8678200048967581,2.173396280645245e-07,1.360012380831628e-05,0.0001746080749370631,6.859558313364921e-08,1.8624308210216386e-07,0.11449429930499735,0.00016916425953146148,2.2290447081345327e-06,6.450374617494634e-05,0.00811094079993801,8.628166551340903e-09,0.00018418198056854493,0.006591124678471337,2.0688148290269857e-08,3.2985306960129895e-06,0.0007316067570338904
57,0.00017192827038802323,0.0010481882028060554,4.235448851340002e-05,6.746268849001834e-07,3.3135293388449576e-05,4.212602509887131e-05,0.00035144458420453286,9.923606240860707e-07,0.8634848504956506,2.573399958667865e-07,1.0740556957966862e-05,0.00028003540027820694,9.972219537973794e-08,1.8160701006874472e-07,0.11359420057712764,0.00019502865604923363,2.7708081377618257e-06,6.217140421720707e-05,0.009834350733952552,1.0732844038872086e-08,0.00023716194110262202,0.009828147326225684,2.1673590620235658e-08,3.2712624713700016e-06,0.0007758559102850638
58,0.0002066688263343716,0.0009502519619012098,4.9881522979387544e-05,6.032435449791892e-07,3.772802789006349e-05,5.6723649512391684e-05,0.0003102744942313092,8.262870248321007e-07,0.888737267703897,1.9754310702138306e-07,1.4140670277535732e-05,0.00017218571867423893,6.713486756350486e-08,1.615864736283726e-07,0.0939693414325281,0.0001597032513066609,1.8995503951457233e-06,6.158793152732822e-05,0.008793757844645398,7.817177199620842e-09,0.0001669658057744766,0.005694196185398185,2.0235021120323415e-08,4.095838582860911e-06,0.0006114457369278791
59,0.00020146477360778872,0.0009174411576046978,5.756188678542358e-05,6.184209828966093e-07,3.6845050613174564e-05,5.8559818652542755e-05,0.00031671133689360623,8.628612306657554e-07,0.8837945031067124,2.073625667478701e-07,1.4157155100381769e-05,0.0001625145254771512,6.248652381071757e-08,1.4985221591856353e-07,0.09947975609040449,0.0001669606631584357,1.8226584812820535e-06,6.0614896429478234e-05,0.00835787892474371,8.092254070056522e-09,0.00017564883489465142,0.005582789069868111,2.0281945835165878e-08,4.067011012303492e-06,0.0006087736818407676
60,0.0001859011349674478,0.0009573083797205667,4.819910384288536e-05,5.949039685622635e-07,3.958723543777688e-05,5.6755555196311466e-05,0.0003214212148231427,8.703209304554274e-07,0.8667174444304181,2.1384380967988263e-07,1.314094484601606e-05,0.00015962610153830454,6.01717347868572e-08,1.7723247745593932e-07,0.11634452230042032,0.0001720840550642798,2.068987945891203e-06,6.393507816704062e-05,0.00773609497694788,8.175629333427458e-09,0.00017712424444233141,0.006286332595641545,1.9063717106154437e-08,3.0929873955497536e-06,0.0007134169609173273
61,0.00020295973905582883,0.0009221916343225744,5.6285931972763056e-05,6.078170073256254e-07,3.775923905688334e-05,5.711803808277643e-05,0.00032175341155483457,8.551584741024993e-07,0.8821567315284989,2.073597176581078e-07,1.3701957715518837e-05,0.00016379496092231623,6.494993646607591e-08,1.5051029048267263e-07,0.1012208258908212,0.00016480562890470324,1.8721323266792527e-06,6.156409636693557e-05,0.008189055475562873,8.136182544693403e-09,0.00017457257369985635,0.00561985353635073,1.9916953678536637e-08,3.906187446046986e-06,0.0006293341887763865
62,0.0001859011349674478,0.0009573083797205667,4.819910384288536e-05,5.949039685622635e-07,3.958723543777688e-05,5.6755555196311466e-05,0.0003214212148231427,8.703209304554274e-07,0.8667174444304181,2.1384380967988263e-07,1.314094484601606e-05,0.00015962610153830454,6.01717347868572e-08,1.7723247745593932e-07,0.11634452230042032,0.0001720840550642798,2.068987945891203e-06,6.393507816704062e-05,0.00773609497694788,8.175629333427458e-09,0.00017712424444233141,0.006286332595641545,1.9063717106154437e-08,3.0929873955497536e-06,0.0007134169609173273
63,0.0002016242907927343,0.0011595022189690954,4.947756479491806e-05,6.255090366957013e-07,4.305492833592766e-05,5.6610737356359776e-05,0.0003416899811118669,8.900974223867688e-07,0.8661403452778781,2.3794574940584588e-07,1.3155056333076343e-05,0.00016400367074050838,6.09307479280531e-08,1.9165451228432252e-07,0.11594613973543177,0.00016670942909091985,2.19923697987791e-06,6.29261124305644e-05,0.008370494978726366,8.973412809751992e-09,0.0001821176910976684,0.006344433477531467,2.1055194329285247e-08,3.174686305517804e-06,0.0007503047600175064
64,0.00017554247249269768,0.001022133990599636,5.125661401726983e-05,7.108408154705543e-07,3.988603970504191e-05,5.8775186355996565e-05,0.00036542599605663323,9.244320600216623e-07,0.866993729321438,2.6507127841219123e-07,1.2661400382455058e-05,0.00019427899164540195,7.156896041826957e-08,2.0977946605906828e-07,0.1147361858422461,0.00017602590502030247,2.440014157281445e-06,7.007293655046213e-05,0.007739539679654216,9.779251239591218e-09,0.00025550986689874594,0.0072758478798611755,2.3115147554339944e-08,3.2295749114417625e-06,0.0008252437010279871
65,0.00019626132004419843,0.0017266744094359481,0.0001008838060029806,1.2904219920657195e-06,5.3477645715311674e-05,9.585372692403981e-05,0.0008040884275468898,2.0008852394950616e-06,0.7585798641327149,8.998262039725047e-07,1.640091692723427e-05,0.0002648437896400939,7.025485002467669e-08,4.6057722583443826e-07,0.21590009295154608,0.0002721311920043429,2.9405809664864506e-06,9.031258598447489e-05,0.009493212029771698,1.759374858310817e-08,0.0004375410599564121,0.010225976385223077,5.20301641401682e-08,3.083274389469313e-06,0.0017315701757823195
66,0.000298799711657501,0.0007789424560051167,8.15974390973239e-05,4.121786086583701e-07,6.495405205856978e-05,0.00010070543052328322,0.0002823157869670532,5.516495942122507e-07,0.8939965445399628,3.0354219574843926e-07,1.18286395850762e-05,8.863538399611357e-05,9.949726942584774e-08,1.0483059537814633e-07,0.09112970105639254,0.00016579225677827613,2.761352039381482e-06,7.802876203844301e-05,0.008306638623741706,1.3295248168030755e-08,0.00021624261472064232,0.003537718621673126,2.711840955243404e-08,5.765492087348455e-06,0.0008515156687544352
67,0.00018496956938629942,0.0008455773493637248,0.00010075119087521709,3.5949185611892326e-06,6.269267593413633e-05,0.0005551212532514996,0.00024258851781316657,1.4766370513476634e-06,0.8653580041429114,8.511584445191101e-07,3.8487637011943946e-05,0.00022245564236408015,3.8917074780113397e-07,1.3023870452685416e-06,0.10749768381994415,0.0005202436075610321,1.6462277705603345e-05,0.00023077420243170635,0.009271446923358405,5.711283006208376e-08,0.0008233772320319464,0.012043825119558553,1.6728779888970707e-07,1.3392341541055769e-05,0.001964307824477083
68,0.00026480300058097806,0.0008999889856291364,0.0001414770413317238,1.4562408858136597e-06,1.2060693971406073e-05,3.999791159714403e-05,0.00034269600891173927,8.723537215277915e-07,0.9575840292057429,3.527007720065077e-07,6.5957733799323145e-06,0.00027249250215249547,4.8900788458293464e-08,1.1110645951729974e-07,0.029316749760368483,0.00010901047796709478,9.304689050137772e-07,8.622666006624417e-05,0.005473142832035233,5.932086545980101e-09,0.00034820507818711545,0.004625721543770043,2.5239398732788538e-08,5.694390484055865e-06,0.0004673051908065706
69,0.00017441398194502204,0.0011042715097135422,7.092931480345979e-05,8.343180490375816e-07,4.6196359246086895e-05,7.010073002508393e-05,0.000422009124430565,1.4028131972827274e-06,0.8540093274706578,2.406231604458245e-07,2.4457280351129945e-05,0.00021624280493516839,6.79711755203344e-08,2.1584470433993489e-07,0.1257579574263114,0.00022239601586203145,1.942052045675499e-06,5.006479134418579e-05,0.010540839187490955,1.0737629384058935e-08,0.00023268077033039794,0.006454007465742755,3.2239174428509955e-08,5.1155861902919476e-06,0.0005942435814838725
70,0.00018309785972803327,0.0006666757445224342,5.1235500443198125e-05,6.073589242765785e-07,3.235990144699328e-05,4.348592357670511e-05,0.0002674780995764084,9.202633354599999e-07,0.8468743506169336,1.892705042590179e-07,8.312688166984214e-06,0.00013206308837289795,5.347480427993412e-08,1.508700302667069e-07,0.14120683846012747,0.0002006905565337628,1.7295301222944624e-06,7.521456653603e-05,0.003740738937257956,8.175394868709684e-09,0.00011335083538564796,0.005590936897339315,1.1761167585980884e-08,1.704222554486334e-06,0.0008077953972149836
71,0.00019421389029949135,0.0013242123510966417,3.945508827035126e-05,5.741038645737479e-07,6.301446448424522e-05,4.6476168406856616e-05,0.00034901474806191247,6.689143997147335e-07,0.8788535826135414,2.6637415910463633e-07,9.890129139172971e-06,0.00017044955420986673,8.398442166386129e-08,1.9909286093262797e-07,0.10652111830734147,0.00020237682786869172,2.265816134702658e-06,5.190159699218231e-05,0.006348630290619934,1.5089516725466543e-08,0.00018425952285203867,0.004757708048019591,2.3308609454051265e-08,3.0289996995157143e-06,0.0008765707151299848
