,0,1,2,3,4,5,6,7,8,9,10,11,12,13,14,15,16,17,18,19,20,21,22,23,24
0,0.017260611100822398,0.005480115649622256,1.36098644113874e-07,2.3914890174126784e-08,0.0008938353566951105,9.090292182742385e-08,0.00017585414624841434,2.887651743116353e-07,0.8361952265650565,0.0003148714126489467,6.0282587174093374e-05,1.0271870253995856e-07,8.048581768005632e-08,5.783127293111937e-05,0.0001841819147591659,5.084488545226703e-07,5.763419558665332e-07,9.821897240864553e-07,0.0006261363867158303,5.147754133004128e-08,4.4033189826310657e-07,0.0024106416994817714,1.6892506580466774e-05,1.7979878924971837e-05,0.1363022578462141
1,0.023767116692933642,0.007989783228124901,1.7692672728025914e-07,3.083734032526935e-08,0.0011644725168851481,1.012923145942257e-07,0.00021870302539245463,2.7238042285838166e-07,0.7095703587326191,0.00028279081161258453,0.00010689429923221019,2.0356695163553588e-07,1.0311732708220151e-07,0.00011131383181513833,0.00025716210144508103,4.41419258482754e-07,8.825287296143004e-07,1.934366141919495e-06,0.0006455237460383928,5.545361290777168e-08,7.179177561029438e-07,0.0036057660565031887,2.6264161096629178e-05,2.1708844179979795e-05,0.25222722214553894
2,0.012294090261036955,0.003517130432720362,8.038711551490374e-08,1.4048890617253997e-08,0.0007200768500014829,4.320266956431024e-08,0.0001196360157298655,1.829289720328511e-07,0.8344192034894186,0.00022645820858219825,3.607205754913045e-05,4.9290007459096283e-08,3.904823694872111e-08,4.3886324864481744e-05,0.0001355906014555093,2.519581760789212e-07,3.111376391746443e-07,6.400764445258342e-07,0.0003669350561372904,3.8552399906774e-08,2.380090542513943e-07,0.001953936049090688,1.3434289958125599e-05,1.407823324969182e-05,0.14613758349059966
3,0.01726756435308677,0.0055668258739323675,1.1808035881444442e-07,2.269723995922102e-08,0.0008806117442940488,6.897520787762352e-08,0.00015366910676331666,2.419083092344551e-07,0.8326295906108808,0.00025356463653075493,6.119007195984862e-05,9.728381483629024e-08,7.211698652957503e-08,5.641659762031144e-05,0.00016275808250391404,3.974941775299984e-07,5.60622083244907e-07,9.573419674639411e-07,0.0004902364112399535,3.76351596171087e-08,3.779750225004251e-07,0.002154062706101116,1.5774370244845936e-05,1.6507444821256638e-05,0.14028827585969303
4,0.016653105260627347,0.006151480881033989,1.2498201646633426e-07,2.5562660334868414e-08,0.0009484025945158439,7.31294701337601e-08,0.00016130988598473444,2.508551807054927e-07,0.8348085376994677,0.0002448574493555789,6.887362849901442e-05,1.2002263586237802e-07,9.424742017213352e-08,6.37306061155502e-05,0.0001507460875572189,4.232208854283736e-07,6.436554720261841e-07,1.0786958646191743e-06,0.0004870449444359482,3.8439334264465555e-08,3.865048883931409e-07,0.00216017943165995,1.6156679139217346e-05,1.586918132235794e-05,0.1380664463544574
5,0.020649153539441006,0.004432013807916571,1.1814033708399076e-07,2.6658176398205888e-08,0.0007872481519656319,5.728430165828046e-08,0.00014012703502227388,2.3260990207692174e-07,0.8095398451031699,0.000277872286256003,5.830691246454515e-05,1.0039542763449709e-07,6.716506775416785e-08,6.143686338730604e-05,0.00012573322482440573,3.8574202603660204e-07,6.204828389538144e-07,1.4553598443049423e-06,0.0003784214188544113,4.323963745198628e-08,3.690360064521212e-07,0.0019750614544281325,1.647112217080727e-05,2.0828622671362308e-05,0.16153400434386203
6,0.01726756435308677,0.0055668258739323675,1.1808035881444442e-07,2.269723995922102e-08,0.0008806117442940488,6.897520787762352e-08,0.00015366910676331666,2.419083092344551e-07,0.8326295906108808,0.00025356463653075493,6.119007195984862e-05,9.728381483629024e-08,7.211698652957503e-08,5.641659762031144e-05,0.00016275808250391404,3.974941775299984e-07,5.60622083244907e-07,9.573419674639411e-07,0.0004902364112399535,3.76351596171087e-08,3.779750225004251e-07,0.002154062706101116,1.5774370244845936e-05,1.6507444821256638e-05,0.14028827585969303
7,0.030522619896757072,0.010896348774290314,2.7757598704661845e-07,3.15372672624642e-08,0.0012349140129154076,9.494478209856968e-08,0.00018280993844955096,4.042709008407631e-07,0.8607577416735419,0.00024641769407516173,0.00012167543626869783,1.5616610296126648e-07,1.9915567178425678e-07,5.2511154692614816e-05,0.0001959879325957621,4.688234009028186e-07,8.020603779110501e-07,1.097524811903877e-06,0.000924948351884529,3.6406631240244856e-08,4.417877998389414e-07,0.002288950656524502,1.2800626661425801e-05,2.1116028450860512e-05,0.09253714756915823
8,0.011708676502723885,0.0023500976520806245,7.049673722297065e-08,1.690199617545782e-08,0.0005672879108872705,2.959525537815214e-08,8.839257986415304e-05,9.561370190140517e-08,0.8045414162586699,0.00026188870474363855,3.99440287426324e-05,2.763929032439889e-08,2.0499359159247662e-08,5.214781521782783e-05,0.00014251006927599788,1.7871296419505964e-07,2.474366063512026e-07,6.573320818346205e-07,0.00016190283520566484,2.7736076127525008e-08,2.109633798028869e-07,0.0015675516236298107,1.2783745476704858e-05,3.127550026373223e-05,0.17847254184576974
9,0.01559290636360506,0.0028699452563404524,1.28251461565475e-07,2.5710475507682418e-08,0.0006761564909148701,4.9131176741358786e-08,9.218255047663456e-05,1.9230766836092147e-07,0.8612813649828099,0.0003234380831387149,5.602551655092696e-05,4.5445860682562387e-08,4.433962158327272e-08,5.573874589621837e-05,0.00014854635129205615,2.994497422987758e-07,4.4214584797670665e-07,7.790514688516546e-07,0.00031034462872668714,4.317964126821846e-08,2.957740214640008e-07,0.002030525572125786,1.541688453132005e-05,3.2951945634880144e-05,0.11651211184097027
10,0.01726756435308677,0.0055668258739323675,1.1808035881444442e-07,2.269723995922102e-08,0.0008806117442940488,6.897520787762352e-08,0.00015366910676331666,2.419083092344551e-07,0.8326295906108808,0.00025356463653075493,6.119007195984862e-05,9.728381483629024e-08,7.211698652957503e-08,5.641659762031144e-05,0.00016275808250391404,3.974941775299984e-07,5.60622083244907e-07,9.573419674639411e-07,0.0004902364112399535,3.76351596171087e-08,3.779750225004251e-07,0.002154062706101116,1.5774370244845936e-05,1.6507444821256638e-05,0.14028827585969303
11,0.017659674516910546,0.005879308032884467,1.2498778461156765e-07,2.4133577820266488e-08,0.0008999346716820806,7.22689981529251e-08,0.00016128005353470407,2.7032302458216115e-07,0.838601499435639,0.00024870538507836335,6.32176274596017e-05,1.0804793273589008e-07,8.507995902628533e-08,5.610975710756627e-05,0.0001591559072103487,4.295808427464238e-07,6.111866787058442e-07,9.99452677494914e-07,0.0005257136934661141,3.8593924259350196e-08,3.7672769182961525e-07,0.00215346484123205,1.5740387155504472e-05,1.600854611755036e-05,0.13355704676143007
12,0.013858107172633798,0.0069334852849260095,9.724214364442045e-08,2.214095569856012e-08,0.0014697173431213301,8.223718340060721e-08,0.0001593657570727645,1.3134531617685659e-07,0.7246275819939014,0.00019756147669225806,5.802556304342747e-05,1.402776782993575e-07,6.294799240998238e-08,9.521815781835856e-05,0.0001368093661533943,3.5516273298759e-07,4.5033244007768837e-07,1.4971738737741936e-06,0.0003373244120644705,4.428736184615842e-08,4.2070190067158194e-07,0.0014597863201088464,2.1110629981818095e-05,1.2670161535393825e-05,0.2506299325113677
13,0.020968660790876986,0.008516400747505338,1.9164337346498154e-07,4.307574670950902e-08,0.00161468541226427,8.640872311694794e-08,0.0001759754126059032,2.709158091127749e-07,0.8390530969037391,0.0002258024667886497,0.00022156556091357891,1.7360057837366186e-07,1.6013136347909225e-07,9.452961837728086e-05,0.00031339330508132676,5.26706039724647e-07,7.864786343460794e-07,1.1251714859470263e-06,0.0006532337915334313,3.556325231754579e-08,6.417513234748846e-07,0.002476480179176863,2.6564259210086113e-05,2.7686378253691873e-05,0.12562788372734338
14,0.04324990869653973,0.05499719732207918,3.457177455753642e-07,2.6961956665702105e-08,0.003978276960154249,3.95359306923917e-07,0.00026727120193221094,3.3019907124991214e-07,0.7339375370821126,0.0002498912969507165,0.0002840441298364805,8.75253109078803e-07,4.568946433410285e-07,0.00012884764631008384,0.0003222577906397671,9.63823564588223e-07,1.0320082467231113e-06,1.6953601817499109e-06,0.0036674650867744812,4.959020172153497e-08,1.500243424208908e-06,0.0026789125808029885,2.4941977037595964e-05,1.1753048593868908e-05,0.15619402376878436
15,0.01726756435308677,0.0055668258739323675,1.1808035881444442e-07,2.269723995922102e-08,0.0008806117442940488,6.897520787762352e-08,0.00015366910676331666,2.419083092344551e-07,0.8326295906108808,0.00025356463653075493,6.119007195984862e-05,9.728381483629024e-08,7.211698652957503e-08,5.641659762031144e-05,0.00016275808250391404,3.974941775299984e-07,5.60622083244907e-07,9.573419674639411e-07,0.0004902364112399535,3.76351596171087e-08,3.779750225004251e-07,0.002154062706101116,1.5774370244845936e-05,1.6507444821256638e-05,0.14028827585969303
16,0.023843957140558,0.005983031658875738,1.2416486975976052e-07,2.8207800249931513e-08,0.000933436678376083,7.224434604436101e-08,0.00019892243930181547,2.2401546836998215e-07,0.6702210474826604,0.0004225783048278284,6.96951315886225e-05,2.0325898487729847e-07,6.868223797837599e-08,0.00010048701149428666,0.00015271288597107276,4.5941767566140563e-07,7.655958583082421e-07,2.6874571602279795e-06,0.0004779185910848547,5.9326028973310955e-08,8.639488717510124e-07,0.0031475651801896208,2.018963453182791e-05,1.9456392271186045e-05,0.2944034451489666
17,0.026610397466011213,0.0072487271865609125,1.2500131597412852e-07,2.580098047200533e-08,0.0010503469755330757,6.194098385568489e-08,0.00017992006020193084,3.001723700120145e-07,0.6871384076623859,0.000243696795978004,7.20102611842354e-05,3.012820996713133e-07,1.2558429179441676e-07,0.00010167950896821927,0.00010351611743550239,4.3349407456578355e-07,9.591822133990061e-07,3.11998643152632e-06,0.000599981810081374,5.932537569671832e-08,6.089191383372224e-07,0.0030033809407853,2.453485169257981e-05,1.297042051107801e-05,0.2736043092533953
18,0.01634600667765841,0.004795472554553197,6.19672739360843e-08,1.4700412562007831e-08,0.0004945447310648129,4.8104361251951695e-08,0.0001492687633476984,1.745489794788771e-07,0.6908258111066157,0.0002580464948080529,4.002404830559867e-05,1.4601084512631942e-07,6.016060111901529e-08,7.476067456986543e-05,8.339586936303166e-05,2.9568716767410986e-07,7.70011895776047e-07,1.923808799847335e-06,0.0003230075067890997,4.1353905098121144e-08,3.5464388346316165e-07,0.002846450274240004,1.708209211836429e-05,1.0929321292675394e-05,0.28373130888714826
19,0.018333358855662143,0.006964105908866672,1.5937337823264305e-07,2.7775318568406877e-08,0.0012251891573484212,6.968851507606067e-08,0.0001787745533612321,3.422926648082464e-07,0.8474045905951112,0.00023554043163748943,6.862706848487614e-05,1.4812808995957008e-07,1.145503252646897e-07,5.9425300640710204e-05,0.00015775043967582611,4.624820867470573e-07,6.250961821169896e-07,1.1256968413738557e-06,0.0006353677173766151,4.109702658909317e-08,4.08833449037407e-07,0.0023949912108152827,1.4068518798498173e-05,1.4071501509075656e-05,0.12231061372683415
20,0.013922464844538442,0.005572638737403739,1.5128366013981478e-07,2.709577651238797e-08,0.0009410274003497414,8.352453437589175e-08,0.0002207713779698257,3.445969270828813e-07,0.8337586670152992,0.00028846097032529666,8.25580789129333e-05,8.343025579995774e-08,7.021579848907825e-08,5.91428960636445e-05,0.00039348123545733505,4.257990724561815e-07,5.465051982509055e-07,6.41741171182214e-07,0.000649081133572018,4.234718069132725e-08,5.705641663395234e-07,0.0036494282986156267,2.0287084890582998e-05,2.0697563066666594e-05,0.14041830625979343
21,0.0252331835084989,0.007469551791681695,1.3545360894909917e-07,2.662795844079209e-08,0.0012791250680429939,6.758491455974658e-08,0.00013397507651491527,2.1521848796507872e-07,0.7959529602449239,0.00034248519723090886,8.067486462607762e-05,1.600327579498458e-07,8.41954559962556e-08,7.41464779465283e-05,0.00013013464007677504,4.6724256928903723e-07,5.843622306048256e-07,1.6015973419617539e-06,0.0005553051756785738,4.1687531361283324e-08,6.027759695545751e-07,0.002002684100057725,1.5830411354562767e-05,1.869567245836097e-05,0.16670726099208166
22,0.02472070038226486,0.005304394472223322,1.7621383589440078e-07,3.5778854055289816e-08,0.0008588229059482304,7.9788038395889e-08,0.00015398817454445992,3.0243921190581613e-07,0.8145653655989886,0.0003967771124491257,8.85639380720223e-05,1.274043232327553e-07,8.40489163035463e-08,7.32390862490014e-05,0.00018966372756738656,5.031502411897264e-07,8.895968691589084e-07,1.536192992174496e-06,0.0005230344284098037,5.0157832925808465e-08,6.071672766969487e-07,0.0029147987788404298,1.8674348651549242e-05,2.7616316219938836e-05,0.1501599687911791
23,0.01726756435308677,0.0055668258739323675,1.1808035881444442e-07,2.269723995922102e-08,0.0008806117442940488,6.897520787762352e-08,0.00015366910676331666,2.419083092344551e-07,0.8326295906108808,0.00025356463653075493,6.119007195984862e-05,9.728381483629024e-08,7.211698652957503e-08,5.641659762031144e-05,0.00016275808250391404,3.974941775299984e-07,5.60622083244907e-07,9.573419674639411e-07,0.0004902364112399535,3.76351596171087e-08,3.779750225004251e-07,0.002154062706101116,1.5774370244845936e-05,1.6507444821256638e-05,0.14028827585969303
24,0.015942975839582978,0.006027368585759127,1.1902295409945613e-07,3.096376625515139e-08,0.0013401214975322536,6.73959099883244e-08,0.00014278667475740294,2.310227865710787e-07,0.8392288100180271,0.00021556476964852456,7.111693379259337e-05,1.437662429431907e-07,1.0191503722172918e-07,7.59423712232967e-05,0.00012242958305147178,4.849282322445728e-07,5.784523945862326e-07,1.2812610920723042e-06,0.00043104064483238773,3.8783240794764835e-08,3.7156671007863967e-07,0.0016419836722874896,1.743331547870023e-05,1.500383777400948e-05,0.13472397317788568
25,0.027052087780103217,0.0059964461497428005,1.8223474858220895e-07,4.278054495461942e-08,0.001174861314990558,6.808217629791548e-08,0.00020722005691513099,4.7663192648215476e-07,0.8377343595528066,0.0002739059745558806,0.00011706124261230352,1.609562248960124e-07,1.4216683193827057e-07,6.475322373427698e-05,0.0002090670882325664,5.979427452838996e-07,8.467000587278304e-07,1.5125850181081534e-06,0.0007432244179182364,4.673237654104472e-08,6.098244606843113e-07,0.002595911891006154,2.203651697646116e-05,2.0743764542996676e-05,0.12378363438875016
26,0.016679263387919786,0.0027379821533817642,7.341452437298894e-08,1.821427967486649e-08,0.0005010374335239411,3.572225777436886e-08,7.819410971986675e-05,1.7884138731005629e-07,0.89634727592076,0.0001620560253263865,3.785194743224125e-05,3.558026986826038e-08,4.110093745562536e-08,2.6907944107408068e-05,8.741729647261403e-05,2.66807973672884e-07,3.958606721489624e-07,5.890404448696384e-07,0.00023274701168536538,2.3983491011622574e-08,1.4630078459866263e-07,0.0009705252761098392,1.229722524029226e-05,2.047949714221868e-05,0.08210415990415565
27,0.16596814746661337,0.032438675906231715,9.711016440507218e-07,1.7478196918372987e-07,0.004890775276997678,3.5223691455896796e-07,0.0003414641280276619,1.1277034801497136e-06,0.5923313723183897,0.0004108831666923579,0.00042610588081781726,2.169650929664559e-06,1.0650124273813629e-06,0.0002155853915379355,0.0001721639017187647,2.3646938515437086e-06,3.472845694998011e-06,1.5155343632203558e-05,0.003184482403370706,9.874939826888741e-08,3.897438967041771e-06,0.0021386149977027473,5.050620004276403e-05,2.3437574512803836e-05,0.19737693582843494
28,0.01726756435308677,0.0055668258739323675,1.1808035881444442e-07,2.269723995922102e-08,0.0008806117442940488,6.897520787762352e-08,0.00015366910676331666,2.419083092344551e-07,0.8326295906108808,0.00025356463653075493,6.119007195984862e-05,9.728381483629024e-08,7.211698652957503e-08,5.641659762031144e-05,0.00016275808250391404,3.974941775299984e-07,5.60622083244907e-07,9.573419674639411e-07,0.0004902364112399535,3.76351596171087e-08,3.779750225004251e-07,0.002154062706101116,1.5774370244845936e-05,1.6507444821256638e-05,0.14028827585969303
29,0.01726756435308677,0.0055668258739323675,1.1808035881444442e-07,2.269723995922102e-08,0.0008806117442940488,6.897520787762352e-08,0.00015366910676331666,2.419083092344551e-07,0.8326295906108808,0.00025356463653075493,6.119007195984862e-05,9.728381483629024e-08,7.211698652957503e-08,5.641659762031144e-05,0.00016275808250391404,3.974941775299984e-07,5.60622083244907e-07,9.573419674639411e-07,0.0004902364112399535,3.76351596171087e-08,3.779750225004251e-07,0.002154062706101116,1.5774370244845936e-05,1.6507444821256638e-05,0.14028827585969303
30,0.01726756435308677,0.0055668258739323675,1.1808035881444442e-07,2.269723995922102e-08,0.0008806117442940488,6.897520787762352e-08,0.00015366910676331666,2.419083092344551e-07,0.8326295906108808,0.00025356463653075493,6.119007195984862e-05,9.728381483629024e-08,7.211698652957503e-08,5.641659762031144e-05,0.00016275808250391404,3.974941775299984e-07,5.60622083244907e-07,9.573419674639411e-07,0.0004902364112399535,3.76351596171087e-08,3.779750225004251e-07,0.002154062706101116,1.5774370244845936e-05,1.6507444821256638e-05,0.14028827585969303
31,0.034226979298941695,0.006503445649533737,1.7491883515918943e-07,2.3378326984582066e-08,0.0010317842996679072,5.47120686807568e-08,0.00016168498652948735,4.2145139282586827e-07,0.77880525430303,0.00025842447962950906,5.496019342160473e-05,1.5021898770786933e-07,1.0546471758110372e-07,5.196368669654914e-05,0.00011337743542629418,4.0401290029634127e-07,6.577380803332468e-07,1.8417654673513862e-06,0.0008150522058270434,5.274768872228698e-08,4.4046409549492394e-07,0.002366675179250706,1.6239816364821773e-05,1.4420977276061976e-05,0.17557541061584353
32,0.01802516585377822,0.005942346036618781,1.3049627854245733e-07,2.2657575508743553e-08,0.0009331962688918796,7.460595437794188e-08,0.0001647918917767483,2.788396314088934e-07,0.8297435710270378,0.0002621222536530023,6.394510008933829e-05,1.0522086547198285e-07,7.945165191976769e-08,5.72443569808786e-05,0.00017982269234115188,4.2387837822626055e-07,5.781963186685249e-07,9.523958818337649e-07,0.0006044247294628075,4.155655025232627e-08,4.135415442454307e-07,0.002430635650747949,1.663033957208099e-05,1.615670411129321e-05,0.1415568462543077
33,0.017471130473118966,0.005915405024858915,1.1498286645506388e-07,2.2477564976771506e-08,0.0007648978319052462,7.018811069741943e-08,0.00016311780656852955,2.8625695039974844e-07,0.8431055504153634,0.0002463452755279467,5.847142673842908e-05,1.2654372345889707e-07,9.859390371714559e-08,5.844529501385842e-05,0.0001293266317488226,4.32312470200962e-07,7.478304327039345e-07,1.1105440296952757e-06,0.0005207551274993139,3.8469681114128684e-08,3.351006922634437e-07,0.0024739521081362224,1.4411649233562174e-05,1.3769982120026645e-05,0.12906103765174112
34,0.004199536192336077,0.003786806740512964,8.378384800802514e-08,2.242503934637689e-07,0.000498020186763669,1.244335222022292e-06,0.0015330052991513509,3.2596485053207995e-07,0.5097461702195463,0.000872745228994918,3.328159300196031e-05,8.923264290773066e-07,6.43913515734207e-08,0.00039209353884973956,0.00036825880511474624,4.600924144129346e-06,8.041494797720328e-06,1.3209117687306147e-05,6.233741002893719e-05,1.7360725248326635e-07,2.4217036629455056e-06,0.0034647488066529525,4.4242988823936944e-05,1.1318887131658382e-05,0.47495615220345166
35,0.045577219828426774,0.0037629043302915303,6.940105420072558e-08,1.1986937740396522e-08,0.00029323202594430545,1.9038135149221875e-08,8.372542141276712e-05,3.8818641657496745e-07,0.8580613675488397,0.00021274491675993547,1.8852338336488192e-05,9.167013608874842e-08,6.286511697758844e-08,1.619535139309137e-05,2.542335551635545e-05,2.5575819057350473e-07,6.980761302205831e-07,1.7504406796001034e-06,0.00038680381672021914,2.3395552937814e-08,1.5475189087146935e-07,0.0013074118138110317,5.266035742641614e-06,8.167446015918561e-06,0.0902371602005484
36,0.009227608150722195,0.004211816671558564,5.080183570530243e-08,1.1358751211634002e-08,0.0003268932510233192,4.6542802123793136e-08,0.00014769846230308376,3.3254121773687367e-07,0.888326698905695,0.00014927448717819616,2.2513789023789196e-05,1.2670570264703828e-07,8.38349372919244e-08,3.604857225756907e-05,7.12784768249566e-05,3.544654403064558e-07,9.981119608880338e-07,7.455243515504274e-07,0.00036321410115427137,2.76956782658474e-08,1.361201964587254e-07,0.0031346056035410057,8.945106522422412e-06,4.950178637736202e-06,0.09396554054068362
37,0.033872285049853214,0.004730507427600037,1.8567839523315967e-07,3.752995384317298e-08,0.0009590393908058512,5.853190719200497e-08,0.00013386800057815557,2.515097735885523e-07,0.7938716946475389,0.00033289776426444136,9.468714485090694e-05,1.0832269074977494e-07,7.871473786029214e-08,7.03410451197272e-05,0.00015359346627164658,4.2653663499809256e-07,6.791312906539489e-07,1.9449849089501002e-06,0.0004567802521586335,4.7327422591221175e-08,4.803730521924553e-07,0.0019634218330664213,1.8848109166482796e-05,3.8935352139622345e-05,0.16329880187581802
38,0.022702647744617343,0.009176465869562537,1.8097000116680058e-07,2.982974444940629e-08,0.001127567910744318,1.778609161079399e-07,0.00030820773438617504,4.544351917922411e-07,0.8086795763228365,0.0003293516641223316,9.918566553285224e-05,1.798276675017057e-07,1.3867032941304057e-07,6.762387160320324e-05,0.0003423296816325436,8.945558582847407e-07,8.822734400222799e-07,1.1424826483235331e-06,0.0012293303874679011,5.980183594395254e-08,7.605098301601049e-07,0.003155121089105796,2.634671505838606e-05,1.740597685066207e-05,0.15273393814901617
39,0.018588256727635488,0.00598136644792444,1.2905122404340229e-07,2.7285415514875094e-08,0.0009202517046085697,9.58132490151379e-08,0.00023446388672045885,3.8006795779378797e-07,0.7662338200130197,0.0002868682461366879,6.0267142392257684e-05,1.4940315135877367e-07,8.758914486263444e-08,6.41081150437637e-05,0.00021362781347609823,5.70478692854342e-07,7.833547562571587e-07,1.3096295908151363e-06,0.0007090352472479193,5.5948629715349815e-08,6.380565116815685e-07,0.003033258022530113,2.4745716553718424e-05,1.4161915434090474e-05,0.20363154232295275
40,0.01735189336455218,0.012314174082432246,2.6251472456652546e-07,2.207813266131926e-08,0.002095181845317808,1.3414827860217025e-07,0.0002110730699471049,2.575322926088359e-07,0.7546094955960821,0.00029888300581750935,8.923873907391345e-05,1.9978990162032561e-07,1.0440401084898251e-07,0.00011029846706288417,0.0003165275228391793,4.0718620363517643e-07,5.288034084717881e-07,1.1214135458376805e-06,0.00106318913913628,6.159944389451972e-08,6.839187311275761e-07,0.004218694070494605,1.720850197702457e-05,1.5729997174480187e-05,0.20728462920941873
41,0.0049999632400136015,0.004141666806091493,4.070202337085575e-08,9.274248334987431e-09,0.0006200853988086484,2.981306174252127e-08,4.759211265379629e-05,7.43962154135817e-08,0.9510079028577488,8.8339114169909e-05,1.7309453298437553e-05,2.050471831002765e-08,2.8157134750944727e-08,1.7475233064977258e-05,4.915643190374122e-05,1.4308316454314391e-07,1.699544642410488e-07,1.5853650135631833e-07,0.00011024743730387432,7.768203240599453e-09,5.516974967949381e-08,0.00041675489158023437,3.635122163261595e-06,6.0476160639152105e-06,0.038473086925650414
42,0.017709889325007395,0.007087991249798419,1.8942523414315777e-07,1.7748617579608293e-08,0.0008074152731763184,8.077058614043192e-08,0.00019664094642732024,6.86424666638285e-07,0.8633651166168634,0.0003400143092736849,5.670181849227962e-05,1.4165084634856478e-07,1.0864840510618833e-07,4.416584109122432e-05,0.0002555311293670164,4.678814462165745e-07,7.585004122112604e-07,6.089746705730177e-07,0.0016656446088101574,5.537761361096314e-08,5.972869592135024e-07,0.006940026909447004,1.3593571635236886e-05,1.1368887358320695e-05,0.10150218682379451
43,0.021628440115896985,0.0080495501334448,1.4005798751745894e-07,2.6973471033505537e-08,0.0011599417919243584,7.814606521292481e-08,0.0001828556049069194,2.634104706882673e-07,0.797687975588902,0.00019910521593254825,8.60582673176886e-05,1.6905637605523313e-07,1.085161238449433e-07,7.166664253795069e-05,0.00017871223169656737,4.423860515415544e-07,7.207744384096236e-07,1.360366861017445e-06,0.000585414246627482,3.525576767237246e-08,4.445349697927918e-07,0.0021534020906756857,1.9233225861921922e-05,1.566475075656065e-05,0.16797819061493563
44,0.01726756435308677,0.0055668258739323675,1.1808035881444442e-07,2.269723995922102e-08,0.0008806117442940488,6.897520787762352e-08,0.00015366910676331666,2.419083092344551e-07,0.8326295906108808,0.00025356463653075493,6.119007195984862e-05,9.728381483629024e-08,7.211698652957503e-08,5.641659762031144e-05,0.00016275808250391404,3.974941775299984e-07,5.60622083244907e-07,9.573419674639411e-07,0.0004902364112399535,3.76351596171087e-08,3.779750225004251e-07,0.002154062706101116,1.5774370244845936e-05,1.6507444821256638e-05,0.14028827585969303
45,0.012913499169806159,0.004840752238567343,1.4824681514255528e-07,2.8332160332906345e-08,0.0008356108147605676,1.0630893167042559e-07,0.00025586672009334465,4.3674717203591685e-07,0.8884871435903138,0.00025572318492436864,6.483134296651572e-05,6.363402309020528e-08,7.618845652724196e-08,3.935960506827267e-05,0.00039892909385395273,5.94454772729933e-07,5.158488374576058e-07,4.864781763353194e-07,0.0006796560633686192,4.1133659903908255e-08,3.890282272520518e-07,0.0024263983971730195,1.669669594744758e-05,1.824799370087006e-05,0.08876439868822356
46,0.020397835213436306,0.005615048291109424,1.3321806149891602e-07,2.9077104173855683e-08,0.0007328446501553815,8.412021042932747e-08,0.0001560845294221628,3.156917990403332e-07,0.8458485366687047,0.00027328594758755384,6.844331278376892e-05,1.2360595362416991e-07,9.28095257997597e-08,5.645975774776284e-05,0.00015823862716939685,5.053368164794488e-07,8.87286224858715e-07,1.167969649090026e-06,0.000509538201140212,4.050159158131062e-08,4.246366743121801e-07,0.002355344334150829,1.7494651828072602e-05,1.88178589078151e-05,0.1237882237022459
47,0.0149600282673784,0.00487761139850444,1.206801090198731e-07,2.8292222069065757e-08,0.0010189826698345263,7.245843485192169e-08,0.0001492197631854385,2.1688506161680096e-07,0.8443291662815187,0.00024588745108734887,7.128497167382485e-05,8.004062197923316e-08,6.842905627809417e-08,6.315368650809283e-05,0.0001872329968315495,4.2329285065642967e-07,5.051854026284468e-07,8.628546359867836e-07,0.0004128937427250085,3.696396244465909e-08,3.7685341264992465e-07,0.0017971663590960153,1.8589915064585165e-05,1.9655697478740386e-05,0.13184633486334316
48,0.027554370705761163,0.011825180312376081,1.7487860926177746e-07,2.5371542250471464e-08,0.0005659743826773842,1.9998261466001165e-07,0.0002727247501467646,1.0149315970377251e-06,0.8926672661786057,0.00021862454607561048,6.14308310370301e-05,2.1090947622307675e-07,2.642725341835247e-07,2.906857960409282e-05,0.00018060889349511277,9.293275330117717e-07,1.762140255654345e-06,7.833722092594572e-07,0.001721080983471579,3.877168927228388e-08,4.597510124702256e-07,0.002671260949451644,1.521182139526089e-05,8.265610922795198e-06,0.06220306774590663
49,0.01740729585387823,0.007986173627592253,1.9292954041911145e-07,2.5769028310878862e-08,0.001010914619891383,1.2463843874116734e-07,0.0002012905789073663,3.072463022803975e-07,0.7951361458612826,0.00034321014849980603,7.129600642890842e-05,1.9498739107353925e-07,1.0807599613191483e-07,8.897898374878831e-05,0.00020509439677328042,4.800639230740069e-07,8.926246829843025e-07,1.4088030455072638e-06,0.0007339421546034618,6.35390985646638e-08,5.92034926962005e-07,0.004121789162616552,1.6925600273810874e-05,1.6910513130841463e-05,0.17265564177999873
50,0.015680330771870598,0.004612332464629732,9.464466514635949e-08,1.741761145497901e-08,0.0007471401636889157,5.22090534076652e-08,0.00016143142333449652,2.2905735564548037e-07,0.8208403066789224,0.00027253299142622283,4.589735278588758e-05,7.306287295315147e-08,5.556712957412391e-08,4.785455675155436e-05,0.00014927466029734376,3.390757923253545e-07,4.277321113528194e-07,8.478392552031251e-07,0.00046874076602461217,3.702169500411595e-08,3.2607360576747025e-07,0.0022368438692135684,1.3317853847897287e-05,1.4253115473871935e-05,0.15470724363058505
51,0.011004502341423575,0.005145955326985837,8.953837728922645e-08,2.132590067504405e-08,0.0006427567126952085,3.5509038693237654e-08,6.846089264034279e-05,1.493000404871461e-07,0.9418604311421614,0.00016000743966339362,4.402167369367846e-05,5.1279595768053934e-08,6.191444241216087e-08,2.9581039851384322e-05,7.04399037766146e-05,2.145816537689898e-07,4.2452009095653774e-07,4.035236356959647e-07,0.00017363445899170273,1.1138517137113296e-08,1.3912076408248318e-07,0.0009666381517907898,4.401045413146634e-06,1.3169327937026862e-05,0.03981439879091894
52,0.016142713307321286,0.006681092703713771,1.1163956066580779e-07,1.9557848135576934e-08,0.0009436964128130879,6.995802969848577e-08,0.0001648630197446955,2.420743398062548e-07,0.8189511412407867,0.00023074121700543222,5.713919435677423e-05,1.0994222837454514e-07,7.194470237274193e-08,5.5949726740090764e-05,0.00017096876827236483,3.711389439300823e-07,5.36360885679352e-07,8.747380518368898e-07,0.0005550892484555397,3.4848160162965864e-08,4.048955962706062e-07,0.0023285576331215814,1.543646911920845e-05,1.3052925146044867e-05,0.15368671103505635
53,0.020661940311420005,0.006447418547275939,1.4134413688667373e-07,2.3447630698462714e-08,0.0009626858641614586,7.380109161351044e-08,0.00013986998869319007,2.5145959665071e-07,0.8296348888088743,0.0002743404783086835,6.752026646174452e-05,1.1465639769556684e-07,7.981884184708344e-08,5.972784202941002e-05,0.00015674004080460204,4.033600127432511e-07,6.1743464912648e-07,1.0645927747033139e-06,0.0005707999694344346,3.9003546862293395e-08,4.2574193779250005e-07,0.0023090572954244278,1.530945084046316e-05,1.762317104561818e-05,0.13867884330460933
54,0.029635826819181817,0.00376267358021483,4.0525861566014664e-07,8.426279888185182e-08,0.0015786495762639423,1.1053350503557391e-07,0.00019349792715694873,5.77521378576227e-07,0.8548510919040332,0.00038365246674189427,0.00019693263814641728,9.231349451794271e-08,1.3694638429293354e-07,8.008589241788897e-05,0.0004225788950204783,7.501302846669945e-07,8.166401669239266e-07,1.2883082959128084e-06,0.0008976895709497793,8.700514501030933e-08,8.332800991348096e-07,0.0029468965389043813,3.856833182069165e-05,5.954639381613734e-05,0.10494712726516298
55,0.01819592455793093,0.0027401274051012765,3.568063807509976e-07,5.241129834206026e-08,0.0007153235214940521,2.0248899880412554e-07,0.0001899880362338799,6.551792839073323e-07,0.8820269564691426,0.0006941542911648284,0.00011271149511122905,2.793500282219394e-08,6.400452883677656e-08,6.482273794413859e-05,0.0008388334997269776,7.103044801972391e-07,7.100338587611805e-07,4.1988840240312067e-07,0.0010585504766641993,1.0162190372418258e-07,7.655840755960192e-07,0.005584193641703151,3.9748887274153156e-05,6.704376403244072e-05,0.08766755495826171
56,0.01681664186428644,0.005744050993315283,1.2144396667996864e-07,2.3479414522121565e-08,0.0008990070649463782,6.951533897651828e-08,0.00015725814583168667,2.523265629284026e-07,0.8397856677251292,0.0002460999899113013,6.284592759362347e-05,1.0400236277639932e-07,8.297297570119448e-08,5.682139282737811e-05,0.00015513657513869174,4.0980136106542683e-07,5.818668030264264e-07,9.817953926856379e-07,0.0004925024904865349,3.789011187579915e-08,3.595506796361789e-07,0.0021108139088664717,1.5193127956754486e-05,1.5963475595131694e-05,0.13343897267314514
57,0.024621237649326312,0.01070859979781086,2.3529690182631204e-07,2.286071163180993e-08,0.0015220711269925385,1.0807846798552468e-07,0.00022703260569966743,5.308735328057698e-07,0.7843058805981958,0.0003266794979415867,8.329213146139513e-05,3.0662836286991557e-07,1.51023386311589e-07,7.557821209131254e-05,0.00023463233316748145,6.068269255872058e-07,8.378075524569423e-07,1.3900212124012902e-06,0.0018387272950982749,7.018842354180135e-08,8.67971452049125e-07,0.005481413430292968,1.8840033736972515e-05,1.220932794634446e-05,0.17053867838330897
58,0.017172883303900006,0.00487040731659089,1.2282169727537123e-07,2.3048012326565413e-08,0.0008011879751413843,6.482634838341969e-08,0.00014332630892724792,2.315127129777239e-07,0.8446591037182374,0.0002636232364464117,6.257037662575415e-05,7.984215606174137e-08,6.589318414703688e-08,5.2550483006380236e-05,0.00017270782815594966,3.7941829051614666e-07,5.265993617833094e-07,8.743678371820028e-07,0.00044662664126051603,3.739307656895284e-08,3.4220254184354967e-07,0.002110718974195295,1.4904079838185132e-05,2.0798872181428465e-05,0.12920584296027401
59,0.01702789462737787,0.004642434069007296,1.273753854433919e-07,2.4237467379941265e-08,0.0008209441477742522,6.329418729236323e-08,0.0001400311036361523,2.3368751622327964e-07,0.8430965537364022,0.0002757714911540757,6.465766062468817e-05,7.547213427404176e-08,6.091446790752244e-08,5.338462123123579e-05,0.00018781908566227346,3.753760265088998e-07,5.129820648028899e-07,8.503831343935812e-07,0.0004426856191735229,3.857917500205452e-08,3.693611495221483e-07,0.002178584654680861,1.5704543900429602e-05,2.280541683670414e-05,0.1310279975598296
60,0.01726756435308677,0.0055668258739323675,1.1808035881444442e-07,2.269723995922102e-08,0.0008806117442940488,6.897520787762352e-08,0.00015366910676331666,2.419083092344551e-07,0.8326295906108808,0.00025356463653075493,6.119007195984862e-05,9.728381483629024e-08,7.211698652957503e-08,5.641659762031144e-05,0.00016275808250391404,3.974941775299984e-07,5.60622083244907e-07,9.573419674639411e-07,0.0004902364112399535,3.76351596171087e-08,3.779750225004251e-07,0.002154062706101116,1.5774370244845936e-05,1.6507444821256638e-05,0.14028827585969303
61,0.01873157222893623,0.004931912350950263,1.4153019019728165e-07,2.6204018045654775e-08,0.0008659075498010441,6.913537991361322e-08,0.00014454866257761873,2.5545928776970037e-07,0.8400761642541655,0.00028260266056362676,6.743016950126349e-05,8.319388599734883e-08,6.751099808078003e-08,5.575782255986937e-05,0.00018697060654381293,3.9717135628480747e-07,5.594784243254118e-07,9.445609753697633e-07,0.0004784336014256392,4.0910585584760833e-08,3.943619252540238e-07,0.002220119062128149,1.6234244459219273e-05,2.2713716866432278e-05,0.1319166535524941
62,0.01726756435308677,0.0055668258739323675,1.1808035881444442e-07,2.269723995922102e-08,0.0008806117442940488,6.897520787762352e-08,0.00015366910676331666,2.419083092344551e-07,0.8326295906108808,0.00025356463653075493,6.119007195984862e-05,9.728381483629024e-08,7.211698652957503e-08,5.641659762031144e-05,0.00016275808250391404,3.974941775299984e-07,5.60622083244907e-07,9.573419674639411e-07,0.0004902364112399535,3.76351596171087e-08,3.779750225004251e-07,0.002154062706101116,1.5774370244845936e-05,1.6507444821256638e-05,0.14028827585969303
63,0.017146359172625348,0.00583376802796174,1.1512773648625139e-07,2.1352868285327932e-08,0.0008715345595960887,6.74570598793617e-08,0.0001512169164389045,2.3600398315453017e-07,0.8354598907031766,0.00024479200255462163,5.932916524664791e-05,9.650602068166412e-08,7.148156794544746e-08,5.403715945249644e-05,0.00015862935613039793,3.8017439061920923e-07,5.449765634318924e-07,9.144419738270731e-07,0.0004871053366610183,3.5396436627390476e-08,3.6321595404846244e-07,0.0021061324647471246,1.4823122199104744e-05,1.5682807178463426e-05,0.13739385307147628
64,0.01921143641442678,0.006194012072693818,1.4329975512443547e-07,2.5803301093478513e-08,0.001030402954502358,7.650647391811466e-08,0.0001719911657190752,2.8318252763003113e-07,0.819214649829371,0.00028917421828534066,6.9079724445724e-05,1.0743153052609581e-07,7.469896896786069e-08,5.8464029137736116e-05,0.00020040405846004646,4.273387179618037e-07,5.647635368379742e-07,1.0026535500462391e-06,0.0006003457941320394,4.294770616484188e-08,5.298063841424653e-07,0.0024242513140574572,1.7636419732162413e-05,1.8184230099497725e-05,0.1504966893424847
65,0.013847834011412612,0.009520567085788013,4.550670511924775e-07,5.579736885584567e-08,0.0015825485617354644,3.280962556273446e-07,0.00037012036215250296,4.64716319043897e-07,0.8185662052765642,0.00037654519891349103,0.00017933388535517134,9.502273661986062e-08,1.0906328480013284e-07,0.00010347686028762057,0.001491417535298029,6.49840152456226e-07,8.396164329048212e-07,5.421504295531914e-07,0.0010957027455316926,6.922498700759685e-08,1.1731142000740488e-06,0.005140722978432073,3.683716662387244e-05,4.334021589988393e-05,0.14764056640678708
66,0.01871404270303648,0.00595062261307277,1.738913120645714e-07,4.138780019937594e-08,0.0014543784256643745,7.285345625475686e-08,0.0001303183285800143,1.8858878911262534e-07,0.8249015706760228,0.00038591688991527925,0.00010423873059255897,1.3761387795693688e-07,8.708411017970426e-08,9.981404177062304e-05,0.00015530987929926853,5.01123539563813e-07,6.769848368050762e-07,1.508296215423555e-06,0.00039067332656016413,4.0747242736652324e-08,5.729458331695786e-07,0.0022229880372560853,1.5789843322842823e-05,2.6158696377448937e-05,0.1454441762915159
67,0.01368171596164296,0.006098630795025299,1.8364133757392967e-07,3.8918749897123566e-08,0.0006871110063934185,4.496789882093406e-07,0.00027420095956733303,1.6242611938223144e-07,0.5103925358324202,0.000459350880057059,0.00013401285039225185,2.495762064655073e-07,1.0482201604923991e-07,0.00029231185144390384,0.0004139967128211778,6.874297414832772e-07,1.759111975834643e-06,2.9035775939666217e-06,0.0005184830749491782,1.7386534055208347e-07,1.2686280397345552e-06,0.005010240666664515,7.795619437781823e-05,4.50655966277674e-05,0.4619064059415079
68,0.024221064363836954,0.005545312083790455,1.3316024606945768e-07,3.824509745748447e-08,0.0008361601371914842,7.60826771787354e-08,0.00024179911554754867,3.616710841858937e-07,0.7675269109274688,0.00026666773873089655,7.683442483982704e-05,2.2941073365931083e-07,1.595557447266689e-07,8.521450932534893e-05,0.00011277460910401212,6.138695145725706e-07,1.0044757243180997e-06,3.059521909825968e-06,0.0005001087218136818,5.8780320345975806e-08,5.059819510377344e-07,0.0020758274124122373,2.284994444823685e-05,1.636242579209871e-05,0.19846587283069492
69,0.02853577113385556,0.009275268173270165,2.835016221112841e-07,3.667556989212185e-08,0.0011954928247246146,2.167307168329328e-07,0.0002843038378477773,4.685899541166727e-07,0.7412723778791088,0.0004984858305568029,0.00014226636859458668,3.0156291187493695e-07,1.9249581134214512e-07,0.00012739377143330857,0.00031508457177022154,8.287047906091643e-07,1.3169880569053005e-06,2.1879948947714627e-06,0.0015856024415222387,1.2187809582876465e-07,1.235602300365153e-06,0.0056504422779884884,3.538603417205926e-05,2.6743054717704632e-05,0.21104819107571302
70,0.010656680669367036,0.003674544603634354,8.836017992499334e-08,2.6793296347383454e-08,0.0007290860791336212,6.895779217884548e-08,0.00012762307958950054,1.9564168684529314e-07,0.8727754810488443,0.00022028797255179994,4.500782253352955e-05,7.665130851173327e-08,6.489392048833427e-08,5.8142272285256794e-05,0.00011092490118969219,4.242976599376734e-07,5.919890521810196e-07,8.815196674203407e-07,0.0002603240324588042,3.7665151817645297e-08,2.478985144918069e-07,0.0014727456533352825,1.551582762166749e-05,1.5604126140180988e-05,0.10983532724308478
71,0.01739170848551036,0.005223289800164949,8.282763130544112e-08,1.9948043373082515e-08,0.0008886547892669706,4.6429348182677124e-08,0.00012064018384805337,1.9981769922353852e-07,0.8448730463250128,0.0002033223212910503,5.6197833239608995e-05,9.439020435941719e-08,6.457801093743951e-08,4.8386597535531424e-05,0.00011471135283018984,3.620563434016583e-07,4.868046788852336e-07,9.44614016041705e-07,0.0003748927856700187,2.8322544822840427e-08,3.0132090812185984e-07,0.0015486853591755003,1.4267160183545387e-05,1.3901150227684164e-05,0.12912566474661508
