,0,1,2,3,4,5,6,7,8,9,10,11,12,13,14,15,16,17,18,19,20,21,22,23,24
0,0.006339861668061527,0.03086572203795328,9.73639082355937e-07,0.0014191533621347645,0.03135458969375501,0.00012429297932211843,0.004876479331222418,0.00013374788424988504,0.2273275382616425,1.3603739151089503e-06,0.3260402260466389,0.018977442733690557,0.0001371454740160678,0.0015472444046156807,0.2161622515736553,9.428824887862613e-06,0.00015855060530125037,3.188520878867048e-06,0.004462856566421915,5.784932594652114e-08,2.2516930958302136e-05,0.10612730714523126,1.0420404912784844e-05,0.00014134195532346092,0.023756301732803003
1,0.003576679887128387,0.02066235567394074,8.1203688104667e-07,0.000911134094422358,0.020533542091546574,0.0001553475480705469,0.004023692568974385,0.00010459176335840352,0.3892164300965091,2.164314054751918e-06,0.2053419628155644,0.010217770199642522,0.00011488615089494725,0.0016878792423038896,0.2165790235108621,8.735899293985627e-06,6.881376125302006e-05,2.913627071872076e-06,0.005074793888343396,7.100494907231564e-08,1.893751669510247e-05,0.09765172772578304,9.155841537904689e-06,0.00013469356103674342,0.02390188517988165
2,0.002736560448713769,0.02053770237390058,6.46252728154067e-07,0.0007249405519286897,0.021950517262666534,0.00011434693079835612,0.003019972951790913,9.566626316746227e-05,0.33925519115833525,1.7411634227976272e-06,0.2141935038288267,0.011082284741526883,8.162531472470831e-05,0.002126889267455162,0.2538359218847602,6.497186222403381e-06,6.27422894818281e-05,1.907976833921794e-06,0.00325568510866927,6.554383788901584e-08,1.421094402066003e-05,0.09775984818660292,7.1010301182987185e-06,0.00010193203191405568,0.0290324993075528
3,0.004269022567938946,0.02338482947376561,7.41279244023916e-07,0.0009348778649631167,0.021793145143484453,0.00014125033446590743,0.003799043888746368,0.000109439224713594,0.30739086851629593,1.6886446788179974e-06,0.25966484200927703,0.012260783971115363,0.0001108039375394748,0.0016849028329409064,0.2251728056138032,7.360882761498769e-06,8.640979156368314e-05,2.673141451396832e-06,0.0043428549776825184,5.953021491193791e-08,1.7860505976632088e-05,0.11083883869572704,8.723047294055143e-06,0.00011384954983052615,0.023862324574524925
4,0.004252656810134477,0.024837139915514915,7.680648135653059e-07,0.0009463091446841835,0.02247954705640253,0.00012500969893666428,0.003999113208328664,0.00011166213497003274,0.319438258206945,1.713407424639503e-06,0.259550186442361,0.012402114562706158,0.00012932813377492696,0.0019206931662159377,0.20390822363678063,6.813685742208846e-06,8.170798995929306e-05,2.8721864984700242e-06,0.0044361204244198855,6.488265483768937e-08,1.985931564170927e-05,0.11834338994502026,8.25628904520083e-06,0.00011860356750869118,0.022879588123516172
5,0.004809155945234503,0.023935388471091116,9.614386683441102e-07,0.0013675142840579061,0.027326728103293146,0.0001626135024132217,0.004357888472905006,0.000118979104441978,0.34643470598743376,2.2013545595367735e-06,0.2610509618557438,0.011395125258646825,0.00013679413872749955,0.0019939049531763915,0.1960407961204149,8.1530573090367e-06,9.715042096520283e-05,4.630612329558924e-06,0.005153276992070628,8.163653018339177e-08,2.4139602299265428e-05,0.09477201953486787,1.330281286823771e-05,0.00015229853852530514,0.020641227801426805
6,0.004269022567938946,0.02338482947376561,7.41279244023916e-07,0.0009348778649631167,0.021793145143484453,0.00014125033446590743,0.003799043888746368,0.000109439224713594,0.30739086851629593,1.6886446788179974e-06,0.25966484200927703,0.012260783971115363,0.0001108039375394748,0.0016849028329409064,0.2251728056138032,7.360882761498769e-06,8.640979156368314e-05,2.673141451396832e-06,0.0043428549776825184,5.953021491193791e-08,1.7860505976632088e-05,0.11083883869572704,8.723047294055143e-06,0.00011384954983052615,0.023862324574524925
7,0.010278828921525733,0.02012343690828807,7.673815283548815e-07,0.0007734619371133469,0.014953067495600785,0.00011184790656030103,0.0043181572697994055,0.00012925707993246367,0.1857032870314078,1.0160649875184196e-06,0.4045340137251271,0.01055113280558978,0.00023973386498607656,0.0008421097383323993,0.16467955644934673,4.201188931859529e-06,6.446709660180371e-05,2.9162657559783547e-06,0.004580134839833611,4.174131896949918e-08,1.6484744440676685e-05,0.16746071751984318,3.877353658984289e-06,6.455402991885727e-05,0.010562930639570466
8,0.005960721060681691,0.028987407242749213,1.782981030442683e-06,0.0012979373732831259,0.026870213865014057,0.00012651441921353917,0.0022256500895722325,7.08697117754449e-05,0.3898042009549337,2.705728901945209e-06,0.17900712275699646,0.01462697197733498,0.00011012987981644718,0.0023941493723616844,0.23138452099592333,1.1086557136229548e-05,0.00012819107458875376,2.2312274178636472e-06,0.0022268407640542425,8.739993494670944e-08,1.3499668320945313e-05,0.06966310499271158,1.64753067276686e-05,0.0003307912623620457,0.04473679333715737
9,0.0028447694489558773,0.034299590876086604,1.6379781621139024e-06,0.0012311711735784187,0.02151543957233634,0.00011378445194099731,0.0022243267749299783,8.110035000194803e-05,0.4595050613938387,4.66448525624398e-06,0.12612907165502613,0.01117165394604037,0.0001054411072776243,0.003477494394968208,0.22044913830383062,1.4675141583977072e-05,0.000102249955458627,2.5423301836245416e-06,0.003326714057748301,1.2288833349553526e-07,1.727533404027625e-05,0.06544773168549395,1.532534598703901e-05,0.00032502468356244345,0.04759399266537803
10,0.004269022567938946,0.02338482947376561,7.41279244023916e-07,0.0009348778649631167,0.021793145143484453,0.00014125033446590743,0.003799043888746368,0.000109439224713594,0.30739086851629593,1.6886446788179974e-06,0.25966484200927703,0.012260783971115363,0.0001108039375394748,0.0016849028329409064,0.2251728056138032,7.360882761498769e-06,8.640979156368314e-05,2.673141451396832e-06,0.0043428549776825184,5.953021491193791e-08,1.7860505976632088e-05,0.11083883869572704,8.723047294055143e-06,0.00011384954983052615,0.023862324574524925
11,0.004465821464118586,0.023511599720205636,7.478051434800716e-07,0.0009539020534250262,0.02219627502784363,0.00013467123787109372,0.003988077054128552,0.00010715862078828461,0.3048913617071407,1.6168595944749175e-06,0.2613545457022518,0.01268128172830326,0.00012667275426083468,0.0016262658443949637,0.21991264497823051,7.4037404645283e-06,8.546400552504675e-05,2.7032981722934865e-06,0.004459226287796711,6.316770224486099e-08,1.8211920898535324e-05,0.11629467159706146,8.385576297764239e-06,0.00012293738126980863,0.02304829046711081
12,0.0027463719225750112,0.01166166349141666,1.3663750638850044e-06,0.000304040104603431,0.10968992547605465,9.943268771338425e-05,0.0022075085446389086,3.0179895503567635e-05,0.3828806623188358,1.060474737302203e-06,0.2949010631889777,0.010925836994548485,4.5033973913756425e-05,0.0037838062757544404,0.09175220586596937,2.7179469841426963e-06,0.00010671908140256442,1.638714762364299e-06,0.0006824092484679511,9.604397796861688e-08,2.774179048070728e-05,0.03919767485349918,1.624869947838495e-05,0.00027750962147357177,0.04865708640916687
13,0.0034883212195600736,0.01894050579136112,4.43151058622784e-07,0.00047179275683428276,0.018873014866508143,7.033644569127346e-05,0.0029536269732160377,0.00010994343977856128,0.1891741427726837,7.385619126606454e-07,0.36549169391506536,0.016501720070285133,8.045165716132078e-05,0.0016229194885729662,0.22013929998446174,4.306501067138763e-06,6.815730846200701e-05,1.3904843222195155e-06,0.0027307148087920606,3.624049316022169e-08,1.3077338961703212e-05,0.13356699668679278,3.6173191409487794e-06,5.815065048468111e-05,0.025634601567332164
14,0.0035476272138980393,0.07369922901184688,6.03824920837702e-07,0.0015086313560268678,0.06946656069017498,4.798404971721418e-05,0.003237545570444189,7.036518234854072e-05,0.12861522464174166,1.5444487363652327e-06,0.5247252739142952,0.006495195078401467,0.00023791852809681752,0.002166102519468729,0.06894419657085905,2.2886192929042527e-06,0.00014125815740709174,5.8200232485959984e-06,0.00947104451535397,5.2620681190006205e-08,8.26889866411484e-05,0.1000737000650857,6.896487221667951e-06,0.00012282112929926114,0.007329426794791611
15,0.004269022567938946,0.02338482947376561,7.41279244023916e-07,0.0009348778649631167,0.021793145143484453,0.00014125033446590743,0.003799043888746368,0.000109439224713594,0.30739086851629593,1.6886446788179974e-06,0.25966484200927703,0.012260783971115363,0.0001108039375394748,0.0016849028329409064,0.2251728056138032,7.360882761498769e-06,8.640979156368314e-05,2.673141451396832e-06,0.0043428549776825184,5.953021491193791e-08,1.7860505976632088e-05,0.11083883869572704,8.723047294055143e-06,0.00011384954983052615,0.023862324574524925
16,0.004336556581772965,0.02324505020580172,4.7184011820038753e-07,0.0006629144396699513,0.015331419275388001,8.46182860434903e-05,0.003108967289622619,0.00013721958301739234,0.20163231287938385,1.0309915310699739e-06,0.31298482769565256,0.016606811148146754,9.35998410165793e-05,0.0017176407130403545,0.23423525553222443,5.376442788864248e-06,7.564982040704912e-05,1.964364694205291e-06,0.0035435617995466734,3.5897892592007116e-08,1.3121033896845175e-05,0.159868200770804,4.131579793854289e-06,5.410933048656096e-05,0.022255152657259518
17,0.005745807541335671,0.022568896496988077,8.99888907199859e-07,0.000738454950287093,0.03615377654499428,9.498293317271143e-05,0.0054791674658732584,9.976690964139452e-05,0.3026916509475998,9.334063470882881e-07,0.36123719404052895,0.01754103027673871,0.00014636734786072943,0.0023141043472310785,0.10943046940392968,4.428120174625665e-06,0.00010152560716684889,3.373166651619382e-06,0.0028837786174903115,5.8623362508457564e-08,3.058943123043175e-05,0.11082219449304248,8.93436063696331e-06,0.00014175708586097683,0.021759857992947343
18,0.002681616504361329,0.024903856146451717,8.355363566468386e-07,0.0004885160084984338,0.018105307434818634,0.00010660513379440093,0.0038590527987460085,8.39962024538889e-05,0.3026306805092292,1.616979048603346e-06,0.2100983252126447,0.01855776280328795,7.59721546305101e-05,0.0027045925752763695,0.2528365078149236,1.1492122254171814e-05,0.00011751216241407539,1.8110555662010503e-06,0.0036797547792472257,6.543081735557384e-08,2.237600690373783e-05,0.098665202300367,9.803857567252695e-06,0.00015321814165172818,0.06020352032868927
19,0.0024667098059320955,0.025342788138176375,4.896469542438479e-07,0.0013199531919377099,0.0235283135818612,0.00015944689277275163,0.0033274102477804947,8.452821658424595e-05,0.3991813008586398,2.0152847988282217e-06,0.15058647074572873,0.010936345528266335,9.514475997996719e-05,0.0014992362260590163,0.24771632369018323,6.568884037743602e-06,5.744094941399547e-05,1.74388879216544e-06,0.003820417080540588,5.899583236352025e-08,9.539276315317767e-06,0.10974749738398554,7.0799533027595245e-06,0.0001070077596738802,0.01999616901245044
20,0.0029763304151144586,0.02306970777070103,3.845610751311667e-07,0.0007805624675139511,0.014212956810670387,0.0001141326717804281,0.003072185461951665,0.000119174751763878,0.2627953836611521,1.4850841449072475e-06,0.22949074494970564,0.009071264519659583,0.00010903873057151466,0.0014644642640391221,0.25562130519038423,4.8288099130701e-06,5.254505248015681e-05,1.7301294093335339e-06,0.004610331023116978,4.658670246635121e-08,1.188930772881743e-05,0.17557828071474327,4.199290846939096e-06,5.5230231207283894e-05,0.016781797543623522
21,0.008354047682286762,0.02911212252914119,1.8988598331620425e-06,0.0010915394108423262,0.02827979301137429,9.281721646002708e-05,0.00472287561962645,0.0001409125652528155,0.2991447204132272,1.7287531883167195e-06,0.32873708680327024,0.025887159872248443,0.00018657307749514706,0.00309954609315663,0.1399415998663752,1.1491601398246565e-05,0.0001536810859474766,5.44170574475936e-06,0.0033648118546874507,9.213668649054235e-08,3.2680481330540745e-05,0.09408174757979137,1.268739291982343e-05,0.00024165596677204847,0.03330128842094361
22,0.008084614870120303,0.028100943723766935,1.3579765072552114e-06,0.0010958141815294777,0.022551433209861825,0.000159383324111013,0.003701800055131626,0.0002035944057399345,0.19657559260952423,2.474000615884931e-06,0.4057482772913115,0.011632351823724255,0.0001543425547137224,0.0021000212461827574,0.16299387750032931,8.846184184991645e-06,0.00019071210669660037,6.263496745882684e-06,0.0053622658701593185,7.813156832967177e-08,3.683018693286026e-05,0.13286616975233748,1.2857224022305527e-05,0.00010027332047917395,0.01830982495370308
23,0.004269022567938946,0.02338482947376561,7.41279244023916e-07,0.0009348778649631167,0.021793145143484453,0.00014125033446590743,0.003799043888746368,0.000109439224713594,0.30739086851629593,1.6886446788179974e-06,0.25966484200927703,0.012260783971115363,0.0001108039375394748,0.0016849028329409064,0.2251728056138032,7.360882761498769e-06,8.640979156368314e-05,2.673141451396832e-06,0.0043428549776825184,5.953021491193791e-08,1.7860505976632088e-05,0.11083883869572704,8.723047294055143e-06,0.00011384954983052615,0.023862324574524925
24,0.0032825408120944685,0.03911308223286331,6.329709855323921e-07,0.001856734905443661,0.022964485459397836,0.00013707082077354498,0.003967586326422806,0.00013067862787923866,0.2990603807885384,2.5401060156562302e-06,0.21608532508815875,0.01111057229490182,0.00012379891437707947,0.0020556643022638737,0.25342486262429503,8.543619706611243e-06,0.00010684105196066903,3.547102987898979e-06,0.007366514652848973,6.30088585577664e-08,2.0421307914538112e-05,0.11914456206677002,1.0679762197649048e-05,0.00011077569458947321,0.019912095457754672
25,0.005352232010589345,0.013815085880740293,6.990985541567942e-07,0.0007478253273574352,0.030037978918631355,9.241323279882743e-05,0.005584040843219969,0.00024391644056111962,0.176028203658721,7.281916027372239e-07,0.5325006301227552,0.017292979677309975,0.00011559481060222904,0.0018439986102177697,0.09963688934459258,4.263188663953514e-06,8.320029008808259e-05,5.251764763963474e-06,0.0029511884821327504,5.680822774278547e-08,2.897417008305276e-05,0.10066050924108198,6.4247953767578176e-06,5.9248538687359984e-05,0.01290766655264035
26,0.006243142488529078,0.017734244642461334,1.8189026566684206e-06,0.0013658789681033207,0.03742306091461384,0.0001846782503949771,0.0038669978696288534,6.089380891029652e-05,0.5519785372159962,2.4869363522133837e-06,0.1799246289049755,0.009121622797310687,0.0001347922403739417,0.001995858889088793,0.11753940465627342,8.541090033790814e-06,9.743349899831629e-05,5.679517164204501e-06,0.0030590950372537595,1.10696694722607e-07,2.5409303807971114e-05,0.045712786593105445,2.874451190401481e-05,0.0004292228328389125,0.02305492943252992
27,0.012147710056792152,0.039641174839814663,6.5893586235853755e-06,0.0010001043686241801,0.05541638093061322,4.5789874369545156e-05,0.007778897331145306,0.00012052031247152373,0.053179437047362665,1.2881194449183514e-06,0.6970812695149528,0.02205384820855095,0.00018614069293190674,0.004281736291587549,0.049126261590424,1.4998735017255113e-05,0.0015842742491102401,1.8449132371822554e-05,0.004456940340628247,9.815786458923637e-08,0.0003757112303504606,0.02185822509881768,5.803849042287856e-05,0.0003212777775264191,0.02924483825018136
28,0.004269022567938946,0.02338482947376561,7.41279244023916e-07,0.0009348778649631167,0.021793145143484453,0.00014125033446590743,0.003799043888746368,0.000109439224713594,0.30739086851629593,1.6886446788179974e-06,0.25966484200927703,0.012260783971115363,0.0001108039375394748,0.0016849028329409064,0.2251728056138032,7.360882761498769e-06,8.640979156368314e-05,2.673141451396832e-06,0.0043428549776825184,5.953021491193791e-08,1.7860505976632088e-05,0.11083883869572704,8.723047294055143e-06,0.00011384954983052615,0.023862324574524925
29,0.004269022567938946,0.02338482947376561,7.41279244023916e-07,0.0009348778649631167,0.021793145143484453,0.00014125033446590743,0.003799043888746368,0.000109439224713594,0.30739086851629593,1.6886446788179974e-06,0.25966484200927703,0.012260783971115363,0.0001108039375394748,0.0016849028329409064,0.2251728056138032,7.360882761498769e-06,8.640979156368314e-05,2.673141451396832e-06,0.0043428549776825184,5.953021491193791e-08,1.7860505976632088e-05,0.11083883869572704,8.723047294055143e-06,0.00011384954983052615,0.023862324574524925
30,0.004269022567938946,0.02338482947376561,7.41279244023916e-07,0.0009348778649631167,0.021793145143484453,0.00014125033446590743,0.003799043888746368,0.000109439224713594,0.30739086851629593,1.6886446788179974e-06,0.25966484200927703,0.012260783971115363,0.0001108039375394748,0.0016849028329409064,0.2251728056138032,7.360882761498769e-06,8.640979156368314e-05,2.673141451396832e-06,0.0043428549776825184,5.953021491193791e-08,1.7860505976632088e-05,0.11083883869572704,8.723047294055143e-06,0.00011384954983052615,0.023862324574524925
31,0.008007240031757366,0.03314676378738541,1.4798406569652564e-06,0.0011401705756499227,0.017583150262429435,0.00015351625667317905,0.0042106197071777735,0.0002479826081494771,0.2580929807081753,2.6208096554119472e-06,0.31084867422526363,0.015736678646135163,0.00014745157329306235,0.0021352064386444144,0.1868259516165409,1.2810713802889966e-05,0.0001489338927284853,4.998905583811461e-06,0.004953034661707841,7.134028710373991e-08,2.6834699735602483e-05,0.13108683207498406,1.0986824481477663e-05,0.00011358133600939749,0.025361428463091844
32,0.0038695181440381327,0.023208072662484806,6.747232935210234e-07,0.0009832630167347558,0.02061831731864032,0.00014680799175647837,0.0038717128109709057,0.00010769569101428879,0.29771416788778277,1.7771639776226147e-06,0.24664926784589933,0.011048693597694819,0.00011259386825890943,0.00153915299124832,0.24846458651831915,7.82409846577894e-06,8.570536771832265e-05,2.6688911513284486e-06,0.005364725291211485,5.980182232170426e-08,1.8632622700561874e-05,0.113408827610896,8.79016146924056e-06,0.00011126772841142049,0.0226551961940395
33,0.006892714811678623,0.030772959064441597,5.988472031977059e-07,0.0012869597617889967,0.019525534081225464,9.507922572019734e-05,0.005579959472982269,0.00018239595284210713,0.14899030841487432,8.903363417833722e-07,0.40740174415284097,0.023031842863743567,0.0001945993199858489,0.0012067218524765592,0.16088076257226083,8.454196902654647e-06,0.00015019255177692648,3.7074167460018307e-06,0.005867281183683445,4.4337522263240704e-08,2.2819293342558272e-05,0.17246910963670886,6.111878840613845e-06,8.970431137044612e-05,0.015339504462699865
34,0.0009115046046672559,0.06436443963953688,7.255630329494383e-07,0.0008988783446001206,0.01925644392910507,0.00014986002979960666,0.002679150524944136,0.000114880903864591,0.358156058987207,4.481292436692027e-06,0.12390610795094328,0.020782352132274317,5.6457683798254705e-05,0.00521421766831724,0.21887622384605623,1.5347463624140066e-05,0.00015703645014679654,1.2459846872064586e-06,0.0027025295160437723,1.0152503190565105e-07,1.46338858312824e-05,0.11229030370428615,1.0831060071339755e-05,0.0001393903437013144,0.06929679696599246
35,0.014904126125545269,0.019128813439223118,8.127717533487618e-07,0.0010738434264736371,0.008221020560676485,0.0002113250326095311,0.005058343618471608,0.00026730060742050207,0.3065232280884107,1.6839965454290573e-06,0.2685598803533314,0.01781009646038163,0.00021221715137435175,0.0007922901340007073,0.1257383589045294,1.2798890822054999e-05,7.457716110689103e-05,7.213266084808126e-06,0.006871424585056997,3.773752568322567e-08,1.4138518875798789e-05,0.21296694003881464,5.917020661375571e-06,8.80120411479482e-05,0.011455600069156609
36,0.0034374130480729274,0.030177983230864566,4.546387249143592e-07,0.0010288760225162616,0.007010419423609071,0.000148495962454639,0.0030968728835086986,0.00021619753534847988,0.29972686309595953,2.7325692433117647e-06,0.1412929231348433,0.013585752961308043,0.00010012071276056344,0.0017413536636229111,0.2482416979315485,1.1495356899372736e-05,7.99702366788611e-05,2.5491625648679596e-06,0.005697159625718122,4.36417870449074e-08,9.019330833760404e-06,0.2256431751626946,4.9661995803289916e-06,4.6433870129898974e-05,0.01869703059872754
37,0.009702245298765177,0.02137411664780762,1.8095606391976313e-06,0.0009168511799760397,0.03478857374498198,0.00010133809693435926,0.005364852287329645,8.408050383992282e-05,0.38499085379409037,1.380883897514421e-06,0.3065036169542495,0.017208297654452646,0.00021770469258162604,0.0022785642829194056,0.1075835349139047,6.747810254327376e-06,9.868039357362894e-05,5.164936174343797e-06,0.002962334821163115,8.380261606011783e-08,3.166995696831829e-05,0.08140854096028359,1.2213694747273391e-05,0.00028110655698939627,0.024075636570860197
38,0.005852934558314007,0.015506599371249626,7.922466726786413e-07,0.0012462676929326962,0.013161456424473167,0.0003241357988353815,0.00802444763939423,0.00013232424165391207,0.282008717339589,2.03966683292793e-06,0.21047801579921946,0.00971077766386216,0.00017475140008675242,0.0007154559460609923,0.3134051737726022,1.7247132643726944e-05,0.00010135220246177071,4.991480883116704e-06,0.011597678270518554,7.58565318790291e-08,2.4117818614897606e-05,0.11094119169101338,1.3824693014472785e-05,0.00012448112476931027,0.016431150167769727
39,0.00648748030784797,0.017010404987959814,8.159982378067137e-07,0.0008150045788996229,0.014357647655569681,0.00023292005541011198,0.007086543221436234,0.00029202320228592974,0.1951668272901849,1.284405278527094e-06,0.34872710974660165,0.021447149949152887,0.00013022245640572876,0.000998835712919494,0.1991481388262644,1.532006724768622e-05,0.00013425665136062022,3.6976880383829764e-06,0.005694952639614332,5.6311810215386364e-08,2.453397344288252e-05,0.1602251332579369,8.481893049278009e-06,8.19109445519545e-05,0.02190924817849294
40,0.004966010221710171,0.022005288875577518,7.063666051524673e-07,0.0005734510663007971,0.020103777986862005,0.00012004627747721508,0.0032405391701914306,9.249738847493618e-05,0.2532809451233343,1.0914463856769952e-06,0.28892904493240595,0.015668707062648925,9.949590957944423e-05,0.0014815838072157997,0.22443533337940508,5.4123935451186564e-06,8.155907575890219e-05,1.4409906825134008e-06,0.002449259085214094,4.450618145850463e-08,1.2538297609088087e-05,0.1351301803149076,5.18582602327169e-06,8.20187654477212e-05,0.027233841730455757
41,0.0026244805005232598,0.00945629850202661,2.879427419631573e-07,0.0012699379313309011,0.025721217981384784,0.00016809872994177542,0.0019648286235301516,5.450593605615372e-05,0.3556543104432357,9.923823702334264e-07,0.1463071737927272,0.006573698027804784,4.005509305665436e-05,0.0005645689234459303,0.3803771304433512,3.2188455708534593e-06,2.5172593289000602e-05,9.554190903938644e-07,0.0022399091753793365,2.6940929227655702e-08,3.1266151036536177e-06,0.05427068653470932,5.1398160919477176e-06,6.053965479419225e-05,0.012613639151514942
42,0.0030336850135788155,0.021465227912322016,2.779234686412993e-07,0.0006917457598546227,0.010188129784568458,0.0001466167377251405,0.0032438227167011628,0.00012059518083332945,0.21001235270854332,1.2338127725203267e-06,0.19997228193974875,0.009649016160924792,0.00011311585710224834,0.0006654149044687048,0.27555885849222694,7.124301980722895e-06,6.0478392445135334e-05,1.1577793284128664e-06,0.006392616826607914,3.323435406075259e-08,9.394518305119327e-06,0.24406341977550838,2.965958558439216e-06,4.993111193434292e-05,0.01455050319613795
43,0.003380112195071326,0.019889998939036157,6.690780153170306e-07,0.0009177200239652549,0.01926955033294407,0.00019080838401762883,0.0033701349234347673,0.00011668559556561745,0.3336019794832621,2.3498886904804714e-06,0.2146172829768957,0.008130324189140762,0.00010144859281018142,0.0014887638464355867,0.25292793306130873,7.696115302823713e-06,7.001863999177115e-05,2.609361658499264e-06,0.005165189481246348,6.779041265257587e-08,1.7542166933828125e-05,0.11620214516104477,8.791915221445059e-06,9.88443973078062e-05,0.020421333460286392
44,0.004269022567938946,0.02338482947376561,7.41279244023916e-07,0.0009348778649631167,0.021793145143484453,0.00014125033446590743,0.003799043888746368,0.000109439224713594,0.30739086851629593,1.6886446788179974e-06,0.25966484200927703,0.012260783971115363,0.0001108039375394748,0.0016849028329409064,0.2251728056138032,7.360882761498769e-06,8.640979156368314e-05,2.673141451396832e-06,0.0043428549776825184,5.953021491193791e-08,1.7860505976632088e-05,0.11083883869572704,8.723047294055143e-06,0.00011384954983052615,0.023862324574524925
45,0.0018827868792711414,0.0073810463422891315,1.642966943140076e-07,0.0011554840662538269,0.016522158411293928,0.00019674652353558853,0.0049013480530809474,7.899752833712015e-05,0.3069405677152071,6.96297087079464e-07,0.13925679768134258,0.006738543451546532,7.052487114479075e-05,0.0003351574895143036,0.41345960931046244,5.044499292232785e-06,2.058809440035099e-05,1.1432525266742923e-06,0.005309409608281457,3.49096305026262e-08,4.35233725684968e-06,0.08663732472137603,3.755795723175254e-06,4.8228700957920823e-05,0.009049489163494046
46,0.007127553298787697,0.03227660038321079,7.03158936511821e-07,0.0011069949219074616,0.01854708129869055,0.00012376849472404378,0.0037164855185276304,0.00013617063035742716,0.14607361541249467,1.1060448550386985e-06,0.33360394259827164,0.020485501668498197,0.0001348304606670312,0.0010805203227845803,0.24053645288587974,9.515294682041207e-06,0.00019811380073886885,2.0923752540043295e-06,0.004258254511760352,4.178220582782465e-08,1.5957340859826285e-05,0.16804776398466514,7.294546868744604e-06,9.328118160940174e-05,0.022416358082762756
47,0.006740715699913918,0.03929316237269364,5.871821845192869e-07,0.0005422974345067018,0.009363266916791468,8.891803872220909e-05,0.003381688140422469,0.00011360624593447038,0.2065050500215556,1.108685454700543e-06,0.22971000981518208,0.024808201904777564,0.00016742036849391983,0.0009822001896010958,0.19839475737318227,1.0335105667929712e-05,9.755780158136568e-05,1.2269541306351221e-06,0.003420174761656846,3.473194873355525e-08,8.561092234457547e-06,0.2492854124744244,2.7500859461215007e-06,8.892858486051256e-05,0.026992028018132313
48,0.0050496310846095595,0.09236910251328728,6.898941461208246e-07,0.00208368604864535,0.01128896127845408,0.0001262649036933597,0.0032228733043076943,0.00023404954969608702,0.1399992509301626,3.320241657670611e-06,0.20325334412934742,0.013748887156587826,0.00014223003068400788,0.0017529986281063035,0.2685824135582528,1.3456398559167111e-05,0.00029071456728385175,2.916168357982194e-06,0.008742984120117628,4.3343619653591164e-08,1.8876637683611048e-05,0.23061595863846746,8.547136156712395e-06,5.987562344375869e-05,0.01838892411467209
49,0.005231327609471533,0.0212302771910576,9.069076864064054e-07,0.0008512301986037084,0.021834797238773056,0.00018691095114580964,0.004386254215507575,0.00012812509266148337,0.3238360674184919,1.5652442588763645e-06,0.278803632393287,0.016774790517477475,0.00011993193061039994,0.0015655657362944224,0.1809006867477028,8.149672299497012e-06,9.020490497451237e-05,2.763304444678438e-06,0.003147451334538968,6.62371879977622e-08,1.6415607959919405e-05,0.116312373321994,8.849425738096062e-06,0.000119208084125366,0.024442448713706696
50,0.0037796945776837594,0.024916608195056544,7.164275823598837e-07,0.0008793989464763336,0.01904204851655712,0.00013072107790904508,0.004075636493306326,0.0001269426167026035,0.3266350114957357,1.95066744593873e-06,0.23459609391036898,0.011313218453533256,0.00012135951184650627,0.0018918458333694716,0.21652395082758952,6.8600047498974e-06,7.199986841272827e-05,2.5651623677858657e-06,0.004841986598802412,5.85096565897048e-08,1.8713898556010023e-05,0.12878088199400456,6.919258753471693e-06,9.21908112222288e-05,0.02214262634231082
51,0.004563601235254832,0.01595865717870043,8.439060407633996e-07,0.0007563111234385074,0.024657045854836114,0.00016660641593784772,0.0044293378024625974,8.955568050868044e-05,0.337764377380317,1.4840421674103174e-06,0.2706344104745988,0.011354440412387682,0.00010671213499809153,0.0014896001409271007,0.20907891919344676,7.700243818752105e-06,8.697512118200894e-05,2.9514033094754903e-06,0.0041346591807974835,6.6922461469721e-08,2.145112631710721e-05,0.08894685765704866,1.1377547081548288e-05,0.00014903441212872235,0.025587023409832103
52,0.004457488931503093,0.014868326870832166,5.86531855029085e-07,0.0016221871484877924,0.00964241779563323,0.00023331320039972207,0.0021158875125656955,0.0001536909993867315,0.3511450134753691,4.8639988103811225e-06,0.16029341142726966,0.0045672930638032475,0.00013176664796858432,0.001150274391838828,0.3060868261328181,1.0577512908528132e-05,4.5915566449022145e-05,6.524350422291953e-06,0.0091421624819129,8.731103335054434e-08,1.0452891300781667e-05,0.12422519852288126,8.786117398200643e-06,8.051835290871282e-05,0.009996428764243729
53,0.004523792146082343,0.02672799157741449,7.968596358838233e-07,0.0010183480546262136,0.022586027477869867,0.00013358203187396713,0.0032935770353205393,0.00011077644053600938,0.293939236092617,1.9710341528820498e-06,0.2627023720399641,0.011389998989278805,0.00011920731845559001,0.0017506812349718205,0.22514588649111028,7.580099089477384e-06,9.48778409213466e-05,2.793060444112997e-06,0.0047224170188257045,6.116266876734299e-08,1.8957516080539514e-05,0.11838275569571352,8.596946077244273e-06,0.00012026373635193473,0.023197452099917536
54,0.0063685950108298235,0.01947155278485289,8.171762963820476e-07,0.0012991995222911637,0.026399349285994453,0.00018506916546114882,0.004820285429276282,0.00012974834009051714,0.26978546557279703,1.558886136447851e-06,0.34387156104472183,0.00978929161792973,0.00014769620286949237,0.0013123169347311371,0.1865728291541566,6.307200956932131e-06,0.00010094488957353173,4.720723908584057e-06,0.005807279821776768,6.179973348139385e-08,2.6685278182753264e-05,0.10936716401347708,1.2040499426414732e-05,0.00011402842504281752,0.014405431219486535
55,0.004166511943396483,0.03219982380813949,8.285207333686238e-07,0.0009778178755255609,0.0171315389943927,0.00014258712482997514,0.0026142168419652214,0.00014008361333153898,0.2248030468588083,2.905380150075216e-06,0.2576964023986458,0.007593706672206955,0.00011375404205432925,0.001967688186666415,0.27806712898046615,8.060162705640113e-06,0.00012247994583284135,2.755340652183829e-06,0.005602393758133277,6.807640093573317e-08,2.1958087718664986e-05,0.1448738375271008,8.769819057743367e-06,7.970228958951222e-05,0.021661933751495988
56,0.004387032997308961,0.0235568209903376,7.39837797052557e-07,0.0009306703224034864,0.02147931958858728,0.00013906932456067087,0.003872390411786082,0.00011020982468368452,0.30480234436817505,1.651088237604712e-06,0.2620718284888334,0.012545833756185783,0.00011737362776712809,0.0016655768419948744,0.22075119470563284,7.270052831653984e-06,8.56501183209341e-05,2.681114169706258e-06,0.00437360479927608,6.021289151380123e-08,1.796623078613234e-05,0.11555442666917584,8.471408474267754e-06,0.00011493580471295473,0.02340287741506935
57,0.0033504748037133524,0.03308276140729986,6.165194623251944e-07,0.0008357261936368567,0.018623120662564382,0.00010750665363317876,0.0049936903155554345,0.0001082912055962429,0.25473617251828284,1.6276811120911494e-06,0.24652868572983908,0.014416701413961414,0.00015151152413810158,0.0014328410708303837,0.2364186117853617,1.0453168092594329e-05,0.00010299518898286373,2.219199331520986e-06,0.00868914595975976,5.299366665037734e-08,2.600199293284674e-05,0.1494544738286498,6.231034166818208e-06,0.00012441912577748935,0.026795668023652502
58,0.0038945200743068643,0.022296272754069167,7.777909191314215e-07,0.0009452514255000167,0.025582237639228,0.00013543774597218043,0.0039897378410613206,8.240652240520256e-05,0.3472833349313794,1.6245714772412103e-06,0.23747528802484016,0.012173129695074631,0.0001233235266762798,0.0016131542865993873,0.21837584869395113,7.756255429632638e-06,8.073127158822982e-05,2.5463226097043137e-06,0.004393628744080494,7.081207731298705e-08,1.897582730022069e-05,0.09543315809405817,9.790701377218314e-06,0.00017176598021281965,0.02590923046780605
59,0.004068781699399954,0.023899378312560678,9.287630957328591e-07,0.000931144695818794,0.026436369271557868,0.00014086687473669528,0.003966474965316628,8.956980909435302e-05,0.35248295044582323,1.874128469293754e-06,0.23982037466815798,0.012355115648931788,0.00012259349743534587,0.0018489628233715714,0.20661976699339582,8.428645705189065e-06,9.188639475477236e-05,2.7517091935300457e-06,0.004199272739857502,7.628655789153506e-08,2.1347101604692525e-05,0.09468413415810047,1.0661306924812109e-05,0.00017780035110440503,0.028018488709031217
60,0.004269022567938946,0.02338482947376561,7.41279244023916e-07,0.0009348778649631167,0.021793145143484453,0.00014125033446590743,0.003799043888746368,0.000109439224713594,0.30739086851629593,1.6886446788179974e-06,0.25966484200927703,0.012260783971115363,0.0001108039375394748,0.0016849028329409064,0.2251728056138032,7.360882761498769e-06,8.640979156368314e-05,2.673141451396832e-06,0.0043428549776825184,5.953021491193791e-08,1.7860505976632088e-05,0.11083883869572704,8.723047294055143e-06,0.00011384954983052615,0.023862324574524925
61,0.00443707120906392,0.022125402939834383,1.0127110844757105e-06,0.0008993106312020035,0.02683429677925421,0.0001411509311961259,0.0040577383552689245,9.02752108115105e-05,0.37339973564275425,1.8672835394074764e-06,0.2439663764531353,0.01217489109122292,0.0001268091362997827,0.0018704728622627991,0.1881421283459529,8.056326520076082e-06,8.58223562104135e-05,2.9886722666781285e-06,0.004027579530326834,7.655617884497778e-08,2.2251380070298616e-05,0.09031398633499273,1.0815219369635949e-05,0.0001859428172222699,0.027073941223959185
62,0.004269022567938946,0.02338482947376561,7.41279244023916e-07,0.0009348778649631167,0.021793145143484453,0.00014125033446590743,0.003799043888746368,0.000109439224713594,0.30739086851629593,1.6886446788179974e-06,0.25966484200927703,0.012260783971115363,0.0001108039375394748,0.0016849028329409064,0.2251728056138032,7.360882761498769e-06,8.640979156368314e-05,2.673141451396832e-06,0.0043428549776825184,5.953021491193791e-08,1.7860505976632088e-05,0.11083883869572704,8.723047294055143e-06,0.00011384954983052615,0.023862324574524925
63,0.004023397365691312,0.028782284467969682,7.159048490179813e-07,0.0009708316085265755,0.020412964524086925,0.0001333813572662493,0.0035346271626683495,0.0001102945031556053,0.29324502980636397,1.8613083902375561e-06,0.24636971670085483,0.012579988504349838,0.00011294941642744097,0.0017359243928234374,0.2369530310457839,7.933753954439247e-06,9.417369680810076e-05,2.4571789717732433e-06,0.004636043284137186,5.885411179670489e-08,1.7179131290513088e-05,0.12112393964040219,8.207532051800694e-06,0.00011265356004747177,0.025030355299017287
64,0.004510237657472561,0.025886209949017025,9.58783743745003e-07,0.0009184144447118615,0.025572365832063702,0.00013458374142691953,0.0045513798257897226,0.00011219207606772846,0.294477628978664,1.8198487523311524e-06,0.2866889346914363,0.012354115866952719,0.0001337653149648007,0.002004655936681141,0.202913369147678,8.171790576493041e-06,0.00011063965480002129,3.2851473293810545e-06,0.005217654585740566,7.070868354518383e-08,2.982938900747725e-05,0.10831546807886347,1.0626542977513688e-05,0.00013931044964660242,0.02590431155695248
65,0.005287634485339031,0.00951210244958463,3.409103234416465e-07,0.0015153839025143316,0.022752394034134142,0.00028439910934920516,0.006971729407706728,0.00011613726192965572,0.13901024348629348,6.717982957857258e-07,0.3754030493235047,0.009730180876505954,8.338321905071105e-05,0.00038167888790374607,0.3294985435804992,7.70443361928562e-06,0.00011951763242093749,3.8474411026300435e-06,0.009599193139678103,3.213078536624503e-08,1.8969468264984836e-05,0.0791138931410039,1.3936721626160515e-05,6.752255015797188e-05,0.010507510608405959
66,0.010378535875014607,0.015877696828287078,1.7142075122543015e-06,0.0006266286562364398,0.025459761860790086,7.998433231385902e-05,0.005883654217961116,0.00019572042721982918,0.2932815823519316,1.3210541482625197e-06,0.398351277281149,0.013594663560358851,0.0003100881711591038,0.0018350697315350644,0.09173270781709861,5.166704670956397e-06,4.998520159990123e-05,4.8801741434137716e-06,0.002863995429630017,8.358922019695471e-08,2.7932362751501163e-05,0.12653461174996644,3.5538034289205464e-06,9.50366227043264e-05,0.012804347989168584
67,0.013543720080028505,0.02253328619839049,1.0841130099297787e-05,0.0025262338106997037,0.055940601058618214,0.0002866723706658966,0.006267613593187176,0.0001836052854612691,0.25170002082896864,6.821809300417185e-06,0.4309994784109166,0.00817997008937979,0.00025744983172007127,0.005909155023278632,0.12667771639635772,2.086143509461815e-05,0.0006398809363874034,3.5487384515493245e-05,0.0068731368705232014,4.147836939899384e-07,0.0002916808947788439,0.03417876321442161,0.00019867659892662545,0.0006862812834337632,0.03205163068115191
68,0.0010687485516856653,0.0061295712652850755,1.085273454670141e-06,0.0003884089688602702,0.02907975621903933,8.57202320126518e-05,0.0018463930915400837,1.7264832258429954e-05,0.7563530265103978,1.3085938954241721e-06,0.07091934024576162,0.008478396274798045,3.451819266982288e-05,0.0035468455362366908,0.07146045663552868,2.4619603529248508e-06,1.8469196130401188e-05,1.1555258420953515e-06,0.00039420714863071726,8.919367562496777e-08,6.468665864792641e-06,0.013403007994953085,1.2777660031576255e-05,0.00027535210952331894,0.03647517012157101
69,0.004375303322903355,0.018983683093766343,1.7426373289956272e-06,0.0008820200330393457,0.02369692855774545,0.00017881933363319668,0.005214816377433617,0.00016193396416081077,0.40830160713874303,2.991049677374866e-06,0.25469873464439863,0.012476168061958802,0.00012635878792956228,0.003428935463175838,0.15514369123195726,1.0677814739043797e-05,9.65495998633768e-05,6.362568001599035e-06,0.0046196221251317005,1.1879864937061726e-07,4.4097059796557986e-05,0.0758546933300582,1.8080496435420573e-05,0.00017853032638203402,0.03149753418309125
70,0.0027795953869659443,0.009637472451724539,4.6622940181099944e-07,0.0013412199913706473,0.047840138996045146,0.00013540689332358226,0.0043730239822570875,5.961485929290302e-05,0.4510619044430901,6.584862469413021e-07,0.2074685855666975,0.009035547663611643,5.834065771414551e-05,0.001292001612296427,0.20468894372876537,1.9027501414447286e-06,2.9981130780759428e-05,1.5223907542734224e-06,0.0016946873823153127,3.865322686658197e-08,8.257236592335583e-06,0.04408481640213937,9.267910485826684e-06,8.282262224968802e-05,0.014313782572510387
71,0.002025965052990435,0.02143185740463786,8.635777995659572e-07,0.0006629301595260134,0.03442967533733749,0.00010013223669342561,0.004407209788962323,8.600684400525597e-05,0.5224321796162035,2.0292688080210222e-06,0.17887342276457632,0.009582521686913564,8.917692192182904e-05,0.0035711606510870357,0.12614909600656646,5.841765370040042e-06,5.517738577148306e-05,3.1668387033484272e-06,0.0031734747241599546,9.36300053848959e-08,2.9154603116120785e-05,0.06466996410323221,1.0544866180632774e-05,0.0001606859829189077,0.028047668782512792
72,0.002017104339051701,0.016343434671473204,3.0002546187391774e-07,0.0007979545914137224,0.008320784375963838,0.0003013424495355049,0.012760340197433901,0.00013946705354969595,0.2772212190630225,1.4300713725010733e-06,0.11438530968703559,0.010324843426640255,0.00014216049412245168,0.0004438517036227534,0.3759014459829543,1.5966709872378364e-05,5.1054374640709476e-05,1.6219797156401141e-06,0.010863347657794004,5.576373512208529e-08,1.0892226511222456e-05,0.15742840265885932,3.950167314024878e-06,4.247769001190783e-05,0.012481242638891894
73,0.007103460218721438,0.022692356740327997,1.7189876281254288e-06,0.0005478290154199355,0.022455120022753138,9.714244876990137e-05,0.0030062367547484974,0.0002003956394172797,0.20411648623728185,2.08827578692622e-06,0.5049523812160704,0.010606811312145917,0.00012703352752463796,0.004171855976246926,0.09327031523153406,4.504608134394384e-06,0.0001220858131700506,7.117900821418356e-06,0.0032717636672342375,7.396501407547103e-08,5.976458966158828e-05,0.10291551445349396,1.0583808825433679e-05,8.258240416162107e-05,0.02017477718510614
