,0,1,2,3,4,5,6,7,8,9,10,11,12,13,14,15,16,17,18,19,20,21,22,23,24
0,0.006445705450543106,0.010992631414554033,1.0741347240624663e-06,0.0006712760065087948,0.044646913057938616,0.00016133233572611716,0.006758604902107869,6.091847566698028e-05,0.25722472762953613,7.921647837233813e-07,0.36863236710972846,0.013801557782538538,0.00012564467252410648,0.0009700030287213311,0.1936257454678062,8.671332203730755e-06,0.00014559200534218738,3.068461319703186e-06,0.0040184775223498104,7.27458231016168e-08,3.442326707464994e-05,0.06445960904650241,1.6021985872301017e-05,0.0002556239012946278,0.026939146098809326
1,0.0035692133538530644,0.007241132497948534,8.811310278460175e-07,0.00042767492472349814,0.028925709580888408,0.00020105723839517706,0.005339532013321605,4.726172443082164e-05,0.43123179266646827,1.2613895387864346e-06,0.22985355809650715,0.00730133873194466,0.0001014499254328857,0.001044233014308892,0.19450117694798136,7.96679565227117e-06,6.277348187013829e-05,2.764902545513806e-06,0.0044724036866582734,8.8556362105133e-08,2.794932741641787e-05,0.05843075442461762,1.3968382064731431e-05,0.0002383557323601335,0.026955701473681933
2,0.0027526162830446223,0.007251187144079947,6.947222552588026e-07,0.0003376611597840311,0.03137286588258731,0.00015088693319967677,0.0037767327189638295,4.336070478905858e-05,0.380507595999608,1.0355912401812442e-06,0.24448189030241577,0.007600619174283141,7.039267314788022e-05,0.0013443750899661652,0.22561653880939564,5.511500872167058e-06,5.591348303661759e-05,1.7996020420080575e-06,0.0027536731995450895,8.131463949544103e-08,2.0641174158038676e-05,0.0598044901015244,1.0761041069120633e-05,0.00017530240485339284,0.03186337298949917
3,0.004336715738400687,0.008325099749865842,8.112350409036595e-07,0.0004400528598316016,0.031173794296072737,0.0001838721675702486,0.005088835635397627,4.9766491295217485e-05,0.3465278065181617,9.871067059291826e-07,0.29515408640959456,0.008745324097306367,9.964446090967346e-05,0.001060822951415028,0.20043630781414587,6.547740233981406e-06,7.859410577461643e-05,2.552542847272534e-06,0.0038144180142191237,7.437162785852776e-08,2.690681056838589e-05,0.0675542681276446,1.332741754235676e-05,0.0002023303324547757,0.026677053005373087
4,0.004334819217456064,0.008856885359382788,8.403175787363272e-07,0.00044458291748018336,0.032188273580619375,0.00016243917441438472,0.0053759815286975364,5.0704855323089835e-05,0.3604472186510995,9.967551170724656e-07,0.29550176273924295,0.00883766765420951,0.00011671705974613966,0.0012093778379400862,0.18054803237991418,6.0145852209880395e-06,7.419104099739822e-05,2.7383088385073386e-06,0.003886576549984885,8.073233756977346e-08,3.0044971400063475e-05,0.07224453677674236,1.25877190375992e-05,0.00021060352018350642,0.025456325767035555
5,0.004746158118905151,0.008323587788834507,1.0164394791896497e-06,0.0006250061296883605,0.038434792200840354,0.00021091466613972265,0.0053707861678484155,5.309979530242511e-05,0.38315322702653976,1.2883835055620674e-06,0.2932223784489861,0.007721534723773395,0.00011593276161080704,0.0012431883312988077,0.17245509478319596,6.831292170805926e-06,8.515949983500633e-05,4.275281704532485e-06,0.004289869319481573,9.976244594967976e-08,3.444156003236903e-05,0.05717190700944891,1.97824080774167e-05,0.0002577741337107402,0.02245185396714409
6,0.004336715738400687,0.008325099749865842,8.112350409036595e-07,0.0004400528598316016,0.031173794296072737,0.0001838721675702486,0.005088835635397627,4.9766491295217485e-05,0.3465278065181617,9.871067059291826e-07,0.29515408640959456,0.008745324097306367,9.964446090967346e-05,0.001060822951415028,0.20043630781414587,6.547740233981406e-06,7.859410577461643e-05,2.552542847272534e-06,0.0038144180142191237,7.437162785852776e-08,2.690681056838589e-05,0.0675542681276446,1.332741754235676e-05,0.0002023303324547757,0.026677053005373087
7,0.010543623005902255,0.007293616385505442,8.60012289862994e-07,0.00037296304977506366,0.021733351148689503,0.0001472950459313694,0.006072968187929107,5.969080352771823e-05,0.21338554470992563,6.013581350976172e-07,0.4626334240206917,0.00782100119098106,0.00022143023861435532,0.0005381999175159028,0.14989795414983276,3.946272304343999e-06,6.0516253248702074e-05,2.846930600614745e-06,0.004178975570308955,5.336701413506061e-08,2.5618999485316903e-05,0.10264574740405515,6.099546319614346e-06,0.00011921701932893005,0.012234455412087484
8,0.005835039639649745,0.010088768197479501,1.8876508965369695e-06,0.0005937428000212048,0.03824111172242306,0.000167511949096112,0.0027332776372286267,3.1517745149044705e-05,0.43253686484468185,1.5985932160844714e-06,0.20165885876076498,0.009807278208614732,9.257325618694832e-05,0.001491804681079644,0.20328906248630188,9.199246245020317e-06,0.00011352931940862394,2.045484038436539e-06,0.0018535958515854911,1.0683487035277406e-07,1.9360782987423712e-05,0.04224380198585041,2.469096091934416e-05,0.000558400592657678,0.04860437076864736
9,0.0028182004345678278,0.011934374906434933,1.7330739882521914e-06,0.000564282112303469,0.030620245552296473,0.0001500643438023971,0.0027421722549564294,3.622264447243417e-05,0.5094422972151187,2.735832813149697e-06,0.14301438816459575,0.007538339853112919,8.914894741909827e-05,0.0021647252384245914,0.19402887076386996,1.2163542305951424e-05,9.035777647397777e-05,2.345088653885032e-06,0.0027682176635310156,1.499241809707379e-07,2.4758419805795706e-05,0.03979324489151469,2.2926887368459823e-05,0.0005481232889942452,0.0515899111789947
10,0.004336715738400687,0.008325099749865842,8.112350409036595e-07,0.0004400528598316016,0.031173794296072737,0.0001838721675702486,0.005088835635397627,4.9766491295217485e-05,0.3465278065181617,9.871067059291826e-07,0.29515408640959456,0.008745324097306367,9.964446090967346e-05,0.001060822951415028,0.20043630781414587,6.547740233981406e-06,7.859410577461643e-05,2.552542847272534e-06,0.0038144180142191237,7.437162785852776e-08,2.690681056838589e-05,0.0675542681276446,1.332741754235676e-05,0.0002023303324547757,0.026677053005373087
11,0.004558374312140018,0.008402959528912759,8.221713057068827e-07,0.00045021261556584755,0.03181051391231851,0.00017506836802902228,0.00542159995565776,4.882029959321932e-05,0.3446470059980694,9.421596174861141e-07,0.29755011540070714,0.009114476997829048,0.00011504773557453683,0.0010251571191818192,0.19557604271291715,6.626884578028479e-06,7.80924110570018e-05,2.5906067899520716e-06,0.003944678206943948,7.895864303543142e-08,2.7712542128083736e-05,0.07098074439254405,1.2842801981861639e-05,0.0002198607485352514,0.025829613159379306
12,0.002454354104498076,0.003753696145969033,1.3450146646638918e-06,0.00012968383248081753,0.14314829413148375,0.00012439902873052596,0.0024704330282333343,1.2246510845025035e-05,0.3910022664382807,5.879633572755771e-07,0.30147789620955373,0.006688621184236443,3.451562386755207e-05,0.002142624240320758,0.07460290861371956,2.0990958740984756e-06,8.88523509161456e-05,1.3557482597089734e-06,0.0005237371766697009,1.0766791304156859e-07,3.6236976791159794e-05,0.021871590173096544,2.2719723473330503e-05,0.0004344659008755468,0.04897496311588947
13,0.003578858274651735,0.0068144753330656605,4.854539115674126e-07,0.0002226484796606307,0.027378603438435005,9.320711340286738e-05,0.003841118748967852,5.017404592533744e-05,0.21643809480710852,4.4009866042059314e-07,0.4206495404534213,0.011486623658424013,7.181483031376031e-05,0.0010405112984821002,0.19489081295972663,3.6754667188661865e-06,6.134656587252668e-05,1.3312699657525541e-06,0.0023486970099564778,4.5381419859751106e-08,1.9652540996512803e-05,0.08268657909530171,5.55134663082407e-06,0.00010236148462446877,0.02821335084435577
14,0.0035505656825159174,0.026232312371481138,6.596898424109608e-07,0.000724143464007762,0.09845692006145966,6.213441810053408e-05,0.004356867228546452,3.316942775360935e-05,0.1392511424286597,8.939353123300946e-07,0.5830966923418303,0.004658980777534621,0.0002067682096439999,0.00134816171025149,0.06112404644636002,2.0969317863279657e-06,0.0001338404853729129,5.49476045008442e-06,0.008211279456178316,6.449674100082055e-08,0.00012424580532599444,0.059991918959749445,1.068551242864487e-05,0.0002117885291446964,0.008205126869522792
15,0.004336715738400687,0.008325099749865842,8.112350409036595e-07,0.0004400528598316016,0.031173794296072737,0.0001838721675702486,0.005088835635397627,4.9766491295217485e-05,0.3465278065181617,9.871067059291826e-07,0.29515408640959456,0.008745324097306367,9.964446090967346e-05,0.001060822951415028,0.20043630781414587,6.547740233981406e-06,7.859410577461643e-05,2.552542847272534e-06,0.0038144180142191237,7.437162785852776e-08,2.690681056838589e-05,0.0675542681276446,1.332741754235676e-05,0.0002023303324547757,0.026677053005373087
16,0.004560639454592081,0.008556154093373106,5.393997895678823e-07,0.00032503582877624907,0.02266745327926842,0.00011366168983645598,0.004437693200187073,6.436456355630565e-05,0.2354809802884723,6.206533081777406e-07,0.3652226002784174,0.012417127067499478,8.849709249971854e-05,0.0011101278644674274,0.21570526784928404,5.088089875075424e-06,7.191308486450288e-05,1.954494286272441e-06,0.003281884765189887,4.667566366206026e-08,2.074583453596843e-05,0.09980859933855445,6.595163245818077e-06,0.00010147737952021509,0.02595093257093633
17,0.00565684428273257,0.007805314958266722,9.47450474238234e-07,0.0003351106822863091,0.0500296076564618,0.00012005558858866476,0.006990970799479301,4.384156656053314e-05,0.3313539282354445,5.298326311173281e-07,0.39846796165803416,0.011913162253782625,0.00012678034547733787,0.0014149658980723084,0.09384909435480818,3.712432237441624e-06,8.832779509540195e-05,3.0942712919378682e-06,0.0024218203778493637,7.040656955691763e-08,4.438896407953964e-05,0.06584459095440377,1.3118051472761187e-05,0.00024091906611862487,0.023230842117781175
18,0.002733056378735028,0.008916467463677824,9.32836705348588e-07,0.00023553349446569344,0.026347116040637435,0.00014094923234013917,0.0053553376132439,3.8191756896935076e-05,0.34453036638317164,9.518082185428638e-07,0.23834432485643825,0.013450472068172289,6.976282124940777e-05,0.0016914074668047973,0.22635735081516362,1.0545358631881013e-05,0.00010954856203608877,1.737975074422711e-06,0.0033089619105423624,8.273076522400006e-08,3.4313237332236276e-05,0.05986806338568529,1.5303746134609168e-05,0.00028069503610250713,0.06815852702177445
19,0.0024935652839624027,0.009026756028953585,5.462869980189821e-07,0.0006261882638887023,0.03400896483631758,0.00021292241570841823,0.0044655996619459674,3.842888485224643e-05,0.45078958137237785,1.2024468362202487e-06,0.1713458344965899,0.007864741117521066,8.481813219476826e-05,0.0009425832198538434,0.2246759910996211,6.041493960346419e-06,5.400435336381972e-05,1.6610560676458258e-06,0.003398175618444658,7.471780057360015e-08,1.443206394098755e-05,0.06671451329897271,1.1089798886227486e-05,0.00019379956246707767,0.02302848448847442
20,0.003177858463526657,0.008598050371898128,4.3758848051223977e-07,0.000379566859384249,0.021423366434862375,0.0001553561886289498,0.004176436612863074,5.6239461409765784e-05,0.31070368131377535,9.055126636613328e-07,0.2748804532399121,0.006597703609526102,0.00010128406615927688,0.0009732209146310008,0.23296094111514076,4.258795888650871e-06,4.912643842077479e-05,1.7129769119708075e-06,0.004095379434467397,6.01550503504026e-08,1.865417108358901e-05,0.11237448343696335,6.657148812324809e-06,0.00010101823974920333,0.019163147449790325
21,0.008297392275427688,0.010160923982560731,2.038869444280485e-06,0.0005069757868931693,0.03948073498507344,0.00011833174791326186,0.006413306104363677,6.283319468209885e-05,0.33067517769336174,9.837705985310048e-07,0.3640237116730343,0.018385946368909802,0.00016692982789367843,0.0018907641433838875,0.12328702207635592,1.0332012508085749e-05,0.00013826475387233034,5.103321362321731e-06,0.002975553238723039,1.1298324419847589e-07,4.876256517978751e-05,0.056034542891513654,1.907147972112252e-05,0.00042589931639292134,0.03686928493758635
22,0.008049562330253744,0.00995520583665541,1.4658857527280396e-06,0.0005092002372938379,0.032614698873471334,0.00021213354697739785,0.004669090368939231,9.085453088272699e-05,0.22295165718892015,1.46995779134558e-06,0.4602666979888346,0.007979151043117803,0.00013293818128015488,0.0013281003766828859,0.14470832095385985,7.4628293488234965e-06,0.00017081292919924587,5.778592738933708e-06,0.004512002340884873,9.669255578526562e-08,5.370723901318343e-05,0.08130060909662105,1.9552049170035412e-05,0.00017452291361379912,0.020284908016141186
23,0.004336715738400687,0.008325099749865842,8.112350409036595e-07,0.0004400528598316016,0.031173794296072737,0.0001838721675702486,0.005088835635397627,4.9766491295217485e-05,0.3465278065181617,9.871067059291826e-07,0.29515408640959456,0.008745324097306367,9.964446090967346e-05,0.001060822951415028,0.20043630781414587,6.547740233981406e-06,7.859410577461643e-05,2.552542847272534e-06,0.0038144180142191237,7.437162785852776e-08,2.690681056838589e-05,0.0675542681276446,1.332741754235676e-05,0.0002023303324547757,0.026677053005373087
24,0.0033929350917597384,0.014108087908044416,7.062270978406733e-07,0.0008881091282296247,0.03357213990141657,0.00018437218285418704,0.005284584899599951,6.0801860289723454e-05,0.3444251881989333,1.5347759198933507e-06,0.2517393282120651,0.00802839810056418,0.00011145395264582815,0.0013239355541076563,0.23291803701655375,7.741777282929626e-06,9.890507605259779e-05,3.4476143708198424e-06,0.006528603632288373,8.081907801235905e-08,3.084585801243704e-05,0.0741848310074748,1.669282804331315e-05,0.00019961430532371523,0.022889624071991316
25,0.0051633975276180535,0.004716757430900177,7.308101709041634e-07,0.0003381401376851204,0.04101914727073549,0.00011668619676816281,0.006984434274457666,0.00010566335336120077,0.19086610046102662,4.1612639860844814e-07,0.5758717289718331,0.011688854177769326,9.790626232909765e-05,0.001112702673486849,0.08646568496879854,3.6531732036937864e-06,7.241441729976511e-05,4.767402602544958e-06,0.0024781280913095992,6.830950587589324e-08,4.099019180084969e-05,0.05877781142412394,9.454114141145643e-06,0.00010083965799589646,0.013963522574677598
26,0.0058507381588816226,0.0058962604983208685,1.8204927765024953e-06,0.0005939256927822846,0.05013084552466135,0.0002287369266362417,0.004514823396107341,2.6010062396008224e-05,0.5797268396732064,1.3884691608682107e-06,0.19343682367092763,0.005870903547399426,0.00010842022802232373,0.001187529111148953,0.09882567188424478,6.758680779508128e-06,8.132245035988306e-05,4.967834070895467e-06,0.0024244956014836502,1.2836494352669393e-07,3.4464306519361095e-05,0.026502953212104333,4.043255882995101e-05,0.0006837807028586494,0.023819958951377614
27,0.011244843922555597,0.013167907004452192,6.671226919452925e-06,0.0004485571657877548,0.07414076831778349,5.8459885373107535e-05,0.009837140814590011,5.126776353332375e-05,0.057320667904307315,7.17972633434672e-07,0.7246416184775263,0.014705979726447682,0.00015456875387155503,0.002466290985336509,0.04165756947035623,1.2697220410088674e-05,0.0013583763442219655,1.5829419824065977e-05,0.003734306937685953,1.1289485936140879e-07,0.0005168823953752692,0.012779749387745988,8.276622343893333e-05,0.000533065936565465,0.031063183848398897
28,0.004336715738400687,0.008325099749865842,8.112350409036595e-07,0.0004400528598316016,0.031173794296072737,0.0001838721675702486,0.005088835635397627,4.9766491295217485e-05,0.3465278065181617,9.871067059291826e-07,0.29515408640959456,0.008745324097306367,9.964446090967346e-05,0.001060822951415028,0.20043630781414587,6.547740233981406e-06,7.859410577461643e-05,2.552542847272534e-06,0.0038144180142191237,7.437162785852776e-08,2.690681056838589e-05,0.0675542681276446,1.332741754235676e-05,0.0002023303324547757,0.026677053005373087
29,0.004336715738400687,0.008325099749865842,8.112350409036595e-07,0.0004400528598316016,0.031173794296072737,0.0001838721675702486,0.005088835635397627,4.9766491295217485e-05,0.3465278065181617,9.871067059291826e-07,0.29515408640959456,0.008745324097306367,9.964446090967346e-05,0.001060822951415028,0.20043630781414587,6.547740233981406e-06,7.859410577461643e-05,2.552542847272534e-06,0.0038144180142191237,7.437162785852776e-08,2.690681056838589e-05,0.0675542681276446,1.332741754235676e-05,0.0002023303324547757,0.026677053005373087
30,0.004336715738400687,0.008325099749865842,8.112350409036595e-07,0.0004400528598316016,0.031173794296072737,0.0001838721675702486,0.005088835635397627,4.9766491295217485e-05,0.3465278065181617,9.871067059291826e-07,0.29515408640959456,0.008745324097306367,9.964446090967346e-05,0.001060822951415028,0.20043630781414587,6.547740233981406e-06,7.859410577461643e-05,2.552542847272534e-06,0.0038144180142191237,7.437162785852776e-08,2.690681056838589e-05,0.0675542681276446,1.332741754235676e-05,0.0002023303324547757,0.026677053005373087
31,0.008160836274678942,0.011882542567551642,1.6288906992757277e-06,0.0005432410815540508,0.025482909145424587,0.00020267860625975038,0.005686018483976885,0.00011340853010601758,0.2946833398161448,1.550943873328569e-06,0.35653666678144225,0.011348783730705508,0.0001332990169506732,0.001356108204551756,0.16963193891273742,1.157015345483331e-05,0.00013673542989791804,4.8081406460310175e-06,0.004409392971718028,9.03433633760108e-08,4.058196812450849e-05,0.08058214963683419,1.699871368626234e-05,0.0002044887216452528,0.028828232933972856
32,0.003952043759632692,0.008303595724568397,7.464009483637883e-07,0.00046771826082773576,0.029634835027701752,0.00019241953131601496,0.0052678708240597345,4.939627477859337e-05,0.3374044763021,1.0468919311610078e-06,0.28139297664938273,0.00801289162185671,0.00010214328002031043,0.0009725550959500445,0.22410608679123123,7.1493240711617825e-06,7.904646815020427e-05,2.5750317587678795e-06,0.0047860684101610285,7.556204978270713e-08,2.8263788017846065e-05,0.06926685087387968,1.358401845274933e-05,0.00020052063849418863,0.025755063448659073
33,0.007197443946509051,0.011265469475172043,6.82221191426084e-07,0.0006263004352798779,0.028707177413991796,0.00012717703417927372,0.007939038534115565,8.514110680671402e-05,0.1739822423317134,5.350610937174804e-07,0.472463283388812,0.017185506231468736,0.00018264262597069493,0.0007794525146749236,0.14854185047326607,8.000061578397908e-06,0.00014183516779399377,3.6620381825667396e-06,0.00541624936267765,5.745416076678332e-08,3.585357077518357e-05,0.10717909292968505,9.708473430644052e-06,0.00016747987322839552,0.017954118274242002
34,0.0009508153193338085,0.02330173276502104,8.434794324497669e-07,0.0004411964311832671,0.029042105770229826,0.00021163901512453364,0.003645431472093304,5.315300728976128e-05,0.41702676544544204,2.7875782230934223e-06,0.144965243738271,0.01520452908572676,5.099488271265589e-05,0.003318103128710023,0.20621855214635376,1.4554503563563094e-05,0.00015427544306237652,1.206728917207091e-06,0.00246501350881708,1.3210505240140924e-07,2.2500890463643964e-05,0.06992171168432024,1.769151458095605e-05,0.00026160579596802585,0.08270741456010741
35,0.015227594763501127,0.007009553496190291,9.225658866812725e-07,0.0005324282871112643,0.012443645463612683,0.0002879544904030947,0.006866119361130132,0.00012478762010826637,0.3600942511971515,1.0426691185910966e-06,0.31406825008009437,0.013012289172394277,0.00019301802896032428,0.0005209878730316412,0.11809279040224367,1.18720372753904e-05,7.032216902232231e-05,7.0732752370419395e-06,0.006202024024455972,4.9881357094831036e-08,2.1680506376897762e-05,0.13155796800331662,9.555325938004887e-06,0.0001642262109200411,0.013479593095162697
36,0.0037254592476454918,0.011493278680869082,5.421396715351288e-07,0.0005312898458955734,0.011015070638042636,0.00021145655452442768,0.004445110537681908,0.00010581576690830799,0.3660148853293961,1.7527448904140104e-06,0.17336072337195754,0.010477234776016114,9.602607001155942e-05,0.0011818544609581076,0.24307495028531922,1.1309583226259449e-05,7.915683253683922e-05,2.641994887371276e-06,0.00542869328421632,6.009248840819786e-08,1.4537687927949838e-05,0.14561357115039397,8.376849866216068e-06,9.100503652142044e-05,0.02301519703814716
37,0.009387336348051506,0.0072990393426182396,1.8963190872847842e-06,0.00041611119976582545,0.04728611501116675,0.00012592905105809733,0.007098231315394354,3.6754362854356934e-05,0.4141639751227813,7.682247290720079e-07,0.33132069348839116,0.011969275745642284,0.00018973995593548346,0.0013599205146842379,0.0926925029816275,5.9485015684744075e-06,8.697476812264306e-05,4.727605428290475e-06,0.002558643844383117,1.0033981377236752e-07,4.611244646755317e-05,0.04736532736421482,1.7916743044533955e-05,0.00048261322262043143,0.026083346180548854
38,0.006050662394181318,0.005647961502422048,8.897763467211221e-07,0.0005996917178107137,0.019199319430118954,0.00042359850219867,0.011246538094970608,6.124271505236771e-05,0.32355067704035567,1.2021357936560889e-06,0.24279741575641195,0.007221352792588742,0.00016229003770836314,0.00045908096410071165,0.2842267695926831,1.6023651947305717e-05,9.496387695497272e-05,4.85981535987464e-06,0.010514454160683855,9.66702783036922e-08,3.7437443246471266e-05,0.06843511531178541,2.153918319824514e-05,0.00022901656908691723,0.018997800864715093
39,0.006720778870108572,0.006209361180019468,9.190240299881855e-07,0.0003949743046138241,0.020991586821446872,0.00030629322419961966,0.009974480700656204,0.00013455641065664265,0.22539492020564145,7.626835355595602e-07,0.4015856888194476,0.01587826126917827,0.00012164945037844793,0.0006408588823889794,0.1819473528391429,1.4293330064917757e-05,0.0001258461048681442,3.62157986403835e-06,0.0052141125230420245,7.218854835559196e-08,3.8194829033595476e-05,0.09879587701516444,1.3317477258027853e-05,0.00015176507918910674,0.02534045518752309
40,0.005119178418373593,0.007957801649253167,7.807648952115703e-07,0.0002732572421241686,0.029222810293976824,0.00015817704896875585,0.0043728021639041,4.256326578760213e-05,0.2902627528215397,6.463704565617747e-07,0.33351899035549953,0.011191940791546376,9.071277982143331e-05,0.0009496909546423856,0.2003166523626548,4.777151286391113e-06,7.45773552427038e-05,1.3960858267965982e-06,0.0021656519397884153,5.6125582034320546e-08,1.9225702447776033e-05,0.08365662935641553,8.01651657383955e-06,0.00014705167129408308,0.03044386081209828
41,0.0025715550361352373,0.003348311753934018,3.167432847270713e-07,0.0005870027385565793,0.0373009668637463,0.00022866232736384374,0.0024393576110438436,2.4107073516388755e-05,0.39833178141492537,6.032237238887828e-07,0.16470073437937824,0.004470729548051865,3.389221045724698e-05,0.0003562730957857129,0.3363281275342025,2.7654404781568962e-06,2.3443895169141618e-05,8.718036663563418e-07,0.0018812593293615917,3.364187462171462e-08,4.591223878904254e-06,0.03302075221632713,7.98542565149573e-06,0.00010635339864032633,0.01422952207084646
42,0.003321498748158174,0.008249671601706882,3.344817221382354e-07,0.00035825165658156816,0.01588880486147536,0.00020944587487676595,0.004699681976048237,5.984794854862333e-05,0.25722021279178225,7.989277081612749e-07,0.24598278242142294,0.007558433633469844,0.00010906061640065222,0.0004567134090615011,0.27245661632891705,7.159361772266622e-06,6.06728657745913e-05,1.2176489976598054e-06,0.006164403652252914,4.599679734310414e-08,1.52423274393651e-05,0.15892155147576045,5.03576212948832e-06,9.787540328586108e-05,0.018154640227909892
43,0.0034682906998319747,0.007161686649050278,7.340173369297429e-07,0.0004309141878248301,0.027992063780003563,0.0002504407234392859,0.0044430079987805545,5.301274985060864e-05,0.37971228988809685,1.379264129630549e-06,0.2474568138223051,0.005734138200943357,9.102773683953658e-05,0.0009516757401515658,0.2230417399017946,6.590233457207371e-06,6.352953443780688e-05,2.4770324421052946e-06,0.00444426322379535,8.433500809125881e-08,2.6521455858933784e-05,0.0718648698124435,1.3425192669871527e-05,0.0001746380445915896,0.022614385774916784
44,0.004336715738400687,0.008325099749865842,8.112350409036595e-07,0.0004400528598316016,0.031173794296072737,0.0001838721675702486,0.005088835635397627,4.9766491295217485e-05,0.3465278065181617,9.871067059291826e-07,0.29515408640959456,0.008745324097306367,9.964446090967346e-05,0.001060822951415028,0.20043630781414587,6.547740233981406e-06,7.859410577461643e-05,2.552542847272534e-06,0.0038144180142191237,7.437162785852776e-08,2.690681056838589e-05,0.0675542681276446,1.332741754235676e-05,0.0002023303324547757,0.026677053005373087
45,0.0019330817163062586,0.0027042741096141923,1.8442667044972956e-07,0.0005547385405997932,0.024001305731927,0.0002565194855781807,0.0069086025693692816,3.648202924779657e-05,0.3525678012998246,4.1225267583431196e-07,0.16043732253857906,0.0050245928831761984,6.574251285863571e-05,0.00021638034042152762,0.3761568318913061,4.732604067497169e-06,1.9373331103948925e-05,1.1158137226531511e-06,0.004873460027791807,4.4663187538585725e-08,6.824392420332666e-06,0.05357399526518384,5.86971416899381e-06,8.942638837507163e-05,0.01056088547182337
46,0.0073723431246179175,0.011903055605388894,8.150658082523394e-07,0.0005491477319065984,0.027990067138114666,0.00017407900326820697,0.0051372732600630105,6.413791997343948e-05,0.17317236943950814,6.981653816343878e-07,0.3910588848879873,0.015228791754607838,0.000123337516171105,0.000708017245500926,0.22946720705678023,9.182924533409607e-06,0.00019289318599591797,2.0664032658016817e-06,0.003944146969266782,5.555952209213171e-08,2.47872713410616e-05,0.10558167184384355,1.1968780173219606e-05,0.00017637195627755916,0.027106630190702485
47,0.00752777948013694,0.015391819644414958,7.030635902737352e-07,0.00027914380274926504,0.014704026084400234,0.0001262756992469782,0.004960084945150963,5.6422099797713655e-05,0.25563012875949803,7.063795802408977e-07,0.2862705965898073,0.019338091979920726,0.000165885109445868,0.0006778369654400113,0.19142759015952682,9.920167320595515e-06,9.666851100450172e-05,1.2753272626657172e-06,0.0032611353843530594,4.729866471306262e-08,1.4130379666434078e-05,0.16711450121565535,4.5707259478508e-06,0.00017308939559539902,0.03276757083182299
48,0.005804729174259225,0.037555956726265986,8.96078387136883e-07,0.0011322134929533099,0.019130400975669704,0.0001965727443913022,0.0050928534621619,0.00011913213473618821,0.18429636547191022,2.2595355972495562e-06,0.26327054202299405,0.011393026213995917,0.00014649681898835205,0.0012565168989403647,0.276951456056188,1.4206841243105298e-05,0.0003171729928889131,3.1198406642358274e-06,0.008902929408864939,6.305870646206948e-08,3.328023923969275e-05,0.15966178761653696,1.55513758404487e-05,0.00012790836542192233,0.024574562453154314
49,0.005174667946664612,0.007454281283822475,9.695003965990454e-07,0.0003932828397601876,0.031217784869501372,0.00024655567718568,0.00539606217745244,5.7219677900988134e-05,0.3618685710530566,9.320305682544234e-07,0.31513567599257925,0.01132473650852768,0.00010170811449256389,0.0009863394442902638,0.1602409683229775,6.823361520316986e-06,8.019861716659961e-05,2.557422247457474e-06,0.0026319138338945494,8.165333354576155e-08,2.3643662126265404e-05,0.07064903760015889,1.3371538049996402e-05,0.00020390886870917603,0.026788708003616716
50,0.0038928243380109127,0.008964377220827002,7.974703350823235e-07,0.0004203797836345962,0.02748406212538751,0.00017104622251896238,0.005666036580148486,5.8269365657326826e-05,0.3714198033428979,1.1417205725400215e-06,0.26855894603256875,0.008293633885361213,0.00011186486553677855,0.00119525029775524,0.19505374292130911,6.320867679201182e-06,6.691594536252083e-05,2.488748684545814e-06,0.004367073433753192,7.40299622245874e-08,2.882624165028194e-05,0.07882683348855013,1.074456653668892e-05,0.00016808311390959454,0.025230463391390297
51,0.004043015950885893,0.013302630544126583,6.970289118852084e-07,0.0005702478453922936,0.027331452333006077,0.00015395280034863367,0.004128714669397675,6.398343576036612e-05,0.3139594419209211,1.1778117333689136e-06,0.28611954773962606,0.009484794716670929,0.00010339411518924687,0.0012548335347573982,0.22108400230579656,6.061752875832791e-06,7.786815237308993e-05,2.27827297246089e-06,0.003996057922411249,6.520910395143793e-08,2.15244950621024e-05,0.08959689502259853,9.76227657687348e-06,0.00014567143937154457,0.024541928704130335
52,0.004577447218426699,0.005400744971093199,6.474668694171814e-07,0.0007692598884046627,0.014244716672539756,0.0003136181814748068,0.0027255207496799916,7.113399841625647e-05,0.40380108359256195,2.93818881894408e-06,0.1881428187302188,0.0032420362259685505,0.00011606668301392081,0.000749945733487017,0.2786282614600504,9.171283423434859e-06,4.2111836021005296e-05,6.239937666920428e-06,0.007859117226050833,1.1082210104137025e-07,1.562230104288815e-05,0.07775236805477423,1.3632295729711176e-05,0.00014242093863168795,0.01137296554353389
53,0.0045848167614298135,0.009514564685659789,8.674140432061852e-07,0.0004786698741015423,0.03251624406449555,0.00017659014008148546,0.004255516776175307,5.060148600656775e-05,0.33304657875541427,1.1723380521004835e-06,0.30117460336318597,0.007986847161237057,0.00010488366246825758,0.0011141262707542441,0.20196190951824267,6.591640096942875e-06,8.56054237098242e-05,2.6598493040202886e-06,0.0040714056309621004,7.66854548254166e-08,2.8052318271091162e-05,0.0727399334218705,1.3153039795183925e-05,0.00021068495814974755,0.025873844761037743
54,0.006363964452239089,0.006850909623319132,8.73854433815278e-07,0.0005951147091609453,0.0372330262429395,0.0002361477304529634,0.006234734843835941,5.7762243434070435e-05,0.3003960564982711,8.946891737900517e-07,0.3857865524523739,0.006774890599418028,0.00012976330758665,0.000820273586041231,0.1615322774475584,5.328756730176552e-06,8.90468732722953e-05,4.3815574124305034e-06,0.004907821263926287,7.52934846137061e-08,3.934480749943617e-05,0.0660738348052167,1.7887875699318472e-05,0.00019685782338495648,0.01565217866313511
55,0.004330770980737948,0.011809136678311514,9.300258749570741e-07,0.0004722162921349292,0.025740440534681275,0.00019723548401985052,0.0034069248494584636,6.531371486434062e-05,0.26414426233630206,1.794754166147428e-06,0.3051078689902431,0.005417055654757574,0.00010153105906826025,0.0012943891572251734,0.255874524924519,7.058959550954717e-06,0.00011391403125252385,2.666007729104833e-06,0.0048829667056346435,8.769843243025526e-08,3.320338031984871e-05,0.09197507173088723,1.387761189584056e-05,0.00014370264243971975,0.024863055795493038
56,0.004478812869588302,0.008419375347596526,8.130570155766206e-07,0.0004391127844199716,0.03080000930204585,0.00018076019285682946,0.005256094082790203,5.018751942065465e-05,0.34458971752169615,9.620748573587242e-07,0.2984729135367006,0.009005729664540857,0.00010659002312711057,0.0010502027839481432,0.19619094819514316,6.491811599049926e-06,7.818615039853888e-05,2.5682029308165394e-06,0.003863668916631813,7.52639090160844e-08,2.7325777131742096e-05,0.07056574786168736,1.2965960511073886e-05,0.00020545569062632696,0.026195285408826898
57,0.003537167600462713,0.01215253972983752,7.050499973885275e-07,0.0004100602491613869,0.02750548538985784,0.000144223280231484,0.007141683759613551,5.10097369449236e-05,0.29717194892120674,9.765905009898088e-07,0.288449559018737,0.010849685538742656,0.000143127627002956,0.0009278026500470989,0.21838438074112038,9.91235596142149e-06,9.801520138891168e-05,2.211820437582399e-06,0.008024206220559786,6.883700092003339e-08,4.0971507761937156e-05,0.09338622135668892,9.936664653019984e-06,0.00023252530594266506,0.031325574846140264
58,0.0039250329391608526,0.007866086488716229,8.399334091789172e-07,0.00043863482850480825,0.03619130604928132,0.00017414541149799693,0.005266317084833702,3.7102279734382507e-05,0.3871890186981656,9.368713745060979e-07,0.2677731421495927,0.008544639094109616,0.00010964708447530795,0.0010071992829424961,0.1910667963858187,6.725281395718888e-06,7.232723637287706e-05,2.4000196369341117e-06,0.0037909463257186893,8.701267547567422e-08,2.8301136581324317e-05,0.05777197090858782,1.4723616826525993e-05,0.0002995422158925953,0.028422131664694584
59,0.004055144656263357,0.008362366453512465,9.920823843819664e-07,0.00043017182501642304,0.0372791750342409,0.00018231555588854587,0.005054835755931971,4.022685540107583e-05,0.3912351062373546,1.0916356747126186e-06,0.2698622371148157,0.00852496520791781,0.00010627305868900811,0.0011528740693199791,0.18188355657501135,7.213812397441866e-06,8.15240793786208e-05,2.574482035832734e-06,0.00356900232802241,9.365795214380055e-08,3.1077068282977614e-05,0.05717615619476655,1.5979998161541008e-05,0.0003054077840762084,0.030639638477504075
60,0.004336715738400687,0.008325099749865842,8.112350409036595e-07,0.0004400528598316016,0.031173794296072737,0.0001838721675702486,0.005088835635397627,4.9766491295217485e-05,0.3465278065181617,9.871067059291826e-07,0.29515408640959456,0.008745324097306367,9.964446090967346e-05,0.001060822951415028,0.20043630781414587,6.547740233981406e-06,7.859410577461643e-05,2.552542847272534e-06,0.0038144180142191237,7.437162785852776e-08,2.690681056838589e-05,0.0675542681276446,1.332741754235676e-05,0.0002023303324547757,0.026677053005373087
61,0.004364785098769512,0.007665173216795979,1.0682115535936383e-06,0.0004116861571028953,0.03752470611160458,0.00018206418160294553,0.005040473322367093,4.022361038196424e-05,0.4105150253948008,1.0864160074265266e-06,0.2723811833673967,0.008267825340383636,0.00010771932481708007,0.001158387578705504,0.16502774206283202,6.800213822984495e-06,7.531258592026406e-05,2.7648287900505253e-06,0.0033720245865520217,9.330892925301971e-08,3.1780892890196524e-05,0.054129924650641946,1.6072512628965872e-05,0.00031455422753039837,0.02936152279717229
62,0.004336715738400687,0.008325099749865842,8.112350409036595e-07,0.0004400528598316016,0.031173794296072737,0.0001838721675702486,0.005088835635397627,4.9766491295217485e-05,0.3465278065181617,9.871067059291826e-07,0.29515408640959456,0.008745324097306367,9.964446090967346e-05,0.001060822951415028,0.20043630781414587,6.547740233981406e-06,7.859410577461643e-05,2.552542847272534e-06,0.0038144180142191237,7.437162785852776e-08,2.690681056838589e-05,0.0675542681276446,1.332741754235676e-05,0.0002023303324547757,0.026677053005373087
63,0.004153266189592919,0.010379379500109644,7.929961662545412e-07,0.00046167623164467583,0.02965432351815306,0.0001758128294418723,0.004787337139994298,5.075624081651534e-05,0.3355544180422449,1.098930034440361e-06,0.284542282377847,0.00904959431548968,0.00010298322814812543,0.001109762850727953,0.21242030765197661,7.056191475782728e-06,8.636786807550134e-05,2.374675195236223e-06,0.004099238781079594,7.426770010111998e-08,2.6275797376933993e-05,0.07495503885816437,1.26740253876247e-05,0.00020219204694336634,0.028164915446213502
64,0.004569144976518322,0.009176132141767563,1.0401382409752096e-06,0.0004288641095559975,0.03637837764599736,0.00017381413874785904,0.006061500853203969,5.064426052894664e-05,0.3307264271473124,1.0523653878579597e-06,0.32442652692546636,0.008738280353189506,0.00011987018873437748,0.0012554555562806927,0.17851511575589388,7.136074725891946e-06,9.948173677582396e-05,3.108268774434174e-06,0.0045291924289948,8.73605544880964e-08,4.4665891464554275e-05,0.06584766488822323,1.606015757360035e-05,0.0002452438751122653,0.028585112760974776
65,0.005266338198931923,0.0033679798071563475,3.7423695024325187e-07,0.0007115027187079136,0.03215903469451574,0.00036897485835547854,0.009166212415302716,5.271899455351878e-05,0.1561552530053437,3.998225582649117e-07,0.41966667373699557,0.006969623613924679,7.369487149262225e-05,0.00024068504207366357,0.2974269087079508,7.075998021102756e-06,0.00010893365694602958,3.657114677671994e-06,0.008432424079941964,4.0645892062814624e-08,2.7947354987898684e-05,0.047626169617339315,2.1302978182937604e-05,0.00012055042514212749,0.012025523404055565
66,0.010195373359687452,0.005524169292019819,1.8259972643018525e-06,0.00028997908031321587,0.03526264546579314,0.00010120682456808155,0.007901936845972637,8.6225857782487e-05,0.3213695478297706,7.469810410811124e-07,0.4363875986476042,0.009628227190868702,0.00027364739368982463,0.0011149958663577762,0.08041848596974759,4.639116891219453e-06,4.504910194482207e-05,4.540677729181768e-06,0.002513983256348452,1.0168374620600216e-07,4.1368684806244915e-05,0.07448256529641732,5.358901944486022e-06,0.00016748281692960398,0.01417829786076147
67,0.012540187096771033,0.007489703176947279,1.0836591648791609e-05,0.001094391047489301,0.07506309246718598,0.0003546800611443163,0.007568322588993208,7.640387774156683e-05,0.26622816289041606,3.733808008277036e-06,0.4540820739892903,0.005347653276087234,0.00020913268192333502,0.0034348470533880964,0.1055191469781617,1.675382027537825e-05,0.0005384584392701242,3.010563119706773e-05,0.005487038948745541,4.7354234951650157e-07,0.00039549702960102066,0.019701335235183637,0.00027743289150520807,0.0011158682666951452,0.03341466860998084
68,0.0009807840958813362,0.002002188943444008,1.0934923108510602e-06,0.00016807614862076302,0.03830255926447858,0.00010569920109260924,0.0023060863692242403,7.200263150367967e-06,0.7695437254213602,7.056038618010018e-07,0.07368212619132512,0.005570561073583637,2.829477098333939e-05,0.001982004236713309,0.05884402157072892,2.085892132938713e-06,1.623893229376545e-05,9.854046854512825e-07,0.0003278141077969465,1.0120159661559481e-07,9.063800675629259e-06,0.007594357718643897,1.808231174754933e-05,0.00045162059043783335,0.03805452339323021
69,0.004296300549417371,0.006542694044473125,1.8051169687708104e-06,0.0003956313706546175,0.032804014468718716,0.00022369172163435886,0.006521393563125197,7.034486777010503e-05,0.44368698997060246,1.672037543566888e-06,0.2812311521379768,0.008360596903681275,0.00010826907056880223,0.002085604541449285,0.1312050283592581,8.646569053426935e-06,8.291142863827339e-05,5.745922178741465e-06,0.0037929269885600783,1.4040016441258713e-07,6.310697662062744e-05,0.04515455423891087,2.610558175929025e-05,0.00029835921774048124,0.033032313952531235
70,0.0026266456037312975,0.003275415914105098,4.871671953903478e-07,0.000586472481846778,0.06586301158028023,0.00017305192228898931,0.005275125243979952,2.4941966939185995e-05,0.481677637853026,3.7386398304007915e-07,0.2223980566502578,0.005852459176360357,4.806502925728824e-05,0.0007714228466356534,0.1690551141683794,1.528876786992277e-06,2.6399830338572435e-05,1.3141310194000355e-06,0.0013560451553317951,4.5224811659466884e-08,1.1733877959673559e-05,0.025735699505389474,1.3502588389942912e-05,0.00013860049907688646,0.015086848842629416
71,0.001977447781584124,0.007276571552247598,8.984028664727389e-07,0.00029748706693035436,0.04666482253708065,0.00012393998187347653,0.005649944265418684,3.724320810313773e-05,0.5577838621155745,1.1203154838034567e-06,0.19417761749656737,0.0065274246971176375,7.693178712364968e-05,0.0021234583779163835,0.10683550228185479,4.936522243151017e-06,4.791291701415156e-05,2.871361763379173e-06,0.0026607213144837637,1.10501635018581e-07,4.184032363610079e-05,0.0377193621371676,1.526883075015233e-05,0.0002711499431820253,0.02968155428038192
72,0.0022191018448025302,0.006196872888784352,3.566949948215924e-07,0.0004014472931761375,0.01271581100892209,0.00041014394819221487,0.018553681238229893,6.753392647278057e-05,0.33152529684416343,8.81153783629872e-07,0.13906037420119552,0.008019501588937454,0.00013819562398978627,0.00029836593419811923,0.3539473908635828,1.545644042322363e-05,5.0245909686722174e-05,1.6715277946389153e-06,0.010250152440282035,7.412830731747876e-08,1.7776219429786875e-05,0.10094249792732375,6.486585968324837e-06,8.231066260411404e-05,0.0150783731047544
73,0.0069113468015405514,0.007780521016430602,1.7745257106291648e-06,0.00024637915165649343,0.03103993161054158,0.00012242673490345127,0.0037349739590560953,8.677644137479725e-05,0.22274463204700543,1.1751590005465467e-06,0.5529757535606358,0.007078847754614184,0.00010785484502455493,0.002529868286333827,0.07940710417089518,3.667099779385117e-06,0.00010430041439417228,6.40422050117235e-06,0.0026817961170598928,8.777771165211537e-08,8.456168444425452e-05,0.0609622263750343,1.5342072085500553e-05,0.0001383223036078866,0.021233925870658005
