,0,1,2,3,4,5,6,7,8,9,10,11,12,13,14,15,16,17,18,19,20,21,22,23,24
0,0.00672371011270421,0.000553612703128302,4.688857349002857e-05,5.457092219248254e-07,1.0212247430722014e-06,0.002338047558914573,0.06134676341610725,8.91186966902503e-06,0.6942694480657123,3.843367398838207e-05,0.00041743194167730515,1.0730826336874699e-06,9.168458854568753e-09,6.086853085110253e-05,0.17641544601011241,0.0004237301924709163,3.775109490507301e-09,2.2504158436881986e-07,0.04975845129129662,1.5923649798485875e-07,5.845562073174473e-06,0.00022220353825909618,2.943684073519752e-06,4.3038111637647374e-07,0.007363795656105686
1,0.29276894284973726,0.01762386262934134,1.2838421584901549e-05,9.03403020001806e-06,1.987150234767696e-06,0.00641683159074333,0.2067176913612243,7.978280696593157e-06,0.005841270252768297,5.684114474327352e-05,0.007218735836846155,1.5443495891890506e-05,2.1538229782812088e-08,0.00048221646645154025,0.3145555341452791,0.00034549684217684593,3.0943815879578315e-07,0.00018102559188044428,0.009488260897181728,2.5515797512372084e-07,0.0001354393772271193,0.007656870983048655,0.001055603946552369,1.565030773053497e-05,0.12939185826409577
2,0.008643168958297342,0.0014539841048275904,1.8249124631346395e-05,1.0079231699311653e-06,7.125114120036037e-07,0.002273957549733403,0.07200249070002433,1.0805895199071852e-05,0.3710513111298278,8.339048286798931e-05,0.00029463427133102075,7.917273533264143e-07,5.306017887017726e-09,8.418665902235283e-05,0.43803549597151936,0.0007745927586366965,9.055691314528203e-09,4.095284996245985e-07,0.07449126172024122,1.6675105412650828e-07,1.9045528189436214e-05,0.000703651682993018,1.3207802240487642e-05,5.632273348114232e-07,0.030042899629884504
3,0.00985745072423873,0.001846664758857336,3.0283882517053337e-05,1.5193969710328644e-06,9.950244972477394e-07,0.002491096773026001,0.08427704083627945,1.3364892089221763e-05,0.5143991116730153,0.0001093752376633264,0.0004054223470184716,9.923146249008523e-07,8.172995845699266e-09,0.00010204868677228422,0.27207720347433306,0.0006246641353079766,8.189730776136863e-09,6.273964069761766e-07,0.0816735442445252,2.1327303641057596e-07,2.0342937425265948e-05,0.0005905064536893493,8.91195034598392e-06,7.046733607824773e-07,0.03146789855127187
4,0.009480045041583875,0.0019279535985475132,3.4391337601545864e-05,1.5731231159242854e-06,1.1267567213753372e-06,0.002721532424106115,0.08653060633934491,1.2461092171865567e-05,0.5317619795622384,0.00011077092302722246,0.0004189542797035112,1.0431138964711147e-06,1.0336213052565143e-08,0.00011864775074308203,0.26156272997643226,0.0006142105311443215,7.915992326902349e-09,6.46646654867659e-07,0.07558335988444076,2.3027410103202982e-07,1.8760791193077532e-05,0.0005874566002651081,8.89508680803231e-06,7.275915546750303e-07,0.02850187902239868
5,0.011286462579679662,0.002345616858336723,3.191814185667527e-05,2.2646030677342205e-06,1.1936984469694118e-06,0.0030628552662599904,0.09974026939089313,1.5709266379938908e-05,0.49546685247614025,0.00014581934475570925,0.0005026330857867053,1.0797120467910293e-06,1.0043341000069006e-08,0.00012139242679148363,0.2624506130837267,0.0007003379865558654,9.679813490188471e-09,1.0162466515139604e-06,0.08508999279445827,2.6846663134335945e-07,2.73250502651032e-05,0.0006562804342381477,1.2110714397222913e-05,9.250537165148433e-07,0.038337043595763086
6,0.00985745072423873,0.001846664758857336,3.0283882517053337e-05,1.5193969710328644e-06,9.950244972477394e-07,0.002491096773026001,0.08427704083627945,1.3364892089221763e-05,0.5143991116730153,0.0001093752376633264,0.0004054223470184716,9.923146249008523e-07,8.172995845699266e-09,0.00010204868677228422,0.27207720347433306,0.0006246641353079766,8.189730776136863e-09,6.273964069761766e-07,0.0816735442445252,2.1327303641057596e-07,2.0342937425265948e-05,0.0005905064536893493,8.91195034598392e-06,7.046733607824773e-07,0.03146789855127187
7,0.00956565577343568,0.0025111877366327633,4.263387680548975e-05,1.2301033595345761e-06,6.027974148328307e-07,0.00136825296148366,0.11963125672661618,1.0607190979751077e-05,0.6286404537996644,7.012811712396803e-05,0.0005602210795125974,7.237507994529171e-07,1.790701908414338e-08,6.867210839325888e-05,0.1746269108717978,0.00023608460701335848,6.400898494618606e-09,6.174291436012456e-07,0.0431579529813955,2.56793260207995e-07,8.558323570961598e-06,0.000329810317374674,4.010253765360943e-06,1.1170045127236951e-06,0.019163031088026593
8,0.01424446811947308,0.0021639944135699264,3.393285308280333e-05,2.115730043928392e-06,7.663680929863133e-07,0.0017157287406828346,0.11190298830766225,1.632719161468296e-05,0.4478739917872383,0.00016446656623127912,0.00020192101585905128,7.435325075414632e-07,7.636610894233363e-09,0.00010852606345748384,0.27661605342679196,0.0009737549150093158,9.544349741849881e-09,5.731154482278535e-07,0.07390910572572798,2.367958887732576e-07,2.2658836521163234e-05,0.0005480440412475962,1.2305440918435277e-05,1.1492085265056064e-06,0.06948613062344339
9,0.010055654225285352,0.0022922798268283887,4.970919878599227e-05,1.7214472578672207e-06,6.978640911315213e-07,0.0010383770245894304,0.09113890148678402,1.3040753962412401e-05,0.6271152055477859,0.00011688988238742793,0.00020248217998477335,5.298896283748071e-07,1.1470038289720034e-08,6.998201009621447e-05,0.1726280118438325,0.0003985331328060409,6.791578001559715e-09,4.369520483094875e-07,0.04683993464418173,2.1723928959480704e-07,1.146773046145266e-05,0.0002792303618957916,4.5731981206732875e-06,1.3932227597350346e-06,0.04774071207552046
10,0.00985745072423873,0.001846664758857336,3.0283882517053337e-05,1.5193969710328644e-06,9.950244972477394e-07,0.002491096773026001,0.08427704083627945,1.3364892089221763e-05,0.5143991116730153,0.0001093752376633264,0.0004054223470184716,9.923146249008523e-07,8.172995845699266e-09,0.00010204868677228422,0.27207720347433306,0.0006246641353079766,8.189730776136863e-09,6.273964069761766e-07,0.0816735442445252,2.1327303641057596e-07,2.0342937425265948e-05,0.0005905064536893493,8.91195034598392e-06,7.046733607824773e-07,0.03146789855127187
11,0.010130377846973541,0.0019427942221329389,3.165356575118589e-05,1.5626965494928639e-06,1.0063121555872216e-06,0.002513441384826877,0.08737525730116456,1.3398243135082901e-05,0.5208102326017058,0.00011039404960849671,0.00041942828082617016,1.0260694734400844e-06,9.375456362110166e-09,0.0001057901417044428,0.2657964757900533,0.0006079433023476092,8.485395696531031e-09,6.699155866576351e-07,0.07856611562910247,2.281632571879608e-07,1.9596853717626842e-05,0.0005996324004325216,9.02137014317804e-06,7.515894111242019e-07,0.030943184409088772
12,0.03182455393129092,0.004126796323167565,3.97168126315009e-05,3.5311589074268414e-06,3.30007112768856e-06,0.010103962092897737,0.12668690107589642,1.535453600646895e-05,0.23069767038193903,0.000213611501995856,0.0009301686023171937,4.380671132436077e-06,1.682176102839878e-08,0.00047968002254610497,0.4182088493975235,0.002009740508825885,2.8956264424099953e-08,4.049387841904538e-06,0.11437559505213392,3.9726194529442713e-07,6.578377941612332e-05,0.00299106369910849,6.4564761418408e-05,1.322472788936328e-06,0.05714896071911564
13,0.010688436659154988,0.0010790373686323832,4.1190912539940175e-05,9.422634611909732e-07,9.3583074002015e-07,0.001614333752473415,0.06015062121541167,1.2067189912647123e-05,0.520385250240615,3.4472501377222344e-05,0.0007568693903573702,2.2711730733028503e-06,6.8466174982453106e-09,9.754639574310257e-05,0.3023739315007274,0.0003210658882537508,1.0883752534151929e-08,4.389282627008863e-07,0.08116753167780344,1.660985045732564e-07,1.8519404170439202e-05,0.0006174423164241211,5.4405384699024115e-06,4.433845725838469e-07,0.020631027638948855
14,0.0010005036101351115,0.011152317421233023,1.4185325477343835e-05,1.5182703258935035e-06,1.3856821481464969e-06,0.00271527072453358,0.04269821132796322,8.442945863963643e-06,0.8074936942464064,0.0006235615457822251,0.0003163680008937236,7.300840365279047e-08,1.6341095855765302e-08,3.836356697682497e-05,0.08386718944280899,0.0001268431614240638,1.8562699169846253e-09,7.414845105078258e-07,0.04180468757780621,1.5490311203976476e-07,1.2632301250498163e-05,0.00028184034669512345,1.4826827320031006e-06,9.422239049657424e-07,0.007839572002246805
15,0.00985745072423873,0.001846664758857336,3.0283882517053337e-05,1.5193969710328644e-06,9.950244972477394e-07,0.002491096773026001,0.08427704083627945,1.3364892089221763e-05,0.5143991116730153,0.0001093752376633264,0.0004054223470184716,9.923146249008523e-07,8.172995845699266e-09,0.00010204868677228422,0.27207720347433306,0.0006246641353079766,8.189730776136863e-09,6.273964069761766e-07,0.0816735442445252,2.1327303641057596e-07,2.0342937425265948e-05,0.0005905064536893493,8.91195034598392e-06,7.046733607824773e-07,0.03146789855127187
16,0.011622511590367422,0.0025233648257336778,2.4809457269236516e-05,2.3913555953451673e-06,1.0033952549343548e-06,0.003322340290665074,0.11116939176159939,2.1271923789208317e-05,0.44866505498035086,0.0002401751888717849,0.00047103597658482323,1.159568072327638e-06,7.685484601690729e-09,0.00011303709070262779,0.2728875816102233,0.0010439313317180923,1.1931439613015779e-08,1.3245371764064023e-06,0.10600392399101212,3.088621907496944e-07,4.982737422524102e-05,0.0009535688648347135,1.3856960221263144e-05,9.210639234248408e-07,0.04086718838269385
17,0.017168058884387046,0.0023185125183717466,4.295012363581232e-05,3.4049648388251576e-06,1.4033176582489073e-06,0.003730214939549763,0.1313210971919101,1.678708996782288e-05,0.44579691548513695,0.00014692004747228927,0.0005809452367271886,1.8399062283965193e-06,1.2950675784919e-08,0.00022614813328948103,0.2492581469602307,0.000991321997487673,1.1263044760179582e-08,1.3835755534420366e-06,0.09296493202122201,3.6793530402494375e-07,3.404342568841091e-05,0.0007792437984881811,1.9539192705870996e-05,9.35326050366059e-07,0.05459486371437502
18,0.030368135591955413,0.0030618842142949142,3.906670280141998e-05,2.0205455157370648e-06,8.268039988378366e-07,0.0017030307083585113,0.1247962547043845,1.8774545317051843e-05,0.39171913357931154,0.00013312310920505244,0.00040245908968430586,2.050849904555254e-06,1.1372743805226613e-08,0.00012310115907504543,0.27720340828500994,0.0006821778070985491,2.3719036649237983e-08,1.578933558301592e-06,0.09303810115900624,2.496159978919971e-07,3.0268413415365362e-05,0.00119935453269055,1.2988341953764131e-05,1.6202909959698428e-06,0.07546035592468621
19,0.006520560489920046,0.0014702064062929409,4.2563084513854796e-05,1.261409655670978e-06,1.218595809314249e-06,0.002204981495011048,0.05787939123038121,1.1498039075359026e-05,0.6539790906017833,9.74917981697069e-05,0.00033801670087863867,1.0606938761057757e-06,9.541131625832026e-09,0.00010486306857416772,0.18575063650237364,0.000423201149563152,5.929793113488111e-09,4.401495562688465e-07,0.06880468163204118,2.0188528507417262e-07,1.4020797588438979e-05,0.0005105239212743418,4.141533634729413e-06,5.093917007113095e-07,0.02183942395211629
20,0.007259435410376681,0.0017081791346221017,2.1268972547213332e-05,1.0931221031603361e-06,9.091572926471024e-07,0.0017887407087820194,0.05663421493217955,1.664207001238155e-05,0.4893639622327072,0.000113081767670218,0.0002890908238720445,7.894106649942693e-07,5.388749228672756e-09,7.016564289649814e-05,0.32129629598815973,0.0005210215132107784,1.0183922065289262e-08,4.711258510245106e-07,0.09386433237375669,1.6509856483132975e-07,2.2064914423158885e-05,0.0009290021385979366,7.065321556582756e-06,6.179877603871341e-07,0.02609137457972098
21,0.01834093383922698,0.0017536542948123016,4.987110836225465e-05,2.3511351614378925e-06,1.194807977095808e-06,0.0037960338196136832,0.1517443368848169,1.4593157336631727e-05,0.45597784498647653,0.00013453140523175515,0.0005452080904365456,2.2423547711587135e-06,1.5312068870021994e-08,0.0001816940933783546,0.24734665297165132,0.0012791650557396545,9.968634005770801e-09,1.0497409561209256e-06,0.08010633411610567,3.8731009420387825e-07,2.6434799980215397e-05,0.000581826692918446,1.5703927881157934e-05,9.522074770672996e-07,0.038096977918891724
22,0.013953879278388731,0.0018023157348357004,3.93686693821837e-05,1.8629256912877457e-06,1.1980050166626555e-06,0.003728729387135494,0.10303402350826642,1.7075142271295122e-05,0.4686577632636976,0.00012013634815739118,0.0006822145283955623,1.7373740184688044e-06,8.379229327000949e-09,0.00013169552889831434,0.2877916434565688,0.0009082901374706349,1.261570311803047e-08,1.2042717777198156e-06,0.08670697286985043,3.128193165624928e-07,3.528429484339096e-05,0.0008633875941863439,1.3196224370108129e-05,8.430934216951092e-07,0.03150684454910675
23,0.00985745072423873,0.001846664758857336,3.0283882517053337e-05,1.5193969710328644e-06,9.950244972477394e-07,0.002491096773026001,0.08427704083627945,1.3364892089221763e-05,0.5143991116730153,0.0001093752376633264,0.0004054223470184716,9.923146249008523e-07,8.172995845699266e-09,0.00010204868677228422,0.27207720347433306,0.0006246641353079766,8.189730776136863e-09,6.273964069761766e-07,0.0816735442445252,2.1327303641057596e-07,2.0342937425265948e-05,0.0005905064536893493,8.91195034598392e-06,7.046733607824773e-07,0.03146789855127187
24,0.008847692003223318,0.0028419080435274652,3.376642251515518e-05,2.5600947025975664e-06,1.4731471018842393e-06,0.0036218791392048835,0.09252821739834986,1.3682516407646856e-05,0.5341106043852863,0.0001792762190195263,0.00045502418688563956,1.0633284908989148e-06,1.255499160925657e-08,0.00017510030598374694,0.2266770563345005,0.0007002888432301565,7.2492764549531125e-09,9.415499292229851e-07,0.09294037097332618,2.920335930573524e-07,2.5871525093494195e-05,0.0006839342377344553,1.0660917134225867e-05,6.925193387854675e-07,0.03614762407115304
25,0.01658344497462338,0.0016955601965284507,4.186022026008209e-05,2.4482489410204314e-06,9.421920724403906e-07,0.0019840692652717865,0.15285353197083365,2.5917294615535472e-05,0.4665180765058328,8.760412948118047e-05,0.0008890242415412896,1.9676161961901258e-06,1.2696332357022428e-08,0.00011245071594175306,0.2272718256762913,0.0006210691211936299,1.4072894738410554e-08,1.0922109512629674e-06,0.10263624751810496,4.0191586259139916e-07,2.773070614740009e-05,0.0006457564986699823,1.146796388760564e-05,1.0427265772062821e-06,0.02798644132094732
26,0.024386508001414595,0.002315811967071728,4.720567745872928e-05,1.530841866126692e-06,8.124677435185562e-07,0.00169551325201813,0.11203510702876172,1.8084152260925962e-05,0.5317198134159753,9.468576289284687e-05,0.0004823060978455784,1.3289921227866953e-06,1.3635249063308587e-08,6.80123846857291e-05,0.2304244636638555,0.0004466121326154684,1.875419145613658e-08,1.3137200495707228e-06,0.05727849360619946,2.509387029004192e-07,1.671050181526305e-05,0.0006715192326342722,8.51028511628325e-06,2.103781432409989e-06,0.03828326970602065
27,0.006234677202874001,0.0012713323895936234,1.945667104051773e-05,8.358115884343782e-07,6.006169611237442e-07,0.001835802782933008,0.05283484818583097,1.1358166737272649e-05,0.5627691172817278,9.098243720691903e-05,0.00021843509539649816,5.361540874277161e-07,4.193422964085709e-09,5.397031679680809e-05,0.2822543146882689,0.0004732044164385446,5.824307756265419e-09,3.3792433715622486e-07,0.06442331726939599,1.4529848992473065e-07,1.405993056478029e-05,0.0005458982222151898,5.403071279413607e-06,4.745523253852533e-07,0.026940881496179517
28,0.00985745072423873,0.001846664758857336,3.0283882517053337e-05,1.5193969710328644e-06,9.950244972477394e-07,0.002491096773026001,0.08427704083627945,1.3364892089221763e-05,0.5143991116730153,0.0001093752376633264,0.0004054223470184716,9.923146249008523e-07,8.172995845699266e-09,0.00010204868677228422,0.27207720347433306,0.0006246641353079766,8.189730776136863e-09,6.273964069761766e-07,0.0816735442445252,2.1327303641057596e-07,2.0342937425265948e-05,0.0005905064536893493,8.91195034598392e-06,7.046733607824773e-07,0.03146789855127187
29,0.00985745072423873,0.001846664758857336,3.0283882517053337e-05,1.5193969710328644e-06,9.950244972477394e-07,0.002491096773026001,0.08427704083627945,1.3364892089221763e-05,0.5143991116730153,0.0001093752376633264,0.0004054223470184716,9.923146249008523e-07,8.172995845699266e-09,0.00010204868677228422,0.27207720347433306,0.0006246641353079766,8.189730776136863e-09,6.273964069761766e-07,0.0816735442445252,2.1327303641057596e-07,2.0342937425265948e-05,0.0005905064536893493,8.91195034598392e-06,7.046733607824773e-07,0.03146789855127187
30,0.00985745072423873,0.001846664758857336,3.0283882517053337e-05,1.5193969710328644e-06,9.950244972477394e-07,0.002491096773026001,0.08427704083627945,1.3364892089221763e-05,0.5143991116730153,0.0001093752376633264,0.0004054223470184716,9.923146249008523e-07,8.172995845699266e-09,0.00010204868677228422,0.27207720347433306,0.0006246641353079766,8.189730776136863e-09,6.273964069761766e-07,0.0816735442445252,2.1327303641057596e-07,2.0342937425265948e-05,0.0005905064536893493,8.91195034598392e-06,7.046733607824773e-07,0.03146789855127187
31,0.013643276971034488,0.002805128968616365,4.8927227795917154e-05,2.2789577519619807e-06,1.4387258079048012e-06,0.0017682722564083242,0.09035988589166379,2.18737968200289e-05,0.5624358186887339,0.00017240175267999348,0.00031386672138204074,1.1173523499989887e-06,1.3959530642695314e-08,0.0001185521003513895,0.18489889716415472,0.0006187130703534638,1.1601203067304134e-08,8.689441434340426e-07,0.10057486449627454,2.6930643488711455e-07,2.1500169940299006e-05,0.0006485751634753813,7.181363310869182e-06,1.3443609748171474e-06,0.04153492098880771
32,0.008731331871612225,0.0016885124318024483,2.8072843827209433e-05,1.3536561961882048e-06,9.417070081231505e-07,0.002221967758617682,0.07498898918547994,1.355204607704405e-05,0.52326269714821,0.0001043716277865717,0.00035338910271521596,9.179461277165822e-07,7.303734040190429e-09,9.326123528798135e-05,0.27193267270113736,0.0005995521154826607,7.918236330987983e-09,5.232416729565174e-07,0.08623824262776682,1.9659367231425568e-07,1.944138609615791e-05,0.0005861440731898856,7.841847647346758e-06,6.221620184700725e-07,0.02912538946859726
33,0.014114939171103479,0.0031248214558129385,3.105883435717075e-05,1.7939151047667976e-06,1.5343991609660068e-06,0.003285982234247015,0.095941660694449,1.6700151511627906e-05,0.41579348539707195,0.00014590494289400198,0.0005062154285730518,1.4796337916436466e-06,1.2958552224998288e-08,0.00015849113952168175,0.32431455321604236,0.0008057287853612317,1.4620402691325943e-08,1.084954708940834e-06,0.1101083127588939,2.7765958320584476e-07,2.5570008506879467e-05,0.0013429223586231102,1.4416820779467513e-05,9.516024751727172e-07,0.030262086858471534
34,0.015860638630169056,0.0029406873141314565,3.378316820653495e-05,2.6844808683644257e-06,1.6101741563358597e-06,0.004394077728261232,0.12133284146626486,1.6611385775512366e-05,0.3686928359662271,0.0001654669187611193,0.0007135285768011318,1.767763534888546e-06,1.1928106634044165e-08,0.0001810780154205109,0.34054331725569453,0.001081489390591568,1.4982282405070705e-08,1.4881155389780791e-06,0.10009917616607593,3.347033413963241e-07,3.763330141470894e-05,0.001093894918486738,2.296158511508934e-05,1.07478528202078e-06,0.04278099127949191
35,0.0100938136976198,0.0018402258972851774,2.9884604396420116e-05,1.5389910693262876e-06,9.350352701807729e-07,0.002310350116973981,0.08313417318469007,1.4367255663679324e-05,0.5334005368697079,0.00011367725104685589,0.00038499719505424575,9.780403175170052e-07,8.115255461412677e-09,9.385639019848721e-05,0.25227370266619537,0.000589042399839115,8.406172206348439e-09,6.548579113054922e-07,0.08248598663578613,2.1657545262443496e-07,2.0171692820157497e-05,0.0005935465841409482,8.149366538309491e-06,7.26944563528633e-07,0.03260845122603121
36,0.012103632936515198,0.001088594735199813,3.626822592017495e-05,7.7913752625017e-07,9.274770314433033e-07,0.000693452657178931,0.03653924624250906,1.74202856247007e-05,0.5294532865603007,6.83757442170084e-05,0.00012498577304638223,1.8983676106552917e-06,7.240035315810651e-09,7.841198603492497e-05,0.24028369224309878,0.0004948940655656872,1.6250112522140787e-08,2.0939669442135787e-07,0.14073344569439608,1.224702332310683e-07,1.2695108837690465e-05,0.0007795231157581439,3.2242528162802084e-06,4.955798072259716e-07,0.03748439445392933
37,0.04603241244827077,0.0027949705408554615,7.10378864769877e-05,1.9480439873175758e-06,1.1155058869492126e-06,0.0022669808724338583,0.18454336080911557,1.5322545425159837e-05,0.39009462745172113,7.631142977529984e-05,0.0007015529879414485,3.0787179405110553e-06,1.7618714059815235e-08,0.00021131802769875561,0.23922624625948033,0.0007329544582357197,1.756930947394479e-08,1.6686392127174676e-06,0.08578329740770085,3.0246043766253304e-07,2.200995893405678e-05,0.0008545304984794177,1.2884426843797669e-05,1.6230512884227345e-06,0.04655041038383414
38,0.012051184784345149,0.0011845505890624908,2.1779524889199023e-05,9.499775526646227e-07,6.354952627826943e-07,0.004579014431372683,0.14749251030755192,8.515521772309902e-06,0.33516583310320086,7.675237970910681e-05,0.0005697508768699627,1.0813926412718898e-06,5.572655359484726e-09,0.00011057301647051094,0.413907457770644,0.0012725677796866838,5.996995542451669e-09,6.480162347316396e-07,0.06209196118408737,2.196000831253288e-07,2.1749742169647256e-05,0.0005699233651251223,1.8915452635301352e-05,5.557032051422558e-07,0.020852858415776967
39,0.008322838920234232,0.0008311317930895787,3.087731657767582e-05,1.8788541291653074e-06,1.3605538453548625e-06,0.0034047823284599505,0.06572298774683469,2.324391151036293e-05,0.49952001293621995,0.00014820227964298572,0.0003560264619678792,1.561711119103167e-06,4.560940578308154e-09,9.970260362240831e-05,0.26244753160231804,0.0014634206572807127,9.042668692370067e-09,5.713633913671717e-07,0.12389536005495455,2.632870951661924e-07,4.438723670209819e-05,0.0005568531497283528,1.1460137270177044e-05,5.075009562362126e-07,0.0331150239894407
40,0.010102807415565669,0.0018555417359399837,3.0607772913748764e-05,1.480027306705453e-06,9.938248130828244e-07,0.002489854858014852,0.08407794930461504,1.3211935296467717e-05,0.5111945891560686,0.00010679864473483879,0.00040726272992402317,1.0181786741664682e-06,8.11300228800571e-09,0.00010358792557622653,0.2752146156017308,0.0006207892728140708,8.315549886489277e-09,6.320429744995935e-07,0.08170851714266766,2.1083825128565623e-07,2.0332180035572507e-05,0.0006102872636553768,8.877508726789949e-06,7.01983946710441e-07,0.0314293162272015
41,0.001139734161116063,0.0005227958174952581,2.069229273013826e-05,2.996678208235173e-07,5.902191563382332e-07,0.001079565270888208,0.014677613890574603,3.5407152578169535e-06,0.7918066645356466,4.971490245776196e-05,5.766534242843631e-05,1.206216507500554e-07,2.0414210828534017e-09,2.9993912432743614e-05,0.1537498255017469,0.00020489600940072272,8.869666529398205e-10,4.1986486651187216e-08,0.02628997041944615,4.540405327323047e-08,3.990603838188708e-06,0.00010027168380650953,8.446214299442644e-07,1.5979277175699162e-07,0.010260959698976637
42,0.005868932171478484,0.0010531072201096078,1.5417486653861687e-05,6.869724759926321e-07,6.214990617704703e-07,0.0013566046497084242,0.04936755973688566,2.0880651650006098e-05,0.418084128400771,0.0001019171452746261,0.00019762130141125333,7.079008170139358e-07,2.5916370359070367e-09,4.8222940836554396e-05,0.36974755207704446,0.0008591527445878381,1.0208293570170129e-08,2.4600362951842846e-07,0.13280923124989583,1.595589671502784e-07,2.5008304251628125e-05,0.0010426343987706822,6.42779208490664e-06,3.8460056403903956e-07,0.019392782393139258
43,0.004729566500203267,0.0013504890376306047,1.5053426143486461e-05,1.333333890583995e-06,1.1341508722006602e-06,0.0031114084974521207,0.04741493402436774,1.907117948196786e-05,0.5095915526151562,0.0002126697983676207,0.0002608989591109627,5.862349879745902e-07,3.6795485776166367e-09,5.8981231321794215e-05,0.30260174037061954,0.0008932192327642001,7.940013306330355e-09,4.886995733609362e-07,0.1046315261519034,1.6573243632745016e-07,3.5133864489146274e-05,0.0007475286915930515,8.727416098019907e-06,5.099349373086863e-07,0.024313269297036963
44,0.00985745072423873,0.001846664758857336,3.0283882517053337e-05,1.5193969710328644e-06,9.950244972477394e-07,0.002491096773026001,0.08427704083627945,1.3364892089221763e-05,0.5143991116730153,0.0001093752376633264,0.0004054223470184716,9.923146249008523e-07,8.172995845699266e-09,0.00010204868677228422,0.27207720347433306,0.0006246641353079766,8.189730776136863e-09,6.273964069761766e-07,0.0816735442445252,2.1327303641057596e-07,2.0342937425265948e-05,0.0005905064536893493,8.91195034598392e-06,7.046733607824773e-07,0.03146789855127187
45,0.006252987808377699,0.000980350553592078,2.628909582824562e-05,7.114727883373212e-07,7.899499028883146e-07,0.0014901051079855873,0.06881865826610142,1.2635011730567481e-05,0.5584637773820881,6.80687919051516e-05,0.00024730152250587067,6.413491036748005e-07,7.040122042897336e-09,5.7136317701093274e-05,0.2749485852816851,0.0005238994150792358,5.505101648823677e-09,2.0012601155709642e-07,0.0735749906927109,1.50426193536196e-07,8.878217811258511e-06,0.0003910230446955282,4.721599550754212e-06,5.429443382826796e-07,0.014127543077089393
46,0.03244688038799512,0.0026446745252823394,3.458545530991103e-05,1.96947943913824e-06,1.147774597909704e-06,0.001420980896476642,0.0748953635211647,3.392657731046444e-05,0.35015834752041475,0.00011073954207305811,0.0005353060150082209,3.1197914215320196e-06,1.2830181565843356e-08,7.924333463314656e-05,0.36608985904129265,0.0006458908305457304,7.164434269687648e-08,1.5533617764768288e-06,0.11643415944550797,2.893459603049574e-07,3.764159682224307e-05,0.001818184364188378,1.5247552777277456e-05,2.029688523825649e-06,0.05258877547695379
47,0.007916154755155117,0.0017826437868148335,2.8719641023575303e-05,1.5845872646254741e-06,1.0469541585950282e-06,0.002557728063551763,0.07885181883595918,1.2645895417619496e-05,0.5353461113898197,0.0001127255097550404,0.0003925104904356354,8.163890247916686e-07,7.886019358349583e-09,0.00010023926745598451,0.26301117338153374,0.0005913833593813709,6.842176687455859e-09,5.540784351468618e-07,0.07915756307505933,2.0163427355085928e-07,1.946028925352819e-05,0.0004997687078588021,8.563677046158267e-06,6.472125156652761e-07,0.02960592429061047
48,0.012326837390133438,0.0035343268128715946,1.4192084764339777e-05,1.188992578136929e-06,7.611672206426936e-07,0.001026150181820628,0.08537547651564499,2.711746972937624e-05,0.33401321609263435,0.00016981329329192235,0.00020914779705517796,7.807691930539063e-07,9.866558523879025e-09,7.201190735738564e-05,0.3509121071626131,0.0006770772966827569,2.4077060687874792e-08,5.463122842313114e-07,0.18164629200240576,1.9470492752536212e-07,2.0566409011756822e-05,0.0016533080630485994,1.0259030446747084e-05,1.0367023383593173e-06,0.02830755789832682
49,0.010500739310050777,0.0016352298573059799,3.74623522545408e-05,1.4834432628573624e-06,1.3851600053945655e-06,0.003942380745377066,0.07574982064274435,1.2835949391231262e-05,0.5153145022654134,0.00010557798921921056,0.0005338757648951975,1.7692331498445982e-06,9.289894383892804e-09,0.00014131758039853326,0.2802846085461193,0.0007454297857789189,9.199607330446427e-09,8.167688765453604e-07,0.08330179273119613,2.636140260843279e-07,2.366352716624083e-05,0.0008707561116830896,1.009266928794748e-05,5.758156653048455e-07,0.026783601647230176
50,0.009516742787775194,0.0018361187517016919,2.9820612510090214e-05,1.5052323388093031e-06,9.768815691856038e-07,0.002424625693638029,0.08564073015194724,1.348596075328209e-05,0.5199015157183446,0.00011335535511806634,0.00037927914216207107,9.360268546921968e-07,8.119642180972686e-09,0.00010185561894121091,0.2645791790318317,0.0006342760945555409,7.7666000749753e-09,5.947031867992373e-07,0.08330494903710457,2.1212801078567834e-07,1.968707876596928e-05,0.0005829669897619341,8.605065783026751e-06,6.895021718668537e-07,0.03090787654893145
51,0.011405158206342225,0.002439596084954581,3.133522974810061e-05,2.0752284120291407e-06,9.794722141273284e-07,0.002851246404423597,0.11388353024544601,1.6342209235634973e-05,0.5233955860505206,0.00014216488729015345,0.0005613731035887854,1.1196284845366013e-06,1.0045263316738843e-08,0.00012045157851401373,0.22803329551813742,0.000542204852116834,8.774570808133873e-09,1.1897145457709069e-06,0.08413101970346841,2.774070021362606e-07,2.7055770052156173e-05,0.0007963883773978942,9.473564144305024e-06,8.334719224276731e-07,0.03160728447220421
52,0.009462403991284557,0.0018136265753249054,3.0646330614541865e-05,1.444698384100833e-06,1.0283210225896133e-06,0.0018311014042494875,0.07410304612667044,1.4376425396973134e-05,0.5040945629880046,0.00010356750465666225,0.0003306668553986742,9.825188250402882e-07,7.467261786464952e-09,9.859521873269881e-05,0.275366961512095,0.0006022694549401978,8.767926693793837e-09,4.5537320950612397e-07,0.09776969305397525,1.8170218859017374e-07,1.9830990266716475e-05,0.000564358716047872,7.577345949512972e-06,6.653095189695807e-07,0.033781941348054706
53,0.010612637931227327,0.0024308180433708694,3.8370397983457354e-05,1.8183377174156219e-06,3.1943804483186234e-06,0.0022028124980951586,0.030909891639755976,2.0643919349709244e-05,0.5412633705956934,0.00016418286850185205,0.00028983109892491074,2.0310080454467772e-06,9.252633606428648e-09,0.00014782348197157455,0.20476399857138025,0.000484057413624665,1.5013289587266097e-08,7.028703155724594e-07,0.16854750953335754,1.3328611128067877e-07,3.3054018746964104e-05,0.0010414405140655053,4.734884527460404e-06,6.337234136649704e-07,0.037036284717448534
54,0.00902532219098979,0.0015686588133981129,3.109398763944446e-05,1.836497509537459e-06,1.6697969913583331e-06,0.0030197522016277957,0.06141853371142679,2.1535131015978468e-05,0.5402300515846854,0.00010339855117027981,0.0007632987832479665,1.3349385607155504e-06,7.995961814188009e-09,8.176678538568338e-05,0.26334690782473175,0.00048486754899163117,1.3591361150567127e-08,9.99564127286432e-07,0.09740832558724585,2.2232394286463154e-07,3.071883914611413e-05,0.0007134604019767433,9.442713535671743e-06,8.415082071304613e-07,0.02173593912712302
55,0.00826212043585295,0.0018400895620950361,2.3782860727510174e-05,1.4620955763692634e-06,1.1892872439275673e-06,0.0031251185454090483,0.0824088807013777,1.3766725217380143e-05,0.41048526694323256,0.00012626033713671137,0.0003943945325001016,8.442531966194961e-07,6.031969520800825e-09,0.00011878403236468456,0.36614607992560866,0.0009375378679956788,8.56665668063197e-09,5.462199370144161e-07,0.09740320274874964,1.9679062447744914e-07,2.6930651455094386e-05,0.0007606631435128411,1.3719935275270315e-05,6.186588941518452e-07,0.027908529147390535
56,0.009656572530883268,0.0019347870195278575,3.1902191203463646e-05,1.53135853514834e-06,1.016810183527008e-06,0.002422162515220531,0.08445805180485062,1.3304117601036741e-05,0.5296732437618339,0.00010905131369890212,0.00041010198200261514,9.93018374657579e-07,9.589848725911227e-09,0.0001021142824038918,0.2625772428418532,0.0005827575711228793,8.410310976782053e-09,6.377837490753863e-07,0.0778002635931098,2.2430255763949738e-07,1.888498691649092e-05,0.0005752211448597895,8.520860024937852e-06,7.536662474309561e-07,0.029620642543079494
57,0.0062468487616977675,0.0010632261437060106,3.6931522278341556e-05,1.0145768515520099e-06,1.4103823643052796e-06,0.0013857226827668097,0.03165806273650041,1.7852067613871063e-05,0.6119636911998414,0.00010526679309766036,0.00019804652798707692,1.5346313529140958e-06,6.343781583467778e-09,8.316799013379539e-05,0.19569838564974898,0.0005284178380185787,1.0628256737019365e-08,2.8658304270088e-07,0.1263841323626516,1.5198021818367593e-07,2.0045887503923358e-05,0.0006867733043507915,3.164128998799416e-06,3.9360640420007926e-07,0.02391545567083172
58,0.010959518949038821,0.002046960256565934,3.1944190997113156e-05,1.521168891849489e-06,9.899536058301725e-07,0.0022872182619153325,0.08949826398949629,1.4304108015549676e-05,0.5049598099872707,0.0001122327958409872,0.0004156249072727719,1.0033393556118089e-06,9.133478690645479e-09,9.616208401271504e-05,0.27733460184151326,0.0006031669905262476,9.790107425906383e-09,6.999287386895247e-07,0.07883557504863686,2.186598497391962e-07,2.046141125751188e-05,0.0006297984096511774,9.263437180770568e-06,8.905040359945282e-07,0.032139750852743884
59,0.011688389356171036,0.00195849289189518,3.761785402130737e-05,1.5434370021344759e-06,9.979700091791724e-07,0.0021886618384705965,0.092738107552017,1.4441314599133416e-05,0.5196310616060976,0.0001066267377898489,0.0004195116530042154,1.040153099062203e-06,9.412700966583366e-09,9.57233522042149e-05,0.2639144822063773,0.0006028787385477784,9.719699940168788e-09,7.150728474958182e-07,0.0729499933948328,2.275683301637055e-07,1.9957625488404522e-05,0.000573199688810602,8.70631152300249e-06,9.87622265971624e-07,0.03304661692219506
60,0.00985745072423873,0.001846664758857336,3.0283882517053337e-05,1.5193969710328644e-06,9.950244972477394e-07,0.002491096773026001,0.08427704083627945,1.3364892089221763e-05,0.5143991116730153,0.0001093752376633264,0.0004054223470184716,9.923146249008523e-07,8.172995845699266e-09,0.00010204868677228422,0.27207720347433306,0.0006246641353079766,8.189730776136863e-09,6.273964069761766e-07,0.0816735442445252,2.1327303641057596e-07,2.0342937425265948e-05,0.0005905064536893493,8.91195034598392e-06,7.046733607824773e-07,0.03146789855127187
61,0.010583918113092365,0.0018771655151335305,3.8535538950582326e-05,1.469930686667644e-06,1.026368095500502e-06,0.002190135859758018,0.08496047135779135,1.333944880106656e-05,0.5340004383066441,9.841790618723657e-05,0.00042451707634252243,1.076643109358611e-06,9.084052775901454e-09,9.997731078466444e-05,0.2591999219727736,0.0005659294822486816,8.894600078462537e-09,6.35528423197555e-07,0.07392149174155575,2.184711284924707e-07,1.9218268215753655e-05,0.0005519327339976498,7.792983887962565e-06,8.372601282925414e-07,0.03144151420361068
62,0.00985745072423873,0.001846664758857336,3.0283882517053337e-05,1.5193969710328644e-06,9.950244972477394e-07,0.002491096773026001,0.08427704083627945,1.3364892089221763e-05,0.5143991116730153,0.0001093752376633264,0.0004054223470184716,9.923146249008523e-07,8.172995845699266e-09,0.00010204868677228422,0.27207720347433306,0.0006246641353079766,8.189730776136863e-09,6.273964069761766e-07,0.0816735442445252,2.1327303641057596e-07,2.0342937425265948e-05,0.0005905064536893493,8.91195034598392e-06,7.046733607824773e-07,0.03146789855127187
63,0.009674975659977197,0.0020796002997829958,2.9413305220761552e-05,1.4442064325132602e-06,9.133054265453184e-07,0.0022828273222797327,0.08412026034444549,1.2856801892539628e-05,0.5200116961622255,0.00010733182468888815,0.00040120573014404827,8.987546314752246e-07,8.646147643379258e-09,9.504991185242522e-05,0.2726945889040899,0.0005453953780063033,8.284873859742113e-09,6.330062838111003e-07,0.07631554743581516,2.108253229631428e-07,1.8909787102729376e-05,0.00059385268652268,8.256832078824621e-06,7.5189989645065e-07,0.03100336268485954
64,0.009757240475844758,0.0018408057518313735,2.812923196371495e-05,1.6454508777542673e-06,1.0756705612020984e-06,0.0025366287523282995,0.07768379704743437,1.5578184032322644e-05,0.4792025773381509,0.00012043684124189865,0.00044547432081818984,1.0949503311780165e-06,6.707019513913013e-09,9.837748083086427e-05,0.3004049421805275,0.0006826743509618164,9.82193804629099e-09,7.105824295452957e-07,0.09222215396969598,2.032414793671216e-07,3.067730428350544e-05,0.0006403131673158276,9.985888796151677e-06,7.328822666493167e-07,0.034274728407039205
65,0.015142904942374438,0.001337735005415539,5.045829976417523e-05,8.13022193808346e-06,1.1808829327680446e-05,0.048127541214053604,0.07498778104191883,1.6972056740227225e-05,0.2660714092778318,0.0004078982261550553,0.0014932108039820491,1.2760625333863443e-05,9.467964331807916e-09,0.0011813990504413463,0.321930085643083,0.006006646526089165,1.4610213238368376e-08,5.0853366976098034e-06,0.2032903899014215,4.807194824555187e-07,0.00027428138346121723,0.0018014439701809243,8.371388773083298e-05,3.722568487100517e-07,0.0577574667015502
66,0.003608799830487463,0.0007227344579338214,2.904506962848864e-05,1.1037902095936599e-06,8.056713056159189e-07,0.0016334892593186242,0.056599298170182,1.494478230035886e-05,0.7308209825963308,0.00014929479540018626,0.00012321888379538488,6.619953421522317e-07,8.55022992966913e-09,7.467741137883668e-05,0.09329896943814771,0.0007256912974300272,2.7859203027203575e-09,1.7957572000041431e-07,0.09800215884859104,2.411068109301207e-07,8.810983904686119e-06,0.00026985310225018875,2.4541290914476663e-06,2.583148527567788e-07,0.013912315153437892
67,0.01236233148667061,0.0015723155860807223,4.1003674684723515e-05,2.368170458087828e-06,1.2778242231551207e-06,0.008012611656421876,0.15017030163016143,6.7439930525849245e-06,0.29078505597124293,9.19329450855271e-05,0.0007176832739866137,1.997930011268523e-06,1.1097250589203823e-08,0.00032073512103725476,0.4327199830960518,0.0020481573090339236,7.13574953522489e-09,9.945245526368062e-07,0.05643143029031441,4.3554197617790023e-07,2.8779632364636702e-05,0.000586377531407567,4.614789511959445e-05,5.851401102974886e-07,0.044050731542952165
68,0.03050384512623781,0.0030374607752427134,2.0656029747884576e-05,3.382069448259511e-06,7.43080279694993e-07,0.010455612548267062,0.16660598328238654,1.1528262706215008e-05,0.24131737770557982,0.00012541900819791821,0.002125777077189713,2.7968958516286972e-06,9.146124573039315e-09,0.00012912144427845986,0.43108552589879756,0.0010414380152381651,2.302277456153903e-08,7.657318024946082e-06,0.042162770943821565,5.353557584607583e-07,7.243027516951564e-05,0.0013595572791903364,7.294969909929837e-05,1.4631777931726082e-06,0.06985593656279405
69,0.008560389532689488,0.0017710516349800632,3.520550250096721e-05,2.023754633018056e-06,7.372141674094894e-07,0.0016507736247683175,0.0885680007344336,1.656278453680348e-05,0.5674039671583366,0.00013739551013072887,0.0002882581325882206,7.458954851453233e-07,8.503557482849843e-09,7.39849702498512e-05,0.21343164598615666,0.0006555316110542069,7.994395601660746e-09,5.662006885608596e-07,0.07160274950597771,2.867929480728463e-07,2.0151719919535062e-05,0.00036611022774383356,7.3826097463199725e-06,9.181308057240262e-07,0.045405544267505905
70,0.020358076611465464,0.0015806298523445457,0.00013236258692067137,2.811080863013023e-06,2.086786620007541e-06,0.007126325287485716,0.14891187739895617,6.737302404577746e-06,0.46408401585021447,0.00010519590369646644,0.000580435436870543,4.06452959864516e-06,1.5598871338284536e-08,0.0006591594175048546,0.23727341410448943,0.0018278302561750054,6.197842071354177e-09,1.0842162534239206e-06,0.05374162150661688,4.257062987778424e-07,2.805105883161685e-05,0.0006047138541996615,1.831614001995032e-05,6.434407891770396e-07,0.06295009987466758
71,0.03338345737171525,0.0011553092263653054,2.9406077158991794e-05,2.1109126967446956e-06,3.579697214599318e-07,0.00216584528281306,0.3372202067995704,2.170964858026294e-05,0.22999619128886029,6.233661461727356e-05,0.000936383157339574,2.127701322165132e-06,9.738629988805115e-09,9.140339584148866e-05,0.29124868591604675,0.0014804991597594794,1.8034015278333193e-08,1.7555072044925258e-06,0.0694520805494345,6.074377251414448e-07,3.091128680018745e-05,0.0006056839404360204,3.556990458474841e-05,1.4758421126845583e-06,0.032075857236648624
72,0.01744701502395302,0.003477878404729926,1.576424163887907e-05,2.387164279072083e-06,8.735844274267514e-07,0.0021931190037520823,0.1660234736105726,4.2005350544771306e-05,0.32986646088242866,0.00021975185781461753,0.0008563737175295428,1.1425045449793734e-06,1.1666591438839182e-08,6.141838382979454e-05,0.30837959770328605,0.0007273291096776713,3.155513592271445e-08,2.444961861875526e-06,0.14450144762061853,3.41405367223574e-07,5.098872633317228e-05,0.0013814781090567049,1.877947200503023e-05,2.1262088581905708e-06,0.02472775973116279
