,0,1,2,3,4,5,6,7,8,9,10,11,12,13,14,15,16,17,18,19,20,21,22,23,24
0,0.02036469774116684,0.00196200694428002,6.304470107193214e-07,7.065643559525597e-08,0.00046823492837186375,5.996647644164615e-07,0.00030192296482105225,1.593724310670522e-06,0.8754290509024909,0.0015026837751055209,0.00012869988443840397,1.675429917912453e-08,5.901079176406119e-08,6.912696709518956e-05,0.002751805750634369,1.3044725929030083e-06,1.0249135175837939e-06,2.9339844614470165e-07,0.0023891044542107592,2.6385953563872456e-07,1.4685920356342411e-06,0.01387414964333759,8.382063662107569e-05,0.00013545924810434143,0.08053191066558188
1,0.025691089576598308,0.002684301248006582,8.245733435366584e-07,9.609627453668015e-08,0.0006315635873582562,6.421478467022467e-07,0.00038054236035977505,1.5119260398631566e-06,0.7867791423935037,0.0014672139741452716,0.00024446158322535236,3.0192518708419794e-08,7.426775107150931e-08,0.00014292814161109585,0.004317931962278544,1.1472514611601926e-06,1.5650448320939606e-06,5.270634606714659e-07,0.0024126438208576695,2.9246103978546437e-07,2.4090509957814944e-06,0.02297176653553178,0.0001368270116147632,0.00017661519179638325,0.15195385253754864
2,0.016076840927732,0.00146945658866821,4.5963946296707653e-07,4.94381410659096e-08,0.0004157731400979416,3.3134468778054606e-07,0.00022282559863419108,1.190232898232242e-06,0.8789025244811425,0.0011497727810787664,8.256030373045756e-05,9.507467863258125e-09,3.447604506394268e-08,5.894144269143916e-05,0.0020628904978500823,6.744218452619499e-07,6.428541169208017e-07,2.1329256104925983e-07,0.0015719866550664668,2.1025087194096986e-07,9.288646785097456e-07,0.012745541336413284,6.798385815240915e-05,0.00011109024257505287,0.08505706782339077
3,0.019280423021904365,0.0019600331700486387,5.582726150782886e-07,6.887777303687297e-08,0.00046826372506047863,4.5033766424584665e-07,0.0002644535229241052,1.3459566287633985e-06,0.8773236458978411,0.001240839316066364,0.00013358097223946993,1.5257347196330746e-08,5.3262197322416855e-08,6.97022776658922e-05,0.0025336891809139544,1.0051170383492506e-06,9.922886387153933e-07,2.6929017416012204e-07,0.0018676808065102226,1.9271170511308356e-07,1.2704693940685693e-06,0.01307879272201407,7.8371268863414e-05,0.0001262923862756898,0.08156800989049605
4,0.018648858122874812,0.0021172241892765792,5.82398558084865e-07,7.659958307576553e-08,0.0004967352959046323,4.6479724338161543e-07,0.00027389776896198214,1.3844736250476411e-06,0.8795790636788252,0.001203970264418587,0.00015061927948745258,1.824570933664062e-08,6.790870757306915e-08,7.772213474462339e-05,0.0023680282984503793,1.0627036344420045e-06,1.1273594290969811e-06,2.986246173310567e-07,0.0018385390083446712,1.9522423083783294e-07,1.278492850138658e-06,0.01309110808002115,7.995330350688831e-05,0.00012311995608480446,0.07994460379090976
5,0.02346232141615496,0.0015755137293364911,5.798915576069775e-07,8.370074047726155e-08,0.00043453277802200566,3.9046279345524197e-07,0.00025178963396955853,1.3444123791591915e-06,0.8616662000521602,0.0013768247922163745,0.0001293709339432387,1.5793860625488767e-08,5.031541287642428e-08,7.617722962752259e-05,0.0020464943019736226,1.006887137939638e-06,1.0872347425975855e-06,4.1135886229707415e-07,0.0015042089688699764,2.2914548449221067e-07,1.287815973900819e-06,0.012179113713162841,8.440264284254497e-05,0.00016436900432351627,0.09504219378445145
6,0.019280423021904365,0.0019600331700486387,5.582726150782886e-07,6.887777303687297e-08,0.00046826372506047863,4.5033766424584665e-07,0.0002644535229241052,1.3459566287633985e-06,0.8773236458978411,0.001240839316066364,0.00013358097223946993,1.5257347196330746e-08,5.3262197322416855e-08,6.97022776658922e-05,0.0025336891809139544,1.0051170383492506e-06,9.922886387153933e-07,2.6929017416012204e-07,0.0018676808065102226,1.9271170511308356e-07,1.2704693940685693e-06,0.01307879272201407,7.8371268863414e-05,0.0001262923862756898,0.08156800989049605
7,0.03163163358940523,0.0033629187563130975,1.1311953178042592e-06,9.08879539505085e-08,0.0006029519502123049,5.38210181238807e-07,0.0002941560514267435,2.0902174441818195e-06,0.8923148843728017,0.0011640133007158194,0.0002521236091230614,2.2167336479193604e-08,1.354747554262383e-07,6.026660972301442e-05,0.0028243889638210444,1.1795891722388006e-06,1.369836847735518e-06,2.9417440838430705e-07,0.003071116586213786,1.7278161632477046e-07,1.322910583663828e-06,0.012660595233129781,6.126400434475e-05,0.00015263300348304835,0.05153870652366923
8,0.016493225903133,0.0011111098725865903,4.7160794361438707e-07,6.828021823442742e-08,0.0003545939378035713,2.4984280860313933e-07,0.00017067831745267825,6.76146336355121e-07,0.8613918517924523,0.0014243612203158793,9.975668935377378e-05,6.074274975893969e-09,2.0686546496728972e-08,7.88926401919519e-05,0.0022047744160951233,4.876190530911347e-07,5.825270963424663e-07,2.407654650666228e-07,0.0007290892453054742,1.5680609639277655e-07,9.329135782019214e-07,0.011237641297371103,6.577756920910818e-05,0.0002610741811356066,0.10437327964817654
9,0.01952919651431356,0.0011986982940767822,7.409317190322669e-07,8.944022589893426e-08,0.0003859689689736246,3.689307928080136e-07,0.00016801285526221624,1.2301343967449652e-06,0.893254480935379,0.0016348377417593559,0.00012987129757495805,8.443567784699075e-09,3.9158843945015535e-08,7.55224458459642e-05,0.0023016312913813415,7.627415192190213e-07,8.993829075377915e-07,2.42738267924346e-07,0.0013271696964640757,2.2780665488017423e-07,1.147251832453268e-06,0.013611905673845872,7.628611907963013e-05,0.00025878264899859785,0.06604187855631669
10,0.019280423021904365,0.0019600331700486387,5.582726150782886e-07,6.887777303687297e-08,0.00046826372506047863,4.5033766424584665e-07,0.0002644535229241052,1.3459566287633985e-06,0.8773236458978411,0.001240839316066364,0.00013358097223946993,1.5257347196330746e-08,5.3262197322416855e-08,6.97022776658922e-05,0.0025336891809139544,1.0051170383492506e-06,9.922886387153933e-07,2.6929017416012204e-07,0.0018676808065102226,1.9271170511308356e-07,1.2704693940685693e-06,0.01307879272201407,7.8371268863414e-05,0.0001262923862756898,0.08156800989049605
11,0.01939813097624487,0.0020234991598290326,5.800549696288866e-07,7.284334873791277e-08,0.00047088497091498803,4.6254287272591264e-07,0.00027381282211725515,1.4913551878869333e-06,0.881670107930965,0.0012170726638933988,0.00013681612154604826,1.6647617834366537e-08,6.19780387636673e-08,6.907747152240783e-05,0.0024582819208765995,1.0806679813777783e-06,1.0814062297819867e-06,2.778939581746e-07,0.001961253713365994,1.9629411592593697e-07,1.244850615146613e-06,0.013050596571424707,7.78124126479172e-05,0.00012192553047787445,0.07706416119923794
12,0.016730365377578653,0.0025747161896846373,4.949434917579309e-07,7.014413187992187e-08,0.0008648408452909563,5.658088146234065e-07,0.00029268736160964975,7.498529984244626e-07,0.8072800692868513,0.0010023748370829484,0.00013568550003360724,2.2476761881381258e-08,4.715880807042955e-08,0.00011944007088684714,0.002349965907239106,9.393937482377454e-07,7.79412233706492e-07,4.4077182460211003e-07,0.0013778852067998417,2.4012352042631625e-07,1.513300889710902e-06,0.008839475091685593,0.0001110988667154663,0.00010587119017756802,0.15820966088114058
13,0.023879130974854952,0.0029980214074272625,9.111006393086572e-07,1.3248514684309394e-07,0.0008503063475131613,5.550656146845794e-07,0.0002960521625010772,1.4984695092628612e-06,0.8757046782587637,0.0011073730999787694,0.0004901413803960659,2.7497621635031305e-08,1.1855978967564868e-07,0.00011741953247624358,0.004789670770187216,1.3193666552648444e-06,1.4254078515746965e-06,3.2307575511950424e-07,0.0024322664540569715,1.7944718530964434e-07,2.1634853976316113e-06,0.014916532909311855,0.00013058254019527164,0.00021375716037382747,0.07206541304079724
14,0.04881964427829927,0.018164155487393502,1.4508916071149238e-06,8.028903280039113e-08,0.002050260613800245,2.4583148907893397e-06,0.0004564390048588241,1.7486192164803171e-06,0.8003116894163431,0.0012173188131626301,0.0005997685520395692,1.4061296758116964e-07,3.2543786735677523e-07,0.00015730434231593112,0.004616404125508825,2.6270061952980685e-06,1.9007648790005568e-06,5.308624664112059e-07,0.012557385699780637,2.5854155545183306e-07,4.669482450571568e-06,0.01492003829390376,0.00012788628123431482,8.768527438469938e-05,0.09589782899384582
15,0.019280423021904365,0.0019600331700486387,5.582726150782886e-07,6.887777303687297e-08,0.00046826372506047863,4.5033766424584665e-07,0.0002644535229241052,1.3459566287633985e-06,0.8773236458978411,0.001240839316066364,0.00013358097223946993,1.5257347196330746e-08,5.3262197322416855e-08,6.97022776658922e-05,0.0025336891809139544,1.0051170383492506e-06,9.922886387153933e-07,2.6929017416012204e-07,0.0018676808065102226,1.9271170511308356e-07,1.2704693940685693e-06,0.01307879272201407,7.8371268863414e-05,0.0001262923862756898,0.08156800989049605
16,0.027059088032220895,0.0022270361344748782,6.492548779433025e-07,9.320041542281306e-08,0.0005696074010088526,4.871838653071981e-07,0.0003618653173432042,1.2678735169509089e-06,0.7599590405543365,0.0022539023400394128,0.00017416044162746154,3.2168941491511904e-08,5.2807031826867565e-08,0.00013582670955378587,0.0027331901515408336,1.2046814075343006e-06,1.3446959531424403e-06,7.542315627436626e-07,0.0019199017452506415,3.189188651470941e-07,3.2036896234158314e-06,0.02061264978275117,0.0001064043971300677,0.000166715465163238,0.18171120282149822
17,0.028720933056986208,0.002391941291767712,5.660928289901515e-07,7.860554219594441e-08,0.000560608703241196,3.876336564207307e-07,0.0003150830465011806,1.679263391065832e-06,0.7751715308410169,0.0012752157609412507,0.00016219940363844192,4.394610939423397e-08,8.918935579274189e-08,0.00012937333452104553,0.0017502667296396255,1.1429638630274547e-06,1.6960972149104886e-06,8.439513689000328e-07,0.0022620625096799935,3.1686504422298224e-07,1.9932626040691957e-06,0.01933175239416324,0.00012932351710304808,0.00010548493704126764,0.16768538660277996
18,0.02082066699983967,0.0019200340590139438,3.33636930657481e-07,4.7993201718951785e-08,0.00028438561685682615,3.5694287714272344e-07,0.0002887706630006146,1.1281160731717268e-06,0.7756111403580491,0.0013510227749204073,9.300853428186781e-05,2.5371042203430503e-08,4.983735404271248e-08,9.794844968784614e-05,0.00143185285792406,8.08340566641e-07,1.4792661287129757e-06,5.843733877235333e-07,0.0014624287530545705,2.3190562570470081e-07,1.3219535778051798e-06,0.0193950065582873,9.138561405756149e-05,9.036009569058951e-05,0.17705562092857005
19,0.019146093833732964,0.0021643032426805803,6.750014249282488e-07,8.009424861516534e-08,0.0006133948126249878,4.0677925189228884e-07,0.00028805324990408866,1.7553036961570198e-06,0.8879323481419227,0.0011483137118207805,0.00014547309442350387,2.0837359090991755e-08,7.596824110123499e-08,7.043753421697979e-05,0.0024025310806721064,1.149080287968696e-06,1.0515858121717652e-06,3.00454012131215e-07,0.002171443410039711,2.0381775436351625e-07,1.2600482509106827e-06,0.01381595962356698,6.864717058374092e-05,0.00010729011120429631,0.06991873201226727
20,0.016686992398645132,0.00208661307852717,7.936948802774424e-07,9.080203495773506e-08,0.0005151102244930879,5.806586722735029e-07,0.0003888011883087841,2.0813933285968986e-06,0.8668633409773681,0.001453971394623554,0.00018651383041023192,1.4187621091148975e-08,5.630269682640473e-08,7.665797472337705e-05,0.006077681004099237,1.096084851711205e-06,1.059251761837085e-06,1.9386554214990017e-07,0.002560016436020942,2.213696343757394e-07,2.076560451488441e-06,0.023230284072144378,0.0001009652184264022,0.00016342952112204798,0.07960135850961209
21,0.027432125523439165,0.0024409570812973683,6.038906896621972e-07,8.003086312876794e-08,0.0006720868792710969,4.122026165277169e-07,0.00022520831009464898,1.1599162627661496e-06,0.8530452419117881,0.0016968317172838946,0.00017487824052517609,2.3394131140673676e-08,5.7860334201712145e-08,8.934959589911486e-05,0.0020607666589103784,1.1949349893926745e-06,9.977695952412688e-07,4.4025233069971806e-07,0.0019832062877817424,2.1173760662370555e-07,1.949059913863936e-06,0.01183547701264043,7.930554682687955e-05,0.00014686391564879117,0.09811057026925984
22,0.027117758333090367,0.001878015275340887,8.811379187330234e-07,1.1355451913436348e-07,0.00047573763591844226,5.239235234414059e-07,0.0002679287623318817,1.699227108625302e-06,0.8580890830065423,0.002019977714006837,0.00020264349952963363,1.9624377794685357e-08,6.325331241823441e-08,9.410990408925121e-05,0.003085574297436543,1.2658299991629468e-06,1.5692752204661121e-06,4.196995265517901e-07,0.0020249887727811894,2.586351077532264e-07,2.1208313964770808e-06,0.018571542924868102,9.237346815575642e-05,0.00021951142407448972,0.08585181998982366
23,0.019280423021904365,0.0019600331700486387,5.582726150782886e-07,6.887777303687297e-08,0.00046826372506047863,4.5033766424584665e-07,0.0002644535229241052,1.3459566287633985e-06,0.8773236458978411,0.001240839316066364,0.00013358097223946993,1.5257347196330746e-08,5.3262197322416855e-08,6.97022776658922e-05,0.0025336891809139544,1.0051170383492506e-06,9.922886387153933e-07,2.6929017416012204e-07,0.0018676808065102226,1.9271170511308356e-07,1.2704693940685693e-06,0.01307879272201407,7.8371268863414e-05,0.0001262923862756898,0.08156800989049605
24,0.017425452725789495,0.002014002603878501,5.583016454853202e-07,9.542491863363106e-08,0.0007100629173873904,4.2291888397412135e-07,0.00024274730025171184,1.278980809407181e-06,0.8872744152339079,0.0010895609906295073,0.00015764914860264283,2.128078538866139e-08,7.307445180941276e-08,9.438230402901013e-05,0.0019519770901081036,1.2312008776242388e-06,1.0129600270479612e-06,3.488860602752667e-07,0.0016037387524082843,1.9881160613932982e-07,1.2330995461176698e-06,0.010160701551792958,8.6455147091372e-05,0.00011870479228633209,0.07706367450222466
25,0.02957750206569197,0.0019787033774182803,8.353382787801231e-07,1.351014903377525e-07,0.0006159576683194795,4.0780208980046217e-07,0.0003454081245847257,2.6161763030455993e-06,0.8748181831667512,0.0013471578924157813,0.0002586261022910091,2.3892962002702917e-08,1.015497915091619e-07,7.818901446778798e-05,0.003218379949243256,1.5064175832034019e-06,1.4898883198605198e-06,4.1780515467896e-07,0.0025970011276799858,2.2748167078144924e-07,2.020277446621647e-06,0.01522341743860631,0.00010739280303744038,0.00016118396132284234,0.06966311557707953
26,0.020151742296812457,0.0010640616556558276,3.818591505490614e-07,5.877647799569447e-08,0.00028157088143649056,2.5683701831777944e-07,0.00013955165316453712,1.0461425846757997e-06,0.9219438108626068,0.0007679268369875282,8.39079678059216e-05,6.248628761805636e-09,3.293260833335473e-08,3.352283439687884e-05,0.0013236986216089287,6.829180312116332e-07,7.252768976231229e-07,1.8055985774245345e-07,0.0009352259967238977,1.2425453615304462e-07,5.350889876493838e-07,0.005743744870930786,6.121009856817254e-05,0.00015577887332508762,0.04731021565519794
27,0.19355992267040453,0.011750151467494582,4.616708231401778e-06,5.32729149154667e-07,0.0029483744146276197,2.025966418198977e-06,0.0006088897202635167,5.819876505377399e-06,0.6403388524759109,0.0020034579535170164,0.001046539912376436,3.156071134520426e-07,7.502902925362979e-07,0.0002476033652508501,0.002959431085395921,5.977011513605607e-06,5.2623533532297444e-06,4.11909906065918e-06,0.011885204299116695,4.53981088507447e-07,1.354964127374636e-05,0.011638518598840275,0.0002442510226526305,0.0001928976399979174,0.12053248211015144
28,0.019280423021904365,0.0019600331700486387,5.582726150782886e-07,6.887777303687297e-08,0.00046826372506047863,4.5033766424584665e-07,0.0002644535229241052,1.3459566287633985e-06,0.8773236458978411,0.001240839316066364,0.00013358097223946993,1.5257347196330746e-08,5.3262197322416855e-08,6.97022776658922e-05,0.0025336891809139544,1.0051170383492506e-06,9.922886387153933e-07,2.6929017416012204e-07,0.0018676808065102226,1.9271170511308356e-07,1.2704693940685693e-06,0.01307879272201407,7.8371268863414e-05,0.0001262923862756898,0.08156800989049605
29,0.019280423021904365,0.0019600331700486387,5.582726150782886e-07,6.887777303687297e-08,0.00046826372506047863,4.5033766424584665e-07,0.0002644535229241052,1.3459566287633985e-06,0.8773236458978411,0.001240839316066364,0.00013358097223946993,1.5257347196330746e-08,5.3262197322416855e-08,6.97022776658922e-05,0.0025336891809139544,1.0051170383492506e-06,9.922886387153933e-07,2.6929017416012204e-07,0.0018676808065102226,1.9271170511308356e-07,1.2704693940685693e-06,0.01307879272201407,7.8371268863414e-05,0.0001262923862756898,0.08156800989049605
30,0.019280423021904365,0.0019600331700486387,5.582726150782886e-07,6.887777303687297e-08,0.00046826372506047863,4.5033766424584665e-07,0.0002644535229241052,1.3459566287633985e-06,0.8773236458978411,0.001240839316066364,0.00013358097223946993,1.5257347196330746e-08,5.3262197322416855e-08,6.97022776658922e-05,0.0025336891809139544,1.0051170383492506e-06,9.922886387153933e-07,2.6929017416012204e-07,0.0018676808065102226,1.9271170511308356e-07,1.2704693940685693e-06,0.01307879272201407,7.8371268863414e-05,0.0001262923862756898,0.08156800989049605
31,0.035529302932390684,0.002033514362250733,7.395851045429793e-07,6.62732684215224e-08,0.0005253112455905416,3.2295087856227357e-07,0.0002705055752172158,2.2464974687117064e-06,0.8391770974882055,0.0012667372750477645,0.00011684103866311676,2.0493058872777126e-08,7.053461426696622e-08,6.059954788772053e-05,0.0018286954899081318,1.0293477564611686e-06,1.0761695482063413e-06,4.676900952451145e-07,0.002956169424499596,2.6488490098338933e-07,1.3501423711542126e-06,0.014059468897741095,8.140513802291689e-05,0.0001104384500115012,0.10197625856549812
32,0.020131310163200185,0.0020726637221911556,6.074337673415063e-07,6.806586593747991e-08,0.0004914285898063429,4.851213639352692e-07,0.0002830771130026122,1.5462747336296968e-06,0.873220553264637,0.0012770636054055603,0.00013777001657191035,1.649409800524134e-08,5.8206539899604525e-08,7.007182544633315e-05,0.0027663812095835207,1.078071174324938e-06,1.0214712825880963e-06,2.695896611678656e-07,0.002289969579063979,2.1320412517310705e-07,1.3742213807718102e-06,0.014606134480676117,8.256076667033496e-05,0.00012257120324964574,0.0824417063065025
33,0.018474695892407533,0.0019512990369384769,5.195130836896231e-07,6.602695478670253e-08,0.00039355531531882435,4.3625128477621824e-07,0.00027550237814636807,1.5635249908031483e-06,0.8845080796282758,0.0012060743745012233,0.00012485786295745357,1.8327143600511868e-08,6.92868965282557e-08,7.053477849944687e-05,0.0020462610584738006,1.0762782267960782e-06,1.2712190084442037e-06,2.910512018366349e-07,0.0019400323602754182,1.944886037973354e-07,1.0748447632365476e-06,0.01514154669127672,7.086657994064348e-05,0.00010500169508858578,0.07368511153574124
34,0.0052652970434697455,0.001508205046392561,5.551081772368132e-07,1.1000758875556472e-06,0.00033853026912255673,1.1457829535537584e-05,0.0035517487719491114,2.6205534168230784e-06,0.7073612131178909,0.0048831768031307515,0.0001025595931215559,1.5087141237679394e-07,8.41243311345027e-08,0.0006011474553422489,0.006746954592085595,1.874841021737695e-05,2.1871504240020162e-05,3.858462114800712e-06,0.0003049055227287122,9.858831958639538e-07,7.722216324436783e-06,0.022513121639551357,0.0002708678411191748,0.00011327592638446929,0.24636984133885823
35,0.04788501490427716,0.0011364863974112568,2.7245940646241785e-07,3.175885612734043e-08,0.00014370553077712965,1.0008568358081968e-07,0.00014119061059433133,2.084292143741942e-06,0.8908936114057969,0.0009542386038810605,3.802358745285478e-05,1.1326831245532268e-08,4.026146411521645e-08,1.611552039682294e-05,0.00040107700164326236,6.394638524356028e-07,1.0252067254389088e-06,4.0947507835523855e-07,0.0013881227367946918,1.0360127099025045e-07,4.378987471701353e-07,0.007001121602550936,2.464525676043692e-05,5.913319990869228e-05,0.04991235781169438
36,0.010026509783475562,0.0014553405963235995,2.4589365308272897e-07,3.551132289105103e-08,0.0001656397013838107,3.09676735522785e-07,0.0002717525430812712,2.1742573971621026e-06,0.9151461057937156,0.0007129508189319202,4.7516161615644076e-05,1.860554978313928e-08,6.775642344200248e-08,4.202993524159301e-05,0.0011412647255517872,9.311184560043396e-07,1.822025824746961e-06,1.8400007843174751e-07,0.0015397858291960173,1.3651376289083655e-07,4.4459065713545877e-07,0.020498027551790393,4.398153798033187e-05,3.592479686659758e-05,0.0488668002749849
37,0.03679377678099841,0.0016344262257125702,8.946951156483683e-07,1.1819393087956361e-07,0.0005197135473131965,3.7107488721909084e-07,0.00022743635077343403,1.3956401657971306e-06,0.8479277591062137,0.001687310655574896,0.00021428612804149361,1.660484875806617e-08,5.838796570405735e-08,9.036925306923452e-05,0.0024455376853038295,1.070894304397862e-06,1.215696137426453e-06,5.356505913895509e-07,0.0016982544660063465,2.418901780378842e-07,1.6282091197587245e-06,0.012360265331418638,9.341701377386438e-05,0.0003073674121947697,0.09399253310636077
38,0.023862847777784125,0.0028522900463664883,7.422279547268389e-07,8.733927105146996e-08,0.0005624803968834992,1.0509573448256621e-06,0.0005138197181042285,2.387673333133557e-06,0.8551733356616004,0.00156490714590089,0.00020521764524650743,2.6389996860903587e-08,9.562160991358691e-08,7.949086442818132e-05,0.0049628782922540495,2.3379727435320763e-06,1.5395728279006284e-06,3.2162863032767587e-07,0.0041281484086251145,2.9786618118962566e-07,2.2933279731270963e-06,0.017586051204576986,0.0001309430777582339,0.00012714821282949502,0.08823926096977511
39,0.021885823792465876,0.0020630928584142913,5.954705101861887e-07,8.570023752409349e-08,0.0004781888413934748,6.339259103229243e-07,0.00041572719649434663,2.2567807667052223e-06,0.8285241853971552,0.0014162096943192142,0.0001298125273103383,2.3951074876402416e-08,6.583269532103264e-08,7.794564828345857e-05,0.0032925018511059147,1.5466474499726314e-06,1.4732718108280166e-06,3.903677576633911e-07,0.002704742179866739,2.9482167522298394e-07,2.1359933454152065e-06,0.01826605527154593,0.00012899548006581817,0.00010941027729533583,0.12049780622104979
40,0.020212392049041236,0.004136721013946532,1.1795395665213685e-06,6.610786525412296e-08,0.001080574388342338,8.141210943823609e-07,0.0003443296324711705,1.3736772236326372e-06,0.8145740781441899,0.00149243886137299,0.00019327824709562563,3.0985631124026e-08,7.284246030712221e-08,0.00013451837173509453,0.004743603178046017,1.0345320652590576e-06,9.62064564003809e-07,3.358245285188457e-07,0.0037355824965145446,3.145041063071212e-07,2.19368754018788e-06,0.024309857433090457,8.489843843758366e-05,0.000123669985615893,0.12482567987345504
41,0.0054081395390222576,0.0014017361870233144,1.9064840846458047e-07,2.970801664102764e-08,0.0003282049707536022,1.9295426581283974e-07,8.01081232893158e-05,4.0398139532850847e-07,0.9685276154998129,0.00041107004884553583,3.817949791461184e-05,3.1442292822978615e-09,2.14671424325454e-08,2.0961149199605644e-05,0.0007089170393843721,3.7155212998899075e-07,3.0844020941006034e-07,4.425650453689587e-08,0.0003864932511397644,3.725179789184632e-08,1.790847245768662e-07,0.0022910550087739566,1.7579480859632242e-05,4.4826924352133885e-05,0.020333330790804658
42,0.018760028836229178,0.0022737281793352953,8.170252737991149e-07,5.161030215354444e-08,0.0003853608281702363,4.750468194454457e-07,0.0003142135946745657,3.713441154817688e-06,0.870502855804788,0.0015889775930911108,0.00011455818837329557,2.0964067423415243e-08,7.503299045339095e-08,5.170388571277972e-05,0.0036780600263738943,1.1264883825088169e-06,1.359151873777843e-06,1.6560230164505586e-07,0.00569364158222366,2.657385203104484e-07,1.8342792854331914e-06,0.04069464059873972,6.399781171645682e-05,8.177994164864669e-05,0.05578654874795119
43,0.022342653733660227,0.0025495740585810547,5.990357198260341e-07,7.75728497169811e-08,0.0006004063667972217,4.6823122456562324e-07,0.000305831747326755,1.3642488869552269e-06,0.8563251183877872,0.0009744115486082396,0.0001860464878101171,2.3653593311746572e-08,7.281688879344281e-08,8.555595742954477e-05,0.002865778084544962,1.117114193740157e-06,1.1838166765125427e-06,3.5446165018810915e-07,0.002084587126039284,1.7792091766157647e-07,1.3908822873069786e-06,0.01264362963795877,9.674155343056636e-05,0.00012070852221856433,0.09881212703291892
44,0.019280423021904365,0.0019600331700486387,5.582726150782886e-07,6.887777303687297e-08,0.00046826372506047863,4.5033766424584665e-07,0.0002644535229241052,1.3459566287633985e-06,0.8773236458978411,0.001240839316066364,0.00013358097223946993,1.5257347196330746e-08,5.3262197322416855e-08,6.97022776658922e-05,0.0025336891809139544,1.0051170383492506e-06,9.922886387153933e-07,2.6929017416012204e-07,0.0018676808065102226,1.9271170511308356e-07,1.2704693940685693e-06,0.01307879272201407,7.8371268863414e-05,0.0001262923862756898,0.08156800989049605
45,0.014824250599826132,0.0016671807811745154,6.975349665787696e-07,9.037277719514163e-08,0.00042498681089382423,7.171092741315112e-07,0.000453142333676099,2.666149854216067e-06,0.9091917765316098,0.0012319780044653123,0.0001328014388021671,1.0404759514279198e-08,5.932549180106112e-08,4.73088932836741e-05,0.005736934690237353,1.5984481244695022e-06,9.818595770971687e-07,1.4431761428800842e-07,0.002598173313542762,2.1313944385955454e-07,1.2949465461561568e-06,0.014583493313948964,8.250930736406448e-05,0.00013272642921573766,0.04888426394353028
46,0.022169841909835557,0.0018620938840613456,6.079514010099983e-07,8.622367916344712e-08,0.0003761731731018112,5.315355897057481e-07,0.00026563447335426095,1.7602758275044733e-06,0.8841655422921482,0.0013257376364854746,0.0001456832695430874,1.8045583305113438e-08,6.532790145967517e-08,6.715715559704115e-05,0.002515601777989821,1.2684608428412338e-06,1.5165753568359243e-06,3.1046936638147683e-07,0.0019222301021193252,2.0586331034978123e-07,1.3782530143726547e-06,0.01428285644986583,8.69565308096167e-05,0.00014480495966456974,0.07066193740355128
47,0.017716774985278277,0.0018112916786080645,6.106336288711999e-07,9.029507089831422e-08,0.0005674587716613937,4.957628075624725e-07,0.00026211670235848594,1.2355644138229129e-06,0.885652598949289,0.0012095826047173843,0.00016215573473028007,1.3215373113909182e-08,5.254005197653908e-08,7.93868293283165e-05,0.0029510743189116143,1.0823005924221502e-06,9.12997325190634e-07,2.5526405307979946e-07,0.001618850649737066,1.9130616479636078e-07,1.3489526852684077e-06,0.010853613062105765,9.33442166342058e-05,0.00015524195835597227,0.07686022070611714
48,0.025447409760660664,0.0032585911606851227,6.612308770692995e-07,6.745128492556341e-08,0.0002563170936439347,1.12342444223452e-06,0.00043626321009251006,5.323965286100425e-06,0.9140122366499341,0.0009707358795378204,0.00011832047503052519,2.5455445160345598e-08,1.687388502475145e-07,3.033156665348893e-05,0.0027290404612717923,2.3430998221515326e-06,2.7634282637624286e-06,1.73225555268298e-07,0.0058999164487619936,1.8044881828510455e-07,1.2338633059687718e-06,0.014656033686317897,7.310659622970169e-05,5.762004103439279e-05,0.03204001263819486
49,0.01847777710108811,0.002578384503952072,8.483625321855266e-07,7.411012157651264e-08,0.0005243138918752236,7.458400796580064e-07,0.0003307401823482828,1.5870114707034364e-06,0.8448743749747718,0.0016928445140727895,0.00015602649108920042,2.7480139431335997e-08,7.230456157387409e-08,0.0001065554521254364,0.0032955382153407866,1.187471931994711e-06,1.4727105164598086e-06,3.7002090144634095e-07,0.002630713796130337,3.183848011918997e-07,1.8802505606813595e-06,0.024377208477913744,8.361239731129309e-05,0.00013264116293111914,0.10073068489143276
50,0.018689621570119646,0.0017380866564932237,4.810821905746872e-07,5.5892434379115994e-08,0.0004093255695694896,3.629958240832262e-07,0.00028795087560270127,1.3586848606139085e-06,0.8684443039506425,0.001367330877297065,0.00010206164559189011,1.2455861107759764e-08,4.414862047252398e-08,6.139764044193563e-05,0.0022998417036150806,8.825411766190575e-07,8.10085626945716e-07,2.562591350750066e-07,0.0018787484694259048,1.9537218657118978e-07,1.1590030462050782e-06,0.014088101706700301,6.664768023816467e-05,0.00011045552971794049,0.09045050760358163
51,0.01005878899219768,0.0014736117926517855,3.827003300461077e-07,6.222129882282451e-08,0.0003215585053527947,1.9176900776888426e-07,0.0001070951261129747,7.514867785665915e-07,0.958422025353213,0.000780823266706621,9.504479044855231e-05,6.106844151062016e-09,3.893903250297308e-08,3.451858694187365e-05,0.0011690898811647374,4.934978858526213e-07,6.480377954613698e-07,8.828236794208806e-08,0.0005760876342127041,5.18106143624912e-08,4.2137594498470787e-07,0.00584740185450401,2.062623969071113e-05,0.00010268351361170465,0.020987508235290296
52,0.017856456458591886,0.0022829101513432183,5.0861762545463e-07,5.823286612410766e-08,0.0004915984614437488,4.457203125261783e-07,0.0002807059150090894,1.3286849309428854e-06,0.8688915914770101,0.0011288442555896616,0.00012297547893789314,1.6876526893901786e-08,5.1708444069755305e-08,6.823560350886114e-05,0.0026460858624007817,9.433113002937227e-07,9.436660179158971e-07,2.449027936996619e-07,0.0020688258862691924,1.782822472871245e-07,1.3247519913677728e-06,0.013973776860092374,7.700767566871903e-05,9.956054757810951e-05,0.09000538061149954
53,0.021911394704102527,0.002129685250242869,6.32812282525109e-07,6.891552976387197e-08,0.0004991069921900829,4.5570731926499136e-07,0.00023396077843088197,1.3409878255301566e-06,0.8749962815257558,0.0013413572910608003,0.00014565409389748562,1.6769232541066787e-08,5.572435408345893e-08,7.241928186704529e-05,0.00245836185318676,1.005245081783607e-06,1.0500811952272255e-06,2.842123463126748e-07,0.0020795392780970966,1.9652175348411387e-07,1.3685612755970775e-06,0.013831859942232594,7.559282318293244e-05,0.00013467949199567528,0.08008363115556111
54,0.032330298547950484,0.0013091879524777792,2.0070373558299514e-06,2.7136886099799446e-07,0.0008537796952022271,7.209907361202617e-07,0.00032578556646367635,3.2204002116946163e-06,0.8758851794120737,0.001876293918844607,0.00044219543548639265,1.4308745096786429e-08,1.0228570025114944e-07,0.00010097116515291117,0.006620351353489449,1.848104673530475e-06,1.4553686547434085e-06,3.5547767852336016e-07,0.0033158006003505187,4.381893162710031e-07,2.903064594530154e-06,0.017996325927856955,0.00018959144417157682,0.0004642081797105939,0.0582766942042416
55,0.017420378598373344,0.002696366226941498,2.4812069099726154e-07,3.627345819815376e-08,0.0005139074957520594,2.161767547854563e-07,0.00022863834807937712,6.622183028741196e-07,0.8572301446754298,0.0006477670856663688,8.822256445463678e-05,2.8230144633728248e-08,4.947404883439564e-08,5.798853264564344e-05,0.0009748991880183706,7.05319432626451e-07,7.339873435457663e-07,4.0304097315115724e-07,0.0011320502470827025,1.0414865565257064e-07,7.496131860677871e-07,0.006722650500003905,4.525476029699458e-05,5.337325461704164e-05,0.112184421919647
56,0.0189681597310135,0.0020150671465878475,5.69345106771217e-07,7.071371711194238e-08,0.00047520720867220376,4.4954115768827325e-07,0.00026819118656204466,1.3887982958108606e-06,0.8822001293310916,0.0011989479164839294,0.00013708377790669455,1.630264745152978e-08,6.069629045843849e-08,6.959203418980484e-05,0.002392641047092956,1.0336862600252402e-06,1.027366508887253e-06,2.786835709548829e-07,0.0018580049653018128,1.9284561328866222e-07,1.2016134778993899e-06,0.012615027704520825,7.51548853203876e-05,0.00012222405603223036,0.07759827941657768
57,0.025663495690202175,0.0032710344965677695,9.604739975462329e-07,6.348149779141354e-08,0.0007295553006243261,6.243362010922872e-07,0.0003701149921361429,2.8174948692393538e-06,0.827251200475628,0.0015683308632884231,0.000168902996131489,4.2398554774209824e-08,9.86434761651166e-08,8.681281873833902e-05,0.0035985269997642396,1.5167562799293789e-06,1.4161839247395432e-06,3.6314889504454883e-07,0.0064224949547076835,3.492440807342993e-07,2.5775198024837506e-06,0.032219505632665395,9.272156449285664e-05,9.095849598178194e-05,0.09845551503749192
58,0.019870799158875435,0.0017937470232765355,6.051526499986996e-07,7.188015339969893e-08,0.0004332825329345386,4.3912195640840846e-07,0.00024978757079064984,1.3198176761780146e-06,0.8837404868245468,0.0012899204816072564,0.00013775355451009976,1.3226284000905243e-08,5.075217411540633e-08,6.59812747645085e-05,0.0026410700746673085,9.655048240949003e-07,9.632078001675553e-07,2.5685583012405835e-07,0.0017385854023391728,1.9278201416269196e-07,1.1884886097662995e-06,0.012874285707744395,7.378140192392775e-05,0.000158773716404025,0.07492567848564329
59,0.020258412566777226,0.0017752505722615501,6.464415359239176e-07,7.672527090925058e-08,0.00045205561502609004,4.4139974263393464e-07,0.00024714918836714166,1.351562315996796e-06,0.8811213926943959,0.001345295223085856,0.00014390058288841093,1.2994661315765382e-08,4.824960553236765e-08,6.76486775805002e-05,0.0028630639504223588,9.591775679995536e-07,9.532412890973582e-07,2.5700289921042963e-07,0.0017607628301900588,1.9995910623891574e-07,1.3174284165035887e-06,0.013291644890024518,7.79835752188064e-05,0.00017427534502006606,0.07641490010633023
60,0.019280423021904365,0.0019600331700486387,5.582726150782886e-07,6.887777303687297e-08,0.00046826372506047863,4.5033766424584665e-07,0.0002644535229241052,1.3459566287633985e-06,0.8773236458978411,0.001240839316066364,0.00013358097223946993,1.5257347196330746e-08,5.3262197322416855e-08,6.97022776658922e-05,0.0025336891809139544,1.0051170383492506e-06,9.922886387153933e-07,2.6929017416012204e-07,0.0018676808065102226,1.9271170511308356e-07,1.2704693940685693e-06,0.01307879272201407,7.8371268863414e-05,0.0001262923862756898,0.08156800989049605
61,0.02145681696897868,0.0017884138042992034,6.85335959653704e-07,8.05019917582534e-08,0.0004646170467816139,4.630819149203284e-07,0.0002510062862960735,1.4430563738320473e-06,0.8794011988540353,0.001376333429274065,0.00014729614000467747,1.3529509818032165e-08,5.111835399418616e-08,6.919557972491346e-05,0.0028696590184692523,1.008993362069029e-06,1.0073660840380088e-06,2.7364939779374076e-07,0.0018532556996059223,2.1043649290539694e-07,1.3511140230521016e-06,0.013445201342840715,8.042550919442559e-05,0.000172938829736915,0.07661705330729465
62,0.019280423021904365,0.0019600331700486387,5.582726150782886e-07,6.887777303687297e-08,0.00046826372506047863,4.5033766424584665e-07,0.0002644535229241052,1.3459566287633985e-06,0.8773236458978411,0.001240839316066364,0.00013358097223946993,1.5257347196330746e-08,5.3262197322416855e-08,6.97022776658922e-05,0.0025336891809139544,1.0051170383492506e-06,9.922886387153933e-07,2.6929017416012204e-07,0.0018676808065102226,1.9271170511308356e-07,1.2704693940685693e-06,0.01307879272201407,7.8371268863414e-05,0.0001262923862756898,0.08156800989049605
63,0.018951884355169927,0.002025154628181758,5.36207172940379e-07,6.428872029882287e-08,0.00045977920027034583,4.3471027483384136e-07,0.00025814142843493627,1.29879882946544e-06,0.8799499958816729,0.001195554314748893,0.00012885820507773187,1.4952372066704162e-08,5.213371262719483e-08,6.642863607243486e-05,0.0024595521875171553,9.585789887274031e-07,9.58518715053938e-07,2.5543159692521914e-07,0.0018305284167604,1.804313704252797e-07,1.2067640403356915e-06,0.012701620698446209,7.34723214713729e-05,0.0001196107132785207,0.07977345819710399
64,0.021143228930475117,0.002131832625430548,6.642888464410578e-07,7.859677194717182e-08,0.000552334430252825,4.918241228074872e-07,0.00029275466318192864,1.526308396341415e-06,0.86626055175277,0.0014109467519277082,0.00015219822253723472,1.664128345686872e-08,5.388739806004721e-08,7.20569966417252e-05,0.0031192747052220813,1.0843429754201356e-06,9.840629465014118e-07,2.832237872305451e-07,0.002204640379923204,2.1933838996091458e-07,1.7782627728034595e-06,0.014286735031640477,8.842110359840102e-05,0.00014007771751822708,0.08813776591118963
65,0.0143807082761518,0.0033511868843102495,2.429635870385743e-06,1.9870963020853212e-07,0.0008945430503176582,2.3114019706468246e-06,0.0006488827400032199,2.8161801907562786e-06,0.8340258675539209,0.0018930610966626286,0.00044899434704638797,1.4688844964762086e-08,8.682899215921371e-08,0.00013846170595065364,0.027801853710943795,1.7135745317358548e-06,1.6060911780203637e-06,1.3905799343441639e-07,0.00416538825961124,3.6176834270744775e-07,4.432047369451134e-06,0.03366806441399545,0.00019731044769094082,0.0003536244044296276,0.07801594312405098
66,0.021280494339835712,0.0020732152334723584,9.903857034677195e-07,1.6800182587327178e-07,0.0009535134287325972,4.61837069434354e-07,0.0002103903490940753,9.570879991657382e-07,0.8700796024845172,0.0023471682443022505,0.0002906963930677393,2.3540135517205406e-08,6.8903106217597e-08,0.00016150498312414948,0.0024124328127270367,1.3694494017824343e-06,1.3350563532752555e-06,5.063167392021856e-07,0.0012882748968620263,2.159282729624362e-07,2.245099489527933e-06,0.014405808390543583,7.704462041507354e-05,0.000251971959565624,0.08415954025764406
67,0.0207474583699865,0.002713537315015328,1.393561027392242e-06,1.7308192669258473e-07,0.00046192511167327286,3.4284548292626215e-06,0.0006437720248704233,1.3415945143001597e-06,0.6140705555940588,0.0028194276744020795,0.0003578769414109225,4.773539212593862e-08,1.1578740319255614e-07,0.00044452664869980497,0.007518001739710931,1.9374195913260788e-06,4.151019729954158e-06,1.0242118455727164e-06,0.002741200701189638,1.054373619255701e-06,5.350010350630745e-06,0.040043517641942424,0.0003978074941292209,0.0004394596354387387,0.3065809158572423
68,0.02601531336342898,0.0018591033471915576,6.078641151238912e-07,1.1143687280212658e-07,0.0004729043440494533,4.643589121491358e-07,0.0004213290464355852,1.8456714737317659e-06,0.8339460777329727,0.0013221444763197566,0.0001805036606007724,3.193443088120437e-08,1.0863892901473315e-07,0.00010172968927526776,0.0019589568923774905,1.55255957640876e-06,1.5474138456997773e-06,7.867228707282178e-07,0.0018931739831727682,2.9503157802706204e-07,1.6866362686846353e-06,0.012065498942389544,0.00011599888789073143,0.00013316287427770726,0.1195050644907445
69,0.029997416411219287,0.002926079203180531,1.2322707861042627e-06,1.0525893576528386e-07,0.0006050781745135206,1.2938369572327406e-06,0.0004758369490473239,2.5125619259558887e-06,0.7939398748977209,0.0024791791160875894,0.00030681672573018906,4.137152756779997e-08,1.2913072095648928e-07,0.00015190067602159884,0.005165276033782836,2.0743025795294866e-06,2.196086066153308e-06,5.598971875878836e-07,0.005806856922359026,6.190826027534706e-07,3.8525291924734296e-06,0.03461651875142311,0.00017758606423179683,0.00021040755992762604,0.1231265561862729
70,0.012868492043199209,0.0014107280202945297,4.7126935128212946e-07,8.622762479800853e-08,0.00041596190763360647,4.972384742449039e-07,0.00023476185735778974,1.1776072242211011e-06,0.9079915227435693,0.0010815034017998659,0.00010212342826382258,1.2695326916030385e-08,5.1252867295802245e-08,7.232505282823618e-05,0.0018202360290474919,1.094697354028618e-06,1.0491698087390894e-06,2.5492666437553305e-07,0.001108519974035874,1.9903552334597945e-07,9.150788646974978e-07,0.00919937822397452,7.82520725963646e-05,0.0001243195984571507,0.0634860664478583
71,0.020285692965135677,0.0019275979403129517,4.0540998319694365e-07,6.139740912988433e-08,0.0004818612299833554,3.167560547479225e-07,0.00021363486350310136,1.147325088523967e-06,0.8873472663896191,0.0009881032269748785,0.000122504470127174,1.5610484556712776e-08,4.955942838146384e-08,5.9997918135505234e-05,0.0017646452154562067,9.307756258412251e-07,8.791502739783692e-07,2.779437607557294e-07,0.001485365207068365,1.4724428691351865e-07,1.039321675329327e-06,0.009407828340763258,7.111879794469128e-05,0.00010582618864221681,0.0757332867522623
