,0,1,2,3,4,5,6,7,8,9,10,11,12,13,14,15,16,17,18,19,20,21,22,23,24
0,0.00018619559388860616,0.0006284914209270612,1.2198371301776664e-05,3.46980427259644e-07,2.7414074553422533e-05,5.487830926882857e-05,4.97873413021084e-05,3.0726290760037645e-07,0.9324490446972199,4.312164568770037e-08,1.0864809427266032e-05,7.938406274209675e-05,9.456616125566296e-08,1.3199202508924897e-07,0.04972592608886999,7.555405840400077e-05,6.306140413099921e-06,8.30788873952476e-05,0.009154482156327191,6.347306319013355e-09,0.00011171235292134551,0.0069879264596965805,8.941902603518612e-09,3.6078985267978667e-06,0.0003522080644386551
1,0.0003424788005816117,0.0034660720236824607,1.0127629878389088e-05,8.305680615123376e-06,0.00018688747903572838,6.563382292882526e-05,0.00024014719965286368,3.7919290482922783e-07,0.6823746228617098,6.56899324848048e-08,0.00034424455741041747,0.0014296993793720758,2.3089052484099058e-07,1.5425134389055154e-05,0.1498803702480929,1.4437049246590354e-05,0.00020355052811473184,0.0006018135115704377,0.0034628672735231773,2.2626608626048022e-08,0.0006805799175589904,0.141117555978955,9.794035163915983e-07,7.2111701245422e-06,0.015546291950070153
2,0.00025347261523478757,0.0008782254619661512,1.4660037211686628e-05,4.1288752600942876e-07,4.05826256341226e-05,4.9394821040098446e-05,7.962815292962886e-05,2.873633511590742e-07,0.9176412214899369,6.775289602200617e-08,1.0259588612548637e-05,9.723266562600845e-05,9.082981457354523e-08,1.8901071275533788e-07,0.06642857074588532,6.848053019732475e-05,6.076857479259602e-06,0.00010358776188863203,0.006562658143418424,8.021424713438473e-09,0.0001082538368685949,0.006945680797292235,1.360055771262515e-08,3.1043108389174716e-06,0.000707840091656631
3,0.0002412444300988326,0.0008356749652377838,1.7899896345122863e-05,5.969299892301308e-07,2.72043250032702e-05,5.8268828889191e-05,7.583768880385236e-05,3.303174249918432e-07,0.9328710616262383,7.629981378380997e-08,1.173172492304874e-05,0.0001178411808535822,9.484791473580973e-08,1.9245758460890683e-07,0.048325543030187115,7.173033391799005e-05,6.376423903745514e-06,0.00011694464876385631,0.008056471963153764,7.075353133625873e-09,0.00014231991445819324,0.008450862529459688,1.5632497223253913e-08,4.383481318425954e-06,0.0005672894478664652
4,0.00023945190050483824,0.0008339719358300929,1.6796079047692698e-05,6.283748052508149e-07,2.7726190306275535e-05,5.632377835391859e-05,7.525456599769815e-05,3.210018912510084e-07,0.9342891797105501,7.378055138116185e-08,1.1826448219659557e-05,0.00013107322259339234,1.128309131012371e-07,2.0448225606801166e-07,0.046206725934124476,6.84534993737208e-05,7.289419531454347e-06,0.00011939341674805219,0.008053726775657745,7.512903304169902e-09,0.00015118929566607092,0.009117432291317132,1.6791502936945682e-08,4.579564763636963e-06,0.0005882411965905809
5,0.00026798391598849123,0.0008402626803789239,1.7237049104550224e-05,8.095432585545208e-07,2.3896125182794702e-05,5.966770049807845e-05,7.171494103248097e-05,3.214526778543537e-07,0.9373943735236963,8.742812855989947e-08,1.1944126902947031e-05,0.00013976098418625924,1.0918784641496085e-07,2.3959772770319353e-07,0.042373457509545645,7.091872523550963e-05,7.882467624571823e-06,0.00016975516565781912,0.007370056291177306,7.821803435778092e-09,0.0001609236981446049,0.010365326645746986,1.7547916102779232e-08,5.049188059281599e-06,0.0006481966824789681
6,0.0002412444300988326,0.0008356749652377838,1.7899896345122863e-05,5.969299892301308e-07,2.72043250032702e-05,5.8268828889191e-05,7.583768880385236e-05,3.303174249918432e-07,0.9328710616262383,7.629981378380997e-08,1.173172492304874e-05,0.0001178411808535822,9.484791473580973e-08,1.9245758460890683e-07,0.048325543030187115,7.173033391799005e-05,6.376423903745514e-06,0.00011694464876385631,0.008056471963153764,7.075353133625873e-09,0.00014231991445819324,0.008450862529459688,1.5632497223253913e-08,4.383481318425954e-06,0.0005672894478664652
7,0.0006414717448534434,0.0010383227929201134,4.804254463782701e-05,5.214913485205088e-07,3.0181215844517862e-05,7.943430594621136e-05,0.00010243085261837276,3.857663440476268e-07,0.9484429766406082,1.1592218971137913e-07,1.2479449971123437e-05,0.00010818482408211228,1.2042690213025113e-07,1.3648063578268678e-07,0.03030522059482908,5.5055622492152965e-05,4.700752589733489e-06,0.00013147624955419653,0.013907987197637034,6.862206881205302e-09,0.00010468399130828832,0.004437102161889146,2.038341215731671e-08,8.829958925512005e-06,0.0005401117662537261
8,0.0003956577013053803,0.0016243019684503035,3.955513919967741e-05,1.139903248279621e-06,3.335110312368148e-05,7.275328537809865e-05,0.00012887260849832324,3.969489095349679e-07,0.9465705361061184,1.494703624609299e-07,1.3155434502150434e-05,0.00016494715470999628,1.0296990000353016e-07,2.629602448309993e-07,0.03554986641967065,6.851255517056345e-05,4.661267148298601e-06,9.88161668577454e-05,0.008863485981269636,9.647924014306749e-09,0.00013947839511142354,0.005499107289187572,3.738047656382928e-08,7.413192602717449e-06,0.000723428950629656
9,0.00024395787763943608,0.0011013258637662773,3.424516855919715e-05,1.2745963493436574e-06,2.2324322151104826e-05,6.396949437356549e-05,0.00011085966409265423,3.4272718209406666e-07,0.9502246932767046,1.3956301970804461e-07,9.50079505544678e-06,0.00018323997998398735,1.2080852163291108e-07,2.1251825965772835e-07,0.033802398144829694,8.192688953334525e-05,5.0622092159235705e-06,0.00010579997229863084,0.0065479727708506255,1.0363283261210668e-08,0.00021260066726067555,0.006585524088884233,2.620030472702666e-08,6.351302726648623e-06,0.0006561207351534868
10,0.0002412444300988326,0.0008356749652377838,1.7899896345122863e-05,5.969299892301308e-07,2.72043250032702e-05,5.8268828889191e-05,7.583768880385236e-05,3.303174249918432e-07,0.9328710616262383,7.629981378380997e-08,1.173172492304874e-05,0.0001178411808535822,9.484791473580973e-08,1.9245758460890683e-07,0.048325543030187115,7.173033391799005e-05,6.376423903745514e-06,0.00011694464876385631,0.008056471963153764,7.075353133625873e-09,0.00014231991445819324,0.008450862529459688,1.5632497223253913e-08,4.383481318425954e-06,0.0005672894478664652
11,0.00024506562458104475,0.0008433880680424656,1.774883735151383e-05,6.125161564755691e-07,2.8065600452921566e-05,5.774551444637632e-05,7.606121398243926e-05,3.3229033806127333e-07,0.9341908795578345,7.684391231600689e-08,1.1822773285202323e-05,0.0001244070045727788,1.0821375154342178e-07,1.9652305413131904e-07,0.04671115947325792,7.170645097931945e-05,6.841643918640757e-06,0.00011759917945195291,0.008213175159095793,7.624558435216755e-09,0.00014552694439703393,0.008563201252953656,1.6428268815919577e-08,4.624309233672699e-06,0.0005696309521228289
12,0.0003108947865833225,0.0013733485735684097,1.071042988386796e-05,7.412327188063508e-07,5.204265753219041e-05,7.972113929324055e-05,6.225801203893422e-05,1.6003274843889354e-07,0.9416272199008645,1.1770924590538705e-07,7.82082760156231e-06,9.041652226206194e-05,1.2537019628339524e-07,5.186360428111103e-07,0.04089798359568572,5.285853336300119e-05,1.735121634660918e-05,0.00022157391420488148,0.0045674188241752196,1.2278902420598877e-08,0.00018595805308781424,0.008873473537805168,2.5209996112141714e-08,2.920436582263428e-06,0.0015643285692704416
13,0.00017920329667333633,0.00080867720991393,1.755208989753637e-05,8.651465183553534e-07,2.911609233123854e-05,5.2211254028390376e-05,9.409249440247143e-05,5.051585426757162e-07,0.9150422332850416,5.726835689879447e-08,2.5585377982246654e-05,0.0002036366881686175,1.0059640930485748e-07,3.1310656727045954e-07,0.060928051801705164,7.077983230840268e-05,7.239377796872939e-06,0.00010697770630084484,0.008065611662685797,7.04276024866568e-09,0.0001703617714397575,0.013632268469948545,2.514689612181918e-08,5.054276344647813e-06,0.0005594738469795791
14,0.0003669635818255018,0.002665184745693954,1.2388045993115255e-05,7.19831734862348e-07,6.462324445796911e-05,6.876600333826609e-05,0.00012457621165979767,4.279982037864385e-07,0.920401838995531,1.643446565498328e-07,2.1446702516519778e-05,0.0001221340091283569,7.999892664813653e-08,5.034221890365398e-07,0.05194126092915732,8.443676844146004e-05,7.781589161818484e-06,0.0001384067192659098,0.014190837572975415,1.1616527235887579e-08,0.00012055095214266731,0.008953977547880422,2.6592802995979345e-08,5.651127890588047e-06,0.0007072414478988895
15,0.0002412444300988326,0.0008356749652377838,1.7899896345122863e-05,5.969299892301308e-07,2.72043250032702e-05,5.8268828889191e-05,7.583768880385236e-05,3.303174249918432e-07,0.9328710616262383,7.629981378380997e-08,1.173172492304874e-05,0.0001178411808535822,9.484791473580973e-08,1.9245758460890683e-07,0.048325543030187115,7.173033391799005e-05,6.376423903745514e-06,0.00011694464876385631,0.008056471963153764,7.075353133625873e-09,0.00014231991445819324,0.008450862529459688,1.5632497223253913e-08,4.383481318425954e-06,0.0005672894478664652
16,0.00022088223104909876,0.0010436172332955144,1.7071182037095575e-05,8.371908470980821e-07,2.6252872880671787e-05,4.884805238608882e-05,0.00012005895643738453,4.690791356890423e-07,0.9114750870690618,1.3570755082080843e-07,1.1360157983035692e-05,0.00022317272305581094,1.160972316423306e-07,2.950657174883629e-07,0.05999204053371502,9.284208252355326e-05,8.396536172525799e-06,0.00015673982690134306,0.00919860007899382,9.27453915977302e-09,0.0002908633786046332,0.016262936666561617,2.0218609995450823e-08,4.135351627014171e-06,0.0008052124330822762
17,0.0002087431029940484,0.0010494765205464188,1.4183515575262196e-05,1.0566689452188747e-06,3.554783158581016e-05,5.2969275182544056e-05,9.315286217700842e-05,3.928704589911308e-07,0.9143881788102518,9.107832214364688e-08,1.801234050021168e-05,0.00023927004959957703,1.5887478269181755e-07,4.5968586535156403e-07,0.056986522057032966,7.577974153606265e-05,1.3809537811818806e-05,0.00015376139957352236,0.007158171671268408,1.1466070213245847e-08,0.00023941028793785473,0.018287584571217576,3.4940509619749656e-08,4.677147567869526e-06,0.000978543692686825
18,0.00029320883533223447,0.0009452718365408959,1.434233242700336e-05,6.752978913524913e-07,3.693418230834629e-05,5.33014646638312e-05,9.237168577781405e-05,2.327186937519173e-07,0.9204492706112039,1.1540905889061804e-07,8.827191855371075e-06,0.00015565471589538198,1.3994157353575068e-07,3.223173205928721e-07,0.0570900371954763,5.940662264326495e-05,1.2873606856015868e-05,0.00022465619797354272,0.005557129793618729,9.894888269303254e-09,0.00022634453083728758,0.01332930854919835,2.236571619104601e-08,3.3395009373971063e-06,0.0014462032013118804
19,0.00018167084328170354,0.0008195992281823685,1.952978687220419e-05,7.57659781310377e-07,2.070046497244745e-05,3.666083777278686e-05,0.00011465000607505922,3.943365167341984e-07,0.9294470519942682,8.130290359715488e-08,9.876412132696836e-06,0.00020878138345709822,9.809858474138848e-08,1.8595407261951087e-07,0.0509105390705759,7.417309504339436e-05,4.858795553444251e-06,9.586655790631412e-05,0.006619736974925773,6.2197130136205065e-09,0.0001744809440772008,0.010674885322251275,1.5071388805093396e-08,3.4951278804616335e-06,0.0005819045118106496
20,0.0001745591024153373,0.000660956721998858,1.8364059958924015e-05,6.669909084000384e-07,2.0709860697415545e-05,4.50490288263225e-05,9.226522826781647e-05,6.158649622773443e-07,0.886918713701985,6.638103022467333e-08,1.5573051108851653e-05,0.00017299102075912405,8.536564069302224e-08,2.0204332674066353e-07,0.08661956574252692,9.317799180132184e-05,6.293168498331846e-06,0.00011817373449245463,0.00852261964227924,6.306856115835125e-09,0.00016789018360915107,0.01581331816635229,1.2910488160072673e-08,3.364388787548299e-06,0.0005347593424222685
21,0.00020562700427681976,0.0008276374477760561,1.5285570532116542e-05,7.54463066353743e-07,2.062558425184246e-05,4.9310695801574995e-05,7.668539729770755e-05,4.108454142932471e-07,0.9454743501980418,8.949046318694181e-08,9.554956714553386e-06,0.00014577219270895105,9.330489968498044e-08,2.3643610384166211e-07,0.03728413356469322,0.00010266750671785263,4.5192508680488985e-06,0.00012125297495894478,0.007043625428965135,7.514576215239003e-09,0.0001436383088623451,0.008052204685850193,1.1789312136348382e-08,4.1545539211343395e-06,0.0004173508339261433
22,0.0003285362045332674,0.0006565235515645139,1.807307269146734e-05,5.46149180301011e-07,2.6276194630154608e-05,7.06806082459394e-05,5.2203455263009015e-05,3.014637682607185e-07,0.9274390412058157,7.462838605059032e-08,1.2661243492438668e-05,8.079900765033429e-05,9.131735013679875e-08,1.727208924331785e-07,0.051820333310694855,6.975696090401088e-05,9.769869397694452e-06,0.00021578338615471285,0.0076576134857884275,7.076164455857961e-09,0.00013691065018247068,0.010768875536907595,1.3755649386655605e-08,4.7543886865983555e-06,0.0006302007560057398
23,0.0002412444300988326,0.0008356749652377838,1.7899896345122863e-05,5.969299892301308e-07,2.72043250032702e-05,5.8268828889191e-05,7.583768880385236e-05,3.303174249918432e-07,0.9328710616262383,7.629981378380997e-08,1.173172492304874e-05,0.0001178411808535822,9.484791473580973e-08,1.9245758460890683e-07,0.048325543030187115,7.173033391799005e-05,6.376423903745514e-06,0.00011694464876385631,0.008056471963153764,7.075353133625873e-09,0.00014231991445819324,0.008450862529459688,1.5632497223253913e-08,4.383481318425954e-06,0.0005672894478664652
24,0.00028744770915147786,0.001228574088688416,1.61498023514572e-05,8.52121419218696e-07,2.920120271156669e-05,6.397824348601137e-05,7.4355891447193e-05,3.5738865535172836e-07,0.9397036761415737,1.0337352809350964e-07,1.2481089641880095e-05,0.00013703789543140641,1.1205547777769924e-07,3.0846296226462516e-07,0.03891967697363229,8.012570146745626e-05,8.091805813697815e-06,0.0001419863718435747,0.009088912387957409,9.669612673109988e-09,0.00014799160158986412,0.00945933477561184,2.016799230998568e-08,5.385701940542784e-06,0.0005938293760126352
25,0.0001758458572097209,0.0009130544988330049,1.7636579975393295e-05,1.102233753588002e-06,2.7483912128132645e-05,6.426046478669132e-05,9.734785641865155e-05,8.720678295428152e-07,0.9139413762751972,6.762143998478029e-08,3.88145507328422e-05,0.0002017612854848414,8.031702025045896e-08,4.4406283314564935e-07,0.05843405708195812,0.00010432036911605248,6.2151823585936295e-06,0.00011323619123361614,0.010674422578567476,7.101498217978677e-09,0.00015716955415797805,0.01463789838451567,2.4689493754378768e-08,5.9810302288249685e-06,0.0003865202532288764
26,0.0004692974243051045,0.0007732482222763523,2.294867067182765e-05,4.955319480802011e-07,2.611842780483151e-05,7.469062656411349e-05,3.9281736766560296e-05,1.6133063331673317e-07,0.9665953726258251,6.436514032340578e-08,1.0102729905564257e-05,6.625141944667325e-05,1.2499367174580424e-07,1.0212146134504384e-07,0.01794238386039538,4.538624438750871e-05,6.655061379555858e-06,0.00013418286903088016,0.00913938784197703,7.507506308486638e-09,9.842705224316949e-05,0.004165515132233313,1.8120030258518273e-08,1.0680492549272338e-05,0.00037909559184625774
27,0.0005833564944815946,0.0017366529170772319,3.9533686814988606e-05,6.473162395916779e-07,6.27148290891259e-05,8.587925627045834e-05,0.00014340238989714573,1.9372665632903595e-07,0.9629369887580395,1.7025927241832583e-07,7.5475931825147e-06,0.00012531631676623853,1.675745867149698e-07,2.47990347182469e-07,0.023404137249249796,4.873237744264014e-05,5.141530441991265e-06,0.00010254432307257676,0.007328475186951254,1.2139464159060915e-08,0.00013811720249417818,0.00201733848208654,3.4831671620143474e-08,6.113028491132935e-06,0.0012265345399130052
28,0.0002412444300988326,0.0008356749652377838,1.7899896345122863e-05,5.969299892301308e-07,2.72043250032702e-05,5.8268828889191e-05,7.583768880385236e-05,3.303174249918432e-07,0.9328710616262383,7.629981378380997e-08,1.173172492304874e-05,0.0001178411808535822,9.484791473580973e-08,1.9245758460890683e-07,0.048325543030187115,7.173033391799005e-05,6.376423903745514e-06,0.00011694464876385631,0.008056471963153764,7.075353133625873e-09,0.00014231991445819324,0.008450862529459688,1.5632497223253913e-08,4.383481318425954e-06,0.0005672894478664652
29,0.0002412444300988326,0.0008356749652377838,1.7899896345122863e-05,5.969299892301308e-07,2.72043250032702e-05,5.8268828889191e-05,7.583768880385236e-05,3.303174249918432e-07,0.9328710616262383,7.629981378380997e-08,1.173172492304874e-05,0.0001178411808535822,9.484791473580973e-08,1.9245758460890683e-07,0.048325543030187115,7.173033391799005e-05,6.376423903745514e-06,0.00011694464876385631,0.008056471963153764,7.075353133625873e-09,0.00014231991445819324,0.008450862529459688,1.5632497223253913e-08,4.383481318425954e-06,0.0005672894478664652
30,0.0002412444300988326,0.0008356749652377838,1.7899896345122863e-05,5.969299892301308e-07,2.72043250032702e-05,5.8268828889191e-05,7.583768880385236e-05,3.303174249918432e-07,0.9328710616262383,7.629981378380997e-08,1.173172492304874e-05,0.0001178411808535822,9.484791473580973e-08,1.9245758460890683e-07,0.048325543030187115,7.173033391799005e-05,6.376423903745514e-06,0.00011694464876385631,0.008056471963153764,7.075353133625873e-09,0.00014231991445819324,0.008450862529459688,1.5632497223253913e-08,4.383481318425954e-06,0.0005672894478664652
31,0.00043240529765934007,0.0011724482943096734,3.1222505887423295e-05,6.663490352792596e-07,2.7019752306524805e-05,6.615489246996279e-05,9.133707868754965e-05,4.844063752165882e-07,0.9361002762700119,1.253387133974261e-07,1.1303536177179644e-05,0.00011072373431613984,8.95825235964439e-08,1.7794843721842565e-07,0.04205754654582741,6.81847801569453e-05,5.57110835411737e-06,0.000140116060448741,0.011709131908905046,7.422309235370881e-09,0.0001333037559168217,0.0072786039023121874,1.92458753541266e-08,5.62015204513844e-06,0.0005574601309385323
32,0.0002573399786659874,0.000863840307484996,1.7853929520033325e-05,5.618165079263797e-07,2.7145943684571423e-05,6.036259214567396e-05,7.475742063439994e-05,3.482460183970844e-07,0.9316176506162563,7.772078580210293e-08,1.2075571278696173e-05,0.0001156829520357444,9.698941637715621e-08,1.8784830478128743e-07,0.04788488476330039,7.160205883171281e-05,6.58220567010764e-06,0.00011827306313899028,0.009485147224434273,6.984962389720183e-09,0.00014146528104538243,0.008705057809371294,1.5384541685616397e-08,4.687005747231204e-06,0.000534296286216783
33,0.00024054989817526827,0.0011879987240602792,1.4872757207792893e-05,1.1941085786278123e-06,3.162703166840483e-05,0.0001017322430933085,7.025155807520508e-05,6.501444331003082e-07,0.9151769372624801,1.2924140856651486e-07,2.8151206593353263e-05,0.00018669597000663297,1.939026018341233e-07,5.77841528036119e-07,0.04376251024261936,0.00013549489701948026,1.757984133834412e-05,0.00018058201729815866,0.016638169574343085,1.4193177703660834e-08,0.00023116680551116432,0.021449505902384716,3.5980588577981975e-08,9.13838764857813e-06,0.0005342402681605022
34,0.00020704850080816652,0.0010092480250332306,2.1095337200763555e-05,1.2189930234243505e-06,3.386619765098942e-05,7.48460409012308e-05,0.00011216785976081372,4.255315224835731e-07,0.9072294938609665,1.4990374584720965e-07,1.5621132960537523e-05,0.0001865672002551886,1.2317535616694721e-07,4.2165444385615035e-07,0.06927817760124066,0.00011265364495097233,1.010064810070954e-05,0.00016878448192611883,0.006159130601944695,1.2849747180606054e-08,0.00024480728391297336,0.01400454469333865,3.1776572519253964e-08,4.515405031592729e-06,0.0011249475996049144
35,0.0003632802539773098,0.0004101053286293824,1.5987049008600442e-05,3.5905815368031056e-07,9.69010992413152e-06,2.450131878611331e-05,4.444015839132596e-05,2.1382193857068467e-07,0.9683055932211868,4.4520522515541235e-08,3.913740917220491e-06,8.851420328577997e-05,6.18070268713354e-08,5.8354528451566443e-08,0.019559148201856495,3.7709131146433e-05,2.853748828166482e-06,0.00017968859874159185,0.0050801232480913745,2.59445210248501e-09,8.93760555681782e-05,0.00548164165749643,4.1979186727472744e-09,3.205124173116679e-06,0.00029948449545072063
36,0.00017570927633903704,0.0006566038191199707,1.2636032641470082e-05,5.832342920289921e-07,1.638004978706654e-05,2.9653427167901832e-05,8.27474654213028e-05,6.689406356033887e-07,0.8965529299704929,5.337336871498267e-08,1.1901137389036485e-05,0.00025811380366473624,1.184092501979718e-07,1.8572902426150632e-07,0.07237466552065244,9.87933657913021e-05,5.9390152939374415e-06,9.378560709286607e-05,0.010760864796281943,5.744093073866616e-09,0.00012381273867372177,0.01830861805246789,1.0370479260808773e-08,3.1332638354559192e-06,0.0004320868567439203
37,0.0004559891662738843,0.0010172963059808494,2.435951957370084e-05,6.596918538800008e-07,2.277893121108032e-05,5.442078881382106e-05,7.208225800055616e-05,2.4142266742703334e-07,0.9554437797261729,1.0700443338880491e-07,9.926234661944762e-06,0.00011587584340942219,9.967148231842602e-08,1.4269018990184012e-07,0.02547834084147108,5.39108532378981e-05,5.587077174473681e-06,0.0001669227244290243,0.009342255676343532,6.918570886841781e-09,0.00012826175298450145,0.00708152595538487,1.8875034950689977e-08,8.20023710746729e-06,0.000517209833536475
38,0.0003507016523083052,0.000748449958259792,2.2267034789090027e-05,2.8847969309326754e-07,3.44472883346126e-05,8.557950677054933e-05,7.967877266835353e-05,2.6268007999129376e-07,0.9326613375424142,7.934294584802793e-08,8.739425291362666e-06,5.5404138296623075e-05,6.805938815721672e-08,1.1130000969646494e-07,0.05160393608419221,7.161249894365496e-05,3.5545746832036373e-06,9.591919707889545e-05,0.00985916697367811,4.788360947080029e-09,7.792308771842622e-05,0.003744024161155848,9.474145979025338e-09,4.1727362791574896e-06,0.0004922612425138011
39,0.0002115602143162822,0.0004274528078121844,2.8748688993197486e-05,5.586039173949809e-07,1.906805168580523e-05,0.00010873139987780966,6.28425143006345e-05,5.034384200120294e-07,0.9205583462784805,8.935522117608174e-08,1.052982981479201e-05,9.56666231371784e-05,1.4132709952791926e-07,1.209993280415808e-07,0.05666084712227762,0.00011111048850432805,8.760103886163356e-06,0.00014314195405911345,0.011350488596563466,7.098612499390716e-09,0.0002460970655725985,0.009462947935567833,1.2391641600622084e-08,4.981552973523326e-06,0.0004872455579367141
40,0.00024499375425285407,0.000842406899111801,1.7572882977132224e-05,6.173676820949044e-07,2.7001864209282754e-05,5.963330371525534e-05,7.34102458920273e-05,3.350656105152369e-07,0.9337616234754148,7.876930222836536e-08,1.1958617026262815e-05,0.00011733729097483825,9.683649699959696e-08,1.976593545200785e-07,0.04700016690259718,7.462907871292727e-05,6.672165798194559e-06,0.00012289660632535502,0.008245948550431665,7.354668493928065e-09,0.00014554765119481294,0.008682487695328716,1.5834595643093284e-08,4.565075676380738e-06,0.0005597990526499116
41,0.00019543922428505144,0.0004014185254830065,1.2016214189892823e-05,1.5652337515829044e-07,3.784449843905896e-05,2.6894390418585316e-05,5.12265638010006e-05,1.3212247911516825e-07,0.9501391366648769,1.755071917857822e-08,4.689864675342085e-06,3.7856045257708535e-05,5.145719878142388e-08,4.8079602149803504e-08,0.04483600025871061,4.7133295881499136e-05,1.660817171506957e-06,4.0727266100343175e-05,0.002339606318732246,3.1423524124748688e-09,3.0779611688061725e-05,0.0014797759123841314,3.384726629964764e-09,1.4540898628802593e-06,0.00031592817758863335
42,0.00018692912817823236,0.0006404312154525083,2.1231777241043296e-05,7.589842554233435e-07,1.3984934650684764e-05,6.426113712822268e-05,7.489414880716279e-05,8.681295178309541e-07,0.8929602603671067,9.822032132513427e-08,1.4839448018435171e-05,0.00019340249961752217,1.303287953970358e-07,1.7034593604360157e-07,0.06689128475599597,0.00015172674079552958,8.169211271040226e-06,0.00013221384744984386,0.018126417201945254,7.834071037774533e-09,0.00023539610615106002,0.019906054628089552,1.2827615629307862e-08,5.636946707567006e-06,0.00037081923488126655
43,0.0002407629934987437,0.0008308769532180634,1.7540326799225063e-05,5.863464609755027e-07,2.7263983757190435e-05,5.592720795292673e-05,7.48957549743218e-05,3.2041828973044097e-07,0.9337776789202392,7.08041502578557e-08,1.1801175654293646e-05,0.0001174443402101195,9.199923424873336e-08,1.8818142806092594e-07,0.04798635340457572,6.864457894655753e-05,6.135018439322114e-06,0.00011250670811339864,0.0077995699328022566,6.774056963567436e-09,0.00013396463107841897,0.00817459104766076,1.534876503610427e-08,4.297420423553817e-06,0.0005584657292704375
44,0.0002412444300988326,0.0008356749652377838,1.7899896345122863e-05,5.969299892301308e-07,2.72043250032702e-05,5.8268828889191e-05,7.583768880385236e-05,3.303174249918432e-07,0.9328710616262383,7.629981378380997e-08,1.173172492304874e-05,0.0001178411808535822,9.484791473580973e-08,1.9245758460890683e-07,0.048325543030187115,7.173033391799005e-05,6.376423903745514e-06,0.00011694464876385631,0.008056471963153764,7.075353133625873e-09,0.00014231991445819324,0.008450862529459688,1.5632497223253913e-08,4.383481318425954e-06,0.0005672894478664652
45,0.00017945037310419345,0.0004415732767423214,2.0042472159886183e-05,4.296867084656821e-07,2.0042924027684994e-05,5.725371826256348e-05,7.046846589716287e-05,6.189602013611802e-07,0.8889669339396484,4.507946129967695e-08,1.5945137655552132e-05,9.309899715147053e-05,6.824422333447113e-08,1.1101650835307831e-07,0.09231115832294855,0.00012250528185252292,3.720277296561685e-06,8.805216470795764e-05,0.008934777565061544,4.698189788973771e-09,8.011812986339054e-05,0.008266446546359201,6.953954137580058e-09,3.427537789757072e-06,0.00032370023022459943
46,0.00023924301498891618,0.0008260692106732,1.80017209268464e-05,7.406716247363746e-07,2.634442927935959e-05,6.925753821444765e-05,6.760391367729739e-05,3.743816533687463e-07,0.9244523350957358,8.137852035057264e-08,1.4089963211490415e-05,0.00013417765438216312,1.2727234969758616e-07,2.2880272603554068e-07,0.051443706531754764,8.153666155559327e-05,1.0225384070476865e-05,0.00013804137638758247,0.009502579464719945,8.81066164391862e-09,0.0001789807858186822,0.01217328549439389,1.964748178070259e-08,5.276024314295957e-06,0.0006176647708776633
47,0.00023298820602711152,0.0008907047727897984,1.910290138975597e-05,6.44294706378962e-07,2.9717418701487297e-05,6.635464958364723e-05,7.847490093087909e-05,3.644772589662402e-07,0.9311578689313205,7.660542211070964e-08,1.4262258596055424e-05,0.00011006246912612378,8.558879687487153e-08,2.234874099006938e-07,0.05051291550452643,7.0835133041882e-05,6.190907649363799e-06,0.0001140152184265207,0.008057571317221757,7.1572627500930655e-09,0.00013759266879672614,0.007936310819872354,1.7309917730308377e-08,4.448737458788195e-06,0.0005591642637661618
48,0.00035216127366259316,0.0017985510498171643,1.794734355748732e-05,6.102378443676413e-07,2.9128583111055836e-05,0.0001066102528960683,7.253173102988375e-05,4.7090250201761917e-07,0.9139785447443698,1.3802228679240308e-07,1.8800956527711797e-05,0.0001160868575048505,1.2806659533906892e-07,2.5360495296960233e-07,0.034831242610311175,8.456452414241851e-05,1.0165112930721627e-05,0.00010705571439030006,0.03673226189527412,9.273126941450931e-09,0.0001548431209602001,0.011201886947801424,2.515126139794765e-08,1.0779332962975486e-05,0.0003752026901802538
49,0.0002412397386427481,0.000846782814731223,2.3194824840950874e-05,8.267271759459745e-07,2.376015264222459e-05,6.366948063150092e-05,8.501118880633869e-05,3.7291765555164556e-07,0.9326050368406843,9.407157593260954e-08,1.2318841812722094e-05,0.00015122459888969485,1.1025145752261359e-07,2.2146518685723834e-07,0.04713454282854472,7.370093659561583e-05,6.9490956871464116e-06,0.00013197326581870452,0.007840557553030942,7.992925656909962e-09,0.0001792725120053145,0.009929305102322136,2.031633193090574e-08,5.130689863010865e-06,0.0006446757921413266
50,0.00025657082842824616,0.0009415995623409698,1.94842007894711e-05,6.261565763195018e-07,3.0064116214974935e-05,6.043742040455848e-05,9.371215073942779e-05,3.712799372692489e-07,0.9249261012177431,9.598796011568007e-08,1.2199031078579302e-05,0.00013323790592127493,9.956690330949607e-08,2.1858680762249585e-07,0.054402845220024844,7.620341981931914e-05,6.58249630689689e-06,0.00012169808939703144,0.008819141638519809,7.615828906241197e-09,0.00015605241397387108,0.009268484939919027,1.831200340803096e-08,4.412760057884312e-06,0.0006697350823037726
51,0.00023603269248463648,0.000719030396997247,1.8398473401999414e-05,5.294489719615299e-07,3.032199681095582e-05,6.391576374418907e-05,7.548324519310223e-05,3.0029956599748264e-07,0.9331812211546311,7.533240460785627e-08,1.1580018198404803e-05,0.00010819033344040538,1.0582525545360886e-07,1.7465192793189823e-07,0.04948600685662923,7.654031355782815e-05,6.439936412299201e-06,0.00011478194351638973,0.007603632863432579,7.367186347140303e-09,0.000145436275695593,0.007521939951156949,1.5950239531407762e-08,4.523891976403408e-06,0.0005953150171690048
52,0.00023612654135007292,0.0009169548099989631,1.826562805997801e-05,6.411029278058245e-07,2.7467517109106806e-05,5.447999055421247e-05,8.164052050220382e-05,3.3235217738953144e-07,0.9341339038497963,7.813485579253358e-08,1.1663359588498883e-05,0.00013367181324752182,9.941940096108462e-08,1.9687425249070922e-07,0.046564504809396126,6.955155906357641e-05,6.428575766318493e-06,0.00010649604074187167,0.008254731457350624,7.339255567049594e-09,0.00015353804149801812,0.00864722774094017,1.735742396807812e-08,4.49733729358915e-06,0.0005774778274490504
53,0.00014937152327920147,0.0007285076955482071,1.865391738501985e-05,5.463415913230296e-07,3.657240916544576e-05,3.434670159831256e-05,0.0001785173340101425,3.8433385485972807e-07,0.900965187033518,6.854851441223681e-08,1.42938689081961e-05,0.00020690157768326172,8.459934864793234e-08,1.937845425396408e-07,0.08291611338601698,7.824892144786347e-05,3.5391569696489242e-06,6.907493313790842e-05,0.005189070707584998,5.752268278813063e-09,0.00014315482045789874,0.008522689666804237,1.7427245208082984e-08,2.8566526534649328e-06,0.0007415989064659627
54,0.00022896044471941806,0.0007536804145999102,1.8193288099289586e-05,5.914598828034234e-07,2.5349039862545394e-05,5.830400923103246e-05,7.172192164336303e-05,3.455437968028621e-07,0.9351393318842592,7.046261723653984e-08,1.2642235758206416e-05,0.0001181394191829338,9.796288218859806e-08,1.7769856415188067e-07,0.04566538858114468,7.31236298349428e-05,6.341639679926308e-06,0.00011537426816929559,0.008423826922511871,6.853629954061159e-09,0.00014724827990975856,0.008640094361933281,1.524406203782472e-08,4.761787054444867e-06,0.0004962126469702722
55,0.0003447793889183643,0.0028607022311070264,3.897797490868972e-05,1.424762233506268e-06,0.00010830206258292703,0.0003177234537530956,0.00015052323895947564,1.2641293529900075e-06,0.745631586456872,4.287502502274804e-07,7.78730706612422e-05,0.00010578901203494273,1.033701020733472e-07,1.3435096298368785e-06,0.19499851986141725,0.00018522377011270032,3.22124554071334e-05,0.0001988183576471405,0.025944583777509998,3.185703869681128e-08,0.000340179768671668,0.026832026721749877,1.4070923251095837e-07,8.679815163772322e-06,0.0018187614946828057
56,0.0002445458969827816,0.0008436734637598992,1.79100333684361e-05,6.184066349265635e-07,2.7702806320017956e-05,5.8449172145657635e-05,7.780442099162348e-05,3.386812736706487e-07,0.9327944759220225,7.726159647775486e-08,1.210518591759903e-05,0.00012800367119299603,1.0729769671254649e-07,2.007479827906306e-07,0.04760041333074553,7.060862110749778e-05,6.83092693958927e-06,0.00011785535987897276,0.008429895450396258,7.42401418184547e-09,0.00014765045843493534,0.008837192765002349,1.6800637803250727e-08,4.653884672328558e-06,0.0005788620102846124
57,0.00022417473473406848,0.0009167560351351678,1.5847715378481316e-05,6.762239083017614e-07,2.2998714853154816e-05,4.3855417286575024e-05,8.24668617065699e-05,3.7219298377192396e-07,0.9275887971201071,9.099829442113942e-08,9.671202218489791e-06,0.0002003778476216899,1.5231687364505743e-07,1.979914924335971e-07,0.04700848011842146,8.026809014215517e-05,8.39119385456393e-06,0.00011348268518315863,0.010045195124856651,9.161993758618605e-09,0.00018667827023523617,0.012830532719947423,1.7762472374585156e-08,4.608722913539266e-06,0.0006159007773856591
58,0.0002624487420098867,0.00081269871697665,1.8199871624537537e-05,5.928109913786875e-07,2.5591151498281747e-05,5.745167673340912e-05,7.22567007974089e-05,3.1080541280886627e-07,0.9421664846324668,6.963923947417394e-08,1.2404645182900154e-05,0.00012468310588682069,1.0388597585489892e-07,1.7292680276401786e-07,0.03903781416117502,6.611836395493355e-05,5.798165183251092e-06,0.0001114635362975833,0.00899797990260287,6.671256952012783e-09,0.00013300307060883234,0.007606996395600467,1.6202358540720158e-08,5.640963072798515e-06,0.00048169325628956075
59,0.00025706793461079786,0.0007888193009799705,2.0908794986337096e-05,6.089604940060952e-07,2.5109659278408856e-05,5.940908294176505e-05,7.392301302677358e-05,3.2489323635699927e-07,0.9403959619706808,7.315446716631314e-08,1.2460490428253815e-05,0.00011845420126814384,9.740354296483458e-08,1.6157964073264428e-07,0.04133812502975754,6.918910486634672e-05,5.59500734410889e-06,0.00011017117043303341,0.008604954833930742,6.9163496835014165e-09,0.00014000571172241677,0.007491600490594724,1.6293020409247448e-08,5.622459399159237e-06,0.00048133254299948647
60,0.0002412444300988326,0.0008356749652377838,1.7899896345122863e-05,5.969299892301308e-07,2.72043250032702e-05,5.8268828889191e-05,7.583768880385236e-05,3.303174249918432e-07,0.9328710616262383,7.629981378380997e-08,1.173172492304874e-05,0.0001178411808535822,9.484791473580973e-08,1.9245758460890683e-07,0.048325543030187115,7.173033391799005e-05,6.376423903745514e-06,0.00011694464876385631,0.008056471963153764,7.075353133625873e-09,0.00014231991445819324,0.008450862529459688,1.5632497223253913e-08,4.383481318425954e-06,0.0005672894478664652
61,0.00025914528823723477,0.0007935204778534343,2.0492157026596823e-05,5.997216924433871e-07,2.5725410981717007e-05,5.8087143406326996e-05,7.511453076447599e-05,3.2249291672543217e-07,0.9397446562570243,7.323112992230654e-08,1.209427463470086e-05,0.00011946278378914347,1.0113645649318002e-07,1.6242240475393824e-07,0.042066238113077664,6.841718468957221e-05,5.7445398965861406e-06,0.000111919807889614,0.00844952595838017,6.959208367634591e-09,0.00013934238665549813,0.007546602606872472,1.6032729508069746e-08,5.417818840654683e-06,0.0004972112634415132
62,0.0002412444300988326,0.0008356749652377838,1.7899896345122863e-05,5.969299892301308e-07,2.72043250032702e-05,5.8268828889191e-05,7.583768880385236e-05,3.303174249918432e-07,0.9328710616262383,7.629981378380997e-08,1.173172492304874e-05,0.0001178411808535822,9.484791473580973e-08,1.9245758460890683e-07,0.048325543030187115,7.173033391799005e-05,6.376423903745514e-06,0.00011694464876385631,0.008056471963153764,7.075353133625873e-09,0.00014231991445819324,0.008450862529459688,1.5632497223253913e-08,4.383481318425954e-06,0.0005672894478664652
63,0.00026070495618102867,0.0010047674937733206,1.8363306438000107e-05,6.27658621348331e-07,2.947350484444856e-05,5.811632165757487e-05,8.038620891602697e-05,3.37062279309169e-07,0.9321810696865855,8.449572460489629e-08,1.1740889399650429e-05,0.00012095545604857447,9.590975034214883e-08,2.0776372817628656e-07,0.048113857850800204,6.951023676366946e-05,6.7560319632959484e-06,0.00011512590723937583,0.008665875596123125,7.734763689146563e-09,0.0001459643628114803,0.008515464896541616,1.722335052581167e-08,4.491191274140647e-06,0.0005959982544207913
64,0.00022800918648081543,0.0008848711653728256,1.8929482045573693e-05,7.032857170378656e-07,2.73399483963379e-05,6.0160221687395275e-05,8.546158213070773e-05,3.496193686051567e-07,0.9320238910446795,9.323830428876501e-08,1.1314461565845524e-05,0.00014162095505592856,1.1168419764420728e-07,2.2477923375161278e-07,0.047689613686506864,7.329964176515781e-05,7.441371164458886e-06,0.00012744802634805883,0.008062919508635158,8.359458847125975e-09,0.00020117175839103694,0.009701508111696334,1.8670222973146286e-08,4.561986124068237e-06,0.0006489282254508039
65,0.0002828637684438198,0.0021125451675586384,5.609493707494145e-05,1.967266081799414e-06,4.545341644725261e-05,0.00013423603517558183,0.00030710032901862185,1.1855768085186131e-06,0.8359269166149251,6.518990184880482e-07,1.750300647646067e-05,0.0002645461906315867,1.2861196854256593e-07,8.22314739076294e-07,0.12751491513530142,0.0001504391494577464,1.1463522901792751e-05,0.00020847169732491458,0.011738515221898718,2.3071651677205165e-08,0.0005663322808407808,0.018454772020964114,7.165151485180976e-08,4.735779218645346e-06,0.002198245334556923
66,0.0003764752234200324,0.0006860418175901499,2.8996059263697717e-05,3.976111251881422e-07,4.385885704936934e-05,9.717145502146515e-05,6.852785015766766e-05,2.0616420936592475e-07,0.945970139277482,1.0610256976320892e-07,1.0397241618514856e-05,6.630857011778115e-05,1.494020962345483e-07,1.0964862137684081e-07,0.03806869927014378,6.77692304219574e-05,8.118390597620489e-06,0.00013713822723191606,0.008753231617994649,1.0885190707300298e-08,0.00017178244668653405,0.004777170873884511,2.115985404988085e-08,7.889309653802464e-06,0.0006592833079978632
67,0.0002398654669684144,0.0007704052784225008,3.654026172020663e-05,3.50955441123621e-06,4.147677129575908e-05,0.0005298345637482411,5.6004970557493845e-05,5.223628497618908e-07,0.9269506068243883,2.9055579588610284e-07,3.263878008932853e-05,0.0001628168745820282,5.675005797719157e-07,1.373968047098455e-06,0.04361291163883191,0.00020189875461825612,4.662602606706939e-05,0.00039741013951203686,0.009291999298129613,4.6139135039818285e-08,0.000617789871156433,0.015443455154802607,1.3110283227046565e-07,1.783199161119057e-05,0.0015434461498473816
68,0.00032497488448720284,0.0007562870605336871,4.907318983006596e-05,1.3814502344277865e-06,8.043932997449416e-06,3.911584685962537e-05,7.670793312795285e-05,3.1230619306467147e-07,0.9746848905171421,1.188488861578367e-07,5.640926335243982e-06,0.0001893692066481323,7.307369076065415e-08,1.1664385272889762e-07,0.01175378534469102,4.3114555280950867e-05,2.7567459725265895e-06,0.0001482821472283778,0.00539468062650571,4.917214954559887e-09,0.0002609295988711286,0.0058952114326200865,1.979340866985512e-08,7.556607868001654e-06,0.00035755240951987425
69,0.000223178396172798,0.0010090901730691792,2.9915800922868114e-05,9.3251722291722e-07,3.3527906030827274e-05,7.753618754583063e-05,0.00010919370035737916,6.246815905232684e-07,0.9223069567130681,8.957740662739962e-08,2.6755006282984143e-05,0.0001767675217212909,1.1236340005670917e-07,2.498833115573357e-07,0.05407941829380905,0.00010157556592484655,5.911715507964488e-06,8.559031996566644e-05,0.012232980565860127,1.0177164003847244e-08,0.00020570585963738708,0.008837289220548269,3.1214660136283356e-08,8.563228006623855e-06,0.00044799341081294865
70,0.00030112637745863344,0.0005504553018615738,2.411135354627415e-05,6.898016016225208e-07,2.325985382282404e-05,4.059263556648364e-05,6.985347472596238e-05,4.063930450463647e-07,0.9247591446616116,6.77693306542582e-08,6.690942844343221e-06,0.00010826857295831376,9.681381371086948e-08,1.924782568784224e-07,0.06310929308564019,9.141358417625674e-05,5.7878494657654375e-06,0.00016933771521217015,0.0028316276102049644,7.939707785458745e-09,7.850435181687815e-05,0.006990695160652513,8.16520219053293e-09,1.8591323946794677e-06,0.0008365089750827028
71,0.0002517084615953742,0.001154533785435734,1.482860186927134e-05,5.853639979002127e-07,4.2236394248675325e-05,4.7960003611420274e-05,8.185579810777715e-05,2.546718261141884e-07,0.9403153072543519,9.4166472646999e-08,8.914259559158607e-06,0.0001252491013348484,1.2879291775764858e-07,2.175777155958605e-07,0.04392419188586238,8.24397722418092e-05,6.9230602995655935e-06,9.519098612363831e-05,0.006583994944721121,1.2663995588243238e-08,0.00014610442659257773,0.006418943149362689,1.9199842387868817e-08,4.268092260300512e-06,0.0006940375856535521
