,0,1,2,3,4,5,6,7,8,9,10,11,12,13,14,15,16,17,18,19,20,21,22,23,24
0,0.9664311553879725,2.545596015898897e-05,0.0067129111892051865,8.678132471709375e-06,4.1142650473806454e-07,3.4215412077576777e-07,1.0122545599082795e-05,0.0005517458775295247,2.6470912225705384e-05,9.336784322005e-06,6.785275422524633e-05,0.0022872110817104487,0.0019025823301905007,2.1788525383973328e-05,1.7245546432766462e-09,0.0009442672383673161,0.000375904491108138,0.02034475163825329,6.115271424953001e-07,4.67478213859746e-07,6.404293286715058e-06,5.4599776666378044e-05,1.4065636388817154e-06,0.00021273083297861035,2.7893741693930213e-06
1,0.9640605837725088,2.6703921933448293e-05,0.007253071660626559,1.0047862960060231e-05,4.093859990367334e-07,3.731657695052266e-07,1.165756064364521e-05,0.0005821365025702129,2.403852401920481e-05,9.761190782852326e-06,6.698171777671125e-05,0.0025424163982001903,0.0021054124777126846,1.944034015427105e-05,1.8930870797128496e-09,0.0012613361879860643,0.00044461642438920726,0.021297751720702123,7.071141446414416e-07,5.164083798259324e-07,6.4440867421307305e-06,5.254086896484278e-05,1.5007696154451475e-06,0.00021861983055903756,2.9302137725178657e-06
2,0.968799720912463,2.5753148950568783e-05,0.00632028690520773,8.784235252811056e-06,4.4399729526145354e-07,3.0431970163386254e-07,1.0604564763101401e-05,0.0005799115290122577,2.3070442855185795e-05,7.908221924290325e-06,7.126133597303383e-05,0.0024887366863726285,0.001972401938679024,1.9945492083525233e-05,1.8450004715628781e-09,0.0009590390489804603,0.00038694640607976095,0.018066633932265173,5.524784920579579e-07,4.850922501466592e-07,5.725971993538385e-06,5.5823828116990614e-05,1.2096804114949678e-06,0.00019174698592979868,2.7009999460718535e-06
3,0.970401973502778,2.3259125548363347e-05,0.005857341523634599,8.276567499565315e-06,3.8131938916869845e-07,2.8056245009592586e-07,9.764345928042752e-06,0.0004989657130121655,1.9006595462035983e-05,6.831382830336403e-06,6.418565093378453e-05,0.0022962276102762025,0.0018267840558228005,1.5856493567151077e-05,1.488742966254888e-09,0.0008661393084125274,0.00037860145490851234,0.01749827187224831,5.207546778260127e-07,3.8434044003427796e-07,5.199060758134345e-06,4.762483870841548e-05,1.124487992673666e-06,0.0001707651387601602,2.2328052180694547e-06
4,0.9704314159580549,2.3153962847256023e-05,0.005728570520476674,8.130723995065156e-06,3.8219143702126564e-07,2.54387780820884e-07,9.69903422016127e-06,0.0004810853304800446,1.8764461453166286e-05,6.488326139577823e-06,6.481995053498256e-05,0.002214310427675383,0.001956952141204515,1.637214183326806e-05,1.4061345671725007e-09,0.0007755851623824932,0.0003531950001958753,0.017683762077180233,5.139778553710209e-07,3.8802421047312865e-07,5.345670469455099e-06,4.848299620965196e-05,1.0621764844646814e-06,0.0001691591412943846,2.1048094501385915e-06
5,0.9666211795739492,2.2754172729924062e-05,0.006137671006825073,9.447006577156125e-06,4.2954705568440727e-07,2.981594469622158e-07,1.02060535651987e-05,0.00047555278956576527,2.0097551603928286e-05,7.208830822362746e-06,6.489373833116826e-05,0.002114113732378808,0.0019639807363824834,1.6479390671755413e-05,1.3737278692294974e-09,0.0008143858394481012,0.0003698413510415704,0.021109352214255674,5.412092345473433e-07,4.3493210860262685e-07,5.714766237356346e-06,4.3066571806077176e-05,1.3231274385710413e-06,0.00018901363104889508,2.0126937472914366e-06
6,0.970401973502778,2.3259125548363347e-05,0.005857341523634599,8.276567499565315e-06,3.8131938916869845e-07,2.8056245009592586e-07,9.764345928042752e-06,0.0004989657130121655,1.9006595462035983e-05,6.831382830336403e-06,6.418565093378453e-05,0.0022962276102762025,0.0018267840558228005,1.5856493567151077e-05,1.488742966254888e-09,0.0008661393084125274,0.00037860145490851234,0.01749827187224831,5.207546778260127e-07,3.8434044003427796e-07,5.199060758134345e-06,4.762483870841548e-05,1.124487992673666e-06,0.0001707651387601602,2.2328052180694547e-06
7,0.9798312470765483,1.4915159705290752e-05,0.004468499244445004,5.3226526941948265e-06,2.2551712557287294e-07,1.4742456090360628e-07,6.465478970281451e-06,0.00030146600028473883,9.243772787962882e-06,3.3599976022313395e-06,5.348053791253929e-05,0.0014548029034882565,0.0019368698110964519,8.360778467947807e-06,8.75578700083325e-10,0.000426956712551095,0.0002523397766307686,0.011087533847295687,3.1650601701852437e-07,2.4449150828955324e-07,3.4303898614186856e-06,3.580053701999918e-05,5.643588873353439e-07,9.731819639925037e-05,1.087952560937744e-06
8,0.9711967871592933,2.3037686113575612e-05,0.005970600111275152,8.133126857171796e-06,3.7943469527982246e-07,2.74517308859542e-07,9.166027530158635e-06,0.0004774527185030632,1.8836817528019027e-05,6.852759677170316e-06,6.257756920096916e-05,0.002244790822623173,0.0017721318181598614,1.5721964554818044e-05,1.4594709460431137e-09,0.0008454690358482445,0.00037425638177418453,0.016744119522811355,4.903841068649411e-07,3.7733531442393317e-07,4.994668319490214e-06,4.5975046052105454e-05,1.118039223490297e-06,0.0001742048389346733,2.250754823710352e-06
9,0.9811526979323194,2.648840189114909e-06,0.00028595641869234796,1.8670294219534004e-06,1.184261366969728e-07,1.5756171082169253e-07,7.220671940756006e-05,0.0002630855242959191,3.3054993385443193e-06,9.77710199940697e-08,9.398400960236301e-05,0.0020130794833301915,0.0019126414820407032,8.081721049311233e-07,4.4357184830493846e-10,0.00010050053900736992,0.00010206044638193374,0.013931437560263287,7.961119382241955e-07,3.281347894561108e-08,4.071141374503156e-06,4.976555350080235e-05,1.8605756831939593e-07,8.357513946154636e-06,1.3694935815432482e-07
10,0.970401973502778,2.3259125548363347e-05,0.005857341523634599,8.276567499565315e-06,3.8131938916869845e-07,2.8056245009592586e-07,9.764345928042752e-06,0.0004989657130121655,1.9006595462035983e-05,6.831382830336403e-06,6.418565093378453e-05,0.0022962276102762025,0.0018267840558228005,1.5856493567151077e-05,1.488742966254888e-09,0.0008661393084125274,0.00037860145490851234,0.01749827187224831,5.207546778260127e-07,3.8434044003427796e-07,5.199060758134345e-06,4.762483870841548e-05,1.124487992673666e-06,0.0001707651387601602,2.2328052180694547e-06
11,0.97168948330794,2.2584621071133e-05,0.00554643894222776,8.002858925416181e-06,3.7740365495452746e-07,2.6727334061079215e-07,9.793387945512851e-06,0.00046433854463649184,1.8305895343967523e-05,6.21306680494638e-06,6.488997439149636e-05,0.0022885196730701714,0.0019203115674629237,1.4898199790302377e-05,1.483326880361599e-09,0.0008180290977877988,0.0003625569502791803,0.016536200574031098,5.155222534733583e-07,3.806366380861703e-07,5.052965111325236e-06,4.8581653091805796e-05,1.0579288469611167e-06,0.00017103541739044704,2.1630546373691393e-06
12,0.9702058406422435,2.4091420133760786e-05,0.005511568146251718,9.349802970447674e-06,3.36709837678699e-07,2.861753965154069e-07,1.0136219119461566e-05,0.0005357091582516612,1.8743017992379007e-05,6.991151094296879e-06,6.257780366306431e-05,0.0022671737218937153,0.0018691316491454405,1.4888852978050573e-05,1.5732141015678957e-09,0.0008911264671642879,0.00036844570292283134,0.01798755489507325,6.131337993948483e-07,3.4527684101967563e-07,5.07879270983183e-06,4.8627731451644154e-05,1.1086558303465993e-06,0.00015819189904577258,2.08140097586823e-06
13,0.9795145852594719,1.8182415356820257e-05,0.003971046684961745,4.658757182955154e-06,3.0506473398399873e-07,1.354615591944119e-07,7.053111201961896e-06,0.0004928020636481445,1.2930004224633863e-05,3.3350116021279555e-06,7.333793553772036e-05,0.002498395878902882,0.0015670884124363326,1.4288297153410811e-05,1.2263798897792114e-09,0.0004948118345006928,0.0002474222452328939,0.010914547551904383,3.221015521393497e-07,2.4270729039803544e-07,3.85392259475957e-06,5.693570567730164e-05,4.65801927367316e-07,0.0001013687424687071,1.8838024976711806e-06
14,0.9741619788064335,2.0228673285992602e-05,0.0059995129595839455,6.5765699750247265e-06,3.551101670095211e-07,3.1965082612417155e-07,1.0299251284358943e-05,0.0005080875649358096,2.011704623545714e-05,6.104697679028894e-06,6.52691569505568e-05,0.002874236230975239,0.0015468340606814876,1.4664956974030163e-05,1.7606835822659008e-09,0.0009928431650285297,0.0003787980801667622,0.01317503441571073,4.3501919284228297e-07,3.5926220030652724e-07,4.210947439609724e-06,4.910962003300196e-05,1.0311020226692885e-06,0.00016064198623948195,2.949905294977102e-06
15,0.970401973502778,2.3259125548363347e-05,0.005857341523634599,8.276567499565315e-06,3.8131938916869845e-07,2.8056245009592586e-07,9.764345928042752e-06,0.0004989657130121655,1.9006595462035983e-05,6.831382830336403e-06,6.418565093378453e-05,0.0022962276102762025,0.0018267840558228005,1.5856493567151077e-05,1.488742966254888e-09,0.0008661393084125274,0.00037860145490851234,0.01749827187224831,5.207546778260127e-07,3.8434044003427796e-07,5.199060758134345e-06,4.762483870841548e-05,1.124487992673666e-06,0.0001707651387601602,2.2328052180694547e-06
16,0.967866063080868,2.4857706994792665e-05,0.006757813905790695,9.14792284271936e-06,4.2052934578685594e-07,3.350941675957167e-07,1.0405084431384264e-05,0.0004914388178172388,2.0906522252588614e-05,8.147533548425622e-06,6.458612084150389e-05,0.002272260837496175,0.0019830168410860665,1.6600619255421264e-05,1.6032845606181822e-09,0.001016733309282127,0.0004231684728245621,0.01876794241919131,5.56720928219537e-07,4.7646460823922006e-07,5.641633949071152e-06,4.6920807011457e-05,1.3751772552793266e-06,0.00020869428699439905,2.488487932379819e-06
17,0.9718729446766494,1.99045653315679e-05,0.005183891682676871,7.3407574792902304e-06,3.856989135560549e-07,2.3194909220471293e-07,9.541829347577786e-06,0.00043016374463498714,1.7771764522661554e-05,5.190722657667005e-06,6.32016518836688e-05,0.002186780454583394,0.0018002266353336661,1.4754529419815035e-05,1.174560542633758e-09,0.0006513783487827613,0.0003176453850078689,0.01720949455504742,4.3260402775046504e-07,3.4079294309529365e-07,4.863014975151852e-06,4.3526586411803444e-05,9.8090590304364e-07,0.00015716160013355018,1.8443696810008247e-06
18,0.9701819225065598,2.3484572444123205e-05,0.005899856297600033,8.179997563249876e-06,3.829651004679719e-07,2.8159349180617343e-07,9.90616926281534e-06,0.0005011731758661653,1.928323442780217e-05,6.884591791600212e-06,6.460254284085559e-05,0.0023445868772726656,0.0018308922150661042,1.620468171531873e-05,1.5021508480168933e-09,0.0008810543141967184,0.00038236111415567624,0.017597805792432013,5.26295588107764e-07,3.8773520581700237e-07,5.2861176180372435e-06,4.8246446993860246e-05,1.1322934245847988e-06,0.00017325494303990023,2.3020241917909178e-06
19,0.9666239859809128,3.153651104645829e-05,0.006899436889254396,1.3747697046746667e-05,5.575292922649189e-07,4.366375523150201e-07,1.2928537071630996e-05,0.0005955469348743782,3.042478616690246e-05,1.0438493894040587e-05,6.618574623792526e-05,0.002949139449726791,0.0021666256402103016,2.0209159177142623e-05,2.2979187097854824e-09,0.0012318128439265368,0.0004617480106755307,0.01856234050593221,6.841962233774055e-07,5.413229719442907e-07,5.432009993272256e-06,5.9584785322638595e-05,1.6007954887352116e-06,0.0002519745351313805,3.0787039517571457e-06
20,0.9710191619972448,2.578052064535305e-05,0.005146197493962306,9.056903284317904e-06,3.983930430896129e-07,2.5419343192952727e-07,9.793859168891447e-06,0.000626798834628268,2.0805729131882317e-05,7.055264212984808e-06,7.192299503361919e-05,0.002179770424431266,0.0020496227817318833,1.8867189685715663e-05,1.6877605524095456e-09,0.0007298992656955558,0.0003358913123327941,0.01752393658736976,5.91087764698711e-07,3.9262609846451967e-07,5.55069805184381e-06,6.472475615341758e-05,9.50169143707228e-07,0.0001505091379627016,2.0660920303057074e-06
21,0.9536945070340781,0.00016186317493304035,0.006572162862851748,5.698508296835976e-05,2.1950981708958312e-06,8.182540589186089e-06,5.710698083034759e-05,0.002928788231515261,0.00028979801756485714,0.00010294242242570946,0.0002152178345769326,0.004084907137258319,0.003907118853970709,4.845520397197712e-05,4.254777489913522e-08,0.0036142410362649496,0.0008845067249655836,0.022303149394299872,9.447136644355734e-06,1.647179532959831e-06,1.189151827222691e-05,0.0006437981891758605,4.7136965220890055e-06,0.00038317083867399647,1.3161262167921032e-05
22,0.970138431258754,3.8110812398702244e-05,0.005566053361362643,1.3299491085221925e-05,7.251897608756777e-07,3.4443951671773773e-07,2.238769895424282e-05,0.00038438536492708687,6.49053050909984e-05,6.418354691508414e-06,7.084769723994144e-05,0.006720822321798269,0.003044955671906096,2.492959504305164e-05,4.355395818533489e-09,0.001593303182162099,0.0002851080758939441,0.011355060125104786,6.905860989173783e-07,6.024840110497795e-07,3.955967654854146e-06,7.696505033924822e-05,1.2382361833822737e-06,0.0005792348989195056,7.220475706834993e-06
23,0.970401973502778,2.3259125548363347e-05,0.005857341523634599,8.276567499565315e-06,3.8131938916869845e-07,2.8056245009592586e-07,9.764345928042752e-06,0.0004989657130121655,1.9006595462035983e-05,6.831382830336403e-06,6.418565093378453e-05,0.0022962276102762025,0.0018267840558228005,1.5856493567151077e-05,1.488742966254888e-09,0.0008661393084125274,0.00037860145490851234,0.01749827187224831,5.207546778260127e-07,3.8434044003427796e-07,5.199060758134345e-06,4.762483870841548e-05,1.124487992673666e-06,0.0001707651387601602,2.2328052180694547e-06
24,0.9637329094133683,3.212841581064264e-05,0.006161182776981621,1.2701857872851767e-05,4.4276250363470387e-07,2.9927531867158423e-07,1.1336483999006954e-05,0.0006463835214044197,2.31609288652009e-05,9.546502241615817e-06,6.54187409732708e-05,0.0023309428503884098,0.0022227446371601033,2.0908200049146916e-05,1.7009797423205488e-09,0.0009784208389671091,0.00041837172419754716,0.02307469249244653,7.481034202808981e-07,4.5058825818486573e-07,6.4487127675356035e-06,5.667647621112579e-05,1.3420762917683985e-06,0.00019052940143141094,2.2115180918964345e-06
25,0.9721988192264689,3.282727271075081e-05,0.007570827261996538,1.0154140095108115e-05,3.9650296433478854e-07,3.881134817192901e-07,9.296419759532075e-06,0.0003340779932162882,3.137147045789826e-05,1.1494257421973866e-05,5.085020315062855e-05,0.002377125240312643,0.0019355347455729235,1.8502632560701736e-05,2.515205071778504e-09,0.001272718473793418,0.0004450001882901616,0.013292359569225903,6.837898572043307e-07,4.36039121402448e-07,5.030397308347749e-06,5.0398830946318366e-05,1.7021896860184681e-06,0.00034589990583573557,4.102620560569304e-06
26,0.9698196903867321,2.9950912240736292e-05,0.00523726189156855,8.681916957977034e-06,3.374631798109459e-07,2.9441706042362896e-07,1.2600873625908682e-05,0.0008716948752574537,1.801248265296592e-05,7.686719045732506e-06,7.729123708417354e-05,0.003025458388305447,0.0019363143306359624,1.8361224599709608e-05,2.154954962467728e-09,0.0011338915909654837,0.00046066664644099203,0.017135115254224433,7.66467913484618e-07,3.5446190615116133e-07,6.028815251965661e-06,7.661374543190825e-05,8.87409108399712e-07,0.00011941231145687962,2.62402339854001e-06
27,0.9651393204577963,2.082343268499518e-05,0.007695980292551532,6.5775910924891605e-06,3.398721170576408e-07,2.388108369546371e-07,9.903987404562966e-06,0.00036126165421484244,1.133005354384042e-05,6.215450607830524e-06,5.630069275821145e-05,0.002061223990188104,0.0017158552913672117,1.3430636501268664e-05,9.889107331626912e-10,0.0009335228027063485,0.0005163571278060366,0.02126039690312557,4.348263097549398e-07,3.803754737262215e-07,6.377011231917454e-06,2.727816227157631e-05,1.2865088002236665e-06,0.00015326190762422897,1.9011720747391468e-06
28,0.970401973502778,2.3259125548363347e-05,0.005857341523634599,8.276567499565315e-06,3.8131938916869845e-07,2.8056245009592586e-07,9.764345928042752e-06,0.0004989657130121655,1.9006595462035983e-05,6.831382830336403e-06,6.418565093378453e-05,0.0022962276102762025,0.0018267840558228005,1.5856493567151077e-05,1.488742966254888e-09,0.0008661393084125274,0.00037860145490851234,0.01749827187224831,5.207546778260127e-07,3.8434044003427796e-07,5.199060758134345e-06,4.762483870841548e-05,1.124487992673666e-06,0.0001707651387601602,2.2328052180694547e-06
29,0.970401973502778,2.3259125548363347e-05,0.005857341523634599,8.276567499565315e-06,3.8131938916869845e-07,2.8056245009592586e-07,9.764345928042752e-06,0.0004989657130121655,1.9006595462035983e-05,6.831382830336403e-06,6.418565093378453e-05,0.0022962276102762025,0.0018267840558228005,1.5856493567151077e-05,1.488742966254888e-09,0.0008661393084125274,0.00037860145490851234,0.01749827187224831,5.207546778260127e-07,3.8434044003427796e-07,5.199060758134345e-06,4.762483870841548e-05,1.124487992673666e-06,0.0001707651387601602,2.2328052180694547e-06
30,0.970401973502778,2.3259125548363347e-05,0.005857341523634599,8.276567499565315e-06,3.8131938916869845e-07,2.8056245009592586e-07,9.764345928042752e-06,0.0004989657130121655,1.9006595462035983e-05,6.831382830336403e-06,6.418565093378453e-05,0.0022962276102762025,0.0018267840558228005,1.5856493567151077e-05,1.488742966254888e-09,0.0008661393084125274,0.00037860145490851234,0.01749827187224831,5.207546778260127e-07,3.8434044003427796e-07,5.199060758134345e-06,4.762483870841548e-05,1.124487992673666e-06,0.0001707651387601602,2.2328052180694547e-06
31,0.9727777931485299,2.0262021267661735e-05,0.005642268469056874,5.940024908244265e-06,2.713619550393259e-07,2.0744808109926307e-07,7.461824556921806e-06,0.0005134916493059382,1.2404403053136448e-05,5.679688963833455e-06,5.9052937554251116e-05,0.0018460523398829561,0.0015626864785467578,1.3156044033061403e-05,9.778088618857278e-10,0.0007005150244054003,0.0003629133789570306,0.016310095949005503,3.962207782764434e-07,2.9544518355969995e-07,4.735152408450054e-06,4.082320460325227e-05,8.437939214461595e-07,0.00011100220802831951,1.6508052043911765e-06
32,0.9693516755987468,2.395570591963105e-05,0.005789954236524948,8.837327878987787e-06,3.9795332361948773e-07,3.0059167788860587e-07,1.0488654299934113e-05,0.0005161178807602624,1.974365737876266e-05,7.099193371949956e-06,6.710235484934207e-05,0.002350707606524227,0.0019122181927197241,1.618009090512013e-05,1.6442534151370845e-09,0.0009139394138158524,0.0003915132068313097,0.018381944081300283,5.946845200916695e-07,4.0335192958052777e-07,5.591984381367063e-06,5.0536097334060285e-05,1.1953668786733187e-06,0.00017717904851166522,2.3220753624152083e-06
33,0.9649890078308393,2.7414524775635038e-05,0.009151290280983366,9.384875595455875e-06,4.930913274682556e-07,4.358194333015837e-07,1.0057687566957854e-05,0.0005373932474159627,3.197745179026758e-05,1.2344629156451139e-05,6.350941776719605e-05,0.0022170895272471394,0.0016966681642285558,2.5583673225004636e-05,2.01716642252847e-09,0.0010714861945571063,0.00043063748088651923,0.019410673542396607,5.31272857599283e-07,5.720552984756779e-07,6.536267536278209e-06,4.6551205001332494e-05,1.919332468789959e-06,0.0002548891246682626,3.5512858103752227e-06
34,0.9349963145570811,7.47179780609326e-05,0.013686520612874599,2.361020824323059e-05,9.542875983211845e-07,9.325903298842153e-07,2.4428696929215873e-05,0.0014078215277668923,6.0668745632694554e-05,3.535141704146243e-05,8.327586130953e-05,0.0054516218552573235,0.0029271941044733997,5.3146542684995685e-05,4.40292900114397e-09,0.0045408558381032195,0.0011307539788265244,0.03488068995216555,1.393357024550372e-06,1.4747368444884346e-06,1.1407230260703182e-05,0.00010212982034848162,3.4677493843279752e-06,0.0004929927896373951,8.27115919197048e-06
35,0.44709926386163545,0.0027254304203141485,0.3196353645193993,0.0010543823638734346,6.256710032452111e-05,5.335453280776979e-06,0.00021575825257651851,0.000826382849126383,0.001061201181182607,0.001372325955023968,0.0001521180551804283,0.008816164427477024,0.08104774806663687,0.0025558035967661653,4.421982422720246e-07,0.045887045333571,0.006414905832471389,0.051050597909797955,1.024700950226069e-05,0.0005600460430369452,0.00018197188830133362,0.00021355137146375911,0.00010153202483372895,0.028728544301676238,0.0002212699843055996
36,0.9703862327067453,2.338842194578096e-05,0.005848180604961028,8.289227935216476e-06,3.7977136280187363e-07,2.8071706103685866e-07,9.805344505825024e-06,0.0005044396379083162,1.9029675203104298e-05,6.857601762790148e-06,6.419943561209841e-05,0.0023124736235504953,0.001831418647375528,1.589612853728541e-05,1.4948453884166806e-09,0.000873955757727835,0.00038042734679976774,0.017487422248405386,5.231977588835274e-07,3.84505908230765e-07,5.1886570828541446e-06,4.809167384177455e-05,1.1182191154599255e-06,0.00016977763227556548,2.237721772488944e-06
37,0.9277168467812126,0.0001758069084953865,0.011361112238760216,5.1222984597828024e-05,1.172883876877665e-06,2.6561516226949297e-06,3.1621775479593735e-05,0.005208475556125875,9.21615724467415e-05,9.836531941506635e-05,0.0001525890885792209,0.007208435558081514,0.0034640032073789597,6.238342265340316e-05,2.5616841678663526e-08,0.011516994394383761,0.0018263483733961402,0.03027915038526013,5.325307614387416e-06,2.138761455063849e-06,1.3012123709247827e-05,0.0003703694736524259,3.491924591020365e-06,0.0003420084745653202,1.4281715804719267e-05
38,0.9750168571406911,2.6205871984583627e-05,0.005646889187984943,7.741587346826687e-06,3.989925692781486e-07,1.804178602106403e-07,6.668376486644006e-06,0.0005166622263896065,2.337296460895686e-05,6.437267442897392e-06,5.8633386322650694e-05,0.0023982070501198808,0.0015491292939537992,2.1911588283447042e-05,1.1890421026607897e-09,0.0005769578297785862,0.0002641632725818802,0.013648774166135096,3.2195007819395145e-07,3.0700954682092336e-07,3.849460704132468e-06,5.053976196435671e-05,7.903521752188947e-07,0.00017272008839059024,2.2795675580279555e-06
39,0.970823788177316,2.0878965226459082e-05,0.004802315609252279,6.914054475142988e-06,3.3463178018863214e-07,3.652620348081348e-07,1.2006852368054935e-05,0.0007418200698514826,1.4196400163965128e-05,5.714666485295497e-06,8.042554905031398e-05,0.002935441814707716,0.0015931221275250985,1.1660680398307977e-05,1.5744154364058314e-09,0.0010926662349863986,0.0004710041915034069,0.017206376960016704,6.104138953346387e-07,3.291373117762926e-07,5.180017438401126e-06,5.967824984554525e-05,9.618259333719351e-07,0.00011197221845421325,2.2343155643523078e-06
40,0.9794803375070962,1.8296453880228963e-05,0.005385265238498167,4.776458980071958e-06,3.2336548136099346e-07,1.88750892683317e-07,7.719814836277374e-06,0.00033519382186358816,1.357930338334353e-05,3.8389321190299815e-06,5.840596222297705e-05,0.0024179290144805588,0.001522835416772215,1.2051937621021269e-05,1.1675329917790513e-09,0.0005849994389789697,0.0003178858736711917,0.009656774541504104,2.7354470768391084e-07,2.7391327226158755e-07,3.618845574339764e-06,4.100067366386148e-05,6.778733865644107e-07,0.0001316417155944457,2.110433985923861e-06
41,0.9744798554352565,2.1362709625606083e-05,0.005818968473595795,1.0129874604118028e-05,4.263162519459702e-07,3.238262611723528e-07,8.51303510413864e-06,0.0004912714519266432,2.0926886014862124e-05,6.858211945858549e-06,6.143253508214482e-05,0.0022398132026158228,0.0016016199687396762,1.3975926664575866e-05,1.7903515489518571e-09,0.0007929706863109832,0.00033582207694255584,0.013874718195497793,4.360554852926038e-07,3.6324174604645277e-07,3.803429468825937e-06,4.3996533291211284e-05,1.1281450899480664e-06,0.00016911701335274582,2.1649787744432925e-06
42,0.9737065594593582,3.092328026850951e-05,0.004763446380342955,9.204323183361058e-06,3.5544508483634353e-07,3.475868532512087e-07,1.1965212559987865e-05,0.0007401962932716552,1.8011568599413122e-05,7.134045353408054e-06,7.372104534407761e-05,0.0032470060309302867,0.0020918455678010078,1.3166059937144971e-05,2.392951050969559e-09,0.001397869532157547,0.0005163001617040153,0.01312474538954379,7.602628262821527e-07,3.831249336229835e-07,4.647478464681052e-06,8.748730675527709e-05,8.697656930452637e-07,0.00015023309132255436,2.8191947598578256e-06
43,0.9598859089082502,3.28633132287403e-05,0.008216545945972476,1.3706802540174248e-05,5.359966082102838e-07,6.640220475964478e-07,1.1478331832796607e-05,0.0009085398927403529,3.032234304505077e-05,1.7721149749645994e-05,7.947685498555757e-05,0.0022439955655831666,0.0019181884471627887,2.410365065064855e-05,2.8132862088564098e-09,0.0014654380839356884,0.00057979268918596,0.024268064546643292,9.315991261502568e-07,6.619472642636486e-07,7.896894668913917e-06,7.002685716292963e-05,2.143242629002712e-06,0.00021767719142821618,3.312910271860133e-06
44,0.970401973502778,2.3259125548363347e-05,0.005857341523634599,8.276567499565315e-06,3.8131938916869845e-07,2.8056245009592586e-07,9.764345928042752e-06,0.0004989657130121655,1.9006595462035983e-05,6.831382830336403e-06,6.418565093378453e-05,0.0022962276102762025,0.0018267840558228005,1.5856493567151077e-05,1.488742966254888e-09,0.0008661393084125274,0.00037860145490851234,0.01749827187224831,5.207546778260127e-07,3.8434044003427796e-07,5.199060758134345e-06,4.762483870841548e-05,1.124487992673666e-06,0.0001707651387601602,2.2328052180694547e-06
45,0.9704047515982519,2.3473279721396267e-05,0.006142911117323287,7.63131311642013e-06,3.627472320770846e-07,2.5559626526590745e-07,8.84637634762668e-06,0.0004699476110013933,1.8215752010384117e-05,6.933314587663507e-06,6.121019850010956e-05,0.002185879419449319,0.0017686175302984801,1.6485353708770138e-05,1.3282798173461322e-09,0.0008281874809856219,0.00037826976499704204,0.01745193104925426,4.802548926808921e-07,3.720443125958341e-07,5.278969819287819e-06,4.496142958064057e-05,1.100566761718257e-06,0.0001716870583224041,2.2088449798282764e-06
46,0.9726513584444301,2.25031132424277e-05,0.005385659436151382,7.820434921206948e-06,3.601691272926907e-07,2.6848422062110786e-07,9.519038913255657e-06,0.0004774258704821599,1.6414241973230528e-05,6.0592519983630895e-06,6.30822344724294e-05,0.0023043627693242158,0.0017833920529649713,1.344420483716124e-05,1.438506623668815e-09,0.0008543036360147926,0.00039361769229120914,0.015799373993197172,5.025038643519645e-07,3.480280893023323e-07,4.746475639509157e-06,4.78456354890191e-05,1.0111468795710112e-06,0.00015450203498453514,2.0776679852259772e-06
47,0.16043743308438257,8.765518071715561e-06,0.0408326100635964,0.00010751522978523173,3.6777372269158392e-06,3.1015074935595977e-06,1.6050861282665532e-05,0.0011128682021918743,0.00014820539346393596,0.00029210108262315285,4.751166039805661e-05,0.00013509964830359537,0.0005995942614631988,0.00039942916784600676,2.7853624045715104e-09,0.0005686678468513521,0.00019533670116977028,0.7943973764046487,3.1330878416083064e-06,4.73338188503209e-06,0.00018176692983617445,3.497686026374209e-06,0.00010401028381897332,0.00039557192129656996,1.9395531342400865e-06
48,0.9703706260222231,2.313328170510858e-05,0.005872915919572373,8.259215005420093e-06,3.828215167045753e-07,2.810166038738468e-07,9.768810227657685e-06,0.0004958216963726428,1.911275996614881e-05,6.81403185442072e-06,6.427564900385853e-05,0.002301509364443791,0.001828699248747368,1.5885845307787273e-05,1.4892886304302586e-09,0.0008655720172089558,0.00037658532580535077,0.017511216300644922,5.185753348017026e-07,3.863498145581261e-07,5.198092617815428e-06,4.742703720357038e-05,1.1279483005360034e-06,0.00017223854776437638,2.2426334661985487e-06
49,0.9720950593971635,2.0370675455135386e-05,0.006079647972497604,7.234870903908204e-06,3.809260206762934e-07,3.0104948498464694e-07,9.594314054756202e-06,0.0004611183448478166,1.797854064202774e-05,5.946681783252551e-06,6.4686975286695e-05,0.0024453655552708732,0.0017833085310878295,1.3851006769940589e-05,1.3122249675232796e-09,0.0008264464632668344,0.00036616203918487996,0.015585260908108182,4.0542908924728606e-07,3.9739389158336236e-07,4.529702138619418e-06,4.403034929835858e-05,1.0496521693802101e-06,0.00016473052049289624,2.1413888661120955e-06
50,0.9757670012707965,1.7542220427249532e-05,0.005079597743246038,5.844073606356455e-06,3.69936844806041e-07,2.0389537171777832e-07,7.250580583408948e-06,0.00022984363119256732,1.3793100321834236e-05,3.639085960922456e-06,5.5074508190863145e-05,0.002186601377525525,0.0016032010678070018,9.363501458547346e-06,1.0504659378464989e-09,0.0007547564027210928,0.0003352320609374991,0.013668170288877492,3.244159982732401e-07,3.3336049975220785e-07,3.800310369333728e-06,2.9231632430676915e-05,9.99569768442173e-07,0.00022588862175007698,1.9362928479234035e-06
51,0.9708239948237066,3.0359532882783694e-05,0.005690398089473123,1.0637579843621789e-05,3.743298652010843e-07,2.3716979033010688e-07,8.861482972515758e-06,0.0006348143570288539,2.020218877397682e-05,7.788149822906052e-06,6.25655051213172e-05,0.002240582143815527,0.0019475091164617177,1.878988711331483e-05,1.5687026217276038e-09,0.0007882981894329932,0.0003493297771879307,0.017147346204907293,5.421494334989596e-07,3.6840575410662806e-07,4.842771700227576e-06,5.4858753624730284e-05,9.800282523143485e-07,0.00015430393473502428,2.0138595975648013e-06
52,0.9769970809529103,2.5516527911160937e-05,0.005994933879938584,5.025696881030005e-06,4.363606623527069e-07,1.8430480954457935e-07,1.450765338492301e-05,0.0003237138266573458,1.721250304884585e-05,3.09335636915507e-06,5.930421938748113e-05,0.0040441382914558266,0.001917797347474503,1.4781329076593262e-05,1.1784994596000607e-09,0.0007326277343785694,0.00035905894741889804,0.009250725557016445,2.933726318246918e-07,3.0054503135677997e-07,4.67359679479482e-06,4.558033374722994e-05,7.269250299055822e-07,0.00018511012570947426,3.1754337743266816e-06
53,0.966760244031471,2.3558504266298884e-05,0.005888094656583142,8.42966637076258e-06,4.5842801473084084e-07,3.584168747287238e-07,1.8023021358153073e-05,0.0005775413066167184,2.4900769270762602e-05,5.91827606329212e-06,7.295282785571551e-05,0.003556935827228363,0.002045212337322293,1.768596347743056e-05,1.7640870334813026e-09,0.0010826971702051194,0.00039488506023741346,0.01927603181599985,5.773129128334772e-07,4.507135163706853e-07,5.808939536746958e-06,5.20564647987723e-05,1.2763186699214308e-06,0.0001830118619429269,2.888545319710339e-06
54,0.9679582637610942,1.0538311036888855e-05,0.0037451809469918303,8.287002063324386e-06,3.7900759012549206e-07,2.576797383980919e-07,7.95980910439008e-06,0.0002933071958916277,1.0402479944399595e-05,3.4701595509498363e-06,6.282461386426909e-05,0.0009186816250564597,0.0016089382743619378,7.147456711082643e-06,6.628710229163241e-10,0.0002968718374625353,0.00024371286772761715,0.024684443101109007,4.484192225878582e-07,2.484247582076946e-07,5.392587728198108e-06,2.5130257525424845e-05,1.1912839349218716e-06,0.000106292821899868,6.294127606769818e-07
55,0.9705514644201563,2.2818719987713547e-05,0.00577955395091885,8.211671874956178e-06,3.818321302450337e-07,2.785249871250239e-07,9.875660451659302e-06,0.000488920454796849,1.9123711190902786e-05,6.6101016203052995e-06,6.41474538929441e-05,0.0023343299240644764,0.00182924022913259,1.5648877928092725e-05,1.4724073624334658e-09,0.000856784261651215,0.0003706275264977923,0.01741335013373805,5.136821775818308e-07,3.808935513303876e-07,5.113835912902245e-06,4.708449982855086e-05,1.11554738894573e-06,0.00017219452103150743,2.228092681863594e-06
56,0.9710993870592318,2.272179387626896e-05,0.005632128785790533,8.0923021380933e-06,3.755822948151558e-07,2.6960960005377756e-07,9.75900905108326e-06,0.0004803537386015002,1.84424969313408e-05,6.406124381443014e-06,6.437115864843639e-05,0.002269016685027247,0.0018668387388095064,1.5257005152091014e-05,1.4569826531187905e-09,0.0008219414081532213,0.0003656693664268366,0.017094500050788403,5.152920831180773e-07,3.760404229667395e-07,5.111159309856713e-06,4.770914630434632e-05,1.079207677321652e-06,0.00016753026439782041,2.1465179195072313e-06
57,0.9699693461698601,2.7400930140690075e-05,0.005197577077156034,8.668537170537871e-06,3.5981485603620936e-07,2.742846264337586e-07,1.2262520665143433e-05,0.0005347358560647601,1.9032971923379824e-05,6.40620366001921e-06,6.929059210122163e-05,0.0028825278276018336,0.002346322060489956,1.5572252472802233e-05,1.7541539686169018e-09,0.0010539581501284973,0.0004033600986625968,0.01719869005926515,7.312296631503677e-07,3.9229996852747444e-07,5.857266168705498e-06,6.391386950931871e-05,9.99623314543484e-07,0.00017980022473612162,2.51832564058652e-06
58,0.9705959935194769,2.2620660983499664e-05,0.005742365014807598,8.529819337548858e-06,4.2691816220463534e-07,2.82635805114112e-07,1.0174894843280786e-05,0.00041957275499921256,2.055746154700376e-05,6.299504757439889e-06,6.622387886445247e-05,0.002385821518667056,0.0020202222753168885,1.5544764048782774e-05,1.5550743243504358e-09,0.0008389752317344984,0.0003528260129754241,0.017226738895468045,5.213703668227028e-07,4.2637177718449634e-07,5.187186762408338e-06,4.6714922157936045e-05,1.1879006672745408e-06,0.00021043781519104046,2.3471162081324974e-06
59,0.9696874409881943,2.3653850466414312e-05,0.0063509505264800195,8.564254485066625e-06,4.282119316293024e-07,3.0229263052174175e-07,9.92296370606484e-06,0.00044075396248720013,2.106379317512764e-05,7.178097410612142e-06,6.459845333408087e-05,0.0023191308715878444,0.00194746216879093,1.6535696935484712e-05,1.5491157293170521e-09,0.0009006463855337724,0.0003810726162130171,0.01754942546415995,5.168058543605246e-07,4.427539475891766e-07,5.447148019615474e-06,4.621554922410128e-05,1.2764586555214532e-06,0.00021448874680162012,2.480390859583998e-06
60,0.970401973502778,2.3259125548363347e-05,0.005857341523634599,8.276567499565315e-06,3.8131938916869845e-07,2.8056245009592586e-07,9.764345928042752e-06,0.0004989657130121655,1.9006595462035983e-05,6.831382830336403e-06,6.418565093378453e-05,0.0022962276102762025,0.0018267840558228005,1.5856493567151077e-05,1.488742966254888e-09,0.0008661393084125274,0.00037860145490851234,0.01749827187224831,5.207546778260127e-07,3.8434044003427796e-07,5.199060758134345e-06,4.762483870841548e-05,1.124487992673666e-06,0.0001707651387601602,2.2328052180694547e-06
61,0.9705147501462409,2.200091665444145e-05,0.006220099423634164,7.987360634594236e-06,4.099171835680241e-07,2.868457894747968e-07,9.386041964722615e-06,0.0004206983731949237,2.0284419931323764e-05,6.692653564926931e-06,6.345505917910543e-05,0.0022295690279148252,0.0018229948519020483,1.6032874813084086e-05,1.4233230862074084e-09,0.0008136907858778111,0.00035620673339446904,0.01721897084456565,4.777442695156317e-07,4.044470991662439e-07,5.265134731461499e-06,4.3173577119562305e-05,1.2288057651682799e-06,0.0002035686598449325,2.363931407161433e-06
62,0.970401973502778,2.3259125548363347e-05,0.005857341523634599,8.276567499565315e-06,3.8131938916869845e-07,2.8056245009592586e-07,9.764345928042752e-06,0.0004989657130121655,1.9006595462035983e-05,6.831382830336403e-06,6.418565093378453e-05,0.0022962276102762025,0.0018267840558228005,1.5856493567151077e-05,1.488742966254888e-09,0.0008661393084125274,0.00037860145490851234,0.01749827187224831,5.207546778260127e-07,3.8434044003427796e-07,5.199060758134345e-06,4.762483870841548e-05,1.124487992673666e-06,0.0001707651387601602,2.2328052180694547e-06
63,0.9703339614507209,2.5819305352523802e-05,0.005907190689188317,8.566384623439244e-06,3.8623668009626627e-07,2.803855986207123e-07,9.86090761701878e-06,0.0005160174976523125,1.962846707365103e-05,7.2425897662532995e-06,6.441812854384037e-05,0.0023802458165008383,0.0018760020702966644,1.6696165875626678e-05,1.5829416824128682e-09,0.0009164848078067422,0.0003962941514282549,0.0172816123166891,5.512083376732314e-07,3.9385772671699297e-07,5.3410660215619385e-06,5.086427529315912e-05,1.1366075467532428e-06,0.0001786236552968498,2.3803754212295427e-06
64,0.969299764098729,2.278340699252357e-05,0.005977797625503291,7.714059826270295e-06,3.8403520375057157e-07,2.736853267766828e-07,1.0120758807600373e-05,0.00047030472527197773,1.815949489962109e-05,6.640704996742232e-06,6.539648232646598e-05,0.0021702316435417545,0.0018597992516141916,1.6275248740638458e-05,1.4195785441903651e-09,0.0008235875634958752,0.00038530978968774913,0.018638325546538,5.476838958899464e-07,3.8613433038780764e-07,6.0432767961293406e-06,4.627853475938973e-05,1.1797948027916864e-06,0.00017047924246777334,2.2157918670110774e-06
65,0.9702052529094181,2.7599568106899175e-05,0.007051678661718744,7.484378105631655e-06,3.695893560775885e-07,2.2950705845909447e-07,8.551461342226389e-06,0.0005076875450244932,2.3247123801646607e-05,7.96065421109076e-06,5.9625378452914934e-05,0.0024164231959693614,0.0019542990710042325,2.236686942044895e-05,1.3543032090562353e-09,0.0008464289230269152,0.00034388867320212413,0.01625639089926916,4.1823681376787e-07,4.371754862796043e-07,5.102600190226377e-06,5.088689833071475e-05,1.0254315081307892e-06,0.00019997503009544715,2.6688647836989396e-06
66,0.9714517281146885,2.115639450683766e-05,0.005858765197230128,7.519558738010974e-06,3.4915527154717723e-07,2.4486851162376564e-07,9.191174911233511e-06,0.0004837699470296045,1.639963953053126e-05,6.076637279289251e-06,6.314617626940259e-05,0.0021894274301260293,0.001906014095343135,1.4558057119639092e-05,1.3136115202307471e-09,0.0008019109129851744,0.00035565179927915974,0.01660984526552097,4.5014462246968196e-07,3.838267837806605e-07,4.773541099830358e-06,4.4955594585243135e-05,9.589144804461672e-07,0.0001507553313776274,1.966909098320646e-06
67,0.968727261490092,2.234193000534028e-05,0.006411323007824851,8.421343709930898e-06,3.958303510596412e-07,2.859718898064114e-07,9.510428176443434e-06,0.00046478284878749164,1.7953485913276093e-05,7.088674714702584e-06,6.359959201861132e-05,0.0020522106415784493,0.0018902898704129634,1.561502179080294e-05,1.410066789993336e-09,0.0008514671317058121,0.0003892001568214429,0.018839331723518333,5.085314087160914e-07,4.2738234108846785e-07,5.570232037414449e-06,4.2289675889645224e-05,1.2446228264894437e-06,0.0001767776687584434,2.1013273603429406e-06
68,0.972799301931534,2.3011976006363742e-05,0.004542516276863671,7.313863849842108e-06,3.1235137676708095e-07,2.368546017602142e-07,8.783129227510475e-06,0.0005610433563808798,1.3636743146401781e-05,5.741176168678332e-06,6.590094025196452e-05,0.0020155684513014234,0.0016600110090707384,1.2690492827628767e-05,1.356041975672381e-09,0.0007858917401649996,0.0003959787758680262,0.016921115824519783,5.771176386930885e-07,2.89018686090304e-07,5.191814167661907e-06,5.295077465502318e-05,8.824941644432578e-07,0.00011930111757406913,1.7514139117044185e-06
69,0.9646585675966004,2.3260397219973667e-05,0.006947698362566852,8.475866663424427e-06,4.2032075889561594e-07,3.074316697664417e-07,1.068348073134736e-05,0.0005648443900858243,2.056609187217213e-05,8.017648554053718e-06,7.019967915547635e-05,0.0023233097736857157,0.0019620192974624377,1.953199897636904e-05,1.4757436416877268e-09,0.000927772984926337,0.0003923425334876873,0.02182351227443293,5.478662342747527e-07,4.836278370557621e-07,6.431610356758228e-06,4.666379325161795e-05,1.3095954746805565e-06,0.00018063147309089136,2.400429161384822e-06
70,0.9649727685549319,2.9681249579805827e-05,0.00606811118344101,6.885031501285749e-06,3.075505849333156e-07,2.9410008367327356e-07,9.766487421839262e-06,0.0005479421424001665,1.702626806064677e-05,9.063916044348468e-06,6.676099510763033e-05,0.0025316003357681795,0.0018934176143759903,1.713461302685215e-05,1.5456839685515593e-09,0.0014175450375206353,0.0005596472389349618,0.021582822977992393,7.596161269031181e-07,4.1899138519685307e-07,6.908128768310259e-06,5.752127981984932e-05,1.2535315821701026e-06,0.0001994350815383665,2.9265283189803173e-06
71,0.9873669207889049,1.0916230146296864e-05,0.002795827444969628,4.870822253912471e-06,1.5803082178352796e-07,1.9475443494248687e-07,4.0741537746510474e-06,0.00024392654827166068,6.774090317284875e-06,2.6444590296738183e-06,4.736134713470745e-05,0.0013612192698687214,0.0009498681220834062,3.867369493123282e-06,1.0123277280411432e-09,0.0003638906884472185,0.0002571789508694226,0.006474406839692897,3.1102432285661437e-07,9.542660921613979e-08,1.8138678771517461e-06,3.251768069114194e-05,4.907929926951721e-07,6.970322933485884e-05,9.670553301257715e-07
