,0,1,2,3,4,5,6,7,8,9,10,11,12,13,14,15,16,17,18,19,20,21,22,23,24
0,1.5186995662172928e-05,1.263118853259864e-07,1.464774787786518e-05,0.00048116597747294723,0.0012022392660095249,4.51251632108373e-05,8.37891227418601e-05,4.0803291686216835e-08,0.9936660101317154,3.2725154991855523e-06,1.6833161369400716e-06,1.9336065300565007e-06,6.425456768040344e-06,3.4843409744509574e-05,3.978150637849894e-06,3.727800640213814e-07,1.742474142062175e-09,6.768855273569449e-05,1.369876550372494e-06,2.1815894211572056e-06,2.5557810558918227e-07,3.3862112252958705e-08,0.00017109177364892328,0.0041894559087464174,7.080360957544025e-06
1,1.7292370868089063e-05,1.8179475569606847e-07,2.583952096100725e-05,0.0005974669813532418,0.0013632188861350718,3.905231001610216e-05,0.00010428867312313415,5.4521682857608956e-08,0.9912070827038874,4.754320804082458e-06,1.6538114668785856e-06,2.690865527403162e-06,9.724423640925932e-06,4.327599091405168e-05,4.295652526245121e-06,7.877673722472253e-07,2.723737004001794e-09,8.115456937155455e-05,1.7245521574101388e-06,3.4099260958484967e-06,3.5028004081456265e-07,3.522999374149684e-08,0.00017796384954436628,0.006304032593117513,9.6656809074286e-06
2,1.4951467414702195e-05,1.68299128928043e-07,1.856271045170849e-05,0.0006026342551024954,0.0018862568813457607,3.6725539521354294e-05,8.783550281998372e-05,4.827195987438614e-08,0.9922325077441442,3.42351729983607e-06,1.9703184441734978e-06,2.7739313043961652e-06,7.898092429333948e-06,5.1209880066946094e-05,4.991849645996972e-06,4.524048931893984e-07,2.196942846508236e-09,6.316002745130833e-05,1.1216787009505768e-06,3.4089708864840945e-06,2.6761535337195603e-07,3.814175209128971e-08,0.00016160016445293524,0.00480861639244776,9.374146039557697e-06
3,2.4846463168821515e-05,2.0469090379388196e-07,2.239414131607205e-05,0.0008117466971344192,0.0018663734336234034,4.658583811080773e-05,0.00012217625376793927,6.089959839614228e-08,0.9910528006818566,3.639114766385835e-06,2.4787121695793956e-06,3.3008572482398945e-06,1.0708548472716286e-05,4.380555004167332e-05,4.9647801415717245e-06,5.617036989703258e-07,3.190211082514748e-09,9.409332287572433e-05,1.7265544436109409e-06,2.972857761717551e-06,3.5513782216154234e-07,4.5452303392110765e-08,0.0002087380485902124,0.00566674009169146,8.676978281014386e-06
4,2.7947057754145232e-05,2.3821297254603033e-07,2.5183413138482222e-05,0.0008453850076706003,0.0019518924153062015,4.094381853640519e-05,0.0001272569192242659,6.680681945478102e-08,0.9905285643110834,3.7284529683190316e-06,2.7526560256919624e-06,3.692693095339253e-06,1.3445899375686287e-05,5.272887131713137e-05,4.717627699289713e-06,5.40893962315712e-07,3.411683280661231e-09,0.0001017609458879683,1.7163606633897517e-06,3.3617483114697026e-06,4.0236968352688576e-07,5.315387909215466e-08,0.00019865922009167626,0.006056080746233599,8.876986616787972e-06
5,2.6960484595551657e-05,2.307050787923618e-07,2.6169200153671926e-05,0.0010732134240192337,0.0021980177070608587,4.785826504799341e-05,0.00012045819768911706,6.851650974709674e-08,0.9889752026012724,4.66013915823658e-06,2.608150205547675e-06,3.027968664060092e-06,1.246413453902808e-05,5.168930803818785e-05,4.667020915955971e-06,6.318976776850768e-07,3.832353435220066e-09,0.0001394388371127391,1.8914347383385114e-06,4.057979572867858e-06,4.313037694371799e-07,4.2893983452713036e-08,0.00028141601879443497,0.0070169191025461364,7.870876503304706e-06
6,2.4846463168821515e-05,2.0469090379388196e-07,2.239414131607205e-05,0.0008117466971344192,0.0018663734336234034,4.658583811080773e-05,0.00012217625376793927,6.089959839614228e-08,0.9910528006818566,3.639114766385835e-06,2.4787121695793956e-06,3.3008572482398945e-06,1.0708548472716286e-05,4.380555004167332e-05,4.9647801415717245e-06,5.617036989703258e-07,3.190211082514748e-09,9.409332287572433e-05,1.7265544436109409e-06,2.972857761717551e-06,3.5513782216154234e-07,4.5452303392110765e-08,0.0002087380485902124,0.00566674009169146,8.676978281014386e-06
7,0.00014001480280774432,4.2026148209593e-07,6.065291840193682e-05,0.001628031755895196,0.0023125507393123726,7.030047095260271e-05,0.00026549029285314945,1.7922328568082427e-07,0.9884803625945466,5.132788326884324e-06,8.140432125406059e-06,7.16157230009716e-06,6.411972122461105e-05,4.866728956622071e-05,7.8548150796468e-06,9.558539458035149e-07,6.373071776255678e-09,0.0002349740592291184,3.5580757096342046e-06,5.874360877763622e-06,6.284610691204969e-07,1.6559137078879812e-07,0.00017068678231978572,0.006475789429355452,8.28133489025843e-06
8,2.996939023882837e-05,1.8762568388360193e-07,5.048540342160371e-05,0.0008803078394140095,0.0017508552247559642,3.157940993884516e-05,4.596527587940883e-05,3.201111478190864e-08,0.9841754519868239,5.17990921514205e-06,1.3293669373206553e-06,2.454714869283168e-06,8.370516186883902e-06,5.661991545946579e-05,3.0177672779163765e-06,5.293624750892208e-07,3.5008169038024514e-09,7.500901726602607e-05,5.967655589211176e-07,3.467322977585266e-06,2.403124117731318e-07,2.0772044600601526e-08,0.0003282520935617371,0.012539570392943532,1.0504102726199037e-05
9,1.4863348091499772e-05,2.522428326111898e-07,4.887064848951636e-05,0.0009047796018610423,0.0013572532140127577,2.8223105394683392e-05,4.323657369727697e-05,3.693407942014242e-08,0.9843008088478755,8.871923002574177e-06,9.76563693201015e-07,2.0987735344961805e-06,8.675626638465956e-06,7.532734822217621e-05,3.3044713729961427e-06,8.38471981304325e-07,3.3326516542852205e-09,7.610365847863571e-05,8.458000062276609e-07,5.4368984899835445e-06,2.7349155608108183e-07,2.0020977521757304e-08,0.0002985628019022252,0.01280829013407565,1.2046167082487212e-05
10,2.4846463168821515e-05,2.0469090379388196e-07,2.239414131607205e-05,0.0008117466971344192,0.0018663734336234034,4.658583811080773e-05,0.00012217625376793927,6.089959839614228e-08,0.9910528006818566,3.639114766385835e-06,2.4787121695793956e-06,3.3008572482398945e-06,1.0708548472716286e-05,4.380555004167332e-05,4.9647801415717245e-06,5.617036989703258e-07,3.190211082514748e-09,9.409332287572433e-05,1.7265544436109409e-06,2.972857761717551e-06,3.5513782216154234e-07,4.5452303392110765e-08,0.0002087380485902124,0.00566674009169146,8.676978281014386e-06
11,2.8027446725398214e-05,2.297506716708676e-07,2.4553960090781433e-05,0.0008654111356906939,0.0019647445167700187,4.468680830036469e-05,0.00013166865747978965,6.510159727229881e-08,0.990220465453158,3.6954015663003183e-06,2.7334037724664044e-06,3.807130149764995e-06,1.3283242998914903e-05,4.680330605980007e-05,5.245311871946377e-06,6.114180790873312e-07,3.5576748456650567e-09,9.70071544026996e-05,1.8263769774627362e-06,3.372184435657865e-06,3.818540797575733e-07,5.307294138817722e-08,0.00020333748280070298,0.006328749163399358,9.237108305787273e-06
12,1.967849338840118e-05,1.489115117739271e-07,2.227942163868386e-05,0.0005054135849198896,0.003044101548048116,3.87918941881079e-05,9.52954774436361e-05,3.645775034752015e-08,0.9885745929435713,2.799606382881252e-06,2.5193748216716777e-06,2.7481310688761476e-06,7.778046416318593e-06,4.9172074114035285e-05,3.7862517131976676e-06,4.019966479638802e-07,3.102818571652573e-09,7.740392109852095e-05,8.937454617392577e-07,3.8145217071411844e-06,3.5930899616946023e-07,3.128367970907646e-08,0.00023931677985516097,0.007298888496711792,9.744626046131597e-06
13,3.499972520230621e-05,2.545143872528445e-07,2.7883525106052418e-05,0.0007141564565097091,0.002720404812447363,3.8044171242763124e-05,0.0001537447823459946,8.932710665717814e-08,0.9909619827822161,2.776606847753373e-06,5.067340779398811e-06,6.05790305817829e-06,1.5026943130818366e-05,7.214546617810231e-05,5.666890682333019e-06,4.6713502380540153e-07,3.950061749689905e-09,9.94945871491416e-05,1.6663726413263015e-06,3.284997549381697e-06,5.309749174608179e-07,7.665207076563093e-08,0.00015539016956960373,0.004968911462644863,1.187245113091718e-05
14,2.601669950050948e-05,2.405794218049868e-07,2.0818435440837223e-05,0.000926530190438193,0.0022905097142455824,4.555609827329349e-05,0.00013173628735851968,6.260469432503743e-08,0.9901578455412096,3.686404863222051e-06,2.953765093988065e-06,3.2863215189675968e-06,1.2138150387363849e-05,4.551012729617507e-05,4.965878739463931e-06,5.146986727911705e-07,3.4509308326400197e-09,0.00010877059128526358,2.119353594953275e-06,3.0023688563283057e-06,4.237285988968123e-07,5.035031862571145e-08,0.0002151566758897789,0.005990097032684075,8.004950686669905e-06
15,2.4846463168821515e-05,2.0469090379388196e-07,2.239414131607205e-05,0.0008117466971344192,0.0018663734336234034,4.658583811080773e-05,0.00012217625376793927,6.089959839614228e-08,0.9910528006818566,3.639114766385835e-06,2.4787121695793956e-06,3.3008572482398945e-06,1.0708548472716286e-05,4.380555004167332e-05,4.9647801415717245e-06,5.617036989703258e-07,3.190211082514748e-09,9.409332287572433e-05,1.7265544436109409e-06,2.972857761717551e-06,3.5513782216154234e-07,4.5452303392110765e-08,0.0002087380485902124,0.00566674009169146,8.676978281014386e-06
16,2.851580827735458e-05,2.3647822338578515e-07,2.0838318480856538e-05,0.0009050621503464256,0.002023694626198746,4.5533338317523864e-05,0.0001386844839562442,7.196527545831857e-08,0.9912753174934814,3.3463411759380653e-06,2.962352939961846e-06,4.212672822572615e-06,1.2475432725032585e-05,4.78014750995313e-05,5.592768708059414e-06,5.737558408769454e-07,3.3180004608760276e-09,0.00010429437235405033,1.9479836976455758e-06,2.96294211800142e-06,3.7192250912279744e-07,5.8326803526950754e-08,0.0001887992641450117,0.005177691797321236,8.950611181344677e-06
17,2.7580938746744974e-05,2.0696055678643237e-07,2.2064466688970245e-05,0.0007835684408673594,0.002235574701877596,4.058704760292022e-05,0.0001343597673324927,5.881546478480622e-08,0.9902906672789997,2.939590342256823e-06,2.8304488624619557e-06,3.6609202019624127e-06,1.1679339856000014e-05,4.702150385964405e-05,4.215845679525975e-06,4.7114639915853825e-07,3.2787524757167806e-09,0.00010112283937185048,1.5230761959369965e-06,2.9980205427241506e-06,3.8961785963628367e-07,4.629295166146722e-08,0.00020870192468731293,0.0060694855721622,8.242164137870987e-06
18,2.395527591111588e-05,2.0172996247012212e-07,2.2172877150112795e-05,0.0007665961771869136,0.00184096154377568,4.544399435845717e-05,0.0001221331134927607,5.902464954124267e-08,0.9910674710582837,3.5814873567630143e-06,2.4341224005266542e-06,3.3134982060291135e-06,1.0392249948052218e-05,4.4618351949306516e-05,4.898385470909672e-06,5.630143488283723e-07,3.17551853125182e-09,9.241545249172446e-05,1.7132487519499499e-06,2.952022241851047e-06,3.6193768702069e-07,4.4670344634794224e-08,0.00020901945650071428,0.005725692930463429,9.001201548806557e-06
19,6.278769326814895e-05,1.872790467406492e-07,4.879749754993149e-05,0.0006252272850744971,0.0022856749043369744,5.493878035447787e-05,0.0002127508873162401,1.1334307236472931e-07,0.9886301933878879,3.549892047783302e-06,6.114265364206022e-06,4.457814419502913e-06,1.6201141284965802e-05,6.328380746761106e-05,4.1927294889091805e-06,7.344933675134286e-07,5.7954185316141575e-09,0.00026851086127012425,2.831193061405969e-06,3.574293167833307e-06,1.2557756240822469e-06,5.3073854571966306e-08,0.00036335094671885725,0.007329757630358184,1.1455229178509386e-05
20,2.4429836430083296e-05,2.232959086155415e-07,1.5532988179725117e-05,0.0009186385343544785,0.0016574030709575974,5.2832567065721994e-05,0.0001161075566858583,8.014060934271175e-08,0.9933638256738042,3.5958544648847447e-06,2.9627777992373664e-06,3.0464166925382506e-06,1.279151347423923e-05,4.444978481518501e-05,6.369789165776589e-06,4.021771326868354e-07,2.443822577819575e-09,8.536451476178545e-05,2.0103924873243054e-06,2.9243681713713847e-06,3.0043320330561465e-07,8.07286375955307e-08,0.00014692499549445707,0.0035328309108392944,6.869235042251653e-06
21,7.306418444190338e-05,4.1315702203332257e-07,9.326838479956808e-05,0.0013084359287784254,0.0028448149123686916,3.0348196527798038e-05,0.00017276085841955022,1.1360906137115899e-07,0.9781755203553271,5.307681871963531e-06,4.3442270069093066e-06,9.529152552978923e-06,3.536780340422828e-05,0.00011057868538845928,4.231386354182976e-06,1.5665547537469793e-06,9.43048522094172e-09,0.00025374920711354853,1.7314940529066504e-06,8.524971174419637e-06,8.77203489050429e-07,6.063119601031149e-08,0.00032141090470694727,0.016528213964388833,1.5757115314104153e-05
22,8.579614811187518e-05,4.012862545630087e-07,7.547434781623879e-05,0.0015411059941103035,0.003215781584132328,7.981803607557994e-05,0.00017935307067886238,1.981017471915686e-07,0.9853667821187709,8.625304932227233e-06,6.4219215461196336e-06,5.3995089157362164e-06,2.58788599885852e-05,8.919356158858145e-05,5.762869389359331e-06,1.141026984649376e-06,1.1386870660875344e-08,0.00034975913935034165,2.9357215049962613e-06,7.002117166046721e-06,1.1160845683463676e-06,8.917269222744277e-08,0.00046459230427862156,0.00847650853554568,1.0851796979825403e-05
23,2.4846463168821515e-05,2.0469090379388196e-07,2.239414131607205e-05,0.0008117466971344192,0.0018663734336234034,4.658583811080773e-05,0.00012217625376793927,6.089959839614228e-08,0.9910528006818566,3.639114766385835e-06,2.4787121695793956e-06,3.3008572482398945e-06,1.0708548472716286e-05,4.380555004167332e-05,4.9647801415717245e-06,5.617036989703258e-07,3.190211082514748e-09,9.409332287572433e-05,1.7265544436109409e-06,2.972857761717551e-06,3.5513782216154234e-07,4.5452303392110765e-08,0.0002087380485902124,0.00566674009169146,8.676978281014386e-06
24,2.1744628742300137e-05,3.6320882851672924e-07,1.821828499043258e-05,0.0016881212976686123,0.002124560866947905,4.6407312790926594e-05,0.00013095758624084137,7.676819622966831e-08,0.9897190014349294,5.179728533833508e-06,2.393776230721868e-06,3.1832565310492237e-06,1.3421606978467241e-05,5.247588674980727e-05,6.3243666997053705e-06,6.436777416405786e-07,4.027602980497185e-09,0.00012311517950239152,3.075204231055659e-06,3.2903480320169943e-06,4.0304432518864483e-07,5.793288278699313e-08,0.00025415790657397846,0.005775317321694058,7.505346355230079e-06
25,6.193637657484974e-05,3.2567012148993756e-07,4.210027679546596e-05,0.0016035784824582054,0.005514025164110318,5.525135127021978e-05,0.00037787875121484554,2.806099481125485e-07,0.9846497431274015,3.3577849102129673e-06,1.0231329573484329e-05,9.313586006834875e-06,2.9761694218545688e-05,9.44453970767711e-05,5.368319025887025e-06,9.11487899709041e-07,8.25308656552483e-09,0.0003792525426395331,2.741549743515043e-06,8.108695061976808e-06,1.221959468502988e-06,9.522156419431601e-08,0.0003240004701558443,0.0068166004265555104,9.461473117508845e-06
26,6.432018750396658e-05,2.3194974490264668e-06,8.272049987970426e-06,0.003420352284750383,0.0031639156704097284,0.00029949411404248756,0.003594637815813981,3.193168735803989e-06,0.9879109028558105,4.689504033922033e-06,5.8557496406300955e-05,8.475381150908151e-05,7.922613427663318e-05,7.628320502756994e-05,0.00021458554644426833,3.985825239708557e-06,1.9066355553815973e-08,0.00016413854408451643,0.00013256780466558378,2.7337721460240756e-06,1.8644457399874662e-06,4.935917126112914e-06,5.370530028260501e-05,0.0006127588068007934,3.778717535741324e-05
27,0.0005515118010006888,1.6441137839226653e-06,0.001793339135701536,0.004865356575138981,0.020647629055168575,9.778706322915077e-05,0.0015230578807052396,7.205229431287249e-07,0.8438202088018552,2.442129439114502e-05,3.883429033856872e-05,2.7952919887021816e-05,0.00012096544759534842,0.0005655956681636339,6.1823018147304246e-06,1.415441137682904e-05,5.08693353326483e-07,0.006414190296501893,1.3744558970784241e-05,4.242825575138402e-05,5.8282504989444835e-05,5.4450484557942624e-08,0.009450246318014962,0.10986221161180237,5.897202703744901e-05
28,2.4846463168821515e-05,2.0469090379388196e-07,2.239414131607205e-05,0.0008117466971344192,0.0018663734336234034,4.658583811080773e-05,0.00012217625376793927,6.089959839614228e-08,0.9910528006818566,3.639114766385835e-06,2.4787121695793956e-06,3.3008572482398945e-06,1.0708548472716286e-05,4.380555004167332e-05,4.9647801415717245e-06,5.617036989703258e-07,3.190211082514748e-09,9.409332287572433e-05,1.7265544436109409e-06,2.972857761717551e-06,3.5513782216154234e-07,4.5452303392110765e-08,0.0002087380485902124,0.00566674009169146,8.676978281014386e-06
29,2.4846463168821515e-05,2.0469090379388196e-07,2.239414131607205e-05,0.0008117466971344192,0.0018663734336234034,4.658583811080773e-05,0.00012217625376793927,6.089959839614228e-08,0.9910528006818566,3.639114766385835e-06,2.4787121695793956e-06,3.3008572482398945e-06,1.0708548472716286e-05,4.380555004167332e-05,4.9647801415717245e-06,5.617036989703258e-07,3.190211082514748e-09,9.409332287572433e-05,1.7265544436109409e-06,2.972857761717551e-06,3.5513782216154234e-07,4.5452303392110765e-08,0.0002087380485902124,0.00566674009169146,8.676978281014386e-06
30,2.4846463168821515e-05,2.0469090379388196e-07,2.239414131607205e-05,0.0008117466971344192,0.0018663734336234034,4.658583811080773e-05,0.00012217625376793927,6.089959839614228e-08,0.9910528006818566,3.639114766385835e-06,2.4787121695793956e-06,3.3008572482398945e-06,1.0708548472716286e-05,4.380555004167332e-05,4.9647801415717245e-06,5.617036989703258e-07,3.190211082514748e-09,9.409332287572433e-05,1.7265544436109409e-06,2.972857761717551e-06,3.5513782216154234e-07,4.5452303392110765e-08,0.0002087380485902124,0.00566674009169146,8.676978281014386e-06
31,7.74333373962784e-05,3.255705304959772e-07,8.148639231491128e-05,0.0011613299813757838,0.0018921873901048265,6.304848221438066e-05,0.00017807210860495954,2.010864684603321e-07,0.988808729858979,7.193258182748087e-06,4.335993414461019e-06,5.876399944720785e-06,2.0442095353519655e-05,8.115915777712597e-05,4.533709031352064e-06,1.206110283627687e-06,8.108667336417338e-09,0.00025683413546622916,2.3627719499455567e-06,4.446878237572183e-06,9.056801856604334e-07,6.981004990996708e-08,0.00034541540122375546,0.00699037529633744,1.2020985905182665e-05
32,2.3021239537973734e-05,2.1524277934053417e-07,2.0283731452088804e-05,0.0008703350645691758,0.0018501904581687014,4.9791341300919735e-05,0.00013162755197200835,6.288008686644027e-08,0.9908520250364078,3.912466173733123e-06,2.473212594608857e-06,3.1582965623401086e-06,1.0780443243656824e-05,4.1692939711994207e-05,5.699704504884712e-06,6.271349879576934e-07,3.3775501180618702e-09,9.833141309761107e-05,2.2568855994495736e-06,3.0045042195784e-06,3.893515405026287e-07,4.798574439239987e-08,0.0002239770376298384,0.005797309231623569,8.783468940729107e-06
33,5.775674146174559e-05,4.082574682656105e-07,3.2615438829489774e-05,0.0017823128688676964,0.00286563350738341,5.52795544809399e-05,0.0002717032364869534,1.3938826735895908e-07,0.9859093276240162,3.920050725997245e-06,5.522451702171564e-06,8.091099401539838e-06,3.0419625516550152e-05,5.819767007891266e-05,6.6472827918962615e-06,1.0800000646250337e-06,7.685573578359592e-09,0.000213042085654241,3.74100960303227e-06,4.689378657540628e-06,7.114616081396127e-07,1.0391841684449236e-07,0.00027162541823560045,0.008406923181337095,1.0101063370240452e-05
34,3.7344601768734575e-07,4.488535751497762e-07,7.223399237827977e-06,0.0005773683582242532,0.001255690981642435,6.407378299671501e-05,6.406820350622161e-05,3.657716434272403e-08,0.9890761542342013,1.2765769758851875e-05,2.4725237366836323e-07,4.611988818229307e-06,1.224741097488685e-06,0.000126496750018778,3.698623019058659e-06,2.8748616865311044e-06,6.27221356530257e-09,1.5570557754680144e-05,5.752304652598066e-07,8.999203064961727e-06,1.3444953336539102e-07,1.8839458383157486e-08,0.0003988019607380873,0.008339775411224907,3.876025220838584e-05
35,8.968092041592297e-06,3.1193683892089744e-07,2.580475046948338e-05,0.0011192829777682037,0.005227207146544019,3.268264456618131e-05,0.00010580048240530166,3.9167447834841525e-08,0.9838686359185749,4.367718662966954e-06,2.5461501689073243e-06,3.28378506422731e-06,8.504101439969114e-06,0.00010382297904382562,9.484840892626429e-06,5.873236900332406e-07,4.630808649285507e-09,5.1398119847725844e-05,1.1534737158708455e-06,7.64757887139084e-06,4.397930726770569e-07,2.8919700705117544e-08,0.00032246528973584303,0.009077373668838134,1.8158509789894636e-05
36,2.4758857360871645e-05,2.0169474617793633e-07,2.231203344376403e-05,0.0008011945110361978,0.0019024265449044456,4.620509479347868e-05,0.00012171092671273465,5.983923445525903e-08,0.9909825757489711,3.5775645733645418e-06,2.4987468105235452e-06,3.2603633805422937e-06,1.056031988323828e-05,4.37057142767958e-05,4.909898829545916e-06,5.472684086858585e-07,3.1581981431977745e-09,9.369648661692481e-05,1.7042207370263638e-06,2.947798595864753e-06,3.580569359415832e-07,4.458959602165831e-08,0.00020980686797480189,0.00571227986658363,8.653827395749137e-06
37,6.0502172309480816e-05,1.871530050925321e-07,4.307926954819915e-05,0.0006556235394505818,0.0026599633734030563,2.51752813205302e-05,0.0001441586231280636,4.84211948867001e-08,0.9844093795693635,2.2446364282872556e-06,3.31717275598484e-06,5.041731727887235e-06,1.8790029259899165e-05,5.388639189145096e-05,2.2662297794684623e-06,4.5107743368261813e-07,3.701651422948308e-09,0.00015171239628223202,9.450229414088458e-07,3.399142222833713e-06,4.898824976057446e-07,3.6900461672036e-08,0.00022284360406400473,0.011527992811550434,8.461866328227054e-06
38,5.346772852784897e-05,2.5911884227779556e-07,3.7103023454541186e-05,0.0012563487187683545,0.0013794981652393082,0.0001245338850888681,0.0003100240735455432,1.3490819237476132e-07,0.988612396510135,6.697238464580252e-06,3.3927474823306616e-06,4.794995269682818e-06,2.5601152236027926e-05,3.227950013131193e-05,1.0090727744594856e-05,2.3684977436667897e-06,7.475956802983685e-09,0.00022952312214882345,5.3210591033104335e-06,6.2193810187396475e-06,6.35397273169221e-07,8.484088503556386e-08,0.0003804060231319706,0.00750827266975805,1.0539039857667214e-05
39,6.370767263127852e-05,2.5170676365871723e-07,4.818607878948359e-05,0.0011073665845776695,0.001974622559959674,0.00011257156829637745,0.0003322282939754877,3.0457252969276225e-07,0.9894624738851117,5.62914390010611e-06,5.5541818480901255e-06,8.091936008617322e-06,2.06554282780892e-05,5.4444135534605954e-05,6.538936439838702e-06,1.9044112431311507e-06,9.128881465887226e-09,0.0002648698532184473,3.7004074972919377e-06,5.2459837883736045e-06,9.698585962416799e-07,1.0606653076608247e-07,0.000352370718320834,0.006155830161041153,1.2366726238267413e-05
40,2.4253012476821513e-05,2.0420141615584468e-07,2.1907777561318886e-05,0.0008283771298308735,0.0018512409579717417,4.6455982393118577e-05,0.00012230454178063872,6.069058340635325e-08,0.9909800460224444,3.6831651551393662e-06,2.4263189810609026e-06,3.206165632180534e-06,1.0686092347137238e-05,4.3226943063640684e-05,4.922008113870246e-06,5.684642420400294e-07,3.160486954607229e-09,9.628471904781734e-05,1.7808067274100435e-06,2.9904573150457316e-06,3.569778206047371e-07,4.459781368053719e-08,0.000212672269676284,0.005733815010585928,8.482526532592401e-06
41,2.1499829298397344e-05,1.7966791247302054e-07,1.7878579923752727e-05,0.0008955243397530106,0.0018741352331105867,4.761794679117066e-05,9.785074660991741e-05,5.223494497545567e-08,0.9921270810112389,3.3725304604250495e-06,2.080211594297382e-06,2.8052113837368998e-06,8.682422681353391e-06,3.470257770882562e-05,5.596029905466286e-06,4.6943680528595965e-07,2.423452978761161e-09,7.028841227224576e-05,1.416937343376354e-06,2.5481413411385167e-06,2.2318731237632752e-07,4.061759194075671e-08,0.00017307084480485755,0.004605543773360325,7.337652398223409e-06
42,2.9843485759748803e-05,3.5369091736535377e-07,1.9077870545968446e-05,0.0012147385504514686,0.00145383330198264,8.659718340486909e-05,0.00018543543434843492,1.2184921527651664e-07,0.9921018362337995,5.126575488400708e-06,3.0931893167961704e-06,5.351202904777637e-06,1.9636894739820164e-05,3.1631219198587804e-05,1.0240544918510073e-05,1.2630136161758018e-06,5.09614102999877e-09,7.858424107926505e-05,4.183146664141727e-06,3.43629159366276e-06,3.3627078675848473e-07,1.4476007724512357e-07,0.00014320441842226433,0.004591867352439551,1.0058182187698263e-05
43,3.2532194529332786e-05,2.303777271178178e-07,2.6686811442383472e-05,0.0008376424509556704,0.0021939850874289624,3.535461345305195e-05,0.00014598429715696374,5.672603595636241e-08,0.9894497432147478,2.701310296297426e-06,2.963143463951118e-06,4.715117731563691e-06,1.3585951093722557e-05,5.0514663872357353e-05,4.390356244189216e-06,5.369401316164968e-07,3.6707249891175207e-09,9.908726914962629e-05,1.5032798917589103e-06,2.922020358102398e-06,3.9052361051917603e-07,4.599479467936383e-08,0.00020351937322543796,0.0068810946360213345,9.809975912519827e-06
44,2.4846463168821515e-05,2.0469090379388196e-07,2.239414131607205e-05,0.0008117466971344192,0.0018663734336234034,4.658583811080773e-05,0.00012217625376793927,6.089959839614228e-08,0.9910528006818566,3.639114766385835e-06,2.4787121695793956e-06,3.3008572482398945e-06,1.0708548472716286e-05,4.380555004167332e-05,4.9647801415717245e-06,5.617036989703258e-07,3.190211082514748e-09,9.409332287572433e-05,1.7265544436109409e-06,2.972857761717551e-06,3.5513782216154234e-07,4.5452303392110765e-08,0.0002087380485902124,0.00566674009169146,8.676978281014386e-06
45,2.0979021853579724e-05,1.7093257903462956e-07,1.4405098487099408e-05,0.000954852624913037,0.0017795971111266601,5.3544305147244286e-05,0.00014232898180526632,6.481579388205246e-08,0.9928505681478005,2.9798253903980816e-06,2.215524981762087e-06,3.0060477211253794e-06,1.014185452703308e-05,2.853155125221739e-05,6.605804554775885e-06,5.229237963151891e-07,2.3258634714529887e-09,7.283464039063485e-05,1.913988627635901e-06,2.5746678349351274e-06,2.2724838416801244e-07,5.026369298214942e-08,0.0001519120246687503,0.003893467258339277,6.5030104681332295e-06
46,3.4296393088528855e-05,2.656243559813377e-07,2.6172944313340623e-05,0.0010826081861990606,0.002180097713810481,5.432021700222846e-05,0.0001495984783532579,7.681311847208772e-08,0.9896438460127723,3.895398445109731e-06,3.133711455181874e-06,4.547245438446277e-06,1.4037517549683482e-05,4.644030715303538e-05,6.023942501684715e-06,7.074501248546924e-07,4.633042124353739e-09,0.00011013201879378696,2.094552734764028e-06,3.2905645154626782e-06,4.047969698038118e-07,6.063241487601154e-08,0.00023916196318918536,0.00638501751648351,9.765366174878334e-06
47,5.227058249256192e-05,3.898813442817288e-07,2.3199456132479897e-05,0.0008361616475586145,0.0012511254822137336,5.317156321378666e-05,0.00015984020688174818,6.752358313023877e-08,0.9910816938469184,3.177679359261447e-06,2.96589565612809e-06,9.53209501726137e-06,2.733411271961328e-05,2.9831117507935578e-05,6.397297309461324e-06,1.057154374673429e-06,4.2967517634186106e-09,6.828654711099235e-05,2.0943807615791992e-06,2.8983197533260143e-06,2.007572142389507e-07,1.3737098433343935e-07,9.973976601385897e-05,0.0062765369353075424,1.1886083819278283e-05
48,6.24961277195885e-05,9.228116515197731e-07,2.6808762408284198e-05,0.003667228185677352,0.0020755280494308363,0.00012323020882834662,0.00029736031806125,2.674068862531521e-07,0.988457109261956,9.444951833790645e-06,4.573018582997484e-06,7.122442118099073e-06,2.558371805578829e-05,5.633087193576869e-05,1.1558163439687091e-05,1.4330877586165305e-06,1.3539035563189448e-08,0.00024574044406893797,9.27544866381234e-06,3.0891668856889246e-06,7.233200724211944e-07,1.9088374266605353e-07,0.000414883616001695,0.004489622500758883,9.463694426502835e-06
49,3.107644257193626e-05,2.063308865511159e-07,3.179205540887094e-05,0.0006990678702290134,0.0017621997653627082,5.399176920226588e-05,0.00011338002427668193,6.86152103905541e-08,0.9909979180837482,3.7977043444391046e-06,2.6573120505028964e-06,4.191026141904195e-06,1.2037120195950776e-05,4.8903002956913525e-05,4.135911092336953e-06,6.022385949785269e-07,3.5391351602847675e-09,8.97271966648537e-05,1.0099155211398478e-06,3.876003845324795e-06,3.071724720747273e-07,4.834754614696515e-08,0.00020141395351604816,0.005928223370062238,9.365228963568218e-06
50,1.7595250316729584e-05,2.1821328840499063e-07,1.4991755924895395e-05,0.0006626518224471631,0.0012914118170625855,4.115781492500127e-05,0.0001437297349647512,7.824217323566796e-08,0.9944284083467785,4.263546884715049e-06,2.0065522305788417e-06,2.4842855311635983e-06,1.1708209570876388e-05,4.078218240442374e-05,4.5448230255757114e-06,4.453001164374131e-07,1.970325505307824e-09,8.219371472637813e-05,2.5116234855370563e-06,2.3969097453308087e-06,3.411240539523052e-07,6.214718561066025e-08,0.00011900819252987196,0.0031206268044099254,6.3796158927983204e-06
51,2.5936852603935397e-05,1.3969726696710293e-07,2.4940424830275744e-05,0.0005763565684248918,0.0019762986709019677,4.91435043992366e-05,0.00013747138753070578,5.0773035017881734e-08,0.9897890564658671,3.054107864654251e-06,2.5134771573908263e-06,3.053438762386767e-06,9.541707986684167e-06,3.779433132286286e-05,4.309759494824228e-06,6.051868551646388e-07,3.3998399398901197e-09,9.733304326989225e-05,1.5357863219504127e-06,3.1133368186773776e-06,4.227588284769667e-07,3.545995316018892e-08,0.00025171562349954557,0.0069962355947120825,9.338642452139667e-06
52,2.349428865122729e-05,2.1155339880625125e-07,2.2636959022750646e-05,0.0007123025465113152,0.0021414084447535725,4.130098286541115e-05,0.0001349071257283055,5.554570196943061e-08,0.9905690416587918,2.9397496557944345e-06,2.5970018643815835e-06,3.823669652514221e-06,9.956611804218729e-06,4.691304127074503e-05,4.709912623914761e-06,5.11527898846709e-07,3.386165043210474e-09,7.716796650070606e-05,1.4954359427122372e-06,2.708445422671559e-06,3.8457891760934736e-07,4.3353798690116376e-08,0.00020443865803185777,0.005986801180741805,1.014637428365031e-05
53,4.171412950928222e-05,3.9462550767266093e-07,4.14189188023303e-05,0.0014755132086409952,0.0025024520442923663,4.883168371097046e-05,7.971445711968049e-05,8.427432558703677e-08,0.9869641333436195,8.592637551180308e-06,3.348710447347628e-06,3.102927321210565e-06,1.7623572293299946e-05,6.630991810410647e-05,5.7184751054395595e-06,7.423652613767626e-07,5.62597353899961e-09,0.00015700941856384523,2.686801400790168e-06,4.223614745421407e-06,5.411999049276114e-07,6.915084329231125e-08,0.0002538505888079786,0.008312763287250783,9.155020897081675e-06
54,7.939306394837392e-06,1.9224302035694678e-07,1.540011773301409e-05,0.0003321867131901379,0.0010086547552593044,2.2953732174841503e-05,7.326943305221507e-05,2.517962371147776e-08,0.9933585766218805,2.853737560036552e-06,8.768165723588384e-07,3.997690186742656e-06,5.643018678000235e-06,4.237943570738257e-05,4.7341265486799424e-06,6.595633012360664e-07,1.6110139734354998e-09,2.2734855747924057e-05,8.222907940797293e-07,2.2085068529070914e-06,1.3856102233759167e-07,2.9771690919752768e-08,8.518008556242553e-05,0.004992041532263604,1.6500294168489082e-05
55,9.183286217784065e-05,1.340467927033769e-06,0.00023442231921830915,0.0043426822861001475,0.0031967394078211767,0.00040828496493837944,0.00014234298122928882,1.007996186241108e-06,0.9838228971179284,0.00014472949907329212,9.961869467631492e-06,1.8155444218243563e-06,3.0803374538774435e-05,0.0002751590185699217,3.321334927800956e-05,3.5032605887720965e-06,5.4436818312757236e-08,0.0008008700195151995,2.2332666761764442e-05,1.8562011488035847e-05,6.108190755198271e-06,2.9317243387409905e-07,0.0016272208157106873,0.004763149649635178,2.0672717416789815e-05
56,2.6585009235189714e-05,2.1609933166524042e-07,2.292477224619209e-05,0.0008253880685659459,0.0018580588857124946,4.632668454717606e-05,0.00012703828038975801,6.322004190992944e-08,0.9909469847620529,3.638555274532707e-06,2.5982054826480617e-06,3.496768021519248e-06,1.1734558894500834e-05,4.488609891013264e-05,4.9774205293585594e-06,5.611220267655812e-07,3.305057785101444e-09,9.61832564901387e-05,1.7706850701358458e-06,3.040260944300052e-06,3.651020714674684e-07,4.94806253468516e-08,0.0002052282783278327,0.00575917268502414,8.708435125954054e-06
57,4.448397751326397e-05,2.6580607405051627e-08,2.224667658563382e-05,0.0006232569383410988,0.0020203521685284395,0.00011176184812700628,5.067733726134244e-05,4.025493279018941e-08,0.9936655556142232,1.4090105571758312e-06,2.3472397685602843e-06,1.7059635833518691e-06,1.7021745262247239e-06,2.8758923369450103e-05,2.0424345282883906e-06,1.0247796561213482e-07,1.4066697437598363e-09,0.00011272952093916658,1.3580331438613843e-07,1.2836001595378379e-06,9.3131686910907e-08,9.480843365822593e-09,0.00058340110941966,0.002721801516223844,4.074810324548468e-06
58,2.0050503115297443e-05,1.8332288555485297e-07,1.9244759590584016e-05,0.000705913538310671,0.0019247900522458416,3.801331540989911e-05,0.00011017350399265581,4.3343036617973875e-08,0.9894894603110642,3.067214419765166e-06,2.161922905735881e-06,3.078925249885933e-06,1.0286799719925879e-05,3.961393569934492e-05,4.457066420006034e-06,5.258034205277965e-07,2.7062497248019206e-09,7.90305267319147e-05,1.499287731101557e-06,3.1819005488706472e-06,3.159388676539569e-07,3.7443460304283326e-08,0.00020166664789311733,0.007334483442101347,8.717788929275993e-06
59,2.0715252251614864e-05,1.8843739370705872e-07,2.469390168807932e-05,0.0006653756694557961,0.0019376245692231946,3.810058053528008e-05,0.00010341973452097182,4.6811208172876236e-08,0.9892299555051961,3.6390328113646103e-06,2.111087700351001e-06,2.947020017745735e-06,1.011713582061945e-05,4.653937378244838e-05,4.070400654775248e-06,5.624049517688123e-07,3.0054625337882494e-09,8.330399832903839e-05,1.359887901120017e-06,3.478732811361575e-06,3.654792869391734e-07,3.581435644843137e-08,0.000213309887733518,0.00759866591542518,9.370361482065345e-06
60,2.4846463168821515e-05,2.0469090379388196e-07,2.239414131607205e-05,0.0008117466971344192,0.0018663734336234034,4.658583811080773e-05,0.00012217625376793927,6.089959839614228e-08,0.9910528006818566,3.639114766385835e-06,2.4787121695793956e-06,3.3008572482398945e-06,1.0708548472716286e-05,4.380555004167332e-05,4.9647801415717245e-06,5.617036989703258e-07,3.190211082514748e-09,9.409332287572433e-05,1.7265544436109409e-06,2.972857761717551e-06,3.5513782216154234e-07,4.5452303392110765e-08,0.0002087380485902124,0.00566674009169146,8.676978281014386e-06
61,2.2758062419161082e-05,1.743725344628715e-07,2.654318799151858e-05,0.0005968296138066962,0.0019381061499726777,3.706970469064123e-05,0.00010193627149867006,4.706905600702591e-08,0.9893605665112961,3.428077391047009e-06,2.205961628462224e-06,3.026385850395192e-06,9.578733291732273e-06,4.6331265216347426e-05,3.5894457371713045e-06,5.100840161412982e-07,2.9286672091983095e-09,8.352723606409458e-05,1.2308608601854723e-06,3.098007111886218e-06,3.750900204864323e-07,3.389394356636772e-08,0.00020871671958954722,0.007540979988324436,9.334379021285939e-06
62,2.4846463168821515e-05,2.0469090379388196e-07,2.239414131607205e-05,0.0008117466971344192,0.0018663734336234034,4.658583811080773e-05,0.00012217625376793927,6.089959839614228e-08,0.9910528006818566,3.639114766385835e-06,2.4787121695793956e-06,3.3008572482398945e-06,1.0708548472716286e-05,4.380555004167332e-05,4.9647801415717245e-06,5.617036989703258e-07,3.190211082514748e-09,9.409332287572433e-05,1.7265544436109409e-06,2.972857761717551e-06,3.5513782216154234e-07,4.5452303392110765e-08,0.0002087380485902124,0.00566674009169146,8.676978281014386e-06
63,2.330290584799412e-05,2.4063629657401276e-07,2.1274782587490108e-05,0.0008544721568628647,0.0018341147594501924,4.715099265197667e-05,0.00011842048340599197,6.237106894939188e-08,0.9910071764998912,3.975758694505047e-06,2.423123082799737e-06,3.4948704555725937e-06,1.0648820609706489e-05,4.493442156723976e-05,5.314211948743587e-06,6.018155096633894e-07,3.421437709203663e-09,8.891312349045259e-05,1.9363757737945744e-06,2.891051883373894e-06,3.5347728405427687e-07,5.0088844025426926e-08,0.00020516139597014224,0.005713779909079412,9.302546305370989e-06
64,2.7750924884259335e-05,2.29176780286943e-07,2.926309171444499e-05,0.00072338849994138,0.002294622379896312,4.3614064904486976e-05,0.00015010170436191561,7.200437148750422e-08,0.9894089373470216,3.9956789984600956e-06,3.191768646471811e-06,3.5592054255179516e-06,1.190845911566087e-05,6.064892429155609e-05,4.5622260158282146e-06,6.077654574260355e-07,4.3972284888171075e-09,0.00012548529168032835,2.1327553059902142e-06,3.395018291441711e-06,6.705423143954614e-07,4.756316143300864e-08,0.0002657674312888304,0.006825568582800969,1.047519610122893e-05
65,2.8600736494816767e-05,2.1199521062828016e-07,2.2131678949994644e-05,0.0009688710732333164,0.0020679507852516123,5.662288502254624e-05,0.000146628028832088,6.948470866393761e-08,0.9905198173915976,3.699708751383757e-06,2.9010286750377923e-06,3.4759647309943765e-06,1.152002105944684e-05,4.081591041321453e-05,5.819112231636614e-06,6.233223098963911e-07,3.7896179358414615e-09,0.00011137640144521431,2.180838862934207e-06,3.022051284012162e-06,4.0227358335122003e-07,4.994318414484145e-08,0.00024699052566037226,0.005747676402930601,8.538645958539523e-06
66,2.3376321379852805e-05,2.0097325720472632e-07,2.0810004262980637e-05,0.0008035198856639076,0.0018426191846648754,4.719000244854514e-05,0.00011909517038043266,5.800799202031249e-08,0.9911646068922866,3.563017296731262e-06,2.3881439947148824e-06,3.18512883823225e-06,9.868000327220192e-06,4.2544174195567284e-05,5.006297775436851e-06,5.434787376073065e-07,3.1389545355814842e-09,9.018424579266276e-05,1.7462124005560763e-06,2.789886333866926e-06,3.472905681096821e-07,4.414120633059047e-08,0.00021407528205885014,0.0055935825297916955,8.652589391516027e-06
67,3.718054213675101e-05,2.6911242720424523e-07,5.001846879930134e-05,0.001251191302325261,0.0023741161994370714,5.5530357192297345e-05,0.00013903581063793682,9.191330113429245e-08,0.9857811898312739,6.7541299771194215e-06,3.140415285176928e-06,3.364285049068828e-06,1.700366439677907e-05,7.6351749865096e-05,5.1639891308754934e-06,9.916142764014274e-07,6.333788843493696e-09,0.00021628819615179378,2.0141828491804554e-06,7.104412383366734e-06,6.996782800011569e-07,4.284019127074774e-08,0.00046740714671400036,0.009494664853000323,1.0378971129772504e-05
68,6.75466607989552e-05,3.978293311331047e-07,2.74969581107724e-05,0.0016261206365767403,0.0025916239833292595,0.00010044747215717181,0.0003057028217375421,2.1743588688002583e-07,0.9895962588439607,5.163042433618741e-06,6.892429033279206e-06,6.060074111341994e-06,2.2004991833992972e-05,4.300683212418514e-05,1.0216845956553423e-05,1.1819418897337947e-06,8.800165000519229e-09,0.00024362238845656252,8.471812555266045e-06,2.8380629433223413e-06,1.0506699091822431e-06,1.4842377207283705e-07,0.0002936620448932809,0.005029889398132818,9.96959990048441e-06
69,2.4941066095619735e-05,2.0269554324348138e-07,1.8806454320556093e-05,0.0008482804898229186,0.001919252361249161,4.822837000115036e-05,0.00012319376930860715,5.6282938997429525e-08,0.9913651308188167,3.2043618097610566e-06,2.4915819105407664e-06,3.3477490933232128e-06,1.0199878879775694e-05,3.6853874368527405e-05,5.3665372606818575e-06,5.17045697888383e-07,3.0672085330472544e-09,8.15340557581019e-05,1.8242687260528175e-06,2.456662961566955e-06,3.101053719510621e-07,4.847546421251576e-08,0.0001904076433704611,0.005305110934087434,8.23144993413142e-06
70,4.226212703372015e-05,2.938040139415529e-07,3.679504752507023e-05,0.0005910722135639062,0.0012613061773912083,8.683332376960602e-05,0.00021948637165516554,1.2218442328624754e-07,0.985006638591704,8.162701639110077e-06,3.933410199041354e-06,5.932030958474716e-06,1.861502222448382e-05,4.5291323828577625e-05,6.0159918573505176e-06,2.861611958030631e-06,9.019513397433197e-09,0.00027509784702517447,8.676445303168745e-06,4.185242662408042e-06,1.3619838614667959e-06,9.32198174448545e-08,0.00034747278262822393,0.012009561600849634,1.7919924593966313e-05
