,0,1,2,3,4,5,6,7,8,9,10,11,12,13,14,15,16,17,18,19,20,21,22,23,24
0,0.0002316150252838836,4.054303208431885e-06,7.724146844997236e-05,0.020781287729085367,0.00887380780484244,0.0011640403286093004,0.0015055959635204394,5.5260960978839326e-05,0.8347130362112323,0.0015286216084233082,0.001402464780675096,4.1622642149104485e-07,0.00011316592135796054,0.020086436938497085,0.00027493605148346537,0.001718385108114926,0.00030282416210719793,0.00012002686406564022,1.7076977938621552e-05,0.005411847146622789,1.4248190259919803e-05,0.00021274433200354494,0.08883922686938499,0.010817857134528602,0.0017337818929046534
1,0.0002010945807010427,2.994824633150193e-06,5.257766898055693e-05,0.012188592393667612,0.005931973088753757,0.001092904661913213,0.0011307167173862903,5.8291217496346476e-05,0.9057698770909623,0.0017301880913713323,0.0007036351574916652,2.4109211347662797e-07,9.077380246793351e-05,0.008521997675965032,0.00015662587192172625,0.0022311621831319186,0.00019489607721327837,6.38548392390887e-05,2.1023454850018468e-05,0.004834306747309035,7.906254277120457e-06,0.0001340571898136618,0.04673931458925626,0.007335892329197483,0.0008051023998866377
2,0.0001913577432887228,2.70925661629058e-06,6.239387639785577e-05,0.01129159292807078,0.007859907748455953,0.001095694184773803,0.0016172100741404705,6.385054988750198e-05,0.8381423286840101,0.0017920009500275644,0.0006824510898187819,2.4900204614423137e-07,7.242171642537308e-05,0.015881606769119445,0.00025669155595002443,0.0013402634489596862,0.00014692965811570192,9.157576633154244e-05,2.383339664691632e-05,0.011696447480090104,1.2786301137973062e-05,0.00027405915545239895,0.09643022143149362,0.008880459986115453,0.0020909572466279347
3,0.00023736435826118228,3.94344553933924e-06,8.085149269426389e-05,0.01978340474384133,0.008318585183880834,0.0016158086017521753,0.0017104686068238838,6.665829853204161e-05,0.8209538332152536,0.0018700520951698083,0.0012954694412401254,4.5550640387219767e-07,0.00012376026784667978,0.01954923006572762,0.00029703132882811877,0.002237861368314413,0.0003094227992071804,0.00012324120353600308,2.3644987555193884e-05,0.00794376000959466,1.7000568010906434e-05,0.00023689097929307072,0.10053787128881196,0.01096337352697809,0.0017000166169036175
4,0.00024747326983887364,4.725292886958103e-06,8.471512817968889e-05,0.022426027792566864,0.009369897758002618,0.0016230807604540472,0.0017878730374541025,7.169327424078985e-05,0.8087853685004587,0.001764705097351166,0.001626591526283478,6.461844462688368e-07,0.00018465157485360995,0.023074600616431098,0.0002643043393721219,0.002463269373840954,0.00038385332351820645,0.0001495112986842357,2.608203042991377e-05,0.00782945396676287,1.7716468279370105e-05,0.00024142847758637701,0.10593127978068538,0.009953374952719127,0.0016876761746731548
5,0.0003209483796476828,2.837478560637506e-06,8.418155688462855e-05,0.026324326916157898,0.006683122545351063,0.0012781866343310826,0.0017161761618096568,7.822116440066098e-05,0.7991091445197007,0.002249869288038355,0.0012288869882781358,5.187551273984948e-07,0.0001273829465791601,0.021782172765103146,0.00021694096711445167,0.0022968363944152813,0.00037777964180546404,0.00024254017459766485,1.723160327157619e-05,0.010844134797996395,1.7849362833206268e-05,0.0002409608092722113,0.10735939309347252,0.015409836576380636,0.001990520478870241
6,0.00023736435826118228,3.94344553933924e-06,8.085149269426389e-05,0.01978340474384133,0.008318585183880834,0.0016158086017521753,0.0017104686068238838,6.665829853204161e-05,0.8209538332152536,0.0018700520951698083,0.0012954694412401254,4.5550640387219767e-07,0.00012376026784667978,0.01954923006572762,0.00029703132882811877,0.002237861368314413,0.0003094227992071804,0.00012324120353600308,2.3644987555193884e-05,0.00794376000959466,1.7000568010906434e-05,0.00023689097929307072,0.10053787128881196,0.01096337352697809,0.0017000166169036175
7,0.0005166180894531412,9.915384175203843e-06,0.0003251905096386582,0.03134043091087054,0.015104557748944807,0.0020555916504056623,0.0024178754075223014,0.00013800333982835853,0.8196802387585053,0.002191090779336548,0.00357510026016491,9.144391806175285e-07,0.0005378827900160668,0.02133278496084548,0.0004021547143541439,0.0024071138568514524,0.0004906062419870792,0.0001716996815211759,6.042943025448722e-05,0.009127085488422278,2.399737500121162e-05,0.0003594525035896025,0.07024606371836714,0.016299860917159938,0.0011853410436039242
8,0.00021494295664545865,2.193806259504405e-06,7.626290628645061e-05,0.017422538600027876,0.005621052703326993,0.0007250724129513121,0.0010462055571787848,3.340974753221116e-05,0.8375268153426298,0.0020179500631659773,0.0009817293996443007,1.228098259681836e-07,3.6059346462465306e-05,0.01774590138999932,0.0003720688912569667,0.0007893540879867023,0.00013027852163555786,8.195089765382872e-05,8.145362137976754e-06,0.005441401431775377,1.1644223875122497e-05,0.00022330815806884013,0.0736912222146314,0.033652335683981384,0.002148033485060617
9,0.0002344378119689888,2.323556613725669e-06,0.0001396226633806894,0.028009585784910952,0.006234343403664054,0.0014015344919197888,0.0008576554233399856,5.7638384162666006e-05,0.7933758156970857,0.002629647384838735,0.0015385502923755665,2.473986919326089e-07,9.57760282249332e-05,0.0236818429141961,0.00030529739377497373,0.0014863032098519117,0.0002835486024940253,0.0001078926909498494,1.4659319902373935e-05,0.0102131023808351,1.668449453866208e-05,0.00027701739745146617,0.09539285826258957,0.03249346418448456,0.0011501508277535718
10,0.00023736435826118228,3.94344553933924e-06,8.085149269426389e-05,0.01978340474384133,0.008318585183880834,0.0016158086017521753,0.0017104686068238838,6.665829853204161e-05,0.8209538332152536,0.0018700520951698083,0.0012954694412401254,4.5550640387219767e-07,0.00012376026784667978,0.01954923006572762,0.00029703132882811877,0.002237861368314413,0.0003094227992071804,0.00012324120353600308,2.3644987555193884e-05,0.00794376000959466,1.7000568010906434e-05,0.00023689097929307072,0.10053787128881196,0.01096337352697809,0.0017000166169036175
11,0.00023999748020058525,4.227777770112147e-06,8.379442284168829e-05,0.021089313725212337,0.008354047700579861,0.0016987628368433096,0.0017905323750386378,7.576634597497989e-05,0.8202789509478291,0.0018003300455047009,0.0013536355711523673,5.318879247326221e-07,0.0001557318095857274,0.0194967994489912,0.00027891820905963155,0.002486280170362038,0.0003569144479929109,0.00012999753050476725,2.5858836519878593e-05,0.008011670951666027,1.658261450575167e-05,0.00023522757294642182,0.10035047064537732,0.010103065250796203,0.0015825913948198816
12,0.00021480801726254738,4.894916846351889e-06,7.068106507263228e-05,0.017301915182315986,0.01314158338775195,0.001655322223383737,0.0019067167374320797,5.47575557609962e-05,0.7865913819271534,0.001445957370816321,0.0011397613417369911,5.982664337779255e-07,0.00012319328528267236,0.025892148561576254,0.0002721473084057922,0.0019575808157423747,0.0002270974120725215,0.00016578101743777845,2.0844937297929364e-05,0.010112312718608513,1.818702986328313e-05,0.00019116860211804956,0.12723226615573324,0.007616994729637788,0.002641899434257057
13,0.0002784371309632074,5.673731927480655e-06,0.00012751370223327747,0.035437594008250986,0.013886904689980311,0.0017860814113482355,0.001633480962570837,6.736638030938116e-05,0.7184281733240188,0.0015243870399027188,0.004712957016189153,7.730439092511131e-07,0.0002591706184731709,0.031373384509565075,0.0005101427353465769,0.0025448112545861435,0.00043315661470167386,0.00013397081915689365,3.104132999116652e-05,0.006549187799078308,2.79636096663861e-05,0.0002602801934800003,0.1613338807557074,0.017269641091675697,0.0013840262269681142
14,0.00024079894252273693,4.35062744977789e-06,8.182961397654646e-05,0.01931859522477453,0.00894063998379243,0.0017543624576597937,0.0017785706023191663,6.563247742503994e-05,0.8169660264204823,0.0018875680428841269,0.0013940973854453826,5.046104258684725e-07,0.00013455348862389464,0.020497432588174234,0.0003072615542675927,0.002377633141254647,0.00031328733825387807,0.0001253249949149701,2.626550364004095e-05,0.008156977043841144,1.779604296812475e-05,0.0002398670373108287,0.10300367305342832,0.010630585888192882,0.0017363659359719
15,0.00023736435826118228,3.94344553933924e-06,8.085149269426389e-05,0.01978340474384133,0.008318585183880834,0.0016158086017521753,0.0017104686068238838,6.665829853204161e-05,0.8209538332152536,0.0018700520951698083,0.0012954694412401254,4.5550640387219767e-07,0.00012376026784667978,0.01954923006572762,0.00029703132882811877,0.002237861368314413,0.0003094227992071804,0.00012324120353600308,2.3644987555193884e-05,0.00794376000959466,1.7000568010906434e-05,0.00023689097929307072,0.10053787128881196,0.01096337352697809,0.0017000166169036175
16,0.0002992769469577182,4.205546554381398e-06,8.432098090237241e-05,0.024317176975240266,0.008606754855585923,0.0017096219650292624,0.002142479053876473,7.195937377290848e-05,0.7773484583997021,0.0028073591931072374,0.0014806395431336162,7.319191543974744e-07,0.0001280668284328805,0.028266013139052783,0.0003031929961234511,0.0026413105647244296,0.0003993588982134481,0.0002326658175101849,2.4747279703286633e-05,0.010987385874892465,3.0541809428789e-05,0.0003257095846272911,0.12248352559398476,0.012656685953818069,0.0026478109064714326
17,0.0002626854344803784,4.184772643188219e-06,8.059813017861598e-05,0.02046442562235476,0.008718785147572137,0.001519849854101638,0.0018048643405371792,7.198654633972076e-05,0.7995410715253582,0.0018660367127310653,0.001358834269159076,6.077163696264939e-07,0.00014415295214907634,0.023193580983405283,0.00026725606930796047,0.002252518418982564,0.00035451475801568635,0.00016770483276783548,2.4798952209427456e-05,0.009143735869963978,1.9374077574960593e-05,0.0002661601872503376,0.11611436636138513,0.01027624765995611,0.0020816588052060196
18,0.00024015209956093286,3.9642736764022315e-06,7.834127354781722e-05,0.01935045977281218,0.008072246452877158,0.0015973151358475196,0.0017240227668016022,6.677847847112012e-05,0.8204989012228622,0.0018721010830669727,0.0012693316163650548,4.6971334729947396e-07,0.00012383890159718886,0.019762027105743787,0.00028865587793761607,0.0022158419493811675,0.00031676896604271966,0.0001282795534756243,2.3510382306417308e-05,0.008011050821690218,1.704078700485074e-05,0.0002417941902771718,0.10159898783413819,0.01072960087975981,0.0017685188614091016
19,0.0002593724710379547,3.5794154246846945e-06,5.719328653672009e-05,0.015601250652138611,0.00508159540030629,0.0019781360454487287,0.001443129798399577,4.7835248301385656e-05,0.8066282466568441,0.001968709622814829,0.0012052438098180426,2.8819260373659823e-07,7.095666862326383e-05,0.01701663795449599,0.00035439755859068125,0.0019095881814473192,0.0002798764475194954,9.784740547171287e-05,1.8925036852209804e-05,0.0065260419250646445,1.778216846362256e-05,0.0001998901254615882,0.12329832524931246,0.014086111162542363,0.0018490395164800408
20,0.00018137889207536683,4.351418645942494e-06,0.00011940658770551224,0.02642355646710284,0.010060402323395045,0.002120183223851861,0.0030103449776397815,0.00010902246923365931,0.7428626444560185,0.0019977272289320685,0.002134299027821003,3.8578330395068127e-07,0.0001158602606378245,0.020915154531858535,0.0011613543197823114,0.002157312981775822,0.0002705420173222986,6.726025156681541e-05,3.7772538539655386e-05,0.009040564777195496,3.837471627773696e-05,0.0004963108504034587,0.1596152082628008,0.01523778507374597,0.0018227965623679558
21,0.00037802129508192393,5.201890798324048e-06,8.524950568456964e-05,0.02430654352128588,0.013387258455087887,0.001395538936936846,0.0014649559462759194,6.055174751441865e-05,0.7915458976645942,0.0032255835775529067,0.0018804367804985006,9.062530896969902e-07,0.0001496981009639793,0.028489355029964605,0.00021829584321156025,0.0030501505199405352,0.00030858689355303974,0.00025603311909243326,2.8249030012066136e-05,0.010228750996685024,3.415182335294546e-05,0.0002375915516491512,0.10416681410645273,0.012913650374907213,0.002182527035813914
22,0.0003885650549064201,3.4749991082174396e-06,0.00016120007255716664,0.04336420242918149,0.0076198265174358725,0.0020505665298114904,0.0015987091419253049,9.525764561262418e-05,0.7542818255619118,0.003939138117202116,0.0023529087580991316,7.025856605183244e-07,0.00016512129352488117,0.028854291637272725,0.0003508359344685485,0.0034024794336956197,0.0006514420754244307,0.0002531380788271117,2.499758800741239e-05,0.011716985615759684,3.545292005960975e-05,0.00036386360791617093,0.1124367110965842,0.024361992584584147,0.0015263107204631068
23,0.00023736435826118228,3.94344553933924e-06,8.085149269426389e-05,0.01978340474384133,0.008318585183880834,0.0016158086017521753,0.0017104686068238838,6.665829853204161e-05,0.8209538332152536,0.0018700520951698083,0.0012954694412401254,4.5550640387219767e-07,0.00012376026784667978,0.01954923006572762,0.00029703132882811877,0.002237861368314413,0.0003094227992071804,0.00012324120353600308,2.3644987555193884e-05,0.00794376000959466,1.7000568010906434e-05,0.00023689097929307072,0.10053787128881196,0.01096337352697809,0.0017000166169036175
24,0.0002192224914334054,4.269759999987662e-06,8.304983852614346e-05,0.02958607924175632,0.015580814913615543,0.0013279025617004157,0.0016178433136230766,7.047689754742512e-05,0.7849137342376584,0.0015300770011805662,0.001692596821371429,7.927412314525235e-07,0.0002197031555284907,0.02928599901605522,0.0002053539916392834,0.002990745958527525,0.00029942871066251616,0.00018485813025531458,2.2734419810541273e-05,0.008483262068541305,1.6599121651425e-05,0.00017820265226550915,0.11085134059617108,0.009084058570990122,0.0015508537882575443
25,0.0003867976018228987,3.2716851860777066e-06,0.00014950259272016053,0.04814015252141477,0.013410422359950979,0.001126059803669968,0.00268597979014476,0.00015156990866099158,0.7239642869300686,0.0022542700109459248,0.003001130517588349,6.972882469003048e-07,0.00026646726105492404,0.02390461088044044,0.0004166319044578087,0.0033551803044488716,0.00039346517408056416,0.00023085128493955303,3.6707776762364376e-05,0.011730619910018194,3.18717514954567e-05,0.00030601509593645917,0.1461718605755422,0.01633866919587387,0.001542907874528769
26,0.0003821383203571625,5.768049987060223e-05,0.001075701263225356,0.042078163684314086,0.08377878803507748,0.013355789979033843,0.037218543461648025,0.00032252805903123084,0.1179549282444899,0.025588303177374348,0.01057877077493407,6.936050987258938e-05,0.001972843723374862,0.4806264790887685,0.002380605823447472,0.015269232278596546,0.0009363996002216438,0.002464873436318691,0.0014374630001885227,0.061731781962569635,0.0020975565822165046,0.010786026366674181,0.0772344668405517,0.0017834318576833953,0.008818143430159622
27,0.002964101124952597,2.6672034569094076e-05,0.0013286198651628464,0.28769670727541147,0.06759733077976463,0.007609540295830059,0.002574482116379231,0.0002816769020820271,0.2385683762915258,0.0026349395126108025,0.014301840287542058,2.526450924290001e-05,0.003523704269687132,0.09957741366606493,0.00016621920544566818,0.015933456043239203,0.0025096635932110186,0.004749443751041023,0.00013953813268045533,0.014869438899614576,0.00031238445013510673,0.00013658004705612402,0.2202313067580632,0.010732688918270507,0.0015086112704175512
28,0.00023736435826118228,3.94344553933924e-06,8.085149269426389e-05,0.01978340474384133,0.008318585183880834,0.0016158086017521753,0.0017104686068238838,6.665829853204161e-05,0.8209538332152536,0.0018700520951698083,0.0012954694412401254,4.5550640387219767e-07,0.00012376026784667978,0.01954923006572762,0.00029703132882811877,0.002237861368314413,0.0003094227992071804,0.00012324120353600308,2.3644987555193884e-05,0.00794376000959466,1.7000568010906434e-05,0.00023689097929307072,0.10053787128881196,0.01096337352697809,0.0017000166169036175
29,0.00023736435826118228,3.94344553933924e-06,8.085149269426389e-05,0.01978340474384133,0.008318585183880834,0.0016158086017521753,0.0017104686068238838,6.665829853204161e-05,0.8209538332152536,0.0018700520951698083,0.0012954694412401254,4.5550640387219767e-07,0.00012376026784667978,0.01954923006572762,0.00029703132882811877,0.002237861368314413,0.0003094227992071804,0.00012324120353600308,2.3644987555193884e-05,0.00794376000959466,1.7000568010906434e-05,0.00023689097929307072,0.10053787128881196,0.01096337352697809,0.0017000166169036175
30,0.00023736435826118228,3.94344553933924e-06,8.085149269426389e-05,0.01978340474384133,0.008318585183880834,0.0016158086017521753,0.0017104686068238838,6.665829853204161e-05,0.8209538332152536,0.0018700520951698083,0.0012954694412401254,4.5550640387219767e-07,0.00012376026784667978,0.01954923006572762,0.00029703132882811877,0.002237861368314413,0.0003094227992071804,0.00012324120353600308,2.3644987555193884e-05,0.00794376000959466,1.7000568010906434e-05,0.00023689097929307072,0.10053787128881196,0.01096337352697809,0.0017000166169036175
31,0.0005218218992079051,4.576788166749466e-06,0.00014819316003540268,0.02113128031241718,0.010853082466437325,0.0010632692158694256,0.0019230367724637025,0.0001307560588801018,0.8028522900870656,0.0019691217957447296,0.0010988364259585056,7.503257450130426e-07,0.00020158293038687427,0.02023161364744444,0.0001960439213891503,0.0019274986598284375,0.0003634053659886931,0.0003139217236276451,3.701225695608626e-05,0.014288549834645985,1.9978818873382104e-05,0.00030070156875098056,0.10720830744622072,0.010394426871448922,0.0028199416464470125
32,0.0002456911410304669,4.357054375039219e-06,8.852279911518772e-05,0.018693445721902225,0.009190375504740445,0.0018136921643757689,0.0019046694547423305,7.714548937400938e-05,0.8092008325801868,0.001958094447147676,0.0013623466621259946,5.252063196624921e-07,0.00014095462743070127,0.020612723927344784,0.0003338876373533604,0.0024859110480742745,0.00031702196668835053,0.00012429406044450145,3.257137376915613e-05,0.009286026918220183,1.8865172617488066e-05,0.00028378549573434197,0.10984805545471105,0.010168534268249551,0.001807669823926616
33,0.0002404607532237853,4.1846767872193355e-06,7.767978132996065e-05,0.021212751803405726,0.006978213843877763,0.0017056490761201018,0.0018880455619499264,7.872867852724498e-05,0.8293013746938273,0.0020150063861377227,0.0013258402207423422,7.478631070622471e-07,0.00020842951998680364,0.02407312358579633,0.00020006060373415024,0.002890991721152867,0.0005243073072235777,0.00018188194516192675,2.5023257819967833e-05,0.00854373270528828,1.4158451201769597e-05,0.0002897981285338972,0.08794116439377105,0.00871095704720716,0.0015676879940860115
34,0.0001339225326437767,2.7851791552548022e-06,9.949362014994818e-05,0.060294223880770756,0.005661072173472323,0.00624167912642138,0.004443034597715047,0.00011976781907337222,0.6889760837986416,0.00346534926627327,0.0009986946704728336,9.760919925545474e-07,0.0001602311196632953,0.03709446148302928,0.00042411510421543655,0.006991830550358963,0.0010117006146820276,0.0003249158576771051,1.200352517624576e-05,0.019875669905208948,3.9035742111605527e-05,0.0003179609016425142,0.15083067642145404,0.010548185846854956,0.0019321301711435342
35,0.00045320609708584777,3.3998212691786897e-06,5.388278935024476e-05,0.012572908099514552,0.00471050043239929,0.000631231577354978,0.0012156335593854438,7.017995644630034e-05,0.9026437067208172,0.0020811754130969696,0.0006881257127375404,5.365609083192635e-07,0.00011234190039185099,0.011336224981443708,8.801169244065247e-05,0.0018135605469408662,0.0003609406418832198,0.00023894988281478985,1.8821592632122932e-05,0.005816594040988806,9.444705159538669e-06,0.00018986589015155536,0.0455960874687086,0.007560657909896353,0.0017340120061819753
36,0.00024572681349366776,3.984482937316596e-06,8.465012261765856e-05,0.02031153584902021,0.008769902238961924,0.00161253966957835,0.0017113363793619472,6.625146982949683e-05,0.8166649908318431,0.0019202683583301888,0.0013577362431403017,4.463691155719818e-07,0.00012236289470951738,0.01980624638745947,0.00031074148118655296,0.0022274351654913167,0.00029727647705576644,0.00012404315219312134,2.4120837309978916e-05,0.008070467795461795,1.7911071123938545e-05,0.00023501658468442474,0.102705047639409,0.011576258089402935,0.0017337035962826269
37,0.0005832082249966437,3.173477710723737e-06,0.00015733686027514498,0.039104960534215485,0.008782082595713664,0.001149564374558688,0.0015250297622226912,7.064484029888262e-05,0.7479546948066037,0.0028456700958984704,0.002632317047253185,5.830703783327237e-07,0.00015349436662965467,0.02784224026285961,0.00029631433565064654,0.002320743535033955,0.00041076646300394315,0.0003595872061612079,1.9313005615521702e-05,0.010925925326577147,2.327406550774149e-05,0.0002511251840385302,0.11169175144173062,0.038791426856330045,0.002104772260735705
38,0.00021366035500632264,5.182783660666812e-06,9.811495818608485e-05,0.026600150313638223,0.009235996586358226,0.006338342700742404,0.0036825979946030906,0.00011398470260956113,0.6740443852807475,0.002209900981840819,0.0020855297743733532,7.863272679729024e-07,0.00023365717906732107,0.02309201986061881,0.0007111047485574816,0.007241145474879807,0.0005051909306265222,0.00011694449604968578,6.088851778852566e-05,0.01383581989145101,3.415951542229426e-05,0.00028165743317077203,0.21789703764541676,0.009857082599741015,0.0015046589481757843
39,0.00022608634855087595,3.621938675787213e-06,8.023266276866966e-05,0.02291252999866006,0.007625544996527152,0.0024671085394876993,0.00309235064159649,0.00013497199914869686,0.7136434580273306,0.0018514405818980172,0.0009810929863319233,6.227033023893542e-07,0.0001382524250441932,0.01783869923657571,0.00043990414290248127,0.00331489571410496,0.00041363870605990984,0.00014752301434486247,3.6103835552562384e-05,0.014061890710037264,3.265032732271404e-05,0.0003335352813819604,0.19987228439594876,0.007703397588941596,0.002648163197504879
40,0.00023734678680688846,3.962158194735101e-06,8.12571918082561e-05,0.01976698844823029,0.008365397837448269,0.0016206564122738564,0.0017123490139578463,6.660975138187718e-05,0.8207789204692946,0.0018723774786987236,0.0012988508854736023,4.57078125119785e-07,0.00012390199377535163,0.01963369657388085,0.00029847443498572,0.0022364876806665406,0.0003091325578010465,0.00012329900967912507,2.374264665801691e-05,0.007964151213799975,1.7045477700596457e-05,0.0002379143105779781,0.10055076436599278,0.010970972680796826,0.001705243541991308
41,4.820322922583966e-05,3.578498544783729e-06,2.7648690568797147e-05,0.007734903159596729,0.006217852609717154,0.0007853416299368305,0.0003653896631593897,1.5761758352018572e-05,0.9581250727584106,0.0004971462836339971,0.00033918675196383945,8.530087436918123e-08,4.5150947846363314e-05,0.004814999154651148,8.1351387132349e-05,0.0007200677497491808,8.762924175380859e-05,1.2385281545981503e-05,3.523825724475413e-06,0.0009907176375723798,1.9720054162158054e-06,3.140451521684253e-05,0.015726486298424033,0.0030511678757660613,0.0002729737452168998
42,0.0002545362425195114,5.9381544900192065e-06,0.00020610620061073108,0.01721059198464025,0.009712053120014797,0.0020240186408061254,0.002721297676583404,0.0002755942815977132,0.8263116103183137,0.0037808843820182313,0.0015677271201763304,9.095423157567417e-07,0.0002285267810811781,0.01857271709889974,0.0007431520280770912,0.0032258336975811925,0.00047680809089993,7.822917553992462e-05,0.00014309084117570552,0.015605803825643954,4.488638675454161e-05,0.0015555651500653983,0.08531990002408499,0.008648305274773256,0.0012859139613367583
43,0.0002753401259252955,5.2089516450243135e-06,9.201010275771371e-05,0.02453092918897138,0.010958895620851236,0.0016470599205734078,0.0020600062859655664,6.862036663915333e-05,0.7757017395775619,0.0012517116706945424,0.0019104236937499339,7.694823659088674e-07,0.00018621777846808938,0.02520188657088585,0.0003398011574505014,0.002403548497779107,0.00041161648680974547,0.00017609376867557815,2.4968903075776796e-05,0.007012655322877237,1.7699984131001522e-05,0.00022161377453334345,0.13258490768801642,0.010743565612199269,0.0021727094673968344
44,0.00023736435826118228,3.94344553933924e-06,8.085149269426389e-05,0.01978340474384133,0.008318585183880834,0.0016158086017521753,0.0017104686068238838,6.665829853204161e-05,0.8209538332152536,0.0018700520951698083,0.0012954694412401254,4.5550640387219767e-07,0.00012376026784667978,0.01954923006572762,0.00029703132882811877,0.002237861368314413,0.0003094227992071804,0.00012324120353600308,2.3644987555193884e-05,0.00794376000959466,1.7000568010906434e-05,0.00023689097929307072,0.10053787128881196,0.01096337352697809,0.0017000166169036175
45,0.00019254312517894047,3.47348866222305e-06,0.00010159284669097722,0.023659215241089812,0.008366873980225674,0.002381792811034316,0.0025151464632220946,9.30180552668427e-05,0.8135679361405513,0.0019918696914012833,0.0012890965731482352,3.445805433107886e-07,0.00012256988092294448,0.016119397986961367,0.000538303145136995,0.003114869384004545,0.00029641818888564677,8.347181279401359e-05,3.01360518075387e-05,0.009016014705362268,1.752050394319447e-05,0.000258149228759441,0.10266351229265122,0.01224639475145544,0.0013303390703005187
46,0.00031436375355863434,3.3463470082491754e-06,8.560385140398136e-05,0.039421308038990424,0.0029132144021417625,0.0030894691237531927,0.0013754829081737707,0.00011249135361829787,0.7745015502689008,0.0018754450021638072,0.0016565283727793072,7.908673311287162e-07,0.00021849824304186346,0.016508212978802193,0.00024221480292955163,0.004202180268356869,0.001394087044993576,0.00018313916843817673,1.6789580832396118e-05,0.0071265745414562315,1.9117962883840095e-05,0.00022740690281370467,0.12645422330842748,0.017159156627504505,0.0008988042796962118
47,0.0005024355183929648,7.467697205377213e-06,4.470709030511258e-05,0.003968219615048312,0.0034454692287509653,0.0009264865986642536,0.0022602023713199876,0.00010582080045169566,0.9147457384649612,0.0026074455377161957,0.0004893257236858105,1.295194138100055e-06,0.00013299392563338196,0.010328450014231744,0.00013567715757370938,0.0017043225587844303,0.0004584709466538609,0.00022004418047700828,6.885668540518182e-05,0.009439986009185618,1.3908753327924495e-05,0.000756334624304249,0.04044635823374904,0.0038464894700369246,0.0033434935999968685
48,0.00019919606270467485,8.811740917637177e-06,7.207727930855044e-05,0.018657984498615086,0.0029536855220951117,0.009045112066561318,0.0030344339420523762,0.0002085381413117072,0.8304066183956452,0.00110962879160767,0.0011064597940370743,1.1892226449540333e-06,0.000559323997566252,0.009591914432967471,0.0002876027679733787,0.006897470573616715,0.0017342846359782275,7.214750763155569e-05,6.236970285650565e-05,0.006072944536548279,1.3672188242704013e-05,0.00022770056944313428,0.10354802151955685,0.0035510627594404934,0.0005777493506772094
49,0.00023966409986230053,6.2185943724504805e-06,0.0001738066399324337,0.02273380212746924,0.010478460831886222,0.00311140994983096,0.002167238265292701,8.622400122749976e-05,0.7880562131092292,0.0028517461249363786,0.0015956396959876035,9.76679102902014e-07,0.00018545156256265046,0.03496766448065589,0.0004467461074345157,0.002499623218532009,0.0005085917536134363,0.00018495462335398858,3.809434492588211e-05,0.015262466943115447,2.8603910635119e-05,0.0005553909178383104,0.09877939812999208,0.01285217381144531,0.0021894400767653445
50,0.0002800796626403742,2.802474520458112e-06,4.298093602161801e-05,0.005547001207454284,0.006571945987055739,0.0004558889182731383,0.004220142118660234,7.48014807282262e-05,0.9022456236713263,0.0047234973654551584,0.0003319486002275641,2.0331793564059995e-07,5.277000919392259e-05,0.01283003011194158,0.00019060758164363237,0.0013327271137687348,8.896004323498509e-05,0.00014549233428839403,4.0422155449023174e-05,0.01145369394401388,1.160498284216021e-05,0.0005144812864615498,0.038378754087377814,0.005210063800164939,0.005253476809320483
51,0.0002735808029843422,3.958679810010771e-06,8.304756279665789e-05,0.018146497049411917,0.00846570192268991,0.0019305018695628057,0.0021257561701283397,8.061616577101144e-05,0.7776666647827262,0.001940974078247374,0.0013032959339479787,5.292171805045675e-07,0.00013214658613972568,0.020914993057314823,0.000351251096573611,0.0025772057244343232,0.0003153045594015776,0.00014933842870713007,3.32406555627663e-05,0.011319441234247059,2.064789740975645e-05,0.0002825027798565604,0.1389636062096712,0.01069858907876082,0.00222060845666355
52,0.00019335290487492224,4.711300762868e-06,6.948164477156544e-05,0.015315546099407206,0.00884582812198435,0.0015725813651953939,0.0017667951708255551,6.346860066058564e-05,0.82930295853195,0.0014767442218945872,0.0010668196067876788,4.458888410399412e-07,0.00010920264372944491,0.017900202325096263,0.00032215702318647043,0.0018259540681276904,0.0002685213694870708,9.084961152505307e-05,2.548600859995526e-05,0.006851248356982982,1.70449304490529e-05,0.00024279009691105378,0.1029602190373248,0.0077819434440920465,0.001925647626532269
53,0.0008574620769632176,1.588713404506458e-05,0.0004764253827726541,0.0318684937148687,0.020004833181599863,0.0028071343355102964,0.0006604247102528145,7.562144058841524e-05,0.7871381090422399,0.0038744068782552545,0.0040882026151422704,2.1063210317839665e-06,0.0003457310685097443,0.04283685285112015,0.00024961359679502197,0.002243903737937332,0.0007695606484059738,0.0002969308526960036,6.344586611125025e-05,0.009081654552997465,5.0581417115320354e-05,0.00047407796962823837,0.06727235223788687,0.02302173177754801,0.0014244565899785054
54,0.0001793344401166626,7.199011041831123e-06,2.035226462197775e-05,0.004248616140549362,0.0047541848454445085,0.0010259331281325637,0.0016994821609067762,3.3507239842704524e-05,0.9235302015315251,0.0015799393694145227,0.00036712533878658255,5.769316367790418e-07,6.404894136748049e-05,0.012612069584700071,0.00012096757656183351,0.0015600567816157777,0.00021119057911794215,0.00010058472005583925,2.0164372440179485e-05,0.0036731338726056725,7.935462449692714e-06,0.00020908017271468267,0.03851226753977384,0.002756294405503066,0.002705753589074607
55,0.00029001551212599257,6.491499780365571e-06,2.996883592708806e-05,0.00839193911441642,0.008592407149820047,0.0005261302092689753,0.0014896666377712479,3.949243480054609e-05,0.9124723124108822,0.0008723918697690369,0.0006307922432197262,1.076674572978004e-06,0.0001167689556676879,0.012068755504220105,7.837028049721882e-05,0.0014556501884680569,0.0002497255316427873,0.00022600383821581632,1.5399572013779323e-05,0.003496617320496604,8.236286068528253e-06,0.00011791066862893357,0.04287809987962281,0.0033719904442822113,0.002573786937820761
56,0.0002414301187402164,4.335159391358504e-06,8.494585843669049e-05,0.02024184935943828,0.008733233985954164,0.0015886288894747876,0.001727680810089868,6.986343505349793e-05,0.8256895804966505,0.0018076916074438198,0.0013964929256691323,5.217609041185794e-07,0.00015135650132378607,0.020105586197786195,0.0002775380322287489,0.0022982530650820275,0.0003351990642569974,0.00013032912660450695,2.5173015884140687e-05,0.00777039216219999,1.60346459426362e-05,0.00023724864237249357,0.09504963915240995,0.010384191877103136,0.0016328041095589683
57,0.00010378912402324929,6.504080489437173e-07,1.4043841173460155e-05,0.03427939313396234,0.0009011669527848036,0.0006579038757114519,0.0005845105995136093,9.41843179322153e-06,0.8636645888516992,0.0008687153959904993,0.0006167331719348603,1.401734329769818e-08,1.8060667270594695e-05,0.007027897198384001,0.0001116713820575433,0.0005801714984276738,0.00014073600186558175,4.3067637039970545e-05,2.7636555172791967e-07,0.0008952208496344875,1.8183313389308894e-06,1.3383236244699849e-05,0.04783181235816003,0.041124234121225386,0.0005107225488205073
58,0.00024971120243577025,3.7904723835898384e-06,9.069950276560663e-05,0.02127543099933701,0.007715349817013035,0.0016101177000728637,0.0015803807320259992,6.324279276113715e-05,0.8229315214162123,0.0019450140141366098,0.001483132244161352,4.0996967446455865e-07,0.00011894883321580389,0.01886727434951966,0.00033546685643223977,0.002160011393647249,0.0003113701071607264,0.0001150288922777652,2.228745470258995e-05,0.007474840198375735,1.642365403715027e-05,0.00024016138157457572,0.09468042204563143,0.015175147015865975,0.0015338169545793675
59,0.00025087207294778916,3.5566146022938957e-06,0.00010645074969948763,0.023383906436807402,0.007768950846398321,0.0015967003123110652,0.0014971366013724233,6.528380802837393e-05,0.8188034871282647,0.002130662850818722,0.0015068297702272681,3.626293941618309e-07,0.00010935938603428553,0.01917913512494858,0.0003688333437007746,0.0020484053175296776,0.0003007660060030949,0.00011180914890692497,2.1023701175161283e-05,0.007909420074796456,1.7485887963644636e-05,0.00024956323075046773,0.0927486835180933,0.018349673527582513,0.0014716419116432378
60,0.00023736435826118228,3.94344553933924e-06,8.085149269426389e-05,0.01978340474384133,0.008318585183880834,0.0016158086017521753,0.0017104686068238838,6.665829853204161e-05,0.8209538332152536,0.0018700520951698083,0.0012954694412401254,4.5550640387219767e-07,0.00012376026784667978,0.01954923006572762,0.00029703132882811877,0.002237861368314413,0.0003094227992071804,0.00012324120353600308,2.3644987555193884e-05,0.00794376000959466,1.7000568010906434e-05,0.00023689097929307072,0.10053787128881196,0.01096337352697809,0.0017000166169036175
61,0.00026584688689714094,3.6199885500906175e-06,0.0001154939778924011,0.025111447010726245,0.008236189293613078,0.0016702466183675325,0.00152031779137102,7.134908611584016e-05,0.8096816031775383,0.0021812039146462967,0.00155646587832985,3.952580445599457e-07,0.0001179734584506599,0.020250665459081742,0.0003684135985083805,0.0021366819430699143,0.00032592469429638515,0.00012322824931949142,2.2294153673165654e-05,0.008515958161813632,1.882130847500885e-05,0.00026188592154006285,0.09826195989066532,0.01766730690375531,0.0015147073752584405
62,0.00023736435826118228,3.94344553933924e-06,8.085149269426389e-05,0.01978340474384133,0.008318585183880834,0.0016158086017521753,0.0017104686068238838,6.665829853204161e-05,0.8209538332152536,0.0018700520951698083,0.0012954694412401254,4.5550640387219767e-07,0.00012376026784667978,0.01954923006572762,0.00029703132882811877,0.002237861368314413,0.0003094227992071804,0.00012324120353600308,2.3644987555193884e-05,0.00794376000959466,1.7000568010906434e-05,0.00023689097929307072,0.10053787128881196,0.01096337352697809,0.0017000166169036175
63,0.00023326439229967293,4.2266050076904805e-06,7.692785364629526e-05,0.018197617552618152,0.008264603558635971,0.0015551692815433148,0.0016593612641031652,6.254968112563995e-05,0.8330075679287519,0.001793212874503448,0.0012555258173998361,4.5422748616330255e-07,0.00012072965491571994,0.01876419359339953,0.0002865557749670299,0.002107848203303584,0.00030181952701091347,0.00011645115615497156,2.3079641418253757e-05,0.0072023379386109395,1.5991960666254506e-05,0.0002302006022363483,0.09275967728359039,0.01027033653949546,0.0016902970871096098
64,0.00024922729209659103,4.403048827723228e-06,9.859990170845729e-05,0.023786009589917573,0.01016840968012313,0.001779019647098404,0.001896215780792383,7.753692539658888e-05,0.7884799622836213,0.0021561944603760027,0.0015430032244048365,4.960660619263769e-07,0.00012218926543732469,0.020571723639481444,0.0003991486844501382,0.0023295579008222617,0.00030883886659321047,0.00012034840294050154,2.8632393129013016e-05,0.00894223795258375,2.8095606544150597e-05,0.0002747150848058915,0.12260955469910113,0.012147963555609459,0.0018779160480767154
65,0.00015548043631446738,6.151014555750429e-06,0.0002542712277200278,0.04053512900265324,0.013601327412956714,0.005931011991228349,0.0026803877331621337,9.493878367263767e-05,0.6612440152753253,0.001948310033903848,0.0029729744085103217,4.080688615444298e-07,0.0001484906804270476,0.028656895068036602,0.001873688669541398,0.002695349824120321,0.0003989733911567624,5.650642774237201e-05,3.866016638950304e-05,0.010401343364800524,4.7429832029395416e-05,0.000397552039763521,0.20424010290656872,0.020121681820764004,0.0014989204197954284
66,0.0002217581818652597,3.914519385846846e-06,7.097248301368394e-05,0.017511684832548554,0.0072946817700018625,0.0017204061033328896,0.0017719427620422857,6.658233802678532e-05,0.8210471116177607,0.0016284869411672448,0.0011640116143317293,4.310776382323588e-07,0.00011850611455689952,0.01783803251634004,0.0003017838865866682,0.0021403328679435937,0.00030875794316663637,0.00011090429187419728,2.353969622337229e-05,0.007744921446960243,1.551437699387243e-05,0.00022800817748720907,0.10707503079267974,0.00987455410532897,0.0017181295427434364
67,0.00022730373699070353,4.170993258529432e-06,9.319784876752058e-05,0.024024573903555974,0.006773840711008749,0.0036224761045289197,0.002266451513838866,7.354350770015505e-05,0.6930297216948189,0.0021934964571992026,0.0017247482667064743,6.835900385799711e-07,0.00016094493297681074,0.03180664930355181,0.00044882362208650925,0.0029273673844575267,0.0004864271049844144,0.0001753541329443434,2.710660017841414e-05,0.01529588976869315,2.90390557590904e-05,0.00033711171281090716,0.19683117810557915,0.015178406213706573,0.0022614937338584972
68,0.00020209128096187703,4.859810155549141e-06,7.20900907220815e-05,0.012406655898272168,0.008814336730744651,0.0014633956404812775,0.0012729393991268436,4.525464857397241e-05,0.8695442076210264,0.0017064969858605775,0.0011359726055821043,2.6422566595259975e-07,6.650344356119938e-05,0.014198063471033183,0.00041742214674834387,0.001504692603050317,0.0001899088937354602,5.2104986846614295e-05,2.4249706055031276e-05,0.00472035343941601,1.3641021185600844e-05,0.00024226388808790768,0.06886618375374841,0.01159363634112655,0.001442411368231635
69,0.00022453195032183214,3.76742229905699e-06,7.331377223391763e-05,0.018936283663184054,0.008253024800619128,0.0013447929511460341,0.0015782707937697432,6.04626804983709e-05,0.842348767563107,0.0017193814739990484,0.0011506121244822863,3.9288345396226076e-07,0.00010831742421300792,0.01752534669482391,0.0002667220633816971,0.0020235171061722813,0.00027442371317597876,0.00011222632500261138,1.9581727327191446e-05,0.006467394987841261,1.4243271414582831e-05,0.0002052926506860837,0.08543961359618903,0.010239844119372765,0.001609874241285348
70,0.001004713334148923,1.5906716603503154e-05,0.00017539815264836222,0.010707180662891372,0.01654704040806794,0.0011868533148430345,0.0035957384882670026,0.00011588490592770013,0.7974172901944294,0.0031899729952956095,0.003921571814539885,9.452002499200498e-07,0.00014995564487311046,0.019594784653050677,0.001306650802026276,0.0015103939919289358,0.0002235345192745295,0.00014788188635318563,0.0001685431447949473,0.00734478207728672,7.227151394800884e-05,0.0010357962599315703,0.11009574055458543,0.015299599802806853,0.005171568961227021
71,0.0002479715632327596,3.3759103634331554e-06,3.4342904278278564e-05,0.013196278379052224,0.008128491692011675,0.0007260661345714886,0.0012864483379738377,5.104754589660226e-05,0.8628552925878751,0.0013294535242276324,0.0008775133119092674,4.6895951206022115e-07,0.00010306640143169068,0.013602543659756551,0.0001252140043760568,0.0020012833656269375,0.00020963236201206184,0.00013492690515701588,1.7031738968294613e-05,0.005586834824788886,1.0983662960227438e-05,0.0001355368026770517,0.08106927294670399,0.0066263635745007895,0.0016405589001362419
72,0.00027320923292017805,5.01124988273023e-06,0.00010424601174026833,0.015316381251663857,0.009625572915591274,0.001429485963539871,0.0017149674294730363,7.171819504148441e-05,0.7824648860973495,0.0019907928826134102,0.0014387003178521567,6.384326353879699e-07,0.00012035636950316526,0.0297537789361057,0.0003989585237036221,0.001643547273969359,0.00033866547029653586,0.0001452147737750541,3.8136704406160384e-05,0.009667550694193254,2.2745515907761264e-05,0.0005202630925865776,0.12937449777078447,0.010520332665873393,0.0030203422285917077
