,0,1,2,3,4,5,6,7,8,9,10,11,12,13,14,15,16,17,18,19,20,21,22,23,24
0,0.002449356140929697,6.087042767431818e-06,0.0004402302830832248,0.0012027898710251122,0.38087921742074077,0.0002249608126436068,0.008630230723717627,5.959017123389434e-07,0.4680790603600873,2.268665564030653e-06,0.001713611742730151,5.742171331900482e-05,8.545114005065496e-05,0.00014566944852867288,1.4531226659349584e-05,2.91714111358864e-06,5.340907853104674e-06,0.0027145665590124764,0.00042058097572372836,1.4680208341222168e-06,0.0031732232556702235,6.09500339354515e-07,0.01008271919661933,0.11949124198894204,0.00017584996033333895
1,0.0003531884659131686,1.0546854158683781e-06,0.0001147192030877215,0.00021543233606436435,0.06401061810620422,0.0003024050321806124,0.0030398188439020226,2.712191885950533e-07,0.8841892152730653,3.2717302002231333e-06,0.000391330398627234,8.617618716197885e-06,2.0094073397310884e-05,8.804285406590672e-05,1.0932458438497824e-05,1.372026865693687e-06,4.0399042114152406e-07,0.0010951449029363194,0.0003167091102040067,9.596783693719488e-07,0.000956576787589513,3.2902200946365106e-07,0.004399052141055718,0.040365729822980694,0.00011471021910064091
2,0.00033218871503229333,1.2099058020368497e-06,9.883334527345777e-05,0.00023562347066329584,0.0927248018656541,0.0003032456998425807,0.0031793097070971495,2.8989523325068775e-07,0.859335765230279,2.6892264519225734e-06,0.0005142811353810758,1.1639821253576649e-05,1.7227711821188574e-05,0.00011248344436365742,1.4521437543389697e-05,1.1780718508761217e-06,4.739700845070172e-07,0.0009540256324002439,0.00025722202712198975,1.0193006482525744e-06,0.0008969834206560516,3.707009061037483e-07,0.004682165419724146,0.03617690187885925,0.00014554896605658378
3,0.0005629066468704277,1.5354424590146347e-06,0.00012349134719576998,0.0003143182548889592,0.0991341408365307,0.00038648949824952856,0.004134402623969569,3.361061345169274e-07,0.8414397621916949,2.834525018138529e-06,0.0006649142921318408,1.330042626572209e-05,2.534931128130238e-05,9.735643033869595e-05,1.3622761656871519e-05,1.354737619799326e-06,7.035977555451023e-07,0.0013675402803077464,0.00036515852479542253,9.623427224697298e-07,0.0012248272076542319,4.610996060199165e-07,0.005998444453635494,0.04399602185368556,0.0001297652075317054
4,0.0005866654097177179,1.6985623496911361e-06,0.00013614122850365504,0.0003185749240826212,0.10006117126317336,0.00033820300100099245,0.004430619519472247,3.5998770486732385e-07,0.837474510061067,2.8678344982448724e-06,0.0006878445863029377,1.478233685123992e-05,3.0652849922505744e-05,0.00011307418475381237,1.2996828930929691e-05,1.3806654553553518e-06,7.330074147174821e-07,0.0014279341803214148,0.00036510256228568634,1.0886254405256322e-06,0.001364169200832883,5.092277569766091e-07,0.005655064096717439,0.046839832604078924,0.0001340232513643217
5,0.0005816678057859752,1.5407285998096799e-06,0.00013771263055960858,0.0003852757806596938,0.10711339743726322,0.00037045650277715,0.003962154972919792,3.4158167517227036e-07,0.8228797985048305,3.3576227634656343e-06,0.000620711058984307,1.1476664665868573e-05,2.6697441794401134e-05,0.00010604292262510351,1.1971475552613157e-05,1.415067685541714e-06,7.563350242879851e-07,0.0018930999669437595,0.00037632299858827414,1.1523130606724763e-06,0.0013812054860279726,3.840496405957985e-07,0.007708368499959485,0.05231307180572388,0.00011162034588878439
6,0.0005629066468704277,1.5354424590146347e-06,0.00012349134719576998,0.0003143182548889592,0.0991341408365307,0.00038648949824952856,0.004134402623969569,3.361061345169274e-07,0.8414397621916949,2.834525018138529e-06,0.0006649142921318408,1.330042626572209e-05,2.534931128130238e-05,9.735643033869595e-05,1.3622761656871519e-05,1.354737619799326e-06,7.035977555451023e-07,0.0013675402803077464,0.00036515852479542253,9.623427224697298e-07,0.0012248272076542319,4.610996060199165e-07,0.005998444453635494,0.04399602185368556,0.0001297652075317054
7,0.002935147705245468,3.0463084724882804e-06,0.000295999522888463,0.0005305275823680408,0.10772204591549539,0.0005124881210336073,0.008675866848401367,9.65542088401671e-07,0.8267883329121477,3.60396274910961e-06,0.0020108909013705875,2.645774389667364e-05,0.00012654638732169588,0.00010808930761596838,1.9469792782325196e-05,1.7824451221790383e-06,1.1839881369791722e-06,0.0028356653753163117,0.0006529309127913038,1.4340783106451687e-06,0.002028249675102586,1.551390411429774e-06,0.0042137347122461755,0.04039188472395124,0.00011210414473376754
8,0.0005711086116938792,1.3192935547674164e-06,0.0002534434460912512,0.00033088715600042236,0.08533967063914745,0.0002367893851791034,0.0015838360220747957,1.4703359150823638e-07,0.7969149490898406,3.730561751395567e-06,0.0002960868624398459,1.0185264552775025e-05,1.8882971257700212e-05,0.0001107541911552042,8.272447365955661e-06,1.445553445371939e-06,7.348025712291418e-07,0.000993344399654942,0.00012216622223036654,1.1550699227187777e-06,0.0006872854215129488,1.7657745874950457e-07,0.009108201896992515,0.10324532635405724,0.00016010072645733842
9,0.0002665911129007165,1.4412956943835627e-06,0.00021875928518062985,0.0002676965337236731,0.05927918774859907,0.00018872768682452875,0.0014478965729023197,1.547559033161245e-07,0.832880760319433,5.520054732897957e-06,0.0002026999172154994,7.684901981863356e-06,1.7151949739551993e-05,0.00014211388269047242,8.002891291368603e-06,1.8284224361527853e-06,5.441233179679756e-07,0.0009219557266110503,0.000165533948770498,1.4614064471676438e-06,0.0007827646108192132,1.6203618848514066e-07,0.007257352337487298,0.09575986641588081,0.00017414206322798867
10,0.0005629066468704277,1.5354424590146347e-06,0.00012349134719576998,0.0003143182548889592,0.0991341408365307,0.00038648949824952856,0.004134402623969569,3.361061345169274e-07,0.8414397621916949,2.834525018138529e-06,0.0006649142921318408,1.330042626572209e-05,2.534931128130238e-05,9.735643033869595e-05,1.3622761656871519e-05,1.354737619799326e-06,7.035977555451023e-07,0.0013675402803077464,0.00036515852479542253,9.623427224697298e-07,0.0012248272076542319,4.610996060199165e-07,0.005998444453635494,0.04399602185368556,0.0001297652075317054
11,0.0006173910331130345,1.6660338572530296e-06,0.0001345223833611709,0.00033692827110037816,0.10097255107619009,0.0003677809510416462,0.0044439326882009895,3.540132843159365e-07,0.8350766435544792,2.861376169746108e-06,0.0006890376876551082,1.483626822980656e-05,3.0685759759115554e-05,0.00010145790347088445,1.3915587454834518e-05,1.4646041542967889e-06,7.523794764740392e-07,0.0014095108543804925,0.0003760423332646788,1.0749915440032894e-06,0.001281720754699615,5.094929564411692e-07,0.005825518760607858,0.04816625725558076,0.00013258398596758118
12,0.0004429979245611429,1.0527027001183207e-06,0.0001246934672802132,0.00019564700068356078,0.14812907064793987,0.0003251056230660656,0.003165795518014048,2.1058524545113636e-07,0.785914314352418,2.1014823411440468e-06,0.0006333679138529039,1.08852095675326e-05,1.577868699322718e-05,0.00010476096574627846,9.356925949141914e-06,9.009489692952845e-07,6.877509137628249e-07,0.0010857552210259453,0.00017795933009269888,1.002375574568146e-06,0.0012196405259005077,2.8874062715058306e-07,0.006986167256665073,0.051311880663913026,0.00014057817995915433
13,0.0007565595307939082,2.049396441421914e-06,0.00012563763742496215,0.000276244872669142,0.12707076284867078,0.00029601015487458476,0.005610881174679561,6.17327834886289e-07,0.8231296381125595,2.0917162449119414e-06,0.0014272069419621965,2.8183569629969835e-05,3.366556744795532e-05,0.00015639189714235094,1.9550097924770368e-05,1.3603689403154773e-06,8.429447113732112e-07,0.0013611128880237915,0.0003785129971805659,1.0372502321626222e-06,0.0015007884758631185,8.781698048653803e-07,0.0038280593978002302,0.033796486292251245,0.0001954303688913973
14,0.0005914350367635991,1.9143186429623418e-06,0.00012198622085083042,0.00036338826263626476,0.12351602188816482,0.000384258381293108,0.004516087171618812,3.564347537691414e-07,0.8127497654593905,2.940364135407676e-06,0.0007986823210046438,1.3888259076413095e-05,2.876576927475757e-05,0.0001041897793520586,1.3470202425123977e-05,1.3060844461962308e-06,8.351038521331966e-07,0.0015637061725919154,0.0004441567924359349,9.80829923781763e-07,0.0015379404993867887,5.129954777144271e-07,0.0063660048489546294,0.04675221103502205,0.0001251957685257462
15,0.0005629066468704277,1.5354424590146347e-06,0.00012349134719576998,0.0003143182548889592,0.0991341408365307,0.00038648949824952856,0.004134402623969569,3.361061345169274e-07,0.8414397621916949,2.834525018138529e-06,0.0006649142921318408,1.330042626572209e-05,2.534931128130238e-05,9.735643033869595e-05,1.3622761656871519e-05,1.354737619799326e-06,7.035977555451023e-07,0.0013675402803077464,0.00036515852479542253,9.623427224697298e-07,0.0012248272076542319,4.610996060199165e-07,0.005998444453635494,0.04399602185368556,0.0001297652075317054
16,0.0006870843447520465,1.8579062465437098e-06,0.00010737226395712397,0.0003233313731330589,0.10317931060269567,0.0003715157534465465,0.004998030040567125,4.61109808484094e-07,0.8449881427341269,2.5442385411382524e-06,0.0008948425397190498,1.9137342603405403e-05,2.9157386465039853e-05,0.00011052068395518621,1.7101841711449754e-05,1.4275091357709123e-06,7.511304356824267e-07,0.0014953808528478895,0.00043942741450820726,8.922369043450933e-07,0.0012812561003144975,6.891175860348129e-07,0.004883875357738535,0.03602210294520562,0.00014378717359477496
17,0.0006675240757184075,1.5365526108959138e-06,0.00012728081587648526,0.000256566105798908,0.1333503444212541,0.00029262609822034786,0.005214683263632544,3.02896519744053e-07,0.799394615842336,1.8427552124844517e-06,0.0008144904767282936,1.6282445840203326e-05,2.9681177187368625e-05,0.00010870835147286793,9.002183001664439e-06,1.0061119656068679e-06,7.968724716025534e-07,0.0014573243628927706,0.0002757247019628713,9.473969121122702e-07,0.001586441152262872,4.648989865474252e-07,0.005876502806756316,0.05039393689756057,0.00012136733681844964
18,0.000523942680028837,1.5128146492450052e-06,0.00012336508794805225,0.0002885110960540324,0.09801230731196282,0.0003745682342378691,0.004147990212440989,3.209459840607262e-07,0.8405329182861785,2.7893231307504453e-06,0.000643982889890482,1.360608208928902e-05,2.3824630049014948e-05,0.00010145956152597041,1.353177579409421e-05,1.4085745743886912e-06,7.184748380261423e-07,0.001326990176016999,0.00035909231759259907,9.730801110861822e-07,0.0012723541661628353,4.421264624527815e-07,0.006182716034492357,0.04590862017785589,0.0001420539399294842
19,0.0014430663703880527,1.6178907685914185e-06,0.0002457747868358226,0.00024141847168408084,0.11062498905201168,0.00042801868444842,0.0070987518436324976,6.336013738627109e-07,0.8028399269735245,2.735322648070403e-06,0.0016120641679884503,1.8678844170193688e-05,3.918848254459179e-05,0.00013360422122197203,1.2969874655643986e-05,1.9779563529223333e-06,1.3472091568237757e-06,0.0034462649257944516,0.0005858731391063861,1.1577621625203911e-06,0.0037569888715970156,5.817109845546554e-07,0.009724272376942341,0.05755824082774127,0.0001798566322652938
20,0.0005258023801518951,1.8543635082034782e-06,8.27407567969144e-05,0.0003307917000208415,0.08381895360440728,0.0004329594893639591,0.004636115624049385,4.885821814452815e-07,0.8739919563150769,2.963610772376155e-06,0.0008196090585330032,1.409661163963444e-05,3.230332344670661e-05,9.942856843769195e-05,2.1002942108201537e-05,1.2804285478446066e-06,5.990473733237035e-07,0.0011490361804863548,0.0005048451526821744,1.0093577893337379e-06,0.0010547636815171132,9.317476216222954e-07,0.003899233753561293,0.028453657246488715,0.0001235764734376748
21,0.0012438751949590465,2.0740522500915905e-06,0.00039443956967051227,0.0003283155537938811,0.11253682444648617,0.000192362267181733,0.004446606013371372,4.3502799078709945e-07,0.7702180883275139,3.0606269918665136e-06,0.0008075746668831208,2.787036967026078e-05,5.247162119412851e-05,0.00020633516507142358,8.152363191654356e-06,2.2228755993675933e-06,1.1898076679973211e-06,0.002657273488602239,0.00023699429771974258,1.7456781364913149e-06,0.0022376943309259834,4.0806285847341524e-07,0.007048476337455877,0.09716008201554559,0.00018542783926821392
22,0.001809026806234625,2.9274878442557627e-06,0.00038260120863378716,0.000534991319459866,0.1554186753770094,0.0006326510882032728,0.00559097798063166,9.337007623337541e-07,0.7536962385143866,6.311559761017304e-06,0.0015949123697210131,1.9023745355642607e-05,5.718004186623497e-05,0.00017553295608125887,1.4831712825780557e-05,2.4436633197868864e-06,2.5613300263843147e-06,0.0042613799487863395,0.0006265775497528466,1.8781799339538176e-06,0.0037818425841241567,9.026502253849733e-07,0.012164706360225907,0.059069226100067374,0.00015166576476088783
23,0.0005629066468704277,1.5354424590146347e-06,0.00012349134719576998,0.0003143182548889592,0.0991341408365307,0.00038648949824952856,0.004134402623969569,3.361061345169274e-07,0.8414397621916949,2.834525018138529e-06,0.0006649142921318408,1.330042626572209e-05,2.534931128130238e-05,9.735643033869595e-05,1.3622761656871519e-05,1.354737619799326e-06,7.035977555451023e-07,0.0013675402803077464,0.00036515852479542253,9.623427224697298e-07,0.0012248272076542319,4.610996060199165e-07,0.005998444453635494,0.04399602185368556,0.0001297652075317054
24,0.0004605941374121008,2.751245624667308e-06,0.00010343247444019337,0.0006369676506173688,0.11077203447808659,0.00038606275108168264,0.004481317739445143,3.8969507681560525e-07,0.8242864667221508,4.1120508060380805e-06,0.0006069279794901303,1.3528239630436006e-05,2.9985419191224418e-05,0.00011441296686377889,1.8119362998972766e-05,1.705979470788638e-06,9.412297897701346e-07,0.0016824932195267917,0.0006561487562631428,1.0514813105024576e-06,0.0013510374463159623,5.405200873437821e-07,0.007443818274535565,0.04682195184488967,0.00012320833489463901
25,0.0010109789587039563,1.4694967168226272e-06,0.0001603248845184559,0.0003160171161394396,0.198703653327735,0.00035495734069446107,0.009502335296871013,1.047729526251547e-06,0.7409250684373749,1.7912392278975388e-06,0.0020519071686485217,2.85016297619881e-05,4.2809258444377244e-05,0.0001520542487859242,1.0810814595196047e-05,1.2625813677755906e-06,9.558063745648999e-07,0.0031980023634459696,0.00039773379577489086,1.427486857953924e-06,0.0028550831879808514,7.28844705953274e-07,0.005535029691281546,0.034625164244021296,0.00012088505044485143
26,0.001026141464789521,2.7094645470274887e-05,2.1116296908923306e-05,0.0005758038081918308,0.12126280127728493,0.0010051717701214723,0.07227162579954713,1.9539716582209423e-05,0.7570312626112998,2.650604615564082e-06,0.019129342829622174,0.0002873520423570253,0.000128575246452793,0.00022085913227619413,0.0006835819624578429,5.245339380089199e-06,2.6645245780270784e-06,0.0009515947287795447,0.0171344392933011,5.909876115747429e-07,0.004030748884416938,7.639708803177703e-05,0.0005791666105468029,0.0028985781762972786,0.0006276551590791155
27,0.001686559502081049,3.1905079062759492e-06,0.0005469725281369497,0.0005191896348324135,0.21935910451074953,0.00034017037554436486,0.008648794803183315,5.993530436580416e-07,0.6258134091838721,4.037758895579281e-06,0.0016148454207358487,2.3401849130095757e-05,5.86745944462137e-05,0.00022998284560378835,1.03659460335089e-05,2.6323025753170003e-06,3.6527236952552257e-06,0.005283620145434987,0.0005594396904613158,1.9078912957764445e-06,0.007466946293478179,3.947895902089516e-07,0.01946518587173158,0.10816504971213092,0.00019187176541182917
28,0.0005629066468704277,1.5354424590146347e-06,0.00012349134719576998,0.0003143182548889592,0.0991341408365307,0.00038648949824952856,0.004134402623969569,3.361061345169274e-07,0.8414397621916949,2.834525018138529e-06,0.0006649142921318408,1.330042626572209e-05,2.534931128130238e-05,9.735643033869595e-05,1.3622761656871519e-05,1.354737619799326e-06,7.035977555451023e-07,0.0013675402803077464,0.00036515852479542253,9.623427224697298e-07,0.0012248272076542319,4.610996060199165e-07,0.005998444453635494,0.04399602185368556,0.0001297652075317054
29,0.0005629066468704277,1.5354424590146347e-06,0.00012349134719576998,0.0003143182548889592,0.0991341408365307,0.00038648949824952856,0.004134402623969569,3.361061345169274e-07,0.8414397621916949,2.834525018138529e-06,0.0006649142921318408,1.330042626572209e-05,2.534931128130238e-05,9.735643033869595e-05,1.3622761656871519e-05,1.354737619799326e-06,7.035977555451023e-07,0.0013675402803077464,0.00036515852479542253,9.623427224697298e-07,0.0012248272076542319,4.610996060199165e-07,0.005998444453635494,0.04399602185368556,0.0001297652075317054
30,0.0005629066468704277,1.5354424590146347e-06,0.00012349134719576998,0.0003143182548889592,0.0991341408365307,0.00038648949824952856,0.004134402623969569,3.361061345169274e-07,0.8414397621916949,2.834525018138529e-06,0.0006649142921318408,1.330042626572209e-05,2.534931128130238e-05,9.735643033869595e-05,1.3622761656871519e-05,1.354737619799326e-06,7.035977555451023e-07,0.0013675402803077464,0.00036515852479542253,9.623427224697298e-07,0.0012248272076542319,4.610996060199165e-07,0.005998444453635494,0.04399602185368556,0.0001297652075317054
31,0.001570019018751453,2.8413149676460612e-06,0.00038607347818579154,0.00045060196519636155,0.09661976773511051,0.0004661274970959604,0.005303411887527654,1.054058451753877e-06,0.8209230586088428,5.6499219232216735e-06,0.0011433706494100302,2.5099166911916778e-05,4.705954831323916e-05,0.0001793868532918583,1.4386811077085874e-05,3.2294669400580786e-06,1.7161457605389422e-06,0.003340307059194234,0.00048054551060454386,1.5750368849342542e-06,0.0024804665688968612,7.247359607907486e-07,0.008972346389345786,0.057383523464540176,0.00019765710681497116
32,0.0005172506475059206,1.568915426085761e-06,0.00011029999554232559,0.0003441556885888899,0.09634160008357891,0.0004212498370652931,0.004351544685050141,3.5105791923054277e-07,0.8446818392577273,3.084257028750991e-06,0.0006554634010800745,1.230529275648425e-05,2.5445500783509205e-05,9.21508617477572e-05,1.557973062816576e-05,1.4623375559545326e-06,7.144593801695535e-07,0.001441271782151511,0.0004709601668628212,9.728478660844318e-07,0.0012935400163297903,4.889693504984086e-07,0.00632434503382003,0.04276685564801044,0.00012549952624386294
33,0.0011813728236464522,3.0350918264462294e-06,0.00015832547661002083,0.0005674281615569311,0.1369155846633138,0.0004107175551366865,0.007871692565568671,6.841535516005387e-07,0.7823376118320983,2.8524686248073426e-06,0.0013917847638437349,2.932966349777248e-05,6.263589954520674e-05,0.0001233485593384292,1.6336651041512104e-05,2.1372052818223822e-06,1.4955310543643314e-06,0.0025858237606787506,0.0006943478774522735,1.2680734447901693e-06,0.00222418215037861,1.0178481345146601e-06,0.0065597242142903965,0.05671623041756744,0.00014103259251677328
34,8.642192533767144e-06,5.436194976591574e-06,3.192645525165086e-05,0.00015586030027678335,0.06957610330037606,0.0003508102832392454,0.0013156138307779202,1.4444743413227434e-07,0.8737975017230021,8.316001024189552e-06,8.124317003381734e-05,1.6901418408652865e-05,2.754272667461296e-06,0.0003696540011725742,6.697572710107955e-06,2.215293456950791e-06,9.151916154519549e-07,0.00013173164701414978,9.107645637690855e-05,1.436864281377459e-06,0.00044361133425987234,2.740206386977477e-07,0.006173605576808231,0.046891614133035865,0.0005359143186274149
35,0.00019206635848813795,1.8001832283081488e-06,0.00010836098420174601,0.0002907109913149263,0.21667700860928527,0.00020843098709113817,0.003521881038758218,1.4857873326145597e-07,0.7191656662630221,2.0848486618544777e-06,0.0005661531174578313,9.26930478981274e-06,1.640722684869068e-05,0.00016467576698644002,1.7406697054751504e-05,6.850552136778046e-07,7.355313956269514e-07,0.000489849818946622,0.0001929436552270172,1.2529407273447311e-06,0.0014272362013589396,2.4395768676097826e-07,0.006778007726366075,0.049984153375835415,0.00018282078132001532
36,0.0006846990402366698,2.3866782105854182e-06,0.000110656860808835,0.00042899292646920973,0.03596049489418684,0.0004580532377698055,0.004180012157286922,8.29166244660748e-07,0.9268768889230218,5.199749594380405e-06,0.0004702413746001746,1.936932625291686e-05,3.5614514267706926e-05,0.00011462553520064232,1.998054694998632e-05,2.8856646433243725e-06,7.9234517621186e-07,0.001566441177938976,0.0005846701891726915,9.466738490273229e-07,0.0007778498089085089,1.2038764075963617e-06,0.0038170256670152806,0.02375239695089519,0.00012774271489215792
37,0.0010673861283253523,1.3588377121772097e-06,0.00024112556767979805,0.00023510062040434822,0.12880708149639855,0.0002013001235093033,0.004345621368135663,2.3239587740896875e-07,0.7635531551577782,1.911912251614432e-06,0.0006720590057527704,1.747465785481665e-05,3.762993451066034e-05,0.00011356865111078316,5.793791661868104e-06,1.1876732734694915e-06,8.573699663244438e-07,0.0017999712649335784,0.00017571550155960478,1.114656842784254e-06,0.0016116750269250632,3.0614523225143674e-07,0.00659578411191899,0.09038755747745102,0.00012503112293341584
38,0.0010275594487882459,1.3770027398832436e-06,0.00015724197973937407,0.0004173083023429349,0.06357040017248866,0.0008226675994952539,0.008468184780935578,5.559193663541844e-07,0.8608712553883673,4.081616180576373e-06,0.0007250017708364823,1.3481851721290584e-05,4.5284982642564806e-05,6.336164947667099e-05,2.2662739779718753e-05,3.319983589108778e-06,1.0054929833947006e-06,0.0028478583710886286,0.0009084071690122853,1.4019926947736687e-06,0.0017695702601617438,6.452114613428666e-07,0.009393179056415004,0.048748333117529276,0.0001158541401636477
39,0.001170934347794828,1.6523723910451995e-06,0.00020777965138814007,0.00030445806387328076,0.09975118777382834,0.0007220300422623246,0.009073020069276244,1.1895815139597976e-06,0.8276797795544172,3.41284334028429e-06,0.001380812902511016,2.9347090409686796e-05,4.241241378423542e-05,0.00011252727914199225,1.5035550781163476e-05,3.1762197738937356e-06,1.382684878373932e-06,0.0028307638091667926,0.0005973623533236069,1.4405722188723125e-06,0.002686231484272662,9.687685951989865e-07,0.007480286977646091,0.04572505818691239,0.00017774940649820502
40,0.0009390611120271128,2.100414557275407e-06,0.00018527727242099586,0.0002574911252265849,0.11250103679213308,0.00037461298706080735,0.0041998330250158375,4.0250556477960835e-07,0.837235515020238,2.508095293052913e-06,0.0009609406153696208,2.286976317369477e-05,3.208723013727333e-05,0.0001333597762985163,1.587782380183942e-05,1.199702018584107e-06,9.082951670869882e-07,0.0009758656488908724,0.00021589652423995218,9.742103515875572e-07,0.0011035540977976746,7.429101048480146e-07,0.004186573697714351,0.03646787111114461,0.0001834402442519269
41,0.00046669829757129875,1.20736810324341e-06,9.533592902063881e-05,0.00032844668735624644,0.0984743348807782,0.00039323769197474595,0.0032998530509239427,2.681751384016245e-07,0.8526466697301258,2.504363414631328e-06,0.0005421301177288295,1.0933142559505894e-05,1.8830585818959925e-05,7.331173910371457e-05,1.5193999706460189e-05,1.0817241822245019e-06,5.075985197202749e-07,0.0009962223399656662,0.0002977436826643658,7.749225836561028e-07,0.0007503843073227688,3.756532527375919e-07,0.005074386293982521,0.03640001348384857,0.00010955423435290308
42,0.0006460617603962274,2.4844806729105247e-06,7.832351304172748e-05,0.0003649684324426727,0.06620396495374917,0.0005936690830421145,0.00502412235005308,6.169781025683405e-07,0.8928854824708946,3.6484969347103138e-06,0.0008231136461791927,1.64502496944342e-05,4.2274207078485173e-05,7.211347629896964e-05,2.5247803599291603e-05,1.9136164811349677e-06,7.972672257261112e-07,0.000962317305649946,0.0007874384576592846,8.635825796061365e-07,0.00098525371504632,1.7266448599029286e-06,0.0030185545332744065,0.027334409283817963,0.00012418369122549415
43,0.0007177176580014404,1.9374835851447543e-06,0.00014746688859965164,0.00033670321369921614,0.11475720669637411,0.00029740147070308825,0.004750338174487792,3.269998747633172e-07,0.8152664291953031,2.296452406924571e-06,0.0007877556014948278,1.969152373376123e-05,2.9933024183169372e-05,0.00011493306457844801,1.2938356766172634e-05,1.4245097077725078e-06,8.938801029775186e-07,0.0014250986047652492,0.0003239605830849385,9.415244054004733e-07,0.0012964038189417248,4.610969755081451e-07,0.006045448369102233,0.053505629975711656,0.0001566618334107967
44,0.0005629066468704277,1.5354424590146347e-06,0.00012349134719576998,0.0003143182548889592,0.0991341408365307,0.00038648949824952856,0.004134402623969569,3.361061345169274e-07,0.8414397621916949,2.834525018138529e-06,0.0006649142921318408,1.330042626572209e-05,2.534931128130238e-05,9.735643033869595e-05,1.3622761656871519e-05,1.354737619799326e-06,7.035977555451023e-07,0.0013675402803077464,0.00036515852479542253,9.623427224697298e-07,0.0012248272076542319,4.610996060199165e-07,0.005998444453635494,0.04399602185368556,0.0001297652075317054
45,0.00038877723467354696,1.0014451973962422e-06,6.455827706867719e-05,0.0003307527134169486,0.08816350436784715,0.0004103615608706254,0.004417949786604396,2.9878613803823624e-07,0.8695763315838456,2.020750933252741e-06,0.000532560847347283,1.0798738025074358e-05,2.078958027061186e-05,5.630716819982759e-05,1.8440137407275516e-05,1.125031411618798e-06,3.816867007283282e-07,0.0009425642605526782,0.0003840347021075322,7.939344341314324e-07,0.0006536775275885328,4.373118838370687e-07,0.003987573598008087,0.02994275725163713,9.220171782989726e-05
46,0.0007737343533914252,2.0505566062118364e-06,0.0001420857713352145,0.00040085273264180106,0.11542236253784076,0.00044083652963403314,0.004721443273893592,4.1588351202034364e-07,0.8181081138417924,3.059768715421079e-06,0.0008483021923358243,1.7508748947151796e-05,3.1901182948282254e-05,0.00010368064642034059,1.6147158588577725e-05,1.6245856375176614e-06,1.0480138059145611e-06,0.0015432218974317485,0.00043093141590706563,1.0266853264128144e-06,0.0014009994664270686,6.240648305661597e-07,0.006763895764989257,0.04867924942005455,0.00014488350698683793
47,0.0015230767725250638,4.32721401492503e-06,0.00012288631192491488,0.0002843509336601854,0.06451848502763494,0.0003504978894989767,0.005882919804290753,5.553410492207112e-07,0.8730985434048223,2.48159126642966e-06,0.0010161028491115064,4.66718644827708e-05,6.276331049298261e-05,8.438931979796896e-05,1.80865340010924e-05,2.5909292428371155e-06,1.120436864161615e-06,0.001024712457851597,0.00044678615159067785,7.772707995472525e-07,0.0007888972608173393,1.821041703992749e-06,0.0026078736544685385,0.04790072991345767,0.00020855271462949797
48,0.0012654596009319225,1.0557836387453035e-05,0.00015790334626543878,0.0013354279531684937,0.11705251719620452,0.0008935404446282165,0.008004471727229357,1.1454271058144893e-06,0.7982201966288935,9.139089256465578e-06,0.0011714348356978758,2.8388895991343426e-05,6.02111377598321e-05,0.0001388630814115174,3.6748553015560714e-05,4.577197705396686e-06,4.657789687206566e-06,0.0028704528632244194,0.002052826649202652,1.1879476433689729e-06,0.0025991672204177356,2.0523559876130407e-06,0.01330465096931806,0.05058397134496424,0.0001904499079019815
49,0.0006968917068661246,1.5282544897571922e-06,0.00017097504487616506,0.00025788477070504866,0.092269319612922,0.000434456376182409,0.003996249825816687,3.893974732636624e-07,0.8483654908186745,2.8594671577395454e-06,0.0007134519994461272,1.7581884809242055e-05,2.773937406474047e-05,0.00010720030287802538,1.092580931270072e-05,1.431703960753314e-06,7.49342961719822e-07,0.0012842219922914661,0.00022398581444103987,1.1389257256555883e-06,0.0010847877051882457,4.956031074804079e-07,0.005485027168945125,0.044701139627980654,0.00014407746972319596
50,0.00036666818105020045,1.4935890609763174e-06,8.283505386739212e-05,0.0002398386421130171,0.07139317742796186,0.0003265057509576333,0.005162265270289112,4.149172762902982e-07,0.8886870525683176,3.1420750372807905e-06,0.0005164170771654315,9.86267920481234e-06,2.7234453465758935e-05,9.371129529247665e-05,1.2104666639479968e-05,1.0978195610079638e-06,4.1955404014035856e-07,0.0011763443163132154,0.0005189556363753805,8.247769977438995e-07,0.0012896868178483396,5.866009652381324e-07,0.0035339407366658396,0.026458721674290572,9.669841924326032e-05
51,0.000560274921786462,9.680849659072378e-07,0.00012752148645014204,0.00022209358328846639,0.09977220997284694,0.0003982657393534074,0.00422954728061544,2.5764301884793235e-07,0.8327954637638274,2.2612243659945952e-06,0.0006264801924674232,1.0855979567261522e-05,2.1423821209152923e-05,7.962276019795671e-05,1.1147133765008847e-05,1.2502025937096716e-06,6.485850968741711e-07,0.0013413503506726752,0.00029332614897896274,9.584018249305297e-07,0.001305216618742714,3.383643800745186e-07,0.006954077844937669,0.05112000435160185,0.00012443554344477965
52,0.000699656214356135,7.828887222927195e-07,8.692150024225633e-05,0.0006194527833372594,0.036292420221356404,0.0007265307324938799,0.00228969725481667,6.046393415023969e-07,0.9176141651151114,8.33192349926316e-06,0.00043154848368375626,4.8195387993211305e-06,3.3464905001056954e-05,5.320408846942696e-05,1.9361769819057614e-05,2.326020873791713e-06,3.241257407301445e-07,0.004654903249207283,0.0009016591373762324,1.5521907843162363e-06,0.000623639073762468,5.443144381742715e-07,0.00611829640176448,0.028772695375701363,4.309805130132463e-05
53,0.0006068015184789276,1.718054010799047e-06,0.00013553327960928513,0.0003460704455159909,0.10291053671454845,0.00039123455519317893,0.003879879864777199,3.579067403175764e-07,0.8350097606043817,3.2561325916926627e-06,0.0006918989685440412,1.3237959228981934e-05,2.716321648015003e-05,0.00010355732209829366,1.4049330180630762e-05,1.4447806711085888e-06,7.850610990655327e-07,0.0014656060986410506,0.00039234320585139715,1.0137400630155933e-06,0.0013006545964783728,4.962612472670784e-07,0.006202884847992245,0.046367532473109076,0.0001321830624676539
54,0.0001870861768135521,1.6575226367757955e-06,7.260005741311777e-05,0.00012706086543519784,0.0486900037309927,0.00016210901045219696,0.002274816750324218,1.756875133489003e-07,0.9086154007381005,2.234484114770067e-06,0.00025353403984313034,1.74562773252615e-05,1.1879099036108422e-05,0.00011084567575292913,1.4123621348393253e-05,1.5058646891021553e-06,3.2261324919022516e-07,0.0003327515335140752,0.00015925949454301247,6.659457708174124e-07,0.0003951946327073467,3.405318844339891e-07,0.002215036065887226,0.036093603616228986,0.00026033596442349977
55,0.00270408628551485,1.8873632874061148e-05,0.0008149138643976323,0.001828671508306632,0.13665613044271066,0.0021815982775281453,0.0034979437866326573,5.133641751231928e-06,0.7586170471145134,0.00011504402863523664,0.002827518901640881,5.065279127946965e-06,0.0001314011253510449,0.0005449552549357771,9.789905831381042e-05,6.924391037907924e-06,1.3084947772159098e-05,0.009445025101162772,0.005411127428074707,6.256252162067238e-06,0.015306243500770514,6.531492718166878e-06,0.027552328030939873,0.03200643718372007,0.00019975946940766848
56,0.0005881895140793104,1.5965293179224005e-06,0.0001261628863677937,0.0003189669522342772,0.09793541691375078,0.000383477618018231,0.004325258141886098,3.493676506903898e-07,0.8416523749893307,2.828213991376935e-06,0.0006791353104053109,1.4091117845043624e-05,2.7521909936445555e-05,9.911742844591466e-05,1.358292135610714e-05,1.3834661831720316e-06,7.185368992029139e-07,0.0013934279902904846,0.00037219514289760865,9.942013539153759e-07,0.0012526541492961444,4.921010661844508e-07,0.005887121699372163,0.04479272154144955,0.00013022135657536675
57,0.0006297552524305164,1.523990955227322e-07,7.275446248449116e-05,0.0001700247222052009,0.100225490732812,0.00060800729039095,0.0013294952677360963,1.0101480361161168e-07,0.8606449021148678,8.054435988647684e-07,0.00041892493500028514,4.2793428516735135e-06,4.443620284439729e-06,3.8481394314796845e-05,6.6010750628729595e-06,2.1145766221705262e-07,1.781180345964747e-07,0.0008538305042899224,2.443652088798302e-05,5.218662028645796e-07,0.00017612157487126233,8.257117750952004e-08,0.010266255757981254,0.024474906791139214,4.923576981413377e-05
58,0.000447592003061327,1.3618617125492308e-06,0.00011094535576589713,0.0002789072088463867,0.09933326478536594,0.0003228104212877203,0.003805263645963092,2.43709702672614e-07,0.8294434356863251,2.4608015417849312e-06,0.0005483995775735363,1.2356306806769463e-05,2.3290241074636527e-05,8.802059227140193e-05,1.1983859344762459e-05,1.3201239792819465e-06,6.183558984934125e-07,0.0011582171114773775,0.00031551250432884,1.0023162175979906e-06,0.0011097075126085515,3.5919782332470884e-07,0.006070626056011778,0.05678064665612196,0.00013165410888916378
59,0.00046812766865101003,1.451811564644113e-06,0.00014163150101534846,0.0002696049325977651,0.10052067340329408,0.00031972155748218604,0.0035738670741988212,2.593191780670107e-07,0.8252990639698556,2.9437391305937334e-06,0.0005390881784773434,1.194142742884217e-05,2.3849216691229032e-05,0.00010328990746257802,1.107722532203758e-05,1.4346035868492226e-06,6.943006416899767e-07,0.0012478193790853068,0.0002923207005833213,1.126600738810457e-06,0.0012666259280786167,3.479341580889984e-07,0.0064087117038381545,0.059353560186209825,0.00014076773072936298
60,0.0005629066468704277,1.5354424590146347e-06,0.00012349134719576998,0.0003143182548889592,0.0991341408365307,0.00038648949824952856,0.004134402623969569,3.361061345169274e-07,0.8414397621916949,2.834525018138529e-06,0.0006649142921318408,1.330042626572209e-05,2.534931128130238e-05,9.735643033869595e-05,1.3622761656871519e-05,1.354737619799326e-06,7.035977555451023e-07,0.0013675402803077464,0.00036515852479542253,9.623427224697298e-07,0.0012248272076542319,4.610996060199165e-07,0.005998444453635494,0.04399602185368556,0.0001297652075317054
61,0.0005004836710849337,1.30041221958787e-06,0.0001464664194046809,0.000247028886568448,0.09844324352036403,0.00030665434717999326,0.0034634306687368922,2.543181728132812e-07,0.8286573848063296,2.7342584411865926e-06,0.0005393217467376583,1.1762229688904822e-05,2.292071899368934e-05,0.00010019257583445371,9.79777880545811e-06,1.293579005562846e-06,6.376725597351302e-07,0.0012462199148129632,0.00025875758132323405,1.038865806927995e-06,0.001225866450951404,3.250404622804048e-07,0.006160976115077037,0.058517908475218566,0.00013399994622005396
62,0.0005629066468704277,1.5354424590146347e-06,0.00012349134719576998,0.0003143182548889592,0.0991341408365307,0.00038648949824952856,0.004134402623969569,3.361061345169274e-07,0.8414397621916949,2.834525018138529e-06,0.0006649142921318408,1.330042626572209e-05,2.534931128130238e-05,9.735643033869595e-05,1.3622761656871519e-05,1.354737619799326e-06,7.035977555451023e-07,0.0013675402803077464,0.00036515852479542253,9.623427224697298e-07,0.0012248272076542319,4.610996060199165e-07,0.005998444453635494,0.04399602185368556,0.0001297652075317054
63,0.000556952107699791,1.9815935740922245e-06,0.00011900000998064648,0.00034578722419593006,0.09649012720398976,0.0003837318594863943,0.0040939884489628155,3.6309115919209206e-07,0.8440042813816183,3.202169523534294e-06,0.0006663202624246979,1.446595581930984e-05,2.686415736112678e-05,0.00010362235825440766,1.5089848675431333e-05,1.5035434451273538e-06,7.856995084860554e-07,0.0013250392148620614,0.0004172346903134972,9.615924819432124e-07,0.0012155790276883792,5.409003761534672e-07,0.005822731379702031,0.04424982742865814,0.0001400188502386292
64,0.0006238827077500164,1.8219195108675158e-06,0.00016436139459401547,0.00030737675083322106,0.11745217450260945,0.0003570013928205787,0.0050373235351183696,3.9213866690288756e-07,0.8102294514878816,3.1798472743747056e-06,0.0008020472548754754,1.4207377031050113e-05,3.008461097768641e-05,0.00013304065781002917,1.2430260667677655e-05,1.5272717154462593e-06,9.72696400633197e-07,0.00183473038585022,0.00043706486287031147,1.1639672844111963e-06,0.0021823025952689944,4.7261547381607627e-07,0.007617437935912744,0.05260615028555053,0.00014940154525155686
65,0.0006183315656683352,1.4808075448715782e-06,0.00011667464470025775,0.0003594119544966073,0.10770195411184882,0.0004617850553957647,0.00475717083787947,3.640518149793862e-07,0.8314759541158261,2.7611217930542113e-06,0.0007569527917728818,1.3481432025655087e-05,2.5862942161773163e-05,8.749050921600316e-05,1.567204505287597e-05,1.422045005622056e-06,7.780139216244061e-07,0.0015565815271201646,0.0004423090669818531,9.488568742749319e-07,0.0013176844339241303,4.837573399618767e-07,0.006876863055539081,0.04328316548645316,0.00012441576964259614
66,0.0005341989605238727,1.538595371189957e-06,0.00011621986876510293,0.00031863770604472613,0.09862322570372478,0.00039476550724235613,0.004059145489429896,3.2241344311176577e-07,0.8417955764893288,2.822886302464093e-06,0.0006460367880919517,1.3016065317813672e-05,2.3966704105440538e-05,9.49877654115047e-05,1.4025624854442757e-05,1.353743503142367e-06,7.070623023459505e-07,0.0013285698806565782,0.00037364140752421145,9.344493322252653e-07,0.0011923653180059821,4.5223478895843294e-07,0.006216165694911684,0.044116475463228555,0.0001308481777889328
67,0.0008261017395023748,1.719771251478271e-06,0.0002790164776301543,0.0003906883459945902,0.1154246732572946,0.00041422906798360037,0.004311254993668001,4.349199367263046e-07,0.7885726285822006,4.751738295836337e-06,0.0007653231136723472,1.176048197145961e-05,3.300810477729263e-05,0.00016448446587123095,1.1598700248914844e-05,1.8882452301776736e-06,1.3082209776740642e-06,0.0028680869263921754,0.0003735715856260538,1.7725817501305422e-06,0.002553714332607207,3.6470705061001823e-07,0.01335842049636872,0.06948262586542331,0.00014657327827474325
68,5.3061042912542435e-05,1.9738842407076208e-07,7.065154568677793e-05,5.005620763246317e-05,0.045290539152745106,6.147800900688447e-05,0.0006058284152668197,2.040232822274704e-08,0.9004322303522846,9.857842183132202e-07,5.603797148682537e-05,3.130624374779441e-06,3.521162242722253e-06,9.270293248363858e-05,1.9771465068634476e-06,1.9875871961296984e-07,5.227632280673546e-08,0.00015244267867325846,8.030460008869873e-06,7.670192412401605e-07,0.00010679898477699694,2.3531624467215527e-08,0.0026373302154440097,0.05028968184612902,8.225609145931452e-05
69,0.0005749761165694188,1.614902956770922e-06,0.0001139822999813392,0.00033025277737642214,0.10167976651967525,0.00039517200099830105,0.0041463215948792445,3.307011897616301e-07,0.8402504079467992,2.730096560549961e-06,0.0006822445800707263,1.361730825644072e-05,2.5534701530932338e-05,9.080259285343802e-05,1.4613327321945624e-05,1.3403399776310459e-06,7.175076870707635e-07,0.001279978704784035,0.00037682835069321595,9.099050718888805e-07,0.0011330642709318777,4.936583392318139e-07,0.005752787635790885,0.04300348082075888,0.00012803133894563756
70,0.0014143449051085806,4.361627880257391e-06,0.0002043970384968653,0.00032177501593566696,0.06652640679317015,0.0006229394085929253,0.006311778415784964,1.026465906793999e-06,0.8265087083953442,7.851591941691923e-06,0.0013652892218096937,2.5418300009251504e-05,6.699913979230834e-05,0.00013993968188768315,1.9190934331205003e-05,6.499492319835581e-06,2.2935801555684727e-06,0.004494816839515811,0.0016188920957935398,1.6990972492163022e-06,0.004024520333228803,1.6669122980034756e-06,0.008254303321574279,0.07781980137168235,0.00023508002019025299
71,0.003418142353481436,3.98945984866194e-06,0.00018891693219377014,0.0012032464903850438,0.10955679994778814,0.0012815195317813003,0.006224628020788456,9.22869808199276e-07,0.8099697682720963,4.925572634837112e-06,0.0021695873277845323,3.17477857174377e-05,7.212243567848966e-05,6.502338256334587e-05,5.6258715142039915e-05,3.2121507396390055e-06,2.6800359207850153e-06,0.0023541471151106406,0.0012109323546484708,9.44114065694104e-07,0.0011862569414791662,2.068906009469753e-06,0.00918938415235421,0.05163868453582644,0.00016409059615352277
