,0,1,2,3,4,5,6,7,8,9,10,11,12,13,14,15,16,17,18,19,20,21,22,23,24
0,0.02931058610295047,0.0007708354675577674,0.005986069907472328,7.315442656797904e-05,4.228713982707268e-06,6.836291774331592e-09,0.0003996135863708411,0.41350382972116234,0.3467970604069338,3.4659123243080856e-05,6.176755303507029e-05,0.00013167462681647795,4.2601477616874395e-07,2.3775493875430148e-08,0.0012424286929896993,4.9648670989858264e-08,0.005359093570536726,1.1383390329034881e-05,0.0023928600979783296,1.0149952419741576e-06,2.53295660523941e-05,0.00027369350647284796,3.3809465751199535e-08,0.04114418630504996,0.1524759901545576
1,0.016392917429019976,0.0005550699403714821,0.004257175288243814,5.273419357529711e-05,3.107516470606941e-06,6.676921555389196e-09,0.00031869349749084273,0.33079497617483117,0.5005229786489587,3.9785331618738084e-05,3.632664388838491e-05,6.851998381189687e-05,2.7281890497354184e-07,1.8914148887173952e-08,0.0011350708806097658,5.8568868215237475e-08,0.0023643952946789735,4.9809499210579194e-06,0.003264619488424041,8.212985134701808e-07,2.0846153035459935e-05,0.00017954700184269392,1.787909046129833e-08,0.018503054952592912,0.1214840044741666
2,0.03382879327573726,0.0009363348585763614,0.0038652465744774957,7.258319664987e-05,4.624779296872707e-06,1.1878156135459503e-08,0.00045001272406764527,0.4102539966134511,0.28008661602457324,4.3273802575952126e-05,6.432623723228836e-05,0.00016526478134054758,3.6073331194525126e-07,3.381215104730773e-08,0.0029202530287614275,9.874571658865658e-08,0.007647007703943393,1.3340627267147128e-05,0.0032043635172237166,1.1469787058049197e-06,4.1529506030521435e-05,0.0006137831167386393,8.850636557069096e-08,0.03710484185622172,0.2186820671214278
3,0.02950169395310286,0.0009224990686823534,0.005256550100093536,8.568334666402604e-05,4.276015357046028e-06,6.872835460378021e-09,0.0003979041913568744,0.42709978782133373,0.300942421114153,4.0429367720545645e-05,5.908166828347482e-05,0.0001342008940161107,4.170790455386683e-07,2.6454453566819114e-08,0.0012573849030515602,5.090953190606469e-08,0.005966300545502054,1.3659108654397338e-05,0.002469837847578411,1.0329095021175202e-06,3.0743907755160875e-05,0.0003216377754288614,4.092320296071419e-08,0.042419329800126054,0.18307500342256855
4,0.03082286178252855,0.0009969258559801247,0.006262942132009236,8.978377902104487e-05,5.13637475621112e-06,8.331636567267323e-09,0.0004341116640340936,0.4009507335089128,0.32999945727291125,4.262046459674068e-05,6.564622035988302e-05,0.00014568027755501638,5.486688681948906e-07,3.2243342988681436e-08,0.0013470750896465598,5.529762195933707e-08,0.006176606022769515,1.4724564070043673e-05,0.002409512792244016,1.1286213234023913e-06,3.0166483957530293e-05,0.0003313451841992323,4.468598694534724e-08,0.04682123929240262,0.1730516133892657
5,0.026906850777791883,0.0010114231383272613,0.004943139579577309,0.00012143545445209124,4.6194773165012545e-06,6.626598815671012e-09,0.00038953856855698094,0.4733867290452321,0.23551462600934123,4.818983330230832e-05,6.028298407776928e-05,0.00012915811174866153,4.610365442189089e-07,2.7022666034098356e-08,0.0009685990820638522,4.5876309575865126e-08,0.0066380054373096735,1.9882079359645148e-05,0.0020216513601317753,1.1405675978520936e-06,3.641526714157395e-05,0.0003002083603007678,5.105220320487388e-08,0.05288427380995581,0.19461323944209327
6,0.02950169395310286,0.0009224990686823534,0.005256550100093536,8.568334666402604e-05,4.276015357046028e-06,6.872835460378021e-09,0.0003979041913568744,0.42709978782133373,0.300942421114153,4.0429367720545645e-05,5.908166828347482e-05,0.0001342008940161107,4.170790455386683e-07,2.6454453566819114e-08,0.0012573849030515602,5.090953190606469e-08,0.005966300545502054,1.3659108654397338e-05,0.002469837847578411,1.0329095021175202e-06,3.0743907755160875e-05,0.0003216377754288614,4.092320296071419e-08,0.042419329800126054,0.18307500342256855
7,0.02831112570928677,0.0011491590451729523,0.00920692894116499,6.609580643994787e-05,2.243994712409942e-06,4.042263901492368e-09,0.0006287264794381923,0.3226996814432336,0.4576243428625179,2.4312090525968846e-05,9.563127213981874e-05,0.00010060755543163197,9.425766167953841e-07,1.6136885215980442e-08,0.0007113495213701261,1.8008275861317036e-08,0.0038411466151237485,1.3828313525755856e-05,0.0012313209408498706,1.5547820951909959e-06,1.1381839314168054e-05,0.00017043492114162268,1.479140546151866e-08,0.062425443651366444,0.11168368865970174
8,0.029014864721591076,0.0008750786464747139,0.004789398075141544,0.00011941074818738924,4.352227327919895e-06,4.600344108706115e-09,0.0004012565418431121,0.4811228555921183,0.1625034632614188,5.9260271904925684e-05,2.4361226590489667e-05,0.00010970964729276242,4.84693673198334e-07,2.410988455783516e-08,0.0008608020891645313,6.895413852943132e-08,0.006247717282807684,1.2109451526444796e-05,0.0016307894383138914,1.0978358843497867e-06,2.737271275196996e-05,0.00023187013457899537,5.4095130884457104e-08,0.0688054501812082,0.2431581434607016
9,0.02198238028065473,0.0010934732179604183,0.008899719071130128,0.00011244518511505604,4.3336975629250734e-06,2.7956201194461195e-09,0.0003760815172860194,0.4172335926983001,0.2643930527421827,4.298383846932123e-05,2.8348677936741054e-05,8.371739222541335e-05,8.977831670579027e-07,1.805445483096449e-08,0.0005527460569474026,2.6732412737724434e-08,0.004669838224957758,9.98177848231512e-06,0.0010336357556913788,1.164552967239915e-06,1.3814204511663313e-05,0.00011711890298065687,2.030998633834769e-08,0.09750870593865467,0.18184190059034222
10,0.02950169395310286,0.0009224990686823534,0.005256550100093536,8.568334666402604e-05,4.276015357046028e-06,6.872835460378021e-09,0.0003979041913568744,0.42709978782133373,0.300942421114153,4.0429367720545645e-05,5.908166828347482e-05,0.0001342008940161107,4.170790455386683e-07,2.6454453566819114e-08,0.0012573849030515602,5.090953190606469e-08,0.005966300545502054,1.3659108654397338e-05,0.002469837847578411,1.0329095021175202e-06,3.0743907755160875e-05,0.0003216377754288614,4.092320296071419e-08,0.042419329800126054,0.18307500342256855
11,0.03016312505519192,0.0009622089674719719,0.00557929405317046,8.783854991901946e-05,4.339386599582221e-06,7.1024074511823e-09,0.0004153605439673015,0.4231506000416306,0.30646790793118384,4.0875528029355284e-05,6.191345073331034e-05,0.000139873397114987,4.859561227774452e-07,2.7459024342446096e-08,0.001223642680496176,5.0258328333001194e-08,0.006151480168010318,1.4678973805805823e-05,0.002339633456850649,1.1273407637939233e-06,2.9489251152421466e-05,0.00032441760811985907,4.156622828268232e-08,0.04528685593217012,0.17755472534150746
12,0.08996139023848644,0.002266979459191387,0.004088550777359113,0.00021181034218911154,2.698395184226262e-05,2.450446974669891e-08,0.0002347744045898168,0.393645158352754,0.02353458305374331,8.181501176168223e-05,7.443828644549506e-05,0.0011593991405413693,8.896284762141568e-07,2.0397414733650202e-07,0.001451081137265204,1.5996878733408143e-07,0.07367826089327759,0.00020590889831026798,0.0015341043691907844,1.074707808962705e-06,0.00015183362229725106,0.003623727010303299,1.021117666131101e-06,0.1217905565111806,0.2822752706379153
13,0.03727446116820408,0.0007004779961598319,0.006852191548863682,6.568250975988216e-05,4.36794783302551e-06,6.54431471414765e-09,0.0003596726530570238,0.4163200688375786,0.3385464470351693,1.996076884845599e-05,0.00010771461110582838,0.0002767550404140422,3.9167498103343427e-07,2.9458400970911493e-08,0.0016441918860772868,4.012017270180311e-08,0.008008597231363457,1.2236454408850135e-05,0.002782896330657137,9.95756190978027e-07,3.3448418768389366e-05,0.00037762176113434833,3.485851634443557e-08,0.031838801952823764,0.1547729074351965
14,0.0037831578307161912,0.008168300773945423,0.004154074634383419,0.00012540624969021514,1.1505512940193298e-05,8.247996380344458e-09,0.00024528555520508463,0.2803629166735215,0.5340912456375343,0.0003519750809985346,4.5946002102795386e-05,1.0245632044506094e-05,1.3075990948366973e-06,1.4261705947027836e-08,0.0004794737458566084,1.2663009458165169e-08,0.0016415678089673994,1.3755151145761728e-05,0.0014043380772000757,6.395376980929145e-07,2.1034899575317176e-05,0.0001151229287705221,8.39468854572189e-09,0.09991783808268169,0.06505481901852714
15,0.02950169395310286,0.0009224990686823534,0.005256550100093536,8.568334666402604e-05,4.276015357046028e-06,6.872835460378021e-09,0.0003979041913568744,0.42709978782133373,0.300942421114153,4.0429367720545645e-05,5.908166828347482e-05,0.0001342008940161107,4.170790455386683e-07,2.6454453566819114e-08,0.0012573849030515602,5.090953190606469e-08,0.005966300545502054,1.3659108654397338e-05,0.002469837847578411,1.0329095021175202e-06,3.0743907755160875e-05,0.0003216377754288614,4.092320296071419e-08,0.042419329800126054,0.18307500342256855
16,0.031160975022805914,0.0009483230138707891,0.0041322683182839475,9.586462200075552e-05,3.787641012685314e-06,8.228962447308673e-09,0.0004226772954983031,0.46313442103406627,0.24988295844574854,5.5862555146733326e-05,5.922340128849008e-05,0.0001387772486428833,3.3690984648934204e-07,2.7044131406249395e-08,0.0011700476765158202,6.695386539009439e-08,0.0062349212096563175,1.907136644491487e-05,0.0026438490611790226,1.1160050810338304e-06,4.677196808228882e-05,0.0003873951976047991,5.017274298358521e-08,0.03991980546158085,0.19954139414594102
17,0.0361768959118766,0.0008053368581082924,0.0060589027172161716,0.00015038790183409314,4.794113106456826e-06,8.026734027482271e-09,0.000448898574189164,0.458154877159522,0.2017222642009202,4.358823020006205e-05,6.141171876028476e-05,0.0002167985345067599,5.03406366691801e-07,4.391184483287895e-08,0.0008523793863984643,6.53198438440157e-08,0.006825740736657715,2.3606136620665123e-05,0.002025442221989971,1.5149958987691026e-06,4.13454887185141e-05,0.00033647167955203267,7.119606452499509e-08,0.04377555994502738,0.24227309162804248
18,0.0417958247905294,0.0010387629780601833,0.005345386296419065,8.961218025924069e-05,3.951301879438133e-06,5.985202984121875e-09,0.00042761874136676724,0.4403755855624687,0.22204356870553266,4.119184008312286e-05,5.528799156972886e-05,0.00019051264783266901,4.7265997509405704e-07,2.8683686491219175e-08,0.0011290637680434511,5.1450242539934176e-08,0.008727110836364889,1.992884643268236e-05,0.002225910151108164,1.072006834231476e-06,3.3942843473120926e-05,0.000417603671776373,4.835161633053462e-08,0.054330416137622725,0.22170704157161988
19,0.04148711083892994,0.0011386863652932718,0.0024724146589013654,8.509752406432868e-05,2.964177021782675e-06,8.702470776747955e-09,0.0005777624154398055,0.41840013736807435,0.18809772211032097,5.2996852692739834e-05,5.997827414837458e-05,0.00011251870639466491,2.6565275255975826e-07,2.5201852139438003e-08,0.0018695604068663734,8.698363849258436e-08,0.006207150571620499,2.1195212417729825e-05,0.003284184940280745,9.083991286636622e-07,5.081692849466422e-05,0.0004776613050889143,9.422777930061602e-08,0.04608268418190253,0.289517967994425
20,0.021846282552733166,0.000813439148489341,0.003342939951393587,6.333405037056403e-05,3.956959010788273e-06,5.457673667050527e-09,0.00026548003813656326,0.554429473305006,0.24062298254786865,3.812643739383574e-05,4.5517142668587635e-05,0.0001183489830855848,2.699804685112364e-07,1.8669117329798724e-08,0.0015154750512640577,4.566456572039415e-08,0.00828913073613633,1.1183075693062445e-05,0.002602014551062859,8.966841227032599e-07,3.464058261105011e-05,0.0005275411551457207,4.038942410843061e-08,0.03636131003654281,0.12906754685001548
21,0.05216055814288782,0.0007037851315252668,0.0074289265611843,0.00011319091858744745,4.0253635181196185e-06,9.556318491747e-09,0.0006390981712719528,0.40975047650626445,0.2410611928001841,4.7907273971883775e-05,6.54050526669174e-05,0.00028439130872151693,6.119068404771995e-07,4.152036443859547e-08,0.0010159069987094218,1.0533632907416613e-07,0.0062466676829133405,2.0830446828899844e-05,0.0022425288673678873,1.6307581040809458e-06,3.9274337497989297e-05,0.00029727266480185594,6.485698079549779e-08,0.04692131023328367,0.23095478760287597
22,0.04140257428586594,0.0008669978739917566,0.005747868521393688,8.407465374280945e-05,4.182815521918718e-06,8.730595225816008e-09,0.00044550369879893764,0.482116031649053,0.24346293548022832,3.805568933147283e-05,9.190080080635218e-05,0.0002140869012519201,3.745360977937401e-07,2.9731521583732293e-08,0.0012580296147366376,6.167873065315258e-08,0.009184413235905842,2.6045151192587068e-05,0.00243338299603653,1.2594008258748748e-06,5.007366704852994e-05,0.0004952400566031393,5.386883508389104e-08,0.047344916435058435,0.16473189852682604
23,0.02950169395310286,0.0009224990686823534,0.005256550100093536,8.568334666402604e-05,4.276015357046028e-06,6.872835460378021e-09,0.0003979041913568744,0.42709978782133373,0.300942421114153,4.0429367720545645e-05,5.908166828347482e-05,0.0001342008940161107,4.170790455386683e-07,2.6454453566819114e-08,0.0012573849030515602,5.090953190606469e-08,0.005966300545502054,1.3659108654397338e-05,0.002469837847578411,1.0329095021175202e-06,3.0743907755160875e-05,0.0003216377754288614,4.092320296071419e-08,0.042419329800126054,0.18307500342256855
24,0.022569346858836083,0.001225123881424404,0.005352397388825455,0.00014680076682482146,5.652524120899245e-06,8.047348887165227e-09,0.0003724081571353574,0.43998886579102453,0.2726369693277224,6.251807237475657e-05,5.522874805482858e-05,0.0001228575649855839,5.54249207844977e-07,3.808060171195613e-08,0.0009125109560393799,5.1345681089012386e-08,0.005357148331640947,1.7956736460250797e-05,0.0023964954998696338,1.2843209047469502e-06,3.6889092146439335e-05,0.0002966824027105481,4.8453675239848977e-08,0.04142293815768561,0.20701922524469862
25,0.027027727091569344,0.00047569321812080247,0.005824855740513574,0.00010428743600240168,2.5713419664296327e-06,2.820465802393699e-09,0.00047954027462149284,0.6449999759986148,0.17141976000675685,1.980870064438605e-05,8.262291351828059e-05,0.00019651070317275865,4.486124209931101e-07,1.9481591152648354e-08,0.0005276374242142875,2.9316141770802336e-08,0.006476944968954738,1.4215892698690438e-05,0.0017926159240895087,1.5579676482660555e-06,2.5450274561374513e-05,0.00020824630541802554,3.2129860257385624e-08,0.04006654711463242,0.10025289834180175
26,0.002123599664010109,0.0004504249487504509,0.0008644101237966663,9.081142147374595e-05,6.406972077799035e-06,7.039652056365884e-08,0.00021046983784988408,0.1530439772518136,0.5682002768940648,0.0001046084776576384,4.524992644945669e-05,4.617326406070334e-05,3.0341302581516425e-08,1.6816604320822317e-07,0.004744877714709633,4.4764080131384217e-07,0.0002070454982702343,1.2828463341269355e-06,0.026277538672257142,7.716792632892079e-07,0.0001429790561912691,0.00036886982416541275,5.8052266687180024e-08,0.0004089923805661841,0.2426604589493036
27,0.04492649895124726,0.0012311608603935882,0.014100455797877044,0.00041149033582651626,1.456069184151037e-05,2.30925831402921e-09,0.000605597803262147,0.519760634411367,0.05195552565703473,3.247800581004071e-05,0.000169191272383715,0.000638908475472229,2.6131141823219047e-06,7.026572256325698e-08,0.00027881948789778595,2.7652041829695706e-08,0.022804361940684203,5.436431485631399e-05,0.001563538598751456,9.043287746744209e-07,5.931414661420223e-05,0.00010253020612939262,1.0684388742064e-07,0.204888190145064,0.13639865438361967
28,0.02950169395310286,0.0009224990686823534,0.005256550100093536,8.568334666402604e-05,4.276015357046028e-06,6.872835460378021e-09,0.0003979041913568744,0.42709978782133373,0.300942421114153,4.0429367720545645e-05,5.908166828347482e-05,0.0001342008940161107,4.170790455386683e-07,2.6454453566819114e-08,0.0012573849030515602,5.090953190606469e-08,0.005966300545502054,1.3659108654397338e-05,0.002469837847578411,1.0329095021175202e-06,3.0743907755160875e-05,0.0003216377754288614,4.092320296071419e-08,0.042419329800126054,0.18307500342256855
29,0.02950169395310286,0.0009224990686823534,0.005256550100093536,8.568334666402604e-05,4.276015357046028e-06,6.872835460378021e-09,0.0003979041913568744,0.42709978782133373,0.300942421114153,4.0429367720545645e-05,5.908166828347482e-05,0.0001342008940161107,4.170790455386683e-07,2.6454453566819114e-08,0.0012573849030515602,5.090953190606469e-08,0.005966300545502054,1.3659108654397338e-05,0.002469837847578411,1.0329095021175202e-06,3.0743907755160875e-05,0.0003216377754288614,4.092320296071419e-08,0.042419329800126054,0.18307500342256855
30,0.02950169395310286,0.0009224990686823534,0.005256550100093536,8.568334666402604e-05,4.276015357046028e-06,6.872835460378021e-09,0.0003979041913568744,0.42709978782133373,0.300942421114153,4.0429367720545645e-05,5.908166828347482e-05,0.0001342008940161107,4.170790455386683e-07,2.6454453566819114e-08,0.0012573849030515602,5.090953190606469e-08,0.005966300545502054,1.3659108654397338e-05,0.002469837847578411,1.0329095021175202e-06,3.0743907755160875e-05,0.0003216377754288614,4.092320296071419e-08,0.042419329800126054,0.18307500342256855
31,0.02371904159489247,0.0009033474356783164,0.005757674622797062,0.00010909094844602555,4.6399008214540865e-06,2.624377027267697e-09,0.00025120266030202374,0.5794990833467935,0.17784222412173548,4.0136999536470265e-05,2.8936445308388683e-05,0.00011373908146380761,5.600200446182607e-07,2.0302983625296303e-08,0.00043495604318365626,2.6927525339433993e-08,0.006599412572926191,1.3635328816174993e-05,0.00164658851940673,9.593155516572525e-07,2.1003514433999534e-05,0.00019516440318031292,2.3606766752444787e-08,0.06223244396516268,0.14058608569786635
32,0.02805966167704504,0.0008888132506543055,0.004812428745502763,7.67862050757815e-05,4.21076627370706e-06,7.038322273755496e-09,0.0003744001496721732,0.42230370676490137,0.322804221248651,4.039010899546502e-05,5.559528932075226e-05,0.0001270517325189405,3.8088266604773405e-07,2.592387558616465e-08,0.0013766401922243791,5.401083988429111e-08,0.005677150750278996,1.1776723303726187e-05,0.002864812433738844,9.710460192974761e-07,3.094824972083746e-05,0.0003354934745476534,3.7872205388616737e-08,0.03631201969199991,0.17384241577164578
33,0.035895618886772326,0.0013667731043868184,0.004519084615470362,9.083719552920136e-05,5.64690333857961e-06,6.493191791892694e-09,0.00035814413769363787,0.5328712091839566,0.1909771081597849,4.654884219408885e-05,5.9185739094978975e-05,0.0001694927249962981,5.468142592741858e-07,3.288900286355175e-08,0.0013352958459004667,5.216381517590518e-08,0.011968475484428451,2.1031943655271426e-05,0.002649673559688703,1.0871985247837398e-06,3.576153082723741e-05,0.0006633563737155152,6.405669943763687e-08,0.05890354322236492,0.15806142293070827
34,0.024357234851963304,0.000668128101609887,0.004771174240229915,4.89173002569944e-05,2.911326196911645e-06,6.570276598675009e-09,0.0003515332315474528,0.29937168695246247,0.4892010266428229,3.084765098587453e-05,4.467647943314447e-05,8.303763043748268e-05,3.0044657095235797e-07,1.899252586228727e-08,0.0012698554435836933,4.3499804488256105e-08,0.0028756025407341967,6.940954678778509e-06,0.0026767267172791436,7.661904416991825e-07,1.943882637214614e-05,0.00021028021731571363,1.840584648676262e-08,0.024677931862414265,0.14933089492420978
35,0.02898868640467402,0.0013216988789459302,0.010805554375328003,0.00010832318253914015,1.5460205826611947e-05,2.0702419388382894e-08,0.0006364849724502055,0.34412288642139105,0.3361884614534394,4.0830975000685305e-05,0.00016151637412554283,0.00022367902699020232,6.317315586598463e-07,8.190111035548143e-08,0.005616152076870367,1.499300257775447e-07,0.008632766902091327,1.1041696249020172e-05,0.0034897321221068612,1.2072890127789262e-06,5.7536102801655575e-05,0.0004802641388788366,1.7573996130453757e-07,0.060092949180428346,0.19900370821577446
36,0.03345619136017686,0.000780035000748355,0.005433540051296251,7.088308348411389e-05,4.778655504464161e-06,4.472348408649132e-09,0.0002919418534918132,0.4682117595044821,0.2643862605835101,3.2134955961703034e-05,4.142791182444024e-05,0.00019118154749542,4.576717462566392e-07,2.543324328252751e-08,0.0012231642120094795,4.755719797478553e-08,0.008670548048207818,9.576044887486756e-06,0.0029358017371098875,8.29742233039004e-07,2.5933654939148698e-05,0.00033560417786037945,3.199103421517143e-08,0.04013176294535844,0.17376607780384873
37,0.11830890547294158,0.001051586576997152,0.010102485792488411,7.688428363860737e-05,3.8522280031362565e-06,4.983593925084387e-09,0.0006521645033659434,0.3691233204219818,0.17273478973138362,2.3635251577318622e-05,7.720908680715528e-05,0.00038498779868510486,6.948654912754066e-07,4.3033859765373014e-08,0.0008317705350799734,4.654160084559036e-08,0.010386285724174,3.242449417045102e-05,0.0019946372092408383,1.022203603952567e-06,2.729293323566383e-05,0.0004201235786225655,4.312761279016343e-08,0.08025119639532313,0.23351459322652096
38,0.057482783152857764,0.0007875670489761874,0.004667490425985505,5.1408437165586696e-05,3.071613262927587e-06,2.2364818437535147e-08,0.001054371544764609,0.29657333683251447,0.3797692296574275,4.534656592464625e-05,0.00011577261353405496,0.00016175759381756465,2.7497075896929027e-07,3.632886814863895e-08,0.0035405728407047975,1.812489995997122e-07,0.004346497105303403,1.747276369765413e-05,0.003759258212417913,1.1586269710511582e-06,5.1226972757413615e-05,0.0005481553870596851,9.317335939445235e-08,0.03519852628388025,0.21182438823417254
39,0.021316616488626042,0.000327524614256469,0.0037119094109357,9.13240161593258e-05,3.923996492039317e-06,7.878733735209585e-09,0.00026646036078658485,0.567829578165414,0.21840043009384372,4.246736582134449e-05,4.219991374233782e-05,0.00015869976769071356,1.6816147526615593e-07,2.1846479969709715e-08,0.0009275791758624247,1.0559655866394772e-07,0.00458438894757616,9.946440260711631e-06,0.003072695288424497,1.0989616964135638e-06,5.6219988907603746e-05,0.0002221778328682881,4.649362300108951e-08,0.020580458968041476,0.15835395022572352
40,0.03092244209726561,0.0009357649014566848,0.005319200876709432,8.339313545374236e-05,4.285788328003093e-06,7.071419782941972e-09,0.00040201036744966706,0.420901065423681,0.30304024239667937,3.982537035482904e-05,6.036945608127571e-05,0.00013911042629261375,4.128067188897374e-07,2.7217668572952672e-08,0.0013018188241056237,5.1792484055004785e-08,0.006077318415790225,1.3915504256175643e-05,0.0025174774707194085,1.0255767886706928e-06,3.1233536603010457e-05,0.000337858751005307,4.1304589216925055e-08,0.042104439655399506,0.18576666183269938
41,0.02472236896932854,0.0008826744192266129,0.005463116739553754,7.374745020867074e-05,4.635294433060937e-06,7.233965151936184e-09,0.0003451590980903634,0.3781582878724691,0.37267160729552884,4.01242971177364e-05,5.066164150434372e-05,0.00010513227709722004,3.8669980679034397e-07,2.4712147687731663e-08,0.0013772322556934071,4.9776809565567093e-08,0.004684258205552336,9.910606828807291e-06,0.0024565309310523543,8.852747933823607e-07,2.6527535053491867e-05,0.00026799855003577434,3.228954710291132e-08,0.03813875292385369,0.17051988765030227
42,0.018972040008218855,0.0005254636918740581,0.002178463152275064,3.6246299326350325e-05,2.3718405234192195e-06,4.075606501485872e-09,0.00024362612476262543,0.6231506409272001,0.22477979623135777,3.435908787737811e-05,3.080102003308033e-05,9.118295083449874e-05,1.1993254621401962e-07,1.2447383891867369e-08,0.0017381104700015932,7.420633934169919e-08,0.0063709860963704614,5.167115000325739e-06,0.004509627784659357,8.166230994896279e-07,3.6877315394655453e-05,0.0006029499592953874,2.8575869595657367e-08,0.01848356266793572,0.09820667139621433
43,0.01475158378155302,0.0007364945538551407,0.001867568396075689,7.341135970243782e-05,5.354971924550202e-06,1.1796233543100861e-08,0.00021704216769398907,0.5595753443077116,0.25475850696818336,9.918542957126042e-05,3.3721940165460164e-05,6.921925548858026e-05,1.5557360869197168e-07,1.8092081373142286e-08,0.0016561951808291252,1.0630510404639704e-07,0.005366248340575481,1.002419628376488e-05,0.0038167491740237194,7.139619310757592e-07,6.343356142789296e-05,0.00047779501973920733,5.2318250077406846e-08,0.024706766429938975,0.13171429691804787
44,0.02950169395310286,0.0009224990686823534,0.005256550100093536,8.568334666402604e-05,4.276015357046028e-06,6.872835460378021e-09,0.0003979041913568744,0.42709978782133373,0.300942421114153,4.0429367720545645e-05,5.908166828347482e-05,0.0001342008940161107,4.170790455386683e-07,2.6454453566819114e-08,0.0012573849030515602,5.090953190606469e-08,0.005966300545502054,1.3659108654397338e-05,0.002469837847578411,1.0329095021175202e-06,3.0743907755160875e-05,0.0003216377754288614,4.092320296071419e-08,0.042419329800126054,0.18307500342256855
45,0.019653288673464307,0.0004624288593045712,0.005266495711095185,4.120140832709757e-05,3.5618393857748123e-06,3.7211861602922077e-09,0.0003702089600924727,0.47595656457337576,0.3775149448970441,2.218550942688677e-05,4.1954731043288355e-05,8.324459811459254e-05,3.84083156304389e-07,1.3286481841317432e-08,0.0013675533491322052,4.120867261633826e-08,0.004260564859991654,3.921769749169592e-06,0.002504730961566212,7.942594834045852e-07,1.2782103674646632e-05,0.0001960359679579768,2.004125537739865e-08,0.03752301593336573,0.07471405869365264
46,0.041495416919769774,0.0008864646864811843,0.004336410620256476,8.364798345376994e-05,4.858888555811744e-06,2.957420874269752e-09,0.00022329575037560498,0.6083938791217455,0.10876356831644471,2.6624780180891036e-05,5.2388646940986825e-05,0.00029550982727347526,6.110289355424566e-07,1.8090607585999194e-08,0.0008839758105944653,3.040256593256048e-08,0.025561967774887177,2.044455608385496e-05,0.0017271123078458665,9.350624799296676e-07,3.0237385092824672e-05,0.000503142937807858,4.9950311629099354e-08,0.07619757925450897,0.13051182693937932
47,0.1325874713415632,0.0009283095308987503,0.004968190047053909,4.125632186415012e-05,1.933821272946266e-06,5.538095604733608e-09,0.00048561622365306516,0.38973388757399724,0.16131044338342482,2.650447907092937e-05,5.853449781563009e-05,0.00045026634285028305,3.57218328650491e-07,2.4161016744991393e-08,0.0013125538381669269,6.718952133170503e-08,0.015045908056614293,2.949622603328183e-05,0.002341084517244151,1.1040941243767412e-06,3.464491581201106e-05,0.0009872085809977567,4.2898092143630345e-08,0.04960258452607985,0.2400525046764079
48,0.02542059956842406,0.0013344055040737386,0.001848932319850972,5.4440130942718156e-05,3.3274939088802873e-06,2.1764556996367077e-09,0.0002962028892332595,0.6901312083479334,0.11280376802709687,5.020838246368662e-05,2.3010366528059844e-05,9.49691308810874e-05,4.50665832771301e-07,1.621706412568436e-08,0.001135602380304038,4.457478606388971e-08,0.014870945023428207,8.930310684970532e-06,0.004296534982319712,7.073924840555361e-07,2.419427818191571e-05,0.0007158035968396744,3.965359027499937e-08,0.04856550224869354,0.09832015433799833
49,0.0331255934625342,0.0007657068615309062,0.006808899967631452,9.090442699262696e-05,5.612898622629181e-06,1.0509722724737449e-08,0.0003541892237931305,0.4415425510433083,0.30413307568420495,3.6444037459283944e-05,8.469319681330519e-05,0.00025280071002745926,4.4993669949051684e-07,3.498475276316214e-08,0.0013166461722695015,5.88729939954895e-08,0.007578351286798307,1.9003184767900335e-05,0.0023324529134186867,1.3583388379107414e-06,3.883419116031595e-05,0.00045062604480167396,4.888167043716809e-08,0.03656023661135521,0.16450141655783304
50,0.021122578481701647,0.0007837742396329787,0.0032215148126612915,6.31569308864383e-05,2.725563843532363e-06,7.0992020280197914e-09,0.0006151149558796125,0.3834313339816405,0.4102772426360474,8.169185547469579e-05,2.1825633419958905e-05,4.2319695049585966e-05,2.7898403334784995e-07,2.673532680222536e-08,0.000998408766173747,1.0364385984354152e-07,0.0018143332366431773,5.412797374334959e-06,0.004674708599026525,8.637581558723476e-07,2.024425146406607e-05,0.0002530951215968507,2.454431248051093e-08,0.021432396028768647,0.15113681764782455
51,0.02901388565239778,0.0009354525299508991,0.005069969649424663,9.121734939401176e-05,3.9492566139220586e-06,6.580056340698259e-09,0.0004121466623926969,0.44502531173556326,0.28835780250658005,4.16137158176075e-05,6.0632920990999466e-05,0.0001314259343300225,4.115826549833086e-07,2.604328543159606e-08,0.0011267964419981054,4.634666890650621e-08,0.005881176788734696,1.543978683162893e-05,0.0023454835522449227,1.0735967145126666e-06,3.213963797687775e-05,0.0003264160657205084,3.984158859741273e-08,0.04257305375535715,0.17855448206671143
52,0.0377422181249848,0.0009564008793104786,0.005121807055622043,8.849076937577194e-05,2.5051279056583346e-06,2.4613966719544947e-08,0.0007150064679596423,0.28693973994127037,0.4383442236592924,5.28482785810758e-05,0.00012633344006171448,0.00011226152540920066,4.47263144068023e-07,2.766925725217011e-08,0.001209647061213983,5.780345433110858e-08,0.0035767828606195658,5.3779348518558e-05,0.0012081833594287353,2.0415688829784946e-06,3.469716658955055e-05,0.0004687417626350855,6.1810211179727e-08,0.045205816987159114,0.17803785545514572
53,0.02641453459027749,0.001055424924667326,0.004808159563927315,9.344991573336958e-05,9.450270986703772e-06,4.5515802725501e-09,0.00013916209341212848,0.541396331036163,0.20567266810928356,4.273706824240985e-05,3.653863894513966e-05,0.00019255540913789578,4.1516272830127603e-07,2.8677509159087577e-08,0.0008799626657383033,3.3420320056218596e-08,0.011109919524394189,1.286615108834752e-05,0.003102630175819733,5.795418817372245e-07,3.823497034941455e-05,0.0003630598490136501,2.7504630322059802e-08,0.040836373934237565,0.16379485224993257
54,0.04129167700601421,0.0010888124217922502,0.00495106825875402,6.318954696089188e-05,1.9423063926928902e-06,1.010901607116936e-08,0.0007542415466716009,0.182251499928715,0.3505715126490929,5.061834464288215e-05,3.322719913401625e-05,0.00011012443379928935,3.397830932749937e-07,4.6595500591027227e-08,0.0015003637433872387,1.0576742657189229e-07,0.002046051613391642,9.5888763865309e-06,0.002534295451218553,1.1618980576393863e-06,2.3285537691602385e-05,0.000333050272292061,3.9585879910514056e-08,0.02158591523823097,0.39079783188645756
55,0.03514135614502017,0.0007901066156243445,0.007329717207395543,8.213525016086773e-05,2.537888405851785e-06,4.439425515031087e-09,0.00038734500142859307,0.3266354705645304,0.37733096463485466,2.6818097758526822e-05,5.6072104445646354e-05,0.0001618166453978031,5.868169304080299e-07,2.029964223620136e-08,0.0006419450211286931,2.368002991320813e-08,0.004366125946967958,1.5559937438153085e-05,0.0014394391352014026,1.1295021659726514e-06,1.674157761342139e-05,0.00018054659783283802,1.844873446316568e-08,0.04187902997595646,0.20351448846591008
56,0.029381826579987308,0.00097640864137677,0.00568915048689639,8.710632223399551e-05,4.49473248830586e-06,7.089808552800267e-09,0.00040768057953990435,0.4191643692298997,0.3161934382800364,4.081266838889842e-05,6.214491984104485e-05,0.00013754615909894073,5.040219373345739e-07,2.7458826259649806e-08,0.0012364287939640986,4.9056663025108004e-08,0.006101335649555571,1.4205590865610749e-05,0.002370954528022827,1.1103166511276724e-06,2.8890721523678748e-05,0.0003158541662419788,4.012430465521277e-08,0.045408704666863045,0.17237690921498466
57,0.036764306426267865,0.001558577611754797,0.004563795226280848,0.00011912825377893365,2.4865419488545224e-06,1.389067561556975e-08,0.0013116415532517852,0.27015579666215067,0.3046155287900353,5.1605302594110865e-05,0.0001145499512088948,6.456356260330037e-05,4.6960735538225265e-07,3.0624484298653976e-08,0.0016213953854767892,5.656696922892224e-08,0.0026263139018763764,3.1225501105623556e-05,0.001369629705792302,1.4917306504136147e-06,2.7795496332256443e-05,0.0002942072832741725,1.0181434154770438e-07,0.07293794238345963,0.301767346226331
58,0.030812948624319096,0.0010254843265675587,0.0055845341512412595,8.596967578095443e-05,4.601655916436616e-06,6.177832920297648e-09,0.0004071903779428254,0.45375087541046977,0.27154558966339354,4.115853406272986e-05,6.022023830915549e-05,0.00014035109548349265,5.045953920790034e-07,2.4912482902941062e-08,0.0012146394975288614,4.6795272993298e-08,0.007379305797083257,1.5523661808602153e-05,0.0022032588782521256,1.0417809337955678e-06,2.9925054087618447e-05,0.000336894552229818,4.324137267244688e-08,0.05667186338921192,0.1686879979130237
59,0.031542576020691764,0.0009756759810915721,0.006704642154930605,8.809592524259649e-05,4.775052310083702e-06,5.730132951793534e-09,0.0004159057118825157,0.4540907465039919,0.26557858348365193,3.84477832781238e-05,6.0069271771455896e-05,0.00014785861738767934,5.466558311910065e-07,2.496562288451296e-08,0.001102232383999848,4.4835460935009e-08,0.007295961232990396,1.584266759484532e-05,0.0018975328829205212,1.0825414601268337e-06,2.8029681301668028e-05,0.00029634650290117216,4.080608325700385e-08,0.0648588664505957,0.16485606615687431
60,0.02950169395310286,0.0009224990686823534,0.005256550100093536,8.568334666402604e-05,4.276015357046028e-06,6.872835460378021e-09,0.0003979041913568744,0.42709978782133373,0.300942421114153,4.0429367720545645e-05,5.908166828347482e-05,0.0001342008940161107,4.170790455386683e-07,2.6454453566819114e-08,0.0012573849030515602,5.090953190606469e-08,0.005966300545502054,1.3659108654397338e-05,0.002469837847578411,1.0329095021175202e-06,3.0743907755160875e-05,0.0003216377754288614,4.092320296071419e-08,0.042419329800126054,0.18307500342256855
61,0.030557121860195376,0.0009740858210429798,0.007115114833951251,8.528740575115094e-05,4.848614883341528e-06,5.842540145960863e-09,0.00039797447193161146,0.4302268260073161,0.29634223395830844,3.5723669232641726e-05,6.355621785823918e-05,0.0001531389575725335,5.295262835369726e-07,2.6331686783322444e-08,0.00115868616118182,4.3442411344488526e-08,0.006906831240870725,1.4127908664431781e-05,0.002053504509880501,1.070332136794208e-06,2.7830758762568282e-05,0.00029067240171064935,3.665314952036709e-08,0.05608308197123082,0.16750764110144659
62,0.02950169395310286,0.0009224990686823534,0.005256550100093536,8.568334666402604e-05,4.276015357046028e-06,6.872835460378021e-09,0.0003979041913568744,0.42709978782133373,0.300942421114153,4.0429367720545645e-05,5.908166828347482e-05,0.0001342008940161107,4.170790455386683e-07,2.6454453566819114e-08,0.0012573849030515602,5.090953190606469e-08,0.005966300545502054,1.3659108654397338e-05,0.002469837847578411,1.0329095021175202e-06,3.0743907755160875e-05,0.0003216377754288614,4.092320296071419e-08,0.042419329800126054,0.18307500342256855
63,0.029626694158426625,0.0010781711687061371,0.005252137147837485,8.226915028583764e-05,4.050851860252589e-06,6.878830297048686e-09,0.0004114813693499864,0.4084267297367006,0.3163043020124386,4.129872081937058e-05,6.176336657239189e-05,0.0001250540023080089,4.5487869356689107e-07,2.5525514158511245e-08,0.0012988097402567916,4.668652495746899e-08,0.0059770847415698295,1.4440554013097306e-05,0.002377968251348653,1.0738417985084699e-06,2.928055174256382e-05,0.0003396027602407113,3.8815283773832196e-08,0.045298255323761576,0.18324895976511638
64,0.030057855368938166,0.0009153714294683316,0.004721766318041316,8.810450126747598e-05,4.646158493541877e-06,7.530048193590504e-09,0.0003730890396235332,0.45602174889904057,0.2644909791637452,4.321681805039457e-05,6.704231001339443e-05,0.00015449204033672476,3.306710465644362e-07,2.7318896658602892e-08,0.0014244981286771297,5.935027616414391e-08,0.0068794412682608086,1.546842948558474e-05,0.002857371775396077,9.47231656388576e-07,4.852967369202281e-05,0.00035421657914796225,4.7184111834660284e-08,0.04075547318694156,0.19072526962534445
65,0.03729441919831482,0.0006931424002848358,0.007774488446088336,0.0003802315422566172,3.828749673135653e-05,9.748952578856825e-08,0.000270779918267463,0.43562859017422073,0.13460083610046294,0.0001367382777353145,0.00014071006649731392,0.001558238267101156,4.162626651771807e-07,3.2102380579615944e-07,0.0012318253006851651,3.858050106965015e-07,0.009770548631244177,9.806178722632166e-05,0.004948326653266394,2.0399964034120156e-06,0.0003657321634823673,0.0010802571536985093,3.0028242941147226e-07,0.017395721607909153,0.34658950395468685
66,0.03449763846102464,0.0011696927165627713,0.005443485945518024,9.139764743171887e-05,5.093714698568873e-06,7.255323547567797e-09,0.0004047467903244715,0.4217675124732397,0.25761843054150113,3.7592467140830496e-05,7.502147192974918e-05,0.00016060460805228627,4.4031749844136144e-07,2.9766062703824855e-08,0.0015875617627283153,4.562203910163974e-08,0.008227747517400174,1.838787351917195e-05,0.002246913126856302,9.388843919769736e-07,3.723091800438843e-05,0.0004057314245881219,5.6274017328999164e-08,0.056367193297056445,0.20983649912309013
67,0.04308684441312617,0.0008313658840176908,0.012288225912069892,0.00021372718137696521,7.0464501101841965e-06,4.060385830109682e-08,0.0010958263988946608,0.21352655661386047,0.2056608545581358,4.0979880179359446e-05,0.0001610680812664771,0.0005035971062190998,7.805888880245069e-07,1.764573309861617e-07,0.002894946620276502,2.917193084009379e-07,0.005532664615193122,3.3434972532973084e-05,0.0017692972979424376,4.000783523775339e-06,6.836497629462605e-05,0.0004607500088668957,4.330225591805654e-07,0.03701070348413891,0.4748080223700292
68,0.01703660544554723,0.0006743335884322427,0.005358874047774127,5.3723193890917814e-05,5.3418752479059044e-06,3.562444369375389e-09,0.0002688895387505837,0.4306801643248286,0.4038602303017001,3.581795703586297e-05,2.5695747117551423e-05,6.91799107467715e-05,3.808987048220483e-07,2.1142329180673392e-08,0.0010834740132173771,4.332911857592147e-08,0.0035016983560455335,3.3742813124129294e-06,0.0036913382779543646,5.551160606335772e-07,1.5454905061302018e-05,0.00016943061761187967,1.469907255465307e-08,0.029234840706385806,0.1042305141636096
69,0.032069432817724154,0.0009526993662327862,0.005127118658782504,7.894330915996418e-05,4.641701810292414e-06,7.76540938578746e-09,0.0004002171187415391,0.41803508540689915,0.31230492553816297,3.957257822340432e-05,6.479251938231046e-05,0.00014218664700375145,3.975779708844171e-07,2.8646290768544026e-08,0.0014773069675947847,5.367008224668309e-08,0.006392122803811139,1.3719933762416098e-05,0.002726855588215223,9.365551753332478e-07,3.2624364381209184e-05,0.00037696893939231273,4.439119384188572e-08,0.04098856293766853,0.1787707541969292
70,0.06455484854461814,0.0008337037147261213,0.014924148873234257,0.00010445499768502536,4.880958511406671e-06,1.5733575930123925e-08,0.0005728527915084234,0.17150246742930095,0.31538176191702133,2.7228298013217545e-05,7.433769023870254e-05,0.00040389784402836907,5.997652443057553e-07,1.0779805612318472e-07,0.0011980331195010968,8.796596116490343e-08,0.004319919262949947,2.2788435430157665e-05,0.0016372303778037322,1.6298922393429138e-06,3.395103157399131e-05,0.00035301443084235996,5.7521698315718005e-08,0.029274359890021074,0.39477362171621644
71,0.015863172838749513,0.00153154795299007,0.004640741500389942,6.796831633287867e-05,9.213969564282586e-06,8.412666341008665e-09,0.0001619503365759245,0.29875044138730944,0.46380423678702204,6.11310138883195e-05,3.251203915544935e-05,7.148481266933075e-05,4.006292250417567e-07,2.8492109458917252e-08,0.0015680785031716906,3.793143532671973e-08,0.004598119198860835,6.439228068994202e-06,0.0029844686344523987,4.873016497739344e-07,2.3127594743037954e-05,0.000296209646708797,2.2061667429264726e-08,0.03091965268839178,0.17460851872220176
72,0.025894103218578542,0.0009048831297241719,0.003219752373361917,8.347740287598455e-05,3.0580933739728334e-06,4.16406269326187e-09,0.0004124024365962287,0.6111721251495809,0.1719991701405119,4.3023166226214005e-05,5.995145090293092e-05,0.0001105408623803485,3.804317558715827e-07,1.5595112094851462e-08,0.0008679154153785878,3.789211286081514e-08,0.008756994843732768,1.975140634959579e-05,0.0022435458262436508,1.0365756917807644e-06,3.505590993138625e-05,0.0003748502828334113,4.2070143585571996e-08,0.05740226650036562,0.11639561566217299
