,0,1,2,3,4,5,6,7,8,9,10,11,12,13,14,15,16,17,18,19,20,21,22,23,24
0,0.0003125192864994855,0.00011855796450056177,3.477665362211167e-05,0.000560736456784798,0.00034814560021898737,0.00040976157205878047,0.00036253738242364187,2.9300685978274554e-05,0.9829614064057081,0.00023011736835355757,0.0006288247756550962,3.3696126509685843e-08,2.269914482715693e-06,0.00011413482325280103,0.009064013977679688,5.6211090390056653e-05,0.00042712302751827895,1.5068011252712142e-07,1.5390241056157125e-05,1.5820711798351116e-06,5.917006845783811e-06,0.0008321518128358285,0.000978486037009659,0.0023190531337662743,0.00018679833594027436
1,0.0002055302292503762,7.805659364886455e-05,2.327361305540864e-05,0.00033993320273638915,0.0002528441304822235,0.00032388459996074664,0.00027703004974612047,2.265505105761234e-05,0.9891732868212494,0.00022700043328257368,0.00036661638732164806,1.8243064470808868e-08,1.7238110077195807e-06,6.445927564342955e-05,0.005467853464331735,6.0984784361251165e-05,0.0002655215908025665,8.65811674251769e-08,1.365156216115916e-05,1.2468470021917919e-06,2.7859400318525695e-06,0.0005535820809425901,0.0005418604382049453,0.001630014060427476,0.0001061002090599359
2,0.00018752934490507385,6.224955439907555e-05,2.381932244580822e-05,0.000317600289196616,0.0002843763327539098,0.00030607099577957726,0.0003616944672296268,2.5058456101018508e-05,0.9844467893643745,0.0002603541543719907,0.00034165903700917276,1.651155187173892e-08,1.2868693785400962e-06,0.0001056956057563359,0.008695516524904388,4.19838171861037e-05,0.00021077733874113764,1.0876527687237045e-07,1.4019136233852547e-05,2.732916570882655e-06,3.9714079977898784e-06,0.001035009831603883,0.0010075855502141632,0.0020332349770127837,0.00023085942900515603
3,0.0003011990062263006,0.00011871604224464626,3.830246702740334e-05,0.000550069614587556,0.00034309627227315523,0.0005456549474270369,0.00041869452863543653,3.287892208381732e-05,0.9811200956480665,0.00027256949088584517,0.0006340576481944079,3.7206781352710445e-08,2.5410287023132112e-06,0.00012347637626725303,0.010246933113225902,6.763738239847027e-05,0.0004401691305944922,1.6004705244928124e-07,1.9289142755178448e-05,2.197099517439519e-06,6.812891606821059e-06,0.0009805877317605588,0.0010971280371636517,0.0024435812552839158,0.0001941149692383223
4,0.0003282925232994327,0.00014107079263122853,3.993073569196893e-05,0.0005987555771248757,0.0003681779108677673,0.0005618102526040553,0.0004030339620945443,3.532651453373088e-05,0.9820022059147272,0.00025802217667018445,0.0007303451565141614,4.82398028063985e-08,3.3678459901873306e-06,0.00013086028968527227,0.009203980550119246,7.010861476621339e-05,0.0005051552393487678,1.7746267216772923e-07,2.1075792006707248e-05,2.184954501933116e-06,7.3078659071343674e-06,0.0009380569183251475,0.0011325921029512102,0.002334523705906361,0.00018358890125791326
5,0.0003766777970565968,8.84386753170365e-05,3.806902509765264e-05,0.0006787186221936805,0.00030716375567095387,0.0004308291464800991,0.00041371475206545416,3.3937051543578735e-05,0.982698494396343,0.00031297953422780144,0.0005892457976821517,3.8595891987280684e-08,2.3711882923570512e-06,0.00013364647518839955,0.007785422970517542,6.906033386697987e-05,0.0004865287859068669,2.702741878445922e-07,1.4633866305486973e-05,2.724810744759892e-06,6.659093814336636e-06,0.0009144184931740938,0.0011533612181495187,0.0032283982201983413,0.0002341971200836288
6,0.0003011990062263006,0.00011871604224464626,3.830246702740334e-05,0.000550069614587556,0.00034309627227315523,0.0005456549474270369,0.00041869452863543653,3.287892208381732e-05,0.9811200956480665,0.00027256949088584517,0.0006340576481944079,3.7206781352710445e-08,2.5410287023132112e-06,0.00012347637626725303,0.010246933113225902,6.763738239847027e-05,0.0004401691305944922,1.6004705244928124e-07,1.9289142755178448e-05,2.197099517439519e-06,6.812891606821059e-06,0.0009805877317605588,0.0010971280371636517,0.0024435812552839158,0.0001941149692383223
7,0.0005991122049683092,0.0002352996784409292,9.817467941636847e-05,0.0007944527563151071,0.0004681900583405775,0.0006720649225714496,0.0005641936365715919,6.494886733751964e-05,0.9770606725941622,0.00029000659041700407,0.0011917032497153223,5.8417518239208205e-08,7.76808045099239e-06,0.00010667929269731726,0.011910799720016919,7.520214052672161e-05,0.0005929309498035932,1.9506611515699716e-07,3.854599361292343e-05,2.2846536795275653e-06,8.709475363830206e-06,0.0011032442668742288,0.0008088915550295002,0.003175498014049894,0.00013037313600476914
8,0.00017928961310760146,4.1697316342186974e-05,2.4630886273527217e-05,0.00046351314290023297,0.00022596213756020662,0.00020441287447442783,0.0002459054911615199,1.2081935154635556e-05,0.9799017079798947,0.00032067855165889366,0.0004138498180465174,7.982169473112996e-09,6.246982754159827e-07,0.00012356858886152525,0.010007457943979685,3.0446179784183576e-05,0.0001768340353333521,1.0116318559219594e-07,5.2221723572543735e-06,1.52169494148958e-06,3.1741046947681845e-06,0.0007461095307585471,0.0007737943065155148,0.005858155865685683,0.00023925198688294047
9,0.00022570847199501488,5.331130528253409e-05,4.375054301727734e-05,0.0006756064856450625,0.00024692175953880874,0.00037447589053400264,0.00022181533254456216,2.3091763845766816e-05,0.9797719986402895,0.0003541004523851047,0.0005826166936740511,1.4764706570775755e-08,1.4872459806179777e-06,0.00013396420908489814,0.00923831498048223,4.776724884873799e-05,0.0003483886678527254,1.1601671660691074e-07,9.978537883666242e-06,2.3754563676335524e-06,4.659946995164501e-06,0.000916726150690201,0.0009889910033627097,0.005590862444694478,0.00014295598758220742
10,0.0003011990062263006,0.00011871604224464626,3.830246702740334e-05,0.000550069614587556,0.00034309627227315523,0.0005456549474270369,0.00041869452863543653,3.287892208381732e-05,0.9811200956480665,0.00027256949088584517,0.0006340576481944079,3.7206781352710445e-08,2.5410287023132112e-06,0.00012347637626725303,0.010246933113225902,6.763738239847027e-05,0.0004401691305944922,1.6004705244928124e-07,1.9289142755178448e-05,2.197099517439519e-06,6.812891606821059e-06,0.0009805877317605588,0.0010971280371636517,0.0024435812552839158,0.0001941149692383223
11,0.00030882555862371796,0.00012826941516435285,4.002765272135113e-05,0.0005798664916717003,0.000344431342378268,0.0005736802494828656,0.0004273097361792089,3.711611605681604e-05,0.9815852385564117,0.00026308012068563754,0.0006563073121376394,4.2390977077945786e-08,3.08092006339047e-06,0.00012130185463951032,0.00978836645421308,7.258753103466675e-05,0.000489999383661549,1.6423843547598395e-07,2.0981239348443403e-05,2.212186109660158e-06,6.818624362881063e-06,0.0009735085221802368,0.0010914735649797513,0.0023059268779144853,0.00017938366056643488
12,0.00028339733310452217,0.00017446812173889368,3.5697478096274607e-05,0.0004916049064273516,0.0007749065724193464,0.0006414770749868569,0.0004278702560367251,1.9057083112831485e-05,0.9826539585669739,0.00020818889465269762,0.000579227257523949,5.690454119564035e-08,2.2310086056930386e-06,0.00020427394742179378,0.008686277362383475,5.7475822721108025e-05,0.0003046471179500221,2.61262104854498e-07,1.6668651077753712e-05,3.005273917806566e-06,7.900303513711916e-06,0.0006504222801624231,0.0015791738023413443,0.001783348510187227,0.0004144042079983749
13,0.0003964826883315227,0.0001642354755390084,5.089916261305982e-05,0.0009013417576139183,0.0005088820085035449,0.0006142860419491552,0.00040072967374106387,3.5832031514842234e-05,0.9699442606518522,0.00023752071618439663,0.0017949457169755603,5.6735629994091244e-08,4.341021857760694e-06,0.00016659347802180845,0.017245311069456495,7.981448846527653e-05,0.0005729637250559945,1.6988451293464487e-07,2.4880795366859684e-05,1.964080348544898e-06,1.1105213698931551e-05,0.0009799732460490694,0.0018217687676906405,0.0038689750138391635,0.00017266655518807512
14,0.000720258627951329,0.0011582180743730163,8.208529918089055e-05,0.0005349157595652556,0.0014405546165402385,0.0032125240650529787,0.0009532211092728712,4.433187625584075e-05,0.9618890605781938,0.0003146909316471903,0.0027268025268805105,3.733276732637372e-07,1.6449632481940036e-05,0.0002771274651215444,0.020349723611314544,0.00019185876367049467,0.0007481944489413483,3.051887882636973e-07,0.00016435689849030432,3.708325921345309e-06,2.6789916635429236e-05,0.0013909037820053697,0.001807845733421596,0.0016810165927196741,0.00026468284790076216
15,0.0003011990062263006,0.00011871604224464626,3.830246702740334e-05,0.000550069614587556,0.00034309627227315523,0.0005456549474270369,0.00041869452863543653,3.287892208381732e-05,0.9811200956480665,0.00027256949088584517,0.0006340576481944079,3.7206781352710445e-08,2.5410287023132112e-06,0.00012347637626725303,0.010246933113225902,6.763738239847027e-05,0.0004401691305944922,1.6004705244928124e-07,1.9289142755178448e-05,2.197099517439519e-06,6.812891606821059e-06,0.0009805877317605588,0.0010971280371636517,0.0024435812552839158,0.0001941149692383223
16,0.00039251172468633596,0.0001350858398705353,4.234312542589155e-05,0.000678807472389048,0.0003745612862739245,0.0005968035663444943,0.0005170861287379605,3.6831724182619206e-05,0.978333415409903,0.00038460699470949957,0.0007357324714835712,5.6806083175751894e-08,2.6709925059364078e-06,0.0001667031739379753,0.011122381694396529,7.762434959158836e-05,0.0005544055072602412,2.713765726052821e-07,2.1284569744678368e-05,2.9351193272351368e-06,1.1867475669845916e-05,0.001286793448091059,0.0013435232753258575,0.0028931548956713975,0.00028854157181509805
17,0.00033732318990936796,0.00012692299362708045,3.802244613766669e-05,0.000566316024195721,0.0003498298747498554,0.0005344795962566493,0.0004344739406062329,3.6018440334464386e-05,0.9815423533206673,0.00027440477576390126,0.0006418850598531421,4.6511150959623234e-08,2.8114663294985173e-06,0.00013645627540313256,0.009496935253383415,6.78660450923311e-05,0.0004972483236662536,1.993543137372223e-07,2.056287841332935e-05,2.4708691126264458e-06,7.78058340567623e-06,0.0010678057301017156,0.0012438083380331842,0.0023467861329064706,0.00022719257658604603
18,0.00036897476841305475,0.00011182458488750432,1.5259324800953356e-05,0.0002782756589943585,0.00015841461436816187,0.0003609888607268312,0.0004182337021367946,3.064444984738477e-05,0.9875548127171194,0.00026705915069443766,0.00033899161401831234,5.8675463253597376e-08,2.096151278569738e-06,0.00012916272607031368,0.004741358241850601,5.2248970021362854e-05,0.0006675958397057926,3.1810533605168156e-07,1.6525692770069025e-05,2.561190939407132e-06,5.897042389362146e-06,0.0013174647409084953,0.0013388819754152808,0.0013871001124819492,0.0004352510893621188
19,0.00030157598929071293,0.00011717632457044381,3.676892684415021e-05,0.0005338868928372064,0.0003321118053835987,0.0005533963308415893,0.00041041584584141077,3.11801466804146e-05,0.9809753488580382,0.00027459798735308353,0.0006403882418953685,3.5828848379892305e-08,2.4254648695940905e-06,0.00012397953778715408,0.010345608155359268,6.758855315890553e-05,0.00043905153336882766,1.5779745794351157e-07,1.896098708739762e-05,2.157111871716351e-06,6.75858272686835e-06,0.0009662794804710566,0.0011314787115140831,0.002490560939228732,0.000198109966673672
20,0.0002565809926950772,0.0001160780782367484,5.115770923654705e-05,0.0007505596840950725,0.0003714106087868896,0.0006890561866186865,0.0007298730358914169,5.920825769834374e-05,0.956336020717909,0.0003395835409285181,0.0009835227816795075,3.3818326038575896e-08,2.7487498710333644e-06,0.00013927289361457266,0.03135060010052148,8.077337354850802e-05,0.00044062402869744354,1.1188193121132766e-07,2.943075058189084e-05,2.9099620676711544e-06,1.3162876403345582e-05,0.0020069677652470408,0.0017167927837260686,0.003331692514412116,0.00020182690727553774
21,0.0004799441701128859,0.0001742408330088614,4.5475426617556366e-05,0.0007013547290998766,0.0005846644338160028,0.0005275127711370704,0.00036670365482341616,2.925906200026232e-05,0.9807764873649989,0.0004274508285638587,0.0009692462785586105,7.461214456145218e-08,3.0960254788663618e-06,0.00018995356012277613,0.0085524986888268,8.409258212968245e-05,0.000469864376893982,3.171582575627555e-07,2.3466439018752438e-05,2.7504306631365247e-06,1.3587089099198304e-05,0.0010241478157447276,0.0012190258456419311,0.003067687487407894,0.00026709833583261477
22,0.0005082171234241199,0.00011687014087731507,6.50811299447083e-05,0.0010749866988238022,0.00034384697062848956,0.0006718780700331978,0.0004148034729994724,4.7960610816537156e-05,0.9744058801209208,0.0004872583810981445,0.0010693826948792277,5.636348246063408e-08,3.3792838820393876e-06,0.00016411774333784573,0.012120085506804979,0.00010293882541204618,0.0008664680001243626,2.89140427940647e-07,2.267631226431227e-05,2.9884666902499822e-06,1.301011020469708e-05,0.0013528578193603938,0.0013409814140125148,0.004614854560997688,0.00018913103855210927
23,0.0003011990062263006,0.00011871604224464626,3.830246702740334e-05,0.000550069614587556,0.00034309627227315523,0.0005456549474270369,0.00041869452863543653,3.287892208381732e-05,0.9811200956480665,0.00027256949088584517,0.0006340576481944079,3.7206781352710445e-08,2.5410287023132112e-06,0.00012347637626725303,0.010246933113225902,6.763738239847027e-05,0.0004401691305944922,1.6004705244928124e-07,1.9289142755178448e-05,2.197099517439519e-06,6.812891606821059e-06,0.0009805877317605588,0.0010971280371636517,0.0024435812552839158,0.0001941149692383223
24,0.00030261524915536854,0.00012018877069855518,3.697286264080583e-05,0.0007476655208695093,0.0005426423232251071,0.0004483315649223065,0.0003574860659464984,3.3433358263900016e-05,0.9843639023462613,0.000232716409734353,0.0006846543518559442,5.031239736359442e-08,3.3237623660809055e-06,0.00014888724884838694,0.007222008791191935,8.085441436420726e-05,0.0004052543559287209,2.0188512820077934e-07,1.8089738656674406e-05,2.2207271240657292e-06,6.513204405493273e-06,0.0006855340642134319,0.0011651870084909565,0.0022138024487647566,0.000177463214545913
25,0.0005401547671116779,0.00010900359423043743,5.6241489976250205e-05,0.0011968644973951038,0.000458939824630516,0.0004165386683111535,0.0006946801762990873,8.50963344921754e-05,0.9737576247684852,0.0003287066758634146,0.0011885400813854028,5.467300090575058e-08,5.005203560690547e-06,0.00012263332251938956,0.014139494680602804,0.00011036739734705665,0.0005889903822915515,2.6327518510735244e-07,3.084364063873761e-05,2.8819390334924746e-06,1.2276293555226364e-05,0.0011998244174815016,0.0015334563269944123,0.0032497095153184185,0.000171808054290102
26,0.001351707674951637,0.003494135266666704,0.0008231895865519577,0.0026843178088428246,0.0066148891084069,0.007272491389993575,0.016087856725572277,0.00046606490029152934,0.6524484371673213,0.005433243656962548,0.008786209222022424,4.918473728903857e-06,6.112172125851367e-05,0.0034383066367857313,0.2124381237858415,0.0007790452718719215,0.002574892560494275,3.2951705832335824e-06,0.001786492483796769,2.5871088767843367e-05,0.0010009212595623075,0.06643316539494648,0.002551995331875097,0.001440944246037506,0.001998364066866403
27,0.004599665608418297,0.0012292184938063966,0.0006057910341582045,0.007569306994476531,0.003686957123205344,0.003709665680735165,0.0011689454094070666,0.00020703598719493742,0.9394698005725287,0.0005846063630032146,0.0068096127656962074,1.3365504903651282e-06,5.456071266245814e-05,0.0006358131621252227,0.014543337873739237,0.0005256499846233002,0.003799497091475771,3.846308076079904e-06,0.00016814289872026453,6.253662318356087e-06,0.00011997932209849684,0.0010932938853330863,0.00419033246871394,0.0048429481684212775,0.0003744018785716616
28,0.0003011990062263006,0.00011871604224464626,3.830246702740334e-05,0.000550069614587556,0.00034309627227315523,0.0005456549474270369,0.00041869452863543653,3.287892208381732e-05,0.9811200956480665,0.00027256949088584517,0.0006340576481944079,3.7206781352710445e-08,2.5410287023132112e-06,0.00012347637626725303,0.010246933113225902,6.763738239847027e-05,0.0004401691305944922,1.6004705244928124e-07,1.9289142755178448e-05,2.197099517439519e-06,6.812891606821059e-06,0.0009805877317605588,0.0010971280371636517,0.0024435812552839158,0.0001941149692383223
29,0.0003011990062263006,0.00011871604224464626,3.830246702740334e-05,0.000550069614587556,0.00034309627227315523,0.0005456549474270369,0.00041869452863543653,3.287892208381732e-05,0.9811200956480665,0.00027256949088584517,0.0006340576481944079,3.7206781352710445e-08,2.5410287023132112e-06,0.00012347637626725303,0.010246933113225902,6.763738239847027e-05,0.0004401691305944922,1.6004705244928124e-07,1.9289142755178448e-05,2.197099517439519e-06,6.812891606821059e-06,0.0009805877317605588,0.0010971280371636517,0.0024435812552839158,0.0001941149692383223
30,0.0003011990062263006,0.00011871604224464626,3.830246702740334e-05,0.000550069614587556,0.00034309627227315523,0.0005456549474270369,0.00041869452863543653,3.287892208381732e-05,0.9811200956480665,0.00027256949088584517,0.0006340576481944079,3.7206781352710445e-08,2.5410287023132112e-06,0.00012347637626725303,0.010246933113225902,6.763738239847027e-05,0.0004401691305944922,1.6004705244928124e-07,1.9289142755178448e-05,2.197099517439519e-06,6.812891606821059e-06,0.0009805877317605588,0.0010971280371636517,0.0024435812552839158,0.0001941149692383223
31,0.0006163061360165314,0.00014827925960372076,6.417579291675735e-05,0.0006256468852374504,0.0004357628320938926,0.0004508814612946104,0.0005218353090200838,6.404339000962487e-05,0.9833571730733177,0.00029653787701974826,0.0005654022346539706,6.426180906279466e-08,4.36765893932982e-06,0.00012862035693386481,0.007134971676205941,6.998168437973444e-05,0.0005608461688579999,3.6960846182281587e-07,3.1649891079465526e-05,3.602747728027377e-06,8.501941014520555e-06,0.0012127513939215987,0.0011892228901094614,0.0022194536574269104,0.00028955181194834285
32,0.0003122312026388659,0.00013059543339732568,4.094270862414198e-05,0.0005231367382786772,0.00037352337763222725,0.0006002867148658746,0.00045112540641313646,3.671476454103756e-05,0.979825898044314,0.00028138101351750887,0.0006646605142474255,4.2005026491773756e-08,2.8290696323143366e-06,0.0001282070267145079,0.01125920212168807,7.331584858414723e-05,0.00044554522810855726,1.6070464604388925e-07,2.4783958784624627e-05,2.4889965443540043e-06,7.4242865642272684e-06,0.001113908134283137,0.0011785363420123752,0.0023197791988538038,0.00020328116008704682
33,0.00032210533245879665,0.00014271474774141883,2.98251314501557e-05,0.0004948675033020996,0.00017714657914696502,0.0005043533195059225,0.00047492010130707686,6.097246002931168e-05,0.9880145361741449,0.00024841341054630833,0.0004971882663957868,9.192516766502404e-08,7.302721237217567e-06,0.00012025488718606614,0.004055523681377863,9.202791796910136e-05,0.001269781753136646,2.447285259454582e-07,2.4309165606909598e-05,1.974382431377331e-06,4.030926725622192e-06,0.001518023365091537,0.0006648836359137969,0.0011514818830509392,0.00012302600055050743
34,0.000444384703059018,0.00013198243687030986,2.9521492728220815e-05,0.00023796762273261662,0.0003881455113890827,0.00022584702011309676,0.0002067821893246363,2.011706584470622e-05,0.9862615581283655,0.00020278829163480563,0.000751592409851547,2.5120824704879124e-08,2.2753098383839418e-06,8.581128070966296e-05,0.006570195908763268,3.552216395189667e-05,0.00019850903851210733,1.0145771117008705e-07,3.058870329765741e-05,1.3867311892726982e-06,4.03940529410871e-06,0.0007759615897370977,0.0008352766011005875,0.002382911668318878,0.00017670814883770602
35,0.0004973114549145696,0.00010376255202017753,2.6070035772143744e-05,0.0003688827025286922,0.0001913287590494658,0.00024490097534336476,0.0003389037727051569,3.788604667828361e-05,0.9902951385790401,0.0002641153463093316,0.0003466781540223889,4.127352136598173e-08,2.4921329207357746e-06,7.094148658733932e-05,0.0035285567813931793,5.5266864064565106e-05,0.0005187377587225647,2.5953598608998037e-07,1.605163910885751e-05,1.5180027960073257e-06,3.910526750959043e-06,0.000814967821493011,0.0005403783430734038,0.0015522216817585237,0.00017967777343997525
36,0.0003124848824617715,0.00012228298290358278,4.0528926459227134e-05,0.0005700576365788597,0.00036647981953405944,0.000556412651653972,0.00042286949374704426,3.258132995904231e-05,0.9804384635967734,0.00028083673003890766,0.000670464737412861,3.757684070824987e-08,2.5652685093758754e-06,0.00012769612075711902,0.010654348302600368,6.813766171799885e-05,0.00042964278155750273,1.6469193868127666e-07,1.9783115114121435e-05,2.246855857953111e-06,7.220166393924971e-06,0.0009761724762682354,0.0011221906340567116,0.0025768760035717667,0.00019945555729252175
37,0.0005930113745956931,8.946173019318321e-05,5.848061863461449e-05,0.0010008493859574449,0.0003535513616535953,0.0004158669747834037,0.00037953268437152844,3.0746026610833695e-05,0.9757406400310003,0.0003964234004063928,0.0010018434731289294,3.811996856496952e-08,2.5487965745883683e-06,0.00016297426773013662,0.00964578303222981,7.252353842309697e-05,0.0005447555299292978,3.606627818554357e-07,1.4842066020217946e-05,2.706348909255886e-06,7.771131783546665e-06,0.0008831086782210411,0.001213261907344363,0.0071441553272234394,0.00024476353152518205
38,0.000353568719621717,0.0002050440478930867,5.7821164397553893e-05,0.0008284199588755631,0.00044293968452371223,0.0019201869944726058,0.0010421186023729593,7.158525596276196e-05,0.9595559371722419,0.00033479345285483485,0.0011853215205618315,7.805434340882363e-08,5.936540417578583e-06,0.00015893360873484282,0.026267863818645012,0.0001979942000325196,0.0008290489802855227,1.8460334623477986e-07,5.408398506344422e-05,3.69805882642185e-06,1.5225205464461069e-05,0.0015169667532199099,0.0023239494132263534,0.002427760830904323,0.00020053937371130874
39,0.0003271466598923274,0.0001274467464553853,4.519929152500904e-05,0.0008126979036930541,0.0003549418611158712,0.0009246866170392388,0.0009253741254361891,7.2673364168361e-05,0.9721365420606263,0.00033240115881757196,0.0006253802390907463,6.211125591026665e-08,3.730711192389109e-06,0.0001507449364905519,0.01605001681441195,0.00012059378813295055,0.0007587468101545027,2.51398015673878e-07,3.0511358325722135e-05,3.905066926302004e-06,1.351361779230091e-05,0.0016778925966689136,0.002143630239851079,0.002036711910980538,0.0003251986119413033
40,0.00040041495111812375,0.000394148022818017,0.00012505038315784836,0.000550191905562105,0.0011864919986310119,0.0013303433632834603,0.0005368826214313314,3.208199111557494e-05,0.9607726377908926,0.0003745459134325805,0.0011030762739968494,9.80469796523304e-08,3.629284342803936e-06,0.00030139921103197086,0.025511896714851774,6.587897101434317e-05,0.00041561752433887653,2.19452905135369e-07,5.321893249400156e-05,4.130882972061775e-06,1.5729558841560106e-05,0.002158419655541212,0.001233271716909271,0.0030544761534892304,0.0003761486788487027
41,5.8113675282950804e-05,8.380581258275242e-05,1.3807726776121608e-05,0.00025276080452956334,0.0002642919840096954,0.00024871657998406626,0.00010929347981009172,7.272078926080024e-06,0.9951836377791881,7.394150930225982e-05,0.0001650277248390675,6.685190310220993e-09,1.0204885576836809e-06,3.9181633873042064e-05,0.0022787821528941835,2.3892686791436494e-05,0.00013374753963598095,2.2805563989367165e-08,2.648671921485067e-06,3.0663260180876543e-07,7.009789703564655e-07,0.00013173949651832344,0.00019516482385000715,0.0006941321262411097,3.7984122159664844e-05
42,0.0003657520024927606,0.00017311716920488613,8.465510135890125e-05,0.0005843765355689763,0.00034906476276055763,0.0007627279653188633,0.0006438566502356015,0.00012956537522711118,0.9658805013687293,0.0005000885204978415,0.0007446651311567472,7.462095348342639e-08,4.930043330934186e-06,0.0001228419180156325,0.020767170426343375,0.00010085187640643598,0.0007771658651357818,1.2668299921900793e-07,8.495140760286721e-05,4.080497870184819e-06,1.7004964100349893e-05,0.0046471460218645575,0.0010570192686576603,0.002052385099561073,0.00014588072460688107
43,0.0004006107578503201,0.00017080807556156397,4.516050727522041e-05,0.0007051450327010342,0.00044117650947596786,0.0006441511953632008,0.0005238215476275602,3.8498486693837084e-05,0.9781699816036721,0.00020430885636570897,0.0008817651112096617,6.432173579655955e-08,3.8141020502268838e-06,0.00014427394136208726,0.011884552059553358,7.791637012475038e-05,0.0005827133908915712,2.2734620076253235e-07,2.2812739635409076e-05,2.0858601557973945e-06,8.313348158605695e-06,0.0008964708692777084,0.0014296768873985882,0.002486675063151674,0.0002349760165075431
44,0.0003011990062263006,0.00011871604224464626,3.830246702740334e-05,0.000550069614587556,0.00034309627227315523,0.0005456549474270369,0.00041869452863543653,3.287892208381732e-05,0.9811200956480665,0.00027256949088584517,0.0006340576481944079,3.7206781352710445e-08,2.5410287023132112e-06,0.00012347637626725303,0.010246933113225902,6.763738239847027e-05,0.0004401691305944922,1.6004705244928124e-07,1.9289142755178448e-05,2.197099517439519e-06,6.812891606821059e-06,0.0009805877317605588,0.0010971280371636517,0.0024435812552839158,0.0001941149692383223
45,0.00023416223407498582,9.756025201863431e-05,4.388126084920211e-05,0.0006507511007306542,0.0003191027751748807,0.0006914543523050785,0.0006258469441787233,4.649515138750329e-05,0.9733520697004816,0.00028866320385351364,0.0006348636030760591,2.7753038892707054e-08,2.6347120519209473e-06,0.00010737760703195808,0.017347197812753266,9.072673309805231e-05,0.0004266163634474971,1.1521930544376485e-07,2.1743224710805974e-05,2.3929290179692968e-06,6.456296610958937e-06,0.0011355638602844437,0.0011002545097033335,0.0026199511115289863,0.00015409128928539056
46,0.0004370561149520012,0.00012551092613796814,4.937217652454106e-05,0.0010376410944595708,0.00017490180543874975,0.0010358018493374901,0.0004037024340102277,6.207018009083135e-05,0.9777724198803467,0.0003073127697026463,0.0009306538639784794,7.740495117027974e-08,5.369941285419713e-06,0.00012409577832084447,0.009278255475526792,0.00013392415566576384,0.001843346290662263,2.5744521657084523e-07,2.0203784112993373e-05,2.300188797056948e-06,8.883664696141259e-06,0.0012524101016517521,0.0014396811557433992,0.0034318720974719696,0.00012287942091879401
47,0.000602002050685607,0.00022102625104321598,2.6222422337429817e-05,0.00017031083806613113,0.00015991766933982083,0.0004027347776114461,0.0005412626065517434,5.409573536424352e-05,0.9861670739092799,0.00037033581576726674,0.0003261353202420007,1.1529756809251447e-07,3.499613331372679e-06,8.801370051191055e-05,0.005119067008081815,5.8113355260648364e-05,0.0007898591532528007,3.180152886713282e-07,4.846786948749475e-05,2.723245992996262e-06,6.628053717619905e-06,0.002931668385274435,0.0005572124021014178,0.0010277230257634811,0.0003254734780785196
48,0.0003177079950550682,0.00024514217091176733,4.06691188443752e-05,0.0007299336073644994,0.00016610311043345656,0.00259717935767907,0.0010642986216874767,0.0001342159547234252,0.97718002456504,0.00022477218891907652,0.0006249008912035893,1.1787926416046253e-07,1.3298363296381235e-05,8.623097081099035e-05,0.010301956067991985,0.00026298470278462023,0.0023807711316543414,1.6247092502479852e-07,5.429572590965568e-05,2.2452586395219725e-06,7.801287337668021e-06,0.0012439914791285826,0.0013252465733649289,0.000905589391126074,9.036111590409222e-05
49,0.00038023591079727395,0.00021878010207109836,7.828197668182807e-05,0.0006404647552829205,0.0004623308615633558,0.0011162529320658191,0.0005105982686586879,4.528817846379505e-05,0.9744113632173075,0.00038622643046364404,0.0007877613412909051,8.821483590193184e-08,4.040575549321269e-06,0.0001912355629293813,0.013913577558927073,8.058333063380018e-05,0.0007144982865203216,2.438076272510154e-07,3.52846966344001e-05,3.970926196591057e-06,1.287769666201842e-05,0.00187090142756462,0.00114759106155557,0.002750107717797287,0.0002374151619197955
50,0.00021827583989715766,4.5198559777949203e-05,1.2730781383763117e-05,0.00014740926608928088,0.00016680622771633199,0.00011047909100476001,0.0007585277618856384,3.1611151399278727e-05,0.9876590278585803,0.000491881124067649,0.0001400375335715655,8.822381168183017e-09,7.795884506599521e-07,5.901031213604352e-05,0.006565783249172283,3.646461587817093e-05,0.00011234264565442512,1.096290862969893e-07,1.792061937279386e-05,2.2551122085061874e-06,2.7565114077428273e-06,0.0015032048209190744,0.00040918380657942546,0.0011287510476415885,0.0003794440237381759
51,0.0003331370057130375,0.00011991202040459017,3.8615296482204403e-05,0.0005241817223307904,0.0003655207917935255,0.0006393420145981312,0.000503662691100898,3.6046925729124515e-05,0.9783224173115338,0.0002913610499904769,0.0006702290442300738,4.294283060868423e-08,2.6401018651354772e-06,0.00013967989214750653,0.012045144113307368,7.881887110469542e-05,0.000461915497281473,1.9398938302142609e-07,2.4882365074642866e-05,2.9547651454065324e-06,8.008230520241295e-06,0.0011434334559412103,0.0014939923629474446,0.0024927691122851496,0.0002610984262594433
52,0.0003949280796727409,6.296613779004704e-05,4.451234496584769e-05,0.000787557688883588,0.0002717682261217153,0.00043022122562815754,0.000286770343535944,2.7340219733733927e-05,0.9806508455734212,0.00039396136270724956,0.0007921701079625059,2.4016082094167804e-08,2.220277050259773e-06,0.00011852091845183725,0.007901749030603413,7.867907977978344e-05,0.00045476735779784205,2.1426982933439883e-07,1.26982169633989e-05,2.506202353679231e-06,4.853230116798808e-06,0.0007309793521216389,0.0009207226706907875,0.0054919471944195756,0.00013707687331640885
53,0.0004608790295316575,0.00018635139215504042,6.586137466610242e-05,0.0006368170142647257,0.00046397277651574704,0.0006932283431827316,0.0003043529298483505,3.308327704667348e-05,0.9801333098951632,0.00034343961073243355,0.0008767484728259382,6.103972986834807e-08,3.3532630393662117e-06,0.00015802978801536156,0.009453690155035197,6.874524399061593e-05,0.0005914999861919261,2.1282536445901488e-07,2.7227907760255885e-05,2.3989039341414e-06,9.908323487715106e-06,0.0011700798085184727,0.0010286620016726395,0.003095732524071551,0.00019235411325578856
54,0.00022246375661226573,0.00016987238343888224,1.1171960992113492e-05,0.00014786094745706193,0.0001946181076772219,0.000317236199100558,0.0004214786163032768,1.799286176738429e-05,0.9910995354548467,0.00021269715555927239,0.0002087359895832358,4.0621103693496466e-08,1.468652751292453e-06,8.127320166782024e-05,0.004271610816560032,4.760118290794003e-05,0.0003120800245479935,1.3644155357069355e-07,1.4791096660828064e-05,1.029521305009578e-06,2.997536654278466e-06,0.0008255794313764568,0.0004527049042417905,0.0006963548005140304,0.00026866833481728724
55,0.0003767654058521848,0.00019765107567330152,1.8881772725456082e-05,0.00031294032481166687,0.0003906559189691218,0.00026132662620381464,0.0003860212050909338,1.9297315098419662e-05,0.9913513240012413,0.00014338229275942557,0.0003867055908427083,9.141898555278775e-08,2.654765517447468e-06,9.548366968734091e-05,0.003310063069643541,4.9248341460442204e-05,0.00037076018428487846,3.3239550572598377e-07,1.2675180009557836e-05,1.19674553842819e-06,4.3525263360123905e-06,0.00047002172864108057,0.0005667841308808592,0.0009884987872007928,0.0002828855270401837
56,0.00030567261455107664,0.0001263718737781822,3.864297983915312e-05,0.000544803159004049,0.0003438704600401667,0.000535243381657099,0.0004079996314634375,3.3778227995755373e-05,0.9821460513222854,0.00025983437066330167,0.0006444122203342091,3.996822162946616e-08,2.875164962462003e-06,0.00011910824966972745,0.00948551086663836,6.74077111095303e-05,0.000449093416225366,1.611501847256061e-07,1.983277224182804e-05,2.1260789181009683e-06,6.406251776361359e-06,0.000928257452873449,0.0010230461408261072,0.0023284068591891333,0.00018104767555137468
57,8.690677840477134e-05,1.2872735704655739e-05,4.9330564066440626e-06,0.0006075425356524205,6.69442774484008e-05,0.00012381306681229605,0.0002036324649390757,4.282057383797238e-06,0.9900460278496976,0.00011321821630172725,0.0002487726286532853,1.047366343216033e-09,3.8349111521515253e-07,4.338428235706118e-05,0.0031745915990334843,2.708040756457104e-05,0.00011742523953669207,5.3217349105118345e-08,3.858359863677039e-07,2.985741918931356e-07,4.342781152625586e-07,5.565839105095171e-05,0.0005171523665083216,0.004468885311051551,7.532029136838343e-05
58,0.0002936173189225128,0.0001060460970850314,4.0584412961465496e-05,0.0005633051399667396,0.00031199186168196186,0.0005210358610345951,0.0003732226787146652,2.962586517139111e-05,0.9797863234526443,0.0002844309360851374,0.0006938350159896746,3.184565999549885e-08,2.3620096004323575e-06,0.00012009457833215969,0.01098042682399286,6.468643539861768e-05,0.0004245468156256948,1.4671770165770492e-07,1.7278809608850456e-05,2.1126098074014225e-06,6.15763886755036e-06,0.000973170334378331,0.001019363383360033,0.003211636240926748,0.00017396711648237263
59,0.00029251300168116996,0.00010463757797245769,4.4992865238245105e-05,0.0005958027065425726,0.00033994935075132575,0.0005152836343639226,0.0003628407742164113,2.879399092049964e-05,0.9782637955425039,0.00030214076875245867,0.0007263862144159247,3.040575237918842e-08,2.1885855224864717e-06,0.00012522522550451452,0.011979979435382183,6.408116732463533e-05,0.00040592166764384625,1.460453603680944e-07,1.6988871177299324e-05,2.170893515853429e-06,6.598667886433462e-06,0.000993493826883044,0.001029650045155712,0.003617803659680962,0.00017858507585152137
60,0.0003011990062263006,0.00011871604224464626,3.830246702740334e-05,0.000550069614587556,0.00034309627227315523,0.0005456549474270369,0.00041869452863543653,3.287892208381732e-05,0.9811200956480665,0.00027256949088584517,0.0006340576481944079,3.7206781352710445e-08,2.5410287023132112e-06,0.00012347637626725303,0.010246933113225902,6.763738239847027e-05,0.0004401691305944922,1.6004705244928124e-07,1.9289142755178448e-05,2.197099517439519e-06,6.812891606821059e-06,0.0009805877317605588,0.0010971280371636517,0.0024435812552839158,0.0001941149692383223
61,0.00031919415153325206,0.00010988627183512231,5.0332761904509635e-05,0.0006565240656140688,0.00035680682076513005,0.0005630487909998234,0.0003788351773111235,3.264001057608597e-05,0.9779323900145187,0.00031131244123219824,0.0007441056433630844,3.324555306654338e-08,2.430327939768974e-06,0.0001312222841310031,0.012001022904420159,6.704770673605088e-05,0.00044677626897002135,1.6106554684038005e-07,1.8447428327764016e-05,2.3531818776803754e-06,7.1972573126855705e-06,0.0010346307784888599,0.0010822593018167026,0.0035705432251439723,0.00018079887408229076
62,0.0003011990062263006,0.00011871604224464626,3.830246702740334e-05,0.000550069614587556,0.00034309627227315523,0.0005456549474270369,0.00041869452863543653,3.287892208381732e-05,0.9811200956480665,0.00027256949088584517,0.0006340576481944079,3.7206781352710445e-08,2.5410287023132112e-06,0.00012347637626725303,0.010246933113225902,6.763738239847027e-05,0.0004401691305944922,1.6004705244928124e-07,1.9289142755178448e-05,2.197099517439519e-06,6.812891606821059e-06,0.0009805877317605588,0.0010971280371636517,0.0024435812552839158,0.0001941149692383223
63,0.0002956566364163645,0.00012598168523916548,3.697715811615727e-05,0.000511834789876573,0.0003380679242146119,0.0005328321553613586,0.00040766952211257127,3.136776343607825e-05,0.9818130371306567,0.0002619332673505933,0.0006163485679334393,3.736093429935579e-08,2.512687882448219e-06,0.00011911255821900679,0.009916288716586398,6.392526036362277e-05,0.0004286622106447334,1.5267800947595712e-07,1.8911438121190822e-05,2.0342863414826343e-06,6.513821571395098e-06,0.0009594525539029145,0.0010183659534195285,0.0023021566398403015,0.00019016723344982147
64,0.00034406737136011934,0.00015348127914334702,5.319119474305326e-05,0.0007186659431374968,0.0004683835799651674,0.0006879607297705964,0.0005060299804136117,3.98845277818283e-05,0.9753913156402538,0.00033107882893410604,0.0008594468520555566,5.031088175926744e-08,3.03686650604627e-06,0.00015085730944866126,0.014051169848494933,7.688486085546099e-05,0.00047962799553594095,1.88214073421394e-07,2.5038471559793797e-05,2.706238883352206e-06,1.2193958365290237e-05,0.0012143885012191721,0.0013696483029785322,0.0028375401172172658,0.00022316307642167996
65,0.0002621112197116051,0.00018807571279177363,0.0001214880783346603,0.001349943917610328,0.0005925281831706584,0.0018413052003851645,0.0008111914300043658,6.0365002115025496e-05,0.9330187477631733,0.00035004249239826334,0.0014591944431378296,3.971531163600915e-08,4.1009567897719935e-06,0.00020575938571696802,0.050175495100224794,0.0001030298773208509,0.0006415030622476031,1.1263849881601981e-07,3.325076830207332e-05,3.3443454112379108e-06,1.7827092008683604e-05,0.0017008084790786076,0.002152270536437678,0.004722767507423433,0.00018469709239483925
66,0.0005697710127413946,0.0001581001273414222,0.0001178031451377416,0.00149807952883768,0.0011065565245278433,0.0004052950738211447,0.0002969365951272508,3.179983305034638e-05,0.9755728486745469,0.0007338725440366197,0.0015048193569468303,6.593728348853344e-08,3.568011212838615e-06,0.00025851894320367554,0.009333993160468053,8.944199891289466e-05,0.0004891222760046323,3.536222283590332e-07,2.2602308058368397e-05,2.6582316405622713e-06,1.694652737061476e-05,0.0012401837226043053,0.0007696817047830577,0.00558217403664554,0.00019480710346842832
67,0.00031031010516503575,0.00013323384976257963,4.687355072094415e-05,0.0007006708594521329,0.0003410998278706661,0.0011064183025640464,0.000540340830788143,3.513056296987651e-05,0.9715247591901239,0.0003464180514081084,0.0008785668158006399,5.336828442083802e-08,3.1749241494408198e-06,0.00020866514344897034,0.01557688782916664,9.013169386681613e-05,0.0006814047013211206,2.2632670236439822e-07,2.29643526901098e-05,4.050519957758446e-06,1.098633151785718e-05,0.0013907343154082761,0.0021037109348490796,0.0036581966324990794,0.00028499097951190376
68,0.00046096082893527394,0.00011713223490769649,5.061415818381697e-05,0.0012831629168086416,0.0003641231947271017,0.0007584681538370051,0.000775207849186181,7.1337339890384e-05,0.9821082227464937,0.0002631630531752603,0.0007719936890875219,9.956169755195462e-08,7.831988445678138e-06,0.00017583242511404648,0.0063743033531425825,0.0001224095578852775,0.0008873528563097922,6.096423466892029e-07,2.0567521688955915e-05,4.650517776180983e-06,1.1857791548953138e-05,0.0007555394194256529,0.002123357984647186,0.0022322064128741594,0.0002589948018646187
69,0.0009226946359580614,0.00038013249768316593,0.00019246277037030836,0.0013845040342522815,0.0005074402380633064,0.008489382103931103,0.0014886079947365439,0.0001624716456651409,0.8986437791173186,0.0009842931833416561,0.004033985155674673,4.229171359177688e-07,2.0988510499929906e-05,0.0006524734769940012,0.05199588945088412,0.0002966957393639768,0.003041869986112489,7.225959130910018e-07,0.00028551634931034864,3.4125242094464555e-05,0.00010662755088088455,0.008104933848189394,0.01042229711855157,0.007383642996656092,0.0004640408404191366
70,6.0709059076007626e-05,2.771087561893324e-05,1.5726433952073956e-05,0.0007818097372557608,0.0001932501361869788,0.000539591280896223,0.00018770797998556013,1.6704309591606503e-05,0.9920942504826606,0.00012732715130988538,0.00018954333593289137,1.3176485058791969e-08,1.6888341087823115e-06,9.44899176889814e-05,0.0025001490305075636,8.038240640404382e-05,0.0004093481471975225,9.134348297273102e-08,2.745145263721997e-06,1.923976480950956e-06,1.3540163371076138e-06,0.00019884976237737623,0.000900561800846735,0.0015113764486874666,6.269521166520547e-05
71,0.0002443795335015024,7.719537687888381e-05,1.1017967226196767e-05,0.00029929199957868033,0.00028203444855814507,0.00016850220920955008,0.0002979041319267858,2.130124905616141e-05,0.9910576261413961,0.00016629117257515073,0.0003905368671660679,3.0924612782218035e-08,1.8122868580396411e-06,7.622567075977752e-05,0.0038540394436616782,5.607479267195895e-05,0.0002554466147975224,1.52104903956009e-07,1.0495220801266755e-05,1.2779793232940629e-06,3.2204315790844924e-06,0.0005097919539087207,0.0008170112413547403,0.001217987622617291,0.00018035261507689824
