,0,1,2,3,4,5,6,7,8,9,10,11,12,13,14,15,16,17,18,19,20,21,22,23,24
0,0.0034041221199661888,0.009508065904570621,0.00016317731264823044,5.731439705191773e-06,0.0007700930963324508,0.00010208772516398306,0.00022530962074597001,5.459634132971333e-07,0.9541366040416741,1.4009800721515358e-07,0.00012070143246110775,0.0001145910640146984,2.0984964256325582e-06,6.011182117120663e-07,5.227158141683935e-06,5.285484875432026e-06,1.5968955539344427e-05,5.42257943340493e-05,0.02825885598624266,1.5649698541547713e-07,0.0006815108553372475,4.523190855981349e-05,1.988282225427219e-06,0.002365823926062116,1.1855718356596302e-05
1,0.01663931927008187,0.042578511312177186,0.0010816870057806151,5.153375365611424e-05,0.0005741352189530252,0.00010019920447059696,0.0016355267663477543,9.283722233205541e-07,0.9118921435090636,1.914099906293726e-06,0.00012188455888139831,0.0006486838544621339,1.7534514577932351e-06,3.1860447837530627e-06,3.117523993971974e-06,3.3917203658711104e-06,1.0315114702681327e-05,0.0002546071477946034,0.018739598298297112,1.9255196093027376e-07,0.00139422597156759,6.365101881430796e-05,1.207519539799156e-05,0.00410727252691226,8.014650794740025e-05
2,0.02225508183727573,0.06526834712834015,0.0008989193966853372,6.474877878071834e-05,0.0017852049868486478,0.00010170984778305042,0.002773663842117972,1.0833264689361158e-06,0.8864041756190357,2.0821964185806225e-06,0.00022874428598224056,0.0008814297984371597,2.417301889762399e-06,9.068313699044268e-06,5.752817794265135e-06,3.0336116846801235e-06,2.308639660658904e-05,0.0003556286006133081,0.013685246511997647,3.747318323478877e-07,0.0014675810784959631,8.520705869983529e-05,2.7000403195109118e-05,0.0034486909480094495,0.00022172118130793774
3,0.020447578952675963,0.06272086719260417,0.0011366594458418048,0.00010772860797331425,0.0010476126832450485,0.00013128727483040277,0.0024860396971849922,1.2707542388319469e-06,0.883854151222329,2.4474292826542467e-06,0.000284712559386705,0.0010513011598131754,2.367891971113812e-06,9.254221574924715e-06,3.6642800581115895e-06,3.072596247141607e-06,2.5627943880958307e-05,0.000423073268342659,0.018190937168701394,3.067013050723238e-07,0.0021571507350514755,0.0001135890194307946,3.404846970930074e-05,0.005605038231541092,0.00016021249278001085
4,0.02049345483962581,0.06006289768355599,0.0010580720213241319,0.00010462311122069082,0.0009960944363776507,0.00012126170979207173,0.0023527703855950794,1.1412794743575788e-06,0.8863227618117272,2.1835348438831e-06,0.0002739788890396838,0.001237501916877706,3.01918561835602e-06,9.516289581045532e-06,3.45635575426519e-06,2.8425322452055637e-06,2.7803425966580698e-05,0.00041262178568539354,0.01827135185191816,3.0781014619944095e-07,0.0022079464012103784,0.00011927808400134285,3.316283574583611e-05,0.00571712996278138,0.00016482185989127518
5,0.02424481658277552,0.06384832047382619,0.0011476321085917617,0.00016719711318228132,0.0008359494486825428,0.00013138903090739138,0.0023789289661847995,1.2008858051012034e-06,0.8793655592093134,2.996964726857352e-06,0.0002850729777741698,0.0013616239919153768,2.775273212475738e-06,1.2094990747989759e-05,3.0539532779942305e-06,2.894578195434064e-06,3.189318947652178e-05,0.0007012434078615548,0.015745988808171425,3.428219109868452e-07,0.0025784127897903308,0.0001435916051723438,3.9387877612110155e-05,0.006770359209995665,0.00019727374088984205
6,0.020447578952675963,0.06272086719260417,0.0011366594458418048,0.00010772860797331425,0.0010476126832450485,0.00013128727483040277,0.0024860396971849922,1.2707542388319469e-06,0.883854151222329,2.4474292826542467e-06,0.000284712559386705,0.0010513011598131754,2.367891971113812e-06,9.254221574924715e-06,3.6642800581115895e-06,3.072596247141607e-06,2.5627943880958307e-05,0.000423073268342659,0.018190937168701394,3.067013050723238e-07,0.0021571507350514755,0.0001135890194307946,3.404846970930074e-05,0.005605038231541092,0.00016021249278001085
7,0.08037252720773144,0.06744071064413827,0.004430740072891862,6.75125906434017e-05,0.0010910258622439095,0.0001750322801495772,0.0035729423213678854,1.4558073759100004e-06,0.7895725734640854,3.514511621482321e-06,0.0002791308542456244,0.0009383013513203602,3.6556469984234464e-06,5.049302669729663e-06,1.7734774743113812e-06,2.0705306089195224e-06,1.552065208318646e-05,0.0004379684650312679,0.037260028254814524,2.643023193197494e-07,0.001192556013129452,3.9342959040914816e-05,3.552101345493664e-05,0.012922109231775959,0.00013867318278401112
8,0.042381380259805305,0.14467312608250713,0.0035026798450702172,0.0002667844571367487,0.0014276506645624601,0.00018342131120218172,0.005375178721444839,1.932957282489718e-06,0.7648762542689287,6.327208569622622e-06,0.0004000784602262676,0.0017513524240664292,2.768779299842024e-06,1.8258250512679157e-05,2.3279660436850846e-06,2.6630109717680783e-06,1.9319562815262656e-05,0.0003767086451389244,0.020971797471276147,5.136393665546067e-07,0.001995520500184225,6.395570374838289e-05,0.0001276709849468559,0.011322590086333583,0.0002497387385599263
9,0.018550128287798333,0.0949240845201013,0.002364037872122592,0.0002697182762669308,0.0006420236660050346,0.00013218424221670883,0.0035054058582341756,1.1581772479850692e-06,0.8522860263496536,5.125345115441084e-06,0.00020310653829591578,0.001765719766153918,2.399465193893871e-06,1.0185099487710525e-05,2.351738716588911e-06,2.829619883303994e-06,1.483208510648421e-05,0.0003410589313650365,0.0134194109089653,3.988056534624175e-07,0.0033117966298319233,8.404865007977299e-05,6.493221694391994e-05,0.00791107269441122,0.00018596425514942852
10,0.020447578952675963,0.06272086719260417,0.0011366594458418048,0.00010772860797331425,0.0010476126832450485,0.00013128727483040277,0.0024860396971849922,1.2707542388319469e-06,0.883854151222329,2.4474292826542467e-06,0.000284712559386705,0.0010513011598131754,2.367891971113812e-06,9.254221574924715e-06,3.6642800581115895e-06,3.072596247141607e-06,2.5627943880958307e-05,0.000423073268342659,0.018190937168701394,3.067013050723238e-07,0.0021571507350514755,0.0001135890194307946,3.404846970930074e-05,0.005605038231541092,0.00016021249278001085
11,0.02058638878072755,0.060933486961952124,0.001127956264191411,0.0001061590611076799,0.0010506676485148077,0.00012704177678752291,0.0024456897151467296,1.2278191727082248e-06,0.8846581298771178,2.3596416532968415e-06,0.00027963316428615017,0.0011390664507325817,2.8670456450159146e-06,8.976154860939383e-06,3.4816967186404554e-06,3.085146780894287e-06,2.6504797929777396e-05,0.0004055062864546746,0.018620996603997624,3.278708006760347e-07,0.0021539039271793133,0.00011121533562134242,3.427805453239421e-05,0.006015027240853946,0.0001560226772345626
12,0.04582120027907605,0.15544750911760677,0.0005283559779093728,0.0001712064185509483,0.004057709281931269,0.0002944758863085538,0.0018055652078771145,4.797499783854064e-07,0.7728730001736773,5.762340501298802e-06,0.00019960294547738817,0.0006337528084112034,4.5593500583730695e-06,8.691963063085931e-05,2.55916838876203e-06,1.7504986767494705e-06,0.00028491610363401816,0.0020787367525491956,0.007679217161262195,9.599315433504926e-07,0.0037889276941479567,0.0001441780226878301,8.680073730847263e-05,0.00276015807129023,0.001241696690516249
13,0.014946311558739175,0.06167995007592956,0.0012704004335612896,0.0002072242427548462,0.0012953205157376741,0.00014064824054261566,0.0037522838965159994,2.6160878409082503e-06,0.8806995317113089,1.952212522866458e-06,0.0010057096886500704,0.0024937787535360806,3.1219989563511692e-06,2.2613003920976904e-05,5.025172699031637e-06,3.5694435690303746e-06,3.462898085284544e-05,0.00042081535989047983,0.020238077700643314,3.6586119470753717e-07,0.0029635417732855646,0.00022195263958251112,7.943787139561396e-05,0.008335821868643201,0.00017530090772659344
14,0.020627637826710676,0.06561312811785533,0.0011103162664272215,0.00010818195509254696,0.0010792456797937575,0.00013176746029043435,0.0025270892899207755,1.281128667313672e-06,0.8803521970236187,2.527891943856335e-06,0.00029010289695382505,0.0010428336909345777,2.319023033304617e-06,9.549321460524638e-06,3.683222749125026e-06,3.0867471422341734e-06,2.5634581745486624e-05,0.0004247398287862268,0.0185714896838308,3.109409337120625e-07,0.002130567680989115,0.0001139589636848998,3.4663622943301086e-05,0.0056330149353737285,0.0001606722191186318
15,0.020447578952675963,0.06272086719260417,0.0011366594458418048,0.00010772860797331425,0.0010476126832450485,0.00013128727483040277,0.0024860396971849922,1.2707542388319469e-06,0.883854151222329,2.4474292826542467e-06,0.000284712559386705,0.0010513011598131754,2.367891971113812e-06,9.254221574924715e-06,3.6642800581115895e-06,3.072596247141607e-06,2.5627943880958307e-05,0.000423073268342659,0.018190937168701394,3.067013050723238e-07,0.0021571507350514755,0.0001135890194307946,3.404846970930074e-05,0.005605038231541092,0.00016021249278001085
16,0.014534170469974749,0.0709440167513126,0.0008520344683268917,0.00013268195981869338,0.0007954946408970179,9.618976055164183e-05,0.003434633248100042,1.6063038622820963e-06,0.8759208007534257,4.386820578579111e-06,0.0002194753052475272,0.0020980852522388556,2.6494830438935755e-06,1.225819583651903e-05,5.231284851082018e-06,4.356970941647782e-06,2.8820698561709297e-05,0.0005336163484024821,0.020458578532216866,3.66136596357135e-07,0.004917800940820677,0.00025992902728383166,3.5809867380232074e-05,0.004494089357770791,0.00021291742195923548
17,0.02027725995421654,0.06901759099673595,0.001082794781895811,0.00014169817474846865,0.0012911796215444708,0.0001338245346487095,0.002894690566213144,1.5212524198832178e-06,0.8753541010946548,2.7834363689684133e-06,0.00036610302199355786,0.0014270778278569131,3.1592439617841783e-06,1.409894245065094e-05,3.987167625519113e-06,3.3689179182086992e-06,3.944129883443631e-05,0.0005026997779698098,0.018151339870746422,4.157479234340128e-07,0.0027447938011738032,0.00016095801950084435,5.130129572654416e-05,0.006126487779607503,0.0002073228732637925
18,0.023185058901662853,0.06455727305907036,0.0010908883829550016,0.000114621397847998,0.0012281847903972856,0.00013494680575974814,0.002702303114392862,1.17904367047887e-06,0.8803136666056511,2.839325233635862e-06,0.00027369187804020826,0.0011823050107323953,2.9537511713881406e-06,1.1922334061365344e-05,3.853699404157278e-06,3.0084340511874664e-06,3.674237934495635e-05,0.0005699813526211015,0.016335028438653483,3.647396922672475e-07,0.002620752295665105,0.00013474457102408236,3.8691715676588616e-05,0.005222951709987283,0.00023204626323312325
19,0.03912754404327712,0.07330771048391461,0.0009989960294030293,8.225656207644601e-05,0.002011742155297956,0.00034750381311251995,0.001194601527547914,1.035245671473785e-06,0.8454426530650864,2.5827894620970553e-06,0.00043487760044421157,0.00034569149186821496,2.2349566922007246e-06,1.3262049231427421e-05,2.9792669432611327e-06,2.702937248502986e-06,5.280530573771535e-05,0.0007480961122429907,0.025285032912615205,4.5876806483034004e-07,0.0015616665548176215,7.340183965930405e-05,4.6643841185952796e-05,0.008737304620737896,0.00017621602766105775
20,0.011556254598656942,0.04511223842111818,0.0010946192629642053,0.00012902318687915218,0.0006838925766458471,0.00010172196994449312,0.00296552940669498,2.758892826512615e-06,0.9083613133533313,2.202127220176327e-06,0.00038923338745722267,0.0016392646410625055,1.9405255423430056e-06,8.727812745749094e-06,8.936212784477152e-06,4.936981126363226e-06,2.2490801947931655e-05,0.0004134092565024402,0.02006956279896893,2.659786497727674e-07,0.0027196599616283222,0.0002826512990172237,2.7935755244961882e-05,0.00426298255433493,0.00013844823670512273
21,0.015428608381634087,0.06011513670412442,0.0007954111886508759,0.0001055739331437832,0.0005143095075372029,8.18397432552569e-05,0.001987361162217524,1.3304460666762286e-06,0.8985302397052944,2.4465401693643674e-06,0.00016522453842835673,0.0013292234267370908,1.747143144691117e-06,9.756035483003122e-06,2.7895914483180734e-06,4.098364469885927e-06,1.0451699459120156e-05,0.00037026550676258713,0.014766472376874104,2.3170350282694425e-07,0.0017199601482901798,9.801591452815957e-05,1.5174576650657831e-05,0.0038500365872078616,9.429507491947272e-05
22,0.03671689883212935,0.04669842742153342,0.0012595890368492055,0.00010181408083098071,0.0011275691719204535,0.0001858717943574508,0.0016048023826214473,1.2900582317751314e-06,0.8830173794282037,2.57435126300993e-06,0.00034252077275322975,0.0006753795291505287,2.6874285766020903e-06,9.645336015512068e-06,3.7612406609630817e-06,3.2540934105313026e-06,5.7440683230402815e-05,0.001150519846286473,0.017880400705239326,3.582404545071409e-07,0.002259583939112801,0.00015862542396799707,2.9062568285379594e-05,0.0065067959165093095,0.00020374771840558957
23,0.020447578952675963,0.06272086719260417,0.0011366594458418048,0.00010772860797331425,0.0010476126832450485,0.00013128727483040277,0.0024860396971849922,1.2707542388319469e-06,0.883854151222329,2.4474292826542467e-06,0.000284712559386705,0.0010513011598131754,2.367891971113812e-06,9.254221574924715e-06,3.6642800581115895e-06,3.072596247141607e-06,2.5627943880958307e-05,0.000423073268342659,0.018190937168701394,3.067013050723238e-07,0.0021571507350514755,0.0001135890194307946,3.404846970930074e-05,0.005605038231541092,0.00016021249278001085
24,0.025655908213607515,0.1067298858961502,0.0009443245403358313,0.0001717807063137839,0.0010733065234248109,0.00014020371297936035,0.0023449890073137967,1.4457707377559863e-06,0.8320215747237273,3.7651647470562384e-06,0.00029928439201266894,0.0012365336404772736,2.5310334286184464e-06,1.9097706308566545e-05,2.7709433439146984e-06,3.1746396167339886e-06,3.355458183569464e-05,0.00058111640507351,0.019907350251175175,4.360631101835605e-07,0.00213008459386084,0.00013328012057904447,4.697364361011904e-05,0.006336969928218856,0.00017965779801122942
25,0.01619210251405791,0.08584129266747445,0.0013800787275117512,0.00035051841080553273,0.0015464341491597088,0.00019056859819015768,0.005225763622744028,8.10282018546791e-06,0.8405193510495079,3.3715242801186924e-06,0.0019107900371099385,0.0022563979393106716,1.995149787917687e-06,4.312346904635893e-05,5.204704142812015e-06,6.237211468178007e-06,3.463153345609614e-05,0.0005652458952508493,0.03026240651344977,4.46691787981977e-07,0.0028147722892080305,0.00029132331900943905,0.00010465988087437723,0.010326499304886244,0.0001186819772943457
26,0.002191479301910353,0.12364803431626906,0.0004810439445538397,0.00027422406480603613,0.0009146435971052441,5.1348238391369515e-05,0.024963297282387054,1.4152820033057168e-05,0.821288525585941,6.1477113429750386e-06,0.0004013716867672222,0.007467485841859907,5.454113547090423e-07,9.732935223398954e-05,8.30166119216807e-05,1.3731952196681171e-05,1.0552949207790475e-05,0.00023958853978649675,0.0107236431521146,1.9253822480129785e-07,0.005302234287674749,0.0010111213231413264,2.217372828109546e-05,0.000267422513688772,0.0005266932488060108
27,0.027711461366961555,0.07830485128953589,0.0014586834755308548,0.0001103015093731661,0.001387302613441038,0.00014728963174972232,0.00303740559958214,1.0923168242295613e-06,0.8597422036321124,3.054995141597529e-06,0.00025531957533815673,0.0010395109690889436,2.818373955021049e-06,1.0111210703984791e-05,2.7061280610434094e-06,2.7323632930555997e-06,2.499397587574159e-05,0.00040693742543556564,0.017637631882265893,3.6227670126878985e-07,0.002115519565594613,6.9938742347865e-05,4.2179801663682605e-05,0.006290867788491147,0.00019472349093130166
28,0.020447578952675963,0.06272086719260417,0.0011366594458418048,0.00010772860797331425,0.0010476126832450485,0.00013128727483040277,0.0024860396971849922,1.2707542388319469e-06,0.883854151222329,2.4474292826542467e-06,0.000284712559386705,0.0010513011598131754,2.367891971113812e-06,9.254221574924715e-06,3.6642800581115895e-06,3.072596247141607e-06,2.5627943880958307e-05,0.000423073268342659,0.018190937168701394,3.067013050723238e-07,0.0021571507350514755,0.0001135890194307946,3.404846970930074e-05,0.005605038231541092,0.00016021249278001085
29,0.020447578952675963,0.06272086719260417,0.0011366594458418048,0.00010772860797331425,0.0010476126832450485,0.00013128727483040277,0.0024860396971849922,1.2707542388319469e-06,0.883854151222329,2.4474292826542467e-06,0.000284712559386705,0.0010513011598131754,2.367891971113812e-06,9.254221574924715e-06,3.6642800581115895e-06,3.072596247141607e-06,2.5627943880958307e-05,0.000423073268342659,0.018190937168701394,3.067013050723238e-07,0.0021571507350514755,0.0001135890194307946,3.404846970930074e-05,0.005605038231541092,0.00016021249278001085
30,0.020447578952675963,0.06272086719260417,0.0011366594458418048,0.00010772860797331425,0.0010476126832450485,0.00013128727483040277,0.0024860396971849922,1.2707542388319469e-06,0.883854151222329,2.4474292826542467e-06,0.000284712559386705,0.0010513011598131754,2.367891971113812e-06,9.254221574924715e-06,3.6642800581115895e-06,3.072596247141607e-06,2.5627943880958307e-05,0.000423073268342659,0.018190937168701394,3.067013050723238e-07,0.0021571507350514755,0.0001135890194307946,3.404846970930074e-05,0.005605038231541092,0.00016021249278001085
31,0.055998880520155024,0.09599174175849133,0.0029193349585664636,0.00014381267608736103,0.0011321069260066849,0.0001695839055846991,0.004087419227774933,2.922298533894641e-06,0.7962984138528535,5.824587457249687e-06,0.0003138623686506903,0.001101329730207158,2.544146017859906e-06,1.134197479595051e-05,2.9532041677729734e-06,3.1656247611273782e-06,2.5235070201478018e-05,0.0006995053973429704,0.030869292981101366,3.796851386731554e-07,0.0019447899130462345,9.223954983696881e-05,4.7239642923573896e-05,0.007948078052332191,0.00018800194796495293
32,0.02126578485080072,0.063107240422745,0.001092953124781118,9.339340719061511e-05,0.0009673156659572124,0.00013193209188718064,0.002289215601192867,1.2472688324150647e-06,0.879052069600492,2.3747285116478926e-06,0.0002754262501316131,0.0010004310779750671,2.348847478848519e-06,8.170083434718539e-06,3.589646625083722e-06,2.9951872776542237e-06,2.414359743694605e-05,0.0004005189327817096,0.022006103942306943,2.826492380366756e-07,0.0020451379006411145,0.00011276952839260687,3.079323854228924e-05,0.005942974264374057,0.00014078809097243494
33,0.019781812791921597,0.07974463046424865,0.0010233616449907194,0.00020399510455718013,0.0014535549324338959,0.00022542024260263437,0.002683335360217532,2.62326665944084e-06,0.846509351454449,4.174960922996915e-06,0.000618406297139718,0.0013663397364554622,4.120864075206254e-06,2.2878869805181684e-05,3.6673159351482074e-06,5.3768663344572345e-06,6.920796386440827e-05,0.0006540055700869809,0.031369716011197646,6.239416342845604e-07,0.0033529801433280024,0.0002544133456363176,8.219592409194608e-05,0.010400074772690046,0.0001637321547213665
34,0.006391774933248288,0.20970684768215486,0.002831437939614248,0.019906432696566608,0.011662014632396097,0.0009720409889357341,0.04724500334017566,1.7448289287184824e-05,0.5587165239292171,0.0002960683063043567,0.0031281235115224637,0.008797963941831435,1.0161823316889126e-05,0.0014233424432088895,2.5480455516808704e-05,6.53395492891875e-05,0.0013452793522448522,0.00590598779970477,0.0036700778641076868,3.2731621718096034e-05,0.08223990758009177,0.0032803645211179414,0.01076560058880742,0.013213555311610803,0.008350490898011063
35,0.04998601299815745,0.030342146710949466,0.0012015999524088825,6.0826491787977885e-05,0.0003110022231491876,4.875421886432777e-05,0.0017149859030051332,9.733674975491893e-07,0.897573854466655,1.7185379029293717e-06,7.747029530847828e-05,0.0008177634645411805,1.4342734247927057e-06,2.8035996683934856e-06,1.2836701452039576e-06,1.5729746794905422e-06,1.089838646403389e-05,0.0010670263551766648,0.011889888018142522,8.953633423921068e-08,0.0012496258683141349,7.089529323794448e-05,5.46843509676354e-06,0.0034689593376057695,9.294562148232032e-05
36,0.018717386791365833,0.04715029639400539,0.0008949609283061759,8.851755228959902e-05,0.0006544954327989859,5.9032552198070106e-05,0.003102622939880287,2.98056933960278e-06,0.894937859708383,1.5547483808673262e-06,0.00027161652247831346,0.0028309745925447225,3.6829511948498806e-06,9.753229663915376e-06,5.704079468009252e-06,4.642055369342266e-06,2.46100793328791e-05,0.00037163065046072154,0.025334417635080785,2.398739318186854e-07,0.0018048086527834481,0.00024097796987130227,1.5942631359545744e-05,0.0033378122157017654,0.0001334792438107878
37,0.055051342374626666,0.0757601628804579,0.002122660774328139,0.00013889909607977388,0.0008655287355693852,0.00011841620542978359,0.00298022904826182,1.0053749239301795e-06,0.8234342550749005,4.243111630837728e-06,0.0002516412057734986,0.0011782653139967717,2.848598534926667e-06,6.752101061136503e-06,1.5979953695808397e-06,2.0048399058895875e-06,2.4093176919627394e-05,0.0007985984457638309,0.021537259323085436,3.264985532312917e-07,0.0020433094245591245,8.873198228345304e-05,4.755337161765928e-05,0.013369274811795328,0.00017100023457181172
38,0.0311662002319909,0.04958224560519933,0.001487631720133466,2.9198280969004848e-05,0.0010063176083208484,0.0001447597043795236,0.00242549724794048,6.635507294198293e-07,0.8880421456813687,1.891178842056384e-06,0.00012991634778959586,0.00043177123164226067,1.380542778839857e-06,3.126095981882402e-06,3.530486199661542e-06,2.3779702139259245e-06,6.633286075336028e-06,0.0002260388618193478,0.020387998048917843,1.197317471524259e-07,0.0008157460924221894,2.9394481999462983e-05,1.0785740223824445e-05,0.003952758671933857,0.00011187160038101525
39,0.016289217799976028,0.022693178383952777,0.0021522563789191937,9.155326096569722e-05,0.0007649743893730876,0.0002989306312887107,0.001972006070388629,2.2325858538775455e-06,0.9131749558611734,2.70193059755203e-06,0.00024330869586591434,0.0007785965510909154,4.934835281478395e-06,4.2164499843698925e-06,4.670741520570519e-06,5.744518727593481e-06,4.8464412577572565e-05,0.0005306006199311957,0.02846387268204383,3.4138215502832445e-07,0.005136226144043046,0.00014164748159706746,2.64869803914361e-05,0.00704103393030704,0.00012784728199429252
40,0.01891581371531486,0.057012982047376135,0.0012503607079254035,6.78728995767683e-05,0.000908915909969712,9.795062676843622e-05,0.002691327480175106,9.420205948682483e-07,0.8969198672276588,1.6587786817167508e-06,0.0002078900080086318,0.0011693651820669727,2.10982858159272e-06,7.239503550234176e-06,4.311442432827912e-06,2.140140152304339e-06,1.5098472870257022e-05,0.0002678525020040404,0.015026537395246288,1.9413023058502564e-07,0.001625340615152202,8.39379758231184e-05,2.280160969119716e-05,0.0035238929148058186,0.00017359686534210064
41,0.015252359165800389,0.023410242726802432,0.0007116375642880746,1.9190597152880967e-05,0.00131383317467848,5.6413621874990444e-05,0.0013058422650775445,3.755097340297474e-07,0.9503336046488816,3.949826876376061e-07,8.868547337928017e-05,0.00028722450762942,1.3558178865885038e-06,1.5032464965539515e-06,3.527597129247825e-06,2.2567889610406023e-06,5.375213840046965e-06,0.00011251059535834673,0.0049597217655107505,1.1835015662956136e-07,0.00037222815640683063,1.5609744326480055e-05,4.596661519928798e-06,0.001668785842895829,7.260598152500019e-05
42,0.009744458529136702,0.033842545427760544,0.0011142378921771283,0.00011840793384053945,0.000357533636754157,0.00013509627637777122,0.0018380180546071722,3.5271234352013864e-06,0.8896103066139097,2.832615643368056e-06,0.0002963835183426058,0.0016340611316537574,3.144671017262581e-06,4.5946244407095525e-06,6.6956097727086915e-06,8.290150442024142e-06,2.831103532470157e-05,0.0003837706906156977,0.04878907069380722,3.1192562298827565e-07,0.004118023143472454,0.0003796021367700866,2.395185714359279e-05,0.007484977028234447,7.184767969760123e-05
43,0.021234645195340303,0.06133414114738382,0.001117718527234322,0.00010197994773363767,0.001054470411530094,0.00011523990371103127,0.002470479522512454,1.16642836812772e-06,0.8869527318404761,1.9252211331337005e-06,0.0002924489835051574,0.0010954909805097764,2.2667765296040873e-06,8.883750374469538e-06,3.5298959707387473e-06,2.7104281453848247e-06,2.2685035303851406e-05,0.0003790368690371611,0.01646523930040526,2.687508444419201e-07,0.001790384144413721,9.928202980875781e-05,3.104819297062039e-05,0.005265532879073436,0.00015669383768462732
44,0.020447578952675963,0.06272086719260417,0.0011366594458418048,0.00010772860797331425,0.0010476126832450485,0.00013128727483040277,0.0024860396971849922,1.2707542388319469e-06,0.883854151222329,2.4474292826542467e-06,0.000284712559386705,0.0010513011598131754,2.367891971113812e-06,9.254221574924715e-06,3.6642800581115895e-06,3.072596247141607e-06,2.5627943880958307e-05,0.000423073268342659,0.018190937168701394,3.067013050723238e-07,0.0021571507350514755,0.0001135890194307946,3.404846970930074e-05,0.005605038231541092,0.00016021249278001085
45,0.01637942548099027,0.04165627554968801,0.001277997416707343,9.004319350828185e-05,0.0008846291475879973,0.00012546541422893352,0.00264123473896381,2.0106801376573924e-06,0.9090075082374374,1.8110627627785064e-06,0.0003385043035936406,0.0009630524671145838,1.9722242374408947e-06,6.07491859721021e-06,5.938612191012352e-06,4.492822482494822e-06,1.718519844161342e-05,0.000343548361561928,0.019500494593574228,2.377368491157962e-07,0.0015825995288471749,0.00011754369462701072,2.1157469788467653e-05,0.004919119004622552,0.00011167814145921394
46,0.0206867016637524,0.0573822019259372,0.0013555027075723282,0.0003316274625796662,0.0012943058731932802,0.00037492791466959164,0.0017010307702432026,2.5042230890910847e-06,0.8518289302723024,3.8379547947028794e-06,0.0007851287954992697,0.001631638826057867,1.0056452773400947e-05,2.1719547110226352e-05,4.7705595722318854e-06,6.116353158043799e-06,0.00029501611731691166,0.0010353257728215805,0.03678402999622469,1.1095950219297487e-06,0.007190696147512278,0.0005663291606092615,0.0001398029278342097,0.016301682138363856,0.0002650068419904305
47,0.024685745408017698,0.0378615901354934,0.0008562447474337945,5.007963676377754e-05,0.0005849041942357527,5.5699435953410765e-05,0.0018411217080953968,6.136074066407304e-07,0.9092564333810117,1.6108117979127638e-06,8.583593656635562e-05,0.001546408289128527,4.4082188618270075e-06,3.4346408618779713e-06,3.141198482904047e-06,2.908415392634415e-06,2.5198203436199156e-05,0.00039401420155152133,0.016337693972120055,2.3260814406776177e-07,0.0022795770936445375,0.00012723679710334874,1.2147285906798432e-05,0.003812497413682216,0.00017122265890749105
48,0.026768666743170806,0.16095280776600254,0.000940940454775946,0.00010590923505370888,0.0009907685327980274,0.000260255868106715,0.002051017400411818,1.877873035077565e-06,0.6833379832892459,5.611667473803698e-06,0.00044461795345463877,0.0007844124731912495,2.485396342257402e-06,1.3198150115451599e-05,2.0870652417261583e-06,2.8163429943429106e-06,4.3939642458672004e-05,0.0003626507347684943,0.10631727189390588,3.670891585683965e-07,0.002240513461850767,0.00016269072918857273,6.948426935084104e-05,0.014048517166487891,8.910880141647055e-05
49,0.018971009759991362,0.059459573494915326,0.0015479479714730776,0.00015119565737731322,0.0007736095979101201,0.00014560295848630857,0.0025589763109769336,1.2800665437285e-06,0.8864403753093555,2.9200839979902426e-06,0.0002918954781275213,0.0014626746380728545,2.8765207003188935e-06,9.98935523841956e-06,3.547884577382722e-06,3.064763122204982e-06,2.5090380956078456e-05,0.0004442404080130949,0.017542752565126603,3.3005590658632203e-07,0.0027809638549524396,0.0001340887499522416,4.517469802255371e-05,0.007021956671349106,0.00017886276485490273
50,0.04276268550389619,0.1508228588859897,0.0026357532363523043,0.00017099955070970342,0.0026025605525834506,0.00015203015816388267,0.018137876446753652,5.0201510453331025e-06,0.7332841586817058,1.530516740055263e-05,0.0004262507468920667,0.0031130155303383,3.843934676507839e-06,3.2673775587919874e-05,7.240108918709966e-06,5.116316747105455e-06,3.397172791721165e-05,0.000683979429132205,0.0349249176894712,5.852522071989712e-07,0.003709924293758707,0.0002016524613132784,0.00010579891137945077,0.0056014721181295805,0.0005603093689299542
51,0.020158167266827006,0.04899466062875474,0.0012439631272563193,9.211814409729847e-05,0.0013358237650376399,0.00015141309600696926,0.002638341708512592,1.1859290944203194e-06,0.8979008134918666,2.3721828078728843e-06,0.0002885367022820901,0.0009684062702951204,3.110177924773507e-06,7.989495132378026e-06,3.8756070943029594e-06,3.543786350411534e-06,2.9137850672558472e-05,0.00041622858666444796,0.016995260092241483,3.544043897428343e-07,0.002353708363750545,9.929991597839487e-05,3.656743058823007e-05,0.006099391002372124,0.00017573097400217733
52,0.030996074409534252,0.021057037337828002,0.0008548658085363181,4.2471247385321376e-05,0.0009698535683640636,0.00032464523899557163,0.0008882315963893556,1.2822898942142328e-06,0.923923571906135,1.9133440344534657e-06,0.0003196350565578378,0.00021237007493335125,1.3276315446358326e-06,8.878323292136672e-06,6.548049846645652e-06,4.153338860515792e-06,2.8876675497330414e-05,0.0018083347321458834,0.013875675841809605,1.989041890544332e-07,0.0008618160273986403,0.00010456626594803336,9.47464528634867e-06,0.0035430093448100327,0.00015518834078323893
53,0.01770650882624562,0.06152150616174351,0.0012374278549042393,0.00011390034525667719,0.0012757353023612468,0.00011340262345303229,0.003850899714240824,1.519114810089012e-06,0.8877400080443237,2.5774494933770562e-06,0.00033230111414671504,0.0013519655444355905,2.389897815313419e-06,9.621976677661425e-06,4.551640948177942e-06,3.3966593962604157e-06,2.150695498410773e-05,0.00035999929511592704,0.016396075436959562,3.1070175829831613e-07,0.0022602003688140253,0.00011792125073267441,4.0179773158388145e-05,0.00535764166602357,0.00017845228220143058
54,0.030217815582230773,0.13335772725418624,0.0008426971156741782,6.496707323026027e-05,0.0010225978434807658,7.786587063999838e-05,0.0027341846282829684,5.732784957111665e-07,0.8149368523107223,2.93603085701109e-06,0.00010156405855026279,0.0010480666978563808,1.3285889063299889e-06,1.2330415066338488e-05,4.855955343953962e-06,1.7545164273338725e-06,1.2685964072698036e-05,0.00032236659409015666,0.011874631136722052,2.0249631316088614e-07,0.00110093780352735,7.070443080677153e-05,1.9011550673984993e-05,0.001824616620038186,0.000346726183804723
55,0.018802635355784622,0.04927951146058395,0.0009907169562431077,8.57214677101628e-05,0.0007688102421329676,9.523241986546694e-05,0.002089069833071466,9.247703763037243e-07,0.9047666417431655,1.7091202188490315e-06,0.00019808758459091046,0.0010679551723162739,2.279418208750347e-06,6.280120920379202e-06,2.9786776391793366e-06,2.5146191281316094e-06,1.8006295112392846e-05,0.00036367984080070217,0.014685004581950947,2.2134412456175807e-07,0.0018078859030257997,9.00850959376196e-05,2.1422431094379492e-05,0.004721295479021368,0.00013133006697613103
56,0.020555669301837956,0.05999452049817751,0.001129699720412355,0.00010462606527978457,0.0010117817255634388,0.00012732625882047518,0.0024562140296696517,1.2262141713392361e-06,0.8853251867328348,2.3117313177922924e-06,0.0002806158630000699,0.0011784452963060422,2.839745148326873e-06,9.070235939226152e-06,3.6082235866654048e-06,2.9983972513579293e-06,2.6394664661648343e-05,0.0004073489455043623,0.019025838869170544,3.1125723979695973e-07,0.0021799979993171554,0.00011532749453625483,3.3601747057842866e-05,0.005864366521045125,0.00016067246215070965
57,0.017193844968476518,0.05461106427847963,0.0009076705523753851,8.918649143939899e-05,0.0007753219604806381,7.909799210385513e-05,0.002331160100999896,1.1932678842301154e-06,0.8906702760437845,2.192767597720214e-06,0.00018191674763302026,0.001943763435427151,4.7838566116527315e-06,6.798781364170167e-06,3.6706083419709663e-06,3.554794900893971e-06,3.225541676738474e-05,0.00033067558555694603,0.022577967236041895,3.793883100922585e-07,0.002659901768754884,0.00016845736637283813,2.7946768898085894e-05,0.005240723057774168,0.0001561967636231564
58,0.021890454605166518,0.05537007467220131,0.001153591010170951,9.718946033350824e-05,0.0009113383475789847,0.00012443150774026884,0.002219085863282335,1.0940236233768533e-06,0.8858036398990722,1.9955506132773545e-06,0.00029170494482417614,0.001126618664974874,2.7275377076390713e-06,7.221533920072173e-06,2.82157434253859e-06,2.6932068514715126e-06,2.149993028539096e-05,0.0003736411730400513,0.020783287502648597,2.7032478774508586e-07,0.001939775073532692,9.629867968873576e-05,3.29548481063902e-05,0.007619755774968026,0.00012583429053880405
59,0.020401699951265315,0.054458862496353455,0.0013598127898302446,0.00010394943662108733,0.0008933843808475478,0.00012639516802164484,0.002312247242855006,1.1467659107337368e-06,0.8897104484592137,2.155356801563242e-06,0.0002851057030803151,0.0010433166197010783,2.42287768976111e-06,6.440123777289579e-06,2.977096256721666e-06,2.844442046797429e-06,1.964974580957081e-05,0.00035112067393045773,0.01897976688716315,2.8559790170264133e-07,0.0020687656043800046,9.288277791400937e-05,3.4603068990996856e-05,0.00761788212227007,0.00012183461136791194
60,0.020447578952675963,0.06272086719260417,0.0011366594458418048,0.00010772860797331425,0.0010476126832450485,0.00013128727483040277,0.0024860396971849922,1.2707542388319469e-06,0.883854151222329,2.4474292826542467e-06,0.000284712559386705,0.0010513011598131754,2.367891971113812e-06,9.254221574924715e-06,3.6642800581115895e-06,3.072596247141607e-06,2.5627943880958307e-05,0.000423073268342659,0.018190937168701394,3.067013050723238e-07,0.0021571507350514755,0.0001135890194307946,3.404846970930074e-05,0.005605038231541092,0.00016021249278001085
61,0.021235162734799938,0.055970555513702,0.001344898508016027,0.00010264262178736789,0.0009332348402622222,0.00012453549116962494,0.002433793163150438,1.172356808828946e-06,0.8871648352524809,2.214122811533213e-06,0.0002854703766686897,0.001083657715736756,2.5701953664839835e-06,6.751536563768765e-06,3.0683453963920804e-06,2.8063515907236265e-06,2.038234532516876e-05,0.00036658785034214515,0.019174061647873837,2.881269752027564e-07,0.0020608856726870507,9.5010060555007e-05,3.4537191255664055e-05,0.007421593080122221,0.0001292848985520623
62,0.020447578952675963,0.06272086719260417,0.0011366594458418048,0.00010772860797331425,0.0010476126832450485,0.00013128727483040277,0.0024860396971849922,1.2707542388319469e-06,0.883854151222329,2.4474292826542467e-06,0.000284712559386705,0.0010513011598131754,2.367891971113812e-06,9.254221574924715e-06,3.6642800581115895e-06,3.072596247141607e-06,2.5627943880958307e-05,0.000423073268342659,0.018190937168701394,3.067013050723238e-07,0.0021571507350514755,0.0001135890194307946,3.404846970930074e-05,0.005605038231541092,0.00016021249278001085
63,0.020831474941918057,0.076538757887934,0.0010748405616595295,0.00010356508099738541,0.001028283684341219,0.00012518543128702583,0.0023332511633466528,1.131064594881415e-06,0.8690628656547181,2.5769850521596336e-06,0.0002578682186728821,0.001008619572251114,2.18204707420149e-06,9.112277882102196e-06,3.6006542836789646e-06,2.831273709387674e-06,2.3971620010444395e-05,0.000374279359675359,0.019439136672216164,3.0990651444359773e-07,0.002037813171707161,0.00010824293435757625,3.4254672757509445e-05,0.005438979509317275,0.00015686565372170273
64,0.016791076583104567,0.06189191692156854,0.0011027341229537665,0.00011660436457479454,0.0009262651060449119,0.00013469513134918418,0.0024141333489368735,1.1427767489538978e-06,0.8874622335340093,2.8216352878707084e-06,0.00024591421393573644,0.0012052788516747502,2.7289152781628984e-06,9.406754179479804e-06,3.681671520229807e-06,3.085109384594695e-06,2.788128623014885e-05,0.0004193851873892698,0.017978996740500183,3.411243844135342e-07,0.00317700332655577,0.00013306831926531798,3.81861865737552e-05,0.005740524466681153,0.00017089432186823318
65,0.023633295006511543,0.13128016020334066,0.0026168397728338084,0.0002933681862311193,0.0017126840687833418,0.0002724577985553141,0.007311276703065363,3.7595917319894308e-06,0.7900682037274745,1.3331770843654183e-05,0.0004496468601589216,0.0017021097502252223,2.7381904640616445e-06,2.8550017844324254e-05,7.1200239372216375e-06,5.6507508058688825e-06,4.37400381070631e-05,0.0006993096019705978,0.02617801452408763,7.972175711354908e-07,0.005863156694035004,0.00021197961219985415,0.00012604889727675804,0.007074933746696383,0.000400827245248461
66,0.025164631938356934,0.053501798029780376,0.0014652843960705649,8.48014285670175e-05,0.0013978605696660664,0.00017220598686064508,0.002329581827964723,9.631686791306639e-07,0.8850667768701233,2.8184583455733255e-06,0.00025706948362206076,0.0007399505224783478,3.17137274699482e-06,6.1989277194088996e-06,3.1148044785212905e-06,3.140514303597084e-06,3.0331985457492574e-05,0.00043924976341525404,0.018696995625599927,4.0359727902114487e-07,0.0024419756504407354,8.02158635627112e-05,3.8994201515600444e-05,0.007908024860242275,0.00016444015272367902
67,0.020228679187648122,0.06245549264905481,0.0016376612357779522,0.00027109791494565167,0.001460734585790834,0.00038199136809350775,0.0023356436011917952,1.7039465180098047e-06,0.8716033765754649,4.746048119015142e-06,0.0005175460024979737,0.0012130123980561625,5.588263759369857e-06,2.3955467949617542e-05,3.4201872347356294e-06,4.907830450777419e-06,7.481960003271635e-05,0.000762667188083995,0.019769885277598414,8.168394497466664e-07,0.004696826722696314,0.00015816668383258008,0.00011326348246795597,0.012014731704742734,0.0002592652385420619
68,0.019731603616340226,0.06434528312758353,0.0010113662995478812,9.678250626466728e-05,0.0012119043950374804,0.00013075053421751642,0.002577850495131803,1.2964382646288528e-06,0.8829084815130278,2.3372365060508287e-06,0.00029925233409088106,0.0010098745404691337,2.4053392871735054e-06,9.592391560251935e-06,4.346211161271839e-06,3.2225728278699215e-06,2.707973241262858e-05,0.0004022171763924147,0.01880670643991565,3.166833158153254e-07,0.001990138544355078,0.00011730749897896346,3.265425289913383e-05,0.005108998763724713,0.00016823135668724977
69,0.01342284236706221,0.08392134424528762,0.002155166778676455,0.0002521056863234383,0.001420184785743132,0.00020601232845046457,0.004491479025715508,3.1640295426203694e-06,0.8361965059899604,3.563749960766988e-06,0.0010339993121992106,0.0016727631393795104,2.3311771223717865e-06,1.1690479272815875e-05,4.433499419891782e-06,4.632606755712982e-06,1.9928773565638842e-05,0.000238224484812692,0.0322119884215572,5.158284766734671e-07,0.003998474049585311,0.00013378669784863142,0.00014306194227559874,0.018351135338393873,0.00010066526261239624
70,0.03800575173077329,0.043829748569153414,0.002080763091276608,0.00015110301552255108,0.0011513328188582906,8.92593538722494e-05,0.003375645942505426,2.519689150892776e-06,0.8995403091916372,2.5757453645887726e-06,0.00017672578552653125,0.0012370085730565319,3.180134415934028e-06,1.3777488525844752e-05,4.617709749903731e-06,5.300038225699036e-06,2.7137725952996157e-05,0.0008177395211772382,0.005864228888755609,4.463278360681106e-07,0.0010581566738647663,8.605942700790536e-05,1.5692011128187505e-05,0.002173589355599376,0.000287331191063237
71,0.019471796253969137,0.030604118897833713,0.0017077918802644169,0.00010116231909958851,0.0003662250790742278,0.0001929584752108109,0.0018218241407419575,1.6561466751481125e-06,0.9105745472612731,1.3834597874645996e-06,0.00041582759544968583,0.0009389572873219635,1.415484886275306e-06,6.471279165599754e-06,3.824442448583527e-06,2.412522625481656e-06,1.942369518648263e-05,0.0005938961345333015,0.025310177951995957,8.250685578357909e-08,0.0020063570748003814,0.0001648347989114852,1.6255397996437096e-05,0.005576379456792368,0.0001002204571006816
