,0,1,2,3,4,5,6,7,8,9,10,11,12,13,14,15,16,17,18,19,20,21,22,23,24
0,0.003448705364619293,0.015119890986267119,0.00017730408152490654,8.47484260109778e-06,0.0013538987933766184,0.00014477541641946606,0.0003246053497940487,9.741552519338455e-07,0.9405594084532977,2.3166521634027205e-07,0.00023636694078543939,0.0001343181813210417,2.0583446456508964e-06,1.3818758325991187e-06,1.2026002320027232e-05,7.355610118389866e-06,3.0611324399257005e-05,6.998992998939719e-05,0.035051707516716435,2.753036323207644e-07,0.0009073221580778775,9.259538931715636e-05,4.212369177949566e-06,0.002289666158783991,2.184378651397118e-05
1,0.016594473539506653,0.07071086615108642,0.001225139672353209,8.253433257925551e-05,0.0010631383238560881,0.00014675385698363072,0.0025359518908758044,1.755311650857555e-06,0.8779947349174003,3.5079083243383545e-06,0.00024367570381334756,0.0007663727309244802,1.7141970190095462e-06,8.178793063200994e-06,7.007974741972507e-06,4.946209060373644e-06,1.9726336320228734e-05,0.0003294101636510425,0.022124095639075702,3.608286335806429e-07,0.0018770630547099336,0.00012739040882911288,2.8292862247156832e-05,0.003949375735069333,0.00015353345822519433
2,0.021631566741401678,0.10503373152645383,0.001007226082444584,0.00010146384946985812,0.003182267799855174,0.00014646601903107518,0.004176399009932526,1.994199094848867e-06,0.8410004612843955,3.726175556772165e-06,0.00044263092159258703,0.0010191938744264883,2.326370784313437e-06,2.2333902798040973e-05,1.2585406233370516e-05,4.3763717884362125e-06,4.274607882558956e-05,0.0004475463113061337,0.015869011182742702,6.844426247592665e-07,0.001941756382057618,0.0001660678140867929,6.117211600136604e-05,0.003271995648591682,0.00041027048850431443
3,0.019921255718163337,0.10112662909546752,0.0012712288228026402,0.0001679583007715819,0.0018823248164763944,0.00018867754777213483,0.003753303982697787,2.3378217437820567e-06,0.8395213750024206,4.376781585659543e-06,0.0005502001724793409,0.0012143845489718172,2.28165305929516e-06,2.281984090021941e-05,8.07093756032803e-06,4.436352193775764e-06,4.745242278374167e-05,0.0005319924428835768,0.021046702442391818,5.622224483162618e-07,0.0028438078597172313,0.00022089001134993722,7.702262981820334e-05,0.0052918760885179135,0.00029803248502299924
4,0.019930674042344176,0.09771937035978207,0.0011655360762342782,0.00016331883554670268,0.00179373947812751,0.0001735700771517967,0.0035488492248651627,2.108833328623358e-06,0.8427379263132583,3.886639659714983e-06,0.0005344523857704871,0.0014270960027732878,2.8774486112900283e-06,2.3607865419756385e-05,7.608632490350781e-06,4.084620886840861e-06,5.165236441573872e-05,0.0005197710625696438,0.021287947758356813,5.598429287379096e-07,0.00290354662272281,0.00023390082407070674,7.473015929501748e-05,0.0053847891585692255,0.0003043953708210187
5,0.02349720929060399,0.103588304771863,0.001261864002381598,0.0002589786665730305,0.0015062805299808093,0.00018757954352125088,0.0035829842007360792,2.2139946093764512e-06,0.8342129381530095,5.308957299713165e-06,0.0005545919553002562,0.0015651730491470111,2.6430034599302674e-06,2.9868731324422383e-05,6.7216862004690185e-06,4.150278618026513e-06,5.903198480815857e-05,0.0008761861018401123,0.018336806526550016,6.219168737275215e-07,0.0033778701755735425,0.00028025836734878857,8.848117852288962e-05,0.006350731961694355,0.00036320097215994114
6,0.019921255718163337,0.10112662909546752,0.0012712288228026402,0.0001679583007715819,0.0018823248164763944,0.00018867754777213483,0.003753303982697787,2.3378217437820567e-06,0.8395213750024206,4.376781585659543e-06,0.0005502001724793409,0.0012143845489718172,2.28165305929516e-06,2.281984090021941e-05,8.07093756032803e-06,4.436352193775764e-06,4.745242278374167e-05,0.0005319924428835768,0.021046702442391818,5.622224483162618e-07,0.0028438078597172313,0.00022089001134993722,7.702262981820334e-05,0.0052918760885179135,0.00029803248502299924
7,0.07673031010945026,0.10870007426615094,0.0048136657784662185,0.0001051859704191867,0.001956346862305233,0.00024850220640391355,0.005355460184862144,2.6717865239519917e-06,0.7433474215504262,6.239763358103741e-06,0.0005391452052631817,0.0010770805959622236,3.4567610836987074e-06,1.257991497542106e-05,3.918437134031106e-06,2.965241555570279e-06,2.8825026690052403e-05,0.0005493872973651814,0.042573643685193466,4.815417852345063e-07,0.0015701506437340955,7.73139198140885e-05,8.016033694404125e-05,0.011957470380236467,0.0002575425338969211
8,0.03888942171555826,0.2202755284422071,0.003639361897792788,0.0003896974274809365,0.002433071320863013,0.0002481848337466354,0.007644297489191782,3.3710405349639407e-06,0.6869511638202196,1.0634720303985666e-05,0.0007336293204283149,0.0019023765682246482,2.5052340871434775e-06,4.269485279415457e-05,4.888426350190457e-06,3.6254842942217382e-06,3.412299360225336e-05,0.00045145450910729387,0.02301338630893451,8.850991621053699e-07,0.0024895559280802486,0.00011913196310410006,0.00027043868876721976,0.010007484111551982,0.0004390878036124391
9,0.01784384418640401,0.15093457937307608,0.0025516826896836756,0.00040552460165901486,0.0011447134774335733,0.00018533318137787678,0.005183071936726261,2.103916098193939e-06,0.7912869235529612,8.906487356710383e-06,0.0003903109719790173,0.0019809107295911486,2.2396273247941155e-06,2.4746382409031033e-05,5.1103470823142834e-06,3.963028287405164e-06,2.714316874206105e-05,0.00042232183318237327,0.015423672945857267,7.095234662376655e-07,0.004240697230422908,0.0001618899838947414,0.00014357168638570026,0.007288171779185145,0.0003378573594131955
10,0.019921255718163337,0.10112662909546752,0.0012712288228026402,0.0001679583007715819,0.0018823248164763944,0.00018867754777213483,0.003753303982697787,2.3378217437820567e-06,0.8395213750024206,4.376781585659543e-06,0.0005502001724793409,0.0012143845489718172,2.28165305929516e-06,2.281984090021941e-05,8.07093756032803e-06,4.436352193775764e-06,4.745242278374167e-05,0.0005319924428835768,0.021046702442391818,5.622224483162618e-07,0.0028438078597172313,0.00022089001134993722,7.702262981820334e-05,0.0052918760885179135,0.00029803248502299924
11,0.02018670017617231,0.09931804071244361,0.0012587821146897694,0.0001661202272539366,0.0019037000301581515,0.00018289324588058927,0.003719850744970595,2.2806885453438406e-06,0.8400120538732648,4.252127037374345e-06,0.0005455029535049661,0.0013174528932234607,2.7463964801971664e-06,2.242698663723919e-05,7.705131343576508e-06,4.440535930104638e-06,4.938942672536588e-05,0.0005142408818495021,0.02167410643863165,6.017275370288183e-07,0.002843400735919994,0.0002179223455678103,7.816306368469177e-05,0.005674991636022062,0.00029223490652541023
12,0.04162669611277372,0.23349557030333237,0.000561142529596413,0.0002492045133581942,0.006747795726891608,0.00039383979209653224,0.0025740756749743996,8.404041451047868e-07,0.692013514438924,9.579470554974205e-06,0.0003650644375416392,0.0006926312525354022,4.093283264901224e-06,0.00019586464443543182,5.327326572074641e-06,2.3902854115976448e-06,0.00048138587583806996,0.002408580813561299,0.008469975758159538,1.6291089084872791e-06,0.004663909394003002,0.00026326276767439736,0.00018262249090017195,0.0024763840046654424,0.002114619589881094
13,0.014743115775262518,0.09840820753692665,0.0014125003676092826,0.00031793214268861585,0.0022994749553203247,0.00020107318418010643,0.005578904085736101,4.735244995745205e-06,0.8355525571375908,3.446962140072613e-06,0.0019107543249390318,0.002830403784333197,2.983620509124262e-06,5.420162114585571e-05,1.0973641750531278e-05,5.1315224488676404e-06,6.371255933822393e-05,0.0005315224962424961,0.023443074685111944,6.605735457089285e-07,0.003849097667467058,0.00042589147257717896,0.00017410512625301756,0.007853040871588406,0.0003224986402990774
14,0.0200508302481645,0.10548857616890922,0.0012397577127419672,0.0001683054312809015,0.0019341276821495251,0.00018897748298873148,0.0038061410945644356,2.351360113652564e-06,0.8345923634615345,4.5089614531118085e-06,0.0005592239119848844,0.0012022615882606113,2.2309636815409404e-06,2.348281447822848e-05,8.095116028860466e-06,4.448144699392048e-06,4.736107526514836e-05,0.0005328788782122857,0.021434983075240673,5.687377354107375e-07,0.0028035304375241907,0.0002211136830164492,7.822289712319927e-05,0.005307431307882125,0.00029822776496639196
15,0.019921255718163337,0.10112662909546752,0.0012712288228026402,0.0001679583007715819,0.0018823248164763944,0.00018867754777213483,0.003753303982697787,2.3378217437820567e-06,0.8395213750024206,4.376781585659543e-06,0.0005502001724793409,0.0012143845489718172,2.28165305929516e-06,2.281984090021941e-05,8.07093756032803e-06,4.436352193775764e-06,4.745242278374167e-05,0.0005319924428835768,0.021046702442391818,5.622224483162618e-07,0.0028438078597172313,0.00022089001134993722,7.702262981820334e-05,0.0052918760885179135,0.00029803248502299924
16,0.013994124839715098,0.11305837581751671,0.0009364585897959526,0.00020417564441568603,0.0014133323552904,0.00013684387154644205,0.005080223359655127,2.9054947416467163e-06,0.8266198549229921,7.628694416216942e-06,0.0004219101091015546,0.0023795093889622783,2.5189384364656896e-06,2.9692329057194175e-05,1.1321864597040521e-05,6.199274402871573e-06,5.273337348031123e-05,0.0006595600054128583,0.023461975363149003,6.5822863725912e-07,0.006345323644755585,0.0004970483109472743,7.936870262262058e-05,0.004211724714058987,0.00038653216229338845
17,0.019622984199811677,0.1105034721076594,0.0012026005214181993,0.00021892020861259234,0.0022987228080674675,0.0001910686040301303,0.004331907051207511,2.7743086929446565e-06,0.8275057996985915,4.931448705886976e-06,0.0007014499915471807,0.0016331615821079865,3.015741606798004e-06,3.435610862815256e-05,8.71852284524594e-06,4.83194318573763e-06,7.222285577352739e-05,0.0006266617905263371,0.020892797065042174,7.53997770791436e-07,0.003586857022739778,0.00031008874250936587,0.00011459277622460212,0.005745834851014215,0.00038147605168096913
18,0.024311131969446943,0.1055766201091182,0.0011864864251195397,0.00018503351269499733,0.0024237751114575155,0.0001966365225103698,0.004279057137798664,2.065177315660281e-06,0.8317102491985805,5.5416326161279225e-06,0.0005145764227628044,0.0014628384456500977,3.2487011294336564e-06,3.4196938682648255e-05,8.726363934041172e-06,4.276334762313342e-06,8.449831882349848e-05,0.000856975796507991,0.017640682063089202,7.410325147541714e-07,0.0038796002747598537,0.00028988834970459403,9.432160385418255e-05,0.004709340041455155,0.0005394925157109619
19,0.03713322056652954,0.11365904223634211,0.001099748100312722,0.00012304263724362104,0.0034974709241912803,0.0004990942451280125,0.001752379851635498,1.8825923078475093e-06,0.7995082821791416,4.462256526261469e-06,0.0008408804808411067,0.00039523644704547945,2.122514975717498e-06,3.139599323718439e-05,6.94855859709292e-06,3.896961958371938e-06,9.721880314569531e-05,0.0009326045965101761,0.029713673730970596,8.164922197917247e-07,0.0020318028334469843,0.0001472833985752878,0.00010156359404933262,0.008088866693056458,0.0003270633120120902
20,0.01132543720933439,0.07299764845941421,0.001216456051323211,0.00020016002008661535,0.0012329441175950309,0.00014797086175128706,0.0044310222386272574,5.0246582472414164e-06,0.8730631646022957,3.900075046563986e-06,0.0007588015444139471,0.0018886290492353447,1.8815057272325603e-06,2.1434833209038858e-05,1.987164697688824e-05,7.140557750245067e-06,4.2168538478111845e-05,0.000523035172890065,0.023584190074054778,4.859755527341032e-07,0.0035902969124220687,0.000554716310974033,6.272233833315263e-05,0.004063230414828125,0.0002576668314326659
21,0.015041500810870762,0.09789838790793153,0.0008767806927418285,0.00016491275015304523,0.0009331956870937611,0.00011766212758128814,0.0030002199785768226,2.4527994935114328e-06,0.8559764406935539,4.336997440527187e-06,0.00032482142880458156,0.0015330525130383453,1.6767100865483646e-06,2.4184218520982445e-05,6.156357520885051e-06,5.867135020863932e-06,1.966926534162514e-05,0.00046681518486486255,0.017281992828843826,4.2224341847972305e-07,0.0022698883492223605,0.00019308918963480674,3.4445394982567e-05,0.0036471571802696745,0.00017487155499259867
22,0.035601831949457256,0.07455504594938216,0.0014089822704341749,0.0001559012827535181,0.0020163250732094223,0.0002728978568168749,0.0023964726084187067,2.368836821431331e-06,0.8493246770741483,4.547820294367937e-06,0.0006732309547009559,0.0007808595371261099,2.598312721176307e-06,2.3462401688630844e-05,8.763587496740717e-06,4.74617149875411e-06,0.00010746941047782588,0.00145414532272047,0.0212802812190955,6.523609728505031e-07,0.0029890047499052997,0.0003184890645276412,6.512326984097477e-05,0.006167864332731489,0.0003842585827595605
23,0.019921255718163337,0.10112662909546752,0.0012712288228026402,0.0001679583007715819,0.0018823248164763944,0.00018867754777213483,0.003753303982697787,2.3378217437820567e-06,0.8395213750024206,4.376781585659543e-06,0.0005502001724793409,0.0012143845489718172,2.28165305929516e-06,2.281984090021941e-05,8.07093756032803e-06,4.436352193775764e-06,4.745242278374167e-05,0.0005319924428835768,0.021046702442391818,5.622224483162618e-07,0.0028438078597172313,0.00022089001134993722,7.702262981820334e-05,0.0052918760885179135,0.00029803248502299924
24,0.023634302398151705,0.16494051703567914,0.0009887213500555632,0.00025653682970600076,0.0018354757748707605,0.0001919753954199896,0.0033545386480024857,2.5328351156347726e-06,0.770547680932103,6.263195875255923e-06,0.0005603656776235423,0.0013760232154926544,2.3361743594285267e-06,4.448148009337255e-05,5.854725437055603e-06,4.414536521163369e-06,5.96789506650597e-05,0.0006936180442529708,0.022371177242393854,7.516278908225697e-07,0.0026989619688608485,0.0002521385793515453,9.925439747723972e-05,0.005760434707649466,0.00031196427695116304
25,0.015250055385307375,0.13308860833504219,0.0014471673259752228,0.0005202350151094862,0.002637697920927084,0.0002614535442860448,0.007412331803538972,1.3946013382608779e-05,0.7843052178545982,5.60202103047038e-06,0.0035242969144407,0.0025008226108742975,1.856498876548044e-06,9.900240802374737e-05,1.0971999451286398e-05,8.660827480304933e-06,6.200259058671531e-05,0.0006837511607249127,0.034201938924515944,7.690577953793969e-07,0.0035550831079429568,0.000548400864048337,0.0002174188760812053,0.009435161061882118,0.00020754787807794785
26,0.002061393328847262,0.18028125784916993,0.0004986841117856997,0.000378207748978251,0.0015089645871309673,7.171615060015316e-05,0.0329883028001994,2.3903976176617392e-05,0.7507772245083917,9.634862042577318e-06,0.0007567329845064068,0.007822718997389871,4.969468962124791e-07,0.0002082144163803444,0.00018082759863364382,1.862733879682065e-05,1.8924033635615588e-05,0.00028796914504427526,0.012622298175036621,3.210969353083285e-07,0.00638309026858432,0.0019161007190361017,4.460525872931493e-05,0.0002487064555338762,0.0008910766415388012
27,0.026629109752545822,0.1247237955501727,0.0016081434079763736,0.00017013303622201976,0.0024599521746890085,0.00020911368422731457,0.004529261481836179,1.9940078098395568e-06,0.8079708895533316,5.394580133415561e-06,0.0004893274060834055,0.0011882467349963299,2.679052043688844e-06,2.4679594168298725e-05,5.921208864080887e-06,3.906115064095275e-06,4.5833314978921587e-05,0.0005069500386335357,0.0202102585627762,6.557072124387168e-07,0.0027597635609793074,0.00013547518363935817,9.423726176974068e-05,0.00586652013369058,0.0003577588961557246
28,0.019921255718163337,0.10112662909546752,0.0012712288228026402,0.0001679583007715819,0.0018823248164763944,0.00018867754777213483,0.003753303982697787,2.3378217437820567e-06,0.8395213750024206,4.376781585659543e-06,0.0005502001724793409,0.0012143845489718172,2.28165305929516e-06,2.281984090021941e-05,8.07093756032803e-06,4.436352193775764e-06,4.745242278374167e-05,0.0005319924428835768,0.021046702442391818,5.622224483162618e-07,0.0028438078597172313,0.00022089001134993722,7.702262981820334e-05,0.0052918760885179135,0.00029803248502299924
29,0.019921255718163337,0.10112662909546752,0.0012712288228026402,0.0001679583007715819,0.0018823248164763944,0.00018867754777213483,0.003753303982697787,2.3378217437820567e-06,0.8395213750024206,4.376781585659543e-06,0.0005502001724793409,0.0012143845489718172,2.28165305929516e-06,2.281984090021941e-05,8.07093756032803e-06,4.436352193775764e-06,4.745242278374167e-05,0.0005319924428835768,0.021046702442391818,5.622224483162618e-07,0.0028438078597172313,0.00022089001134993722,7.702262981820334e-05,0.0052918760885179135,0.00029803248502299924
30,0.019921255718163337,0.10112662909546752,0.0012712288228026402,0.0001679583007715819,0.0018823248164763944,0.00018867754777213483,0.003753303982697787,2.3378217437820567e-06,0.8395213750024206,4.376781585659543e-06,0.0005502001724793409,0.0012143845489718172,2.28165305929516e-06,2.281984090021941e-05,8.07093756032803e-06,4.436352193775764e-06,4.745242278374167e-05,0.0005319924428835768,0.021046702442391818,5.622224483162618e-07,0.0028438078597172313,0.00022089001134993722,7.702262981820334e-05,0.0052918760885179135,0.00029803248502299924
31,0.05262437772222089,0.15063423898395742,0.0031391527590639186,0.00021789558682478875,0.00198641587205348,0.00023670737970931118,0.005991753636308825,5.2031779844138884e-06,0.7373334283209289,1.0067467117909515e-05,0.0005923681364603426,0.0012393281628076604,2.381143230156844e-06,2.732348610289791e-05,6.362625893867813e-06,4.442722906556228e-06,4.564714206163769e-05,0.0008542720915852849,0.034650115684418066,6.765559158411515e-07,0.0025012313124295887,0.00017569686605040227,0.00010401732192136403,0.007276014717268445,0.00034088112477799015
32,0.020641594602258454,0.10156496132330671,0.0012176059551284603,0.0001456204966549564,0.0017347114519289727,0.0001891065287106476,0.0034479975325100473,2.2888144256341754e-06,0.8345640280110509,4.229182414791284e-06,0.0005318026067755601,0.001154636695939828,2.2591428049065586e-06,2.0118446215150027e-05,7.889521000107767e-06,4.319499151122923e-06,4.465932962693353e-05,0.000502559479636173,0.025378004033017775,5.168559772453971e-07,0.002692918425716807,0.00021916046121306593,6.944694664203272e-05,0.005598436083119598,0.0002611285747742721
33,0.01902624133546743,0.12728154155231444,0.0011188403739172644,0.00031104733876175894,0.002572968650166838,0.0003161201785454961,0.003995883287014695,4.736008818840133e-06,0.7910893303743651,7.311226190289253e-06,0.0011744113951407957,0.0015492376615862703,3.8577889663054635e-06,5.543330673790039e-05,7.959487224231327e-06,7.550014405414278e-06,0.00012519524318073093,0.0008088123976856828,0.03567814936368872,1.1131460248567783e-06,0.00432288274220527,0.00048542658049148605,0.00018152510196695412,0.009574484807022495,0.00029994063811095606
34,0.005465548000394627,0.2790031662946024,0.002682543409339555,0.024236393203366367,0.017169946141787858,0.0011525398656001234,0.058181999274529356,2.6346662281294183e-05,0.4498800992356182,0.00041832560509695246,0.004985439571436009,0.0083131834800881,8.092189769564095e-06,0.002739346880732319,4.6524501637005986e-05,7.64818188990222e-05,0.001996700657365247,0.006122638469537519,0.0037024122573517987,4.729509566101704e-05,0.08662010866579786,0.00514592445861508,0.0189692459505335,0.01052150550385191,0.012488192806107395
35,0.04920258333576453,0.05014314174354236,0.0013552368281173957,9.621333970538579e-05,0.0005776623289331945,7.194015253878152e-05,0.002623497566942686,1.800600229683082e-06,0.8738585949950216,3.0833786813211306e-06,0.0001550132855468523,0.0009631198462949307,1.4237591437903588e-06,7.0431934933395134e-06,2.8903290861884055e-06,2.3025407769222864e-06,2.090388447406239e-05,0.0013469339745047907,0.01416741655606465,1.6772724742078733e-07,0.001694073176205435,0.00014129638958668703,1.2738520039820345e-05,0.003375274544251398,0.0001756480038066483
36,0.018436138822255053,0.07601847491209493,0.0009926736396800265,0.00013809019288677608,0.0011736114958532866,8.547991404681006e-05,0.004620108727164372,5.400408330744438e-06,0.8582906648757866,2.735471427894823e-06,0.0005296299352497598,0.0032304670728624018,3.5258960418870213e-06,2.366348392593095e-05,1.2478143282198016e-05,6.69250982779484e-06,4.579309434649434e-05,0.0004716024654112003,0.029592038638113972,4.342469872408215e-07,0.0023695893419325895,0.00046729581881481684,3.544264472869255e-05,0.0032030784141177486,0.00024488983483088626
37,0.052448485522683934,0.12062344287579918,0.0023326108116421282,0.00021372216665370514,0.0015430407489934366,0.0001687071451048291,0.0044440272072688684,1.8361237278393346e-06,0.7750912118291416,7.460568966269625e-06,0.00048208735898376125,0.0013456109496106552,2.7118326509454316e-06,1.6543338558765167e-05,3.5204402332443816e-06,2.8815072907310405e-06,4.4194623434654444e-05,0.0009862677387985838,0.02461611929116754,5.921080413066941e-07,0.0026687986116074266,0.0001713313527526407,0.00010604565241076577,0.012364107785889863,0.0003146424085870357
38,0.030322448548562326,0.0790268708345124,0.0016470738103078974,4.493692542836823e-05,0.0018034009411630983,0.0002143194148017163,0.0035837532439047057,1.2314886817874955e-06,0.8526174190330255,3.34151312898984e-06,0.00026125625820569095,0.0004990081831358052,1.3348685883260756e-06,7.722978256382752e-06,8.403454689967088e-06,3.4633308909582445e-06,1.2858797368665318e-05,0.0002940856708523993,0.024502968375994874,2.196206198678164e-07,0.001088974771995903,6.121420156444451e-05,2.4401438541483268e-05,0.003755231678010889,0.00021406061776786862
39,0.016232036645076265,0.037161077603934216,0.0024012517533544314,0.00014009038190385437,0.001395428493337014,0.0004430678107132033,0.002959157306080001,4.1372395833966605e-06,0.8881849949685519,4.800380350649018e-06,0.0004939074546847432,0.0009036096282227353,4.735922417256016e-06,1.0485739428148384e-05,1.121713290183885e-05,8.341414836877755e-06,9.267051562843567e-05,0.0006900793699384236,0.03473189291913438,6.230363709966925e-07,0.006778154872839508,0.00029374506583010036,6.008250272146705e-05,0.006748261459281217,0.0002461503828789785
40,0.01851173726140991,0.091890363855022,0.0013973942229859827,0.00010581896139574356,0.001638603651671492,0.00014284744264161445,0.004044429673545842,1.7441433460447569e-06,0.8563859430458559,2.9753369433368176e-06,0.000407725809897795,0.0013482795140419143,2.0388239440697103e-06,1.7893319938013138e-05,9.707350506107598e-06,3.1159390635380248e-06,2.8439697850783077e-05,0.00034206298097301204,0.017662982007527698,3.576398341618661e-07,0.0021556822257171727,0.00016663954691135304,5.176026098000522e-05,0.0033558990067907163,0.0003255582812059962
41,0.015185283357246032,0.039578041442928424,0.0007986245861916977,3.139969991396971e-05,0.002408913118001944,8.332599208829698e-05,0.0020225810794519622,7.192160485145172e-07,0.9308067182382684,7.283885755357374e-07,0.00018052827202553917,0.00034644031480910825,1.3367779513686573e-06,3.899659760757002e-06,7.94424776303411e-06,3.3380072864829757e-06,1.046203043115343e-05,0.0001471942985901817,0.006050115913791349,2.217955899607958e-07,0.0005130772643600535,3.237068124608156e-05,1.077897927968541e-05,0.0016385775198300941,0.00013737911857015004
42,0.009634131117916302,0.05556219760731479,0.001234261617491183,0.00018453285902336324,0.0006553517554161676,0.0001962611218793602,0.0027812963325020675,6.465611893572411e-06,0.8560610443740592,5.033145917922023e-06,0.0005860180871163209,0.0018878786286728143,3.021123379939406e-06,1.1520694949119362e-05,1.5033154422971755e-05,1.1885258736564738e-05,5.3359426601853156e-05,0.0004902580008203996,0.05717111127559623,5.697161704711198e-07,0.005418620804282669,0.0007493946657948469,5.42801136210287e-05,0.007090786932008773,0.00013568657441213048
43,0.020777185982460263,0.09963201554804194,0.0012495083583449187,0.00015956306337158951,0.0019057187461490922,0.00016614084379160048,0.0037494230902659653,2.16193747380173e-06,0.8428914522104721,3.470959943086071e-06,0.0005685863078996193,0.001267491973445657,2.1822876230528556e-06,2.21061600794233e-05,7.803910307091198e-06,3.914999124118291e-06,4.227351839829389e-05,0.000479956291306465,0.01916162755935712,4.944275932259574e-07,0.0023694433364887723,0.00019440572519891815,7.071682753076192e-05,0.004979401144048834,0.0002929547912841621
44,0.019921255718163337,0.10112662909546752,0.0012712288228026402,0.0001679583007715819,0.0018823248164763944,0.00018867754777213483,0.003753303982697787,2.3378217437820567e-06,0.8395213750024206,4.376781585659543e-06,0.0005502001724793409,0.0012143845489718172,2.28165305929516e-06,2.281984090021941e-05,8.07093756032803e-06,4.436352193775764e-06,4.745242278374167e-05,0.0005319924428835768,0.021046702442391818,5.622224483162618e-07,0.0028438078597172313,0.00022089001134993722,7.702262981820334e-05,0.0052918760885179135,0.00029803248502299924
45,0.01632321149730704,0.06913343809097808,0.0014431584612621038,0.00014308531984910626,0.001627843460891623,0.00018307865296283,0.004067374725417539,3.7620501298488314e-06,0.8744348996844804,3.3182454726837305e-06,0.0006676416751735859,0.0011311805471908385,1.923477948264605e-06,1.545648302249796e-05,1.3231396047610054e-05,6.523163768253416e-06,3.262748788548851e-05,0.00044242723198035437,0.022989629591482135,4.4392894169046187e-07,0.0021253553868504347,0.00023325727036179874,4.918501637198588e-05,0.004715083418002263,0.00021286373622160816
46,0.01945326989559013,0.09048820897680133,0.0014325204256834079,0.0005295203755613368,0.0022749571879236816,0.0005542357067407801,0.002406058138123656,4.6284731583439336e-06,0.8051905084868489,6.601334943209813e-06,0.0015993383166539358,0.0018843381673714964,1.0065890000201513e-05,5.408274046178765e-05,1.0645659753575257e-05,8.935369344352872e-06,0.0006107082336066495,0.0013317185359229306,0.04443862780752176,2.0582225901646586e-06,0.009808791304458376,0.0012109228161477428,0.0003199919647510577,0.015887342412682887,0.0004819235573581505
47,0.024634897379363613,0.06243036074845446,0.000967260928754028,7.814421767333739e-05,0.0010791043173275306,8.133006173695926e-05,0.0028060249868850718,1.128585369112205e-06,0.8786876941410001,2.8867326987315545e-06,0.00016993441938472958,0.0017865133173473186,4.26945088007185e-06,8.48470749939291e-06,6.974878149869224e-06,4.154072368148469e-06,4.74746798015098e-05,0.0005008172392150023,0.01936495194969713,4.280409861814724e-07,0.0030477458073455326,0.00024928121520470834,2.7976668645440168e-05,0.003690871772129068,0.0003212896820831552
48,0.023355658557599038,0.23571749776531836,0.000929458520490377,0.00015147720600474978,0.0016091115769983522,0.0003356602458502784,0.002783797123541711,3.112894155348508e-06,0.6059148621403153,8.766889008597993e-06,0.0007901611008768191,0.0008361691265439142,2.181199429600447e-06,2.9309002438544565e-05,4.203386613632855e-06,3.7337764369131996e-06,7.416238616533506e-05,0.00041319241694585105,0.11171786444066999,6.001474446478754e-07,0.0026989339607697105,0.0002932991308382617,0.0001380144656369525,0.012041483723524682,0.00014728881638303564
49,0.018639528417200176,0.09703898255253018,0.0017224154246304729,0.00023579193227858572,0.0014083737446610785,0.0002094647079712776,0.0038937543212110497,2.378820053360911e-06,0.8424997362791146,5.253315518183165e-06,0.0005696742558930031,0.0016881596360392309,2.758032807244707e-06,2.4949703820914877e-05,7.857394816420093e-06,4.415836869112367e-06,4.683083405843633e-05,0.0005632727346300885,0.020453938953047247,6.062755033271385e-07,0.0036631740903295736,0.000262389965148692,0.00010275928970009083,0.006618758870065031,0.0003347746121024311
50,0.03850676615870249,0.22434531998651613,0.002721807103339968,0.0002472760605429308,0.0043126467063887095,0.00020345294205110926,0.024921759445486438,8.468712222559359e-06,0.651283786128767,2.4957242426801983e-05,0.0007644242651227721,0.0033097768005156177,3.435203224782372e-06,7.3973907422351e-05,1.4750769733667409e-05,6.848957213751319e-06,5.846583673080537e-05,0.0007974299939298764,0.03738727102633847,9.928520289867497e-07,0.004532102257645684,0.00036316927125238323,0.00022011800821560303,0.004933729697191176,0.0009572706669899268
51,0.019930864304478192,0.08071750410616789,0.0013977126699401144,0.00014556224377427893,0.0024326046959289305,0.00021925545503244961,0.004041342689020025,2.2215375727491665e-06,0.8592823469675105,4.308807334266562e-06,0.000567176919269457,0.0011313354845146665,3.000229238582112e-06,2.01512354619902e-05,8.634379343818321e-06,5.132877109266347e-06,5.466837483758724e-05,0.0005319099378164224,0.01996334351886933,6.550221890149317e-07,0.0031287131715575013,0.00019641334187619773,8.398664814306106e-05,0.005799847460029694,0.00033130792298385165
52,0.03057447869579124,0.03416581366158326,0.0009710236539956865,6.533090205550057e-05,0.0017540126231782782,0.00048490055236863355,0.0013360730838814113,2.378362577626569e-06,0.9050267294755259,3.3925146118525165e-06,0.0006460858133073133,0.000250568628932777,1.3062369264194988e-06,2.160856693608137e-05,1.587041091511049e-05,6.113808110527589e-06,5.567377668310386e-05,0.0023164274942022536,0.017154156886113277,3.6569688478118617e-07,0.0011667019307971278,0.0002187722400016006,2.161203940644397e-05,0.003442158523969434,0.0002984444212442998
53,0.017280609995573425,0.09919990041532396,0.001382779236172961,0.00017746645951112429,0.0022864013850166097,0.00016328800313715374,0.005782175998926888,2.7882217291654774e-06,0.843302029830727,4.606045970781032e-06,0.0006408571858066148,0.0015569735620419715,2.3031886909303624e-06,2.370966955958521e-05,9.998890370264614e-06,4.899377452532253e-06,3.990618024147326e-05,0.00045354295138102006,0.018993665308957675,5.695163640511264e-07,0.002978271562439974,0.0002291923413868728,9.06983876649963e-05,0.0050618608460958414,0.0003315054394572153
54,0.02805951222012359,0.203990831132216,0.0009061977457430826,9.762337966627487e-05,0.0017601146450924913,0.00010788292367604499,0.0039486780578933236,1.0199696506629481e-06,0.7422293512379977,5.017159326610747e-06,0.0001903642065492884,0.0011596530136029318,1.2352301824490681e-06,2.9011249170704954e-05,1.0208671048912719e-05,2.4436976867400953e-06,2.2692062864657147e-05,0.0003895084426867615,0.01322748865680378,3.57382885242259e-07,0.0014018323781243318,0.00013245126484073727,4.1484061003770453e-05,0.0016731836154922721,0.0006118575956717506
55,0.014693834173993899,0.04294408642335385,0.0007580911353815001,7.405786512207242e-05,0.0006178342090287079,5.901528557189125e-05,0.0019990119529171577,7.459536616857019e-07,0.9225858852350216,1.1848370502977361e-06,0.00015092852515438178,0.0012933339011709803,1.9799171630879224e-06,5.675538135875281e-06,3.826155308417429e-06,2.1507167322993886e-06,1.3398729841029491e-05,0.00030912470831806596,0.009865973066113925,1.7163651334104887e-07,0.001506333980348553,9.738794864862667e-05,1.4349125374998934e-05,0.002857851140016112,0.0001437678400578381
56,0.020150644082897524,0.09771488104051206,0.001262057989924518,0.00016377855453587997,0.001832985771322235,0.00018339127757746365,0.0037341067410298938,2.276081482556728e-06,0.8412842881694814,4.165131494320239e-06,0.000546996637635557,0.0013629194929447462,2.7240387695249885e-06,2.262989280652359e-05,7.982212461325892e-06,4.322401695392159e-06,4.916958765538259e-05,0.0005162738519737092,0.022133419253865024,5.71836875697045e-07,0.0028788814314581624,0.00022578037363789276,7.659761883393924e-05,0.005538414401204965,0.00030074212792444117
57,0.016958029649911492,0.08945580053574975,0.00101926840369767,0.00014036715872835703,0.0014151438653778436,0.00011495150473603432,0.0035604383223725913,2.2252545072892706e-06,0.8487268965762086,3.9690280798028715e-06,0.0003580634150692367,0.002241462032397534,4.570064818545984e-06,1.7106386605722172e-05,8.147096672440755e-06,5.1260227698347345e-06,6.017636379524158e-05,0.0004219116551932369,0.0263126858760093,6.975022437900747e-07,0.003514872897280291,0.00032959297580405206,6.41140237637901e-05,0.004970788833555014,0.00029359455465261154
58,0.021476378571664255,0.0906214335721514,0.001286797257278401,0.00015267209528037942,0.0016568983555025894,0.00017950162834120623,0.00338307764549916,2.038791590382574e-06,0.8443062624439487,3.6033188608086828e-06,0.0005706807756615634,0.0013070819981409816,2.620341128493555e-06,1.81236121162671e-05,6.273238799212497e-06,3.89363243481323e-06,4.028006001950601e-05,0.00047513918230630543,0.024246524799981947,4.97733984670527e-07,0.00257051322836854,0.00018976582726903295,7.519928957682278e-05,0.0071884443345501215,0.00023629826554456078
59,0.020100208737776022,0.08929845376265959,0.001521021796204237,0.00016345609527420143,0.0016294537302047188,0.00018281408845159238,0.0035355752494599076,2.141772648160232e-06,0.8486505595460541,3.906301585135071e-06,0.0005586130643869999,0.0012135951523663201,2.336488723877202e-06,1.6231416000515246e-05,6.6316638849033685e-06,4.117115672402412e-06,3.692090185982063e-05,0.0004481243434048896,0.02218847763311035,5.274645223750297e-07,0.0027449855425064782,0.0001832479685024135,7.925927956824759e-05,0.0071993861205292,0.0002299547646435146
60,0.019921255718163337,0.10112662909546752,0.0012712288228026402,0.0001679583007715819,0.0018823248164763944,0.00018867754777213483,0.003753303982697787,2.3378217437820567e-06,0.8395213750024206,4.376781585659543e-06,0.0005502001724793409,0.0012143845489718172,2.28165305929516e-06,2.281984090021941e-05,8.07093756032803e-06,4.436352193775764e-06,4.745242278374167e-05,0.0005319924428835768,0.021046702442391818,5.622224483162618e-07,0.0028438078597172313,0.00022089001134993722,7.702262981820334e-05,0.0052918760885179135,0.00029803248502299924
61,0.02080616709983424,0.09103729928559391,0.0015061296368806985,0.00016095720516441913,0.0016905161276426657,0.00017990211725111497,0.0036987547671585544,2.1740137794400056e-06,0.8460130818827983,3.9896296834160695e-06,0.0005554965606967177,0.0012573255801731139,2.481553688410743e-06,1.684866358637612e-05,6.809667757141455e-06,4.069286999561988e-06,3.808220378903452e-05,0.00046482358849695115,0.022304399011619465,5.310827655873106e-07,0.002730756372060191,0.00018635287109817112,7.863176807955071e-05,0.007011800219386992,0.00024261980401615624
62,0.019921255718163337,0.10112662909546752,0.0012712288228026402,0.0001679583007715819,0.0018823248164763944,0.00018867754777213483,0.003753303982697787,2.3378217437820567e-06,0.8395213750024206,4.376781585659543e-06,0.0005502001724793409,0.0012143845489718172,2.28165305929516e-06,2.281984090021941e-05,8.07093756032803e-06,4.436352193775764e-06,4.745242278374167e-05,0.0005319924428835768,0.021046702442391818,5.622224483162618e-07,0.0028438078597172313,0.00022089001134993722,7.702262981820334e-05,0.0052918760885179135,0.00029803248502299924
63,0.020059132041453806,0.12188035100246278,0.0011878344826485264,0.0001599511700675614,0.0018275296640230972,0.00017807868885129846,0.0034846479850939153,2.0610242269686845e-06,0.8184303442689262,4.547086350395037e-06,0.0004942192418607847,0.001154421646890022,2.0833848633410105e-06,2.222439690651515e-05,7.848468510399616e-06,4.052428925576338e-06,4.3981325407407506e-05,0.0004661698706019477,0.022267959224074367,5.614066157261016e-07,0.0026613749161228176,0.0002087440126591605,7.651806387457562e-05,0.005087191033539781,0.0002881731650429878
64,0.016484887673113215,0.10077353682440533,0.0012288786605147474,0.00018208847486512095,0.0016788795704538756,0.00019354387597944449,0.003667486345377796,2.122137993026652e-06,0.8421172452014517,5.064970445553569e-06,0.000480130128212887,0.0013918665193038177,2.612955715563385e-06,2.34615782793659e-05,8.133061573119573e-06,4.436439040803932e-06,5.1875416046737786e-05,0.0005309908808213122,0.0209219280577096,6.248563161854895e-07,0.004169860234440307,0.000260008120670361,8.681988574212289e-05,0.005414324685071239,0.0003191934464567947
65,0.021851815269772503,0.19939014756407705,0.002754728259963984,0.000429551607252949,0.002907870659104045,0.00036899003612151184,0.010355458125237334,6.487877110399573e-06,0.7146162646479884,2.2197148092460567e-05,0.0008214188704769121,0.0018584616975110394,2.504781700463807e-06,6.599631459057153e-05,1.4789420504501953e-05,7.701063185818355e-06,7.649243554076739e-05,0.0008308268751436045,0.028666967658568264,1.3733172791432739e-06,0.007259750541573296,0.00038890379511060064,0.00026673774978654006,0.006333639935154513,0.0007009243491531461
66,0.024705163032205758,0.08695646584275646,0.001639863965720437,0.00013259862077955422,0.0025245166704869104,0.0002476800360871152,0.003535804639318036,1.7796858642879553e-06,0.8451836780269076,5.040581456327928e-06,0.0005005626491313198,0.0008615012221605345,3.0638881510703913e-06,1.5408167087815357e-05,6.8895244708878065e-06,4.518959744255172e-06,5.6571964583466145e-05,0.0005559404188578703,0.021788194943008758,7.389484897371498e-07,0.003234740133450596,0.00015742558308504375,8.854156410480112e-05,0.0074855070341541975,0.0003078038979370069
67,0.01977725601092808,0.10145620857327566,0.001812800596121842,0.00041769337050969683,0.0026271692489023665,0.000540501799267643,0.0035421056098636507,3.141570310247875e-06,0.8249516721582512,8.447115532899115e-06,0.0009989349935532316,0.0013968388598807626,5.288508509627597e-06,5.8911406624032994e-05,7.544800237857765e-06,6.996114057781055e-06,0.00013714630995980952,0.0009561179602606742,0.022929612856984107,1.4764695848675127e-06,0.0061187599861223674,0.00030759404261904535,0.00025362108520135155,0.011203470804803424,0.0004806897486378829
68,0.019204373464527535,0.10355063208014556,0.0011313994268904264,0.00015088779330768307,0.0021703413809985484,0.00018767378159175764,0.003884472419564539,2.3808454984623485e-06,0.837596363497337,4.175975836459903e-06,0.0005770605082032202,0.0011655751894832174,2.314645345090703e-06,2.3604623990712202e-05,9.539702238412778e-06,4.644792419939574e-06,5.00336530773012e-05,0.0005053299819019261,0.02171892539596513,5.795325972288442e-07,0.0026228633677255406,0.00022769540135615944,7.379665715298061e-05,0.004823027005412484,0.0003123088774327428
69,0.012908747129358958,0.13251054666330786,0.002343468025804796,0.00038141342057168543,0.0024968566247315694,0.0002886755093450979,0.006609021005677624,5.6534382252149024e-06,0.7792724501796502,6.226152797746331e-06,0.0019324588610003567,0.0018841866447467848,2.2003114164600188e-06,2.8243085025563444e-05,9.559813358598473e-06,6.517896840951381e-06,3.633211665259385e-05,0.0002961673651991426,0.03635265764153763,9.210427828666967e-07,0.005129498629894976,0.000255000643251218,0.00031222687942982245,0.01674617202360144,0.00018479889579099682
70,0.0373754974834997,0.07231757213302305,0.002338407045414124,0.00023665374437511114,0.0020986450124547127,0.0001303147041600279,0.005147532029245725,4.6650028159424546e-06,0.8661117202806454,4.653478440689772e-06,0.0003500688248373637,0.0014431800602110886,3.078444827549401e-06,3.420914229583821e-05,1.0286327879081292e-05,7.662579146775203e-06,5.083315277505257e-05,0.0010319157832149157,0.007025034400780105,8.21224834444687e-07,0.0014239592958932472,0.00017080648701180644,3.637197289240254e-05,0.002110553138228068,0.0005355582510978577
71,0.019307640826291897,0.049157345953546705,0.0018982207593518513,0.0001526829258458903,0.0006722053399314463,0.0002882612685603444,0.0026980831394822426,3.0325459271657347e-06,0.8837774223783719,2.4548664490541277e-06,0.0008326227369906327,0.0010754179904667795,1.384228034630936e-06,1.5815133838501043e-05,9.237788429042314e-06,3.525519220359327e-06,3.783979143363599e-05,0.0007747100786573998,0.030712159617260714,1.5316292511649752e-07,0.002673007958977744,0.00034029279653201934,3.670290824838429e-05,0.005335390055821242,0.00019439022940525476
72,0.02284234177357502,0.20248487341560256,0.0010971611281271837,0.00022211616762383133,0.003297544787500182,0.0002010869411680211,0.0043049341586168695,1.9961805215064126e-06,0.7300711814260831,6.958533173347324e-06,0.0006679454574346652,0.001305208172162881,2.4034560854022362e-06,4.058991317576899e-05,9.158804847998401e-06,3.904773028926758e-06,8.290099831486831e-05,0.0004886522328515914,0.02289029627176484,1.0635178360052412e-06,0.0029785653707853285,0.00027118488785973186,0.00020688506873044478,0.005980754055139308,0.0005402925079904866
