,0,1,2,3,4,5,6,7,8,9,10,11,12,13,14,15,16,17,18,19,20,21,22,23,24
0,2.10982550678326e-06,8.017276230785417e-06,8.901752791935067e-05,0.0001666913366619219,0.5817242127731678,1.7547299948149455e-05,4.911499070764509e-05,3.832000062538012e-09,0.30915904877892914,2.83269046433516e-06,1.3370735978254752e-05,2.1493286369155545e-06,1.5889977610038966e-07,0.0024219689738479194,1.1547871643730512e-07,3.501457269585019e-08,2.2138194364875916e-06,2.7685988366306973e-05,2.5242365856057616e-07,4.993114666490071e-07,0.00018112523763997104,3.6270990838332386e-09,0.03072421007326184,0.07522281192617444,0.00018480282983244497
1,3.7463349817653633e-07,1.8269530145510052e-06,2.769616632245694e-05,3.972034211681771e-05,0.10488802418308715,2.2955035918173305e-05,2.2552133965949967e-05,1.646741655577988e-09,0.8491415400212033,5.196055804950086e-06,3.0334557847050367e-06,2.9509348073600773e-07,6.360771490310706e-08,0.0020844447359303618,8.01381386589121e-08,1.3562307228150743e-08,1.3704467005588087e-07,1.691881784392823e-05,2.3161107361075323e-07,4.1932925991951297e-07,6.53040312025675e-05,2.2918961885287978e-09,0.014436180916500072,0.02914015298268845,0.00010283520983522222
2,3.8696854565978646e-07,2.250040601274569e-06,2.6874733247269733e-05,3.9706975428299075e-05,0.1472832978490369,2.0044269267808334e-05,2.044406548398137e-05,1.8791082080842636e-09,0.8101155542543521,4.465304365564033e-06,4.332413522691456e-06,4.417435125249636e-07,5.393205323163407e-08,0.003218120445183411,1.080660915848094e-07,1.1265561548394796e-08,1.692826339217374e-07,1.3938458940704195e-05,1.6010214935163405e-07,4.429941350307564e-07,5.863434576450742e-05,2.7798907979981727e-09,0.013840120930887295,0.025202369902992065,0.00014806699724432014
3,6.463084612811875e-07,2.866120056137946e-06,3.257635709303163e-05,5.5108279564921426e-05,0.16403367293113127,2.6635488856061407e-05,2.7761422908924325e-05,2.2988378121751838e-09,0.7834624743184122,4.6349929730862935e-06,5.898975922000468e-06,5.275119475104159e-07,8.045551780406406e-08,0.0027534014736324947,1.0712097394269677e-07,1.3788696191672972e-08,2.6373092669593986e-07,2.03599567265473e-05,2.4115240057629203e-07,4.361193706299982e-07,8.281804278783018e-05,3.5905891393977186e-09,0.018338636880154642,0.031015556879340503,0.0001352758027187235
4,6.161820658187974e-07,2.930112101007929e-06,3.29703277882312e-05,5.3458310298084145e-05,0.159547499549066,2.310031368786523e-05,2.760163449333225e-05,2.3001722920853277e-09,0.7890197593357389,4.773472601749666e-06,5.603098593638939e-06,5.14540466407019e-07,9.119836411755511e-08,0.0030197737587365084,9.579012275481708e-08,1.3037410650971218e-08,2.4193947379953256e-07,2.1104670086586912e-05,2.414915032679664e-07,4.745285131063847e-07,8.728206109166142e-05,3.751596872394646e-09,0.0166057515783025,0.031418816496664406,0.00012728052106053013
5,6.425221108520985e-07,2.595267254373458e-06,3.6515395159989635e-05,6.8141396869863e-05,0.1719835557174821,2.5995874721832582e-05,2.673178352935904e-05,2.2918858167974818e-09,0.765632951091407,5.4945518861970555e-06,5.218522983406184e-06,4.2141597743296734e-07,8.74996653408941e-08,0.002858624779854628,8.501717107121788e-08,1.3997595413841902e-08,2.571093346140835e-07,3.0455345120640202e-05,2.5654277809960214e-07,5.313648160336061e-07,9.617903374118429e-05,2.82054609832896e-09,0.023309465548270184,0.035811392816217834,0.00010438229362061336
6,6.463084612811875e-07,2.866120056137946e-06,3.257635709303163e-05,5.5108279564921426e-05,0.16403367293113127,2.6635488856061407e-05,2.7761422908924325e-05,2.2988378121751838e-09,0.7834624743184122,4.6349929730862935e-06,5.898975922000468e-06,5.275119475104159e-07,8.045551780406406e-08,0.0027534014736324947,1.0712097394269677e-07,1.3788696191672972e-08,2.6373092669593986e-07,2.03599567265473e-05,2.4115240057629203e-07,4.361193706299982e-07,8.281804278783018e-05,3.5905891393977186e-09,0.018338636880154642,0.031015556879340503,0.0001352758027187235
7,2.9161331658248706e-06,4.112303936184601e-06,5.412138226469426e-05,7.618849070663208e-05,0.17843499479627883,3.797298617685097e-05,5.177002071357658e-05,5.523070459204734e-09,0.7793060553434022,4.914429816036684e-06,1.8280087310197146e-05,8.09698188164024e-07,3.1074296224093623e-07,0.002272045090539295,1.5263823882804716e-07,1.440107149540536e-08,3.282049427556013e-07,4.1423471669008985e-05,4.88425232558685e-07,5.395779132952401e-07,0.0001248875961124925,1.0973511753945154e-08,0.012662570139557721,0.02680277470558496,0.00010231283763378089
8,6.511767610222829e-07,2.5229919624319407e-06,5.804158390956918e-05,6.747344105896251e-05,0.15718879229151714,2.0201193916753273e-05,1.195837263860406e-05,1.2446185166319669e-09,0.7432688394381549,6.206279921537446e-06,2.885065430783638e-06,4.7508366934170867e-07,6.057026281290329e-08,0.0027781060521724285,8.257853407706972e-08,1.8176464645023017e-08,3.1489563752753344e-07,1.31963160255375e-05,9.605385310534778e-08,5.155236943965448e-07,4.49273411255745e-05,1.7390633996632707e-09,0.027768178700417753,0.0685872970332691,0.00017915685592008278
9,2.7404625342472827e-07,2.7834262815711084e-06,5.0112480485130115e-05,5.4044842296264e-05,0.10801202816951977,1.5233946795101624e-05,1.0637279223213925e-05,1.192408771849448e-09,0.8025271135905542,9.552550850638931e-06,1.7663234492096275e-06,3.182846344899693e-07,5.075517957389669e-08,0.0038720445498760807,6.74712170103825e-08,2.0149229141448964e-08,2.1467940815686472e-07,1.3623656966561538e-05,1.237840315753287e-07,6.387534176351259e-07,5.265925772768754e-05,1.3616375123244232e-09,0.02326568536695052,0.061934196453230735,0.00017680762837596152
10,6.463084612811875e-07,2.866120056137946e-06,3.257635709303163e-05,5.5108279564921426e-05,0.16403367293113127,2.6635488856061407e-05,2.7761422908924325e-05,2.2988378121751838e-09,0.7834624743184122,4.6349929730862935e-06,5.898975922000468e-06,5.275119475104159e-07,8.045551780406406e-08,0.0027534014736324947,1.0712097394269677e-07,1.3788696191672972e-08,2.6373092669593986e-07,2.03599567265473e-05,2.4115240057629203e-07,4.361193706299982e-07,8.281804278783018e-05,3.5905891393977186e-09,0.018338636880154642,0.031015556879340503,0.0001352758027187235
11,6.916455267500213e-07,2.886742516318787e-06,3.3038560634285955e-05,5.6755755441827774e-05,0.16424071348114205,2.583031754546971e-05,2.931310591234493e-05,2.3303018951452053e-09,0.7818038761138767,4.514432091962164e-06,6.011070557754635e-06,5.548549861862463e-07,9.363516956593572e-08,0.0026507922503047404,1.069230661771916e-07,1.4292473991923108e-08,2.610713677599854e-07,2.0985456891966084e-05,2.5302717847148254e-07,4.684017144528767e-07,8.382646094458111e-05,3.875083955233599e-09,0.017524669174548174,0.033382809039216636,0.00013152798150594774
12,4.506924191660437e-07,1.865519882895767e-06,3.2089190859628866e-05,3.696214081991956e-05,0.24245626263091874,2.162004761890446e-05,1.954832929357055e-05,1.404031920196213e-09,0.7030127714084503,3.6271204410566812e-06,4.892152103900547e-06,4.122279040685061e-07,5.160963871061465e-08,0.0029334510909648686,7.002386780439953e-08,8.906315993754782e-09,2.430260318223272e-07,1.4087245858024053e-05,1.1244498987615006e-07,4.441577797417662e-07,7.697654178634217e-05,2.3044955579541993e-09,0.018828830369328305,0.03242251724654213,0.00013270216765694608
13,8.797235779718099e-07,3.599112423027794e-06,3.0220413500114824e-05,4.513818136135938e-05,0.2177648467569741,1.991617370104468e-05,3.519836085237612e-05,3.919122815946227e-09,0.7429612257014974,3.0355604267069125e-06,1.331877931343988e-05,1.1802918721139332e-06,9.560962248112631e-08,0.004176960700087613,1.5938413655169287e-07,1.2498711022229397e-08,3.114305379611339e-07,1.7675530175259586e-05,2.3192005688527605e-07,4.082350111211355e-07,9.278745011537812e-05,6.822955043678487e-09,0.011324990226080552,0.023294165419146664,0.00021363179874090912
14,6.72680786416266e-07,3.4870503563050347e-06,3.3632493142242454e-05,6.082384270320916e-05,0.19623910084056698,2.4873637607772543e-05,2.8488050359163128e-05,2.3346098694972596e-09,0.7489523009935892,4.90394917720169e-06,6.819864345717185e-06,5.180448774285637e-07,9.291616362902351e-08,0.002998463433867313,1.0077232519837369e-07,1.2838822807165523e-08,2.957186544124873e-07,2.3199199474078717e-05,2.819581095472862e-07,4.5246515271361543e-07,0.00010403241529757447,3.8436629682245744e-09,0.018558381345763455,0.032832147990354166,0.00012691132023068822
15,6.463084612811875e-07,2.866120056137946e-06,3.257635709303163e-05,5.5108279564921426e-05,0.16403367293113127,2.6635488856061407e-05,2.7761422908924325e-05,2.2988378121751838e-09,0.7834624743184122,4.6349929730862935e-06,5.898975922000468e-06,5.275119475104159e-07,8.045551780406406e-08,0.0027534014736324947,1.0712097394269677e-07,1.3788696191672972e-08,2.6373092669593986e-07,2.03599567265473e-05,2.4115240057629203e-07,4.361193706299982e-07,8.281804278783018e-05,3.5905891393977186e-09,0.018338636880154642,0.031015556879340503,0.0001352758027187235
16,1.0284289425060835e-06,4.3216775089313955e-06,3.2538397502638375e-05,5.8283271844962764e-05,0.17979041801074588,2.2742409172304654e-05,3.388824936627248e-05,4.295213401538809e-09,0.7791476326239846,4.276985258739009e-06,1.0676029305524742e-05,1.1064293817072957e-06,1.0426929231145374e-07,0.004354789539109061,1.5654027884654003e-07,1.520177669075018e-08,3.419965179656287e-07,2.434580936171858e-05,2.803956162807704e-07,4.1078572949958697e-07,9.194914122172784e-05,7.327877763613915e-09,0.013141513253782178,0.023094191579285637,0.00018497735192311827
17,7.247647293489392e-07,2.538312635937314e-06,3.571409376741546e-05,4.395081133862057e-05,0.2399227761836351,1.8705548081642955e-05,3.103011292721519e-05,2.137450626266344e-09,0.7057111916585197,3.127830280233335e-06,6.6630311626126875e-06,6.263516449899804e-07,9.477279777707905e-08,0.0032145670878542033,5.690390095017538e-08,9.830993120935339e-09,2.9891777340885635e-07,2.0998438701943853e-05,1.5527283921674653e-07,4.468954153884363e-07,0.00011005512481392771,3.6071726411727943e-09,0.016588839571849527,0.03417292963062824,0.00011449310908618238
18,5.25695402887587e-07,2.9555029402077225e-06,3.509126627786683e-05,4.3768808116669744e-05,0.15594253290804497,2.428003589420666e-05,2.7074009975837985e-05,2.201064721647131e-09,0.7859910108769941,5.007046631868118e-06,5.1971076041436e-06,6.20709915604139e-07,6.985686512422957e-08,0.003393436843895546,1.1338383152910379e-07,1.803137740306264e-08,3.098923594791112e-07,1.692621545148661e-05,2.2380542205768872e-07,4.7663365916081496e-07,9.009721715039935e-05,3.5646717952132994e-09,0.019106020019139608,0.03511593016135899,0.00019830820595434818
19,1.7243517957980671e-06,3.4945760469242304e-06,7.206242966998057e-05,5.88350562638961e-05,0.21108127145696548,2.9991045210577728e-05,4.567030174491163e-05,4.959977218419104e-09,0.709323556425903,5.515903523141191e-06,1.5012221927511063e-05,7.660663812511861e-07,1.544522747918828e-07,0.004153956343352583,1.3362055338019116e-07,2.4799858864961854e-08,6.24295544150262e-07,4.8547997551369174e-05,4.253102000124397e-07,6.627830661515634e-07,0.00026100008725876554,5.251750720164377e-09,0.03170907625431329,0.042992599235741384,0.00019488477312487042
20,5.484046523753002e-07,3.4332746879690544e-06,2.1798486254398102e-05,5.513745998242178e-05,0.12816704966951642,2.708239176732792e-05,2.6191730071054027e-05,2.9113454254377804e-09,0.8384051509979881,5.390766961200639e-06,6.003778864107003e-06,4.6356036900728773e-07,9.549503483484085e-08,0.002894606494382517,1.436108305432413e-07,1.143546285609043e-08,1.9297478872991046e-07,1.6571771454534688e-05,2.982827376858796e-07,4.3989972511863853e-07,6.395159653945894e-05,6.483446751973892e-09,0.011030482672340358,0.019159944962949874,0.00011500088784682963
21,1.16800738148078e-06,3.599203352646353e-06,7.165528243774225e-05,6.924591896094345e-05,0.20828944840701097,1.5888368168908935e-05,3.0269093504740915e-05,3.5796230082818653e-09,0.7068953626250102,5.2121367873195755e-06,7.363311029971428e-06,1.0562848394005995e-06,1.4745029664054064e-07,0.00509963572991949,7.521632079801784e-08,2.389836488395322e-08,4.5043292645486004e-07,3.7540361335340646e-05,2.0061399680116234e-07,7.323675028710249e-07,0.0001428082243048256,3.796608687265944e-09,0.021940588345560293,0.05721396692907224,0.00017355441568327602
22,1.73580359576872e-06,5.0842782085974525e-06,9.005110031192768e-05,9.567294891479445e-05,0.24795052070804185,4.147032024216034e-05,3.5918544264100935e-05,5.912098803697826e-09,0.668996083841006,1.0307714152240704e-05,1.244500155719099e-05,6.482269393647431e-07,1.6300961559034028e-07,0.00490598279289329,1.0697404394711191e-07,2.2992048078355233e-08,8.875777306525696e-07,6.46340427341353e-05,4.060457663990977e-07,8.326789764450224e-07,0.0002486336252674814,6.036103785584399e-09,0.038935056508237954,0.038463137598921684,0.00014018571832781574
23,6.463084612811875e-07,2.866120056137946e-06,3.257635709303163e-05,5.5108279564921426e-05,0.16403367293113127,2.6635488856061407e-05,2.7761422908924325e-05,2.2988378121751838e-09,0.7834624743184122,4.6349929730862935e-06,5.898975922000468e-06,5.275119475104159e-07,8.045551780406406e-08,0.0027534014736324947,1.0712097394269677e-07,1.3788696191672972e-08,2.6373092669593986e-07,2.03599567265473e-05,2.4115240057629203e-07,4.361193706299982e-07,8.281804278783018e-05,3.5905891393977186e-09,0.018338636880154642,0.031015556879340503,0.0001352758027187235
24,5.015144383424218e-07,5.084053664050104e-06,2.8682230290568883e-05,0.00010818020128815391,0.17334783351756228,2.4928338597037472e-05,2.7982907482796425e-05,2.786637401752451e-09,0.7691497015601577,7.482339486100058e-06,4.91858825838088e-06,4.7651180281349716e-07,9.1542433359648e-08,0.003459160474134583,1.2267180741427038e-07,1.688915851381736e-08,3.343311625802759e-07,2.7360723542789965e-05,4.2417760483814405e-07,4.7627937619089485e-07,9.619586958782321e-05,3.923742775552053e-09,0.022168312391141077,0.031424744610077465,0.00011698156656511593
25,1.1452707530703755e-06,2.5795923300538422e-06,4.5974707577494464e-05,5.874617512657194e-05,0.33340049867225346,2.152064145718494e-05,5.685526777585475e-05,7.2392568197828436e-09,0.6200232894167254,2.93098638204522e-06,1.7489586109559488e-05,1.0710215763578351e-06,1.3023024159736802e-07,0.004574370639034942,7.473248732755818e-08,1.2125701493407787e-08,3.7199002541568933e-07,5.0565481076283405e-05,2.3189871529720324e-07,6.51129426107445e-07,0.00019873209109740593,4.902182245581163e-09,0.017474722802527494,0.02395371775687708,0.00011430564328351822
26,1.3192988237447062e-06,7.131996374482772e-05,1.1778418646636798e-05,8.680238454729577e-05,0.23392552615329257,6.50594996725011e-05,0.0002138771700207234,1.3410943632986612e-07,0.7464155238359432,8.957868699807562e-06,0.00019443657929373156,1.385717520773101e-05,3.293611382207609e-07,0.013039765235138421,7.849486967143126e-06,6.726144766902556e-08,1.5165303518763355e-06,1.0637302081243827e-05,6.121912747252807e-06,4.205345662504094e-07,0.0002141990680493379,6.227591450550903e-07,0.001825214484812592,0.002490195202500933,0.0013944684037249767
27,1.4026670521286938e-06,5.332523388349964e-06,0.00010968459891549245,9.99689489344364e-05,0.3604987188736825,2.7224864013596535e-05,4.311771419293705e-05,4.5471660296687584e-09,0.5202130484578329,7.73080437278728e-06,1.3214352137326444e-05,8.626889655956762e-07,1.3820504679162756e-07,0.006062060974244045,9.945200400062951e-08,2.8933941851196942e-08,1.3427284303010212e-06,6.349627085993248e-05,3.6910020125370456e-07,8.393189914323239e-07,0.00037681647717835795,3.2731577540294383e-09,0.0557778701323736,0.056495728282812435,0.0002008958101040377
28,6.463084612811875e-07,2.866120056137946e-06,3.257635709303163e-05,5.5108279564921426e-05,0.16403367293113127,2.6635488856061407e-05,2.7761422908924325e-05,2.2988378121751838e-09,0.7834624743184122,4.6349929730862935e-06,5.898975922000468e-06,5.275119475104159e-07,8.045551780406406e-08,0.0027534014736324947,1.0712097394269677e-07,1.3788696191672972e-08,2.6373092669593986e-07,2.03599567265473e-05,2.4115240057629203e-07,4.361193706299982e-07,8.281804278783018e-05,3.5905891393977186e-09,0.018338636880154642,0.031015556879340503,0.0001352758027187235
29,6.463084612811875e-07,2.866120056137946e-06,3.257635709303163e-05,5.5108279564921426e-05,0.16403367293113127,2.6635488856061407e-05,2.7761422908924325e-05,2.2988378121751838e-09,0.7834624743184122,4.6349929730862935e-06,5.898975922000468e-06,5.275119475104159e-07,8.045551780406406e-08,0.0027534014736324947,1.0712097394269677e-07,1.3788696191672972e-08,2.6373092669593986e-07,2.03599567265473e-05,2.4115240057629203e-07,4.361193706299982e-07,8.281804278783018e-05,3.5905891393977186e-09,0.018338636880154642,0.031015556879340503,0.0001352758027187235
30,6.463084612811875e-07,2.866120056137946e-06,3.257635709303163e-05,5.5108279564921426e-05,0.16403367293113127,2.6635488856061407e-05,2.7761422908924325e-05,2.2988378121751838e-09,0.7834624743184122,4.6349929730862935e-06,5.898975922000468e-06,5.275119475104159e-07,8.045551780406406e-08,0.0027534014736324947,1.0712097394269677e-07,1.3788696191672972e-08,2.6373092669593986e-07,2.03599567265473e-05,2.4115240057629203e-07,4.361193706299982e-07,8.281804278783018e-05,3.5905891393977186e-09,0.018338636880154642,0.031015556879340503,0.0001352758027187235
31,1.4796454355456725e-06,5.095798228008847e-06,8.36264551596384e-05,8.802219371461717e-05,0.15578978856859574,3.586069231626416e-05,3.8332206502351485e-05,6.570589272382508e-09,0.7719327182050216,9.46534251491229e-06,8.087463823039786e-06,8.28007689256432e-07,1.374092340650723e-07,0.004192464747760754,1.1010981125182305e-07,3.309278494795855e-08,5.961272604193403e-07,4.721254898290152e-05,3.483429013151369e-07,6.701486734698608e-07,0.00015457250917216934,5.105069895829366e-09,0.029188133075690674,0.03824990207826158,0.0001725035548063095
32,6.165604389543835e-07,2.934365979687483e-06,3.116974045027826e-05,6.073965045750548e-05,0.15926401736163465,2.8718459379275554e-05,2.9362752448056405e-05,2.330543037227498e-09,0.7869905223473944,5.073609466699265e-06,5.7172874749512125e-06,4.853202548846332e-07,8.498880250471435e-08,0.002579874640664736,1.1973343613673039e-07,1.5007543102455343e-08,2.676727164741011e-07,2.1529154656722308e-05,3.068021071820195e-07,4.5027097935019606e-07,8.928871808694847e-05,3.7134560866311927e-09,0.01932852083774867,0.031430511198333906,0.00012966747554586078
33,3.0657272963731346e-06,1.1036379403440516e-05,5.981119011591402e-05,0.00017813313143418076,0.32092977924721966,3.145991849422249e-05,8.525435863006853e-05,9.738605820544957e-09,0.5964204372883732,4.714844992160041e-06,2.610944308513784e-05,2.8491697986175434e-06,4.0486357914239264e-07,0.0040730733077288745,1.6249259027782598e-07,3.816323541354972e-08,1.438973397823493e-06,6.435575613587129e-05,7.453118850014789e-07,6.976124839010963e-07,0.000246604610447575,1.592064274322775e-08,0.023489007069628243,0.05418935290975138,0.0001814425710447864
34,2.561595197212534e-06,1.4383319353356262e-06,3.717258108628306e-05,6.940606278195369e-05,0.19566409791470274,2.906226338769786e-05,4.4792581372362795e-05,2.8419205232665733e-09,0.7561238377382995,2.5303901307611852e-06,1.214403323573348e-05,4.291244429328313e-07,1.7060870866867424e-07,0.0012225126750513124,1.381106335953703e-07,1.0775184697973356e-08,1.9874182461434926e-07,4.3642338378216655e-05,4.5569894698152333e-07,3.391024824726186e-07,0.00011067424545180773,4.332197884445382e-09,0.017115920309137948,0.029451363544113717,6.709405939514579e-05
35,9.133289999226564e-07,2.900613242814644e-06,3.519052057096366e-05,5.794321343411814e-05,0.13318773591319713,2.9867727142046916e-05,3.062292310580099e-05,2.8733692250841864e-09,0.8154375508668978,4.916613225839042e-06,6.066480711553013e-06,6.009566729769129e-07,1.0071743602664631e-07,0.0023682791154501824,9.916682732214678e-08,1.7116682606218547e-08,2.684797852919093e-07,2.6034547272797086e-05,2.8423526766500964e-07,4.1435092185986106e-07,8.138760450272895e-05,4.429028943118766e-09,0.01707333135065714,0.031534146150390845,0.00012132070520621834
36,6.761426761972473e-07,4.675358706321355e-06,2.4896042495933256e-05,7.58124441507115e-05,0.05691018941214549,3.128658269945957e-05,2.7055978712946754e-05,5.47482109937809e-09,0.9127977931125101,9.09380200510745e-06,3.5902190532411748e-06,7.037974218141078e-07,9.101633037745927e-08,0.003505311046000165,1.4154401693222262e-07,2.5070536452619653e-08,2.8121264925399e-07,2.3424556306842946e-05,3.6507416987944637e-07,3.6262975266523295e-07,4.701244062987731e-05,8.72316377089833e-09,0.012028936942400686,0.014386018391624249,0.0001222429850203559
37,9.953262686601625e-07,2.0557072684823795e-06,5.25486477853771e-05,4.534042008416191e-05,0.20934533834375554,1.4493761043429944e-05,2.551843703470974e-05,1.6574690361421135e-09,0.7156265842095731,3.652187726998795e-06,4.9920361737766755e-06,5.128511009854791e-07,1.286082297397642e-07,0.0026841326350746037,4.6696367609034064e-08,1.2600316284172252e-08,2.480734808788218e-07,2.522361376675684e-05,1.3737066125462084e-07,5.505187721963274e-07,0.00010039249725537869,2.59831104479372e-09,0.016723521098167445,0.05524385465031349,9.97154539989932e-05
38,1.1076571806895988e-06,2.3207405741877763e-06,3.803872655732865e-05,8.015584788440381e-05,0.1082095635461565,6.842947308397497e-05,6.019527922931698e-05,3.4846994453945334e-09,0.8214933067377658,6.778159138770835e-06,5.748455232360843e-06,4.3748601743686056e-07,1.397346589245065e-07,0.001350431282756873,1.8497408958610858e-07,3.564082527064705e-08,3.455983172660819e-07,4.356242599132431e-05,7.147852096395379e-07,6.341324174642806e-07,0.0001191089148248734,4.516777967597008e-09,0.031746976093686444,0.03666700628722104,0.00010477001970283821
39,1.500882472213641e-06,3.282443284940214e-06,5.9909029091183135e-05,6.616441141817972e-05,0.17699907731187745,6.660205526402732e-05,7.303435376385188e-05,8.674898254785668e-09,0.7542833399272492,5.591502355254014e-06,1.2189791633117087e-05,1.375473568828524e-06,1.3918257861600025e-07,0.0025575088478768373,1.423861646955941e-07,4.3597460509968704e-08,6.657727488550493e-07,3.992092610247736e-05,4.37423821060334e-07,6.707829448627933e-07,0.00017899464461392325,7.657609928754182e-09,0.028002105668339303,0.03744148922054741,0.00020579803231504827
40,9.96823444955254e-07,3.211911522155626e-06,3.6373658809559775e-05,4.266835002486399e-05,0.18470004553332117,3.0377223268961988e-05,2.842811557351704e-05,2.834980831546822e-09,0.7767429613440698,3.6191976579965638e-06,8.702034761199264e-06,8.932831397261804e-07,8.817169957453649e-08,0.002873460215494354,1.363306785234711e-07,1.2365623788997888e-08,3.031701689682388e-07,1.3115164473191721e-05,1.5842957545108593e-07,3.8430162972395355e-07,6.423123425181749e-05,6.294020835754149e-09,0.012048462481946692,0.023218642752134817,0.00018271877772738036
41,5.422459138014025e-07,2.1810456701488244e-06,2.4612518671211382e-05,5.6666033665633164e-05,0.16649194305005827,2.7622389417403435e-05,2.249647277385343e-05,1.8403904095980794e-09,0.7899011812375336,3.942492247930263e-06,4.960384572423157e-06,4.3662726397110775e-07,5.8738008269518024e-08,0.0019903727421611518,1.2155631331423787e-07,1.0990054296788984e-08,1.8920933506058737e-07,1.4743362907586912e-05,1.98834499101447e-07,3.4516174247355645e-07,5.092501923719768e-05,2.9159798175790497e-09,0.01554826271198088,0.025743713734931933,0.0001144686846702895
42,7.950175874394762e-07,4.187533663775563e-06,2.0084358255418654e-05,6.769411514280296e-05,0.11861178287921147,4.5589569481305517e-05,3.8496888000275544e-05,4.003724495787539e-09,0.8484254176978024,5.318218081066161e-06,6.996737351594761e-06,6.538483947456263e-07,1.350764192131495e-07,0.0016143110388092388,1.930300615971726e-07,2.0192030889742247e-08,2.895902872405438e-07,1.4397408888651864e-05,5.432180580627994e-07,3.6508585073120826e-07,6.645749425343613e-05,1.235598031416632e-08,0.00982345316379936,0.021134003437974037,0.00011879804089030131
43,4.6014270356334054e-07,2.0804123657859054e-06,2.7245396127390354e-05,5.330341420643739e-05,0.12639380407041306,4.1429488329246254e-05,2.2295782306114788e-05,2.4894513530113456e-09,0.8300212484232349,7.13902931956377e-06,4.212618722460919e-06,2.7319596134627903e-07,6.571640457197246e-08,0.0021158617486999928,1.1549995725977103e-07,1.3620644304521269e-08,1.8472917193871807e-07,1.971031134178059e-05,2.867382717663126e-07,4.786745773963237e-07,7.432293324931841e-05,3.549555428115749e-09,0.01818691965820255,0.022932200728385446,9.634162839708364e-05
44,6.463084612811875e-07,2.866120056137946e-06,3.257635709303163e-05,5.5108279564921426e-05,0.16403367293113127,2.6635488856061407e-05,2.7761422908924325e-05,2.2988378121751838e-09,0.7834624743184122,4.6349929730862935e-06,5.898975922000468e-06,5.275119475104159e-07,8.045551780406406e-08,0.0027534014736324947,1.0712097394269677e-07,1.3788696191672972e-08,2.6373092669593986e-07,2.03599567265473e-05,2.4115240057629203e-07,4.361193706299982e-07,8.281804278783018e-05,3.5905891393977186e-09,0.018338636880154642,0.031015556879340503,0.0001352758027187235
45,3.2057180994608256e-07,9.966786381226812e-07,8.309960438816793e-06,6.4462649481636e-05,0.12974172010571225,3.631984854875e-05,3.578274789254429e-05,1.6332596389940878e-09,0.8457719799778198,2.1166339417290514e-06,3.295016824655904e-06,3.069711563703787e-07,5.418804871342449e-08,0.0005863038502958912,2.099432505433577e-07,1.053860617720066e-08,6.725471263924942e-08,8.900986683561828e-06,2.900820234397317e-07,2.8065497165298013e-07,2.064274523603377e-05,2.804306927692015e-09,0.008193466040240328,0.015465752932645764,5.840518345405122e-05
46,9.227635317074574e-07,3.832953411782952e-06,3.912873099743871e-05,6.977455247079105e-05,0.1903900957214863,3.123089495573425e-05,3.2803417667442696e-05,2.9434099545613864e-09,0.749788728441917,4.912284460524815e-06,7.732244963945104e-06,7.427980024064253e-07,1.0204101414166076e-07,0.0028933296232225613,1.2950985288377291e-07,1.7668326901604072e-08,4.1659845051329487e-07,2.2738781280143718e-05,2.8275883455506337e-07,4.689592473577009e-07,9.640051399507128e-05,4.9050674636298924e-09,0.02114469136961967,0.03531217930926197,0.00015933021455169302
47,1.8539618351500355e-06,8.554716379817068e-06,4.1412876609365245e-05,5.549553207780277e-05,0.10828163943568671,2.7837018030958506e-05,3.756357577214553e-05,4.392580625459911e-09,0.8430840708958165,5.199749999862816e-06,8.576324468605354e-06,1.9088894439477447e-06,2.0723636175824074e-07,0.002535383524548815,1.559832592237818e-07,3.364310933728591e-08,4.903347254276957e-07,1.5382157866881357e-05,2.978977821907024e-07,4.090277237069294e-07,5.5299558716028684e-05,1.5074236425181885e-08,0.008515688960342677,0.03707845281111617,0.00024406642150990665
48,1.583536509384672e-06,2.7510433117946753e-05,7.462942254121163e-05,0.00026733176030317273,0.17283366943934506,5.9657913107970164e-05,4.538264261732103e-05,1.0032492230700623e-08,0.7386583039796389,2.511880614588449e-05,8.958963544935e-06,1.2509233242133355e-06,2.0910958973762037e-07,0.005965348862314561,2.9019592217795587e-07,6.742063377014599e-08,2.456568801336939e-06,4.463022866313233e-05,1.0700630488298576e-06,7.317723111612782e-07,0.0001811914782940814,1.5845312365448515e-08,0.04336692788878326,0.038183761481501315,0.0002498912321359436
49,7.892076172692025e-07,2.5397640115675542e-06,3.943807959979221e-05,4.896715058151603e-05,0.1598965322253036,3.4396128066212285e-05,2.9958719119222876e-05,2.715437688237742e-09,0.7896563034967784,4.291658961593519e-06,6.1240789403584e-06,6.961816259705391e-07,8.646946430232687e-08,0.0024370959556099846,8.617078650093375e-08,1.5021777783360967e-08,2.710479368700213e-07,1.872496160842743e-05,1.638828114252898e-07,4.6996681087506856e-07,7.090214980594343e-05,3.9044853502473326e-09,0.017046206409420443,0.030570846025952003,0.00013508862748693308
50,4.142217660991245e-07,3.1298588192465413e-06,2.9265827411426956e-05,4.130941468076833e-05,0.11585345891274121,2.067735564584094e-05,2.73137974328542e-05,2.685354568448636e-09,0.8508002836383874,6.616221951400559e-06,4.152111705206486e-06,3.8958672965739474e-07,8.580544941100055e-08,0.003475865702369733,9.503504090628931e-08,1.1311721690689035e-08,1.6568652103687246e-07,1.6094741239371053e-05,2.774726957057385e-07,4.223149150316484e-07,8.354306043122285e-05,4.423816061719933e-09,0.010320174889831607,0.01919890006242957,0.00011734586091288733
51,6.072455560986146e-07,1.6791552052088402e-06,3.226873833284336e-05,4.246514277451848e-05,0.1709030728546897,2.9208054918422e-05,2.863653718024058e-05,1.7447540260688158e-09,0.7701112259107902,3.7399231543751965e-06,5.351057503016123e-06,4.13468629565708e-07,6.988339408773769e-08,0.002111203637996164,8.871261143913378e-08,1.2833507352426781e-08,2.3366398925621786e-07,1.9901648229876513e-05,2.0490184860971122e-07,4.444490921147211e-07,8.74485002434691e-05,2.6281707004123076e-09,0.02142825264879448,0.035072512433377785,0.00012095422525638702
52,7.21465559767016e-07,1.5547421970105475e-06,2.4013324145423768e-05,0.00011859033898166978,0.05272689368199202,4.379681187823158e-05,1.2364367119791397e-05,3.3328716815591667e-09,0.9084797871293653,1.759995726559054e-05,2.815297679582573e-06,1.3055457127948808e-07,1.0503600778216395e-07,0.0016565944962602204,1.3924092746570835e-07,1.914179074071161e-08,9.653137427518753e-08,7.244689815315106e-05,5.721006195291806e-07,6.963783096683111e-07,3.822499360810027e-05,3.562664308240925e-09,0.01780933771478274,0.01895771949117973,3.577341069505922e-05
53,6.85093238082147e-07,3.1615426308712136e-06,3.491979225352558e-05,5.957683562375529e-05,0.16996345665711662,2.643731829709455e-05,2.5953488522606967e-05,2.34385366244957e-09,0.7754981789081601,5.177923487756219e-06,6.0142653048535175e-06,5.122879260630666e-07,8.525849587590379e-08,0.002861072792687362,1.081048129098349e-07,1.4156320923493889e-08,2.848864817846202e-07,2.138042427322569e-05,2.565127391440047e-07,4.4739891535532776e-07,8.716590894833657e-05,3.766072547479234e-09,0.018687107928730965,0.032583506067691635,0.00013449033741481472
54,2.1579454745107298e-07,3.58742850434999e-06,2.114293767609572e-05,2.3772330625244148e-05,0.08493731001473043,1.1227166778106732e-05,1.4522321858642488e-05,1.3407733546271749e-09,0.8795457146514298,4.378667985903046e-06,2.3149188825946427e-06,7.576427516421013e-07,3.6386941100785987e-08,0.003987872904555388,1.1938321412046986e-07,1.5734611949653715e-08,1.411536624676819e-07,4.7574791956062585e-06,9.609556692759551e-08,3.1263279367603127e-07,2.6187543387033227e-05,2.896171349352468e-09,0.006971535181431962,0.02413599350949925,0.00030798388242538516
55,3.409289998165909e-06,5.001737028991044e-05,0.0002751369538885078,0.0003647792804270843,0.21185095532235315,0.00013485386747695758,2.0515656877554465e-05,3.7314556106440884e-08,0.6570479232201175,0.00024096315493518964,2.3824100214017776e-05,2.1997775352495586e-07,3.6916966441355353e-07,0.020890380756055982,8.316554408246619e-07,7.030542432065033e-08,6.311113077992294e-06,0.00013224028457804315,2.731162135842261e-06,2.657155066515049e-06,0.0008635018107904422,4.575345366320913e-08,0.08891652985132148,0.018933455761185703,0.00023823971291716596
56,6.73411242818426e-07,2.9227124390871143e-06,3.289068005998557e-05,5.570182006872025e-05,0.1622104692174999,2.6523988401086935e-05,2.862832355422377e-05,2.3589776173852153e-09,0.7850815658605331,4.625600728331334e-06,5.9889475942968885e-06,5.469225520994598e-07,8.72143872471922e-08,0.0027396548505112263,1.0685498647024622e-07,1.3992112844465395e-08,2.6399174580749917e-07,2.065509847490323e-05,2.473193197976572e-07,4.499350056536357e-07,8.384867448846836e-05,3.8160404936174774e-09,0.01788855064626604,0.031681787083134336,0.00013379067987546396
57,6.739979012369146e-07,4.8557909730403835e-06,3.3398206243630174e-05,6.316236981229193e-05,0.16084628007062565,2.529258395262036e-05,4.137860205882456e-05,2.9990812379671065e-09,0.7829484878839781,5.608722128926827e-06,6.783941862808897e-06,7.238000595790175e-07,1.3093926198447082e-07,0.00281423419520771,1.2819747368900515e-07,2.1919070725086952e-08,3.548556963182328e-07,2.2505021489932493e-05,5.528732737752007e-07,4.463460446116132e-07,0.00013587703049580658,5.832225789221465e-09,0.015596850639008909,0.03728780101592573,0.00016444216614717837
58,5.124624916065352e-07,2.3277181771955667e-06,2.942707188436042e-05,5.082749315401745e-05,0.16424838424641486,2.3003621810222513e-05,2.54822549076607e-05,1.5742636631158542e-09,0.7750487980805371,4.022568942383549e-06,4.551876801774464e-06,4.5137957651777605e-07,7.994250547504781e-08,0.002208216545562087,9.092933858650925e-08,1.3322325657013797e-08,2.1120451860492149e-07,1.7020187746423856e-05,2.176054699610317e-07,4.5918585678858627e-07,7.441932455895661e-05,2.743886259620982e-09,0.017735185469752307,0.040403269860821114,0.00012302332869653287
59,5.165249995159805e-07,2.4763225418470438e-06,3.404417507923947e-05,4.91922086661193e-05,0.1693126480981027,2.3389699368655455e-05,2.5031597006146296e-05,1.698816628720882e-09,0.7679954850301091,4.545083880717773e-06,4.601643334120219e-06,4.533294363934286e-07,7.807496296719848e-08,0.0025375176257959654,8.640741591422886e-08,1.4270988182306703e-08,2.402885624507692e-07,1.791541581585165e-05,2.0851294703703525e-07,4.89496682297478e-07,8.425827959531384e-05,2.7399622157872288e-09,0.01896570899807416,0.04080784136161618,0.00013325311624038435
60,6.463084612811875e-07,2.866120056137946e-06,3.257635709303163e-05,5.5108279564921426e-05,0.16403367293113127,2.6635488856061407e-05,2.7761422908924325e-05,2.2988378121751838e-09,0.7834624743184122,4.6349929730862935e-06,5.898975922000468e-06,5.275119475104159e-07,8.045551780406406e-08,0.0027534014736324947,1.0712097394269677e-07,1.3788696191672972e-08,2.6373092669593986e-07,2.03599567265473e-05,2.4115240057629203e-07,4.361193706299982e-07,8.281804278783018e-05,3.5905891393977186e-09,0.018338636880154642,0.031015556879340503,0.0001352758027187235
61,5.333808564135069e-07,2.1903579010369983e-06,3.488717506405463e-05,4.608790602603786e-05,0.1649067843701929,2.2207594995009763e-05,2.418657707657924e-05,1.6632550032502426e-09,0.7740596298041533,4.374179133440994e-06,4.4204041770521335e-06,4.186805128992e-07,7.750903755870601e-08,0.0024377074377612312,7.552360743648472e-08,1.3044544639266504e-08,2.1325616834573838e-07,1.8245158268746933e-05,1.906826649215083e-07,4.6968954790135695e-07,8.287716993373788e-05,2.5373647835840568e-09,0.0180643244289722,0.04016952137563964,0.00012056009314509832
62,6.463084612811875e-07,2.866120056137946e-06,3.257635709303163e-05,5.5108279564921426e-05,0.16403367293113127,2.6635488856061407e-05,2.7761422908924325e-05,2.2988378121751838e-09,0.7834624743184122,4.6349929730862935e-06,5.898975922000468e-06,5.275119475104159e-07,8.045551780406406e-08,0.0027534014736324947,1.0712097394269677e-07,1.3788696191672972e-08,2.6373092669593986e-07,2.03599567265473e-05,2.4115240057629203e-07,4.361193706299982e-07,8.281804278783018e-05,3.5905891393977186e-09,0.018338636880154642,0.031015556879340503,0.0001352758027187235
63,6.539518279905642e-07,3.7993305383111413e-06,3.286954572959865e-05,6.148144441188636e-05,0.15919445773194577,2.6566312142977386e-05,2.7458488380446565e-05,2.539938697999063e-09,0.7877093120866481,5.40884077860906e-06,5.985332580811386e-06,5.804712951705862e-07,8.75263321850061e-08,0.003016015962054814,1.2013745494691178e-07,1.575179271634078e-08,3.0270960680553367e-07,2.013069322977343e-05,2.7709897131293117e-07,4.502077506288027e-07,8.378596651975698e-05,4.262740431389728e-09,0.01800371010242194,0.031657567118307216,0.00014895638659892751
64,7.024315713073839e-07,3.1688983780529642e-06,4.221440687805709e-05,5.712204942045303e-05,0.19256086228599623,2.5848254612107274e-05,3.3909426870444e-05,2.577787159110346e-09,0.7448379653323073,5.146047232136733e-06,6.615439930126928e-06,5.308696480266581e-07,1.0088525217555243e-07,0.0032847385929426704,9.651755673891898e-08,1.574577729296908e-08,3.396897212861707e-07,2.6366096356642193e-05,3.022195843172386e-07,5.244254881623853e-07,0.00014206198364957243,3.6652344682332403e-09,0.022250016194726968,0.03658050586911971,0.00014084009395848307
65,1.2932319263219112e-06,2.266715367113794e-06,2.7594042289132296e-05,0.0001244989509439197,0.26973339679272856,7.53186263098086e-05,6.666055969402625e-05,3.858291213397229e-09,0.6552098411646026,3.5941658641015263e-06,1.3108897322479986e-05,6.565573586677881e-07,9.897228431867916e-08,0.0013057333517505333,2.424461720998972e-07,2.1560065620259046e-08,5.440423459158738e-07,4.1487002472973585e-05,6.98317949921677e-07,4.130258087757223e-07,0.00013330526242152926,4.5353994386198945e-09,0.04156377825362607,0.03158515576122994,0.00011028390577497464
66,6.242362258731843e-07,2.9076836654568473e-06,3.152006680287592e-05,5.5752856568083496e-05,0.16245802554515376,2.7115792728381135e-05,2.744283391136321e-05,2.241147123444193e-09,0.7840978295640803,4.653533130117843e-06,5.781414201800585e-06,5.266767599690422e-07,7.733845236128381e-08,0.0027325746089883183,1.1032963706637029e-07,1.4024469009322843e-08,2.695608635510486e-07,1.9863170395685883e-05,2.454324595433034e-07,4.283618469911173e-07,8.156491591655727e-05,3.5582409580747516e-09,0.018978213744860868,0.03133578215373731,0.00013867035575666046
67,9.141271344549521e-07,2.851570791058818e-06,6.978275228215801e-05,7.799949589902429e-05,0.20371898613171271,3.375202856568058e-05,3.078649419495848e-05,3.175641200859507e-09,0.6966154194114506,7.814627948774384e-06,6.742194689318648e-06,4.4505856874993214e-07,1.0364148888560378e-07,0.003874488561184294,9.578359656483522e-08,2.1559328492870238e-08,5.150992902362918e-07,4.39551473979669e-05,2.899870880924661e-07,8.060653173582767e-07,0.00018491471587668107,2.768974393038793e-09,0.0458004352816691,0.04938755796466812,0.00014131635524125815
68,4.237391973769172e-08,2.624312522717013e-07,1.4556193265930233e-05,8.593334329053475e-06,0.08467757189834926,5.3706542575419305e-06,3.3515800060588183e-06,1.706497647390389e-10,0.8786791647386906,1.889091091256632e-06,4.808568911163844e-07,1.2204416743071035e-07,7.362945276122633e-09,0.002771991603173301,1.7295043346063524e-08,1.987707028430863e-09,1.7582774464171266e-08,1.846276751661688e-06,5.3441004456437595e-09,3.0014118421586893e-07,6.426242404111735e-06,2.001371513986774e-10,0.007799356307664325,0.02593415216399476,9.447212524986693e-05
69,6.659854371626803e-07,3.0076780058977607e-06,3.044512664908094e-05,5.6917962344628896e-05,0.16748066099720052,2.6884225585289566e-05,2.761904412789619e-05,2.271348148619552e-09,0.7817649515438571,4.4527211798707325e-06,6.126855208384924e-06,5.439436560468304e-07,8.114921583580077e-08,0.002610169165990485,1.1412166387398543e-07,1.3554493203299498e-08,2.6848282408193716e-07,1.916092416739565e-05,2.461160980048577e-07,4.134334976419044e-07,7.706629474629403e-05,3.852909349645513e-09,0.017448773135636926,0.030306650500132426,0.0001347609140246015
70,1.8412706811427465e-06,1.1422363932548224e-05,8.10832221924747e-05,7.016773341644034e-05,0.10588290017771503,3.97016720694802e-05,4.1802626680818286e-05,7.82094346795521e-09,0.8028014108092919,1.7689180336412093e-05,1.1274270762341783e-05,1.1220778341207228e-06,2.816997307463229e-07,0.0056562132985630295,1.5397351654495886e-07,7.699127055202637e-08,1.0815170901456622e-06,6.962424079983482e-05,9.76315889874525e-07,9.71522233169816e-07,0.00029302282551330966,1.4483968819919102e-08,0.025625382043846873,0.05911851840567457,0.00027325945604624415
71,4.831332123875854e-06,7.229643170831702e-06,5.670187879952647e-05,0.00019882671400651207,0.19001687614812146,9.77614678895519e-05,4.602713370343362e-05,7.3813532302824165e-09,0.7379742142940537,7.316121751588025e-06,2.4800340890870914e-05,1.676037152353641e-06,2.471041512493191e-07,0.0018154176248054473,5.334457230560324e-07,4.0051510043680393e-08,1.1854648564108289e-06,3.421549643389677e-05,8.186896662430335e-07,4.5679496441367317e-07,8.579627694766386e-05,1.8675937753167454e-08,0.02906126158657249,0.040341785434963445,0.00022195486045096578
