,0,1,2,3,4,5,6,7,8,9,10,11,12,13,14,15,16,17,18,19,20,21,22,23,24
0,6.165939355478716e-07,0.00011258943082747399,1.818697374554116e-08,5.864606832852339e-07,0.0016803979317573797,0.008748076027347161,8.204324547246469e-08,5.042216419202495e-06,0.9798988232361332,0.00016724525621575117,1.2922703045876486e-05,6.1834038295476595e-09,2.332710885234515e-10,9.220236452821831e-08,0.005966012143212132,2.544688669540436e-07,4.5390772900584944e-08,0.0001033348113059077,0.00018298139871001382,5.246682536707407e-08,9.353326057805374e-07,2.7004858250508506e-07,0.002992414253179826,5.007237901079689e-08,0.00012715090793587736
1,5.801965174037679e-07,7.026291943304309e-05,1.9998768122910378e-08,4.350646735869062e-07,0.001463239889259021,0.005698113517091454,5.2543056324765734e-08,4.045445844606875e-06,0.9873432175924908,0.0001503899073591412,9.336668176231163e-06,3.595605737517321e-09,1.9055190046241083e-10,4.6706028240104456e-08,0.0033126733968731428,2.1682484951293818e-07,2.9536491029648828e-08,4.9100179704906305e-05,0.00017347494870266887,3.3306687597989225e-08,5.631362827568752e-07,1.718191224706678e-07,0.0016544885872193946,2.9094964154571517e-08,6.947493424661133e-05
2,5.903067550656507e-07,0.00016573766798162168,1.2330482083495596e-08,1.3209068900237706e-06,0.001304080001740779,0.0380600784894537,1.5871840706378613e-07,5.5872392795478765e-06,0.9538513778429932,0.00019622747534227432,5.416238127636473e-06,6.68461467345528e-09,4.3381777184841226e-10,4.822327266171974e-08,0.0027535370101260045,8.407019179970808e-07,8.685269770820072e-08,0.00020861033169098156,0.00043097702450058155,4.327424886139379e-08,9.590765469073458e-07,7.420612428224515e-07,0.0029257834906726288,1.2138729573927997e-07,8.765622990161611e-05
3,6.126326575586148e-07,0.00011974406380985913,1.8375307261969525e-08,5.71661783344289e-07,0.0017505143655507692,0.00890897094251925,8.299291004138832e-08,4.945154410462237e-06,0.9792459816869667,0.00016611431075966383,1.3290419307071843e-05,6.385580183326044e-09,2.2866773926787067e-10,9.813576529047313e-08,0.006310790647939469,2.499990496324867e-07,4.6053879235195e-08,0.00010505566983610474,0.00018767033226435708,5.27098549266323e-08,9.571178554922966e-07,2.7823211682928377e-07,0.0030482089976365543,5.100150476626911e-08,0.00013568788206762652
4,7.156916712752935e-07,0.00012780713341761695,2.100374880984055e-08,6.314362748541967e-07,0.0019391226538918991,0.009584569373891572,9.492931532743538e-08,5.563032476368773e-06,0.9778850107087025,0.00018517023391891266,1.4003189045427353e-05,7.001048374266919e-09,2.966845940042304e-10,1.158479761588337e-07,0.006524876347344421,2.9151215341835854e-07,5.2095440159258214e-08,0.00011846176908340684,0.0002165056133688387,6.185227655136475e-08,1.03586775774689e-06,2.8935356921342505e-07,0.0032530407449528837,6.304509093033325e-08,0.00014248926689898705
5,6.474949328101078e-07,0.00014394979427062644,1.633583501476889e-08,7.80742171457845e-07,0.0016304024232258092,0.01138544659932666,8.52739121904554e-08,5.516121636177569e-06,0.9757176209946476,0.00016063639325651136,1.4044259794883141e-05,6.5073516505912526e-09,2.589279597940571e-10,1.0200756937591457e-07,0.0069369178852821435,3.143944526409798e-07,4.9445734632419355e-08,0.00016312249443979472,0.0002127157839736771,5.97015852427063e-08,1.096504038328716e-06,3.294037724919676e-07,0.003497338902781373,5.590550104696991e-08,0.00012874437157987643
6,6.126326575586148e-07,0.00011974406380985913,1.8375307261969525e-08,5.71661783344289e-07,0.0017505143655507692,0.00890897094251925,8.299291004138832e-08,4.945154410462237e-06,0.9792459816869667,0.00016611431075966383,1.3290419307071843e-05,6.385580183326044e-09,2.2866773926787067e-10,9.813576529047313e-08,0.006310790647939469,2.499990496324867e-07,4.6053879235195e-08,0.00010505566983610474,0.00018767033226435708,5.27098549266323e-08,9.571178554922966e-07,2.7823211682928377e-07,0.0030482089976365543,5.100150476626911e-08,0.00013568788206762652
7,2.205011840460564e-06,7.42319007729025e-05,4.8034272007140527e-08,8.384301548805303e-07,0.0021466052577249384,0.0040290358882012454,1.1976518795870252e-07,1.1619420768483549e-05,0.9878714807116153,0.0004292492856716671,2.165341795902971e-05,6.395810266697271e-09,7.748048221472744e-10,1.0028195978114936e-07,0.0036468656534760025,2.9565264577042643e-07,6.555601502237501e-08,5.272531248736917e-05,0.00030604590691658763,7.32412946045335e-08,4.1601934331497046e-07,2.731799321974865e-07,0.0012974762955388415,6.44644634394434e-08,0.00010850414114313093
8,9.879108389830366e-07,7.575458219462336e-05,4.49989091881143e-08,4.780970988166942e-07,0.0020391485763080657,0.006262790607613909,1.2997839462546652e-07,6.1314685550610525e-06,0.9779849553888104,0.000427719421521819,1.8554587426397685e-05,1.2168683579133904e-08,4.5830248307450227e-10,2.094396657456897e-07,0.007163798210102078,2.251652819216533e-07,7.398366104940008e-08,5.9286282901430195e-05,0.00015333190036294255,9.718051607327333e-08,1.421562559568506e-06,2.1258737704558222e-07,0.005558455395300016,1.249246236702096e-07,0.00024605512299039967
9,7.977687879396537e-07,8.699527239843129e-05,2.4025816129893168e-08,4.7157275248334327e-07,0.0015610540044358968,0.006474619498374907,9.569635280079618e-08,5.072852928213883e-06,0.9758669033161361,0.00031160559831213487,1.885441154651218e-05,8.825289375888207e-09,2.675679721704259e-10,1.860128937664452e-07,0.009176072957526593,1.7598494183201293e-07,5.356748650301302e-08,7.705951370569853e-05,0.00013517608385871986,7.028514137630386e-08,1.2035096114414276e-06,1.983863961121162e-07,0.00604583850766906,8.734357890684889e-08,0.00023737473649111752
10,6.126326575586148e-07,0.00011974406380985913,1.8375307261969525e-08,5.71661783344289e-07,0.0017505143655507692,0.00890897094251925,8.299291004138832e-08,4.945154410462237e-06,0.9792459816869667,0.00016611431075966383,1.3290419307071843e-05,6.385580183326044e-09,2.2866773926787067e-10,9.813576529047313e-08,0.006310790647939469,2.499990496324867e-07,4.6053879235195e-08,0.00010505566983610474,0.00018767033226435708,5.27098549266323e-08,9.571178554922966e-07,2.7823211682928377e-07,0.0030482089976365543,5.100150476626911e-08,0.00013568788206762652
11,6.755304127680276e-07,0.00011385566295678994,2.026066131709378e-08,5.785567989610941e-07,0.0016914530278151387,0.00873489396118598,9.070120501942105e-08,5.722209007753066e-06,0.9799742900715431,0.00018545246951253046,1.2609050955507831e-05,6.673066043044103e-09,2.8073164659750523e-10,9.497708379596491e-08,0.005902052094621704,2.7059623008180817e-07,5.096358515530093e-08,0.0001032521836221824,0.00019878602107254836,5.5207883716917655e-08,9.473384776688236e-07,2.9021186916951094e-07,0.0029447405572416863,5.951203468490696e-08,0.00012975188042503135
12,3.9655598279619475e-07,9.610126173640557e-05,1.3803483086744081e-08,4.026130050831759e-07,0.0069666774364050945,0.015239602175438854,1.4603783954413116e-07,1.3479855875814968e-06,0.9590888313373075,9.568997649750484e-05,1.5771950952793285e-05,8.07225660490242e-09,1.881930089957296e-10,4.2201893049712914e-07,0.006444471644436178,2.294086305455748e-07,5.0503900174735275e-08,0.0002630154365998858,0.00011569017301578113,1.2925500187180655e-07,2.225843175275582e-06,1.08028712694292e-07,0.011348013756416251,6.845408141271882e-08,0.00032058608241344834
13,6.675955176203578e-07,0.00011265990571818428,2.075453128062805e-08,5.953782310148645e-07,0.0018191668719452082,0.007257371357811468,8.409106741825771e-08,5.21909599916662e-06,0.9795615893074416,0.00017847400847202644,1.7321507544846455e-05,7.066951538628493e-09,2.3319283170841664e-10,1.2090901676309737e-07,0.007369249946299611,2.4035735167937505e-07,4.4964918483348366e-08,0.0001020778824313264,0.0001648383115866168,5.945126495243123e-08,1.0040081713657913e-06,2.5891581086945617e-07,0.0032634843355437457,4.7925611269618654e-08,0.00014539581756880244
14,6.123025751008225e-07,0.00024301506909116927,2.6231910280383563e-08,8.137583716907606e-07,0.002752825000304384,0.013237728245672915,6.631718604409428e-08,4.336881414522865e-06,0.9716241803676583,0.00014663258327688678,1.8742611755951883e-05,5.741276670760316e-09,2.6760568142835533e-10,1.150195025873982e-07,0.008257901118266981,3.523884241933558e-07,4.281137428726019e-08,0.00017193747119377824,0.0003481798362329308,6.788687866614886e-08,1.2405352439916294e-06,3.3686436360306137e-07,0.0030661549115832366,4.406130092229933e-08,0.0001246417175350983
15,6.126326575586148e-07,0.00011974406380985913,1.8375307261969525e-08,5.71661783344289e-07,0.0017505143655507692,0.00890897094251925,8.299291004138832e-08,4.945154410462237e-06,0.9792459816869667,0.00016611431075966383,1.3290419307071843e-05,6.385580183326044e-09,2.2866773926787067e-10,9.813576529047313e-08,0.006310790647939469,2.499990496324867e-07,4.6053879235195e-08,0.00010505566983610474,0.00018767033226435708,5.27098549266323e-08,9.571178554922966e-07,2.7823211682928377e-07,0.0030482089976365543,5.100150476626911e-08,0.00013568788206762652
16,8.367866162005316e-07,0.00015404807426749894,3.4521547604769316e-08,1.382541024481325e-06,0.002713100104440713,0.013815325599681521,1.4419178525479578e-07,8.309176767361302e-06,0.9632093045626914,0.00025389243608112274,3.026785896333654e-05,1.5221359431365885e-08,4.836514821317701e-10,2.624684524135732e-07,0.013436723148153955,7.085063993605056e-07,6.281340983516291e-08,0.0003029061034087095,0.0002179678987284624,1.4765491120022123e-07,2.8005248133387317e-06,3.9319693359881666e-07,0.005713331971169992,8.604574532165427e-08,0.00013794810899645535
17,9.893333247179377e-07,7.722268364344936e-05,2.5948224433249048e-08,5.639993524793372e-07,0.0026426296189202784,0.004934608392880854,1.6395511750234498e-07,5.7631557300135e-06,0.983243099344341,0.00016968890015930585,1.9722331786915642e-05,1.1791058926664382e-08,3.3201959039565433e-10,2.0667015502544835e-07,0.005348588769104781,2.1865792316719547e-07,6.586758869398461e-08,7.511070131250723e-05,0.00010852276187619722,7.590558152731216e-08,1.0168970353455908e-06,2.4908112805115515e-07,0.0031548464452797595,5.8395146653094174e-08,0.00021655006130907208
18,8.228055979815727e-07,0.00012916532218560498,1.3064418424174343e-08,3.0943887645133944e-07,0.001997084640721486,0.0073296733541796145,1.2730482475944266e-07,3.627620242963989e-06,0.9801608383957621,0.00014909750667091776,1.3532775179555281e-05,6.653900528549017e-09,1.9003600957530633e-10,1.4174896783100607e-07,0.00575544072438259,1.2230560087480034e-07,1.199304768430443e-07,0.00010614538248157134,0.000197373508137902,4.8322950653282815e-08,8.30586191526518e-07,3.8833039788966157e-07,0.0037646106093924803,7.295311762812142e-08,0.00039040652530575825
19,6.605224885076257e-07,5.722139612645963e-05,2.5252776421168015e-08,5.599851027043106e-07,0.0014519403220056176,0.008981493300596756,1.237317644546549e-07,7.0307875992602755e-06,0.9837727043494705,0.0003082503897449255,8.854826851834275e-06,8.633129258765152e-09,3.6970489619336526e-10,5.828916174350065e-08,0.0031524245088493156,2.7525649874356935e-07,5.4869048830314716e-08,5.6238785918185965e-05,0.00015768205565940148,5.586933918980416e-08,7.265635606676721e-07,3.1442993343072103e-07,0.0019393986429813309,6.663830263246367e-08,0.00010383022338489304
20,4.2729912796635493e-07,0.00028186434187299123,2.045712578128734e-08,7.792327214904745e-07,0.001098762967353284,0.01238781651484868,7.040586523899456e-08,8.404239063480715e-06,0.9641808041819152,0.00016194982575216772,1.7977329031282523e-05,1.3057561606185752e-08,1.8409479359670098e-10,1.0432425499284187e-07,0.01777281800012923,3.137943522798223e-07,4.543118028346203e-08,0.0001696326388550165,0.00018804071608118097,5.1951185638593924e-08,1.973083671825214e-06,7.265290513515009e-07,0.0035791854863556484,5.31800668553135e-08,0.0001481648284817474
21,8.719729415091251e-07,0.00012018991621128381,2.7200462657892115e-08,1.1067305772424765e-06,0.0024027534826355883,0.007430043770811878,8.42592407025519e-08,5.131976695956549e-06,0.9762747799111517,0.00018461332467590143,3.212237814549045e-05,8.914593965885646e-09,2.8278488070532254e-10,2.124967686102511e-07,0.009371457619295934,3.777913026956811e-07,3.5232526242256535e-08,0.00014183207356692295,0.00016571956755735435,9.076484003176992e-08,1.2573495064172637e-06,2.2876097976580232e-07,0.003734623476503613,3.776162737908473e-08,0.00013239298459616922
22,8.412864840502052e-07,9.606426597900879e-05,3.190267142366675e-08,1.068427640157757e-06,0.002188828637854778,0.008648463842460059,1.0979257786491967e-07,6.092648222121572e-06,0.9758063350721808,0.0003105982864749854,3.330027445579529e-05,8.766979407150184e-09,3.67360701230964e-10,1.4265465155283395e-07,0.007794918913953102,3.8271894167064553e-07,8.582091272271254e-08,0.00019128170925358692,0.00018995438771052215,1.2247175292971476e-07,1.6633453212802942e-06,3.57315835420744e-07,0.004587381955676592,5.6057885468031686e-08,0.00014190907676388386
23,6.126326575586148e-07,0.00011974406380985913,1.8375307261969525e-08,5.71661783344289e-07,0.0017505143655507692,0.00890897094251925,8.299291004138832e-08,4.945154410462237e-06,0.9792459816869667,0.00016611431075966383,1.3290419307071843e-05,6.385580183326044e-09,2.2866773926787067e-10,9.813576529047313e-08,0.006310790647939469,2.499990496324867e-07,4.6053879235195e-08,0.00010505566983610474,0.00018767033226435708,5.27098549266323e-08,9.571178554922966e-07,2.7823211682928377e-07,0.0030482089976365543,5.100150476626911e-08,0.00013568788206762652
24,7.016285761163237e-07,0.0001393674679523602,2.2118916023935004e-08,8.219234302981033e-07,0.0024867048796214544,0.010275338629440404,9.029342744614496e-08,4.768960779090434e-06,0.977225337328172,0.00016378765739023622,1.759611138798599e-05,8.197191853317485e-09,2.7692662408348694e-10,1.4097207972751291e-07,0.006222108588356844,3.0129825530809103e-07,4.6284871876069974e-08,0.00012466347982655027,0.0002014083143387102,6.943442000361073e-08,1.0509547110317096e-06,2.987135553260365e-07,0.0029808311448088804,4.6329193759516235e-08,0.00015448901237010822
25,1.3722538805992328e-06,5.8910676504657737e-05,3.4790572315524735e-08,8.531807604942898e-07,0.002140823004548495,0.003412670429766399,1.5532871175781826e-07,9.674590270045528e-06,0.9834236969621826,0.00030640977045164405,3.7959926712901106e-05,1.0848335269559207e-08,4.609883564074506e-10,2.102360886580201e-07,0.0071840607527695445,2.560894230914379e-07,6.185641882470053e-08,8.792729457027858e-05,0.00010569478324398689,1.090738095635177e-07,8.857742660213844e-07,2.2788921263351885e-07,0.003064112814715316,5.298971483294425e-08,0.0001638282220818794
26,1.1028029913326298e-06,0.0016684067370112304,1.8908771207634794e-07,6.311560106528119e-06,0.007838781538415858,0.01320525301487151,1.8189934559705056e-07,2.8842316471697694e-05,0.8027839821472348,0.0004707571181492072,0.0004298598100710332,2.598912621023243e-07,4.732357395383185e-10,2.560438954992266e-06,0.1705525215003181,9.700175219300612e-07,3.891701525735201e-08,0.00016247581681727463,0.0002877182295584007,2.6642750792647473e-07,4.222482697785899e-06,3.429438196736383e-06,0.0019461448539682391,3.875435095169943e-08,0.0006056847262138155
27,4.5875188927612197e-07,0.00014356960717251652,1.2530885866138245e-08,4.753947016778964e-07,0.0011048536324068036,0.007534163838659299,5.8455752399621275e-08,4.777898428275857e-06,0.9821164133831753,0.00011951878043478874,1.1047880059547333e-05,5.887006941851403e-09,1.2539729865802053e-10,6.4880541918901e-08,0.0065987592471263385,1.652901891486095e-07,3.3357814869371635e-08,6.976346858901091e-05,0.00015353056277852656,2.8812100467101466e-08,6.381616451334639e-07,3.514782025109929e-07,0.002001918617534244,3.088741668512317e-08,0.00013935907009101842
28,6.126326575586148e-07,0.00011974406380985913,1.8375307261969525e-08,5.71661783344289e-07,0.0017505143655507692,0.00890897094251925,8.299291004138832e-08,4.945154410462237e-06,0.9792459816869667,0.00016611431075966383,1.3290419307071843e-05,6.385580183326044e-09,2.2866773926787067e-10,9.813576529047313e-08,0.006310790647939469,2.499990496324867e-07,4.6053879235195e-08,0.00010505566983610474,0.00018767033226435708,5.27098549266323e-08,9.571178554922966e-07,2.7823211682928377e-07,0.0030482089976365543,5.100150476626911e-08,0.00013568788206762652
29,6.126326575586148e-07,0.00011974406380985913,1.8375307261969525e-08,5.71661783344289e-07,0.0017505143655507692,0.00890897094251925,8.299291004138832e-08,4.945154410462237e-06,0.9792459816869667,0.00016611431075966383,1.3290419307071843e-05,6.385580183326044e-09,2.2866773926787067e-10,9.813576529047313e-08,0.006310790647939469,2.499990496324867e-07,4.6053879235195e-08,0.00010505566983610474,0.00018767033226435708,5.27098549266323e-08,9.571178554922966e-07,2.7823211682928377e-07,0.0030482089976365543,5.100150476626911e-08,0.00013568788206762652
30,6.126326575586148e-07,0.00011974406380985913,1.8375307261969525e-08,5.71661783344289e-07,0.0017505143655507692,0.00890897094251925,8.299291004138832e-08,4.945154410462237e-06,0.9792459816869667,0.00016611431075966383,1.3290419307071843e-05,6.385580183326044e-09,2.2866773926787067e-10,9.813576529047313e-08,0.006310790647939469,2.499990496324867e-07,4.6053879235195e-08,0.00010505566983610474,0.00018767033226435708,5.27098549266323e-08,9.571178554922966e-07,2.7823211682928377e-07,0.0030482089976365543,5.100150476626911e-08,0.00013568788206762652
31,9.956882293932387e-07,0.00012999677112267185,3.065381421396896e-08,6.140912701448684e-07,0.001394411460888224,0.005451294999348673,7.933952778737598e-08,1.1907628840748462e-05,0.9846065481967894,0.000174730968209323,1.0639153791774044e-05,6.3665666257362615e-09,4.829205927337054e-10,7.035598208212823e-08,0.0057354420429890605,3.6871303335038467e-07,5.406202646049331e-08,9.353513297030959e-05,0.00024694415685409766,5.354853175086588e-08,9.218885185006882e-07,3.062278060605962e-07,0.0020587362065452933,7.207123160409702e-08,8.223979219185905e-05
32,6.444204255815315e-07,0.00014136445951329468,1.9242192100487882e-08,5.682980651423934e-07,0.001776302407903282,0.009560293414114676,7.652547980304397e-08,4.979116520852189e-06,0.978721364679528,0.00016294386081821592,1.2317837826868173e-05,5.867467440765639e-09,2.4855496281781516e-10,9.27892275255448e-08,0.006186352520527865,2.6749474306344173e-07,4.8721323112713335e-08,0.00011273898196365022,0.00023542894445749058,5.085330363415053e-08,9.501491739304105e-07,2.969600891949017e-07,0.002951653050973075,5.5509670478036444e-08,0.00013118364613678174
33,1.4004640444514897e-06,0.0005495329051218667,2.7150204972124434e-08,1.319193465325504e-06,0.002665960645676034,0.05263434838528251,2.6854118299939225e-07,2.0523291019874292e-05,0.9347740224325758,0.00031147463590823824,4.435574873884502e-06,1.1532638137772483e-08,2.367634429037466e-09,8.474963964776986e-08,0.003928993647980966,1.5633839597472176e-06,3.044833378436358e-07,0.0005329553458294757,0.0021531012746800094,8.744037829778292e-08,1.1882767120012777e-06,2.0074387052554915e-06,0.002286429094395224,6.155889058485242e-07,0.00012934215584705142
34,1.9959765067068678e-06,7.822218051083696e-05,2.48790460087646e-08,4.816424794030368e-07,0.002627509004644741,0.0028183354171810145,5.6719867128188916e-08,5.140426158983265e-06,0.9883401874930465,0.00016215476128956423,1.8429400359822872e-05,2.838499489521592e-09,3.7398619645179754e-10,1.1672090085960428e-07,0.003872966983328459,2.0649424628391204e-07,3.796901288730225e-08,6.806648666453393e-05,0.0002829884682284669,4.7319731610099865e-08,3.966214265400587e-07,1.1245563632500343e-07,0.0016328449263662336,3.608277221002002e-08,8.963835810898327e-05
35,6.100090863024141e-07,0.0001161714618414474,1.7127123155763176e-08,5.433965399138521e-07,0.0015877417606985572,0.00808754073107687,7.607162289988243e-08,5.059049774950682e-06,0.981206599758704,0.00015316523220747138,1.2164129664895036e-05,5.830450742954843e-09,2.1429108996981816e-10,8.381400581896328e-08,0.005791894298661721,2.3320779506786442e-07,4.321452475803611e-08,9.455117256394162e-05,0.0001827933380011349,4.591019255769692e-08,8.346228152513562e-07,2.7544512275832116e-07,0.0026347899578783073,4.567945646398428e-08,0.00012471456589954977
36,6.092637834227356e-07,0.0001172750029023238,1.8997661880182283e-08,5.664031085010991e-07,0.0018310567321792271,0.009277325157671736,7.782400221949921e-08,4.578049686457773e-06,0.978777268232889,0.00016824165967314268,1.3065921161456618e-05,5.78212125915762e-09,2.2943733987373662e-10,9.686461094115766e-08,0.006170010386639108,2.5281948910755414e-07,4.301911185612702e-08,0.0001043861848090493,0.0001950488892665988,5.3570844464496345e-08,9.836889486151782e-07,2.4456531392159145e-07,0.003210341886774504,5.084355754667658e-08,0.00012839802435603875
37,1.5603615082309264e-06,0.00015885555956491058,3.249929675529421e-08,8.426789091187265e-07,0.003849308340725714,0.011861905569431043,2.0459130578832608e-07,6.0326741030221605e-06,0.9667591889493692,0.0002737090433681598,2.3373843486754345e-05,1.1741194838553879e-08,6.759910295025454e-10,4.154477384023794e-07,0.009129756766163679,4.624737346981517e-07,1.0326253549618462e-07,0.0002256284621765462,0.00031902452445353475,1.3158365105018895e-07,1.8623546460903523e-06,2.9279998755194036e-07,0.007112816468777095,1.754818126024672e-07,0.0002743038460685073
38,5.169691514476233e-07,0.0001789257582167193,1.7677462911635454e-08,7.817931167001686e-07,0.0014215916402992614,0.016939925185391804,8.819790282473819e-08,5.508580746898547e-06,0.9666051666368277,0.00018101219142691702,1.2781230441675878e-05,7.3517220070486824e-09,2.5152853815388034e-10,9.501628854773476e-08,0.009705176626743724,4.190008166859649e-07,4.4155068537723914e-08,0.00018058802175056457,0.00025194671123062617,5.487799642845209e-08,1.5952563967474634e-06,3.9573201744757557e-07,0.004401580151909323,7.037330648919782e-08,0.00011171061223956521
39,3.2033530163896716e-07,0.00018876843196126975,1.9075366563627857e-08,5.292530665786264e-07,0.00121652899031933,0.016090247322401663,6.089102025660062e-08,6.3298641608303106e-06,0.9733974728196375,0.00011198811001116264,5.693197623544452e-06,6.914629398404859e-09,2.055903638202322e-10,3.849788427327838e-08,0.00599106631031944,3.830920622143469e-07,4.830639645473085e-08,0.0001167883089599506,0.00023000078797835458,3.893746065046025e-08,1.7525573748156569e-06,4.851119778687922e-07,0.002562412706635891,5.595889094330807e-08,7.89640129688707e-05
40,9.412637757882763e-07,0.00019736693058728337,4.007571789517445e-08,4.277751137996518e-07,0.005931194187312618,0.005129374924754847,1.0600904469540666e-07,3.702425095674641e-06,0.9749735201359516,0.00012477534097920463,2.9207164267897607e-05,1.3394001005638842e-08,2.702238110219442e-10,4.03599373038785e-07,0.01000355098970641,2.1050765807634983e-07,4.983509862713824e-08,8.060460979276666e-05,0.00020315589216364778,7.733573918171588e-08,1.2507338608881663e-06,2.564504633105232e-07,0.003015750890738298,4.726891908959063e-08,0.0003039719896605304
41,9.408591352043036e-07,4.597220887756338e-05,4.702864770024495e-08,3.3927260920598235e-07,0.0009052327985760006,0.05160769814928947,2.1197807606114507e-06,1.5291592045832173e-05,0.9083218777387189,0.0022622113334202967,7.89233712957416e-06,1.281576598994475e-07,1.1483697924066102e-09,1.5198782946202043e-07,0.008203127290054738,3.700080067130185e-07,1.9819727807018792e-06,0.00012076302091095031,0.00014459055845143356,1.8484491487100289e-07,1.2531867507535688e-05,2.9663052750144983e-06,0.02710252807317081,2.6722861297092726e-06,0.0012383793797282607
42,3.1170311989516433e-07,0.0002731923556702318,1.7907624754564944e-08,6.867381911070577e-07,0.000631611786658524,0.010614204167521252,3.1188205543966025e-08,9.103407130950818e-06,0.9833729973756609,8.513301621978006e-05,4.558366295878256e-06,4.3633830051791445e-09,1.5314097227290096e-10,1.264819498701934e-08,0.003864510122971106,3.6820938629268894e-07,3.457803917171635e-08,6.02347290923925e-05,0.00032414404528245867,1.6982717725089978e-08,6.230237695479748e-07,8.694162430409363e-07,0.0007167390701195575,2.477411349269379e-08,4.056987124758645e-05
43,7.104114432049924e-07,0.00013818880352387051,1.6675642929027876e-08,5.547935009680202e-07,0.0020409753995608844,0.006618478577739892,8.153129590158657e-08,4.19959152430523e-06,0.980040115358204,0.0001354949080699537,1.841988827315961e-05,6.3026999427334935e-09,1.9628247200349497e-10,1.5502720208514653e-07,0.007420513002535962,2.0151659382421552e-07,3.897641833603179e-08,0.00010227639996347581,0.0001707918845442873,5.2362799948530076e-08,7.216484100554341e-07,2.3438159881184493e-07,0.0031188704768448905,4.245170139358844e-08,0.00018885943362527492
44,6.126326575586148e-07,0.00011974406380985913,1.8375307261969525e-08,5.71661783344289e-07,0.0017505143655507692,0.00890897094251925,8.299291004138832e-08,4.945154410462237e-06,0.9792459816869667,0.00016611431075966383,1.3290419307071843e-05,6.385580183326044e-09,2.2866773926787067e-10,9.813576529047313e-08,0.006310790647939469,2.499990496324867e-07,4.6053879235195e-08,0.00010505566983610474,0.00018767033226435708,5.27098549266323e-08,9.571178554922966e-07,2.7823211682928377e-07,0.0030482089976365543,5.100150476626911e-08,0.00013568788206762652
45,6.136291827472791e-07,0.00011993575864378433,1.8396815229013906e-08,5.732132508258542e-07,0.001739503173018308,0.00892179568548454,8.336053362646826e-08,5.014700697461284e-06,0.9792467699312121,0.00016673077218023154,1.3226520957213735e-05,6.398954243970226e-09,2.3039876457322976e-10,9.757126276345176e-08,0.0063261775022949275,2.5206351440014497e-07,4.6084759886861215e-08,0.00010540675673515476,0.00018855155428641193,5.2618479236184806e-08,9.562748085312668e-07,2.80301882567712e-07,0.003029264900259369,5.134724382115662e-08,0.0001345912531437408
46,6.739252750060529e-07,0.0001087786777487519,1.9231789490214715e-08,6.106185796327022e-07,0.0016833339737864698,0.009531697850113612,9.39549172009128e-08,5.4855522197163595e-06,0.9798278046921944,0.00018965612047432866,1.231072278072114e-05,6.849094558935376e-09,2.687811919141479e-10,8.61707428399514e-08,0.0053034685771197985,2.69650104449944e-07,5.822689439504431e-08,0.00010211124533218885,0.00019599841345118273,5.469409388140211e-08,9.758091350620397e-07,3.2290724373544983e-07,0.0029027797348613435,5.785621721719169e-08,0.00013334427704877783
47,1.2586704810616003e-06,0.00010521173339378896,2.7086929517081904e-08,9.040725495583943e-07,0.0011703580384198713,0.00948821317318834,1.1905235733992104e-07,1.1488403083374329e-05,0.9836316653758922,0.0002626891891900854,8.090142153766708e-06,8.802126951155884e-09,6.231069768654765e-10,5.05243258074882e-08,0.003043481865277971,4.539646652603262e-07,8.504031907463684e-08,7.539590436314156e-05,0.00027956650556706936,4.95312456189129e-08,7.75361859490547e-07,5.285154706916527e-07,0.0018275149965461587,9.797810390064073e-08,9.196544938313433e-05
48,7.248102376496093e-07,0.00013319921405686305,1.790179161265362e-08,5.200670977676727e-07,0.001507119483339174,0.011930512497669306,9.845002345166216e-08,6.684616378671412e-06,0.9781129284691963,0.00021308692449494742,8.086154334174338e-06,5.814420035121496e-09,3.4653445472549974e-10,6.722630306004698e-08,0.004798523482137981,2.9611584114441423e-07,7.496818651867714e-08,0.00011717720894538452,0.0003053105407496596,4.83400147033918e-08,8.749228433943165e-07,3.905833985173839e-07,0.002736867758506736,9.383744023077688e-08,0.00012729026605835106
49,4.241391180062783e-07,0.00013928162820858305,2.148427222620763e-08,6.064088007234533e-07,0.0013758590095882478,0.012709908412669006,8.00495873994374e-08,5.676630827143332e-06,0.9778718145044165,0.00016446405275021518,9.00038188899137e-06,8.65084841035022e-09,2.1879709799280855e-10,5.258521830351811e-08,0.005120330103087802,2.910156273609088e-07,5.0096180664886604e-08,8.412501379327894e-05,0.00019432661770249073,4.6041751858537606e-08,1.1220274373454007e-06,4.998452842083477e-07,0.002211746316487537,4.872052096528308e-08,0.00011021604513562315
50,2.041636153721996e-06,4.5470476829562126e-05,3.01974608374541e-08,6.161980972521325e-07,0.0022127882644394675,0.00505782009814617,2.28912865556712e-07,1.078061732650273e-05,0.9842025904872549,0.0005574569558401934,1.9336094881248274e-05,8.65216273708635e-09,7.686613390325991e-10,1.884394185440364e-07,0.004549008526682075,2.7090689110229827e-07,9.22228582420128e-08,7.968805976695457e-05,0.00019583055691670207,9.954766304468391e-08,5.905439494557579e-07,2.1111870292724745e-07,0.0028801088882390046,1.3570361146724765e-07,0.0001846061251809439
51,2.5993639078812473e-07,0.0015368316532442298,1.3813884544006545e-08,2.555552047331574e-06,0.0005933217758688433,0.015782976876895848,2.3701781488961964e-08,8.940973347268142e-06,0.9527037259409268,4.464930583640506e-05,2.5109733499482554e-05,1.1774266097516728e-08,7.545512481287407e-11,6.054472623757762e-08,0.027295580616679506,3.601234631811767e-07,1.7548375945941692e-08,0.00017659729617928367,0.00023679703210695145,2.2655407321996237e-08,1.2977060517421191e-06,1.9902291906675566e-06,0.0014729932601399223,1.0520586608267651e-08,0.00011585135364850886
52,6.7530077112738e-07,9.657883489478598e-05,1.6585384578163924e-08,8.111439579427891e-07,0.0015918670275048177,0.011549500565897403,7.970890595056331e-08,6.404937267466028e-06,0.975851394709484,0.00027065695011912387,1.5817591114727266e-05,6.737243148505163e-09,2.75956421181271e-10,1.0040090198680973e-07,0.007423735213116612,3.1602256406635654e-07,3.6022601083335945e-08,0.0001528358740986028,0.00021548226806531983,6.492848299800254e-08,8.673314413122974e-07,2.8307534636670377e-07,0.002724475932686695,5.0786446004486785e-08,9.794177574773209e-05
53,4.991352777601767e-07,5.185876809788987e-05,2.1215507097682878e-08,6.863338258469913e-07,0.0021372186452293506,0.008036607159306713,1.726367122796118e-07,3.881972800517189e-06,0.9743456025449354,0.00019927358788770466,2.3686439108457504e-05,1.0691962973560072e-08,2.3552330198679906e-10,1.874560707353061e-07,0.007343684589143137,2.7203233401871607e-07,4.716335477438813e-08,0.0001334024866839704,6.598759161312415e-05,1.1557903668777131e-07,1.8750102844884594e-06,1.7555630829702705e-07,0.007484582375963409,5.4411867472178766e-08,0.0001700963811646745
54,7.2540331688419e-07,2.126547084037947e-05,3.8436016916674765e-08,6.398988880439088e-07,0.0023752024469738306,0.007493318042322565,1.2000288286611166e-07,5.956368059077354e-06,0.983287530014522,0.00042778190629193035,1.194199101369324e-05,4.7420654854710256e-09,6.628388346687102e-10,4.9295128304383725e-08,0.00213035794823026,4.336770818918349e-07,8.049986412636946e-08,0.00011689370798160252,0.00013550955561612564,1.460443677693302e-07,1.5477635065230795e-06,1.2735869024221697e-07,0.003947433321397651,7.3101927943304e-08,4.282234017499911e-05
55,5.486611418913254e-07,9.421239941868401e-05,1.4767309550671832e-08,4.660230608903923e-07,0.0015424238180583125,0.0071370507276542865,9.07799630605872e-08,5.707136611436341e-06,0.9839303069982492,0.00013095680382709698,9.071142911326853e-06,7.621142492031566e-09,2.2133424769496567e-10,8.091219447862344e-08,0.0047671885901620125,2.2740520869389016e-07,3.6865740404479114e-08,8.125826430584574e-05,0.00013776499362363792,4.2203454214469685e-08,6.744288183447639e-07,2.7428455102335914e-07,0.002041591091075586,4.5184191635489566e-08,0.00011995867599151455
56,6.597832764943278e-07,0.00011647342756702846,1.964646762001957e-08,6.059239237969349e-07,0.001713507519149502,0.009113050375409023,8.852265364682803e-08,5.541305008723864e-06,0.9794217871461564,0.0001774565877457779,1.28190243393984e-05,6.713807752261218e-09,2.6959257398914475e-10,9.6222911557252e-08,0.005996483769776577,2.7284032738751124e-07,4.9405556196891766e-08,0.00010776538013210836,0.00019505413411585095,5.604763020140481e-08,9.815473426267303e-07,2.8943852779782005e-07,0.0030065656014352598,5.653440590238997e-08,0.0001303128327406394
57,5.38302473947775e-07,9.127164231727233e-05,4.060370068038494e-08,4.0327714508411663e-07,0.0024511410037820944,0.007647713650612522,9.695157134704962e-08,5.539780675310266e-06,0.983321237204573,0.00020130826971303975,9.63438920230023e-06,9.25380103827182e-09,3.4049303623580867e-10,7.168073452317417e-08,0.003930694689488802,2.8605560912747286e-07,5.4995955938918665e-08,5.549204245748804e-05,0.00018883356245498635,6.294034808645635e-08,1.090790189736487e-06,2.988414565535349e-07,0.001983749467880674,5.7806903800055456e-08,0.00011037245645975677
58,6.807033699562604e-07,0.00011793550936687796,2.0186029686058874e-08,5.479497350575e-07,0.001815546716439773,0.011467620295624053,1.0557200849969736e-07,5.784697370209399e-06,0.9764029176384363,0.00021618499861264973,1.0588756207545497e-05,7.194393758261238e-09,3.3648836124919857e-10,9.978965407116366e-08,0.005874399013006131,3.0250375430825173e-07,6.145474975949854e-08,0.00012643512034659466,0.00023588513905572234,6.202900893935162e-08,1.1111829433659003e-06,3.1121436479415437e-07,0.0035846598241335696,8.831522273302058e-08,0.00013864385967732337
59,6.638797680045089e-07,0.00011388642545576221,2.2949504959428338e-08,5.445404767213725e-07,0.0018372058397930948,0.010067731927755601,1.0098065296097185e-07,5.708266317625464e-06,0.9783285392920911,0.00019997234816438993,1.0976356374243297e-05,7.051086492699448e-09,3.261394154944812e-10,9.444959548450072e-08,0.005591518795271679,3.0195130950606366e-07,5.9259233831434637e-08,0.00011042446890000784,0.0002185742256678219,6.285662695350999e-08,1.1348452993122697e-06,2.9586609518489245e-07,0.0033819835813281873,7.794250318669845e-08,0.00013011157458855735
60,6.126326575586148e-07,0.00011974406380985913,1.8375307261969525e-08,5.71661783344289e-07,0.0017505143655507692,0.00890897094251925,8.299291004138832e-08,4.945154410462237e-06,0.9792459816869667,0.00016611431075966383,1.3290419307071843e-05,6.385580183326044e-09,2.2866773926787067e-10,9.813576529047313e-08,0.006310790647939469,2.499990496324867e-07,4.6053879235195e-08,0.00010505566983610474,0.00018767033226435708,5.27098549266323e-08,9.571178554922966e-07,2.7823211682928377e-07,0.0030482089976365543,5.100150476626911e-08,0.00013568788206762652
61,6.654491561079398e-07,0.00011256013264464434,2.1968922250630962e-08,5.183732470601658e-07,0.0018950076535643706,0.009454288657508208,9.582843192898123e-08,5.247161901938709e-06,0.9788986919086482,0.00019279406764131053,1.1581963982113361e-05,6.827193603688717e-09,2.960126761658162e-10,9.900144606196868e-08,0.005698932077667113,2.782025036815826e-07,5.530481634869695e-08,0.00010401042612707337,0.00021219376083360134,5.875888685142469e-08,1.0628076800709343e-06,2.7929982963154896e-07,0.0032763943558352425,7.011470648755162e-08,0.00013508560081344393
62,6.126326575586148e-07,0.00011974406380985913,1.8375307261969525e-08,5.71661783344289e-07,0.0017505143655507692,0.00890897094251925,8.299291004138832e-08,4.945154410462237e-06,0.9792459816869667,0.00016611431075966383,1.3290419307071843e-05,6.385580183326044e-09,2.2866773926787067e-10,9.813576529047313e-08,0.006310790647939469,2.499990496324867e-07,4.6053879235195e-08,0.00010505566983610474,0.00018767033226435708,5.27098549266323e-08,9.571178554922966e-07,2.7823211682928377e-07,0.0030482089976365543,5.100150476626911e-08,0.00013568788206762652
63,5.678402325805098e-07,0.0001576787248305393,1.721661177751863e-08,5.689322414149344e-07,0.0016379000329497966,0.009705775761643241,7.267633805633147e-08,4.7042247030265995e-06,0.9778433213200619,0.00013823965244780505,1.2729526108298485e-05,6.017435471618667e-09,2.0198089820137689e-10,9.291825237515969e-08,0.007019878728445989,2.461168129032787e-07,4.3639662502675267e-08,0.00011362014463565703,0.0002097747359704214,4.6285254384576664e-08,9.880708571890783e-07,3.132674500972763e-07,0.003013683272744049,4.766784515656044e-08,0.00013968302448440274
64,5.520964103490174e-07,0.00013032785665833773,2.458290056693418e-08,6.001933540021018e-07,0.001876624382352652,0.01056483573357501,8.485451070822284e-08,4.779083195767556e-06,0.9760697986807536,0.00017051307301215493,1.3472480334319454e-05,8.032706598622396e-09,2.46916561853632e-10,9.95695757599046e-08,0.006842825699746795,2.9592684373237747e-07,5.495867358225694e-08,0.00010897789874671462,0.0001838633607921016,6.261231384072217e-08,1.6040911098629646e-06,3.144287318857518e-07,0.003893045758582611,5.791281299464652e-08,0.00013717648538951523
65,3.151306973420577e-07,0.00039912694579096413,1.6223546369835722e-08,5.154959458930096e-07,0.0022248071949775654,0.02880005346292393,9.223155442109547e-08,3.165716406117389e-06,0.9471401710038313,7.665144317016916e-05,8.367648641020056e-06,9.406980355227871e-09,1.8471810513435245e-10,1.3989798403966446e-07,0.01176382940519534,3.292669897287188e-07,6.687884101519546e-08,0.00029653921372553967,0.0002551631228623491,6.827266209317239e-08,3.7994360363129328e-06,4.631523102210877e-07,0.00876548665483244,9.834537325040897e-08,0.000260724264004084
66,7.977667079682853e-07,7.7262054694613e-05,2.5330502556202723e-08,5.733490559995374e-07,0.002384521099673291,0.008049794519939327,1.0562123327741833e-07,5.012438082527302e-06,0.9820935810503403,0.0002098406288570333,1.2732952132472762e-05,6.021078774608062e-09,3.5538166872705663e-10,9.620513404457374e-08,0.003998686434959676,2.9335936482549014e-07,5.4874327759700456e-08,9.003407164974058e-05,0.00019800848293528053,6.863422089719569e-08,9.014262019409691e-07,2.1300812317280281e-07,0.0027638771193651476,5.934313003592222e-08,0.00011345385290775577
67,4.2531143581753064e-07,0.0001982411211659661,1.5291591200684473e-08,6.462390748244475e-07,0.001571497553946951,0.018293750488787668,9.633120603352303e-08,4.023832422837056e-06,0.9645607864813156,0.0001463305784051185,1.1952230087955484e-05,8.452928999887504e-09,2.0071312933240241e-10,1.133761578689914e-07,0.008856722677859289,2.909488472802273e-07,6.006656525242144e-08,0.00018239174575529848,0.00020437110219255193,6.178836583726782e-08,1.749890776832967e-06,4.243572677521672e-07,0.0057578421690899165,7.404971519269665e-08,0.00020812371432455898
68,8.273039608378743e-07,0.00010858955439407809,1.9125828851641333e-08,5.407462567964023e-07,0.0018330986609937149,0.005691031343865372,7.011540686430562e-08,4.374895333524861e-06,0.9840819582005796,0.00016119508460540535,1.548043370402119e-05,4.580444944754529e-09,2.3394918627648345e-10,1.0608842002038494e-07,0.005157524434689892,2.1046327983428693e-07,4.25116754236973e-08,7.791291694622012e-05,0.0002053640449229724,4.528403764338295e-08,6.043275182753778e-07,2.0784834883649706e-07,0.002526710026857579,4.2100605357221935e-08,0.00013403967337481638
69,5.42735237724959e-07,0.00010903348944841943,1.6528649197680188e-08,5.75334844192842e-07,0.001572890125334856,0.008315569978012563,7.450406667477991e-08,4.446204319323646e-06,0.979351574073067,0.0001540998399034091,1.5185363271043409e-05,6.1957070546155055e-09,1.8285555872834079e-10,9.244188084508537e-08,0.006784579309851779,2.167432248047463e-07,4.3169018948135336e-08,0.00010777739784325802,0.0001501334920377038,5.253133302624528e-08,1.0295578666714516e-06,2.685075734946668e-07,0.0032960817817822754,3.969797235504973e-08,0.00013567081489766772
70,6.374346455019527e-07,0.00012211166838303365,1.8380546435367194e-08,5.575835490519857e-07,0.001788753909765879,0.008873415328554537,8.493679904843067e-08,5.048348786910282e-06,0.9790759146616714,0.00016947535965189023,1.3279717942485045e-05,6.4033048161910595e-09,2.3669353288653106e-10,1.0124308966334086e-07,0.006413367224707065,2.4827159390981105e-07,4.874476616154094e-08,0.00010795859919866986,0.00019572434686984205,5.315184141192754e-08,9.621874351417316e-07,2.830436186158468e-07,0.0030915747187735734,5.409528052808721e-08,0.00014032040253097373
71,7.332794333050885e-07,7.703369644839019e-05,1.905871124843969e-08,5.230964493928985e-07,0.0018761208656900275,0.008101619344116554,1.1967479777482833e-07,5.524813266090462e-06,0.981787296029542,0.00020819187020833937,1.1937242577455872e-05,6.515578268416062e-09,2.98273666622896e-10,9.853835000896871e-08,0.004672503579437965,2.4462801759658213e-07,5.377862943011101e-08,9.077532890841602e-05,0.00016630742505772614,5.9441317612014935e-08,8.178359263034902e-07,2.3845358424396153e-07,0.0028650538679591154,6.365849070621419e-08,0.00013465767922855908
