,0,1,2,3,4,5,6,7,8,9,10,11,12,13,14,15,16,17,18,19,20,21,22,23,24
0,0.00011610845058015169,0.004224245262821899,0.000518292179060528,9.440162945787346e-05,0.2793100233462422,0.38188391029052116,1.593880131031042e-05,2.688627936063615e-06,0.016096384278919625,0.00014234426644282682,0.007975288143141772,0.00014637091015483623,1.6681376838083309e-07,0.00897515078446358,0.27784822341638454,2.8554637487145345e-05,9.953702628665883e-07,4.213968258341598e-05,0.0007315732482466034,1.74916343633279e-08,0.0005885389298594212,0.0010562261788734405,0.0009782889452485928,7.391392959755609e-06,0.019216736921638704
1,7.371142491842603e-05,0.0026283926927513374,0.0005965641966341912,6.595603064802424e-05,0.23706025548426596,0.40699954385313214,1.6198484177704684e-05,2.7876085946522703e-06,0.0385856642142853,0.00016124025023236344,0.005863832087971446,9.186819778912435e-05,1.3517495156827766e-07,0.006840287251187551,0.28400556161200086,3.866359703445546e-05,4.4331116305801244e-07,1.6207923900270202e-05,0.0012179071480965032,1.841320087396937e-08,0.0004316289519390427,0.0006580556016790004,0.00041368413961612123,3.91392748984908e-06,0.014227478422340047
2,8.964697688825921e-05,0.004760353955425598,0.001428994544216468,0.0002001966065339415,0.5458387517878471,0.3277967650768121,1.4600530027706049e-05,3.7492770301679198e-06,0.02571182432802721,0.0002045907789405042,0.010999571011057219,0.0001878802478107479,4.011344946598271e-07,0.01020272042426466,0.057847155030537466,1.242921693036259e-05,5.877241681080476e-07,7.171111017209714e-05,0.0005822796289361817,2.5926202806303393e-08,0.0004381670687160448,0.00045181275891427393,0.0002819439459520013,9.455504618412972e-06,0.012864385405475822
3,0.00011343038870034852,0.003888282972835456,0.0005336237172814473,8.74016055082897e-05,0.2802076848167478,0.388861316280819,1.5637182786554403e-05,2.5893118033990564e-06,0.016709799954182116,0.00013327457032321678,0.008074640884555874,0.00014498707162641513,1.666666715201198e-07,0.008613522437753486,0.2720350287897375,2.8187993255322103e-05,9.279915109107209e-07,3.9177620118464995e-05,0.0007184923941668573,1.7179744298665985e-08,0.0005419135288714432,0.000986761084600413,0.0008977814783093969,7.067689353926235e-06,0.01735828638873661
4,9.945176117840468e-05,0.0039024671119879256,0.0005949040242179153,8.652699349105817e-05,0.3068856496996076,0.39840926510633673,1.561711961778099e-05,2.2099353663881503e-06,0.01656591332034268,0.00012805951991424442,0.007825114757257005,0.00013937351494863374,2.1194017471163142e-07,0.009933721045296875,0.2382917427882344,2.5543944632114344e-05,7.989542984422992e-07,3.720837780038167e-05,0.0006198038401937617,1.7582448772978695e-08,0.00045445615586825824,0.0008938128789203496,0.0008136885046469497,6.885398044528888e-06,0.014267555725174061
5,0.00010604567795035341,0.004523321343466074,0.0005154667188865376,0.00013133513578686252,0.3235201757692219,0.4070274848620852,1.563912060615381e-05,2.81225572371779e-06,0.013005510088834063,0.00016426790165867877,0.008760737381362,0.00014735646245548598,1.9685848283058661e-07,0.009546858623558373,0.2102381127319329,2.5916020399487516e-05,1.0426453976978766e-06,6.244631807354624e-05,0.0005875304867124493,1.973207383370137e-08,0.0006733662918926003,0.0009439370700001415,0.0011670184898363916,8.978180302687119e-06,0.018824423833300158
6,0.00011343038870034852,0.003888282972835456,0.0005336237172814473,8.74016055082897e-05,0.2802076848167478,0.388861316280819,1.5637182786554403e-05,2.5893118033990564e-06,0.016709799954182116,0.00013327457032321678,0.008074640884555874,0.00014498707162641513,1.666666715201198e-07,0.008613522437753486,0.2720350287897375,2.8187993255322103e-05,9.279915109107209e-07,3.9177620118464995e-05,0.0007184923941668573,1.7179744298665985e-08,0.0005419135288714432,0.000986761084600413,0.0008977814783093969,7.067689353926235e-06,0.01735828638873661
7,0.00016846935410683882,0.009123915335534388,0.0014280719814538576,0.00012178454634014256,0.2631996003351642,0.3839392960213854,3.932607860343466e-05,3.309487486141506e-06,0.04005036857214829,0.00014400619652873823,0.0222588747105809,0.00015912422324143935,7.288774270807354e-07,0.008684778182804647,0.2533229290909063,1.6665731219228058e-05,1.0213520859659695e-06,6.53746992243307e-05,0.000557343939445977,4.5320303380360217e-08,0.0003237301727270052,0.0007957523769850326,0.0005475685149359257,1.8757220887995713e-05,0.015029157678473425
8,0.00018654204425437386,0.0064263475079467695,0.0008805336094282049,0.00020597590594098941,0.3438231784852512,0.21971149378210356,2.5529825555093253e-05,4.991201930089512e-06,0.015540437634896218,0.00028998866968100117,0.0039020424727316343,0.00013314182998926656,2.5109901818615704e-07,0.011520094533898866,0.3349988280723921,4.719850749999312e-05,1.9094590920140713e-06,4.137067207793821e-05,0.0006857764456117383,2.0502657642912276e-08,0.0007732111526094647,0.0009323746256223834,0.0018933164957176292,2.4366792661165526e-05,0.05795107867143258
9,0.00015894897504361953,0.009560489016464257,0.002085178798005261,0.00022522434579268647,0.45808261665938566,0.17139557169495345,2.660335933160649e-05,5.1324552792605334e-06,0.033427973256168336,0.0002648138708692259,0.005384842491771454,0.00012654731616577425,6.138025539866572e-07,0.010160562004001469,0.25758333920197773,2.1793923570616384e-05,1.7108171206189266e-06,4.0392896517994054e-05,0.0005282231653898848,2.6399675611563218e-08,0.0004576540009925118,0.0005630969445831477,0.0007653318282235866,4.144088109234599e-05,0.04909187189507011
10,0.00011343038870034852,0.003888282972835456,0.0005336237172814473,8.74016055082897e-05,0.2802076848167478,0.388861316280819,1.5637182786554403e-05,2.5893118033990564e-06,0.016709799954182116,0.00013327457032321678,0.008074640884555874,0.00014498707162641513,1.666666715201198e-07,0.008613522437753486,0.2720350287897375,2.8187993255322103e-05,9.279915109107209e-07,3.9177620118464995e-05,0.0007184923941668573,1.7179744298665985e-08,0.0005419135288714432,0.000986761084600413,0.0008977814783093969,7.067689353926235e-06,0.01735828638873661
11,0.0001180166372419195,0.004210732166990426,0.0005778085689245506,9.137311632790314e-05,0.28274541890379346,0.3937485555735725,1.6734292717261877e-05,2.59490109595357e-06,0.017222703769844278,0.00013494975036495356,0.008522426095873822,0.00015171284200357567,1.9909541642372757e-07,0.00918022924242415,0.2628857022170334,2.7252391858287883e-05,9.5924945184544e-07,4.281515201791101e-05,0.0006879116952935114,1.9069436188574323e-08,0.0005187873326210232,0.001010155085900823,0.0009047545043423757,7.657055219625692e-06,0.017190531290233735
12,0.00011280901024144182,0.0039053262844937417,0.0005821969565825694,8.543151904397368e-05,0.2569619139286947,0.37447183669992035,1.723320302356109e-05,2.8356706110887987e-06,0.02301423937374911,0.00013568238291523037,0.008428113725069337,0.00012843978913461534,1.658617973653928e-07,0.007580914562909471,0.3030828891675136,2.7755865880647413e-05,8.404065938701958e-07,3.309237428159553e-05,0.0008238927589137065,1.8116012977002734e-08,0.0005158283686979922,0.0008771866115409638,0.0007319382069984782,7.0568083422645774e-06,0.018472362347037325
13,0.00011795159989363806,0.0037194801354283546,0.0005676566607676186,8.385838784375885e-05,0.2817606523768564,0.3743165767030601,1.540674681961424e-05,2.6467267809963654e-06,0.017332955708599333,0.00011638463992238678,0.009076995380907362,0.00016733414616204985,1.6586191430522106e-07,0.008819266316813673,0.28381883636548316,2.6203775227593273e-05,9.857169098933461e-07,3.834136118022281e-05,0.0007454874868056181,1.710454187150886e-08,0.0005516595387762275,0.001032907918474071,0.0008548516680418908,6.71707801283876e-06,0.01682666059477712
14,4.699391593398435e-05,0.007388062160780842,0.00046474627682524246,9.878198016976003e-05,0.3701439773767586,0.4028349831485709,1.238994496834473e-05,2.1852126095098225e-06,0.019514092064168296,0.00025008691449954445,0.007585366119676225,6.102903093724294e-05,2.4892930639977257e-07,0.006752143721490273,0.17214497265805165,1.6065113334519513e-05,5.496318006667494e-07,3.925311513404255e-05,0.0005435644583307092,1.5862820646333533e-08,0.0004410136242327825,0.0006714594271985817,0.0005001627295227011,8.268048100888332e-06,0.010479588534777618
15,0.00011343038870034852,0.003888282972835456,0.0005336237172814473,8.74016055082897e-05,0.2802076848167478,0.388861316280819,1.5637182786554403e-05,2.5893118033990564e-06,0.016709799954182116,0.00013327457032321678,0.008074640884555874,0.00014498707162641513,1.666666715201198e-07,0.008613522437753486,0.2720350287897375,2.8187993255322103e-05,9.279915109107209e-07,3.9177620118464995e-05,0.0007184923941668573,1.7179744298665985e-08,0.0005419135288714432,0.000986761084600413,0.0008977814783093969,7.067689353926235e-06,0.01735828638873661
16,0.00010407380493020019,0.004369711085265883,0.00029892781520065074,0.00013025917662769012,0.210924426037681,0.538288329001049,1.845359420686206e-05,3.288406063255495e-06,0.010182552063919438,0.0002964142331871453,0.007931232657084366,0.00014823219433775245,1.2073984052989882e-07,0.009032244444773891,0.19477260805485078,4.753027126858796e-05,9.527925078942852e-07,8.67121249018305e-05,0.00076019894424171,2.492415222446946e-08,0.0013486795349503943,0.0014624851276777461,0.0013466433532442943,6.185754239402629e-06,0.018439713863797613
17,0.00014732868856045644,0.004035440895023602,0.0006842339720655934,0.00020544686622293602,0.33853729619474376,0.427734561935449,1.995814541810042e-05,2.869539851040721e-06,0.009958512533267787,0.00014790000020319943,0.008826268882452718,0.0002625077991037676,2.452547354748876e-07,0.019995059979626945,0.1591651906823108,3.310955277111068e-05,1.0822271233287661e-06,8.328399116814219e-05,0.0005472348726239022,2.7877094155655985e-08,0.0007903544801483573,0.0010757798397311824,0.0018647376075851029,7.852820072933515e-06,0.02587371536264658
18,0.0005138757759986512,0.00969240838480523,0.0010339525459793278,0.00017963905956489465,0.30155893669986483,0.2625124142455263,3.075648310231885e-05,6.424779205101279e-06,0.013702498078378712,0.0002395818363938945,0.00868814313676878,0.0005395757579877959,3.6420416557820784e-07,0.015133294924921872,0.3143663537287814,3.778761906034002e-05,5.551019360620379e-06,0.00017590699652820892,0.0008938715963850029,3.1373875915067735e-08,0.0011692953355899856,0.0035979828488892306,0.002037139060489517,2.959211344231371e-05,0.06385462239493418
19,6.101181244931276e-05,0.0035671481176518935,0.0009366416134072488,8.817348823556477e-05,0.4443178529339745,0.33004343930125046,1.033541282190922e-05,2.798202123983241e-06,0.025571017089838305,0.00015140204259452586,0.0064496882208313336,0.00015958072552165863,2.542684767003287e-07,0.009567162757083907,0.16538020079519902,1.731295467171814e-05,6.954401302717574e-07,2.7720904670348148e-05,0.0006043609200170392,1.897877170201169e-08,0.00036980722489143695,0.0008887477136176759,0.00036855371755744866,5.903280163697168e-06,0.011410172084048237
20,8.778810153741726e-05,0.004226941046366063,0.0004658301374015129,7.189529414487659e-05,0.3009060400490048,0.2702449274002825,1.1189629966118063e-05,4.379054738539335e-06,0.01866597108065626,0.00015812432802875332,0.006074939196139774,0.00014666519153621842,1.258207269390943e-07,0.006835722572588749,0.37105275450830005,2.406537289470993e-05,1.580818603534974e-06,3.289776694648701e-05,0.0009126251654446794,1.579719056837576e-08,0.0007010415420517814,0.0021296766376118926,0.0007759719132013587,7.516114267620336e-06,0.016461315460368664
21,0.000166929337359813,0.0026201806905897765,0.000667735163610311,0.00011434206041955845,0.23766343566453305,0.5475867663008095,2.5066085485474765e-05,1.959041000078449e-06,0.010414860474192896,0.00014189653945792296,0.008319649342524469,0.0002707370241571644,2.4924755173382995e-07,0.013702881390670694,0.15923848978975214,5.537585233453277e-05,6.793303276670783e-07,5.652028370584691e-05,0.0005109682783811477,2.831796525577428e-08,0.0005724316725407425,0.0006887745885574524,0.0013009189845314523,6.368618632159332e-06,0.015872755920909174
22,0.0001518352564056214,0.0028855547832601367,0.0005728767539758175,8.378491845981882e-05,0.2436318580832449,0.48015359678518094,1.7261299464731427e-05,2.6901612293630997e-06,0.011669938461997775,0.00010546602127149623,0.013257539644482773,0.00023128710347046199,1.3468254357870045e-07,0.00865306222580037,0.22150434932764684,3.257276818749889e-05,1.2255032684991395e-06,7.385281942228133e-05,0.0005946347580879741,2.1938469485014813e-08,0.0008109507762615243,0.0012262610011952318,0.0010735523893984293,7.101836845353621e-06,0.013258590700429215
23,0.00011343038870034852,0.003888282972835456,0.0005336237172814473,8.74016055082897e-05,0.2802076848167478,0.388861316280819,1.5637182786554403e-05,2.5893118033990564e-06,0.016709799954182116,0.00013327457032321678,0.008074640884555874,0.00014498707162641513,1.666666715201198e-07,0.008613522437753486,0.2720350287897375,2.8187993255322103e-05,9.279915109107209e-07,3.9177620118464995e-05,0.0007184923941668573,1.7179744298665985e-08,0.0005419135288714432,0.000986761084600413,0.0008977814783093969,7.067689353926235e-06,0.01735828638873661
24,6.516382764631e-05,0.005216802741357823,0.0004686461606327906,0.00013756402561459528,0.37026880739193374,0.4250042104714632,1.2808858739847706e-05,2.1291039111572127e-06,0.012548050115155246,0.000199350079881075,0.0065328218678296825,0.00011615781460419648,2.3098462191951255e-07,0.013063538909834489,0.14851408533536917,2.2528654657530363e-05,6.012565849662391e-07,4.8372819214148886e-05,0.0005903973901113508,1.8925269629787028e-08,0.0005475904473986646,0.000847127487894447,0.0008493970826898591,5.567689800593848e-06,0.014938030557783597
25,0.00021793009143593475,0.004027357612048826,0.0010355796537427036,0.00019793797580545272,0.3350130418659918,0.3374344628467986,3.27292913761772e-05,6.984140345372287e-06,0.018077117386429753,0.00011413562695126382,0.024297764197309883,0.00042483710348359226,3.309570475900479e-07,0.012446125443347273,0.24380725911123807,3.0208398326725227e-05,2.1839656541496355e-06,8.629768600782558e-05,0.001074723239785315,4.5858252386944986e-08,0.0009738804834316427,0.0012839402911353065,0.0013978037707419522,1.202835371704144e-05,0.018005294649595313
26,7.626329986261485e-06,0.0011660459546442433,6.73664291106151e-05,3.796689191572472e-05,0.15533630770314752,0.6362875089826121,4.156334566129894e-06,5.032562444408571e-07,0.007261149945888578,0.00010427407523900304,0.0028902082717107824,3.1943646993478184e-05,1.8319104664872884e-08,0.010388613769977772,0.17826811027851627,3.5903988381039026e-05,4.757745562170445e-08,4.102583986989373e-06,0.000984891699162921,6.475308419117915e-09,0.00043682641900935474,0.00040791785604163243,0.00040768877218342334,1.6950245932545867e-07,0.005870644936353871
27,9.918595342036476e-05,0.003003105177582787,0.0003943785100396846,4.756955494207284e-05,0.16432264211431044,0.3819475357925532,1.2455172411210626e-05,2.4534305665902716e-06,0.02528502057988588,0.00012283029066421832,0.005268537099234835,8.750592073205535e-05,8.481027522398382e-08,0.004834475095229715,0.3923399059430895,2.8898469695056253e-05,7.256610871242924e-07,2.3562477194079078e-05,0.0007350033930398969,1.4787560836939271e-08,0.0004219818992296855,0.001207610086706695,0.000597253074222005,5.0220375812757425e-06,0.019212242668745397
28,0.00011343038870034852,0.003888282972835456,0.0005336237172814473,8.74016055082897e-05,0.2802076848167478,0.388861316280819,1.5637182786554403e-05,2.5893118033990564e-06,0.016709799954182116,0.00013327457032321678,0.008074640884555874,0.00014498707162641513,1.666666715201198e-07,0.008613522437753486,0.2720350287897375,2.8187993255322103e-05,9.279915109107209e-07,3.9177620118464995e-05,0.0007184923941668573,1.7179744298665985e-08,0.0005419135288714432,0.000986761084600413,0.0008977814783093969,7.067689353926235e-06,0.01735828638873661
29,0.00011343038870034852,0.003888282972835456,0.0005336237172814473,8.74016055082897e-05,0.2802076848167478,0.388861316280819,1.5637182786554403e-05,2.5893118033990564e-06,0.016709799954182116,0.00013327457032321678,0.008074640884555874,0.00014498707162641513,1.666666715201198e-07,0.008613522437753486,0.2720350287897375,2.8187993255322103e-05,9.279915109107209e-07,3.9177620118464995e-05,0.0007184923941668573,1.7179744298665985e-08,0.0005419135288714432,0.000986761084600413,0.0008977814783093969,7.067689353926235e-06,0.01735828638873661
30,0.00011343038870034852,0.003888282972835456,0.0005336237172814473,8.74016055082897e-05,0.2802076848167478,0.388861316280819,1.5637182786554403e-05,2.5893118033990564e-06,0.016709799954182116,0.00013327457032321678,0.008074640884555874,0.00014498707162641513,1.666666715201198e-07,0.008613522437753486,0.2720350287897375,2.8187993255322103e-05,9.279915109107209e-07,3.9177620118464995e-05,0.0007184923941668573,1.7179744298665985e-08,0.0005419135288714432,0.000986761084600413,0.0008977814783093969,7.067689353926235e-06,0.01735828638873661
31,0.00015460412237025973,0.007558724377152313,0.0011782656239901538,0.00017896372090051124,0.5478944551377312,0.2158004004263137,1.5717601078086917e-05,6.134302447408943e-06,0.019487278813975103,0.0002581485562204608,0.005563002620146523,0.0002107219342826397,4.1475011977615253e-07,0.011965748261113343,0.15928332629723696,2.2795442079823487e-05,1.8878991189273075e-06,6.563603118325715e-05,0.0008331920575537573,2.418875420426482e-08,0.0006210395486021242,0.0011925130390036834,0.000737781373408818,1.991123876236166e-05,0.026949312636454704
32,0.00010897557878527202,0.0036821228387739747,0.0005043978138998209,7.901149143907487e-05,0.2690252394098154,0.3749784658955615,1.490457457933714e-05,2.726776348924936e-06,0.018716036113485286,0.00013306612569094064,0.007480653341727775,0.00013826254604732855,1.5077379946184944e-07,0.008185750299364873,0.29655091605361217,2.9446625323506577e-05,9.089871541128361e-07,3.3393595350034723e-05,0.0008606157346249438,1.6520438835155655e-08,0.000548136906016681,0.0010445363979980236,0.0008022271898345709,6.189904941042069e-06,0.017073848505387228
33,0.00014710563400640876,0.008388544491911142,0.0003084710739781851,6.441563462628146e-05,0.4826058876141981,0.28283460183570847,9.894494726561676e-06,2.5208192050487495e-06,0.0033387286660997305,0.00011705980442431876,0.0067449372105234575,0.00028526658304076286,3.537806444234296e-07,0.015130995509153458,0.1853395103765249,1.993863795806381e-05,3.2216153690423906e-06,9.612849774464048e-05,0.0005957798510328063,1.572839092430642e-08,0.00045280499699410355,0.0052405891632367925,0.0017241764190740931,1.0151717548841122e-05,0.006538899843879544
34,0.0001275960064096345,0.002830207422607425,0.0007407825168102592,4.635627934638587e-05,0.16439895294040016,0.33363808006160717,1.8786336173428168e-05,2.6201171989732777e-06,0.06584745658130814,0.00010134912136519216,0.006608514989087309,8.456975510353342e-05,1.231778263465203e-07,0.005249266216049053,0.39811780450823064,2.5592974035651863e-05,4.547585892222301e-07,1.4842282847442778e-05,0.0012331073494950596,1.4902346935677352e-08,0.0003254775575035848,0.0006269498454490776,0.0002675569402116063,4.750243872151831e-06,0.019688787116125754
35,0.00012846720588772435,0.004174576282060215,0.0005687856442966302,9.545188351647177e-05,0.2787356910909799,0.38659690765688476,1.6535634717925134e-05,3.0480340022395445e-06,0.01899633655350249,0.00014926318187090867,0.00823286821945057,0.0001576048359434748,1.771209834441464e-07,0.008498225411428176,0.2702866980190481,2.8374763432324393e-05,1.0453872645122611e-06,4.50000220768172e-05,0.0007917777681471816,1.8955351847065306e-08,0.0005840896128463418,0.0010900922269876602,0.0008712832849690258,7.809935797232155e-06,0.019939871268554035
36,0.00012786688570368016,0.003988676216171072,0.0006217269352568807,8.720576967656803e-05,0.31978794316973214,0.3212902367747761,1.4632751457412056e-05,3.14455611529217e-06,0.018557512668557614,0.00013755898053881955,0.007008621047244955,0.00018245857868102525,1.8643960250931494e-07,0.00911220149464602,0.29568700801420805,2.8954381758316417e-05,1.2274702875286229e-06,3.48423651853576e-05,0.000884729230859998,1.6669256822532388e-08,0.0005535783645075494,0.0011493409401908993,0.0008256956164460259,7.737231394787126e-06,0.019906897447744477
37,0.0007437554242455163,0.005989991866963322,0.0013356553207857118,0.00011558656632336299,0.3321576367216137,0.35487291936047166,3.596470819920463e-05,3.0548766455415277e-06,0.010925141687146828,8.669734333103363e-05,0.01533674767914809,0.0005882636041097466,4.163242370453569e-07,0.01994862752709633,0.22701162691676183,3.381183510341698e-05,2.46612238785388e-06,0.00013567875658728083,0.0007371047653411682,2.4009832514807555e-08,0.0006170397248138081,0.0015468659629205399,0.001438992225912089,1.9285000221658554e-05,0.026316645669800874
38,0.00010176524401144649,0.0010040398648155197,0.000143653787763639,1.94577175534565e-05,0.06089087157313663,0.6329621137255603,1.8329895268947904e-05,5.557700786354151e-07,0.005839344833472484,4.060842994853613e-05,0.007667089118490772,6.600650019939951e-05,3.915068064463076e-08,0.004114899211612344,0.2793285358087462,4.852177888931227e-05,2.3080374846224729e-07,2.0504249164371243e-05,0.0003428400662935437,9.236479713371029e-09,0.0002967980649379927,0.00047800772346001604,0.0010578221941765257,1.9142903006009495e-06,0.005556040961210374
39,0.00010622449241066765,0.002977828788989014,0.0004919111535296054,8.638226025173481e-05,0.2749884230713093,0.41341754772421485,1.422742922504475e-05,2.7823079075541747e-06,0.01582569062476451,0.0001363379381579952,0.007592450241266351,0.0001538105389351006,1.2990975523140145e-07,0.008006129059340646,0.25589256801512844,3.405747296147776e-05,8.676404622804634e-07,3.713504187540685e-05,0.0007812709603779604,1.7350972389019934e-08,0.0006398408024795694,0.0009290626362226851,0.0009024635972230095,5.905377545761383e-06,0.016976935564693277
40,0.00024537822495608635,0.003843642514885219,0.0005006651028981429,3.445960034877952e-05,0.1917785866827087,0.40811333035487,1.7074620843588344e-05,1.9425466003135327e-06,0.013365950300413562,7.25300735821258e-05,0.009569618474262187,0.00023320144990120588,9.452506050733658e-08,0.010538142308117227,0.34307319915269185,2.84004423268366e-05,1.019003484087262e-06,4.850879913643393e-05,0.000865180976899072,1.2725631744111743e-08,0.000554701327241631,0.0027847368572754376,0.0006754575388932598,4.996628226093599e-06,0.013649169768745762
41,8.277032552843798e-05,0.0034771876216162442,0.0005564980980358573,7.099747447639964e-05,0.2925342747338392,0.369206283519913,1.2714678423421874e-05,2.2119321908458645e-06,0.021157382617208575,0.00013051984310063708,0.006209794993778456,0.0001004665934365132,1.442263893580128e-07,0.007414450296755484,0.28097112906336696,2.5361439281135444e-05,6.495904831364535e-07,2.4699441873169655e-05,0.0006709707454597742,1.3601467790078601e-08,0.0004343536320866975,0.0007443287481276716,0.0006160700934216984,6.119413794881424e-06,0.015550607275944784
42,9.444389130350303e-05,0.002141981732708672,0.00025671063571211365,3.207131025696378e-05,0.1580989288957798,0.23388632310214502,9.64005503954563e-06,4.7857690459750216e-06,0.01688763320957627,0.00011748086467468287,0.00468197365581664,0.00012218677706085486,4.2055725752639335e-08,0.003477119083971479,0.5620028277069519,4.990846100343646e-05,1.5522210323150094e-06,1.4844620069977334e-05,0.0017792672269533558,1.3187634500127582e-08,0.0008234574740073779,0.002497202616022218,0.0006596648937258016,3.6618850312223047e-06,0.012356278668750626
43,0.00017548012664804992,0.004943705056733789,0.0008255709886813695,0.00010056759434603897,0.28430138275499695,0.362017012402755,2.2189200224009072e-05,2.4846270549281427e-06,0.018666797626872067,0.00010504309231054033,0.010788715264801104,0.00020182068337278538,2.666600766408753e-07,0.011714929982353324,0.28165510239092734,2.4866956905137843e-05,1.072731837381351e-06,4.827459547747007e-05,0.0006859861484330988,2.1049099705659837e-08,0.00045497577099773694,0.0009700726077013247,0.0009607658443801127,9.436656370938715e-06,0.021323459186643117
44,0.00011343038870034852,0.003888282972835456,0.0005336237172814473,8.74016055082897e-05,0.2802076848167478,0.388861316280819,1.5637182786554403e-05,2.5893118033990564e-06,0.016709799954182116,0.00013327457032321678,0.008074640884555874,0.00014498707162641513,1.666666715201198e-07,0.008613522437753486,0.2720350287897375,2.8187993255322103e-05,9.279915109107209e-07,3.9177620118464995e-05,0.0007184923941668573,1.7179744298665985e-08,0.0005419135288714432,0.000986761084600413,0.0008977814783093969,7.067689353926235e-06,0.01735828638873661
45,0.00011491651046221751,0.003994203134437644,0.0005250143601610642,9.117649396356104e-05,0.27851934625355423,0.39736899753909805,1.558067885390041e-05,2.5510562273471185e-06,0.016125213913838924,0.0001360215201711229,0.008201668690410979,0.00014767828425104338,1.653810147202794e-07,0.00885713065079973,0.26454685699796204,2.8050631958573163e-05,9.350440809095517e-07,4.223197469221211e-05,0.0007049451403285423,1.7359414484715686e-08,0.0005668193180424068,0.0009995506388838628,0.0009307405511972689,7.04795858918385e-06,0.018073139917606087
46,0.00018219298002528872,0.004902883241512032,0.0006323412666032686,0.00010554598082284068,0.3257624161936994,0.29320842297391525,1.6264198361707304e-05,4.3064184948366165e-06,0.01516475342829684,0.00014248670772491962,0.009210399769868611,0.00023577592030545947,2.272839566791395e-07,0.008056658054247242,0.3163513342326356,2.8163314409898708e-05,2.4256895026857678e-06,5.762454180708476e-05,0.0008300518544772578,2.0483302065388504e-08,0.0006936912394680928,0.0015677567036469547,0.0011758696655241666,1.2961373981660386e-05,0.021655426483410276
47,0.0008193612777410731,0.004544409063753327,0.0006308815285176733,5.4836949393857016e-05,0.16171490534660696,0.3819895675694685,2.5044565061727785e-05,4.210227411887273e-06,0.011062834567483948,0.00011171776101219276,0.011397690409007526,0.0007773023858044804,1.8200532914729254e-07,0.00819366909257643,0.38282373830861405,5.495964330869122e-05,4.378054245572735e-06,0.0001293739574583168,0.001001758609188671,2.789517207174421e-08,0.0009036049694193519,0.004655077717525384,0.001327257070630127,1.293995772693706e-05,0.027760271067542197
48,0.00015510117408465196,0.006897267018441974,0.0004344214441173499,8.989162526534088e-05,0.3053073719555621,0.2445238496651635,1.7715663668147784e-05,5.009167348437299e-06,0.015096236706981654,0.0002032976739918048,0.0060059161190760295,0.00015954687319908316,2.3542070985478182e-07,0.008562679676025338,0.38734626674395134,3.5405123263846434e-05,2.4927745388326425e-06,3.9513507590937583e-05,0.0014208069786592183,1.9104894694839335e-08,0.0006409979473241402,0.0022571291426658636,0.0011703388360464568,1.1215475015856233e-05,0.01961727418241354
49,9.201539080172545e-05,0.0024576527298997585,0.00048088816651587754,6.005176590758005e-05,0.2756479629616556,0.48384248701371974,1.0446934396399218e-05,1.8950184170905392e-06,0.011981408940348529,9.495413244842727e-05,0.00831325176214764,0.0002150980304516268,1.3911046892149417e-07,0.008644441221177879,0.19507639678155023,2.4767424871067987e-05,7.808876357632739e-07,4.342175281349279e-05,0.0005131448879070844,1.7109054608817483e-08,0.0004723016792120433,0.0012384423404966918,0.0007419626284657245,4.163681363754673e-06,0.010041907648272863
50,7.747240833557097e-05,0.004503138812587513,0.00045964294549277366,9.100224998642085e-05,0.2513319494446515,0.4540127592808637,2.625320600116309e-05,2.9664458831352803e-06,0.031014042690451948,0.0003812685062783809,0.00313955413900404,5.5467199227819507e-05,1.6000500184308833e-07,0.012441759672810507,0.22078564299934125,5.978710892350447e-05,3.126522272582499e-07,1.8328955813311573e-05,0.001644701024141004,1.922138025521243e-08,0.00043208338426056693,0.0009819046212804336,0.0005365118856162614,4.05600923917612e-06,0.017999215131200737
51,0.00011204496721133017,0.006459069669825008,0.0005832900391781312,0.00018985031228028597,0.2780929690920254,0.5080650627817961,2.576807945702632e-05,3.5169678052306716e-06,0.015489883444327824,0.0002277339752354148,0.014499049246019673,0.00019960797524102086,2.5846822511131175e-07,0.01553209752693623,0.14020980754305853,1.709990548243306e-05,8.512253152695974e-07,0.00015067633297509683,0.0006121091090727623,2.9988151912863457e-08,0.0010016660035000195,0.0016829256728970858,0.000940176542827706,7.625859361052874e-06,0.01589682927179431
52,7.734504057520644e-05,0.0018660296056952263,0.00024102115709157993,4.562793279704504e-05,0.09402202997580411,0.7469799582782227,1.4603110336319697e-05,7.798513230716526e-07,0.009000622962585574,7.07414671741281e-05,0.009860453226680378,7.40332003713686e-05,9.938645898646039e-08,0.004817885991954597,0.12449786981187144,1.8338944907459897e-05,2.752454266640842e-07,6.939527402182706e-05,0.00018302007612900148,1.7797227901487776e-08,0.0002798605128103122,0.0005912966359703843,0.0007591836596303135,3.402932983364088e-06,0.006526107921951175
53,0.00011393526854447274,0.002107490679059875,0.0002864321591812235,4.813324366379272e-05,0.04644721225124768,0.5348471159594089,4.433980243927817e-05,9.839974698240555e-07,0.014885338662385884,6.264083175029747e-05,0.012393998656069586,4.781068734818889e-05,9.456782931901462e-08,0.004104743603843246,0.3692656715185163,3.900067291912604e-05,3.1394204664523013e-07,3.108077466107469e-05,0.0002924926640389478,2.5177730263486098e-08,0.0002709334710468627,0.00043023587551822617,0.0014408376897642105,5.134832646394104e-06,0.012834003010870391
54,0.00013505626269548043,0.00465823103051651,0.000521540329312964,7.805761669529863e-05,0.1800007927910156,0.44220167904266333,2.2465309061146378e-05,1.6578948012388221e-06,0.018344566540665318,0.00015420783001834736,0.0054150463160641486,0.00012045923511290342,1.6189346782458343e-07,0.012144925174437942,0.30641538047987704,4.207779079265548e-05,5.39135123525533e-07,2.9779183779773156e-05,0.0007205664633256545,1.8851810636405127e-08,0.000442635362028995,0.0009560110208498251,0.0009037579358969116,5.14836680657432e-06,0.02668523814318035
55,5.230433858943706e-05,0.0025686644035912832,0.0002212521671147679,5.513609461103838e-05,0.281629314595506,0.3706137579401451,9.781267623141636e-06,1.75543716917994e-06,0.006968389775632694,0.00011374383679994172,0.005139049686596958,6.708982010968994e-05,6.683089495914309e-08,0.007264948788235273,0.3129067967856582,3.730798741939145e-05,6.760116836229561e-07,1.8918309695203297e-05,0.0006617324272588294,8.70923755930288e-09,0.0005822531103028788,0.0009242570930789679,0.0013281606061671509,3.983975077800673e-06,0.008830650001800956
56,0.00011733937005253714,0.0043279574153940814,0.0006010977001073651,9.109682661517848e-05,0.28862167329975674,0.38200919774392456,1.6878687919421063e-05,2.7053417094909015e-06,0.018448230443444007,0.0001375008648759575,0.008538137482982492,0.00014805656819311306,2.1052865162789676e-07,0.008858579849993622,0.2680945248258971,2.6821429977438355e-05,9.820921567956365e-07,4.141528081054271e-05,0.0007110418503081114,1.9401539326116905e-08,0.0005074743697679301,0.000992870925521297,0.0008558229027574811,8.048237338395492e-06,0.016842316560305323
57,8.051386222566517e-05,0.0026493337356551976,0.000844229502683104,6.755402457173863e-05,0.5426878319520921,0.18342549171247605,5.975806588145872e-06,5.5941412994395215e-06,0.02425390124096028,0.00015865961865708244,0.004003682095425056,0.0003251379872551131,1.7245987893949734e-07,0.007544032906052929,0.21538561756475522,2.4228098162340065e-05,1.9283024674918216e-06,1.9397848413690553e-05,0.0015150162068309533,1.3854578700802493e-08,0.0006346520973838764,0.001570504580896663,0.0003078276030650216,5.349549696757139e-06,0.0144833532479284
58,0.0001342903725917868,0.004680954111643939,0.0006334441670363391,9.44942219980013e-05,0.3053130755476897,0.3458019309519674,1.746258651189479e-05,3.0969749000498608e-06,0.01685426554328393,0.00014437514107191603,0.008573839679010452,0.00015969888912077367,2.1332930517479558e-07,0.00836623411987788,0.28720662395231195,2.7569895354521356e-05,1.3150254521523322e-06,4.7052565284100504e-05,0.0006908765765581742,1.880596398424603e-08,0.0005607644029563851,0.001108739736591725,0.0010039754021701267,1.0783343809186446e-05,0.018564904657538416
59,0.00014653935857051773,0.00456279225423036,0.0008029697680611898,9.990298671268139e-05,0.3290008477118971,0.3308642630947652,1.8213224938048216e-05,3.260009820452968e-06,0.017422012926577198,0.0001381568217226849,0.008906537091703153,0.00017639903230290361,2.3607893899615762e-07,0.008490230634548518,0.27674361638421985,2.73794138202219e-05,1.408432246716947e-06,5.080767509359088e-05,0.0006198509981683873,2.0117212673282365e-08,0.000556426677851039,0.0010161372791531464,0.0009795851098924051,1.3180911835594661e-05,0.01935922600571721
60,0.00011343038870034852,0.003888282972835456,0.0005336237172814473,8.74016055082897e-05,0.2802076848167478,0.388861316280819,1.5637182786554403e-05,2.5893118033990564e-06,0.016709799954182116,0.00013327457032321678,0.008074640884555874,0.00014498707162641513,1.666666715201198e-07,0.008613522437753486,0.2720350287897375,2.8187993255322103e-05,9.279915109107209e-07,3.9177620118464995e-05,0.0007184923941668573,1.7179744298665985e-08,0.0005419135288714432,0.000986761084600413,0.0008977814783093969,7.067689353926235e-06,0.01735828638873661
61,0.0001313088460641538,0.004424557211664182,0.000816581275725011,9.327866394783207e-05,0.33162474631758043,0.33094682517077545,1.6715240703744e-05,2.994117859881212e-06,0.018603394952678008,0.00012588758090315813,0.009204828840835563,0.0001787512417920516,2.233034774720777e-07,0.00874376034542327,0.2737189587776307,2.5123719568387775e-05,1.2430508825881436e-06,4.424307655381554e-05,0.0006502775985993306,1.936218240376894e-08,0.0005332684906175796,0.0009880020848830522,0.0008354424490685589,1.0743287332067555e-05,0.018278824993251258
62,0.00011343038870034852,0.003888282972835456,0.0005336237172814473,8.74016055082897e-05,0.2802076848167478,0.388861316280819,1.5637182786554403e-05,2.5893118033990564e-06,0.016709799954182116,0.00013327457032321678,0.008074640884555874,0.00014498707162641513,1.666666715201198e-07,0.008613522437753486,0.2720350287897375,2.8187993255322103e-05,9.279915109107209e-07,3.9177620118464995e-05,0.0007184923941668573,1.7179744298665985e-08,0.0005419135288714432,0.000986761084600413,0.0008977814783093969,7.067689353926235e-06,0.01735828638873661
63,0.00012283590473784273,0.004800316099197735,0.0005655163520415814,8.706111921507797e-05,0.265658898708088,0.3766655499070026,1.6953622024654297e-05,2.65065991063083e-06,0.01842863432363241,0.00013622106148350124,0.008703390658219484,0.00013973635870085323,1.940961678798261e-07,0.00836174234710393,0.2947670330510681,2.595144901486172e-05,1.0243483444801456e-06,4.2525308643952115e-05,0.0007069477496586185,1.8900220076533878e-08,0.000519816613562198,0.001076559701568975,0.0008739906819030055,8.266370936547166e-06,0.018288164607552854
64,0.00010718805571617286,0.003538350181382095,0.0004539835742756239,9.021154274525384e-05,0.2763921743596499,0.38318629732102827,1.396901303183862e-05,2.8905359960635718e-06,0.014263447929898282,0.0001397018825078225,0.008602353482919853,0.00015401087022816497,1.1925345993033357e-07,0.007964054993796533,0.283396407260429,3.111677888836121e-05,1.0257926792783359e-06,4.283969252810414e-05,0.0007997520617000885,1.585979738429867e-08,0.00085030204001096,0.0010272259288055597,0.0009639472010605649,6.5671605019386685e-06,0.01797204722696301
65,7.924292344172415e-05,0.0024501891642193844,0.00038702889952920246,8.463501057565051e-05,0.2961277770177872,0.4833970759824359,1.0654732376197179e-05,1.8179401963426544e-06,0.009612841387883438,0.00012195087618410297,0.006943035529781161,0.0001584438299955909,1.1294841285810736e-07,0.009696259429535736,0.1750334359755977,3.0253219305194698e-05,6.365512871145927e-07,4.152710807128569e-05,0.0005671954757919254,1.4353990793157037e-08,0.0006177926207798808,0.0008324428520097378,0.0009336977238415323,3.96127210957014e-06,0.012867977174860615
66,2.6001415803732974e-05,0.0010369462687563765,0.000493057574808811,6.686924325184274e-05,0.21949407046145775,0.6441075870334996,1.1791929115356776e-05,2.6910083197820244e-06,0.06400266881740156,0.0004695956350824853,0.001702714378615848,7.07053108502446e-05,1.9879089589154724e-07,0.007559556337142419,0.05222564689177791,7.99318593525088e-05,7.635115900855855e-08,7.014548044505262e-06,0.002149686504372938,3.860409066808185e-08,0.0002013679520322513,0.00034205080813765943,9.123601108510331e-05,7.144751739085292e-07,0.005857781789771981
67,9.352670911745666e-05,0.0024444307372792607,0.0004080674332390053,7.271982703677475e-05,0.18703559838221534,0.5341002372580501,1.6206511404100637e-05,1.093399303225837e-06,0.008024693125451876,8.064030585139255e-05,0.007992702117766523,0.00013858992171806618,1.287124903615259e-07,0.01068686001641937,0.23157677029209733,3.7627348580214156e-05,5.291055527435543e-07,3.8423296068990126e-05,0.00037204725925440714,1.818609024713902e-08,0.00044768979862543567,0.0006657859066441191,0.0014993600578183178,4.2690341937625465e-06,0.014261985257731301
68,0.00015948431290416172,0.0021679490518803192,0.00014635057032922792,7.393882378136895e-05,0.05591132346767272,0.7519738109753531,1.4353986262660165e-05,8.381768022604595e-07,0.002920825612448797,5.3577650495105886e-05,0.020324916643501903,0.00017830541872098537,6.14701025622839e-08,0.003739911770629485,0.1422455338438854,2.0633779273546273e-05,9.256306131163057e-07,0.00026018719447293547,0.00011572039314037773,2.5443389203436343e-08,0.0007768591766543828,0.0009911696871516649,0.002925211299329365,5.269583942456395e-06,0.014992816037262938
69,0.0001831755297799375,0.0066035705039139,0.0015891638868244112,0.00030609464538851447,0.26361220650945205,0.2706373565358215,3.2588847552465e-05,8.033843453904824e-06,0.04054618550116105,0.0003588531830596462,0.008695675599286868,0.00017265786257363564,3.6743740258902884e-07,0.006577423498923721,0.31663865081561404,4.87866696085373e-05,2.175478788770833e-06,7.045956815471322e-05,0.0008864745167818057,6.106512220587405e-08,0.0010239748602451286,0.0006263340156214348,0.0010946127640101989,3.0945428427702904e-05,0.08025417143303118
70,0.00012225468378837295,0.003251624584615033,0.0006789881518458697,8.363500771262699e-05,0.25774286549912395,0.4710509235592148,1.5786759673985624e-05,1.4970367387025083e-06,0.014033794068191474,0.00010306852634681624,0.007325755572950126,0.00018347000873040497,1.670591466983303e-07,0.01382963209812918,0.20961804519928115,2.969117211628853e-05,6.100873449236074e-07,4.08943877883851e-05,0.0005070643297149838,1.758842546726064e-08,0.000473667405782715,0.0008587068494507737,0.0008704739055960512,4.950686783040161e-06,0.019172415771508123
71,0.0007958971982373783,0.0023862553187315736,0.0005756101109853645,0.00013417666079758292,0.07095621412543512,0.42150518370530904,9.825261826675826e-05,5.630583740932515e-06,0.009206328409386634,6.24305869480302e-05,0.034749529058368325,0.0004940195932400663,2.134423054076117e-07,0.007149600637942181,0.418662631709517,8.289973107752807e-05,3.5131454446143475e-06,0.00021354867499560407,0.0007224471507627813,7.972383137689486e-08,0.0012185906114020627,0.0014937274109480642,0.005333394736368758,1.9834694377507042e-05,0.02412999036158017
72,0.00019494644394675226,0.006905856983311678,0.00034456062518582183,0.00014222567171109373,0.2827768422884768,0.34951527849683905,2.944462786569281e-05,8.114052966251057e-06,0.010304835738026676,0.0002470840823207184,0.017554326352770454,0.00019870497483548478,2.599429828736519e-07,0.005820373530459136,0.3057822865829816,3.477859782354329e-05,4.117619462883498e-06,0.00015126735215370267,0.0011685787630622035,3.093077397259991e-08,0.0013652726711159383,0.0023629147849054686,0.0020081560200355055,2.2038324676074252e-05,0.013057704541310498
