,0,1,2,3,4,5,6,7,8,9,10,11,12,13,14,15,16,17,18,19,20,21,22,23,24
0,4.284536055483617e-06,0.00022843699869317494,3.112118841091065e-08,6.805020220705821e-07,0.0007273619192242964,0.018713092448558847,9.194842781517392e-06,5.70859043639437e-05,0.5871247766700811,0.0008839220120288377,0.0001566559919035913,1.6410264249866134e-06,9.325941799404486e-10,7.766057789832718e-06,0.2878871359213253,7.259474760774918e-07,6.816577635484386e-06,0.0014426380731068986,0.00015009317939634274,1.793838123731433e-07,4.482154838596175e-05,1.7693981990539866e-05,0.0949650225490631,4.766627867826201e-06,0.007565175246229808
1,4.235895342468085e-06,0.0001722036658360628,3.720062706296248e-08,5.29312136502189e-07,0.0007633587904922582,0.015263563423079567,5.922992437448352e-06,5.0228200520023994e-05,0.7373105357799093,0.0009037901079284016,0.00012270137901196172,9.103969423255607e-07,8.36868882149846e-10,3.7690055972944165e-06,0.1811846788930067,6.743139474819558e-07,4.88962794739965e-06,0.0007614180664784277,0.0001749438837713825,1.2997493870261355e-07,3.048346990135647e-05,1.1942179325444214e-05,0.05879725990168691,2.936823072614194e-06,0.004428855879194069
2,8.324084336555906e-06,0.0004080657869980375,3.822055340544089e-08,1.6706752888413992e-06,0.0007214288806267652,0.068382129885842,2.9119980381802907e-05,7.250563441552006e-05,0.5810829061259967,0.0011080592399546172,0.00010096612467532705,2.8826085188894764e-06,1.977145616507069e-09,9.856919047187203e-06,0.19689960338659432,2.88757937944154e-06,2.2089836518894855e-05,0.0038138606421034005,0.0004969834450008495,1.700812361344701e-07,7.297490207573787e-05,6.515321741449745e-05,0.13706183122889962,1.8695459077176572e-05,0.009617794077918714
3,4.203186511344737e-06,0.00024268406550074175,3.1509247839591436e-08,6.686972236189777e-07,0.0007409762969071867,0.018781493367127613,9.228081059352019e-06,5.55952064101488e-05,0.5736019128763539,0.0008662922251541859,0.00015920877394171943,1.7126689572671301e-06,9.026578399515251e-10,8.218864082842062e-06,0.3007048435533925,7.119342030414493e-07,6.842350929313518e-06,0.0014394232738051994,0.00015151004109530044,1.7718364780992578e-07,4.55825548178582e-05,1.844868369281293e-05,0.09515278995697109,4.816520351264944e-06,0.008002627225958257
4,4.989441956265749e-06,0.00025691989392838914,3.6272320894572637e-08,7.455043607209178e-07,0.0008179670431825451,0.020358397290254657,1.0306040781667962e-05,6.230728799230067e-05,0.562643142987764,0.0009490207973854403,0.00016574579681386296,1.8513244153781108e-06,1.226680278612707e-09,9.945230086284015e-06,0.3031471242520338,8.645016224050179e-07,7.726077493965521e-06,0.001691309880259557,0.00018391362772128024,2.105756345550285e-07,4.854155459899895e-05,1.8496070249848884e-05,0.1014668525636957,6.043982318408249e-06,0.008147540776448919
5,4.277624852402824e-06,0.000285754655934587,2.649092315279004e-08,8.754175973006275e-07,0.0006670182067756172,0.022728211447448247,8.512881932287426e-06,5.875618247940573e-05,0.5503343887145187,0.0007827144814534695,0.00016059953828268065,1.598300436687173e-06,1.0291693723831979e-09,8.187866321354153e-06,0.31080215492848645,8.751040779544583e-07,6.900364541873512e-06,0.0022299107853236072,0.0001736298515829064,1.9607277993572762e-07,4.7738762222773386e-05,2.000198928053575e-05,0.10464646071933542,5.001392887949358e-06,0.007026207191355462
6,4.203186511344737e-06,0.00024268406550074175,3.1509247839591436e-08,6.686972236189777e-07,0.0007409762969071867,0.018781493367127613,9.228081059352019e-06,5.55952064101488e-05,0.5736019128763539,0.0008662922251541859,0.00015920877394171943,1.7126689572671301e-06,9.026578399515251e-10,8.218864082842062e-06,0.3007048435533925,7.119342030414493e-07,6.842350929313518e-06,0.0014394232738051994,0.00015151004109530044,1.7718364780992578e-07,4.55825548178582e-05,1.844868369281293e-05,0.09515278995697109,4.816520351264944e-06,0.008002627225958257
7,1.867841182966874e-05,0.00016904646795133502,9.49965337924164e-08,1.0409119804876933e-06,0.001298985924149498,0.010015694276009868,1.9698776344043512e-05,0.00014100285735386918,0.7436830549907983,0.002559025596453416,0.0002979327448768286,1.6353501266543825e-06,3.3208118996460085e-09,9.230812205334465e-06,0.1857124673689174,9.333302717087835e-07,1.2607184548038453e-05,0.0007849285804558509,0.00029296670406410365,2.7739043347227683e-07,2.260208042510235e-05,2.0155403206640716e-05,0.04676417804366027,7.1858739983691395e-06,0.008166572602594088
8,7.835362650334757e-06,0.0001889929168379792,8.47655649190184e-08,5.745838079907229e-07,0.0008573426943103458,0.010943359038624438,1.3613242732662222e-05,5.1400640753119145e-05,0.5089025722203394,0.0017889921487830843,0.00016971919194221912,2.3752284441092605e-06,1.3345834151701452e-09,1.7805309546266518e-05,0.28372353013810603,5.883148490753394e-07,1.1578319779742559e-05,0.0006456391912008521,0.00013511485960715828,2.436421669755811e-07,7.045501475662278e-05,1.4533796504671358e-05,0.17613606479781257,1.2999509235123642e-05,0.016304583737061076
9,5.082300215221486e-06,0.0001990681148028774,3.9595730244002094e-08,4.961016806258304e-07,0.0005919965857772002,0.009863753540426734,8.239064615110673e-06,3.983156980664821e-05,0.4619277070885077,0.0011596428710447383,0.00016336952149237585,1.6263749551442689e-06,6.651492471273698e-10,1.2735380900552242e-05,0.3499380239833437,3.764527206566415e-07,7.000144913183825e-06,0.0006940697527480946,9.375423715592402e-05,1.5693756009365288e-07,5.509555829177998e-05,1.250975436514344e-05,0.16156378525115656,6.992157078444789e-06,0.013654646995561872
10,4.203186511344737e-06,0.00024268406550074175,3.1509247839591436e-08,6.686972236189777e-07,0.0007409762969071867,0.018781493367127613,9.228081059352019e-06,5.55952064101488e-05,0.5736019128763539,0.0008662922251541859,0.00015920877394171943,1.7126689572671301e-06,9.026578399515251e-10,8.218864082842062e-06,0.3007048435533925,7.119342030414493e-07,6.842350929313518e-06,0.0014394232738051994,0.00015151004109530044,1.7718364780992578e-07,4.55825548178582e-05,1.844868369281293e-05,0.09515278995697109,4.816520351264944e-06,0.008002627225958257
11,4.836031786964099e-06,0.00023071889627998364,3.567618702392239e-08,6.925909940123427e-07,0.0007503495986595308,0.01971820571232113,1.048830038313022e-05,6.681607529165456e-05,0.5908566894171509,0.000991399817689496,0.00015466766961259092,1.8141955194636566e-06,1.2023686056909005e-09,8.189218256406982e-06,0.2833508712532417,8.340129509266436e-07,7.91372066461737e-06,0.0015350687392070746,0.00017312570739632876,1.9663055321568868e-07,4.663270890318829e-05,1.9069915175396142e-05,0.09452765047540981,5.883809375003141e-06,0.007537848624621717
12,1.920966098438606e-06,0.00017993404213487353,2.0253888987334705e-08,4.808600356332238e-07,0.0018776223193759931,0.0193568423198052,1.005916141965238e-05,1.0121802318475747e-05,0.40825923795825214,0.00041406878240495096,0.00013470042309728512,1.7987539647257187e-06,5.299955390763895e-10,3.292515815533078e-05,0.2251141227967637,4.61478819209951e-07,4.667237867236093e-06,0.002320298279296128,6.114275854317752e-05,3.2893338924245157e-07,6.909062793422148e-05,5.99619815456715e-06,0.32400272616077036,5.331503302663077e-06,0.018136100694212162
13,4.414451015745801e-06,0.0002134995907953128,3.4019838876267447e-08,6.6078766545214e-07,0.0007399863566458646,0.0149527233720595,8.847591086875145e-06,5.656899121045524e-05,0.5328580871219075,0.0008660192430080902,0.00020387814314933302,1.8669504295625626e-06,9.067674795736836e-10,9.921308229092427e-06,0.3424899525270434,6.801477657913543e-07,6.483971277074009e-06,0.0014289962829811124,0.00012909606019629268,1.9770513809628182e-07,4.8066844833070747e-05,1.6007049657985932e-05,0.09811191648756205,4.305901391454983e-06,0.007847788188344574
14,2.605693047977022e-06,0.0006624757702132642,3.8401920974256095e-08,9.712895227587664e-07,0.0013084307827607462,0.027488798243441387,4.025970658183688e-06,3.431710832815281e-05,0.5321047083869883,0.0005857350515273853,0.0002453187421190737,9.282947589954508e-07,9.157359476232492e-10,6.246193923660539e-06,0.3587221453954809,8.405278524074359e-07,3.892172846067178e-06,0.0023258720775210075,0.0002935594471042188,2.2924073421337186e-07,4.165793783530541e-05,1.8577582891521202e-05,0.07093108376114521,2.1840866320379147e-06,0.0052153569250103305
15,4.203186511344737e-06,0.00024268406550074175,3.1509247839591436e-08,6.686972236189777e-07,0.0007409762969071867,0.018781493367127613,9.228081059352019e-06,5.55952064101488e-05,0.5736019128763539,0.0008662922251541859,0.00015920877394171943,1.7126689572671301e-06,9.026578399515251e-10,8.218864082842062e-06,0.3007048435533925,7.119342030414493e-07,6.842350929313518e-06,0.0014394232738051994,0.00015151004109530044,1.7718364780992578e-07,4.55825548178582e-05,1.844868369281293e-05,0.09515278995697109,4.816520351264944e-06,0.008002627225958257
16,5.031507080579038e-06,0.00018291055465875802,5.313824102380314e-08,1.1410909028453099e-06,0.0007798714128380903,0.02215528647634367,1.282991561088672e-05,8.069448253217762e-05,0.32391008330472704,0.0008449576929345374,0.0003285630257006651,4.542804997931938e-06,2.1419601985559982e-09,2.3923834047563718e-05,0.5056800772231521,2.1563649877997837e-06,8.252261253875177e-06,0.004876493173289346,0.00016502583401403604,4.591316384697832e-07,0.0001179843751639431,1.7500455115315628e-05,0.13586326193779744,6.915158869259982e-06,0.004931982702142458
17,9.20208297435871e-06,0.0001907578011344438,4.744420982410099e-08,8.494222438354546e-07,0.0011957702239036624,0.010083235775471183,2.475393416266873e-05,6.78708712499925e-05,0.5839853651361492,0.0008775480927438716,0.0002685460297921253,3.6364722530144214e-06,1.248253405306542e-09,2.2722976292768102e-05,0.27536062501317476,6.648797037260474e-07,1.1844868649031654e-05,0.001115537135392491,9.171932754303761e-05,2.4311096129710284e-07,5.1309422082443195e-05,2.174866708774105e-05,0.10916228816690711,6.4913576369812575e-06,0.017447220540026936
18,6.6388290231953815e-06,0.0003802216078794126,2.4415297691250866e-08,6.670312773733533e-07,0.0008439013482616967,0.012399220725985077,1.4178632682849582e-05,3.955196313475512e-05,0.6110275677591409,0.0007634601769533335,0.00016457191315195208,1.621799256653429e-06,6.609428003647571e-10,1.1949425387644635e-05,0.23019201636362327,3.6145258298435525e-07,1.7269955598538142e-05,0.0011420259093920008,0.00014901884980561404,1.3562027215607464e-07,3.2479036110659464e-05,3.6292551798549206e-05,0.1144734391676989,6.289343612152512e-06,0.028297095461129913
19,5.07646796773037e-06,0.00014082792068480102,4.833744681094837e-08,6.967205877199216e-07,0.0008389577828564713,0.023121471008649083,1.9396039921415974e-05,9.208252680531721e-05,0.7239323503762153,0.0018771643900946935,0.00012351972674356812,2.510014535439199e-06,1.6344347886884604e-09,5.25029861233838e-06,0.17594948936130977,8.843537182646088e-07,9.655229059355445e-06,0.0008527301153338989,0.00014657792335448616,2.1448049308520727e-07,3.825474777367618e-05,2.5323143041680444e-05,0.06535502453028957,7.326621664760371e-06,0.0074551662484060146
20,1.5769797177018427e-06,0.00039714695197518295,2.0254019598078843e-08,5.053922936690388e-07,0.00027214399348595596,0.01699396636504652,3.829122350456698e-06,6.265689361844295e-05,0.34941928035301484,0.0004154134673156896,0.00013330256633390086,2.079516488699747e-06,4.231240254597251e-10,4.358976749938067e-06,0.5677966419115922,5.434243708927394e-07,3.755265035338843e-06,0.0014341170818443197,9.659729662683721e-05,1.0062057677595379e-07,5.955730300639651e-05,2.8901549896819604e-05,0.058435546237450585,2.4299476281320137e-06,0.004435528106437054
21,5.679481574170279e-06,0.00019995454300186208,4.0145278680196874e-08,1.0690598781145053e-06,0.0008099279313440183,0.01370386303557244,7.541929779914604e-06,4.9420677206637235e-05,0.43900158822266716,0.0007149095245154238,0.0003611564335099963,2.336398821609175e-06,9.883095547282694e-10,1.8004432978853755e-05,0.42572942532207,9.872405203517646e-07,4.887264210531814e-06,0.0020958191345783594,0.00012191024232080005,2.7589859896193643e-07,6.220951060778349e-05,1.2305303902856718e-05,0.11060726408613539,3.0924353124232594e-06,0.0064863307573042135
22,5.2778338891484215e-06,0.000174177526639874,4.476105138398097e-08,1.0421606412210381e-06,0.0007974541396405145,0.014351966685319371,9.065453440234857e-06,6.204055064782562e-05,0.5210280342586391,0.001309536977201676,0.00038432382209903143,1.8599846105127205e-06,1.3198982623032588e-09,9.924587150964298e-06,0.33296663696409523,8.920619327643911e-07,1.0866332404545608e-05,0.0023944959070326456,0.00014167088427425507,3.59393767909823e-07,6.122457379268892e-05,1.8968453527250703e-05,0.1193462738139655,3.986023225357584e-06,0.006919875531112846
23,4.203186511344737e-06,0.00024268406550074175,3.1509247839591436e-08,6.686972236189777e-07,0.0007409762969071867,0.018781493367127613,9.228081059352019e-06,5.55952064101488e-05,0.5736019128763539,0.0008662922251541859,0.00015920877394171943,1.7126689572671301e-06,9.026578399515251e-10,8.218864082842062e-06,0.3007048435533925,7.119342030414493e-07,6.842350929313518e-06,0.0014394232738051994,0.00015151004109530044,1.7718364780992578e-07,4.55825548178582e-05,1.844868369281293e-05,0.09515278995697109,4.816520351264944e-06,0.008002627225958257
24,5.00087018750946e-06,0.00034600704666700734,3.592995506234967e-08,9.895036132095099e-07,0.0010961531037491628,0.019905789755533174,9.026326958050286e-06,4.68543286357179e-05,0.5725908110597456,0.0008073808872777007,0.00021693711845201951,1.8901570125821082e-06,1.0041276259027977e-09,1.164986390320418e-05,0.2970276932931579,7.844263007760727e-07,6.959855156831073e-06,0.001718004339776712,0.0001729115450479021,2.2312648912608123e-07,4.569646039693714e-05,2.1023326338476067e-05,0.0958816157093178,4.254410006476167e-06,0.010082306552193174
25,9.861357403490154e-06,9.698544990107568e-05,5.450890827829727e-08,9.234985956194584e-07,0.0009546723676018804,0.00693422626530235,2.1544915707183012e-05,0.00011756838837899246,0.5291168381032096,0.0014480208959502614,0.0005489262640163757,3.3998397720149344e-06,2.009132706299688e-09,2.0196597620394663e-05,0.3594980112841173,7.712264073732433e-07,9.667379371069689e-06,0.0014540015002139754,7.702865708624422e-05,4.0711584661461354e-07,4.1943348430141206e-05,1.387857953035435e-05,0.09055244732018329,4.734231102078582e-06,0.00907388889621134
26,4.969878020953533e-07,0.00025020838202975004,2.6088288172234718e-08,4.3953611089858126e-07,0.0002331803984116608,0.002567532350066731,1.9159241957175474e-06,2.6367803132172868e-05,0.033926210927527685,0.00013562420362405204,0.0005464007488717298,1.035614223830138e-05,1.3894952859956135e-10,2.4071411844257283e-05,0.9531893756492379,2.585090767218911e-07,5.074515197909585e-07,0.0002701146218128623,1.7606927772351306e-05,7.493168287256037e-08,2.2827837772872038e-05,2.0581079215892643e-05,0.005615008194851047,2.6793077269797663e-07,0.0031405458231919966
27,2.9836748117063883e-06,0.0003420485112082489,1.8355103285014504e-08,5.348330659262352e-07,0.0004991545778843993,0.015413717433322092,5.7357435435467285e-06,4.826856344725243e-05,0.6248071672413379,0.0005665314610391787,0.00012273725270525124,1.1303405226664936e-06,4.196378060202425e-10,4.262647175364297e-06,0.2934854024934971,4.0693742807686586e-07,4.5489742613350275e-06,0.0008429622514597785,0.0001276674396579578,8.390341228062496e-08,2.5437177348545067e-05,2.2718974109017022e-05,0.05560462647999351,2.4743411572748087e-06,0.008069379972870633
28,4.203186511344737e-06,0.00024268406550074175,3.1509247839591436e-08,6.686972236189777e-07,0.0007409762969071867,0.018781493367127613,9.228081059352019e-06,5.55952064101488e-05,0.5736019128763539,0.0008662922251541859,0.00015920877394171943,1.7126689572671301e-06,9.026578399515251e-10,8.218864082842062e-06,0.3007048435533925,7.119342030414493e-07,6.842350929313518e-06,0.0014394232738051994,0.00015151004109530044,1.7718364780992578e-07,4.55825548178582e-05,1.844868369281293e-05,0.09515278995697109,4.816520351264944e-06,0.008002627225958257
29,4.203186511344737e-06,0.00024268406550074175,3.1509247839591436e-08,6.686972236189777e-07,0.0007409762969071867,0.018781493367127613,9.228081059352019e-06,5.55952064101488e-05,0.5736019128763539,0.0008662922251541859,0.00015920877394171943,1.7126689572671301e-06,9.026578399515251e-10,8.218864082842062e-06,0.3007048435533925,7.119342030414493e-07,6.842350929313518e-06,0.0014394232738051994,0.00015151004109530044,1.7718364780992578e-07,4.55825548178582e-05,1.844868369281293e-05,0.09515278995697109,4.816520351264944e-06,0.008002627225958257
30,4.203186511344737e-06,0.00024268406550074175,3.1509247839591436e-08,6.686972236189777e-07,0.0007409762969071867,0.018781493367127613,9.228081059352019e-06,5.55952064101488e-05,0.5736019128763539,0.0008662922251541859,0.00015920877394171943,1.7126689572671301e-06,9.026578399515251e-10,8.218864082842062e-06,0.3007048435533925,7.119342030414493e-07,6.842350929313518e-06,0.0014394232738051994,0.00015151004109530044,1.7718364780992578e-07,4.55825548178582e-05,1.844868369281293e-05,0.09515278995697109,4.816520351264944e-06,0.008002627225958257
31,8.798618320002197e-06,0.00023933791852574044,6.493725277627385e-08,7.531829905206667e-07,0.0006399944177024881,0.013971689625181341,1.0742786738004247e-05,0.00017193987235386804,0.5802587000959898,0.0008898877920760699,0.00016471350084948296,2.341890449614376e-06,2.4880440456882177e-09,7.891427006774879e-06,0.32523634023189263,1.4070965358524614e-06,1.0537440812416079e-05,0.0018158523026967394,0.00025117220703117175,2.203471993959011e-07,6.085800566164871e-05,2.021978035404145e-05,0.07142710099468513,7.581288466090138e-06,0.00480185175118431
32,4.4462363155335795e-06,0.00028968518682080403,3.397832237600793e-08,6.96854475763342e-07,0.0007559063435408766,0.02089146195581029,8.462840605621392e-06,5.6992680882013076e-05,0.5813490652153344,0.0008628565974719123,0.00014863646756823953,1.6066090729389825e-06,1.0146187842826829e-09,7.776534086030984e-06,0.29260101014475365,7.921662991651415e-07,7.331935559585706e-06,0.001571975760058014,0.0001952545865034277,1.7467364077900809e-07,4.624906496847365e-05,2.0003487304225517e-05,0.09346385391464476,5.2592769160076075e-06,0.0077104664744263186
33,1.8840795153350173e-05,0.0018167543741415084,8.42867362216684e-08,2.4655350314520366e-06,0.0011924063931353732,0.1428076963134038,3.901194517415746e-05,0.00021715751899037934,0.5003232354048942,0.0015883031774763458,6.168808504959442e-05,4.644309413097529e-06,1.273134959635047e-08,1.4721249129020563e-05,0.20155005687265923,8.115237897183514e-06,8.935977884775591e-05,0.01266408971566955,0.0037683797668935505,3.3290406056461086e-07,9.385179350301261e-05,0.00022374100332042205,0.12091746614212566,0.00011684600195811135,0.012480738663986845
34,2.3697513997184032e-05,0.0001925601827846685,6.508936524480101e-08,9.03074402237102e-07,0.0013658209084279446,0.0069078197726564665,8.070309929323934e-06,7.977752323474207e-05,0.6966552616457202,0.0009875399947588271,0.00031106227996554117,1.0329917271667023e-06,2.1610155023820236e-09,1.5084288799972128e-05,0.21741578555241148,9.078308189875948e-07,8.603140662605885e-06,0.0013368100525197452,0.00034225878198535816,2.0438903700105844e-07,2.6865320211208848e-05,9.552217360657243e-06,0.06776740913831547,4.4034677880871045e-06,0.006538502372104488
35,4.735741984557803e-06,0.00023435362892226753,1.9562514886419994e-08,5.210782765993016e-07,0.0004666987414520538,0.011544680257639557,5.72316836766854e-06,7.458120910398076e-05,0.7566593003392331,0.0005622190748105772,0.00010068102755650231,8.387826096104822e-07,6.124995506204144e-10,2.6210098722385793e-06,0.18716229207494345,4.625325190074992e-07,5.043004993992942e-06,0.0007656159004468697,0.00015010576241601957,7.431982524835548e-08,1.841450023839648e-05,1.9045977015572403e-05,0.03720142859765449,2.269634004253377e-06,0.005018273461099626
36,4.021852174772759e-06,0.0002421562049478473,3.211913856985634e-08,6.55810104529682e-07,0.0007689818064547525,0.01922473532405296,8.253375709147769e-06,5.0154754210219975e-05,0.5820529241401017,0.0008734226845420079,0.00015166869109001964,1.4748511948844583e-06,8.791957445083101e-10,7.72348709269124e-06,0.28836985239103563,6.962338174609347e-07,6.16243946763656e-06,0.0013647951366406348,0.00015535870567948487,1.7604436669484933e-07,4.5275273196602015e-05,1.6040626867267664e-05,0.0991318784384334,4.664948836347966e-06,0.007518893781648803
37,1.2859025800861842e-05,0.00024622995113615995,6.997705793175875e-08,1.1303153038776326e-06,0.0012714536450897506,0.018658004980150373,2.3116884809389873e-05,5.6164911949804686e-05,0.3564213357615255,0.0011625553713966758,0.0002468543722350539,4.11287313343755e-06,2.9700128082019787e-09,5.808999244723717e-05,0.35199247171769366,1.6763479083639325e-06,1.6429612660850696e-05,0.00350943184144945,0.0002517578999914808,4.304966613471489e-07,0.00010396779340391466,1.7630117798750062e-05,0.25091704706594353,2.1271239279314383e-05,0.01500590483516046
38,3.137629661903626e-06,0.00026673279983934975,2.9540931584884314e-08,7.78245077829271e-07,0.0005368563380797657,0.032938232658992025,9.588293718343664e-06,5.7056754933417324e-05,0.4291548405884931,0.0007600481812777971,0.00015236819147835263,2.1556207933926863e-06,1.1084470321745497e-09,8.517991754015857e-06,0.4076201024258837,1.3248992450308516e-06,6.145532991951324e-06,0.002835011162678566,0.00019561753219510738,1.9368279569881182e-07,7.271235029418304e-05,2.1099347285338496e-05,0.12036207888636967,6.1045356688675345e-06,0.0049892657011139365
39,2.1102429948553326e-06,0.00038120995308967134,3.755811182244664e-08,5.438732807884672e-07,0.00045949926980454387,0.03912102157814138,5.677170914833825e-06,7.818084711368412e-05,0.5429058977756246,0.0005437311373339641,7.19080852838698e-05,2.1814618169373107e-06,8.935304588505507e-10,3.1965784446217876e-06,0.3264421895590473,1.1900137555218647e-06,7.629350682117634e-06,0.0018415211802090658,0.0002174259387487658,1.4264867012808942e-07,0.00010418028095123375,3.090889722557716e-05,0.08361845443604338,5.287668196184979e-06,0.0041558736009846275
40,7.645331722523782e-06,0.0003733223094753521,9.342321835172797e-08,5.667630534159041e-07,0.0023891172258497452,0.009668712269825868,1.392428162004028e-05,3.83955855158933e-05,0.443228566794805,0.000617397235354711,0.0003243665894634305,4.2873038760108984e-06,1.0376841803740704e-09,4.440105690411727e-05,0.42495682140899504,6.594529598863369e-07,8.577996730973959e-06,0.0010141247397093506,0.0001677872299467419,2.39674543481405e-07,7.360041138728215e-05,1.864889861694009e-05,0.09710449325745127,5.4191236137267334e-06,0.019938830597676465
41,3.149396700938696e-06,0.00027046401223008017,2.3747039745181504e-08,6.012736838161638e-07,0.0008253266797757319,0.014170106752000776,4.2081498551895004e-06,4.5444884387167395e-05,0.6259427921851249,0.0005644618024476945,0.00016690841782643644,8.54808016568749e-07,6.564902900390806e-10,5.848040019088944e-06,0.2910094412216152,5.573273220340861e-07,3.012551723138938e-06,0.0012670231521606761,0.00014595873350456708,1.4569079375504056e-07,2.65350117410571e-05,1.0054074631025005e-05,0.06075073715616613,2.0387267491321947e-06,0.004784305547994669
42,2.2181768618362113e-06,0.0007939677856450553,3.282259102272506e-08,8.147172759904094e-07,0.0002648092917847407,0.02830901438063561,2.5805280220190717e-06,0.00012964459378790832,0.7179374973302205,0.0004134373250683152,6.481943713278216e-05,1.159118763401809e-06,6.410603628386391e-10,8.075802751570333e-07,0.22775856655363477,1.0932872131324237e-06,5.701115224602647e-06,0.0009110428148387876,0.00036781948226429124,5.6751048265851884e-08,3.24657991239363e-05,6.921161497566172e-05,0.020649635457266977,1.8947561876743475e-06,0.0022817086390972195
43,3.204861063841323e-06,0.00021547702039607564,3.4444075014395584e-08,6.310427708784023e-07,0.0006251369210700439,0.027266243735573185,8.10630569337043e-06,6.760304907706774e-05,0.6155131442834796,0.0011134163779701108,0.00010640142279013129,1.5841782675670094e-06,1.0652163088676982e-09,4.250806169100244e-06,0.25811415600082654,8.559399383933026e-07,7.631791649450646e-06,0.0014123957251882798,0.00017355607724328138,1.8095107391455028e-07,6.0551083872873155e-05,2.1033020552014182e-05,0.0901301308313432,5.535482525831958e-06,0.005148737582173969
44,4.203186511344737e-06,0.00024268406550074175,3.1509247839591436e-08,6.686972236189777e-07,0.0007409762969071867,0.018781493367127613,9.228081059352019e-06,5.55952064101488e-05,0.5736019128763539,0.0008662922251541859,0.00015920877394171943,1.7126689572671301e-06,9.026578399515251e-10,8.218864082842062e-06,0.3007048435533925,7.119342030414493e-07,6.842350929313518e-06,0.0014394232738051994,0.00015151004109530044,1.7718364780992578e-07,4.55825548178582e-05,1.844868369281293e-05,0.09515278995697109,4.816520351264944e-06,0.008002627225958257
45,4.199767582857588e-06,0.00024183353173722524,3.151551310107323e-08,6.677638658849843e-07,0.0007359903796721603,0.018844364155536808,9.291864300760515e-06,5.6552368225803795e-05,0.5735278014784211,0.0008690916272276847,0.00015849123523742947,1.7206236271365918e-06,9.115007451977155e-10,8.164091997344169e-06,0.30163424265529887,7.185815385450745e-07,6.839316174799372e-06,0.0014456969492941615,0.00015203715055648746,1.770916274785462e-07,4.553404442414425e-05,1.8532002459861905e-05,0.09432331319721288,4.844265712170495e-06,0.007909863431254447
46,5.239612920223987e-06,0.00024620969180130195,3.726129292336375e-08,7.62123521091836e-07,0.00076412878148677,0.02101117688845456,1.0948457432437422e-05,6.489961975418045e-05,0.5997069380979635,0.0010154858957043091,0.00015697483000053701,1.9505140068782537e-06,1.134947102609039e-09,7.876176954436344e-06,0.26926038346851255,8.393984282710467e-07,9.735911070626677e-06,0.0015109273641198536,0.000180534175591988,1.9286971932203985e-07,5.1932265172620587e-05,2.3459627105250148e-05,0.09751929513242642,5.984319357510586e-06,0.008444086382255406
47,2.3025707190702364e-05,0.00034321824567750585,1.0094602161944134e-07,1.6966682827585946e-06,0.0008488832356024286,0.02784339491172889,2.5520143464760325e-05,0.00017748877191706817,0.6740881856528355,0.001610042072956585,0.00015425690451235761,3.6432876509818215e-06,4.2416739808919925e-09,9.363814341887785e-06,0.19628986739701035,2.7518422846164766e-06,3.102897469560308e-05,0.00204833909242214,0.0005731237455330035,2.323920693481332e-07,7.494447839103714e-05,6.0352727852119295e-05,0.08739371434012987,1.8700252464990768e-05,0.00837812015328999
48,5.814464403685403e-06,0.00029644338718950845,3.868487373369344e-08,7.021321336139259e-07,0.0006963435281742841,0.027718127808984205,1.2350759626141049e-05,8.595072146621025e-05,0.6284260097153793,0.0012168759910241736,0.00010290594514714362,1.785133617103666e-06,1.5856775396990316e-09,6.255746375693647e-06,0.2378585692270041,1.0070649512300504e-06,1.316824809973928e-05,0.0016911528445445621,0.0002910550563137131,1.7474709922898507e-07,4.903804226910744e-05,2.976190824432789e-05,0.09330945834120612,1.0201651750883902e-05,0.008176807264444613
49,2.902227913267826e-06,0.00033373045286497823,3.908920292206411e-08,6.881988312958432e-07,0.0006563253821233624,0.03024179358009482,9.110877025275382e-06,6.740150909388188e-05,0.6241578791781083,0.0008739983070692176,0.00011060599186261726,2.29918114295511e-06,8.613945102444173e-10,4.077875215694852e-06,0.2676799686830244,8.479548306838584e-07,7.872587216661188e-06,0.0011529814347596568,0.00017426554927327175,1.5749980816163235e-07,5.848542321862712e-05,3.650137131482987e-05,0.06773298326397227,4.672828228480192e-06,0.0066904106924098585
50,1.9542530114235742e-05,9.297909815528664e-05,6.300780085482235e-08,9.24655177584589e-07,0.0011989501126970076,0.011291286427781225,4.512023377289177e-05,0.0001480438450953128,0.6487078844458677,0.0031106195179374007,0.0002745395274472934,2.8800541843746046e-06,3.8894470058712655e-09,2.3919680036495125e-05,0.2208306072251696,1.0547101948283673e-06,1.707634139921262e-05,0.001332953965685094,0.00018445007305367236,3.82180108067295e-07,2.8736562816354208e-05,1.597211984131094e-05,0.09907596933436225,1.6749619007807992e-05,0.01357929084284719
51,4.447334840580317e-07,0.0022645159001695447,5.82105340027569e-09,1.1441262316381946e-06,8.683587188015644e-05,0.01111595633376702,4.670958303519933e-07,3.636098040832302e-05,0.2937701485718456,7.445895223961986e-05,0.0001337214147366922,7.906797383940099e-07,6.38497882449924e-11,1.026785423807135e-06,0.6746054199778961,2.100289230643958e-07,6.283374463007397e-07,0.000652475083095314,5.611610520369085e-05,2.225163895212019e-08,1.6688872376495024e-05,5.849189399644567e-05,0.014293321738917751,1.7383745898997284e-07,0.00283057454238844
52,3.3868806770948124e-06,0.00016496331295911157,2.3039192806378685e-08,7.538981548953278e-07,0.0006192257548080764,0.025379978178081557,6.602914293822219e-06,7.147669281345251e-05,0.546934226965048,0.0012356500920044716,0.00017205316128607017,1.551329068283043e-06,1.0776768078797107e-09,6.47900117313116e-06,0.34788242859092916,8.570143916031188e-07,4.005776781882604e-06,0.0021055145071144075,0.00015725856722814127,2.212948041483239e-07,3.728205067125879e-05,1.369886236794406e-05,0.07125570267237738,3.6945888938238746e-06,0.003942963777202711
53,2.9291738171103176e-06,7.463733332536172e-05,2.8448085160834178e-08,6.954333551644116e-07,0.0008425975670261573,0.013347388642313706,2.1383839511855142e-05,3.711086490195419e-05,0.4698712487002138,0.000952684065794931,0.0002799493158281356,2.672626345856585e-06,8.733228137177278e-10,1.6492116671845044e-05,0.29977585346307156,6.813376178392891e-07,5.695325800319003e-06,0.0017782099210046562,3.945616148552038e-05,3.843976185283562e-07,6.504707605863242e-05,9.137931380061162e-06,0.20394063992187156,4.601661867942807e-06,0.008930473801709344
54,6.078006585122551e-06,4.5616811711331476e-05,8.498293478504684e-08,8.093997016027295e-07,0.0012236661691447527,0.023822401191680193,1.4639020448823504e-05,8.669597630031895e-05,0.6229132340212147,0.0024480704780238532,0.0002192370554117688,2.1145197201436346e-06,4.442513409051146e-09,6.853118752768584e-06,0.1522650876049251,1.9307834472101163e-06,1.597493498278742e-05,0.0033892533719182263,0.00015772519630364367,8.77214795708568e-07,0.000120270099225722,8.104264336571545e-06,0.19055407962698603,9.128301718274557e-06,0.0026880634072172513
55,4.155558309111625e-06,0.00017540700262914062,2.87616994350581e-08,6.041489676039882e-07,0.0007900013611227965,0.02073720355233355,1.3906616413737308e-05,7.427397128702009e-05,0.602356732794214,0.0008096545232489994,0.00013938091508817544,2.9717402354968613e-06,1.1842163422149232e-09,9.546001663193671e-06,0.28031462233083554,8.914388051114123e-07,6.723561592072083e-06,0.0017457033629106951,0.00012219092882943057,2.091037600607778e-07,4.523465377784818e-05,1.8748521583965364e-05,0.08499905701046771,5.532083415533507e-06,0.007627218872593496
56,4.569727370806043e-06,0.00023698407278817876,3.3931203356362156e-08,7.167029123498214e-07,0.0007549204070525415,0.020397094034442217,1.0071391923583094e-05,6.366140892821274e-05,0.5867544294952987,0.0009428691628911856,0.00015509010557004309,1.8005129777005813e-06,1.1329760489546637e-09,8.151071352729747e-06,0.28629584943064285,8.225636330034561e-07,7.4539138350897755e-06,0.001568582253515425,0.00016664599412418368,1.970131790301675e-07,4.708647599523617e-05,1.8920970690174055e-05,0.09501483602024928,5.493080113327818e-06,0.007543719126334676
57,3.8138778650840465e-06,0.00021357118841226804,8.042181299140446e-08,5.338224811599837e-07,0.0011720853831556038,0.023562882824258176,1.1953966676813567e-05,7.381010448003237e-05,0.662931752684924,0.0012297725624679464,0.0001308033961263562,3.1312280448180037e-06,1.569523513172906e-09,6.2456856917354745e-06,0.22880623436995862,1.0282333412967987e-06,9.728888412775023e-06,0.0009543569491510437,0.00018122628529003827,2.6262620471113446e-07,7.284781485277025e-05,2.365530424422649e-05,0.07378046809414568,6.342022910396738e-06,0.006823410695568036
58,4.772591117858357e-06,0.00025051927920036936,3.7544848771959445e-08,6.6899249649629e-07,0.0007582418635645471,0.02457281630887654,1.1615628239243725e-05,6.730786455788748e-05,0.5740592875750696,0.0011206095724314508,0.00012210025143025282,1.9910058735531524e-06,1.3762673653188196e-09,8.557372342008708e-06,0.2768869614741595,9.198140471519825e-07,9.22656309341944e-06,0.0017048452456360215,0.00020239312037015578,2.0584803416008758e-07,5.451662351853661e-05,2.1280634921925148e-05,0.11200035169198937,8.73311385748943e-06,0.008132038644056322
59,4.790304658990826e-06,0.0002372644083004079,4.365536659170645e-08,6.854582256239892e-07,0.000796626994264942,0.023115246307655313,1.2051017715844803e-05,6.879989641518755e-05,0.5772487157243843,0.0011087578685391346,0.00013357949566408903,2.1410925758839555e-06,1.4063854142014583e-09,8.642903855759983e-06,0.27639321800748445,9.648485923942766e-07,9.394426329407314e-06,0.001606257482698129,0.0001889731994963742,2.2394631107097856e-07,6.00473089523897e-05,2.103359267720655e-05,0.11109482409077273,8.199832794447575e-06,0.007879516729883851
60,4.203186511344737e-06,0.00024268406550074175,3.1509247839591436e-08,6.686972236189777e-07,0.0007409762969071867,0.018781493367127613,9.228081059352019e-06,5.55952064101488e-05,0.5736019128763539,0.0008662922251541859,0.00015920877394171943,1.7126689572671301e-06,9.026578399515251e-10,8.218864082842062e-06,0.3007048435533925,7.119342030414493e-07,6.842350929313518e-06,0.0014394232738051994,0.00015151004109530044,1.7718364780992578e-07,4.55825548178582e-05,1.844868369281293e-05,0.09515278995697109,4.816520351264944e-06,0.008002627225958257
61,4.767888758804899e-06,0.0002377638927949778,4.210100987576545e-08,6.476567176610236e-07,0.000815589683896614,0.02125725597511819,1.1015122106576163e-05,6.262023999174237e-05,0.5811686947528865,0.001039775998186548,0.00013997280373488318,2.008928646832698e-06,1.2520562737412484e-09,8.775508810115126e-06,0.2787024639700345,8.751944147395414e-07,8.688138235413415e-06,0.0014771408661633848,0.000183456312766406,2.0636653708881204e-07,5.590032554952982e-05,1.9625819183292915e-05,0.10671247126041511,7.146540704203251e-06,0.008083093401280664
62,4.203186511344737e-06,0.00024268406550074175,3.1509247839591436e-08,6.686972236189777e-07,0.0007409762969071867,0.018781493367127613,9.228081059352019e-06,5.55952064101488e-05,0.5736019128763539,0.0008662922251541859,0.00015920877394171943,1.7126689572671301e-06,9.026578399515251e-10,8.218864082842062e-06,0.3007048435533925,7.119342030414493e-07,6.842350929313518e-06,0.0014394232738051994,0.00015151004109530044,1.7718364780992578e-07,4.55825548178582e-05,1.844868369281293e-05,0.09515278995697109,4.816520351264944e-06,0.008002627225958257
63,3.5533626417418997e-06,0.00032824985686993787,2.7093855351928638e-08,6.567604099188252e-07,0.0006566141578469546,0.01923524499161015,7.0247342048091425e-06,5.0087853199129575e-05,0.5712349823229537,0.0006848249758745468,0.00014279873283404437,1.4096542186832413e-06,7.288338652875896e-10,6.66388535332979e-06,0.3123930243613435,6.35818146110142e-07,5.842805570327366e-06,0.0013823062571071115,0.00016014747708154907,1.424394938305786e-07,4.1600627554352154e-05,2.009396240412218e-05,0.08588810074421394,3.9542292813195356e-06,0.007752012167097871
64,3.5522720541067866e-06,0.00025347088950175437,4.345542346667186e-08,6.518684819405275e-07,0.0007392855133634047,0.02109733606227127,8.249943975903331e-06,5.0781797275627605e-05,0.532237038445668,0.0008304946958542198,0.00015129639427973897,2.1106554952591853e-06,9.212435394668236e-10,7.899689260427012e-06,0.31708342527032307,8.088692872478589e-07,7.81765776478462e-06,0.0013976477213382208,0.00014355844276077114,2.034345853054078e-07,8.014427132327892e-05,1.958902295080392e-05,0.11843411390178976,5.184220756688975e-06,0.007445294582971357
65,9.473307213910921e-07,0.000698428661337552,2.183268886808852e-08,4.715548470347532e-07,0.0005133922870819584,0.03536033429365696,4.4691774973912804e-06,1.823950811675455e-05,0.36754966189603233,0.0002722559527019175,5.915690624530124e-05,1.6589418863586691e-06,3.5424509864675835e-10,6.56907875834193e-06,0.36591034505710257,4.900096219668558e-07,4.950550506625498e-06,0.0018604889110743108,0.00010343737486965892,1.423121243705676e-07,0.00012252319830870976,2.3037302464603422e-05,0.2153834536438033,5.247902957926897e-06,0.012100275961348793
66,5.988154324442644e-06,0.00016881577102069648,4.813364969165625e-08,7.133278916673716e-07,0.001122463631506952,0.0186513284226159,1.3623912439589825e-05,6.298757220477451e-05,0.6613241134854096,0.0012451997678508912,0.00016785181488104567,1.7865987406238765e-06,1.5505008211499679e-09,9.08263535796438e-06,0.21174370013271865,8.9806963084308e-07,8.924428655760082e-06,0.001326658255166121,0.0001756896038219964,2.54858524106974e-07,4.537379130886487e-05,1.5383367272176852e-05,0.09614524740031703,6.3122806166595436e-06,0.007757553033573109
67,2.344786272789477e-06,0.00035942566731900054,2.412549801208323e-08,6.677280094757891e-07,0.0005378150952182679,0.02993110644616725,7.73731735236145e-06,3.6304060483716536e-05,0.4620138419465617,0.0006118592940858396,0.00011648166805158681,1.8432889444024183e-06,6.42836762105644e-10,7.774869653484695e-06,0.34388700521719795,6.99502988924155e-07,7.048040319532656e-06,0.0019327681375790726,0.0001383247641725427,1.6959739729751846e-07,7.10257025250305e-05,2.3447332406719105e-05,0.15044019962066005,5.552357680542071e-06,0.0098665327906177
68,7.012996359811644e-06,0.0002707049880196025,3.6537330743419335e-08,7.53296408758028e-07,0.0008989749120886661,0.012702989898526492,8.518082127213025e-06,4.7424021120593256e-05,0.6408226080215823,0.0008952797891249942,0.00019373081546163816,1.128129391821185e-06,9.397269544995355e-10,9.56635288621049e-06,0.24303304899497719,6.451324930749521e-07,7.626093253159885e-06,0.0011266957926973748,0.00020008072280774573,1.547927966042864e-07,3.108564278622736e-05,1.595395735289741e-05,0.09019027756317372,4.523971435583442e-06,0.009531178556070843
69,3.3732784531012438e-06,0.00021806072329044328,2.6150329864294276e-08,6.489013875323596e-07,0.0006623267638417357,0.016835862617914744,7.597398661984182e-06,4.759075549491096e-05,0.5603509292572275,0.0007599578205243555,0.00018047873455492646,1.53612701542e-06,6.90245785953087e-10,7.089398305683941e-06,0.31484149560617175,5.833736607621844e-07,5.866086759682491e-06,0.0014284462748539264,0.00011281645282299923,1.7462302659002463e-07,4.575364764065338e-05,1.6645817333196313e-05,0.09705310102697161,3.3525644368672928e-06,0.007416285909073855
70,4.403189198398436e-06,0.00024728500133341957,3.18337210733865e-08,6.620519265444784e-07,0.0007470711576339537,0.018562846412091053,9.391298567746766e-06,5.6885267198354434e-05,0.5694011446352437,0.000882467573074243,0.0001585235120405938,1.733158181008927e-06,9.364119004753818e-10,8.53726334368155e-06,0.3034229661014321,7.113276895305325e-07,7.255830277355262e-06,0.00147132229945029,0.00015815367496299892,1.77431450480176e-07,4.5892531023871414e-05,1.8903240328488045e-05,0.09651027866489967,5.118761122625363e-06,0.008278236847396932
71,5.358699817147314e-06,0.00016386704868175974,3.3907623708044427e-08,6.687191293939181e-07,0.000878402317803691,0.017671708560146788,1.5435742687135848e-05,6.76300741947933e-05,0.6483743724346297,0.001192237285877655,0.00015061656286904056,1.770819817927525e-06,1.2473245769371972e-09,8.686902081038571e-06,0.22913901997848274,7.336318062769456e-07,8.189748658083802e-06,0.0012543198015369415,0.00013789596064082388,2.0952240645927972e-07,3.751825710136726e-05,1.670516569993224e-05,0.09223229091434354,6.368673334476523e-06,0.008635958023304947
