,0,1,2,3,4,5,6,7,8,9,10,11,12,13,14,15,16,17,18,19,20,21,22,23,24
0,0.0003375295643591608,0.004070477195850819,0.0006585143999242386,3.153407224173732e-05,0.145024249029746,0.15256881601323702,2.8655282119556804e-05,7.195650395933537e-06,0.04366060748312264,7.087383996049455e-05,0.014979570918352572,0.0002489592732371312,2.058052181417901e-07,0.00318798318582351,0.6203221251120404,2.2754386971509682e-05,2.8323567784501695e-06,2.447622924324592e-05,0.002456101975557199,1.9132803096986037e-08,0.0004455218893725244,0.0023369998640698454,0.0003414583070575882,1.0833318977850912e-05,0.009161705713539425
1,0.00020333881051631794,0.002812968790544466,0.000693648481275461,2.379126789024886e-05,0.11576244670545766,0.16270081018487065,2.907959497704582e-05,7.00677295835399e-06,0.0944788800645225,8.586195575647088e-05,0.010586938617141552,0.00014858848052513835,1.7199321122318606e-07,0.002512736292054335,0.5968782544579002,3.133468360927022e-05,1.205592263938122e-06,1.0361167213131558e-05,0.003820262654751508,2.1974914756887147e-08,0.0003364997105975681,0.0015562825158808742,0.0001651629682221199,5.701491564644359e-06,0.007148644771380607
2,0.0004471310712724849,0.007079229224536549,0.002975838911403024,0.00010307623710449871,0.41936138029937176,0.19570945084497868,4.5843081786578975e-05,1.5484155805589065e-05,0.10683472362574623,0.0001465641143749281,0.03455714954272833,0.0005283334001277146,7.775162978193513e-07,0.005702487221534626,0.2111890423286872,1.562484538510318e-05,2.710941834403899e-06,6.507337558977725e-05,0.003051802831510136,4.453432640268301e-08,0.0005159832796808162,0.0015388570794733832,0.00015963861971016443,2.2897012966362926e-05,0.009930855903767407
3,0.0003312389164224943,0.003934044785826024,0.0006815168511499393,3.071303822368445e-05,0.14642262161104494,0.15797121756866495,2.8859285603891058e-05,7.0314407886325e-06,0.04558908145666709,6.956501336664754e-05,0.015323565709649435,0.00024798687018656414,2.118960018267431e-07,0.0031510600475034996,0.6120541815569438,2.3140219227857817e-05,2.6657905999071103e-06,2.367407688415118e-05,0.002439451629353881,1.9709375162201408e-08,0.00042484523675990555,0.0022557685519076372,0.00033112648870796076,1.0599045485182945e-05,0.008645813203655024
4,0.0003095159010046464,0.0042845428392576735,0.0007910818454385838,3.251883046181629e-05,0.16897229498819313,0.17469504413816708,3.067818646344137e-05,6.331712570596996e-06,0.04758643785196836,7.228744988912292e-05,0.015707082129546433,0.00025214722833005434,2.861668432442614e-07,0.003895207160651858,0.5704756564659449,2.266793051590318e-05,2.4226687113013292e-06,2.4374048749757846e-05,0.002246291524421655,2.17688153229038e-08,0.00038217802137650956,0.002224455735033235,0.0003264528054826805,1.0893138542912645e-05,0.007649129463619869
5,0.0003545898345033538,0.004546351326573463,0.0007437001288682774,4.5607057599924625e-05,0.19214492984583711,0.17926204321135877,3.0603969016472726e-05,8.48243552004279e-06,0.04041389137219283,8.60657089735831e-05,0.018412654108236715,0.00028585398946558095,2.5974987468737465e-07,0.0036918309195582374,0.5447298651287611,2.257268158401611e-05,3.3971295718945014e-06,3.770137292655335e-05,0.002270464019341465,2.19757063070219e-08,0.0005543313894685065,0.0022418033165424755,0.00042225040130541234,1.4462294646047293e-05,0.009676266632567343
6,0.0003312389164224943,0.003934044785826024,0.0006815168511499393,3.071303822368445e-05,0.14642262161104494,0.15797121756866495,2.8859285603891058e-05,7.0314407886325e-06,0.04558908145666709,6.956501336664754e-05,0.015323565709649435,0.00024798687018656414,2.118960018267431e-07,0.0031510600475034996,0.6120541815569438,2.3140219227857817e-05,2.6657905999071103e-06,2.367407688415118e-05,0.002439451629353881,1.9709375162201408e-08,0.00042484523675990555,0.0022557685519076372,0.00033112648870796076,1.0599045485182945e-05,0.008645813203655024
7,0.0005334373542832383,0.008970513954883408,0.0017962336745108343,4.5590521857411995e-05,0.1346751043454579,0.14714026809797845,7.807855715783997e-05,8.866404990277053e-06,0.09732302762801147,7.487431312192527e-05,0.04142408790966188,0.0002899024352617608,8.992851561225135e-07,0.0033949985574673715,0.5517905347682971,1.4719839818616248e-05,2.9370425674731e-06,3.985999794865685e-05,0.0019550168451120662,4.9835341801807935e-08,0.00026833601495099345,0.0017270098082652406,0.00022207828525745612,2.8450470063515168e-05,0.00819512405257721
8,0.0004913604380634596,0.004476701972317229,0.0010167029517951897,4.995143679785405e-05,0.16336771625160493,0.07479184654976904,3.7152961966734933e-05,1.1689826090370334e-05,0.038362430678593185,0.00010484447261386214,0.006680635256734957,0.00020928094078442712,2.449670585660131e-07,0.003282519874770221,0.6816840924568791,2.966764139151742e-05,4.9326500044749895e-06,1.8270895818684917e-05,0.0020635579226269485,1.606528635442595e-08,0.0004692774819629269,0.0016210123785145303,0.0004676469183343628,2.9491585001585584e-05,0.02072895542521928
9,0.000450438165136317,0.007604391344892017,0.002542336523105329,6.337215151267897e-05,0.23226989778058696,0.06463559720075855,4.33175152771895e-05,1.311988844338821e-05,0.08721890678429904,0.00011059192014640998,0.00996250062151926,0.00021446535003742133,6.580399869890811e-07,0.003252247852464806,0.5679996239257371,1.57112454353344e-05,4.777328872913533e-06,2.0380155301036626e-05,0.0017313995339111653,2.4010640449991355e-08,0.00031758377373863504,0.0011177110712368148,0.0002267720685595217,5.476727353518749e-05,0.02012940847486546
10,0.0003312389164224943,0.003934044785826024,0.0006815168511499393,3.071303822368445e-05,0.14642262161104494,0.15797121756866495,2.8859285603891058e-05,7.0314407886325e-06,0.04558908145666709,6.956501336664754e-05,0.015323565709649435,0.00024798687018656414,2.118960018267431e-07,0.0031510600475034996,0.6120541815569438,2.3140219227857817e-05,2.6657905999071103e-06,2.367407688415118e-05,0.002439451629353881,1.9709375162201408e-08,0.00042484523675990555,0.0022557685519076372,0.00033112648870796076,1.0599045485182945e-05,0.008645813203655024
11,0.00034874926752372483,0.00429062324348123,0.0007462519428194997,3.2498168809934604e-05,0.1499904516874506,0.16131054718199253,3.116220831694075e-05,7.154395636565092e-06,0.04759343124469602,7.127673497847478e-05,0.016338597049253393,0.00026254809819779514,2.5423260112998417e-07,0.0033911584011242627,0.6013719766216244,2.2663000384747555e-05,2.796889982149999e-06,2.59844748082912e-05,0.002375434131505487,2.192335852872361e-08,0.00041343031828668656,0.0023244430086220708,0.00033766994275802813,1.161563851709963e-05,0.00869926019327016
12,0.0004329276429905296,0.00424806267042021,0.0005168812378228626,3.6640783541572595e-05,0.2836065253882717,0.24378295453650395,2.013658665162136e-05,5.157523944051817e-06,0.010347023129521729,7.074471826825367e-05,0.014698913728451649,0.0005766854464500163,2.491672799297361e-07,0.007293409525362999,0.4194002299304086,2.980802253536877e-05,5.34297737589971e-06,6.667070958443067e-05,0.0014595397631805705,1.65184787756918e-08,0.0006134879330010113,0.005015125345013934,0.0010237333525346562,1.2103122197071857e-05,0.006737630240208678
13,0.00033485287408230725,0.0038285779008945366,0.0007047667326402405,2.9861067612764672e-05,0.14317730278763477,0.15089125940048193,2.830329977898893e-05,7.027407504380421e-06,0.04605230311741055,6.169287868294984e-05,0.016832928958186683,0.0002776545243724898,2.110329222025411e-07,0.0032139043622800146,0.6205021834973801,2.150888092429769e-05,2.7483621817020575e-06,2.3443062917544868e-05,0.0024679401098294538,2.0060900900629395e-08,0.0004304751576866202,0.0023697653061088473,0.00032151717613594486,9.960531768980097e-06,0.00840979150968079
14,0.00017571091225696464,0.007738196587837137,0.0006778086661590885,3.535593734701054e-05,0.23351742793913582,0.1976647249883618,2.5263240311475304e-05,6.752835389398089e-06,0.06021394722722657,0.00013670334524983342,0.016422929117627248,0.0001316721452598356,3.4330369809033144e-07,0.002913099593949802,0.4699888139514406,1.556912286824833e-05,1.8976388072364873e-06,2.6213239062187463e-05,0.0022521594228923744,1.8544738669517596e-08,0.00038362988501576995,0.001778904799037065,0.00019898372474745673,1.3457204933168109e-05,0.00568041662664722
15,0.0003312389164224943,0.003934044785826024,0.0006815168511499393,3.071303822368445e-05,0.14642262161104494,0.15797121756866495,2.8859285603891058e-05,7.0314407886325e-06,0.04558908145666709,6.956501336664754e-05,0.015323565709649435,0.00024798687018656414,2.118960018267431e-07,0.0031510600475034996,0.6120541815569438,2.3140219227857817e-05,2.6657905999071103e-06,2.367407688415118e-05,0.002439451629353881,1.9709375162201408e-08,0.00042484523675990555,0.0022557685519076372,0.00033112648870796076,1.0599045485182945e-05,0.008645813203655024
16,0.0003745979428392324,0.0042422601288164274,0.0004516265167793879,4.195454242001319e-05,0.1345333363152754,0.24903962804581817,3.5731084812366725e-05,1.0000276722037612e-05,0.0331498203586993,0.00014577798823442424,0.01739101125413338,0.0003056855269241596,1.6046613299098154e-07,0.003549617438133775,0.5394355253554451,4.1023243266967493e-05,3.2597360322015694e-06,5.12495906694904e-05,0.003065002875690392,2.5990978823794787e-08,0.001069036130008694,0.0034998237576269855,0.00046014949439090926,1.0040829313007986e-05,0.00909365511083625
17,0.0005526198000992391,0.004132692367432123,0.0010187007231438512,6.789006614513737e-05,0.22460934162639457,0.21281497138355704,3.967344355962952e-05,9.040119573219993e-06,0.03381915814329254,7.944308776313188e-05,0.019711938288671498,0.0005502635781307956,3.2672051230376974e-07,0.00818506662984606,0.47430689163965806,3.1130275639967416e-05,3.814584422633332e-06,5.06449798673608e-05,0.002406863728304806,2.924702752521281e-08,0.0006743636093331818,0.0027318536906346387,0.0006719953801123528,1.2853694066934733e-05,0.0135184331928112
18,0.0014163868917949996,0.007606880414871081,0.0011753268776499735,4.930290236571213e-05,0.1444116770710556,0.0952537980616344,5.077670653845325e-05,1.5108103542188073e-05,0.033324296392962416,9.881835119321385e-05,0.015438766269102846,0.0008363398585418908,3.775032071891158e-07,0.004736303534351479,0.659181822821481,2.7420451493683716e-05,1.3823573296887156e-05,8.366639992510526e-05,0.0028419529431517915,2.7011243145889998e-08,0.00077356906591101,0.006488453427131184,0.0005936099091920762,3.789676507709282e-05,0.02554359869328563
19,0.00021852647267939386,0.004593280333967743,0.0014599801734707053,4.1138278230088306e-05,0.26847435261662855,0.15907332474203897,2.4990452243261702e-05,9.20380392716903e-06,0.0828303200722396,9.92467101213839e-05,0.015128723740752751,0.000329836154188714,3.995840075155851e-07,0.0043760420452411556,0.4502000678223223,1.8058007300587607e-05,2.4014399377234893e-06,2.108753032391646e-05,0.0024803804777266047,2.8434012301582867e-08,0.00036927415898144016,0.002469510913218488,0.00018481088475571592,1.1107636452190223e-05,0.007583907515231647
20,0.00021754507506333557,0.003658968970067005,0.0004773672397355928,2.156872828153138e-05,0.13224700922974242,0.09587543073265314,1.7232114216676495e-05,9.569354932252483e-06,0.04137138229300512,7.144258975557673e-05,0.009421414132661078,0.00020895293637315852,1.3394326325772624e-07,0.0021992544022259434,0.6995780088119856,1.7419889838469402e-05,3.6773916633201637e-06,1.6868191495423043e-05,0.002644951116310265,1.503022872190151e-08,0.0004667780921183016,0.0040845963009080695,0.0002535758371171876,9.11041131970299e-06,0.007127727185038824
21,0.0006406327954188693,0.0033008880314963403,0.0010585853878545884,4.6838758755348524e-05,0.15849400313076648,0.2869694679027503,5.745448383987678e-05,6.583020802659359e-06,0.03629511703401876,8.903674737643685e-05,0.020154056481582687,0.0005876399824593215,3.878447767808417e-07,0.006285070662548448,0.47085217219780345,5.638714225261595e-05,2.480790105637946e-06,4.21566156517052e-05,0.0022607923956015716,3.83854139854933e-08,0.0005471018520937377,0.002023317044676476,0.0005746621385351935,1.1766857127704965e-05,0.009643362316291077
22,0.000476823125951022,0.0035541375899907075,0.0007601657317680947,3.5105179622525326e-05,0.13992907195209242,0.21896906288035597,3.535145496179748e-05,7.906470758196582e-06,0.03443743907304137,6.71908947873882e-05,0.02655392545404144,0.0004176981081344263,1.9429866177823182e-07,0.0036804192030901123,0.5562569344944289,3.117233418754511e-05,3.7770292511940285e-06,5.053471461520689e-05,0.0022812619894914503,2.867273587940581e-08,0.000735202313831982,0.0032182840429935402,0.000488059324423194,1.1709663875068594e-05,0.007998544002908793
23,0.0003312389164224943,0.003934044785826024,0.0006815168511499393,3.071303822368445e-05,0.14642262161104494,0.15797121756866495,2.8859285603891058e-05,7.0314407886325e-06,0.04558908145666709,6.956501336664754e-05,0.015323565709649435,0.00024798687018656414,2.118960018267431e-07,0.0031510600475034996,0.6120541815569438,2.3140219227857817e-05,2.6657905999071103e-06,2.367407688415118e-05,0.002439451629353881,1.9709375162201408e-08,0.00042484523675990555,0.0022557685519076372,0.00033112648870796076,1.0599045485182945e-05,0.008645813203655024
24,0.00025691184925725796,0.005507997034684886,0.0007855512938630835,5.001951516741269e-05,0.2533187501423928,0.2104464868727395,2.7857902907572603e-05,7.348118676651723e-06,0.04482239748879704,0.00010916066212759665,0.015908860431588536,0.00026430398831872966,3.3291754972413683e-07,0.0055004483967694045,0.44905874229946324,2.152634571317157e-05,2.308462382103982e-06,3.1807475854121923e-05,0.002596202422523121,2.2246335498281194e-08,0.0004940507400124643,0.0022133303604789573,0.0003241517093882592,1.0194443468761697e-05,0.008241236879540073
25,0.0006794106521320734,0.004327212323024853,0.0013940564670164297,7.370215778100344e-05,0.1729278330860202,0.13542956865537786,6.697477990715088e-05,1.882159128353205e-05,0.0495897831462117,6.062731221303179e-05,0.04828150670437427,0.0007511220142442601,4.4019253141954214e-07,0.004768638625410031,0.5637146879600524,2.5683641087326113e-05,6.3545609560378644e-06,5.399631862126303e-05,0.0036951318849643387,5.436045451770174e-08,0.0007876445289319334,0.0029263556719045522,0.0005542587526321776,1.9371645769601914e-05,0.009846762967098103
26,2.5943423633386616e-05,0.001027432591774678,0.00010334197872559933,1.2034143994886163e-05,0.1013135880788719,0.32739685284085873,8.27541794211485e-06,1.3328511257508767e-06,0.024566883155225042,4.700632480316415e-05,0.006401835472436141,6.511845568826331e-05,2.3888908302079713e-08,0.004558732839237251,0.5264202827565164,3.374725445432494e-05,1.3718938146666749e-07,2.2072675103366157e-06,0.0037561341725749855,6.628041558541046e-09,0.000358188204603568,0.0009140321082059139,0.00015603729457912277,2.5079355024640167e-07,0.002830574867356871
27,0.00023492488302432918,0.0026669822466815663,0.00041134063956089253,1.495148901150669e-05,0.07135628160812768,0.1312390812764124,1.9417342147458468e-05,5.436704370812417e-06,0.05520745076731731,5.624207567967897e-05,0.008252839656040832,0.00012440675949770065,9.300959673471037e-08,0.0015527390065612056,0.7155914794634085,2.053388568192265e-05,1.695817521944765e-06,1.2422071098615047e-05,0.0020571434520501868,1.5026458654268672e-08,0.00028526299027175603,0.0023657116707930755,0.00020135072082331961,6.239716760134451e-06,0.008315957721101573
28,0.0003312389164224943,0.003934044785826024,0.0006815168511499393,3.071303822368445e-05,0.14642262161104494,0.15797121756866495,2.8859285603891058e-05,7.0314407886325e-06,0.04558908145666709,6.956501336664754e-05,0.015323565709649435,0.00024798687018656414,2.118960018267431e-07,0.0031510600475034996,0.6120541815569438,2.3140219227857817e-05,2.6657905999071103e-06,2.367407688415118e-05,0.002439451629353881,1.9709375162201408e-08,0.00042484523675990555,0.0022557685519076372,0.00033112648870796076,1.0599045485182945e-05,0.008645813203655024
29,0.0003312389164224943,0.003934044785826024,0.0006815168511499393,3.071303822368445e-05,0.14642262161104494,0.15797121756866495,2.8859285603891058e-05,7.0314407886325e-06,0.04558908145666709,6.956501336664754e-05,0.015323565709649435,0.00024798687018656414,2.118960018267431e-07,0.0031510600475034996,0.6120541815569438,2.3140219227857817e-05,2.6657905999071103e-06,2.367407688415118e-05,0.002439451629353881,1.9709375162201408e-08,0.00042484523675990555,0.0022557685519076372,0.00033112648870796076,1.0599045485182945e-05,0.008645813203655024
30,0.0003312389164224943,0.003934044785826024,0.0006815168511499393,3.071303822368445e-05,0.14642262161104494,0.15797121756866495,2.8859285603891058e-05,7.0314407886325e-06,0.04558908145666709,6.956501336664754e-05,0.015323565709649435,0.00024798687018656414,2.118960018267431e-07,0.0031510600475034996,0.6120541815569438,2.3140219227857817e-05,2.6657905999071103e-06,2.367407688415118e-05,0.002439451629353881,1.9709375162201408e-08,0.00042484523675990555,0.0022557685519076372,0.00033112648870796076,1.0599045485182945e-05,0.008645813203655024
31,0.000540180669474036,0.008035785992065114,0.0017568445345794016,6.677359643502202e-05,0.34055501427112933,0.10229982608883166,3.2776763453807036e-05,1.9289133098188315e-05,0.06342992046735853,0.00014403503263239178,0.012551817651535381,0.0004278203679871035,5.700044110474391e-07,0.004909635595412247,0.44304082090988406,2.1318986718266936e-05,6.435572471008841e-06,4.209339943065531e-05,0.003397314639278011,2.8540426532189384e-08,0.0005527971774280741,0.002981034407233265,0.00029346530643633667,3.3484494341018695e-05,0.014860916397949364
32,0.00030381403374609876,0.003684357237452827,0.0006166000456092199,2.742516389493098e-05,0.13411613603034472,0.14754880618880875,2.676647435886609e-05,7.084669351142448e-06,0.048620093973068296,6.830169229512232e-05,0.013665800294896295,0.00022614997323521695,1.87684499224568e-07,0.002915066295095588,0.6339931952029427,2.34745745153204e-05,2.4902547662245443e-06,1.9960199396195185e-05,0.0027754338188240584,1.8862723519648135e-08,0.0004171936206670867,0.002333298066558839,0.0002935297102700506,8.999389645893514e-06,0.008305816543033796
33,0.000497738271671742,0.009252092393138952,0.00043367712947926443,2.497131438772794e-05,0.2948784255360697,0.1404896822390429,2.0263416192113466e-05,7.624168373848083e-06,0.010777627594266622,7.156825248056093e-05,0.014472607130891059,0.000546045588416202,4.768969197151881e-07,0.006335424473714023,0.501706995427024,2.001256255385979e-05,1.0085950986585269e-05,6.278773911673538e-05,0.002438479313436418,1.8986971714595068e-08,0.0004183797526673591,0.012997793476017311,0.0007116509712372964,1.643859958258019e-05,0.0038091328153617146
34,0.00028285078219018395,0.0028295538700422707,0.0006929311351263328,1.680138811391085e-05,0.06853497841068858,0.11678525439625678,2.997445198865544e-05,5.727320486439419e-06,0.12504398213459952,5.430779169606054e-05,0.009846003615071179,0.00011452136816872735,1.4118844101967405e-07,0.0017681001079230016,0.6599814450248825,1.9888111995965463e-05,1.0168183059389004e-06,9.043800440032486e-06,0.0032684657933970073,1.7474183438811947e-08,0.0002391781953823914,0.0013376793924380313,0.00010846883394893577,6.026356238232794e-06,0.009023642237994737
35,0.0003730966873465574,0.004193662653537778,0.0007273725025560862,3.334628416647331e-05,0.14537730609440994,0.15653638725367236,3.0458732945649352e-05,8.238684637496577e-06,0.051649541681116906,7.720225447972604e-05,0.015630611222568067,0.000268887254108829,2.2460104346744944e-07,0.0030963527522829652,0.6061781421259169,2.317285600587733e-05,2.9900529295951035e-06,2.702436942734424e-05,0.0026693260307262294,2.1693838860739823e-08,0.00045486742033306406,0.002476061410560219,0.0003195094510497287,1.1680148111582249e-05,0.009834515782228173
36,0.000352481389472572,0.004016683909907761,0.0007742034766264126,3.122566193447264e-05,0.15887532871296153,0.12495769411924407,2.6769682055593564e-05,8.317210171060279e-06,0.048754820911762184,7.145167343425907e-05,0.012976857544132211,0.00029725633620596425,2.342067123194252e-07,0.003232877003986737,0.6296161329002768,2.30594983229912e-05,3.373150159680207e-06,2.0954992635310062e-05,0.002839451493099133,1.952776436803693e-08,0.00042799625511495383,0.002542643658193516,0.00030630619875065456,1.147125555613624e-05,0.009832389231519266
37,0.0023751003212854655,0.007372283739554075,0.0018078656741415799,4.976300464022961e-05,0.18057350023669785,0.1630284217625939,8.335233989935292e-05,8.934769181249453e-06,0.030996661557353547,5.485771708430306e-05,0.03388047362517232,0.0010797340504504216,6.107008419692051e-07,0.008381812295176008,0.5467729805043453,3.3723742734790475e-05,7.290603905721263e-06,9.93257139005071e-05,0.002742656196562046,3.471433153309272e-08,0.0005683338253200514,0.004049352202508014,0.0006750545024582537,3.322894951097756e-05,0.015324647250350553
38,0.0003300073720244897,0.0013457538988749628,0.00019770919800368228,9.10949724137443e-06,0.034399807198315716,0.28781672245406653,4.021433858256399e-05,1.6555447848376494e-06,0.016251572567361226,2.732557072014128e-05,0.015481609920102743,0.00012699519074430525,6.237922356420069e-08,0.001899349646450651,0.635056133538339,4.7751561161236013e-05,7.122930029980396e-07,1.624629626613861e-05,0.0012766683536431897,1.411449302025908e-08,0.0002759891582227316,0.0013518690705502043,0.0005172478517994676,3.2951695150065495e-06,0.0035261778165101188
39,0.0003204977179731427,0.003191892030524441,0.0006620038638027924,3.240161615794578e-05,0.14905845417344696,0.1723750686017232,2.7690423653155913e-05,7.923768633837386e-06,0.04509196191507684,7.487667140990893e-05,0.015069013798786269,0.00027264103483944096,1.7495138006272397e-07,0.0030545713511674257,0.5959406708530799,2.8913118345338113e-05,2.605941563156019e-06,2.355404251461281e-05,0.00273590260580524,2.113399469684595e-08,0.0005248502383765908,0.002207503703813456,0.00035135957637425874,9.401192605667072e-06,0.008936045674951782
40,0.0006669223655070916,0.004337059384957102,0.0005805390819944896,1.456064745745106e-05,0.09245810087488324,0.16346118939917822,3.3770602849901106e-05,5.039323164523861e-06,0.031273622663790725,4.3894203344676794e-05,0.017083777155938513,0.00037529678327105913,1.288038587252191e-07,0.00411204150842757,0.6681089338283883,2.573093769183627e-05,2.6305428183162094e-06,3.3293755758049954e-05,0.002749469268122463,1.7347132578766458e-08,0.00046102376780954817,0.006451470408956699,0.0003030126876353354,7.561200673425855e-06,0.0074109134563900446
41,0.00023709858514687538,0.0035982329424417746,0.0006980752661668075,2.5698141207716114e-05,0.14904964369143955,0.14783936060050318,2.3597925714957178e-05,5.941988784539238e-06,0.05582413561433225,6.893947497701201e-05,0.011731714025495877,0.0001705389149952231,1.8558948884099287e-07,0.0027189396561933302,0.6155922881596017,2.0775075536836318e-05,1.8542256348530772e-06,1.5375417552022852e-05,0.0022193877066934097,1.6171647652377306e-08,0.00034418978533250574,0.001723904191946284,0.00023663323728775922,9.217972154401547e-06,0.00784425563972467
42,0.0001811819211851076,0.0017183026919059012,0.00021602350844016584,9.00179717401736e-06,0.055619366707468476,0.06696815022031934,1.2699645423061284e-05,8.519394807357155e-06,0.029976336484944865,4.754395458106943e-05,0.0060038146002375494,0.00013764336996225962,4.0157225374162864e-08,0.0009493178188239512,0.8246949520594862,2.9301132162485308e-05,2.9015828673777886e-06,6.8930221823487685e-06,0.003959710173050618,1.163016379263281e-08,0.00046888025927932096,0.004060515061364497,0.00019791083123290015,3.883479933560882e-06,0.004727098495778378
43,0.0004885829661579798,0.004774709015017087,0.0010166419071559075,3.5340097775065026e-05,0.14674745484169954,0.14072323759667954,4.00362815241673e-05,6.7820320981444596e-06,0.049107212372295844,5.512527119038698e-05,0.019992868482807236,0.0003316002509221238,3.221856751703571e-07,0.004090250072596645,0.6170377200096431,2.033879304417429e-05,3.0196471095109493e-06,2.7894460256646977e-05,0.002299682958235826,2.3124321650373465e-08,0.00036116612754036206,0.0020956769332152437,0.0003501468211553559,1.4047277736152354e-05,0.010380120474147221
44,0.0003312389164224943,0.003934044785826024,0.0006815168511499393,3.071303822368445e-05,0.14642262161104494,0.15797121756866495,2.8859285603891058e-05,7.0314407886325e-06,0.04558908145666709,6.956501336664754e-05,0.015323565709649435,0.00024798687018656414,2.118960018267431e-07,0.0031510600475034996,0.6120541815569438,2.3140219227857817e-05,2.6657905999071103e-06,2.367407688415118e-05,0.002439451629353881,1.9709375162201408e-08,0.00042484523675990555,0.0022557685519076372,0.00033112648870796076,1.0599045485182945e-05,0.008645813203655024
45,0.00034153952740405844,0.0040223860430678385,0.000680907758765506,3.176131223460785e-05,0.14784713284096954,0.16339780600684697,2.8927755470062114e-05,7.0060717523269926e-06,0.04471663169720319,7.065364458095182e-05,0.01577255711631022,0.0002566728442183452,2.1116765633345313e-07,0.003255042151012083,0.6050372977082207,2.31430708104968e-05,2.7242300870443105e-06,2.549939921591039e-05,0.0024277663431647605,1.982652979429164e-08,0.00044436588002444823,0.0022973228525857915,0.00034013417489060473,1.064148834722765e-05,0.008961849088631305
46,0.000481191599470464,0.004627310588042711,0.0007621105905017468,3.58696449795136e-05,0.15740376551068852,0.10885140945628974,2.8323890467133172e-05,1.0946768779497722e-05,0.03872150399065372,7.036444610527146e-05,0.016241507085894304,0.0003693127483132362,2.698253827802242e-07,0.0027471602960212923,0.6525517552193791,2.1485783441302892e-05,6.356810576737575e-06,3.214720257512441e-05,0.0025937486333627445,2.226660165017979e-08,0.0005129775950683617,0.0032413563988145876,0.00040958070039208194,1.8221231290780443e-05,0.010261301716907582
47,0.0020478496434349304,0.0046379408678895164,0.0006769899588852926,1.9717279856664004e-05,0.06974180531893338,0.13922210366012838,4.717060677658837e-05,9.497565509456097e-06,0.024318686973204964,5.7197840927994e-05,0.019970396952640433,0.0011039519454480084,2.1993476822775254e-07,0.0028503691320593107,0.7084444777541257,4.3560508115134105e-05,9.87088196917387e-06,7.725134440213403e-05,0.0028998695152670484,3.289152872558614e-08,0.0006602859121859496,0.009508507755106208,0.0005168747504864463,1.786261367800569e-05,0.013117508392672506
48,0.00037168457219998184,0.005618395992365315,0.0004817979788735419,2.6703725270876734e-05,0.13299642074302184,0.0815806985961798,2.7441888931188696e-05,1.139308772643047e-05,0.03496110041657954,8.633269240190864e-05,0.009714209309966665,0.00022854995637654126,2.4795448568090857e-07,0.002569236023871456,0.7143796970096299,2.3612918042224326e-05,5.884629368523061e-06,1.9665918763700386e-05,0.0039044178269078368,1.83236102516518e-08,0.0004175994325368885,0.0040857720480703295,0.00035175967878001824,1.4169205229562687e-05,0.008123190070809931
49,0.0003129351921030762,0.003232614417684721,0.0007468884072744982,2.8511810556089077e-05,0.16996294025971154,0.229543635810914,2.4339516993208852e-05,6.365679705771039e-06,0.03946135334623497,6.466124673678298e-05,0.01890273073400755,0.00042845460601059684,2.2255470473538208e-07,0.00388587099177578,0.5203959191259502,2.5141431394409448e-05,2.692278927380575e-06,3.278588387177554e-05,0.002081978417491296,2.5775538169136853e-08,0.00047041771015305354,0.0034282487383295135,0.00036215287591812967,7.915479231831366e-06,0.006591197708781127
50,0.00026265310536657046,0.004268147545697023,0.0006408216864724809,2.9570680419768607e-05,0.1348146584317976,0.19895723079670738,5.188900111513714e-05,7.786001143531492e-06,0.08758993218240538,0.00017516091598874392,0.006647841737973239,0.00010960395228860629,2.0161571352066132e-07,0.004857095522262869,0.5438220157579009,5.130348914024921e-05,9.302261121602305e-07,1.1022330604533528e-05,0.005873512070374259,2.1530500805890994e-08,0.00032884617386085474,0.0022929327097053944,0.00019755448509480556,5.969984468869068e-06,0.009003298066885265
51,0.0004385576576725855,0.006930856539485017,0.0009980730014779505,7.092514024459078e-05,0.1946843667210759,0.25157435142550877,5.6275444498059724e-05,1.2272416711715284e-05,0.05605892276030641,0.00012730234992829859,0.03516101744700827,0.00045378618487180495,3.805987045214854e-07,0.006606360762167837,0.42933766973871273,1.672637778513019e-05,3.299267470746502e-06,9.772858112134164e-05,0.0027192528514040338,3.591636882676136e-08,0.0009094858145683746,0.004359203748193345,0.00036727917540141467,1.4246493248478647e-05,0.009001623586064034
52,0.0003251659093254358,0.0027090328257084193,0.0004088276782532071,2.2053488257722058e-05,0.07304815117862905,0.4357364168382876,3.6350517159126256e-05,2.979778496104635e-06,0.03382299661841148,5.388907066874186e-05,0.02535001528306488,0.00017920912187454618,1.7282077792123705e-07,0.0025697144800700153,0.417338927477397,2.2350642618114962e-05,1.1400502252471653e-06,5.6803904493551026e-05,0.0009477732530985444,2.6394451353986195e-08,0.0003194910679022369,0.0019562106381308107,0.00040448304544218,7.0040639288025315e-06,0.004680813853327913
53,0.000312562185121724,0.0015964779211137493,0.00034675974379537065,1.4333609375696797e-05,0.02313474356466181,0.18300894942495136,7.127170944521938e-05,2.423336692796607e-06,0.034900705183602505,2.6425957177765503e-05,0.020462380320122216,8.120040882366842e-05,9.885801287482828e-08,0.0013761226578443905,0.726716038754627,2.90504341359796e-05,8.138135871181715e-07,1.4793592555372234e-05,0.0009401200467578813,2.247208647947018e-08,0.0001855609299972045,0.0007935741981307719,0.0004354320876285247,6.515065819522622e-06,0.005543623723933162
54,0.00038741272307078354,0.003942381844712445,0.0006340198164731043,2.3230369939603364e-05,0.09182120398300572,0.1662276438699191,3.8118182194204056e-05,4.287488254028044e-06,0.04652960052486128,6.837065594702082e-05,0.01009030214833126,0.00020157687684896325,1.8225867967059963e-07,0.003949997354376178,0.6599206106670131,3.1333382124255835e-05,1.5063228885187548e-06,1.5914415291782988e-05,0.0023422065799893264,1.799628151328e-08,0.0003145509226874255,0.0019239409172753952,0.00028228905636637746,7.259695193633709e-06,0.011242041948275033
55,0.00015013104574301364,0.0024949072841756164,0.00027720109025758264,1.8512033625786537e-05,0.14079996222495686,0.144778124867951,1.742830715290335e-05,4.5931445351241416e-06,0.018681280424333098,5.646351901315682e-05,0.009455162023997996,0.00011257420959861296,8.31256154151338e-08,0.002547209550249799,0.6712474128489329,2.894475452062945e-05,1.8719379437050792e-06,1.1125980547118473e-05,0.002154617413786969,9.670540983574911e-09,0.00043174912518265156,0.0020235829573596264,0.00045709653023459006,5.774481423300788e-06,0.004244181448321722
56,0.0003424416234634069,0.0043955646628983875,0.0007610479720023621,3.206614740280921e-05,0.15062404569313861,0.1560784801231932,3.1098001654783264e-05,7.316825047799429e-06,0.050071649995981495,7.21519343620266e-05,0.016151268391943197,0.0002527367174323606,2.662888059940342e-07,0.003253649315014113,0.6040120507228721,2.216985216103135e-05,2.8102119353224815e-06,2.5111752842500394e-05,0.0024191133398117604,2.225781672636507e-08,0.0003998118678934191,0.0022836516693027545,0.0003185307552099256,1.2000854283440693e-05,0.008430943023530452
57,0.000243376791061535,0.0037297530925721398,0.0011429652422136768,3.400149021034265e-05,0.29231354074971166,0.08600104032948336,1.3773111527842156e-05,1.649236762569361e-05,0.06963628197296953,0.00011237492083679883,0.008503629284902284,0.0005721354193004384,2.733035032083593e-07,0.0033890707782864944,0.5139715983140455,2.4559789169682212e-05,5.751132775467632e-06,1.561691900112217e-05,0.005389625473551984,2.2855774452849602e-08,0.000623750403699321,0.004400093714247104,0.0001706815680557646,9.521725171076658e-06,0.009680069250303612
58,0.0003779480192398979,0.00454245634998364,0.0007919457591016696,3.24651873422543e-05,0.1549316557803657,0.13505606035678674,3.130883963788162e-05,8.216214159852913e-06,0.044877428545222184,7.284456116780966e-05,0.015828992654441137,0.0002653230125062081,2.6164238759167965e-07,0.0029591667430814796,0.6256675113655096,2.1860377988446638e-05,3.6586487696534904e-06,2.7280110670236884e-05,0.00227770607103141,2.0885247196709215e-08,0.0004281754387291324,0.0024219399819571485,0.0003573442907631242,1.5669053082813002e-05,0.009002760110827311
59,0.00041413730801656237,0.004559084512022369,0.001012106039872054,3.572388621705497e-05,0.16904570260980345,0.12998177522244292,3.328851453852186e-05,8.8321583290291e-06,0.047010528176239505,7.218636353752681e-05,0.016630231791472473,0.00029496055912820335,2.9449773897799567e-07,0.003060416597746127,0.6128771444824972,2.2162502722212287e-05,3.983425368995132e-06,2.98902286941371e-05,0.0020851836848894117,2.2810518076418485e-08,0.0004390000472236149,0.0022504869224805857,0.0003624318729954591,1.9533658079604344e-05,0.009750892127425961
60,0.0003312389164224943,0.003934044785826024,0.0006815168511499393,3.071303822368445e-05,0.14642262161104494,0.15797121756866495,2.8859285603891058e-05,7.0314407886325e-06,0.04558908145666709,6.956501336664754e-05,0.015323565709649435,0.00024798687018656414,2.118960018267431e-07,0.0031510600475034996,0.6120541815569438,2.3140219227857817e-05,2.6657905999071103e-06,2.367407688415118e-05,0.002439451629353881,1.9709375162201408e-08,0.00042484523675990555,0.0022557685519076372,0.00033112648870796076,1.0599045485182945e-05,0.008645813203655024
61,0.00037454524500744874,0.004506098719463251,0.0010083106703411228,3.391041073839443e-05,0.17105670904588696,0.13192975796636347,3.058927309262289e-05,8.075803292607968e-06,0.0492973874718484,6.755821274914784e-05,0.016932307861705853,0.00029924462966530687,2.800904336650404e-07,0.003223780610386309,0.6065774375196057,2.0885517382428123e-05,3.5134865642730524e-06,2.6527860333010696e-05,0.0022090634434590306,2.2048363519907665e-08,0.00042730658291626844,0.0022254732595596008,0.00032000220708150716,1.5882492445463074e-05,0.009405329571314569
62,0.0003312389164224943,0.003934044785826024,0.0006815168511499393,3.071303822368445e-05,0.14642262161104494,0.15797121756866495,2.8859285603891058e-05,7.0314407886325e-06,0.04558908145666709,6.956501336664754e-05,0.015323565709649435,0.00024798687018656414,2.118960018267431e-07,0.0031510600475034996,0.6120541815569438,2.3140219227857817e-05,2.6657905999071103e-06,2.367407688415118e-05,0.002439451629353881,1.9709375162201408e-08,0.00042484523675990555,0.0022557685519076372,0.00033112648870796076,1.0599045485182945e-05,0.008645813203655024
63,0.00034256852852301454,0.0045415653362938175,0.0006780139898890218,2.8534924869376913e-05,0.13290500338261627,0.1464234778741153,2.9321378433544588e-05,6.788896126660161e-06,0.04753487443556307,6.699190520727773e-05,0.015573437719041888,0.00022757958557534835,2.3056688650951947e-07,0.0029102124182602777,0.6347683620251336,2.0319080760733695e-05,2.7890235613929476e-06,2.4065202320984704e-05,0.0023035545742666457,2.001091300959883e-08,0.0003859802794489546,0.0023256418450815423,0.00030365564765014657,1.1586561349170232e-05,0.008585424808112647
64,0.00030942620220979043,0.0034817090412941234,0.0005938845429310785,3.150195224289556e-05,0.1435186800800924,0.1504379362829824,2.5762875996663454e-05,7.900643988269927e-06,0.03922526155182903,7.095856154552546e-05,0.016305902569356073,0.0002622699351119328,1.516433123284167e-07,0.002844137343261679,0.628091073058849,2.4748876845097667e-05,2.949192794656449e-06,2.518804973340344e-05,0.002661835152496313,1.801939822253481e-08,0.0006492896137086718,0.002265392689843126,0.0003443152456354796,9.95013058829271e-06,0.0088097567439537
65,0.00028964158729974544,0.00306871262841715,0.0006020629875610725,3.583399320630509e-05,0.19082767280335505,0.24194756885985683,2.4087194490274683e-05,6.060785672636506e-06,0.03258042244892801,7.804195549828738e-05,0.016105871401646116,0.0003314471575882994,1.759605585626878e-07,0.004355980953060272,0.4959931311433157,3.0590566340606875e-05,2.2672195859394322e-06,3.040498388459234e-05,0.0024114102892368356,1.9731936078656016e-08,0.0005905451222622856,0.0023499121096575196,0.0004202666875191623,7.3061678322641055e-06,0.007910565261290553
66,0.00013003876283614323,0.0018001352481417097,0.0009704557552485995,3.9887700683340145e-05,0.15726609090402074,0.3871212937090798,3.963470650220316e-05,1.0058729375385106e-05,0.23881774561646912,0.00036058152412246213,0.005355448764989594,0.00019423388553216518,3.9752622273252547e-07,0.004756823935982689,0.18527439873448484,0.00010701196576448086,3.296473262778802e-07,7.14230438634894e-06,0.010782794710388443,7.328921959269242e-08,0.0002543779019723645,0.0012463714849092907,6.601338852189476e-05,1.7367108383654358e-06,0.005396923092981461
67,0.00030094386770121364,0.0024296238730159587,0.0005759960802600788,2.5692007387132393e-05,0.1107896807468984,0.23284110154608526,3.078239381947285e-05,3.277032463584889e-06,0.02502318118234348,4.318109046352609e-05,0.016097424649217557,0.0002619063753315683,1.6476261793345854e-07,0.004161723108613796,0.5958427515362256,3.3152665709699575e-05,1.6746132670541627e-06,2.233243404124304e-05,0.0014596097054183858,2.0005325491745944e-08,0.00037104565440061906,0.0015742305744894138,0.0005504376864438073,6.596610224814462e-06,0.007553469798234707
68,0.0006731825914088757,0.002442291966135091,0.0002673993305537129,2.9403853046929155e-05,0.04566746781945792,0.39141162807779295,3.262017732406303e-05,3.2772193933151323e-06,0.0116795804964466,3.35065103382836e-05,0.050215625014713654,0.0004340515070086085,9.505130755175215e-08,0.0017792805301619441,0.48080105054916217,2.196044923078918e-05,3.867046660601629e-06,0.0001655861385060385,0.0006113613509160351,2.887155716550978e-08,0.000772316233576672,0.0026564422456335805,0.0011577853793718325,1.0304045736523577e-05,0.009129887544559082
69,0.00046710379901984526,0.004375625781973555,0.0016461554179710094,6.933426134921905e-05,0.12360838420644557,0.08773288597200479,4.349607387188846e-05,1.7522867354025753e-05,0.09164894978461854,0.0001252160023369629,0.013459673134763124,0.00025504944236973603,3.263813625280882e-07,0.00185185498046603,0.6419530340364755,2.9934742453976193e-05,5.398757982107385e-06,2.8075790158787425e-05,0.002644595654617821,4.051778294233129e-08,0.0006038183112801877,0.0010352941880320736,0.00026833574026192947,3.468995978191132e-05,0.028095204195265937
70,0.0004023964650725048,0.0036329463153581204,0.0009739312168449924,3.331024432724285e-05,0.15596888043361906,0.2145342474547675,3.296208438016855e-05,4.777450390137322e-06,0.043543777745960105,6.180617507932788e-05,0.0159017090770423,0.00035296746095609224,2.3507333774446272e-07,0.005580989964973242,0.543266700868592,2.804145236764758e-05,2.0221699627223154e-06,2.7260253747491396e-05,0.0020056202525972544,2.2185151406270878e-08,0.0004293431032780155,0.0021748554829228656,0.00036185537304787624,8.552831901087153e-06,0.010670788864323072
71,0.002029028016404709,0.0018788063576272833,0.0006329486572392573,3.629784857683237e-05,0.02884477470908389,0.1265151748334666,0.00015520718805601527,1.1019854603586705e-05,0.019631054148443686,2.3392204158806884e-05,0.054595366473428296,0.0007092445629984049,2.1295701295583455e-07,0.0021731618369437372,0.745807507674384,5.223915240654329e-05,7.696983744829465e-06,9.50546578879663e-05,0.0019533932368644056,6.499724268394958e-08,0.0007312239760314729,0.0024115136042674916,0.0014760872517504211,2.383975583202305e-05,0.010205689061544279
72,0.0005241388464713027,0.006297817594945987,0.00040575968930773107,4.63953690414115e-05,0.13980370329165634,0.12865586470757254,4.856730010521968e-05,1.978319211511638e-05,0.02586781224120855,0.00011843619873917073,0.029462491237513454,0.00031408965934100614,2.951594601480794e-07,0.0020278364288744246,0.6497775453528755,2.6624675972775e-05,1.0702623889224334e-05,7.853210389067604e-05,0.0037298063358023508,3.017333092317928e-08,0.0009959462600185336,0.004711546553528731,0.0006907162986483559,2.9595321740040386e-05,0.006355963383950504
