,0,1,2,3,4,5,6,7,8,9,10,11,12,13,14,15,16,17,18,19,20,21,22,23,24
0,2.5826944483206215e-06,1.546909867497151e-07,4.0709321071266226e-05,0.0021508603893517168,0.04435351697924419,0.19228845302983896,1.2619692128053528e-05,2.266737178561854e-08,0.16279076432081588,0.00022873997443504938,2.8394966993219285e-06,1.9457965362225408e-08,4.822458181487954e-09,7.701693293470552e-06,5.012129804308897e-05,5.965938719865752e-07,9.301725836904054e-06,8.741128773512978e-06,2.1317867362584927e-06,3.767139979367342e-07,2.934874880923825e-06,5.467290396153549e-09,0.5965961250500484,0.001421105751446474,2.9570378965681596e-05
1,1.9997712777949775e-06,1.3646085831262338e-07,4.980445149173276e-05,0.001963072898140404,0.03427472860632004,0.19632652314471172,1.2622096137464497e-05,2.205355571784029e-08,0.2012674618430445,0.00033776161567701757,1.8449122289210691e-06,1.4984322139182873e-08,5.056588562291513e-09,7.662143153942604e-06,4.7153759188855533e-05,8.381338664467684e-07,7.124565015734221e-06,8.849360115714927e-06,2.4050927456161914e-06,4.771896933492206e-07,2.920668522401483e-06,4.519757902104196e-09,0.5639892478522147,0.001667318428417068,3.0000392953933133e-05
2,2.1256022968172016e-06,1.7113657942567597e-07,4.414339517513612e-05,0.002186007181723698,0.05416858070399079,0.16564982968140973,1.3115365071692558e-05,2.2845632326552576e-08,0.20198451924580071,0.0002538083900210723,2.8423206089499323e-06,2.1734039379718776e-08,4.782142682908803e-09,1.1154374115968433e-05,6.327775263432769e-05,6.130333878192187e-07,8.230351787163562e-06,7.872532091091914e-06,1.9521557855859547e-06,4.874076130141152e-07,2.8787374002440617e-06,5.442386780689199e-09,0.5739328484776712,0.0016251986308783272,4.028871975615822e-05
3,2.692836817568722e-06,1.5976331449425018e-07,4.241248459486543e-05,0.0022209122492018616,0.046254683429739776,0.18971871027376508,1.2942836554993117e-05,2.3334314314740426e-08,0.15860757103757833,0.00022535532840378073,2.9355041101274196e-06,2.0724358538307546e-08,4.971472728381139e-09,7.790275009290985e-06,4.9854362686251814e-05,6.157344907196856e-07,1.0041563733451444e-05,8.860957477369627e-06,2.1107856468706817e-06,3.817440553669429e-07,3.0099995326900705e-06,5.542579732843181e-09,0.6013453191758454,0.0014536476133932322,2.9937471323083923e-05
4,2.7706145013587902e-06,1.8339760640104407e-07,4.810703877428204e-05,0.0023204654309725166,0.049573358534620325,0.16988619399110147,1.3103217301415732e-05,2.439227239644665e-08,0.164289430783948,0.00024786274466931943,3.0053321208779195e-06,2.1898667246810468e-08,5.891444076425337e-09,9.531145888543902e-06,4.87870478964928e-05,6.296148665507554e-07,1.046280121643665e-05,9.627640446200155e-06,2.188593841823683e-06,4.489455177194382e-07,3.5512359509528512e-06,5.978705995578824e-09,0.6118685453157663,0.0016299344745839067,3.175393731931192e-05
5,2.3456597542060193e-06,1.291531813735849e-07,3.989649189461649e-05,0.0023254543806918333,0.04280289607347025,0.1542752688935961,1.0741707442311034e-05,2.040426245193089e-08,0.1342032101779253,0.00022289572101025934,2.365276189547396e-06,1.4824679848051627e-08,4.592622400713357e-09,7.333432513701246e-06,3.484326850526047e-05,5.234255013867238e-07,8.69963255302726e-06,1.135519840861336e-05,1.915945633999744e-06,3.9541644955669664e-07,3.061373794290165e-06,3.896552428817247e-09,0.664570664687031,0.001455259872743903,2.0700493592283784e-05
6,2.692836817568722e-06,1.5976331449425018e-07,4.241248459486543e-05,0.0022209122492018616,0.046254683429739776,0.18971871027376508,1.2942836554993117e-05,2.3334314314740426e-08,0.15860757103757833,0.00022535532840378073,2.9355041101274196e-06,2.0724358538307546e-08,4.971472728381139e-09,7.790275009290985e-06,4.9854362686251814e-05,6.157344907196856e-07,1.0041563733451444e-05,8.860957477369627e-06,2.1107856468706817e-06,3.817440553669429e-07,3.0099995326900705e-06,5.542579732843181e-09,0.6013453191758454,0.0014536476133932322,2.9937471323083923e-05
7,1.0704693059584909e-05,2.7496408985893114e-07,8.355921924860353e-05,0.0030301460997272196,0.0535237786575824,0.29537206729995924,1.7206623473373665e-05,5.933924497099859e-08,0.13612379397237226,0.00032271727122476805,7.560719415606254e-06,3.087773197606748e-08,1.497613000110389e-08,7.1785993010499666e-06,8.2084744919614e-05,9.303608330136615e-07,1.652406096164468e-05,1.557699138521101e-05,3.6795499702741196e-06,5.505442688774032e-07,5.075058063924456e-06,1.5123658627782757e-08,0.5100741940428333,0.0012738922444931221,2.8383966051505673e-05
8,2.709507503926028e-06,1.1930880434321278e-07,7.78672564879223e-05,0.0020938764235822593,0.03812743509284032,0.11466510136965546,5.824716763399479e-06,1.0976235938512284e-08,0.14974922500888432,0.00023852228323427186,1.4560218671588868e-06,1.8631416140300824e-08,4.128383026779115e-09,8.323412629849256e-06,2.7069639418518423e-05,5.800967063530856e-07,9.487221338625368e-06,5.953198682727269e-06,6.512756447757142e-07,4.369384033841904e-07,1.5108089132035192e-06,2.5180177768715545e-09,0.6920679781881199,0.0028823487923725437,3.348718409380552e-05
9,1.48311338101261e-06,1.8473675862031462e-07,9.160498302305396e-05,0.002164150038473028,0.031520658802359436,0.10276028567727236,5.97875827645703e-06,1.50325071127498e-08,0.18732147087848336,0.0005147299270422214,1.1250230344291335e-06,1.607319293864678e-08,4.639982045025882e-09,1.5541870739686665e-05,2.8519921964428195e-05,8.992446676173598e-07,9.142511657670718e-06,7.293562335934903e-06,1.0084540130708356e-06,7.241810617542015e-07,2.184219984235316e-06,2.7596618536774652e-09,0.6724380920780278,0.00307212464282628,4.2758869273635176e-05
10,2.692836817568722e-06,1.5976331449425018e-07,4.241248459486543e-05,0.0022209122492018616,0.046254683429739776,0.18971871027376508,1.2942836554993117e-05,2.3334314314740426e-08,0.15860757103757833,0.00022535532840378073,2.9355041101274196e-06,2.0724358538307546e-08,4.971472728381139e-09,7.790275009290985e-06,4.9854362686251814e-05,6.157344907196856e-07,1.0041563733451444e-05,8.860957477369627e-06,2.1107856468706817e-06,3.817440553669429e-07,3.0099995326900705e-06,5.542579732843181e-09,0.6013453191758454,0.0014536476133932322,2.9937471323083923e-05
11,3.007505885100883e-06,1.6812146514769618e-07,4.606077862392704e-05,0.002317499905082862,0.04890271728911886,0.18597688359023443,1.3579335099331369e-05,2.4538897334647056e-08,0.1598741749613188,0.0002274174376074388,3.1048317983706687e-06,2.2942350067124374e-08,5.868118114033038e-09,8.02508504413557e-06,5.1054254858005606e-05,6.655082583562933e-07,1.0593069795550519e-05,9.325967714478615e-06,2.1751301779472143e-06,4.2894882467784654e-07,3.224441818604539e-06,6.081098781279209e-09,0.6009039238852438,0.0016150687917576244,3.084172980832723e-05
12,3.0401131730520694e-06,1.8197629564765044e-07,4.161075848345392e-05,0.002516879174066494,0.03936685458977436,0.21443616300006438,1.3971087209507208e-05,3.069149987534093e-08,0.1606221616094557,0.00026136238265009646,3.0720325070439736e-06,2.292679700791234e-08,5.588931885382848e-09,7.5078225066106104e-06,5.9016603078216264e-05,7.801040878517931e-07,1.0465838357536991e-05,1.0070490158991968e-05,2.7397902475534885e-06,3.8020301611257995e-07,3.046699927953846e-06,6.710837761022472e-09,0.5813164587872757,0.0012948274206428692,2.9343598954330608e-05
13,2.8682735405147257e-06,1.7255471202546534e-07,4.3704190627390555e-05,0.0022744643629831534,0.04993517456328922,0.18713454246486952,1.3578034011088873e-05,2.5250132011764844e-08,0.16104277816334842,0.0002218913707490121,3.305997099067043e-06,2.319733873871691e-08,5.226669918683431e-09,8.422382494670853e-06,5.45537004188729e-05,6.337536237216176e-07,1.0661245148240068e-05,8.957470643308577e-06,2.1865865841845024e-06,3.933209085290792e-07,3.1966910747544957e-06,6.049457464764293e-09,0.5977222595123164,0.0014833693176276035,3.282632033229698e-05
14,2.8938134752156923e-06,2.4997818064710907e-07,3.795972068812619e-05,0.002678577339389076,0.08370159626382805,0.16260868638137607,1.3558008059778977e-05,2.523279735381134e-08,0.14045632757440893,0.0002451076339839046,4.967057467303736e-06,1.9412034695964727e-08,6.568597383520645e-09,9.896139897502221e-06,3.8342506951144976e-05,4.1595443267672914e-07,1.3281600670139913e-05,1.3677255397544811e-05,3.254887212869495e-06,3.8182310495303737e-07,5.698919252765002e-06,7.093209355328739e-09,0.6086729197476123,0.0014696958295896336,2.245325838257741e-05
15,2.692836817568722e-06,1.5976331449425018e-07,4.241248459486543e-05,0.0022209122492018616,0.046254683429739776,0.18971871027376508,1.2942836554993117e-05,2.3334314314740426e-08,0.15860757103757833,0.00022535532840378073,2.9355041101274196e-06,2.0724358538307546e-08,4.971472728381139e-09,7.790275009290985e-06,4.9854362686251814e-05,6.157344907196856e-07,1.0041563733451444e-05,8.860957477369627e-06,2.1107856468706817e-06,3.817440553669429e-07,3.0099995326900705e-06,5.542579732843181e-09,0.6013453191758454,0.0014536476133932322,2.9937471323083923e-05
16,4.326841918004475e-06,2.9365826553963146e-07,3.986436138745457e-05,0.003093417810324415,0.05990779028672526,0.20301527262281963,1.841542579991358e-05,4.1810793461121825e-08,0.17272383867311855,0.00022854199157977325,5.497235065574665e-06,4.447393622312228e-08,6.7693507318872975e-09,1.1559498367316488e-05,9.78315342469655e-05,7.896710913148397e-07,1.4617985289935221e-05,1.101095479426058e-05,3.457366979694001e-06,3.653721509821646e-07,3.8144305432455585e-06,1.192454210910501e-08,0.5594688319189571,0.0013041202205124152,4.623716143994119e-05
17,3.360702897069748e-06,1.670379280726315e-07,4.328575620608125e-05,0.0018111750333204913,0.07802045739140517,0.1108223447246793,1.4222720697330131e-05,1.6261691324906864e-08,0.13503473471442012,0.0001136893130326189,3.7516094121114963e-06,2.4340549491891065e-08,5.357897210599071e-09,8.964760738846755e-06,2.754678020030831e-05,3.377557077842032e-07,1.1996151346836873e-05,8.995154583372984e-06,1.4054871644104543e-06,3.1933789846131076e-07,4.595482748883845e-06,4.742951900023377e-09,0.6719935305056808,0.002047135573870926,2.7933302970945486e-05
18,2.0080865059339546e-06,1.6619605459748783e-07,4.706869213907406e-05,0.001276024792547796,0.04111227526276227,0.13478114051694198,1.4944798507350408e-05,1.64601475674712e-08,0.17649089236160714,0.00019483229363914494,2.6772802860619164e-06,2.7689178708830798e-08,4.2616639320385075e-09,1.191725348721616e-05,4.817687531550169e-05,6.983316832927852e-07,1.1331344785912474e-05,7.151049192509819e-06,2.0104548500461497e-06,3.929310772460331e-07,3.935500934545883e-06,5.1795929882328355e-09,0.6437474588323725,0.0021836310513192996,6.121250340732767e-05
19,1.908519752397792e-06,1.9747448055524302e-07,3.362663837129532e-05,0.0032413854808744967,0.050248142308538045,0.24264119089228012,1.1625092828594881e-05,2.2517530425389656e-08,0.21811093904127926,0.00031605184525212873,2.0026266402363317e-06,2.300329308486808e-08,4.63787156220117e-09,7.948622585682047e-06,6.399320192059633e-05,6.460505819519635e-07,8.260592305594209e-06,5.808175429111708e-06,1.8541630038929647e-06,4.014490815199838e-07,1.5801173970564541e-06,6.9653667812424026e-09,0.4839059983435996,0.0013657682708845202,3.061396885147825e-05
20,2.775664181619721e-06,2.408799979075504e-07,3.517077708170525e-05,0.0026250932909210314,0.05334082613061492,0.2263250924128292,1.4239486760057141e-05,3.3605609642334354e-08,0.19672106703449097,0.0002997346378943135,3.892481066732593e-06,2.2402358833954384e-08,6.472974508044406e-09,1.0316080994242062e-05,8.410883250660172e-05,6.195489314235759e-07,9.635099702699154e-06,8.918046067146002e-06,3.073671407964829e-06,4.789185221924142e-07,3.2925998156416367e-06,1.056713944335345e-08,0.5192791324945785,0.0011983326654772407,3.388619807556246e-05
21,5.200280638026906e-06,2.460990705882752e-07,0.00012329661637242224,0.0026547721468158756,0.051512999899277406,0.09127120801166122,1.276616040276763e-05,2.995778168677104e-08,0.12394636425616892,0.0002494341533277435,3.323121719569967e-06,3.915807935677817e-08,9.618008616316875e-09,1.4798749276785187e-05,3.219929800408741e-05,1.0981819958645434e-06,1.833449459828661e-05,1.6022176911997428e-05,1.595736563560647e-06,6.530374475522398e-07,5.6387056149615985e-06,4.700769101960194e-09,0.7269156547360667,0.0031720925506917765,4.2218152735243196e-05
22,3.947281692404835e-06,1.854019442571003e-07,7.035137669983958e-05,0.0024115528458573563,0.03640474110979219,0.1663317772772503,1.0047553032996468e-05,3.287200556181691e-08,0.0761573573752728,0.0003003196715928988,3.3259936812723053e-06,1.462178290242405e-08,6.346489735412934e-09,8.105756676152438e-06,2.976117032348568e-05,6.234295890056752e-07,2.048279189222844e-05,1.5436857585402075e-05,2.194702261259603e-06,4.312129985379444e-07,5.15473435757928e-06,5.535990361562829e-09,0.7171200712705331,0.0010856079516599769,1.8464859038527342e-05
23,2.692836817568722e-06,1.5976331449425018e-07,4.241248459486543e-05,0.0022209122492018616,0.046254683429739776,0.18971871027376508,1.2942836554993117e-05,2.3334314314740426e-08,0.15860757103757833,0.00022535532840378073,2.9355041101274196e-06,2.0724358538307546e-08,4.971472728381139e-09,7.790275009290985e-06,4.9854362686251814e-05,6.157344907196856e-07,1.0041563733451444e-05,8.860957477369627e-06,2.1107856468706817e-06,3.817440553669429e-07,3.0099995326900705e-06,5.542579732843181e-09,0.6013453191758454,0.0014536476133932322,2.9937471323083923e-05
24,2.0108089255249774e-06,2.2170752843084992e-07,3.407473323610193e-05,0.0032926139056514312,0.047713495876684414,0.1642224993841585,1.18473423454283e-05,2.774246038354442e-08,0.15056892985141887,0.0003067876854697492,2.5470545542173332e-06,1.9165752968108444e-08,4.843580150452195e-09,1.0202019987138355e-05,4.5991047471166064e-05,5.942322948353826e-07,1.1148115536345447e-05,1.1533909393367743e-05,2.7802928855926675e-06,3.823335691941853e-07,3.211363727490587e-06,5.806847154310657e-09,0.6325466028343967,0.001188959702417779,2.3508239707045767e-05
25,3.928610951848009e-06,1.901460746239594e-07,5.2102307449684266e-05,0.0028016706695271724,0.09010418674483475,0.13780932059250262,2.339864550336188e-05,5.7017326489969515e-08,0.10126372547274333,0.00013515071214062336,7.15394992354653e-06,3.514019943974632e-08,6.93448141312715e-09,1.0350955026496446e-05,4.3935405829220495e-05,6.144869121694371e-07,1.591443678468977e-05,1.6819597927095886e-05,2.444087054371827e-06,5.019378462900513e-07,7.115747640014307e-06,6.26884134945711e-09,0.6663529187147111,0.0013199624520932112,2.8488965675137313e-05
26,4.633130907100109e-06,3.4517405655019593e-06,1.0494682356140776e-05,0.0033526040124308254,0.0676443301357505,0.7239957281639061,9.564772020367173e-05,1.209302610180378e-06,0.1266528417916407,0.0004320109578285542,8.691363583269617e-05,4.785108492280382e-07,1.3410793902331948e-08,2.288699455615093e-05,0.00486449553834089,3.6514744097201914e-06,6.44450210967767e-05,3.929570021085304e-06,6.65665021706274e-05,2.859183559919397e-07,7.053218729965583e-06,8.897249239399018e-07,0.07228140401894045,9.359342159142549e-05,0.0003104414011879901
27,2.143016640350824e-06,1.4408938526271225e-07,2.4948262714484257e-05,0.0021213288923146063,0.04204184365400649,0.2628667952875011,1.27437535350094e-05,2.0724679470953474e-08,0.252040297209634,0.00022192175512358376,2.3520241551273033e-06,1.988775148903318e-08,4.337326049866072e-09,5.791984467071018e-06,7.438942969801095e-05,5.694779531639857e-07,5.302202271153749e-06,5.568038799457844e-06,2.231152141591488e-06,3.345219765515403e-07,1.6072816058484976e-06,7.4236997956447115e-09,0.43922684833243064,0.0013114702564890493,3.1317003700422034e-05
28,2.692836817568722e-06,1.5976331449425018e-07,4.241248459486543e-05,0.0022209122492018616,0.046254683429739776,0.18971871027376508,1.2942836554993117e-05,2.3334314314740426e-08,0.15860757103757833,0.00022535532840378073,2.9355041101274196e-06,2.0724358538307546e-08,4.971472728381139e-09,7.790275009290985e-06,4.9854362686251814e-05,6.157344907196856e-07,1.0041563733451444e-05,8.860957477369627e-06,2.1107856468706817e-06,3.817440553669429e-07,3.0099995326900705e-06,5.542579732843181e-09,0.6013453191758454,0.0014536476133932322,2.9937471323083923e-05
29,2.692836817568722e-06,1.5976331449425018e-07,4.241248459486543e-05,0.0022209122492018616,0.046254683429739776,0.18971871027376508,1.2942836554993117e-05,2.3334314314740426e-08,0.15860757103757833,0.00022535532840378073,2.9355041101274196e-06,2.0724358538307546e-08,4.971472728381139e-09,7.790275009290985e-06,4.9854362686251814e-05,6.157344907196856e-07,1.0041563733451444e-05,8.860957477369627e-06,2.1107856468706817e-06,3.817440553669429e-07,3.0099995326900705e-06,5.542579732843181e-09,0.6013453191758454,0.0014536476133932322,2.9937471323083923e-05
30,2.692836817568722e-06,1.5976331449425018e-07,4.241248459486543e-05,0.0022209122492018616,0.046254683429739776,0.18971871027376508,1.2942836554993117e-05,2.3334314314740426e-08,0.15860757103757833,0.00022535532840378073,2.9355041101274196e-06,2.0724358538307546e-08,4.971472728381139e-09,7.790275009290985e-06,4.9854362686251814e-05,6.157344907196856e-07,1.0041563733451444e-05,8.860957477369627e-06,2.1107856468706817e-06,3.817440553669429e-07,3.0099995326900705e-06,5.542579732843181e-09,0.6013453191758454,0.0014536476133932322,2.9937471323083923e-05
31,4.799187556349846e-06,2.3366639289844077e-07,9.579875633415295e-05,0.002581496320004786,0.03168674301746678,0.16589805174317582,1.3289556237006021e-05,4.653979282909404e-08,0.11365489927155635,0.00033785730294352384,3.0262418487481657e-06,2.4847504921618684e-08,7.259861406439582e-09,9.859024336418331e-06,3.5952961185200135e-05,1.0730970932044971e-06,1.7209422082722988e-05,1.539034648352316e-05,2.1030503036383385e-06,4.816284988590995e-07,4.465596517661395e-06,5.697096611707967e-09,0.6841515462429185,0.001455960835104843,2.9678387703240246e-05
32,2.495380546858747e-06,1.491198759164964e-07,3.782999219119306e-05,0.0022084543480076525,0.04462063438423078,0.19643218869114298,1.3378953510222097e-05,2.3368007291711675e-08,0.15743883227355324,0.0002273309806038251,2.869082776022816e-06,1.898850230335369e-08,4.927168498748334e-09,7.239719755158943e-06,5.086204093563516e-05,6.089275197387462e-07,9.531961003337955e-06,9.26756710873793e-06,2.4769642858852702e-06,3.727577746624488e-07,3.150157662928708e-06,5.6265767033608865e-09,0.5975430701869779,0.0013619562337239455,2.724736655865194e-05
33,9.515318414740255e-06,4.251686893743986e-07,5.585747170786731e-05,0.004808873608578903,0.07742591342171158,0.1764979263939178,2.294321164614639e-05,8.042312058827336e-08,0.07675552350339003,0.0001684851994778171,1.0158730845591596e-05,8.698933402829731e-08,1.3747449051326936e-08,8.76952602265873e-06,5.785724789638308e-05,1.3438964820339973e-06,4.764408019078256e-05,2.047242883392754e-05,4.105369484249934e-06,4.340660885489789e-07,7.308228856052725e-06,1.69536353849391e-08,0.6623804797940418,0.0016841238912245866,3.164132896025967e-05
34,1.551977921619209e-05,7.152222064563067e-08,6.0685945158127476e-05,0.002074268441831958,0.05621433713558367,0.1776782991673608,1.4598299708694645e-05,2.8114169481187966e-08,0.11686036994039575,0.00010183248621381575,7.017806654639072e-06,1.658404152413558e-08,8.492904872349248e-09,3.3197189720310526e-06,6.46897567226544e-05,4.812275972048224e-07,8.891998101686534e-06,1.9182011117107096e-05,3.112242985781267e-06,2.5499270309530867e-07,5.043574175868348e-06,5.5482730407067446e-09,0.6455041223510578,0.0013472117800317261,1.6631082802046077e-05
35,5.1813044628989045e-06,1.6025103221860838e-07,3.825241004994561e-05,0.0023154830062352867,0.02505450909652931,0.2639944199373914,1.461036379586637e-05,3.285051927876134e-08,0.14973109134714965,0.00023001307726652634,2.643619929736785e-06,2.4407949017125222e-08,6.367626972801687e-09,3.9245477257113125e-06,4.288430435810708e-05,1.0821838884355047e-06,1.0168474170240918e-05,1.3847918587937523e-05,3.420587147178493e-06,2.6949138216129053e-07,2.6303548342733614e-06,7.683107731048138e-09,0.5570364390177212,0.0014764633255309727,2.2434071607963827e-05
36,2.677278671552568e-06,1.562756901672184e-07,4.2207855217107165e-05,0.0021897883393200437,0.04698265355473576,0.18864172843719443,1.2907700092575407e-05,2.2822001191474452e-08,0.15796023346596816,0.00022042485229165881,2.9600674125904364e-06,2.050847684717906e-08,4.9275067952487816e-09,7.715538423959507e-06,4.9203142863954285e-05,6.006034596288672e-07,9.928647044251753e-06,8.808282846209363e-06,2.0811947004770556e-06,3.800650370712307e-07,3.0202650983663036e-06,5.4342852883069e-09,0.6023685915923002,0.001464129633304433,2.9749516057092593e-05
37,4.2872892990078705e-06,1.4412310081437648e-07,7.245095282199781e-05,0.0016262254026705647,0.057607028168805495,0.0968652230073559,1.141702260184775e-05,1.3176981972548175e-08,0.14541967835519487,0.00015452802689976258,2.696863141190382e-06,2.1911786054609593e-08,6.6852478195835105e-09,8.600316777941073e-06,2.3030468483161012e-05,5.011807886717876e-07,1.0708564486241121e-05,1.0631135695792104e-05,1.1860895363162538e-06,4.2202612016649855e-07,4.1179598543473086e-06,3.522675866113539e-09,0.6948844731321364,0.0032625628710315968,3.004174650640895e-05
38,2.9505720563251357e-06,7.680937957806941e-08,3.435038895866051e-05,0.0016204901774492665,0.016244376257286423,0.3264250764955224,1.6176479453559766e-05,2.7251044698249454e-08,0.10027950686686611,0.000232747246294453,1.8333290241954026e-06,1.2085709996615448e-08,5.176971145945587e-09,2.770254526860488e-06,4.900785782969591e-05,1.0672670203055584e-06,8.990119523184461e-06,1.137806193376607e-05,3.181059746927466e-06,3.603044208061641e-07,2.5602628958178104e-06,5.224340294729195e-09,0.5542023159732262,0.0008452772013523643,1.5457277167056604e-05
39,2.864011904262827e-06,1.5487616431323435e-07,4.382358058217249e-05,0.002192068382172266,0.04366100068416728,0.20588389085348152,1.4562430974591615e-05,2.6864917743628577e-08,0.1468788283686817,0.00021708254780749192,3.065080249665108e-06,2.255966120217043e-08,5.225662298935603e-09,7.080975506941176e-06,4.928931830553537e-05,7.037359557809102e-07,1.0928245190602672e-05,9.243204307623384e-06,2.2319907868837025e-06,3.8744371874032355e-07,3.190439956375253e-06,5.8562850567627395e-09,0.5995712792349253,0.0014184969248473794,2.976716378749831e-05
40,6.139405552198848e-06,2.8811105019003184e-07,7.241281897816692e-05,0.002453669110681316,0.06473858336187645,0.2527826511174951,1.527783867916314e-05,3.241950758852045e-08,0.18015710235009721,0.00021642893492944664,5.61401132758469e-06,4.8165298781344196e-08,7.853273683388664e-09,1.0605943211361018e-05,9.681337685229756e-05,7.092399537329542e-07,1.6781176398344734e-05,5.942948330798377e-06,1.657430204088336e-06,4.2313562368719753e-07,2.9409027260456746e-06,1.2932884365893789e-08,0.4978050691088291,0.0015507565685146673,6.003173772463291e-05
41,4.838360106839672e-06,7.258604812868784e-07,0.00019681709255187066,0.0003213559856112667,0.007549715961244465,0.020784361537404438,1.9639136912291786e-05,5.817296373670158e-08,0.02121073560505477,0.0002634580662525711,4.153713525206326e-06,2.4539604910817492e-08,2.5283880951926008e-08,4.3547064214729374e-05,2.393619231764666e-06,1.6397890975361868e-06,9.230768960895666e-05,7.49409444155821e-05,4.311415864578903e-06,7.765716074077557e-07,0.0001651737599469943,8.553212518615689e-09,0.9465664235910597,0.002655743683497451,3.6824002648157584e-05
42,3.837987667333777e-06,2.9439823896638995e-07,3.579577816068565e-05,0.0027223295450477655,0.042894117572812265,0.3805444283154983,1.9028860242220222e-05,5.147474466887938e-08,0.17742622442884184,0.0003212217162557799,4.161056151995082e-06,3.4114380796910996e-08,8.363590963656824e-09,5.846450383286141e-06,0.00010377474057398254,1.2609783183644294e-06,1.6054418396345946e-05,6.888026471852587e-06,4.41838924888158e-06,4.112651603319466e-07,2.9606405527819654e-06,2.035777147918742e-08,0.39475403262990105,0.0010961602033835271,3.663828820470394e-05
43,3.464608957597527e-06,2.0254102044468119e-07,4.9995314359309754e-05,0.00231219689931563,0.05787385267922966,0.1452514782183066,1.3849862287617654e-05,2.2907101903994944e-08,0.15581815579593222,0.00018228555619872685,3.658818948120254e-06,3.084105865368769e-08,5.579314423174889e-09,9.714156801790824e-06,4.868964442003632e-05,6.319803534306005e-07,1.2890502503097647e-05,9.205418385331396e-06,1.8434104525138428e-06,3.7546020434551035e-07,3.400544782672862e-06,5.6188535096641e-09,0.6365493901752006,0.0018168205381885374,3.783292782300027e-05
44,2.692836817568722e-06,1.5976331449425018e-07,4.241248459486543e-05,0.0022209122492018616,0.046254683429739776,0.18971871027376508,1.2942836554993117e-05,2.3334314314740426e-08,0.15860757103757833,0.00022535532840378073,2.9355041101274196e-06,2.0724358538307546e-08,4.971472728381139e-09,7.790275009290985e-06,4.9854362686251814e-05,6.157344907196856e-07,1.0041563733451444e-05,8.860957477369627e-06,2.1107856468706817e-06,3.817440553669429e-07,3.0099995326900705e-06,5.542579732843181e-09,0.6013453191758454,0.0014536476133932322,2.9937471323083923e-05
45,2.836083245141306e-06,1.78547862697562e-07,4.84740037677083e-05,0.0020880035096646674,0.04490606474675464,0.16464182424095272,1.1804619717807064e-05,2.2228105796354648e-08,0.14718297896896218,0.0002338912734128669,2.995155185922427e-06,2.045788773164618e-08,5.111481718728082e-09,9.031996537442962e-06,4.186863236470641e-05,5.858198842884972e-07,1.1315622481660509e-05,9.53957980930561e-06,1.9881631191741657e-06,3.7899417686121364e-07,3.505574010088133e-06,5.301251986034219e-09,0.6392001603484962,0.0015714558015121306,3.1065219354409665e-05
46,3.404939079461659e-06,1.8248532916733643e-07,4.412071449975946e-05,0.0024817826179014332,0.048408700292260215,0.20581603145816912,1.3906793746500607e-05,2.7226186418744626e-08,0.13812884604603992,0.00021156806296088214,3.4393617583802077e-06,2.633830095624918e-08,5.553076708261431e-09,7.225960534992525e-06,5.276074998126254e-05,6.893331692265245e-07,1.384145492656249e-05,8.895319830045608e-06,2.1662385681532865e-06,3.6330935963814477e-07,3.035763347831114e-06,6.8991526342680274e-09,0.603360520303888,0.0014080541507765281,3.039862715607674e-05
47,8.84690650708281e-06,6.576302958197174e-07,6.080206647991873e-05,0.0028652015250577477,0.04500670499010944,0.2994383799491679,2.2064155525560892e-05,5.657162703959039e-08,0.2275112193824857,0.00033821422274651707,5.407057471242383e-06,9.770505710590335e-08,1.3457296178009587e-08,8.850321339635458e-06,0.00010645237085488032,2.138486651634566e-06,2.572041902796978e-05,8.255342480163015e-06,3.4719395741096212e-06,4.679982702511227e-07,2.5561276549883614e-06,2.887410995304246e-08,0.422228880012624,0.0022777935742140537,7.771891337112117e-05
48,2.9975737089010125e-06,3.57327143845507e-07,3.6009093910726004e-05,0.0034441306020911956,0.031556334740810724,0.24326069825428903,1.3001004452656627e-05,4.210095846446503e-08,0.1104832451320258,0.00038743987806735353,2.8036250807844318e-06,2.49767956729193e-08,5.603531676982586e-09,8.480824292863314e-06,5.245718190919561e-05,8.320282500526475e-07,2.3996590439939175e-05,1.0538622811816846e-05,3.423937838901973e-06,3.0962208426983244e-07,3.000820883836086e-06,1.1275839403903306e-08,0.609885886100019,0.0008003240904128867,2.3648992351049713e-05
49,3.634037034160386e-06,1.7053453300645136e-07,6.097391797515934e-05,0.0021924121058663933,0.04195319194359825,0.22179869595347942,1.3379332876529763e-05,2.5732751184328854e-08,0.14795701083419008,0.00021672737227239076,3.0046471441017226e-06,2.7506900286951715e-08,5.980473161962628e-09,7.060240009925416e-06,4.3184246394337664e-05,7.18385783189835e-07,1.1502392739932768e-05,7.91287148082326e-06,1.4895992570423998e-06,4.1845533327674167e-07,2.676692669533042e-06,5.794089099047958e-09,0.5840476040465367,0.0016453829258410999,3.278445077092096e-05
50,1.811060608336265e-06,2.3247367154049738e-07,3.918995875690979e-05,0.0024017847805664692,0.04083563836826644,0.2419915957691568,1.674224955930845e-05,3.517761224883939e-08,0.2237236124806262,0.0004647155582439576,2.3913537721259094e-06,1.7956330090252394e-08,5.790972753585894e-09,1.0872160121885322e-05,7.015402110586743e-05,7.512982093202189e-07,8.565847422879255e-06,8.29182883621653e-06,3.868369618023046e-06,4.568462940609414e-07,3.5721414587469762e-06,9.165383689407032e-09,0.48927754838619625,0.0011036529286903387,3.448402851969699e-05
51,6.709986913770916e-06,4.777209532145253e-06,6.784773458661227e-05,0.016959031273046016,0.08841032742263365,0.20332716948674825,1.5588154113111494e-05,2.856185684192689e-07,0.297353905346751,0.001495725306573366,9.479744949470056e-06,1.5289224879554503e-07,1.7875732111924708e-08,6.636392396595476e-05,0.00023393078361951775,1.7531058200109125e-06,3.5279756900506964e-05,1.8120988191931806e-05,7.463206682532229e-06,6.78764453067722e-07,3.843540638464509e-06,6.726379498796777e-08,0.3909769381896353,0.0009246667617137183,7.987566218714749e-05
52,2.2665488845242707e-06,8.438267763549857e-08,2.7106840032673075e-05,0.003974384097488302,0.011275740934847404,0.3118081462375205,4.5062507094551135e-06,3.012769676381156e-08,0.1246711917887994,0.00091231654071412,1.0808280721883726e-06,4.0264933478365125e-09,5.051344926909891e-09,3.555570438913606e-06,5.952351641433474e-05,1.0192885014033556e-06,3.9303896614160865e-06,2.7128245446342167e-05,4.674883685149994e-06,5.717596709804573e-07,1.228824399411622e-06,4.4149585310239e-09,0.5465290835607929,0.0006852091549558688,7.206735793425957e-06
53,1.722034789312806e-06,8.91480536344842e-08,2.3191748026139953e-05,0.0014345763092238905,0.03644293548523326,0.21258484374398723,2.1561494932381034e-05,1.971646458695043e-08,0.17056096710702628,0.00010181788859422326,2.41584301776452e-06,2.35975475977804e-08,3.055089556908993e-09,5.107545436919648e-06,5.407586533374375e-05,5.498443745872382e-07,5.88771341636744e-06,5.931329163052454e-06,1.6195400647184101e-06,2.9112258651698093e-07,2.0561730824583777e-06,3.861542922329409e-09,0.5776126341891902,0.0011052734221474272,3.240222167524076e-05
54,2.68588673986156e-06,1.61442699396309e-07,4.2579483201462776e-05,0.002221919578018396,0.046282639594697646,0.1895367561091089,1.2979503695778358e-05,2.3374877424790904e-08,0.16013026193701443,0.0002269310090640826,2.930631549281195e-06,2.095819351360482e-08,4.9800505707307105e-09,7.875453176839448e-06,5.030839448838304e-05,6.212526147958754e-07,1.0049155780796037e-05,8.8069913511196e-06,2.1105023064605594e-06,3.835602286640116e-07,2.9979554073198062e-06,5.574479952236991e-09,0.5999638053908917,0.0014627351107870553,3.0406169576350852e-05
55,2.4884164332855797e-06,1.2279003779071582e-07,3.0546575449431326e-05,0.0019092891920530518,0.059591496183070955,0.16277864488775173,1.7482066702711744e-05,1.5507893687510436e-08,0.21815752072965114,0.00010547558788350731,2.817300800930081e-06,3.7640689832887665e-08,4.250953815491687e-09,6.0963400973408245e-06,4.526945096174436e-05,5.764396658581003e-07,6.531346477875584e-06,6.343421157155278e-06,1.529336268190709e-06,2.9097489846973196e-07,2.1419720011875987e-06,4.2096125862207616e-09,0.5549241930108676,0.0023716271936866855,3.9455174933473876e-05
56,2.8360493214026122e-06,1.6535046517099666e-07,4.338728384385444e-05,0.0022405428536385026,0.04674987368338851,0.1888882465107738,1.3247545062425244e-05,2.3906111959504538e-08,0.15958753412477167,0.000224829918122867,3.0200574259574498e-06,2.1785657313976708e-08,5.343777405696204e-09,7.921101823847901e-06,5.007892797991587e-05,6.250756027351774e-07,1.021572612941579e-05,9.030483201218561e-06,2.149135223472803e-06,3.954325948869109e-07,3.1166192522395095e-06,5.871394184942548e-09,0.6006236284158443,0.001508809915150241,3.02888834427145e-05
57,3.440503293143971e-06,2.850691968309092e-07,5.625897217110969e-05,0.0025450459075686007,0.054886278362331946,0.1944458757051966,2.05907934280786e-05,3.8235036704170434e-08,0.18310152572766583,0.00031580834063068647,4.11602086162414e-06,3.507318187021823e-08,9.137296385310978e-09,1.0652906055771872e-05,6.138393763525842e-05,1.0960440787618674e-06,1.5580309500083e-05,1.2055388769306255e-05,4.563481613366201e-06,4.887089268085408e-07,6.02120119305809e-06,1.0260645806699195e-08,0.56257105798582,0.0018958451927469995,4.193673515526496e-05
58,2.36282084110416e-06,1.3256712383811125e-07,4.0043563989979125e-05,0.0019084739466476697,0.0492529714000431,0.1658802000450489,1.2532395078974537e-05,1.7259075687350607e-08,0.1711602739794413,0.00019232630152850037,2.6379393039134777e-06,2.011940755396301e-08,4.979839610408078e-09,7.257043072156961e-06,4.2371383198775274e-05,5.731687489804761e-07,8.426787651924324e-06,8.115460134767586e-06,1.8578176049849805e-06,4.112699598455778e-07,2.9242883658809923e-06,4.602521178715165e-09,0.6094856791718914,0.0019602250067739507,3.0156682706080837e-05
59,2.413391877690932e-06,1.429984337436975e-07,4.9423431072414415e-05,0.001907092342376275,0.048201036360456584,0.16109990897471024,1.2282132064474972e-05,1.816608183035131e-08,0.16455735823576664,0.00022087225879585199,2.540921252775282e-06,1.9491738426273982e-08,5.216063929539609e-09,8.076700411027276e-06,3.9167198284673355e-05,6.255816449950291e-07,9.423361086518095e-06,8.517358989330245e-06,1.7712144703198685e-06,4.494082597021189e-07,3.2355639091954315e-06,4.437956322641305e-09,0.6218270538746289,0.0020171954746395415,3.136590502871841e-05
60,2.692836817568722e-06,1.5976331449425018e-07,4.241248459486543e-05,0.0022209122492018616,0.046254683429739776,0.18971871027376508,1.2942836554993117e-05,2.3334314314740426e-08,0.15860757103757833,0.00022535532840378073,2.9355041101274196e-06,2.0724358538307546e-08,4.971472728381139e-09,7.790275009290985e-06,4.9854362686251814e-05,6.157344907196856e-07,1.0041563733451444e-05,8.860957477369627e-06,2.1107856468706817e-06,3.817440553669429e-07,3.0099995326900705e-06,5.542579732843181e-09,0.6013453191758454,0.0014536476133932322,2.9937471323083923e-05
61,2.4787498912678953e-06,1.3587266468314363e-07,5.0686960407374284e-05,0.0018303858079768414,0.047431135038738914,0.15585947700926972,1.185010063150942e-05,1.749878004256692e-08,0.16735828000764705,0.0002156421259769775,2.4552338583057213e-06,1.832390160379244e-08,5.082287063461339e-09,7.904617060209081e-06,3.615121782750246e-05,5.868870192338433e-07,8.7775893349947e-06,8.494561433097736e-06,1.6737015407726343e-06,4.292904558022782e-07,3.243436817308948e-06,4.153375035403872e-09,0.6250586425340903,0.002081211881570379,3.031231744399828e-05
62,2.692836817568722e-06,1.5976331449425018e-07,4.241248459486543e-05,0.0022209122492018616,0.046254683429739776,0.18971871027376508,1.2942836554993117e-05,2.3334314314740426e-08,0.15860757103757833,0.00022535532840378073,2.9355041101274196e-06,2.0724358538307546e-08,4.971472728381139e-09,7.790275009290985e-06,4.9854362686251814e-05,6.157344907196856e-07,1.0041563733451444e-05,8.860957477369627e-06,2.1107856468706817e-06,3.817440553669429e-07,3.0099995326900705e-06,5.542579732843181e-09,0.6013453191758454,0.0014536476133932322,2.9937471323083923e-05
63,2.79587974573304e-06,2.0068951789755116e-07,4.2296388819688004e-05,0.002409642335263524,0.046681090808913785,0.19291552962974648,1.3149595331904602e-05,2.655289414846152e-08,0.16718560231535293,0.00025856479776951584,3.114336926202386e-06,2.3270962189895236e-08,5.414505137712343e-09,8.722900656928456e-06,5.427989720569353e-05,6.758434386065603e-07,1.1119197820946328e-05,9.218897405508944e-06,2.3878779514328213e-06,3.976254504132351e-07,3.071830794648966e-06,6.69298903570284e-09,0.588900118080486,0.0014656672030700184,3.2291936981607956e-05
64,2.7647771811711035e-06,1.5363563235175126e-07,4.941171232407823e-05,0.001913680127118806,0.048749537901548,0.15606335532593868,1.4424661452830232e-05,2.2896294480658613e-08,0.137063192658514,0.00020755626524569373,3.1821523358609457e-06,1.9087433465112018e-08,5.541088162062588e-09,8.569940473023864e-06,3.87413212798124e-05,5.780498570051164e-07,1.1254396786580136e-05,1.0753538549648067e-05,2.2851790429674486e-06,4.018786265635108e-07,4.680279698097947e-06,4.9339769714651316e-09,0.6542557242857292,0.001571411335688136,2.828811818452974e-05
65,2.6796186525709706e-06,8.488844401107768e-08,2.359883353313021e-05,0.002138550197330382,0.04030662552909826,0.25434609936294866,1.4880401283548813e-05,2.3530651084031437e-08,0.09766335962400212,0.0001265192382184248,3.368109037197885e-06,1.685671974094581e-08,3.581821665685116e-09,3.5425364254198648e-06,5.0243607780556345e-05,4.978513129770233e-07,1.0276527950954226e-05,9.156465240217536e-06,2.500324756011162e-06,2.3583868458558616e-07,2.638529875704634e-06,4.911417052480029e-09,0.6044538112374946,0.0008241385039312626,1.7143893389806654e-05
66,3.0982125749661337e-06,1.7919384123572653e-07,5.32085503024367e-05,0.0023565548714959395,0.04923533151050542,0.19060499961716137,1.3641320891979889e-05,2.7144598952800784e-08,0.16118125531619643,0.0002579269506779072,3.168553736191588e-06,2.198092340516236e-08,5.98566223815274e-09,8.675074455481962e-06,5.132571414171217e-05,7.001099131736772e-07,1.0875289497935996e-05,9.778988661377958e-06,2.1617598432184777e-06,4.5311488213669983e-07,3.428234621250396e-06,6.018404480936916e-09,0.5946175627904198,0.0015539250104392678,3.1688686151654326e-05
67,2.246180668349388e-06,8.278710737327996e-08,6.157719799093281e-05,0.0015407399341499203,0.025901717324923655,0.10274475539826335,7.608849164442685e-06,1.725615526638556e-08,0.0669947452051213,0.00019840001916041858,1.8217097894792217e-06,8.87011441574617e-09,3.9268958062201435e-09,6.851580345569069e-06,1.85044254938704e-05,4.755040069272131e-07,1.1279773360881346e-05,1.243993917217911e-05,1.144057104002106e-06,4.325273846467813e-07,3.9057082193967096e-06,2.040461955607593e-09,0.801192910803905,0.0012830092720657875,1.5319708975218702e-05
68,4.756551938096129e-07,5.868260076180796e-08,5.7998201852621026e-05,0.0009278029523958185,0.03762785692186882,0.057666142943606176,3.2987541610520355e-06,2.525428859573366e-09,0.3242474350458272,0.00018786561654999796,4.5386008131879016e-07,9.109614312996714e-09,1.3040827412512405e-09,1.606197471724547e-05,1.7780408313221263e-05,1.852396663395489e-07,1.6426223682425578e-06,1.6445311151739649e-06,1.2715828608534194e-07,4.714491361667999e-07,5.787126024192069e-07,5.656211026585035e-10,0.575112094303606,0.004076877954043294,5.3133507261181974e-05
69,2.455986666392802e-06,1.4692925327926456e-07,4.6721871970730384e-05,0.0020752697513615804,0.04197676605926187,0.17488822194095593,1.2621557342552406e-05,2.266483891829513e-08,0.152119600831148,0.00023356893065958002,2.6289246988907127e-06,1.8828444518963135e-08,4.872351902140655e-09,8.297792411396156e-06,4.3673850238145636e-05,6.161906243820683e-07,9.487731940555136e-06,9.38771487857731e-06,1.999575197428011e-06,4.083897207375617e-07,3.278608223648163e-06,4.7513251688459116e-09,0.6270392177680602,0.0014962179610974026,2.9360517328221158e-05
70,2.152124338800844e-06,1.1682108754561353e-07,3.8778387708467585e-05,0.002470324721770599,0.07333133779935119,0.16297063446850452,1.112836498167557e-05,1.7086812077073846e-08,0.18765040091901636,0.00014766575766070534,2.6732145533161494e-06,1.9124981728151524e-08,3.3541495655658073e-09,8.134077235985816e-06,5.45591762291024e-05,3.1956563450938543e-07,6.825397389973359e-06,4.903868843031843e-06,1.0017741426301367e-06,3.301824022967241e-07,1.845898917807923e-06,3.7200885410303745e-09,0.5719938726503682,0.0012737911747590662,2.9160369072186606e-05
71,8.259356138483997e-07,1.5546548956226658e-07,4.609885315842814e-05,0.0014057929082000253,0.05414592622671873,0.07771247074147444,1.3006197081397426e-05,1.3306179546901403e-08,0.2406665887370276,0.000251946444394832,1.3362483155606927e-06,1.163041515954926e-08,3.6679734860181806e-09,1.781778680510081e-05,2.45557414732821e-05,4.448251275695882e-07,4.988586155296702e-06,8.06659615651547e-06,1.3593295429630702e-06,6.046521112783846e-07,4.398179958238515e-06,2.273123909378536e-09,0.6234074495372394,0.002250999386998123,3.513674326586863e-05
