,0,1,2,3,4,5,6,7,8,9,10,11,12,13,14,15,16,17,18,19,20,21,22,23,24
0,6.354313067884486e-05,7.239879823135745e-06,1.795221158244048e-05,2.2701601775421776e-07,0.10479239933698034,0.012491512965907973,9.876828669513033e-07,1.1451150905606787e-09,0.8793156817413502,1.3116459923528245e-09,8.703260911424681e-07,1.4020648285672885e-08,1.2927213699414769e-05,9.971783177792365e-08,0.0013466152894113473,0.0007963018029810873,1.8411758806598407e-05,1.004664458519088e-05,1.9677007551990069e-07,5.274728013967382e-06,7.213117768023341e-07,3.1733026323544237e-09,7.2462747827045235e-09,6.519118083660097e-07,0.0011183116627241252
1,0.00010054262632688905,8.698943871107767e-06,2.8383806822916168e-05,2.642673576047741e-07,0.08429616333665331,0.011289984193912183,1.3187762153810143e-06,1.0724081379325098e-09,0.9008193259670167,2.369751472419899e-09,5.773951575017142e-07,1.568749610159994e-08,1.1009624634126851e-05,9.07107204643792e-08,0.0011675106626196955,0.0008701146698085664,1.0494666572011773e-05,1.2717335545758736e-05,1.648359048352003e-07,4.964727773471783e-06,6.025560532669004e-07,2.461831435083773e-09,6.67592962113849e-09,6.868325249271983e-07,0.001376355797092527
2,0.00011779588697557565,1.0708521992495425e-05,3.419833012086802e-05,5.53595298418615e-07,0.11319310385467074,0.016410019711523997,1.5654056019427775e-06,1.3301525428855579e-09,0.8661604131152335,2.8475146933211788e-09,1.2349637729335528e-06,2.1528458709712177e-08,1.4556575142906205e-05,1.7949286994347155e-07,0.001139084087961777,0.0008191037692640686,2.5272727504604876e-05,1.973304130164933e-05,1.7863977646928428e-07,7.030881415817648e-06,9.878950641683753e-07,4.382942493772545e-09,1.7252751889563943e-08,1.1778084580286364e-06,0.0020430543542296533
3,0.00011895422393189687,1.138035202516713e-05,3.083539973850149e-05,4.35599829079228e-07,0.13419350782637235,0.013621681702261784,1.7581925379279795e-06,1.3233647107875295e-09,0.8475078557066086,2.7192949310099977e-09,1.0988225563085318e-06,2.1304850444533276e-08,1.3764693291929839e-05,1.8063809057737047e-07,0.0013704052333859676,0.0007584618805336938,2.234713223188249e-05,1.7706511340292136e-05,1.6630803644840956e-07,7.069139642995599e-06,8.457911198105556e-07,3.913109277861468e-09,1.5229513327001167e-08,8.83201097377407e-07,0.0023206171552346525
4,0.0001190164144261365,1.1232836254801045e-05,3.0734261972428045e-05,4.307868126124669e-07,0.12671895599504696,0.01239724541087846,1.7875971971947934e-06,1.2971875218509064e-09,0.8562756114982464,2.5341728041845746e-09,1.063970861390633e-06,2.603873984272572e-08,1.7049639943032968e-05,1.8222948562865647e-07,0.0013053566047504894,0.0007072082916140951,2.339167034166532e-05,1.689960758733198e-05,1.738193912734348e-07,7.0163382581087825e-06,9.054274455325868e-07,4.113701343662844e-09,1.497923336308118e-08,8.888114509255076e-07,0.0023647998250005
5,0.00014757619276707502,1.201313881472017e-05,3.5135229088507457e-05,6.512454396402092e-07,0.12165722200464359,0.014768369837146907,1.8145678214895565e-06,1.3500459839695698e-09,0.8585002952674645,3.5436343272580474e-09,1.1586562052866576e-06,2.564529415153795e-08,1.617830866236576e-05,2.2474048224469073e-07,0.0011888425120097305,0.0007645356118618235,2.7985030481693992e-05,2.7422010994885425e-05,1.542519106520421e-07,8.388000179383989e-06,1.0006327235089605e-06,4.626834092542538e-09,1.895715418239634e-08,1.113687635348221e-06,0.002839864950703852
6,0.00011895422393189687,1.138035202516713e-05,3.083539973850149e-05,4.35599829079228e-07,0.13419350782637235,0.013621681702261784,1.7581925379279795e-06,1.3233647107875295e-09,0.8475078557066086,2.7192949310099977e-09,1.0988225563085318e-06,2.1304850444533276e-08,1.3764693291929839e-05,1.8063809057737047e-07,0.0013704052333859676,0.0007584618805336938,2.234713223188249e-05,1.7706511340292136e-05,1.6630803644840956e-07,7.069139642995599e-06,8.457911198105556e-07,3.913109277861468e-09,1.5229513327001167e-08,8.83201097377407e-07,0.0023206171552346525
7,0.00040163641118688,1.367086034959959e-05,0.00010136922136381522,3.648451972941216e-07,0.1363821419850429,0.015544904349393006,2.738829333236663e-06,1.7750751125883374e-09,0.8436433608781778,3.9430126700311505e-09,1.1610184630761196e-06,2.825911348347539e-08,2.2698377982047766e-05,1.472802747951214e-07,0.0008055089077382164,0.0005399606175379914,1.5413736916626048e-05,2.2192089597508304e-05,2.885769151077396e-07,6.821591550796899e-06,6.107626966120693e-07,1.994674472843331e-09,1.717318364078929e-08,1.7339939537222244e-06,0.002493222521269632
8,0.0002672886552550664,2.7678181788500057e-05,8.557564567434737e-05,1.130723774096974e-06,0.1990499880047599,0.018844428066258814,3.5942582980872535e-06,1.9114463913064254e-09,0.7761505413920701,7.2198333661803345e-09,1.6723241045214666e-06,3.790950659178578e-08,1.8507918769698147e-05,3.472875013738437e-07,0.0009875109679632664,0.0007943386752696002,2.1087325637907027e-05,1.79890194579074e-05,2.0581068760730522e-07,1.4244008664981106e-05,9.025927547508187e-07,2.907549805971902e-09,5.8547765706792757e-08,2.2250884567983075e-06,0.0037106355567507747
9,0.00013346238706614052,1.7845172080400747e-05,6.086398505924277e-05,1.085744602917319e-06,0.12166756532436993,0.018574934962912484,2.316014373892969e-06,1.1518246103910024e-09,0.854600832266259,6.178234509712514e-09,1.0313589809077407e-06,3.0229573676774176e-08,1.799287945030505e-05,2.1001907227332323e-07,0.0010049909302858972,0.000935676713354514,2.0324834381982727e-05,1.6664892967534495e-05,1.4627642509968526e-07,1.295797358107234e-05,1.3009357806685543e-06,3.3972639593982507e-09,3.722111011305258e-08,1.8497655429581715e-06,0.002927869385445891
10,0.00011895422393189687,1.138035202516713e-05,3.083539973850149e-05,4.35599829079228e-07,0.13419350782637235,0.013621681702261784,1.7581925379279795e-06,1.3233647107875295e-09,0.8475078557066086,2.7192949310099977e-09,1.0988225563085318e-06,2.1304850444533276e-08,1.3764693291929839e-05,1.8063809057737047e-07,0.0013704052333859676,0.0007584618805336938,2.234713223188249e-05,1.7706511340292136e-05,1.6630803644840956e-07,7.069139642995599e-06,8.457911198105556e-07,3.913109277861468e-09,1.5229513327001167e-08,8.83201097377407e-07,0.0023206171552346525
11,0.00012097579892251269,1.1418654395176447e-05,3.1548620875558394e-05,4.405937517458696e-07,0.13146477547115298,0.012840315930120466,1.810952956126999e-06,1.3434545574374894e-09,0.8511341874564494,2.6810710666136807e-09,1.0691358024207504e-06,2.414821110522313e-08,1.6249834825600365e-05,1.812787658341196e-07,0.0012882698925053163,0.0007378235339019329,2.2684232587845087e-05,1.7163729937684272e-05,1.7157206091967402e-07,7.3393050615544566e-06,8.652834220821536e-07,3.861383650284899e-09,1.5287529525070602e-08,9.078755069957865e-07,0.002301753525347859
12,0.00010978854120218986,1.0467694102729396e-05,3.270856201124687e-05,4.164945536953159e-07,0.11749672233686757,0.01291664520303874,1.7771971120011128e-06,1.4815925987073089e-09,0.8652076612098085,2.48127746320884e-09,1.1822666040637082e-06,2.2369768583137103e-08,1.2831240827804757e-05,1.500915488983397e-07,0.0014603968218848096,0.0008088076187763428,1.7906305562740096e-05,1.5402475058612785e-05,1.8559508441676703e-07,6.330382573117413e-06,7.912719918319538e-07,3.922291595206893e-09,1.3877630632424198e-08,9.497436555481277e-07,0.0018988348151742708
13,8.239778108893815e-05,1.3153527312699439e-05,3.6029903348818387e-05,9.603917805752971e-07,0.24800067918503957,0.012452225835193082,3.835580206202492e-06,3.875556484955209e-09,0.733180869214279,1.989035133288408e-09,7.521721785774652e-06,6.977110677032712e-08,2.1389163734613373e-05,5.928180750834987e-07,0.002471590692866536,0.0007449216503065938,4.067698603313469e-05,1.4864153761549134e-05,2.1540851627304103e-07,1.047565472340065e-05,1.324626053957367e-06,1.0665496317133464e-08,6.620408181404594e-08,1.5855249834932976e-06,0.0029145376756342096
14,0.00012500867598001878,1.7199199102293032e-05,2.516821691293643e-05,4.5331501464959074e-07,0.17796008394408996,0.01359801120879702,2.1689552695205184e-06,1.4945248871884695e-09,0.8038252056371135,3.6484401144691284e-09,1.3211913799023318e-06,1.9810234761455133e-08,1.06662938675189e-05,2.414470868462257e-07,0.0013652898536283395,0.0007860456810585211,2.0144819245688197e-05,1.719243933386878e-05,1.9595039729332925e-07,7.693790429668652e-06,7.280842077871565e-07,3.751330009140304e-09,1.804722507378585e-08,9.100191455833302e-07,0.0022362245261841576
15,0.00011895422393189687,1.138035202516713e-05,3.083539973850149e-05,4.35599829079228e-07,0.13419350782637235,0.013621681702261784,1.7581925379279795e-06,1.3233647107875295e-09,0.8475078557066086,2.7192949310099977e-09,1.0988225563085318e-06,2.1304850444533276e-08,1.3764693291929839e-05,1.8063809057737047e-07,0.0013704052333859676,0.0007584618805336938,2.234713223188249e-05,1.7706511340292136e-05,1.6630803644840956e-07,7.069139642995599e-06,8.457911198105556e-07,3.913109277861468e-09,1.5229513327001167e-08,8.83201097377407e-07,0.0023206171552346525
16,0.00011564954586985284,1.4027653115969504e-05,2.7161710302779508e-05,5.466555364808361e-07,0.14766961916932048,0.011774955386818766,2.730310331788263e-06,1.9851964022520623e-09,0.8339976249780425,5.293421395629903e-09,1.017694559324501e-06,3.477441647744849e-08,1.7004663525100714e-05,2.5885928084660775e-07,0.0019130731847462014,0.0011566441923819173,2.9955481685919735e-05,2.5014146419552777e-05,1.953399140854972e-07,1.0122192866580797e-05,1.6311531575394996e-06,7.69516848544196e-09,1.869563645379035e-08,8.379832863106397e-07,0.0032418612549987803
17,0.00011358093856711236,1.4400830192324033e-05,2.767470286166535e-05,8.29612326727526e-07,0.2404701346535981,0.011967073999416772,3.004891283531328e-06,2.213736691638428e-09,0.7404192996340724,3.826222618413924e-09,1.9641726810866507e-06,4.810176208860548e-08,2.9521530216826242e-05,4.902216018516075e-07,0.001570299448199518,0.0008697313394216954,6.691783092612356e-05,2.4729603892147883e-05,1.5983815446213933e-07,1.5289762122117753e-05,1.6014239022990568e-06,9.077785399413553e-09,4.473268103454247e-08,1.0265961064511324e-06,0.004402161018268969
18,0.00017784489027957565,1.1792127023752937e-05,2.722341460416685e-05,4.7231376209107183e-07,0.20763891334760903,0.011781040186497426,2.4898388259283443e-06,1.1065225099494039e-09,0.7712800686893609,4.099273788429896e-09,8.471397594095364e-07,3.0685751543828376e-08,2.5504021166182453e-05,3.3734628587413796e-07,0.0014746574662841503,0.0006292597763517478,6.173850789553209e-05,4.284505938635782e-05,1.1328422066184754e-07,1.0604174977731262e-05,1.487481114230586e-06,6.2508769101021456e-09,1.9576511824403205e-08,6.129888984286267e-07,0.006832086226760141
19,0.00010291789886740132,1.1545255704560135e-05,3.5034596420484706e-05,5.560199345711884e-07,0.13160798415704433,0.009812582791907122,2.7360539418614758e-06,1.8453547188287215e-09,0.8531060258141331,3.232904460256918e-09,1.1117285691227714e-06,3.748893707312425e-08,1.75982844239746e-05,1.9481390648577148e-07,0.0016494423708867663,0.0009991726100285173,2.3241494695087123e-05,1.649894299017954e-05,1.521408522538952e-07,8.061285020646038e-06,1.0773461244767072e-06,5.83555585192953e-09,1.6692015666535526e-08,8.158372037956692e-07,0.002603185462577493
20,9.010959536526829e-05,1.0220793629813565e-05,3.1384204351614e-05,4.987762474851803e-07,0.117976332767225,0.012079055442117818,2.280882694554811e-06,2.8347630604669292e-09,0.8626722505800463,2.9230066331249596e-09,1.7247934656287527e-06,3.009151851496452e-08,1.2038625120565942e-05,1.9321216678362117e-07,0.0034879498260783634,0.0011412688098064055,2.5650230701855084e-05,2.026185888282433e-05,2.176715227253486e-07,7.116444824091946e-06,1.0843721189496324e-06,1.0125373958033302e-08,1.5350969337942865e-08,7.702768861520552e-07,0.002439529511116222
21,9.749153274821538e-05,1.1723051141784544e-05,2.7152221446098855e-05,4.734112273360239e-07,0.09128518950240362,0.01021204828208,1.77850622041426e-06,1.6018089799714164e-09,0.8945762422722805,3.1572720481693687e-09,7.76929401224691e-07,2.647518140260688e-08,1.2319382884121044e-05,1.748964099857453e-07,0.0011010191701273948,0.0012067271371358828,1.073601107970505e-05,1.4126842803095237e-05,1.560054330402032e-07,6.824228751081736e-06,7.403648729602047e-07,3.152600514498123e-09,9.42316538439822e-09,8.049850587061251e-07,0.0014334514564663223
22,0.00017640647857137504,9.114897176975494e-06,3.88079363721211e-05,4.464261025391796e-07,0.12539132551893828,0.018012588853353016,1.493257729289325e-06,1.5722221532694244e-09,0.8510533711419974,3.2265052385433814e-09,1.2796770890386042e-06,1.6301164004992535e-08,1.3461523235001932e-05,1.7320494813398348e-07,0.0015462713556193609,0.000717049361726913,3.9390967261263205e-05,4.028295756192403e-05,1.8252925272009923e-07,6.97971672125186e-06,1.0205471798052682e-06,5.636873560666595e-09,1.4159345690945175e-08,9.355051887238208e-07,0.002949377247864056
23,0.00011895422393189687,1.138035202516713e-05,3.083539973850149e-05,4.35599829079228e-07,0.13419350782637235,0.013621681702261784,1.7581925379279795e-06,1.3233647107875295e-09,0.8475078557066086,2.7192949310099977e-09,1.0988225563085318e-06,2.1304850444533276e-08,1.3764693291929839e-05,1.8063809057737047e-07,0.0013704052333859676,0.0007584618805336938,2.234713223188249e-05,1.7706511340292136e-05,1.6630803644840956e-07,7.069139642995599e-06,8.457911198105556e-07,3.913109277861468e-09,1.5229513327001167e-08,8.83201097377407e-07,0.0023206171552346525
24,0.00014146736696263337,1.8080987945807316e-05,2.886270730157268e-05,6.457851522682595e-07,0.14291063532804704,0.014196334468441084,1.8430650802836632e-06,1.4934389140198997e-09,0.83841521894884,3.987839728503485e-09,1.1235918377175e-06,2.4549316068737142e-08,1.4687338952321765e-05,2.745026002007096e-07,0.0010632383197051291,0.0008547172974957759,2.4454594510389394e-05,1.9713394135667953e-05,1.8812759448275815e-07,9.689629533697439e-06,8.38879317142582e-07,3.989586926941873e-09,2.0274226254002565e-08,1.0937746560814606e-06,0.0022968375974828387
25,8.821276028434801e-05,1.4954982565768856e-05,3.432791430419339e-05,1.0626130463517483e-06,0.211106990404411,0.01850755102363677,3.1925798078636596e-06,5.229110280208236e-09,0.7651376855042863,3.793623932835159e-09,5.198204355538218e-06,3.43436939827562e-08,1.268619261615186e-05,4.734636174797915e-07,0.001924585356628264,0.0014470310595103527,3.0171168459630532e-05,1.7872632203497073e-05,2.7587373989373666e-07,1.1694531080276603e-05,1.0993179562818239e-06,8.33600797448161e-09,4.630693797760625e-08,1.8103076923099971e-06,0.0016530261004236704
26,2.3203495682527557e-05,2.1313819268940744e-05,1.033907016794229e-05,4.4122815327672885e-07,0.31187638273152335,0.0036118674847105754,1.0658858251010413e-05,5.703795377278076e-09,0.6231294416504612,4.701906413086777e-09,1.4597472215739216e-06,6.966906084404223e-08,4.639582308320765e-06,5.893667674205062e-07,0.04839403924452417,0.0034303968577257624,2.1364718851460058e-05,6.734295286207764e-06,9.36408669272801e-08,1.0171004833792435e-05,1.126267116467273e-06,4.070762112864229e-08,1.5542187666305158e-08,7.75077515446513e-08,0.009445523103956206
27,0.00010101730489269098,1.0634302313115046e-05,2.8487405505585474e-05,4.6190791333740545e-07,0.11154028780045955,0.01374915064325807,1.6467608877103463e-06,1.6823085797079275e-09,0.869844522759301,2.62919449431874e-09,1.3610784813977323e-06,2.19696136502347e-08,1.1644538921323421e-05,1.8140411961101575e-07,0.0017812774673591936,0.0008719827075647965,2.335345059935791e-05,1.890144297220779e-05,1.9675238967327573e-07,6.430571609705396e-06,9.006404150236988e-07,6.051279176152294e-09,1.463184520687761e-08,9.069834470175557e-07,0.00200660711334849
28,0.00011895422393189687,1.138035202516713e-05,3.083539973850149e-05,4.35599829079228e-07,0.13419350782637235,0.013621681702261784,1.7581925379279795e-06,1.3233647107875295e-09,0.8475078557066086,2.7192949310099977e-09,1.0988225563085318e-06,2.1304850444533276e-08,1.3764693291929839e-05,1.8063809057737047e-07,0.0013704052333859676,0.0007584618805336938,2.234713223188249e-05,1.7706511340292136e-05,1.6630803644840956e-07,7.069139642995599e-06,8.457911198105556e-07,3.913109277861468e-09,1.5229513327001167e-08,8.83201097377407e-07,0.0023206171552346525
29,0.00011895422393189687,1.138035202516713e-05,3.083539973850149e-05,4.35599829079228e-07,0.13419350782637235,0.013621681702261784,1.7581925379279795e-06,1.3233647107875295e-09,0.8475078557066086,2.7192949310099977e-09,1.0988225563085318e-06,2.1304850444533276e-08,1.3764693291929839e-05,1.8063809057737047e-07,0.0013704052333859676,0.0007584618805336938,2.234713223188249e-05,1.7706511340292136e-05,1.6630803644840956e-07,7.069139642995599e-06,8.457911198105556e-07,3.913109277861468e-09,1.5229513327001167e-08,8.83201097377407e-07,0.0023206171552346525
30,0.00011895422393189687,1.138035202516713e-05,3.083539973850149e-05,4.35599829079228e-07,0.13419350782637235,0.013621681702261784,1.7581925379279795e-06,1.3233647107875295e-09,0.8475078557066086,2.7192949310099977e-09,1.0988225563085318e-06,2.1304850444533276e-08,1.3764693291929839e-05,1.8063809057737047e-07,0.0013704052333859676,0.0007584618805336938,2.234713223188249e-05,1.7706511340292136e-05,1.6630803644840956e-07,7.069139642995599e-06,8.457911198105556e-07,3.913109277861468e-09,1.5229513327001167e-08,8.83201097377407e-07,0.0023206171552346525
31,0.00030827872777028023,1.6792460927489242e-05,5.9468183247158476e-05,5.50620714309697e-07,0.15114251146628388,0.014176374549950294,2.513307382439369e-06,2.383060336189249e-09,0.8292148305857151,4.990752488404541e-09,1.1454097294801215e-06,2.6905865253795307e-08,1.8080014161339557e-05,2.3958584023102764e-07,0.0011926233163868287,0.0007365842779622188,2.6218795993873488e-05,3.1235435145492916e-05,2.3801686252970395e-07,9.274638234939767e-06,8.609557920717951e-07,3.941378470960946e-09,1.9674386789878147e-08,1.1716153923323572e-06,0.0030609501410645517
32,0.00012721328988309603,1.2120391826285853e-05,3.043413083733411e-05,3.973172225817937e-07,0.12928927846366797,0.013629755043232937,1.7258981461871281e-06,1.3515646410537882e-09,0.852548515647819,2.752999610694561e-09,1.098236655723997e-06,2.12749560217758e-08,1.3617079204379626e-05,1.7217229817179775e-07,0.0013822611584746426,0.0007296100458639637,2.156445236419745e-05,1.7334063556102323e-05,1.9907972638385333e-07,6.673087258513564e-06,8.247721505705967e-07,3.999248759785865e-09,1.455231059931862e-08,9.219278006474373e-07,0.0021862398109317423
33,8.907184926513042e-05,1.867135103696383e-05,2.544217805457741e-05,1.5157796924447209e-06,0.20591786626511524,0.02975786983380061,2.215867543424981e-06,5.265578749093489e-09,0.7588644860003957,7.372503161447773e-09,4.200765887549713e-06,4.239611324085339e-08,4.0657718748850354e-05,7.645068867686895e-07,0.0010977008467679844,0.0022527101089296338,0.00011228768257741984,2.7209141052440303e-05,5.268784502725306e-07,2.6485860638172604e-05,2.192976936234372e-06,1.6498257247038002e-08,8.240190602401091e-08,3.205296124521465e-06,0.0017547651577376863
34,0.00016167328264417478,8.74429462657296e-06,2.4847692664207856e-05,1.0661554158521387e-07,0.05662691422623324,0.008663453190459159,7.105192805819129e-07,7.79631397294827e-10,0.9326452672169201,8.586776166663994e-10,6.192489844489287e-07,1.3139333460999195e-08,8.76001353617847e-06,5.108505768050065e-08,0.0007736091540570933,0.000303547675315277,7.496873571158055e-06,9.853899503871546e-06,3.2667938706374453e-07,1.910624122396928e-06,3.662531026952719e-07,1.8063138523754135e-09,3.3568840241444493e-09,7.499000392044509e-07,0.0007609716141131456
35,0.00021401649813488862,8.500600161619227e-06,3.312988496409381e-05,3.3113763747846836e-07,0.08110966962003721,0.00887737256392407,1.497771084159461e-06,1.1756564294372528e-09,0.9062502453629211,2.518496978316962e-09,5.865793345233083e-07,1.9767192520591905e-08,1.2639386334893705e-05,1.0536161976508354e-07,0.0008470946268387046,0.0005322438072602099,1.8527697626879283e-05,3.326950564198542e-05,1.5014615754189723e-07,4.330051827731451e-06,7.565128898020835e-07,3.53006282692368e-09,6.870444038269001e-09,7.531749085024438e-07,0.0020547458488420845
36,0.00010506267842736103,9.10586538181499e-06,2.7624857795208998e-05,3.749821497143805e-07,0.09994032077118976,0.0060303730786766775,2.7080880216426977e-06,3.741606665521437e-09,0.8879280543605325,2.0491272652209954e-09,1.0986925549459972e-06,6.295079047177349e-08,2.501241666481263e-05,1.7064456239194144e-07,0.002475980069178921,0.0013782941712439224,2.303504439578563e-05,1.3963911102999627e-05,2.576635509142123e-07,6.856908509727462e-06,8.072781130218038e-07,8.689467227878826e-09,8.523403522763477e-09,5.566647729862288e-07,0.002030255898779575
37,0.0003132000795232891,1.679385902082182e-05,5.429609496250777e-05,6.653827324927349e-07,0.12283600865017319,0.014049539717525941,2.090136226296663e-06,1.2384041146278974e-09,0.8587470401202911,5.388799030610355e-09,1.0134452831248725e-06,2.5824206802528076e-08,1.841113553657094e-05,1.932661219455994e-07,0.0006041756090540948,0.0005399835900484787,2.5285269668269556e-05,3.638970633129593e-05,2.0890709440202135e-07,9.1317475010994e-06,8.803261808727304e-07,3.3002664356486653e-09,2.4440630171302188e-08,1.9371487040525746e-06,0.00274269561571327
38,0.00015571561448015408,9.787695891083522e-06,3.802752924423386e-05,1.7125776303162058e-07,0.10735138354025064,0.017688057248927302,1.5996092426925453e-06,8.495666160559538e-10,0.8707677061220428,2.4990344734857325e-09,6.667646352567257e-07,1.2268498242398366e-08,8.829973434675943e-06,9.266124297585767e-08,0.0014440257883332156,0.0006954151433189025,7.392628872773553e-06,1.1865442321056592e-05,2.1812849692440478e-07,3.2273613122181204e-06,4.233830725191366e-07,1.5622912613948213e-09,6.3530970456598894e-09,7.203671014885763e-07,0.0018146502075285693
39,0.00011671660908123498,1.0391025767529934e-05,3.262136609629711e-05,4.367146995384791e-07,0.13077938727475716,0.014852680856792356,1.7197541239334457e-06,1.3937296428529945e-09,0.8495867450771123,2.7871804545460436e-09,1.0923995879526914e-06,2.0910231724516117e-08,1.4847915586730346e-05,1.7101105176490667e-07,0.0014191688447710543,0.0008161178068974119,2.4021674573532185e-05,1.8427231453270085e-05,1.7232298162233627e-07,7.2653333408767595e-06,9.275077439333514e-07,4.0494971001312e-09,1.504551475978332e-08,9.095327944561028e-07,0.002316135554633231
40,0.00012288463939475003,1.0195973791246381e-05,4.068891532691969e-05,2.132223929828969e-07,0.14306080815997638,0.011762248163505027,2.0943889960396574e-06,1.1543546218010282e-09,0.8392471400988033,1.904168397130202e-09,9.772517003324728e-07,2.2867251716627986e-08,1.2696517571548577e-05,1.4206778178273544e-07,0.002244887909075959,0.000556005164672755,1.3754545631744906e-05,1.119401743372187e-05,1.589512622927435e-07,4.512998301648402e-06,6.2439727595015e-07,3.1078144233151055e-09,1.0374722360830774e-08,5.490107161358111e-07,0.002908184198077724
41,0.0003072499660529344,0.00011126485566545411,7.365732841090897e-05,4.238434370122045e-05,0.17756911337964124,0.22305362339518842,4.276621891515321e-06,2.1125973037595486e-08,0.5684276296527254,3.4609817326103147e-07,6.142485742450125e-05,2.41680765861844e-07,6.6585116178105e-05,1.5623967826084536e-05,0.0032123789689070194,0.004599869511359177,0.0037027571219310396,0.0007597325414223085,4.3447552847702455e-06,0.00027724456687495133,6.688511370888723e-05,1.5741924536208533e-06,7.859816597725158e-06,8.190472458467662e-05,0.017552006297258
42,8.392627151717052e-05,8.502616456531866e-06,3.5448805106601724e-05,5.69789772594713e-07,0.07839280039598112,0.01780894729318207,1.6841262624692843e-06,4.1168969879465996e-09,0.8972199270161602,3.960747781290927e-09,1.5825753769743116e-06,3.109102625642321e-08,1.8658791604281033e-05,1.3964058754740797e-07,0.0027103260856612393,0.0022216203943665,2.9551583618102273e-05,1.986689537315245e-05,4.3004312713474306e-07,9.393377947956729e-06,1.4296923081711622e-06,1.137045963518755e-08,1.463221686368605e-08,1.3497386355932918e-06,0.0014337796956071164
43,0.00013207119039046407,1.168663076729313e-05,3.290174426284996e-05,4.1385189120429434e-07,0.13835861196064886,0.011331067471216295,1.8115290681067072e-06,1.226055338575535e-09,0.8458081413232597,1.898047161196323e-09,1.25989313094201e-06,2.4663113015654317e-08,1.3009472792896452e-05,1.772073120235268e-07,0.0013103740593814056,0.0006047943629298143,1.8594235652891964e-05,1.4635289634103052e-05,1.5098551255350408e-07,5.882386727794467e-06,6.311453876816712e-07,3.1691322312034614e-09,1.4582832668792039e-08,8.431452314966102e-07,0.0023528965756214313
44,0.00011895422393189687,1.138035202516713e-05,3.083539973850149e-05,4.35599829079228e-07,0.13419350782637235,0.013621681702261784,1.7581925379279795e-06,1.3233647107875295e-09,0.8475078557066086,2.7192949310099977e-09,1.0988225563085318e-06,2.1304850444533276e-08,1.3764693291929839e-05,1.8063809057737047e-07,0.0013704052333859676,0.0007584618805336938,2.234713223188249e-05,1.7706511340292136e-05,1.6630803644840956e-07,7.069139642995599e-06,8.457911198105556e-07,3.913109277861468e-09,1.5229513327001167e-08,8.83201097377407e-07,0.0023206171552346525
45,0.00012092005631211556,1.1605240762319127e-05,3.064378598755207e-05,4.3869124924620055e-07,0.1359150986665152,0.013579354135555893,1.7522968714163075e-06,1.2858493626774313e-09,0.8458468171506258,2.74438394906471e-09,1.084232409000257e-06,2.1366689271193492e-08,1.3930554962999392e-05,1.8439671574722306e-07,0.0013254983838712799,0.0007391874834874457,2.2824817175945598e-05,1.789592078827494e-05,1.643656885759387e-07,7.155413779225195e-06,8.573172925035423e-07,3.879719095288649e-09,1.55721351916831e-08,8.880356151213123e-07,0.0023636542055574233
46,0.0001151857450292244,1.0977631445899642e-05,3.401049572358478e-05,6.009626664909687e-07,0.13399009519752944,0.016975841538740852,1.686310635308607e-06,1.6576606404779046e-09,0.8438965758714245,2.9905230140796785e-09,1.4224685746957963e-06,2.4995266314133844e-08,1.8878904834828e-05,2.1649865521935457e-07,0.0014540639832798705,0.0008952840992860265,3.798320817779055e-05,2.1245075855709112e-05,1.9493616485373298e-07,9.180619327421208e-06,1.161405036144553e-06,5.782471483477874e-09,2.1220966558508446e-08,1.1246488977153674e-06,0.002534213751826182
47,0.00014676745367609738,8.075781302996673e-06,2.8665503099510566e-05,2.6264109761313315e-07,0.08839130634919286,0.008044555099935872,1.6586305339203318e-06,1.0257424428682944e-09,0.8990447991938377,2.397565812831366e-09,4.485912234918952e-07,3.176041857931158e-08,2.4441808901744017e-05,1.0439184723468226e-07,0.0010267940063866112,0.000782659859599403,2.2283729057696816e-05,1.8740685911045657e-05,1.738450957542998e-07,5.690967192241125e-06,9.601497284105678e-07,3.8528222115789266e-09,7.003406236155025e-09,6.205099555886922e-07,0.002450944762468844
48,0.00013788104079722144,2.4269609769182393e-05,2.115416770353983e-05,4.322162465104535e-07,0.12896343725782175,0.024982563071692734,1.198095914258108e-06,1.7168270760351707e-09,0.8428180873832429,3.809413014891131e-09,1.9781352795285036e-06,1.791208044573013e-08,1.4854358502033173e-05,2.4582980542531203e-07,0.00097035806673334,0.0008366615798687941,3.412654816496411e-05,1.4565695303138106e-05,7.75927447672406e-07,7.789257445343731e-06,8.003977705273636e-07,6.058905186711056e-09,2.4478978046599577e-08,2.2193251206353164e-06,0.0011665480591665914
49,0.0001299011128648659,1.1985291909315685e-05,4.275182284353077e-05,6.091803135868263e-07,0.12418972162031626,0.015432636616061899,1.992233972252955e-06,1.426334298601086e-09,0.8551074154890294,3.3696593820727246e-09,1.286931784988751e-06,2.821900596544798e-08,1.6601187034654358e-05,2.1143442368512656e-07,0.001424947028929362,0.0007760587550587299,2.4454460828408453e-05,2.0060314484945668e-05,1.646214742676667e-07,8.201269733875377e-06,1.0364450715248274e-06,4.716458657223901e-09,2.1807039768659795e-08,1.1585432794961942e-06,0.002808746102086813
50,0.000208384653598812,2.0058385759044188e-05,4.853522048785087e-05,4.891163868826771e-07,0.3127502161116627,0.012096602940543606,7.719037918085957e-06,3.548806221590547e-09,0.6641264543590578,9.408489211435371e-09,1.5476117993257493e-06,4.862880886514843e-08,2.019248955919537e-05,4.312824147349793e-07,0.003010062300382356,0.0011759580801235644,2.9237891704601696e-05,2.391301836857956e-05,2.446388951985021e-07,1.247254498370965e-05,1.141015088918214e-06,7.066047523543068e-09,3.450963290713723e-08,8.127794072237248e-07,0.006465423360072993
51,0.00017558493414802657,3.816000733603514e-05,2.1418208042290633e-05,8.995407306939375e-07,0.0800122863885106,0.00844501127286364,1.3020433738680356e-06,1.9931422406682156e-09,0.907350260078335,2.8458460694007793e-09,1.572007997791662e-06,2.6679002940457413e-08,5.210307647056858e-06,3.659446444006332e-07,0.001593782696956134,0.0005246979812736307,2.052773584760798e-05,2.2767965539710658e-05,2.3967810163027206e-07,5.590762992910092e-06,5.305988892887195e-07,9.50966367459988e-09,1.4615158501917515e-08,8.572816918790798e-07,0.0017788789222643229
52,0.00013884989419756842,7.327705302360776e-06,2.992169565873259e-05,2.976189814490515e-07,0.10846849475255868,0.019742144264180105,1.2978207740622996e-06,1.35043071484409e-09,0.866603603434701,2.7952756904253064e-09,1.1202596652621501e-06,1.1896143093607188e-08,9.623408875133211e-06,1.5626178201358948e-07,0.0018160748446844242,0.0008260108562037785,1.9576266853024687e-05,3.346160128819333e-05,1.7118795554691377e-07,4.998999406311942e-06,6.243401831539524e-07,3.888087064250837e-09,8.439099247613387e-09,7.500892839818364e-07,0.0022954663284292117
53,7.260317999287031e-05,1.0239509623701308e-05,3.42914268814461e-05,4.803458030476223e-07,0.2510970283929594,0.00854204097500509,5.878380658283793e-06,2.65931166824333e-09,0.7326960907865416,3.2613553068208587e-09,2.0892523364000977e-06,4.597282344882559e-08,1.3735013878444746e-05,2.463116492774462e-07,0.0030116787893346712,0.001146193299485295,1.5682691566094694e-05,1.1856565776097645e-05,1.2379611656868924e-07,8.465700240655451e-06,9.584988617760393e-07,5.437424714698531e-09,2.606357653374239e-08,7.274137220589643e-07,0.003329506275075627
54,6.980879486006017e-05,4.92887212961685e-06,3.426601185252058e-05,7.538514713984834e-07,0.13224983957041003,0.021498528867363326,1.3124545874609914e-06,3.0860016921816018e-09,0.8433119082274017,1.935445761006343e-09,3.354183907039325e-06,2.0058526547804625e-08,2.7197945011933013e-05,1.4005139461406682e-07,0.0007422697143000838,0.0010913722952451844,5.603546589752576e-05,2.415434124087576e-05,2.620485909399258e-07,1.2050372104719492e-05,1.838581485782872e-06,5.817615487649449e-09,2.8402206417216333e-08,2.849963289128583e-06,0.0008670690876603098
55,0.00011184595559641288,1.9911157407974055e-05,4.197812280926816e-05,8.324621161024398e-07,0.33018414051289374,0.03467636858071298,2.8135863323494693e-06,3.533851372565348e-09,0.6263040760409319,7.57373997515155e-09,3.87266132161072e-06,1.7440586233663506e-08,1.1805428397770222e-05,5.503122512781001e-07,0.0031723387546051924,0.001366859921703805,6.409721252124119e-05,2.327620899482428e-05,2.8322977513642816e-07,1.861066979894313e-05,1.434900760256942e-06,9.288825671055788e-09,7.432632682484118e-08,1.4113003652459996e-06,0.003993380817373801
56,0.0001228629589691897,1.1497692538557695e-05,3.1933514492299825e-05,4.3835552065431465e-07,0.13225088689085845,0.013000046369399765,1.8459816529434157e-06,1.361273246129696e-09,0.850077977663771,2.6698048170921628e-09,1.1074973336993182e-06,2.4612303963253676e-08,1.6083581999094556e-05,1.8471843250858328e-07,0.0013394749123286816,0.0007299568739231957,2.2975933497271236e-05,1.7144243380284243e-05,1.7654611560162777e-07,7.172986768418505e-06,8.703142877148008e-07,4.005907033126235e-09,1.5591963022563948e-08,9.10901824384057e-07,0.0023664038216544246
57,0.00012258376397703135,1.165568869783316e-05,3.150699449023165e-05,4.5368485871068046e-07,0.12324523990751389,0.008949364717778435,2.328828594892092e-06,1.6969967217550966e-09,0.8626017152413454,3.119158327378211e-09,8.598743453846001e-07,4.506671442113788e-08,2.7944442160804432e-05,1.8164858426818028e-07,0.0013402042311323659,0.000938513376566586,2.895995414509941e-05,1.6234665035165596e-05,2.0466923490827194e-07,9.536357892900432e-06,1.1064376956516484e-06,5.617001292336827e-09,1.5588712389925555e-08,8.660402079402229e-07,0.002670468387159557
58,0.0001280631791707044,1.1072566194845642e-05,3.3992110907549545e-05,4.355323199004086e-07,0.11714825754118427,0.013516695155347272,1.7102289761180326e-06,1.2643672532597984e-09,0.8654905087603342,2.4928524505950957e-09,1.1579057810133383e-06,2.403787031385089e-08,1.537752562691389e-05,1.573289724789751e-07,0.001048066833112413,0.0006842029099866196,1.8651883548323567e-05,1.5770408872720606e-05,1.973104714049644e-07,6.404169756140634e-06,8.137973369441228e-07,3.3720208559220887e-09,1.5984306940443917e-08,1.1881294110796666e-06,0.0018772295712713922
59,0.00012325930126363266,1.086460665890545e-05,3.706317510353619e-05,4.5315650189194134e-07,0.11522838289124557,0.014129150899477916,1.680050928474662e-06,1.2879695757137052e-09,0.8667167088130197,2.5862743566741222e-09,1.1752370480473463e-06,2.2303668416968667e-08,1.4096937671933963e-05,1.4913806273505269e-07,0.0011168904893580983,0.000708610187173228,1.8427313406261197e-05,1.5840488241768105e-05,1.878005287561e-07,6.69124305596249e-06,8.443391477812609e-07,3.3975001335312877e-09,1.6246533133768346e-08,1.1926998507099757e-06,0.0018682854103096174
60,0.00011895422393189687,1.138035202516713e-05,3.083539973850149e-05,4.35599829079228e-07,0.13419350782637235,0.013621681702261784,1.7581925379279795e-06,1.3233647107875295e-09,0.8475078557066086,2.7192949310099977e-09,1.0988225563085318e-06,2.1304850444533276e-08,1.3764693291929839e-05,1.8063809057737047e-07,0.0013704052333859676,0.0007584618805336938,2.234713223188249e-05,1.7706511340292136e-05,1.6630803644840956e-07,7.069139642995599e-06,8.457911198105556e-07,3.913109277861468e-09,1.5229513327001167e-08,8.83201097377407e-07,0.0023206171552346525
61,0.0001293901590929329,1.1260777222346309e-05,3.738048511167405e-05,4.491962220805997e-07,0.11847237672287333,0.013715013110433383,1.7971435326752928e-06,1.316943194891115e-09,0.8637218415148608,2.6953122001521563e-09,1.1657172009350433e-06,2.350713597172113e-08,1.4783605207749412e-05,1.5325780164941648e-07,0.001161774842225411,0.0006918702116532062,1.893398691205985e-05,1.653614601809741e-05,1.9139095734052294e-07,6.691729397231474e-06,8.549255771546847e-07,3.541776714445288e-09,1.6319195417758514e-08,1.170016402910711e-06,0.001996317680933434
62,0.00011895422393189687,1.138035202516713e-05,3.083539973850149e-05,4.35599829079228e-07,0.13419350782637235,0.013621681702261784,1.7581925379279795e-06,1.3233647107875295e-09,0.8475078557066086,2.7192949310099977e-09,1.0988225563085318e-06,2.1304850444533276e-08,1.3764693291929839e-05,1.8063809057737047e-07,0.0013704052333859676,0.0007584618805336938,2.234713223188249e-05,1.7706511340292136e-05,1.6630803644840956e-07,7.069139642995599e-06,8.457911198105556e-07,3.913109277861468e-09,1.5229513327001167e-08,8.83201097377407e-07,0.0023206171552346525
63,0.00012555111470923243,1.3735513844197458e-05,3.017669411348289e-05,4.370031185603638e-07,0.13558359277048548,0.012806813355722967,1.7907930352300435e-06,1.2533013205628159e-09,0.8469720248728877,2.830687450986656e-09,1.0602660484263777e-06,2.2124493097947957e-08,1.3002295513484306e-05,1.892666266775077e-07,0.001357268403906594,0.0006946837322564529,2.1121456440090507e-05,1.6495314908409615e-05,1.7472214271335805e-07,6.981744759858915e-06,8.210476674576883e-07,3.882588102380563e-09,1.5716868110704664e-08,8.72153504112964e-07,0.0023531616703707965
64,0.00010840094158550749,1.146525281696826e-05,3.108120836272129e-05,4.644316262502845e-07,0.12910587304343227,0.013741172930696764,1.786068184722655e-06,1.2847641563925073e-09,0.8523077972389285,3.0318649059121678e-09,1.0146375037047155e-06,2.4131441407419507e-08,1.5908231362044795e-05,1.8708202188558306e-07,0.0013884095273933843,0.0007829443253465154,2.4725506709112726e-05,1.788934825354772e-05,1.6653416783864605e-07,7.894874599595724e-06,1.154652495612501e-06,4.510614248511952e-09,1.6759559452313255e-08,9.227351473075593e-07,0.002450691711121548
65,0.0001672492881349878,2.514006040788679e-05,7.497301968332656e-05,1.4897103600702296e-06,0.40921261337627446,0.03398980900856028,6.727605774676436e-06,5.694701598786853e-09,0.5407687476729205,2.5312938766971046e-08,2.596326795570854e-06,3.333724344324247e-08,2.0929115718204e-05,9.591100707492978e-07,0.003965698219362942,0.002079807347173359,7.7080197722959e-05,4.292809971120163e-05,2.076353258527967e-07,3.9483943260597195e-05,2.9495911489446926e-06,1.1188207774139881e-08,1.1072645694989816e-07,1.3731967372218548e-06,0.009519051215307868
66,0.00013413505039907303,8.690210930747257e-06,4.34601972333475e-05,3.643866655369913e-07,0.14422635386327876,0.01840778718317306,1.6344629271069007e-06,1.0479941161899628e-09,0.8331154309101024,3.1724486418823536e-09,9.487929351501075e-07,1.680989130382193e-08,1.8788841993693965e-05,1.2820504154090838e-07,0.0009757276911646184,0.000659374189815959,2.4980491434882268e-05,1.9817059081478205e-05,1.6798134893299882e-07,8.251926834090461e-06,1.115214079286628e-06,2.650731193893176e-09,1.7245935123631847e-08,1.1888384123733666e-06,0.0023516135761474603
67,0.00010955546146018215,1.0215692933285412e-05,4.193939576195312e-05,9.142894316990434e-07,0.16286945673562062,0.03083292499812552,1.603332711173264e-06,1.6160193763840022e-09,0.8005417446234627,4.227549952020258e-09,1.768439699707501e-06,2.3904532665675035e-08,2.7139190963582047e-05,3.5045188871952827e-07,0.0012181892956628494,0.0011292660326890087,4.807911243063667e-05,2.5797801780338713e-05,1.6642482179801967e-07,1.4947977505017201e-05,1.5399952693459521e-06,4.6597503719825745e-09,3.8325608930613813e-08,1.6640801669767195e-06,0.0031226639341535947
68,0.00027036734701368757,1.1583696876761992e-05,7.850910254402898e-05,1.0432554106808841e-06,0.06873158750077775,0.012857245424778322,1.397485557500766e-06,9.790869951167827e-10,0.9149376856277764,4.002222496318871e-09,7.442970269267138e-07,3.0896666681744336e-08,1.8689362805233705e-05,1.5977145670442912e-07,0.00033369990512645975,0.0005346421207549254,2.3196046168210974e-05,3.539585574917887e-05,1.1662831961105633e-07,8.3064392022268e-06,1.6912254156871557e-06,3.0851730345897515e-09,2.4055147655766902e-08,2.2573805123227422e-06,0.002151618508430337
69,0.00010952621243710013,1.197451233526939e-05,3.294823702669274e-05,5.000814794853897e-07,0.14051152727377117,0.01471599667033767,1.8598164969709842e-06,1.4952883342884634e-09,0.8401529844417729,2.8525648737400644e-09,1.3424949428237378e-06,2.285030034859636e-08,1.3829309173826688e-05,1.9154561949979892e-07,0.0014183280414722572,0.0008175076601258147,2.1819095604505868e-05,1.60778900607406e-05,1.8068331200793643e-07,7.84468083830124e-06,9.281125480265451e-07,4.035398630440313e-09,1.914417113694829e-08,1.0599366933361889e-06,0.002163522926228377
70,0.00010910474516778694,1.2037328154948964e-05,2.763247641724201e-05,4.0767621056683553e-07,0.13813441018985403,0.015080417166408398,1.6296760666129705e-06,1.20879860556029e-09,0.8425313459680591,2.6081357198422968e-09,1.2466620670949803e-06,1.932763700536278e-08,1.2539518166850093e-05,1.7508590700556778e-07,0.001308600646048581,0.0007023379850482288,2.1776699549115202e-05,1.578716401483476e-05,1.9674831237427586e-07,6.597274030645975e-06,8.85697080639747e-07,3.897806962824322e-09,1.7133954106304374e-08,1.031930788242863e-06,0.0020317951863152613
71,0.00011428433388501118,1.3327705331098747e-05,2.8290086215087175e-05,4.58184011690193e-07,0.15765708025280845,0.011975144078650064,1.9420551667120174e-06,1.327962558652475e-09,0.8256942555691228,3.1265586626088315e-09,9.694678162119784e-07,2.3486346259704372e-08,1.5534284039015433e-05,1.9945597808711793e-07,0.0012300739869440327,0.0008060727194122859,2.2223674377672788e-05,1.5557318906209312e-05,1.5680198852428093e-07,9.28100031329579e-06,8.765752062366956e-07,3.4331629301237245e-09,1.7607973440036054e-08,8.628997330833178e-07,0.0024133605680905913
