,0,1,2,3,4,5,6,7,8,9,10,11,12,13,14,15,16,17,18,19,20,21,22,23,24
0,3.589749141490286e-06,0.0011260060070208415,1.4111683758302103e-07,1.4473335764590617e-05,0.006967264813046583,0.0005909167682942094,3.581623221067785e-05,7.318935981635577e-08,0.9910108598861805,8.898768346344988e-06,4.792676923940541e-06,7.082970182786418e-09,6.758707826016155e-07,5.05259238855591e-05,1.2520648336820542e-05,9.117426704010226e-05,2.197373882874104e-06,9.998118859724139e-09,4.072782886536815e-07,1.694689899757885e-08,2.5452928523175836e-08,8.956666514887345e-08,4.0750473476618726e-05,5.432236221259884e-07,3.822334997625244e-05
1,2.9604151665682564e-06,0.0007177880027847328,1.1135558772697932e-07,1.1693350629469759e-05,0.005348950295762217,0.0003961914231000209,2.617827569004051e-05,6.665314103750186e-08,0.9933025214359388,9.421111172884355e-06,3.4683375857225472e-06,4.0605786653562e-09,5.675384991040538e-07,2.8713450506333367e-05,7.560807021928584e-06,0.00010037442662490341,1.5401055007951091e-06,6.550928868874428e-09,3.5492132439590234e-07,1.242135404030426e-08,1.4021381997664894e-08,6.036132252750663e-08,2.2102268989451677e-05,4.502528918786865e-07,1.8888156516005332e-05
2,6.895907449988097e-06,0.0028188703782486384,2.826917088470108e-07,4.281703235578355e-05,0.007421387001460104,0.0017332253689905624,5.098118090803115e-05,1.1127369341252285e-07,0.9875198370252303,1.120982200951455e-05,1.3382278035474743e-05,2.4677277596327228e-08,2.1568640008732976e-06,7.504286409089313e-05,1.5975072500811614e-05,0.00020170164709404034,8.600402675453707e-06,1.9919443530925645e-08,5.556522732246886e-07,1.3355110359370268e-08,6.091673955458134e-08,8.429817399189203e-08,4.8695875527389615e-05,8.499149984013794e-07,2.7218580003240988e-05
3,3.5822404872480136e-06,0.0011229833109527745,1.4510683365865132e-07,1.4604189328166713e-05,0.006961621207125385,0.0006348568878559826,3.728212561460502e-05,7.587947830830844e-08,0.9909638020737597,9.415218600238118e-06,4.843562850767872e-06,7.335275773500349e-09,6.960154231464122e-07,5.20628752003327e-05,1.2989391720430924e-05,9.646452045598331e-05,2.245564538138044e-06,1.0260961938180779e-08,4.3303819748484493e-07,1.852042725740932e-08,2.680132014383399e-08,9.464706338034083e-08,4.229502679610587e-05,5.55595488501731e-07,3.888860424446187e-05
4,3.6427277062435006e-06,0.0013267848697161035,1.3944633848024314e-07,1.575289230499621e-05,0.007389813515388778,0.0006425255227195248,3.582514859562514e-05,7.280984865426015e-08,0.9903201274141046,8.578358506903268e-06,5.7270463158908304e-06,9.436956218078088e-09,9.014502284946824e-07,5.832575846567237e-05,1.1539383534443466e-05,9.235314472424045e-05,2.5332981255479446e-06,1.1233848491755077e-08,4.3225518339388226e-07,1.8361711183343345e-08,2.8325258017053817e-08,8.829386734998467e-08,4.542473328695133e-05,5.444763006752712e-07,3.88000969633795e-05
5,4.399350306659405e-06,0.0007975469022574854,1.3508575933020716e-07,1.8195793920905093e-05,0.005823416530222705,0.0005063062522457796,3.846905475156428e-05,8.241805017456217e-08,0.9925279545784004,1.1298232668993629e-05,4.3449878581906e-06,7.770996278872668e-09,6.747696507813374e-07,5.6554900687467345e-05,9.662135751454308e-06,0.00010653654046880904,2.492548371494176e-06,1.8494358524755233e-08,3.070201591466404e-07,2.4312638400965238e-08,2.5862898442126636e-08,8.82511550791162e-08,4.429527975727117e-05,7.299849746428469e-07,4.643294168998833e-05
6,3.5822404872480136e-06,0.0011229833109527745,1.4510683365865132e-07,1.4604189328166713e-05,0.006961621207125385,0.0006348568878559826,3.728212561460502e-05,7.587947830830844e-08,0.9909638020737597,9.415218600238118e-06,4.843562850767872e-06,7.335275773500349e-09,6.960154231464122e-07,5.20628752003327e-05,1.2989391720430924e-05,9.646452045598331e-05,2.245564538138044e-06,1.0260961938180779e-08,4.3303819748484493e-07,1.852042725740932e-08,2.680132014383399e-08,9.464706338034083e-08,4.229502679610587e-05,5.55595488501731e-07,3.888860424446187e-05
7,8.58918131983916e-06,0.002829315175500946,5.215467135178649e-07,2.1173301330434456e-05,0.010131949826493717,0.0008333153538088685,5.676509776844789e-05,2.0797816837240887e-07,0.9858798465047922,1.0023485049439403e-05,1.0468052578873733e-05,1.3479923101893493e-08,2.902625056951183e-06,4.0610560920741074e-05,1.7209438349401686e-05,0.00010136841581882041,3.3147950764775715e-06,1.1946587187658039e-08,1.2974894696046795e-06,2.053089658982941e-08,3.967367423472311e-08,1.2923437694294613e-07,2.7948032609331353e-05,6.667145389692305e-07,2.229155917712334e-05
8,2.4268643725642535e-06,0.0004671589436177861,1.0590305053062763e-07,1.1295975608470671e-05,0.004756050082139311,0.00020160798847990917,2.3556985192021726e-05,3.0489177129322796e-08,0.9943385548321332,1.1007434389759656e-05,3.391740399373713e-06,1.7194721006809513e-09,1.5964898617511663e-07,4.8699577807992454e-05,1.6096380740872196e-05,3.574215021238569e-05,8.05077648628908e-07,6.553562127786948e-09,1.238498925543765e-07,1.172842776889055e-08,1.5596805989056323e-08,8.971715890637005e-08,2.7251296284785894e-05,1.4097414876845693e-06,5.4399722952175195e-05
9,3.218084466486546e-06,0.0005423970464515029,2.2083672140351003e-07,2.1073049104571266e-05,0.005406829143934744,0.0004966416503467147,2.1042178132097888e-05,7.236826799125408e-08,0.9932673244933341,1.4108755055017751e-05,5.143084862646728e-06,3.4403170479094402e-09,4.919647985248195e-07,5.5118172473488524e-05,1.3893894670238644e-05,8.466743278866261e-05,1.8734833769285465e-06,8.585793291664758e-09,2.6554731254444666e-07,2.315259245707112e-08,2.3425688668119446e-08,9.961326694704544e-08,3.854896146283403e-05,1.4516231309180866e-06,2.5460011650376546e-05
10,3.5822404872480136e-06,0.0011229833109527745,1.4510683365865132e-07,1.4604189328166713e-05,0.006961621207125385,0.0006348568878559826,3.728212561460502e-05,7.587947830830844e-08,0.9909638020737597,9.415218600238118e-06,4.843562850767872e-06,7.335275773500349e-09,6.960154231464122e-07,5.20628752003327e-05,1.2989391720430924e-05,9.646452045598331e-05,2.245564538138044e-06,1.0260961938180779e-08,4.3303819748484493e-07,1.852042725740932e-08,2.680132014383399e-08,9.464706338034083e-08,4.229502679610587e-05,5.55595488501731e-07,3.888860424446187e-05
11,3.6051685862720704e-06,0.0011935822440558629,1.4961011400711327e-07,1.5490682588990433e-05,0.0068734105137496235,0.0006632745691742558,3.862249179783937e-05,8.480231404412929e-08,0.9909499130528452,9.248884201795144e-06,5.0376511084670186e-06,8.315653579400164e-09,8.477461970042418e-07,5.2259032772914464e-05,1.2248433739188699e-05,0.00010003375122555605,2.482892698529413e-06,1.0633665237230412e-08,4.6623204148066584e-07,1.9430117335190704e-08,2.711451201081942e-08,9.545839249074437e-08,4.238165511958611e-05,5.2877259619704e-07,3.6170860732562455e-05
12,3.2444056641064636e-06,0.002112098184801492,9.440026631711369e-08,1.4765189430108367e-05,0.02727465185315121,0.0006525708036453718,4.528376459167371e-05,2.905934536603626e-08,0.9693189708901494,5.0930403544248555e-06,5.599258024294515e-06,1.808102061735299e-08,6.063753169667487e-07,0.0001907436551058596,1.2122263940958926e-05,4.989691158103573e-05,1.105285073623695e-06,3.191601717308748e-08,2.1423736728157458e-07,3.764309840095906e-08,4.4968838875227834e-08,5.090329499139755e-08,0.00011642072914337266,3.7401750436026e-07,0.00019593216327261942
13,3.6408311263244106e-06,0.0011709070462641998,1.4684006339773806e-07,1.5118162309908127e-05,0.00722859142139531,0.0006387015523433027,3.65858578521391e-05,7.463537407265638e-08,0.9906424405118355,9.071412408616104e-06,5.388067029725593e-06,7.584476178901258e-09,7.28394799093066e-07,5.330772894928728e-05,1.3657832928362062e-05,9.571989251681147e-05,2.276008118578186e-06,1.0087800311541287e-08,4.378129595206486e-07,1.7953041182920628e-08,2.775288397599428e-08,9.266688242370878e-08,4.429343501355389e-05,5.784074107492281e-07,3.8178104217614464e-05
14,5.202247173109811e-06,0.0025538928320195907,1.97890514767332e-07,1.5409775119487307e-05,0.011706154424708692,0.0012218100524598883,5.3704498092052425e-05,9.369814457174527e-08,0.9840865791919313,1.1300417778542948e-05,9.112087573216752e-06,1.742645849347216e-08,1.4970865885914355e-06,7.634229492549187e-05,1.7368812998182055e-05,0.00014064385735022562,2.7268729575554704e-06,1.351590979950199e-08,1.079756453339016e-06,2.5916554071237605e-08,5.0069486698610004e-08,1.2229958965645873e-07,5.37000892299344e-05,5.073980766104126e-07,4.244748790607806e-05
15,3.5822404872480136e-06,0.0011229833109527745,1.4510683365865132e-07,1.4604189328166713e-05,0.006961621207125385,0.0006348568878559826,3.728212561460502e-05,7.587947830830844e-08,0.9909638020737597,9.415218600238118e-06,4.843562850767872e-06,7.335275773500349e-09,6.960154231464122e-07,5.20628752003327e-05,1.2989391720430924e-05,9.646452045598331e-05,2.245564538138044e-06,1.0260961938180779e-08,4.3303819748484493e-07,1.852042725740932e-08,2.680132014383399e-08,9.464706338034083e-08,4.229502679610587e-05,5.55595488501731e-07,3.888860424446187e-05
16,5.7484595347476955e-06,0.0012450934969049385,1.3893583777996402e-07,2.4878760942472602e-05,0.007924671840542446,0.0008783682152087491,6.489644385485272e-05,8.433455955984289e-08,0.9893083926752223,2.53114886905672e-05,6.4484885256738985e-06,1.85202993085494e-08,7.082637829775497e-07,0.0001249638596223491,1.5233962586133582e-05,0.00017372151483134905,3.6282144549387873e-06,4.115318429022447e-08,4.2505953553856777e-07,4.311231719274045e-08,9.594490928352792e-08,1.6155493572419464e-07,8.093694121685073e-05,9.142379423383112e-07,0.00011507452055745802
17,6.76110439472221e-06,0.0016560065305226653,1.217142620612904e-07,1.5121185159822038e-05,0.007160722439805657,0.0005482300277970247,4.5448129281917544e-05,1.1577981841501444e-07,0.9901562230509597,8.89590934504735e-06,4.763291383341814e-06,2.5959970551773202e-08,1.1955647295759575e-06,9.38798023705559e-05,7.852904686500183e-06,9.122631911413592e-05,4.446519239619691e-06,3.777024905736941e-08,5.621134013396448e-07,3.5835788249255495e-08,4.937007882882235e-08,1.4713454206767053e-07,8.960329014018656e-05,4.1748466509893894e-07,0.00010811076829370273
18,4.596901304054594e-06,0.0011832788858071738,4.7765906961195256e-08,6.894871556808511e-06,0.0028909684137994798,0.00040790699078860717,3.647315568696148e-05,5.336795548023066e-08,0.9951334026602235,8.916903765266667e-06,2.978445093118438e-06,1.3799921801902419e-08,5.173485168951507e-07,6.902319351752334e-05,6.478898820466019e-06,6.033324702576204e-05,3.6502553602331686e-06,2.5229451155481366e-08,2.8258179852005445e-07,2.1431350064712418e-08,2.5627818960319542e-08,1.3920764712282465e-07,6.044050488523026e-05,3.8764756162071506e-07,0.00012314266443728196
19,3.2409447442333795e-06,0.001234417508253174,1.7753831897564352e-07,1.685023998409903e-05,0.009091511664356344,0.0005297981445419785,4.299362197324851e-05,1.0623050774579816e-07,0.9888524789131301,7.603987463543397e-06,4.359450536605682e-06,9.010340558473998e-09,9.583915009606979e-07,4.838646005723795e-05,1.181287849436714e-05,8.601232938260878e-05,2.074069386551076e-06,1.0075667147274577e-08,4.740725089668095e-07,1.9900802343827962e-08,2.528146233651648e-08,9.831540511064683e-08,3.363975038001838e-05,4.3663417175759977e-07,3.250458662993004e-05
20,2.9195783669568356e-06,0.0013050742197999734,2.1174655182539563e-07,1.8833665981501145e-05,0.008633655870154558,0.0008246207846110343,6.777312992272837e-05,1.3827053154696266e-07,0.9888057760702486,1.0173575813781626e-05,8.373954487720337e-06,6.5425642028750485e-09,7.416793660042784e-07,5.5340511824815015e-05,5.105849539292805e-05,0.00010185231159704618,2.0495578235438407e-06,5.856491755432171e-09,7.181111652852585e-07,2.2023660730255936e-08,5.5617323408442346e-08,2.1060844310491572e-07,6.83382605790225e-05,7.695673567646125e-07,4.127998994119969e-05
21,5.756327409362537e-06,0.0016691991925396692,1.5981540627154772e-07,1.7732446780478024e-05,0.011860957229551484,0.0006107740687294062,3.057685695638291e-05,5.961880353690423e-08,0.9854620570780673,1.4964085592300023e-05,7.769392841954272e-06,1.5072279404660115e-08,8.359225165368123e-07,8.469052483224294e-05,1.0482796541631091e-05,0.00011910654080906178,2.2456199009900772e-06,2.11638644337895e-08,4.97641422291722e-07,2.318330762024384e-08,5.235036978287734e-08,9.227178950668526e-08,4.683477203622082e-05,7.304133381809341e-07,5.4365614313940515e-05
22,5.7488540525663185e-06,0.0010511571947815015,2.2483159112490267e-07,2.625339430997686e-05,0.006358805933100376,0.0007958609020620797,3.41092872719296e-05,9.520618119060095e-08,0.9913852739955104,1.6320671572903523e-05,7.845534446642844e-06,1.0176310772404315e-08,8.677132727087509e-07,6.591413470660338e-05,1.43999856198214e-05,0.00014786720101369328,4.153341565000929e-06,1.810244705943997e-08,4.363745228953378e-07,2.3709246316226208e-08,4.314784192865363e-08,1.1252442707732881e-07,4.7676501885324e-05,1.089228873806394e-06,3.569205338650533e-05
23,3.5822404872480136e-06,0.0011229833109527745,1.4510683365865132e-07,1.4604189328166713e-05,0.006961621207125385,0.0006348568878559826,3.728212561460502e-05,7.587947830830844e-08,0.9909638020737597,9.415218600238118e-06,4.843562850767872e-06,7.335275773500349e-09,6.960154231464122e-07,5.20628752003327e-05,1.2989391720430924e-05,9.646452045598331e-05,2.245564538138044e-06,1.0260961938180779e-08,4.3303819748484493e-07,1.852042725740932e-08,2.680132014383399e-08,9.464706338034083e-08,4.229502679610587e-05,5.55595488501731e-07,3.888860424446187e-05
24,3.407574632168234e-06,0.0011336775856719162,1.3820072394756502e-07,2.119989973810057e-05,0.011382292870605513,0.0005520185084566119,3.304190292059256e-05,7.63635825676274e-08,0.9865703845803491,8.351884978236977e-06,5.798614865845245e-06,1.0701777737702291e-08,9.45214218850223e-07,7.11039401945308e-05,1.0228416637763497e-05,0.0001186163444331321,2.122675560161018e-06,1.3293688048366223e-08,3.9567039132538367e-07,2.061357202138222e-08,2.8341743858981784e-08,7.0647220498913e-08,4.907043237168922e-05,5.283360556779453e-07,3.645738561025207e-05
25,7.089058623285579e-06,0.0011891014090825633,2.4825339827893293e-07,3.3556771578714754e-05,0.01123139340706733,0.0005130261846904042,6.870044563814091e-05,2.514243227722431e-07,0.9865826852798018,1.0874270264702763e-05,9.769810845546728e-06,1.194593437147175e-08,1.7764753891331149e-06,4.7628175383263426e-05,1.8876068532245698e-05,0.0001905829056277372,2.8956847190114373e-06,1.7049246288842296e-08,8.688285423916935e-07,2.479827409320076e-08,5.078502618963159e-08,1.0797747377421302e-07,5.9131725131903376e-05,6.562141551811197e-07,3.0675051251098885e-05
26,5.222573394141536e-06,0.0019622004443103315,2.2655878917788138e-07,2.009871901353957e-05,0.011245081557289432,0.0011064871340262128,6.49888473101155e-05,1.158889987464367e-07,0.9851904860047141,1.5633360483405276e-05,7.232909936905575e-06,1.5192531630853207e-08,1.1334514183315393e-06,8.310048762491541e-05,2.1120509997557763e-05,0.0001628315207546525,2.907593564409139e-06,1.6872672467290564e-08,8.912056934917614e-07,2.8883828916084304e-08,6.030658598785459e-08,1.4558680534189484e-07,5.3065541521565444e-05,5.819784239825619e-07,5.632687031064271e-05
27,1.6818263275570157e-06,0.0006152283483590567,6.889830614140433e-08,7.201933668902307e-06,0.004017291488936048,0.00036269519791878424,2.885816892040045e-05,4.286340551812991e-08,0.9947886403599312,7.153648072691394e-06,2.855342691925515e-06,2.870135294497077e-09,3.10575806521235e-07,3.5082198581895537e-05,1.2421480312705241e-05,5.352598170689012e-05,1.212217905201026e-06,4.3664631980461535e-09,2.3500919698576356e-07,1.3438556515318873e-08,1.2420457540390572e-08,9.405991901156141e-08,3.074821442239497e-05,4.855373733896619e-07,3.4133552624299024e-05
28,3.5822404872480136e-06,0.0011229833109527745,1.4510683365865132e-07,1.4604189328166713e-05,0.006961621207125385,0.0006348568878559826,3.728212561460502e-05,7.587947830830844e-08,0.9909638020737597,9.415218600238118e-06,4.843562850767872e-06,7.335275773500349e-09,6.960154231464122e-07,5.20628752003327e-05,1.2989391720430924e-05,9.646452045598331e-05,2.245564538138044e-06,1.0260961938180779e-08,4.3303819748484493e-07,1.852042725740932e-08,2.680132014383399e-08,9.464706338034083e-08,4.229502679610587e-05,5.55595488501731e-07,3.888860424446187e-05
29,3.5822404872480136e-06,0.0011229833109527745,1.4510683365865132e-07,1.4604189328166713e-05,0.006961621207125385,0.0006348568878559826,3.728212561460502e-05,7.587947830830844e-08,0.9909638020737597,9.415218600238118e-06,4.843562850767872e-06,7.335275773500349e-09,6.960154231464122e-07,5.20628752003327e-05,1.2989391720430924e-05,9.646452045598331e-05,2.245564538138044e-06,1.0260961938180779e-08,4.3303819748484493e-07,1.852042725740932e-08,2.680132014383399e-08,9.464706338034083e-08,4.229502679610587e-05,5.55595488501731e-07,3.888860424446187e-05
30,3.5822404872480136e-06,0.0011229833109527745,1.4510683365865132e-07,1.4604189328166713e-05,0.006961621207125385,0.0006348568878559826,3.728212561460502e-05,7.587947830830844e-08,0.9909638020737597,9.415218600238118e-06,4.843562850767872e-06,7.335275773500349e-09,6.960154231464122e-07,5.20628752003327e-05,1.2989391720430924e-05,9.646452045598331e-05,2.245564538138044e-06,1.0260961938180779e-08,4.3303819748484493e-07,1.852042725740932e-08,2.680132014383399e-08,9.464706338034083e-08,4.229502679610587e-05,5.55595488501731e-07,3.888860424446187e-05
31,1.0420023846779976e-05,0.0014029491059722328,3.569745328351761e-07,1.9784935360035352e-05,0.008801824945230356,0.0004975330174219699,5.0214045180598904e-05,2.486979876487588e-07,0.9889321259929097,1.1367205546440657e-05,4.3973185603356815e-06,1.3456857681490595e-08,1.5216269602623417e-06,4.868219528950045e-05,9.076294178419439e-06,0.00010621092365676192,3.330050347437487e-06,2.873090747616729e-08,9.85397348709173e-07,3.586824989622496e-08,3.7818288241108015e-08,1.4147102584141891e-07,4.5487438272361816e-05,5.279273040235112e-07,5.2698538764692753e-05
32,3.894264138877648e-06,0.0012512973611379262,1.6440522290938453e-07,1.4475144500838769e-05,0.00781803680444861,0.0006942044526541822,4.119348234864516e-05,9.214282399315626e-08,0.9898952805727195,1.0046600736282706e-05,5.295885137869087e-06,8.56445971062996e-09,8.124326932267768e-07,5.507009576639877e-05,1.4655921778048606e-05,0.00010466127442413217,2.3046514079179247e-06,1.0556117814592515e-08,6.062318807371002e-07,2.2162705862635337e-08,3.14054611110543e-08,1.1469081169493282e-07,4.673389890378868e-05,5.357408063066526e-07,4.0451256913534686e-05
33,4.148842301726034e-06,0.001214141499077035,8.499273894595717e-08,1.3726938498681391e-05,0.0027475276399708654,0.0007745778036803066,3.947320482303045e-05,1.2386874915133395e-07,0.9949161264413857,8.674860791001079e-06,3.0081144756528817e-06,2.0908394075290298e-08,2.0797295196992056e-06,5.033839237463818e-05,3.527008573038061e-06,0.0001596736865028243,8.001051193573667e-06,2.032764658593018e-08,4.5812680182531606e-07,2.1410824250253405e-08,1.4023572343659565e-08,9.681427555781987e-08,2.868992673804505e-05,2.706532783928697e-07,2.517373381321889e-05
34,5.339839066713334e-06,0.0013992702518613284,1.4961690987102603e-07,7.95855661809761e-06,0.007446639907533979,0.00030203424899701513,2.2222589117653933e-05,6.480509858601329e-08,0.9906374352569585,7.235764707281426e-06,5.880578774254436e-06,5.798949954176146e-09,6.643525823528999e-07,3.802270013930286e-05,1.0811278934074055e-05,4.546352899351859e-05,1.3869155932018208e-06,6.753584826999805e-09,7.29924538093074e-07,1.2630938406753004e-08,2.1125722406169117e-08,1.0425986308029143e-07,3.270378534819441e-05,5.388289993379093e-07,3.529670016976316e-05
35,4.740392542000933e-06,0.0010727456692307532,1.3304204730192716e-07,1.2920638477477733e-05,0.005616827269482402,0.00046467178405445,3.465639473384484e-05,8.684745881676828e-08,0.9925639900035194,9.464345758050779e-06,3.884617878837787e-06,7.91535834272976e-09,7.205713317236584e-07,4.116954310771286e-05,8.48893981645124e-06,9.276879331446188e-05,2.4779774227299115e-06,1.3152965273391e-08,4.3038639178804786e-07,1.6402399217684276e-08,2.2034705447412187e-08,8.918951131605239e-08,3.207287869807888e-05,4.7049599071680343e-07,3.7130713803379426e-05
36,3.677403277648319e-06,0.0011600317438894394,1.5229947581592628e-07,1.4837103475620452e-05,0.007421827004580942,0.0006405381107268965,3.7491573964461216e-05,7.463870521918926e-08,0.9904572125145522,9.668931117407692e-06,5.053545762334012e-06,7.316093678707749e-09,6.934520814116752e-07,5.340353265942917e-05,1.3500066792417337e-05,9.568271081854253e-05,2.1610447259957877e-06,1.035704248364104e-08,4.4462034722120997e-07,1.8749428174605706e-08,2.8164383369927415e-08,9.466547732715344e-08,4.275199259320366e-05,5.778850759498685e-07,4.0060572952681656e-05
37,9.061756825459174e-06,0.0010329497820739423,2.638007314312439e-07,2.4935891440613676e-05,0.007036482316704641,0.0004497841304219515,3.5023825200115976e-05,8.472354600312245e-08,0.9911186189638532,1.4328526979789105e-05,7.914126881312512e-06,9.008442712561878e-09,7.913962478529862e-07,6.461766401643096e-05,1.243825345425635e-05,9.621943301143516e-05,2.938886270999103e-06,2.6611073890558307e-08,3.947441048517418e-07,2.2375178503730197e-08,3.4209666907435594e-08,9.769002619554249e-08,4.0780241903809944e-05,1.5914259702037187e-06,5.05902159736768e-05
38,5.35891691845011e-06,0.0017316126205101062,3.106308529700953e-07,3.4459056811108284e-05,0.008898971083700098,0.003149241473556697,0.0001255544736972667,2.647293165794648e-07,0.9852758768459594,1.8496925809673936e-05,1.1892098609802389e-05,1.858771987015999e-08,2.3088877711935947e-06,8.257722440177928e-05,4.1696071894079376e-05,0.0004555213197059936,5.906477404809453e-06,1.6755138945980316e-08,1.7056509015831522e-06,5.2113261092986534e-08,9.166326224189054e-08,1.9753534040019937e-07,0.00011826690051451839,7.647526401486851e-07,3.883720430099288e-05
39,3.6910859582946504e-06,0.0011210225182905842,1.5225062292851845e-07,1.5983412133500398e-05,0.006998132867601705,0.0006952413754047168,4.285656304009311e-05,8.94814685037739e-08,0.9908375169161513,9.859255681167409e-06,4.8978056567348825e-06,7.935448409095217e-09,7.520047320647929e-07,5.3782070319391126e-05,1.4184680293482292e-05,0.0001079908714147432,2.4813388702946053e-06,1.1158081628765677e-08,4.735870163678244e-07,2.072045625545386e-08,3.04698224674395e-08,1.0481809048341685e-07,4.811167525638427e-05,5.506364155381185e-07,4.205450177303829e-05
40,6.139960145044909e-06,0.004001686319135235,6.160303268267185e-07,1.587621357433166e-05,0.02184272827513723,0.0014030920656117496,4.2344843285805016e-05,8.861811997109823e-08,0.9723240971797077,1.3256260355733922e-05,9.573569805118323e-06,1.875013026539568e-08,1.00790955694836e-06,0.00012182159196568629,3.616254783292157e-05,6.865489863100256e-05,2.2641546322168125e-06,1.3247245119838342e-08,1.3988482081639121e-06,3.4832319933157454e-08,7.055932810731104e-08,2.4463048170197653e-07,4.331481173152856e-05,8.455714870876212e-07,6.464831124448468e-05
41,0.00023474590523004887,0.0028517263645276235,1.5071963566677803e-06,7.647179797601641e-05,0.013013530184447486,0.004423780146240894,0.0015075079439113037,2.5029040670985203e-06,0.9636184860059587,0.00019819988347106107,0.00011143664923096358,5.67142883556852e-07,5.301487317655774e-06,0.0013272710119753123,0.0005761862903844947,0.0007911866660191895,3.903097877020188e-05,2.155689678176384e-06,5.293335060553821e-05,3.958527049148309e-06,7.508948509278442e-06,1.6277840631787294e-05,0.005106637447107486,1.3962242818340033e-05,0.006017127394832006
42,5.752978839771795e-06,0.001977461927383211,5.405532894846815e-07,1.5430620849868955e-05,0.009070233038495159,0.0009652129163979721,6.0989101026111815e-05,4.854062939776059e-07,0.9875781902038293,1.76010932677198e-05,6.373423422789044e-06,1.5430826271457137e-08,1.7294477022977661e-06,4.2579284319133985e-05,3.286754695488418e-05,0.0001539436025240944,3.6759222027063705e-06,7.27812664806109e-09,3.603287932728968e-06,3.9677515232886885e-08,7.718121380811468e-08,5.720299030713147e-07,3.838292043732706e-05,4.6985427140599197e-07,2.3765272975031942e-05
43,4.736048376361113e-06,0.0015935709771129273,1.6707303705761013e-07,1.7987854657320564e-05,0.00798878937503796,0.0006708397145878913,4.589012975055992e-05,9.242784898587065e-08,0.9893931355909824,6.814219779786014e-06,6.50442785846319e-06,1.1818063640310213e-08,1.0224807455148644e-06,5.97983864512057e-05,1.4992309354910374e-05,9.303619294268731e-05,2.9656358366093902e-06,1.3711151040780654e-08,4.969489641230142e-07,1.6868370332653897e-08,3.121675346069849e-08,9.326207014258563e-08,5.2585170431855856e-05,5.437758765157123e-07,4.5864383958260145e-05
44,3.5822404872480136e-06,0.0011229833109527745,1.4510683365865132e-07,1.4604189328166713e-05,0.006961621207125385,0.0006348568878559826,3.728212561460502e-05,7.587947830830844e-08,0.9909638020737597,9.415218600238118e-06,4.843562850767872e-06,7.335275773500349e-09,6.960154231464122e-07,5.20628752003327e-05,1.2989391720430924e-05,9.646452045598331e-05,2.245564538138044e-06,1.0260961938180779e-08,4.3303819748484493e-07,1.852042725740932e-08,2.680132014383399e-08,9.464706338034083e-08,4.229502679610587e-05,5.55595488501731e-07,3.888860424446187e-05
45,3.0745422386651916e-06,0.0009427820159511183,2.3540065218619313e-07,2.2700347999238776e-05,0.007269053858631718,0.0010489092668721392,7.384281205225354e-05,1.6734335020257184e-07,0.9902842743085561,1.1395056955045864e-05,5.838282966295368e-06,5.787020754848495e-09,9.239000332672263e-07,4.259153334263319e-05,3.1908634945960664e-05,0.0001868817882248934,2.4705705530507524e-06,7.3035687985171715e-09,6.742286337036081e-07,2.3605948932519188e-08,3.1316161037400815e-08,1.2879910417072422e-07,4.5633002685042145e-05,6.715210025340723e-07,2.5774772550029104e-05
46,5.096758523055241e-06,0.0010997885313696876,1.9362255966612453e-07,2.9543652051656435e-05,0.003397633744669669,0.0012599265955094245,3.895048404827349e-05,1.5749841515723178e-07,0.9938015655648517,1.0261129024087411e-05,6.728542392572912e-06,1.457845809296694e-08,1.495347672597078e-06,5.100594816559006e-05,1.1872985344968002e-05,0.00019359072404666065,9.486018027427236e-06,1.7527221148962847e-08,4.230476476884686e-07,2.1380599875474903e-08,3.339487147938495e-08,1.1702559771708238e-07,5.739294685270617e-05,7.963900561828084e-07,2.3886562023080298e-05
47,9.025948146984837e-06,0.002206702132079681,1.1646056176188637e-07,3.997296062673794e-06,0.0030317602128448486,0.00041984447709735983,5.152317964025471e-05,1.4816610290460075e-07,0.994053768398349,1.3142526334490607e-05,2.6493955997011885e-06,2.482096145208349e-08,1.0050791656714513e-06,3.346549327553965e-05,6.975019405469904e-06,7.07077132539905e-05,3.918121896419452e-06,2.2366225235820807e-08,1.4451036074152064e-06,2.6030600943473506e-08,2.867451300690915e-08,3.65338262468011e-07,2.0557684184188616e-05,2.5250624864777207e-07,6.85278555798199e-05
48,6.518873572029722e-06,0.002412497929002013,3.67542701621888e-07,2.9737947736744813e-05,0.0028381818255211835,0.003141190474038092,0.00011215963094918451,7.124922608706344e-07,0.991019681252599,9.025425368317185e-06,7.773142183961136e-06,2.3494237007703994e-08,5.55257904609341e-06,3.386481425226799e-05,2.045432783232656e-05,0.0002727439654704633,1.7967110901590113e-05,1.0955744580764339e-08,2.3179249592414237e-06,2.69810936741488e-08,4.646505079372524e-08,2.2552486731749974e-07,5.592955346447157e-05,3.279673124577061e-07,1.2661799834385809e-05
49,4.450962409462767e-06,0.002041316623580734,3.246415830071884e-07,1.7445798650315298e-05,0.008703762852811098,0.0013460778389660954,4.4273849468164085e-05,1.047516795356801e-07,0.9875200018180386,1.3581944067297396e-05,6.027840709330217e-06,1.693478563076982e-08,1.1120508201062296e-06,8.20875895347914e-05,1.8317224687523803e-05,0.00010721017755346459,3.850926052386286e-06,1.5371967202555948e-08,7.573999859562834e-07,3.4406416342181496e-08,4.919033314031477e-08,1.92792384516055e-07,4.213172416606969e-05,7.0311909169651e-07,4.6152170257580096e-05
50,3.538649061125286e-06,0.00046273409573724936,5.968688978698607e-08,4.553567101263644e-06,0.003941168806218051,0.0001275557826414751,7.331058475484065e-05,7.509821117763037e-08,0.9951624677709627,1.848755258304962e-05,1.309451665846838e-06,1.9353252590908865e-09,2.301215548468063e-07,2.8180679130389137e-05,8.899003933815685e-06,5.0833649489443814e-05,5.988937611348886e-07,9.363789448992436e-09,4.5386326346441794e-07,2.1206635373648946e-08,1.3186726813090088e-08,1.526680554550917e-07,1.804933984222526e-05,3.342222613637542e-07,9.696082040450202e-05
51,1.8206190099653044e-06,0.0014747208055048632,1.3519165740956627e-07,1.6717435526789898e-05,0.005652327236794487,0.0002470485097011708,1.1261851521648318e-05,3.197012541166221e-08,0.9925183517890385,4.570761550837137e-06,3.369463065641166e-06,3.4219772267747236e-09,5.312437079298509e-07,2.3047627772763696e-05,4.333172836595869e-06,2.878440462653257e-05,1.4619218268695758e-06,2.860083139416177e-09,7.871813545476692e-08,2.2445825650811872e-09,8.753814864871094e-09,2.886978622792913e-08,4.995692438909097e-06,3.95110324968727e-07,5.970324589388171e-06
52,6.939942140898011e-06,0.0003958612500990468,2.2167623886597308e-07,3.8299437055543876e-05,0.005202315429071468,0.0006713135730576046,2.888616529021849e-05,7.706602093485664e-08,0.9932301131864671,2.8617713270486298e-05,8.802955309754859e-06,5.7387928648503515e-09,8.534392625467585e-07,6.303043793249085e-05,9.343210283662242e-06,0.0002515504175366444,2.9202970643062064e-06,3.1048403913437035e-08,2.492451765056968e-07,4.096789653910006e-08,2.3133206111787923e-08,6.158777420811751e-08,3.617045087784308e-05,2.532690569541779e-06,2.1738941200993043e-05
53,1.1140187224827836e-06,0.000301951804984417,3.27837169614261e-08,1.1613683937344976e-05,0.0030440078064015038,0.0003855528667582378,9.971201833331319e-05,7.545462103331277e-08,0.9958766938141104,5.877282135474733e-06,2.3379379270240106e-06,2.0284375032149885e-09,3.4019549672402556e-07,3.121393201490893e-05,1.8805598239960537e-05,0.00011045180341370548,1.160880424883767e-06,5.265947874100507e-09,1.6761992025698116e-07,1.731794375666195e-08,1.1577828217009018e-08,6.694004363648212e-08,6.315706683995704e-05,3.561022049347792e-07,4.5274199595357915e-05
54,5.367552874100991e-06,0.0006600934633362076,9.259601173732486e-07,8.329743912840605e-05,0.015162252688869905,0.001332234249346267,4.0774338514644104e-05,2.1556681263246682e-07,0.9822639252772359,1.187318372877075e-05,1.7417727536901962e-05,5.404332066026972e-09,1.51173182368793e-06,7.562436214750561e-05,4.180359111427249e-05,0.0001467910931022291,3.1913992478194154e-06,1.1800480815240686e-08,6.840926197380815e-07,5.52095137617493e-08,6.874525714760411e-08,1.1283347016919175e-07,0.00012596799743591887,2.6805909387575005e-06,2.311370101460834e-05
55,3.576995664921581e-06,0.0010994814996988327,1.5850499222719994e-07,1.5607942914849913e-05,0.007107492046086512,0.0007034479594924612,3.8264459306702574e-05,8.16846658382145e-08,0.9907574691948265,9.986126540997626e-06,5.122849727318199e-06,6.996282732287754e-09,7.176393951192625e-07,5.3457900854994564e-05,1.4487562712787618e-05,0.00010389347636199575,2.3144290549414474e-06,9.806054872515744e-09,4.6562471889773975e-07,1.9829628023974513e-08,2.847113965637152e-08,1.0010941898626958e-07,4.558620432891554e-05,5.959256615020627e-07,3.7626760469383885e-05
56,3.6516340998620047e-06,0.0012091609741219516,1.4605685785921474e-07,1.4958728178088136e-05,0.0070053941062248,0.000616292109446032,3.6753709308836884e-05,7.684955595431519e-08,0.9908604005734398,8.886925302408238e-06,5.183224240731887e-06,8.080299356680323e-09,8.056213387012891e-07,5.2231735058379326e-05,1.2206585972620071e-05,9.269021693501523e-05,2.3529496373444264e-06,1.0508625369721515e-08,4.378034453277193e-07,1.8058580903365398e-08,2.586279190065644e-08,9.101259897562038e-08,4.066582508011026e-05,5.492988233039078e-07,3.700155003651007e-05
57,7.2041925961241e-06,0.002464086897912459,3.733817605588326e-07,1.540241453819598e-05,0.013760096269155022,0.0010256342779267557,5.535409929275047e-05,2.2831746167885693e-07,0.9823006527668335,1.3476392725430675e-05,7.667153347006511e-06,2.908218753269498e-08,1.7651648583374453e-06,7.564629948015957e-05,2.004515092468845e-05,0.00013226171710798993,3.5187423255094446e-06,1.7563410478410596e-08,2.6337901426558217e-06,5.098007199761253e-08,8.340439079886026e-08,3.212668147107581e-07,6.164750231039494e-05,4.6012239820413635e-07,5.134305002701937e-05
58,3.482330772295398e-06,0.0010342298729902738,1.5579361074201075e-07,1.4734317241373909e-05,0.006413679204571552,0.000612399721263553,3.3535930391663854e-05,6.734487820808174e-08,0.9916359207994447,9.846883239704934e-06,5.403994424470811e-06,6.4307970103796026e-09,6.431181590598023e-07,5.086034288610863e-05,1.4481553767074699e-05,9.168646947121539e-05,2.1897232061746392e-06,9.304180063431514e-09,3.946876456711158e-07,1.7693932155544857e-08,2.478048730013105e-08,9.749096484163517e-08,3.943024030075155e-05,7.442978896513606e-07,3.595767348402974e-05
59,3.351272193709855e-06,0.000980838438597607,1.721271153066475e-07,1.585612929567341e-05,0.006692581723122826,0.0005804307940717332,3.153363211603526e-05,6.549172746075112e-08,0.9914486452893538,1.0287560614073235e-05,5.565469205323173e-06,5.757259314802671e-09,5.835646473644657e-07,5.2140404922161975e-05,1.5670251608221858e-05,8.589132125329267e-05,2.046565156921581e-06,8.895925580704067e-09,3.579191306402899e-07,1.7683732201680367e-08,2.5487259728654298e-08,9.748270259985e-08,3.815988019877675e-05,8.640214953422379e-07,3.480283729447327e-05
60,3.5822404872480136e-06,0.0011229833109527745,1.4510683365865132e-07,1.4604189328166713e-05,0.006961621207125385,0.0006348568878559826,3.728212561460502e-05,7.587947830830844e-08,0.9909638020737597,9.415218600238118e-06,4.843562850767872e-06,7.335275773500349e-09,6.960154231464122e-07,5.20628752003327e-05,1.2989391720430924e-05,9.646452045598331e-05,2.245564538138044e-06,1.0260961938180779e-08,4.3303819748484493e-07,1.852042725740932e-08,2.680132014383399e-08,9.464706338034083e-08,4.229502679610587e-05,5.55595488501731e-07,3.888860424446187e-05
61,3.945448689158103e-06,0.0010702636674274522,2.0707031193786053e-07,1.780712631186014e-05,0.007242120625328532,0.0006644089821154368,3.384063498182918e-05,8.058888645224757e-08,0.9907048440284419,1.0928778908039966e-05,5.7128550062853455e-06,6.691133122802451e-09,6.834161608434111e-07,5.406599034088309e-05,1.5746598197634536e-05,9.623606982426408e-05,2.354782567339424e-06,1.039912372169221e-08,4.2732550693455565e-07,1.981293397883178e-08,2.888883440536557e-08,1.0398120953282183e-07,4.011963673872506e-05,8.300518753756403e-07,3.520654914433837e-05
62,3.5822404872480136e-06,0.0011229833109527745,1.4510683365865132e-07,1.4604189328166713e-05,0.006961621207125385,0.0006348568878559826,3.728212561460502e-05,7.587947830830844e-08,0.9909638020737597,9.415218600238118e-06,4.843562850767872e-06,7.335275773500349e-09,6.960154231464122e-07,5.20628752003327e-05,1.2989391720430924e-05,9.646452045598331e-05,2.245564538138044e-06,1.0260961938180779e-08,4.3303819748484493e-07,1.852042725740932e-08,2.680132014383399e-08,9.464706338034083e-08,4.229502679610587e-05,5.55595488501731e-07,3.888860424446187e-05
63,3.5535402339611127e-06,0.0012046693785366211,1.3998275263610313e-07,1.3606482913425655e-05,0.006848201586546388,0.0006088876733425807,3.6253934989076315e-05,7.167646431858306e-08,0.991037747249857,9.033771898809334e-06,4.773926140030566e-06,7.4010497049571665e-09,6.83833622413661e-07,5.07202160400932e-05,1.2589033780073935e-05,8.79913478080517e-05,2.1869726575943607e-06,9.834774585842462e-09,4.228416334484799e-07,1.7030084629049258e-08,2.596122418724107e-08,9.391466259229725e-08,3.922997608586966e-05,5.291386588899105e-07,3.855329424291378e-05
64,3.968258482324577e-06,0.0014000633711357658,2.0363614247070086e-07,1.875455032101572e-05,0.009524795677742313,0.0007627956239338995,4.4767956819698444e-05,9.682868013516808e-08,0.9879416144313,1.1255597079239066e-05,6.3754196671174685e-06,8.895334640559395e-09,8.05798341523916e-07,6.028977602229301e-05,1.8479588687714987e-05,0.0001056764028475005,2.293445020346795e-06,1.0909908990144107e-08,5.754640924637859e-07,2.2416458194567823e-08,4.6540393249205214e-08,1.2082050551917293e-07,5.286177177029664e-05,6.473373616774295e-07,4.3469481951590636e-05
65,3.418878132021302e-06,0.0015248087725260602,3.0605481670876055e-07,2.4622964475512814e-05,0.009828940121159405,0.001322643630901101,5.475612001006665e-05,1.1480456039163221e-07,0.9868896343848799,1.1071975774649677e-05,8.218545799574985e-06,7.79783673505712e-09,9.4309375449607e-07,6.688707881548764e-05,3.475540710764943e-05,0.00012638077909897272,2.8156152934008186e-06,8.138359490791733e-09,6.444657979548643e-07,2.376118107913528e-08,4.89358526257365e-08,1.3748830729874905e-07,6.181045975977458e-05,8.282371536555105e-07,3.617248864624295e-05
66,5.716485394171917e-06,0.001185313131945326,2.922038361145316e-07,3.690841714074259e-05,0.02195928132812648,0.0004279444885168356,2.1952046359479385e-05,4.9797960869216437e-08,0.9760042700843864,2.7073182552768346e-05,1.0033588510455009e-05,9.598548074974562e-09,7.604292480429259e-07,9.610767787374384e-05,9.890115033352173e-06,0.00015308695028808596,1.5780299938870388e-06,2.0286289018138797e-08,3.186477404095107e-07,2.0454708363616573e-08,5.264735078181735e-08,6.672927243731605e-08,2.512266678815223e-05,1.3955652481333238e-06,3.273544688779053e-05
67,3.7753741076518627e-06,0.0017291742373388755,2.1293925398410844e-07,3.1550175081620074e-05,0.00471363830413746,0.007665444644319433,0.0001363082170739459,9.67963820787706e-08,0.9844037149748709,2.386061292411764e-05,1.445153156522398e-05,3.1684564104595224e-08,1.9098104788685133e-06,0.0003651618750527004,5.451995996851537e-05,0.0002407820173948023,1.2491926279462057e-05,4.243081573129794e-08,7.047994189051277e-07,1.7858332584945945e-07,1.50986635360055e-07,3.5978732623936464e-07,0.0003996526684001622,2.0126383356719994e-06,0.00019977302494818
68,4.288695692682476e-06,0.0011186468015105442,1.6790681301819475e-07,1.9063575372999506e-05,0.006835746039181824,0.0007458877896782817,4.342858422302665e-05,9.52273193716814e-08,0.9909306029756559,9.769475271733745e-06,5.218216193362116e-06,9.903133767038112e-09,9.723481153867647e-07,5.874426332406619e-05,1.1538173508227172e-05,0.0001167251019311014,2.954197541852393e-06,1.5620872394953454e-08,4.5490318860504373e-07,2.4194760052241226e-08,3.2199495361912295e-08,8.89188454381141e-08,5.215931810041652e-05,5.822307058243022e-07,4.278333956509852e-05
69,3.8786950661435385e-06,0.0012554260426885279,1.65600733925803e-07,1.5258264594885822e-05,0.00716855546451395,0.0007976921715141666,4.12714557518269e-05,8.556757183124404e-08,0.990424180765766,1.0338725622721953e-05,5.535134593149674e-06,8.916105927456403e-09,8.240417884401879e-07,5.903337102905871e-05,1.4815608031713816e-05,0.00010689719999283242,2.602677607741986e-06,1.1390953354010612e-08,5.433611493039597e-07,2.3074870877924167e-08,3.300367887669977e-08,1.1275618152439328e-07,5.009664974229721e-05,5.976918278824422e-07,4.2012368623042474e-05
70,4.04848155872094e-06,0.0012854166505619589,1.5371656396297164e-07,1.3532709737749691e-05,0.007305372759152432,0.0006144896384819928,3.958624359498875e-05,7.94760666245134e-08,0.9904779413623274,9.523643245649088e-06,5.201026138103212e-06,7.781200112931776e-09,7.089413374795017e-07,5.156106563335692e-05,1.4424251079070134e-05,8.998671143673976e-05,2.1706587630362075e-06,1.0337510206197006e-08,5.100677250775028e-07,1.8110194228983992e-08,2.9351812721227094e-08,1.0637268783572052e-07,4.199652227975033e-05,5.545395446655078e-07,4.256958136632973e-05
