,0,1,2,3,4,5,6,7,8,9,10,11,12,13,14,15,16,17,18,19,20,21,22,23,24
0,4.461812296948398e-05,1.1295385302241889e-05,3.0111479707140337e-05,6.168502870226777e-07,0.12349530251063313,0.009792033846687547,2.3663853456784764e-06,2.8594817730818975e-09,0.8623995188057785,2.085107861726964e-09,1.8060191613958222e-06,4.584902304885742e-08,2.0261311305895593e-05,1.3012118149155966e-07,0.0016693366914314921,0.0014999261965000126,1.9467804410306054e-05,5.1773931931259e-06,2.887369142216482e-07,1.0779214582503713e-05,1.4067919629798082e-06,6.022002867786895e-09,2.461660203418391e-08,1.4154515813424455e-06,0.0009940594488471416
1,6.983877226874059e-05,1.3793765210262537e-05,5.1418237447969566e-05,7.550069579676159e-07,0.10174422053323355,0.008768249180507273,3.386710922822996e-06,2.7879555564557214e-09,0.8848636393572431,3.889276170309537e-09,1.2410580994777065e-06,5.339739022061824e-08,1.7124474715795293e-05,1.1688261718813964e-07,0.0014963728893652509,0.0016986759143684314,1.0723786467578711e-05,6.244262604612949e-06,2.380979528151589e-07,1.0499475373508363e-05,1.2082080504004366e-06,4.684934993551136e-09,2.459161099549081e-08,1.5461876144455583e-06,0.0012406178478108101
2,8.422301617818264e-05,1.7512061654957694e-05,6.250223549192423e-05,1.592892789955153e-06,0.14131453641344227,0.012868810052494272,4.125540379798336e-06,3.4957390872853384e-09,0.8406580394053419,4.797530974111176e-09,2.766923356680359e-06,7.426637271805368e-08,2.2904086105359516e-05,2.3675731574761432e-07,0.0014455911390550734,0.0015823159058188472,2.6749615156319873e-05,9.797967163982773e-06,2.6762403256079317e-07,1.5121222763029702e-05,2.008097934798324e-06,8.426720700984097e-09,6.685652519206395e-08,2.7408414993392036e-06,0.0018780003591362291
3,8.377459028438172e-05,1.8103376216281245e-05,5.521861897654328e-05,1.2403873030351523e-06,0.16506477457875005,0.01076925521187384,4.51164132431694e-06,3.4001913086362665e-09,0.818647825852283,4.530851326462743e-09,2.3951826359025743e-06,7.1510235571935e-08,2.156445583491381e-05,2.386820537915134e-07,0.001709679847847979,0.0014537667937618523,2.3388065994557523e-05,8.868062269373257e-06,2.414101044784289e-07,1.5042609250375287e-05,1.6934451656449588e-06,7.347205981404183e-09,5.740238552775654e-08,2.0128134791199347e-06,0.0021162601837208138
4,8.446516111821966e-05,1.7899777408244122e-05,5.392375996107566e-05,1.2185226239065136e-06,0.15612189144674277,0.009963613031497742,4.491952263495948e-06,3.2806943530197733e-09,0.8285411231911017,4.247872652420593e-09,2.2915118529299335e-06,8.584256522006261e-08,2.6954650780324323e-05,2.445854302631092e-07,0.001611335434936339,0.0013457842210088517,2.5035250393626247e-05,8.685248364643026e-06,2.5295788523749524e-07,1.5005022829428121e-05,1.8105809792081185e-06,7.711185534540518e-09,5.579477360791388e-08,2.0136775111463895e-06,0.0021718031382192944
5,0.00010471694739406305,1.8996749388694652e-05,6.025125386103348e-05,1.8037737461743777e-06,0.14987390690679286,0.011861498738708601,4.503252273214847e-06,3.4120497766296996e-09,0.8324884381984743,5.7934817008391225e-09,2.508932598483811e-06,8.428084275616787e-08,2.563920614622073e-05,3.022952484874378e-07,0.0014661186400561415,0.0014414472555102193,3.0190552150572484e-05,1.414481780650475e-05,2.27490158086288e-07,1.7603915216633027e-05,1.9827759833195344e-06,8.702664663367666e-09,6.885779466645012e-08,2.4975665803575287e-06,0.002583049685072617
6,8.377459028438172e-05,1.8103376216281245e-05,5.521861897654328e-05,1.2403873030351523e-06,0.16506477457875005,0.01076925521187384,4.51164132431694e-06,3.4001913086362665e-09,0.818647825852283,4.530851326462743e-09,2.3951826359025743e-06,7.1510235571935e-08,2.156445583491381e-05,2.386820537915134e-07,0.001709679847847979,0.0014537667937618523,2.3388065994557523e-05,8.868062269373257e-06,2.414101044784289e-07,1.5042609250375287e-05,1.6934451656449588e-06,7.347205981404183e-09,5.740238552775654e-08,2.0128134791199347e-06,0.0021162601837208138
7,0.00029502627329394877,2.3003837149717962e-05,0.00017894087242844165,1.080206075948051e-06,0.17515839228151708,0.012785623356349883,7.038811483269647e-06,4.502629867332424e-09,0.8070473252709823,6.909492784124143e-09,2.6160093947115975e-06,9.301649347057141e-08,3.591972480416819e-05,2.0743070192603905e-07,0.0009982788003958566,0.0010079368178188297,1.8009866348485034e-05,1.1819237051726623e-05,4.2987291145466934e-07,1.5025470175708321e-05,1.259158254211659e-06,3.920687863302624e-09,6.933665676829375e-08,4.027711937190653e-06,0.0024078613049643882
8,0.00017999434319586818,4.2603183016309456e-05,0.000153642278437,3.1534564441292788e-06,0.23717626858512597,0.014158508213938529,9.245372853384913e-06,4.913683246978333e-09,0.7421538361419674,1.1524179558314616e-08,3.58274544934327e-06,1.2713502075974787e-07,2.7829184167007193e-05,4.3128250529542436e-07,0.00124709137707466,0.001524173439541469,2.0729077450635092e-05,8.463821782062418e-06,2.900803336977421e-07,2.922457169441561e-05,1.7737237635040447e-06,5.396505618311976e-09,2.1394727016138913e-07,4.92891636985925e-06,0.003253867288230023
9,8.979983762629752e-05,2.8213647587664593e-05,0.00010970887231267024,3.100484318539696e-06,0.13974829691261204,0.013718791417353101,5.933251378796398e-06,2.9911888157363236e-09,0.8404924606701539,1.000701358224249e-08,2.1722037404914648e-06,1.0592267573204954e-07,2.727261523738014e-05,2.5757112903661746e-07,0.0013092853381039614,0.001846066634166795,1.9597496515936238e-05,7.888632832576982e-06,2.1113959363404514e-07,2.6883083044204068e-05,2.602925009180076e-06,6.582850145179153e-09,1.3357421671837298e-07,4.155603618777491e-06,0.002557042585719778
10,8.377459028438172e-05,1.8103376216281245e-05,5.521861897654328e-05,1.2403873030351523e-06,0.16506477457875005,0.01076925521187384,4.51164132431694e-06,3.4001913086362665e-09,0.818647825852283,4.530851326462743e-09,2.3951826359025743e-06,7.1510235571935e-08,2.156445583491381e-05,2.386820537915134e-07,0.001709679847847979,0.0014537667937618523,2.3388065994557523e-05,8.868062269373257e-06,2.414101044784289e-07,1.5042609250375287e-05,1.6934451656449588e-06,7.347205981404183e-09,5.740238552775654e-08,2.0128134791199347e-06,0.0021162601837208138
11,8.555859091541297e-05,1.8208852380819928e-05,5.628333830178203e-05,1.2574142011020918e-06,0.1624938551954596,0.010255298300917818,4.626676586766407e-06,3.4249304796727096e-09,0.8218779696785369,4.508870019667212e-09,2.3207226697745032e-06,8.039467474676142e-08,2.5565034946498217e-05,2.42018024981121e-07,0.0015989444599561517,0.0014109640841100336,2.3970044002760246e-05,8.697839110528802e-06,2.4818379821589854e-07,1.572971761624707e-05,1.735506168346087e-06,7.2251103673973576e-09,5.786409456169362e-08,2.0697770188788805e-06,0.002116301147597323
12,9.867162800366328e-05,2.1253410697096003e-05,4.6354532260647466e-05,1.3224441415429832e-06,0.21577243789870765,0.012063951090891225,4.217764127364223e-06,2.5825926646571457e-09,0.7660243405245678,5.4147876996243675e-09,2.0073101185143797e-06,6.215017422729108e-08,2.4914472176882004e-05,3.5562238735540945e-07,0.0014394899537396436,0.0012247162301412145,3.8110931621513996e-05,1.2103160489789877e-05,1.9014513432908474e-07,1.8693548044125427e-05,1.9120953803660326e-06,7.192391715262542e-09,6.789721528178994e-08,1.6884293018824966e-06,0.0032031235709057367
13,5.6121642588138855e-05,2.083641292494796e-05,6.444908446643933e-05,2.6155156959911773e-06,0.2902475270800998,0.009403818283861262,9.613406028198052e-06,9.71021847806258e-09,0.6930661237523578,3.1571571459001395e-09,1.6114376269017807e-05,2.2319777767274398e-07,2.9732272349118416e-05,7.087113697866937e-07,0.0031233376240669716,0.0013807418258316511,3.9551588333424494e-05,6.819186904204184e-06,3.125872777133166e-07,2.0435574159357455e-05,2.5438980668826103e-06,1.9848550866374852e-08,2.3956483837692816e-07,3.4863436837779334e-06,0.002504615355122851
14,9.00290799739851e-05,2.77592529907162e-05,4.325584945436756e-05,1.2643644011020688e-06,0.22012279586116784,0.010790027643632892,5.399571240114768e-06,3.7148465030967963e-09,0.7637156161600785,6.044667876476564e-09,2.8863019405274593e-06,6.540179017916937e-08,1.7003598235352796e-05,3.2422037776354125e-07,0.0016376369150374979,0.0014416663694064944,2.234416609513531e-05,8.844429920626001e-06,2.9312542596750925e-07,1.6302807749044152e-05,1.456075361649274e-06,7.0829537981524555e-09,6.804843054457719e-08,2.082194938183341e-06,0.0020528617198834593
15,8.377459028438172e-05,1.8103376216281245e-05,5.521861897654328e-05,1.2403873030351523e-06,0.16506477457875005,0.01076925521187384,4.51164132431694e-06,3.4001913086362665e-09,0.818647825852283,4.530851326462743e-09,2.3951826359025743e-06,7.1510235571935e-08,2.156445583491381e-05,2.386820537915134e-07,0.001709679847847979,0.0014537667937618523,2.3388065994557523e-05,8.868062269373257e-06,2.414101044784289e-07,1.5042609250375287e-05,1.6934451656449588e-06,7.347205981404183e-09,5.740238552775654e-08,2.0128134791199347e-06,0.0021162601837208138
16,8.028667350547929e-05,2.1894213970743614e-05,4.700888078328809e-05,1.4831621994392374e-06,0.17583219538776745,0.008878567932954398,6.818333794027515e-06,5.091153433904527e-09,0.8076915035156728,8.086878832972016e-09,2.2261006504048553e-06,1.16856267818435e-07,2.5888044034906052e-05,3.2430287851825025e-07,0.0023863308307687054,0.0021599946206715165,3.049238824256098e-05,1.2022318947136925e-05,2.906180103595551e-07,2.010974944666828e-05,3.1392878685747527e-06,1.4498868333450662e-08,6.557353085725608e-08,1.8605693705397382e-06,0.002797352961762946
17,7.915676212369916e-05,2.2654148642351977e-05,4.841842580825578e-05,2.2981023866428553e-06,0.2893844471684337,0.009350545713100117,7.470509812041563e-06,5.493730182113568e-09,0.6935024019479692,6.326665668177573e-09,4.188132244061317e-06,1.5555029343335565e-07,4.504442678314568e-05,6.327561513706024e-07,0.001888604856326017,0.0016127274805345139,6.916123287785289e-05,1.2197197725354263e-05,2.3018275165861967e-07,3.19198537121068e-05,3.135016302035376e-06,1.6557137238443717e-08,1.6620182713907048e-07,2.313930186644967e-06,0.0039321020264756834
18,0.00012428164088040746,1.8966708884177454e-05,4.7852657845296725e-05,1.3357926184052363e-06,0.25055036447090334,0.009594956578105206,6.0821973069786315e-06,2.737172909797199e-09,0.7303182783177026,7.054616861172446e-09,1.7988912901245227e-06,9.731242755682766e-08,3.89331205520841e-05,4.45980924960331e-07,0.001797381360390801,0.001184368481308933,6.551791398696348e-05,2.162035838568516e-05,1.6458604123334662e-07,2.2790836662197524e-05,2.9644526288595502e-06,1.1609730074912315e-08,7.425838927612165e-08,1.3939062546252885e-06,0.006200308774990429
19,6.92812503973708e-05,1.7893032186303532e-05,6.319671911338263e-05,1.5653702303335058e-06,0.1530484129860023,0.007288476077557949,7.027746693540653e-06,4.806905718262483e-09,0.833110720841533,5.077842581181949e-09,2.385096505647675e-06,1.2932735200881966e-07,2.631666039326401e-05,2.385793030427631e-07,0.0021247309158602843,0.0019443721929149134,2.214834043358809e-05,7.709859243353437e-06,2.176487134886183e-07,1.6303275169456163e-05,2.109420890456433e-06,1.0996710850703302e-08,5.9583378088206715e-08,1.8242397768291935e-06,0.002244859954892042
20,6.0911200737033854e-05,1.5697385878136026e-05,5.6007319760579933e-05,1.3825406316684723e-06,0.13812523208866206,0.008967138790206013,5.816503049583629e-06,7.27347527415798e-09,0.843991736715023,4.5116967228041645e-09,3.644874713019738e-06,1.0238673324246364e-07,1.811174883722453e-05,2.366923286982706e-07,0.004410470263197132,0.002193870347425188,2.4480386621508133e-05,9.456980517374392e-06,3.076358529450887e-07,1.422905321251691e-05,2.092756833434793e-06,1.8643272078616517e-08,5.369009790483168e-08,1.6941033505472723e-06,0.0020972961078869735
21,6.809433213507704e-05,1.832538460968787e-05,4.4927812278003674e-05,1.2843423863109398e-06,0.10612397315573796,0.008290617487440933,4.059257694420246e-06,3.845005245931828e-09,0.8804554473180685,5.226550410852284e-09,1.5208389080971502e-06,8.294095363709235e-08,1.974761558890794e-05,2.297860558219063e-07,0.0013528794619509336,0.002282602186916741,1.1727937856180984e-05,7.515062842565001e-06,2.2577926291365145e-07,1.4541717720920487e-05,1.4678306950257517e-06,5.949548860081967e-09,3.1720120508074576e-08,1.7261035337328456e-06,0.00129895690613826
22,0.00012860353184263707,1.5252465745704965e-05,6.656452424556666e-05,1.265765927456936e-06,0.15471865987967312,0.014850610718874196,3.6370909317765044e-06,3.924168673921665e-09,0.824089176905007,5.675594926668981e-09,2.734199790240214e-06,5.373722938477308e-08,2.209756283339478e-05,2.392781370365086e-07,0.0018850991973960313,0.0013624218674187238,4.541775349612983e-05,2.1536643383746943e-05,2.818472712188019e-07,1.559328321811668e-05,2.1083088408618015e-06,1.0986062149662172e-08,5.361945435298808e-08,2.1665093444552564e-06,0.0027664047241130127
23,8.377459028438172e-05,1.8103376216281245e-05,5.521861897654328e-05,1.2403873030351523e-06,0.16506477457875005,0.01076925521187384,4.51164132431694e-06,3.4001913086362665e-09,0.818647825852283,4.530851326462743e-09,2.3951826359025743e-06,7.1510235571935e-08,2.156445583491381e-05,2.386820537915134e-07,0.001709679847847979,0.0014537667937618523,2.3388065994557523e-05,8.868062269373257e-06,2.414101044784289e-07,1.5042609250375287e-05,1.6934451656449588e-06,7.347205981404183e-09,5.740238552775654e-08,2.0128134791199347e-06,0.0021162601837208138
24,0.00010098486358610156,2.8894743538210776e-05,4.9862035817024996e-05,1.8042184133749635e-06,0.17581371358081901,0.011419988768824389,4.561500934181409e-06,3.708508408502498e-09,0.8074774916456973,6.676458585684517e-09,2.400187950993206e-06,8.023216395364636e-08,2.3446522900941536e-05,3.686244902471824e-07,0.0012965393301962462,0.0015985700717775547,2.674904721603213e-05,1.0230331977906836e-05,2.7632781270038475e-07,2.0711822969524934e-05,1.6809172503762785e-06,7.494374590114695e-09,7.512380563578506e-08,2.470515519039731e-06,0.0021190817069977838
25,5.9797120633675e-05,2.2619274895763685e-05,5.878921361483768e-05,2.8170653734465144e-06,0.2445909967202366,0.013609011669505906,7.85920737423066e-06,1.3024833561756228e-08,0.735076437960606,5.696252694264745e-09,1.078319259008737e-05,1.134376827248955e-07,1.8976778786309996e-05,5.737407560289524e-07,0.002383187067456587,0.0026785330669984522,2.9432518763368165e-05,8.415702065947429e-06,3.924688992401354e-07,2.2717853454122955e-05,2.081822731955342e-06,1.524901257826521e-08,1.5588688199836292e-07,3.8688338956779185e-06,0.0014124054266982074
26,1.2097969762157166e-05,2.558460314369155e-05,1.493658018011262e-05,1.1627346656087981e-06,0.325715359055961,0.0028107827864416613,2.372096590913077e-05,1.526670312534333e-08,0.5915414854617408,5.98685663884288e-09,3.167772858371216e-06,2.0025114516436725e-07,6.060382967093122e-06,7.066790718212421e-07,0.06579601170843243,0.00736209509887052,1.690284453199544e-05,3.198906926035873e-06,1.1324892895450512e-07,1.682516408574057e-05,2.046807381835858e-06,6.847930041998603e-08,3.8813596760662754e-08,1.4385020020071625e-07,0.006647268580338773
27,6.896722330390852e-05,1.6187692609001262e-05,4.7999892762789875e-05,1.2353863573662774e-06,0.12951129789546537,0.010467485662482592,3.963249512683068e-06,4.212811081815017e-09,0.8542093440569651,4.018131535789798e-09,2.7937744952115123e-06,7.195350029683577e-08,1.7874688106414688e-05,2.2728278841073955e-07,0.0022244898605460746,0.0016487994527736919,2.3469838630589216e-05,9.28712400012852e-06,2.8284023286754883e-07,1.2788869868817502e-05,1.724152586641117e-06,1.12379874160789e-08,4.83517198524004e-08,1.9334231262904334e-06,0.0017297078592359112
28,8.377459028438172e-05,1.8103376216281245e-05,5.521861897654328e-05,1.2403873030351523e-06,0.16506477457875005,0.01076925521187384,4.51164132431694e-06,3.4001913086362665e-09,0.818647825852283,4.530851326462743e-09,2.3951826359025743e-06,7.1510235571935e-08,2.156445583491381e-05,2.386820537915134e-07,0.001709679847847979,0.0014537667937618523,2.3388065994557523e-05,8.868062269373257e-06,2.414101044784289e-07,1.5042609250375287e-05,1.6934451656449588e-06,7.347205981404183e-09,5.740238552775654e-08,2.0128134791199347e-06,0.0021162601837208138
29,8.377459028438172e-05,1.8103376216281245e-05,5.521861897654328e-05,1.2403873030351523e-06,0.16506477457875005,0.01076925521187384,4.51164132431694e-06,3.4001913086362665e-09,0.818647825852283,4.530851326462743e-09,2.3951826359025743e-06,7.1510235571935e-08,2.156445583491381e-05,2.386820537915134e-07,0.001709679847847979,0.0014537667937618523,2.3388065994557523e-05,8.868062269373257e-06,2.414101044784289e-07,1.5042609250375287e-05,1.6934451656449588e-06,7.347205981404183e-09,5.740238552775654e-08,2.0128134791199347e-06,0.0021162601837208138
30,8.377459028438172e-05,1.8103376216281245e-05,5.521861897654328e-05,1.2403873030351523e-06,0.16506477457875005,0.01076925521187384,4.51164132431694e-06,3.4001913086362665e-09,0.818647825852283,4.530851326462743e-09,2.3951826359025743e-06,7.1510235571935e-08,2.156445583491381e-05,2.386820537915134e-07,0.001709679847847979,0.0014537667937618523,2.3388065994557523e-05,8.868062269373257e-06,2.414101044784289e-07,1.5042609250375287e-05,1.6934451656449588e-06,7.347205981404183e-09,5.740238552775654e-08,2.0128134791199347e-06,0.0021162601837208138
31,0.00021095520050568362,2.6604097477065094e-05,0.00010843262080768288,1.5732750442937e-06,0.18396986817511907,0.010933918507226892,6.55579645617026e-06,6.151376559609009e-09,0.7989647920934925,8.186412123377766e-09,2.513009023356495e-06,9.110852974313522e-08,2.742547618228113e-05,3.0515084686414566e-07,0.0015165539790828548,0.0014232010083989968,2.6367164608727365e-05,1.4861301004767895e-05,3.414608934038709e-07,1.9441633306995166e-05,1.7198175985138e-06,7.4053158931106325e-09,7.479351499941552e-08,2.665162861699434e-06,0.0027417174249128855
32,8.985082453069868e-05,1.9247957930884173e-05,5.390221742626377e-05,1.127169341857447e-06,0.15929236534131422,0.010845912838050883,4.390016440338359e-06,3.455297866110188e-09,0.8245097509961753,4.575914628638767e-09,2.3905065655865888e-06,7.10265540793762e-08,2.144457746050182e-05,2.2943077388062054e-07,0.0017172751324571578,0.0013933458457622205,2.2832348033044615e-05,8.788200600573219e-06,2.8940364665496735e-07,1.4190947424293957e-05,1.6498349915282265e-06,7.516112223530451e-09,5.4454399798675e-08,2.0939910893771304e-06,0.0019987813917058967
33,6.156886070019755e-05,2.8793896744767788e-05,4.2860042803004196e-05,4.003598744419532e-06,0.24342516772821585,0.023489328801555368,5.274938434985144e-06,1.263368238000513e-08,0.7257286451759614,1.1446195319805523e-08,8.805815636048383e-06,1.3023701350413431e-07,5.803326204642182e-05,9.666846979640271e-07,0.0013674818149511149,0.004038304096851986,0.00011362959293482238,1.3469297500758142e-05,7.469566174766672e-07,5.1034800415876875e-05,4.1344511053557335e-06,3.0080176580560986e-08,2.817891369159924e-07,6.783945285358208e-06,0.0015505000525922901
34,0.00012174231414381166,1.222992428434484e-05,3.784067410364258e-05,1.774080109538064e-07,0.048079040313668456,0.005651188174605107,1.2300506477156267e-06,1.6920465249612961e-09,0.944359977713246,8.943008375510622e-10,1.0532814304435017e-06,3.6814958578489035e-08,1.157255962439349e-05,4.195807573714324e-08,0.0008259012741035759,0.00043298697657931,5.5229920594494725e-06,4.102689970062687e-06,6.138549697308873e-07,2.4641108913209036e-06,5.385618102538473e-07,2.7878590347229274e-09,6.454263714823942e-09,1.4884316899328737e-06,0.0004502380926568535
35,0.0001480258967621283,1.3281146362989984e-05,5.7741274252737804e-05,9.221740761009708e-07,0.09856961958793077,0.007020096993804892,3.7639575653692704e-06,3.0501786347802927e-09,0.8901715688655131,4.017932020558789e-09,1.281507272049461e-06,6.63485855524179e-08,1.9731468685301623e-05,1.385168968290151e-07,0.0010819375491254956,0.001031407657444289,1.9228603123005473e-05,1.6569529266247867e-05,2.2020319625703834e-07,8.969169925589279e-06,1.493384211105888e-06,6.707655796186927e-09,2.4592810273266794e-08,1.6780581884973301e-06,0.00183221973923531
36,6.887243147131343e-05,1.351215733347543e-05,4.551161329025045e-05,9.71255823335833e-07,0.10950546007104266,0.004632863507984957,6.096622095084859e-06,9.130494522006343e-09,0.878189038417514,3.04282737273902e-09,2.1616867877679684e-06,1.9385367971092977e-07,3.5710070881208104e-05,2.0348140495810708e-07,0.003171070958082214,0.0026046270583856227,2.2185980817505913e-05,6.741769839125646e-06,3.6441051574146795e-07,1.3005317700629166e-05,1.512986648028796e-06,1.6196346404339554e-08,2.619575133921201e-08,1.1365134076901356e-06,0.0016787052698749758
37,0.00022370895076472092,2.7388902280651574e-05,9.514979426856378e-05,1.8778639981231841e-06,0.15369450824006098,0.011204896416251092,5.338293843397535e-06,3.209151866471643e-09,0.8303334585073208,8.957396024540147e-09,2.2798153161802925e-06,8.750044787486006e-08,2.924415907283982e-05,2.6005048205151385e-07,0.0007602479792452243,0.0010295457052671275,2.7847209872734276e-05,1.847946134716062e-05,3.1883831459837874e-07,1.9495084545330195e-05,1.7885881323338422e-06,6.4194858753987474e-09,9.285111169443585e-08,4.461099228925024e-06,0.002519506102793495
38,0.00010928963134365185,1.5111819070783672e-05,6.333174350830463e-05,4.781540108092486e-07,0.12717249713592876,0.014269948968704371,3.773343704250829e-06,2.1458793364212457e-09,0.8535571597858816,4.056392843722236e-09,1.3791307853012462e-06,3.950492523860013e-08,1.4124007041033838e-05,1.2563650434120957e-07,0.0017940888994046125,0.0013254840183703634,8.212321191363559e-06,6.412095974650835e-06,3.13559313582666e-07,6.808324151580594e-06,8.397316872119439e-07,3.0248617083258797e-09,2.1798891624757103e-08,1.5535761741768594e-06,0.0016489975862982243
39,8.161608933495657e-05,1.6373411580069316e-05,5.7926155421071935e-05,1.232081691465262e-06,0.1595736202913578,0.011642137738254612,4.3858016654382904e-06,3.5716324514306866e-09,0.82311899349568,4.562045191088911e-09,2.3640443218918362e-06,7.000976334387862e-08,2.3100577678925443e-05,2.2406244076540067e-07,0.0017732422943123247,0.00156078385990316,2.4800915848251722e-05,9.166923948925481e-06,2.484861566603783e-07,1.5239379348521582e-05,1.8372535860471263e-06,7.567531185465816e-09,5.5534107730297583e-08,2.0478602716741784e-06,0.002090518032117552
40,8.275455917625113e-05,1.5812019822010583e-05,7.314758276447419e-05,6.033708052033463e-07,0.16666547979030044,0.008827486153924138,5.3269052682782315e-06,3.001998846268243e-09,0.8178105744812683,3.0375554185782245e-09,2.069834895782186e-06,7.75516478264438e-08,1.9061915077614668e-05,1.7500790026897405e-07,0.002864584177786976,0.0010886840369890448,1.3368672007864302e-05,5.288476630382456e-06,2.2634606045255447e-07,9.26083766378452e-06,1.2293475501184075e-06,5.858216430294991e-09,3.7101528358157173e-08,1.2209084554458615e-06,0.0025135190247064254
41,0.00023128619770976054,0.00019182708780637105,0.00013761781420768487,0.000122287646947679,0.2119558897921112,0.15548478019558057,1.2016945205616413e-05,5.24877230543838e-08,0.5966730286226869,5.761436423021867e-07,0.00012392562868645735,9.718780229226938e-07,0.00011345140623997514,1.8702965917522044e-05,0.004211203833393833,0.008867510176913151,0.0036168610449593642,0.0003760475198510602,6.6078264532851365e-06,0.0005873441456199185,0.00014073355784862893,3.069372079516677e-06,2.794913926593954e-05,0.0001929315417727933,0.016903327029354563
42,5.5437739593897306e-05,1.2929067107021933e-05,5.7732541661432384e-05,1.5011631604534687e-06,0.08502398615415371,0.012710801561110046,3.934214128665106e-06,1.009863674054573e-08,0.8932622448101142,5.75981357346659e-09,3.1376125708191117e-06,1.0482029017461833e-07,2.7782651794664824e-05,1.6538403696390514e-07,0.0034308695447689934,0.00416501654547892,2.806762865820046e-05,9.435866051050763e-06,6.19898012532754e-07,1.7853314933685562e-05,2.698243122291662e-06,2.1683383421504234e-08,4.51007818964705e-08,2.8183583762988266e-06,0.0011827802382601978
43,9.181372665542551e-05,1.8321614843149812e-05,5.7505919144189205e-05,1.1460230827532787e-06,0.16658839017263904,0.008728542768569669,4.5776002354405504e-06,3.161600484861145e-09,0.8195719300979007,3.0269458842651203e-09,2.7360010066860046e-06,8.286376381902737e-08,2.0073640556386934e-05,2.2747055915261628e-07,0.0016432375332774878,0.0011515451661529888,1.9174043506021664e-05,7.199941677712208e-06,2.2223991322571952e-07,1.20552950960005e-05,1.2442791707063106e-06,6.008024521853521e-09,5.243104021417015e-08,1.8849156824342063e-06,0.002078024058955837
44,8.377459028438172e-05,1.8103376216281245e-05,5.521861897654328e-05,1.2403873030351523e-06,0.16506477457875005,0.01076925521187384,4.51164132431694e-06,3.4001913086362665e-09,0.818647825852283,4.530851326462743e-09,2.3951826359025743e-06,7.1510235571935e-08,2.156445583491381e-05,2.386820537915134e-07,0.001709679847847979,0.0014537667937618523,2.3388065994557523e-05,8.868062269373257e-06,2.414101044784289e-07,1.5042609250375287e-05,1.6934451656449588e-06,7.347205981404183e-09,5.740238552775654e-08,2.0128134791199347e-06,0.0021162601837208138
45,8.543464943348866e-05,1.854203474843808e-05,5.498643904646376e-05,1.2528724937143859e-06,0.16772714642043038,0.010769030177067845,4.505189181548632e-06,3.3069097485972295e-09,0.816028968825298,4.60198152247469e-09,2.371625860543567e-06,7.17838087879049e-08,2.1878317167149304e-05,2.4457238129730383e-07,0.0016524487391777977,0.0014171014387343527,2.403134323884207e-05,8.990291339184794e-06,2.39498217764528e-07,1.5303191802971108e-05,1.7224988876507186e-06,7.301978387994626e-09,5.9139170315120045e-08,2.0331741027918997e-06,0.002163622567540964
46,8.307972936793058e-05,1.7878174675437157e-05,5.9134518201551426e-05,1.690312077578122e-06,0.16553878889833853,0.013680057347447632,4.20709669475424e-06,4.188219894593323e-09,0.8146853607059339,5.076276282822111e-09,3.085566696081018e-06,8.277326017976576e-08,3.0134528825810866e-05,2.9266204434418827e-07,0.0017862967083358192,0.0016914974029187317,4.183486603643478e-05,1.1063995212441922e-05,2.9319154787114336e-07,1.9793551679865214e-05,2.3461134211686944e-06,1.1041274751530795e-08,7.950982562721796e-08,2.5757668620616524e-06,0.002340406274825142
47,0.0001037482836010438,1.3480572579744324e-05,5.078607443817721e-05,7.524633787233762e-07,0.10658544055656759,0.006349321306607123,4.150649780251311e-06,2.579696864375978e-09,0.8817961073346361,4.032361981340688e-09,9.695960283364273e-07,1.0555646799687985e-07,3.727677233550407e-05,1.3544445832864222e-07,0.0013043055173698373,0.00148404428620595,2.3602045660136566e-05,9.329781960622794e-06,2.615728602214229e-07,1.2060548043906705e-05,1.937354099951632e-06,7.49740971324489e-09,2.628989231483634e-08,1.4209086252358062e-06,0.0022207229749342736
48,0.00010281306305859152,4.081841650044105e-05,3.835318128915263e-05,1.2703239118800532e-06,0.16698616861570248,0.020608431391536505,3.1320885038517166e-06,4.422955979694033e-09,0.808191138893436,6.831365400967203e-09,4.494148703634363e-06,6.102848161459802e-08,2.438968925022389e-05,3.462734023782091e-07,0.0011975454519069309,0.001590611111593839,3.959549880559405e-05,7.816624789724258e-06,1.1799062864860509e-06,1.7654001418897908e-05,1.6859670651370028e-06,1.1801703533905659e-08,1.0008559705030908e-07,5.305815619571681e-06,0.001137065367115345
49,9.048836390569067e-05,1.9155066290197515e-05,7.673749695146428e-05,1.73140836682672e-06,0.1491364879769828,0.012137803344240075,5.0121916016889855e-06,3.6351815982399006e-09,0.832592091075399,5.700341260358064e-09,2.6941977889116916e-06,9.380200079068194e-08,2.5948938660173927e-05,2.7310992004551697e-07,0.0017945904600160014,0.0015131911788621205,2.532571441229073e-05,9.979663539390056e-06,2.381321050659886e-07,1.7704196871496297e-05,2.0879510320737423e-06,8.894100605020646e-09,8.045492776041643e-08,2.6064649353455326e-06,0.0025456605815673433
50,0.00014108593696649196,3.075584039720271e-05,8.286127620859643e-05,1.3499078957617096e-06,0.3699824943300754,0.00933029119741908,1.8592656915228226e-05,8.437195961748013e-09,0.6090188484803978,1.5251759841784638e-08,3.2026503459120466e-06,1.5253360416145089e-07,3.0502694582507887e-05,5.516257842302392e-07,0.003474821532217375,0.0021179179286399744,2.990941334752829e-05,1.1611149243600406e-05,3.354767998400055e-07,2.589338534642134e-05,2.1981856970303366e-06,1.2441447056544497e-08,1.277554897449247e-07,1.7990621685939313e-06,0.005694660850054489
51,0.00011478494259029533,6.159075089121016e-05,3.538337676331029e-05,2.5343026943165433e-06,0.08206401926859302,0.005894116649139137,3.038621147249149e-06,4.65855048728743e-09,0.9072292616641131,4.59644519817221e-09,2.9321280101669316e-06,9.553440437092884e-08,8.125134321040865e-06,4.232751486408977e-07,0.0020124474953947522,0.001007880973838139,1.9764915969227413e-05,1.092976854493504e-05,3.527468882582713e-07,1.1511348825376421e-05,1.0853914502377477e-06,1.923554021763829e-08,4.7916890516789845e-08,1.8997409566619466e-06,0.0015177455628900003
52,0.0001095161517370025,7.042898229621364e-06,4.530644413435115e-05,5.239542887791642e-07,0.09709290059770306,0.022529101735936113,2.074850038051199e-06,3.2463601385559347e-09,0.8735858923057788,4.43365332237076e-09,2.1413857046851296e-06,2.030328150008654e-08,1.0523285210177658e-05,1.717460970031654e-07,0.0029234971645332583,0.0016804410752485302,1.795638895602603e-05,3.3116239609991895e-05,2.506799175872009e-07,7.09120478876825e-06,8.745574563113261e-07,7.157750824316007e-09,1.416402570402228e-08,1.2923456678250226e-06,0.001950235683892751
53,4.969844345320726e-05,1.569546994461382e-05,6.17957060908052e-05,1.358136815534474e-06,0.2935412156632662,0.006443144938307328,1.4798473918344765e-05,6.821872587328649e-09,0.6909995061289189,5.20590896148588e-09,4.413285000930255e-06,1.5102457546641749e-07,2.049556651960565e-05,3.0754032068121546e-07,0.0037231774170968395,0.0021627436972191526,1.563474883219266e-05,5.683283502526947e-06,1.7206286852242474e-07,1.727512255813045e-05,1.8547538493786608e-06,1.0041255487487923e-08,9.468139646100944e-08,1.600879212592105e-06,0.002919160907295577
54,4.809199549705426e-05,7.915270737739425e-06,6.435525816115507e-05,2.148315667002246e-06,0.15966209622322725,0.016300209703415565,3.4992284648672294e-06,8.017930213691064e-09,0.8198893117067841,3.1697912474542272e-09,7.259153998097746e-06,6.82873312617396e-08,3.959780559321198e-05,1.7476326985711689e-07,0.0009774066917683916,0.002117854648641459,5.3493593989695325e-05,1.1161415226286082e-05,3.711012054402633e-07,2.459891269681797e-05,3.602762085377163e-06,1.0874244875783474e-08,1.0654775819210595e-07,6.33812625441867e-06,0.000780316426260529
55,7.863934403372773e-05,3.157125421367896e-05,7.080561921414728e-05,2.277256121701607e-06,0.39622957760899363,0.026755485575769854,6.825636271929464e-06,8.465153141147353e-09,0.5670393098539783,1.2635333477035647e-08,8.187069307450514e-06,5.5876880808466676e-08,1.8282833000471564e-05,7.198576487920572e-07,0.003615110004873854,0.0024246339893966152,6.924534971193364e-05,1.1658761126293858e-05,4.110087741367389e-07,3.9132440084874505e-05,2.816222877537648e-06,1.6897952972800285e-08,2.8092161505586636e-07,3.193116157175655e-06,0.003591742401508501
56,8.653604127384608e-05,1.8153853760942562e-05,5.6021928237787664e-05,1.2355655411150615e-06,0.1620719438895586,0.010387611045702353,4.638807559238329e-06,3.4518073434685888e-09,0.8220860772710779,4.430785426227456e-09,2.382935415753174e-06,8.12194789314027e-08,2.5279215351686638e-05,2.4623311331853226e-07,0.0016580276856500817,0.0013910371799977918,2.4296433866621357e-05,8.741943100028729e-06,2.5524973497121195e-07,1.5213044834340038e-05,1.7325421892036585e-06,7.487846327527467e-09,5.76063574128869e-08,2.052503768726444e-06,0.00215836243399041
57,8.48865967094673e-05,1.8487673608777018e-05,5.278059657825323e-05,1.2210703628478687e-06,0.1413422906215598,0.006879423561560961,5.4433571890434145e-06,4.153194724827163e-09,0.8457573719764717,4.97306565550349e-09,1.7258888237505013e-06,1.450826828769774e-07,4.314076767118819e-05,2.2692784671573027e-07,0.0016603358534972674,0.0017654351376320755,3.0284866668367013e-05,8.114823553460027e-06,3.03740923725113e-07,1.958114268639605e-05,2.1639842188710646e-06,1.068453822788637e-08,5.22289904013573e-08,1.8702116794284829e-06,0.0023246940782861336
58,9.120565852058946e-05,1.7566651047718823e-05,5.8279882903827165e-05,1.2121949501005414e-06,0.14441726814198622,0.01085045921746794,4.250858727160239e-06,3.2058573107334372e-09,0.8401814137867629,4.086083176941426e-09,2.5152292121115315e-06,7.930013998725454e-08,2.4393766678052877e-05,2.1248175248328241e-07,0.0012970015206413383,0.001291846756041455,2.0280638121874618e-05,8.197018257174938e-06,2.914905113279299e-07,1.346765458008196e-05,1.6182011643427146e-06,6.396284596685306e-09,5.813287845931241e-08,2.6648245685539444e-06,0.0017157029048612904
59,8.74871935324156e-05,1.7413017498306516e-05,6.648974841300034e-05,1.300404605239739e-06,0.14337458346183757,0.011317400025313427,4.329250522665848e-06,3.3171989807291474e-09,0.8405624836913488,4.373401199189322e-09,2.569509883585292e-06,7.490509858959734e-08,2.2298575548814373e-05,2.0043316803624328e-07,0.001400306003072623,0.0013664179868118516,1.9590935712344004e-05,8.060116200735217e-06,2.73015622034298e-07,1.4428666731296756e-05,1.7043386947130415e-06,6.41547434625063e-09,6.185244681646707e-08,2.725902211834433e-06,0.0017297868596507311
60,8.377459028438172e-05,1.8103376216281245e-05,5.521861897654328e-05,1.2403873030351523e-06,0.16506477457875005,0.01076925521187384,4.51164132431694e-06,3.4001913086362665e-09,0.818647825852283,4.530851326462743e-09,2.3951826359025743e-06,7.1510235571935e-08,2.156445583491381e-05,2.386820537915134e-07,0.001709679847847979,0.0014537667937618523,2.3388065994557523e-05,8.868062269373257e-06,2.414101044784289e-07,1.5042609250375287e-05,1.6934451656449588e-06,7.347205981404183e-09,5.740238552775654e-08,2.0128134791199347e-06,0.0021162601837208138
61,9.164431139054476e-05,1.807047265780044e-05,6.712727747624219e-05,1.2903768708521868e-06,0.14676454716180987,0.010987161099046313,4.610869595040878e-06,3.3831697035607176e-09,0.837352023183283,4.578628434602145e-09,2.5326543175660612e-06,7.874383050633683e-08,2.33695857068755e-05,2.0530340116308086e-07,0.0014556820831194165,0.00133708946943193,2.011877153622451e-05,8.403294615847866e-06,2.7800839850140703e-07,1.449086603023392e-05,1.729001052635593e-06,6.689512392321295e-09,6.211357763427027e-08,2.673226233855446e-06,0.0018467974753074324
62,8.377459028438172e-05,1.8103376216281245e-05,5.521861897654328e-05,1.2403873030351523e-06,0.16506477457875005,0.01076925521187384,4.51164132431694e-06,3.4001913086362665e-09,0.818647825852283,4.530851326462743e-09,2.3951826359025743e-06,7.1510235571935e-08,2.156445583491381e-05,2.386820537915134e-07,0.001709679847847979,0.0014537667937618523,2.3388065994557523e-05,8.868062269373257e-06,2.414101044784289e-07,1.5042609250375287e-05,1.6934451656449588e-06,7.347205981404183e-09,5.740238552775654e-08,2.0128134791199347e-06,0.0021162601837208138
63,8.955324880387617e-05,2.2250225876429233e-05,5.443613589225395e-05,1.2568332861395114e-06,0.16846674206887854,0.010195911511186272,4.62441011150998e-06,3.226565587892395e-09,0.8159001822840081,4.816735721953969e-09,2.33560649674924e-06,7.467558832511789e-08,2.058288640993026e-05,2.523138899153758e-07,0.00168776036860435,0.0013314286027539812,2.2630524317739425e-05,8.335700084458894e-06,2.5795588023527944e-07,1.5124908457589995e-05,1.6673082333597175e-06,7.372620468986789e-09,6.078062479787939e-08,2.021898518539494e-06,0.002172494336175084
64,7.733888870386341e-05,1.8529998417228845e-05,5.5829295883576765e-05,1.338700596541474e-06,0.15982739937140994,0.011129652759860002,4.542280565326573e-06,3.273704316810902e-09,0.8232866026169823,5.243850508006149e-09,2.1908105708942477e-06,8.013731502447252e-08,2.5308776063785472e-05,2.5226522296925567e-07,0.0017223376321259982,0.0015088326687780318,2.6591679367477876e-05,9.201188248732267e-06,2.428681084561723e-07,1.7326764045075536e-05,2.3422742698052587e-06,8.500335757982505e-09,6.434999971475282e-08,2.123807785132761e-06,0.0022818538477896505
65,0.00010789071835408054,3.694603219071995e-05,0.00012996157475078665,3.954950741639389e-06,0.459129655092913,0.023929864511705336,1.6522247746418455e-05,1.3885055758400188e-08,0.5001067434401619,3.74647770849924e-08,5.290955231822832e-06,1.081039560429611e-07,2.984627618926538e-05,1.106496886604364e-06,0.004739447603900821,0.0037845664851644894,6.986181859088869e-05,1.878383000871045e-05,2.7947321759995203e-07,7.560160001610695e-05,5.428305840596506e-06,1.949024003502333e-08,3.802675052449953e-07,2.9215595334818527e-06,0.007804767815321641
66,9.779313445157631e-05,1.4422315815338626e-05,7.806301904376333e-05,1.0698153183826003e-06,0.18325698264849297,0.015106674125060341,4.227347552742063e-06,2.702762756123336e-09,0.7966359936315233,5.621439208606591e-09,2.12508113705494e-06,5.6543198275509214e-08,3.0238187771448693e-05,1.7947742313519407e-07,0.0012055331744512475,0.0012624818548791032,2.8053440160288823e-05,1.0420377461868506e-05,2.509107063326213e-07,1.8443014953513392e-05,2.2985856940942196e-06,5.109757818015711e-09,6.927687217861743e-08,2.801128419656141e-06,0.002241809475653675
67,7.773539700221771e-05,1.6378680355852925e-05,7.333190853880214e-05,2.569778818635414e-06,0.19907646474427498,0.024744313115126405,3.990221106122247e-06,4.034118156374376e-09,0.7693433338599327,7.205792547815271e-09,3.734692755807413e-06,7.777901884234005e-08,4.254407620978628e-05,4.6824022512055607e-07,0.0014968833007478607,0.0021353045468749878,5.1376173006490296e-05,1.3284403403410508e-05,2.412486414341688e-07,3.212710605894964e-05,3.0772779998625083e-06,8.712073807739693e-09,1.4241511760372442e-07,3.741218840048984e-06,0.002878859863959456
68,0.00018052352862691208,1.887725075721099e-05,0.00014696369013974208,3.056875571137712e-06,0.08119200280754817,0.009746102960823351,3.7351727103837294e-06,2.594071423843885e-09,0.9051794210268195,6.614554033441151e-09,1.6517094159160964e-06,1.0807118729604747e-07,2.686445400409743e-05,1.964137882407126e-07,0.0004600147561208354,0.0010689466049480303,2.1929041714285278e-05,1.6223325072204716e-05,1.69836083045088e-07,1.707943370697549e-05,3.3953579701020585e-06,6.087372750753305e-09,9.122436446202592e-08,5.152801900516221e-06,0.0019074783607292947
69,7.743408447950434e-05,1.9125555093458165e-05,5.937575097263889e-05,1.4326494189033202e-06,0.17364078837762387,0.011693638133814792,4.7912630935962985e-06,3.832701299978228e-09,0.809101892103172,4.8196833212859564e-09,2.921548817373368e-06,7.657226008958813e-08,2.173077040046474e-05,2.5456006810243403e-07,0.0017645096337461491,0.001568085107161917,2.2950181563073636e-05,8.092004615924365e-06,2.612295806037849e-07,1.686174392515387e-05,1.8665941331932815e-06,7.561496927045645e-09,7.307247595618244e-08,2.4251256508999534e-06,0.001991397724050891
70,7.838380992538788e-05,1.961184944967263e-05,4.973128300663017e-05,1.1711340666536172e-06,0.17223839553285186,0.01199207842191923,4.216976553879849e-06,3.129361797578486e-09,0.8106926436991378,4.433716195032276e-09,2.771497589117697e-06,6.5610043744511e-08,1.989535476716489e-05,2.3467174643148221e-07,0.00162810375471108,0.0013424715526119142,2.3560800026625115e-05,8.017097219047555e-06,2.9362927630078636e-07,1.4274018336815636e-05,1.7999063915643434e-06,7.458957056611747e-09,6.635004502847423e-08,2.3982021127744518e-06,0.0018797998261760205
71,8.141442518880383e-05,2.1426495082143895e-05,5.0200794684705445e-05,1.3122520623767891e-06,0.19493691603017402,0.00968076784662816,4.896788269544296e-06,3.310682424393165e-09,0.7898714741471491,5.381626881545304e-09,2.0736411631540527e-06,7.696270123005833e-08,2.468436287519853e-05,2.6934490066361796e-07,0.0014973011531228672,0.0015220800983567096,2.397827761680878e-05,8.011139866526896e-06,2.259851129351376e-07,2.0223149362291574e-05,1.7676129693494557e-06,6.382819235546685e-09,6.756750002528673e-08,1.9745114302783702e-06,0.002248842338654495
