,0,1,2,3,4,5,6,7,8,9,10,11,12,13,14,15,16,17,18,19,20,21,22,23,24
0,6.922981697987599e-06,5.092180973109288e-07,3.752820058954356e-05,0.0050304301719834455,0.010855220827418811,0.41047639552789705,2.4763017657013028e-05,1.9921004119385703e-07,0.13830516803368553,0.0007119670394086549,4.272966020579832e-06,4.984524240030112e-08,1.492318095352159e-08,6.064059436318609e-06,0.00014625437077614355,4.618771364102633e-06,1.6933768966506043e-05,2.8890862759079178e-05,1.8745514335327442e-05,4.015631710514976e-07,4.208410946367622e-06,2.7757950535796537e-08,0.4336089389110607,0.0006846044282719062,2.686961804135393e-05
1,5.189856997029507e-06,4.2725904432111427e-07,4.520721097240062e-05,0.004531589521905475,0.008495656760537845,0.4161493748449878,2.41856590420622e-05,1.8572476235106743e-07,0.1648585025813413,0.0009924855131757883,2.729365985745346e-06,3.9052125458589006e-08,1.5088206106681065e-08,5.8855522165600644e-06,0.00013169427499727201,6.202708574721876e-06,1.2780811684262752e-05,2.8072772660724513e-05,2.016271404721061e-05,4.875480744549102e-07,4.121213674838638e-06,2.2174469356648974e-08,0.4038789807201018,0.0007790669168636486,2.693415355152028e-05
2,5.887599135919764e-06,5.777508143990577e-07,4.294201949210518e-05,0.004949746229489112,0.014290552401910931,0.36506000043205394,2.5636206425111393e-05,2.092273629986871e-07,0.17931916253944197,0.0008290576531399693,4.489782353923371e-06,5.859948824786602e-08,1.4585219689245378e-08,9.44290934137428e-06,0.0001907760318825473,4.954755707173203e-06,1.581564684148695e-05,2.6353877192182766e-05,1.6815607685785255e-05,5.454739209018154e-07,4.3398963806282254e-06,2.8514244980322196e-08,0.4343520841296384,0.0008107293566229768,3.9778774213275634e-05
3,7.249366971639016e-06,5.268643229080537e-07,3.917519683169227e-05,0.005239682860369683,0.011322341106607556,0.4070286747365348,2.5562965203025954e-05,2.052455215647401e-07,0.13535337474186096,0.0007033101021091565,4.427127285513334e-06,5.309457598910295e-08,1.5499942131650693e-08,6.133008843157338e-06,0.0001459925008267833,4.772923395873283e-06,1.8268309596530506e-05,2.950168747864604e-05,1.8727503016215166e-05,4.079162682963423e-07,4.328942236794329e-06,2.8188476403666773e-08,0.439316600334426,0.000703480159953396,2.715961734526202e-05
4,7.787435351376704e-06,6.495634481998453e-07,4.6304896743385415e-05,0.005811670226185832,0.012576000745331441,0.37541271845531804,2.736447952295571e-05,2.2480991505792162e-07,0.146362004167817,0.0008057668248994586,4.75353522734276e-06,5.922725114465742e-08,1.9578053194060336e-08,7.844738769619616e-06,0.000152118266619633,5.129287463838052e-06,2.0114476740396042e-05,3.273618812599798e-05,2.0587926659703667e-05,4.998278148160839e-07,5.26167084912451e-06,3.260768013802288e-08,0.45783849115746517,0.0008313162120106614,3.054369473648366e-05
5,6.361884843865332e-06,4.221004905417653e-07,3.7999493193475866e-05,0.005905650121959089,0.010726360242503796,0.35596855350281154,2.256876132717295e-05,1.826394681525077e-07,0.11631761187797053,0.0007026943786658957,3.5878908269742035e-06,3.963200679782383e-08,1.48385188820102e-08,5.726633929544319e-06,0.00010227467047153067,4.202644877309372e-06,1.6173896368754818e-05,3.9721344218076956e-05,1.785565502288539e-05,4.302230324712768e-07,4.5444140394458416e-06,1.9796777675542452e-08,0.5093836772391253,0.000714583787440365,1.874233010989458e-05
6,7.249366971639016e-06,5.268643229080537e-07,3.917519683169227e-05,0.005239682860369683,0.011322341106607556,0.4070286747365348,2.5562965203025954e-05,2.052455215647401e-07,0.13535337474186096,0.0007033101021091565,4.427127285513334e-06,5.309457598910295e-08,1.5499942131650693e-08,6.133008843157338e-06,0.0001459925008267833,4.772923395873283e-06,1.8268309596530506e-05,2.950168747864604e-05,1.8727503016215166e-05,4.079162682963423e-07,4.328942236794329e-06,2.8188476403666773e-08,0.439316600334426,0.000703480159953396,2.715961734526202e-05
7,2.955285541400313e-05,1.0531315486650204e-06,7.35683249998274e-05,0.008668979417330504,0.011532323470178516,0.5429095563614679,3.7605088222727365e-05,4.955901945811131e-07,0.11104659689110245,0.00090872287843246,1.13436931507322e-05,8.21220044642984e-08,5.6506949531881096e-08,5.251811092446751e-06,0.00026052384024821364,6.915065452923948e-06,3.0355129792163982e-05,4.598348478416104e-05,3.757911769559672e-05,5.333576389409343e-07,6.3943244171223606e-06,8.629170089576523e-08,0.32369727734439974,0.0006635105240620941,2.5653377719449614e-05
8,7.993407061367245e-06,4.441879043793927e-07,8.35118778334139e-05,0.004988396258407745,0.011175547324468838,0.268613128347034,1.2372086017702673e-05,1.0683936372636661e-07,0.15038726747926973,0.0008804380584228381,2.5085387248113636e-06,5.1740351433090866e-08,1.4072072718121688e-08,7.967138924549926e-06,9.056954345489841e-05,5.006282469097799e-06,1.911070305061626e-05,2.17396878050174e-05,6.2565928428872895e-06,5.59270435860677e-07,2.570545030191663e-06,1.4428702615349666e-08,0.5620657979821351,0.00159235005912109,3.6277549095487034e-05
9,4.432119239545842e-06,6.683658933203061e-07,9.674639473617648e-05,0.005230185736943415,0.00915453990615559,0.2457258638122556,1.2801043559224837e-05,1.4626950268906225e-07,0.1844253238219089,0.00184378825570706,1.936624683079214e-06,4.512436798599012e-08,1.559338620491433e-08,1.4303862919164492e-05,9.456249069128523e-05,7.74387043476211e-06,1.8458022082774776e-05,2.6883960889728272e-05,9.602849590399708e-06,9.040287699483356e-07,3.6349624502649924e-06,1.553473586376332e-08,0.5516142472601298,0.0016679644544190992,4.518563454817152e-05
10,7.249366971639016e-06,5.268643229080537e-07,3.917519683169227e-05,0.005239682860369683,0.011322341106607556,0.4070286747365348,2.5562965203025954e-05,2.052455215647401e-07,0.13535337474186096,0.0007033101021091565,4.427127285513334e-06,5.309457598910295e-08,1.5499942131650693e-08,6.133008843157338e-06,0.0001459925008267833,4.772923395873283e-06,1.8268309596530506e-05,2.950168747864604e-05,1.8727503016215166e-05,4.079162682963423e-07,4.328942236794329e-06,2.8188476403666773e-08,0.439316600334426,0.000703480159953396,2.715961734526202e-05
11,8.280676531951088e-06,5.841538443066529e-07,4.339073515702564e-05,0.0057564910734605,0.012060809198262273,0.400344931444318,2.7946775764596743e-05,2.1928316065340875e-07,0.13976192329727577,0.0007234273384938749,4.790306725699812e-06,6.009616225043768e-08,1.9389781392435056e-08,6.442987202246954e-06,0.00015578206187546835,5.263234221332894e-06,1.974806478638628e-05,3.12450091771271e-05,2.0304975127134656e-05,4.6787234526498357e-07,4.681469725673948e-06,3.237966398911969e-08,0.4401830310946503,0.0008114088195450749,2.87182627417378e-05
12,4.1996001176283645e-06,2.99307792441969e-07,5.213949487732666e-05,0.002656505108399811,0.03336281910472875,0.22540538851424183,1.7733342495852528e-05,5.0468262853284987e-08,0.15106233403580785,0.00037815077610533885,3.982408377078105e-06,3.308276835258905e-08,9.14499801677587e-09,9.367027934842094e-06,6.650012509684185e-05,1.4456965232911595e-06,1.622774709766061e-05,1.5882921743536703e-05,4.773178319756948e-06,5.098027746134464e-07,4.816978517703021e-06,1.1391053469788695e-08,0.5853498401951233,0.0015501091213883174,3.6871425453581694e-05
13,7.746612192291733e-06,5.740409371632288e-07,4.079527526542457e-05,0.005385661680807869,0.012298167474323067,0.4029164065657374,2.6960373234677186e-05,2.2242287704472134e-07,0.13895970181056547,0.0007023712640300248,4.998003504012336e-06,5.918053287197539e-08,1.6493616536304613e-08,6.692561139446621e-06,0.00016072615345797317,4.939938147247277e-06,1.9435777064366747e-05,3.0019755988740127e-05,1.9568284223831502e-05,4.265385777271925e-07,4.637431450525679e-06,3.094346475965569e-08,0.43865436856887974,0.0007255403055699479,2.993254441186809e-05
14,8.581503319365581e-06,9.143516216046748e-07,3.653936256422872e-05,0.007377911493251907,0.02104702695818311,0.37544038545959835,3.0172758809320606e-05,2.4626589983817705e-07,0.12465178019128924,0.000773804622969059,8.140512779117445e-06,5.860006083540171e-08,2.2442335695524e-08,8.0485891332016e-06,0.0001255530757701945,3.5659229489660837e-06,2.7159261108434193e-05,4.7075018319516455e-05,3.19036247671461e-05,4.104975362362217e-07,8.269493614465666e-06,4.0686762374695396e-08,0.46958705719455135,0.000762919561902987,2.2412550903340756e-05
15,7.249366971639016e-06,5.268643229080537e-07,3.917519683169227e-05,0.005239682860369683,0.011322341106607556,0.4070286747365348,2.5562965203025954e-05,2.052455215647401e-07,0.13535337474186096,0.0007033101021091565,4.427127285513334e-06,5.309457598910295e-08,1.5499942131650693e-08,6.133008843157338e-06,0.0001459925008267833,4.772923395873283e-06,1.8268309596530506e-05,2.950168747864604e-05,1.8727503016215166e-05,4.079162682963423e-07,4.328942236794329e-06,2.8188476403666773e-08,0.439316600334426,0.000703480159953396,2.715961734526202e-05
16,1.0266072208874337e-05,9.044004725154535e-07,3.431074700782072e-05,0.006493147868165501,0.01395254475143354,0.43794846641568785,3.513044358498458e-05,3.608255131076808e-07,0.14555169812111524,0.0007276726566940527,7.706775660963679e-06,1.0347626826669671e-07,1.9257816328005846e-08,8.730046017734116e-06,0.0002775332740223385,6.254677557415544e-06,2.5136391246851555e-05,3.527672991367958e-05,3.0239471448630728e-05,3.964095961790398e-07,5.348866023895212e-06,5.8069309711456726e-08,0.39421535388559675,0.0005922562807359668,4.10840869020012e-05
17,9.086707786531201e-06,5.893224197613876e-07,4.7249694902742493e-05,0.00462169574749881,0.02180085558497233,0.28526591270350776,3.142648313943113e-05,1.6201100305458507e-07,0.13012612478110444,0.0004338810517234646,5.8772466230438455e-06,6.664306649625823e-08,1.8141919578576914e-08,8.017844768681873e-06,8.582521003890658e-05,3.155800098509422e-06,2.4307544763462702e-05,3.4260253760596826e-05,1.3786811330025985e-05,4.204267425247941e-07,7.714612992004244e-06,2.5621753317659917e-08,0.5563822016044283,0.0010690836520460998,2.8254497610131046e-05
18,5.3919230927923785e-06,5.562936256372833e-07,4.5066229406662264e-05,0.0029904508796210977,0.01062260137048149,0.3169230226139431,3.058746184026674e-05,1.5670703487311936e-07,0.16095879629746895,0.0006721113635489114,4.152313250000319e-06,7.231720083544449e-08,1.3154471611777945e-08,9.960171789224184e-06,0.00014787717362021915,5.996162299467053e-06,2.154291605790544e-05,2.5649923508184162e-05,1.8806851882161274e-05,4.580194015985807e-07,6.095873520252439e-06,2.708676049649226e-08,0.5063725033566723,0.0010792656537132609,5.883788578875505e-05
19,4.652665775880424e-06,5.740687630651604e-07,2.9204493639978534e-05,0.007098059564191015,0.011203605718052938,0.47860767757523154,2.1385060691752404e-05,1.7207736900515811e-07,0.17169250766859012,0.0009094193234889916,2.700168233084391e-06,5.0607876315119046e-08,1.3858939268773736e-08,5.621996126585186e-06,0.00016568177302856484,4.462300578231442e-06,1.3137533765102521e-05,1.8536522379508184e-05,1.5561267690042596e-05,4.051983902483654e-07,2.159058684723164e-06,3.085211290654006e-08,0.3295643492022354,0.0006159277453665776,2.4103698799173108e-05
20,7.495260915705342e-06,8.739746627295278e-07,3.2771989668029685e-05,0.0066629597517393994,0.012515611840938606,0.4517459543823703,2.94720028256027e-05,2.882590416076904e-07,0.16905140943337735,0.0009354219258842186,5.841917201163444e-06,5.691401580120997e-08,2.2677783413568704e-08,8.16243992640809e-06,0.000256030702730033,4.7919124588479764e-06,1.7688866149436283e-05,2.841887634210451e-05,2.95465592691884e-05,5.150258732200731e-07,4.652751785670345e-06,5.7515655407269935e-08,0.358014864922802,0.0006159151483731624,3.117494821064252e-05
21,1.5023706354469027e-05,8.407906454560561e-07,0.0001240970725293916,0.006819720664763309,0.014053688626968253,0.23544274444425106,2.8047504116311898e-05,2.996303086738546e-07,0.11789209184992962,0.0008817953280760817,5.444287617140739e-06,1.1018030677613842e-07,3.079407499727451e-08,1.2616949490615771e-05,0.00010296063015783656,9.794559205800423e-06,3.6840196802647136e-05,6.221389588180168e-05,1.5527383735077513e-05,7.802319191894578e-07,9.01025046341544e-06,2.504145204344227e-08,0.6228134191480927,0.001631363745343421,4.151308751390399e-05
22,1.0665863517409088e-05,5.856371811049197e-07,6.418038618895095e-05,0.005593846532484072,0.009008659720851325,0.3772949971641465,1.9804366066926523e-05,3.031516485273631e-07,0.06439669766136887,0.0009273817658247729,5.0264952939145735e-06,3.925577711518199e-08,1.8362027035830186e-08,6.2724785614902145e-06,8.56976174040472e-05,5.026099553700246e-06,3.787601348046484e-05,5.275871224051216e-05,1.8805968929916387e-05,4.488991436395883e-07,7.368058792641759e-06,2.7351827055695235e-08,0.5419408027775927,0.0005058606406411146,1.684901945629827e-05
23,7.249366971639016e-06,5.268643229080537e-07,3.917519683169227e-05,0.005239682860369683,0.011322341106607556,0.4070286747365348,2.5562965203025954e-05,2.052455215647401e-07,0.13535337474186096,0.0007033101021091565,4.427127285513334e-06,5.309457598910295e-08,1.5499942131650693e-08,6.133008843157338e-06,0.0001459925008267833,4.772923395873283e-06,1.8268309596530506e-05,2.950168747864604e-05,1.8727503016215166e-05,4.079162682963423e-07,4.328942236794329e-06,2.8188476403666773e-08,0.439316600334426,0.000703480159953396,2.715961734526202e-05
24,5.730440079990528e-06,7.969993167582846e-07,3.239463196005393e-05,0.009271071618866412,0.011385075815240165,0.36524353008186516,2.696338039714081e-05,2.5325783651339023e-07,0.13350334419320892,0.0009689829857585186,3.976502125704097e-06,5.242449270990856e-08,1.7510932858967822e-08,7.94760591230194e-06,0.000146767706778797,4.941000705150038e-06,2.135094185458217e-05,4.064923679582961e-05,2.8893780102942655e-05,4.1896699117947145e-07,4.650527297805304e-06,3.177459056842032e-08,0.47865084039405703,0.0006295757909563204,2.174243187668641e-05
25,1.0660859181676634e-05,5.959368099977989e-07,4.926883561071841e-05,0.00683750644720435,0.022080150341042975,0.3388814047450622,4.7901639483847434e-05,5.287341831458984e-07,0.08889450595659273,0.0004521084769527585,1.056255625915824e-05,8.969937473634111e-08,2.096099505229879e-08,8.00065234176069e-06,0.00012606464707996852,5.1749824237989485e-06,2.9437260779710827e-05,6.362020391884697e-05,2.2435300996378464e-05,5.580307099810967e-07,1.0667299124886722e-05,3.0305368904113714e-08,0.5418155382890644,0.0006283265021450259,2.4841337293103642e-05
26,7.09937068299296e-06,6.41812833203252e-06,5.595807151149066e-06,0.0056963818050080476,0.007788211452901102,0.8800183265334708,0.00014039015839397307,5.593047330037039e-06,0.06392131460009982,0.0007618890560016847,6.776303446163099e-05,6.903328901716111e-07,3.1421236718321007e-08,8.995963518890996e-06,0.008838712770937378,1.9341383911540796e-05,6.559657159370088e-05,8.349574830215353e-06,0.0004760176448648566,1.8351474786180075e-07,5.830685714111449e-06,2.533476716813865e-06,0.03196855874178642,3.121730606269351e-05,0.00015495761735526492
27,5.466795032757067e-06,4.73211264398695e-07,2.1714598270720337e-05,0.004887639428131189,0.00937803842186796,0.4949285582982758,2.3995529986951074e-05,1.6699434897222623e-07,0.19931466474620607,0.0006403374049075173,3.337949624589718e-06,4.746153310518928e-08,1.3652062612967423e-08,4.314218381063129e-06,0.00020619595411959762,4.051210234164735e-06,9.123268477350268e-06,1.6934222390035817e-05,1.9405191061284135e-05,3.311910940262227e-07,2.1745598439724735e-06,3.680953019644467e-08,0.2898908629001724,0.0006154404526387177,2.6675530544577757e-05
28,7.249366971639016e-06,5.268643229080537e-07,3.917519683169227e-05,0.005239682860369683,0.011322341106607556,0.4070286747365348,2.5562965203025954e-05,2.052455215647401e-07,0.13535337474186096,0.0007033101021091565,4.427127285513334e-06,5.309457598910295e-08,1.5499942131650693e-08,6.133008843157338e-06,0.0001459925008267833,4.772923395873283e-06,1.8268309596530506e-05,2.950168747864604e-05,1.8727503016215166e-05,4.079162682963423e-07,4.328942236794329e-06,2.8188476403666773e-08,0.439316600334426,0.000703480159953396,2.715961734526202e-05
29,7.249366971639016e-06,5.268643229080537e-07,3.917519683169227e-05,0.005239682860369683,0.011322341106607556,0.4070286747365348,2.5562965203025954e-05,2.052455215647401e-07,0.13535337474186096,0.0007033101021091565,4.427127285513334e-06,5.309457598910295e-08,1.5499942131650693e-08,6.133008843157338e-06,0.0001459925008267833,4.772923395873283e-06,1.8268309596530506e-05,2.950168747864604e-05,1.8727503016215166e-05,4.079162682963423e-07,4.328942236794329e-06,2.8188476403666773e-08,0.439316600334426,0.000703480159953396,2.715961734526202e-05
30,7.249366971639016e-06,5.268643229080537e-07,3.917519683169227e-05,0.005239682860369683,0.011322341106607556,0.4070286747365348,2.5562965203025954e-05,2.052455215647401e-07,0.13535337474186096,0.0007033101021091565,4.427127285513334e-06,5.309457598910295e-08,1.5499942131650693e-08,6.133008843157338e-06,0.0001459925008267833,4.772923395873283e-06,1.8268309596530506e-05,2.950168747864604e-05,1.8727503016215166e-05,4.079162682963423e-07,4.328942236794329e-06,2.8188476403666773e-08,0.439316600334426,0.000703480159953396,2.715961734526202e-05
31,1.3083112699147769e-05,7.927341290437235e-07,9.103818324646929e-05,0.005975969444078139,0.008395053919213078,0.36505862932590843,2.6406567206423015e-05,4.2292472588113377e-07,0.10192467703490768,0.0010853886179650366,4.792903630553918e-06,6.846819926149497e-08,2.2097841326939705e-08,8.347010238963475e-06,0.00011124107354876915,8.66429897892191e-06,3.2992276510763246e-05,5.05550718641336e-05,1.8380438466924014e-05,5.329443398327852e-07,6.602668931147739e-06,3.014751273213729e-08,0.516422592015413,0.0007339004342221111,2.9816286222273737e-05
32,6.786529825075199e-06,5.057813178506737e-07,3.4986346308082065e-05,0.005388355062722828,0.0108201217309163,0.4160200517002368,2.6978887916684176e-05,2.0512142581587877e-07,0.13464058979877433,0.0007048572201284221,4.355190871011998e-06,4.920595763203135e-08,1.5920857048436032e-08,5.690179095062898e-06,0.00015173243472966195,4.720423922442195e-06,1.746247573695222e-05,3.055082913390142e-05,2.2533518120196906e-05,3.9705993369130663e-07,4.484396459587802e-06,2.9295769635414526e-08,0.4314185027537708,0.0006711632484589704,2.4874887611232008e-05
33,2.687042769815454e-05,1.7007958758204112e-06,5.4059403368152246e-05,0.016342568413199438,0.01692011638864224,0.3956604370375659,5.9485659416354986e-05,7.224302142090877e-07,0.07133072149716811,0.0005711242922818078,1.508973921478505e-05,2.1954005553158243e-07,6.053133208519395e-08,6.653961380748931e-06,0.00019282776095579386,1.1451352872876406e-05,8.878764251795117e-05,7.680220789975765e-05,5.181551640370182e-05,5.03325814154031e-07,1.055682552219992e-05,9.754266677166075e-08,0.49759844529981173,0.0009517113118921117,2.7171096229679882e-05
34,5.206715294181357e-05,3.6471548405045545e-07,6.675216963742211e-05,0.00737448704126634,0.014601205743512344,0.38650223636852094,3.9977512234103373e-05,2.9733300828146776e-07,0.11651712074438239,0.0003624872393377943,1.2989238266070098e-05,5.481149781548876e-08,4.160539153161946e-08,3.0431419704109835e-06,0.00026247091822008303,4.5759291360637345e-06,2.0801576530897583e-05,6.623297159643666e-05,4.020463638462609e-05,3.1352546922247114e-07,7.68885973429935e-06,4.178509047873785e-08,0.4731735442530067,0.0008717676547192725,1.9233072660632333e-05
35,1.2433498518522591e-05,4.482595422519777e-07,3.084606117073679e-05,0.0051406775626791955,0.005154157892209596,0.5087348481858053,2.664087333354499e-05,2.5113617382247847e-07,0.11119448131022597,0.0006264786990146761,3.439271576644797e-06,5.193921768406783e-08,1.819688432084089e-08,2.547412650320878e-06,0.00010742721254177566,7.278741623362144e-06,1.5589355862885464e-05,4.411331391247366e-05,2.86031613733787e-05,2.503502140452619e-07,3.336704990588533e-06,3.2514402155890007e-08,0.3682245308315385,0.0006252154567748581,1.6302057763390555e-05
36,7.219828756216634e-06,5.170810764073164e-07,3.905139556091321e-05,0.0051718616885798215,0.011528316670973484,0.40587069792276004,2.553098664292362e-05,2.0185266060172115e-07,0.13492455857747376,0.0006893756878394164,4.47593843141604e-06,5.285730341890003e-08,1.5349631867798976e-08,6.09313811816618e-06,0.00014448109112366405,4.678701266692705e-06,1.816069194204258e-05,2.9335511032526666e-05,1.846776728584418e-05,4.0655532234520895e-07,4.348864163822733e-06,2.774841441053039e-08,0.44077625241713714,0.0007087462175186625,2.7125458984474e-05
37,1.2626632276760988e-05,4.939843686687762e-07,7.67555046355089e-05,0.004477242016620406,0.016159636858244987,0.2545158190647992,2.5918578355304957e-05,1.3443120256065213e-07,0.13331887249813829,0.0005261467536113619,4.4787170440893234e-06,6.726826322738761e-08,2.221213712839523e-08,7.2631428132340455e-06,7.150159277496463e-05,4.502423010432441e-06,2.2430085366531115e-05,4.072798843933821e-05,1.1616945751019898e-05,4.876111582453707e-07,6.71727292419922e-06,1.9119778407602465e-08,0.5890199054208414,0.0016665341900989627,3.0079687345965034e-05
38,6.040314680419541e-06,1.844344665013872e-07,2.438909387250513e-05,0.00349498824267223,0.0031163003604475644,0.5911741513379233,2.7282873239033533e-05,1.8428935013668488e-07,0.0643330828707019,0.0005172368827199125,2.112877201792785e-06,2.691714377792871e-08,1.2645411039483432e-08,1.5810132779506846e-06,0.00010760357965113383,6.505839214925099e-06,1.2974231031906149e-05,3.080111082010136e-05,2.3039343883640392e-05,2.800989749423775e-07,2.817493851737585e-06,1.948312629442791e-08,0.33678991350418785,0.00031794873069866615,1.0522431450534115e-05
39,7.363186410072655e-06,4.820577725524525e-07,3.908298196199186e-05,0.004920989739843407,0.010327139294548386,0.43301712778184126,2.7494275585745506e-05,2.2804994670098946e-07,0.12104651700220813,0.0006612912064446305,4.407713957192225e-06,5.477933825557735e-08,1.5401257308381786e-08,5.363232862520374e-06,0.00013693746271522625,5.2824102196652465e-06,1.900071920876239e-05,3.030913129964653e-05,1.8917802838239037e-05,4.0281176442755416e-07,4.463100775525418e-06,2.8025160394892884e-08,0.4290474204349931,0.0006540353088958265,2.5646088151142942e-05
40,1.4348551617074908e-05,9.108818597646535e-07,6.461724750602683e-05,0.00490688735649343,0.015144712237585322,0.5000486744229337,2.7069853260917045e-05,2.767549138877934e-07,0.14600534579076696,0.0006933413805174003,7.65806205200377e-06,1.1004102574293282e-07,2.184089498078176e-08,8.314244667144113e-06,0.00026136844670069515,5.488501112594184e-06,2.919766438026039e-05,1.8142281353854213e-05,1.3193262369664476e-05,4.6160463172617174e-07,4.067442280528634e-06,6.158153481892577e-08,0.3320011167502519,0.000691210970544496,5.3402828745190076e-05
41,1.543941379836049e-05,2.9270154666781842e-06,0.00022175020009326387,0.0009693954161755162,0.0022864914654045702,0.06615138106466895,4.6464515884411234e-05,6.800531415509106e-07,0.025026500317919132,0.001195235901321543,7.621565929145148e-06,7.745037814318596e-08,9.124770724097172e-08,4.3773257530031353e-05,1.0564561886837198e-05,1.78081376476525e-05,0.0002065237432311332,0.0002990645163173248,5.086686661289626e-05,1.0904765670708784e-06,0.0002800853055245095,5.8324231904478594e-08,0.9015717405777056,0.001548833292489917,4.553531236663056e-05
42,8.951067603929e-06,9.111400158291153e-07,2.852956052030272e-05,0.006223648304271725,0.008380721455321425,0.6185470187897346,3.420638115298977e-05,3.4594194514875397e-07,0.13331949501486248,0.0008484225999320186,5.2560281206694335e-06,6.811867697466824e-08,2.7392753325396918e-08,3.896837846257973e-06,0.00026931395651326706,7.687520726437806e-06,2.3238587296769946e-05,1.9301974002696483e-05,3.846017094473003e-05,3.815870983563779e-07,3.5881699081053513e-06,9.196381086214718e-08,0.23170466821255342,0.0005047907668631061,2.697845752468402e-05
43,9.775051629115807e-06,7.250246012545351e-07,4.878555768676573e-05,0.006289750549508558,0.014404911558823083,0.3386941600229224,3.103009912509679e-05,2.1811058729749157e-07,0.1414323002297087,0.0006133330431932378,5.746581744243336e-06,8.381475976839114e-08,1.9465091862296542e-08,7.873012279385371e-06,0.00015524512098927923,5.447503916559174e-06,2.517221689813638e-05,3.355215763015438e-05,1.8800026329150834e-05,4.3275126414912405e-07,5.107531820417584e-06,3.0687741687239073e-08,0.49723459302760836,0.0009472634126575794,3.5643441483715434e-05
44,7.249366971639016e-06,5.268643229080537e-07,3.917519683169227e-05,0.005239682860369683,0.011322341106607556,0.4070286747365348,2.5562965203025954e-05,2.052455215647401e-07,0.13535337474186096,0.0007033101021091565,4.427127285513334e-06,5.309457598910295e-08,1.5499942131650693e-08,6.133008843157338e-06,0.0001459925008267833,4.772923395873283e-06,1.8268309596530506e-05,2.950168747864604e-05,1.8727503016215166e-05,4.079162682963423e-07,4.328942236794329e-06,2.8188476403666773e-08,0.439316600334426,0.000703480159953396,2.715961734526202e-05
45,7.756782500813914e-06,5.979559816929697e-07,4.62752961008922e-05,0.004904870227275771,0.011476913406417348,0.368863582836239,2.361216875859066e-05,2.042359585465926e-07,0.12960924550550074,0.0007635034057485971,4.631085709337104e-06,5.385142598320921e-08,1.5869348164599045e-08,7.39655257764031e-06,0.00012534533873121003,4.747372545971783e-06,2.128236536237159e-05,3.271177216156504e-05,1.7699959964977075e-05,4.2267821308319595e-07,5.226813612048156e-06,2.7501502164802685e-08,0.48328409790695787,0.0007704775128698781,2.930159853561256e-05
46,8.974352182570898e-06,5.922570233517267e-07,4.030109559567556e-05,0.005823278338401899,0.011555740889148885,0.43043049117943893,2.7234491838865585e-05,2.302659477282304e-07,0.11757500796134589,0.0006564708489008891,5.048352815326514e-06,6.412963835685959e-08,1.752653081871059e-08,5.583886851314881e-06,0.00015201091043641365,5.18468663989421e-06,2.411367533166507e-05,2.94785197610379e-05,1.933592381625179e-05,3.879832715917731e-07,4.317812156220697e-06,3.418940669061202e-08,0.43292850244562686,0.0006809676170434776,2.6630660849499595e-05
47,2.051772021457641e-05,1.9711691284241087e-06,4.805623069284557e-05,0.006512030226674876,0.009269189600928061,0.5387443354287318,4.0883810024510894e-05,4.0898886808016366e-07,0.17591449088150873,0.0009235825863999936,7.050221783268152e-06,2.0166452112925046e-07,4.156507174513231e-08,5.986503159844802e-06,0.0002804107228104724,1.377999699845608e-05,3.8503989113769385e-05,2.461774779215494e-05,3.08811510723478e-05,4.4321819406080286e-07,3.258254711614698e-06,1.3082090418650834e-07,0.26703187451948873,0.0010287634552843023,5.858952592197835e-05
48,7.42602382152252e-06,1.1781101052764795e-06,3.163800169048427e-05,0.00793299371167134,0.007298873222781938,0.4747538439622074,2.5830049563677373e-05,3.404113306522731e-07,0.09489278298175431,0.0011755202501176952,4.0009791934324405e-06,5.870681735080459e-08,1.805875395110471e-08,6.488228520599386e-06,0.00015330258989370966,6.2009572032463675e-06,4.016601064997103e-05,3.288041403813229e-05,3.155346218144683e-05,3.3120918065715124e-07,4.145419267032125e-06,5.643778715805377e-08,0.4131799769477416,0.00039928668068940225,2.1107173038022892e-05
49,8.68522780993866e-06,4.965484752147636e-07,5.185990566480469e-05,0.004610476304603727,0.009471989883587861,0.46102555036130854,2.406698133458568e-05,2.1510536369716634e-07,0.11589550263786036,0.0006505310115712473,4.055728136846203e-06,6.285361653703841e-08,1.6225890771918715e-08,5.10158491637069e-06,0.00011274281030768808,5.353928393830039e-06,1.9279171216295905e-05,2.562971098893212e-05,1.2020997377409835e-05,4.2496660215976787e-07,3.6301433601320553e-06,2.589370242468356e-08,0.407342706806491,0.0007029265215602675,2.6648689859368357e-05
50,4.310835897793203e-06,6.456721503736648e-07,3.1719835586409166e-05,0.004844739893146638,0.009048622122251309,0.4828416101882831,2.916666184513997e-05,2.7920292099512953e-07,0.1698517519203261,0.001286700916725486,3.216308145601777e-06,4.069016055826004e-08,1.511579235485642e-08,7.476315605638744e-06,0.00017752626347822218,5.266016512327905e-06,1.3790605904281216e-05,2.5650614529621414e-05,2.9884971913887116e-05,4.3452226561335547e-07,4.635449905793695e-06,3.9735516256866954e-08,0.33129937785127295,0.00046562186505190824,2.7476424811829305e-05
51,1.903094887956972e-05,1.990042812191309e-05,6.42591148594416e-05,0.05705999643863515,0.01858118174591338,0.3886687600278999,4.033364011457869e-05,2.2746183361706282e-06,0.2688612688588258,0.0046365571038924054,1.4193558615749331e-05,3.6561269978881304e-07,8.830565391144923e-08,4.8545845909184086e-05,0.0008006508976336405,1.3586259834826879e-05,6.326639250015716e-05,5.964361248004123e-05,9.686248939791973e-05,7.667557265445696e-07,5.316860755253849e-06,4.085122581120401e-07,0.2603098984528275,0.0005638104774386365,6.903304079051958e-05
52,5.124625856708332e-06,2.2489637214936884e-07,1.9177394414085152e-05,0.007980672905627432,0.0022749474809401187,0.5644556758982487,7.978084266465154e-06,2.2472880340720167e-07,0.08635046606281124,0.0020958753892480818,1.4110687648049626e-06,9.655119014221037e-09,1.239255919866531e-08,2.17924047657857e-06,0.0001473942033304319,6.623476407831904e-06,6.134507027748873e-06,7.277054815881002e-05,3.53939993023516e-05,4.513061242986627e-07,1.4001442721791712e-06,1.8816252924039643e-08,0.33625457950310395,0.00027557882148923906,5.674851022216108e-06
53,4.171535347985852e-06,2.5254963379977456e-07,1.9807698822508163e-05,0.0030694775482836946,0.00812972539075179,0.44603344752799834,3.8460608314514884e-05,1.6257590868001793e-07,0.13185298107267748,0.0003030503245270344,3.2323762393051183e-06,5.3426235074490304e-08,8.28588480193353e-09,3.604728329173786e-06,0.00013765984855389755,4.0500797335243266e-06,9.7730944849916e-06,1.9735399804883593e-05,1.3054920332564597e-05,2.9131518368513693e-07,2.7859439741993127e-06,1.673391322372152e-08,0.4098566326730163,0.00047214025423333704,2.542408781530228e-05
54,7.228837014410171e-06,5.317904369955942e-07,3.934453124516889e-05,0.005231842318707409,0.01133790858942395,0.40657619734194683,2.5600905700352748e-05,2.0544295368816314e-07,0.1366870774607683,0.0007085629842282587,4.419029999742449e-06,5.361331656121295e-08,1.5512068279523833e-08,6.2027551068262185e-06,0.00014719345010185455,4.81137722821897e-06,1.8266010949436827e-05,2.932876403620125e-05,1.87014670418522e-05,4.101169375790184e-07,4.315058735882846e-06,2.831961900668178e-08,0.43841647015985297,0.0007077100426752847,2.7574119904715118e-05
55,6.3108761430575885e-06,3.8354757074785263e-07,2.9043784190713596e-05,0.004849170684790809,0.014189951803610698,0.3701845087152954,3.655534596298313e-05,1.3293556117609748e-07,0.18569098792257452,0.000341071329135572,3.978119562543533e-06,9.097891122366967e-08,1.3805250473748997e-08,4.6016114002827065e-06,0.0001274699234651951,4.6067871811293306e-06,1.1573247673522764e-05,2.2823652696190764e-05,1.4551863511701729e-05,3.2725133666436134e-07,3.1613075706952047e-06,1.991088603164042e-08,0.4233009210008299,0.001144540369047561,3.320322584141355e-05
56,7.675399255816513e-06,5.574730242190587e-07,4.035082666081795e-05,0.00539407824806117,0.011453052627610876,0.4058720862088394,2.6607668268719697e-05,2.1234641917700302e-07,0.13716295921970906,0.0007077712528761108,4.586060997296608e-06,5.636818095598724e-08,1.701062142924864e-08,6.279276990220008e-06,0.0001490436339338655,4.908014506346948e-06,1.88227869467797e-05,3.008543928205324e-05,1.944578450687493e-05,4.262129160690666e-07,4.489234370730179e-06,3.043418714847415e-08,0.4383296091859776,0.0007390584873189736,2.779079853828154e-05
57,9.622365242819581e-06,1.0740979556357549e-06,5.524147832108279e-05,0.0069167450043771065,0.01346295398313933,0.40406482271389016,4.4907050375442745e-05,3.280769322635894e-07,0.16800824457615932,0.001040620933676345,6.3678725243345e-06,8.852014026708221e-08,3.4967679366834974e-08,8.780413558727898e-06,0.00019586077758770493,8.540654175186986e-06,2.859493660119623e-05,4.049941629460634e-05,4.697486748471103e-05,5.633998952004849e-07,8.920219189831239e-06,5.769034741718901e-08,0.4049740217528779,0.001036981507960702,3.915272361340889e-05
58,6.615600183548734e-06,4.719967431671416e-07,3.9270369361956854e-05,0.0048609771699966485,0.012718563958423525,0.3699033226137741,2.646153368855239e-05,1.5913679741804764e-07,0.15298743291343542,0.0006277157920294647,4.183333009092694e-06,5.534167475348058e-08,1.678281797579132e-08,6.048486913632382e-06,0.00013210446623310567,4.680621509897401e-06,1.635745025680747e-05,2.7540122600346627e-05,1.7586401002190157e-05,4.6181261960376e-07,4.396387859341216e-06,2.529236220862745e-08,0.4575818790225221,0.001004306339991946,2.936705419324763e-05
59,6.71119122840199e-06,4.889968435473466e-07,4.7972246058709345e-05,0.004633978650457916,0.012527094066451678,0.36180799482428483,2.507792698914823e-05,1.6615608261320797e-07,0.14661217476778565,0.0007197523165683706,3.999411367046483e-06,5.2421022779456014e-08,1.677608011941077e-08,6.703511846099242e-06,0.00011920122222481158,5.0332230659389755e-06,1.7909544737706627e-05,2.9196743297840835e-05,1.6155392403170555e-05,5.022039220953005e-07,4.885854065460027e-06,2.354707148312402e-08,0.47237436455504656,0.0010104903435769678,3.0054107521002763e-05
60,7.249366971639016e-06,5.268643229080537e-07,3.917519683169227e-05,0.005239682860369683,0.011322341106607556,0.4070286747365348,2.5562965203025954e-05,2.052455215647401e-07,0.13535337474186096,0.0007033101021091565,4.427127285513334e-06,5.309457598910295e-08,1.5499942131650693e-08,6.133008843157338e-06,0.0001459925008267833,4.772923395873283e-06,1.8268309596530506e-05,2.950168747864604e-05,1.8727503016215166e-05,4.079162682963423e-07,4.328942236794329e-06,2.8188476403666773e-08,0.439316600334426,0.000703480159953396,2.715961734526202e-05
61,6.864940555133244e-06,4.5993258509090376e-07,4.906722015531894e-05,0.0044847299167684145,0.012401417012573633,0.355236303905331,2.4312089401052113e-05,1.612136078646051e-07,0.14770501835521554,0.0006942211616262591,3.868239167482608e-06,5.048911746336805e-08,1.6136190247095565e-08,6.52386259763638e-06,0.00010939624413788251,4.752825044718154e-06,1.6874890939306768e-05,2.9076230270850416e-05,1.5177527623546645e-05,4.7418144093030784e-07,4.891793803714799e-06,2.1977139448433033e-08,0.47814451918960826,0.0010326328516344684,2.916781346465008e-05
62,7.249366971639016e-06,5.268643229080537e-07,3.917519683169227e-05,0.005239682860369683,0.011322341106607556,0.4070286747365348,2.5562965203025954e-05,2.052455215647401e-07,0.13535337474186096,0.0007033101021091565,4.427127285513334e-06,5.309457598910295e-08,1.5499942131650693e-08,6.133008843157338e-06,0.0001459925008267833,4.772923395873283e-06,1.8268309596530506e-05,2.950168747864604e-05,1.8727503016215166e-05,4.079162682963423e-07,4.328942236794329e-06,2.8188476403666773e-08,0.439316600334426,0.000703480159953396,2.715961734526202e-05
63,7.5694719963391424e-06,6.730997239578848e-07,3.9132723871695425e-05,0.005783078250806868,0.011403991252435056,0.4109839884120469,2.6307252690036027e-05,2.3403459461705633e-07,0.1428460913591991,0.0008032275623593012,4.727154563827569e-06,6.028670865637616e-08,1.7189759803374374e-08,6.876231214266119e-06,0.00016116615402090803,5.2546908382412035e-06,2.0404145378804935e-05,3.0391159192911085e-05,2.1454229028818722e-05,4.242410019894559e-07,4.395422228751411e-06,3.4621579711243996e-08,0.4271037762262536,0.0007171306255264081,2.9594202979337346e-05
64,7.701335963573531e-06,5.288142583581291e-07,4.824274260770151e-05,0.0047067731222057724,0.012757672250851265,0.3561910454916006,2.967724903248275e-05,2.1227341938726177e-07,0.12283339728146804,0.0006809573754661202,5.019857149971521e-06,5.245495757852671e-08,1.780500215870498e-08,7.149060713067054e-06,0.00011851827352334641,4.743407585423111e-06,2.1699336591630226e-05,3.696680611347971e-05,2.0868988408168294e-05,4.5129747074991115e-07,7.065120225740409e-06,2.63857683863341e-08,0.5017012592021352,0.0007924752297087159,2.747883777310047e-05
65,6.5223207939654496e-06,2.5633603613848597e-07,2.0101197960809633e-05,0.00500324915374676,0.008720193480845342,0.49906617459726776,2.8320116888572138e-05,1.8339973942243364e-07,0.07713975416143587,0.0003609766639617844,4.509658458167911e-06,3.904632715293701e-08,1.0872377688575745e-08,2.48693903676889e-06,0.00013523626410397876,3.558302503477914e-06,1.6696055294651613e-05,2.878149885989196e-05,2.160698098518518e-05,2.336307012635051e-07,3.420193266203643e-06,2.2280672929153143e-08,0.40904490384949205,0.0003789758836625257,1.3787115581669026e-05
66,8.358448161606679e-06,5.948482240895027e-07,4.9039245964961603e-05,0.005539306630521332,0.012131821396256277,0.4090824864754679,2.6829453669350703e-05,2.401493773836349e-07,0.13750538779801438,0.0008032242485850239,4.813716712812996e-06,5.721518462803986e-08,1.8503798116434955e-08,6.875150227285212e-06,0.00015137979258330776,5.444740249456608e-06,2.0009126376154026e-05,3.221403562930014e-05,1.9031336328154943e-05,4.818735169329219e-07,4.906058101640901e-06,3.091007748228381e-08,0.4338270970521369,0.0007511614461425448,2.9190348692868247e-05
67,6.1731391567731645e-06,2.6572136734549977e-07,6.518145104349107e-05,0.004004778048757916,0.0076618888097051375,0.2601317718856973,1.6506115001560288e-05,1.5193538244173676e-07,0.06340012706414248,0.0006537881467801954,2.894338271381655e-06,2.5668965515496468e-08,1.3092197047115202e-08,5.850256482042225e-06,5.4625891449919667e-05,3.8333331872978485e-06,2.1361689415533048e-05,4.485052302387698e-05,1.0654355714211125e-05,5.077007418514028e-07,6.4671718353866e-06,1.0459055750129603e-08,0.6632185590898813,0.0006745972552773941,1.5116857466709382e-05
68,1.243593535462986e-06,1.5839093246472547e-07,6.17908230040448e-05,0.0026271599593261155,0.010577407000558772,0.16433068431868442,7.716900289793635e-06,2.1228868414790382e-08,0.29238771316671325,0.0006158737956944835,6.61020173087594e-07,2.3520424218902898e-08,4.472180423479901e-09,1.1966658265565122e-05,4.642079314774809e-05,1.5028131758562994e-06,2.901575521117043e-06,7.193840054771424e-06,1.3162041078989833e-06,5.666943072747516e-07,1.0337081856872373e-06,2.4504390058804933e-09,0.5272439323561636,0.0020301844046246974,4.252031162177122e-05
69,6.627833359314806e-06,4.797149994103064e-07,4.34139136142518e-05,0.004793911390131156,0.010507090972150584,0.3856128685547573,2.4690796583122644e-05,2.0449277708565008e-07,0.1302280113122606,0.0007380732068481319,4.00168854614508e-06,4.915328946255996e-08,1.4683616599574973e-08,6.6152047901331235e-06,0.00012747544082514743,4.8763128341998955e-06,1.758460091101046e-05,3.161671885454906e-05,1.736152606393974e-05,4.391801510747388e-07,4.775378475211487e-06,2.4090558705918822e-08,0.467088167730013,0.0007145678840844957,2.7058219505576805e-05
70,5.1461185025907734e-06,3.2658230498619755e-07,3.688195716171543e-05,0.007221713078146859,0.02276580393638036,0.35397890256722253,2.3276930996169123e-05,1.237989200068376e-07,0.17956383380029398,0.0003851626984556721,3.764307127956752e-06,4.767294829271694e-08,1.006192459400202e-08,6.359916465039501e-06,0.00016392191820819346,1.8606532569120244e-06,1.0228059125831815e-05,1.356682206846387e-05,7.218340144063435e-06,3.49515613870423e-07,2.2657136645729146e-06,1.5352715868522346e-08,0.4351607613169639,0.0006234417343625241,2.5017147025143956e-05
71,2.5840923917156746e-06,5.899757399589941e-07,5.2854327651276396e-05,0.003724842049967179,0.01688165141007301,0.19928748370353558,2.8977743090908522e-05,1.3378020903126077e-07,0.24295430499478624,0.0009303041687432688,2.3984404296256365e-06,3.62895209079386e-08,1.3255647319116298e-08,1.7238127318908752e-05,8.228412677384724e-05,3.979988042738168e-06,1.0851021433025656e-05,3.022258955561327e-05,1.3451289822416638e-05,7.718948742050692e-07,7.817229938386346e-06,1.3712349347949779e-08,0.5346437529027785,0.0012838971986609655,3.954568666607132e-05
