,0,1,2,3,4,5,6,7,8,9,10,11,12,13,14,15,16,17,18,19,20,21,22,23,24
0,0.0008325135898924285,1.7956367929162295e-05,4.3934871878884955e-07,1.7878673585753349e-06,0.009778295264412517,0.0001824990007163275,0.00011047618610908331,3.5203413237542534e-05,0.7410325548510935,0.0074572524654267945,0.004995905404568949,1.288244281356701e-06,4.509209166742878e-09,0.0001521325636266514,0.02968439337658034,1.948708693363169e-07,0.00011322001651023285,0.00010774228287153125,8.346957428207111e-05,6.502640943350882e-07,5.681109099565508e-06,5.929759784914458e-06,0.08542661151553062,5.725346190383706e-06,0.1199680728076058
1,0.0007049710284380082,1.2289029464680625e-05,4.786186714225639e-07,1.2836730177031554e-06,0.008925221861907064,0.00013152003049515107,6.093364533048169e-05,2.892462410602876e-05,0.8550729371503198,0.00695444284949839,0.003519397797609628,6.54860292525656e-07,3.6768797316279395e-09,6.35972032397982e-05,0.01675819289604323,1.619584941731826e-07,6.910144670732932e-05,4.847789808230941e-05,8.513902277005441e-05,4.207376279449071e-07,3.3197241847419664e-06,3.6328077527469894e-06,0.04589614910104529,3.015357761647332e-06,0.06165573300026006
2,0.0015401333919966883,3.223035743638857e-05,4.977406823277327e-07,4.2521091305172595e-06,0.008827227714728325,0.0006276198777524491,0.0003305636980059093,4.368763600579622e-05,0.6957504504470159,0.00882854630141012,0.0030692419868134013,2.13421922333664e-06,8.819846093575226e-09,0.00017739062647410218,0.019657091306991514,7.201538230177758e-07,0.00035128064676849524,0.0002659240313416555,0.0002634250722299905,5.619570294586112e-07,8.46563529249235e-06,2.217272511309643e-05,0.11256836824673486,2.0991773608710193e-05,0.14760701352454547
3,0.0008202759276195507,1.9134535166345426e-05,4.46501188636932e-07,1.766768165632381e-06,0.010001911899294384,0.0001847424538420937,0.00011196119912005403,3.456362140287181e-05,0.7297396911419048,0.007398458057083163,0.005122802330217152,1.3605232569112378e-06,4.381320673921451e-09,0.00016213518694607875,0.03132945226321298,1.9152515934854367e-07,0.00011447312274533718,0.00010807670529357167,8.428676448722878e-05,6.4714458949504e-07,5.825651781021879e-06,6.240461470542976e-06,0.08637622294656896,5.825108791492301e-06,0.12836950377937162
4,0.000971083403941679,2.0097526325853124e-05,5.108097724927885e-07,1.968199337012696e-06,0.010897556901143314,0.0001991895333790316,0.00012590867366614597,3.931522399369404e-05,0.7183452117576513,0.008232322506916155,0.0053836131413007166,1.4828116495849565e-06,5.914919600107471e-09,0.00019420022478750746,0.031879155884406714,2.2882838735949708e-07,0.00012966145621886018,0.0001252285520803042,0.00010042957303943113,7.676120606436235e-07,6.178226919875027e-06,6.330586061220724e-06,0.09142118662020378,7.251598101978664e-06,0.1319111144337357
5,0.0008411857625526666,2.2683480088920864e-05,3.695886260184184e-07,2.3785411985875223e-06,0.008965033719959879,0.00023415238436222277,0.00010686378890174881,3.776293420153033e-05,0.725336534918413,0.007051656997872705,0.005325339414777058,1.3305668990445972e-06,5.032564149612702e-09,0.00016494224994612324,0.033962394494239496,2.3618289856831482e-07,0.00011744076799029678,0.00017352109227460608,9.527725973926778e-05,7.366979886246263e-07,6.275603620387539e-06,7.021837410306387e-06,0.09966228686736087,6.217744308089716e-06,0.11787835207180589
6,0.0008202759276195507,1.9134535166345426e-05,4.46501188636932e-07,1.766768165632381e-06,0.010001911899294384,0.0001847424538420937,0.00011196119912005403,3.456362140287181e-05,0.7297396911419048,0.007398458057083163,0.005122802330217152,1.3605232569112378e-06,4.381320673921451e-09,0.00016213518694607875,0.03132945226321298,1.9152515934854367e-07,0.00011447312274533718,0.00010807670529357167,8.428676448722878e-05,6.4714458949504e-07,5.825651781021879e-06,6.240461470542976e-06,0.08637622294656896,5.825108791492301e-06,0.12836950377937162
7,0.0030607431713906533,1.121680267635568e-05,1.1559899773137452e-06,2.471764209519829e-06,0.014394100513879429,7.963826949747445e-05,0.00018806878756172618,7.792559355481105e-05,0.8037991755425784,0.018377024404675417,0.007824406358468079,1.110213889346915e-06,1.49853110164701e-08,0.00015209483544941014,0.01511627933787099,2.211664830360035e-07,0.00016432808898454715,4.744829836761631e-05,0.00013989530571653874,8.506203658971157e-07,2.14853046791649e-06,5.560483213896352e-06,0.033369700548035806,7.136756589508946e-06,0.10317728363078518
8,0.0013124050387233503,1.1350164948218453e-05,9.238511072526385e-07,1.2956256425962256e-06,0.00905535038137144,9.091756082494907e-05,0.00014771922834103078,2.9593406806288152e-05,0.57619306795658,0.014766015564562267,0.004774269712276523,1.7254911232707172e-06,5.4703203431806816e-09,0.00029300857098841246,0.02560582033290324,1.2411701568866574e-07,0.00016443879120132284,3.8771666586107775e-05,5.6739638214152994e-05,7.510232111189888e-07,7.1012397519586445e-06,4.292661569786498e-06,0.13304910351700627,1.3211609518940275e-05,0.23438199737940554
9,0.0009601370307623079,1.3993596445327996e-05,4.989858835437284e-07,1.2872047147739553e-06,0.007228812661236962,9.29088613777779e-05,9.799985774423277e-05,2.527020636747461e-05,0.5837924339697171,0.01034649045782933,0.005165330756161886,1.3154241957886312e-06,3.138125186858105e-09,0.00024206742964825144,0.03538934859037404,9.351837329067894e-08,0.00011085961051850808,4.8881587479405484e-05,4.6324729443871305e-05,5.519393771199721e-07,6.356456274856186e-06,4.098298090060483e-06,0.14027508072850398,8.048982008513162e-06,0.2161418059793464
10,0.0008202759276195507,1.9134535166345426e-05,4.46501188636932e-07,1.766768165632381e-06,0.010001911899294384,0.0001847424538420937,0.00011196119912005403,3.456362140287181e-05,0.7297396911419048,0.007398458057083163,0.005122802330217152,1.3605232569112378e-06,4.381320673921451e-09,0.00016213518694607875,0.03132945226321298,1.9152515934854367e-07,0.00011447312274533718,0.00010807670529357167,8.428676448722878e-05,6.4714458949504e-07,5.825651781021879e-06,6.240461470542976e-06,0.08637622294656896,5.825108791492301e-06,0.12836950377937162
11,0.0009280942878022638,1.776665031796521e-05,4.989795930046656e-07,1.8072600850074151e-06,0.009912545153960495,0.00019086356600378417,0.00012572675916955333,4.135760573407519e-05,0.7424685604017683,0.00842965841484382,0.004911714048790784,1.430989735361575e-06,5.7884516661666755e-09,0.0001583226880609666,0.029055344015844645,2.2069884727954955e-07,0.00013057040812101408,0.00011289016661072599,9.415639190019492e-05,7.099653156453388e-07,5.858479906450376e-06,6.373173827165835e-06,0.08434854096833203,7.008239576212873e-06,0.11904997489740171
12,0.0002632795348445693,1.1514022219612682e-05,2.0484500616179507e-07,9.959824720369931e-07,0.01973376247331811,0.00016929109688623275,0.00010046815438602641,4.9272243925976414e-06,0.4327573788295354,0.00304350443169286,0.00353162423774775,1.2345703553825863e-06,1.9032474612734647e-09,0.0005400385149649353,0.021154197390785147,9.249620039292176e-08,5.894512202934267e-05,0.00014614822636631992,2.4524106936101078e-05,9.965919045628277e-07,7.249693751785765e-06,1.6837669120851674e-06,0.25937245087768956,5.231519553504143e-06,0.25907025438680203
13,0.0008861225531330212,1.728528160337931e-05,5.008866722978615e-07,1.8382442677090398e-06,0.010247649909075802,0.00015285374398138645,0.00011139601908075944,3.7168829279159e-05,0.7107326773597079,0.007845049306320236,0.006910169024481632,1.5823682870101239e-06,4.607104277584359e-09,0.00020415690441694473,0.03747290774746237,1.894086553170783e-07,0.00011165156650826485,0.00011096744058338341,7.287030092934602e-05,7.594242368766907e-07,6.377660080186786e-06,5.648335681958992e-06,0.09340596093446049,5.380658095830807e-06,0.13165883148589436
14,0.0005575842941961373,6.423889155395428e-05,5.929722042759721e-07,2.942230135600787e-06,0.01952348222632284,0.0003002546463969216,5.296736670399486e-05,2.3981568139485127e-05,0.7551159946699649,0.005418045640553122,0.00921131806668426,8.067780074849863e-07,4.788886199859603e-09,0.0001354138598657986,0.04382287914334489,2.460286411179307e-07,7.193245320742771e-05,0.0001975132886546046,0.000185687995347788,9.141046184657671e-07,5.754872637309185e-06,7.454281960253337e-06,0.06950055741616773,2.7929725954584545e-06,0.0957966394432099
15,0.0008202759276195507,1.9134535166345426e-05,4.46501188636932e-07,1.766768165632381e-06,0.010001911899294384,0.0001847424538420937,0.00011196119912005403,3.456362140287181e-05,0.7297396911419048,0.007398458057083163,0.005122802330217152,1.3605232569112378e-06,4.381320673921451e-09,0.00016213518694607875,0.03132945226321298,1.9152515934854367e-07,0.00011447312274533718,0.00010807670529357167,8.428676448722878e-05,6.4714458949504e-07,5.825651781021879e-06,6.240461470542976e-06,0.08637622294656896,5.825108791492301e-06,0.12836950377937162
16,0.0013728485356037786,1.9105164712591203e-05,1.0530790775415911e-06,4.291891680263636e-06,0.01446073214742241,0.0003128690074093422,0.00022959721470459317,7.364903542974831e-05,0.5852452476025847,0.010890676244786797,0.01559952565625467,5.4542466571559595e-06,1.474903680594101e-08,0.0006736765194732519,0.07732986929599735,8.074374363917439e-07,0.00019829553756798389,0.0005217963958312678,0.00012135902695586778,2.4603136343839872e-06,2.2113354658797955e-05,8.515905894822095e-06,0.1786644026011157,1.1850642176133992e-05,0.11422978839389758
17,0.0014328651502102641,1.2073763610343463e-05,5.401262871772581e-07,1.8935198419426664e-06,0.01255951291723015,7.997170321943702e-05,0.00025032193575001596,3.6695800220032944e-05,0.6259733912175552,0.0064950397344650055,0.007322869864966809,2.5622978692316303e-06,4.940500442326193e-09,0.0003646802087993393,0.024248556794547613,1.4058387676221206e-07,0.00015980604597170783,6.549988501512403e-05,3.821976872653994e-05,7.316554779835652e-07,5.23943369318759e-06,6.3233821799542946e-06,0.08108336380630701,6.285292176447804e-06,0.23985341017150233
18,0.0009094616583008038,1.8901295577004774e-05,2.3766185715604969e-07,1.2234155743451172e-06,0.008085342241193987,9.032223911119626e-05,0.00012894533337007977,1.6769021208304296e-05,0.5496947308965168,0.00493387735901595,0.0037169524822689235,9.580881443445895e-07,2.3071279839664946e-09,0.00017359575351946676,0.016507391774746374,6.732941961051034e-08,0.00021203355497763127,6.253165620649244e-05,5.5312340497902424e-05,3.6894569917090975e-07,3.0636486245251053e-06,8.397471805304355e-06,0.08001720760531308,5.686560731945243e-06,0.33535661935919164
19,0.0007729599257717361,9.042222954595305e-06,5.769070920849687e-07,1.5957303180351327e-06,0.008811352775568788,0.00018776467660424446,0.00019044357404932808,5.2994384402480503e-05,0.8101977836661787,0.014522091972212537,0.003214344410987072,1.7867769475639438e-06,6.86467603588024e-09,8.031717697328012e-05,0.014948292044538927,1.9081638547315554e-07,0.00012514180692711432,4.6935773477955564e-05,6.290260745636727e-05,6.417943970683352e-07,3.7208524415244883e-06,7.358663513044654e-06,0.04665750766259807,7.1344061933252435e-06,0.10009711250733462
20,0.00041982149110478896,4.469948815826357e-05,4.154739184391793e-07,2.1428573124346795e-06,0.005063296282478237,0.0002674608570012751,6.772904974257542e-05,6.206101942778855e-05,0.6944067126080515,0.005813718593735784,0.006495654614225142,2.8625298394228105e-06,3.2057756740938376e-09,0.0001306216252210915,0.09250691230736753,2.2077196932352715e-07,8.7423672059931e-05,0.00016481194724703255,7.238503995345896e-05,5.826194144490725e-07,1.1527907849369738e-05,1.4930327474986518e-05,0.08617480256423946,4.426270038278415e-06,0.10818477687639359
21,0.0012397242672548422,1.9370084588440716e-05,6.522963335115195e-07,3.5348950476544945e-06,0.011958129962559695,0.00015504224193982628,0.00010151260311644544,3.820406895098716e-05,0.6706449750591534,0.007247774464224152,0.014109777552570724,2.3118724079649575e-06,5.595477331152853e-09,0.0004129340745196818,0.054597933222156975,3.078755901439383e-07,8.920550770896192e-05,0.0001797872309122816,7.518790541404967e-05,1.1721306871500076e-06,8.855721868186482e-06,5.108130449453098e-06,0.11600974272107309,4.143441943640311e-06,0.12309460707405133
22,0.00107402495360669,1.3919938474752568e-05,6.617609597033065e-07,2.8961790684935434e-06,0.01111069960418842,0.0001464060783140674,0.00011598655677038472,4.080938934759175e-05,0.6942281510541267,0.012064414307989019,0.013318043241607534,1.5660767468349266e-06,6.689766212514481e-09,0.0002033303786936066,0.03660287764955488,2.4724230483787803e-07,0.00019260794106083402,0.00018775744170395256,7.993459773142219e-05,1.3976914852754571e-06,8.244000386040769e-06,6.752457075078099e-06,0.11387567226329999,4.97607459632086e-06,0.1167186164311413
23,0.0008202759276195507,1.9134535166345426e-05,4.46501188636932e-07,1.766768165632381e-06,0.010001911899294384,0.0001847424538420937,0.00011196119912005403,3.456362140287181e-05,0.7297396911419048,0.007398458057083163,0.005122802330217152,1.3605232569112378e-06,4.381320673921451e-09,0.00016213518694607875,0.03132945226321298,1.9152515934854367e-07,0.00011447312274533718,0.00010807670529357167,8.428676448722878e-05,6.4714458949504e-07,5.825651781021879e-06,6.240461470542976e-06,0.08637622294656896,5.825108791492301e-06,0.12836950377937162
24,0.0008692920992215089,2.5110138036024605e-05,4.4493581630928643e-07,2.498025586674833e-06,0.012982106354737271,0.00018662281162825219,0.00010199045826506872,2.8009363758985518e-05,0.6999365274136904,0.006803908049823225,0.006655420750713785,1.4890400539933447e-06,4.395099105517007e-09,0.00021238295029513916,0.03028364227536133,1.8710760860720824e-07,0.00010462459639011524,0.00011881546169135787,8.214375108970111e-05,7.608232443986036e-07,5.343517239085727e-06,6.8905632148087e-06,0.08332114088150427,4.701661081890324e-06,0.15826594257484886
25,0.0018630970123882432,6.98550388720184e-06,7.992034679182541e-07,2.6071898952675062e-06,0.012562445728651436,6.82570488406605e-05,0.0002612276075517676,7.727051512301957e-05,0.6866336150806411,0.013332126772666908,0.018216659043355652,3.0180511565986945e-06,1.0729093863604213e-08,0.00041353272641635994,0.03673072461264242,2.1428426817770424e-07,0.00015538295543951087,0.00010889233570680526,3.9680584064698874e-05,1.6130137459752583e-06,5.318272637072437e-06,4.5494534700849364e-06,0.08592366633896725,5.743075072659312e-06,0.1435825628608493
26,0.00039037277451188913,9.226472583765518e-05,1.8140576352370228e-06,5.7771873290191595e-06,0.012936758986324617,0.00010336989162047018,8.97685870668781e-05,7.824714605216835e-05,0.1815080806399028,0.004953182208140499,0.08647512198373726,4.5149776985475306e-05,3.1758733205009075e-09,0.002357408347742944,0.46942514557728676,3.213218477080301e-07,3.278428835722008e-05,8.780487303444923e-05,3.961989592329461e-05,1.3333416042075018e-06,1.2564012415735293e-05,3.14084150829555e-05,0.021962294337482837,1.3178672491589254e-06,0.21936808658095552
27,0.0005140239241306776,2.488366220697963e-05,2.400240142657521e-07,1.4166691528945969e-06,0.005984720785846139,0.00014745116328519886,6.35184096898488e-05,2.9758891693476082e-05,0.7820016445579322,0.004843845511397472,0.003743322152865032,9.290967989359145e-07,1.9796028875206948e-09,7.898426902768023e-05,0.02926508423169672,1.0314030224438706e-07,6.72279074349341e-05,5.894138234359148e-05,6.225901344879525e-05,2.968620772530093e-07,2.979723615885594e-06,7.366225492819442e-06,0.04941631703677562,2.7767066833866725e-06,0.12368190667248487
28,0.0008202759276195507,1.9134535166345426e-05,4.46501188636932e-07,1.766768165632381e-06,0.010001911899294384,0.0001847424538420937,0.00011196119912005403,3.456362140287181e-05,0.7297396911419048,0.007398458057083163,0.005122802330217152,1.3605232569112378e-06,4.381320673921451e-09,0.00016213518694607875,0.03132945226321298,1.9152515934854367e-07,0.00011447312274533718,0.00010807670529357167,8.428676448722878e-05,6.4714458949504e-07,5.825651781021879e-06,6.240461470542976e-06,0.08637622294656896,5.825108791492301e-06,0.12836950377937162
29,0.0008202759276195507,1.9134535166345426e-05,4.46501188636932e-07,1.766768165632381e-06,0.010001911899294384,0.0001847424538420937,0.00011196119912005403,3.456362140287181e-05,0.7297396911419048,0.007398458057083163,0.005122802330217152,1.3605232569112378e-06,4.381320673921451e-09,0.00016213518694607875,0.03132945226321298,1.9152515934854367e-07,0.00011447312274533718,0.00010807670529357167,8.428676448722878e-05,6.4714458949504e-07,5.825651781021879e-06,6.240461470542976e-06,0.08637622294656896,5.825108791492301e-06,0.12836950377937162
30,0.0008202759276195507,1.9134535166345426e-05,4.46501188636932e-07,1.766768165632381e-06,0.010001911899294384,0.0001847424538420937,0.00011196119912005403,3.456362140287181e-05,0.7297396911419048,0.007398458057083163,0.005122802330217152,1.3605232569112378e-06,4.381320673921451e-09,0.00016213518694607875,0.03132945226321298,1.9152515934854367e-07,0.00011447312274533718,0.00010807670529357167,8.428676448722878e-05,6.4714458949504e-07,5.825651781021879e-06,6.240461470542976e-06,0.08637622294656896,5.825108791492301e-06,0.12836950377937162
31,0.0018103999629186605,2.0716862411195215e-05,9.928268748136892e-07,2.2384607244589653e-06,0.008751636455358858,0.0001401912038174072,0.00013210038638013854,0.00012282814367448175,0.7938936720170724,0.008004983743182464,0.0057147761967724815,2.0479989744335047e-06,1.345631000895061e-08,0.0001619347490126623,0.03608064232785599,4.128145137180845e-07,0.0001805920949199278,0.0001417492237278092,0.00014760867513232353,8.507498472541546e-07,7.807043858459704e-06,7.4765317598085014e-06,0.06558921690753547,9.354099789361204e-06,0.07907575706757541
32,0.0008708438848871168,2.340148589761468e-05,4.840009102692858e-07,1.8466964863747259e-06,0.010195035640884538,0.00020361353762609062,0.00010158143105778684,3.560120930667226e-05,0.7387789968967117,0.007273287016728115,0.004782138685690949,1.26158354040879e-06,4.912423348773507e-09,0.00015210287655342388,0.030530245712727288,2.1335836531852533e-07,0.00012262257306177112,0.00011731628471565983,0.00011021927107221239,6.30730094433154e-07,5.8534590088763084e-06,6.837102945434651e-06,0.0834431889160858,6.306337738965032e-06,0.12323636639547961
33,0.0038545598947586582,0.000170215993226016,1.1326736245738968e-06,7.002694016396339e-06,0.014937216056672021,0.0015277869096457567,0.0004209458911976373,0.00014268391673794627,0.6287836800533368,0.013331374669087983,0.001948759043407189,3.635702504192549e-06,6.480560082664478e-08,0.0002844063311582764,0.022225290279820356,2.3115908819693584e-06,0.0015980407040318105,0.0010802049690159597,0.0024729407754086876,1.1835204293673689e-06,1.2193498780015018e-05,8.519919990237836e-05,0.10980412572073932,0.00014783609026713886,0.19715720901574885
34,0.004381833088006694,1.419712560918237e-05,8.454002740689183e-07,2.173629205042156e-06,0.016417345633698836,5.795453660836088e-05,8.298506335057803e-05,4.5939348815078786e-05,0.7975242106670701,0.007429166050090265,0.009162476765460073,7.056186674956043e-07,9.521323060555729e-09,0.00026124738234344715,0.020371472141709403,2.191098262665066e-07,0.00012982481585366434,8.80736985864413e-05,0.00017952849770525017,6.521196785780267e-07,2.989892226619375e-06,2.915149240707523e-06,0.05235896532102291,4.601623162987769e-06,0.09147966780046472
35,0.0007766307476072372,1.647331206709321e-05,2.4780628870927164e-07,1.293501975649482e-06,0.005266368821429254,9.770144814362713e-05,5.7069215794015515e-05,4.3417210859081546e-05,0.8723349895096392,0.004248828736747861,0.0028318445266870516,6.135797009564556e-07,2.7404287413937844e-09,4.3863020628433596e-05,0.016793083447086313,1.1137934582852626e-07,6.923053092012302e-05,4.845081766828143e-05,7.134428320918497e-05,2.385714415888957e-07,1.937729607020254e-06,5.734941261942512e-06,0.0288426535225224,2.294399759673574e-06,0.06844557619918076
36,0.0007764327304839821,1.8955581589668664e-05,4.4976972178856473e-07,1.7188669320522794e-06,0.010266863655976961,0.00018787634332360838,9.915316606976004e-05,3.094045142373408e-05,0.7366025297404368,0.0074268237319705405,0.004845155555584713,1.1609559672184428e-06,4.21460796792399e-09,0.00015068221417478752,0.029914868658011764,1.8493615205619064e-07,0.00010191750974449276,0.00010139158654008495,8.539154038676001e-05,6.369139554207641e-07,5.733921809298569e-06,5.3858377430362e-06,0.08942718737863448,5.5849630356917995e-06,0.11994296977572348
37,0.002499333876225272,1.8422692141554232e-05,9.694973235331225e-07,2.9578763373613922e-06,0.01645440257408142,0.0001796729217882955,0.00028706010508713355,3.5516174920528186e-05,0.4477276360348379,0.010349041313199065,0.008092588216388315,3.3784096174009864e-06,1.4192383299562746e-08,0.0011471509929128357,0.03721884928538019,4.309519042713055e-07,0.0002780495696668369,0.0002557741248711417,0.0001310195121596859,1.574899895500949e-06,1.332353974174655e-05,6.02629419277573e-06,0.22809876623445918,2.5649817509606764e-05,0.2471723908929753
38,0.0007075900469356289,2.455683977337532e-05,5.02462581626495e-07,2.4805025303116402e-06,0.008614126639328024,0.00041627956729839335,0.0001475328737271575,4.4903567630097535e-05,0.6831645781214722,0.008612357822193044,0.0061306021516242286,2.2133071975307777e-06,6.483218417193941e-09,0.00020092124533468744,0.05481926096958373,4.24280481404598e-07,0.00012487659193874653,0.00025803149912663606,0.00012501197366343014,8.901826581576552e-07,1.1756144100559719e-05,8.962958244911414e-06,0.1365121513699155,9.02561075790956e-06,0.10006095678868433
39,0.0004627866331736353,3.386700246694243e-05,5.633260659113657e-07,1.6989174523545696e-06,0.006594278564381826,0.00043482834611210784,7.608103612744098e-05,5.822355942576464e-05,0.7897669047718959,0.005238179314052456,0.0026614375556946075,2.03495586033457e-06,4.993940449066016e-09,6.965863114654387e-05,0.03877088584004537,3.7002783801065253e-07,0.00014204513944956744,0.0001611133199436091,0.00013409412118436698,5.845826301154637e-07,1.427011179163909e-05,1.2283635079784875e-05,0.08249044599711204,6.925168751346688e-06,0.07286643444837773
40,0.001490162209159339,2.9068543821795952e-05,1.1592300087256945e-06,1.4742259924570597e-06,0.02975902846697893,8.411329027837854e-05,0.00015750146490492212,2.3569214102007503e-05,0.5325032932045781,0.004770319469996718,0.010435690194852049,3.249538894060125e-06,4.750345534885594e-09,0.0008541164282385013,0.04260492946722202,1.678390054966516e-07,0.00013398179614218885,7.295223325611786e-05,8.880778031543444e-05,7.958069302430424e-07,7.951776262890875e-06,6.229018878346268e-06,0.0759745694502077,5.7816367505638855e-06,0.30099108296287747
41,0.0005536275044154166,2.32171194425446e-05,3.1181234204797225e-07,1.6489490225421735e-06,0.010474159129709283,0.00012859064701034055,4.082368196569889e-05,2.9072592102465452e-05,0.8289540033918493,0.004454896946568712,0.005478238007221884,6.186060569773228e-07,2.976093846333858e-09,0.00010368583504190012,0.03118233268792359,1.403443934265912e-07,4.049957648717288e-05,8.862189785727993e-05,7.755591618103548e-05,4.968782272594664e-07,2.8669304684038937e-06,3.212105667069109e-06,0.04879606242154607,1.9720994614856944e-06,0.06956334194294393
42,0.0003789170070760085,6.371698397037543e-05,4.6108082475205516e-07,2.1460566283174424e-06,0.003137347581826794,0.00026200540536289234,2.6685648533246846e-05,8.43623099631351e-05,0.9197177047227648,0.003303563837270683,0.0018808141046798433,8.89087244004368e-07,2.9692635001505084e-09,1.310960952224668e-05,0.022132102982993083,2.830763443529997e-07,8.385958131656391e-05,5.797595301801212e-05,0.00019324464610583831,1.8593572700366826e-07,3.724794793482313e-06,2.3694299133302988e-05,0.016291617250335268,1.9955111384205715e-06,0.032339589564164016
43,0.0006140512263136269,1.6486606169624574e-05,4.6678133610754955e-07,1.6651912552815693e-06,0.00830529978183378,0.00028013682450491915,9.807455971008692e-05,4.123586116495787e-05,0.7835801495229169,0.009637641848979934,0.00333166270024173,1.2750566608914245e-06,5.207793982059202e-09,8.472964897113076e-05,0.026751231988300275,2.33486672471286e-07,0.00012564580852290314,0.00011083119568588038,9.556328190850849e-05,6.692872189145718e-07,7.808402798575363e-06,6.972245276438473e-06,0.08525309283140246,6.894787132666178e-06,0.08164817586722793
44,0.0008202759276195507,1.9134535166345426e-05,4.46501188636932e-07,1.766768165632381e-06,0.010001911899294384,0.0001847424538420937,0.00011196119912005403,3.456362140287181e-05,0.7297396911419048,0.007398458057083163,0.005122802330217152,1.3605232569112378e-06,4.381320673921451e-09,0.00016213518694607875,0.03132945226321298,1.9152515934854367e-07,0.00011447312274533718,0.00010807670529357167,8.428676448722878e-05,6.4714458949504e-07,5.825651781021879e-06,6.240461470542976e-06,0.08637622294656896,5.825108791492301e-06,0.12836950377937162
45,0.0008220438775592684,1.9103313602926864e-05,4.481754659779414e-07,1.7687617308300948e-06,0.009966318689998688,0.00018586355980431893,0.0001130759296407353,3.5256815796855304e-05,0.7313760708699384,0.0074422207197834996,0.005111931025534718,1.3704491887872351e-06,4.440611109481836e-09,0.00016149561009023343,0.03148720404041412,1.9399289077029812e-07,0.00011477100010035321,0.0001088626679407434,8.485489354157138e-05,6.488549022475015e-07,5.837227060069062e-06,6.281614923124663e-06,0.08583619511884072,5.876920142450453e-06,0.12711230143049757
46,0.0009848591394530607,1.818601264779378e-05,5.087896558852139e-07,1.9312312177034116e-06,0.00993511766663026,0.00020079333391371683,0.0001290601079301435,3.86282330252657e-05,0.7320346806790293,0.008452007190193655,0.004829365446404196,1.5034095507956435e-06,5.357193482764543e-09,0.00014984233240285076,0.026649760622142086,2.1813595120374874e-07,0.00015817063254561274,0.00010969483955254624,9.608016347900448e-05,6.854349861002952e-07,6.4567639020849645e-06,7.566712118766636e-06,0.0861937636059898,7.053655157900307e-06,0.12999406050492668
47,0.003862800266637027,2.2234340889176253e-05,1.2701495497427176e-06,4.187332906162219e-06,0.009168519444672623,0.0002401804056359064,0.00025798682856217827,0.00010621972625313332,0.7666318377605505,0.013210122051549804,0.004384301591684471,2.7665266588669412e-06,1.93464215957085e-08,0.00015374150574708512,0.017636210333779524,6.482139006677297e-07,0.00044923172411245573,0.00012898867701119113,0.00026370783008180994,7.666807790916903e-07,8.259865284516274e-06,1.836071502529926e-05,0.06898579065202201,1.943542388198628e-05,0.11444241260640318
48,0.0010921924916911406,2.2735741794567e-05,5.292374659583767e-07,1.762752455912759e-06,0.009031095481373017,0.0002594698271221207,0.00014092324230707782,5.043911089357341e-05,0.7512760491717037,0.009638419400075371,0.0030642605761569694,1.3187309238828707e-06,7.479873341581283e-09,0.00011708557422421468,0.022988692247703748,2.645725740275893e-07,0.0002114051878156975,0.00012205841804908042,0.00016104253177647254,6.021347180248637e-07,5.924309536916676e-06,9.53530790514624e-06,0.0796664390055051,1.1963394262017652e-05,0.12212578407209282
49,0.0005091691698815427,2.467648090631143e-05,5.405494051657273e-07,1.8624130623738752e-06,0.008019855953201285,0.00028955501773402626,0.00010331678074015362,4.335907530439067e-05,0.790684765439411,0.007647105368011561,0.003461034418591581,1.937608247083131e-06,4.190985921025237e-09,7.47230787141716e-05,0.02687721877033036,2.1973064673199328e-07,0.00012080826390046035,7.961422285104347e-05,8.659944933903686e-05,5.693089640692242e-07,7.0166204535309375e-06,1.2312321796147588e-05,0.05911534066148879,5.255534888400034e-06,0.10283313957114477
50,0.003091758653054137,5.070994816434488e-06,7.033648542727215e-07,1.9243859994848733e-06,0.01275580948857314,9.11068871444871e-05,0.0004803041571411123,7.64609974748366e-05,0.6749868834983521,0.024216387462875976,0.0071934538066936796,1.9656963085238457e-06,1.5596099428588786e-08,0.0003847743231914356,0.018321650046954338,2.1871176864520465e-07,0.00023627964632378179,7.851049486920226e-05,7.522271182394665e-05,1.1773857534752425e-06,2.990859719258611e-06,4.237275191692685e-06,0.07545515814132316,1.7076698146583724e-05,0.1825208587155468
51,0.00014163756190012846,0.00038734143233279633,1.4726041729211433e-07,6.268286570987608e-06,0.0019771464308421297,0.00022374059369482293,9.378995108988548e-06,4.5902813715849085e-05,0.7395410692882577,0.001215080435706026,0.007703681041487426,1.3231069814684021e-06,5.993310086590318e-10,3.6678362153302054e-05,0.13903937188234133,1.09052835978652e-07,1.7053835397029467e-05,9.178466202840847e-05,5.772705872532518e-05,1.482602144608032e-07,3.6742136090873177e-06,4.101201718490349e-05,0.02426016862301243,3.8743741418887863e-07,0.08519916674873677
52,0.0006763161358702217,1.3166014987904696e-05,3.2800458253760066e-07,2.2257782851687796e-06,0.008295365365339969,0.0002866261737642804,8.531314468162347e-05,5.1006504359792936e-05,0.7860188444289924,0.012781951468516076,0.00612101090447856,1.4580529373235458e-06,5.640865634684404e-09,0.00013552778547787687,0.04152290566916661,2.4029899002626013e-07,6.943719568620989e-05,0.00017279870096503466,8.572671714748644e-05,9.024520198860503e-07,5.17597144733075e-06,5.12114283480684e-06,0.07375721035682105,4.797389591357039e-06,0.06990653870219075
53,0.0005427823858317278,5.2956789166383835e-06,3.736426375132759e-07,1.8051451219451352e-06,0.010921920736622256,0.00013478569439487174,0.0002708297408200198,2.2360034336931308e-05,0.5917548993237695,0.008532172785375703,0.009124885860645582,2.2286632040295876e-06,4.113945743186738e-09,0.00033309376184979475,0.031634886810734224,1.7470848376049748e-07,9.380655468886769e-05,0.00013684522472444044,1.9595736314059777e-05,1.4512269651681687e-06,8.464969567420015e-06,3.001845952305908e-06,0.1983446245130675,5.60886313268378e-06,0.14810410197889753
54,0.0010906148171066052,3.142574410381395e-06,1.1085492223263888e-06,2.1052840374730412e-06,0.013932585253814932,0.0002146084036989047,0.0001480024360881661,5.5144769093318056e-05,0.7492981186488408,0.020823874500019456,0.006718354146658797,1.6148961511386937e-06,2.141637865860235e-08,0.00011565969444442799,0.014615942754450361,4.880217662568365e-07,0.0002459133124326062,0.00023372923176651696,7.91778294198149e-05,3.068612219970371e-06,1.4048449947238849e-05,2.5531124493780553e-06,0.1557888859591492,9.629524670004146e-06,0.03660160780176331
55,0.0007218371154491959,1.375425232658714e-05,3.7226408052884444e-07,1.625666642029525e-06,0.009417660113842619,0.0001959905776437262,0.00015253200809028483,4.6826972754978424e-05,0.7572366292093942,0.006689474495274608,0.004279337028109955,2.440406591658967e-06,5.537748395806166e-09,0.00017837617790737934,0.02888458368811024,2.2837617376127152e-07,9.826442759878527e-05,0.0001236504721837824,6.0956966530081844e-05,7.245690066523078e-07,5.184070546337301e-06,6.307833242520212e-06,0.0739456840404239,6.177933492760916e-06,0.11793137579683505
56,0.0008778236910691966,1.831797563507211e-05,4.7215814749198004e-07,1.8720859093915175e-06,0.009967787508662404,0.0001983554268865634,0.00012130899826380423,3.950731016659025e-05,0.7404475744025929,0.008053343442203464,0.004948822806155416,1.4242359155514407e-06,5.422073866563131e-09,0.00015769066462591769,0.02961765783515222,2.1678958840776427e-07,0.0001232805725569793,0.00011563112073871187,9.03661032160303e-05,7.113097293240471e-07,5.934569984192858e-06,6.367480010663144e-06,0.08507478014596771,6.544529617313317e-06,0.12012420341513086
57,0.0006416995453130398,1.5862931180098434e-05,1.0784101088789264e-06,1.3463862567593359e-06,0.014190837829812522,0.00021419784722661572,0.00012604285233073264,4.383742752801574e-05,0.7917003441823925,0.009702812310523197,0.003786203080744663,2.401031566454568e-06,7.308210702266198e-09,0.0001105754706252812,0.021674095711872655,2.621526064312237e-07,0.00014026122982496015,6.372443038276914e-05,9.15068564947784e-05,8.926138985278905e-07,8.278226184765339e-06,7.423791019606118e-06,0.060343635054187814,6.8802120428504855e-06,0.09712579310766549
58,0.0008888754399083141,1.883324530113408e-05,4.991930348798448e-07,1.7062929410694332e-06,0.009612923520517718,0.00023787176590572376,0.00013870717894694023,4.131188610556247e-05,0.7167525335968974,0.009627242783286236,0.003817227235927434,1.5727082967819887e-06,6.365673587448125e-09,0.0001617651567464753,0.028634870952318228,2.3313809164667717e-07,0.00014954560870925282,0.0001232683435188684,0.00010493745247585076,7.272484974190166e-07,6.7570257003088014e-06,7.130994616100903e-06,0.09994352564313579,1.0310998876241543e-05,0.12971761622457093
59,0.000920792335514285,1.8464466294016482e-05,6.118554167905911e-07,1.7810209890160023e-06,0.010540630993489834,0.00022348730710308485,0.00014440670045048746,4.244534667029294e-05,0.7224261532311828,0.009355546339468689,0.004215951189159262,1.6786021663847435e-06,6.747620964340177e-09,0.00016683690879553144,0.028340043591814086,2.556455927400242e-07,0.0001555655103658737,0.00011808657386825755,0.00010359042535059641,8.044456280914565e-07,7.559622427797167e-06,7.057374176679429e-06,0.09881606627700407,9.815031767156753e-06,0.12438236245768321
60,0.0008202759276195507,1.9134535166345426e-05,4.46501188636932e-07,1.766768165632381e-06,0.010001911899294384,0.0001847424538420937,0.00011196119912005403,3.456362140287181e-05,0.7297396911419048,0.007398458057083163,0.005122802330217152,1.3605232569112378e-06,4.381320673921451e-09,0.00016213518694607875,0.03132945226321298,1.9152515934854367e-07,0.00011447312274533718,0.00010807670529357167,8.428676448722878e-05,6.4714458949504e-07,5.825651781021879e-06,6.240461470542976e-06,0.08637622294656896,5.825108791492301e-06,0.12836950377937162
61,0.000906692637085637,1.82012141967976e-05,5.826704955778314e-07,1.6651853211426314e-06,0.010643361550657185,0.00020331949128209517,0.00013138324563363553,3.8509390684791945e-05,0.7243429021027631,0.008789529743064907,0.004413397214992297,1.5704458273776585e-06,5.912830492151256e-09,0.00016717029387327927,0.028505757589535528,2.2725133167346447e-07,0.00014277716901167314,0.00010671706353236505,9.839874441936129e-05,7.342247999545216e-07,6.972630634568311e-06,6.558840175295926e-06,0.09399473230100638,8.421711028039004e-06,0.12747041137581686
62,0.0008202759276195507,1.9134535166345426e-05,4.46501188636932e-07,1.766768165632381e-06,0.010001911899294384,0.0001847424538420937,0.00011196119912005403,3.456362140287181e-05,0.7297396911419048,0.007398458057083163,0.005122802330217152,1.3605232569112378e-06,4.381320673921451e-09,0.00016213518694607875,0.03132945226321298,1.9152515934854367e-07,0.00011447312274533718,0.00010807670529357167,8.428676448722878e-05,6.4714458949504e-07,5.825651781021879e-06,6.240461470542976e-06,0.08637622294656896,5.825108791492301e-06,0.12836950377937162
63,0.0006966773913578161,2.619338387926257e-05,3.8371617829400853e-07,1.756835080523743e-06,0.008908736856068583,0.00019367923117886128,8.621792862771904e-05,3.1472731632438355e-05,0.7392456404641476,0.005956530107979521,0.004645468318907921,1.1395405238468347e-06,3.556094442827587e-09,0.00013293751177918456,0.033202278819387004,1.721018397082657e-07,9.850745672510557e-05,0.00010560490699869551,8.945226324775717e-05,5.264340438726468e-07,5.398108741038987e-06,6.904617026640498e-06,0.07974863329331383,4.848720762131154e-06,0.12681083570447818
64,0.0007183900621401923,2.078243709858072e-05,6.464451635970342e-07,1.7913868711193012e-06,0.010368352321723591,0.000216317554494817,0.0001040985688859351,3.290333043195963e-05,0.7044042170639335,0.007402076032785774,0.0050752303901886,1.757840805114674e-06,4.650067503285903e-09,0.0001615998150864497,0.034494352324478325,2.2647474469835396e-07,0.00013682768427474137,0.0001087317860368448,8.269783819061963e-05,7.760395920098703e-07,1.0815143293356507e-05,6.927687945612024e-06,0.11231006933742745,6.522420457547701e-06,0.12433388536388196
65,0.00018867700435374346,6.670290178433072e-05,2.3488491654946415e-07,1.450920646421929e-06,0.006368760598757429,0.00039855135274296415,5.4962527184867876e-05,1.2100577169989834e-05,0.5064208808222992,0.002324552432050563,0.0021063880999530214,1.4722483285286757e-06,1.6842998339915414e-09,0.00014814691516308967,0.046219706016604085,1.3852840746803968e-07,8.087943798952625e-05,0.00018310151570461174,5.869004519250132e-05,5.244702503753454e-07,1.4429350496935954e-05,9.243996477178454e-06,0.2158603176262425,6.4894003116267875e-06,0.2194735966426727
66,0.0010620773866477677,1.2190776351681538e-05,6.204525254052751e-07,1.703922996617809e-06,0.013663613138499463,0.00016209375405313776,0.0001488698551114137,3.581293512564646e-05,0.7612745457931387,0.009553400149211211,0.004904299331264625,1.2664898864961917e-06,6.771111560326585e-09,0.0001591922504689131,0.01987741092161147,2.163348962729556e-07,0.000134957560696316,8.786139442389149e-05,8.845729608730316e-05,8.305477957744846e-07,5.134862215183146e-06,4.753710349266941e-06,0.07661743026419236,6.780085200574135e-06,0.11219647401613893
67,0.0004708692134303348,2.9389123024647984e-05,3.494734178811496e-07,1.8663079113343686e-06,0.007521215960107557,0.0003227121018199383,0.00010113831604669856,2.3548665434626755e-05,0.6190739548364521,0.00564377778946641,0.0039919054088162894,1.5947121794187028e-06,3.254386455684992e-09,0.00016405452474621633,0.03859069860258862,1.9541029849231587e-07,0.00012612942375964957,0.00015787631438138886,7.874724880723198e-05,6.65904532727221e-07,9.836418307379975e-06,8.498292774457593e-06,0.15068585231471968,7.1919590396318934e-06,0.17298792842355099
68,0.001260687526592531,2.011127527962587e-05,4.73674452218741e-07,1.8203577855026847e-06,0.011017765995258466,0.00010999710876142574,9.208571710422238e-05,2.686620702207627e-05,0.740605549254127,0.006793769103390567,0.005701067835983273,7.922322745917992e-07,4.104019242334977e-09,0.00016976477744261716,0.022957905643672536,1.5661676135812528e-07,0.00011542022187167144,7.517400912347357e-05,0.00010298504806811103,5.014991969225656e-07,3.503148586335506e-06,4.953508333716115e-06,0.07217580900110995,4.861378862918287e-06,0.13875797475491958
69,0.000664472856371684,1.677587604165182e-05,3.7549588639893706e-07,1.7433632418074925e-06,0.00909993937457182,0.0001715839838321216,9.516383775252422e-05,2.9997222470385854e-05,0.7294646003922681,0.006791884459457892,0.005945181445511892,1.2686122202525082e-06,3.435027685677935e-09,0.00014341066053189465,0.03332942470423886,1.5933753172961746e-07,0.00010025544613195752,0.00011031749393628701,6.227880892060616e-05,6.647923035143093e-07,6.073458819668454e-06,5.650920033830159e-06,0.09227411309052637,4.1623014683499624e-06,0.1216804986309027
70,0.0008576096400572374,1.960496610241782e-05,4.481041228402211e-07,1.7475761076500741e-06,0.010049388279165003,0.00018261795035984693,0.00011346048709348787,3.526732325608603e-05,0.7234405433288253,0.007502670664180653,0.005082033997676167,1.3736846973706486e-06,4.528935523953184e-09,0.00016859709270846087,0.03166705956875539,1.9109097208580158e-07,0.00012090510339378199,0.00011074960019842492,8.806196545442823e-05,6.4527016149603e-07,5.844204333196835e-06,6.396621695454038e-06,0.08767618251119386,6.196577287001671e-06,0.13286239986326678
71,0.0009510277077485376,1.102983089069035e-05,4.3642100958688774e-07,1.5905195384404751e-06,0.010892502193803583,0.0001611222494189302,0.00017499969408659198,3.772055739791315e-05,0.748337033720206,0.00952561514107624,0.004351028672006407,1.2981214698729712e-06,5.637375139130746e-09,0.00015824916501549116,0.02116032910054208,1.807183097411447e-07,0.00012551784978244215,8.669236650952026e-05,6.852914479375302e-05,7.15743428847649e-07,4.430243667322475e-06,4.967620850556982e-06,0.07845454278484877,7.212942517153556e-06,0.12548322185370642
72,0.0011663956847189907,2.8100244048001783e-06,1.2773615670542377e-06,2.6758830489577478e-06,0.01789784309088104,0.0009912572538619332,0.002827734788441665,0.0003190863567395497,0.861799584627545,0.013001450394318333,0.0013288078596147125,6.370262288143673e-06,9.721124590286815e-08,0.0001546437981587465,0.00925295329960863,5.181012747681507e-06,0.0003275801852980026,0.0005264755170181879,0.00015708252358021,2.733443952557909e-06,1.5645451576363864e-05,6.331735080220538e-06,0.06873717868808286,6.254789177804019e-05,0.021406255654442503
