,0,1,2,3,4,5,6,7,8,9,10,11,12,13,14,15,16,17,18,19,20,21,22,23,24
0,0.00027076188059104594,0.01211273176778116,1.3387036812078442e-06,6.738864679719591e-05,0.03146852056630807,0.004311548606807032,0.0009709865164052437,9.137089960737035e-07,0.9426137251094263,0.00010659186230706467,0.00018244361931691618,4.706749246924975e-07,3.256262015149675e-06,0.0007619296179357377,0.0008854925501726341,0.0008698740117415344,2.6215375712204795e-05,6.441183107610555e-07,4.315977400079285e-05,2.481762000844131e-07,5.954856515875236e-06,5.312732290450726e-06,0.0018273897324553201,7.6459208923003e-06,0.0034554552084151945
1,0.0001772519634981991,0.006743344359147543,8.555349775450889e-07,4.4523893449847716e-05,0.02159081821583073,0.002743324043622832,0.0006213627780013192,7.049519039658676e-07,0.963565283400372,0.00010372338598190931,0.00010249274463706691,2.1376254186345777e-07,2.2823220418231665e-06,0.00038291652336212823,0.00045675999915568424,0.0009320322636128615,1.6358123127172176e-05,3.344222637354232e-07,3.305716527065896e-05,1.6084858841648118e-07,2.411535824359112e-06,3.1198835072604317e-06,0.0008855719824013354,5.409300327403695e-06,0.0015856865965524357
2,0.00024003450029814628,0.009777997519374622,1.2231084071495732e-06,5.808050539350058e-05,0.02962719544751175,0.003701598597624999,0.0009820194818993173,9.049077936298852e-07,0.9474272140047264,0.00011162768660702508,0.00015098974933587742,3.720762026122971e-07,2.772651713550838e-06,0.0007277866324337052,0.000858857057621051,0.0007760973614207888,2.1325765751064822e-05,5.883682058655376e-07,4.257653273217643e-05,2.8857051041923164e-07,5.253033073990122e-06,5.702990869949354e-06,0.0017843485047173077,7.351923102980209e-06,0.003687793022671918
3,0.0002685525074324276,0.011953796720414984,1.3725934168280283e-06,6.747017399657095e-05,0.031052096169355097,0.004584372227423124,0.0010092049218621132,9.50943462143504e-07,0.9427229788622955,0.00011262751376302441,0.0001815794467019402,4.78691893768658e-07,3.3467152585687506e-06,0.0007753884208492913,0.0009093005900525274,0.0009128463705983599,2.6589383991760354e-05,6.539250618707642e-07,4.574159871976703e-05,2.7035392649329577e-07,6.160192510767209e-06,5.59039497261705e-06,0.0018691923560097243,7.763835229166117e-06,0.00348167509080149
4,0.00028189020956220133,0.014895459054496905,1.3838870325931776e-06,7.041704784052953e-05,0.033377093831661556,0.0047406359599963845,0.0009510907470980162,9.442635960708697e-07,0.9374473912961401,0.00010031268637286636,0.00021247470986400087,6.403122933298693e-07,4.555572950651151e-06,0.0008355948915733774,0.0007936978027023154,0.0008898324037990775,3.0370630268536043e-05,7.09678998760691e-07,4.875752966852063e-05,2.6279646282096845e-07,6.435901671741659e-06,5.165591551025463e-06,0.0019363196579211441,7.2777907968715224e-06,0.003361285745680678
5,0.0003587297524715877,0.008097543966630302,1.3992508825496139e-06,9.447094250543503e-05,0.02708073673333173,0.00378756074465541,0.0010200242172682095,1.0071501923143562e-06,0.9500135324000832,0.0001433512145694483,0.0001695318174408869,5.149345302209737e-07,3.2342628612501237e-06,0.0009145721885533419,0.0006460258882589817,0.0010476643337549503,3.2090231617989585e-05,1.3535094097413493e-06,3.2240936304209664e-05,3.8480662604873855e-07,6.105539650149828e-06,5.06116363029823e-06,0.0021068280004736353,1.15818868832676e-05,0.0044244541274147935
6,0.0002685525074324276,0.011953796720414984,1.3725934168280283e-06,6.747017399657095e-05,0.031052096169355097,0.004584372227423124,0.0010092049218621132,9.50943462143504e-07,0.9427229788622955,0.00011262751376302441,0.0001815794467019402,4.78691893768658e-07,3.3467152585687506e-06,0.0007753884208492913,0.0009093005900525274,0.0009128463705983599,2.6589383991760354e-05,6.539250618707642e-07,4.574159871976703e-05,2.7035392649329577e-07,6.160192510767209e-06,5.59039497261705e-06,0.0018691923560097243,7.763835229166117e-06,0.00348167509080149
7,0.0005376522055390736,0.027048967759434835,4.117343407432926e-06,9.371236781003011e-05,0.042298904923924595,0.005823748485305288,0.0013511233351324611,2.129377530753126e-06,0.9166321402846552,9.810157622330276e-05,0.00037147581832002553,7.378411096800313e-07,1.2966667402677558e-05,0.0005782663404391603,0.0010917100666255214,0.0008872760191790442,3.605338830445925e-05,6.448085745974207e-07,0.00010634007885231761,2.5634872197927375e-07,7.0339620977324065e-06,6.072325683588412e-06,0.0012076955381725182,9.381646619912329e-06,0.0017934914909337547
8,0.00018240444670217964,0.004062731143302968,9.290249075936011e-07,5.8541327654526335e-05,0.02051769816159116,0.0012609099340170186,0.0005953394996558136,3.1777655825311064e-07,0.9643951405802,0.00013726045478065508,0.00011887935774279265,8.946337493366376e-08,6.710888857720491e-07,0.0007804403750272264,0.0009206799117124799,0.0003126293642262687,9.592657960478472e-06,4.5200433379137147e-07,1.047573864329499e-05,1.6526870645644836e-07,2.9855516160021905e-06,4.4213615900348735e-06,0.0012107881598091756,2.302197648746162e-05,0.00539343537051355
9,0.00022685002656461312,0.004700308729615137,1.980295691215603e-06,0.00010117677042880205,0.02361750956168015,0.0032920482420508916,0.0005179962553480491,7.593003344664398e-07,0.960397345559498,0.00018098187119945866,0.0001768271576588489,1.7718472245877907e-07,1.9260009032097405e-06,0.0008766358986237117,0.0008676927718336102,0.0007469867536423591,2.1141865489244078e-05,5.47521027177945e-07,2.4029653950300967e-05,3.4997731981575205e-07,4.6934024768829115e-06,5.445045282665946e-06,0.001750196919422551,2.3425656206923262e-05,0.0024629675790296653
10,0.0002685525074324276,0.011953796720414984,1.3725934168280283e-06,6.747017399657095e-05,0.031052096169355097,0.004584372227423124,0.0010092049218621132,9.50943462143504e-07,0.9427229788622955,0.00011262751376302441,0.0001815794467019402,4.78691893768658e-07,3.3467152585687506e-06,0.0007753884208492913,0.0009093005900525274,0.0009128463705983599,2.6589383991760354e-05,6.539250618707642e-07,4.574159871976703e-05,2.7035392649329577e-07,6.160192510767209e-06,5.59039497261705e-06,0.0018691923560097243,7.763835229166117e-06,0.00348167509080149
11,0.0002735713700600845,0.013264417603546299,1.4425780828545458e-06,7.084305613391422e-05,0.031416082299262404,0.004945728308424625,0.001035892374848998,1.0708262109044183e-06,0.9409376722566372,0.00010609023496199608,0.0001899949722061304,5.627968651315297e-07,4.2298964158362995e-06,0.0007595196211569627,0.0008592766915472842,0.0009871218290769409,2.9897531979976382e-05,6.726981101181715e-07,5.0403569156994224e-05,2.733419075776902e-07,6.121001961873107e-06,5.435010353670666e-06,0.0018627895518996166,7.228081719757522e-06,0.0031836624974730474
12,0.00029476421180298784,0.025638502728468026,1.0393498582939655e-06,7.405443914318437e-05,0.1646263816614047,0.0047552847891317055,0.0010331108417705609,2.512337274563329e-07,0.7726712034987486,4.9949947868005134e-05,0.00018404320643425597,1.575021838417624e-06,3.2101407731955168e-06,0.0030859890895478287,0.0004661859855344833,0.00046378652088039914,1.5316196715965945e-05,3.0910212196235257e-06,2.2210733043035024e-05,4.924146739014082e-07,9.303434944424837e-06,1.698023862972787e-06,0.004646960295261647,4.188821466160312e-06,0.021947406391879924
13,0.00027482786426246395,0.012513195038367977,1.3936990180314121e-06,7.022264454110082e-05,0.03236213475703508,0.004631694597478983,0.0009861634737661088,9.360293188890691e-07,0.9406907006516919,0.0001083610946095428,0.0002049043657199896,4.990438937926712e-07,3.5170939156397125e-06,0.0007966485236620767,0.0009627879521426981,0.0009110340939283704,2.7090605853565548e-05,6.447146600937615e-07,4.646666576826051e-05,2.616514587689412e-07,6.437006742779374e-06,5.479299098693674e-06,0.0019757630577753415,8.149248159144814e-06,0.0034106868271305897
14,0.0003989965824272904,0.030855838971869425,1.9198147206012213e-06,6.99768245639107e-05,0.05604727486894214,0.00944886799552159,0.0014502225845745957,1.0973948732408108e-06,0.8914087242734434,0.00011863318570492407,0.0003436901996197883,1.2833021490245128e-06,8.095956885200472e-06,0.0010802180309248473,0.0011473566858146917,0.0014516055576969098,3.4943406374649725e-05,8.729472480605977e-07,0.00011483543520495489,3.2484244640259134e-07,1.0742319350437643e-05,6.02539321321346e-06,0.002200642823801587,6.382524762634816e-06,0.0037914280778665057
15,0.0002685525074324276,0.011953796720414984,1.3725934168280283e-06,6.747017399657095e-05,0.031052096169355097,0.004584372227423124,0.0010092049218621132,9.50943462143504e-07,0.9427229788622955,0.00011262751376302441,0.0001815794467019402,4.78691893768658e-07,3.3467152585687506e-06,0.0007753884208492913,0.0009093005900525274,0.0009128463705983599,2.6589383991760354e-05,6.539250618707642e-07,4.574159871976703e-05,2.7035392649329577e-07,6.160192510767209e-06,5.59039497261705e-06,0.0018691923560097243,7.763835229166117e-06,0.00348167509080149
16,0.0006061334444338105,0.015101266619791383,1.8055903066981317e-06,0.0001432226571348332,0.03927793948344207,0.0069017563898222415,0.0020724017840830877,1.2723840261656745e-06,0.9143819877140233,0.0003675558828016984,0.000275692531199547,1.6409636495323867e-06,4.2566944523757184e-06,0.0020757128808256294,0.0010456743340244642,0.0018363256289335385,5.743465234587619e-05,3.847987441071744e-06,5.7783799551414645e-05,7.411091876365446e-07,2.9072106127353168e-05,1.0648105578679604e-05,0.003604085451455832,1.3860508707354679e-05,0.012127881296654144
17,0.0005727923988114163,0.018634446125115018,1.186572659143574e-06,7.863652125117037e-05,0.03467297648876567,0.004037094258749978,0.0012666487378877062,1.469272140129527e-06,0.9221334494210495,0.00010435341319886043,0.00019331456033195264,2.045024654582185e-06,6.312285564253704e-06,0.0015495214235668837,0.0005087728416179775,0.0008920392284014741,5.787527512377641e-05,3.00648088303785e-06,6.0235731873000655e-05,5.564223099906936e-07,1.2914226537462978e-05,8.293400896819966e-06,0.00447325782443345,5.97535018600093e-06,0.010722826713991064
18,0.00038659782096821417,0.011807655679154596,4.630215432256215e-07,3.1202974493936775e-05,0.011766207735418456,0.0026396530199074,0.0009725330620159919,6.894591439748183e-07,0.956249448356633,0.00011167168336662693,9.160761678065486e-05,8.589829387316073e-07,2.558471202588136e-06,0.0009468429064033005,0.00033521030570411085,0.0005576801930652881,4.833689953605314e-05,1.8172754144881905e-06,3.113863822473042e-05,3.052339502407154e-07,5.015045942013904e-06,7.47761410097388e-06,0.0023232404613609333,4.83648759325224e-06,0.011676951055137011
19,0.0002546449791756041,0.013507546828513855,1.8513645175504618e-06,7.892436104609103e-05,0.04127243454504845,0.003962002263389535,0.0011647799603884677,1.4415283313394504e-06,0.9327821432710249,8.89182772632587e-05,0.0001645866971589326,6.145152889012564e-07,4.940874490884925e-06,0.0007019085661054519,0.0008345473036044113,0.0008302325431541106,2.5345406109823835e-05,6.500525312174996e-07,5.4446387660710777e-05,2.982485291851673e-07,5.861000517189949e-06,5.886196760926036e-06,0.0014680228115797197,6.038015977048842e-06,0.0027819340018327412
20,0.00022997385413506163,0.012838781278705576,2.197656567316745e-06,9.045045346010653e-05,0.0366971345185408,0.0051971434697942066,0.0020958050126650887,2.0438352626178936e-06,0.9303554831791069,0.00012483861524749753,0.00030318595214032717,3.869984745071672e-07,3.738682349086064e-06,0.0007591563156161567,0.0037447172291878348,0.0009013761655984112,2.4311097853409947e-05,3.637496219435659e-07,8.395467849634677e-05,3.2823964471924883e-07,1.2529139238989946e-05,1.3299697143669162e-05,0.002795542415658533,1.071198777514709e-05,0.0037125457777158963
21,0.00045105908226555273,0.016765591104742853,1.570203409935022e-06,8.923731867399255e-05,0.05180390456003395,0.00446110749175028,0.0008336998423564917,7.196525254765933e-07,0.9146235963229014,0.00019214130283780152,0.00028080347668472955,1.0282100064422033e-06,4.20811660571184e-06,0.0013575144859519254,0.0006305487293805383,0.001120356892723894,3.062133290883912e-05,1.5419635105529226e-06,5.2836291356758984e-05,3.638019691412502e-07,1.205173026629744e-05,5.220793006948643e-06,0.0020373946830231,1.0072348320110562e-05,0.005232810262787478
22,0.0004848978153132489,0.01156141089986072,2.348557885591803e-06,0.00013720610710304156,0.030511814651846676,0.00624342382171632,0.0009448871095758542,1.21448394352708e-06,0.9398781751144178,0.00022073703018905705,0.0003289481479045019,7.617633118333766e-07,4.310965489204604e-06,0.0011141110276462855,0.0010380310610655064,0.0015181120741170498,5.6039246113537126e-05,1.366942418044709e-06,5.020722679130082e-05,3.859668405743208e-07,1.1790678250549974e-05,7.1851367170119806e-06,0.0023403926401450123,1.6925104660730964e-05,0.0035253164266768346
23,0.0002685525074324276,0.011953796720414984,1.3725934168280283e-06,6.747017399657095e-05,0.031052096169355097,0.004584372227423124,0.0010092049218621132,9.50943462143504e-07,0.9427229788622955,0.00011262751376302441,0.0001815794467019402,4.78691893768658e-07,3.3467152585687506e-06,0.0007753884208492913,0.0009093005900525274,0.0009128463705983599,2.6589383991760354e-05,6.539250618707642e-07,4.574159871976703e-05,2.7035392649329577e-07,6.160192510767209e-06,5.59039497261705e-06,0.0018691923560097243,7.763835229166117e-06,0.00348167509080149
24,0.00026904721357053643,0.012466527302774248,1.2759200885231444e-06,0.00010306204523295253,0.05405177778276696,0.003924882968164524,0.0008298617082915318,9.141848186004967e-07,0.9198456914442037,9.05651834537049e-05,0.00021029116099945266,7.497675551177574e-07,4.903484160156344e-06,0.0010480553707373596,0.0005775861398290974,0.0011784488022509667,2.5581350463241623e-05,9.347968083115626e-07,3.997191706685385e-05,2.766988727457118e-07,6.076802568225613e-06,3.341924386808082e-06,0.002151887259276149,6.840581830681141e-06,0.0031614481898294597
25,0.00051995662898552,0.01155392178425502,2.3546078903755476e-06,0.00018000280592552257,0.050019835295237375,0.004170395483488747,0.0018770154098812727,3.09855350880511e-06,0.9207034086136431,0.00013366887620255036,0.0004261355244599609,8.337005203588792e-07,8.670864371771665e-06,0.000825666155911927,0.001466821934831872,0.0019087019597178335,3.835745182093277e-05,1.1693051919705147e-06,8.890726188690484e-05,4.2066488856457526e-07,1.3310008989839626e-05,6.787519933600171e-06,0.003233165610584585,1.0678670592543946e-05,0.0028067153072791158
26,0.00039518065838028315,0.021051775708850577,2.1699713210207477e-06,9.352663510390367e-05,0.04978869116872968,0.008138342863448922,0.0018533490235758045,1.4964987441697358e-06,0.9061072664704137,0.00019994144411424142,0.0002751109672426953,1.066109951922382e-06,5.465083223196853e-06,0.0012620988057035936,0.0015375816322083275,0.0015896022425057434,3.5818089053115395e-05,1.1163796520131416e-06,0.00010060877393570079,4.3906496676647226e-07,1.5322494267134918e-05,9.30389185138099e-06,0.0023307857365401654,7.859758303304349e-06,0.0051960805279128355
27,0.00012989655956732325,0.0060216569712598185,6.733932896764609e-07,3.283748821630802e-05,0.016209941580955133,0.0022553644138884285,0.0008454269203938772,6.095929213410706e-07,0.9683929264625685,8.733999162250381e-05,9.574287228672619e-05,1.636391404011861e-07,1.5581608966619293e-06,0.0004583501536740755,0.000816127194505556,0.0004802899809263859,1.450760074040029e-05,2.6474789964802186e-07,2.595926855877438e-05,1.8825354150993902e-07,2.4810036756295195e-06,5.5750555907885845e-06,0.001164213686992602,6.409511207917535e-06,0.002951495495679841
28,0.0002685525074324276,0.011953796720414984,1.3725934168280283e-06,6.747017399657095e-05,0.031052096169355097,0.004584372227423124,0.0010092049218621132,9.50943462143504e-07,0.9427229788622955,0.00011262751376302441,0.0001815794467019402,4.78691893768658e-07,3.3467152585687506e-06,0.0007753884208492913,0.0009093005900525274,0.0009128463705983599,2.6589383991760354e-05,6.539250618707642e-07,4.574159871976703e-05,2.7035392649329577e-07,6.160192510767209e-06,5.59039497261705e-06,0.0018691923560097243,7.763835229166117e-06,0.00348167509080149
29,0.0002685525074324276,0.011953796720414984,1.3725934168280283e-06,6.747017399657095e-05,0.031052096169355097,0.004584372227423124,0.0010092049218621132,9.50943462143504e-07,0.9427229788622955,0.00011262751376302441,0.0001815794467019402,4.78691893768658e-07,3.3467152585687506e-06,0.0007753884208492913,0.0009093005900525274,0.0009128463705983599,2.6589383991760354e-05,6.539250618707642e-07,4.574159871976703e-05,2.7035392649329577e-07,6.160192510767209e-06,5.59039497261705e-06,0.0018691923560097243,7.763835229166117e-06,0.00348167509080149
30,0.0002685525074324276,0.011953796720414984,1.3725934168280283e-06,6.747017399657095e-05,0.031052096169355097,0.004584372227423124,0.0010092049218621132,9.50943462143504e-07,0.9427229788622955,0.00011262751376302441,0.0001815794467019402,4.78691893768658e-07,3.3467152585687506e-06,0.0007753884208492913,0.0009093005900525274,0.0009128463705983599,2.6589383991760354e-05,6.539250618707642e-07,4.574159871976703e-05,2.7035392649329577e-07,6.160192510767209e-06,5.59039497261705e-06,0.0018691923560097243,7.763835229166117e-06,0.00348167509080149
31,0.0006703258245371747,0.014512982132814288,2.8866194547033496e-06,9.034544800791033e-05,0.04112461154785585,0.0037302910252355053,0.0013289889704290226,2.5777810662885467e-06,0.9283004002358342,0.00012134751451332795,0.0001624620838257576,8.780103454133358e-07,6.7219137558103446e-06,0.000787777681929905,0.0006336356831624283,0.0009938752481360134,3.787993219443445e-05,1.7956531650086066e-06,8.611644921946702e-05,5.1175073267017e-07,8.265435544736924e-06,7.488264373293143e-06,0.00222733626306682,7.358173790821558e-06,0.0051531403570092855
32,0.0002895255960422417,0.013425527637281751,1.5601913709918158e-06,6.538488641369323e-05,0.03475790682868039,0.004984934783837089,0.001124794127137086,1.1606394818269605e-06,0.9365048655345193,0.00011752658284739201,0.00019425527888812944,5.569424256474584e-07,3.95545847824481e-06,0.0007931423838171384,0.0010242199256947,0.001000132529500796,2.7434478384304167e-05,6.564534254620392e-07,6.485700595487988e-05,3.137018582709149e-07,6.984783399167799e-06,6.654725888048859e-06,0.0019971873116324253,7.2424713508350755e-06,0.003599219741690085
33,0.0002999443697454403,0.011900181763602502,7.093025145817644e-07,5.657025557209988e-05,0.009423327017919014,0.005247319103439456,0.0009417967329942076,1.5681295395683413e-06,0.9665403123733445,0.00010087811938554888,9.733481055814933e-05,1.2389741703253488e-06,1.0245335190706547e-05,0.0006259309018598215,0.0001979547878475907,0.001551261448883015,0.00010390724983145193,1.178540250390221e-06,4.3542977247586026e-05,2.633751069829349e-07,2.453476823518479e-06,5.353971393666843e-06,0.0010276989021673765,3.39786262542813e-06,0.0018156302179869062
34,0.00034165668802441356,0.013924504794176487,1.1949886553541204e-06,3.3641649305478266e-05,0.03218429602468939,0.002030239579869361,0.0005421538036282179,6.782948884234202e-07,0.9445254478601921,7.34357958966827e-05,0.00020870091357818985,3.220044185425029e-07,2.883169307468891e-06,0.0005268341646470964,0.0007270360767718294,0.00040581473979905194,1.4562184095971314e-05,3.616203803371302e-07,6.280062192142938e-05,1.5542482904604065e-07,3.9201861012144785e-06,5.1606903125830475e-06,0.0013951613984143222,7.423771351258823e-06,0.0029816135547454533
35,0.00034195858360106646,0.011142384972112994,1.1968607611571807e-06,5.7900293014719894e-05,0.02436404541958119,0.003283612615051757,0.0009250145925177654,1.0573763692287827e-06,0.9527864161411752,0.0001122294439059504,0.00014029210379957148,4.983399242923209e-07,3.345471598579712e-06,0.0006052487385663095,0.0005804892063875043,0.0008618404171023415,2.868440175216284e-05,8.166790675436533e-07,4.342233233833746e-05,2.3599116473877647e-07,4.8459916336469615e-06,5.20621149465301e-06,0.0013934916219416667,6.466899970557657e-06,0.003309299295166878
36,0.00027598303876127077,0.012207436647294028,1.432993319084526e-06,6.909316935475812e-05,0.03264234734976337,0.004611645966923476,0.0010156943668577904,9.429742723166179e-07,0.9406773997259383,0.00011489163334174233,0.0001892816591796809,4.788516502996918e-07,3.3526408525640793e-06,0.000793338976905926,0.000938784437952979,0.0009078759467600616,2.5944478730378243e-05,6.63962985438242e-07,4.665290368416272e-05,2.7388628407386815e-07,6.433466675460208e-06,5.586206761400359e-06,0.0018970198544201802,8.08511263472451e-06,0.0035593597486964475
37,0.0007149251488478703,0.009514142840167905,2.442231472676436e-06,0.00014571408664826722,0.03294683117028601,0.0032018461421540415,0.000906858700672276,8.856824800070736e-07,0.9418766810146265,0.00017129293207448072,0.0003443572809810268,5.493221938329817e-07,3.5019243190828882e-06,0.0011337813142646997,0.0008483444856208903,0.0009166562568955385,3.702786505932419e-05,2.0030698104250855e-06,3.311882033694271e-05,3.334222932214826e-07,7.779537686807706e-06,4.968593461660698e-06,0.002156637203467916,3.0371957066218958e-05,0.004998948997112494
38,0.0003752416966098157,0.019427570629270304,2.644812572599985e-06,0.00015340487773006517,0.04065661261940855,0.02385210708874534,0.003511415280093239,3.1078458473685048e-06,0.8937482093253585,0.0001960517723490835,0.0004239239920163921,1.2879468857163312e-06,1.1705431913722343e-05,0.0011617904027396396,0.00276568717126537,0.00484528736896514,7.282552279868414e-05,1.0247610564628532e-06,0.00017616759839932566,6.530856600679215e-07,1.931530359862716e-05,9.869981677327926e-06,0.005062636119122577,9.162012757192383e-06,0.0035122973531589983
39,0.0002753432873235477,0.012075709227402505,1.4392765190229016e-06,7.355606915801354e-05,0.031561952616834706,0.005071543306001373,0.0011803486193993767,1.1269253784731877e-06,0.940555386864056,0.00011788948785218463,0.00018248164952827607,5.277067289320136e-07,3.6280572679032375e-06,0.0008031940260985499,0.0010007092010573258,0.0010326248329349372,2.9478582228161047e-05,7.150120193153701e-07,5.065862147574993e-05,3.041493414684693e-07,7.096912001719576e-06,6.230244802061514e-06,0.002134945203382317,7.5520046669701005e-06,0.0038255581165408995
40,0.00045399339338391553,0.04688723707361651,5.732311866302033e-06,7.350892301574096e-05,0.11340270808001424,0.00967404586240067,0.0010945274886026992,8.995333538454943e-07,0.8150579232706621,0.0001294796625927038,0.0003676907862793817,1.3873839445298276e-06,5.288827101863979e-06,0.0018414760952003414,0.0021941613034565533,0.0006122712409748347,2.7065744390104166e-05,8.7321157761388e-07,0.00013889332667723644,4.286707012618551e-07,1.533674536932444e-05,1.1052566188743452e-05,0.0017759317065983795,1.0563303319984271e-05,0.006217523488711308
41,0.00022890360872553634,0.011563115103825152,1.2493592543655174e-06,6.289716144059951e-05,0.03038826816881922,0.0042779767433169654,0.0008866600856964947,8.344088112466114e-07,0.9454078496146148,0.00010057717236139531,0.00016088724471687789,4.082308104084871e-07,3.09079186759711e-06,0.0006915787791570742,0.0007947901586559031,0.0008434476623176806,2.3730535043789616e-05,5.37853906203028e-07,3.837001966839804e-05,2.2406897417851826e-07,5.011258060497656e-06,4.6500457837394014e-06,0.0015796604066744598,6.877645868091577e-06,0.002928403871629269
42,0.00035145702680556944,0.018840827018191928,4.168359811165343e-06,6.54635490774978e-05,0.03651215292553594,0.006392503868651199,0.0017020137020325914,5.632411498711892e-06,0.9271144535808808,0.00020825338027319145,0.00021634309684273693,9.062549308223254e-07,7.373213808479179e-06,0.000597546172899048,0.0023601437147740757,0.0014517629944948438,4.239598973086783e-05,3.911943174715228e-07,0.00034223622928801907,5.263614367471452e-07,1.6171913176526998e-05,3.462690750194217e-05,0.0015916362427055325,5.9665912232855016e-06,0.002135047300110883
43,0.00036535695328492317,0.018979489553643824,1.56141469949119e-06,8.885838118515712e-05,0.040425833813879035,0.0053659679365787175,0.0012449085045301593,1.0691405847238141e-06,0.9230533065077012,7.319396665261607e-05,0.0002720699803497188,9.095529792548359e-07,5.261348992581078e-06,0.0009582258988084052,0.0010810442815094707,0.0009750906355027168,3.773403949790593e-05,9.464545736313997e-07,5.103195879359926e-05,2.3007380515903195e-07,7.559204463930926e-06,4.918904253933951e-06,0.0025958753187339057,7.728767635263022e-06,0.004401827407360865
44,0.0002685525074324276,0.011953796720414984,1.3725934168280283e-06,6.747017399657095e-05,0.031052096169355097,0.004584372227423124,0.0010092049218621132,9.50943462143504e-07,0.9427229788622955,0.00011262751376302441,0.0001815794467019402,4.78691893768658e-07,3.3467152585687506e-06,0.0007753884208492913,0.0009093005900525274,0.0009128463705983599,2.6589383991760354e-05,6.539250618707642e-07,4.574159871976703e-05,2.7035392649329577e-07,6.160192510767209e-06,5.59039497261705e-06,0.0018691923560097243,7.763835229166117e-06,0.00348167509080149
45,0.0002027287694881657,0.009193325345623735,2.0341649697642078e-06,9.94591139512518e-05,0.03114026884451203,0.0071173492307799475,0.002065475326805131,2.0637526101705936e-06,0.9409018970153268,0.00013038599021304996,0.0002020640257715463,3.306120017499033e-07,4.074522179609915e-06,0.0005979786862898315,0.002314713815566421,0.0017118612518257925,2.6213759358532568e-05,4.1183392815653297e-07,6.674087440220905e-05,3.3464029438859663e-07,6.585480738010214e-06,7.457707255089825e-06,0.0019601876820706464,9.014554077839262e-06,0.0022370429999601063
46,0.0006380712945154869,0.012905540804702204,2.6162314059841137e-06,0.00025408046174250323,0.010224974447947724,0.0163236081654872,0.001069199786810018,3.7200738504404364e-06,0.9473324552612133,0.00014011853284514296,0.000375975164901305,1.882123311930793e-06,1.4618217447185027e-05,0.0007795557109335352,0.0007731861712688046,0.003704555912720771,0.00036975928494952865,1.9493331420760477e-06,5.4863008524664705e-05,3.466641468880238e-07,1.0272762871250348e-05,8.058885939641445e-06,0.003448571303774565,1.5423508354961057e-05,0.0015465968871929186
47,0.0007255847667489862,0.02775919135809128,9.72361984844598e-07,1.46991006826105e-05,0.013117722453988222,0.0029350644355039053,0.0014108993853733983,1.6915014639898604e-06,0.9444172906873062,0.00015207506704428272,8.947937694027136e-05,1.814297983792952e-06,4.717947304519721e-06,0.00045291552523586687,0.00044093226916060765,0.0006853488506300048,4.8754367165170976e-05,1.4528957358571094e-06,0.00015981897500813805,3.190085558941056e-07,5.884785680910522e-06,2.112080498570407e-05,0.0007652843087752047,3.0078739157593586e-06,0.0067839575947347035
48,0.0003895296906169148,0.027661357980329218,2.170490223157913e-06,0.00010420521166466469,0.011266126659542583,0.02284096475009842,0.002508285718388868,6.392198319746914e-06,0.9270693672942524,7.585587622016505e-05,0.00023823104030589793,1.439781970816612e-06,2.437438522048471e-05,0.00041104974517212466,0.0010840542816192623,0.002772319593428216,0.0002047764555576397,5.497522212096336e-07,0.00017893416735809996,2.4231930139559887e-07,6.903881087058473e-06,8.64170885094039e-06,0.0021394326901806025,3.353455422318845e-06,0.001001440872647667
49,0.00037077941126623933,0.023575782548451916,3.375064961766732e-06,8.486749089818004e-05,0.04136893167403376,0.00997918571237861,0.0012816060227733984,1.390589158338689e-06,0.912844206046303,0.00017251585937540223,0.00023628341380237344,1.2919372124510552e-06,5.930648878787479e-06,0.0012926255030693038,0.0012547952484149153,0.0010350595636920226,5.01507994073381e-05,1.1158809480443863e-06,9.072921503219091e-05,5.35828562333262e-07,1.2754684526683172e-05,1.2053546758368616e-05,0.0018487457665951098,9.62553079882473e-06,0.004465662012700676
50,0.0001967091242393096,0.0038800788254521644,4.2751729015643557e-07,1.5555190900251257e-05,0.013784914679970648,0.0007468074990986716,0.001944898481554198,8.372923468606718e-07,0.9687204502071413,0.000223460003506768,3.5543314150292485e-05,8.749813534851052e-08,8.185915968758911e-07,0.00035868276238923305,0.0005904153229834588,0.00039985955159834347,5.510241370955699e-06,4.465449098561624e-07,4.0506519549541425e-05,2.995700338546126e-07,2.2796867372579364e-06,9.454430954027538e-06,0.0006618471108417382,4.014911089727728e-06,0.008376095122159127
51,0.00011946702157612323,0.01234734497525961,1.2548063829789686e-06,8.233792961305294e-05,0.01990455643436771,0.001454866859355323,0.0002324553480519227,3.955831452966312e-07,0.9643609854428354,4.906887328661398e-05,0.0001174320132197247,1.522336547450754e-07,2.476199082578397e-06,0.0002820137553009682,0.00025661387997302814,0.00023281745058254032,1.6176989353709433e-05,1.3735872946852413e-07,6.039985559231227e-06,2.5750723513651653e-08,1.4340964040229146e-06,1.394508796860289e-06,0.00017396628886038768,6.226852140273549e-06,0.0003503593637449095
52,0.0005992511287387369,0.002763413798888541,2.3347889329727243e-06,0.00022502922465322838,0.02042091712066768,0.004443673724307412,0.0005601259994839228,8.140995468078982e-07,0.9627632632981,0.00039558567194902366,0.0003390867071055818,2.5865104417373824e-07,3.5884309978811166e-06,0.0009383615599550284,0.0004857170599309377,0.002617821564749729,3.9359510344787535e-05,2.2022640845625834e-06,2.1618221136334534e-05,6.031091642767589e-07,3.887452784865865e-06,2.79461342701455e-06,0.0016281079982677356,5.5330850369544394e-05,0.0016868531513691348
53,7.751639537124732e-05,0.0030310671445193957,2.944750288260972e-07,4.742005870487581e-05,0.012984607335604963,0.0023820801025611457,0.003008087885405357,1.0269843002339838e-06,0.969226748491057,6.521471886861355e-05,7.152975386971218e-05,1.1471355712652842e-07,1.5786553994722032e-06,0.0003956017457096836,0.001243448919051755,0.0009770357195342729,1.1643328857062453e-05,3.0806296539485524e-07,1.7819827304961e-05,2.4620518455089094e-07,2.281067924240031e-06,3.6956673769055645e-06,0.002468593425561666,4.201787926616236e-06,0.003977837528355092
54,0.00041373214932312704,0.0061535319127956414,9.27062705142487e-06,0.00048828121743889677,0.06980541742702713,0.009970256167486726,0.000998815990828276,2.508600978655975e-06,0.8960679119108585,0.00014811266158412003,0.0008688945034555417,3.5433927413493033e-07,7.2385977498958125e-06,0.0012878258769965928,0.003296814044119947,0.0014410131291898427,4.15003765628394e-05,7.926952044441973e-07,6.565051105082482e-05,8.596345826590688e-07,1.856293386206206e-05,6.738781417625405e-06,0.00686448867865988,5.1241583433082275e-05,0.001990185649068032
55,0.0002676864593416414,0.011359284766349332,1.4996153185745192e-06,7.306335962684417e-05,0.03103714102663286,0.005011543298185834,0.0010338285809288659,1.0331813806075718e-06,0.9426686504592843,0.00012108644348389589,0.00019288907787907687,4.4374139194319685e-07,3.4218301753244834e-06,0.0007953583379668328,0.0010182550401458014,0.0009728104460795316,2.735596810788764e-05,6.210924177649838e-07,4.869632866203502e-05,2.925058153661404e-07,6.532263828275177e-06,5.980016008916988e-06,0.0020207199282907666,8.514741613348514e-06,0.003323291491084307
56,0.0002698407677440056,0.01307478873985679,1.376074986070276e-06,6.57260229256448e-05,0.0309112107473798,0.004416311686705364,0.0009727001571390785,9.649663788313547e-07,0.9425292070513741,0.00010303650344415975,0.0001864492391881166,5.180386746335088e-07,3.890248301868192e-06,0.0007425814379087796,0.0008334397969718452,0.0008720326389503797,2.7233334277966593e-05,6.418304986371064e-07,4.6712045584527366e-05,2.541157135766984e-07,5.636794170976789e-06,5.242064745704264e-06,0.0017161398872520288,7.3192769218064745e-06,0.0032067465329053504
57,0.0005684893538068115,0.03221399801040851,3.7526381358455322e-06,6.58339444888004e-05,0.07152471523345108,0.007985239155082483,0.0015856426029902824,2.875941089375898e-06,0.8735237376151663,0.00014694697861480246,0.00029422306577168414,2.5045291429057573e-06,9.689269924372896e-06,0.0010762719339833847,0.0014511120199943465,0.0014498576851466381,4.6637344477038624e-05,1.1468436061012922e-06,0.0003441660137072868,6.688946219816602e-07,2.0642338303687134e-05,1.8398069970055607e-05,0.002601870195780849,5.319039353716909e-06,0.00505626128298173
58,0.00026130540190345933,0.0105314426695818,1.4884057651457033e-06,6.863946289587033e-05,0.027744515605508446,0.004240450926210807,0.0009009407607617897,8.573958645100144e-07,0.9484160443181652,0.00011729790483873425,0.0002013508238562844,3.9334635928614413e-07,3.066152394350795e-06,0.0007389275825073953,0.0010108620543539302,0.0008409365689590237,2.5342181886170112e-05,5.794482329521793e-07,4.088241679653828e-05,2.573895966868081e-07,5.469136664702964e-06,5.720736286364729e-06,0.00171192196224471,1.0788948195188306e-05,0.0031205184001708197
59,0.00026167729958572725,0.010073986035806113,1.7171675724981491e-06,7.587601703392282e-05,0.029748136800180798,0.004139925015454178,0.0008497679496129811,8.370845182858808e-07,0.9468926885594328,0.00012904199209433693,0.00021055196473513353,3.656271948572737e-07,2.781572060654821e-06,0.0007847605259532053,0.0010914434299757322,0.0008117594042260015,2.4764382125755208e-05,5.840487861025757e-07,3.8829752507487174e-05,2.677610764469139e-07,5.904461901237459e-06,5.895222034045488e-06,0.0016929714083053586,1.2795504367478906e-05,0.003142671013458916
60,0.0002685525074324276,0.011953796720414984,1.3725934168280283e-06,6.747017399657095e-05,0.031052096169355097,0.004584372227423124,0.0010092049218621132,9.50943462143504e-07,0.9427229788622955,0.00011262751376302441,0.0001815794467019402,4.78691893768658e-07,3.3467152585687506e-06,0.0007753884208492913,0.0009093005900525274,0.0009128463705983599,2.6589383991760354e-05,6.539250618707642e-07,4.574159871976703e-05,2.7035392649329577e-07,6.160192510767209e-06,5.59039497261705e-06,0.0018691923560097243,7.763835229166117e-06,0.00348167509080149
61,0.00029352260190007806,0.010681707808968299,1.9420294437899996e-06,8.48417654656038e-05,0.031720672351879704,0.00462775635618199,0.0008966552561057716,9.87388939458549e-07,0.9434783153543967,0.00013292600581344264,0.00021612272007111554,4.091860783267178e-07,3.1460143662230948e-06,0.0008183755928820461,0.001098892054743762,0.00088623134581076,2.7483845458685094e-05,6.605882695281087e-07,4.3220569848530914e-05,2.925698814692837e-07,6.529559856608094e-06,6.122621488958727e-06,0.0018086233435005738,1.2402403087843307e-05,0.0031521606655606996
62,0.0002685525074324276,0.011953796720414984,1.3725934168280283e-06,6.747017399657095e-05,0.031052096169355097,0.004584372227423124,0.0010092049218621132,9.50943462143504e-07,0.9427229788622955,0.00011262751376302441,0.0001815794467019402,4.78691893768658e-07,3.3467152585687506e-06,0.0007753884208492913,0.0009093005900525274,0.0009128463705983599,2.6589383991760354e-05,6.539250618707642e-07,4.574159871976703e-05,2.7035392649329577e-07,6.160192510767209e-06,5.59039497261705e-06,0.0018691923560097243,7.763835229166117e-06,0.00348167509080149
63,0.0002611612924112632,0.012879412871693172,1.30616083731982e-06,6.099395753633186e-05,0.03023934198263209,0.004364316692451127,0.0009710111039395531,8.853204257739235e-07,0.9433265222888317,0.00010575231764964935,0.00017415696893205852,4.7408124739223474e-07,3.2651560621068e-06,0.000735720906057935,0.0008700824765532193,0.0008264222259210684,2.558601987710404e-05,6.07602817930227e-07,4.408826902436453e-05,2.4091175849632666e-07,5.735699697628776e-06,5.4301752692202685e-06,0.001681073651449306,7.199510603754408e-06,0.0034092123563206037
64,0.0003106703374063012,0.015105669082987746,2.075339599655472e-06,9.202741365197592e-05,0.04362578500137432,0.005577172133028265,0.001298032497117011,1.2794862375799225e-06,0.923846609078226,0.0001382566064474998,0.00024700929960893897,6.140932643724168e-07,4.07426074326895e-06,0.000910235794162461,0.0013401679106981818,0.001016461938937131,2.8686551035004673e-05,7.355812897345781e-07,6.418153538225836e-05,3.3943264793794683e-07,1.1489994639967465e-05,7.354651731374087e-06,0.0023416779453964702,9.124208273220252e-06,0.004020269826113259
65,0.0002513499067810209,0.016222541969806978,2.873091771084184e-06,0.00011340493454233008,0.04547733499566841,0.00926038217871908,0.0015401093935307067,1.4335368746686172e-06,0.9158767513527146,0.00012670565028014724,0.0003037601812048404,4.966958561530769e-07,4.5322810605234165e-06,0.000990569347722207,0.002460276425596861,0.0011648509731490377,3.1864170778383736e-05,5.078534326388211e-07,6.849176225290639e-05,3.4085255502574185e-07,1.1152616423987418e-05,7.842643121699037e-06,0.0027385072144614693,1.1261264637362294e-05,0.0033326587070580944
66,0.0005368698912498696,0.014194790985463113,3.871557782907597e-06,0.0002026096727671282,0.11690643094061944,0.003996546298337768,0.00048138943020597066,5.903942771652846e-07,0.8543435383173761,0.000414647048234609,0.00044990975751942546,8.991920565808214e-07,4.072110399045874e-06,0.0017799070218712594,0.0006146495547468816,0.001718123207760195,2.5445582709960143e-05,1.7201849189896862e-06,4.3871091514623286e-05,3.629389894643459e-07,1.7086578786446978e-05,4.344539584239583e-06,0.0012009065171750771,2.174102133687177e-05,0.0030356761643168507
67,0.0003732699541163785,0.015331935886548237,2.7502834208504094e-06,0.0002000495073084641,0.02206065667085897,0.058493746723939616,0.0033936228431754073,1.0790544070219766e-06,0.8462215606979016,0.0003267375082671401,0.0005692688505576262,2.0684739540134047e-06,9.572427291171408e-06,0.006445007306561177,0.002874609347154368,0.002396979181999388,0.0002042700500119518,3.991806008386384e-06,7.857067581946066e-05,3.0528108724567255e-06,3.48063610097991e-05,1.761534003754551e-05,0.01956551309487673,3.706440475403718e-05,0.021352200739148244
68,0.00035569282509075587,0.009340250509258147,1.5057385598992013e-06,0.0001604676373662716,0.025794406496623023,0.007242466347744289,0.0015521646008371448,1.5655198024799222e-06,0.9430981142698379,0.00011105987031118532,0.00019962355072955195,1.0575031880887696e-06,8.717393422850448e-06,0.0012275585601782839,0.0004972194033905088,0.0015473243699264752,5.727734268397613e-05,2.402775626049634e-06,3.62137166841356e-05,6.378109424625028e-07,9.046952003384852e-06,3.5953879948663493e-06,0.004056039240637299,8.476187740242924e-06,0.004687115989420653
69,0.0005973130406023304,0.025059179711550618,4.098185922081171e-06,0.0001240146605788695,0.03886528573412954,0.022555765213761736,0.002370267442430839,2.558981084735645e-06,0.8891333326236657,0.00023995034065760646,0.0005802560422845993,2.1738773066236696e-06,1.3437961318073244e-05,0.002142717135945551,0.0023292303983362727,0.0019522206782212168,9.457881736031219e-05,1.7962019203266983e-06,0.00025041346890349096,1.4460690119235805e-06,3.2714699943125045e-05,2.007036391604566e-05,0.007032915778667464,1.5839683135923154e-05,0.006578422889344919
70,0.00030667860006324373,0.013708194571270458,1.4587147286673137e-06,6.32293739004937e-05,0.032650795628889985,0.004454175097227722,0.0010764644685696929,9.947890231524349e-07,0.9389329232842847,0.0001144702311359435,0.00019952141449959071,5.141247756961516e-07,3.41285519274869e-06,0.0007744078238709396,0.0010282577905255362,0.0008575814047868366,2.604655945060287e-05,6.647772459772067e-07,5.4070708204205636e-05,2.64300511626883e-07,6.875271312041047e-06,6.346867521292973e-06,0.001881286773357011,7.884775580216845e-06,0.003843479794071967
71,0.0002617078769885111,0.010833640802764263,1.1020382505666429e-06,6.245002867051048e-05,0.02983212348510047,0.0036947035426781495,0.0009458207390818333,8.977672231232573e-07,0.9464108718340491,0.00010626740211062169,0.0001675146829907109,4.6345253298886185e-07,3.1582730502155167e-06,0.0007180255840472917,0.0007611346519090936,0.0009081613406021444,2.4595679883078317e-05,6.616972273598901e-07,4.069598745738945e-05,2.4751836887364465e-07,5.465293407821592e-06,5.004583860068115e-06,0.0017848559602293768,6.971544357910552e-06,0.00342345823315811
