,0,1,2,3,4,5,6,7,8,9,10,11,12,13,14,15,16,17,18,19,20,21,22,23,24
0,0.00018322205344700637,0.018884137903404083,2.759338699351377e-06,9.184523344653065e-05,0.05094360214262345,0.009999464428653996,0.0013887932042779573,7.03612953887873e-07,0.9060539758248541,0.00016821032431439377,0.0003137373744436617,5.582165064196065e-07,3.4649960482395836e-06,0.0015944496952279479,0.002679058631544463,0.0008273654573677565,2.845539300723878e-05,4.630807903411056e-07,5.948107790957327e-05,3.7149237072185055e-07,1.2009287959328965e-05,9.97939745612808e-06,0.0020405024647846552,1.389565168107708e-05,0.0046994937162276275
1,0.00012629842657197938,0.011048036584939809,1.8042401001987872e-06,6.27689801685216e-05,0.03665010381626733,0.006349650115991532,0.0009044874823732902,5.530262612244454e-07,0.9380455559380746,0.00016630551804352125,0.00018688571894580957,2.649095611451884e-07,2.470902901680458e-06,0.000809060984958363,0.0014349690864130453,0.0009195520955645906,1.7803785978764348e-05,2.5031753061578546e-07,4.6014618663705914e-05,2.3596867903402027e-07,5.131056473673657e-06,5.903613841484648e-06,0.0010085765951873271,1.0237375937483092e-05,0.0021970788405711763
2,0.00016585618405224432,0.015254167160390512,2.5571483694284844e-06,8.119677349265574e-05,0.04814790029945635,0.00860863619241553,0.0014129732590768141,7.058708252653407e-07,0.9138357939535124,0.00017695888931125307,0.00026508217842659786,4.44897674869143e-07,3.0026087292211345e-06,0.001533411506097919,0.002610102663207397,0.0007465062200368748,2.3609164239849995e-05,4.3022085892521074e-07,5.8934394685340625e-05,4.326656446832725e-07,1.0680898407525616e-05,1.0698993526262854e-05,0.002014973361239133,1.3651713642339496e-05,0.005021292782680683
3,0.0001833589015351752,0.018593852661869095,2.8468196421779594e-06,9.284925768057447e-05,0.05022312080831949,0.010580930025764155,0.001449666678135289,7.369730605458941e-07,0.9061955220374267,0.0001779114639045038,0.0003133422819778299,5.675150040435557e-07,3.590765886214392e-06,0.001621145478464028,0.002741666469912815,0.000868622345832231,2.9088473073129254e-05,4.7323192392720096e-07,6.311689686674428e-05,4.0402197044729135e-07,1.2404061103892698e-05,1.0465891330537682e-05,0.0020828644165429896,1.4174580329899246e-05,0.004737277942443812
4,0.0001891751956780836,0.023166617407283374,2.8249047018350714e-06,9.53393682608157e-05,0.054017047761660754,0.011040404665228694,0.001343333027235022,7.189799573877403e-07,0.8977407577427863,0.00015747053637861985,0.00036695379409001076,7.583683890760011e-07,4.777379652535791e-06,0.0017492216014663112,0.0024182474401630988,0.0008481866026210446,3.261917693872106e-05,5.064094894929527e-07,6.66425103152128e-05,3.9191625446536667e-07,1.303553289426425e-05,9.697271410145257e-06,0.002180910607180645,1.327937216849035e-05,0.004541082427795626
5,0.00023468778015560537,0.012957792114274069,2.806615717922021e-06,0.00012386070329863366,0.044688414434305615,0.009052266126974916,0.0014251536021445852,7.520342715472788e-07,0.9174923675189722,0.00022514742325518812,0.0002932608879432668,6.191528977743485e-07,3.310111356653696e-06,0.001933407385789679,0.002021695643462946,0.0010061619481709775,3.352470062091934e-05,9.455478405887739e-07,4.424774746761502e-05,5.764360303448431e-07,1.2610877199422305e-05,9.692709083423583e-06,0.002410797759648365,2.0893831032164455e-05,0.006005006908085598
6,0.0001833589015351752,0.018593852661869095,2.8468196421779594e-06,9.284925768057447e-05,0.05022312080831949,0.010580930025764155,0.001449666678135289,7.369730605458941e-07,0.9061955220374267,0.0001779114639045038,0.0003133422819778299,5.675150040435557e-07,3.590765886214392e-06,0.001621145478464028,0.002741666469912815,0.000868622345832231,2.9088473073129254e-05,4.7323192392720096e-07,6.311689686674428e-05,4.0402197044729135e-07,1.2404061103892698e-05,1.0465891330537682e-05,0.0020828644165429896,1.4174580329899246e-05,0.004737277942443812
7,0.0003228062480198001,0.044225896787500926,7.451764231587647e-06,0.00011024713195016007,0.07103613561244711,0.013990415893666832,0.0017283737092443927,1.432518809508005e-06,0.8582484923574308,0.00014720650186967262,0.000636851096496271,8.935708586662671e-07,1.1723580553074238e-05,0.0011970076673458565,0.0035174548056520222,0.0008548498781619925,3.311434540623326e-05,4.2022116109730017e-07,0.00013756954997767978,3.6468366217279197e-07,1.4933263549941357e-05,1.1484829339785712e-05,0.0014056472088213002,1.6263374308611257e-05,0.002342963399534639
8,0.0001251180490657163,0.006453528826326826,1.9388304651973822e-06,8.186484474075216e-05,0.03396116173727566,0.0029596435732132196,0.0008861822383103045,2.5555842294959274e-07,0.9415099114033862,0.00021997457522545844,0.00020513353298869311,1.0990152775278709e-07,7.468979373504265e-07,0.0016396036829103764,0.0027763115213619593,0.0003079499753104662,1.063843992190554e-05,3.339758487397804e-07,1.4847896374375897e-05,2.523914922931735e-07,6.158960737199404e-06,8.380151477912808e-06,0.0013628323017828823,4.105478933403432e-05,0.007426065944561546
9,0.0001530565150051116,0.007357048147070995,4.079006627089526e-06,0.00013997972534586858,0.03858945916307368,0.007708767269621322,0.0007658096707140452,6.024718242151173e-07,0.9340393566786217,0.0002877900880176875,0.00030111171518974267,2.1458537126341053e-07,2.11422565101116e-06,0.0018422453469375526,0.002602038524005019,0.0007256418564272164,2.3310002906566784e-05,3.9984305859505985e-07,3.368645583399515e-05,5.351350849221543e-07,9.552834753813674e-06,1.029399150655814e-05,0.001969518657905661,4.152223887844234e-05,0.003391865850568058
10,0.0001833589015351752,0.018593852661869095,2.8468196421779594e-06,9.284925768057447e-05,0.05022312080831949,0.010580930025764155,0.001449666678135289,7.369730605458941e-07,0.9061955220374267,0.0001779114639045038,0.0003133422819778299,5.675150040435557e-07,3.590765886214392e-06,0.001621145478464028,0.002741666469912815,0.000868622345832231,2.9088473073129254e-05,4.7323192392720096e-07,6.311689686674428e-05,4.0402197044729135e-07,1.2404061103892698e-05,1.0465891330537682e-05,0.0020828644165429896,1.4174580329899246e-05,0.004737277942443812
11,0.00018217803110152255,0.020712627986932394,2.936004037872279e-06,9.489023028085045e-05,0.050871451570228376,0.011527890404439732,0.0014668635033880373,8.132431925101175e-07,0.9029637533773549,0.0001667621090006598,0.0003245560560605563,6.659758979738106e-07,4.422900950062068e-06,0.0015895417886482115,0.0026113978158178604,0.0009357246245073975,3.19547005125431e-05,4.775198604801544e-07,6.907218810149195e-05,4.089259067861663e-07,1.2354988919688537e-05,1.0241368152836523e-05,0.002084872655165299,1.303219966598589e-05,0.0043211098318758885
12,0.0001834385208979583,0.034391967701760326,1.8676424090902733e-06,9.363827195831242e-05,0.23967004023176033,0.009626265098179954,0.0013986985167720094,1.8191904007390793e-07,0.6740170321825835,7.16425192188503e-05,0.0002788448955439058,1.640921707616402e-06,3.0728244404896657e-06,0.0058624805686165885,0.0012421410239193715,0.00041097917094616256,1.5138362014464297e-05,2.084231281649584e-06,2.7856726164279033e-05,6.714263635170479e-07,1.6547626324902714e-05,2.872719509926223e-06,0.004844959446482736,6.7409117256713085e-06,0.027829196540378295
13,0.0001864054627584343,0.01945821236990762,2.8793475396982066e-06,9.576000686736366e-05,0.05222277448547948,0.010657123193036137,0.0014168422427943113,7.232464410090298e-07,0.9030643721688479,0.00017099335368158967,0.0003498853570024835,5.894195682151782e-07,3.7560349367120555e-06,0.0016588399456119408,0.002890068001158755,0.0008622281179276307,2.9459436918323644e-05,4.6409730152430565e-07,6.40620566181633e-05,3.9051246189038e-07,1.2896042492352822e-05,1.025431434351834e-05,0.0021838088672497986,1.4723503129679735e-05,0.0046424884159253265
14,0.0002627361100662237,0.0460265280820846,3.839583149452727e-06,9.317908313049268e-05,0.08720735535348309,0.02096428538395578,0.0020065820437199997,8.211643880524507e-07,0.8282425907972184,0.0001809905427115226,0.0005713788665107357,1.459779718256455e-06,8.342477398493396e-06,0.002177918456726146,0.003338670399969735,0.0013311670627836442,3.689771340632011e-05,6.096195518092424e-07,0.00015201591578720995,4.6840711525429984e-07,2.0827913556075625e-05,1.0890542552270086e-05,0.002369874987322838,1.1298369049610803e-05,0.004979271344644098
15,0.0001833589015351752,0.018593852661869095,2.8468196421779594e-06,9.284925768057447e-05,0.05022312080831949,0.010580930025764155,0.001449666678135289,7.369730605458941e-07,0.9061955220374267,0.0001779114639045038,0.0003133422819778299,5.675150040435557e-07,3.590765886214392e-06,0.001621145478464028,0.002741666469912815,0.000868622345832231,2.9088473073129254e-05,4.7323192392720096e-07,6.311689686674428e-05,4.0402197044729135e-07,1.2404061103892698e-05,1.0465891330537682e-05,0.0020828644165429896,1.4174580329899246e-05,0.004737277942443812
16,0.00040471846181851386,0.02324200897206773,3.7009333030200317e-06,0.00019287700858835503,0.06259712413218414,0.015619338392341402,0.0029167395868001543,9.72755321941506e-07,0.8646851953617758,0.0005693512962700563,0.00046615174063033683,1.9103896456688854e-06,4.4993117405942835e-06,0.00424499946223048,0.0031008405098732618,0.0017061122420354731,6.153611503168851e-05,2.706541167215507e-06,7.862980969932162e-05,1.0834218467565833e-06,5.7531504005986775e-05,1.96625084739013e-05,0.0039094899307309475,2.46867671898447e-05,0.01608813284522751
17,0.0003842347762133833,0.028969536813464845,2.448831962688794e-06,0.00010639561080216792,0.05626108494116642,0.009247523790590085,0.0018185080709607836,1.1268442771668195e-06,0.8776601244615139,0.00016342286594353325,0.00033162078609887596,2.4121701248632015e-06,6.773197567685374e-06,0.0032141584386848145,0.0015241106600099104,0.0008469227819123645,6.221146530723303e-05,2.1446833502642806e-06,8.313532644277886e-05,8.205538956692127e-07,2.5637132300002207e-05,1.54571895432182e-05,0.0048817842563491105,1.0666461624927227e-05,0.014377737889893256
18,0.00027159409017333907,0.018576313539729893,9.88114988198779e-07,4.439258888748548e-05,0.01950437820408509,0.006244346450118564,0.001433562854316496,5.549210510815466e-07,0.9312533153014413,0.00018000992625902767,0.00016309603032980345,1.0418712654849494e-06,2.832271528678525e-06,0.002007754874051735,0.0010361050508333706,0.000550586332218912,5.383477402209338e-05,1.3481853268234753e-06,4.4377487425950065e-05,4.6905038296897657e-07,1.0416659567692328e-05,1.4247344254483468e-05,0.002658357153163241,9.048141701751341e-06,0.015937028782876422
19,0.0001626277674870725,0.02172099820131892,3.5739232265234337e-06,9.934428794948402e-05,0.06840298667238731,0.009481117676216217,0.0015846677718217431,1.0447016367771692e-06,0.8876947077686295,0.00013737771230143772,0.0002835259786148775,7.436926804742644e-07,4.878615682283641e-06,0.0014656309884225787,0.002619907819564695,0.0008036536450378365,2.5282598424710755e-05,4.4587761185977813e-07,7.380438820537365e-05,4.4098576792560963e-07,1.2228937970887879e-05,1.1187935293946576e-05,0.0016894252723825129,1.0669311526684905e-05,0.003709727469838385
20,0.00015661605314987924,0.019845303620259772,4.499519637643491e-06,0.0001232089898612807,0.05891140540693216,0.011771269249801871,0.002965532086311332,1.5598148239667468e-06,0.883769806736542,0.00019490938541699422,0.0005181592759138562,4.5594558859632765e-07,3.968772452508732e-06,0.001563860041485208,0.011057015429733127,0.0008505636421113545,2.6250295037785386e-05,2.626343480129999e-07,0.0001139243422331855,4.802395243823257e-07,2.4918518348628944e-05,2.437723744069401e-05,0.003059532397039072,1.9338051130295476e-05,0.004992782314876379
21,0.00031907913513469304,0.026551093734247973,3.2392762280680733e-06,0.0001228454262454574,0.08526264737637648,0.009773786373683212,0.0012081506668303907,5.656874225036846e-07,0.8609726899088362,0.000298419061591336,0.0004919682981710797,1.2345282174993217e-06,4.547756404479968e-06,0.0027090452613653996,0.0018810587343646857,0.0010825315754838865,3.241210454603784e-05,1.1329636876295967e-06,7.277734139909171e-05,5.135235820671003e-07,2.4565290997672688e-05,9.451292718130738e-06,0.002192714529158013,1.8112227014572504e-05,0.006965417926293562
22,0.0003059992042523443,0.018260951152667473,4.576001671354956e-06,0.0001742846643625498,0.04975479985498931,0.01501958632191591,0.0012885381538980858,8.819278783456268e-07,0.899635601012127,0.00034090439161443484,0.000558444506812701,9.044773871176732e-07,4.274826601189882e-06,0.002349679126602168,0.0032404879485208094,0.00144028826431769,5.7009437279407124e-05,9.299677004129196e-07,6.773433019781435e-05,5.79030902610731e-07,2.408384811945816e-05,1.3729364729999595e-05,0.0026939845244500693,3.0038061871072054e-05,0.004731709599130352
23,0.0001833589015351752,0.018593852661869095,2.8468196421779594e-06,9.284925768057447e-05,0.05022312080831949,0.010580930025764155,0.001449666678135289,7.369730605458941e-07,0.9061955220374267,0.0001779114639045038,0.0003133422819778299,5.675150040435557e-07,3.590765886214392e-06,0.001621145478464028,0.002741666469912815,0.000868622345832231,2.9088473073129254e-05,4.7323192392720096e-07,6.311689686674428e-05,4.0402197044729135e-07,1.2404061103892698e-05,1.0465891330537682e-05,0.0020828644165429896,1.4174580329899246e-05,0.004737277942443812
24,0.00017900017346464544,0.019329713517017653,2.570561721317686e-06,0.00013596228431193947,0.08674887926506808,0.009046783452022958,0.0011766760294784826,6.974427173391663e-07,0.8711634886319553,0.00014079871750894134,0.0003553267357502323,8.852971814366487e-07,5.139563868686008e-06,0.0021496589657214378,0.0017310675698148407,0.0011167267798831775,2.7010276205602847e-05,6.602584949646287e-07,5.515158887469078e-05,4.114237762586629e-07,1.2183781079142501e-05,6.237164309207256e-06,0.002376721742231143,1.205845600650312e-05,0.004226190321536178
25,0.0003125722086849716,0.019013233883865163,4.307538210337994e-06,0.0002123542144886412,0.08383013606977474,0.010123304499700406,0.0024012152296920774,2.083062928887448e-06,0.8671880488652675,0.00020198780421284824,0.0007320550632938269,1.0079748937425883e-06,7.841739127963373e-06,0.0017204277047201586,0.004758473940727913,0.0018285123936112155,3.5506526198213334e-05,7.616533027655337e-07,0.00011498818004854909,6.010055552920715e-07,2.829173172725889e-05,1.2961276520990445e-05,0.0037637993084410197,1.8723752109768206e-05,0.003686804372895925
26,0.00026437628236715747,0.031733304017759395,4.390038600802654e-06,0.00012661501371493024,0.07832833785813494,0.01828521799695669,0.002579238239055207,1.1301896560354483e-06,0.8496772138273442,0.0003066869819909388,0.00046727964528666153,1.229079078820347e-06,5.72239722384686e-06,0.0025736305730017146,0.004521354463121275,0.0014779422429667605,3.838677385421402e-05,7.895088527841454e-07,0.000134467322984288,6.377595081154924e-07,3.003434200479383e-05,1.69006593373649e-05,0.002552821986276752,1.4176915754836852e-05,0.006858115885167334
27,9.23969842848127e-05,0.009561955169783228,1.4390225625741672e-06,4.6896369255662464e-05,0.026918297277827314,0.005364076742924167,0.0012527508131582716,4.931515928190578e-07,0.9469584618183371,0.00014164255307248685,0.00017111856576374715,2.0182673685546762e-07,1.738651878415893e-06,0.0009813792182661008,0.0025162104374396787,0.00047670632343709235,1.637396253883177e-05,2.0012562808218697e-07,3.720212838271245e-05,2.915630119538874e-07,5.202470784061324e-06,1.0690646041214131e-05,0.0013447495568880625,1.2015911135676099e-05,0.0040875087092691505
28,0.0001833589015351752,0.018593852661869095,2.8468196421779594e-06,9.284925768057447e-05,0.05022312080831949,0.010580930025764155,0.001449666678135289,7.369730605458941e-07,0.9061955220374267,0.0001779114639045038,0.0003133422819778299,5.675150040435557e-07,3.590765886214392e-06,0.001621145478464028,0.002741666469912815,0.000868622345832231,2.9088473073129254e-05,4.7323192392720096e-07,6.311689686674428e-05,4.0402197044729135e-07,1.2404061103892698e-05,1.0465891330537682e-05,0.0020828644165429896,1.4174580329899246e-05,0.004737277942443812
29,0.0001833589015351752,0.018593852661869095,2.8468196421779594e-06,9.284925768057447e-05,0.05022312080831949,0.010580930025764155,0.001449666678135289,7.369730605458941e-07,0.9061955220374267,0.0001779114639045038,0.0003133422819778299,5.675150040435557e-07,3.590765886214392e-06,0.001621145478464028,0.002741666469912815,0.000868622345832231,2.9088473073129254e-05,4.7323192392720096e-07,6.311689686674428e-05,4.0402197044729135e-07,1.2404061103892698e-05,1.0465891330537682e-05,0.0020828644165429896,1.4174580329899246e-05,0.004737277942443812
30,0.0001833589015351752,0.018593852661869095,2.8468196421779594e-06,9.284925768057447e-05,0.05022312080831949,0.010580930025764155,0.001449666678135289,7.369730605458941e-07,0.9061955220374267,0.0001779114639045038,0.0003133422819778299,5.675150040435557e-07,3.590765886214392e-06,0.001621145478464028,0.002741666469912815,0.000868622345832231,2.9088473073129254e-05,4.7323192392720096e-07,6.311689686674428e-05,4.0402197044729135e-07,1.2404061103892698e-05,1.0465891330537682e-05,0.0020828644165429896,1.4174580329899246e-05,0.004737277942443812
31,0.0004041628516680124,0.02372320171309961,5.303796229513397e-06,0.00010877169099725802,0.06919298879317556,0.00930159169529295,0.0017040926782755151,1.750621390307525e-06,0.8807422885118369,0.0001837057103242541,0.0002864132788359689,1.0723299130146641e-06,6.196247574286975e-06,0.001673536530226648,0.002087096418870033,0.000972760212101452,3.578971896247337e-05,1.1737217812266732e-06,0.00011288668237534949,7.485496702823665e-07,1.7732160169290753e-05,1.4400443133421004e-05,0.0026851045798038818,1.3168371356510787e-05,0.006724062692936172
32,0.00019769689598286743,0.02074923646741053,3.2266811092214033e-06,9.026488067467335e-05,0.05596577522603859,0.011468083989402316,0.0016054880660841197,8.958647078369285e-07,0.8964513757361451,0.00018480763932637019,0.00033628908233535693,6.580779928079778e-07,4.232574745316318e-06,0.0016549774743832132,0.003080245299566384,0.0009507154067825933,3.0008970825989818e-05,4.7489291383470557e-07,8.883068365545244e-05,4.6638990716369776e-07,1.4037283598389956e-05,1.237967344278236e-05,0.0022285267242044566,1.3284635962215327e-05,0.0048680213828024965
33,0.000173380190397138,0.02233029218684638,1.6518750562772112e-06,7.79764518481127e-05,0.01982304496424007,0.015044836638969647,0.0015257071960656187,1.1424157681034802e-06,0.9317188153838107,0.00017595570517631393,0.0002221006874101917,2.0720244905777666e-06,1.2903079643189941e-05,0.001967264778045636,0.0007322285785140736,0.0017724942359783385,0.00011929257082633303,1.0280134138449444e-06,6.6079312174429e-05,4.5554220004341383e-07,5.934951663340443e-06,1.4784069414934192e-05,0.001364999522461552,6.1036944780092345e-06,0.0028394559311073066
34,0.00023173199460393298,0.0219356976940023,2.4533165346104536e-06,4.55836179980383e-05,0.052791045589656894,0.004789836084069475,0.0007887423370257133,5.315029083423091e-07,0.9094559334537798,0.00011659830461640626,0.00035868502344649645,3.9069890617271264e-07,3.1002666223015734e-06,0.001103902858802587,0.0022115050892166067,0.000396279545338021,1.5721853891780625e-05,2.629942972073174e-07,8.839289102508374e-05,2.3739380594635933e-07,8.052266514787397e-06,9.789867093892837e-06,0.0015749882021862107,1.3272737798801924e-05,0.004057264415858613
35,0.0003604100819032902,0.015571702228368468,1.6925839048636167e-06,5.253103894789788e-05,0.024265563811478378,0.0041074239085613145,0.0009968622276160287,9.365419605534669e-07,0.9470471167306583,0.00017308355977173248,0.00014568741582488017,6.764524217437361e-07,3.1839604287834288e-06,0.000780082687559375,0.0007351222663191576,0.0007615772005151839,3.380802154747272e-05,8.994304170168704e-07,5.187887607652476e-05,2.6939233903081423e-07,6.29728884074414e-06,8.839523215889423e-06,0.0009315656265677833,8.196075947854657e-06,0.003954593068807656
36,0.00018731238683734154,0.018983231199726995,2.960916632476342e-06,9.432579456865234e-05,0.052676939744930464,0.010613895356896172,0.0014587142640233215,7.287565007157364e-07,0.9030678190259501,0.0001812219649008265,0.0003237612725088115,5.659156250144157e-07,3.583163089811415e-06,0.0016525810336600179,0.0028195994584966663,0.0008597393536989902,2.823965090704909e-05,4.781123638849794e-07,6.431316406850755e-05,4.086506548089536e-07,1.2895001017025781e-05,1.045192594514068e-05,0.0020992147527514713,1.4625588375189329e-05,0.004842393545870574
37,0.00039380072820164474,0.015138103765155137,4.3314990464008915e-06,0.0001703087503068308,0.054276881381508504,0.008262765418678979,0.001154179487434875,5.911780086902662e-07,0.9043289848731818,0.0002577192360554537,0.0005696494646613538,6.586606115514283e-07,3.163368631052088e-06,0.002448859459924446,0.002751590405847854,0.0008822244382618561,3.4787920728157823e-05,1.250147873400262e-06,4.263844257296688e-05,5.081784231258845e-07,1.628571614613531e-05,9.72554993195649e-06,0.0026354775816455774,5.148676622730944e-05,0.006564027580934876
38,0.00024644098297914654,0.02891474757698906,5.229390705331271e-06,0.000202934064534278,0.06335455526665289,0.05217456136182189,0.004792600709756987,2.2989044511042417e-06,0.8242911503765421,0.00029422436399934276,0.000705116746540852,1.4660397212571207e-06,1.2072856686259582e-05,0.0023229671166966597,0.00791725677204518,0.00441658155815881,7.604220939056557e-05,7.121181129307133e-07,0.00023141355872267154,9.27942796455392e-07,3.709140355848078e-05,1.7513158333139758e-05,0.005412096451458205,1.6060987636329096e-05,0.004553938081709967
39,0.0001890950207136444,0.018713561391231294,2.9901919279419195e-06,0.00010212910498759977,0.05100833476178439,0.011707105717417005,0.001687401196823397,8.731600485307202e-07,0.9026694533651749,0.00018586367226164477,0.0003182940193835916,6.261404671616616e-07,3.9011523282112465e-06,0.0016824787830446478,0.0030223231033239422,0.0009860986193323347,3.239051304884047e-05,5.194141022839976e-07,6.967539464227565e-05,4.535371655523948e-07,1.432443458598403e-05,1.1621259831962467e-05,0.0023954415019218915,1.3949494488189688e-05,0.005181095049962767
40,0.00028755480531466205,0.06548799318392354,1.099067212034054e-05,9.730605990237048e-05,0.16726795770589767,0.0206574303137926,0.0015701140241637453,6.8029620171618e-07,0.7231648607868834,0.00019385274726002632,0.000595866244498153,1.5373480361882347e-06,5.383919944279258e-06,0.0036768482048390914,0.006272900136544793,0.0005672418587545927,2.8252154538682452e-05,6.194024722403347e-07,0.00017720151507851948,6.028508713537727e-07,2.8671214406379072e-05,2.0134406539695355e-05,0.0018737526332694386,1.7888879645571653e-05,0.007994358635101142
41,0.00015785576429654965,0.017993321933048704,2.605719392886335e-06,8.751458396061519e-05,0.049295688843965436,0.00992070712069899,0.0012774510180988915,6.513309270400408e-07,0.9102654555299189,0.0001594243146698007,0.00028098747094757213,4.872312828438529e-07,3.339783093858775e-06,0.0014534944764958476,0.0024102125372304295,0.0008095916101153361,2.6167749090360344e-05,3.9293523368602696e-07,5.3187471570593756e-05,3.3664404676604896e-07,1.0177174901897743e-05,8.73308360161342e-06,0.001779461838230322,1.2705014495890358e-05,0.0039900488206850325
42,0.00023878504159941693,0.028761473283159925,8.52821677891485e-06,9.095124904174478e-05,0.058290193377103644,0.01461579831771706,0.0023758517752445,4.222151463056455e-06,0.8800530018144759,0.0003241265801820418,0.0003768529995564027,1.0578604690370947e-06,7.809185098431571e-06,0.0012539001809793754,0.006987795187064563,0.0013594144611850504,4.621097008674878e-05,2.837398491357635e-07,0.0004518893922411998,7.735149162194587e-07,3.2203064911652405e-05,6.284262789788376e-05,0.0017776051352210599,1.1107550078547334e-05,0.002867322323678558
43,0.00022986660749755122,0.02953005023437154,3.032949376595119e-06,0.00011263994155303459,0.0650667476030276,0.012747796570636516,0.001683491775861551,7.726840396761482e-07,0.8748639392832607,0.00011296232164549261,0.0004579299593991666,1.0669154495112402e-06,5.184510624418648e-06,0.0020003578851170043,0.0033295689905768564,0.000918372187262535,3.828375254759956e-05,6.415460909562912e-07,6.824825909267475e-05,3.4278108747019654e-07,1.5307918217037128e-05,9.314232247803162e-06,0.002946207500442004,1.3670094202723355e-05,0.005844203496372044
44,0.0001833589015351752,0.018593852661869095,2.8468196421779594e-06,9.284925768057447e-05,0.05022312080831949,0.010580930025764155,0.001449666678135289,7.369730605458941e-07,0.9061955220374267,0.0001779114639045038,0.0003133422819778299,5.675150040435557e-07,3.590765886214392e-06,0.001621145478464028,0.002741666469912815,0.000868622345832231,2.9088473073129254e-05,4.7323192392720096e-07,6.311689686674428e-05,4.0402197044729135e-07,1.2404061103892698e-05,1.0465891330537682e-05,0.0020828644165429896,1.4174580329899246e-05,0.004737277942443812
45,0.00013531736622797037,0.014328061235175469,4.109754717328814e-06,0.00013370944811868049,0.05041027662256953,0.016665664528818208,0.002869383430107047,1.5484405176963138e-06,0.8995465892380133,0.0002035045320421999,0.000350937097734848,3.9403035825004705e-07,4.23625379161605e-06,0.0012601180159171254,0.007044000895029033,0.001628510623213772,2.8032227734184292e-05,2.933853286480081e-07,9.056784964253371e-05,4.990213600993956e-07,1.3397696375072916e-05,1.3987929681588735e-05,0.002233564032355815,1.6500722833567244e-05,0.0030167956223364116
46,0.00037192806148934947,0.020765118716378223,4.762074349201112e-06,0.0002958969486747673,0.01708151407241003,0.041603797865295014,0.001380712835658801,2.5271090841873246e-06,0.9030969051505126,0.00021411759343501534,0.0006360216832271559,2.268135785465628e-06,1.3228055864396506e-05,0.0016789347386567653,0.002546419141160611,0.0035680742601046033,0.00034345606625365335,1.255013924306128e-06,7.320559994778123e-05,5.33994289022373e-07,2.1906706857047504e-05,1.5968452433225118e-05,0.004200161562934788,2.6809754391700655e-05,0.0020544764068820788
47,0.0004692788322023991,0.0421287819709411,1.9675359025461726e-06,2.0747662088973626e-05,0.021378197389410485,0.006802144573320528,0.002021083358938498,1.2991291552809705e-06,0.9135751528663827,0.00023611363916688729,0.00015246691348452842,2.132373247061281e-06,5.117485366775397e-06,0.000952681596418254,0.001304540571659973,0.0006612201953782961,5.311995879104728e-05,1.0291669675480243e-06,0.00021299880115674012,4.762906510245783e-07,1.170745848699755e-05,3.832144709758621e-05,0.0008661312321623583,5.369094296012082e-06,0.009097920457326197
48,0.00020773757876944285,0.04377154547792862,3.698518018469734e-06,0.00011725747994880206,0.018688985053432142,0.057758840840715746,0.003033245386702664,4.012265379944022e-06,0.8646737510692164,0.00010677151705371018,0.00038672968163798606,1.7127283360264806e-06,2.1532515657779385e-05,0.0008577596447928208,0.003403473141202139,0.002679013060543995,0.00018577991374998975,3.3154262459859215e-07,0.00022084319470927366,3.445999668144051e-07,1.3769981794782094e-05,1.565336077975387e-05,0.0025575286497099233,5.4937344689100654e-06,0.0012841890628591459
49,0.00025137115114078426,0.03559537133137419,6.844923241109315e-06,0.00011560392089948599,0.06553054523132748,0.022546073650701243,0.0018187065217523867,1.0740386028485513e-06,0.8579215147497238,0.00026739682620129286,0.0004029359069862488,1.5070673933403655e-06,6.2935851413681895e-06,0.00263806321616684,0.0037044813681936187,0.00098124378155561,5.386947772701045e-05,8.015850672219045e-07,0.00012373738148162665,7.90982241528998e-07,2.5378173964598244e-05,2.2075978464300544e-05,0.002044316600297304,1.7282087687265077e-05,0.0059227204626676536
50,0.00013542556368591234,0.006589309938504908,8.769432808295209e-07,2.118641851480129e-05,0.024136227370722144,0.001823878310371826,0.002697188467373544,6.276239070303754e-07,0.9488052805056401,0.0003538739067082674,6.66243782238958e-05,1.1158868175397886e-07,8.565902319322167e-07,0.0007756244938497648,0.0019181323698033608,0.00040320166125543675,5.781740736274343e-06,3.2515252051221565e-07,5.5771882442479696e-05,4.414305525181181e-07,5.0051316820846975e-06,1.8068819274816913e-05,0.0007880888608631214,7.652734545455972e-06,0.011390438116627342
51,7.657707329309201e-05,0.021118596144572684,2.4221314996475767e-06,0.0001024917118247032,0.03493645212244278,0.0036921047499894966,0.000317100431551523,2.871906209929399e-07,0.9369981714220444,7.822924776231794e-05,0.00021235537626760823,1.9666938863127397e-07,2.3870174564844774e-06,0.000613269092555425,0.0008723872629823543,0.00023773643831693144,1.5767809439940883e-05,9.598604714902346e-08,8.419743817715019e-06,3.94075874831984e-08,3.2822088925452984e-06,2.818251411321338e-06,0.00021454503457232654,1.1326413785869133e-05,0.0004829410618763683
52,0.0003519956895549703,0.004534183409436533,4.28423542323139e-06,0.0002675954714587806,0.03408442723300296,0.01155834435325524,0.0007404849383534797,5.6466251795147e-07,0.9365240679188217,0.0006083998124120552,0.0005794170552141781,3.1522770613707554e-07,3.2776316853496317e-06,0.002052723426345826,0.0016461335248013087,0.002551557367659956,3.7825501929017146e-05,1.426924015761479e-06,2.8899183609884413e-05,9.267841427261558e-07,8.368269955976988e-06,5.661238772908504e-06,0.002023777451633537,9.761922621286405e-05,0.002287723462077535
53,5.4925095835058144e-05,0.004850572824287945,6.330869686640779e-07,6.735403589694104e-05,0.021553716705244075,0.00565002476882398,0.004321609195653759,8.056892707248829e-07,0.9492860654378097,0.00010553477109354229,0.00012834605345132618,1.3990049404039018e-07,1.7414094521104062e-06,0.0008547460283379849,0.0038031035667196685,0.0009439972047978024,1.3135515349988336e-05,2.3004914862402985e-07,2.5032904392751695e-05,3.75736872871745e-07,4.724959839283829e-06,7.045541739606496e-06,0.0028194433603490744,8.001485029474683e-06,0.005498694673140999
54,0.00023258476240669158,0.009477185031402678,1.5870817260326652e-05,0.0005498266267247886,0.10906093547223053,0.024280038470421667,0.0012693117909655747,1.6607457375689544e-06,0.8282365931754602,0.0002175000644102618,0.0013908993031057193,4.0692061515902684e-07,6.260276356203959e-06,0.0026475549731729115,0.010456539576831495,0.0013507890828355913,3.782738121953781e-05,4.93483430174683e-07,8.270588283957311e-05,1.2445518575965755e-06,3.723137093899337e-05,1.2828275323111445e-05,0.00798914169332147,8.529683679431081e-05,0.0025592734343380433
55,0.00018176663421790663,0.017693216770065943,3.099330792571203e-06,9.96964924542589e-05,0.050147026639684615,0.011534963569645094,0.0014861737873728556,7.98459073447883e-07,0.9057899038631754,0.00019109101867188915,0.00032982535220831363,5.250550075790089e-07,3.658454954797734e-06,0.0016577129804010895,0.0030581130496420313,0.0009210937250833347,2.977345668816912e-05,4.4763468106545366e-07,6.717461104093008e-05,4.365999855222303e-07,1.3097591126967452e-05,1.1194387031561622e-05,0.002235195273422315,1.5393043303967708e-05,0.004528622220268417
56,0.00018182587319364084,0.02038789879901873,2.8161551576298267e-06,8.961111519454675e-05,0.05023532129160065,0.010383969804217215,0.0013732995687628258,7.366394438051075e-07,0.9054617545335704,0.00016216468997318364,0.0003255770618094276,6.18114200786107e-07,4.095554058493387e-06,0.0015670466352648107,0.0025581463034635905,0.0008379486873299672,2.941981800659535e-05,4.6038697127520485e-07,6.405278173228676e-05,3.815887157903943e-07,1.151700070905673e-05,9.887872470278729e-06,0.001959490357195366,1.3490544983920093e-05,0.004338468822955636
57,0.00037488551770680075,0.04755824050801571,7.403766225409665e-06,8.786594568563873e-05,0.1102880469201096,0.01758270204179491,0.0021626809606249096,2.117072007308851e-06,0.8036569484275369,0.0002211244358055004,0.000492568519605836,2.810346106407281e-06,9.954603904961272e-06,0.0021596878350345584,0.004166425880071346,0.0013240491430269402,4.8855084102752004e-05,7.992558725060549e-07,0.00044538898428440616,9.481283775224915e-07,3.9473455444586375e-05,3.239381596241589e-05,0.0027978236689695664,9.482445236935926e-06,0.006527323238486456
58,0.00017839814710105816,0.016477649689082538,3.0897387885590357e-06,9.410799959635595e-05,0.04505858433692224,0.009816669979458776,0.0013039481061682375,6.678002458820731e-07,0.914832031259935,0.00018604656420411603,0.00034555134421652295,4.6832111443623924e-07,3.2986362563012797e-06,0.0015467223260025244,0.0030479928131833768,0.0008016398153490074,2.7714369258943825e-05,4.201849558681901e-07,5.681461908066737e-05,3.868145602475052e-07,1.1039450141622653e-05,1.0765254318787762e-05,0.0019047423958006378,1.95322130003781e-05,0.0042717178212577
59,0.00018011184534160932,0.015752582782856277,3.5672068018550466e-06,0.00010410868127665752,0.048367058274734843,0.00961027590560129,0.0012444685014464329,6.625050160966165e-07,0.9121416009102036,0.00020551515837550097,0.0003609823641954851,4.3921027283994514e-07,3.021571572771186e-06,0.0016376054317349996,0.00328518914678437,0.0007825181016965485,2.7107152513646636e-05,4.2795659527584476e-07,5.4721164207707314e-05,4.0701699931821495e-07,1.2015233329213804e-05,1.1151152157177913e-05,0.0018900214231363577,2.299760294219875e-05,0.004301443700208009
60,0.0001833589015351752,0.018593852661869095,2.8468196421779594e-06,9.284925768057447e-05,0.05022312080831949,0.010580930025764155,0.001449666678135289,7.369730605458941e-07,0.9061955220374267,0.0001779114639045038,0.0003133422819778299,5.675150040435557e-07,3.590765886214392e-06,0.001621145478464028,0.002741666469912815,0.000868622345832231,2.9088473073129254e-05,4.7323192392720096e-07,6.311689686674428e-05,4.0402197044729135e-07,1.2404061103892698e-05,1.0465891330537682e-05,0.0020828644165429896,1.4174580329899246e-05,0.004737277942443812
61,0.00019848215029341404,0.016708117986628582,3.975506491299533e-06,0.0001144481167657935,0.05153377891363153,0.010819143438407596,0.0012950596814398593,7.68791542128892e-07,0.9063899229373755,0.00021046115891790594,0.0003694172177823966,4.908043618643445e-07,3.354656048211808e-06,0.0017093627288116513,0.003327955884275726,0.0008528060986599045,2.9615110989464066e-05,4.772606115383474e-07,6.044937466838669e-05,4.4431297587133165e-07,1.3311511370837626e-05,1.1609308596301772e-05,0.002031870483666282,2.2190982053555578e-05,0.004292485583634198
62,0.0001833589015351752,0.018593852661869095,2.8468196421779594e-06,9.284925768057447e-05,0.05022312080831949,0.010580930025764155,0.001449666678135289,7.369730605458941e-07,0.9061955220374267,0.0001779114639045038,0.0003133422819778299,5.675150040435557e-07,3.590765886214392e-06,0.001621145478464028,0.002741666469912815,0.000868622345832231,2.9088473073129254e-05,4.7323192392720096e-07,6.311689686674428e-05,4.0402197044729135e-07,1.2404061103892698e-05,1.0465891330537682e-05,0.0020828644165429896,1.4174580329899246e-05,0.004737277942443812
63,0.00017955576800515762,0.019997412650334157,2.719458315430297e-06,8.481566920093854e-05,0.048978752126361526,0.010102238659627944,0.0013935264305312155,6.883026058545941e-07,0.9071675879495034,0.00016720716827470035,0.00030384707986512693,5.638110048506503e-07,3.518232995636588e-06,0.001544308061476382,0.002634141642034279,0.0007912955834240271,2.816801428036954e-05,4.4236680863705006e-07,6.0836044888020254e-05,3.6059135664749387e-07,1.1609117460782286e-05,1.0162402134715352e-05,0.0018903379742400592,1.3300122477038592e-05,0.004632604772793193
64,0.0002114904413987319,0.02317311900968387,4.2552479209401216e-06,0.00012628357178760168,0.06971779884195804,0.012680578676002266,0.0018353967905565599,9.801077295465191e-07,0.8766212248623138,0.00021533151005055138,0.00042599041100800525,7.2080618109765e-07,4.330718726547663e-06,0.0018801169871750538,0.003995123405799582,0.000961054355808241,3.113090870370367e-05,5.293281908919348e-07,8.710559705937178e-05,4.98087020296662e-07,2.289265187668726e-05,1.3528295652820329e-05,0.0025908256034972562,1.6653207495634876e-05,0.0053830405764030585
65,0.00017099784519984942,0.02457589501427139,5.837143171261898e-06,0.00015422230668244138,0.07202600989108641,0.02094526667128468,0.0021836958430445355,1.107556244645386e-06,0.8612173591017821,0.00019695734638779428,0.0005173024878604696,5.839234859122114e-07,4.822045747680881e-06,0.0020267813683984663,0.0072304221422890644,0.0011039002340398054,3.436309942689923e-05,3.671896066137384e-07,9.365930804196512e-05,5.051592729505288e-07,2.2225105110717586e-05,1.4418308816623007e-05,0.0030208601937087233,2.0205943182466455e-05,0.0044322347718563785
66,0.0003283027861941005,0.02214223918462266,7.50770433963471e-06,0.000257892398034959,0.19013938284518717,0.009000535507525519,0.0007002649848252386,4.3255397312260337e-07,0.7630302231057012,0.0006323372983182933,0.0007871730881285563,1.1096437182962618e-06,4.125135392387139e-06,0.0038375398501632,0.001926038397095401,0.00166776130184667,2.5457545595901778e-05,1.249761884771261e-06,5.7198326364559134e-05,5.095368939394149e-07,3.4939762379893216e-05,8.740804196132361e-06,0.0013168240186762956,3.6516738269112037e-05,0.004055697720673041
67,0.00024168998632424633,0.02231275613753889,5.340344581122791e-06,0.0002551606774479282,0.03380255424772244,0.12231559495726695,0.0045030338769620065,8.198069040844988e-07,0.7472667542502881,0.00046302562913089803,0.0009082355508558626,2.288630917506228e-06,9.71535135141102e-06,0.011998012234904131,0.007971118352482489,0.002136308739907041,0.0002028811209060911,2.6445543428371233e-06,0.00010417908715537037,4.133944725797803e-06,6.484010523300503e-05,3.0076379315056596e-05,0.019859009372996828,5.960348627390402e-05,0.02548022317446596
68,0.00022189752654780206,0.015688453597380164,2.8405920417827747e-06,0.0001966417656613742,0.044615030344076476,0.01784421662571625,0.002031496359301308,1.0866937971262396e-06,0.9018360493383863,0.00017059240457073063,0.00036029761996302377,1.3184905449776663e-06,8.207029477624566e-06,0.0026163501555022035,0.001657787673576816,0.0015355772250184648,5.45233337631465e-05,1.6114199054542585e-06,4.834611889163626e-05,9.242371575630155e-07,1.9759855890312713e-05,7.002666510153896e-06,0.004857478881147016,1.5361661310222814e-05,0.006207148383862031
69,0.00038640226888864355,0.03718862021683244,8.056828219302638e-06,0.00016154788844017113,0.06008581293853465,0.049198141978911335,0.0032454828718731154,1.8825672896234861e-06,0.8192421503566213,0.00036108191072864616,0.0009431162176335403,2.4360037262013836e-06,1.362908374108894e-05,0.00424856894827608,0.00666312300696721,0.0017623928725514493,9.774248207926162e-05,1.2308954566070894e-06,0.00032702089393912793,2.0439790084650278e-06,6.211068681441894e-05,3.56831321499347e-05,0.007386441249359393,2.731785752112738e-05,0.008547962864436971
70,0.00020763741151188085,0.02128138089305598,3.0097473693703257e-06,8.620938545520196e-05,0.052634641218160236,0.010241886005111236,0.0015440768276365512,7.675598013911657e-07,0.900527210537702,0.000180385911386189,0.00034043621020399647,6.065140498956742e-07,3.642055577989099e-06,0.0016113307555008648,0.0030821069620909636,0.0008112331559426945,2.8305406316410734e-05,4.779707371628275e-07,7.438889639992315e-05,3.9405872001725733e-07,1.3754042276931966e-05,1.1853395026091319e-05,0.002078164439333594,1.4235592156954813e-05,0.005221865048476578
71,0.00018063802766550043,0.01688086203132999,2.3048786174603925e-06,8.72210039366374e-05,0.04845811854419166,0.008589125562918628,0.001360705626028306,7.00049677037645e-07,0.9124808415389984,0.00016845359669449839,0.00029374005029290175,5.530071044742143e-07,3.4154172389659064e-06,0.001512366657389814,0.0023142643872315076,0.0008721325810423452,2.718846304906967e-05,4.832080514708485e-07,5.6327002263445194e-05,3.7138974755620157e-07,1.110450695155921e-05,9.394102972266576e-06,0.0020146985262203486,1.2945172036843967e-05,0.0046620446683493955
