,0,1,2,3,4,5,6,7,8,9,10,11,12,13,14,15,16,17,18,19,20,21,22,23,24
0,8.106122993283497e-05,0.00011900736422344622,2.3375950947693436e-05,2.9009529535973837e-06,0.7732411031099999,0.03418027027374133,4.677780366668552e-06,9.766313550632688e-09,0.1889571801650759,1.506411047384604e-08,4.267103890367679e-05,2.5613987131697218e-08,6.216428042416678e-06,2.3719873986541323e-06,0.0008489190320400776,0.0008481721295063872,0.0001832584666488928,5.987730268195232e-06,1.553592137626296e-06,4.335590828729648e-05,1.811816409137793e-06,2.146468471535598e-08,2.1296070184077796e-06,1.0369695464943552e-05,0.0013935338315369786
1,0.00031662387823063793,0.00027390710950743143,8.866657562102873e-05,1.0077762639850597e-05,0.8172980289485937,0.028566847579391933,1.6267471645935346e-05,9.873565502939673e-09,0.146251162063084,8.732419996810112e-08,3.7718882129317536e-05,5.854606777729788e-08,5.215439960976344e-06,5.3817966521561785e-06,0.0006260472503832952,0.0007298625681417835,0.00011449411026573441,1.6047733764234924e-05,7.54144043075279e-07,6.27807300127658e-05,1.7947463147686223e-06,1.953524119005803e-08,7.236792339082129e-06,1.7216502062203226e-05,0.005553692636141579
2,0.000292168711002796,0.0002723085958571317,8.130581836900536e-05,1.7309868956416753e-05,0.8482609872721988,0.032247398098502265,1.5027433608233207e-05,9.668009482751672e-09,0.11074249202270695,8.244126286873363e-08,6.639234379882086e-05,6.805890527562811e-08,5.5912356955612274e-06,8.983124707757042e-06,0.0004784587636066615,0.0005443506519052095,0.0002256668162145719,2.028078643554407e-05,6.567276034947781e-07,7.10312412209904e-05,2.3959165144527465e-06,2.9179764241945894e-08,1.5117980489826062e-05,2.384112343678465e-05,0.006608046119226996
3,0.00025494338257111773,0.0002451813668232988,6.453989733181138e-05,1.1634937845631442e-05,0.874208866653452,0.023475695213033367,1.4718739975855642e-05,8.326639538509537e-09,0.09400608814675453,6.748357755819304e-08,5.072261981484356e-05,5.679122284066064e-08,4.492153935346816e-06,7.694926147951873e-06,0.0005000199441121407,0.00043604453710603913,0.00016824184402430145,1.5563635016574253e-05,5.199771402188079e-07,6.061764218212864e-05,1.7432436397812893e-06,2.1900903354909228e-08,1.1369831572981564e-05,1.5297588288659594e-05,0.006445849216888285
4,0.00026970545232472414,0.0002575288077783554,6.6502741658559e-05,1.2312564389428059e-05,0.8662145850607439,0.022515707852995736,1.5666926316145275e-05,8.39117772491233e-09,0.10235857462184386,6.493035780817863e-08,5.1570726680006834e-05,7.403263676478143e-08,5.873385977943607e-06,8.414304739718675e-06,0.0005037827218396416,0.00042480078743289403,0.00018607683373094992,1.5880338487014832e-05,5.641807658037778e-07,6.252243363876877e-05,1.9593284194433602e-06,2.4498633996222417e-08,1.1610442523989944e-05,1.6039167138055623e-05,0.007000149467768819
5,0.00035110848653631686,0.00029444392450457486,7.855730962158453e-05,2.0472288810303303e-05,0.8479733484236928,0.0284243999835512,1.6537882453208533e-05,9.573550458426223e-09,0.11232757418667189,9.574257293572747e-08,6.132552967260004e-05,8.454083864353427e-08,6.180648539678349e-06,1.1566342759712752e-05,0.0005074915319928619,0.0005103668372784426,0.00024358564931252705,2.8694606681761533e-05,5.505284777220336e-07,8.049809168939695e-05,2.4212746558510467e-06,3.22118056148e-08,1.532117048077483e-05,2.1758005950020405e-05,0.009023575227899257
6,0.00025494338257111773,0.0002451813668232988,6.453989733181138e-05,1.1634937845631442e-05,0.874208866653452,0.023475695213033367,1.4718739975855642e-05,8.326639538509537e-09,0.09400608814675453,6.748357755819304e-08,5.072261981484356e-05,5.679122284066064e-08,4.492153935346816e-06,7.694926147951873e-06,0.0005000199441121407,0.00043604453710603913,0.00016824184402430145,1.5563635016574253e-05,5.199771402188079e-07,6.061764218212864e-05,1.7432436397812893e-06,2.1900903354909228e-08,1.1369831572981564e-05,1.5297588288659594e-05,0.006445849216888285
7,0.0008064226162664417,0.00026888682459947705,0.0001959520447293258,7.778878417005266e-06,0.8894958000935762,0.023435794499893647,2.226291710623079e-05,9.169867410236235e-09,0.07893301303393357,8.648591313343957e-08,4.628674093928949e-05,5.756054979390161e-08,6.07231633463682e-06,4.901247781586319e-06,0.00024377102936236095,0.00024289163073187267,0.00010000974269657562,1.537029785861337e-05,8.077732351607766e-07,4.8525357079611404e-05,1.0195398640699068e-06,8.414047826229155e-09,1.1903381388891381e-05,2.6203725721843886e-05,0.006086164678105489
8,0.0003948947164980902,0.0003722921106508985,0.00012234381288630077,1.846722677805399e-05,0.913042294313414,0.020327101811166426,2.1313713982257672e-05,7.367549524805579e-09,0.05793346289686341,1.0740031009662012e-07,4.6563443297435694e-05,6.496823056101029e-08,4.138112965939871e-06,9.244412107338328e-06,0.00022625820287592495,0.00028330666642326205,9.520803381209226e-05,9.818540343809869e-06,3.806208308330198e-07,7.569132624001957e-05,1.119787607684813e-06,8.887826091612838e-09,2.635590722993881e-05,2.344406413600164e-05,0.006966111655974248
9,0.00032489813339899623,0.00042408677794139555,0.00014367697948454723,3.3962506437181184e-05,0.8387481587265323,0.03347563973264812,2.200885878887158e-05,8.056268280526616e-09,0.11577532151759114,1.6286486138250178e-07,4.9168482512149065e-05,1.0601288840507354e-07,7.41016677121571e-06,1.0359889293720889e-05,0.0004269581193977189,0.0006438441407886965,0.00015839774967748357,1.708946769982575e-05,4.784125509415628e-07,0.00012708557049268427,3.0520568804577292e-06,2.1240997353015543e-08,2.7619245756741042e-05,3.475947527681161e-05,0.009545725815063534
10,0.00025494338257111773,0.0002451813668232988,6.453989733181138e-05,1.1634937845631442e-05,0.874208866653452,0.023475695213033367,1.4718739975855642e-05,8.326639538509537e-09,0.09400608814675453,6.748357755819304e-08,5.072261981484356e-05,5.679122284066064e-08,4.492153935346816e-06,7.694926147951873e-06,0.0005000199441121407,0.00043604453710603913,0.00016824184402430145,1.5563635016574253e-05,5.199771402188079e-07,6.061764218212864e-05,1.7432436397812893e-06,2.1900903354909228e-08,1.1369831572981564e-05,1.5297588288659594e-05,0.006445849216888285
11,0.0002626089527990516,0.00024985390220000006,6.722531906171607e-05,1.2008666945561096e-05,0.8728664545361796,0.022691188051331704,1.5397170400931106e-05,8.591871562394853e-09,0.09606566011812122,6.790622987570693e-08,5.0305415742572144e-05,6.48309085799811e-08,5.340855890993391e-06,7.884498371988783e-06,0.0004802216800843379,0.00043251899902690163,0.0001737757362948889,1.5361334558583325e-05,5.423753123451944e-07,6.39947817068711e-05,1.814138111857324e-06,2.2014472251340867e-08,1.166645911279058e-05,1.5957183417407113e-05,0.006510056481846328
12,0.00023542925512385506,0.00022723631919144326,4.3478020459158e-05,1.0045571677714154e-05,0.899537730495374,0.020946380636082777,1.1012867945839348e-05,5.1241116627390555e-09,0.07024311598882639,6.303425833911274e-08,3.491933376243383e-05,4.011670484124178e-08,4.051759351788093e-06,9.311178965330961e-06,0.00034269051380705743,0.0002959731320782153,0.00021608863806200825,1.6743667195800238e-05,3.234035262717706e-07,5.9068053147678245e-05,1.5730806192775637e-06,1.7504885452015698e-08,1.0787747443183978e-05,1.019361907656284e-05,0.00774372093832302
13,0.00011031210608819781,0.00018263139442289912,4.289286980493389e-05,1.838085879794122e-05,0.9285550626302512,0.013954564808012526,1.837916943739053e-05,1.4792271475183491e-08,0.05008609107531186,3.1078456853510746e-08,0.00023706552457859671,1.316691678677924e-07,4.438676903705511e-06,2.082970967850388e-05,0.0005595654313039108,0.00026828661162709886,0.0002175883559406045,9.603705538595831e-06,4.018729173922428e-07,5.6753420738229016e-05,1.8274907039105303e-06,4.457564741527868e-08,3.2239688904856935e-05,1.7177320979103653e-05,0.005605685162514648
14,0.00021458278399667707,0.00030125996026366975,4.098793292570638e-05,9.630199555904134e-06,0.9038135663185396,0.01835010977151868,1.4204352616155775e-05,7.388825323477158e-09,0.07133419803675714,7.141565811524814e-08,4.881498869512051e-05,4.2856120432700424e-08,2.7923814121561358e-06,8.06065814569329e-06,0.00039514955328593266,0.0003535713532018846,0.00012400726197111565,1.2118259784241885e-05,5.08893705743048e-07,5.201513602407e-05,1.2118376134124129e-06,1.740327574575228e-08,1.0676926274785197e-05,1.2778961898937106e-05,0.004899615367933755
15,0.00025494338257111773,0.0002451813668232988,6.453989733181138e-05,1.1634937845631442e-05,0.874208866653452,0.023475695213033367,1.4718739975855642e-05,8.326639538509537e-09,0.09400608814675453,6.748357755819304e-08,5.072261981484356e-05,5.679122284066064e-08,4.492153935346816e-06,7.694926147951873e-06,0.0005000199441121407,0.00043604453710603913,0.00016824184402430145,1.5563635016574253e-05,5.199771402188079e-07,6.061764218212864e-05,1.7432436397812893e-06,2.1900903354909228e-08,1.1369831572981564e-05,1.5297588288659594e-05,0.006445849216888285
16,0.0002418910151514993,0.00030960413436342636,5.2144336240182975e-05,1.5682588653824507e-05,0.8736159151425176,0.020032999396878005,2.123716275184207e-05,1.2068023822079666e-08,0.09469553584988046,1.277283787332692e-07,4.881205158622785e-05,1.0329501471249072e-07,5.662346639081002e-06,1.2137686342305064e-05,0.0007097856222005057,0.0006628294761988356,0.00024024317865198222,2.3790735536957866e-05,6.260269374965398e-07,8.557702935643353e-05,3.5709253740286428e-06,5.0324257410961513e-08,1.3852085704242792e-05,1.489068227919734e-05,0.009192919111081131
17,0.0001494913548239231,0.0001973505974152967,3.493684129490824e-05,1.5041023174131402e-05,0.9253965494761248,0.01329656221627465,1.5082575854946932e-05,8.469281657383288e-09,0.051619993279266814,6.116899773069574e-08,5.892400434973707e-05,8.520775843364692e-08,6.015106136952254e-06,1.4581834359617568e-05,0.00036424307821691704,0.00031581994932734173,0.0003362365796398787,1.4684271540009762e-05,3.0926367677781193e-07,8.301963503065885e-05,2.2221797862420365e-06,3.5897589568942766e-08,2.198889574964979e-05,1.1402000653435343e-05,0.008045355093675956
18,0.0002682709808543629,0.0001772925990997407,3.905886370470138e-05,9.023429852942518e-06,0.9116769144093875,0.014442613672574725,1.4144670083280274e-05,4.543529816183953e-09,0.05813432219551801,7.161188853384227e-08,2.7233576165534128e-05,5.80018559592778e-08,5.714073686974414e-06,1.0910672862129912e-05,0.0003686673424207389,0.0002409935105321019,0.0003366616927688778,2.7250772750356754e-05,2.371443825592544e-07,6.235409854182984e-05,2.1912609814476026e-06,2.521906425960732e-08,1.0508031949532348e-05,7.298115509063546e-06,0.014138179510035107
19,0.00023707617052949416,0.0002703382540625174,7.748125049964225e-05,1.663945189672522e-05,0.8633450551597911,0.016147107429716156,2.554559470914044e-05,1.1050371030935864e-08,0.11034371753534768,7.794562916232316e-08,4.9533288329329076e-05,1.210037647731513e-07,6.3345417686784005e-06,8.69138562654048e-06,0.0006463396051190968,0.0005901262227821016,0.0001623668449545228,1.4988815592833937e-05,4.578088417100762e-07,6.903587106150964e-05,2.3030391013582315e-06,3.34284590354722e-08,1.2139881922851156e-05,1.4574746904994364e-05,0.007959903673217764
20,0.00021355305649861783,0.00025127285009346413,7.453776954322687e-05,1.6467680648908248e-05,0.8453624881559852,0.024018680241251353,2.1312732892002547e-05,2.0926882646415412e-08,0.11953510956115082,8.17568433363733e-08,8.972184605264711e-05,9.912805619671074e-08,4.754346974001787e-06,9.740014047511252e-06,0.001528129520338519,0.0008224415447853888,0.00021823653690918325,2.1241420171674487e-05,7.594604394202053e-07,7.210878887397028e-05,2.6846119374004917e-06,6.924579789171195e-08,1.2650572930735627e-05,1.5410083248645624e-05,0.007708428147647092
21,0.00030725355068405284,0.0003787777341921276,7.916309486029249e-05,2.0374356256444025e-05,0.8025289526008055,0.02700564201723415,2.0231182425649053e-05,1.4140416285862213e-08,0.16124285810571717,1.1476217144947878e-07,5.0439177066092904e-05,1.1543693954059877e-07,6.4203952389715886e-06,1.2596352542399525e-05,0.0006345042607680891,0.001077400301590268,0.00012651024446027505,2.0963849634062083e-05,6.956646068164478e-07,8.876332282503618e-05,2.4208220664401534e-06,2.9739240128615117e-08,9.612095356730752e-06,2.0012347981692856e-05,0.006366134444920285
22,0.00039989793897751415,0.00020924808853060894,7.987698697489583e-05,1.2516932079836894e-05,0.8558889398428317,0.03368710140638676,1.2223404474646679e-05,1.0140455050711875e-08,0.09935999386549418,8.354777229448602e-08,6.181244133376644e-05,4.545730232644206e-08,4.853075147628503e-06,8.465984695725166e-06,0.000575997713560432,0.00043142809804446987,0.0003433419166975972,3.929033101412425e-05,6.091537344473971e-07,6.468094751741437e-05,2.25193394128558e-06,3.432401505898143e-08,1.093417284501573e-05,1.66506248762822e-05,0.008789711671296765
23,0.00025494338257111773,0.0002451813668232988,6.453989733181138e-05,1.1634937845631442e-05,0.874208866653452,0.023475695213033367,1.4718739975855642e-05,8.326639538509537e-09,0.09400608814675453,6.748357755819304e-08,5.072261981484356e-05,5.679122284066064e-08,4.492153935346816e-06,7.694926147951873e-06,0.0005000199441121407,0.00043604453710603913,0.00016824184402430145,1.5563635016574253e-05,5.199771402188079e-07,6.061764218212864e-05,1.7432436397812893e-06,2.1900903354909228e-08,1.1369831572981564e-05,1.5297588288659594e-05,0.006445849216888285
24,0.0002912063608243376,0.0003921780752049194,5.6425865455889174e-05,1.8265034769116397e-05,0.871103466265522,0.024346410689208793,1.4505923646025004e-05,9.082731941318535e-09,0.09605320439119096,9.621330965806409e-08,5.227035229857036e-05,6.939114847943522e-08,4.858936674436678e-06,1.2542391286603485e-05,0.0003957101875498684,0.0004965259895681824,0.00019082480856775518,1.8210117549968915e-05,5.797796046917058e-07,8.262671174610169e-05,1.801475608673291e-06,2.469718182334371e-08,1.487554336854298e-05,1.8837952900831185e-05,0.006434473763081887
25,0.00013013017555098876,0.00021763096434781,4.5597726370524375e-05,2.016433221034595e-05,0.9116876237662472,0.022453427221895052,1.6952786527007386e-05,2.1947681392706358e-08,0.06058461486533698,6.078296868819485e-08,0.0001676045209998686,6.710793399697665e-08,3.039447851484877e-06,1.5842021513404392e-05,0.0004828537031581977,0.0005767392224613429,0.00017063102900775846,1.1947774523817773e-05,5.787014088579122e-07,6.843940274153328e-05,1.6118985962126298e-06,3.472031413585334e-08,2.2553180133148607e-05,2.083393762546118e-05,0.003300998762594929
26,2.0565112011453654e-05,0.0002010539844803862,1.0493191334020828e-05,1.112128931371512e-05,0.9180556882900726,0.004313119754241272,6.0393388261383347e-05,3.010611688739227e-08,0.047592358135297295,5.917069129656195e-08,4.512959450628473e-05,1.5172086343864482e-07,8.86542132508623e-07,3.140606667024302e-05,0.011716328814117135,0.001538203888835877,6.89367779766608e-05,5.504531313755815e-06,1.0561971076666492e-07,3.7135754928715165e-05,1.6898596306644683e-06,1.3473948905773162e-07,4.05084616621735e-06,5.163837141055805e-07,0.016284936438124262
27,0.000257501016851056,0.0002700823746135852,6.775212655462293e-05,1.4440854555416553e-05,0.8409243018261621,0.028119456890534644,1.5650523381355414e-05,1.2572347677198778e-08,0.12196404838963545,7.435540714130888e-08,7.153104946149553e-05,7.08547493432475e-08,4.7206859692838736e-06,9.116963046476816e-06,0.0007939340236942732,0.0006131630787573948,0.00021351439087841784,2.0592578347814666e-05,7.462496582658832e-07,6.471326899301817e-05,2.2303064782912388e-06,4.193388459006347e-08,1.179541443602229e-05,1.81090361554199e-05,0.006542399235446913
28,0.00025494338257111773,0.0002451813668232988,6.453989733181138e-05,1.1634937845631442e-05,0.874208866653452,0.023475695213033367,1.4718739975855642e-05,8.326639538509537e-09,0.09400608814675453,6.748357755819304e-08,5.072261981484356e-05,5.679122284066064e-08,4.492153935346816e-06,7.694926147951873e-06,0.0005000199441121407,0.00043604453710603913,0.00016824184402430145,1.5563635016574253e-05,5.199771402188079e-07,6.061764218212864e-05,1.7432436397812893e-06,2.1900903354909228e-08,1.1369831572981564e-05,1.5297588288659594e-05,0.006445849216888285
29,0.00025494338257111773,0.0002451813668232988,6.453989733181138e-05,1.1634937845631442e-05,0.874208866653452,0.023475695213033367,1.4718739975855642e-05,8.326639538509537e-09,0.09400608814675453,6.748357755819304e-08,5.072261981484356e-05,5.679122284066064e-08,4.492153935346816e-06,7.694926147951873e-06,0.0005000199441121407,0.00043604453710603913,0.00016824184402430145,1.5563635016574253e-05,5.199771402188079e-07,6.061764218212864e-05,1.7432436397812893e-06,2.1900903354909228e-08,1.1369831572981564e-05,1.5297588288659594e-05,0.006445849216888285
30,0.00025494338257111773,0.0002451813668232988,6.453989733181138e-05,1.1634937845631442e-05,0.874208866653452,0.023475695213033367,1.4718739975855642e-05,8.326639538509537e-09,0.09400608814675453,6.748357755819304e-08,5.072261981484356e-05,5.679122284066064e-08,4.492153935346816e-06,7.694926147951873e-06,0.0005000199441121407,0.00043604453710603913,0.00016824184402430145,1.5563635016574253e-05,5.199771402188079e-07,6.061764218212864e-05,1.7432436397812893e-06,2.1900903354909228e-08,1.1369831572981564e-05,1.5297588288659594e-05,0.006445849216888285
31,0.0005721899749604272,0.0003189811165964052,0.00011589122469838133,1.1558326553313334e-05,0.8954805847336783,0.02114741297965836,1.9487514753380608e-05,1.264164136825299e-08,0.07423908918817919,1.1456621509321854e-07,4.459286052439935e-05,5.349460372005802e-08,4.4630252581511e-06,7.3603653038303006e-06,0.0003740270275468137,0.0003430966991218474,0.00015721396807861945,2.0814482379545465e-05,6.710745142161556e-07,6.634260775741556e-05,1.4482237890069192e-06,1.7138582868250886e-08,1.3435654256311269e-05,1.7888942862652664e-05,0.007043252168486348
32,0.0002785669639962106,0.0002669772271220657,6.50190022441717e-05,1.094580585164641e-05,0.8691770722275336,0.02433985031777766,1.4738760840858972e-05,8.826291422406206e-09,0.09833554380834199,6.96632038255418e-08,5.2384521870310263e-05,5.8108476358789815e-08,4.592157578748184e-06,7.5796821599214005e-06,0.0005226829112632529,0.0004363989480396126,0.00016902284579103786,1.5800122943488694e-05,6.401439403382156e-07,5.891958401485324e-05,1.7552186170849763e-06,2.328535363360726e-08,1.1094406359179512e-05,1.6339235656713948e-05,0.006213916224732008
33,0.00012565060549559829,0.0002570465833714104,3.64745489999075e-05,2.82224602429566e-05,0.898420118746319,0.038889174532567086,1.2357333338042421e-05,2.333760446900959e-08,0.056804322523317345,1.267641811197677e-07,0.00014393455005060488,7.178013600830546e-08,8.450247792648376e-06,2.289673576593635e-05,0.00027628717138878566,0.0009059281197576754,0.0006026209374825868,1.714779380849685e-05,1.1361439263409038e-06,0.00014469015809164573,3.126046409171386e-06,6.843114612731783e-08,4.396751906600706e-05,3.91642414211341e-05,0.003216992688319976
34,0.0009648268381840838,0.0004061668383496568,9.692182044662957e-05,3.239053635398721e-06,0.695736386457443,0.022083301036064856,1.1016443413139386e-05,6.333309109255566e-09,0.276719035924702,2.2853538962766572e-08,3.835212163436137e-05,5.972321133700955e-08,5.462702088313726e-06,2.4712353051975524e-06,0.00045176570148337315,0.00020704639783838334,6.996449857696503e-05,1.2760460228476017e-05,2.4224835615369233e-06,1.7556022263705876e-05,9.325629321880961e-07,1.1769948350487674e-08,2.435268907709305e-06,2.1498695567154265e-05,0.0031463367573661286
35,0.0009574745659953991,0.00029958397050096916,0.00012465497078841117,1.3735053018399309e-05,0.7789958382008582,0.022635487959877625,2.152289355955513e-05,1.2585634402977695e-08,0.18636756213490807,1.0568401897650116e-07,3.767058209481123e-05,9.020709652686838e-08,6.820687600833043e-06,5.971717127394452e-06,0.0004896599893046352,0.00048395060293880747,0.000214907423870872,5.928752934574892e-05,8.39416015975854e-07,5.356306861601879e-05,2.589043737931533e-06,3.372618227340221e-08,6.599111424253172e-06,2.1802875520819996e-05,0.009200235999963268
36,0.000323226801238018,0.00028298325425639236,7.387459086203835e-05,1.4303776757104204e-05,0.81935668162361,0.014796777880307192,2.9002158792292603e-05,2.9686776560888692e-08,0.1539853911870499,6.559405267756764e-08,6.720150204064405e-05,2.53415600650064e-07,1.146673135307175e-05,1.102600403213364e-05,0.0013471768576840905,0.001087294461282296,0.00024111735156638029,1.913610335760806e-05,1.1274905229184928e-06,7.53568491738254e-05,2.3572511884194213e-06,7.491828594213275e-08,7.5189674922515965e-06,1.2876331596678906e-05,0.008253679211120937
37,0.0007195067167886898,0.0003940883517371611,0.00012074958829501446,1.7584505643847075e-05,0.8683231905034894,0.02564950400282611,1.8978348980451335e-05,8.113506270138665e-09,0.09580711419867557,1.4479579975410328e-07,5.03640568203641e-05,6.842303516269135e-08,5.919409943007145e-06,8.180407264349821e-06,0.00023408303890085332,0.0003103419825789173,0.00020066144029687167,3.202399966566672e-05,7.374727107709451e-07,8.00284159992685e-05,1.8691163718845317e-06,1.9142766143302592e-08,1.97601396444598e-05,3.5775447029484314e-05,0.007969298381230637
38,0.0003809899875592793,0.00022249521164169342,9.444719389851451e-05,4.351872692668478e-06,0.8493707325840879,0.03285597318526419,1.603685112141805e-05,5.6279505257535065e-09,0.11063671645089415,6.396878912283873e-08,2.9499482575482355e-05,3.0002304778643815e-08,2.9506448144358297e-06,3.516717585082853e-06,0.000581400700234184,0.0004114643033858606,5.312259289982061e-05,1.0079650101207045e-05,7.061349274509367e-07,2.7748648175805732e-05,8.326273841440675e-07,7.664681610540373e-09,4.634620603915977e-06,1.2386269855137943e-05,0.0052798070065716496
39,0.0002533486740318794,0.00022583570315038375,6.906189402737131e-05,1.1719072902566045e-05,0.8694665022597512,0.026047336880480606,1.4577870744730755e-05,8.927740767771871e-09,0.0960738333317619,6.950722613790841e-08,5.1092944542159274e-05,5.5817150724662194e-08,4.885835225074371e-06,7.348936981512131e-06,0.0005271804002456263,0.0004762128965428882,0.00018291120615956269,1.6382584983845154e-05,5.459433950294698e-07,6.270371358524604e-05,1.9218517170741533e-06,2.285903729081786e-08,1.12708333549654e-05,1.5838295491387598e-05,0.006479331759770118
40,0.00026840728254425483,0.00023253548808335931,7.922065089328033e-05,5.9274630336105046e-06,0.870540594865115,0.016137149230802634,1.8839201064045957e-05,5.432929905406919e-09,0.10314509076247154,3.958375343384133e-08,3.673718211917227e-05,6.86913784484608e-08,4.1437055592408955e-06,5.634790074817218e-06,0.0007565839175186313,0.0002660962862888035,8.478410383705493e-05,8.875743260841793e-06,4.117650425411029e-07,3.287017971458287e-05,1.1684849770657104e-06,1.5413387308209834e-08,6.806413225367897e-06,8.673608044036631e-06,0.008359319754880672
41,0.0005576941898712859,0.002048625053567759,0.00012637529313913113,0.0008532517232876469,0.632956626255485,0.23444373393997642,3.463232614463515e-05,9.995842604325696e-08,0.055404634478878785,6.076109978605466e-06,0.0013868936110173935,8.873158777733529e-07,2.2886803421547424e-05,0.0006328644031914352,0.0006949838390831382,0.0015036479763578293,0.016614132342689752,0.0005356836106793175,1.106023688660627e-05,0.0013330103787721334,0.00011418177486417621,5.197107791904466e-06,0.002835574695182541,0.0007176260989807096,0.047159620476448595
42,0.0002857081166696975,0.00030555713240035346,0.00011296778058111781,2.6645281335023762e-05,0.7559628978447213,0.05008946182265946,2.1541049592129766e-05,4.250661421663926e-08,0.18209009691663236,1.605097621887102e-07,0.0001153087759908103,1.5071916477948154e-07,1.081202738089492e-05,9.80233928066266e-06,0.0017068486644263442,0.0022738941328955616,0.00038333239520967863,3.161735636299288e-05,2.3467098665008382e-06,0.00013286909398011365,5.302042151426767e-06,1.2535745328639315e-07,1.659135147097391e-05,3.9794218890825345e-05,0.00637612585450739
43,0.0002773657864714208,0.0002430506806515651,6.265411301837547e-05,1.0255660439669829e-05,0.8809136984107206,0.017593324619915772,1.467799948817284e-05,6.732768973008267e-09,0.09363944263532561,4.058673844292779e-08,5.270748854610652e-05,6.283401301764994e-08,4.1261716670636395e-06,7.111987282611231e-06,0.0004379303043286281,0.00030727523735965654,0.00012987969135993228,1.1939505300251577e-05,4.317852740358283e-07,4.473900480742835e-05,1.1704106179514047e-06,1.5833523851789164e-08,9.660168970217159e-06,1.3200889818442586e-05,0.006225231461592278
44,0.00025494338257111773,0.0002451813668232988,6.453989733181138e-05,1.1634937845631442e-05,0.874208866653452,0.023475695213033367,1.4718739975855642e-05,8.326639538509537e-09,0.09400608814675453,6.748357755819304e-08,5.072261981484356e-05,5.679122284066064e-08,4.492153935346816e-06,7.694926147951873e-06,0.0005000199441121407,0.00043604453710603913,0.00016824184402430145,1.5563635016574253e-05,5.199771402188079e-07,6.061764218212864e-05,1.7432436397812893e-06,2.1900903354909228e-08,1.1369831572981564e-05,1.5297588288659594e-05,0.006445849216888285
45,0.0002564020301908795,0.00024765966570677563,6.344309082786741e-05,1.1604515190017325e-05,0.8759674531270227,0.023147850947662363,1.45095036557278e-05,8.000881154452524e-09,0.0925549123862688,6.753061176106412e-08,4.959905300081176e-05,5.636064764146825e-08,4.498053458916802e-06,7.782337734592113e-06,0.000477581096533932,0.00041996363799462315,0.0001704134800676829,1.5561941152633155e-05,5.088652614940584e-07,6.081332638503577e-05,1.7498386164139224e-06,2.1500228241951302e-08,1.1547590879398263e-05,1.5242090475319977e-05,0.006500750029545301
46,0.0002473968665280338,0.0002393306025428079,6.888061566820194e-05,1.5886096684399446e-05,0.8675558840629555,0.02961576192773306,1.3649685310057803e-05,1.0341580955883953e-08,0.09367433565355865,7.434774467658208e-08,6.580026726687556e-05,6.557319020103978e-08,6.144715187488261e-06,9.390051078699276e-06,0.0005282581090957572,0.0005113926817984375,0.0002965638688828862,1.911357599270923e-05,6.2416086397875e-07,7.869549425627084e-05,2.4062338649529844e-06,3.3233312219725e-08,1.567112050798406e-05,1.935977242810398e-05,0.007015270941967151
47,0.00048324146863554934,0.0002956836095978498,8.84081378970854e-05,1.148135223325792e-05,0.8098470469508172,0.019850991766868796,2.1312045379455526e-05,8.675626023542627e-09,0.15680767612515514,9.415674828265525e-08,3.003033838739975e-05,1.396296794592627e-07,1.1641794227641661e-05,6.721270993322483e-06,0.0005850354855428556,0.0006379015978159201,0.0002517274226103666,2.526615423846298e-05,8.385924396012761e-07,7.215652300111364e-05,3.168878145198733e-06,3.6475854356359183e-08,8.227358995170308e-06,1.6906117957871383e-05,0.010944258071152355
48,0.0003075797635571273,0.0005430450893946281,4.891538690913099e-05,1.1002405306638379e-05,0.8639792885316685,0.04218919970652536,1.110294576658251e-05,1.083293202946424e-08,0.0884423614393444,1.0570832599845238e-07,8.995562779836257e-05,4.5093756496716957e-08,4.5590604041885165e-06,8.75815715814781e-06,0.00034850001779974265,0.000463054787809533,0.0002435105103291336,1.188290112464778e-05,2.643850731287711e-06,6.643653431734857e-05,1.6425017549447648e-06,3.235043863018414e-08,1.9803062630861255e-05,4.182456292713918e-05,0.0031647391712894125
49,0.0003020930022826188,0.0002816267118564611,9.633827683525715e-05,1.832762177681667e-05,0.8527572257113456,0.028897081976137568,1.7665057908560598e-05,9.631990400081891e-09,0.10738973543429492,9.180713101140421e-08,6.137058331408467e-05,8.573726467524401e-08,6.242350367272709e-06,1.017108282138827e-05,0.0005736409884240526,0.0005070054819024683,0.00020123876818631216,2.0021748305112885e-05,5.428816864946189e-07,7.959129490983283e-05,2.3947690791616873e-06,2.9337738609923468e-08,1.7025218476903863e-05,2.14755736271833e-05,0.00873896895233727
50,0.00021098441801116875,0.0001886262967033235,4.944586456194797e-05,5.507216872245726e-06,0.9492829535319479,0.008926797859960776,3.154151792728855e-05,9.51071649026633e-09,0.0324435513789636,1.035249270758122e-07,2.944138852663845e-05,5.4678574104024705e-08,2.9133936189922528e-06,7.171656824695325e-06,0.00045608828842116244,0.0002838461079167632,8.913013718446296e-05,8.718820549372029e-06,3.273592589234248e-07,4.5400094510938876e-05,9.881137650512889e-07,1.502280878007131e-08,1.1264268573411899e-05,6.293057783689315e-06,0.007918826491091251
51,0.0007079821714466553,0.0017164960286333343,7.717867852856103e-05,5.103307475841571e-05,0.763905731653834,0.023147202550679473,2.0158258927018104e-05,1.9185906462888786e-08,0.19765920678428853,1.4440648854810763e-07,0.00011362365634023073,1.7551111249374381e-07,3.4015640163537744e-06,2.9398758446222336e-05,0.0011057137172441793,0.000537935861873942,0.0002826266107034941,4.140133595799386e-05,1.4008119842888624e-06,8.884355875237525e-05,2.4089280277455487e-06,1.2550820876965186e-07,1.9479822114560426e-05,2.9084439234156606e-05,0.010459227122492348
52,0.0004538735905206213,0.00012123137182275313,8.282139040233161e-05,7.490896903263489e-06,0.7544613019362385,0.08071091298936586,9.913925667297721e-06,1.272275021344142e-08,0.15272652077630688,9.693119174400427e-08,6.781416096167072e-05,2.1405551487094445e-08,2.9628268368818004e-06,8.665836261388898e-06,0.0014049034087802988,0.0008312262533485291,0.00017656574453791927,9.038023151902952e-05,6.724220889242227e-07,4.1111721861786234e-05,1.2741515672196443e-06,3.120641579481885e-08,3.974851821682268e-06,1.322603660824368e-05,0.008782993210669538
53,8.89370196314276e-05,0.00011597014463691265,4.096024948329807e-05,6.246746785594019e-06,0.9417040051748203,0.007060545556382079,2.9447208355805585e-05,7.558289815188287e-09,0.04511289895381293,3.865061880032927e-08,4.288980116519065e-05,5.925248732519271e-08,2.334512795910823e-06,4.641240955090749e-06,0.0005282584168932493,0.0003029615695422549,5.221079908461671e-05,4.760952540677491e-06,1.7958089566627298e-07,3.407367828984689e-05,9.010546894491719e-07,1.2136365898726126e-08,9.493535713508658e-06,6.175441567740154e-06,0.004851990764196407
54,0.00014078537750585865,0.00010535799767863959,7.751864972108347e-05,2.10213713364162e-05,0.8647982908357837,0.04043418338159921,1.1488930844047659e-05,2.0677297557965205e-08,0.09039457557882802,5.588645507476141e-08,0.00016099427249580386,4.81402648024276e-08,8.059421618915814e-06,5.5079365672708265e-06,0.00027653358431567525,0.0006754808784246818,0.00041822588269467483,2.0408599936316664e-05,8.563592669128441e-07,0.0001042674998171155,3.932694876084864e-06,3.481517721703975e-08,2.48036578681979e-05,5.4054561875189667e-05,0.002263493007751443
55,0.0005072526541628877,0.0002951310977346943,9.622790013011976e-05,1.3766255449957879e-05,0.7208795647299545,0.02008061868192524,1.9032774245453022e-05,6.8140474560417595e-09,0.2488711847057219,5.488603239196234e-08,3.2485284131432444e-05,1.41892043754728e-07,9.842249908257386e-06,5.738402548135118e-06,0.0004959963726806923,0.0005273359076281276,0.00012552589901100304,2.451530202139144e-05,6.251891169409646e-07,5.027738488790587e-05,2.249627158614487e-06,2.1938389329903196e-08,5.522480530384768e-06,2.0168134359323337e-05,0.007936713436180173
56,0.00026808951136411463,0.0002509586847736545,6.765760958570247e-05,1.1953433225178798e-05,0.8710653317274621,0.02294058300053451,1.564125639006085e-05,8.720602940006097e-09,0.09738049796159112,6.674535967426037e-08,5.191327130113821e-05,6.730155632832573e-08,5.353620774511481e-06,8.104895620375352e-06,0.0005037864921158191,0.00043106359093440685,0.000175333888329753,1.5540547965509624e-05,5.589227400203141e-07,6.218281258779582e-05,1.825106993875216e-06,2.299279638706415e-08,1.1601683972787863e-05,1.593181823842417e-05,0.0067159244031837146
57,0.0003010632905620581,0.00030347085149756746,6.97320476378437e-05,1.4142022588791138e-05,0.8552130154472338,0.017641560421516243,2.036323438938637e-05,1.1421649366457573e-08,0.11632065615314496,8.823558117197563e-08,4.262646521822489e-05,1.3940170182954184e-07,1.067476021597668e-05,8.985068085560737e-06,0.000566536652886845,0.0006164811050010823,0.0002598451283592016,1.7380099383690486e-05,7.605538388180472e-07,9.375758382089945e-05,2.6784066347921433e-06,3.891857902468274e-08,1.231710739364136e-05,1.6993481357594346e-05,0.008466682141721667
58,0.00031394485873106437,0.00027094509587014204,7.899338900467893e-05,1.2783526442489895e-05,0.8561580950412588,0.025928417336300906,1.615340925205779e-05,8.981645644946593e-09,0.11015298859972661,6.820858440269799e-08,5.980288709410363e-05,7.288608896530267e-08,5.65414503963095e-06,7.401037637644438e-06,0.0004395872006223822,0.00044124589274630824,0.00015732685378233376,1.5713230592528948e-05,7.162737447782526e-07,6.033613377804638e-05,1.8696911748711431e-06,2.1500641073849024e-08,1.2813302683045671e-05,2.2954982133529076e-05,0.005842085535423796
59,0.00029672566729936877,0.0002643624693006112,8.975699588571195e-05,1.3613026521362007e-05,0.8545733344408698,0.02734408879501178,1.626305516005701e-05,9.283249751657123e-09,0.11029727578331706,7.33973004498473e-08,5.9926574223868496e-05,6.652703056256137e-08,5.152063653226679e-06,6.879495789766625e-06,0.00047232854922852604,0.0004701773758172123,0.00015149558407006006,1.541560899224509e-05,6.601029170036233e-07,6.506045814803396e-05,1.9574356999484453e-06,2.1196449723290755e-08,1.3568469719721716e-05,2.322295822926051e-05,0.005818564686114909
60,0.00025494338257111773,0.0002451813668232988,6.453989733181138e-05,1.1634937845631442e-05,0.874208866653452,0.023475695213033367,1.4718739975855642e-05,8.326639538509537e-09,0.09400608814675453,6.748357755819304e-08,5.072261981484356e-05,5.679122284066064e-08,4.492153935346816e-06,7.694926147951873e-06,0.0005000199441121407,0.00043604453710603913,0.00016824184402430145,1.5563635016574253e-05,5.199771402188079e-07,6.061764218212864e-05,1.7432436397812893e-06,2.1900903354909228e-08,1.1369831572981564e-05,1.5297588288659594e-05,0.006445849216888285
61,0.0003036804922994998,0.0002647800223919878,8.7321039828278e-05,1.307406265130818e-05,0.8592744491438501,0.025952860350492435,1.6698404249606146e-05,9.193195189453685e-09,0.10676080403973594,7.384907899587586e-08,5.758128276689966e-05,6.769496000748715e-08,5.326692501130434e-06,6.9695798370846505e-06,0.0004719601996896905,0.0004459481513561379,0.00015404412875132928,1.5784381478794913e-05,6.494793807945986e-07,6.369046069302124e-05,1.925506522752158e-06,2.132615534140163e-08,1.3189555527872346e-05,2.1955841867103084e-05,0.0060671351207385186
62,0.00025494338257111773,0.0002451813668232988,6.453989733181138e-05,1.1634937845631442e-05,0.874208866653452,0.023475695213033367,1.4718739975855642e-05,8.326639538509537e-09,0.09400608814675453,6.748357755819304e-08,5.072261981484356e-05,5.679122284066064e-08,4.492153935346816e-06,7.694926147951873e-06,0.0005000199441121407,0.00043604453710603913,0.00016824184402430145,1.5563635016574253e-05,5.199771402188079e-07,6.061764218212864e-05,1.7432436397812893e-06,2.1900903354909228e-08,1.1369831572981564e-05,1.5297588288659594e-05,0.006445849216888285
63,0.0002653819677139657,0.0002941930678334366,6.220859392223391e-05,1.161408906270875e-05,0.8770141476713935,0.021888950817428553,1.4705375327924553e-05,7.826444625787173e-09,0.0927930639447555,7.022105675911814e-08,4.849934959388824e-05,5.801728143957122e-08,4.24210185145567e-06,7.958383557143643e-06,0.00048652091905880605,0.0003972898204648151,0.0001610356056311929,1.4417207823613881e-05,5.453516115781429e-07,6.023324069692388e-05,1.694132719683029e-06,2.1734397509463777e-08,1.1778748109588299e-05,1.5064250030692031e-05,0.006446297562232393
64,0.00024219390256487375,0.0002591147031027481,6.776936950101471e-05,1.3220552776797067e-05,0.8666604941603959,0.024897285705219655,1.540818466623814e-05,8.383361068355141e-09,0.09924635403182847,7.966632632840304e-08,4.84528421677727e-05,6.789409839158435e-08,5.480722379277052e-06,8.517273800848218e-06,0.0005301418713816737,0.000475678689244756,0.00019612738126937018,1.6730707140534887e-05,5.372166295517083e-07,7.196920087429338e-05,2.5104716703235648e-06,2.6718787553657667e-08,1.3105391403594727e-05,1.6681376507073638e-05,0.0072120435829017325
65,0.00013365666016759012,0.0001954196101833279,6.383115132190114e-05,1.5142786427162456e-05,0.9444794260061624,0.020657399344929227,2.290840458719822e-05,1.252389853344038e-08,0.022759522600768665,2.36223532188437e-07,4.086830250311312e-05,3.4623747013483496e-08,2.4117998118044778e-06,1.4199074341308594e-05,0.0005500049762697991,0.00043670583199950744,0.00018358301053357674,1.3394045752742448e-05,2.1548557595051093e-07,0.00011861077896412602,2.2373750815592197e-06,2.203644189572679e-08,3.0204478974270596e-05,8.715995965871232e-06,0.010271236872059122
66,0.0002715792014156887,0.00010997892629869717,0.00011222424732561302,5.323639179396045e-06,0.8957661655337386,0.03382809796005502,1.0747122263385763e-05,3.949868315914686e-09,0.06422103134617681,7.599272197087397e-08,2.787263325377827e-05,2.2124051067791345e-08,6.107421817986203e-06,2.4212480797871323e-06,0.0001793127586860343,0.00023013967580458688,0.00015781635866819212,1.331431854317029e-05,4.3247855745527923e-07,6.316639712556213e-05,2.1760417678541383e-06,6.2125529127354e-09,1.1966382852830983e-05,2.1772686188369818e-05,0.004958245343007108
67,0.0001905937454833101,0.0001815913767143909,7.40430955148416e-05,2.088179665743786e-05,0.8695142676787112,0.04573157658430533,1.1111080884337247e-05,8.49956241566999e-09,0.0754492030520774,8.924908834098339e-08,6.745096750572046e-05,5.220557476448117e-08,7.073353846923749e-06,1.2817474743301365e-05,0.00038754630349184803,0.0005580149534003822,0.0002940754974836053,1.9141894833021058e-05,4.1505745437917487e-07,0.00010667249578144065,2.660621558084683e-06,2.223544571474104e-08,2.3785505780957237e-05,2.3422819348681134e-05,0.0073234824547520954
68,0.0009321943799523159,0.0004443859127250122,0.0003080442115125131,5.419725713509665e-05,0.7631528312137794,0.03992111442279136,2.2019894502147622e-05,1.1708799440857744e-08,0.18314920278510163,1.9206246092622589e-07,6.25046258174967e-05,1.492731683196076e-07,9.901216400983362e-06,1.1799823465434768e-05,0.000245906792146788,0.0006031861538843352,0.00028213956972498625,5.299179382205954e-05,6.235661329530056e-07,0.00012851852631234456,6.36096541950425e-06,3.374594450067399e-08,3.422160530804082e-05,7.104397231434954e-05,0.010506424521378108
69,0.00022529977472575128,0.00024837295264773453,6.694145431216933e-05,1.2787718536676855e-05,0.8792016315735933,0.02428706745367422,1.5064114419896521e-05,9.003640345303667e-09,0.08888854673850381,6.894169812179751e-08,5.898786726315403e-05,5.7852444274834143e-08,4.2815981305886206e-06,7.700899801421685e-06,0.0004967818209197681,0.00045004706161664285,0.0001561041257045286,1.3437562961391104e-05,5.411600736734088e-07,6.468472010755867e-05,1.8320758650475804e-06,2.1519647923833752e-08,1.3836697454593485e-05,1.765868744432874e-05,0.0057682366248131165
70,0.0002829602617984655,0.00023155423121334992,7.489863234566185e-05,1.2739408970800614e-05,0.8713574241821797,0.021890714055879962,1.6367137393624402e-05,9.418668080019583e-09,0.09717230500701184,7.171012793044327e-08,4.524637628958111e-05,6.315020607105082e-08,4.99247388043785e-06,8.160249973700501e-06,0.0005436515279353165,0.0004878103905704211,0.00017396628465037137,1.790795273067827e-05,4.336800621152298e-07,6.610897162898715e-05,1.680041959246794e-06,2.217368153589419e-08,1.0184023691106835e-05,1.3044626518744505e-05,0.007587684030632454
71,0.00021441592914609616,0.00025341104904943876,5.31454270839764e-05,1.0658765601254123e-05,0.8946705963300603,0.018020528845792076,1.4450147020943326e-05,7.148921194908005e-09,0.0798164226307736,6.934992974131475e-08,3.8188753542143046e-05,5.3314092209569e-08,4.299080484245991e-06,7.138793652311603e-06,0.00039389117403315394,0.0003995281875921586,0.00014134521689214722,1.166084125589736e-05,4.2506278921528865e-07,6.899845586718499e-05,1.562307676108931e-06,1.6416331274647878e-08,1.1600550957250264e-05,1.3106563005430042e-05,0.005854479658450471
