,0,1,2,3,4,5,6,7,8,9,10,11,12,13,14,15,16,17,18,19,20,21,22,23,24
0,3.514687898437065e-05,1.0298612116900221e-06,5.554820043765524e-05,0.002318379446542595,0.020390783972249176,0.5314377626664689,5.2665219847996644e-05,5.010755943392649e-07,0.258141760695594,0.00040203347600868103,3.1373807285769496e-05,2.8548735843363375e-07,4.258687942683767e-08,1.2445106025832316e-05,0.0007181143974126808,5.450935591519784e-06,2.4163016411909157e-05,1.694308572384792e-05,1.689418799743443e-05,6.189114673499664e-07,4.769651128358595e-06,2.3327081831922353e-07,0.18554537171589616,0.0006589073572111883,0.0001287749898524018
1,2.641744647536753e-05,8.233145471687528e-07,6.464369037403287e-05,0.0020849056265425333,0.016109549647465596,0.5086208764742114,4.987606479517245e-05,4.290496338148311e-07,0.2978931527756949,0.000517123411468114,1.9623453088584648e-05,2.0783521291368397e-07,4.241326545825325e-08,1.149460740262891e-05,0.0005846676929811131,6.437848651169433e-06,1.6981667413633893e-05,1.6839142185851074e-05,1.7248883407646756e-05,7.122601739677398e-07,4.620043160829142e-06,1.698184639771236e-07,0.17309199303128242,0.0007454239769125497,0.00011573982518903545
2,2.9587315322642376e-05,1.1370239342083539e-06,6.052044282650866e-05,0.002317055078343148,0.02518284457072869,0.4616775264125307,5.4630621033303644e-05,5.067635622495069e-07,0.3308100541013016,0.0004510568113596906,3.2476916747785275e-05,3.2182556632103954e-07,4.285129165615703e-08,1.8470117456203876e-05,0.0009204069520082844,5.477115045905074e-06,2.1353186088831912e-05,1.524706610678721e-05,1.557474951711784e-05,8.042334286544431e-07,4.695969204605547e-06,2.4125060995637866e-07,0.17744152915103883,0.0007602947092974595,0.00017814476564895646
3,3.6746086652365964e-05,1.0788684793851402e-06,5.811455195495141e-05,0.0024370610793514355,0.021456317255613148,0.5307523253522392,5.419487880010171e-05,5.151683726202964e-07,0.2522114130232628,0.00040057278335408204,3.2383574203723447e-05,3.02863541035193e-07,4.3960166362657254e-08,1.2539927430064705e-05,0.0007252055134452436,5.705173443199419e-06,2.6291334684357996e-05,1.7276058649694193e-05,1.7029229981564245e-05,6.296647938638556e-07,4.94482582893673e-06,2.352839233997228e-07,0.1909339725163667,0.0006837889049479241,0.00013131212051384358
4,3.98142326942469e-05,1.2707293756165584e-06,6.895529362921024e-05,0.002614501679807323,0.023879409550946064,0.4952104454305291,5.829665724743355e-05,5.72215995504147e-07,0.27900982155397536,0.00045641429436673,3.520346371442115e-05,3.3855336640077184e-07,5.507666948964118e-08,1.6297074207043373e-05,0.0007226545129650116,5.944098139409818e-06,2.819793132776004e-05,1.978880287145754e-05,1.8031266483695486e-05,7.761281901126411e-07,5.969032494640277e-06,2.712697710321454e-07,0.19687467814802007,0.0007883817701568419,0.00014391123305611234
5,3.494353228399699e-05,9.255565760801555e-07,6.111406710192392e-05,0.002925716298180064,0.022260004537839006,0.49837884573080554,5.154521672989903e-05,4.884038733276825e-07,0.23583559236884571,0.0004270521064750289,2.8220469629939874e-05,2.41012470096501e-07,4.5112584721348076e-08,1.2591722300420716e-05,0.0005298379023213963,5.271310347875348e-06,2.4619411303686357e-05,2.5297171247000692e-05,1.706398398166319e-05,7.128728086003371e-07,5.606231769978976e-06,1.742290531354307e-07,0.23852861268730197,0.0007496648132066398,9.581325096244997e-05
6,3.6746086652365964e-05,1.0788684793851402e-06,5.811455195495141e-05,0.0024370610793514355,0.021456317255613148,0.5307523253522392,5.419487880010171e-05,5.151683726202964e-07,0.2522114130232628,0.00040057278335408204,3.2383574203723447e-05,3.02863541035193e-07,4.3960166362657254e-08,1.2539927430064705e-05,0.0007252055134452436,5.705173443199419e-06,2.6291334684357996e-05,1.7276058649694193e-05,1.7029229981564245e-05,6.296647938638556e-07,4.94482582893673e-06,2.352839233997228e-07,0.1909339725163667,0.0006837889049479241,0.00013131212051384358
7,0.0001336594968010721,1.6163833900602221e-06,9.943081807043499e-05,0.0031850196810229076,0.02034977581123329,0.6332938525978781,7.648787295871711e-05,1.1640827766882805e-06,0.21846317048610792,0.0004449120626240178,7.860900928787387e-05,4.455471048578487e-07,1.4250181524313687e-07,1.1408145150685803e-05,0.0009493478821692035,6.273703373292401e-06,3.469354177924571e-05,2.750231346038306e-05,2.6408700301298723e-05,7.705458039622811e-07,6.615960441056706e-06,6.548187795664084e-07,0.12214304049964975,0.0005596581808889501,0.00010533935713136817
8,4.313444117204469e-05,1.1575987360383708e-06,0.00012628800444419375,0.0029893519150021516,0.02364692720298636,0.39615149786130394,2.968529834445172e-05,2.7992254916987597e-07,0.2801382860878196,0.0005431393323871126,1.975459663348606e-05,3.1712119183791623e-07,4.321829540421566e-08,1.556898108983233e-05,0.0006161001600636025,7.425353579656663e-06,3.320635388023086e-05,1.2768918661294577e-05,7.775939903156115e-06,8.795484917131321e-07,3.361326898587274e-06,1.2961746865459767e-07,0.29359312657211833,0.0018130541479752964,0.00020674047900389397
9,2.4190292357966053e-05,1.5559853084777616e-06,0.00013993690063051297,0.002998222241405298,0.01943150310647455,0.3473549305815888,3.0109886282470434e-05,3.5051567463071447e-07,0.33777385327568543,0.0010045929003559373,1.5129564285973256e-05,2.708556491224289e-07,4.539204452987225e-08,2.6310293580051607e-05,0.0006068994337814864,1.030068380019544e-05,2.996131021317737e-05,1.5395984150395015e-05,1.1179940274805917e-05,1.304611081358369e-06,4.6172664337296566e-06,1.2868436666021276e-07,0.28837322775858054,0.0019014163840817679,0.00024456615191223614
10,3.6746086652365964e-05,1.0788684793851402e-06,5.811455195495141e-05,0.0024370610793514355,0.021456317255613148,0.5307523253522392,5.419487880010171e-05,5.151683726202964e-07,0.2522114130232628,0.00040057278335408204,3.2383574203723447e-05,3.02863541035193e-07,4.3960166362657254e-08,1.2539927430064705e-05,0.0007252055134452436,5.705173443199419e-06,2.6291334684357996e-05,1.7276058649694193e-05,1.7029229981564245e-05,6.296647938638556e-07,4.94482582893673e-06,2.352839233997228e-07,0.1909339725163667,0.0006837889049479241,0.00013131212051384358
11,4.146222314411033e-05,1.1615087618474477e-06,6.398630738417102e-05,0.0026029270443206176,0.022855876138222198,0.5211988253239277,5.833557250504806e-05,5.481131746132244e-07,0.26028924892168886,0.00040938547838315927,3.47290486249518e-05,3.37721625268205e-07,5.3386832058270956e-08,1.3194272222361575e-05,0.0007458473380910336,6.144396829679902e-06,2.788060312795364e-05,1.845171675138348e-05,1.7842379668470948e-05,7.165326391879167e-07,5.316071352424671e-06,2.635228570967002e-07,0.19070011035563042,0.0007713421587397571,0.0001360138634954807
12,2.4444401933945164e-05,6.659926246367306e-07,9.501604440834256e-05,0.0013683692528756633,0.08832561582443507,0.2805982508540715,4.0528749301232026e-05,1.0974488566970958e-07,0.3285415958148807,0.00020743267254561253,3.3917919357562356e-05,2.0536347858747502e-07,2.9614703964920328e-08,2.3591187323740404e-05,0.0003197299817235383,1.449943085127834e-06,2.5496690563877828e-05,9.635064925755883e-06,3.884609094595206e-06,8.826160992865388e-07,6.2812525530462646e-06,9.406216637592834e-08,0.2980920125337895,0.0020753412768748937,0.00020541853229763546
13,3.926635165883043e-05,1.1503858860208968e-06,6.014328618272536e-05,0.002460103473840576,0.023006736747199896,0.5248838489328777,5.719112269082328e-05,5.630749991619672e-07,0.26008066665864443,0.0003962554801509708,3.669871352461257e-05,3.413371894550903e-07,4.659018391226759e-08,1.37738409494374e-05,0.0007849274482726571,5.823195601007528e-06,2.770480312578492e-05,1.7574409987757978e-05,1.746377701066583e-05,6.541069104310551e-07,5.219562653683748e-06,2.611483134839174e-07,0.1872674888333146,0.0006923069667504336,0.00014378975208107812
14,4.27218315920883e-05,1.8744210907014414e-06,5.568595424857935e-05,0.0034946497233699896,0.04170751462332425,0.4948711136667604,6.250284529043116e-05,5.841245549377109e-07,0.23326910237085768,0.00044421855908299303,5.5693494021126914e-05,3.128416025997567e-07,6.012384633848957e-08,1.5864957413955417e-05,0.0006213202266083931,4.366371728660706e-06,3.853360964323051e-05,2.7490656552551234e-05,2.8661635115886354e-05,6.355041749299298e-07,9.834210919407905e-06,3.02194606294793e-07,0.22434048622181868,0.0007974280721090254,0.00010904175966681757
15,3.6746086652365964e-05,1.0788684793851402e-06,5.811455195495141e-05,0.0024370610793514355,0.021456317255613148,0.5307523253522392,5.419487880010171e-05,5.151683726202964e-07,0.2522114130232628,0.00040057278335408204,3.2383574203723447e-05,3.02863541035193e-07,4.3960166362657254e-08,1.2539927430064705e-05,0.0007252055134452436,5.705173443199419e-06,2.6291334684357996e-05,1.7276058649694193e-05,1.7029229981564245e-05,6.296647938638556e-07,4.94482582893673e-06,2.352839233997228e-07,0.1909339725163667,0.0006837889049479241,0.00013131212051384358
16,5.103341723964202e-05,1.6615450978456573e-06,4.866056447749281e-05,0.0027627777780437498,0.023620435103025184,0.5482422709069,7.47427835114403e-05,9.146396016220032e-07,0.27280978208321344,0.0003856178822149065,5.705270553699803e-05,6.146238355915005e-07,5.527595299134099e-08,1.8022925137345113e-05,0.001313544418593981,6.9108639353336695e-06,3.399820981422299e-05,1.9356173109140208e-05,2.5630090973041383e-05,5.859479936685217e-07,5.5012974829144146e-06,5.227571951068961e-07,0.149797763802693,0.0005281116651153792,0.00019443253930581805
17,5.49473530237079e-05,1.2410347721774144e-06,7.787300134507556e-05,0.0023642393060765775,0.04253417458734158,0.41851261793647243,8.100495475260908e-05,5.05098608174334e-07,0.2960638618392432,0.0002670311230895821,5.242900498086263e-05,4.7634468419563733e-07,6.324883202056789e-08,1.9860324502677895e-05,0.0004529358368773231,3.869790445269916e-06,3.6470273999228574e-05,2.3802571140466583e-05,1.3539195942391112e-05,7.229801488062424e-07,8.971451942324194e-06,2.767344095434393e-07,0.23821115754683497,0.001070983991214608,0.00014694446932031493
18,2.8198815082241627e-05,1.1889663205109292e-06,6.73915983736176e-05,0.0015968840144231604,0.02009439348491632,0.4412947346521037,6.916174472948237e-05,3.9766213197103823e-07,0.29761400637096436,0.000384221260182127,3.161234133095359e-05,4.5153941720736826e-07,3.8247861978896255e-08,1.9406644244081087e-05,0.0008998925560175669,8.066105559035465e-06,3.3972433285775564e-05,1.4457869927562173e-05,1.9141533720947797e-05,7.094317972824518e-07,6.618436885177968e-06,2.303423601540193e-07,0.23637981608211822,0.0011201224462012835,0.00031488542004546964
19,2.1807252815159097e-05,1.083553728246815e-06,3.9213545984395836e-05,0.003024788439536317,0.019992119838410618,0.5602691714684025,4.058297874358949e-05,3.921939861912927e-07,0.27729236607758906,0.0004503102035626688,1.8272010838027433e-05,2.659015654141813e-07,3.38857694930511e-08,1.0209418901957782e-05,0.000738016055113861,4.857725688885236e-06,1.7946568446879307e-05,9.917136737584114e-06,1.2762740288906023e-05,5.420357887575561e-07,2.334802608297073e-06,2.228283435440215e-07,0.13739077876022623,0.0005546382996711653,0.00010736627725240864
20,3.5287647369937614e-05,1.435113893707006e-06,4.462985650004693e-05,0.002537922094584123,0.020568604438406315,0.542292274778359,5.821127806707834e-05,6.85169927775249e-07,0.3001165005238253,0.00047039369958265113,4.0748617577023616e-05,3.1392097923753414e-07,5.864942359949795e-08,1.5966689162340973e-05,0.0011037187717780872,4.988445359142298e-06,2.2202845411436198e-05,1.544247246264638e-05,2.26862690301032e-05,7.30437486099354e-07,4.62571665767033e-06,4.596065204328452e-07,0.131994935114128,0.0005101891506239974,0.00013698869288420747
21,9.664234058964193e-05,1.8163181953258982e-06,0.00021005974578958508,0.0037213315446617194,0.03143489038393082,0.3708635805484184,7.813169292998347e-05,9.241063160099362e-07,0.2943860883457006,0.0005470217617175538,5.2063597411298314e-05,7.863027606114658e-07,1.1252532841893078e-07,3.237512979568974e-05,0.0005424439977367473,1.1294442981734135e-05,5.546303525912325e-05,4.71470732938413e-05,1.6006700268558996e-05,1.3803661422866323e-06,1.149956456519063e-05,2.7235360397533067e-07,0.29590219864723893,0.0017724405940163588,0.00021402888134737651
22,6.229942527269311e-05,1.3659735107808923e-06,0.00010635236226355374,0.003110301601586348,0.019610246314586615,0.5609075116515347,5.0748710659417086e-05,8.248809668405526e-07,0.14856394946102655,0.0005892775331315465,4.245390650128155e-05,2.574516007445547e-07,6.38312128443899e-08,1.4677036326576653e-05,0.0005090640516016598,6.567446075202867e-06,5.752559545968196e-05,3.511360193979309e-05,2.0568737393595936e-05,7.951683257457904e-07,9.361376526539196e-06,2.6654903684007596e-07,0.2656122699310041,0.0005948633137888352,9.327408866754603e-05
23,3.6746086652365964e-05,1.0788684793851402e-06,5.811455195495141e-05,0.0024370610793514355,0.021456317255613148,0.5307523253522392,5.419487880010171e-05,5.151683726202964e-07,0.2522114130232628,0.00040057278335408204,3.2383574203723447e-05,3.02863541035193e-07,4.3960166362657254e-08,1.2539927430064705e-05,0.0007252055134452436,5.705173443199419e-06,2.6291334684357996e-05,1.7276058649694193e-05,1.7029229981564245e-05,6.296647938638556e-07,4.94482582893673e-06,2.352839233997228e-07,0.1909339725163667,0.0006837889049479241,0.00013131212051384358
24,2.9094328251367368e-05,1.7520945535051467e-06,4.9691354382817466e-05,0.004521171400772681,0.022863187933205926,0.49843064579545654,5.5845777975970075e-05,6.024491122432936e-07,0.24068818369647435,0.0005736562090862493,2.823331191662749e-05,2.855811969318412e-07,4.8116461249237185e-08,1.5158483207477785e-05,0.0008111551467195272,6.546595675563604e-06,3.271212087163816e-05,2.2784940440618796e-05,2.7900651732436496e-05,6.579776339975485e-07,5.60171643890481e-06,2.473373031866927e-07,0.23105185453415367,0.0006702917730494653,0.00011269067392712127
25,7.086363496651997e-05,1.1056499274876004e-06,8.40133994449303e-05,0.003303060270559906,0.04450800512946096,0.49296894024259125,0.00012777157067597825,1.58891997471014e-06,0.23081397517560873,0.0002623546255645916,9.984851566344124e-05,6.691027247879584e-07,7.789747755571522e-08,2.1788894389293965e-05,0.0005535699709495813,5.169623860005033e-06,3.939546707922838e-05,4.956056145438134e-05,1.9392947248752452e-05,9.545739056970004e-07,1.2165271557081505e-05,3.3265183189231303e-07,0.22630067673788593,0.0006368925660460037,0.00011782659915144232
26,2.525584896037856e-05,6.9512214025254035e-06,5.873086936479393e-06,0.0016477416293351373,0.010792959979606921,0.8488957571156769,0.00019680420563324852,8.528928367445737e-06,0.09927698513375323,0.00027871220199265066,0.00034360054020098627,2.772777132369214e-06,5.3906876348375083e-08,1.3896349787839093e-05,0.02654561038713292,1.297374686386573e-05,5.8034066392546856e-05,3.438241586549908e-06,0.0002380755823839584,1.9197928788681246e-07,4.248112051087627e-06,1.3045528241286817e-05,0.011076293075854036,2.3445718737570426e-05,0.0005287506358057324
27,2.4244538532155868e-05,7.634386435689069e-07,2.834205970259956e-05,0.0018366037628044006,0.015109976151686608,0.5542911338273755,4.40933691922101e-05,3.685133805302222e-07,0.32078792275426843,0.0003082524338950214,2.184672808223715e-05,2.3697756869144264e-07,3.320812264363138e-08,7.869180753751856e-06,0.000839280521873228,3.987870317484632e-06,1.1132463212775853e-05,8.925354127861695e-06,1.4358902885786906e-05,4.4856553300473803e-07,2.1345567601508317e-06,2.6325777909045664e-07,0.10605882516531424,0.0004907322287557137,0.00010822416943228252
28,3.6746086652365964e-05,1.0788684793851402e-06,5.811455195495141e-05,0.0024370610793514355,0.021456317255613148,0.5307523253522392,5.419487880010171e-05,5.151683726202964e-07,0.2522114130232628,0.00040057278335408204,3.2383574203723447e-05,3.02863541035193e-07,4.3960166362657254e-08,1.2539927430064705e-05,0.0007252055134452436,5.705173443199419e-06,2.6291334684357996e-05,1.7276058649694193e-05,1.7029229981564245e-05,6.296647938638556e-07,4.94482582893673e-06,2.352839233997228e-07,0.1909339725163667,0.0006837889049479241,0.00013131212051384358
29,3.6746086652365964e-05,1.0788684793851402e-06,5.811455195495141e-05,0.0024370610793514355,0.021456317255613148,0.5307523253522392,5.419487880010171e-05,5.151683726202964e-07,0.2522114130232628,0.00040057278335408204,3.2383574203723447e-05,3.02863541035193e-07,4.3960166362657254e-08,1.2539927430064705e-05,0.0007252055134452436,5.705173443199419e-06,2.6291334684357996e-05,1.7276058649694193e-05,1.7029229981564245e-05,6.296647938638556e-07,4.94482582893673e-06,2.352839233997228e-07,0.1909339725163667,0.0006837889049479241,0.00013131212051384358
30,3.6746086652365964e-05,1.0788684793851402e-06,5.811455195495141e-05,0.0024370610793514355,0.021456317255613148,0.5307523253522392,5.419487880010171e-05,5.151683726202964e-07,0.2522114130232628,0.00040057278335408204,3.2383574203723447e-05,3.02863541035193e-07,4.3960166362657254e-08,1.2539927430064705e-05,0.0007252055134452436,5.705173443199419e-06,2.6291334684357996e-05,1.7276058649694193e-05,1.7029229981564245e-05,6.296647938638556e-07,4.94482582893673e-06,2.352839233997228e-07,0.1909339725163667,0.0006837889049479241,0.00013131212051384358
31,7.053340660958638e-05,1.712060540346068e-06,0.00014149809031546086,0.0031297914764719884,0.01765234803519953,0.5167977330908688,6.281954617196589e-05,1.0749870829250057e-06,0.21522208381907895,0.0006527124844231894,3.780096255031031e-05,4.0776106740205515e-07,7.015443798625224e-08,1.8093781483250946e-05,0.000599970603569212,1.0543241918757664e-05,4.826040959066367e-05,3.2520505618025774e-05,1.8656087467222215e-05,8.961201194769461e-07,8.00405707815995e-06,2.662901646357075e-07,0.24454127771402137,0.0008012115499435749,0.0001497137642073039
32,3.3573195740248675e-05,1.052710763784678e-06,5.1668956575646046e-05,0.0024926735174517515,0.020489884438347275,0.5404749185099046,5.5305185979783873e-05,5.010806059527155e-07,0.24381398390561715,0.0004054627116491895,3.092362752800584e-05,2.7238177542547094e-07,4.369653840829934e-08,1.1337156009380853e-05,0.0007723631967510228,5.79971651273821e-06,2.5424753440162442e-05,1.7267782598628763e-05,2.051886959388398e-05,6.09534570694041e-07,5.1335360200038445e-06,2.3650568057527645e-07,0.19051216215483655,0.0006566672092190021,0.0001222156662901938
33,0.0001421542257344887,3.140179922400877e-06,8.695820040873128e-05,0.007372918395845503,0.03522001535480093,0.5674980754989792,0.00013244262080440246,1.8217923221049795e-06,0.15510392181528693,0.00033461125567742944,0.00011441341849748106,1.3149266382009217e-06,1.661906130892424e-07,1.5039124880691804e-05,0.000912049215076199,1.2686991582796978e-05,0.0001200180509742259,4.869075187621082e-05,4.1736936524867186e-05,8.226513431500993e-07,1.1781416267546774e-05,7.792912367048755e-07,0.23173669052667933,0.0009530623846611872,0.00013468878336610665
34,0.0002539124397447714,6.796775867184122e-07,0.0001019519636945376,0.003137787967089083,0.02802628641833436,0.5192423934866656,8.978309360692934e-05,8.062352253333613e-07,0.251682012491164,0.00021494503201149897,9.832077068987338e-05,3.3734207972300514e-07,1.2076644602429302e-07,7.521275141560131e-06,0.0010706834945222086,4.856473759724101e-06,2.7442139214343957e-05,4.381820144134739e-05,3.151347565449168e-05,5.314528467477902e-07,8.577113890723152e-06,3.6689174687898897e-07,0.19506597160738975,0.0008010862925223633,8.829389753137634e-05
35,7.647065102247239e-05,6.714137251456434e-07,4.15837953578221e-05,0.0019344711761064156,0.007516354180681037,0.6537303979392736,5.785637005693818e-05,7.227057792788423e-07,0.20969959103807834,0.00029265565219184703,2.5902306366125174e-05,3.320950479801677e-07,5.243772696758743e-08,4.6344441238182585e-06,0.00036499658041643825,7.3596233582434864e-06,1.8285337690651045e-05,3.116744107566044e-05,2.1753177367820545e-05,3.1840579151321603e-07,3.142133302329042e-06,2.971878953815284e-07,0.12562564529111878,0.0004855554173064132,5.978319913896652e-05
36,3.657524255132907e-05,1.0663952117344724e-06,5.802164015634293e-05,0.0024213524403124045,0.021856432629462803,0.5298224658761295,5.412993471473778e-05,5.053067042746104e-07,0.25120599523917664,0.00039462835005906426,3.2632084337876684e-05,3.0011834175756645e-07,4.364967629349019e-08,1.242482583116357e-05,0.0007224876213685831,5.625820751137909e-06,2.6203035097403136e-05,1.717263591645594e-05,1.6929785482585316e-05,6.289487656175577e-07,4.982903866942422e-06,2.3117908307558548e-07,0.1924853453330275,0.0006924697764194595,0.00013134922755539505
37,7.347942516494273e-05,1.0786910155231452e-06,0.00012681099745084906,0.002330004134350902,0.033093935914178564,0.3861579472636776,6.70259281608372e-05,4.097346502079528e-07,0.30852333559346445,0.00034316465065959876,3.941025321177525e-05,4.4407319401872475e-07,7.743069219362982e-08,1.8036902356290524e-05,0.0003927980297962486,5.61313630620284e-06,3.367890871987772e-05,2.888205503715431e-05,1.2113426174389142e-05,8.838484680177934e-07,8.349873948089078e-06,2.0063402969911253e-07,0.2668851279659341,0.0017017388925085362,0.00015545223684994256
38,2.8133288188583914e-05,3.984586495989172e-07,3.491708143095327e-05,0.0017163123870716631,0.0061822138823708845,0.718630427766757,5.295872977672053e-05,3.9215218431179887e-07,0.11349618701211306,0.00028851330316189246,1.4295485034145858e-05,1.4058184143992375e-07,3.3009571378090614e-08,3.025241412282791e-06,0.0005851989058588556,7.835407553422165e-06,1.8549998142360663e-05,1.621688984580211e-05,2.1784641457114026e-05,4.125257116579782e-07,3.2276881377930144e-06,1.3933574345383728e-07,0.15850457723759245,0.00034072859098430196,5.338039940901434e-05
39,3.8060608039791014e-05,9.978287529362042e-07,5.7841909480657523e-05,0.00234251061273493,0.019581644943542763,0.5617395145149287,5.9097159015507684e-05,5.716392399529282e-07,0.22887665897590845,0.00037262226809378374,3.291036489761324e-05,3.201296957043927e-07,4.477560976542135e-08,1.110614155959105e-05,0.0006932931321443648,6.215499561384935e-06,2.7351164641957195e-05,1.7692229412601488e-05,1.7446097152086152e-05,6.154173816036069e-07,5.051051249420843e-06,2.4046786302581286e-07,0.18534996440611187,0.0006428956835667311,0.0001253329794148588
40,6.71724644062027e-05,1.5921574092812238e-06,8.4304854619014e-05,0.0020719631263906957,0.02447876542104163,0.5860201509065148,5.6613071010929045e-05,6.730411386904654e-07,0.26288290640389,0.0003469517868258982,5.397327389807031e-05,6.164774602172883e-07,6.054545762745523e-08,1.6386637541615365e-05,0.0011450493387615368,5.660391410624463e-06,3.6704214929857216e-05,1.013616931346689e-05,1.1172283819740936e-05,6.440641704533842e-07,4.049978678901745e-06,5.193728346298798e-07,0.12188489957069752,0.0005892902266336819,0.0002297442211449335
41,0.00018300716374157738,8.874772508569403e-06,0.0006494471622190207,0.0008780239861464176,0.009065448795689688,0.200202530586463,0.00022897451006377454,3.5669004242600954e-06,0.12805254138624844,0.0012048573954303412,0.00014013315072073512,1.1534878697078485e-06,5.602053276819275e-07,0.0002038458106585894,0.00011597382653515466,3.194681638272133e-05,0.0004765919542480933,0.00034276002576791737,7.55764441107054e-05,3.3502148265785467e-06,0.0004560538582359559,1.1926219167805833e-06,0.6545636942353307,0.002663759109922329,0.00044613557921137316
42,4.0062059031906035e-05,1.356065907548433e-06,3.5565768888622404e-05,0.002304095606456105,0.013716443701365122,0.6765730191887117,6.161796036415676e-05,7.027594711216998e-07,0.21861953849688398,0.0003696039079465719,3.475241110652534e-05,3.470647613184538e-07,6.302160091463034e-08,6.9797310743035005e-06,0.0011172035250681573,6.899496430536112e-06,2.6383462743931967e-05,9.685215828486462e-06,2.7316707610955115e-05,4.7610146279034653e-07,3.391751705115274e-06,6.25207545453609e-07,0.0865184904524861,0.0004135167960053298,0.00011186353954313
43,5.118269056217e-05,1.4750018868811162e-06,7.464298349076975e-05,0.002923628932350173,0.02808926308484791,0.4682844861375153,6.800693504997024e-05,5.841182331416257e-07,0.27810065189606964,0.0003646551047817211,4.397969936110807e-05,4.983356634607085e-07,5.6282898611462426e-08,1.6969478939739227e-05,0.0007797394131781355,6.627639478270656e-06,3.6802797838525224e-05,2.061650404906013e-05,1.7211848371205987e-05,6.955214412229211e-07,5.984438470265917e-06,2.7045358753948257e-07,0.22001543678419477,0.0009199721721140978,0.00017656174562629117
44,3.6746086652365964e-05,1.0788684793851402e-06,5.811455195495141e-05,0.0024370610793514355,0.021456317255613148,0.5307523253522392,5.419487880010171e-05,5.151683726202964e-07,0.2522114130232628,0.00040057278335408204,3.2383574203723447e-05,3.02863541035193e-07,4.3960166362657254e-08,1.2539927430064705e-05,0.0007252055134452436,5.705173443199419e-06,2.6291334684357996e-05,1.7276058649694193e-05,1.7029229981564245e-05,6.296647938638556e-07,4.94482582893673e-06,2.352839233997228e-07,0.1909339725163667,0.0006837889049479241,0.00013131212051384358
45,4.16479909193452e-05,1.2782507360568784e-06,7.105937490029249e-05,0.0024547308263628996,0.022442695658371602,0.5016492975474216,5.4067500915581274e-05,5.383658257795342e-07,0.2564217479120788,0.00044699308218585054,3.585395380651936e-05,3.259420682977618e-07,4.8929034999463724e-08,1.571781383333278e-05,0.0006582989596035571,5.836134166859924e-06,3.1499415709909514e-05,2.0063590904201195e-05,1.7189547834333027e-05,6.790434598254958e-07,6.104727990089065e-06,2.4702146408992765e-07,0.21469306714098457,0.000784757594211045,0.00014625367521051816
46,4.47267584080706e-05,1.2321121289104372e-06,5.919028610050627e-05,0.002719717882043922,0.022165763928147682,0.5643277202323232,5.645841703652342e-05,5.717453059680979e-07,0.21562981953404317,0.0003747018733206942,3.649158167171806e-05,3.6618386227705685e-07,4.7762099096276e-08,1.1282270698246856e-05,0.0007812040791592634,6.364241199896996e-06,3.5265661839013494e-05,1.6734946218416096e-05,1.769550644707287e-05,5.886134404420942e-07,4.957529594535042e-06,2.796469992358497e-07,0.19290669640158367,0.0006688689206011185,0.00013325388572731412
47,8.65444109201833e-05,2.863255389099976e-06,5.8575422127696886e-05,0.0023498773670465323,0.015178134048832904,0.5921676625463842,7.387226605728375e-05,8.517005171467205e-07,0.28909737677503305,0.0004070909615129668,4.634633304214734e-05,9.793434932905806e-07,9.345943402370192e-08,1.0897528706399166e-05,0.0011677625931683579,1.2220824106364428e-05,4.332079865306228e-05,1.2079005236160278e-05,2.254301689108986e-05,5.545483367346773e-07,3.220553067539882e-06,9.081427267553343e-07,0.09820347836782077,0.0008118848052335503,0.0002408619262628194
48,3.231787760811303e-05,3.385574855769134e-06,4.104205888370534e-05,0.00479266886294927,0.013057331437022292,0.6331348996072889,4.717569616971202e-05,7.748243874853212e-07,0.12724116380962033,0.0007466381739598069,2.2897814508053575e-05,2.916276950734718e-07,4.19736825347661e-08,1.0045231248565647e-05,0.0009227831385446953,9.610327566724563e-06,7.970650273777787e-05,1.6211277839481288e-05,3.607622056601519e-05,4.305215516281296e-07,4.645758285097385e-06,4.033904105904413e-07,0.21931364448192034,0.00038377293457082237,0.00010204087612717037
49,4.6236189483127684e-05,9.776113090509094e-07,7.569082902442455e-05,0.002182376857866777,0.017882329042972184,0.5806805319075652,5.523764207499843e-05,5.622564640457177e-07,0.23038127495722835,0.0003478842612394982,3.191495984154069e-05,3.850175406373365e-07,4.959482795056316e-08,1.1131346878321183e-05,0.0005290481743123266,5.762231296173012e-06,2.6556498826674792e-05,1.5907585981399768e-05,1.0901091929518005e-05,6.408758041249597e-07,4.0679974504835556e-06,2.3457237352647793e-07,0.1669114703652629,0.000674646409089938,0.00012418172335678534
50,2.1526518180552886e-05,1.1487853687571943e-06,4.270717743808151e-05,0.002107458326167665,0.015735885902706432,0.5542192139310255,5.782377748290513e-05,6.020876301868116e-07,0.2939034615945711,0.0006025902911211968,2.277209620219862e-05,2.1889732641022176e-07,4.1382134673996765e-08,1.3810991770612844e-05,0.0007963332962760783,5.214112215118673e-06,1.7465591395418585e-05,1.3867078156767665e-05,2.4697475247579996e-05,5.835484036779824e-07,4.81440353648747e-06,3.0405018205113437e-07,0.1318540607574841,0.00043473398323103064,0.00011866394474550038
51,7.035804839504853e-05,2.5645393415699573e-05,7.234210255478956e-05,0.01924153839770968,0.03170303708637459,0.43509603548060066,6.564171612363007e-05,3.907483018675047e-06,0.4015742660339306,0.001879500328766724,7.758548211541574e-05,1.4505812541854484e-06,1.5868627078941935e-07,6.968107667202885e-05,0.0028465329235989483,1.1646866460576707e-05,6.621240749108415e-05,2.7815819682444523e-05,6.210148286199504e-05,8.954490077211333e-07,4.9822316505311775e-06,2.0667863888627878e-06,0.10637966236726022,0.00046634108059230117,0.00025059468780272356
52,2.3929481871373625e-05,3.6772399860048496e-07,2.6338825807855462e-05,0.0028790513235094073,0.004483123843202163,0.6754432042639967,1.8210085649965178e-05,5.471055856083171e-07,0.18382095004840607,0.0009615499533618386,1.1427009320872712e-05,6.215671015178746e-08,3.166580257277743e-08,5.175615103508516e-06,0.0006730122662119627,6.2287597242043065e-06,7.674503315614365e-06,3.799238251307513e-05,2.77212199304593e-05,6.349581600906549e-07,1.636805824754754e-06,1.6365049433915576e-07,0.1312851506216953,0.0002561094576301935,2.9706272173431704e-05
53,2.3739296764726807e-05,4.905161043350268e-07,3.0125595644704225e-05,0.0014244612743319544,0.014851909463661493,0.5595437678552422,8.400696467760137e-05,4.233546481565747e-07,0.2600852379575188,0.00016455879166441404,2.6524224322741496e-05,3.3702377309189795e-07,2.6445114784801886e-08,8.072449377274477e-06,0.0006472561979151288,4.228025421955022e-06,1.3580381610644545e-05,1.219340619697833e-05,1.151965685783213e-05,4.3756079985404315e-07,3.0659561129687545e-06,1.5937116442808695e-07,0.1624971097845602,0.0004476948374364642,0.0001190736090770902
54,3.6616337302662976e-05,1.0884387702351667e-06,5.825632783045236e-05,0.0024341365800932624,0.021445570291311153,0.5294795352192089,5.424376537638683e-05,5.151012659577067e-07,0.25415080781577226,0.0004027332856502074,3.2302841956003916e-05,3.056022083046181e-07,4.39803456880923e-08,1.265356193698569e-05,0.0007312809415189865,5.745632430684319e-06,2.6280662982353623e-05,1.7140718972149793e-05,1.7012050679968078e-05,6.316737749776706e-07,4.921449390876104e-06,2.3636306727677478e-07,0.19026761846967669,0.0006871511758826056,0.00013317171259515122
55,3.1675235487232074e-05,6.942851685134383e-07,4.2020774588134384e-05,0.0020561348817971625,0.02556132366628728,0.46301057064735507,7.469751233999822e-05,3.47807698655119e-07,0.336817932822054,0.00018289041315389473,2.931841651246235e-05,5.281265790131619e-07,3.670066363235976e-08,9.702983847755038e-06,0.0005458852710744733,4.931631747440381e-06,1.5945547905353118e-05,1.3783395726359056e-05,1.1474705748456612e-05,4.822797505866053e-07,3.375803723847969e-06,1.6380454904596372e-07,0.17045621539328018,0.000982398357288279,0.00014746953567314807
56,3.8541130264109594e-05,1.1169342021456378e-06,5.962462729575527e-05,0.0024488477181746605,0.021690473506736845,0.5288750741964722,5.568326926758867e-05,5.327893443438573e-07,0.2551508442211285,0.0004018484005312236,3.33741849798691e-05,3.192545357693898e-07,4.718630718456949e-08,1.2866761628573852e-05,0.0007255194188207383,5.8047632528622e-06,2.6807602078555363e-05,1.7643022756723853e-05,1.725208992387372e-05,6.55714081426108e-07,5.104380730448254e-06,2.505673457418486e-07,0.1895924860684798,0.0007060812667770166,0.00013320092488387588
57,4.466647092768192e-05,2.0951362509388954e-06,7.527999159523745e-05,0.0031001496308664615,0.02452983137826432,0.5126051725931845,8.485620657859765e-05,7.44837254347798e-07,0.2798492617338609,0.0005547746736394864,4.237265995740776e-05,4.644600536290608e-07,8.488573498443373e-08,1.5858015834736242e-05,0.000990100324430396,1.007606547525352e-05,4.032476319104276e-05,2.0808139036931397e-05,3.9660212636321484e-05,7.931502842895792e-07,9.305293501680116e-06,4.244985993373428e-07,0.17683800731233137,0.0009585762460026006,0.00018631132050745444
58,3.291888488717385e-05,1.004547692033232e-06,5.850066703643564e-05,0.0023209069450614473,0.02436859651668139,0.48708511368369545,5.4464855791488577e-05,3.897819510525427e-07,0.2760869039396665,0.00036988036167164327,2.9513951585801103e-05,2.972744766099066e-07,4.633333394426957e-08,1.1941592789309116e-05,0.0006772319326839834,5.79521184920435e-06,2.3986073314370776e-05,1.6005400686158715e-05,1.6522320406070357e-05,7.131575482450874e-07,5.1527233280301406e-06,2.0081723657935235e-07,0.20770658233677933,0.0009857684622785125,0.00014156222756936144
59,3.469947440472811e-05,1.060715950924348e-06,7.197373624072526e-05,0.002311444976218582,0.024395227094614544,0.48245267551882237,5.410431331524583e-05,4.179884661675532e-07,0.273120942650731,0.00042058937360461043,2.934841445908977e-05,2.9538888049980975e-07,4.857601337914951e-08,1.3509317338154398e-05,0.0006188241117480496,6.190542137845588e-06,2.653110425055083e-05,1.744779562955101e-05,1.557193744758332e-05,7.796425738999504e-07,5.731202566124882e-06,1.9552823590202416e-07,0.21524177394730248,0.0010146287299023571,0.0001459879191457327
60,3.6746086652365964e-05,1.0788684793851402e-06,5.811455195495141e-05,0.0024370610793514355,0.021456317255613148,0.5307523253522392,5.419487880010171e-05,5.151683726202964e-07,0.2522114130232628,0.00040057278335408204,3.2383574203723447e-05,3.02863541035193e-07,4.3960166362657254e-08,1.2539927430064705e-05,0.0007252055134452436,5.705173443199419e-06,2.6291334684357996e-05,1.7276058649694193e-05,1.7029229981564245e-05,6.296647938638556e-07,4.94482582893673e-06,2.352839233997228e-07,0.1909339725163667,0.0006837889049479241,0.00013131212051384358
61,3.575926336608447e-05,9.836451824016442e-07,7.421750496648297e-05,0.002218113188495212,0.023983990740545753,0.47469026066611447,5.337031129928723e-05,4.087672796206314e-07,0.2820248216932718,0.0004094928256625833,2.876015827997573e-05,2.8405088239930317e-07,4.81371201645686e-08,1.3430254379728169e-05,0.0005630993789777392,5.757041252870277e-06,2.4539965874476506e-05,1.780174373223567e-05,1.4691377165047018e-05,7.533818165949351e-07,5.7493563525454295e-06,1.8612607280527047e-07,0.21466246423311944,0.0010311233107579473,0.0001398928780323838
62,3.6746086652365964e-05,1.0788684793851402e-06,5.811455195495141e-05,0.0024370610793514355,0.021456317255613148,0.5307523253522392,5.419487880010171e-05,5.151683726202964e-07,0.2522114130232628,0.00040057278335408204,3.2383574203723447e-05,3.02863541035193e-07,4.3960166362657254e-08,1.2539927430064705e-05,0.0007252055134452436,5.705173443199419e-06,2.6291334684357996e-05,1.7276058649694193e-05,1.7029229981564245e-05,6.296647938638556e-07,4.94482582893673e-06,2.352839233997228e-07,0.1909339725163667,0.0006837889049479241,0.00013131212051384358
63,3.710115600483682e-05,1.3545113611746835e-06,5.720715285242608e-05,0.0026452169098137076,0.021541656607450548,0.5287164243935806,5.369085900487991e-05,5.623793366474466e-07,0.2568208753475088,0.00045229158158728653,3.314217531500103e-05,3.262736540512529e-07,4.660185646047739e-08,1.3477731971412308e-05,0.0007895605598700032,6.26088744895713e-06,2.8948528404190156e-05,1.7352628077881864e-05,1.9154592196866486e-05,6.438637523685442e-07,5.006970827761988e-06,2.7105195478511863e-07,0.18792508351915807,0.0006940187781828066,0.00014032493882860312
64,4.105803791074228e-05,1.1625905083202612e-06,7.505239412435483e-05,0.002386155858645045,0.025333182693339354,0.49485528910238463,6.63327837975048e-05,5.508585235925295e-07,0.24382775403108284,0.0004156890285340258,3.814561773672563e-05,3.0856247311729477e-07,5.407957447888254e-08,1.5106709092424165e-05,0.0006430256504768525,6.035299954801451e-06,3.2520891181917074e-05,2.2617573117532033e-05,2.0574232783684926e-05,7.397018325272533e-07,8.344234820780872e-06,2.3164314513604096e-07,0.23124432912396148,0.0008261080564143558,0.00013963124458389476
65,3.170201272543587e-05,5.91450383171705e-07,3.061785589892687e-05,0.002482940669406847,0.01744499034683002,0.6445764972461321,5.665918771256861e-05,4.3490053307900947e-07,0.13768912588845286,0.00021669516210811847,3.0733049830234576e-05,2.1603539695867914e-07,2.9049924077269245e-08,4.934485832263432e-06,0.000725809781511197,4.7342586131323974e-06,2.580056134490431e-05,1.5832326009177014e-05,2.0397691915638223e-05,3.612685618976721e-07,4.0671364288943296e-06,1.6999123466021632e-07,0.1961572209554425,0.00040687695716846,7.256173060296094e-05
66,4.265661781526394e-05,1.1441187038029472e-06,7.168952916459784e-05,0.002483803585118339,0.02275669910797936,0.5248444081717082,5.742860928474439e-05,5.942576512991724e-07,0.2637562257470328,0.00044067457233332814,3.5672940007920075e-05,3.2467804347886294e-07,5.281231373288471e-08,1.4281363259218796e-05,0.0007108191326674237,6.030658694394953e-06,2.7206948220060088e-05,1.9314259963024724e-05,1.6757279598798747e-05,7.3296133417165e-07,5.551978198280137e-06,2.5772153818363693e-07,0.18385526360004054,0.0007169652438439799,0.00013544410548522038
67,4.035177816539012e-05,7.680666949642879e-07,0.000119145286745879,0.002661505529519776,0.019843214404506,0.4291412186015367,4.604606812976228e-05,4.4053008842210044e-07,0.1550317110948608,0.00046362085562439147,2.662409121362104e-05,1.780679977326121e-07,4.906016121737805e-08,1.4234197630621022e-05,0.0003835748636641277,5.792168717856598e-06,3.828432130502127e-05,3.201238950067676e-05,1.4137607660904417e-05,9.485256236262951e-07,9.87289171641197e-06,1.0823451099132027e-07,0.39108351299508687,0.000947381762844524,9.526660649364909e-05
68,7.5479109050383836e-06,2.589863437521842e-07,9.106302704671676e-05,0.0011323726515729657,0.018724477733733997,0.21036977642214624,1.9603317544350242e-05,6.26088661452233e-08,0.5753895689632228,0.0002877437310185599,6.020757302795715e-06,1.6315447381066186e-07,1.4994362410820947e-08,2.67040205805574e-05,0.00017147808455796976,1.3654716275301236e-06,3.835991873218896e-06,5.3829436579122545e-06,1.0938963660413032e-06,8.212637228107415e-07,1.1507668947129727e-06,2.430420360421499e-08,0.19196617025964752,0.001627362898622531,0.0001659358397060621
69,3.550377607232767e-05,1.022263691602807e-06,6.60792829531085e-05,0.002388429364811033,0.020454648807836387,0.5137592457439691,5.53557754664863e-05,5.206827298044936e-07,0.2538923695235533,0.00042628500669978096,3.0601304852955516e-05,2.890171030446694e-07,4.5057142664579996e-08,1.3816918909576868e-05,0.0006562203533903176,5.829187916237154e-06,2.564402214367624e-05,1.9299823219097158e-05,1.6738147936008686e-05,6.933121290781369e-07,5.565101366760081e-06,2.108718907646325e-07,0.20728459563015483,0.0007290942025487346,0.00013189682151327594
70,2.541336019563342e-05,6.245664978736034e-07,5.341583841856524e-05,0.0031744161592524253,0.041187910429704974,0.4451329156057539,4.796079617137993e-05,3.035524954000571e-07,0.31865756061916767,0.0002124490047055224,2.6203889688340415e-05,2.6394638862141244e-07,2.6923017651813768e-08,1.2451407931990896e-05,0.0007093156833454641,2.19551310459304e-06,1.4331056612405446e-05,8.535416703178526e-06,6.263373126455771e-06,5.231571429695879e-07,2.5703099462995753e-06,1.1588432895721e-07,0.190016649457129,0.0005959764165981241,0.00011160763257268242
71,1.4838545905738057e-05,1.0485537807140948e-06,7.687588916433015e-05,0.0018194036917022652,0.03182870325997314,0.2633541132738612,6.378997240996694e-05,3.2085330169559825e-07,0.47364783958273715,0.0004786991857472655,1.8725547023503298e-05,2.0087210285483465e-07,4.096439649658604e-08,3.3143574979371174e-05,0.0003588568734282412,3.809187094090565e-06,1.3547034978145364e-05,2.028705855025863e-05,1.1725827857112598e-05,1.1310874535003097e-06,8.328000465541128e-06,1.1085607915010933e-07,0.22687358149142337,0.0012154270298882135,0.00015545178569664782
