,0,1,2,3,4,5,6,7,8,9,10,11,12,13,14,15,16,17,18,19,20,21,22,23,24
0,0.0005828992278677289,0.0037307480019324667,0.00023815182264397505,9.53649950410838e-06,0.04059855352937309,0.03973505355018021,2.8956035631993526e-05,1.188452227732012e-05,0.017039074048705874,2.0412280897507176e-05,0.023567855641670785,0.0002724769902846448,1.0166806801213883e-07,0.0007894713710407212,0.8586659765493856,8.243310861289982e-06,9.907530631261362e-06,3.6062388363723336e-05,0.0020439812933410882,1.4006984293133444e-08,0.00039348107164786667,0.008725010992915852,0.0003419359431935185,1.709175069233852e-05,0.003133119971904771
1,0.000358237345134456,0.0026791544616882328,0.00024918237653660775,7.433934680240285e-06,0.034469204801307815,0.043131767952762884,2.838510508827275e-05,1.180508594980888e-05,0.03501701951376265,2.4980440991992307e-05,0.01702436302965559,0.00017146169929352484,8.675239147973139e-08,0.0006416456844560782,0.8538675224416192,1.1211805606159764e-05,4.654766928060203e-06,1.638377435837207e-05,0.003114816682346479,1.585013368989905e-08,0.0003133089964144104,0.00615896841828612,0.00018034769009247283,9.505069220218487e-06,0.002508536321295069
2,0.0013067819362299273,0.010685115468781916,0.0016370204769507184,4.719410729734349e-05,0.18262627238204454,0.0817321592156348,7.655969781185532e-05,4.043584380576734e-05,0.06422228761005973,6.53809917876712e-05,0.08850193930730818,0.000939577054665027,5.826607860155876e-07,0.0022631669974430297,0.5445609514324037,9.53048692208101e-06,1.6591192286263817e-05,0.00015294244716491904,0.004190576572999852,4.987587087056045e-08,0.0007754044091038463,0.010076966871062255,0.00028880078203061786,6.01726749318909e-05,0.005723539504616985
3,0.0005837290688724307,0.0036519202361965696,0.0002493905214891507,9.407387798554772e-06,0.04123386587488783,0.041376485376106664,2.9721755603581354e-05,1.1725344774874192e-05,0.017862188548424744,2.0171406023940595e-05,0.024427504915971867,0.0002758511537637486,1.0583575471905428e-07,0.0007917726056301301,0.8551177430771733,8.469957443892348e-06,9.45647508301206e-06,3.5437241053159014e-05,0.0020518852909256285,1.4576188825646212e-08,0.0003797367990161622,0.008514204709624742,0.00033617133289773874,1.696849828858898e-05,0.0030060720110061507
4,0.0005716627256388226,0.004134044670900767,0.0002989256660663143,1.0472882341990708e-05,0.04987739923309071,0.04782633391050466,3.262178527911811e-05,1.1217868901860132e-05,0.019391564963684833,2.2160040308395335e-05,0.025882559482571517,0.0002943984987915898,1.4664066184172008e-07,0.0010174169278396694,0.83618845171289,8.77312072156661e-06,9.094792136744973e-06,3.823969343526965e-05,0.001999158824233398,1.6750295140355172e-08,0.0003629344617749156,0.008837686638901712,0.0003494153967207229,1.8159093566302188e-05,0.0028171442187420797
5,0.0006557043880985339,0.004465172814050079,0.00028736650374641004,1.4511747301407674e-05,0.05708059128009988,0.04991654719691214,3.306858728375037e-05,1.4975694261953655e-05,0.017156649298079463,2.6479557941371935e-05,0.030765181493168203,0.00033349867657898516,1.3613270381878151e-07,0.0009751870592874436,0.8225214713070415,8.827920757681556e-06,1.267429385476001e-05,5.810699829700198e-05,0.0020513847308876766,1.7187901834341104e-08,0.0005211807231333579,0.009072703575112404,0.00044956571493173477,2.411354978909792e-05,0.003554883568779519
6,0.0005837290688724307,0.0036519202361965696,0.0002493905214891507,9.407387798554772e-06,0.04123386587488783,0.041376485376106664,2.9721755603581354e-05,1.1725344774874192e-05,0.017862188548424744,2.0171406023940595e-05,0.024427504915971867,0.0002758511537637486,1.0583575471905428e-07,0.0007917726056301301,0.8551177430771733,8.469957443892348e-06,9.45647508301206e-06,3.5437241053159014e-05,0.0020518852909256285,1.4576188825646212e-08,0.0003797367990161622,0.008514204709624742,0.00033617133289773874,1.696849828858898e-05,0.0030060720110061507
7,0.0009448573555494719,0.00804848016676173,0.0006436587126873306,1.4444012217189763e-05,0.04020358552425654,0.04033453258055361,7.995537699844021e-05,1.5579701983804684e-05,0.03709394406052461,2.2959589771224667e-05,0.06537597886675878,0.00033436750314065394,4.2302056964335825e-07,0.0008768159844624669,0.7938897125098686,5.946549893795936e-06,1.0777732680538919e-05,6.071662862912603e-05,0.0017418510351159297,3.665671935091587e-08,0.0002630198575149287,0.006830944932298901,0.00024273063826496467,4.5341953714349226e-05,0.002919339049063912
8,0.000735302357667983,0.003765494314311454,0.0003250958834514047,1.3546076346867566e-05,0.044131895902941365,0.019412742153210066,3.205978545623639e-05,1.771502802656342e-05,0.014218575467809481,2.807663913093431e-05,0.010057058399208622,0.0002128666645816025,1.095626612490069e-07,0.0007472621610261315,0.8917393777391803,9.792516404121698e-06,1.5823102883151293e-05,2.5133054070020035e-05,0.0016283873986455502,1.0802153428511676e-08,0.0003918814927570644,0.005875121328078231,0.00042737849796004696,3.984750531624494e-05,0.006149446166722116
9,0.0007818599021610248,0.006971034335321622,0.0008588531251987225,1.8729085786964124e-05,0.066788380808139,0.01839919940368648,4.280309915622744e-05,2.1532848642356048e-05,0.03296910753102697,3.1788527816665e-05,0.016712609661820765,0.00024851580915376503,3.0838614404810974e-07,0.0008310923884177273,0.8417183244045983,5.966900405289814e-06,1.7334965681302464e-05,3.1669362217131476e-05,0.001522661330944809,1.740143662916643e-08,0.00030510502369807433,0.004638523409938396,0.0002486616013928196,8.144135226857376e-05,0.006754479334946453
10,0.0005837290688724307,0.0036519202361965696,0.0002493905214891507,9.407387798554772e-06,0.04123386587488783,0.041376485376106664,2.9721755603581354e-05,1.1725344774874192e-05,0.017862188548424744,2.0171406023940595e-05,0.024427504915971867,0.0002758511537637486,1.0583575471905428e-07,0.0007917726056301301,0.8551177430771733,8.469957443892348e-06,9.45647508301206e-06,3.5437241053159014e-05,0.0020518852909256285,1.4576188825646212e-08,0.0003797367990161622,0.008514204709624742,0.00033617133289773874,1.696849828858898e-05,0.0030060720110061507
11,0.0006159442054757166,0.003995683266605627,0.00027328747796584956,1.0059728416514779e-05,0.04289741862944348,0.04276381631172157,3.199413702892915e-05,1.2093126653934879e-05,0.018755371539427454,2.1011368034014352e-05,0.025998895466854837,0.00029401293595277786,1.2659831659438598e-07,0.0008591700764288829,0.8487185536716746,8.428211751150082e-06,1.001231964879871e-05,3.9070223752750144e-05,0.0020273860006901987,1.625399441294821e-08,0.00037565146360208864,0.008869048535078614,0.0003468383708078391,1.861335412244981e-05,0.0030574967265509937
12,0.0008908047739502265,0.004864189562501008,0.0002354666347290361,1.3832909302797876e-05,0.09718355045269625,0.07787041908587583,2.5172967776477692e-05,1.1114941141625426e-05,0.005666621506577739,2.6237222729172616e-05,0.028445908785244254,0.0007341900765173141,1.5110810275181303e-07,0.0021212026518856847,0.7528840965822855,1.3299341017188974e-05,2.2591767014215004e-05,0.00011382164938363488,0.0015852223867915572,1.5248651494576735e-08,0.0006729570485922504,0.02246640806910013,0.0011910568483113732,2.35515528502536e-05,0.0029381168269723076
13,0.0005874685314512779,0.0035269228380728724,0.00025546308909472486,9.095976792536457e-06,0.03997556577886154,0.03925100926571428,2.9061214702844823e-05,1.1605661801492866e-05,0.017808341716766343,1.784565511275073e-05,0.0264454413391827,0.00030504268606943477,1.0466754187576805e-07,0.000802001427550753,0.8564098307811214,7.857185487729473e-06,9.641937886967674e-06,3.488870498665022e-05,0.0020564501376901904,1.4701816881768995e-08,0.00038088261072570154,0.008826178714080264,0.00032467742686424046,1.588831036150019e-05,0.002908719640263119
14,0.00016334809888187313,0.023171368980088727,0.0003277523799501107,1.8040508171489345e-05,0.169116631530262,0.08585642507124505,2.7033952620048115e-05,1.634053799851089e-05,0.04788410977445867,0.00014109506509695134,0.035571062764327636,7.866110031848483e-05,4.01814136506812e-07,0.0008113658030840579,0.6256929972534317,4.358890162564565e-06,6.111580225523226e-06,5.7556001695014804e-05,0.002350833258609037,1.6173322132011374e-08,0.00043498348403474176,0.0065533709394583264,0.00013270056688486083,4.1523359129947327e-05,0.0015419111124060955
15,0.0005837290688724307,0.0036519202361965696,0.0002493905214891507,9.407387798554772e-06,0.04123386587488783,0.041376485376106664,2.9721755603581354e-05,1.1725344774874192e-05,0.017862188548424744,2.0171406023940595e-05,0.024427504915971867,0.0002758511537637486,1.0583575471905428e-07,0.0007917726056301301,0.8551177430771733,8.469957443892348e-06,9.45647508301206e-06,3.5437241053159014e-05,0.0020518852909256285,1.4576188825646212e-08,0.0003797367990161622,0.008514204709624742,0.00033617133289773874,1.696849828858898e-05,0.0030060720110061507
16,0.0006780117534039016,0.004167252654983267,0.00017697130945736487,1.3108711662425254e-05,0.04101744949726123,0.06630059854173649,3.702934808765019e-05,1.723296522205073e-05,0.013872838791864074,4.239220304878946e-05,0.028865252428650134,0.00035274537839129883,8.503264324815873e-08,0.0009232447403045226,0.8222076190025572,1.4994489942332484e-05,1.239596743714385e-05,7.669016236643548e-05,0.0026708753531497456,1.9321600559512514e-08,0.0009679726606976172,0.013763529295699866,0.0004895703376203576,1.724845426084767e-05,0.0033148715979516427
17,0.0010891976669656727,0.004439348888577491,0.0004207298954428003,2.2799307516190124e-05,0.0711664801515327,0.06334433184801407,4.6376500910266185e-05,1.717732559680132e-05,0.01573267386293645,2.645165265860507e-05,0.03589756739911934,0.0006706239243063272,1.836634967527714e-07,0.002228378729196155,0.7838966731792547,1.2925428457099065e-05,1.5309392282340585e-05,8.334559539077871e-05,0.0023492556591001986,2.4413883326522997e-08,0.0006767722354274115,0.011805165837512302,0.0007526934099577115,2.357071817385104e-05,0.005281943314290688
18,0.002106474161521991,0.00625927613473634,0.00038715494468117905,1.3903639627951894e-05,0.03865437718809469,0.024262851535589026,4.795933073943825e-05,2.2929204713550043e-05,0.012419315248669105,2.68237362565494e-05,0.023520865389422985,0.0007986311717270233,1.685421484368667e-07,0.001071910843895111,0.85807214637996,9.536289908200124e-06,4.108233373920733e-05,0.00010779507039155343,0.002238319662688173,1.8362625091601107e-08,0.0006371256591348641,0.021072371409730263,0.0005474378273229935,5.3212446751956594e-05,0.007628313485924456
19,0.0004823926500822223,0.005077526970338679,0.0006129402112666576,1.4912230955983895e-05,0.08709880953948376,0.05005320739975592,3.1614109027929445e-05,1.8115450148933687e-05,0.03728429497479098,3.36922596469787e-05,0.02915213223336981,0.000436919608584484,2.3088011152104683e-07,0.0013028787353686,0.7708204670693812,8.126026393769448e-06,1.0334505248021595e-05,3.850946505954061e-05,0.002511690949919708,2.4752769307187244e-08,0.0004011176214910048,0.011136573654450276,0.00023595532125179073,2.1402803002667818e-05,0.003216130578100194
20,0.0003465620558437327,0.0031141074237884285,0.00016027902937176597,6.266753737052366e-06,0.035501768686236536,0.02421149700296993,1.594198197602727e-05,1.4611162151655772e-05,0.015031500483246639,1.970656645711308e-05,0.01369195890019873,0.00021171744304288712,6.253287943138565e-08,0.000517869327439266,0.8884010012188186,6.009147527131735e-06,1.1778053437531472e-05,2.346752254125425e-05,0.00204202189008728,1.0293000634182597e-08,0.0003866092733829003,0.013741183799139904,0.0002411469801045219,1.3247880766807885e-05,0.0022896745918541904
21,0.0012720862783549968,0.0036381936317283962,0.00044204037730391976,1.6286258549957444e-05,0.05170546014288376,0.0842824805349841,6.672590879416587e-05,1.2873399229904574e-05,0.016932708316251977,2.9531606693878518e-05,0.03721111756536532,0.0007229951609038044,2.1808241379840597e-07,0.0017629213761837926,0.7854271342221628,2.268768776654496e-05,1.0347983657801674e-05,7.111646829103341e-05,0.0022364324002632973,3.180686105537856e-08,0.0005611942229030192,0.0089956771064603,0.0006572394324033941,2.1989605684822696e-05,0.0039005104239040957
22,0.0008005093557826819,0.0034373713773843398,0.00027852222634403484,1.1081281623707315e-05,0.042378737197235394,0.059247858569702924,3.47780505253069e-05,1.3856298176762548e-05,0.014529203525111984,2.111106887245618e-05,0.040676753222190186,0.00044957423862874654,9.953644542781981e-08,0.0009334380343379116,0.8185504681681987,1.1582736704166572e-05,1.3649930427648483e-05,7.312628660037423e-05,0.002006947390376366,2.1201346402103885e-08,0.0006668410861007264,0.012485071889088062,0.0004982432372715265,1.8897319570871646e-05,0.0028622567719531573
23,0.0005837290688724307,0.0036519202361965696,0.0002493905214891507,9.407387798554772e-06,0.04123386587488783,0.041376485376106664,2.9721755603581354e-05,1.1725344774874192e-05,0.017862188548424744,2.0171406023940595e-05,0.024427504915971867,0.0002758511537637486,1.0583575471905428e-07,0.0007917726056301301,0.8551177430771733,8.469957443892348e-06,9.45647508301206e-06,3.5437241053159014e-05,0.0020518852909256285,1.4576188825646212e-08,0.0003797367990161622,0.008514204709624742,0.00033617133289773874,1.696849828858898e-05,0.0030060720110061507
24,0.0005434676469801825,0.00595240326024351,0.00033671014657169407,1.7509697911080237e-05,0.08311270642907254,0.06430096684459627,3.3497335279842296e-05,1.4438886107715916e-05,0.020603582526890908,3.610773267448283e-05,0.030210496918018883,0.000352613691263447,1.9181446487179399e-07,0.0015839314577230153,0.7758489320663312,9.332073982339033e-06,1.0074405842400744e-05,5.5604355305824386e-05,0.0025659134006714734,1.909945582249345e-08,0.0005258194423766496,0.010055755992382393,0.00040072529216005607,1.9606841142309056e-05,0.003409592642551168
25,0.0011492464719380078,0.004002438771221075,0.00048782997406346553,2.1175939986987742e-05,0.04817879217135306,0.03575710827937711,6.548247926032661e-05,2.9137266716352443e-05,0.01918327578487435,1.752047447565819e-05,0.07198478569490223,0.0007830843612767187,2.1000200297724852e-07,0.0011679063169302496,0.7985266122450733,9.292904641061568e-06,2.1437814317930654e-05,7.671979369854837e-05,0.003008922742365212,3.7355434506425275e-08,0.0006759976207349536,0.010876125939415723,0.0005485825181919504,3.002072311208511e-05,0.003398256354636199
26,5.753745236360826e-05,0.0010926687573472678,4.694914070989276e-05,4.175300343972735e-06,0.032544200315146266,0.09083941483719396,9.934589439638944e-06,2.616338617898648e-06,0.011065471056885198,1.461191628166162e-05,0.01179187306935528,8.69593318844581e-05,1.4679753426506226e-08,0.0012493720012284914,0.8422259008281773,1.3281262809034796e-05,6.267536052925852e-07,4.034245763380968e-06,0.003316519439424626,5.557966397714658e-09,0.0003600494648878177,0.00394587985600785,0.00018647497438718842,5.450500925039292e-07,0.001140883780327594
27,0.0003647323333104795,0.0022650900895734736,0.00013673424514866199,4.43910793743375e-06,0.020149602499938708,0.03199770739926549,1.761421471803203e-05,8.644140957898327e-06,0.01898723118203289,1.5744716474483316e-05,0.012145892043994732,0.00012990284064493302,4.3653093975439404e-08,0.0003670913610955206,0.9006466078776094,7.031797020125523e-06,5.741053355361284e-06,1.748573272066076e-05,0.0015984433343060793,1.0061252925109313e-08,0.0002479595380270933,0.008104664298050674,0.00019637508928183837,9.392095260673108e-06,0.0025758192949283014
28,0.0005837290688724307,0.0036519202361965696,0.0002493905214891507,9.407387798554772e-06,0.04123386587488783,0.041376485376106664,2.9721755603581354e-05,1.1725344774874192e-05,0.017862188548424744,2.0171406023940595e-05,0.024427504915971867,0.0002758511537637486,1.0583575471905428e-07,0.0007917726056301301,0.8551177430771733,8.469957443892348e-06,9.45647508301206e-06,3.5437241053159014e-05,0.0020518852909256285,1.4576188825646212e-08,0.0003797367990161622,0.008514204709624742,0.00033617133289773874,1.696849828858898e-05,0.0030060720110061507
29,0.0005837290688724307,0.0036519202361965696,0.0002493905214891507,9.407387798554772e-06,0.04123386587488783,0.041376485376106664,2.9721755603581354e-05,1.1725344774874192e-05,0.017862188548424744,2.0171406023940595e-05,0.024427504915971867,0.0002758511537637486,1.0583575471905428e-07,0.0007917726056301301,0.8551177430771733,8.469957443892348e-06,9.45647508301206e-06,3.5437241053159014e-05,0.0020518852909256285,1.4576188825646212e-08,0.0003797367990161622,0.008514204709624742,0.00033617133289773874,1.696849828858898e-05,0.0030060720110061507
30,0.0005837290688724307,0.0036519202361965696,0.0002493905214891507,9.407387798554772e-06,0.04123386587488783,0.041376485376106664,2.9721755603581354e-05,1.1725344774874192e-05,0.017862188548424744,2.0171406023940595e-05,0.024427504915971867,0.0002758511537637486,1.0583575471905428e-07,0.0007917726056301301,0.8551177430771733,8.469957443892348e-06,9.45647508301206e-06,3.5437241053159014e-05,0.0020518852909256285,1.4576188825646212e-08,0.0003797367990161622,0.008514204709624742,0.00033617133289773874,1.696849828858898e-05,0.0030060720110061507
31,0.0010924437615881255,0.008566156862395542,0.000721311446120937,2.337133554291997e-05,0.1099867119366385,0.03346220134317809,3.966625756219116e-05,3.636909158464492e-05,0.029493526932178108,4.8388002864175515e-05,0.02426570038992013,0.0005472496214952692,3.192185319644988e-07,0.0014347829874289957,0.7664464026812184,9.451661781891653e-06,2.594833478736364e-05,7.263368845272944e-05,0.003371478926607337,2.473855666981001e-08,0.0005874264562488094,0.013366101525876573,0.00036170923324601673,5.9422758733457994e-05,0.005981200807460976
32,0.0005209342775133285,0.003356372090968094,0.00022096406515625383,8.271091463299231e-06,0.03731519644391591,0.038051078729018514,2.6772605433066532e-05,1.1574101522159289e-05,0.018598418856445958,1.950064981471798e-05,0.021330657546254326,0.0002458288660157727,9.20809967687099e-08,0.0007170733862133795,0.8651670370556914,8.380950900183002e-06,8.67941378032603e-06,2.9436326352181862e-05,0.002261869506366452,1.3642901856105006e-08,0.0003656831062278386,0.00860584259882204,0.0002932929867532465,1.418800590405342e-05,0.0028228416155688506
33,0.0008063790222420403,0.008740410458203547,0.00015952424539680826,8.442986658480735e-06,0.09100113107816782,0.040404754289070935,2.0534664870943346e-05,1.4801692653969076e-05,0.005033923329479414,2.4593824722661152e-05,0.02302350909062163,0.0005651661063796158,2.354512802189331e-07,0.0015427009892144497,0.774924926503945,7.911780267193653e-06,3.589026814390444e-05,9.18654570148072e-05,0.002265404361056495,1.4745727329090932e-08,0.0004129336053607566,0.048732113442757005,0.0007440882682411655,2.7009015865877454e-05,0.001411735322657856
34,0.0004622769047045457,0.002434299279437291,0.00023749684165406086,4.9916696618861675e-06,0.019090809280760856,0.028920146681434722,2.889051874063382e-05,9.347341153033243e-06,0.044882887688506276,1.5338347655677858e-05,0.015024480917392353,0.00012221734740384388,6.604498856570496e-08,0.00041759206826232455,0.8777170745769336,7.096784180158943e-06,3.515791781667067e-06,1.285784150074545e-05,0.0026193157876739054,1.2054980517650937e-08,0.00021257395867698702,0.004733079289902968,0.00010813991278294325,9.412778368393313e-06,0.002926080291462083
35,0.0006528448750295762,0.0038881263249892504,0.00026565926124736067,1.0161651833850208e-05,0.041006935680721335,0.04111602863131305,3.1330924840696654e-05,1.3611467731784316e-05,0.020160581264792112,2.22512290671043e-05,0.024991275491110573,0.0002974801051567041,1.1194352963516575e-07,0.0007788553968857818,0.8510206452100547,8.483696453828853e-06,1.0543425826428703e-05,4.012681290805886e-05,0.0022349747353270196,1.5971669563257074e-08,0.00040524771535887095,0.00930700935083751,0.0003254737585166976,1.862836031285081e-05,0.0033935967144855667
36,0.0006666937974802202,0.0036262120670572666,0.00035870201207075127,9.182910753122383e-06,0.05059536464395425,0.01686899022216527,2.1048978201075624e-05,1.9439810072812728e-05,0.020898319285597138,2.0447922945298206e-05,0.012630226214136437,0.0004772774141630343,1.3832184650508822e-07,0.0007966067202690263,0.8728589003004126,7.706811681883665e-06,1.9826741543297622e-05,2.132824965669646e-05,0.0032139762606440236,1.3015237233509982e-08,0.00035953108788912047,0.011935483583961992,0.00023606740845486348,2.0625200375472416e-05,0.004337891019430597
37,0.003743870203007905,0.0066738472404952245,0.0006338956684704255,1.5372632671941615e-05,0.052747078735850134,0.04388532353630291,8.308450563216131e-05,1.5389329288487344e-05,0.01258643022518304,1.6902820311550954e-05,0.05402395899021818,0.001125195637935306,2.900121974188461e-07,0.0020075823648715053,0.7984509899843399,1.2668171687320024e-05,2.5219359341035457e-05,0.000139381100706501,0.0023682732182438463,2.525704770999924e-08,0.0005293190331211914,0.014976933299425309,0.0006879066993966194,5.210233666337701e-05,0.0051989596375909925
38,0.0005863017425249347,0.0013357405414013343,7.900446085182716e-05,3.0439230741543326e-06,0.010653586627988442,0.07169895730694681,4.075371648661255e-05,3.0429759409419014e-06,0.006751044781210092,8.394027926200394e-06,0.02458505804371222,0.00014916117253687514,3.39215711037455e-08,0.000496580304285959,0.8751269723924534,1.664183035904832e-05,2.76205365711791e-06,2.500523397583948e-05,0.0011195406607257153,1.0675388808560652e-08,0.00025340038264337947,0.00524322994828018,0.0005094133471223758,5.718801119869269e-06,0.0013066011278168707
39,0.0005646181569699285,0.0030490604907813705,0.0002443632291034338,1.0030094089915211e-05,0.042899219335264624,0.045758649720956994,2.847433147147973e-05,1.3367293626270878e-05,0.01804882012767769,2.2154828500801606e-05,0.024164118621835606,0.00030251549400703737,8.937482073107645e-08,0.0007759100586513206,0.8492651176633569,1.0560625745232789e-05,9.407222103352008e-06,3.557570806334489e-05,0.0023183051116928252,1.572578393668006e-08,0.000470965589312658,0.008500832700323601,0.00035979847599487496,1.5307968078986733e-05,0.0031327220517870175
40,0.0010538496744677674,0.003707571811477638,0.0002011615394466853,4.504482287647052e-06,0.025659597169076606,0.040203106605515716,3.28662319786687e-05,8.274841928485478e-06,0.011612691918205714,1.2659022775640986e-05,0.025678374512629536,0.0003833123286660443,6.223240934497344e-08,0.0009523274924633764,0.8640965526139303,9.067243834425115e-06,8.79714643545396e-06,4.606045602704435e-05,0.002179734826060453,1.2197004570873175e-08,0.00039502205655566605,0.021019498523483674,0.0002948996839504365,1.1853277013520952e-05,0.00242814211237552
41,0.00042123212799631044,0.0033588983314694404,0.00025304600952253845,8.015158663985193e-06,0.042534440550394126,0.039205877005362204,2.4144111037771647e-05,1.012040916796488e-05,0.021625883552795874,2.0344676269404046e-05,0.01878028365915889,0.00019371711672127047,9.325884878701694e-08,0.0006909669468250308,0.860953638902942,7.700896580982084e-06,6.77510883872484e-06,2.3667058848674115e-05,0.0018872051553165826,1.2101593198997673e-08,0.00031484232722212637,0.006672806722325305,0.00024668867617612096,1.4807697044965842e-05,0.0027447924388777287
42,0.00025205235889273634,0.0013669015841400313,6.65835369405547e-05,2.4345286183442244e-06,0.014331904431581586,0.015316724202320357,1.0210315609525707e-05,1.1624774441052595e-05,0.009741268635728816,1.195055289159189e-05,0.007886019453733902,0.00012651954622793464,1.784347336353207e-08,0.00020761360194598624,0.9338549987762328,8.510683514628353e-06,8.56484926966253e-06,8.987784012538092e-06,0.0026166254631647674,6.9976702487696325e-09,0.00034906648987969316,0.012273391539795668,0.00017214945823225772,5.319168560776368e-06,0.00137055342312127
43,0.0008244722498465561,0.004277469195809417,0.00035662016996088335,1.075146282170716e-05,0.04136670773208042,0.03678700928520678,4.052747923427797e-05,1.1468543722662769e-05,0.01878568016558584,1.6424416940555222e-05,0.03154522696665556,0.00035585123778610647,1.5332315472672645e-07,0.0009858911945249973,0.8506977073526287,7.6128746079318306e-06,1.0508654419742124e-05,4.0874256329144686e-05,0.0019376855645900932,1.6752531552479408e-08,0.00033054094502215194,0.007757679414135766,0.0003530765933114905,2.226954614803484e-05,0.0034777746229448466
44,0.0005837290688724307,0.0036519202361965696,0.0002493905214891507,9.407387798554772e-06,0.04123386587488783,0.041376485376106664,2.9721755603581354e-05,1.1725344774874192e-05,0.017862188548424744,2.0171406023940595e-05,0.024427504915971867,0.0002758511537637486,1.0583575471905428e-07,0.0007917726056301301,0.8551177430771733,8.469957443892348e-06,9.45647508301206e-06,3.5437241053159014e-05,0.0020518852909256285,1.4576188825646212e-08,0.0003797367990161622,0.008514204709624742,0.00033617133289773874,1.696849828858898e-05,0.0030060720110061507
45,0.0006017275890935152,0.0037491961646644346,0.00025023652428614204,9.737264653001325e-06,0.04180521442275805,0.0429245791680894,2.987467339956259e-05,1.1742707990657349e-05,0.01768191430590456,2.056783259992439e-05,0.02523467233589075,0.00028532609469261033,1.0590901080741466e-07,0.0008176819796493926,0.8518836233858268,8.495465247726194e-06,9.694506946061151e-06,3.809068755970946e-05,0.002051592924619176,1.4719680139609295e-08,0.0003977492826579548,0.008706025024626578,0.0003458439422554637,1.711272931645703e-05,0.0031191803585811973
46,0.0007768719736422164,0.00404915736386949,0.00026181449253734476,1.0478776706118342e-05,0.04291151683232784,0.028202094309994232,2.7230506978314322e-05,1.7116927678347196e-05,0.014649678357858548,1.9896828284110164e-05,0.02415099103254942,0.0003806361077316944,1.2619934842085774e-07,0.00066870490662553,0.8660001442979112,7.617515894304524e-06,2.0398648952809815e-05,4.4978448505384296e-05,0.0020876006523889326,1.556773928106054e-08,0.00043712675433668364,0.011484836113887604,0.0003935813447322388,2.6619037310315126e-05,0.003370767002209531
47,0.0028005211015959637,0.0037225374694564743,0.00021916300787005774,5.595901853950796e-06,0.018580100252810382,0.032494950956562026,4.221888383686395e-05,1.4056531710316219e-05,0.008714578499550487,1.5163091736245521e-05,0.02828860317328147,0.000980258967765567,9.62860079486313e-08,0.0006302960625130026,0.8679745037836305,1.3811114740876194e-05,2.8508357081924127e-05,9.446930107629376e-05,0.002147574311563911,2.0772035597481037e-08,0.000520357247928383,0.028359004068533263,0.0004560997838220033,2.5047103384438115e-05,0.0038724639696522197
48,0.0005841882942545347,0.004612058236180612,0.00016171222670396064,7.470082397887575e-06,0.0341690068024842,0.020182156741854772,2.556163415754298e-05,1.67357726067456e-05,0.012565918665593027,2.241023949354438e-05,0.01437009445591202,0.0002298160575005879,1.1083438623493033e-07,0.000589937257680453,0.8928497275827613,7.788073208226488e-06,1.790997340981776e-05,2.6972161925645857e-05,0.002883553647085179,1.229747793302311e-08,0.00033736765665464975,0.013449307982009334,0.0003223441005705499,2.0118866376927075e-05,0.0025477203573141148
49,0.0005983405174513893,0.0033341185840704115,0.00029585181728939927,9.613005783262203e-06,0.052251901681649914,0.06446847548693059,2.7386115895010506e-05,1.1761561862953724e-05,0.017215039705472175,2.0823155298696114e-05,0.03232441799999757,0.0004984498727114318,1.2090362781673241e-07,0.0010490126398532242,0.8086346782320473,1.0011274915458528e-05,1.0470781089438442e-05,5.232488390994812e-05,0.0019412328779280785,2.0450166204289105e-08,0.000458935526397141,0.013822945390548617,0.0003997170909268117,1.4109225451316112e-05,0.002550241218725813
50,0.0004961800457961676,0.0041142706771531935,0.0002465788152020167,9.356921209282037e-06,0.040982648283131765,0.05347033676385633,5.327310287171193e-05,1.3239140079829373e-05,0.032947785859551694,4.758779113189099e-05,0.012056447659258576,0.00014172457266442201,1.0655198797292391e-07,0.001262112322532662,0.8362005735082457,1.8395667908950897e-05,3.894944214036016e-06,1.8312967340270332e-05,0.004820443896995473,1.6154910016862533e-08,0.00031722628668582643,0.009278648248924557,0.00023150550836708743,1.060067200825191e-05,0.003258733637972381
51,0.0009006552982230362,0.007331140762598015,0.00041840929896554515,2.3843429531014898e-05,0.06349005384093813,0.0741827275261813,6.524224794513061e-05,2.2966585039670693e-05,0.024967608947276784,4.071968351999721e-05,0.0632700083237764,0.0005790306403724732,2.1494323470207975e-07,0.0018545078697540165,0.7363001197919059,7.261331752535784e-06,1.3904780013812439e-05,0.00015733172440760218,0.002652852672698073,2.9437979385629036e-08,0.0009156861865781078,0.018663867535552256,0.00044447556876389736,2.6830681290640072e-05,0.0036705108917015295
52,0.0006802170707043497,0.0031914744670516987,0.00018923954809289497,8.855438553653095e-06,0.028320388862085124,0.135674527092904,4.3938622949286324e-05,6.895784302048565e-06,0.017042645127945302,2.117313722232348e-05,0.0477023886630657,0.00024883463442691744,1.0755544155408397e-07,0.0008068125348682115,0.752495092717838,1.053368790923019e-05,5.431038276642128e-06,9.910059578745031e-05,0.0010811608544224816,2.379073317100293e-08,0.00037931045004926744,0.009372982210363177,0.0005118468778351888,1.442664302168548e-05,0.0020925925941505394
53,0.0004973903536346075,0.001407617464790114,0.0001171465138962394,4.227079773288977e-06,0.006788087655936237,0.042289413222678554,6.317497618994691e-05,4.029936716699278e-06,0.012034899538907485,7.4882210106304275e-06,0.029158214581057888,8.842358535832849e-05,4.680939024569243e-08,0.0003274108977462011,0.901196607479393,9.615088374580693e-06,2.8687067955474056e-06,2.0840620493840252e-05,0.0007685850124336129,1.4715861719757159e-08,0.0001616115115348191,0.0028923349757190575,0.0004029449153659448,1.0000819160525282e-05,0.001747005317780735
54,0.0006437397171536511,0.003467319474525649,0.0002225162439300585,7.04428205191142e-06,0.025995265857217856,0.041604164087770866,3.743635558574679e-05,7.2419485772055575e-06,0.017227437869734668,1.939227088505243e-05,0.016210058589404417,0.000217868307403848,8.745463326428803e-08,0.0009256206339772552,0.88031258349177,1.1020823094813178e-05,5.3576336732050716e-06,2.352055568338685e-05,0.0019069034197390106,1.281240303033743e-08,0.00028247580815310116,0.006951924377797228,0.0002815528917956484,1.1705527701247385e-05,0.003627749565337712
55,0.00025221516852672537,0.0022578490964694988,9.980942142217139e-05,5.594373394855257e-06,0.0388414098674872,0.03674384523298139,1.6610213274197756e-05,7.619201547490093e-06,0.007462054408110631,1.6343155141861173e-05,0.014244949349970792,0.00012220716737433926,4.137789192312985e-08,0.0006095814627387029,0.8878904585549942,9.915408209572736e-06,6.487743017961127e-06,1.640041989492865e-05,0.0017411674981390633,7.0489550625907375e-09,0.00037105929709339267,0.007389460301333808,0.0004298253738745234,8.96029255527284e-06,0.001456128565600414
56,0.0006055023661971255,0.004078447061636643,0.0002779025634206164,9.947174373741356e-06,0.04310001962764692,0.04144650257834509,3.1873409862272686e-05,1.2349431330844661e-05,0.01958871657589652,2.1269959468669963e-05,0.02562473588981433,0.0002841416652831197,1.3209736509115985e-07,0.0008282109141137041,0.8495725433397917,8.269367684162878e-06,1.0052476218037534e-05,3.786141858138941e-05,0.0020619108347481947,1.6471194318018604e-08,0.0003642127488978359,0.008717525381247157,0.00032873131695147507,1.915168417143959e-05,0.002969973645759501
57,0.00045163979067951724,0.0038027325131178517,0.0004295264880725017,1.1368529890977907e-05,0.08932179494290288,0.026259896424972135,1.5212483757853098e-05,2.9033215328254167e-05,0.029515504004361356,3.60329354276263e-05,0.014884163017073614,0.0006380861721773842,1.4449628588478735e-07,0.0009147705986525929,0.8067744966352919,9.804933547354497e-06,2.1434210126464885e-05,2.5902463532013395e-05,0.0047243471798702865,1.80795447415968e-08,0.0006068151177580499,0.01769552674572057,0.00019894756765801415,1.6485658626523958e-05,0.0036163157956235264
58,0.0006452475793679294,0.004108393322234143,0.0002810690311072139,9.847407845053811e-06,0.043425976072796045,0.03548173488416653,3.113210269057776e-05,1.3481672484167958e-05,0.017305787523460923,2.1080210721020793e-05,0.024464551079789645,0.0002899010880287851,1.2682986117507422e-07,0.000740783298171606,0.8583515220215102,7.98564552867046e-06,1.2573453378223718e-05,3.992526616733979e-05,0.0019072456555749855,1.5157858470804156e-08,0.00038030141800634865,0.009015827861836287,0.00035776471612010294,2.3938967316582534e-05,0.00308378773397801
59,0.0007084260000226691,0.004167606824173586,0.00035695183139018206,1.0800980210156068e-05,0.047259444190664975,0.03448120256907263,3.337865867532955e-05,1.4498981447783792e-05,0.018332861509863272,2.096528157159034e-05,0.026030551618063443,0.00032129965690486193,1.4276054357880853e-07,0.000766261694769147,0.8530506406860152,8.111879611689038e-06,1.370545568222555e-05,4.372906613129451e-05,0.0017677871282550353,1.65952503735776e-08,0.000391253527436587,0.008483631208959971,0.0003642221077176476,2.972359495739364e-05,0.0033427861926092865
60,0.0005837290688724307,0.0036519202361965696,0.0002493905214891507,9.407387798554772e-06,0.04123386587488783,0.041376485376106664,2.9721755603581354e-05,1.1725344774874192e-05,0.017862188548424744,2.0171406023940595e-05,0.024427504915971867,0.0002758511537637486,1.0583575471905428e-07,0.0007917726056301301,0.8551177430771733,8.469957443892348e-06,9.45647508301206e-06,3.5437241053159014e-05,0.0020518852909256285,1.4576188825646212e-08,0.0003797367990161622,0.008514204709624742,0.00033617133289773874,1.696849828858898e-05,0.0030060720110061507
61,0.0006607231860932384,0.004163481600996199,0.00036123526916172455,1.0453659102866975e-05,0.04824478495543386,0.035287434429372204,3.1527864825354814e-05,1.347697370183404e-05,0.01921154984211087,1.987631834500043e-05,0.026802752631770937,0.00033300371930205993,1.3837524754386102e-07,0.0008208793567350626,0.8495881020332822,7.806735756407127e-06,1.233800853525463e-05,3.983244766957578e-05,0.0018893623135944556,1.6306827411918276e-08,0.0003859251074758165,0.00847601943626626,0.00032954010160182024,2.4850484616403197e-05,0.003284888842175654
62,0.0005837290688724307,0.0036519202361965696,0.0002493905214891507,9.407387798554772e-06,0.04123386587488783,0.041376485376106664,2.9721755603581354e-05,1.1725344774874192e-05,0.017862188548424744,2.0171406023940595e-05,0.024427504915971867,0.0002758511537637486,1.0583575471905428e-07,0.0007917726056301301,0.8551177430771733,8.469957443892348e-06,9.45647508301206e-06,3.5437241053159014e-05,0.0020518852909256285,1.4576188825646212e-08,0.0003797367990161622,0.008514204709624742,0.00033617133289773874,1.696849828858898e-05,0.0030060720110061507
63,0.000590227235951414,0.004078442563195041,0.00024269882482891373,8.619562701857162e-06,0.03694000210523025,0.03773258331312822,2.949283857975799e-05,1.1116446431254264e-05,0.018098074117547047,1.9095150184080984e-05,0.02417845801695014,0.00024997429107699966,1.1208399298055273e-07,0.0007221747806444596,0.8629809251178359,7.365929331859513e-06,9.656024218158392e-06,3.527232835294439e-05,0.0019053747845089964,1.4468092232629156e-08,0.0003402909451347863,0.00857142945965712,0.0003041100779270957,1.8018439028003912e-05,0.0029264710954704583
64,0.0005321084006111117,0.0031978584839702407,0.0002142192425885639,9.47409328977702e-06,0.04003449637229218,0.038972000197196745,2.590563775794403e-05,1.2892804163531065e-05,0.015282080801724877,2.0358779568770178e-05,0.025194635160488768,0.00028385917359768524,7.587233766979186e-08,0.0007055552894110451,0.8609380347020292,8.86439296024362e-06,1.0217407636855312e-05,3.6759935999275975e-05,0.0021883712378022637,1.3138258321318434e-08,0.0005555751334259213,0.008419942984925322,0.0003423982386668507,1.5639039589194303e-05,0.002998663479707555
65,0.0005804764340230792,0.00330048225448619,0.0002519075021287874,1.2351061653915237e-05,0.06033127997062042,0.0702546726980053,2.82950195779069e-05,1.165706121069059e-05,0.014947762809223783,2.5703552293788866e-05,0.029002449443873708,0.0004085227981205131,1.0103452039703147e-07,0.0012130206590346404,0.8029327605735809,1.2482835915522269e-05,9.265618874380835e-06,5.072699349943384e-05,0.0023114186608866683,1.6578181747314712e-08,0.0005885560468454151,0.010093459036236074,0.0004770138647639802,1.3622885570216338e-05,0.003141994606872458
66,0.0004321528684446698,0.003000119128151553,0.000667644334971011,2.1563740044440242e-05,0.0826172897733958,0.1824681714560029,7.268506403011663e-05,2.9109081151353285e-05,0.15827396098600496,0.00016521929503008283,0.016780251872447395,0.00042621680137382997,3.467301850134279e-07,0.002225895083896595,0.5242532082680272,6.798443766746022e-05,2.379402494653025e-06,1.9947387200884017e-05,0.015328280656765414,9.402381310261441e-08,0.0004247698689358427,0.009053670494187892,0.00013938450567477445,5.336081812745515e-06,0.0035243186582902468
67,0.0005359318350558278,0.002375821436336189,0.00021601115028876535,8.148866208040722e-06,0.0327886375994631,0.06090760565293124,3.174704101613947e-05,5.931067830884562e-06,0.010481667957491557,1.3389730524835616e-05,0.025959727134134646,0.00029316418777799313,8.49611218564005e-08,0.0010393699383667832,0.8541637584526411,1.2116459508253537e-05,6.2711267689205026e-06,3.408232366861993e-05,0.0013013528611423067,1.504290767436564e-08,0.00034431251726431986,0.006228755370293105,0.0005505897097151047,1.1118088848729183e-05,0.0026903894886936273
68,0.0012435196326189496,0.0024129478647755345,0.00011663152721681915,9.633317289726266e-06,0.01633893452509375,0.10821306393198409,3.557953220504651e-05,6.687814930281025e-06,0.005654739708901924,1.1236930410973821e-05,0.08210384305331524,0.00052147442112323,5.361844101900411e-08,0.0004988015959427054,0.7660844471120843,8.993998844580745e-06,1.5204287090038348e-05,0.000231202052651965,0.0006414958120960348,2.1850934464626798e-08,0.0007356912795796172,0.010694821387922606,0.0011234468241068983,1.8299194476201e-05,0.003279228725964074
69,0.0007052474086609037,0.0037877537504174123,0.0005187323933186305,1.8734987011628506e-05,0.03531155607808251,0.02290368179936314,3.723132444681673e-05,2.6255469314938188e-05,0.03179446738257618,3.3256298527195336e-05,0.01990531563696801,0.00026646961587370644,1.4805673999760705e-07,0.0004475583531715369,0.8690423039546479,9.902434829559649e-06,1.812109763237927e-05,3.898815544965686e-05,0.0020471251658900477,2.617716132225441e-08,0.0005105631562995655,0.004039577139869584,0.0002686944838640655,4.817367376474336e-05,0.00822011600611866
70,0.0012636744925592,0.003061754822814659,0.0009622693191217318,1.803271863807777e-05,0.07455910153457504,0.14751656594842052,6.406874155324552e-05,5.13626656680024e-06,0.017387063395827164,2.2122793515021892e-05,0.03955282607264452,0.0010574167782001873,1.6896859157394493e-07,0.0059409035558716135,0.6909332642924525,2.620318031968047e-05,4.709748626907799e-06,7.115908313105896e-05,0.0014564303932179414,2.7126905911648907e-08,0.0006342072783500284,0.00825822400178478,0.0006163553489724375,1.2357387496497899e-05,0.0065759567498430435
71,0.002932364606694277,0.0015176179951693354,0.0001871986677907989,9.157884317332556e-06,0.006797499716680465,0.026704651437826694,0.00013735722344048858,1.5917828272115994e-05,0.006288322408474899,5.665138475146726e-06,0.07275675566874795,0.0006377332544262531,9.133974817691245e-08,0.00044389748367735274,0.8675485764861748,1.520872050779427e-05,2.2949300862464577e-05,0.00012022919159194733,0.0013872013975208166,4.0099910480144537e-08,0.0005242996629347838,0.00787955594194902,0.0012422640998068744,3.309855478552623e-05,0.0027923458902143054
72,0.0008569188487481728,0.005370280719914894,0.00014622710369478677,1.3040936911472755e-05,0.03713360941170092,0.03188204050696413,4.653172212454076e-05,2.9246876100911515e-05,0.009783775357140331,3.086643675486423e-05,0.04286867626508294,0.0003294227611978404,1.3770493480351414e-07,0.0004963018988209124,0.8482936745982534,9.040037420913827e-06,3.2974744567563474e-05,0.00010428640372549368,0.002863341829591918,2.0684937873710557e-08,0.0007896696381257214,0.016133906701553364,0.0006337521387733707,4.2544545720060075e-05,0.0021097121272389816
