,0,1,2,3,4,5,6,7,8,9,10,11,12,13,14,15,16,17,18,19,20,21,22,23,24
0,0.0009462935087234737,0.08906966274716059,3.8743066383911556e-05,0.00019783070855455161,0.36086395008775457,0.010291256615896773,0.005673530858561512,2.078223684978555e-06,0.4502473418275495,0.0006567716491258272,0.0025087121974965943,3.862136906013586e-06,5.34858264135043e-06,0.006652747364545063,0.04909550398831034,0.0008483110321203961,2.565984514887082e-05,1.9242486130843837e-06,0.0006810937952179957,8.252744097105858e-07,0.00021279309536904043,0.000142261563305838,0.0018490684609817388,5.088638663948203e-05,0.019933542734898727
1,0.0007970468238139689,0.06220964453724198,2.671628137767186e-05,0.00014357995420019053,0.2877064092985743,0.007894877914087137,0.003945638391194875,1.885855552065778e-06,0.5882276844374523,0.0007301782289474655,0.0014946170772522718,1.8923897476755275e-06,3.943608258885526e-06,0.0034189517178563073,0.029692214537489967,0.0010097518036614522,1.729855490819373e-05,1.0423217350592086e-06,0.0006174092495156023,6.31943787228533e-07,0.00010322002475608395,8.474000946907413e-05,0.0010853263394976919,4.340947042333089e-05,0.010741889229199294
2,0.0008956739440350049,0.07516945527260745,3.604722984241821e-05,0.00017567588341267854,0.34808646857179765,0.00917453408060709,0.005807139007463898,2.138749831300467e-06,0.47730600452878486,0.0007027053644775091,0.002091556989904598,3.0623598873063133e-06,4.607957954109473e-06,0.0062451415954234485,0.048851408462541865,0.0007764394195897158,2.1327390005407273e-05,1.7585613263983275e-06,0.0006936847650374783,9.79538019283435e-07,0.0001929365192136889,0.0001487819398560116,0.0018630702766385553,5.122669219558453e-05,0.021698174899546546
3,0.0009589842824399187,0.08829107056715613,3.954855026569721e-05,0.00019835799180620834,0.35674356714258737,0.010865509059033107,0.005862991101518192,2.176670594577746e-06,0.45344012734148276,0.0006883665476489708,0.002482626196400932,3.8883978592327594e-06,5.504298302033314e-06,0.006622429295154275,0.049912322098155486,0.000888868672099127,2.5874600856177472e-05,1.9400953291326235e-06,0.0007241703375258887,8.926915985949565e-07,0.0002188633561692957,0.00014538507229680008,0.0018861902933645068,5.184136581182236e-05,0.01993850397454384
4,0.0009060041877228571,0.10724498956692984,3.9377488106928715e-05,0.00019640615881194516,0.3863838250981956,0.010724990317900666,0.005563821480785144,2.032313487245948e-06,0.41297733140706994,0.0005908313234233081,0.00296504009571055,5.456334360022962e-06,7.649833721555937e-06,0.007516722425361169,0.04227193308125125,0.0008607055216851166,2.8647811650504584e-05,2.1490325638074483e-06,0.0007534143688993602,8.274869633483142e-07,0.0002213145949230085,0.00014259011536925696,0.0018436119895512077,4.3877366050685064e-05,0.01870645059950563
5,0.0012730069745951604,0.06554855470362092,4.2188523181567395e-05,0.00028713625521425995,0.3318463451492625,0.010154186023858683,0.006145587388083947,2.355007095466415e-06,0.49942925188745974,0.0009491200872833875,0.0024956728339583225,4.446011323799329e-06,5.285854649140669e-06,0.008684145270003843,0.04111108030740479,0.0010739974709744584,3.2996959693629125e-05,4.017072361017374e-06,0.0005357997127617176,1.3561188693240193e-06,0.00023973573623590035,0.00015091468953884403,0.0023651050201053433,8.386094457076973e-05,0.02753385399789344
6,0.0009589842824399187,0.08829107056715613,3.954855026569721e-05,0.00019835799180620834,0.35674356714258737,0.010865509059033107,0.005862991101518192,2.176670594577746e-06,0.45344012734148276,0.0006883665476489708,0.002482626196400932,3.8883978592327594e-06,5.504298302033314e-06,0.006622429295154275,0.049912322098155486,0.000888868672099127,2.5874600856177472e-05,1.9400953291326235e-06,0.0007241703375258887,8.926915985949565e-07,0.0002188633561692957,0.00014538507229680008,0.0018861902933645068,5.184136581182236e-05,0.01993850397454384
7,0.0011633011387857405,0.1671212867525465,8.585513037074654e-05,0.00018718141140186095,0.4262518095585599,0.011502498940801773,0.005462026907598216,2.98489994322727e-06,0.3168856936772787,0.00044059403203970817,0.004367363868113133,5.329276380737044e-06,1.5150692142627946e-05,0.0046158406254244826,0.05062565286472161,0.000688760546363384,2.4186255802679496e-05,1.4305777588831937e-06,0.0011928864117420027,6.271815633287485e-07,0.0002052078190354787,0.00013826251910390295,0.001005107062178183,4.5117494525112383e-05,0.007965844355818128
8,0.0007731202509863169,0.03591891005559907,3.1900886566925894e-05,0.00020642529180360126,0.27657896931600556,0.003929324115029473,0.004080237405853638,8.975142826553951e-07,0.5676946154291983,0.000976904058010678,0.0018225117619558961,8.317076293438912e-07,1.2916147651642815e-06,0.007416202876931847,0.061729910906379325,0.0003703532571010611,1.1153944162396523e-05,1.4966034370257895e-06,0.00020096604193568993,6.852073180901341e-07,0.00012702763007935316,0.00012720233063341104,0.0015297300930324175,0.00018376190019267686,0.03628556980111018
9,0.0009402388704247245,0.04033418160673483,6.258444655995425e-05,0.0003407532344748435,0.3015500390443237,0.009335772140387612,0.003555171073701095,2.0883804121768536e-06,0.555204077334783,0.001275445976308318,0.0026014749038323053,1.6337204792319833e-06,3.5029655199253476e-06,0.008173771404277339,0.05592700112851026,0.0008392296426444765,2.4022288798062187e-05,1.803361142387788e-06,0.0004442052515415433,1.3614940872391598e-06,0.00019727205977590272,0.00015991833178369012,0.0021031919312282476,0.00017578736861018939,0.01674547203965899
10,0.0009589842824399187,0.08829107056715613,3.954855026569721e-05,0.00019835799180620834,0.35674356714258737,0.010865509059033107,0.005862991101518192,2.176670594577746e-06,0.45344012734148276,0.0006883665476489708,0.002482626196400932,3.8883978592327594e-06,5.504298302033314e-06,0.006622429295154275,0.049912322098155486,0.000888868672099127,2.5874600856177472e-05,1.9400953291326235e-06,0.0007241703375258887,8.926915985949565e-07,0.0002188633561692957,0.00014538507229680008,0.0018861902933645068,5.184136581182236e-05,0.01993850397454384
11,0.0009415870141933799,0.09745573650078052,4.073709885271456e-05,0.00020253801460088077,0.3611717342353933,0.011634891868066726,0.005878870993355481,2.351130960800287e-06,0.4437128610494163,0.0006404775797193357,0.0026129201549436147,4.58791097575628e-06,6.807009403161792e-06,0.006606181885519192,0.046986161443621124,0.0009487503328731,2.8410299229983115e-05,1.976759546400419e-06,0.0007798592070550862,8.883185136112944e-07,0.00021632824646184007,0.0001431913017692271,0.0018700345416488601,4.7433607996844885e-05,0.01806468349510272
12,0.0003038621972679047,0.06101580793975867,1.2065969231518822e-05,7.38651669635412e-05,0.750076993330175,0.0038883004139486105,0.00212578488526724,1.6459194672926825e-07,0.11400997437360195,0.00011227550575466055,0.0008752163359277048,4.674050703326821e-06,2.0256021857549786e-06,0.011610637740289585,0.007191597343441945,0.00016653109139278094,5.5371449693106e-06,3.76426928464327e-06,0.00012395111373254377,5.735165603071341e-07,9.444306482582543e-05,1.725879774225663e-05,0.0014506671547396999,8.435474324924613e-06,0.046825592925963486
13,0.0009356513604555872,0.09515783026708176,4.009516103098005e-05,0.00020953182642915108,0.38803009525069704,0.010465374738253142,0.0054623023229110595,1.9841729001677637e-06,0.4117738382666135,0.0005897838492571163,0.003378037755310916,4.404091995218894e-06,6.3465507222899175e-06,0.007145722657508082,0.05470680268183995,0.0008580621616379304,2.6268409964495284e-05,1.8706277239959426e-06,0.0007311462370699812,7.754201051590194e-07,0.00023416919681776486,0.0001392385523478323,0.0020337678670843034,5.320962573794044e-05,0.018013690948504545
14,0.000942940167471616,0.1562989576250377,3.873206284941578e-05,0.00014314000564756273,0.45388877777998077,0.014875737770718179,0.005896509781266052,1.697981681152673e-06,0.29457696667329325,0.0004992081129373957,0.0033292592505810414,7.328193026569739e-06,9.359794265352185e-06,0.0066835264284564435,0.04348233244060078,0.0009742439897546674,2.3777124846593864e-05,1.8282516613247476e-06,0.0012179837852042408,7.189888209709328e-07,0.00025630345577429644,0.00011322535205679039,0.0015055038843635826,2.9040749980489255e-05,0.015202900349723618
15,0.0009589842824399187,0.08829107056715613,3.954855026569721e-05,0.00019835799180620834,0.35674356714258737,0.010865509059033107,0.005862991101518192,2.176670594577746e-06,0.45344012734148276,0.0006883665476489708,0.002482626196400932,3.8883978592327594e-06,5.504298302033314e-06,0.006622429295154275,0.049912322098155486,0.000888868672099127,2.5874600856177472e-05,1.9400953291326235e-06,0.0007241703375258887,8.926915985949565e-07,0.0002188633561692957,0.00014538507229680008,0.0018861902933645068,5.184136581182236e-05,0.01993850397454384
16,0.0017215925761976127,0.09808759719664897,4.74930757818305e-05,0.00036289172961615293,0.39850096824063264,0.013052777339752289,0.010535966051145065,2.5725173598038113e-06,0.34692493439697947,0.0018873070532443457,0.003534379029059656,1.3066131900313298e-05,6.865971397965748e-06,0.016402162034066733,0.047615689797810584,0.0015258068017634746,4.993667873766691e-05,1.021412186654583e-05,0.0008114655965796475,1.966584254717204e-06,0.0009116451389969936,0.0002730026256573961,0.0028539740358565512,7.051352097820678e-05,0.05479521175371549
17,0.0015548519047629843,0.13049919486131956,3.600951102390444e-05,0.00021397806773062233,0.4122660437305802,0.008149939877931623,0.007396626887413029,2.859786349585683e-06,0.3376292395016005,0.0005769745796365369,0.0029892679754606705,1.908405298821918e-05,1.2120525951095228e-05,0.015304638516220732,0.024870972543437782,0.0008315372403208576,5.3741051171386335e-05,9.396153155309062e-06,0.0008894733919548451,1.5209304356409252e-06,0.0004171278546798758,0.0002476919184511445,0.0035341404554677627,3.075826244290424e-05,0.05246281041951333
18,0.0015717728209378096,0.11309115654365563,1.962680819371963e-05,0.000123182798574873,0.1882979554329983,0.008116755119020398,0.008110394376209312,2.0468679859826015e-06,0.5495955652317489,0.0009386124930052137,0.0017878423851811838,1.0145923791200511e-05,6.246027042728305e-06,0.01261564371935355,0.024237698810440998,0.0007159212555561506,6.385172022062418e-05,7.710585381734426e-06,0.0006597755621789094,1.338332843196224e-06,0.00023613839173978435,0.0003130022464792091,0.002811810169746434,3.821318767809315e-05,0.08662759319003599
19,0.0007366773132465628,0.09360638645341714,4.5715310350742655e-05,0.000190050408054242,0.45057158524254326,0.00859168074778832,0.005968575105125923,2.7334806910209375e-06,0.3732609646314837,0.00047637690265417957,0.002187669992947739,5.118041843041172e-06,7.48874792655501e-06,0.005901311904062692,0.041304228861190076,0.0007655664925587075,2.0946907694237192e-05,1.7864458992110149e-06,0.000785430810245171,8.673303618280821e-07,0.00019641004794879836,0.00015120851307606835,0.001345735464668289,3.254269117642971e-05,0.013842942153045927
20,0.0007022617713952928,0.07623057582343344,5.022897003012885e-05,0.00022194145116703686,0.32562433575456695,0.010217766495639477,0.009022306856886998,3.61745607019375e-06,0.38684853311066547,0.0006445461356011069,0.003257154664630302,2.4170753714136966e-06,4.6353546644143325e-06,0.005297843111093688,0.15946061632564193,0.0006809050857889086,2.0005238702068093e-05,8.801900992776141e-07,0.0009955606272050255,8.878112215834095e-07,0.00035634833107231153,0.00026657922437717203,0.0023464894223399336,6.4209042601779e-05,0.01767935466973394
21,0.0012640164098809263,0.10025547833783686,3.6271141361424017e-05,0.0002048491349441043,0.48298700754158247,0.008175477298113992,0.004012558181452283,1.366850015655607e-06,0.33649110568011054,0.0009005216770844631,0.003144270822280196,7.0682042847379e-06,5.985751431524991e-06,0.009190774307881344,0.026967152228171674,0.0008938214222785319,2.361483948152449e-05,3.7057503569435753e-06,0.0006958103262016316,9.308547147355148e-07,0.0003396684310310243,0.00011173003192077234,0.0015827282116365562,4.915059497630574e-05,0.022654935970969563
22,0.0014795132109106726,0.08637237027522582,6.627625411905494e-05,0.00038390625513354303,0.3520688589650008,0.014824702890713201,0.005400979834000692,2.605746299113607e-06,0.4370625165862745,0.001357014737687578,0.004647507551791051,6.665525452808705e-06,6.881220490273003e-06,0.010743791413160534,0.05971425985673085,0.001419472182390107,5.3906700649535605e-05,4.009005672836055e-06,0.0007569147672592873,1.2662079251667805e-06,0.0004419838600007832,0.0002221873136427844,0.002380761085529987,0.00010671722009925173,0.020474931333839867
23,0.0009589842824399187,0.08829107056715613,3.954855026569721e-05,0.00019835799180620834,0.35674356714258737,0.010865509059033107,0.005862991101518192,2.176670594577746e-06,0.45344012734148276,0.0006883665476489708,0.002482626196400932,3.8883978592327594e-06,5.504298302033314e-06,0.006622429295154275,0.049912322098155486,0.000888868672099127,2.5874600856177472e-05,1.9400953291326235e-06,0.0007241703375258887,8.926915985949565e-07,0.0002188633561692957,0.00014538507229680008,0.0018861902933645068,5.184136581182236e-05,0.01993850397454384
24,0.0007094773033436329,0.07659706524319952,3.149785495586241e-05,0.00023328777397500354,0.5375290489618575,0.007431425438394287,0.00412124307859973,1.5921543543025612e-06,0.3191281530454708,0.00043248684900180977,0.002587953554786338,5.566227050910416e-06,7.418183730847483e-06,0.00815765322535066,0.02515687611026718,0.000951831045508011,1.993860010139908e-05,2.4516411991254723e-06,0.0005248965590960882,7.203719597915618e-07,0.0001707399101513677,7.857641921197988e-05,0.0016629366536413317,3.319075274049062e-05,0.014423973042052103
25,0.0011538320166271762,0.07116912456841179,5.063012263733725e-05,0.00036853136516758287,0.46980310688032767,0.00866956934164558,0.008062274957250513,4.603761004834293e-06,0.3392282325060412,0.0006611185316461854,0.004931212941937445,6.0395954178575535e-06,1.0219284096092496e-05,0.006989929457197822,0.06963825514663967,0.0014560556784550581,2.8582514318419324e-05,2.723446695974897e-06,0.0010264361040968253,1.10423208692074e-06,0.0003926501045490932,0.0001778692679392655,0.002731131696578294,5.370998191484188e-05,0.01338305649731675
26,0.0009180015526872394,0.11976091461791963,5.176646636367058e-05,0.0002072015524347832,0.45261297812611,0.013778015664769423,0.008282594592998467,2.318895196657389e-06,0.3018300045148374,0.0009305207151740502,0.003142652449698892,7.339242849698566e-06,7.600996523757544e-06,0.010092365908846703,0.060692754074123494,0.001090818827509336,2.8027202423652657e-05,2.7794861272994588e-06,0.0011197881197054218,1.0433623699241418e-06,0.000394643662918454,0.00021982873237582097,0.001616131839860132,3.676113083276182e-05,0.023173148265343425
27,0.0006230533804518441,0.05629467309351726,2.409369079223859e-05,0.0001224997893947977,0.22412281126934663,0.007046166043838066,0.005884558340333764,1.7984585375083397e-06,0.618483389057106,0.0007017112349731043,0.0015243582925910865,1.5733769715536993e-06,2.9777357148594166e-06,0.004680142988764254,0.05590040404112413,0.0005660305892564604,1.7818827446662953e-05,9.585972751880153e-07,0.0005127323078484416,8.222163641943065e-07,0.00011569050499851929,0.00017347082945700558,0.001517868341410586,5.681684259700016e-05,0.021623580149888938
28,0.0009589842824399187,0.08829107056715613,3.954855026569721e-05,0.00019835799180620834,0.35674356714258737,0.010865509059033107,0.005862991101518192,2.176670594577746e-06,0.45344012734148276,0.0006883665476489708,0.002482626196400932,3.8883978592327594e-06,5.504298302033314e-06,0.006622429295154275,0.049912322098155486,0.000888868672099127,2.5874600856177472e-05,1.9400953291326235e-06,0.0007241703375258887,8.926915985949565e-07,0.0002188633561692957,0.00014538507229680008,0.0018861902933645068,5.184136581182236e-05,0.01993850397454384
29,0.0009589842824399187,0.08829107056715613,3.954855026569721e-05,0.00019835799180620834,0.35674356714258737,0.010865509059033107,0.005862991101518192,2.176670594577746e-06,0.45344012734148276,0.0006883665476489708,0.002482626196400932,3.8883978592327594e-06,5.504298302033314e-06,0.006622429295154275,0.049912322098155486,0.000888868672099127,2.5874600856177472e-05,1.9400953291326235e-06,0.0007241703375258887,8.926915985949565e-07,0.0002188633561692957,0.00014538507229680008,0.0018861902933645068,5.184136581182236e-05,0.01993850397454384
30,0.0009589842824399187,0.08829107056715613,3.954855026569721e-05,0.00019835799180620834,0.35674356714258737,0.010865509059033107,0.005862991101518192,2.176670594577746e-06,0.45344012734148276,0.0006883665476489708,0.002482626196400932,3.8883978592327594e-06,5.504298302033314e-06,0.006622429295154275,0.049912322098155486,0.000888868672099127,2.5874600856177472e-05,1.9400953291326235e-06,0.0007241703375258887,8.926915985949565e-07,0.0002188633561692957,0.00014538507229680008,0.0018861902933645068,5.184136581182236e-05,0.01993850397454384
31,0.0016747431496092686,0.0995808816846515,5.874712379120691e-05,0.00018231888673267036,0.4221038217476381,0.008397632275636948,0.0057413765779463334,4.118292885052057e-06,0.39282182783101016,0.00059177029746759,0.0018187299191053255,5.940691731369351e-06,7.614322846812335e-06,0.005622803684871572,0.032973370835268856,0.0008280074905111913,2.563216562736102e-05,3.6111777940389647e-06,0.0010976043288626332,1.370192356027836e-06,0.00025277597493253927,0.0001627790764770948,0.002021708193606088,3.906832329226799e-05,0.023981745755347818
32,0.0009666764097646923,0.09310168102143601,4.278867200214552e-05,0.00018424321389434695,0.3748518165840828,0.011189136389507118,0.006088153503632458,2.443601980803387e-06,0.4267206423788617,0.0006832603858925363,0.0025360171980684035,4.226310362411066e-06,6.078401910789348e-06,0.006566694396999719,0.053171586860988156,0.000903931894846316,2.5549633030987972e-05,1.8517597801720277e-06,0.0009357100613863499,9.720626727343258e-07,0.00023275637779794568,0.00016441069641655128,0.0019076060458015681,4.6967314547737804e-05,0.019664798824335677
33,0.0010569489474772742,0.14395771813669742,3.531616533457538e-05,0.00023657184388323137,0.21529776425406694,0.018084961328843966,0.009698830599090198,4.504723804867008e-06,0.5530918922866428,0.0009383691615871139,0.002907130313017787,2.398935087642908e-05,3.377534324608582e-05,0.014163229321503771,0.017822045012174142,0.0024275391525168263,0.00015253464848551015,6.906591749096576e-06,0.0010410118677153001,1.3204021028020577e-06,0.000149882842496075,0.0003719255418920954,0.0015360060052450114,2.6326915423099284e-05,0.016933499244127754
34,0.0011935355671155834,0.10366057230379802,3.3220491071287465e-05,9.678643315531045e-05,0.37774024427609215,0.004921517110753268,0.0032627779923285797,1.59005199918349e-06,0.44246994114536886,0.00043900080831110446,0.002798002720002216,2.756154208666031e-06,4.860517543958326e-06,0.004379667712465463,0.03933479444603891,0.00042514625339117734,1.3791955747120415e-05,1.0860596036267698e-06,0.0010186182734025714,5.179062195771928e-07,0.00014171201931247938,0.0001305664997790017,0.0014028258098747778,4.573043181349036e-05,0.01648073706060367
35,0.002245640870361104,0.0938991514500084,2.7781928213309038e-05,0.00013401707928088673,0.2125453379034529,0.005619919883081809,0.00489370048095306,3.3931963716978366e-06,0.6330544353169559,0.0008366483756718795,0.0013463703525572082,5.4258819018807655e-06,5.687848384725229e-06,0.003885113601817318,0.017432560833017034,0.0009381593152991527,3.6602544928355504e-05,4.028905038995177e-06,0.0007575704825241605,7.721757873756991e-07,0.00013885894906404608,0.0001498718428349542,0.0010962167362268912,3.710658618573386e-05,0.02090562746008106
36,0.0009634592324090136,0.08811404190394061,4.030230557325496e-05,0.00019862581506401098,0.3656200150942466,0.010718506242586544,0.005762222435045836,2.1117194431374594e-06,0.44435715454795044,0.0006866065118096371,0.002518662240149649,3.7830461976881815e-06,5.362323446504744e-06,0.006598522714449484,0.05054805791267952,0.0008641294419643738,2.470549975733772e-05,1.9158524502418383e-06,0.0007207206868480745,8.846168965913305e-07,0.00022303469444050536,0.00014162237368486966,0.0018755257778773247,5.2977058519572656e-05,0.019957049952569236
37,0.0018585158774609152,0.07191468132835573,6.010707460251029e-05,0.00034895322324137687,0.39215575379959977,0.008316740794511154,0.004706001627860909,1.6569256445403495e-06,0.4246105882006706,0.0009431733333262901,0.004565991179053231,4.619248924986103e-06,5.048074931283085e-06,0.01031824588154927,0.04910951882576565,0.0008899224364322844,3.040379106219159e-05,5.002105561144198e-06,0.00048226150480226856,1.060117106685169e-06,0.0002724881335603377,0.00013798751558238747,0.0022654417466871847,0.00017016466109858884,0.026825672592608717
38,0.0009893897223879546,0.1113857789059677,5.411964034948999e-05,0.0003071317880967107,0.3581218023911097,0.03925620012037136,0.01370321051879427,4.743850666217647e-06,0.33489680665570815,0.0008473155263398366,0.003997248141797999,7.125558932646323e-06,1.32035415216685e-05,0.006998280970476574,0.10507711222638809,0.003116157794479541,4.753547436948477e-05,2.071290086211448e-06,0.0019234413905947214,1.5015356968181398e-06,0.00046228842037039625,0.00017114035367904703,0.003532917255959062,4.4955320008054295e-05,0.015038521605848213
39,0.0010115857641085863,0.08666114678215851,4.18195468765695e-05,0.0002474652810238092,0.34758921813150156,0.01463069152544189,0.008962203084601845,3.6378416731599046e-06,0.4349800647175326,0.0007313564020939734,0.0022567572189789685,4.779910839568986e-06,6.431664251941547e-06,0.006478586133612792,0.06518163316669212,0.0012482027275244646,3.3625215830312814e-05,2.2942895227105976e-06,0.000944910743074133,1.2323545962055979e-06,0.00033246344532578825,0.00017925273936982494,0.002873906338345959,4.536555401858544e-05,0.025551369421004246
40,0.0005501672947738175,0.14749987699358044,7.577544738004382e-05,8.539180531702492e-05,0.61923016078223,0.009292019694580652,0.003166460867647071,8.060763715003636e-07,0.14407699127454598,0.0003264847237621343,0.0023000418511758824,5.5875599506853634e-06,4.596543998333276e-06,0.008163964667189013,0.047255141263554304,0.0002657243511234289,1.1022371182113643e-05,1.282072523760391e-06,0.000935040297454931,5.995712870716713e-07,0.0002072653989743964,0.00014514962789886394,0.0006744257088909971,2.3652328971736896e-05,0.01570237142563564
41,0.0002478933036649535,0.06792882055937056,1.6407465034387372e-05,0.00011083851198550872,0.30312469496837574,0.006624244349341991,0.001680440757080685,6.988747009629107e-07,0.5968381962181013,0.00025282296273096617,0.0007263150740518475,7.109053512607195e-07,2.358037355795339e-06,0.0019747083426331054,0.015329765523361604,0.00043829527309247247,8.573348064920563e-06,2.7064244347166814e-07,0.0001373613616610354,1.7272922322150335e-07,3.1436139735926364e-05,2.1506048990903924e-05,0.00044362177033536543,2.0820798480471233e-05,0.004039026034831574
42,0.0010047101178269919,0.11261727091055443,9.127779198454498e-05,0.00016493516290276466,0.33512572016055925,0.011986760568743773,0.007877055907138386,9.822235724798662e-06,0.40335789039378184,0.0010904751639962066,0.002424847200205907,5.869850199792272e-06,9.594356032277668e-06,0.004541639012378461,0.10143073634509803,0.00106400470858044,3.487295435966809e-05,9.811737603662809e-07,0.0037355286957682014,1.4663331888665996e-06,0.0004776670549491696,0.0007382578921491107,0.0013710971596259363,3.56655710788814e-05,0.010801853279411997
43,0.0009571308123879742,0.12177795238837211,3.816256767056366e-05,0.00020392114901776433,0.4264862484716846,0.010899444363598649,0.006140285169484191,1.882725568107489e-06,0.34650331254208316,0.00036918524621441903,0.0033824394957272714,6.885611971562739e-06,7.65726089955681e-06,0.0077285577750154915,0.05057355321767375,0.0008364607078047463,2.9162054839890898e-05,2.4300186865323774e-06,0.0006852535146975387,6.337568226477834e-07,0.00022464364891706094,0.00011954181684759373,0.0021640065488558713,3.946187674335575e-05,0.02082178725841568
44,0.0009589842824399187,0.08829107056715613,3.954855026569721e-05,0.00019835799180620834,0.35674356714258737,0.010865509059033107,0.005862991101518192,2.176670594577746e-06,0.45344012734148276,0.0006883665476489708,0.002482626196400932,3.8883978592327594e-06,5.504298302033314e-06,0.006622429295154275,0.049912322098155486,0.000888868672099127,2.5874600856177472e-05,1.9400953291326235e-06,0.0007241703375258887,8.926915985949565e-07,0.0002188633561692957,0.00014538507229680008,0.0018861902933645068,5.184136581182236e-05,0.01993850397454384
45,0.0007056035916606336,0.06515593500811077,4.7892339992614596e-05,0.00024698925514224287,0.3188706007979506,0.015578055564565707,0.009443037269138147,4.009265158424917e-06,0.454210999830648,0.0007079603585633426,0.002294843962454799,2.2173621472768474e-06,5.2483703530568824e-06,0.004159490750793964,0.11224242597990135,0.0014093496286284436,2.1475668815481737e-05,9.826815749395315e-07,0.0009180069538080412,9.837590668686145e-07,0.00021103265140253052,0.0001513477393950341,0.0018667322061700043,5.81509378202008e-05,0.011686628066737417
46,0.0025441352816221166,0.1117867223707111,7.177523431110844e-05,0.0007507055029524149,0.13178569934040432,0.049001600476229326,0.00637300987144891,9.617079659786262e-06,0.6065857832189571,0.001031929095898361,0.005150263082573143,1.5570420050963168e-05,2.0179345211881434e-05,0.006864885936967509,0.05660230020346003,0.004065100210670501,0.0003443268772292972,5.36051304590829e-06,0.0009942428297525171,1.4508959360708257e-06,0.00047906955161766365,0.00023983945902270574,0.004676259862301901,0.00012655328773200828,0.010473620052233434
47,0.0024437466793536264,0.21548615894763076,2.732120191493308e-05,4.7507784293929386e-05,0.16646000526407714,0.007436110448305662,0.008137646030754384,3.8258529811171596e-06,0.5244123360425524,0.0009513689442106631,0.0012100540749778517,1.4010343249617047e-05,7.79019065526881e-06,0.004018081210205931,0.024870218683220396,0.0006862861820019125,4.7325395362100844e-05,3.920901267472804e-06,0.002384992055105268,1.0691450678604048e-06,0.000211551892272742,0.0005015404824963295,0.000834212566517981,2.0788916936588942e-05,0.039782130764587954
48,0.0009913080523028654,0.21693087010147075,4.063692812813166e-05,0.00020710435415241117,0.1369866385957952,0.057640831596947203,0.011249999450694737,1.0539844560819451e-05,0.49840887640848197,0.0003795456194223661,0.0023393344283976505,1.0214285268957945e-05,2.6901549782275602e-05,0.0028959039642591743,0.05838804994546984,0.0026548781637989773,0.00013782429729228355,1.0748347117420075e-06,0.002302847757905096,7.061779834904529e-07,0.00021538531823361737,0.00017219723761951428,0.002219410406461921,1.7727553237123967e-05,0.005771193127621859
49,0.0009616018844776574,0.13905405297706028,8.36666109712487e-05,0.00020252520607400826,0.4024149098276239,0.018796074560817944,0.006566663975012819,2.47360589449e-06,0.3361188778396644,0.0008808871829813052,0.002767354278984477,9.03263822089457e-06,8.574349004967414e-06,0.010464411204763704,0.05545019492188454,0.0008155585671657643,4.058487863290258e-05,2.962982107714696e-06,0.0011409670819964631,1.4540673867994755e-06,0.00035626183028256977,0.0002938287783383381,0.0014584253443000674,4.8615510803201855e-05,0.02206003989554949
50,0.0008418511128314606,0.042554855064797156,1.5237792333698045e-05,5.49673131206434e-05,0.21759026811109272,0.0024919261295777454,0.013138688997252715,2.2466807228113404e-06,0.613745286132854,0.00170044683985683,0.0006577739089597872,1.0480671842657224e-06,1.7588731689074544e-06,0.0042818514791241324,0.04124911496665433,0.0004958182670999524,6.950180422779856e-06,1.6367807717347468e-06,0.0008162484596152487,1.2303345896234653e-06,0.00011004100429399752,0.0003285453576402808,0.0008750023339591557,3.207564740268958e-05,0.05900513016467335
51,0.0004481623781739303,0.10435696679340709,4.004999343578152e-05,0.0002674529945831662,0.27734661860246684,0.004542524627618635,0.0018831342714718436,1.21633320788802e-06,0.5817797210892374,0.00040913515352234586,0.0019497679520835338,1.7430612363550142e-06,4.8152660496327805e-06,0.0034571219672957483,0.019730380192903886,0.0003011468214881283,1.8693758116363237e-05,5.424519672871456e-07,0.00012734456511554872,1.4026564537633327e-07,7.687906060830695e-05,6.390145403114596e-05,0.0002687933008645672,4.78406499434489e-05,0.0028759069955257453
52,0.0020034858777236864,0.027895930577866154,7.284691907656065e-05,0.0006675837394782101,0.3095244758614491,0.013946564539322292,0.0038824832261030885,1.9698913230465868e-06,0.5659163526735022,0.002733198348305305,0.005795499248872986,2.873761119453156e-06,6.566169929985246e-06,0.011330571038435808,0.037293936844011374,0.0029902762949251043,4.211164444377518e-05,7.0967118740531545e-06,0.00040657200413592924,2.398939717239555e-06,0.00017895035245081673,0.00010980073947533151,0.002210559888825198,0.00039089743655909077,0.012586997271074494
53,0.0003936287564543126,0.03046739888887748,1.1108382875902657e-05,0.00018160718377778498,0.18829592747835167,0.00742048386158154,0.018484480648566615,2.7849589821404826e-06,0.6313410336251553,0.0005169519086570995,0.001266265558282482,1.1338266132951687e-06,3.080047245145544e-06,0.0042218683245762315,0.08420228956175585,0.0011058828646803359,1.4836791223831379e-05,1.1021081228025252e-06,0.00034319965580736754,9.987324043098846e-07,0.00010557667729558261,0.0001119422830927443,0.003197979502862782,4.137041829126706e-05,0.02826706795446617
54,0.0007929552309001305,0.032969429658640304,0.00014177968610127922,0.0007330827449493413,0.5291944978515135,0.015441620398560695,0.003357017753385447,3.0684429298212686e-06,0.27098868810256665,0.0005483405621792305,0.007497293700911845,2.097058539174627e-06,6.786492651603684e-06,0.007439884324173882,0.11703140017497633,0.000899766500301469,2.2952772475406347e-05,1.3764248056090476e-06,0.000636634279965259,1.6435716803573081e-06,0.00043118617041077714,0.00012188149222833349,0.00437210379453195,0.00018584785123711917,0.007178664959384441
55,0.0009522642531401747,0.08350380862391335,4.2914422626888715e-05,0.00021384768829758858,0.35360336804172543,0.011849227178970115,0.006003438008695606,2.3617131621074752e-06,0.45446903710729375,0.0007390875519200271,0.002600653578902449,3.5789727410132265e-06,5.548476606208185e-06,0.006734255498092922,0.05593445549430873,0.0009419831224025361,2.654949287576065e-05,1.832726496324902e-06,0.0007665052046152491,9.648175370327724e-07,0.00023141904993731954,0.00015495715253823286,0.0020339781469533667,5.674919742019521e-05,0.019127214478827606
56,0.00092438423098461,0.09738603842839316,3.957598530803987e-05,0.0001888765795194881,0.3639789242850291,0.010563239140606969,0.005736903629904179,2.1721216949978095e-06,0.44288069277827957,0.0006281375759095818,0.0025991839969061706,4.3838547504579535e-06,6.469280132563991e-06,0.006584943353868266,0.046280606224965944,0.0008669514421881645,2.6141738536339397e-05,1.93477021881321e-06,0.0007468605334284412,8.42727840447417e-07,0.00020269003868142918,0.00014260958311426011,0.0017365346765504767,4.7061821490190565e-05,0.018423841201698314
57,0.0010965611341275483,0.14909370237895744,6.547086619468296e-05,0.00011304899090660054,0.513730782881716,0.010656308041852766,0.0054129036006448205,3.42108622240824e-06,0.24305190257366055,0.0005359935042783152,0.0025620026650701616,1.2690439314054588e-05,1.0172067836159335e-05,0.006325373407399564,0.044038813231664524,0.0007866864205626215,2.721319876461588e-05,2.129064540354108e-06,0.002913586985384813,1.2071547635000884e-06,0.0004079920730873586,0.0003003705369591935,0.001419273182437482,2.003714227350104e-05,0.017412357371381
58,0.0009878662764299414,0.08144942571730264,4.378215566384909e-05,0.00020798941899086214,0.331883345745642,0.010524143173327335,0.005419992039938081,2.0677992818556042e-06,0.4798503575645706,0.0007382384855435771,0.0027911810427770326,3.2826736464140935e-06,5.169674860932374e-06,0.0063425724048536735,0.05742683334625253,0.0008563830302496532,2.5253565948784646e-05,1.756436920100974e-06,0.0006803442637792421,8.864737431309206e-07,0.0002028441970965795,0.00014925772332993476,0.0018130096298486632,7.408300110197889e-05,0.018519934158900672
59,0.0009694608685951137,0.0750584661202158,4.953513098922512e-05,0.00022794413957097725,0.33966461778561907,0.010217345819705622,0.005074817163211159,2.0159555391000033e-06,0.47443522473157596,0.0008140086338528342,0.002816728453266753,2.9583357817173334e-06,4.520378004226503e-06,0.006629710625120831,0.06169298983846059,0.000808725385460295,2.4676776833923647e-05,1.7447288859383614e-06,0.0006320899011192611,9.259279775630364e-07,0.00021745979860888714,0.00015477603208024856,0.0017844544980327658,8.740743640751277e-05,0.01862739553508458
60,0.0009589842824399187,0.08829107056715613,3.954855026569721e-05,0.00019835799180620834,0.35674356714258737,0.010865509059033107,0.005862991101518192,2.176670594577746e-06,0.45344012734148276,0.0006883665476489708,0.002482626196400932,3.8883978592327594e-06,5.504298302033314e-06,0.006622429295154275,0.049912322098155486,0.000888868672099127,2.5874600856177472e-05,1.9400953291326235e-06,0.0007241703375258887,8.926915985949565e-07,0.0002188633561692957,0.00014538507229680008,0.0018861902933645068,5.184136581182236e-05,0.01993850397454384
61,0.0010314100254697534,0.07746623468540023,5.394912222477619e-05,0.00024301548660666942,0.3544037837069381,0.011205810478906023,0.005121444601738643,2.241052911647647e-06,0.457072915904294,0.0008058150238828909,0.002816213238398419,3.1889560933588283e-06,4.872936811260914e-06,0.006747931753591647,0.061018766512740054,0.0008541399085997246,2.5987837743842494e-05,1.8827159746923697e-06,0.0006740132854472395,9.80053271635148e-07,0.00023194242889372976,0.00015533296247932397,0.0018628487459055776,8.267749155873523e-05,0.018112601084118007
62,0.0009589842824399187,0.08829107056715613,3.954855026569721e-05,0.00019835799180620834,0.35674356714258737,0.010865509059033107,0.005862991101518192,2.176670594577746e-06,0.45344012734148276,0.0006883665476489708,0.002482626196400932,3.8883978592327594e-06,5.504298302033314e-06,0.006622429295154275,0.049912322098155486,0.000888868672099127,2.5874600856177472e-05,1.9400953291326235e-06,0.0007241703375258887,8.926915985949565e-07,0.0002188633561692957,0.00014538507229680008,0.0018861902933645068,5.184136581182236e-05,0.01993850397454384
63,0.0009421263295988102,0.0955539190734365,3.7834249581866734e-05,0.00018062369428044277,0.35089326613140165,0.010406606246365377,0.005696557042822195,2.053117182521245e-06,0.4557216398012707,0.000649946863103401,0.00239821532975972,3.890477895144484e-06,5.432605846238149e-06,0.006301893045567726,0.04796743460615386,0.0008169214499974833,2.499160274601366e-05,1.820188694358094e-06,0.0007075794099074693,8.03872589244546e-07,0.00020570837162780194,0.0001416397129091938,0.00171209290924818,4.817699488160693e-05,0.019578826873132445
64,0.0009579927431779933,0.09341499257959196,4.8316516782428004e-05,0.00022440384983541783,0.40511934868323074,0.011075682705006211,0.005980297523975016,2.4179045343700915e-06,0.38926093483082624,0.0007093246320277893,0.002710511926858703,3.933515957783687e-06,5.277197636580645e-06,0.006208574356358629,0.06094488713796526,0.0008026740807111954,2.317090016021456e-05,1.7394394904406343e-06,0.0008220924800555514,9.276967166390634e-07,0.0003356497000293644,0.00015137993206933276,0.001985971069172079,5.3314901780366334e-05,0.019156183696049617
65,0.0007158262520917919,0.09125787192010928,6.23247650792578e-05,0.0002558541694855315,0.3898998959305915,0.01710946769077315,0.006921362344831016,2.600802598948289e-06,0.3597932691418856,0.0006244293476690312,0.003004929710494444,3.0012869742942494e-06,5.4349676062449925e-06,0.0063410399155038166,0.10414162442065425,0.0008708604123708309,2.4119765877288303e-05,1.161391985497562e-06,0.0008362587366394192,9.089533195687352e-07,0.00030697197673081695,0.00015737361597761946,0.0021715069502302076,5.982800929150646e-05,0.015432077521229135
66,0.0006983987516915581,0.055768595597993534,6.216954882725002e-05,0.0002672116592185628,0.738913812994398,0.004593950702926514,0.0014481901784080065,5.832869934687205e-07,0.15592732546807736,0.0011691587585765262,0.003899067039931321,5.367547724105309e-06,4.349801091748638e-06,0.010685497127881168,0.016051120691489867,0.0008156937197333451,1.3026426244961282e-05,3.0562381976991016e-06,0.0003550961178088867,5.736048191926489e-07,0.00032353976382884075,8.28225314182489e-05,0.0005534211534589136,5.440744481607251e-05,0.008303563844444938
67,0.0009393662555405378,0.08713174339720718,6.75217813246022e-05,0.00045273431231395366,0.21554412293804404,0.09964682233787991,0.01541663688349014,1.814994496249879e-06,0.2965586013041508,0.001493158681561749,0.006311488667163487,1.2971106192547203e-05,1.2744826631164834e-05,0.04530321940537418,0.12107199050655795,0.0017618970570569706,0.00014504500053337256,9.334300141266096e-06,0.0009280044814455274,7.227579101462516e-06,0.000872901575622534,0.000375026158229342,0.013708422079041379,0.00018078487636149154,0.09204641949453794
68,0.0009999309656481702,0.08472281735532003,4.620060161855242e-05,0.00041913566509052774,0.3731466488397299,0.01840477962731209,0.009571013698806852,3.0743898954185804e-06,0.42662849748456017,0.0007181284349416343,0.003502113893567545,1.206280184239241e-05,1.6414955935253975e-05,0.01536834873916187,0.030706392246998795,0.0016195726835586334,5.597370957820193e-05,7.964682468847789e-06,0.0006130986482168787,2.0717786806195427e-06,0.0003541646943222879,0.00014279821863239417,0.004069661597935259,4.8424905245342935e-05,0.028820709380932424
69,0.0014807438631152183,0.13966267442617175,8.547564188062372e-05,0.00026339240913508534,0.3494792744049674,0.03614420789707052,0.01017117595532603,4.0677239131130356e-06,0.3133169161088031,0.0010391213129838086,0.005978497881238744,1.3342390154265774e-05,1.6685059544247774e-05,0.01390932199607877,0.09069349639518803,0.0013982874097728068,6.590547736161276e-05,3.938986729137868e-06,0.0027724002201388732,3.1505011723102497e-06,0.0007918200686412372,0.00038445663788158244,0.0048317933740083625,7.238720915799277e-05,0.02741746664956521
70,0.0010482399524661655,0.09714073975984715,4.027500183359187e-05,0.0001797466308322568,0.36004487938511914,0.010161844192391616,0.00596288703359244,2.174520101985447e-06,0.4367197540809579,0.0006731300975451522,0.002621363714637516,4.000379323663103e-06,5.383676845558802e-06,0.00638459869867419,0.053999431565854336,0.0008023824601542725,2.4495474448336015e-05,1.8909072059613408e-06,0.0008129059654491532,8.363015190614374e-07,0.0002335734528834084,0.0001577222309325763,0.0018270815683907912,5.092217169039585e-05,0.02109974077730347
71,0.0009733532567818032,0.08359129501322521,3.2341879059335646e-05,0.0001860044996844392,0.354784657435605,0.009013131213627956,0.005608247829739047,2.1196632451690786e-06,0.4702721148777176,0.0006585450525231209,0.002332881818697128,3.8560670232811494e-06,5.338471124200669e-06,0.0061285357541927725,0.04273306458344339,0.0009106677186878774,2.417562006015561e-05,1.9765345536932032e-06,0.0006720741047477364,8.322321816699496e-07,0.00019913080047783655,0.00012999232726438665,0.001840210804660083,4.730337211053773e-05,0.01984814906956648
72,0.0009013453294374631,0.07981094399016352,3.649566003709278e-05,0.00022506239201536873,0.35079708642888113,0.011856698314777989,0.00591966003364279,2.1457341502174707e-06,0.4744747659743452,0.0006921148332061283,0.0023812452310109948,3.3422180200985033e-06,5.399915959204402e-06,0.005785877338399728,0.04686140060388758,0.0010563400862549134,2.4587044257943647e-05,1.8162101784668993e-06,0.0006101757139996037,8.577295503166292e-07,0.00019948542358394153,0.00010832992146773125,0.0018107968666500299,5.483534339416957e-05,0.016379191662728172
