,0,1,2,3,4,5,6,7,8,9,10,11,12,13,14,15,16,17,18,19,20,21,22,23,24
0,1.7086528426712884e-05,6.989275356134176e-05,1.1180325930598016e-05,1.7428389800851463e-06,0.7509142114196433,0.05345936175261922,2.7409085567055556e-06,1.1742099625496996e-08,0.19173733542753252,2.979794078950707e-09,0.00028094199985998907,3.16900258408769e-08,6.3346645313834746e-06,1.722823287254007e-06,0.0019796690659927814,0.0005908956373412691,0.00034564247397147715,1.5474926092390678e-06,6.187507511681269e-06,2.0090380280571914e-05,4.349278455920704e-06,8.988628584722921e-08,5.345637416487605e-06,2.383248987120127e-05,0.0005197522954146675
1,6.509654871455577e-05,0.00016536419709085819,4.960402691062971e-05,7.355501738845734e-06,0.7919776115548242,0.04938689182440531,1.1014771290277478e-05,1.3413627923727774e-08,0.15347485265319127,2.0762065233059595e-08,0.00028540496845551886,8.42183005386856e-08,6.045304222843327e-06,3.799742844776906e-06,0.0015379418593197947,0.0005966148350367169,0.00023101830621297212,4.173244483478321e-06,3.4774033006137855e-06,3.262045499247932e-05,5.120251376609536e-06,9.781548515399302e-08,2.3619304143425267e-05,5.202042644188893e-05,0.0020801366115241475
2,6.026226521468645e-05,0.00016315458798652887,4.440005204867254e-05,1.2531493688459653e-05,0.8224154211317056,0.055254398143240006,1.015895744488829e-05,1.315234678106478e-08,0.11678789305049457,1.9531209318115252e-08,0.0004927067859889358,9.866629698341348e-08,6.571860630032674e-06,6.445451146670872e-06,0.0011764873169045524,0.0004468005182262588,0.0004531396774596596,5.356861251648924e-06,2.9946365856212408e-06,3.696185592016345e-05,6.711388998551076e-06,1.4560354100744152e-07,4.827273541601661e-05,7.073469753944513e-05,0.0024983195787148292
3,5.2958586870495536e-05,0.00014844124838135641,3.437656160839519e-05,8.41230233575832e-06,0.8555372554342401,0.04087379739144202,9.620114098339127e-06,1.1149102364946866e-08,0.0984545298469417,1.5899321421456336e-08,0.00037665898511693853,7.999327954638527e-08,5.2540915693466716e-06,5.68732493214628e-06,0.0012109350676120132,0.00035034281582675724,0.0003483293941103956,4.193565644814024e-06,2.3500975058149858e-06,3.1905034549338034e-05,4.8316917539554e-06,1.078568211646572e-07,3.615950250355928e-05,4.469428945260716e-05,0.0024590517549797236
4,5.601877375886781e-05,0.00015514491081811114,3.487337944062452e-05,8.89419675199018e-06,0.8493937723947135,0.039762623686711365,1.0090800872410674e-05,1.109165956498043e-08,0.10544893522064859,1.5536103005171584e-08,0.00038164258904904263,1.0173771116872228e-07,6.839026430381917e-06,6.300678174611457e-06,0.0011950627924265937,0.00033839279727112994,0.00039156294452317086,4.357219135289207e-06,2.533018690066952e-06,3.314880250964887e-05,5.410040853711708e-06,1.197601852017016e-07,3.731903545035856e-05,4.6997380248219045e-05,0.0026798321858633365
5,7.226877670651058e-05,0.000176720625634462,4.068586842197229e-05,1.4522346685284504e-05,0.8288410634050299,0.049590897435540814,1.0642347941066262e-05,1.242903060145052e-08,0.11503847157380162,2.270827812249983e-08,0.00044759547796977646,1.167560418794267e-07,7.2457417424777985e-06,8.613229598726052e-06,0.001200087761404537,0.00040055512919939964,0.0005124377013322696,7.749315139060814e-06,2.4708754900000595e-06,4.2297237783470626e-05,6.710347282994163e-06,1.5758448718205855e-07,4.904566041590198e-05,6.306794695370577e-05,0.003466541718088081
6,5.2958586870495536e-05,0.00014844124838135641,3.437656160839519e-05,8.41230233575832e-06,0.8555372554342401,0.04087379739144202,9.620114098339127e-06,1.1149102364946866e-08,0.0984545298469417,1.5899321421456336e-08,0.00037665898511693853,7.999327954638527e-08,5.2540915693466716e-06,5.68732493214628e-06,0.0012109350676120132,0.00035034281582675724,0.0003483293941103956,4.193565644814024e-06,2.3500975058149858e-06,3.1905034549338034e-05,4.8316917539554e-06,1.078568211646572e-07,3.615950250355928e-05,4.469428945260716e-05,0.0024590517549797236
7,0.0001562878624715862,0.00015584565059386141,0.00010144630103858802,5.4310115336680595e-06,0.8726199334837532,0.043155735482691006,1.3958563070275531e-05,1.2020074507130964e-08,0.08013265842716778,2.0937289043067553e-08,0.00034020353958394504,7.302951877997222e-08,6.920484709803504e-06,3.4705457250404295e-06,0.0005697794940230496,0.0002022188561476056,0.00020857691790058465,4.0193104914814584e-06,3.6787958963202972e-06,2.5605431360233794e-05,2.8591004730074905e-06,4.007441592546928e-08,3.7892373768980395e-05,7.696884263191475e-05,0.002176363463669665
8,8.334962584585353e-05,0.00022293527097620714,6.955327364974859e-05,1.314415309333328e-05,0.8938210526220928,0.036044303310411106,1.4749734974292253e-05,1.0436950065757581e-08,0.06554102365393424,2.5667635361413366e-08,0.00035185109239783117,9.481597445588976e-08,4.880606487382028e-06,6.381783667713805e-06,0.0005912427267660216,0.00024895527178379196,0.0001916120506209465,2.7007093393722463e-06,1.842939452288485e-06,3.849117635273531e-05,3.3096841576701173e-06,4.6920075000251125e-08,8.031358620975618e-05,7.102312051765052e-05,0.002597105766634243
9,6.97268275655587e-05,0.0002555192597033151,8.104420412448631e-05,2.2893892500091775e-05,0.8103070922780301,0.05573846391049786,1.5208730946534149e-05,1.0983673549525534e-08,0.12738576339170193,3.7601853997532694e-08,0.0003565792423608394,1.5190147066886305e-07,8.216845868746019e-06,6.935450268548373e-06,0.0011018239441730026,0.0005291358162065777,0.00030160828844623573,4.508284459568822e-06,2.2488054810900212e-06,6.12869250964488e-05,8.610724321261275e-06,1.073462066833583e-07,8.110415626222082e-05,9.93252953335361e-05,0.003562595893447309
10,5.2958586870495536e-05,0.00014844124838135641,3.437656160839519e-05,8.41230233575832e-06,0.8555372554342401,0.04087379739144202,9.620114098339127e-06,1.1149102364946866e-08,0.0984545298469417,1.5899321421456336e-08,0.00037665898511693853,7.999327954638527e-08,5.2540915693466716e-06,5.68732493214628e-06,0.0012109350676120132,0.00035034281582675724,0.0003483293941103956,4.193565644814024e-06,2.3500975058149858e-06,3.1905034549338034e-05,4.8316917539554e-06,1.078568211646572e-07,3.615950250355928e-05,4.469428945260716e-05,0.0024590517549797236
11,5.4214973399741134e-05,0.00015002868497237322,3.5237166579694796e-05,8.589654397092423e-06,0.8558786752004129,0.03980741933406754,9.886038938281866e-06,1.141526158761191e-08,0.09923164156073003,1.5951884068485432e-08,0.00037283421899740013,8.870177480772117e-08,6.16930056507333e-06,5.843356251501737e-06,0.0011451516892188884,0.00034448638935217606,0.0003607728982256448,4.1455411990104376e-06,2.433164452724244e-06,3.3610117317523404e-05,4.9484889159536395e-06,1.0657730476814667e-07,3.694722001504218e-05,4.6273719230227576e-05,0.002460468636535865
12,4.9226817500052915e-05,0.00013914034689795524,2.2728765872930518e-05,7.168341496265007e-06,0.8848473728649661,0.036624705553721944,7.052055370123429e-06,6.8005706280085246e-09,0.07343256852603143,1.4774828009402128e-08,0.0002591232832759283,5.5587264090066864e-08,4.698926705298773e-06,6.980464860824824e-06,0.0008339253931725267,0.00023353517269648024,0.00045084313755649753,4.552677188124764e-06,1.4652950182133762e-06,3.126014022422592e-05,4.301838836670188e-06,8.533216470749937e-08,3.386484613216108e-05,2.9286502895856103e-05,0.0029760365547529173
13,2.5025402511464956e-05,0.00011541632921837354,2.5829846824604257e-05,1.2882871202690392e-05,0.9107068164717659,0.024652132013421597,1.2903032078142299e-05,1.999380081603322e-08,0.05850014611677338,7.662823355938736e-09,0.0016115656295297156,1.8596724531672704e-07,5.159826714442219e-06,1.300034171974627e-05,0.001421913126341207,0.00023464849275399538,0.0004000669104559365,2.5311588556664645e-06,1.9696001450723376e-06,2.8979693078460947e-05,5.112754887703287e-06,2.082713310921155e-07,9.435846338135813e-05,5.289488571574547e-05,0.0020762251374242717
14,3.166071197805029e-05,0.0002581023110108273,8.753043560310877e-06,4.594106464270426e-06,0.9346826116788195,0.020373914786224117,7.91376965014589e-06,7.43357790618746e-09,0.042221871816540635,1.808932438684163e-08,0.0003224505663843969,3.200869268960048e-08,1.3106528495256616e-06,6.507300448957937e-06,0.0005757670172593795,0.0001794450617505148,0.0001480348208112648,2.0450263065425477e-06,2.108524590808336e-06,2.0433541711780677e-05,1.6052990505853028e-06,5.1291021587983745e-08,2.890236321169573e-05,2.5100790769828254e-05,0.0010967579879903613
15,5.2958586870495536e-05,0.00014844124838135641,3.437656160839519e-05,8.41230233575832e-06,0.8555372554342401,0.04087379739144202,9.620114098339127e-06,1.1149102364946866e-08,0.0984545298469417,1.5899321421456336e-08,0.00037665898511693853,7.999327954638527e-08,5.2540915693466716e-06,5.68732493214628e-06,0.0012109350676120132,0.00035034281582675724,0.0003483293941103956,4.193565644814024e-06,2.3500975058149858e-06,3.1905034549338034e-05,4.8316917539554e-06,1.078568211646572e-07,3.615950250355928e-05,4.469428945260716e-05,0.0024590517549797236
16,5.19709891542223e-05,0.0001922735049496617,3.055047950475393e-05,1.122894354760934e-05,0.8539645654722873,0.03483439583285593,1.455475646244081e-05,1.6072699263429623e-08,0.10405537634316465,3.0010626286434736e-08,0.0003611939991727382,1.490018573534292e-07,6.5487296213709075e-06,8.255501056999476e-06,0.0017987437960727375,0.0005401685253060017,0.0004680805130119846,6.113569045078921e-06,2.930476952293021e-06,4.395161497184276e-05,1.0032743121407545e-05,2.4432070987860497e-07,4.361924618304583e-05,4.487197197999773e-05,0.003510133585685313
17,3.2891116462253e-05,0.00012290406379383237,1.947762350140829e-05,1.073104882804484e-05,0.9145838052123213,0.02380333036929303,1.0091495467909892e-05,1.1210854099143881e-08,0.0558500059141631,1.4753497613926452e-08,0.0004315111300235415,1.194154723284533e-07,7.018499916144431e-06,1.0462792802638167e-05,0.000897947063122677,0.0002543465942189121,0.000676670846478348,4.0203575927893585e-06,1.4481330180944934e-06,4.318500799305648e-05,6.128812131705921e-06,1.7205002701154212e-07,6.834591109047391e-05,3.4148230754324556e-05,0.003131212347175573
18,5.668498231126053e-05,0.0001122393473316596,2.0229389283495293e-05,6.513901389410664e-06,0.904795245952518,0.025960626129397868,8.86667318108214e-06,5.936137423242163e-09,0.061454025140085765,1.6951100239964635e-08,0.00020314654689144903,7.903033327734357e-08,6.570274146340129e-06,8.39113288335485e-06,0.0008954021314434996,0.00018885967018398336,0.0007103034622507068,7.454902748582299e-06,1.0874308694313437e-06,3.34489441129012e-05,5.978240367124004e-06,1.2216581120488879e-07,3.3353827474009185e-05,2.1156238195006002e-05,0.00547019159955299
19,5.0843393189288976e-05,0.0001688933891082824,4.523584394419967e-05,1.219851004117343e-05,0.8427105192420096,0.028823658132779064,1.758204521603765e-05,1.5154824475734026e-08,0.12210710765043693,1.9069935577810176e-08,0.00037400284018739976,1.7735584809994448e-07,7.417042394024837e-06,6.059956491266158e-06,0.0016645885748142186,0.000499717161722741,0.00032573109236584723,3.989347965754713e-06,2.2131941055764025e-06,3.622324717482749e-05,6.78580474236804e-06,1.710388007913591e-07,3.930553978973259e-05,4.5263639521935744e-05,0.003052281732590928
20,4.492648730785364e-05,0.00015271702164957443,4.072884106608001e-05,1.1675760067433485e-05,0.8248321701502696,0.040030106783071666,1.4253686966800525e-05,2.7273667969500785e-08,0.126458986028081,1.8485403860153153e-08,0.000647111562630095,1.417153995027385e-07,5.45991908809081e-06,6.835156290055373e-06,0.003641058564873215,0.0006451613429332071,0.0004238379942610896,5.406631210595079e-06,3.362686890024711e-06,3.66395926282605e-05,7.235496508686184e-06,3.232114524727753e-07,3.919162011708685e-05,4.458248060468719e-05,0.0029080415075611473
21,6.384198495897147e-05,0.00022274918045436505,4.0967249396423695e-05,1.4581412090516568e-05,0.7855531320452231,0.04813648167724121,1.2862342119975787e-05,1.7919159639497356e-08,0.16037439316743432,2.7602853127026704e-08,0.00037334234693840685,1.5615274472607482e-07,7.645287659745786e-06,9.422916456830548e-06,0.0014487916186464746,0.000815233608637646,0.0002805491497163626,5.861798424981268e-06,3.1099230964945215e-06,4.685065172384169e-05,6.781191803068707e-06,1.4662655113735313e-07,3.2224679660495604e-05,5.9719886282718116e-05,0.002491109580725363
22,7.993009000468974e-05,0.00012592609366853774,3.8947388886641786e-05,8.548649181820681e-06,0.8376190933630695,0.057703991038038804,7.449309285226073e-06,1.2580343728477351e-08,0.0982422114122011,1.914935210472323e-08,0.0004355742790753921,5.8940639877671465e-08,5.47955503928634e-06,6.349567252239703e-06,0.0012986263566861602,0.00032316901528621207,0.0006995813248267452,1.014811740329568e-05,2.620435499638398e-06,3.38218476000451e-05,5.8437255346068755e-06,1.5417084786312682e-07,3.377138457728512e-05,4.5682369645176976e-05,0.0032729898360541686
23,5.2958586870495536e-05,0.00014844124838135641,3.437656160839519e-05,8.41230233575832e-06,0.8555372554342401,0.04087379739144202,9.620114098339127e-06,1.1149102364946866e-08,0.0984545298469417,1.5899321421456336e-08,0.00037665898511693853,7.999327954638527e-08,5.2540915693466716e-06,5.68732493214628e-06,0.0012109350676120132,0.00035034281582675724,0.0003483293941103956,4.193565644814024e-06,2.3500975058149858e-06,3.1905034549338034e-05,4.8316917539554e-06,1.078568211646572e-07,3.615950250355928e-05,4.469428945260716e-05,0.0024590517549797236
24,6.0987807872102735e-05,0.00023116469692510295,2.9244924555689596e-05,1.2576205420506193e-05,0.8556725259180086,0.04266387004759055,9.242028049711644e-06,1.1474212793817252e-08,0.09656484443014214,2.2746264239005982e-08,0.0003757846634961453,9.279598503487412e-08,5.683385021751886e-06,9.190216513193332e-06,0.0009193030782155543,0.00037574432387024926,0.00040414329388871017,4.9928420304705785e-06,2.5706178761370123e-06,4.302770120117525e-05,4.915804402594488e-06,1.1663313003128038e-07,4.692883259046548e-05,5.394007280930737e-05,0.002509075459927712
25,2.7936604345813446e-05,0.00013113763235584363,2.5562203702980353e-05,1.3820143296210894e-05,0.8919383944304552,0.038074647702933596,1.134348631546848e-05,2.866906564461598e-08,0.0651842131773255,1.393150781245398e-08,0.0011711718531504435,9.386080902113975e-08,3.547157846526794e-06,1.0617986801576628e-05,0.001186978753298001,0.0004598992363695966,0.0003309733095138349,3.0806679956412294e-06,2.6165697631844086e-06,3.472708877568952e-05,4.3296247501452825e-06,1.607642203431311e-07,6.728646667287952e-05,5.9640218203468225e-05,0.0012577784605256384
26,5.003035158424149e-06,0.00011915832407129686,6.727844342367084e-06,6.987766043954342e-06,0.8974103561688493,0.00831449191618009,3.428721790184927e-05,3.372737816908498e-08,0.05789685788514212,1.2689961985394819e-08,0.0003177362718966871,2.1227521830835942e-07,1.2823762419017266e-06,1.7186060620374993e-05,0.02830748762265855,0.0012360759472612184,0.00015409966984337997,1.42036232892079e-06,5.805217093927631e-07,2.123297791697206e-05,5.071270990898074e-06,6.150357629043264e-07,1.2577411295356507e-05,1.880017678615675e-06,0.006128625603546781
27,5.34476493781551e-05,0.00016320883149111202,3.629315370743126e-05,1.0449487360280992e-05,0.818512557903332,0.04760135982045356,1.0369575556106439e-05,1.6571723255176883e-08,0.12758235877142265,1.7273491573171624e-08,0.0005222971776006584,1.0191925976166203e-07,5.511015112253635e-06,6.660420043428882e-06,0.0019166744166886943,0.0004865941604154733,0.00043278516400819004,5.444691672445164e-06,3.2948819837130416e-06,3.3709381080840825e-05,6.171443099768259e-06,2.0422893562621934e-07,3.7415930284165694e-05,5.2345469707721836e-05,0.002520710662191141
28,5.2958586870495536e-05,0.00014844124838135641,3.437656160839519e-05,8.41230233575832e-06,0.8555372554342401,0.04087379739144202,9.620114098339127e-06,1.1149102364946866e-08,0.0984545298469417,1.5899321421456336e-08,0.00037665898511693853,7.999327954638527e-08,5.2540915693466716e-06,5.68732493214628e-06,0.0012109350676120132,0.00035034281582675724,0.0003483293941103956,4.193565644814024e-06,2.3500975058149858e-06,3.1905034549338034e-05,4.8316917539554e-06,1.078568211646572e-07,3.615950250355928e-05,4.469428945260716e-05,0.0024590517549797236
29,5.2958586870495536e-05,0.00014844124838135641,3.437656160839519e-05,8.41230233575832e-06,0.8555372554342401,0.04087379739144202,9.620114098339127e-06,1.1149102364946866e-08,0.0984545298469417,1.5899321421456336e-08,0.00037665898511693853,7.999327954638527e-08,5.2540915693466716e-06,5.68732493214628e-06,0.0012109350676120132,0.00035034281582675724,0.0003483293941103956,4.193565644814024e-06,2.3500975058149858e-06,3.1905034549338034e-05,4.8316917539554e-06,1.078568211646572e-07,3.615950250355928e-05,4.469428945260716e-05,0.0024590517549797236
30,5.2958586870495536e-05,0.00014844124838135641,3.437656160839519e-05,8.41230233575832e-06,0.8555372554342401,0.04087379739144202,9.620114098339127e-06,1.1149102364946866e-08,0.0984545298469417,1.5899321421456336e-08,0.00037665898511693853,7.999327954638527e-08,5.2540915693466716e-06,5.68732493214628e-06,0.0012109350676120132,0.00035034281582675724,0.0003483293941103956,4.193565644814024e-06,2.3500975058149858e-06,3.1905034549338034e-05,4.8316917539554e-06,1.078568211646572e-07,3.615950250355928e-05,4.469428945260716e-05,0.0024590517549797236
31,0.00011230035082092117,0.00018828976477745416,6.27291704540763e-05,8.28936148272535e-06,0.8779822000216697,0.03754483471712456,1.2825035080682762e-05,1.73840369018778e-08,0.07954308798616727,2.6174210579221823e-08,0.00034231964012189874,7.440442741667497e-08,5.13351930257225e-06,5.1552356994387565e-06,0.000930983297741532,0.0002918509738779396,0.00031041198345035687,5.259519535981116e-06,3.0944969193150786e-06,3.436035060205439e-05,3.990563902784503e-06,8.355496780949288e-08,4.21624298304955e-05,5.3400132760407204e-05,0.0025171199310351717
32,5.742816587349297e-05,0.00015976296776977695,3.451071047725392e-05,7.903732730495774e-06,0.8504226213388711,0.04270811504394622,9.560598028397699e-06,1.1749296256230956e-08,0.10177975482288035,1.6495423846318497e-08,0.0003881408780224889,8.049576911523733e-08,5.375203875923559e-06,5.5947274882399345e-06,0.0012420627930403744,0.0003502754168771041,0.00035076956412179443,4.259526190811317e-06,2.8694545248605076e-06,3.1113517278026035e-05,4.841438958884307e-06,1.1306040818335175e-07,3.545558301598147e-05,4.790608979661044e-05,0.0023514566253343082
33,2.6697781850119314e-05,0.00015307906785587733,1.977217276003572e-05,1.851625844751352e-05,0.8683656203998766,0.06898053310446237,7.819854146601463e-06,2.8252377779234192e-08,0.0574407275740023,3.0322259575451544e-08,0.0009881706938834332,8.877057018100337e-08,9.157776496521132e-06,1.4933293077092496e-05,0.0006363141294557611,0.0006755720717789223,0.0011359020442909952,4.453823934845893e-06,5.098860033013607e-06,7.234054540281669e-05,8.035325989352457e-06,2.9053454875739095e-07,0.00013237331644124558,0.00011350237594129219,0.001190941650117128
34,0.00018533910127985917,0.00024046609496889906,5.404708400182048e-05,2.3267834538656227e-06,0.6784894025532788,0.03745183315566434,7.334851357805061e-06,8.741279295037156e-09,0.28057310073415476,5.448655979257015e-09,0.00028104220943714044,7.984316495990654e-08,5.826204908026934e-06,1.7031218598006084e-06,0.0011497669181614824,0.00017621102632156305,0.000134467492934874,3.1224698048929895e-06,1.0314572068367629e-05,9.352072339140496e-06,2.5695594108661355e-06,5.570359835058701e-08,7.648763635615581e-06,5.916879560373666e-05,0.0011548066986558992
35,0.0003028469889133135,0.00019075858154141097,8.048358792762378e-05,1.0349836046982487e-05,0.7112633326506819,0.037510795932682375,1.5616326194003873e-05,1.8697802524304672e-08,0.24418100167936924,2.7896602406801927e-08,0.00024630991117029514,1.5035892186915198e-07,9.060206219746743e-06,3.999672366969819e-06,0.001185368225860613,0.0003925423057564008,0.0004771935288996342,2.4604973406002982e-05,4.327628561278908e-06,2.647955212127359e-05,8.165861295212957e-06,1.938713003545629e-07,1.7079567551283853e-05,6.940965492667143e-05,0.003979882503880542
36,6.693785427773374e-05,0.00017058063673731124,4.110444949990557e-05,1.0728858333532921e-05,0.80257300137477,0.026506677884531638,1.9367764644384847e-05,3.890167594549457e-08,0.1622683258861117,1.5806666841004362e-08,0.0005084159768554743,3.544844208727666e-07,1.3207269996263374e-05,7.961766659486703e-06,0.0031959747955527616,0.0008758628923384863,0.00048784981984858095,5.137506442350701e-06,5.036119051888305e-06,3.945431261088341e-05,6.715038414665002e-06,3.6565532969762354e-07,2.5359154071182416e-05,4.013175865438324e-05,0.003131394032504103
37,0.00014397107744978693,0.00023513416373684376,6.5200158361495e-05,1.2776996670262972e-05,0.8469416441913343,0.045660868348909235,1.268905222920759e-05,1.0996269764805933e-08,0.10199441687902616,3.460087543220354e-08,0.0003779222608819176,9.863812707738878e-08,7.0454866121895514e-06,5.9594462170599855e-06,0.0005940461918640016,0.00026292682413100023,0.0004155402241164224,8.462920008970583e-06,3.4041234944056327e-06,4.214789057043851e-05,5.4400379864283614e-06,9.836047319064623e-08,6.342555312834415e-05,0.00010597198364795282,0.00304076359387821
38,7.576142107378383e-05,0.0001306831432586097,4.655051330734751e-05,3.0958801780052793e-06,0.8308378663154636,0.056766594024476265,9.6744802832383e-06,7.294695114232466e-09,0.1081547221371519,1.4725626759356073e-08,0.00021771486742657638,3.910535669448389e-08,3.403525406091407e-06,2.6934790301781222e-06,0.0012931988293787807,0.00031292626532555427,0.00011653686030684326,2.7280637782977633e-06,3.031170230816214e-06,1.4961168750491418e-05,2.2470738141421738e-06,3.625499327142777e-08,1.4850703083832096e-05,3.4785776112234274e-05,0.0019558769214915233
39,5.258499483036362e-05,0.0001370683979633565,3.695396276315763e-05,8.459548507037279e-06,0.8489575105653031,0.045195637724211375,9.567717232213865e-06,1.1939574548772979e-08,0.10059994426401019,1.641665355037376e-08,0.0003792601936631827,7.863659180545844e-08,5.687822308958432e-06,5.389268902791117e-06,0.0012723692824590125,0.00038303076424736767,0.00037451190251472436,4.3794197809742735e-06,2.47529643539623e-06,3.288542359257057e-05,5.313001422205848e-06,1.1214700534802279e-07,3.5881465702824995e-05,4.6505899333133385e-05,0.002454363944990694
40,5.64999705066778e-05,0.0001459225465907958,4.450842147630177e-05,4.564882222071654e-06,0.8524551701165384,0.028297094065151625,1.2901373383521342e-05,7.712104366356654e-09,0.11307468930052493,9.703681678404764e-09,0.0002825351027746974,1.0243291447760485e-07,4.855505223563808e-06,4.115480033554562e-06,0.0019330229302483388,0.00022917950887138615,0.00017675334516577387,2.419867711090685e-06,1.944284157795214e-06,1.782276861881046e-05,3.4553784878671533e-06,8.148307122833419e-08,2.2427283253930206e-05,2.6697510323778995e-05,0.0032032190269632066
41,0.00010868984421225807,0.0010466028181862852,6.850571839938497e-05,0.00043891994164422697,0.5462116587791438,0.3364638955722919,2.0913673959023726e-05,1.0442823240103219e-07,0.057771393816162926,1.103266512812071e-06,0.007437748532606274,1.0647795705244573e-06,2.4336285524585636e-05,0.00029380370634041674,0.0015476056731757515,0.0010960095489680592,0.02400733281229976,0.00010621293365140075,4.4480152112085454e-05,0.0005507008350805561,0.00025907758808627393,1.7658959288554356e-05,0.005948462576464504,0.0017164759019368241,0.014817241856149332
42,6.123175338129761e-05,0.0001812871957036755,6.532086532055991e-05,1.8203730720768807e-05,0.7219893808596164,0.08078404972148971,1.5139752342596827e-05,5.285584657343471e-08,0.18706204838080945,3.71843606525032e-08,0.0008015529110168851,2.1546297763031025e-07,1.2222282318031321e-05,6.476086407361646e-06,0.0039012150895794124,0.0017227667377777644,0.0007038711500648232,7.897918543047824e-06,1.0177443734371104e-05,6.43083251863306e-05,1.4482266437645246e-05,5.636699345800234e-07,5.094475829601604e-05,0.00011600019986597791,0.0024105533982682037
43,5.737309338023212e-05,0.00014896691926501475,3.346847122071001e-05,7.4376391344241226e-06,0.8651339846409042,0.03038255588358725,9.656674848419881e-06,9.18483243097255e-09,0.0997038332134959,9.551466077103792e-09,0.0003903251788947769,8.935432612306318e-08,4.766096359200433e-06,5.259366342483766e-06,0.0011048152886108963,0.0002510120816033613,0.00026815723798581377,3.2093065447704924e-06,1.9504155968549826e-06,2.371396090464863e-05,3.2858576384921516e-06,7.968886010963268e-08,3.0320171828413356e-05,3.7780184259366216e-05,0.00239794053811005
44,5.2958586870495536e-05,0.00014844124838135641,3.437656160839519e-05,8.41230233575832e-06,0.8555372554342401,0.04087379739144202,9.620114098339127e-06,1.1149102364946866e-08,0.0984545298469417,1.5899321421456336e-08,0.00037665898511693853,7.999327954638527e-08,5.2540915693466716e-06,5.68732493214628e-06,0.0012109350676120132,0.00035034281582675724,0.0003483293941103956,4.193565644814024e-06,2.3500975058149858e-06,3.1905034549338034e-05,4.8316917539554e-06,1.078568211646572e-07,3.615950250355928e-05,4.469428945260716e-05,0.0024590517549797236
45,5.336803847248066e-05,0.00015019694253071673,3.38633606080233e-05,8.410509257451639e-06,0.8573755349967457,0.040385234426803036,9.505952639535166e-06,1.072176837813665e-08,0.09713706569068552,1.597090523219944e-08,0.0003686645479511702,7.965981457475946e-08,5.273788403306935e-06,5.761659610530973e-06,0.0011606267017977834,0.00033819653195330614,0.0003537182604845565,4.208311690632096e-06,2.3055677026161398e-06,3.20627970845331e-05,4.8700177407605775e-06,1.0638182860512077e-07,3.6795321776064374e-05,4.463457424926108e-05,0.002489489267496213
46,5.142555154706327e-05,0.00014458580894034036,3.5824115273482696e-05,1.1258660078252273e-05,0.8463816267468277,0.05100446297410314,8.816550424129894e-06,1.3419185035128673e-08,0.09676611672237975,1.7501358874776817e-08,0.00047705683984797053,9.061258177896469e-08,7.0804876522091755e-06,6.963944395701125e-06,0.0012522208996329776,0.000400150787420448,0.0006051515662095024,5.16290095425811e-06,2.7643022314793246e-06,4.095507532669514e-05,6.542818477732969e-06,1.594946387283406e-07,4.912958309887629e-05,5.548943556398071e-05,0.0026869332018499593
47,9.770917469560482e-05,0.00017968623392517854,4.7221364361505845e-05,8.512653146692085e-06,0.7951623763713215,0.03467404497261298,1.4037923463503836e-05,1.1773873207392461e-08,0.16282786955347264,2.196956911386086e-08,0.0002324829660869375,1.9513630954943524e-07,1.301123151569463e-05,5.02958917767593e-06,0.0014485651086407001,0.0005100499303316374,0.0005104328938961791,6.66792361503824e-06,3.727736085332627e-06,3.7726208619597784e-05,8.709074673685952e-06,1.8143801504899833e-07,2.7059149314866352e-05,4.9827128075545296e-05,0.004134842495200512
48,6.468219289709512e-05,0.00030924048730754047,2.6953651865774613e-05,7.601726977377699e-06,0.8319267147877741,0.07355407346552155,7.2576075084933504e-06,1.3674786441506217e-08,0.09038180612853526,2.584625811055129e-08,0.0006184135187980453,5.981288501988668e-08,5.252324892025983e-06,6.127633240708091e-06,0.0007975205659932038,0.00036642354269215846,0.00048231917703940277,3.3122488084913675e-06,1.1169306273637612e-05,3.399459407903421e-05,4.5902524734917075e-06,1.480599510273397e-07,6.0548509418640074e-05,0.00011927253258418595,0.0012124783514389438
49,6.294723764627152e-05,0.0001712260963316114,5.24497469564029e-05,1.3247130391532761e-05,0.8291286790662272,0.04992306548681598,1.1887848782792166e-05,1.296988950548371e-08,0.11443037429297762,2.1907125738537783e-08,0.00045414139357556144,1.2364760512056338e-07,7.309075913434501e-06,7.281710836030414e-06,0.0014141221790960185,0.0004165723952074604,0.00041004432230607043,5.34361903330117e-06,2.5133961618181257e-06,4.14282852655707e-05,6.817679859914673e-06,1.4783240385371257e-07,5.412647431715115e-05,6.394774124667915e-05,0.0033221684640275277
50,4.5499347690914294e-05,0.00011760630941625183,2.760834850611894e-05,4.336705642069854e-06,0.9403161764106837,0.01748208141500879,2.0231242308231378e-05,1.2747886607688175e-08,0.03695796943848702,2.5640785588056583e-08,0.00023163202998369032,8.055225576778071e-08,3.7685075682466657e-06,5.498367133185713e-06,0.0011213734376064493,0.0002434004457114973,0.00020534099931143325,2.5781001689866554e-06,1.6039761766862978e-06,2.560385558531998e-05,3.0458139993561657e-06,8.045605900523663e-08,3.869368441737065e-05,2.0943216872518248e-05,0.0031248089507351124
51,0.0001359863374694075,0.0009423957912777426,4.0093250326191644e-05,3.30735606395846e-05,0.7460204341601296,0.03824572248535565,1.2708320542622677e-05,2.422566912353872e-08,0.2058654858171632,3.013387346094414e-08,0.0007919372114046125,2.3806556844007684e-07,3.90154427526696e-06,1.957781763358566e-05,0.0027756108006201556,0.0004215299176128975,0.0005512711815477171,1.0056750795114412e-05,5.859493765984101e-06,4.480321283738001e-05,6.464967192134554e-06,5.701522592624784e-07,5.697003462515888e-05,7.644481806164532e-05,0.003938809949354034
52,8.578114646481879e-05,7.136473057443095e-05,3.900549920896033e-05,4.569608016159831e-06,0.7289663861466001,0.12710859874756403,5.739963553382817e-06,1.4336798145634126e-08,0.13649150532162047,2.0529221939072638e-08,0.0004409817627944689,2.429917637841165e-08,2.9889583157892977e-06,5.615205222121989e-06,0.0028404116173741515,0.0005441422634592505,0.00033367574820738236,1.9466057862018457e-05,2.7646380196216003e-06,2.014320809999035e-05,3.0205381887133044e-06,1.1923895545415775e-07,1.1964084926206347e-05,3.378167523671394e-05,0.002967914674539157
53,1.9993019567355308e-05,7.43523836576358e-05,2.4066587407116783e-05,4.987898562791321e-06,0.9303626069678058,0.013407806751108493,2.002768351600153e-05,1.0893224550521493e-08,0.05200389474270308,9.709840590839869e-09,0.00033946781808955094,9.17871198705931e-08,2.992716401983291e-06,3.5439934618633694e-06,0.0013528812277277815,0.000268130827143799,0.00011642983304934651,1.3931834789787329e-06,9.05543827265679e-07,1.8954275266312123e-05,2.761638250138741e-06,6.68658473398436e-08,3.224505368784601e-05,2.0481147706948502e-05,0.00192189745154752
54,3.341396454300635e-05,6.774707484078757e-05,4.6077171463899156e-05,1.4247529958441337e-05,0.8289514276516297,0.0649507656384414,8.455895948379348e-06,2.6616706732211125e-08,0.10166645419416379,1.3445906212759514e-08,0.001074553538447236,7.353406899747058e-08,8.83974993045006e-06,3.8015751556090297e-06,0.000707523549085308,0.0005442007165526915,0.0007188144138090265,5.487090950848147e-06,3.8541330739087385e-06,4.827788283097273e-05,1.0672947458776223e-05,1.6595869045680105e-07,7.025233323330575e-05,0.00015095609113399537,0.0009138973019759191
55,0.00010128170099140146,0.00017734097646239988,5.167266042449936e-05,1.00728275215135e-05,0.7056977781998317,0.03430448517642794,1.2742173707601191e-05,9.487099740622548e-09,0.2543205679225398,1.2852692072990792e-08,0.0002500916730026583,2.0121248109739806e-07,1.1044233463164556e-05,4.228846712714959e-06,0.0012529937595804122,0.0004303132827912001,0.00025667446757059615,6.32365761974607e-06,2.8074060206965883e-06,2.6361811959774726e-05,6.250279568692561e-06,1.1188243600340084e-07,1.8216552708576633e-05,5.8470594868894074e-05,0.0029999463615172093
56,5.561355266084268e-05,0.00015123881833318647,3.56621621229465e-05,8.613503252607142e-06,0.8535338476616786,0.04050716727071161,1.0088820641966803e-05,1.1540417876266015e-08,0.10070787957627016,1.5938462909186847e-08,0.00038406655257855964,9.257491916801876e-08,6.24264868886731e-06,6.021116590535485e-06,0.0011965179078293224,0.0003445406954326828,0.00036713287410778983,4.2364786096572745e-06,2.520552775856077e-06,3.289977864782082e-05,5.048246582190875e-06,1.1218050987890655e-07,3.716385205978e-05,4.677256294845642e-05,0.0025564931331669327
57,6.198262005878222e-05,0.00018194371921225868,3.8116514931355306e-05,1.0268904541102734e-05,0.8395250189194062,0.03099279795890988,1.3474516150077094e-05,1.555680116101988e-08,0.12310754012771517,2.03361921512841e-08,0.00032574990225710373,1.9309298098761927e-07,1.1964808434194968e-05,6.484331620325492e-06,0.0014022521389332326,0.000500914571677915,0.0005148344797101901,4.5815248629531415e-06,3.4136445958668153e-06,4.799396928341118e-05,7.3089470505848405e-06,1.8902049990323802e-07,3.909434904131892e-05,5.012904708559971e-05,0.00315371699804796
58,6.438161919351244e-05,0.00016125890083063725,4.1016131730131884e-05,9.203492739364754e-06,0.8372908801890179,0.045739261134799536,1.0351225402550033e-05,1.183453405496776e-08,0.11212624299576307,1.635828154491687e-08,0.0004395767083304397,9.936353587117391e-08,6.6170705649689185e-06,5.5557753853197255e-06,0.0010350288100713207,0.00035147596046780096,0.0003338730063270169,4.311277268124544e-06,3.183483394088743e-06,3.2037187316020264e-05,5.1608348964066454e-06,1.0514339648574177e-07,4.1160983626889363e-05,6.662726286185478e-05,0.0022325632502651275
59,6.0890511322321874e-05,0.00015763623358514554,4.7028748300983777e-05,9.752470393300543e-06,0.8339589924026599,0.04780989725192646,1.053210654767023e-05,1.2347891354823193e-08,0.11331582403653347,1.7431500652596974e-08,0.00044158328125821307,9.180316128811464e-08,6.022277076587611e-06,5.0881752351236e-06,0.0011232878279467896,0.00037762055840379673,0.0003161195625129862,4.165812360228724e-06,2.9649202990719824e-06,3.417418564569355e-05,5.392862233451355e-06,1.037803941671238e-07,4.315490512273677e-05,6.749140462991747e-05,0.002202155103058528
60,5.2958586870495536e-05,0.00014844124838135641,3.437656160839519e-05,8.41230233575832e-06,0.8555372554342401,0.04087379739144202,9.620114098339127e-06,1.1149102364946866e-08,0.0984545298469417,1.5899321421456336e-08,0.00037665898511693853,7.999327954638527e-08,5.2540915693466716e-06,5.68732493214628e-06,0.0012109350676120132,0.00035034281582675724,0.0003483293941103956,4.193565644814024e-06,2.3500975058149858e-06,3.1905034549338034e-05,4.8316917539554e-06,1.078568211646572e-07,3.615950250355928e-05,4.469428945260716e-05,0.0024590517549797236
61,6.185604226864277e-05,0.00015716433026443237,4.543852516931286e-05,9.297476120274028e-06,0.8403515688266024,0.045290352861686915,1.070390903812965e-05,1.22641549992199e-08,0.10942328388078829,1.7261075305517994e-08,0.00042523127195025147,9.210767198244139e-08,6.151245976285176e-06,5.136861016151649e-06,0.001120476140537169,0.000357414388271545,0.0003186696175789415,4.215709911096756e-06,2.8990231024248745e-06,3.3327393640552074e-05,5.217289580456398e-06,1.0287063398321202e-07,4.1516315157240244e-05,6.314577202716483e-05,0.0022667086157758215
62,5.2958586870495536e-05,0.00014844124838135641,3.437656160839519e-05,8.41230233575832e-06,0.8555372554342401,0.04087379739144202,9.620114098339127e-06,1.1149102364946866e-08,0.0984545298469417,1.5899321421456336e-08,0.00037665898511693853,7.999327954638527e-08,5.2540915693466716e-06,5.68732493214628e-06,0.0012109350676120132,0.00035034281582675724,0.0003483293941103956,4.193565644814024e-06,2.3500975058149858e-06,3.1905034549338034e-05,4.8316917539554e-06,1.078568211646572e-07,3.615950250355928e-05,4.469428945260716e-05,0.0024590517549797236
63,5.49250684683308e-05,0.00017711245030176733,3.330896757728114e-05,8.24709707096419e-06,0.8594495191119601,0.03816923180456959,9.543406039558282e-06,1.0462932545864563e-08,0.09733742156561266,1.6401933933632906e-08,0.00035783753972344986,8.009404072764916e-08,4.895766027918027e-06,5.767720656063654e-06,0.0011857769169553495,0.00031964108127302326,0.0003290720406634855,3.836669566699263e-06,2.4618410692785977e-06,3.153675132918666e-05,4.655822169594907e-06,1.0508481664387646e-07,3.673880865551603e-05,4.344175047039142e-05,0.002434815776116115
64,5.117169516088275e-05,0.0001583435126289862,3.624507470578977e-05,9.604826565126743e-06,0.8466629318593881,0.0437157050772609,1.011376063941831e-05,1.1042150077356783e-08,0.10396433989541357,1.9206568372949896e-08,0.0003581970869937771,9.600366728252818e-08,6.449989775043379e-06,6.332700740197479e-06,0.001277583337835204,0.0003800101269394361,0.000411751690082847,4.6049120990619364e-06,2.447743989018114e-06,3.799496612059803e-05,7.0364933899103105e-06,1.329655151408701e-07,4.2182812032540985e-05,4.934816397562725e-05,0.002807345056363157
65,2.9712522409636403e-05,0.00012758380714025826,3.748418626704618e-05,1.0824554242995411e-05,0.9287311232745584,0.03627569126262232,1.5506672963813666e-05,1.6640953661470318e-08,0.02805072586704461,5.3439992658619195e-08,0.00030560827106241944,5.351594422598267e-08,2.9214891657207826e-06,9.531826907445797e-06,0.0014960558195206842,0.0003707836119130239,0.0003667352472652293,3.5364670801404465e-06,1.087135020082357e-06,6.084532490703075e-05,6.6144262399131055e-06,1.1468342798747124e-07,9.046757907405501e-05,2.6685660713220286e-05,0.0039802367135635276
66,5.5894026922961673e-05,6.60435605100503e-05,5.555146498537173e-05,3.4803390301051844e-06,0.8748431357429451,0.05884082978317752,6.492832309122553e-06,4.911685132178266e-09,0.0630553017182148,1.7396855045290713e-08,0.00019617920862876934,2.7194321387595264e-08,6.539993197613702e-06,1.816696758644432e-06,0.0004087021089870623,0.0001733136082237361,0.00031883809191462625,3.4813531191809768e-06,1.8785844555306525e-06,3.146418170632334e-05,5.511917918937226e-06,2.763572472971237e-08,3.505095008186018e-05,5.708899402134044e-05,0.0018333277043050362
67,3.9810775993865126e-05,0.00010833874556604024,3.7425327104355675e-05,1.4445733459895104e-05,0.8395556984689047,0.07910505332549464,7.040130317073073e-06,1.0860887475538894e-08,0.07575959068015747,2.1397951330730484e-08,0.000483353118956026,6.983488076708446e-08,8.194115344211479e-06,9.41257553457704e-06,0.0008731320924541305,0.00042753742930801673,0.0006140283180585108,5.277549510423173e-06,1.876855027690448e-06,5.4945443960525233e-05,7.144648504791508e-06,1.0628762411285084e-07,7.434096414456822e-05,6.798536603755122e-05,0.002745159954817272
68,0.00018409877128597538,0.0002706414768357143,0.0001728251738504442,3.7092334789498584e-05,0.7232059456208721,0.06814408416798803,1.538335595563246e-05,1.5610976019667637e-08,0.20155185257725886,4.5881177200494326e-08,0.00045095741293879285,2.1729820434799014e-07,1.1339594388122305e-05,7.383065672698693e-06,0.0006658807261047837,0.0005227258088533143,0.0005231632849917843,1.2733788167811923e-05,3.0961149501154876e-06,6.451409143721339e-05,1.8276749899929875e-05,1.714256524132589e-07,0.00010430937670002177,0.00021336500682712865,0.0038198812842221218
69,4.6858548213498744e-05,0.00014877733352727405,3.5570843979506934e-05,9.158280452178541e-06,0.8599447412847349,0.042583749455153495,9.780964850550954e-06,1.2050635617214798e-08,0.09258586829378083,1.6266172235554374e-08,0.00043590945169246474,8.019001374357898e-08,5.024851422937436e-06,5.657692819681874e-06,0.001185146858762557,0.0003621496142364613,0.0003236380633520468,3.635323855124055e-06,2.4498627899052076e-06,3.392122073515084e-05,5.023527297540696e-06,1.0472577937905922e-07,4.3641975703038496e-05,5.1629823675471195e-05,0.00217745349636465
70,8.951869922178307e-05,0.00011030523657478213,6.909874508359342e-05,1.2018400310590665e-05,0.850407223992532,0.026922668171077142,1.5092538382956168e-05,2.0364562804116177e-08,0.11377303353577933,1.9067880731427727e-08,0.00019928377385763178,1.2216056386573735e-07,8.055694861822773e-06,7.527392446120396e-06,0.0018675409131324848,0.0005723353367880983,0.00038978536913552545,8.067013298421056e-06,8.567198888687864e-07,4.733074436211401e-05,3.481340185459258e-06,1.0092123119366754e-07,1.7703249800346356e-05,1.6630724318283694e-05,0.005462179894723979
71,4.492674202613936e-05,0.00015312814528327124,2.7713849945755806e-05,7.588590602140474e-06,0.880789127040378,0.032072913250341756,9.147018211608414e-06,9.416031181101234e-09,0.08267355941867464,1.6266062895013408e-08,0.00028412049502414105,7.233959012831138e-08,4.991994052701427e-06,5.386078008585746e-06,0.000943350604037468,0.00031358203039214054,0.0003004128646670414,3.220217232267961e-06,1.9151925272267943e-06,3.624913688841427e-05,4.2661735599535366e-06,7.983070012651445e-08,3.648891070603262e-05,3.7712647774174165e-05,0.0022500217472819265
