,0,1,2,3,4,5,6,7,8,9,10,11,12,13,14,15,16,17,18,19,20,21,22,23,24
0,0.0008105500251375707,0.10663373644441063,3.7036914080760576e-05,0.00021355919948740827,0.2477297730031975,0.011693807196097954,0.008735060595810735,1.953942589156749e-06,0.5140288395552968,0.0010970622648080607,0.002454258881904439,5.430037223795823e-06,4.356948342266088e-06,0.009703640639623232,0.06903451102581537,0.0009341380446991158,4.7642002892932844e-05,2.4259878286236065e-06,0.0004958340038666411,6.174298565493769e-07,0.00022099659605069507,0.0003287155151387242,0.0010854398263514119,5.5930778926175237e-05,0.02464468314056351
1,0.0006406648311391526,0.06948074521777807,2.4410014083691575e-05,0.0001493679840374105,0.18713261944075713,0.008854238230999265,0.006073533699717843,1.7315267890680868e-06,0.6627080594753839,0.0011844185805628923,0.0013804396011514787,2.508967717492177e-06,3.0678274890732914e-06,0.004960074468816122,0.04137653973694863,0.0010535623408461838,3.12549739667924e-05,1.2741028480691793e-06,0.0004290504776521582,4.893857204367478e-07,0.00010292842123321277,0.00019728731294638995,0.0006468888560873955,4.688151926691014e-05,0.01351796300606112
2,0.0006712321525150809,0.06639147245071167,2.852627535447145e-05,0.0001493927327485814,0.2241388716672337,0.007479115758543241,0.008523322005724789,1.883084840578121e-06,0.5838629106036701,0.0011903792721839957,0.0014757299954667367,2.7233912641855965e-06,2.630887030600457e-06,0.007973784475995165,0.06476256152410956,0.0006544099894464302,2.7307117400363724e-05,1.8166216792363248e-06,0.00045428496928508834,8.274706390149413e-07,0.00015530692806666496,0.00034566764012873644,0.0010383765045680182,5.427279694075719e-05,0.030613193684453272
3,0.0008254138417619234,0.10609419599049917,3.805571274519599e-05,0.0002158654401922573,0.24430453627979007,0.012326939768547745,0.008947756550283471,2.029706720473936e-06,0.515575359946743,0.0011537722030360818,0.0024435142815110978,5.460676328449212e-06,4.441668343068125e-06,0.009686402156793866,0.07044007208288554,0.0009736118210223285,4.834147468703892e-05,2.4522638803797317e-06,0.000522272302271975,6.578899794777319e-07,0.00022824108457691124,0.00033533131199314304,0.0011014876945407812,5.75523474663094e-05,0.02466623550340031
4,0.0007706488424022386,0.12643543255941186,3.82924539743982e-05,0.00021613023538947907,0.2638594685295875,0.012512651589070651,0.00875815226033258,1.9522451302463093e-06,0.4838229506694533,0.001018255080455191,0.002889267170257447,7.591964132522052e-06,6.20019433645779e-06,0.011284643052322635,0.061215006192766236,0.0009503186609858881,5.442166510003196e-05,2.7307719709179236e-06,0.0005500704847812721,6.509887892997072e-07,0.00023328922355465606,0.000344581428260419,0.0011169581056268635,4.973836894777806e-05,0.023860597262960134
5,0.00107241085240212,0.0804474975951087,3.9879870351750064e-05,0.0003002538511066114,0.23072208232095037,0.01147668768876757,0.009455380945550765,2.2236870584859164e-06,0.5563678548736558,0.0015324718173435985,0.0024324859669394125,6.420748832027663e-06,4.3884492292667586e-06,0.012295443202210534,0.05745316787566776,0.001196781330899375,6.02586362719375e-05,4.888933595070775e-06,0.0004063262749449765,9.767672848983945e-07,0.0002485418860022194,0.0003433686943688287,0.0013487544967566512,8.593888906781214e-05,0.03269551434563358
6,0.0008254138417619234,0.10609419599049917,3.805571274519599e-05,0.0002158654401922573,0.24430453627979007,0.012326939768547745,0.008947756550283471,2.029706720473936e-06,0.515575359946743,0.0011537722030360818,0.0024435142815110978,5.460676328449212e-06,4.441668343068125e-06,0.009686402156793866,0.07044007208288554,0.0009736118210223285,4.834147468703892e-05,2.4522638803797317e-06,0.000522272302271975,6.578899794777319e-07,0.00022824108457691124,0.00033533131199314304,0.0011014876945407812,5.75523474663094e-05,0.02466623550340031
7,0.0009959503507588497,0.20347250572207315,8.372699444808847e-05,0.00020993777938842171,0.29828597565190546,0.01372406141114773,0.008601140069271818,2.855296526848781e-06,0.3736829859628921,0.0007779844373984418,0.004348266068257109,7.80421696231293e-06,1.2144530498161173e-05,0.0071585998474299785,0.07525280489284394,0.0007880356972136268,4.729521996709968e-05,1.860144720162097e-06,0.0008838046931195231,4.881338539848377e-07,0.0002267723815630413,0.0003409903064798191,0.0006220623488058525,5.119900165248598e-05,0.010420748840822112
8,0.0006122072495151682,0.04078732566906557,2.766306000538541e-05,0.00020156797337616384,0.18122124536359316,0.004333171011403691,0.006338131347345785,8.514639315834164e-07,0.6276661087812067,0.0014970901364939019,0.0016177894143140255,1.1389518600197548e-06,1.0494428929422617e-06,0.009858295868282666,0.08150344473779718,0.0004051886355344526,1.939662152780209e-05,1.751536331168366e-06,0.00014847109471876653,5.133114155373151e-07,0.00012253834135914342,0.00027998352423515716,0.0008722252478917752,0.00017453632683687038,0.04230831488906554
9,0.00077700267380613,0.04789116182206314,5.480584146742099e-05,0.00033767375397156593,0.2038639140070017,0.010046987330423012,0.005578680044420202,1.9522956091580343e-06,0.6174450147678937,0.001971971076772281,0.002381355469621681,2.2730611534866152e-06,2.8108218936942354e-06,0.010895692043541107,0.07543360013465718,0.0009177795074743264,4.1507379304091046e-05,2.161177529730981e-06,0.0003259417914330585,9.68902895684435e-07,0.0001945253345721352,0.0003482076307912253,0.0011819251025784643,0.00017113134644746085,0.020130956682678298
10,0.0008254138417619234,0.10609419599049917,3.805571274519599e-05,0.0002158654401922573,0.24430453627979007,0.012326939768547745,0.008947756550283471,2.029706720473936e-06,0.515575359946743,0.0011537722030360818,0.0024435142815110978,5.460676328449212e-06,4.441668343068125e-06,0.009686402156793866,0.07044007208288554,0.0009736118210223285,4.834147468703892e-05,2.4522638803797317e-06,0.000522272302271975,6.578899794777319e-07,0.00022824108457691124,0.00033533131199314304,0.0011014876945407812,5.75523474663094e-05,0.02466623550340031
11,0.0008050606904113994,0.11568474941690107,3.921738290138801e-05,0.00022087598092598238,0.24614147648635487,0.013235528507501612,0.009036846105705225,2.2018989007533226e-06,0.5086505776237534,0.0010836820394875112,0.0025554276640955445,6.375677551717735e-06,5.453512926924659e-06,0.009737985946741419,0.0668023436054741,0.001034160694728602,5.312105071048687e-05,2.4992092491839126e-06,0.000559948177382604,6.676173043019819e-07,0.00022618926513301508,0.00033524549126375815,0.001103192526463906,5.316738280302107e-05,0.022624006045328018
12,0.0003313109208374339,0.09077130877911,1.467174847950902e-05,0.00010154275269974002,0.6275115554604795,0.005564597817385949,0.004018206659419563,1.9470198721366213e-07,0.16425654816657517,0.00023836283430583334,0.0010825313826990904,7.997965899783135e-06,2.03322523865665e-06,0.02083572868646828,0.012859982897766398,0.0002307956201818928,1.312378373168088e-05,5.850537985360473e-06,0.00011166164687881683,5.246501256721085e-07,0.00012148167721853437,4.995532492315871e-05,0.0010571417192590392,1.2111813799704763e-05,0.0708007792265439
13,0.000770564859727701,0.12648969543683813,4.0194211882108865e-05,0.0002523336634614658,0.3025210491259155,0.011484819069451022,0.007788972305001495,1.6829832228783604e-06,0.4186368687117235,0.0008136021029130782,0.005243891177150975,7.508834967852405e-06,6.4712352082827335e-06,0.012100640107342008,0.09049406037414706,0.0008991635404998807,5.1275310286014635e-05,2.2842787964114323e-06,0.0005421953192174941,4.995365088282327e-07,0.00027805819539135097,0.0003198675212361921,0.0013777146949533955,6.284058290022234e-05,0.01981374682125714
14,0.0008467728413781565,0.1929363404975604,3.901214435630154e-05,0.00016462712580734464,0.32154884304443976,0.017500079682195385,0.009441970260525874,1.6737105217598389e-06,0.35472439597584915,0.0008856632917383629,0.00338000747640336,1.055804736277405e-05,7.71836765766152e-06,0.010181818122994565,0.06488081010509048,0.0011163328961304485,4.672889534456839e-05,2.4128198096841584e-06,0.0009069434522267115,5.552583307941697e-07,0.00027878243304845185,0.0002760725821249926,0.0009233699428552097,3.418717234713549e-05,0.01986432385390085
15,0.0008254138417619234,0.10609419599049917,3.805571274519599e-05,0.0002158654401922573,0.24430453627979007,0.012326939768547745,0.008947756550283471,2.029706720473936e-06,0.515575359946743,0.0011537722030360818,0.0024435142815110978,5.460676328449212e-06,4.441668343068125e-06,0.009686402156793866,0.07044007208288554,0.0009736118210223285,4.834147468703892e-05,2.4522638803797317e-06,0.000522272302271975,6.578899794777319e-07,0.00022824108457691124,0.00033533131199314304,0.0011014876945407812,5.75523474663094e-05,0.02466623550340031
16,0.0014474676587008068,0.1174741838922458,4.665810210248989e-05,0.0003962419183156865,0.2734731836923794,0.01512418202247232,0.01607446370278371,2.4470725521656426e-06,0.4038699935365332,0.003146872472950727,0.003486143413705436,1.8008880063768454e-05,5.631068919378165e-06,0.024217690400045178,0.06862465471239211,0.0016534238475619666,9.412571820755343e-05,1.2473040272501351e-05,0.0005915467354856263,1.4852828190874653e-06,0.0009359107059782576,0.0006479009227794593,0.0016911515677553357,7.907254884986679e-05,0.06688508708412799
17,0.0013610679816479414,0.16091270955020376,3.6418157600945636e-05,0.00024238587484201154,0.2899175430619058,0.009546363141892467,0.01147821370421175,2.7406963631529745e-06,0.39370233875286537,0.0010088241420150386,0.003049011850955149,2.675613779279388e-05,9.870308439926746e-06,0.022534922127136085,0.037107036831186414,0.0009383533195521901,0.00010197815140255277,1.1725775309667175e-05,0.0006566270951959275,1.1217866232062242e-06,0.0004513053869796869,0.0005854363699930823,0.0020592434656600675,3.5768534126719146e-05,0.06422223779609842
18,0.001262691880259476,0.12868920425370578,1.7673952581350922e-05,0.00012407034334536667,0.12571589017075324,0.008542031992491567,0.011458402064512565,1.7849643787788186e-06,0.5756177710266103,0.001413234845990347,0.0016640041468061807,1.3126591343204488e-05,4.7853217676283075e-06,0.016381014050268705,0.03198108294987823,0.0007522375049690027,0.00010541649878346356,8.66120277613331e-06,0.0004562714246722426,8.843733622127238e-07,0.00022572737670933202,0.0006323203611837729,0.001489625697872682,3.8475112805107676e-05,0.09340361189217333
19,0.0006648814478755551,0.11793713859884192,4.71184863271121e-05,0.00022104627903396246,0.32065459938505364,0.010513777511985763,0.009495570256974891,2.6674835144529327e-06,0.444819559703832,0.0008599413080484946,0.00230237023756384,7.633969995088467e-06,6.36967128814559e-06,0.009381609062154996,0.061952495958317394,0.000881168427945841,4.2504390006549643e-05,2.4002086401541074e-06,0.0005963972314901622,6.843630498095963e-07,0.00022089679902626908,0.00037707204810425143,0.0008402081253010086,3.879214213214443e-05,0.018133096903496453
20,0.000591239457632469,0.09084662150041774,4.653899830605084e-05,0.000230311176437593,0.22095881964855266,0.011264534562290127,0.013109237425848434,3.236683567509862e-06,0.42077991898744055,0.0010291547344036436,0.003120305980098019,3.47006532267001e-06,3.7886848453716105e-06,0.007553636530457613,0.20602098803913405,0.000739948668218645,3.637442165962248e-05,1.1066532001936923e-06,0.0007104089931672393,6.31665537496364e-07,0.00035694174620808946,0.00057990515124256,0.0013061621081380584,6.595797810086975e-05,0.020640760139772906
21,0.0011392098182727622,0.12787991046992614,3.823935614478302e-05,0.00024158136216680532,0.348755135600815,0.010191601396321732,0.006600187548655329,1.3907905337168888e-06,0.4106225678101133,0.0016221211521566092,0.003319168156026341,1.0589607565397415e-05,5.216373715277454e-06,0.014653236665813663,0.04174286697423822,0.0010415780723613851,4.848873780395322e-05,4.9477047917384046e-06,0.0005395107767343498,7.497100012493817e-07,0.0003815724465660447,0.00028681399689582605,0.0010029542064055224,5.8864097102703154e-05,0.029811497168872273
22,0.0012090892357741346,0.10075542314546845,6.01476274364655e-05,0.0003913245468063074,0.24059525510248236,0.016192890400159754,0.008534925294951218,2.4978332748064514e-06,0.49932529678723536,0.0021648852827840554,0.004293048655672565,9.144133012285472e-06,5.6257160621151704e-06,0.014944300424568976,0.08190739003782063,0.0015380447289929878,9.398032174271483e-05,4.830767682133741e-06,0.0005551255107240089,9.619198857870548e-07,0.0004430765577749348,0.0005073778605212375,0.001380857548681835,0.0001088810556732715,0.024975619504811655
23,0.0008254138417619234,0.10609419599049917,3.805571274519599e-05,0.0002158654401922573,0.24430453627979007,0.012326939768547745,0.008947756550283471,2.029706720473936e-06,0.515575359946743,0.0011537722030360818,0.0024435142815110978,5.460676328449212e-06,4.441668343068125e-06,0.009686402156793866,0.07044007208288554,0.0009736118210223285,4.834147468703892e-05,2.4522638803797317e-06,0.000522272302271975,6.578899794777319e-07,0.00022824108457691124,0.00033533131199314304,0.0011014876945407812,5.75523474663094e-05,0.02466623550340031
24,0.0006631319767360045,0.09891361884995066,3.314437930567289e-05,0.00027547564401996075,0.3939518654990622,0.009421260017191154,0.007096893752851842,1.6631141475295927e-06,0.4096962463789063,0.0008121060163738831,0.002734317949154909,8.303548829353866e-06,6.472583887700268e-06,0.013086250314527753,0.04002677480649605,0.001134436837628782,4.108329221705903e-05,3.3536326310365243e-06,0.0004174800917374672,6.107251503654078e-07,0.00019485786647626714,0.00020684509141392994,0.0010915231428993493,4.120748838685909e-05,0.02014107700001807
25,0.0010264295334598155,0.09126998164997992,4.97690522663461e-05,0.00040099103633743557,0.3397144332045026,0.01045478406935043,0.012752201075978754,4.3861436122642485e-06,0.40514185774919925,0.0011341734090023507,0.004974365024504476,8.95193830080877e-06,8.682313536460684e-06,0.010617420182701424,0.10017566136733991,0.001674291803890364,5.4899897035904e-05,3.532024050837244e-06,0.0007891441230529372,8.491668656939458e-07,0.00041564130739337986,0.0004205815191504259,0.0016529846798412013,5.989962606537426e-05,0.017194088102581665
26,0.0008124834756591343,0.14608446718053733,5.067681342375829e-05,0.00023128485760325792,0.3201521543183434,0.015760887727073607,0.013218875407273388,2.2936089176942786e-06,0.3626268813005331,0.0015964720317941888,0.0031450704658652546,1.0476575069840168e-05,6.383319129586343e-06,0.014920087398951495,0.08771593126958788,0.0012299257157209363,5.3034473127225556e-05,3.597670998567402e-06,0.0008278647199115646,8.136782524470726e-07,0.00042228197152063406,0.0005248288596449847,0.0009857895490319526,4.2188955681523254e-05,0.029575248656347367
27,0.0005239994291493188,0.06658013670360019,2.191588450602504e-05,0.0001254652837046612,0.15130658447495363,0.007573638130034424,0.008539422298376757,1.6011017400895616e-06,0.6562258127895857,0.0010841273668356218,0.0014497251225184208,2.194852178320594e-06,2.3743105658137983e-06,0.0063749949240557435,0.07304492969020955,0.0006092262394685618,3.113909836846879e-05,1.1692132888985015e-06,0.00036340702184299546,5.609993756149578e-07,0.00011498750069990236,0.00036298877961137054,0.0008337078892689199,5.744199240324393e-05,0.02476844890365798
28,0.0008254138417619234,0.10609419599049917,3.805571274519599e-05,0.0002158654401922573,0.24430453627979007,0.012326939768547745,0.008947756550283471,2.029706720473936e-06,0.515575359946743,0.0011537722030360818,0.0024435142815110978,5.460676328449212e-06,4.441668343068125e-06,0.009686402156793866,0.07044007208288554,0.0009736118210223285,4.834147468703892e-05,2.4522638803797317e-06,0.000522272302271975,6.578899794777319e-07,0.00022824108457691124,0.00033533131199314304,0.0011014876945407812,5.75523474663094e-05,0.02466623550340031
29,0.0008254138417619234,0.10609419599049917,3.805571274519599e-05,0.0002158654401922573,0.24430453627979007,0.012326939768547745,0.008947756550283471,2.029706720473936e-06,0.515575359946743,0.0011537722030360818,0.0024435142815110978,5.460676328449212e-06,4.441668343068125e-06,0.009686402156793866,0.07044007208288554,0.0009736118210223285,4.834147468703892e-05,2.4522638803797317e-06,0.000522272302271975,6.578899794777319e-07,0.00022824108457691124,0.00033533131199314304,0.0011014876945407812,5.75523474663094e-05,0.02466623550340031
30,0.0008254138417619234,0.10609419599049917,3.805571274519599e-05,0.0002158654401922573,0.24430453627979007,0.012326939768547745,0.008947756550283471,2.029706720473936e-06,0.515575359946743,0.0011537722030360818,0.0024435142815110978,5.460676328449212e-06,4.441668343068125e-06,0.009686402156793866,0.07044007208288554,0.0009736118210223285,4.834147468703892e-05,2.4522638803797317e-06,0.000522272302271975,6.578899794777319e-07,0.00022824108457691124,0.00033533131199314304,0.0011014876945407812,5.75523474663094e-05,0.02466623550340031
31,0.001434121149086763,0.12356214361682022,5.835007633597368e-05,0.00020618631636937866,0.2969600497763893,0.010197039876164443,0.009071225182882746,3.916108978416011e-06,0.4628653140126819,0.0010420670054414178,0.0018761910929193258,8.690493784584019e-06,6.296133029881857e-06,0.00874531383731302,0.04967233201496147,0.0009464538989252538,5.0365464145979283e-05,4.6162846704643475e-06,0.0008189200243937549,1.0519968537870649e-06,0.0002777745198369256,0.000400419214298338,0.0012348908251855718,4.502556026585776e-05,0.0305112455182654
32,0.0008356831177147313,0.1118780928850072,4.051924046886083e-05,0.00019883947406656777,0.25823262291309806,0.012626824612788879,0.009391864401525224,2.2834342027101035e-06,0.4910451716268345,0.0011372585620475473,0.002477012679356613,5.891404464393107e-06,4.908315173075253e-06,0.009486317445078232,0.07468966676587357,0.0009986424940252462,4.7112455245828745e-05,2.336277549146214e-06,0.0006745571322346182,7.168398457732658e-07,0.00023926485330533128,0.0003735424161655167,0.0011176236440400649,5.1858679291232446e-05,0.024441388330597055
33,0.0008180855956516537,0.15467160816129202,3.1198273651942146e-05,0.00023591621800294984,0.13861168625227133,0.01857756297963049,0.014153357084587544,3.974559843217429e-06,0.6000625765644765,0.0014661864778485636,0.002561730585346662,2.909412064323417e-05,2.373791799719184e-05,0.018612525340839254,0.024797793427301026,0.00239873135511032,0.0002462145753361209,7.682606739153892e-06,0.000690494140035664,9.403644172422424e-07,0.000148814775353531,0.0008064222010100732,0.0008576227863397497,2.7662463743265113e-05,0.020158381172531322
34,0.0010679861460695674,0.12459172160724405,2.8402600978253097e-05,7.748553129350151e-05,0.2582650651809818,0.00408885425891731,0.0042574954608855025,1.3756662862588369e-06,0.5251645468101519,0.0006219090524998382,0.0026794699239849865,3.1953860789474966e-06,3.6615619216117162e-06,0.005327010484923765,0.05149918604107365,0.00035170023220182595,1.952373417320692e-05,1.070304891089428e-06,0.0008341791219255686,3.3795692331241963e-07,0.00012084560040805537,0.0002977969893494118,0.0007607737818085468,4.777378244973927e-05,0.019888632782578287
35,0.0016975682426815155,0.10182617434244598,2.5149704258724782e-05,0.00013768008529472492,0.1369600921453072,0.006200322828703215,0.0072490012825960366,3.007214928940825e-06,0.6860233355230037,0.001328841694355438,0.001236469844462356,6.957615685107616e-06,4.312427865560353e-06,0.005544176376672015,0.024201156883523835,0.0009546765525795881,6.332782477819599e-05,4.6435510499256085e-06,0.0005103710622599852,5.816402108481543e-07,0.00013860600615650661,0.0003417245051017846,0.0006352598481186684,3.934634042710989e-05,0.02486721645753326
36,0.0008318495741484152,0.10644254960980089,3.897990918242795e-05,0.00021707631901454546,0.25144479997462177,0.012246129684235713,0.008829078246077218,1.979612524384435e-06,0.50702099006998,0.0011553773386147753,0.002492140640615956,5.357880500099892e-06,4.362616962473202e-06,0.00971736736095435,0.07155649761182518,0.0009521663199198702,4.651444514573635e-05,2.4339011895613813e-06,0.0005233952398036068,6.558002649065896e-07,0.0002336755622460404,0.0003287762386381735,0.0011005816854709524,5.890754314886708e-05,0.024748356815113993
37,0.0015653918515645888,0.08759535774158729,5.736672730880389e-05,0.0003749520025711514,0.269424280647017,0.009776661737934258,0.007456077317008787,1.5951371679283174e-06,0.49426148259727176,0.0015889394352056802,0.004385348941711037,6.515787250287622e-06,4.1009729853980554e-06,0.015006160098467851,0.07129422300621059,0.0009998855283357996,5.7586834934702506e-05,6.143040858695355e-06,0.0003628959382319497,7.951184990371015e-07,0.00028372365103873843,0.00032618267754265284,0.001341850343975468,0.00018155512039691614,0.03364092774492352
38,0.0008179962530766507,0.12576572332258493,4.9130314452292884e-05,0.00031806025824814997,0.23724012850756074,0.04165364690097524,0.020601501865387787,4.3066765333065185e-06,0.38920240221403163,0.0013873628022247298,0.0036620364389997025,9.231880498939471e-06,1.0010352182385855e-05,0.009903072479147798,0.14289957538308284,0.0031978113082921505,8.352176111625107e-05,2.5297573812804774e-06,0.0013039235640008278,1.1191095778804314e-06,0.00045050127086367336,0.00038967641429681386,0.0020318418728310366,4.942085343804037e-05,0.01896546843921485
39,0.0008546903745916208,0.10253729054977723,3.979565723843376e-05,0.00026492345092934467,0.2343370902119399,0.01654752858998449,0.013345910924167629,3.2847445231324183e-06,0.492640369355139,0.0012156547280780944,0.00219858329630825,6.559388207190126e-06,5.088974529254887e-06,0.009498636948926538,0.090709639268992,0.0013377548457066497,6.233074692577186e-05,2.8486225038528975e-06,0.0006693348397356762,8.99821985016043e-07,0.0003357125624097807,0.0004090567897704258,0.0016561870252615194,5.0355164080026463e-05,0.03127047311828916
40,0.0005356485945220806,0.19116474101057068,7.855061145984071e-05,0.00010654908292563257,0.4689930853529384,0.011986437049306528,0.00592670077414702,9.177366917263044e-07,0.2019137466707055,0.0006417787336308225,0.002461013555391961,8.483101657864338e-06,4.187167006891744e-06,0.013224513650939023,0.0774877043414658,0.0003468780867495689,2.3490557886103203e-05,1.8388861060000238e-06,0.0007639859676277544,5.410230662312872e-07,0.00024134337630706888,0.0003898206740987247,0.00047769309552893986,3.0497307134122354e-05,0.023189853592135802
41,0.0002106470296258059,0.07738882562870575,1.5154258192981424e-05,0.0001153844166112981,0.20259990440995257,0.007428298973627108,0.002705706809937118,6.740458597399604e-07,0.6776233030175943,0.00041992047426941807,0.0006925321161813353,9.92646574892567e-07,1.9185008145790145e-06,0.002874953413360103,0.021719755975837553,0.00048099144449236946,1.5604760143677358e-05,3.4736333597986924e-07,0.00010279717857143521,1.3937494868966284e-07,3.262824967346233e-05,5.1560441636790446e-05,0.00027230114873812443,2.2618075099049222e-05,0.00522304024621566
42,0.0008133057003425012,0.12616758621785107,8.230324339238608e-05,0.00017484474563955662,0.22062042102245072,0.013086321006320567,0.011851068368449277,8.672034131514204e-06,0.45906561115288247,0.0017695811237174528,0.0022637029825601307,7.700911188435884e-06,7.363844793959753e-06,0.006581686766873416,0.13737305957659923,0.0011066744473007552,6.209777814675826e-05,1.2196186555476584e-06,0.0024438895607100607,1.0943090140166981e-06,0.0004725435129122249,0.0016300997976464303,0.0008049232639797185,3.9423777637987226e-05,0.01356480523680397
43,0.000846078683721663,0.14962546146125422,3.854499930629578e-05,0.0002314035601089208,0.2989696066607974,0.012915372487446319,0.009607713737830493,1.8220590142395596e-06,0.4079191532862599,0.0006573346811505178,0.003433639899586804,9.915695625200794e-06,6.348427462718441e-06,0.011829278774734634,0.07399450885738902,0.0009447781352254519,5.7015247394525386e-05,3.1663312988190956e-06,0.0005119788233764026,4.914381807526813e-07,0.00024511216196770435,0.0002915177052753186,0.001303297050738357,4.589544472257636e-05,0.02651056439013174
44,0.0008254138417619234,0.10609419599049917,3.805571274519599e-05,0.0002158654401922573,0.24430453627979007,0.012326939768547745,0.008947756550283471,2.029706720473936e-06,0.515575359946743,0.0011537722030360818,0.0024435142815110978,5.460676328449212e-06,4.441668343068125e-06,0.009686402156793866,0.07044007208288554,0.0009736118210223285,4.834147468703892e-05,2.4522638803797317e-06,0.000522272302271975,6.578899794777319e-07,0.00022824108457691124,0.00033533131199314304,0.0011014876945407812,5.75523474663094e-05,0.02466623550340031
45,0.0005914513604678406,0.07620168692816374,4.434618971703413e-05,0.0002586528959982863,0.2111436403660966,0.017158375826374608,0.013747309667409514,3.532126946424429e-06,0.5030428113210396,0.0011520045611527732,0.002186005482744668,3.046934855233746e-06,4.084474681167017e-06,0.006031925556617399,0.15024984976882413,0.0014731999822735651,3.9411270222533713e-05,1.2263170950802418e-06,0.0006363645363717026,7.057329090244492e-07,0.00021141621683654508,0.0003387945313070258,0.00106567243360287,6.269150406120776e-05,0.014351794014231423
46,0.0018693212905569357,0.11864922427083864,5.953113393660839e-05,0.0006860521668248208,0.08522379643540992,0.04742239472503817,0.009211260519564663,8.129654004355727e-06,0.6299460341816775,0.001523929100645008,0.0043422267659013565,1.910209978294558e-05,1.4618259829966146e-05,0.008887489807867762,0.0715440645801813,0.003918026335658448,0.0005194620208595514,5.860902896534261e-06,0.0006651698409302311,1.0097046448767574e-06,0.00043980562997486924,0.0005027551845167283,0.002440832971843729,0.00011750421219065154,0.011982398204424368
47,0.002013061680025737,0.23935158329109868,2.5615484938355464e-05,5.042573806085205e-05,0.10828224404354432,0.00785519536455859,0.011195172942793381,3.284574790137481e-06,0.5407823911268218,0.001484880181227189,0.001170746100119326,1.7754596924936343e-05,5.716582184234047e-06,0.005491585994071135,0.03403826369773748,0.0006956457821563357,8.094823664348433e-05,4.580320699711107e-06,0.0015693520009240182,7.146150203682383e-07,0.00021321022374535487,0.0010440845784924872,0.0004579213892393988,2.2950464569600283e-05,0.04414267098961292
48,0.0008173374265815513,0.2239041685859539,3.501502013498536e-05,0.0001968329028183728,0.0847124781376654,0.05528382723973107,0.015616872684339112,8.805704817962607e-06,0.5239557579454501,0.0005882771360133204,0.0020434002078255904,1.1869691744487366e-05,1.8129054307544005e-05,0.0037394736403837643,0.07625786304509709,0.00250014443264862,0.00021529150326003743,1.2430551347747263e-06,0.0014835229057184806,4.935767424798235e-07,0.000199661039317447,0.00036017378193583025,0.0011865806915502273,1.9282522140900184e-05,0.006843498068686821
49,0.0008452912770439712,0.16949504713134292,7.844057066180797e-05,0.00021858629258007865,0.2841763053034218,0.020740616092071545,0.010179007667130138,2.353920196227303e-06,0.3871849886175115,0.0014482349704008418,0.002754106792985799,1.2784946686853397e-05,7.103332276598172e-06,0.014869247729095215,0.07731233337675403,0.0009211240886050534,7.362128813752723e-05,3.733167884778517e-06,0.0008392310811185915,1.0537189240428076e-06,0.0003700817728789234,0.0006552410085125333,0.0008560191638230235,5.267476474751946e-05,0.026902771925208686
50,0.0006759344836608764,0.0486788962229144,1.4222289151792318e-05,5.862100098058112e-05,0.14100867599525227,0.0028551227646487027,0.01836763622272534,1.9554062538280646e-06,0.6542739738397879,0.00261609715083703,0.0006323061940992343,1.4317270937433315e-06,1.3795082795238219e-06,0.006085063769646642,0.05537973973627493,0.000519881989317242,1.2930987324983953e-05,1.949340885310469e-06,0.000552877607595529,8.617713246401864e-07,0.00010893213133716205,0.0007022693518169588,0.0005008285622294296,3.422692619714336e-05,0.06691418502036471
51,0.0003687423512422182,0.11832942374255077,3.5973626348826614e-05,0.0002682259250733591,0.18678717991642385,0.005075154496841455,0.0030342476563037964,1.176117726870117e-06,0.6465419836135233,0.0006636446176969144,0.0017985317893843493,2.4494627325758836e-06,3.885699351780675e-06,0.0048698881450843666,0.027646920091587205,0.0003377966390878084,3.2963195950257786e-05,6.770797908355142e-07,9.760068263212e-05,1.1256919236562954e-07,7.984470442026131e-05,0.00014974716329885056,0.00016418113792872316,4.850100594028352e-05,0.003661148569886748
52,0.0015622355000660213,0.032380368955846214,6.329588230329889e-05,0.0006520543411184672,0.20295603225212444,0.01503183453345311,0.006051899748357057,1.8212255934545526e-06,0.6430050074202901,0.004219453370075123,0.005070243147093577,3.759182323741645e-06,4.934584487133905e-06,0.015304216307593353,0.05240009691816791,0.0030487541568246968,7.198686285189556e-05,8.02430843257459e-06,0.00028682749509165205,1.7359020137100743e-06,0.00017656536692257108,0.0002508960951134365,0.001273768260445216,0.0003876710810530112,0.015786517102358344
53,0.0003237313474780615,0.035085228683796536,1.0251483934340147e-05,0.00018299976053380953,0.12166684618687837,0.007882350630416339,0.025121486152211207,2.3694546793036134e-06,0.6582704260306727,0.0008071203359899012,0.0011759906415750648,1.5221979462107579e-06,2.3255324485760696e-06,0.005767129218209795,0.10818284256644284,0.0011140443654188304,2.6043599326886782e-05,1.3090292201968416e-06,0.00023392872150181167,6.724992666358894e-07,0.00010339871834439691,0.00023858413936736828,0.001696589073911891,4.2875994875473526e-05,0.032059933635553664
54,0.0007348796962149966,0.044407426682700084,0.00014233022476895491,0.0008273805077790597,0.3859220243653499,0.018526038253340853,0.005641375695924609,3.0944346638868456e-06,0.33311143651514313,0.0010017203744744363,0.0076811147547486075,3.305827579933082e-06,5.846231167877785e-06,0.011582445596088835,0.17535331481190858,0.001068807814486422,4.6473658252138697e-05,1.8902676006491935e-06,0.0005016400114153436,1.2629133157719258e-06,0.0004884847375484793,0.0003091747627747639,0.00264208662239386,0.00021003737154624193,0.009786407868812717
55,0.0008211401546449708,0.10072196624938849,4.085374668169372e-05,0.00023024167412578976,0.24287829307144734,0.013270830513431614,0.009139952132496465,2.192828730787354e-06,0.5143874941443337,0.001224245320598475,0.0025486443686729026,5.040070982955936e-06,4.481021341663806e-06,0.009722767951106284,0.07803199463883805,0.0010311324664132797,4.899662338861502e-05,2.3113808150830986e-06,0.0005523745470255724,7.0179227075981e-07,0.00023962022284258104,0.00035215789800668434,0.0011754866942735402,6.210513518600547e-05,0.023504975352956786
56,0.0007884579005377311,0.11499010187480413,3.797164139987955e-05,0.00020592792785671305,0.2475543894486748,0.012028466618604348,0.008869808320215302,2.0462610713546088e-06,0.5100417035893084,0.001063834935321844,0.0025283752138738733,6.065343225907923e-06,5.182236560788934e-06,0.00968605551869961,0.06587307539896964,0.0009467222831233635,4.881164048930113e-05,2.443580649837078e-06,0.0005360349973875705,6.390225871570241e-07,0.0002117673732473403,0.0003346247108043288,0.0010301543055574066,5.2784784416052486e-05,0.023154555072613138
57,0.0010111837282086862,0.19039503064541702,6.777223547529886e-05,0.00013662473258440062,0.3747742465799452,0.01294272580203124,0.008871454494802247,3.3996364019462847e-06,0.3019832641710737,0.0009834216032766595,0.0027408344582129204,1.8660008091270293e-05,8.693899910331098e-06,0.010061505810686761,0.06751134847043375,0.0009237578533643896,5.5040796284358466e-05,2.905774063795867e-06,0.002147594149240803,9.473056418642373e-07,0.00045936396327413387,0.000739625726921235,0.0008964858018354392,2.494472669700992e-05,0.023239167626125514
58,0.0008181873287612374,0.09396972435060627,4.085822275081349e-05,0.0002209084236131968,0.22124619827245873,0.011793849566884607,0.008297121626811961,1.9230219411713026e-06,0.5447032092085513,0.0012216950833426128,0.0026349355340960843,4.4624028320654646e-06,4.089964444394601e-06,0.009181173333111857,0.07974020724856566,0.0009166912948832168,4.621403205108557e-05,2.1762567932892923e-06,0.00048041757905077593,6.69671443080747e-07,0.00020674744958595187,0.00034549738415657217,0.001062632356773269,8.033206090833158e-05,0.022980078325582354
59,0.0008054738241451136,0.08770515041906904,4.519532074751401e-05,0.00023594418961590574,0.2296135834845095,0.01147812163320875,0.007826192693934721,1.8757413202349041e-06,0.5388300598691896,0.0013132511840427104,0.0026480037997501987,4.0734771190779784e-06,3.6596235284124723e-06,0.009444432262172352,0.08413454875897244,0.0008824726388994352,4.449313737325724e-05,2.1448579049801397e-06,0.0004583221187739244,6.958884917590343e-07,0.00021634394801764868,0.0003492859424301231,0.0010450824127334797,9.127197889999881e-05,0.022820320795149566
60,0.0008254138417619234,0.10609419599049917,3.805571274519599e-05,0.0002158654401922573,0.24430453627979007,0.012326939768547745,0.008947756550283471,2.029706720473936e-06,0.515575359946743,0.0011537722030360818,0.0024435142815110978,5.460676328449212e-06,4.441668343068125e-06,0.009686402156793866,0.07044007208288554,0.0009736118210223285,4.834147468703892e-05,2.4522638803797317e-06,0.000522272302271975,6.578899794777319e-07,0.00022824108457691124,0.00033533131199314304,0.0011014876945407812,5.75523474663094e-05,0.02466623550340031
61,0.000875265637038527,0.09275806807211431,5.0450951535937486e-05,0.0002572023766562065,0.2438353695614465,0.012510707098229218,0.007925030303919979,2.1120119531545034e-06,0.5184464151044168,0.001320754922498765,0.002723856079438829,4.518406335488969e-06,4.010302810371175e-06,0.009701197478647325,0.08413856628346478,0.0009394698923754319,4.74174022637807e-05,2.360680346476665e-06,0.0004920481935502658,7.291538144915398e-07,0.00023940932967437753,0.00035531683756044184,0.0010849531614273219,8.77172176340814e-05,0.022197053540847084
62,0.0008254138417619234,0.10609419599049917,3.805571274519599e-05,0.0002158654401922573,0.24430453627979007,0.012326939768547745,0.008947756550283471,2.029706720473936e-06,0.515575359946743,0.0011537722030360818,0.0024435142815110978,5.460676328449212e-06,4.441668343068125e-06,0.009686402156793866,0.07044007208288554,0.0009736118210223285,4.834147468703892e-05,2.4522638803797317e-06,0.000522272302271975,6.578899794777319e-07,0.00022824108457691124,0.00033533131199314304,0.0011014876945407812,5.75523474663094e-05,0.02466623550340031
63,0.0008048935500083585,0.11353327536689921,3.644994112121768e-05,0.00019721200056662923,0.23868449061871963,0.011845174963967794,0.008694229717095195,1.916266761063275e-06,0.518270774508893,0.0010941326491346747,0.0023514263013412182,5.429296816245786e-06,4.364502907618511e-06,0.00927021231543329,0.06785724940845941,0.000891821394533403,4.68418363294876e-05,2.3001144593930553e-06,0.000507858140452068,5.991169035218243e-07,0.0002147292072600108,0.0003292442126692147,0.0010058117220168867,5.377481915181823e-05,0.024295788028099626
64,0.0008263558459915632,0.11310201260768797,4.754158562174818e-05,0.00024894671436034095,0.28097784523462643,0.01295409123104675,0.009367371671903121,2.3241947308756693e-06,0.45402135062957305,0.0012204631408318264,0.0027120638829103575,5.691690738380484e-06,4.422014763589409e-06,0.009468115691703229,0.08729392031228421,0.0008971965877133192,4.4792512830323835e-05,2.2575353794424253e-06,0.000606779081799079,7.21597468015608e-07,0.0003568864085664083,0.0003664361073161725,0.0011962269687289145,6.012585240218468e-05,0.024216060899022677
65,0.0006193606418179028,0.11005369760753758,5.785438473737519e-05,0.0002690773920422387,0.27075248841763033,0.018844141308497334,0.010697720275201187,2.458363961498247e-06,0.41201791387022385,0.0010262743777500508,0.0029093079669190525,4.313228437332737e-06,4.509503308846252e-06,0.009064105087316148,0.14110364572466813,0.0009709141151621194,4.3932658296869915e-05,1.4800435577642202e-06,0.0006164446473637484,6.747035310595602e-07,0.0003141358457944817,0.0003572689292430862,0.0012566777686443553,6.329324333040824e-05,0.01894830989502715
66,0.0007279928764682835,0.08421352234332945,7.310275459106966e-05,0.0003473571272406958,0.6140161215575246,0.00660181719592063,0.002803555663908295,6.978332371884298e-07,0.22156078964116427,0.0023407253829487115,0.004642241572043569,9.493397929621e-06,4.446395170144653e-06,0.018873346633011222,0.028491225471578834,0.0010992895183474095,3.051934026561655e-05,4.610692512732186e-06,0.0003317212271679486,5.325921458137652e-07,0.0004166190433489771,0.00024162668623184608,0.00040813709637133077,7.118471635766857e-05,0.012689323241184249
67,0.0007517171639126509,0.09908455766416564,5.7970076450602544e-05,0.000429506623079964,0.14306943081420812,0.09667676134871662,0.021317793897268754,1.5738576549473507e-06,0.3137241722293583,0.0021672466888548263,0.005505431702180915,1.6249597338009178e-05,9.34125904544843e-06,0.05476956582510473,0.1529291636250786,0.0017960510920556557,0.0002268435123130062,1.0105735551348981e-05,0.000632337953713176,4.475654802946768e-06,0.0007850267727592892,0.0007318481356393518,0.006834237284850426,0.00017057263890252699,0.09829801884699411
68,0.0008505017418918058,0.10347115069478408,4.551157184178631e-05,0.000454296611339141,0.2574132509470395,0.021267349268489767,0.014250356647635163,2.829838421463461e-06,0.48857735458705986,0.0012268925002687408,0.003498821168384618,1.6783039322447728e-05,1.2924324426676833e-05,0.022903725670312326,0.04506059726640795,0.0017423685413258917,0.0001052819400834274,9.701767489191214e-06,0.00044676797022174744,1.5213402020392198e-06,0.0003756334490793486,0.00034308466276771664,0.0023713136988911974,5.512828412186853e-05,0.03549685246819235
69,0.001237669169583475,0.16257301349035144,7.855836909477464e-05,0.000278761596645348,0.23475954634250762,0.03883460311335123,0.015026891196950483,3.6459825267635717e-06,0.3553796222798619,0.0016898426702284647,0.0055960960842390516,1.7588833349670678e-05,1.2647095226373588e-05,0.0194129175028898,0.12405849353247214,0.001487596355765184,0.00011741704160042963,4.766674632747093e-06,0.0018824300908162365,2.1768053332754837e-06,0.000774272266517975,0.0008406116884583986,0.002689434829947014,7.821807353782312e-05,0.03316317891411223
70,0.0008922215628509579,0.11590087965537152,3.9066507606721754e-05,0.00019726621799145332,0.2459212012917215,0.01168056825791467,0.009109871428941336,2.03817311381905e-06,0.49738698996514474,0.001136719933171071,0.002582173529179987,5.649601792970305e-06,4.380571693937005e-06,0.009494917789445147,0.07627638243147744,0.0008804426678012222,4.637208996055553e-05,2.399769398341158e-06,0.0005863553331241711,6.289747559923107e-07,0.0002450750565166483,0.00036941897663430635,0.0010769257782834414,5.671365128363883e-05,0.02610534078482441
71,0.0008310316122001539,0.1000071483066593,3.138358835193036e-05,0.00020313528223123338,0.24147423182888803,0.010482191468784555,0.008566601156537497,1.9680480006146e-06,0.5370099871688023,0.0011106236630109927,0.002294818768878121,5.387916501142136e-06,4.298196747278281e-06,0.00911676833525173,0.06092631304646062,0.000996180324776251,4.5839681344035126e-05,2.4922315307631143e-06,0.00048670083069561273,6.233449561430479e-07,0.00020659616180912537,0.0003034811929520955,0.0010883665404489422,5.2997011901356664e-05,0.02475083429228019
72,0.0007727553554802199,0.09576464384882044,3.525079847425681e-05,0.00024410959773542987,0.2389737841968008,0.013574679087038145,0.009003210103630645,1.9898726620101444e-06,0.5394248625493634,0.0011624546453449295,0.0023423480893895007,4.6959409983949715e-06,4.34250820743873e-06,0.008576754944350623,0.06642921161859554,0.0011484402366891337,4.6398132531061455e-05,2.295377180078516e-06,0.000442185616194992,6.368721516882212e-07,0.00020737105246541697,0.000253257629757733,0.001065129006103744,6.099207692504437e-05,0.02045820084310945
