,0,1,2,3,4,5,6,7,8,9,10,11,12,13,14,15,16,17,18,19,20,21,22,23,24
0,2.6212898042418813e-05,6.688271827309938e-05,1.5810913406628887e-05,1.5315220956106613e-06,0.568795326042059,0.04558082047794547,3.4091733449861303e-06,1.393551434515576e-08,0.3808061289867215,2.693172650790927e-09,0.00024021861503604748,5.6310225422127626e-08,9.574743782143734e-06,9.805528398460266e-07,0.0027526675324038284,0.0007392711755499892,0.00036722936271816486,2.602651832862091e-06,1.0504199178093155e-05,1.48610372147225e-05,8.136990601183157e-06,1.6788536757617463e-07,2.6845042248944083e-06,2.9459061024730164e-05,0.0005254460174247535
1,0.00011002645854336312,0.00016850162156536818,7.547966076151068e-05,6.854304448253864e-06,0.6273839261904617,0.04292012829924676,1.4996813368443856e-05,1.649154494005984e-08,0.32330664293591815,2.0136493468490857e-08,0.0002502676162504742,1.6493945424288685e-07,9.681547938084182e-06,2.3051256321561433e-06,0.0022570259496108606,0.0007708363394435073,0.00025986638923406716,7.696831732124785e-06,6.105375894107352e-06,2.4989282020970004e-05,1.0400287707590454e-05,1.9822366770672893e-07,1.244131571447829e-05,6.70303477296287e-05,0.002334397515617925
2,0.00010202674556405205,0.00016933897283441824,6.370837704942037e-05,1.0312096432425073e-05,0.7074181543376781,0.044343880157796285,1.4355998236586984e-05,1.592524354547494e-08,0.24144334952221305,1.8296919120741366e-08,0.00040588791825725594,1.864305165760386e-07,1.0084167516915514e-05,3.93264859648417e-06,0.0018633183056809067,0.000547302806833533,0.0004803370124130744,9.377330458515847e-06,4.989218775674978e-06,2.8141683346702663e-05,1.2434095999471974e-05,2.7293344143470873e-07,2.367153918061984e-05,7.813902023875443e-05,0.00296676445877722
3,9.652564286033013e-05,0.00016316772651065427,5.637652441145173e-05,8.463540045356443e-06,0.7315745360066512,0.038307834459943034,1.4127945633687449e-05,1.4782735755851355e-08,0.22346950811961888,1.662519950432121e-08,0.0003567760619046632,1.6903425283498577e-07,9.07595031776271e-06,3.728588591757091e-06,0.0019161734887744063,0.00048756419299234764,0.00042344895249504723,8.346618545127594e-06,4.446597234964262e-06,2.637368116135345e-05,1.0588793200155813e-05,2.3595324472349873e-07,2.0585057090908563e-05,6.211548622565952e-05,0.0029798001703584334
4,0.0001009213276432302,0.00016848748662330848,5.628549272485684e-05,8.867337544764297e-06,0.7197695268141912,0.036815538978691484,1.4634988736662611e-05,1.4576880311765963e-08,0.23653123128851028,1.599334441975037e-08,0.0003585553222388455,2.1292884153740428e-07,1.1703524606577308e-05,4.1129032432434975e-06,0.0018690487998854466,0.000464963679325416,0.00047241756713284545,8.595098812580402e-06,4.724509941904409e-06,2.7122948732827463e-05,1.168448180828653e-05,2.5926334158629985e-07,2.1019015312523286e-05,6.443267072051307e-05,0.0032156230011652753
5,0.00012754384774804338,0.00018764777129463974,6.332239963171395e-05,1.432947106500535e-05,0.6945268708587039,0.0449354931406701,1.5063251627885103e-05,1.617203051519524e-08,0.25242383663936707,2.2598138863956612e-08,0.00041736331720589926,2.4052306571687907e-07,1.2207722641708988e-05,5.656733330081187e-06,0.0018382770866147268,0.0005374195614248686,0.0006143889373929921,1.5145376129077996e-05,4.464662323215463e-06,3.408742070042339e-05,1.4031397297069724e-05,3.3545341630750425e-07,2.7165665065793766e-05,8.410536839854186e-05,0.004100964624715684
6,9.652564286033013e-05,0.00016316772651065427,5.637652441145173e-05,8.463540045356443e-06,0.7315745360066512,0.038307834459943034,1.4127945633687449e-05,1.4782735755851355e-08,0.22346950811961888,1.662519950432121e-08,0.0003567760619046632,1.6903425283498577e-07,9.07595031776271e-06,3.728588591757091e-06,0.0019161734887744063,0.00048756419299234764,0.00042344895249504723,8.346618545127594e-06,4.446597234964262e-06,2.637368116135345e-05,1.0588793200155813e-05,2.3595324472349873e-07,2.0585057090908563e-05,6.211548622565952e-05,0.0029798001703584334
7,0.000303583747011782,0.00017499669207393523,0.00017775602999424837,5.64933203309712e-06,0.7639121348942308,0.04189433489437154,2.1288063724724082e-05,1.6945924713357414e-08,0.18882890113386908,2.2272054015866945e-08,0.0003378031074445962,1.6026584136252263e-07,1.2342285347150983e-05,2.343151575157965e-06,0.0009195566362607581,0.00029194846953799436,0.0002589503749943697,8.361267523758126e-06,7.25252303890157e-06,2.145317724622586e-05,6.375663679345049e-06,8.959842859450184e-08,2.1834480253536054e-05,0.00011154233317723654,0.0026813026603630897
8,0.00015650444190770568,0.00025695223352053425,0.00011980454531161058,1.4052637671024791e-05,0.8032106136426114,0.03599672560934459,2.2581588222498345e-05,1.4646917595681064e-08,0.15478246994152284,2.8315049199856793e-08,0.00035545564363167906,2.095989536216377e-07,8.972429042655434e-06,4.389158122599987e-06,0.0009805936857213075,0.00036712239286905993,0.0002477601996549796,5.543819225372032e-06,3.7042873481635113e-06,3.414297896011128e-05,7.622094690132694e-06,1.0749681793453282e-07,4.9043947017055586e-05,0.0001053525148855012,0.003270232150980839
9,0.00011960347629788946,0.00026933815364842606,0.0001276742818927207,2.2417289153817917e-05,0.6653831955356595,0.050961043011306224,2.1286424361117897e-05,1.4092590171820672e-08,0.2756352290775486,3.796778340520992e-08,0.00032930300056273137,3.0745419256414515e-07,1.3833364764082449e-05,4.361474657998806e-06,0.0016740818981228617,0.0007151518019459646,0.00035705569669504514,8.474537397477411e-06,4.134676414569154e-06,4.977479981854724e-05,1.8187669339730137e-05,2.2546407044397513e-07,4.527382761980091e-05,0.00013483691590280444,0.004105158108253424
10,9.652564286033013e-05,0.00016316772651065427,5.637652441145173e-05,8.463540045356443e-06,0.7315745360066512,0.038307834459943034,1.4127945633687449e-05,1.4782735755851355e-08,0.22346950811961888,1.662519950432121e-08,0.0003567760619046632,1.6903425283498577e-07,9.07595031776271e-06,3.728588591757091e-06,0.0019161734887744063,0.00048756419299234764,0.00042344895249504723,8.346618545127594e-06,4.446597234964262e-06,2.637368116135345e-05,1.0588793200155813e-05,2.3595324472349873e-07,2.0585057090908563e-05,6.211548622565952e-05,0.0029798001703584334
11,9.872232019356339e-05,0.00016474775377851644,5.772704182077419e-05,8.634333479849018e-06,0.7311721688754462,0.03726641838590014,1.450463723935991e-05,1.5122591717586243e-08,0.22500704659020754,1.6661553762480458e-08,0.0003528129021605986,1.8731887932503648e-07,1.0652396057504442e-05,3.8280594291341395e-06,0.0018098729555189967,0.00047888325523688283,0.00043822585687835976,8.242851124642785e-06,4.599259075721382e-06,2.7760826877947005e-05,1.0833608000771141e-05,2.3291139440060536e-07,2.1014082956490665e-05,6.424896672321516e-05,0.002978603027474726
12,9.255153462542274e-05,0.0001576117614841691,3.800764141782922e-05,7.484199555407954e-06,0.7862282610324782,0.03538209002037015,1.0651959132670644e-05,9.356814542745822e-09,0.17169891269381443,1.5790041786895296e-08,0.000255197857317963,1.214607637074684e-07,8.40367223085439e-06,4.809929328307107e-06,0.0013603627568111076,0.00033419757773586186,0.0005714508265640718,9.416285814450435e-06,2.8364094105644692e-06,2.6757806726940402e-05,9.647554790828132e-06,1.9292843006791872e-07,1.993765946295488e-05,4.173024602764825e-05,0.0037393410388500276
13,4.933731892746174e-05,0.00013148571122111947,4.598811221081821e-05,1.4154225251677484e-05,0.8263744703809087,0.02491872189964565,1.9987215643041113e-05,3.016455820167883e-08,0.14068708254859194,8.142432535379526e-09,0.0017241359356844944,4.2316474703408847e-07,9.638908572641525e-06,9.367839989882391e-06,0.002355425759979709,0.00035175814356343244,0.0005264046663977977,5.423411677958287e-06,3.990899686560229e-06,2.5408302287021025e-05,1.1499917113047583e-05,4.82083717232664e-07,5.6713977870562245e-05,7.937668867506685e-05,0.002598684580646172
14,6.258283349008528e-05,0.00030823308368684087,1.5300880892992436e-05,5.018294465435916e-06,0.8723927715115147,0.020753642338066553,1.2509015977210337e-05,1.0663063301562163e-08,0.10313253848430091,2.0502958796934245e-08,0.00033237050464603385,7.282810131045354e-08,2.455617732592481e-06,4.714455427892771e-06,0.0009787832617755951,0.00026854270184599753,0.00019744267450163178,4.454209317250915e-06,4.302173356322376e-06,1.840279486870597e-05,3.7820316442434656e-06,1.2129359561159716e-07,1.791445513335833e-05,3.7643212514751665e-05,0.0014463701771215728
15,9.652564286033013e-05,0.00016316772651065427,5.637652441145173e-05,8.463540045356443e-06,0.7315745360066512,0.038307834459943034,1.4127945633687449e-05,1.4782735755851355e-08,0.22346950811961888,1.662519950432121e-08,0.0003567760619046632,1.6903425283498577e-07,9.07595031776271e-06,3.728588591757091e-06,0.0019161734887744063,0.00048756419299234764,0.00042344895249504723,8.346618545127594e-06,4.446597234964262e-06,2.637368116135345e-05,1.0588793200155813e-05,2.3595324472349873e-07,2.0585057090908563e-05,6.211548622565952e-05,0.0029798001703584334
16,9.389459870222432e-05,0.0002097722606633,4.9648525448272115e-05,1.1221599263041945e-05,0.7240353616178979,0.03236873552914175,2.1218992020941917e-05,2.11667414825125e-08,0.23432835183898368,3.1189948963991674e-08,0.0003393557763748344,3.1299238976563714e-07,1.1229156581532319e-05,5.378131316437288e-06,0.0028272983771684295,0.0007470075826101215,0.0005652114569602445,1.2088691140593507e-05,5.50242248141687e-06,3.608175973903684e-05,2.1870740108636207e-05,5.320239876786203e-07,2.4647550346927088e-05,6.18485132544504e-05,0.004223377506728415
17,6.23037325255658e-05,0.0001400297608475276,3.183005108754253e-05,1.1551225865506262e-05,0.8377245037383294,0.023142322102485277,1.5301789125831796e-05,1.595741885745039e-08,0.13149338717168724,1.547564247146268e-08,0.0004417723696230518,2.669329867103079e-07,1.2837795997669843e-05,7.696758782487896e-06,0.0014812710118530614,0.00036548490658535194,0.0008930687667040036,8.56972139193203e-06,2.7709806056227506e-06,3.778325864488306e-05,1.3571301625304216e-05,3.9690285010449594e-07,4.1041158487646606e-05,4.842312751075336e-05,0.004023784001336264
18,0.00010902412246569717,0.0001300129174455052,3.4886893568119025e-05,6.913461868650866e-06,0.8171438874939518,0.025625804892362863,1.3729710063328868e-05,8.293344960213631e-09,0.1469018717676355,1.8681018447864908e-08,0.0002028037470042413,1.762544214199418e-07,1.1988975037642888e-05,5.8252193855625705e-06,0.0014932844488746123,0.0002766101260653045,0.0009143956383625192,1.569937993100564e-05,2.162833188754555e-06,2.9189093802027914e-05,1.3817901025877327e-05,2.821657433616892e-07,2.003286691748889e-05,3.0918152561912455e-05,0.007016654963953396
19,8.967542582351132e-05,0.0001797561202607598,7.186733108484951e-05,1.1893368437345169e-05,0.6973804391899218,0.026112847932049627,2.5042729005974763e-05,1.9468308166363933e-08,0.2684393992970545,1.9311199726307727e-08,0.00034285161650737686,3.6372616804759405e-07,1.2414957477359485e-05,3.8458941792463325e-06,0.0025521157847445378,0.0006739049307441751,0.0003831445610320262,7.683298101785343e-06,4.051955606369004e-06,2.899259043852235e-05,1.4409893845359354e-05,3.62718908942877e-07,2.1662332064298266e-05,6.088514116255835e-05,0.003582350425873217
20,7.833794886079365e-05,0.00016067846847372147,6.364406688611064e-05,1.1304892580623056e-05,0.6776082620745856,0.03592524037987721,2.0043383664736297e-05,3.487931030316338e-08,0.27510301927586417,1.84336270601716e-08,0.0005909856208164338,2.879119885697249e-07,9.0521846763025e-06,4.335892495918459e-06,0.005541347848091696,0.0008612158024303438,0.0004964365241646892,1.0354884333979302e-05,6.078811914827631e-06,2.9080808029600728e-05,1.5153170822702111e-05,6.811483929939305e-07,2.1404267247928892e-05,5.9190358778012786e-05,0.003383810962085694
21,0.0001068417767503909,0.0002249512294799067,6.158311012979521e-05,1.3500794744143725e-05,0.616870514807481,0.04141609890912004,1.7344458435045695e-05,2.1863430480219145e-08,0.33455342529613835,2.6496216568696194e-08,0.00032494648403258767,3.0365157880842476e-07,1.2141427981052888e-05,5.694738111594315e-06,0.002105077444417104,0.0010437910851909687,0.0003131857735405705,1.0729741017351377e-05,5.398660761119215e-06,3.560506494494542e-05,1.3635420100373494e-05,2.947644217654396e-07,1.6833107103221867e-05,7.617522904295915e-05,0.0027718786658297353
22,0.00014746572372289262,0.00013758828756247599,6.403899872370985e-05,8.605791848181722e-06,0.7151248378236654,0.05435898527503531,1.0872548808910167e-05,1.6792752446886077e-08,0.22227422217731693,1.9927319271405797e-08,0.00041489759725791024,1.2395052459429593e-07,9.479744270875442e-06,4.2018114055622875e-06,0.0020321562115073197,0.00044789549579560674,0.0008568462673685043,2.0492222563907133e-05,4.9538663594356694e-06,2.785483395721141e-05,1.2710140874307364e-05,3.358903779085658e-07,1.9111857822359645e-05,6.351752005404327e-05,0.003958769243104902
23,9.652564286033013e-05,0.00016316772651065427,5.637652441145173e-05,8.463540045356443e-06,0.7315745360066512,0.038307834459943034,1.4127945633687449e-05,1.4782735755851355e-08,0.22346950811961888,1.662519950432121e-08,0.0003567760619046632,1.6903425283498577e-07,9.07595031776271e-06,3.728588591757091e-06,0.0019161734887744063,0.00048756419299234764,0.00042344895249504723,8.346618545127594e-06,4.446597234964262e-06,2.637368116135345e-05,1.0588793200155813e-05,2.3595324472349873e-07,2.0585057090908563e-05,6.211548622565952e-05,0.0029798001703584334
24,0.00011052611572127226,0.0002525742827199343,4.6802911616455084e-05,1.2741999717427006e-05,0.7360417793724445,0.03973307661911854,1.3438637774434527e-05,1.532529250909559e-08,0.21774420831914681,2.330638142385695e-08,0.000359499890868094,1.9625832086956678e-07,9.82923634254452e-06,6.189960292674944e-06,0.0014463407690287206,0.0005185224193805679,0.0004970789927905856,1.0007188108329748e-05,4.7805356924179215e-06,3.563301956634716e-05,1.0574028133502244e-05,2.55038096245258e-07,2.6708074730761783e-05,7.396693816949538e-05,0.0030452307605455067
25,5.504382503879738e-05,0.00014660184270514693,4.3834650497605414e-05,1.4883109012497401e-05,0.8019666976865738,0.0371447174759772,1.728823540399764e-05,4.257971580054741e-08,0.15460796024557605,1.4263036727944102e-08,0.001224967889207354,2.108142829060771e-07,6.436118437464706e-06,7.733626673666514e-06,0.0019253754487218158,0.0006674937820290254,0.00042708612534618907,6.652665601639645e-06,5.071868266117639e-06,2.9422087329126004e-05,9.388246353353308e-06,3.6567930153099546e-07,3.9034806652566066e-05,8.566916317770718e-05,0.0015680077650819014
26,9.302324130354069e-06,0.0001597062908730963,1.2734345306992151e-05,8.82258234638993e-06,0.7812733647713075,0.008888933067780198,6.190172499619958e-05,5.603356228179358e-08,0.15034985374891505,1.6723854102023065e-08,0.00033134032637091094,5.252879902713464e-07,2.1602488045585938e-06,1.336957464137738e-05,0.0487944344599648,0.0018314647310654214,0.00018501577834184507,3.110314087824593e-06,1.2873668142674325e-06,1.787632458092684e-05,1.322278902807768e-05,1.5194870280816082e-06,8.443024548888867e-06,2.757323940398721e-06,0.008028781349720248
27,9.331768709888053e-05,0.00017185363151771382,5.685480209158403e-05,1.009638877370428e-05,0.6716767736292018,0.04275004285581077,1.458246979728758e-05,2.1121751894214402e-08,0.2775959264908083,1.726078985701635e-08,0.00047566321784373066,2.0667801317110363e-07,9.130408133255633e-06,4.206391722639142e-06,0.002910267873574132,0.0006490455041493992,0.0005057362813032658,1.0410388105692202e-05,5.967059722736619e-06,2.672503538276584e-05,1.2937414921167828e-05,4.2923193875486997e-07,2.0420739942013973e-05,6.962701600140408e-05,0.0029297404216043184
28,9.652564286033013e-05,0.00016316772651065427,5.637652441145173e-05,8.463540045356443e-06,0.7315745360066512,0.038307834459943034,1.4127945633687449e-05,1.4782735755851355e-08,0.22346950811961888,1.662519950432121e-08,0.0003567760619046632,1.6903425283498577e-07,9.07595031776271e-06,3.728588591757091e-06,0.0019161734887744063,0.00048756419299234764,0.00042344895249504723,8.346618545127594e-06,4.446597234964262e-06,2.637368116135345e-05,1.0588793200155813e-05,2.3595324472349873e-07,2.0585057090908563e-05,6.211548622565952e-05,0.0029798001703584334
29,9.652564286033013e-05,0.00016316772651065427,5.637652441145173e-05,8.463540045356443e-06,0.7315745360066512,0.038307834459943034,1.4127945633687449e-05,1.4782735755851355e-08,0.22346950811961888,1.662519950432121e-08,0.0003567760619046632,1.6903425283498577e-07,9.07595031776271e-06,3.728588591757091e-06,0.0019161734887744063,0.00048756419299234764,0.00042344895249504723,8.346618545127594e-06,4.446597234964262e-06,2.637368116135345e-05,1.0588793200155813e-05,2.3595324472349873e-07,2.0585057090908563e-05,6.211548622565952e-05,0.0029798001703584334
30,9.652564286033013e-05,0.00016316772651065427,5.637652441145173e-05,8.463540045356443e-06,0.7315745360066512,0.038307834459943034,1.4127945633687449e-05,1.4782735755851355e-08,0.22346950811961888,1.662519950432121e-08,0.0003567760619046632,1.6903425283498577e-07,9.07595031776271e-06,3.728588591757091e-06,0.0019161734887744063,0.00048756419299234764,0.00042344895249504723,8.346618545127594e-06,4.446597234964262e-06,2.637368116135345e-05,1.0588793200155813e-05,2.3595324472349873e-07,2.0585057090908563e-05,6.211548622565952e-05,0.0029798001703584334
31,0.000219951066516942,0.0002122173567735869,0.00011021497199968789,8.717925763336185e-06,0.7684232321961699,0.036559687049292126,1.960982585704538e-05,2.465715117134424e-08,0.18848501138631013,2.7841700782127568e-08,0.00034266640813934105,1.658236093448624e-07,9.237703712289873e-06,3.544040828364503e-06,0.001507381708141377,0.00042369088463180634,0.00038822453823187617,1.1086080189350825e-05,6.106260863935012e-06,2.888903272692854e-05,8.952965002181728e-06,1.8861271968016842e-07,2.431332961677389e-05,7.765097620933822e-05,0.0031292073578427356
32,0.00010419468219378764,0.0001748069179697761,5.632309888594418e-05,7.911617090450302e-06,0.7236626651668993,0.039839212792687734,1.3972214378502549e-05,1.550591857484838e-08,0.22992459170604176,1.7167168847895344e-08,0.00036590922189963586,1.6927571460983718e-07,9.240915099803383e-06,3.649901942722489e-06,0.001956081916164844,0.00048510840280943147,0.000424359884473019,8.437291155627908e-06,5.406750287814863e-06,2.5592529444507653e-05,1.0558825743296896e-05,2.4617929278073046e-07,2.0085153384314014e-05,6.627277464697824e-05,0.0028351701087058175
33,4.9455428793937694e-05,0.00016890416254980236,2.9475849950155055e-05,1.933390330454609e-05,0.7985802944455661,0.06798141910934356,1.094549525377198e-05,3.861950979474258e-08,0.12685464951493666,3.113533720982778e-08,0.0009973181919693676,1.8199165475614877e-07,1.657126227015908e-05,1.1547291204463e-05,0.0009657170560862702,0.0009138337098517405,0.001563538011021275,9.710137039483814e-06,9.342778821317762e-06,6.362037741141361e-05,1.6714258092970775e-05,6.320243416086822e-07,7.877616875321101e-05,0.00015484767330465764,0.0015031014036317582
34,0.000280276127130275,0.00020412632283549117,7.428880840813563e-05,1.8164560952094604e-06,0.4591743366326578,0.028349186106246663,8.475948268073418e-06,9.83847276598323e-09,0.5088161417833337,4.310488734209564e-09,0.0002188583612769052,1.2958631021951385e-07,7.846956784224776e-06,8.66786027008352e-07,0.0014030952845145734,0.0001974677942222537,0.00012496458329778445,4.91603774828501e-06,1.5855218149385945e-05,5.902514423611737e-06,4.2061051445267125e-06,9.130708962028742e-08,3.2595691822434185e-06,6.57343349979835e-05,0.0010381432268945757
35,0.0004773123489376028,0.0001701852901344515,0.00011073946094649834,8.812616617556699e-06,0.5009729556357226,0.029032551988328104,1.8929681389595654e-05,2.1604347100738268e-08,0.46238682497719524,2.300384382719275e-08,0.00020090122251091984,2.7076128487693434e-07,1.3132178445922219e-05,2.284522318124737e-06,0.0015249875413149764,0.0004524742600440215,0.00048522477377256683,4.236208568030714e-05,6.7022390875659535e-06,1.776133132451387e-05,1.4318112041667857e-05,3.5095487917630416e-07,7.810414016231198e-06,7.964432324175744e-05,0.003973418672574822
36,0.00011182616287862111,0.000167187816919022,5.909086222640027e-05,1.0026703346142016e-05,0.6342475764381891,0.022327332829215396,2.5520217647092883e-05,4.9069761688650666e-08,0.3327824280315891,1.4161944787549584e-08,0.00045610193738071416,6.914252242595812e-07,2.095956775312222e-05,5.091243478115489e-06,0.004554812433110338,0.001096326641308662,0.0005551346320814531,9.572302470603927e-06,8.387758935077478e-06,2.9574102985058688e-05,1.2725983748768292e-05,7.288806099446252e-07,1.2983467684310034e-05,4.93906509793229e-05,0.003456466678533119
37,0.0002619373416498007,0.00025750656020140714,0.00010659868364004655,1.2805450041838736e-05,0.7203604364057894,0.042584114208708924,1.855418705950419e-05,1.4502115578027348e-08,0.2303058044036481,3.608711887149225e-08,0.00035607956157050996,2.0748052834151327e-07,1.2118379654008938e-05,3.886920288450499e-06,0.0009326983147503401,0.00036360366407186504,0.0005027880103698521,1.6796130219559992e-05,6.4151062408083544e-06,3.4689949864037644e-05,1.1863749185651277e-05,2.139688829941676e-07,3.598670942616597e-05,0.0001469421448723863,0.0036679020801013876
38,0.0001369730733154188,0.0001419363707540846,7.51716073657395e-05,3.0877709040918093e-06,0.6989165273804903,0.05257473297487186,1.4005472707454842e-05,9.50730090398706e-09,0.24289364923729515,1.51494003686631e-08,0.00020397317071078655,8.259680316364156e-08,5.847837505095694e-06,1.770292721790545e-06,0.0020187097970951573,0.0004298017973430318,0.0001400067123760263,5.4046665046798165e-06,5.646066547728318e-06,1.2197481362930575e-05,4.867843265125828e-06,7.845308337731493e-08,8.313387971860056e-06,4.770469865065055e-05,0.002359486653653378
39,9.551046597874417e-05,0.00015010292540212406,6.040885886716271e-05,8.481770138076996e-06,0.7234148941614391,0.04222657638349249,1.4002075089263885e-05,1.5779808477646364e-08,0.22756567434246974,1.710863238534578e-08,0.0003580046962174489,1.6558211914511905e-07,9.79388374528321e-06,3.520285307729441e-06,0.0020067632824627988,0.0005313757774342964,0.0004538168172526464,8.687671006148257e-06,4.668117810768344e-06,2.709284953863593e-05,1.1607146330564115e-05,2.445226241537829e-07,2.035549385719974e-05,6.441841524221093e-05,0.002963801587733341
40,0.00010104491083447362,0.00015715379899575274,7.167474428819673e-05,4.4922785907325715e-06,0.7142718462808905,0.02596301314998942,1.8592321905346614e-05,1.0018493479609997e-08,0.25172912832187183,9.923302553108406e-09,0.00026216734048314195,2.1237964490450551e-07,8.218410393513833e-06,2.641468566856917e-06,0.003002123285737554,0.0003122105203178424,0.00021004715885830833,4.713436561575207e-06,3.6041600723354138e-06,1.440312494467768e-05,7.410659653770015e-06,1.7451122028311952e-07,1.2485507449479697e-05,3.631041457506153e-05,0.003806311872358326
41,0.00018747827978385674,0.0012879239684270543,0.0001185343390384466,0.0005010077503231475,0.44309861886527524,0.3478937621728236,3.298863744142211e-05,1.554147474307084e-07,0.1404451066679047,1.3402611137761e-06,0.0072099365766859075,2.4258945800619263e-06,4.043315236643933e-05,0.00020988519554917618,0.002529972947640167,0.0015269535939701408,0.02889881150266576,0.00021769665864107606,9.57807931705865e-05,0.00045281565409723636,0.0006437311489054282,4.186945646485349e-05,0.0037910094130574642,0.0024151852783928112,0.01835657637693435
42,9.571098510275099e-05,0.00017660141319533892,9.341798001662711e-05,1.637960387517008e-05,0.5421781675952365,0.06796374519728036,1.9354422913095902e-05,6.202887448049535e-08,0.37749405469445496,3.4685768510438514e-08,0.0006755937806355888,3.9770059227774485e-07,1.8493002082999447e-05,3.700780615173456e-06,0.005541875340935531,0.002152152379416583,0.0007540426519856929,1.3691728318112403e-05,1.7246419606124414e-05,4.7446117136660315e-05,2.817196067375352e-05,1.1081900537301268e-06,2.6197845114891117e-05,0.00014497270885398627,0.002537380787261182
43,0.00010393255192735811,0.0001625178486743239,5.389665632139417e-05,7.485218500068791e-06,0.7408868111490832,0.028245163625825645,1.4058246731567389e-05,1.2194442957694164e-08,0.2247258189361846,9.80329557661119e-09,0.000371158312924406,1.8841882303617104e-07,8.212956635219273e-06,3.494554412755002e-06,0.0017373982001231152,0.00034591703771936144,0.00032713171786495827,6.390096213422669e-06,3.6362015513109596e-06,1.9537935382761182e-05,7.082500911520414e-06,1.7351829522986615e-07,1.7189413213035265e-05,5.1854764393221675e-05,0.00290092814055003
44,9.652564286033013e-05,0.00016316772651065427,5.637652441145173e-05,8.463540045356443e-06,0.7315745360066512,0.038307834459943034,1.4127945633687449e-05,1.4782735755851355e-08,0.22346950811961888,1.662519950432121e-08,0.0003567760619046632,1.6903425283498577e-07,9.07595031776271e-06,3.728588591757091e-06,0.0019161734887744063,0.00048756419299234764,0.00042344895249504723,8.346618545127594e-06,4.446597234964262e-06,2.637368116135345e-05,1.0588793200155813e-05,2.3595324472349873e-07,2.0585057090908563e-05,6.211548622565952e-05,0.0029798001703584334
45,9.209337533128152e-05,0.00015267173131031344,5.999640317509795e-05,8.387799372288873e-06,0.7168571854994019,0.040181159836603295,1.4812634640932627e-05,1.7657583544813872e-08,0.2360321301785753,1.6108222627587617e-08,0.0003915589777647125,1.7074179717967767e-07,8.825475196215686e-06,3.4682347941841474e-06,0.002325942075881054,0.0005718550617051044,0.0003894291629130606,8.12530732369228e-06,4.825953999618578e-06,2.5499575376708e-05,1.0092919941081196e-05,2.495746849721178e-07,1.8743178630198025e-05,6.189279152520094e-05,0.0027808497442503165
46,9.161354286519394e-05,0.00015539973159570716,5.896340559936686e-05,1.343896729141105e-05,0.7219212456233042,0.05395302969610725,1.2205021291549301e-05,1.9886900442774475e-08,0.21600818872381075,1.8985956399732448e-08,0.0005212432260823521,2.0551957954322244e-07,1.4518726434288532e-05,5.227605686129946e-06,0.002009547342581884,0.0005961047718656701,0.001019144389267739,1.1626681647348709e-05,5.656511379764479e-06,3.9067437647573276e-05,1.6796958494237477e-05,4.361737572836861e-07,3.329933690652674e-05,8.627712057306806e-05,0.0034267246133743174
47,0.00016287066176017017,0.00018021607023373292,7.014258998276323e-05,7.857326330752411e-06,0.6239479704784243,0.029624699016731707,1.880603230557872e-05,1.4337649009654208e-08,0.33770914065527946,2.0827547618494122e-08,0.00020212663906215466,3.785653258100779e-07,2.0641626871367598e-05,3.0526444499490293e-06,0.0020938971914348193,0.0006475576480016793,0.0005715646989315898,1.2200231027078886e-05,6.410460916914625e-06,2.8562995270574487e-05,1.7340402138500468e-05,3.6363210729851156e-07,1.4073202494873263e-05,6.296409025282285e-05,0.004597127975469179
48,0.00011714530392791952,0.0003439180097037003,4.443052481712974e-05,7.855591977954109e-06,0.7177688482190695,0.07089503053724991,1.0659603291740819e-05,1.8455353132295898e-08,0.206043902273354,2.738783764191035e-08,0.0006044666715617721,1.2854697343977125e-07,9.36310178361415e-06,4.112867448588933e-06,0.0012739561640354008,0.0005210117973310529,0.0006046631311164126,6.599625573756174e-06,2.1691924184335732e-05,2.9058095366523833e-05,1.0220687068546947e-05,3.2936584102331436e-07,3.5542692047240334e-05,0.00017071139734898893,0.0014763080257367063
49,0.00011210993615836455,0.00018389293309349075,8.412417269114678e-05,1.3036130272762306e-05,0.6922957696214894,0.04572423268891064,1.70617041285665e-05,1.6802717311723044e-08,0.2537761776591915,2.2395455550762365e-08,0.00042035995562277663,2.555455350786264e-07,1.2344052374601061e-05,4.665994587507705e-06,0.0021864275761960547,0.0005664880322454743,0.00048706634536937175,1.0395124892022227e-05,4.645185577880591e-06,3.3473745563096005e-05,1.4608523249258752e-05,3.161740225270052e-07,3.013365548359381e-05,8.689938461948478e-05,0.003935476660552519
50,9.098038867248031e-05,0.0001417826617274995,4.9660356809881875e-05,4.778099892445727e-06,0.8828870039778237,0.01793119969279995,3.269802672691733e-05,1.8562004664950386e-08,0.09176254217771448,2.9479176311378402e-08,0.00024042124127363653,1.8684313064771955e-07,7.137155088307617e-06,3.956273277086816e-06,0.001947218862169343,0.00037134079236214243,0.0002734947718054418,5.622808386185717e-06,3.326790551733926e-06,2.3213962670566675e-05,7.315014615215756e-06,1.93000369619182e-07,2.4184689763263783e-05,3.1864265562440675e-05,0.004159830105625944
51,0.00022446683918002838,0.0008918944540870282,5.954923124060482e-05,2.9166862051888133e-05,0.5473763665199703,0.0312462378433384,1.632264194466919e-05,2.9132175377261538e-08,0.4103444173967167,2.6816782094420054e-08,0.0006676694562521863,4.4247704312987746e-07,5.84009865208482e-06,1.1194952037110395e-05,0.0037747895067360157,0.0005144056037875082,0.0005759716972430973,1.7746728792903538e-05,9.75517202474303e-06,3.142561983548976e-05,1.2096345810658304e-05,1.0797753571930897e-06,2.7443544171103413e-05,9.343345783325456e-05,0.0040682278269364835
52,0.00014857682334383195,6.996415603325318e-05,5.628681725542479e-05,4.234864469001501e-06,0.5991526870074662,0.11418243098923113,7.365906678435512e-06,1.852747843936842e-08,0.2776151367549443,1.8653934517536497e-08,0.0004083576423629254,4.454744081158295e-08,4.792769322413223e-06,3.745067742495644e-06,0.003911856495361464,0.0006820369491542707,0.0003953070705388052,3.7906042225988174e-05,4.689674264891825e-06,1.544435965527743e-05,5.551370880825206e-06,2.274353876737679e-07,6.143725661051007e-06,4.2108548309563616e-05,0.0032450678008570178
53,3.877775661661181e-05,8.698025840134009e-05,4.170706863439475e-05,5.378620072556271e-06,0.8549807025798426,0.01335858398282571,3.142921580589625e-05,1.5523152968409184e-08,0.12569335572092505,1.0734686431092256e-08,0.0003459603332695262,2.0783961930614426e-07,5.527807364221452e-06,2.5160613510750493e-06,0.002287690227867291,0.00039737641077112383,0.00015183472518397632,2.9673580005361764e-06,1.812410793888597e-06,1.67539215899572e-05,6.405316227647855e-06,1.5627437795796338e-07,1.963727271233996e-05,3.0180795380128526e-05,0.0024940317845274064
54,6.934924392839142e-05,9.384464516235963e-05,7.042912015180542e-05,1.2439166256054731e-05,0.7121209149328858,0.05432758294443294,1.2758792539964353e-05,2.810144682908733e-08,0.22808801622914968,1.4740232412098e-08,0.0007635987570391821,1.5840372347261577e-07,1.319665604163947e-05,2.817346169538005e-06,0.0013227343591342869,0.0006799796430079588,0.0007116171493394094,9.928822542982291e-06,6.418193654165141e-06,3.578682929661527e-05,1.8232969544210403e-05,3.1913692342266605e-07,3.3010080424974e-05,0.0001477830072480872,0.0014590407297237695
55,0.00015069762302492187,0.00015862615803193686,6.802526885981336e-05,8.340179651919502e-06,0.49645812907481235,0.026146775148194835,1.5207824948533574e-05,1.0357765245269304e-08,0.4713195494133137,1.0783832175940863e-08,0.00019535377883988841,3.492888385945171e-07,1.5671095370166032e-05,2.3183548187275995e-06,0.0016162052397802596,0.0004866292655430459,0.0002576454268933163,1.0374892821534922e-05,4.283818259612419e-06,1.783734924708443e-05,1.1032939519863851e-05,2.0013990162727044e-07,8.459410949486366e-06,6.575510621250904e-05,0.002982512060569069
56,0.00010105831636908229,0.00016572268542258141,5.8305570238552895e-05,8.639002303389213e-06,0.727524136236311,0.03784176069839205,1.4771420075694171e-05,1.525455629339717e-08,0.22787205851739642,1.661303707455415e-08,0.000362655368762061,1.950956980480194e-07,1.0755648653077756e-05,3.935599820690835e-06,0.001887232908613328,0.0004779299474206976,0.00044496401636446827,8.405396899189055e-06,4.7550486754461135e-06,2.7112019075130775e-05,1.102973766131092e-05,2.446618228495048e-07,2.1091266964649895e-05,6.480654137404289e-05,0.0030884024280930732
57,0.00010923736023190184,0.00019341137831850827,6.043125549755234e-05,9.99126237876854e-06,0.6937128435718919,0.028043808431097467,1.9146110500515157e-05,1.9957126218903547e-08,0.2702482655162777,2.056781382904532e-08,0.00029803389006042566,3.9553558639344155e-07,2.003130792677034e-05,4.110140646901058e-06,0.002145451971953526,0.000674531439938326,0.0006056602210737442,8.815099117966558e-06,6.250060670002218e-06,3.839507554480479e-05,1.5502006177907014e-05,4.0040296314681e-07,2.1513830234598178e-05,6.73546159830279e-05,0.00369637899098812
58,0.0001148319957154912,0.00017328592563592253,6.540599521936383e-05,9.092780060805274e-06,0.7030741932465808,0.04192240495077358,1.4850868984843085e-05,1.5417851867949035e-08,0.24890667334181807,1.6635221695590058e-08,0.0004096318101752031,2.0591772488275726e-07,1.1212936206125606e-05,3.6003433402164887e-06,0.0016011910017412197,0.00047776525540403267,0.00039917199179601264,8.427203750359733e-06,5.872162177680205e-06,2.5956082396095023e-05,1.1010258829343883e-05,2.2525450321548903e-07,2.2960693267066005e-05,9.041110973321824e-05,0.002651586821093028
59,0.00010869307785646735,0.00016965262766669827,7.558055212416651e-05,9.609711612234212e-06,0.6980053265759484,0.04388666155501508,1.514556010339812e-05,1.6032329021961923e-08,0.25189562941336996,1.7848286757199985e-08,0.00040967135373519577,1.8998616016830477e-07,1.01881755565364e-05,3.2640904481880768e-06,0.0017394977011273589,0.0005145667978981571,0.00037605189943397166,8.116149067776962e-06,5.495944217930657e-06,2.7659714639153617e-05,1.1573568646160063e-05,2.2221238490440648e-07,2.4063708610045942e-05,9.195123835432018e-05,0.0026111545054078953
60,9.652564286033013e-05,0.00016316772651065427,5.637652441145173e-05,8.463540045356443e-06,0.7315745360066512,0.038307834459943034,1.4127945633687449e-05,1.4782735755851355e-08,0.22346950811961888,1.662519950432121e-08,0.0003567760619046632,1.6903425283498577e-07,9.07595031776271e-06,3.728588591757091e-06,0.0019161734887744063,0.00048756419299234764,0.00042344895249504723,8.346618545127594e-06,4.446597234964262e-06,2.637368116135345e-05,1.0588793200155813e-05,2.3595324472349873e-07,2.0585057090908563e-05,6.211548622565952e-05,0.0029798001703584334
61,0.00011104575209539405,0.00017009734867813917,7.342805800162363e-05,9.211525888641428e-06,0.7073433508488627,0.04180050601708341,1.5480348818829846e-05,1.6013072348628854e-08,0.2445851823168251,1.7772896895062243e-08,0.000396674483397881,1.9169410817178063e-07,1.0465853464451466e-05,3.3140269392679847e-06,0.0017449186559614447,0.0004896863049480198,0.00038123511831542604,8.260051511910321e-06,5.4036885421280305e-06,2.7124155707009626e-05,1.1258643438921855e-05,2.2150040826465655e-07,2.3277471377842627e-05,8.649591082361643e-05,0.0027031364388327575
62,9.652564286033013e-05,0.00016316772651065427,5.637652441145173e-05,8.463540045356443e-06,0.7315745360066512,0.038307834459943034,1.4127945633687449e-05,1.4782735755851355e-08,0.22346950811961888,1.662519950432121e-08,0.0003567760619046632,1.6903425283498577e-07,9.07595031776271e-06,3.728588591757091e-06,0.0019161734887744063,0.00048756419299234764,0.00042344895249504723,8.346618545127594e-06,4.446597234964262e-06,2.637368116135345e-05,1.0588793200155813e-05,2.3595324472349873e-07,2.0585057090908563e-05,6.211548622565952e-05,0.0029798001703584334
63,0.00010030868273367607,0.00019516586992038236,5.4721125746077254e-05,8.312164397074007e-06,0.7362970059019606,0.03583090561558383,1.4040935763114797e-05,1.3895609893191341e-08,0.22133550094341148,1.718449638661222e-08,0.0003395167690973757,1.6956233718977397e-07,8.470588054214732e-06,3.7885069292961293e-06,0.0018797107770068488,0.0004455203026907067,0.000400701832957634,7.648073528142883e-06,4.667440124318395e-06,2.6116612932422348e-05,1.0220995436675361e-05,2.3029509850602076e-07,2.0954869956635934e-05,6.048085423748701e-05,0.0029558101999901513
64,9.249203251754196e-05,0.00017266281974801062,5.8963873146684896e-05,9.58846730077106e-06,0.7180171437945292,0.04064461505854462,1.4733577261732303e-05,1.452025923387983e-08,0.2340833021164774,1.993179793031571e-08,0.0003364444386742203,2.013295437731027e-07,1.1058251021319521e-05,4.119169438219163e-06,0.002005419992867978,0.0005246601798439923,0.0004967314793820537,9.093090862670428e-06,4.593994068013734e-06,3.116909914090177e-05,1.5314286586363818e-05,2.88706607705175e-07,2.3829800234739183e-05,6.804406805300824e-05,0.0033754959220918287
65,6.000598676463092e-05,0.00015562301295945653,6.827238929353298e-05,1.2102096935863864e-05,0.8819907272341218,0.037731648255040384,2.5326437196633654e-05,2.453198144947554e-08,0.07037898067132181,6.230616031617438e-08,0.000321161358989042,1.253779814470753e-07,5.591570792052989e-06,6.950701612449313e-06,0.0026303480020796223,0.0005730266354254139,0.0004950753887052819,7.810275940547597e-06,2.2776140633910665e-06,5.596952609030989e-05,1.6111916891112916e-05,2.786132727707937e-07,5.736527859438342e-05,4.1102606025721224e-05,0.00536403221176065
66,0.00010445233040855643,7.204330425050329e-05,8.748576692240016e-05,3.398450176769746e-06,0.7990120008892343,0.06089576495471719,8.970821237542643e-06,6.320244299295045e-09,0.13595017605207452,1.8899087551574495e-08,0.00018901273282618538,5.123336872549197e-08,1.1704040933529283e-05,1.2919740611692972e-06,0.0005936828657512587,0.00023215241226404846,0.00042916428106222774,7.331111010702324e-06,3.5648000971075647e-06,2.7450024368302626e-05,1.173744531309747e-05,5.5789861323473985e-08,2.0699089652798287e-05,7.945934803658966e-05,0.0022583250630393787
67,7.377802485240176e-05,0.00012086726005169461,6.099173875215716e-05,1.5038325373530194e-05,0.7426363144797599,0.07575590670471938,1.0445191847630481e-05,1.4881608862128174e-08,0.17440354941637823,2.2391619108797607e-08,0.00047600508537230796,1.5099966874651595e-07,1.4579471744324399e-05,6.558915171251722e-06,0.0014034360562809021,0.0006030419878559716,0.0007805140982583492,1.0882513215467227e-05,3.5608763928765728e-06,4.6820997857000685e-05,1.5697210940401786e-05,2.3787506079987702e-07,4.353173827728814e-05,9.541229597714964e-05,0.003422641462964315
68,0.0003061590805015347,0.0002560196058692787,0.0002598838425749248,3.286661050147646e-05,0.532461259360926,0.056053662922106645,1.987065898660392e-05,1.8856359148786895e-08,0.4037328629805371,4.105983994561516e-08,0.0003813448547703232,4.0567113159513523e-07,1.7110073499389826e-05,4.221491059554127e-06,0.0009045848524332872,0.0006416595697279958,0.0005483331598963804,2.260065376095769e-05,5.171387644349703e-06,4.5452223438539966e-05,3.446750948163678e-05,3.245712630756901e-07,5.050990522380543e-05,0.0002631399386560095,0.003958029159810346
69,8.608596739510357e-05,0.00016490869459941226,5.883093330231417e-05,9.294033683670663e-06,0.7415180064111071,0.040250624928325686,1.4485364489800791e-05,1.6116361897926322e-08,0.2118640694618474,1.7152683383549e-08,0.00041657185390166153,1.7087121974100618e-07,8.751316704480698e-06,3.7401713855988612e-06,0.0018909368129370577,0.0005082773852555953,0.0003966269190842608,7.292496835810086e-06,4.674882399842884e-06,2.8281343699706583e-05,1.110296596495001e-05,2.3099933404910468e-07,2.5069418635469762e-05,7.239222935287183e-05,0.0026595412694930274
70,0.0001622395457225519,0.00011159846174015597,0.0001080220158786042,1.1731085934562082e-05,0.7184767319814266,0.024381113686548512,2.0775518709001543e-05,2.8751669726232032e-08,0.2463760644433979,1.7323224462578683e-08,0.00019548150435319843,2.430796216776429e-07,1.3322295602468758e-05,5.091790297055343e-06,0.002749597603491641,0.000765648177225948,0.0004600052988060443,1.588620017833879e-05,1.5119422529456734e-06,3.6817102150695803e-05,6.5718535596568185e-06,2.0185112797472916e-07,9.21725823483971e-06,2.1530945551417538e-05,0.006070550283294058
71,8.380406011221924e-05,0.0001723798364860284,4.6505989783168494e-05,7.81530109579742e-06,0.7713301969601736,0.030755019172562296,1.3753268424146734e-05,1.2777026934333709e-08,0.19203812531932074,1.7418465152515446e-08,0.000275311776434685,1.564762558361925e-07,8.828663867602295e-06,3.615185295994116e-06,0.0015272532620145666,0.00044670959212880063,0.0003737734099531987,6.557137945455339e-06,3.708061936782493e-06,3.069786046432676e-05,9.569748533876853e-06,1.786463909772881e-07,2.127202135474928e-05,5.36389798417672e-05,0.0027910990741314696
