,0,1,2,3,4,5,6,7,8,9,10,11,12,13,14,15,16,17,18,19,20,21,22,23,24
0,0.018674742762896827,0.037217208885345805,0.001080512072016175,1.2554777222094921e-05,0.022332108832893396,0.0009505543395576018,9.914907563486185e-05,8.945727570134875e-05,0.010057900961893644,4.615796202191133e-06,0.22147254825009818,0.00324881038561807,5.64542925735554e-07,0.0002562041199217153,0.6359629589472153,2.7344012091038085e-07,0.0006958387603028736,0.0005254117929639436,0.0017506495167051348,9.447594982676644e-09,0.0005718246313831705,0.03708185580435577,0.00014136046406683296,0.0010950566622786604,0.006677828455084651
1,0.013079402550096016,0.030404436613030186,0.0012557183356962196,1.0382333588141275e-05,0.019963071880333548,0.0011121049603554892,0.00010521284313265196,9.2282528910054e-05,0.02265514899006736,5.7914197187535805e-06,0.17213785465773676,0.0022838526733373944,5.382794627102926e-07,0.00023385065484508014,0.6962684837080287,3.8026284719811116e-07,0.0003633321798270558,0.00026678702894630775,0.002833036265553453,1.1620693357126207e-08,0.00047447831068512305,0.029645899336035134,8.089453697041784e-05,0.0006552772159912021,0.006071770814111766
2,0.0287057113132714,0.07380673724007561,0.0047770084955922965,3.445288020865508e-05,0.05484238033005386,0.0011836268735042428,0.00016264640365103034,0.00016743346403147525,0.02555292281000989,7.959257082685741e-06,0.4868907559948125,0.007013484902932069,2.05889230906789e-06,0.00047940702233006163,0.27094689405761685,1.7206768647486626e-07,0.00073301330592389,0.0013858157108027525,0.002191247848527607,2.0694774767238273e-08,0.0006219435726077061,0.029685590055963367,7.104645381209653e-05,0.0022439738168291354,0.008493696535590563
3,0.01859793914177488,0.03621212533575081,0.0011254985068463936,1.236639687873287e-05,0.022656923715033327,0.0009879390977272934,0.00010105510086945573,8.779762063353053e-05,0.010460823058327497,4.540330996065464e-06,0.2285636639861815,0.0032876914707996945,5.865244787645979e-07,0.00025664732829089304,0.6305335936342393,2.802284820846271e-07,0.0006627904396772042,0.0005144906606399018,0.0017470224097561721,9.801142357297974e-09,0.0005497737402658184,0.036036931529653135,0.00013905406251476054,0.001080655125059018,0.006379800753981239
4,0.017718851864828127,0.03958497420443969,0.0013155138050326193,1.3919721740499864e-05,0.027801322097126213,0.001142841732532153,0.0001098149008179821,8.561493098366365e-05,0.011023210965590717,5.105878889338701e-06,0.24306144959916187,0.0034674584308775546,7.926209245289357e-07,0.0003207657107514378,0.6074017755781159,2.988009142933978e-07,0.0006339662000761955,0.0005497227616914887,0.0016962507335304736,1.1175702463793684e-08,0.0005366216867948249,0.036418215630802955,0.0001459750166502849,0.001162677202956468,0.005802848749067986
5,0.020055876209827923,0.04266475073816707,0.001236990032656295,1.7169289201948994e-05,0.028245102531787865,0.0011085211542049144,0.00010455589628787526,0.00010010720081004749,0.009704602227323958,5.2809141665923315e-06,0.2650436137978533,0.0037512049143408476,7.184050795529471e-07,0.0003010427209476403,0.5779722081389433,2.6047242553063344e-07,0.0008277652669553467,0.0007831925365633312,0.001616956807691634,1.083487611407745e-08,0.0006709006419256192,0.036962986362269086,0.00017015156328726373,0.0013937749797921408,0.007262256362614793
6,0.01859793914177488,0.03621212533575081,0.0011254985068463936,1.236639687873287e-05,0.022656923715033327,0.0009879390977272934,0.00010105510086945573,8.779762063353053e-05,0.010460823058327497,4.540330996065464e-06,0.2285636639861815,0.0032876914707996945,5.865244787645979e-07,0.00025664732829089304,0.6305335936342393,2.802284820846271e-07,0.0006627904396772042,0.0005144906606399018,0.0017470224097561721,9.801142357297974e-09,0.0005497737402658184,0.036036931529653135,0.00013905406251476054,0.001080655125059018,0.006379800753981239
7,0.020986839929788656,0.05559665635939346,0.001974237001677276,1.3759011615734853e-05,0.016182585310733272,0.000680852444898567,0.0001951057487196147,8.902923203452567e-05,0.01522599006153125,4.001727765533412e-06,0.43352003553995994,0.002708410979826096,1.5338308704368998e-06,0.00019427035632481944,0.4230862657164323,1.4998689555552406e-07,0.000539832509046584,0.0006185487445420795,0.001118701639812389,1.6713369988546742e-08,0.00029700560624223884,0.02037986217585388,7.24894318790352e-05,0.002122988689702221,0.004390831251084653
8,0.026629553340408885,0.04317914640935867,0.0016414831590318955,1.8499789160328733e-05,0.025165428889696483,0.0005094725103884528,0.00012007251972600377,0.00013790070571616266,0.009641073142558187,6.509575738881737e-06,0.10387982816567211,0.0027935432230595295,6.741232603899451e-07,0.00026978947495728595,0.7360698776533863,3.3056229380883983e-07,0.001199640751314327,0.0004063751625279634,0.0015226412783064002,8.004819124908225e-09,0.0005919029267865922,0.02865220702282114,0.00018530714412689508,0.0026758740699692513,0.014702860394915123
9,0.025074385938986594,0.0696227721483516,0.0037773811173789588,2.4834047330124113e-05,0.03689135746117026,0.0004468766091148519,0.00015238030233855762,0.0001720488406618339,0.01961015169202271,7.65465376494272e-06,0.1634460601888326,0.0028813837624129613,1.6139104286025761e-06,0.000261363314146422,0.6343448389514288,2.0854153361089879e-07,0.0012153603367056076,0.0004706425967528755,0.0013821693285994425,1.1653503225356108e-08,0.00047834132201303914,0.020128205904153353,0.00010325483644649505,0.005340507147800934,0.014166195394121735
10,0.01859793914177488,0.03621212533575081,0.0011254985068463936,1.236639687873287e-05,0.022656923715033327,0.0009879390977272934,0.00010105510086945573,8.779762063353053e-05,0.010460823058327497,4.540330996065464e-06,0.2285636639861815,0.0032876914707996945,5.865244787645979e-07,0.00025664732829089304,0.6305335936342393,2.802284820846271e-07,0.0006627904396772042,0.0005144906606399018,0.0017470224097561721,9.801142357297974e-09,0.0005497737402658184,0.036036931529653135,0.00013905406251476054,0.001080655125059018,0.006379800753981239
11,0.018989533141556412,0.03820408742988832,0.0012005035378047388,1.3231196094273251e-05,0.0236939892382473,0.0010127735312983725,0.00010691105673075739,9.082923305706049e-05,0.010643907104447438,4.762100300085215e-06,0.24164989915176746,0.0034438246425047016,6.840301456332775e-07,0.0002717175059852243,0.6131648692672792,2.8225807238702035e-07,0.0006908131664384276,0.0005561243859987709,0.0017070873305847834,1.075497900900863e-08,0.0005474021976345175,0.03641158479577594,0.00014329803230822276,0.0011757717970125295,0.006276103114088389
12,0.025896226351057806,0.04425001076973604,0.0009506147985197287,1.6499709648971753e-05,0.0494064359678819,0.0017971342364786309,7.74528047979536e-05,7.430257114811758e-05,0.0030836772973766658,5.439207067268393e-06,0.24511138961194487,0.008036616072418071,7.804138747304515e-07,0.0006405412588685174,0.520235340096285,4.1628373786857445e-07,0.001414743242470574,0.001499535363443301,0.0012549788207001952,9.544251470292849e-09,0.0008789631011746242,0.087927952312663,0.0004575471512658561,0.001320906581347274,0.005662486431841484
13,0.018222237448975675,0.034055831528106754,0.0011256849487719653,1.1872758196499536e-05,0.021845602357148813,0.0009249138525670373,9.728841441154697e-05,8.652115773498998e-05,0.010171531013155792,4.019922393800718e-06,0.24406607423078175,0.0035529722196330714,5.671672058000078e-07,0.0002537552619658155,0.6186269905810585,2.5996545837965277e-07,0.0006638513461760051,0.0004973413388579741,0.001726414343250096,9.711995988918958e-09,0.0005493021403813688,0.03637015793544807,0.00013297094989236005,0.0010033663894029768,0.006010463017029066
14,0.005199253675326043,0.22126695558503717,0.001195876493611102,1.544219705430511e-05,0.06133874587468625,0.0017226647951779288,7.07902135244791e-05,7.606173910632526e-05,0.02456545250067143,1.9892952212814527e-05,0.2355105496384287,0.0008143322607766024,1.9033327573593836e-06,0.0002488809066699035,0.4112599378374581,9.74206221250994e-08,0.00034215910438790736,0.0007130922280274213,0.001592296657110767,8.71665042443674e-09,0.000403521374840728,0.028706993634919024,4.2562418657128527e-05,0.0017463311485152997,0.003146197293770684
15,0.01859793914177488,0.03621212533575081,0.0011254985068463936,1.236639687873287e-05,0.022656923715033327,0.0009879390977272934,0.00010105510086945573,8.779762063353053e-05,0.010460823058327497,4.540330996065464e-06,0.2285636639861815,0.0032876914707996945,5.865244787645979e-07,0.00025664732829089304,0.6305335936342393,2.802284820846271e-07,0.0006627904396772042,0.0005144906606399018,0.0017470224097561721,9.801142357297974e-09,0.0005497737402658184,0.036036931529653135,0.00013905406251476054,0.001080655125059018,0.006379800753981239
16,0.02277239816163527,0.044394116328644845,0.0008152220099121015,1.388620502986076e-05,0.01790529027523346,0.0013955914850142831,0.00011502907397336068,9.994651213830668e-05,0.008562498485717666,7.0954943475166825e-06,0.23206542235103708,0.004009925659387843,4.7342588264618864e-07,0.000300859498387529,0.5937128514485,3.6542887729635143e-07,0.000801652029576105,0.0010326305753598224,0.0020118531659780972,1.1995929938148181e-08,0.0010547689507236716,0.060295155477201635,0.00016931051847853744,0.000930851209146923,0.0075327942338861325
17,0.030133955091984996,0.03855117455576311,0.0016674778539870518,2.6449733494926957e-05,0.03522693084413399,0.001378957499176562,0.00013797736902016827,0.00011400604183513046,0.008144210213463362,5.379386295574723e-06,0.3005654399901794,0.007050677304220291,9.047872141299554e-07,0.0006236013385511233,0.5164180383748841,3.8911061120052093e-07,0.0009509582468521502,0.0010664456585580448,0.0017564215899913554,1.4724398075724254e-08,0.000864447442781918,0.04401117159813934,0.0002789220037871513,0.001336697422271191,0.00968935181840564
18,0.05535476317349539,0.05243644848498346,0.0014949286459543954,1.6561423822876218e-05,0.019589173050851692,0.0005232292526842684,0.00014462762093483364,0.00015869655031349616,0.006385892192659612,5.675569017574845e-06,0.20095625160709146,0.007980428948638082,7.92041971758853e-07,0.0002935195350957895,0.556989333049576,2.954667349472224e-07,0.0024507415235783137,0.0013365266403500022,0.001719068137311647,1.0820925234461566e-08,0.00085691697756492,0.07464549671152362,0.0002011179714007134,0.00303093997729737,0.013428564626222593
19,0.014579405299943482,0.04672652066560685,0.0025783218766181185,1.8982492175536633e-05,0.046402271189901034,0.0011677060312717934,0.00010154482008597019,0.00012861631874174046,0.020077685830038352,7.21884029388864e-06,0.262884821152119,0.005052552701402744,1.2218905610244048e-06,0.0004054943125559394,0.5438412451856994,2.651296731039154e-07,0.000696698070323025,0.0005349320543725803,0.002022728790244762,1.595177597028823e-08,0.0005598809934944317,0.04439538806310916,9.762910728288537e-05,0.001288974812773401,0.006429878419935933
20,0.012244172550416526,0.03396964529569005,0.0007916202033263508,8.847548798343733e-06,0.020804448746636273,0.000634991150939384,5.937738899018363e-05,0.00011544372475554571,0.009572024419096018,4.722521255464817e-06,0.1390424108982143,0.0027471944925716186,3.828548914322725e-07,0.00018323709956290766,0.7068996664975378,2.1302733029077503e-07,0.0008863255690317537,0.0003754782144757319,0.0018568604897482796,7.578988188442187e-09,0.0005883422620231985,0.06288000302575439,0.00010809310979088864,0.0009119966147261308,0.005314494715448868
21,0.036336317085388675,0.032945514473220444,0.0018077651484708428,1.8724684954131847e-05,0.02524252293297116,0.0018178188233699336,0.0001948756339639512,8.15882869104905e-05,0.009022650991061441,5.572297299362198e-06,0.30741956336516973,0.007904615588233058,1.1211040856956102e-06,0.0005276297558731369,0.5286907981990132,6.349689348381448e-07,0.000656142225309917,0.0009157856416402572,0.0016618897561543364,1.9247421150613005e-08,0.0006855129587024451,0.03505275063851373,0.0002440875800455907,0.0011991287181779024,0.0075669698951145265
22,0.02285191671058691,0.030978360537966394,0.001118528817619972,1.2099655328272453e-05,0.019415620566155277,0.0012285223126380464,0.00010122910570706763,8.45191158380238e-05,0.007674449520630042,3.894327656779125e-06,0.3198744518550698,0.004679630232997241,4.952566401734631e-07,0.0002679164409961962,0.5337814316124686,3.124480569121891e-07,0.0008258414576562435,0.0009176993422437733,0.0014490390574735405,1.2410693231127482e-08,0.0007746948885469051,0.0472731429417587,0.0001741972481639734,0.0010136854921504285,0.005498308644957588
23,0.01859793914177488,0.03621212533575081,0.0011254985068463936,1.236639687873287e-05,0.022656923715033327,0.0009879390977272934,0.00010105510086945573,8.779762063353053e-05,0.010460823058327497,4.540330996065464e-06,0.2285636639861815,0.0032876914707996945,5.865244787645979e-07,0.00025664732829089304,0.6305335936342393,2.802284820846271e-07,0.0006627904396772042,0.0005144906606399018,0.0017470224097561721,9.801142357297974e-09,0.0005497737402658184,0.036036931529653135,0.00013905406251476054,0.001080655125059018,0.006379800753981239
24,0.016569146161507797,0.055649575967311994,0.0014458946599902127,2.1242373310987904e-05,0.04225364087846552,0.0014559465231087777,0.00010600759097553465,9.843475810308985e-05,0.011468854179363453,7.315135683691323e-06,0.26551156822421684,0.004049326633599335,1.0188119837485974e-06,0.0004891560976131829,0.5478343701473957,2.8547012257974534e-07,0.0006703359207037011,0.0007562696417594966,0.002022499598080842,1.2219150949291946e-08,0.0006927336087332768,0.040678022134908745,0.0001575065067856562,0.001150276430185461,0.006910560326939356
25,0.026005035867002757,0.02864816734486705,0.0015515184492248765,1.8354548091653003e-05,0.017838842748680375,0.0006113664740903205,0.00014953274990710578,0.00013925075783879673,0.008015214792934783,2.6066548820623717e-06,0.4488364448052039,0.0065279648949251945,8.308637634139116e-07,0.00026935493808350055,0.4174525506685539,2.0418537450733735e-07,0.0010315828240759677,0.0007749065353011451,0.0017125693766885971,1.7456953861468914e-08,0.0006282491035914978,0.033165977559208436,0.00015553972062605287,0.001271533700698502,0.005192382979431598
26,0.002676131040375707,0.0156618779150596,0.00026443946857176607,5.735191258966357e-06,0.019149987482898152,0.002746667766193274,3.946702605067641e-05,1.9328338081641094e-05,0.008334723312824274,3.33733879529329e-06,0.12354632598480071,0.0013495649370005244,1.1164126668238628e-07,0.0005528610632095725,0.7938664261541868,4.5465450909345183e-07,5.486492510613814e-05,7.831550728538324e-05,0.0032480954106807766,4.600969814232827e-09,0.0005171937762514854,0.02444289187056865,9.107659582714875e-05,3.8611341142389504e-05,0.0033115066570853363
27,0.013053741884770709,0.025331151874926315,0.0006987326181553626,6.969674112008196e-06,0.013196481352173958,0.0008691764966987628,7.084467308881201e-05,7.948717850098521e-05,0.012487269418391721,4.364219834867564e-06,0.13485820336439988,0.0017342416228468896,2.7061176754887557e-07,0.00013228383442630642,0.74975303142613,2.806947002072904e-07,0.0004635529788665129,0.00029367777299100486,0.0016064409647309661,7.690759126483483e-09,0.00044128631071203823,0.03804033149573331,9.401225353974648e-05,0.0007260403307879878,0.006058119256954933
28,0.01859793914177488,0.03621212533575081,0.0011254985068463936,1.236639687873287e-05,0.022656923715033327,0.0009879390977272934,0.00010105510086945573,8.779762063353053e-05,0.010460823058327497,4.540330996065464e-06,0.2285636639861815,0.0032876914707996945,5.865244787645979e-07,0.00025664732829089304,0.6305335936342393,2.802284820846271e-07,0.0006627904396772042,0.0005144906606399018,0.0017470224097561721,9.801142357297974e-09,0.0005497737402658184,0.036036931529653135,0.00013905406251476054,0.001080655125059018,0.006379800753981239
29,0.01859793914177488,0.03621212533575081,0.0011254985068463936,1.236639687873287e-05,0.022656923715033327,0.0009879390977272934,0.00010105510086945573,8.779762063353053e-05,0.010460823058327497,4.540330996065464e-06,0.2285636639861815,0.0032876914707996945,5.865244787645979e-07,0.00025664732829089304,0.6305335936342393,2.802284820846271e-07,0.0006627904396772042,0.0005144906606399018,0.0017470224097561721,9.801142357297974e-09,0.0005497737402658184,0.036036931529653135,0.00013905406251476054,0.001080655125059018,0.006379800753981239
30,0.01859793914177488,0.03621212533575081,0.0011254985068463936,1.236639687873287e-05,0.022656923715033327,0.0009879390977272934,0.00010105510086945573,8.779762063353053e-05,0.010460823058327497,4.540330996065464e-06,0.2285636639861815,0.0032876914707996945,5.865244787645979e-07,0.00025664732829089304,0.6305335936342393,2.802284820846271e-07,0.0006627904396772042,0.0005144906606399018,0.0017470224097561721,9.801142357297974e-09,0.0005497737402658184,0.036036931529653135,0.00013905406251476054,0.001080655125059018,0.006379800753981239
31,0.0324406213701901,0.07897289042266668,0.0029717318245476593,2.679502628743577e-05,0.052691593994239776,0.000749512747307191,0.0001224488858745343,0.00023327966629943633,0.016059257751991695,9.44519175973712e-06,0.206730410416791,0.005972264213652753,1.6193355142617408e-06,0.00042657911327781173,0.5284018449404393,2.770625068184773e-07,0.0016359038217125068,0.0009672210303293689,0.0025547074711495207,1.5309509352961993e-08,0.0007380198567357779,0.05306703001811333,0.00013608662276289553,0.003316116841291111,0.011774327065049986
32,0.017152826644783747,0.034431647035709126,0.0010285878611346418,1.1194171576070193e-05,0.02105306461504689,0.0009317393428249201,9.431765675942042e-05,8.958421497386524e-05,0.011234168873156276,4.5355026235431666e-06,0.20597890789007803,0.0030012053832583815,5.236574562134094e-07,0.00023831989951407644,0.6564339220614868,2.847887922474176e-07,0.0006265001077867948,0.0004417719209606929,0.0019831870399597547,9.42031555014504e-09,0.0005468310644030192,0.03747305400226067,0.00012445148416209017,0.0009385565200926032,0.006180808840884562
33,0.02021314568757693,0.06715239135861602,0.0006350944634392551,1.1080329557797278e-05,0.044525806827563574,0.0008712983855449834,6.0310789622876366e-05,0.00011512336272607754,0.002785929930579071,5.534312015552308e-06,0.17635498899502616,0.005492829703665242,9.686474828277674e-07,0.00040465911791587376,0.512113967770358,2.747729897737978e-07,0.002094057324984447,0.0010374687587567165,0.0018925455238939502,9.738539001690645e-09,0.0006222937750555935,0.15916412744932937,0.00025910290188663654,0.0013899263459144359,0.002797063726959806
34,0.01627835764109861,0.026883603849565296,0.0011405210499897363,7.531467041998853e-06,0.012352529383822098,0.0008131912509646688,0.00011098799947929201,8.224944884284754e-05,0.027731566538757527,4.264879422544402e-06,0.16136946161013713,0.0016041916098301855,3.9703734666638117e-07,0.0001475306368925933,0.7180029598942016,2.8751067546511577e-07,0.0002792928885840739,0.00021908805872359355,0.00253402852067685,9.064257704680246e-09,0.00036908231253878913,0.022673553180368684,5.25253799850344e-05,0.0007034298348147846,0.0066393589519823295
35,0.02041004959009984,0.03796407329377279,0.001178591353120484,1.3159335847302416e-05,0.022239069735910708,0.0009663864759539272,0.0001053285429428105,0.00010085868506751719,0.01163027385913266,4.962266729482283e-06,0.23123318415646404,0.003467229708428526,6.07565644844488e-07,0.0002474176984708257,0.619621433363154,2.777176470111253e-07,0.0007264440795127329,0.0005722838130836674,0.001879605581657477,1.0545754168848972e-08,0.0005814536102101593,0.03868711231595226,0.00013258165447356928,0.0011746778019395185,0.0070629272490296486
36,0.021883354974195114,0.037038878123178215,0.0016913836479544705,1.3559775039215823e-05,0.031467903471878646,0.0004581889257464949,7.75809163847991e-05,0.0001613996991868109,0.01268727642413959,5.248583892319123e-06,0.1335456440294975,0.006043789197988334,8.134070762341912e-07,0.000272355225474239,0.686198770377961,2.950817452235635e-07,0.0014736298565583056,0.0003376748626778657,0.002920101356001985,9.568386948674577e-09,0.000588898405801231,0.052204668906538645,0.0001106163568769076,0.001442300244001631,0.009375658581818288
37,0.07898583667163604,0.04599677264150221,0.001941717081371647,1.4342680816771151e-05,0.020578334062117898,0.0007248356513320494,0.00020263000674065283,8.761176543355975e-05,0.005330936651296449,2.9270650228951646e-06,0.3596917974635081,0.008616519612316308,1.047257782570767e-06,0.00042238453558693113,0.41922904697909463,3.0568231649422864e-07,0.0012158634198463016,0.0013777842094963042,0.0014828799922480178,1.1622528005416482e-08,0.0005773008214608188,0.0433605431729861,0.00019370410481006257,0.002431826463145378,0.0075330403856039094
38,0.020031214380509536,0.014742420755946962,0.0003793360721133653,4.177750308799688e-06,0.006182197325474587,0.0017711227196128075,0.00014468663392666213,2.429860349336299e-05,0.0043093591204315254,2.021199193797787e-06,0.23728849112936556,0.0018527326210789111,2.000627674044271e-07,0.0001708892298256496,0.683181404295774,5.590588656436317e-07,0.00020684118257889578,0.00038767981812385413,0.0010292436814534627,7.46924891184347e-09,0.0003841905574984296,0.024295907326159064,0.00021347860387866806,0.00038865536282729307,0.003008885039542801
39,0.018708116961416124,0.031518954561470046,0.0011382056484662696,1.2872550126466213e-05,0.022999640610484165,0.0011012348318507304,9.597707033821624e-05,9.446679882283421e-05,0.010851531261262617,4.684854950290378e-06,0.22296646923639166,0.0037352702077302906,5.20165471045983e-07,0.00026396731359636745,0.6373256144166655,3.312311189524428e-07,0.0006658690194143484,0.000522932563393445,0.0019359486452477721,1.0731600044397243e-08,0.0006424196037409394,0.03738835487931856,0.0001484542819605684,0.0009450714828648878,0.006933081072297962
40,0.030221476950260253,0.03336422280762047,0.0008404822794240872,5.881834582211858e-06,0.014085036862939854,0.0009401771561734722,0.00010558867190966756,6.213119692746051e-05,0.006251594551844021,2.960176191727133e-06,0.2312720711955582,0.004206479758589689,3.220709340656218e-07,0.00027609629176775046,0.5897334822473352,3.069596489726405e-07,0.0005838752190326535,0.0006368309859471203,0.0017450912630548076,7.883361118654621e-09,0.0005655361409394826,0.07956971968632207,0.00011898608045779897,0.0007513529368943289,0.004660288792283369
41,0.014449872920791374,0.035591690056948615,0.0012191328557084827,1.128550155741599e-05,0.02492580712651221,0.001002574801602618,8.779389324011728e-05,8.074686044850456e-05,0.013425268086332131,4.859899271675581e-06,0.18861193533222315,0.0024983146113280856,5.55681744926613e-07,0.0002408815506825004,0.6770594931933502,2.720150425517239e-07,0.0005113896160971571,0.0003706116185125444,0.0017127446909167982,8.741041349571321e-09,0.00048657776001975056,0.0303583332425452,0.00011004912279844489,0.0010052970491443512,0.006234503772139971
42,0.010072299106370076,0.01763748163889178,0.00037182033464355313,3.4690915571851793e-06,0.008330409273067956,0.0004153675221513201,4.0780402035222854e-05,8.877524589225465e-05,0.0071188287300070815,2.7608759429911195e-06,0.0817784494774497,0.0017588566154605246,1.2333622751520818e-07,8.41591999398926e-05,0.8012284980367111,2.763714924082688e-07,0.0006725080704684962,0.00015619211690495998,0.0024662566133372824,5.414987576659908e-09,0.0005109028200509678,0.06311890054561183,7.669878746119422e-05,0.00037433750126108936,0.003691842872076163
43,0.010219344778617,0.030749732943534547,0.0005782185610203679,9.181772772481667e-06,0.02233315930861165,0.001399904165105887,5.3764184196072554e-05,8.974758094517386e-05,0.011061160467799503,6.955784556391643e-06,0.13114954684945518,0.002100885435192955,2.922213958821388e-07,0.00018468918209871285,0.7258593486202056,3.413319185998548e-07,0.0005753638500404177,0.0004168098133513853,0.0021351164121926345,7.890768839777718e-09,0.000730570915894924,0.05400895156066297,0.00012946598531922917,0.0005899217667427196,0.005617518617600749
44,0.01859793914177488,0.03621212533575081,0.0011254985068463936,1.236639687873287e-05,0.022656923715033327,0.0009879390977272934,0.00010105510086945573,8.779762063353053e-05,0.010460823058327497,4.540330996065464e-06,0.2285636639861815,0.0032876914707996945,5.865244787645979e-07,0.00025664732829089304,0.6305335936342393,2.802284820846271e-07,0.0006627904396772042,0.0005144906606399018,0.0017470224097561721,9.801142357297974e-09,0.0005497737402658184,0.036036931529653135,0.00013905406251476054,0.001080655125059018,0.006379800753981239
45,0.018972426166278325,0.03683835496579294,0.0011189377967250657,1.2674421905019809e-05,0.022758835846098856,0.0010142640477260423,0.00010079922397774557,8.733807366967761e-05,0.01028104709216481,4.595502751132262e-06,0.23417722728878584,0.0033595646619862347,5.807764056166873e-07,0.0002618232462487178,0.6232251339411466,2.787218464853532e-07,0.0006729816696795164,0.000546868734868304,0.0017333295770840394,9.802522355932152e-09,0.0005711222768394274,0.03648809394427385,0.00014154272410067358,0.0010823356154156815,0.006549833881706787
46,0.02374868065022546,0.03860876770831165,0.0011456569070572434,1.3447381461679476e-05,0.023133281299557724,0.0006668815143067934,8.97571276581116e-05,0.00012320864327329355,0.008321352606015594,4.359964475865972e-06,0.2203827260980653,0.0044100651173944756,6.809135289033708e-07,0.0002128597342987636,0.6194207590341365,2.4777265035408225e-07,0.0013635713486792403,0.000630640002032364,0.0017211314134678208,1.0206394697993495e-08,0.0006136644033071681,0.04671015997721581,0.00015934604723952844,0.0016223289567821287,0.006896415172463589
47,0.07073557534905459,0.031009945191550023,0.0007904930709897827,6.248585440463244e-06,0.008855902106739623,0.0006613135635597116,0.0001223912690138503,9.27467252536743e-05,0.0043243645644172836,3.1410771095553637e-06,0.2244165025334614,0.008899225721524066,4.221006471045824e-07,0.00016440895872423043,0.5392887073638077,4.0211436788977296e-07,0.0015963852992112654,0.0011274955770545793,0.0016049665362570411,1.1297207241108908e-08,0.0006691667281972781,0.0974862099045464,0.00015560323011992684,0.001374165002326187,0.006614206129418952
48,0.01964397754553156,0.05012704555661061,0.0007197559717215903,9.837881406563772e-06,0.018721693685149282,0.00045554230590917237,9.145751834545421e-05,0.00013829844940548713,0.007477037345765351,5.366807272006567e-06,0.13213727895368202,0.002712656569203811,6.337238605722937e-07,0.00018839035966710367,0.6924125851861855,2.615468996819584e-07,0.0013956678833222085,0.00040021189864808496,0.0026925146906935427,8.382173308048546e-09,0.000501370677476998,0.06310648064701492,0.00013539726427607018,0.0013918801809118348,0.0055346489688670895
49,0.017227277134126775,0.029798428059680783,0.0012290324413886655,1.229309638774681e-05,0.02817373079105321,0.0014721380695389486,8.637309860066898e-05,8.427817533752558e-05,0.009160395036514732,4.524471760238674e-06,0.28851594769272093,0.0055829224926759145,6.320426566116489e-07,0.0003167741412051903,0.556082234245882,3.256902446356741e-07,0.0006901653795970338,0.0007014533484959005,0.0015441560130405093,1.2971288182709124e-08,0.0006378853623315795,0.05275523853207817,0.00016143176802265211,0.0008504042586614014,0.004911945686709963
50,0.018537047590560476,0.04838941168272704,0.0012598253582415389,1.2741377012873497e-05,0.02303759651340373,0.0013558549927238503,0.00019888975475508647,0.00010331718980617107,0.02209676360647366,1.0714574499730206e-05,0.12335425973381693,0.0018822109256248804,6.643895515414539e-07,0.0004520155558905018,0.6991637324628134,5.962165993953261e-07,0.0003091764246618852,0.0003020021922443912,0.004396221874046627,1.1870071490194744e-08,0.00047294520832557837,0.04579054675547404,0.00010161497054174348,0.0007402785688921435,0.008031560211241314
51,0.021205839439774377,0.05383531295294529,0.0013559308261283844,2.1465019160124003e-05,0.02418921308759202,0.0012754794809379589,0.00015969918162780746,0.0001214967014897512,0.010691612395848225,6.551265156196028e-06,0.41401726070460443,0.004819226472373891,8.48451104987523e-07,0.00041459253981039704,0.39804073753476604,1.720315237871705e-07,0.0007021298575223921,0.0016403025838552113,0.0016102176746333006,1.4242263862261857e-08,0.000908659498316232,0.057927818614851787,0.00012989514594875356,0.001248125489560276,0.005677398808204708
52,0.016856692589019416,0.020426825385135922,0.0004835375255889697,8.54184528543015e-06,0.009518676649825008,0.0054888536674895785,0.00014495938235736957,2.8953083575796026e-05,0.006746520665255907,4.1288383081377045e-06,0.529657668419808,0.0019402687431203573,4.1642696418442525e-07,0.00018610492559540496,0.37167091204657465,3.3718592764624756e-07,0.00019012063248693742,0.002116770999747055,0.0004651623302014423,1.6027617881288746e-08,0.00044878488668312,0.030384486476217186,0.00021399447276884077,0.0006332190359074687,0.002384047758538232
53,0.01564581029646175,0.014288152687931262,0.0005238797190244715,5.76041282935551e-06,0.003938653270402377,0.0009792472897770072,0.00021951942138039046,3.370778403923012e-05,0.007103874643125671,1.8676426502667428e-06,0.27637409987754447,0.001021664148202022,2.5125072726711594e-07,0.00010204514105097571,0.6613972178905346,3.286222261541403e-07,0.00020707464009687968,0.0003069071356527317,0.0007012129424891295,9.676840191398973e-09,0.00025495029999200264,0.01239213242417346,0.0001630154258383619,0.0006887028228400083,0.003649914534170134
54,0.02133968099859474,0.03608475878080256,0.0010640092299498763,1.0403805268418077e-05,0.01619628297606619,0.0010764449071395596,0.00013888018861377434,6.314027596908482e-05,0.010731321506893746,5.0544346652357285e-06,0.1705246513731304,0.0027419991513127693,5.090512087615661e-07,0.0003095420580928295,0.6967448864272567,4.1427896561600067e-07,0.0004117497875077463,0.0003709043662471998,0.0017958886984203559,9.288613561350795e-09,0.00047379806298537505,0.030981951578448224,0.00012804362650513626,0.000848979661467611,0.007956695485874509
55,0.01003307693261089,0.0278966872034433,0.0005441215538360856,7.4317919545765795e-06,0.020956138035289597,0.0009474335091583035,6.206949473731235e-05,5.494827088503149e-05,0.005355657243090929,3.4437305840879357e-06,0.13994106721615512,0.0017113181388818115,2.7758535813176194e-07,0.00023756004454079604,0.7466976504263251,3.04166269302661e-07,0.000506960505494018,0.00027227916707400665,0.0015751185925319362,5.361264082330591e-09,0.0005076472250970657,0.038027770615961985,0.00018262271799994865,0.0005877490164612005,0.003890661454995284
56,0.018710868269994914,0.039010934434182874,0.0012238432774896255,1.3144628301937314e-05,0.023930254468096865,0.0009877913228903451,0.00010660653978764487,9.280514350927784e-05,0.011113365317850338,4.826932888537953e-06,0.23903823142002328,0.003352160639223523,7.169504433036681e-07,0.0002636294221532501,0.6152906527068337,2.782466555242321e-07,0.0006958823100582378,0.000540941922145397,0.0017374579675845207,1.0944232376585127e-08,0.0005321503901781788,0.03589344613680383,0.00013684849224509835,0.0012097891715335692,0.006113362944893687
57,0.015558917092137305,0.04028964478839936,0.002041252064230832,1.5074758987098295e-05,0.04878545452997779,0.0006681294934281109,5.3622912633028065e-05,0.00020623072492669296,0.01804204462131168,7.726310048861677e-06,0.14392085862417728,0.008068028482775944,8.664142089390127e-07,0.0003232942050913052,0.626914683286486,3.1888239576904097e-07,0.001537106219568191,0.0003973771474517184,0.003981246303575094,1.2774439005833099e-08,0.0008453627679771667,0.07896907581940867,8.695710436123663e-05,0.0010429102271514968,0.008243804444851186
58,0.020271262769725358,0.040223856863361426,0.0012474062258999215,1.2723921156628697e-05,0.02340582979111093,0.0008352444956344903,0.00010477586436913452,9.964474195130413e-05,0.010050004351588008,4.691168938896879e-06,0.22577780356758734,0.0033817713662670215,6.863111995615098e-07,0.00023610472329598943,0.6250247226170343,2.605748887245772e-07,0.000862097032300774,0.000570179765678064,0.0016114421613446712,1.0014490624439242e-08,0.0005447370492117339,0.03762791597508358,0.000144871512157148,0.0014973563959713202,0.00646460073975316
59,0.021976059498609774,0.04047064108925504,0.001552369088158357,1.3613296858674935e-05,0.024783975323855054,0.0007942822085980734,0.0001108399073028841,0.00010523340910733971,0.010540373524967865,4.5826554821824495e-06,0.23542561938838197,0.00365547047367746,7.548160541554898e-07,0.00023934572468503344,0.6128228999641474,2.5829317614633585e-07,0.0009217905331479654,0.0006135348024491926,0.0014771873154480742,1.0727699287936653e-08,0.0005499428209090862,0.03505185924446235,0.00014374324956754946,0.0018235155187744537,0.006922097125224675
60,0.01859793914177488,0.03621212533575081,0.0011254985068463936,1.236639687873287e-05,0.022656923715033327,0.0009879390977272934,0.00010105510086945573,8.779762063353053e-05,0.010460823058327497,4.540330996065464e-06,0.2285636639861815,0.0032876914707996945,5.865244787645979e-07,0.00025664732829089304,0.6305335936342393,2.802284820846271e-07,0.0006627904396772042,0.0005144906606399018,0.0017470224097561721,9.801142357297974e-09,0.0005497737402658184,0.036036931529653135,0.00013905406251476054,0.001080655125059018,0.006379800753981239
61,0.020223350514868118,0.03967497393002802,0.0015577695886666405,1.3373167207243869e-05,0.025763714628904838,0.0008198537548766013,0.00010425646617644667,9.88649559664434e-05,0.010853306384495501,4.4062186413222355e-06,0.24378855727579962,0.003802821964707676,7.322575756720218e-07,0.00025550120691730983,0.6065826441711143,2.5401206493124354e-07,0.0008323614497784026,0.000558624822630127,0.0015725154917992405,1.0579399856154498e-08,0.0005490663213625203,0.03458002523769248,0.00013244100007215825,0.0015337376548656702,0.006696836944388802
62,0.01859793914177488,0.03621212533575081,0.0011254985068463936,1.236639687873287e-05,0.022656923715033327,0.0009879390977272934,0.00010105510086945573,8.779762063353053e-05,0.010460823058327497,4.540330996065464e-06,0.2285636639861815,0.0032876914707996945,5.865244787645979e-07,0.00025664732829089304,0.6305335936342393,2.802284820846271e-07,0.0006627904396772042,0.0005144906606399018,0.0017470224097561721,9.801142357297974e-09,0.0005497737402658184,0.036036931529653135,0.00013905406251476054,0.001080655125059018,0.006379800753981239
63,0.018400183358345326,0.0395498031351663,0.0010763756371507667,1.1524934050511299e-05,0.020649836859089842,0.0008959075349724952,0.00010141638470859809,8.67241578899931e-05,0.010462666365379836,4.491738612857332e-06,0.2287731060082606,0.0029083323792675354,6.017139629020414e-07,0.00022722178426446318,0.6306650224687869,2.523784593694835e-07,0.0006730889751594665,0.0005090806179423743,0.0016495473716333392,9.62459112606124e-09,0.0005134310358100763,0.03547497624587319,0.00012593447323258196,0.0011767092616588102,0.006063755555730912
64,0.017803897605719668,0.033496800008237654,0.0009959348425237645,1.1619368043288618e-05,0.02034921425143905,0.0009087429472952432,8.66379431196289e-05,8.78616259738242e-05,0.009314054401253057,4.132097046791616e-06,0.2247184483704023,0.0034107477583038507,4.3465878344759686e-07,0.00023631299085113372,0.639867839351551,2.636549311167599e-07,0.0007067090112545625,0.0005324122228261225,0.0017980433828619746,8.783731277734587e-09,0.000722487996841524,0.03716517290371681,0.00013473299510337861,0.0009435293194429057,0.006703961508746633
65,0.018637913004821233,0.03310747659491116,0.0011411622853337489,1.5166207709210558e-05,0.030924058789765667,0.0016266166268871325,9.176991179961812e-05,7.883306811851016e-05,0.008797553403078633,5.15560610970952e-06,0.25805234636502744,0.004879146150815953,5.737498461400828e-07,0.00039762119494304366,0.5875082487547562,3.7294287602303867e-07,0.0006358949912740311,0.0007140866464689096,0.0018536710670940873,1.098713031583186e-08,0.0007614726726453361,0.04301738254883692,0.00018938935760527386,0.0008088789003752155,0.006755198171770391
66,0.01841431929941734,0.039875603035713574,0.003466257979495961,2.8837981523442975e-05,0.049679575010468935,0.004825333777970854,0.00025544808281785514,0.00020079747961948048,0.10219841618281875,3.3359115744380995e-05,0.1717472970158042,0.006565277945003149,2.319247669470575e-06,0.000951412231440362,0.5252610733938617,2.1025734055767396e-06,0.00022151257059475112,0.0003429656342914339,0.014130956488334961,6.207148373293429e-08,0.0006481174431894844,0.05028077009160258,7.414793271372607e-05,0.00037294291714224954,0.010421094497871944
67,0.013699529449337266,0.01100977648446617,0.0007664041178146277,1.042869139445883e-05,0.016106281563506256,0.0029440010462036177,0.00012029574927985967,1.8851678162662365e-05,0.002531171556662579,1.9855865217326062e-06,0.29957111093757355,0.004142435249191467,3.528151427359598e-07,0.0005147456383350334,0.625910803367091,8.790119466288591e-07,0.00025217062904787875,0.00047862894466069254,0.0005890526943736855,1.1439018708234987e-08,0.0005163327363753268,0.015459352193455546,0.0005726379200376178,0.00040998454464097404,0.004372775955759889
68,0.025945993285175294,0.016205186293354656,0.00033876211361796225,9.062321846450116e-06,0.00679903908537531,0.0017653692907461202,7.984573761114385e-05,3.5863271877705826e-05,0.0022204451036306333,1.924319604364622e-06,0.5000099700712141,0.004114264212319789,1.9841483863079945e-07,0.00011404750060361627,0.40276590297213616,2.232809254154261e-07,0.0007282893135284068,0.0020965801062295293,0.0004127866633529005,9.114509060658362e-09,0.0007809613306954761,0.029608965176264136,0.0003342579387790078,0.0007930880954706142,0.004838964986293436
69,0.023068306805954043,0.03975866698108548,0.002260730759619208,2.3499734794115307e-05,0.019242560782337305,0.0005615053264098941,0.0001217013618325279,0.00017757304247048865,0.018672246470254616,7.079027083915518e-06,0.178174050780768,0.0032119959787617275,8.310534968001657e-07,0.00015856191519971464,0.6711373575210522,3.1081681656931945e-07,0.0012411018648559322,0.0005522094823298604,0.0017750321235745134,1.6362768544845044e-08,0.0007031432062479203,0.01793765735472892,0.00011362560773397135,0.002793663146461199,0.018306572493362483
70,0.034228967641174585,0.025713951079910157,0.0037924851573842232,2.3588677673718402e-05,0.042680226863702805,0.0035662571400428764,0.0001889355189787771,3.729825060486986e-05,0.008615921995977818,4.959754179795489e-06,0.3554843991960879,0.012182224517286063,9.029239989351166e-07,0.0017217684954557,0.46474978302546494,9.007328584915774e-07,0.0003194325637466733,0.0009598431712237352,0.0011159764147391546,1.7765510756920696e-08,0.0008743575444264805,0.03103530604446273,0.00026603346434230993,0.0007376109829276186,0.011698851077838988
71,0.059447695592130284,0.011028026217678415,0.0005567447124013332,8.496586761803799e-06,0.002892027601067672,0.0004809902578870118,0.0003005705754835696,7.828978379614601e-05,0.002581819826900952,1.019516803323399e-06,0.43414111775076575,0.004888413358932091,3.401453279901198e-07,0.00010621723365916225,0.4516502846153158,3.6223904384593007e-07,0.0010208783316527689,0.0011410561084345668,0.0008573414800943314,1.6513946654229495e-08,0.0005428255157935066,0.02228181995297051,0.00035394502031904233,0.0013748199854601404,0.00426488107737333
72,0.025258055616565977,0.050223906783610606,0.0005813447017752104,1.1891298231581368e-05,0.013988093849172812,0.0005912036950592516,0.0001241120109101752,0.00014301277216117433,0.005264510241597956,4.459907857614733e-06,0.290215764932693,0.0032747421575874867,6.628590571035151e-07,0.00014547038152448367,0.5361077821627807,1.9103118628505856e-07,0.0018121720125635341,0.0012097169139594823,0.0018835597053696437,1.0976928411380447e-08,0.0007382664117935605,0.062020716207646175,0.00019052540467628275,0.001918612978746108,0.0042912149865455395
