,0,1,2,3,4,5,6,7,8,9,10,11,12,13,14,15,16,17,18,19,20,21,22,23,24
0,0.9837256489121114,5.037710354094524e-05,0.001647994176100731,2.5265760226773444e-06,6.112428254263546e-08,4.884158794979352e-08,9.542969405034691e-06,0.0006755310537058748,2.0532126109582652e-05,3.081910874606084e-06,4.627234841467555e-05,0.0020648178244418273,0.0017998023978014665,2.1157160683337652e-05,5.547339706358304e-10,0.00018804521890822216,9.45907575897325e-05,0.00947728360023336,7.556696234603426e-07,3.406826938441187e-08,3.906428946270317e-06,0.0001419361606123712,1.0171308102173579e-07,2.4958018832800632e-05,9.93284086577779e-07
1,0.9827230339874545,4.7799951989173006e-05,0.0018058406186336625,2.8950539382514477e-06,5.6448944134295294e-08,4.77968882260222e-08,1.0337886367828399e-05,0.0007228269241694954,1.672275407216169e-05,2.924183928735335e-06,4.21982484155232e-05,0.0022620199383069227,0.001850973778814871,1.8535812729897414e-05,5.474245700190441e-10,0.0002491173397213559,0.0001136101712866439,0.009976994096656634,7.74045722121024e-07,3.5652256788794995e-08,3.939921916572175e-06,0.000122760092464742,1.1098803123409932e-07,2.5457248027280528e-05,9.865118385424032e-07
2,0.984599279148307,4.88003918154623e-05,0.001593685497538103,2.5095807912030465e-06,6.277291179831929e-08,3.8385494740926104e-08,9.241017011220896e-06,0.0007203436428920851,1.6387035544964678e-05,2.502668241468619e-06,4.593605090530026e-05,0.002254646094844575,0.001759554863642213,1.992326636890199e-05,5.492408083910988e-10,0.00019015186922316114,9.937284523702514e-05,0.008475479875947477,6.209719375461233e-07,3.4052378063645686e-08,3.484033593015802e-06,0.0001347716982274162,8.657640662091798e-08,2.2142881999381966e-05,9.442295005744951e-07
3,0.985791829773997,4.088449874770891e-05,0.0014261620988679125,2.3085485919045564e-06,5.081623289050175e-08,3.459164868306296e-08,8.66235479854179e-06,0.0006063585819890693,1.2702560113053138e-05,1.940804378683052e-06,3.9841209433210304e-05,0.0020411737507501403,0.0016121825553059945,1.4639351298186653e-05,4.1871677077897905e-10,0.00016904880907581436,9.594836331058661e-05,0.008002041888868829,5.581330089138012e-07,2.5909652015605368e-08,3.1526453964235313e-06,0.00011019538025198541,8.04714131652944e-08,1.944372682082527e-05,7.327573316525867e-07
4,0.9857432080795496,4.1123562644013376e-05,0.0014030721156745773,2.2597543854305375e-06,5.1568307512488177e-08,3.1074729206467545e-08,8.699791524678775e-06,0.0005751510038890574,1.2648583390215539e-05,1.8393122360783533e-06,4.015100959764146e-05,0.001977051634292176,0.0017546393695099796,1.5264347197291135e-05,3.9139798685864354e-10,0.00014974999850698634,8.901300571185532e-05,0.008049848077526112,5.461758183786864e-07,2.631405760008647e-08,3.2527952858070815e-06,0.00011219589748017277,7.543944852202907e-08,1.9409374993313633e-05,6.913228459434068e-07
5,0.9840798447948689,3.869278925312106e-05,0.001530743518206109,2.6398880254306858e-06,5.633497070490309e-08,3.644923990591378e-08,8.651222542371127e-06,0.0005824565826741116,1.306378808053807e-05,2.063951120352892e-06,3.935158456423293e-05,0.0018681192535983026,0.0016664855380369176,1.5297448759961418e-05,3.772772861681645e-10,0.00016170858624174866,9.653685332573597e-05,0.009771449330473145,5.586410191997267e-07,2.9328733507903076e-08,3.4640539511503474e-06,9.611263666122652e-05,9.831186865169598e-08,2.1877076376939357e-05,6.616601303823114e-07
6,0.985791829773997,4.088449874770891e-05,0.0014261620988679125,2.3085485919045564e-06,5.081623289050175e-08,3.459164868306296e-08,8.66235479854179e-06,0.0006063585819890693,1.2702560113053138e-05,1.940804378683052e-06,3.9841209433210304e-05,0.0020411737507501403,0.0016121825553059945,1.4639351298186653e-05,4.1871677077897905e-10,0.00016904880907581436,9.594836331058661e-05,0.008002041888868829,5.581330089138012e-07,2.5909652015605368e-08,3.1526453964235313e-06,0.00011019538025198541,8.04714131652944e-08,1.944372682082527e-05,7.327573316525867e-07
7,0.9904569127659066,2.5573782221879603e-05,0.0010495701781530658,1.4042352864215174e-06,2.9481914312071414e-08,1.8513605002481425e-08,5.92566402966217e-06,0.00035976913136108544,6.166422226225331e-06,9.139745962644342e-07,3.319439183768234e-05,0.0012556461963648645,0.0016506144638722302,7.455408680928018e-06,2.366473497418066e-10,7.697736728036014e-05,6.157868870071672e-05,0.004912817611724443,3.3144543501544054e-07,1.5272470040318795e-08,2.062360121496306e-06,8.227608759610467e-05,3.913517181648255e-08,1.036250821003517e-05,3.4467658641062547e-07
8,0.986232017873732,4.017989897401847e-05,0.001459863525462375,2.268092953416363e-06,5.003993771935296e-08,3.3350692230905774e-08,7.99370442377473e-06,0.0005814284433458876,1.2400198058192812e-05,1.942142709800592e-06,3.8509933585383825e-05,0.0019943071169085365,0.0015517806547083808,1.4521565088252526e-05,4.068797637067749e-10,0.00016595258505311305,9.543431479469763e-05,0.007671891875726146,5.192205057231487e-07,2.5428208827686256e-08,3.018389260201735e-06,0.00010517867155375816,8.022236631381618e-08,1.9865984758863213e-05,7.363603128620984e-07
9,0.9881595821211017,1.1140424902113352e-05,0.0002363151445548236,1.132916348296859e-06,2.7194571197456686e-08,2.9505893025224686e-08,3.325600904686827e-05,0.0004488942418019989,4.571926169356857e-06,1.5533209021001707e-07,5.0537081347221996e-05,0.0018510102089906151,0.0017820238373879513,2.2335939704361657e-06,2.1113734419822977e-10,5.066850733120682e-05,4.55968877574545e-05,0.007203760626431114,7.48718498657084e-07,6.5704347223617516e-09,2.7656076676725177e-06,0.00011203902008464237,3.0653894542043915e-08,3.3462126150662998e-06,1.2744597218720941e-07
10,0.985791829773997,4.088449874770891e-05,0.0014261620988679125,2.3085485919045564e-06,5.081623289050175e-08,3.459164868306296e-08,8.66235479854179e-06,0.0006063585819890693,1.2702560113053138e-05,1.940804378683052e-06,3.9841209433210304e-05,0.0020411737507501403,0.0016121825553059945,1.4639351298186653e-05,4.1871677077897905e-10,0.00016904880907581436,9.594836331058661e-05,0.008002041888868829,5.581330089138012e-07,2.5909652015605368e-08,3.1526453964235313e-06,0.00011019538025198541,8.04714131652944e-08,1.944372682082527e-05,7.327573316525867e-07
11,0.9863173714040613,3.9220174114811186e-05,0.0013624649781611405,2.227827685447279e-06,5.004688692513588e-08,3.2188828437294625e-08,8.613081508890305e-06,0.0005564189174969828,1.2072618492474706e-05,1.7396737071948238e-06,3.948672295355813e-05,0.002031503237140376,0.0016906590205698067,1.3789937046514543e-05,4.0505712341395217e-10,0.0001583764805303588,9.198604137919485e-05,0.007540011551625023,5.355004354094969e-07,2.5591048369395604e-08,3.0635969851003867e-06,0.0001098986733842624,7.602042504116294e-08,1.967395961582537e-05,7.023508605734991e-07
12,0.9858042848728361,3.6611363104223025e-05,0.001932827039567818,1.5199967338051522e-06,8.06334380396244e-08,3.036897311240278e-08,6.671271897509526e-06,0.0005021407152922652,1.2863865591888368e-05,1.976084534904438e-06,4.280473578248403e-05,0.0021478576880397072,0.00136939575144382,2.0327899103111353e-05,3.313080263027742e-10,0.0001582333213825769,0.0001146319383415498,0.007720125300136494,2.867559503868736e-07,3.9826502086904055e-08,3.3699849999604734e-06,9.697635954725769e-05,8.853814316816163e-08,2.587829540130085e-05,9.770619485541312e-07
13,0.9892141057954921,3.5730024833737326e-05,0.0009848871281858075,1.281226811896048e-06,4.521005182314694e-08,1.5751180347601335e-08,6.431420091213675e-06,0.0006110637208838389,9.185961131564273e-06,9.905888208299714e-07,4.905978132060546e-05,0.0023354057568988618,0.0014518401410718964,1.4639783433751835e-05,3.694862614004353e-10,9.457345638352509e-05,6.049125667047647e-05,0.004974886608916252,3.5358442833375066e-07,1.7227588046090952e-08,2.3275970695996314e-06,0.00014076606997680008,2.9964980269597575e-08,1.1205744818373742e-05,6.658294740206811e-07
14,0.9876326808021998,3.166683392865283e-05,0.0014749554707482833,1.8774822331487344e-06,4.4239049812351516e-08,3.830352903414118e-08,8.679931977783275e-06,0.0006177924857806509,1.243692399363363e-05,1.6147251853711482e-06,3.71804052171326e-05,0.0024651948258339533,0.0012799317493779113,1.2838898087721567e-05,4.489822642457746e-10,0.0001929244959183105,9.72841793882905e-05,0.006007734853181087,4.177848662653156e-07,2.3312147430430977e-08,2.5256989894405197e-06,0.00010241097116530546,7.902461092247512e-08,1.87648594351788e-05,9.012941727324976e-07
15,0.985791829773997,4.088449874770891e-05,0.0014261620988679125,2.3085485919045564e-06,5.081623289050175e-08,3.459164868306296e-08,8.66235479854179e-06,0.0006063585819890693,1.2702560113053138e-05,1.940804378683052e-06,3.9841209433210304e-05,0.0020411737507501403,0.0016121825553059945,1.4639351298186653e-05,4.1871677077897905e-10,0.00016904880907581436,9.594836331058661e-05,0.008002041888868829,5.581330089138012e-07,2.5909652015605368e-08,3.1526453964235313e-06,0.00011019538025198541,8.04714131652944e-08,1.944372682082527e-05,7.327573316525867e-07
16,0.9848040786094688,4.3180852864714354e-05,0.001602375367479199,2.570302338498046e-06,5.3802468211250875e-08,4.179462042725208e-08,9.186758772601692e-06,0.0006086414420369326,1.3769922063683508e-05,2.304974744232474e-06,4.0089377998373225e-05,0.001995943334644891,0.0017335745167744582,1.4941311550245175e-05,4.551080984472061e-10,0.0001998036648765322,0.00010682649611788666,0.008685129980876774,6.199277562869792e-07,3.123045243070836e-08,3.436398053040407e-06,0.0001091869609104197,9.919266299672016e-08,2.3311963692272735e-05,8.013616679473714e-07
17,0.9866533363120308,3.353314516925209e-05,0.0012238581628117018,1.955699238869468e-06,4.859635644542335e-08,2.7022630552426875e-08,8.489943393067038e-06,0.0005149939989632965,1.1200710327118917e-05,1.3563603286923687e-06,3.822541035330536e-05,0.0019317177482684252,0.0015708164142579756,1.3093690579838314e-05,3.1056892843046174e-10,0.0001224468733443238,7.901345618860231e-05,0.007676295966827175,4.4331225509292835e-07,2.1727946860232553e-08,2.933026386626064e-06,9.838919353000698e-05,6.745167685460032e-08,1.7158129733666637e-05,5.773368324513836e-07
18,0.9856678870063629,4.122883374754008e-05,0.0014396291221886297,2.2834985513901236e-06,5.118006822109114e-08,3.4575389175870124e-08,8.794733796615252e-06,0.0006086084574528916,1.2878693637338672e-05,1.950065252404897e-06,4.00671879925186e-05,0.0020879593744860614,0.0016189886230053628,1.4991470363183394e-05,4.213067571062993e-10,0.00017198269600630459,9.684214407900179e-05,0.008050109511570933,5.606627250483807e-07,2.624609790304083e-08,3.2053166932237327e-06,0.0001112898398416484,8.105467310689438e-08,1.9794029135680455e-05,7.552555762101254e-07
19,0.9836903832519368,5.885435982481829e-05,0.0016631629580337553,3.816962529345982e-06,7.570806802495751e-08,5.4962376004649443e-08,1.1532639635733291e-05,0.0007279144165291128,2.128966574378877e-05,3.1593379022011437e-06,4.2771686476857985e-05,0.002673195784063929,0.0019632217877814154,1.9349483537417477e-05,6.727980357778329e-10,0.00023890333744955487,0.00011590802258252385,0.00858735467469536,7.77382978650579e-07,3.687541986242084e-08,3.2668488558368928e-06,0.000145493521790392,1.1182750094827689e-07,2.8322153896572638e-05,1.0416775930167071e-06
20,0.9857320631944383,4.891217713109643e-05,0.0012532747803150747,2.465380582891769e-06,5.831608773621518e-08,3.372927140362149e-08,9.287999658166949e-06,0.0007342503339453408,1.544184087059764e-05,2.128592153474908e-06,4.772738613484109e-05,0.0019807185943955456,0.0019234576749111616,1.8082144182816267e-05,5.024401208601004e-10,0.00013798055640425416,8.281381573041412e-05,0.007826930743701393,6.622561812805603e-07,2.7782323681719182e-08,3.3496667194710265e-06,0.00016223127368712828,6.569158332499898e-08,1.7319187632058157e-05,7.163795187757432e-07
21,0.9717945387498419,0.0004039473322195541,0.0014593521462588637,1.6841145011459373e-05,2.5788124179343554e-07,1.281652852852333e-06,5.850452522596805e-05,0.004939875415757402,0.00018643095575976768,3.557238053341285e-05,0.00017082827580320922,0.004278258225136379,0.004269705535702118,3.91582443387023e-05,1.9545308065375842e-08,0.0010037076955738509,0.00025548613147470295,0.00862953786903562,1.6243551526279887e-05,1.1783432999755274e-07,7.002610200194967e-06,0.002393339187428939,2.524767259669922e-07,3.467303771142517e-05,5.067595001290118e-06
22,0.9831558454042816,8.533358660742456e-05,0.0012439968484731026,4.115912191123177e-06,9.505378636604223e-08,4.920417287070119e-08,2.1620795785388235e-05,0.0005177492958160077,4.4538563238286895e-05,2.1476279405195612e-06,4.8564436071792714e-05,0.006027021945472841,0.002909316659145776,2.143592235601648e-05,1.5827752560093509e-09,0.00035495240176026114,7.783821298269234e-05,0.005201098775619243,1.0798802114983242e-06,3.855068490965052e-08,2.4654892857097254e-06,0.00022007224247249133,8.107487629777712e-08,5.8091357367434395e-05,2.449176625260808e-06
23,0.985791829773997,4.088449874770891e-05,0.0014261620988679125,2.3085485919045564e-06,5.081623289050175e-08,3.459164868306296e-08,8.66235479854179e-06,0.0006063585819890693,1.2702560113053138e-05,1.940804378683052e-06,3.9841209433210304e-05,0.0020411737507501403,0.0016121825553059945,1.4639351298186653e-05,4.1871677077897905e-10,0.00016904880907581436,9.594836331058661e-05,0.008002041888868829,5.581330089138012e-07,2.5909652015605368e-08,3.1526453964235313e-06,0.00011019538025198541,8.04714131652944e-08,1.944372682082527e-05,7.327573316525867e-07
24,0.9822493507053195,5.944639224330336e-05,0.0015419073885302168,3.58536906905232e-06,6.205647730507692e-08,3.8575818749216215e-08,1.0096243084658018e-05,0.0007951074905653595,1.6293912823054908e-05,2.9286975992313695e-06,4.200714846459778e-05,0.002112649312378855,0.0019763163811483135,2.0226636355437382e-05,5.07766587095023e-10,0.00019715774616502988,0.00010859995868549704,0.010700105652246359,8.406625551721817e-07,3.150274347091095e-08,3.966148760903987e-06,0.00013626594994623978,9.75618720151614e-08,2.2145936551379257e-05,7.720628297521471e-07
25,0.9865416272838474,6.830928961226321e-05,0.0018726517425844472,3.2121475248573025e-06,5.8396690640884336e-08,5.646674206534305e-08,8.893784491166687e-06,0.00040598575016888,2.4482944705324463e-05,3.99776706274616e-06,3.407282229565149e-05,0.0021628742099926703,0.001975646667432504,1.7752136834809646e-05,8.221751379199297e-10,0.0002689035742156912,0.00011361083457894142,0.00631892146116475,8.90116054678854e-07,3.344498578419944e-08,3.067269813705548e-06,0.00013065069482062633,1.2734316719535198e-07,4.2745711546063964e-05,1.4273174919552292e-06
26,0.9846587941658169,5.714798845874347e-05,0.0012473299109629769,2.4668704066373936e-06,4.901794429615966e-08,3.916488838999045e-08,1.2432010862830426e-05,0.001079299475392341,1.3251019965512239e-05,2.2583917378379793e-06,5.186000970820925e-05,0.0027475723508142433,0.001824215900252057,1.7262138917446104e-05,6.690038682606142e-10,0.00021894105245890569,0.00011228268870751033,0.007740938596470066,9.05881492163086e-07,2.4565764828650612e-08,3.721526118558857e-06,0.00019490922359632822,6.063868554650796e-08,1.3338555762170197e-05,8.98185811732639e-07
27,0.9846557413007628,2.885252340577356e-05,0.001803573942626326,1.6702929363195766e-06,3.641144098632008e-08,2.0616832188554032e-08,7.730820811373421e-06,0.00043048821723126014,5.534181310271586e-06,1.25644976308818e-06,2.8941608104572603e-05,0.0018160450310791847,0.001294374072538902,1.1360429932019363e-05,2.0659929087316405e-10,0.00017011076068676643,0.00013021645314443794,0.00954474285104398,3.404527622513594e-07,2.132371625987456e-08,3.7629515211195905e-06,4.830205690301727e-05,8.943673626555794e-08,1.626447568488978e-05,5.231324263988509e-07
28,0.985791829773997,4.088449874770891e-05,0.0014261620988679125,2.3085485919045564e-06,5.081623289050175e-08,3.459164868306296e-08,8.66235479854179e-06,0.0006063585819890693,1.2702560113053138e-05,1.940804378683052e-06,3.9841209433210304e-05,0.0020411737507501403,0.0016121825553059945,1.4639351298186653e-05,4.1871677077897905e-10,0.00016904880907581436,9.594836331058661e-05,0.008002041888868829,5.581330089138012e-07,2.5909652015605368e-08,3.1526453964235313e-06,0.00011019538025198541,8.04714131652944e-08,1.944372682082527e-05,7.327573316525867e-07
29,0.985791829773997,4.088449874770891e-05,0.0014261620988679125,2.3085485919045564e-06,5.081623289050175e-08,3.459164868306296e-08,8.66235479854179e-06,0.0006063585819890693,1.2702560113053138e-05,1.940804378683052e-06,3.9841209433210304e-05,0.0020411737507501403,0.0016121825553059945,1.4639351298186653e-05,4.1871677077897905e-10,0.00016904880907581436,9.594836331058661e-05,0.008002041888868829,5.581330089138012e-07,2.5909652015605368e-08,3.1526453964235313e-06,0.00011019538025198541,8.04714131652944e-08,1.944372682082527e-05,7.327573316525867e-07
30,0.985791829773997,4.088449874770891e-05,0.0014261620988679125,2.3085485919045564e-06,5.081623289050175e-08,3.459164868306296e-08,8.66235479854179e-06,0.0006063585819890693,1.2702560113053138e-05,1.940804378683052e-06,3.9841209433210304e-05,0.0020411737507501403,0.0016121825553059945,1.4639351298186653e-05,4.1871677077897905e-10,0.00016904880907581436,9.594836331058661e-05,0.008002041888868829,5.581330089138012e-07,2.5909652015605368e-08,3.1526453964235313e-06,0.00011019538025198541,8.04714131652944e-08,1.944372682082527e-05,7.327573316525867e-07
31,0.9871289081020153,3.264078428731677e-05,0.0014265403410238296,1.6528853270482808e-06,3.4430361257373877e-08,2.2961695595528827e-08,6.216969067164748e-06,0.0006325231907943188,7.39891697360014e-06,1.4802099064028541e-06,3.4053086592318975e-05,0.0016356462482938086,0.0013052021786466696,1.1979210108624768e-05,2.5281637718982335e-10,0.0001411064187464661,9.524158290514792e-05,0.0074376798221238456,3.738267311920936e-07,1.974316476351639e-08,2.8884445560901476e-06,8.497868546966491e-05,6.17647998845777e-08,1.282639855258621e-05,5.235450408600811e-07
32,0.9851845480339521,4.213123062073503e-05,0.0014172353880017475,2.498126965552552e-06,5.344956819248776e-08,3.761723726642683e-08,9.315097689128252e-06,0.0006294887025366127,1.3299485904362786e-05,2.0400075867636973e-06,4.167978252801643e-05,0.0020865610832588337,0.0016877098919387897,1.4963053341372203e-05,4.663184885251967e-10,0.00017976719459913206,9.97010694997303e-05,0.008446690245051038,6.417981889658148e-07,2.7394297371407542e-08,3.4041834168405476e-06,0.00011696342632262943,8.680746576717272e-08,2.0391312274163086e-05,7.651514364697663e-07
33,0.9834501708044704,5.6370447594460435e-05,0.0022541695952213144,2.8380930017524476e-06,7.167285180891388e-08,6.044527927484451e-08,9.094701484704078e-06,0.0006946937614305626,2.4201645598641188e-05,4.273336851185864e-06,4.401289277239263e-05,0.002024446145258588,0.001622019377529489,2.536073368005241e-05,6.811321032944304e-10,0.00022404847151135418,0.00011025380926980655,0.009294562891330769,6.94911654276992e-07,4.234158986029404e-08,3.978415763161191e-06,0.0001238233922557628,1.3643629913850097e-07,2.9394220900157297e-05,1.2807752687966935e-06
34,0.9685478857220836,0.00013971337127312422,0.0032899027003948068,6.417791678919412e-06,1.2774563054089803e-07,1.1374105923233129e-07,2.165106446089764e-05,0.0018037160598601927,4.2534141036188116e-05,1.0755165277331695e-05,5.526710025225894e-05,0.005071984443917619,0.002614543559227364,5.3493513721419785e-05,1.2640851941118654e-09,0.0008666710080167928,0.00028287971748035555,0.01687548036372974,1.5641287789737387e-06,9.976885152696968e-08,6.916965028127449e-06,0.0002508896393726622,2.423558728751415e-07,5.433255659165838e-05,2.816112318513101e-06
35,0.7741595775075526,0.007257140079893201,0.0927778770156912,0.00021709791875802037,1.073633516358153e-05,7.426648554269535e-07,0.0002936367010400677,0.0014002305714906585,0.0008408976376862741,0.0004077766532229961,0.00017863370686532534,0.01213541846109047,0.06718913604256843,0.0031994178967184807,1.6179421288849426e-07,0.007925755499386409,0.002785306931489015,0.02498425255155795,1.9431024316328753e-05,2.0637118918773045e-05,0.00022034235747751054,0.0008305519587053688,7.757418146711428e-06,0.0030170464623617893,0.0001204376908305834
36,0.985762572680751,4.1142615388974025e-05,0.0014254870639129975,2.3164327006621384e-06,5.070881313357515e-08,3.4707638750351646e-08,8.696471754813946e-06,0.0006132696614213192,1.2752870164736372e-05,1.954655923295917e-06,3.985770291225785e-05,0.002054595174351812,0.001615131471089004,1.4698796594318284e-05,4.208308949480824e-10,0.00017056834151601692,9.643457410841399e-05,0.008005230193585853,5.612235407674569e-07,2.5939199025542807e-08,3.146883839198531e-06,0.00011129633474203082,8.021014884497531e-08,1.9359737956214107e-05,7.351271155692759e-07
37,0.9607948209191516,0.00038919334205268617,0.00257997847709242,1.5305877445540512e-05,1.887529434034881e-07,4.876908308887685e-07,3.2403970009495004e-05,0.0076150112291607785,8.45508543531127e-05,3.756774881178262e-05,0.00012422151346694232,0.0067548933729638366,0.0030215218480980598,6.23283736916034e-05,1.0894977085735664e-08,0.0023769077409084975,0.0004626524134494421,0.014391419252913807,8.64662286468664e-06,1.456360324294081e-07,8.152745738444273e-06,0.0011973662366415833,2.5300257290495683e-07,3.609163821948103e-05,5.8798456096811845e-06
38,0.9873657617272614,5.389481194605973e-05,0.001447445252677555,2.134696549190911e-06,5.917780878349758e-08,2.0993308897891102e-08,5.781106947799363e-06,0.0006484737705926513,1.6444000499415617e-05,2.057580595979688e-06,4.009718249937689e-05,0.0023209093674856907,0.0014769141240927681,2.2986444606946565e-05,3.7820544905202866e-10,0.00012027698672893909,6.814868542874038e-05,0.0062563103600056435,3.637334570272797e-07,2.3489616621713968e-08,2.28318666232769e-06,0.00012904787307851,5.075651692529036e-08,1.9662554473578602e-05,8.51758953561152e-07
39,0.986003019349018,2.861916500657651e-05,0.0011461728921604074,1.8879063326336542e-06,3.708933608029928e-08,4.02011882428218e-08,9.867513868262653e-06,0.0008819604344841188,7.68449592156045e-06,1.2921302008251888e-06,4.198969445380668e-05,0.002454645476732374,0.0012546350226077117,9.3336098336881e-06,3.4869531293779775e-10,0.00020705728668043673,0.00012166923425363102,0.007700444773253783,5.193929475440764e-07,1.9802726709634602e-08,3.1082478052303297e-06,0.00011247643860188719,7.494076214132968e-08,1.2829316647454197e-05,6.152364817165218e-07
40,0.990069503713384,3.2724719802027174e-05,0.0012560181380524157,1.3443155593489558e-06,4.04957563474713e-08,2.2738907582621765e-08,6.865953988419651e-06,0.00040966101983810454,8.810961866477823e-06,1.0764005468549996e-06,3.57215663462505e-05,0.002112404021826295,0.0013650932651439352,1.0757066640885822e-05,3.2261030486803967e-10,0.00011106131447013243,7.858967595835616e-05,0.004386611773387611,3.06837895193105e-07,1.7331260584674387e-08,2.18221666773658e-06,9.627236564811782e-05,4.6486415959259625e-08,1.4210101279421169e-05,6.571967477024128e-07
41,0.98798878860665,3.9951929573112215e-05,0.0013858656562709508,3.0337536352497605e-06,5.888611541961925e-08,4.3684816629774434e-08,6.9650922102932444e-06,0.0006314217479026621,1.5131585066652513e-05,2.2350103081993173e-06,4.0392088927929794e-05,0.0019946288023166277,0.0013425004905019697,1.310411161046171e-05,5.959143131629781e-10,0.00015546367334837697,8.232408049284467e-05,0.006167968136247517,5.140570569581003e-07,2.3885487293309813e-08,2.0985653625932556e-06,0.00010835159573045685,7.901004843260644e-08,1.8303701342127695e-05,7.512530629969397e-07
42,0.9864725725329057,5.41481097300069e-05,0.0011332929011653602,2.6967834601999484e-06,4.910149205071795e-08,5.005424805619688e-08,1.0662774904790728e-05,0.0009393135432365308,1.3208448024729186e-05,2.219869052546913e-06,4.754493215862785e-05,0.0027814573873130343,0.0017533663699689853,1.2081994658912936e-05,7.242299627151365e-10,0.0002696412873341647,0.00012897189622745685,0.0061462888971634665,8.820035768032797e-07,2.543810535939168e-08,2.7956422746631715e-06,0.00021053762044127302,6.702925638432856e-08,1.7180539507478773e-05,9.441195637011577e-07
43,0.9808143919233155,6.179861162854612e-05,0.0020262261252219044,3.944100689821699e-06,7.464725929837544e-08,8.455988037848009e-08,1.0527816515529424e-05,0.0011153204716082808,2.1427805828206338e-05,5.371221468683041e-06,5.129867127673354e-05,0.002050211685225005,0.0017874504586968952,2.3242315734045244e-05,8.440748653432297e-10,0.0002967855535407133,0.0001476584388071736,0.011381571492371225,1.076204227646583e-06,4.6933747467576915e-08,4.921896338961437e-06,0.00016979530583352876,1.5472097585691252e-07,2.548330240961732e-05,1.1348933242267694e-06
44,0.985791829773997,4.088449874770891e-05,0.0014261620988679125,2.3085485919045564e-06,5.081623289050175e-08,3.459164868306296e-08,8.66235479854179e-06,0.0006063585819890693,1.2702560113053138e-05,1.940804378683052e-06,3.9841209433210304e-05,0.0020411737507501403,0.0016121825553059945,1.4639351298186653e-05,4.1871677077897905e-10,0.00016904880907581436,9.594836331058661e-05,0.008002041888868829,5.581330089138012e-07,2.5909652015605368e-08,3.1526453964235313e-06,0.00011019538025198541,8.04714131652944e-08,1.944372682082527e-05,7.327573316525867e-07
45,0.9854365321827867,4.005580060662755e-05,0.001251053810304933,2.8487561860587373e-06,5.7540777284047057e-08,4.5625383868923256e-08,1.135333959617029e-05,0.0007074431664281044,1.4226971994187377e-05,1.8748238390500525e-06,4.532716646586778e-05,0.002310963865844812,0.0017630528201150045,1.2904499165940794e-05,5.761394420748598e-10,0.00019292107897805902,9.720954979799269e-05,0.007957818095608932,7.08981764153927e-07,2.8132139320492506e-08,3.0375794301868327e-06,0.00013059031487374286,8.524106742589834e-08,1.9102655672408008e-05,7.574250338436452e-07
46,0.9897773045097734,2.87471353459573e-05,0.0009829676968383958,1.718314034891979e-06,3.477141972951247e-08,2.3263001778035776e-08,6.662716937835914e-06,0.000490238404434369,5.313050435241568e-06,9.40152048025428e-07,3.198467278839665e-05,0.0020186721231627933,0.0012563869723385094,6.559298695479228e-06,2.925104601257221e-10,0.0001557979981845928,0.00011718045352131404,0.005013376874412628,3.6532669460593966e-07,1.542353973179682e-08,1.9983224685135287e-06,9.079501528211717e-05,5.195776716286367e-08,1.2391983103695845e-05,4.732712606817333e-07
47,0.35392883092087973,2.1712998552581626e-05,0.017342165380054644,5.802310105558171e-05,8.181296430266171e-07,7.722551765271875e-07,2.0427417709531592e-05,0.003666563921199523,0.00012264537592646062,0.00011491625958809834,6.079247303385777e-05,0.0002892546757366198,0.0007015185225218129,0.0005132830207957937,1.5861178068625212e-09,0.00027615781614993585,0.00012654254222266975,0.6224463303435611,5.11602590519197e-06,5.140883415110716e-07,0.00018910831488098173,1.5238739407172196e-05,1.5615469945331712e-05,8.241370663981299e-05,1.236914954588228e-06
48,0.9857834869595327,4.065383056448873e-05,0.0014298077799457275,2.30295812902852e-06,5.0999076938568036e-08,3.466626562369932e-08,8.665073322162916e-06,0.0006028531415458757,1.277210548389408e-05,1.93597066256886e-06,3.9903389699603595e-05,0.0020453722554049556,0.0016125234569577523,1.466241843298321e-05,4.190274156624659e-10,0.00016892487743050055,9.545675839840866e-05,0.008006669085654974,5.560059800012787e-07,2.602504461259898e-08,3.152137183160743e-06,0.00010977519123182333,8.07082087828559e-08,1.9597619529995724e-05,7.36167286045593e-07
49,0.9866991075706771,3.3780939899874786e-05,0.0014617415674974769,1.976682767782836e-06,4.8510143495512724e-08,3.6562354938848315e-08,8.145576925894598e-06,0.0005610392399523465,1.1617997951476922e-05,1.6467243679727973e-06,3.915540820094301e-05,0.002132615775888568,0.0014962833594694548,1.2558663406041445e-05,3.506628805701715e-10,0.0001572078051858054,9.222157819809022e-05,0.007170748709411075,4.135501143447114e-07,2.58628070304318e-08,2.6962211401426274e-06,9.765708460166449e-05,7.670002873429498e-08,1.8517496359876177e-05,6.800619872903286e-07
50,0.9884514984411479,2.567036255654472e-05,0.0013039581445699465,1.7461900802874452e-06,4.595280645218877e-08,2.4306589610626226e-08,5.425969141289652e-06,0.00028737697333747393,8.139353986566035e-06,9.954151068853133e-07,3.04568631807577e-05,0.0018293395060086986,0.0012400823494543025,8.218948685899164e-06,2.601568903585568e-10,0.00015252021277742094,9.013306830013039e-05,0.0064767871314791526,2.866997571532244e-07,2.2786893300298822e-08,2.1934766845635195e-06,5.647687261428872e-05,8.334563125863998e-08,2.7932573969855e-05,5.84795083567092e-07
51,0.9854221249613747,6.146356622733235e-05,0.001436545708487902,2.9914516017922716e-06,5.5391045820018294e-08,3.122575939193917e-08,7.965805710226467e-06,0.0007865126015994267,1.5108503215678047e-05,2.5956645813502093e-06,4.23385026249545e-05,0.0020791630036086856,0.001778545271243028,1.922200773430081e-05,5.050256262190344e-10,0.0001599189553039594,9.002227452739626e-05,0.007932295858214491,6.543265985406547e-07,2.6334098235800418e-08,2.977340277912979e-06,0.00014096429217302299,6.811017757394716e-08,1.765814199889555e-05,7.501967897763949e-07
52,0.9890887222564749,3.6036886335172884e-05,0.0012496229561385138,1.1855872843104869e-06,4.4268070019242126e-08,1.664503747479229e-08,1.180874361480681e-05,0.0003869654221970821,8.511620399473323e-06,6.015635482095699e-07,3.255898346787698e-05,0.0034087798667543127,0.001468872669247478,1.1596022704699917e-05,2.604125082301407e-10,0.00012310102000491434,8.383816466500635e-05,0.003976246318113722,2.5900259647992524e-07,1.5369127607610933e-08,2.7396222150339396e-06,9.03040911768702e-05,4.496665622041817e-08,1.728943838615184e-05,8.382553711010635e-07
53,0.9840020690736018,3.714011084586462e-05,0.0013726563608523516,2.2073130848003996e-06,5.648310110879926e-08,4.177039206117551e-08,1.6409573927125522e-05,0.0006903595201305029,1.5281269017859867e-05,1.4310472279355047e-06,4.321975325068301e-05,0.003122376388664062,0.0017453290292918852,1.5049993037725595e-05,4.4747444221658476e-10,0.00020060674210210582,9.779213778730094e-05,0.008499388069226916,5.573882859054234e-07,2.8360470636460866e-08,3.484259536509188e-06,0.00011358303724990702,8.950456302714265e-08,1.996755002349754e-05,8.748168539251208e-07
54,0.9861766100579987,1.4213030691722305e-05,0.0008314881176977754,2.0957142043018876e-06,3.781919737552823e-08,2.909603695090297e-08,6.800003229852177e-06,0.0003537001608143441,5.271881173267296e-06,7.303134566515275e-07,3.358194947136993e-05,0.0007520959480566313,0.0012727288125990036,5.1170865789760715e-06,1.5356468188868655e-10,5.6446982675054814e-05,6.21815990779512e-05,0.010361469459892482,4.1664358651784385e-07,1.3620519167642396e-08,3.275234313303769e-06,5.062829994807544e-05,8.4922328901369e-08,1.0814345982863094e-05,1.6874690420164614e-07
55,0.9864489865684758,2.904316136769943e-05,0.001157956903244929,2.028840676079057e-06,4.8755973063478646e-08,2.9337205806801164e-08,1.0023131110763892e-05,0.0004391384885306791,1.3115980361648526e-05,1.1093633907835513e-06,3.724749465530965e-05,0.0025817240079707773,0.0015949788093818987,1.1617557076526963e-05,3.2687570102917066e-10,0.00013978863218700187,6.952344245480292e-05,0.007350268102229632,4.279935915834551e-07,2.1299168615845222e-08,2.4374919035604664e-06,8.79756398254079e-05,7.118600842259378e-08,2.176299350227975e-05,6.744928309823833e-07
56,0.986077996021946,3.988099598473541e-05,0.0013766029530751266,2.2589972863580175e-06,5.009390466884016e-08,3.3129498085457874e-08,8.660074541400442e-06,0.0005790334273540447,1.2298498098570171e-05,1.8145762104135537e-06,3.969837948587188e-05,0.002016017311276283,0.0016542020680895267,1.4068014124310726e-05,4.062726640374166e-10,0.00016014770550834198,9.279688905818648e-05,0.007790958458284724,5.47664314880832e-07,2.5399838697970594e-08,3.0991026810890227e-06,0.00010983953777067289,7.734110529520031e-08,1.9190839887061884e-05,7.021144028568449e-07
57,0.9849081404287506,4.994410853500186e-05,0.0012638414117432059,2.44568673228156e-06,4.8499291873095813e-08,3.406620894375527e-08,1.1117671541720761e-05,0.000651231966817542,1.3080116330351798e-05,1.863870131317303e-06,4.330663651282692e-05,0.002574704124239038,0.0020839273394542444,1.4704018793967423e-05,5.058036376043645e-10,0.00020489939461645773,0.00010133576344785004,0.007898568410643654,8.243851450198934e-07,2.577954545514108e-08,3.647530790369128e-06,0.0001510832116057268,7.09388217585267e-08,2.0311678960737736e-05,8.424555360033511e-07
58,0.9858120261219996,3.961782067691996e-05,0.0014009361459848622,2.365672631144418e-06,5.566898334296904e-08,3.401539047499944e-08,8.863338758717561e-06,0.0005081346170503542,1.3449906569528809e-05,1.7837436230313029e-06,4.050719666521966e-05,0.002122637675517215,0.001769795249037271,1.4372509972274039e-05,4.300160325743398e-10,0.00016385836611016127,9.000654511602215e-05,0.007876112371003314,5.551594309273089e-07,2.8270311370245285e-08,3.1522139073801067e-06,0.00010699182700847515,8.467516200385481e-08,2.3863889683761753e-05,7.665693908423975e-07
59,0.9855944366479549,4.119877936416685e-05,0.0015491489020037872,2.3452152381469e-06,5.5322236143010515e-08,3.597935027493128e-08,8.535842425409484e-06,0.000541436837613907,1.3627763138797754e-05,2.026415163714697e-06,3.9625110403523035e-05,0.002064447463371448,0.0016727794900738271,1.536766487876574e-05,4.2912155250049967e-10,0.00017621689622205515,9.768588264984096e-05,0.008046597566492895,5.478790690149659e-07,2.9074399152217334e-08,3.30863745442503e-06,0.00010568794074832031,9.048355909250604e-08,2.3952620809484183e-05,8.151562575127702e-07
60,0.985791829773997,4.088449874770891e-05,0.0014261620988679125,2.3085485919045564e-06,5.081623289050175e-08,3.459164868306296e-08,8.66235479854179e-06,0.0006063585819890693,1.2702560113053138e-05,1.940804378683052e-06,3.9841209433210304e-05,0.0020411737507501403,0.0016121825553059945,1.4639351298186653e-05,4.1871677077897905e-10,0.00016904880907581436,9.594836331058661e-05,0.008002041888868829,5.581330089138012e-07,2.5909652015605368e-08,3.1526453964235313e-06,0.00011019538025198541,8.04714131652944e-08,1.944372682082527e-05,7.327573316525867e-07
61,0.9859588585471661,3.817098473159566e-05,0.0015251684221783443,2.222889116894e-06,5.33135155068781e-08,3.425228898809869e-08,8.019719459657066e-06,0.000516292643663687,1.3157083558046314e-05,1.8997569553412228e-06,3.883379644792806e-05,0.0019793932593931934,0.0015756881430369458,1.4895818611287532e-05,3.9406565571074465e-10,0.0001602026879553198,9.135353991430936e-05,0.00795014171219984,5.033703482288498e-07,2.7065765047804568e-08,3.180053743750269e-06,9.793080497966987e-05,8.826716477867526e-08,2.311060971930307e-05,7.728640204651312e-07
62,0.985791829773997,4.088449874770891e-05,0.0014261620988679125,2.3085485919045564e-06,5.081623289050175e-08,3.459164868306296e-08,8.66235479854179e-06,0.0006063585819890693,1.2702560113053138e-05,1.940804378683052e-06,3.9841209433210304e-05,0.0020411737507501403,0.0016121825553059945,1.4639351298186653e-05,4.1871677077897905e-10,0.00016904880907581436,9.594836331058661e-05,0.008002041888868829,5.581330089138012e-07,2.5909652015605368e-08,3.1526453964235313e-06,0.00011019538025198541,8.04714131652944e-08,1.944372682082527e-05,7.327573316525867e-07
63,0.9856129731437119,4.655751750423303e-05,0.0014602440998362002,2.4243100253385685e-06,5.2945512083999695e-08,3.506398578556701e-08,8.789164386991663e-06,0.0006240538058822892,1.3477802179799811e-05,2.1253201045238923e-06,4.028518180569501e-05,0.002128785013770576,0.0016790117331225648,1.576140478933079e-05,4.518149668220447e-10,0.000179903309443577,0.00010081123519783557,0.007940331768021463,5.974597793583129e-07,2.712575112790098e-08,3.250120322225136e-06,0.00011889193880753633,8.196488115035361e-08,2.0732356270383994e-05,7.957630927777728e-07
64,0.985417878054117,3.866847078481578e-05,0.0014748027767490534,2.1375053638635047e-06,5.0357802253832716e-08,3.213752798076843e-08,8.876748864295845e-06,0.0005672669271981468,1.1620449383711228e-05,1.7988596567030454e-06,3.935814504690658e-05,0.0019300010319432224,0.0016272277962997607,1.4922112312036032e-05,3.80715021818782e-10,0.00016053103705004012,9.83929852493386e-05,0.008479170934727862,5.523935728699701e-07,2.597698490616744e-08,3.6784142902331617e-06,0.00010262158779819166,8.473237386014778e-08,1.95885517268572e-05,7.116324612102827e-07
65,0.9859220151852771,2.3239934638473863e-05,0.0009445488417151831,2.7114472387452904e-06,4.879176323874564e-08,5.276992952216972e-08,1.0827168100454102e-05,0.0005909765447170614,7.403264527019832e-06,1.2104867158182443e-06,4.2929303561533923e-05,0.0017363682231766656,0.0012112723003045878,6.3351008161910645e-06,4.634196647794777e-10,0.0001766437150629441,0.0001201940422549452,0.009099866086101327,7.643307501835828e-07,1.8327755057624934e-08,3.2302154807918113e-06,8.494474175878466e-05,1.0630128867711664e-07,1.3823315696990359e-05,4.69097949343597e-07
66,0.986420856516388,3.695674597843969e-05,0.0014008712501910302,2.0352275912456377e-06,4.5082022718502216e-08,2.923237383858514e-08,8.207281813853032e-06,0.0005835878147302556,1.0731919377429055e-05,1.669645867418738e-06,3.8764608972648774e-05,0.0019379471433482911,0.001667137576689446,1.3319926681819132e-05,3.594515264122474e-10,0.0001520296658745144,8.88082447423127e-05,0.0075126245631260535,4.802317443054887e-07,2.4671857606796505e-08,2.910119307047006e-06,0.0001037105332557816,6.650298969501303e-08,1.6551287682342613e-05,6.338479425433717e-07
67,0.9812295637649238,2.2282494903044643e-05,0.0026464477401343827,2.226467977386183e-06,4.562382472116577e-08,2.7465340329853295e-08,5.5585785522140306e-06,0.0003792332392693265,5.826409509977081e-06,1.8696095476658055e-06,2.822623371774119e-05,0.0009119330880613371,0.0015060271348591974,1.2312602044970594e-05,1.9119602146946193e-10,0.00013953560515512974,0.00012319670165000126,0.012921739246621126,3.196024723971403e-07,3.911978084565975e-08,4.9918841632422335e-06,3.567733888346859e-05,1.6589241475968705e-07,2.2349898892298055e-05,4.040661046971347e-07
68,0.9868121889062053,3.9384844734663174e-05,0.0011015879396670245,2.0428438155460427e-06,4.1309019716069007e-08,2.9534951519572892e-08,7.790275874464906e-06,0.0006910750433050923,8.896639523968429e-06,1.5920572818995713e-06,4.0746714899512804e-05,0.0017816905551609748,0.0014384040270725288,1.1379430112403136e-05,3.864215599852088e-10,0.00015735624635087014,0.00010179875502065246,0.007664470882311697,6.164815281949356e-07,1.944833442799572e-08,3.1654415463218085e-06,0.00012152889664598952,6.384007719499943e-08,1.3555271331209579e-05,5.742288073230443e-07
69,0.9832822034326819,3.961330262470297e-05,0.0017074273061614515,2.3189487300249175e-06,5.3899791088045696e-08,3.617554532067841e-08,9.229052657252345e-06,0.0006944930976968539,1.3176998269663766e-05,2.2169936277398434e-06,4.231176485052242e-05,0.0020584908068750794,0.001661839426721337,1.8193835192256534e-05,3.9652869937761915e-10,0.00017934138588789376,0.00010049967131193574,0.010058795097665538,5.653209998111991e-07,3.125240507977973e-08,3.958494785878599e-06,0.00010412998563756013,9.419059070975141e-08,2.020087465445528e-05,7.782881071253959e-07
70,0.9831166866284983,5.252658492231893e-05,0.0015818901393972271,2.072676343789972e-06,4.185968815550752e-08,3.941985907602021e-08,8.479102010986253e-06,0.0006746053489930928,1.165679342191982e-05,2.806713008606072e-06,4.059482542855254e-05,0.0022400814082932327,0.001708856703422928,1.5846068453600058e-05,4.4992317432176557e-10,0.0003025093418257926,0.00015014285266022658,0.009927905056493165,8.195341093107911e-07,3.065962842101114e-08,4.223883163229248e-06,0.00013229142578753477,9.784403219712015e-08,2.4806204758457984e-05,9.884758768187311e-07
71,0.9939894206953102,1.6772006780865496e-05,0.0006697433421237768,1.4178587108491939e-06,1.8783272505374698e-08,2.508350353170278e-08,3.408066422850215e-06,0.0002937256163818399,4.020565746777171e-06,7.004464855746851e-07,2.7418551805708413e-05,0.0011715196540486859,0.0008374709128790578,3.0310821679942556e-06,2.8979873254186714e-10,7.984313695710684e-05,6.840045221977779e-05,0.0027515848716666404,3.1811031003342587e-07,6.683327685277905e-09,1.042342688456746e-06,7.135517481867605e-05,3.756016970319414e-08,8.418689172744632e-06,3.000232301210889e-07
