,0,1,2,3,4,5,6,7,8,9,10,11,12,13,14,15,16,17,18,19,20,21,22,23,24
0,1.1116414554873191e-07,0.0006826053155147322,6.815418095585322e-05,0.005945558438738952,0.02334957206439062,0.0006007572944078084,2.1080452560032067e-05,0.0013772777767469858,0.00030775315101722327,0.9657629357764984,1.338815529805361e-05,6.0947670222915315e-06,2.3581188911160613e-05,0.0001360939544486677,2.004297551148515e-06,9.943167522621669e-05,5.0607318643872e-07,6.404820605222866e-05,0.00021006515494376496,8.35267662510637e-06,0.0012403972612857659,3.546990992511117e-05,4.966816678511649e-06,2.9784226313059623e-05,1.0010021556099822e-05
1,1.6078770263374789e-06,0.008145811232091878,0.0001708470998319824,0.09478930587114807,0.1913662019873663,0.0008341316000983625,4.773396508069605e-05,0.0025434956588631847,2.0128733320923585e-05,0.686152869608484,0.0001695284665220298,0.00018268664974927407,0.0005180806268876246,0.0014530102340744439,1.7413052304893943e-06,2.991358140082858e-05,2.784524340579897e-05,0.007659694426931563,4.8271367239738564e-05,2.1288216836432107e-05,0.004371304935324319,0.00026651417200116155,0.0002312689646972102,0.0009110119320853763,3.570624430202404e-05
2,9.59840944563251e-08,0.0006363920721978022,0.00011131215524093642,0.00718814943690361,0.036172675079620444,0.0005995193627212711,1.7871191068329197e-05,0.0013750484301300026,0.00035685643505456286,0.9520088263153136,1.8740936943059992e-05,6.645554331112257e-06,3.191883363251192e-05,0.00012742983263459558,7.923207142776659e-07,5.2655645691545746e-05,3.407944686031237e-07,8.544079527625211e-05,0.00016115191181872136,7.650195323438597e-06,0.0009794217937538845,1.9792665510338647e-05,2.301571188850727e-06,3.3020739774764205e-05,5.949946593063407e-06
3,1.1627145554123156e-07,0.0006414124612406134,8.153505120007757e-05,0.0056525238366928144,0.026547041366331875,0.000717487061538193,2.2528137199942368e-05,0.0014411050040920037,0.00037604708587328056,0.9627069612935096,1.535309947148741e-05,6.790593518458552e-06,2.7480571985635377e-05,0.00014010930965458043,2.1117608674049235e-06,0.00011198859762577746,4.861019910407706e-07,6.195734895003616e-05,0.00022643201178838303,9.512440578111294e-06,0.001132604146455849,3.4999708000536726e-05,4.641202564143988e-06,2.9986025450429925e-05,8.789511964398913e-06
4,1.2073952346816813e-07,0.0007100984513138097,9.554899788186015e-05,0.005934009101695884,0.03153591451312757,0.0007766642893279272,2.385597121846102e-05,0.0013105134521610778,0.0003867706814861976,0.9574935704161844,1.5944492371691936e-05,7.5649982692556625e-06,3.701115377875631e-05,0.00017593669635979762,2.082725438399094e-06,0.00010876905035333323,4.831392761190645e-07,6.350079995316905e-05,0.00021730223849277382,9.77392598074643e-06,0.0010146421699197806,3.500533087796204e-05,4.76668453473028e-06,3.1751255211446534e-05,8.398725261487494e-06
5,1.0013522623048743e-07,0.0006268729167828613,6.73503980025538e-05,0.006622227251271114,0.02573539333546689,0.0006667745251885701,2.0082308833821264e-05,0.001342867021757895,0.0002776557796504822,0.9628652194094722,1.4726578331405886e-05,6.05098545102715e-06,2.677184755977466e-05,0.00013281358303022836,1.6056757758942921e-06,9.369536040107367e-05,4.6411566990649314e-07,7.586525724663515e-05,0.00017882563430027482,9.127652931335215e-06,0.0011612225305358975,3.0322078803384603e-05,5.085930355977079e-06,3.0621717514124915e-05,8.257970440292365e-06
6,1.1627145554123156e-07,0.0006414124612406134,8.153505120007757e-05,0.0056525238366928144,0.026547041366331875,0.000717487061538193,2.2528137199942368e-05,0.0014411050040920037,0.00037604708587328056,0.9627069612935096,1.535309947148741e-05,6.790593518458552e-06,2.7480571985635377e-05,0.00014010930965458043,2.1117608674049235e-06,0.00011198859762577746,4.861019910407706e-07,6.195734895003616e-05,0.00022643201178838303,9.512440578111294e-06,0.001132604146455849,3.4999708000536726e-05,4.641202564143988e-06,2.9986025450429925e-05,8.789511964398913e-06
7,1.2195961814265062e-07,0.0007025363392621877,8.744472210948494e-05,0.005797611208415133,0.026598439226557424,0.0007205192702823546,2.420294727152323e-05,0.001453146814789632,0.0004000052221307865,0.9624560976212061,1.6661643002510034e-05,6.95676018614452e-06,3.168647470549784e-05,0.00014308352949807813,2.1151266063436926e-06,0.00010630553782283571,4.973573946837586e-07,6.547293254051617e-05,0.0002228440577021095,1.0204088955211923e-05,0.0010732293062198763,3.518418164300635e-05,4.546937983405232e-06,3.236265158855802e-05,8.724082508421998e-06
8,1.4124436922660083e-07,0.000713924077860985,9.811647691216439e-05,0.005512715742284673,0.032252103968813665,0.0011255302690715019,2.6741069782395178e-05,0.0016650781149989639,0.0005550452827179812,0.9558289355197743,2.8435312381231174e-05,9.460625884129864e-06,3.1047128728378064e-05,0.0001523435624617746,2.7629317249054754e-06,0.0001206626536913415,5.480626400707214e-07,8.42479992012043e-05,0.00031132767670472136,1.2014922728380019e-05,0.0013796966727535184,4.6821234959938785e-05,4.6237795080431626e-06,2.9616297507531532e-05,8.059372539056136e-06
9,1.339227951887194e-07,0.0005918774774509764,7.168573001829222e-05,0.00508345226754881,0.02827995463164273,0.0010689129660065013,2.3839518716364963e-05,0.001580577079493125,0.0004138864122319541,0.9605178068619488,2.1670249534602085e-05,8.701161185165316e-06,2.186090081656088e-05,0.0001488323366238041,2.8247911382663003e-06,0.00014337646584846353,5.408475263138093e-07,7.429197822443254e-05,0.0003171106357638211,1.002025412168824e-05,0.0015299993237209764,5.072249615152582e-05,5.566719082921381e-06,2.401622934566386e-05,8.338743063228277e-06
10,1.1627145554123156e-07,0.0006414124612406134,8.153505120007757e-05,0.0056525238366928144,0.026547041366331875,0.000717487061538193,2.2528137199942368e-05,0.0014411050040920037,0.00037604708587328056,0.9627069612935096,1.535309947148741e-05,6.790593518458552e-06,2.7480571985635377e-05,0.00014010930965458043,2.1117608674049235e-06,0.00011198859762577746,4.861019910407706e-07,6.195734895003616e-05,0.00022643201178838303,9.512440578111294e-06,0.001132604146455849,3.4999708000536726e-05,4.641202564143988e-06,2.9986025450429925e-05,8.789511964398913e-06
11,1.2453873427798355e-07,0.0006883476178264942,8.713915627024678e-05,0.005918447248156557,0.02741934576443533,0.0007229531260191513,2.373935298912934e-05,0.0014503112523641252,0.000381331815739781,0.9615256267004818,1.6032502969920262e-05,7.31457763850821e-06,3.256588540360958e-05,0.0001507627032715214,2.0831876468134537e-06,0.00010983930190123164,5.159935837561363e-07,6.635866529736932e-05,0.00022324967523532812,1.0214557443171813e-05,0.0010819742753136051,3.5874482086453435e-05,4.788618040678227e-06,3.2198667014210716e-05,8.860334137163882e-06
12,1.1737763884188271e-07,0.0006436929178427015,8.04332831620957e-05,0.005766476015932739,0.027392567695583847,0.0007244094416205444,2.2043016452832636e-05,0.0014187618176778483,0.00034780376968542655,0.961769336586832,1.5207262054949338e-05,7.101489117006673e-06,2.8019460520438505e-05,0.0001463541037111543,2.046618493976206e-06,0.00011270017590640327,5.025518113513887e-07,6.514775732983382e-05,0.00022046588715079882,9.501348784496493e-06,0.001147406727254045,3.615863985424736e-05,4.898471157073642e-06,3.0116792060288574e-05,8.730792365566522e-06
13,2.5724971259573555e-07,0.000958293804941855,0.0002119295253694705,0.008748205148870938,0.05401165399479976,0.0010820655787584636,3.774843576873597e-05,0.002700990821012294,0.0007545777389804465,0.928070623952226,4.560576561089328e-05,2.517555842974531e-05,5.346396236414538e-05,0.00031045908091725544,4.448082414968451e-06,0.0001450411932982164,1.183608759620564e-06,0.00010078005811400373,0.0004561353315245478,1.6183681213550945e-05,0.002125462849999348,7.342036069448238e-05,6.934580101799269e-06,4.527616967628533e-05,1.4083466440579966e-05
14,1.8322381714162062e-07,0.0006130187809389464,0.00010617479028252852,0.006641203384148763,0.030385690180167867,0.0008950545604611177,2.9119036749699424e-05,0.001849050236541773,0.00044474887016155763,0.9565647784010252,1.9496498396495584e-05,1.10177217888042e-05,2.7929449597789743e-05,0.00018784648921842413,3.0379597149886676e-06,0.00016497220542917946,6.84092882809869e-07,7.460213322998523e-05,0.0003026662103165282,1.1620057450120265e-05,0.0015665268699551725,4.7170380022082e-05,6.801193695410484e-06,3.3880335826976986e-05,1.2726938180720069e-05
15,1.1627145554123156e-07,0.0006414124612406134,8.153505120007757e-05,0.0056525238366928144,0.026547041366331875,0.000717487061538193,2.2528137199942368e-05,0.0014411050040920037,0.00037604708587328056,0.9627069612935096,1.535309947148741e-05,6.790593518458552e-06,2.7480571985635377e-05,0.00014010930965458043,2.1117608674049235e-06,0.00011198859762577746,4.861019910407706e-07,6.195734895003616e-05,0.00022643201178838303,9.512440578111294e-06,0.001132604146455849,3.4999708000536726e-05,4.641202564143988e-06,2.9986025450429925e-05,8.789511964398913e-06
16,2.004257868397731e-07,0.001000926039686665,0.00022840070883391119,0.007474868679918724,0.06227514765280687,0.0010045749103195416,3.451330189813628e-05,0.0022438435938932316,0.001024795933341164,0.9226572975763772,2.8576378297801808e-05,1.1909873393560405e-05,6.677718827714534e-05,0.00023515544578935294,4.856207841373967e-06,0.0001323487967140035,8.296891435975473e-07,5.812962444774239e-05,0.0003953565791769567,1.3526971243701054e-05,0.0009847664485850569,4.5459652762886034e-05,5.834766634178388e-06,5.849046992996471e-05,1.3413084900221993e-05
17,1.4476895652687037e-07,0.0007081041216395313,9.137292808119115e-05,0.010024677895899087,0.032966048431467554,0.0006507994719502497,2.4182963624024074e-05,0.001527795632710635,0.00024235963869265626,0.9516680607922087,1.511182976474832e-05,1.0350603888360734e-05,4.0509650386962034e-05,0.00024740367337785336,1.4781392478789386e-06,0.00010689644907871749,6.20841557321902e-07,9.614831192244816e-05,0.00018967221177653462,1.1200404852298564e-05,0.0012867099076469169,3.629768555039493e-05,7.67032013245318e-06,3.495241036347925e-05,1.1430915223678915e-05
18,2.1204896911651093e-07,0.0008051315407072918,8.258222098045311e-05,0.006494862388742766,0.02041882827661877,0.00048652541623743864,2.5402946138432454e-05,0.0015977856266294855,0.00022523328322381878,0.9677055698565212,1.3231390319037193e-05,1.1695298801233185e-05,3.25668344121194e-05,0.00015982569707549286,1.7877017846846251e-06,0.0001026543383791209,1.0208729514837383e-06,0.0001232284263023586,0.0001780221031285605,1.0027058621151975e-05,0.001396581523995187,5.838292907723668e-05,6.655557730670338e-06,4.823563560569403e-05,1.3951027047110154e-05
19,9.54444799613084e-07,0.000763241897052364,8.693457839198067e-06,0.004920833987277489,0.002152968064208781,0.0011325846541119977,0.00017389669759550983,0.002300604657846335,0.00012048015675164832,0.9780313463330987,3.889371440051583e-05,2.7012722778196844e-06,3.0052120913738943e-06,3.9652972122390716e-05,1.3270346285972052e-05,0.0010817462429675434,1.13928893180292e-06,0.0002757701341839358,0.0005987663672513096,1.4067744473506714e-05,0.008072482207813514,6.254630148478342e-05,8.192167743185144e-05,7.007354453981397e-05,3.8358623162265646e-05
20,2.0463461657956582e-07,0.0006146552429833956,0.0001253564818004319,0.007066503101624283,0.024405989213799117,0.0013726778573795897,4.0765726014751e-05,0.000966839560242022,0.00044696561462101154,0.9630374244104773,2.6367552425372665e-05,7.829876957687235e-06,3.6015508606933716e-05,0.00016935550002499913,1.7017700164790817e-06,0.00018351028072409453,3.039208560363747e-07,9.896751706535283e-05,0.00020371106070495986,1.3711254070327776e-05,0.0011127534590269809,1.6776717859635976e-05,5.24389063442404e-06,3.519416869665686e-05,1.1175678771549467e-05
21,4.134890357444477e-08,0.00402919393852787,5.066838459113139e-05,0.00320821912732351,0.10335111667461704,0.000319375330266245,6.5693908980580285e-06,0.0074228949605161364,0.004986747455885061,0.8711695622896676,4.015399899851807e-05,7.548896201562034e-07,3.960748051096329e-06,3.898569302911814e-05,3.3830867033995476e-05,7.973051032162772e-06,1.7932612811701004e-06,1.966802011162321e-05,0.0023466733510001114,9.632211652954038e-07,0.002708373740590538,0.00017445791610191136,1.4413806861482415e-06,5.572092593831654e-05,2.0860034163777235e-05
22,2.6675078183361276e-08,0.0006133099969839052,4.356605713752788e-05,0.003114766851727736,0.018905287277616607,0.00021400388677910226,9.216402305303357e-06,0.0007240626032298066,0.0005305560743862657,0.975253237503115,2.277760667553684e-06,1.3614764163058947e-06,3.009031776288542e-05,7.233925276464778e-05,1.1938169241382835e-06,3.850741608221412e-05,1.1100050768909218e-07,7.96829857616178e-06,0.00018443734842998332,3.3929968510726624e-06,0.0002184500224478372,1.0817190388517651e-05,9.693627609048626e-07,1.3814973829241256e-05,6.235437231336126e-06
23,1.1627145554123156e-07,0.0006414124612406134,8.153505120007757e-05,0.0056525238366928144,0.026547041366331875,0.000717487061538193,2.2528137199942368e-05,0.0014411050040920037,0.00037604708587328056,0.9627069612935096,1.535309947148741e-05,6.790593518458552e-06,2.7480571985635377e-05,0.00014010930965458043,2.1117608674049235e-06,0.00011198859762577746,4.861019910407706e-07,6.195734895003616e-05,0.00022643201178838303,9.512440578111294e-06,0.001132604146455849,3.4999708000536726e-05,4.641202564143988e-06,2.9986025450429925e-05,8.789511964398913e-06
24,7.079475101802506e-08,0.0006663892250851372,5.986385267534486e-05,0.006383694228801662,0.027141835783395987,0.0005908520700564353,1.5650704784533276e-05,0.0009807909101583322,0.00023390098962925928,0.9625432358083333,1.044204230763133e-05,5.023383551249319e-06,3.0959745223118464e-05,0.00015862139516340944,1.1162080040718183e-06,7.25563362105867e-05,3.14862606321747e-07,5.867864682065824e-05,0.00015542695652961556,7.748189186341446e-06,0.0008251795448739955,2.5381143592561882e-05,3.863686286830682e-06,2.1682667757828816e-05,6.720824214954824e-06
25,2.2500056874627844e-07,0.0008047331778187925,0.0001257973288548765,0.010451857649731503,0.030558393599711485,0.0006635452828713585,4.292181632319661e-05,0.0033292721367685105,0.0003734372813613881,0.9508949389318688,3.5387935195151346e-05,1.4788676113289272e-05,4.7546386552415967e-05,0.00017640418387142152,2.302457283536732e-06,0.00013227771419664752,1.131516003782316e-06,0.00012751603382803916,0.0003084139364829129,2.0523244190566794e-05,0.001760195792862024,5.1810440163319625e-05,8.352735333145462e-06,5.789639169518623e-05,1.033035035001051e-05
26,2.3276335764729837e-07,0.0008438126375887404,0.0001352367197430072,0.0069008242962693145,0.027723439027645798,0.0006094513797760217,3.1802967838293915e-05,0.0021169345445422563,0.0004284304734084584,0.9593046462320525,2.2062001922463372e-05,9.717379726842452e-06,4.8483421198575234e-05,0.00011785906663792877,2.025383016997436e-06,9.047862179488618e-05,1.050292685326322e-06,0.00013138418489221025,0.00017695086122087399,1.2426901595287405e-05,0.001151587005220952,4.186592202124697e-05,5.427103006602929e-06,8.344513696694339e-05,1.0425675870850078e-05
27,1.0362330032033533e-07,0.0005196532955475158,6.673037469462286e-05,0.0038147260985552846,0.01754922626675916,0.0007238691444401013,2.0211896179985205e-05,0.0014931303310226972,0.0005192558509963533,0.9736409473097242,1.1623218051605657e-05,4.656928809052989e-06,1.62483869156327e-05,9.135953453616836e-05,2.700154358898018e-06,0.00012596384052076994,3.995255160398128e-07,4.425770106024772e-05,0.00024220573949285508,9.429203797858137e-06,0.0010261034440229985,4.0951255643520175e-05,3.507078200277043e-06,2.3287778741401214e-05,9.452019112338452e-06
28,1.1627145554123156e-07,0.0006414124612406134,8.153505120007757e-05,0.0056525238366928144,0.026547041366331875,0.000717487061538193,2.2528137199942368e-05,0.0014411050040920037,0.00037604708587328056,0.9627069612935096,1.535309947148741e-05,6.790593518458552e-06,2.7480571985635377e-05,0.00014010930965458043,2.1117608674049235e-06,0.00011198859762577746,4.861019910407706e-07,6.195734895003616e-05,0.00022643201178838303,9.512440578111294e-06,0.001132604146455849,3.4999708000536726e-05,4.641202564143988e-06,2.9986025450429925e-05,8.789511964398913e-06
29,1.1627145554123156e-07,0.0006414124612406134,8.153505120007757e-05,0.0056525238366928144,0.026547041366331875,0.000717487061538193,2.2528137199942368e-05,0.0014411050040920037,0.00037604708587328056,0.9627069612935096,1.535309947148741e-05,6.790593518458552e-06,2.7480571985635377e-05,0.00014010930965458043,2.1117608674049235e-06,0.00011198859762577746,4.861019910407706e-07,6.195734895003616e-05,0.00022643201178838303,9.512440578111294e-06,0.001132604146455849,3.4999708000536726e-05,4.641202564143988e-06,2.9986025450429925e-05,8.789511964398913e-06
30,1.1627145554123156e-07,0.0006414124612406134,8.153505120007757e-05,0.0056525238366928144,0.026547041366331875,0.000717487061538193,2.2528137199942368e-05,0.0014411050040920037,0.00037604708587328056,0.9627069612935096,1.535309947148741e-05,6.790593518458552e-06,2.7480571985635377e-05,0.00014010930965458043,2.1117608674049235e-06,0.00011198859762577746,4.861019910407706e-07,6.195734895003616e-05,0.00022643201178838303,9.512440578111294e-06,0.001132604146455849,3.4999708000536726e-05,4.641202564143988e-06,2.9986025450429925e-05,8.789511964398913e-06
31,9.953290481682007e-08,0.0006859663747274714,9.120062562213071e-05,0.006544599766078652,0.030916169611575242,0.00037288476981353624,1.6490020159441024e-05,0.0016038771355500992,0.0002688323489829599,0.9581370290427101,9.103848640479552e-06,6.285198461192854e-06,3.9868277534141134e-05,0.00013625777283885905,1.0336806784383217e-06,6.843968893459901e-05,5.058175517329769e-07,6.061893466328376e-05,0.0001696319962311403,8.268660484455419e-06,0.000786695515199806,2.6265731802879207e-05,3.272366972464783e-06,3.921398475799125e-05,7.389297124267685e-06
32,1.1501842501559643e-07,0.0006240337217899818,7.907616348189473e-05,0.005288274562973388,0.025683012179573566,0.0007191591253595768,2.2339036672778696e-05,0.0014793261992239787,0.00040885933153056057,0.963839524865836,1.491915064151743e-05,6.5399485582692565e-06,2.5292239151231947e-05,0.00013605559953553097,2.2830994477762655e-06,0.00011638305211333185,4.765994186667563e-07,5.701652159864178e-05,0.0002528266028522697,9.28215779184344e-06,0.0011573776262794764,3.657466989969792e-05,4.419501381242014e-06,2.7926445050407002e-05,8.906581413295525e-06
33,1.6216530555070193e-07,0.0012349670523053716,7.439854386181786e-05,0.006166582414806373,0.0431716801483304,0.0005686177297798585,2.0647628764294947e-05,0.0015546259200344373,0.00017276047547959587,0.9452737258814309,1.3826274594311942e-05,1.2077664488961171e-05,7.364558605453947e-05,0.00026319912576530186,1.5152177863682768e-06,8.605763511501802e-05,1.0327191188715183e-06,0.00010865063132457703,0.00023566241092413517,1.1056930322273984e-05,0.0008130948221599047,8.951547629192616e-05,6.498274338635942e-06,4.039647849398667e-05,5.602793122667002e-06
34,2.0519405632530382e-07,0.0007446975992458653,0.00016044812494543886,0.0034643553989905404,0.02355877103898561,0.0010936092160819214,4.11631009972669e-05,0.0017373274199733108,0.0025917473090318866,0.964571801411225,2.0629404418878304e-05,5.410027257669422e-06,2.7323892630435973e-05,0.00013519835256792958,5.943189776573411e-06,0.0001434056053670032,3.127039635027198e-07,3.147988764559259e-05,0.0006156337059438545,9.245120037350027e-06,0.0009627301944746625,3.548484035548826e-05,2.0565728213769033e-06,2.7073716499130063e-05,1.3946972707405297e-05
35,1.0833863352237327e-07,0.0007088078780688126,0.00010429259473164728,0.0060163195331186334,0.03992429233156523,0.000966036774831003,2.59888512957471e-05,0.0012358098534278443,0.0003778485159729695,0.9486800838153939,1.8628919282737303e-05,7.791066378169997e-06,3.600290562546675e-05,0.00021399821860696382,2.9172791300257023e-06,0.00015484464691433803,4.5875640737819847e-07,5.062679786429866e-05,0.0002431543016133503,1.0194587947478786e-05,0.0011434125187695563,3.367042205344252e-05,6.347276598276344e-06,3.0331865887318902e-05,8.031949881539505e-06
36,1.6422204515086907e-07,0.000653820714857612,0.00014339811853095213,0.005445113348274967,0.05441462795455393,0.0003618354608228378,1.5347096010496578e-05,0.002314123302961789,0.000471406170306023,0.9341950101950948,8.51938126586494e-06,1.8860669517643033e-05,5.427738179660954e-05,0.00021593792672669514,2.686509830253398e-06,0.00011541216946932265,1.2731991630907884e-06,3.265998736173269e-05,0.0004424996564902105,7.185576609966388e-06,0.0009802042162931886,5.3756999160296877e-05,3.572337145617911e-06,3.6178416739790725e-05,1.2128988970855252e-05
37,4.586041593728991e-07,0.0011525516677315846,0.00018543789004917972,0.008880072468370854,0.03923373056557485,0.0009890390700004407,5.086224400419433e-05,0.0018701909387273947,0.0003540633070146412,0.9443735855267633,3.202355160986071e-05,2.1187204641493413e-05,6.39338543865833e-05,0.0003580464678542542,2.3645680656232264e-06,0.00016383017239054366,1.0308360208970885e-06,0.00018735574899997388,0.0002890338044895739,1.5930795708564253e-05,0.0016234697091780624,6.398270681377839e-05,8.629638705780005e-06,6.531289919258954e-05,1.3875759546596132e-05
38,2.431542307087543e-07,0.0005600056789260818,8.665323917353735e-05,0.004257483300860474,0.019279598713335754,0.0018207239934401804,5.525926543012285e-05,0.0012618738141486373,0.00046481965777798377,0.9694716087347048,2.8819456507480648e-05,8.756663098789545e-06,2.1495418157690606e-05,0.00016929402485710773,4.593166883046775e-06,0.00033778196626359154,4.4305938578558064e-07,8.268044876975154e-05,0.00031303139600412843,1.4053184100677661e-05,0.0016643104220395697,4.775841592194211e-05,9.102415292652354e-06,2.973585798841151e-05,9.874552700984071e-06
39,1.1647049406733675e-07,0.0002683833170452239,7.178445217259704e-05,0.005634995168362986,0.02808087239247181,0.000889847118955858,1.776467453575612e-05,0.0019340670970545547,0.0002872420523052549,0.9599894014385009,1.37367586838781e-05,9.48991192795746e-06,1.266183973611058e-05,0.0001164599156171093,1.9731157854673388e-06,0.00023145574210631746,4.954944407533625e-07,5.499670202859133e-05,0.0002857119724588409,9.760288757287885e-06,0.0020235173960428065,2.922785707650876e-05,5.944134218505947e-06,2.1122303587223976e-05,8.972385633770056e-06
40,3.7276432152167855e-07,0.0012467689180130734,0.0001795949977613863,0.0063762939906146605,0.04751457207160652,0.0014206371633106057,4.3855182169560374e-05,0.0016542832096856357,0.0005749465773050684,0.937666582081989,3.295701007957104e-05,2.0104231055083286e-05,4.57304992385957e-05,0.0004526275631182559,4.547107812678714e-06,0.00017665329722312163,9.262051670244678e-07,0.00012101204466746263,0.00043539023739409,1.2772101038701236e-05,0.0018462870327389381,0.00011004567333822099,7.935438220571898e-06,4.007437376931911e-05,1.5030228361263264e-05
41,5.067200741919311e-08,0.0004874744573693781,0.00010289435833322406,0.003408172153843049,0.03803454162241062,0.0007059432848021621,1.2409339784351632e-05,0.0009150919854940339,0.0007883571502147399,0.9543904833454586,7.26152685791843e-06,2.5957206926694873e-06,1.847391549294795e-05,0.00011435833743800609,2.6196086152818e-06,9.821495870399261e-05,1.782889389126506e-07,1.4922831258765562e-05,0.00021801139884169936,4.609945074347841e-06,0.0006291699722188627,1.5831824916030546e-05,1.808427177827642e-06,1.913962611204569e-05,7.385247943073572e-06
42,1.1167278318121268e-07,0.0004366448861697565,5.389932672130178e-05,0.0034298731573642873,0.017188573574350555,0.0006107403045868559,2.1180720504120898e-05,0.0024334358122518464,0.0004031085865840836,0.9728068357164696,1.2501885131271569e-05,5.836759298755968e-06,1.0318720311645093e-05,8.30719789901884e-05,3.802047722103537e-06,0.0002098431841458697,6.635897709797296e-07,3.7550276192059875e-05,0.0004285513913965501,1.049532823817042e-05,0.0017091265077164997,6.986617764205035e-05,4.87645343275732e-06,2.0912050974669648e-05,8.179891250903141e-06
43,8.304109411061496e-07,0.0027673130226645052,0.0005879587884240035,0.01810874159618549,0.06649731318568605,0.0011704140383269408,0.00012158990949969744,0.002587791961926508,0.0010052406881514802,0.9034365307667431,7.843020168127984e-05,4.229460321954946e-05,0.00026302354048375127,0.0008396171196937323,4.861720251454904e-06,0.00014891365385481944,1.6281298183824412e-06,0.0002250469935271838,0.00045451416606013645,3.335061246745306e-05,0.001382179158608739,7.086986923257516e-05,1.2206211458793236e-05,0.0001304142782727432,2.8925372820635676e-05
44,1.1627145554123156e-07,0.0006414124612406134,8.153505120007757e-05,0.0056525238366928144,0.026547041366331875,0.000717487061538193,2.2528137199942368e-05,0.0014411050040920037,0.00037604708587328056,0.9627069612935096,1.535309947148741e-05,6.790593518458552e-06,2.7480571985635377e-05,0.00014010930965458043,2.1117608674049235e-06,0.00011198859762577746,4.861019910407706e-07,6.195734895003616e-05,0.00022643201178838303,9.512440578111294e-06,0.001132604146455849,3.4999708000536726e-05,4.641202564143988e-06,2.9986025450429925e-05,8.789511964398913e-06
45,1.2481139255124394e-07,0.0006006389123870621,0.00012557479803037267,0.004544550445154826,0.03566500262879518,0.0006761415921243021,2.911246875597353e-05,0.002030140392651934,0.0006880611229612162,0.9540695008794673,1.5098280660453433e-05,7.303045532168812e-06,4.318255192246316e-05,0.00013870876472321707,3.1855730720557083e-06,0.0001380203952261334,5.225839017949036e-07,3.3520220277703824e-05,0.00033170828369169937,1.0554677213278523e-05,0.0007658427238233339,3.55057820339271e-05,3.6989560642500576e-06,3.741342775451825e-05,6.886682382292622e-06
46,7.375775098257738e-08,0.0005490224057187436,7.101919638754065e-05,0.004468325793704957,0.02431217149808594,0.0009753152038044334,2.2775614774700766e-05,0.0008992901920999909,0.0004541664184974869,0.9667136251841405,1.3238239014668425e-05,3.952141497268976e-06,1.9730294295835933e-05,0.00015112695797979734,2.042379922032529e-06,0.00011858448957784769,1.8647586750610423e-07,4.0134303943908405e-05,0.00021813612681280392,7.52665910880495e-06,0.0009081748418007903,2.339011107575592e-05,3.488273776293562e-06,1.7361863421130493e-05,7.141576940161698e-06
47,9.610780675259834e-08,0.0006256182325801324,7.891040705938756e-05,0.005743220602680109,0.02825002371154631,0.0006941825738585124,2.0721068835677552e-05,0.0013835198092482272,0.00038519860760400336,0.961104523462845,1.4617041765904961e-05,5.790929723095277e-06,2.6784886845134872e-05,0.0001363557938216936,2.0454432449084764e-06,0.00010156146439394817,4.2994613344532716e-07,5.42673282545391e-05,0.00021915402192267006,8.629554706931008e-06,0.0010730620525999206,3.014311380035937e-05,4.359862414449036e-06,2.8556038329721418e-05,8.227937979133515e-06
48,1.1597844913960459e-07,0.0007155725360201922,6.031579981176512e-05,0.004846739758049256,0.022213068361999044,0.000492395089655104,2.1268250360792363e-05,0.001627580201760377,0.0003040746814669446,0.9680285170602594,1.1582643191017243e-05,5.7555135885921175e-06,2.7304637220200056e-05,0.00011742575712849883,2.103227964871668e-06,0.0001012123743381844,6.24127286286199e-07,5.42526733950605e-05,0.0002590436727707675,8.411905177161646e-06,0.0010156096321774428,4.314516185358959e-05,4.536091549656095e-06,3.149926081516092e-05,7.845603711713303e-06
49,1.383942172178594e-07,0.0005969188252395005,0.00010123709442156976,0.0055924287984523485,0.033444639944718954,0.0010054116954546135,2.1967656573855734e-05,0.0015490882369064121,0.00038664050003653355,0.9552516319264909,1.9407258530852185e-05,1.1865821460185199e-05,3.305186814083931e-05,0.0001744210312257905,2.1602171734496716e-06,0.00013260227811778708,5.925388519600071e-07,8.33159594011287e-05,0.00023406224656426547,1.2468663736117546e-05,0.0012536209407996905,5.073142727764758e-05,5.09296210874843e-06,2.845192696190739e-05,8.051787137720431e-06
50,2.850776142564806e-07,0.0010110239014007956,0.00018580302727499637,0.010784903802582466,0.053976144136517225,0.0012355139825268855,3.135060207254174e-05,0.0024747982019904077,0.0005360980759176718,0.9261180082014226,5.310148885905097e-05,2.3707553986819697e-05,5.313521696703859e-05,0.00021379468695469512,4.276876266643729e-06,0.00012817031162403654,1.6669585051585347e-06,0.00018413595473929368,0.00025961678716345264,1.6298335646139804e-05,0.002546716803292222,5.6550775279337316e-05,1.052283964722334e-05,7.764228944335902e-05,1.673411230561367e-05
51,1.1586967502998673e-07,0.0006890320159727542,7.565982188440401e-05,0.0063862580292829915,0.025243922949133652,0.0006704533790758412,2.3913527467250893e-05,0.0014319671544448763,0.0003277166774724156,0.9633032786789173,1.6236686782228877e-05,6.766748472830321e-06,2.8460064510979236e-05,0.00015187221233670865,1.7394122069268042e-06,9.05872260909938e-05,4.668656358058413e-07,7.623600998772542e-05,0.00020911021008308253,9.23303551794588e-06,0.001178415212151119,3.576663643071705e-05,4.661002166790275e-06,2.978367834615885e-05,8.346895953645255e-06
52,9.146833744812843e-08,0.000691652415355931,0.00012966975714865335,0.006431512573939817,0.062200702465083295,0.00015287254294124147,1.146200052071396e-05,0.0034118498877735996,0.00044475498489404425,0.9238829839744312,6.239571341270294e-06,9.242332823026765e-06,2.2111979092076798e-05,0.00016564528876090504,3.1093639204468893e-06,9.4298842375521e-05,1.0875139280073392e-06,1.2179389956499098e-05,0.0007291532749617926,3.939379541577087e-06,0.001512517528543157,3.1291736296545546e-05,2.7132561698054335e-06,3.2854351623114754e-05,1.6064120240234748e-05
53,1.6425059328083019e-07,0.0006474015432686395,8.17786991265382e-05,0.00528198018055258,0.01253391585881873,0.0010388193792396614,5.591540286019729e-05,0.0014709411610596122,0.000557851758929378,0.9764120026406254,2.430702974082281e-05,5.053552783283872e-06,2.523234292302446e-05,0.00011310695947698418,3.53013344504865e-06,0.00019130971121587774,4.046094754504374e-07,7.508770892031403e-05,0.000227223412762995,1.749795566261388e-05,0.0011455348829951873,3.6733993313572605e-05,7.179242036354892e-06,3.6232512884963166e-05,1.0795077289777633e-05
54,1.339215512166908e-07,0.000633365601258563,6.61057511862925e-05,0.0035009878108353764,0.012266359562433432,0.0007092120850273997,3.103525911058917e-05,0.0006978562108097261,0.00033378040129913405,0.9802860262493223,7.369760054497132e-06,4.73035133246646e-06,2.0297554350962394e-05,0.0001699928371805399,2.308973914729866e-06,0.00018511219900243551,2.2949035293273016e-07,3.600202830241711e-05,0.00019784373111262217,8.584638568894256e-06,0.0007767937486600599,3.1685704846112166e-05,4.087454039158005e-06,1.8037088127772167e-05,1.2061587320545346e-05
55,1.296256648783133e-07,0.0006777410234259698,9.127190127214433e-05,0.006005624378874264,0.02637086739176636,0.0007180245165259259,2.3825548901792793e-05,0.001487169649827303,0.00041249357796712083,0.9624316531292617,1.6504142512819457e-05,7.690624128728538e-06,3.214369550458945e-05,0.00014298867354539104,2.0159650365299483e-06,0.00010518824529686283,5.091022550102998e-07,6.958886361558687e-05,0.00022193351422131557,1.0458823884950752e-05,0.0010910372368782269,3.490404994691509e-05,4.408523678975057e-06,3.2437986117325764e-05,9.389809889135915e-06
56,1.2393728484584083e-07,0.0006999139523714873,8.918051747342005e-05,0.005864068151125877,0.027915909001618916,0.0007157014732873649,2.369555440811383e-05,0.0014658919641325336,0.0003944201210708288,0.9610686860843021,1.6120818325268118e-05,7.300688479164759e-06,3.3735293961775584e-05,0.0001489881600983609,2.1136992585269873e-06,0.00010772525322762634,5.231356674651792e-07,6.537957505040727e-05,0.0002257104836521121,1.022803168907485e-05,0.0010624959393089036,3.574721028990429e-05,4.669858971088482e-06,3.294371114803936e-05,8.727383796872897e-06
57,8.734158647318736e-08,0.00045067692256348823,0.00010364450203762939,0.004408979526848811,0.0408058780070244,0.0005195460598566581,1.1493166155563761e-05,0.001739341074853768,0.00040780465811993393,0.9498362283015714,9.563797871635509e-06,1.1848627954813466e-05,3.064178516129883e-05,0.00014522585609788566,1.6789796236066956e-06,0.00011001947087792972,6.248705705847661e-07,3.494084779060705e-05,0.000305762347530044,8.246154529496584e-06,0.0009870829027580478,4.111861996731471e-05,2.52234007679993e-06,2.0182585571581486e-05,6.861252999887859e-06
58,1.2695201254140853e-07,0.0006930608915365188,8.786668087005402e-05,0.005779263027246225,0.027440396500608234,0.0006452488054309733,2.357882497019397e-05,0.0015761132466730482,0.0003700095420125169,0.9615467630752278,1.5965980722296115e-05,7.074974620330637e-06,3.073325920830835e-05,0.00013393822844853575,2.166303885960559e-06,0.00010561564809189447,5.93041118179115e-07,6.739324179644448e-05,0.0002203744317498506,9.521775822518873e-06,0.0011563734190803503,3.626597158745496e-05,4.858150450118818e-06,3.781200557989914e-05,8.886021249651597e-06
59,1.44878582978956e-07,0.0006811339092941732,0.00010565238046629498,0.006002476507433774,0.028669869537909752,0.0006806502469400917,2.5806091021627823e-05,0.0016936491213431365,0.00039227927197557194,0.9598172122924427,1.7495123264972788e-05,7.900984888365879e-06,3.195086856105925e-05,0.00013656621580622184,2.2657795428211693e-06,0.0001171024753547534,6.357076922916952e-07,7.437756044029409e-05,0.00021392461899237084,1.0612110343144292e-05,0.0012233699422042697,3.6117535828322955e-05,5.088097961064277e-06,4.418160194227394e-05,9.537139767647904e-06
60,1.1627145554123156e-07,0.0006414124612406134,8.153505120007757e-05,0.0056525238366928144,0.026547041366331875,0.000717487061538193,2.2528137199942368e-05,0.0014411050040920037,0.00037604708587328056,0.9627069612935096,1.535309947148741e-05,6.790593518458552e-06,2.7480571985635377e-05,0.00014010930965458043,2.1117608674049235e-06,0.00011198859762577746,4.861019910407706e-07,6.195734895003616e-05,0.00022643201178838303,9.512440578111294e-06,0.001132604146455849,3.4999708000536726e-05,4.641202564143988e-06,2.9986025450429925e-05,8.789511964398913e-06
61,1.4078830211968503e-07,0.0007125365544347247,0.00011308056938306473,0.006054048963842992,0.03074519377586971,0.000708553290177641,2.5119547535994193e-05,0.001675738595837446,0.00043374997409216374,0.9575755149396346,1.8414823510905383e-05,8.343338945183001e-06,3.3079275062901756e-05,0.0001463982765109087,2.3614103336686263e-06,0.00011439392086803273,6.239412678926174e-07,7.0685201536783e-05,0.0002293953624505492,1.0739593916110865e-05,0.0012291228989486278,3.703031832723984e-05,4.785666523051891e-06,4.115822278949165e-05,9.790749898356806e-06
62,1.1627145554123156e-07,0.0006414124612406134,8.153505120007757e-05,0.0056525238366928144,0.026547041366331875,0.000717487061538193,2.2528137199942368e-05,0.0014411050040920037,0.00037604708587328056,0.9627069612935096,1.535309947148741e-05,6.790593518458552e-06,2.7480571985635377e-05,0.00014010930965458043,2.1117608674049235e-06,0.00011198859762577746,4.861019910407706e-07,6.195734895003616e-05,0.00022643201178838303,9.512440578111294e-06,0.001132604146455849,3.4999708000536726e-05,4.641202564143988e-06,2.9986025450429925e-05,8.789511964398913e-06
63,1.219362164595418e-07,0.0007242802263599321,8.191929147801898e-05,0.005558033830886397,0.024843260431570115,0.0006960805128070758,2.3716093101884347e-05,0.0014420850187032983,0.0003941671592630945,0.9644569431277011,1.597618852767543e-05,6.45776778410998e-06,2.9021458315164654e-05,0.0001354837807427795,2.196117890687087e-06,0.0001043804339218458,5.039726004182223e-07,6.540619348862127e-05,0.00022317583966916654,9.822358765709339e-06,0.001104224313000512,3.6687740937341405e-05,4.535819761960969e-06,3.245015811532502e-05,9.07022839106996e-06
64,1.2022193590194607e-07,0.0006114010265955277,7.538206700415085e-05,0.005816387588801053,0.026980445332134246,0.0007209105093176252,2.1413316687769006e-05,0.0015366770767992193,0.00033592005947505256,0.9616212500565602,1.6696267300251012e-05,7.365391313711461e-06,2.170456276125013e-05,0.00013672596143414638,2.292073831555908e-06,0.00011860745836332247,5.496255958483455e-07,6.798435176479866e-05,0.0002412461512141053,8.637581581775943e-06,0.0015769533860948992,3.6403329333505755e-05,5.190763956305656e-06,3.017360415684115e-05,9.562235987218664e-06
65,8.955750672234147e-08,0.0003437172401619442,5.739603824652889e-05,0.005744009910664338,0.036977102395423254,0.001255003714095702,1.2305390228895917e-05,0.0009736760591930726,0.00015972800366375418,0.9520132134078679,1.3540099594024562e-05,1.1319822019693836e-05,1.649338137809575e-05,0.00018862839291550987,1.3467918380189028e-06,0.00016529002257985033,4.0795375706560796e-07,8.776748016820944e-05,0.00017539345100934,8.101704291560724e-06,0.0017302692638927319,3.6221351089538516e-05,6.570750069308995e-06,1.5425482233354298e-05,6.9823361116232895e-06
66,2.6404926796767015e-08,0.00014627455719033822,3.387819353989758e-05,0.0018711436010385614,0.010291850079168047,0.000486790043306857,9.432052227439816e-06,0.0006353646714701736,0.00031870241711439356,0.9855915082967368,2.3529852383528542e-06,2.1467730111461627e-06,1.805382930507832e-05,5.8280402569490057e-05,4.1825292140318285e-07,0.00013456268928192723,5.96891538401163e-08,9.865427024026092e-06,0.0001703975751652858,8.42272761579388e-06,0.00019238217083983647,1.084989032506684e-05,7.897904649050848e-07,4.336213508066364e-06,2.111266856769337e-06
67,1.5593923231666086e-07,0.0006424415180739917,0.00010117935559231203,0.00681642100441823,0.027947540895427458,0.0011350749473020285,3.150030834308174e-05,0.0012975822492913508,0.00034985930164750114,0.9594257166532022,1.9986089293509623e-05,1.0190116309096158e-05,3.363648082085947e-05,0.00021349441363980437,2.752413949859561e-06,0.000200404600879563,5.294058473536743e-07,8.145887865432349e-05,0.00023089925670036576,1.4959363170230713e-05,0.0013535151961503017,3.982628665933645e-05,8.480482718796401e-06,3.082918477013141e-05,1.1565657906225958e-05
68,2.316637550976724e-07,0.0007130550318646807,6.110492340606472e-05,0.008246910082632371,0.013037706758515616,0.0015678588172979612,3.503582515779728e-05,0.0014395434350569676,0.00023224249924941364,0.971174291586698,4.422806383464855e-05,1.2307235956193363e-05,2.3411004905145195e-05,0.00010208984066554924,2.2018220412499883e-06,0.00014928022181102428,9.038614536715171e-07,0.0003827275176850251,0.00012121842117012223,2.4954370569214368e-05,0.0024955582318077086,5.909812563439353e-05,1.3383158864688977e-05,4.650334262530269e-05,1.415415734213219e-05
69,9.30802208427156e-08,0.0005200735469351245,7.101851889525743e-05,0.005720335144686826,0.015993698232717356,0.00048557629591661764,2.103301039147511e-05,0.001357687689377632,0.00028894735966063164,0.9740914990811623,1.049979995336022e-05,4.846268418768906e-06,2.528773499229946e-05,8.48638285388595e-05,1.54233532027052e-06,0.00012205551918867902,4.3890528530866256e-07,5.423095694274586e-05,0.00015651896977186516,1.2094028867632141e-05,0.0009088245471115305,2.1757623996356937e-05,4.321616440053557e-06,3.327023784596177e-05,9.485667362212955e-06
70,2.9791438466826656e-07,0.0009671143736882215,0.0003145745966357077,0.011518389292752082,0.060814794228647356,0.002169296751928149,4.3746893246850555e-05,0.0006954762988071602,0.00038901675594101687,0.9198792046602977,2.2668362451705968e-05,3.049828842391849e-05,0.00010019988520571498,0.0012160589344684166,2.269382897663189e-06,0.00028910592973208104,4.356270230144992e-07,0.00011353077584242093,0.00020277868163123478,2.293989204386898e-05,0.0011002832680780082,4.990448650128201e-05,1.1037208388926889e-05,2.635943355178782e-05,2.0018077430977822e-05
71,3.797758151594668e-07,0.0007310536265727579,0.000107760833429758,0.008939735662385376,0.016047202975668962,0.0009402950877132873,7.733004305723774e-05,0.002798488564172829,0.00036051289417734746,0.9669876084928148,3.5366862860344136e-05,1.4755277391604685e-05,4.6925422641806395e-05,0.00016789836511663076,3.1536018587673097e-06,0.00028868857897379355,1.1099871224682062e-06,0.00017295085405688788,0.0003032905713810258,3.296221609084738e-05,0.001793735628974031,5.873380941466798e-05,1.404970754166663e-05,6.29226669519295e-05,1.3088493816171655e-05
