,0,1,2,3,4,5,6,7,8,9,10,11,12,13,14,15,16,17,18,19,20,21,22,23,24
0,5.960379198503147e-06,3.764605606812318e-05,0.010414795063085621,0.0008773796946483971,4.454245680197718e-06,6.92866914750658e-05,3.7327241709428946e-08,4.241848115718886e-05,3.44857558462521e-05,0.9725986321167539,5.720890689984606e-07,9.183564823759241e-09,4.952338417723645e-06,0.0011180371366688272,9.620518324784512e-08,0.0002532433485247136,0.00022079987605108943,0.011547504292317207,2.0368950921183364e-05,0.00011458668588807555,0.00023084901653591685,1.2919515798444446e-07,0.002299791328690615,0.00010260000410336875,1.3645377516215325e-06
1,9.993284831295222e-06,5.545873294816302e-05,0.013573952558169202,0.0012813355181961682,7.2458822319986425e-06,8.250886484490232e-05,4.811683186627893e-08,5.607002899802406e-05,3.590840332114337e-05,0.964316011173268,9.753081072949757e-07,1.5078788712484312e-08,6.519165817918716e-06,0.0013991885245755863,1.2649667716904368e-07,0.000292890859670486,0.00038829651489020756,0.014698204483169981,2.293623936723324e-05,0.00013164525602133082,0.0003067683411235551,1.7436871326057074e-07,0.003198034877471795,0.00013391161412096704,1.780307843584173e-06
2,7.70548578759043e-06,4.086691294543462e-05,0.012147065732297095,0.0011038464782965542,4.932138048572196e-06,7.609186111716732e-05,3.969897384066882e-08,4.698084962238907e-05,2.8005900952631537e-05,0.9674650410960918,6.446691072819824e-07,1.0085561232260844e-08,5.471955381165601e-06,0.0009462531283239535,8.590809616576678e-08,0.0002856780201749297,0.0003078902737959184,0.014203369917483586,2.2016641338852082e-05,0.00010966755281418036,0.00026606576118094755,1.1984942299163124e-07,0.0028189338834701525,0.00011201849233826851,1.197707376933523e-06
3,6.696795889401835e-06,4.1413258498180385e-05,0.011548592595500564,0.0010144954428222607,5.097803178714077e-06,6.998415609878681e-05,3.967030017099043e-08,4.5400192782448566e-05,3.251321832878834e-05,0.9701945296756721,6.279015318830022e-07,1.0494368336171021e-08,5.2702370966903935e-06,0.0011204548873874581,1.0151558817828165e-07,0.00028557129100388807,0.00027248059639437114,0.012277306920972175,2.1155904446613655e-05,0.00011985577528893781,0.00024911678687356405,1.285029357511183e-07,0.0025736692872721663,0.00011404633886131733,1.4407509071477934e-06
4,6.829238467436785e-06,4.330511622460546e-05,0.01164780381564703,0.0009983276868216725,5.184638497662727e-06,6.567164397486557e-05,4.1212127665920405e-08,4.5946012257992646e-05,3.4929884006533526e-05,0.9698651721877742,6.365121298181734e-07,1.1176878060192316e-08,5.7972440501300954e-06,0.0012267847030560542,1.0111196512047645e-07,0.00028273477537632194,0.00026249576969823143,0.012489169931282412,2.1649315277136913e-05,0.00012627127032436794,0.0002585975580761504,1.387422767425556e-07,0.002492751888391079,0.00011815543084481578,1.4931345739773226e-06
5,7.113798305290311e-06,3.980510591014441e-05,0.011962006025606101,0.0011618157658007996,5.483609729174124e-06,7.250238252338714e-05,4.3625833997724125e-08,4.4392941420525646e-05,3.4142896033949186e-05,0.9659669622580698,6.066369203508503e-07,1.0385943554513424e-08,5.8271277826373515e-06,0.001102768851710867,9.220779713424223e-08,0.00029834600470968534,0.00027509111955862975,0.01550766226701849,2.272339948990042e-05,0.0001309040537467285,0.0002734096649312655,1.188235984096765e-07,0.002960749743744113,0.00012615199715417178,1.269306660793184e-06
6,6.696795889401835e-06,4.1413258498180385e-05,0.011548592595500564,0.0010144954428222607,5.097803178714077e-06,6.998415609878681e-05,3.967030017099043e-08,4.5400192782448566e-05,3.251321832878834e-05,0.9701945296756721,6.279015318830022e-07,1.0494368336171021e-08,5.2702370966903935e-06,0.0011204548873874581,1.0151558817828165e-07,0.00028557129100388807,0.00027248059639437114,0.012277306920972175,2.1155904446613655e-05,0.00011985577528893781,0.00024911678687356405,1.285029357511183e-07,0.0025736692872721663,0.00011404633886131733,1.4407509071477934e-06
7,3.127585119094909e-06,3.9031645538419404e-05,0.009167509491321287,0.0010708729877159132,5.6674210682323665e-06,6.655340697167046e-05,3.926316672669291e-08,3.12261287296058e-05,3.8956549930444794e-05,0.9730836851629998,4.087863188148021e-07,9.66107397340157e-09,2.9650090185974215e-06,0.001405919817775046,9.709313784906731e-08,0.0003133242404157792,0.000285629125150418,0.009892103788219442,2.0901646187164675e-05,0.000112941201060617,0.00026108392687857894,8.229345063539795e-08,0.0040278706584140475,0.00016792825477310284,2.0648555647059546e-06
8,7.3603903120540435e-06,4.372605105927225e-05,0.010112034996640701,0.001113324480212204,6.136622782266239e-06,9.452059832054026e-05,6.694911526981845e-08,6.540392850729966e-05,3.805353708858327e-05,0.9656115696850992,9.220662311339531e-07,1.2927271828454571e-08,6.708892981073014e-06,0.0011977322056110253,1.215025433208231e-07,0.00031391316141714335,0.000291029635309603,0.017692666922390785,3.6011274188765156e-05,0.0001310904999528721,0.000368000661442629,1.823575207939564e-07,0.002767490838727798,0.00010048386091668073,1.4359543571115771e-06
9,1.1872190973318992e-05,5.200965580274605e-05,0.012602002797063565,0.0014368832084297506,8.986256106146598e-06,0.00012185204969416797,8.13901446957534e-08,7.57424428152674e-05,4.21917425054196e-05,0.9581891968636863,1.3410331236095403e-06,1.6605903693761044e-08,8.093196601057869e-06,0.001289109744456883,1.5373983451503238e-07,0.00031950608120122993,0.00040461888239032615,0.02112924078500103,3.751233116627168e-05,0.00014252817415582922,0.00042885564487003244,2.2787093131056913e-07,0.0035749313910867254,0.00012139648564375743,1.64943641254689e-06
10,6.696795889401835e-06,4.1413258498180385e-05,0.011548592595500564,0.0010144954428222607,5.097803178714077e-06,6.998415609878681e-05,3.967030017099043e-08,4.5400192782448566e-05,3.251321832878834e-05,0.9701945296756721,6.279015318830022e-07,1.0494368336171021e-08,5.2702370966903935e-06,0.0011204548873874581,1.0151558817828165e-07,0.00028557129100388807,0.00027248059639437114,0.012277306920972175,2.1155904446613655e-05,0.00011985577528893781,0.00024911678687356405,1.285029357511183e-07,0.0025736692872721663,0.00011404633886131733,1.4407509071477934e-06
11,7.222721472603843e-06,4.309776021925605e-05,0.011871948415305662,0.001043853464054109,5.4478878386965416e-06,7.112191618534113e-05,4.28058322354809e-08,4.763004086574251e-05,3.428044776157213e-05,0.9693133803222889,6.715151735125026e-07,1.1465174679724397e-08,5.931952151451931e-06,0.0011493745478443364,1.0757522572116326e-07,0.00030076196590431235,0.00027905642985930746,0.01270835107624599,2.243371108283457e-05,0.0001299316732472755,0.0002629323109222277,1.4190767509736516e-07,0.0025780520085161274,0.00012271741850379086,1.4986606494261357e-06
12,6.618142988261612e-06,4.1113469015019704e-05,0.01135804620079247,0.0010145946395738246,4.912835164283266e-06,6.90913329594703e-05,3.915014377466647e-08,4.596261477203091e-05,3.180505618384533e-05,0.9704590530344308,6.149722783443364e-07,1.03979424368042e-08,5.237267980941254e-06,0.0010992018434928036,1.0042773831558124e-07,0.0002878901362274968,0.0002684463329954322,0.012292519479042783,2.1249947210000155e-05,0.0001181183408665818,0.0002449368660289276,1.2743476138183015e-07,0.002518217073027427,0.0001106912775386185,1.401726845097683e-06
13,1.0832889333699049e-05,6.423293039001302e-05,0.01444552814239337,0.001104189756188355,7.757022926485387e-06,6.812943410624906e-05,5.4369480457559174e-08,7.830574055209463e-05,4.286052273840685e-05,0.963732860118083,1.3822661291128808e-06,2.171594155251598e-08,7.67534202493099e-06,0.0021164645309238142,1.64250965341441e-07,0.00031238229300859616,0.0003717279396073643,0.014536749058553657,2.65993378960182e-05,0.00014300496748294658,0.00036836043597008705,2.586385672365889e-07,0.0024294290215656506,0.0001284642333111212,2.565041860434101e-06
14,7.729100846565397e-06,1.779188301503517e-05,0.02297151076176433,0.0006023983599157382,1.584479444188306e-06,9.632238412290634e-05,4.452230086292297e-08,9.266992189077717e-05,4.201719509719091e-05,0.96549891913886,3.2664033599495456e-07,1.820414940987516e-08,3.855857775371471e-06,0.0011877369773943332,1.4774895213763694e-07,0.0005987446854771948,0.00017765516981590535,0.006675895349474324,5.261433642521933e-06,0.00019456501417015908,6.92016138084845e-05,1.2774909910282493e-07,0.00166314856208843,8.961931922494696e-05,2.7079273339056645e-06
15,6.696795889401835e-06,4.1413258498180385e-05,0.011548592595500564,0.0010144954428222607,5.097803178714077e-06,6.998415609878681e-05,3.967030017099043e-08,4.5400192782448566e-05,3.251321832878834e-05,0.9701945296756721,6.279015318830022e-07,1.0494368336171021e-08,5.2702370966903935e-06,0.0011204548873874581,1.0151558817828165e-07,0.00028557129100388807,0.00027248059639437114,0.012277306920972175,2.1155904446613655e-05,0.00011985577528893781,0.00024911678687356405,1.285029357511183e-07,0.0025736692872721663,0.00011404633886131733,1.4407509071477934e-06
16,8.329080354547978e-06,5.202872834477037e-05,0.010366636787391467,0.0011700795234513642,5.72489964085905e-06,6.941883732805382e-05,4.830636060142515e-08,6.170326372702228e-05,3.646216553009617e-05,0.9678287160240351,8.752686422728565e-07,1.4975755925750855e-08,6.1226198401611485e-06,0.001456319708168226,1.3943403054691674e-07,0.00030291500161755587,0.00029685005092011635,0.015392199994548165,2.9271246354087593e-05,0.00011494012697570847,0.0002864992349048356,1.9349511570356086e-07,0.002410530344726951,0.0001022757708327944,1.705111402899873e-06
17,1.3176717037851309e-05,6.0450387859644384e-05,0.017784613305660616,0.001434467166106254,1.1577366138256659e-05,8.967376323495318e-05,7.681545976867639e-08,5.839741439655659e-05,5.634145348044515e-05,0.9496991056099024,1.2504046413051958e-06,2.0000982539675428e-08,9.555442290737325e-06,0.002059416194379182,1.0788926518647812e-07,0.00028670685042365214,0.00043940628183457644,0.022435349052201826,2.7980540705006617e-05,0.00017013929472117407,0.0005360138430675802,2.0800293569354988e-07,0.004600210639136791,0.00022362778690198498,2.127777236285468e-06
18,4.222586519800333e-06,4.180163872164515e-05,0.011528874484126785,0.0006741131159921314,4.171237069629675e-06,5.485516796565266e-05,4.13857797204646e-08,3.47053850528176e-05,3.3081263079345896e-05,0.9722789280835507,5.275190420098566e-07,1.1618591797010841e-08,4.1727273775807076e-06,0.0015226738648762737,1.0470512533967985e-07,0.0003344366086591997,0.0002819240756051323,0.009782999667679822,2.237431085652199e-05,0.00012339240031734137,0.00030347673097511546,1.0891918399392674e-07,0.0028182664614713315,0.0001482235302485538,2.512512131659264e-06
19,4.957417142814641e-05,7.18411225023468e-05,0.05667967659338239,0.0006408567217667513,7.713563601567933e-06,5.938377004199478e-05,9.917996928860153e-08,0.00017503974049870252,2.739273968003899e-05,0.8609002979056629,5.330898136557701e-06,3.2170858969802086e-08,1.588448437885903e-05,0.003656180390124533,9.407957604974637e-08,0.0004928344112651101,0.0013517070707580328,0.06726985814066437,4.1506418521299104e-05,0.00019923852151928952,0.002564303011969801,2.8633043057290817e-07,0.005553016117795747,0.00023418374508371215,3.6687003827383404e-06
20,7.04027876036232e-06,4.006170118496459e-05,0.01457614025001018,0.0010987738043978137,5.548333901197139e-06,6.951121869903823e-05,4.1665877193171715e-08,4.168382410058857e-05,2.918454077661595e-05,0.9647832898035396,5.996770897165901e-07,1.084962921534084e-08,4.945999222129378e-06,0.001068126489405786,8.852102505246827e-08,0.0003252000020395304,0.0003375916582716484,0.013810828568170256,1.959160990994151e-05,0.0001220724595030746,0.00027492465099111443,9.396698002714028e-08,0.0032424752186128304,0.00014067266914898795,1.502238753077596e-06
21,5.942726466368318e-07,2.817861108464979e-05,0.0002178949380119572,0.0007426481020349706,7.696011653164635e-06,0.0013237630491596698,3.58315989660469e-08,3.0376947041964254e-05,6.661838107357369e-05,0.9958083974054601,7.989318738155092e-07,1.1460968343315515e-09,6.953003927180125e-07,0.0001423158775357986,1.2102529504130917e-06,3.1478964841221376e-05,4.54384160804552e-05,0.0006596869345209754,7.051501706254915e-05,2.3115490806444492e-05,3.328326582367384e-05,7.304034985257966e-07,0.0007588260635583467,5.112465366411948e-06,5.879198261052501e-07
22,1.2105238906999094e-06,8.527137554964491e-05,0.003924945509733599,0.0017197184387982996,6.889501475055867e-05,0.0001508502620813519,2.6227134589134033e-07,2.196205677037134e-05,0.0018645570021518342,0.9798534854809525,7.580602222227642e-07,1.1212930367266524e-07,6.677109417126907e-06,0.005800196950940496,2.1254285199279142e-06,0.000633645846239951,2.865156300107815e-05,0.001851387198772349,2.710609558568515e-05,0.000523049860507056,8.55135462241081e-05,3.257004898399455e-07,0.0018508064806697022,0.0014628078390251814,3.5678255056982146e-05
23,6.696795889401835e-06,4.1413258498180385e-05,0.011548592595500564,0.0010144954428222607,5.097803178714077e-06,6.998415609878681e-05,3.967030017099043e-08,4.5400192782448566e-05,3.251321832878834e-05,0.9701945296756721,6.279015318830022e-07,1.0494368336171021e-08,5.2702370966903935e-06,0.0011204548873874581,1.0151558817828165e-07,0.00028557129100388807,0.00027248059639437114,0.012277306920972175,2.1155904446613655e-05,0.00011985577528893781,0.00024911678687356405,1.285029357511183e-07,0.0025736692872721663,0.00011404633886131733,1.4407509071477934e-06
24,5.211601306107952e-06,4.774156899854478e-05,0.00833012002225734,0.0012438528589292313,4.666123302809976e-06,6.009180316444679e-05,3.521390882495987e-08,4.487838358685897e-05,2.9645156686800716e-05,0.9737672495380468,5.140088417427544e-07,1.0161697994522969e-08,4.528834810818805e-06,0.0010899701203791166,9.952992643543009e-08,0.0002818664716089859,0.0002648475592347922,0.011856522133671554,2.5108542664526638e-05,9.598611079122194e-05,0.00022445912461108465,1.2340619183391854e-07,0.0025247695980988145,9.64523916073706e-05,1.2497356759089053e-06
25,1.4947798570547133e-05,5.915334540965951e-05,0.01754601224545227,0.0017225395296095066,1.036809338191998e-05,0.00010235379661917388,1.1452110069402044e-07,0.0001372897201018473,4.917581983223589e-05,0.9380080205536667,1.741838952902737e-06,2.7980166967566936e-08,1.1020816320535253e-05,0.002048858691944757,1.3141031697320255e-07,0.00045607889871556107,0.0004910367521410866,0.03443446115230107,3.9250937862233674e-05,0.0001963529760681248,0.0006112834401970522,2.666915739189119e-07,0.003911167646526309,0.00014636553115527054,1.979812012646042e-06
26,8.48840920541829e-06,3.258336018270612e-05,0.017841842384869414,0.0011048799940883206,6.342328239947284e-06,7.084805589718946e-05,3.736406668212072e-08,2.9880854335191847e-05,4.006933952045818e-05,0.9581000244947039,4.762556753464711e-07,7.89142133967859e-09,5.699258020353586e-06,0.0010517596878507124,6.027720328083642e-08,0.00025702029245255306,0.00026965915952979806,0.016476784021994817,1.4437452677233559e-05,0.00014802385986481835,0.0002775733253400101,7.730947718190668e-08,0.004051328656155838,0.00021094235590981688,1.1536113176249036e-06
27,5.507225762912137e-06,3.792769303237642e-05,0.0077009586367679074,0.0009767109067650992,4.739555939767642e-06,8.125788758905352e-05,3.665097037108698e-08,4.6150003611702094e-05,4.319969040871771e-05,0.9778059275032196,5.363585926448787e-07,9.306193817732916e-09,4.604927712750153e-06,0.0010084734939234472,1.2051665566818876e-07,0.00023957245949965246,0.00017427833112941803,0.009539388625923116,2.1057655396700963e-05,0.00010795277266872762,0.00016888351601338392,1.6829541306218257e-07,0.0019364430793532609,9.477202514749878e-05,1.3228823091541242e-06
28,6.696795889401835e-06,4.1413258498180385e-05,0.011548592595500564,0.0010144954428222607,5.097803178714077e-06,6.998415609878681e-05,3.967030017099043e-08,4.5400192782448566e-05,3.251321832878834e-05,0.9701945296756721,6.279015318830022e-07,1.0494368336171021e-08,5.2702370966903935e-06,0.0011204548873874581,1.0151558817828165e-07,0.00028557129100388807,0.00027248059639437114,0.012277306920972175,2.1155904446613655e-05,0.00011985577528893781,0.00024911678687356405,1.285029357511183e-07,0.0025736692872721663,0.00011404633886131733,1.4407509071477934e-06
29,6.696795889401835e-06,4.1413258498180385e-05,0.011548592595500564,0.0010144954428222607,5.097803178714077e-06,6.998415609878681e-05,3.967030017099043e-08,4.5400192782448566e-05,3.251321832878834e-05,0.9701945296756721,6.279015318830022e-07,1.0494368336171021e-08,5.2702370966903935e-06,0.0011204548873874581,1.0151558817828165e-07,0.00028557129100388807,0.00027248059639437114,0.012277306920972175,2.1155904446613655e-05,0.00011985577528893781,0.00024911678687356405,1.285029357511183e-07,0.0025736692872721663,0.00011404633886131733,1.4407509071477934e-06
30,6.696795889401835e-06,4.1413258498180385e-05,0.011548592595500564,0.0010144954428222607,5.097803178714077e-06,6.998415609878681e-05,3.967030017099043e-08,4.5400192782448566e-05,3.251321832878834e-05,0.9701945296756721,6.279015318830022e-07,1.0494368336171021e-08,5.2702370966903935e-06,0.0011204548873874581,1.0151558817828165e-07,0.00028557129100388807,0.00027248059639437114,0.012277306920972175,2.1155904446613655e-05,0.00011985577528893781,0.00024911678687356405,1.285029357511183e-07,0.0025736692872721663,0.00011404633886131733,1.4407509071477934e-06
31,8.676540463660414e-06,4.2176350711350813e-05,0.015303861727869432,0.0008842394152980469,3.429951810350556e-06,5.473415617775531e-05,3.5601148383411875e-08,6.358591346090985e-05,2.3689392250560517e-05,0.9650721703424624,5.996875961687682e-07,1.1049724452491573e-08,5.441193668250164e-06,0.00105902110104852,7.269088999603459e-08,0.0003396048857688375,0.00031873562391623763,0.014020317901486189,1.8139847609505658e-05,0.00010807503794167309,0.0002556322177927739,1.1858475875252099e-07,0.002317919044677142,9.84019207164927e-05,1.3098207521869707e-06
32,6.312397951501935e-06,4.128830841118574e-05,0.01068556787644543,0.0010403790625001833,5.174580025468008e-06,7.240279438663921e-05,4.177510235670602e-08,4.537811695727656e-05,3.273900085915561e-05,0.9710470448384625,6.187855276894184e-07,1.036029510499113e-08,5.2692585193451774e-06,0.001063052662703691,1.0827180232562625e-07,0.0002990398861740614,0.0002721350778197634,0.012251315477352979,2.416487337639843e-05,0.0001194035157375437,0.000258969628725271,1.31555648053304e-07,0.002613785019846901,0.0001142366788673554,1.4301965018211876e-06
33,1.786108680570247e-05,8.019388788900415e-05,0.014898251495445212,0.002267712390718558,9.153903346577564e-06,8.96875578234514e-05,8.03815754807563e-08,0.00014140986455882457,2.9420732111632795e-05,0.9445585272366461,1.7976666138900964e-06,3.340111001069598e-08,1.1354232804996548e-05,0.0015228644644526479,1.398784770724928e-07,0.0005464649257372152,0.0007244842451995338,0.0305969676842221,4.291893318561269e-05,0.0001514317426589362,0.0005127815937804387,3.018787571049903e-07,0.003649029587867835,0.00014534887992213554,1.7823482898749713e-06
34,5.524100889808157e-05,5.553061133922089e-05,0.03087827621188282,0.0017709689834346076,1.6928225416384975e-05,0.00010481080118093006,9.71680090658594e-08,0.00011596772931190218,5.7139362225136885e-05,0.91632444660195,2.922952259782563e-06,2.312527161335859e-08,1.8956420698540057e-05,0.0015307324880200939,1.7101167495467207e-07,0.000311495535836266,0.0004927430337115276,0.04376043844462172,3.988295043183303e-05,0.00017592572112408547,0.0007284892187728314,3.4825571619017377e-07,0.003360777113484826,0.00019616777417347448,1.5192505541782746e-06
35,5.411800729809737e-06,4.92250027056229e-05,0.012119282034159566,0.001140262762355948,7.094008616321484e-06,7.059713364137328e-05,4.1825482228552075e-08,3.684325703578206e-05,3.535040809667932e-05,0.9712884016395472,6.672990025690373e-07,1.154820969714006e-08,5.0023750555999005e-06,0.0014310194532607917,1.4053830518196603e-07,0.0002882797907050033,0.0003304065329372901,0.0093794430077818,2.025082701343509e-05,0.00014323892615379392,0.00027284066107088434,1.2091108282543419e-07,0.003237779521619216,0.00013624681062216046,2.0419248093254885e-06
36,4.067584766310915e-06,3.2212437403489516e-05,0.006167217004814364,0.000714489513290057,1.676132116558205e-06,4.3338502011479496e-05,2.1533340914286898e-08,5.4830472098064765e-05,2.3314483823124912e-05,0.9816412841731679,3.1401936472035533e-07,7.430229551816608e-09,3.7055112324660553e-06,0.0009059853547823511,6.726809599104684e-08,0.00023564673187052187,0.00014471797698903442,0.0086429694260935,1.5312415960908762e-05,7.745727488294643e-05,0.00010371492880303126,1.3748440905815296e-07,0.0011424765131852464,4.420442550021751e-05,8.314017680391284e-07
37,1.2572828861194074e-05,4.432277561518308e-05,0.02034037405067487,0.0011683205522834096,8.02064979615836e-06,6.687566741872998e-05,5.576270001133935e-08,4.513968737374069e-05,4.551523102615948e-05,0.9495701244704902,8.211002328714007e-07,1.439478513516796e-08,8.352819671725426e-06,0.00158909693789219,8.113394978073159e-08,0.0002957255246080814,0.0003316460852160363,0.022020631747649518,1.9993338392924013e-05,0.0001623338015734792,0.00039161312132997517,1.286864981698751e-07,0.0036634434862589113,0.00021315301502096524,1.6431306805821908e-06
38,5.542159748702864e-06,2.4454155284154567e-05,0.010140480895351895,0.0009628443280520162,3.091988419393007e-06,9.5152138216235e-05,4.654538111795428e-08,4.305374008449087e-05,2.2556958687398915e-05,0.9695460033015247,4.0044931972060204e-07,7.038164139996431e-09,4.914705467946424e-06,0.000538854560634304,9.07811728293587e-08,0.0004137814716242123,0.0002506275694039571,0.014666123839160971,2.6456234324734477e-05,0.00012739099178215872,0.00022379685604850553,8.848773324767574e-08,0.002809996781260358,9.334587172328392e-05,8.981514292189541e-07
39,8.278857070960436e-06,3.623533337263469e-05,0.013850804554944286,0.0010552396241619811,4.570888760362372e-06,0.00010904052346997667,6.965930242294249e-08,9.313141147135583e-05,2.813620592660057e-05,0.9624112129380392,8.259784229794492e-07,1.4604008499376492e-08,6.508659450590869e-06,0.0008971859221095851,1.0242270842305351e-07,0.0005052698023317465,0.000383614030120024,0.01697913661991117,2.9270533991328632e-05,0.00014799761031767983,0.0003537492663894023,1.6455712527181572e-07,0.002984373091959577,0.00011355591756257469,1.5109870710478296e-06
40,1.2048664366081037e-05,5.380199930800806e-05,0.016573795917953254,0.0010676311607184653,7.359238050937099e-06,8.982507496146115e-05,4.65866866590416e-08,5.624152425041767e-05,3.976617503819123e-05,0.9661674431643684,1.104254588582586e-06,1.6727014060882385e-08,7.127419902959294e-06,0.0014842074536964137,1.4700062810265977e-07,0.00024343490977266842,0.0003483735255475319,0.010799606116857569,1.7445383196049585e-05,0.00013505939694897804,0.0002529146729584514,2.1489816498154997e-07,0.002519393894767186,0.00012088994157515095,2.1048986793105976e-06
41,7.020859447335203e-06,3.751978383095129e-05,0.009940394278141786,0.0018210768328878765,8.766791630589577e-06,0.00010278518869165297,3.4031556650506574e-08,4.0639424416527356e-05,4.1783011683221315e-05,0.9757523478934869,5.861672726750972e-07,1.0076095558977803e-08,3.807853118170316e-06,0.0007973622969822302,1.9260030453271412e-07,0.00024155464490794142,0.00022442866493961787,0.008355471484049467,1.7047471078744184e-05,0.00010173696120280748,0.00011764700538147345,1.205840038467277e-07,0.002287175117164416,9.91987009949466e-05,1.2922767302265205e-06
42,5.261135290513901e-06,3.724391854532103e-05,0.006650154117586724,0.0008910692944180224,3.277702018205038e-06,7.884011438389169e-05,3.0065472966854575e-08,5.745677832117443e-05,2.4701794069572696e-05,0.9810257895113033,5.372912515648755e-07,8.098662751834607e-09,5.011526924166318e-06,0.0006623311456745313,1.1084921591907843e-07,0.0002930064876795648,0.00020971464630528263,0.008190038761735068,2.3723505784764043e-05,0.0001027788875509917,0.00015799991243274495,1.9258401213978107e-07,0.0015136456882511445,6.606708108855197e-05,1.0091020212913832e-06
43,0.00027203677194959823,0.0006817279908531672,0.18618327968858647,0.006791233417655306,0.00013708372523767488,3.258145419174451e-05,4.5274560230223555e-07,0.00029072019251171074,7.332758959672164e-05,0.5296583360610987,2.301021810895354e-05,1.1910474263752186e-06,7.189884678289183e-05,0.028267118422949333,1.665783685014721e-07,0.0009910688685064565,0.007924410788882973,0.21695406405462728,2.4643902472558914e-05,0.0005526006193999516,0.003655471633808563,4.814024342580139e-07,0.015735138276220348,0.0016621538158132349,1.5801886914865193e-05
44,6.696795889401835e-06,4.1413258498180385e-05,0.011548592595500564,0.0010144954428222607,5.097803178714077e-06,6.998415609878681e-05,3.967030017099043e-08,4.5400192782448566e-05,3.251321832878834e-05,0.9701945296756721,6.279015318830022e-07,1.0494368336171021e-08,5.2702370966903935e-06,0.0011204548873874581,1.0151558817828165e-07,0.00028557129100388807,0.00027248059639437114,0.012277306920972175,2.1155904446613655e-05,0.00011985577528893781,0.00024911678687356405,1.285029357511183e-07,0.0025736692872721663,0.00011404633886131733,1.4407509071477934e-06
45,5.534473108869887e-06,3.40115247344788e-05,0.007499743062637551,0.0018163780713345498,8.291207419304403e-06,0.00014313752667424333,7.406932488700734e-08,6.591243184279289e-05,4.6572945934928146e-05,0.9750509718248289,6.383388231474646e-07,1.2702388777236794e-08,5.956446392653095e-06,0.000666941271476299,2.33576513943064e-07,0.00044277080573596313,0.00021316549010532638,0.011244410231947076,3.3423389425053505e-05,0.00016884338405144777,0.00016904387008394078,1.7405966865886042e-07,0.002282274607421686,0.0001002276893633866,1.2569987621333719e-06
46,1.0117875737758848e-05,5.659430696810655e-05,0.012921122846163766,0.0014468935257654129,6.133386486282644e-06,8.541087613874201e-05,4.3076980975296264e-08,6.269537900800369e-05,2.4677340439303983e-05,0.9668935372866438,8.904677199898164e-07,1.532182182038888e-08,6.142704597661249e-06,0.001000653137856527,1.323283921698091e-07,0.0003692995879788367,0.0005064242718867511,0.012917420374833571,2.3828011779565787e-05,0.00012040413814752495,0.0002590315250394011,1.712278466706601e-07,0.0031685857931126153,0.00011815349481010602,1.621713844713895e-06
47,6.459704820098446e-06,3.9768414614697714e-05,0.011789569037688751,0.001037521778476719,5.32193185844522e-06,7.117644021686221e-05,4.0786981193007724e-08,4.4014070543574335e-05,3.3367581416375895e-05,0.9694181078873184,6.228190129360009e-07,1.0169455984002969e-08,5.155182091604387e-06,0.0011540360272452302,1.0177362461597423e-07,0.00028162059252256953,0.00027414275091399316,0.01256568184197203,2.159339341294883e-05,0.00012105728103580218,0.00026534093328430913,1.215915933969233e-07,0.0027472779326267512,0.0001164455857571105,1.4444915156332708e-06
48,4.971543810823386e-06,5.335893640212944e-05,0.006555302028659636,0.001024813318128482,2.728794734829448e-06,5.7845258678241126e-05,2.3875660204807397e-08,4.5114209822402036e-05,1.6664130284860494e-05,0.9803651726091159,4.356829685345692e-07,7.644485378376436e-09,3.4196422126014604e-06,0.0007129782670748651,9.30117038246679e-08,0.00025918913657445503,0.0003384706765399349,0.008041805269582664,2.3382480620535853e-05,6.380690421461164e-05,0.00016129128279946523,1.2774262256348468e-07,0.0022102941043905338,5.7685757288348045e-05,1.0176916238915481e-06
49,7.775450805982248e-06,3.856265609079479e-05,0.013460079519274769,0.0010523927389329741,4.95468762975399e-06,9.066780246136216e-05,4.284978476463859e-08,4.897569545657976e-05,3.409193181222361e-05,0.9675134506825382,6.510315235877719e-07,1.1265272904801391e-08,5.888262877899603e-06,0.0010331310535770313,9.125860413576436e-08,0.0002819509410957647,0.0002660743978755056,0.012946374883042322,1.7282562668452394e-05,0.00013700865980352745,0.00022680966799411422,1.3103860903624298e-07,0.0027159596458747625,0.00011631592394887986,1.3253924447347587e-06
50,1.1565651856377345e-05,5.260642630984776e-05,0.01744987425802807,0.0014908257492233126,8.70162060489116e-06,8.852080455575763e-05,4.881786395178725e-08,5.38241819579153e-05,3.6077103537618183e-05,0.9551882259143383,1.0463419173005095e-06,1.6096403710981155e-08,7.028677726263518e-06,0.0013820612215633527,1.2029940079400146e-07,0.0003568204580307737,0.000464038235184138,0.018535524836017597,2.1539875131697698e-05,0.00016540483009446822,0.0003520224061631373,1.4467088894958725e-07,0.004138904627152106,0.00019321861787199388,1.8382781777785473e-06
51,6.350732507644818e-06,5.124049645337138e-05,0.009419832448765446,0.0010790101249146665,4.291896536671507e-06,5.796169217645461e-05,3.127428690443813e-08,4.992827586399253e-05,2.9191433834804973e-05,0.9747293381948545,5.958599317046712e-07,1.1018734095702718e-08,5.004716942295082e-06,0.0011556119340602805,1.0588737487785075e-07,0.0002614373985416273,0.0002495642270026068,0.010490255818462036,2.034846332614718e-05,0.00010015682061267034,0.0001942160305696653,1.4801009471805716e-07,0.0020082786831113757,8.575124285740338e-05,1.337318183960919e-06
52,1.694583153172541e-05,0.00015454711489155663,0.034609785907290816,0.002007174818378817,3.68311174837388e-05,0.00012990789412734656,1.8549344126763548e-07,8.591413889723542e-05,7.040582716284638e-05,0.9287516379449825,3.247621532949755e-06,6.15507008970129e-08,1.1599469344676148e-05,0.004097048968080765,2.1432811148078902e-07,0.0004305420724828272,0.0014176019458170858,0.016079441655314653,3.303876780665189e-05,0.00023264522999524376,0.0012988244867703105,2.7844704424447206e-07,0.010024886719447224,0.0004991382028180178,8.094446545167546e-06
53,6.692668893394856e-06,4.108306578978375e-05,0.01136147090596725,0.001000747619749432,4.926383225031395e-06,6.697638068392129e-05,3.637485001670301e-08,4.392638652093293e-05,3.106999387486744e-05,0.9709207438492332,6.11764959448451e-07,9.939291026790698e-09,5.164533118019614e-06,0.001084147181995877,9.866892359930456e-08,0.00027607623314821676,0.0002691863593031373,0.011918832575702306,2.074287372233652e-05,0.00011481284542884353,0.00024083932149737098,1.2681583604105754e-07,0.002479503634860117,0.00011079316706043576,1.3804563650264149e-06
54,2.565822001836175e-06,4.1859686989505e-05,0.007500558540110754,0.0005423863490879921,2.640567137203505e-06,3.461353654684061e-05,2.286444055255632e-08,2.904034332661315e-05,2.8628802683064094e-05,0.9835288988673137,3.0889785362563766e-07,8.808444718605571e-09,2.8883004232897817e-06,0.0012728389320195194,1.0137181151614228e-07,0.00026586609240849917,0.0001534749104404385,0.004974190334949327,1.3610287329430344e-05,9.330088447857943e-05,0.00011943331783944173,9.367967549736831e-08,0.001305918811409454,8.47323407494496e-05,2.01765052922975e-06
55,8.572331303112977e-06,4.885673474324282e-05,0.014576401131380522,0.0014209290744413472,9.054666065733757e-06,8.922877198316508e-05,7.184568871484901e-08,5.443001584768747e-05,5.1114446000174664e-05,0.9588406106538461,8.56715052081904e-07,1.8333804768614307e-08,7.071177599755388e-06,0.00146057802760478,1.190805321009553e-07,0.0003642731832287167,0.0003055966593105196,0.018583748064740255,2.56640879924727e-05,0.0001635837293531939,0.00033659667603094394,1.4000725517932586e-07,0.0034579802275130174,0.00019258348653019178,1.920872152102799e-06
56,7.037337767138972e-06,4.255113594199495e-05,0.01170736472675767,0.0010269302154523872,5.2507305137242305e-06,7.150929536521984e-05,4.1733261432801994e-08,4.6886959918412e-05,3.362421574643207e-05,0.9695996120441112,6.563680306094466e-07,1.1066811947347956e-08,5.598066975372694e-06,0.0011411318931400939,1.0446703023577289e-07,0.00029074791288120975,0.00027713205728284993,0.012623081813301693,2.1920167145416377e-05,0.00012399392498453992,0.0002572009934693008,1.3655566717691017e-07,0.002598432804530551,0.00011756982248222444,1.4736914313421894e-06
57,5.5155035988783246e-06,4.65780425111256e-05,0.009993997169239655,0.0009168612468924643,4.690789965164982e-06,5.7529819835479877e-05,4.2473766264338335e-08,4.645653279141485e-05,2.931566025657658e-05,0.9726465487860401,6.114337623824029e-07,1.1030031566169412e-08,5.958670040868059e-06,0.001075490831486169,1.0070144656326595e-07,0.00033855772790985285,0.0002683322099038136,0.011716742567939005,3.0641167373579216e-05,0.00011735616841290257,0.00031765652925511655,1.3925923000359526e-07,0.002260210285657352,0.00011913464580846957,1.5207468454133983e-06
58,6.883955776040538e-06,4.393503855236792e-05,0.012453929025829081,0.0010891189871637486,6.583042185916234e-06,7.424746328636181e-05,4.6503871081753025e-08,4.143053068504367e-05,3.890438864597907e-05,0.9678625737386707,6.692747807657328e-07,1.1837673931046299e-08,6.107091547432005e-06,0.0011917654382394322,1.0997677633655127e-07,0.00031797108380354896,0.00028664170872324635,0.012955868144748205,2.3124924489238544e-05,0.00014668568083457507,0.0002921742861156937,1.3117122994584986e-07,0.002996898485194876,0.00016252282118829712,1.6653999879766693e-06
59,6.175844063757686e-06,3.970183815639772e-05,0.012619452317828005,0.0009620213581469499,5.4445011282408945e-06,6.628364675422844e-05,3.9137566470378654e-08,3.780241599162942e-05,3.429130215213372e-05,0.9694095843727758,5.678539035299102e-07,9.963166906467723e-09,5.395303106208053e-06,0.001127943348926608,9.494098769517388e-08,0.0003009114508386092,0.00026690870676878694,0.011756946593380651,1.986240058700461e-05,0.00013615317674924555,0.00026526301419068586,1.1129490620053391e-07,0.002791161137925473,0.0001463359013258224,1.5381786728575068e-06
60,6.696795889401835e-06,4.1413258498180385e-05,0.011548592595500564,0.0010144954428222607,5.097803178714077e-06,6.998415609878681e-05,3.967030017099043e-08,4.5400192782448566e-05,3.251321832878834e-05,0.9701945296756721,6.279015318830022e-07,1.0494368336171021e-08,5.2702370966903935e-06,0.0011204548873874581,1.0151558817828165e-07,0.00028557129100388807,0.00027248059639437114,0.012277306920972175,2.1155904446613655e-05,0.00011985577528893781,0.00024911678687356405,1.285029357511183e-07,0.0025736692872721663,0.00011404633886131733,1.4407509071477934e-06
61,6.775107641984598e-06,3.9260365848558486e-05,0.01348403002208118,0.0009519154906187931,5.6176179708486524e-06,6.719195931542406e-05,4.064415969913586e-08,3.902954751029395e-05,3.608721805444991e-05,0.9677149114850889,5.944905043204493e-07,1.0174965438705909e-08,5.608771849051879e-06,0.001162540348330088,8.904642784919578e-08,0.00028732988848354326,0.0002646885381965982,0.01253693120900829,1.952893289921562e-05,0.00013400405998115306,0.0002782766613968383,1.1323905061944878e-07,0.002813630640790776,0.00015027848019193854,1.5160596341775272e-06
62,6.696795889401835e-06,4.1413258498180385e-05,0.011548592595500564,0.0010144954428222607,5.097803178714077e-06,6.998415609878681e-05,3.967030017099043e-08,4.5400192782448566e-05,3.251321832878834e-05,0.9701945296756721,6.279015318830022e-07,1.0494368336171021e-08,5.2702370966903935e-06,0.0011204548873874581,1.0151558817828165e-07,0.00028557129100388807,0.00027248059639437114,0.012277306920972175,2.1155904446613655e-05,0.00011985577528893781,0.00024911678687356405,1.285029357511183e-07,0.0025736692872721663,0.00011404633886131733,1.4407509071477934e-06
63,6.483661072367193e-06,4.509313226385137e-05,0.010760516442686363,0.0009875521378805818,4.790392601152343e-06,6.565366997085548e-05,3.7013051758903465e-08,4.5234935870488345e-05,3.1016393740199024e-05,0.9720742158584185,6.162578026976058e-07,1.0587075625113412e-08,5.144265192581215e-06,0.0011103232181352808,1.0239073805939167e-07,0.000282995572103757,0.00027363972617851673,0.011390113746390075,2.1557349700383858e-05,0.00011247443327963291,0.0002385706601842616,1.342774465437856e-07,0.002432564080407143,0.00010969581307294782,1.4639847366899293e-06
64,7.1308486598881394e-06,4.302122400367925e-05,0.01304291645335674,0.0009886020090638756,5.643247995424058e-06,6.956608473385527e-05,4.733152032127878e-08,4.590740502894251e-05,3.354629473595125e-05,0.9661754826921616,6.944508517052134e-07,1.0829844554398388e-08,5.996322964655667e-06,0.0012353035100179884,9.744315075643941e-08,0.0003001207334215251,0.00030839273661141856,0.014053720229313418,2.5316988463141646e-05,0.00012790474345170203,0.0003556248453368834,1.2947877177481786e-07,0.0030403557000403315,0.00013290614356825675,1.5622529316498916e-06
65,7.171410579061322e-06,4.1676663409021076e-05,0.01172496131447963,0.0011198642927932457,5.600169533229363e-06,7.829595783197191e-05,4.4080903128481135e-08,4.843494582955784e-05,3.222480394690725e-05,0.9685012397516573,6.875515843687028e-07,1.1047789197938083e-08,5.4701450876252765e-06,0.0010733639879906874,1.098953160774319e-07,0.0003054721286883996,0.0003019997528404691,0.013400281280738856,2.3521869841388677e-05,0.00012310048735010185,0.00026937216263629466,1.3227045374455399e-07,0.0028186626719063335,0.00011686213294304896,1.4392238703140088e-06
66,6.921968270880459e-06,4.0271954356112686e-05,0.011977229174581314,0.0009878013717732914,4.970027278037809e-06,6.789730586432955e-05,3.976246313794775e-08,4.71746264026727e-05,3.2107419131029135e-05,0.9697201327337341,6.308039204610703e-07,1.048047730948591e-08,5.5278121390864346e-06,0.0011115646692317063,9.826624854230574e-08,0.0002884581638737008,0.00026312030517635797,0.012531046960962336,2.0526732553756573e-05,0.00012361141015371045,0.00024538557514751304,1.292402543616927e-07,0.002413668166927202,0.00011028245254268606,1.3926165360014923e-06
67,7.305864345265322e-06,3.520689639008194e-05,0.01774583456446152,0.001013982244770258,4.791683231703238e-06,6.563055714210304e-05,4.00881669596646e-08,3.922830675232742e-05,2.603117709808511e-05,0.9591149383170562,5.604130684328374e-07,8.870043696054663e-09,5.837522351828019e-06,0.001126570298725754,7.868758646736179e-08,0.00034165154773255826,0.00036652493687058986,0.015490664578199928,1.917289580472562e-05,0.00015411000380358917,0.0003599096553737995,8.572633292035704e-08,0.003933911442621806,0.0001465435163766858,1.3802056925816391e-06
68,5.857064622156414e-06,3.8248636245011344e-05,0.012060532625398943,0.0009718387950344692,5.041103041309684e-06,6.770423234746757e-05,3.802889793382832e-08,3.839648476572268e-05,3.490659081650135e-05,0.9707462080128498,5.415606536247343e-07,1.0018922151707765e-08,4.916812649003993e-06,0.0011811784766605237,9.524757816760746e-08,0.0002693888415878347,0.00024244564432652973,0.011242340314518427,1.7713822893241295e-05,0.00012590316223168064,0.00022528038760184806,1.0910353753816049e-07,0.0025986016642594984,0.00012121983740578026,1.4835311548725212e-06
69,6.288710217051991e-06,3.894912830107241e-05,0.011861435760655162,0.0009438260853907494,4.59079071248884e-06,6.650232487803597e-05,3.9409521142570564e-08,4.4869960784647554e-05,3.213794370466483e-05,0.969760400649974,5.813276199125157e-07,1.0105466073151319e-08,5.207362787940633e-06,0.001147030152691623,9.315098478020809e-08,0.00028933468114050205,0.0002568298356441673,0.012486465520663521,2.053428979422634e-05,0.00012199532322945576,0.0002547349482547056,1.1993249391842785e-07,0.002543944672781067,0.00011265544278351599,1.4224895253421407e-06
70,8.312311714347233e-06,4.694271533587903e-05,0.014072790637229231,0.0016459382713497907,9.347177001491379e-06,9.749901804600346e-05,5.239827244629823e-08,5.1192197423686754e-05,4.946201605214874e-05,0.96612032570171,7.819709310161279e-07,1.4235488958853987e-08,5.804838824389347e-06,0.0014335147055721598,1.436135581685578e-07,0.00025273569570396197,0.0002916466009530086,0.012092863427874334,1.871210431116552e-05,0.0001389424518508769,0.00024165697152906535,1.4593354611193809e-07,0.003289228351599648,0.00013024894663006968,1.6977074918848494e-06
71,1.0799890986440446e-05,4.542447586922422e-05,0.011123744138331991,0.0013006277611677076,4.621702843300791e-06,9.336981853271994e-05,3.048187917878285e-08,5.840337871423442e-05,2.082543616801249e-05,0.9715502366694463,8.621621324381758e-07,1.1604110215217803e-08,5.053868400386669e-06,0.0007381918525914035,1.3705843078563545e-07,0.00029018845298751537,0.0004040068477135271,0.011604969022046524,2.177113290174615e-05,8.913938291249875e-05,0.00018621602914394315,1.6827707808060028e-07,0.00236919360587284,8.081374399946588e-05,1.1932057394629954e-06
