,0,1,2,3,4,5,6,7,8,9,10,11,12,13,14,15,16,17,18,19,20,21,22,23,24
0,2.9786247627716823e-05,0.00012773786496308016,9.473858457757526e-05,0.001593718760324694,4.746875819758481e-05,0.0008280110952261147,0.0009533902224596365,0.00022814388050989917,4.7614147531083455e-05,0.8212235875954548,1.2002003067851653e-05,1.792477894977595e-05,7.114112666953345e-07,0.003522552368882313,7.216374855909764e-05,0.0030320556854440527,0.0024404882135844975,0.11897898055106133,3.130913691365543e-05,0.000691630603418169,0.016431945151674388,0.01590370895202943,0.001789923864109374,1.602753849128751e-05,0.011884378835676118
1,3.4890931452267374e-05,0.0001622209015501657,8.633544647075358e-05,0.002539169575535178,9.978803458488666e-05,0.0011608383903954288,0.0011884431142815265,0.00029167263759186237,5.659178969558243e-05,0.6940132957331951,3.1398618445767355e-05,2.6731672318745664e-05,1.1346767920255046e-06,0.008090823265289647,0.00011330862542844194,0.002900881084633927,0.007627116992660807,0.19382044356837674,3.566145163905319e-05,0.0010775816655217662,0.02760542441961692,0.032901062992818385,0.003994638669959426,2.2204091551062947e-05,0.02211834165019439
2,2.9148089860916725e-05,0.00012509570071376095,0.00010437978992136063,0.001879702826274384,4.219100234001635e-05,0.0011646294130269468,0.0008459456350134337,0.0002737443161465072,6.03818549431194e-05,0.7959056971254256,1.523078725900604e-05,1.9191394501823095e-05,8.886811412573356e-07,0.0031809317619835237,7.059275901009007e-05,0.003997231413640441,0.003231664440750162,0.1325884739013638,4.962543700739586e-05,0.0006863966289996298,0.023102720641180022,0.02172353093849385,0.0017946043212096641,2.4201167756199842e-05,0.009083799972037022
3,3.285941618334729e-05,0.00014407778731747366,9.937228261594055e-05,0.0015696840538209887,6.136347267992756e-05,0.0010733342823455929,0.00096624192094905,0.00027605148562880993,6.290703585489434e-05,0.8032349210490348,1.5020460923026965e-05,1.833964820000469e-05,8.930849814513737e-07,0.0036088111381399474,9.803548509839604e-05,0.004122255765991459,0.0031502710304398517,0.1284537977648502,4.4062060923104404e-05,0.0008392204653938499,0.019047600204146073,0.01945259950684448,0.001776314481169692,1.935473573582053e-05,0.011832611380731842
4,3.6441381161271795e-05,0.0001523528329186008,0.00010416250104615072,0.001653796787733944,6.414885452165955e-05,0.001092776480992554,0.0010138850169757524,0.00027529963155086104,6.816430243428045e-05,0.7897136279766952,1.5854271468291217e-05,2.192869314432374e-05,1.1114273257313178e-06,0.003941705721247257,9.95578366593873e-05,0.0040545057173013415,0.0035171349039664172,0.13654339737896162,4.747041053709347e-05,0.0008780910070521672,0.02074254224502204,0.021069259113190894,0.001873431471826238,2.1163965470323216e-05,0.012998190070796643
5,3.0243110571053552e-05,0.00012620088503706436,8.310290652509763e-05,0.0017930793302316215,4.6923743415299255e-05,0.0009578309308251526,0.0007841215732500083,0.00022964813186153964,5.5693958135154716e-05,0.7835188274946558,1.3052014561037524e-05,1.863803526870143e-05,8.852322612598892e-07,0.003745282540189093,7.742396957624318e-05,0.0035914837351585425,0.003188115354373215,0.14926766366755453,3.5401697719430336e-05,0.0008249792610726875,0.018754975926314893,0.01960313809170969,0.0017072343153493785,1.9136963686306577e-05,0.011526917130697291
6,3.285941618334729e-05,0.00014407778731747366,9.937228261594055e-05,0.0015696840538209887,6.136347267992756e-05,0.0010733342823455929,0.00096624192094905,0.00027605148562880993,6.290703585489434e-05,0.8032349210490348,1.5020460923026965e-05,1.833964820000469e-05,8.930849814513737e-07,0.0036088111381399474,9.803548509839604e-05,0.004122255765991459,0.0031502710304398517,0.1284537977648502,4.4062060923104404e-05,0.0008392204653938499,0.019047600204146073,0.01945259950684448,0.001776314481169692,1.935473573582053e-05,0.011832611380731842
7,1.4758877515899546e-05,0.00015105521976790958,4.198939700809294e-05,0.002352260104104322,6.515405187165849e-05,0.0010598580861967493,0.0007734357649510594,0.0002571471771314447,7.660219297880036e-05,0.7311539122150702,1.6365458110172077e-05,2.014983795148934e-05,7.048718698581121e-07,0.005726533778967906,0.0001826119329983851,0.006362391504654251,0.0051333310654341265,0.1520683991520076,3.0707977732410994e-05,0.0010471602663613903,0.031837930286745496,0.04503731711715578,0.0018100725972085851,1.2596370647754899e-05,0.014767554695558623
8,3.626920295528805e-05,0.00014035624208264626,0.00010043947192982159,0.0016420896405159255,7.600574890223187e-05,0.0014089636694167833,0.0009464958419394573,0.0003301079671400282,9.606895055274101e-05,0.7239615582597715,1.97140093470448e-05,2.200080899281077e-05,1.2865474130398834e-06,0.0038648131938423883,0.00016021156931792107,0.0062797035141565535,0.004964124872323651,0.18023503534570992,5.8381986393390086e-05,0.00101669645171229,0.026540031962852314,0.03255687407749742,0.001648501268923535,2.324170298293628e-05,0.013871027693328463
9,1.8361434400477126e-05,0.00011918931676515844,8.383967841669485e-05,0.0016178782886509425,2.9435239143211485e-05,0.000656762178029564,0.0007610298972251045,0.00016340797399428314,3.553997592094037e-05,0.8829849299986559,7.385325959591407e-06,1.4111393154329346e-05,5.089635002057186e-07,0.0023923006007472397,4.524265173810036e-05,0.0025349663619250533,0.001424825762894757,0.0719053655678813,2.3441703119514873e-05,0.0006247930885523053,0.015117865370770627,0.010129431552872397,0.001567197052780038,1.4191800124651393e-05,0.007727998822777515
10,3.285941618334729e-05,0.00014407778731747366,9.937228261594055e-05,0.0015696840538209887,6.136347267992756e-05,0.0010733342823455929,0.00096624192094905,0.00027605148562880993,6.290703585489434e-05,0.8032349210490348,1.5020460923026965e-05,1.833964820000469e-05,8.930849814513737e-07,0.0036088111381399474,9.803548509839604e-05,0.004122255765991459,0.0031502710304398517,0.1284537977648502,4.4062060923104404e-05,0.0008392204653938499,0.019047600204146073,0.01945259950684448,0.001776314481169692,1.935473573582053e-05,0.011832611380731842
11,3.4984866754664755e-05,0.00014630089425466633,0.00010440904504006465,0.0015863751951568797,6.409216956552802e-05,0.0010895887658800413,0.0009994569490414144,0.0002792075347496139,6.573623837064762e-05,0.8001819173788923,1.5447636984964737e-05,1.9960950342253926e-05,1.0421330098574251e-06,0.003626885452704914,9.827693289294018e-05,0.004175205457166179,0.0032920810034927366,0.1300316076156443,4.653197669307494e-05,0.0008854494625155108,0.019695097822851657,0.019602375322050416,0.0018353483449395733,2.1024527502147906e-05,0.012101596323503524
12,3.26100854725846e-05,0.000142863713955114,6.648154485139825e-05,0.0014577778533049065,6.971590042648849e-05,0.0010367540107851913,0.0007076521089108176,0.00017665005514418068,4.923944092597662e-05,0.7778037061041847,1.0880694670024638e-05,1.2894287374705418e-05,8.388348178844426e-07,0.005145778208782612,6.966952822635408e-05,0.0029365659976667473,0.004565059623872529,0.15406247431809314,2.6765121425180863e-05,0.0009152004061059373,0.017411468453250322,0.01583137022692275,0.0017619345382687678,1.2726056036087107e-05,0.015692922886525552
13,3.409264772905754e-05,0.00016558977222984588,0.00011972728449893094,0.002266190801707341,7.961327427380564e-05,0.0010960222424973387,0.0015579929977485195,0.00044284319683864846,6.971164327862592e-05,0.7462875122656756,3.342055890817502e-05,3.4721716186726916e-05,1.1065860617529588e-06,0.006112815503565198,0.00013908555877596335,0.004162573015832732,0.00424228011582934,0.15397973001512055,5.318209178587686e-05,0.0008674633215080066,0.026922090527117984,0.033183712779396156,0.002818268936647578,2.435460062056187e-05,0.01530589854616582
14,4.452556643309048e-05,4.141739594067634e-05,0.00044214518690442164,0.0020663080558412854,3.136800444329525e-05,0.001525398958949811,0.0012024963225366666,0.00036992435925387723,0.00011332980945578288,0.5560187724823248,1.1396788520438633e-05,4.279094645682952e-05,3.058548037395951e-06,0.0015170515635095124,0.00018940204260265255,0.005884196998469185,0.006769023886045366,0.2846893038025382,3.888591597286256e-05,0.0007437274234792353,0.07013790980172194,0.04244598825408579,0.0011947787439491194,2.3168000652300997e-05,0.024453631141875532
15,3.285941618334729e-05,0.00014407778731747366,9.937228261594055e-05,0.0015696840538209887,6.136347267992756e-05,0.0010733342823455929,0.00096624192094905,0.00027605148562880993,6.290703585489434e-05,0.8032349210490348,1.5020460923026965e-05,1.833964820000469e-05,8.930849814513737e-07,0.0036088111381399474,9.803548509839604e-05,0.004122255765991459,0.0031502710304398517,0.1284537977648502,4.4062060923104404e-05,0.0008392204653938499,0.019047600204146073,0.01945259950684448,0.001776314481169692,1.935473573582053e-05,0.011832611380731842
16,5.84048535869536e-05,0.00016998253440673322,0.00016141546595949076,0.0016411895849921308,0.00010338606878260044,0.0018258414993748882,0.001133930464945139,0.0003285631772048226,8.993113660621784e-05,0.7640375010116387,2.4785513029793826e-05,1.5419771016221855e-05,1.1436795833542081e-06,0.003438101531195602,0.00013268061956742198,0.00490963789957126,0.0042441449312200655,0.16685881000856267,6.272491879515308e-05,0.0009651618905442958,0.015888125138023356,0.017883080544294497,0.002012118613911481,3.043591238205777e-05,0.013983483230805067
17,2.611221976509217e-05,0.0001331083565324284,7.085968918784596e-05,0.001961175313726955,6.588117040300765e-05,0.0007651819791905441,0.0010507801757961986,0.00028281844898858,4.543040029707384e-05,0.7658775218789471,1.7466835308614546e-05,2.529395971721423e-05,1.0744682898724839e-06,0.005823039562969029,8.487779693968627e-05,0.0031854491775170097,0.005194825946771831,0.1446307243202501,3.1657942010429844e-05,0.0009856632178580759,0.023463537871123506,0.028138821511261108,0.002678781888594876,1.5933093285763586e-05,0.015443982775268214
18,3.0836880458183196e-05,0.00010969197178783625,6.67344554444876e-05,0.0013980037620349634,6.416697455086336e-05,0.00077354936290652,0.0008114387556130611,0.00017302869379998102,4.385506784870742e-05,0.7528136664851512,9.703153460903914e-06,1.7695725202612628e-05,1.0719024260598983e-06,0.005189228896031919,6.886506938104462e-05,0.002651033493438605,0.004922626325481405,0.1701152376464132,2.1382740568136064e-05,0.0009622716876892059,0.02032641475264416,0.018085562758568385,0.0018578956997033517,1.1329324042425453e-05,0.01947470841535261
19,0.00011297378160758724,0.0001351586716316954,4.9745987255715525e-05,0.0004914840080109111,0.00018731399072440192,0.00890149685686291,0.00010278174279437495,0.00015354154674156203,4.263192163981443e-05,0.565791352919377,4.07603365160494e-05,7.102224673359906e-07,3.8690154535604124e-07,0.004067882667716825,7.680119047891374e-05,0.0031012465634093662,0.011919816511962179,0.3816362159074661,0.00010329740892133655,0.0013260139907306063,0.005066699602165791,0.006440002101087159,0.0017999792159736475,4.301518603246701e-05,0.008408690766880786
20,2.663487468498448e-05,0.00013311893148465308,0.0001068893988849735,0.0018517892348859054,5.425102248680647e-05,0.0010013108605938447,0.0011537050623352514,0.00043987681745240125,6.931241593988799e-05,0.7786439968544913,1.943395113779085e-05,2.5485328923670003e-05,8.758079490860549e-07,0.003842506085179315,0.00016588941952471958,0.005384628774476267,0.0031732091689352375,0.13310796482119405,4.959612187160763e-05,0.0008259158927278257,0.02321016162472552,0.032945424551338906,0.0017678417619142687,1.8067181124208678e-05,0.011982114035737622
21,4.842820265457332e-05,0.0001485113687067167,0.0001702100079467481,0.0017879455635009859,0.00014418243279956707,0.001859207370355964,0.0013505963374030976,0.0003555706947701555,7.745887815290574e-05,0.7338886481244082,3.350648752343616e-05,1.955989010942971e-05,1.638378363004204e-06,0.0038128165584758226,0.00018198908288413962,0.0041250013771783655,0.009215876007686004,0.15804785268821558,6.3640471282799e-05,0.0013345241243902658,0.02655848354290347,0.029898513696701934,0.004354735068484207,3.22963742588118e-05,0.02248880727084375
22,5.0822105864432315e-06,0.0004565924626323863,7.05732375612775e-05,0.0013765295745205132,4.028142191122756e-05,0.0002109183166050615,0.007350949328617053,0.00022040060063228085,5.800799732701358e-05,0.9514409814525182,5.24398138012073e-06,9.077505389399574e-05,4.1968947417736316e-07,0.0014211353483630526,7.637481732903714e-05,0.0031560882593458127,0.00011832108404643078,0.003774837832062375,6.145578279833075e-05,0.000319796631998645,0.01850729353459403,0.005087131680087412,0.0017761057966040824,1.1612507761782954e-05,0.00436309139734939
23,3.285941618334729e-05,0.00014407778731747366,9.937228261594055e-05,0.0015696840538209887,6.136347267992756e-05,0.0010733342823455929,0.00096624192094905,0.00027605148562880993,6.290703585489434e-05,0.8032349210490348,1.5020460923026965e-05,1.833964820000469e-05,8.930849814513737e-07,0.0036088111381399474,9.803548509839604e-05,0.004122255765991459,0.0031502710304398517,0.1284537977648502,4.4062060923104404e-05,0.0008392204653938499,0.019047600204146073,0.01945259950684448,0.001776314481169692,1.935473573582053e-05,0.011832611380731842
24,2.8182485278779494e-05,0.0001567179613835173,6.360962718869801e-05,0.0015889523107647933,4.538881446505008e-05,0.0008455529944653443,0.0006788286529820764,0.00021026833634228248,4.478723563053752e-05,0.8276851311213004,1.1136051107111507e-05,1.4300565325317761e-05,6.540664161593577e-07,0.004098779917854257,5.64263060254814e-05,0.003096446944824097,0.002680462833514177,0.11798066230819494,3.5162187068233394e-05,0.0007723948261477122,0.014114291311946088,0.015165863174908775,0.001584328293634631,1.614714017610557e-05,0.00902552453305561
25,2.627564503597626e-05,0.0001536870322477847,8.811801311566231e-05,0.002234960535990442,6.861782787624007e-05,0.0010800255699317275,0.0013266400113344488,0.0005961757578814228,5.341564485263707e-05,0.781799386553684,3.535573391767711e-05,2.2373694028891138e-05,6.389821649456459e-07,0.006194950687322419,0.00010574732293467596,0.004678985366509306,0.00327662333507475,0.13832021418770293,5.369485790406574e-05,0.000752802999727394,0.020270302481563324,0.027795967650783952,0.0023261973763172273,2.1788031280506026e-05,0.008717054700817654
26,6.71234705772238e-05,0.00014943711342140298,0.00014418224666301935,0.0014955444924887266,7.400150186734232e-05,0.0015055954820126333,0.0006786098158102732,0.0001769463548452399,6.941764406203111e-05,0.7801041320075308,1.5702606021501156e-05,1.2598555741870548e-05,1.3674003186573475e-06,0.0023165864235106747,4.8606051067808634e-05,0.003223728484217359,0.004276351055762785,0.16347109840258464,5.663377865966045e-05,0.001052902705800843,0.016767692281825272,0.012093607554258227,0.0022907956061177987,4.687945715758781e-05,0.009860459507676634
27,3.1155867273988894e-05,0.00014507036693811495,9.657663498105841e-05,0.0017342175003043968,5.959516152011056e-05,0.0011297720470152552,0.0009723301954758926,0.00033334192150010183,7.244358109220361e-05,0.7753843371511632,1.805496020392239e-05,2.06778966012005e-05,9.058823457236424e-07,0.0038579256500433905,0.00012869197089572366,0.0048927879117605915,0.003533834574577013,0.14364028312494626,5.057786974430068e-05,0.00084465793825211,0.021404484281331352,0.028152863050913503,0.0017671660063325427,2.0607340314163823e-05,0.011707641114474194
28,3.285941618334729e-05,0.00014407778731747366,9.937228261594055e-05,0.0015696840538209887,6.136347267992756e-05,0.0010733342823455929,0.00096624192094905,0.00027605148562880993,6.290703585489434e-05,0.8032349210490348,1.5020460923026965e-05,1.833964820000469e-05,8.930849814513737e-07,0.0036088111381399474,9.803548509839604e-05,0.004122255765991459,0.0031502710304398517,0.1284537977648502,4.4062060923104404e-05,0.0008392204653938499,0.019047600204146073,0.01945259950684448,0.001776314481169692,1.935473573582053e-05,0.011832611380731842
29,3.285941618334729e-05,0.00014407778731747366,9.937228261594055e-05,0.0015696840538209887,6.136347267992756e-05,0.0010733342823455929,0.00096624192094905,0.00027605148562880993,6.290703585489434e-05,0.8032349210490348,1.5020460923026965e-05,1.833964820000469e-05,8.930849814513737e-07,0.0036088111381399474,9.803548509839604e-05,0.004122255765991459,0.0031502710304398517,0.1284537977648502,4.4062060923104404e-05,0.0008392204653938499,0.019047600204146073,0.01945259950684448,0.001776314481169692,1.935473573582053e-05,0.011832611380731842
30,3.285941618334729e-05,0.00014407778731747366,9.937228261594055e-05,0.0015696840538209887,6.136347267992756e-05,0.0010733342823455929,0.00096624192094905,0.00027605148562880993,6.290703585489434e-05,0.8032349210490348,1.5020460923026965e-05,1.833964820000469e-05,8.930849814513737e-07,0.0036088111381399474,9.803548509839604e-05,0.004122255765991459,0.0031502710304398517,0.1284537977648502,4.4062060923104404e-05,0.0008392204653938499,0.019047600204146073,0.01945259950684448,0.001776314481169692,1.935473573582053e-05,0.011832611380731842
31,4.357607379331067e-05,0.000126129117742298,0.00013352994419666352,0.0012610248888449212,4.684749011841187e-05,0.0008355200266106858,0.00095468153769387,0.00034608502600856145,4.341041834563264e-05,0.8412315434877482,1.1604819025116229e-05,1.432048520467733e-05,7.089111465997932e-07,0.0027961865330443344,5.964989717034607e-05,0.0028742441694092915,0.002076960980198469,0.11203653359309511,4.3104062647206364e-05,0.0006505697640733769,0.012639975838165696,0.011542869852825079,0.0015271640395025405,1.7032424353878526e-05,0.008686726619035974
32,3.502311000182517e-05,0.00015129765139147033,0.00010172416051665303,0.0015286289022202486,6.093269155922803e-05,0.0011130513389095516,0.0009502081989376008,0.00028744464747292844,6.593016046481566e-05,0.804040559413751,1.5458319722374085e-05,1.9020810234843862e-05,9.507027417927045e-07,0.003536924680733135,9.979287532060305e-05,0.004238929886115151,0.0031836103548542136,0.12724524960081446,5.1401491529811825e-05,0.000846601708923014,0.019149177694442163,0.02015673335171268,0.0017729457579291046,2.1112687390625283e-05,0.011327289802310653
33,3.0889026213473566e-05,0.0001387179217947087,9.027794539349955e-05,0.001566983481045688,5.952882287814745e-05,0.0010824950717939527,0.0009010944879213784,0.000281365238695113,5.806635633023018e-05,0.8031317975411341,1.5533827674247175e-05,1.7364110268515315e-05,8.935979541939669e-07,0.0037378708900841504,8.992613088844732e-05,0.004115517252307765,0.0033845504775574567,0.1286168521184231,4.520154982429836e-05,0.0008433625863690418,0.01882650413232525,0.020263052203764738,0.001830222275293917,1.9859744971845518e-05,0.010852073209092745
34,0.00025964960313219266,0.0005045853015437264,0.0004263559113268003,0.0015003528803388606,0.00012941872805797297,0.0028270576984535953,0.001757798327130136,0.00065256940254743,0.0003698483589685796,0.67350596136281,4.109941393077642e-05,5.028053372649317e-05,2.747998626888296e-06,0.0037452128333889025,0.000239445119630885,0.006854183637050936,0.0038372446785562716,0.23184572971306153,0.0004087397392420433,0.0007999983160507931,0.02512378526223545,0.029398262745878333,0.001388149153123478,7.875819886296741e-05,0.014252765082324878
35,2.149390851377205e-05,0.0001590471003916629,7.925192947887072e-05,0.0015188592320750703,7.685507288817225e-05,0.0011986905466183822,0.0009899865606080465,0.00024383650852120685,5.0785621334548464e-05,0.844037714051474,1.8215248054970215e-05,1.5895761610377774e-05,8.147408001093372e-07,0.0040557037894600025,0.00012109350440472135,0.004362070633653607,0.003458010999440864,0.08516686548890455,4.387803426599919e-05,0.0010113529672430368,0.019102545904957628,0.019536735598623636,0.002478658770926639,1.8595047350822852e-05,0.012233042978399122
36,4.406214991449027e-05,0.00015691354696753464,0.00012408212366995472,0.0017680094691696784,6.047506818329826e-05,0.0009219565824936541,0.001673850000393738,0.0007013573077823344,8.701081210238188e-05,0.7305482439948383,2.306941694801296e-05,5.300900748261609e-05,1.6470689233556728e-06,0.005116830814457059,0.00020547403464576548,0.007048832314360174,0.004144628789762606,0.158897162750234,8.59967705747192e-05,0.0007899332718389413,0.023924748642240663,0.04725786372553599,0.001405250739978705,1.8968831324317313e-05,0.014940622766177917
37,4.491537167224859e-05,0.00012589846461074917,0.00011380372727500883,0.0014881294362524397,4.401684044466481e-05,0.0007966575646738502,0.0008002471144407155,0.00019111086565763862,5.036132037499226e-05,0.8168604134200257,1.099862486805737e-05,1.6136081115681987e-05,8.525267600268928e-07,0.00239447017006816,4.418715271715028e-05,0.002738826266154998,0.0022722610655768775,0.13419939816287105,3.742981918147832e-05,0.0007509733170494396,0.014209413988528208,0.01211386532793992,0.0017440009733288313,2.697148272178058e-05,0.00892466091569031
38,5.668929687089387e-05,0.00016197870447575083,0.00016074489475068385,0.0010061441858103736,8.486966650913527e-05,0.0016803350952111064,0.0012069397189585275,0.00027156529157317764,9.134350588832037e-05,0.8362672897650903,1.4173716545008777e-05,1.534727619323592e-05,9.986842266878556e-07,0.002609561259374623,0.00014019966844474582,0.005740919291117221,0.0019245707941216252,0.10947741737593097,6.7516688725895e-05,0.0007148000767234296,0.013126707106770018,0.01162258963489325,0.0012498777898656724,2.3656026421574172e-05,0.01228376448550779
39,2.802628673683129e-05,6.619060987891996e-05,0.00014942332737193366,0.0014064939872961914,4.892412323462666e-05,0.001845874527344393,0.0007989509359674156,0.0004056041852708936,6.128380078257042e-05,0.7772868751001593,1.3899334281752895e-05,1.5155993129719035e-05,1.5327106540417664e-06,0.002196858113424218,0.00010730244249549308,0.006448458202475978,0.004676298648414517,0.14106180037385868,5.6132462963297273e-05,0.0008797851640163105,0.030219818846103693,0.021042642833668777,0.0014888457959323356,2.2921327999086258e-05,0.009670900866539147
40,4.983128930839289e-05,0.0002129533475376231,0.00018933486036262735,0.0015849231409179696,8.28255210318934e-05,0.0011514135069972558,0.0018417526690743236,0.0003416183587413124,9.860702869791057e-05,0.7989423125116034,1.8633217427827275e-05,3.469718236665079e-05,1.1723382448809933e-06,0.00425869814721444,0.00018608582662742727,0.004199917322135819,0.0026400148123335754,0.11785992288626798,5.7840511169801354e-05,0.0007544564375489759,0.021478232344645753,0.022301221356595513,0.0018763790622470973,1.928306531091989e-05,0.019817873255590594
41,7.251235935123876e-05,0.00022101511639310435,0.00019847039564502557,0.0015625170347398618,0.0001936782383480048,0.0016422689671674719,0.0019676525758510984,0.00040057852138666747,0.00016086037748883685,0.7612001640208655,2.2290915220611654e-05,2.2376745643172265e-05,1.4944518437547715e-06,0.0035222106917747464,0.0002656198960974209,0.008691774277920835,0.003315685616419883,0.15913961867536708,5.300172924858014e-05,0.001183738873971778,0.01769107149298546,0.016995693604449743,0.0015061352766767085,2.3359310126612505e-05,0.019946210835016583
42,1.9459559329717384e-05,9.292489534495277e-05,9.096837294307485e-05,0.0015564117439882505,3.0067594733280546e-05,0.0010765295755471704,0.0007553238291539624,0.00046927645412871957,5.6450442958831856e-05,0.8095683044679965,1.471868207147389e-05,2.156605405844128e-05,9.64777998082931e-07,0.0022907722706937855,0.00011895690474492216,0.006740951277909925,0.002940707114561353,0.10627948485973394,7.576551235125713e-05,0.0007461359218999891,0.02520495817467102,0.03395017123719795,0.001401865550910799,2.2547231658540115e-05,0.006474717493413753
43,0.006106441248318831,0.0030984125703993094,0.002052062140605213,0.004637025552378028,0.0035204389650727998,0.0008764048538731499,0.05661267239469098,0.0009916677368284408,0.00250895120082547,0.04394119184897578,0.0016021677960372277,0.0016373862517170918,5.5337106510729565e-06,0.018288417777301957,0.003502603061500889,0.0028397057496750283,0.0054069112054973695,0.46270108858328474,0.0002525459609599335,0.00029214676031703445,0.006280730767509425,0.043359823077362754,0.0025777507490828055,0.00010826058802848875,0.326799659449106
44,3.285941618334729e-05,0.00014407778731747366,9.937228261594055e-05,0.0015696840538209887,6.136347267992756e-05,0.0010733342823455929,0.00096624192094905,0.00027605148562880993,6.290703585489434e-05,0.8032349210490348,1.5020460923026965e-05,1.833964820000469e-05,8.930849814513737e-07,0.0036088111381399474,9.803548509839604e-05,0.004122255765991459,0.0031502710304398517,0.1284537977648502,4.4062060923104404e-05,0.0008392204653938499,0.019047600204146073,0.01945259950684448,0.001776314481169692,1.935473573582053e-05,0.011832611380731842
45,4.051510872999437e-05,0.00012164444431833212,0.00017527783606594577,0.001705744580994846,7.662395686591456e-05,0.0016290185878606056,0.0015033619035972109,0.0006898287434744119,9.915146431613087e-05,0.7660153664386624,2.8916872619956656e-05,2.303241806034737e-05,1.0897129272786977e-06,0.0028761680889741437,0.00027586158516179973,0.010092002611619466,0.0028867549275311388,0.15113055467619732,7.631817530970077e-05,0.0008536309862453691,0.017838579801050917,0.029314939060689847,0.0013801814236817605,2.6551949958570245e-05,0.011138884645086724
46,3.5962844142582785e-05,0.00017844765557413156,0.00010837782635737003,0.001304710576107234,6.569844299583493e-05,0.0008245271943778334,0.00129326898919229,0.00026040411306664355,7.19006888452309e-05,0.8446945593355868,1.2058633328457346e-05,1.8583132890364414e-05,6.01410295011901e-07,0.0031708290447981023,0.00010075328083116281,0.003936852752513314,0.0014688526119668807,0.10258363230659906,3.8193044751000504e-05,0.000676418115583659,0.014142998864445987,0.012427611445258798,0.0013397802486578045,1.5420583870745356e-05,0.011229556857963627
47,3.5239121081133725e-05,0.00014139436264270317,0.00010180097995844532,0.0015148778941075974,5.871080049268492e-05,0.0010265209941178598,0.0009585461915959518,0.00026399857694167975,6.69500384324352e-05,0.7981338220721821,1.3697276778315408e-05,2.0645964329886593e-05,1.0350099349788225e-06,0.003349917311863074,9.97899525428646e-05,0.0044162806915182375,0.003245177416503262,0.13076882550521085,4.654997627172857e-05,0.0008593509566957292,0.020154746980045282,0.020769181302952338,0.0016698417772572029,2.015737268126376e-05,0.012262941473862664
48,3.281342672797198e-05,0.00019760416718489593,7.262633159528605e-05,0.0011888334398805266,4.71063118079469e-05,0.0014187751863207806,0.0005942735584802566,0.00026102978783510734,5.1304983672403564e-05,0.860597742415232,1.6188859629293643e-05,1.2552162614573772e-05,8.410138975318275e-07,0.0030194600636890855,5.625576319260984e-05,0.0036590461647690985,0.003355559119676124,0.08407157011107977,0.00011718180195954314,0.0007356897241318017,0.014547908512555927,0.01827261820205817,0.0019468577427749244,3.227941388046228e-05,0.005693881735354058
49,2.7557174269959087e-05,0.00012461963523826864,0.00010370396814214999,0.001656331393809325,4.509253346049105e-05,0.0009550393741384585,0.000917383344921065,0.00024525338503896037,5.346758751409809e-05,0.8163623991324825,1.2844995262781514e-05,1.9792880379627722e-05,8.677864540611362e-07,0.0033165239848939577,8.389861671093054e-05,0.0034582732871773505,0.0027238065650009346,0.11708311841630184,3.7497117319835125e-05,0.0007566725710070402,0.019901215037361614,0.018874029947188422,0.0018096368637419995,1.8450157862986163e-05,0.011412524244321397
50,4.4252642235616884e-05,0.00018004104385856314,0.00011688205443949055,0.00225360470821626,7.591229829112291e-05,0.0018619454946172931,0.0007600994516576184,0.0002752863651646883,0.00012220028158284023,0.6969535478398231,2.3439633098904092e-05,1.922776825755459e-05,1.227085236959428e-06,0.0035691576878579367,0.00013890433505859176,0.006233466499294094,0.005367229006897593,0.2084785623468974,6.444563560449876e-05,0.0010868022780855019,0.02817984243007277,0.030151593272868628,0.0017981794686848518,3.556696529202025e-05,0.012208583406906252
51,3.4374738650463616e-05,0.00031699830596069697,8.024523662109438e-05,0.0023732526093775434,3.261799850583266e-05,0.0007596463897081169,0.0007953219380577497,0.00031409780862319374,7.193765087002033e-05,0.8032187561273677,1.3926437947358718e-05,2.4923948206666446e-05,4.56290178368392e-07,0.005403502506954352,9.249923088707351e-05,0.0027447374318199927,0.002141813416220856,0.12596790738522107,5.720785340799921e-05,0.0005871605338528841,0.016414826738087078,0.02757210363611345,0.0014182820151571738,1.5537394690051062e-05,0.009547866377513127
52,2.1814829954183722e-05,0.0003787571766090502,0.00012897609569328565,0.002769553513911536,6.608570627082142e-05,0.0004556327073989775,0.0024849555679858823,0.0002324335923107814,6.452700152524728e-05,0.8646052391115534,1.3100663604070042e-05,7.717179705196871e-05,1.4538628252481393e-06,0.002818124829081773,6.158929347362132e-05,0.0025719087384589705,0.0026188090316455644,0.02958325518277997,6.645796945960735e-05,0.0009849601536558587,0.05182728289590695,0.02130777787666363,0.005307698518243983,2.9938478908443373e-05,0.011522495405027164
53,2.4248678890528188e-05,0.0001319479442733434,0.0001208026274552002,0.0016781103408427627,8.863807369339202e-05,0.0007199492001684081,0.002363576028724191,0.0003702149176983483,6.338950140350987e-05,0.8371704443661873,1.8763478336443856e-05,3.117064397365425e-05,8.831203387159524e-07,0.003563410225596063,0.00015332960493762604,0.004785445138718161,0.0020105217203293716,0.08896463289360024,3.1875157514743364e-05,0.0008296366400891076,0.01994468482080272,0.019378738820468047,0.0023160955307152896,1.6118738025159243e-05,0.015223371787217863
54,3.852474702906078e-05,0.0002170337430238738,8.312007619080362e-05,0.0011550916739688413,6.20653079796448e-05,0.0008263511455612836,0.0010131825637032408,0.0001722752109008317,6.066332559009442e-05,0.8457490950276433,8.40873554192442e-06,1.8666820422629607e-05,6.544874525908869e-07,0.004399739338013371,0.00011698485702490204,0.0031178595734959896,0.001897807126508276,0.09509887040534458,3.379593415773303e-05,0.0006664052722901185,0.012218389767595388,0.013630195845535995,0.0013369047553990544,1.0314472507330315e-05,0.018067599787119314
55,6.0628048691818274e-05,0.00017500604379450354,0.00016394593963490195,0.002153738073950613,5.992995780934555e-05,0.001069293530517106,0.001455702919808632,0.0002808777888440368,0.00015634043136124922,0.7189428255097033,1.4215387955616758e-05,4.625408347438902e-05,1.7926986142429477e-06,0.0030260038023428703,0.00012132168392087126,0.005641071355782234,0.002610332189783659,0.1958783100612752,5.766814220218345e-05,0.0007714514052086445,0.027196571148627103,0.023764180026583606,0.0012505948018720406,3.096088228515766e-05,0.015070984085956545
56,3.513936760658983e-05,0.00014726479195241018,0.00010554604466281659,0.001608996167927452,6.240555755983769e-05,0.0010947376177364147,0.0010062638615223965,0.00027926356528751035,6.581594506395702e-05,0.7986129915277719,1.5599071510813273e-05,2.059585052713866e-05,1.0346619410164038e-06,0.0036940226582282674,9.9250682120437e-05,0.0040976491356782075,0.0032820804889498977,0.1307098854471252,4.720606804899647e-05,0.0008627003473871817,0.01992969100230631,0.02001366199904239,0.0018422441032593757,2.097586335483224e-05,0.012344978173428547
57,3.0891080282451124e-05,0.0001410609717574733,9.542291434028423e-05,0.001471102552346456,5.3081376394417826e-05,0.0008700364467719452,0.0010285580143845107,0.000282750553273952,6.618665178703226e-05,0.8099310110319617,1.2596048807236333e-05,2.8478220949576815e-05,1.4159696781185666e-06,0.0031677477673925088,9.874762954156963e-05,0.004516552898362593,0.003497541018451909,0.11178192258776802,5.615258248371906e-05,0.000946589243320723,0.023552932310226187,0.024766959583060626,0.001742594640226482,2.1015738288323212e-05,0.011838652168142078
58,3.955619173662466e-05,0.00015321814077484905,0.00011416090718522114,0.0016640899948953973,6.318286950558664e-05,0.0011593625349147606,0.0010433751511288228,0.0002829516474163928,7.064778775367015e-05,0.7967221940815876,1.741937968512513e-05,2.1608794660218437e-05,1.06760387699505e-06,0.003456281089964694,9.30349243649839e-05,0.004184475961172534,0.003108109568912257,0.13401479053454768,5.460456845973496e-05,0.0008336189244601106,0.019864647848551912,0.019701020344659814,0.0019426158099910744,2.6606335046860606e-05,0.01136735900474684
59,3.58339856722722e-05,0.0001443517312170011,0.00011813362946900791,0.0016265136313953204,6.071920164196274e-05,0.0011270692848513377,0.0010158869811307209,0.00027608071296830814,6.752320486491286e-05,0.8098821076043125,1.6185573278638985e-05,1.940022826279003e-05,9.614486589657793e-07,0.0030556138352597234,9.299867004403781e-05,0.00421028568291183,0.0028712865104651673,0.12346489425371394,4.965469674868905e-05,0.0008481140145069699,0.019857135843610776,0.018487641053568586,0.001911550592348848,2.537441951982338e-05,0.010734683209577732
60,3.285941618334729e-05,0.00014407778731747366,9.937228261594055e-05,0.0015696840538209887,6.136347267992756e-05,0.0010733342823455929,0.00096624192094905,0.00027605148562880993,6.290703585489434e-05,0.8032349210490348,1.5020460923026965e-05,1.833964820000469e-05,8.930849814513737e-07,0.0036088111381399474,9.803548509839604e-05,0.004122255765991459,0.0031502710304398517,0.1284537977648502,4.4062060923104404e-05,0.0008392204653938499,0.019047600204146073,0.01945259950684448,0.001776314481169692,1.935473573582053e-05,0.011832611380731842
61,3.63801989162586e-05,0.0001442278688494591,0.00011829636602817692,0.0016172993488879404,6.112061340969578e-05,0.0011010816676563135,0.0010328048318811517,0.00028012834825656864,6.700146349340563e-05,0.8083235710334895,1.6026641054734482e-05,1.9957126083675403e-05,1.0007810437691033e-06,0.0031458197076314975,9.336990330693462e-05,0.00414920671121863,0.0028970916729794474,0.12498696492872977,4.8891627980909674e-05,0.0008511668569519908,0.019543122741080814,0.0185281498488108,0.0018991349938050229,2.4651922301243423e-05,0.011013532796152319
62,3.285941618334729e-05,0.00014407778731747366,9.937228261594055e-05,0.0015696840538209887,6.136347267992756e-05,0.0010733342823455929,0.00096624192094905,0.00027605148562880993,6.290703585489434e-05,0.8032349210490348,1.5020460923026965e-05,1.833964820000469e-05,8.930849814513737e-07,0.0036088111381399474,9.803548509839604e-05,0.004122255765991459,0.0031502710304398517,0.1284537977648502,4.4062060923104404e-05,0.0008392204653938499,0.019047600204146073,0.01945259950684448,0.001776314481169692,1.935473573582053e-05,0.011832611380731842
63,3.4100001649032983e-05,0.00016621470673084556,9.846130668863782e-05,0.0015494940095814713,6.214183976472548e-05,0.001040655406685729,0.0009467306125034433,0.0002610693161615448,6.386837910922693e-05,0.8158347860913993,1.4337091270544198e-05,1.838154203948248e-05,8.695844623294694e-07,0.0036502565476209006,9.574513827732774e-05,0.0038904264584005105,0.0029954566758936545,0.11774895163950727,4.6135299380143104e-05,0.0008464755639229689,0.018459428420815004,0.01866312771796889,0.0018231309217036761,1.9353132344845934e-05,0.011670402596118581
64,2.7719562545133418e-05,0.00013398911945286765,9.268557251909673e-05,0.0015972618604883357,5.341027089624791e-05,0.0009787662889336388,0.0009080220372074897,0.0002473887399555994,5.808005588543773e-05,0.8107190144301835,1.2779435457257556e-05,1.9381642758351226e-05,9.2649847625491e-07,0.0035487374023755176,8.606546080815011e-05,0.0037589556286932585,0.003075697773803104,0.11850493301967242,3.9126486019600844e-05,0.0008415325200993913,0.02244622807805564,0.01948715090092547,0.0018381753837831579,1.8277892397440515e-05,0.01150569393860757
65,2.848164722274954e-05,0.0001327567097024141,9.360123046573347e-05,0.0014947102569960087,5.508073016319532e-05,0.0009784596706286393,0.0009229680862770825,0.0002629753859075635,5.304282690203664e-05,0.8217492543490106,1.3017919200565606e-05,1.6589409731819094e-05,7.844017651391967e-07,0.003489445122458024,8.839488993861264e-05,0.003720998664522344,0.0028236881555428676,0.11478809202082316,3.8033774956627705e-05,0.0008059905134440196,0.01812668356268719,0.01728343481694602,0.0017447711560144453,1.6605896900638602e-05,0.011272138801792456
66,3.5012599697235924e-05,0.00012428674778863072,0.0001105462111133379,0.0013106032448738615,7.155173752918979e-05,0.0012063900619950464,0.0008499834112806587,0.00022275294243840387,6.0765378106865504e-05,0.8171500395745026,1.3572421860534618e-05,1.4015301236909456e-05,1.0524273204305556e-06,0.0027184682809234355,8.294253668614447e-05,0.0040766121384765595,0.003336225493794202,0.12075917065945717,4.176103402143964e-05,0.0010187124165543806,0.019132269780629742,0.014552133727873102,0.0019211880027547638,2.3397661975483272e-05,0.011166546207109806
67,8.42438202881878e-06,3.641150980163798e-05,4.0655110075296564e-05,0.0016591291350538692,2.4849358601916366e-05,0.0014901670967006246,0.00025754935136804505,9.742843915391856e-05,1.4706422704596042e-05,0.8269262493681389,8.098448191825637e-06,5.251758899944383e-06,8.350912842245751e-07,0.003037759762671104,2.546397805703938e-05,0.0023180063191247362,0.005149468595231742,0.11630099894652841,1.4130615946785237e-05,0.0009809407341912564,0.02166022584727124,0.009983599782793196,0.002450963952550262,1.653935538506728e-05,0.007492146638245416
68,3.21195027559036e-05,0.0001351731851817795,0.00010352446138683722,0.0016202919261476246,5.137633267118631e-05,0.000974796405034519,0.000919141280072612,0.0002578420637870223,5.909114199950841e-05,0.8073945535277313,1.2986787393015038e-05,1.817116038528861e-05,8.306445851006219e-07,0.0032849291290537115,7.870394259186456e-05,0.003654365697083446,0.002835611897054399,0.12748039563193714,3.971396481249083e-05,0.000768802408569892,0.01987726077906244,0.017785389502308395,0.0017090371203445631,1.902129432672583e-05,0.010886870213723159
69,2.2920808577164484e-05,0.00013852672679399514,0.00010611140833328955,0.00178342515324364,6.14670500017046e-05,0.0011084168123278006,0.0010906871832487245,0.0003268252283237709,4.982464859829838e-05,0.8504839317085464,2.190103825798305e-05,1.7692729913500727e-05,7.23186418294877e-07,0.0030503641014234762,9.137447491481564e-05,0.004152867209265844,0.0023988139036671837,0.08414329279699609,5.020780848936741e-05,0.0008812044745431726,0.02156481798285063,0.017559246673997,0.0027916999980667845,2.838715595589352e-05,0.008075269737245462
70,4.409883075650345e-05,8.459462449969556e-05,0.00013066949045296584,0.0013513791009802415,5.9860763836769246e-05,0.0006974708784267699,0.0010819747831062661,0.00036710557488264903,5.16455259023055e-05,0.7403637589067474,7.757908163678256e-06,1.4126308023341244e-05,8.243817015969355e-07,0.0035872700682418974,0.00012481262100509083,0.004785682072126027,0.002796955623439598,0.20182070405374133,1.457319320296528e-05,0.0008600619814626263,0.00980348052615505,0.012697987067312781,0.0006700246474071781,6.125203880141615e-06,0.018577055864545017
71,1.6434917071401642e-05,0.00016814465438024648,3.6467082981862025e-05,0.0009169177542272221,7.988008241160251e-05,0.00039093445043392395,0.0007622723995714869,0.00010733646897258249,3.220261535988596e-05,0.9163924689195022,5.009878674973999e-06,9.560734950176604e-06,5.423235054116302e-07,0.0023774231715210127,4.739620522977048e-05,0.002824004181502584,0.0014470895387601974,0.045878621072847334,1.6298133865767218e-05,0.0013859987778493408,0.01075533910763418,0.006010724429978189,0.001746681592152934,1.0194111362860429e-05,0.008582057395252864
72,3.6893780192983116e-05,0.0001223569438587658,0.0001329862612416836,0.00171192837840632,5.924917409938544e-05,0.0013221732872250678,0.0010998844668668151,0.0003657900010659829,8.362435680011281e-05,0.7651216487972915,1.6982507943711355e-05,2.19496124883002e-05,1.1456351482420798e-06,0.003372392071079962,0.00011240979723328252,0.005556515650738843,0.0030751010122766426,0.1600398100537992,5.107165112096207e-05,0.0007909882810703444,0.023367606598945885,0.021192683803900127,0.0013990803453351778,2.2889119632725452e-05,0.010922838412237998
