,0,1,2,3,4,5,6,7,8,9,10,11,12,13,14,15,16,17,18,19,20,21,22,23,24
0,0.0003549798037566263,0.037261130344958905,4.3204708338423346e-05,0.19566531728098804,0.0324761353334382,0.028235399778335647,0.011810447715043552,8.178323775478153e-05,3.7380663164054184e-06,0.2246094562120869,0.0006204259190385725,0.00010315004356877597,8.80895872062255e-05,0.07081518352237762,0.000143876876532874,0.014238364950835691,2.5312343447870394e-06,0.006210233790964985,0.0004858127454957482,1.34198024491916e-05,0.006903569801376669,9.2624945805417e-05,0.3633625218481531,0.0005422026561363028,0.005836399794696599
1,0.00043401409930271057,0.036016091542368206,4.7631237656589936e-05,0.18877688669362008,0.0363718112003694,0.02964292878341473,0.011829757149867153,7.351287186420638e-05,2.948186969315443e-06,0.1709480476492725,0.0007916839706023559,0.00013263594483340474,0.00010277698912766623,0.07399031981201142,0.00013634586234754898,0.012199191885631677,3.009059422609068e-06,0.007784369480450486,0.0003788087598486791,1.2959530845984089e-05,0.006158920165990638,9.256398878186682e-05,0.418383165645105,0.0006490539999614692,0.00504056549033433
2,0.00041001192065498335,0.03322992581169328,4.994439363464624e-05,0.16934770140902117,0.0353342085481822,0.0360586197780617,0.013253823353194694,8.461008574137218e-05,4.609181192729856e-06,0.21090499378688787,0.0007226549507017792,0.0001196464752934314,9.329827754144873e-05,0.07328156436987264,0.00018969778587669698,0.018488215250539147,2.647957921256353e-06,0.005686524816443365,0.0005543052283039429,1.5003863075491113e-05,0.006626092616364914,0.00010202369796021109,0.3894459617167797,0.0005420965906455601,0.0054518181344157205
3,0.0004069820313491043,0.03494677739175587,5.593715928826733e-05,0.18885543873624466,0.03856480276015227,0.03606291666415961,0.013589048492883827,8.823923837964229e-05,4.863975213922734e-06,0.22342553357309636,0.0007724714723278494,0.00012423324186711717,0.0001047862782243744,0.0763490319763105,0.0001624642009470769,0.016923164828497303,2.5294282288949087e-06,0.006248078200693478,0.0005497756099847756,1.5735428034310887e-05,0.006599643100698903,9.463538847658993e-05,0.3501633993333241,0.0005705278947010252,0.0053189835951601575
4,0.00039202011884865106,0.03657091357140671,6.413392380797366e-05,0.1922212640704626,0.04411285166923437,0.036837103652541114,0.01359318088104889,8.095791821274688e-05,5.014786168336685e-06,0.21928963097764997,0.0007669498163899125,0.00012903680895924005,0.00013198247721295928,0.08893258782730205,0.00015393354044183734,0.015727281560453974,2.452405407337025e-06,0.006114076262271869,0.0005148842004378145,1.5723796907024238e-05,0.005961084761202133,9.042477856865932e-05,0.3328499342859348,0.0005889630318549856,0.004853612877274076
5,0.00031227783065436974,0.032794444250769515,4.3841602531103505e-05,0.2150249693659187,0.03609574564219408,0.030319304059316578,0.01096886201600271,7.894128806797077e-05,3.2752724026579784e-06,0.22007011609854057,0.0006648758119318437,0.00010206007021524103,9.881496797519747e-05,0.06782994254847105,0.00010859616197098716,0.01279294792512742,2.300219890372959e-06,0.007384577207662938,0.00039116339259579,1.4194857759948334e-05,0.006401296447773997,7.629301443590944e-05,0.3532505049876799,0.0005669242433995037,0.004603730716711737
6,0.0004069820313491043,0.03494677739175587,5.593715928826733e-05,0.18885543873624466,0.03856480276015227,0.03606291666415961,0.013589048492883827,8.823923837964229e-05,4.863975213922734e-06,0.22342553357309636,0.0007724714723278494,0.00012423324186711717,0.0001047862782243744,0.0763490319763105,0.0001624642009470769,0.016923164828497303,2.5294282288949087e-06,0.006248078200693478,0.0005497756099847756,1.5735428034310887e-05,0.006599643100698903,9.463538847658993e-05,0.3501633993333241,0.0005705278947010252,0.0053189835951601575
7,0.0004341432454533662,0.03865548514770909,6.158464296327126e-05,0.1943865793127274,0.0386589009056779,0.036008299647130475,0.01490626143876077,9.022624707803014e-05,5.294248507404716e-06,0.22394363064834064,0.0008500742962025112,0.00012804434940658514,0.00012167999675874607,0.07797493915379876,0.00016417412351205722,0.015965989161619926,2.614041180571758e-06,0.006652720566186851,0.0005455784597265871,1.6991110206971587e-05,0.00630821300042218,9.535553889129224e-05,0.33804552753700057,0.0006301447826266352,0.005347548398111453
8,0.0003353085401168967,0.03274647066298204,4.525995129341143e-05,0.1993788405723544,0.03173422051366815,0.017810665014984958,0.010551865253576608,8.4131245396523e-05,2.9657972281381877e-06,0.24867449018998053,0.00031037484793746165,7.714801189266293e-05,8.986638394158157e-05,0.06243899450284185,0.00012401357262549733,0.015220242840144104,2.648097113638657e-06,0.004206696660249629,0.00036807484374251284,1.0838076228903129e-05,0.0053627633815485475,6.798055284790219e-05,0.3629599681252344,0.000734186435725589,0.006661985926344157
9,0.00040426774480956763,0.026585752120791506,3.865378543539867e-05,0.150860547925925,0.034905544438541596,0.0545923881154801,0.012901775383480765,7.512146364530526e-05,4.251411483174033e-06,0.18315027878057294,0.001045592973989798,0.0001478940067361126,7.188884599230803e-05,0.07983838103408777,0.0001834820262104619,0.020585065311953546,2.171954176307465e-06,0.006737582505993937,0.0006783426549405103,1.5214363828032292e-05,0.0077382443962764145,0.00012080504631514758,0.4149320261866038,0.00032335158709737515,0.004061375935633213
10,0.0004069820313491043,0.03494677739175587,5.593715928826733e-05,0.18885543873624466,0.03856480276015227,0.03606291666415961,0.013589048492883827,8.823923837964229e-05,4.863975213922734e-06,0.22342553357309636,0.0007724714723278494,0.00012423324186711717,0.0001047862782243744,0.0763490319763105,0.0001624642009470769,0.016923164828497303,2.5294282288949087e-06,0.006248078200693478,0.0005497756099847756,1.5735428034310887e-05,0.006599643100698903,9.463538847658993e-05,0.3501633993333241,0.0005705278947010252,0.0053189835951601575
11,0.00041137833690012965,0.03641639390672171,5.7940993431173605e-05,0.1916193098841834,0.0385186619786744,0.03550500967079954,0.013764236964184651,8.643458336354632e-05,4.839757492856681e-06,0.22076080138995072,0.0007758469959204913,0.00012744515200250597,0.00011852016658784719,0.07925045331232321,0.00015580826923640374,0.016109600047014307,2.5830935372388265e-06,0.00650259433281176,0.0005232213295628774,1.6487912996410973e-05,0.006236174239619516,9.482641301888292e-05,0.3471420982610708,0.0005913403442890094,0.00520799266430665
12,0.0003940007240398738,0.033816099585324506,5.2676253115642624e-05,0.185098917903238,0.03868531854162541,0.03529597398191633,0.012682384505546866,8.252050469071946e-05,4.198172675774559e-06,0.21443123948147647,0.0007359277950080843,0.00012547783321709038,0.00010209613290260206,0.07760991141961592,0.000151314433386623,0.01647952045278888,2.5335090812511874e-06,0.006368299340428393,0.0005070679547402409,1.4931866496587735e-05,0.006489673541009727,9.454873540172002e-05,0.365176793263723,0.0005523003943410403,0.005046273674209237
13,0.0006446179718615945,0.035127760795947226,0.0001010529739152483,0.1988274368329255,0.050410619848781986,0.039173969842357784,0.016314982472242185,0.00011740337611953699,7.2077276151353605e-06,0.1411039997732399,0.001759882946413613,0.0003403739623904456,0.00013320360166027052,0.11615964964408466,0.0002536498475673708,0.015415386626584189,4.295552481129621e-06,0.007241848887084789,0.0008027284342859197,2.0104404630290736e-05,0.009145877710705878,0.00014794244802180162,0.3601316931911386,0.0005559650269843768,0.00605834610096051
14,0.0005553846093291653,0.02550174095897521,5.855894393581785e-05,0.1773623986944954,0.033643404179127236,0.035043211227527904,0.014649434831461177,8.808489429831557e-05,4.410874903178605e-06,0.16113712331077876,0.0008040014284251774,0.0001718511547917354,8.774826668593237e-05,0.08333222259590732,0.0001861041505192081,0.02024978116153171,2.894881195036445e-06,0.005947039289177484,0.0005826430895941849,1.583561728580403e-05,0.006862981371747418,9.994807536702993e-05,0.42690296731217364,0.0005060300263988262,0.006204199054367218
15,0.0004069820313491043,0.03494677739175587,5.593715928826733e-05,0.18885543873624466,0.03856480276015227,0.03606291666415961,0.013589048492883827,8.823923837964229e-05,4.863975213922734e-06,0.22342553357309636,0.0007724714723278494,0.00012423324186711717,0.0001047862782243744,0.0763490319763105,0.0001624642009470769,0.016923164828497303,2.5294282288949087e-06,0.006248078200693478,0.0005497756099847756,1.5735428034310887e-05,0.006599643100698903,9.463538847658993e-05,0.3501633993333241,0.0005705278947010252,0.0053189835951601575
16,0.00031039156784452637,0.0300357712617018,3.165823449146298e-05,0.18834330676308939,0.02520926979031252,0.03105361921566692,0.011115417617293065,8.643534567633277e-05,2.9857271871435104e-06,0.30693310582456196,0.0005499468996681169,9.830970510287546e-05,6.457179079169553e-05,0.05843093775608759,9.86349865031169e-05,0.01753788887063854,2.1575698897691015e-06,0.007805180843282034,0.00047464358540113107,1.458574073498967e-05,0.009551739938694443,9.592171982524641e-05,0.3071628322056212,0.0004213852483100105,0.004569301791624206
17,0.00032506330229050383,0.023765462161355895,4.292638828354403e-05,0.2330497935648297,0.03179744356814485,0.023875697434446466,0.009786386770147926,6.186459142191806e-05,2.073812654419101e-06,0.1527548186338231,0.0005183422590746492,0.00013228009053067055,9.502451739446103e-05,0.09749882009299322,7.132582790186727e-05,0.011487359787862026,2.0065482360669205e-06,0.006911321999711452,0.00030238801073892955,1.290548159943406e-05,0.005622244865053075,6.64678546831609e-05,0.39681443229925145,0.00040260534980542735,0.0046009447877657025
18,0.0007359544554898681,0.041433636470989875,5.385465179122675e-05,0.19631883539357567,0.024667225471289984,0.016028321675307326,0.014067381655292456,9.015908469337657e-05,2.306049297874929e-06,0.1896469092194705,0.0005239984462678584,0.00019355393973218693,0.00011615628390610754,0.07499357662255374,0.00010866259546965983,0.012184343025486929,5.274412944558208e-06,0.010695112900652216,0.00037245362644443806,1.3522120240913621e-05,0.006908112460042387,0.00012812677874047472,0.4016191726172307,0.0009555269583172852,0.00813782308477249
19,0.00042650900097031605,0.0335709386533564,4.6781724422031454e-05,0.17751961592235557,0.03288281805244247,0.035218829718144634,0.01390990356260054,8.368373183987497e-05,4.252717576532777e-06,0.20909509454899694,0.000762348183842563,0.00011297975037711082,9.043697098757477e-05,0.06894481664441521,0.00016768856719665055,0.017549415663998813,2.5215660210551304e-06,0.006413914105588354,0.0005347325855468003,1.4886730781353458e-05,0.006730757122471168,9.302355292453261e-05,0.38991774454391764,0.0005606917312526692,0.005345614647973198
20,0.0003870817694401883,0.03583464697562077,5.45079218123304e-05,0.1862905717147919,0.03949247600383059,0.0341111489320475,0.01291101624051612,9.513883882316686e-05,4.9383390297593e-06,0.2317069796019805,0.000733739865880517,0.00012281245051326062,0.00010120580002348262,0.07488895239456488,0.0001716217337802253,0.016592184891763995,2.7165393210765717e-06,0.00597090934037762,0.0005750487810538274,1.539729154109495e-05,0.0068831466873530076,0.00010462679436870678,0.34703962773931796,0.0005733916112255422,0.005336111741021957
21,4.988155590625594e-05,0.4345803511320111,2.0843681465572096e-05,0.09354475918948991,0.0978591395442534,0.007479031018510439,0.001947244923353693,0.0005880679736585243,7.570012444772826e-05,0.26642020238251557,0.0009109840093517273,4.127441105047887e-06,1.7351489429771468e-05,0.009076186810278908,0.0023995311219198495,0.0005492748993437772,1.0418853366752123e-05,0.0013692316501579783,0.003840691047158779,2.4095997623157446e-06,0.006491529064100021,0.0007417551864934809,0.060722964854840654,0.0011534579693998563,0.010144864477678935
22,0.0004474551238381849,0.02848073270513909,5.553751924163223e-05,0.18191416072486263,0.03557214622453842,0.04052074799016602,0.01351371236003509,9.069747290966888e-05,3.9893450081349585e-06,0.2004249170061049,0.000965197381628049,0.00015375346688138662,8.96780568891482e-05,0.07377673540024333,0.00014591507860582193,0.01861309877938375,2.9109059368024725e-06,0.008410232213644123,0.0004950572669802633,1.7873196420808465e-05,0.008202138334191514,0.00010625612162860925,0.38295662715101564,0.0005466017029678181,0.004493828471739172
23,0.0004069820313491043,0.03494677739175587,5.593715928826733e-05,0.18885543873624466,0.03856480276015227,0.03606291666415961,0.013589048492883827,8.823923837964229e-05,4.863975213922734e-06,0.22342553357309636,0.0007724714723278494,0.00012423324186711717,0.0001047862782243744,0.0763490319763105,0.0001624642009470769,0.016923164828497303,2.5294282288949087e-06,0.006248078200693478,0.0005497756099847756,1.5735428034310887e-05,0.006599643100698903,9.463538847658993e-05,0.3501633993333241,0.0005705278947010252,0.0053189835951601575
24,0.0002352851109360074,0.03697480759496825,4.5364416073371904e-05,0.23555700695914025,0.041719221401299134,0.030307660978928085,0.00947968968036152,6.815144749300976e-05,3.3644950011210475e-06,0.25163646492936687,0.0005348812534946616,9.42591575864248e-05,0.00011742370938238233,0.0896012799557368,8.27824403908782e-05,0.011397165433969481,1.635380579853923e-06,0.006157273433634212,0.00040625193002080575,1.4233951745395852e-05,0.005476967615376843,7.035962290394236e-05,0.27535517999935366,0.00041375356820419257,0.004249535534052932
25,0.0005309983612740466,0.025779613248510996,7.496926822194758e-05,0.2870503962498933,0.030587222990562206,0.023298731198322733,0.019598641472653267,0.00015316374652648638,3.866611752392596e-06,0.1456140652095135,0.0013744661972788568,0.00022768281243394295,0.00013629896731561525,0.07741722920386865,9.807575545317692e-05,0.012989087996394401,3.51946969038065e-06,0.009561169568146965,0.0005425181132747068,2.95684825684917e-05,0.007397876383114388,8.910305516088242e-05,0.35256081718124027,0.0006451642710856407,0.0042357541857426795
26,0.0008359816038633965,0.046349561815350236,9.018688123085414e-05,0.21719594863490344,0.0363671425593046,0.02266021567819201,0.01800790088169758,0.00012365745990978793,4.7144162474238336e-06,0.1996578886480914,0.0009166052636026125,0.00015527796516980603,0.00020619539927642808,0.053353910790082115,0.00013606001392916817,0.011307940765413124,5.955050343128405e-06,0.012049318065625736,0.0003524295240583566,1.8556634435934733e-05,0.005294635238581427,9.438382678455551e-05,0.3670142727780673,0.0019119666216529392,0.005889293484186755
27,0.0004418458967807839,0.03533216565709283,5.6247361905981886e-05,0.15618419303702696,0.031111803973197183,0.04682152070406972,0.014803281774160924,0.00011554943574891701,8.983732902884002e-06,0.28252331256194096,0.0007114004254206819,0.00010052179511768711,7.445956108201077e-05,0.059549022158788684,0.0002760861141664772,0.023931778362268997,2.5171890820986935e-06,0.005248011886685803,0.0007300336494087576,2.011374329685496e-05,0.0071977518630542345,0.0001393996217173811,0.3266204558832397,0.0005400245253975101,0.007459519086446007
28,0.0004069820313491043,0.03494677739175587,5.593715928826733e-05,0.18885543873624466,0.03856480276015227,0.03606291666415961,0.013589048492883827,8.823923837964229e-05,4.863975213922734e-06,0.22342553357309636,0.0007724714723278494,0.00012423324186711717,0.0001047862782243744,0.0763490319763105,0.0001624642009470769,0.016923164828497303,2.5294282288949087e-06,0.006248078200693478,0.0005497756099847756,1.5735428034310887e-05,0.006599643100698903,9.463538847658993e-05,0.3501633993333241,0.0005705278947010252,0.0053189835951601575
29,0.0004069820313491043,0.03494677739175587,5.593715928826733e-05,0.18885543873624466,0.03856480276015227,0.03606291666415961,0.013589048492883827,8.823923837964229e-05,4.863975213922734e-06,0.22342553357309636,0.0007724714723278494,0.00012423324186711717,0.0001047862782243744,0.0763490319763105,0.0001624642009470769,0.016923164828497303,2.5294282288949087e-06,0.006248078200693478,0.0005497756099847756,1.5735428034310887e-05,0.006599643100698903,9.463538847658993e-05,0.3501633993333241,0.0005705278947010252,0.0053189835951601575
30,0.0004069820313491043,0.03494677739175587,5.593715928826733e-05,0.18885543873624466,0.03856480276015227,0.03606291666415961,0.013589048492883827,8.823923837964229e-05,4.863975213922734e-06,0.22342553357309636,0.0007724714723278494,0.00012423324186711717,0.0001047862782243744,0.0763490319763105,0.0001624642009470769,0.016923164828497303,2.5294282288949087e-06,0.006248078200693478,0.0005497756099847756,1.5735428034310887e-05,0.006599643100698903,9.463538847658993e-05,0.3501633993333241,0.0005705278947010252,0.0053189835951601575
31,0.0003568031649779402,0.043489395944390115,7.360751600036855e-05,0.26506332390941695,0.050808428513501126,0.01657976095084392,0.009980968103459607,0.00013134110431908206,3.910752816136793e-06,0.2714692293322451,0.0004427855664525892,0.00012073954371867396,0.0001627627031884276,0.07473408374739283,7.957936375024065e-05,0.010070832740999229,3.2383265823107866e-06,0.006730066542417699,0.0004610652929158639,1.520044485181931e-05,0.005476106707216532,7.792669497505839e-05,0.2373372941322392,0.0009350057599196741,0.005396543141409591
32,0.0004169963775823333,0.035398370928522,5.773954018470531e-05,0.1851059833835513,0.03974960930870384,0.037290378008086766,0.013794812688690556,9.77018817940284e-05,5.761731854596897e-06,0.23743814227485022,0.0007731367793361306,0.00012662658480011612,0.00010237787739976047,0.07741861487338134,0.00018290425597919008,0.01826966417473437,2.626882392141959e-06,0.005897004682889146,0.0006652894355692983,1.613224698906647e-05,0.007081972677004012,0.00010466828567236084,0.3338656519865668,0.0005483462046231306,0.005589486928842687
33,0.00036190456731029604,0.05310934139161668,3.165213180626495e-05,0.1416601558889876,0.049578672281852504,0.020907629163492446,0.007614908661827669,7.452172426490087e-05,1.409467296259782e-06,0.18805924821837963,0.0004565528895974016,0.00013857876292096323,0.00015698007256419392,0.09978364954919376,9.371396430718222e-05,0.010217527350907498,4.452195341839195e-06,0.007902249090847292,0.00043012974312676516,1.1301455265887842e-05,0.004421785914087013,0.00021386275530605643,0.4117965275499152,0.0005748268692170816,0.002398418340567583
34,0.0011444373305708076,0.0540952774549902,0.00020774083021399853,0.1642804201842918,0.043348135065162226,0.06747684553670065,0.038823389265422205,0.00021492479846429028,8.889376347806212e-05,0.347503300784688,0.0013650115709787154,0.00013704859089900913,0.0001564037435823853,0.08552537405003781,0.0007127546911473374,0.031192444392916886,2.336416601332628e-06,0.00373880729909983,0.0029708608232461436,2.7554404950862608e-05,0.007672861726772847,0.00013212481536840486,0.1338475970877051,0.0007587375140783259,0.014576717858632597
35,0.0007062211537443853,0.041521781841897365,5.778040117737643e-05,0.27561370955538816,0.018828214718836844,0.019700745972585886,0.015126545204209191,0.00024605463695999267,1.0579479705210794e-05,0.4109095697136778,0.0005664072662953711,0.00013200387156976878,0.00010862371982600399,0.03636587970663904,8.003678315315646e-05,0.009819910053220693,3.751295327035877e-06,0.013866029707905323,0.0008012670186576773,2.5865899677056684e-05,0.00780957842532268,0.0001275781843377888,0.1355490258832782,0.0008317786752645137,0.011191060831343488
36,0.0006250650457361725,0.03905691853123482,0.0001219696349335937,0.20475408274160606,0.08388996059639861,0.014893479124692228,0.00948314427039615,0.0002001416467852199,8.165777160830885e-06,0.2567438159816873,0.0003915548408879952,0.00036813099601608324,0.00020570565933804568,0.11630053575403827,0.00023831415190375712,0.019176532361132204,8.548124406887454e-06,0.002954134020292392,0.0014986346690725413,1.3255709602513945e-05,0.006961772812995238,0.00016554521515000896,0.231419105953173,0.0007823341456652309,0.009739152235694815
37,0.0013915950562991702,0.04063086181675594,8.615501280563144e-05,0.18246108889018384,0.03315152849739631,0.025577712142196327,0.02264303908075457,7.558736372770599e-05,2.67165739427059e-06,0.12026322394296292,0.0010337417369842964,0.00028159864737070124,0.00017526643063897978,0.12014052880635409,0.00011646418977242709,0.01515320333765179,4.142170423063196e-06,0.012466863052508848,0.0004592508483662014,1.6051350017567487e-05,0.005512636240132917,0.00010794341091475354,0.41165293540568737,0.0009680346554218842,0.0056278762572785695
38,0.0006695469793186302,0.01820213824748401,3.608428693054628e-05,0.08498670065788622,0.017368886321934795,0.07377669028070971,0.024504639127875556,4.60138741469344e-05,3.754402398356719e-06,0.12995929262719233,0.00116384972366092,0.00011540784515145905,5.2223956094456364e-05,0.06062165168035005,0.0002519168499349824,0.03712813349369006,1.4947307169112498e-06,0.0061479893636343305,0.0004891322031987708,1.5256158611000564e-05,0.006180947930359229,8.922457488459694e-05,0.5342682904261002,0.00035745435938280856,0.003563279898353135
39,0.0002871197350335715,0.011758818974894024,4.222192734385676e-05,0.1815758653112723,0.03677636949168838,0.049806068835564064,0.008456540584983472,0.0001121563490221774,4.087999947861403e-06,0.24742105500045164,0.000588636365003748,0.00015807926770826044,4.0800940211354446e-05,0.058515819532757134,0.00012380720814775457,0.03463884857417956,1.9036290624580335e-06,0.005200061105967858,0.0006824805219223313,1.7671800986398164e-05,0.012069532194850829,7.749425098501114e-05,0.3466146643384968,0.0002656054769055944,0.0047642905826136206
40,0.001036459047841273,0.05025875455626901,8.075208258267998e-05,0.11794519973062588,0.039428102979766434,0.05249574039297071,0.018866507080289637,6.849912040188961e-05,5.6620932677171834e-06,0.14834854842111747,0.0011940081876352902,0.0002609695271043745,0.00010460830178316496,0.15160745318119687,0.0002747288880183715,0.019421034776410856,3.3615342276418863e-06,0.008966653836325366,0.0007763946457663674,1.5206077907469223e-05,0.007749109219219207,0.00026056512802107604,0.3738029715823698,0.0005046552018391772,0.006524054407042191
41,0.00019589455196642797,0.03953511020132399,0.00011725324475916233,0.15190173095430937,0.08910442260865264,0.054511808331911736,0.009270441748245291,8.754874855555352e-05,2.2392387833891533e-05,0.3971363020091453,0.00044240615790274926,5.44238337757094e-05,0.0001075782817511544,0.07758488829776836,0.00033634997574962856,0.02136058785638492,1.2045073426046467e-06,0.00172615484547062,0.0007662054710123119,1.158892850729256e-05,0.00502334024995848,6.035465162920385e-05,0.1438101779261664,0.0005440002377945466,0.006287833992082778
42,0.0004074703128023999,0.02847326915368146,4.222775850384026e-05,0.12940083262140495,0.030245589568754477,0.0330424052696081,0.012939201541072061,0.0002054042163219095,7.007588414614844e-06,0.3069281537122802,0.0006430002136691535,0.0001217209902803982,4.514199405893976e-05,0.04811346141335592,0.00033714518947005896,0.03724856066595765,4.098653786393165e-06,0.003850530047110447,0.001434478830756758,2.0601209481442787e-05,0.012122288890660587,0.00023857088653095828,0.3481580195286776,0.00042899697338419926,0.005541822769975488
43,0.0004019948612550836,0.03473030939355428,5.5307332213241675e-05,0.18836264639678243,0.038545410327316725,0.03616990753451436,0.01346925954165194,8.841511930795598e-05,4.854759435281851e-06,0.22535428327732734,0.0007661781708444962,0.00012302557245175638,0.00010340198933364305,0.0757213201866584,0.00016229422274780192,0.0170109542904713,2.517428184975255e-06,0.006214599551518828,0.000550674189288965,1.5675031686473044e-05,0.006639656628320289,9.467975395909983e-05,0.34955071411907973,0.0005661011992789531,0.005295819122816555
44,0.0004069820313491043,0.03494677739175587,5.593715928826733e-05,0.18885543873624466,0.03856480276015227,0.03606291666415961,0.013589048492883827,8.823923837964229e-05,4.863975213922734e-06,0.22342553357309636,0.0007724714723278494,0.00012423324186711717,0.0001047862782243744,0.0763490319763105,0.0001624642009470769,0.016923164828497303,2.5294282288949087e-06,0.006248078200693478,0.0005497756099847756,1.5735428034310887e-05,0.006599643100698903,9.463538847658993e-05,0.3501633993333241,0.0005705278947010252,0.0053189835951601575
45,0.0005505083389204426,0.03559176325848043,0.00010458068368746042,0.16231059206397655,0.058916556122591925,0.03972129822228154,0.02127726647104252,0.00014753049050972628,1.1270586009564684e-05,0.24124704510608352,0.0009199633102128143,0.00014876360137625126,0.00016412158737400372,0.08160141370392508,0.00032944016219087143,0.025089650539629894,3.2272302629485165e-06,0.0036242907915330132,0.0010001672083161603,1.8631118264597746e-05,0.005476071853307698,0.00010833946899953362,0.3156363463165576,0.0008610804519194815,0.005140081312546349
46,0.00028068452576080686,0.03287201995559237,5.58630359633582e-05,0.17308693261256317,0.038494220742342065,0.06281501992778983,0.01666350070094245,5.787749178106792e-05,7.2053257772996e-06,0.2520762220130036,0.0008081588662624652,8.060340359317285e-05,8.507076122195785e-05,0.10083847606287209,0.00016828582080777906,0.02063030542679989,8.80824587049497e-07,0.004608768667726222,0.0006052955389369186,1.5126890622857616e-05,0.005764154817890137,6.681866017429381e-05,0.28475924894283317,0.00032176696792709966,0.0048374920162289215
47,0.0003233763014557585,0.0342826131603751,5.418891554767912e-05,0.1991139095149766,0.042206413650025816,0.03565094288511709,0.01251473642162541,8.53376702614096e-05,5.060675686161974e-06,0.23053802694203035,0.0007342864813967078,0.00010341831997771469,0.00010340195799703967,0.07602328920615017,0.00015709054369904418,0.015542148182627412,2.1911352651841166e-06,0.005436314970407083,0.0005371628883544141,1.4449609978520546e-05,0.006320783683918471,8.01171813623097e-05,0.3346329493352258,0.0005388980380960741,0.004998892328442743
48,0.0004381568206532125,0.04466075931885402,4.4387640367403934e-05,0.17285945299474134,0.03518128033515239,0.02343681095702828,0.013477914838328388,0.00011473178454453803,4.158576138091073e-06,0.25284411105562227,0.00057529871574538,0.00011084477182458642,0.00011465611847943683,0.06685305586377058,0.00017328515164366157,0.01619408797447997,3.849157597546582e-06,0.005543865591685712,0.000723021053568379,1.4352570905406528e-05,0.006343636506458538,0.00012925455049124998,0.35430273364688397,0.000684128686339723,0.005172165318695854
49,0.00041189833440583685,0.02757560492665688,6.215091941196951e-05,0.1681976431772761,0.04571131108677115,0.05187970386275169,0.011359206891095522,8.204310932296122e-05,4.387628832525872e-06,0.19644910006177865,0.0009499976167801564,0.00021038826248304587,0.0001058663133800383,0.09169886307039335,0.00014974036253610317,0.018682590102702092,2.6539943142246173e-06,0.007939351074526882,0.0004978617515134216,1.901994078617907e-05,0.007142841174483452,0.00013070834114305662,0.3661223734581835,0.0004343829466197937,0.004180311591851476
50,0.0004926084894037747,0.031022808044011838,6.532566793577181e-05,0.20417276999926254,0.044859524643388916,0.033239065914512395,0.008690905602602652,8.13063873315999e-05,3.3692978834586587e-06,0.11189726858943913,0.0014729021967267333,0.0002392761920351426,0.0001110150356345799,0.061674679644830324,0.00017174458737637344,0.009169930299310241,5.103595337312744e-06,0.010814503050318234,0.00029468785483090346,1.4532841252816974e-05,0.007946113577830271,8.62089096874289e-05,0.467329045358748,0.0008126348349650566,0.0053326693853444915
51,0.0003074237825917308,0.03852786917799659,4.713630757915982e-05,0.2734604101589416,0.028220267955519445,0.028873174465046208,0.01532062147661712,9.20122340237677e-05,3.6068265243301667e-06,0.2395377811153105,0.000906461688830941,0.00011422437942941181,0.00010908144816380356,0.08470451003361613,6.949447224119917e-05,0.007794022389318411,1.7616985728572654e-06,0.012414957420180577,0.00037420681168715583,1.8075690414894383e-05,0.00754321583078524,9.69544661583226e-05,0.25707030142207477,0.00048073425900163543,0.003911694489374084
52,0.000351767644775272,0.05269585814657945,0.00011024454361561907,0.2511837214486778,0.11135619492947374,0.005038300617455727,0.006941426570144042,0.00028407893527058353,6.2721560834878985e-06,0.2597885628379897,0.00025576194147198123,0.00019484652889186296,0.0001262300270575908,0.09624150682107932,0.0002322788564773213,0.012261637066539693,8.725817910320535e-06,0.0012075872075501554,0.0021694422823123616,6.602807736966439e-06,0.00803574006202328,0.00010573522157906444,0.17911930297848272,0.0009061145236828571,0.011372060027139117
53,0.0005168574404753077,0.026662973425693196,4.33500138353648e-05,0.1352179955600154,0.012808522233576817,0.04457687181462648,0.03110044924588649,6.042843517437322e-05,5.236838564797013e-06,0.150325199992734,0.0011161043144450298,7.265504546895643e-05,7.813262608565049e-05,0.04963586344314482,0.00022634087156691568,0.023284057263914894,1.5812254965164965e-06,0.006189901197760801,0.00038106319719424824,2.2976222621437586e-05,0.00465882099010394,7.086429417080268e-05,0.5072854217906314,0.0005573667011772447,0.00510096581563506
54,0.0005748476433692171,0.044065801899891927,5.318195737986333e-05,0.13683667544149214,0.018182120432019912,0.03860632378431194,0.02281922911191315,4.758058657506296e-05,5.36445094802071e-06,0.255415333533328,0.0004143359483079985,9.885199516065673e-05,9.301770661250087e-05,0.11241131291746635,0.00019092793514819946,0.02974632330805114,1.2427872931463113e-06,0.004167157665560285,0.000560038706025936,1.7371981503823854e-05,0.004647711845176575,9.944026361534064e-05,0.32109537376900305,0.0003700923774609261,0.009480341952384815
55,0.000895300310107963,0.04866796113858815,0.00013203608766621577,0.28073878773084815,0.03445703700336419,0.03590463569496686,0.022288614276413973,0.00012375909743821543,1.1129098156417305e-05,0.22722511581175442,0.0012983273150319803,0.0002747468758248612,0.0002582826321696373,0.08322080239231307,0.00013536723888635954,0.012002934194184831,3.342828043297164e-06,0.012785495423019464,0.0005637684284762791,3.16160493803954e-05,0.005729747966038463,9.33720118091436e-05,0.22253589581615568,0.0009807922632879937,0.009641132316073811
56,0.00042196776275930687,0.03783132285350154,6.119714408595239e-05,0.19338442938459394,0.04006247873479662,0.03496599726235521,0.01403354912542036,9.135738807936443e-05,5.188618409995518e-06,0.225050126625633,0.0007940091454594153,0.00012912264042914414,0.00012631215734783586,0.07805801287984052,0.00016210503191016728,0.016063712050458867,2.7336066653590953e-06,0.00645250725131817,0.0005471372931691873,1.685276122389111e-05,0.006236828412531274,9.546469380146426e-05,0.33954532084765154,0.0006334485073394147,0.00522881782121843
57,0.00034162765000227385,0.03044908033376455,9.953550737301035e-05,0.19893531097697847,0.0843493548613469,0.027170861631915906,0.007310559212988846,0.00018392467491021568,8.236548546339329e-06,0.33094339246662247,0.0005317493422873837,0.0002721504312829113,0.00013022253610723308,0.09042983878022946,0.0001658359740607461,0.020187794461720608,4.91161950410309e-06,0.003982151663676241,0.0011882016463283498,1.6621400521854007e-05,0.009334448572135735,0.00015020640187239767,0.1875588887594484,0.0005003126538197642,0.005754781892555784
58,0.0004244588301216424,0.03842723148868443,5.861702312107596e-05,0.18847270552650186,0.03953099609443142,0.030513656806298625,0.013614589123545295,9.393655461466287e-05,4.525698807586634e-06,0.22206368341311847,0.0007550638360696508,0.00012337955169703768,0.00011979959351051982,0.07039853274978955,0.00016068178377897244,0.015136470049732613,3.1172275582976764e-06,0.006643813172071784,0.000501804603994469,1.5198316175143317e-05,0.006383575802648108,9.60742874598607e-05,0.3605351393909047,0.0007414105553420648,0.0051815385200222564
59,0.00046146909525267754,0.03724681409145646,7.113377207652165e-05,0.19581741366693511,0.040890466269834454,0.03009424328016385,0.014402161833945767,0.00010104111312746936,4.757033062508385e-06,0.21952979488322602,0.0007904140095127785,0.00013353541942832736,0.00012617892529030752,0.06965888280432764,0.00015854106303176546,0.015816747985789872,3.304224434280373e-06,0.007178678084810593,0.00046870521245400554,1.677940082606174e-05,0.006505922350702531,9.206188763486041e-05,0.3541339010002575,0.0008738166245986593,0.005423235967819936
60,0.0004069820313491043,0.03494677739175587,5.593715928826733e-05,0.18885543873624466,0.03856480276015227,0.03606291666415961,0.013589048492883827,8.823923837964229e-05,4.863975213922734e-06,0.22342553357309636,0.0007724714723278494,0.00012423324186711717,0.0001047862782243744,0.0763490319763105,0.0001624642009470769,0.016923164828497303,2.5294282288949087e-06,0.006248078200693478,0.0005497756099847756,1.5735428034310887e-05,0.006599643100698903,9.463538847658993e-05,0.3501633993333241,0.0005705278947010252,0.0053189835951601575
61,0.00046138192887991853,0.03852471517714418,7.871044088621816e-05,0.19997648685688715,0.04495668417608334,0.032737625120994734,0.014340973618627309,9.986523224128802e-05,5.4252356151336096e-06,0.2167529097911345,0.0008731952759626621,0.00014817506735088565,0.0001309532575682457,0.078040129601056,0.00016860039441122946,0.01581859720310464,3.219465819236172e-06,0.006887005169405257,0.0005195344611994944,1.717065445468875e-05,0.006704721653252593,9.523527283586637e-05,0.33622394098895775,0.0007941466966785737,0.005640597259449168
62,0.0004069820313491043,0.03494677739175587,5.593715928826733e-05,0.18885543873624466,0.03856480276015227,0.03606291666415961,0.013589048492883827,8.823923837964229e-05,4.863975213922734e-06,0.22342553357309636,0.0007724714723278494,0.00012423324186711717,0.0001047862782243744,0.0763490319763105,0.0001624642009470769,0.016923164828497303,2.5294282288949087e-06,0.006248078200693478,0.0005497756099847756,1.5735428034310887e-05,0.006599643100698903,9.463538847658993e-05,0.3501633993333241,0.0005705278947010252,0.0053189835951601575
63,0.00043734597950991703,0.041870005278952814,5.827214534045535e-05,0.18866091237453567,0.036990693943857476,0.034731192898520655,0.014540382033192944,9.100948008846594e-05,5.291265826939849e-06,0.23040733270482355,0.0008098221060698036,0.00011978920219825888,0.00011808426559856317,0.07445558584923515,0.0001727967141713146,0.015657905418112794,2.7518769311524877e-06,0.006715724440616838,0.0005490559441574947,1.669524080151967e-05,0.00639247767160487,0.00010253542026468975,0.3408415611579547,0.000653551224850213,0.00559922536278371
64,0.00038103095146117745,0.03171757958644727,4.9052458908787257e-05,0.18845757697785026,0.0381019242996014,0.03486881220586967,0.011901247088473852,9.347229454042035e-05,4.285948561082295e-06,0.2255708805691088,0.0007905559144825544,0.00012931061780950575,7.910933082219186e-05,0.07053891926446049,0.00016450898070868042,0.017148991584453058,2.7285936500092814e-06,0.006660351099219699,0.0005760723427778432,1.3994827189859007e-05,0.009225870822083539,9.698264739374262e-05,0.35749807221611085,0.0005333854898095711,0.00539528388820568
65,0.0002006242350362438,0.011643617804205806,3.0422352278955818e-05,0.16931293103644768,0.04830520689399628,0.058464326414757475,0.005231719858121875,4.335748938192555e-05,1.5208908541709306e-06,0.17631373053799035,0.0005512720829167116,0.00017872491850272487,4.369572773328746e-05,0.09922417941245011,6.788792892152504e-05,0.021353935937172618,1.318974872837692e-06,0.006658039837397687,0.0003492387961176613,1.0226036611810068e-05,0.009245196646135405,6.685516660573261e-05,0.38956225547180906,0.0001630226630666403,0.0029766928866155574
66,0.0001574195612645302,0.011569445989182255,6.057080444515192e-05,0.1479969460550358,0.0288736049841037,0.05023364728854379,0.012211459200838208,0.00010107570670936307,1.3875917535447404e-05,0.5589533687278193,0.00022860918766603338,8.487964181542959e-05,0.00011793784932588379,0.06864378231988881,4.810275277210531e-05,0.047541706905719135,4.1237634724877366e-07,0.0015664414198423514,0.001336269125033916,3.592123152584778e-05,0.0028210884357940604,4.6261325290178084e-05,0.06459799260082312,0.00010259032217109834,0.0026565902705071643
67,0.0003474442217679383,0.021395817605932146,4.5546142649000374e-05,0.15000818193193108,0.02799764997563561,0.0428879408387985,0.012092776200268942,4.695034722256946e-05,2.6921159837537374e-06,0.1389093376428039,0.0007005194463454259,0.00012980115595947282,8.013050672279828e-05,0.08430151824433534,0.00013831455260957055,0.02027203761285297,1.7635090948786015e-06,0.005841318613219461,0.0003257476225774367,1.5871324486805834e-05,0.00534843590812137,7.287707369443716e-05,0.48426606820305335,0.0003637201944936352,0.0044075390094397765
68,0.00036582316439176847,0.014052219470066303,1.3322004648630922e-05,0.11776331599172635,0.0069791141139066495,0.04384826265313606,0.008770562927342155,2.883451873267352e-05,8.899697289641445e-07,0.07483648898401302,0.0011971608708292822,0.00010291486841114949,3.054663605070045e-05,0.02488451294184952,7.249906192215712e-05,0.010008967293065926,1.86096489762906e-06,0.019699323606421095,9.533854008909176e-05,1.7326597782155935e-05,0.00646908612304097,6.884553563480556e-05,0.6670408604522619,0.00030312133366185336,0.0033488013763892785
69,0.00031983461121049824,0.030742662783896566,6.133651781046296e-05,0.2649160911361982,0.027484770965749188,0.02115040059271251,0.012239610656456557,0.00012690310090510132,5.201208327195425e-06,0.2809721673350285,0.0005337305946848388,9.235446717563782e-05,0.00010813371296051456,0.04392397902407898,0.00011936327307067502,0.01605673462367677,2.8576700380116523e-06,0.005965320793742027,0.0004452081971212838,2.3191755250781127e-05,0.0064344432733402955,5.765005234514267e-05,0.27985604744631914,0.0008080633117789204,0.007553942896122284
70,0.0004352037087935488,0.016901087115242765,9.932582012038813e-05,0.1446512001398774,0.033160372255362204,0.05733545504679707,0.011053097148222677,1.774267730238618e-05,2.7097379553916013e-06,0.0940808966601327,0.0005099774469190279,0.0002483331964028121,9.730866766906334e-05,0.2853490832092684,8.246804848536684e-05,0.02097848244451498,7.973365440442166e-07,0.004984110949585928,0.00021721074127157967,1.4182542460537802e-05,0.004036609330442621,5.935016517304633e-05,0.31940273505112593,0.00017003393678231992,0.006112226623547728
71,0.0008287795469683951,0.015800008404858908,3.565322190127199e-05,0.15925460614775488,0.009173623225759405,0.020782822953508077,0.02780614418393591,9.632044415186044e-05,2.0282888099636144e-06,0.08796536440396384,0.0010836590982127845,0.00015251658691009252,7.146630606905134e-05,0.04069980203803112,0.00011772962252445553,0.021259803721856277,3.136971832074567e-06,0.010011889773926969,0.00036407385702590816,2.8624269789901827e-05,0.006080329003686632,7.258936990027368e-05,0.5934396141643334,0.0006278123669992702,0.004241602027289253
72,0.00042021275612392665,0.0349092068501588,2.876219206838195e-05,0.2003387044591023,0.023047897094690104,0.020675841953565276,0.016181722331538164,0.00015422792789148465,2.4751583263434065e-06,0.244082398803481,0.0009257560368786251,9.889630714438715e-05,9.384716376607005e-05,0.036121685197634514,0.00010444115045766552,0.012341930465482443,4.675265421773453e-06,0.012233081102206906,0.0005240425214650922,1.811526038860356e-05,0.008726891687258062,0.00011282745212337072,0.3848018304804787,0.0009202663204173302,0.0031302640619307056
73,0.0003697286438260132,0.025355171445618288,5.5475920166253665e-05,0.1969878892106671,0.030605462969197857,0.043123977042256664,0.01470778315012002,7.999571694276614e-05,5.18212414015677e-06,0.2309417417843442,0.0007410755904492193,0.00012128400936316981,9.457892255900195e-05,0.07489152861512356,0.00013546367588439405,0.022452485790121702,1.8032104143005358e-06,0.0058589682988710165,0.0005265850798309188,2.0409761167830934e-05,0.00641284949694005,7.444629449227513e-05,0.3406863566466275,0.00042050156365809523,0.005329255037217556
