,0,1,2,3,4,5,6,7,8,9,10,11,12,13,14,15,16,17,18,19,20,21,22,23,24
0,1.979787069060162e-05,0.00022057360450236966,0.04636137516095931,0.0006954066759501114,8.754108766720492e-06,2.6554900850911906e-05,3.6505919945248694e-08,4.0560156450142844e-05,2.5843237303618518e-05,0.9120510644455115,1.767289128769428e-06,4.343618762905687e-08,4.279641630824341e-06,0.0045579908946345405,5.226220840834255e-08,0.0006500912447862095,0.0035614993568471934,0.020392067399750458,2.3183785623634515e-05,6.288847534769133e-05,0.0016236636075154368,1.2196033648755676e-07,0.008799480728527655,0.000862902123392164,1.0001127177604015e-05
1,3.230916964361028e-05,0.0003309534431349086,0.05972289458615306,0.000990530100098633,1.3786390744012082e-05,3.0329358235105297e-05,4.621571486790878e-08,5.395786456649596e-05,2.5764741053469368e-05,0.8861157005015435,2.950997835670669e-06,7.303659968208822e-08,5.521560588585674e-06,0.005720015737248109,6.775680708293371e-08,0.0007603402331452045,0.006413812442637637,0.024838978241356807,2.547381898349465e-05,7.0228299991803e-05,0.0021262530616866717,1.6690811375566714e-07,0.01161829041775889,0.0010883788896832224,1.3176226675794206e-05
2,1.9408012010963375e-05,0.00023623435905830836,0.04993246476340332,0.0007599546720247935,1.065561113749004e-05,2.4542737399100535e-05,3.918587241480078e-08,4.182070873235228e-05,2.7201707620387103e-05,0.9066353455850483,1.8909161663721134e-06,4.9467150802934834e-08,4.434524031218946e-06,0.00527966827343444,5.872388561443464e-08,0.0006971785785485194,0.003825606859801465,0.020370952838697397,2.3023979131324162e-05,7.190244595976138e-05,0.0017309053407452292,1.202498272367178e-07,0.009307864306785651,0.0009870607598181447,1.1615393709180078e-05
3,2.2438926276102062e-05,0.0002461761230150747,0.0522921925006522,0.0008013899644021864,1.016969024817173e-05,2.6671225965037574e-05,4.034019292367911e-08,4.352842802737313e-05,2.4293994266263094e-05,0.9017157719342094,1.9366095315063514e-06,5.053860633109465e-08,4.6438666924353804e-06,0.004581087561474926,5.394952869679897e-08,0.0007482884770944001,0.004517750362649848,0.022213007542123193,2.4584657969763994e-05,6.588655717723443e-05,0.0018350512153459458,1.2197690532451858e-07,0.00983960575906359,0.0009747026204420901,1.055517814043285e-05
4,2.215161973150015e-05,0.0002464856338641379,0.051842347771497224,0.0007848922134784464,1.0364196848879703e-05,2.4785373464284008e-05,4.104312828935315e-08,4.3190197537454233e-05,2.5809024734684505e-05,0.901461128716842,1.934803126449243e-06,5.0871641205240505e-08,5.003817745028484e-06,0.004941120638592727,5.20982218606665e-08,0.0007153999921947291,0.004168413847442407,0.02299470257901247,2.5087873728726958e-05,6.973770676535335e-05,0.00191667925203798,1.2539327351089806e-07,0.00967549410718326,0.0010144561121928238,1.0545115714339903e-05
5,2.1635308993679898e-05,0.00020773449486686453,0.05188312867951011,0.0009009601214656129,1.0205265700849638e-05,2.5739766455968112e-05,3.843745026359189e-08,3.97120374959354e-05,2.3210856860048552e-05,0.8953065045659314,1.7179258784262723e-06,4.2172161037920544e-08,4.705786953167651e-06,0.004281564175811444,4.3420794096490165e-08,0.0006890249154624693,0.00399875693653792,0.02819618632346712,2.404726196540822e-05,7.061480603784205e-05,0.0018851912848419842,9.51071864903544e-08,0.011391479092867605,0.0010295109863092333,8.150268995114083e-06
6,2.2438926276102062e-05,0.0002461761230150747,0.0522921925006522,0.0008013899644021864,1.016969024817173e-05,2.6671225965037574e-05,4.034019292367911e-08,4.352842802737313e-05,2.4293994266263094e-05,0.9017157719342094,1.9366095315063514e-06,5.053860633109465e-08,4.6438666924353804e-06,0.004581087561474926,5.394952869679897e-08,0.0007482884770944001,0.004517750362649848,0.022213007542123193,2.4584657969763994e-05,6.588655717723443e-05,0.0018350512153459458,1.2197690532451858e-07,0.00983960575906359,0.0009747026204420901,1.055517814043285e-05
7,4.2382792770291906e-05,0.00023025089745237908,0.06037123233558481,0.0007225466806089175,8.608417794559871e-06,2.8327755819749288e-05,3.9216758617900565e-08,6.0673252466802394e-05,1.942955086259176e-05,0.892422805403983,2.8142801016503794e-06,4.781788677966584e-08,7.254865001526514e-06,0.0034695957609419408,5.576650966705828e-08,0.0006934446141425122,0.004225537273166431,0.02808107228233889,2.676699487581944e-05,6.834414715841957e-05,0.0018320245393024916,1.730569064683969e-07,0.007000645326987271,0.0006785271388558634,7.3998317226389165e-06
8,2.327676054351527e-05,0.0002585750762669849,0.04356764571670549,0.000832658898788604,1.1402194131981642e-05,3.5067575823623824e-05,6.188278269090474e-08,6.099973378636444e-05,2.7748588822150295e-05,0.9026171169945876,2.7248657357409402e-06,5.7481076614191876e-08,5.516418890034757e-06,0.0047772061937951865,6.872015434628262e-08,0.0008079999015951282,0.004639603251718112,0.028916208150142585,4.042302538878366e-05,7.065768582072418e-05,0.0024965709755141513,1.7302788436895321e-07,0.009997548684117404,0.0008001311124329225,1.0557083494924886e-05
9,4.3682308427001115e-05,0.0003146910072026795,0.059356088357491385,0.001104643839313556,1.7043541582704352e-05,4.757522967050767e-05,8.268522721493857e-08,7.254302857592197e-05,3.239781423818484e-05,0.8725584086865698,4.205435434748003e-06,8.699930662055134e-08,7.320676329071011e-06,0.005146700137053983,9.083651675460639e-08,0.0009198817336971751,0.007106129356131769,0.0354784399537363,4.351383994371514e-05,7.726336672485077e-05,0.003006818037421469,2.3219778624291393e-07,0.013580923719876401,0.0010678858824707627,1.3351329270866356e-05
10,2.2438926276102062e-05,0.0002461761230150747,0.0522921925006522,0.0008013899644021864,1.016969024817173e-05,2.6671225965037574e-05,4.034019292367911e-08,4.352842802737313e-05,2.4293994266263094e-05,0.9017157719342094,1.9366095315063514e-06,5.053860633109465e-08,4.6438666924353804e-06,0.004581087561474926,5.394952869679897e-08,0.0007482884770944001,0.004517750362649848,0.022213007542123193,2.4584657969763994e-05,6.588655717723443e-05,0.0018350512153459458,1.2197690532451858e-07,0.00983960575906359,0.0009747026204420901,1.055517814043285e-05
11,2.388547002798756e-05,0.00024993013127339904,0.05359165220137118,0.0008192480774838064,1.0695782473286887e-05,2.6782964966838415e-05,4.28948439242089e-08,4.463828359152078e-05,2.515873701009964e-05,0.8989943086534231,2.0170157929518685e-06,5.355862126031799e-08,5.1841129473433555e-06,0.004616738590358302,5.543244309835697e-08,0.0007820489001290436,0.004560369589227602,0.023228081638854085,2.592901254523069e-05,7.112727299396687e-05,0.0019398679888786503,1.3036234741336195e-07,0.009917958835810587,0.0010533894774847445,1.0705015100261141e-05
12,2.715430899847488e-05,0.00026977641986137245,0.07089792700858581,0.0008208259001747252,1.899878870457892e-05,3.0869414725039255e-05,4.680095253085111e-08,3.591614947815795e-05,3.3719334064715805e-05,0.8761586308110119,2.742465739661317e-06,6.149202339886964e-08,5.098661393042638e-06,0.006533273342398219,5.995162722501474e-08,0.0006162084949365626,0.005665227890089678,0.021124554840258544,2.0250812695059253e-05,8.349821495780114e-05,0.0022998345596432347,1.346285720686699e-07,0.01372878634954476,0.0016100301041219684,1.6373255441553052e-05
13,3.58444688521359e-05,0.000368974907235044,0.06277035030279046,0.0008524428927715439,1.619934787162954e-05,2.639362945308139e-05,5.5107402506984484e-08,8.056782722251351e-05,3.211378199793257e-05,0.8811252779953949,4.738015618478105e-06,1.0380114299257963e-07,6.620864916837481e-06,0.008861270765967147,9.139461709404705e-08,0.0007667849871285657,0.005980752651953082,0.02609108053402242,3.069459372528716e-05,8.052917067759708e-05,0.0027030764581758783,2.5602689121188746e-07,0.009097942604224479,0.0010489262824915173,1.8911587455947012e-05
14,7.219019049041025e-05,0.0001041141474527892,0.12200225197202474,0.0006954338000013569,4.639499620918992e-06,0.00012040554023127063,1.4706711805317978e-07,0.00011179537365235244,9.728289464532666e-05,0.8297899525336438,1.992818403980898e-06,2.761628114277065e-07,6.033329573293491e-06,0.004325848293497625,2.669637741304371e-07,0.004266149819466732,0.0040952287954091554,0.01591943076050319,1.674747411033332e-05,0.00011936183916658461,0.0006417374112796552,2.6320364024531117e-07,0.015639931819409442,0.00190843696019472,6.0081329878421274e-05
15,2.2438926276102062e-05,0.0002461761230150747,0.0522921925006522,0.0008013899644021864,1.016969024817173e-05,2.6671225965037574e-05,4.034019292367911e-08,4.352842802737313e-05,2.4293994266263094e-05,0.9017157719342094,1.9366095315063514e-06,5.053860633109465e-08,4.6438666924353804e-06,0.004581087561474926,5.394952869679897e-08,0.0007482884770944001,0.004517750362649848,0.022213007542123193,2.4584657969763994e-05,6.588655717723443e-05,0.0018350512153459458,1.2197690532451858e-07,0.00983960575906359,0.0009747026204420901,1.055517814043285e-05
16,2.8819063974842984e-05,0.0003096501909295857,0.047780490723411735,0.0009167757775285207,1.110856709937966e-05,2.6592063651995474e-05,4.7036930517170085e-08,6.331742877312386e-05,2.697498189994055e-05,0.9013918587155876,2.877321195481814e-06,7.69848851604078e-08,5.303887361044613e-06,0.006262849964443382,8.310361963548173e-08,0.0007993629756991926,0.005057557525340648,0.02554880744414775,3.2456938654355207e-05,6.28020275291863e-05,0.0019880478832155755,1.9857767204548413e-07,0.008846256646757028,0.0008240792929996225,1.3604876692835368e-05
17,4.505642259207269e-05,0.00034576453842478304,0.0833607696915478,0.001096891525330372,2.350853730983662e-05,3.200802398295215e-05,7.592961393180791e-08,5.8115289105882865e-05,4.09089329895179e-05,0.8354504948640553,4.059964741216549e-06,1.0019323862611915e-07,8.278960775551144e-06,0.008796975077348859,5.5549986141370983e-08,0.000714730695449876,0.007196435999540611,0.03983339438129485,2.960155391555685e-05,9.350945066138172e-05,0.003920765951305469,1.9423766062559313e-07,0.017031124970779195,0.0019012438574119662,1.5935400937800923e-05
18,1.611086144779306e-05,0.0002813238646910263,0.057654372672655614,0.0005570245026486708,8.882435712406448e-06,2.2174408639252446e-05,4.83054026187149e-08,3.5755478281545444e-05,2.6526332309108046e-05,0.8965632450029327,1.7502182851945676e-06,6.95388021008329e-08,4.135034176793356e-06,0.006665711006550176,6.310238892823417e-08,0.001022981906470233,0.00548986734699575,0.017179079314304676,2.7188450098363858e-05,6.979856174606958e-05,0.002380460397021407,1.2293265464632864e-07,0.010635908821120237,0.0013359735115623672,2.1425993102196794e-05
19,5.2287717485275e-05,0.0002748290602525154,0.09921420118498053,0.0006246457224517308,1.089986317418587e-05,2.4280866456143407e-05,5.379010559367471e-08,7.169161248014512e-05,2.1017595355774712e-05,0.8206820645207001,4.563593118502761e-06,7.252283006870116e-08,7.1986868510556484e-06,0.006770652380457252,5.2000815595974077e-08,0.0009108289960524541,0.008076237683593602,0.04382305896394668,3.074398448751992e-05,8.128922712665594e-05,0.004469565839575395,1.5599347833034354e-07,0.013574184189024953,0.001260766156539388,1.465784866043618e-05
20,2.086189048681165e-05,0.00024540825315055094,0.042710797538451334,0.0007530728329473304,9.588477619589825e-06,2.6799295518290735e-05,3.783733872027605e-08,4.737429102587003e-05,2.6033770249730235e-05,0.915768743281235,2.0506620778090385e-06,4.746446375302278e-08,4.742769843282473e-06,0.004774511523898133,6.021642732376081e-08,0.0006546103801776469,0.003713120933202528,0.0204174074100164,2.5982014455282182e-05,6.571423957241875e-05,0.0016813148672976525,1.5217036701567787e-07,0.008233785285715292,0.000807725577447442,1.005701701478084e-05
21,1.7006092649457663e-06,0.00014470088407591265,0.0009060379187626757,0.0005012927645713757,8.151852855517076e-06,0.0006245584063364155,3.321349196922588e-08,2.5426676966711102e-05,4.6191701434781635e-05,0.9921653165006582,1.6456975145287373e-06,5.208934067544367e-09,6.051514361226991e-07,0.0004044730354240352,1.1262813340788772e-06,0.0001738296777703796,0.0008546654554188005,0.0007387704074266216,0.00010198133771559523,1.4273012750368651e-05,0.00018790205386525846,7.863306015277615e-07,0.0030479612337236542,4.2657230652328944e-05,5.90735701402099e-06
22,9.718263348523284e-06,0.00077878340097015,0.023797887564157925,0.0019225772783522132,0.00016412490548752288,0.00012315666016757365,5.642648842321299e-07,2.5281771322478216e-05,0.003181853972592453,0.8949125326730346,3.5989414032186034e-06,1.8599605140310648e-06,9.57906167641578e-06,0.024641989073544736,2.8913102845239816e-06,0.004564025411302922,0.0008173407186804166,0.003298792658152789,5.322691580146786e-05,0.00031540775269646784,0.0005859343119321206,6.224192144659039e-07,0.01280372690231763,0.02720533564017171,0.0007791881679892705
23,2.2438926276102062e-05,0.0002461761230150747,0.0522921925006522,0.0008013899644021864,1.016969024817173e-05,2.6671225965037574e-05,4.034019292367911e-08,4.352842802737313e-05,2.4293994266263094e-05,0.9017157719342094,1.9366095315063514e-06,5.053860633109465e-08,4.6438666924353804e-06,0.004581087561474926,5.394952869679897e-08,0.0007482884770944001,0.004517750362649848,0.022213007542123193,2.4584657969763994e-05,6.588655717723443e-05,0.0018350512153459458,1.2197690532451858e-07,0.00983960575906359,0.0009747026204420901,1.055517814043285e-05
24,1.6176412959389102e-05,0.00026496009158013135,0.03670464522301178,0.0009844664477734783,9.062168352308884e-06,2.1944554809935968e-05,3.2860414119993014e-08,4.1128105292023896e-05,2.114640377061695e-05,0.9187219559134966,1.5017495841597195e-06,4.392791476660462e-08,3.807998295251756e-06,0.004368110067165764,4.8250152885923255e-08,0.0006796399174781788,0.003986114045741539,0.021863108834747732,2.7658159782026682e-05,5.3098839460735244e-05,0.0015939013355849387,1.0405134204185062e-07,0.009812367396571153,0.0008165543935591975,8.422851159295918e-06
25,4.131297442333517e-05,0.00026500492921223184,0.07037942405047809,0.0012375698136556105,1.8638050372017924e-05,3.3748165458904806e-05,8.404190861440872e-08,0.0001285580237598044,3.0186668794277302e-05,0.8354541818271652,5.3012110936335735e-06,9.933350959992572e-08,7.822102505903123e-06,0.00794572127346688,5.960399458380744e-08,0.0008480606764280621,0.006091154026787499,0.058489752591273196,3.547351135671053e-05,0.00010566527896390468,0.00373783160736323,1.9599591794689545e-07,0.014085740848786778,0.0010466757050053628,1.173768831862836e-05
26,2.9426625295518237e-05,0.00017542725625509345,0.08190964807810565,0.0008827701192513415,1.1925481870288597e-05,2.6872209675502207e-05,3.70827156719836e-08,2.6134458013430738e-05,3.0309964364962524e-05,0.8561998624103091,1.3779083808320283e-06,3.7950233674950896e-08,5.004723724426498e-06,0.004020144079400291,2.9704917985131598e-08,0.0006745297458008475,0.004063558898618047,0.03085973119639076,1.6082712346976226e-05,7.95709354293723e-05,0.001922938479608853,6.377134282693755e-08,0.0170707735880236,0.001985359791603906,8.382828321020288e-06
27,2.0990097710617945e-05,0.00023864126967845285,0.03654528765937998,0.0008277274436500584,1.0378658098099918e-05,3.5359438571212446e-05,4.223796378629521e-08,4.6215631634459834e-05,3.8025026141517386e-05,0.9263357296605008,1.8609904821001104e-06,5.319519776089844e-08,4.460651229645743e-06,0.004286897175422769,7.441613536828618e-08,0.000691165905545418,0.003024520987266414,0.01745885531816521,2.6652241828523655e-05,6.191107890498675e-05,0.00125851602332907,1.7865130970331518e-07,0.008158399411449573,0.000916735372757197,1.1321457647124399e-05
28,2.2438926276102062e-05,0.0002461761230150747,0.0522921925006522,0.0008013899644021864,1.016969024817173e-05,2.6671225965037574e-05,4.034019292367911e-08,4.352842802737313e-05,2.4293994266263094e-05,0.9017157719342094,1.9366095315063514e-06,5.053860633109465e-08,4.6438666924353804e-06,0.004581087561474926,5.394952869679897e-08,0.0007482884770944001,0.004517750362649848,0.022213007542123193,2.4584657969763994e-05,6.588655717723443e-05,0.0018350512153459458,1.2197690532451858e-07,0.00983960575906359,0.0009747026204420901,1.055517814043285e-05
29,2.2438926276102062e-05,0.0002461761230150747,0.0522921925006522,0.0008013899644021864,1.016969024817173e-05,2.6671225965037574e-05,4.034019292367911e-08,4.352842802737313e-05,2.4293994266263094e-05,0.9017157719342094,1.9366095315063514e-06,5.053860633109465e-08,4.6438666924353804e-06,0.004581087561474926,5.394952869679897e-08,0.0007482884770944001,0.004517750362649848,0.022213007542123193,2.4584657969763994e-05,6.588655717723443e-05,0.0018350512153459458,1.2197690532451858e-07,0.00983960575906359,0.0009747026204420901,1.055517814043285e-05
30,2.2438926276102062e-05,0.0002461761230150747,0.0522921925006522,0.0008013899644021864,1.016969024817173e-05,2.6671225965037574e-05,4.034019292367911e-08,4.352842802737313e-05,2.4293994266263094e-05,0.9017157719342094,1.9366095315063514e-06,5.053860633109465e-08,4.6438666924353804e-06,0.004581087561474926,5.394952869679897e-08,0.0007482884770944001,0.004517750362649848,0.022213007542123193,2.4584657969763994e-05,6.588655717723443e-05,0.0018350512153459458,1.2197690532451858e-07,0.00983960575906359,0.0009747026204420901,1.055517814043285e-05
31,3.0323965457763907e-05,0.00024059877563936536,0.07021239336676324,0.0007071226506686146,6.953182298142496e-06,2.2071009758683813e-05,3.925640858007589e-08,5.9391746171300184e-05,1.7365650776502715e-05,0.8775972476717929,1.837022154824682e-06,5.0559652635108784e-08,5.115899593369461e-06,0.004017334552847908,3.5583389752001545e-08,0.0008987617425293385,0.005260169207002966,0.028505911295643886,2.207264034640727e-05,6.145047181182579e-05,0.002044908379812585,1.0778935351341516e-07,0.00941797199648499,0.000862030953637254,8.734630003626529e-06
32,2.130870127436752e-05,0.00024312227034903192,0.048928548255233024,0.0008185431135680207,1.0275981040491464e-05,2.7592889311596233e-05,4.25278962993492e-08,4.335515801657009e-05,2.4185005789792815e-05,0.9049290415136981,1.909530168274915e-06,4.93154107266709e-08,4.6925960505139114e-06,0.004304525261790399,5.7494554419811574e-08,0.0007865026896488267,0.004526252147439538,0.022319651030552955,2.828821019230789e-05,6.602945905163015e-05,0.0019320543330620804,1.2404800989016707e-07,0.009998965456615157,0.0009745092280131542,1.03737832628229e-05
33,6.04974969373854e-05,0.000510946467588001,0.06786912395119776,0.001626507751329936,1.666917875728568e-05,3.2433741644515975e-05,8.214689476283941e-08,0.00013028941373392528,2.0626042261982236e-05,0.8410003326847608,5.275469415478121e-06,1.787064105363384e-07,1.0227717472892094e-05,0.005834429850725017,7.528863723244532e-08,0.0016825189910313957,0.013935406969567403,0.04921028383775065,5.23608072391109e-05,7.850823887790558e-05,0.0038176038163306282,3.15179324267004e-07,0.01279863272725817,0.001292304745603501,1.4368779249372567e-05
34,0.0002005743839719745,0.0002087461983050908,0.1209025901607854,0.0012861924628605466,2.606243958439629e-05,4.897363248789487e-05,9.108700526236772e-08,9.459388021479917e-05,4.511557315244058e-05,0.7632190748175767,8.436267261848576e-06,9.032537641474394e-08,1.4586664385465972e-05,0.004472208518405274,1.054513732973946e-07,0.000830324132713389,0.006002259737409763,0.07980134596814248,4.931031062918214e-05,8.960170505858455e-05,0.00431477498190356,2.6603033627358043e-07,0.01659323008320939,0.0017804454607807875,1.0999727069934955e-05
35,1.610025345889417e-05,0.0002583994160605346,0.050358501051796456,0.0008546830105054123,1.4008265216949765e-05,2.6210337441579448e-05,3.9570698910049744e-08,3.389115899637782e-05,2.5924612816770644e-05,0.9048333664759125,2.0303908857434077e-06,4.663349035476519e-08,4.0716376020635825e-06,0.005684800211440802,7.265930781694432e-08,0.0006608601300914273,0.004637637665496552,0.01709233180502871,2.319929799495326e-05,8.017316888872227e-05,0.0019570005686874426,1.0281022724252893e-07,0.012318881488480683,0.001103983618366336,1.3683761106577071e-05
36,1.6222684590921225e-05,0.00022015675504290686,0.03129634235104339,0.0006105480627800795,3.5700562561003095e-06,1.904637413622187e-05,2.8735682140431506e-08,5.7158166234561785e-05,2.008966593505956e-05,0.9364888643647247,1.0204346232070072e-06,4.580295370124668e-08,3.8090793353100536e-06,0.0039299656255156095,3.8991580261096564e-08,0.0007665708626644489,0.0028967894053892125,0.017637257513657977,2.123288907243027e-05,4.307866223071069e-05,0.0008913694785809166,1.5654940147380845e-07,0.004651420674347239,0.0004182479147311201,6.968899490727652e-06
37,4.0678367451513775e-05,0.00022796319130511373,0.09361884476171733,0.0008711800428138426,1.4273763667209022e-05,2.2975750838129592e-05,5.011865085411222e-08,3.640156387682018e-05,3.01591804999615e-05,0.8353896359119207,2.1694954642797964e-06,6.100130151720753e-08,7.191656027623975e-06,0.00562785442787492,3.595290635950405e-08,0.0007580538398689361,0.005072916575409055,0.03900272391345859,2.1450260149774125e-05,8.559130606365969e-05,0.002790190116732114,9.885351134399291e-08,0.014409600602074198,0.0019590823576051976,1.0816988810817544e-05
38,2.1916628667298078e-05,0.00013060146746943596,0.04883946089493409,0.0007503819194074474,5.611128908520703e-06,4.1926160906353195e-05,5.213770522266425e-08,3.870737608722262e-05,1.7443307051255385e-05,0.8988174576897561,1.1970122205988343e-06,3.2550957703684414e-08,4.637555220524062e-06,0.0018926893486892235,5.371110365366827e-08,0.0012750587326204267,0.004351727770467397,0.028584899959829563,3.632425765680639e-05,6.866407659369005e-05,0.0017888075130256767,8.358356274632489e-08,0.012459434760486427,0.000866055724582421,6.77473209045917e-06
39,3.0204617989550474e-05,0.00021622682519213966,0.0658146411851493,0.0008245868755027171,8.341033673136952e-06,4.2398601656505564e-05,7.522473497251961e-08,8.733417682843552e-05,2.023520767677806e-05,0.8743031752895736,2.4389571652397974e-06,7.739883050485929e-08,6.020063572908701e-06,0.003461381889952158,5.445419416552024e-08,0.001510572604770328,0.007008986252303268,0.03126812037430071,3.584333594464494e-05,7.779450088439269e-05,0.002652704770303918,1.6032525519660495e-07,0.011616043221620551,0.0010010167618803264,1.1566051044349927e-05
40,4.602023848408397e-05,0.0003576857082829103,0.07607453142376659,0.0008872743115395492,1.5510659157565043e-05,3.8271244143995615e-05,5.582842966723052e-08,5.719808114712882e-05,3.3585737640026003e-05,0.8758169602201713,3.6594458966476364e-06,9.943527878114816e-08,6.8605691700743566e-06,0.006187749582445091,9.129069543592287e-08,0.0007739040254194318,0.006680369735270308,0.019671696405643254,2.276661053848676e-05,7.495511550072425e-05,0.0019425775720837925,2.458592070981264e-07,0.010150749286747793,0.0011389794952822575,1.820211805785842e-05
41,2.8203104239068682e-05,0.00020410859779931926,0.04570047118655036,0.0015792992336447144,2.0187291590939157e-05,4.946373221548778e-05,4.116137462843641e-08,3.897265950997484e-05,4.273341528615094e-05,0.914965915315688,2.1932099367282443e-06,5.7651675494100614e-08,3.780187150345532e-06,0.003304644603273276,1.2350242985452316e-07,0.0006637088900438974,0.0032960291417131805,0.016851630279270214,2.2324889113916292e-05,6.215480752201501e-05,0.0008327784896056483,1.1873746294805216e-07,0.011222496628835421,0.0010972072399551486,1.135604411294171e-05
42,2.098912426228479e-05,0.0002864085661065309,0.032877229237513086,0.0007357002100884649,8.157994019767327e-06,3.609035054965571e-05,4.4898372019555564e-08,6.0565752049470164e-05,2.3930730248713878e-05,0.934065166009041,1.9805213415128125e-06,5.638159711304812e-08,5.556041609937624e-06,0.003044373319058643,7.563416610135772e-08,0.001018453328039578,0.004558361678205195,0.015124441724665132,3.612152313309657e-05,6.117755692069406e-05,0.0014396821178695582,2.629545411293315e-07,0.005904888470103243,0.0006803531515238274,9.932724974136695e-06
43,0.0008048880497063716,0.00242786616932755,0.4147759598123628,0.0027214353133815207,0.0001417266378151284,1.2421411124471677e-05,4.5080893423438375e-07,0.0001343662270681514,5.6694926877498536e-05,0.20682866214872264,4.74974635009626e-05,7.503907626469666e-06,3.8531226531892414e-05,0.044874445692048084,1.047842935225347e-07,0.003206967909384715,0.09575768004826204,0.15170612537825995,2.747099022938809e-05,0.00012722732313992407,0.01258000023492963,4.0421072457275084e-07,0.04868053631951927,0.014875694452441947,0.00016533855378729912
44,2.2438926276102062e-05,0.0002461761230150747,0.0522921925006522,0.0008013899644021864,1.016969024817173e-05,2.6671225965037574e-05,4.034019292367911e-08,4.352842802737313e-05,2.4293994266263094e-05,0.9017157719342094,1.9366095315063514e-06,5.053860633109465e-08,4.6438666924353804e-06,0.004581087561474926,5.394952869679897e-08,0.0007482884770944001,0.004517750362649848,0.022213007542123193,2.4584657969763994e-05,6.588655717723443e-05,0.0018350512153459458,1.2197690532451858e-07,0.00983960575906359,0.0009747026204420901,1.055517814043285e-05
45,1.9817581749934843e-05,0.00016949119547487226,0.031930904451195626,0.0014747861476712297,1.6312794366741543e-05,6.9676166937928e-05,8.10908320171505e-08,5.931415813880812e-05,4.276526818336752e-05,0.9249667107536222,2.057738835270983e-06,6.08210156103535e-08,5.0883670436402e-06,0.0024672196639930204,1.597567040694502e-07,0.0012873579075855953,0.0031956679517876887,0.020783485341665166,4.636400663869121e-05,9.505569395745727e-05,0.0011818933343438873,1.6419492628902164e-07,0.011153772057381724,0.0010210410360841336,1.0752519864914773e-05
46,3.897097999488911e-05,0.0003865644282450686,0.062212856266699416,0.001150317526136767,1.2469308688821028e-05,3.546520800733558e-05,5.326476851319655e-08,6.18670165619917e-05,1.959561412465205e-05,0.8817137008526035,2.81821242060783e-06,9.105196937408802e-08,6.13835692810792e-06,0.004035216532989315,7.744248714393282e-08,0.0012132226130106402,0.010480267344838793,0.02324237822929319,3.2158188073090914e-05,6.429419204102153e-05,0.002133542264562123,1.9856205410266205e-07,0.012056348493123486,0.0010877752445668505,1.36128058112049e-05
47,2.0783360313139907e-05,0.00022411581927533414,0.05193020303015542,0.0008120522832951583,1.0454106267274069e-05,2.6683809044684818e-05,3.9706571563472494e-08,4.181525645478378e-05,2.4336990853338637e-05,0.9007786687570226,1.8998731702952751e-06,4.583785861786865e-08,4.37007763126593e-06,0.004664164122695448,5.270388912132417e-08,0.0006976366270998615,0.0042801545288260875,0.022963194661034834,2.4516799066321114e-05,6.654536587561875e-05,0.0019125663877061483,1.0924607247282951e-07,0.010536773909925802,0.0009686987827652602,1.0117957129621106e-05
48,1.8350600442187245e-05,0.00036591816343412443,0.03248018449274472,0.0008379586562108047,4.987491335611356e-06,2.219980840617363e-05,2.5668782176600698e-08,4.232610321447322e-05,1.1463767111183383e-05,0.9310420850410416,1.2433225143853455e-06,4.2740184025205355e-08,3.309808472792439e-06,0.0027351182247767275,4.81564756622202e-08,0.000836313964928768,0.007142641476928853,0.01415035422233412,2.946008352154128e-05,3.278141703894143e-05,0.00124592683188341,1.3080245557922185e-07,0.008473413559386328,0.0005158687795622174,7.846816813626442e-06
49,2.7743517674696674e-05,0.0002402015416400193,0.06206853357145005,0.0008563567509146785,1.0247320133873536e-05,3.5633195181143074e-05,4.656255005951768e-08,4.820464180944521e-05,2.6480734112662014e-05,0.88944451021482,2.0911883753615177e-06,6.046471647089176e-08,5.450224465628079e-06,0.004268578918312059,4.963026420051314e-08,0.0007938116727386078,0.004730230838725646,0.023849187760246804,2.1015813319102406e-05,7.521244300741227e-05,0.0017204775497654072,1.3279334325738506e-07,0.010701990531608892,0.0010633961278665432,1.0355992958085611e-05
50,1.6884655002453798e-05,0.0002142457864315977,0.04307801832973403,0.0006650351800669317,7.676057129473077e-06,2.3281844428539963e-05,3.455509724919738e-08,4.016385882511037e-05,2.2460204653640892e-05,0.9196913257821833,1.490256344282299e-06,4.0084149996123155e-08,3.956619237152007e-06,0.0041517208169731664,4.899195795874468e-08,0.0006603663208601308,0.0034341808147867205,0.017859044563332323,2.3611948836299655e-05,5.641852984175562e-05,0.0015176477773145558,1.1250320457343237e-07,0.007773160124488196,0.0007497734272724924,9.300967848021857e-06
51,1.5977304403262386e-05,0.0004781237354299868,0.02434936616798697,0.0010246101557927604,6.126533895236871e-06,1.4597926730494257e-05,1.7214858179042142e-08,5.5227961659238845e-05,1.7992176259672066e-05,0.9469033455434752,1.5381421291147888e-06,5.379187493679893e-08,3.657708469037851e-06,0.005134228661644943,5.417405983503095e-08,0.0004722497888246546,0.0028065799153152793,0.013081093876470311,1.9121311138995413e-05,3.7916827447992036e-05,0.0007189298425837167,1.7036604019953708e-07,0.004461595040228053,0.00038993977036641027,7.486062915631973e-06
52,6.221550061907995e-05,0.0011502262043837823,0.1456926263256532,0.001418012702104847,6.603662810563562e-05,5.1565011380577895e-05,2.2828436872308664e-07,7.86477578698205e-05,5.988826343184357e-05,0.7363422686502793,9.198313875102162e-06,4.239273281776837e-07,1.0408370769992348e-05,0.015814967919311102,1.4389120365747896e-07,0.001579287029822605,0.029177806034152817,0.022482517741398433,4.143325990823512e-05,0.00010939562465044044,0.0086282795033069,3.612490777048315e-07,0.032779688947715734,0.004364225954991377,8.014690429117298e-05
53,2.2156697370578144e-05,0.00024294330740552185,0.05110790800415631,0.0007911986623185515,9.892142595610119e-06,2.5430728477578e-05,3.6901478289312085e-08,4.172349048746882e-05,2.3219021747876848e-05,0.9041837460939984,1.878883725768679e-06,4.7224947235393415e-08,4.5564568246970535e-06,0.004418430158079276,5.168530597193823e-08,0.0007149179558529185,0.004401404638419365,0.02169303061843674,2.410731971954196e-05,6.344156518103941e-05,0.0017768057346767953,1.1884079368147774e-07,0.009492577961294688,0.0009504006490267264,9.975257679205844e-06
54,1.0460795709262772e-05,0.00031527418684602394,0.03724487953906311,0.00048709234958942653,5.802755165746381e-06,1.5878953273168284e-05,2.917995440608079e-08,2.988643913104992e-05,2.715723254478428e-05,0.9364350089670141,1.0394604177056314e-06,6.314223717138306e-08,2.9906226362332955e-06,0.005661727260147602,6.984247338168675e-08,0.0009368113407386441,0.0031366599416777444,0.008461990342538571,1.7844330728868927e-05,5.299654785889123e-05,0.000879673113268979,1.1725011109904068e-07,0.005381772807089947,0.0008745290750778157,2.0244524706100863e-05
55,4.06078019371077e-05,0.0003091303913218772,0.07500484840152322,0.0013620469487620767,2.21348107659732e-05,4.635657822577256e-05,1.0411233030805895e-07,5.5841819840904925e-05,5.907091867056468e-05,0.8507032589145765,3.2725501722447437e-06,1.5505787248114555e-07,7.52659877973449e-06,0.006395049967554949,8.700289525728147e-08,0.0013220364687786678,0.005593639772727032,0.03592752133661756,3.492264405887757e-05,9.64160745426296e-05,0.0024220197035898007,1.618500675576855e-07,0.017961760570425398,0.0026098135454192648,2.221615854427887e-05
56,2.3517644085349544e-05,0.0002511339371795553,0.053066816968174,0.0008118878981533383,1.0465305440650859e-05,2.7141519549580627e-05,4.227783044810194e-08,4.456390599981719e-05,2.4990757144143653e-05,0.8998447159859331,2.008306767118591e-06,5.281473668937422e-08,4.934810264530082e-06,0.004631689858967974,5.479531622404758e-08,0.0007601758069015822,0.004577932910941001,0.02292454584041577,2.5448329291231216e-05,6.807387809397261e-05,0.0019020067830626884,1.280127219562102e-07,0.009976011679209081,0.0010109661842305168,1.0693789589603525e-05
57,1.948267227325355e-05,0.00029770188638303196,0.04653011050887739,0.0007189900549336717,9.464638826495081e-06,2.253237671903245e-05,4.6854581600247146e-08,4.554059498125987e-05,2.237633003172856e-05,0.9086421519112933,1.932929982882758e-06,5.915186350811939e-08,5.675618902514568e-06,0.004390076707978369,5.446519068533533e-08,0.0009850296603481998,0.004904994978680744,0.021247198639248756,3.8284216713545216e-05,6.511081585031866e-05,0.002465969205314291,1.4651121990234124e-07,0.008501539460094552,0.0010736705058257208,1.185930388507849e-05
58,2.2969646357881507e-05,0.00024875717170841534,0.05648306165665904,0.0008612680466235336,1.274255031655686e-05,2.8044835943268174e-05,4.545489410326509e-08,3.775259555837845e-05,2.8879317521476342e-05,0.8936979518427715,1.9778741013609065e-06,5.509767010038568e-08,5.327509763850523e-06,0.0046955409081377705,5.662667902341525e-08,0.0008199592637271223,0.004535099038621532,0.02320369257767348,2.6102166971046566e-05,7.971228154825217e-05,0.002074985113019242,1.1689447511793951e-07,0.011703829121226361,0.0014201767483466227,1.1895659685054479e-05
59,2.064605866688835e-05,0.00023396125024048887,0.057839033335214944,0.0007607949137142587,1.1066360242924882e-05,2.4901605428886282e-05,4.026537253468554e-08,3.5481418096202734e-05,2.563666687911647e-05,0.8954673932619259,1.7379286588048578e-06,4.7797492941546835e-08,4.847344334304697e-06,0.004602806436094418,4.828290158057512e-08,0.00077863536884013,0.00436480858851013,0.02170348335449106,2.296150925126397e-05,7.555602221763796e-05,0.001994102517036646,1.0278024743392382e-07,0.0107377000293875,0.0012831476693164951,1.1059235437653523e-05
60,2.2438926276102062e-05,0.0002461761230150747,0.0522921925006522,0.0008013899644021864,1.016969024817173e-05,2.6671225965037574e-05,4.034019292367911e-08,4.352842802737313e-05,2.4293994266263094e-05,0.9017157719342094,1.9366095315063514e-06,5.053860633109465e-08,4.6438666924353804e-06,0.004581087561474926,5.394952869679897e-08,0.0007482884770944001,0.004517750362649848,0.022213007542123193,2.4584657969763994e-05,6.588655717723443e-05,0.0018350512153459458,1.2197690532451858e-07,0.00983960575906359,0.0009747026204420901,1.055517814043285e-05
61,2.207240017997488e-05,0.0002207779599641577,0.06064042054189464,0.0007448007764700261,1.1080144707904819e-05,2.511276223014654e-05,4.041893818179403e-08,3.540516378785206e-05,2.6530723238514073e-05,0.891418957286594,1.754144588036007e-06,4.614477573763649e-08,4.903118267404342e-06,0.004576359473020048,4.471971605598676e-08,0.0007317022465247585,0.004167200983359928,0.022961246365891006,2.2475455453563377e-05,7.349765654059658e-05,0.0020553558350054095,9.981457724517845e-08,0.01093616561838025,0.001313370589539083,1.0579656355703801e-05
62,2.2438926276102062e-05,0.0002461761230150747,0.0522921925006522,0.0008013899644021864,1.016969024817173e-05,2.6671225965037574e-05,4.034019292367911e-08,4.352842802737313e-05,2.4293994266263094e-05,0.9017157719342094,1.9366095315063514e-06,5.053860633109465e-08,4.6438666924353804e-06,0.004581087561474926,5.394952869679897e-08,0.0007482884770944001,0.004517750362649848,0.022213007542123193,2.4584657969763994e-05,6.588655717723443e-05,0.0018350512153459458,1.2197690532451858e-07,0.00983960575906359,0.0009747026204420901,1.055517814043285e-05
63,2.1588259963030683e-05,0.00027361481931053824,0.048808202853652186,0.0007832229045077775,9.514772335944103e-06,2.4875394204374565e-05,3.737445512881415e-08,4.263273840652582e-05,2.331157311624485e-05,0.9079892149601634,1.8613037735595395e-06,5.1344883560127244e-08,4.552911870405594e-06,0.004534137581814023,5.4418763526168284e-08,0.0007496511159038029,0.004554939905872113,0.020208420156714705,2.4850753655402613e-05,6.17220524193065e-05,0.0017309837916857438,1.27648327988335e-07,0.009198929511285545,0.0009427396488532409,1.0762204061800316e-05
64,2.3986428490747675e-05,0.00024726663138429386,0.060578692755308285,0.0007683957627814261,1.097559667215507e-05,2.543253177229448e-05,4.6592287384273106e-08,4.2905482226184646e-05,2.3986126271534516e-05,0.8863341719558929,2.0912530685081298e-06,5.0553944113561475e-08,5.321057856743493e-06,0.004960937539699773,4.901408702422834e-08,0.000772789137468256,0.005004321187183284,0.025794740801586016,2.822140963344018e-05,7.101740420933933e-05,0.0026069065604805994,1.1610330270121415e-07,0.011550990186760948,0.0011355779882373917,1.1009939394631579e-05
65,4.861896188003979e-05,0.00021071089497016977,0.05701106802368962,0.0019309019512026779,2.0094083390686877e-05,9.03522070924486e-05,1.0818330146487446e-07,7.97051579745331e-05,2.327253746080103e-05,0.8444498256816353,4.571997175098942e-06,8.172880439129754e-08,6.080640946191432e-06,0.002618944904172231,1.339538949989042e-07,0.0015147499500717577,0.011109440454209788,0.04957598619851203,7.196117686533391e-05,7.538790008662202e-05,0.003381876403565058,1.606695238945187e-07,0.026551678247510677,0.001212871339396575,1.1416752667767053e-05
66,2.576291416221106e-05,0.00018927700538306003,0.06407788913535559,0.000665370996401067,8.514567244853545e-06,2.1481712073809442e-05,3.8188675202374936e-08,5.036206148919568e-05,2.1151456919719123e-05,0.8909137833151773,1.8842108128703462e-06,4.3761782428686764e-08,5.822397876805328e-06,0.004174821326587048,4.118486773630537e-08,0.000746047449782201,0.0034793499492052713,0.025766260982279323,2.0366203331939215e-05,7.84685731447293e-05,0.0017424290772065994,1.1050481700024823e-07,0.00717777308607098,0.0008248617645969156,8.088174756225908e-06
67,2.129194037053024e-05,0.00015501911388320425,0.07449509467253854,0.0007549683277316007,8.36127035385378e-06,2.2347668702851143e-05,3.321429039637318e-08,3.35457433350751e-05,1.597046413518172e-05,0.8645407583764401,1.5191829942398543e-06,2.992202007523336e-08,4.532753163077561e-06,0.004005517832444029,3.1527711310740886e-08,0.000694969708706805,0.0046539131168061975,0.03132731411461405,1.9683069496725396e-05,8.20249815871797e-05,0.0025191737856446444,5.781070927718559e-08,0.0155089359225016,0.0011275244157097,7.38106411020205e-06
68,1.9733986791753933e-05,0.00022153688334007506,0.05430342901618266,0.0007866293577946096,1.0386131202448635e-05,2.6463430546587925e-05,3.922895024864068e-08,3.6855750366280164e-05,2.728589502180677e-05,0.9012218459387824,1.7066120575090726e-06,4.901528929865274e-08,4.3278259562202896e-06,0.004883097140969708,5.108934012758428e-08,0.0006946623543059169,0.0038749876839046173,0.02070825748419489,2.0637461060456035e-05,6.9951307801029e-05,0.0016460295813139137,1.0203463010418004e-07,0.010352451903695648,0.0010784315725544179,1.1051313947228774e-05
69,2.037773684978324e-05,0.00021718010654352558,0.053066807666065245,0.0007419649694490527,8.933540801575828e-06,2.4911143522769823e-05,3.842588452793232e-08,4.250456796336901e-05,2.318877177288954e-05,0.9005859659327028,1.7503789803962507e-06,4.533155653761807e-08,4.423464083809091e-06,0.004609584691069979,4.742560857115932e-08,0.0007229721647207715,0.004043446232902698,0.023086656715392583,2.3329653579574806e-05,6.674292035265257e-05,0.001865194196866511,1.0617022644789416e-07,0.009889468362507658,0.0009444628476814725,9.896582914620754e-06
70,2.7380712428426706e-05,0.0002401837472667067,0.06120944432854268,0.001684727946524304,2.8848511829724558e-05,4.843118776489932e-05,6.100438115554173e-08,5.174355907365119e-05,5.260897618207248e-05,0.883371544567836,3.0028082330027647e-06,7.139331506921016e-08,4.705201714661701e-06,0.006717049127528991,1.0038263112512919e-07,0.0005250870442585426,0.0039035166021343607,0.022611727203044184,2.1034509544951726e-05,8.806205331285067e-05,0.0016597689978346383,1.3151143510153038e-07,0.016463355123662624,0.0012735847114328219,1.3828788087727474e-05
71,5.1239645788171916e-05,0.0002870308167023778,0.05507438700953325,0.001134075834785504,1.011865625966069e-05,4.8687922068378875e-05,4.356044100681591e-08,6.209622688720154e-05,1.9982412846392963e-05,0.8943543170444537,3.3257426994087834e-06,7.901145880004722e-08,5.628153158979952e-06,0.0029153077084086145,9.993458318939586e-08,0.0010461328935458746,0.00811219901173671,0.0231803504252164,3.385687979290428e-05,5.14662135481209e-05,0.001526887144376117,2.1094126499775382e-07,0.011211730354188269,0.0008591195963660783,1.1626859889910428e-05
