,0,1,2,3,4,5,6,7,8,9,10,11,12,13,14,15,16,17,18,19,20,21,22,23,24
0,0.0066818988351862365,0.005521526253735043,0.0019818165062431407,0.004433044767506328,0.0004806966585126577,0.0019217911702864108,0.00809202311846131,0.00024773779787403555,0.04924053390358707,0.012616026337032763,0.0006337910306429088,0.0017581820891948827,3.216026535856006e-06,0.00144387207987893,0.013505431082495837,0.006090463328217947,0.0018953767886368525,0.6064120511379242,0.00157059875352109,8.537616792819298e-05,0.01388901167718373,0.14628487432051032,0.0002553488620378096,0.0003329306589041037,0.11462238064796211
1,0.005339846415668243,0.0048068203105224245,0.0014605152328436893,0.005130062991545388,0.0004664055933896921,0.0014690981086538384,0.007617898318465918,0.00019897937616379776,0.03214080997449778,0.010568341081955328,0.0007354290357605621,0.001797220917284722,2.691739917426435e-06,0.001963494712403614,0.010358120810198598,0.003654488116854359,0.0023508024240746547,0.6050040045608001,0.0009921380082210229,7.877239738588957e-05,0.013364608314524185,0.1541920832744691,0.00036897964617500306,0.0002805207820364819,0.1356578678561882
2,0.005884771205887888,0.004845737720200321,0.002087874321545183,0.005728191285843855,0.0003013941067469225,0.0018740259814356696,0.00724409361689179,0.00023081411867691937,0.041336880497229764,0.013724923602506897,0.0005960766696270425,0.0018642492414401688,2.884559294466488e-06,0.0013416137580783431,0.008341402250246899,0.005149914328808989,0.001798131724970319,0.6351419248945607,0.0015219003356718855,6.838844957846049e-05,0.016037860171538527,0.15186240654556404,0.00027981520905211106,0.000395009989082331,0.09233971541552054
3,0.006699218164408783,0.005488732498994845,0.0020300992795145986,0.004719188154078714,0.00044366501504355726,0.0017674085472060266,0.008427331915451865,0.00023593445040272833,0.04484125681643283,0.013479127522498958,0.0005946891021470073,0.0018238534149295853,3.0028324704606145e-06,0.0015004999377625952,0.012077611305528172,0.005476096890929708,0.0017536326966396865,0.6136169837397845,0.001387617695107917,8.172800696655108e-05,0.013521690037275916,0.13892095411901612,0.00027125296472229997,0.0003195573558289743,0.12051886753685762
4,0.006767096435187202,0.005451423004710266,0.001917263301926694,0.004706050135924046,0.00043023324818008415,0.0016284487057179884,0.008263405169892934,0.00022076872050952185,0.044562252918072816,0.012476466399685086,0.0005790036116405181,0.002086602592773694,3.5492754967644092e-06,0.0015794010880880568,0.011378055759042492,0.005028513753257939,0.0018717910508127941,0.6064701374897137,0.0013742623082707711,8.145937368155694e-05,0.013791238372514043,0.14424769584864205,0.00026868658768943794,0.00031750148729876897,0.12449869336127069
5,0.005578177773481429,0.004075386177186097,0.0014819220637617566,0.00492939977618839,0.00028392674611667007,0.0013480455525728382,0.00592350336974603,0.0001707854831523704,0.033309153337480704,0.011501372482936223,0.0004548354043712968,0.0016572021030329402,2.6071174233034794e-06,0.001436296821709711,0.007712488139903168,0.00395250999395269,0.001598256449922916,0.6726749657099348,0.0009230028433500962,6.79651845976222e-05,0.011486346944492758,0.12413556396667644,0.00023099800789815782,0.00027599694538040344,0.10478929160473123
6,0.006699218164408783,0.005488732498994845,0.0020300992795145986,0.004719188154078714,0.00044366501504355726,0.0017674085472060266,0.008427331915451865,0.00023593445040272833,0.04484125681643283,0.013479127522498958,0.0005946891021470073,0.0018238534149295853,3.0028324704606145e-06,0.0015004999377625952,0.012077611305528172,0.005476096890929708,0.0017536326966396865,0.6136169837397845,0.001387617695107917,8.172800696655108e-05,0.013521690037275916,0.13892095411901612,0.00027125296472229997,0.0003195573558289743,0.12051886753685762
7,0.0017577021574872352,0.004119869319050419,0.0005251859311330127,0.005312989974200731,0.0003533440624207639,0.0012605882307560135,0.00482870556929381,0.00015355405909951941,0.04233811508650581,0.008257498170986985,0.0004788308593279906,0.0015335097474360273,1.7730579037636276e-06,0.0017817662326034427,0.019532574816979977,0.006801397362976864,0.002228188913412153,0.49189979521050103,0.0006772319670467049,7.658636405603312e-05,0.0185214398234188,0.2759446627155162,0.0002011784831715388,0.00014152971748402924,0.11127198216723103
8,0.007717346764277318,0.006479601026190032,0.0024536332377947164,0.005455988292897664,0.0004680538033760112,0.001830739261666466,0.00997621549457627,0.00025188694491334597,0.043231741020492216,0.016389454035530736,0.0006181155861634713,0.0019647749723043055,2.9724194950533866e-06,0.0016450560755289156,0.01108308901632299,0.005235865274797496,0.0016487201263157853,0.6117205892997193,0.0014322205605151574,8.661361145036777e-05,0.013532784628202869,0.12582068334945332,0.0003318487415123841,0.00035593251754543294,0.13026607393895834
9,0.006871839792455175,0.007823771806073892,0.003378900287281975,0.008810103795510803,0.00035103843767606067,0.001929244211137252,0.011714443937532206,0.0002224308545502528,0.04560671571291365,0.025406385910034808,0.0004827744839489778,0.002552056778376679,3.12877198006209e-06,0.0015835534243830434,0.009247323240625467,0.0056226229949656766,0.0013038605333182008,0.5877822482984182,0.001251610734723664,0.00010102062458695435,0.019457090302779808,0.11712764813838122,0.000419715829681858,0.00043800151179978824,0.14051246958686442
10,0.006699218164408783,0.005488732498994845,0.0020300992795145986,0.004719188154078714,0.00044366501504355726,0.0017674085472060266,0.008427331915451865,0.00023593445040272833,0.04484125681643283,0.013479127522498958,0.0005946891021470073,0.0018238534149295853,3.0028324704606145e-06,0.0015004999377625952,0.012077611305528172,0.005476096890929708,0.0017536326966396865,0.6136169837397845,0.001387617695107917,8.172800696655108e-05,0.013521690037275916,0.13892095411901612,0.00027125296472229997,0.0003195573558289743,0.12051886753685762
11,0.0068883181432386476,0.005509609460283913,0.002050008072239657,0.004761496470776442,0.0004544004775138003,0.0017295232935342299,0.008589184246086226,0.00023671566154854427,0.04512801099197534,0.01341298090363512,0.0005977090508164533,0.0019783090650773508,3.4877427968134683e-06,0.0015220426567730165,0.011757500768907555,0.005456926362342807,0.0018412895254399405,0.6108172811067211,0.0014232557571882062,8.677407957571465e-05,0.013770735300086576,0.13960356154050374,0.00027893294685671464,0.0003358352448280548,0.12176611113125409
12,0.003600765769196411,0.003592413438599852,0.0003024141127347757,0.0024899948936722453,0.00040117120901793997,0.0009835405821477631,0.0017946181534393814,3.1276938527144046e-05,0.012165354900428013,0.00846789846297362,0.0001220447918865678,0.00037246167242361775,1.5656223168689804e-06,0.0034081878691649054,0.0025163547271824208,0.0010798856703470173,0.003949559327331277,0.6924426895689505,0.00016380010556980038,7.309498508570181e-05,0.006707765308604837,0.05003230150752473,0.00019018019458956833,4.833003234728931e-05,0.2050623301559377
13,0.004410403973905832,0.004860532123538834,0.0017729701611525009,0.0062244622549592205,0.00045502980118271807,0.0012239008998706873,0.012405349067878912,0.00035891795150789775,0.033269631912869524,0.00901026297202513,0.0015576275278202422,0.003426187461081643,2.7229504988668178e-06,0.0024549894472545154,0.014197990329392658,0.003960464366715008,0.00195678380991339,0.5250902571961507,0.0013160203507627762,6.406715508804467e-05,0.016265988202275473,0.23809641387674244,0.0004456340351979788,0.00033394413732975475,0.11683944803488523
14,0.004320743961906127,0.0005150708865203031,0.0052404397941878626,0.002567207818623277,8.023212019660203e-05,0.0011696269509073316,0.004069709583291233,0.00011806290582743367,0.040073135500786165,0.0031592739652823642,0.00016920286452522623,0.001962356330422791,5.548581731514122e-06,0.00019328706867436236,0.010746428882065229,0.0031018393539709046,0.0017535746060688229,0.6425171829427285,0.0005027287283734392,2.669023246365423e-05,0.02560231477297071,0.1334446765682226,6.718212672203073e-05,0.0001748188213593958,0.118418664632172
15,0.006699218164408783,0.005488732498994845,0.0020300992795145986,0.004719188154078714,0.00044366501504355726,0.0017674085472060266,0.008427331915451865,0.00023593445040272833,0.04484125681643283,0.013479127522498958,0.0005946891021470073,0.0018238534149295853,3.0028324704606145e-06,0.0015004999377625952,0.012077611305528172,0.005476096890929708,0.0017536326966396865,0.6136169837397845,0.001387617695107917,8.172800696655108e-05,0.013521690037275916,0.13892095411901612,0.00027125296472229997,0.0003195573558289743,0.12051886753685762
16,0.007034499248151232,0.0054838338879514776,0.002106678686975517,0.004641865800608189,0.000462089487732442,0.001849358594699043,0.008346199235498699,0.00023432027961276655,0.045669931873019785,0.013090782315966488,0.0006187138947989598,0.0017282933221047655,3.010308830093664e-06,0.001451619236234973,0.012176464980265034,0.00543038991513175,0.0017799217482549067,0.619455965504668,0.0014153247268971336,8.135070708187633e-05,0.01286114397319416,0.1335272709249838,0.00027019498124345256,0.0003315434738789169,0.11994923289221647
17,0.003971145050376768,0.00429636544742971,0.0010683213664934063,0.005407276462639778,0.0004164819064291482,0.0009768399673490055,0.008003484990862028,0.0002152614255604829,0.02371341349753719,0.011680582847986487,0.00061361497571214,0.002216962535682479,3.0767784384828603e-06,0.0024002183887765456,0.008503900383783628,0.003540547761982464,0.0028199979696492605,0.5741938141838556,0.0007801286878783728,8.962156877204142e-05,0.014574250784638717,0.19245232882622854,0.000410562688899551,0.00020984773604547447,0.1374419537669927
18,0.0048137459182912325,0.0031017953958600037,0.0009924288324599205,0.0032000614243304954,0.0003528763405321877,0.000927054558343582,0.005283070503031341,0.00010029615329998317,0.023534706788721844,0.009516852334434996,0.0002644908852488215,0.0014278621977091117,3.050843162393057e-06,0.001761474024515319,0.006410119640492987,0.0025711509378042903,0.0022808741668313777,0.6471632701563567,0.0004585617313089933,7.313446979627645e-05,0.011410433619661469,0.10190746908687497,0.00021744778604286744,0.00013084444080025328,0.17209692776408875
19,0.01102837702376432,0.0023630148942278247,0.0004156318532995953,0.0005913537583178717,0.000628554950607467,0.008968405615914256,0.000283312817310524,3.9360573820285324e-05,0.013289218390034128,0.004592190263133382,0.000690882202018131,2.1931229616401065e-05,5.716530736416319e-07,0.0007700216856534424,0.003500051974149828,0.0015051577216036445,0.003151644691630498,0.8889886986647155,0.0014903794668626976,6.17764294920404e-05,0.0015857192016962064,0.01722917983421487,0.00015003445469627104,0.00040297553889290976,0.03825155511125427
20,0.00448376653379278,0.004227481091702935,0.001860185892794065,0.004779292141485533,0.00032163497585395125,0.0013770948936344125,0.008615122164098281,0.0003492160645058268,0.0426319997596825,0.011094411840754975,0.0006704802790889908,0.0022389352357148153,2.4803651630964562e-06,0.00136912438180686,0.019092162662934446,0.006398473228350809,0.0015064590194679745,0.5483504766734572,0.001363118167193384,6.813405071592087e-05,0.014211747496209787,0.22164215009494817,0.00022462950581671082,0.0002460050228804869,0.1028754184579461
21,0.007169306203501051,0.004224274017840839,0.0026269739153807854,0.0038792757371459985,0.0008113024058840643,0.002474158447136857,0.007992274400676394,0.00019755116427285982,0.04134251224108102,0.009139948488674476,0.0009658984159848347,0.0012852116146496184,4.1526652134646475e-06,0.0010705368116049286,0.01689873617012479,0.003667228169624813,0.0041590851441420705,0.542142320422121,0.0015005192406073759,0.00010378302813831983,0.014497624204011583,0.1533577315854313,0.0005679985317888931,0.0004218970715957346,0.17949969990336695
22,0.0034944687121072717,0.0404954162754405,0.0038144449516683975,0.01432546375037046,0.0010607466191635037,0.0018538039445808513,0.11812724621395171,0.0006619429279123119,0.12746573216439572,0.05208558663024584,0.0009294932549126124,0.017885243250867558,5.288816160677409e-06,0.002737706983932668,0.04015022120819668,0.01603533631581316,0.0005217363152691801,0.12255544782179076,0.005698478389360185,0.0001369449235938364,0.04696897427087833,0.20398069897097176,0.0010137490519172062,0.0006402321567486279,0.1773555960797503
23,0.006699218164408783,0.005488732498994845,0.0020300992795145986,0.004719188154078714,0.00044366501504355726,0.0017674085472060266,0.008427331915451865,0.00023593445040272833,0.04484125681643283,0.013479127522498958,0.0005946891021470073,0.0018238534149295853,3.0028324704606145e-06,0.0015004999377625952,0.012077611305528172,0.005476096890929708,0.0017536326966396865,0.6136169837397845,0.001387617695107917,8.172800696655108e-05,0.013521690037275916,0.13892095411901612,0.00027125296472229997,0.0003195573558289743,0.12051886753685762
24,0.006685765322926001,0.007077753714391213,0.0014720882009191729,0.005655037209947975,0.0003768716095161987,0.001600632340871062,0.006816776571464919,0.00020938765221572178,0.036943363394443374,0.01622123389529131,0.0005100543727396275,0.0016882370429899323,2.593452600868703e-06,0.0020332328301935327,0.008085750716115586,0.004903723424424709,0.0017472107343332603,0.6494525500074182,0.0013004166411768909,8.798445555297706e-05,0.011538093152851649,0.12949371662004666,0.00028096451840264473,0.00031095629753236066,0.10550560582163422
25,0.004432844645297531,0.005458257442230675,0.0015650434841470973,0.006854466155347412,0.00046996816238629584,0.0016392201145386523,0.011555916637076774,0.0005720740300756298,0.03144007933571786,0.013160279008590169,0.0016061364304693852,0.0021106295644994643,1.8195650078116546e-06,0.002758134682060428,0.01224427959556348,0.006114789841896022,0.0017565825601400255,0.5918426513608169,0.0016557740937723673,7.007874974880142e-05,0.013463547882315411,0.21326591438372058,0.00039325042615099475,0.0003524144460719174,0.07521584740235811
26,0.013509572264995506,0.00479396558221921,0.0026746104852654754,0.0038116984237160662,0.00046081767642495015,0.002311095472239289,0.0046385411713785124,0.00011623928444773554,0.0412076299142827,0.011386596287535997,0.000542115267910758,0.0009683127524868745,4.1002574094842135e-06,0.0008075867663351502,0.004199206415152824,0.0032521657720853006,0.002156045423944903,0.739650575807147,0.001543907173033575,8.781298852382979e-05,0.009788614829003815,0.06634557059433449,0.00032106579040136994,0.0007730273043220329,0.08464912629540312
27,0.005374032474357147,0.004717770668201893,0.001665317506059256,0.004533936852365018,0.00035833937887934326,0.0015617559619556748,0.007176347669718979,0.0002513936288959897,0.044614791660555375,0.01113159502804064,0.000617892311696565,0.001786802105198531,2.5729752063584777e-06,0.0013722773912903552,0.013920013868139895,0.0057032033744015736,0.0016927741430054321,0.5954979505744148,0.0013790007218712403,7.037940964498762e-05,0.013004526212841828,0.183026832697667,0.00022850326810866726,0.0002912651728973441,0.100020724944586
28,0.006699218164408783,0.005488732498994845,0.0020300992795145986,0.004719188154078714,0.00044366501504355726,0.0017674085472060266,0.008427331915451865,0.00023593445040272833,0.04484125681643283,0.013479127522498958,0.0005946891021470073,0.0018238534149295853,3.0028324704606145e-06,0.0015004999377625952,0.012077611305528172,0.005476096890929708,0.0017536326966396865,0.6136169837397845,0.001387617695107917,8.172800696655108e-05,0.013521690037275916,0.13892095411901612,0.00027125296472229997,0.0003195573558289743,0.12051886753685762
29,0.006699218164408783,0.005488732498994845,0.0020300992795145986,0.004719188154078714,0.00044366501504355726,0.0017674085472060266,0.008427331915451865,0.00023593445040272833,0.04484125681643283,0.013479127522498958,0.0005946891021470073,0.0018238534149295853,3.0028324704606145e-06,0.0015004999377625952,0.012077611305528172,0.005476096890929708,0.0017536326966396865,0.6136169837397845,0.001387617695107917,8.172800696655108e-05,0.013521690037275916,0.13892095411901612,0.00027125296472229997,0.0003195573558289743,0.12051886753685762
30,0.006699218164408783,0.005488732498994845,0.0020300992795145986,0.004719188154078714,0.00044366501504355726,0.0017674085472060266,0.008427331915451865,0.00023593445040272833,0.04484125681643283,0.013479127522498958,0.0005946891021470073,0.0018238534149295853,3.0028324704606145e-06,0.0015004999377625952,0.012077611305528172,0.005476096890929708,0.0017536326966396865,0.6136169837397845,0.001387617695107917,8.172800696655108e-05,0.013521690037275916,0.13892095411901612,0.00027125296472229997,0.0003195573558289743,0.12051886753685762
31,0.011483292685371077,0.006219873705745342,0.0034133353343451626,0.004765932707767606,0.0003887707350619075,0.0016000654728535908,0.009772023234394151,0.00037926214574728366,0.03567292720035834,0.019134139150810026,0.0005222754317419266,0.0016562959175307646,2.7052417538911715e-06,0.0014231103637564562,0.008282430471278428,0.004458155017538892,0.001372546861307938,0.6737954724251078,0.001658797042004818,8.083973713433091e-05,0.010366305769878464,0.09755041796592971,0.0002925908878975331,0.0003357653688828503,0.10537266912580175
32,0.00718896898639305,0.005757171609566146,0.002066536496735515,0.004520117415390097,0.00043982306183505085,0.0018443919083469054,0.008248446574659262,0.00024882576350079963,0.04688510377607858,0.013513843795818554,0.0006149181398533024,0.0018800931600753323,3.189723952919577e-06,0.0014872694491819063,0.01228930940854195,0.005615402933431547,0.001767343133711998,0.6110388615955574,0.0016474619527371732,8.174945949726468e-05,0.013463414769339854,0.14423976791190232,0.00026847210307703835,0.0003471587423430246,0.11454235812847308
33,0.003999128549733196,0.004857340619361612,0.001013652438120446,0.005633329870486981,0.00040622570844264506,0.001931154023893895,0.005920318442610523,0.00030352703794876175,0.02447521717399884,0.016687149974857533,0.0008495965156151644,0.0013576622484509943,3.058648511596053e-06,0.0023108538102233145,0.0071773025699454615,0.00603783469739419,0.003322820744722389,0.610413764839584,0.0017012970321729673,0.00010496410460464189,0.01399956369548807,0.21403649498775099,0.0004426380146889866,0.0004023089000103963,0.07261279535138251
34,0.032258244044421555,0.010678244878597086,0.004620835850215563,0.0018960896530251358,0.0004575522322574443,0.002385229181561318,0.007111468843028303,0.0002729674703347297,0.16472854859828576,0.005056957203341949,0.0007721000855248582,0.0024354547712543604,4.560930575153943e-06,0.0006891418676621498,0.015151298407185557,0.004259080499463073,0.0008998738506940992,0.5669758538550957,0.00791446706163485,3.434312949356409e-05,0.008089666850694777,0.0969440932405886,8.492657313103253e-05,0.0006832920820432563,0.0655957088398901
35,0.0051034993541123775,0.007904394913724185,0.0020179465965983467,0.005956955597975586,0.000761797524928471,0.0027337236465635223,0.011418841073713165,0.0002719851055397351,0.0449982355475999,0.01862297907723775,0.0010225307944248768,0.0020336865845127674,3.625179870837654e-06,0.0023123075630655326,0.020778976832583857,0.00774760212724583,0.002649033183030383,0.4895336619652932,0.0018570350679665544,0.00013339771453889273,0.018388302303770646,0.18862273570216054,0.0005410781157580515,0.0004044786493431119,0.1641811897784419
36,0.0057459479337072395,0.004210011581171445,0.001555020238106477,0.0037766013945710513,0.00026572393903166833,0.0008417674575275565,0.010000050783104765,0.0004615678164142099,0.04119917701310864,0.00863334670247575,0.0005581338483299181,0.00413686846667116,3.8220574622271466e-06,0.0014834164437305074,0.018006795061472448,0.007066056669806615,0.0015927449806529363,0.5100459370601421,0.00183502346635447,5.610477563697564e-05,0.011187820749911351,0.26662830351334177,0.00012942746342850216,0.00018393372807052195,0.10039639685576972
37,0.010348504113654445,0.004806321138619499,0.0025379033801761247,0.004729366788000365,0.0003107009319143387,0.0013642192896141704,0.007006097202104984,0.0001613959911289953,0.03428123439721853,0.014841382442068092,0.0004541874941924254,0.0015968080569699055,2.9069834828002084e-06,0.0010434612790529228,0.004724287230600201,0.003261655482549451,0.0013093797986576373,0.7157479222726043,0.0011859933692377055,7.226839319602613e-05,0.010026753315907574,0.08583790583484817,0.0003052950986778651,0.0005043963949996256,0.09353965332052386
38,0.013947955441270306,0.007045267065492838,0.0037805145691229966,0.003023687774934906,0.0007171157464768969,0.0033584128635162076,0.01179289622427649,0.00024703251241680176,0.07600552111955522,0.016409524812583474,0.0005895583895284752,0.0015700029678631239,3.6655339142096465e-06,0.001220809203953276,0.01951676317300401,0.00832909511960961,0.0010820232483346058,0.5918872329053045,0.00244557951259945,7.481818229757977e-05,0.00964377831298549,0.08244969897407627,0.00020200061017402042,0.0004261753783351227,0.14423087035837415
39,0.005110239115389844,0.002282642655728484,0.0029418943861444454,0.003950706883113354,0.00032548875460411755,0.0030840099001597054,0.006252139948766936,0.0003308655750274228,0.04308314104033193,0.012795943033050762,0.00047975965307674244,0.001367091066543316,5.207912875228835e-06,0.0007918102257027091,0.012855121678932541,0.008727335288609679,0.002546591281058082,0.6369408906303979,0.0017358768063005998,8.730072873480055e-05,0.022100130965889524,0.14062007241766128,0.00020658683586481717,0.00036053427973039995,0.09101861893630538
40,0.00918624162380773,0.007543634042116866,0.00344898669719805,0.003959456871955751,0.0005284100606899782,0.0016324192253021686,0.014585359688249451,0.00025407417626080307,0.06637605288698736,0.011903099674248026,0.0006046579673892788,0.0032294688076901813,3.5382693445579006e-06,0.0016388190931342834,0.022488756403042917,0.00486003657133934,0.001223126793674294,0.49447440084132566,0.0016098258156466646,6.32004810345127e-05,0.013174722694591533,0.1437191238636875,0.00023518500009522087,0.0002513318011894774,0.19300607064999842
41,0.013914942797204826,0.006455246370939668,0.0034638824137234697,0.0027901213045456695,0.0014601764372687927,0.0019762832429164943,0.01446281133540362,0.00023993559516610042,0.1176468959957613,0.0074189438830976,0.0005947056826240529,0.001509097531544595,3.978543572049006e-06,0.0008704020003724005,0.03183476270039511,0.009789616406967338,0.0011201002588108345,0.5447685751752505,0.0010818580829588522,8.1575609586222e-05,0.00732403582603847,0.06637288792210219,0.00011650440333742406,0.00024385716339875822,0.16445880331701382
42,0.003744226484661651,0.0034342893811641537,0.0018537484452826889,0.004905435739851884,0.0001952413003957469,0.0017461651778279321,0.006485143585761909,0.00046752009507625717,0.040588093843460384,0.014267857956275285,0.0005776046563747956,0.0023195481987001946,3.42247008686094e-06,0.0009335091381202821,0.015789157191945964,0.010296181120336107,0.0017294532953374662,0.5210176463988696,0.0026347672380310112,7.642583261804687e-05,0.019075862678157644,0.28498661486219345,0.00020348527397713123,0.0003710782964850125,0.06229752133900841
43,0.015067816973271685,0.007900204904135361,0.00264839733864358,0.0042228832525901695,0.0007634911354438718,0.0010506784477851124,0.0146859352528458,0.0002086687016019361,0.06969318276349382,0.0045815504248986495,0.0011605717263985602,0.003571321773775022,2.9891601855708545e-06,0.0015073820993721611,0.01800116121958214,0.003223289481502779,0.0013357977554349619,0.5525199325632801,0.0013307816926806885,4.3728200139449154e-05,0.0068020352049064986,0.11079149507633967,0.00019901287942899123,0.0003070226352430895,0.17838066933702038
44,0.006699218164408783,0.005488732498994845,0.0020300992795145986,0.004719188154078714,0.00044366501504355726,0.0017674085472060266,0.008427331915451865,0.00023593445040272833,0.04484125681643283,0.013479127522498958,0.0005946891021470073,0.0018238534149295853,3.0028324704606145e-06,0.0015004999377625952,0.012077611305528172,0.005476096890929708,0.0017536326966396865,0.6136169837397845,0.001387617695107917,8.172800696655108e-05,0.013521690037275916,0.13892095411901612,0.00027125296472229997,0.0003195573558289743,0.12051886753685762
45,0.00619829062203953,0.003697775492843493,0.0028913813351185047,0.004105328773098266,0.00046063511032526,0.002268506471987039,0.010970355590947731,0.0005464550880945123,0.05985233070621112,0.010588402006181965,0.0009815745239516549,0.0018468047501837802,2.9744151923917615e-06,0.0009367565878987114,0.032876723452413555,0.01270343610619232,0.0012830168490955347,0.5649439613112317,0.0021149692714398705,7.128480844416944e-05,0.010255011779782084,0.18176904355720672,0.00016271449554526864,0.0003518102528639608,0.08812045664171085
46,0.009591911983595963,0.008178907431158134,0.002836034158879533,0.004293703525364084,0.0005955771960923231,0.0016669561645624394,0.01440062568679749,0.0002650335010352799,0.06803377066467187,0.01614588399076071,0.000570859987703692,0.002249322387806553,2.3968588668181724e-06,0.0015495636762300029,0.01589921789819868,0.0062268278844484996,0.0008557736135221625,0.593640460962326,0.0014725177633335082,7.107052899195786e-05,0.011560318644874052,0.09946424104779182,0.0002225837203435378,0.00030014781357490613,0.13990629290907003
47,0.006981126084121758,0.005079650717861887,0.001976607814603575,0.0043286748653333495,0.0003993008748558895,0.0015695368790238475,0.007988501465656018,0.00021487576537034895,0.04563521733530062,0.012650581466735183,0.0005023308384582602,0.002011422160116808,3.40359158648683e-06,0.0013387935386015646,0.011597694099187419,0.005577629013866503,0.001748283515098321,0.6102973903829821,0.0013729429718429794,7.91341002152149e-05,0.013623089555508831,0.14307341100201312,0.00023563543368311442,0.0003088679431811379,0.12140589858479572
48,0.008628786497297257,0.012564859700683169,0.0019153703734654554,0.005382846021249033,0.0004927057261244515,0.003839885324508167,0.007065694944564254,0.00034639847568658326,0.04931320858599382,0.025177690000270734,0.0010516321892071032,0.0016858897438578495,3.908558095460045e-06,0.0020674241569254067,0.00996258867983926,0.007226672210874284,0.00292032257870355,0.5452555609583885,0.006751517913312585,0.00011627118150594821,0.015549638532898825,0.2149319436891412,0.0005408845539671487,0.0008843159310272219,0.07632398347241279
49,0.006126044767891491,0.005032476326735529,0.002352848372989897,0.00549549149242465,0.00033358904425132577,0.0016538900477960636,0.008561867552383255,0.00021909552679219511,0.040410552116388956,0.014686626895935332,0.0005336617088651473,0.002174314317860979,3.1551053749115136e-06,0.0014563701159087863,0.010662712393204132,0.00475310819817452,0.0016054669441867928,0.6068543985172872,0.0012308019519477872,7.731761966155809e-05,0.015261982876059987,0.14389197703139386,0.00029910434599188707,0.0003312745725066986,0.12599187215798713
50,0.007405076168648017,0.007022882254116219,0.0027459791365012265,0.0048544421372481794,0.0005924793141786743,0.001392969258358347,0.0215738407250969,0.00044657331233740493,0.029535447505273076,0.030423781929969286,0.0005628181824093102,0.003001165827794893,3.296600941281581e-06,0.0027674187992795473,0.013871872822801086,0.005730223364733466,0.0014310291942143082,0.5127088085085519,0.0014495196147221458,0.00010279515948262925,0.013348564468384633,0.1377293774890544,0.00048495508521736254,0.00022776165486928864,0.20058692148581636
51,0.006542764845229343,0.01164207697206493,0.0014322542900364803,0.007294873974344629,0.00018131876713941672,0.0009945065550787996,0.006039416768334264,0.0002683118787364784,0.04308043023161948,0.012454355802884431,0.0004942277864160823,0.002430170112543372,1.26066403362957e-06,0.0022934864813142224,0.009735275134171129,0.0030762210007142785,0.0011212447103066275,0.5838091559191759,0.0015910256468386582,4.8698027151300766e-05,0.009948270056127138,0.20843419376008657,0.0001941047442103093,0.00021251749606911193,0.08667983837537346
52,0.0065647030108217895,0.029441677145977382,0.004190462416681533,0.01924047293546651,0.0007778415534126391,0.000971618443621271,0.04660341133914416,0.00038358717187890137,0.05830031266222813,0.030300977200306223,0.0008635330191497955,0.01652683735603921,8.081960297577532e-06,0.0026570516934421857,0.009242591511210974,0.0048625837866918455,0.0027655417638977175,0.21273512254431406,0.003064940047833021,0.0001786143255394886,0.06962656892866587,0.268387202119154,0.001870190786590657,0.0007532031018039639,0.209682873175831
53,0.005061983327456447,0.005768989114831127,0.0028347152618344454,0.006120351334345508,0.0008365907227048521,0.0013718604715234441,0.02862864851946929,0.00041125637026369496,0.05108861285847451,0.017098550176841646,0.000992636226594252,0.003938175847071457,3.528060980260019e-06,0.0018744293869502107,0.02484069470056055,0.007915050528369159,0.0013147490322994594,0.4561378703721575,0.0011618639259886204,9.805162787910704e-05,0.01753990848507455,0.17631158171045055,0.0004804549040000843,0.0003106894162837702,0.1878587576175957
54,0.009349804731292268,0.009723666228812235,0.00174345395873765,0.0036614459289707473,0.00048191252434144237,0.0013765500323824524,0.009411224456915326,0.00014951156705340267,0.04715454107411116,0.01600056685404085,0.0003070925537145749,0.0020752229057929305,2.401814567315741e-06,0.002242577448633627,0.01547898500763498,0.004298338657755208,0.0011446293236565016,0.5349387711188903,0.001053165858298732,7.074540947066605e-05,0.00866670873474679,0.10179701743426187,0.00019673842964635307,0.00015441242724009534,0.2285205155190324
55,0.008475703852101935,0.004201911844349957,0.002164644597055466,0.004067644316792853,0.0002530239733172676,0.0010267519656833456,0.007996691733085886,0.00013788274612918248,0.08181742178993848,0.006891869798138942,0.00030482158587040654,0.0033606904285523173,4.307066568046893e-06,0.0007541795774900195,0.009346572885447223,0.004623738589856771,0.0008696280444040587,0.6419168273659154,0.0010866078769921333,4.414476444284416e-05,0.012398409939217524,0.10489081889228188,9.755142370947495e-05,0.000303132181834508,0.102965022760824
56,0.0068387194021977925,0.00545086883607201,0.002048597788188829,0.004741897559377631,0.00043846031322672315,0.0017232596281149246,0.008602429348060684,0.00023697011984530412,0.0447737638761936,0.013198760036427313,0.0006009543704825382,0.0020233679405019145,3.4201669125409293e-06,0.0015426568740731317,0.011890223310039173,0.005317283287157768,0.0018126604319250671,0.6076536977836167,0.001435935227589028,8.292190079219793e-05,0.013761824512249509,0.1422868370608889,0.0002758016503232025,0.00032932007225598356,0.12292936850348765
57,0.006191073103798927,0.005309811242845779,0.0018394386368406543,0.0045879854858142865,0.00035704236234352006,0.0012413555120692618,0.009077414818936598,0.00025586029654905496,0.04482722206812562,0.013888449223318089,0.0004528924410197012,0.0031821747164785035,5.127272216859688e-06,0.001387608298492356,0.011816774842833331,0.006185009602676067,0.0021059563991121665,0.549068305484568,0.0016779526559532285,9.62424041888209e-05,0.016651535961820185,0.19479881892891934,0.0002503829662069397,0.0003082376641453418,0.12443732761072748
58,0.0078409187033679,0.0057293678584287465,0.002240507575070181,0.004920552966087155,0.00043845209435130046,0.0018515025837345298,0.008775322916777439,0.00023416496747056859,0.04755302689189073,0.013293762904742018,0.0006798003508701268,0.0020712056405527155,3.430960322052612e-06,0.0014172288482666342,0.010566587604653562,0.005257865687295588,0.0016695093575571289,0.6245618014197302,0.0016850298084774736,7.916119097835959e-05,0.01354419527115591,0.13454127260594329,0.00029696425334112644,0.0004388128688407751,0.11030955467009476
59,0.007701029864150515,0.005703238638123196,0.0025690156943815367,0.005124807336498292,0.000450804085174404,0.0019552638970203825,0.009196776373790148,0.00024528795354675746,0.049496069260885414,0.014307722385276292,0.0006806623576023313,0.0019887382620653337,3.328910075670788e-06,0.00130692199895512,0.01146519269473036,0.00570485228536382,0.0016370791079959941,0.6173138523386857,0.0016500374663502054,8.53397340241221e-05,0.01462299124663442,0.13474661832002585,0.0003102151130106588,0.00045547095482828423,0.11127868372080497
60,0.006699218164408783,0.005488732498994845,0.0020300992795145986,0.004719188154078714,0.00044366501504355726,0.0017674085472060266,0.008427331915451865,0.00023593445040272833,0.04484125681643283,0.013479127522498958,0.0005946891021470073,0.0018238534149295853,3.0028324704606145e-06,0.0015004999377625952,0.012077611305528172,0.005476096890929708,0.0017536326966396865,0.6136169837397845,0.001387617695107917,8.172800696655108e-05,0.013521690037275916,0.13892095411901612,0.00027125296472229997,0.0003195573558289743,0.12051886753685762
61,0.00774829608239626,0.00567871535745996,0.002548863600560432,0.005054360194687054,0.0004541264621249592,0.0018913128458413768,0.009313731578757508,0.00024488121765040715,0.04899670914452882,0.01410045528268844,0.0006645255831110647,0.0020416959181042385,3.4759893607132972e-06,0.001333828582998428,0.011491071283842537,0.0055661976952732445,0.001642086883880802,0.6166945052636402,0.0016036334348820448,8.533031549172342e-05,0.014334327708550861,0.13338966207536124,0.00030619412692183944,0.0004373100875730385,0.11437470328431282
62,0.006699218164408783,0.005488732498994845,0.0020300992795145986,0.004719188154078714,0.00044366501504355726,0.0017674085472060266,0.008427331915451865,0.00023593445040272833,0.04484125681643283,0.013479127522498958,0.0005946891021470073,0.0018238534149295853,3.0028324704606145e-06,0.0015004999377625952,0.012077611305528172,0.005476096890929708,0.0017536326966396865,0.6136169837397845,0.001387617695107917,8.172800696655108e-05,0.013521690037275916,0.13892095411901612,0.00027125296472229997,0.0003195573558289743,0.12051886753685762
63,0.007326830178380905,0.006885165617004661,0.0020988821412889257,0.0049924495644483105,0.0004754830096464572,0.0017991527446508452,0.008727547989679544,0.0002382494188054252,0.04748482485030838,0.014843308859796624,0.0005968698817544629,0.0019415183204086583,3.0796155305676996e-06,0.001659685159194821,0.012374286219032552,0.005445200650350551,0.0017913340243604341,0.5963021323961814,0.0015382186765986203,8.898413348235425e-05,0.01385424749371557,0.14202117912745912,0.0002979311508101901,0.0003321562504764868,0.12688128252663422
64,0.005730542993850944,0.00543736281037968,0.0019575699087840026,0.005096370059925689,0.00040621795958467886,0.0017150546595204419,0.008320358047100905,0.00022243649701693277,0.044071488136878834,0.014677235225799383,0.0005228048730254412,0.002064219447538562,3.3651524137781718e-06,0.0015911179587304023,0.011399294922317364,0.0053268505040504534,0.0018366004222494104,0.5944107989662405,0.0013046953647060245,8.918200045754116e-05,0.01761075495019869,0.15024112270288006,0.00029905031039866384,0.0003134064540616502,0.12535209967188998
65,0.006310036557620675,0.005619868813142569,0.002119301128597859,0.005064636245562564,0.0004452676221794216,0.0018030199035450124,0.00907688157053154,0.000255653112586059,0.04101592585473752,0.01574375709797502,0.0005805974503065287,0.0018332420348141153,2.918309097729654e-06,0.0016549759308688676,0.012167331828653136,0.005535014472600175,0.001770872002506967,0.6050900101085762,0.0013292672784980877,8.874322911865955e-05,0.014487603423565157,0.13903739733712384,0.0003060818488478216,0.00030309801683882365,0.1283584988221057
66,0.007901526735355371,0.004818259054509637,0.0025275989243022747,0.004111224649667928,0.0005715672154365809,0.002265537954824335,0.007893124214380908,0.0002013207745836437,0.045229498552830184,0.014732945624879937,0.0005901213792399895,0.0014351966083384533,3.967242405689992e-06,0.0012199073290615231,0.010569645963394329,0.005636238103981894,0.0020939081174493656,0.6385365485507667,0.0014007968535978566,0.00010636056422107472,0.014712296893871369,0.10752868006973515,0.00032543675378905523,0.0004261825450180609,0.12516210932435856
67,0.0017636032464074093,0.0014034830463422836,0.0008983594982722302,0.006454830024588436,0.00022172699295810267,0.004035642459761572,0.0022651163075658514,9.429679358375438e-05,0.009573670590239499,0.01977904975612305,0.00044426275469089193,0.0004969229159933129,3.7199816694923373e-06,0.0018929979699320516,0.003261941534117578,0.0037160070749651538,0.004775409740479717,0.7345479001092856,0.0005173242531436407,0.00013671219986479866,0.02067305960643894,0.08756483108027527,0.0006154528497074751,0.0003760005191484794,0.09448767869444567
68,0.0075144036476184435,0.004889757645169423,0.0029340233676306837,0.006262956957413979,0.0002431681354578545,0.0013691530016107798,0.0077950308970966605,0.00019165364238286534,0.04046109124922474,0.015281854754526739,0.0003789243920619463,0.0020328231409552154,2.5706347927500803e-06,0.0010907941379054268,0.00542796379476297,0.003725004334724372,0.0012663228377345914,0.6758036721892065,0.0010416242293234985,6.346037932282695e-05,0.018141493444406957,0.10563043021652749,0.00027089719583376243,0.000370904258696964,0.0978100215156126
69,0.006297978240062559,0.00752563222044983,0.0031659687668244762,0.008017103033826136,0.000633774646571851,0.00265346188262457,0.01380826768317511,0.00040580128099027625,0.04873959151312037,0.020555302882729044,0.0013211807705345968,0.002530966597892582,3.4512805367550913e-06,0.0017630082278790467,0.015818708187772403,0.007885604055412726,0.001901774313916723,0.5403595298803385,0.0023097698310769257,0.00012581501103772338,0.02283820051490078,0.1772213294240303,0.0006632751789948403,0.0007208158023216095,0.11273368877298026
70,0.0068854481247044045,0.0019854939162928333,0.0019717415752273757,0.0029191576157200773,0.0002686137624999836,0.0006303653409013816,0.006644323531415646,0.00022842789038237678,0.02449211947816837,0.007938872203389916,0.0001762283826642199,0.001064194536529729,2.017942085584095e-06,0.0009648917112248356,0.010655604704003428,0.0046615794547522245,0.001089914408479035,0.7198581120659229,0.0002502802121722562,5.650311891766867e-05,0.0041975051604345275,0.06381022547727715,5.5872846914249054e-05,5.6266177506487725e-05,0.13913624036241334
71,0.007442012456498104,0.015457067156516418,0.00150778380826041,0.006818577858454023,0.001524056651076215,0.0014296331716821058,0.014872329200844955,0.00019878317703334736,0.04512336789741462,0.04065042028565672,0.0004329579147675874,0.0020952337836732905,4.7827804031632405e-06,0.002561543957153352,0.012325197438907233,0.009100204673848582,0.002336507383492493,0.49738783952529936,0.001057666282667574,0.0004122926586229199,0.01785655017587663,0.09838200977437148,0.0007464152740096692,0.000388478312213439,0.2198882884012564
72,0.005365587598179607,0.00140111131782756,0.0029281602110956644,0.003098664494063769,0.0001672207492082309,0.0016881521536472194,0.006645111614328051,0.0003298776024550797,0.06259005600348368,0.005331995955167669,0.0003952238737025516,0.001747052505001521,3.4480754731020483e-06,0.0005985659937809818,0.008382456592561555,0.0073887465678644125,0.0006688476229739376,0.75272701186737,0.0010263826279552182,2.74383233616791e-05,0.012807831201377864,0.08204242396155705,4.2815913735317176e-05,0.0002457146529060573,0.04235010252092238
73,0.008937407232927042,0.012017836768715848,0.0018560711479325854,0.006985558430045199,0.00029874878484033155,0.002802718186658216,0.005672383550306584,0.00018679940128621736,0.08207912733898863,0.016057006063185178,0.0003648287577667711,0.0009093137033673542,1.1102121749917105e-06,0.00161814159175819,0.005247143069589104,0.005944789189688063,0.0006568811645892914,0.7274873358589521,0.0014686107449500304,4.424261149101092e-05,0.009289380982950983,0.05677950297020832,0.00010352775967480632,0.000316977092274363,0.05287455738567885
