,0,1,2,3,4,5,6,7,8,9,10,11,12,13,14,15,16,17,18,19,20,21,22,23,24
0,0.0017499729206003854,0.05606995681302486,0.00036393284520952403,0.06660631092396209,0.07039085169003574,0.20491368031269416,0.03357123655428956,6.215661481250575e-05,5.554221348790158e-05,0.05468813678325412,0.01285773390850001,0.0010948079237372314,0.00010404431330980964,0.3266682304964551,0.0009573256012503425,0.01380068133489864,1.726150602413631e-06,0.007980627779443352,0.0024526615260429974,2.16229144498981e-05,0.00830174425906338,0.00045755864425388846,0.13031683052928833,0.00018204317308345228,0.006330583774250325
1,0.0015342092304401287,0.09030250637064571,0.0001641632798238156,0.0929198925370345,0.044892213800650234,0.10014848717630896,0.02383849762748723,5.619790455164656e-05,1.7705645747153877e-05,0.05871379535388973,0.008110424488299501,0.0008251736330563675,6.878781748101165e-05,0.2972131985501525,0.0006882859038718802,0.00800616545408324,2.7738693903703062e-06,0.014001649173638648,0.0014231927944402044,1.5397795331860485e-05,0.012163231626409785,0.0006253877859097038,0.23363805288522083,0.00022983673400339057,0.010400772562131476
2,0.0014410565514537622,0.07529580672033345,0.00013612819101722657,0.06861176426959256,0.037767972056920535,0.12184713854877825,0.025335768314679312,5.64892128486264e-05,2.4854931434783827e-05,0.061504109030497175,0.0067540508318730645,0.00067551291179803,5.018450451759026e-05,0.27725755225844845,0.0013213870781315163,0.013537264918331125,2.5909387965466943e-06,0.008182008398396973,0.0020896335900694738,1.5068859669636413e-05,0.013182392283268033,0.0007365943147912917,0.27229095469692255,0.00017111293313671198,0.011712603654293203
3,0.0014147922953138847,0.08641419728548852,0.00019426229675406116,0.09366980925529754,0.04784541671807057,0.11750383291381594,0.026861042545020287,6.618425881713545e-05,2.927167439407782e-05,0.07407679666616268,0.007856476076948738,0.0007628358662179021,7.076594988193559e-05,0.3056182289876885,0.0008011265290848423,0.010499072224721689,2.2911022646326355e-06,0.01081145913948374,0.002037845799804618,1.8059225212720697e-05,0.012660141293563104,0.0006057017216553668,0.18908733067648953,0.00019929836390449482,0.010893761133943566
4,0.0012706823516301878,0.08445341601850444,0.00021013562733389533,0.09046828211317211,0.05162496451466257,0.11776293450009671,0.02574095064441352,5.837359678325538e-05,2.8772574928035736e-05,0.06987926423516697,0.0075807576049233445,0.0007490194967156528,8.373101747643451e-05,0.3333186322455853,0.0007240395218557596,0.009550735416978139,2.0894688657551545e-06,0.010213845225120775,0.0017977912684734247,1.7862226495552876e-05,0.01096412916734846,0.0005598954914598276,0.17351528972239377,0.0001943672432146527,0.009230038706401426
5,0.001171356375409451,0.08604310748333731,0.00016241625682319655,0.11229709408915786,0.04696068226795946,0.10577963351565756,0.02340657273990319,6.317532435728233e-05,2.1170517272439115e-05,0.07757321437849747,0.00724093328262497,0.0006671146823507262,7.025859955704781e-05,0.28638929042701594,0.0005795322469390568,0.008621882574271832,2.219885108328492e-06,0.013550572320866651,0.0015555642961749083,1.7489989461970716e-05,0.013145169146659171,0.0005210042531497802,0.2038233487679543,0.0002113894249423942,0.010125807154547754
6,0.0014147922953138847,0.08641419728548852,0.00019426229675406116,0.09366980925529754,0.04784541671807057,0.11750383291381594,0.026861042545020287,6.618425881713545e-05,2.927167439407782e-05,0.07407679666616268,0.007856476076948738,0.0007628358662179021,7.076594988193559e-05,0.3056182289876885,0.0008011265290848423,0.010499072224721689,2.2911022646326355e-06,0.01081145913948374,0.002037845799804618,1.8059225212720697e-05,0.012660141293563104,0.0006057017216553668,0.18908733067648953,0.00019929836390449482,0.010893761133943566
7,0.001486509387278987,0.09363052049901427,0.00021090917703568075,0.09516284821012479,0.04689753203959733,0.11608690564219437,0.029223745211564248,6.690111754880363e-05,3.1453714151111604e-05,0.07331132391111914,0.008534538816478731,0.0007726180080645712,8.051466684910974e-05,0.30624801889069764,0.0007991598250057755,0.009895168136985651,2.321496432520884e-06,0.011314513920429755,0.0019934418185203386,1.9473072141449215e-05,0.011948913307239288,0.0005997220274247025,0.18063793764433633,0.00021647304639715179,0.010828536413368166
8,0.0014612927780886316,0.0918932141564671,0.00019135465222922142,0.11868682204870375,0.0418211053805977,0.06106263055014061,0.025426636781625784,7.729777638859635e-05,2.0871003165096017e-05,0.09774390443944465,0.0033255826460645435,0.0005270783234841376,6.664623260850608e-05,0.27230446384771834,0.000708027493782029,0.01128271565805071,2.8927166363658992e-06,0.008378495058821323,0.0015076299481533897,1.4517329033535322e-05,0.01221276221283904,0.00047388430934530636,0.2320415997410148,0.0003345809670130988,0.01843399394858389
9,0.0015684241747553722,0.14197819337868506,0.00041260712265210137,0.14340732665703004,0.05568637188480943,0.054509471669667506,0.03135900181004137,9.268615295230655e-05,4.088376706923824e-05,0.1046804232979927,0.004708087512197999,0.0005738783915600093,0.00013989601566407174,0.27607116071642895,0.0006634511569073071,0.007350657455347082,3.117658230266076e-06,0.00956401713866153,0.0014339273871044073,1.96302286003861e-05,0.009740696150979828,0.0003768571436494556,0.1355221446879601,0.0005927817626453008,0.019504306678408172
10,0.0014147922953138847,0.08641419728548852,0.00019426229675406116,0.09366980925529754,0.04784541671807057,0.11750383291381594,0.026861042545020287,6.618425881713545e-05,2.927167439407782e-05,0.07407679666616268,0.007856476076948738,0.0007628358662179021,7.076594988193559e-05,0.3056182289876885,0.0008011265290848423,0.010499072224721689,2.2911022646326355e-06,0.01081145913948374,0.002037845799804618,1.8059225212720697e-05,0.012660141293563104,0.0006057017216553668,0.18908733067648953,0.00019929836390449482,0.010893761133943566
11,0.0014021210456990282,0.08837915764948119,0.00019804978240240046,0.09378112967391752,0.04718183287962332,0.11563455590717622,0.026907667319468268,6.399255616626488e-05,2.877474236760426e-05,0.07238928886745369,0.007862486225402763,0.0007707855702886965,7.864623704881113e-05,0.31226666352196436,0.0007597559082539581,0.009924397200678515,2.2969780743543686e-06,0.01117144256305049,0.0019061583608181774,1.8815445212327134e-05,0.01185816512128027,0.0006009658893402006,0.18616551836443745,0.00020339251427863508,0.010443939676115453
12,0.0013531364728586364,0.08240647243224512,0.00017872021917876923,0.09078202557206116,0.048097656210783844,0.11487123096348077,0.024374239728810972,6.0609236987947924e-05,2.391042156947412e-05,0.07015934964361469,0.007384420399868784,0.0007769728942505002,6.80636613076401e-05,0.3116695067198323,0.0007259843825811627,0.010120050585593043,2.306469773645118e-06,0.011245628589051591,0.0018173537189600385,1.686277827609586e-05,0.012423535620342565,0.0006126323945628949,0.2005656919097863,0.00019105142123340086,0.010072587552988458
13,0.0018609543556463654,0.07266964116282376,0.00029428702942825834,0.0827379601695078,0.05309120825034935,0.10861406872654729,0.02697699057720837,7.416602245091065e-05,3.687534411790356e-05,0.039542472635707496,0.015173693606415415,0.0017361864383923671,7.571340659269289e-05,0.38630886736484155,0.0010512911534733462,0.007963158403525973,3.2622867966490975e-06,0.010605314728227427,0.002488698308076021,1.929470900173118e-05,0.014754810516017965,0.0007950990132134851,0.16271377284198726,0.0001641827866962774,0.010248030162954294
14,0.0019081162515211679,0.06281349295946898,0.00019943226078787414,0.08540968929449853,0.040770401145377874,0.1120832313223587,0.028373506388316715,6.44300395174335e-05,2.594606935163192e-05,0.05354417208018007,0.00781854321895423,0.0010325296909388668,5.836130972078521e-05,0.32860824931621324,0.0008966738543611712,0.012499428192008779,2.5787822872303057e-06,0.010161098129111265,0.002113309357407798,1.7802974543095023e-05,0.012837030390827278,0.0006381884206395817,0.2253508873082619,0.00017453088461990922,0.012598370358726
15,0.0014147922953138847,0.08641419728548852,0.00019426229675406116,0.09366980925529754,0.04784541671807057,0.11750383291381594,0.026861042545020287,6.618425881713545e-05,2.927167439407782e-05,0.07407679666616268,0.007856476076948738,0.0007628358662179021,7.076594988193559e-05,0.3056182289876885,0.0008011265290848423,0.010499072224721689,2.2911022646326355e-06,0.01081145913948374,0.002037845799804618,1.8059225212720697e-05,0.012660141293563104,0.0006057017216553668,0.18908733067648953,0.00019929836390449482,0.010893761133943566
16,0.0011929579379429825,0.08110050204497186,0.00011779458445220334,0.10262529841548633,0.03364124758268767,0.11978860659505754,0.02527632254101265,7.159004855804616e-05,1.9467507846431285e-05,0.11281330802284517,0.006565935066839198,0.0006624607635429601,4.628114939795772e-05,0.25510037923971257,0.0005583829300711909,0.012790979591515712,2.1252254031750935e-06,0.015687654536942736,0.0019148427419039208,1.9396063227545902e-05,0.02116242053711508,0.0006939109649494879,0.19775244539002992,0.00016358599273068075,0.010232104525756899
17,0.0011520307235188827,0.05693668082964322,0.00014989639825314815,0.11393033265952342,0.03674876610499899,0.08062341590831233,0.02029647619557311,4.7774639449694605e-05,1.2714039953143117e-05,0.051378124282398796,0.00539449766530787,0.000805495918647025,6.096486511664519e-05,0.37163328033975707,0.00035650823623787796,0.007711067300267963,1.7837212979900683e-06,0.012316468794026243,0.0011098346873684977,1.6225474600055814e-05,0.010999132424520778,0.0004327460058148334,0.21812593787105397,0.0001417511021508617,0.009618093812207532
18,0.002915215762836735,0.10771954787099898,0.00020786201807486296,0.10139538785242865,0.03079143188677274,0.05463125790167724,0.029904630188236886,7.546197457685283e-05,1.523911135482902e-05,0.06811662281673478,0.0054333051291926265,0.0013116145551659345,8.028577879512523e-05,0.31075408102296453,0.0005546870736944723,0.008214469725605592,5.207894886341263e-06,0.02081519729516877,0.0014668106218792118,1.7278171205175192e-05,0.014110537004970659,0.0009194410490824816,0.2212460364943338,0.000364455458773853,0.018933935340589108
19,0.0015279718824514495,0.08602644694555618,0.00016667454747914571,0.0909854662560797,0.041978382382198774,0.11678975384327002,0.028265765877719676,6.366698250007813e-05,2.6094792709795833e-05,0.0710201715716278,0.007884110496178634,0.0007100660886211551,6.299983865588566e-05,0.28700031243962754,0.0008480217698317989,0.011122810433953013,2.330684598544054e-06,0.011269162059761102,0.0020378782512683645,1.7274006883327287e-05,0.013220531067423998,0.0006013772271090041,0.21677458537627003,0.00020070826331407895,0.011397436914911067
20,0.0013710034294308344,0.08950310485356179,0.0001918522962514879,0.09288589057936296,0.04957437498155859,0.11350263462357706,0.025833182616749606,7.302778130141666e-05,3.0194851974568788e-05,0.07799337246957906,0.007626010345755541,0.0007708221834344847,6.884577570460661e-05,0.30121765855422433,0.0008592696713557546,0.010448288300814595,2.5211182351603807e-06,0.010674813919249031,0.0021588051261616,1.8024294639653698e-05,0.013481049300103815,0.0006920247236366987,0.18982248997461226,0.00020425769057580344,0.010996480538149223
21,0.00012379673231427323,0.7179204125988743,4.472352361793763e-05,0.023980746912696374,0.07809670878044067,0.01628663377694152,0.002388576748668764,0.0002769665273894246,0.0003130857897022953,0.06525549652719673,0.005039179936518105,1.5900629410270207e-05,7.218610425682624e-06,0.021437127483969996,0.0090529104360094,0.00026467846695525595,7.011694042310596e-06,0.0015287893285662814,0.010115109302284537,1.5008246337714054e-06,0.008432746132649284,0.0034222773872597343,0.021367579630468096,0.00029461391224745265,0.014326208306717556
22,0.001560838961823491,0.07177901684156436,0.00018711582809071827,0.08905021760637044,0.044356077955185626,0.12970475846232143,0.02611488376426833,6.618017709254846e-05,2.3165426292852166e-05,0.06578393961980904,0.009586351230596252,0.0009401141192141859,5.994525793935078e-05,0.2988775026167383,0.0007156528807415181,0.011133282234502034,2.6453718686789724e-06,0.014665336199494656,0.001819881001904464,1.9280742513427342e-05,0.015744353218711225,0.0006809583261412398,0.20770445932904705,0.0001905724534635947,0.009233470374305238
23,0.0014147922953138847,0.08641419728548852,0.00019426229675406116,0.09366980925529754,0.04784541671807057,0.11750383291381594,0.026861042545020287,6.618425881713545e-05,2.927167439407782e-05,0.07407679666616268,0.007856476076948738,0.0007628358662179021,7.076594988193559e-05,0.3056182289876885,0.0008011265290848423,0.010499072224721689,2.2911022646326355e-06,0.01081145913948374,0.002037845799804618,1.8059225212720697e-05,0.012660141293563104,0.0006057017216553668,0.18908733067648953,0.00019929836390449482,0.010893761133943566
24,0.0008318665786774822,0.08980160006005776,0.0001558918472460411,0.11015655086516325,0.050743911644769955,0.10390222566723852,0.019106852971239045,5.1269778243188887e-05,2.0884355289712705e-05,0.08418541705745049,0.005626012924841578,0.0005772001883187675,7.675520548866246e-05,0.34382657634721964,0.0004324782526231533,0.007432031253391666,1.5080110291950582e-06,0.010865450201887868,0.0015167564967826985,1.6403875307202962e-05,0.010765336724997413,0.0004711876821992967,0.15079657241935762,0.00014695683752457875,0.008492302753655276
25,0.0018597234116888637,0.06808710257895682,0.00024030055872228153,0.1337043672575958,0.0389620107455411,0.07922511927851932,0.0391832174038174,0.00010151166717062705,2.2442610293395382e-05,0.048541234747722095,0.013895880453371322,0.001313408931435819,9.197267439144605e-05,0.31977140529941717,0.0005435085566763823,0.008419227043948157,3.140301703274214e-06,0.015353177205764774,0.002073420954434668,2.920233016184008e-05,0.014485453766702258,0.000546804335438613,0.20463257016583666,0.00022442309872248506,0.008689374621967557
26,0.0033895796855255593,0.12506960740703507,0.00035668938087956653,0.11691767521098646,0.047570318229620726,0.07883961981160369,0.03926925846284423,0.00010693327378233464,3.243678502346891e-05,0.07467099185205675,0.009630869632815068,0.0010828802413077835,0.00014680069691413184,0.23344059099756836,0.0007219010976610614,0.007788301627578835,6.0490764785312e-06,0.0237147715959958,0.0014642689934897864,2.3678484979004814e-05,0.011249236862678045,0.0006973345537246755,0.208694935848846,0.0007428592172253502,0.014372410973379693
27,0.0015939029250881768,0.09359458760658355,0.00019972744494259627,0.07843522757243451,0.042027340173893424,0.15524960649654262,0.028993820709051498,8.403818030663976e-05,5.452311247359907e-05,0.0960672214536635,0.007220323195495344,0.0006423206360519228,5.380257441046592e-05,0.2578151784097601,0.0013916382507586625,0.014303856715773677,2.380463001943056e-06,0.009360296503882232,0.0027604480284544103,2.1159292766567904e-05,0.013990177558279361,0.000915796151883826,0.17940112977126743,0.0001953872476460349,0.01562610952558799
28,0.0014147922953138847,0.08641419728548852,0.00019426229675406116,0.09366980925529754,0.04784541671807057,0.11750383291381594,0.026861042545020287,6.618425881713545e-05,2.927167439407782e-05,0.07407679666616268,0.007856476076948738,0.0007628358662179021,7.076594988193559e-05,0.3056182289876885,0.0008011265290848423,0.010499072224721689,2.2911022646326355e-06,0.01081145913948374,0.002037845799804618,1.8059225212720697e-05,0.012660141293563104,0.0006057017216553668,0.18908733067648953,0.00019929836390449482,0.010893761133943566
29,0.0014147922953138847,0.08641419728548852,0.00019426229675406116,0.09366980925529754,0.04784541671807057,0.11750383291381594,0.026861042545020287,6.618425881713545e-05,2.927167439407782e-05,0.07407679666616268,0.007856476076948738,0.0007628358662179021,7.076594988193559e-05,0.3056182289876885,0.0008011265290848423,0.010499072224721689,2.2911022646326355e-06,0.01081145913948374,0.002037845799804618,1.8059225212720697e-05,0.012660141293563104,0.0006057017216553668,0.18908733067648953,0.00019929836390449482,0.010893761133943566
30,0.0014147922953138847,0.08641419728548852,0.00019426229675406116,0.09366980925529754,0.04784541671807057,0.11750383291381594,0.026861042545020287,6.618425881713545e-05,2.927167439407782e-05,0.07407679666616268,0.007856476076948738,0.0007628358662179021,7.076594988193559e-05,0.3056182289876885,0.0008011265290848423,0.010499072224721689,2.2911022646326355e-06,0.01081145913948374,0.002037845799804618,1.8059225212720697e-05,0.012660141293563104,0.0006057017216553668,0.18908733067648953,0.00019929836390449482,0.010893761133943566
31,0.0014370349947291196,0.11827890436380957,0.00027209994129546604,0.12935821047217066,0.0655515157946274,0.059221555523175776,0.02128484540141916,0.00010517680538532238,2.5458245716935157e-05,0.09976208550537273,0.004664065358074371,0.0008197251229336435,0.00011434736002544418,0.31463156125513647,0.0004429306522159398,0.007093243138438947,3.346899229077738e-06,0.01307873859824983,0.0018715489006309973,1.8185721046392e-05,0.011482424035183037,0.0005921421502268918,0.1373339509635075,0.0003620861381613887,0.012194816659237849
32,0.0014269160927218444,0.0871368443063678,0.00019541386761064134,0.09091057142501068,0.048675296728272664,0.11980399160024162,0.027015319668729432,7.233322057834395e-05,3.367609968931325e-05,0.07803590428763062,0.007756061093376662,0.0007642653150608541,6.83044606690884e-05,0.30686538996534457,0.0008973099141002223,0.011358269845901638,2.356010460558109e-06,0.010014034593088509,0.002450356106514051,1.8353967628439697e-05,0.013475123134724452,0.0006620362339595211,0.18088608852408924,0.0001889908876912529,0.011286792650538027
33,0.0012472885116458425,0.12060290105654228,0.00010245276975386784,0.06338611514022637,0.055023377942856264,0.06897208882970374,0.014811803340883004,5.781907934316412e-05,8.266219819128522e-06,0.061045358769613846,0.004662553938586432,0.0008321923664727116,9.196316972568616e-05,0.35178000412727534,0.0004608382809191701,0.00650912875976661,4.04011337296057e-06,0.014591045069770464,0.001534907021434832,1.3309674309804162e-05,0.008752080516219039,0.0014720758777929108,0.21920756846176578,0.0001986805836295483,0.004632140378571218
34,0.00328384174800863,0.10805812041329743,0.0006025014356111533,0.07020417746358472,0.0414461768054397,0.179889473325721,0.06591559314747938,0.00012918718674983712,0.0004214221394583479,0.09686673579993237,0.010850262677646914,0.000678224049985947,8.618532912430751e-05,0.287111329685559,0.0027301066475515943,0.0171624218340854,1.6305274918042182e-06,0.0052513334232289705,0.008594700199784944,2.8223244456473785e-05,0.011776977345979656,0.0006550557168281316,0.06170569140109676,0.00021476810154940991,0.02633586035034797
35,0.003193423341482134,0.13077581113508865,0.00026044207448632764,0.17006340564519554,0.029273340728107364,0.07610965565690517,0.03704800327745491,0.00023554968033010913,7.622031281008025e-05,0.17552090102840268,0.006566508900311103,0.0010419880696453257,9.295653892187972e-05,0.1855894306866239,0.00047878592028174254,0.007846062357912216,4.463614313594045e-06,0.030535348388903674,0.0036366913320702654,3.735685503579406e-05,0.018247865834093796,0.0010643987392848484,0.09181701974486044,0.0003836302039587708,0.030100739933519853
36,0.0022852782591173655,0.08914240603691662,0.00041429039808014,0.09157513551471348,0.0874793181425247,0.044636473412013614,0.018184903454827085,0.00015248350614219136,4.7212358952660714e-05,0.08133735959064876,0.0036275164018548236,0.0022321971580101228,0.00012067789895745551,0.4080197968912801,0.0010709661683153007,0.011590600695170351,7.68051250287211e-06,0.005399078677234746,0.00515620151092574,1.549177843874106e-05,0.012853132691941969,0.0010922088006015487,0.11293810664895758,0.0002714074715126237,0.02035007602035953
37,0.0044864944722695,0.08571809738175191,0.000276480724255039,0.07825519223670108,0.034297842457724596,0.07173292261757189,0.03979753543589723,5.2805900020007645e-05,1.5321558419139445e-05,0.035471112290282526,0.008979330578980366,0.0015470219920336638,9.860786685183295e-05,0.4037603902597328,0.0005005880790029232,0.008189943736946922,3.3538347918405155e-06,0.019590296285108187,0.0015097906005189184,1.6443780024500156e-05,0.009416283531085602,0.0006208243858703134,0.18442852618485725,0.0003054377999513403,0.010929356009350667
38,0.002005436082730372,0.042668752010646606,0.00010470180903451123,0.03993079555034625,0.020009818675284355,0.2235354880858918,0.04466199008135523,3.007715928558198e-05,1.9111819383178844e-05,0.04015336466014595,0.010778160715075272,0.0006079310472223562,3.183028986805013e-05,0.23184852946645504,0.0011717494737642135,0.021791760870004374,1.1779695396774505e-06,0.009343960202441506,0.0016701100194888763,1.5357551582635624e-05,0.01120335173169703,0.0004971513260395649,0.2911378137969772,0.00011074153464112497,0.006670838071099299
39,0.0010618519470423902,0.033350847395542886,0.00015181001496756565,0.09724542742491137,0.051469228722663435,0.1646483532900315,0.017844004450152683,8.449606139077803e-05,2.482697254995459e-05,0.08627631098093998,0.006255335811577811,0.0009949543596398768,3.108677393018516e-05,0.2615768852625115,0.0006811838060250418,0.02211137142347734,1.8777144837069756e-06,0.008969565679426198,0.0027359100769778367,1.9234045129778277e-05,0.024346112143777177,0.0004954716601685333,0.20901992491888532,0.00010287661725850086,0.0105010524465388
40,0.003026700774129827,0.09311729148573726,0.000224717552332574,0.04315492413623523,0.03551948514784709,0.1259546876539795,0.02921882344835567,4.487382092527206e-05,2.69987345693503e-05,0.03840396389015606,0.009349688397670305,0.0012980056971399932,5.128172090633415e-05,0.41882996484683743,0.0010590619488243266,0.009544422398845287,2.6507955105095167e-06,0.01312651680843429,0.002248314098487007,1.4237481323485118e-05,0.012016573257028334,0.0014047894498322912,0.15153515468718623,0.0001514328840818774,0.010675438883624485
41,0.0006860944645639847,0.09206050202697048,0.0003963792127545078,0.07190484468231553,0.10416560406125551,0.17480080080333002,0.017996227166971614,6.373262935356192e-05,0.00013164237036077906,0.12268357124393915,0.0046205480490040755,0.000334051092181882,6.827058480149606e-05,0.29251501617616843,0.0015954574010840544,0.012271812901894346,1.076510432424076e-06,0.003113164516106876,0.0026795100016940333,1.2697184824090244e-05,0.009603968189434441,0.0003777058809597065,0.07530002756236258,0.0001877312649523892,0.012429564022284078
42,0.0016952468089332972,0.08690776086154788,0.00015813266061437357,0.0687418388791056,0.04496515783508969,0.12006599958377191,0.028221982088235998,0.0001610950111711223,4.580905627724792e-05,0.11319711050494999,0.007325921044810389,0.0008534308947791788,3.538601862341399e-05,0.2271946413732746,0.0020230535217605128,0.024661027593627892,4.479301888459563e-06,0.007537039773457338,0.006221112714081997,2.2127113338621616e-05,0.026965195334351138,0.0017394350312312948,0.21812044974755906,0.00017622694797629797,0.012960340299542577
43,0.0009461854490255595,0.07419578640237887,0.00013664565110190952,0.09255795847365443,0.05277700313523659,0.14703627028042615,0.020517420447971255,7.937949987508856e-05,3.026742534760946e-05,0.114899849037088,0.006334701684055375,0.0005736235901222526,4.6143463497606176e-05,0.24180115185484619,0.0008491709868319841,0.013927231165467083,2.1126308902032184e-06,0.009725084654258866,0.002399179587018582,1.684233831263338e-05,0.017837571889517297,0.0006898288280884796,0.19257535170945403,0.00016150310670099224,0.00988373670883294
44,0.0014147922953138847,0.08641419728548852,0.00019426229675406116,0.09366980925529754,0.04784541671807057,0.11750383291381594,0.026861042545020287,6.618425881713545e-05,2.927167439407782e-05,0.07407679666616268,0.007856476076948738,0.0007628358662179021,7.076594988193559e-05,0.3056182289876885,0.0008011265290848423,0.010499072224721689,2.2911022646326355e-06,0.01081145913948374,0.002037845799804618,1.8059225212720697e-05,0.012660141293563104,0.0006057017216553668,0.18908733067648953,0.00019929836390449482,0.010893761133943566
45,0.0016907186665721845,0.08233881932653797,0.0003271504948444081,0.07686322164252632,0.06810477829233456,0.12332714609445998,0.03931048818568904,0.00010068661650445547,6.065427198659381e-05,0.07652798123263437,0.008628270508105216,0.0008227253159821995,0.00010454138600058908,0.31027980649979126,0.0014985188345255345,0.015299486788042393,2.6137350650030426e-06,0.00568124850258127,0.0034150499109806723,2.078927455754762e-05,0.009691613966058228,0.0006360079364633201,0.16539442679087252,0.00027063444282519753,0.009602621284059148
46,0.0013879865259750642,0.08574980384144451,0.00019342465955159662,0.0930082543973411,0.04759265910363698,0.11962557780232462,0.026972441148663238,6.477921779881986e-05,2.9579252251008743e-05,0.07408139973078692,0.0078401804190261,0.0007465891299133725,6.987881368337735e-05,0.30752390077920017,0.0007981531945751183,0.010538584493658555,2.187397348658674e-06,0.010642966564382161,0.0020329679825276167,1.7972616572961067e-05,0.012537020709291797,0.0005942719107612509,0.18694686684384734,0.00019406846566588445,0.010808484999771705
47,0.0011217177776577378,0.08435756253694476,0.00018892519648665824,0.09950629816120751,0.052063398077971605,0.1185407738714764,0.02511026328543107,6.422273966166037e-05,3.056641017166352e-05,0.07717352856755222,0.007554497299438582,0.0006350923608661423,6.990272390409248e-05,0.3048897292699701,0.0007763996052483463,0.009893516864507205,1.9657905788739616e-06,0.009481063727996434,0.0019821785842693215,1.7097065605005273e-05,0.012174801971467118,0.0005148431913415338,0.18341968399640515,0.00018803787543956088,0.010243933048401177
48,0.0016233211718932382,0.11746276883889925,0.00016180768770334377,0.09011897904000964,0.04586493672751014,0.08158530572690204,0.028277270888836404,9.406429715353755e-05,2.6148505649111714e-05,0.09070843985223169,0.006186760509330261,0.0007318678536420523,8.113119025704625e-05,0.2805771005844889,0.0009136436039750073,0.01111297486961935,3.787282306104479e-06,0.010395787977596604,0.0028790623436509744,1.8191799382843844e-05,0.013106057857530003,0.0009207943929623634,0.20572795509414962,0.0002548039218112495,0.011167037982509185
49,0.001268875345392335,0.06272714936499865,0.000193510000749223,0.07502918007110908,0.05285941970816447,0.1545611346691116,0.02006977420877932,5.346642183862451e-05,2.389944691805536e-05,0.05940905080600666,0.008637474535587638,0.0011434560265880266,6.630964867192061e-05,0.33952167444142756,0.0006716667930797891,0.010311485297609243,2.139059892880317e-06,0.012165700943682823,0.0016554599363120023,1.8821426424313064e-05,0.012180326005227574,0.0007448480291093383,0.17892575461731292,0.00013654043769845348,0.007622882758307397
50,0.00144560182337698,0.08619090344123588,0.0001968210384139261,0.09428443307306904,0.04862328462659666,0.11760738809124954,0.026010770686576423,6.575927695600613e-05,2.8363789946388534e-05,0.07032220285034385,0.008333234305961345,0.0008090464228336642,7.142519352875878e-05,0.3013598542336668,0.0008131354163910175,0.010098578279207248,2.447036529398883e-06,0.011363797666494044,0.0019430148636426065,1.8018730477359854e-05,0.012934373772960913,0.0006055074251364507,0.1957382352003791,0.00020639308754433826,0.01092740966748227
51,0.0011338109012399235,0.09836638451880571,0.00015829057771729087,0.12018992269454422,0.03474012354024707,0.09949036223073646,0.03044070174478222,6.867063651632082e-05,2.186828046443075e-05,0.08347175006600253,0.009091605156000547,0.0007118219247456165,7.180573506724352e-05,0.32583362846668074,0.00038284084456683277,0.005410938772572551,1.7381397474470369e-06,0.021998125835044048,0.0014503373679592183,2.0159412525473946e-05,0.014959868331124351,0.0007048693510794484,0.14322554007541408,0.00017562051201838556,0.007879214884397837
52,0.0011373034738969459,0.12361760073771844,0.0003374559841886595,0.11874046731581316,0.12133059597131847,0.01616859661123572,0.013856371892619568,0.00019483051209271348,3.344078499428848e-05,0.08297437575825417,0.0024812654553563514,0.0010618850169290097,7.85536460816934e-05,0.3609540993671942,0.001123195507260212,0.008257219092077125,7.031273286811128e-06,0.0018963785001202074,0.007628088486061048,7.79704688214723e-06,0.014692744701059772,0.00061382606375872,0.10040287148050059,0.00028911251820282354,0.022114892803097242
53,0.0018159610646382863,0.06991742298274244,0.00015315991198295006,0.07066990109326207,0.017342515213586,0.1550534255813736,0.06315286493871282,4.4818375206889115e-05,3.216491151032503e-05,0.05180345168581985,0.01197276967801572,0.0004565475181857634,5.589809763874658e-05,0.21498301177425255,0.0011780372243867482,0.014780074539710525,1.452481869022346e-06,0.01091604409722876,0.0014633492975889926,2.5844686872815344e-05,0.009395924841030967,0.00045475665802201926,0.29342133745416327,0.00019953314275818174,0.010709732749440672
54,0.001787031293584528,0.09578402860330106,0.00016900580377502287,0.06141384725631049,0.020567895067220114,0.10550042123242845,0.04015607385273306,3.16203180853602e-05,2.8934896606437662e-05,0.07293762366552917,0.0037214820070711778,0.0005266452931383127,5.6539054953791194e-05,0.39367600994403995,0.0008416033739409215,0.015574076133011188,1.017223180261047e-06,0.006129595674185979,0.0018270093599830793,1.646846153122125e-05,0.007851698153931202,0.0005157153199438142,0.15308905790356117,0.00012140008372922112,0.017675200024225162
55,0.0028578717052713813,0.11151000760901604,0.00043084578519235196,0.1302854059959828,0.039613280219143086,0.10480798851289465,0.03993157354762086,8.285753303421477e-05,6.231358279431359e-05,0.07078951780878799,0.01119663820967361,0.0015314802423889516,0.00016325514032261993,0.32081338085779404,0.0005863398627799911,0.006674397844787223,2.677618556830423e-06,0.019824727771409006,0.0018880934100614618,3.1983169424975604e-05,0.009686794940587513,0.000533602051400785,0.10730865710139652,0.0003102792509988428,0.019076030228679944
56,0.001434078009368925,0.09181931761177137,0.00020912868392363557,0.09471279868350214,0.04926758842614414,0.11455942948979589,0.027429839620198286,6.793606241300256e-05,3.087932430106672e-05,0.0741022986788475,0.00808032278590986,0.0007827894656989443,8.396984119129561e-05,0.30773745538655645,0.0007919560411682409,0.009941900684676118,2.4377977075101637e-06,0.011133430837789176,0.001996268307773729,1.935880080203017e-05,0.011890036171624544,0.0006100887228368952,0.18264769854159962,0.00021792388734943435,0.01043106813705016
57,0.001243159720378898,0.07510606612431543,0.0003496180683076562,0.09642050803583682,0.1022874423536738,0.08757839268178999,0.01448617605201684,0.00013881618725796485,5.0339377721744873e-05,0.10712734210900898,0.005471751749294185,0.0016978455733088797,8.603433936337414e-05,0.35339249348510043,0.0008155172543645936,0.011967311070353157,4.558120884373483e-06,0.0072300230930662755,0.0043465310941698705,1.854446031374022e-05,0.018011538055615086,0.0009775853886270466,0.0990424665875285,0.00017984061344480858,0.011970098404257576
58,0.0015234921941217172,0.09685384115784779,0.00020973844555956922,0.09608258628251673,0.049535574795053265,0.10352846283884613,0.027931818092447307,7.292324887957975e-05,2.8004053854406806e-05,0.07647082318505619,0.007872135123911193,0.000780887216398812,8.214544281458245e-05,0.28858575095714056,0.000809325157024566,0.009894317163125933,2.8777948332616006e-06,0.01199687540473613,0.0018996100873605254,1.8467683099953675e-05,0.012627952832324835,0.0006400619043924319,0.2012849908785233,0.00026537274566080035,0.011001965314470492
59,0.0016368618401851167,0.09507844282960469,0.00025118931511077636,0.10010649941658713,0.05219843622650008,0.10000387067864279,0.02891606767632692,7.555948823036036e-05,2.8931573173131765e-05,0.07448720941035407,0.008062268604051723,0.0008347296418629328,8.761444627485281e-05,0.2922225977028101,0.0007890378511728643,0.009897352021182965,3.0055298525951306e-06,0.012621121311618218,0.0017631894694426797,1.9193783826179022e-05,0.01264196289122914,0.0005936075770950685,0.19586198477171587,0.0003080657786383416,0.011511200164511286
60,0.0014147922953138847,0.08641419728548852,0.00019426229675406116,0.09366980925529754,0.04784541671807057,0.11750383291381594,0.026861042545020287,6.618425881713545e-05,2.927167439407782e-05,0.07407679666616268,0.007856476076948738,0.0007628358662179021,7.076594988193559e-05,0.3056182289876885,0.0008011265290848423,0.010499072224721689,2.2911022646326355e-06,0.01081145913948374,0.002037845799804618,1.8059225212720697e-05,0.012660141293563104,0.0006057017216553668,0.18908733067648953,0.00019929836390449482,0.010893761133943566
61,0.0015791232127249431,0.09470301286034202,0.0002647527862192439,0.09758129133805873,0.05481291430810986,0.10383383532709856,0.027702202960353684,7.2959132749659e-05,3.150213000821614e-05,0.07089089046022923,0.008562318690950057,0.0008913036832753741,8.683842357966204e-05,0.31052859959603824,0.0008146460411454997,0.009642063577285797,2.8639694595469896e-06,0.011644161337095364,0.0019015953948953708,1.9064340639477596e-05,0.01261753935218499,0.0005993321185191728,0.17949700355807674,0.0002708054789876861,0.01144937992197282
62,0.0014147922953138847,0.08641419728548852,0.00019426229675406116,0.09366980925529754,0.04784541671807057,0.11750383291381594,0.026861042545020287,6.618425881713545e-05,2.927167439407782e-05,0.07407679666616268,0.007856476076948738,0.0007628358662179021,7.076594988193559e-05,0.3056182289876885,0.0008011265290848423,0.010499072224721689,2.2911022646326355e-06,0.01081145913948374,0.002037845799804618,1.8059225212720697e-05,0.012660141293563104,0.0006057017216553668,0.18908733067648953,0.00019929836390449482,0.010893761133943566
63,0.001509984247491551,0.10278638589577142,0.00020028801962202966,0.09315626054971483,0.045595481745261124,0.11325721958214763,0.02875342178760686,6.844799308652136e-05,3.1589928444935284e-05,0.07625818324034744,0.008256248648600414,0.0007318586981413744,7.898919931605282e-05,0.29538986909570353,0.0008557282284803278,0.009834889979566289,2.4881896966390216e-06,0.011544291556320918,0.002041255282840081,1.929831562580261e-05,0.0123039251164512,0.0006560645922244445,0.18507451964998403,0.000226999123764045,0.011366311333790426
64,0.0013596398888189335,0.08114844797312984,0.00017157615604162453,0.09558167943242796,0.047926686271689146,0.11633078430009551,0.02437470615069373,7.278210162091884e-05,2.5966630311363994e-05,0.07739542527744954,0.00822806249734224,0.000810142250643747,5.454123464336532e-05,0.28775370278645757,0.0008448096565999563,0.011301776838730725,2.559222024359653e-06,0.01174631807144535,0.002223912281582582,1.6861741947274445e-05,0.01825805803765342,0.0006460758342188474,0.20222666307157697,0.00019131233300686152,0.011307509959848075
65,0.0006214879961113998,0.026368146602952183,9.39011674935473e-05,0.07567822759746862,0.05551209964077835,0.17526961142632047,0.009382998124137109,2.9135498825070993e-05,8.500807200803859e-06,0.05245544212788852,0.005246997036981455,0.0009688815685738064,2.6713232338580568e-05,0.3601574470832739,0.0003125070715387794,0.011425900719537006,1.0744667280728832e-06,0.010493993220466754,0.001172290462479111,1.0028663137919422e-05,0.01625441452665079,0.00038476785513400305,0.19266372935473283,5.217440383602667e-05,0.0054095293454148345
66,0.0007236015020200384,0.0349756040740869,0.0002592750903743258,0.08214204369170086,0.05286316464834484,0.1812592942899443,0.026074123034954756,8.535796599253687e-05,9.983062560609221e-05,0.19248234262274885,0.003035591812570692,0.0006506809088557402,9.134048518298888e-05,0.3304270131691328,0.0003406157517498503,0.02805152364946262,5.611325320820951e-07,0.0031837251789970412,0.006165299595918962,3.139090416472191e-05,0.00731035717224001,0.00033086712833121115,0.042701591950949885,5.074183522395187e-05,0.006664061778913932
67,0.0010970628774857175,0.051238969492194655,0.0001396002919370271,0.07032924467569412,0.03332653814895616,0.13646269636179073,0.022800918210443763,3.040817074062706e-05,1.456143849620808e-05,0.043130547427217565,0.006846813972052518,0.0007084708116666004,5.0987234174084446e-05,0.32902382975409034,0.0006674131317031557,0.011934258426468072,1.421457986290743e-06,0.009136139465124244,0.0011261066632188093,1.591691876920991e-05,0.009790811579854893,0.00041093135595462885,0.2632376316923498,0.00011673279435090747,0.00836198764727986
68,0.0014963740588979282,0.03870245517467026,4.2285877082701666e-05,0.06256596156714574,0.00869334744156492,0.16842358528541787,0.01854621379549813,1.9094266574565834e-05,4.794616567472334e-06,0.025192835567308797,0.013897305359253525,0.0006876433776353143,2.0624260284851667e-05,0.11070000996204853,0.0003934706035560109,0.0063052245359036165,1.847524363327987e-06,0.04392964256192842,0.000330060970927796,1.7936745615441136e-05,0.014540774475361192,0.000458034371101122,0.4769166803419792,0.00011486325601685266,0.007998934003296546
69,0.0015212043087733124,0.10206399222577574,0.00029538575237998064,0.1874143621088472,0.03674411561104954,0.0662843724199235,0.031371220047025944,0.00013860758663126525,4.565093937770599e-05,0.14055911695478096,0.005393139000492377,0.000629714909833065,9.509629835705023e-05,0.1770455082411036,0.0007500234208715388,0.012727366719253083,3.83587866439819e-06,0.012743403289316108,0.0020858001547886737,3.347541280411484e-05,0.01660176735186577,0.00036194130649688295,0.17561961463501496,0.0004829466291794064,0.02898833879739371
70,0.0010198273326097497,0.02466775398813309,0.00023063549197556996,0.042961499469698024,0.02460971151749361,0.10755604346662756,0.013680943311588006,8.74944525334754e-06,1.1214693684899939e-05,0.01837030857301231,0.003257139347921298,0.0009506976970006674,3.8634134468724414e-05,0.6380832099882747,0.00025227631556793795,0.007145585350652268,4.754099209551232e-07,0.0055707049689515415,0.0004899587765517733,9.226720120767117e-06,0.004854540841204317,0.00022483867175513464,0.09772543634809995,4.1127370255641455e-05,0.008239460769178145
71,0.0044280516715230565,0.03916413869313854,0.0001145273285923165,0.07507837166561637,0.009505607632414061,0.07147732257134261,0.0749573307311523,7.191240992873223e-05,1.0572223102847001e-05,0.024715516807261095,0.014630250694532727,0.0011641644251867878,5.0277262900091345e-05,0.16459710983739398,0.0007000468664992899,0.014607162576890247,3.7824449222892445e-06,0.02434844779977646,0.0013861183756270958,3.190303237454329e-05,0.013938969108574034,0.0005200401255196356,0.4552905213636358,0.0002742065495624407,0.00893364780253262
72,0.0017080478149598699,0.10999845983052757,0.00010627072150142398,0.1099407264130746,0.034829196641078274,0.08252519518247686,0.037182352039644984,0.00012153390130964973,1.601921231873796e-05,0.09821571098170974,0.010587674653313377,0.0006863654454181315,7.484962037287346e-05,0.18070154112236167,0.0006636356943966791,0.009680751402942285,4.965802048087138e-06,0.02367858097392523,0.0023436269887825625,2.1659086094015252e-05,0.020009071036817136,0.0008665285041229281,0.26820346634252074,0.0003708169954392999,0.007462953592843392
73,0.0012972302638976758,0.06369593244865694,0.00019572078986112036,0.09939877357123081,0.038991771943486186,0.14104059626724336,0.029296243836084833,5.885353899570965e-05,3.1767695487806326e-05,0.07561681145632561,0.007693314318906375,0.0007448823960897626,6.516216803243314e-05,0.3069251628896109,0.0006770439543258142,0.013484174496608842,1.6256852554677281e-06,0.010057406742506386,0.001956706488399691,2.2541150135400887e-05,0.01234748206276439,0.0004612551560961282,0.1847002222922901,0.00014837602377562972,0.011090942363932621
