,0,1,2,3,4,5,6,7,8,9,10,11,12,13,14,15,16,17,18,19,20,21,22,23,24
0,3.2500409514786364e-05,4.7343832054531136e-11,0.0008801546570553047,6.447849885833516e-05,3.326276096601148e-05,0.0001267424719789469,4.953935626404111e-06,0.0010795466057992253,6.705598229197396e-05,0.9878015592513022,1.2640281584638932e-06,1.4707225682294564e-06,0.0031452559812490018,3.929885523529362e-09,1.612058422910254e-08,0.006353943636233935,1.6639661739053715e-05,2.2874031767321503e-06,0.0001542941612557681,0.00019440245582461285,1.5395363394730262e-06,7.448064940317617e-08,1.4966214581904235e-06,3.705619927693169e-05,4.4086334189500275e-10
1,0.00011847150384183875,3.994591032583139e-09,0.0005222551727191077,0.003344794421161812,0.00011731715251284175,0.001961426075001832,0.0002035780337392678,0.009515379945737366,5.836599587774663e-05,0.9314833203936018,4.568540184912318e-05,0.00023714144790565661,0.016323068906229917,1.7199487382302951e-06,1.7171088340570486e-06,0.017598127511593314,0.0006212640747496383,0.0010076301267858154,0.00011978745935636794,0.015471795280145964,9.219848651012124e-05,6.762841810152057e-06,0.00012066046987147951,0.001027436462290303,9.178454529097501e-08
2,3.0271502229609404e-05,3.708464205984557e-11,0.0008272249678483676,5.729292380809207e-05,3.129182050525811e-05,9.106494750650747e-05,4.035803135933486e-06,0.001037822235162357,6.081587441606454e-05,0.9895493258343758,1.2923929569097858e-06,1.2608580211997515e-06,0.003003154914895166,3.891796807881044e-09,1.555037212467967e-08,0.004923137424607732,1.3619197160796337e-05,2.0099612798504135e-06,0.00011663448199862815,0.0002147958311927944,1.3361722252058489e-06,5.22141124201752e-08,1.47229121967362e-06,3.2068468797743584e-05,4.032904670130292e-10
3,3.033777484794506e-05,3.912856937360229e-11,0.0008174876397272281,6.25741716017282e-05,2.964779698013863e-05,0.00011687549171470188,4.676570454095668e-06,0.0010377661199345632,6.202506829904919e-05,0.9881113054035787,1.1539457697017725e-06,1.343843306105074e-06,0.0031484411602717205,3.5240427003747626e-09,1.4103599207258915e-08,0.00619109166719167,1.5452448648625447e-05,2.1694642805287537e-06,0.00013696085662146643,0.00019175426492003476,1.4145672350249447e-06,6.439841468815311e-08,1.4541807050822373e-06,3.5985114054331994e-05,3.846724085733243e-10
4,3.099344463474062e-05,3.8433931406015747e-11,0.0008194539849509558,6.0853724764482474e-05,2.9353739958098882e-05,0.00011439439173670982,4.696641275310221e-06,0.0010417614394642657,5.88806079998297e-05,0.9878112098016726,1.1238768825105546e-06,1.3228855679619113e-06,0.0033888970053996717,3.6195494680069727e-09,1.3683512303067656e-08,0.006242006251621524,1.5683438260097103e-05,2.2197045526339467e-06,0.0001409787297165258,0.00019505745434581604,1.3742687255516997e-06,6.203215146874433e-08,1.4375381212227929e-06,3.822132031144785e-05,3.763907342115248e-10
5,3.115340327786708e-05,4.237918687277124e-11,0.0007639200472664519,7.048183020183401e-05,2.9059291911823456e-05,0.000123127347380511,4.6968342619279874e-06,0.0010703694138685638,6.064400532581894e-05,0.9876541440271497,1.2325266160125651e-06,1.370439721614878e-06,0.0033099130676205357,3.836657004871165e-09,1.4994059007170697e-08,0.0064731105017292075,1.5814498388288e-05,2.5881786311983736e-06,0.00013913417338902052,0.00020838501308877746,1.428719131316663e-06,6.699089142063656e-08,1.572649604431569e-06,3.776776812078373e-05,3.993277022125611e-10
6,3.033777484794506e-05,3.912856937360229e-11,0.0008174876397272281,6.25741716017282e-05,2.964779698013863e-05,0.00011687549171470188,4.676570454095668e-06,0.0010377661199345632,6.202506829904919e-05,0.9881113054035787,1.1539457697017725e-06,1.343843306105074e-06,0.0031484411602717205,3.5240427003747626e-09,1.4103599207258915e-08,0.00619109166719167,1.5452448648625447e-05,2.1694642805287537e-06,0.00013696085662146643,0.00019175426492003476,1.4145672350249447e-06,6.439841468815311e-08,1.4541807050822373e-06,3.5985114054331994e-05,3.846724085733243e-10
7,3.065564736141911e-05,8.628997267180282e-11,0.0008631472468723768,0.00011926700548935289,5.3201077685588066e-05,0.00036811860023107254,8.55205246587138e-06,0.0012281082816087525,0.00013163515970319116,0.9804676186508907,1.8312410806367467e-06,2.849744314991757e-06,0.002965268329501171,6.744572605771701e-09,3.306367356644592e-08,0.013178589064896995,2.4098660138320308e-05,6.881348674615344e-06,0.00017394822028075907,0.00031540845699678464,4.567565616688772e-06,1.291088724644129e-07,4.5711853318963275e-06,5.1512674226872375e-05,7.832234469580929e-10
8,3.537870819650836e-05,7.763110713786011e-11,0.0008261945128427864,0.00011250160432084041,4.837777807879762e-05,0.00031350434382305817,7.006126494340748e-06,0.0012386278920388859,9.363900251151064e-05,0.9790060174235713,1.7748187377524677e-06,2.0763005741455373e-06,0.0037617457667888177,5.182668864556302e-09,2.453560376483635e-08,0.013943199095213538,2.292400812625062e-05,7.26720280842667e-06,0.0002564848997093513,0.0002726341569987426,2.6949634446990025e-06,1.2287797155120703e-07,2.557307340263647e-06,4.5240901628877916e-05,5.128756461468404e-10
9,3.7582065504815094e-05,6.7488117120189e-11,0.0013234983954257644,9.304899523200153e-05,5.4669537386299394e-05,0.0003164232505094473,8.660237896605678e-06,0.001316398463841346,8.84038998616487e-05,0.9725369940775463,1.49061507677769e-06,2.6769126387532648e-06,0.0050936207628958985,5.159730836210751e-09,1.9628842227155816e-08,0.01845799823324345,2.828958775221751e-05,5.7148388957878745e-06,0.00030010768477957146,0.0002722041876882369,3.366315681346017e-06,1.2721031484987838e-07,2.2289747625384308e-06,5.647044795427033e-05,4.4905088137038036e-10
10,3.033777484794506e-05,3.912856937360229e-11,0.0008174876397272281,6.25741716017282e-05,2.964779698013863e-05,0.00011687549171470188,4.676570454095668e-06,0.0010377661199345632,6.202506829904919e-05,0.9881113054035787,1.1539457697017725e-06,1.343843306105074e-06,0.0031484411602717205,3.5240427003747626e-09,1.4103599207258915e-08,0.00619109166719167,1.5452448648625447e-05,2.1694642805287537e-06,0.00013696085662146643,0.00019175426492003476,1.4145672350249447e-06,6.439841468815311e-08,1.4541807050822373e-06,3.5985114054331994e-05,3.846724085733243e-10
11,3.063198610650632e-05,3.65147350358075e-11,0.0008021817713655362,5.9031907164271366e-05,2.8067336513711496e-05,0.00010930166583213681,4.614880179565295e-06,0.0010461262236829538,5.816043183224766e-05,0.9880811574788035,1.0921338817988064e-06,1.2967566273504494e-06,0.0033262243748893063,3.4491512324104433e-09,1.3230518379179913e-08,0.006070439005599984,1.535592404218334e-05,2.1107349893146094e-06,0.00013633336654555615,0.00018784899958639183,1.310860453524704e-06,6.088788878583328e-08,1.3748926521499265e-06,3.7261301591981425e-05,3.6358689746543395e-10
12,3.064456844293918e-05,4.067891081334597e-11,0.0008164139585901896,6.543466601049331e-05,3.2764567537647825e-05,0.0001256873859312973,4.94083463213658e-06,0.0010097709976760463,6.438381549832745e-05,0.9877695809713473,1.2198438036897878e-06,1.4031990776740217e-06,0.003218130298421614,3.9346246452826945e-09,1.4838472549382536e-08,0.0064511086616418165,1.607489585661202e-05,2.444089762350742e-06,0.0001381471614684696,0.00021107648739056292,1.5416740231902393e-06,6.420226162974683e-08,1.6365463722515095e-06,3.751194574863379e-05,4.147290446085271e-10
13,3.5352538046813e-05,3.484886390903291e-11,0.0009392852328883701,6.91305151490266e-05,3.121291764868313e-05,8.325544087738605e-05,4.546238911797634e-06,0.0011586622343424367,5.742745308987105e-05,0.987779910892937,1.7049002685210128e-06,1.5767356871493932e-06,0.0034347806037374525,5.084457554592333e-09,1.7293768273985676e-08,0.005994943009673462,1.4477691695413093e-05,2.263954307615343e-06,0.00011422321187020926,0.00024294980203824775,1.481617841188473e-06,5.4588282733445885e-08,1.5041232696328687e-06,3.123349570281955e-05,3.8865930305823196e-10
14,3.0690904365550064e-05,2.733475220118449e-11,0.0006547197203993513,4.3482216669869697e-05,1.966211004888289e-05,9.843571598334348e-05,6.0555653177176745e-06,0.001349162661882528,7.906435261865862e-05,0.9902794234955493,7.58572290102505e-07,1.650540183696865e-06,0.0022976183626657147,2.7649084413219304e-09,1.3238976407248499e-08,0.00487424795827812,1.5706456085542615e-05,1.240264032157543e-06,9.2557733398549e-05,0.00011380425712015414,1.2997183333602951e-06,7.075798735593089e-08,1.3136744415661394e-06,3.901848372409551e-05,4.4740496878012965e-10
15,3.033777484794506e-05,3.912856937360229e-11,0.0008174876397272281,6.25741716017282e-05,2.964779698013863e-05,0.00011687549171470188,4.676570454095668e-06,0.0010377661199345632,6.202506829904919e-05,0.9881113054035787,1.1539457697017725e-06,1.343843306105074e-06,0.0031484411602717205,3.5240427003747626e-09,1.4103599207258915e-08,0.00619109166719167,1.5452448648625447e-05,2.1694642805287537e-06,0.00013696085662146643,0.00019175426492003476,1.4145672350249447e-06,6.439841468815311e-08,1.4541807050822373e-06,3.5985114054331994e-05,3.846724085733243e-10
16,2.1105689923834878e-05,8.190725123632146e-11,0.00026176903831918823,1.550772758281732e-05,1.6711835132569886e-05,7.33943986635478e-05,1.3365014963981605e-06,0.0006886104373752457,0.00018695763435539863,0.9974943399319709,2.0517209798562698e-07,2.0194202400797577e-07,0.000542792328349122,2.562020479847704e-10,5.541446739534115e-09,0.0005191372977469446,6.983286511369796e-06,1.3833524060194322e-07,0.00014072586354338778,1.664810641812562e-05,1.4195060430872105e-07,8.642256591102375e-08,3.4841245117418023e-07,1.285108476548739e-05,7.233056689818608e-10
17,2.701044786688299e-05,3.54218906952921e-11,0.000749645981187231,5.517857617008131e-05,2.638705516219874e-05,0.00011545903056264574,4.031241750671612e-06,0.0009196031533205341,5.790994821697527e-05,0.9890949558400944,9.81019778084229e-07,1.0621674657240141e-06,0.002858324781336242,2.7541490480396594e-09,1.2354545162533974e-08,0.00572888353041256,1.396002631828338e-05,1.9676492223804762e-06,0.0001397456103788827,0.000168435245702623,1.245075482008866e-06,5.7649121341001764e-08,1.3180523701804038e-06,3.382244959749426e-05,3.243665188039199e-10
18,1.4795359571024582e-05,1.94118533841762e-11,0.0017162821356899805,8.254519256703322e-05,1.9590605082704872e-05,0.00010105639780946639,2.769188951291328e-06,0.0014603120964109945,5.373903165200917e-05,0.9798049314486702,1.0074165677918773e-06,1.5798152663161354e-06,0.002978995684924262,1.5515022523654973e-09,1.1994691854062955e-08,0.01353634826211133,3.115070792895512e-06,9.814875464734808e-07,8.224286180911611e-05,0.00012273253072010316,1.4158350779742217e-06,3.515911825873659e-08,6.38324704267275e-07,1.4872461211952187e-05,6.813861529481361e-11
19,2.4610868363362997e-05,2.8469155297583912e-11,0.0007352624329741118,4.7273688836439636e-05,2.3093343610299137e-05,9.708762372311747e-05,4.285720070213929e-06,0.0009499070038409393,5.3421818125856946e-05,0.9901547480150875,7.946770195954127e-07,1.1827421874899522e-06,0.0027484541578433577,2.3641959789500034e-09,9.839936691840678e-09,0.004858456995509379,1.3284536886975067e-05,1.332456589236543e-06,0.00011057573695753931,0.00014165864779167774,1.04304369563294e-06,5.900274904025016e-08,1.0038336491976172e-06,3.24511092235437e-05,3.126634489350475e-10
20,2.912165594406564e-05,2.0192360085016466e-11,0.0008005601781779649,4.026746470626591e-05,3.751499245643464e-05,0.00010093250115390395,4.328436395763936e-06,0.0006068405058150486,6.020989326897345e-05,0.9898181350590857,7.831862372489926e-07,7.689564904792337e-07,0.003000450942572474,2.567103730829468e-09,6.869953830970538e-09,0.005146826405605858,1.4652675640868834e-05,1.412065755721023e-06,0.0001328742530723468,0.00016935185862182372,1.0696321389516735e-06,3.2734748124381356e-08,1.3168794349674647e-06,3.253996189352714e-05,3.035337150181645e-10
21,2.1213384025621868e-05,4.14535320457054e-11,0.0007622761909127092,3.0445352960976236e-05,2.4893271401951423e-05,0.00013296275465245945,4.228014569322942e-06,0.0009347277373108183,6.346286157027148e-05,0.9910009240283657,4.7678640619960046e-07,8.300909307263152e-07,0.0025861178073584767,1.4186775082311942e-09,9.3836714438186e-09,0.004094533340422906,1.7558435644476213e-05,1.2135554999845747e-06,0.00016822588934811868,0.00010852191072432333,1.1655881720380182e-06,7.337641966793126e-08,1.039626017673592e-06,4.509879770940463e-05,3.5577376981338505e-10
22,2.806781265191348e-05,2.8591134989304365e-11,0.0008158389968363571,6.355553402475435e-05,2.7485281184265544e-05,0.00010076228502386524,4.420819187575194e-06,0.0008693646673855544,5.0054426110267085e-05,0.9884322302190658,1.2763018215573901e-06,1.2872031551884837e-06,0.0030305815804089584,3.570741774824777e-09,1.2392675055717135e-08,0.0061949141901454985,1.5840497757727235e-05,2.1807465983124395e-06,0.00011458454211192404,0.00021306384248135206,1.5097047394965522e-06,5.545205889667978e-08,1.4301310227700745e-06,3.1479452939527025e-05,3.212804977482843e-10
23,3.033777484794506e-05,3.912856937360229e-11,0.0008174876397272281,6.25741716017282e-05,2.964779698013863e-05,0.00011687549171470188,4.676570454095668e-06,0.0010377661199345632,6.202506829904919e-05,0.9881113054035787,1.1539457697017725e-06,1.343843306105074e-06,0.0031484411602717205,3.5240427003747626e-09,1.4103599207258915e-08,0.00619109166719167,1.5452448648625447e-05,2.1694642805287537e-06,0.00013696085662146643,0.00019175426492003476,1.4145672350249447e-06,6.439841468815311e-08,1.4541807050822373e-06,3.5985114054331994e-05,3.846724085733243e-10
24,2.756324423113994e-05,2.9966821062063556e-11,0.0008911239590269638,3.752100125479687e-05,2.523380381898887e-05,0.00011367273377101294,5.40274070652122e-06,0.0010678864449983915,6.712423081299945e-05,0.9888705438128017,7.722493838883626e-07,1.2088498716640208e-06,0.0027476118506566203,2.5142601671677812e-09,1.263918167358001e-08,0.005801507566292947,1.7403532303368968e-05,1.5381165540139873e-06,0.00014002334966093592,0.00013821883073615756,1.5774676247010072e-06,6.124284860975952e-08,1.3715087897965391e-06,4.261793499683336e-05,3.4544928454939016e-10
25,3.3060072991454344e-05,2.880903710566752e-11,0.0008418019557019517,6.644699102362564e-05,2.6566329634496944e-05,7.455111238875275e-05,4.539846380659791e-06,0.0011559822275851157,4.804739554785615e-05,0.988128178555989,1.4905047426444767e-06,1.48612572717672e-06,0.003623029899703635,4.4334093730564e-09,1.389622932810152e-08,0.005611984418713052,1.411962484088946e-05,2.0513465444298193e-06,0.00010050243591535897,0.00023238725869840414,1.2083173237256163e-06,5.163363996405119e-08,1.251099041196295e-06,3.1244148006202225e-05,3.4141288883536606e-10
26,3.098708273611852e-05,3.843475017584929e-11,0.000731264896088637,5.063418995293041e-05,2.955474888124648e-05,0.00012139147853384504,4.471446488258651e-06,0.0009302880478663592,7.039604129884021e-05,0.9891469404075599,9.200409633990384e-07,1.040448357265542e-06,0.0030361763859719933,2.98481207956872e-09,1.2471968250592486e-08,0.005460925112686342,1.6722664208586925e-05,2.1254292676991046e-06,0.00015009215134754536,0.00017220558229498204,1.3328577387998386e-06,5.723550324704538e-08,1.6588435760201962e-06,4.0799006946887964e-05,4.065162075451687e-10
27,3.106454031670279e-05,4.7446111207501875e-11,0.0007318088125688373,6.659378348167304e-05,2.82294218941134e-05,0.00012088290906145732,4.602422025213693e-06,0.001127535414674324,6.980239382090515e-05,0.9888407807418956,1.1697155587783575e-06,1.346864066303473e-06,0.002818858892297419,3.379534855381119e-09,1.558533879298748e-08,0.005792804509130496,1.4745357350618723e-05,2.0938085893017444e-06,0.00014237476156277447,0.00016867791011080388,1.2337695150855383e-06,7.6211609248994e-08,1.371801014634728e-06,3.392651041231175e-05,4.3672341102712227e-10
28,3.033777484794506e-05,3.912856937360229e-11,0.0008174876397272281,6.25741716017282e-05,2.964779698013863e-05,0.00011687549171470188,4.676570454095668e-06,0.0010377661199345632,6.202506829904919e-05,0.9881113054035787,1.1539457697017725e-06,1.343843306105074e-06,0.0031484411602717205,3.5240427003747626e-09,1.4103599207258915e-08,0.00619109166719167,1.5452448648625447e-05,2.1694642805287537e-06,0.00013696085662146643,0.00019175426492003476,1.4145672350249447e-06,6.439841468815311e-08,1.4541807050822373e-06,3.5985114054331994e-05,3.846724085733243e-10
29,3.033777484794506e-05,3.912856937360229e-11,0.0008174876397272281,6.25741716017282e-05,2.964779698013863e-05,0.00011687549171470188,4.676570454095668e-06,0.0010377661199345632,6.202506829904919e-05,0.9881113054035787,1.1539457697017725e-06,1.343843306105074e-06,0.0031484411602717205,3.5240427003747626e-09,1.4103599207258915e-08,0.00619109166719167,1.5452448648625447e-05,2.1694642805287537e-06,0.00013696085662146643,0.00019175426492003476,1.4145672350249447e-06,6.439841468815311e-08,1.4541807050822373e-06,3.5985114054331994e-05,3.846724085733243e-10
30,3.033777484794506e-05,3.912856937360229e-11,0.0008174876397272281,6.25741716017282e-05,2.964779698013863e-05,0.00011687549171470188,4.676570454095668e-06,0.0010377661199345632,6.202506829904919e-05,0.9881113054035787,1.1539457697017725e-06,1.343843306105074e-06,0.0031484411602717205,3.5240427003747626e-09,1.4103599207258915e-08,0.00619109166719167,1.5452448648625447e-05,2.1694642805287537e-06,0.00013696085662146643,0.00019175426492003476,1.4145672350249447e-06,6.439841468815311e-08,1.4541807050822373e-06,3.5985114054331994e-05,3.846724085733243e-10
31,3.715526888134547e-05,4.0696403544231655e-11,0.001119036781314146,5.6078208024429673e-05,2.877129586736322e-05,9.696902759818398e-05,4.686719558083552e-06,0.001418288539047944,5.991256880664185e-05,0.9856403355827814,1.1426599024065245e-06,1.4738345914070188e-06,0.004314267561777997,3.638055039463216e-09,1.4917905553424472e-08,0.006795880334536081,1.6989508320590863e-05,2.1002775527765385e-06,0.00016058618848376107,0.00020012761067354749,1.5067795084942542e-06,6.282414169985288e-08,1.3278430612853246e-06,4.3281638957649704e-05,3.499559851770096e-10
32,3.1839150690127956e-05,4.1374773853046335e-11,0.0008324615818697749,6.175633030559551e-05,3.0252059262221975e-05,0.00011845135396255163,4.6084656850819775e-06,0.0010407304840339923,6.234445347395989e-05,0.9878655469091675,1.145688082891148e-06,1.3007910049463987e-06,0.003274639579794346,3.5402324099086715e-09,1.4071400329435023e-08,0.006277041663132288,1.593994196884474e-05,2.2272137487138213e-06,0.0001506693474299106,0.0001888763192922151,1.387008532627592e-06,6.538892183568458e-08,1.4373777137866428e-06,3.726085149601688e-05,3.8742310813761716e-10
33,3.2061928291413936e-05,4.182941850439055e-11,0.0006570678727697324,5.8592271349801445e-05,2.2992882603978895e-05,0.00015757861388464054,5.56392846628981e-06,0.001109410941186261,4.207795702246379e-05,0.9831045096814548,6.983180337536564e-07,1.303531245392623e-06,0.00541698778774127,3.0787266456300354e-09,9.494434806686316e-09,0.008883005672972183,2.2078219234422535e-05,3.2660359112521753e-06,0.0002369086028091244,0.00017519723667032078,1.0643897444768035e-06,8.491570092458795e-08,1.166815789100117e-06,6.836948230081731e-05,2.9982709482115106e-10
34,4.1058927153515446e-05,3.8520764039240177e-11,0.0009324263196789854,5.846703838246625e-05,3.393427983880317e-05,9.433637303837871e-05,4.269434149808022e-06,0.0010581661514018534,6.386382163918515e-05,0.9878528870267184,1.3202019641634005e-06,1.1995835840497141e-06,0.0035862682884793408,3.910588460321531e-09,1.37505882285562e-08,0.005860554444064111,1.629801935064193e-05,2.087556745807403e-06,0.00016248013054105583,0.0001929983906737957,1.2863208563279033e-06,5.568666830132277e-08,1.3645172644270276e-06,3.4659405932614116e-05,3.821763597219741e-10
35,2.1687297221960962e-05,2.812383163659871e-11,0.0008704517351396685,6.283616016313953e-05,3.2068312746294274e-05,0.00012238254759409394,4.827857931827972e-06,0.0007217918316454543,4.2847386848944546e-05,0.9879919041598648,1.219439771491314e-06,1.3451079104035603e-06,0.0031985928711002107,4.317456564789688e-09,1.2740539307991314e-08,0.00647840833487551,1.5190290950060482e-05,2.464983800531488e-06,0.00010644765902485089,0.00028453504720120815,1.886028784642227e-06,4.7321588622277744e-08,1.7830050457020735e-06,3.726519985298627e-05,3.348179371943947e-10
36,2.5700139658886297e-05,3.785358916176667e-11,0.0008221213073739243,5.747307283275025e-05,3.1902814513457096e-05,0.00010790641394651554,2.906469596098286e-06,0.0007071284490009137,6.117310993482317e-05,0.9907823193685862,1.0663796213636793e-06,7.212273476783678e-07,0.002425796115467327,2.501935913580953e-09,1.1904759289969885e-08,0.004623642160678302,1.0932158467250579e-05,1.614470614254282e-06,0.00013359563705803086,0.00017495692350066495,1.2520950122509263e-06,4.1354222752339156e-08,1.4400873740474583e-06,2.62954861892494e-05,3.1445434199567697e-10
37,3.70484795822882e-05,3.907945830464406e-11,0.0008955623888230373,7.067967742200122e-05,3.450298577745535e-05,0.00012595726347641164,5.849901940047857e-06,0.0010302751057120485,5.5732252727617494e-05,0.985187107833017,1.3609354167682478e-06,1.6143983381684995e-06,0.004240287598451252,5.4885820712165345e-09,1.5085048265494693e-08,0.007823373281792643,1.947090445109561e-05,3.1418929695172828e-06,0.00015395937800909035,0.00026211720694486,1.7652486292529248e-06,6.212339203744735e-08,1.8806949830096479e-06,4.8229405801135264e-05,4.296335927022644e-10
38,3.1229651982976886e-05,3.528340657200865e-11,0.0007727351785592601,5.793043696029803e-05,2.940684129912907e-05,7.230396058610022e-05,3.559347468557163e-06,0.0010123299803219328,6.10367124347181e-05,0.9912811427962117,1.2392880631711688e-06,1.1855701801537561e-06,0.0026314776168112303,3.47594187853095e-09,1.2500836329278653e-08,0.003710715565449905,1.3330271622861823e-05,1.3616275675817591e-06,9.81181114045106e-05,0.0001923949513299929,9.785240644081503e-07,5.234300041819243e-08,1.1528649626514458e-06,2.6301892203035303e-05,4.554536233059517e-10
39,2.814483249831145e-05,4.717005105100427e-11,0.0011426505743088822,6.504378776484326e-05,3.217902986924854e-05,0.00017358552666768128,5.642702990418977e-06,0.001292573469981455,7.305156435092527e-05,0.9836198778981858,1.0029933072742357e-06,1.7921157101282658e-06,0.0037349430985313663,3.1142307009906626e-09,1.541666923983174e-08,0.009379923414592487,1.9683239179999057e-05,2.5513185760914746e-06,0.00017085853618257208,0.00020562491644969593,2.3244811090540537e-06,8.538293021567599e-08,1.7277486795550557e-06,4.671441525694801e-05,3.748069917984159e-10
40,4.315657691859999e-05,5.618267006807512e-11,0.001383760157702581,6.838386569871112e-05,5.302630660084605e-05,0.00010906656528076054,5.421855562521946e-06,0.0012146218905893535,7.374768031528297e-05,0.9857556891165414,1.8057107422424553e-06,1.9375775184236514e-06,0.0040947575926113975,6.295984149440308e-09,1.9386345705638323e-08,0.006692692239461185,1.8667640066678122e-05,2.3176362498135956e-06,0.00017272218869374714,0.00026679138427903405,1.9156480595016107e-06,7.128398733449901e-08,1.606094029042669e-06,3.7814699784494546e-05,5.507946654243049e-10
41,2.8236073502327257e-05,3.2750936921214964e-11,0.0008208834215989316,5.181498800695347e-05,2.6172734599713547e-05,0.00011483379974707586,5.365041160150567e-06,0.0009703239373031105,5.451535696344225e-05,0.9888065299640205,9.74094642705648e-07,1.4102755228078405e-06,0.0030768458140691705,3.2776810207669993e-09,1.2295819570526637e-08,0.0056574332313989095,1.9607678032964993e-05,1.9044810920581905e-06,0.00012721576301411963,0.00019083982728402885,1.5612183268499683e-06,6.854354020329936e-08,1.4651071056083664e-06,4.198263607831108e-05,4.0673863061995836e-10
42,3.2269629742953814e-05,2.382236969191762e-11,0.0005646637526162552,4.9540920935157435e-05,3.383988243455263e-05,7.469066299134422e-05,4.494194705912317e-06,0.0006619855787676213,4.969196541180277e-05,0.99172038883418,1.3439466807017195e-06,9.784189086924609e-07,0.002839431077880182,5.308536587422581e-09,1.2450042429161982e-08,0.003592431914668286,1.342857363205627e-05,2.096601785056907e-06,8.708392162522325e-05,0.00023631612251631538,1.1009974369011477e-06,3.285893264706038e-08,1.7676035685438644e-06,3.240430073639326e-05,4.5744205443691285e-10
43,0.002744914207602556,6.197011480552075e-09,0.006115534587914755,0.0021696991524564353,0.002120079903218152,0.00030173757192925325,5.218408410292969e-05,0.007618713160814595,0.0009554773729932867,0.9080857729215353,0.00018642344979493306,2.8318384902334342e-05,0.02490957547840157,2.666941414111389e-06,6.412158212712383e-07,0.03733423930854572,0.0001113783231289284,8.066715724742105e-05,0.0028178042337191336,0.004237360559275601,3.299812580106925e-06,6.797367605886598e-07,1.5902085926386792e-05,0.00010685904645691926,6.510644636113537e-08
44,3.033777484794506e-05,3.912856937360229e-11,0.0008174876397272281,6.25741716017282e-05,2.964779698013863e-05,0.00011687549171470188,4.676570454095668e-06,0.0010377661199345632,6.202506829904919e-05,0.9881113054035787,1.1539457697017725e-06,1.343843306105074e-06,0.0031484411602717205,3.5240427003747626e-09,1.4103599207258915e-08,0.00619109166719167,1.5452448648625447e-05,2.1694642805287537e-06,0.00013696085662146643,0.00019175426492003476,1.4145672350249447e-06,6.439841468815311e-08,1.4541807050822373e-06,3.5985114054331994e-05,3.846724085733243e-10
45,2.8253108143783308e-05,3.307199985419092e-11,0.0007758770179525937,5.257604530332485e-05,2.1865942937130925e-05,0.00010775582293229685,5.148252391730043e-06,0.001290411027932275,5.227467828228009e-05,0.9865911857333579,8.872176048367892e-07,1.3772331718825978e-06,0.003658343393209898,2.9684334611561536e-09,1.3115011517512015e-08,0.007053435196027622,1.458774007712167e-05,2.1124616753857753e-06,0.00013929373146022352,0.00015858312044513613,1.2174246468874703e-06,6.540305640549426e-08,1.1556076356190933e-06,4.3577438679869766e-05,2.8655911087712056e-10
46,3.007088609178932e-05,3.128077730131996e-11,0.0007425144567193129,6.101220106736119e-05,2.379130520320612e-05,0.00011728132068940104,4.714518181481673e-06,0.0009230167649622753,4.78168177156836e-05,0.9883734957413335,9.551434322162288e-07,1.3343062647664104e-06,0.0033715445470893553,2.6233125191799383e-09,9.275165126934521e-09,0.005927318031438995,2.1589239190703203e-05,1.9559763530950164e-06,0.00013347337352047402,0.00017850261126780583,1.3327531805283982e-06,7.6802517698192e-08,1.185909198128291e-06,3.700502258278046e-05,3.422411891830258e-10
47,3.6655584666584014e-05,3.555455265607966e-11,0.000889608191695588,6.257223449832143e-05,2.5404169287153637e-05,0.00011345545017117419,5.15326666876897e-06,0.001175050597584321,5.516430365767519e-05,0.9854235589220124,9.855609843966806e-07,1.4384420901684595e-06,0.0041250258597802705,3.0773277322646805e-09,1.0996371514280953e-08,0.007681880820192195,1.844746623547292e-05,2.0813295132872895e-06,0.0001670039671891184,0.00017123615812959052,1.2691324012701948e-06,7.305037995925299e-08,1.1853939958522562e-06,4.273567026534279e-05,3.1934712376952867e-10
48,3.0519859678469095e-05,3.997347835746663e-11,0.0008390970588209363,6.521088529266282e-05,3.067374187276788e-05,0.0001174395403822257,4.715148372870297e-06,0.0010469309534719843,6.359511659235473e-05,0.9879854125104678,1.2218200900690365e-06,1.3923424061485385e-06,0.0031333601515624327,3.688566611693403e-09,1.4733618917373824e-08,0.006291474362162379,1.5250996754814787e-05,2.209399349137999e-06,0.00013443434193740307,0.00019886910325954185,1.4695063637653654e-06,6.463760343651863e-08,1.5027932315059998e-06,3.5136874327873086e-05,3.9384051276312146e-10
49,2.7338511004954695e-05,4.275753492013893e-11,0.0009045071330530346,6.306138038118931e-05,2.89654749630444e-05,0.00012903969036907653,4.671655225078956e-06,0.001085894814734891,6.219638260116932e-05,0.9877001778373597,1.0576874137133926e-06,1.4923160716866166e-06,0.0031563589459761726,3.0519173108564803e-09,1.3684100570753541e-08,0.006448513408992037,1.5897384477987876e-05,2.016559189436648e-06,0.00014051320792731777,0.00018894050589117562,1.5150673722403794e-06,7.623214022028395e-08,1.350150851308123e-06,3.639850026144064e-05,3.7496784023059685e-10
50,3.294611494317052e-05,9.497889791164504e-11,0.0012299742783043808,0.00010898937565597052,5.370804831481776e-05,0.00024677435642981286,5.650994170121695e-06,0.001178587126214797,0.00010856498020664934,0.9829777969525393,1.8640973138794008e-06,2.121056890268993e-06,0.0032168284738193216,5.068734813710771e-09,2.67091713980881e-08,0.010275858234703217,2.0373291603307124e-05,4.067221613751722e-06,0.0002074966312506639,0.0002830974989175548,3.294074029045454e-06,1.160053411758733e-07,2.7816159880709726e-06,3.907707143119045e-05,6.274346812049304e-10
51,2.8882438053170752e-05,2.291371227532923e-11,0.000835698026443071,3.9494981514268385e-05,3.069325753060963e-05,0.0001032899705198031,4.918075699674961e-06,0.0008165598213716355,5.4061266759826925e-05,0.9884963062683161,8.303991524865995e-07,1.0967800239319722e-06,0.003320285542816902,3.0537673530121222e-09,9.660064991661021e-09,0.0058928833329938285,1.6579913067020756e-05,1.799399812029363e-06,0.00013385717868632805,0.00017911492142574107,1.378633444646738e-06,4.323511075408166e-08,1.3740097114948223e-06,4.083950747420823e-05,3.033263206491803e-10
52,0.00014378655247557096,4.532662399819538e-10,0.01145040988160221,0.00018641665240216857,0.00022546018188109956,0.0004911725617455132,3.3527978297853405e-05,0.002485456644845336,0.0003621968170323483,0.9411842323337778,3.0341821547959424e-06,8.485237712809138e-06,0.006919020951239124,1.6643799728041777e-08,5.0008801149037857e-08,0.03496445494048088,0.00018332499473519052,4.342191142313215e-06,0.0007097708743387019,0.00043941045746150937,3.1150671711193434e-05,5.931266197395672e-07,9.653299950463094e-06,0.00016402854604330818,3.816483041789052e-09
53,2.621743689190264e-05,3.264921152212182e-11,0.0008576500675629743,7.128079732834676e-05,3.287165413953065e-05,0.00012903005075319513,6.1214563442474825e-06,0.0009701806868259986,6.160883256621982e-05,0.9870197187824984,1.3628301962552967e-06,1.7432688448013183e-06,0.0031685249081465,4.6110136438044066e-09,1.583485217964172e-08,0.0072229809283814546,1.6700349309296667e-05,2.6776821049901096e-06,0.00010216642514584608,0.0002665888395456231,2.0753233599788592e-06,6.085384780706802e-08,2.089585796668282e-06,3.8328340016111834e-05,4.218787572399599e-10
54,1.652824194243805e-05,4.575272486606365e-12,0.001479020481165963,2.8063090656433033e-05,2.4132986110668225e-05,4.71000931331632e-05,2.784333357369115e-06,0.0005671504445173273,2.166836146372333e-05,0.9870081572074827,7.329519809539757e-07,9.247544191389255e-07,0.004771059008749802,1.656367921420088e-09,3.670912251576675e-09,0.005633283756667914,1.2300456744143145e-05,1.1103111595250451e-06,5.656114266151489e-05,0.00030241670683888323,1.7154747795553034e-06,1.4045127391371729e-08,9.074379936883774e-07,2.4363306897535e-05,7.429494642790068e-11
55,3.414133581211493e-05,3.569204431310882e-11,0.0008290134419849583,6.418965957493295e-05,3.098248975293813e-05,0.0001255636333711407,6.596909177487796e-06,0.001404869683515223,7.311880962199704e-05,0.9848984818051628,1.1409011931594118e-06,2.226876633317816e-06,0.003968954186564851,4.66163866048904e-09,1.5530088003651154e-08,0.008151335699219405,1.6600384342946646e-05,2.6913781313697283e-06,0.00012716334883418651,0.00021437289927370547,1.5362643115290937e-06,7.226481572552326e-08,1.61752978835784e-06,4.5309842688940244e-05,4.288102893772907e-10
56,3.054760493514209e-05,3.7604830710602735e-11,0.0008067854833916505,6.0675655303192146e-05,2.8695629309178914e-05,0.00011281330573425447,4.634274265017913e-06,0.001045153739128168,5.9215456321366105e-05,0.9880301845492526,1.1116587496396635e-06,1.3191943097068037e-06,0.003300878370731229,3.498730331700199e-09,1.353466269810776e-08,0.006132660166524737,1.539249726576756e-05,2.158166593245175e-06,0.00013666362594592894,0.000191124772937031,1.3536066212803963e-06,6.198359700154517e-08,1.4123490778134962e-06,3.714046678585312e-05,3.722222973772322e-10
57,6.123172895203565e-05,1.8976319662341403e-10,0.0001684281198525401,0.0002778988908124774,2.2554780116180196e-05,0.00029234303263408893,5.203576556724099e-06,0.0012666673423248958,0.00013098656310953316,0.9900722406420329,3.2027742887927597e-06,9.985981491533496e-07,0.0016053067544773395,6.5683094948743595e-09,5.06126853958651e-08,0.005702098227626526,1.4050520033885194e-05,9.864550804776996e-06,0.0002023063176095994,0.00013071865110614943,9.94655029013243e-07,1.8418588677467626e-07,3.4938877034205104e-06,2.916768133717068e-05,1.1487979462427397e-09
58,2.9665115765458192e-05,3.6817278122552754e-11,0.0007719649437667723,5.6514818103164024e-05,2.7714198089383454e-05,0.00011422164719729294,4.671622279815054e-06,0.0010234126586738583,5.729026915526827e-05,0.9882388427822145,1.018388933995564e-06,1.2799076956059234e-06,0.0033110064012480843,3.3728456391006624e-09,1.306614903485873e-08,0.0059771694060775605,1.5633977814897825e-05,2.155679391620986e-06,0.0001386804452467024,0.00018627823486971928,1.3203223428612953e-06,6.17268319590172e-08,1.4023526378474238e-06,3.9678260395793105e-05,3.654558054161112e-10
59,2.966502533194789e-05,3.715601450202898e-11,0.0008420732027666979,5.676444445682012e-05,2.8875592365321407e-05,0.00011231181380589453,4.656467921265928e-06,0.0010331316813421466,5.7947199728437856e-05,0.9880618497513606,1.050905357207116e-06,1.3006661081066296e-06,0.0033554478391903866,3.4014685793052276e-09,1.320545502834574e-08,0.00602250132641071,1.5758030653424905e-05,2.087856553539187e-06,0.00013807438050406605,0.00019451284593894453,1.3898188443371866e-06,6.092969960724742e-08,1.4165072876733855e-06,3.910670247177662e-05,3.678213469741208e-10
60,3.033777484794506e-05,3.912856937360229e-11,0.0008174876397272281,6.25741716017282e-05,2.964779698013863e-05,0.00011687549171470188,4.676570454095668e-06,0.0010377661199345632,6.202506829904919e-05,0.9881113054035787,1.1539457697017725e-06,1.343843306105074e-06,0.0031484411602717205,3.5240427003747626e-09,1.4103599207258915e-08,0.00619109166719167,1.5452448648625447e-05,2.1694642805287537e-06,0.00013696085662146643,0.00019175426492003476,1.4145672350249447e-06,6.439841468815311e-08,1.4541807050822373e-06,3.5985114054331994e-05,3.846724085733243e-10
61,3.0434352387717985e-05,3.78245593861504e-11,0.0008518240464948908,5.756965281502517e-05,3.0194754604501307e-05,0.00011461250713016082,4.781967204273846e-06,0.0010256283235272822,6.051653598581989e-05,0.9879963632323099,1.0961599934728886e-06,1.325563581141871e-06,0.0032836080311558014,3.53260481548058e-09,1.363663598562536e-08,0.006149176524895886,1.5916465509603353e-05,2.1175257035640886e-06,0.00014069061446239425,0.0001928656329597115,1.4287778197628248e-06,6.207833656852614e-08,1.4448597971500924e-06,3.832480662788906e-05,3.796320132065134e-10
62,3.033777484794506e-05,3.912856937360229e-11,0.0008174876397272281,6.25741716017282e-05,2.964779698013863e-05,0.00011687549171470188,4.676570454095668e-06,0.0010377661199345632,6.202506829904919e-05,0.9881113054035787,1.1539457697017725e-06,1.343843306105074e-06,0.0031484411602717205,3.5240427003747626e-09,1.4103599207258915e-08,0.00619109166719167,1.5452448648625447e-05,2.1694642805287537e-06,0.00013696085662146643,0.00019175426492003476,1.4145672350249447e-06,6.439841468815311e-08,1.4541807050822373e-06,3.5985114054331994e-05,3.846724085733243e-10
63,3.178473483648739e-05,4.7078918293564754e-11,0.0008306278124912623,6.631793416820126e-05,3.130260731700623e-05,0.00012712508239926014,4.766248374236142e-06,0.0010730023677891936,6.677547191626449e-05,0.9878287561523044,1.212452700267415e-06,1.3766628594769866e-06,0.003157271301815734,3.720570810616974e-09,1.5669013826862056e-08,0.006376684447545474,1.6076139379376025e-05,2.3418781048795274e-06,0.00015192697253186036,0.0001921703914693931,1.4769169535982267e-06,7.192045209003281e-08,1.537650129944338e-06,3.737499045714885e-05,4.273409270931478e-10
64,3.0115835392650762e-05,3.962048190842275e-11,0.0009332235736651106,6.379760935830028e-05,3.291008156043728e-05,0.0001258797070729955,4.997090850676615e-06,0.0010154249634605338,6.355365162170139e-05,0.9872697447030361,1.21706075704123e-06,1.4768694604681286e-06,0.003286898164079316,3.791799593696655e-09,1.47440763334098e-08,0.006758259233051069,1.7013795282726793e-05,2.313024017854078e-06,0.00013785283892021503,0.0002139791770314046,1.7794497135464225e-06,6.559473351836448e-08,1.6552580884925446e-06,3.782334593332989e-05,3.974160381417255e-10
65,3.0698474817575127e-05,3.2665176720831025e-11,0.0007945779412639629,5.6510097445165265e-05,2.6874586027820367e-05,9.538944528588976e-05,4.210064728480168e-06,0.0010171625174391623,5.809341348857846e-05,0.988983951932391,1.103392420480605e-06,1.2136968474100908e-06,0.002973434227877978,3.0786145296286824e-09,1.2171779496650736e-08,0.0056212159527700535,1.3195072586099957e-05,1.6914793012950997e-06,0.00012960733862798056,0.00015864255360720746,1.0880251494334942e-06,5.797891678920675e-08,1.0967194477595903e-06,3.0169485406577484e-05,3.2109392951510006e-10
66,3.749539291030925e-05,1.162220516729822e-10,0.0006005542461242867,0.00012143311857910457,2.7464321754000616e-05,0.00018946514502930588,5.62474470789993e-06,0.0017093032111747408,0.0001100085204959798,0.9873898858582358,2.019661148707231e-06,2.0801977859672755e-06,0.0021987948342814556,5.638876839558969e-09,4.0250897209977546e-08,0.007194871619140145,1.650937658272488e-05,4.030333577961638e-06,0.0001701864082725031,0.00017980305323362557,1.7615966962780367e-06,1.5810514308773738e-07,2.2412608118585868e-06,3.6262166685689095e-05,8.216324743426199e-10
67,2.9879986447718726e-05,4.072583036166486e-11,0.0008184525382334855,6.452169101216421e-05,3.010222530936185e-05,0.00012593451630499582,4.875149315368383e-06,0.0010271656460501505,6.167809419146252e-05,0.9877631412281054,1.1543261649051777e-06,1.3857439478128043e-06,0.00323383216392114,3.6553207361302867e-09,1.4371253984970798e-08,0.006433475390376755,1.6417730090008698e-05,2.350961179631119e-06,0.00014008391324142995,0.00020396677591640917,1.5157192141437372e-06,6.68271575520189e-08,1.569424409435358e-06,3.8411478997451385e-05,4.031125051672779e-10
68,3.5112564020725414e-05,3.7701284105715596e-11,0.0007745152021665209,6.111019812299634e-05,2.9578653248474693e-05,9.818298972695212e-05,4.226303146438833e-06,0.0009483824483244923,6.13808109117588e-05,0.9885829881933245,1.184621113585624e-06,1.06001646354104e-06,0.0031240945685996877,3.4814545735788897e-09,1.2540589995371587e-08,0.005904209879739298,1.4720899636156994e-05,1.9577656518354342e-06,0.00015552894160372134,0.00016653097315260358,1.076167812616562e-06,5.752990131224145e-08,1.2646181640789434e-06,3.282023222563721e-05,3.63197167632887e-10
69,3.181832531307066e-05,3.7844368307910406e-11,0.0008146757211953344,5.726820472597265e-05,2.8016899000086228e-05,0.00011886862162192623,4.9698943651644e-06,0.0010853090062815567,6.088183257423761e-05,0.9873854915293472,9.737833525286672e-07,1.349420102884525e-06,0.003372970931246047,3.3304059363392886e-09,1.2691081289738645e-08,0.006659157149903048,1.545739950885585e-05,2.00743346807176e-06,0.0001521426900974804,0.0001655609420272184,1.273009063033734e-06,6.596739523162285e-08,1.280809137593506e-06,4.0444013710261206e-05,3.572315956388203e-10
70,3.204560221739706e-05,4.0575210063058496e-11,0.0007809370262243726,5.8532259759390736e-05,2.978891173436104e-05,0.00011419248493392874,4.784201614017563e-06,0.0010387462210651698,6.31427653523664e-05,0.9885599245725644,1.1381165904788025e-06,1.313572239107798e-06,0.0031179175375084483,3.6195675312126986e-09,1.4464339986404776e-08,0.005811923687829697,1.6485940342807858e-05,2.1926029679309784e-06,0.00014287191321671843,0.00018333030292310025,1.3850733986707746e-06,6.684571708635525e-08,1.4648520023196697e-06,3.779697331137668e-05,4.120041020877011e-10
