,0,1,2,3,4,5,6,7,8,9,10,11,12,13,14,15,16,17,18,19,20,21,22,23,24
0,2.9613299096568868e-05,7.486840684392634e-08,7.695115591125222e-06,0.00014471251655110166,1.4472655772848033e-05,1.5074858871281143e-05,7.586515345588874e-05,3.2376144186158066e-05,0.00020978378403161682,0.964517171965746,1.0683938369984232e-06,2.2542852972757905e-07,1.0661294255104329e-05,8.300590435674995e-05,8.756668579056862e-08,0.03427435004477088,1.0416124802732039e-05,8.890477417131108e-05,6.452054123923236e-05,0.00034442374643348507,1.5760626933464495e-05,5.424136535465961e-05,2.5011165552842487e-07,4.321594295424208e-06,9.221209694776494e-07
1,5.418723449515816e-05,1.337464120704994e-06,0.00017618515884614068,0.002212367841361237,6.376768205019929e-05,8.877022391510172e-05,0.0008670654246364155,3.3751024409417503e-05,1.8720962749725215e-05,0.8798227351071569,4.0231087020875716e-05,0.00012091793772112905,0.00014207152269209896,0.06493084091699323,1.230686613363224e-06,0.0027311688458823424,0.000320761498474964,0.029237718171224652,5.525651579291787e-05,0.004818529203009995,0.006212786730120944,0.007790469700896383,8.050571892587293e-06,1.9813303916963368e-05,0.00023126518400660648
2,2.7404253881275463e-05,5.702352878575894e-08,6.231105154395815e-06,0.00010410585920784849,1.173629222977374e-05,1.2620572987274536e-05,6.42936895811011e-05,2.8400179702113842e-05,0.0001862120806443832,0.9699566329365625,7.667884429693889e-07,1.6666383536442018e-07,7.441847770265996e-06,6.682543482404486e-05,7.605253514166962e-08,0.028927201130201963,7.694924929356937e-06,7.75054457925682e-05,6.036382747149385e-05,0.0003856080922518555,1.3445072648200426e-05,5.019193786541045e-05,2.2687677624083284e-07,3.901658205814638e-06,8.902529696629354e-07
3,2.9006917229531246e-05,6.989753406131524e-08,7.206803961341228e-06,0.00013007861153730059,1.3264955769430194e-05,1.535918931760073e-05,7.092209183144059e-05,3.0277684368198554e-05,0.0001872722813125777,0.964284566249669,9.89833624780497e-07,2.187235154504472e-07,9.94125033434229e-06,7.633179302276853e-05,8.211999500479379e-08,0.03455499604480545,9.522510192636242e-06,8.643763488997326e-05,6.587188765937452e-05,0.00035715466400167877,1.569510586358667e-05,4.9558413933283126e-05,2.395083410254568e-07,4.086045083301245e-06,8.497822070235861e-07
4,2.9665471746882594e-05,8.188234396970513e-08,7.606810634043102e-06,0.00013931403038793438,1.461507723372273e-05,1.6884146537778442e-05,7.778360958952646e-05,3.168052008959141e-05,0.00019202139359994627,0.9620254768393681,1.144860961628001e-06,2.7052958375897116e-07,1.2321260668697312e-05,8.784620235288317e-05,8.490038543928249e-08,0.03673775998807827,1.0791128653158672e-05,9.573011580796412e-05,7.188376818049589e-05,0.00037111686671278824,1.704118356079192e-05,5.368778315639941e-05,2.588052129105448e-07,4.026476058030572e-06,9.063490952701709e-07
5,2.7465755772701968e-05,5.458839868768279e-08,6.507217014528583e-06,0.0001289738735267449,1.1249741702747924e-05,1.3370653129222712e-05,6.5925849449214e-05,2.7832843587593952e-05,0.00017150115360319872,0.9666187515148892,8.699831949231259e-07,1.9503661588229157e-07,8.586226193931168e-06,7.5023655701026e-05,7.06386731716518e-08,0.03224558548734912,9.119477285038667e-06,9.524109762198317e-05,5.346745805761178e-05,0.00037418788604407746,1.417068807445177e-05,4.6487333514932127e-05,2.313760148520467e-07,4.275032279194989e-06,8.554323061066032e-07
6,2.9006917229531246e-05,6.989753406131524e-08,7.206803961341228e-06,0.00013007861153730059,1.3264955769430194e-05,1.535918931760073e-05,7.092209183144059e-05,3.0277684368198554e-05,0.0001872722813125777,0.964284566249669,9.89833624780497e-07,2.187235154504472e-07,9.94125033434229e-06,7.633179302276853e-05,8.211999500479379e-08,0.03455499604480545,9.522510192636242e-06,8.643763488997326e-05,6.587188765937452e-05,0.00035715466400167877,1.569510586358667e-05,4.9558413933283126e-05,2.395083410254568e-07,4.086045083301245e-06,8.497822070235861e-07
7,1.2416253983934932e-05,2.23610936074828e-08,2.2741320754036895e-06,8.560236939217532e-05,6.959909277655507e-06,1.0103634378920749e-05,4.8228838672263066e-05,1.3742115217836763e-05,0.00018021094045011544,0.9713253621702037,4.041077437015448e-07,7.736026306889225e-08,2.288740703786553e-06,6.48496264011833e-05,6.428565628327795e-08,0.027779332115728316,5.0938474091362094e-06,5.361957650572048e-05,2.394937659246144e-05,0.00033425903056094386,9.653518102742431e-06,3.614060062957623e-05,2.6696451415923485e-07,4.03686081970157e-06,1.041263623705344e-06
8,5.3105428537885835e-05,1.841708321893066e-07,1.2877698640019574e-05,0.00020071417303573903,2.9200370702915862e-05,3.153800159121664e-05,0.00012799010916502966,7.127485497564754e-05,0.00017121951773968352,0.9139596109652673,2.259891657469224e-06,1.0957122121516854e-06,4.768640251467932e-05,0.0001025957061573136,8.370105694088729e-08,0.08413913236034197,1.9472004299057356e-05,0.00018277032607182697,0.00023679897942207,0.0005128452041556995,3.554900268736029e-05,5.881719893951646e-05,3.319408312803664e-07,2.1342689554702958e-06,7.1201020952319e-07
9,4.685854194022688e-05,1.8496565144885628e-07,8.13050516068766e-06,0.00015600264561378043,2.532516152039268e-05,2.5829463967415427e-05,0.0001658498438867512,4.972447707479894e-05,0.0002445563725067403,0.9373569757047407,1.8126090796155507e-06,7.358195919802426e-07,2.6767146594252385e-05,0.00011071470175050433,1.0821619595874381e-07,0.060901718315353154,1.5514914912233255e-05,0.00016390040886239498,0.00015384594790223148,0.000443604192327714,2.9028118105632513e-05,6.811520306687327e-05,3.7653881431517926e-07,2.8644935878966703e-06,1.4556917923270572e-06
10,2.9006917229531246e-05,6.989753406131524e-08,7.206803961341228e-06,0.00013007861153730059,1.3264955769430194e-05,1.535918931760073e-05,7.092209183144059e-05,3.0277684368198554e-05,0.0001872722813125777,0.964284566249669,9.89833624780497e-07,2.187235154504472e-07,9.94125033434229e-06,7.633179302276853e-05,8.211999500479379e-08,0.03455499604480545,9.522510192636242e-06,8.643763488997326e-05,6.587188765937452e-05,0.00035715466400167877,1.569510586358667e-05,4.9558413933283126e-05,2.395083410254568e-07,4.086045083301245e-06,8.497822070235861e-07
11,2.9926126986177054e-05,7.574400741667063e-08,7.487738392908047e-06,0.000136161632072188,1.3724373289525504e-05,1.6244737575132158e-05,7.473930038635749e-05,3.2329605830570526e-05,0.00018978440786738166,0.9624705548662363,1.0540536100021073e-06,2.43778927805679e-07,1.1257219118659284e-05,7.97914116441665e-05,8.382708295577761e-08,0.03632665217330807,1.0362434110932836e-05,9.092086475337918e-05,6.982984879762471e-05,0.00036602565717696315,1.6315180806075965e-05,5.129195933477794e-05,2.4911919968871545e-07,4.035833170125425e-06,8.581063149369056e-07
12,2.9189972460680075e-05,7.263598492118977e-08,7.330049332478955e-06,0.00013122248440487085,1.4162771323194278e-05,1.5787738446377014e-05,7.190883654842815e-05,2.949378774759004e-05,0.00018904928665183147,0.9640396291274677,1.0088904068008247e-06,2.3051866995658252e-07,1.0125976453594172e-05,8.065954344793772e-05,8.194251098267895e-08,0.03477159616832713,9.484783937016074e-06,9.114335433350606e-05,6.638309882721054e-05,0.0003706296367767632,1.6034255333292107e-05,4.951269300829627e-05,2.4673531971974175e-07,4.11188167880122e-06,9.038306008613052e-07
13,3.263630409450422e-05,9.636502199685991e-08,8.823953191339393e-06,0.00016578624083902905,1.668286685429284e-05,1.8937743644042095e-05,8.358154387382308e-05,3.511603717751607e-05,0.00020600183460672751,0.9579680797828194,1.552250923064855e-06,3.1340216990498463e-07,1.5173970165541822e-05,9.511628815848636e-05,1.0321779875373838e-07,0.040723073959439984,1.2510874487475172e-05,9.674049101588489e-05,8.158905659232049e-05,0.00035532392321840206,1.973689275171178e-05,5.724852836961748e-05,2.889169008838419e-07,4.6103802804042655e-06,8.751756048525825e-07
14,2.9836900528116222e-05,7.691387126237385e-08,7.381824131500589e-06,0.00013134065744253121,1.4290157184274584e-05,1.6534147129198928e-05,7.367534396982267e-05,3.073389250898695e-05,0.00018646514803747035,0.9623034269183405,1.0638778666621691e-06,2.4292748411134534e-07,1.0891736070607206e-05,7.967809717510437e-05,8.443905613282592e-08,0.03650726528877884,9.683001664126916e-06,8.897053687680076e-05,7.20562810045698e-05,0.0003646516637279179,1.675075740372339e-05,4.981103457796152e-05,2.4845943909395773e-07,3.981502220371746e-06,8.584935105677668e-07
15,2.9006917229531246e-05,6.989753406131524e-08,7.206803961341228e-06,0.00013007861153730059,1.3264955769430194e-05,1.535918931760073e-05,7.092209183144059e-05,3.0277684368198554e-05,0.0001872722813125777,0.964284566249669,9.89833624780497e-07,2.187235154504472e-07,9.94125033434229e-06,7.633179302276853e-05,8.211999500479379e-08,0.03455499604480545,9.522510192636242e-06,8.643763488997326e-05,6.587188765937452e-05,0.00035715466400167877,1.569510586358667e-05,4.9558413933283126e-05,2.395083410254568e-07,4.086045083301245e-06,8.497822070235861e-07
16,0.00027298475304123255,1.0842739079101816e-06,0.00010550218878530393,0.0004969178265335859,0.00016402229790224725,6.532028874799226e-05,0.00014844982545026385,0.00032104197298607956,0.003779933046058488,0.9093226328922123,5.800477150995493e-06,4.465415154680896e-07,0.00013066999026973867,0.00010632499048051466,4.182947870766058e-07,0.08354379015022556,4.8337808416411085e-05,6.934581331841817e-05,0.0006772342951630483,0.0006041938939314837,8.539847060922754e-06,0.00010742112189318855,8.026922379148585e-07,1.77362298157882e-05,1.0484881078849268e-06
17,2.6406633186382396e-05,6.295326528495778e-08,6.9587920143078145e-06,0.0001257451850464019,1.2871840548512303e-05,1.555041999512085e-05,6.250220017543925e-05,2.7512293476888445e-05,0.00019652263552592054,0.9649517691184502,9.357340579158281e-07,1.572664825451767e-07,8.026006112379072e-06,6.328810899852027e-05,8.957588952668122e-08,0.03399745119694443,8.005423306312233e-06,6.22660860775936e-05,6.06560539997914e-05,0.00031193856994465283,1.3840951459832148e-05,4.2161405057747175e-05,2.1628752588166374e-07,4.382144438680897e-06,6.831180198735395e-07
18,3.735929465897618e-05,1.0510959875692822e-07,3.6780450792093314e-05,0.0004187428654140807,6.775157733031333e-05,3.0806667480763745e-05,6.77365418310814e-05,7.385812000309037e-05,0.00022935144439635848,0.9207274174233028,2.338432074423974e-06,1.3982104293150067e-07,1.8980574758076705e-05,4.164672609534689e-05,2.337664703909151e-07,0.0776718363545998,5.124670619581419e-06,2.7749594391700147e-05,0.00016059276767082208,0.00032512646564555935,2.7537906799433862e-05,2.2348352870192478e-05,2.0181520325618607e-07,6.078361582678455e-06,1.5489536758575724e-07
19,3.242741272714418e-05,8.841291174271002e-08,9.177486434336626e-06,0.00016291596566111633,1.7009251002178314e-05,1.7018051265881885e-05,8.595479126761307e-05,3.872582940804845e-05,0.00020161627750520033,0.9600609588439064,1.2037971850708461e-06,2.954863769136565e-07,1.4022142225259446e-05,8.883301053916838e-05,9.125779822285575e-08,0.038609874045112604,1.1503131142214721e-05,0.00010150246911668321,7.86306373662652e-05,0.0003879753406794004,1.826824599804436e-05,5.6678084404956625e-05,2.5772814985204153e-07,4.096247668918003e-06,8.760541468510886e-07
20,3.145000120710491e-05,6.783362577426718e-08,6.897741745508525e-06,0.00012736780963775216,1.3484694231093853e-05,1.4926805012161268e-05,6.548654212079601e-05,2.7976610454702756e-05,0.00019290319664198,0.9620191054501788,9.26163463506395e-07,2.308107800714667e-07,1.0513460960683314e-05,7.709089821827632e-05,6.305014884449651e-08,0.03680835231502363,9.626968217634191e-06,0.00010266245783453378,6.24096099343114e-05,0.0003675245208943503,1.3566591618624111e-05,4.23014616850823e-05,2.2848959478009277e-07,3.972158146844282e-06,8.643586227419502e-07
21,2.8533977620076993e-05,6.868410711650288e-08,7.027138483655628e-06,0.00012806887303491862,1.3222848483157608e-05,1.503227572633018e-05,6.851292146329751e-05,2.8977923149019657e-05,0.00018223480183415021,0.9646852785131749,9.868574813696442e-07,2.1780040419025738e-07,9.732633032818455e-06,7.61184576297153e-05,7.942789117467298e-08,0.03417468915146997,9.224859815405845e-06,8.624882529913205e-05,6.440466492894121e-05,0.0003523552586835481,1.5728935865467258e-05,4.813360098273685e-05,2.3413508454537136e-07,4.051177808609797e-06,8.362565459434731e-07
22,2.560157115987477e-05,5.106006436106793e-08,6.819321799307655e-06,0.00012809215836190427,9.967653526708176e-06,1.2833314190501541e-05,5.6768003590132534e-05,2.7065842886632157e-05,0.00014548289790106136,0.9685424547324198,8.844173795927719e-07,1.8876466007250077e-07,8.236071048676445e-06,6.763789213752895e-05,6.858042530567375e-08,0.030433567777472692,9.310308063657997e-06,8.27358731688449e-05,5.2572070436221265e-05,0.0003230959584272144,1.5281238239901072e-05,4.64513089306864e-05,1.9454612888169509e-07,3.973285965245364e-06,6.6535161480745e-07
23,2.9006917229531246e-05,6.989753406131524e-08,7.206803961341228e-06,0.00013007861153730059,1.3264955769430194e-05,1.535918931760073e-05,7.092209183144059e-05,3.0277684368198554e-05,0.0001872722813125777,0.964284566249669,9.89833624780497e-07,2.187235154504472e-07,9.94125033434229e-06,7.633179302276853e-05,8.211999500479379e-08,0.03455499604480545,9.522510192636242e-06,8.643763488997326e-05,6.587188765937452e-05,0.00035715466400167877,1.569510586358667e-05,4.9558413933283126e-05,2.395083410254568e-07,4.086045083301245e-06,8.497822070235861e-07
24,2.920026356635834e-05,5.095304191958081e-08,6.17536300227666e-06,7.623420088647328e-05,7.4112834783801264e-06,1.0890023142971481e-05,5.306885336860854e-05,2.574693844584959e-05,0.0001630306467019062,0.9784087189695337,7.023864321800345e-07,1.265970908661019e-07,5.208945045823003e-06,4.63611069631718e-05,8.380541602137348e-08,0.020655891218347273,7.1520329526739345e-06,5.83586434667606e-05,6.222374118738773e-05,0.0003074850968114,1.4152499879598966e-05,5.6614286982243745e-05,1.8201356435120856e-07,4.1541429017393855e-06,7.759877899058782e-07
25,3.102678498950466e-05,6.465225283565419e-08,8.289359462947299e-06,0.00016998990646024237,1.3904264698704102e-05,1.504856899383711e-05,8.596792908920517e-05,4.399679029679293e-05,0.00017538013613512473,0.957308292621837,1.1478261800239727e-06,2.391327418530263e-07,1.3080034999975422e-05,7.379155370918717e-05,9.11424543134226e-08,0.04141840950655653,1.0757828168011044e-05,9.327583687532619e-05,7.567470614577539e-05,0.00038653932851118015,1.8065841140302993e-05,5.211641867944541e-05,2.591532575992356e-07,3.8810409044993275e-06,7.096354597584606e-07
26,3.578901986363941e-05,7.377072198449368e-08,7.398609579218826e-06,0.00014038168122602798,1.4631824621685324e-05,1.5358586903034856e-05,6.679547184220115e-05,3.227734587871387e-05,0.0002925565546864941,0.9643441190239723,1.0268662898487495e-06,1.806641712770756e-07,9.219942219120062e-06,7.337850379353597e-05,8.987685942655523e-08,0.034361255520450065,1.0367134241094375e-05,8.2280046417617e-05,6.214431867704122e-05,0.00038213892939948925,1.272676591718965e-05,4.842923137560707e-05,3.0429934321127515e-07,6.067667864236689e-06,1.0083436859160097e-06
27,2.524500040058267e-05,6.128933305087974e-08,5.758842624405837e-06,0.0001119016053955702,1.1241006747181245e-05,1.350439275869078e-05,6.803918831955857e-05,2.686556595042961e-05,0.00021107169914875095,0.9689098300470425,8.703856544098304e-07,1.6436448463529193e-07,7.629674139141702e-06,7.077585414933745e-05,8.743932549807457e-08,0.02999724440961063,8.67498479458037e-06,6.914142871684639e-05,5.498229591445501e-05,0.0003359141827621371,1.3040107339168446e-05,5.241580959127993e-05,2.4030319878209745e-07,4.399381580919568e-06,9.007410171751603e-07
28,2.9006917229531246e-05,6.989753406131524e-08,7.206803961341228e-06,0.00013007861153730059,1.3264955769430194e-05,1.535918931760073e-05,7.092209183144059e-05,3.0277684368198554e-05,0.0001872722813125777,0.964284566249669,9.89833624780497e-07,2.187235154504472e-07,9.94125033434229e-06,7.633179302276853e-05,8.211999500479379e-08,0.03455499604480545,9.522510192636242e-06,8.643763488997326e-05,6.587188765937452e-05,0.00035715466400167877,1.569510586358667e-05,4.9558413933283126e-05,2.395083410254568e-07,4.086045083301245e-06,8.497822070235861e-07
29,2.9006917229531246e-05,6.989753406131524e-08,7.206803961341228e-06,0.00013007861153730059,1.3264955769430194e-05,1.535918931760073e-05,7.092209183144059e-05,3.0277684368198554e-05,0.0001872722813125777,0.964284566249669,9.89833624780497e-07,2.187235154504472e-07,9.94125033434229e-06,7.633179302276853e-05,8.211999500479379e-08,0.03455499604480545,9.522510192636242e-06,8.643763488997326e-05,6.587188765937452e-05,0.00035715466400167877,1.569510586358667e-05,4.9558413933283126e-05,2.395083410254568e-07,4.086045083301245e-06,8.497822070235861e-07
30,2.9006917229531246e-05,6.989753406131524e-08,7.206803961341228e-06,0.00013007861153730059,1.3264955769430194e-05,1.535918931760073e-05,7.092209183144059e-05,3.0277684368198554e-05,0.0001872722813125777,0.964284566249669,9.89833624780497e-07,2.187235154504472e-07,9.94125033434229e-06,7.633179302276853e-05,8.211999500479379e-08,0.03455499604480545,9.522510192636242e-06,8.643763488997326e-05,6.587188765937452e-05,0.00035715466400167877,1.569510586358667e-05,4.9558413933283126e-05,2.395083410254568e-07,4.086045083301245e-06,8.497822070235861e-07
31,4.18745707328541e-05,7.964593735879668e-08,9.969253691743786e-06,0.00013823011365118103,1.4978381864176049e-05,1.4656812749615318e-05,7.948848807829792e-05,4.487892289241755e-05,0.00017922846220282232,0.9630982595351113,9.894191286362358e-07,2.780183720504413e-07,1.30866135546954e-05,7.39103098284901e-05,7.86497886823204e-08,0.0355499970902184,1.0690634192542066e-05,0.00011845846556548377,9.24243094142297e-05,0.00043859289450582457,1.8116901628594177e-05,5.6664145204517394e-05,2.5399125171351467e-07,3.857139284487773e-06,9.572311497844367e-07
32,2.9962925090640527e-05,7.402772008544182e-08,7.416243862920796e-06,0.0001281441725439595,1.3809608687030117e-05,1.611047804934911e-05,7.388586311588049e-05,3.1750369662525456e-05,0.00018660734268996,0.9632225173939082,1.018007479398029e-06,2.3292675968213335e-07,1.0401162279030412e-05,7.75061093938504e-05,8.629881430635288e-08,0.03558355822360225,9.672724925565518e-06,8.779985730292519e-05,7.288439911572867e-05,0.0003733738372501276,1.6472286752041146e-05,5.1617061839440135e-05,2.510275520396968e-07,3.971121428772125e-06,8.765301742879081e-07
33,2.7334276056823267e-05,7.725214321375167e-08,6.460936405316143e-06,0.0001459152591092233,1.122362342220895e-05,1.643875463602296e-05,9.516900364638316e-05,3.869037560074199e-05,0.00017702741082222797,0.9528534358082257,1.0818215571326565e-06,3.7638103388084346e-07,1.881426550408948e-05,0.00010064439689533498,6.292740667209592e-08,0.04584033465857704,1.62661797861751e-05,0.00012612116444178612,6.965065192851162e-05,0.000374267317719523,1.4069637936351438e-05,6.260635952441464e-05,2.3756578359175212e-07,2.876447679454897e-06,8.175241581577866e-07
34,3.890666589281104e-05,9.595713448480377e-08,8.261390410822494e-06,0.00011949670966283027,1.632077245890918e-05,1.524140305750638e-05,7.285352327427526e-05,3.3195706452819126e-05,0.00023334183488482474,0.9663477116989011,1.1884252160659122e-06,2.410771964723197e-07,1.175833479791825e-05,7.675722090847554e-05,9.028742691734477e-08,0.03240442136156517,9.463430049965701e-06,8.541708177164e-05,9.23364023375258e-05,0.0003551392247912017,1.609452919319636e-05,5.584815216248368e-05,2.589537741453158e-07,4.563740702954631e-06,9.961159753691292e-07
35,1.8673457788192956e-05,8.022971258485168e-08,8.503335690539081e-06,0.00016243001934777992,1.8966759429358447e-05,2.5132352035057246e-05,7.649113895120815e-05,2.3089662488569403e-05,0.0001741353919744161,0.9609340010324002,1.4219852498058003e-06,2.2254606112717794e-07,9.98953357084162e-06,0.00011383443081587986,1.4123946234765135e-07,0.037810535135743825,8.861453545621536e-06,6.451366731342672e-05,6.356253108710815e-05,0.0004042316776219863,2.2125908456584033e-05,5.275206859179047e-05,3.409377052085537e-07,5.074091167810992e-06,8.89413788802862e-07
36,2.8807272229870737e-05,7.520414554557356e-08,9.84766880710609e-06,0.00010176024702105945,1.8549766615968753e-05,1.3668474099380602e-05,4.9670295654390256e-05,1.835768520926213e-05,0.00013207939631224505,0.9789035387500307,9.751386782919006e-07,1.617368356317153e-07,6.3014617503038325e-06,6.885086009409666e-05,8.30769522202667e-08,0.02008993473594753,4.4249426074512465e-06,7.013654353444555e-05,6.944266153563484e-05,0.0003473540940205935,2.1837327880072012e-05,3.858859240856941e-05,1.822740967432959e-07,4.508451487798684e-06,8.633420451213196e-07
37,3.184252647950108e-05,5.549054917106197e-08,7.824372576773896e-06,0.00013685653213674356,1.149875626498687e-05,1.2417116475394349e-05,6.243339434032201e-05,2.7976876363525593e-05,0.00016511630924360385,0.9690125372440941,9.775635154582813e-07,1.8862868039996913e-07,8.81999401302547e-06,7.24484926106518e-05,7.347596881509741e-08,0.029869837002549863,9.028585911644167e-06,9.672200348758952e-05,5.6336787344256196e-05,0.00034978569409121205,1.4259143257799664e-05,4.6825578645771164e-05,2.1289602251672994e-07,5.116661148510923e-06,8.088742282991322e-07
38,3.013686524290916e-05,6.973353982953373e-08,7.461172967033546e-06,0.00010518440032517766,1.4416083924476174e-05,6.977342903016601e-06,4.4910528555868454e-05,2.0857287754748486e-05,0.0002667754565617453,0.9848476533437165,7.890676387583359e-07,1.4779130323639402e-07,6.126393154966029e-06,8.106517253224959e-05,5.962483736452293e-08,0.014095995424456368,7.045620666993312e-06,7.868066723226529e-05,4.1427445805376144e-05,0.0002655232395041357,1.0486300716265866e-05,6.144892605105506e-05,1.5054562681394013e-07,5.4378542167098475e-06,1.1737107663636714e-06
39,3.0256627322144324e-05,6.469300735757707e-08,7.586086329723156e-06,0.0001443194194603561,1.3331161284151851e-05,1.684763388773462e-05,9.073891605550556e-05,4.16825248120513e-05,0.00016892954351368448,0.9574005399118649,9.833238288939296e-07,2.3881499740297537e-07,1.0746185799378672e-05,7.519946321810699e-05,1.0319344317841039e-07,0.041288107924457564,1.0294987588501189e-05,9.441760510695275e-05,8.02670114536636e-05,0.0004430209030288073,1.9876923576837588e-05,5.7368281715864046e-05,3.153949894074363e-07,3.80590967546608e-06,9.575595822954693e-07
40,3.3312745536879135e-05,1.13896928442292e-07,1.2840570434822964e-05,0.0001384554759579481,2.2220069802006122e-05,2.0737476732115886e-05,7.094608952918799e-05,2.905321672695802e-05,0.00017742819781017854,0.9672474214503662,1.3126141693884595e-06,3.2878575511213083e-07,1.2431946844676806e-05,0.00010416606988577248,1.0712552338430942e-07,0.03142083227315134,9.472952105588841e-06,0.0001006542414327685,9.155103036444439e-05,0.00041903498216016704,2.1339785135904946e-05,6.0381226814643656e-05,2.379451892175365e-07,4.6076266520160354e-06,1.0122049907333316e-06
41,2.9096131376299763e-05,5.251541798270588e-08,6.466597381123471e-06,0.00010769847063822795,9.432095556826612e-06,1.3039582194165277e-05,7.397896040932367e-05,3.020357309993806e-05,0.00013325530943995243,0.9693880392520449,9.07659361957035e-07,2.3218356605644852e-07,8.600522815708124e-06,7.583573007851844e-05,8.043157200087722e-08,0.029427276898237195,9.222359332447795e-06,0.00010309657293288636,7.386804287716188e-05,0.00042379536870293437,1.848622644564473e-05,6.230140150559093e-05,2.517583807458906e-07,3.806485226347837e-06,9.758714062386603e-07
42,2.5987072310719933e-05,6.489267703841117e-08,5.687828683444629e-06,0.00013754400965371012,1.4006464802801634e-05,1.6032535012670968e-05,6.960320112657425e-05,1.771646535431858e-05,0.0002104436688092437,0.9645948496212935,1.004176165093101e-06,1.9018333728611643e-07,8.733822284378443e-06,9.745917295532742e-05,6.50925301425848e-08,0.034254793604241066,8.39205183414824e-06,0.00011012874189499617,3.951329394971902e-05,0.0003354334200563213,1.1264727581481674e-05,3.445924540685283e-05,2.433844983101567e-07,5.255712695601852e-06,1.1276108452066882e-06
43,9.255036304193366e-05,3.874170016713742e-07,2.6046392074616606e-05,0.0004401982439995146,5.075542128685174e-05,4.728771236508423e-05,0.0002808575629977095,0.00010875203161011457,0.00037698348175559744,0.896095935736123,4.687466813572285e-06,1.9296383531747275e-06,8.642460197603517e-05,0.00023947868432156605,2.1230237791758355e-07,0.10071454884684335,4.3593684375569766e-05,0.0003701050011290794,0.000247303149775365,0.0006089251486915849,4.2205988814940864e-05,0.00011137649380290824,7.48642121296671e-07,6.419380131699267e-06,2.2866082158625473e-06
44,2.9006917229531246e-05,6.989753406131524e-08,7.206803961341228e-06,0.00013007861153730059,1.3264955769430194e-05,1.535918931760073e-05,7.092209183144059e-05,3.0277684368198554e-05,0.0001872722813125777,0.964284566249669,9.89833624780497e-07,2.187235154504472e-07,9.94125033434229e-06,7.633179302276853e-05,8.211999500479379e-08,0.03455499604480545,9.522510192636242e-06,8.643763488997326e-05,6.587188765937452e-05,0.00035715466400167877,1.569510586358667e-05,4.9558413933283126e-05,2.395083410254568e-07,4.086045083301245e-06,8.497822070235861e-07
45,2.817702673519205e-05,6.282957224473832e-08,7.94427471557589e-06,0.0001591985031958862,1.3200154201963827e-05,1.8143270403622452e-05,9.111186230019776e-05,4.488432839051531e-05,0.00018740037584001411,0.952804551167599,9.968552947183303e-07,1.8885384026716783e-07,1.0446926776320392e-05,6.353649641025456e-05,1.1918716948301011e-07,0.04596240909593126,9.838211841316476e-06,7.053091007965907e-05,7.563951591565151e-05,0.00038078460176505327,1.692301409960817e-05,4.892621999673808e-05,2.7072326865935435e-07,4.0461781169456955e-06,6.694165395517729e-07
46,3.28450089300484e-05,6.179438578081347e-08,7.322726914247958e-06,0.00018609034285328824,9.160803243587074e-06,1.8836118813381426e-05,6.900582871521819e-05,4.34213604224007e-05,0.00019596486361811642,0.9534060827155489,1.148393914591038e-06,2.5306270986729016e-07,1.2386837750632005e-05,7.344237161244498e-05,8.912926239212288e-08,0.04533120134295234,1.7582896741086567e-05,9.526104377939044e-05,6.109812520254678e-05,0.0003629145426155027,1.6534984946036286e-05,5.3151854315118736e-05,3.1197934630729045e-07,5.1485808970253235e-06,6.832905098645749e-07
47,3.780754208149748e-05,8.470796025701028e-08,6.425085729746697e-06,8.126526951657329e-05,1.0056491194548414e-05,1.2559067249039817e-05,7.234097775000145e-05,3.4394092878e-05,0.0001829605993335981,0.9710947101665316,8.259066447881689e-07,2.749776120291777e-07,9.911108062229047e-06,6.181200567555615e-05,7.4635454831772e-08,0.027747362941240826,1.0091855117562994e-05,9.33150936479134e-05,9.091357130375257e-05,0.0003646686055138073,1.569225608166318e-05,6.801146252289483e-05,2.0070676094279463e-07,3.2462550555010334e-06,9.946190806895536e-07
48,2.6522092765752143e-05,6.217520443465301e-08,6.703157084268272e-06,0.00011964515210499093,1.2989320538781194e-05,1.344341064067383e-05,6.325633872143674e-05,2.5138860198871137e-05,0.00017709014482904687,0.9684311003387236,9.034519378276827e-07,1.9247802208825407e-07,8.27064290593034e-06,7.566456532494918e-05,7.446566347018896e-08,0.03047964817400359,8.07685222230598e-06,8.371472092957773e-05,5.659798833941102e-05,0.00034414772416058745,1.4699256586488347e-05,4.684674947618286e-05,2.1725906607644748e-07,4.13079689876084e-06,8.638836512416977e-07
49,2.8002264869795687e-05,7.855039471301014e-08,9.128491695211898e-06,0.00013101999764723613,1.3954694020624936e-05,1.7561054285544223e-05,6.862171200520317e-05,2.8840944456678804e-05,0.00016286426465564848,0.9679085479647268,1.0521832103485902e-06,2.6744440024759217e-07,1.0556424763444251e-05,8.780603490021742e-05,8.835699743871233e-08,0.0308818286376926,1.0166275780644143e-05,9.425277293344264e-05,6.95192183087536e-05,0.0003946402071078816,1.8516619572033828e-05,5.742253978274159e-05,2.2824225401675977e-07,4.161979470690623e-06,8.731240679112647e-07
50,4.572432128741006e-05,1.8970255298130385e-07,2.2716778511662567e-05,0.00043856691727266336,3.897244217509204e-05,5.74193704038739e-05,7.564822697569096e-05,5.0604704008291156e-05,0.00029180809079160016,0.9176151263691431,3.560649617889604e-06,7.389079264287413e-07,3.120307652022081e-05,0.00015888996739932303,1.7361644126299142e-07,0.08029837169583814,2.6038815148531557e-05,0.00013390097642952174,0.00010963753185448201,0.0004987810494903649,3.714551291389701e-05,5.432247337353311e-05,5.67486405013025e-07,9.158515780790542e-06,7.328017385302576e-07
51,3.217274900143227e-05,6.183765824907618e-08,7.000696592271084e-06,0.00011145223418395168,1.2138143013737905e-05,1.6800190005430384e-05,7.352402519494495e-05,3.2067015216483757e-05,0.00016246016252794522,0.9610968113029171,9.148473068611866e-07,2.339415875642669e-07,9.50098813960147e-06,7.455094527203003e-05,8.281228793022154e-08,0.03762567280449419,9.409259423255068e-06,0.00010173838366612759,8.24533939654371e-05,0.00047668482968956315,1.7152102544445697e-05,5.19427081326078e-05,3.0237877208200764e-07,3.869212943499548e-06,1.0030354631779328e-06
52,5.407776774963371e-05,5.764428015550334e-07,1.725110239900228e-05,0.0001599401959618628,4.710296212707674e-05,3.3745614703084905e-05,0.00027640180216785055,0.00010512377842712856,0.000559566881783777,0.962012707747145,2.2052743649690197e-06,6.663927750798044e-07,2.5172707871739902e-05,0.0001406936426212838,5.005649188161233e-07,0.035426947626420145,1.883240560212865e-05,6.77144171076867e-05,0.00034026887330882826,0.00041828629138963223,5.4947404444093546e-05,0.0002289559690625015,6.730267626545056e-07,4.323233710616378e-06,3.3178743740051356e-06
53,2.3251336523306175e-05,5.640250113681812e-08,4.566804764577601e-06,0.00013024153197982146,1.0899095690580517e-05,1.5320345407616496e-05,0.00011655535285081238,3.374467476342588e-05,0.0002159180609775845,0.9563124789889611,8.484309926970886e-07,1.8346889785854964e-07,9.08644782631942e-06,7.645107784349938e-05,9.837321957960664e-08,0.04243492557528682,9.54334981644119e-06,8.709859934283537e-05,5.423056830820891e-05,0.0003952785953890384,1.3501482262272854e-05,5.0604184802087145e-05,3.112317196114697e-07,3.72087296204611e-06,1.0851469106053496e-06
54,3.922081258687569e-05,4.8584718814024686e-08,3.711871505818611e-05,0.0003999585993525131,2.288587019598703e-05,1.9591906980388088e-05,4.7579435211907047e-05,6.048085659123708e-05,0.0001072701961788974,0.9637833558024831,2.4306771387568033e-06,2.4246854764061557e-07,1.7369608343226586e-05,8.374757424748291e-05,1.406521780733232e-07,0.034484591295255954,1.2338038588460294e-05,9.504821850327301e-05,0.00010067480699806857,0.0005771770391813856,3.635730707707525e-05,6.29212481457221e-05,2.957422646721863e-07,8.789982601638276e-06,3.6456157087448826e-07
55,4.280136451400742e-05,1.3274839791504355e-07,7.573014098437137e-06,0.0001298771866750416,2.094456502671824e-05,1.5664753362824572e-05,0.00010527984630386773,3.341624115008048e-05,0.00028197790667017675,0.9592908313367939,1.2646925152337258e-06,4.559164679578732e-07,1.543649297692839e-05,0.00010018554129143071,8.234740236012951e-08,0.039228325568380365,1.1562536330378633e-05,0.00015074177886092077,8.701727577702574e-05,0.00039431897586508953,1.7382140124616805e-05,5.884860610043381e-05,2.6319575237899586e-07,4.102416799469324e-06,1.5135523623123777e-06
56,3.0293810156699464e-05,7.740528053873712e-08,7.53431530768242e-06,0.0001352055736749149,1.4055008242411612e-05,1.6088056093884196e-05,7.488628032251702e-05,3.165973094066095e-05,0.00019338977317437907,0.9629432599818034,1.0710321661702051e-06,2.46744085391892e-07,1.1302872157687016e-05,8.112670856356314e-05,8.36680107916303e-08,0.03585017956702544,1.0262795911585573e-05,9.253539633077843e-05,6.971400025154238e-05,0.00036419763500338746,1.6168470953463275e-05,5.143997695217274e-05,2.469788964740121e-07,4.093330553621751e-06,8.808881409490407e-07
57,1.2429977489420067e-05,2.1187505502527755e-08,2.212919578531366e-06,0.0001507998364431284,4.752516429587729e-06,9.714696695480538e-06,5.078145935693681e-05,1.071117752296719e-05,0.0002829986363389206,0.9750554812553177,4.754379967858008e-07,3.271006703565111e-08,3.014321240763392e-06,5.654834750906015e-05,4.733190755655377e-08,0.024097767352867467,6.102349665001141e-06,4.8096046073265674e-05,7.310645822217266e-06,0.00017166105042603898,3.9744480863973454e-06,1.658526447277299e-05,1.7423549576900024e-07,7.605302244923748e-06,7.014934469052104e-07
58,2.8783714157565918e-05,6.855809191632969e-08,7.075159927965558e-06,0.00012788386819474276,1.2773946299333674e-05,1.5037640405863202e-05,6.821235871050493e-05,2.8605880870905106e-05,0.00018919929357451705,0.9655575908164309,9.97655934753076e-07,2.099046737034095e-07,9.48815182915654e-06,7.560508377329911e-05,8.286745791731617e-08,0.033302995768190284,9.429002969827952e-06,8.42027696488327e-05,6.248379891174618e-05,0.0003493097781980379,1.5163948709932508e-05,4.931926392913738e-05,2.362724688098379e-07,4.395226369442635e-06,8.492702710765422e-07
59,2.760666754771453e-05,6.4980402089134e-08,7.265290489287065e-06,0.00012703622596774505,1.24755427376998e-05,1.4753876727855344e-05,6.414919946590645e-05,2.753726065356422e-05,0.00018559810766288892,0.9678150503044657,9.579389746845471e-07,1.9157015825225502e-07,8.612903343080417e-06,7.44988457083271e-05,8.423345329750784e-08,0.03106695259104109,9.029296879279003e-06,7.958123165264749e-05,5.903649464523665e-05,0.0003500425324798263,1.4995881966941748e-05,4.883768117819194e-05,2.313446580439346e-07,4.580893286041791e-06,8.291044543962922e-07
60,2.9006917229531246e-05,6.989753406131524e-08,7.206803961341228e-06,0.00013007861153730059,1.3264955769430194e-05,1.535918931760073e-05,7.092209183144059e-05,3.0277684368198554e-05,0.0001872722813125777,0.964284566249669,9.89833624780497e-07,2.187235154504472e-07,9.94125033434229e-06,7.633179302276853e-05,8.211999500479379e-08,0.03455499604480545,9.522510192636242e-06,8.643763488997326e-05,6.587188765937452e-05,0.00035715466400167877,1.569510586358667e-05,4.9558413933283126e-05,2.395083410254568e-07,4.086045083301245e-06,8.497822070235861e-07
61,2.8740841741507858e-05,6.618622460539826e-08,7.78265755414204e-06,0.00013049658593937243,1.2699846556994788e-05,1.5042308486778663e-05,6.403943569665882e-05,2.899345793694925e-05,0.00017852683225738056,0.96722549302622,9.76095182480345e-07,2.014339814627628e-07,9.058883548614848e-06,7.427063239697812e-05,8.40075910622761e-08,0.0316453759072552,9.26122640094586e-06,8.270629407651229e-05,6.189076614643941e-05,0.00035385958182435604,1.559469107823558e-05,4.93300655821808e-05,2.2715115848605272e-07,4.479310595486413e-06,8.027745674925091e-07
62,2.9006917229531246e-05,6.989753406131524e-08,7.206803961341228e-06,0.00013007861153730059,1.3264955769430194e-05,1.535918931760073e-05,7.092209183144059e-05,3.0277684368198554e-05,0.0001872722813125777,0.964284566249669,9.89833624780497e-07,2.187235154504472e-07,9.94125033434229e-06,7.633179302276853e-05,8.211999500479379e-08,0.03455499604480545,9.522510192636242e-06,8.643763488997326e-05,6.587188765937452e-05,0.00035715466400167877,1.569510586358667e-05,4.9558413933283126e-05,2.395083410254568e-07,4.086045083301245e-06,8.497822070235861e-07
63,2.9329780404174344e-05,7.322024932353307e-08,7.244061436211824e-06,0.00012951997056135376,1.351286985357403e-05,1.5500241159287866e-05,7.153661889894254e-05,3.022980380989653e-05,0.00019170897464174515,0.9644828696116831,1.0093290906735332e-06,2.2369446587745314e-07,1.0144098257177512e-05,7.708567323982364e-05,8.29925868843695e-08,0.034353813027637285,9.617780794981687e-06,8.628982604510893e-05,6.655218383492e-05,0.0003525403637462233,1.5773031933183616e-05,5.0142082907346104e-05,2.388917389450979e-07,4.10046285139983e-06,8.614081723896328e-07
64,2.8388559089650464e-05,7.249949954386885e-08,7.634756323476626e-06,0.0001306257130712589,1.394144903664912e-05,1.558175185973163e-05,7.05694574045008e-05,3.0292580693806636e-05,0.00017364353158549932,0.9660868724430685,1.022228250980773e-06,2.2197097298623093e-07,9.566663484232854e-06,7.502875780744394e-05,8.883486058621825e-08,0.03276247617636435,8.88446889111376e-06,8.217192487388344e-05,6.870670883114961e-05,0.00036003646328603117,1.839058339300616e-05,5.064553778055797e-05,2.400646759213371e-07,4.063392247389346e-06,8.334826480496033e-07
65,2.9775548110700648e-05,6.578994419947879e-08,5.925660100929241e-06,0.00011670322655318428,1.2341349732259045e-05,1.3398583180622149e-05,6.722062869006767e-05,2.7331480081042848e-05,0.00020180510720758688,0.9648193715955121,9.046631225152457e-07,2.1480130563610614e-07,9.661044448654506e-06,7.403847717412917e-05,6.47301077522457e-08,0.034048853160532896,9.215284168599612e-06,9.343033355161163e-05,6.0004958986374194e-05,0.0003459615463588231,1.3117389375095958e-05,4.560281421165031e-05,2.242706894613783e-07,3.8849479566196204e-06,8.826088975820068e-07
66,4.133484370702477e-05,9.014197416159556e-08,7.3755825134223625e-06,0.0001440260887549909,1.2791456637968857e-05,2.1839584171974247e-05,0.00012247617489174851,5.064719997991465e-05,0.000310069027725168,0.9572313920313767,1.0868827700978908e-06,2.2927596553153692e-07,1.2178584997680313e-05,7.99106879820115e-05,1.3322480667895296e-07,0.04117728813800335,1.3580472426826018e-05,9.794783185158725e-05,9.368179203746585e-05,0.0004933463410874593,1.620751288061919e-05,6.519709222301744e-05,4.4785432832350534e-07,5.324642808087159e-06,1.3975340982888185e-06
67,2.7195655203046477e-05,6.687917648543174e-08,6.9617498460821795e-06,0.0001260568108650001,1.248726946478309e-05,1.611054273451802e-05,6.997830596378586e-05,2.817929153242631e-05,0.00017447467159099897,0.9650422840656293,9.836397602927344e-07,2.2132323732196754e-07,9.565916952027389e-06,8.064835376618601e-05,8.303512402856546e-08,0.033792219284630366,9.57423089542822e-06,8.808594775342813e-05,6.358163682905744e-05,0.00037907365746168563,1.618111190344212e-05,5.0709274933012105e-05,2.518608464502857e-07,4.142686374716869e-06,8.827975259040721e-07
68,2.655851951911503e-05,6.876292699317832e-08,6.377013308044678e-06,0.00011607262403582488,1.3623436348942325e-05,1.3745536283691205e-05,6.419432259491504e-05,2.7502988748025754e-05,0.00019998858992025954,0.968073789373102,8.986017170500231e-07,1.7236679002175057e-07,7.566032955566665e-06,6.957811982346807e-05,9.028027218021446e-08,0.0308623204140538,7.929151316583829e-06,6.54992586487401e-05,6.174876418811267e-05,0.00031228992539215255,1.4679037548125048e-05,5.006897714446531e-05,2.274860753358804e-07,4.162464175495253e-06,8.479531108706884e-07
69,2.8178573145817763e-05,6.728646974718673e-08,6.9287527677068786e-06,0.00013906909949046287,1.3790639089514677e-05,1.4072600995383365e-05,6.976548679422733e-05,3.0016416618470515e-05,0.0002107851835838435,0.963886717496057,9.305037450483932e-07,1.9132210238285892e-07,9.22871734236202e-06,7.342392381194768e-05,7.968087314079817e-08,0.03498745754327121,9.24744874763887e-06,8.166473199331897e-05,5.632688078923915e-05,0.00031705371505720255,1.374163622801503e-05,4.598156910052822e-05,2.2458498643761425e-07,4.219200049985429e-06,8.370068890803228e-07
70,2.4441304904022513e-05,5.800834948777664e-08,6.789097021651951e-06,0.0001545645684195413,1.3414030485377666e-05,1.663211999093115e-05,6.814048288683168e-05,2.8482643077931268e-05,0.0001942854882903495,0.9574680661831848,9.354476345381096e-07,1.9882144565928455e-07,9.948600933708855e-06,8.051617888676375e-05,7.411090855569335e-08,0.04135112464583227,9.996662065382566e-06,8.745258720326505e-05,5.100059873481349e-05,0.0003747633336464008,1.3391597654024566e-05,4.0436265096270474e-05,2.5248409300215927e-07,4.282489100999088e-06,7.522501535525453e-07
71,3.1990620657811716e-05,6.69850731050848e-08,5.087828303704713e-06,0.00013295216898998364,1.4049946280183527e-05,1.370600246049618e-05,7.509494315223116e-05,3.3520200635536096e-05,0.00022832262621723444,0.9511557386108317,1.0080388120625033e-06,2.313562216504625e-07,1.0624599648683085e-05,6.966982966026916e-05,7.344170788470298e-08,0.047650740527809196,9.564196970172845e-06,9.269346120443627e-05,6.463643788802756e-05,0.000349258013348143,1.4160614200114823e-05,4.173408873971615e-05,2.8213076290910777e-07,3.9309729615111435e-06,8.623574634826313e-07
