,0,1,2,3,4,5,6,7,8,9,10,11,12,13,14,15,16,17,18,19,20,21,22,23,24
0,1.8694078588783675e-09,7.495035408581627e-07,3.0581648864991937e-07,5.98018705253968e-06,1.3012789295313508e-06,5.096062072847164e-06,2.8331746317762822e-06,4.13636662552795e-05,4.55928935284663e-05,0.9900894537673752,1.7399764347159093e-10,5.593415900733754e-09,2.7126808850424893e-09,5.587348638467241e-07,2.797939049479302e-08,0.009424005869714131,1.3159602112259444e-10,4.534951290077471e-09,0.0003528929255658568,1.2716118502208687e-06,2.474608385786302e-05,1.427845905913207e-06,5.479397934992312e-09,4.154003183292319e-09,2.36794952586247e-06
1,4.0185430835958606e-09,1.618655884511078e-05,4.7688254572847335e-08,0.00013402546313222915,5.315654231143487e-06,4.6383873210200726e-06,1.0443947693075031e-06,5.4878255631722596e-05,5.568735397958271e-07,0.9993934242658687,1.0408605791798903e-09,2.995791476577062e-08,4.83168662226835e-08,1.7985662547041093e-06,1.2727973088093365e-08,0.000265388682316318,8.774161669379868e-09,2.045422529053816e-06,1.0505552711664618e-05,1.835364652063555e-06,8.913040661222377e-05,1.445165661627685e-05,4.484971254891482e-07,1.363223827516886e-07,4.037150886340004e-06
2,1.3913416213710765e-09,8.731026775465869e-07,1.461175943146043e-07,5.753734516036639e-06,8.675848531010876e-07,3.55423290958028e-06,2.0813313924109798e-06,3.363557613740971e-05,2.6575055694172478e-05,0.9926179951394821,1.109044671866183e-10,3.410493838801435e-09,1.7609563956257589e-09,4.815121619417895e-07,2.8047216537757454e-08,0.006989206273641722,1.3555182846468968e-10,4.511983793461658e-09,0.00028545062052638584,8.772634125089167e-07,2.805739974136061e-05,1.5757865302767213e-06,6.832344075384253e-09,3.530262256842137e-09,2.8195376741168075e-06
3,1.2073881344096652e-09,8.205086875459878e-07,1.4935482982797322e-07,5.57682280938519e-06,8.750061466556688e-07,3.100030759553895e-06,1.8041937022249866e-06,3.226570521764009e-05,2.656242992289966e-05,0.9939800405691762,1.0127233124953316e-10,3.0406030562791944e-09,1.748630491746245e-09,4.1346785550982835e-07,2.2033704414904857e-08,0.0056659196228849825,1.2085251116625835e-10,4.2442840196669455e-09,0.00025289156170193067,7.782128419681163e-07,2.501324401329918e-05,1.2728563133906005e-06,5.19219809932379e-09,3.5288432096747427e-09,2.475195360889392e-06
4,1.2384026262298027e-09,8.780912834620773e-07,1.6160105439361335e-07,5.803937766598603e-06,9.632469646017433e-07,3.301121698282047e-06,1.8760494573169867e-06,3.081865599267751e-05,2.676838581309367e-05,0.9940589172779644,1.0821482902439659e-10,3.265436523556958e-09,2.0194371547947844e-09,4.663450318473765e-07,2.2459443032088432e-08,0.005594030927521361,1.2387415384775784e-10,4.465501385264106e-09,0.00024677589174235544,7.908043492524425e-07,2.4657283577277692e-05,1.297380403202895e-06,5.468849258307527e-09,3.6979441711154526e-09,2.4501522768861324e-06
5,1.1312530121662745e-09,8.300998057493285e-07,1.377805809330028e-07,5.741040339716881e-06,8.347572167271243e-07,2.8783626821819873e-06,1.7205327223865642e-06,3.230402187951712e-05,2.3449514427215244e-05,0.9945294093283323,9.887188017008803e-11,2.8669052124326488e-09,1.7738785331204648e-09,3.842551154000377e-07,1.9777382750664045e-08,0.005147759001369683,1.2287907697144717e-10,4.553607314554481e-09,0.00022564411975242545,7.850008412427863e-07,2.4526371704686604e-05,1.2243236012609978e-06,5.244512662825136e-09,3.689471114742368e-09,2.332230867100256e-06
6,1.2073881344096652e-09,8.205086875459878e-07,1.4935482982797322e-07,5.57682280938519e-06,8.750061466556688e-07,3.100030759553895e-06,1.8041937022249866e-06,3.226570521764009e-05,2.656242992289966e-05,0.9939800405691762,1.0127233124953316e-10,3.0406030562791944e-09,1.748630491746245e-09,4.1346785550982835e-07,2.2033704414904857e-08,0.0056659196228849825,1.2085251116625835e-10,4.2442840196669455e-09,0.00025289156170193067,7.782128419681163e-07,2.501324401329918e-05,1.2728563133906005e-06,5.19219809932379e-09,3.5288432096747427e-09,2.475195360889392e-06
7,8.872382512844674e-10,4.4399192833877967e-07,9.221063184468876e-08,4.173402852082279e-06,7.740169040874399e-07,3.3164468840491444e-06,1.211078277077284e-06,3.276739365887656e-05,2.0338656184521586e-05,0.9897822522634809,6.087930814698952e-11,2.7034531831033905e-09,6.163709750463792e-10,3.6232959083863455e-07,2.5399854803674633e-08,0.009764531712493746,9.100239448918135e-11,2.429175948937315e-09,0.00034951848380476215,5.874800787016595e-07,3.5784022147059714e-05,1.3646885293301714e-06,5.489959403314581e-09,1.6679568338519496e-09,2.4424766626875165e-06
8,2.0926626794001555e-09,9.361419567577819e-07,2.0596187385289324e-07,5.523497762198104e-06,1.3660422301263473e-06,7.577846070586503e-06,2.6083641669592696e-06,4.0956156990649815e-05,4.8529353357435166e-05,0.9906139351611365,2.6802802792786274e-10,6.078703305031688e-09,2.293648204306052e-09,6.111905890876846e-07,3.9266873520383995e-08,0.008737895587747051,1.5968729962929742e-10,7.52069354741748e-09,0.0004985609063303205,1.1658317053927781e-06,3.5218532991169504e-05,2.257651359749975e-06,6.650322237294422e-09,3.5502662639616395e-09,2.5838928469984465e-06
9,1.699471112276899e-09,7.236162453639434e-07,1.3392266486650578e-07,4.669238080034309e-06,1.2223078104878098e-06,7.191064923414541e-06,1.9896272791120975e-06,3.819776288401803e-05,3.34482961653626e-05,0.9887776971616008,1.806175099027361e-10,5.364989095974978e-09,1.3850367190504623e-09,5.942164831328036e-07,4.066276969479142e-08,0.010571673225516016,1.4898372069440167e-10,5.658056123859524e-09,0.0005174384829852869,9.084526964278219e-07,3.895738309023111e-05,2.6617610469744907e-06,7.997623651878522e-09,2.3974606355499156e-09,2.427985520052567e-06
10,1.2073881344096652e-09,8.205086875459878e-07,1.4935482982797322e-07,5.57682280938519e-06,8.750061466556688e-07,3.100030759553895e-06,1.8041937022249866e-06,3.226570521764009e-05,2.656242992289966e-05,0.9939800405691762,1.0127233124953316e-10,3.0406030562791944e-09,1.748630491746245e-09,4.1346785550982835e-07,2.2033704414904857e-08,0.0056659196228849825,1.2085251116625835e-10,4.2442840196669455e-09,0.00025289156170193067,7.782128419681163e-07,2.501324401329918e-05,1.2728563133906005e-06,5.19219809932379e-09,3.5288432096747427e-09,2.475195360889392e-06
11,1.257559903550579e-09,8.606709375975172e-07,1.551114637351413e-07,5.766360658237616e-06,8.973034710640449e-07,3.119355047087158e-06,1.8678423175760119e-06,3.266369490389803e-05,2.669947013078732e-05,0.9941002974462663,1.062015684791199e-10,3.1698671828405297e-09,1.9147141244036003e-09,4.273161789956942e-07,2.2118199135216022e-08,0.005548472157911693,1.2709015406172124e-10,4.494913658588937e-09,0.000249289838730759,8.051347571902954e-07,2.4854171891907842e-05,1.2960502183258013e-06,5.357108850264698e-09,3.757523650008868e-09,2.485771936334247e-06
12,1.1928781864427033e-09,8.22462840355027e-07,1.4734051734047222e-07,5.59473463663168e-06,8.816036321081311e-07,3.1108755906515813e-06,1.7773239355360347e-06,3.190238736568076e-05,2.5622420434701766e-05,0.9940145197443859,1.0074615698606869e-10,3.062096924916932e-09,1.7595692390953375e-09,4.178361543795744e-07,2.169695577030063e-08,0.005637795109828033,1.2143074336164723e-10,4.307495201820427e-09,0.0002478445538884991,7.780440534539975e-07,2.5021806054280993e-05,1.283146884957398e-06,5.290425685858383e-09,3.514569156656229e-09,2.4395636302284506e-06
13,1.4323702201163242e-09,8.479915823978304e-07,1.8293154860500227e-07,6.1760752026481e-06,1.0932364999703765e-06,3.5555594705515383e-06,1.955370873582724e-06,3.863880107566204e-05,3.267756708473035e-05,0.993237433579129,1.2782299719849294e-10,4.281590980497698e-09,2.0502500027049236e-09,5.164166252431963e-07,2.7307254932414658e-08,0.0063205324999199555,1.499116657617033e-10,4.590921710311187e-09,0.00032165706430210546,8.695330442702043e-07,2.9535433681521065e-05,1.536683642309423e-06,5.7637497231448915e-09,3.6776232188848222e-09,2.741874821783238e-06
14,8.284171082384696e-10,8.31846567639223e-07,1.1615405106814362e-07,5.172506750882076e-06,7.827242655630852e-07,2.6506784482269655e-06,1.4412713224923663e-06,2.5039692672304994e-05,2.1193227765209022e-05,0.9956571328594394,8.402209186654258e-11,2.0612319033695985e-09,1.6674039961074569e-09,3.325818310196589e-07,1.5779279461438904e-08,0.0040806961956758375,9.251837993076818e-11,3.966348243740103e-09,0.0001809985022534835,6.42233185573121e-07,2.004888044494009e-05,9.846906381476942e-07,4.146923703831258e-09,3.2494389127706938e-09,1.9040791046558599e-06
15,1.2073881344096652e-09,8.205086875459878e-07,1.4935482982797322e-07,5.57682280938519e-06,8.750061466556688e-07,3.100030759553895e-06,1.8041937022249866e-06,3.226570521764009e-05,2.656242992289966e-05,0.9939800405691762,1.0127233124953316e-10,3.0406030562791944e-09,1.748630491746245e-09,4.1346785550982835e-07,2.2033704414904857e-08,0.0056659196228849825,1.2085251116625835e-10,4.2442840196669455e-09,0.00025289156170193067,7.782128419681163e-07,2.501324401329918e-05,1.2728563133906005e-06,5.19219809932379e-09,3.5288432096747427e-09,2.475195360889392e-06
16,1.858750398472302e-08,2.0196604189491615e-06,2.7278430487435067e-06,1.2463549925385685e-05,6.089534296550364e-06,2.3752414116174907e-05,1.2105513681136623e-05,0.00011319984550394294,0.0005769742362073765,0.9661483844336932,1.0540078506294961e-09,2.7490370682346527e-08,9.077693532476962e-09,2.454157532179755e-06,3.795598640567708e-07,0.03077021579864983,5.926327579013618e-10,6.491360033637885e-09,0.002254700686708915,2.91194349528107e-06,5.042896392448268e-05,4.034296957787628e-06,1.861966886655771e-08,1.5126047125260236e-08,1.7060522690979538e-05
17,1.1961185458537776e-09,7.902803145128632e-07,1.4649602612006558e-07,5.2056452808390815e-06,8.559947624966221e-07,3.2543747921655816e-06,1.811009258819145e-06,3.1213195749146677e-05,2.7826748682883248e-05,0.9936780423267,1.0041724828141543e-10,2.8935082350280757e-09,1.6077321490325778e-09,3.9748861046617055e-07,2.2674186436168705e-08,0.005957639021372974,1.1199874177102793e-10,4.017455977855321e-09,0.00026368472401319426,7.559763388804095e-07,2.4624803407005308e-05,1.2578539300807265e-06,4.929673022220891e-09,3.3300736212912247e-09,2.4531995965540183e-06
18,1.0934088339692704e-09,7.432491377706745e-07,1.692315616720348e-07,5.810931818387085e-06,1.1002956075837837e-06,4.1414942994181e-06,1.9026013321843626e-06,3.0198027341403933e-05,3.2015327997009345e-05,0.9926993967179486,1.1753996203044317e-10,2.979638198298172e-09,1.6831273443258977e-09,4.826192426261886e-07,2.534856775162856e-08,0.006907421640282614,9.592994408722509e-11,3.5484404566868143e-09,0.00028668491204656576,7.968780608008622e-07,2.5647782648188283e-05,1.1449299327651293e-06,5.298331343605908e-09,2.9981452522875607e-09,2.3001976132547305e-06
19,1.0738977370373346e-09,8.315199183602896e-07,1.704694770762067e-07,5.973718270849244e-06,1.1080505038503785e-06,3.1696469029203214e-06,1.60466275240149e-06,3.080660196374898e-05,2.697022076420705e-05,0.9947652114924356,1.0196514865092356e-10,3.35454210458047e-09,2.0920348866305024e-09,4.7104439936327203e-07,1.9684164541851495e-08,0.004902073171275715,1.172437499497271e-10,4.053759210060522e-09,0.00023453351871820065,7.405248261462643e-07,2.286351929637554e-05,1.2070887945418443e-06,4.7515940140538984e-09,3.440830024491998e-09,2.226079669215184e-06
20,1.6930734111718611e-09,8.594682296340773e-07,1.972546039649126e-07,5.615080165210826e-06,7.909581702381374e-07,3.7814670508375613e-06,2.6491588618975044e-06,2.766145135718764e-05,2.7531267501801056e-05,0.9915933477820469,1.1931013882209512e-10,3.174739764840326e-09,2.0141700310013445e-09,4.4224231275509905e-07,2.194820514345447e-08,0.00806111875780237,1.0658934891016821e-10,4.826312422471922e-09,0.00024716386645503175,1.001666735716346e-06,2.4140241184331776e-05,1.0272406382813944e-06,5.559488868601311e-09,4.1987734826551035e-09,2.6284562210221095e-06
21,1.334564447560782e-09,9.489865148724252e-07,1.313392553872254e-07,5.8863238025595945e-06,9.249764268522621e-07,3.416543858752383e-06,1.7609449521341062e-06,3.737600644085742e-05,3.795352286353815e-05,0.9948571116304226,1.1651534771587223e-10,2.482133287875729e-09,1.4465389130633957e-09,3.832160845852326e-07,3.150629994586837e-08,0.004696795873586238,1.3109887141348794e-10,4.108301977784483e-09,0.00032491005978394356,6.521813137752005e-07,2.7015743717877425e-05,1.4206242481557538e-06,5.1117688310805295e-09,3.566299501314486e-09,3.2622232067772976e-06
22,1.2550915027750587e-09,7.804115274779095e-07,1.4326664827375083e-07,5.684838229455153e-06,8.546621893192954e-07,3.305761199767808e-06,1.8342799226962776e-06,3.35598295211866e-05,2.3756857629190187e-05,0.9932117138665745,1.0888589002234923e-10,3.2490042317338027e-09,1.6516196374010585e-09,4.1333118845602007e-07,2.237262076205006e-08,0.006431400303421594,1.3086014272245352e-10,4.628865631353384e-09,0.00025424896723708686,8.535207695433867e-07,2.764194084731508e-05,1.33486764164994e-06,5.979857583025377e-09,3.5022109008030384e-09,2.430416436216983e-06
23,1.2073881344096652e-09,8.205086875459878e-07,1.4935482982797322e-07,5.57682280938519e-06,8.750061466556688e-07,3.100030759553895e-06,1.8041937022249866e-06,3.226570521764009e-05,2.656242992289966e-05,0.9939800405691762,1.0127233124953316e-10,3.0406030562791944e-09,1.748630491746245e-09,4.1346785550982835e-07,2.2033704414904857e-08,0.0056659196228849825,1.2085251116625835e-10,4.2442840196669455e-09,0.00025289156170193067,7.782128419681163e-07,2.501324401329918e-05,1.2728563133906005e-06,5.19219809932379e-09,3.5288432096747427e-09,2.475195360889392e-06
24,2.314046935988493e-09,7.413984023268162e-07,2.1805333659949136e-07,5.148267030595375e-06,8.60523268624473e-07,3.945277582491443e-06,2.815415827966906e-06,4.9137318034539866e-05,4.5638850065356016e-05,0.9889234034142624,1.3488289192614858e-10,4.35269627450013e-09,1.457274700359789e-09,4.1553423475482835e-07,4.17591815992703e-08,0.010507119318245536,1.6747411081116523e-10,4.1295701024930974e-09,0.0004196925592815831,9.817540077873573e-07,3.424237776097504e-05,1.6234275214598525e-06,6.542589157238835e-09,4.587546622137629e-09,3.951065874273556e-06
25,1.314789889638291e-09,7.956306067292271e-07,1.539020791472697e-07,6.788609695884571e-06,8.624026578907286e-07,2.681452955615483e-06,2.0081091082369535e-06,4.4840585256645783e-05,2.4876405307880608e-05,0.9941289558711283,1.2033061182278847e-10,3.6245166976290133e-09,2.0732231987419147e-09,3.810567242586447e-07,2.081415998289364e-08,0.0054979428042889935,1.6124496739824567e-10,5.213592836815085e-09,0.00025729451659419606,9.895656891120103e-07,2.7673583291336043e-05,1.3345489776296832e-06,5.931454342394882e-09,4.4374594495493656e-09,2.377264866309033e-06
26,1.472622440241176e-09,9.490671658398996e-07,1.8268919752101142e-07,6.061269930949525e-06,8.269843212117872e-07,2.594125356995189e-06,1.982668899678425e-06,3.759503541961549e-05,2.9226098971372216e-05,0.9949942665933781,1.086083286465765e-10,3.096870116980957e-09,2.2306306699191692e-09,3.5128710197802017e-07,1.9970149219083908e-08,0.004676597468131425,1.5142702621587604e-10,5.193505371688023e-09,0.00022149736603187462,8.693177626762708e-07,2.3086576172452104e-05,1.1655312730644403e-06,4.837724811214836e-09,5.28258196092809e-09,2.705576765525387e-06
27,1.2682493104513545e-09,8.19198162025282e-07,1.436471511089079e-07,5.203977910173113e-06,8.121921390315589e-07,3.2307499583367168e-06,1.8220271526971834e-06,3.364543211192565e-05,3.014154749662659e-05,0.9936268167032541,1.0075399852907158e-10,2.8067756638971963e-09,1.5004359119435903e-09,3.81082298762518e-07,2.5264905520149133e-08,0.00599131443570396,1.1927506007117878e-10,4.034429893229986e-09,0.0002752020885925078,7.683640143480101e-07,2.5537445461717328e-05,1.3613051796541632e-06,5.163055884236261e-09,3.432693993420398e-09,2.7561128375789627e-06
28,1.2073881344096652e-09,8.205086875459878e-07,1.4935482982797322e-07,5.57682280938519e-06,8.750061466556688e-07,3.100030759553895e-06,1.8041937022249866e-06,3.226570521764009e-05,2.656242992289966e-05,0.9939800405691762,1.0127233124953316e-10,3.0406030562791944e-09,1.748630491746245e-09,4.1346785550982835e-07,2.2033704414904857e-08,0.0056659196228849825,1.2085251116625835e-10,4.2442840196669455e-09,0.00025289156170193067,7.782128419681163e-07,2.501324401329918e-05,1.2728563133906005e-06,5.19219809932379e-09,3.5288432096747427e-09,2.475195360889392e-06
29,1.2073881344096652e-09,8.205086875459878e-07,1.4935482982797322e-07,5.57682280938519e-06,8.750061466556688e-07,3.100030759553895e-06,1.8041937022249866e-06,3.226570521764009e-05,2.656242992289966e-05,0.9939800405691762,1.0127233124953316e-10,3.0406030562791944e-09,1.748630491746245e-09,4.1346785550982835e-07,2.2033704414904857e-08,0.0056659196228849825,1.2085251116625835e-10,4.2442840196669455e-09,0.00025289156170193067,7.782128419681163e-07,2.501324401329918e-05,1.2728563133906005e-06,5.19219809932379e-09,3.5288432096747427e-09,2.475195360889392e-06
30,1.2073881344096652e-09,8.205086875459878e-07,1.4935482982797322e-07,5.57682280938519e-06,8.750061466556688e-07,3.100030759553895e-06,1.8041937022249866e-06,3.226570521764009e-05,2.656242992289966e-05,0.9939800405691762,1.0127233124953316e-10,3.0406030562791944e-09,1.748630491746245e-09,4.1346785550982835e-07,2.2033704414904857e-08,0.0056659196228849825,1.2085251116625835e-10,4.2442840196669455e-09,0.00025289156170193067,7.782128419681163e-07,2.501324401329918e-05,1.2728563133906005e-06,5.19219809932379e-09,3.5288432096747427e-09,2.475195360889392e-06
31,1.2292666152756281e-09,8.447257384329847e-07,1.6830005303795843e-07,6.235015482334333e-06,9.061913180357066e-07,2.4435040957832024e-06,1.685197291702883e-06,3.627262887991238e-05,2.4197634379903418e-05,0.9950818750071009,9.233531512536013e-11,3.3193834933885104e-09,2.163636058966906e-09,3.9153705366452226e-07,1.7347733936053488e-08,0.0046048262094185565,1.3850042515379652e-10,4.551898479160318e-09,0.00021314290203122235,8.10229793241033e-07,2.265221004753102e-05,1.1603359585199191e-06,4.733934844261496e-09,4.292345579588473e-09,2.3505023225784e-06
32,1.2499315705381885e-09,8.201335231793694e-07,1.520336978461936e-07,5.5677441355243725e-06,8.802951445888683e-07,3.1567552937968635e-06,1.8396830335354878e-06,3.30949861876872e-05,2.7949725716665845e-05,0.9937579597189964,1.0333982558555481e-10,3.1325216958953432e-09,1.7269395330654247e-09,4.219306291063465e-07,2.3299723749930597e-08,0.005867008945565631,1.2368727735766223e-10,4.2051118127786884e-09,0.0002706600951803453,7.853275169171991e-07,2.576143859176019e-05,1.3219920083400488e-06,5.226368819151975e-09,3.4791200807504842e-09,2.5766480343286844e-06
33,1.1917560936825642e-09,9.633117991084288e-07,1.2562621878311752e-07,6.1102724637118045e-06,1.0164318569782975e-06,3.538335218264882e-06,1.6573049312452239e-06,2.8947177344240305e-05,1.757996716464755e-05,0.9944418723473167,1.1145932785287814e-10,3.852734925987738e-09,2.447030910091845e-09,5.370555053110764e-07,1.9166708905190774e-08,0.005253273655692956,1.4340229541072395e-10,5.821665912786507e-09,0.00021582179184304092,8.674468646840623e-07,2.4016539632691114e-05,1.6862013423508765e-06,6.898576924514185e-09,3.4065050035704942e-09,1.9434949650758492e-06
34,1.7002074547994499e-09,9.138321066588141e-07,2.0165583737669478e-07,5.54882656117111e-06,9.138551479541017e-07,3.3592957454481667e-06,2.295289349024693e-06,3.615878794138831e-05,4.357179940832954e-05,0.993297936805195,1.1612473887447874e-10,3.4193780046871937e-09,1.9172348458999907e-09,4.6003564798170724e-07,2.987232119174671e-08,0.006233129893802805,1.2815325791003754e-10,4.023757056583553e-09,0.0003441498804549893,7.914962996366785e-07,2.5857696908567753e-05,1.3537012230119575e-06,4.66330788007734e-09,3.9494943933433334e-09,3.30735839187289e-06
35,1.1970379185267651e-09,8.217196250293886e-07,1.7019611064748257e-07,5.959758630565104e-06,1.2557937538086884e-06,5.293005749348356e-06,2.113307479189912e-06,2.5285795427858782e-05,2.4641701425556147e-05,0.9905140711646998,1.298609772205132e-10,3.811807834171577e-09,1.9712979885941416e-09,7.016504820472939e-07,2.979684958277007e-08,0.009114116433865765,1.0632222236168452e-10,4.010251458071977e-09,0.0002724206045040471,8.71950204899517e-07,2.8527996088232523e-05,1.4013530183361656e-06,8.008586236428145e-09,2.944793801781435e-09,2.2955921271288714e-06
36,1.012431964700743e-09,8.826790617606471e-07,1.0617534407738276e-07,5.226678668172975e-06,6.808383453749273e-07,3.5272663193255325e-06,1.8501017511337696e-06,2.5323110677614004e-05,2.048325542907401e-05,0.994459357052136,1.0981477300180468e-10,1.958377948435119e-09,1.495780547198443e-09,3.3179348994284866e-07,1.9341694560248334e-08,0.005272917488871487,9.16663189365523e-11,5.22059379474334e-09,0.00018263565934439904,7.976978086625735e-07,2.26380249698035e-05,1.112873376581233e-06,5.838074972250237e-09,3.550438854406794e-09,2.090685532940581e-06
37,1.892403219667069e-09,9.74010230684854e-07,2.0084055498621053e-07,6.24752784256682e-06,9.480785597422281e-07,3.498345026829919e-06,2.3454728812069314e-06,3.474820658788265e-05,2.8018009374756852e-05,0.9928931217196312,1.2497695043132046e-10,4.4015552052179355e-09,2.4631580107156254e-09,5.322083389792307e-07,2.4005566493183184e-08,0.006724025786001502,1.5085189448598114e-10,5.658174263931705e-09,0.00027355993586784783,9.89243612551255e-07,2.6430965024305196e-05,1.4493071794519426e-06,6.103092955787673e-09,4.489946281995148e-09,2.861053560279909e-06
38,8.814985070703156e-10,9.012929578213367e-07,1.272770994418545e-07,6.715956004589547e-06,8.894887929774646e-07,1.8020992372043176e-06,1.1138845240436123e-06,3.803005002805743e-05,2.274287451489056e-05,0.9969541715042055,7.557446725158548e-11,2.6326931808761315e-09,2.021610414743429e-09,3.0866286012005835e-07,1.3528246122516989e-08,0.0027575147364049786,1.415665484928101e-10,4.2099897400430774e-09,0.00019092396277920577,6.669930493745685e-07,2.0860490551250022e-05,1.0501036003948834e-06,3.5600629962628935e-09,3.825830131119279e-09,2.1497463178834347e-06
39,1.3032680186046092e-09,6.13200037507304e-07,1.6273570474617088e-07,5.756355589090595e-06,9.041843503324483e-07,3.123986339335126e-06,1.8715048995915222e-06,4.173379981548097e-05,2.5306825347676252e-05,0.9918649750549475,1.0207908749066494e-10,3.794834916608111e-09,1.4759398766332281e-09,3.9232553138810733e-07,2.2334319583438513e-08,0.00772821158935273,1.3396448178819263e-10,3.978002610897515e-09,0.00029247290074582146,9.107919334480364e-07,2.9821864054546795e-05,1.2766434322983625e-06,5.71281764268688e-09,3.438934021527375e-09,2.423963758395663e-06
40,1.708952319639174e-09,1.004302217883656e-06,1.9324512901950915e-07,5.909384757435068e-06,1.1807742478069167e-06,4.6571110931790214e-06,2.1352773076722296e-06,3.2177928967704546e-05,3.5496616519212744e-05,0.9923528656099124,1.3832317442886986e-10,4.473272972499515e-09,2.1229136328127353e-09,6.668036941531856e-07,3.434659955534441e-08,0.007178445893274908,1.4389380471179174e-10,4.916855669027634e-09,0.0003491929035872731,8.434333620661873e-07,3.015623070472706e-05,1.8049381209014576e-06,6.678590329438665e-09,3.482358859375853e-09,3.21153534337553e-06
41,1.4118889721218789e-09,8.690469269826364e-07,1.2341086267860462e-07,5.948691128061336e-06,7.32395406264864e-07,2.7136573307191017e-06,1.91478545792381e-06,3.931713272896752e-05,1.9976540551798418e-05,0.9943213485903443,1.1419006071576937e-10,3.8637142975821194e-09,2.0740554305795805e-09,3.756471987621401e-07,1.8937832052396773e-08,0.005321806361650692,1.7391427692423848e-10,6.347891484453233e-09,0.00025286320726573884,9.8657346127225e-07,2.7068746674722762e-05,1.6409369470949506e-06,6.1019917933083525e-09,4.0264286078993566e-09,2.271224157092282e-06
42,1.1917805051124931e-09,1.1936869401705547e-06,1.9032157689672151e-07,6.463011490458173e-06,1.173427642890378e-06,3.5151422805505215e-06,1.9291045667728605e-06,2.226250382874312e-05,2.3609994107246077e-05,0.9960759912250625,1.207706939890693e-10,2.921223124749825e-09,3.3007180117181536e-09,5.30427962493657e-07,1.649274017714233e-08,0.0036842377238592515,1.0839570125733004e-10,6.1821047638256116e-09,0.00015581142467523002,7.16885537829032e-07,1.933628618701128e-05,9.561669611040783e-07,5.06864354070821e-09,5.159438182934678e-09,2.042121506147223e-06
43,2.3471977805592608e-07,2.2704558683602146e-05,2.506896664782797e-05,9.253798495640678e-05,6.453578715010631e-06,2.4890761148796122e-05,0.00016125096988373313,9.692039515725494e-05,0.0004584169027355244,0.9716517614961669,5.675007862057439e-09,3.217328690741805e-07,5.394069671192631e-07,3.751733159586711e-05,3.0121037800029803e-07,0.02606861943822504,1.9889272027800556e-09,1.1596596335137808e-07,0.0012048996907164445,3.202493173436744e-05,4.719410500949626e-05,6.921874558507076e-06,7.754548801517189e-08,1.2224950864298947e-07,6.109651917779422e-05
44,1.2073881344096652e-09,8.205086875459878e-07,1.4935482982797322e-07,5.57682280938519e-06,8.750061466556688e-07,3.100030759553895e-06,1.8041937022249866e-06,3.226570521764009e-05,2.656242992289966e-05,0.9939800405691762,1.0127233124953316e-10,3.0406030562791944e-09,1.748630491746245e-09,4.1346785550982835e-07,2.2033704414904857e-08,0.0056659196228849825,1.2085251116625835e-10,4.2442840196669455e-09,0.00025289156170193067,7.782128419681163e-07,2.501324401329918e-05,1.2728563133906005e-06,5.19219809932379e-09,3.5288432096747427e-09,2.475195360889392e-06
45,1.430956751490016e-09,7.675478504110857e-07,1.9031897107048728e-07,5.7948497660372215e-06,1.07888904246249e-06,3.5884203654552322e-06,2.2264130589145374e-06,3.788220798666601e-05,3.438597060623504e-05,0.9928260034951669,1.2034407086272118e-10,3.7047244781179276e-09,2.037659505131321e-09,4.761769510102363e-07,2.7096540787461378e-08,0.0067504146060850334,1.2988068325521803e-10,3.912518694440524e-09,0.000307002785940287,8.245014707587391e-07,2.5498480778316754e-05,1.3463539206940193e-06,5.54751306356825e-09,3.912656344206859e-09,2.4710892455186537e-06
46,1.4627629543902974e-09,9.02543044324704e-07,1.518613191426808e-07,7.0703940128466314e-06,8.829520483770992e-07,2.4712127065909553e-06,1.6941381739290237e-06,4.773419900798781e-05,2.2592584710827573e-05,0.9947016435619748,1.1505281789336425e-10,4.0881106400383214e-09,2.2182088430295413e-09,3.651905404586225e-07,2.041999616250054e-08,0.00493497992501807,2.227171485696735e-10,5.725863581513721e-09,0.0002457932331756555,1.0156194422622055e-06,2.8502767723183914e-05,1.513380891572279e-06,6.223271027727825e-09,4.866842809901452e-09,2.6410933837612237e-06
47,1.7576292117001552e-09,8.489365757201598e-07,1.5462747493292087e-07,5.124259446845371e-06,7.270046372114199e-07,3.2786607809211565e-06,2.0827446744147366e-06,3.529555930186478e-05,2.439874325855529e-05,0.9919626861739766,1.0623536303021089e-10,4.151838157376233e-09,1.8019652784364624e-09,4.237812948225685e-07,2.3265527866514298e-08,0.00764780671935157,1.489295661064097e-10,5.203818953968747e-09,0.0002849055396138441,1.022183406701889e-06,2.6728046404266672e-05,1.6906172674949224e-06,5.887896435272409e-09,3.6237622598827687e-09,2.7804549308518573e-06
48,1.2183834742468808e-09,8.139236091631911e-07,1.5947742123277377e-07,5.561056414809957e-06,9.018750921379772e-07,3.2996484780623954e-06,1.8439124157716511e-06,3.152310514294006e-05,2.756899657944768e-05,0.9937180716787837,1.0517779305814241e-10,3.1100442415919984e-09,1.7609319469842865e-09,4.2590090885630053e-07,2.2195431090317243e-08,0.005929951186692549,1.150163633204531e-10,4.253831381665023e-09,0.0002503115339011932,8.031356918282123e-07,2.499877700899226e-05,1.241848096789892e-06,5.174298979041842e-09,3.5177554561094603e-09,2.482492891811136e-06
49,1.3218247982436927e-09,8.289746425148889e-07,1.71460609514673e-07,5.746755903628103e-06,1.0296173295626176e-06,3.701053442748025e-06,1.8276101767405886e-06,3.394324838806414e-05,2.7398854070729098e-05,0.9932979533968435,1.181655809654158e-10,4.072942183146221e-09,1.997136136763728e-09,4.912882039012853e-07,2.306729247512037e-08,0.006322451466279449,1.3364161575889253e-10,4.784362117958469e-09,0.0002731559535613345,9.04361966221226e-07,2.639960717549667e-05,1.5109406056626826e-06,5.65252741550861e-09,3.4255765680880286e-09,2.440837331957838e-06
50,1.911964094566718e-09,1.164198152518783e-06,2.26280021679945e-07,7.949298183451071e-06,1.3040671135630528e-06,4.097400251003864e-06,2.0095499622496606e-06,4.954660038692776e-05,3.306442337306709e-05,0.9938604050363339,1.8988744743067237e-10,5.679010184759403e-09,2.9094654511407798e-09,5.192043312388547e-07,2.886237691255094e-08,0.005715895015673721,2.3868885714367423e-10,8.347498221178985e-09,0.0002825898255043843,1.2626316737971143e-06,3.4937381372336646e-05,1.7522690337478479e-06,7.636282581744735e-09,6.089520370144489e-09,3.214953938553079e-06
51,1.3750188641372418e-09,8.106710156588777e-07,1.6856831909440537e-07,5.509418609637748e-06,9.067476187645842e-07,3.5168477543490353e-06,1.978185219676639e-06,3.3133977111947786e-05,2.9486726427332236e-05,0.9925902429350216,1.0830674703101385e-10,3.362049875566962e-09,1.7019839893303979e-09,4.4018426538830275e-07,2.5774832666646148e-08,0.007022080965951202,1.2465660352799476e-10,4.056453815913266e-09,0.00028031021708116975,8.576376209003927e-07,2.6405815102602505e-05,1.3443734546617005e-06,5.6592175420726495e-09,3.555367678025756e-09,2.7610115377484444e-06
52,1.190799551788798e-09,4.7273427687071474e-07,1.3032816748947485e-07,6.7247188029939055e-06,1.4134743330115375e-06,1.5434640103931391e-06,1.1240163040484825e-06,7.067912097022629e-05,3.5718378772647916e-05,0.9883846746030583,4.706168466409436e-11,3.355395098172095e-09,9.031771437306019e-10,3.8328259003333e-07,4.654853641197875e-08,0.0105950770237868,1.964538657689529e-10,9.157648829988659e-10,0.0008564077029812378,4.1780642094420583e-07,4.017493683751748e-05,9.10982552497288e-07,5.083801847222097e-09,2.522911914464759e-09,4.086662232448646e-06
53,1.5512406460670696e-09,9.0454146545454e-07,1.563186295125794e-07,5.587244532366784e-06,6.657690577949431e-07,3.5301882864540645e-06,2.8380260232050127e-06,3.2220775915998566e-05,3.069179630766926e-05,0.9920593533805654,1.248811196428139e-10,2.662694994101988e-09,1.7833764711161854e-09,4.015152799994599e-07,2.82634567966685e-08,0.007562653289852938,1.1885409291228974e-10,4.6956411006018674e-09,0.0002705741365118324,9.999048674106485e-07,2.5137381724168727e-05,1.3185010863312787e-06,6.725724901992684e-09,4.196240080233642e-09,2.9171077831692426e-06
54,8.973094781319499e-10,6.492949990279132e-07,1.599987758181382e-07,1.1557055780307102e-05,2.1822942560228993e-06,2.8393365918601496e-06,1.0625377128463795e-06,9.456110737542663e-05,2.245601605615078e-05,0.9968414802869715,2.031630925061259e-10,5.231858551461952e-09,2.974029763434769e-09,3.034835325269692e-07,1.3644958778386809e-08,0.0027524738336732546,3.1153472187501635e-10,8.241229244768528e-09,0.00023444035658259162,1.0630915768141231e-06,3.217473703050371e-05,1.2511955399846426e-06,6.4117327642241786e-09,6.200260070605096e-09,1.3012574689662567e-06
55,1.7289475119910121e-09,9.98953527302698e-07,2.161288839482787e-07,5.941906711153743e-06,8.883439605556092e-07,2.981541072725953e-06,2.1808341285449053e-06,3.865144430402365e-05,3.634251171255825e-05,0.9946156745624014,1.2632417191753163e-10,4.073341095414027e-09,2.565840041722638e-09,4.1461530931897754e-07,2.1255722663770996e-08,0.004998065620216109,1.4937454127553149e-10,5.6677379972529984e-09,0.0002689885885516943,9.790326177373611e-07,2.341464373116576e-05,1.3554504192031162e-06,4.35001177484911e-09,4.8610346616497114e-09,2.861044118125245e-06
56,1.2582488474499078e-09,8.667178093780747e-07,1.580676979573705e-07,5.801217390631596e-06,9.134112168392239e-07,3.151106665296687e-06,1.8695987634726013e-06,3.252759249399036e-05,2.70030582152186e-05,0.9940890449377436,1.073076754079581e-10,3.21144969314494e-09,1.9405970370517696e-09,4.3526240633780223e-07,2.2301352388734897e-08,0.005557680115654362,1.2785947682002676e-10,4.502524858865579e-09,0.0002509317022026419,8.069151434848592e-07,2.496710589575825e-05,1.2988536909326857e-06,5.375573180874274e-09,3.762226212703465e-09,2.5017498706665175e-06
57,2.0805170307164066e-09,2.3362876273734294e-06,8.109261324469772e-08,7.952539181967987e-06,3.877463946790552e-07,5.1038623648701e-06,6.193931930597536e-06,1.8420417600390584e-05,2.330818236493691e-05,0.9946052176320747,1.9951032257332437e-10,5.981419572539893e-10,1.8038754716993593e-09,3.2731369542579763e-07,4.3173440933277174e-08,0.005181377996038922,7.416883037208307e-11,1.118980816289914e-08,0.00012022635984922451,9.05299269132262e-07,2.284780871250004e-05,7.742091341948282e-07,1.6878000508330333e-08,1.1273592453466989e-08,4.452050092207087e-06
58,1.2329376491412802e-09,8.404340881256345e-07,1.533136327523218e-07,5.724240693576162e-06,8.785757336135706e-07,2.9882682294440715e-06,1.8347947021927604e-06,3.347061179510917e-05,2.6570716037720315e-05,0.9942224357799361,1.0376658952856065e-10,3.061887395956439e-09,1.8412062954856667e-09,4.040824033746523e-07,2.1778744161824083e-08,0.005430130672101373,1.2838458754711348e-10,4.442125406648496e-09,0.0002450127840162234,7.875483293889779e-07,2.497635496470247e-05,1.2599677429619877e-06,5.286924365875519e-09,3.856848491976693e-09,2.490122768353644e-06
59,1.3085263271457587e-09,8.319549351192731e-07,1.6445627230048066e-07,5.774851082339563e-06,8.810111584663931e-07,2.9896883939864945e-06,1.9019303832141974e-06,3.4741173275884084e-05,2.6964766733908977e-05,0.9939735584815843,1.0568578095094734e-10,3.2069806357334715e-09,1.879444082897513e-09,4.0133843971674056e-07,2.174406966417262e-08,0.005678951593953842,1.3085982677853708e-10,4.539297332796171e-09,0.00024304555807228153,8.282165268937594e-07,2.513766427004818e-05,1.2392512599474288e-06,5.298431631120273e-09,4.089750278971136e-09,2.5457606122784677e-06
60,1.2073881344096652e-09,8.205086875459878e-07,1.4935482982797322e-07,5.57682280938519e-06,8.750061466556688e-07,3.100030759553895e-06,1.8041937022249866e-06,3.226570521764009e-05,2.656242992289966e-05,0.9939800405691762,1.0127233124953316e-10,3.0406030562791944e-09,1.748630491746245e-09,4.1346785550982835e-07,2.2033704414904857e-08,0.0056659196228849825,1.2085251116625835e-10,4.2442840196669455e-09,0.00025289156170193067,7.782128419681163e-07,2.501324401329918e-05,1.2728563133906005e-06,5.19219809932379e-09,3.5288432096747427e-09,2.475195360889392e-06
61,1.3029163410258914e-09,8.422644196876842e-07,1.6852675164284433e-07,5.817818794559286e-06,9.059632047420095e-07,3.1115957668471148e-06,1.912268797665779e-06,3.4370934957200166e-05,2.8144997665891313e-05,0.9938748316279514,1.0905640077025798e-10,3.284074353563619e-09,1.911860756818277e-09,4.177969699230771e-07,2.2412466345032004e-08,0.005767960064974915,1.298361378745925e-10,4.4849089519781305e-09,0.00025155368324614397,8.429654528907446e-07,2.523731234892151e-05,1.2659913236444883e-06,5.293576348277006e-09,3.952759549919674e-09,2.5733059189585864e-06
62,1.2073881344096652e-09,8.205086875459878e-07,1.4935482982797322e-07,5.57682280938519e-06,8.750061466556688e-07,3.100030759553895e-06,1.8041937022249866e-06,3.226570521764009e-05,2.656242992289966e-05,0.9939800405691762,1.0127233124953316e-10,3.0406030562791944e-09,1.748630491746245e-09,4.1346785550982835e-07,2.2033704414904857e-08,0.0056659196228849825,1.2085251116625835e-10,4.2442840196669455e-09,0.00025289156170193067,7.782128419681163e-07,2.501324401329918e-05,1.2728563133906005e-06,5.19219809932379e-09,3.5288432096747427e-09,2.475195360889392e-06
63,1.2317699064152488e-09,8.700277339376332e-07,1.4882327969007696e-07,5.641692044409007e-06,8.693195190788805e-07,3.087988257783229e-06,1.8179812607490274e-06,3.2025247173541453e-05,2.6942618747903483e-05,0.9942389270293541,1.0381544522612123e-10,2.972242672082097e-09,1.8181972863230206e-09,4.1085297247031704e-07,2.2282216643990868e-08,0.005410986920604125,1.2392528907318007e-10,4.43000128946067e-09,0.0002489109413201815,7.785819576268155e-07,2.4728468296311188e-05,1.2830294530561348e-06,5.2161900345579636e-09,3.692920868861361e-09,2.5286067455422498e-06
64,1.1796991134876699e-09,8.004533056473538e-07,1.43474279925492e-07,5.5883924310616605e-06,8.796123421816727e-07,3.0618418756634843e-06,1.72652044697553e-06,3.3259075074084395e-05,2.5813013425594985e-05,0.9939752621550252,1.0119638103038791e-10,3.0509458523762347e-09,1.6457164097448912e-09,4.0669296105343136e-07,2.2420814235599445e-08,0.005666288754609976,1.240135930929339e-10,4.3110340269400125e-09,0.0002553228886258752,7.585752016018054e-07,2.6870386654104234e-05,1.278940349472067e-06,5.277174420902598e-09,3.5108061299080933e-09,2.4976019914149303e-06
65,1.00111176401989e-09,6.962332720677493e-07,1.2950875342337028e-07,5.358938196235511e-06,1.0049289940080975e-06,3.8561240847297866e-06,1.4784157797500168e-06,2.905797828087819e-05,1.8593127649854164e-05,0.9930561054325542,1.009144488676924e-10,3.736673385266479e-09,1.5799976675647812e-09,4.7504151462454967e-07,1.867100798406182e-08,0.0066142593319541455,1.1033468069678285e-10,4.696646811505476e-09,0.0002376517109401288,8.40055666273327e-07,2.7082764165689534e-05,1.4382143701373308e-06,5.905176594778073e-09,2.6273819883570068e-09,1.9337645785969372e-06
66,1.3543424272954635e-09,1.0574556289599151e-06,1.297898697870528e-07,6.420023751603579e-06,9.7386248979346e-07,3.225707753924639e-06,1.676327121938177e-06,3.8067314887800235e-05,2.652014684314636e-05,0.995066800850001,1.2016655869628282e-10,2.797384177332425e-09,1.6421172387911885e-09,4.1421022883935177e-07,3.000602111575047e-08,0.004576069461458523,1.676129651369092e-10,5.922287572266766e-09,0.00024016196740293558,6.779962819939475e-07,3.3045528183906944e-05,1.458034964634479e-06,7.2229202503758235e-09,4.98576554372938e-09,3.2471045131952262e-06
67,1.2682853954100202e-09,8.347651318640061e-07,1.5590734985090888e-07,5.697990494977123e-06,8.897671054265284e-07,3.2952742032089276e-06,1.9054700951863556e-06,3.227989353099042e-05,2.6548952057106167e-05,0.9935284725615622,1.0698131061429049e-10,3.226988916110498e-09,1.8084850216078763e-09,4.3769322865709333e-07,2.302585734218674e-08,0.006112279478673519,1.2388390085007135e-10,4.420819103345671e-09,0.0002567086435062073,8.334616760141266e-07,2.575690512244758e-05,1.316022868529772e-06,5.599953215618133e-09,3.5919812966365284e-09,2.5440401582729067e-06
68,1.163076990599404e-09,7.385905624496402e-07,1.6346186564476068e-07,5.54728675311017e-06,1.0331829668218716e-06,3.0274313854335744e-06,1.7621062962147157e-06,3.215479148250937e-05,3.0073437091311267e-05,0.9938125931240216,9.171739546053313e-11,3.131026264688382e-09,1.7386453595874989e-09,4.6530606906123853e-07,2.311304139885915e-08,0.00579515143605516,1.1084048761279588e-10,3.2411447729711746e-09,0.00028866819791586415,6.46739856532036e-07,2.437783196187274e-05,1.1703007104877418e-06,4.605756257632191e-09,3.173763712903065e-09,2.3864059930351626e-06
69,1.1589518891207855e-09,8.137681997784928e-07,1.4757528734318025e-07,5.6015580680897785e-06,1.0247195474661087e-06,3.4862310010021878e-06,1.7242860343942347e-06,3.187637130520313e-05,2.8353731997168284e-05,0.9940694231902547,1.0804353034866178e-10,3.1279215336668144e-09,1.7380480918037668e-09,4.583128189757369e-07,2.401163170414082e-08,0.005554363036673384,1.181438386672047e-10,4.1633824818747375e-09,0.000272037311387347,7.029704093089586e-07,2.623449413685288e-05,1.3260579697746387e-06,5.328294900180401e-09,3.312755467459636e-09,2.3833177358515144e-06
70,1.0629852833719843e-09,7.304377523992924e-07,1.2307023091066316e-07,5.325853066565655e-06,7.982294885229719e-07,2.6379895670504064e-06,1.622245307154696e-06,3.5451156903889766e-05,2.524179437037062e-05,0.9947217820620751,9.181307675711532e-11,2.518734840202272e-09,1.4644300367392876e-09,3.2072349473203366e-07,2.0094930769264027e-08,0.004929590058131219,1.1846260382178963e-10,3.9604100811084335e-09,0.000247571447037245,6.80306599407143e-07,2.4675157678770936e-05,1.1642481877316607e-06,4.618072681163168e-09,3.5271722997453084e-09,2.2477630972435188e-06
