,0,1,2,3,4,5,6,7,8,9,10,11,12,13,14,15,16,17,18,19,20,21,22,23,24
0,1.504812501018677e-09,1.0967022205213978e-05,0.00015432857854215542,1.4641347118221954e-05,3.7646200088464613e-08,3.4038255383748125e-06,1.1935095458775027e-07,1.2478241459653641e-05,4.677382154387018e-05,0.9908200251623187,2.7504711162821635e-09,1.5167971919920007e-09,2.5649605408412926e-06,0.0002470657645103556,1.0206813474581902e-06,0.007647926430687931,1.1007789984281861e-06,4.844339279487131e-05,0.0008038080411672835,0.00011310891502369081,5.980342364743673e-05,1.7554188438131277e-07,3.3058493336930397e-06,4.401668850017582e-06,4.49378325214907e-06
1,3.4221985780913726e-06,0.00837234322502544,0.0013421181609925771,0.0021411470091369077,1.9231527451742523e-05,9.779104501919764e-05,1.2579220900858523e-05,0.0019703856365104835,0.0006355805657892512,0.9413335822972775,2.0072606482660994e-05,4.9188836967708785e-06,0.0004938838582360211,0.016112940924963237,0.00021351908340587285,0.008428070605583307,0.00039420802166633713,0.0004941041620475835,0.014436607678687768,0.00042041982651471854,0.0021281383506495293,0.0004533352218111318,6.490111427379355e-05,8.092948292352243e-05,0.0003257692923754497
2,1.5903416684157364e-09,1.2101741827889967e-05,0.00017167103931954876,1.6099795286905297e-05,4.47187242904396e-08,3.3008496510828297e-06,1.3072100896459593e-07,1.3465101951326959e-05,4.7947736851473216e-05,0.9893176169099411,3.001468196699418e-09,1.8270466531928226e-09,2.856305309124026e-06,0.000271167570866889,1.137513411710195e-06,0.009095617287463456,1.2653773618935926e-06,4.99782702592613e-05,0.0007812349561046308,0.00013895837115993268,6.146424130992634e-05,1.8088588282592734e-07,3.5126798876875056e-06,5.079280678941279e-06,5.162226884835041e-06
3,1.7584511514324866e-09,1.2966141548272563e-05,0.0001777110565749453,1.7395901094371993e-05,4.3201444466667184e-08,3.4416485738190132e-06,1.3682950019769802e-07,1.4101395588171969e-05,4.542501391976313e-05,0.9887583651827156,3.1301782232469076e-09,1.9246855533893388e-09,3.069657710218447e-06,0.000256607929772324,1.1365949720040537e-06,0.009570665498373111,1.4017069676841335e-06,5.2552670131071214e-05,0.0008751542760328458,0.00012936250100855466,6.650457428911321e-05,1.9127270414976088e-07,3.599482650028604e-06,5.127062834147407e-06,5.03358828023402e-06
4,1.941452430026642e-09,1.3486663483468191e-05,0.00018950959286315647,1.824060313602023e-05,4.603017136065035e-08,3.427910786772445e-06,1.463237582292887e-07,1.4606901866060931e-05,4.750482473164061e-05,0.988725164173733,3.372406199277145e-09,2.043224976520214e-09,3.396094783596501e-06,0.00027550931180920005,1.1486826465723716e-06,0.009526252621687901,1.468481421608954e-06,5.660604927653286e-05,0.0009008659177801889,0.00013617870351408112,7.182615056328158e-05,2.0265534512441534e-07,3.7791767224485868e-06,5.470348350099678e-06,5.155424486157944e-06
5,1.6647556285772792e-09,1.2265207853046822e-05,0.00017403126418626724,1.7970796786671804e-05,4.356191461276219e-08,3.3229067593014815e-06,1.2591672977697077e-07,1.296513284845634e-05,4.472184072628103e-05,0.9893143975595302,2.916244568657088e-09,1.7669954234869148e-09,3.0091760201817247e-06,0.0002499773931611269,1.05047571179952e-06,0.009077656520395655,1.3020516240969978e-06,5.4118062400143774e-05,0.0008214180364416465,0.00013467909898008491,6.309881351177959e-05,1.7133140951846592e-07,3.724925768646018e-06,5.314990359333592e-06,4.628588885788249e-06
6,1.7584511514324866e-09,1.2966141548272563e-05,0.0001777110565749453,1.7395901094371993e-05,4.3201444466667184e-08,3.4416485738190132e-06,1.3682950019769802e-07,1.4101395588171969e-05,4.542501391976313e-05,0.9887583651827156,3.1301782232469076e-09,1.9246855533893388e-09,3.069657710218447e-06,0.000256607929772324,1.1365949720040537e-06,0.009570665498373111,1.4017069676841335e-06,5.2552670131071214e-05,0.0008751542760328458,0.00012936250100855466,6.650457428911321e-05,1.9127270414976088e-07,3.599482650028604e-06,5.127062834147407e-06,5.03358828023402e-06
7,6.322535626919806e-10,8.88595592478147e-06,0.00010655418492324361,1.2527731773716017e-05,4.057618390788681e-08,3.236083371548442e-06,8.878038896087677e-08,9.240373528969175e-06,5.4789265649595725e-05,0.99097586416445,1.5608900821427058e-09,1.293547849793139e-09,1.0232381685224205e-06,0.00026007016352790264,8.237778391672129e-07,0.007773834130523116,8.718542617247011e-07,3.598343130241338e-05,0.0006019714009674259,9.234509607949175e-05,4.7305291001976424e-05,9.367499618517214e-08,4.145833030721853e-06,4.988445625274037e-06,5.313059789747486e-06
8,1.8890424375903117e-09,1.776501065895246e-05,0.00011402712545072775,2.0976091483401706e-05,4.3137111425597465e-08,5.039359304174568e-06,3.8720020934317814e-07,2.373426012322416e-05,5.068393153138968e-05,0.9832494181794437,4.794652091492938e-09,2.7796507401432387e-09,5.540748255330279e-06,0.00022400205995147274,1.8455041445195765e-06,0.013545328159004501,1.7648449270758252e-06,6.922641229969051e-05,0.002432120948334716,0.00013586931227988665,9.022081037127455e-05,4.2638011747086285e-07,2.993723892569557e-06,3.597657973645942e-06,4.97967978621641e-06
9,3.723548437376286e-09,2.399834874436282e-05,0.0001698743988172374,2.7226241764709536e-05,6.410841274813222e-08,6.683495023070247e-06,5.255747056776769e-07,2.9037333497918978e-05,5.8730791512992764e-05,0.9810717681804292,7.775603290309475e-09,4.477705028461621e-09,8.137169600339518e-06,0.00026646063989690754,2.3674996751550138e-06,0.015007984957256332,2.7431157757116354e-06,9.01900422466879e-05,0.002930451155903964,0.0001506664019423088,0.0001365018536869417,6.124262238742077e-07,4.202669000720032e-06,5.142769295446136e-06,6.614849731087162e-06
10,1.7584511514324866e-09,1.2966141548272563e-05,0.0001777110565749453,1.7395901094371993e-05,4.3201444466667184e-08,3.4416485738190132e-06,1.3682950019769802e-07,1.4101395588171969e-05,4.542501391976313e-05,0.9887583651827156,3.1301782232469076e-09,1.9246855533893388e-09,3.069657710218447e-06,0.000256607929772324,1.1365949720040537e-06,0.009570665498373111,1.4017069676841335e-06,5.2552670131071214e-05,0.0008751542760328458,0.00012936250100855466,6.650457428911321e-05,1.9127270414976088e-07,3.599482650028604e-06,5.127062834147407e-06,5.03358828023402e-06
11,1.942416847257593e-09,1.3666177051417116e-05,0.00018930620696431394,1.8558299321926522e-05,4.6778453615370924e-08,3.5222445155437496e-06,1.4825690658802735e-07,1.4703070359023117e-05,4.750888325682567e-05,0.9884183552808683,3.4033887555838403e-09,2.1014747367961287e-09,3.4225035177274317e-06,0.00027010440835527425,1.1925961171128348e-06,0.009833020311493709,1.489163075549403e-06,5.5366889372319244e-05,0.0009063028307075328,0.00013786293979446712,7.069498731459619e-05,2.0596369681550256e-07,3.7465841314783843e-06,5.519832466850364e-06,5.248344978778443e-06
12,1.7648239159840538e-09,1.3051106306069984e-05,0.00017683466926496293,1.7513743784045455e-05,4.256114952775319e-08,3.4284977807668836e-06,1.3754240719401475e-07,1.4223830028650577e-05,4.521222118452117e-05,0.9887640225564412,3.126266500366515e-09,1.9268978463620135e-09,3.0830293695676252e-06,0.0002557332770083668,1.138627487610336e-06,0.009557752993215955,1.399420891029248e-06,5.259252095768776e-05,0.0008861642485249381,0.00012739570882869106,6.644908311173811e-05,1.9247939418767178e-07,3.566834322613707e-06,5.062344394293592e-06,4.9958861582690124e-06
13,2.2637678709389908e-09,1.4978363261789396e-05,0.00020390617543724935,1.8078715925982596e-05,5.204392253571403e-08,3.4405469314652413e-06,1.6533638742206023e-07,1.7405826608958823e-05,5.0107328245057586e-05,0.9884945260584737,4.34628088229229e-09,2.4531206610548058e-09,3.833088627713756e-06,0.000312688802231117,1.3192265783751533e-06,0.009629765270229535,1.6199156812711803e-06,5.700805547022654e-05,0.0009555886422218778,0.00014156906266982888,7.865755381181462e-05,2.4908201603603655e-07,3.5584543972325804e-06,5.501228974483834e-06,5.972158726817029e-06
14,2.234607030326102e-09,1.153734073145689e-05,0.00028741258445037017,1.5297348704908474e-05,3.806007694287485e-08,4.285945527144075e-06,1.6923526856010846e-07,2.228688564080989e-05,4.960784523160927e-05,0.981273424014248,3.0763124597025813e-09,3.2341891014283884e-09,2.99159438921752e-06,0.0003118619043595602,1.4283415217844966e-06,0.01715584903185322,1.7683449102799278e-06,5.1448192435112807e-05,0.0005502260290256055,0.00018659891447946384,5.753507825100637e-05,2.101576218465373e-07,3.5917514361660524e-06,4.858616625111621e-06,7.564238103203525e-06
15,1.7584511514324866e-09,1.2966141548272563e-05,0.0001777110565749453,1.7395901094371993e-05,4.3201444466667184e-08,3.4416485738190132e-06,1.3682950019769802e-07,1.4101395588171969e-05,4.542501391976313e-05,0.9887583651827156,3.1301782232469076e-09,1.9246855533893388e-09,3.069657710218447e-06,0.000256607929772324,1.1365949720040537e-06,0.009570665498373111,1.4017069676841335e-06,5.2552670131071214e-05,0.0008751542760328458,0.00012936250100855466,6.650457428911321e-05,1.9127270414976088e-07,3.599482650028604e-06,5.127062834147407e-06,5.03358828023402e-06
16,1.418850866894272e-09,9.212247018560418e-06,0.000286572327070608,1.4961559389682465e-05,3.9556106575821634e-08,2.983824861112062e-06,7.795552567865273e-08,9.301282089597894e-06,4.0069614356069895e-05,0.9886766253517257,2.0986166465553363e-09,1.3188075209112787e-09,2.3226989100028616e-06,0.00025033868936500536,6.99992676805052e-07,0.009963487916736295,1.2914194257733151e-06,4.769917670622992e-05,0.00044327576626644464,0.00016949174867977502,6.399367624702196e-05,9.029781274288504e-08,4.728681547613507e-06,7.7950415615948e-06,4.936339645867115e-06
17,1.4993969662770912e-09,1.1792105812665928e-05,0.00015997070886129277,1.5984719625345233e-05,3.613188295548059e-08,3.2751549968304703e-06,1.1628129677113043e-07,1.3052576914543274e-05,4.0223600873777795e-05,0.9890761050317513,2.646485547467735e-09,1.6427696348394017e-09,2.605002361291602e-06,0.00022384024505003796,1.1037732972648769e-06,0.009403997101370586,1.2600684512314766e-06,4.600622589207378e-05,0.000815296627352214,0.00011685243988530368,5.6109261075972054e-05,1.6924575585452158e-07,3.208872927106939e-06,4.385313919815832e-06,4.6037219937784226e-06
18,1.821027444068362e-09,1.3048212335969211e-05,0.0001941800084651151,1.531458816666595e-05,4.874710448394317e-08,3.6110409736643035e-06,1.6306960870762416e-07,1.4350910925883282e-05,5.240247309365891e-05,0.9881039470291039,3.47503618297468e-09,2.211697974169859e-09,2.983104911378151e-06,0.00031491156344505447,1.177940306947534e-06,0.010074724122033677,1.5539938844595424e-06,5.788938835463015e-05,0.0009146009436213709,0.00013634526878287905,8.234169047569609e-05,2.0044770182703624e-07,4.121109417436471e-06,5.743164301460213e-06,6.333675223648776e-06
19,1.4346379835947104e-09,1.2274565621784324e-05,0.0001517262207199141,1.8683761267430862e-05,4.135904159300557e-08,3.3933071738645854e-06,1.1792633683869376e-07,1.210105093645734e-05,4.5813499283103275e-05,0.9893964905574091,2.4857492500119343e-09,1.7335069339121364e-09,2.639087903738499e-06,0.00022747678534080378,1.1558658289555075e-06,0.009092589315304534,1.1925540534729458e-06,4.4125011943731094e-05,0.0008054449114034748,0.00012042406580420335,5.128066751934475e-05,1.6991010764344462e-07,3.3603815457698538e-06,4.902751950781239e-06,4.590789609284644e-06
20,1.608887669092774e-09,1.2542677775931214e-05,0.00020946301977518394,1.7267781246543704e-05,3.9621056013678774e-08,3.4627785732715518e-06,1.1803444456239e-07,1.2330051108470692e-05,3.807349598409369e-05,0.9858510882788799,2.5323272007855073e-09,1.962717578533858e-09,2.5759371897803828e-06,0.00022826834173171061,9.967724860091599e-07,0.012589605027699659,1.6426280668173526e-06,5.283012294130046e-05,0.0007646965840896025,0.0001319618092335871,6.75098075750483e-05,1.3765191294046946e-07,4.188074311989013e-06,5.893889420115537e-06,5.3015105650047985e-06
21,9.639659742434313e-10,1.1191360009417078e-05,8.276353368593027e-05,1.3496189826939994e-05,3.8953593006222375e-08,4.636477281277585e-06,1.3028406049455e-07,1.1110801250956523e-05,5.375920912302584e-05,0.9922692769664149,2.6448148911580046e-09,1.2158521991770775e-09,1.979235711246891e-06,0.0001777528297875925,1.4359680899410801e-06,0.006078633885243589,8.202570040443011e-07,3.0054640942601897e-05,0.0011237274866381997,8.263582155738206e-05,4.6191328995691223e-05,2.2259688840559475e-07,2.5494804262114493e-06,3.230312497294128e-06,4.357556338839586e-06
22,1.9384311687665798e-09,1.1819464920048989e-05,0.0001856803314995902,1.606266911444956e-05,3.6289437519369473e-08,3.266231407076876e-06,1.1307209388393317e-07,1.4925791461659921e-05,3.675892865577602e-05,0.9891981961902377,3.08477575863086e-09,1.7242922611750746e-09,2.9925173161691473e-06,0.00023106022996840868,9.765530457916342e-07,0.009251055063946759,1.4713660529798965e-06,5.473179886692297e-05,0.0007926946700973248,0.0001225047579838632,6.33619546564559e-05,1.8580283499771137e-07,3.431417382571188e-06,4.370186144595529e-06,4.297965376548726e-06
23,1.7584511514324866e-09,1.2966141548272563e-05,0.0001777110565749453,1.7395901094371993e-05,4.3201444466667184e-08,3.4416485738190132e-06,1.3682950019769802e-07,1.4101395588171969e-05,4.542501391976313e-05,0.9887583651827156,3.1301782232469076e-09,1.9246855533893388e-09,3.069657710218447e-06,0.000256607929772324,1.1365949720040537e-06,0.009570665498373111,1.4017069676841335e-06,5.2552670131071214e-05,0.0008751542760328458,0.00012936250100855466,6.650457428911321e-05,1.9127270414976088e-07,3.599482650028604e-06,5.127062834147407e-06,5.03358828023402e-06
24,2.5898567438720746e-09,1.1915739268426984e-05,0.00029971226054683746,1.3465556849104532e-05,5.287537597534202e-08,4.829040140661485e-06,1.8220634496562657e-07,1.6869728161691636e-05,5.079147080727884e-05,0.9856985511777465,4.776608164625913e-09,2.7145572338237603e-09,3.9159341041016695e-06,0.00031496876058809684,1.2962277334693682e-06,0.012464852636566348,1.9273772931080387e-06,6.189953745443763e-05,0.0007419867556425349,0.0001989678739760297,9.54629657466754e-05,2.2976008118391374e-07,4.303191673415683e-06,6.430944205732282e-06,7.377898671611694e-06
25,2.092961317086195e-09,1.395751098555657e-05,0.0001979079302435398,1.9620728760374067e-05,5.2640482402868254e-08,3.668322019237097e-06,1.7855368270948868e-07,2.068905428720931e-05,4.5639893357821836e-05,0.9867974943464574,4.288652657892208e-09,2.4751955104450066e-09,3.952543268493246e-06,0.0002926076857994628,1.1904143252656482e-06,0.011316225811210702,1.7212769054410135e-06,6.620491595890748e-05,0.0009528653737934695,0.0001710979769589307,7.99692785765169e-05,2.3569023896240548e-07,3.945365972156242e-06,5.367176888811254e-06,5.398653017059823e-06
26,1.7287649706910634e-09,1.115422809449446e-05,0.0002158877183867775,1.722754817702947e-05,4.616290207435918e-08,3.1466439842540743e-06,1.0314339901243478e-07,1.105443172520204e-05,4.795959016973666e-05,0.9901357850055312,2.618200375646152e-09,1.6612408768164618e-09,2.7895898383216867e-06,0.00027916777022789,8.316469099685036e-07,0.008385502392487258,1.2318905872479588e-06,5.739250400231641e-05,0.0006031720080450225,0.000147751261688364,6.413199006130606e-05,1.352194208167414e-07,4.338541274575212e-06,6.556260770045334e-06,4.628444110586141e-06
27,1.5662596174845914e-09,1.2335399549295883e-05,0.00014574958143332635,1.647315472622389e-05,4.1264506280632716e-08,3.4056278129226515e-06,1.2189048364004183e-07,1.3376416818445033e-05,4.87176172978227e-05,0.9901378240012462,2.8180440217769387e-09,1.7412484969787858e-09,2.6900838734510198e-06,0.0002414948270142001,1.1604305360914357e-06,0.008336463092392762,1.1397393810130442e-06,4.552261630960049e-05,0.0008128756153013534,0.00011642368164264332,5.1689396989253875e-05,2.002003545179435e-07,3.052765153807345e-06,4.502431612621937e-06,4.734040012486902e-06
28,1.7584511514324866e-09,1.2966141548272563e-05,0.0001777110565749453,1.7395901094371993e-05,4.3201444466667184e-08,3.4416485738190132e-06,1.3682950019769802e-07,1.4101395588171969e-05,4.542501391976313e-05,0.9887583651827156,3.1301782232469076e-09,1.9246855533893388e-09,3.069657710218447e-06,0.000256607929772324,1.1365949720040537e-06,0.009570665498373111,1.4017069676841335e-06,5.2552670131071214e-05,0.0008751542760328458,0.00012936250100855466,6.650457428911321e-05,1.9127270414976088e-07,3.599482650028604e-06,5.127062834147407e-06,5.03358828023402e-06
29,1.7584511514324866e-09,1.2966141548272563e-05,0.0001777110565749453,1.7395901094371993e-05,4.3201444466667184e-08,3.4416485738190132e-06,1.3682950019769802e-07,1.4101395588171969e-05,4.542501391976313e-05,0.9887583651827156,3.1301782232469076e-09,1.9246855533893388e-09,3.069657710218447e-06,0.000256607929772324,1.1365949720040537e-06,0.009570665498373111,1.4017069676841335e-06,5.2552670131071214e-05,0.0008751542760328458,0.00012936250100855466,6.650457428911321e-05,1.9127270414976088e-07,3.599482650028604e-06,5.127062834147407e-06,5.03358828023402e-06
30,1.7584511514324866e-09,1.2966141548272563e-05,0.0001777110565749453,1.7395901094371993e-05,4.3201444466667184e-08,3.4416485738190132e-06,1.3682950019769802e-07,1.4101395588171969e-05,4.542501391976313e-05,0.9887583651827156,3.1301782232469076e-09,1.9246855533893388e-09,3.069657710218447e-06,0.000256607929772324,1.1365949720040537e-06,0.009570665498373111,1.4017069676841335e-06,5.2552670131071214e-05,0.0008751542760328458,0.00012936250100855466,6.650457428911321e-05,1.9127270414976088e-07,3.599482650028604e-06,5.127062834147407e-06,5.03358828023402e-06
31,2.1909710284355522e-09,1.3164862239884777e-05,0.0002182030616852715,1.6780646814406284e-05,3.883335271567207e-08,3.2716630740694415e-06,1.3693820891031948e-07,1.736572675827234e-05,4.0803827251285156e-05,0.9877993524274903,3.3855948738370382e-09,2.0985330227561034e-09,3.311772253533029e-06,0.00027554691802861856,9.983146317996915e-07,0.01051373636187147,1.6192229713850185e-06,6.164356648389322e-05,0.0008132345684098847,0.0001319994197812001,7.49634962835915e-05,1.9758949941930825e-07,3.7048834228227956e-06,4.896117723735793e-06,5.022106664571351e-06
32,1.7615055700550271e-09,1.318273821483419e-05,0.00017272152840449052,1.783265882821919e-05,4.427135673405149e-08,3.5329902771772383e-06,1.425345345187019e-07,1.4254470797004393e-05,4.5373643279074486e-05,0.9885820252013819,3.216080895280558e-09,1.9611861942928057e-09,3.1184014830196944e-06,0.0002527393788837207,1.180512001072875e-06,0.00969473199202382,1.4385140500044052e-06,5.300060049475275e-05,0.0009343072954047085,0.0001282839429086505,6.802164938886535e-05,1.9787808873832164e-07,3.643673822763647e-06,5.1358332810424295e-06,5.083352321893698e-06
33,3.301249855731038e-09,2.0874563834648425e-05,0.00022798033308457912,2.9865888808641306e-05,5.94166494123709e-08,3.98694784774965e-06,2.5394505027188917e-07,2.5398148883772688e-05,4.487983756084396e-05,0.9820655966250574,5.603746274551473e-09,3.849738014894633e-09,6.12486949542087e-06,0.00029021168673106813,1.5252248332555657e-06,0.015403631972868025,2.773547445013504e-06,8.078213966020847e-05,0.0015124281030900427,0.0001616407100151869,0.00010430126151885494,3.478955322688328e-07,4.415783695944239e-06,6.831665938455874e-06,6.076677664732801e-06
34,2.69751423099271e-09,1.5070849990698077e-05,0.0002151666426231468,1.940028521643306e-05,4.65280020013852e-08,3.629459956047279e-06,1.5506856929448667e-07,1.6157499137621735e-05,4.630738147716275e-05,0.9893158514663641,4.2501407542157154e-09,2.207672729258912e-09,4.330194319502901e-06,0.0002715637395774886,1.2276855399984268e-06,0.008813901103591206,1.565642369245477e-06,6.164024476393525e-05,0.0009894883910802643,0.00013146084682556623,7.886388524304522e-05,2.4875929516879826e-07,3.579296086936858e-06,5.34044752379513e-06,4.995427119403839e-06
35,1.6353382110534711e-09,1.399448380076371e-05,0.00019610832774495283,1.9344047214635555e-05,5.395235096284507e-08,3.290694021353426e-06,1.5103727959112554e-07,1.2606862716749872e-05,4.892063705676338e-05,0.9881079230867761,3.233619933849014e-09,1.985971840849445e-09,3.47200583069505e-06,0.00028201825534327987,1.3046118125831039e-06,0.010111220882057084,1.4664184442531109e-06,4.9036884200421176e-05,0.0008989877098070302,0.00015964236926603947,7.424551761264546e-05,1.7786010772143808e-07,4.005281539169559e-06,6.32686560259122e-06,5.695354484587244e-06
36,1.7771411676016373e-09,1.3064537632251473e-05,0.00018510552195668656,1.7528910554219944e-05,4.776461433078281e-08,3.5264924557452233e-06,1.3910788007243687e-07,1.3452968512998983e-05,4.7375376364279524e-05,0.9891586061652634,3.3272585220561063e-09,1.925623385388382e-09,3.10301527864779e-06,0.0002682117722290625,1.1495465644890452e-06,0.00912616691545214,1.4075966333706091e-06,5.3355063449739264e-05,0.0008873041882518223,0.00013286354692065044,7.259155959730385e-05,1.8643035311928137e-07,3.8778889442290134e-06,5.636281365101828e-06,5.292319703205706e-06
37,2.4291222221015776e-09,1.4496253463306775e-05,0.000248008205569149,1.9290330383605643e-05,5.604374641684111e-08,3.4646701200313513e-06,1.5825237233770664e-07,1.4530967038654501e-05,5.434271445114821e-05,0.9884176829604232,3.8582210584450135e-09,2.4555872374086416e-09,3.908741974728374e-06,0.00033949389526323676,1.0811389770671478e-06,0.00971630363855694,1.6521991713497328e-06,6.803362987057383e-05,0.000834791995541214,0.00015739306168504176,8.74653114910215e-05,2.016958351031232e-07,4.5614207577039385e-06,7.162924953469894e-06,5.911205424375839e-06
38,1.817463740725626e-09,1.2656798593950678e-05,0.0001777767302924163,1.739202521011554e-05,3.910002466732201e-08,3.7449350114257945e-06,1.4778019869961022e-07,1.5001631319867614e-05,4.098966952968554e-05,0.9872117942324675,3.0906907507072246e-09,1.96882968644306e-09,3.213228864343785e-06,0.00023045393563861252,1.2044395987849866e-06,0.01107604675520215,1.5309357247697402e-06,5.423793199072013e-05,0.0009398497098836155,0.00013327345628969076,6.722440727504181e-05,1.986772908387975e-07,3.597989787552808e-06,4.720566222574344e-06,4.898186598991203e-06
39,2.163512931430139e-09,1.373915850993254e-05,0.00020731218500385978,1.819870871946763e-05,4.648391959632968e-08,4.310618636430735e-06,1.8831146495544563e-07,2.114272523613723e-05,4.381351888821511e-05,0.9845033031560111,4.0103641628898375e-09,2.734777320217835e-09,3.5009354024028532e-06,0.0002711013989672177,1.2724193808108658e-06,0.013602731279093339,1.9910322876393777e-06,6.234171990233689e-05,0.0009956227258852747,0.00014888946159379328,8.486772012032443e-05,2.4371991211385003e-07,4.092474943276951e-06,5.214057371933932e-06,6.0672800955612625e-06
40,2.6254790060728416e-09,1.5183742235818651e-05,0.00025580128586239273,1.8269851154347633e-05,5.290706843006885e-08,3.767247827400991e-06,1.64027623248516e-07,1.550810267064255e-05,5.0633627016018284e-05,0.9876121290520661,4.160754697189883e-09,2.642213660813625e-09,3.9391104320403745e-06,0.0003166409689185174,1.360454564937513e-06,0.0105213240516763,1.829399555063238e-06,5.707268040190764e-05,0.0008754056570847153,0.00014838453597414156,8.520082911465985e-05,2.329519106523727e-07,4.125817184047858e-06,6.3699989171078495e-06,6.594272294251148e-06
41,1.2709041085415914e-09,1.1301442906615515e-05,0.00013254815462149526,1.8312804429431724e-05,3.88768747242357e-08,3.478906660804201e-06,8.622295939555291e-08,1.0236631973069254e-05,3.9072694007324314e-05,0.9903968191290868,2.237303885177316e-09,1.4434635377960022e-09,2.323543963311892e-06,0.00016934001012339342,1.2463683800137125e-06,0.008320268168776774,1.0049802721452707e-06,3.338877473335652e-05,0.0007013361823766785,0.00011196894677693622,3.6072886148067654e-05,1.5688671211622839e-07,2.68450001047956e-06,4.266783661957601e-06,4.04215287388264e-06
42,1.7362219923055333e-09,1.267933772610683e-05,0.00018284211286399529,1.72624893107768e-05,4.4082467228445994e-08,3.3575395107595175e-06,1.3427655759868298e-07,1.3507869063734281e-05,4.665255765267301e-05,0.9892459619356672,3.089390822203643e-09,1.8734175981345e-09,3.035382370615014e-06,0.0002685384569482655,1.0846713346242147e-06,0.009095309156805523,1.3412920230992063e-06,5.418108552492508e-05,0.0008399898783838377,0.0001316007062195437,6.82400018779888e-05,1.7892407047432697e-07,3.7385334296277775e-06,5.317099690246247e-06,4.995911470809177e-06
43,4.333441707067247e-07,0.0009572853198006214,0.020119861600215116,0.00035098370702651955,6.324827792895525e-06,3.2906071484806535e-06,2.559917697139867e-05,0.00015765444778475564,0.000965524073389544,0.7928595756755142,5.402835349564102e-07,1.5110613097151323e-06,0.0009157348442725702,0.023909826190298442,7.618603115711741e-06,0.13629722685604798,0.00011215127333357969,0.002099534246082285,0.007625910814704711,0.003551478418082464,0.008353821559988758,4.6754294603751025e-06,5.6199715059430784e-05,0.0012351233103037591,0.0003821146145908636
44,1.7584511514324866e-09,1.2966141548272563e-05,0.0001777110565749453,1.7395901094371993e-05,4.3201444466667184e-08,3.4416485738190132e-06,1.3682950019769802e-07,1.4101395588171969e-05,4.542501391976313e-05,0.9887583651827156,3.1301782232469076e-09,1.9246855533893388e-09,3.069657710218447e-06,0.000256607929772324,1.1365949720040537e-06,0.009570665498373111,1.4017069676841335e-06,5.2552670131071214e-05,0.0008751542760328458,0.00012936250100855466,6.650457428911321e-05,1.9127270414976088e-07,3.599482650028604e-06,5.127062834147407e-06,5.03358828023402e-06
45,1.6231705710784104e-09,1.3378605268315099e-05,0.00014147063877414923,2.1417038539121616e-05,4.571146804754887e-08,4.334978006135537e-06,1.7441723028184458e-07,1.7144493186623048e-05,4.6932799802167926e-05,0.9870437192010325,3.319551877097165e-09,2.2206556234074485e-09,3.422033977817304e-06,0.00021303188239366486,1.6018143164776822e-06,0.011167308998295317,1.3527991881878812e-06,4.706531838636877e-05,0.0010706075756402734,0.00014007699397482835,5.41638398522276e-05,2.4383823901901225e-07,3.134731913063626e-06,4.39649570115111e-06,4.968631436197532e-06
46,3.0527118641762437e-09,1.925665687294452e-05,0.0002176442116653038,2.553392357047129e-05,5.266987692815882e-08,4.452350555620909e-06,1.9149064209154094e-07,2.1676978923177885e-05,3.895029934729741e-05,0.9815831803929563,4.738688614362354e-09,3.5500834766834714e-09,4.636013982839399e-06,0.0002279550763109276,1.6558595815828825e-06,0.016306359300504957,2.896990638488474e-06,6.0821934265771774e-05,0.001242645663088234,0.00014665788829620302,7.868591879740639e-05,3.1857019464101075e-07,4.147287768610628e-06,6.054349223762847e-06,6.214831452554745e-06
47,2.6865035526468085e-09,1.8491560625872592e-05,0.00019529979731551644,2.0065697141023503e-05,4.763747762016859e-08,4.017870304270514e-06,1.8905373799929635e-07,1.8206545139710938e-05,5.096013729643504e-05,0.9851196073847914,4.03510909457222e-09,2.951894610864767e-09,4.412581224266827e-06,0.0002601171723659048,1.4721440646490134e-06,0.012964418493546024,1.9323896840119705e-06,5.77236610501208e-05,0.0010562329575663793,0.00014351045559817427,6.795477852741046e-05,3.131267546345796e-07,3.388439468607802e-06,5.641010694912785e-06,5.987432117740116e-06
48,1.7455724697286722e-09,1.2390413861777444e-05,0.0001903280161542946,1.6871935214336957e-05,4.595141429114998e-08,3.428415793862849e-06,1.3469124089712467e-07,1.3479966709808235e-05,4.7614064591729076e-05,0.9890043163398842,3.176347275288034e-09,1.917285381871372e-09,3.078336790153282e-06,0.00027184568970113875,1.1209552244114348e-06,0.009351137046463466,1.3486623430115745e-06,5.277097548307681e-05,0.000808040699148708,0.00013958883314102728,6.782146254587707e-05,1.8154077435773616e-07,3.6872728099797624e-06,5.503896552761916e-06,5.2579949516358646e-06
49,1.9957979639917173e-09,1.249337850069703e-05,0.00021149603660685062,1.6865952533079216e-05,4.4401190083100936e-08,3.6341527596775075e-06,1.3170385190662996e-07,1.4492140618928265e-05,4.497270302949899e-05,0.9882182875271471,3.303598863177523e-09,2.0756985534251524e-09,3.1996270754549536e-06,0.0002641121266213505,1.0966758311299875e-06,0.010173024441618408,1.512195734364238e-06,5.4882854509295646e-05,0.0007517615804876697,0.0001457656859649848,6.74468366246007e-05,1.8833509260672876e-07,3.79571386653402e-06,5.532085097212444e-06,5.256470143417349e-06
50,2.311915030448814e-09,1.489806263840494e-05,0.0002461986406496718,2.0252777914571242e-05,5.373009560281212e-08,3.3901505719282474e-06,1.3697161021179612e-07,1.405587265279369e-05,4.5538698515062324e-05,0.9869076471291263,3.78930850785145e-09,2.495705462239236e-09,3.7916256843365747e-06,0.00028481044881479575,1.1411904740345345e-06,0.01134528469024488,1.8157501302163782e-06,6.150288125050139e-05,0.0007928202405771673,0.00016455169299626663,7.440512717989196e-05,1.8609906626789752e-07,4.258848052406323e-06,7.418871951199382e-06,5.831902874673185e-06
51,1.956818357410332e-09,1.1596752011870864e-05,0.00023370986510627112,1.563470492607508e-05,5.332982028131119e-08,4.398174496516848e-06,1.8099682874194146e-07,1.5046453014824024e-05,5.028446869278521e-05,0.9858226001391743,3.784613526299128e-09,2.383454013955569e-09,3.418608186509658e-06,0.0002989745164690998,1.185132179841602e-06,0.012307927960024879,1.8172852645146846e-06,6.317038317980338e-05,0.0008799967074817332,0.00017571875569024015,9.623514267146132e-05,1.9781269226452904e-07,4.749183261374361e-06,6.571015285492471e-06,6.52448865528359e-06
52,1.0120615352541411e-09,7.239311485087766e-06,9.55276207585014e-05,1.293939578051955e-05,1.9977977797968717e-08,2.8121655423640265e-06,6.54693883199787e-08,1.0130638660757808e-05,2.9535504363377358e-05,0.992744656967722,1.6161443083374509e-09,8.123624475147871e-10,1.8299184332314406e-06,0.00014280997037362798,7.503409085231286e-07,0.0061466687708567795,6.841426361556955e-07,4.1573750637482785e-05,0.000638136213932836,8.749735679894001e-05,3.0074510802127037e-05,1.243071970179193e-07,2.2026416588957725e-06,2.4347545714259047e-06,2.282828946197823e-06
53,1.967849748927093e-09,1.5224618135770092e-05,0.00020539337938532963,1.8588610694507488e-05,5.545299810556858e-08,4.23634021631646e-06,2.331116452153194e-07,1.8411833791998925e-05,5.870447642355858e-05,0.9850596881780104,3.920357640533653e-09,2.895729984587401e-09,3.6546104421387754e-06,0.00033500781168388657,1.4128659169605134e-06,0.012891373868978068,1.7782152975458133e-06,6.363928739850502e-05,0.0010464881365322603,0.00016577590008258356,9.234237404055526e-05,2.3310797667522628e-07,4.547387358074783e-06,6.182980385003011e-06,7.018668669044709e-06
54,7.654233249812246e-09,1.7972372536587946e-05,0.00031312491694443425,4.3053436142394135e-05,7.779310539427152e-08,6.208679396746867e-06,2.7112729500207814e-07,3.1258470003316565e-05,4.782574039011655e-05,0.988976201580506,1.223137334607405e-08,3.0344681698579488e-09,1.1598010380633754e-05,0.0002854129092108189,1.117565433481674e-06,0.007679125106656425,2.7544170452915256e-06,0.00017529929170291146,0.002014720207247782,0.00017291822708334948,0.0002019138105271228,4.4645365641781547e-07,6.9383193566419735e-06,8.330786604127888e-06,3.407858699945533e-06
55,2.3341430638780406e-09,1.7627080429264166e-05,0.00022944239315908466,2.459265620201543e-05,7.165787165988875e-08,4.201672503306626e-06,2.3363468631955902e-07,1.5979843244156796e-05,6.726491631733268e-05,0.9847048419892601,4.297638792970001e-09,3.5491778127951044e-09,4.640852876747915e-06,0.00034742683155168284,1.417969076607396e-06,0.013145786890501132,1.8691260233886747e-06,7.044353222146883e-05,0.0010697208636219432,0.00018393272111995166,8.93423344050042e-05,2.4631800488871995e-07,4.708077937639822e-06,8.943708457371119e-06,7.2547495690864455e-06
56,1.863755241256872e-09,1.3356728570872595e-05,0.00018285044368723138,1.795580515786858e-05,4.4690366244827246e-08,3.493672084386502e-06,1.4307094222407984e-07,1.4462287154716688e-05,4.6423926116119515e-05,0.9885988699888669,3.274466054986704e-09,2.016107707579067e-09,3.243662582483434e-06,0.0002630150892482875,1.1643317503277414e-06,0.009686073344855259,1.4510086650092834e-06,5.4334365586779727e-05,0.0008975279819212779,0.0001325187698626575,6.87593275257115e-05,1.9986180865359435e-07,3.6811699269331525e-06,5.293920595004799e-06,5.129398395783856e-06
57,8.293376716610349e-10,4.396633963331407e-06,0.00015699198555887162,7.147913591384346e-06,2.623654707093697e-08,3.205996803265159e-06,3.006908425258192e-08,8.858616130225338e-06,4.059167471339866e-05,0.9954173874954587,1.3573545115722024e-09,6.895315672605277e-10,6.963926081970207e-07,0.0002268482429299595,4.603473011257651e-07,0.0038219180015152104,4.7336641122454146e-07,3.0982133054108085e-05,0.00012790860487872025,0.00012113606131872256,2.1385574891510173e-05,5.35043109602395e-08,3.4922778183810426e-06,3.0742641889057485e-06,2.93173069854331e-06
58,1.84690803823859e-09,1.352599238441354e-05,0.00018942886011994652,1.8611852619280634e-05,5.1360706163378155e-08,3.5870856641872455e-06,1.4795648922972278e-07,1.3571966905510012e-05,5.005342099188467e-05,0.9884936721659083,3.4002188222490294e-09,2.1009816403738296e-09,3.3133998121990393e-06,0.00027737208931834733,1.1938831931847657e-06,0.00975128747768116,1.4781905093304418e-06,5.5514903352219746e-05,0.0008947160448008415,0.00014401042654126213,7.25782841393496e-05,1.9453599788984303e-07,4.0171614116871065e-06,6.151073290502622e-06,5.514520054580674e-06
59,1.7558512449953049e-09,1.2647764873867662e-05,0.0001910181163814044,1.724396065304136e-05,4.688344893071571e-08,3.451740045821742e-06,1.3369034990218186e-07,1.3087563532671812e-05,4.771181449004762e-05,0.9888797135445511,3.1361193160321296e-09,1.926681044544092e-09,3.0490702098429668e-06,0.00027120487624634907,1.1092055644621877e-06,0.00946634522149788,1.4010940669757441e-06,5.3244419229511505e-05,0.0008150803987051108,0.00013906378263176466,6.926602617022664e-05,1.7891824128175322e-07,3.888866763264488e-06,5.806621218494894e-06,5.299602476196412e-06
60,1.7584511514324866e-09,1.2966141548272563e-05,0.0001777110565749453,1.7395901094371993e-05,4.3201444466667184e-08,3.4416485738190132e-06,1.3682950019769802e-07,1.4101395588171969e-05,4.542501391976313e-05,0.9887583651827156,3.1301782232469076e-09,1.9246855533893388e-09,3.069657710218447e-06,0.000256607929772324,1.1365949720040537e-06,0.009570665498373111,1.4017069676841335e-06,5.2552670131071214e-05,0.0008751542760328458,0.00012936250100855466,6.650457428911321e-05,1.9127270414976088e-07,3.599482650028604e-06,5.127062834147407e-06,5.03358828023402e-06
61,1.7632457290053667e-09,1.2574388116499273e-05,0.00019388623965144655,1.6940963391592627e-05,4.70533962664808e-08,3.4255014362666068e-06,1.3054573207783054e-07,1.3143329427380742e-05,4.8272033891382466e-05,0.9891624443933796,3.148871866391806e-09,1.928095946758234e-09,2.9583282362365044e-06,0.0002778605132639946,1.0890294290517529e-06,0.009200654724363993,1.385530938545527e-06,5.2901168814992395e-05,0.000791485775894334,0.00013607112788542998,6.947897651048642e-05,1.7682084659511247e-07,3.90093942980078e-06,5.799008161029996e-06,5.366767589337313e-06
62,1.7584511514324866e-09,1.2966141548272563e-05,0.0001777110565749453,1.7395901094371993e-05,4.3201444466667184e-08,3.4416485738190132e-06,1.3682950019769802e-07,1.4101395588171969e-05,4.542501391976313e-05,0.9887583651827156,3.1301782232469076e-09,1.9246855533893388e-09,3.069657710218447e-06,0.000256607929772324,1.1365949720040537e-06,0.009570665498373111,1.4017069676841335e-06,5.2552670131071214e-05,0.0008751542760328458,0.00012936250100855466,6.650457428911321e-05,1.9127270414976088e-07,3.599482650028604e-06,5.127062834147407e-06,5.03358828023402e-06
63,1.7660586116937574e-09,1.3528449824658934e-05,0.00017292161464043147,1.778275458961841e-05,4.354019111492452e-08,3.4001968238482193e-06,1.3671437830127142e-07,1.40701779632531e-05,4.573519749883604e-05,0.9887714827490508,3.1280646731927653e-09,1.950986076035147e-09,3.0539107123891803e-06,0.0002555929437044696,1.163031739202169e-06,0.009545701364046729,1.4136246137041837e-06,5.171454811052442e-05,0.0008974643480256771,0.00012536722199840117,6.543231672813698e-05,1.952828992373115e-07,3.5714247658733915e-06,5.148821072643094e-06,5.0729215127376796e-06
64,1.934447897901547e-09,1.3523529138286419e-05,0.00019681960084048884,1.751671583759653e-05,4.747651813117316e-08,3.4932662686032625e-06,1.528604044385029e-07,1.4674030496048175e-05,4.734973232405601e-05,0.9884713572028826,3.5154170309515175e-09,2.0699695905696885e-09,3.3377909008016985e-06,0.0002856248233685064,1.1454732915611984e-06,0.00971573241173002,1.550662835152016e-06,5.7882945163272334e-05,0.0009378552907512608,0.0001356669990658631,8.093634544821466e-05,1.9910306000567802e-07,4.016937739064274e-06,5.640596862455319e-06,5.468685238984299e-06
65,1.7346338790021341e-09,1.2456457624753285e-05,0.0001950569275757926,1.558923434744964e-05,4.347746222929781e-08,2.948387082399475e-06,1.2080290529884466e-07,1.278195332643164e-05,5.239021144652694e-05,0.9900268408011895,2.8218499794174035e-09,1.7971610087740178e-09,2.89994686546631e-06,0.0003068722462313474,9.792267434595183e-07,0.008422679303300658,1.202471124993522e-06,5.168697255088272e-05,0.0006838019386286451,0.0001343257000291133,6.296722693256116e-05,1.7337590833459767e-07,3.5083058949414665e-06,5.506843241210424e-06,5.161835942894894e-06
66,1.416870753810171e-09,1.3230439726808072e-05,0.00013050370193112205,1.72698803165775e-05,4.406020153116792e-08,3.6325833893560447e-06,1.2213088058683426e-07,1.17272855744762e-05,4.961230561767233e-05,0.9906626504259539,2.7947804275303813e-09,1.7153992398093736e-09,2.2265004263221955e-06,0.00023893459480758353,1.161632570370904e-06,0.007681593097573714,1.2401430277447845e-06,4.5455704424091463e-05,0.0009726542737581371,9.35941595297098e-05,6.0337500357345016e-05,1.7952923915247304e-07,3.7861625422240103e-06,5.064888197632449e-06,4.9730729036280795e-06
67,1.7610969521201269e-09,1.2482046472854682e-05,0.00018801066247479956,1.7401944388648465e-05,4.2896325652144156e-08,3.3642396050524545e-06,1.3275831835068823e-07,1.3762066271199538e-05,4.364413889458499e-05,0.9886001935083343,3.068769616093535e-09,1.8626166337575817e-09,3.136161084116586e-06,0.0002562797981232884,1.0922223915567074e-06,0.009751166897321632,1.4180087557019963e-06,5.393662836498029e-05,0.000833992350593965,0.0001380536709836778,6.77822645808801e-05,1.7916909382145922e-07,3.729644612504486e-06,5.277125944225753e-06,4.915104581371659e-06
68,2.01518949495452e-09,1.4851850721506455e-05,0.0001551151486089724,1.8292652399142393e-05,4.092677629520455e-08,3.7311697622623373e-06,1.5829601109775752e-07,1.8084331659417525e-05,4.099166960240893e-05,0.9880183549307233,3.774881212342974e-09,2.098511884710032e-09,3.374919706933373e-06,0.000229962420482879,1.2612400885181729e-06,0.010072427084242457,1.634373322118498e-06,5.544410830340346e-05,0.00117079954586248,0.00011124803946318019,7.152446134199918e-05,2.5403466428840417e-07,3.3288093243402546e-06,4.273276919722681e-06,4.838821430777538e-06
69,1.896600850751577e-09,1.4709807931467558e-05,0.00016698797917537452,1.923405042637762e-05,4.471058809637158e-08,3.6428540007193697e-06,1.4526383361719913e-07,1.4354872938743997e-05,4.65098058190909e-05,0.9885934670659485,3.328172071594511e-09,2.071242636362754e-09,3.2896504526489817e-06,0.00024124593941145326,1.2531837595051e-06,0.009636938735270027,1.4784295443088635e-06,5.142973437559253e-05,0.0010065364600662687,0.0001194696725270539,6.527538684878913e-05,2.1899811630196138e-07,3.4982259274874572e-06,5.201334766601965e-06,5.060542256675939e-06
70,1.679812736895791e-09,1.2474452089930509e-05,0.00016015008448103633,1.5890828133982608e-05,3.7399181487248196e-08,3.4409634936306984e-06,1.3113591193706936e-07,1.4115581271993628e-05,4.172423693095887e-05,0.988506138038892,2.9463376056743834e-09,1.8144161320810811e-09,2.7922486891020607e-06,0.000234484844130271,1.0957739227010828e-06,0.009852147133677946,1.4084114376973974e-06,5.264787560472287e-05,0.0009085489257599945,0.00011667645518173519,6.313013185963337e-05,1.9133765372263867e-07,3.4077071923648724e-06,4.573983380579514e-06,4.78601055606287e-06
