,0,1,2,3,4,5,6,7,8,9,10,11,12,13,14,15,16,17,18,19,20,21,22,23,24
0,2.4795032808235783e-09,1.791456185728316e-05,0.00011379118817602378,2.0441674202705962e-05,4.0191553568887054e-08,5.9804677468296225e-06,3.219486643839887e-07,2.3872556446213117e-05,4.607146533662756e-05,0.9856406589812614,5.131119108084487e-09,2.5385027081277132e-09,4.832175174783533e-06,0.0001921543967634243,1.7533085139703822e-06,0.01110321233966861,1.9056292954289179e-06,7.059339786597615e-05,0.0025514962509640697,9.659394504833309e-05,9.661765104361484e-05,4.6530470672829125e-07,3.342565658514203e-06,3.319617992627587e-06,4.610232933566946e-06
1,9.842411574957331e-06,0.014952186170054706,0.0012696559266274178,0.0037973445946795446,3.3206599418929674e-05,0.0002152377160432807,5.134755267954182e-05,0.005143399068174086,0.0008144393991749534,0.8681357486023867,6.102125292363723e-05,9.70399334515412e-06,0.0012212489390372042,0.013299979921698709,0.0004523062077320128,0.013591801593165267,0.0008436873840674612,0.0011883612447851962,0.06683037595276861,0.0003989931199289562,0.005705504614427427,0.001476649071956673,8.433069942712146e-05,7.707218977807198e-05,0.0003365557741440921
2,2.599579060840935e-09,1.964063997549412e-05,0.0001259525315672183,2.233615850104906e-05,4.767768339578862e-08,5.815570698062402e-06,3.514264289219858e-07,2.5764694858251127e-05,4.707927267800725e-05,0.983533294707923,5.580487063297654e-09,3.051690420018959e-09,5.323836926962199e-06,0.00021006989046470583,1.9709183921525615e-06,0.01322425294986897,2.186936745251135e-06,7.189000633339029e-05,0.002473952220014391,0.00011813617909778538,9.878943151607441e-05,4.796784539817975e-07,3.5328792792377084e-06,3.798586550389975e-06,5.322574286864286e-06
3,2.8988098251994032e-09,2.118032328118379e-05,0.0001311343140975492,2.4269519190687493e-05,4.6094636024259566e-08,6.052895645947783e-06,3.686593575710879e-07,2.7045294725635864e-05,4.460808136745607e-05,0.9825402776711609,5.8441958816038776e-09,3.227052094219326e-09,5.746011555869326e-06,0.00019957192619113242,1.9507708988946838e-06,0.013907404496016141,2.439782925920444e-06,7.655212460645999e-05,0.0027803904069691092,0.00010983189400391484,0.00010790647118340388,5.060047287803492e-07,3.6573053223192016e-06,3.868473818937651e-06,5.179508258305918e-06
4,3.226750141506182e-09,2.218287397250814e-05,0.00014075432332841725,2.556563192791298e-05,4.927425574985318e-08,6.016528586635377e-06,3.9471255132035147e-07,2.801333121746681e-05,4.684782327977962e-05,0.9824850162246678,6.3203188389859284e-09,3.442007211580555e-09,6.39035964428323e-06,0.00021546316214796372,1.9589451791523745e-06,0.013828829279987666,2.5650890423868557e-06,8.318472428534964e-05,0.002859937745219505,0.00011579952626075404,0.00011713675997663694,5.356283235036207e-07,3.86505357734719e-06,4.1718239187998695e-06,5.308189572834189e-06
5,2.7671930649006946e-09,2.0168604780068928e-05,0.00012922188448374018,2.5218595784449724e-05,4.657421459422214e-08,5.835799855291247e-06,3.399578294883649e-07,2.491450457576388e-05,4.399274328049168e-05,0.9834324031050803,5.467698966022236e-09,2.9745256287455697e-09,5.659084931966673e-06,0.00019537080741851269,1.7878397140644778e-06,0.013186295308521726,2.2805229401003724e-06,7.980686715485042e-05,0.0026159145808896792,0.00011438581332747902,0.00010326314724665976,4.522766210042433e-07,3.823107870231009e-06,4.050094040217611e-06,4.7575700216232e-06
6,2.8988098251994032e-09,2.118032328118379e-05,0.0001311343140975492,2.4269519190687493e-05,4.6094636024259566e-08,6.052895645947783e-06,3.686593575710879e-07,2.7045294725635864e-05,4.460808136745607e-05,0.9825402776711609,5.8441958816038776e-09,3.227052094219326e-09,5.746011555869326e-06,0.00019957192619113242,1.9507708988946838e-06,0.013907404496016141,2.439782925920444e-06,7.655212460645999e-05,0.0027803904069691092,0.00010983189400391484,0.00010790647118340388,5.060047287803492e-07,3.6573053223192016e-06,3.868473818937651e-06,5.179508258305918e-06
7,9.877884569365783e-10,1.3728042163682464e-05,7.686323553059294e-05,1.645180940327618e-05,4.185856130834399e-08,5.6115447470669226e-06,2.2116435761413465e-07,1.699372822823933e-05,5.138459844577374e-05,0.9863979410363461,2.793504313547202e-09,2.0333429299750195e-09,1.7865226086443107e-06,0.00019425355602310714,1.407602667803526e-06,0.011179139658209984,1.4891911087800274e-06,4.945583870374084e-05,0.0018294773852125974,7.735263698606174e-05,7.303048176337505e-05,2.3784654633923116e-07,4.095146408893467e-06,3.607779981694051e-06,5.423521359455325e-06
8,3.740018614721563e-09,3.1126845689165045e-05,9.079018151605035e-05,3.459007832991016e-05,5.6297201031272264e-08,9.746289805987047e-06,1.1483443073331577e-06,5.031069022121255e-05,5.8162122282658015e-05,0.9696877626804098,1.067512524801978e-08,5.0863319144192056e-09,1.1089365921736385e-05,0.00019142427276859622,3.7527244623597888e-06,0.020700708651916755,3.2930778521385746e-06,0.00012145193390523845,0.008700913679037033,0.0001249792641148202,0.0001655815074074065,1.233226526493741e-06,3.4488560969550666e-06,3.044629518687279e-06,5.365779232475632e-06
9,3.551848221490017e-09,2.491710497210847e-05,0.00013071233746130435,2.7451900636236266e-05,5.199446067938528e-08,7.1921389672113505e-06,5.189819750200339e-07,3.242799200778416e-05,4.86549353390001e-05,0.979805847134032,7.435523661901401e-09,4.0282931477443104e-09,7.399700013988426e-06,0.00020356444237911727,2.390758928035921e-06,0.015600531004664608,2.876554182421876e-06,8.806970595760143e-05,0.0037589273504018542,0.000115484916837138,0.0001289515645132963,6.847311932657793e-07,3.800354298474174e-06,3.929506954630625e-06,5.599874158949675e-06
10,2.8988098251994032e-09,2.118032328118379e-05,0.0001311343140975492,2.4269519190687493e-05,4.6094636024259566e-08,6.052895645947783e-06,3.686593575710879e-07,2.7045294725635864e-05,4.460808136745607e-05,0.9825402776711609,5.8441958816038776e-09,3.227052094219326e-09,5.746011555869326e-06,0.00019957192619113242,1.9507708988946838e-06,0.013907404496016141,2.439782925920444e-06,7.655212460645999e-05,0.0027803904069691092,0.00010983189400391484,0.00010790647118340388,5.060047287803492e-07,3.6573053223192016e-06,3.868473818937651e-06,5.179508258305918e-06
11,3.214028914103851e-09,2.238771036435226e-05,0.000140064576367403,2.5951169410918622e-05,4.996106730176292e-08,6.1897295016929555e-06,3.9983987729440265e-07,2.8218217463488087e-05,4.669404585626906e-05,0.9820155793884511,6.366516194624223e-09,3.5304430868489477e-09,6.420747005583014e-06,0.00021050777959987424,2.0399810414184932e-06,0.014284355033568381,2.598523339289811e-06,8.103993464340037e-05,0.0028813797332396672,0.00011706724111861696,0.00011509615635325754,5.445300242341818e-07,3.821288423087157e-06,4.1824832071454524e-06,5.3988190876175524e-06
12,2.908391004807119e-09,2.131033543674253e-05,0.00013042829861206986,2.4433930970064756e-05,4.538421071813917e-08,6.030771514923195e-06,3.706732632994753e-07,2.7295900341144987e-05,4.435812146859576e-05,0.9825223942704988,5.836671552762474e-09,3.229567021585407e-09,5.768952363665995e-06,0.00019879843455231783,1.9539471220795107e-06,0.013890774126972222,2.4370530297361505e-06,7.663727189198183e-05,0.0028178730567970005,0.0001081021605197241,0.00010788626975931771,5.09125823357253e-07,3.625597400448083e-06,3.816136206628628e-06,5.138206615641276e-06
13,4.450365280671318e-09,2.7148216120670336e-05,0.00016616006076526957,2.592169993817208e-05,6.34381349708365e-08,6.031376116590824e-06,5.043954528813912e-07,3.81785073359314e-05,5.324253101657957e-05,0.9818171511250127,1.0131895806171691e-08,4.869398113972681e-09,8.3787781898537e-06,0.00027968257472900767,2.505412115385075e-06,0.01401368250850649,3.087624730325404e-06,8.748023625983546e-05,0.003184746622064458,0.00012853332501131215,0.0001417777172828416,7.883748293210134e-07,3.5713200080047685e-06,4.411140776256895e-06,6.933563943920939e-06
14,3.568678820462151e-09,1.778586204169748e-05,0.00021385702766485863,1.97895381933954e-05,3.95735328245993e-08,7.567573674143849e-06,4.456012336220575e-07,4.086152610929375e-05,5.054368616201334e-05,0.97304981159399,5.486207973547521e-09,5.191455463354642e-09,5.43076875820366e-06,0.0002458432027569022,2.4572515445166026e-06,0.024389885784396017,2.882234881382825e-06,7.134300716831404e-05,0.0016136875418025771,0.00016259478075309925,8.959998931898453e-05,5.453157574907485e-07,3.533744139213277e-06,3.60273778579886e-06,7.877411993533777e-06
15,2.8988098251994032e-09,2.118032328118379e-05,0.0001311343140975492,2.4269519190687493e-05,4.6094636024259566e-08,6.052895645947783e-06,3.686593575710879e-07,2.7045294725635864e-05,4.460808136745607e-05,0.9825402776711609,5.8441958816038776e-09,3.227052094219326e-09,5.746011555869326e-06,0.00019957192619113242,1.9507708988946838e-06,0.013907404496016141,2.439782925920444e-06,7.655212460645999e-05,0.0027803904069691092,0.00010983189400391484,0.00010790647118340388,5.060047287803492e-07,3.6573053223192016e-06,3.868473818937651e-06,5.179508258305918e-06
16,2.3785850465200018e-09,1.5183185363645008e-05,0.00021649961981066735,2.0890678359006363e-05,4.2530114160101186e-08,5.253001481607697e-06,2.1018187783163164e-07,1.770224880666154e-05,3.889929075739525e-05,0.9830478756047539,3.950953044739117e-09,2.2046664431831948e-09,4.3933692777970635e-06,0.0001949268031890852,1.1821696711866197e-06,0.014671880196494458,2.332261202209078e-06,7.076848708935274e-05,0.0014223992267089311,0.0001451089910466345,0.00010807280570816518,2.3684550949057726e-07,4.974160668654352e-06,6.0589534021201975e-06,5.100854502382989e-06
17,2.4646717615303577e-09,1.9251823860990136e-05,0.00011788845338046623,2.225532651469304e-05,3.864294511675243e-08,5.744652519840414e-06,3.125363874932026e-07,2.4837134765645732e-05,3.977525144280675e-05,0.9831105559098949,4.923200699914883e-09,2.749761819000144e-09,4.906373158010159e-06,0.00017401846063507315,1.904357503428351e-06,0.013640268138159063,2.1666527099616516e-06,6.644172640152182e-05,0.0025680802258367863,0.00010005129970230226,8.978129129456077e-05,4.490352543725042e-07,3.216909769538978e-06,3.3096130569193814e-06,4.73604717245068e-06
18,2.976309435462862e-09,2.1183674552632976e-05,0.00014302614514450856,2.1249772127837053e-05,5.1973779759773676e-08,6.334820881524568e-06,4.3737680340224336e-07,2.7281125779855785e-05,5.138166416960589e-05,0.9816437566949073,6.44906593740187e-09,3.6756296447388086e-09,5.5446740143623704e-06,0.00024478735834542397,2.020356755646293e-06,0.014584435280229228,2.692457908116672e-06,8.402675763499536e-05,0.0028968079094764117,0.00011584055952755384,0.0001335579843959205,5.252273721249409e-07,4.198595985410122e-06,4.3295971341096975e-06,6.516892069300228e-06
19,2.34214349166184e-09,1.991865021264272e-05,0.00011124309232704132,2.5912509417836943e-05,4.412115445037439e-08,5.977531567100598e-06,3.165374874257959e-07,2.3100449956062765e-05,4.506085869896385e-05,0.9835650424746326,4.613910930678432e-09,2.8950361689493347e-09,4.917423865064713e-06,0.00017611201572702393,2.006614927699463e-06,0.013214115379883857,2.055186216470994e-06,6.323247443267149e-05,0.0025442033416433587,0.00010242957954394818,8.207837451218907e-05,4.5075205864454176e-07,3.3688395563148758e-06,3.667258865522047e-06,4.736682222446839e-06
20,2.6255938264055327e-09,2.027845451122745e-05,0.00015316880693029666,2.399502103828396e-05,4.191306406237482e-08,6.094592979891468e-06,3.183673948504788e-07,2.367742110606884e-05,3.688756021544923e-05,0.9784454090308793,4.703149700544414e-09,3.2585781537860205e-09,4.808486085522175e-06,0.00017559929842147866,1.7118012623735144e-06,0.01834485644430654,2.86052162315985e-06,7.677697782810764e-05,0.002447626872544053,0.00011186119715113479,0.00010962846311723778,3.6323879942506676e-07,4.2424512511344605e-06,4.376243196177051e-06,5.406248973038031e-06
21,1.766317059766291e-09,1.90868499816478e-05,6.388838418953393e-05,2.078284325901479e-05,4.704374118682706e-08,8.6435320068403e-06,3.713539695684032e-07,2.2489099456611093e-05,5.845587250349632e-05,0.9865291260301079,5.4706484606450934e-09,2.145074476732509e-09,3.8805061350883865e-06,0.00014645618440171956,2.7466110373932065e-06,0.009097889125666399,1.4730846469777516e-06,4.849703754124797e-05,0.0038115034021039555,7.429364324856627e-05,7.973681092306676e-05,6.242813551180541e-07,2.76335286044024e-06,2.613721429927574e-06,4.621847394126164e-06
22,3.2651184482351315e-09,1.9675673286413344e-05,0.00013954290003431556,2.2652003534359928e-05,3.911170976645629e-08,5.710093301341804e-06,3.046877403516377e-07,2.8530136501218216e-05,3.663327857238835e-05,0.9833548529513765,5.8100973215277774e-09,2.9286321781346265e-09,5.681218472917777e-06,0.00018247323350134022,1.6511507304943021e-06,0.013398855085141059,2.5746584739425797e-06,8.123554093186446e-05,0.0024994758883354097,0.00010466506376376823,0.00010357698386572358,4.907265207178718e-07,3.5305574103831575e-06,3.398302056094787e-06,4.438750891414219e-06
23,2.8988098251994032e-09,2.118032328118379e-05,0.0001311343140975492,2.4269519190687493e-05,4.6094636024259566e-08,6.052895645947783e-06,3.686593575710879e-07,2.7045294725635864e-05,4.460808136745607e-05,0.9825402776711609,5.8441958816038776e-09,3.227052094219326e-09,5.746011555869326e-06,0.00019957192619113242,1.9507708988946838e-06,0.013907404496016141,2.439782925920444e-06,7.655212460645999e-05,0.0027803904069691092,0.00010983189400391484,0.00010790647118340388,5.060047287803492e-07,3.6573053223192016e-06,3.868473818937651e-06,5.179508258305918e-06
24,4.15684295142967e-09,1.8215993169846647e-05,0.00021860951968680903,1.771790972968806e-05,5.5232278567984875e-08,8.777992544402005e-06,4.921953902428279e-07,3.200996986545605e-05,5.1065007074441334e-05,0.9784410986641768,8.735244166766902e-09,4.469007311912514e-09,7.1202312652562896e-06,0.0002428451316877153,2.3167405421757285e-06,0.018247381621306284,3.21645309130498e-06,8.57753070540602e-05,0.002284909640206827,0.00017137917950233011,0.0001496250075222691,6.109891323536552e-07,4.2857368650268794e-06,4.680096251513825e-06,7.794020562351027e-06
25,3.5832404110193443e-09,2.3243440647177188e-05,0.00014898835406790517,2.823443435054903e-05,5.8002103593364495e-08,6.521817015242574e-06,4.889972611321867e-07,4.036512932436431e-05,4.595829150252218e-05,0.9794299875215763,8.262613103653984e-09,4.229978360905042e-09,7.521988675240052e-06,0.00023234487128166053,2.06923007198616e-06,0.016553115266436467,3.0500728625888267e-06,0.0001005782372978603,0.003082332802504138,0.00014715687172485337,0.00013344450404439406,6.30074733620075e-07,4.131098520382317e-06,4.174265578777605e-06,5.588652587170567e-06
26,2.825473211594033e-09,1.8068382626572167e-05,0.00015886418051522846,2.3988465542598234e-05,4.9008284141937684e-08,5.53460944527824e-06,2.7741984766285165e-07,2.11666251210688e-05,4.660818890010463e-05,0.9850723849919437,4.8648009931636834e-09,2.7525759809294833e-09,5.17537373980246e-06,0.00021642618935061955,1.4196898308946772e-06,0.012168940306025543,2.1530000945758436e-06,8.411063396558046e-05,0.0019300971998611246,0.00012507440296857434,0.00010517518101897445,3.532172622505007e-07,4.4667130943441675e-06,4.919379601871903e-06,4.736398109163564e-06
27,2.547158513063173e-09,1.9925586032774106e-05,0.00010637336585255602,2.280533442178633e-05,4.38468504780962e-08,6.01310750473373e-06,3.2775010297346157e-07,2.5647923795866443e-05,4.7613590006357565e-05,0.9846018170569668,5.228963638640055e-09,2.8980610502064748e-09,4.994958867840247e-06,0.00018623488315929498,2.0176809407156336e-06,0.012132157207722233,1.968946305634326e-06,6.523419182384567e-05,0.0025833173767818357,9.870787332427909e-05,8.298417391891115e-05,5.313883086578527e-07,3.0626685911026752e-06,3.33796376053692e-06,4.87245077786604e-06
28,2.8988098251994032e-09,2.118032328118379e-05,0.0001311343140975492,2.4269519190687493e-05,4.6094636024259566e-08,6.052895645947783e-06,3.686593575710879e-07,2.7045294725635864e-05,4.460808136745607e-05,0.9825402776711609,5.8441958816038776e-09,3.227052094219326e-09,5.746011555869326e-06,0.00019957192619113242,1.9507708988946838e-06,0.013907404496016141,2.439782925920444e-06,7.655212460645999e-05,0.0027803904069691092,0.00010983189400391484,0.00010790647118340388,5.060047287803492e-07,3.6573053223192016e-06,3.868473818937651e-06,5.179508258305918e-06
29,2.8988098251994032e-09,2.118032328118379e-05,0.0001311343140975492,2.4269519190687493e-05,4.6094636024259566e-08,6.052895645947783e-06,3.686593575710879e-07,2.7045294725635864e-05,4.460808136745607e-05,0.9825402776711609,5.8441958816038776e-09,3.227052094219326e-09,5.746011555869326e-06,0.00019957192619113242,1.9507708988946838e-06,0.013907404496016141,2.439782925920444e-06,7.655212460645999e-05,0.0027803904069691092,0.00010983189400391484,0.00010790647118340388,5.060047287803492e-07,3.6573053223192016e-06,3.868473818937651e-06,5.179508258305918e-06
30,2.8988098251994032e-09,2.118032328118379e-05,0.0001311343140975492,2.4269519190687493e-05,4.6094636024259566e-08,6.052895645947783e-06,3.686593575710879e-07,2.7045294725635864e-05,4.460808136745607e-05,0.9825402776711609,5.8441958816038776e-09,3.227052094219326e-09,5.746011555869326e-06,0.00019957192619113242,1.9507708988946838e-06,0.013907404496016141,2.439782925920444e-06,7.655212460645999e-05,0.0027803904069691092,0.00010983189400391484,0.00010790647118340388,5.060047287803492e-07,3.6573053223192016e-06,3.868473818937651e-06,5.179508258305918e-06
31,3.6637860826385508e-09,2.1753163088558442e-05,0.0001628747034635078,2.3584962347470094e-05,4.161046167573025e-08,5.731510825734913e-06,3.6950868972269787e-07,3.332958288751655e-05,4.030419653431219e-05,0.9813101762656891,6.360579798599784e-09,3.5461865935956628e-09,6.251093280006755e-06,0.00021625567226332982,1.692344056237635e-06,0.015255700471313461,2.8373378720652458e-06,9.122050381734915e-05,0.0025795672662351863,0.00011228464635014642,0.00012275350639043145,5.215263358792598e-07,3.8075920330723705e-06,3.7592782723727713e-06,5.169687240355025e-06
32,2.9224846341851904e-09,2.1656746369679135e-05,0.00012809867320639107,2.4968798602563767e-05,4.736224035398418e-08,6.2023602455474355e-06,3.842819042320433e-07,2.7324073343710436e-05,4.471676643664227e-05,0.9821889497635932,6.02158088612957e-09,3.300693297949931e-09,5.860808060888968e-06,0.00019740946407981823,2.0154837235728017e-06,0.014073497082624169,2.5100754169752387e-06,7.772612852475676e-05,0.0029654325672333615,0.00010903675197525677,0.00011076416773335592,5.229987615935533e-07,3.720493390202484e-06,3.909549318570725e-06,5.233358456164628e-06
33,5.558194523254247e-09,3.474062454659133e-05,0.00017098647039947375,4.207880838346275e-05,6.397489079688983e-08,6.941943599778942e-06,6.836778901749787e-07,4.8413148524976496e-05,4.465205774108836e-05,0.9719475535645213,1.0542304213305229e-08,6.541397562102086e-09,1.1628806154808366e-05,0.00022872406885199548,2.571142209570918e-06,0.022255768930425194,4.844551962271943e-06,0.00011966154354883672,0.004755765118849702,0.0001377884840090107,0.0001700870660336433,9.175084983936333e-07,4.529492102091232e-06,5.313837459485649e-06,6.262537501193508e-06
34,4.527247495803516e-09,2.4515070175839306e-05,0.0001586834350854477,2.7702361964069476e-05,5.1371373868160464e-08,6.559139047550105e-06,4.2556695169044866e-07,3.172218217339739e-05,4.643690124649436e-05,0.9829035219686728,8.16573567934929e-09,3.724364731852463e-09,8.119131113172797e-06,0.00021232403960068846,2.2279742108443774e-06,0.012991285363197689,2.7429495902074406e-06,9.118563019888533e-05,0.0032360625811991986,0.00011314945090208991,0.00012973340003030149,6.739071603353571e-07,3.6698306836291757e-06,4.004688463694231e-06,5.186639610207513e-06
35,2.6836210215042973e-09,2.289070247043263e-05,0.0001454302469448931,2.68363915151721e-05,5.815026500261057e-08,5.750561056122859e-06,4.0275593282826153e-07,2.3674101087571847e-05,4.88432155446329e-05,0.98176777610322,5.995347485600217e-09,3.322089798335576e-09,6.50180765307501e-06,0.0002207788017014205,2.253007422334959e-06,0.014590611086866725,2.506612751043528e-06,7.028612827682124e-05,0.0027947547074153507,0.00013707642843393462,0.00011830886325768617,4.6808796144176354e-07,4.024648933748153e-06,4.841263575596138e-06,5.9143266557229495e-06
36,2.9277124227705902e-09,2.134002606811867e-05,0.0001366172517617196,2.4434123468647524e-05,5.104586730065026e-08,6.202731883901234e-06,3.7449479923876356e-07,2.575322064755138e-05,4.663253197585373e-05,0.9831293138595383,6.20987569898023e-09,3.2294675280804186e-09,5.809928335978779e-06,0.00020870795489226162,1.9776355434406505e-06,0.013256117579280854,2.4439866461187543e-06,7.74779957292213e-05,0.002812177490645574,0.00011297719376604662,0.00011744367597271264,4.936163528373384e-07,3.929781276669387e-06,4.256277778494709e-06,5.4552307133653836e-06
37,4.0006291439624854e-09,2.3585336450923012e-05,0.00018246452885323946,2.6961329389707067e-05,5.943984713786379e-08,6.109769263104338e-06,4.2851257953223215e-07,2.8124010123676125e-05,5.272901869334073e-05,0.9821667535033456,7.21765777434842e-09,4.104596696857706e-09,7.294145233080413e-06,0.00026300831564350755,1.846808189609566e-06,0.014156799925144934,2.9064922877768653e-06,0.00010010204656042644,0.0026874913126402,0.0001328220274005729,0.00014387594965618836,5.32240157352914e-07,4.684853329015348e-06,5.359062369534251e-06,6.046049957890464e-06
38,3.0221877989671757e-09,2.0878624586605935e-05,0.00013243393972104056,2.4301838809576766e-05,4.210341973010609e-08,6.553530258333653e-06,3.9643612944503864e-07,2.847338982021837e-05,4.090935164290227e-05,0.9802674207288753,5.776503924722143e-09,3.326667933956739e-09,6.063750579853164e-06,0.00018082871008800005,2.0649262302217625e-06,0.01603432128044301,2.642848617304835e-06,7.877073687092385e-05,0.002938979614090514,0.0001140743100968116,0.00010796698006951377,5.263335013821665e-07,3.634335686206553e-06,3.6288910021415132e-06,5.075214101105911e-06
39,3.5800044063732796e-09,2.252306755958137e-05,0.00015344495688752094,2.5386350211297598e-05,4.9704144087010155e-08,7.532356898493306e-06,5.068057400938325e-07,4.0295094211810255e-05,4.3263692205997087e-05,0.9762748562829209,7.487716355613997e-09,4.591927002862525e-09,6.614530327132848e-06,0.0002113914810951078,2.178064208777191e-06,0.01970042014131346,3.440782143408471e-06,9.076290243420973e-05,0.00313836287733084,0.00012724335098896226,0.0001367534445767517,6.453806655355198e-07,4.125395594642445e-06,3.955581316896296e-06,6.2320975766481705e-06
40,4.3054521396239685e-09,2.480952788022361e-05,0.00018895694380963678,2.5257251999085135e-05,5.7157006940561275e-08,6.593080214345913e-06,4.376589394006383e-07,2.907736132862468e-05,5.096819151385994e-05,0.9811490438570979,7.709372891903488e-09,4.439586006347755e-09,7.4428444345175415e-06,0.0002471654531915592,2.383037549975723e-06,0.015209320810113136,3.085577351931042e-06,8.047647238483925e-05,0.0026971332563345447,0.00012844027939596438,0.00013296446983401678,6.223159022706652e-07,4.042958709637568e-06,4.839478832323451e-06,6.865561764570537e-06
41,2.0989989195948325e-09,1.802042346751104e-05,9.631088562781992e-05,2.6008801808982926e-05,4.336127056315022e-08,6.348240135854015e-06,2.3222607607664734e-07,1.9967222672772924e-05,3.948533717904959e-05,0.9849003934269234,4.275495081075633e-09,2.4011464053212775e-09,4.260342955521629e-06,0.0001309639415898368,2.3463489147793534e-06,0.012271779071785555,1.7226141407679282e-06,4.817073239263701e-05,0.002269093520235712,9.697504938556607e-05,5.7395795379040484e-05,4.2610625233031003e-07,2.6924218699988037e-06,3.1405028065183935e-06,4.214851489428209e-06
42,2.860811724466814e-09,2.0700153564772418e-05,0.00013488112193903973,2.4083729113129914e-05,4.702294942626149e-08,5.907822651355679e-06,3.619234003086577e-07,2.5923359230114665e-05,4.5785080808616664e-05,0.9833170936509614,5.7682715522587114e-09,3.139836675722682e-09,5.679860085739792e-06,0.0002088131798586427,1.8621948978146402e-06,0.01322040044661699,2.335604356345186e-06,7.895010489638542e-05,0.002671213217331929,0.00011171790876366491,0.00011080961458951366,4.7329572700130045e-07,3.800748747917257e-06,4.0083262575970634e-06,5.139864332321011e-06
43,7.54201011458478e-07,0.001436013033371853,0.014518497018711128,0.00048085290597603983,6.633682856716856e-06,5.833738950401419e-06,6.890353513915291e-05,0.00029156092599685727,0.0009592817224236931,0.7193747917595936,1.0230070511919949e-06,2.7566082306477477e-06,0.0016653442687449493,0.0173645528782765,1.2683359661805608e-05,0.20042025668783567,0.0001834217100874162,0.003138080727884932,0.023286075208459874,0.0028880255457794687,0.012442517509395032,1.1558124729699026e-05,5.939998294158174e-05,0.0009743328506435426,0.000406849006246705
44,2.8988098251994032e-09,2.118032328118379e-05,0.0001311343140975492,2.4269519190687493e-05,4.6094636024259566e-08,6.052895645947783e-06,3.686593575710879e-07,2.7045294725635864e-05,4.460808136745607e-05,0.9825402776711609,5.8441958816038776e-09,3.227052094219326e-09,5.746011555869326e-06,0.00019957192619113242,1.9507708988946838e-06,0.013907404496016141,2.439782925920444e-06,7.655212460645999e-05,0.0027803904069691092,0.00010983189400391484,0.00010790647118340388,5.060047287803492e-07,3.6573053223192016e-06,3.868473818937651e-06,5.179508258305918e-06
45,2.844498992963757e-09,2.2203191724237483e-05,0.00010668345909606147,3.161497384896387e-05,5.341558124677429e-08,7.956386315267093e-06,4.857722624067677e-07,3.404302171878983e-05,4.958402769335017e-05,0.9791398583473964,6.641897107348989e-09,3.835192317857507e-09,6.545094590588899e-06,0.0001714618252282408,3.0776280282343994e-06,0.016590537148509353,2.3689788235295168e-06,7.116948854255797e-05,0.0035359826509055036,0.00012393758205335366,8.98280754636911e-05,6.791149124514178e-07,3.2354019324504193e-06,3.4021101494434657e-06,5.278983635696859e-06
46,5.148284523487301e-09,3.206024247280052e-05,0.00016392310011871273,3.5853870544396644e-05,5.6832580587812584e-08,7.768284871610099e-06,5.143799008250434e-07,4.116121452300091e-05,3.863202288327103e-05,0.9715510923221854,8.919456907636988e-09,6.024527555123208e-09,8.79320285961235e-06,0.00017927597777804376,2.79494031472193e-06,0.023665050255088062,5.10237794831605e-06,8.979971690275079e-05,0.003907605745408965,0.00012517021577757774,0.00012904832926247957,8.398211638350419e-07,4.27350759846157e-06,4.731883804261381e-06,6.431663743431974e-06
47,4.4175960944989145e-09,3.005843898450519e-05,0.00014323563641310577,2.7993184825153484e-05,5.0383668382201366e-08,7.075771949880126e-06,5.112970973991827e-07,3.52030903696579e-05,4.933179933024549e-05,0.9768866345929277,7.534800823253257e-09,4.9283691486832225e-09,8.222257125325213e-06,0.00020085763603125517,2.513207618001762e-06,0.018876176693707985,3.3949516928110186e-06,8.469543850897421e-05,0.003397181052972891,0.00012080909706198834,0.00011142487632113622,8.26289641328725e-07,3.468288434321424e-06,4.2071923243851804e-06,6.111942227725403e-06
48,2.8557521848317017e-09,2.0118603062657737e-05,0.00013975293089668532,2.341583933719397e-05,4.900317209729125e-08,6.039299406966297e-06,3.62099069637172e-07,2.5786604450225444e-05,4.6760544294792024e-05,0.983047398057938,5.907623844560704e-09,3.203736530192972e-09,5.740890540701136e-06,0.0002106513111031846,1.9408881337550104e-06,0.01359385053749077,2.3315652248401926e-06,7.59558742603954e-05,0.0025583625617993967,0.00011867194130586651,0.00010906625478479578,4.81306713579353e-07,3.7101406979701543e-06,4.120461473449222e-06,5.421317730715548e-06
49,3.2985952137578788e-09,2.0417548390742848e-05,0.0001562587834790333,2.3583212186394964e-05,4.728110256211963e-08,6.395694364117949e-06,3.5562157110166924e-07,2.7910879696234747e-05,4.3973027844108184e-05,0.9819775017486294,6.180963594369538e-09,3.481006155723583e-09,5.99039040424403e-06,0.00020537802990017377,1.8731404441972383e-06,0.014798682736818442,2.6485866161579417e-06,8.056403982977127e-05,0.002400676641290786,0.00012349571935426663,0.00011028378304089669,4.973277108874581e-07,3.884775861154521e-06,4.173850902645756e-06,5.394219997493433e-06
50,3.7201944078815546e-09,2.3816360686784277e-05,0.0001782197147038077,2.7869180616284604e-05,5.672679425108393e-08,5.96863045398834e-06,3.6589699822658727e-07,2.681695862798425e-05,4.4147395708638e-05,0.9801077883573291,6.981422851703526e-09,4.112985754497927e-09,7.0150022847763286e-06,0.0002175934385081831,1.9865586611695227e-06,0.016484213610760624,3.110884584164738e-06,8.742774604519183e-05,0.0025096740713602796,0.00013974525949617025,0.00011806105293361026,4.920932492056027e-07,4.226883050370634e-06,5.431201921823797e-06,5.95816062255089e-06
51,3.222536449269461e-09,1.8955412668589947e-05,0.00017313843484246952,2.167157420962721e-05,5.739400956190964e-08,7.708449393289838e-06,4.850749172117581e-07,2.8389852628677163e-05,5.001851060871085e-05,0.9784322829512406,7.04029840801959e-09,3.997434701501767e-09,6.4529385271050585e-06,0.00023291837435320074,2.0503397289290327e-06,0.017863712658783518,3.1199233368348597e-06,9.054103850116772e-05,0.002746635859076679,0.00015131658518907623,0.00015349811156965254,5.253753303403817e-07,4.744420828354967e-06,5.004604351111862e-06,6.757855635652668e-06
52,1.7132662436632992e-09,1.1979692876373304e-05,7.146123014367926e-05,1.8472709437986735e-05,2.189926346171733e-08,5.0021472370266715e-06,1.7806900635225946e-07,1.962781877671206e-05,2.974743638976866e-05,0.9885020941125835,3.0842952551621405e-09,1.3792347162346103e-09,3.4657282986186856e-06,0.00011281076329588605,1.3129261816007754e-06,0.008980302354155464,1.1982934869532432e-06,6.209833831624354e-05,0.0020486883743536005,7.529035061652109e-05,4.939312635751351e-05,3.3262324504243544e-07,2.273419363058933e-06,1.8766900139858863e-06,2.36571980459448e-06
53,3.213250358734427e-09,2.4671864661159097e-05,0.0001504254335616535,2.5764161116803993e-05,5.8975224728194723e-08,7.457263233201579e-06,6.274957839740402e-07,3.5260743538805264e-05,5.743565464612728e-05,0.9769725961783298,7.2848544440996035e-09,4.833787917093174e-09,6.801156750977157e-06,0.00025903977225920187,2.4408805536927957e-06,0.01873702028328405,3.078019605760605e-06,9.166956936281584e-05,0.003319271803097752,0.00014054168223432106,0.00014879304846507615,6.170193480568568e-07,4.5800953896544995e-06,4.613023462578025e-06,7.220544197162241e-06
54,1.7454274661377414e-08,3.238286875278453e-05,0.0002581670787669648,7.741627767261023e-05,1.1684592491570044e-07,1.3114473343773032e-05,8.582213969987576e-07,7.338892835799486e-05,6.046237846859929e-05,0.9784259035044716,3.156178811865355e-08,5.731954810395903e-09,2.4678733591245198e-05,0.0002560125393006821,2.6454580091047525e-06,0.011891192585352687,5.313593606042277e-06,0.00033783593487085974,0.007947945580744487,0.0001664034444028721,0.00040551843977011676,1.4639401160217407e-06,8.300069020401675e-06,7.087764818844238e-06,3.7365912227593926e-06
55,3.904223451752001e-09,2.8461219194908186e-05,0.00016850964489544825,3.455029371501788e-05,7.642194848064309e-08,7.571679629559766e-06,6.411626501630918e-07,3.0953240494508504e-05,6.667971395229327e-05,0.9760619288996152,8.138657027574909e-09,6.051144312435291e-09,8.724889021374079e-06,0.0002671677577986464,2.4830234544733457e-06,0.019418091024596903,3.267513129233609e-06,0.00010322490864726569,0.0034768236213208285,0.00015569977457482372,0.00014519782793987086,6.562186654514204e-07,4.8981960129005895e-06,6.7963549352415555e-06,7.5785197823833336e-06
56,3.0801852336163223e-09,2.1856911810451882e-05,0.00013514136817747502,2.509482734210537e-05,4.7689323202826656e-08,6.1421407923468005e-06,3.858632915836263e-07,2.7769661747676002e-05,4.5573754267846456e-05,0.9822746521118654,6.12243330895473e-09,3.3840504792021167e-09,6.079301432912172e-06,0.00020478645746009445,1.992706992107701e-06,0.014074631264574011,2.5320711654016446e-06,7.948046690152472e-05,0.0028558577582892186,0.00011245888504585063,0.00011194454794168506,5.283690230236402e-07,3.753474851265926e-06,4.003623452451361e-06,5.274157583633605e-06
57,1.2516885895272458e-09,6.210922254580325e-06,0.00011169809917500011,9.224195352866215e-06,2.6527440299704938e-08,6.084427121933541e-06,7.489872949197749e-08,1.5898723693365545e-05,3.996486896447315e-05,0.9934951387221433,2.3320101516391206e-09,1.0152076460101064e-09,1.1624598804701402e-06,0.00016415069154570718,8.315386932914479e-07,0.005574326958670998,7.497602395158095e-07,4.3270825415099013e-05,0.0003826167619242522,0.0001077758962501865,3.184909502323682e-05,1.318504380109092e-07,3.5861694878537034e-06,2.225706197443461e-06,2.9963024520288826e-06
58,3.04562367955915e-09,2.206970331858025e-05,0.00013962109404407408,2.60154874074878e-05,5.464104335753854e-08,6.316094872987039e-06,3.9981545754170857e-07,2.6157582364397778e-05,4.8842469173303734e-05,0.9821152399777515,6.35836852868123e-09,3.5183091662084256e-09,6.194702684463704e-06,0.0002153555577053576,2.0410143590424136e-06,0.014187710914263548,2.589971137863086e-06,8.144533614988988e-05,0.002864400406754953,0.0001218475746995201,0.00011877732585809209,5.136439464921893e-07,4.112022525738501e-06,4.627596916938999e-06,5.654145263520004e-06
59,2.893366509493723e-09,2.0622352882412697e-05,0.0001407467705213138,2.4092357018566192e-05,4.985594117147477e-08,6.079522969577249e-06,3.6119021161259317e-07,2.5227013706031726e-05,4.6542589838115934e-05,0.9828063599910997,5.8619379637861675e-09,3.2244781125071944e-09,5.698274160662856e-06,0.0002104910331016071,1.8973828438943693e-06,0.013776661998436922,2.453968889425909e-06,7.806045819961475e-05,0.0026094120626392594,0.00011767816362313954,0.00011330490037864688,4.7243724304095936e-07,3.978393692711655e-06,4.363830882764909e-06,5.433471937257487e-06
60,2.8988098251994032e-09,2.118032328118379e-05,0.0001311343140975492,2.4269519190687493e-05,4.6094636024259566e-08,6.052895645947783e-06,3.686593575710879e-07,2.7045294725635864e-05,4.460808136745607e-05,0.9825402776711609,5.8441958816038776e-09,3.227052094219326e-09,5.746011555869326e-06,0.00019957192619113242,1.9507708988946838e-06,0.013907404496016141,2.439782925920444e-06,7.655212460645999e-05,0.0027803904069691092,0.00010983189400391484,0.00010790647118340388,5.060047287803492e-07,3.6573053223192016e-06,3.868473818937651e-06,5.179508258305918e-06
61,2.904290345547374e-09,2.0487164843404337e-05,0.00014263305348503593,2.3705212774249128e-05,4.9958637988888835e-08,6.026196692078611e-06,3.5350809602370726e-07,2.5338144398026095e-05,4.701361996344078e-05,0.9832590058339299,5.884059952617194e-09,3.2192642368861623e-09,5.558010759218003e-06,0.0002153182258172963,1.8594439273704606e-06,0.01338805510485604,2.423022324249899e-06,7.784585864741487e-05,0.0025408647360853796,0.00011552147072579166,0.00011365663827779405,4.6707616813310206e-07,3.985385045051549e-06,4.346986412232156e-06,5.473340519353682e-06
62,2.8988098251994032e-09,2.118032328118379e-05,0.0001311343140975492,2.4269519190687493e-05,4.6094636024259566e-08,6.052895645947783e-06,3.686593575710879e-07,2.7045294725635864e-05,4.460808136745607e-05,0.9825402776711609,5.8441958816038776e-09,3.227052094219326e-09,5.746011555869326e-06,0.00019957192619113242,1.9507708988946838e-06,0.013907404496016141,2.439782925920444e-06,7.655212460645999e-05,0.0027803904069691092,0.00010983189400391484,0.00010790647118340388,5.060047287803492e-07,3.6573053223192016e-06,3.868473818937651e-06,5.179508258305918e-06
63,2.9165692777840697e-09,2.2120218988755886e-05,0.00012766122825907868,2.485801361011151e-05,4.639565763927083e-08,5.980461410833831e-06,3.6895215865044393e-07,2.7059573714480508e-05,4.478878514252484e-05,0.9824958945436475,5.848614247060365e-09,3.271719281837483e-09,5.717622493126378e-06,0.00019878909000994863,1.989086019023439e-06,0.013877319462586,2.4710601834483134e-06,7.575052010397229e-05,0.0028629360373750995,0.00010623007060350327,0.00010674787090743331,5.159824845173545e-07,3.6474782740213334e-06,3.88593334000497e-06,5.209576127629347e-06
64,3.223728115120268e-09,2.2291481063196725e-05,0.00014645877707979314,2.4596257665663508e-05,5.084660454888131e-08,6.124349438914185e-06,4.128136941431599e-07,2.8144516926258343e-05,4.671836268711062e-05,0.9820648064498343,6.597093510515053e-09,3.4901425596098395e-09,6.298757052423091e-06,0.000223695509231762,1.946787023500034e-06,0.014097940362059448,2.71234312334356e-06,8.545209194990114e-05,0.002979930436061375,0.00011547110432145267,0.00013235248081751812,5.25845570434434e-07,4.118978156886247e-06,4.314994688044268e-06,5.62314398572868e-06
65,2.841333749432016e-09,2.0213042859002542e-05,0.00014345436593492288,2.1724183234223073e-05,4.612422679965761e-08,5.188952067701057e-06,3.257246142544117e-07,2.4572292177097415e-05,5.0907983285296236e-05,0.9847484108211542,5.254637705762589e-09,2.986282123376604e-09,5.3896806504618135e-06,0.0002379247166740335,1.6728812415121156e-06,0.012238821073313687,2.1053271337070146e-06,7.580579140589128e-05,0.002193076309402691,0.00011355183293834178,0.00010332929965624543,4.5473945165891654e-07,3.605898334604294e-06,4.124874710821826e-06,5.28300327919112e-06
66,2.3585562451731338e-09,2.154678458157358e-05,9.599781882251119e-05,2.4506209386396455e-05,4.748302387757897e-08,6.466027198428545e-06,3.3239909483671517e-07,2.287655994253126e-05,4.8692231327692076e-05,0.9849205831738705,5.296902026488406e-09,2.868122519496065e-09,4.169618440839644e-06,0.00018564398347593127,2.021418106951863e-06,0.011232320874803315,2.183684432174976e-06,6.79681310709074e-05,0.0031720160877185626,7.966943818276091e-05,9.96803175333759e-05,4.770536614994576e-07,3.916330112644192e-06,3.7981362080462367e-06,5.0757154239621745e-06
67,2.9255123243811974e-09,2.0520939565979943e-05,0.00013962132399278593,2.438635216508822e-05,4.589709515260665e-08,5.904992880957302e-06,3.5801395705547644e-07,2.6393350249477566e-05,4.300995038461586e-05,0.9824023071138581,5.74907412672764e-09,3.1361349355609407e-09,5.898543854178634e-06,0.00020033383125905136,1.862131024558653e-06,0.014158524160098718,2.477253561059148e-06,7.92636041378909e-05,0.0026477750836407486,0.00011738377275320928,0.00011055175420905643,4.7327099809819036e-07,3.815217706911479e-06,4.022712163380198e-06,5.058919722598623e-06
68,2.8410872538698397e-09,2.075467307621384e-05,0.000133337947916184,2.4111937745060904e-05,4.634932956221424e-08,5.986337915981241e-06,3.6190431940360043e-07,2.616703717292806e-05,4.511765179398748e-05,0.9827277046713724,5.693394978294224e-09,3.1822957673426774e-09,5.679812956068138e-06,0.0002021973988264548,1.9219782008045162e-06,0.013816073533315222,2.3891469807058265e-06,7.612683280957945e-05,0.0026795568068223394,0.00011219447407725914,0.0001069341932674199,4.86668597112381e-07,3.6960579918507902e-06,3.952368457836973e-06,5.190500277845115e-06
69,3.0724067271472855e-09,2.3689069408767128e-05,0.00012139667280342564,2.6586740433489203e-05,4.743505135921063e-08,6.419291511435609e-06,3.906594845335716e-07,2.74222693195019e-05,4.541827618443467e-05,0.9820543010104515,6.157906316253361e-09,3.434642732478244e-09,6.1346081275328735e-06,0.0001853292572483229,2.1835963170973387e-06,0.01401149964329425,2.53732326707901e-06,7.339813147004707e-05,0.0031943579889331555,0.00010170142440302258,0.00010408957454499197,5.819651129669129e-07,3.479959822636065e-06,3.83667902659473e-06,5.185758827971478e-06
70,2.77825101711152e-09,2.0416633990270648e-05,0.00011821966047866938,2.2256656470077657e-05,3.981032981618775e-08,6.038080788934047e-06,3.545223465488156e-07,2.711455900284324e-05,4.086236034570773e-05,0.9820676617773111,5.508671099540457e-09,3.0385596581347665e-09,5.262693432933149e-06,0.00018229903444928004,1.8668521670971736e-06,0.014311792689482766,2.457241179113803e-06,7.751685269760883e-05,0.0029013000895396564,9.925171494686692e-05,0.00010295222000274526,5.055326807905342e-07,3.4764351819460417e-06,3.454084927635015e-06,4.889172765783947e-06
