,0,1,2,3,4,5,6,7,8,9,10,11,12,13,14,15,16,17,18,19,20,21,22,23,24
0,1.131937457313121e-08,0.00015287698360469965,1.4112404640086339e-05,2.6108728339731193e-05,6.803632766793066e-09,1.010052032605445e-05,2.3264287133518564e-07,0.00017670581268774537,1.9459160226999354e-05,0.9781528593303704,1.674459219922965e-08,5.568190222155536e-09,3.4404300281300037e-06,4.597088444586378e-05,1.7371900951536378e-05,0.004853526740620303,3.06645771041593e-06,7.68025261840373e-06,0.016473734045593966,1.9000992430941013e-06,1.8594838061577063e-05,1.8424656671216398e-05,1.9393937259419772e-07,1.1691269987356083e-07,3.4828231263085014e-06
1,1.0996044145238816e-06,0.011606954117666421,5.1934113201530995e-05,0.0004156847376319614,2.3903237894623166e-07,7.746001943602327e-05,2.580710734811727e-06,0.004945096539676372,7.043688109837634e-05,0.8956569832143959,4.351241134654168e-06,1.093613781081124e-06,5.004362177842731e-05,0.0008005950546657049,0.0007545716643088272,0.00717330974623878,0.0001828392888127605,1.7855948055118068e-05,0.07482886427766669,3.361709654103987e-06,0.00015343378957890345,0.0031051535650301995,1.0493794279597551e-06,4.5962151365862044e-07,9.454850771798405e-05
2,1.1016402439977897e-08,0.00016654933673567636,1.5006901873881464e-05,2.8439489162767844e-05,7.796097057725456e-09,9.746602473544665e-06,2.5742578149289254e-07,0.00018601321566258814,2.009997689114186e-05,0.9775438879542897,1.7073001742312567e-08,6.7168646552251475e-09,3.4843426569614133e-06,5.1745953777934006e-05,2.0387764068249005e-05,0.005778100842453987,3.5249719902971548e-06,7.435353751041498e-06,0.01612145425025753,2.212466183075157e-06,1.8781694344181274e-05,1.829068380757693e-05,2.1318400889729325e-07,1.3172926143964085e-07,4.1932582020954995e-06
3,1.3193702518879585e-08,0.0001853911959084403,1.637019665295929e-05,3.11690225132426e-05,7.822812674396846e-09,1.0281008374863996e-05,2.8293864616600245e-07,0.0001996121680690168,1.9380047834743193e-05,0.9743247589708787,1.8762098887517014e-08,7.244182615240458e-09,4.028745522534834e-06,4.9245665401768184e-05,1.9985257575678627e-05,0.006155841866895882,4.082352302792608e-06,8.188863721799129e-06,0.018922510854682557,2.074605935869927e-06,2.218600623897447e-05,2.0121091604054053e-05,2.2332472399796024e-07,1.393398046181527e-07,4.079453914750989e-06
4,1.436502207533052e-08,0.00019201287461211304,1.773251814879264e-05,3.2478090397911145e-05,8.457146156003737e-09,9.841115787929725e-06,2.9858071931189344e-07,0.00019779526767010696,2.0721752725521867e-05,0.9747249486124251,1.9742972985155425e-08,7.617608343584944e-09,4.519435270237664e-06,5.437058887629961e-05,1.921397007801362e-05,0.005895189344681525,4.142574975350152e-06,8.800956985510848e-06,0.018766611679617344,2.2138563060025837e-06,2.3884093157443006e-05,2.061637548442906e-05,2.357058055237462e-07,1.5519318937055344e-07,4.167230336403905e-06
5,1.2472629226403706e-08,0.0001708084783784268,1.5949325506029468e-05,3.324149525764965e-05,7.918851388230494e-09,9.989582952995608e-06,2.6029336972814436e-07,0.00017920580709891048,1.941832417407693e-05,0.9758871427880423,1.7039700169931114e-08,6.404918628569602e-09,3.971010706175781e-06,4.7703492976657665e-05,1.773770482123131e-05,0.005688771410403055,3.680724415898047e-06,8.937140122239601e-06,0.017868450326862538,2.190641324013874e-06,2.124584264475113e-05,1.728745694657614e-05,2.4259562254762296e-07,1.4844618363352718e-07,3.573276091150091e-06
6,1.3193702518879585e-08,0.0001853911959084403,1.637019665295929e-05,3.11690225132426e-05,7.822812674396846e-09,1.0281008374863996e-05,2.8293864616600245e-07,0.0001996121680690168,1.9380047834743193e-05,0.9743247589708787,1.8762098887517014e-08,7.244182615240458e-09,4.028745522534834e-06,4.9245665401768184e-05,1.9985257575678627e-05,0.006155841866895882,4.082352302792608e-06,8.188863721799129e-06,0.018922510854682557,2.074605935869927e-06,2.218600623897447e-05,2.0121091604054053e-05,2.2332472399796024e-07,1.393398046181527e-07,4.079453914750989e-06
7,3.6813620744557425e-09,0.00014235962793937568,8.780080185161859e-06,2.452809672467969e-05,7.39648945856693e-09,1.0296163613054575e-05,1.4439182513461417e-07,0.0001357088762762322,1.8300040058629388e-05,0.9826050062907642,9.100075848157007e-09,6.98402388658764e-09,1.0348404763706067e-06,5.1002735858425365e-05,1.5357950718304506e-05,0.0068418003982354,3.660585482286796e-06,4.544087208014406e-06,0.010108170414081963,1.592569989050348e-06,1.1535788155695028e-05,1.0010285160961937e-05,2.7052685387476554e-07,1.3880535653273e-07,5.730283085554062e-06
8,1.7601506905935584e-08,0.00027608013066433016,1.1174491145347821e-05,4.527016854311619e-05,1.2539705658861407e-08,1.8129177789855685e-05,1.0186309879733573e-06,0.000362126224610429,2.8504042378369958e-05,0.917882673634131,3.9838701055063194e-08,1.0451550293274417e-08,8.751201354932312e-06,4.041310135924958e-05,3.863430288659631e-05,0.009292970798466813,5.01683678040186e-06,1.464230072600073e-05,0.07187983224106577,2.6168000168278194e-06,4.025620976527074e-05,4.7618115823638777e-05,2.0987623349163782e-07,1.2743100753313384e-07,3.853852799292473e-06
9,1.9289856239831992e-08,0.0002328531582361996,1.7370937764079895e-05,3.9146107092526634e-05,1.0590030865900946e-08,1.382879374048749e-05,4.79544262900364e-07,0.00027061281380039815,2.336016032325357e-05,0.9611544870495534,2.8909103782224303e-08,9.98213547765114e-09,6.0027608406429266e-06,5.07691253806805e-05,2.766369575909813e-05,0.007470947225363464,5.282926116912512e-06,1.0949228579275135e-05,0.030605895704437176,2.355101139486879e-06,3.1709002630120904e-05,3.12668443013459e-05,2.5076856330277393e-07,1.55307400170423e-07,4.544973588486545e-06
10,1.3193702518879585e-08,0.0001853911959084403,1.637019665295929e-05,3.11690225132426e-05,7.822812674396846e-09,1.0281008374863996e-05,2.8293864616600245e-07,0.0001996121680690168,1.9380047834743193e-05,0.9743247589708787,1.8762098887517014e-08,7.244182615240458e-09,4.028745522534834e-06,4.9245665401768184e-05,1.9985257575678627e-05,0.006155841866895882,4.082352302792608e-06,8.188863721799129e-06,0.018922510854682557,2.074605935869927e-06,2.218600623897447e-05,2.0121091604054053e-05,2.2332472399796024e-07,1.393398046181527e-07,4.079453914750989e-06
11,1.4766367575682223e-08,0.0001948933702395972,1.772514826093038e-05,3.385449654765056e-05,8.6245186182277e-09,1.051733680617419e-05,3.120422011199849e-07,0.00020560040613917425,2.059992293435259e-05,0.9734111585132934,2.0315251046195064e-08,7.917336462354116e-09,4.6361716243008425e-06,5.169979889703526e-05,2.0566976958983055e-05,0.006309948595658114,4.3083037332986196e-06,8.797831994650336e-06,0.01965312990760222,2.2577457159469277e-06,2.3870421347589774e-05,2.1469740899064858e-05,2.3640639900740452e-07,1.561683870284223e-07,4.209070886491044e-06
12,1.2208500999258289e-08,0.00016885883605895197,1.8808446404529146e-05,2.3899239038795278e-05,1.2005324577161654e-08,1.1258101367648988e-05,2.297490804109023e-07,0.00016140258371845915,2.2125223676599184e-05,0.9819003668010916,2.0538180284102553e-08,8.397091701800858e-09,3.381362510898735e-06,6.127135844177254e-05,1.7849111303151782e-05,0.006005158346561494,4.518511995638521e-06,7.334816760645715e-06,0.011544299878070504,2.944437696723653e-06,2.1356723959848074e-05,1.865194170088812e-05,2.750557531398252e-07,1.9579126053090876e-07,5.760534450417106e-06
13,2.690824000982552e-08,0.0002908467105321446,2.3422428022793207e-05,3.895661435124651e-05,1.4228801074081044e-08,1.1274608164479742e-05,4.6598656165758675e-07,0.00040329374427347026,2.6061104250085357e-05,0.9686943093484429,5.07531398420723e-08,1.6708524598123956e-08,6.693181587230526e-06,9.380241676067982e-05,3.4093422705368396e-05,0.006754040090560726,6.635522710619429e-06,1.0814421894496906e-05,0.02351660409731112,2.6583228569294966e-06,3.414318071697328e-05,4.417138776620926e-05,2.3025242102960818e-07,1.6324715366115745e-07,7.211312250523161e-06
14,1.3177822702048247e-08,0.00018982374276983478,1.6004833650366818e-05,3.1785203460958396e-05,8.078659572756414e-09,1.0183714321163462e-05,2.8181189920932446e-07,0.00019530278259080415,1.9426698192508925e-05,0.9737897626533614,1.918558076201438e-08,7.1006832641752016e-09,4.082272841631143e-06,4.912188812249955e-05,1.9826305946565096e-05,0.005943488407781527,4.068886972187028e-06,8.297844302219537e-06,0.01966912100472343,2.0431636261175074e-06,2.279822384881366e-05,2.0163505616999254e-05,2.2569709499587083e-07,1.4160904051577842e-07,4.002207090015566e-06
15,1.3193702518879585e-08,0.0001853911959084403,1.637019665295929e-05,3.11690225132426e-05,7.822812674396846e-09,1.0281008374863996e-05,2.8293864616600245e-07,0.0001996121680690168,1.9380047834743193e-05,0.9743247589708787,1.8762098887517014e-08,7.244182615240458e-09,4.028745522534834e-06,4.9245665401768184e-05,1.9985257575678627e-05,0.006155841866895882,4.082352302792608e-06,8.188863721799129e-06,0.018922510854682557,2.074605935869927e-06,2.218600623897447e-05,2.0121091604054053e-05,2.2332472399796024e-07,1.393398046181527e-07,4.079453914750989e-06
16,9.931944532298112e-09,0.00011084817088230206,3.2639873873330554e-05,2.436186503679556e-05,6.5841899717456855e-09,8.175521976407385e-06,1.4882372837056318e-07,8.895295982575331e-05,1.6853397244876214e-05,0.9852591423891804,8.98091113284436e-09,3.2051911762579123e-09,3.441107786129441e-06,3.737421582697315e-05,6.784338572975106e-06,0.005764951038265067,2.945410898489255e-06,8.753492273919108e-06,0.008597012495228866,3.05254036398778e-06,2.5415241259201175e-05,5.6284931321568015e-06,3.5277042099393243e-07,3.041779997687807e-07,2.8329739865999603e-06
17,1.9771092780902963e-08,0.00023918356699330245,2.1156252610536684e-05,3.864070617914984e-05,1.1956108425161995e-08,1.1626066157457315e-05,4.0438926054188e-07,0.0002412391768976318,2.5403093299467575e-05,0.9704989338167261,2.8260654300054182e-08,1.0820789265062935e-08,5.859361028729009e-06,6.849111292820154e-05,2.0962956460681483e-05,0.006406896784803122,5.536786300022148e-06,1.1152659246568354e-05,0.022334937242015823,2.525398341649932e-06,3.3855428887188066e-05,2.7502791330468284e-05,2.997937124186779e-07,2.0510921307095112e-07,5.116698963107237e-06
18,1.1582237946623086e-08,0.00018868498902705315,1.893851301823849e-05,2.5107159527577382e-05,9.153203781058141e-09,1.0125326598292265e-05,3.1414461392493106e-07,0.00018691710489953452,2.0656962056963452e-05,0.9750904269445712,1.9757385127939456e-08,9.635455820528318e-09,3.4335638245765267e-06,6.379564177500321e-05,2.0268332271443188e-05,0.0074237140881467335,5.122847948290824e-06,7.7686520683993e-06,0.016881094713398454,2.3315766741410277e-06,2.5735607593756934e-05,1.8625535604842743e-05,2.627391927657336e-07,1.7694013552261507e-07,6.4484887705083924e-06
19,9.715272085343832e-09,0.0001800835868348318,1.298939919671204e-05,3.4200769551632485e-05,7.4129728160684925e-09,1.0222512967374762e-05,2.3610321213075172e-07,0.00015783683561757642,2.0082456446202282e-05,0.9777364619776494,1.374156816232074e-08,6.857234660032676e-09,3.3995301570310148e-06,4.458373266068024e-05,2.0036465688439012e-05,0.005638454564432032,3.353680800854003e-06,6.115225964946017e-06,0.016092341574052878,1.9050542847883856e-06,1.5162496266996754e-05,1.8330868385104475e-05,2.0102692756131324e-07,1.3339580646322225e-07,3.831016048759459e-06
20,1.300776887943044e-08,0.00016936965900676628,2.2146839781720838e-05,3.024049598434888e-05,6.664411890277922e-09,1.0877177964420274e-05,2.68223511132249e-07,0.0001699093339566279,1.591686267979533e-05,0.9717688779482746,1.3953929981474727e-08,7.949807655959025e-09,3.4909807225046324e-06,3.693608390604784e-05,1.5557500885526103e-05,0.010096999360660497,5.021057569186705e-06,8.930021590032822e-06,0.01760239996849769,2.1078872419145075e-06,2.3827887665671332e-05,1.2123820198963381e-05,2.9443138463072637e-07,1.9626229444556407e-07,4.466620305194664e-06
21,1.1381494174820873e-08,0.00020173180857471825,7.533284779695093e-06,3.404357425731558e-05,8.63088629900094e-09,2.0240515274362457e-05,3.145304480072878e-07,0.00022994994033281716,2.2238589365341344e-05,0.9597425613842312,2.6771815596564157e-08,6.148351211170891e-09,3.406281389021039e-06,2.9105702127360315e-05,3.964362499311137e-05,0.005208302233454444,3.3526731329864957e-06,5.887320319784377e-06,0.0343922177974932,1.4784887636472686e-06,1.6023748126125027e-05,3.790690952284375e-05,1.6604158935205854e-07,8.660349779956738e-08,3.7560157796099072e-06
22,1.653186544380412e-08,0.00017221192495999105,1.8808514716553508e-05,2.7304986285071976e-05,6.5394345979206485e-09,9.662967256639289e-06,2.2037465542317735e-07,0.000221103349309419,1.5004392135945977e-05,0.977292934580645,1.991399432001884e-08,6.534972964199886e-09,3.98190603484646e-06,4.584119270057426e-05,1.584019113714082e-05,0.005833438034635876,4.694610813571495e-06,9.051106704267938e-06,0.016281165412417167,1.9488959923288296e-06,2.2921989982207525e-05,1.9984158461441895e-05,2.2341481761400682e-07,1.2026238615866827e-07,3.4882136856040276e-06
23,1.3193702518879585e-08,0.0001853911959084403,1.637019665295929e-05,3.11690225132426e-05,7.822812674396846e-09,1.0281008374863996e-05,2.8293864616600245e-07,0.0001996121680690168,1.9380047834743193e-05,0.9743247589708787,1.8762098887517014e-08,7.244182615240458e-09,4.028745522534834e-06,4.9245665401768184e-05,1.9985257575678627e-05,0.006155841866895882,4.082352302792608e-06,8.188863721799129e-06,0.018922510854682557,2.074605935869927e-06,2.218600623897447e-05,2.0121091604054053e-05,2.2332472399796024e-07,1.393398046181527e-07,4.079453914750989e-06
24,2.3961476894976264e-08,0.0001540177321624876,2.946681245242183e-05,2.2729143918514342e-05,9.344112647750803e-09,1.5703662986067435e-05,4.232406499443806e-07,0.0002658672812337858,2.4150099363283264e-05,0.9729007752717767,3.0039553183321054e-08,1.0256223909295468e-08,5.806785870441577e-06,5.1202070025043776e-05,2.3161006343993003e-05,0.008667358642413407,5.032380756143967e-06,1.0044630929423057e-05,0.017757065781745882,3.097658527310365e-06,3.1752995759171235e-05,2.6059658249719874e-05,2.490195426905292e-07,1.8144236823023814e-07,5.781081558633289e-06
25,2.0841953447884064e-08,0.00023111459639210636,2.0876723120226368e-05,4.167851834465788e-05,1.2917037586936498e-08,1.2464590563659552e-05,4.6713486437958155e-07,0.0004210413682209722,2.2926648949697192e-05,0.9677906871338474,3.7475087412593164e-08,1.2891563092379644e-08,5.998586573012083e-06,6.846477106393141e-05,2.330549048764929e-05,0.007932897497403434,5.890073339993648e-06,1.3595043698175237e-05,0.023335703228572063,3.057103796156251e-06,3.346000505546209e-05,3.088597106697254e-05,2.750333186274284e-07,1.6116927927851638e-07,4.9651864002296485e-06
26,1.3411657183843263e-08,0.00014468290035453293,2.2046208337673348e-05,3.0295883834202196e-05,7.797187303266093e-09,8.965031802439074e-06,2.1458852974060509e-07,0.00013913571306913654,2.051043295766421e-05,0.9815527908220744,1.3420586469802985e-08,5.581673200841561e-09,3.971700574723727e-06,4.924002923480681e-05,1.1348765865025651e-05,0.005407745517036088,3.4065352079563953e-06,1.0077348023537008e-05,0.012554560969793677,2.4810484272520165e-06,2.2666108245717853e-05,1.2023803937251375e-05,2.946079080906372e-07,2.1132474158743758e-07,3.2904489402399915e-06
27,1.1952171434977028e-08,0.0001757402610996049,1.2653407861647654e-05,3.211641793299269e-05,7.818958788009794e-09,1.1093074184443538e-05,2.6223919328352764e-07,0.0001959819899691588,2.1944671279748132e-05,0.9752603276877144,1.7300311808578458e-08,6.747625309689067e-09,3.5894190271677303e-06,4.4989601671644174e-05,2.2816059650882266e-05,0.005553475740197039,3.3252161295232164e-06,7.15003560945231e-06,0.018608999043312882,1.910762910648257e-06,1.6332132077724072e-05,2.30821753342339e-05,1.8953171293643123e-07,1.2258957290923065e-07,3.854124490586259e-06
28,1.3193702518879585e-08,0.0001853911959084403,1.637019665295929e-05,3.11690225132426e-05,7.822812674396846e-09,1.0281008374863996e-05,2.8293864616600245e-07,0.0001996121680690168,1.9380047834743193e-05,0.9743247589708787,1.8762098887517014e-08,7.244182615240458e-09,4.028745522534834e-06,4.9245665401768184e-05,1.9985257575678627e-05,0.006155841866895882,4.082352302792608e-06,8.188863721799129e-06,0.018922510854682557,2.074605935869927e-06,2.218600623897447e-05,2.0121091604054053e-05,2.2332472399796024e-07,1.393398046181527e-07,4.079453914750989e-06
29,1.3193702518879585e-08,0.0001853911959084403,1.637019665295929e-05,3.11690225132426e-05,7.822812674396846e-09,1.0281008374863996e-05,2.8293864616600245e-07,0.0001996121680690168,1.9380047834743193e-05,0.9743247589708787,1.8762098887517014e-08,7.244182615240458e-09,4.028745522534834e-06,4.9245665401768184e-05,1.9985257575678627e-05,0.006155841866895882,4.082352302792608e-06,8.188863721799129e-06,0.018922510854682557,2.074605935869927e-06,2.218600623897447e-05,2.0121091604054053e-05,2.2332472399796024e-07,1.393398046181527e-07,4.079453914750989e-06
30,1.3193702518879585e-08,0.0001853911959084403,1.637019665295929e-05,3.11690225132426e-05,7.822812674396846e-09,1.0281008374863996e-05,2.8293864616600245e-07,0.0001996121680690168,1.9380047834743193e-05,0.9743247589708787,1.8762098887517014e-08,7.244182615240458e-09,4.028745522534834e-06,4.9245665401768184e-05,1.9985257575678627e-05,0.006155841866895882,4.082352302792608e-06,8.188863721799129e-06,0.018922510854682557,2.074605935869927e-06,2.218600623897447e-05,2.0121091604054053e-05,2.2332472399796024e-07,1.393398046181527e-07,4.079453914750989e-06
31,1.7227603045304493e-08,0.00018358892582079356,2.2338794261930892e-05,2.8576471589186774e-05,6.594948413759306e-09,9.205253426198005e-06,2.7562727482500967e-07,0.00026040422388705174,1.6279485290891556e-05,0.9758094613275701,1.9920971842616287e-08,7.87013583553473e-09,4.315051766836785e-06,5.1424518318195893e-05,1.5509294096684082e-05,0.007049184298054699,4.7121249712093825e-06,1.0175485311499541e-05,0.01648380775320547,2.125463250085232e-06,2.553357816775205e-05,1.8718116646383913e-05,2.283164458497339e-07,1.3488612540348445e-07,3.949390859855459e-06
32,1.3147443129411714e-08,0.0001861073512669518,1.5833859585245288e-05,3.267915703719864e-05,8.250024446638263e-09,1.0678556812211183e-05,3.0206226676982235e-07,0.00019829245439533007,1.972844109625769e-05,0.9719416093811469,1.9274750853853622e-08,7.219292263807603e-09,4.12095052400705e-06,4.7836441837750754e-05,2.131415409535389e-05,0.006314480052360698,4.1937133386908766e-06,8.451425087630512e-06,0.021143952613909684,2.093137241037584e-06,2.3280985813541165e-05,2.0535067787828806e-05,2.3256076149741535e-07,1.4359870720421325e-07,4.086143417508393e-06
33,3.163876378263491e-08,0.00039090640813883626,2.391759497933932e-05,6.751246907568124e-05,1.6291107074717667e-08,1.314102478363343e-05,6.380128290133411e-07,0.00045286201264395023,2.3790240050575786e-05,0.9529705541288686,4.816412098409339e-08,2.2025741716222077e-08,9.366006856361061e-06,7.270356951261782e-05,3.0214461908308334e-05,0.010353462472971035,1.0051285970816418e-05,1.4457348487699117e-05,0.03546661306119268,2.7907892682965315e-06,4.292630949284272e-05,4.714809828003895e-05,3.1688477605612793e-07,2.370219505372932e-07,6.272678229777183e-06
34,2.909942291852528e-08,0.0002069118691880877,2.3614333327136957e-05,4.11672089613159e-05,1.0394805979901811e-08,1.2336608198704886e-05,4.021254414863284e-07,0.0002734811160271168,2.358498321556156e-05,0.9652956919662953,3.2437974607300965e-08,8.869544660795128e-09,7.221816839444871e-06,4.996487225152464e-05,2.6044680539592585e-05,0.006428568531880371,4.697032681591955e-06,1.2876602645480575e-05,0.027525201234137875,2.394352008999637e-06,3.22256929425449e-05,2.9150673637549602e-05,2.472523444065001e-07,1.7291301365472974e-07,3.96333267420132e-06
35,1.0648307570779138e-08,0.0002097219835616388,1.7289710977322324e-05,3.389876632273951e-05,9.53658627998818e-09,9.412860999697055e-06,3.021422421828174e-07,0.00015866108826156734,1.985293004656411e-05,0.974469838266371,1.8198848842938996e-08,7.354416910442699e-09,4.400888130982813e-06,5.643740980380718e-05,2.3953377845106656e-05,0.006416385353031934,4.382842841680908e-06,6.637312785615085e-06,0.018518852745367385,2.6228064704333354e-06,2.400002229430689e-05,1.7894817112592115e-05,2.5470857905523953e-07,1.7195245821447192e-07,4.982276336781636e-06
36,1.4101711336861931e-08,0.00019049832449596205,1.7849342302760194e-05,3.219321749586775e-05,9.244773297351432e-09,1.0887351675590029e-05,3.1032273885638326e-07,0.00019710760830777836,2.0557767723709952e-05,0.9727965749983148,2.1448328651505228e-08,7.52148595029399e-09,4.324900436745109e-06,5.1630390273542316e-05,2.1161911502357763e-05,0.0061353428732439695,4.295555574834211e-06,8.724410000866506e-06,0.020455021924111912,2.23419562204911e-06,2.6303519822933788e-05,2.0100757692810346e-05,2.498709332089223e-07,1.617936131547596e-07,4.4166478169566975e-06
37,1.9753498725972343e-08,0.00020335464102889413,2.642830732704807e-05,3.371605347801274e-05,1.0476588360261073e-08,9.283177479286141e-06,3.292195865191039e-07,0.00018328790651296606,2.4005063832097524e-05,0.9762399844324566,2.1876089583679716e-08,9.074468090972317e-09,5.864290651322631e-06,6.503841749951221e-05,1.59268503714103e-05,0.0060402318857051785,4.631522006220038e-06,1.1106448525767647e-05,0.017078704647096866,2.653456992036972e-06,3.092433159405652e-05,1.93232128753546e-05,2.856812652848883e-07,2.3603223624087824e-07,4.6232408343225024e-06
38,1.2621655552657178e-08,0.00016035558826045453,1.6071289916372074e-05,3.026358690091112e-05,6.441323847623061e-09,1.1251170111061833e-05,3.033808606920033e-07,0.00019355376444000612,1.6984732845610553e-05,0.9708931328475182,1.586581524503015e-08,6.363785805685546e-09,4.004192091424493e-06,3.775807053434654e-05,2.1331856515917046e-05,0.007547134358106581,4.04186708552204e-06,8.393637580962804e-06,0.021010079172948563,2.144905426982276e-06,2.1146405451072443e-05,1.8015168917938867e-05,2.200451047281489e-07,1.2712631202619353e-07,3.6455404902538983e-06
39,1.8651650265586236e-08,0.00019842291885417685,2.2050168660739936e-05,3.20329407401131e-05,9.283192389742057e-09,1.4221470436679556e-05,4.659931079042923e-07,0.00037704940995719147,1.908003036981372e-05,0.9653830907822537,2.789266558920839e-08,1.2437657350081022e-08,4.893122527090391e-06,5.1460898273038904e-05,2.3278139643512844e-05,0.010834993195189576,6.6987833402411616e-06,1.0612197139532445e-05,0.022952536287216496,2.5796202432729836e-06,3.268020199200522e-05,2.786104231685211e-05,2.5903325969919915e-07,1.528686638982992e-07,5.512630648992357e-06
40,2.470871647600261e-08,0.00023988135961162154,2.589880846328686e-05,3.336925101369271e-05,9.726958150525854e-09,1.1945343717960769e-05,3.537855566322559e-07,0.00024889199943924393,2.1997630674959088e-05,0.9741514044201173,2.8743093097282543e-08,1.1757374054655454e-08,5.987953164835026e-06,6.39662183993104e-05,2.5875051637746422e-05,0.006847913334056589,5.772644840304624e-06,8.742747575896634e-06,0.018240312050251017,2.3850483674604643e-06,2.8108463200621552e-05,3.095444458635015e-05,2.3586421477189303e-07,1.6703979483487902e-07,5.761605173426776e-06
41,1.1720884441200912e-08,0.00015182428317747393,1.2089102518452434e-05,4.258715579723432e-05,8.191123935253138e-09,1.2392846493440648e-05,2.013599680032933e-07,0.00016981317782504475,1.9607600516024616e-05,0.9741389844596764,1.5727013054410025e-08,6.269338094420188e-09,3.2653020838147724e-06,2.9485069273991247e-05,3.183039053511313e-05,0.006396561005560632,2.8147231349736023e-06,6.091381325771893e-06,0.018947739651598076,1.8966041145651447e-06,1.0896740301654883e-05,1.8233706967422703e-05,1.7056699189474898e-07,1.2132337848147627e-07,3.351640401956952e-06
42,1.299041573532949e-08,0.0001801470292181497,1.7169128756500803e-05,3.0700144022085965e-05,7.875350384799018e-09,9.876235801410565e-06,2.759305309192083e-07,0.00019035911767812156,1.964049003051034e-05,0.9755950048718162,1.838854723256414e-08,7.029093637274532e-09,3.927828256113484e-06,5.214343314303157e-05,1.8814386417590732e-05,0.005857066625088908,3.911825901085871e-06,8.561018005891625e-06,0.017964565334096117,2.107149378492392e-06,2.3093941724759955e-05,1.8134720831581517e-05,2.3632689097268313e-07,1.455674105289908e-07,4.072611594171134e-06
43,4.038572385431856e-05,0.06824325770865924,0.007553681665171874,0.0018808943666171706,2.865267626563057e-06,6.732927767970054e-06,0.00012912833858019884,0.007303547828803273,0.000662361522670189,0.49073714165497867,2.3259714931685002e-05,0.0001267938639667197,0.003932643019771769,0.02249007928615397,0.00029008131815097234,0.19762855664802614,0.0016914756469297366,0.0009468048232093908,0.1867801878087346,5.518399199435857e-05,0.005714216831576648,0.001514255052759814,7.747519720264382e-06,0.0001325917114170529,0.0021061257579274343
44,1.3193702518879585e-08,0.0001853911959084403,1.637019665295929e-05,3.11690225132426e-05,7.822812674396846e-09,1.0281008374863996e-05,2.8293864616600245e-07,0.0001996121680690168,1.9380047834743193e-05,0.9743247589708787,1.8762098887517014e-08,7.244182615240458e-09,4.028745522534834e-06,4.9245665401768184e-05,1.9985257575678627e-05,0.006155841866895882,4.082352302792608e-06,8.188863721799129e-06,0.018922510854682557,2.074605935869927e-06,2.218600623897447e-05,2.0121091604054053e-05,2.2332472399796024e-07,1.393398046181527e-07,4.079453914750989e-06
45,1.3981672439214082e-08,0.00018181573093333935,1.2929320692808867e-05,5.1161284684549596e-05,1.0568216919973459e-08,1.729217619402286e-05,4.993637066110559e-07,0.0002721462723375846,2.582936049268757e-05,0.9572721380004259,2.321066603494909e-08,9.440080758069301e-09,5.23464355918881e-06,3.577441274674688e-05,4.369969125085027e-05,0.009288067702057593,3.91456305800477e-06,8.46369402712198e-06,0.03272624918309831,2.6712811465217034e-06,1.868227029873905e-05,2.8728495695540302e-05,2.2043184370776944e-07,1.4292738500224333e-07,4.281993729091619e-06
46,2.9640165404955407e-08,0.00036078764385358075,2.1367868094261335e-05,5.5930036103304565e-05,1.1185935391654667e-08,1.6520029328273104e-05,4.3153831098440684e-07,0.0003750288131710125,1.6397745789228143e-05,0.9581149412689356,3.727515653040555e-08,1.943417186220557e-08,6.804290810215019e-06,4.70861659921342e-05,3.536038440153934e-05,0.012144296374605882,1.2376540221715687e-05,9.481127696206893e-06,0.0286984627912143,2.3604566409632378e-06,2.8145396760261045e-05,4.734920668343582e-05,2.948683429181087e-07,1.795189304428406e-07,6.30039868477942e-06
47,2.171468267663252e-08,0.0003024780060512383,1.856044520673207e-05,3.378022906371814e-05,8.778606664637224e-09,1.1979582313501526e-05,4.042059567681457e-07,0.00027236716415278807,2.2277193538460672e-05,0.969293939307339,2.5656055196240156e-08,1.3417116856110218e-08,6.013926500855196e-06,5.1718261628745404e-05,2.462030411481255e-05,0.008547564403931635,5.98409294138531e-06,8.347878449255984e-06,0.02133286328492074,2.192043193616517e-06,2.179941431338006e-05,3.72077686974077e-05,1.9368480238235806e-07,1.6043337309807167e-07,5.478803049315577e-06
48,1.3632872931525411e-08,0.0001743903097553426,1.8100442180418345e-05,3.0016219945152754e-05,8.594083378038897e-09,1.0405422545313542e-05,2.979298632768247e-07,0.0001966945230280284,2.1161191777184285e-05,0.975264555642789,1.9681961452594368e-08,7.319811770008909e-09,4.295530450115232e-06,5.201639226891444e-05,2.009901736013118e-05,0.006146677754738342,3.841605170576778e-06,8.461742450740982e-06,0.01799891627980395,2.3301204993801076e-06,2.33545863931503e-05,1.9683026956027838e-05,2.2309131627485102e-07,1.529229250492845e-07,4.277019054074678e-06
49,1.5848638882207088e-08,0.00018478222636630548,2.0264418758569132e-05,3.049822572029383e-05,8.231141510181162e-09,1.1577583646449875e-05,2.883330474378549e-07,0.00022122275878902028,1.9554651885509524e-05,0.9768391955674508,2.0878317178892758e-08,8.707725383255247e-09,4.405036258927047e-06,5.199746171645336e-05,1.869524790099675e-05,0.006747503049152682,4.612280615502792e-06,8.775762068122136e-06,0.01578528807606559,2.4078115924996484e-06,2.2882405029341455e-05,2.1176461637699894e-05,2.395643279473848e-07,1.5366831891590492e-07,4.425743827764546e-06
50,2.1429542724491093e-08,0.00023943858336644702,2.455447415748108e-05,4.4823265240710385e-05,1.072144430682782e-08,1.2446350904048046e-05,3.40487619251526e-07,0.00022914405213925908,1.985438679375712e-05,0.9698340527550352,2.7413524157465625e-08,1.1209136664155679e-08,5.801044923478123e-06,5.448886235282742e-05,2.4762792453604247e-05,0.00876152753236044,6.614578653925871e-06,1.1352078438501167e-05,0.020670826750568305,2.9287860720264843e-06,2.8292809632149788e-05,2.2973696777192244e-05,3.1762980054719735e-07,2.2368061314072074e-07,5.164628449713432e-06
51,1.5738108612294984e-08,0.00013715680573403254,2.434296484311353e-05,2.568052087275666e-05,9.3340902696269e-09,1.3978332702873646e-05,4.1946718191942475e-07,0.00019739483026601432,2.277757298414266e-05,0.9688219915770703,2.0999336726187507e-08,8.426151267493636e-09,4.770102792507401e-06,4.6590874329468864e-05,2.075612581183741e-05,0.009494118481019137,5.003505296310294e-06,1.0141594968673052e-05,0.021113958820442116,2.9602949633316743e-06,3.387068624270787e-05,1.8127684579731716e-05,3.107019910836861e-07,2.1711698579318256e-07,5.377441235445475e-06
52,6.8834183013403036e-09,8.320453080897712e-05,8.225663770638617e-06,2.0862438747263606e-05,3.159926579890277e-09,7.4962992102344215e-06,1.0346757049685008e-07,0.00012748093417550607,1.151809711333464e-05,0.9837143024657193,8.30514870363889e-09,2.313698942784576e-09,2.0270716563261447e-06,2.3173431994619252e-05,1.2423744375735133e-05,0.0036279956712177617,1.61135603674874e-06,6.236178751307184e-06,0.01233158211407587,1.3284926131387017e-06,8.11387766825808e-06,1.0602925771976053e-05,1.1761015615928828e-07,5.820074347783723e-08,1.5147656302523575e-06
53,1.579848578919417e-08,0.00022423485790069338,2.0173566482270314e-05,3.649414667370337e-05,1.1053531406437543e-08,1.4451094480454074e-05,6.003066432927136e-07,0.000290906705887286,2.777124095991716e-05,0.9641241966364342,2.561150358852345e-08,1.3340982640555107e-08,5.237541822318611e-06,6.468023063593888e-05,2.7876355720359593e-05,0.010138902907188767,5.546879040458025e-06,1.0855962524776466e-05,0.02493991082437156,2.9864572870452094e-06,3.249173919410517e-05,2.5547603871582697e-05,3.136935062447803e-07,1.9407559396680052e-07,6.5613692778183505e-06
54,1.909475159245454e-07,0.00030453571031492004,4.490912734039278e-05,0.00015571148974515792,3.785764460122435e-08,3.786079770902781e-05,1.0466861080841373e-06,0.0006848899583996157,3.817247277470261e-05,0.9049627642295242,1.9575176002517831e-07,1.1876063889714529e-08,3.723016615951795e-05,5.197676828510934e-05,2.5195637176572154e-05,0.004240512362412041,9.06047672243139e-06,7.422290844429701e-05,0.08906823370847632,4.059530442520525e-06,0.0001730236843392727,8.297936857259419e-05,7.615498600964242e-07,4.2174992041169285e-07,1.9951842881370382e-06
55,2.6474898588254513e-08,0.00028274399169815156,2.6400002776030953e-05,5.7031085985107445e-05,1.797974401889424e-08,1.6735192605341173e-05,7.931471699111527e-07,0.0002835966096466415,4.321025007642931e-05,0.9568632866861626,3.684516668244091e-08,2.4669072659800755e-08,8.188052824725893e-06,7.441044427193704e-05,3.159148341830481e-05,0.011664934370344783,6.2052342677409076e-06,1.4580014643218507e-05,0.03054698634926572,3.356258353200589e-06,3.522547819415831e-05,3.1057677424040885e-05,3.96244691701124e-07,4.011421797461996e-07,8.764315118508428e-06
56,1.4085925532021704e-08,0.000191260066399622,1.7007502143817587e-05,3.240873124886387e-05,8.19134828859187e-09,1.0398986456800023e-05,2.9777618951913665e-07,0.00020326845980666555,2.0001886838645956e-05,0.9737890958513012,1.9622900478758322e-08,7.61348936526452e-09,4.312087676621699e-06,5.064463448654371e-05,2.0281566975758787e-05,0.006206459755384908,4.21592179758215e-06,8.533121593799172e-06,0.019391081936992557,2.1420984404926852e-06,2.3090417419476785e-05,2.091772695373775e-05,2.303677347783827e-07,1.4708197981597796e-07,4.154508515173922e-06
57,6.449249061554893e-09,3.8990852389967594e-05,1.0600422748418013e-05,1.2555112480861987e-05,2.882987657527766e-09,1.0619715098863423e-05,2.2067937369446158e-08,0.00013147085785598613,1.4417787274981798e-05,0.9976620888247456,6.318664625832603e-09,1.4014487005209244e-09,3.7409460187003937e-07,4.84340095813477e-05,8.321951456069404e-06,0.0010703463172872588,7.677320496754455e-07,4.694545419650627e-06,0.000976367285099731,1.358327269159126e-06,2.4833587316988036e-06,4.327747298491779e-06,2.0292989206285666e-07,2.8396855917818858e-08,1.5106115747424325e-06
58,1.3931585323685414e-08,0.00019300156957886583,1.7754967214548802e-05,3.4072890955416806e-05,9.654153050723204e-09,1.0779472607530992e-05,3.202949848964345e-07,0.0001849845313698025,2.1914604203760694e-05,0.9729190352465639,2.015118916781214e-08,7.868392074776928e-09,4.5325807908298174e-06,5.227344931828494e-05,2.0681555803898085e-05,0.0063754855434726585,4.339448631762903e-06,8.86563494613782e-06,0.020099335195301146,2.3767236180932494e-06,2.5258898017250237e-05,2.0028503954840998e-05,2.602568040471509e-07,1.8209520745448434e-07,4.464931335302656e-06
59,1.3016489277699521e-08,0.00017778261835731126,1.8100841309065826e-05,3.0103757884915686e-05,8.458969578163509e-09,1.0079085444494651e-05,2.814119446861058e-07,0.00017701258729961467,2.045136730461868e-05,0.9758900754212604,1.8060634656454542e-08,7.1459017525090035e-09,4.119006383067822e-06,5.111194866925147e-05,1.8113745880751434e-05,0.006123838687128292,4.034562865839698e-06,8.351523494392786e-06,0.017417957834859787,2.274686903101647e-06,2.3632826140462735e-05,1.7974198719992848e-05,2.4427951836953105e-07,1.6846188728453708e-07,4.244464749028269e-06
60,1.3193702518879585e-08,0.0001853911959084403,1.637019665295929e-05,3.11690225132426e-05,7.822812674396846e-09,1.0281008374863996e-05,2.8293864616600245e-07,0.0001996121680690168,1.9380047834743193e-05,0.9743247589708787,1.8762098887517014e-08,7.244182615240458e-09,4.028745522534834e-06,4.9245665401768184e-05,1.9985257575678627e-05,0.006155841866895882,4.082352302792608e-06,8.188863721799129e-06,0.018922510854682557,2.074605935869927e-06,2.218600623897447e-05,2.0121091604054053e-05,2.2332472399796024e-07,1.393398046181527e-07,4.079453914750989e-06
61,1.3419902994502196e-08,0.0001751429851966717,1.873752998859896e-05,2.965709397778103e-05,8.479963972235113e-09,9.867049599649634e-06,2.7399686692658025e-07,0.00017670180278658154,2.073616809764011e-05,0.9766083813154139,1.8154703760740795e-08,7.022191484426985e-09,4.11641943031783e-06,5.200393376866054e-05,1.7377404648161102e-05,0.005906709221192102,3.944377834502271e-06,8.515978857833706e-06,0.01691935020397974,2.2518271587543305e-06,2.393663839940625e-05,1.7645519250266148e-05,2.441568433482344e-07,1.7088229502003457e-07,4.188417651981595e-06
62,1.3193702518879585e-08,0.0001853911959084403,1.637019665295929e-05,3.11690225132426e-05,7.822812674396846e-09,1.0281008374863996e-05,2.8293864616600245e-07,0.0001996121680690168,1.9380047834743193e-05,0.9743247589708787,1.8762098887517014e-08,7.244182615240458e-09,4.028745522534834e-06,4.9245665401768184e-05,1.9985257575678627e-05,0.006155841866895882,4.082352302792608e-06,8.188863721799129e-06,0.018922510854682557,2.074605935869927e-06,2.218600623897447e-05,2.0121091604054053e-05,2.2332472399796024e-07,1.393398046181527e-07,4.079453914750989e-06
63,1.305358245152694e-08,0.00019662238516450703,1.565563542909829e-05,3.178289351994661e-05,7.793976266524968e-09,1.0046733515445068e-05,2.7823183902388175e-07,0.00019526761855830373,1.9296589453880857e-05,0.9741844794345464,1.85013749695306e-08,7.2792462890626136e-09,4.00101106214846e-06,4.899870250351889e-05,2.0026176205600652e-05,0.0060384296028318735,4.111204585681457e-06,7.961566491489145e-06,0.0191745461789665,1.997149143633968e-06,2.155509073584116e-05,2.0459461281933015e-05,2.2193579898786098e-07,1.3964014838270355e-07,4.076130037575679e-06
64,1.475806133857627e-08,0.0001941284543690928,1.8875055460454122e-05,3.168006476233103e-05,8.96601736083614e-09,1.0415279199687181e-05,3.2588698010699066e-07,0.00020194631413975853,2.043442477460534e-05,0.9722958595573881,2.1311536043022594e-08,7.664379802175318e-09,4.581053028856897e-06,5.472636342906988e-05,1.952111491048729e-05,0.006285345930467748,4.585899571638574e-06,9.367001645873262e-06,0.020791778384645323,2.2623726755153783e-06,2.8937681093830018e-05,2.0338672880885367e-05,2.6176917479604317e-07,1.6491919057834128e-07,4.411100216720922e-06
65,1.2090769088660915e-08,0.00017194763131050627,1.8084047329578524e-05,2.4142803135502805e-05,6.869501615059023e-09,7.559568771943535e-06,2.151124843848194e-07,0.00015464148297656368,2.1431490730987884e-05,0.9824170929287181,1.4429637365034663e-08,5.987101876894701e-09,3.7375297922313678e-06,5.9214564321466875e-05,1.3781583270766286e-05,0.004750267928754349,3.1437778547000734e-06,7.23920037938315e-06,0.012305400727985643,2.0603640299101577e-06,1.917991419409397e-05,1.6576149255554732e-05,1.9965158958435399e-07,1.4827921719373578e-07,3.8958868875628405e-06
66,1.1408348658459483e-08,0.00023550626217472498,1.170963607435886e-05,4.1335908442484374e-05,1.0132688792880876e-08,1.317080894446346e-05,2.6383565635016964e-07,0.00019091141353411072,2.0841500658766204e-05,0.9704512041511675,2.1444033567547396e-08,8.984596871584003e-09,2.9669769098009774e-06,4.9782094428561784e-05,2.7000753306542808e-05,0.006050230155583385,4.988821097916585e-06,7.539515735841938e-06,0.022842740878357935,1.7042848704827322e-06,1.9815586673496376e-05,2.272796180736956e-05,2.844685966267022e-07,1.5394089663093243e-07,5.069075414973402e-06
67,1.2905977348419428e-08,0.00017340350966216616,1.7474325878421313e-05,3.0356500613641184e-05,7.427699781206577e-09,9.880881599781894e-06,2.6659811396617083e-07,0.00018977001902306895,1.8055469211661992e-05,0.975666768237731,1.7584650598287593e-08,6.709479313944009e-09,3.997973236821732e-06,4.8354844927700984e-05,1.8358421165649562e-05,0.006197452454228149,4.0772487630645664e-06,8.363503402905343e-06,0.01756650998165266,2.1864827805647155e-06,2.2584221496976372e-05,1.780797150915908e-05,2.3554730960633995e-07,1.4259790678726132e-07,3.908581978930206e-06
68,1.266526617547381e-08,0.00018056966048401042,1.6668116839993403e-05,3.053001820833724e-05,7.754301054398317e-09,9.990347165523298e-06,2.745491889898558e-07,0.00018922945844163756,1.9598266642287376e-05,0.9756142318840113,1.7796486689482737e-08,7.136071005448184e-09,3.948945000058223e-06,5.014732051311825e-05,1.917805720933827e-05,0.006065573515720447,3.933358205923736e-06,8.012094248757045e-06,0.01774093054225841,2.1127358079605473e-06,2.1604007139452097e-05,1.8955482257021972e-05,2.2378197919326175e-07,1.4339668401188158e-07,4.099109869523309e-06
69,9.59755160199073e-09,0.00011576772957584023,1.9940185818877587e-05,2.0493129264132118e-05,5.731681565196923e-09,7.611975060696842e-06,1.975155738684002e-07,0.00016096778694477018,1.625632269860784e-05,0.9833000809023325,1.25795714703362e-08,4.944537622211472e-09,2.899868954060577e-06,5.404613515034808e-05,1.1363169955406105e-05,0.005438797662742694,3.0812117215464615e-06,8.442660815329648e-06,0.010801849217313647,2.319126664997174e-06,2.1340993164463277e-05,1.0525418156596582e-05,2.392108027033756e-07,1.3579330348162568e-07,3.6111306432813576e-06
70,1.1637473173563955e-08,0.00017033951429340648,1.4223165590881956e-05,2.5698819868700115e-05,6.317392528514939e-09,9.72694217348576e-06,2.491092708090445e-07,0.0001868954894384878,1.690491872759778e-05,0.9748218613910257,1.624781060472148e-08,6.22440263976697e-09,3.4238225927503453e-06,4.2428218046671547e-05,1.7806647336246366e-05,0.006180713821712864,3.8828324521675625e-06,7.673028546867518e-06,0.018453708860334775,1.815312928703567e-06,1.980407992048905e-05,1.874767940868895e-05,1.9921062237423957e-07,1.19535679127013e-07,3.737172950122725e-06
