,0,1,2,3,4,5,6,7,8,9,10,11,12,13,14,15,16,17,18,19,20,21,22,23,24
0,1.2196605950875708e-07,0.004605328554853468,4.7777078645721874e-06,0.00013459522108889992,5.9131449935729754e-08,6.381642322337104e-05,1.2113452425692849e-06,0.0015153303273683562,6.258504384270896e-05,0.8250262015795814,9.092237334173772e-07,1.4418562800263863e-07,1.0798167401003508e-05,0.0001568918193779256,0.0007470832163031565,0.003021413298050112,2.6304887498410646e-05,3.7458809053877163e-06,0.16216778201119472,5.443702867168174e-07,3.340399517355815e-05,0.0023865562088024915,1.5060008196930587e-07,7.149881741811988e-08,3.0173336171217153e-05
1,4.458747660177394e-07,0.019813075166991052,6.072167949793814e-06,0.0002514720942959098,1.4734712411349368e-07,0.00010192755171319271,1.985834066439891e-06,0.003682162578944569,8.881734013137356e-05,0.7548223051321523,4.831217608244009e-06,6.688691401411572e-07,2.0376028964243665e-05,0.00043668212420268745,0.0022698300117850283,0.002428214052099889,8.800252100426869e-05,3.569826557528661e-06,0.20303717250553963,5.104056827193036e-07,5.4075312879290395e-05,0.012802291006566772,2.1098703300801208e-07,8.368485685668456e-08,8.507035794491969e-05
2,9.695362612824693e-08,0.003923428332585666,4.31980528057421e-06,0.0001167183879238438,5.641474842158948e-08,5.924277979735688e-05,9.867726093591008e-07,0.0013842466864752506,6.557685454383199e-05,0.8635736592238666,7.968219264997562e-07,1.2050009242895442e-07,8.999308568973661e-06,0.00016788864835548008,0.0007130301866184777,0.0025597330155002155,2.009535114059856e-05,3.3683385806290933e-06,0.12521632931549445,5.861575517109421e-07,2.5826365233381065e-05,0.0021257059522517587,1.3147978081838905e-07,6.263023276934583e-08,2.8993717214793772e-05
3,1.1609142413252493e-07,0.0042464228760136806,4.553314253177075e-06,0.00012495929980983221,5.579853620606255e-08,6.402826219047473e-05,1.1048876681968637e-06,0.0014472030165625061,6.401154181123561e-05,0.8373574197922439,8.784125498115516e-07,1.3003979576340913e-07,1.0205277703043666e-05,0.00015494029316160106,0.0007071220738893686,0.002713287256163498,2.3009473121201673e-05,3.661797978190797e-06,0.15069136285935456,5.308568669851749e-07,3.054314036612012e-05,0.002325744738420845,1.4131383871957258e-07,6.661714995528898e-08,2.850096912712277e-05
4,1.2276959697021814e-07,0.004389904649933761,4.916546737025941e-06,0.00013015800415078254,6.139729028483772e-08,5.9798886177225946e-05,1.1666324747157647e-06,0.0014453546783612598,6.700007446147887e-05,0.839535154785174,9.142088562587259e-07,1.3324195828867563e-07,1.1451349770249349e-05,0.00017267590916826886,0.0006502367471329454,0.0025576127963274813,2.320091131897958e-05,4.063278981090604e-06,0.14854223907667857,5.764849518762427e-07,3.377505298755089e-05,0.002341370552997818,1.4624950984274047e-07,7.292116883219262e-08,2.7892793834350414e-05
5,1.0646602239623331e-07,0.0038564421560494137,4.401281149255151e-06,0.0001350653192283682,5.553558516360646e-08,6.047336651089394e-05,9.898041424988006e-07,0.0012908567262027292,6.139506535364827e-05,0.8481312124617082,7.669208653242901e-07,1.082315138277649e-07,1.0104876278614664e-05,0.0001467123908237002,0.0005945696473004853,0.0024410800361099622,2.0238872421199697e-05,4.091444900446009e-06,0.14125314456173077,5.637838066017873e-07,2.9237109044935094e-05,0.0019350819519505134,1.4913355146136077e-07,6.887956189677682e-08,2.3083978187814754e-05
6,1.1609142413252493e-07,0.0042464228760136806,4.553314253177075e-06,0.00012495929980983221,5.579853620606255e-08,6.402826219047473e-05,1.1048876681968637e-06,0.0014472030165625061,6.401154181123561e-05,0.8373574197922439,8.784125498115516e-07,1.3003979576340913e-07,1.0205277703043666e-05,0.00015494029316160106,0.0007071220738893686,0.002713287256163498,2.3009473121201673e-05,3.661797978190797e-06,0.15069136285935456,5.308568669851749e-07,3.054314036612012e-05,0.002325744738420845,1.4131383871957258e-07,6.661714995528898e-08,2.850096912712277e-05
7,3.380434928213117e-08,0.0039006129015435923,2.5951842715710243e-06,0.00010219505961397168,5.4135388076841975e-08,6.546964422976248e-05,5.250219428496903e-07,0.0010218826840618109,6.767866005104087e-05,0.9161125234439724,4.3832206874346475e-07,1.5203474062186494e-07,2.4941718796770812e-06,0.00018705847281272545,0.000654554800135564,0.0032621953409445945,2.3147612931064665e-05,1.6944358661120785e-06,0.07321049030311866,4.0322015335128675e-07,1.382849015842127e-05,0.0013178701839854853,1.7250563027468779e-07,7.063802549749633e-08,5.185892812475615e-05
8,1.2039318858411824e-07,0.00479358478985203,2.2829843049125897e-06,0.0001409752969398858,6.43200321512472e-08,8.247582230401394e-05,3.3624171412912646e-06,0.002125637686947577,7.446148916794033e-05,0.548961246555808,1.4373403898903058e-06,1.5312381350590567e-07,1.8140511832907897e-05,9.553895181815438e-05,0.0010186849925106019,0.002986023064705515,1.9262841263437113e-05,4.96310007223373e-06,0.4353348240726891,4.880465356993474e-07,3.9869919113298e-05,0.004276930794766848,9.166962815337981e-08,4.2329350830511113e-08,1.933748582339064e-05
9,1.7565779163174315e-07,0.00506816189350095,4.6138524329635485e-06,0.00015059563509601994,7.154543620565452e-08,8.433460092124996e-05,1.8774980477808676e-06,0.0019049344764406142,7.65238745019893e-05,0.7486132957429886,1.3691838579407408e-06,1.8677906257685394e-07,1.4987033998903555e-05,0.00015130273737760583,0.0009919610178078977,0.003178640498179584,2.8414541886370495e-05,4.598220471998234e-06,0.2360466624166549,5.573622995283568e-07,4.0725959201064883e-05,0.003603735669389954,1.5409020493967463e-07,7.173277349304169e-08,3.204797967540735e-05
10,1.1609142413252493e-07,0.0042464228760136806,4.553314253177075e-06,0.00012495929980983221,5.579853620606255e-08,6.402826219047473e-05,1.1048876681968637e-06,0.0014472030165625061,6.401154181123561e-05,0.8373574197922439,8.784125498115516e-07,1.3003979576340913e-07,1.0205277703043666e-05,0.00015494029316160106,0.0007071220738893686,0.002713287256163498,2.3009473121201673e-05,3.661797978190797e-06,0.15069136285935456,5.308568669851749e-07,3.054314036612012e-05,0.002325744738420845,1.4131383871957258e-07,6.661714995528898e-08,2.850096912712277e-05
11,1.2780075010297654e-07,0.004379290755471439,4.886030750659915e-06,0.00013475762595092,6.150991681712416e-08,6.524872060007173e-05,1.2285383434320565e-06,0.0014797414231826308,6.798727932744254e-05,0.8308102918501815,9.376988845073546e-07,1.3923064200145593e-07,1.1646834621484085e-05,0.00016232311743395316,0.0007109385346222384,0.002746793989405927,2.3918765890774494e-05,3.9953502082960775e-06,0.15689798535724905,5.769538002759175e-07,3.3424216515571026e-05,0.0024346524148509017,1.5075821763544586e-07,7.43921853442907e-08,2.8820850996922533e-05
12,1.0456422845387467e-07,0.004139405538280959,5.414485673445898e-06,9.12819044295648e-05,8.187633366166727e-08,6.704013070026812e-05,8.316558066196151e-07,0.0011148477463506874,7.554732865136967e-05,0.9025284704449731,8.902926743107566e-07,1.4102716945470871e-07,8.205873169186264e-06,0.0002143614050353599,0.0006597640653721565,0.0024524008353478117,2.604736649133544e-05,2.8403379338063576e-06,0.086246795332415,7.200170325844911e-07,2.9085212541151667e-05,0.00229242076510315,1.6962379932113795e-07,9.055985964282817e-08,4.304161062746669e-05
13,2.1612768151228145e-07,0.006490445077179586,5.913623654009827e-06,0.00013817381203314874,9.582854100317465e-08,6.786422909457754e-05,1.9199786670406254e-06,0.002853894654767533,9.269716720743152e-05,0.7940633971583021,2.3135624971583947e-06,2.878642331156572e-07,1.5067955455277311e-05,0.00032968176525478317,0.0012691757940956117,0.0025827002126517706,3.480626192744947e-05,4.369794240784398e-06,0.18668400124941528,6.022903032911882e-07,4.860116135152144e-05,0.005260563639931091,1.4324008385121884e-07,6.908484131202328e-08,5.29984665898626e-05
14,1.1398237029367632e-07,0.004356870977140608,4.449621003230112e-06,0.00012661124816381794,5.7141950562237945e-08,6.181328057679002e-05,1.0824948705595724e-06,0.001407843707278778,6.284944363705073e-05,0.834096933898189,8.851824609016826e-07,1.251656124456653e-07,1.0269399945315514e-05,0.0001551429952169941,0.0006845205761177502,0.002572838917230534,2.2821870528720863e-05,3.69348955461636e-06,0.15407124485992435,5.196524309532492e-07,3.143299321369047e-05,0.0023003026584261024,1.3996248867130113e-07,6.647200175753876e-08,2.7370009666498437e-05
15,1.1609142413252493e-07,0.0042464228760136806,4.553314253177075e-06,0.00012495929980983221,5.579853620606255e-08,6.402826219047473e-05,1.1048876681968637e-06,0.0014472030165625061,6.401154181123561e-05,0.8373574197922439,8.784125498115516e-07,1.3003979576340913e-07,1.0205277703043666e-05,0.00015494029316160106,0.0007071220738893686,0.002713287256163498,2.3009473121201673e-05,3.661797978190797e-06,0.15069136285935456,5.308568669851749e-07,3.054314036612012e-05,0.002325744738420845,1.4131383871957258e-07,6.661714995528898e-08,2.850096912712277e-05
16,5.5037965764427884e-08,0.0020190014953772404,7.138952207815289e-06,7.234740533736296e-05,3.5519094979432216e-08,4.673849585376722e-05,5.783417209606896e-07,0.0005425428386681311,5.288806261716074e-05,0.9244369196241085,2.6046792669790935e-07,3.676529705453585e-08,7.1067137855546935e-06,9.16004208089809e-05,0.000171195551124619,0.002370088542757507,1.1860497421942688e-05,3.3773890642746163e-06,0.06962581125259244,7.012070423571109e-07,3.241830305146619e-05,0.0004918307970458892,1.933642251094429e-07,1.2441103068667745e-07,1.5148543873655835e-05
17,1.7253164315312993e-07,0.005608474407426853,5.814821971122651e-06,0.0001519632982952456,8.582345707028745e-08,6.926466023557646e-05,1.578827681779344e-06,0.0017323083405951629,8.403890699128889e-05,0.8125870540350669,1.3220830076635547e-06,1.9465127573195874e-07,1.4815234114691324e-05,0.00022279993631282307,0.0007277257179748012,0.0026730624005136838,3.10371052529714e-05,4.847435817927929e-06,0.17275670597902526,6.30405221962014e-07,4.686983787076424e-05,0.0032434874583291686,1.826527858001975e-07,9.588506160873906e-08,3.5467564070751606e-05
18,1.0612799533352481e-07,0.004643164012651768,5.768111461408813e-06,9.703790062096256e-05,6.352197608571804e-08,6.089753937625178e-05,1.1737864092536233e-06,0.001371496871647786,6.572504587585194e-05,0.862003288269828,9.516038330225604e-07,1.8986523249311207e-07,8.648853472315969e-06,0.0002166132320025277,0.0007421175234904814,0.0034332608188008392,3.213696722943614e-05,3.2582290680913084e-06,0.12501662761813326,6.023017161987413e-07,3.487034930518994e-05,0.0022105150962813693,1.6639471012353137e-07,8.647635326713436e-08,5.123348252903986e-05
19,8.237198432356418e-08,0.004187181743160637,3.5812697112498695e-06,0.00014330200465712616,5.698168147141283e-08,6.446590263215682e-05,9.319586258017643e-07,0.0011684543754304157,6.819914058103756e-05,0.8598863580430383,6.358700389569229e-07,1.229715456554641e-07,8.600483192888823e-06,0.0001426382086666008,0.0006895603816271393,0.00253380392009088,1.8727537692151758e-05,2.881026487945076e-06,0.1289296265225261,5.109186926085102e-07,2.1247883842281408e-05,0.0021027669670238614,1.2742134686030915e-07,6.51959300186046e-08,2.6070899793507616e-05
20,1.1424992603987768e-07,0.0037412497541921257,5.6852017980482785e-06,0.00011574355203677792,4.320640294395978e-08,7.304672201135682e-05,1.0799466246126722e-06,0.001170421268421352,5.681854571765372e-05,0.8372518465135069,6.285185083948867e-07,1.3984502863105343e-07,8.185956520241708e-06,0.00011284558029057809,0.0006237329455390518,0.004360322546364108,2.6935135222722165e-05,3.6256424730309894e-06,0.15094494642421338,4.791928162967058e-07,3.120558778136358e-05,0.0014366695109137983,1.9940719939520102e-07,9.181313456731399e-08,3.394293335665179e-05
21,1.1328133543622401e-07,0.004227527752967842,4.079925019711972e-06,0.00012581780414334568,5.584013629221216e-08,6.958560990912192e-05,1.107286079916017e-06,0.0014679881648962919,6.415604774129445e-05,0.8260340144569305,9.135239076036885e-07,1.260889236467729e-07,9.892772611363099e-06,0.00014243445995500576,0.0007685698377697954,0.002639696901441062,2.227939393101396e-05,3.478249034090624e-06,0.16185578681762178,5.019545405431006e-07,2.90072443364901e-05,0.002504820372387249,1.348831544024045e-07,6.163498485119834e-08,2.784969624130379e-05
22,1.3357362169950043e-07,0.0037567098767681715,4.968560654676501e-06,0.00010133396095333153,4.280509006053071e-08,5.8906362746655354e-05,8.047718360285878e-07,0.0015624136472312622,4.5244824211934836e-05,0.8588276776410412,8.614491503190139e-07,1.0117557274550726e-07,9.172030735933338e-06,0.0001389648230761263,0.0005310052864095698,0.002437596351987836,2.641258946829424e-05,3.953109715264464e-06,0.13022800843266658,4.700015747058278e-07,3.239305606305224e-05,0.0022100929002651414,1.3979934476904914e-07,5.164144180842253e-08,2.2541328373012626e-05
23,1.1609142413252493e-07,0.0042464228760136806,4.553314253177075e-06,0.00012495929980983221,5.579853620606255e-08,6.402826219047473e-05,1.1048876681968637e-06,0.0014472030165625061,6.401154181123561e-05,0.8373574197922439,8.784125498115516e-07,1.3003979576340913e-07,1.0205277703043666e-05,0.00015494029316160106,0.0007071220738893686,0.002713287256163498,2.3009473121201673e-05,3.661797978190797e-06,0.15069136285935456,5.308568669851749e-07,3.054314036612012e-05,0.002325744738420845,1.4131383871957258e-07,6.661714995528898e-08,2.850096912712277e-05
24,2.3201176098316483e-07,0.0035176263323606345,8.113031544695008e-06,8.505621517592041e-05,6.525196592193619e-08,0.00011061119537570806,1.8030461822416737e-06,0.0019170648153507186,9.532261446313508e-05,0.8364185192059942,1.499127247648009e-06,1.987624679553494e-07,1.4367279322781123e-05,0.00016947117529685364,0.0010115276945629164,0.003830898917254526,2.806600426970557e-05,4.023141439100187e-06,0.14927304773810554,7.422621952880775e-07,4.28116281014355e-05,0.0034194608944991688,1.7061617748030233e-07,8.935515796753788e-08,4.9211683727163625e-05
25,1.5563697977866909e-07,0.004707242332244018,5.023763242393788e-06,0.00015028022170233821,7.897903816948923e-08,7.281079133729485e-05,1.8383219635062212e-06,0.0028671311278823802,7.302627335421156e-05,0.797640787079018,1.5020588982018953e-06,1.8860171931134522e-07,1.3624722622479053e-05,0.0002107172738338127,0.0007705728070594403,0.002915831979418433,2.8582044546947838e-05,5.610270294842555e-06,0.1870855151311838,6.805263584209714e-07,4.65220267711185e-05,0.003372373385808477,1.6201823279309525e-07,6.296482244876106e-08,2.9679661667422416e-05
26,1.237931497168092e-07,0.0033376476470397187,6.18232622087932e-06,0.00012661276396484943,5.8394743532512516e-08,6.000316092749248e-05,8.572202988327205e-07,0.0009847023326695857,7.46207524761953e-05,0.8845441716549043,6.296418498250799e-07,9.830118530262212e-08,1.0374370302350265e-05,0.00015404816465669407,0.0004219362276493683,0.0024248800661750987,1.9101521608021646e-05,4.6146557965802745e-06,0.10633615447491031,6.497889380112085e-07,3.171754936011831e-05,0.001436888182432149,2.0175382414764215e-07,1.1113130909042556e-07,2.361412360783368e-05
27,1.1251489207900712e-07,0.00406259279515636,3.5945206783484227e-06,0.00013534594304684053,5.848731929428289e-08,7.241954253907778e-05,1.0553700376953113e-06,0.001457751899647445,7.891230411626306e-05,0.8384300076205794,8.43842693282566e-07,1.3062394002116708e-07,9.444377239830917e-06,0.00014389984536331658,0.0008500768875159176,0.0025387741353303486,1.859892626265436e-05,3.252395500372616e-06,0.1493581332648144,5.010909234260866e-07,2.186551768482692e-05,0.002784044795851502,1.2407422875583014e-07,6.237931186681463e-08,2.8396845326525955e-05
28,1.1609142413252493e-07,0.0042464228760136806,4.553314253177075e-06,0.00012495929980983221,5.579853620606255e-08,6.402826219047473e-05,1.1048876681968637e-06,0.0014472030165625061,6.401154181123561e-05,0.8373574197922439,8.784125498115516e-07,1.3003979576340913e-07,1.0205277703043666e-05,0.00015494029316160106,0.0007071220738893686,0.002713287256163498,2.3009473121201673e-05,3.661797978190797e-06,0.15069136285935456,5.308568669851749e-07,3.054314036612012e-05,0.002325744738420845,1.4131383871957258e-07,6.661714995528898e-08,2.850096912712277e-05
29,1.1609142413252493e-07,0.0042464228760136806,4.553314253177075e-06,0.00012495929980983221,5.579853620606255e-08,6.402826219047473e-05,1.1048876681968637e-06,0.0014472030165625061,6.401154181123561e-05,0.8373574197922439,8.784125498115516e-07,1.3003979576340913e-07,1.0205277703043666e-05,0.00015494029316160106,0.0007071220738893686,0.002713287256163498,2.3009473121201673e-05,3.661797978190797e-06,0.15069136285935456,5.308568669851749e-07,3.054314036612012e-05,0.002325744738420845,1.4131383871957258e-07,6.661714995528898e-08,2.850096912712277e-05
30,1.1609142413252493e-07,0.0042464228760136806,4.553314253177075e-06,0.00012495929980983221,5.579853620606255e-08,6.402826219047473e-05,1.1048876681968637e-06,0.0014472030165625061,6.401154181123561e-05,0.8373574197922439,8.784125498115516e-07,1.3003979576340913e-07,1.0205277703043666e-05,0.00015494029316160106,0.0007071220738893686,0.002713287256163498,2.3009473121201673e-05,3.661797978190797e-06,0.15069136285935456,5.308568669851749e-07,3.054314036612012e-05,0.002325744738420845,1.4131383871957258e-07,6.661714995528898e-08,2.850096912712277e-05
31,1.3876877313890926e-07,0.003944474782021427,5.827304892122733e-06,0.00010568650327843147,4.34015381700133e-08,5.6774756667089e-05,1.0803645880091208e-06,0.0018488480884587782,5.194490105853049e-05,0.851628605088026,8.550708014384169e-07,1.2333882829453366e-07,1.0016158919708527e-05,0.00016075616180485073,0.0005205416627841595,0.0029446482694598613,2.5566768234246212e-05,4.625339287632193e-06,0.13655953405194357,5.099017032096318e-07,3.762743561360259e-05,0.0020659725152097127,1.4598996170379972e-07,5.844732064478334e-08,2.5594928825854004e-05
32,1.1686836755095378e-07,0.004201910426625432,4.419347563326031e-06,0.0001321183303702962,5.8523275778303535e-08,6.567179205809487e-05,1.1669672742427746e-06,0.0014388974765277185,6.337126760990475e-05,0.8212804881902186,9.04933811441327e-07,1.3038169796052826e-07,1.0551899441894888e-05,0.0001465927804667409,0.000739831673975215,0.0027975763028311616,2.3564295649546006e-05,3.814806006697291e-06,0.16669321163885673,5.362784241831331e-07,3.161046911646908e-05,0.0023352699206123442,1.455000755539125e-07,6.856230678550214e-08,2.79713668363475e-05
33,2.2729728517833728e-07,0.007652292112061588,5.444008676840621e-06,0.00022705079565306884,9.513078625650765e-08,7.164674500750168e-05,2.4849505546093597e-06,0.002880994767206286,7.199883722639131e-05,0.7068450429622342,1.8648330197373711e-06,3.304190025938328e-07,1.9759607168257463e-05,0.00021776833163667086,0.0009214061754186022,0.003758742205066657,4.879996959233439e-05,5.872807990790779e-06,0.27240288768714777,5.736238205753845e-07,5.957828887644528e-05,0.004767079948604566,1.8905712972918966e-07,9.316351251840545e-08,3.777627532080549e-05
34,2.5836477936278285e-07,0.0040286359921391296,5.953567715272426e-06,0.0001545581456974755,7.158612308034878e-08,7.93713525690277e-05,1.6410035475798757e-06,0.0018527079360149705,8.290558103958796e-05,0.7565292521170085,1.4715301587916187e-06,1.4737225364443007e-07,1.724267743420746e-05,0.00014471471254215443,0.0008972276427838107,0.0026344983006057294,2.305582681034931e-05,5.973491691841113e-06,0.23030557342981897,5.560592412373713e-07,4.512115201132036e-05,0.003162717872388677,1.6576000007428857e-07,8.180485989085306e-08,2.609672076529144e-05
35,8.877504232936936e-08,0.0049664362312886404,4.807189322991709e-06,0.00013571514761483007,7.012368760057155e-08,5.6527597723013753e-05,1.1610964490424058e-06,0.0011519604996232363,6.175617884852186e-05,0.8421301068581961,8.569298704336504e-07,1.305964581669509e-07,1.1065964345560088e-05,0.00017995019459459395,0.0008435077877171421,0.0028462312779632018,2.5659253102287754e-05,2.9340520904155286e-06,0.14547498781841667,6.9653830219886e-07,3.36411365286402e-05,0.0020367439988209627,1.57102645688889e-07,8.068583598329472e-08,3.4726965511828785e-05
36,1.258880332454641e-07,0.00433579831684182,4.998378553874297e-06,0.00012853610295589755,6.614178461929211e-08,6.778018233374107e-05,1.2036614870423234e-06,0.0014104900149092621,6.774981902797156e-05,0.8257336524807499,1.0146826705319043e-06,1.3567325749457172e-07,1.0963692526555327e-05,0.00016088294574436238,0.0007529652736488238,0.0026967902940613336,2.4266359962506774e-05,3.860311064222722e-06,0.16222124514690595,5.681418078275261e-07,3.616418541940891e-05,0.0023092358041806173,1.5974136369226724e-07,7.867139883515717e-08,3.1268089310202117e-05
37,1.8300444693397672e-07,0.004538677881898964,7.403459608411848e-06,0.00013588362235058123,7.617608686715793e-08,5.8837923157683366e-05,1.3316695656723967e-06,0.0013005602637895007,8.338470789217549e-05,0.8455305581135419,1.023773756063317e-06,1.596487652855514e-07,1.530301852436642e-05,0.00020596341592538583,0.0005612338055869851,0.0026127286925255767,2.552034287478399e-05,5.242944242919688e-06,0.14258356312666343,6.719973483127026e-07,4.485979231589528e-05,0.002254591786314079,1.8920932893183186e-07,1.1804178110911942e-07,3.193358170813919e-05
38,1.1551959002427378e-07,0.003426263707172759,4.4122590182318595e-06,0.00012487814710124645,4.4271748753828817e-08,7.238499928200202e-05,1.193128707912579e-06,0.001416669288021159,5.4754425229137876e-05,0.8158450239588912,7.343643020268907e-07,1.1305107240786113e-07,1.0390795528026997e-05,0.00010700657974036862,0.000746294770979914,0.0034550602430723264,2.187373341936131e-05,3.8943883567795634e-06,0.17264081812604246,5.444659202947448e-07,2.7975959626690352e-05,0.0020150964731461382,1.4123438384168472e-07,6.100565099724043e-08,2.42551039958261e-05
39,1.5218659637618464e-07,0.003973232493153622,5.679898982051898e-06,0.00011561300482906993,5.709291797382306e-08,9.141676708372962e-05,1.8630226495443742e-06,0.002663022393988804,6.062983655092669e-05,0.7980391128149282,1.1959209519333362e-06,2.0486723860223933e-07,1.1124239724379901e-05,0.00015040842697985839,0.0008002216614283065,0.004628539579276838,3.546519170483153e-05,4.524746840962411e-06,0.18633984811292445,5.953973645297438e-07,4.5057361671114355e-05,0.0029945490893865307,1.705780771252872e-07,6.633414449294302e-08,3.7248980605828586e-05
40,2.1510621008082287e-07,0.005719762688621703,6.63304035728618e-06,0.00012807934994126964,7.029536563869611e-08,7.751021107773878e-05,1.4618415359207565e-06,0.0017820187364722764,7.909239698890515e-05,0.8310189523981224,1.3678047172027343e-06,2.1280067562981213e-07,1.4768200410020644e-05,0.00020577272823761898,0.001002811483233083,0.002896083700624473,3.193080376831412e-05,3.6375534795721352e-06,0.1530189319583044,5.767993775821917e-07,3.842834196119515e-05,0.003928957495003125,1.4779225917604367e-07,7.716262376080128e-08,4.249931063174381e-05
41,9.68610611407393e-08,0.003163734856324691,3.0161057752764903e-06,0.00016942715165344007,5.789096872026664e-08,8.678050734412669e-05,8.687120005646077e-07,0.00116744512361142,8.055544668347721e-05,0.8261508958897157,6.921083348219211e-07,1.0927464011864188e-07,7.508763353466603e-06,9.506075706031072e-05,0.001273285095515143,0.0027019297074421123,1.3682951588199464e-05,2.586286650405685e-06,0.16295539928485675,4.516579559557225e-07,1.4651880277243318e-05,0.002086434668235358,1.216510236855699e-07,5.9140231223813094e-08,2.5148227696619687e-05
42,1.1842577009069951e-07,0.004216856765574863,4.911728427469427e-06,0.00012491155202233803,5.66621503253605e-08,6.169933182968684e-05,1.0738212943768968e-06,0.0013936228361996095,6.492444384666926e-05,0.8457411011281868,8.839452997806558e-07,1.3017168885410267e-07,1.0170491893097962e-05,0.0001659999491370465,0.000679084942049768,0.002623629807328432,2.259570497100036e-05,3.841074270561489e-06,0.1426948651097968,5.459416483645144e-07,3.171341872450164e-05,0.002127809742434057,1.5086632200759442e-07,7.116430033201356e-08,2.9230974833110715e-05
43,5.647694854649551e-05,0.5665838324116109,0.0001818082648789956,0.001584929594101415,2.4273167166466352e-06,4.910802444756019e-06,6.35135048964934e-05,0.007842369647366253,0.0003125259138960558,0.05958348428170825,0.00016953373899980883,0.0004958684915992499,0.0013931242765681372,0.009808388324648499,0.0026562115009679107,0.0139938769495606,0.0018035268930769188,3.932703004115818e-05,0.2884818461175561,1.2473223329570407e-06,0.0006084119319397611,0.04151990695602545,5.535703501983823e-07,7.791017666412343e-06,0.002804107192500395
44,1.1609142413252493e-07,0.0042464228760136806,4.553314253177075e-06,0.00012495929980983221,5.579853620606255e-08,6.402826219047473e-05,1.1048876681968637e-06,0.0014472030165625061,6.401154181123561e-05,0.8373574197922439,8.784125498115516e-07,1.3003979576340913e-07,1.0205277703043666e-05,0.00015494029316160106,0.0007071220738893686,0.002713287256163498,2.3009473121201673e-05,3.661797978190797e-06,0.15069136285935456,5.308568669851749e-07,3.054314036612012e-05,0.002325744738420845,1.4131383871957258e-07,6.661714995528898e-08,2.850096912712277e-05
45,1.1088735871287732e-07,0.0033714543869998487,3.01356833802217e-06,0.00019562082308705183,7.163227315933355e-08,0.00011042994079848379,1.9962521075844666e-06,0.0018412465048528953,8.471151052186846e-05,0.7206883504970738,9.967155445710277e-07,1.5459699412530986e-07,1.1975256708321277e-05,9.371828075042498e-05,0.0014721894985186862,0.003916129029826461,1.8358356152071413e-05,3.7468199521026255e-06,0.26519822252584146,6.29947366050745e-07,2.3611144199376437e-05,0.0029365707916709964,1.383978008747954e-07,6.401602452700303e-08,2.6488619238472122e-05
46,2.2385818263812928e-07,0.007377989996830319,5.084430305048502e-06,0.00018396110282093597,6.561988741416599e-08,0.00010216689633126038,1.6137350433341848e-06,0.0023573067232617365,5.059064428633518e-05,0.7514689944344586,1.5201785081398346e-06,3.0495780013975245e-07,1.347196878333188e-05,0.00014171836340124436,0.0012516298016493077,0.004835839240232888,6.950168133660555e-05,3.553886406235389e-06,0.22697815933125756,4.85560979822178e-07,3.90510037529927e-05,0.005070763163093727,2.0198518464005322e-07,7.515445538776452e-08,4.572628175048481e-05
47,1.9096683805592883e-07,0.007131789364451579,5.011875937466673e-06,0.00012116723461016277,5.650471725744343e-08,7.446632219745958e-05,1.6273776172843738e-06,0.0018244678223877265,8.15285578140648e-05,0.8148918398433661,1.1260330317986292e-06,2.4842596346623973e-07,1.4221407610263901e-05,0.00017737038521078104,0.0009030732144571661,0.0036459997489473395,3.3832135711995e-05,3.3134201403373733e-06,0.16653127379900506,4.990276200536081e-07,3.001294208287331e-05,0.004483049429752712,1.3042788206757979e-07,7.664377669088061e-08,4.362708887013892e-05
48,1.1904865072121513e-07,0.004088197051955733,4.757678027096431e-06,0.00012304358398629005,5.919151949491436e-08,6.608424520325692e-05,1.1650635075022312e-06,0.0014397861137821317,6.94139033985621e-05,0.838363734782592,9.101328069459579e-07,1.3229497745624856e-07,1.0595406674932718e-05,0.00015973480464572396,0.0007242559549144127,0.0027220210953954006,2.1995133982445288e-05,3.7457247109064104e-06,0.1498171019865872,5.645211025182117e-07,3.142633591544204e-05,0.00232124561211189,1.441480615820136e-07,7.098457709093847e-08,2.9695200913172122e-05
49,1.327761960681096e-07,0.004110712638550725,5.353446387447102e-06,0.00011896968127552088,5.7636871515095714e-08,7.531346608062876e-05,1.1842762908690497e-06,0.0015801908729101142,6.8818035542693e-05,0.8562730212035524,9.357499692864717e-07,1.4681590139148827e-07,1.0793342768329826e-05,0.00016623929879331956,0.000670896230936694,0.0028381815552912895,2.4584690144481752e-05,3.904823664843029e-06,0.13151330242582265,5.986636913808297e-07,3.252396810560887e-05,0.002473609753257719,1.550946198841672e-07,7.1086511788276e-08,3.0302466863440735e-05
50,1.817569998651371e-07,0.005322309607939712,5.703347638266393e-06,0.0001706377770747708,7.214410212898534e-08,8.352556513556792e-05,1.4231593705132215e-06,0.0015474757655060505,7.797073477096194e-05,0.80427255247515,1.2167043783279393e-06,1.9173023137643097e-07,1.3279796390699785e-05,0.00016877839673491477,0.0009995483590557125,0.0035237135264338426,3.265435857754818e-05,4.543808527160532e-06,0.1808816374611898,6.412110722727074e-07,3.6410436350393615e-05,0.0028169383038293802,2.124147863716488e-07,1.0284059977100332e-07,3.8278318154666344e-05
51,1.5088496734394678e-07,0.002968051917588498,6.88375837701751e-06,0.00010353641352872756,6.548274360305965e-08,9.180059482109613e-05,1.6220741957355983e-06,0.0014163392468902634,7.646901452679298e-05,0.8153000816134907,9.984676255789047e-07,1.536120619284527e-07,1.229331762487638e-05,0.00013326068230399773,0.0007751401272322884,0.004422963389574844,2.818151204026428e-05,4.394111373485317e-06,0.1724528016940697,7.420377018206417e-07,4.4463444785562186e-05,0.002119940325359469,2.0497141827967895e-07,1.103102926432304e-07,3.935099540560251e-05
52,6.12205688283438e-08,0.0018035402104650984,2.4959742839512725e-06,8.662911642099448e-05,2.0919974420623518e-08,4.3308138069173525e-05,3.668660604085937e-07,0.0009678546154351945,3.632631402140856e-05,0.9026868143570992,3.5457889591604216e-07,3.807834697555023e-08,5.09961849399302e-06,7.713500779000902e-05,0.0003882983369481349,0.0015919133140763636,8.693668190502747e-06,3.1717854854580276e-06,0.09115551231063669,3.501464915625517e-07,1.1252048119552019e-05,0.0011212477969138328,7.320923199016788e-08,2.6181813195652596e-08,9.416186167343163e-06
53,1.5132487661190413e-07,0.005236581678829801,5.662616198898782e-06,0.00014771646944036372,7.740946182121671e-08,9.251858547023535e-05,2.5043380805009166e-06,0.002164058391361715,9.535288774122312e-05,0.7861768733834638,1.284457988947522e-06,2.7696683040157706e-07,1.3998043275595798e-05,0.00020117000306800977,0.0010759147308469724,0.004654617123036942,3.1455685833930794e-05,4.618596126020563e-06,0.19688337472355288,7.571226909060026e-07,4.154499849441971e-05,0.003118814660883663,1.9812761142503812e-07,9.56715270441195e-08,5.0382003307959145e-05
54,1.0051639385846384e-06,0.0034390853050415364,5.40461995163529e-06,0.00035328577404257586,1.422817837863921e-07,0.00014412644027303218,2.818029987966488e-06,0.00300096834258124,7.106784952591693e-05,0.3927086222812519,5.311125235477658e-06,8.902904672350258e-08,5.487608851395914e-05,7.046459332535644e-05,0.000485879644388386,0.0008485221233133821,2.449526820462577e-05,2.1272385789816372e-05,0.5927983599809092,4.4625059949138945e-07,0.00016772976894115368,0.0057902583809043,2.71501649574719e-07,9.359870454476133e-08,5.404172095980558e-06
55,2.2189019841592368e-07,0.005800271888646625,6.416046267357121e-06,0.00021185439528487765,1.2071322738202484e-07,0.00010628996141194761,3.5132379206604545e-06,0.001877726700979154,0.00016979022954743782,0.7340651862527208,1.609172876101981e-06,4.5025741614123036e-07,1.9194662724308048e-05,0.00023587908720115914,0.0011474202060135273,0.004594891834313102,2.886537050414684e-05,6.0895280339484645e-06,0.24813253839330965,7.441195794384662e-07,4.648007326758805e-05,0.003480770298453317,2.592599063964591e-07,1.8961765799700558e-07,6.322680253845665e-05
56,1.238919506765277e-07,0.004360950807463995,4.73052761242648e-06,0.00012983852517008934,5.846106836066995e-08,6.458239240702204e-05,1.1663062377308084e-06,0.0014719586853763707,6.595132636225815e-05,0.8335366747136596,9.1739191537487e-07,1.3644113399474242e-07,1.0937063387571093e-05,0.00015925426118873717,0.0007117344828931325,0.0027262432949172583,2.3695690382087618e-05,3.839417676156202e-06,0.15425986690816593,5.484118802104685e-07,3.1931484616207064e-05,0.002405789681707236,1.4600606828675604e-07,7.03575562401053e-08,2.8853469203234852e-05
57,1.1049681005159799e-07,0.0010091226665829834,3.47503992917632e-06,7.701163474373611e-05,2.3861416022383138e-08,0.00011204739015922184,1.021660607272691e-07,0.0011138475038560594,7.59790524692342e-05,0.989078894410895,3.509180451181863e-07,2.9198320424139536e-08,1.1403944133378172e-06,0.00015440316864542418,0.0005061022783260252,0.0004468916575513862,4.68433303000615e-06,1.930444138995074e-06,0.006637916387301875,3.4168528911159373e-07,2.209908932221311e-06,0.000760954448912784,1.613209340679102e-07,1.4512477158646835e-08,1.2255120760156019e-05
58,1.247807248135134e-07,0.0043537258662146435,5.025901436133875e-06,0.00013934119607808887,6.952629228838736e-08,6.713267559316051e-05,1.2679104595168384e-06,0.001334035696430185,7.326618846482037e-05,0.8283734957321925,9.422071724360029e-07,1.4271074536444224e-07,1.1770444448788407e-05,0.0001637082129378126,0.0007181565528061244,0.002813959608576937,2.408966378399224e-05,4.055053535105968e-06,0.15957505171112885,6.159908029723771e-07,3.496818297280532e-05,0.0022739232196271665,1.6741475120552078e-07,8.96807055075962e-08,3.087387211858048e-05
59,1.1489133718504186e-07,0.004072176960001849,5.107356799806813e-06,0.00012186157676262196,6.088326761341438e-08,6.278503738340405e-05,1.0964514057236313e-06,0.0012780385328450957,6.78000595802276e-05,0.8495867811176839,8.383776199025835e-07,1.264014359550652e-07,1.055119402629253e-05,0.0001607113840303513,0.0006323934870584702,0.0027016184059356725,2.270274450125296e-05,3.7817844468040575e-06,0.13914542245335587,5.891649491392936e-07,3.292948585096293e-05,0.0020628895150067664,1.5583648272952806e-07,8.209957850651892e-08,2.9384798653902813e-05
60,1.1609142413252493e-07,0.0042464228760136806,4.553314253177075e-06,0.00012495929980983221,5.579853620606255e-08,6.402826219047473e-05,1.1048876681968637e-06,0.0014472030165625061,6.401154181123561e-05,0.8373574197922439,8.784125498115516e-07,1.3003979576340913e-07,1.0205277703043666e-05,0.00015494029316160106,0.0007071220738893686,0.002713287256163498,2.3009473121201673e-05,3.661797978190797e-06,0.15069136285935456,5.308568669851749e-07,3.054314036612012e-05,0.002325744738420845,1.4131383871957258e-07,6.661714995528898e-08,2.850096912712277e-05
61,1.1918766098899593e-07,0.003966150804631399,5.262500645377356e-06,0.00012050423678412479,6.133023086054733e-08,6.232405226772436e-05,1.0766896026719072e-06,0.0012749299690664041,6.937475484422714e-05,0.8517996470462583,8.458852946596474e-07,1.2366323854677115e-07,1.059144350354073e-05,0.0001618491211071944,0.0006074715774390667,0.0026107100512325824,2.2023925987226196e-05,3.906347574754349e-06,0.13719643322134759,5.840399946536568e-07,3.352430704214204e-05,0.0020234089449443623,1.5753879423043683e-07,8.399807736950686e-08,2.8835362430001766e-05
62,1.1609142413252493e-07,0.0042464228760136806,4.553314253177075e-06,0.00012495929980983221,5.579853620606255e-08,6.402826219047473e-05,1.1048876681968637e-06,0.0014472030165625061,6.401154181123561e-05,0.8373574197922439,8.784125498115516e-07,1.3003979576340913e-07,1.0205277703043666e-05,0.00015494029316160106,0.0007071220738893686,0.002713287256163498,2.3009473121201673e-05,3.661797978190797e-06,0.15069136285935456,5.308568669851749e-07,3.054314036612012e-05,0.002325744738420845,1.4131383871957258e-07,6.661714995528898e-08,2.850096912712277e-05
63,1.1386569802504314e-07,0.004602205117104548,4.411169269878414e-06,0.00012685251174607919,5.5704441915174536e-08,6.110077927890206e-05,1.0717999780113453e-06,0.001416192061855281,6.282417282871787e-05,0.8384149963649019,8.634738607254175e-07,1.3136706293060143e-07,1.008847256545458e-05,0.00015780771804268538,0.0007010424595509646,0.002651255371223649,2.3591935657550023e-05,3.5323417323606355e-06,0.1493410784786719,5.129205345429304e-07,2.9834679629398186e-05,0.002361624020103251,1.3860796364096634e-07,6.629879991058845e-08,2.8608307497988065e-05
64,1.2829391768493976e-07,0.004397096257610567,5.244340001399449e-06,0.000127429055776236,6.309021300263656e-08,6.197966437360023e-05,1.2365708328880827e-06,0.0014566019908678798,6.312319244868367e-05,0.8250877784775955,9.787868721643287e-07,1.3218623150766081e-07,1.182798941632658e-05,0.00016586488476872576,0.0006542069112177614,0.002706461411028012,2.560667861454526e-05,4.214920099248297e-06,0.16286099847765542,5.784160823598322e-07,3.973831967716155e-05,0.0022998537020564357,1.570200967004221e-07,7.63329056259333e-08,2.8623029640686644e-05
65,1.0197642280583462e-07,0.004348413928608758,5.3244745993470585e-06,9.127589229644222e-05,4.921817671183639e-08,4.42971050918732e-05,8.297131523422179e-07,0.0011195245619793404,7.125813369058206e-05,0.9005429738593763,6.633495868383711e-07,1.1432784879057385e-07,9.77394117203312e-06,0.00020866097078729622,0.00045333177637899507,0.0021167416821816862,1.8346663555278317e-05,3.130772969593162e-06,0.08895095395183096,5.6158459866259e-07,2.6234938615789384e-05,0.0019583321564782406,1.191353721204943e-07,7.22204573224666e-08,2.8913664772032817e-05
66,1.0914704816940744e-07,0.005966992095554883,3.3511530819773284e-06,0.0001649344999008531,7.170083091758051e-08,8.397879161718207e-05,9.778341201555234e-07,0.0013588059539018631,7.282416274479281e-05,0.813679069590863,1.0823446394848173e-06,1.9065285910787012e-07,7.138889959142973e-06,0.00016685356993730426,0.0011008629398822681,0.002774412124646487,3.116865687029358e-05,2.925054763707158e-06,0.1716980367619936,4.0991854034405944e-07,2.4755804160248265e-05,0.002816168594828219,1.9365185218910147e-07,7.921057803175308e-08,4.460689482591065e-05
67,9.093514426497875e-08,0.0023624658662761955,8.238782565332248e-06,9.722852995564798e-05,3.50215965251148e-08,4.5968786174978854e-05,6.54822093942512e-07,0.0009026160443841125,3.39951738060353e-05,0.9118838675394985,4.7623183702281993e-07,6.0118785747991e-08,9.52165777885629e-06,0.00013345219969847832,0.0003319527952085657,0.0028785999400755802,2.2821145950651915e-05,4.524931956386767e-06,0.08045584343026752,8.895984700190867e-07,3.7605271822944934e-05,0.0007696600711754489,2.3327541642107967e-07,8.276342829794399e-08,1.911506663256187e-05
68,1.1243956959766447e-07,0.004179436909871677,4.679889911120013e-06,0.00012352097612126092,5.599580310488669e-08,6.293427530884232e-05,1.0853343313986945e-06,0.001382311938370243,6.575789146242944e-05,0.8461739407206864,8.430078450265245e-07,1.303043000764921e-07,1.011028878327689e-05,0.0001596424830606578,0.0006872611891343515,0.0027020816343590764,2.230900995251202e-05,3.607317328443351e-06,0.14214909884148239,5.477594842451751e-07,2.984469962328183e-05,0.0022113701144117516,1.4303648714931124e-07,6.957782075973237e-08,2.9104364491053274e-05
69,7.344057363311409e-08,0.0021335160582820058,6.459689210615401e-06,7.095822025833737e-05,3.566855175307578e-08,4.1942305200602e-05,6.655583416596804e-07,0.0011658165835188668,4.683462158103458e-05,0.9248850379983609,4.946798926343211e-07,7.353085087295824e-08,6.702016481313623e-06,0.00017788280619221788,0.00028519239398362646,0.0023925815056442144,1.5438127751884003e-05,4.422246775221893e-06,0.06784060970769855,6.878979702096592e-07,3.030036865477517e-05,0.0008719603207472602,1.5737288954227466e-07,6.368331875268977e-08,2.2093197269597992e-05
70,1.048034064194407e-07,0.003984291011975785,4.1691863226477235e-06,0.0001025961534084404,4.2408754660460825e-08,5.809391091290579e-05,9.31673551248783e-07,0.0013732396087445602,5.312625768319504e-05,0.8485762346942917,7.466165469044549e-07,1.1295969005929175e-07,8.779409801418257e-06,0.00013527034559390633,0.0006079723966783064,0.0027531505054293943,2.2450243700386612e-05,3.3932429776211677e-06,0.1401237914303525,4.611537352826968e-07,2.6717587519292336e-05,0.002138060623230562,1.2326344369892627e-07,5.598710255469712e-08,2.608452514658817e-05
71,4.638020262104829e-08,0.0032495287797101842,4.646336157719033e-06,8.6908776722546e-05,6.59326353344164e-08,3.473403325782742e-05,1.0537620111587078e-06,0.000967262649042695,9.684433327875287e-05,0.9174032598709623,4.235882367934619e-07,9.331313962963433e-08,8.3272577885802e-06,0.0002574487322686223,0.0002847376245563783,0.0023697531413333765,1.1040720550275685e-05,3.961414338520194e-06,0.07418420390637034,9.304455706904925e-07,2.8292927698745297e-05,0.0009795002896529964,1.439701889131409e-07,9.583548004710832e-08,2.66959788449767e-05
