,0,1,2,3,4,5,6,7,8,9,10,11,12,13,14,15,16,17,18,19,20,21,22,23,24
0,5.506023769342675e-08,2.106118343044234e-06,7.337816595805538e-07,0.00021815762830696659,7.590881702221744e-08,7.199063938121302e-05,1.7853078892514076e-05,6.984588914854885e-05,3.004320954936344e-07,0.9870770960141539,5.594671658768601e-09,9.701330319910352e-07,1.3194195672629222e-07,0.0004595521547546452,1.4160527973918417e-07,0.001155303129250961,6.693427227331942e-05,0.003745988371457014,1.5886519464279158e-06,0.00011957616677691119,0.0067784208759242995,0.00011742447781956254,7.553927042570798e-06,7.128116105198085e-08,8.812286561690803e-05
1,1.4216172891405882e-07,4.880411622916171e-06,8.513720424684876e-07,0.0009806256304893857,4.7197703715837475e-07,0.0001408882278104659,4.334402875324537e-05,0.00012199857251211526,5.347002316205424e-07,0.9420422553455736,4.3462093899357166e-08,4.263494069153279e-06,5.59644885410607e-07,0.004964845029712775,3.7919194058227077e-07,0.0009118075838342276,0.0011667832450203237,0.020040638145686216,1.6724275642784813e-06,0.0004055852546804004,0.027639380885798707,0.0007257358730983684,6.204112213495993e-05,1.5182830884076393e-07,0.0007401203833698888
2,6.142868935602954e-08,2.4134830118326687e-06,7.288541232989751e-07,0.00019884775916144865,1.1033031184421001e-07,7.654163299661e-05,2.009254986788774e-05,7.715392110529391e-05,3.3282240271823647e-07,0.987018833356582,6.417066076123389e-09,9.635441517169487e-07,1.4630962863605532e-07,0.0005284271114336206,1.8985437868404607e-07,0.0013152613897083564,7.528813771071577e-05,0.0038125922226192473,1.6650893746528248e-06,0.00014879389315425144,0.006491828790643318,0.00011770699189990734,7.868065643291689e-06,6.842596356434395e-08,0.00010407761837151719
3,5.6662326846627866e-08,2.1741518896869354e-06,7.4231031299073e-07,0.00021441673145209812,8.312393245392271e-08,7.851924888012575e-05,1.798643167947142e-05,7.476895232958983e-05,3.2692370248366524e-07,0.9865034425064912,6.009712825934232e-09,9.755299296588056e-07,1.4455757476578389e-07,0.0004621915040627342,1.5656929184379495e-07,0.001285729868997365,7.30044617988761e-05,0.0038190822908822767,1.7930076172929491e-06,0.00012879317122641636,0.007115081912170671,0.00012515937859615685,7.5779426624503715e-06,7.623492800762006e-08,8.771051755178432e-05
4,6.46343299390827e-08,2.391589326140786e-06,8.110839719987653e-07,0.00023464324851834431,9.281894728522807e-08,8.264770464595706e-05,1.987895503511022e-05,7.887770336939956e-05,3.709909839278608e-07,0.9851765264960892,6.716730984120414e-09,1.1755133525121453e-06,1.775919908824754e-07,0.0005102895576834354,1.6916869340603352e-07,0.0013480653385264255,8.37010620838863e-05,0.004164826342891228,1.9769533612176654e-06,0.00013897464166672812,0.007908910865890266,0.00013870497146493513,8.125284109693096e-06,8.518456440763545e-08,9.850558177274815e-05
5,5.687849605224023e-08,2.1646925562757667e-06,6.98708694375015e-07,0.00024881127299927297,7.519358156934687e-08,7.633367885828884e-05,1.6504143664922715e-05,6.876286809913379e-05,3.242800458187423e-07,0.9857750744501259,5.877241549493885e-09,1.0287988520237598e-06,1.4718976918277684e-07,0.0004899327797990372,1.4221990018742027e-07,0.001220346411091999,7.80659151436778e-05,0.004342901195422397,1.6298753441244882e-06,0.00013268812563736079,0.007314748874302605,0.00013131365686842904,7.749107785388865e-06,7.951486619620396e-08,9.041429085401934e-05
6,5.6662326846627866e-08,2.1741518896869354e-06,7.4231031299073e-07,0.00021441673145209812,8.312393245392271e-08,7.851924888012575e-05,1.798643167947142e-05,7.476895232958983e-05,3.2692370248366524e-07,0.9865034425064912,6.009712825934232e-09,9.755299296588056e-07,1.4455757476578389e-07,0.0004621915040627342,1.5656929184379495e-07,0.001285729868997365,7.30044617988761e-05,0.0038190822908822767,1.7930076172929491e-06,0.00012879317122641636,0.007115081912170671,0.00012515937859615685,7.5779426624503715e-06,7.623492800762006e-08,8.771051755178432e-05
7,9.12995942068771e-08,2.1969572107805183e-06,1.200452900960998e-06,0.00017334905994254599,8.779066168886333e-08,8.413837139329078e-05,2.0112842188966206e-05,7.916304772439316e-05,3.2641412193224837e-07,0.9886168713472611,6.140091994251185e-09,9.268013165626649e-07,1.701750580090184e-07,0.00036481692776888153,1.2565940982154917e-07,0.001082427583291386,6.005823158495089e-05,0.003710652920595411,2.2568742191536655e-06,0.00011823630827495034,0.005511272356778201,8.302877449705063e-05,7.2582123776890974e-06,9.731783609210504e-08,8.112813390007088e-05
8,9.229165551615793e-08,2.293285871867311e-06,9.058251153420438e-07,0.0002580318388315296,1.718345657728226e-07,0.00016607586703086048,2.2605810591914793e-05,0.00013743603489778722,1.0331778798199872e-06,0.9642864902253487,1.2412687344994861e-08,1.9696241809025816e-06,5.030199297523228e-07,0.000636349305942983,5.238855969760408e-07,0.0041822090568181996,0.000252173850890969,0.01033182695605279,4.333975436309275e-06,0.0002533493773457282,0.018831728712684705,0.0004694347228974479,7.42524117152409e-06,1.4928309997383533e-07,0.0001528743834751813
9,3.7546328044906705e-08,1.8807903459297676e-06,6.237336746446467e-07,0.0002101682060019048,5.238972167690927e-08,5.7844707365033854e-05,1.479226284758869e-05,5.5055653847990766e-05,2.272397348137043e-07,0.9893916817648594,4.01595392937465e-09,7.989260947577267e-07,9.723709996905931e-08,0.0003603316021651431,1.0237270765597262e-07,0.0009471659124537253,4.609875628776964e-05,0.0026274689634648166,1.2331099285433057e-06,0.0001035741523111229,0.006019337282892182,8.851102958052859e-05,6.880122193320484e-06,5.976242487855706e-08,6.597245971493586e-05
10,5.6662326846627866e-08,2.1741518896869354e-06,7.4231031299073e-07,0.00021441673145209812,8.312393245392271e-08,7.851924888012575e-05,1.798643167947142e-05,7.476895232958983e-05,3.2692370248366524e-07,0.9865034425064912,6.009712825934232e-09,9.755299296588056e-07,1.4455757476578389e-07,0.0004621915040627342,1.5656929184379495e-07,0.001285729868997365,7.30044617988761e-05,0.0038190822908822767,1.7930076172929491e-06,0.00012879317122641636,0.007115081912170671,0.00012515937859615685,7.5779426624503715e-06,7.623492800762006e-08,8.771051755178432e-05
11,6.130451037474261e-08,2.277371779964247e-06,7.927913245999512e-07,0.00022305233741167266,8.977367623536194e-08,8.114952797139038e-05,1.905789322919641e-05,7.751237419424366e-05,3.504042680221441e-07,0.9859403818656752,6.4326555699435486e-09,1.068477737879981e-06,1.6496372021852223e-07,0.0004738363788921152,1.631097998685518e-07,0.0013358139146993225,7.821960606553376e-05,0.003943929989228175,1.9135376494099496e-06,0.00013736244640417264,0.007453648107593705,0.00012942849841396443,7.922499358603634e-06,8.328133681588154e-08,9.171311240382546e-05
12,6.49938509544475e-08,2.3619480547473772e-06,5.289211479448285e-07,0.00022492692281905297,1.1959639835465155e-07,8.406249470533572e-05,1.4268958123375997e-05,4.9885241865844756e-05,2.7246408563858924e-07,0.9845272582051013,5.06352186432641e-09,7.090016806627548e-07,1.5219356649906653e-07,0.0007838084098140467,1.1543596201521585e-07,0.0009510648047463074,0.00013901362395261945,0.005511628038971725,1.0673914819099155e-06,0.0001635233227632864,0.00728866538419427,0.00010879843363080356,8.749375216238907e-06,5.4145629654420466e-08,0.00013889562871544184
13,7.01999949643011e-08,2.835483753108687e-06,9.743394147159228e-07,0.0003093551009631966,1.2001861811940436e-07,8.44740190400877e-05,3.0385507945904374e-05,0.00011916807893489144,4.32853173285313e-07,0.9812461689668381,1.210113989941685e-08,1.9932078181506342e-06,2.1199675244701697e-07,0.0007836977686513321,2.447291431207552e-07,0.0014319851417078815,0.00010335817287298907,0.0049616636453774865,2.3485107936551483e-06,0.00015050432063796774,0.01041752542303064,0.00021298546814773424,1.1356873200459526e-05,9.868969888236064e-08,0.00012802938235069274
14,5.418941904298111e-08,1.424519835550899e-06,1.2392340831280375e-06,0.00024782864525038905,6.299708225467722e-08,8.640589320204202e-05,2.0791145800067967e-05,8.834158844202826e-05,3.7872519549649725e-07,0.9805332973442066,5.191753991897383e-09,1.4296077569350507e-06,2.264023874365836e-07,0.0003828826282332681,2.1830405720143814e-07,0.0014359317104328708,9.760726526770188e-05,0.0046097729527676155,1.6694778459604181e-06,0.00013169708120597669,0.012036594321707153,0.00018791772130569324,7.88002126589443e-06,7.282268876357047e-08,0.0001262702088067034
15,5.6662326846627866e-08,2.1741518896869354e-06,7.4231031299073e-07,0.00021441673145209812,8.312393245392271e-08,7.851924888012575e-05,1.798643167947142e-05,7.476895232958983e-05,3.2692370248366524e-07,0.9865034425064912,6.009712825934232e-09,9.755299296588056e-07,1.4455757476578389e-07,0.0004621915040627342,1.5656929184379495e-07,0.001285729868997365,7.30044617988761e-05,0.0038190822908822767,1.7930076172929491e-06,0.00012879317122641636,0.007115081912170671,0.00012515937859615685,7.5779426624503715e-06,7.623492800762006e-08,8.771051755178432e-05
16,4.1254714561964864e-07,2.082811787629429e-06,4.417992431127866e-06,0.00019578970470578416,3.172438253662037e-07,0.00047088888223664364,2.4954229359485314e-05,0.00013314158687675656,7.133321118302844e-07,0.9857133407415294,2.309011097699296e-08,4.843511136740563e-07,5.169554707415251e-07,0.0004002670347200399,1.8219980478348788e-07,0.0017603623320249972,0.00013209145657184712,0.008335743494633046,5.129903948160008e-06,0.00020157180338009858,0.0024359510302217023,5.292107585652172e-05,1.4982435822579418e-05,4.420526390221262e-07,0.00011327171167212461
17,5.975820575350644e-08,2.4798756207150447e-06,7.095789139420395e-07,0.00026659138105206067,1.0400077169399447e-07,7.312546638556342e-05,2.0859253777644893e-05,7.950693538223557e-05,3.346011929919545e-07,0.9839799497003147,7.170332329861474e-09,1.2872367362128844e-06,1.805093611582933e-07,0.0006311400707264526,1.6868522081470946e-07,0.0012519666081247706,0.00010943869061640172,0.004425570932995236,1.6740570013168123e-06,0.0001581957417743302,0.008707106402241729,0.0001636702326116122,9.91361923459425e-06,7.63905985601273e-08,0.00011588310080702686
18,4.154700689051928e-08,2.384086153182201e-06,1.799196601278292e-06,0.00013288974865744463,3.259070176822417e-08,0.0001168911754930651,2.041647850085484e-05,0.00026682436233393,5.277975933931118e-07,0.9930991190926589,1.171687331985459e-08,7.170175648723397e-07,5.9558013944535436e-08,8.964393146217267e-05,2.413493637840892e-07,0.003141166508670035,5.059437867406798e-06,0.0007412567517807154,1.2364543069594259e-05,5.196106945468995e-05,0.0022337835736333314,6.964580012985513e-05,4.317685077372609e-06,2.712347016682322e-07,8.57374663635769e-06
19,5.1041804077458356e-08,2.234677019357315e-06,8.088534148496967e-07,0.0002428162703190517,7.296816117419791e-08,6.206574861691624e-05,2.256484821631846e-05,7.97818400803128e-05,3.589763805576104e-07,0.9857788924828207,5.4712189528377135e-09,1.394021838455345e-06,1.5443687625558258e-07,0.00044553177832815224,1.6567342251365055e-07,0.0013350880985862875,6.285085393697258e-05,0.0034470553334364066,1.6717846925297204e-06,0.00011944523603513727,0.008154748884593261,0.0001449419194102482,7.223540961960548e-06,7.009334624002522e-08,9.000516648334072e-05
20,5.0191714294712017e-08,2.128634569605459e-06,8.028469056269522e-07,0.00024112696730960973,7.536244805010019e-08,7.534012456576853e-05,2.0233728779727776e-05,0.00010033188794788574,3.4567760565000006e-07,0.9852424065826688,7.081307296866419e-09,1.204484485846788e-06,1.3924906239508265e-07,0.0004777152388327528,2.1179980823665782e-07,0.0014603053725010574,7.20847545944604e-05,0.0038310759198523915,1.9748820248019343e-06,0.00012572679582983592,0.00807782373040096,0.0001735945705610431,7.80419807370516e-06,7.467705785332695e-08,8.741524109232052e-05
21,6.304186219850849e-08,1.901182238558464e-06,9.32324563881574e-07,0.00021385803332634205,1.126941306059108e-07,0.00010388982717232415,1.882600579058817e-05,8.41322848077436e-05,3.0322109913413053e-07,0.9849890009793904,8.39344124288344e-09,8.911233098029584e-07,1.9491446863538945e-07,0.00045370564648054845,1.8734395674350298e-07,0.001147355918114394,0.00013338526482327062,0.004127404256722494,2.137055106761347e-06,0.00016378959367469644,0.008275736631588754,0.00015587914777648616,1.2987272476731647e-05,9.812556679361819e-08,0.00011321971811101668
22,7.22101615849359e-08,2.0354948214041546e-06,8.05298202601493e-07,0.0002191180003537669,9.213819827868229e-08,9.083192952689813e-05,1.5874796151942506e-05,7.789534126511801e-05,3.334982188911923e-07,0.984845046102962,6.743225005688905e-09,8.547842940011688e-07,1.5565087454434783e-07,0.0005196281821920175,1.5818289766036923e-07,0.0012937121525512698,9.950842803691895e-05,0.005397330718628674,1.7203171669153013e-06,0.00014193674803084593,0.007047831633012408,0.00013688275907925703,7.756476555674298e-06,8.000835990354278e-08,0.00010033240523256277
23,5.6662326846627866e-08,2.1741518896869354e-06,7.4231031299073e-07,0.00021441673145209812,8.312393245392271e-08,7.851924888012575e-05,1.798643167947142e-05,7.476895232958983e-05,3.2692370248366524e-07,0.9865034425064912,6.009712825934232e-09,9.755299296588056e-07,1.4455757476578389e-07,0.0004621915040627342,1.5656929184379495e-07,0.001285729868997365,7.30044617988761e-05,0.0038190822908822767,1.7930076172929491e-06,0.00012879317122641636,0.007115081912170671,0.00012515937859615685,7.5779426624503715e-06,7.623492800762006e-08,8.771051755178432e-05
24,5.606531242935436e-08,1.9623378451973403e-06,8.538588849160384e-07,0.00020336069585202444,8.642070246311816e-08,8.25019038142067e-05,1.9977916860296546e-05,8.05416814572372e-05,3.478315043196462e-07,0.9857430681992552,6.305276267711424e-09,1.0393245474501105e-06,1.581502392755277e-07,0.0004227134525297532,1.8338008249048152e-07,0.0013785415174375978,7.293644983781539e-05,0.0037690993183830657,1.8771893129312528e-06,0.0001281798163173816,0.00785708452885041,0.0001343841067933464,7.841961233026684e-06,7.887733653275774e-08,9.311871033442291e-05
25,5.291578856886298e-08,2.515501902620941e-06,6.936552203138061e-07,0.0002627571355957724,9.4911526602698e-08,7.942918517192222e-05,2.2513996411197068e-05,0.00012185372283833362,3.337068650333803e-07,0.9857262925894615,9.847706219934072e-09,1.1345264802676669e-06,1.1985508129018736e-07,0.000657672651224265,1.8318430207002696e-07,0.0014549414225609526,7.355176677553158e-05,0.004067850465665785,2.1338891063614104e-06,0.00012507002092523406,0.0071560666568119,0.00015999585900074582,8.435630740738869e-06,7.962511393442892e-08,7.621727772260996e-05
26,8.810078628606027e-08,2.2620355127738266e-06,8.748276609958557e-07,0.00020577584062158647,9.800342940120538e-08,9.968296769057871e-05,1.417832816283357e-05,5.72050081014742e-05,3.498767101304854e-07,0.9865248797911378,6.544000537465731e-09,7.630995777343547e-07,1.9752042133141705e-07,0.0003793944024782974,1.0424941969101516e-07,0.0011193384588647497,9.515866388239876e-05,0.004668707521127522,2.1696334918509073e-06,0.00015432124192209687,0.006485456239108152,9.974605493996056e-05,9.262875764721586e-06,1.345211548436541e-07,7.984419403204948e-05
27,5.348305160015231e-08,2.190964867498995e-06,7.360625763511401e-07,0.0002321239767667658,8.081529457693242e-08,7.873847201990225e-05,1.8592711125214694e-05,8.381587063044512e-05,3.4534737087636665e-07,0.9857158305027159,6.720447197456937e-09,1.058394596488187e-06,1.3996701009696556e-07,0.0004802687825491696,1.8087273472556966e-07,0.0013839398575443195,7.593653833760178e-05,0.003952451082938554,1.8967733613097653e-06,0.00012757008446615472,0.007592887336113944,0.00015619167108367062,7.937150216165365e-06,7.887016420296203e-08,8.694769201713456e-05
28,5.6662326846627866e-08,2.1741518896869354e-06,7.4231031299073e-07,0.00021441673145209812,8.312393245392271e-08,7.851924888012575e-05,1.798643167947142e-05,7.476895232958983e-05,3.2692370248366524e-07,0.9865034425064912,6.009712825934232e-09,9.755299296588056e-07,1.4455757476578389e-07,0.0004621915040627342,1.5656929184379495e-07,0.001285729868997365,7.30044617988761e-05,0.0038190822908822767,1.7930076172929491e-06,0.00012879317122641636,0.007115081912170671,0.00012515937859615685,7.5779426624503715e-06,7.623492800762006e-08,8.771051755178432e-05
29,5.6662326846627866e-08,2.1741518896869354e-06,7.4231031299073e-07,0.00021441673145209812,8.312393245392271e-08,7.851924888012575e-05,1.798643167947142e-05,7.476895232958983e-05,3.2692370248366524e-07,0.9865034425064912,6.009712825934232e-09,9.755299296588056e-07,1.4455757476578389e-07,0.0004621915040627342,1.5656929184379495e-07,0.001285729868997365,7.30044617988761e-05,0.0038190822908822767,1.7930076172929491e-06,0.00012879317122641636,0.007115081912170671,0.00012515937859615685,7.5779426624503715e-06,7.623492800762006e-08,8.771051755178432e-05
30,5.6662326846627866e-08,2.1741518896869354e-06,7.4231031299073e-07,0.00021441673145209812,8.312393245392271e-08,7.851924888012575e-05,1.798643167947142e-05,7.476895232958983e-05,3.2692370248366524e-07,0.9865034425064912,6.009712825934232e-09,9.755299296588056e-07,1.4455757476578389e-07,0.0004621915040627342,1.5656929184379495e-07,0.001285729868997365,7.30044617988761e-05,0.0038190822908822767,1.7930076172929491e-06,0.00012879317122641636,0.007115081912170671,0.00012515937859615685,7.5779426624503715e-06,7.623492800762006e-08,8.771051755178432e-05
31,7.856750569617958e-08,2.2748344968481243e-06,1.006101140648428e-06,0.00020447091145668546,8.320841020406574e-08,7.558743498355665e-05,1.9335431963982816e-05,9.538370022878464e-05,3.09566209321485e-07,0.9877709704607452,6.087502294811547e-09,9.097512700987195e-07,1.360718168604074e-07,0.00042639560261570374,1.3940355475300802e-07,0.0011261614891690858,6.602589884652859e-05,0.003959569073574967,1.971815624907494e-06,0.0001180774714735906,0.005940211224490514,0.00010152448716661618,7.168231862775753e-06,7.60302906078288e-08,8.212714359938977e-05
32,5.98810866965107e-08,2.2742178533466055e-06,7.72669239769199e-07,0.0002125557558490928,8.419811918808374e-08,8.196831854220678e-05,1.8062170333062617e-05,7.767396220464583e-05,3.424191677827428e-07,0.9864345797047224,6.306915302473991e-09,1.0001709377692979e-06,1.49126694671515e-07,0.00045623621013289893,1.6082646970084522e-07,0.0013153413213829793,7.33632224593549e-05,0.0037976573518526363,2.0132376350772205e-06,0.00012910548117291148,0.007175206981063908,0.0001281754031697767,7.673738134625766e-06,8.224704351745349e-08,8.545507781681106e-05
33,5.5428300578130395e-08,2.3593414257474306e-06,5.619092482797277e-07,0.00026309464830454797,1.0751866821663537e-07,9.607200344086985e-05,1.5927639364721826e-05,9.048750090110703e-05,3.088995554862619e-07,0.9844460826910446,9.107956898628678e-09,9.21851605647632e-07,1.8780094878555432e-07,0.0006197914461523054,1.293519532783218e-07,0.0016181023257248596,0.0001391979186500267,0.004517811317264513,2.321970963175174e-06,0.00016986002958252963,0.007759622110097901,0.00017543895344425495,9.989137532230225e-06,1.0936027661575893e-07,7.144973759282257e-05
34,1.174324935455949e-07,3.3593120828044e-06,1.2456187491103103e-06,0.00021590774414994023,1.1486579554426657e-07,0.0001114314171195946,2.4120711614220088e-05,0.00011325611587311606,5.92308662150565e-07,0.9840294548226726,9.646026793855172e-09,1.4751591194018393e-06,2.2119141942915893e-07,0.0005124845783385684,2.2499015126208843e-07,0.0015983775394564988,8.141397443995199e-05,0.004868020602683375,4.108586054659504e-06,0.00013138547922636937,0.008041074361110076,0.00015747170660896685,7.805330425475022e-06,1.3031807739066502e-07,9.619618764933608e-05
35,2.8621071283443408e-08,2.085439491845892e-06,5.085180217317027e-07,0.0001855763590745718,9.54110590274656e-08,8.236889408502603e-05,1.603631062769844e-05,5.523392403317453e-05,2.3029836014763403e-07,0.9888884808463944,6.249694882948357e-09,7.421013795970524e-07,1.2638299254662374e-07,0.00047915318623121075,1.7627565753871733e-07,0.0012793542468420341,6.954551834279388e-05,0.0020257564350790987,1.519591331441232e-06,0.00015946914888013289,0.006554228584039778,0.00010610247235732733,1.069170358318963e-05,6.628326326736902e-08,8.24171981063362e-05
36,3.318266097232802e-08,1.5278605264045598e-06,4.6836000833459604e-07,0.00014185107510232642,6.532476799070907e-08,7.297235401001754e-05,8.970401994330051e-06,2.8868206643335627e-05,1.7352242752686873e-07,0.9915239332957166,3.1685868414734888e-09,2.930958879701497e-07,6.814479457373623e-08,0.0002819744249755854,6.61720770268781e-08,0.0006524466176788218,4.5010518846589415e-05,0.0024341724136592133,8.516153857551064e-07,0.00011166849267832372,0.004581754097937875,4.75752175365979e-05,8.237000662372996e-06,6.058624917848985e-08,5.695484918520108e-05
37,7.429303318144391e-08,2.1349941108258693e-06,8.282838203238258e-07,0.00022219212195584512,7.421427171293413e-08,6.813042196914802e-05,1.6520516412265704e-05,6.368345988333171e-05,3.1933910398714223e-07,0.9872362172017112,5.509384790929004e-09,9.498290029503613e-07,1.4832016579352374e-07,0.00037855713033466956,1.0605113726571596e-07,0.0010777817758907174,6.650616140683059e-05,0.004392283040056018,1.7023890620366525e-06,0.0001262259796459423,0.006155039635284206,0.00010481957860571708,7.672214113121671e-06,9.845865543328691e-08,7.79290809827767e-05
38,7.42949357696114e-08,2.1917227070970776e-06,9.278525721493369e-07,0.00016617870057126553,1.0419822795947522e-07,0.00010181548756817892,2.092192625320625e-05,7.817530818031584e-05,4.0475432925912787e-07,0.9876097159805995,6.422708483500117e-09,8.961123926730149e-07,1.5658517780887957e-07,0.00040845135411227563,1.9885144807219034e-07,0.0015797221396732012,5.789545645111385e-05,0.003721106645286807,2.2652347383226365e-06,0.00011595214078905552,0.00593472178832688,0.00010131992829460518,6.467339422819493e-06,8.587176200873487e-08,9.024390347089147e-05
39,5.45596565221578e-08,1.4469039628374867e-06,9.892894329209637e-07,0.00019598282644818493,7.963185496620546e-08,0.0001142132829462064,1.743510313166731e-05,0.00010049418596466044,3.5394867116215574e-07,0.9832413991717845,6.0005473704905185e-09,9.145561286913379e-07,2.1678357606393988e-07,0.00035047070569231456,1.8650583556551766e-07,0.0017844563841145598,9.649893461753732e-05,0.004095591741035752,2.3118679328392013e-06,0.00013800043540336207,0.009630856754609137,0.0001386402548445185,6.838737367722778e-06,8.683524458715957e-08,8.247459919647084e-05
40,7.790029042990023e-08,2.7024385941565776e-06,1.1357059233331423e-06,0.00021469012705580456,1.0337202632655908e-07,8.435793588368506e-05,2.8090477943418268e-05,9.209303645140673e-05,4.4916702661884127e-07,0.9851922722092458,7.467724006605246e-09,1.556042288421183e-06,1.8819925337012076e-07,0.0005480698144295201,2.3779369342960912e-07,0.0013277205804263336,6.85223051723517e-05,0.0039975289201215885,2.26360776917333e-06,0.000120757971864392,0.008040140414845312,0.00014534783824911578,7.943394929066898e-06,8.040949834323608e-08,0.0001236628692949829
41,3.313970544068459e-08,1.8674076689764214e-06,5.070945398836034e-07,0.0002360412571820604,4.0557669600236506e-08,6.190554487195652e-05,1.1321697068344384e-05,5.539643364162376e-05,2.0437567280240144e-07,0.9868671437085916,4.813534777751704e-09,8.548415747365853e-07,8.93983181718218e-08,0.0004435706025127748,9.442768742300624e-08,0.000806047049671255,6.969485458478033e-05,0.003187835754796744,1.5616841813909037e-06,0.00010162318294865632,0.007933975948422706,0.00014637750870971126,8.745736233539813e-06,6.753011035986081e-08,6.499545010064952e-05
42,7.788681159691668e-08,2.666853624997833e-06,7.152047207460799e-07,0.00020423869477500132,1.3421230280909907e-07,7.887057238753729e-05,1.968292647583493e-05,5.188956436706564e-05,3.209227656990212e-07,0.9872155692775579,5.968832217023859e-09,8.148425851610564e-07,1.435601091726677e-07,0.0006591997002469739,1.2580111344472858e-07,0.0009119729534246838,8.153563099754561e-05,0.004527796171267486,1.200275984467394e-06,0.00014264020221032208,0.005879363854636561,8.438223187006162e-05,8.913355365650078e-06,6.719430931041782e-08,0.00012767214125770733
43,0.00023299397707513794,0.00032444283102042764,0.00013572758167464127,0.0071658484198474474,3.787183693036491e-05,0.00042250615531012745,0.007758890081140815,0.003350048632751537,0.00018093874300431875,0.555557612053254,2.8349797102018664e-06,0.004021165409932432,0.0001356259263135758,0.08602746457471615,2.2113279930015992e-05,0.013267129701698587,0.0017101733835800483,0.2612803324651644,8.794352492282414e-05,0.0013708907455234694,0.01764875184812202,0.0025608911495848593,0.00011210901046782632,5.689207176329146e-06,0.036580004481148426
44,5.6662326846627866e-08,2.1741518896869354e-06,7.4231031299073e-07,0.00021441673145209812,8.312393245392271e-08,7.851924888012575e-05,1.798643167947142e-05,7.476895232958983e-05,3.2692370248366524e-07,0.9865034425064912,6.009712825934232e-09,9.755299296588056e-07,1.4455757476578389e-07,0.0004621915040627342,1.5656929184379495e-07,0.001285729868997365,7.30044617988761e-05,0.0038190822908822767,1.7930076172929491e-06,0.00012879317122641636,0.007115081912170671,0.00012515937859615685,7.5779426624503715e-06,7.623492800762006e-08,8.771051755178432e-05
45,6.072305797339896e-08,1.8370454778617729e-06,9.917092086978754e-07,0.00021344036628056403,8.596276120584599e-08,9.823185101806036e-05,2.2351582010092345e-05,0.00012464927711466862,4.0200108834208654e-07,0.9860174904517993,8.118037290386579e-09,1.0685580519103419e-06,1.6045737225602266e-07,0.0004012107792829612,2.691702919085227e-07,0.002092800197853568,6.391085649635899e-05,0.0041393935063286915,2.391758742823527e-06,0.0001234043457354119,0.006455535908319342,0.00015339544113938546,6.2041645799886545e-06,8.74394233685044e-08,8.061832852801513e-05
46,6.17685238121167e-08,2.0437819460959178e-06,7.846954752222954e-07,0.0003202619413859389,9.830634009876651e-08,0.00011712766226639935,1.5503804765651638e-05,8.64178584949911e-05,3.540581495864982e-07,0.9787762835271185,8.685349187858296e-09,1.2081983535066974e-06,2.976725672002147e-07,0.0005927404160416787,1.860522261723706e-07,0.0015647698697156998,0.00022939679673624397,0.005684171686178543,2.322182560045799e-06,0.0002033681002516303,0.012024607683307167,0.00024540786543340176,1.2068858618773119e-05,1.1249072725901708e-07,0.00012039603746701239
47,7.619982808426407e-08,2.4083177442007463e-06,8.717998719007033e-07,0.000229053330433475,9.175726287259519e-08,7.551571383745646e-05,2.0896652104060133e-05,7.681957041059573e-05,4.603544685489808e-07,0.9828019553543087,5.834122634508848e-09,1.5895620420199315e-06,2.463499990889159e-07,0.00043160658356102997,1.969425348375439e-07,0.001774373765617721,9.692580055387029e-05,0.004556119912841475,2.2957322094039997e-06,0.00015534802581320984,0.009477015520044905,0.00017753450777371766,7.2122023780749346e-06,9.477728387149645e-08,0.0001112854329544006
48,5.683425477995975e-08,2.282745766216032e-06,7.111018568998673e-07,0.0002075361837519242,8.003442614164704e-08,8.358610284032871e-05,1.6482905635996645e-05,7.438586430191689e-05,3.210240428916387e-07,0.9869949174981355,6.260495270816817e-09,9.116925315892059e-07,1.424054046720132e-07,0.0004471652667201534,1.4392182123256785e-07,0.0012716658366841635,7.471377871994042e-05,0.003625477482718983,2.1144308105414126e-06,0.00012555619750063968,0.006861049517051968,0.000125637267564242,7.738012192507633e-06,8.455873447501888e-08,7.723307603710345e-05
49,5.065564055256628e-08,2.064507765980219e-06,7.685694554776356e-07,0.00022479935009855922,7.086721551877079e-08,7.292364092150428e-05,1.7976802897494426e-05,7.083504280363192e-05,3.041961881555435e-07,0.9866825436457174,5.680470889858755e-09,1.050926754172469e-06,1.4077936608790963e-07,0.00044224427114639505,1.5043333314166478e-07,0.0011583563685039914,6.729708860046402e-05,0.003545361529911169,1.6621283438639824e-06,0.00012114480777305915,0.007367589975874276,0.0001271509212188963,7.868233661423016e-06,7.412070119976558e-08,8.756545563670842e-05
50,8.424000450860205e-08,2.5153455076130916e-06,8.110983427917031e-07,0.00031338617515906615,9.992313633004637e-08,0.00013546911219594322,1.3613771685829007e-05,7.535811994999378e-05,6.568342479467983e-07,0.9772162327362739,8.71897946478208e-09,1.1746134991313417e-06,2.89587436688749e-07,0.0004884160207822849,1.9636575253232675e-07,0.002131725758690196,0.00014091195769893474,0.007595474423668314,2.850066386677117e-06,0.00020182518072103502,0.011364942621823988,0.00021183829315811565,8.23802699768766e-06,1.6918697236597543e-07,9.371182092858533e-05
51,5.6966229714199353e-08,3.321720725215681e-06,6.579189672936384e-07,0.00028902204133110884,5.511323604262746e-08,5.893548067229019e-05,1.6382510621475197e-05,8.028248782060368e-05,3.3250467815917985e-07,0.9871903360251322,5.6811186696968896e-09,1.2317890263797683e-06,9.625377206276262e-08,0.0005940635571535363,1.4346477862712708e-07,0.000944027974553795,5.9592512906535774e-05,0.003850374562298637,1.8908955211843988e-06,0.00010229151512378223,0.006561241108434565,0.00015775602508281427,7.098183169297542e-06,6.408649409888905e-08,8.073962115175483e-05
52,2.1171090685937204e-08,8.06932306284166e-06,7.264466396097436e-07,0.0003736205242693833,6.778842729393376e-08,1.888106856832369e-05,4.983784055728191e-05,6.429968317941422e-05,3.513260149039929e-07,0.9691711870331532,3.601435126146529e-09,8.213024758895213e-06,3.41301397925168e-07,0.00030151375713463775,1.231365157444139e-07,0.0006317188691463679,7.071609224360543e-05,0.00040122726665431146,3.886910226942003e-06,0.00018434879477121843,0.028361849778966042,0.00023363513332917346,2.8720548047006112e-05,9.143980619152684e-08,8.65481406037207e-05
53,4.4297009791996924e-08,2.02514610080903e-06,7.885824528996076e-07,0.00022020914065909135,1.0670532995516731e-07,5.8627606051021156e-05,3.187238705490961e-05,9.053864059826319e-05,3.3563138125056937e-07,0.9868700812588498,6.8802003178944755e-09,1.4017875616991359e-06,1.4570066389252074e-07,0.000468223023321642,2.167757901383922e-07,0.001450294045364018,5.5873078918242735e-05,0.0029973854097925736,1.4247348049341405e-06,0.0001286352874203271,0.007377753937955106,0.00013238170701429996,8.725635566026634e-06,6.444789228116299e-08,0.00010283815224672905
54,6.018368415158189e-08,2.741035435674853e-06,6.758442873110304e-07,0.00018713361295237972,8.113348241822353e-08,6.919673327915236e-05,1.8284343436531943e-05,5.7487110863261246e-05,3.194111438587848e-07,0.9887884878052348,4.5870191711301884e-09,9.825524624303318e-07,1.0956522707695918e-07,0.0005327910484338579,1.7554557517008135e-07,0.0010701937267614846,5.3828621322203214e-05,0.0032621501438140268,1.5095432545444788e-06,0.00010639434384541508,0.0056251841265196985,0.00010428900099365983,6.539765310103254e-06,5.242012048631396e-08,0.00011132779554119606
55,1.0814115734111367e-07,2.852559859727049e-06,1.2151510530258318e-06,0.00030898109615699556,9.645202463802207e-08,8.037534689426742e-05,3.095577211810339e-05,9.218586894240106e-05,7.714698947566425e-07,0.979715475391655,6.838255779678543e-09,2.6783723552635025e-06,3.3436566642642883e-07,0.00045955623786942074,2.121840315581581e-07,0.0019377731182794599,7.50658349862985e-05,0.006150125486719675,2.6708563650273224e-06,0.00014010284665862133,0.010693035896003502,0.0001764442325178964,6.387797110914096e-06,1.2960728360979651e-07,0.00012245907614024052
56,6.152403714430015e-08,2.293398003307945e-06,7.958909243692293e-07,0.0002250873112648491,8.82793929768967e-08,8.1369020900322e-05,1.921150897962491e-05,7.785633548158517e-05,3.539845691704943e-07,0.9858287014296104,6.4629127256413665e-09,1.0967517879702315e-06,1.6459434248610604e-07,0.00048067250015617935,1.6464674510507857e-07,0.0013273652637509263,7.766063274036863e-05,0.003970064687520319,1.9403760922017736e-06,0.00013469208344365103,0.007537935702727201,0.0001317388685476481,7.899208245416455e-06,8.315465075008814e-08,9.269638317312562e-05
57,4.5312679144364984e-08,1.2918405087252549e-06,4.5394229067046204e-07,0.00011079372780264241,7.784672515093398e-08,0.00015299238327438425,6.290271586707986e-06,3.317748356166962e-05,1.4439856700936833e-07,0.9922451914365693,4.41166002776432e-09,5.51722939342028e-08,1.1980601397594422e-08,0.0005200393100864924,8.175933256589931e-08,0.0005064611297041902,1.8845704504537776e-05,0.0047864260607571344,4.03673247560827e-07,4.8704623637310724e-05,0.0014911319106427209,2.098009225736622e-05,4.798200246154186e-06,3.0663185456128814e-08,5.1566664277834935e-05
58,6.637298501012021e-08,2.349980155061489e-06,8.204624805055494e-07,0.00022655944077223364,8.777059323604137e-08,8.601777285632584e-05,1.9010600759735035e-05,7.68240197425619e-05,3.72465099274855e-07,0.9857637549120462,6.868343911622249e-09,1.109941102594992e-06,1.6824327319756863e-07,0.00046490501382177944,1.573322592884412e-07,0.0013302294183333283,7.555412758207032e-05,0.004095866326464947,2.1537527216684203e-06,0.0001308109005535545,0.00749567790724259,0.00013139931040460215,8.112571694849163e-06,9.674015712447236e-08,8.788774855425459e-05
59,5.806473690465244e-08,2.1299470264960583e-06,7.978932268876702e-07,0.00021253526333929476,8.007343314110447e-08,7.986974902460176e-05,1.8009683815628538e-05,7.373044834533886e-05,3.368332672683776e-07,0.9866514272566904,6.155194050655117e-09,9.903177755606635e-07,1.496565573525457e-07,0.00041158415387547827,1.5022507357148766e-07,0.0012872255584714751,6.726100574946917e-05,0.003680555413996762,1.9308221348260967e-06,0.00012731979207005384,0.007174104805068959,0.00012138676760074565,7.787944664747882e-06,8.868180170806085e-08,8.048348705923806e-05
60,5.6662326846627866e-08,2.1741518896869354e-06,7.4231031299073e-07,0.00021441673145209812,8.312393245392271e-08,7.851924888012575e-05,1.798643167947142e-05,7.476895232958983e-05,3.2692370248366524e-07,0.9865034425064912,6.009712825934232e-09,9.755299296588056e-07,1.4455757476578389e-07,0.0004621915040627342,1.5656929184379495e-07,0.001285729868997365,7.30044617988761e-05,0.0038190822908822767,1.7930076172929491e-06,0.00012879317122641636,0.007115081912170671,0.00012515937859615685,7.5779426624503715e-06,7.623492800762006e-08,8.771051755178432e-05
61,5.9506444750399266e-08,2.1699014692953374e-06,8.243311978611597e-07,0.00021553431864086028,8.249634253251329e-08,8.00850524874232e-05,1.8669212216040246e-05,7.52467644500974e-05,3.3978929600613854e-07,0.9866463035043305,6.318062318171379e-09,1.0175732908769117e-06,1.5205755078392903e-07,0.00042146296316731907,1.548929530690969e-07,0.0012762192473143382,6.814592287887502e-05,0.0036935150672288133,1.9276924776109415e-06,0.00012792435776967908,0.007156211990525853,0.0001222768250443309,7.986447959569537e-06,8.825056205622456e-08,8.359551633911236e-05
62,5.6662326846627866e-08,2.1741518896869354e-06,7.4231031299073e-07,0.00021441673145209812,8.312393245392271e-08,7.851924888012575e-05,1.798643167947142e-05,7.476895232958983e-05,3.2692370248366524e-07,0.9865034425064912,6.009712825934232e-09,9.755299296588056e-07,1.4455757476578389e-07,0.0004621915040627342,1.5656929184379495e-07,0.001285729868997365,7.30044617988761e-05,0.0038190822908822767,1.7930076172929491e-06,0.00012879317122641636,0.007115081912170671,0.00012515937859615685,7.5779426624503715e-06,7.623492800762006e-08,8.771051755178432e-05
63,5.772742878953704e-08,2.3774921997552754e-06,7.405133146827628e-07,0.00021176140658741058,8.307648232911767e-08,7.650679853678984e-05,1.7705505090346888e-05,7.221265755783837e-05,3.265387495067544e-07,0.9870503211871846,5.871463171674552e-09,9.704674243679683e-07,1.3977835674680612e-07,0.00045983308014712,1.526922704422799e-07,0.0012228607649615011,6.984822943553224e-05,0.0035544028959866997,1.8521803586498343e-06,0.00012779432181027299,0.006915948802398292,0.00012060790254085582,7.716418373608153e-06,7.632808292494236e-08,8.569736325780779e-05
64,5.2360208054770395e-08,2.1769376163972647e-06,7.372640699589541e-07,0.00022163938522838477,8.019122277360531e-08,7.639029492930809e-05,1.790215390207096e-05,7.15047238743628e-05,3.280066283909993e-07,0.9857049446687078,5.749939594037297e-09,1.035214206218789e-06,1.4830896234763868e-07,0.00046174662850303517,1.5336002593404608e-07,0.0012401462792491628,7.349782491745011e-05,0.0036462068126142033,1.7314883381760212e-06,0.00013087754363882173,0.008123140257559091,0.0001290599151127424,7.95243611604633e-06,7.585438173236423e-08,8.846634004795258e-05
65,8.392278496388371e-08,2.6515861158314453e-06,8.636930651062135e-07,0.00024234184871600088,1.0617957974572729e-07,9.922495245709554e-05,2.0335500204204426e-05,8.298692055256343e-05,4.910765545616073e-07,0.9835993017944452,8.405015907314823e-09,1.3075296028586373e-06,2.1581035668634997e-07,0.0005145956158090304,1.9084932149583773e-07,0.0016372911706416303,9.614342844532625e-05,0.0052123732226864,2.665405401470286e-06,0.00014457924853921884,0.008065284384864308,0.00016832856682179898,8.2185188100745e-06,1.1822606534976819e-07,0.00010029214314314496
66,5.915484811077702e-08,1.6752235400458549e-06,7.779869832072142e-07,0.00013327832624482396,1.1715249228690378e-07,9.709709853964084e-05,1.2795574470680075e-05,4.6827369985805465e-05,2.9110538374360376e-07,0.9880121208183301,5.048206435243237e-09,5.146086188773767e-07,1.9136704291432804e-07,0.00027138358890035853,1.1587226489261436e-07,0.001211328125599242,8.473993928466754e-05,0.003144906223008774,1.6970086800101182e-06,0.00019150076110179755,0.006631581389476031,7.349451878648844e-05,8.941811486725308e-06,1.0636353953058947e-07,7.44535631848203e-05
67,4.7033633966028895e-08,1.7754245259911337e-06,6.306013939839959e-07,0.0002195796705819291,7.84400843895126e-08,9.047679938198963e-05,1.3876141129621585e-05,5.9044890706363116e-05,2.67490006098302e-07,0.9860816986789378,5.425314734295673e-09,7.606158426609183e-07,1.5728882960758675e-07,0.00046161342088558554,1.2807217128790046e-07,0.0012088585496377543,8.96110793764029e-05,0.003951111572628351,1.4842493477751765e-06,0.0001456817049380674,0.007468689965086993,0.00010941422706193571,8.078369035868432e-06,7.69029339402704e-08,8.685338652655752e-05
68,5.951676027689174e-08,2.3586489722230597e-06,7.265437642880889e-07,0.00020601592353453155,1.0986299960871175e-07,9.372084078559787e-05,1.968165849019899e-05,8.088524585141787e-05,3.629397025737209e-07,0.9863661096347973,7.489131502396586e-09,9.868323928856164e-07,1.6296072828647694e-07,0.000529531656056922,2.1424159481476756e-07,0.001527675119224843,8.440883078360528e-05,0.0038899167801199857,2.0565218815607864e-06,0.000145789689414504,0.0068016500496765565,0.0001382862246840886,8.187630650532237e-06,8.007889770163841e-08,0.00010101507910408236
69,4.489128152194794e-08,2.0936535758257443e-06,7.456703442834004e-07,0.00022826025783974634,8.144566376863446e-08,7.738857746003279e-05,1.867374880232746e-05,8.116650639176527e-05,2.9592190180509664e-07,0.9865529842556526,7.182048211447776e-09,1.013692963795859e-06,1.4540065352941217e-07,0.0003943765703773027,1.4818086393340559e-07,0.0013493391144401698,6.126535188903256e-05,0.0029144427555163658,2.012136776773179e-06,0.0001415276071231972,0.007982463195532852,0.00011596760904640064,9.383312211599987e-06,1.0151127201814847e-07,6.607145037091271e-05
70,6.39100145533204e-08,2.014523012510765e-06,8.1388610782887e-07,0.0002176939276551493,9.122335266994568e-08,6.649497492012772e-05,2.0960011726634416e-05,8.98163684730504e-05,3.1589532639044656e-07,0.986825380552654,5.37252748593335e-09,1.0061021591529293e-06,1.5136429812086205e-07,0.0005068314772731884,1.8020254597982162e-07,0.0014219161667843971,7.66165877683097e-05,0.004484851992730723,1.335103788861748e-06,0.0001405176500554984,0.005910660867513918,0.0001193856684375955,5.929299437963504e-06,5.43606206899653e-08,0.0001069125108152991
71,4.324994360792621e-08,2.482133464629748e-06,4.647445338068408e-07,0.00018823994413851198,1.1412519458893698e-07,5.193784569937221e-05,1.6847413135745595e-05,5.157070011551043e-05,2.567241784832058e-07,0.9889938747192627,4.286300150323874e-09,7.977037792635889e-07,1.3513349021964208e-07,0.00043968850577488935,1.199098953609787e-07,0.0012113923969819473,6.576813497024555e-05,0.0026205815707260123,1.1363135845648145e-06,0.00019175056053211364,0.005992513170720857,7.871108122667294e-05,8.055014607699263e-06,5.990357602407584e-08,8.345471416688713e-05
