,0,1,2,3,4,5,6,7,8,9,10,11,12,13,14,15,16,17,18,19,20,21,22,23,24
0,0.01775796542161979,8.199981937032755e-06,4.5643908869002116e-05,0.012185912888855096,0.005122101249576695,0.0020060685625428237,6.859122046908364e-06,0.0036063316538780163,0.3043885502544953,0.6140788143010137,0.0028126445800631937,2.427699999328266e-06,2.1555146433863447e-05,2.800071044916444e-06,7.694785473498093e-05,0.0012917829090483457,3.765173106046869e-05,9.138944042046739e-05,0.03631470710522316,1.738505853021827e-05,1.508333494790342e-07,4.9950742798277207e-05,4.043493230596425e-05,1.97453579056341e-06,3.175001436255408e-05
1,0.05288581941578741,0.0042024349148749515,6.634457428466907e-06,0.10330014140769085,0.0026320595589707702,0.003318869876573669,0.0001299657308756243,0.00581942615691379,0.03611145728149565,0.09920559964936293,0.45484232165551924,0.0004766176597303895,6.551283102860005e-06,0.012259954904155204,0.10071396974682416,0.00020802615918552345,0.0007734374214352202,0.0425620640616292,0.009302807281358546,0.00016477493681455135,4.71641738776886e-06,0.008758807577120402,0.0048136624406250736,4.2365907897022785e-05,0.05745751409724078
2,0.018436303935388268,1.1644909803315755e-05,5.276052643516823e-05,0.008928098512754359,0.007273640954540103,0.0014959381777864748,6.0717648740271985e-06,0.003261905956204216,0.3250144747022675,0.596384097792371,0.004513756254761866,2.6808002616406786e-06,1.621013949627906e-05,4.557972465346947e-06,0.00013506799859647613,0.000773694183811711,3.460900952860636e-05,8.142821092291858e-05,0.03340676172687614,1.888952807325199e-05,1.6191471062521898e-07,4.766973050735436e-05,4.43947464764388e-05,1.6652343902165613e-06,5.351531669670008e-05
3,0.019945756344488395,1.3367829287939388e-05,5.528104499553485e-05,0.010868164148034386,0.00684783934507845,0.002171475158893158,7.42771030558905e-06,0.003235254694214928,0.3270660309951507,0.5792989039710644,0.003525681897599614,2.8887942632182455e-06,1.810901913173963e-05,3.9950564819611606e-06,0.00011025098342079355,0.0011192819531010909,4.482206678894226e-05,9.510533750151026e-05,0.04538724189415137,1.6689602163996975e-05,1.8783795503702554e-07,6.687926331889077e-05,4.590706620191766e-05,2.158802306263927e-06,5.129918410019417e-05
4,0.021005639858132953,1.3100290401984457e-05,5.6949879737507926e-05,0.010887853543907752,0.00696771303084887,0.0021818007754254346,7.689929628417615e-06,0.0033087671572273342,0.3099612782120841,0.5923764657377063,0.003469570700193262,2.907589972130855e-06,2.0469143877223737e-05,4.305869693402626e-06,0.00010740304498058747,0.001180317063419953,4.6279075183300315e-05,0.00010088889455605004,0.048120106725504666,1.7699116776573116e-05,1.87205994726922e-07,6.430997695575051e-05,4.592721879153317e-05,2.3829300154771873e-06,4.9987028984689324e-05
5,0.020146313808749115,1.4698708219899512e-05,4.827602022677811e-05,0.012756960481380612,0.006511685929791863,0.0024536383466383957,7.345883060506885e-06,0.0033990546499439115,0.32178825942735595,0.5803361422680977,0.0036651487960911197,2.8703906406130096e-06,1.938000704187808e-05,4.1430439480028085e-06,0.00011715274813561953,0.0011975973277343031,4.553873325149918e-05,0.00012404025946850214,0.047168803397744236,1.8450299508412972e-05,1.8984251199835924e-07,7.135472698239805e-05,4.99498397109313e-05,2.273875430221947e-06,5.0731188335497465e-05
6,0.019945756344488395,1.3367829287939388e-05,5.528104499553485e-05,0.010868164148034386,0.00684783934507845,0.002171475158893158,7.42771030558905e-06,0.003235254694214928,0.3270660309951507,0.5792989039710644,0.003525681897599614,2.8887942632182455e-06,1.810901913173963e-05,3.9950564819611606e-06,0.00011025098342079355,0.0011192819531010909,4.482206678894226e-05,9.510533750151026e-05,0.04538724189415137,1.6689602163996975e-05,1.8783795503702554e-07,6.687926331889077e-05,4.590706620191766e-05,2.158802306263927e-06,5.129918410019417e-05
7,0.014153775406306801,3.2759220485264726e-05,3.988717333821375e-05,0.014492754321619344,0.00682529628344913,0.005582459262736787,7.3500242007872575e-06,0.002328296149093854,0.5304916730891706,0.3697373091995964,0.005076179470212166,4.098773937352857e-06,7.866689228637408e-06,5.8821490206820685e-06,0.0003137515692832829,0.0015670705072098026,4.4085188116457865e-05,0.00025006803613779327,0.04869032274680365,1.4779807182876095e-05,5.589659908162629e-07,0.00011750145844299048,0.00013432243773653268,1.9725608507797574e-06,7.997950984922955e-05
8,0.02138456129299721,9.085483914927054e-06,6.32649459340881e-05,0.008316137492526082,0.0061516158426656795,0.0013425640631300323,7.26837769143214e-06,0.0028893686361756783,0.2600865838672552,0.66213934948822,0.003023749690495365,2.72669632956932e-06,1.8798456544919276e-05,4.347764140001868e-06,8.575462906481321e-05,0.0007967949453845815,4.4372904676597776e-05,5.6964406630122964e-05,0.033411202721598796,1.651568506971297e-05,1.6148544047221507e-07,4.807094076194054e-05,4.310985189143798e-05,2.4901103427123205e-06,5.5140221118796806e-05
9,0.02004442353327909,1.168193927972175e-05,4.939815821016629e-05,0.0100244997422874,0.006122925625912915,0.0016279897172219449,6.6483759366642285e-06,0.0029841354929194992,0.2931373004322587,0.6255523058331007,0.003604968131639194,2.5918235398684966e-06,1.6387359179416638e-05,4.356259389202678e-06,0.00010984065427738052,0.0008183117171228478,4.08328273759015e-05,7.824137327024044e-05,0.03558409013665329,1.658440753717256e-05,1.592656404581697e-07,5.4709527914231373e-05,4.7750249192468135e-05,2.132173867932737e-06,5.773524299366696e-05
10,0.019945756344488395,1.3367829287939388e-05,5.528104499553485e-05,0.010868164148034386,0.00684783934507845,0.002171475158893158,7.42771030558905e-06,0.003235254694214928,0.3270660309951507,0.5792989039710644,0.003525681897599614,2.8887942632182455e-06,1.810901913173963e-05,3.9950564819611606e-06,0.00011025098342079355,0.0011192819531010909,4.482206678894226e-05,9.510533750151026e-05,0.04538724189415137,1.6689602163996975e-05,1.8783795503702554e-07,6.687926331889077e-05,4.590706620191766e-05,2.158802306263927e-06,5.129918410019417e-05
11,0.020155388902565786,1.2203557435638245e-05,5.5314212840873845e-05,0.010488338659596197,0.006518717219495572,0.002109363285828757,7.5333571733903095e-06,0.003445428190584459,0.3121211810988414,0.5946173729758233,0.003284419868580256,2.859083063424477e-06,2.0311066276129058e-05,3.823888344846068e-06,0.00010220110436701077,0.001148200365804947,4.55065313737787e-05,9.471128823969192e-05,0.04559343395789502,1.7057759997523562e-05,1.7905513684835953e-07,6.376975581533966e-05,4.341875435617706e-05,2.2954389764474558e-06,4.6970621587382964e-05
12,0.02058589648996523,1.387919404918403e-05,5.5418319232039265e-05,0.011222454430343575,0.007489167672540488,0.002230951940447948,7.645999359333313e-06,0.002939562177071051,0.33137084534679134,0.5732853210277213,0.003830995718245972,2.89321034203634e-06,1.7558162551850656e-05,4.590070622698015e-06,0.00011552262507061806,0.001119337397078852,4.471481945146102e-05,0.00010312285745995489,0.045369012428336006,1.771189172094022e-05,1.978561122208333e-07,6.475653609790342e-05,5.105175041994375e-05,2.1822917988366483e-06,5.520978716932603e-05
13,0.02229395031776127,1.0231066343294237e-05,6.545448955294462e-05,0.010842460527384665,0.00740817090583749,0.0012802640908277521,7.1969711192932765e-06,0.0036547075195262207,0.29460311884089585,0.6214760464986337,0.0067308800795015155,3.851314388044628e-06,1.9930907489549504e-05,7.009719144422809e-06,0.00016286636425299683,0.0009707619670229487,4.029458161652422e-05,0.00010127395457045524,0.030136426511058505,2.410067848256133e-05,2.104893438181201e-07,4.8162647421581986e-05,5.430063785632816e-05,1.7650895418194668e-06,5.656383042654382e-05
14,0.019306644156965792,1.7665437628594527e-05,5.975319869774166e-05,0.013170355410636546,0.008790650057236215,0.0025432899682553225,6.65450459391479e-06,0.0030049934781661747,0.31336089202665723,0.5751501084312144,0.0042680927345345905,2.5961549705818796e-06,2.1409941965375046e-05,4.288398848664594e-06,0.00011742209842839249,0.0012858104159691537,4.2920080578950226e-05,0.00012697291567546039,0.05853500416990013,2.085807548393372e-05,1.8649829835931673e-07,6.807594800328109e-05,4.562175683544261e-05,2.0284034036827823e-06,4.770573705214922e-05
15,0.019945756344488395,1.3367829287939388e-05,5.528104499553485e-05,0.010868164148034386,0.00684783934507845,0.002171475158893158,7.42771030558905e-06,0.003235254694214928,0.3270660309951507,0.5792989039710644,0.003525681897599614,2.8887942632182455e-06,1.810901913173963e-05,3.9950564819611606e-06,0.00011025098342079355,0.0011192819531010909,4.482206678894226e-05,9.510533750151026e-05,0.04538724189415137,1.6689602163996975e-05,1.8783795503702554e-07,6.687926331889077e-05,4.590706620191766e-05,2.158802306263927e-06,5.129918410019417e-05
16,0.019954920705375398,1.3362140286297144e-05,5.5316515153914884e-05,0.010876305674678927,0.0068491651033715266,0.0021722755192834747,7.432699704186059e-06,0.00323649544952716,0.3269088175212575,0.5794192178352332,0.0035290928445869123,2.891940603002146e-06,1.8128090034141587e-05,4.000633739022078e-06,0.00011031796869139143,0.0011208893379946808,4.4848918505909496e-05,9.526624302031452e-05,0.04539809368007606,1.671136123202315e-05,1.8808902498037514e-07,6.688054243498038e-05,4.5943390748349154e-05,2.160305853739388e-06,5.127748958302775e-05
17,0.026873861284904935,1.360027583966049e-05,6.469528087939117e-05,0.012334477802821828,0.008018013285639917,0.0018034840466194559,9.923955771756821e-06,0.0036103895943400406,0.3443166370390011,0.5581650285739586,0.0045698511224315464,4.0696574242015785e-06,1.9653060776632367e-05,6.22236967101142e-06,0.00012292741915964305,0.0011147709871558527,5.356272912417254e-05,9.51754863384045e-05,0.03858696674770769,1.8820379038797676e-05,2.196269139669601e-07,7.465375605225932e-05,5.1364210857590135e-05,2.325699966719385e-06,6.930560760480324e-05
18,0.004098864015264903,5.011240221477911e-06,0.00010778412967339485,0.011952209306855144,0.005453783308753856,0.003127770336649658,3.1819715094328335e-06,0.007711092562237431,0.295619996209867,0.6334785491506494,0.002542876714842556,4.051208319087013e-06,3.827800490573364e-05,1.598898816968384e-06,0.00012607468585911646,0.004487213016994649,3.871589184172607e-06,7.20788458685764e-05,0.031104377865699678,2.3052958119013184e-05,1.7151193117848966e-07,1.6459445045617586e-05,1.7154257241112016e-05,8.358016315308577e-07,3.6629638592401514e-06
19,0.015289851078089165,8.021102319812823e-06,5.0746293240333544e-05,0.00794636483148829,0.005305224254265011,0.001872329286114219,7.425955963148382e-06,0.0031858276171506414,0.28783487945375097,0.6415040360830565,0.0021109308537674374,2.6370374929485392e-06,1.7843391889259913e-05,2.2583352427707227e-06,6.375343121144864e-05,0.0008916368475096712,3.903761628180025e-05,5.16078855229757e-05,0.03367399040433803,1.296649277624396e-05,1.311594372680938e-07,5.9430652910981436e-05,2.8839686395364195e-05,2.0179873568382063e-06,3.821226242892163e-05
20,0.02354080431384662,9.86432336801087e-06,5.909493935834973e-05,0.009528738372845085,0.008056839585760119,0.0018164057766113728,7.445064713932088e-06,0.0024075947617834717,0.31096514625919286,0.5904760314496023,0.0030966086443027373,2.07764551696395e-06,1.8624842122171763e-05,3.914438660367483e-06,7.23666561839016e-05,0.0010396638979695942,4.449383627298104e-05,7.377404228613857e-05,0.048626050025688955,1.5737279690249366e-05,1.455931862946626e-07,4.6712892612247784e-05,4.179571301512307e-05,2.1295189485314672e-06,4.794012646172616e-05
21,0.013110659114028594,1.3889721379970978e-05,4.236965425548301e-05,0.004638937290719592,0.005025997316708455,0.0021956120255148853,6.23719474995713e-06,0.003079336532029994,0.3571763199068011,0.5596694131832868,0.0012198954099902212,1.4497083921623703e-06,1.3150250506247674e-05,1.1068770739943293e-06,6.030283613855866e-05,0.0005766388714051303,4.799195854335609e-05,3.89999998561989e-05,0.052922463046359766,7.291908413509966e-06,1.0450463912766976e-07,8.016238753304069e-05,2.4503684090317236e-05,2.316345853051297e-06,4.485027173055398e-05
22,0.019270208132371867,9.34547569204674e-06,6.164027752286816e-05,0.011277274369960805,0.006536176526087819,0.0019053159364002977,7.48111992258461e-06,0.002810470310466382,0.258895759594255,0.6548175851341341,0.004306881800938073,3.053239483371807e-06,1.9877584206770053e-05,4.277782049590955e-06,0.00010159213063697037,0.001193934479353487,5.4296435946504546e-05,0.00011056197453279314,0.038432657929870606,2.1514843633754232e-05,2.377181254806927e-07,6.0191191728047244e-05,5.2705455614994006e-05,2.154335292267312e-06,4.480622177346184e-05
23,0.019945756344488395,1.3367829287939388e-05,5.528104499553485e-05,0.010868164148034386,0.00684783934507845,0.002171475158893158,7.42771030558905e-06,0.003235254694214928,0.3270660309951507,0.5792989039710644,0.003525681897599614,2.8887942632182455e-06,1.810901913173963e-05,3.9950564819611606e-06,0.00011025098342079355,0.0011192819531010909,4.482206678894226e-05,9.510533750151026e-05,0.04538724189415137,1.6689602163996975e-05,1.8783795503702554e-07,6.687926331889077e-05,4.590706620191766e-05,2.158802306263927e-06,5.129918410019417e-05
24,0.017331441431882488,9.423192786531e-06,6.299345483303099e-05,0.006190163199982015,0.005195762129539071,0.001977077868875514,8.787984547005106e-06,0.0034822942740118487,0.3657913615496704,0.5540899699527052,0.0023081041664463754,2.6612510789352896e-06,1.4909800476634824e-05,2.629456370134678e-06,0.00010010612257225285,0.001094018864363936,5.191630342980212e-05,6.149754461492435e-05,0.04205774908418465,1.131118591942777e-05,2.2749905180845347e-07,6.236777502574083e-05,4.64517677662286e-05,2.5412413033483037e-06,4.4232898562766714e-05
25,0.022289049620546057,8.377903222396045e-06,5.699033865534366e-05,0.011041821101823421,0.0064058541824353185,0.0012636685788438434,7.892803102488688e-06,0.004168884848002871,0.2693302106540627,0.6496965819563351,0.005249047802347027,3.464033992665559e-06,2.3415413697071278e-05,5.12385260184408e-06,0.00011324249244033585,0.0009458151943457777,4.3484207787440824e-05,9.148820746557294e-05,0.029092151266505564,2.334188419112007e-05,1.5662517540568057e-07,5.05059180641235e-05,4.026949031110247e-05,1.8362449227026583e-06,4.732537912283222e-05
26,0.01851292852804757,1.1381676742542777e-05,4.6383042915703475e-05,0.008512443694809139,0.0057654827683644265,0.002270375001739568,6.786692590736925e-06,0.0027046782288670003,0.36621480134290896,0.5489327846896409,0.0023659157416534575,1.993903875641702e-06,1.602562323326517e-05,2.582494521427738e-06,8.259803544342109e-05,0.0009441821265086429,4.679370909203607e-05,8.52337136114725e-05,0.04330331710760162,1.3657634742498601e-05,1.8205756172877076e-07,5.6794191148462834e-05,5.339032451411801e-05,2.337357655617008e-06,4.695031220993908e-05
27,0.017785322007989886,1.6344344693206854e-05,4.3427673378291776e-05,0.011103078203598496,0.006034808272729423,0.002274702645722807,6.821390542386914e-06,0.003481480249972852,0.3720335983780433,0.5399839455823561,0.0034096837900150904,2.8683454209633337e-06,1.4350769560641694e-05,3.4170405734552673e-06,0.00012332426848833537,0.0009556872397287602,3.920182026717679e-05,8.691627982868042e-05,0.04240599547804448,1.356436138216678e-05,1.5472902512884705e-07,8.010088027039868e-05,4.1345527835472824e-05,1.810564738214067e-06,5.805015579439791e-05
28,0.019945756344488395,1.3367829287939388e-05,5.528104499553485e-05,0.010868164148034386,0.00684783934507845,0.002171475158893158,7.42771030558905e-06,0.003235254694214928,0.3270660309951507,0.5792989039710644,0.003525681897599614,2.8887942632182455e-06,1.810901913173963e-05,3.9950564819611606e-06,0.00011025098342079355,0.0011192819531010909,4.482206678894226e-05,9.510533750151026e-05,0.04538724189415137,1.6689602163996975e-05,1.8783795503702554e-07,6.687926331889077e-05,4.590706620191766e-05,2.158802306263927e-06,5.129918410019417e-05
29,0.019945756344488395,1.3367829287939388e-05,5.528104499553485e-05,0.010868164148034386,0.00684783934507845,0.002171475158893158,7.42771030558905e-06,0.003235254694214928,0.3270660309951507,0.5792989039710644,0.003525681897599614,2.8887942632182455e-06,1.810901913173963e-05,3.9950564819611606e-06,0.00011025098342079355,0.0011192819531010909,4.482206678894226e-05,9.510533750151026e-05,0.04538724189415137,1.6689602163996975e-05,1.8783795503702554e-07,6.687926331889077e-05,4.590706620191766e-05,2.158802306263927e-06,5.129918410019417e-05
30,0.019945756344488395,1.3367829287939388e-05,5.528104499553485e-05,0.010868164148034386,0.00684783934507845,0.002171475158893158,7.42771030558905e-06,0.003235254694214928,0.3270660309951507,0.5792989039710644,0.003525681897599614,2.8887942632182455e-06,1.810901913173963e-05,3.9950564819611606e-06,0.00011025098342079355,0.0011192819531010909,4.482206678894226e-05,9.510533750151026e-05,0.04538724189415137,1.6689602163996975e-05,1.8783795503702554e-07,6.687926331889077e-05,4.590706620191766e-05,2.158802306263927e-06,5.129918410019417e-05
31,0.025860017366558602,1.3736375927831738e-05,8.158979314612204e-05,0.010481791344881846,0.0065848416109335174,0.0019108967577831045,7.689783023466865e-06,0.005559477517315144,0.32498842933521727,0.5617643570514348,0.0032193646861302465,3.5307438653058866e-06,3.12795737734131e-05,3.821506868414908e-06,0.0001110122716163714,0.0015078543129331797,5.4754054357317067e-05,0.00010420531346829458,0.05753953188013905,1.8984176800453092e-05,2.220979768574145e-07,6.888991440763468e-05,4.0377855330359e-05,2.830673475943105e-06,4.051400263545235e-05
32,0.020934994058642454,1.456099441769783e-05,5.7966061150125836e-05,0.010929099716327396,0.007104192289327069,0.0022808788594072945,7.349019718832031e-06,0.003296775170868536,0.32615692349124664,0.5720136542057093,0.0033941479582469806,2.827529406440879e-06,1.9542485230155298e-05,3.976537800333026e-06,0.0001085191655599726,0.0011906064690496963,4.751233438043544e-05,0.0001008852047606002,0.05215059684493903,1.667604621031649e-05,1.9142081355006207e-07,6.969547817243164e-05,4.532527320776657e-05,2.3093055497190422e-06,5.079407985719702e-05
33,0.0307095963197743,2.2636997811878676e-05,6.515523795235526e-05,0.014297049518059326,0.005626312488267274,0.004017696976272845,9.996068639322081e-06,0.004567493743502813,0.20509926549382057,0.5696190899291259,0.001596673715002399,3.1183499644886845e-06,4.6434910266238155e-05,3.5972663433992586e-06,6.56816676733474e-05,0.0027472399545534964,9.796854089264141e-05,0.00019188726522415645,0.1609749598484291,1.549025546938215e-05,1.851959822037266e-07,0.00014686028125028967,3.283894466679773e-05,6.832508539351507e-06,3.59385225161068e-05
34,0.03119288023826017,1.2365700676884985e-05,7.07982427773394e-05,0.010313894513602982,0.008925039349211837,0.0015544941533073852,7.219407045989852e-06,0.003253176246374333,0.3248988445290855,0.5590969997561127,0.003961546945991432,2.5679412239746814e-06,2.2937602830165212e-05,4.955010728953267e-06,9.476817419021465e-05,0.0011126702307606051,5.211090812841859e-05,8.997925314040747e-05,0.05516300375978825,1.7770999412438665e-05,1.7362961793551233e-07,5.337981581271883e-05,4.3084015383172156e-05,2.231005877101575e-06,5.310857065906825e-05
35,0.021000142563442542,1.4957162226098104e-05,4.3387781401374774e-05,0.009420505288895025,0.005038856080110246,0.0018223161992606198,5.827789109226628e-06,0.005180577182848899,0.4645221202087459,0.44481497164158373,0.0022201728200104045,2.4243832966180414e-06,1.6334653751602098e-05,1.8085989090711612e-06,8.610552808521395e-05,0.0009209038723158249,3.9668047179664e-05,6.144377808050594e-05,0.04462472237224095,9.570789165297028e-06,1.1822126888729223e-07,8.030432326452653e-05,2.7571757195699646e-05,1.586736408786204e-06,4.360222120342121e-05
36,0.01525194165549312,1.2804198053154471e-05,5.37698365733484e-05,0.009701809986032619,0.008475340447228929,0.002150521714735511,4.793668844740851e-06,0.0019649716557421314,0.3260328487879117,0.5892276608576449,0.003117120784793005,1.4788469658157812e-06,1.4264912143357196e-05,3.1031439549047493e-06,9.177048752789243e-05,0.0008457443613156749,2.8159444690528093e-05,7.168723158601217e-05,0.04280208323319008,1.6778270266545937e-05,1.6145848493822554e-07,3.6815396578854485e-05,4.888926866960304e-05,1.640641705967891e-06,4.3839709866529793e-05
37,0.03220045523366631,1.3475407300896473e-05,7.17748436210989e-05,0.013296833866816547,0.008752559634512507,0.0022805833452203715,1.0800167316228706e-05,0.0027339423061350327,0.26456632747691067,0.6112890820421176,0.0045498629908118215,3.606377463038147e-06,2.5564787441306795e-05,9.084446832986905e-06,0.00012096611270128588,0.0015871259920758579,6.628805698326328e-05,0.00016095968676189417,0.058029477496741116,2.448101613708959e-05,2.8541773218534696e-07,6.431754773895653e-05,7.329586070043782e-05,3.7510366101787936e-06,6.509884965139909e-05
38,0.018234482788339643,1.38705522278716e-05,5.661466499931468e-05,0.011529699438656064,0.006406884552017429,0.0032564381979914335,8.64786313471906e-06,0.00333577600422791,0.31604863577023706,0.5780291389003546,0.0033935252445427343,3.343977667755133e-06,2.0780656383379237e-05,4.1941975285174015e-06,0.000130227890164119,0.001709489089291377,4.8833174435397e-05,0.00014710919215289869,0.057425560580290115,1.7736229491307655e-05,2.706852274951037e-07,7.593379080876628e-05,5.754040087280367e-05,2.738234643227693e-06,4.252792431414391e-05
39,0.018153847153490544,1.61355720393942e-05,7.246909900448986e-05,0.011070053242726119,0.005750709651968709,0.0035016319242119685,7.956703710102593e-06,0.00481054126980858,0.36839194901358613,0.5164156714169629,0.002394954004629919,3.743860292943254e-06,2.2498074009692282e-05,2.612712022869354e-06,0.00011225806679931386,0.0019956628542030204,5.909713563835436e-05,0.00011765068381225796,0.06689976983754094,1.5151572710910513e-05,3.1802459346669067e-07,0.00010288366350289188,4.4043045457195826e-05,2.7900457851700033e-06,3.560137149199101e-05
40,0.034757098910160295,2.1951772829717773e-05,0.0001091537839053197,0.011058653380431724,0.014652086008564222,0.0016943552948296416,8.727284128472731e-06,0.0030606091413637594,0.3381566906472377,0.524873493175993,0.006358479662321682,4.410415312029248e-06,2.2741765885064453e-05,1.0593513015157522e-05,0.0001601920800014814,0.0011541619162924103,5.621418406053798e-05,0.00010146941642143913,0.06350184151442133,2.2252576742276295e-05,2.5899702804167735e-07,7.18136778440243e-05,5.175701558132164e-05,2.4359086760871063e-06,8.855795695345697e-05
41,0.01869586785111699,1.6418922061256603e-05,5.2980405987779424e-05,0.012615550199713091,0.008491640611194185,0.0020293103331193553,5.400211682387327e-06,0.0036908150495808647,0.3728003616897878,0.5265168982308992,0.004250086808107304,2.392304626470848e-06,1.93024797158896e-05,4.133758245994362e-06,0.00012960518392044406,0.001175128791558923,2.8145761711651025e-05,0.0001035977753694347,0.04922235603562524,1.80117166169484e-05,1.4256626881107997e-07,5.10874934684993e-05,3.78238171269856e-05,1.509681642209107e-06,4.143232085223367e-05
42,0.024272473926857566,6.860366364558813e-06,4.2120033189414816e-05,0.00802365776002744,0.009254594723009433,0.001075034477743226,8.21721986399775e-06,0.0013834062989037848,0.23340076717981134,0.6936146448399565,0.006660458706850923,2.249539865631473e-06,1.421269877910119e-05,1.1752592122932934e-05,0.00012280597740635372,0.0005030479370448235,3.3621919605618165e-05,9.060671689914852e-05,0.021257560468674674,2.4651663747696876e-05,1.5240486879603203e-07,2.392467599009852e-05,8.306880317912634e-05,2.050462311222682e-06,8.805860692660595e-05
43,0.012616183864489459,7.18607702534452e-06,4.44980805475121e-05,0.008512000772745946,0.004442577927763907,0.002429542247476791,6.271448742866259e-06,0.003374873956359058,0.2634143165500195,0.6646225261107708,0.0018527411991903775,2.277818704435332e-06,1.8987311585591353e-05,1.762870920198287e-06,6.911840502931788e-05,0.001148028726958784,4.04746249314352e-05,7.685194188792895e-05,0.0371876086979037,1.4675441103163045e-05,1.8365104961833127e-07,5.6380556342183394e-05,3.378343839104645e-05,2.145193395513872e-06,2.5003086665356994e-05
44,0.019945756344488395,1.3367829287939388e-05,5.528104499553485e-05,0.010868164148034386,0.00684783934507845,0.002171475158893158,7.42771030558905e-06,0.003235254694214928,0.3270660309951507,0.5792989039710644,0.003525681897599614,2.8887942632182455e-06,1.810901913173963e-05,3.9950564819611606e-06,0.00011025098342079355,0.0011192819531010909,4.482206678894226e-05,9.510533750151026e-05,0.04538724189415137,1.6689602163996975e-05,1.8783795503702554e-07,6.687926331889077e-05,4.590706620191766e-05,2.158802306263927e-06,5.129918410019417e-05
45,0.015897762727210055,1.0118637807924641e-05,5.3402709589951076e-05,0.00914035027917505,0.004750554958151278,0.0023974005427736277,8.248242177401367e-06,0.005617064514848113,0.2991717781280662,0.6114485418676386,0.0023418769766189356,3.1612808938169664e-06,2.594038889963859e-05,2.549588188399188e-06,0.00010185906546579294,0.0015250270659817827,4.228363981319967e-05,9.890118433692934e-05,0.04721502178862237,1.5865297638569893e-05,1.7825662317016536e-07,6.88978738311288e-05,3.226539694244056e-05,2.6413737487476725e-06,2.8308214956832076e-05
46,0.02307038660768881,9.43949999303547e-06,5.582685504432651e-05,0.010746406186371873,0.004838489586795025,0.0023282538090367115,8.598427459564288e-06,0.0034481014121424494,0.25200099354633837,0.650984645479273,0.002169721534062393,3.1109871184074686e-06,2.2570512643143694e-05,2.2636692923828424e-06,5.5940072902425026e-05,0.0011554282484439857,9.195116035359718e-05,7.998192494770036e-05,0.04872587434212345,1.4903829598997096e-05,2.0443819686302087e-07,0.00010365431940756045,3.5339035849871637e-05,2.844345217781901e-06,4.507016969826654e-05
47,0.028418100235987627,1.1938337691577509e-05,7.188421466499672e-05,0.012660011740113277,0.005711058839358556,0.002389166576204432,9.686948120152206e-06,0.004299786522222359,0.29179407997973056,0.5867996536259347,0.002355806860707719,3.5781634985634627e-06,2.8493522180168127e-05,3.1609724142605016e-06,6.977632137571702e-05,0.0017712736763126939,7.06723359742257e-05,9.369262481990107e-05,0.06324554306210822,1.5235088916123427e-05,2.0674959555786822e-07,9.461249070288487e-05,3.750059975132819e-05,3.3007852554982496e-06,4.177972635900482e-05
48,0.02067343777573525,1.3176054898044758e-05,5.383812199472331e-05,0.00982557739504319,0.006088130766165109,0.0023362230851821826,7.523721984298003e-06,0.0034520724870712163,0.3009756964934089,0.596813067856045,0.00261767350156669,2.5734999332784202e-06,2.0478712832263417e-05,3.1858592460119195e-06,9.014067602634707e-05,0.0011684876425798205,5.3437182475781206e-05,9.408895478886402e-05,0.055533878314435625,1.4970491782859458e-05,1.7538528884429909e-07,7.340019896849357e-05,4.031795585013657e-05,2.6758906621907157e-06,4.577197603480769e-05
49,0.016581728133861995,1.4136600540223453e-05,5.815196184131239e-05,0.010814864002887866,0.006226650879840585,0.0025815699442657144,7.42440566127639e-06,0.0036010211155213232,0.3338101400307352,0.575571249675831,0.002818884078871493,3.2516691589016275e-06,1.840589564102591e-05,2.856762655029271e-06,9.810677463620292e-05,0.0012026013007362126,4.52230280447274e-05,8.340154082227502e-05,0.04627453980537455,1.539749004820792e-05,1.938022047701209e-07,8.51826893725581e-05,3.785184589374312e-05,2.1229314488293077e-06,4.5043634105143e-05
50,0.020795581183736225,1.0568937699068595e-05,5.368489176749483e-05,0.009850170684359746,0.006356413345762233,0.0018457173248985926,7.707921556797864e-06,0.003309724388571555,0.2930687769413338,0.6183437830267193,0.003309789104826046,2.775737866253467e-06,1.9459406008796778e-05,3.990523802271337e-06,9.64050156844185e-05,0.0010348020323840987,4.510833887460533e-05,8.486619097154871e-05,0.041593540955142394,1.6727139974353507e-05,1.621235884027781e-07,5.852045154989549e-05,4.123210218147687e-05,2.267946880007952e-06,4.822428386056474e-05
51,0.019080571594928753,1.8734885771901363e-05,5.10403079921611e-05,0.013766177037860521,0.006708923184173395,0.002425040789802978,6.972213344418938e-06,0.003716163019265148,0.35408241624188636,0.5479015417769262,0.0039944860266008615,3.181080901183245e-06,1.7432966541873923e-05,4.143236480741337e-06,0.0001368604560560547,0.0011557932128180499,4.224459580988879e-05,0.00010979573403968848,0.0465711699791333,1.7113116082508013e-05,1.8923803747061542e-07,8.383506115892124e-05,4.6746208156996064e-05,1.9776341513436216e-06,5.745040207935584e-05
52,0.052068954383237734,0.00020645079047081107,0.0004138796035848136,0.006601643939282004,0.01871378170629022,0.0012791697802903648,1.2989695886327432e-05,0.0012069343936744704,0.7154333543315834,0.08294012047471001,0.004870375786563925,4.013777374903587e-06,5.0428743287415906e-06,1.0107900016550353e-05,0.00022027207046671523,0.0009786851990549364,0.00023092602772229606,3.6212390199566124e-05,0.11373575794720737,4.93571152121015e-06,1.3354023635215965e-06,0.0003030011332365692,0.00015899469402052763,3.0290041294540763e-06,0.0005600309827836917
53,0.016525667832083132,8.872331402491154e-06,5.5183013021233556e-05,0.011164287919054933,0.006576363482978088,0.0020504364734812803,9.821332009377955e-06,0.0025179285263491153,0.3183097689415302,0.6103420452854471,0.004754828614445633,3.5117936645590823e-06,1.5362432297055056e-05,5.093538652591345e-06,0.00012364963629667706,0.0011047590792395221,4.2303306667228325e-05,0.00010357973623928593,0.026081918189114754,2.167026582128304e-05,2.601557257998741e-07,5.489529838541648e-05,7.15161747509514e-05,2.030712434998433e-06,5.42459289073172e-05
54,0.012446457859059692,8.942634027927172e-07,8.288358383770276e-05,0.005600232656163932,0.004623636760776913,0.0009441753173469509,5.336407459882621e-06,0.0026110756826318244,0.13074383386745606,0.8214762164904071,0.0024382489287628727,2.0374562694226182e-06,4.5960833630185797e-05,1.492615677973721e-06,2.5023150884907003e-05,0.0012846076374438237,3.6166522244123834e-05,6.938251962941772e-05,0.017477735973741425,3.5248802509971825e-05,1.9104265653823154e-07,1.2489943291733974e-05,2.8705047217594425e-05,1.5393871945443222e-06,6.427250302765933e-06
55,0.0208275835689901,9.38202207751342e-06,4.8995111558477545e-05,0.00986535026605061,0.005868222129839342,0.0021915442119661652,9.157468836270744e-06,0.004319594476093302,0.37060111674629015,0.5435090334908713,0.002866129149784409,4.112271813683149e-06,2.2330196797482093e-05,3.5952310316118084e-06,9.234269352819031e-05,0.0013629355929572027,3.857565280438897e-05,9.788674033546117e-05,0.038102515084564664,1.5552690537084104e-05,1.577067502491136e-07,6.613450694489847e-05,3.720128942865922e-05,2.1958525539436e-06,3.8355847594625455e-05
56,0.02003925176125673,1.2525453749606385e-05,5.486416438677291e-05,0.010799438451680955,0.006615529640654786,0.002173232902750684,7.491274800840986e-06,0.0033984293367953274,0.31575833303490675,0.5905748617164283,0.003335836322151908,2.879663163727334e-06,1.993248193237274e-05,3.878859650357688e-06,0.0001041702847057274,0.001157573080085966,4.4877896988511914e-05,9.67387999869994e-05,0.045624273729386496,1.7172449194792562e-05,1.8272364085501166e-07,6.448271083618307e-05,4.419317364131708e-05,2.2591766886798113e-06,4.7590910535485616e-05
57,0.019793159433525654,1.3078138148492179e-05,5.655297014895107e-05,0.010667144563030502,0.0068746055681805,0.0021568796553313634,7.43217874345973e-06,0.0032414586455201213,0.3253196245015486,0.5814558661337557,0.0034574964744048336,2.9002395994183097e-06,1.8355097401299147e-05,3.916042837135083e-06,0.00010760869866145117,0.00112599025819235,4.484299689486843e-05,9.276446139651451e-05,0.04537989487643754,1.6699525521337778e-05,1.8791568589705278e-07,6.633325367618678e-05,4.491996951392447e-05,2.1624371020230935e-06,5.0125964742011374e-05
58,0.01981845958736832,1.2492398423837916e-05,5.3904183690197274e-05,0.009965739643714921,0.006287782258493761,0.0022508232422034456,7.612452259317992e-06,0.0033272851416959928,0.30057440742602876,0.6052298503072417,0.002924303931070125,2.8096739366460137e-06,2.0288264849375483e-05,3.641039802010795e-06,9.860560860724625e-05,0.0011374346635558902,4.708276285767635e-05,9.56183513600556e-05,0.047965363391306,1.6351851308093047e-05,1.8190398113313552e-07,6.690609664626154e-05,4.3769859914828004e-05,2.5587668052030267e-06,4.672719287918156e-05
59,0.020168564644286225,1.2600237731435394e-05,5.942334881393032e-05,0.010111006309437749,0.0066309178561597135,0.002169063869497533,7.663903088621706e-06,0.003383580918858375,0.3071315153752393,0.5976881526174884,0.003066635273874184,2.8593374650892342e-06,2.0795886436858385e-05,3.7372387384296796e-06,9.946861500388536e-05,0.0011690561758468383,4.76654920168697e-05,9.33759581352966e-05,0.047957284797638076,1.7206337262229426e-05,1.903912867570994e-07,6.579938274250843e-05,4.411020868566588e-05,2.5038825183608913e-06,4.682194174766638e-05
60,0.019945756344488395,1.3367829287939388e-05,5.528104499553485e-05,0.010868164148034386,0.00684783934507845,0.002171475158893158,7.42771030558905e-06,0.003235254694214928,0.3270660309951507,0.5792989039710644,0.003525681897599614,2.8887942632182455e-06,1.810901913173963e-05,3.9950564819611606e-06,0.00011025098342079355,0.0011192819531010909,4.482206678894226e-05,9.510533750151026e-05,0.04538724189415137,1.6689602163996975e-05,1.8783795503702554e-07,6.687926331889077e-05,4.590706620191766e-05,2.158802306263927e-06,5.129918410019417e-05
61,0.020427258278449666,1.2626290302833097e-05,5.954029557853014e-05,0.010015903744221073,0.006870237446746153,0.002167876257027675,7.730528386333167e-06,0.003253850250221169,0.3157620842481846,0.5890086369971331,0.0032199759678778997,2.8957829025817773e-06,1.977459676297273e-05,3.87237323768188e-06,0.0001022356084131543,0.0011556086024068707,4.7653215936771555e-05,9.293068251051174e-05,0.04759019262076111,1.683793278703341e-05,1.9453963424006514e-07,6.571988608173216e-05,4.5199817850748244e-05,2.4018354074570906e-06,4.8762201178197966e-05
62,0.019945756344488395,1.3367829287939388e-05,5.528104499553485e-05,0.010868164148034386,0.00684783934507845,0.002171475158893158,7.42771030558905e-06,0.003235254694214928,0.3270660309951507,0.5792989039710644,0.003525681897599614,2.8887942632182455e-06,1.810901913173963e-05,3.9950564819611606e-06,0.00011025098342079355,0.0011192819531010909,4.482206678894226e-05,9.510533750151026e-05,0.04538724189415137,1.6689602163996975e-05,1.8783795503702554e-07,6.687926331889077e-05,4.590706620191766e-05,2.158802306263927e-06,5.129918410019417e-05
63,0.01971717875177093,1.6614992154473745e-05,5.445197460187923e-05,0.011390221533192097,0.007037295549604195,0.0023996289917740453,7.315602810387632e-06,0.003276710587520779,0.3492047166981132,0.552425107501142,0.003579442659568084,2.9067769816891486e-06,1.7405022779548257e-05,4.002605531441079e-06,0.00012254338683927513,0.0011306358365267728,4.557301605327748e-05,0.00010239838671313854,0.04926660162970852,1.6210074079494836e-05,1.9848370496169678e-07,7.582368149390186e-05,4.840305621159024e-05,2.1792572310151517e-06,5.6433943893187745e-05
64,0.019995457420371208,1.3152608495954576e-05,6.598643057203945e-05,0.010908484099756456,0.007300454699727529,0.0023109042687740277,7.932597457096393e-06,0.003135339052565081,0.3284035906931592,0.5767917536011204,0.003597841923543299,3.1999232009156887e-06,1.8881810239751168e-05,4.141510327791765e-06,0.00011218554686423032,0.0012558512975898895,5.0709021240970915e-05,9.895606686503824e-05,0.04573226928276666,1.805516217928344e-05,2.501932185684535e-07,6.950847585108308e-05,5.211022614576323e-05,2.3121859032010812e-06,5.067190206444724e-05
65,0.02322614774205507,2.582262891910663e-05,5.657355325184679e-05,0.01531730782637462,0.007597291355533758,0.0035699449644784713,9.179844171881464e-06,0.0028940489958198994,0.3529707039635779,0.5246184260385883,0.0037949067414193077,3.2700784533177753e-06,1.820721498397746e-05,5.820719524351033e-06,0.00015756187648101463,0.0015179290812708868,6.381709981843785e-05,0.00018361880805604322,0.06368231941557483,2.0272859236603168e-05,3.365634262080243e-07,0.00010287849898869991,8.53450778134475e-05,3.4439208009024245e-06,7.482513138105228e-05
66,0.02190010189987846,2.562358681892157e-06,0.00010191165671373566,0.005151926399393574,0.009748234994611318,0.0010819140236989217,8.063889487919722e-06,0.002010880436323961,0.18560210407469035,0.7306999923913606,0.0017421317802476406,1.546464405215257e-06,3.967543927078376e-05,2.305960303590136e-06,2.1142434700975284e-05,0.0010958688778918255,4.410851396603168e-05,3.645710268886346e-05,0.04062903144925424,2.082239019520283e-05,1.0826023706540937e-07,1.9425092139365458e-05,2.0177200773643072e-05,2.2983299586915187e-06,1.7208579126012108e-05
67,0.019507343912893126,1.9650923278017455e-05,5.180615049863257e-05,0.01392194960790562,0.006327173662620735,0.0037207720898846607,9.349191449744548e-06,0.002604767565097201,0.32158120493414133,0.5705931818408663,0.003519995363719823,3.195462329947911e-06,1.7202259426771954e-05,4.789533144594178e-06,0.00013134912238412072,0.0014050442689627146,6.408490653880471e-05,0.00015412886819393413,0.0560919625421776,1.89149110958977e-05,2.9791036573725414e-07,9.838998290043362e-05,7.970716597339165e-05,3.227239847799977e-06,7.051058430304742e-05
68,0.014418425972446434,1.2876807543734365e-05,5.1751221990474e-05,0.009941030557234226,0.005567755296745293,0.0028142342365373475,7.876211640323033e-06,0.003998531909422103,0.3217949564440121,0.600655372974513,0.0032692496467127616,4.040647319395454e-06,1.779617797986021e-05,3.3022286437196224e-06,0.0001361634376326529,0.0011206240239569885,4.2384232527403114e-05,0.00010578980170229944,0.03584410318117901,1.819830314558098e-05,2.4919677985613574e-07,8.091539754799393e-05,4.696276854024899e-05,2.2223795065518687e-06,4.5186944740601746e-05
69,0.01601360205254719,1.1574424892983229e-05,4.3463544427031215e-05,0.0126829699936194,0.006344070206965808,0.0019845233799630872,6.266624234700242e-06,0.002943399062674622,0.34260924638080315,0.5817376649958884,0.005233288366531896,2.825724315883245e-06,1.4758885255575759e-05,3.793096030799259e-06,0.00013255089074904334,0.0008990469211861336,3.914118209130388e-05,0.0001106172270739424,0.02899650673510837,2.0825783999873666e-05,2.0009822354117526e-07,5.963275965163012e-05,5.664832799971326e-05,1.3966347843183566e-06,5.1986700981542736e-05
70,0.022494372006246138,1.481716717662481e-05,5.5949440992410865e-05,0.010009238119217093,0.00701453383752543,0.002062719719604033,7.637978921851898e-06,0.0032797109417923988,0.3189962215314315,0.5800985621180019,0.003559572313134726,2.9173257643208784e-06,1.8637105612417755e-05,4.401686350891659e-06,0.00011709797700098704,0.0010523638910563677,5.233764394496286e-05,0.00010024516121806414,0.05086128530304597,1.6045415656016835e-05,1.9226078917119124e-07,7.311609070324081e-05,4.732417913151325e-05,2.459661495501654e-06,5.8241124186235006e-05
71,0.018018195064679134,7.108218204834775e-06,4.665741974418273e-05,0.008415257830222646,0.005626744178565273,0.00175566661368139,9.052233131428434e-06,0.003146122880576505,0.28167775393767813,0.645727013689083,0.002573114373792186,2.5065691989951084e-06,1.8735317896195553e-05,3.115344041537305e-06,7.193562958070047e-05,0.0009367764158389346,4.051481821324328e-05,6.562382637291361e-05,0.031714616519321955,1.5439402731474572e-05,1.3534697698365427e-07,4.958129240936374e-05,3.563992637180497e-05,2.234773909964929e-06,4.0458377777098223e-05
72,0.01715475285541629,5.0641339973359255e-06,7.842345415128672e-05,0.01129220802607075,0.0049732647342198245,0.0035840061854736415,1.3090232884265071e-05,0.0066344616749214914,0.2734837747233421,0.6194264827848452,0.0014329663346094325,3.4003508457877787e-06,5.0886805291371855e-05,1.8235723572148687e-06,4.6344305647254145e-05,0.003875059524718372,4.868896913169648e-05,0.00011833831019273271,0.057658811113059094,2.1233444555903067e-05,2.1986583051573783e-07,5.499817783683868e-05,2.6451925488919064e-05,3.64776384378821e-06,1.1600731268942566e-05
