,0,1,2,3,4,5,6,7,8,9,10,11,12,13,14,15,16,17,18,19,20,21,22,23,24
0,3.626746700435395e-08,1.4914103981323297e-06,2.7509564137664224e-07,0.00011660688416363939,8.590991735396829e-08,0.0001040568894095693,5.182184391295162e-06,1.6435538958328946e-05,2.1832696371424033e-07,0.9880838604228072,2.906873749780183e-09,2.0131901030035702e-07,7.044458680330143e-08,0.0003711912505684247,9.363205646370214e-08,0.0007926729987167072,9.30772394199732e-05,0.004311321186952344,7.858735419912941e-07,0.00015330013707214594,0.00577246819666902,7.670495586113856e-05,8.326792563523721e-06,5.819345598098783e-08,9.147594253401498e-05
1,1.1190289550327227e-07,3.3023792180122783e-06,4.0287947098067744e-07,0.0005587330488865388,5.518082198908941e-07,0.00023052940598659264,1.53790808783647e-05,3.835076088998066e-05,4.289783885461385e-07,0.9387366586589221,2.8367016087628983e-08,1.1142129860024602e-06,3.5761132346165314e-07,0.0041680233619429885,2.7486501836712807e-07,0.0007422745780956674,0.0016428774358248062,0.02737268296058535,1.026024533998595e-06,0.00047335774287474353,0.024655817276272456,0.0005105725877960198,6.746030968429022e-05,1.4594069210428626e-07,0.0007795378215973328
2,4.2894588214739305e-08,1.744652120866024e-06,2.824201530770427e-07,0.0001063114462293355,1.2797772630410333e-07,0.00011345097580000028,5.940915351378636e-06,1.861979086228952e-05,2.580046234927975e-07,0.987690393668083,3.3607105205304084e-09,2.059671066422125e-07,8.147500072570053e-08,0.00042987440944192395,1.311413638486407e-07,0.0009395132349837473,0.00010615296617914103,0.0045849161119515015,8.560576069397788e-07,0.00019240200917085837,0.005611036474470723,7.83752826049233e-05,8.376834319637336e-06,5.661378244144656e-08,0.00011084531576834253
3,3.790221196102168e-08,1.550703118541482e-06,2.802938244019156e-07,0.00011465432111086963,9.528243422526776e-08,0.00011415853140114311,5.262158349986148e-06,1.767704063376237e-05,2.42627134409486e-07,0.9874757047311601,3.1354179186255358e-09,2.0458545053960755e-07,7.831300845106726e-08,0.0003741065796139019,1.0502800116087797e-07,0.0008921388139755382,0.00010219409799433506,0.0044522311572702845,8.95703057209585e-07,0.000166144736488994,0.006099474458574519,8.237510138483451e-05,8.314674266385813e-06,6.261017959999865e-08,9.200741393679166e-05
4,4.300861253256821e-08,1.7001606164960779e-06,3.0566943021890053e-07,0.0001253239549595088,1.0654824154929018e-07,0.00011942209079671571,5.842150449026396e-06,1.8650725354196743e-05,2.7159622624295763e-07,0.9863248401328214,3.519663172489551e-09,2.4656778476959987e-07,9.571660345352398e-08,0.0004137892480121486,1.1305706886810509e-07,0.0009289250226452057,0.00011703415279862688,0.004813685895048412,9.82414029146923e-07,0.00017916695684495375,0.006745925180744646,9.101735154360624e-05,9.004640562500936e-06,6.982681838680748e-08,0.00010343441232444043
5,3.7907439993683217e-08,1.5178893073164117e-06,2.65563388828635e-07,0.00013360164578664916,8.606787508083881e-08,0.00011088434492168409,4.873693099632076e-06,1.6476489491005945e-05,2.37809397306171e-07,0.9866627091995441,3.1062679053461068e-09,2.1787175298146108e-07,7.987936596354127e-08,0.0003963700447666138,9.66438448055758e-08,0.0008536090871521287,0.00010946055004723049,0.005067388131725233,8.112522225191071e-07,0.0001716386852201334,0.006278533284428161,8.696230344923864e-05,8.572480873796244e-06,6.54761584019622e-08,9.550059247339541e-05
6,3.790221196102168e-08,1.550703118541482e-06,2.802938244019156e-07,0.00011465432111086963,9.528243422526776e-08,0.00011415853140114311,5.262158349986148e-06,1.767704063376237e-05,2.42627134409486e-07,0.9874757047311601,3.1354179186255358e-09,2.0458545053960755e-07,7.831300845106726e-08,0.0003741065796139019,1.0502800116087797e-07,0.0008921388139755382,0.00010219409799433506,0.0044522311572702845,8.95703057209585e-07,0.000166144736488994,0.006099474458574519,8.237510138483451e-05,8.314674266385813e-06,6.261017959999865e-08,9.200741393679166e-05
7,6.089659765566405e-08,1.5648026912003251e-06,4.504558281589502e-07,9.18326849017952e-05,1.0198910708983968e-07,0.00012223432735866934,5.894521238704888e-06,1.855519173212836e-05,2.4005158862262525e-07,0.9893746935408083,3.210631669833752e-09,1.9464401043494228e-07,9.274825477881392e-08,0.0002946424611310962,8.622170449219576e-08,0.0007571578092685619,8.437491392775773e-05,0.00425554205533566,1.1261367931751455e-06,0.00015476800882446726,0.004687263076638037,5.4588171658735566e-05,8.036981083707927e-06,7.977488042043347e-08,8.641532400471312e-05
8,4.505822074892478e-08,1.5867010346871438e-06,3.0370530363776236e-07,0.00012205499246185525,1.1901037256634571e-07,0.00014441217238160293,5.681130815027424e-06,2.127605678390851e-05,3.512106867857777e-07,0.9830684311095853,3.90565157655127e-09,2.55840714516342e-07,1.1551122327811101e-07,0.000412338918963581,1.524290536473079e-07,0.0012814223126564584,0.00014770544018242917,0.006129647572361249,1.1755995811790476e-06,0.00020355417331349915,0.008218597965656592,0.00012245754149673704,8.194236383351114e-06,7.748895740272179e-08,0.00011003991615837584
9,2.460598963314285e-08,1.3352141652773567e-06,2.3241564621433933e-07,0.00011197455726947713,6.019196303084077e-08,8.310415318172143e-05,4.329335245978692e-06,1.2820796182128511e-05,1.6506932476905797e-07,0.9903863270060834,2.0881964561537746e-09,1.66640737624374e-07,5.2185546470450505e-08,0.00029085107147886125,6.827207366787438e-08,0.0006489260439128799,6.422630756449467e-05,0.0029974988228766183,6.055286318514118e-07,0.00013402323116816646,0.005128379771382473,5.775320412341487e-05,7.68268934920393e-06,4.8757850559593386e-08,6.9342040055938e-05
10,3.790221196102168e-08,1.550703118541482e-06,2.802938244019156e-07,0.00011465432111086963,9.528243422526776e-08,0.00011415853140114311,5.262158349986148e-06,1.767704063376237e-05,2.42627134409486e-07,0.9874757047311601,3.1354179186255358e-09,2.0458545053960755e-07,7.831300845106726e-08,0.0003741065796139019,1.0502800116087797e-07,0.0008921388139755382,0.00010219409799433506,0.0044522311572702845,8.95703057209585e-07,0.000166144736488994,0.006099474458574519,8.237510138483451e-05,8.314674266385813e-06,6.261017959999865e-08,9.200741393679166e-05
11,4.109423543127068e-08,1.614761839708022e-06,3.015377599875058e-07,0.0001196939916493497,1.029094020008513e-07,0.0001179300062581925,5.616476604025232e-06,1.845890909298739e-05,2.5967037505276383e-07,0.9869230237616106,3.3679732474272984e-09,2.2547693892776134e-07,8.971326389724361e-08,0.0003839812968561664,1.0943794658646128e-07,0.0009285817214288532,0.00010958997150981023,0.004617291934793497,9.528181539865465e-07,0.000176779814843213,0.006404844626738852,8.520789443170718e-05,8.69967288078333e-06,6.835115254337747e-08,9.653078226077139e-05
12,4.6314317532746056e-08,1.708197688203655e-06,2.0950482581144316e-07,0.00011979228531751538,1.3935481886409777e-07,0.00012556449597962382,4.323867277044161e-06,1.2303118212257254e-05,2.080284405235533e-07,0.9849876334822695,2.6834964075840094e-09,1.546813792817871e-07,8.627699946620782e-08,0.0006452386418425581,7.910196795997046e-08,0.0006857549053608892,0.0001951971817851036,0.006601480791096057,5.570142073141524e-07,0.000206430216031179,0.006183872052836156,7.121013710822658e-05,9.263943160009852e-06,4.4637615721717743e-08,0.00014869908596673112
13,4.4949109640229555e-08,1.9610455160597767e-06,3.6434841744542544e-07,0.00016813724290489065,1.3516841062331817e-07,0.0001220831762201283,8.839011119131594e-06,2.7920858346515948e-05,3.087298872863018e-07,0.9827139901081333,6.306262274782846e-09,4.16589919228587e-07,1.1414196977717307e-07,0.0006345145122256659,1.6217550882698934e-07,0.0009858490042666623,0.00014505707312552213,0.005695010104869672,1.1275369665007418e-06,0.0001939499889789398,0.009013169080664947,0.00013970375216198474,1.2756550670334431e-05,8.017446487001033e-08,0.00013429836987975514
14,3.738374992256495e-08,9.83663415239392e-07,4.87354735024687e-07,0.00013121009250450654,7.428476936359095e-08,0.0001300298432102444,6.387553637819833e-06,2.08575413790873e-05,3.060873564031558e-07,0.980765125495907,2.6803137731944907e-09,3.1428006571345945e-07,1.327138896758242e-07,0.00029227588555152934,1.6329064218606823e-07,0.0010587117889718314,0.00014017880136014672,0.005791854669513329,8.500041419531143e-07,0.00016968643621756093,0.01121079903653961,0.00012934632456415508,8.203745256533283e-06,6.064192070888274e-08,0.00014192040038689911
15,3.790221196102168e-08,1.550703118541482e-06,2.802938244019156e-07,0.00011465432111086963,9.528243422526776e-08,0.00011415853140114311,5.262158349986148e-06,1.767704063376237e-05,2.42627134409486e-07,0.9874757047311601,3.1354179186255358e-09,2.0458545053960755e-07,7.831300845106726e-08,0.0003741065796139019,1.0502800116087797e-07,0.0008921388139755382,0.00010219409799433506,0.0044522311572702845,8.95703057209585e-07,0.000166144736488994,0.006099474458574519,8.237510138483451e-05,8.314674266385813e-06,6.261017959999865e-08,9.200741393679166e-05
16,2.5436269240467876e-07,1.3674747469768222e-06,1.3198008976503634e-06,7.477443301557725e-05,2.97505558779997e-07,0.0006373309706635744,6.517763786364009e-06,2.4922919492801187e-05,4.1736381842749526e-07,0.9852057059041659,1.0932933053469664e-08,6.909399968061196e-08,1.714471617607193e-07,0.00025185461865630655,1.234247322844588e-07,0.0008743139759477544,0.00016606748202357337,0.010509045831868753,2.646279467508966e-06,0.00016600904070789151,0.0019193903310524532,3.570632295189904e-05,1.2163103839690996e-05,2.874486569820773e-07,0.00010923216716201405
17,3.8374558581972544e-08,1.72128468213753e-06,2.65293729070141e-07,0.00014394945223396687,1.1642924952258858e-07,0.00010477762957270288,6.067512687312073e-06,1.867912003961311e-05,2.3634473631177847e-07,0.9852851149720877,3.7122568369058343e-09,2.666807448411381e-07,9.585339789436444e-08,0.0005105796282659128,1.0957657996542895e-07,0.0008500995465736513,0.00015230692479363856,0.005045814748305114,8.041242470813209e-07,0.0002015258366908991,0.007440014769261948,0.00010610144490277514,1.1073106190203871e-05,6.154297706280545e-08,0.00012017609123527482
18,3.421738115046839e-08,1.495323575871167e-06,7.642163805425402e-07,5.388643195275852e-05,3.3536940565540485e-08,0.00015256858240290144,6.823642323883367e-06,6.0209297638737284e-05,3.005920177234099e-07,0.99457005869532,5.515213296229513e-09,1.5204735654307513e-07,3.7089525004181015e-08,6.048885124605874e-05,1.316578036865782e-07,0.001952747569938585,8.029460321600745e-06,0.0008887324528178955,7.311585098877882e-06,5.7080295871003386e-05,0.0021276224451224728,3.9085554047099706e-05,3.225476511794894e-06,2.051669707301284e-07,8.970296221213874e-06
19,3.384336596153611e-08,1.55019604890701e-06,3.10539437176199e-07,0.00013166861177263295,8.324844973585522e-08,8.992979790733729e-05,6.735220222003183e-06,1.9211838064992067e-05,2.634264458451438e-07,0.9868889292065248,2.876872084034475e-09,2.9820237628161013e-07,8.45709351706716e-08,0.0003605714861116624,1.1190233602545372e-07,0.0009356576597707833,8.8162347010402e-05,0.004048848449873022,8.183918094946479e-07,0.00015345717030095584,0.007073860969079382,9.577501100313713e-05,7.976263460723384e-06,5.721717266056333e-08,9.560155364871887e-05
20,3.325917385128557e-08,1.4878100631481915e-06,3.0475069476055374e-07,0.00013008474904380583,8.688920364496924e-08,0.0001100892476204825,5.982688923841557e-06,2.398375299435746e-05,2.565142116787548e-07,0.9863035892599941,3.744414304318116e-09,2.570554723642966e-07,7.661267344430698e-08,0.0003856987656660591,1.468996671187167e-07,0.0010370287550674642,0.00010188441737307312,0.004490724910911662,9.80166391592778e-07,0.00016450562451614018,0.007024485843126274,0.00011619908201896764,8.654342917867051e-06,6.162200183547857e-08,9.339323585830194e-05
21,4.53274397873771e-08,1.397529742395924e-06,3.694595508520595e-07,0.00011604436232247588,1.3354499618375475e-07,0.00015914342743462883,5.5776086027188e-06,1.9789347560344274e-05,2.4838897920821697e-07,0.985249037057393,4.436288835239436e-09,1.9367505241706052e-07,1.1386284726639621e-07,0.0003702260701131788,1.3022860110977913e-07,0.000820731845677579,0.00019203771254365802,0.005161695708814923,1.1134353502822277e-06,0.00021391245345713005,0.007445387635323613,0.00010534411555134867,1.4014084537728043e-05,8.498292341351951e-08,0.00012322369889603802
22,4.803887163347077e-08,1.4385525813440355e-06,3.026424459418913e-07,0.00011709061535023434,1.0679679226864425e-07,0.00013258128823162224,4.65268480770271e-06,1.8421952584353837e-05,2.471439954390015e-07,0.9855066304465271,3.5597097893442257e-09,1.8036424913749223e-07,8.501876448816536e-08,0.00041966715498874165,1.0927806204542199e-07,0.0009116528835513575,0.00014067060183164544,0.00628407616734292,8.598116320862133e-07,0.0001864494280927973,0.006068008247337036,9.124970406319135e-05,8.61661251425755e-06,6.619030564947414e-08,0.00010678481536742561
23,3.790221196102168e-08,1.550703118541482e-06,2.802938244019156e-07,0.00011465432111086963,9.528243422526776e-08,0.00011415853140114311,5.262158349986148e-06,1.767704063376237e-05,2.42627134409486e-07,0.9874757047311601,3.1354179186255358e-09,2.0458545053960755e-07,7.831300845106726e-08,0.0003741065796139019,1.0502800116087797e-07,0.0008921388139755382,0.00010219409799433506,0.0044522311572702845,8.95703057209585e-07,0.000166144736488994,0.006099474458574519,8.237510138483451e-05,8.314674266385813e-06,6.261017959999865e-08,9.200741393679166e-05
24,3.825700625058019e-08,1.401978555279517e-06,3.2773179226346253e-07,0.00010928647521714857,9.942788609021944e-08,0.00012160396336977446,5.876798449569429e-06,1.9306353766716684e-05,2.659618708585776e-07,0.986628295973176,3.3012547723080902e-09,2.209209587064368e-07,8.734223863831638e-08,0.0003418980333107509,1.2534169562894384e-07,0.0009766370474439269,0.00010273222535710889,0.004500529055833394,9.520719609412828e-07,0.00016580534213701947,0.006828013546311984,8.954764682484063e-05,8.469140558143571e-06,6.534922169608626e-08,9.841071380231382e-05
25,3.4051938102633625e-08,1.7564730086331996e-06,2.571807782223425e-07,0.00014269384611445093,1.0870374699031746e-07,0.00011435493847901806,6.550978606000788e-06,2.7857992515515153e-05,2.3834832539943503e-07,0.9868627839671535,5.129126385907562e-09,2.3664352698996977e-07,6.490198493791205e-08,0.0005368847748297199,1.202589595682411e-07,0.0009890287489787485,0.00010399037156396301,0.0046774772977051455,1.0105568143598096e-06,0.00016198370003104112,0.006177438669998757,0.0001044803171715833,9.605748684710618e-06,6.490839756637361e-08,8.097149156071726e-05
26,6.076289648082977e-08,1.6359834100825517e-06,3.3407846887883595e-07,0.00010927787082566871,1.1415595368024498e-07,0.00014560001672248038,4.1869656002441365e-06,1.3637278727366915e-05,2.6475433880099967e-07,0.987096948569322,3.453723237521893e-09,1.613014274996576e-07,1.0805823929151657e-07,0.0003077772922651933,7.059801865890196e-08,0.0007801661939976964,0.00013376764342129858,0.005510012868926959,1.1092434099058553e-06,0.00019991784091173966,0.005534396003004496,6.59331552266258e-05,1.0128227389831054e-05,1.1208767150622996e-07,8.427559610031982e-05
27,3.668490445203508e-08,1.5578167617099916e-06,2.8405161713638077e-07,0.00012468189317433543,9.366344335997389e-08,0.00011560478667037004,5.542869836046631e-06,2.0325971031194725e-05,2.6246252203326253e-07,0.9865849902863004,3.567678396617665e-09,2.2721698272078687e-07,7.733901528353765e-08,0.0003897508646518908,1.249344040558558e-07,0.0009833080109764138,0.00010709516958467435,0.004719651541497346,9.64207052030943e-07,0.00016537274178587215,0.006574130054505178,0.0001045773478068274,8.644843297735826e-06,6.553149194727943e-08,9.262614300891739e-05
28,3.790221196102168e-08,1.550703118541482e-06,2.802938244019156e-07,0.00011465432111086963,9.528243422526776e-08,0.00011415853140114311,5.262158349986148e-06,1.767704063376237e-05,2.42627134409486e-07,0.9874757047311601,3.1354179186255358e-09,2.0458545053960755e-07,7.831300845106726e-08,0.0003741065796139019,1.0502800116087797e-07,0.0008921388139755382,0.00010219409799433506,0.0044522311572702845,8.95703057209585e-07,0.000166144736488994,0.006099474458574519,8.237510138483451e-05,8.314674266385813e-06,6.261017959999865e-08,9.200741393679166e-05
29,3.790221196102168e-08,1.550703118541482e-06,2.802938244019156e-07,0.00011465432111086963,9.528243422526776e-08,0.00011415853140114311,5.262158349986148e-06,1.767704063376237e-05,2.42627134409486e-07,0.9874757047311601,3.1354179186255358e-09,2.0458545053960755e-07,7.831300845106726e-08,0.0003741065796139019,1.0502800116087797e-07,0.0008921388139755382,0.00010219409799433506,0.0044522311572702845,8.95703057209585e-07,0.000166144736488994,0.006099474458574519,8.237510138483451e-05,8.314674266385813e-06,6.261017959999865e-08,9.200741393679166e-05
30,3.790221196102168e-08,1.550703118541482e-06,2.802938244019156e-07,0.00011465432111086963,9.528243422526776e-08,0.00011415853140114311,5.262158349986148e-06,1.767704063376237e-05,2.42627134409486e-07,0.9874757047311601,3.1354179186255358e-09,2.0458545053960755e-07,7.831300845106726e-08,0.0003741065796139019,1.0502800116087797e-07,0.0008921388139755382,0.00010219409799433506,0.0044522311572702845,8.95703057209585e-07,0.000166144736488994,0.006099474458574519,8.237510138483451e-05,8.314674266385813e-06,6.261017959999865e-08,9.200741393679166e-05
31,5.1804987162340626e-08,1.6243394359632049e-06,3.726743235287675e-07,0.00010979922843908224,9.631190252008359e-08,0.00010943472266538284,5.579283790274505e-06,2.1569372727855073e-05,2.2558898458403654e-07,0.9885574811281784,3.1664206131703764e-09,1.8886355012986725e-07,7.398836633160933e-08,0.0003478141519249078,9.205605320648152e-08,0.0007643840504302454,9.356147624803491e-05,0.004575109883656188,9.548992844796516e-07,0.00015401632340843584,0.005095579564014804,6.642812726177274e-05,8.111944476267708e-06,6.278384188001443e-08,8.738426562789596e-05
32,4.0024342072774395e-08,1.624941108003843e-06,2.907624310613761e-07,0.00011337332954040622,9.733242650766689e-08,0.00011896467312984995,5.30253250549654e-06,1.830985957208851e-05,2.539592446072823e-07,0.9874497279194057,3.3034783532404223e-09,2.1028380056951641e-07,8.095461542600743e-08,0.000369443490076427,1.0873347446841127e-07,0.0009137046241374772,0.00010295504917362704,0.004408555248781835,1.0061933478021537e-06,0.0001676167713365778,0.006145038931852869,8.454357828152715e-05,8.483113614750234e-06,6.768732853538912e-08,9.019670299393668e-05
33,3.541010359676792e-08,1.6069037847646897e-06,2.0975878450623893e-07,0.0001409867117803347,1.2013335595665338e-07,0.00013570305889669108,4.698209980448498e-06,2.113193278759701e-05,2.130678496335574e-07,0.9857190481783201,4.698552736529355e-09,1.9011844698434317e-07,9.894614529244415e-08,0.0004959577058318262,8.290737594567017e-08,0.0010808752568454668,0.0001938777828029566,0.005172604788586,1.0933122665642656e-06,0.00021213255801250187,0.006620699967338548,0.00011294412538815419,1.1122450936034953e-05,8.691532390334915e-08,7.447510050357006e-05
34,8.265375309136249e-08,2.499443876851862e-06,4.828691885259841e-07,0.00011530397841632604,1.402948848365279e-07,0.00016854912259081414,7.263139946765767e-06,2.659320299460432e-05,4.893429364754872e-07,0.9844755323104898,5.080236056872425e-09,3.233542568889276e-07,1.2940788896308036e-07,0.0004133250506322676,1.6293600801181815e-07,0.0011636005905367496,0.00011661163577887762,0.00589055088885616,2.1555110629577195e-06,0.00017590726584161776,0.007218971907452267,0.0001066805576021073,8.511083960220856e-06,1.1157958442188908e-07,0.00010601679122422805
35,1.9312106495942792e-08,1.4482653730841178e-06,1.898572448132459e-07,9.243071196245037e-05,1.0400082450203713e-07,0.00011435071622279037,4.725938366205848e-06,1.2748082860282655e-05,1.562386458187301e-07,0.9904817273337688,3.0761896206808712e-09,1.4686076817670477e-07,6.356214257018979e-08,0.0003692740848466142,1.1307633902800537e-07,0.0008315495637746355,9.398367922984778e-05,0.002315706954701633,7.453916916165553e-07,0.0001858754322214657,0.005332281717561954,6.647783129574216e-05,1.0721905131693506e-05,4.9921386540036316e-08,8.510648534351974e-05
36,4.849767927702053e-08,1.8415167333515702e-06,3.4959169476019534e-07,0.000142154380047048,1.0790390907582354e-07,0.00011713838429651773,7.526186422448936e-06,2.8470889189163682e-05,3.2768662528799346e-07,0.984254099122936,4.349578129537941e-09,3.793185502002015e-07,1.1473706637891347e-07,0.0004826494763483509,1.630383573403821e-07,0.001253927482486582,0.00013136538249217328,0.005495669769818218,1.2839288591789208e-06,0.00017969430380249395,0.007643919961733881,0.0001351681110598827,8.129476404568689e-06,6.977241028086264e-08,0.00011539673149932298
37,4.928238080233173e-08,1.540270885542599e-06,3.0649214961544795e-07,0.00011738271305558431,8.626579855514511e-08,9.826606726478297e-05,4.805232101481464e-06,1.4731100538539896e-05,2.3482412978684477e-07,0.9880710895877752,2.877863118453842e-09,1.974509928804435e-07,7.975161239024857e-08,0.0003054633968436872,7.151887100432674e-08,0.0007406012891603515,9.306263429429136e-05,0.005008210542644817,8.51897555795609e-07,0.0001651889246268458,0.00521832693790906,6.881479910343193e-05,8.579420169897768e-06,8.133023572276598e-08,8.19753920365496e-05
38,5.10639169989187e-08,1.5988181836513883e-06,3.5262146236408494e-07,8.697070813754412e-05,1.2253252891163357e-07,0.0001493495528895823,6.186951874496238e-06,1.843364200528213e-05,3.045636788329167e-07,0.9886030585769757,3.362003176592877e-09,1.8896021339913749e-07,8.585205838868258e-08,0.00033147961430266145,1.3770291018602073e-07,0.0011089810958604556,8.084733865547058e-05,0.004276810773077756,1.1630525595212451e-06,0.00015083190265828872,0.005013117094517127,6.639391555397173e-05,7.050818309486273e-06,7.072148365737101e-08,9.640876418320824e-05
39,3.5813782363463216e-08,9.917604770124974e-07,3.8209402805400603e-07,0.0001078798259454141,9.220752881319015e-08,0.00017086892652781426,5.16829196426533e-06,2.3386278635434183e-05,2.6559243253615515e-07,0.9840475526526816,3.161168672974308e-09,1.9742152878362842e-07,1.242945561871767e-07,0.0002823695186391997,1.2899601578843868e-07,0.0012699503165251055,0.00013840328653673677,0.004880133072149486,1.1158049973085553e-06,0.00018123500940225257,0.008699183373533457,9.256658176563752e-05,7.726446233988214e-06,7.295838261533906e-08,9.016631456129057e-05
40,5.077715889129204e-08,1.9273252741986734e-06,4.2063066124351074e-07,0.00011387565600256011,1.180063223840487e-07,0.00012141756507172782,8.127903474213549e-06,2.122814184722611e-05,3.223131412687849e-07,0.9866133332025484,3.82599178859787e-09,3.2131520087582283e-07,1.007115781900615e-07,0.00044456711084031017,1.5803618276393388e-07,0.0009083710773024897,9.546645683798486e-05,0.004493731956412927,1.1044629944548925e-06,0.00015568000270721122,0.006786803592593677,9.394653667725358e-05,8.787150571438519e-06,6.445201182702406e-08,0.00013007179059497498
41,2.1594114761011144e-08,1.285861089918126e-06,1.9176290354411945e-07,0.00012787260466824816,4.5945530958981985e-08,8.989842517959292e-05,3.3293774277136894e-06,1.324539461594723e-05,1.480209321723765e-07,0.9878361438126048,2.540109785247734e-09,1.8137530914734358e-07,4.85298881455645e-08,0.00035802229910007874,6.435233772661841e-08,0.0005662086841176136,9.81484915247944e-05,0.0037108550461227656,7.644545944606729e-07,0.00013167280007736254,0.006885705109739141,9.750923655953656e-05,9.749926950629946e-06,5.5304977424382976e-08,6.882904952344165e-05
42,5.4439710410104795e-08,1.937077185023111e-06,2.7603816367222587e-07,0.00010902066640548174,1.557067258970241e-07,0.0001163185183687329,5.808654350448438e-06,1.244172038923546e-05,2.4785539771907875e-07,0.9875794272945849,3.117338941818014e-09,1.7304366126419247e-07,7.932992778874372e-08,0.0005376398346614483,8.552557160816766e-08,0.0006429127410284564,0.00011469369443219975,0.005439049264983048,6.143714694045995e-07,0.00018359661881487302,0.005054760458235325,5.578240103324484e-05,9.510975305535073e-06,5.548646991815961e-08,0.00013535516578535805
43,0.00015708907312855146,0.00021912310389208647,3.760052178975319e-05,0.002514745717486446,3.9183351203152945e-05,0.0004681097457609563,0.002267296073909376,0.0005816311931621243,0.00011004722980718276,0.5279507264242689,1.2339479967948212e-06,0.0005914215757020678,4.443172339232923e-05,0.04739326202427686,1.7908448585283684e-05,0.006316382125092377,0.0021935388127502526,0.3518002597428152,4.154848963925499e-05,0.001098360479045948,0.013014915881739952,0.0018026352967009788,7.75911204769462e-05,3.1677092589309274e-06,0.04125779018811823
44,3.790221196102168e-08,1.550703118541482e-06,2.802938244019156e-07,0.00011465432111086963,9.528243422526776e-08,0.00011415853140114311,5.262158349986148e-06,1.767704063376237e-05,2.42627134409486e-07,0.9874757047311601,3.1354179186255358e-09,2.0458545053960755e-07,7.831300845106726e-08,0.0003741065796139019,1.0502800116087797e-07,0.0008921388139755382,0.00010219409799433506,0.0044522311572702845,8.95703057209585e-07,0.000166144736488994,0.006099474458574519,8.237510138483451e-05,8.314674266385813e-06,6.261017959999865e-08,9.200741393679166e-05
45,4.151880266366667e-08,1.2886686863478071e-06,3.8510785307206025e-07,0.00011572392698267399,1.0088022343076378e-07,0.00014783164029752923,6.6676728335993535e-06,3.019403782572161e-05,3.138594548876326e-07,0.9866064875077585,4.355819543610727e-09,2.333996397877231e-07,9.180285041721071e-08,0.0003228321048389772,1.959414387387058e-07,0.001547246431815227,9.1509110818072e-05,0.005018449600170006,1.2229574942199767e-06,0.00016422550827279475,0.0057450053372864246,0.00010515813728494089,6.785704013614112e-06,7.419939125158839e-08,8.793058814746887e-05
46,4.090245870457729e-08,1.3923215455299943e-06,3.051497423498128e-07,0.00017474251049967078,1.1024223725349834e-07,0.0001696046244378541,4.641189988527491e-06,2.123989736933373e-05,2.530033039136937e-07,0.9801098997589073,4.612779128537831e-09,2.5771962313124407e-07,1.6143761720808704e-07,0.0004815405943589465,1.231523646756473e-07,0.0010858139996459168,0.0003220847060753646,0.006690159159950816,1.1326328791716956e-06,0.0002573464756995928,0.010377678629553211,0.00016146744009007982,1.3376880198518757e-05,9.162643756172832e-08,0.00012653133223591422
47,5.2920920081132113e-08,1.7372715770257578e-06,3.3427006318982004e-07,0.00012076392771343054,1.0584700695489938e-07,0.00011166511952784228,6.116431337950646e-06,1.846554033314213e-05,3.4665622352882625e-07,0.9841916750812205,3.04716453790986e-09,3.374747694668737e-07,1.36010563504237e-07,0.00035101709722850017,1.3840437830907975e-07,0.0012777847812177475,0.00013647599474272395,0.005316270427413584,1.1875600189377573e-06,0.00020209965259973187,0.008018664130806853,0.0001179065352519442,7.667137864914178e-06,7.756816937072258e-08,0.00011897111188611415
48,3.800810604046988e-08,1.631330005856047e-06,2.675480771229943e-07,0.00011015869159578417,9.198870920416708e-08,0.00012061382877398721,4.839918586912589e-06,1.761265334466028e-05,2.345686065499947e-07,0.9880887881358456,3.291887137916154e-09,1.9053465024142973e-07,7.62544294390492e-08,0.00036256039277333534,9.611537128228099e-08,0.0008732911123679486,0.0001041427379991029,0.004173399855997456,1.060312460449266e-06,0.00016169307777475953,0.005807446309693093,8.236731583543604e-05,8.576642171512647e-06,6.95161991360343e-08,8.074985873820367e-05
49,3.29468887029218e-08,1.4419342281751215e-06,2.880168915941532e-07,0.00012074657516249857,8.02117995060456e-08,0.00010536597941096514,5.2379194343780675e-06,1.6687919071350134e-05,2.1922152257815937e-07,0.987776381360831,2.9625135095117828e-09,2.1934241524284498e-07,7.553461053832247e-08,0.00035641175657081283,1.0049638018592744e-07,0.0008000441031661797,9.392230043690088e-05,0.00406827690011077,8.134672084110671e-07,0.00015621043463643976,0.0063136255240744095,8.340903180314883e-05,8.753415651931306e-06,6.044721607126376e-08,9.159219796448729e-05
50,5.958047881788558e-08,1.8604833219224728e-06,3.1425850310325367e-07,0.00016314005813326986,1.224538040361386e-07,0.00020599598558338123,4.1441963960757215e-06,1.719850749983389e-05,5.539020002133993e-07,0.9771368984614041,4.4945465839191805e-09,2.5535286558835516e-07,1.7091885456764585e-07,0.00037714523615256447,1.4532843053406056e-07,0.0015427725801144807,0.00020141885648512095,0.009353438091562718,1.5105394466227654e-06,0.0002646008529868992,0.010470996107771064,0.00014389760347414133,8.702837818243104e-06,1.4501062449704421e-07,0.00010450830174160215
51,3.785240406083535e-08,2.415899050007191e-06,2.425736953999209e-07,0.0001527508986708534,6.397720834748766e-08,8.489788628846849e-05,4.756693099269839e-06,1.861744535130434e-05,2.45126371956615e-07,0.9882507784238898,2.971935184797967e-09,2.563884333892216e-07,5.147371711195431e-08,0.0004818217129027392,9.716705206587214e-08,0.000648308165722899,8.335750915689009e-05,0.004388593904278645,9.518383060853958e-07,0.00013380823010769027,0.0055509536678187855,0.00010413071039298912,7.919523093576106e-06,5.280913661700216e-08,8.48871519161521e-05
52,1.270019063779787e-08,5.038408714630655e-06,2.786136859031684e-07,0.00021589806032595616,5.5189203284414765e-08,2.0478604915674842e-05,1.564820152252004e-05,1.4611187934112186e-05,1.8694494049699505e-07,0.9728473895631304,1.5981167335799469e-09,1.8488711901215948e-06,1.416825430998571e-07,0.0002257514671520218,4.633641727987089e-08,0.00038254081419687405,7.237460101181626e-05,0.0003738509565699295,1.627152986991985e-06,0.00016837911785526572,0.025437410770970857,0.00011980516548364421,3.0004987794145724e-05,6.854411537743185e-08,6.655045903209081e-05
53,2.9813726685343665e-08,1.3769843663296391e-06,3.129598104538554e-07,0.0001203156018615375,1.1789159676062375e-07,8.549099587547498e-05,9.585582437654081e-06,2.2758755099260078e-05,2.438057834600806e-07,0.9879658568375392,3.654586370504436e-09,3.006279517105671e-07,7.881455677419988e-08,0.000378911670687334,1.43694019565011e-07,0.0010171408146397597,7.712603970537864e-05,0.0035818795091839247,7.055133417733997e-07,0.00016017314341732776,0.006374210439809096,8.704900816570623e-05,9.415244041203675e-06,5.261553531967801e-08,0.0001067199822620876
54,4.2425003578009866e-08,2.0022697078145897e-06,2.6050532947073426e-07,9.888873205771568e-05,9.25098083403395e-08,0.00010132696460790635,5.320182055406138e-06,1.3480430942474781e-05,2.3575332830541454e-07,0.9897044135850305,2.3634604954266844e-09,2.0518733998173057e-07,5.950053747273663e-08,0.00044229677527334575,1.155222354800777e-07,0.000733491282501762,7.51169250335821e-05,0.0038216246752649247,7.60302785451154e-07,0.00013380456135633903,0.0046741612284069015,6.716751958349225e-05,6.94472510090361e-06,4.2335934619738414e-08,0.00011814373731378724
55,7.781492778111375e-08,2.068915424839244e-06,4.888791370143493e-07,0.00016829534734267502,1.1534377847647233e-07,0.00012446837979345396,9.399689464183122e-06,2.2604152479619164e-05,6.565870895009222e-07,0.9796536642695819,3.6430822053279994e-09,6.036610136565275e-07,2.007892533966826e-07,0.0003682620300980369,1.5834145823246978e-07,0.0014733334791875161,0.00010782628887229904,0.007772204149008722,1.4281505014135707e-06,0.00018670390589662963,0.00984290810761651,0.00012238343982629607,6.7449434730951295e-06,1.1265181620250287e-07,0.00013528703987618704
56,4.0806931369959484e-08,1.622390251828033e-06,3.003753627849037e-07,0.00012042538323399497,1.0115909877799256e-07,0.00011741490738715308,5.657163089207036e-06,1.8431818043164014e-05,2.5813419309896395e-07,0.9869343866974586,3.3853599877655566e-09,2.3024478045665442e-07,8.869976494369611e-08,0.00038958311492791347,1.0980950993176763e-07,0.0009140973096098447,0.00010851472254298234,0.004587410127423355,9.591317032317814e-07,0.0001733280126536447,0.00643450200938473,8.63109047623614e-05,8.764242956469263e-06,6.799912467163871e-08,9.739145044536172e-05
57,3.683802599335346e-08,9.959278963261026e-07,2.0477025990584031e-07,6.331260252360357e-05,1.0335350630928437e-07,0.00027562819606865733,2.1542750597517635e-06,8.86578377238457e-06,1.512176316093218e-07,0.9900774262569975,2.6810132607455797e-09,1.5799096951413713e-08,9.693864894498087e-09,0.0004196221321871384,7.438849173739181e-08,0.00047578719980324874,2.9506498275795138e-05,0.006966760265998038,2.70339017046725e-07,6.80073899447317e-05,0.0015260540837965372,1.619140244937006e-05,5.140372312597798e-06,3.2246048005448035e-08,6.364628595872029e-05
58,4.413286784070933e-08,1.6532391383633371e-06,3.1135166388459e-07,0.0001215796288012969,1.000227515931471e-07,0.00012488575452128584,5.589426028062327e-06,1.8330250423983385e-05,2.7266862724038627e-07,0.9867758330850736,3.609869739574777e-09,2.336631320251498e-07,9.094523327107966e-08,0.000375943225990616,1.0564493906639008e-07,0.0009242696306969665,0.00010560306668657473,0.004763931108888297,1.070634058730978e-06,0.00016830745397770954,0.006424100981283043,8.65283474338092e-05,8.954427909953266e-06,7.948472907238412e-08,9.217821527407901e-05
59,3.876887964301047e-08,1.5121692160601402e-06,3.0177442425986213e-07,0.0001135757984542083,9.166662569184391e-08,0.00011584431136558693,5.285002998524024e-06,1.749317383272696e-05,2.4803161672497324e-07,0.9876817359912973,3.2251213162424913e-09,2.0786377990363019e-07,8.082504044123051e-08,0.00033287770036163016,1.0072807693277918e-07,0.0008916585025923552,9.394853498093919e-05,0.004274679600592478,9.637463120875377e-07,0.00016404457962042066,0.006132481977389504,7.981714652872355e-05,8.5824546226269e-06,7.290145541308949e-08,8.435352481449275e-05
60,3.790221196102168e-08,1.550703118541482e-06,2.802938244019156e-07,0.00011465432111086963,9.528243422526776e-08,0.00011415853140114311,5.262158349986148e-06,1.767704063376237e-05,2.42627134409486e-07,0.9874757047311601,3.1354179186255358e-09,2.0458545053960755e-07,7.831300845106726e-08,0.0003741065796139019,1.0502800116087797e-07,0.0008921388139755382,0.00010219409799433506,0.0044522311572702845,8.95703057209585e-07,0.000166144736488994,0.006099474458574519,8.237510138483451e-05,8.314674266385813e-06,6.261017959999865e-08,9.200741393679166e-05
61,3.9784016356985224e-08,1.537998984173144e-06,3.129704182153271e-07,0.0001154849836958164,9.385635478211301e-08,0.00011644985885329432,5.4665680080825835e-06,1.791315806741568e-05,2.5071429854857864e-07,0.9876422081907256,3.3029983732387217e-09,2.1343340084002446e-07,8.212252729958345e-08,0.00034071910279218965,1.0344021339569218e-07,0.0008847881247567872,9.506707908406756e-05,0.00430868391604673,9.627114744241897e-07,0.00016411062073552572,0.006129056923630273,8.035941974287905e-05,8.748950643349967e-06,7.249491103678927e-08,8.72702736205237e-05
62,3.790221196102168e-08,1.550703118541482e-06,2.802938244019156e-07,0.00011465432111086963,9.528243422526776e-08,0.00011415853140114311,5.262158349986148e-06,1.767704063376237e-05,2.42627134409486e-07,0.9874757047311601,3.1354179186255358e-09,2.0458545053960755e-07,7.831300845106726e-08,0.0003741065796139019,1.0502800116087797e-07,0.0008921388139755382,0.00010219409799433506,0.0044522311572702845,8.95703057209585e-07,0.000166144736488994,0.006099474458574519,8.237510138483451e-05,8.314674266385813e-06,6.261017959999865e-08,9.200741393679166e-05
63,3.883446198941916e-08,1.7005517042454528e-06,2.8031304206719515e-07,0.00011290686526956449,9.54498476383099e-08,0.00011096360991419687,5.201723023669035e-06,1.7140158323615457e-05,2.418429916674885e-07,0.9880547443423747,3.0764913771810333e-09,2.037889542785553e-07,7.549816907917082e-08,0.00037279388930876466,1.0236023989563879e-07,0.0008458865211246976,9.757723033110871e-05,0.004137030697936477,9.2959095484054e-07,0.00016456381119001474,0.005899806767090611,7.930253318147534e-05,8.479432503065827e-06,6.276805923315936e-08,8.986834351163113e-05
64,3.481303828127916e-08,1.5292868300701987e-06,2.806834665986202e-07,0.00011899019189981292,9.159896320714499e-08,0.00011028180306839733,5.30480067751762e-06,1.708417431425106e-05,2.389797377049302e-07,0.9868651548779193,3.020085375510622e-09,2.1853983617304003e-07,8.009782596470525e-08,0.0003743682691990728,1.022560570090701e-07,0.0008560293348421498,0.00010260624852304072,0.004236064426783261,8.54251920312903e-07,0.000167662598498227,0.006956487169678643,8.459952466773041e-05,8.805792013268688e-06,6.197220675042172e-08,9.306528794766183e-05
65,5.88271937342951e-08,1.9609357888674104e-06,3.3049369888453497e-07,0.0001295803198304558,1.2617672192114597e-07,0.00014862491613345022,5.982172194416917e-06,1.9570013683251598e-05,3.9720058723811324e-07,0.9840910972913286,4.3888335655244094e-09,2.8098397864083574e-07,1.2287840748913624e-07,0.00041665195726832134,1.3457833077715898e-07,0.0011825517482239314,0.00013732640522183713,0.006330658767385685,1.3888854629928267e-06,0.00019129141474479597,0.007111146711109791,0.00011379309175030702,8.803278677832757e-06,9.975659193687791e-08,0.0001080168068511381
66,4.240778895683447e-08,1.134469767932527e-06,3.246954226458219e-07,7.400074041745063e-05,1.320406815387595e-07,0.00014708151122923548,3.933139038189111e-06,1.2296529177491034e-05,2.2897922754048744e-07,0.9881194434664444,2.732521835719273e-09,1.152139584248214e-07,1.1015657296105174e-07,0.00022004966586901888,8.105379715555911e-08,0.0009034150893197885,0.00012037739107527499,0.004059763587073553,8.708675874197033e-07,0.0002415312603058942,0.005955882121182137,5.007784582295644e-05,9.291013090328617e-06,8.912947162022667e-08,7.972489315646166e-05
67,3.0904233076421544e-08,1.2138331204089308e-06,2.424256223030067e-07,0.00011930277157154619,8.854829555022805e-08,0.000130904538606612,4.1314469407765255e-06,1.4269854742357813e-05,1.92309132715358e-07,0.986953138082542,2.854524113858685e-09,1.6148525312831817e-07,8.542654735985878e-08,0.00037352936871644756,8.525303998560916e-08,0.0008405564402020406,0.0001254405239585467,0.0046263605196070565,7.186161059247436e-07,0.00018570966594253969,0.006451484246770574,7.168271347752293e-05,8.94885325873936e-06,6.245623326646322e-08,9.165686155549446e-05
68,4.0145423761979403e-08,1.6740374211436615e-06,2.784124519192862e-07,0.00010997144717199596,1.2429952003568894e-07,0.00013693087677126278,5.777168600510168e-06,1.951679376256573e-05,2.672860908257654e-07,0.987400747639432,3.947096464531865e-09,2.0669222075422324e-07,8.744404581697276e-08,0.00042843581562873644,1.429372973873425e-07,0.0010575419598445397,0.00011698179911154217,0.004537730440245464,1.0431876229936338e-06,0.00018550336531403984,0.005792669500754138,9.079376501617409e-05,8.927754604851657e-06,6.614866571459773e-08,0.00010453713588553032
69,2.907665775660587e-08,1.4787802417538294e-06,2.7580311103358457e-07,0.0001216416680484216,9.361585887574724e-08,0.00011094149655373762,5.4532443073495625e-06,1.8827178518550875e-05,2.12607974371393e-07,0.987964882836495,3.741481829791677e-09,2.1063307681852977e-07,7.781347316457063e-08,0.00031779402872633515,9.883319227422093e-08,0.0009232567696308529,8.558447402053875e-05,0.003301491232823249,9.821565574352093e-07,0.00018377046348957632,0.006807165179437501,7.570026457857623e-05,1.0564358759262812e-05,8.276708103470964e-08,6.93809759048043e-05
70,4.3276219059741416e-08,1.4246933622044277e-06,3.112689759280372e-07,0.00011835913526796622,1.0743846540312195e-07,9.804572302078232e-05,6.223621826715704e-06,2.0988002958918348e-05,2.423953180680767e-07,0.9872124978389785,2.7872922831078747e-09,2.1735640462920068e-07,8.650354617409611e-08,0.00041340239503821964,1.254875590277735e-07,0.0010202790706669474,0.00011031072749081091,0.005392547505096707,6.502919172195622e-07,0.00018518814689945454,0.0052148795998384085,7.963545673889892e-05,6.482069923903858e-06,4.4467252874483146e-08,0.00011790473994126
71,3.198315624478972e-08,1.7847188758106563e-06,1.864047135959027e-07,9.986337036009648e-05,1.285112975785391e-07,7.654561241924474e-05,5.028675635967715e-06,1.2594746382264886e-05,1.9769807889439632e-07,0.9896921329618619,2.2461845929953006e-09,1.6933990696714368e-07,7.400700216685092e-08,0.00035661035907115626,7.862140194224151e-08,0.0008345476833977142,9.185189778085717e-05,0.003315641396544681,5.904503589691348e-07,0.00023361261812591825,0.005130709919006869,5.186368912810835e-05,8.203880205991264e-06,4.969893396722636e-08,8.749951016864439e-05
