,0,1,2,3,4,5,6,7,8,9,10,11,12,13,14,15,16,17,18,19,20,21,22,23,24
0,1.2673496782460956e-05,4.967626163872164e-06,1.2205857976890337e-08,2.687410180728506e-07,5.789723628021292e-06,3.1125543338427117e-06,0.004680595983396757,3.930503783071008e-08,4.187818102049869e-05,0.041198832061378594,1.665695877990213e-07,8.51966178346592e-07,3.5950134380286814e-09,0.007080005049291687,1.0966157740310361e-05,8.360398980001189e-06,1.5449787698072866e-06,0.0003843950355320063,4.934693548093124e-06,1.2924216365404605e-05,0.0003990633893230755,0.004657844836622332,9.417027174014324e-06,1.4668271668398913e-07,0.941481205524539
1,9.040456736415852e-06,4.626528454891679e-06,8.06996301370421e-09,1.9853257059418882e-07,5.20949809230375e-06,1.554419078895714e-06,0.0034993446310792988,2.280990127895232e-08,3.0280702917653328e-05,0.022791561273083787,1.5144786353529804e-07,7.317347866987653e-07,2.4541421308012474e-09,0.006968990375926765,8.75133640862929e-06,4.285142759947542e-06,1.174654943881957e-06,0.00032083395988864895,2.5902240446784338e-06,6.173622375869801e-06,0.00028861167753908444,0.003903616151324745,7.27337146484557e-06,9.627004147095031e-08,0.9621448706546109
2,7.96123680598115e-06,3.1639794409167553e-06,6.486261963536948e-09,1.7996989379087315e-07,5.453116631012076e-06,1.1434199843603877e-06,0.0030876063852422857,2.2601405246634178e-08,4.434613647077107e-05,0.027000081326067037,1.1230406661672249e-07,3.8899065915922414e-07,1.7169307353620491e-09,0.005858936719420033,7.830080566047409e-06,3.777494845033429e-06,8.283534587873662e-07,0.0002278961246033615,2.2361363242312427e-06,7.207717573484055e-06,0.00019532482385794137,0.0038747762338192044,6.835941763388531e-06,1.1141074112251871e-07,0.9596637712931675
3,1.012825259182768e-05,4.8007679747239675e-06,8.534543434875187e-09,2.135870693696444e-07,5.6916111508302395e-06,1.6319318511941362e-06,0.003689268888562312,2.5874540313060926e-08,3.871660323125545e-05,0.027426922704797106,1.5186669461122802e-07,6.735587991932071e-07,2.5660498274368776e-09,0.006684892437678019,8.944200802116975e-06,5.199494384611894e-06,1.2031595679152608e-06,0.0003161965995201541,2.8506107665141187e-06,6.632582181890897e-06,0.000270423730577218,0.003886883714170131,7.3382777602752e-06,1.1123501593233595e-07,0.9576310872097192
4,1.0014925360871248e-05,5.412465483238485e-06,8.761552045995562e-09,2.169978949639131e-07,5.895395292035171e-06,1.6390853836111973e-06,0.0037053686249976115,2.6370698579100698e-08,3.668570024805897e-05,0.025291699971429535,1.7021581760471569e-07,8.420949675731722e-07,3.2404269290760297e-09,0.007354388629753023,8.386273599136445e-06,5.16372157091636e-06,1.3099437963554269e-06,0.00035021335586785183,3.0044009213116122e-06,6.758084302429416e-06,0.00028139769242245755,0.0039287282664358285,7.70597647814544e-06,1.0303735200204494e-07,0.9589948567679479
5,1.033843124722592e-05,3.4328341032880045e-06,7.307583925140087e-09,2.2316489713418148e-07,4.6780745196225046e-06,1.2932300008563414e-06,0.0031905000165129505,2.2843666391349844e-08,3.3452661873496105e-05,0.027612716206794004,1.2717100475568448e-07,6.781932576466007e-07,2.1694967448042033e-09,0.006528618717396066,6.230540399327654e-06,5.109828176723003e-06,1.1837791853205878e-06,0.0004430865469434121,2.030653923615362e-06,7.027332177218182e-06,0.0002431517522824959,0.0032517624897532476,6.713976373359067e-06,1.1678541763666803e-07,0.9586474952930135
6,1.012825259182768e-05,4.8007679747239675e-06,8.534543434875187e-09,2.135870693696444e-07,5.6916111508302395e-06,1.6319318511941362e-06,0.003689268888562312,2.5874540313060926e-08,3.871660323125545e-05,0.027426922704797106,1.5186669461122802e-07,6.735587991932071e-07,2.5660498274368776e-09,0.006684892437678019,8.944200802116975e-06,5.199494384611894e-06,1.2031595679152608e-06,0.0003161965995201541,2.8506107665141187e-06,6.632582181890897e-06,0.000270423730577218,0.003886883714170131,7.3382777602752e-06,1.1123501593233595e-07,0.9576310872097192
7,1.5473707579581098e-05,1.0976466621925933e-05,1.7878762985574984e-08,2.7448086334126064e-07,9.29954605211535e-06,2.6559911654710715e-06,0.005354516371300371,4.167173849611383e-08,4.818442768238564e-05,0.03364676524752547,2.9048892599777386e-07,1.1317312096507626e-06,5.856106225098494e-09,0.007888796632890506,1.4546309463071567e-05,6.592140734974121e-06,1.543524702291231e-06,0.00036409595299317796,5.424433269281244e-06,8.057746645388765e-06,0.0004102040958373695,0.0056481961947996585,7.80281592012528e-06,1.515943088474478e-07,0.9465549546929012
8,3.400045673049089e-05,3.224760646037988e-05,3.033297475620116e-08,2.9014065566292496e-07,1.062436498093617e-05,1.2280601262699517e-05,0.012006556345277723,1.8327483997894676e-07,3.3196145140399006e-05,0.032693026922372186,3.400622076686387e-07,1.2560609717656943e-05,3.705790321410537e-08,0.010102072243137254,1.1006790859204462e-05,2.9078509829155376e-05,6.7102896272372214e-06,0.001413336333629069,3.860875118699004e-05,2.4644010976172184e-05,0.00130907799567525,0.0077940452682496685,1.8334566020612512e-05,3.3034927931054993e-08,0.9344176782853577
9,9.868745549912096e-06,5.6899185206741076e-06,7.049848792204517e-09,1.6157308458674303e-07,5.333070920222481e-06,1.5472880803886204e-06,0.003877139319056876,2.3544122077250753e-08,3.274455497025103e-05,0.021040758518105957,1.342646597319069e-07,8.064366795748383e-07,2.641774243935603e-09,0.005784296262254,7.735290203275364e-06,4.643360805811807e-06,1.1219575908134027e-06,0.00031566562464682474,3.002243328013201e-06,5.429898729069878e-06,0.0002558253725670587,0.0034189614024272004,6.438357705966638e-06,7.225881090208117e-08,0.9652225910455577
10,1.012825259182768e-05,4.8007679747239675e-06,8.534543434875187e-09,2.135870693696444e-07,5.6916111508302395e-06,1.6319318511941362e-06,0.003689268888562312,2.5874540313060926e-08,3.871660323125545e-05,0.027426922704797106,1.5186669461122802e-07,6.735587991932071e-07,2.5660498274368776e-09,0.006684892437678019,8.944200802116975e-06,5.199494384611894e-06,1.2031595679152608e-06,0.0003161965995201541,2.8506107665141187e-06,6.632582181890897e-06,0.000270423730577218,0.003886883714170131,7.3382777602752e-06,1.1123501593233595e-07,0.9576310872097192
11,1.053513286013204e-05,5.374865448532141e-06,9.260532186130733e-09,2.292194136950161e-07,5.996170798391942e-06,1.8062031335987843e-06,0.003963495998711272,2.9695789593213022e-08,4.0567573854859126e-05,0.027946532833086308,1.6302981133988142e-07,7.886520336345446e-07,3.1425712754133904e-09,0.007027785112290475,9.166813385052363e-06,5.761779365115231e-06,1.3580263357449804e-06,0.000338320326086329,3.1931102578640734e-06,7.189386583885886e-06,0.00028382845219446646,0.0041352791555666615,7.780674058788087e-06,1.111345931811584e-07,0.9562046942512377
12,9.27777538688996e-06,4.582656779657296e-06,7.812836376576943e-09,1.950639322810231e-07,5.767525551556554e-06,1.490365541545697e-06,0.003264849002674695,2.0813367198028726e-08,3.3450253137904904e-05,0.023174892554504906,1.3937927337380417e-07,6.735976345055925e-07,2.33425056573624e-09,0.006709204695594286,7.54674430988727e-06,4.49335881991738e-06,1.0619324838193108e-06,0.0003267671557219125,2.444391790253747e-06,6.133514156607297e-06,0.0002487189303083393,0.003188010955106534,6.932264876006946e-06,9.623310742889725e-08,0.9630032406888535
13,9.752655020177263e-06,6.523010747092232e-06,1.0484059937806332e-08,2.501299665978647e-07,7.75886314572375e-06,1.3175116496467028e-06,0.0034494556959283234,1.9490355727478437e-08,2.86528759396873e-05,0.01871982599286593,4.969385669774679e-07,1.024374171313243e-06,4.323000465508218e-09,0.01082338252842125,1.6293781799284705e-05,4.172220399000691e-06,1.22101446306876e-06,0.0003212125907086568,3.2157689934653263e-06,5.246029870727217e-06,0.00038589007913692006,0.004208589572570394,1.162616463782673e-05,1.5385955120251024e-07,0.9619939040440306
14,1.0496707239672597e-05,5.566715234890413e-06,9.002418505157752e-09,2.0282095833453536e-07,6.079307275898777e-06,1.8038949768052103e-06,0.003845062965248557,2.5287204631554322e-08,3.568644587607719e-05,0.026702854114908723,1.6487609961938883e-07,7.969735470701905e-07,2.947699351409722e-09,0.006960398297389785,9.047478621076396e-06,5.435340668836584e-06,1.2158099574689967e-06,0.0003305571035058416,3.3227880534902863e-06,6.70459425678091e-06,0.0002912797351145879,0.0038385903336994854,7.2764342741481985e-06,1.0207338653794617e-07,0.9579373179523839
15,1.012825259182768e-05,4.8007679747239675e-06,8.534543434875187e-09,2.135870693696444e-07,5.6916111508302395e-06,1.6319318511941362e-06,0.003689268888562312,2.5874540313060926e-08,3.871660323125545e-05,0.027426922704797106,1.5186669461122802e-07,6.735587991932071e-07,2.5660498274368776e-09,0.006684892437678019,8.944200802116975e-06,5.199494384611894e-06,1.2031595679152608e-06,0.0003161965995201541,2.8506107665141187e-06,6.632582181890897e-06,0.000270423730577218,0.003886883714170131,7.3382777602752e-06,1.1123501593233595e-07,0.9576310872097192
16,2.1827001115872958e-05,2.8952617084091396e-05,3.4998961321953874e-08,4.385350464261481e-07,2.9481927963742663e-05,8.167518166874144e-06,0.007907180354665965,1.2434888726839026e-07,0.000512677597149622,0.025817281164412096,5.116048277145593e-07,3.720035088658076e-07,1.1194624089889399e-08,0.007244139054915877,6.733215426501213e-05,1.232858812761511e-05,2.4304654736528874e-06,7.175229643086114e-05,1.455087783737859e-05,8.677858445304598e-06,0.00010467023827519998,0.0070117109967491,2.456959360012489e-05,4.2260590022622037e-07,0.9511103544035656
17,1.2600655947235352e-05,6.17825170226356e-06,1.3631039154977369e-08,2.9910385451830965e-07,8.22356544631282e-06,2.6875573139434104e-06,0.005004316577421208,3.512031097893691e-08,6.942628356298144e-05,0.04596966692285499,2.055734917936856e-07,4.701445970350236e-07,2.715588317240903e-09,0.0067374169725649856,1.8198511128017743e-05,7.992836631876136e-06,1.229069528583246e-06,0.00022821254377739512,4.0217659425961135e-06,7.982404494697307e-06,0.0002987970157977729,0.0045727222435705,8.246295737853821e-06,2.135282612103211e-07,0.9370408407094337
18,2.6511155689821835e-05,2.0726958924987563e-05,1.800591697739646e-07,2.3883786092817288e-06,0.00010490603685596294,1.778847010699935e-05,0.016961195963518232,1.7881297259488633e-07,0.00021677629383646743,0.15581096890905022,1.2211317908611457e-06,6.703499641764299e-07,1.135122689175731e-08,0.0160161727232008,0.00020238193306319562,4.53011775110154e-05,1.4449807909951904e-06,0.00019474606251914327,2.4717664014561862e-05,3.119237689690452e-05,0.0014784501757160206,0.008321465472433644,2.450230284964791e-05,1.2101700015118228e-06,0.8004948910892863
19,1.0068732099706152e-05,5.97562541700238e-06,1.1081257857265675e-08,2.5310153448992064e-07,7.63686300637307e-06,1.6916037479717e-06,0.004370329630455379,3.370750795704998e-08,4.0362459192318004e-05,0.027495050530243724,1.6332692853497338e-07,9.731371496582026e-07,3.5409798833665947e-09,0.007659379831446279,9.163010548904849e-06,5.434295035566999e-06,1.3206658623433285e-06,0.00037068501756020453,3.4046557561338725e-06,7.620344935850933e-06,0.00030633328145741027,0.004922913047668487,6.74896368079268e-06,1.0079749242393264e-07,0.9547743427490347
20,1.025548488319312e-05,4.602950965441351e-06,7.888813673986075e-09,1.9479273648790954e-07,5.417111021616729e-06,1.5610904313909985e-06,0.0032546895574012647,2.2163685626725698e-08,3.733359896084375e-05,0.02656984895061609,1.3275672786130322e-07,6.954377808161775e-07,2.467114738233579e-09,0.006638597391834862,6.80245649557694e-06,5.16514415743059e-06,1.1803078993024944e-06,0.00036016482295005056,2.5474222255039537e-06,6.511741029012571e-06,0.0002318859192884394,0.003278081467856292,6.664939269217393e-06,1.0224817652144983e-07,0.9595775318876788
21,1.0303294963200074e-05,4.75507446254282e-06,8.44164018605809e-09,2.0898569763335356e-07,5.706010281012159e-06,1.5383803181451178e-06,0.0034594182352987455,2.4111710804404467e-08,3.6245968194132685e-05,0.027766063748759385,1.519448141070157e-07,7.025516472389777e-07,2.519060996541936e-09,0.006793093471115442,8.25286725733041e-06,5.053595494858362e-06,1.1626062750780087e-06,0.0003362676360631334,2.78284576663578e-06,6.562398701251693e-06,0.000278442460346302,0.003713466754965116,7.0306926380355754e-06,1.0930462360137433e-07,0.9575626460999052
22,1.1970089434248322e-05,4.105595865075261e-06,1.0862298535179468e-08,2.842729014849531e-07,4.969188976419531e-06,1.6999515407830995e-06,0.003371420216305804,2.7600390439549005e-08,3.438550459579856e-05,0.040222416415792106,1.9353269094993663e-07,8.050121978264391e-07,2.609907527952038e-09,0.008336681671680628,9.47787721020489e-06,6.328297260528436e-06,1.648774398705981e-06,0.00046413415432520496,2.675121105946109e-06,8.205559924839928e-06,0.00037901946816338856,0.004746650284765226,7.926204894108909e-06,1.625961974979591e-07,0.9423847991371768
23,1.012825259182768e-05,4.8007679747239675e-06,8.534543434875187e-09,2.135870693696444e-07,5.6916111508302395e-06,1.6319318511941362e-06,0.003689268888562312,2.5874540313060926e-08,3.871660323125545e-05,0.027426922704797106,1.5186669461122802e-07,6.735587991932071e-07,2.5660498274368776e-09,0.006684892437678019,8.944200802116975e-06,5.199494384611894e-06,1.2031595679152608e-06,0.0003161965995201541,2.8506107665141187e-06,6.632582181890897e-06,0.000270423730577218,0.003886883714170131,7.3382777602752e-06,1.1123501593233595e-07,0.9576310872097192
24,1.4777364622175251e-05,5.811106602579646e-06,9.257727251830798e-09,1.411225098280537e-07,2.918393636801901e-06,2.3704146610775356e-06,0.004516811518118743,3.170141442202067e-08,5.426713037114444e-05,0.0368101535679554,1.4972667405903548e-07,3.500233363136676e-07,1.4693153849866682e-09,0.003481546568134817,1.9949207743962744e-05,3.939328249789744e-06,1.4038363622772578e-06,0.0001594719761411494,3.884193735369106e-06,5.455124366823627e-06,0.0003220994874366614,0.006396830906424593,6.669042028348404e-06,1.7301639326150098e-07,0.9481907845160378
25,1.328011328088201e-05,5.209779560742763e-06,1.1249060065920448e-08,3.6308887820606513e-07,8.026444409601813e-06,1.597953657337211e-06,0.006003460468882173,5.18665439687437e-08,3.755342544606641e-05,0.03393666298227642,2.742303089672212e-07,1.0860957825044975e-06,4.598367169634828e-09,0.008102260680873372,1.3743233709888367e-05,8.836745202948816e-06,1.4506712350951128e-06,0.00047224916461538827,4.352157340460916e-06,9.104307881748409e-06,0.0005066459722450256,0.005434045092401449,1.103370282065918e-05,1.282510995953872e-07,0.9454285677241202
26,1.3427259845706406e-05,4.514044843538688e-06,7.886246549920553e-09,2.1981844223986933e-07,5.289563714246952e-06,1.4144050480963395e-06,0.002748955954310999,2.784914296304124e-08,7.678248279048024e-05,0.02294163021581768,1.3429941770345198e-07,3.924836045725613e-07,2.0477541850398515e-09,0.004746681848828127,8.32495321041131e-06,4.47552626509205e-06,1.2982604319449282e-06,0.00023844836137276577,2.188263026513754e-06,6.153089571938515e-06,0.00015638148756394877,0.0029599355729028193,9.44823030379261e-06,1.9496118248986686e-07,0.9660736711343612
27,8.335437967887948e-06,3.982145479008697e-06,6.526944728846751e-09,1.8374976944036914e-07,4.752969131229151e-06,1.332764465271162e-06,0.0038362563532751345,2.5385528848571313e-08,5.561745368278558e-05,0.029190735023780997,1.3469706539969468e-07,4.018097863592508e-07,1.9732949620522513e-09,0.005700955467227996,1.0686250292542655e-05,4.378545301382969e-06,1.076012424756473e-06,0.00019742641975207834,2.4121411272869815e-06,6.130395215887543e-06,0.00018630749183081252,0.00468180820876975,6.888743778347437e-06,1.3469860358804656e-07,0.9561000293355036
28,1.012825259182768e-05,4.8007679747239675e-06,8.534543434875187e-09,2.135870693696444e-07,5.6916111508302395e-06,1.6319318511941362e-06,0.003689268888562312,2.5874540313060926e-08,3.871660323125545e-05,0.027426922704797106,1.5186669461122802e-07,6.735587991932071e-07,2.5660498274368776e-09,0.006684892437678019,8.944200802116975e-06,5.199494384611894e-06,1.2031595679152608e-06,0.0003161965995201541,2.8506107665141187e-06,6.632582181890897e-06,0.000270423730577218,0.003886883714170131,7.3382777602752e-06,1.1123501593233595e-07,0.9576310872097192
29,1.012825259182768e-05,4.8007679747239675e-06,8.534543434875187e-09,2.135870693696444e-07,5.6916111508302395e-06,1.6319318511941362e-06,0.003689268888562312,2.5874540313060926e-08,3.871660323125545e-05,0.027426922704797106,1.5186669461122802e-07,6.735587991932071e-07,2.5660498274368776e-09,0.006684892437678019,8.944200802116975e-06,5.199494384611894e-06,1.2031595679152608e-06,0.0003161965995201541,2.8506107665141187e-06,6.632582181890897e-06,0.000270423730577218,0.003886883714170131,7.3382777602752e-06,1.1123501593233595e-07,0.9576310872097192
30,1.012825259182768e-05,4.8007679747239675e-06,8.534543434875187e-09,2.135870693696444e-07,5.6916111508302395e-06,1.6319318511941362e-06,0.003689268888562312,2.5874540313060926e-08,3.871660323125545e-05,0.027426922704797106,1.5186669461122802e-07,6.735587991932071e-07,2.5660498274368776e-09,0.006684892437678019,8.944200802116975e-06,5.199494384611894e-06,1.2031595679152608e-06,0.0003161965995201541,2.8506107665141187e-06,6.632582181890897e-06,0.000270423730577218,0.003886883714170131,7.3382777602752e-06,1.1123501593233595e-07,0.9576310872097192
31,1.3076607658862542e-05,4.822853156173598e-06,9.225904674460864e-09,2.060894576517e-07,6.174386390909203e-06,1.3213660364216579e-06,0.00303712266488703,3.26932742280749e-08,3.128360961348762e-05,0.022195601454612784,1.2472471692852694e-07,9.279004853997688e-07,2.943741130160884e-09,0.00571460703550924,5.642899074739975e-06,4.741010488867253e-06,1.2106834905005492e-06,0.00045399777208225857,3.1562658325776865e-06,7.2177557289958194e-06,0.00029598626772748155,0.0036766362705773123,7.120073741990785e-06,8.259244999628388e-08,0.9645388948533604
32,1.038180401091868e-05,5.1063711659201135e-06,9.08947015287028e-09,2.122507581910846e-07,6.114776030667699e-06,1.7467679783215327e-06,0.0038848009820825857,2.8705866094096608e-08,3.8745700657909115e-05,0.02763828562438389,1.6036153528860932e-07,7.398498458328617e-07,2.8850076409763767e-09,0.006775127046102977,9.416945745943598e-06,5.500634964300154e-06,1.235999151550814e-06,0.00031337964275437573,3.4517497936285662e-06,7.246040573619322e-06,0.00028985283297248645,0.004235885564731365,7.715808787744522e-06,1.0651517135599389e-07,0.9567647460504572
33,8.90204543751511e-06,4.847634961380276e-06,6.142090865075538e-09,1.8807731915390384e-07,2.7809339226678575e-06,2.0131195237478806e-06,0.005306384120395575,4.5632777802773994e-08,4.3113993484764045e-05,0.035348578850024376,1.1656105892531426e-07,1.719621296856e-06,6.643749847426912e-09,0.010030476514109543,4.488500930890061e-06,9.592668773244666e-06,3.7089180766432725e-06,0.0006670466087655786,3.2992709667092946e-06,1.018048641996184e-05,0.00016875449131298847,0.008537678316277638,6.770301630383015e-06,6.246276509954238e-08,0.9398392380839279
34,1.2565901599338928e-05,5.651377786983792e-06,8.164969570970354e-09,1.4937681931297077e-07,6.46903336716753e-06,1.081859063834301e-06,0.0026688578426998814,2.1950970128169637e-08,4.46413075494816e-05,0.02230083801196931,1.8295216456614911e-07,5.701863575099292e-07,2.463816538096876e-09,0.005513750249313165,8.520428321669563e-06,3.3540525315307518e-06,8.800429105961434e-07,0.00022910603354338606,3.711192480764658e-06,5.171389436474542e-06,0.00022407092744667633,0.0039963316780163745,6.832762562699794e-06,1.2224729899670856e-07,0.9649671085670041
35,8.93221366853008e-06,4.885419080352371e-06,9.549184242659328e-09,2.3653629731028597e-07,6.455156501184174e-06,1.8942724454143498e-06,0.0038829903690841953,2.4722061514207084e-08,3.695214176871852e-05,0.027006668034719836,1.7604895202407265e-07,6.430227093869724e-07,2.655865080677383e-09,0.007597999946085453,1.1179552062236638e-05,5.216420305048356e-06,1.15994079263031e-06,0.00027911700192224123,2.968495471657438e-06,6.995456437055623e-06,0.0003020583592961939,0.003960118062134914,8.347470582694717e-06,1.203800794750631e-07,0.9568748487724926
36,1.063370375291949e-05,5.0740694435357005e-06,9.667980645120492e-09,2.1668078898850627e-07,6.831217544602353e-06,1.588277461711176e-06,0.0034259445025402813,2.251680973324988e-08,3.578453597072464e-05,0.02693854950391324,1.6735018823930512e-07,6.20728775448185e-07,2.351348602874025e-09,0.006578890506432698,9.542352062834963e-06,4.612920815362838e-06,9.652912821627652e-07,0.00030023378109823753,2.9090637318133978e-06,6.335921479405041e-06,0.0003054592280673494,0.0033841234085960504,7.106675463989694e-06,1.206218668675197e-07,0.9589742551225845
37,1.1541698848272723e-05,3.309916644078781e-06,8.318466060857933e-09,2.421769114513453e-07,5.145013345159977e-06,9.842104686845302e-07,0.0025031761401147655,1.6011526905296353e-08,2.945202909357753e-05,0.026693128703548105,1.7618504898149331e-07,5.999151024535823e-07,1.823300801409294e-09,0.00733010990578119,6.767704921145199e-06,3.911348659433363e-06,9.95059153471162e-07,0.0004565668245785932,1.648588503152198e-06,5.586154189162086e-06,0.0002474103710013831,0.0029823638351427983,6.2198152763214355e-06,1.8130021061214386e-07,0.9597104569501634
38,8.149809511076466e-06,3.5302101256262986e-06,5.345929913523996e-09,1.249277570013321e-07,4.840487853279247e-06,5.363355958392227e-07,0.0016255052363670257,1.1327426628798973e-08,3.97878248968607e-05,0.01994978566564068,9.132678542920751e-08,3.791294123390699e-07,1.11143539459377e-09,0.005252102148158703,4.2468715424895125e-06,1.7765520279012551e-06,6.491998731215421e-07,0.00024342422222784954,1.1813304495027956e-06,3.477210653712777e-06,0.00013164328641500047,0.0028630478548059926,3.583099299788675e-06,9.818843143072826e-08,0.9698620212973773
39,8.692970422248825e-06,3.776921241522006e-06,7.1116031097069375e-09,2.513405929273198e-07,4.256858008541668e-06,1.9939913003567013e-06,0.004813251801654317,3.9681530725044076e-08,3.0445644324592054e-05,0.023589332874754634,1.194341132138774e-07,7.258169997635582e-07,2.69074512458336e-09,0.005522726440728942,9.646707376939388e-06,6.549237227843992e-06,1.531107708090979e-06,0.0003158566110676282,2.9717637358270035e-06,7.539847526518099e-06,0.0003643653269515997,0.004086506471809114,1.0439218650003315e-05,7.932294825706861e-08,0.9612188908069782
40,7.645798083543397e-06,7.619973133111788e-06,1.3825500229711279e-08,1.5033714393757965e-07,9.430942819988171e-06,1.8928777501772009e-06,0.0026056598142146473,1.28553319294494e-08,2.095372947872879e-05,0.018306269655875652,1.7532114898244617e-07,1.0177070965687624e-06,2.536738573191028e-09,0.009424775540411282,9.059410642497754e-06,2.5203491632473056e-06,8.422321248402995e-07,0.00028591915701068986,3.248512441727583e-06,5.807633870687659e-06,0.00031065072446349656,0.00407164838749023,4.573416196023525e-06,7.958037119616835e-08,0.964920029681498
41,1.0401863540737914e-05,6.099954093090796e-06,9.931022832805143e-09,2.4591276650696424e-07,7.446439172275162e-06,1.9320130601423717e-06,0.0039151437525118266,2.829220444782756e-08,5.724801039919927e-05,0.030661151808667443,1.4927040355933076e-07,5.819937347132423e-07,2.8106605524449292e-09,0.006814208368979844,9.733245068641975e-06,6.0438765197992754e-06,1.2136158958892968e-06,0.00027519247685054923,2.7528480303738732e-06,6.520815330344023e-06,0.00022859213303793487,0.003466744023533859,7.293116672683668e-06,1.2668701676508993e-07,0.9545211367408261
42,1.4784695258052545e-05,8.228331575399983e-06,1.9758967111556715e-08,3.1397766780305104e-07,7.338441994464081e-06,3.1290557917211487e-06,0.007012373465000839,1.1763539768344258e-07,6.408646332786723e-05,0.06068932264168567,2.2765505462623726e-07,1.2968688572554766e-06,6.018178778832122e-09,0.007643491650221492,2.145475711776496e-05,9.711822277147013e-06,2.7389183402025842e-06,0.00026961326453430655,1.2367524129875788e-05,1.4865803883229337e-05,0.0007054358332278163,0.018950465902936718,1.0167242164248142e-05,1.3676655159065848e-07,0.9045583055058583
43,4.556701495767528e-06,7.3120782340190424e-06,2.2536268937089544e-09,6.630150778693949e-08,4.066968902941301e-06,5.5868164148766e-07,0.0020897765631740935,4.5657993628570625e-09,5.854414855279401e-06,0.0010390087512855402,1.5834928206440015e-07,2.511481272346205e-06,3.0112187130432307e-09,0.00580346507118029,3.273388446053373e-06,1.2473617455247206e-06,7.248760079861681e-07,0.00042155328749966765,9.018222466323683e-07,8.117405499317573e-07,0.00011260435935606012,0.0007867372217831705,6.16963780419807e-06,1.3600739405138044e-08,0.9897086175103447
44,1.012825259182768e-05,4.8007679747239675e-06,8.534543434875187e-09,2.135870693696444e-07,5.6916111508302395e-06,1.6319318511941362e-06,0.003689268888562312,2.5874540313060926e-08,3.871660323125545e-05,0.027426922704797106,1.5186669461122802e-07,6.735587991932071e-07,2.5660498274368776e-09,0.006684892437678019,8.944200802116975e-06,5.199494384611894e-06,1.2031595679152608e-06,0.0003161965995201541,2.8506107665141187e-06,6.632582181890897e-06,0.000270423730577218,0.003886883714170131,7.3382777602752e-06,1.1123501593233595e-07,0.9576310872097192
45,1.180602409719869e-05,6.069465091642265e-06,1.7451370328798074e-08,5.624367095404196e-07,8.833277565513556e-06,4.970748477798414e-06,0.011455852769924182,9.430469360826412e-08,7.983841779579095e-05,0.055696996719943735,2.626838080504099e-07,6.299580264615557e-07,4.609376225474024e-09,0.00772898613287816,3.970025226722892e-05,1.6917138476640417e-05,2.072299718525452e-06,0.00024625862290785134,6.117771722640649e-06,1.3308601700832112e-05,0.0004734365076699253,0.007857985755038892,1.4133016938724813e-05,2.3947211261503353e-07,0.9163349055616878
46,2.0698395090531404e-05,6.8183713788960354e-06,1.4813395892258331e-08,4.5413644869841895e-07,2.8077987430431786e-06,4.874197452245343e-06,0.005533278457422025,9.810009876262471e-08,5.5990982652969456e-05,0.048191608883459094,2.078475245423205e-07,1.905240522855897e-06,7.0548417397363464e-09,0.008259717292737698,1.2113229802317563e-05,1.609537908111752e-05,7.77382834999437e-06,0.0007263891040146889,4.870223485925166e-06,1.3500695772873585e-05,0.000485032979806854,0.008376284490589941,1.5491974219624837e-05,2.0343535194521224e-07,0.9282637630877557
47,1.4962595919399281e-05,6.680498987155274e-06,4.899082186257848e-09,7.008388893478884e-08,2.297539465664361e-06,1.0130319387011282e-06,0.0030403606871715035,3.0337785903102165e-08,3.388886591293335e-05,0.024301388526612802,7.731588624759848e-08,1.2989446444336683e-06,2.5215760028757685e-09,0.0034157059723761976,4.125778868418689e-06,3.206988733799476e-06,1.674421207179749e-06,0.0003648859833280228,4.3157581183089546e-06,5.0185752466528726e-06,0.00021076884437784923,0.007011259326427276,3.189351798385835e-06,4.928337598516773e-08,0.96157372386727
48,1.3170778083109595e-05,8.194403459622165e-06,1.1837608552290605e-08,2.8499946069980605e-07,4.818426543755907e-06,4.050557700081549e-06,0.006712699570555722,6.408536275053903e-08,5.4378776428018734e-05,0.03270195883869301,1.852176010060597e-07,1.160520703662702e-06,5.616194488189462e-09,0.0070766715576212145,1.4151951060268429e-05,1.0086950920384967e-05,2.9836487724440346e-06,0.00035089376457766574,5.6847821453084726e-06,9.442794944790132e-06,0.00036629149993537655,0.006349102218629931,1.1537017489788375e-05,1.1272022516986654e-07,0.9463020574652831
49,1.0143827727552194e-05,6.652182462836691e-06,1.3756950396268967e-08,2.1455080411331345e-07,6.146091719478157e-06,2.4248403495835686e-06,0.0038047858709552786,2.8055938202142633e-08,2.9833631630001873e-05,0.030014202531335882,1.640255105446564e-07,1.2687893339351468e-06,3.6100747879754314e-09,0.00877231487121849,8.921412115598173e-06,4.8333392578374305e-06,1.6415323264131069e-06,0.0004205900395081574,3.900288817562325e-06,9.016800994794062e-06,0.00038706883026631334,0.005854647814511754,6.124180306529841e-06,9.797576062860785e-08,0.9506549611501233
50,2.565067299863784e-05,2.039148070142747e-05,5.711935019695325e-08,8.51027042533041e-07,1.44438732221853e-05,1.2021711583149918e-05,0.002987903324900918,4.854806395863202e-08,3.823376707866582e-05,0.018328771959138523,7.20912704966486e-07,4.605816518492222e-06,1.3851907939043768e-08,0.019716348781217995,2.106726807299049e-05,1.2871832252855073e-05,6.496242111970664e-06,0.0008949254019746798,6.703572294637541e-06,1.451725497875289e-05,0.0010059575153498058,0.002846162372391968,3.7531650668618964e-05,3.0138671543776216e-07,0.9540034026567586
51,1.4567158563022726e-05,1.4059889573468496e-05,2.07788667371353e-08,4.189628692549098e-07,9.906114560622729e-06,1.8813013911225461e-06,0.005241890140689558,5.020316064710473e-08,0.00012742503782399477,0.06836894658143769,2.1373867735104259e-07,7.799013755295367e-07,4.254965975494749e-09,0.009818600202361139,1.4900914081629556e-05,5.707100467453974e-06,1.910730091826809e-06,0.0002959909101354154,2.6752727818256956e-06,5.752052160040244e-06,0.0003236371923664826,0.008585046764792156,4.3076235438806055e-06,2.462319442325986e-07,0.907161060941319
52,1.4564898061250216e-05,2.4599813173398453e-06,1.3115858651416152e-08,4.1110634236268373e-07,5.60263991316355e-06,2.0621911838622273e-06,0.0033245293880335186,2.5491089500515175e-08,5.271136292105264e-05,0.08213571462626286,2.1533585774469665e-07,5.165071844965808e-07,2.7775898395926407e-09,0.010441453496049758,7.992399987742637e-06,1.1565576632735901e-05,1.4966484670970722e-06,0.0007111400057334609,2.161458066414012e-06,1.6002814599345182e-05,0.0002339977012843581,0.00375169747200613,8.115538569867395e-06,3.8444565181003336e-07,0.8992751630213356
53,5.4815251016132165e-06,2.3897616674247344e-06,3.5834006583311663e-09,2.3673121253166207e-07,3.852824555649401e-06,1.3921326312672674e-06,0.00794728430841012,3.297150333547893e-08,4.6785084183073917e-05,0.020802308929852707,1.1611603606985246e-07,3.370827484962176e-07,1.913814128270238e-09,0.004798202472539076,1.3763950129224557e-05,6.998358422755158e-06,9.542846474448302e-07,0.000203930887326399,1.763134727287607e-06,6.091905217819132e-06,0.00017898031245232334,0.0032679999166525123,1.0419203271818323e-05,9.123766497904016e-08,0.9627005813718313
54,2.345176541079656e-05,2.7423120194298096e-06,3.945755113091268e-07,8.077976643403442e-06,4.849855118323669e-05,1.3194102769289697e-05,0.005667318401996099,2.014991338483225e-07,5.701540785155724e-05,0.11433625576166546,4.099539961606983e-06,5.722152713080244e-07,9.98336684780881e-09,0.03711065504246961,0.0002737774839254227,1.8245019104179656e-05,2.8941719188748162e-06,0.0004895172986596491,1.2615872704263051e-05,0.0001226068267901532,0.005331734908769646,0.016621772157115574,0.00016794134754335337,5.292762658459316e-06,0.8196811150155566
55,7.864636190178769e-06,4.864273326034306e-06,2.222572542561793e-09,5.2824029070474004e-08,3.322413828314673e-06,3.4243792571010174e-07,0.001575211808431671,6.077974522787115e-09,1.984233140886508e-05,0.007143612240614057,5.744551474454707e-08,1.0201432522859386e-06,1.2530049582734295e-09,0.003226822365878216,1.602443770901137e-06,1.4950469305369188e-06,5.450939679621686e-07,0.0004245066341768233,9.199443323193421e-07,1.7432129353523713e-06,8.884795815323535e-05,0.0011516473487118235,2.0356514980175e-06,2.753442874819187e-08,0.9863436066571432
56,1.039285779075111e-05,5.238046592202176e-06,8.86897381478032e-09,2.1750739424554497e-07,5.921414277354132e-06,1.6728143673501992e-06,0.003830977432172112,2.732334924533425e-08,3.9975531633839113e-05,0.026784260659281474,1.6278365788581073e-07,7.522481422306605e-07,2.980636597360181e-09,0.0068610753946341495,8.913240089193144e-06,5.355268269914617e-06,1.262250712768542e-06,0.0003340311438749688,3.0008059782156576e-06,6.820989374007949e-06,0.00026763829882379476,0.003951003372166561,7.424728251299224e-06,1.1114031834798164e-07,0.9578737528992377
57,8.575571782480558e-06,3.316999515680404e-06,5.808679332469981e-09,2.5398858481187797e-07,4.281927969749896e-06,1.4483723579984968e-06,0.003783549627155759,1.8602488482544314e-08,5.07463585122436e-05,0.028731627910365435,1.294977546374509e-07,2.9261924274225183e-07,1.612389553039609e-09,0.0059801409039933395,9.192082321007144e-06,5.2541758249241544e-06,9.719933452959828e-07,0.0002669823641429397,1.1841201895756943e-06,4.91654849912537e-06,0.00016483750344622856,0.002226435071176724,7.610353945934177e-06,1.65905446794242e-07,0.9587480600808692
58,1.0842339918385779e-05,4.843230440962419e-06,9.737231023225426e-09,2.3923691828796336e-07,5.925652028480965e-06,1.7158557453405653e-06,0.0037523372095886807,2.7329110452678516e-08,4.472048043981564e-05,0.030292162305837637,1.7809609649026136e-07,6.306827304124047e-07,2.671793553964518e-09,0.006872433099159871,1.0707477257402634e-05,5.408331885586812e-06,1.2572544228949863e-06,0.00030316481756073593,2.9228221949234112e-06,7.1209163654122076e-06,0.000272042299986677,0.004263033695243489,7.755708476039628e-06,1.5263640800399912e-07,0.9541403661131594
59,1.0982613766249526e-05,4.748242624427094e-06,1.0950522323739316e-08,2.624985665110227e-07,6.3536965449243865e-06,1.710980116835155e-06,0.003608325104866895,2.7163521742280214e-08,4.497153291109535e-05,0.03293639545177044,1.8731423887087242e-07,6.210746619834249e-07,2.5402292914184828e-09,0.007241884561515478,1.125393309872012e-05,5.390838720807708e-06,1.2598578115890326e-06,0.0003112998320380331,2.8595170172336084e-06,7.384635751749631e-06,0.0002951983696481896,0.004406068215657043,7.66062554809325e-06,1.7310448433433983e-07,0.951094967344367
60,1.012825259182768e-05,4.8007679747239675e-06,8.534543434875187e-09,2.135870693696444e-07,5.6916111508302395e-06,1.6319318511941362e-06,0.003689268888562312,2.5874540313060926e-08,3.871660323125545e-05,0.027426922704797106,1.5186669461122802e-07,6.735587991932071e-07,2.5660498274368776e-09,0.006684892437678019,8.944200802116975e-06,5.199494384611894e-06,1.2031595679152608e-06,0.0003161965995201541,2.8506107665141187e-06,6.632582181890897e-06,0.000270423730577218,0.003886883714170131,7.3382777602752e-06,1.1123501593233595e-07,0.9576310872097192
61,1.1243728185905264e-05,4.686331626709469e-06,1.1023977701846561e-08,2.6504552402958815e-07,6.24982488927213e-06,1.8027778232588637e-06,0.003606284783296133,2.822336388927813e-08,4.325982635121315e-05,0.03260072199114597,1.7717453631532843e-07,6.18354948421109e-07,2.5346348824814866e-09,0.007110576959983031,1.0863153667140818e-05,5.463073295571024e-06,1.2718107008940955e-06,0.0003225277687438014,2.871531282399188e-06,7.63469614975692e-06,0.00030009181233874726,0.0042593173425624995,7.850183216486066e-06,1.636865404589514e-07,0.9516960163612155
62,1.012825259182768e-05,4.8007679747239675e-06,8.534543434875187e-09,2.135870693696444e-07,5.6916111508302395e-06,1.6319318511941362e-06,0.003689268888562312,2.5874540313060926e-08,3.871660323125545e-05,0.027426922704797106,1.5186669461122802e-07,6.735587991932071e-07,2.5660498274368776e-09,0.006684892437678019,8.944200802116975e-06,5.199494384611894e-06,1.2031595679152608e-06,0.0003161965995201541,2.8506107665141187e-06,6.632582181890897e-06,0.000270423730577218,0.003886883714170131,7.3382777602752e-06,1.1123501593233595e-07,0.9576310872097192
63,1.017339023067706e-05,5.127375038912022e-06,8.399940142482161e-09,2.0276346378506302e-07,5.663680359336785e-06,1.5995287723205847e-06,0.0036599997808799667,2.5237799477155182e-08,3.9385843324851375e-05,0.026626409781585814,1.5022788005225267e-07,6.793453140774036e-07,2.566584119525095e-09,0.006523285304028459,8.861811139629233e-06,4.942540381438779e-06,1.1907873171618163e-06,0.00030642087524992414,2.8321156304083035e-06,6.242301319981069e-06,0.000261764558725009,0.0038693853800791573,6.967937323121897e-06,1.0778851236940821e-07,0.9586585706791197
64,1.088149847617576e-05,5.361718695024694e-06,1.0584762323722667e-08,2.484758721339422e-07,6.727287305058603e-06,1.7582210895263813e-06,0.003936896791345963,2.974301781606314e-08,3.6399572901454495e-05,0.028740108233995,1.7437740336495739e-07,7.305370029006084e-07,2.6920942470761164e-09,0.006618931139602607,1.0863816471001745e-05,5.103612613210625e-06,1.1599034299217954e-06,0.00030979784843363374,3.3442797579308105e-06,7.193733065970249e-06,0.0003927628267618607,0.004100712182576949,8.088737803957638e-06,1.195392986218182e-07,0.9558025926462232
65,1.002860596099163e-05,3.864067603176545e-06,5.435913019280055e-09,1.4547249028958984e-07,4.302330678240853e-06,9.966348404774855e-07,0.002700089750839778,1.8418644769634e-08,3.6599328805613894e-05,0.02372629728544487,1.0614961518277919e-07,6.606866988864482e-07,2.061772110773036e-09,0.0057118291976532036,4.561490272693249e-06,4.179695938150679e-06,1.031057346143628e-06,0.00037824983189587374,2.0652102478303876e-06,5.439288208798624e-06,0.00017471406161013824,0.003006725983818427,5.381494383746002e-06,8.376428642340005e-08,0.964222622695031
66,1.2282504735687245e-05,4.716221749815984e-06,1.4332664645096844e-08,3.061909500511287e-07,1.0345483407724056e-05,1.2618751880828758e-06,0.002605512624678239,1.887983447931279e-08,3.0092531811723896e-05,0.05110238786857978,2.1715957248655966e-07,8.548827824882645e-07,2.6487055671575795e-09,0.01029434962031871,7.126995455041184e-06,6.611807323930955e-06,9.628572344633541e-07,0.0005376733622777055,2.6799670806331785e-06,7.719639005247445e-06,0.00042527965475368083,0.0035077697096520003,5.639053012000156e-06,1.535004429483621e-07,0.931436020628783
67,6.6599938157175156e-06,3.6234042280137694e-06,7.990839503874063e-09,2.036223118335619e-07,3.4774450232061237e-06,2.6857765015532455e-06,0.003401100208222613,1.761784034842053e-08,2.1201603574437628e-05,0.022389905974138036,1.5740399666018284e-07,8.158843693030456e-07,2.7265177313904135e-09,0.009425335581977176,8.655787198574708e-06,4.6107509551476404e-06,1.6394855266425532e-06,0.00036259476092264937,2.331155517269489e-06,9.109498267719113e-06,0.00031245034089893834,0.0038262705746768414,9.877437670529502e-06,1.0668188026302879e-07,0.9602071582931293
68,1.006397013993386e-05,4.726999130803405e-06,8.520199881747802e-09,2.1749140001240765e-07,5.612000291219196e-06,1.6437928972392432e-06,0.003699427643320609,2.576811672052363e-08,3.775152274053332e-05,0.027093690604505283,1.525561987270038e-07,6.978015817850571e-07,2.633267835653841e-09,0.006819551410375476,8.68407662236571e-06,5.259692215791962e-06,1.2225852645382755e-06,0.00033249674000348405,2.7915467718803288e-06,6.741598830225092e-06,0.0002730472070537616,0.003813107395417295,7.445420264451399e-06,1.1019037938030934e-07,0.9578755208330108
69,1.1165174806625483e-05,6.071619720174405e-06,1.4587011027723526e-08,2.243899109121424e-07,4.7196909516387245e-06,3.942707273609181e-06,0.004650880733204826,3.723741103439026e-08,2.175171053146363e-05,0.030068022403317206,2.6710591667846754e-07,1.6945356441782002e-06,5.734725624085304e-09,0.01049944944869679,1.235239800627244e-05,5.952535981580109e-06,2.272353557716251e-06,0.00044422643885927437,7.78377737706085e-06,1.583650324837914e-05,0.0007018731965305593,0.007712689588609404,1.313669439179928e-05,1.0807184376269473e-07,0.9458155213624725
70,8.935970244874244e-06,3.696646974439693e-06,1.1631132911247869e-08,4.7245603964139284e-07,6.886621100346617e-06,3.0555746610694778e-06,0.004505014595696432,3.76317198743877e-08,5.802223806202722e-05,0.041324087925797504,1.4778875629520466e-07,7.472249993532859e-07,3.868929196435317e-09,0.010899264402246612,8.343048367035196e-06,1.2381900860108567e-05,2.1148833356211886e-06,0.0005104485226774179,2.2241308682778456e-06,1.344497696716212e-05,0.00024766258640935505,0.003361674248803349,1.2005911067608094e-05,1.7110060003016909e-07,0.9390191441136835
71,1.2006374428051852e-05,3.1173371272025102e-06,3.296684407249029e-09,1.5600450561074162e-07,4.6373952442244866e-06,5.426841641234834e-07,0.002659680428019298,2.0533291917432545e-08,4.098902271101868e-05,0.02169802020590731,1.1981149355905236e-07,5.750326704671909e-07,1.8600703868165647e-09,0.004516679040916704,4.630921149475846e-06,5.618496971784637e-06,8.498052952890565e-07,0.00038522158050308765,1.6807385245486673e-06,4.3616309980669765e-06,0.00015669933415371444,0.0020951057965927057,6.752597574831856e-06,9.092810451586027e-08,0.9684024391428976
