,0,1,2,3,4,5,6,7,8,9,10,11,12,13,14,15,16,17,18,19,20,21,22,23,24
0,0.00010490145171000949,0.05214466294024815,0.0001492532596127521,0.0012650889333312204,4.835043761700876e-05,0.006807646561869581,4.667391470151952e-06,0.0009382347270402537,0.010807912028333342,0.7862270010464109,0.0006741628418770786,4.877581607059849e-06,4.1558195766594786e-05,0.005247508465149755,0.03488775491329424,0.0003513751582304964,0.0009963854629626884,7.897520378424446e-06,0.04412101867538862,1.5046626099903985e-06,0.00020340688974148356,0.0505050126980753,5.605164708761148e-05,1.6387316070726142e-05,0.0043873791941166085
1,0.0005345750737314938,0.21393466770379654,0.00016321872290715915,0.0022132300407261825,0.00011680585072360025,0.0066838141884396915,6.1569344483173094e-06,0.002227100579321591,0.007168482567200979,0.3495020085857554,0.005032984807237882,3.154101090066315e-05,7.131122453406618e-05,0.011854945270294326,0.09223840892474162,0.0002125847300000667,0.004822559059607588,6.122891699768223e-06,0.029459484108371695,9.824930652738318e-07,0.00022339737846062982,0.26287738968023733,5.4978683025767714e-05,1.2256163170083342e-05,0.010550993327602213
2,6.07917082990112e-05,0.03903142557088962,0.0001154195991895451,0.000857544260008821,4.227338677371289e-05,0.005707508305301719,3.5861708931684908e-06,0.0007710159902524198,0.01279429799530536,0.8137067175566565,0.0005257064452636313,3.7276495244631358e-06,2.8948308221499428e-05,0.0065106781470767325,0.03631141998156128,0.00027817623548010356,0.0005849869771628181,6.0396346733213775e-06,0.03433487416209415,1.6267516087698638e-06,0.00015884614378061974,0.04323285412061838,4.474090075541519e-05,1.3522551821866317e-05,0.0048732714467871144
3,8.785489635394165e-05,0.04465163221726072,0.0001292487879872195,0.0010362698682742915,4.025923194091476e-05,0.0068144290878442045,4.1501524051180295e-06,0.0008374558647313811,0.0114940075621705,0.7988511682650451,0.0005970927220183273,4.075360673391244e-06,3.700836739591655e-05,0.005146680191892203,0.03366260762505137,0.0003104088536097266,0.0007653296283748244,7.167479865948926e-06,0.041967156387139715,1.4427840996570841e-06,0.00017970019354385112,0.04909198682846617,5.013576274933819e-05,1.4541099945415629e-05,0.0042181907811609355
4,8.955305113752911e-05,0.0464924994640883,0.000134611092351713,0.001065994530539214,4.192639978255059e-05,0.006093274491484169,4.453196836848612e-06,0.0008545172506117169,0.011956794215978693,0.7963924895312905,0.0006055721428587083,4.122074774550118e-06,4.304299361718709e-05,0.005848247144419948,0.03037672069673985,0.00028927196360365684,0.0007362434797608597,8.06043622761477e-06,0.04355697463214559,1.569602794784267e-06,0.00020607254769839392,0.05112235568260569,4.9881961010152274e-05,1.5447475238940963e-05,0.004010303942402833
5,8.0701344089604e-05,0.03868035466666989,0.00013119503402058598,0.001181339992823696,3.999991973616484e-05,0.006132454833873085,3.662187057050675e-06,0.0007334527065127745,0.010578566624285366,0.8304316065263313,0.0004990140731993199,3.186311258274714e-06,3.73292233643066e-05,0.0049032855306169725,0.026017071796673428,0.00027674743180998267,0.0006717516674327727,8.932898195583021e-06,0.03934046916458725,1.583442220349136e-06,0.00017866198214184758,0.03684879503023747,5.578821877567847e-05,1.544372435693694e-05,0.0031486056697303715
6,8.785489635394165e-05,0.04465163221726072,0.0001292487879872195,0.0010362698682742915,4.025923194091476e-05,0.0068144290878442045,4.1501524051180295e-06,0.0008374558647313811,0.0114940075621705,0.7988511682650451,0.0005970927220183273,4.075360673391244e-06,3.700836739591655e-05,0.005146680191892203,0.03366260762505137,0.0003104088536097266,0.0007653296283748244,7.167479865948926e-06,0.041967156387139715,1.4427840996570841e-06,0.00017970019354385112,0.04909198682846617,5.013576274933819e-05,1.4541099945415629e-05,0.0042181907811609355
7,9.181851661619334e-06,0.03110851315133311,6.022073070958697e-05,0.0006004464637692545,3.988815230281598e-05,0.004940223868806781,1.4838798611285345e-06,0.0003134261738312948,0.014913476977288195,0.8716889116837173,0.00012951655050232595,3.583830987347183e-06,3.86317640663087e-06,0.00831151695500384,0.02939350842818946,0.000387312669004346,0.0005790774697747054,1.8042426651383098e-06,0.012708688082562706,1.0371348756823214e-06,6.564209961663931e-05,0.01331041029632008,7.105682464512972e-05,1.7475164612700906e-05,0.01133973414155225
8,5.7837063544736525e-05,0.04476824039598269,3.102589908035208e-05,0.0008124486752099597,3.139334569259973e-05,0.01011093984781748,1.4480472393448908e-05,0.0021917282260620276,0.010667810354980801,0.4759391258775353,0.0013919911442144529,3.3657913708918595e-06,5.850490227092252e-05,0.003466703605893738,0.05763303130110286,0.00019966278882332713,0.0004308165604438819,1.0235217697570858e-05,0.2212358268115953,1.009286983254176e-06,0.0003544569611748121,0.1687487021031488,1.900949421099229e-05,2.794350236558803e-06,0.0018188595225330333
9,3.142276814259609e-05,0.02884668366795611,0.00011744407315290453,0.0006141286753234334,2.0219119545034127e-05,0.003005182347597041,1.3324698110684168e-06,0.0003850903832844028,0.007387749723243193,0.9025048351552543,0.0001844576963090299,1.864838021293499e-06,1.657581286232226e-05,0.004685836328574344,0.01480638583898223,0.00025225101866613764,0.00043603868261580235,3.926664317666495e-06,0.016625391796365914,1.255403073495493e-06,9.168100175516187e-05,0.016629286112670782,3.695203309545396e-05,1.3913742335916941e-05,0.003300094647044477
10,8.785489635394165e-05,0.04465163221726072,0.0001292487879872195,0.0010362698682742915,4.025923194091476e-05,0.0068144290878442045,4.1501524051180295e-06,0.0008374558647313811,0.0114940075621705,0.7988511682650451,0.0005970927220183273,4.075360673391244e-06,3.700836739591655e-05,0.005146680191892203,0.03366260762505137,0.0003104088536097266,0.0007653296283748244,7.167479865948926e-06,0.041967156387139715,1.4427840996570841e-06,0.00017970019354385112,0.04909198682846617,5.013576274933819e-05,1.4541099945415629e-05,0.0042181907811609355
11,9.837129878585744e-05,0.04670594199239297,0.0001384477372604807,0.0011144869866681706,4.4082658917603344e-05,0.006811563232240448,4.740796123892044e-06,0.0008630560135689435,0.012159796244909595,0.7868106688792937,0.0006473325133899705,4.480736455463728e-06,4.497720543443875e-05,0.005332348844277709,0.03410662219418903,0.0003252180381163612,0.0008000952026638495,7.941975378172458e-06,0.04594099200089695,1.613519225342143e-06,0.0002024863383479219,0.05348388670964524,5.236620672744593e-05,1.6859617441179726e-05,0.0042816230576490245
12,8.000610737862652e-05,0.03738983644808026,0.0002272738035399009,0.0007100187129821161,0.00012949794286045978,0.008032252935283294,3.249360207893592e-06,0.0005711938408131628,0.016478391853690273,0.8380467229312674,0.0007777514142792314,5.057179361818845e-06,2.2954021134875697e-05,0.010461585092786146,0.026495377143626413,0.00022433730718098154,0.0010862181120583582,5.997505367165441e-06,0.014732940170276088,2.4019413948454747e-06,0.0002246960991632553,0.03569345681359148,8.58209679944047e-05,2.6568257720221724e-05,0.008486394037961477
13,0.00017107146953639155,0.0783451282502021,0.00014624365558559666,0.0010002919792199778,7.804012309123114e-05,0.005285110259504401,6.915864761191905e-06,0.002377338419183338,0.014569494957206542,0.5754989475646249,0.0026295250921540203,1.489316302882805e-05,5.976188757481618e-05,0.014132972325106033,0.07540896086635207,0.00030545531451962795,0.001180215114039604,8.318848686180308e-06,0.05543854247736012,1.7022464224503636e-06,0.00031274573150580413,0.1625320214864308,3.4627344643071744e-05,1.2978037420673458e-05,0.010448697521840179
14,6.92377961250914e-05,0.05564908218240319,0.0001079249444696339,0.001111007983474619,4.576545971449853e-05,0.004639999764468272,3.1612150512671038e-06,0.0006718460820291075,0.008411511568553612,0.8042609904614865,0.0006057543100040976,2.759338671836656e-06,3.896807120284644e-05,0.005178708088761604,0.024203033289731654,0.000204881890272598,0.0007532164787984506,7.52629671597526e-06,0.04751811598029718,1.289056315481143e-06,0.0002230081621516208,0.04343713474431289,4.241717689647319e-05,1.2771899799691357e-05,0.0027998877582918183
15,8.785489635394165e-05,0.04465163221726072,0.0001292487879872195,0.0010362698682742915,4.025923194091476e-05,0.0068144290878442045,4.1501524051180295e-06,0.0008374558647313811,0.0114940075621705,0.7988511682650451,0.0005970927220183273,4.075360673391244e-06,3.700836739591655e-05,0.005146680191892203,0.03366260762505137,0.0003104088536097266,0.0007653296283748244,7.167479865948926e-06,0.041967156387139715,1.4427840996570841e-06,0.00017970019354385112,0.04909198682846617,5.013576274933819e-05,1.4541099945415629e-05,0.0042181907811609355
16,4.43484466557192e-05,0.023580307120439965,0.00017472131962844868,0.0009395479940446905,4.451185920917076e-05,0.009194101360052897,3.1496098504686513e-06,0.0002667409480424011,0.011643162843327762,0.9036855612104667,0.00019327080125285042,1.2371097418683153e-06,2.5259824162303775e-05,0.0021337350268439974,0.011293259700144309,0.00029010387078276046,0.0005425070260755633,5.916314140603701e-06,0.02236974614269999,1.913716663226042e-06,0.00015330819566704328,0.011024603614911565,9.732057226982824e-05,3.219089644701009e-05,0.002259474476478997
17,0.00014634162174143828,0.05891276634640722,0.00019247354906438396,0.0012621084562566764,7.337157185456868e-05,0.00715822873019817,6.651063137588578e-06,0.0010493371969309117,0.016466075095486536,0.7520104902627704,0.0009998678947478283,6.7808849615298154e-06,5.922084902388244e-05,0.008662957714632881,0.03156087941598764,0.00028702741370880184,0.001071661776696755,1.0542417496419579e-05,0.04477973815166188,1.8506669778570816e-06,0.00032097306889614883,0.06933215180830794,6.884865184521825e-05,2.3214900939467688e-05,0.0055364404902676035
18,5.7697115516917e-05,0.047853412416254466,0.00014401816567018852,0.0005701066893379721,3.444586529480089e-05,0.005312942967984909,3.979586643654401e-06,0.000680728244553266,0.011841148899885445,0.7952928861619913,0.0005094730136859961,5.7737243781944495e-06,2.6889289432147706e-05,0.00818272840695832,0.0365345291726643,0.0004147412965823466,0.0009204569467085726,4.763978620997858e-06,0.03462625173005835,1.5411303975509253e-06,0.0002139488417141195,0.04732563289154871,5.055307316368865e-05,1.814617688250025e-05,0.009373204214071451
19,4.6246317496076167e-05,0.03989715240330541,8.018543871430171e-05,0.0012237267534099296,3.874933127169277e-05,0.007047363105413757,3.2401393990937674e-06,0.000554920450354083,0.012046111441960673,0.8277862406421093,0.00031332737760990956,3.022592606388886e-06,2.5894276818669956e-05,0.003936088499025933,0.031066778623993676,0.0002557610898467502,0.0005227950232688935,4.592155199851689e-06,0.03332816387863711,1.2484299903203105e-06,9.723938460041745e-05,0.03851565932078253,4.2086189561058856e-05,1.2269174617541554e-05,0.0031511379600064845
20,0.00013143938307442395,0.04050248827273744,0.0002862293202414855,0.001208762043301903,5.8242184820108324e-05,0.008864091363490508,4.351796205940636e-06,0.0006421611404476142,0.011053585775079637,0.847532380936902,0.0005391147369508723,5.520267112590745e-06,2.81801649337057e-05,0.004501070218314764,0.025835790894291537,0.0005419782254342215,0.001464953006422088,9.625045513346767e-06,0.029017638236250424,1.5522165325585356e-06,0.0002155886094164713,0.021225454019514964,0.00011975807154489841,3.172865995617424e-05,0.006178315411510382
21,7.709777768436411e-05,0.04259936811922891,0.00010769631659815287,0.0010120032950737292,3.9255645990534823e-05,0.0077138156344826805,4.151607377810403e-06,0.0007978654831152451,0.01166918547783427,0.7912615518928097,0.0005810799127105006,3.580670865950717e-06,3.360928888953662e-05,0.004520129640857256,0.037555932767245136,0.00029084371319213766,0.0007031785268567126,6.2933284312904254e-06,0.04557559042011085,1.3314678086229519e-06,0.0001650077137603171,0.051203737459067325,4.7834810055431177e-05,1.275213407248009e-05,0.004017106895881161
22,0.00010182642281007078,0.038209201523304474,0.0001490529059209326,0.0008310837599293902,2.7693496531953873e-05,0.005474216211831938,2.5415633657849072e-06,0.000992489271045857,0.005450705473071555,0.8436144634931608,0.0005829018352985554,2.61061641082027e-06,3.157796862141249e-05,0.004309789484970618,0.019731142206218487,0.0002563058101560942,0.00107251459511422,9.022549431420083e-06,0.03429072772075114,1.2135108701853903e-06,0.00020777226038843955,0.04209344795569848,4.694673048872406e-05,8.598561768870403e-06,0.0025021540728396617
23,8.785489635394165e-05,0.04465163221726072,0.0001292487879872195,0.0010362698682742915,4.025923194091476e-05,0.0068144290878442045,4.1501524051180295e-06,0.0008374558647313811,0.0114940075621705,0.7988511682650451,0.0005970927220183273,4.075360673391244e-06,3.700836739591655e-05,0.005146680191892203,0.03366260762505137,0.0003104088536097266,0.0007653296283748244,7.167479865948926e-06,0.041967156387139715,1.4427840996570841e-06,0.00017970019354385112,0.04909198682846617,5.013576274933819e-05,1.4541099945415629e-05,0.0042181907811609355
24,0.0002859820007260434,0.032904407274345134,0.0003403261853360335,0.0006609643121083364,6.91076396370161e-05,0.01675421012202443,8.924141865845802e-06,0.0011870723095346513,0.02303390260762501,0.7346883283835441,0.0015467834592684147,9.437170600253111e-06,6.380217521160087e-05,0.005958618186028872,0.055151044013562904,0.0005322761854006022,0.0011147570009157977,9.08461230301031e-06,0.03438439716184296,2.694671418494329e-06,0.0002729778912833828,0.08031765711517187,7.729095203525825e-05,2.9788089735475456e-05,0.010596166338474362
25,0.00015085135265517193,0.05073099364976322,0.00019204004982555176,0.001336968647318761,7.946636844749368e-05,0.006700909082640952,7.3210155339906815e-06,0.002918179668740454,0.012065831742378663,0.7489364493955971,0.0017078766359385727,7.875288441658731e-06,5.74379193275901e-05,0.010707086458103554,0.031045766879403674,0.00030879472553344277,0.0010819427306852402,1.774974306514054e-05,0.046866367250264,2.3779344724929522e-06,0.0003939149101272614,0.0801891665046736,5.501029216508417e-05,1.2559315502598291e-05,0.004427062439394551
26,0.00012133732553724948,0.031036167343359566,0.000239253394865074,0.0013226350874127836,5.8013232600807134e-05,0.007765318816932212,3.745415355951437e-06,0.0004626244916037113,0.016762711287954143,0.8679852526311364,0.00040634163266799607,3.2006515912709014e-06,3.931706731685901e-05,0.00484060316576019,0.017283235817168074,0.00029755534312250737,0.0007226615061649782,1.1477129859008645e-05,0.024904220684882728,2.0263148905695043e-06,0.00018449078525818589,0.021792855720998473,0.0001139535070921862,3.926473004463943e-05,0.0036017369164246605
27,7.275590438280327e-05,0.037483611716035745,8.218167974768424e-05,0.0010134928405085087,3.4491078196998876e-05,0.008159130625729505,3.7576776018260685e-06,0.0008232914537368582,0.016300176061721156,0.7779662667808764,0.0004964882689224069,3.6205674657497035e-06,3.145348504648089e-05,0.0043653497937956795,0.04257247159795324,0.00026148889744120033,0.0004364075141401999,5.404614905241116e-06,0.04254389414631368,1.23608747162235e-06,0.00010682304172997786,0.06319696302963455,3.765284540899096e-05,1.2106786301021475e-05,0.003989483504932363
28,8.785489635394165e-05,0.04465163221726072,0.0001292487879872195,0.0010362698682742915,4.025923194091476e-05,0.0068144290878442045,4.1501524051180295e-06,0.0008374558647313811,0.0114940075621705,0.7988511682650451,0.0005970927220183273,4.075360673391244e-06,3.700836739591655e-05,0.005146680191892203,0.03366260762505137,0.0003104088536097266,0.0007653296283748244,7.167479865948926e-06,0.041967156387139715,1.4427840996570841e-06,0.00017970019354385112,0.04909198682846617,5.013576274933819e-05,1.4541099945415629e-05,0.0042181907811609355
29,8.785489635394165e-05,0.04465163221726072,0.0001292487879872195,0.0010362698682742915,4.025923194091476e-05,0.0068144290878442045,4.1501524051180295e-06,0.0008374558647313811,0.0114940075621705,0.7988511682650451,0.0005970927220183273,4.075360673391244e-06,3.700836739591655e-05,0.005146680191892203,0.03366260762505137,0.0003104088536097266,0.0007653296283748244,7.167479865948926e-06,0.041967156387139715,1.4427840996570841e-06,0.00017970019354385112,0.04909198682846617,5.013576274933819e-05,1.4541099945415629e-05,0.0042181907811609355
30,8.785489635394165e-05,0.04465163221726072,0.0001292487879872195,0.0010362698682742915,4.025923194091476e-05,0.0068144290878442045,4.1501524051180295e-06,0.0008374558647313811,0.0114940075621705,0.7988511682650451,0.0005970927220183273,4.075360673391244e-06,3.700836739591655e-05,0.005146680191892203,0.03366260762505137,0.0003104088536097266,0.0007653296283748244,7.167479865948926e-06,0.041967156387139715,1.4427840996570841e-06,0.00017970019354385112,0.04909198682846617,5.013576274933819e-05,1.4541099945415629e-05,0.0042181907811609355
31,0.00012888061508909695,0.04705488590787432,0.00018774056501193198,0.0009805407131718183,2.8595731278291915e-05,0.005736020490155102,4.139656087903251e-06,0.0013260111796430751,0.008014577821994943,0.8205663208955539,0.0005926813122280155,4.412113453942345e-06,4.0646788302530596e-05,0.0049326799053726455,0.022083477149000358,0.0004001184003156353,0.0009957185190457062,1.050234198074241e-05,0.038273077701693504,1.3640380306156543e-06,0.00021882449780631866,0.04481888942871997,5.043893420091933e-05,1.2428295452076931e-05,0.003537026998536618
32,8.201696122767319e-05,0.0435207564306562,0.00011804344013966428,0.0010641788530362263,3.894237767409165e-05,0.006900324729703751,4.303494844055607e-06,0.0008150628403560303,0.011126970910126094,0.7912440900787245,0.0005783551973856434,3.798843509801481e-06,3.7782200552259504e-05,0.004686799219898837,0.03549758655062598,0.00031798135310333385,0.0007473140370379854,7.1828519041695534e-06,0.04940584234208375,1.4230625355597858e-06,0.00018723341586077523,0.04957827141802281,4.979598978525651e-05,1.4318838667984534e-05,0.003971624562537415
33,0.0002951021648630089,0.10965685380334433,0.00015400721152661578,0.0025117308952089484,5.7476490963714294e-05,0.006214174365608749,9.010794887255845e-06,0.002715322723049644,0.007731895252800676,0.565793077968867,0.0018739505186082116,1.4762962668174023e-05,0.00011677795329096195,0.006038781617786465,0.03822596682927313,0.0004940493292993739,0.0023438342159972786,1.578523343031092e-05,0.09014785782961567,1.4336158580123758e-06,0.000370942610591464,0.16112635390112987,4.860958758606032e-05,1.6935505521630412e-05,0.0040253066182235194
34,0.0008137033605995666,0.039879284544993114,0.00029644307262613874,0.002186976507165509,9.764768628050441e-05,0.012811530226301378,1.367854350435414e-05,0.0018555817223637548,0.022441953675416147,0.6096794208790097,0.002629699864115188,7.723772544087162e-06,0.00015054253656937255,0.004408308090034847,0.06897580330694986,0.0003679766995543611,0.0009682564080318825,2.9181308783477138e-05,0.11997743689303506,1.8392939993810878e-06,0.00046108542462595925,0.10780881636776947,8.429280827933336e-05,2.8612136694867465e-05,0.004024204870752667
35,0.00016570212061979531,0.03795523951550747,0.00012199081668446969,0.0009990341902625577,1.992307426374588e-05,0.007631009275388179,3.717397112161656e-06,0.0013570711919232874,0.01055652891988221,0.7928810980381037,0.000553953651051529,4.602775540340098e-06,4.4727500458600987e-05,0.0031928165511353264,0.02397296548205549,0.0003901291240022601,0.0006156635592428947,1.0696344829140931e-05,0.04650691036140064,9.86887002401073e-07,0.0001228118924610211,0.07013240385723575,3.3552419862776037e-05,1.0751993276726693e-05,0.002715713060697734
36,9.944552579737521e-05,0.04583300106366051,0.0001540009221658242,0.0011158394998546743,5.415389476295093e-05,0.0074237991250256435,4.676916322660653e-06,0.0007844468018109895,0.012627635102172408,0.7925870271597738,0.000722868099978705,4.279830577376944e-06,4.084436187594509e-05,0.005507179936167116,0.036496683833319464,0.0003084794913449575,0.0008470603638635344,7.742130686163557e-06,0.04384106638903403,1.647177367949942e-06,0.000223538339512416,0.046411741928457914,6.195165491530417e-05,1.902038461666677e-05,0.0048218700669355
37,0.00019661085581064593,0.04762740948607774,0.0003089796362320671,0.0011927899430618839,6.62147590119361e-05,0.005656833316939944,5.466510959814228e-06,0.0007304890469107574,0.01678303085171064,0.8130806874377575,0.0007507214174274507,5.676292436767149e-06,7.129663115120533e-05,0.007937642776826423,0.02204701525255785,0.0003033117861945655,0.000912849850404021,1.291706428579474e-05,0.033179644447252674,2.1615004590533475e-06,0.0003015920110959203,0.04374360792114593,7.62414614775025e-05,3.632248548269597e-05,0.004970487257329073
38,8.702391855311588e-05,0.0315668226402894,0.00011007184440383011,0.0010351609288148465,2.4659509176109318e-05,0.009517307173789572,4.9447792234271445e-06,0.0007856704969795285,0.009226236136894342,0.798659598323389,0.0004310418706469241,2.92661389208168e-06,3.8504664746146186e-05,0.0026231671904869015,0.03779328229896032,0.00042826894157282447,0.0007057963547121337,7.67710968283652e-06,0.060201845992868125,1.359870606209231e-06,0.0001611308652253388,0.043528285568986996,5.2661620636730454e-05,1.2205004997741986e-05,0.002994350280465542
39,0.00013569760313599687,0.0412814099538273,0.00015964400106611987,0.0009854207164656337,3.389103147364425e-05,0.011673334213378047,8.049557800115087e-06,0.002135040557285941,0.009273425872810428,0.744717402406797,0.000883755668637797,7.239838449585334e-06,4.847923580362281e-05,0.003926379936562655,0.036735280787954974,0.0006525265601529783,0.001277075456184627,9.680635605319945e-06,0.06018089872850375,1.626939301465057e-06,0.0002726393299456283,0.08071331736574171,5.344429437338726e-05,1.268945641266673e-05,0.0048216498523295185
40,0.00019450588306986114,0.062147482167590994,0.00020350197409920907,0.001054876369707263,6.270369700784025e-05,0.009525990877522723,6.173346301918034e-06,0.0010910974870392666,0.01486987458258625,0.7109208273008496,0.0011439021222388562,8.389074466749943e-06,5.500851954643955e-05,0.006977562468169293,0.051364165031875166,0.0003266821892166412,0.0012298249759451188,6.854167446348635e-06,0.03765250985937005,1.6027329082585073e-06,0.0002242777498573336,0.09364840593158899,5.450350830679657e-05,1.710079696212691e-05,0.007212177186326805
41,0.00010013748833004339,0.027412411195129358,9.028045999065669e-05,0.002594075690342287,0.00010072789818289881,0.016354868243051275,3.880972074500383e-06,0.0007032491856273494,0.022988105710582865,0.7583748604019304,0.0006281453479306241,3.902642960962445e-06,1.9887246177934694e-05,0.0028403810244762313,0.0921111258863115,0.00022406093169289584,0.00042851019675428187,5.228850008195742e-06,0.03522315320917501,1.0956860696332636e-06,5.60251893246069e-05,0.03581850192182218,6.378339911758376e-05,1.3973980116635084e-05,0.0038396272428201377
42,9.134874951889925e-05,0.04415430295085227,0.0001482908821907172,0.0010601201250274655,4.382043991172889e-05,0.006431894720565617,4.074020577911252e-06,0.0007842697477209139,0.012004554958498016,0.8114956881211359,0.000602173804746342,4.12049491048572e-06,3.602452935505117e-05,0.005878302304236641,0.03195894518564853,0.0002948511879233092,0.0007695752109234974,7.759177250525726e-06,0.0376836561123314,1.5096191440930867e-06,0.00019075513117184105,0.041798489045136535,5.7448772233669497e-05,1.6322181383592896e-05,0.004481702527605185
43,0.0036148100786900263,0.7069868055730633,0.000872643502399626,0.0019861709925685245,0.0004484933841197062,0.00020309943507463782,2.870457819580542e-05,0.0006674722166921857,0.009255626093003521,0.02099132501654362,0.012322185650935139,0.0012281258813564475,0.0002681274868577945,0.043771219940561885,0.022925997984553657,0.0004027279288925254,0.016828373542942372,1.2283033706711981e-05,0.009106131755947692,7.898343928717049e-07,0.00044159691806463483,0.06911410422799737,7.521854074535814e-05,0.00028150048927745575,0.07816646591341726
44,8.785489635394165e-05,0.04465163221726072,0.0001292487879872195,0.0010362698682742915,4.025923194091476e-05,0.0068144290878442045,4.1501524051180295e-06,0.0008374558647313811,0.0114940075621705,0.7988511682650451,0.0005970927220183273,4.075360673391244e-06,3.700836739591655e-05,0.005146680191892203,0.03366260762505137,0.0003104088536097266,0.0007653296283748244,7.167479865948926e-06,0.041967156387139715,1.4427840996570841e-06,0.00017970019354385112,0.04909198682846617,5.013576274933819e-05,1.4541099945415629e-05,0.0042181907811609355
45,7.619500766261133e-05,0.028602078566980823,6.410233333169249e-05,0.002167371169376826,5.938090792066905e-05,0.017103966971401516,1.0110145999647874e-05,0.001137862323594503,0.01948891495526125,0.6598534260941059,0.0006245236190120798,4.320135866285467e-06,4.2956794994268055e-05,0.002267389629818976,0.10260320106446613,0.0004600704864244877,0.000454099884718952,6.90969165215809e-06,0.09541454161174033,1.7317986246163661e-06,0.0001123306140439377,0.06600797806737983,5.037377818157067e-05,1.2953944218453844e-05,0.0033732104032224127
46,0.00026395287573267704,0.10176872959920581,0.00016723216913150257,0.0019447370488998583,4.6900457254599135e-05,0.009685787669306972,5.363001047979982e-06,0.0015782845267319984,0.005060414063578727,0.6287382767041882,0.0011768193084599932,1.2185085975144409e-05,5.9512553580276036e-05,0.0032931179142145534,0.05590083133608357,0.0006973240612558581,0.004449541891830703,6.621168494756757e-06,0.05456714176370957,1.1749145746667887e-06,0.00019186154712292814,0.1246619223350355,6.184599633325302e-05,1.479058702468584e-05,0.00564563142122622
47,0.00018342199496173308,0.09343280486303042,0.00014398293130193934,0.0008839384468650604,2.6974694764020267e-05,0.005863394099413173,5.573909490150735e-06,0.0011329631792107353,0.01024412534463346,0.6706272687116088,0.000714699247935365,1.0333742870367013e-05,7.339506604776867e-05,0.0041432132567303165,0.03726800672947378,0.0006090054507270465,0.0012913248467707466,5.6080899173045984e-06,0.04570729474884594,1.2904491063263567e-06,0.0001379062037106858,0.12140008000908026,2.792062704267691e-05,1.6830563535342858e-05,0.006048642792926573
48,9.380712442151697e-05,0.04194357951104656,0.0001400849677903006,0.0010281448634965925,4.652953854257725e-05,0.00732182173626467,4.55411585452113e-06,0.0008405137681271794,0.013487440819402537,0.7957983589275073,0.0006628136531262894,4.364761260405106e-06,3.915746944770578e-05,0.005549420611380677,0.03579517667413925,0.00031357949264361945,0.0007202188063244259,7.63696611630878e-06,0.041855055893690755,1.6101808522559232e-06,0.00019155855337189026,0.0494007228904595,5.35515091039181e-05,1.6767050030370042e-05,0.004683530115598992
49,0.0001134277340730602,0.043632436787797144,0.00016666675997961433,0.001053760151496536,4.472609141448197e-05,0.009354052514709655,4.924237191328457e-06,0.000962741664672722,0.012630730711303448,0.8024926270667521,0.0006737397935366346,5.334676066735091e-06,4.227579883720586e-05,0.005024653045740674,0.030353020075414145,0.0003613020375703522,0.0008952469014867102,8.097051711888714e-06,0.03480743860229325,1.741175895495063e-06,0.0001832370477691204,0.052543029756792904,5.9152436960891284e-05,1.7059763264097813e-05,0.00456857811726992
50,6.721543616854194e-05,0.040301357281910546,0.00011115705663213722,0.000863799986958288,3.1371643932530787e-05,0.005762584071031043,3.650827660375117e-06,0.0008182164582862284,0.010221542973525231,0.8176401566103243,0.0004689022281325708,3.1853838404934376e-06,3.228094005869715e-05,0.004961920303665665,0.028659874458145766,0.00026843565893238525,0.0006129381842053791,6.205260123440215e-06,0.03972566316507119,1.2618127992789708e-06,0.00016596338973021596,0.045701302500020975,3.9326068855004295e-05,1.0772280629531113e-05,0.0035209160193599726
51,5.371648674851071e-05,0.07911076605576645,6.928393285981944e-05,0.001332204236272565,2.2332678905473315e-05,0.0028969516962483064,2.105403337403595e-06,0.0009991773918779322,0.006418201921714101,0.784332120917863,0.0004001327888493017,3.220263357302689e-06,2.969117422522517e-05,0.005710204495453638,0.02556023645001402,0.00018970745733371217,0.0005523627177221002,5.442017738998736e-06,0.03697473280424501,8.271389443687715e-07,0.00010154520342932046,0.0529031592386387,2.2060767860948886e-05,5.605065293431708e-06,0.002304211695300354
52,2.477691173801381e-05,0.008589003976857123,3.0720372958027055e-05,0.0005458094872033531,4.363079879580388e-06,0.003511679718167123,5.685069832109799e-07,0.0004352418602060706,0.0035601879020229522,0.9238526401281849,0.0001067115624743324,4.061624127009769e-07,1.2176243325232413e-05,0.0011839645234638415,0.014027627592279737,0.0001450560758229716,0.00011226542363925131,6.122387420932096e-06,0.026562267615423057,6.868321532926178e-07,2.8664027258843212e-05,0.016750104986481003,1.3438346850433351e-05,2.3330337591548644e-06,0.0004931832430347707
53,0.0001290282489870052,0.05089263964654706,0.00017196346269499795,0.001188013360274945,6.153731296092015e-05,0.012543415040133512,1.2550278331086882e-05,0.0014481835213031866,0.022664330473803704,0.7114851139848077,0.0010096179440864982,9.923062360902878e-06,5.025173790980338e-05,0.008029582274715678,0.05691539666444908,0.0004918664788661668,0.000973481807150303,9.81899809118866e-06,0.05161973474198547,2.1599198762335117e-06,0.00027320083255455294,0.07129767333335718,8.450337071571045e-05,2.117261646640081e-05,0.008614840887570821
54,0.0001542257291978151,0.04162394468723983,0.00015614954086650998,0.0015913528282829271,5.453709591301691e-05,0.009835924184824967,5.761721378980971e-06,0.0010840292333513107,0.011274580550100095,0.7751198302713042,0.0009137962872063447,3.7359160100244898e-06,5.77210896604314e-05,0.004242961960644445,0.031791392717523376,0.0002749982804779057,0.0009412443832627015,1.2711256180055631e-05,0.05997867086285723,1.5907617084299254e-06,0.0002786879533589177,0.05771892274044504,6.979954859316817e-05,1.6043246397354985e-05,0.002797387153214934
55,0.000248099980403379,0.06437755829613272,0.00024524969727136284,0.002269683190812181,0.00014419940671420704,0.013784097175266952,1.827401821272049e-05,0.0012195746887796826,0.046206895730150424,0.6464709486936979,0.0014751596463502361,2.3161833706970587e-05,8.874148174313755e-05,0.009075671338693988,0.05930249507520735,0.0005948483251452944,0.0009917786212021696,1.470522679558684e-05,0.0628420803394225,2.5035350314418475e-06,0.00028849937104020854,0.07786845904655948,0.00011367232368187872,6.890922762981134e-05,0.012264733730348283
56,9.393481819061316e-05,0.0460498020817849,0.00013294855197324698,0.0010714073924595377,4.117301101352894e-05,0.0068566917360021375,4.425868014582729e-06,0.0008605127347999062,0.01178987663184423,0.7918850422972826,0.0006234067488602615,4.2956842442782014e-06,4.075798093628795e-05,0.005239147439611931,0.033857169900336964,0.00031446904186404505,0.0007809459036089139,7.539238710741949e-06,0.043849502446978876,1.504340197488097e-06,0.0001887706891506094,0.05200871142673135,5.101172497083154e-05,1.5329485780509207e-05,0.004231622824651765
57,7.866407565993592e-05,0.054640302714498525,0.0001150724240155753,0.0009936656025143378,3.6879563294534264e-05,0.005683021864979437,5.08086960147438e-06,0.0008676398854431008,0.01036072261196916,0.7580609692080447,0.0006051671793344063,4.485386181734089e-06,4.6997670787806984e-05,0.004855593930587244,0.03291895224879909,0.00035919808419278265,0.0008192414183105502,6.9863292499098346e-06,0.06514380169115834,1.3394737633065635e-06,0.00024193940843135613,0.05986692703747004,4.09857680289065e-05,1.503363522199921e-05,0.004231331918461794
58,9.33040887859085e-05,0.04571256759175231,0.00014795760471070642,0.0011628323223331473,5.2255667168704296e-05,0.007165652973934965,5.0212310371242395e-06,0.0007082623252010683,0.014113258291457048,0.7901314869264974,0.0006230922043985746,4.572695276789199e-06,4.586778533391194e-05,0.00535665324705014,0.03482792090738511,0.00034688429120880164,0.0007929943365896043,7.87780286676476e-06,0.04688739110982153,1.8099858777590099e-06,0.00021690177761093962,0.04664943504988047,6.290857157306105e-05,2.361488068768483e-05,0.0048594763315607786
59,8.123485585108598e-05,0.04239905439156964,0.00014859766421570995,0.0010034240336236544,4.596855630551489e-05,0.006531177753057483,4.192521714185289e-06,0.0006683281400774053,0.012456961569149574,0.816054746188199,0.0005342118136905093,3.886546604653836e-06,3.886595672289757e-05,0.0052377320233485845,0.029377347897611008,0.0003268845628365345,0.000758270336223196,7.233824558562211e-06,0.039315982674781806,1.707039086410778e-06,0.0002009797774790197,0.04022124938762961,5.81536546528663e-05,2.0573004991632837e-05,0.004503235826019523
60,8.785489635394165e-05,0.04465163221726072,0.0001292487879872195,0.0010362698682742915,4.025923194091476e-05,0.0068144290878442045,4.1501524051180295e-06,0.0008374558647313811,0.0114940075621705,0.7988511682650451,0.0005970927220183273,4.075360673391244e-06,3.700836739591655e-05,0.005146680191892203,0.03366260762505137,0.0003104088536097266,0.0007653296283748244,7.167479865948926e-06,0.041967156387139715,1.4427840996570841e-06,0.00017970019354385112,0.04909198682846617,5.013576274933819e-05,1.4541099945415629e-05,0.0042181907811609355
61,8.740539463839527e-05,0.039886148785546624,0.00016028335983315405,0.0009824884833477628,4.6613406745375766e-05,0.006541789210562716,4.173516694676464e-06,0.0006716862823917012,0.013107887091858002,0.8227990534678324,0.0005406182112309256,3.7952708100762483e-06,3.947872460341419e-05,0.005334234115214266,0.02758763020397703,0.00031483545333923076,0.0007214335578586701,7.705647323322076e-06,0.037748662389701225,1.7191297852433984e-06,0.00020608938276702772,0.03870226277128774,5.959848680612833e-05,2.1494319405990427e-05,0.0044229133364387845
62,8.785489635394165e-05,0.04465163221726072,0.0001292487879872195,0.0010362698682742915,4.025923194091476e-05,0.0068144290878442045,4.1501524051180295e-06,0.0008374558647313811,0.0114940075621705,0.7988511682650451,0.0005970927220183273,4.075360673391244e-06,3.700836739591655e-05,0.005146680191892203,0.03366260762505137,0.0003104088536097266,0.0007653296283748244,7.167479865948926e-06,0.041967156387139715,1.4427840996570841e-06,0.00017970019354385112,0.04909198682846617,5.013576274933819e-05,1.4541099945415629e-05,0.0042181907811609355
63,8.113999259221096e-05,0.05029055782168386,0.0001192147761579804,0.001019543622072469,3.678165234278096e-05,0.006055136129680299,3.820538370543938e-06,0.0008029647646907145,0.010567648865391632,0.7950194879695783,0.0005522887547229473,4.0280336411691e-06,3.633095034583286e-05,0.0050687068518910205,0.032671285828574134,0.00030767870755051566,0.0007767729491505298,6.5120330426523855e-06,0.042115608972399445,1.3471265989482832e-06,0.0001697064802045072,0.05010569431316126,4.559715146164929e-05,1.3839072788547644e-05,0.004128306641905909
64,9.111813426867585e-05,0.04713344335288554,0.0001540846130133736,0.001008081822872937,4.4937133052935626e-05,0.006203709633694287,4.873270600133385e-06,0.0008307009162671423,0.011057482714932895,0.7954057824653806,0.000640707892105572,4.028258567101267e-06,4.430247574697488e-05,0.0058049098196355986,0.029835581084361216,0.00031526139107153844,0.0008717842908425733,8.279028464766522e-06,0.04819099677268957,1.6079530681824656e-06,0.000269966062480453,0.047714078927127486,5.606283843674096e-05,1.681874794415819e-05,0.004291400400489646
65,0.00019107801061213575,0.030896148000856598,8.621676605430788e-05,0.003004868252541629,6.552203447096795e-05,0.02988515568735224,1.0800551529874832e-05,0.001617775671959623,0.008134456902548225,0.5724917469721771,0.0015812370223370932,5.549069550168455e-06,4.195572847450742e-05,0.001591067145226499,0.11596106246310749,0.0005443800184843832,0.0017226878884313917,1.3486759764650803e-05,0.1561567683898118,1.1558941347786091e-06,0.00022999607785338286,0.07244995890006421,0.00011403731703208727,1.1471235746872057e-05,0.0031914172398779888
66,0.00014939756681379808,0.03207352889672458,0.0002565025811953823,0.0008108247481345166,4.182906951610745e-05,0.004921574112607553,5.263428729823912e-06,0.0014011890512888457,0.010033330997272459,0.8449799578448907,0.0007386976174256017,3.3106329701553633e-06,7.73720774695546e-05,0.005546285926881245,0.016145784788383532,0.0002715212988531318,0.0005534334223472027,1.4002207302297962e-05,0.03194130525554865,2.353719527477333e-06,0.00027354152934214334,0.047492800009531363,2.980723908711343e-05,1.1498451973282842e-05,0.0022248875261835247
67,6.566824781425273e-05,0.017039950508241024,0.00034541565674015977,0.0007925212649914808,2.4484399406222046e-05,0.004267023217611823,2.016446683599042e-06,0.0004901005426129218,0.003413046158200918,0.929663049199957,0.0002944284683228716,1.1494901759121598e-06,2.83502913057102e-05,0.0045658632125668425,0.008080903675909142,0.00025973092017492997,0.0010596474644173628,1.4681530306228547e-05,0.018986828835898643,2.4837387130294625e-06,0.00039078438872867667,0.008262488990384797,0.00013296738312550244,1.662149173282008e-05,0.0017997944759781607
68,8.400480234467711e-05,0.04284954999342763,0.00013561640004688296,0.001013059651499075,4.201520435827095e-05,0.006804651793566771,4.107798411121044e-06,0.0007789256089502307,0.01226014082522416,0.8084547070441191,0.0005731213237744757,4.078255442865244e-06,3.585869121977613e-05,0.0054641310677254785,0.03242737852359935,0.0003015494605679537,0.0007317817843635456,7.0514554339205696e-06,0.038225723067998686,1.5126290370900092e-06,0.00017705766338755214,0.04514465421077211,5.2584075437772514e-05,1.5651751703736007e-05,0.0044110869175876975
69,2.7608609900050616e-05,0.013858184529372075,0.00017191638434811335,0.00033879757351303226,1.4724247331894789e-05,0.0031356146699490313,1.961339342345228e-06,0.0006624252170952966,0.006599899797417265,0.9282685236126301,0.00020175495475913512,1.3190784857650986e-06,1.630161132094127e-05,0.0070057593758181295,0.007702862796405364,0.0002101054230875718,0.0003027346077851021,9.094450862846223e-06,0.017233725820129414,1.7244838388085732e-06,0.00025167169587395966,0.0114671735008131,4.6641900102843554e-05,9.286011394311002e-06,0.0024601883084236667
70,7.454928412575695e-05,0.04396918475846771,0.0001060663407688454,0.000738860732153695,2.2234210226210254e-05,0.005345215592647169,2.9744964663890564e-06,0.0007742970176548235,0.007777438164288862,0.8117322129210306,0.00046150995290261925,3.320946875246759e-06,3.3814606370715004e-05,0.004005597144896963,0.027741008060498253,0.000350423672834587,0.0007397943604416347,6.149641442667959e-06,0.04241774994322037,1.1979117327291105e-06,0.00015108755404356637,0.04991995064631503,3.5284027906034874e-05,1.1111866483328712e-05,0.003578966146206084
71,9.509863776847039e-06,0.025874437043139124,0.00010525443169671338,0.0003375673831280315,5.612364235485858e-05,0.002061064455355127,3.257682502501172e-06,0.0003935199613557452,0.023968011255690064,0.8927500343391298,0.0001545196002829431,1.5826287368118872e-06,1.4684432889180059e-05,0.017897880715381783,0.007100008877930798,0.00014021110965300006,0.00016400784268636812,5.799994852964451e-06,0.013402967364263465,2.690578247126513e-06,0.0002606314022658314,0.01130328012873935,3.9937662967016545e-05,1.6846408050907196e-05,0.003936171194923866
72,4.28309475763515e-05,0.03464618567635228,6.26646100251339e-05,0.0008278389448979189,1.871005770301927e-05,0.010815875803264704,6.547886366335261e-06,0.0008642973718980064,0.00897580169713508,0.7706961789903187,0.00028576344727740307,2.785531128782055e-06,3.351380030510917e-05,0.0019396063402854252,0.0470527329149131,0.0004847945736340462,0.0005318309812869889,4.030257243027292e-06,0.0637615582600018,1.3023190388789132e-06,0.00010608075772512203,0.056215296922976915,2.7571126244318724e-05,6.334966914562917e-06,0.0025898658154870666
