,0,1,2,3,4,5,6,7,8,9,10,11,12,13,14,15,16,17,18,19,20,21,22,23,24
0,0.9725970819918924,5.5919018838562144e-05,6.209777316270329e-05,7.627545650590042e-05,1.0925734574374804e-08,1.1065287664027803e-11,0.0002661057159657834,0.008497994155808496,1.2592956365177416e-07,4.366496170003199e-06,1.8063623177971444e-08,0.0007241405249164412,7.420412797167932e-07,5.348719043186861e-07,4.447512997556883e-09,4.208644119907221e-08,0.0017144670607708297,0.0007972055830089544,9.394876930976133e-06,5.411239855777859e-07,2.617832981356168e-06,8.4275712516208e-05,6.966871542504594e-08,0.004396402438763384,0.010709566191942355
1,0.980572713160371,3.425640102687447e-05,6.994400582842622e-05,4.5421350105968194e-05,8.563383605531565e-09,1.3322766367553414e-11,0.0003190390980844455,0.006732130360463003,1.9486675552662733e-07,3.3718641122899865e-06,1.7493404691563302e-08,0.0005856160814773768,6.731955403563141e-07,4.396656086430315e-07,4.6582354124897754e-09,5.592405013142079e-08,0.000957485676146039,0.00044929674588997973,1.1033561264278671e-05,5.392546769652631e-07,1.6696535902956338e-06,5.7027733881985816e-05,4.3415461810754e-08,0.0030197363217998865,0.007139280935518139
2,0.9805078460667757,3.6361818556315265e-05,5.929299561420491e-05,4.745758102704964e-05,9.326843278415775e-09,1.1896436039224638e-11,0.0002499406578066154,0.006343502009737487,1.304796540938019e-07,2.8753153420684574e-06,1.656191146187987e-08,0.0006595595517562001,7.496656648836571e-07,4.415001615553975e-07,4.611523380872522e-09,4.518138264999943e-08,0.0013461696423591996,0.0005050322733238669,8.152218089170308e-06,4.916350079916022e-07,1.5387552218119443e-06,6.596476334749865e-05,5.7905100204256754e-08,0.0033872590039320137,0.006777100467965075
3,0.9811603466897043,3.403911059467865e-05,6.216420396549437e-05,4.5600110348568794e-05,8.15666433285384e-09,9.48288391463443e-12,0.0002523149106480821,0.006122234781508021,1.2123645604557104e-07,2.4694941186480504e-06,1.7280351832634224e-08,0.0006329274994486883,6.92529642145484e-07,3.8554020367748e-07,3.5502841445681555e-09,3.42194140457303e-08,0.001197359731224149,0.0005435685976708669,7.196007430792992e-06,4.435452309629339e-07,1.4422208894621761e-06,5.3389266127506954e-05,4.48883052143241e-08,0.0035707572403041806,0.00631243917998114
4,0.9819102741852453,3.5573061851631035e-05,6.724719514190665e-05,4.658476029933077e-05,9.213129044497158e-09,1.045796805488431e-11,0.000267501681133639,0.005596887489830346,1.2050149541303563e-07,2.4259758882047854e-06,1.8099665554776123e-08,0.0006668470073643998,8.268966758136062e-07,4.625868194041936e-07,3.75443628137349e-09,3.5684178965055674e-08,0.001163798998336736,0.0005421032112331803,7.024181040386558e-06,4.503631753570392e-07,1.3858325045608776e-06,5.2844575432974075e-05,4.9153001977726505e-08,0.003655950967414534,0.005981574614246854
5,0.9784889509097077,3.856460678088456e-05,6.334683072565405e-05,5.936397571905918e-05,9.075773404690864e-09,1.0044618122749322e-11,0.00026677257307121947,0.007070210110479835,1.1577265553308726e-07,2.914753738249456e-06,1.902796073768617e-08,0.000657652923242297,7.843089764591671e-07,4.142044176338692e-07,3.3918238660450055e-09,3.4602744824621256e-08,0.0013577128941490411,0.0007145594839798254,6.983069720317383e-06,5.126276798855281e-07,1.7089360309704822e-06,5.573867746461968e-05,5.451181991043497e-08,0.004283844697849508,0.006929728023444206
6,0.9811603466897043,3.403911059467865e-05,6.216420396549437e-05,4.5600110348568794e-05,8.15666433285384e-09,9.48288391463443e-12,0.0002523149106480821,0.006122234781508021,1.2123645604557104e-07,2.4694941186480504e-06,1.7280351832634224e-08,0.0006329274994486883,6.92529642145484e-07,3.8554020367748e-07,3.5502841445681555e-09,3.42194140457303e-08,0.001197359731224149,0.0005435685976708669,7.196007430792992e-06,4.435452309629339e-07,1.4422208894621761e-06,5.3389266127506954e-05,4.48883052143241e-08,0.0035707572403041806,0.00631243917998114
7,0.983803841806917,3.976570046428303e-05,7.09182417373709e-05,3.742095656531216e-05,5.536427271859964e-09,6.3719499407030676e-12,0.0003309843430529202,0.004980578159646188,1.209647965956711e-07,1.5715379188387742e-06,2.2877631091591452e-08,0.000536843378671305,1.1069318010454024e-06,3.0476291579161653e-07,2.6406706456999437e-09,1.7776968141136207e-08,0.0009241535119582666,0.0005433043566337346,4.838969516312147e-06,5.08055696908468e-07,7.74109747624781e-07,3.684849205983094e-05,2.7974565979606475e-08,0.00441156500680358,0.004274473900461977
8,0.9939727340725141,1.80619660008681e-05,2.1591614861397315e-05,4.909965330232527e-06,2.472357163158088e-09,2.3116061334842874e-11,0.0001275647268719833,0.0015484735107519304,1.503544605970527e-07,4.896248070147002e-07,8.863656106236088e-08,0.0009534049605649578,3.9026556590184823e-07,1.2345346446499994e-07,2.5595755712082043e-09,9.899971697520101e-09,0.0007187968502470189,0.0011501026850419854,7.153930848740055e-06,2.9606825405873495e-07,6.799220263911541e-07,9.769232226570022e-05,9.389431266964291e-09,0.0006282895305942491,0.0007489811945156076
9,0.995036396135684,7.343157842235688e-06,3.558447704124162e-06,4.1654785853558655e-06,1.9384704147887237e-09,1.1509676671172502e-10,7.682361184180696e-05,0.0009563530424180786,6.070375005547872e-08,1.0044221994791918e-06,5.1181515094755004e-08,0.0009314944823526708,4.836738321450117e-08,2.197964863925237e-07,4.954095611928196e-09,7.518426741096615e-08,0.0006254504159726704,0.0009920819776519567,1.5516389161209953e-05,1.5207285440007398e-07,2.582958279475951e-06,0.0002946103010971251,5.5796318980056706e-08,8.196792791263618e-05,0.0009699811410587364
10,0.9811603466897043,3.403911059467865e-05,6.216420396549437e-05,4.5600110348568794e-05,8.15666433285384e-09,9.48288391463443e-12,0.0002523149106480821,0.006122234781508021,1.2123645604557104e-07,2.4694941186480504e-06,1.7280351832634224e-08,0.0006329274994486883,6.92529642145484e-07,3.8554020367748e-07,3.5502841445681555e-09,3.42194140457303e-08,0.001197359731224149,0.0005435685976708669,7.196007430792992e-06,4.435452309629339e-07,1.4422208894621761e-06,5.3389266127506954e-05,4.48883052143241e-08,0.0035707572403041806,0.00631243917998114
11,0.981230756658419,3.496531955896183e-05,6.378220635366356e-05,4.609467782299433e-05,8.383532034962114e-09,9.591051299839993e-12,0.00025625708834166907,0.0060626022846679084,1.2183096322900097e-07,2.45095320272533e-06,1.7779770225609625e-08,0.0006492125887662374,7.6332244628065e-07,3.9841926918348993e-07,3.54924457550484e-09,3.3612344499714625e-08,0.0012135706353200513,0.0005548399807295285,7.033058880390596e-06,4.5589333853094987e-07,1.3971896327424909e-06,5.3118760796444813e-05,4.568094547515715e-08,0.0036918643285838394,0.006130205787479008
12,0.9809095179541912,3.23186218780338e-05,6.558918327588793e-05,4.3733631276096267e-05,6.8734585205500825e-09,9.254966982009051e-12,0.00029636985907668365,0.006600705985718094,1.5906570424435237e-07,2.5173275160130573e-06,1.812719101921065e-08,0.0005474010842794665,6.625449516568e-07,3.215447769717422e-07,3.6268806707969774e-09,3.438238425803139e-08,0.0009888882890767242,0.00047742139122827537,7.885612672857936e-06,4.899795668552345e-07,1.3360291948387424e-06,4.5918545133107617e-05,3.5474102577516834e-08,0.0035058093695716306,0.006472855487639069
13,0.9849237623587656,2.420807345764318e-05,6.501762502491882e-05,3.4079333557998723e-05,7.395860419272042e-09,7.251739554385368e-12,0.00019152862746630805,0.004905383665231872,9.851786735274814e-08,1.3267796684445024e-06,1.992806272272692e-08,0.0008991304971804778,5.859834606807249e-07,3.9109062100343527e-07,3.078920538779169e-09,2.3908257852933475e-08,0.0012408517635781832,0.00043581565169936314,6.3561469444055094e-06,3.4656223067676984e-07,1.2715186359070041e-06,4.9231803202573974e-05,3.36756528083488e-08,0.0024683840262302408,0.004752141981170063
14,0.9369523309277216,0.0006421103322367176,0.00012339672160287103,0.00019005163365409038,3.8857128687547625e-08,2.9831124478149076e-11,0.0007978947051494564,0.01784305140610036,5.836680845204107e-07,2.829257906174055e-05,5.7271535136997645e-08,0.0003292076721285272,5.674741898416923e-06,8.314302230757706e-07,1.0272782082827445e-08,4.2932376326207824e-08,0.002407171488178421,0.002061971154928646,1.8398196361495893e-05,1.1063819779587825e-06,3.6582820980323616e-06,0.00012025593484523431,9.114542473465652e-08,0.027145370323553814,0.011328401911117027
15,0.9811603466897043,3.403911059467865e-05,6.216420396549437e-05,4.5600110348568794e-05,8.15666433285384e-09,9.48288391463443e-12,0.0002523149106480821,0.006122234781508021,1.2123645604557104e-07,2.4694941186480504e-06,1.7280351832634224e-08,0.0006329274994486883,6.92529642145484e-07,3.8554020367748e-07,3.5502841445681555e-09,3.42194140457303e-08,0.001197359731224149,0.0005435685976708669,7.196007430792992e-06,4.435452309629339e-07,1.4422208894621761e-06,5.3389266127506954e-05,4.48883052143241e-08,0.0035707572403041806,0.00631243917998114
16,0.982888897839892,2.9209789755305147e-05,7.247711483916959e-05,3.314428938403041e-05,8.157213928121633e-09,7.425797011351704e-12,0.00021681582011152766,0.005385745632787388,1.322450020197477e-07,1.679385655925947e-06,1.527698310093822e-08,0.0006114639266614227,7.423394041006022e-07,3.229054927478219e-07,3.604756581559944e-09,2.613743503450819e-08,0.0011929551182800683,0.00038916732163936027,6.427478232650577e-06,3.6879310161894517e-07,9.0475055072688e-07,4.691534749311322e-05,3.3539029219230635e-08,0.0037098994584695406,0.005412643720403682
17,0.9814837726127981,3.5615431287045625e-05,5.8312600306753884e-05,3.0374249735563698e-05,6.560699841444928e-09,8.056100587637621e-12,0.0002517020935322499,0.006427781181344073,1.6346451539179083e-07,2.4870286565015285e-06,1.5922156707649204e-08,0.00047183584950839406,6.279993089201716e-07,2.2963941758573232e-07,4.159854329164978e-09,2.9902173731514347e-08,0.001207156620293145,0.0004206830662175064,8.068806437943938e-06,3.8681765374971916e-07,1.1365158194560245e-06,5.3642413404616155e-05,2.8804633454029692e-08,0.004008808886203855,0.005537129365985205
18,0.9821537224238138,3.227333884367492e-05,5.57735098368306e-05,3.909290514710517e-05,7.0923129150985025e-09,7.532027982732404e-12,0.00020985279035382238,0.005307760234741566,9.546045910829248e-08,2.151156090936684e-06,1.4655655489447147e-08,0.0006545498602827711,6.285222735643587e-07,3.3991404416010753e-07,3.021616388789089e-09,2.7376168554754326e-08,0.001306806348175889,0.0005569943829037283,5.818729250871026e-06,3.5731746561107994e-07,1.3158919751651007e-06,5.397069846244967e-05,4.030765114470559e-08,0.0035361735643056986,0.006082230490636688
19,0.9811635270211515,3.403451572587755e-05,6.213065687717726e-05,4.558742380926364e-05,8.15297841390492e-09,9.483647431307548e-12,0.0002522938079103267,0.006121067252237106,1.2121244711794796e-07,2.4696071492926694e-06,1.7277750939798712e-08,0.000632663650933097,6.92212094690914e-07,3.8535023459319766e-07,3.549957737461025e-09,3.422416078900831e-08,0.0011971224904875318,0.0005435763166221854,7.195500934600615e-06,4.434759572353849e-07,1.442237932185004e-06,5.3382677010976324e-05,4.4886443365732853e-08,0.0035700653724162817,0.006311691117293841
20,0.9747212955635174,4.6555004974763423e-05,6.514564427754023e-05,5.416780641727325e-05,1.1625641098673468e-08,1.0169278546728568e-11,0.00023771252000300176,0.009595661606127195,1.4455895752219385e-07,3.5065278665749692e-06,1.774927628402123e-08,0.0007375780055142336,7.849711480364231e-07,4.426384616850132e-07,5.111803620891088e-09,3.773290303722999e-08,0.001999155275888323,0.0006192771305841652,9.39369668405598e-06,4.923719918018629e-07,1.950703681423479e-06,9.765505476782749e-05,5.902172067868172e-08,0.004579497439939489,0.007229452227683689
21,0.9856010078790512,2.607655642761873e-05,5.624465435628987e-05,4.2260459106272515e-05,6.7514219817211804e-09,9.669287968257749e-12,0.00025519866391553333,0.004011627771353365,8.273192183324249e-08,1.934365604650898e-06,1.5879814152941133e-08,0.0006723642143575478,6.797569419278868e-07,4.41683752759415e-07,2.6656057793176753e-09,3.6775865396801185e-08,0.0008617297769323395,0.0005094117407940801,5.350631983033395e-06,4.0642898395919047e-07,1.247270908275702e-06,3.76598550842033e-05,4.751621926197995e-08,0.0027110786170325566,0.005205087342896386
22,0.9723692637375523,6.693309649744495e-05,8.025981516794345e-05,5.730326674517844e-05,1.0894656740246e-08,8.789655741252897e-12,0.0003646155274897482,0.007346006901591524,2.3972954653402435e-07,4.648132189317574e-06,1.0914825654735752e-08,0.0004718067234241836,1.433116892481319e-06,4.478050941421407e-07,5.7803001684442955e-09,3.8068803947078075e-08,0.0010841209761663809,0.0003486156266113085,1.0017688680551662e-05,4.7787822985305e-07,1.0033939931753127e-06,5.287128166098622e-05,4.2736090766450245e-08,0.006039924197062998,0.01169990270193694
23,0.9811603466897043,3.403911059467865e-05,6.216420396549437e-05,4.5600110348568794e-05,8.15666433285384e-09,9.48288391463443e-12,0.0002523149106480821,0.006122234781508021,1.2123645604557104e-07,2.4694941186480504e-06,1.7280351832634224e-08,0.0006329274994486883,6.92529642145484e-07,3.8554020367748e-07,3.5502841445681555e-09,3.42194140457303e-08,0.001197359731224149,0.0005435685976708669,7.196007430792992e-06,4.435452309629339e-07,1.4422208894621761e-06,5.3389266127506954e-05,4.48883052143241e-08,0.0035707572403041806,0.00631243917998114
24,0.9774882692897273,4.7715882026687344e-05,7.092291348247363e-05,7.951959441072233e-05,1.114198528350248e-08,1.1821489079556964e-11,0.0003132793759613933,0.0070541879358739425,1.1960728915345964e-07,3.3241195223766264e-06,2.0587828445211122e-08,0.0007191866693735637,9.8534831173897e-07,6.5348767144343e-07,3.595282579251394e-09,3.9224486821795816e-08,0.0012242945934154233,0.0007564436029165132,8.21049311794858e-06,5.987877970247244e-07,1.885628001037915e-06,5.743223668028355e-05,6.736819220936264e-08,0.004012357125035121,0.008160471379788743
25,0.9804114072372299,2.7273124725794845e-05,6.478794443476496e-05,5.6442553360128254e-05,7.455647942907113e-09,7.19992433274163e-12,0.0002655803278645373,0.007993576962647094,9.739250270199258e-08,1.9058020029671074e-06,2.3580478521903556e-08,0.0007824903453335572,7.341582361719274e-07,3.480797399531495e-07,2.4791909882373667e-09,2.7470786315589256e-08,0.0013765872476005714,0.0006196290431329418,6.6817985950916865e-06,5.529842171043206e-07,1.4865950467787084e-06,4.538379500578787e-05,4.449649915106728e-08,0.003580792379854949,0.004764136738666403
26,0.9825958229420461,2.6991193318030322e-05,5.905703488007122e-05,2.9182634343492857e-05,6.034453489338582e-09,5.150705617177009e-12,0.0001846315187457307,0.005138966087389832,8.297282639207036e-08,1.4841666892291975e-06,1.4313312398399195e-08,0.0005575066541785552,6.957338950802842e-07,1.9339513404462858e-07,2.356642927299591e-09,1.6613786852131087e-08,0.0014637593402533956,0.0005669641925010024,3.588147286508726e-06,3.1164653420453573e-07,8.487006256546259e-07,4.115375436947242e-05,2.919057568947991e-08,0.005264762308772646,0.004063929062288237
27,0.9810305640029477,3.4123637163845704e-05,6.209313888113812e-05,4.5401722880837215e-05,8.146458177546263e-09,9.554580666677727e-12,0.00025154618516688595,0.006197610819877451,1.2386610467116346e-07,2.4990731485159425e-06,1.7184952160680045e-08,0.0006280006516170468,6.856052746244807e-07,3.8190580815640733e-07,3.5995499217499193e-09,3.442813430134726e-08,0.0011999279393289104,0.0005413339513663438,7.2751855627314385e-06,4.454883650002003e-07,1.4464297961107368e-06,5.419698455514238e-05,4.461959067152166e-08,0.0035673234433607225,0.0063749119805542485
28,0.9811603466897043,3.403911059467865e-05,6.216420396549437e-05,4.5600110348568794e-05,8.15666433285384e-09,9.48288391463443e-12,0.0002523149106480821,0.006122234781508021,1.2123645604557104e-07,2.4694941186480504e-06,1.7280351832634224e-08,0.0006329274994486883,6.92529642145484e-07,3.8554020367748e-07,3.5502841445681555e-09,3.42194140457303e-08,0.001197359731224149,0.0005435685976708669,7.196007430792992e-06,4.435452309629339e-07,1.4422208894621761e-06,5.3389266127506954e-05,4.48883052143241e-08,0.0035707572403041806,0.00631243917998114
29,0.9811603466897043,3.403911059467865e-05,6.216420396549437e-05,4.5600110348568794e-05,8.15666433285384e-09,9.48288391463443e-12,0.0002523149106480821,0.006122234781508021,1.2123645604557104e-07,2.4694941186480504e-06,1.7280351832634224e-08,0.0006329274994486883,6.92529642145484e-07,3.8554020367748e-07,3.5502841445681555e-09,3.42194140457303e-08,0.001197359731224149,0.0005435685976708669,7.196007430792992e-06,4.435452309629339e-07,1.4422208894621761e-06,5.3389266127506954e-05,4.48883052143241e-08,0.0035707572403041806,0.00631243917998114
30,0.9811603466897043,3.403911059467865e-05,6.216420396549437e-05,4.5600110348568794e-05,8.15666433285384e-09,9.48288391463443e-12,0.0002523149106480821,0.006122234781508021,1.2123645604557104e-07,2.4694941186480504e-06,1.7280351832634224e-08,0.0006329274994486883,6.92529642145484e-07,3.8554020367748e-07,3.5502841445681555e-09,3.42194140457303e-08,0.001197359731224149,0.0005435685976708669,7.196007430792992e-06,4.435452309629339e-07,1.4422208894621761e-06,5.3389266127506954e-05,4.48883052143241e-08,0.0035707572403041806,0.00631243917998114
31,0.9768904697152864,3.914221727393515e-05,7.942139284833821e-05,5.49364158333123e-05,9.27991217723716e-09,6.09882698240064e-12,0.00022748239854249598,0.008148842765879592,1.0807309854568577e-07,2.6245678487947398e-06,1.3326249259799302e-08,0.000658332553266667,9.066673663268051e-07,3.7798444436431504e-07,2.4630964572701053e-09,2.6294942300206482e-08,0.0014129285394997558,0.0006117996269478834,6.195145100611852e-06,4.871770071724064e-07,1.2781565538009778e-06,4.972884896723735e-05,3.800609504562342e-08,0.00525752651468902,0.0065573218631518534
32,0.9811788957844371,3.3992141602509147e-05,6.161231750833731e-05,4.4108839850324125e-05,8.214551068226825e-09,1.0068936850323003e-11,0.00025062809127017363,0.0062537135876179675,1.3139056227516912e-07,2.5837220655088163e-06,1.7213642597020624e-08,0.0006301801207910614,6.673427561499859e-07,3.863578547871185e-07,3.81152223705912e-09,3.695212138474141e-08,0.0012034054847464178,0.0005231302660416445,7.932483678178006e-06,4.4917954599543984e-07,1.5022218705753411e-06,5.6954372154802435e-05,4.4300911987933545e-08,0.0033691920989470216,0.006380423693881011
33,0.9782321090238357,2.594046901430854e-05,8.058269741372331e-05,5.460689668581834e-05,7.243704091582023e-09,1.2674726969941352e-11,0.00034153290555977996,0.006369039353847242,2.07879601814224e-07,2.8655875224581288e-06,2.1469763539806176e-08,0.0006127237529086158,5.177246495661881e-07,3.4942026143413436e-07,4.0629007282752216e-09,4.4748333522573326e-08,0.0007712725160986732,0.0004894309267442684,8.197472714526348e-06,5.108692224706097e-07,1.9038346927096441e-06,3.3743825689458394e-05,3.8125215626219264e-08,0.0032222544646459024,0.009752094716299398
34,0.9359110487398983,0.00010226181399088623,9.72855393055117e-05,0.00044440587410037746,3.985775777631895e-08,8.640968601614213e-12,0.0002918491983477446,0.0185213811151299,2.1800957539932262e-08,5.087619159722237e-06,4.832852488959293e-08,0.0025226610007896564,2.332087268614539e-06,1.5214352778560544e-06,2.4740937837997306e-09,3.338125458403692e-08,0.01069720062776708,0.004144438312268478,4.381799720318616e-06,1.1291832703254284e-06,6.307727222580198e-06,0.00013894055922845946,5.573738919788952e-07,0.01734409676289751,0.00976296737923515
35,0.9758463321636298,0.0002367349024880536,0.0015568515748626232,0.00019071027024766766,1.3229646918051861e-06,3.666345798961535e-10,0.0023200793551385913,0.0010187041904759515,1.0432397629500532e-07,2.776318562563942e-06,2.3032255170595416e-07,0.0035073410829515018,2.7176702010589507e-05,0.00014235617872706722,1.417376431493675e-07,1.4901712215181627e-06,0.0014826238471044278,0.00016998126854873814,1.6418572959907466e-05,9.514124312870331e-07,3.367537693679308e-06,6.684016496697956e-05,5.040812034365824e-06,0.009652372578343312,0.0037500511801038957
36,0.9813281796952688,3.796611125540002e-05,5.4748693959634154e-05,5.3873290352420584e-05,7.242616309129009e-09,1.35257784002877e-11,0.00032933934485430814,0.0059855370453159055,1.2168277504243656e-07,2.8534481890619523e-06,2.3385154460990283e-08,0.0004895622103285058,6.448690811827759e-07,3.818479724729908e-07,3.518153193425977e-09,3.832905670106575e-08,0.0009344863295219907,0.0007771043556654795,6.5250691577465e-06,5.601974231323704e-07,1.6589420259991022e-06,5.083137069259936e-05,5.675982662477552e-08,0.003775256596936655,0.0061702396508906635
37,0.7566934045644412,0.00028465284239569783,0.0001707418821875411,0.0005802515924391306,9.844471804337052e-08,1.0825977511168669e-10,0.0009253336349086519,0.14608622716324282,3.166766555464411e-06,0.00012428752379395976,6.411656634756159e-08,0.001011278933887789,2.825466237013468e-06,1.0786725366079476e-06,7.571601091135164e-08,4.219281228271266e-07,0.008458460560807223,0.0014655881240402363,0.00012257622127978651,4.280112899876654e-06,2.4665328245279063e-05,0.0005521986255245915,4.250298497363186e-07,0.02078515614857589,0.06270274049247355
38,0.9468494751310825,7.998437685087464e-05,0.00014274789070320318,0.00015171632471417998,2.3578002927179478e-08,5.662176525407148e-12,0.00020214907374601731,0.021333979831390987,2.0002427065640214e-07,4.915672866851754e-06,1.8139769407419792e-08,0.0012152810458420948,1.6778941530638942e-06,6.356128326952587e-07,3.602618909580592e-09,2.0072664913781293e-08,0.003741653958941447,0.0009395350131839349,1.0538498410060393e-05,7.22921727820856e-07,2.445178081977972e-06,9.53513301505271e-05,5.04733900533072e-08,0.009540128100762126,0.015686746248180523
39,0.9772861296563676,2.2357170664374427e-05,7.264705804339303e-05,6.554249834704208e-05,1.02360475685204e-08,1.2575461529397657e-11,0.00024039384476568849,0.009460440291131456,1.479084201359474e-07,3.0643714336675508e-06,1.8718927779797557e-08,0.0008730401067438739,5.234530958174408e-07,4.470691980872635e-07,3.477898899427082e-09,6.087079859499643e-08,0.0012406131811751012,0.0005107213425379536,1.0909524715796702e-05,6.018094110090542e-07,2.461128297339522e-06,4.9136887896173846e-05,5.435310218098631e-08,0.0026441292485049357,0.00751654577990017
40,0.9905129903289805,2.1274637910791637e-05,4.8287451881357827e-05,1.720027924997249e-05,4.563074716192641e-09,6.295073400289335e-12,0.00015205332599449377,0.0022666369786104885,7.064891157926012e-08,7.79372315487761e-07,1.2238793997229173e-08,0.0005910089374446742,3.831829227694464e-07,3.704096255298901e-07,2.588226489410993e-09,1.8036870133006142e-08,0.000706146916834064,0.0003124705684351962,4.425456297325714e-06,2.1112681099075708e-07,6.941483983823585e-07,4.57751972533888e-05,2.3446010581864138e-08,0.0014998261705200311,0.0038193339823315293
41,0.9771221567738908,4.1782962375335877e-05,8.774851572328068e-05,5.287666936671495e-05,1.1958809270691525e-08,1.2588405535363804e-11,0.00029915724999242366,0.007090485765762811,1.9688162753789215e-07,3.372367931133541e-06,1.6343064198435097e-08,0.0005821628506011192,8.069564039666012e-07,5.063830080870426e-07,5.432261943003031e-09,4.708759617888345e-08,0.0010657657117636751,0.0004615217442354474,9.200363145748974e-06,4.969242950899178e-07,1.6156741276865807e-06,5.630183767357566e-05,4.7938045238110815e-08,0.004382727138292674,0.00874098845741756
42,0.974678920867767,3.4776525836541695e-05,6.027204250689547e-05,4.541440802708169e-05,8.749446658151222e-09,1.0113451704081364e-11,0.00024100384510203346,0.012070167170924906,1.779146822450473e-07,3.6478084194455836e-06,1.667772235543977e-08,0.0006437373777331683,4.983541339536127e-07,3.1712201716857595e-07,5.262892813957955e-09,5.632390262680162e-08,0.0018534449870371335,0.0004407619976030063,1.3883142896677097e-05,6.120642162261711e-07,2.128122485116118e-06,0.00010354725751749106,4.702356630846381e-08,0.003205293616372397,0.0066012613270773615
43,0.9636472751994274,5.51211975053485e-05,6.152145697362635e-05,8.153667369155294e-05,1.642921485192457e-08,2.2749049913385672e-11,0.00031022286015769347,0.0157485290470047,2.6217116168918984e-07,9.192169591645848e-06,2.2093299579062677e-08,0.0006607008760412608,6.405083833228358e-07,4.7080912763830495e-07,8.713632058740423e-09,9.190178381911575e-08,0.002148977725255701,0.0007961888209228062,1.835580652927566e-05,6.750944523577073e-07,4.6810825556302945e-06,0.000128039405027491,8.966685885456261e-08,0.005076494466523039,0.011250885802129658
44,0.9811603466897043,3.403911059467865e-05,6.216420396549437e-05,4.5600110348568794e-05,8.15666433285384e-09,9.48288391463443e-12,0.0002523149106480821,0.006122234781508021,1.2123645604557104e-07,2.4694941186480504e-06,1.7280351832634224e-08,0.0006329274994486883,6.92529642145484e-07,3.8554020367748e-07,3.5502841445681555e-09,3.42194140457303e-08,0.001197359731224149,0.0005435685976708669,7.196007430792992e-06,4.435452309629339e-07,1.4422208894621761e-06,5.3389266127506954e-05,4.48883052143241e-08,0.0035707572403041806,0.00631243917998114
45,0.9811932212682447,3.268715703149886e-05,6.632769148515916e-05,4.110615540757013e-05,8.458280515175683e-09,8.874405489834562e-12,0.00026765459238869185,0.006633364954077354,1.3657747776590834e-07,2.3852502218738238e-06,1.6745414207675497e-08,0.0005961704131921391,7.636448557555686e-07,3.5406875940752755e-07,3.842152917877245e-09,3.461506918139779e-08,0.0012083351527189103,0.00044891160675961035,7.5829129105434744e-06,4.4103381411474506e-07,1.2252836847709379e-06,5.2156621347994005e-05,4.129481467007281e-08,0.003892914189632629,0.0055541564613836025
46,0.9801086141256129,3.250217817450755e-05,6.012175389323794e-05,4.371595509053386e-05,8.486224350482632e-09,7.6346149467688e-12,0.00020313118373579427,0.006798329377651616,1.040044494610724e-07,2.209921243743509e-06,1.7007388462556804e-08,0.0007219292255220877,7.054001283944954e-07,3.229860593246397e-07,3.3532900425126565e-09,2.839454645789348e-08,0.0016771974606039862,0.000560247588638639,6.628291752887522e-06,4.1379925298650624e-07,1.4409396346809137e-06,5.8104035901970813e-05,4.322323587113518e-08,0.003989119634482363,0.005735061665851045
47,0.9628770247377784,6.307726738131803e-05,0.00010878302242344174,0.00013729594062073997,2.147211135265323e-08,1.8473171826374923e-11,0.00047912439114640887,0.013999847954302837,2.510235422906267e-07,6.336926763493773e-06,2.9867050319232545e-08,0.000759305445763693,1.4115822812001987e-06,8.303314518468642e-07,6.457439687393064e-09,6.331840377229984e-08,0.0015776654748432116,0.0008355172563572635,1.4214165433673277e-05,8.818945312150122e-07,2.9751958774940134e-06,6.769898883294558e-05,1.0168345791828062e-07,0.006888138004484618,0.01217939757924771
48,0.9878102415530283,7.845221439103618e-06,0.0001510749496686409,4.188179463720714e-05,5.488477640349366e-09,2.5388751954643612e-11,0.0002518649877444878,0.0009571670182376942,1.2098901555116998e-07,6.059255793732252e-07,2.99633386717734e-08,0.0008001808312237333,3.263026817706362e-07,7.211864832672234e-07,1.7343209677031006e-09,3.205880577119748e-08,0.00013654763210416455,0.000512448649745101,1.4664982506592337e-06,3.7523985611178397e-07,9.289994766629015e-07,7.139589805134478e-06,3.1696157077502365e-08,0.0011956333810302193,0.0081233282835039
49,0.9829668230211086,2.6959432232070923e-05,6.909681282917008e-05,4.1370694789285924e-05,8.01549582226613e-09,8.910870041276608e-12,0.00020966503253742606,0.0056040322211553745,1.1139715883499186e-07,1.840054383655793e-06,1.7582991920690753e-08,0.0008078292237052071,6.59771402088005e-07,4.0975719987881017e-07,3.1269148882664747e-09,2.9758612663205745e-08,0.0012652656843465623,0.0005239625522437069,6.357141999621904e-06,4.397285755110925e-07,1.3340494779926621e-06,5.44225905608862e-05,4.034332938560124e-08,0.002911735933240719,0.005507586064797913
50,0.9809099288596551,3.7050638971305316e-05,6.28068090767067e-05,4.646213793868449e-05,7.986032550025926e-09,1.1004875563296338e-11,0.00033366033969649343,0.006519188524832454,1.5464640162245497e-07,3.2932545780318527e-06,1.5314560294300913e-08,0.0005152281181507939,7.099864533456643e-07,4.4009235531360583e-07,3.957104828261537e-09,4.713922232609694e-08,0.0009334225064351909,0.00046540801383566916,9.464445897233568e-06,4.89727709160086e-07,1.411622627924354e-06,5.6454372612267096e-05,4.5259747182746596e-08,0.0033474270970510604,0.006756879138049572
51,0.9836289740595227,2.884989129291349e-05,6.140736895683342e-05,2.741712032302964e-05,9.512913884355629e-09,1.0932345396201866e-11,0.00018605022467050678,0.004138246262751907,1.263588000251483e-07,2.0692796990978793e-06,1.2781191280834493e-08,0.000587753857068619,6.122565453421942e-07,3.296546208619352e-07,5.2992230047983175e-09,4.949566821711944e-08,0.0011945761431600595,0.0002879063088959232,7.460855425375963e-06,3.234428988113032e-07,1.0554253485458997e-06,4.6981647644148607e-05,4.410294520392133e-08,0.0032119800772881842,0.006587758562213311
52,0.9847057761339759,3.006525293391422e-05,4.7917611421927535e-05,4.0066876714112467e-05,6.157519314662898e-09,1.2375022956001638e-11,0.00026154318737718114,0.004623056369315338,1.0675642534384624e-07,2.226782026028932e-06,1.9160758596420642e-08,0.0005176902345322539,6.434031364920166e-07,3.4007296283215693e-07,3.0439986132694864e-09,3.1992781290856285e-08,0.0009241578020185241,0.0007237066771210092,5.2416299582386655e-06,4.568737246424689e-07,1.2495018866149708e-06,4.9581561172431805e-05,4.781109327385565e-08,0.003151685122338301,0.0049143799724328694
53,0.9836351094166126,3.176903197650247e-05,6.152467568363673e-05,4.2424734146827205e-05,5.069388710197796e-09,1.5704104492495335e-11,0.0005087019196907435,0.005174813619117754,1.64987122571954e-07,2.8997801371395394e-06,2.4335742207738974e-08,0.00042530543305492895,7.225425031993653e-07,3.244956315747313e-07,4.169319318754228e-09,5.649855163281553e-08,0.00072362018889636,0.0005522261493088214,6.491021823501246e-06,7.559472801437107e-07,1.1967974193528836e-06,4.650690173732336e-05,5.363121794185085e-08,0.0034393132838373684,0.0053459853540956045
54,0.9842838692688652,3.609236369150443e-05,5.767192314625848e-05,3.565087722906941e-05,5.6476977553571905e-09,1.1633463984785832e-11,0.00032014331453023747,0.003474028623606463,1.2758439907551122e-07,2.6902441558529836e-06,1.2321094945252456e-08,0.0005024495957251995,5.900975828200638e-07,4.952482746478947e-07,3.858220106553045e-09,4.796863623232087e-08,0.0006070256924658622,0.00038551067373658615,6.7503682146346546e-06,4.1391157981987224e-07,1.1736783197319873e-06,4.733749342280001e-05,4.106187130558241e-08,0.00234085186366913,0.007897016308231385
55,0.9856142520711155,2.489442008616154e-05,5.326536975168055e-05,3.0954090990612426e-05,4.6273928891609935e-09,6.4009368743766925e-12,0.00020018508146297284,0.0039482495253733985,1.0005749715148197e-07,1.4404882422816625e-06,1.4665826928163869e-08,0.000586158086197308,6.050297980994352e-07,2.494872955484502e-07,2.1760698459617637e-09,1.8234342657213115e-08,0.0008826364625920847,0.0005250395646297123,4.242373283028271e-06,3.3861372790239556e-07,8.623749327975813e-07,3.4756697774405026e-05,2.528124630605793e-08,0.0029239435605169996,0.005167761653452731
56,0.9812294563756241,3.572994710859279e-05,6.468454564159174e-05,4.5974272582145946e-05,8.549809331051516e-09,9.72854305663264e-12,0.0002580229820962034,0.006062547279146087,1.2409710195532158e-07,2.4570584914784174e-06,1.8059826439773718e-08,0.0006490527547356197,7.870831685223333e-07,4.0162342718647357e-07,3.6367640308368228e-09,3.36790208796032e-08,0.0012282278502426323,0.0005538894651865182,7.117374802444554e-06,4.622020958002433e-07,1.3872015919529762e-06,5.368183637691252e-05,4.570832575068589e-08,0.003742303679502806,0.006063582727602231
57,0.9782710948853675,3.0478815797844997e-05,7.886682260183458e-05,4.164258334156674e-05,1.1631186557704399e-08,7.884984879439335e-12,0.00017038868351062011,0.007760739696811202,1.3829137253378444e-07,2.5262239416125416e-06,1.4240062075797124e-08,0.0010401216210591082,6.92050475260687e-07,4.3828992349321826e-07,4.0299680814182884e-09,3.6314764498916556e-08,0.0019538232297189114,0.0004248080361519406,1.0059758919346642e-05,3.7975079223947586e-07,1.7679553013141118e-06,7.2302794808349e-05,3.815017119995035e-08,0.0032366490494407513,0.006902977086626838
58,0.9799586033467877,3.6773760883242915e-05,6.564176877548913e-05,4.498613771017012e-05,8.699547907612163e-09,8.785824647930486e-12,0.0002512374547165839,0.006580551411815217,1.2137430194866464e-07,2.5262783245296315e-06,1.771353532155999e-08,0.0006447791861552607,7.694245904408074e-07,3.606130364932023e-07,3.6645437087160122e-09,3.185684129956217e-08,0.0013917840121251811,0.0005682448321603471,6.9040850192239e-06,4.39297212560003e-07,1.438799714574448e-06,5.60642598078094e-05,4.5146727905764176e-08,0.004320742698385622,0.006067924168495646
59,0.9802376199836809,3.4187162351248835e-05,7.003213224651355e-05,4.301967375221518e-05,8.519720787121756e-09,8.183421609464863e-12,0.0002435762761538096,0.006351073253240995,1.1498315607437605e-07,2.353113174577655e-06,1.7040646414341052e-08,0.0006395468456102999,7.478710006581278e-07,3.4021521320301724e-07,3.3457661100573765e-09,3.0439129073504166e-08,0.0013537768050197161,0.0005677758817146804,6.149683414480509e-06,4.269206429265829e-07,1.3667044746544224e-06,5.11757540303821e-05,4.188713276236023e-08,0.0045626275777783465,0.005833987922765803
60,0.9811603466897043,3.403911059467865e-05,6.216420396549437e-05,4.5600110348568794e-05,8.15666433285384e-09,9.48288391463443e-12,0.0002523149106480821,0.006122234781508021,1.2123645604557104e-07,2.4694941186480504e-06,1.7280351832634224e-08,0.0006329274994486883,6.92529642145484e-07,3.8554020367748e-07,3.5502841445681555e-09,3.42194140457303e-08,0.001197359731224149,0.0005435685976708669,7.196007430792992e-06,4.435452309629339e-07,1.4422208894621761e-06,5.3389266127506954e-05,4.48883052143241e-08,0.0035707572403041806,0.00631243917998114
61,0.9809637232671211,3.35056458471241e-05,7.122110045702572e-05,4.1894381031889555e-05,8.293914292145578e-09,8.295052560897274e-12,0.00024131447839948971,0.006037380337390175,1.1801957014197926e-07,2.207730392432672e-06,1.7569831901164967e-08,0.0006627235128552077,7.284326459380911e-07,3.5277929491641034e-07,3.3988839489149584e-09,3.028069320636177e-08,0.0012982177815328941,0.0005412182186011853,6.315777748431571e-06,4.304340714242751e-07,1.349401259446723e-06,5.081973630169236e-05,4.026884329568912e-08,0.00413774708992841,0.0059086320550894
62,0.9811603466897043,3.403911059467865e-05,6.216420396549437e-05,4.5600110348568794e-05,8.15666433285384e-09,9.48288391463443e-12,0.0002523149106480821,0.006122234781508021,1.2123645604557104e-07,2.4694941186480504e-06,1.7280351832634224e-08,0.0006329274994486883,6.92529642145484e-07,3.8554020367748e-07,3.5502841445681555e-09,3.42194140457303e-08,0.001197359731224149,0.0005435685976708669,7.196007430792992e-06,4.435452309629339e-07,1.4422208894621761e-06,5.3389266127506954e-05,4.48883052143241e-08,0.0035707572403041806,0.00631243917998114
63,0.981082849822191,3.776841560163887e-05,6.0868061906359264e-05,4.4312966077089046e-05,7.967455247862914e-09,9.446657038696326e-12,0.00025559501833074296,0.006021159541390096,1.236610108815641e-07,2.4929271025048792e-06,1.7903129317203403e-08,0.0006028131516862008,7.295010312892205e-07,3.718436067708698e-07,3.6861373679668764e-09,3.213876405283413e-08,0.001218996843312129,0.0005661246049697056,7.06015732825851e-06,4.479163510318753e-07,1.406090463140751e-06,5.544836853767654e-05,4.4020699444254945e-08,0.0037822613407758245,0.006259064042695476
64,0.9800367640310048,3.424819160543892e-05,6.176809427405077e-05,4.898149751816935e-05,8.867924158375048e-09,1.0395785509755606e-11,0.00024456883838230853,0.006587972859133918,1.2105319617855885e-07,2.7006477408278426e-06,1.9514391289473084e-08,0.0007007012106606111,6.37977976806779e-07,3.899675868353254e-07,3.863322658904878e-09,3.7418078906971655e-08,0.0013434512496675389,0.0005987234241527062,7.728641587179093e-06,4.4186405203367474e-07,1.915312407149536e-06,5.6074501136467155e-05,4.9088807180292675e-08,0.003622015578294554,0.006650676296702256
65,0.9813869000766174,2.27773725061063e-05,5.705646240926777e-05,7.342517889624003e-05,1.2624655747473484e-08,1.8473328010594772e-11,0.0001810457536284935,0.004727484154035721,7.830236088059201e-08,2.4961176452326063e-06,2.1877288821620004e-08,0.0011882237135079896,4.8332383883287e-07,7.95650322150722e-07,3.267733028370578e-09,5.399208508540984e-08,0.0012408624986672495,0.0008326398100181272,7.657213746204338e-06,4.04261943392427e-07,3.1811818189427282e-06,5.0950443983228544e-05,8.957872518667958e-08,0.0019668513740727683,0.008256505751020491
66,0.9808365252728658,3.60780746145082e-05,5.7551730167027743e-05,4.063878296521213e-05,8.338065868364482e-09,7.790040333822653e-12,0.00020280182766290112,0.005576496662724295,9.158418617163047e-08,2.0220761162843725e-06,1.758014090409972e-08,0.0006467961688247322,6.42719125777685e-07,3.228119317568528e-07,3.5413635741683983e-09,2.4627624496738627e-08,0.0015329199694869163,0.0006205444179240571,5.356072857651074e-06,3.438377924454935e-07,1.435107259397674e-06,5.5741749420716104e-05,4.6380295814495706e-08,0.0044408184146994085,0.00594277224409422
67,0.9833402406977114,2.869373784536307e-05,7.675169947166884e-05,5.763342535882275e-05,9.229795573359176e-09,1.481401492723954e-11,0.0002899567756059956,0.004342401683532175,1.0182148649408093e-07,2.1680611809318127e-06,2.0532564325143827e-08,0.000827580010036415,8.487287920250249e-07,6.460459365572827e-07,3.5336197388468876e-09,5.3386172958383304e-08,0.0009988043776441996,0.0005702116879635892,6.123728351958508e-06,6.267156464739297e-07,1.4548233247643243e-06,4.494802644274835e-05,7.451830795554392e-08,0.0027526208551263724,0.0066580258832672524
68,0.9810000052029214,3.469366675952875e-05,6.482895730863484e-05,4.5751542880718105e-05,8.589244719507224e-09,9.379001055912116e-12,0.00026105476891205717,0.006254558957185278,1.2565981909839562e-07,2.526663786906832e-06,1.673789124549193e-08,0.0006284490069381099,7.175416585615962e-07,4.07781078360319e-07,3.6729010952869142e-09,3.5583782612586377e-08,0.0011776409874491565,0.0005076009550192743,7.624048293250205e-06,4.4001116770556334e-07,1.4148873580007624e-06,5.36280252541119e-05,4.459755516154294e-08,0.0036108704752505134,0.00634755167020568
69,0.9792136924840932,3.540515941963827e-05,6.850548321563123e-05,5.222938433333001e-05,8.253933227352028e-09,9.612106224101281e-12,0.00026760669771128126,0.006793993210234582,1.305212342983688e-07,2.8025207213739485e-06,1.7452383859609947e-08,0.0006378260160717186,7.388518442161062e-07,3.772058398925666e-07,3.4607145587409134e-09,3.7146356393921594e-08,0.0012355754771125871,0.0005795291731596511,7.281871052551413e-06,5.23970247565029e-07,1.536936292516492e-06,5.152837975867994e-05,4.571029281046382e-08,0.003943551330360362,0.007107053294003742
70,0.9684475059716301,5.0191977424552754e-05,4.597422506659658e-05,4.9767265923619984e-05,8.936843942168935e-09,8.451370591783433e-12,0.0002765134315177089,0.01448701907924063,1.7399419842491185e-07,4.643298419444885e-06,2.0993948150028314e-08,0.0004526582622507308,7.484107216253522e-07,1.7920277501223764e-07,4.76147792006879e-09,3.207929093104944e-08,0.002288483877376001,0.0007140390716109846,1.0833697121475776e-05,4.818090896471427e-07,1.9323042266337174e-06,7.719439143507873e-05,4.562862432644829e-08,0.007347554182724987,0.005743993138610066
71,0.9681063384250274,9.006514921796868e-05,0.00010321038296295473,5.855067876850959e-05,2.4951118544868072e-08,1.5622046868711388e-11,0.0002202855371461135,0.008349107182535311,3.259781353792882e-07,6.011499854833256e-06,1.6423585190630167e-08,0.0006565088860537706,9.909469018578029e-07,7.293145970031286e-07,9.150317641787649e-09,3.7510799713042813e-08,0.0017746196692297004,0.0005173529325874538,1.4086621123118266e-05,3.166927406636634e-07,2.282203040877063e-06,0.00010818838886522752,4.808555501310618e-08,0.005768253675400904,0.014222639698812803
