,0,1,2,3,4,5,6,7,8,9,10,11,12,13,14,15,16,17,18,19,20,21,22,23,24
0,4.94959038096442e-07,4.458755611660847e-06,2.6049354821324366e-06,0.0006050915133948063,5.454433686939155e-07,0.009417123949595723,1.263376046863344e-06,6.730160149675766e-05,5.678345412785321e-07,0.9774922947108202,1.979577001718649e-07,3.548258963523988e-09,4.497365669651146e-08,0.00048593167343473413,1.0783122078344353e-08,0.0016472054700066609,3.961140838098795e-05,0.009579693131383423,5.55641976830636e-06,0.0004850806240723277,0.00011159515176434585,1.8024936819118013e-06,3.6770796392642136e-05,1.1270011811765328e-05,3.478477168894078e-06
1,7.334792582734682e-07,5.7896766053889935e-06,3.7873365655553276e-06,0.0005210167803777696,9.19763132083325e-07,0.014146604557546478,1.6782813191311946e-06,0.00010110434834388627,1.3273812275009225e-06,0.9690850391118765,2.443546123484831e-07,5.323590177074894e-09,9.71298180516416e-08,0.00041629273587562776,2.4564568922294534e-08,0.0040059295298647025,5.403875161704295e-05,0.010681864847037828,1.2366910561296497e-05,0.0007514507141451852,0.00015880200587220438,2.62479038825652e-06,2.803537716558428e-05,1.619246622200347e-05,4.029782408215499e-06
2,8.371187559135208e-07,7.0422134491283815e-06,3.1762582819486915e-06,0.000568448501916858,1.457557647079595e-06,0.013501996289507663,1.7917096742175306e-06,0.0001064448619973681,1.313245800182118e-06,0.9676411565548129,2.9772961108133885e-07,5.825128243521248e-09,1.1798336066414781e-07,0.0006165615787850993,2.9696294250470353e-08,0.003545443462429622,8.434807366211436e-05,0.01254258762295384,1.1224548029370963e-05,0.0011387932431198146,0.0001608906732676948,3.0488613519251275e-06,4.129171651598482e-05,1.5857125606617586e-05,5.8375480405592605e-06
3,7.362552218720634e-07,6.147481987355997e-06,3.4828934149262117e-06,0.0006793505476781802,1.0403672696285986e-06,0.015073424117048304,1.6139867487102318e-06,0.00010487306039497793,1.1927628948722215e-06,0.9664829812980604,3.133318698559296e-07,5.560107014266988e-09,1.0171007004296377e-07,0.0005744055503434847,2.2040027222932166e-08,0.0033245038926807777,7.90838945873965e-05,0.012521386858878476,1.1354912026397907e-05,0.0008860967451844675,0.00018021269299445627,3.070692597911368e-06,4.1814946751052206e-05,1.814886092797184e-05,4.635540234065376e-06
4,8.174901268767592e-07,6.666950033461868e-06,3.7282217890873917e-06,0.0007479351949216582,1.1606884490789546e-06,0.015909768616639685,1.7534816437112883e-06,0.00010821550215471212,1.3912648675665901e-06,0.9641289200000406,3.4181989259502366e-07,6.811772347702973e-09,1.3179319680966375e-07,0.000628400192006175,2.430964284742428e-08,0.0035694993025250673,9.00616628188933e-05,0.013535026385251052,1.2348242946776757e-05,0.000975685883470361,0.0002033268616701656,3.472614311266457e-06,4.552094941400132e-05,2.058793334027247e-05,5.207827075073507e-06
5,7.105409533289447e-07,5.690984745296774e-06,3.134425788682876e-06,0.0007837952576206379,8.72176067905561e-07,0.013484157825307245,1.4400791827889827e-06,9.361085651163247e-05,1.0722740286702253e-06,0.9666762544339712,2.886531712627337e-07,5.626928856586588e-09,9.886733459179177e-08,0.0005872029229832567,1.8429770780424744e-08,0.0030379227055757152,7.954846427857642e-05,0.014103260108135193,9.362853999299672e-06,0.0008900636246612963,0.00017471795064123144,3.0489548075767625e-06,4.1008740538094385e-05,1.8157179050018084e-05,4.556063946789002e-06
6,7.362552218720634e-07,6.147481987355997e-06,3.4828934149262117e-06,0.0006793505476781802,1.0403672696285986e-06,0.015073424117048304,1.6139867487102318e-06,0.00010487306039497793,1.1927628948722215e-06,0.9664829812980604,3.133318698559296e-07,5.560107014266988e-09,1.0171007004296377e-07,0.0005744055503434847,2.2040027222932166e-08,0.0033245038926807777,7.90838945873965e-05,0.012521386858878476,1.1354912026397907e-05,0.0008860967451844675,0.00018021269299445627,3.070692597911368e-06,4.1814946751052206e-05,1.814886092797184e-05,4.635540234065376e-06
7,7.387150741953325e-07,6.125521911968169e-06,3.4983348347490693e-06,0.0006752097191284092,1.039299646671311e-06,0.015089168119328629,1.6141599439351392e-06,0.00010464530410966497,1.1909665711368533e-06,0.9665243522006837,3.122214534125781e-07,5.533584649383874e-09,1.0173564045748747e-07,0.0005700888578673198,2.1953414396043785e-08,0.003314174801868787,7.84419869054651e-05,0.012488818080939955,1.13651747961955e-05,0.0008823954266435549,0.00017913428984394202,3.041088422295718e-06,4.1711169594978666e-05,1.818565223560108e-05,4.6196855557225185e-06
8,9.305008029408103e-07,6.617283293467116e-06,3.930559298869508e-06,0.0007015257717342925,1.32621767716763e-06,0.018469833051520838,1.8521758820017298e-06,0.00013584007623774165,1.822477376910454e-06,0.9558795141338681,4.1207268570980086e-07,7.399213130127679e-09,1.5120220486926047e-07,0.0006027358552356683,3.6264609602995316e-08,0.004952137646922784,0.00012179477996907315,0.017697271103717285,1.6814881357812763e-05,0.0010836429230905943,0.0002486742104890913,5.215922359550308e-06,3.9525981760652075e-05,2.271593960676603e-05,5.671569085266649e-06
9,1.2069993281902645e-06,7.498994781468142e-06,3.982618558936552e-06,0.0006466656843810819,1.8399345466237687e-06,0.022120755597153288,1.970154329604225e-06,0.00016535685394107347,2.0845760504715823e-06,0.9488790958464473,5.313559733331341e-07,7.4168977017711426e-09,1.763079402036111e-07,0.0007298449712010968,4.4302405881015805e-08,0.005349375307079559,0.00015608154809585332,0.020395601421809233,2.2211765576366077e-05,0.0012022660733717638,0.00022885539729979105,6.023468296924871e-06,4.642735146840782e-05,2.5692505613179462e-05,6.403547452604093e-06
10,7.362552218720634e-07,6.147481987355997e-06,3.4828934149262117e-06,0.0006793505476781802,1.0403672696285986e-06,0.015073424117048304,1.6139867487102318e-06,0.00010487306039497793,1.1927628948722215e-06,0.9664829812980604,3.133318698559296e-07,5.560107014266988e-09,1.0171007004296377e-07,0.0005744055503434847,2.2040027222932166e-08,0.0033245038926807777,7.90838945873965e-05,0.012521386858878476,1.1354912026397907e-05,0.0008860967451844675,0.00018021269299445627,3.070692597911368e-06,4.1814946751052206e-05,1.814886092797184e-05,4.635540234065376e-06
11,7.718444372923193e-07,6.23930896046459e-06,3.622822486234386e-06,0.0007103669197339981,1.1060874408091274e-06,0.015220393876655185,1.6936548895558234e-06,0.0001053539872141795,1.2737025228010766e-06,0.9656572802980762,3.2261738197471685e-07,6.1896805627421725e-09,1.2063670879739552e-07,0.0005847943044689891,2.2684786560463075e-08,0.0034472220265331153,8.437795978482742e-05,0.012947748097446863,1.158854715340943e-05,0.0009529970536916799,0.00019102267134356586,3.1916577942199985e-06,4.395885775194301e-05,1.9636354476958725e-05,4.887838579967678e-06
12,7.13250498247532e-07,5.579601872293315e-06,4.963974249783875e-06,0.0007108962921809338,8.919264230386243e-07,0.0147506857759494,2.211761997980878e-06,0.00015933514406630867,1.3529979631970228e-06,0.9676354313742939,4.0920745404319193e-07,7.877753503935269e-09,1.0622337403560672e-07,0.00044915950852939413,2.9621796084897977e-08,0.004360967401533147,5.635112069372275e-05,0.010780569421235998,1.5815522669085377e-05,0.0007981326648612322,0.00019800078201837273,3.4653275960549634e-06,3.845613806217949e-05,2.260539956921251e-05,3.86168335901524e-06
13,7.361114716695606e-07,5.685476910385955e-06,3.1565331075608782e-06,0.00051748623364649,9.402386326429024e-07,0.014754070436502524,1.3795067143193434e-06,7.324053724089237e-05,1.1132480136874072e-06,0.9686684362303988,2.00898407842543e-07,3.780205364228375e-09,8.554713632827501e-08,0.00039631299245347006,1.9508070590729894e-08,0.003241292259359688,6.403721666603982e-05,0.01131572530910994,9.96461019758012e-06,0.0007470033101650077,0.00014937177641185763,2.18449136013159e-06,2.8258302884513036e-05,1.500586510737557e-05,4.289579825287704e-06
14,9.905950588552817e-07,4.799502696521536e-06,1.1651129984474216e-05,0.001359963645902971,1.2837663708247205e-06,0.03839304097409889,2.0087487457243085e-06,0.0001732785056248284,2.7484700780090867e-06,0.9290410393985908,5.354100958720909e-07,1.0431576419742721e-08,2.90963235124571e-07,0.0005726569474856724,5.7863237029689676e-08,0.0066378519746490726,0.00018491766206918864,0.02145743554966204,1.4985354155496468e-05,0.0015326976115244803,0.0004903195685214692,6.107620542330999e-06,6.796359610888773e-05,3.4033737773565504e-05,9.33097221136172e-06
15,7.362552218720634e-07,6.147481987355997e-06,3.4828934149262117e-06,0.0006793505476781802,1.0403672696285986e-06,0.015073424117048304,1.6139867487102318e-06,0.00010487306039497793,1.1927628948722215e-06,0.9664829812980604,3.133318698559296e-07,5.560107014266988e-09,1.0171007004296377e-07,0.0005744055503434847,2.2040027222932166e-08,0.0033245038926807777,7.90838945873965e-05,0.012521386858878476,1.1354912026397907e-05,0.0008860967451844675,0.00018021269299445627,3.070692597911368e-06,4.1814946751052206e-05,1.814886092797184e-05,4.635540234065376e-06
16,4.973421077773199e-07,5.459628888683239e-06,2.1417695278140813e-06,0.0005653808043633727,7.897080125133612e-07,0.008743991657654576,1.4286168573142647e-06,9.429893552596019e-05,7.961781761909647e-07,0.9759694207491404,2.0852808174648964e-07,5.418946881006258e-09,8.10690982983468e-08,0.0005417791654192063,1.835491396954989e-08,0.00285472601829937,6.761062493519738e-05,0.010060441727856459,8.495612109675552e-06,0.0008563305854718191,0.00017410352884629154,3.048058783778476e-06,3.3555322633764336e-05,1.1380319016281016e-05,4.010275332409164e-06
17,6.273288132985306e-07,6.45815236549048e-06,2.5503241606934163e-06,0.0009161197365681413,1.3016479314486775e-06,0.01291237509692948,1.5912641190195469e-06,0.0001216535801817097,1.02716387283813e-06,0.9658301767084285,3.8917803458356823e-07,7.3203890139814495e-09,1.4640881168037273e-07,0.0009774740708256946,2.0782716365357117e-08,0.0033300277186172054,0.00014191864251733146,0.014076798870096151,9.575654304330325e-06,0.0013572419224330851,0.00021518003804520003,4.5247738514541845e-06,6.904153979908509e-05,1.822200558101569e-05,5.550070607118612e-06
18,6.326785832794585e-07,5.0347744086320034e-06,2.160522257919268e-06,0.0005685338091947398,1.0951301295902401e-06,0.011853038343364134,1.2586869812448753e-06,7.149558123069478e-05,8.670609029250487e-07,0.9678403074475794,2.15075041004564e-07,4.324784665679417e-09,1.0569810683883687e-07,0.0006268056799678612,1.8500678299953684e-08,0.0024409678969228776,0.00011728841218082425,0.015224660650929034,7.0839028289432234e-06,0.0009942296864280274,0.00017922442667357764,3.1848982785845447e-06,4.354876706913504e-05,1.21379474311023e-05,6.100098046656317e-06
19,6.46291171375109e-07,5.872906888187075e-06,3.7165100582520725e-06,0.0007657178449106488,8.750496231264069e-07,0.01180764074619517,1.8525164977701574e-06,0.00010092457279547981,1.1864272129682669e-06,0.971226027278086,2.521682868161001e-07,6.75667464611504e-09,1.0733628074187036e-07,0.0004912984866769087,2.026939039502835e-08,0.0033465330175758744,6.491251648244983e-05,0.011095178078538808,9.248435225580048e-06,0.0008213184051913915,0.00019673497771222252,2.9336726292193554e-06,3.636598750838099e-05,1.6229933170041402e-05,4.399815217317497e-06
20,6.54124739117699e-07,5.682818867217686e-06,3.8140860699778184e-06,0.0007813453134797252,8.844090279483883e-07,0.012718101358350678,1.9295960762819094e-06,0.00017802470122195717,1.2037241100296034e-06,0.9666884164978244,4.013471606100302e-07,8.258469513175996e-09,1.0550200047702519e-07,0.0006184045232527078,3.519182353552952e-08,0.004169883135575569,8.84283939242404e-05,0.013508555146941914,1.3521627605019776e-05,0.0009341445022247156,0.0002181837941963691,5.4379746791803736e-06,4.1274336465839035e-05,1.675132917483576e-05,4.808306738139733e-06
21,6.337006062901219e-07,6.438239177834227e-06,2.788895194749487e-06,0.0007380700483675624,8.420018515530844e-07,0.01011696820305646,1.5554107262202113e-06,0.00010513778614321794,1.1628013462047718e-06,0.9725285359072222,2.3603874753514686e-07,6.540212249533716e-09,9.474644517507306e-08,0.0005791362800753077,1.775070558493111e-08,0.003980604131240897,5.177118125000304e-05,0.010763167719699023,8.88959051240185e-06,0.0009174646250087303,0.00014363541150787934,2.602716597251816e-06,3.134617111430006e-05,1.5268423057847977e-05,3.625680133139491e-06
22,9.289662143171658e-07,5.514726508369326e-06,3.7078499238355318e-06,0.0006545012485781016,1.1213508497428757e-06,0.016728399887046396,1.3811540044455826e-06,0.00010301901149974487,1.2011985303015054e-06,0.9587965102907642,3.495269287247965e-07,4.404033971406362e-09,9.439654044341759e-08,0.0005458902492398468,2.6081237159914818e-08,0.003242583089510941,0.00011392913106895781,0.018636145950375233,1.0688980786505414e-05,0.0009090134601291403,0.00017568962202230867,3.924988008269217e-06,4.1692423064570206e-05,1.816333888975841e-05,5.5186742445126035e-06
23,7.362552218720634e-07,6.147481987355997e-06,3.4828934149262117e-06,0.0006793505476781802,1.0403672696285986e-06,0.015073424117048304,1.6139867487102318e-06,0.00010487306039497793,1.1927628948722215e-06,0.9664829812980604,3.133318698559296e-07,5.560107014266988e-09,1.0171007004296377e-07,0.0005744055503434847,2.2040027222932166e-08,0.0033245038926807777,7.90838945873965e-05,0.012521386858878476,1.1354912026397907e-05,0.0008860967451844675,0.00018021269299445627,3.070692597911368e-06,4.1814946751052206e-05,1.814886092797184e-05,4.635540234065376e-06
24,6.420263352661391e-07,6.682427399170699e-06,2.3848355726368408e-06,0.0007448778442098148,8.943678683136764e-07,0.011903936588102107,1.271929559675093e-06,9.2283913686045e-05,9.407848264730314e-07,0.9709076997822982,2.5302318020743103e-07,4.996957197070957e-09,8.824855471835867e-08,0.0006958473804427909,1.4547453709367048e-08,0.0029037206559721055,7.386650270586321e-05,0.011513729274088341,8.972099892307601e-06,0.00093828366953504,0.00014125059942185652,2.5711696113439767e-06,4.051306050798715e-05,1.5400144350632235e-05,3.8701274682687675e-06
25,5.65835228663025e-07,6.658014578364276e-06,2.8586233278803163e-06,0.0010068705442209966,9.939281071603854e-07,0.011477844193859721,1.8445062117199315e-06,0.0002022874693324399,9.22158016427884e-07,0.9703525649150933,5.21360077632702e-07,7.434235540390098e-09,8.501117258011186e-08,0.000960721782736496,1.8810493496171263e-08,0.0034774433504414287,8.416024634318442e-05,0.01112953787099155,1.1908997065154863e-05,0.0010297046123269437,0.00016217540499866768,4.283918670108627e-06,6.342864130311351e-05,1.9194829359894437e-05,3.397541807580989e-06
26,1.2658998876966932e-06,7.435759492954508e-06,4.862961914660662e-06,0.0008356353640906617,1.5734597165480107e-06,0.023938364598338754,1.4812068268324198e-06,7.330216051277577e-05,1.6858291506376118e-06,0.9526088820487671,4.232809224323626e-07,5.365859507567787e-09,1.8215887865238487e-07,0.0005532995627696309,1.8277319395994025e-08,0.003232068046807169,0.00011718676527099613,0.017089746395615318,1.3676298137397219e-05,0.0012003065677159979,0.0002053838475339748,2.6959257727694606e-06,6.410515397096826e-05,4.091492829126629e-05,5.4981364355913316e-06
27,7.533100473049539e-07,6.356893352402458e-06,3.6580057754893126e-06,0.0007696345695723462,1.0499895635128508e-06,0.015608825275439716,1.7325959691901513e-06,0.00013478575845198644,1.3225603546663587e-06,0.963521133004953,3.98251460041156e-07,6.73866486013951e-09,1.0848983024906467e-07,0.0006548911144935093,2.7922925914541057e-08,0.0039046371297678075,9.33524031448793e-05,0.014056931196844627,1.3349941191278597e-05,0.0009537491450772104,0.00020043353186083757,4.323629212585528e-06,4.4039500122106105e-05,1.9674720063594798e-05,4.824321861017539e-06
28,7.362552218720634e-07,6.147481987355997e-06,3.4828934149262117e-06,0.0006793505476781802,1.0403672696285986e-06,0.015073424117048304,1.6139867487102318e-06,0.00010487306039497793,1.1927628948722215e-06,0.9664829812980604,3.133318698559296e-07,5.560107014266988e-09,1.0171007004296377e-07,0.0005744055503434847,2.2040027222932166e-08,0.0033245038926807777,7.90838945873965e-05,0.012521386858878476,1.1354912026397907e-05,0.0008860967451844675,0.00018021269299445627,3.070692597911368e-06,4.1814946751052206e-05,1.814886092797184e-05,4.635540234065376e-06
29,7.362552218720634e-07,6.147481987355997e-06,3.4828934149262117e-06,0.0006793505476781802,1.0403672696285986e-06,0.015073424117048304,1.6139867487102318e-06,0.00010487306039497793,1.1927628948722215e-06,0.9664829812980604,3.133318698559296e-07,5.560107014266988e-09,1.0171007004296377e-07,0.0005744055503434847,2.2040027222932166e-08,0.0033245038926807777,7.90838945873965e-05,0.012521386858878476,1.1354912026397907e-05,0.0008860967451844675,0.00018021269299445627,3.070692597911368e-06,4.1814946751052206e-05,1.814886092797184e-05,4.635540234065376e-06
30,7.362552218720634e-07,6.147481987355997e-06,3.4828934149262117e-06,0.0006793505476781802,1.0403672696285986e-06,0.015073424117048304,1.6139867487102318e-06,0.00010487306039497793,1.1927628948722215e-06,0.9664829812980604,3.133318698559296e-07,5.560107014266988e-09,1.0171007004296377e-07,0.0005744055503434847,2.2040027222932166e-08,0.0033245038926807777,7.90838945873965e-05,0.012521386858878476,1.1354912026397907e-05,0.0008860967451844675,0.00018021269299445627,3.070692597911368e-06,4.1814946751052206e-05,1.814886092797184e-05,4.635540234065376e-06
31,7.479124552819677e-07,5.157984841222048e-06,3.4924601410678653e-06,0.0005412459514073258,8.45358655079477e-07,0.011172872462025833,1.6750524353148316e-06,0.00012212274708363653,8.772324011639793e-07,0.9733812986592789,2.4567599304953643e-07,4.479268419329064e-09,7.2570410241276e-08,0.00045876567268845483,1.768437971139247e-08,0.0025682325380148876,5.010563362143523e-05,0.010861348462256512,9.954971966186384e-06,0.0006409029948930316,0.00012452045340081974,2.2378574795450757e-06,3.566927366165482e-05,1.3895953228878782e-05,3.6899580122418724e-06
32,7.712132423852419e-07,6.274169517838626e-06,3.5242304383856555e-06,0.0006442730284538287,1.0353697129085916e-06,0.01532649130824528,1.6415267616020558e-06,0.00010886517191479143,1.217202983574952e-06,0.9662819692624602,3.2123506859027507e-07,5.65812285207387e-09,1.0228447558351298e-07,0.0005627212007638916,2.299259832193766e-08,0.0033436815959800373,7.7771441318015e-05,0.01252796754976288,1.2700236625762165e-05,0.0008513266397006409,0.00018056235398341273,3.15448779654574e-06,4.043012918536729e-05,1.862389575221543e-05,4.545815135248009e-06
33,5.965537370399046e-07,5.627894056647306e-06,2.6193333279867535e-06,0.0007883355474386143,1.0356838879079653e-06,0.014683136304517747,1.3968927503231838e-06,0.0001186661661951535,9.608540779003127e-07,0.966341549437426,3.688523367521434e-07,5.702050255708113e-09,1.2062020663996575e-07,0.000759202098703884,1.6487775608134898e-08,0.003542118620970112,0.00010843826916554293,0.012294740586981387,1.1344614307412791e-05,0.0010734653910343891,0.00018249444409504045,3.6918402548849043e-06,5.559583731135258e-05,2.0598841327438288e-05,3.8731260640034855e-06
34,8.811643629851182e-07,6.84884356078453e-06,3.921024746569922e-06,0.0006831967643736339,1.1688207369912121e-06,0.01689692752871664,1.7517770231851579e-06,0.00011241792503072959,1.4539210137294922e-06,0.9631522081143872,3.4562906121263014e-07,6.14622945644204e-09,1.1655794346033245e-07,0.0005812501805176312,2.5348939931507865e-08,0.003605070884252702,8.308124028912814e-05,0.013691950423099767,1.371438168008656e-05,0.0009018203329414643,0.00019173291669937804,3.2803325008599857e-06,4.127944987268086e-05,2.0603021718086425e-05,4.9472703016083575e-06
35,1.785648614315145e-07,5.310068795026542e-06,2.651242559326142e-06,0.0008168175999954108,1.2794196998034162e-06,0.02757164317567713,9.068951676010262e-07,4.9257204820070544e-05,4.407777473352546e-07,0.9614182737081401,4.663384284523084e-07,3.890085654202931e-09,1.5147075891055416e-07,0.0009661837624467719,1.6649252727162393e-08,0.0034535965840258665,0.0001368621471132459,0.0026878989135101974,8.116355174995436e-06,0.002453286508051346,0.00021093388358099974,1.9303008244197967e-06,0.00018513744557214243,2.410865888081597e-05,4.548434830450171e-06
36,6.319099198279342e-07,5.684922970225665e-06,3.3232399608774634e-06,0.0006348342143744474,1.0455867623716067e-06,0.016973437175555293,1.2211128776825115e-06,5.08029686125697e-05,8.714178420980757e-07,0.9678625869031746,2.6329204850302877e-07,2.9402112611281085e-09,6.665859171442396e-08,0.00048763355107948804,1.2746105330214153e-08,0.001984209622684272,6.802623465135878e-05,0.010861520177031531,6.9031381464116336e-06,0.0008179836905889584,0.00016361435198736574,1.6089615187859154e-06,5.072745222129934e-05,1.849521438035948e-05,4.4925167032894954e-06
37,8.441884373727595e-07,5.509550651343135e-06,3.2978244549942896e-06,0.0006448219790152494,8.91258271941758e-07,0.011498698001961828,1.4430185910479886e-06,6.769439397813781e-05,9.62051223642981e-07,0.9716245264656996,2.2522184104717506e-07,4.262276178902072e-09,8.994623612841316e-08,0.000394990361091899,1.2126991577220049e-08,0.0023449811044573875,5.575730119525742e-05,0.012372962917819526,8.232259368024459e-06,0.0007740699857209292,0.00013388790231556112,1.8558319432320686e-06,3.921223273381612e-05,2.123037319205403e-05,3.7994405321918806e-06
38,1.1115016575682416e-06,6.463358920484739e-06,4.877850101693712e-06,0.0004050276134541155,1.3050658114389915e-06,0.020682128017483967,2.034279422885791e-06,8.184391285143013e-05,1.5033153393554363e-06,0.9634684430475359,2.9356666430774853e-07,4.65506673706062e-09,1.052291432360573e-07,0.00037039583819380764,3.1863687960463255e-08,0.0036360913648488765,4.96130769774265e-05,0.010470518967435982,1.6410119968358307e-05,0.0006144905459488046,0.00012760344134981984,2.1046854124289413e-06,3.12352167609686e-05,2.1149233424747708e-05,5.214232537391073e-06
39,7.372689563967245e-07,5.824275203718378e-06,3.6916864733427575e-06,0.0006663429553869847,1.0277985592725255e-06,0.015786653246480743,1.6283616674592152e-06,0.00010887783708958835,1.2086436790785184e-06,0.9655957711091041,3.148735781948884e-07,5.599012103263585e-09,1.0641820100886475e-07,0.0005440714573571387,2.3078533996019767e-08,0.003453185581559215,8.195666458806314e-05,0.012597876678501551,1.1894593452866257e-05,0.0008815692746947401,0.0001893620792686666,3.1777279023236562e-06,4.150810448146293e-05,1.8530258921457734e-05,4.654427346345412e-06
40,1.0441794131562664e-06,7.645353313828786e-06,5.6341783767496586e-06,0.0006096117988146156,1.3207897568279256e-06,0.01925246103498235,2.2198907411626607e-06,0.00010763571256337439,1.8446353884223697e-06,0.9620744185886363,3.408140494255873e-07,7.3960170912628164e-09,1.3441616847648383e-07,0.0005734718072226028,3.6187204131505575e-08,0.003446011101342697,6.964867466439551e-05,0.01278832476592739,1.448942197007557e-05,0.0007750115554238108,0.00019838260681606995,3.267413419453317e-06,4.09840633944349e-05,1.9500358698606502e-05,6.553255694512006e-06
41,6.041790401237315e-07,5.592702084447483e-06,3.0415473056248206e-06,0.0006758073488033174,8.386787175707723e-07,0.013895109125999236,1.4340350317488536e-06,0.00010183851589257842,9.412005130442533e-07,0.9692614027138571,3.0352192338103946e-07,5.010248524498632e-09,8.27183223535573e-08,0.000584951090445519,1.8552525436108447e-08,0.0028676943467736975,7.387882476981437e-05,0.011477564002708709,1.0568987636671657e-05,0.0007991273947852524,0.00017296465752844936,3.0109525014584706e-06,4.256805587377806e-05,1.6601880912149848e-05,4.049955800013399e-06
42,5.218593303853522e-07,4.353066935770993e-06,3.7976992643946305e-06,0.0006722294775384761,6.396685622757182e-07,0.01335718857234989,1.7354421653195935e-06,0.00018969178251899402,1.099758382000816e-06,0.9677685164011018,3.336298968690118e-07,7.994329247840088e-09,1.1193147871541778e-07,0.0004431798665926633,3.271361581779163e-08,0.005419573756332705,7.593813650601727e-05,0.01092556617716239,1.666943236457142e-05,0.000831603186923024,0.00022988128167460376,5.176164623916004e-06,3.1508885187232294e-05,1.7115208524507836e-05,3.5279066384086564e-06
43,0.008438404187669262,0.003755422443623245,0.0025026275060977808,0.1394907347373491,0.0026697534458511763,0.18898028957251312,0.000817075657613279,0.00470857262246565,0.004444338439129742,0.05298450694408079,0.0011040083091937583,3.599705260485348e-05,0.00011278669385644485,0.155788655971321,6.2400783113036465e-06,0.03805387434306065,0.0015295266964249251,0.3724213267799315,0.0003525490748189592,0.014314667080747115,0.00014345438330412292,1.5190244254030469e-05,0.0010210160264918962,0.004239262091603345,0.002069719617682916
44,7.362552218720634e-07,6.147481987355997e-06,3.4828934149262117e-06,0.0006793505476781802,1.0403672696285986e-06,0.015073424117048304,1.6139867487102318e-06,0.00010487306039497793,1.1927628948722215e-06,0.9664829812980604,3.133318698559296e-07,5.560107014266988e-09,1.0171007004296377e-07,0.0005744055503434847,2.2040027222932166e-08,0.0033245038926807777,7.90838945873965e-05,0.012521386858878476,1.1354912026397907e-05,0.0008860967451844675,0.00018021269299445627,3.070692597911368e-06,4.1814946751052206e-05,1.814886092797184e-05,4.635540234065376e-06
45,8.217612997254722e-07,5.587417955434065e-06,4.477225111023355e-06,0.0006941034263000466,9.820808164263887e-07,0.0159435611325925,1.8902291369423876e-06,0.00014077018825152648,1.379381302098772e-06,0.9637900277128509,3.6017127794891185e-07,6.601872130030754e-09,1.0937547451455671e-07,0.0004961220121838923,3.063150191535429e-08,0.004303950465526261,7.39959170927197e-05,0.013439081230718183,1.3783415330229994e-05,0.0008442330725749475,0.0001794426327823758,3.7401786970117707e-06,3.6931447383489876e-05,1.996526142329881e-05,4.64703054442147e-06
46,6.818432926618285e-07,5.358395272723366e-06,3.837657630784728e-06,0.001315164167197225,1.2401690271170949e-06,0.025907231689197775,1.3345323010035542e-06,0.00014365931982183747,1.2591036994112048e-06,0.9456803380924089,5.76187895171625e-07,8.038242251934859e-09,2.5329379095250205e-07,0.0009160672925082419,2.971978110645479e-08,0.0048685102104763425,0.00033091346312656174,0.01855308806477759,1.4702019880460844e-05,0.0017546406536425151,0.00036644456202126417,7.877417585544513e-06,8.953392543898219e-05,3.059201933484621e-05,6.658161648831328e-06
47,9.591647657447032e-07,6.450597627910266e-06,3.586320588013943e-06,0.0006128681943765325,1.2259766047406168e-06,0.015165788842237692,1.6838865795747233e-06,0.00010304175075296447,1.6584749306452883e-06,0.9626428138667515,2.652981452123601e-07,7.160710692307782e-09,1.7985220801446312e-07,0.0004637102388830699,3.054657875414931e-08,0.005118080436128343,9.785461626658278e-05,0.014344462924397904,1.4642175784954989e-05,0.0011506403243355624,0.00020666254132931862,3.735697041162483e-06,3.293529271424935e-05,2.1306150903666874e-05,5.409669356699799e-06
48,1.0127970545238655e-06,4.0630546173741e-06,1.1316800593047865e-05,0.001679060960648522,1.7710717934349734e-06,0.007927820905292003,3.626202645348093e-06,0.00010366762421498177,2.4841207915116047e-06,0.9520749727539973,2.1693785477040498e-07,1.4115446325127602e-08,1.6149504791064752e-07,0.00048616358374170635,8.257292115165978e-08,0.004821229226557665,9.708911614758981e-05,0.03029933737606841,1.5072740002233762e-06,0.0020381527282648236,0.00035617365662277654,4.5190006415740016e-06,5.1033555569371416e-05,9.398304899369523e-06,2.5124764567935634e-05
49,6.2219498681501e-07,5.415822907902593e-06,3.648464489224211e-06,0.0007351998202922606,8.602957944125635e-07,0.014807844066251451,1.506885729100922e-06,9.50324386654193e-05,1.04400041280289e-06,0.9679729256431648,2.96327648853651e-07,5.770183134365886e-09,1.0334083597059333e-07,0.0005638924582607657,2.0520119150512804e-08,0.002999807084747433,7.492411046178741e-05,0.011592970948053748,9.741163711967418e-06,0.0008728278274061959,0.00019077158847414223,2.9744439439320777e-06,4.508998382731464e-05,1.7789747544871984e-05,4.685052086524805e-06
50,9.527713444017736e-07,7.238162218396578e-06,4.36908137441467e-06,0.000889433639467318,1.300914003054462e-06,0.020781311488707068,1.636241107667502e-06,0.00011274653294024255,1.7701803357632696e-06,0.954792346778205,4.208251061672431e-07,6.834657764135375e-09,1.4516083663498142e-07,0.0006602554486217503,2.7390334706837602e-08,0.004348085001487365,0.00011400053649428855,0.016786785931446772,1.3998946824938183e-05,0.0011602314624897727,0.00023883686800227515,3.921373314419876e-06,4.830097741592363e-05,2.634242557827879e-05,5.535027685667928e-06
51,7.262233607548302e-07,2.6561549508320438e-06,5.584312420522478e-06,0.00033307594118259535,2.3077948243077025e-06,0.026742912090247116,2.2656633328156632e-06,7.473400018502033e-05,1.2957602384644e-06,0.954768853880016,3.5472253589169983e-07,4.677540995719593e-09,3.0176001378875175e-07,0.00026846430922894014,3.357749082068556e-08,0.0059252398778266635,0.00011585525205754577,0.010084650519675333,1.2882191176465847e-05,0.0012935128398350799,0.0002568986020260583,2.5411784885951556e-06,6.455117291401763e-05,3.382817025266413e-05,6.469328178591756e-06
52,2.811982664722026e-07,1.639747774446017e-05,4.065498377604048e-06,0.001285663615337587,6.032846364676837e-07,0.00311004886145832,3.785793989778656e-06,9.505787213044654e-05,5.424903888977137e-07,0.9915212254484352,1.4829904291849745e-07,1.8304368145434417e-08,9.720410791495275e-08,0.0003314748780486375,5.229866422892178e-09,0.0012451424176056958,2.8853377256838985e-05,0.0009684922996367118,1.1548638027675494e-05,0.0009470454619608347,0.00029473772416026717,1.3385796619034619e-06,0.00011227780340307735,1.9206669618179175e-05,1.9415724696819036e-06
53,4.979200147143356e-07,5.078402780572438e-06,3.421585259308496e-06,0.0006238428930877255,1.1197378130124852e-06,0.009105878759392783,2.776377884111134e-06,0.00012037383719045812,9.22822495166515e-07,0.9777062249842967,3.0068146797599847e-07,7.162379556198135e-09,9.196535393946754e-08,0.0004917503393751647,2.1967341353945595e-08,0.0030883577957234345,4.628258373502427e-05,0.00773819625659745,8.17388262328848e-06,0.000829187607165462,0.00015907785722939495,2.408557529815367e-06,4.696200775827222e-05,1.4709389539362024e-05,4.334625965956371e-06
54,7.241519039898734e-07,7.76740168919679e-06,2.9664933280284627e-06,0.00045862413949981565,8.874755028406449e-07,0.011860688447401048,1.6345524379012858e-06,8.172469263674157e-05,1.0086912738274178e-06,0.9752942929271128,2.0090114323443105e-07,4.750652105296611e-09,5.9067346118004236e-08,0.0005485051935967212,2.7589951173789146e-08,0.002697312363176983,4.140735987645837e-05,0.008249000981974538,1.0101174477504636e-05,0.000591321827383286,0.00010702086948059661,2.1795843024398476e-06,2.7645606660076216e-05,9.730256856226167e-06,5.163500336463038e-06
55,3.619882273614984e-07,4.3379497392146285e-06,2.079754160989274e-06,0.0004426123142881168,7.17426239589227e-07,0.011077925249275155,1.0466135917837504e-06,8.807621594838602e-05,4.1223996761803974e-07,0.9779713594656346,2.625863340803515e-07,2.4236065932754073e-09,3.884212272601992e-08,0.0005735548550518896,1.400746984102359e-08,0.0018458913303529487,6.715902787692932e-05,0.0070675632758968095,7.440600909681932e-06,0.0006690390266758674,0.0001146283926820338,2.382026313422329e-06,5.025145576359732e-05,9.651299526649858e-06,3.191632344086383e-06
56,7.814076909559826e-07,6.320430135265802e-06,3.6689957149612264e-06,0.0007059956301507132,1.104501602375256e-06,0.015435883243218986,1.7246602204650925e-06,0.00010797789654278486,1.2881067552755606e-06,0.9654836281807512,3.3034303851443073e-07,6.299122151337264e-09,1.1905397723507619e-07,0.0005906482150235043,2.3515282049704148e-08,0.003441856461361557,8.34303091802279e-05,0.012930833670824055,1.2041264604281393e-05,0.0009294467737557588,0.00019114480103671778,3.2542677209611983e-06,4.392369486923248e-05,1.9630531576507882e-05,4.93774584445872e-06
57,6.69106168230873e-07,5.907563678602011e-06,3.2251443390514008e-06,0.0006613089388116336,1.0261908593088312e-06,0.012926571120210681,1.7902584229938256e-06,0.0001238700731831398,1.3004589726823203e-06,0.9685556441863651,2.815694392777005e-07,8.014534964023839e-09,1.5553698036747972e-07,0.0005520277235729136,2.5999285059408e-08,0.004285552495235284,8.805039198148712e-05,0.011420628387464288,1.343054076823475e-05,0.0010802184533709926,0.00021309023153844606,3.81081444567505e-06,3.877680242698763e-05,1.7934179798780947e-05,4.695818146089709e-06
58,8.668095470483149e-07,6.475280987479227e-06,4.0237350190732135e-06,0.000756844197807354,1.1500368407208172e-06,0.017399869581785708,1.7791721801142117e-06,0.00011099886139999235,1.420796495404395e-06,0.962566582533897,3.752059954462829e-07,6.697427798310229e-09,1.3068393326011506e-07,0.000590352596370629,2.252030398428401e-08,0.003700098237446195,8.102426433280294e-05,0.013542917911470003,1.3586783887850833e-05,0.000945369056672209,0.00019706403807654685,3.1310503493449255e-06,4.636443348023724e-05,2.4854951197960024e-05,4.690563095819731e-06
59,7.885552202400203e-07,6.074826206063998e-06,4.047232063953487e-06,0.0007255923439233525,1.045972432447204e-06,0.01668606214497372,1.6536616724690392e-06,0.00010540423717650623,1.2845529053040246e-06,0.9644999960001552,3.490039819125205e-07,5.916998979206732e-09,1.1421183187519703e-07,0.0005372802892592726,2.159229110360871e-08,0.003487438170389265,7.603734196204312e-05,0.012660135829594394,1.2402287624601815e-05,0.0009270020263110859,0.00019265039807614238,2.927710855606404e-06,4.429708019376348e-05,2.297057956177949e-05,4.418034338541289e-06
60,7.362552218720634e-07,6.147481987355997e-06,3.4828934149262117e-06,0.0006793505476781802,1.0403672696285986e-06,0.015073424117048304,1.6139867487102318e-06,0.00010487306039497793,1.1927628948722215e-06,0.9664829812980604,3.133318698559296e-07,5.560107014266988e-09,1.0171007004296377e-07,0.0005744055503434847,2.2040027222932166e-08,0.0033245038926807777,7.90838945873965e-05,0.012521386858878476,1.1354912026397907e-05,0.0008860967451844675,0.00018021269299445627,3.070692597911368e-06,4.1814946751052206e-05,1.814886092797184e-05,4.635540234065376e-06
61,7.797619581434839e-07,6.0809825126309675e-06,4.003712768118182e-06,0.0007138491511672635,1.0527799499331376e-06,0.015951141406846447,1.727324887034202e-06,0.00010567574851698111,1.2529485805147764e-06,0.9655947924190328,3.4361752217349047e-07,5.998194929675739e-09,1.1181833427646909e-07,0.0005400180791498417,2.189382752045294e-08,0.003331827787841703,7.49526453496584e-05,0.012500683440787742,1.2036676403368062e-05,0.0008953144737894065,0.00019057720312642235,2.944366513486637e-06,4.450506441830785e-05,2.175015432933051e-05,4.550544191785445e-06
62,7.362552218720634e-07,6.147481987355997e-06,3.4828934149262117e-06,0.0006793505476781802,1.0403672696285986e-06,0.015073424117048304,1.6139867487102318e-06,0.00010487306039497793,1.1927628948722215e-06,0.9664829812980604,3.133318698559296e-07,5.560107014266988e-09,1.0171007004296377e-07,0.0005744055503434847,2.2040027222932166e-08,0.0033245038926807777,7.90838945873965e-05,0.012521386858878476,1.1354912026397907e-05,0.0008860967451844675,0.00018021269299445627,3.070692597911368e-06,4.1814946751052206e-05,1.814886092797184e-05,4.635540234065376e-06
63,7.401864580055703e-07,6.6608323905398766e-06,3.376225901408374e-06,0.0006726222112599992,1.0199882927954432e-06,0.014597605523774253,1.5702629533799055e-06,9.786994660486998e-05,1.1643600612010156e-06,0.9678054950758412,2.993293371727805e-07,5.503199618599206e-09,9.754964913612094e-08,0.0005849224961146841,2.1330495754306664e-08,0.0030942543780526155,7.627380720187437e-05,0.011938562504807874,1.1284712790190628e-05,0.0008616531833523631,0.0001783220751535957,2.943818295123704e-06,4.11710975473508e-05,1.7429332137054563e-05,4.634268328127096e-06
64,6.784778069087189e-07,5.957296514063411e-06,3.6197207426518273e-06,0.0006960395341628455,1.013441554192832e-06,0.01484267095977368,1.6548477991331617e-06,0.00010059875196138022,1.1845219660107259e-06,0.9673513309293332,3.0212749578513844e-07,6.108647456094427e-09,1.121206389938852e-07,0.0005621248811882001,2.176647689258454e-08,0.00327362646698864,8.183302735493956e-05,0.011864322404447816,1.103281672636206e-05,0.0009139327640584704,0.00021749473801247515,3.1635430092514556e-06,4.412004898904845e-05,1.84072954353376e-05,4.751408916308151e-06
65,2.3764242231724851e-07,3.191700120661756e-06,1.7606358327447985e-06,0.00039143057476127884,4.411590662444285e-07,0.005859629243353327,1.0870891988551064e-06,7.084922370219074e-05,2.637075859363636e-07,0.9865609426566424,1.1847675693382976e-07,2.271097126934145e-09,2.898388247893998e-08,0.0003777830137962298,9.223382303964235e-09,0.0012792903840706566,3.3102207369605316e-05,0.004744674461266602,3.919898016131836e-06,0.0005338515950404483,9.343322381654154e-05,1.3018991941395188e-06,3.4546306160246295e-05,5.45905388500379e-06,2.645369579922337e-06
66,7.504475219507877e-07,5.413650437418323e-06,3.743963722656456e-06,0.0005669166671954465,1.2300135517912016e-06,0.01633233565587944,1.5485103260138e-06,8.045432748099246e-05,1.1452194756423003e-06,0.966129875407254,2.8933680345223684e-07,4.520948146936067e-09,1.1918383236098653e-07,0.00044393887797078635,2.1205385862369846e-08,0.0031501670813445346,8.486896676102181e-05,0.01193306849636033,1.0444629034141499e-05,0.000991433765554822,0.0001900792816438824,2.5074765657702343e-06,4.4409495077841354e-05,2.0314424780776877e-05,4.919395090905914e-06
67,1.0579956187242198e-06,8.864307947138142e-06,4.038492752739105e-06,0.0004990513543940309,1.1236826316622158e-06,0.011503001112918815,2.517247986301268e-06,0.00014104410812141742,1.7679247038600315e-06,0.9703083867403725,2.933763580758108e-07,6.619936593531848e-09,7.189767596873007e-08,0.0004395438735290698,3.467074512330433e-08,0.0036460309196877923,4.961229542478813e-05,0.012595081466574641,1.671950316016959e-05,0.0005758715835203137,0.00016113019853710746,3.497214973609253e-06,2.2680131160294834e-05,1.4125444485601226e-05,4.447836783444835e-06
68,6.620121922450362e-07,5.613312683071884e-06,3.4702258439720365e-06,0.0007633218077071195,8.618418347838816e-07,0.014164025431925024,1.450579555253345e-06,9.600100829554245e-05,1.0936929351651813e-06,0.9674362934563007,2.805593687917662e-07,5.302171040984102e-09,9.227294305058469e-08,0.000562037057381989,1.6979051818138747e-08,0.0029236813543546936,7.300336074869062e-05,0.012864405941594968,9.272815469422986e-06,0.0008340756048602899,0.00019347930977207858,2.76481161744916e-06,4.2229055818502705e-05,1.7610864525319194e-05,4.25134104914736e-06
69,7.094401223684671e-07,6.0497397485017015e-06,3.5073758382084848e-06,0.00070423413261901,1.0314161630035311e-06,0.014947690472118167,1.6225639526877162e-06,0.00010587314743753756,1.1576846986706393e-06,0.9669492123042723,3.2183342102975387e-07,5.691170783349338e-09,1.0384906702588992e-07,0.0005767233401071285,2.1259983002115694e-08,0.003319018635609786,7.844281394697e-05,0.012123909657463282,1.1214334302167608e-05,0.0009140349650845849,0.0001845908725310307,3.016730662540456e-06,4.40746176416904e-05,1.8915731500356705e-05,4.51739053831769e-06
70,7.287293017459499e-07,6.531126734364994e-06,3.5954275989114454e-06,0.0006263267981633796,1.050933765857552e-06,0.019046204670326,1.6022816272156667e-06,9.06507476723334e-05,1.1915164243520314e-06,0.9640872377074904,3.884118484378312e-07,5.404574223169335e-09,1.0153600426313279e-07,0.0005554118291432021,1.9223891401634e-08,0.002973472409795988,8.028396455754896e-05,0.011427289015458744,1.5738456805266273e-05,0.0007721196059164292,0.00022967051072420863,2.974932353426775e-06,4.841601124946508e-05,2.4889973600517388e-05,4.098774972523344e-06
71,7.118407481713249e-07,6.162491923508902e-06,3.2771226267431207e-06,0.0006704797369700754,1.0668699006769273e-06,0.014301962177461578,1.5924061001375237e-06,0.00010137885760576065,1.1591378279366185e-06,0.9676823532008748,2.9758076550257823e-07,5.5078925947614405e-09,1.0395919187741875e-07,0.00057654229260756,2.112216613754321e-08,0.003320631483296099,7.839223560575572e-05,0.012060455949074683,1.077540856202355e-05,0.0009386598778884967,0.00017683652695347476,2.9129416457446634e-06,4.195803507861655e-05,1.7663471542480816e-05,4.59976568953922e-06
