,0,1,2,3,4,5,6,7,8,9,10,11,12,13,14,15,16,17,18,19,20,21,22,23,24
0,6.676320791611531e-06,8.521113893405547e-11,5.4549497360927095e-06,1.0861226987322692e-05,2.3606492030249563e-07,0.0002526720532232671,5.272981566607291e-06,0.006261115330577972,2.1311964863235207e-05,0.9920740568690074,1.3544421389375316e-08,3.9491223691406294e-07,0.0005996730528367529,9.998388295155053e-11,1.4288145122922791e-08,8.109699051359524e-05,7.957454878351697e-05,1.4420589872323766e-06,2.4461150207694913e-05,1.2097058333774988e-05,4.5177475348145767e-07,7.199596327599153e-07,1.9185137767832843e-06,0.000560482028938268,2.171563554509859e-09
1,5.397376824604461e-06,4.2483660609358506e-11,4.810167930118319e-06,8.259902086405191e-06,1.6548126848282457e-07,0.00015791177881438684,2.909790369627426e-06,0.005198836128578373,1.9362129281728093e-05,0.9935802864384794,1.0038050145699611e-08,2.287661057323135e-07,0.0005551813240330506,4.538992447386983e-11,7.661105985184455e-09,6.595651291158047e-05,4.645027069061319e-05,7.805063511470153e-07,1.844388097432787e-05,8.954089999994544e-06,2.4326450379389984e-07,3.8148463630659076e-07,1.1675347784026187e-06,0.0003242543651847273,1.0191674480933575e-09
2,5.1995483393785365e-06,5.134181832789454e-11,4.648685124257057e-06,8.864144551674723e-06,1.9391344858344371e-07,0.00014795628223458605,3.4551992447232397e-06,0.006255528353941719,2.0258873100469864e-05,0.9925341198870237,1.4576368533795221e-08,2.853319193709407e-07,0.0005491405804012658,7.226869074341056e-11,1.2360906264755314e-08,5.5768900508683604e-05,4.825227806063922e-05,1.0069928255154839e-06,1.4108302646427196e-05,1.2798258369200648e-05,3.006602138320296e-07,3.8415479968852767e-07,1.5310210394081958e-06,0.0003361700734391851,1.497882492472638e-09
3,5.979616959892213e-06,5.826159783512646e-11,4.589645811752882e-06,1.0454868475081188e-05,1.8314931611319442e-07,0.0002043472225155221,4.286299368701633e-06,0.0060988059336657945,1.901002421305477e-05,0.992395502469414,1.2013514000645277e-08,3.304745783760124e-07,0.0006182839064680091,7.348267175342965e-11,1.0830523625690142e-08,7.516742696452647e-05,6.371686387969259e-05,1.2574655116519936e-06,1.9299248829605652e-05,1.1555322352300857e-05,3.398346491976773e-07,5.438179588872566e-07,1.6351825788662233e-06,0.000464686717220975,1.5334858737501584e-09
4,6.329804463929607e-06,5.67895434523668e-11,4.565219474164887e-06,1.0266990033716652e-05,1.8090214597429743e-07,0.00019728907302970177,4.294877140485622e-06,0.006071025740465978,1.76646446993727e-05,0.9923224770658293,1.178999747455892e-08,3.281311644831132e-07,0.000691122959669251,7.730480637341275e-11,1.0357437953004449e-08,7.645037253960428e-05,6.383739805930623e-05,1.3030645629638289e-06,2.0175596350250065e-05,1.1823834730724615e-05,3.2021830207492406e-07,5.186213858773628e-07,1.5988641093600728e-06,0.0004984028572749859,1.4830389600123297e-09
5,6.05238435136812e-06,7.092444850246724e-11,4.316457542539492e-06,1.319979498121551e-05,1.798209551678088e-07,0.0002390303354971754,4.190153149786797e-06,0.006539938792898948,1.913292675808342e-05,0.9918197718377986,1.3697029256446105e-08,3.4946401661200186e-07,0.0006799642212127855,8.05658179897721e-11,1.2377445023668485e-08,8.708068901945054e-05,6.400416590967755e-05,1.7088322566498612e-06,2.0697588036043204e-05,1.3206087228547384e-05,3.603349426055949e-07,6.045334745421264e-07,1.8481348197957967e-06,0.0004843356511755211,1.5680102330812834e-09
6,5.979616959892213e-06,5.826159783512646e-11,4.589645811752882e-06,1.0454868475081188e-05,1.8314931611319442e-07,0.0002043472225155221,4.286299368701633e-06,0.0060988059336657945,1.901002421305477e-05,0.992395502469414,1.2013514000645277e-08,3.304745783760124e-07,0.0006182839064680091,7.348267175342965e-11,1.0830523625690142e-08,7.516742696452647e-05,6.371686387969259e-05,1.2574655116519936e-06,1.9299248829605652e-05,1.1555322352300857e-05,3.398346491976773e-07,5.438179588872566e-07,1.6351825788662233e-06,0.000464686717220975,1.5334858737501584e-09
7,5.366736438015214e-06,8.457204575397051e-11,4.653985603555785e-06,1.2669203335632672e-05,2.1419538677879345e-07,0.0003473397489098988,5.068017283223484e-06,0.006566989559229823,2.4147884224364214e-05,0.9916307503415067,1.3185090257295938e-08,4.5045653407919366e-07,0.0005983865524391663,9.129209217906468e-11,1.6070010403669725e-08,0.0001011883000992052,7.865903292164259e-05,2.0837985823265575e-06,2.2181525004849615e-05,1.4099915716177443e-05,5.943772748101076e-07,7.461708838646649e-07,2.6705779771561674e-06,0.0005817082045672815,1.98511642292073e-09
8,5.929900071563822e-06,8.40728921857991e-11,4.4237501329244745e-06,1.3594632704683834e-05,2.2627333906954153e-07,0.000325020152720057,5.017826357955562e-06,0.007420169859015866,2.4328892831174798e-05,0.9908272504358209,1.5472166171792447e-08,3.98413078910044e-07,0.0006852588381882593,7.937057541984339e-11,1.462599470608831e-08,0.00010931119896347366,7.206463130913379e-05,2.222530057882654e-06,2.551705979170457e-05,1.3223482218871696e-05,4.129799193172747e-07,7.593677351285207e-07,1.8694983698999551e-06,0.0004629683594347178,1.6563342507461193e-09
9,6.609540695384763e-06,8.45767921728729e-11,5.339379672731328e-06,1.3016876359475796e-05,2.585495680847909e-07,0.00033643552326724523,5.475187524947185e-06,0.0072383343576306585,2.4908070254434753e-05,0.99084473176799,1.5363870229396784e-08,4.3603950659369316e-07,0.0007692480343044376,8.475029889910237e-11,1.3731148069392267e-08,0.00012214792671735083,8.009350287292389e-05,2.2025491530026245e-06,2.964740022057127e-05,1.3641602320311296e-05,4.484974751745184e-07,7.931045804759426e-07,1.8510727983908965e-06,0.0005043500677389814,1.6850033487534873e-09
10,5.979616959892213e-06,5.826159783512646e-11,4.589645811752882e-06,1.0454868475081188e-05,1.8314931611319442e-07,0.0002043472225155221,4.286299368701633e-06,0.0060988059336657945,1.901002421305477e-05,0.992395502469414,1.2013514000645277e-08,3.304745783760124e-07,0.0006182839064680091,7.348267175342965e-11,1.0830523625690142e-08,7.516742696452647e-05,6.371686387969259e-05,1.2574655116519936e-06,1.9299248829605652e-05,1.1555322352300857e-05,3.398346491976773e-07,5.438179588872566e-07,1.6351825788662233e-06,0.000464686717220975,1.5334858737501584e-09
11,6.078502753886704e-06,5.4105250747994754e-11,4.445315661618679e-06,9.781055430961267e-06,1.689452676110483e-07,0.00018669523336675118,4.0689271304131616e-06,0.006268362222667857,1.7910506440732324e-05,0.9921953914104289,1.142791888313315e-08,3.22510730284712e-07,0.0006690909477973722,6.973407176437166e-11,1.0097179833220689e-08,7.296225246555105e-05,6.205515227671976e-05,1.2097033563300154e-06,1.9288138938956052e-05,1.1246011618676485e-05,3.020690326218493e-07,5.166769073976119e-07,1.4976510335520442e-06,0.0004685837107915547,1.4069642411708824e-09
12,5.338646633074217e-06,7.152472386546979e-11,4.519297068646522e-06,1.2961112807569597e-05,4.2494658469625833e-07,0.0003860790018346236,7.647602817736036e-06,0.003790890521394672,2.218421614896697e-05,0.9941044467055388,1.4105622381097566e-08,4.1292162357742594e-07,0.0006629549425620476,1.812470493188453e-10,1.3024974659162306e-08,9.890241790628106e-05,8.545792937827711e-05,2.7615994923990286e-06,1.8795198639063018e-05,2.3678115842323946e-05,6.55011853726141e-07,4.708341673410848e-07,4.166974744118673e-06,0.0007672216241679243,2.995425361843533e-09
13,5.559835487958078e-06,8.953952132969288e-11,3.983533689573177e-06,9.603316708145082e-06,2.0885145307235652e-07,0.00037645975130567164,4.774522849897961e-06,0.005018277506913908,2.2377552782270993e-05,0.993112952807042,6.76134471647444e-09,2.748762946341104e-07,0.0005700397373287091,5.011021916364467e-11,8.55268466497871e-09,7.946596692467661e-05,7.935426883366681e-05,1.3619117525512369e-06,3.156789117832372e-05,8.629153772035422e-06,3.40179074819538e-07,8.122329146534947e-07,1.7161884949401745e-06,0.0006722226073561836,1.8541630484497683e-09
14,8.168654923172386e-06,2.4026169633060495e-11,4.026111000900124e-06,5.771395353069024e-06,1.1222205302165894e-07,0.00012053701487279308,6.56661946976299e-06,0.007264528093985785,2.1778378282759725e-05,0.9913002209886609,6.3487662384952844e-09,4.2415372250467133e-07,0.0004428996425784077,6.72178614237078e-11,7.592646062744341e-09,5.17198696535426e-05,9.284093764516778e-05,5.714997120727058e-07,1.1081985856723957e-05,6.775699236069275e-06,3.6244372254826766e-07,4.856199216676791e-07,1.7824679052046038e-06,0.0006593302032012492,1.965586254827967e-09
15,5.979616959892213e-06,5.826159783512646e-11,4.589645811752882e-06,1.0454868475081188e-05,1.8314931611319442e-07,0.0002043472225155221,4.286299368701633e-06,0.0060988059336657945,1.901002421305477e-05,0.992395502469414,1.2013514000645277e-08,3.304745783760124e-07,0.0006182839064680091,7.348267175342965e-11,1.0830523625690142e-08,7.516742696452647e-05,6.371686387969259e-05,1.2574655116519936e-06,1.9299248829605652e-05,1.1555322352300857e-05,3.398346491976773e-07,5.438179588872566e-07,1.6351825788662233e-06,0.000464686717220975,1.5334858737501584e-09
16,6.7442614140644405e-06,5.0808349014912865e-11,5.758710829021421e-06,1.539214822655569e-05,2.061043044096301e-07,0.00023920056303612674,5.41661516943209e-06,0.0068821503448484875,1.526792909164214e-05,0.9910865724932604,1.9874616369268276e-08,5.518787099653875e-07,0.0009314483526253316,1.409729700808218e-10,1.516265076945892e-08,0.00014175506650633167,7.111824821980091e-05,2.7433150525084265e-06,1.981569287064127e-05,2.0595964862897775e-05,6.011710066389493e-07,5.228136803520994e-07,2.365913104990617e-06,0.000551735908318961,1.2758132488952016e-09
17,9.158268387091942e-06,5.18745776115131e-11,5.669404446407849e-06,1.3222816591906703e-05,2.2818063051528392e-07,0.0001429658490565894,7.326084330597432e-06,0.00772485339288878,2.0376465181552403e-05,0.9906136553564314,1.6968068764472317e-08,5.225236280785228e-07,0.0007586574320165495,1.2877095058321804e-10,1.0800367411775714e-08,7.40408107641218e-05,8.482390380190167e-05,1.0895023098093547e-06,1.3872440304668755e-05,1.4620996641492803e-05,3.550214021368058e-07,6.07678762847672e-07,1.7545002172916706e-06,0.0005121690634273912,2.3596969853766812e-09
18,8.668963382384333e-06,7.671076733925577e-11,4.124583709784297e-06,9.726760353442355e-06,2.4151545301587136e-07,0.00020587185447524755,7.51087791755436e-06,0.005461267480818439,2.15540722915037e-05,0.9927567621769576,1.1592996767227272e-08,3.1687346915461347e-07,0.0005656340607763766,1.0496273976705028e-10,1.0105175208397858e-08,6.0769549935935854e-05,0.00013859945110038856,1.3576392343056014e-06,2.329014842790615e-05,1.1343120484616951e-05,3.454997201130535e-07,8.18828110077478e-07,2.0449514238918863e-06,0.0007197262618974328,3.4502154877772264e-09
19,4.704139967322883e-06,3.268432432253025e-11,3.7368788448207767e-06,7.294603057403431e-06,1.3818651520568113e-07,0.00014642717375034948,3.857068591692524e-06,0.005066210657074758,1.64876969657446e-05,0.9937786051124756,7.960173219725593e-09,2.920452888581906e-07,0.0005039335076828086,4.2921346318018266e-11,6.295202873655637e-09,4.889752831274071e-05,4.701864838464982e-05,6.161121300578485e-07,1.2606558299859235e-05,8.302675175296343e-06,2.0265331923838294e-07,4.4826110283397476e-07,1.0034273512036058e-06,0.0003492015613884955,1.1733391764809808e-09
20,5.119859800025212e-06,1.1678096657415078e-10,4.717397046897024e-06,1.4201885086735097e-05,1.4593626847471857e-07,0.0002838017015208585,3.6693962014907493e-06,0.009745472368577316,2.2636528920892386e-05,0.9886503788942292,1.6637131920312352e-08,5.152364973009059e-07,0.0006157155331234302,7.70465374634893e-11,2.322032130185103e-08,9.275014412370928e-05,6.301465916541801e-05,1.9772708634261266e-06,2.2179830257273287e-05,1.268848473985559e-05,5.112667416422403e-07,1.0068112617677461e-06,1.9577267374727954e-06,0.00045749735192796286,1.6656280107315281e-09
21,7.142510673841421e-06,5.090672009548176e-11,5.201095006889614e-06,1.6775450404424207e-05,1.8048658691992397e-07,0.00017480556123132936,4.1394765323078905e-06,0.006623663129167143,1.7251325183136174e-05,0.9918523932075441,2.1306239915230904e-08,4.330369931176817e-07,0.0007452323191705372,1.1572619875716014e-10,1.2993941409183915e-08,0.00010271579668335921,5.133750904553079e-05,1.6260870794303393e-06,1.563811683910804e-05,1.6285084823125744e-05,3.647130368649591e-07,4.51913625133921e-07,1.7934520289670864e-06,0.00036253393384413376,1.3276863785880813e-09
22,5.501932327455896e-06,3.652416752639611e-11,4.640490320478641e-06,1.1696904772763476e-05,1.6114573796332385e-07,0.00014510133694608862,3.7715334038889263e-06,0.005231692667646307,1.4339289245968193e-05,0.9934768203712394,1.6858710903507816e-08,3.1947987227500763e-07,0.0005935728598760454,7.642861313434958e-11,9.612401056964748e-09,7.600396463714685e-05,6.868001558575888e-05,1.398750438754874e-06,1.4241949645161722e-05,1.465026497593068e-05,3.6410623470747606e-07,4.5749510563088697e-07,1.5516651364917059e-06,0.00033500604432962005,1.1484576486002643e-09
23,5.979616959892213e-06,5.826159783512646e-11,4.589645811752882e-06,1.0454868475081188e-05,1.8314931611319442e-07,0.0002043472225155221,4.286299368701633e-06,0.0060988059336657945,1.901002421305477e-05,0.992395502469414,1.2013514000645277e-08,3.304745783760124e-07,0.0006182839064680091,7.348267175342965e-11,1.0830523625690142e-08,7.516742696452647e-05,6.371686387969259e-05,1.2574655116519936e-06,1.9299248829605652e-05,1.1555322352300857e-05,3.398346491976773e-07,5.438179588872566e-07,1.6351825788662233e-06,0.000464686717220975,1.5334858737501584e-09
24,5.879778416020951e-06,6.60119304904688e-11,4.390150685950443e-06,1.474256850062353e-05,1.998816706840749e-07,0.0002091469049629394,3.946161769986455e-06,0.0058774568262804,1.7777820608461526e-05,0.992601775086618,1.4687121846287088e-08,3.563880497159949e-07,0.0006951249040858127,8.303803950072434e-11,1.0206738244077867e-08,8.094061214838453e-05,5.6567273944842094e-05,1.403180176949064e-06,1.7845325301088542e-05,1.385126964967554e-05,2.926775054875204e-07,5.594289159412093e-07,1.525893717344352e-06,0.0003961912669834243,1.55709799707536e-09
25,7.297793505234194e-06,2.8168791931915884e-11,4.546642402334437e-06,1.2280845580246631e-05,1.537821739770355e-07,8.395731655582181e-05,4.702771156631641e-06,0.008084655988050924,1.4431393109443822e-05,0.9905727290829676,2.1313748377022822e-08,3.798457055290301e-07,0.0007789299175502898,9.776966884639763e-11,9.478710442672511e-09,6.337435751994307e-05,5.14639146261423e-05,1.0003563998133101e-06,9.410340998534073e-06,1.5548814400305197e-05,2.1212464362611342e-07,3.466797436465513e-07,1.1381083246249994e-06,0.00029340780772921926,1.1984588221158934e-09
26,6.6342511645896565e-06,5.594956528491277e-11,3.939447615786797e-06,7.3022372459451436e-06,1.8596502170509112e-07,0.00022357243414567986,4.281852411326357e-06,0.005320859640180965,2.4210497763592755e-05,0.9929841788615555,8.04011809918518e-09,2.1418866395082906e-07,0.0006115242679305762,5.650624924667034e-11,8.829503944087753e-09,6.61039825293055e-05,7.786405786656343e-05,1.3360182601376748e-06,2.367385697608802e-05,9.722062979376572e-06,3.2892535011328276e-07,4.474038255749641e-07,2.1669586162099244e-06,0.0006314344549172862,1.652901528172926e-09
27,5.520531343891234e-06,7.741747541461947e-11,3.7655384054514746e-06,1.1114323855471389e-05,1.5813913502667545e-07,0.00022231407241632653,3.982437265618981e-06,0.0072354189109095825,2.3196278766704117e-05,0.9914266138511669,1.1798188520985463e-08,3.313468733801995e-07,0.0005132721770905976,5.961671459509609e-11,1.2395862447377284e-08,6.676893095357619e-05,5.808302945920836e-05,1.1195428286563622e-06,1.9365094247478926e-05,9.145020131829825e-06,2.7180495819368237e-07,7.188817819012181e-07,1.407040509537788e-06,0.00039740696199608993,1.754819549445017e-09
28,5.979616959892213e-06,5.826159783512646e-11,4.589645811752882e-06,1.0454868475081188e-05,1.8314931611319442e-07,0.0002043472225155221,4.286299368701633e-06,0.0060988059336657945,1.901002421305477e-05,0.992395502469414,1.2013514000645277e-08,3.304745783760124e-07,0.0006182839064680091,7.348267175342965e-11,1.0830523625690142e-08,7.516742696452647e-05,6.371686387969259e-05,1.2574655116519936e-06,1.9299248829605652e-05,1.1555322352300857e-05,3.398346491976773e-07,5.438179588872566e-07,1.6351825788662233e-06,0.000464686717220975,1.5334858737501584e-09
29,5.979616959892213e-06,5.826159783512646e-11,4.589645811752882e-06,1.0454868475081188e-05,1.8314931611319442e-07,0.0002043472225155221,4.286299368701633e-06,0.0060988059336657945,1.901002421305477e-05,0.992395502469414,1.2013514000645277e-08,3.304745783760124e-07,0.0006182839064680091,7.348267175342965e-11,1.0830523625690142e-08,7.516742696452647e-05,6.371686387969259e-05,1.2574655116519936e-06,1.9299248829605652e-05,1.1555322352300857e-05,3.398346491976773e-07,5.438179588872566e-07,1.6351825788662233e-06,0.000464686717220975,1.5334858737501584e-09
30,5.979616959892213e-06,5.826159783512646e-11,4.589645811752882e-06,1.0454868475081188e-05,1.8314931611319442e-07,0.0002043472225155221,4.286299368701633e-06,0.0060988059336657945,1.901002421305477e-05,0.992395502469414,1.2013514000645277e-08,3.304745783760124e-07,0.0006182839064680091,7.348267175342965e-11,1.0830523625690142e-08,7.516742696452647e-05,6.371686387969259e-05,1.2574655116519936e-06,1.9299248829605652e-05,1.1555322352300857e-05,3.398346491976773e-07,5.438179588872566e-07,1.6351825788662233e-06,0.000464686717220975,1.5334858737501584e-09
31,1.0270671026550177e-05,6.655908005378933e-11,7.743919756619501e-06,1.0518725873221942e-05,1.8560386057648982e-07,0.00015215304456288987,4.5334550891788696e-06,0.011656941442962114,2.0739887970825287e-05,0.9861812421274816,1.426390795063364e-08,4.2072944107149865e-07,0.001143383735391288,8.097338412914411e-11,1.2855008328144975e-08,0.00010037851018623592,7.81599003535953e-05,1.3925273320307685e-06,2.7107987694584703e-05,1.2775449937178404e-05,3.836435783282941e-07,5.778073097894985e-07,1.4789848399934217e-06,0.0005895832483162845,1.3305871016189012e-09
32,6.359915791904512e-06,6.854967916122413e-11,4.897111561300574e-06,1.0558681718124096e-05,1.9161307630668778e-07,0.00021882033979591758,4.119473026819353e-06,0.006218848310235954,1.9537959404764028e-05,0.992174040642466,1.1945255309542469e-08,3.245685347431028e-07,0.0006599309184868741,7.482567968185627e-11,1.1269807773780419e-08,7.994483492644902e-05,6.680573622538897e-05,1.3384108470291496e-06,2.316421775654367e-05,1.1366920015114453e-05,3.472863492456437e-07,5.812192241852366e-07,1.6411260609539934e-06,0.0004971557840208516,1.5720370088557052e-09
33,9.048893997077837e-06,1.0813928041587113e-10,4.247671978477658e-06,1.2918155327881653e-05,1.5859564124677778e-07,0.00034579290657263726,4.934086661745657e-06,0.007430912813137636,1.2681340262899468e-05,0.9890646179633332,6.69922058187832e-09,3.7546620329190503e-07,0.001443297579956849,7.349535618379262e-11,7.4176192918949395e-09,0.0001443292617482752,0.0001391911594725046,2.768284838899337e-06,5.9561136880394986e-05,1.0757692183762819e-05,3.011782040877434e-07,1.1609690458449364e-06,1.4247975470351902e-06,0.0013115043393272414,1.4092044260744667e-09
34,1.125784419775893e-05,5.22132504441059e-11,6.518259430722302e-06,1.012457120015941e-05,2.2145522739724198e-07,0.00013226760275167343,4.1023662433857375e-06,0.006627206098196913,1.921480677493981e-05,0.9917290679655386,1.4944445875201697e-08,2.5635429073019416e-07,0.0008224779606492426,8.8899126302972e-11,9.282751263396968e-09,8.173222057063153e-05,6.722159961818079e-05,1.0834445634241838e-06,2.5536187154669757e-05,1.062261913792266e-05,2.783098701819559e-07,3.925858448711222e-07,1.3337069840555507e-06,0.0004490583012586845,1.3721859696679075e-09
35,3.626251594691928e-06,3.608113140366555e-11,5.251844651617653e-06,1.0157385721790396e-05,2.5060397844927275e-07,0.0002552425876716152,5.107841912126911e-06,0.002424672092959716,8.73652557371625e-06,0.995802039701891,1.1838808526269805e-08,3.8123095679440415e-07,0.000591955371214279,1.6826267781307544e-10,1.026694521969646e-08,8.462930555655801e-05,6.599046428259465e-05,1.77622881607269e-06,1.4509372771328922e-05,2.372949589970141e-05,7.432793483212459e-07,3.1667324243287454e-07,3.1609193670112174e-06,0.0006976990154146345,1.497078198439711e-09
36,3.979432328194905e-06,6.215292238297576e-11,5.448617446917992e-06,8.65435962885574e-06,2.3334952039043225e-07,0.00024306232390556746,1.9053437899943872e-06,0.0027531953253596146,1.8786717670244365e-05,0.996072973294387,8.705282243929911e-09,1.2664480160633234e-07,0.0004192105623733023,4.673148843982031e-11,8.987755107691888e-09,5.659458359962796e-05,2.974676505036444e-05,7.989902379182461e-07,2.0094761646213412e-05,1.0650285898493454e-05,3.864618773504929e-07,2.2271403213988538e-07,2.110993832364467e-06,0.0003517996220969864,1.04859494854436e-09
37,1.05138239395929e-05,5.673308185197152e-11,6.2886051770514054e-06,1.2572816663998776e-05,2.46997881645693e-07,0.00019729303077238157,6.624455535761966e-06,0.004946985946043251,1.321131014936333e-05,0.9926183362478533,1.365017356627724e-08,4.0046852333823357e-07,0.0009919780514102093,1.8204940796185974e-10,1.032724316425878e-08,0.00011019024475361646,0.0001007615162486666,1.964567762206254e-06,2.6132852504168888e-05,1.7222214041968013e-05,5.050534652847857e-07,4.825750122849176e-07,2.508207853272214e-06,0.0009357548640397654,1.9341696596614018e-09
38,5.4548689476920956e-06,6.318352373984942e-11,4.752922861326896e-06,1.0626512673737945e-05,1.743531496525056e-07,0.0002973397988163114,4.602949272489677e-06,0.006131229944965552,1.7654209085891945e-05,0.9920275192494209,1.2240546758522944e-08,3.9263291872684367e-07,0.0007211081937618821,7.69896457143218e-11,1.3921442616436128e-08,0.00010706434574464785,6.412231451288455e-05,1.935096901138771e-06,2.4699691144559924e-05,1.244181954243633e-05,4.95448734676574e-07,6.120791703695304e-07,2.045249166380952e-06,0.0005657007890794266,1.2279670558626783e-09
39,5.946501535822777e-06,7.093746802594466e-11,5.353415244136613e-06,1.1035497695258472e-05,1.9022757147347734e-07,0.00025467797390519404,4.287959396579557e-06,0.006907577502839815,2.1103021355000644e-05,0.9913996531801753,1.1775283875914544e-08,3.8836298718225804e-07,0.0006681231405113756,7.009659798541026e-11,1.2359127627083446e-08,9.038993785742718e-05,7.216595697649798e-05,1.4536554891051049e-06,2.296465500002078e-05,1.2179238198182724e-05,4.495165737808008e-07,6.611318709533055e-07,1.8530200473252595e-06,0.0005195202724882982,1.556835658407072e-09
40,1.0747989107472793e-05,1.0235363574783802e-10,1.1852996580774207e-05,1.2383821347129574e-05,4.816492581031727e-07,0.00020358749317424523,7.943587211813208e-06,0.00715121149249385,2.317521490003116e-05,0.9907730596585851,2.1219139988566267e-08,6.218290850662789e-07,0.000898062922734125,2.1598092094156537e-10,1.6825713611857584e-08,0.00010052848555300927,9.895974130390414e-05,1.3215975310920306e-06,2.7954590265564823e-05,1.7920489644748e-05,6.4874179036856e-07,7.009734016176186e-07,2.09486070842581e-06,0.0006567003667175452,3.1354179245404785e-09
41,6.105409290538286e-06,5.594392380425047e-11,4.608157644137009e-06,1.0057107277535405e-05,1.8028079257787905e-07,0.00020457603333580305,4.62661910747505e-06,0.005954217483923043,1.8366952499065572e-05,0.9925061469249481,1.1413601843900028e-08,3.438792765676253e-07,0.0006095758740861664,7.575891829859354e-11,1.0581402242164393e-08,7.391661805719605e-05,6.915470782315071e-05,1.236407194584877e-06,1.912812689456098e-05,1.1470047009232353e-05,3.582649275356645e-07,5.638652408526441e-07,1.6897864092441243e-06,0.0005036537161869735,1.6113686752806754e-09
42,6.032857893182467e-06,1.5874841929177795e-10,7.6421962602337e-06,1.714958956200485e-05,1.4928639969428707e-07,0.0003482025753666101,2.9630092697777206e-06,0.013484197885332097,3.0094034540840708e-05,0.9846472807030252,1.2693180559047363e-08,4.93449239225373e-07,0.0007615381887167813,3.590208324395477e-11,1.5189595033078727e-08,0.0001406963463878733,8.26724654713776e-05,1.4879957329967405e-06,4.0734898713869044e-05,9.625735120837977e-06,4.6734423508489966e-07,1.6073214103765527e-06,1.2553131986527004e-06,0.00041567948849316884,1.2382038706529511e-09
43,0.03001132861276968,1.6706196145616866e-08,6.352834109107602e-05,0.0015059945197283698,0.0001360547032135647,4.3518687618758976e-05,0.0013734732831601761,0.0744550751857448,0.0005884601673526308,0.8778173466791228,0.00017193145675925957,1.9657340218625077e-05,0.009058960140412808,2.5776172895421912e-05,3.5174212132593316e-06,0.0004042843439074504,0.0008705737130410812,0.00013959424376562435,0.00031098850451371363,0.0007438755016972586,1.775658562922147e-07,2.7903045549449483e-06,6.601881218571907e-05,0.0021728383389322857,1.4219254048124091e-05
44,5.979616959892213e-06,5.826159783512646e-11,4.589645811752882e-06,1.0454868475081188e-05,1.8314931611319442e-07,0.0002043472225155221,4.286299368701633e-06,0.0060988059336657945,1.901002421305477e-05,0.992395502469414,1.2013514000645277e-08,3.304745783760124e-07,0.0006182839064680091,7.348267175342965e-11,1.0830523625690142e-08,7.516742696452647e-05,6.371686387969259e-05,1.2574655116519936e-06,1.9299248829605652e-05,1.1555322352300857e-05,3.398346491976773e-07,5.438179588872566e-07,1.6351825788662233e-06,0.000464686717220975,1.5334858737501584e-09
45,5.408864265189804e-06,5.2959875676597535e-11,3.7592319193184054e-06,8.822773412072082e-06,1.2797211068056816e-07,0.00018230970508091403,4.142562166326548e-06,0.009485188506523815,1.8082875741697652e-05,0.9889332308505805,1.1470283239545062e-08,3.6014706915030633e-07,0.0007538019116057485,5.4772098938433695e-11,1.2662964150493838e-08,8.136876120863032e-05,5.020247142425722e-05,1.4120862499044982e-06,1.989842262609139e-05,9.749206808778039e-06,2.4519343027439864e-07,5.930554546957981e-07,1.1370559098248048e-06,0.0004401330957674013,1.0096654037013364e-09
46,9.017000309493837e-06,4.067724533187779e-11,5.072108955775497e-06,1.1721381873168602e-05,1.22907405659074e-07,0.00018160572901424211,4.441573083845758e-06,0.005739127044944905,1.339469261099374e-05,0.9923832496041152,7.698793666823364e-09,3.983632917827352e-07,0.0008073817938823049,4.16238127513359e-11,4.2872472185439955e-09,8.184847148328021e-05,0.0001516124921921503,8.936398644461046e-07,2.194216542762066e-05,9.371629530795503e-06,3.432448014218053e-07,9.403540829272731e-07,1.1828179179783756e-06,0.0005763196218704495,1.2949997419600841e-09
47,4.765989190992553e-06,6.59017137119631e-11,4.3350414790482565e-06,1.0489082308707273e-05,2.163519458584738e-07,0.0002332073067890806,4.295679712089311e-06,0.0056611619208338125,2.1777101987432512e-05,0.9929693204562038,1.3964733248304688e-08,3.2303367266752484e-07,0.0005167061625875315,8.324822731946216e-11,1.3785695800309361e-08,7.023291943989965e-05,5.5783026150069046e-05,1.4022673616318622e-06,1.7379783298116298e-05,1.3028808708980334e-05,3.7708827476136037e-07,5.106533856829794e-07,1.9373289386794786e-06,0.0004127203237836977,1.7743683802235976e-09
48,4.713163526829958e-06,8.828088898690937e-11,1.209899053906242e-05,4.722791056592908e-05,7.244251264336807e-07,0.00019301231450496355,5.7438934015342e-06,0.0070591829399570885,4.553439810395625e-05,0.991927460730419,1.6517922365505032e-07,9.834074488121723e-07,0.00041065311390943335,4.2615651483348264e-10,5.9490477181152635e-08,0.00011214221253134819,2.0985433201554164e-05,1.8631934851337897e-06,5.21798119628414e-06,5.2160646100935234e-05,1.0802545418431817e-06,3.512852028391095e-07,4.283338011855037e-06,9.435212062272963e-05,3.06346409368847e-09
49,4.96309147187787e-06,7.38139475539914e-11,5.108288500210214e-06,1.0762872190078193e-05,1.7353288455978708e-07,0.00025518268566057076,3.969891843403025e-06,0.006584689934221704,2.0900703436804967e-05,0.9919119540339011,1.0566712417204844e-08,4.0938037734768973e-07,0.0005861213166826464,5.330609688598564e-11,1.0886865371212289e-08,7.59755970947645e-05,6.546111235838977e-05,1.1082261543141735e-06,2.0433855741973433e-05,1.0885632523901064e-05,3.808632587542746e-07,7.98686895621677e-07,1.471495791338982e-06,0.00043922568945950165,1.5288535253919424e-09
50,4.6537150226035166e-06,7.276107612780763e-09,2.7959790484514398e-05,0.00010789787248978081,1.883235434073469e-06,0.013793908755356766,7.112560061252056e-06,0.01408378687816318,0.00023719112095916075,0.96795471167233,6.279659786584379e-08,2.482086159827119e-06,0.000759939205049723,2.4987811768644435e-10,3.083483046788283e-07,0.0013022674085383691,0.00023850608879622852,3.763444108612521e-05,0.00025829294326878033,4.624116228306725e-05,2.475207687392284e-05,1.2518302541772504e-05,3.252264791434805e-05,0.0010653496097935743,9.756504682885627e-09
51,7.572044572405986e-06,4.0679103317470125e-12,4.666371572201683e-06,1.3874990394922126e-06,2.700245673723176e-07,7.315917970432214e-05,7.18984616438452e-06,0.001619487250743357,8.573119980423734e-06,0.996492678979619,3.0756161599331626e-09,1.212286668950863e-07,0.0006856522880055567,7.190638268289867e-11,1.6978232092020049e-09,4.0863215057958046e-05,9.325919272239093e-05,4.5943070375309587e-07,1.3484424923024045e-05,9.485040742749553e-06,2.3891233443487853e-07,6.834172252788794e-08,1.4095408674799921e-06,0.0009399684047503194,8.141264099287082e-10
52,3.5435531903166697e-06,3.3528107266747956e-11,2.366446621117172e-06,8.218451502892675e-06,1.0320241100778734e-07,0.00016338469338651008,2.219449715618108e-06,0.004913406236108266,1.2868490500002178e-05,0.9940159388488808,9.79918106424372e-09,2.1152084959652657e-07,0.0005013085743351647,4.2320313049309156e-11,8.324911651320734e-09,5.402020837214128e-05,2.9159158851360417e-05,1.1077967382759371e-06,1.3281673027660933e-05,8.958582117103904e-06,1.5957669389714071e-07,3.213218028293013e-07,9.480121753911325e-07,0.00026845527038883005,7.323901805366519e-10
53,4.926266424365274e-06,3.3435029196221836e-11,4.455588088474086e-06,1.1829379565553638e-05,2.2012312177297755e-07,0.00018886053698203653,7.188721710447205e-06,0.0050121443864996375,1.852488346120803e-05,0.993558163301268,1.756539186103587e-08,4.496047779912619e-07,0.0005715069921296543,1.2268534561121853e-10,1.2501174567829616e-08,7.984614129239133e-05,6.0899155275084654e-05,1.5931615109222863e-06,9.76272580726908e-06,1.9931201963147157e-05,5.00681961180922e-07,3.9397587774275304e-07,2.794114113421529e-06,0.00044597708559513636,1.7498875911533913e-09
54,7.344022015528151e-06,1.3237563212699507e-10,3.846263921841729e-06,1.3099745744714709e-05,2.1180220452995795e-07,0.0002699503833496646,6.080973277406733e-06,0.007264273771976891,2.5999021173975235e-05,0.9911561000589612,1.2868262715013273e-08,3.7231087959845656e-07,0.0005049704159209831,1.0227601804851937e-10,1.6624441272257097e-08,7.122309499239766e-05,6.828881258553553e-05,1.263119403117431e-06,2.5629917853665215e-05,8.79556844050052e-06,2.8815074795661784e-07,9.713852496456294e-07,1.6996741978594535e-06,0.0005695586161030592,3.1636445229937535e-09
55,6.304081312519288e-06,5.275996489636212e-11,4.33690982232117e-06,1.0573863132395237e-05,1.9261930366673478e-07,0.00022200098314348958,5.508828137701728e-06,0.007698653692602826,2.1253390482270716e-05,0.9905242265794777,1.2109075977483052e-08,4.895926373856303e-07,0.0007807001756218436,9.139304241195423e-11,1.132923043288822e-08,9.11314994973785e-05,6.448293461548938e-05,1.560085081293043e-06,1.807561235803356e-05,1.3261238387393054e-05,3.278966506633477e-07,5.684755122594327e-07,1.692923015144638e-06,0.0005346333746592163,1.6620894063517998e-09
56,5.9810897129673855e-06,5.5587471456315587e-11,4.454087758067629e-06,1.0121014424288487e-05,1.7443649013123896e-07,0.00019530925582464048,4.1087220953112485e-06,0.006201550675481312,1.8270611222287823e-05,0.9922692285956211,1.1679233805329864e-08,3.2965897299855436e-07,0.0006582525254427361,7.102446145131138e-11,1.0367430525204545e-08,7.376202900694988e-05,6.12989853371997e-05,1.241090870774357e-06,1.904088425777655e-05,1.1509007556609936e-05,3.1465027984544744e-07,5.230005969004285e-07,1.5484970929892385e-06,0.00046295756284671504,1.4458318607559231e-09
57,5.216162329920976e-06,4.8885400218192926e-11,6.799804264841718e-06,7.791595828743215e-06,2.131756200432853e-07,0.00018515504208884415,3.817806890030219e-06,0.005638513177835969,1.8407568468244254e-05,0.9927933462279129,9.643803953021421e-09,3.996239856019266e-07,0.0006999035740038649,6.164983778462773e-11,8.393760182362971e-09,7.578367255645237e-05,6.646804163524656e-05,8.83586825751747e-07,1.9747782965019607e-05,1.2593751394165368e-05,3.8354938428323925e-07,5.141848152144217e-07,1.3723370049958164e-06,0.00046266986281201836,1.3232783161036912e-09
58,5.7833065746248245e-06,5.573013346960094e-11,4.225656791586922e-06,8.98528258389202e-06,1.6771601661468958e-07,0.00020677850263979601,4.146988124657828e-06,0.00579568685449369,1.7081749588414043e-05,0.9925662117278232,9.603348832316946e-09,3.153268999097704e-07,0.0006605241788471893,6.947357646383632e-11,9.823651153644586e-09,7.139232222883682e-05,6.515387708105521e-05,1.265991978086295e-06,2.028717632684203e-05,1.1064600476066808e-05,3.242305223807709e-07,5.233595885643483e-07,1.6325843213123616e-06,0.0005584275610385822,1.453851186361153e-09
59,6.075470352604213e-06,5.600362095911992e-11,4.9124197124403454e-06,9.243986516829777e-06,1.7966459658304944e-07,0.00019870031467510244,4.260985022418178e-06,0.005918093283095834,1.7790090265540438e-05,0.9924313261565059,1.026608607413734e-08,3.258575291154098e-07,0.0006808681044155846,7.109731351858881e-11,9.8835666044315e-09,7.427811428963073e-05,6.788855798217545e-05,1.2149648887156862e-06,2.045481481687435e-05,1.1744788174560274e-05,3.5304359013668474e-07,5.236994889272536e-07,1.6822188167495511e-06,0.0005500617142088689,1.474302153066154e-09
60,5.979616959892213e-06,5.826159783512646e-11,4.589645811752882e-06,1.0454868475081188e-05,1.8314931611319442e-07,0.0002043472225155221,4.286299368701633e-06,0.0060988059336657945,1.901002421305477e-05,0.992395502469414,1.2013514000645277e-08,3.304745783760124e-07,0.0006182839064680091,7.348267175342965e-11,1.0830523625690142e-08,7.516742696452647e-05,6.371686387969259e-05,1.2574655116519936e-06,1.9299248829605652e-05,1.1555322352300857e-05,3.398346491976773e-07,5.438179588872566e-07,1.6351825788662233e-06,0.000464686717220975,1.5334858737501584e-09
61,6.187159500837616e-06,5.740159552886872e-11,5.014446499004588e-06,9.249295130900388e-06,1.8754558196743237e-07,0.0002033841889658262,4.35824529564512e-06,0.005869413152899864,1.8402967086653364e-05,0.9925084289027598,1.0659381221205904e-08,3.323185926511113e-07,0.0006560306593212577,7.420698475232803e-11,1.0297302748001246e-08,7.475966527719543e-05,6.899226918668777e-05,1.205166042015155e-06,2.083280810934059e-05,1.1553870676737284e-05,3.670229417864243e-07,5.337114855545637e-07,1.701771888092649e-06,0.0005390421990196564,1.545446131482086e-09
62,5.979616959892213e-06,5.826159783512646e-11,4.589645811752882e-06,1.0454868475081188e-05,1.8314931611319442e-07,0.0002043472225155221,4.286299368701633e-06,0.0060988059336657945,1.901002421305477e-05,0.992395502469414,1.2013514000645277e-08,3.304745783760124e-07,0.0006182839064680091,7.348267175342965e-11,1.0830523625690142e-08,7.516742696452647e-05,6.371686387969259e-05,1.2574655116519936e-06,1.9299248829605652e-05,1.1555322352300857e-05,3.398346491976773e-07,5.438179588872566e-07,1.6351825788662233e-06,0.000464686717220975,1.5334858737501584e-09
63,6.223739797384485e-06,7.840020018630022e-11,4.753843725683106e-06,1.1343188031517758e-05,1.94145154042417e-07,0.00023692327859480897,4.288244717085585e-06,0.0065065066394661255,2.1467594319404457e-05,0.991910190479806,1.2791627780747171e-08,3.42642662813265e-07,0.0006232358419886573,7.63408787965081e-11,1.2833427328244407e-08,7.950418259608233e-05,6.724570812438945e-05,1.411259642053701e-06,2.262469154857232e-05,1.1518739851679814e-05,3.722585449674748e-07,6.499250014452028e-07,1.784207344899365e-06,0.000489391855053468,1.7542328977422096e-09
64,6.058304540775609e-06,6.726582322629502e-11,6.0700326033585915e-06,1.0962413011115648e-05,2.1147624451320286e-07,0.00023925749190687013,4.412870915723887e-06,0.005860178938907751,2.012453940782758e-05,0.9924920188473196,1.264416084797191e-08,4.0144351608752706e-07,0.0006390397430567441,8.090399820240971e-11,1.2321446030513144e-08,8.703741012698904e-05,7.52488717858948e-05,1.339338589864112e-06,2.1199019109100812e-05,1.3224351265277694e-05,5.361152779385456e-07,6.192635131937725e-07,2.0800008403721732e-06,0.000519952759928049,1.6543562133093029e-09
65,6.1383011612594865e-06,4.682428020528736e-11,4.388909771576695e-06,9.484406023262454e-06,1.651291958397151e-07,0.00016350702029373866,3.928484589302599e-06,0.006209517357073042,1.769878458470843e-05,0.9924201896350237,1.1808435737176783e-08,2.958305694989119e-07,0.0006123534941049969,6.443151816810164e-11,9.335768917553548e-09,6.797965911563485e-05,5.71629175784516e-05,1.0276878560664672e-06,1.773501330784435e-05,1.0162797750170637e-05,2.659333383070146e-07,4.7336449509078404e-07,1.2792564103139869e-06,0.00039622348186199265,1.2804350597810894e-09
66,5.79445346428027e-06,1.0849075044599759e-10,4.171689925018682e-06,1.4411043990871404e-05,1.6358584700045705e-07,0.0003044816901111729,4.401074447431687e-06,0.008076782486841504,2.38845353791467e-05,0.9902898517533512,1.4663599762943613e-08,4.295326306809424e-07,0.0005451364247563924,8.940303969433588e-11,1.961334480479533e-08,9.159691857519867e-05,7.170203496030542e-05,1.9470674553816597e-06,2.324431665994891e-05,1.170035154503828e-05,4.745919937844051e-07,8.945023299565744e-07,2.256051633503784e-06,0.0005266393224380444,2.096825903894706e-09
67,5.972108312909599e-06,5.861676472079633e-11,4.590690662934218e-06,1.0497085481149578e-05,1.8350056276111611e-07,0.00020628983412107453,4.305613367673346e-06,0.00609189302260715,1.9022186587487626e-05,0.9923955241109946,1.2018005920114878e-08,3.3229679088771116e-07,0.0006190239830334591,7.385549391742122e-11,1.0878230048574099e-08,7.551958225815488e-05,6.408765682556125e-05,1.2696151651473832e-06,1.9358105696729475e-05,1.1620228383151648e-05,3.4304379134948867e-07,5.472220251494055e-07,1.6505241608659532e-06,0.0004679450177332576,1.5427304661189636e-09
68,7.009463035146047e-06,5.4462464442414435e-11,4.674039268694488e-06,1.0372791450162348e-05,1.7972690377667444e-07,0.00015871896739051158,3.830794551268497e-06,0.005640931203352006,1.7955727549119217e-05,0.9929197566868527,1.1997421973618357e-08,2.5472142415805124e-07,0.0006356827926648456,7.135596906564806e-11,8.86160467264555e-09,7.079154797081179e-05,6.308757853804816e-05,1.0450766947427972e-06,2.0748432154716026e-05,1.0280026979911596e-05,2.58473538491378e-07,4.6751534506183187e-07,1.3893628398712896e-06,0.0004325426550470268,1.4316035611138273e-09
69,8.74628727964531e-06,7.134201537570942e-11,5.60929783452743e-06,9.106313638142224e-06,2.0173807471292967e-07,0.00021382765302402232,5.100618135937831e-06,0.0064974098450868035,1.7758575962603666e-05,0.9914019680907171,7.781107312500176e-09,3.389487154360203e-07,0.0008231728490250229,8.355076090542397e-11,8.606043756313037e-09,9.359685264175728e-05,7.62407499641726e-05,1.065249322916544e-06,3.3214161580619934e-05,8.685978104034693e-06,2.9624582465239294e-07,6.20711098398075e-07,1.352416509736143e-06,0.0008016692838989491,1.5915168790452622e-09
70,5.063725926528006e-06,5.137567980129336e-11,4.634744010482884e-06,1.1396812334167419e-05,1.7801285784021513e-07,0.00020001453782134384,3.7995652893528546e-06,0.005770628657424883,1.9596367846201744e-05,0.9928950036295033,1.2900044008805442e-08,3.195918536364586e-07,0.0005814822536767198,6.159192453153518e-11,1.0049153574903579e-08,7.453297574319525e-05,4.8926736504064786e-05,1.1094092271001483e-06,1.6046809912066912e-05,1.2156501522709125e-05,3.073104040596494e-07,4.79022730398526e-07,1.5111936899942127e-06,0.0003527877887697698,1.290787038050005e-09
