,0,1,2,3,4,5,6,7,8,9,10,11,12,13,14,15,16,17,18,19,20,21,22,23,24
0,3.0769858172324964e-07,4.6644455845487766e-07,8.36372606673496e-06,0.0003769210271733611,2.785633845258461e-07,0.006890246644782851,1.1269979928247654e-06,2.2281955249638453e-05,4.5940281932036894e-07,0.9657241613084204,3.645615011299162e-08,1.365073086650283e-09,2.856182310385013e-08,4.888945234044758e-05,4.5224349242355175e-08,0.0018985151533562584,5.7192249882373e-05,0.024254655255710692,4.88851670577492e-07,0.00040919054881857634,0.0002728714098736853,2.269216363394831e-06,1.2528182116741824e-05,2.4128405885284976e-06,1.6261462853276447e-05
1,4.358519600352637e-07,6.703766860953676e-07,1.2154215058723912e-05,0.00034582220172540816,4.3088597604602976e-07,0.010544112464568883,1.442588109963181e-06,3.202512190389516e-05,1.0318368933408934e-06,0.9592506040372802,4.5595280536967394e-08,1.9690587451952112e-09,5.7715925400744084e-08,4.320756905018708e-05,9.219383838759966e-08,0.004348086592085196,7.233815646220262e-05,0.024347846181479407,1.1283274547597152e-06,0.000573327390633555,0.00039171893807636154,3.232126283828114e-06,9.673623169526949e-06,3.6290779834386318e-06,1.6884963055507493e-05
2,5.223935726070381e-07,8.304717042793036e-07,1.0376650052654018e-05,0.0003587093944079013,7.78694163474538e-07,0.009835279242954902,1.7024530505599393e-06,3.350949590906321e-05,1.0532855445760453e-06,0.9552949406364462,5.858138703436901e-08,2.208036247267139e-09,6.72287912132275e-08,6.54803949320951e-05,1.2039863864859997e-07,0.003795923090185094,0.00011293031958045093,0.029186721202177243,9.820847553561407e-07,0.0008614322565622456,0.0003896544060102966,3.7659545368366876e-06,1.4878187441454299e-05,3.42071681221101e-06,2.6860252347322583e-05
3,4.5439672580671203e-07,7.052488644160061e-07,1.1285569152983247e-05,0.0004309834536214157,5.306416720223255e-07,0.011273790461974142,1.4442724581743254e-06,3.362655933889024e-05,9.674860871727692e-07,0.9534072178700803,6.008847910053952e-08,2.118452018017787e-09,6.245907245304511e-08,5.992397593207554e-05,9.032577347804105e-08,0.003732262644651023,0.00011136572467901434,0.029738686239595236,1.0400484363554522e-06,0.0007065997335498186,0.00044555189145482145,3.909154837503544e-06,1.4553872638669493e-05,3.9984818130604594e-06,2.0887280660076897e-05
4,4.993122993676351e-07,7.584118393393175e-07,1.1988009823590928e-05,0.00046666051922952356,5.790954344330239e-07,0.0117050107675715,1.5665781554017492e-06,3.513406657450892e-05,1.1114840298171802e-06,0.950540654906693,6.470675778687831e-08,2.5765147403580963e-09,7.857242733214335e-08,6.516463728845049e-05,9.852553667282053e-08,0.003958859862464512,0.000123652177775171,0.03178253187938592,1.1327467486050483e-06,0.0007632186891776692,0.0004938749687154462,4.380682873311881e-06,1.5550657178526975e-05,4.435044941802825e-06,2.2991120563529802e-05
5,4.296492358099478e-07,6.50763885982545e-07,9.937505696720582e-06,0.0004925431289997048,4.3930608065059823e-07,0.010101909811338707,1.2657430682810806e-06,3.0166443667035794e-05,8.623367149764764e-07,0.9511830329512972,5.525619855965114e-08,2.1272986703949894e-09,6.082179778876204e-08,6.188818279851505e-05,7.546233722631424e-08,0.003384130001964031,0.00011420240697295924,0.0334358673994454,8.68694509500573e-07,0.0007080182670013084,0.0004311134511105917,3.951050014403142e-06,1.420362582014902e-05,3.931455559278969e-06,2.0394157186357167e-05
6,4.5439672580671203e-07,7.052488644160061e-07,1.1285569152983247e-05,0.0004309834536214157,5.306416720223255e-07,0.011273790461974142,1.4442724581743254e-06,3.362655933889024e-05,9.674860871727692e-07,0.9534072178700803,6.008847910053952e-08,2.118452018017787e-09,6.245907245304511e-08,5.992397593207554e-05,9.032577347804105e-08,0.003732262644651023,0.00011136572467901434,0.029738686239595236,1.0400484363554522e-06,0.0007065997335498186,0.00044555189145482145,3.909154837503544e-06,1.4553872638669493e-05,3.9984818130604594e-06,2.0887280660076897e-05
7,4.556895966316961e-07,7.037697624782194e-07,1.1345721245493533e-05,0.0004290199436959882,5.302457434656759e-07,0.011282623536184234,1.4474677632424934e-06,3.362809790397223e-05,9.655411919373304e-07,0.9535288534293459,6.006418861360719e-08,2.1115677288320173e-09,6.242506872238267e-08,5.957752576863716e-05,9.01538722058973e-08,0.0037223332872069444,0.00011041201153213171,0.02962818079171147,1.041968116420566e-06,0.0007026161246600276,0.0004427975541488076,3.881498557268335e-06,1.4544889032004678e-05,4.008316550755483e-06,2.081783558483769e-05
8,5.809745120731567e-07,7.614990985033325e-07,1.2314090038512585e-05,0.0004422386873553645,6.85739825441631e-07,0.014098315450882058,1.5758647841978294e-06,3.898841582508968e-05,1.5170516949926417e-06,0.9341156258339811,7.460103270811947e-08,2.759856302364414e-09,9.51677929005483e-08,6.396630595405443e-05,1.4253575817208088e-07,0.005276074297166088,0.00017982416831831052,0.044196974804434144,1.4591489085311169e-06,0.0008740211650787111,0.0006426976705749531,6.487249791654124e-06,1.3693099140940365e-05,4.93025896561748e-06,2.6953159229518792e-05
9,7.834815303730257e-07,8.898306379614647e-07,1.2995589607325369e-05,0.0004175762980753975,9.919329562452418e-07,0.016326219895957433,1.7943373695428842e-06,4.989196435927769e-05,1.7144554118552773e-06,0.9251057239531745,1.0225098250763208e-07,2.759899618147688e-09,1.0056053851099687e-07,7.941804404657623e-05,1.739694358338115e-07,0.005587388589146429,0.00021562160540393595,0.05065174058501276,1.8522127913443536e-06,0.0009308428405815964,0.0005545125811980888,7.312816353904e-06,1.6655129742388405e-05,5.560197529372717e-06,3.0134118256942677e-05
10,4.5439672580671203e-07,7.052488644160061e-07,1.1285569152983247e-05,0.0004309834536214157,5.306416720223255e-07,0.011273790461974142,1.4442724581743254e-06,3.362655933889024e-05,9.674860871727692e-07,0.9534072178700803,6.008847910053952e-08,2.118452018017787e-09,6.245907245304511e-08,5.992397593207554e-05,9.032577347804105e-08,0.003732262644651023,0.00011136572467901434,0.029738686239595236,1.0400484363554522e-06,0.0007065997335498186,0.00044555189145482145,3.909154837503544e-06,1.4553872638669493e-05,3.9984818130604594e-06,2.0887280660076897e-05
11,4.7270641870911495e-07,7.221804726315243e-07,1.1705228716572578e-05,0.00044793020174329707,5.592568523533831e-07,0.01129222661406332,1.5279432538692423e-06,3.429667797077658e-05,1.0259807260622787e-06,0.9526700443165496,6.218316694237424e-08,2.371630218188336e-09,7.29965855296873e-08,6.147038301767924e-05,9.342478717138175e-08,0.0038624417925672166,0.00011673374854273966,0.030236268704070438,1.0753098328778467e-06,0.0007484951291147205,0.00046740867090341854,4.084725418666695e-06,1.5234024539566238e-05,4.285223707032477e-06,2.1760205348701278e-05
12,4.6300339852816157e-07,6.750052616232537e-07,1.734754594347721e-05,0.00046879874924208545,4.577655978215062e-07,0.01171132781355119,1.936530424864378e-06,5.478199854557436e-05,1.1223838168543206e-06,0.9562643644725078,8.539864025765412e-08,2.915089009789644e-09,6.392241957981591e-08,4.714040578319799e-05,1.1784129329097127e-07,0.005145816250665854,7.752310476417258e-05,0.025044574022426134,1.5624790762792689e-06,0.0006510399036052479,0.00047144497711361393,4.310542671720315e-06,1.3688926780587966e-05,5.519121061027593e-06,1.5834920320212276e-05
13,5.048002237776178e-07,8.787755524846566e-07,1.419674133231304e-05,0.0007413256370618283,7.111338535247103e-07,0.01214522217111502,2.005674241937999e-06,6.306353807711551e-05,1.1741971439187947e-06,0.9444519343098483,1.4175078045389955e-07,4.193081789124971e-09,8.120019382952348e-08,0.0001209838649747893,1.0597868620456744e-07,0.0038303561027645838,0.00015360144004499185,0.036822106933371394,1.2748689260660432e-06,0.0009998019496248929,0.0005832520299796817,6.294885857051546e-06,3.078093352375201e-05,6.099645228184213e-06,2.409724451218907e-05
14,5.503042659127076e-07,5.009969540779034e-07,3.7125146817516594e-05,0.0007881528688087014,5.495461297095993e-07,0.026628391078429393,1.8114377147131612e-06,6.016293259335247e-05,2.1390268825690754e-06,0.9162203193245817,8.689567731577631e-08,3.7630965915720186e-09,1.5582531516222887e-07,5.3086656311579193e-05,2.197661476018155e-07,0.007227486309803479,0.00022086592272453612,0.04647460003315828,1.384200108539402e-06,0.001021309206543431,0.0011907870824770532,7.427319754286669e-06,1.976871239229437e-05,6.362840562224559e-06,3.675280274992874e-05
15,4.5439672580671203e-07,7.052488644160061e-07,1.1285569152983247e-05,0.0004309834536214157,5.306416720223255e-07,0.011273790461974142,1.4442724581743254e-06,3.362655933889024e-05,9.674860871727692e-07,0.9534072178700803,6.008847910053952e-08,2.118452018017787e-09,6.245907245304511e-08,5.992397593207554e-05,9.032577347804105e-08,0.003732262644651023,0.00011136572467901434,0.029738686239595236,1.0400484363554522e-06,0.0007065997335498186,0.00044555189145482145,3.909154837503544e-06,1.4553872638669493e-05,3.9984818130604594e-06,2.0887280660076897e-05
16,2.7645958171667123e-07,5.546408711144644e-07,6.2915128307550045e-06,0.000322933043132851,3.3194026564150326e-07,0.0059752234478554316,1.1444716705222853e-06,2.61052366804964e-05,5.80634233672031e-07,0.9662842024528875,3.154731378374878e-08,1.860499820429176e-09,4.4592118899760203e-08,5.1056934568452595e-05,6.25888451578929e-08,0.0028137785548534417,8.615270124484882e-05,0.023366552384420994,6.883905335484018e-07,0.0005975742222562827,0.0004338733016842038,3.5520909776510927e-06,1.0074270064237838e-05,2.1656245851368888e-06,1.6747096023674547e-05
17,3.8307024033435437e-07,6.517119555297327e-07,8.027927190219257e-06,0.0005273019397100358,6.241249786009243e-07,0.008867934107128574,1.4093088725324398e-06,3.8085030676651485e-05,7.851551046031362e-07,0.9509938280319189,6.585975721267282e-08,2.618320773766076e-09,8.01752506043106e-08,9.185575361837111e-05,7.670496783145851e-08,0.0034392254177929692,0.0001825084946028539,0.03426884404614636,7.935671568458782e-07,0.0010187891139425576,0.0005038694882286347,5.124473133408892e-06,2.19568535826922e-05,3.6196980078785188e-06,2.4157327715030642e-05
18,3.8248365283338744e-07,5.636454746192679e-07,6.355747106805359e-06,0.0003386211207412609,5.751275559588329e-07,0.008003489858034637,1.1704480046452721e-06,2.0126482925331533e-05,6.957656056265535e-07,0.950004519210016,3.620103289216227e-08,1.6292259386578108e-09,6.058283208363378e-08,6.608518422364384e-05,7.2892228227596e-08,0.0024510496927558864,0.00015857796049772343,0.0377072222800932,5.526745317650653e-07,0.0007502390893252188,0.00043888433151404403,3.838827512494213e-06,1.4411899152553484e-05,2.3054707932769315e-06,3.016139516336096e-05
19,3.726362670825791e-07,6.524939918488765e-07,1.1666939330451395e-05,0.00045968341517717347,4.224561026322329e-07,0.008361879090503252,1.6905426360883523e-06,3.496794651669882e-05,9.342411218730957e-07,0.9607641435145637,4.745846928455287e-08,2.612663165372487e-09,6.257229313686843e-08,5.1136180048190996e-05,8.350764369562307e-08,0.003749893598053907,8.747013529065107e-05,0.025333662645633886,8.711692345231074e-07,0.0006283161852280545,0.0004741181646838632,3.853314079339917e-06,1.2021897889909427e-05,3.291470190783992e-06,1.8755812386888852e-05
20,4.138558481589189e-07,6.362792615303984e-07,1.2168594213844732e-05,0.00046574435982340813,4.187314135784921e-07,0.009612055587843005,1.5618542966403915e-06,5.352711831872131e-05,9.451576970650334e-07,0.9518498284429535,7.004979982235274e-08,2.75766399611887e-09,5.867303383479674e-08,6.010607299922472e-05,1.1888957161143205e-07,0.004258992570171773,0.0001155339620602253,0.03231328192873376,1.2241161216768407e-06,0.0007101791205747653,0.0005012453539846547,5.906380192687871e-06,1.315934799069881e-05,3.690879204243985e-06,1.91299162275751e-05
21,3.7564748550012704e-07,7.703348404579421e-07,9.034915534152293e-06,0.00044214504060309274,3.908797219002425e-07,0.0074602293171395755,1.3922635199872638e-06,3.590437905851696e-05,9.192158866830844e-07,0.9637965408739088,4.423097117177394e-08,2.456311053053317e-09,5.041217103291933e-08,6.0864863028355755e-05,7.055669597897835e-08,0.00440224010015688,6.267507906365187e-05,0.022697109836046944,8.88002014059719e-07,0.0006490297309870509,0.00034805322654746576,3.21702774175953e-06,1.0254910951387542e-05,3.1785037104852544e-06,1.4618195904211772e-05
22,5.526769093600935e-07,6.22691628575477e-07,1.1549144435584714e-05,0.0004130015261813512,5.463243246429522e-07,0.011742441729486294,1.245820700436062e-06,3.3748359083137156e-05,9.28620353294828e-07,0.9393300261006092,6.51598315555818e-08,1.6199776880598235e-09,5.318480134105645e-08,5.654426173394014e-05,1.0286117325459733e-07,0.003467333439015188,0.0001523185379909337,0.04365166285543174,9.407391153767944e-07,0.0006738922343734096,0.00041576315904245296,4.975984516220066e-06,1.4038209400462368e-05,3.7413668766605044e-06,2.3903393007836806e-05
23,4.5439672580671203e-07,7.052488644160061e-07,1.1285569152983247e-05,0.0004309834536214157,5.306416720223255e-07,0.011273790461974142,1.4442724581743254e-06,3.362655933889024e-05,9.674860871727692e-07,0.9534072178700803,6.008847910053952e-08,2.118452018017787e-09,6.245907245304511e-08,5.992397593207554e-05,9.032577347804105e-08,0.003732262644651023,0.00011136572467901434,0.029738686239595236,1.0400484363554522e-06,0.0007065997335498186,0.00044555189145482145,3.909154837503544e-06,1.4553872638669493e-05,3.9984818130604594e-06,2.0887280660076897e-05
24,3.937677006528889e-07,7.747275035259026e-07,7.726068451329334e-06,0.0004661343779812268,4.3571974563970984e-07,0.008772999139946629,1.1420899219516409e-06,3.050950838562779e-05,7.492469241309573e-07,0.9590454622529755,4.948881981508356e-08,1.9184061350076895e-09,5.162587492331391e-08,7.344344681820876e-05,6.06281993241905e-08,0.003236025804939562,0.0001009064860275395,0.027172911380861642,8.500847809830794e-07,0.0007080187784176395,0.00034387760341363566,3.4176566151008153e-06,1.377563925782436e-05,3.339485795809819e-06,1.694307223557259e-05
25,3.948929352245373e-07,7.882795084350425e-07,1.0400861362849364e-05,0.0006176206214008731,5.279637104900463e-07,0.009397097662345606,1.6070143785349683e-06,7.185331788075707e-05,7.980146715795386e-07,0.9572607796733377,1.1164604190302101e-07,2.6660753522778607e-09,4.751829072409252e-08,9.813635456238876e-05,7.456494377035308e-08,0.00410274386869089,0.00011424310465695331,0.027057648683739114,1.2238072274124046e-06,0.0008370707943259793,0.0003811989525608267,5.1382763427117215e-06,2.204790632639535e-05,4.70853259480773e-06,1.3735022088995472e-05
26,7.337948753930636e-07,7.814051073251571e-07,1.6525650443396496e-05,0.0005462135570972845,7.725316041630058e-07,0.018476854176866113,1.434016740789046e-06,2.959612581480987e-05,1.302262130031869e-06,0.9351061151185499,9.449343978679595e-08,2.019142338227509e-09,1.0026212666485603e-07,5.953288383726039e-05,8.326775683174325e-08,0.004095377820199615,0.00014870256446863347,0.040100801026957025,1.2866810253046845e-06,0.0008661516065713901,0.0004911144434277669,3.603946258572311e-06,2.1440001775516798e-05,8.803192650876772e-06,2.257715113331876e-05
27,4.767218010977774e-07,7.267336797425913e-07,1.1697284878471246e-05,0.0004720471371562504,5.019673496500452e-07,0.011612989998716568,1.452228690497483e-06,4.138728132866446e-05,1.0595893931885512e-06,0.9484182802074271,7.100982887993021e-08,2.379911367890697e-09,6.277683307622828e-08,6.532398727678529e-05,1.0219828949379528e-07,0.00415717064505928,0.0001242920475288776,0.033848711241508976,1.21769148840412e-06,0.0007251674628848084,0.0004736763329915326,5.084063227149429e-06,1.4143859410155257e-05,4.317216125248669e-06,2.0037937214702765e-05
28,4.5439672580671203e-07,7.052488644160061e-07,1.1285569152983247e-05,0.0004309834536214157,5.306416720223255e-07,0.011273790461974142,1.4442724581743254e-06,3.362655933889024e-05,9.674860871727692e-07,0.9534072178700803,6.008847910053952e-08,2.118452018017787e-09,6.245907245304511e-08,5.992397593207554e-05,9.032577347804105e-08,0.003732262644651023,0.00011136572467901434,0.029738686239595236,1.0400484363554522e-06,0.0007065997335498186,0.00044555189145482145,3.909154837503544e-06,1.4553872638669493e-05,3.9984818130604594e-06,2.0887280660076897e-05
29,4.5439672580671203e-07,7.052488644160061e-07,1.1285569152983247e-05,0.0004309834536214157,5.306416720223255e-07,0.011273790461974142,1.4442724581743254e-06,3.362655933889024e-05,9.674860871727692e-07,0.9534072178700803,6.008847910053952e-08,2.118452018017787e-09,6.245907245304511e-08,5.992397593207554e-05,9.032577347804105e-08,0.003732262644651023,0.00011136572467901434,0.029738686239595236,1.0400484363554522e-06,0.0007065997335498186,0.00044555189145482145,3.909154837503544e-06,1.4553872638669493e-05,3.9984818130604594e-06,2.0887280660076897e-05
30,4.5439672580671203e-07,7.052488644160061e-07,1.1285569152983247e-05,0.0004309834536214157,5.306416720223255e-07,0.011273790461974142,1.4442724581743254e-06,3.362655933889024e-05,9.674860871727692e-07,0.9534072178700803,6.008847910053952e-08,2.118452018017787e-09,6.245907245304511e-08,5.992397593207554e-05,9.032577347804105e-08,0.003732262644651023,0.00011136572467901434,0.029738686239595236,1.0400484363554522e-06,0.0007065997335498186,0.00044555189145482145,3.909154837503544e-06,1.4553872638669493e-05,3.9984818130604594e-06,2.0887280660076897e-05
31,4.6746105058809135e-07,5.932130577109405e-07,1.172251146618768e-05,0.0003548013921783378,4.1362751338275133e-07,0.008637347245814941,1.472521459100471e-06,4.034441840485564e-05,7.13785872546347e-07,0.9604728880546285,4.9503509231688846e-08,1.7464100066469765e-09,4.5702942424605054e-08,4.859994494857234e-05,7.527195584639863e-08,0.0029553437648747946,7.275320959731635e-05,0.026549477863524955,9.537576280877055e-07,0.0004995351653053802,0.0003169875541282081,3.097013923372619e-06,1.2563453216193858e-05,3.1992486183889234e-06,1.655256797128814e-05
32,4.7556154587849847e-07,7.314514988883671e-07,1.1393834587766503e-05,0.00041274548051912856,5.235504035895356e-07,0.011483568473382699,1.4603215417999338e-06,3.454018252656101e-05,9.87216414581955e-07,0.9532881861957971,6.169209754597532e-08,2.1617402858486504e-09,6.287957417569382e-08,5.939666108903082e-05,9.381132474430956e-08,0.0037301246451617236,0.0001095457831401201,0.029700707675587447,1.1660679175657362e-06,0.0006733274481428877,0.00044821059788085246,4.052230261652033e-06,1.4082697105939381e-05,4.121299899265084e-06,2.0432080858545967e-05
33,3.773676863497228e-07,6.20359722323303e-07,8.626119599918819e-06,0.0004795334183025387,4.745244833117252e-07,0.01104375560388568,1.161016021770991e-06,3.860790203585678e-05,7.637404012224393e-07,0.9531961721692427,6.766885996568072e-08,2.0605457851482875e-09,7.034107508631847e-08,7.448121385506072e-05,6.276972703510156e-08,0.003949176670668845,0.00014426615614534138,0.02976805093855166,1.0840860197048086e-06,0.0008165460259801266,0.0004335614600525684,4.5480396621711595e-06,1.766148415300432e-05,4.616341216683728e-06,1.5712522105270633e-05
34,5.379524492962435e-07,7.947621950131233e-07,1.2750477347356898e-05,0.0004357125997588863,5.874497292828644e-07,0.012532161658312231,1.5861555463824373e-06,3.6796389435576057e-05,1.1696785111515366e-06,0.9495993496853858,6.733108912671859e-08,2.3688106311522464e-09,7.043957280716857e-08,6.12490223202405e-05,1.0542909939608456e-07,0.00406256616003086,0.00011502804035857263,0.03191650270966409,1.2737972233281357e-06,0.0007035935857440242,0.00047289527785641385,4.268456395581008e-06,1.4379031895454077e-05,4.518434571634556e-06,2.203310669697183e-05
35,1.3462613149593933e-07,8.283005924515463e-07,1.0150692705935357e-05,0.0004883311106611859,9.425916922085823e-07,0.022381314411664296,1.1945652364756864e-06,2.1601801433182952e-05,4.883915516732719e-07,0.9638393649933741,1.1704818584024623e-07,1.9086309609314608e-09,8.111397726245392e-08,0.00012193978183991048,9.077025062485755e-08,0.004596147992945988,0.00015802486596435571,0.005700027892120542,9.966475926938146e-07,0.002095526823691956,0.0004853540799113885,2.2686104547994113e-06,6.773910103657485e-05,5.471328736046656e-06,2.186054961796205e-05
36,3.693661481343186e-07,6.507476225645917e-07,1.0384367538223264e-05,0.0003885181280777457,5.101721059899905e-07,0.012419306559310804,1.0990911166571127e-06,1.618807116518519e-05,6.989812286456494e-07,0.9588196815204267,4.875974022360497e-08,1.1554047889670113e-09,4.080545129244938e-08,5.1337548452766214e-05,5.5156137660503555e-08,0.002235796198550779,9.449176752986989e-05,0.02486433338485878,6.495318144169985e-07,0.0006294958271945712,0.00042258996834336623,2.1650691491930427e-06,1.7122727109929984e-05,3.837606405527244e-06,2.0627489116360384e-05
37,4.826892909884914e-07,5.567065438626239e-07,1.0571760845129154e-05,0.00041076654883366636,4.5473899114283305e-07,0.009077686369418596,1.3418058926291864e-06,2.5526860678856607e-05,7.64865596151881e-07,0.953925692647564,4.998308208582875e-08,1.6468358085309486e-09,5.52119864978259e-08,4.470508438277287e-05,5.9159977711432254e-08,0.003026386848667382,8.143175369899732e-05,0.03241525468688278,7.495417301024027e-07,0.000599688115611008,0.00034006865424635795,2.7348371860666476e-06,1.3169842061852862e-05,4.460602744966519e-06,1.733903725077048e-05
38,6.843361659173402e-07,7.888484559580261e-07,1.6318956299919507e-05,0.0002606293534071911,6.509887434458118e-07,0.01599280610596325,1.8211567767273279e-06,2.7058814786687597e-05,1.2410997487868968e-06,0.9548209026266243,5.782135211630699e-08,1.8205177681129388e-09,6.343171759030001e-08,4.072966207553112e-05,1.3703453006310567e-07,0.0042052731211996855,6.804410978801669e-05,0.023718477527125147,1.5937862733325722e-06,0.0004759159766609041,0.00032506566731188596,2.808003229105886e-06,1.0985533825878535e-05,4.679963415251481e-06,2.3264254005506213e-05
39,4.4809083045366595e-07,6.488548247036751e-07,1.2150339069289807e-05,0.0004238473057873108,5.128935293622813e-07,0.01197663809695408,1.4468336164050931e-06,3.466134441681355e-05,9.76568815351291e-07,0.9522759577138624,5.93071969271382e-08,2.128970022517048e-09,6.707265373638806e-08,5.531282609496203e-05,9.476708292394397e-08,0.0038882241502900205,0.00011795188502186121,0.02998612850463534,1.0875482998005623e-06,0.0006950571737657886,0.00048506944517477543,4.117670514562645e-06,1.438662757741702e-05,4.087371832504689e-06,2.106547918321581e-05
40,6.359176369846871e-07,9.159223961292078e-07,1.8476797681464783e-05,0.0003894819697711393,7.300809457536023e-07,0.014231560831614075,2.2310171003862264e-06,3.773495022645977e-05,1.5006007325379784e-06,0.9520493531510595,7.074870608358751e-08,2.996314113275449e-09,8.072616257176547e-08,6.250497593713476e-05,1.556596995518603e-07,0.003945741136366738,9.115386685861458e-05,0.028012191398838534,1.3874738410549467e-06,0.0006347210339441515,0.00046635350166280784,3.956350360225993e-06,1.5178364410267747e-05,4.3560948291494914e-06,2.952443290458305e-05
41,1.492839545685158e-06,1.4581465729619988e-06,2.9552295191482292e-05,0.000535135525880598,2.388009960391931e-06,0.01868211663179976,4.038441672381221e-06,5.124473090659128e-05,4.275862603884672e-06,0.9227961391871703,1.0974513351860541e-07,5.055091321389875e-09,2.1753547354489263e-07,6.42090541443418e-05,3.5100693173346425e-07,0.010619119098065635,0.00016317495448230703,0.045067440429915624,1.7562283564628014e-06,0.0013137385689418325,0.0005795323203001926,5.441431941052485e-06,1.7025452722762887e-05,7.809793917227384e-06,5.2227653278626676e-05
42,3.1704086988515447e-07,4.907490340466798e-07,1.2168784313132972e-05,0.0004266851718523004,2.9103810424947047e-07,0.010045111793904602,1.3709019843871865e-06,5.8074977826788046e-05,8.366740827102482e-07,0.9572424199394254,5.92551031581342e-08,2.6535784909866502e-09,6.210505478323669e-08,4.380839180524229e-05,1.0606280899305799e-07,0.005635622062826546,9.825488014262729e-05,0.025228113871428252,1.4840717815191972e-06,0.0006415062252919924,0.0005299631719079241,5.653815731649325e-06,1.0360580282577575e-05,3.884721465811654e-06,1.3351059393021396e-05
43,0.00350447392532885,0.0002865142347136877,0.006812968921907971,0.0622840420439928,0.001727454072337398,0.13068103500619613,0.0008591690392821433,0.0014504589329238679,0.005758790727537081,0.02303147432306713,0.0003015026243104543,1.1236146787949841e-05,2.5092623440670965e-05,0.011536821217369687,5.6295202789453384e-05,0.05060247688387907,0.0007214887465409583,0.6870953671432497,1.8200772396971607e-05,0.0046259670664560845,0.00023226841828335976,1.5537248759856674e-05,0.0002164415547439983,0.0005978806543458443,0.0075470424693586825
44,4.5439672580671203e-07,7.052488644160061e-07,1.1285569152983247e-05,0.0004309834536214157,5.306416720223255e-07,0.011273790461974142,1.4442724581743254e-06,3.362655933889024e-05,9.674860871727692e-07,0.9534072178700803,6.008847910053952e-08,2.118452018017787e-09,6.245907245304511e-08,5.992397593207554e-05,9.032577347804105e-08,0.003732262644651023,0.00011136572467901434,0.029738686239595236,1.0400484363554522e-06,0.0007065997335498186,0.00044555189145482145,3.909154837503544e-06,1.4553872638669493e-05,3.9984818130604594e-06,2.0887280660076897e-05
45,5.396997256779276e-07,6.859830934406785e-07,1.5275263985117883e-05,0.00045403099360885233,5.367021830144128e-07,0.012778300111086587,1.702894448521345e-06,4.728913739239145e-05,1.179905736028866e-06,0.9482305380397704,7.57923604371581e-08,2.5222354611623408e-09,6.949510876270177e-08,5.33850254982453e-05,1.292519097271776e-07,0.005078130101950995,0.00010765085603753406,0.03204089550906018,1.366614199956205e-06,0.000708065687707198,0.0004365424574083938,4.7797138734833255e-06,1.3410035784283221e-05,4.8146807669543145e-06,2.0603525068443784e-05
46,4.168163435566471e-07,5.386983406321171e-07,1.2063596856131777e-05,0.0007568245852035921,5.198269283501404e-07,0.018308982674800137,1.051300189485704e-06,4.618885518446823e-05,9.048038945964998e-07,0.9292650507018516,9.501236094379227e-08,2.5449458736412586e-09,1.2788607837749413e-07,8.198640833980153e-05,9.533767446629996e-08,0.004871010161506931,0.0004061543136689866,0.04417361518454989,1.2973276971619875e-06,0.001215983189787302,0.0007914208296653173,8.534690095436389e-06,2.646571350165972e-05,6.281716820395513e-06,2.4387823714950417e-05
47,5.433862328123534e-07,7.10900648465527e-07,1.0930505981245967e-05,0.00037750259729885213,6.060507502869112e-07,0.011098062922870293,1.5453858936232196e-06,3.170980163911213e-05,1.2620162148750758e-06,0.948084490351544,4.981729730514086e-08,2.57287637651498e-09,9.787503391850422e-08,4.985154482627034e-05,1.1963621862072925e-07,0.005328421352220012,0.0001282010919482416,0.033532387047588826,1.2227680142351721e-06,0.0007925732679729327,0.0005156325448564077,4.636460461340554e-06,1.1062711252553981e-05,4.204705318036206e-06,2.4172685041419625e-05
48,4.2922747843961115e-07,7.512679190671565e-07,9.440308620573275e-06,0.00037422805532264555,4.5488347602763426e-07,0.012692396257918199,1.2199315808693323e-06,3.3337797778440995e-05,8.550154981679424e-07,0.9562114252676875,6.36442530250926e-08,1.8267836269767392e-09,5.760858356705919e-08,6.155685964073703e-05,7.125561839667751e-08,0.0035482606031054832,0.00010548078920642942,0.025918746862728326,1.474202758302806e-06,0.0006008368409971253,0.000401690794521542,3.7539343918509357e-06,1.3693273593774683e-05,4.575497250584489e-06,1.5197993287137657e-05
49,3.8330945685155334e-07,6.194671479064882e-07,1.178759544219133e-05,0.0004486153857320336,4.256424321045733e-07,0.010734416898718473,1.3695553532572769e-06,3.1714595318101545e-05,8.194574221870952e-07,0.9577490843253527,5.5953318013188555e-08,2.1099024233374417e-09,5.778417676724847e-08,5.703322562978021e-05,7.939582978251576e-08,0.00324478554053001,9.648032996950986e-05,0.026485286105561712,9.066971466593408e-07,0.0006536235276229638,0.000440440096420609,3.552204440327019e-06,1.5075224160422756e-05,3.807310690920685e-06,1.957826222448989e-05
50,3.8143785274062157e-07,6.237699380623388e-07,9.607740106996113e-06,0.00035461578419910926,4.651983197436201e-07,0.009101132987466532,1.41601053816332e-06,3.13213710938328e-05,7.406042258549723e-07,0.9616446363999321,4.87160991332208e-08,1.8389027714960712e-09,5.028503292925701e-08,5.459902229258049e-05,7.825144193850156e-08,0.003126248745218645,8.876764833496621e-05,0.02456831755470719,8.869580412637442e-07,0.0006083109307574584,0.0003691300372387922,3.2826285672090673e-06,1.3326967064368347e-05,3.103111070905908e-06,1.8906001556706886e-05
51,4.4653835646654177e-07,5.056932388098377e-07,1.3155948427589416e-05,0.00033041597728559216,8.028415585933374e-07,0.013975336492450582,1.7080635205249311e-06,2.6327022546343048e-05,1.010087510608016e-06,0.9518796534498639,6.08023254129673e-08,1.9718107483489503e-09,9.953659419479088e-08,4.532774902197388e-05,1.0353740238421102e-07,0.004450041016221791,0.00013573463887392055,0.027700096065799887,9.67418194825433e-07,0.0008517044730694981,0.0005331118286700701,3.4433750976626433e-06,1.8492579745940777e-05,4.961234011044289e-06,2.6491658401553415e-05
52,1.345820576224417e-07,1.330166126425382e-06,1.4587586494642268e-05,0.0009285930049301537,4.455333589887679e-07,0.0038005802373396445,4.295158384169291e-06,4.7994280812755815e-05,6.183781935155009e-07,0.987074900613703,3.711573903750894e-08,7.623967437912634e-09,7.611176813928843e-08,4.7382053825341185e-05,3.549711829772633e-08,0.002926381036286058,4.37760466098963e-05,0.002932001366450383,8.831984251815716e-07,0.0009450029244739422,0.0011842566393607601,1.6298096353359423e-06,3.13597627178173e-05,3.5047790998386744e-06,1.0186493121459521e-05
53,3.3577620124894874e-07,5.863091211326796e-07,1.1509478354054382e-05,0.00038215275474606103,6.88969631348503e-07,0.0070719459675103935,2.6423621106815412e-06,3.725586206903692e-05,8.222861988643735e-07,0.9675724539611249,5.994153974111209e-08,2.7858439085557793e-09,5.8531310699065916e-08,5.3245808548972136e-05,9.352342389565375e-08,0.0035003679926735474,7.020003228141648e-05,0.020117085660635966,7.052903292929795e-07,0.0007359652677051586,0.00039623223111681183,2.931949714287269e-06,1.738098280299588e-05,3.2786790077203382e-06,2.199759599814354e-05
54,4.472713920026139e-07,8.598427235512294e-07,9.316792913935338e-06,0.0002908969355554455,4.39664507179636e-07,0.008632764962381021,1.4310912567422956e-06,2.268880858620601e-05,8.104023967531543e-07,0.9667650067220871,3.439679214842335e-08,1.7871433705315767e-09,3.483119624796619e-08,5.753022673026414e-05,1.0385316410075404e-07,0.0027790937723428982,5.580704744733658e-05,0.020615125607361895,8.023963687228915e-07,0.0004515946565340504,0.000276283672239634,2.5856552736556907e-06,9.483102344910897e-06,2.0423092529413492e-06,2.4814192008164945e-05
55,2.4999384487093706e-07,4.971685530291713e-07,7.21298331901147e-06,0.0002819995712654853,3.735269278343846e-07,0.008909845393675514,8.83076776483359e-07,2.8318895206927293e-05,3.526211439278014e-07,0.9698801408285459,4.924275435109497e-08,8.572963501236578e-10,2.392649974136404e-08,5.58590598105876e-05,5.343504666937216e-08,0.002128501284472596,9.422143660880748e-05,0.017727849048597918,7.052819677031466e-07,0.0005703602110803187,0.00027691722577051524,2.6907671471899527e-06,1.6900549470072212e-05,2.3331567461706902e-06,1.366045747191965e-05
56,4.780805006768824e-07,7.247490526467306e-07,1.1847769503286668e-05,0.0004456238441738451,5.501297055200687e-07,0.011424612127878838,1.533610013653124e-06,3.472498663722363e-05,1.0322482065884145e-06,0.9524721917559753,6.258377593734155e-08,2.3866202515994094e-09,7.157816854514235e-08,6.150461020909953e-05,9.507238802278896e-08,0.003825368950555799,0.00011504876006433441,0.03036167091217734,1.1020645633989988e-06,0.0007279713909892116,0.0004684666168698643,4.121439741658509e-06,1.5081897542823094e-05,4.2701744760240925e-06,2.1842260210023805e-05
57,3.728462415227241e-07,6.176442727775933e-07,9.684555474659456e-06,0.0004157927867611737,4.78194135475654e-07,0.009252760459565957,1.5266675686028685e-06,3.71702162351039e-05,9.388009033379106e-07,0.9575555434949975,5.056084995120423e-08,2.8291480617220237e-09,8.863515923862788e-08,5.687353033119258e-05,9.17651703677914e-08,0.00436749304094756,0.00011793852495527,0.026827587944989798,1.09043052654845e-06,0.0007979982971394212,0.000514515233579098,4.50846684279542e-06,1.3227229588790976e-05,3.7074057645972806e-06,1.9940438851120363e-05
58,5.28130945897876e-07,7.54957161238943e-07,1.311338755031265e-05,0.00048200888869309434,5.805626216976269e-07,0.012838488951311521,1.6282328907657966e-06,3.664422130503505e-05,1.1336609446380384e-06,0.9499298131177591,7.351529518038871e-08,2.5604230809517174e-09,7.702806479644331e-08,6.237860633077131e-05,9.229386534763483e-08,0.004121160496305373,0.00011010236727317674,0.031147609432810947,1.256166254955809e-06,0.0007270962671038283,0.0004791114725036583,4.009300161858526e-06,1.6259561781330535e-05,5.418952459330057e-06,2.0657868182944748e-05
59,4.834639510476043e-07,7.057356084291329e-07,1.3362462053090493e-05,0.00046494147945232964,5.311873726129147e-07,0.01238744492938159,1.5302181152255214e-06,3.527239335354161e-05,1.0310269458803315e-06,0.9524633197798048,6.957622074512858e-08,2.2786735205260057e-09,6.767185760196627e-08,5.649456750372272e-05,9.027504064713772e-08,0.0039304990455799734,0.00010410271178421414,0.029309957281880142,1.156756060162016e-06,0.0007121052466751175,0.00047270542959673847,3.8111280662442498e-06,1.5644910192332845e-05,5.059185553222141e-06,1.9611259277110313e-05
60,4.5439672580671203e-07,7.052488644160061e-07,1.1285569152983247e-05,0.0004309834536214157,5.306416720223255e-07,0.011273790461974142,1.4442724581743254e-06,3.362655933889024e-05,9.674860871727692e-07,0.9534072178700803,6.008847910053952e-08,2.118452018017787e-09,6.245907245304511e-08,5.992397593207554e-05,9.032577347804105e-08,0.003732262644651023,0.00011136572467901434,0.029738686239595236,1.0400484363554522e-06,0.0007065997335498186,0.00044555189145482145,3.909154837503544e-06,1.4553872638669493e-05,3.9984818130604594e-06,2.0887280660076897e-05
61,4.822376761006955e-07,7.076304583418656e-07,1.3223885986274597e-05,0.0004552073298970602,5.37676450435196e-07,0.011874200152177466,1.5946434609464486e-06,3.5025035000768855e-05,1.009709631058298e-06,0.9534067457475021,6.831018691051263e-08,2.3084441939451943e-09,6.665830522534035e-08,5.670586706517874e-05,9.113234829002107e-08,0.0037483095365971925,0.00010264745234243628,0.029100824438078876,1.1219287993605861e-06,0.0006912334931374496,0.0004656531123617488,3.8004075768253354e-06,1.5683350705573986e-05,4.818693344385649e-06,2.0239262465622275e-05
62,4.5439672580671203e-07,7.052488644160061e-07,1.1285569152983247e-05,0.0004309834536214157,5.306416720223255e-07,0.011273790461974142,1.4442724581743254e-06,3.362655933889024e-05,9.674860871727692e-07,0.9534072178700803,6.008847910053952e-08,2.118452018017787e-09,6.245907245304511e-08,5.992397593207554e-05,9.032577347804105e-08,0.003732262644651023,0.00011136572467901434,0.029738686239595236,1.0400484363554522e-06,0.0007065997335498186,0.00044555189145482145,3.909154837503544e-06,1.4553872638669493e-05,3.9984818130604594e-06,2.0887280660076897e-05
63,4.5419652455012415e-07,7.674045953141067e-07,1.0935832272699408e-05,0.0004220488443774997,5.132391612681571e-07,0.010788588676482531,1.4227521412093523e-06,3.204008222090206e-05,9.363252107009169e-07,0.9560155176805835,5.773809501570238e-08,2.110905514419735e-09,5.856595736989392e-08,6.106667810858494e-05,8.842101195212353e-08,0.0034755313925001288,0.00010482044861225446,0.02793266930974839,1.0510501694002472e-06,0.0006729953116868149,0.00043607533987328925,3.778676793455592e-06,1.4180101622845335e-05,3.7967537617642927e-06,2.0603067582840883e-05
64,4.05844041089329e-07,6.747741660698519e-07,1.1317840067827915e-05,0.00043215305094523957,4.901131069433863e-07,0.010773560017340212,1.45020002920422e-06,3.1509926391691066e-05,9.359229775824984e-07,0.9560170792903295,5.447875568386153e-08,2.2799071663016753e-09,6.682916982036275e-08,5.771727825093364e-05,8.529931171606142e-08,0.0035378062618608695,0.00011152615611650041,0.027744227805783003,9.95386808217594e-07,0.0006997911090699596,0.000534783643559324,3.948535829010539e-06,1.4695455366049029e-05,3.873171738063324e-06,2.0849329078219566e-05
65,1.4848370008211825e-07,3.709540958055877e-07,5.551917737731163e-06,0.0002313781977702709,2.1936819635210678e-07,0.004589548070551635,8.878396228630144e-07,2.0217616234912853e-05,2.1932627325284892e-07,0.9815886503058333,2.0332719079460208e-08,8.111400528745711e-10,1.7730590418532356e-08,3.8930664411776697e-05,3.5343440235082714e-08,0.0013599838630501254,4.7511138059181295e-05,0.01142749552919028,3.5978098913766143e-07,0.0004203581920161697,0.00024199593693476597,1.5701462784117742e-06,1.1351205563018481e-05,1.1559038359357421e-06,1.2021341765346562e-05
66,4.587092126952739e-07,6.408079251111202e-07,1.226138670921661e-05,0.00036502722024091283,6.362512704375635e-07,0.012285488019512718,1.4164815828936113e-06,2.5949147156340778e-05,9.27723132041821e-07,0.9547983663240076,5.707361873701478e-08,1.7327048939433562e-09,7.211493157714145e-08,4.742668783374947e-05,8.805507469512018e-08,0.0035231259585397595,0.00011884524058709868,0.027524965993907836,9.621024590740972e-07,0.0007716628970424737,0.0004756951222985778,3.254063371363212e-06,1.5917722565788886e-05,4.475386176303809e-06,2.22777781383082e-05
67,6.713326970160488e-07,1.0296061797818103e-06,1.4178836241864224e-05,0.00035926676633527867,6.437289268950258e-07,0.009034871003457663,2.468094758667207e-06,4.8466850384725256e-05,1.4908843705993083e-06,0.9531781573559373,6.765301045463503e-08,2.7559561972216754e-09,4.659180134507858e-08,5.0054428082700885e-05,1.5731207926439344e-07,0.004393812779907673,7.437779826741583e-05,0.03188214439449424,1.4778541392538903e-06,0.000501844915030245,0.0004156801075224702,4.725886416778044e-06,9.128701096872248e-06,3.4589219285717675e-06,2.177544097665487e-05
68,3.5418329273544005e-07,5.657896238112862e-07,1.1149715610076053e-05,0.0005346360985806995,3.0450394193551434e-07,0.00921298622420745,1.1445780744867035e-06,2.9052051655531885e-05,7.773924087480786e-07,0.955945875320612,4.329523464306078e-08,1.879860668022938e-09,4.534144176816295e-08,5.418564328521074e-05,4.856223240782178e-08,0.002778384032980567,7.910258614649838e-05,0.030284983614688548,6.823549203064772e-07,0.0005311173780872973,0.0004994290705158941,3.0632137770551428e-06,1.3059339244114915e-05,3.5299113950080746e-06,1.5477918182259304e-05
69,4.4445295878980626e-07,7.027928263700063e-07,1.1515845752553058e-05,0.00044389044947315055,5.313614380871397e-07,0.011308673184987739,1.4654606370218855e-06,3.458918275553824e-05,9.494079291883675e-07,0.9543659049202072,6.279090194923742e-08,2.1716544722983063e-09,6.325251584966889e-08,6.025474055274201e-05,8.811219916571266e-08,0.003755373165121026,0.00010961644512399078,0.028681656224547394,1.0544028528955383e-06,0.0007255257778646326,0.0004540270958101563,3.837730839229176e-06,1.5341198726988574e-05,4.207689122759774e-06,2.0222143201234705e-05
70,4.3907164557103844e-07,7.562695451359951e-07,1.1400534379208199e-05,0.000403390472641063,5.335310291256253e-07,0.01393387867326465,1.4424793045374162e-06,2.877970174213318e-05,9.601569428637273e-07,0.9543460346714943,7.223882598746946e-08,2.1172820890953775e-09,6.348933192810304e-08,5.9104319536500695e-05,7.889251641661803e-08,0.0033514896230974855,0.00011144907769445983,0.026497676734746806,1.4125247436675574e-06,0.0006342621519606427,0.0005720452194820756,3.728634468627985e-06,1.690783462529915e-05,5.38746284514103e-06,1.870411685420183e-05
71,3.180385322755607e-07,7.798169171246056e-07,6.059573106924509e-06,0.0003729410719446292,7.644647230606408e-07,0.006001885864127186,1.4460526691325487e-06,2.4782066638820134e-05,6.943249133390441e-07,0.9702577326469516,3.7925954561750745e-08,1.974657247189062e-09,6.921758945682683e-08,6.489448143357202e-05,5.970977531665812e-08,0.003652917856979768,8.995975982966815e-05,0.01791708848425575,5.767960064063957e-07,0.0012168588923456183,0.00034939131952428935,2.177407580040702e-06,1.6317992083176572e-05,2.908420570799112e-06,1.933584088999397e-05
