,0,1,2,3,4,5,6,7,8,9,10,11,12,13,14,15,16,17,18,19,20,21,22,23,24
0,0.0003147821758676566,1.8951981644066264e-06,2.855287046533541e-05,0.0002949366006004948,2.110176806717379e-06,0.0027203455750006594,0.003758548501262893,0.0017761641466058303,0.007458762358053068,0.970172663265541,2.189099971119524e-06,7.555624705536672e-08,6.96204228874015e-05,7.235598541325963e-05,9.511419733336528e-06,0.00824613476137946,0.0004395349847347391,3.3455636914578455e-05,0.0004736636714399553,0.002922538672812749,3.340251118383583e-05,0.001109145852082107,1.1263794631676483e-05,2.9009187879997512e-05,1.933757432085857e-05
1,0.0004380145973924376,2.2398042573965637e-06,2.855145963648921e-05,0.0003861639856514446,2.448993863302036e-06,0.00175746865174418,0.003528520531904868,0.0019706943685781266,0.01078467518005639,0.9693899331993152,2.6049434849817197e-06,6.019406561591344e-08,7.102466056275817e-05,6.679733488061654e-05,8.56784861656173e-06,0.007938892130429937,0.0005222781153284713,3.117905214716955e-05,0.000390768627801278,0.0016374311002743073,2.545323861392365e-05,0.0009554265103474853,9.985334966283904e-06,3.329480422629638e-05,1.7525331854621676e-05
2,0.000396758968686714,1.840537751280907e-06,2.8734794914404876e-05,0.0003355740546233721,2.3072036495876284e-06,0.0015601225594032912,0.003700434822898322,0.0019675496319686374,0.009884432891630119,0.971852187653208,2.2480695603604543e-06,5.243142445955758e-08,5.5942241463241384e-05,7.99927040781437e-05,9.898023198909728e-06,0.005409740168152734,0.0004371475664992291,3.331783763016849e-05,0.0003668435272890213,0.0024353069725139968,2.857614677703869e-05,0.0013378963697453638,1.2432851470605275e-05,3.586945669180946e-05,2.479251477131528e-05
3,0.0004715959272370707,2.6259783564313085e-06,3.330956195664355e-05,0.0004502814595642617,2.5840716627394516e-06,0.0021264989034937933,0.004277537945923012,0.0021862977819337224,0.010323063044747267,0.9681976250176071,3.0899701600785947e-06,7.831296194991236e-08,8.345963981775859e-05,9.177066287741333e-05,1.0421542229673243e-05,0.0072484311214290635,0.0006516450625757205,4.041018109065636e-05,0.0004101229305689256,0.0020296532340618122,3.4525135157769944e-05,0.0012509541800192424,1.3445832940477578e-05,3.6789328368977384e-05,2.378317325863269e-05
4,0.00047934047691219916,3.1236019242195097e-06,3.504680840574937e-05,0.0005097770552584572,2.9987864213291216e-06,0.0022630755123988367,0.004570977424150405,0.002239255173775633,0.010675448392762745,0.9664037070480236,3.7549352116381404e-06,1.0323602003045195e-07,0.00010869690154814644,0.00011119574753384932,1.0356653044537179e-05,0.00784178108595654,0.0007516208263111348,4.75130588439617e-05,0.000428786639018892,0.002079253154151266,3.783947863956281e-05,0.0013194239313977865,1.4654490599318724e-05,3.6543129259058574e-05,2.5726452431218314e-05
5,0.0004525709345160719,1.7977075686853942e-06,2.805503570948229e-05,0.00045362891650872186,2.069238952292557e-06,0.001606518482651167,0.003765219111872614,0.0019070911612225027,0.009450597663647411,0.9715616187799139,2.511494504659211e-06,6.389552224639666e-08,6.62787033071391e-05,8.918862198844602e-05,7.82467309679673e-06,0.006331093157643341,0.0005985311268013523,4.794547682010971e-05,0.00028843919323408816,0.0021473505996690056,2.8716556868111798e-05,0.001085009654386379,1.2829834019565292e-05,4.0355654689250006e-05,2.469432488687173e-05
6,0.0004715959272370707,2.6259783564313085e-06,3.330956195664355e-05,0.0004502814595642617,2.5840716627394516e-06,0.0021264989034937933,0.004277537945923012,0.0021862977819337224,0.010323063044747267,0.9681976250176071,3.0899701600785947e-06,7.831296194991236e-08,8.345963981775859e-05,9.177066287741333e-05,1.0421542229673243e-05,0.0072484311214290635,0.0006516450625757205,4.041018109065636e-05,0.0004101229305689256,0.0020296532340618122,3.4525135157769944e-05,0.0012509541800192424,1.3445832940477578e-05,3.6789328368977384e-05,2.378317325863269e-05
7,0.0003354580140399365,1.7940852820796877e-06,2.140476140485728e-05,0.0003900305187363284,2.0295106401675006e-06,0.0020037104524856264,0.0036683769155006355,0.0014737076646476875,0.009878350853151105,0.971027219916035,2.368212148759991e-06,6.002022423340855e-08,4.93007901209997e-05,9.564212757153488e-05,9.616965478653552e-06,0.006951241596672017,0.0005703213557014739,3.655976623752942e-05,0.0002707354660940243,0.0019930347685677683,2.9907617125718688e-05,0.0011112319200199587,1.466228327828911e-05,3.658697268784561e-05,2.6647446147798773e-05
8,0.00048167428111110843,2.7444944049235075e-06,3.391850474073616e-05,0.0004569389209740606,2.651371399761819e-06,0.0022260275764642346,0.004408593578057622,0.00226715410847082,0.010370428412890141,0.9673917102524253,3.1722232785574957e-06,8.402169003481063e-08,8.865925335812896e-05,9.277181296606224e-05,1.0491375295207253e-05,0.00757100244707438,0.0006784478853166417,4.1705056036934676e-05,0.00043058786663502987,0.002067472171431055,3.565364103416151e-05,0.0012648714271134686,1.3679725503322924e-05,3.574391554423675e-05,2.381567678418983e-05
9,0.0003916702235133849,1.517070564162763e-06,3.275327758357478e-05,0.00041927273675311565,1.8381031293958912e-06,0.0013662377352367885,0.002279076321316644,0.0016015615335152756,0.008995433428618778,0.9764606682137705,2.3532619850931364e-06,4.0331836965770185e-08,5.025330449557996e-05,8.045314903058765e-05,7.723845129520184e-06,0.004591866371732135,0.0005022780122361926,2.976829786466596e-05,0.00025086570062425817,0.0017711996046742154,2.4161490565219697e-05,0.001062292842169204,1.0331168695508822e-05,4.910670837880784e-05,1.7277266580337832e-05
10,0.0004715959272370707,2.6259783564313085e-06,3.330956195664355e-05,0.0004502814595642617,2.5840716627394516e-06,0.0021264989034937933,0.004277537945923012,0.0021862977819337224,0.010323063044747267,0.9681976250176071,3.0899701600785947e-06,7.831296194991236e-08,8.345963981775859e-05,9.177066287741333e-05,1.0421542229673243e-05,0.0072484311214290635,0.0006516450625757205,4.041018109065636e-05,0.0004101229305689256,0.0020296532340618122,3.4525135157769944e-05,0.0012509541800192424,1.3445832940477578e-05,3.6789328368977384e-05,2.378317325863269e-05
11,0.00048473845605324174,2.8678718638824654e-06,3.547234220953383e-05,0.0004783152102676914,2.7146330880801534e-06,0.0022475423667643506,0.004461859297981318,0.0023616778041896528,0.01043294587634776,0.9668912726178694,3.3302337062207897e-06,8.952585719877439e-08,9.672858445194395e-05,9.530122158209546e-05,1.0644691182783617e-05,0.007734978247251227,0.0007120024037798468,4.278943585103747e-05,0.00043778018529627585,0.0020662930054933144,3.581314927990864e-05,0.0012911766051333256,1.3574826506880611e-05,3.650773908296747e-05,2.3583668910055212e-05
12,0.00046651483477332947,2.3557181220886484e-06,3.2292298174955127e-05,0.00040281618459975867,1.928850072456017e-06,0.0018161136147507196,0.003899288559773911,0.0025364432908188787,0.01004653424362264,0.9695565513382408,2.7607700808178914e-06,6.517299129555966e-08,7.927053489744423e-05,6.71610444913223e-05,1.0147611453680737e-05,0.006892897337625948,0.0006636070837950596,3.07408653642671e-05,0.00043493036097511556,0.0016162861564091274,3.0162238802811632e-05,0.001348947123431401,1.0168180531814065e-05,3.4425497854454795e-05,1.7591088345794742e-05
13,0.00040752113084946206,1.9014571791703382e-06,2.7898561023639294e-05,0.000329490931049991,1.8509990021584535e-06,0.001854713594048656,0.003850021462137518,0.0019179111139647081,0.008881180951175011,0.9723348190741333,1.8053326386153386e-06,5.468228158512792e-08,5.3563718931147614e-05,6.86508105909977e-05,8.440048646382709e-06,0.006124374317219221,0.0005050482291440173,3.549530548226325e-05,0.00033628864517876693,0.0020361037673795692,2.6911496293340192e-05,0.0011319887000111177,9.937101621325338e-06,3.1448029002205335e-05,2.2580541015937197e-05
14,0.00027528609601413823,5.275217780746871e-07,1.9602255984572345e-05,0.000564183902291347,8.84830823414738e-07,0.0006818863413457435,0.0022891907973640094,0.001753873865268595,0.012633399113520107,0.9745867327743394,1.0597973431082584e-06,1.81099384568714e-08,2.396290775347052e-05,6.089794895752069e-05,5.17259411677197e-06,0.0037198418423533652,0.0006026121822653617,3.177399646030083e-05,8.02659867461902e-05,0.001597818324672676,1.4100824657457224e-05,0.000969996931915534,1.1387144837473442e-05,5.4513595400013314e-05,2.1010313853160123e-05
15,0.0004715959272370707,2.6259783564313085e-06,3.330956195664355e-05,0.0004502814595642617,2.5840716627394516e-06,0.0021264989034937933,0.004277537945923012,0.0021862977819337224,0.010323063044747267,0.9681976250176071,3.0899701600785947e-06,7.831296194991236e-08,8.345963981775859e-05,9.177066287741333e-05,1.0421542229673243e-05,0.0072484311214290635,0.0006516450625757205,4.041018109065636e-05,0.0004101229305689256,0.0020296532340618122,3.4525135157769944e-05,0.0012509541800192424,1.3445832940477578e-05,3.6789328368977384e-05,2.378317325863269e-05
16,0.0003355431055616347,1.5677655711397918e-06,1.9520422872204775e-05,0.0003669855652724093,1.7274622532775688e-06,0.0014710897511697268,0.0037551930445909195,0.0013333795064490496,0.006188825231354299,0.9767755800733176,2.2131845768375383e-06,7.138907640372546e-08,4.919958911364801e-05,9.550586741130737e-05,7.1260863338247845e-06,0.00571368736350623,0.00048576982295973594,4.866424032322462e-05,0.00024893932933818,0.0019303713819983797,3.984360269653206e-05,0.0010614638555783305,1.1985922348451147e-05,2.9080454621814003e-05,2.6665981704687387e-05
17,0.0006547857236299543,3.099307539299947e-06,3.549275995978273e-05,0.0005134159197704529,2.787363129908317e-06,0.0019364565606801729,0.005137772798690297,0.0028322970856140242,0.009699646276066287,0.9652109524970434,3.5360593113301487e-06,1.597661787297735e-07,0.00012715297506554117,0.0001398972933604735,8.300822675593937e-06,0.007337019204180847,0.0009858767211069928,9.255549352756454e-05,0.000463904029438993,0.0029731713435186026,4.7253700762541226e-05,0.0017011284283785701,1.9497046344588828e-05,3.355823172175207e-05,4.0282592304689756e-05
18,0.0004467431741165334,2.198990424021684e-06,1.9839484991317937e-05,0.00032566394151988616,1.522802862013888e-06,0.001715807307756277,0.004080868086899178,0.0015772128330504044,0.009480714665591987,0.9714312206345335,2.373027045057842e-06,9.565521186629059e-08,6.431789937799623e-05,0.00011388238370565777,7.333112997867497e-06,0.0057152616323687365,0.0008564512529025233,6.451306364919007e-05,0.0002773302196847496,0.002145332599091222,2.9802501862428914e-05,0.0015515935377036086,1.4967214862464112e-05,3.332191508369103e-05,4.16320627076771e-05
19,0.00047799568899832676,2.992011938342189e-06,4.2314570304992266e-05,0.0005874633671033415,3.5119666772172616e-06,0.002177115080924708,0.0055061663170076205,0.003054704322728796,0.011285700505189606,0.9630656578483194,3.6206767705635604e-06,9.88486288552457e-08,0.00012365012109735396,0.00010219598451685075,1.1617818323100564e-05,0.008454648032569175,0.0006973299660034565,4.5581836590401646e-05,0.00048368496107478547,0.002352759036889534,3.770928952082033e-05,0.001410466614423818,1.3817780292761866e-05,3.601389244544731e-05,2.3183461660823795e-05
20,0.0003699110831058067,2.70221323255982e-06,3.572755572348993e-05,0.0004906193468007075,2.652388378499294e-06,0.002279539605322136,0.005506215147314332,0.0027650796497501566,0.010272834984850574,0.9662220447907734,3.5450040404811204e-06,7.020959029792894e-08,7.849494127452886e-05,9.056004276014268e-05,1.8829311312847766e-05,0.006787912370175296,0.0006109122318888175,2.7646574214614997e-05,0.0004682786909958066,0.0020300667719999783,4.679732822042976e-05,0.0018119450749717997,1.5669779019774556e-05,3.8256901030603076e-05,2.368800325277287e-05
21,0.00044273486005133334,2.2623777411998055e-06,2.6417145575719395e-05,0.00037775382571385383,2.5848362426757237e-06,0.0015640451720506706,0.002986502322114803,0.0014574450286504808,0.008154556781671414,0.9749734223911889,2.915768974091471e-06,7.246117260118459e-08,6.547797842073967e-05,8.63504523466061e-05,7.289138992411778e-06,0.006206421703468007,0.00046093863230558976,3.943845829851362e-05,0.00034021823961254415,0.0017799104227250527,3.4993552308026416e-05,0.0009221369956839344,1.0918473979283666e-05,3.467452803858913e-05,2.0518452672775463e-05
22,0.00043088070727173003,1.6397908880810368e-06,2.8914620322064868e-05,0.00044024268343072497,1.6106082780494153e-06,0.0015715932357221645,0.002864970617445608,0.001877752400287228,0.007315224665363937,0.975259808704794,2.5738689761749624e-06,6.195796291427333e-08,6.433212164043718e-05,7.440932866596597e-05,7.0211257374028905e-06,0.006218230110380081,0.0006737377853320411,3.907685301130959e-05,0.00029659135748323146,0.0016845031012034004,3.1096900251972885e-05,0.0010539079285912384,1.0259864735292096e-05,3.544525580754714e-05,1.6114406417607175e-05
23,0.0004715959272370707,2.6259783564313085e-06,3.330956195664355e-05,0.0004502814595642617,2.5840716627394516e-06,0.0021264989034937933,0.004277537945923012,0.0021862977819337224,0.010323063044747267,0.9681976250176071,3.0899701600785947e-06,7.831296194991236e-08,8.345963981775859e-05,9.177066287741333e-05,1.0421542229673243e-05,0.0072484311214290635,0.0006516450625757205,4.041018109065636e-05,0.0004101229305689256,0.0020296532340618122,3.4525135157769944e-05,0.0012509541800192424,1.3445832940477578e-05,3.6789328368977384e-05,2.378317325863269e-05
24,0.00043578254853134004,2.8443992495909892e-06,3.570959748263458e-05,0.0006356013560356709,3.960564731676164e-06,0.0021564956734871766,0.004591762135293819,0.00226855933220858,0.011126317783343624,0.9645750587180361,3.8177491042647225e-06,1.0624987422714845e-07,0.00011750285555145279,0.00012965697027270237,9.549335764592107e-06,0.009264959533201292,0.0006887894895708597,5.246920805889448e-05,0.0003889030479573346,0.0022666927496952836,3.5260936342265826e-05,0.001132906742219642,1.5319309574012834e-05,3.701277774229558e-05,2.4960936670469677e-05
25,0.0006125662781964022,2.3003889744292836e-06,4.2471332837780144e-05,0.0006848873303595585,2.953951373691952e-06,0.0015263403263983985,0.0053630626005183105,0.004214395633163073,0.009775678720508527,0.9641436976833614,3.929565806442051e-06,8.681788595120439e-08,0.00012461622720271576,8.228169433315543e-05,1.119661614063725e-05,0.008423336918492175,0.0007182406017913886,4.7665957245020465e-05,0.0005317332369882392,0.002182883722698572,4.327529079621608e-05,0.001392495448548487,1.4647749272478518e-05,3.626029800644754e-05,1.8995609100601764e-05
26,0.0006441537596096025,2.7677740055824063e-06,3.659967188093739e-05,0.0005268009400162817,2.9107200677580453e-06,0.002153370551340861,0.003893247840403498,0.002309512707934296,0.016506433818845742,0.9615418900699408,3.714275193430685e-06,6.524434473550514e-08,8.328559283864966e-05,9.306671652434774e-05,1.1553364191752308e-05,0.007492703000888341,0.0007755632575897002,4.2944679409362755e-05,0.0003575347366908528,0.002191448223056848,2.7869955564632433e-05,0.0011920184785826065,1.88033219397076e-05,6.338854645017811e-05,2.83527526897298e-05
27,0.0003405221534929854,2.054194152281224e-06,2.395591625454374e-05,0.00035081118364720137,2.0710067449891922e-06,0.001786559052179769,0.004061779788016044,0.0017376593398739921,0.011916769118843776,0.969384467733169,2.5482484452617674e-06,5.215643930893508e-08,5.601614082387395e-05,8.347818130213356e-05,1.1796681959939884e-05,0.005951610105579675,0.0005296725105305511,2.837824461951892e-05,0.00030889100459256374,0.0019248044284544844,2.5898215724234356e-05,0.0013915202201798373,1.2779563166289721e-05,4.028511475628975e-05,2.5619697051390546e-05
28,0.0004715959272370707,2.6259783564313085e-06,3.330956195664355e-05,0.0004502814595642617,2.5840716627394516e-06,0.0021264989034937933,0.004277537945923012,0.0021862977819337224,0.010323063044747267,0.9681976250176071,3.0899701600785947e-06,7.831296194991236e-08,8.345963981775859e-05,9.177066287741333e-05,1.0421542229673243e-05,0.0072484311214290635,0.0006516450625757205,4.041018109065636e-05,0.0004101229305689256,0.0020296532340618122,3.4525135157769944e-05,0.0012509541800192424,1.3445832940477578e-05,3.6789328368977384e-05,2.378317325863269e-05
29,0.0004715959272370707,2.6259783564313085e-06,3.330956195664355e-05,0.0004502814595642617,2.5840716627394516e-06,0.0021264989034937933,0.004277537945923012,0.0021862977819337224,0.010323063044747267,0.9681976250176071,3.0899701600785947e-06,7.831296194991236e-08,8.345963981775859e-05,9.177066287741333e-05,1.0421542229673243e-05,0.0072484311214290635,0.0006516450625757205,4.041018109065636e-05,0.0004101229305689256,0.0020296532340618122,3.4525135157769944e-05,0.0012509541800192424,1.3445832940477578e-05,3.6789328368977384e-05,2.378317325863269e-05
30,0.0004715959272370707,2.6259783564313085e-06,3.330956195664355e-05,0.0004502814595642617,2.5840716627394516e-06,0.0021264989034937933,0.004277537945923012,0.0021862977819337224,0.010323063044747267,0.9681976250176071,3.0899701600785947e-06,7.831296194991236e-08,8.345963981775859e-05,9.177066287741333e-05,1.0421542229673243e-05,0.0072484311214290635,0.0006516450625757205,4.041018109065636e-05,0.0004101229305689256,0.0020296532340618122,3.4525135157769944e-05,0.0012509541800192424,1.3445832940477578e-05,3.6789328368977384e-05,2.378317325863269e-05
31,0.0009111543547153797,3.160927276718458e-06,5.414526311360165e-05,0.0005078140639367467,3.0468221369412828e-06,0.0017617321881482528,0.004874332344943179,0.004240715628134517,0.009996903587211654,0.9642598890076979,3.1126316735710722e-06,1.1491654096575487e-07,0.00013110722130181787,8.55648993999651e-05,8.865947709470109e-06,0.007167330745957417,0.0007932127726385205,6.964842264737155e-05,0.0006807403556045822,0.0027988189429992744,4.383676634451352e-05,0.0015264382852311304,1.4875395880593842e-05,3.496201442718666e-05,2.8476494328502197e-05
32,0.0004885756427504127,2.7986731564066855e-06,3.5315121870063916e-05,0.0004321421128462964,2.706271024545254e-06,0.0022191244380147883,0.004378150274143214,0.0023110026058426394,0.00990107054196687,0.9678235016949006,3.2248716291649424e-06,8.626221649761104e-08,8.833177805926154e-05,9.223389440605395e-05,1.105064993723208e-05,0.007452957578899889,0.0006501903967255433,4.0904847688796185e-05,0.00047849798634457767,0.002138125970106608,3.714980054667793e-05,0.0013398754084533741,1.3611657202254859e-05,3.5447549913965365e-05,2.3923971354701946e-05
33,0.0004830525482399997,2.7388822849262215e-06,3.261040664638904e-05,0.00045267078032433695,2.3623934884105807e-06,0.002101792001260019,0.004447627333949197,0.002358729479202534,0.00986790506260562,0.9672612616930678,3.1742096462323586e-06,1.0269028772888433e-07,0.00010608930559185436,0.00010030282659353864,8.857092338397845e-06,0.007979012433252866,0.0008278181648879348,4.983327956025384e-05,0.00042032899401439275,0.002001366339770397,3.1417876632985936e-05,0.001393768377472458,1.204502606840461e-05,3.208643034910008e-05,2.3046372463862452e-05
34,0.0006233103137591006,3.302350397849908e-06,3.8177273077918734e-05,0.00041939403898447094,3.0123005232165302e-06,0.0019541353062861528,0.004011935283090825,0.00234759917188024,0.011486446038077686,0.9675723689442935,3.681950993182491e-06,8.508796576225499e-08,9.509771995907338e-05,8.952500020850218e-05,1.0764291590150543e-05,0.006724635552722403,0.0006366846744376846,4.040486780902072e-05,0.000541033049340228,0.0019402139678751501,3.5907808275010446e-05,0.001343427162307587,1.358938314601926e-05,4.030888698123381e-05,2.4959576018088716e-05
35,5.994505525931725e-05,3.667782632817227e-06,5.4634768086448264e-05,0.000929193019705273,1.0695119723963172e-05,0.016639780249813736,0.00715868904875755,0.0006821000942703278,0.010422590558864258,0.946292066196624,1.0222283340723362e-05,6.599834942362282e-08,7.483713770217612e-05,0.0005002878454159077,9.917250402749447e-05,0.00952379162584327,0.00040595452826412123,1.156486233214009e-05,0.00032439461275842867,0.004701103908662239,9.979449090866813e-05,0.0018097878777234642,6.383992226355739e-05,8.327483189996758e-05,3.854567677081933e-05
36,0.0004307567171597354,2.7777390474096336e-06,4.5211920728992036e-05,0.00032707306110775204,4.721959366728626e-06,0.0016795435800814526,0.002900503357250376,0.0009249771198128462,0.006346003169374316,0.9802205916262281,3.2122828360050506e-06,4.213630261676594e-08,4.418983740053342e-05,9.069534124518676e-05,1.0480063298910045e-05,0.0034625215762446064,0.000183416587074985,2.681714169223084e-05,0.0004178029312675261,0.0019751557433789813,5.2640289659592696e-05,0.0007710993153531801,1.1227197456930646e-05,4.385049145618927e-05,2.4688815174698422e-05
37,0.000625909049396966,1.7249338165198583e-06,3.590900106040746e-05,0.00047746040683582016,2.0241791923760317e-06,0.0012423257263031453,0.0031530923530880234,0.00199824966124955,0.008135783221276576,0.9746423341214635,2.9747567528808238e-06,5.807933325848359e-08,6.961066402849345e-05,8.001039644144967e-05,7.297683875741728e-06,0.005544358901623007,0.0005719004647036552,5.002701940608832e-05,0.00033078747623359415,0.001890475708331382,2.915160678985371e-05,0.0010257607306367105,1.1334381585775957e-05,5.0600763958082616e-05,2.0838712617300716e-05
38,0.0004894298962330791,3.068803620414931e-06,3.899860630643377e-05,0.000490088474482531,2.611807366459596e-06,0.003930921733715048,0.006156034602770779,0.002918038041941825,0.008273386436508528,0.9595862682620042,3.8941278169888955e-06,1.0624998033441187e-07,0.00011330122157964566,8.380738601500648e-05,1.625847125482913e-05,0.012681715294547008,0.0007898259429695638,3.995012176212676e-05,0.000670142473338977,0.0023250309837880606,4.8472367928967085e-05,0.001268754793244583,1.636399146067055e-05,3.309709152684973e-05,2.0432817837295607e-05
39,0.00047435070735300696,2.5991531039435213e-06,3.3647943980532886e-05,0.0004680845876843509,2.580403388534251e-06,0.002197207977205225,0.0045307262288888294,0.002372564854150327,0.01032181508655673,0.9671725312057902,3.072466258582577e-06,7.981768342435183e-08,8.555022475990636e-05,9.096730900145848e-05,1.0933268719633334e-05,0.0075850204682935,0.0006737786682000132,4.10619484470826e-05,0.00042454079218109714,0.002114084864837397,3.638609962286999e-05,0.001283287776719503,1.4358054998994657e-05,3.623900947455233e-05,2.4531082700374943e-05
40,0.00047582923307969534,4.875957157613534e-06,6.82669751782174e-05,0.00039362325526785336,4.784543244057126e-06,0.003233367548053748,0.003990793220437741,0.00190535009311317,0.008906903211234163,0.96917769538,3.8785776540178885e-06,1.2010627921741608e-07,0.00010317585863245442,0.0001362091238653162,1.4317960119021927e-05,0.005818082703581095,0.0005698245767857742,3.902754095633856e-05,0.0006990560354269364,0.0025599895452177238,4.631359500278648e-05,0.0017733366841959904,1.1991100820945779e-05,3.690277111819359e-05,2.6284403577969835e-05
41,0.00046449580920632526,3.021226285244974e-06,3.5418717366913057e-05,0.0004995203323252556,3.0161704340859164e-06,0.0023334074785842365,0.0041676407334676506,0.0022246677407640834,0.012244500234154855,0.965938320819838,3.236209721780256e-06,7.450798005094077e-08,8.98081311536023e-05,9.134556520317018e-05,1.0683497655882496e-05,0.007720409960040884,0.0006638517832175778,3.602616582092675e-05,0.0003907515543429004,0.0018586470603974086,3.2084884493959614e-05,0.0011162299190311514,1.3211038445390744e-05,3.781411060328604e-05,2.1816349465429745e-05
42,0.0004926788039249256,2.9345105017799025e-06,4.860343882153914e-05,0.00035536440097081216,2.313677406782285e-06,0.0019038920932237479,0.004236682211299484,0.004712704778140857,0.008367860666014405,0.9665553302134395,2.714603603164106e-06,9.470473455612376e-08,0.00010103270326071783,5.673989993468267e-05,1.3772979591190562e-05,0.0071425828243388625,0.0006622439091680815,2.573921293923513e-05,0.0009440314116045004,0.002028063185799212,4.6833158816135085e-05,0.002250408478365706,9.250702961473988e-06,2.366520456660423e-05,1.4462226571967281e-05
43,0.04201642546260803,0.000932608918908282,0.0011357424558176557,0.011429002736802314,0.00010184527241113206,0.013438991538726389,0.29044756696378826,0.11011132151303298,0.005352480894003375,0.006985277789220231,0.0006816562509048486,0.00026772364368532584,0.3744761934045328,0.0007347030945416301,5.7626285361102376e-05,0.053198930705336926,0.055337317353042946,0.006362775642632203,0.02473702042700499,0.0006280155180241443,0.00026194823770246293,0.0007879136144480094,0.00037492939888792034,1.0954467371957308e-05,0.00013102841120405794
44,0.0004715959272370707,2.6259783564313085e-06,3.330956195664355e-05,0.0004502814595642617,2.5840716627394516e-06,0.0021264989034937933,0.004277537945923012,0.0021862977819337224,0.010323063044747267,0.9681976250176071,3.0899701600785947e-06,7.831296194991236e-08,8.345963981775859e-05,9.177066287741333e-05,1.0421542229673243e-05,0.0072484311214290635,0.0006516450625757205,4.041018109065636e-05,0.0004101229305689256,0.0020296532340618122,3.4525135157769944e-05,0.0012509541800192424,1.3445832940477578e-05,3.6789328368977384e-05,2.378317325863269e-05
45,0.00044216139264728166,2.4630121241821624e-06,3.616934791824611e-05,0.0005023087272189935,2.5628707814148186e-06,0.0023581004248076237,0.005289254554153884,0.0029505275592265497,0.010520723184839065,0.9643761678813457,3.0292309588830873e-06,6.909693985784912e-08,8.656121973694877e-05,7.717992565607324e-05,1.3964150259401385e-05,0.00873396106488572,0.000642696839653629,3.28379168412712e-05,0.00047132752864446946,0.002041661148840975,3.5098731213898616e-05,0.0013116356093903438,1.332103751299348e-05,3.613626705397044e-05,2.008127734883421e-05
46,0.000573042313288708,2.3997086456770707e-06,3.289215706071815e-05,0.0008127630557816033,1.3163517314306732e-06,0.003502189081095269,0.0038265873940053646,0.0037100837657509586,0.01109826565850101,0.957643142629492,3.728724331463185e-06,1.2061200250357906e-07,0.0001309394514844711,8.533212582117453e-05,9.807909388529492e-06,0.012726295661345878,0.002192394551194059,5.4872929202469816e-05,0.0003210580106133139,0.0018687188826854897,3.697250727879724e-05,0.0012852320229075009,1.820505603933738e-05,4.698087318258107e-05,1.665856716970502e-05
47,0.00041641166482507693,2.502025932988486e-06,3.512551990477066e-05,0.000562862231664272,3.0781204813103434e-06,0.002344955719815327,0.004311633314029178,0.0020133992944053342,0.010729636412639838,0.9672716252588405,3.454473585840107e-06,7.180650846647532e-08,8.432409412235364e-05,0.00010747345356007331,1.117961799956316e-05,0.007786736858554351,0.0006296682198662251,3.9185100427845156e-05,0.0003556191996653797,0.002074404664631999,3.597903909051807e-05,0.0011002833970280698,1.5679417110182175e-05,4.122633728604199e-05,2.3484758024368753e-05
48,4.591494769426075e-05,1.1762254376821361e-07,4.8650300398946085e-06,0.00010482453366292505,3.758306545571715e-06,5.344138818661912e-05,0.0004224348407837846,2.5824306520736414e-05,0.003770900410852108,0.9929338663351772,6.236805003833931e-07,3.2284705445457823e-09,1.4709076664295544e-06,0.00015977515141059673,1.2994546807735869e-06,0.0003887818847167327,8.356802032490386e-06,2.3397780598881283e-05,9.871129596860984e-06,0.0016448051277305538,7.872465458167759e-06,0.00027095720255216455,4.341070664809333e-06,5.772193373224922e-05,5.4774458181652904e-05
49,0.0003799323386564277,2.819545046515641e-06,4.225835066259324e-05,0.00039933804581476366,2.4943504929607486e-06,0.0025956571770191137,0.003935224047375254,0.0019841254610251467,0.008309535759521307,0.9707027387424109,2.9177662085672127e-06,9.733840626858578e-08,8.67825841634626e-05,0.00010662247719585801,1.0709134019353512e-05,0.006126175646362012,0.0006824467249717276,4.0252638784288845e-05,0.00044509149775164865,0.0024104928368881354,3.8487691887451695e-05,0.001627853998186402,1.1556820254650539e-05,3.361787943497737e-05,2.2771147460240866e-05
50,0.001763628183068498,4.286221698158655e-05,0.0004944664883829966,0.010581310426307017,2.7350688339702126e-05,0.13657366028177906,0.003375388404915713,0.005859016413745804,0.03028484242224678,0.7176532502722274,0.00010085212316961944,2.2970590080931117e-06,0.0018076928388659267,0.0008966567518170654,5.498329335299961e-05,0.06300350048663318,0.018482963602441393,0.00014777371973334882,0.0013166739422927475,0.0054015068547776076,0.0003698902699254721,0.0011807157828474428,0.0002799873390962636,0.0002822262802427359,1.6503857801532755e-05
51,0.0005448238821110265,1.960572608413991e-06,3.2320520116347054e-05,0.0003175494012836955,2.3767315744500227e-06,0.0028187986618814775,0.005476092967845526,0.002279920379450596,0.007312015956921196,0.9635924809546332,2.933590847924168e-06,1.1310708097363079e-07,7.823022312702997e-05,0.00010507877530283734,1.2583630301409105e-05,0.009499240831869421,0.0006481387836043331,6.912203652066952e-05,0.0007137764350518387,0.004712818131603491,4.903705710438684e-05,0.0016244854876425016,2.6225664012112565e-05,3.507383833502949e-05,4.480237916990962e-05
52,0.0006060245460846968,6.222799993461469e-06,5.4821762730402237e-05,0.0005844839801463484,4.328899778218324e-06,0.003919368363962121,0.008405199155572907,0.004663972666026291,0.015714062978325786,0.950018512057606,4.782811129033366e-06,1.2852625359478613e-07,0.0001449944004640755,0.00011051961826070529,2.7180456159329694e-05,0.008975541303375353,0.0009424299309280011,3.5928407412842936e-05,0.0008955322729554911,0.002460450838534787,6.947462460828268e-05,0.002256209711637369,2.4385028974306764e-05,3.82086251479527e-05,3.723623393267899e-05
53,0.00029277465516388754,1.8406741658564136e-06,1.8154321658740343e-05,0.000498558831517782,2.402642214047482e-06,0.002059814576765988,0.009519866392461732,0.002387825171359254,0.013558001543610879,0.9567915882006056,2.5820750288255326e-06,6.11930751633187e-08,6.867181371348958e-05,9.945453449398743e-05,1.599786877762123e-05,0.00992134895680858,0.0005695522926529849,4.1172419613774633e-05,0.00027531726489516285,0.002430549580147742,2.8695334010073816e-05,0.0013236197801740927,1.9408210405024175e-05,3.423593856103158e-05,3.8505728118588925e-05
54,0.0004170740001659082,3.3028796634545134e-06,1.9439884785142126e-05,0.00028293026166514916,2.0482714303624325e-06,0.0020182438347071566,0.004936427455928271,0.001613443577964941,0.011578726127830485,0.9676985055134059,2.221394008199644e-06,8.703060300110958e-08,6.630750425915146e-05,8.295429841716177e-05,8.953122166352928e-06,0.0074944637299890005,0.0006308321354787715,3.994667604662543e-05,0.0003488286161229474,0.0014685435487919623,2.5350234016914617e-05,0.0011947458297654032,9.733015208236561e-06,2.640183824397635e-05,3.0489219335788375e-05
55,0.00043462859938711,2.355944376409511e-06,3.402649147318054e-05,0.0004537758784460858,2.4098157609869236e-06,0.0021836968568066536,0.00398277558078082,0.002150746647386568,0.009554842704962214,0.9695314984641437,3.0380214488846872e-06,6.8555443569654e-08,7.782146117608568e-05,8.894304994769212e-05,1.0834014297037951e-05,0.007055066768385892,0.000630034628924935,3.587234693003582e-05,0.00039758332638297714,0.0020160043074707178,3.4424896170407144e-05,0.0012472997381489587,1.335470054380306e-05,3.751460643019322e-05,2.138259477493573e-05
56,0.0004864243577108736,2.897354824331848e-06,3.5158352650356885e-05,0.0004781040469441571,2.792498944816636e-06,0.0021940148123514103,0.004440293531594192,0.0022714294142101204,0.01067145521320838,0.9670221222616615,3.3978845967566153e-06,8.915717769684676e-08,9.658747978688854e-05,9.83636247278812e-05,1.048465418595631e-05,0.007572260954081284,0.0006987655683077381,4.346581834772731e-05,0.000428126212253055,0.0020507572817261227,3.5129651798901035e-05,0.0012827908438768508,1.3649012155682625e-05,3.7208677882280514e-05,2.4231334994768327e-05
57,0.0005537142732897424,3.6922673080835223e-06,4.9957352364663546e-05,0.0003688478039432638,3.4362591779639104e-06,0.002520397485298848,0.0046608626603866455,0.0033310280461302474,0.008322410827659542,0.9647493420347436,3.563449670431863e-06,1.5983828987454918e-07,0.00012781011636611334,9.355843208929772e-05,1.2200935933997047e-05,0.008375542031912046,0.000718724497757647,4.591899772831958e-05,0.0010038756542501946,0.0028672282879493058,5.461682419034533e-05,0.002070450862427499,1.3309037209697865e-05,2.591198521164538e-05,2.3440038710939784e-05
58,0.0004690401976218025,2.5271355705053246e-06,3.270237302717984e-05,0.0004312656758946554,2.4573115084120434e-06,0.001987103277739708,0.0039458116313048075,0.001990826212005018,0.01023375504941047,0.969624415418928,3.1320882070408263e-06,7.219536008986202e-08,7.712769824368892e-05,8.861162873944451e-05,1.043325979355234e-05,0.006806014364392449,0.0006191173026806934,3.805000071630117e-05,0.0003869431205854894,0.0019105856873356415,3.228469263015911e-05,0.001231110110761109,1.2635863185188549e-05,4.096063027058027e-05,2.301707408793772e-05
59,0.0004272960536156548,2.216021625097871e-06,3.2909384089876596e-05,0.00042356546223124713,2.292087654396824e-06,0.0018584963937499962,0.003527427033396422,0.0018322216118089858,0.009569121665563398,0.971857230050706,2.9287323293707763e-06,6.17722418521634e-08,6.700927193622534e-05,8.543855903384382e-05,1.0155150013076776e-05,0.006178834216272347,0.0005692655399419917,3.4852460804334534e-05,0.0003440019891698508,0.0018904112985082626,3.101360084871825e-05,0.0011771294304361041,1.1907386633696014e-05,4.298771438553706e-05,2.1227113003739933e-05
60,0.0004715959272370707,2.6259783564313085e-06,3.330956195664355e-05,0.0004502814595642617,2.5840716627394516e-06,0.0021264989034937933,0.004277537945923012,0.0021862977819337224,0.010323063044747267,0.9681976250176071,3.0899701600785947e-06,7.831296194991236e-08,8.345963981775859e-05,9.177066287741333e-05,1.0421542229673243e-05,0.0072484311214290635,0.0006516450625757205,4.041018109065636e-05,0.0004101229305689256,0.0020296532340618122,3.4525135157769944e-05,0.0012509541800192424,1.3445832940477578e-05,3.6789328368977384e-05,2.378317325863269e-05
61,0.00046374277608546955,2.338360151258133e-06,3.583856827304716e-05,0.00043904480194648603,2.365460227573721e-06,0.0019629207492682195,0.003641640905976698,0.0020142903828724206,0.009483844282822972,0.9711675213275809,2.969731530631878e-06,6.616776840968141e-08,7.164603103156385e-05,8.612180209125017e-05,1.0311470789012001e-05,0.006307537510822221,0.0006008889352318471,3.6841220784735e-05,0.00037646472844244977,0.0019663897230196596,3.297183444092099e-05,0.001218747779507972,1.2241030946624e-05,4.190620408307875e-05,2.13482143046025e-05
62,0.0004715959272370707,2.6259783564313085e-06,3.330956195664355e-05,0.0004502814595642617,2.5840716627394516e-06,0.0021264989034937933,0.004277537945923012,0.0021862977819337224,0.010323063044747267,0.9681976250176071,3.0899701600785947e-06,7.831296194991236e-08,8.345963981775859e-05,9.177066287741333e-05,1.0421542229673243e-05,0.0072484311214290635,0.0006516450625757205,4.041018109065636e-05,0.0004101229305689256,0.0020296532340618122,3.4525135157769944e-05,0.0012509541800192424,1.3445832940477578e-05,3.6789328368977384e-05,2.378317325863269e-05
63,0.00048410223159779415,2.8049119702328003e-06,3.358048970216172e-05,0.00044287908006265163,2.6294942151936977e-06,0.002144577979076954,0.004316556733063326,0.002187808048834495,0.010582139148855748,0.967972216399524,3.1531047702243435e-06,8.032878336429284e-08,8.520506274305448e-05,9.164074783443443e-05,1.0568701403050106e-05,0.007171754062392162,0.0006577847452890557,4.0182009636789626e-05,0.000418787763520467,0.0019769648030073333,3.462922816078061e-05,0.0012658887311369368,1.3227696091332425e-05,3.6781941593165694e-05,2.4056556735190618e-05
64,0.00047742471884735214,2.87311431568608e-06,3.616470384615306e-05,0.0004630191788043737,2.84770322746268e-06,0.0021821899406397156,0.0043350733195574006,0.002246029855356037,0.009707395480510616,0.9690343560651096,3.247669149071771e-06,8.087809324584618e-08,8.063255392386249e-05,8.952016682972863e-05,1.1623397994482313e-05,0.006825202254341153,0.0005983547342286283,3.802905681889766e-05,0.00044447372872186527,0.0020350347557968607,4.356539859518501e-05,0.001268293722824071,1.393574850817702e-05,3.680540305797559e-05,2.3826450902423616e-05
65,0.0005002421474559637,2.1051673798094574e-06,2.2653368282235794e-05,0.0003388463697485029,2.178646956641696e-06,0.0014019401188581297,0.003566455789129606,0.0017148307893773886,0.010677368893810131,0.9706911947122574,2.450622298584384e-06,7.72500362692695e-08,7.371435243200392e-05,8.191507173894683e-05,5.973089441397862e-06,0.006910032244586933,0.0005709385369434125,5.026968787411895e-05,0.000335256847107859,0.0019096903433715167,2.3557727843124538e-05,0.0010511093707888835,1.0466253854749853e-05,3.2226653558270795e-05,2.4505944867833633e-05
66,0.0002765189738710987,1.6203380327745276e-06,2.5822068502336112e-05,0.00040671727643891995,2.6691305556310734e-06,0.0011813511337623102,0.002364523815697958,0.0011174413023868808,0.006534601694010242,0.9791703601820417,2.6247676407393837e-06,5.991509935823033e-08,6.247954100576378e-05,9.56752502586165e-05,5.296526803427049e-06,0.005618375080450881,0.0003926234255892999,3.376009248322919e-05,0.00023822038905778786,0.0015173713512239265,2.8367227979050702e-05,0.0008718076138996922,8.047814666777063e-06,2.8408117232455294e-05,1.5256971309202798e-05
67,0.0007256617875651974,3.2533730547204057e-06,3.934115215496076e-05,0.0005069431911547117,3.5302840219191233e-06,0.0012966362278898408,0.004542763317032181,0.0034964218921594197,0.014806956467021114,0.9631100825393035,3.167623810831062e-06,6.717321849973461e-08,0.00010150310986867615,5.987306321219408e-05,9.282330286743117e-06,0.007632472922209763,0.0005618438085253424,3.375183905248586e-05,0.0005429941094876867,0.0013274154310931154,2.799895071409826e-05,0.0011087296003340279,9.213174671976339e-06,3.280799129086398e-05,1.728864086617733e-05
68,0.000438865206298155,2.6831738783419158e-06,3.112886908624015e-05,0.00040445465669507755,2.606278409743279e-06,0.0020453250801516646,0.0039644449222744895,0.001978662506209753,0.010483032641238427,0.9695590648149979,3.0546144091973028e-06,6.816663007960642e-08,6.967007403115266e-05,8.795685560688612e-05,1.1734562299565594e-05,0.006660124445439145,0.000586588823519079,3.256915965452779e-05,0.00040373714429535283,0.0018090954022589648,3.304903540258222e-05,0.001318372014542901,1.2680089845436348e-05,3.774085388114336e-05,2.3290608944036325e-05
69,0.00047789289175650365,2.321026864750778e-06,2.6713502266269682e-05,0.0005026646353360895,2.7205605370943816e-06,0.0014119870527654272,0.004243828882661087,0.0020217002479740306,0.013639850380597946,0.9672242436849842,2.588159409031864e-06,5.0452121235299555e-08,6.4467680834908e-05,7.774386164171625e-05,8.924557451584088e-06,0.0070488127537987645,0.0005508194934209184,3.552162871932314e-05,0.0002677332497984622,0.0013496991128991976,2.293368575366903e-05,0.0009431599161662593,1.103416143283262e-05,3.9201291485078905e-05,2.3387129323740222e-05
70,0.0006063303857247646,3.186178107848115e-06,3.4810465581029574e-05,0.00035327993712121826,2.5332983486169084e-06,0.0018535013511205502,0.004609711366872615,0.0025104525428393913,0.00957534559149516,0.9694354436087066,3.233415472278381e-06,8.003189988892492e-08,8.099675642668075e-05,7.693970123422595e-05,1.2189237135200524e-05,0.006156280248977359,0.0005644959738349967,3.7053380148255626e-05,0.0005951564312506454,0.0018566130067271171,4.1013223539442004e-05,0.001519405076904999,1.2533144103466657e-05,3.379508241069838e-05,2.5620564016885397e-05
71,0.0006782703090953569,2.347477232461435e-06,1.9764094873241803e-05,0.000458125073622793,3.13303107242136e-06,0.0011843746813192343,0.00428614530509485,0.002514895703865784,0.0138527693757417,0.9626372090926761,3.5384216077170884e-06,8.738491341695214e-08,8.8692269340926e-05,7.96468382658229e-05,8.08705598280768e-06,0.010160513527506847,0.000581559607617537,5.39835834965355e-05,0.00038357155813529474,0.0019191266971356148,3.0019746270529624e-05,0.0009727602184587813,1.6227589522302098e-05,3.8638507028441623e-05,2.6512850123385007e-05
