,0,1,2,3,4,5,6,7,8,9,10,11,12,13,14,15,16,17,18,19,20,21,22,23,24
0,8.483246075707414e-05,1.1440609991280644e-09,4.42066392975178e-06,4.842817258518461e-05,6.272642976735642e-07,5.3837421408055674e-05,3.8477607527717094e-06,0.014014647998042943,0.00023388839416997804,0.9852364852588588,2.9764649374326093e-07,1.517574777098425e-07,0.00012189271600535423,4.1505363461760975e-10,1.1066731896205455e-07,1.636282264781893e-05,6.220716574938993e-05,5.223357207252932e-07,4.5777952077515485e-05,4.413038834795593e-06,6.958802987231303e-08,1.732979161637681e-06,1.7247336690119947e-06,6.368462601841683e-05,3.501687831761266e-08
1,6.498192808543864e-05,5.017575179485381e-10,3.82171451841624e-06,3.6615837397894544e-05,4.103029753995691e-07,3.298145070010531e-05,2.0479795927102784e-06,0.011616054450910367,0.00020700578794202257,0.9877975628257266,1.9733520388893255e-07,7.920647774720572e-08,0.00011471574226396206,1.6205182050422517e-10,5.037183035160451e-08,1.3812233403074841e-05,3.559191512785877e-05,2.640625048135883e-07,3.360969457891115e-05,3.1449732870235777e-06,3.4667663659512054e-08,8.57254085225876e-07,9.42033237599976e-07,3.520342964429932e-05,1.4139033227552154e-08
2,6.613733452055337e-05,6.689531017582029e-10,3.5358342475610267e-06,3.9201547304123774e-05,5.559010472526313e-07,3.07593971636764e-05,2.42409040614098e-06,0.014201840712112992,0.00023601437012642516,0.9851900591988455,3.3611510328848576e-07,1.0700062145587442e-07,0.00011132008525914329,3.110980449466302e-10,9.976051620418418e-08,1.068971735066038e-05,3.674199063693108e-05,3.970977808783691e-07,2.640219265676504e-05,5.156491745226338e-06,4.4690781961244116e-08,8.743405401382373e-07,1.4064971031968746e-06,3.587056349249627e-05,2.4090586166957686e-08
3,7.504884264013467e-05,7.430681955730195e-10,3.6684542151771567e-06,4.7903052728791675e-05,4.698484130037367e-07,4.3484032801152025e-05,3.123021452913448e-06,0.014031010925783812,0.00020984825826910085,0.9852970723899748,2.449539015816904e-07,1.2010079586444373e-07,0.0001271953226591425,2.7755106052246176e-10,7.598986153535395e-08,1.5561759492486286e-05,5.036969007106071e-05,4.3416777188152205e-07,3.5743134436107144e-05,4.122960026729726e-06,5.0301014624341453e-08,1.299750362905441e-06,1.3742710598195311e-06,5.175477991363908e-05,2.2971734616965928e-08
4,7.773175938486691e-05,7.037855912285234e-10,3.6850707422318914e-06,4.639527048928442e-05,4.68335745813174e-07,4.2287283383500446e-05,3.183807595162226e-06,0.013821162694062245,0.00019138816228294,0.9855019435442149,2.369934682183103e-07,1.197784236846511e-07,0.00014402206847792515,2.9394547739813624e-10,7.12571659591022e-08,1.6060294853563022e-05,5.0820061079014653e-05,4.5147033066687993e-07,3.6810989561608974e-05,4.269938268254788e-06,4.8208214515791455e-08,1.2135869570375686e-06,1.3436371229107045e-06,5.6262834146443065e-05,2.195629813627005e-08
5,7.672628507585361e-05,8.943257780335076e-10,3.3895999102900847e-06,6.133391974919559e-05,4.6113723190135325e-07,5.143829317286628e-05,3.0855890369800355e-06,0.015100170702090722,0.00021092100245044085,0.9841787518062344,2.7991204195360225e-07,1.3076693772099257e-07,0.00014149660064318795,3.079026590080416e-10,8.658324268860797e-08,1.8166104406982885e-05,5.206370668830679e-05,6.162656425713106e-07,3.818539203826764e-05,4.8111040898212665e-06,5.442727700959676e-08,1.4736018579833434e-06,1.5885529651425614e-06,5.4743803011407336e-05,2.364197577153655e-08
6,7.504884264013467e-05,7.430681955730195e-10,3.6684542151771567e-06,4.7903052728791675e-05,4.698484130037367e-07,4.3484032801152025e-05,3.123021452913448e-06,0.014031010925783812,0.00020984825826910085,0.9852970723899748,2.449539015816904e-07,1.2010079586444373e-07,0.0001271953226591425,2.7755106052246176e-10,7.598986153535395e-08,1.5561759492486286e-05,5.036969007106071e-05,4.3416777188152205e-07,3.5743134436107144e-05,4.122960026729726e-06,5.0301014624341453e-08,1.299750362905441e-06,1.3742710598195311e-06,5.175477991363908e-05,2.2971734616965928e-08
7,7.02356789491884e-05,1.1991374149013864e-09,3.68605643254067e-06,6.012457129289373e-05,5.599772114273698e-07,7.447641860280397e-05,3.560999910749528e-06,0.015216121514600112,0.00027965378231463195,0.9839766081382528,2.8135416110571286e-07,1.6547101957798178e-07,0.00011758305248469235,3.5986125354483513e-10,1.219946185436372e-07,2.023021764642507e-05,6.1018114516997336e-05,7.080252911143818e-07,4.25394491139732e-05,4.899962828052589e-06,8.767888078104117e-08,1.8722444725633205e-06,2.2847420073318945e-06,6.314693545671423e-05,3.206093625486793e-08
8,7.028742004196237e-05,4.910399478484074e-10,4.015250766553679e-06,3.640878940561761e-05,3.71447341757411e-07,2.9390974927145248e-05,2.819464929511083e-06,0.011587137882451163,0.00015275239167192986,0.9878482162303769,1.916530460036191e-07,1.0731580510123388e-07,0.00012186548611918299,2.7213155426322927e-10,5.830933486735956e-08,1.2165955384711652e-05,4.501248387383953e-05,2.751970619363263e-07,2.6515590198077926e-05,3.8305664051446565e-06,4.682437044025329e-08,8.975719511112906e-07,1.2826291126544343e-06,5.632951600621465e-05,2.0286246623701494e-08
9,8.685219188074158e-05,1.059659828407562e-09,4.327146230280198e-06,5.653419343752667e-05,6.418044320167179e-07,6.380276801106831e-05,3.836188671429642e-06,0.016356265392838448,0.00026750253022808006,0.9827998905048336,2.915783123946168e-07,1.4824879972041002e-07,0.00015532599357928698,2.927557007233041e-10,8.497421954346837e-08,2.304460964651903e-05,6.3984372482196e-05,6.208381395509923e-07,5.4890883431635515e-05,4.333145603230251e-06,5.808012945491402e-08,1.9194607747516712e-06,1.3392223962622162e-06,5.427945758071447e-05,2.5061926083765582e-08
10,7.504884264013467e-05,7.430681955730195e-10,3.6684542151771567e-06,4.7903052728791675e-05,4.698484130037367e-07,4.3484032801152025e-05,3.123021452913448e-06,0.014031010925783812,0.00020984825826910085,0.9852970723899748,2.449539015816904e-07,1.2010079586444373e-07,0.0001271953226591425,2.7755106052246176e-10,7.598986153535395e-08,1.5561759492486286e-05,5.036969007106071e-05,4.3416777188152205e-07,3.5743134436107144e-05,4.122960026729726e-06,5.0301014624341453e-08,1.299750362905441e-06,1.3742710598195311e-06,5.175477991363908e-05,2.2971734616965928e-08
11,7.314902244297375e-05,6.63585575654677e-10,3.5806784882246346e-06,4.3850151211827926e-05,4.227807808694619e-07,4.019454078288181e-05,2.99703990386819e-06,0.014538037131579465,0.0001930583283123763,0.9848048770262268,2.2539002156702744e-07,1.1733925373996342e-07,0.00014011217088266185,2.565560064247682e-10,6.919710882075312e-08,1.5507679187749887e-05,4.883338048227395e-05,4.169053975403518e-07,3.499648530948669e-05,4.018185061960258e-06,4.5257123999850386e-08,1.2072260848700712e-06,1.2430650335282956e-06,5.301985630806831e-05,2.0242873223729748e-08
12,7.674212460066657e-05,1.0602906328858532e-09,3.616063712174874e-06,6.128565895233483e-05,1.2597548231421098e-06,7.998883391115985e-05,5.472347030269808e-06,0.008228182701644044,0.0002541999451507377,0.9909291280029948,3.437788848954157e-07,1.5995863664344968e-07,0.00013378184535899136,8.918164310521569e-10,1.0966220370749045e-07,1.9143981470640413e-05,6.644967320773965e-05,1.057371639911554e-06,3.735971354234706e-05,9.120873634810942e-06,9.898153409690238e-08,1.1303123519660405e-06,3.996663053567295e-06,8.731502584164103e-05,5.4773712518164927e-08
13,6.612045387092602e-05,1.0693264387149116e-09,3.406151519953529e-06,4.447770820624565e-05,5.180480907374032e-07,8.192793492216557e-05,3.5645082825195604e-06,0.011087915957552914,0.00022893661848740672,0.988141596913682,1.2725064068324724e-07,9.641287528752152e-08,0.0001198670867560312,1.7869935183645828e-10,5.38040662773688e-08,1.764041577125232e-05,6.272511598725853e-05,4.3615723270932273e-07,5.683462909207837e-05,3.0174167701613252e-06,5.221108551943841e-08,1.8591631099771593e-06,1.3955683414675828e-06,7.740344854442523e-05,2.577708645154143e-08
14,9.030572983579808e-05,1.7542480900826744e-10,2.7797940569697783e-06,1.9602681014446705e-05,1.7882620198242047e-07,1.8742584509327334e-05,4.978267294812339e-06,0.01481331538819894,0.00017564706641338512,0.9846159749485,9.958948477814765e-08,1.5886469884819082e-07,8.068011204921074e-05,2.334901495965608e-10,4.0864286185332774e-08,8.92932038695481e-06,6.989168707829026e-05,1.413403626321951e-07,1.3237318376934612e-05,1.8854125952141594e-06,4.722693785975767e-08,9.183862444127041e-07,1.3964611593120305e-06,8.102089452691866e-05,2.6826871616796506e-08
15,7.504884264013467e-05,7.430681955730195e-10,3.6684542151771567e-06,4.7903052728791675e-05,4.698484130037367e-07,4.3484032801152025e-05,3.123021452913448e-06,0.014031010925783812,0.00020984825826910085,0.9852970723899748,2.449539015816904e-07,1.2010079586444373e-07,0.0001271953226591425,2.7755106052246176e-10,7.598986153535395e-08,1.5561759492486286e-05,5.036969007106071e-05,4.3416777188152205e-07,3.5743134436107144e-05,4.122960026729726e-06,5.0301014624341453e-08,1.299750362905441e-06,1.3742710598195311e-06,5.175477991363908e-05,2.2971734616965928e-08
16,8.037708728109642e-05,5.108909788026073e-10,4.495123883701574e-06,5.8347847680158674e-05,4.848842730023609e-07,4.271455942425172e-05,3.976321302012211e-06,0.015040333704859812,0.00014071234081382316,0.9842430898426019,3.372549616796742e-07,1.94095595464319e-07,0.00019237669196594783,5.037572501689576e-10,8.504083368682972e-08,2.6072476051690913e-05,5.9147188483748155e-05,7.777045497008055e-07,3.259023143989885e-05,6.740607234583961e-06,7.975819865368685e-08,1.1403653601881949e-06,1.636175817853292e-06,6.427193540018543e-05,1.7747338740949537e-08
17,0.00012200772490894399,6.6870124580277e-10,4.676886840844766e-06,6.511532991436602e-05,6.116148780029311e-07,3.2636253649153036e-05,5.9843127756924205e-06,0.019792964830047395,0.00022041295276684894,0.9793933426256386,3.914390242366584e-07,2.2240503104737094e-07,0.00017513609200478598,5.799618816402869e-10,8.672730328974604e-08,1.7993784678999598e-05,7.049614268398295e-05,4.884059080877648e-07,2.6681962834379097e-05,5.905972228040355e-06,6.006092100376174e-08,1.5199768261049936e-06,1.5782837777798439e-06,6.164961484139173e-05,3.535185393486255e-08
18,0.0001216194648086671,1.0263057382131705e-09,3.2518865623822087e-06,4.5458185479973256e-05,6.652595500284495e-07,4.347738306917011e-05,5.677056657662893e-06,0.012393592012992425,0.00024663531471033964,0.9867645548444699,2.896719452123066e-07,1.3175799509506173e-07,0.00011318141977323466,4.803880059139481e-10,8.59794574769772e-08,1.220357312223454e-05,0.0001153926629291905,5.675802430804192e-07,4.3840643171429825e-05,4.385667891448487e-06,5.71346658825262e-08,2.083395942787001e-06,2.0287791687411883e-06,8.075867794814044e-05,6.014075189826701e-08
19,4.738875753057155e-05,3.0002419851529487e-10,3.04004348749332e-06,2.93038697092236e-05,3.011708592884178e-07,3.0378873956735617e-05,3.035602996690742e-06,0.011330409766412093,0.00015031535716929456,0.9881863187906641,1.3245468024949782e-07,1.0171220406828761e-07,0.00010790457998932461,1.3928445264215437e-10,3.557182503474278e-08,1.0911646273616924e-05,3.5554845949205975e-05,1.896430120298728e-07,1.9096025590203525e-05,2.875544541339344e-06,3.0459285096573234e-08,8.970047864091981e-07,7.556688180870969e-07,4.100824809849572e-05,1.3922852668528181e-08
20,6.175782113814511e-05,1.4295413760609965e-09,3.666357042597464e-06,6.580920322671647e-05,3.638313408744804e-07,5.978958864469242e-05,2.74697124204787e-06,0.02270548336787556,0.0002396430567415396,0.9765646248216802,3.4455647221485274e-07,2.032343247229522e-07,0.0001255733661662167,3.0465736032259805e-10,1.6569813226325877e-07,1.921299125909404e-05,5.176144957942612e-05,7.111765527313636e-07,3.8104443988598714e-05,4.6436809717078856e-06,7.992071334367893e-08,2.490425348061645e-06,1.6639108142671333e-06,5.1133243216512814e-05,2.5149329781505772e-08
21,0.00010330000522399985,6.717404870471103e-10,4.154794070789702e-06,7.826910166980148e-05,5.119667542551089e-07,3.404068346444492e-05,3.0153947077233775e-06,0.015283847185899898,0.0001915322515605701,0.983998542650468,4.832048630108988e-07,1.6681818079563345e-07,0.00015815623865917896,5.272145296349576e-10,9.62141722808165e-08,2.0500159896009868e-05,4.261455293258156e-05,5.993205911795686e-07,3.070125683244807e-05,6.1396090817938484e-06,5.218933544296179e-08,1.0916205137197045e-06,1.5171479453134435e-06,4.064456937001635e-05,2.1864851906408994e-08
22,6.717090458019497e-05,4.1269234775352105e-10,3.903909280182655e-06,5.00724040931515e-05,3.7590058960465705e-07,2.7493401253621986e-05,2.5992815628619103e-06,0.011948117194977247,0.00013972062827214386,0.9874980032591367,3.3356209546831976e-07,1.1744510173752147e-07,0.00012473799993956218,2.689689589385708e-10,6.227525064026941e-08,1.5381620374538132e-05,5.328820135787981e-05,4.325623579662015e-07,2.4548301291907123e-05,5.031121809436038e-06,5.290248511184335e-08,1.0465259257023788e-06,1.1653865410875858e-06,3.632914074888273e-05,1.5389312915956425e-08
23,7.504884264013467e-05,7.430681955730195e-10,3.6684542151771567e-06,4.7903052728791675e-05,4.698484130037367e-07,4.3484032801152025e-05,3.123021452913448e-06,0.014031010925783812,0.00020984825826910085,0.9852970723899748,2.449539015816904e-07,1.2010079586444373e-07,0.0001271953226591425,2.7755106052246176e-10,7.598986153535395e-08,1.5561759492486286e-05,5.036969007106071e-05,4.3416777188152205e-07,3.5743134436107144e-05,4.122960026729726e-06,5.0301014624341453e-08,1.299750362905441e-06,1.3742710598195311e-06,5.175477991363908e-05,2.2971734616965928e-08
24,7.491144783999413e-05,9.004596981198348e-10,3.3661682983813885e-06,7.141422928066404e-05,5.476983433084411e-07,4.825233126318857e-05,2.896505834539594e-06,0.014105974228381618,0.0002001029115045477,0.985193646722619,3.2978472963694403e-07,1.3996237831601273e-07,0.00014909754008665465,3.4797933382160223e-10,8.08162864911301e-08,1.7675870787394763e-05,4.385666288756337e-05,5.933073517772184e-07,3.479971097306054e-05,5.381109154295706e-06,4.50963653928709e-08,1.3836881367768452e-06,1.3422768206374141e-06,4.413679708646625e-05,2.388515142560694e-08
25,8.95037288055287e-05,3.102285054153625e-10,3.399767370621258e-06,5.369093001580417e-05,3.8070421219162156e-07,1.6743618070775765e-05,3.5560388765159116e-06,0.019623234654347038,0.0001511503744634646,0.979779545290139,4.472608982484421e-07,1.4536319123890806e-07,0.00016798339226632583,3.8274871873170664e-10,6.628009555079814e-08,1.2946001068110567e-05,4.063221807651936e-05,3.806200735642029e-07,1.605462455318126e-05,5.938965506573053e-06,3.0182284240714114e-08,7.846990555696879e-07,9.283395004555916e-07,3.2439241751344406e-05,1.7012401108212736e-08
26,8.050918999744075e-05,6.233002315255023e-10,3.234716074354823e-06,3.277698021466264e-05,4.4244341830335473e-07,4.715679931664398e-05,3.080576762850445e-06,0.012154460683221463,0.0002600775149855167,0.9870999118817838,1.573788708374087e-07,7.812105220954901e-08,0.0001272014581394078,2.0004488754719574e-10,5.9272410958449346e-08,1.3996599710047353e-05,5.9459478627529714e-05,4.414833982839756e-07,4.0161148915711424e-05,3.538915248701847e-06,5.21591759491051e-08,9.74620818661554e-07,1.906018776974258e-06,7.029907297622504e-05,2.2662758023903423e-08
27,7.108004151730113e-05,1.0633833345424611e-09,2.7857147964389737e-06,5.4280383388090455e-05,4.199126631754853e-07,4.9936629753935636e-05,2.875629052086392e-06,0.016790157770145413,0.00027635985790641616,0.9825054851621662,2.700049003025907e-07,1.237574812931976e-07,0.00010151759262322499,2.4182930424265043e-10,9.924126731868433e-08,1.372655805162344e-05,4.4821926090094595e-05,4.461343251514559e-07,3.6818882707838964e-05,3.4237790738459504e-06,4.070692212875526e-08,1.7901280020870277e-06,1.2970864939274363e-06,4.22136943806558e-05,2.8101078607312634e-08
28,7.504884264013467e-05,7.430681955730195e-10,3.6684542151771567e-06,4.7903052728791675e-05,4.698484130037367e-07,4.3484032801152025e-05,3.123021452913448e-06,0.014031010925783812,0.00020984825826910085,0.9852970723899748,2.449539015816904e-07,1.2010079586444373e-07,0.0001271953226591425,2.7755106052246176e-10,7.598986153535395e-08,1.5561759492486286e-05,5.036969007106071e-05,4.3416777188152205e-07,3.5743134436107144e-05,4.122960026729726e-06,5.0301014624341453e-08,1.299750362905441e-06,1.3742710598195311e-06,5.175477991363908e-05,2.2971734616965928e-08
29,7.504884264013467e-05,7.430681955730195e-10,3.6684542151771567e-06,4.7903052728791675e-05,4.698484130037367e-07,4.3484032801152025e-05,3.123021452913448e-06,0.014031010925783812,0.00020984825826910085,0.9852970723899748,2.449539015816904e-07,1.2010079586444373e-07,0.0001271953226591425,2.7755106052246176e-10,7.598986153535395e-08,1.5561759492486286e-05,5.036969007106071e-05,4.3416777188152205e-07,3.5743134436107144e-05,4.122960026729726e-06,5.0301014624341453e-08,1.299750362905441e-06,1.3742710598195311e-06,5.175477991363908e-05,2.2971734616965928e-08
30,7.504884264013467e-05,7.430681955730195e-10,3.6684542151771567e-06,4.7903052728791675e-05,4.698484130037367e-07,4.3484032801152025e-05,3.123021452913448e-06,0.014031010925783812,0.00020984825826910085,0.9852970723899748,2.449539015816904e-07,1.2010079586444373e-07,0.0001271953226591425,2.7755106052246176e-10,7.598986153535395e-08,1.5561759492486286e-05,5.036969007106071e-05,4.3416777188152205e-07,3.5743134436107144e-05,4.122960026729726e-06,5.0301014624341453e-08,1.299750362905441e-06,1.3742710598195311e-06,5.175477991363908e-05,2.2971734616965928e-08
31,0.00012484268228120433,7.104649036515909e-10,6.695773682653889e-06,4.289163329489322e-05,4.2890206369252133e-07,2.8927688380719265e-05,3.381510169801794e-06,0.027685560468793193,0.00020387671906780532,0.971436388792179,2.4879902767687856e-07,1.5011328874369546e-07,0.00025492150308134706,2.7199312704111947e-10,7.456236061777157e-08,2.1091724621918562e-05,6.603616713080055e-05,4.179327576143058e-07,4.709833238427241e-05,4.3175529390241434e-06,5.56507335986285e-08,1.2982777259605647e-06,1.0931771355995498e-06,7.018351174336723e-05,1.7542698442922597e-08
32,8.06984672663976e-05,8.844168518706079e-10,3.9606850001744835e-06,4.82584897078477e-05,4.958767377668326e-07,4.738800729388087e-05,3.017976673661831e-06,0.014456546303511772,0.00021568021208516415,0.9848246991602563,2.430892138606896e-07,1.194945210508863e-07,0.00013922280743801114,2.854714363192285e-10,7.977369941944108e-08,1.69761386910943e-05,5.392595570040677e-05,4.805310042541355e-07,4.4339308217473344e-05,4.113456757151437e-06,5.2501191913596435e-08,1.4058820551157206e-06,1.3964330947486086e-06,5.687484456838015e-05,2.343542586183024e-08
33,0.00011276041778816361,1.322211844740645e-09,4.171994044753508e-06,5.957765949814941e-05,3.465159237418257e-07,8.16814108755923e-05,3.7869602102886673e-06,0.020029535276464283,0.00010631019445352276,0.9786598809438429,1.0130476203590083e-07,1.6020822273263944e-07,0.0004200523340631079,2.4739249273086833e-10,4.08826119970094e-08,4.182645362426218e-05,0.00013536293040840726,1.0046750990079673e-06,0.0001309815471869261,3.8074822213693468e-06,5.122189832465158e-08,3.1531659746479643e-06,1.0051835767096483e-06,0.00020438335246556854,1.6315178962884338e-08
34,0.0001796824631628025,6.908496536462434e-10,5.468488881658111e-06,4.6690099181470554e-05,6.504617252979065e-07,2.5279443608283475e-05,3.017879539992527e-06,0.01545899779250749,0.00022661280879439239,0.9836849794842926,3.303223805287555e-07,9.675607255740617e-08,0.00018123820153359508,3.781493759845014e-10,6.539774485030674e-08,1.6206526587428363e-05,5.935729447736992e-05,3.847828279166829e-07,5.324376045723884e-05,3.9307680694116155e-06,4.044969822290721e-08,9.694632195468973e-07,1.1591736609759008e-06,5.157459359707144e-05,2.2518980223123736e-08
35,3.3826625064494675e-05,4.050682134082288e-10,4.200254801889389e-06,3.365159263570477e-05,5.857269775509571e-07,4.772804675495795e-05,3.413073722222857e-06,0.004022349957318355,7.133631479717851e-05,0.9955033902260689,2.3625128679109497e-07,1.3675822348170184e-07,0.00010361851615268267,7.169048841980609e-10,7.222812585000736e-08,1.4232989422715339e-05,4.613595955098392e-05,5.365682915137688e-07,2.152762414060524e-05,7.812450439540709e-06,1.0800303833097411e-07,6.153443999489529e-07,2.7335561212199977e-06,8.172632708586681e-05,2.448360618277993e-08
36,4.412844848576201e-05,7.46696091729997e-10,3.965312669946659e-06,3.536639931479539e-05,6.223877973493457e-07,5.039861146431998e-05,1.2463774175373621e-06,0.005274818534960456,0.00020171903066476153,0.9941988987226109,1.5994365124837208e-07,3.7343495604418254e-08,7.786844834742832e-05,1.6659338999448402e-10,5.6724166601182725e-08,9.929368286651803e-06,2.1432347130194097e-05,2.5483442420356274e-07,3.55501466875386e-05,3.7111507429977e-06,5.081412672711817e-08,4.474209595812508e-07,1.773213455230866e-06,3.7547746995843604e-05,1.5758854989831517e-08
37,0.00014211183944934193,7.403382424619735e-10,5.249504086997503e-06,5.762665732854357e-05,6.566684025577269e-07,4.469908736535395e-05,5.42178663548012e-06,0.01217464531770471,0.00013762264794413704,0.9869054819905605,2.767470934644225e-07,1.649845771860941e-07,0.00022419750772780772,8.429829385197682e-10,7.821752352335123e-08,2.5900897022932756e-05,8.748146237851494e-05,7.92955713249576e-07,5.294343570127866e-05,6.430766266842168e-06,8.41412445593584e-08,1.189391779030841e-06,2.2036107905124714e-06,0.00012470819192653842,3.06074556586059e-08
38,6.12934187863347e-05,7.582145603157203e-10,3.5297421976475287e-06,4.5998808863987903e-05,4.1944900380618843e-07,6.539813975419623e-05,3.465875609852573e-06,0.013746265928231532,0.00019151332464765382,0.985560058177467,2.2866594534387675e-07,1.390984884908207e-07,0.00013643944075178094,2.777994344709547e-10,9.38837290782497e-08,2.1360750127065066e-05,5.045093387757333e-05,6.356126243258317e-07,4.239965162312644e-05,4.099407156002029e-06,7.212546559573661e-08,1.452256334987381e-06,1.6689328601640269e-06,6.299678083164547e-05,1.8559609036009498e-08
39,7.160980366464937e-05,8.556336202193881e-10,4.359429523150182e-06,4.806151385816314e-05,4.6091080088162626e-07,5.308573106393896e-05,3.1206177334176127e-06,0.015957709274639666,0.00021962140916093162,0.9833151857318707,2.2005015762607818e-07,1.3832572047444738e-07,0.00014007318945680018,2.4817001512918224e-10,8.01149303209139e-08,1.8839703749157955e-05,5.810765156098456e-05,4.72228431068253e-07,4.174617534520906e-05,4.181136951137987e-06,6.569181703779525e-08,1.5564196550563574e-06,1.4609659851115327e-06,5.9820748125870634e-05,2.207199491388847e-08
40,0.0001709963064088963,1.7050361884730175e-09,1.1469817396583988e-05,6.00072052741537e-05,1.634705430331813e-06,4.372762240941867e-05,6.364204208807802e-06,0.017341051408838848,0.0002689827654978946,0.9816200269372599,6.133406996299544e-07,2.99050670629449e-07,0.0002055719471389086,1.3425371824102854e-09,1.7168443311923707e-07,2.3214074242488634e-05,8.658998877295264e-05,6.203702249044999e-07,6.371697906896666e-05,7.727399520241626e-06,1.1982978785985155e-07,1.8731776597575726e-06,2.1688634228314973e-06,8.29882864320007e-05,6.098762747097192e-08
41,7.526083811575858e-05,6.882183874744124e-10,3.6625146018407357e-06,4.517658126582848e-05,4.486025827268523e-07,4.3060129157789835e-05,3.3952784281789247e-06,0.013622245102552766,0.00019833577868965798,0.9857157913879363,2.261600110669048e-07,1.237242466725076e-07,0.0001241850545508328,2.8017301475068747e-10,7.242956352078367e-08,1.5172000773728497e-05,5.46219986904011e-05,4.147629513649729e-07,3.4552865305971364e-05,4.018236784187249e-06,5.279185726639764e-08,1.330454175066916e-06,1.3987884640555627e-06,5.6429787502085573e-05,2.376340129100692e-08
42,7.104591978706675e-05,1.8937818940752897e-09,6.521406357724402e-06,7.754424528335274e-05,3.2363161364459495e-07,7.229192197705016e-05,2.090791595583292e-06,0.03357156576399534,0.0002937221987105337,0.9654985056494984,2.265366335525584e-07,1.8118608669909559e-07,0.00016977498413128458,1.1517480548306355e-10,9.194566565120607e-08,3.2523422344514816e-05,6.967942647723854e-05,4.893071136086864e-07,7.685816810815054e-05,3.1885100069121945e-06,6.790147710434485e-08,4.099884335032249e-06,8.922174500604248e-07,4.8297359311587125e-05,1.5613083605386553e-08
43,0.08736277044768026,1.1454906217863803e-07,5.346024813281367e-05,0.0015819362736953543,0.00012580980694556918,5.344080381943944e-06,0.0003059660742284405,0.0473229858692987,0.0030886745639074654,0.8569546544162192,0.0014873766681403684,6.85495900968353e-06,0.0005871858492436085,2.4615535501619255e-05,1.6298298793072484e-05,2.9294155107873622e-05,0.00037223579885466813,9.895599874989156e-06,0.00020475693020347165,8.700326284361794e-05,3.246596182602752e-08,5.066805545678544e-06,5.371836593610659e-05,0.00017248392784365441,0.00014146504758762903
44,7.504884264013467e-05,7.430681955730195e-10,3.6684542151771567e-06,4.7903052728791675e-05,4.698484130037367e-07,4.3484032801152025e-05,3.123021452913448e-06,0.014031010925783812,0.00020984825826910085,0.9852970723899748,2.449539015816904e-07,1.2010079586444373e-07,0.0001271953226591425,2.7755106052246176e-10,7.598986153535395e-08,1.5561759492486286e-05,5.036969007106071e-05,4.3416777188152205e-07,3.5743134436107144e-05,4.122960026729726e-06,5.0301014624341453e-08,1.299750362905441e-06,1.3742710598195311e-06,5.175477991363908e-05,2.2971734616965928e-08
45,5.972353331928715e-05,4.904731010986878e-10,3.13468641182013e-06,3.5555381291080294e-05,2.82831085676197e-07,3.3123483462342616e-05,3.204530581088033e-06,0.021208595453933932,0.0001615795081535751,0.9781837320375385,1.8894373629496397e-07,1.2751964103376164e-07,0.00016470944023660647,1.8050288389592363e-10,6.546014593110073e-08,1.6927250703632e-05,4.146805653685158e-05,3.9060689408393534e-07,3.034799402780077e-05,3.2620971281178403e-06,3.4067886964340295e-08,1.2565605327734816e-06,7.92548396484205e-07,5.148475608555516e-05,1.2581294286956963e-08
46,9.320336549401332e-05,3.8304549052130784e-10,3.869487214013604e-06,4.842757007723797e-05,2.3796355711639665e-07,4.0620839699496304e-05,3.442981058283714e-06,0.014063574661922835,0.00011597397849852191,0.9851995581028226,1.2203608477433064e-07,1.4782152689327908e-07,0.0001765322281133556,1.2740871767994433e-10,2.4158442987109935e-08,1.916992748529434e-05,0.00012365553877387382,3.0027138003071427e-07,3.528820441677877e-05,2.9976544310288987e-06,5.2141371099926554e-08,2.1472302805608816e-06,8.164380686259628e-07,6.982190028407093e-05,1.4988542189891366e-08
47,5.9828309239355406e-05,8.676066713113757e-10,3.4659181395790186e-06,4.747997739811768e-05,5.771889160489276e-07,4.797819881348112e-05,2.9682932203529184e-06,0.012375645236740816,0.00024532646063501795,0.9869750037934629,3.0409966629371093e-07,1.1703472090926e-07,0.00010227514683380525,3.2458630917272195e-10,1.0191931961241851e-07,1.3539622786335784e-05,4.1911023064164415e-05,4.7303643490319614e-07,3.165676538269196e-05,4.763156223031248e-06,5.5089280131298876e-08,1.1901063500334542e-06,1.693609502292679e-06,4.361705117857206e-05,2.7770498429793735e-08
48,6.121830978393238e-05,1.305626384412002e-09,8.754860989426852e-06,0.0002005878415871947,2.0791396981298497e-06,2.2882632352077075e-05,3.076333132759378e-06,0.010648199413833555,0.0006013225187811861,0.9883410377448693,7.236273045907039e-06,4.95947752078575e-07,4.4988381061769416e-05,2.759206447866705e-09,7.006025908635027e-07,1.0566695499115717e-05,1.1455048449589082e-05,4.235931641354706e-07,5.3002579449981925e-06,1.762090510765589e-05,1.3383617648924984e-07,7.954306211848652e-07,5.054509867858171e-06,5.968355152744625e-06,9.730370504257522e-08
49,5.506077725576553e-05,8.328778885746073e-10,4.133235932996424e-06,4.7820902712666715e-05,4.0328196207373964e-07,5.6519839310523316e-05,2.9867157965480344e-06,0.015107859508353643,0.00020874316628680098,0.984229807140218,1.975596418260916e-07,1.5021854737546313e-07,0.00012424168666377326,1.8622266292806266e-10,7.042141248731868e-08,1.7006960057056413e-05,5.172639418968082e-05,3.8431978654881134e-07,3.520711938568648e-05,3.893439954866286e-06,5.911182149109279e-08,1.8419861320595528e-06,1.1906347429208192e-06,5.067421135429513e-05,2.0349380015694278e-08
50,6.857597062318507e-05,3.350029890546814e-07,2.5007388920709348e-05,0.0008374510585933093,6.1563051280015795e-06,0.003774510630202321,2.977856074454839e-06,0.03407014465987813,0.005531196198573496,0.9543250839468735,2.1161899650823224e-06,1.1473989040226656e-06,9.948561389568479e-05,9.420416460312264e-10,4.36716413140025e-06,0.00020770807183015383,0.0001637193322534933,1.1368065986523195e-05,0.000672591957187296,1.4386990050312607e-05,4.147553127368161e-06,6.64851437377021e-05,3.654721438026133e-05,7.420379210066945e-05,2.8555255216130637e-07
51,7.288292900620814e-05,2.1635632343904144e-11,3.4173901832536306e-06,3.144092224501431e-06,4.694408360865278e-07,9.040062760995456e-06,4.712717016998523e-06,0.002567486231217373,5.805432789309332e-05,0.9969716886460691,3.861234615373398e-08,3.399899514995714e-08,0.00012032553948153152,1.927685932907449e-10,6.3778862329454294e-09,5.242296798698648e-06,6.13618598535519e-05,7.63394692629619e-08,1.4553699218492559e-05,2.415394754016195e-06,2.4451761656829998e-08,9.178353543471495e-08,8.227638227877352e-07,0.00010410175793446652,9.072530821177029e-09
52,4.042380570712502e-05,3.19399164643672e-10,1.7456953676018462e-06,3.2346575873901894e-05,2.432929521963518e-07,2.8918293124988627e-05,1.4651210374914008e-06,0.009954825289688992,0.0001228001295289705,0.9896366834492683,1.7857058611576569e-07,7.226553150529255e-08,9.7479837958833e-05,1.4244610605755122e-10,4.728033957199083e-08,9.267248060758928e-06,2.153622739104915e-05,3.101584735483711e-07,2.009108855764293e-05,3.1111881925539544e-06,2.066158133730215e-08,6.497037374474221e-07,6.948723826090154e-07,2.7079069562329976e-05,9.713250045717875e-09
53,5.3137247070198105e-05,3.408171705933718e-10,3.232723649051788e-06,4.482183305502973e-05,4.737032804864939e-07,3.312107928878772e-05,5.192402627781489e-06,0.01002091574540592,0.00017674121160319263,0.989431023746402,3.303764185701563e-07,1.5082929801932673e-07,0.0001024761305091121,4.2561342905587504e-10,7.720843335011994e-08,1.334328785366563e-05,4.389921954999172e-05,4.370793325976827e-07,1.3690134949873983e-05,6.190976300363553e-06,6.388890621547849e-08,8.185828978021153e-07,2.1893049399263264e-06,4.7646352698981794e-05,2.6169098212213228e-08
54,0.00011207138494950289,2.2163439845508555e-09,3.075118673568198e-06,7.134630579893892e-05,7.173892572899422e-07,6.611934183473682e-05,5.342540831115975e-06,0.016934334520787398,0.0003300886427795665,0.9821498853028195,3.597004562465302e-07,1.6947901736191644e-07,0.00010591135157759307,6.577037898591586e-10,1.6525970220313424e-07,1.6807522307550112e-05,6.412505241065133e-05,6.71897504158247e-07,5.6958974411565954e-05,3.834167822710854e-06,5.184163549319329e-08,2.693897411368957e-06,1.994300372990277e-06,7.320397531111899e-05,6.915827946245722e-08
55,8.075412555327515e-05,6.346111368504894e-10,3.588835120896667e-06,4.665089864979096e-05,4.888305259903321e-07,4.379251714537616e-05,4.089416100945486e-06,0.01847083969858416,0.0002315089777404045,0.980783899001725,2.3714236092849523e-07,1.8196174928314357e-07,0.0001653064232338218,3.420981461900688e-10,7.59896062794641e-08,1.8629893865411028e-05,4.996553289582251e-05,4.863342893524939e-07,3.2158831667778766e-05,4.583679463060246e-06,4.681317130894334e-08,1.3128847159674697e-06,1.3342600570107829e-06,6.0042692614542697e-05,2.4282454130261383e-08
56,7.268409241556637e-05,6.794375861449979e-10,3.5588825528433676e-06,4.530511972007796e-05,4.3548036585956944e-07,4.146769725615046e-05,3.0027536507941206e-06,0.014237579993633854,0.00019586833143131276,0.9851049119836144,2.3058167171854055e-07,1.1902330089992451e-07,0.00013721508926037903,2.6151580833940663e-10,7.041095004641212e-08,1.5438110713380307e-05,4.834785424507574e-05,4.2536161715707753e-07,3.454688827135753e-05,4.0961005885309334e-06,4.6454978784081916e-08,1.2227332375578848e-06,1.2772924757620996e-06,5.212793065374377e-05,2.0892441206043475e-08
57,5.681591478737254e-05,5.3650078818222e-10,5.992795426174405e-06,3.305667620631163e-05,5.212828103206298e-07,3.9704661363184864e-05,2.8708485006633745e-06,0.013125073195314908,0.0001766943614368677,0.9862361873223646,1.7984371127463758e-07,1.456114132451278e-07,0.00015765237851982775,2.2519042389173714e-10,5.411467829019051e-08,1.7766427447879513e-05,5.0913970355248246e-05,3.0109392120827644e-07,3.463134710377882e-05,4.655136732843612e-06,6.028391097017248e-08,1.088470022483101e-06,1.0657157537956173e-06,5.4551027459508524e-05,1.675906810640835e-08
58,6.853749288896337e-05,6.528938321607052e-10,3.4201038014174206e-06,3.990351082101525e-05,4.0724564803410963e-07,4.503560164393931e-05,3.0767241738591362e-06,0.013343910957931478,0.0001755008851264274,0.9860025122658536,1.833347867627034e-07,1.1696449155735625e-07,0.00014166696469567153,2.5456568913523965e-10,6.568594633595093e-08,1.5602151246796043e-05,5.1472893217065624e-05,4.418717764824892e-07,3.63102106178253e-05,3.985402461620062e-06,5.0073242631454564e-08,1.2039640565793442e-06,1.3550355094161747e-06,6.521963544089047e-05,2.011716201336916e-08
59,7.071944083236379e-05,6.670787717249781e-10,4.098840524097809e-06,4.071027711837189e-05,4.462268356848034e-07,4.365989496433889e-05,3.1699264745452877e-06,0.01362102431664639,0.00018480932132456805,0.9857070707386091,1.9567739140714627e-07,1.204278045683493e-07,0.00014563971146782634,2.586667423961561e-10,6.614788706481989e-08,1.633657905501672e-05,5.375970818199663e-05,4.180331322080856e-07,3.6778398801132674e-05,4.250722588929321e-06,5.5323828963042716e-08,1.2059888325350022e-06,1.3897754866288388e-06,6.405309669885254e-05,2.049976776106575e-08
60,7.504884264013467e-05,7.430681955730195e-10,3.6684542151771567e-06,4.7903052728791675e-05,4.698484130037367e-07,4.3484032801152025e-05,3.123021452913448e-06,0.014031010925783812,0.00020984825826910085,0.9852970723899748,2.449539015816904e-07,1.2010079586444373e-07,0.0001271953226591425,2.7755106052246176e-10,7.598986153535395e-08,1.5561759492486286e-05,5.036969007106071e-05,4.3416777188152205e-07,3.5743134436107144e-05,4.122960026729726e-06,5.0301014624341453e-08,1.299750362905441e-06,1.3742710598195311e-06,5.175477991363908e-05,2.2971734616965928e-08
61,7.397353368980641e-05,7.057389593614405e-10,4.091972541956914e-06,4.124300629538388e-05,4.7199713396684657e-07,4.455044559780935e-05,3.2220029662543913e-06,0.013542959360123624,0.0001943780037831031,0.985776506636214,2.092021414888547e-07,1.2182579404858884e-07,0.00013949789444130852,2.7834413748691e-10,7.106230873543267e-08,1.6207922510535385e-05,5.437674910410412e-05,4.2626994972360605e-07,3.8396436989591536e-05,4.185456266898328e-06,5.616157796650532e-08,1.23997420699794e-06,1.4197366263087022e-06,6.237126451386954e-05,2.210113966776689e-08
62,7.504884264013467e-05,7.430681955730195e-10,3.6684542151771567e-06,4.7903052728791675e-05,4.698484130037367e-07,4.3484032801152025e-05,3.123021452913448e-06,0.014031010925783812,0.00020984825826910085,0.9852970723899748,2.449539015816904e-07,1.2010079586444373e-07,0.0001271953226591425,2.7755106052246176e-10,7.598986153535395e-08,1.5561759492486286e-05,5.036969007106071e-05,4.3416777188152205e-07,3.5743134436107144e-05,4.122960026729726e-06,5.0301014624341453e-08,1.299750362905441e-06,1.3742710598195311e-06,5.175477991363908e-05,2.2971734616965928e-08
63,7.976392041812213e-05,1.0615727129632957e-09,3.822060056004642e-06,5.396628106274089e-05,5.222550762564638e-07,5.237338320664991e-05,3.1654953644386506e-06,0.015032305553482448,0.00024622498511369414,0.9842225071368855,2.7446103660906506e-07,1.2725613674277976e-07,0.00012823392580417833,3.031645282435738e-10,9.536396531767613e-08,1.6827252457338438e-05,5.392811742974073e-05,5.186437146833149e-07,4.326123970539261e-05,4.230440528373311e-06,5.734828052378914e-08,1.5990942116987996e-06,1.5776788334613294e-06,5.458928066126093e-05,2.7461831826143706e-08
64,7.319483912420292e-05,8.282876660262668e-10,4.912495562275184e-06,4.894205393016645e-05,5.223433480066219e-07,5.1479914155140406e-05,3.291454671073822e-06,0.013562150660431732,0.00021050481618238313,0.9857209309284809,2.441921858485009e-07,1.452075206933387e-07,0.0001349801457062963,3.0229718744089615e-10,8.313861988739736e-08,1.871648182533e-05,6.129858172706026e-05,4.6900160697816496e-07,3.916814325873193e-05,4.668095074252705e-06,8.093584226692336e-08,1.470446535366121e-06,1.7064657354509417e-06,6.1014595643973105e-05,2.3932247376645874e-08
65,7.025974636423195e-05,1.447053995147978e-09,4.274399667773561e-06,6.217897715489759e-05,6.275482455216602e-07,8.250640271863643e-05,4.080712185478816e-06,0.013414842642859292,0.0002503683395620973,0.9857365971203341,2.4207524704328584e-07,1.646367117094394e-07,0.00013359553332083454,4.049448367043947e-10,1.1318014280915072e-07,2.0813736086906596e-05,7.251845450784412e-05,7.615503184395614e-07,4.7127505425211826e-05,5.846388139086578e-06,1.027104184785418e-07,2.0130046663736896e-06,2.7320734299820552e-06,8.819182367030501e-05,3.9586824122453574e-08
66,7.903249232508689e-05,1.6396421202009442e-09,3.2362145972914445e-06,7.040505966479477e-05,4.372653662314788e-07,6.416369302121232e-05,3.0353546413857183e-06,0.018300665057172226,0.00028854694459590473,0.9809050755154445,3.4726477577891716e-07,1.6623964795100667e-07,0.00010254384035199911,3.7356033154513996e-10,1.6252962149351106e-07,1.7465929326680517e-05,5.580917928582795e-05,6.953818432732605e-07,4.432329265154224e-05,4.085906550454721e-06,7.107036190896276e-08,2.3630711506536456e-06,2.0894574634778257e-06,5.524019556548856e-05,3.70313722903757e-08
67,7.490277933577798e-05,7.475696428375099e-10,3.6692257759393633e-06,4.809955342189256e-05,4.7030005443081176e-07,4.3874771120034234e-05,3.1370454902350295e-06,0.014006929675888317,0.00020998902508989384,0.9853197632918584,2.448172862409243e-07,1.2061312354045114e-07,0.00012718824856221663,2.7866675891267343e-10,7.625414484675795e-08,1.561923082665497e-05,5.0650129852209664e-05,4.3723329926959895e-07,3.581315760331481e-05,4.141153063618463e-06,5.074729257599578e-08,1.3076230139144467e-06,1.3868985918300197e-06,5.210407705703155e-05,2.3122011427587354e-08
68,3.473127789073655e-05,6.400215041674115e-10,3.6411169835188725e-06,3.651771186451627e-05,4.299217573695941e-07,8.299010566579454e-05,4.806333395175538e-06,0.016446378548868396,0.00018888431247661937,0.9829168877680257,1.7153437728417995e-07,2.7618078889277207e-07,0.00011380702047733955,2.500594607724554e-10,1.022196525172941e-07,1.5934391884981575e-05,5.323585149096638e-05,5.113028999384052e-07,2.0470775810652373e-05,5.442180974932885e-06,1.190309856060347e-07,1.8348002779960883e-06,1.8205015463457725e-06,7.098125229313035e-05,2.496953075119611e-08
69,0.00011194264402952255,9.078605934977851e-10,4.750895561797871e-06,4.335862206051549e-05,5.33493751418206e-07,5.059710074123882e-05,4.211903402879974e-06,0.01543888103599755,0.000182967527881989,0.9837032444622608,1.5468816116962874e-07,1.379302797514325e-07,0.00018938540264447666,3.737238989047903e-10,6.091253022907241e-08,2.3675444743588107e-05,6.659299999183202e-05,4.371362450729206e-07,6.697300015096459e-05,3.293945142517787e-06,4.9283738699562045e-08,1.5190080409573183e-06,1.1920112915316916e-06,0.00010601519783123713,2.407193571414086e-08
70,5.856872891542044e-05,6.010014454060666e-10,3.5248475300499745e-06,5.1360685813528576e-05,4.2606373195947384e-07,4.1164683798692055e-05,2.7178344023050247e-06,0.012614677038173391,0.0002090567175279728,0.9867832744566857,2.5100902749800766e-07,1.0832692276721747e-07,0.0001127166734238039,2.153132371145103e-10,6.456252357595258e-08,1.4682326841417921e-05,3.6731745267214266e-05,3.4831953558433615e-07,2.68729229835564e-05,4.1300331098073605e-06,4.2119708821038236e-08,1.0814893522812057e-06,1.2032282259943872e-06,3.697673090847736e-05,1.863927569517795e-08
