,0,1,2,3,4,5,6,7,8,9,10,11,12,13,14,15,16,17,18,19,20,21,22,23,24
0,0.00010006272040392048,0.0001223420315251803,7.3496462700985746e-06,0.00161774052136083,7.1090076023649106e-06,0.03695433083448655,1.8674225380025639e-06,0.0374645744822085,0.03747769348462254,0.8703554572715477,1.067677026114862e-05,2.5957065023785836e-06,6.391861438050017e-06,3.4458081062495385e-09,0.0003989305744367126,8.145251280126561e-05,0.0005351122790969967,7.794465371657314e-05,0.008711690976637907,2.0574241530222272e-06,1.3887952018427815e-05,0.005680623509283425,0.0002482871025127123,0.00010373492405088368,1.8082884716960344e-05
1,8.297442351277802e-05,4.7360255427654526e-05,6.154097879575084e-06,0.001358153172390804,5.7473113514777226e-06,0.024869054753615265,1.3795008726400025e-06,0.0351432543233671,0.035912112569108964,0.892719336611952,6.947047497163412e-06,1.4974275340953759e-06,6.8725885511736305e-06,1.7189396104256212e-09,0.00017777513218522855,7.851088976388286e-05,0.0003353656869889248,4.4235484030211236e-05,0.006343589755803906,1.8049965509459406e-06,7.116813779935984e-06,0.0026328545086816905,0.00014436303025799443,6.530816464029932e-05,8.229735316680697e-06
2,7.9883474953264e-05,5.610133690056765e-05,6.048228686608896e-06,0.0012187169688936308,5.973462580603447e-06,0.01982855975909265,1.2686594165816732e-06,0.040256731133048326,0.035120575523671795,0.8953884868016335,1.2135949992584879e-05,2.020598535585594e-06,6.430799787976412e-06,2.8232271936578643e-09,0.0003492108411708165,5.349873345675172e-05,0.00030925071598059714,5.7691376002331586e-05,0.004507885965472799,2.5719605469852936e-06,9.061477552562272e-06,0.0024542722826966005,0.00020133632105192112,6.0722361517705385e-05,1.1562444130062507e-05
3,9.008158484570634e-05,7.40028513286328e-05,5.942141912660043e-06,0.0016826984136778243,5.597028266026607e-06,0.03073663126480579,1.6445676002880608e-06,0.038394613289393434,0.03398795431296075,0.8831279503299422,8.983777367969865e-06,2.05948504208311e-06,7.031099467771948e-06,2.524243902787916e-09,0.00027327691742490306,8.150917459179046e-05,0.000440487739641044,7.039905334618495e-05,0.006698698639460206,2.1245713121331143e-06,1.0218352333427873e-05,0.003991743768791758,0.00020762998488268889,8.680448810583523e-05,1.1914639254747947e-05
4,9.280977324081858e-05,7.01090019043683e-05,5.841763469665725e-06,0.001671542545231339,5.506973132411809e-06,0.029738149666231003,1.677827637630079e-06,0.03890986351415943,0.03109534002335686,0.8866812902468133,8.575153456596275e-06,2.011247024224982e-06,7.988206309872435e-06,2.637945017369895e-09,0.0002552865202838572,8.393189987899061e-05,0.00043735629959375314,7.280635764645055e-05,0.006817024885382169,2.22173566887132e-06,9.570417173543445e-06,0.003727927328880388,0.00019829282309140065,9.367736939058248e-05,1.1195783097333886e-05
5,9.615981082777105e-05,8.022471348661888e-05,5.186345760485013e-06,0.0021386138389857573,5.444198700382208e-06,0.03460071216412278,1.6966296491482558e-06,0.04136616865043488,0.03254435718418423,0.8766639714775695,1.0037019726709956e-05,2.075580372415225e-06,8.005999685896298e-06,2.8661811008628772e-09,0.000293743472812367,9.360777252396362e-05,0.00045185433375828936,0.00010081423559624245,0.007034719354407701,2.509586269346763e-06,1.0346427564540978e-05,0.004157104564332007,0.0002288224146287195,9.222349836435791e-05,1.1597860054738171e-05
6,9.008158484570634e-05,7.40028513286328e-05,5.942141912660043e-06,0.0016826984136778243,5.597028266026607e-06,0.03073663126480579,1.6445676002880608e-06,0.038394613289393434,0.03398795431296075,0.8831279503299422,8.983777367969865e-06,2.05948504208311e-06,7.031099467771948e-06,2.524243902787916e-09,0.00027327691742490306,8.150917459179046e-05,0.000440487739641044,7.039905334618495e-05,0.006698698639460206,2.1245713121331143e-06,1.0218352333427873e-05,0.003991743768791758,0.00020762998488268889,8.680448810583523e-05,1.1914639254747947e-05
7,8.420602804906917e-05,0.00011096628098776182,5.808838406943612e-06,0.002031846369245576,6.77322782587093e-06,0.049892937109252945,1.933640764112013e-06,0.03767207608611568,0.04381648807131354,0.851723137569157,1.0577968409451153e-05,2.6071199157038864e-06,6.130167392632793e-06,3.2128534227209627e-09,0.0004139622706730386,0.00010210664336967772,0.0005290305974799485,0.0001150163218833211,0.00757321562223047,2.4428810731606603e-06,1.7302074617409702e-05,0.005419524287903222,0.0003446711980182047,0.00010118155092772926,1.6054862134118462e-05
8,8.598680662856524e-05,4.6886423836643046e-05,6.8838692166505564e-06,0.0011838408027511095,4.524205791212959e-06,0.01944729804660274,1.5483111403070723e-06,0.03207927767638898,0.0245645245821633,0.914032428846815,6.8059957137124425e-06,1.915753052660693e-06,6.974882943741363e-06,2.4681481430742635e-09,0.0002000912370390158,6.0070632340268335e-05,0.00041318097300043394,4.01975370060915e-05,0.004770363674916676,1.9363780795249004e-06,9.425427170684754e-06,0.0027342977186244426,0.00019093233274826337,9.94543223002886e-05,1.115109558132355e-05
9,9.372540631003262e-05,0.00011040382595366483,6.154673385377628e-06,0.002413405625667224,7.735566447018922e-06,0.05205742709155881,1.985313468119352e-06,0.045498443910393885,0.046758262625979374,0.8356085805991063,1.0697710299685339e-05,2.3793576908953037e-06,7.906435793884312e-06,2.4482575761740117e-09,0.00031738765620758504,0.00013448363070799236,0.000506832271297155,0.00011775718910575181,0.009893025783924678,2.443324809319958e-06,1.240910990308111e-05,0.006139806714520133,0.00020717015155909387,8.017604160044837e-05,1.139753605293774e-05
10,9.008158484570634e-05,7.40028513286328e-05,5.942141912660043e-06,0.0016826984136778243,5.597028266026607e-06,0.03073663126480579,1.6445676002880608e-06,0.038394613289393434,0.03398795431296075,0.8831279503299422,8.983777367969865e-06,2.05948504208311e-06,7.031099467771948e-06,2.524243902787916e-09,0.00027327691742490306,8.150917459179046e-05,0.000440487739641044,7.039905334618495e-05,0.006698698639460206,2.1245713121331143e-06,1.0218352333427873e-05,0.003991743768791758,0.00020762998488268889,8.680448810583523e-05,1.1914639254747947e-05
11,8.965562169323618e-05,6.41776281096477e-05,5.5848721773966315e-06,0.0015737934691698523,5.086869381500325e-06,0.02770137655354369,1.631575763474078e-06,0.04035161784969967,0.031207148725424294,0.8878430835481551,8.061742447699821e-06,1.9563880127918633e-06,7.815561349008364e-06,2.3628326095273164e-09,0.0002404922764172809,7.976232510812205e-05,0.00042935687664298166,6.64179692056858e-05,0.006389849764510409,2.099802599464536e-06,8.832041302123413e-06,0.0036371800484851107,0.0001845426482866312,8.985644980303937e-05,1.0617029879144879e-05
12,0.00010038584765522404,8.962834824049615e-05,6.56221985150603e-06,0.002165776702890388,1.49525684731919e-05,0.0592323097736356,3.0552911403008134e-06,0.023192661229771448,0.04001630755518753,0.8622935000083581,1.3201298434616369e-05,2.9643962034230432e-06,8.400868520725748e-06,8.089595392477019e-09,0.00037033402481956215,0.00011847900009845731,0.0006592301723387662,0.00020316802399832637,0.007317054988537215,5.0241625071197626e-06,2.4299410380718362e-05,0.003351948564912247,0.0006367631517366838,0.0001500297351092297,2.3954567603722285e-05
13,8.065797073258436e-05,0.00011146538371880447,5.36458646605079e-06,0.0017061307420633248,5.4323610048887445e-06,0.07134640880945493,1.8110706231912312e-06,0.03498813249207688,0.038794977709182506,0.832490611457115,4.090047966996861e-06,1.6487598100440587e-06,6.872507425724021e-06,1.4529745189739479e-09,0.00019231644451034256,0.00011003883557986625,0.000584818507460151,8.137774425327742e-05,0.012814573506183936,1.5306215399162606e-06,1.1632620339213897e-05,0.006311201220130155,0.00020322881028606092,0.00013431682500150217,1.1359514100094563e-05
14,8.396798219408665e-05,1.7197943350662632e-05,4.0045676907522526e-06,0.0006234535186779682,1.99092968720709e-06,0.01250553461613316,2.364654234963194e-06,0.0346587457163263,0.03047694941130605,0.9157119680327266,2.986741461490903e-06,2.074210708483244e-06,3.4088821689993775e-06,1.3361153426713451e-09,0.00012066828822619132,3.6463675498840626e-05,0.0005425306717050755,1.6450109591390775e-05,0.0019559726127159863,8.063257512700196e-07,8.272052984333226e-06,0.002908152627838612,0.00018775038984645184,0.00011530315481195505,1.298154824789751e-05
15,9.008158484570634e-05,7.40028513286328e-05,5.942141912660043e-06,0.0016826984136778243,5.597028266026607e-06,0.03073663126480579,1.6445676002880608e-06,0.038394613289393434,0.03398795431296075,0.8831279503299422,8.983777367969865e-06,2.05948504208311e-06,7.031099467771948e-06,2.524243902787916e-09,0.00027327691742490306,8.150917459179046e-05,0.000440487739641044,7.039905334618495e-05,0.006698698639460206,2.1245713121331143e-06,1.0218352333427873e-05,0.003991743768791758,0.00020762998488268889,8.680448810583523e-05,1.1914639254747947e-05
16,8.931898974942994e-05,5.200814013680616e-05,6.373465335682244e-06,0.0024471955672653845,5.616156790026744e-06,0.03035622616560661,1.9680193141367484e-06,0.03786721945276948,0.022749263364000342,0.8961630446672665,1.3178163420703432e-05,2.744404777917981e-06,9.740358025397057e-06,4.0818786975648654e-09,0.00031003853074857134,0.0001379393112920313,0.0004359619553253882,0.0001340260368902157,0.00545803688732318,3.6771149398030995e-06,1.5447416694515352e-05,0.0033837994802641503,0.0002546319856938436,9.447537451394542e-05,8.064909977276075e-06
17,0.0001432010584841629,6.463418377810864e-05,8.464781003466271e-06,0.0021837848294157603,6.950682760303297e-06,0.019713023008490628,2.6303711023210444e-06,0.04909184136635282,0.03527778285948385,0.88280830478506,1.3815443864816312e-05,3.6130016763843765e-06,8.987495790278971e-06,4.361089880168059e-09,0.0002674503835709411,8.319913849150936e-05,0.0006233387807656419,5.9000002804084775e-05,0.004578977111511172,2.77374041432655e-06,1.2078269026370632e-05,0.004722290600767508,0.0002162366904385882,9.052854100927591e-05,1.7088512847533134e-05
18,0.00015520819784232157,9.956130868278217e-05,5.722846019318414e-06,0.0015586428645869095,6.317603168974667e-06,0.030611052973570592,2.671676243958124e-06,0.033127544365179874,0.03722683505259703,0.8794838685123211,9.920855814916294e-06,2.3527772893223132e-06,6.490389943380567e-06,3.817408544961421e-09,0.0002781018810876762,6.527307040587949e-05,0.0011634917545571366,8.685991475619298e-05,0.00862883145063317,2.0526322057475984e-06,1.2640042417048133e-05,0.0069756057460250084,0.0003168620466516995,0.00014496323082932922,2.9124989762048925e-05
19,6.081621861911738e-05,3.3856738161496726e-05,5.19511537632371e-06,0.0010919238119608244,3.6590181928829653e-06,0.02432606304688034,1.5887797244575927e-06,0.035594555165934315,0.0265722914608294,0.9042988725468087,4.6095696469013795e-06,1.9015932659055046e-06,6.493629497430157e-06,1.247804930804652e-09,0.00013292013654966382,6.211761237770535e-05,0.00033771833922319525,3.1722234032637866e-05,0.004129552427414207,1.5066828280627155e-06,6.628483432024589e-06,0.003101312967255402,0.00011352118076761649,7.365595694494314e-05,7.516036471689832e-06
20,7.062018731896759e-05,0.00012735568691687072,5.5996566241206e-06,0.002013124115415753,4.629142291894276e-06,0.03873221531069883,1.6321767534435165e-06,0.05896419856665475,0.035206908550107,0.8499505636344379,1.1569737914785812e-05,3.517164598770333e-06,6.7485198666049566e-06,2.9186929936649993e-09,0.0005584156127497346,9.19891518554695e-05,0.00042921979993232106,0.00010257822520825205,0.006382988464041975,2.3073996820344357e-06,1.4668460474381601e-05,0.0069862410951840315,0.00022980666575724582,8.936069151862341e-05,1.3739065303332822e-05
21,0.00011376172124979768,6.161046426888469e-05,6.289915349648003e-06,0.0029622770531843833,7.063591781317144e-06,0.024384632310480173,1.7833331286571085e-06,0.038493439016614804,0.031190066694098854,0.8933648041042598,1.8055223453120362e-05,2.7795749539252786e-06,8.635712018286846e-06,4.946367496740625e-09,0.00032797591048113953,0.0001094487756456025,0.00035783138288717235,0.00010196815900674096,0.004997236082115876,3.6044965094420986e-06,1.0673049885268059e-05,0.003158149950656728,0.00024064055903547611,6.56977279772544e-05,1.1570244590174003e-05
22,8.066920611742334e-05,3.8394183911027905e-05,5.62072609205489e-06,0.0018259593075367763,4.851560768463839e-06,0.019053335623449005,1.5622445670508567e-06,0.028345648293201752,0.02248566068407191,0.9198898322975202,1.2854435662409422e-05,1.925507991168997e-06,6.663277766107359e-06,2.746213751696107e-09,0.00021499428072990548,7.567026849153525e-05,0.0005005103812821946,7.661126824883134e-05,0.004031076094117104,2.8208214468256244e-06,1.0663046737575205e-05,0.0030484425789619974,0.0002115374794547011,6.518920066092217e-05,9.504484999264509e-06
23,9.008158484570634e-05,7.40028513286328e-05,5.942141912660043e-06,0.0016826984136778243,5.597028266026607e-06,0.03073663126480579,1.6445676002880608e-06,0.038394613289393434,0.03398795431296075,0.8831279503299422,8.983777367969865e-06,2.05948504208311e-06,7.031099467771948e-06,2.524243902787916e-09,0.00027327691742490306,8.150917459179046e-05,0.000440487739641044,7.039905334618495e-05,0.006698698639460206,2.1245713121331143e-06,1.0218352333427873e-05,0.003991743768791758,0.00020762998488268889,8.680448810583523e-05,1.1914639254747947e-05
24,0.00010782841250926282,8.067632512773467e-05,6.125760641507541e-06,0.002667480078072193,6.708966007095041e-06,0.032113342782382884,1.6779906088827541e-06,0.04067534438244453,0.03153946063673251,0.8805111940961412,1.2225935556967817e-05,2.4771073662320656e-06,9.226078710172614e-06,3.311194529117747e-09,0.0002601991961293356,0.00010005442513100077,0.00043254365004578074,9.142603690547424e-05,0.006875079923646084,2.86090494166322e-06,9.517827747674898e-06,0.004212203697354782,0.00019387249506483108,7.668528185631719e-05,1.178469768150463e-05
25,9.767984845794228e-05,2.976792251191949e-05,5.275081574152974e-06,0.0019119098369746628,4.3947259042492365e-06,0.010973182363704743,1.6526745652261663e-06,0.04945937172705253,0.023540764616143066,0.9082724261017878,1.556736592037549e-05,2.4275387140987137e-06,9.205445005620328e-06,3.220259857275928e-09,0.00022219513120013684,6.20608044607072e-05,0.00033861481275580325,5.487533200649027e-05,0.002531753013448536,3.211977816374139e-06,6.1618180804879185e-06,0.002246599718259662,0.0001489098299386209,5.308765340556728e-05,8.901440051467731e-06
26,9.594002780170852e-05,5.4263205734548916e-05,4.932597593941923e-06,0.0010893151087919982,5.183775262207878e-06,0.03230778049479874,1.7413998655497602e-06,0.030131004457390705,0.0419756284966785,0.8831498073502682,5.697236265588935e-06,1.2447428263930606e-06,6.592179818285993e-06,1.8403303387413924e-09,0.0001909972298662142,6.695218230201693e-05,0.0005558305713864421,7.047457880182105e-05,0.007027152589615973,1.8338733047998838e-06,9.963919857961981e-06,0.0028213856269671735,0.00029649136326666373,0.00011742659815848868,1.2358553045753144e-05
27,8.906204993305785e-05,0.00010035883414489586,5.098050609404836e-06,0.0018017532018386627,5.19854383616342e-06,0.03433185496531086,1.6427819692786384e-06,0.04742899742755332,0.042583591887753985,0.8598001437319505,9.633954397823539e-06,2.421706308348506e-06,6.067162973873409e-06,2.344989038672377e-09,0.0003353209940563879,7.447793285113607e-05,0.00042962192433882465,6.746295893433953e-05,0.007062664504183265,1.787755880968218e-06,8.568182626076733e-06,0.00557589380011805,0.00018742246237676266,7.576215246485237e-05,1.5190688600212719e-05
28,9.008158484570634e-05,7.40028513286328e-05,5.942141912660043e-06,0.0016826984136778243,5.597028266026607e-06,0.03073663126480579,1.6445676002880608e-06,0.038394613289393434,0.03398795431296075,0.8831279503299422,8.983777367969865e-06,2.05948504208311e-06,7.031099467771948e-06,2.524243902787916e-09,0.00027327691742490306,8.150917459179046e-05,0.000440487739641044,7.039905334618495e-05,0.006698698639460206,2.1245713121331143e-06,1.0218352333427873e-05,0.003991743768791758,0.00020762998488268889,8.680448810583523e-05,1.1914639254747947e-05
29,9.008158484570634e-05,7.40028513286328e-05,5.942141912660043e-06,0.0016826984136778243,5.597028266026607e-06,0.03073663126480579,1.6445676002880608e-06,0.038394613289393434,0.03398795431296075,0.8831279503299422,8.983777367969865e-06,2.05948504208311e-06,7.031099467771948e-06,2.524243902787916e-09,0.00027327691742490306,8.150917459179046e-05,0.000440487739641044,7.039905334618495e-05,0.006698698639460206,2.1245713121331143e-06,1.0218352333427873e-05,0.003991743768791758,0.00020762998488268889,8.680448810583523e-05,1.1914639254747947e-05
30,9.008158484570634e-05,7.40028513286328e-05,5.942141912660043e-06,0.0016826984136778243,5.597028266026607e-06,0.03073663126480579,1.6445676002880608e-06,0.038394613289393434,0.03398795431296075,0.8831279503299422,8.983777367969865e-06,2.05948504208311e-06,7.031099467771948e-06,2.524243902787916e-09,0.00027327691742490306,8.150917459179046e-05,0.000440487739641044,7.039905334618495e-05,0.006698698639460206,2.1245713121331143e-06,1.0218352333427873e-05,0.003991743768791758,0.00020762998488268889,8.680448810583523e-05,1.1914639254747947e-05
31,0.00011581648511840686,8.111040344727715e-05,8.580555999380484e-06,0.0015853563249649614,5.144358464581204e-06,0.020984193307142605,1.629767631070588e-06,0.07319464869801652,0.03485831097478873,0.8564131052505265,8.038003421401515e-06,2.299305139691812e-06,1.197429436905303e-05,2.209053996875418e-09,0.00027821375314380185,9.696438627828165e-05,0.0004764143114876781,6.369203322188215e-05,0.007454645435847913,2.2486469148395863e-06,9.908375242818418e-06,0.004067356952912434,0.00016232791783577327,0.000108353627021626,9.664622008842384e-06
32,9.789894077478864e-05,8.646306686809333e-05,6.209301721968525e-06,0.0016987826534561239,5.946607809801808e-06,0.032640335963600095,1.6247616537478077e-06,0.03915340583743996,0.03433822504608003,0.8783143289739204,8.675446153229284e-06,2.001031999443767e-06,7.677102474811122e-06,2.633083226562492e-09,0.00027753089615120745,8.698373192389159e-05,0.00047244573627921034,7.62432170949824e-05,0.008151267362314751,2.109994133879995e-06,1.0252746736115963e-05,0.004244635218352635,0.00020784807289664218,9.670006540663834e-05,1.240559167432346e-05
33,0.00013851528424237296,0.00014492778055010046,4.886846379031775e-06,0.002653663720485866,4.467200858628536e-06,0.052067374975708056,2.452690513151588e-06,0.05351240592562804,0.01912621581373229,0.8352887922994153,3.405858940107847e-06,1.846108145959526e-06,1.822069445336211e-05,2.0861224168141836e-09,0.00012725265557722075,0.00019432719026267847,0.0011552197101734251,0.0001508160137360185,0.023858403693720474,1.8139123112289462e-06,7.031635335730375e-06,0.011105403619094638,0.00012291668091109922,0.00030060773514651885,9.029868556193577e-06
34,0.0001749533284243762,7.656292270402829e-05,7.706000082471572e-06,0.001818762650247806,8.576436035271905e-06,0.020612901575302277,1.6777226803745922e-06,0.041714790782500316,0.0393831121788451,0.8829697638567554,1.2172957374128674e-05,1.845753262094723e-06,9.618870471772164e-06,3.778303318651532e-09,0.000265360599227954,8.647172091239619e-05,0.0004930914944180378,7.423582274392655e-05,0.00879923565841537,2.414260927668194e-06,8.790868589122533e-06,0.00316867145705459,0.00020722369757659862,8.807820493058538e-05,1.3977402215064936e-05
35,4.26889548751451e-05,4.131351945021616e-05,6.887333973737736e-06,0.0014008844356224051,6.157459597039076e-06,0.036411708945849476,1.8116873297377784e-06,0.011356363924337361,0.012026861415212082,0.9313265905637371,8.821656334354105e-06,2.203127429263709e-06,5.799281131162967e-06,5.628935664297528e-09,0.00026341146185656413,8.303953869349797e-05,0.00039862282617114707,9.094916350792008e-05,0.003893343770932189,3.930469302522636e-06,2.498911884130685e-05,0.001983380445441942,0.00046906117833620415,0.00013988856434175485,1.1285528760085599e-05
36,6.897793641216512e-05,6.543222195678235e-05,9.033090734889194e-06,0.0012654606690119324,8.446124746425817e-06,0.044117967470735785,9.43162883267302e-07,0.01822542887783217,0.03228018824845242,0.8931191142017392,6.806066120486865e-06,9.102402627493681e-07,6.132360745317789e-06,2.252432495171209e-09,0.0002407202640221405,7.761886906835535e-05,0.00023307494446389004,5.549107658160177e-05,0.008501483961432044,2.391172361869895e-06,1.5226227864206263e-05,0.0012749151018536132,0.0003302142035421367,8.548490010392455e-05,8.53635463985306e-06
37,0.0001401386755243995,6.724934336148976e-05,7.4328855281313024e-06,0.0019947988701793764,6.749939427345315e-06,0.02721613123106393,2.4418754442188773e-06,0.02610550496971643,0.020987167189134265,0.9110403346405149,9.90310452008466e-06,2.35047763349789e-06,1.0051053196582558e-05,6.082295618980464e-09,0.00024739029115165953,0.00010727264522308636,0.0006604514601670493,0.00010557205397883689,0.007293284178177819,3.107825251939397e-06,1.5318830598189946e-05,0.0034449606446004194,0.0003404622680746272,0.0001769883659166665,1.4931099319218709e-05
38,6.505746517263384e-05,7.890929933635028e-05,5.061128258797788e-06,0.001759918588907687,4.776221662100266e-06,0.04723596102637749,1.6864056880987648e-06,0.03475922756175916,0.030399087167068538,0.8726878992130624,7.849828962546775e-06,2.094862149582702e-06,7.022615208117384e-06,2.207574078844209e-09,0.0003249325726333544,0.00011048792815603197,0.0003908666689787747,0.00010074566139274302,0.007267251253959628,2.12479143062528e-06,1.3890146251504464e-05,0.004412913264351064,0.0002535941935788947,9.963750906370658e-05,9.002419016052798e-06
39,8.413444706476465e-05,8.322389119546608e-05,6.617179101687184e-06,0.0017112283915701107,5.460195996279325e-06,0.035936209304759666,1.6308570010575545e-06,0.04244450326781655,0.035760256465375624,0.8706378752534509,7.839485749836827e-06,2.1408640941656116e-06,7.164830532814616e-06,2.1008942217041173e-09,0.00027670086210630676,9.353449890312193e-05,0.0004739197151812071,7.118744443246827e-05,0.0074003190156039025,2.0629744598407282e-06,1.235864054759194e-05,0.0046717200745372625,0.0002060103112279855,9.304102146728898e-05,1.0858906929944891e-05
40,0.00017776903491220132,0.00020685651637531303,1.789023409516957e-05,0.002181768752290534,1.6673383319716674e-05,0.029099021327290524,2.516642052040193e-06,0.04363811238952765,0.04724799010719761,0.8583913333239056,2.2244409911561016e-05,4.896853795553259e-06,9.057947064935676e-06,8.901547648586682e-09,0.0006176701627112836,9.933050356798116e-05,0.0006326002582223647,7.74387755627834e-05,0.010363765695570962,3.2681363972974935e-06,2.2209097815791772e-05,0.0067247107523220875,0.00030331104717877213,0.00010827592507620561,3.1279822288499454e-05
41,8.835656265394318e-05,7.137665084984463e-05,5.955071164369717e-06,0.0015731495238122076,5.2285395343986896e-06,0.030388702180622,1.7039558955496804e-06,0.036027183208789004,0.032213350232450866,0.8877720957534802,8.374425350271541e-06,2.0927646449090203e-06,6.646111540117078e-06,2.471029706989661e-09,0.0002633112621243743,7.722786130143672e-05,0.0004744551083579755,6.600452210571902e-05,0.0064512873483514145,2.0207359619166937e-06,1.0749227382905361e-05,0.004169894758289301,0.00021499216783552898,9.330443693571875e-05,1.2535119536382552e-05
42,7.707860928739747e-05,0.0001839242309700593,8.33186172129374e-06,0.0028032253456869534,4.621755155258005e-06,0.05140661694705428,1.4403969662973632e-06,0.09551310274762813,0.05099000098078853,0.7715545058860517,5.904288255936175e-06,2.6911620651372135e-06,8.183313482914431e-06,9.280090559695276e-10,0.00026687497918190776,0.00016099079981141175,0.0005858895552097986,6.359766339767454e-05,0.0129679374679886,1.530130341384714e-06,1.1041022462984223e-05,0.013187326775361573,0.00010666483992188886,7.985802900372696e-05,8.660284196325451e-06
43,0.016772026106122977,0.031632000339917275,2.5045434215130684e-05,0.061241377816243135,0.0003595834996407309,0.003260935835345962,1.6291831206375336e-05,0.0672066981962099,0.4102717611850333,0.23584627521310464,0.0352808722818727,5.532005904939806e-05,6.132794315605325e-06,3.083747470437551e-05,0.06134847032410496,5.8634246090779815e-05,0.0006466453373831289,0.0009178431621342948,0.015416136994582712,1.542569057693869e-05,3.031065388565611e-06,0.02368286965272652,0.0034980194472908313,3.6949970125707734e-05,0.03237081604261406
44,9.008158484570634e-05,7.40028513286328e-05,5.942141912660043e-06,0.0016826984136778243,5.597028266026607e-06,0.03073663126480579,1.6445676002880608e-06,0.038394613289393434,0.03398795431296075,0.8831279503299422,8.983777367969865e-06,2.05948504208311e-06,7.031099467771948e-06,2.524243902787916e-09,0.00027327691742490306,8.150917459179046e-05,0.000440487739641044,7.039905334618495e-05,0.006698698639460206,2.1245713121331143e-06,1.0218352333427873e-05,0.003991743768791758,0.00020762998488268889,8.680448810583523e-05,1.1914639254747947e-05
45,5.821717226428852e-05,5.634641638400822e-05,4.031351350532572e-06,0.0014265570606001672,3.2696938383884287e-06,0.029193694739297046,1.5525344546161407e-06,0.06885962484440403,0.028902405757390216,0.8607984944498542,5.722372857230738e-06,1.9687098714812335e-06,8.774733682148551e-06,1.4023214335270859e-09,0.00025968186189317765,9.636885683824033e-05,0.00030279936990213683,7.088806088250024e-05,0.005758718167222778,1.8256305676126472e-06,6.711784197471817e-06,0.00397955284428494,0.00011313813819489368,8.392397423653429e-05,5.730073210031753e-06
46,0.00010973473383759249,3.58223820987511e-05,5.11299725123014e-06,0.0018156407587542674,3.0901869517804374e-06,0.02512610768905443,2.213960416116115e-06,0.03376012546764998,0.020966249060103793,0.904581991421863,4.34577645431259e-06,2.2028739918240096e-06,7.65224069479815e-06,1.1744585377721803e-09,7.606902211716596e-05,7.770130709115126e-05,0.0011312712685486992,3.879200304991145e-05,0.005094548051464757,1.5010271592774027e-06,8.805945715848589e-06,0.0069107908053992,0.00012322944215351962,0.00010695172837381394,1.0048675346264674e-05
47,7.602954165134628e-05,7.830183171148275e-05,5.83820139229748e-06,0.00156180175382769,6.465294631650412e-06,0.033200011353676805,1.5231693424824982e-06,0.03468201438444829,0.03774689180798887,0.8817777307860569,1.1370150132185243e-05,1.9831696863670417e-06,5.9674346732714755e-06,2.9403399845793324e-09,0.00036537285281024466,7.38348241520427e-05,0.0003701389618459393,8.061563208510775e-05,0.006214788853861284,2.3964973614364616e-06,1.1539438748876124e-05,0.0033873568406403583,0.00025115939313057447,7.413432924559413e-05,1.2730556558861376e-05
48,7.222341949581905e-05,0.00011451957265074122,1.9149879821239246e-05,0.009096185809753679,2.7091691207059385e-05,0.027050125771311377,1.8023396586055104e-06,0.03904857580896658,0.100184464833126,0.8159609563121804,0.00030676826619209193,1.3306767903958356e-05,3.91818676144239e-06,2.4950766154704157e-08,0.0029034496731294235,0.00011523181899337894,0.00010881182401581917,0.00013899374659959477,0.001237349073529117,1.381407281999747e-05,5.2017890991532406e-05,0.002552656058428991,0.0009364367470750376,1.0461873279018418e-05,3.166361134314716e-05
49,6.992454184743913e-05,8.600984564242626e-05,6.888142434181096e-06,0.0016840625872933798,5.116584014422724e-06,0.03958154604368948,1.6681785171900294e-06,0.04375894543922856,0.035548095262261034,0.8652049737081651,6.9969287630232385e-06,2.6546377439270502e-06,6.794822366940406e-06,1.694454797737065e-09,0.0002458921786861804,8.774639436103947e-05,0.00046472969167369314,5.6683745741867624e-05,0.006877230205673965,1.9326507490347827e-06,1.14457319682415e-05,0.006033645745953788,0.00016247385868811776,8.35039056676403e-05,1.1037474414592463e-05
50,7.921477456639761e-05,2.0291223267659846e-05,3.783213724735031e-06,0.0009720228086494694,2.8754552057869947e-06,0.012105782907981491,1.4479428703300299e-06,0.034701134293375374,0.01723051504507576,0.9292964707354298,5.307003786020621e-06,1.3479807492217884e-06,7.49664400071373e-06,1.7423238379550732e-09,0.0001189054271644277,4.667730908026351e-05,0.0003172728912141612,3.399770715897518e-05,0.003121254511873734,1.7394909525419779e-06,4.186714460776419e-06,0.001736009401854899,0.00010691191866265011,7.870613567267806e-05,6.646720898347961e-06
51,5.861770167028867e-05,2.8768244381210114e-06,4.4987202778322865e-06,0.00013823583420509328,4.23825440825878e-06,0.008993514041164724,1.7627143951916458e-06,0.006578853650161678,0.011566009371422522,0.9690609905639769,1.451696579037975e-06,5.28316650980658e-07,5.201484097965003e-06,1.2416078846206465e-09,3.0118288007413446e-05,2.910252087774201e-05,0.0004599216470846467,1.6020808342845665e-05,0.002363383950573534,1.3163142947697327e-06,6.532133199461743e-06,0.0003326754344471012,0.00018471678693258482,0.0001550004747857061,4.4312263974999374e-06
52,5.171260400075817e-05,2.9197947189810728e-05,2.6119646506167827e-06,0.0013284592876876358,3.388553859070676e-06,0.024430420828156666,1.0159251612903548e-06,0.03431598200959073,0.02091899470708422,0.91231873526063,6.628560751229044e-06,1.348920352461465e-06,6.541615760529159e-06,1.6070115540817873e-09,0.00018544951928547553,6.082988979437693e-05,0.0001935263263374092,6.895857318008856e-05,0.004013647282962738,2.0693223904236325e-06,4.454746385628622e-06,0.0018905660395835268,0.00010890373621790834,5.163145576177643e-05,4.923316213819553e-06
53,6.603414800402272e-05,3.736071805884224e-05,6.048570526615252e-06,0.0018505050474940071,5.731475038936045e-06,0.026854303756322896,2.418642290251128e-06,0.02757216374812546,0.03099594930687443,0.9059086906050949,1.4132139676744942e-05,2.810350764815586e-06,6.019719754834001e-06,3.816264690261532e-09,0.000309600581244084,8.218391334930471e-05,0.0003948112363204881,8.275017429213683e-05,0.0026948053693553733,3.640067204199707e-06,1.7124217384289986e-05,0.002602389446391691,0.00040162032543477726,7.625620165891206e-05,1.264642307335722e-05
54,0.00012300330411294357,0.0002717979026474673,6.439060256870331e-06,0.0024261074326230475,6.788933360750264e-06,0.05628722794406369,2.1172257980684327e-06,0.05500098140073749,0.05150808372306069,0.8086071643744637,1.1051839850944445e-05,3.464553514411088e-06,6.566459262020157e-06,4.163455492284366e-09,0.0005930268198241999,0.00010614738413463809,0.0005569753043381488,9.840892903514772e-05,0.013552012926722808,1.7310944187974099e-06,1.25844882368568e-05,0.010413021724347823,0.00025527783185727706,0.00012190704320399366,2.8108136672772433e-05
55,9.11436787037618e-05,6.158388161505839e-05,4.893422959148483e-06,0.0017959675402224847,5.997317790085195e-06,0.030377627627175687,2.1148278734278108e-06,0.05504744135440084,0.04223313968672256,0.8597874459426823,8.502295345570934e-06,3.188627823959969e-06,9.026411625538015e-06,2.7956629804921694e-09,0.00026485750270841387,0.00010054197758449594,0.0003725257229085064,8.319349439921566e-05,0.005296475698248158,2.456936751538389e-06,8.177567382269199e-06,0.0041700234354559,0.00017714565128805474,8.545575163172012e-05,1.1070851038442724e-05
56,8.950932800756531e-05,6.592817143917645e-05,5.661886670767944e-06,0.0016304085491706984,5.267133934423659e-06,0.029136878375726344,1.6376673306371105e-06,0.039960560149163785,0.031872880825549836,0.8859309043631555,8.270450267950777e-06,1.986241764439346e-06,7.735900280331392e-06,2.39580695686718e-09,0.00024585090095529576,8.136867676521709e-05,0.0004273906199006467,6.858788877195967e-05,0.006469147415334512,2.1472848535619185e-06,9.234817655821065e-06,0.0036904634889759706,0.00018908778627904158,8.834110591238954e-05,1.0748576327369637e-05
57,7.154384882841461e-05,5.4232985938773615e-05,9.532200838315279e-06,0.001175716145042898,6.152526127403385e-06,0.025296045215097655,1.5691539329283211e-06,0.03690916386169239,0.031116936194184503,0.8947278189710303,6.214979801661182e-06,2.2976735325686024e-06,7.684550000621594e-06,1.7517702994694887e-09,0.00017858583934698627,8.20819756571667e-05,0.000423003486254204,3.708873634227801e-05,0.006033908276120992,2.0724104624419122e-06,1.0506361138606227e-05,0.0036218364765064097,0.00013544879703408677,8.181892221421856e-05,8.738661103566542e-06
58,8.675238529768749e-05,6.33536346002538e-05,5.401037326251599e-06,0.0013529188982088366,4.7794542573249465e-06,0.029585589780205788,1.6248572061592e-06,0.03621652249162053,0.02807808114282302,0.8929147777437905,6.456631484990021e-06,1.7969818477144134e-06,7.669934944306062e-06,2.210467257595932e-09,0.00022044697605594875,7.64112650556247e-05,0.00045174782994607206,6.563497941953025e-05,0.006928494963635288,1.9221641396697854e-06,9.11317359244516e-06,0.0036138038932177845,0.00018768639001825479,0.00010877191513862786,1.0239265700408047e-05
59,8.853515975483709e-05,6.489847055414742e-05,6.447019462528591e-06,0.0013912526715458946,5.2227383533686445e-06,0.028507271250450113,1.6745567959933533e-06,0.03703808199899894,0.029546362273818058,0.8916921172685637,6.918675798032171e-06,1.8766308170764075e-06,7.869125335945573e-06,2.271292505490135e-09,0.00022414253722703747,7.969274708603202e-05,0.0004645451780403121,6.171264806045175e-05,0.006873556872030974,2.0669154279812566e-06,1.0061679745875837e-05,0.0036147583681024886,0.0001938778104115074,0.00010655114295563167,1.0503989370469715e-05
60,9.008158484570634e-05,7.40028513286328e-05,5.942141912660043e-06,0.0016826984136778243,5.597028266026607e-06,0.03073663126480579,1.6445676002880608e-06,0.038394613289393434,0.03398795431296075,0.8831279503299422,8.983777367969865e-06,2.05948504208311e-06,7.031099467771948e-06,2.524243902787916e-09,0.00027327691742490306,8.150917459179046e-05,0.000440487739641044,7.039905334618495e-05,0.006698698639460206,2.1245713121331143e-06,1.0218352333427873e-05,0.003991743768791758,0.00020762998488268889,8.680448810583523e-05,1.1914639254747947e-05
61,9.061870860080491e-05,6.827260433247023e-05,6.5110258681727806e-06,0.0013955935631031473,5.513056522420933e-06,0.028958893288366785,1.6966912965476345e-06,0.03574206891472281,0.03117980092046602,0.8907740065361001,7.5162259699920075e-06,1.9625103118187205e-06,7.324859550825363e-06,2.4478612544225657e-09,0.0002432087367979082,7.79558827848167e-05,0.00046529737820271924,6.133788663708919e-05,0.006859752659751409,2.0185669365473285e-06,1.0515143411335242e-05,0.0037216881602787277,0.00020446564530299317,0.00010236075501176345,1.1617831811485489e-05
62,9.008158484570634e-05,7.40028513286328e-05,5.942141912660043e-06,0.0016826984136778243,5.597028266026607e-06,0.03073663126480579,1.6445676002880608e-06,0.038394613289393434,0.03398795431296075,0.8831279503299422,8.983777367969865e-06,2.05948504208311e-06,7.031099467771948e-06,2.524243902787916e-09,0.00027327691742490306,8.150917459179046e-05,0.000440487739641044,7.039905334618495e-05,0.006698698639460206,2.1245713121331143e-06,1.0218352333427873e-05,0.003991743768791758,0.00020762998488268889,8.680448810583523e-05,1.1914639254747947e-05
63,9.773250352728338e-05,0.00010357742560364631,6.372973857193301e-06,0.0018485249408296692,6.257585280181833e-06,0.03673361738493828,1.7386516010160088e-06,0.04182022939841569,0.03874932375951894,0.8661208273789441,9.902245161265916e-06,2.2664870877332757e-06,7.324027583656121e-06,2.855485207713257e-09,0.00033653071306751127,8.959119759235653e-05,0.0004843037556210233,8.322059461049319e-05,0.008250040146904046,2.180108171125998e-06,1.1624496432720518e-05,0.004892320990919735,0.0002331472730659238,9.489112878908356e-05,1.445197699203921e-05
64,8.761200204583698e-05,7.747460276231043e-05,7.80555253239258e-06,0.0016687753686249675,6.135349290497057e-06,0.03364615866198584,1.7496748009109482e-06,0.03488867125246223,0.03365522126621468,0.8837323620706738,9.015748625604312e-06,2.4066794879982097e-06,6.9511154256577395e-06,2.706688284204458e-09,0.0002902689685566525,9.02886927911985e-05,0.0005128678640261638,6.823004451464711e-05,0.006567251041486204,2.300859784093506e-06,1.603540247431681e-05,0.004295004970888402,0.0002570809326948742,9.779702438509202e-05,1.2532146777181077e-05
65,9.728637733549487e-05,0.00012904811387966862,7.4648500655708e-06,0.0020722350020919637,7.564890741021004e-06,0.054571311780390534,2.230675249317001e-06,0.036433943976833694,0.036945542399507376,0.8524072200091464,8.951152646287315e-06,2.63264972571492e-06,8.028620793196918e-06,3.776809090233275e-09,0.00037908854203845776,0.00011637037726918467,0.0006774334101373318,0.00012823593427462244,0.009750951137896735,2.928885807532062e-06,2.1429780716061628e-05,0.005670872484277179,0.00038803892530775734,0.00015322257675248155,1.7963670307134885e-05
66,8.241163385847789e-05,1.1651260780083247e-05,8.908075703836361e-06,0.0009108653788017479,6.355591049979396e-06,0.013606447304309042,1.4923646349852036e-06,0.02267507781386539,0.018849726183627503,0.9382759367499406,4.097450611318964e-06,9.526953919248932e-07,1.2243123210172014e-05,1.0733275241289996e-09,4.480219191046493e-05,7.175088355309649e-05,0.00033184478506953377,2.255854246574233e-05,0.003935315219665005,2.4724665336215533e-06,5.497845544915067e-06,0.0009877240949831309,8.427712531100694e-05,6.428652647494334e-05,3.303619375954214e-06
67,8.997145950432383e-05,7.448403070576264e-05,5.93959035726319e-06,0.0016890254731637853,5.5891254349546495e-06,0.031005054716577652,1.6490960721188264e-06,0.03827999031966732,0.03397905060381451,0.882925264014495,8.985399752183539e-06,2.063779454669299e-06,7.0236978450473296e-06,2.530399741142312e-09,0.00027423702949912887,8.177257813922659e-05,0.00044264461612607807,7.094144662525196e-05,0.006718884419722327,2.1297388426134918e-06,1.0298649611766738e-05,0.004016267501081189,0.00020943934271000012,8.731963915544318e-05,1.1971201242782515e-05
68,3.54738488176246e-05,7.389001759431611e-05,5.753451987550843e-06,0.0016244225115833093,5.545668938434062e-06,0.07125576820991475,2.3396016381724007e-06,0.045655434184974183,0.03613063005161762,0.8346396788026736,7.585355209375465e-06,4.257381753630061e-06,5.765505216088418e-06,2.2105856723419264e-09,0.0004738453891933243,0.00011304923005065014,0.0003785641838618928,0.00010996569072946808,0.0038266626831579107,3.2611924611083553e-06,2.9767677349423486e-05,0.005175395238473654,0.0003328570180326786,9.938390671052688e-05,1.0700987474904639e-05
69,0.00011804017845073387,9.371447115330294e-05,7.402016238334049e-06,0.0015410406578490515,5.55600805043569e-06,0.03394206022132083,1.9713156646322404e-06,0.04377170971762479,0.029980424072558857,0.8726806765051193,4.559346427037133e-06,1.9989758350932286e-06,9.618837792890589e-06,2.320016809833842e-09,0.0001887158444867258,0.0001167970360962258,0.0005181973312772748,5.3895287891168544e-05,0.01164807677597435,1.4580465476482604e-06,8.825893121696012e-06,0.004984748917508005,0.00014817942110565872,0.00016186443071899265,1.0466371170160213e-05
70,7.496537455047138e-05,5.92119351631726e-05,5.793578834279727e-06,0.0019612094392820285,5.456727512648302e-06,0.03255551042237858,1.6013126572642454e-06,0.03893662325717164,0.03598228127065037,0.8807768430760223,9.333910765148818e-06,2.0737736195317534e-06,6.84058312891909e-06,2.1810591786068897e-09,0.00024581509124828945,8.870688754771517e-05,0.00032817321542844816,6.363632735416823e-05,0.005297783234531161,2.340084315422408e-06,9.324790504830802e-06,0.003321831218677201,0.00018946819393903953,6.55186516583447e-05,9.65546199979703e-06
71,9.038000204307285e-05,7.55941507509676e-05,5.986289609030058e-06,0.0016990849256909375,5.6372759647610615e-06,0.030988025522776762,1.640452404637009e-06,0.03851892153198317,0.034190155001489975,0.8823993628950472,9.081478713590382e-06,2.0745569221732214e-06,7.029701540704646e-06,2.5459364682679e-09,0.0002775235139826344,8.209052471000981e-05,0.00044209612995667146,7.115230409363223e-05,0.006772052506213547,2.131225468448544e-06,1.0339932467040879e-05,0.004041333631282714,0.00020939155655136767,8.68861019355172e-05,1.2026242464768537e-05
