,0,1,2,3,4,5,6,7,8,9,10,11,12,13,14,15,16,17,18,19,20,21,22,23,24
0,6.104870472620189e-05,8.671456456692178e-07,2.0354723293830733e-06,3.014265026108608e-05,3.875718974257431e-06,0.00054739928659135,0.002540271281683532,6.185569797499036e-05,0.010810756785966743,0.9807283933156916,4.613905537878302e-07,1.331116434934856e-08,1.9070433076648188e-06,0.0001046234359278972,6.6391917466352555e-06,0.002409523692621861,2.1961653190095435e-05,1.3642463799894504e-05,9.173749291664864e-05,0.0017375637457264453,1.63858668602503e-05,0.0006006201307851172,1.2658857699567322e-05,1.6231913576148736e-05,0.00017938375027880862
1,7.691945595920243e-05,9.667938077262777e-07,1.846132576893215e-06,3.636693642625294e-05,4.727487675380472e-06,0.0003094635330015201,0.002299558679963587,5.9167593658287234e-05,0.01574501122170661,0.9773952153148876,5.188177797378613e-07,9.99554531003617e-09,1.7712814780730505e-06,0.00010179878691731857,5.558782531125682e-06,0.002186851517783419,2.307758494670465e-05,1.2682899254384252e-05,6.993094470552578e-05,0.0009298055145061489,1.1256471642652246e-05,0.0005160338695285771,1.0772369663621412e-05,1.7929213203748226e-05,0.00018275880085078775
2,6.96340223545905e-05,8.216660510979774e-07,1.869344666885578e-06,3.239595980947712e-05,4.715233260107687e-06,0.00028111018215037155,0.0025237305033561207,5.84848909561571e-05,0.014836979632622843,0.9779877533034234,4.553310433837944e-07,9.029111984553086e-09,1.3943311388600777e-06,0.0001293066789001756,6.712086914930775e-06,0.0015116469445463148,1.9650391699651928e-05,1.4075320187194109e-05,6.533560597731041e-05,0.0013925777676727863,1.280298251689994e-05,0.0007353588624478203,1.3947972845770695e-05,1.9293001585070342e-05,0.0002799389547606211
3,8.206719086447177e-05,1.1584194551163166e-06,2.263141277735027e-06,4.287099526231665e-05,5.222162601519018e-06,0.0003858567487639373,0.0028889384556074313,6.587068061486916e-05,0.01525867473323,0.9768061702041018,6.350353863127537e-07,1.3162052149666047e-08,2.090229963884045e-06,0.0001438122210806788,7.319271458174992e-06,0.0019963626895482516,2.8610553040323408e-05,1.6413288735591483e-05,7.508711189939458e-05,0.0011847403149297555,1.5606574552826976e-05,0.000697893766539591,1.4785933160398855e-05,2.0264445264328454e-05,0.00025727267060920284
4,8.920812504202691e-05,1.4075214658562213e-06,2.512165975560048e-06,4.8252469585495426e-05,5.95538520898622e-06,0.0004167349753241931,0.0030728679369235786,7.074538397164335e-05,0.015644699968942945,0.9758733170551434,7.862084245645757e-07,1.760247999030749e-08,2.7936222742156914e-06,0.00016957154307603448,7.355194194178532e-06,0.0021467835844045146,3.3888455257570145e-05,1.941379513751525e-05,8.359516417621643e-05,0.0012361888972830873,1.7442203661441536e-05,0.0007513778718259217,1.6070902159242127e-05,2.0571837285313758e-05,0.0002684421307768881
5,7.850176826511842e-05,7.702443437917508e-07,2.0133725149341593e-06,4.3746450914477385e-05,4.100912768418573e-06,0.00029741002145361375,0.002509290577969658,5.920011366140569e-05,0.01335095594646748,0.9794585760855901,5.222057453006094e-07,1.0798482325935755e-08,1.6744796842243538e-06,0.0001344419128477872,5.664517593656306e-06,0.0017848140162496993,2.6442591447290095e-05,1.9266908676306384e-05,5.4172973866122153e-05,0.0012559021807133368,1.3269826354878447e-05,0.0006108299850332489,1.3648073020602726e-05,2.231224913058111e-05,0.0002524617872057548
6,8.206719086447177e-05,1.1584194551163166e-06,2.263141277735027e-06,4.287099526231665e-05,5.222162601519018e-06,0.0003858567487639373,0.0028889384556074313,6.587068061486916e-05,0.01525867473323,0.9768061702041018,6.350353863127537e-07,1.3162052149666047e-08,2.090229963884045e-06,0.0001438122210806788,7.319271458174992e-06,0.0019963626895482516,2.8610553040323408e-05,1.6413288735591483e-05,7.508711189939458e-05,0.0011847403149297555,1.5606574552826976e-05,0.000697893766539591,1.4785933160398855e-05,2.0264445264328454e-05,0.00025727267060920284
7,0.00012067012381654547,1.9954328800995736e-06,3.848859379144316e-06,4.9881558857583006e-05,7.061362470664126e-06,0.0004163240847694733,0.003641097309030927,9.777173259160185e-05,0.01595924427933803,0.975057100677776,9.264151417722185e-07,1.9668603597768172e-08,4.317899505839573e-06,0.00014514674955967097,7.729707739019793e-06,0.0020073928732735023,3.421263588975311e-05,1.943527122130157e-05,0.00011958543327486077,0.0012027276534734234,1.8438588673743468e-05,0.0008199692450595309,1.266377799552083e-05,2.0694332769481315e-05,0.00023174432690902598
8,8.38406516938791e-05,1.2091217579094695e-06,2.298845577150906e-06,4.32480091811088e-05,5.329794010412742e-06,0.0004030894643365389,0.0029757860917229858,6.85300856066322e-05,0.015344474502761293,0.9764911253312265,6.48877745033113e-07,1.4012457448050495e-08,2.221673315953306e-06,0.00014469069707600485,7.3379054271108164e-06,0.0020781854168483434,2.9694188254987087e-05,1.6791129737804185e-05,7.934926045845457e-05,0.0012081692478117137,1.6067252568691568e-05,0.0007068473673235474,1.5050005305475668e-05,1.9641843093153773e-05,0.00025635922470145384
9,6.045838614993358e-05,5.987635086856162e-07,2.0882079777456365e-06,3.895657995924826e-05,3.408331581133416e-06,0.00024814448356342276,0.0014671410566941246,4.2731929967100826e-05,0.011901039181286457,0.982946653431227,4.710728506964271e-07,6.6356903845729455e-09,1.1751042578071888e-06,0.0001234048182737458,5.219258993173239e-06,0.001287074305441541,2.1259747769108746e-05,1.2011304176490894e-05,4.0386935731486696e-05,0.0010129080275027567,1.070934756129638e-05,0.0005618322500859965,1.055317106310913e-05,2.7066297421042067e-05,0.00017470137126669754
10,8.206719086447177e-05,1.1584194551163166e-06,2.263141277735027e-06,4.287099526231665e-05,5.222162601519018e-06,0.0003858567487639373,0.0028889384556074313,6.587068061486916e-05,0.01525867473323,0.9768061702041018,6.350353863127537e-07,1.3162052149666047e-08,2.090229963884045e-06,0.0001438122210806788,7.319271458174992e-06,0.0019963626895482516,2.8610553040323408e-05,1.6413288735591483e-05,7.508711189939458e-05,0.0011847403149297555,1.5606574552826976e-05,0.000697893766539591,1.4785933160398855e-05,2.0264445264328454e-05,0.00025727267060920284
11,8.50541629372038e-05,1.2731403977307974e-06,2.42228978925491e-06,4.5326070869771e-05,5.4307081864071715e-06,0.000411481468278849,0.0030206853315748786,7.257250756629213e-05,0.015488714391067105,0.9761887768027849,6.768621611058281e-07,1.5158659925984962e-08,2.4660097801085677e-06,0.0001490425865045347,7.349066253093931e-06,0.0021341856269137677,3.176362304494714e-05,1.7347447944779697e-05,8.192045934933358e-05,0.0012225706481603855,1.6175692758215718e-05,0.0007277924656591008,1.5034629642642594e-05,1.9847838967140336e-05,0.00025207501074845566
12,7.667693184199191e-05,9.772342300075608e-07,2.0331532442230895e-06,3.738034577106566e-05,3.620883836038952e-06,0.00032480250946461493,0.002570378573543198,7.378461740321625e-05,0.014384849776860114,0.9785084291339106,5.406868553182943e-07,1.047108037771462e-08,1.946039717196376e-06,0.00010278962997420515,6.630615467288394e-06,0.0018992260075935048,2.864644488088264e-05,1.2152958651195491e-05,7.478352339568137e-05,0.0009440169952980988,1.3200063801430545e-05,0.0007230118319564589,1.1057912727724241e-05,1.8513760702751116e-05,0.00018053989779274923
13,7.076074129231405e-05,8.148040762094246e-07,1.8758103089682955e-06,3.1797282386155956e-05,3.7464645048938684e-06,0.0003349891687118402,0.002554599704010384,6.230031697785082e-05,0.013140648198335892,0.9797384694017649,3.5103740055297476e-07,8.967936371989629e-09,1.363213565770708e-06,0.00010371788048076418,5.6598811589543675e-06,0.0017623025210692681,2.1981484679141926e-05,1.3917749049634723e-05,6.434778163426239e-05,0.0011950741189549264,1.2064984081496188e-05,0.0006209902316971827,1.1059175833080875e-05,1.6230913820879856e-05,0.00023092816626832673
14,6.838664145866648e-05,3.330025977537735e-07,1.973597394916917e-06,6.683898896387874e-05,2.4394407491171364e-06,0.00014694029754925908,0.0017887103923768944,6.256595256972939e-05,0.018424726846579198,0.9765117293603044,2.8028915796448766e-07,3.721391242067851e-09,6.545424258827272e-07,0.00010223258161803303,5.0423122927019245e-06,0.0010110197772663322,2.7204742570694735e-05,1.5884294782510534e-05,1.71808586200691e-05,0.0008791527690838017,8.116230169180997e-06,0.0005605193203831233,1.178567077803778e-05,3.756405691582627e-05,0.00024871431200093315
15,8.206719086447177e-05,1.1584194551163166e-06,2.263141277735027e-06,4.287099526231665e-05,5.222162601519018e-06,0.0003858567487639373,0.0028889384556074313,6.587068061486916e-05,0.01525867473323,0.9768061702041018,6.350353863127537e-07,1.3162052149666047e-08,2.090229963884045e-06,0.0001438122210806788,7.319271458174992e-06,0.0019963626895482516,2.8610553040323408e-05,1.6413288735591483e-05,7.508711189939458e-05,0.0011847403149297555,1.5606574552826976e-05,0.000697893766539591,1.4785933160398855e-05,2.0264445264328454e-05,0.00025727267060920284
16,6.044652443907554e-05,6.343976102959239e-07,1.5333908813274238e-06,3.565281082258201e-05,3.285226744150145e-06,0.00026568550352457283,0.0023292218307687435,4.482470638359235e-05,0.008224420100902597,0.9851731784302231,4.627981521945845e-07,1.1694092326590629e-08,1.2608600313227046e-06,0.00012907107417388809,5.201509139701124e-06,0.0016179875096426865,2.101857152508466e-05,1.902957850294625e-05,4.8357382552557406e-05,0.0011471170278396481,1.8939155449288258e-05,0.0005853388277619903,1.1995020316996105e-05,1.6339714724300106e-05,0.00023898635379484098
17,0.00011448227033740767,1.4140815246963437e-06,2.4624091830429665e-06,4.844169178912028e-05,5.657783463342311e-06,0.00036307314113721243,0.003559112839210421,8.700131292192037e-05,0.014441760820916048,0.9756558303597748,7.337690357017836e-07,2.8278522093453302e-08,3.3336545997983257e-06,0.00022521904886063442,5.798346496854226e-06,0.0020370906163068355,4.5111740299328135e-05,3.757572448226795e-05,9.122734717128956e-05,0.001767693068477009,2.1658831347342612e-05,0.001008382157470692,2.1758535103798244e-05,1.8087008824048823e-05,0.00043706516274433016
18,8.76723115528184e-05,1.0021330308470616e-06,1.5290109825906824e-06,3.209818483478853e-05,3.008414456507376e-06,0.00032124888695813313,0.0027286161992797,5.68875289191025e-05,0.014156803605982399,0.978022690855044,5.067529829922421e-07,1.6616732830426946e-08,1.7920481938334632e-06,0.0001678901770315046,5.246481072957521e-06,0.0015920614116098964,4.085011924284722e-05,2.5900897921172724e-05,5.960777557276377e-05,0.0013124314830228773,1.4200781297282231e-05,0.0009251259887697889,1.691168042960018e-05,1.848463816318129e-05,0.00040741601691569174
19,8.496728900834535e-05,1.3603291341313286e-06,2.90159894926576e-06,5.287251742683618e-05,6.9501055539318284e-06,0.00039003848064969414,0.003663857922664626,8.844617103061823e-05,0.01670411220730474,0.973976751090394,7.150145312241964e-07,1.7161167767765544e-08,3.067583791854936e-06,0.00016315396155905276,7.700462670005222e-06,0.002202233822185158,3.121681941892852e-05,1.9160405345784125e-05,8.948777509399308e-05,0.001388708542043062,1.6587420052571846e-05,0.0008108119843259361,1.4680874611559859e-05,1.9534977542364895e-05,0.00026066548354446964
20,6.810310014401822e-05,1.200616094439115e-06,2.436335264931456e-06,4.585475029056607e-05,5.180259102234029e-06,0.0004095164779346998,0.003685493339314331,8.250915564585042e-05,0.014995653090194485,0.9761136982840369,7.403571103263806e-07,1.1632798647538496e-08,1.931881478504304e-06,0.0001382279363124966,1.329015122282169e-05,0.0018264733406635559,2.685925281825234e-05,1.1401211109340334e-05,8.502792562859928e-05,0.0011809748834982813,2.1220027428339514e-05,0.0009918849333479841,1.7058719340972488e-05,2.2063506674509774e-05,0.0002531888325448502
21,8.150456704250446e-05,1.010413738486126e-06,1.93258368647373e-06,3.743453719453606e-05,5.215555030870454e-06,0.00028043971181489045,0.0019234028224570598,4.59539797179652e-05,0.0118935275765193,0.9819683656054354,6.175038152579705e-07,1.309096996236193e-08,1.7104797973279303e-06,0.0001327352817881137,5.02055246231989e-06,0.001707809581817802,2.1560620376543045e-05,1.708428867486744e-05,6.295338129792976e-05,0.0010256977304090888,1.6287794336665707e-05,0.0005218799474990916,1.1530284581742104e-05,1.9213633887309844e-05,0.00021709847564869986
22,7.164265790629432e-05,7.251615887613017e-07,1.9433993564841976e-06,4.1283221970410156e-05,3.310057418254189e-06,0.0002818750680302141,0.0019270967938431283,5.159492695662622e-05,0.01072602642469104,0.9832526155080018,5.424090261954947e-07,1.0347244956091932e-08,1.534396171319395e-06,0.00011906588765662968,5.1278049111735655e-06,0.0016520447453639102,2.8288000833047347e-05,1.594969467775971e-05,5.048054317868536e-05,0.0009639558692155215,1.395540357719944e-05,0.0005781082371096129,1.0848110693919747e-05,2.040371971631529e-05,0.000181571610860555
23,8.206719086447177e-05,1.1584194551163166e-06,2.263141277735027e-06,4.287099526231665e-05,5.222162601519018e-06,0.0003858567487639373,0.0028889384556074313,6.587068061486916e-05,0.01525867473323,0.9768061702041018,6.350353863127537e-07,1.3162052149666047e-08,2.090229963884045e-06,0.0001438122210806788,7.319271458174992e-06,0.0019963626895482516,2.8610553040323408e-05,1.6413288735591483e-05,7.508711189939458e-05,0.0011847403149297555,1.5606574552826976e-05,0.000697893766539591,1.4785933160398855e-05,2.0264445264328454e-05,0.00025727267060920284
24,8.145159227805968e-05,1.2113236610408898e-06,2.5974525597950705e-06,5.801574677160912e-05,7.530910120686304e-06,0.000389513915300884,0.0029753519983671266,7.086908491673088e-05,0.015248994234687363,0.9760153707028285,7.708717547779237e-07,1.763350859098006e-08,2.9029671071816308e-06,0.0001893481271046028,6.6363429661462535e-06,0.002533565157408906,3.0375405062113693e-05,2.1239149028341687e-05,7.710352583599894e-05,0.0013393500217606454,1.605068097444543e-05,0.0006447523436074295,1.6047392331548834e-05,2.0548234954164272e-05,0.00025038518510336666
25,9.404177868808098e-05,9.25324125291721e-07,2.6168267341214466e-06,5.986036972299529e-05,5.425205148262144e-06,0.00026967547850002767,0.0034846752909760046,0.0001069046444112621,0.013185139750499848,0.9780324507293042,7.605175945242336e-07,1.3839879056779533e-08,2.8268258136845467e-06,0.00012460801674224473,7.41288889548699e-06,0.002277727094731612,2.9124606010341854e-05,1.8880189405234364e-05,8.44704588875145e-05,0.0012344755745475843,1.8554357426620855e-05,0.0007256944103791797,1.4539565915972828e-05,1.993011876429044e-05,0.00019926613689645028
26,0.00011830242840820993,1.2900742002098797e-06,2.394560116840195e-06,5.0374273124082144e-05,5.7620691342418265e-06,0.00039834841797656593,0.0026197262096302296,7.033992498162358e-05,0.02667701451956384,0.9654676482617942,7.513361678733529e-07,1.1010265097308104e-08,2.057922091281674e-06,0.00014425644873737584,8.065879132349243e-06,0.001978270614564279,3.580791031404184e-05,1.7110876217021286e-05,6.593968159998038e-05,0.0012812523544814462,1.2708217561379293e-05,0.0006612362542945061,2.177841977843215e-05,3.626465006372324e-05,0.0003232876858011409
27,6.506656941279943e-05,9.64031409076684e-07,1.7206798502862294e-06,3.470803143378329e-05,4.198759283542158e-06,0.0003400404730223125,0.002815304698045245,5.798546619432604e-05,0.017866938188959597,0.9746600006713341,5.314710585269714e-07,9.135890953589748e-09,1.5163544672649647e-06,0.00012913643086451582,8.185609060967383e-06,0.0016738249526007207,2.4683944662990692e-05,1.1793603511526493e-05,6.144167047252098e-05,0.0011416791943179357,1.2236112833309994e-05,0.000784529052616448,1.4538795545793227e-05,2.211591588702794e-05,0.0002668501872644422
28,8.206719086447177e-05,1.1584194551163166e-06,2.263141277735027e-06,4.287099526231665e-05,5.222162601519018e-06,0.0003858567487639373,0.0028889384556074313,6.587068061486916e-05,0.01525867473323,0.9768061702041018,6.350353863127537e-07,1.3162052149666047e-08,2.090229963884045e-06,0.0001438122210806788,7.319271458174992e-06,0.0019963626895482516,2.8610553040323408e-05,1.6413288735591483e-05,7.508711189939458e-05,0.0011847403149297555,1.5606574552826976e-05,0.000697893766539591,1.4785933160398855e-05,2.0264445264328454e-05,0.00025727267060920284
29,8.206719086447177e-05,1.1584194551163166e-06,2.263141277735027e-06,4.287099526231665e-05,5.222162601519018e-06,0.0003858567487639373,0.0028889384556074313,6.587068061486916e-05,0.01525867473323,0.9768061702041018,6.350353863127537e-07,1.3162052149666047e-08,2.090229963884045e-06,0.0001438122210806788,7.319271458174992e-06,0.0019963626895482516,2.8610553040323408e-05,1.6413288735591483e-05,7.508711189939458e-05,0.0011847403149297555,1.5606574552826976e-05,0.000697893766539591,1.4785933160398855e-05,2.0264445264328454e-05,0.00025727267060920284
30,8.206719086447177e-05,1.1584194551163166e-06,2.263141277735027e-06,4.287099526231665e-05,5.222162601519018e-06,0.0003858567487639373,0.0028889384556074313,6.587068061486916e-05,0.01525867473323,0.9768061702041018,6.350353863127537e-07,1.3162052149666047e-08,2.090229963884045e-06,0.0001438122210806788,7.319271458174992e-06,0.0019963626895482516,2.8610553040323408e-05,1.6413288735591483e-05,7.508711189939458e-05,0.0011847403149297555,1.5606574552826976e-05,0.000697893766539591,1.4785933160398855e-05,2.0264445264328454e-05,0.00025727267060920284
31,0.00013914574020249378,1.320860845327456e-06,3.222033401849545e-06,4.462857297918691e-05,6.259054491233031e-06,0.00029948967860116604,0.003205101087187697,0.00010915600517737651,0.014488710481220357,0.9766929552707156,5.812990031945173e-07,1.8165288930007914e-08,2.9314747312152405e-06,0.0001390678976650933,5.762453578744912e-06,0.0019137625876151875,3.079108556679128e-05,2.7340464577408044e-05,0.00011273284332088485,0.0015805292652268583,1.8341541710987397e-05,0.0008152414382829516,1.56201125469205e-05,1.821148980449344e-05,0.0003290790962580661
32,8.37021442627272e-05,1.2401241673250157e-06,2.351706661666378e-06,4.070251941643645e-05,5.452164045915552e-06,0.00040106994028837314,0.0029554660055211308,6.917252165276337e-05,0.014808655139755898,0.976989390117584,6.465376344515735e-07,1.456002698026522e-08,2.2225620791431184e-06,0.00014582646095983258,7.51135520247117e-06,0.002044422782550924,2.864724272033786e-05,1.6586121483619676e-05,8.722030458842913e-05,0.0012494487212420607,1.6558477699318283e-05,0.0007484874037181413,1.4974699235714327e-05,1.9034316427238782e-05,0.0002611960710751319
33,8.182380040698786e-05,1.1865993795929107e-06,2.2029357461785804e-06,4.237535871877989e-05,4.629628958244296e-06,0.0003866690855850334,0.0029963211009034654,7.2761046869393e-05,0.014429789704284294,0.9772077382145025,6.34618643965914e-07,1.7002395851075077e-08,2.7101271811134536e-06,0.00015362999655511975,6.058436993007394e-06,0.0022225786695796003,3.626629533319501e-05,1.9424576106062804e-05,7.92842317740233e-05,0.0011881659184079345,1.4096656225292229e-05,0.0007847692565191331,1.3187934315216926e-05,1.714775923897891e-05,0.0002365310453772062
34,0.00011004370278408702,1.5306929235151242e-06,2.5460756171554424e-06,3.936560811457558e-05,6.2568714370572575e-06,0.00034941886978468676,0.0027272437428882846,6.771276060967219e-05,0.017613333814274514,0.9747527968598715,7.63327678755235e-07,1.5027948489082744e-08,2.3920891567992992e-06,0.0001474216351533514,7.367345323054163e-06,0.001796599096369476,2.8592101256070206e-05,1.7130099805360347e-05,9.785050069729388e-05,0.001122856360000638,1.6087297719082044e-05,0.000765134551263137,1.5044592038826855e-05,2.2206434427047924e-05,0.00029029054285750186
35,1.9680512793939982e-05,1.968969718565076e-06,5.379501765907996e-06,0.00012039633539669455,2.3179857417213634e-05,0.0035195832839239063,0.005123264054785214,4.0796401442153825e-05,0.016075840752786574,0.9666802905593691,2.5066724586090225e-06,1.1715036127540673e-08,2.400819388917026e-06,0.0006464970953343425,8.524942745393753e-05,0.0031271816829511324,2.22327552517841e-05,5.183524417119875e-06,9.38882830797409e-05,0.002899761964138094,6.104657077022561e-05,0.0009750665210936564,8.726388658627413e-05,5.0802980316341374e-05,0.0003305258723244449
36,9.531612732671355e-05,1.400208443111467e-06,3.230500478339402e-06,4.1496105816709064e-05,8.716285577504133e-06,0.00034362360067212444,0.0023134340368659656,4.190149231721524e-05,0.01226758775077282,0.9813336392095131,7.844587212920249e-07,1.0736741865366627e-08,1.5014458021008565e-06,0.00014921445805927248,8.613153533086344e-06,0.001292235792587646,1.498235155505292e-05,1.5470884167292897e-05,7.565819207754702e-05,0.001111306353297109,2.273623549164598e-05,0.0005193773135249331,1.3411060366443412e-05,2.5993013703032063e-05,0.0002983592325880636
37,0.00010517975143326136,7.873842919002566e-07,2.387820665626155e-06,4.576518259103304e-05,4.327684930893978e-06,0.0002220872691993174,0.002156322453084725,5.240225833284954e-05,0.012140537282159232,0.9816221604395056,6.49858520869189e-07,1.0188559117325124e-08,1.6458147911663784e-06,0.0001366004662739373,5.406723695062369e-06,0.0014551474324029795,2.4569747677369563e-05,2.1776691240600217e-05,5.4136110942399315e-05,0.0010693056063893378,1.31911539256221e-05,0.000568712162499802,1.2202354535392144e-05,2.9902278414476853e-05,0.0002547858839373384
38,8.377425905385787e-05,1.3059157076779122e-06,2.489943052803963e-06,4.970640265909082e-05,5.1146866446989044e-06,0.000725695253428728,0.004102942887058819,9.363683748943866e-05,0.012339691964260529,0.9762071233555373,7.741438673014119e-07,1.7960441806232355e-08,2.9828012281596084e-06,0.00013047403124916645,1.0446054465408877e-05,0.003755398756715549,3.6190412006920636e-05,1.6638130721567555e-05,0.00011628202228353652,0.001390764976559835,2.1955490484797267e-05,0.0006637684113500566,1.881656858772176e-05,1.7482752091922614e-05,0.000206525983053559
39,8.148713177653847e-05,1.030464524552981e-06,2.232672357805306e-06,5.0669870636551594e-05,4.77573757831013e-06,0.00046783547142652265,0.003922249073068438,9.821681387129547e-05,0.014211227592918669,0.9756477026687393,5.729869501963568e-07,1.4185829063140598e-08,2.2726816584999362e-06,0.00013247472623511444,8.957794791715624e-06,0.002622564171882264,3.351262523581701e-05,1.7879368177684432e-05,8.646396066243005e-05,0.0014942318498642475,2.0405857895770352e-05,0.0007626746194682553,2.060074160722262e-05,1.818396432182138e-05,0.000291762968521752
40,8.770825654079491e-05,2.331982792663845e-06,4.33970636954681e-06,3.879227421607345e-05,1.0295763061544519e-05,0.0005561907439586352,0.002722148856913926,5.118500624555123e-05,0.01412251382224499,0.9777300798706094,8.476459998289748e-07,2.150914342252224e-08,2.4615244550763536e-06,0.00023863930295414722,1.0036351297116e-05,0.0014995881487713395,2.5848652512024035e-05,1.8258600043073162e-05,0.00011191886808576574,0.0014044427609507216,2.0822805090432002e-05,0.0009604608990879883,1.3557201324104075e-05,2.1813961434395024e-05,0.0003456954858973343
41,7.994812309437214e-05,1.3038528591354458e-06,2.3819460501410407e-06,4.691593672538021e-05,6.08663707349675e-06,0.0004216732623557048,0.0027754272155378168,6.612457640786039e-05,0.017638048085541366,0.9745562639420876,6.472624971359895e-07,1.2470278151703534e-08,2.1998801114097237e-06,0.0001413856104105166,7.362242994222205e-06,0.002167036093544378,2.8604336862801372e-05,1.4606318892478811e-05,7.146808609350303e-05,0.0010775630867206145,1.436964378646639e-05,0.0006132187589441252,1.4248102100368053e-05,2.0355179367828578e-05,0.0002327493496630292
42,7.473255587460557e-05,1.1366306524955218e-06,2.713106861711878e-06,2.9257103909898865e-05,3.971408748603937e-06,0.0003169550765113123,0.002586715446924939,0.00011484357088183734,0.01108132628100309,0.9811737968336758,4.780294302120732e-07,1.494558259783847e-08,2.2184726708453827e-06,8.456185515197925e-05,7.757081857013337e-06,0.001878620485216413,2.662045383140928e-05,1.0311658470979094e-05,0.00014485006838035734,0.0011263173875507215,1.8940092447247914e-05,0.0011439540745662139,8.828977219505055e-06,1.2254511629255782e-05,0.00014882389095100099
43,0.01859533791356326,0.0024915692490874827,0.00015335102099374486,0.0023898453989738694,0.001883824103670293,0.004659961051939568,0.792598934969205,0.004610910632025102,0.042251837166233756,0.02205651049112088,0.0005417219558394853,0.0001931388937434335,0.01694334982439111,0.009077121696213837,0.00021657421182959215,0.027579826476240858,0.004356387059585301,0.010860986429370112,0.010468963574665037,0.0009615501181605184,0.00038863470855389606,0.002058162477855388,0.0016916474216730618,1.7716283248991754e-05,0.022952136871816534
44,8.206719086447177e-05,1.1584194551163166e-06,2.263141277735027e-06,4.287099526231665e-05,5.222162601519018e-06,0.0003858567487639373,0.0028889384556074313,6.587068061486916e-05,0.01525867473323,0.9768061702041018,6.350353863127537e-07,1.3162052149666047e-08,2.090229963884045e-06,0.0001438122210806788,7.319271458174992e-06,0.0019963626895482516,2.8610553040323408e-05,1.6413288735591483e-05,7.508711189939458e-05,0.0011847403149297555,1.5606574552826976e-05,0.000697893766539591,1.4785933160398855e-05,2.0264445264328454e-05,0.00025727267060920284
45,7.101066891009196e-05,1.0304101041925335e-06,2.273101056229853e-06,4.6342176956978304e-05,4.946657940077499e-06,0.00042796460071898576,0.003580674090251054,8.292282740957307e-05,0.015091371648712755,0.9758546576132686,5.937463335708108e-07,1.1133391293640019e-08,2.077221704796063e-06,0.00012166211615513765,9.439694582185781e-06,0.0024139455019808356,2.7281293307261388e-05,1.3041439248452338e-05,8.028747139525832e-05,0.001195606684562226,1.534812787605582e-05,0.0007078698751352717,1.4552034499380617e-05,1.9508193223448316e-05,0.00021558167127632848
46,8.992262800210838e-05,9.495969683246757e-07,2.1653909573245197e-06,6.482411938879399e-05,2.243790615607787e-06,0.0005998480819388724,0.002387160824885986,9.718963645911852e-05,0.014573963998850291,0.9767637176016747,7.035659511495297e-07,1.778949766818396e-08,2.9484156025842474e-06,0.00012212523330514007,6.4973737512536305e-06,0.003067494050576153,8.581480757060033e-05,1.9710535491693498e-05,5.7063304984153125e-05,0.001101294630628909,1.56498129271055e-05,0.0007299773428681432,1.7468006028077732e-05,2.6378094698198424e-05,0.00016487136637799966
47,9.474018081002955e-05,1.238945196880648e-06,1.9905209739540102e-06,2.9791140864173617e-05,4.008486179745966e-06,0.0003301088651502864,0.002840638106961647,7.142697958123811e-05,0.01450398175605778,0.9777850937377277,5.236079514532469e-07,1.484734789801011e-08,2.0396812226120063e-06,0.00011558706076420437,6.297626428114737e-06,0.001773821842532202,2.945674709240869e-05,1.6767312579923354e-05,9.202133435141238e-05,0.0011487957257446902,1.4338209602284718e-05,0.0008458709645701834,1.1786149328364604e-05,1.669028466126248e-05,0.00026296988631970626
48,5.566977964098531e-05,4.257234962961579e-07,1.6316750653943712e-06,2.914581963041721e-05,8.279528877954416e-06,8.538673882657449e-05,0.0011331307770120179,1.4538517683889207e-05,0.010173442920821674,0.9858709629204137,4.070796964541831e-07,4.18785352606093e-09,4.140276309234181e-07,0.00016430126060351305,4.0754342807620915e-06,0.0006049967627623679,4.8401172502207674e-06,1.6934600030205797e-05,2.1202263364679343e-05,0.0010134127179576289,1.1130745386895522e-05,0.00036274861711454857,8.769618036364482e-06,2.9832284372912735e-05,0.00038431588219045256
49,6.931951616341158e-05,1.2635563773750299e-06,2.8811477681132757e-06,3.9245497394790856e-05,4.995125975336028e-06,0.000473029375048157,0.002633373489764124,6.18127072310396e-05,0.012298284816570875,0.9798374113949047,6.175914604708603e-07,1.6536727953195044e-08,2.2151728813688877e-06,0.00016588948325729056,7.488767835330217e-06,0.0016960254414310207,3.072526993166839e-05,1.6668786697852255e-05,8.179751592493423e-05,0.0013919165283603997,1.7736884526980466e-05,0.0008956130012144876,1.28221757519501e-05,1.9014972721214585e-05,0.00023983524407924844
50,0.00033832329172054016,1.9516764383278062e-05,3.905992356884799e-05,0.0012056260724034936,5.7025299900746744e-05,0.027054955311543796,0.0024827206938708136,0.00021008639482855793,0.046729167124282094,0.8935880257315367,2.4710686279681825e-05,4.1097285016000743e-07,5.2040546321222666e-05,0.0014253439322252453,4.475733920847605e-05,0.020357277012797458,0.0008779524202202925,6.683690573230615e-05,0.00025964652735282155,0.003551974841696767,0.0002102801053917239,0.0007120347715669043,0.0003220766376231538,0.00018939259550031356,0.00018075809719464745
51,7.535307905652812e-05,1.245642276418532e-06,2.4383338944109354e-06,4.707745256740939e-05,5.223077486910743e-06,0.00033978689761298553,0.002512365370595153,6.271870612272623e-05,0.016394977369765338,0.9768412406367682,6.45224531901876e-07,1.1349559172935511e-08,2.1026943655058993e-06,0.00013348501331486578,6.832024061421685e-06,0.0017079457878141748,2.8038880218758482e-05,1.3084836272211101e-05,6.109351809124764e-05,0.0008694699640027207,1.3575685549504676e-05,0.0006568513757473169,1.0646066742816424e-05,2.0890437091570022e-05,0.00019290057649058173
52,5.5652089783182626e-05,3.5195747020660877e-07,1.340011822930783e-06,3.426144544147887e-05,2.5243688987959666e-06,0.00018282822410589582,0.001161967328647531,2.645215134892177e-05,0.007919532011365311,0.9874703767273937,4.0856794754275746e-07,7.074578817088497e-09,1.1110249940546773e-06,0.00010579560793933747,2.3413163204711645e-06,0.0015761033419962208,1.8377154600023772e-05,1.9155933340999487e-05,2.5305378072417353e-05,0.0009196630049942978,6.9673851226502846e-06,0.000319576564910595,6.497745209356402e-06,2.058075304260545e-05,0.00012282283065261348
53,6.821861397465396e-05,9.393003846024116e-07,1.5933977448695944e-06,5.3821704078184635e-05,4.884873305241088e-06,0.0004411551978150355,0.007094674333730419,9.798535114970594e-05,0.02000853485138287,0.9662083046150072,6.095207184411425e-07,1.1711904224161339e-08,2.125355380442411e-06,0.00014723111097978463,1.2699866593282021e-05,0.002990574797915457,3.0325367327751514e-05,1.7877573012960515e-05,6.735755991588533e-05,0.0015112394675449042,1.5426326949980067e-05,0.0008094850381282511,2.338612087922707e-05,2.022655544370432e-05,0.00037131138873264344
54,7.973195056081203e-05,1.4693893173087293e-06,1.3938514047790734e-06,2.626623375178614e-05,4.137879243575734e-06,0.00035564002209626715,0.003196369504521111,5.401856854858961e-05,0.017093435401766305,0.9749557290577676,4.3400493903480677e-07,1.4783898435006589e-08,1.7117026122862268e-06,0.00012218069155230538,5.917529432299581e-06,0.0020893718088262347,2.8177599318795564e-05,1.6088195018406706e-05,7.271266672931869e-05,0.0008619698266733691,1.1405600035743186e-05,0.000684666055614725,1.0538771884134654e-05,1.367786847151927e-05,0.0003129410360155065
55,9.090246767152479e-05,1.314025841813153e-06,2.268212989449529e-06,4.288159391219037e-05,5.757680335717582e-06,0.000374714818800068,0.003117140423823576,6.781671188838865e-05,0.016659378019509605,0.9750625091892439,6.596565452891954e-07,1.5190570860919982e-08,2.253074332968976e-06,0.00014854140621735397,7.23461902517888e-06,0.0020523958797899803,2.947823719588571e-05,1.8569130128046828e-05,7.914747815932907e-05,0.001189760899589001,1.5832472174544598e-05,0.0007067546219838007,1.4907222814379185e-05,2.0124325819197647e-05,0.00028964264163796954
56,8.709999561255453e-05,1.3012648151678685e-06,2.4391596916663323e-06,4.554745225976658e-05,5.614192283876124e-06,0.0004015718457567096,0.0030055385152502768,6.916915775274457e-05,0.01579251121890406,0.9759792850258874,7.080030735024899e-07,1.5293455029281558e-08,2.4538426275700615e-06,0.00015404670891462285,7.390820775585444e-06,0.002076071721066396,3.137157948545503e-05,1.7934177663376423e-05,7.976498624565267e-05,0.0012025531391789016,1.6030857564394958e-05,0.0007240415715741134,1.4994612813444952e-05,2.0739426307979812e-05,0.00026180543103967345
57,9.822130608229104e-05,1.7218446059068132e-06,3.130469467764637e-06,3.36738313826252e-05,7.109447766400619e-06,0.00043490034650454023,0.003145961437072302,9.55131912163506e-05,0.013124823520913213,0.9773712663657759,7.037890246599597e-07,2.677431130483765e-08,3.1338908765054073e-06,0.0001516666733955203,7.942423568055021e-06,0.002206743121048157,3.093684515319922e-05,1.8903110972881534e-05,0.00017969379421348052,0.0016229835045584134,2.3632042231781674e-05,0.0011337565622616262,1.471952290533017e-05,1.396545316523367e-05,0.0002748707315265199
58,8.293706962918093e-05,1.1233278850703077e-06,2.2793421351581326e-06,4.1928640197206346e-05,4.958615028227576e-06,0.0003653825956030106,0.0026646909778221227,6.122704029075317e-05,0.015141446179456208,0.9773650856768452,6.585856768448498e-07,1.2451091715805509e-08,1.9798902022387084e-06,0.0001390178685367136,7.399659201595364e-06,0.0018871354176196104,2.7988135977478653e-05,1.576844572427662e-05,7.103039022053694e-05,0.0011281593022309086,1.4844463412699685e-05,0.0006918055284147899,1.3979580952697391e-05,2.2862670061272607e-05,0.00024629814578441985
59,7.669364024631323e-05,1.0170969049928496e-06,2.2999506695649715e-06,4.168132556619202e-05,4.7425138744493875e-06,0.0003421486149041966,0.0024110272231162287,5.5585756589228304e-05,0.014398867822005858,0.978660727210918,6.296755131390652e-07,1.0966162504872194e-08,1.7234325992502545e-06,0.00013638743642016842,7.318315177981466e-06,0.0017169052680217896,2.608301900127057e-05,1.4777168691449853e-05,6.280985666297504e-05,0.0010883461525546254,1.4376929705245861e-05,0.0006628647442993065,1.3124668985107953e-05,2.422305108536365e-05,0.00023562816032460132
60,8.206719086447177e-05,1.1584194551163166e-06,2.263141277735027e-06,4.287099526231665e-05,5.222162601519018e-06,0.0003858567487639373,0.0028889384556074313,6.587068061486916e-05,0.01525867473323,0.9768061702041018,6.350353863127537e-07,1.3162052149666047e-08,2.090229963884045e-06,0.0001438122210806788,7.319271458174992e-06,0.0019963626895482516,2.8610553040323408e-05,1.6413288735591483e-05,7.508711189939458e-05,0.0011847403149297555,1.5606574552826976e-05,0.000697893766539591,1.4785933160398855e-05,2.0264445264328454e-05,0.00025727267060920284
61,7.987587040278223e-05,1.0382279849916367e-06,2.4166983502037023e-06,4.2856693735111726e-05,4.861647134033501e-06,0.0003545698701311911,0.0024449369967438433,5.9109869062264934e-05,0.014068523260409716,0.9788604015269998,6.212760313128989e-07,1.1416038126453104e-08,1.785403569467139e-06,0.00013779349452851117,7.253742611265752e-06,0.0017417880828354793,2.662921295266686e-05,1.5494149986606195e-05,6.562055806720785e-05,0.0011267893076775878,1.497834841558936e-05,0.0006690911167458018,1.3328232934104947e-05,2.334950330785028e-05,0.00023687549334416047
62,8.206719086447177e-05,1.1584194551163166e-06,2.263141277735027e-06,4.287099526231665e-05,5.222162601519018e-06,0.0003858567487639373,0.0028889384556074313,6.587068061486916e-05,0.01525867473323,0.9768061702041018,6.350353863127537e-07,1.3162052149666047e-08,2.090229963884045e-06,0.0001438122210806788,7.319271458174992e-06,0.0019963626895482516,2.8610553040323408e-05,1.6413288735591483e-05,7.508711189939458e-05,0.0011847403149297555,1.5606574552826976e-05,0.000697893766539591,1.4785933160398855e-05,2.0264445264328454e-05,0.00025727267060920284
63,8.460068865447705e-05,1.2480582756964558e-06,2.292931189302723e-06,4.232087289371695e-05,5.351740652922067e-06,0.00039041284272214297,0.002926683740430226,6.643278916182595e-05,0.015762580275622214,0.9762828855612488,6.492418430571255e-07,1.361196826563838e-08,2.1519119068784273e-06,0.00014412153378001917,7.430151250777623e-06,0.001980540435753416,2.907084702954896e-05,1.636510284243513e-05,7.725484379059344e-05,0.0011563821833811257,1.56926143635413e-05,0.0007094708815108571,1.4611917640246844e-05,2.0189983453265133e-05,0.0002612452386347202
64,8.344095091821034e-05,1.2615455638407894e-06,2.513835457577109e-06,4.4507311523281244e-05,5.719167819316019e-06,0.0003987493202516812,0.0028952923209171534,6.851911453273846e-05,0.014188760164380402,0.9779378152951722,6.706776328368436e-07,1.3767745442655121e-08,2.0401080237230715e-06,0.00013808139411725513,8.176640387022935e-06,0.0018961339090930813,2.6508145035547453e-05,1.5595377036748155e-05,8.105187803694641e-05,0.0011954066412896355,1.990441521252526e-05,0.0007025492229002454,1.5103021078305277e-05,2.034540379875402e-05,0.0002518403720757477
65,6.152097055326464e-05,1.8090299953121486e-06,5.1208623828686785e-06,8.687187356711193e-05,7.849007789801204e-06,0.0010786579291416274,0.0045164318853162,0.00010312970785599852,0.013053872553117987,0.9756621765434786,1.1182967694394608e-06,1.3098308158548555e-08,2.620805314347573e-06,0.00019778258843150824,2.8483680460108783e-05,0.0023585409419367405,3.64890171197474e-05,9.738220549245227e-06,0.00010201251619370296,0.0013856163116095005,3.944887553731914e-05,0.0009661818318432556,2.7478997506426323e-05,2.8600059250681002e-05,0.0002384343959711975
66,5.802554391858713e-05,6.783398560291805e-07,1.9724387494959452e-06,3.763517852176957e-05,5.130399953039129e-06,0.0001950216602127101,0.001382326722734186,3.4281931536606234e-05,0.008423463295579425,0.9867231899562593,5.248162448828515e-07,9.689821633514234e-09,1.365043769548494e-06,0.00012362847093120688,3.731994921382241e-06,0.0014998028997222103,1.5927340115129804e-05,1.4864162201790458e-05,4.275721189643626e-05,0.0008247270627492957,1.3105212595984104e-05,0.00042470488956003336,7.295353764496786e-06,1.6775344552204823e-05,0.0001490550398326739
67,0.00012160993661778655,1.401773973590531e-06,2.4553305114995998e-06,4.549733992623219e-05,7.370282715362638e-06,0.00021056447404326268,0.0028293866275232215,8.904815434000193e-05,0.02160579148283977,0.9713253610724162,6.061856744766818e-07,1.1290092482213344e-08,2.249291807939992e-06,9.462541478175421e-05,5.917450779756615e-06,0.0020064285872432985,2.257209085910846e-05,1.4717720745878949e-05,8.489070123120587e-05,0.0007219111419103509,1.1775576686231481e-05,0.0005637439173758903,9.107373604143964e-06,1.768656281251114e-05,0.00020527021948790806
68,7.76885785529652e-05,1.178799813400584e-06,2.1433200021374224e-06,3.7383207602828216e-05,5.249318776383331e-06,0.0003638060762073499,0.0026252289988948825,6.014147370882945e-05,0.015480140175736597,0.977183879510105,6.079436112538501e-07,1.1282675728148038e-08,1.7265582649053094e-06,0.00013351465605247964,8.080217678512596e-06,0.0018187224863502663,2.5282307442127152e-05,1.3082772601033291e-05,7.53371646505482e-05,0.001059697777304048,1.4701641588718763e-05,0.0007293388586066419,1.3645210377071011e-05,2.0418616997671945e-05,0.0002489930463984619
69,7.92215665917061e-05,1.6126615777807176e-06,3.827227978828049e-06,3.339468199760017e-05,4.277860944855536e-06,0.0010779375079318662,0.003137250526094908,7.6521181364166e-05,0.007781453655892378,0.9801419098982075,1.1333393526793662e-06,3.972838719445761e-08,4.125144826219647e-06,0.00023154010465700203,1.1494865011520378e-05,0.001983866475790822,4.711203830640054e-05,2.2414703843882333e-05,0.00021051021687564588,0.0032264139525121117,4.440104533800578e-05,0.0015633663852510817,2.5452626604240255e-05,1.961071483159848e-05,0.0002711118898301131
70,0.00010891116366781158,1.5149605290315109e-06,2.375024274057523e-06,3.340909845673691e-05,5.3845061173403835e-06,0.0003308216380520332,0.0031962518871021675,7.123410285139745e-05,0.014940143228611202,0.9771027904397467,6.947191863603939e-07,1.4227191950253876e-08,2.0199325607983564e-06,0.00012932918739917227,8.791063509262442e-06,0.0016059677709183246,2.5420283639781544e-05,1.6016018170430855e-05,0.0001063684859791265,0.0010696588610486497,1.8579145568432355e-05,0.0008771888866352273,1.396810487629866e-05,1.934052971911904e-05,0.00031380673418860496
71,0.00011307147703878806,1.0111251062054232e-06,1.3905539022262232e-06,4.3899420032863886e-05,5.956753974274736e-06,0.00023278817761858636,0.0029212359488639517,7.578871530893539e-05,0.018650417099218553,0.9728337953506717,6.945288190104309e-07,1.5066030295591206e-08,2.278072444622352e-06,0.00012130713808464343,5.461898924986091e-06,0.002887565304233542,2.589061046608884e-05,2.196629253764976e-05,7.028289411068296e-05,0.0011315617509797475,1.4076981678900128e-05,0.0005357046991203779,1.6976795640253915e-05,2.0554330587595222e-05,0.00026630901460547964
