,0,1,2,3,4,5,6,7,8,9,10,11,12,13,14,15,16,17,18,19,20,21,22,23,24
0,1.945230974125378e-06,4.50293857925673e-06,2.8508376195297826e-05,0.000567304460319296,2.501204425896858e-07,0.01258346464309044,3.943649587416619e-06,0.00016038003998133856,9.884709896855642e-06,0.9298433353487247,9.991039604448275e-08,6.193844270421065e-09,1.762879485328326e-08,4.039346527490327e-05,8.490560390087934e-08,0.009042016608775879,2.8364417801486287e-05,0.04648910742204725,1.5364965434806813e-05,7.065542667854007e-05,0.0010828537238329779,1.3184042819999914e-05,1.9954201301555288e-06,8.199738660742128e-06,4.136612112764318e-06
1,2.7082696329905135e-06,6.284409431925901e-06,4.3780462463586026e-05,0.0005284940083679578,4.351578971338537e-07,0.021353912395000594,5.526819933734347e-06,0.0002740665141865737,2.4298346667698884e-05,0.9036455448253878,1.447841147980029e-07,9.545125497221364e-09,3.9240007906640825e-08,3.676578737884811e-05,2.1094657799161262e-07,0.025218754563903413,3.6697081582667845e-05,0.047019705869740365,3.8618580116106894e-05,0.00010674600759486744,0.001619069330689894,1.9460850550510143e-05,1.5205860323591981e-06,1.2825251729289008e-05,4.380365885373607e-06
2,2.99373478415899e-06,7.6319161477928e-06,3.383320262659708e-05,0.0005217159843207294,7.542858078007822e-07,0.0203724454918429,6.211164137718456e-06,0.000292411776075582,2.3023991901063977e-05,0.8994001558225649,1.812167021713382e-07,9.414500751102949e-09,4.0004722054093196e-08,5.8331271199662216e-05,2.826566268270566e-07,0.02195666769675694,5.450485543027017e-05,0.055507231101111776,3.259494867284675e-05,0.00014876084605226336,0.0015391868599748204,2.181923307777446e-05,2.0617190646977855e-06,1.0516513275796305e-05,6.6342926217953304e-06
3,2.650291481208243e-06,6.375870211470807e-06,3.770453651916354e-05,0.0006434675191091132,4.946634961937798e-07,0.0222283308250693,5.2784455247036e-06,0.00028338171271672063,2.100546168823477e-05,0.8971150660649342,1.811152869559978e-07,9.349096060733843e-09,3.7813009187601256e-08,5.1585348248228155e-05,1.9359073976895407e-07,0.020513572121925505,5.280413107178279e-05,0.05707391069055803,3.34442492842196e-05,0.00012040084105793253,0.0017675861359562179,2.24787117807454e-05,2.09598454220301e-06,1.2877744660916706e-05,5.066782031918035e-06
4,2.869430875138454e-06,6.795176490329865e-06,3.910610446556316e-05,0.0006916558425575178,5.346545456866626e-07,0.02276829575571738,5.5929677960278675e-06,0.00027988888415392813,2.3402584825400256e-05,0.8928041393029453,1.9118737188287266e-07,1.1165267472075094e-08,4.7396443136134045e-08,5.5433074514988854e-05,2.0152716132336555e-07,0.02090551700464779,5.940633466241049e-05,0.0601913391326356,3.54417788576055e-05,0.0001296536439594421,0.0019534793498632705,2.4817410365815523e-05,2.2821358834823526e-06,1.4321911572629756e-05,5.576242420897946e-06
5,2.5702679622522627e-06,5.672583958197273e-06,3.256271406774015e-05,0.0007390585153539069,3.9552843052723986e-07,0.019397220872721926,4.4888060432791085e-06,0.00023690415393824436,1.8309828875681904e-05,0.892197322007889,1.5990604629277782e-07,9.349644039978284e-09,3.7355662210302735e-08,5.243227844962998e-05,1.526688683012395e-07,0.01768505171435239,5.452239969217506e-05,0.06769537847849862,2.6416348004505786e-05,0.00011763619885420738,0.0016911739187257194,2.2602749909001055e-05,2.052665442653065e-06,1.2809683852167341e-05,5.059004757253388e-06
6,2.650291481208243e-06,6.375870211470807e-06,3.770453651916354e-05,0.0006434675191091132,4.946634961937798e-07,0.0222283308250693,5.2784455247036e-06,0.00028338171271672063,2.100546168823477e-05,0.8971150660649342,1.811152869559978e-07,9.349096060733843e-09,3.7813009187601256e-08,5.1585348248228155e-05,1.9359073976895407e-07,0.020513572121925505,5.280413107178279e-05,0.05707391069055803,3.34442492842196e-05,0.00012040084105793253,0.0017675861359562179,2.24787117807454e-05,2.09598454220301e-06,1.2877744660916706e-05,5.066782031918035e-06
7,2.664899146402875e-06,6.375819895917411e-06,3.796728308486863e-05,0.0006398595224249022,4.933771725378872e-07,0.022197960541638757,5.288877332552345e-06,0.0002826885339555408,2.0957898159264165e-05,0.8975799415170356,1.806721694713008e-07,9.325063255844425e-09,3.775399101935001e-08,5.114050136149109e-05,1.928063900504063e-07,0.020377745688691135,5.228208307208161e-05,0.05679452828085097,3.355762792530917e-05,0.00011953490898399861,0.001754206801323614,2.231145042646437e-05,2.09678638398892e-06,1.2926386492840998e-05,5.05065702773324e-06
8,2.9705096641233467e-06,6.303782813427904e-06,3.85449212561499e-05,0.0006508947934923599,6.333063067960136e-07,0.029253839732715177,5.676771366313697e-06,0.0003526132468667525,3.0381611629054803e-05,0.8553927222517014,2.3836784884405897e-07,1.0919001023167672e-08,5.2664411373018e-08,5.66100314500643e-05,3.1009698358395835e-07,0.030318066631670297,8.144672951961095e-05,0.08109345710716938,4.491236121778739e-05,0.00014189141599187438,0.0024708923071509593,3.499607158440216e-05,1.845201536624901e-06,1.467053314811803e-05,6.018633504620812e-06
9,3.94402022896972e-06,7.230549042889446e-06,3.953076508360524e-05,0.0005980751800254545,9.142721131661933e-07,0.03418872561411351,6.424624280512059e-06,0.0004560649741244968,3.40059767134818e-05,0.8363628956832797,3.248929549348715e-07,1.0488793152458826e-08,5.40056460326343e-08,6.941920290641765e-05,3.9327019745181754e-07,0.03239276275060667,9.57005534540608e-05,0.09339065947487112,5.666901234976886e-05,0.0001466921994802986,0.0020860889572991816,3.8833832388349666e-05,2.0902690620463563e-06,1.5818848720837042e-05,6.6705822638499856e-06
10,2.650291481208243e-06,6.375870211470807e-06,3.770453651916354e-05,0.0006434675191091132,4.946634961937798e-07,0.0222283308250693,5.2784455247036e-06,0.00028338171271672063,2.100546168823477e-05,0.8971150660649342,1.811152869559978e-07,9.349096060733843e-09,3.7813009187601256e-08,5.1585348248228155e-05,1.9359073976895407e-07,0.020513572121925505,5.280413107178279e-05,0.05707391069055803,3.34442492842196e-05,0.00012040084105793253,0.0017675861359562179,2.24787117807454e-05,2.09598454220301e-06,1.2877744660916706e-05,5.066782031918035e-06
11,2.7412892311294655e-06,6.5031319755754506e-06,3.871843692859901e-05,0.0006645859463006649,5.19294935452859e-07,0.02211696941209085,5.529394446513024e-06,0.00028083938954980367,2.1946352323487425e-05,0.8962230142434282,1.8558078754663623e-07,1.036264489530773e-08,4.407660043135813e-08,5.245681756303993e-05,1.9677403502249543e-07,0.0208155969677882,5.5746136987366564e-05,0.05765708302306378,3.415729057927542e-05,0.0001272246328353695,0.001851265518162008,2.336563827962694e-05,2.2096252474282817e-06,1.3798759358440378e-05,5.291904857392819e-06
12,2.9013704403319533e-06,6.253526629381493e-06,6.344623065479031e-05,0.00070073864012427,4.3824521717118203e-07,0.022331282718476782,7.767777648461315e-06,0.0005084930224045122,2.681187947938729e-05,0.8961231370302829,2.6318659120670355e-07,1.504390478580756e-08,4.360823724952004e-08,3.737106697782171e-05,2.7832743452252e-07,0.031156975295940345,3.6507986842169005e-05,0.04686075667679187,5.73112969621537e-05,0.00011742641455525972,0.0019100666355152882,2.638333448836556e-05,1.999146476728868e-06,1.9426003764423594e-05,3.9055341597866065e-06
13,2.6613728759665345e-06,7.342240428154056e-06,4.952632028619153e-05,0.001175660741184434,6.865842775779127e-07,0.025880035379949557,8.11158909544493e-06,0.0007264758156429695,2.6602130987579233e-05,0.8695823125493004,5.145633529870677e-07,2.0071072293403238e-08,4.8620871616826264e-08,0.0001185438509480882,2.988155445128683e-07,0.026026730927987653,7.66941933418437e-05,0.07343907371401233,4.2592688076177925e-05,0.00016993425920865612,0.0025952384628826295,4.328008231438776e-05,4.176711637569625e-06,1.755035236362204e-05,5.887962357359103e-06
14,3.844241676741698e-06,4.165561669254546e-06,0.00014443759234547443,0.0012827324488953904,4.648058776339794e-07,0.04713978818020155,6.5311604651761205e-06,0.0004425025659580996,5.558875556900879e-05,0.8011089683546447,2.2854132763447554e-07,2.2621969921535648e-08,1.302079917551523e-07,3.660246229635228e-05,4.5657206609306377e-07,0.04123094855765671,0.00011560408902609246,0.10255295990700479,4.340674921607167e-05,0.0001789049098249144,0.005563762710542851,4.983566886181043e-05,2.921750305985581e-06,2.5016791648852052e-05,1.0174792956971775e-05
15,2.650291481208243e-06,6.375870211470807e-06,3.770453651916354e-05,0.0006434675191091132,4.946634961937798e-07,0.0222283308250693,5.2784455247036e-06,0.00028338171271672063,2.100546168823477e-05,0.8971150660649342,1.811152869559978e-07,9.349096060733843e-09,3.7813009187601256e-08,5.1585348248228155e-05,1.9359073976895407e-07,0.020513572121925505,5.280413107178279e-05,0.05707391069055803,3.34442492842196e-05,0.00012040084105793253,0.0017675861359562179,2.24787117807454e-05,2.09598454220301e-06,1.2877744660916706e-05,5.066782031918035e-06
16,1.5999262086608643e-06,5.09049162420102e-06,2.1793091487143863e-05,0.0004982038631150576,3.262420398780512e-07,0.012064304884794609,4.4482969246829835e-06,0.00023117230055265297,1.3257754186028286e-05,0.924514119879304,1.0018216930238263e-07,9.142892358879287e-09,2.90190678469167e-08,4.602415119046904e-05,1.4451408489869873e-07,0.01665833825834921,4.215011871952223e-05,0.04389342516613998,2.316291372570994e-05,0.00010971926590920725,0.0018381066836266966,2.1401904244183322e-05,1.566573589492644e-06,7.217126257007938e-06,4.288249797666129e-06
17,2.0298885406900767e-06,5.7960179293903104e-06,2.5466964040592817e-05,0.0008062214185623481,5.556159306353211e-07,0.017327348865718517,4.896826773056991e-06,0.0003070389050456899,1.6084346842200127e-05,0.8972565389594434,1.9063459212765174e-07,1.1069107011539074e-08,4.6008109247917474e-08,8.160189674099474e-05,1.542132122057373e-07,0.018441599916400455,8.831407098375037e-05,0.06330923666735157,2.348908852560042e-05,0.00017067022572874789,0.0020836305512780683,2.9394989097607376e-05,3.128505511995665e-06,1.0852167729019386e-05,5.702186805145722e-06
18,2.049060558745447e-06,4.880328952183771e-06,2.008093813734734e-05,0.0005050643943693473,4.789302561321917e-07,0.015620107458587752,3.867269079527467e-06,0.00015333536012416892,1.3570102382122681e-05,0.8990314168202314,1.0143175610412366e-07,6.5504161548815355e-09,3.3749542929427906e-08,5.611767889737575e-05,1.4172184578135904e-07,0.012342704110119458,7.434790337299811e-05,0.07025833452871152,1.6264545532213694e-05,0.00012069535457218508,0.0017390962634163936,2.1280800472720937e-05,2.0118877765228903e-06,6.962077446696449e-06,7.05073344226173e-06
19,2.194300533814571e-06,5.990582545798002e-06,3.99082710856954e-05,0.0006934829920860336,3.979059545724797e-07,0.015040676397079364,6.45106919074828e-06,0.00027892951691780356,2.06923217565348e-05,0.9145562486516159,1.350965381821808e-07,1.2879948103390958e-08,4.136319389455885e-08,4.10278055682414e-05,1.763961144481284e-07,0.020621014791497763,4.313857261869318e-05,0.04649251552826488,2.7847299107333587e-05,0.00011574897697453028,0.0019726224111918933,2.308584494603711e-05,1.8456677123349924e-06,1.1060574594365378e-05,4.754782962915663e-06
20,2.315851234046365e-06,5.399896902321646e-06,4.202187084688688e-05,0.0006986759550790383,4.116456918417599e-07,0.01967485611664196,6.148461521514288e-06,0.0005184000920778976,2.0862111569382918e-05,0.8875728553941807,2.310816440771486e-07,1.2747141829625029e-08,3.56288760155086e-08,5.3865043534331434e-05,3.0333170642663265e-07,0.02611304265623498,5.550696139396498e-05,0.06292540073567783,3.9531348162673176e-05,0.000124204450658895,0.00209183862838416,3.5972260134256516e-05,1.903548922174909e-06,1.1300204274641434e-05,4.903977508079866e-06
21,2.141163057281671e-06,6.631442483716959e-06,2.8511660915060058e-05,0.0006732545817855618,3.948132229424547e-07,0.015458322393815345,4.93694253102532e-06,0.00027405908245348734,1.9497803536131635e-05,0.9113463413353403,1.3653819549616339e-07,1.0322255695877893e-08,3.288600693055819e-08,5.513315887548131e-05,1.4654469347613968e-07,0.024382978925514495,3.246890478894052e-05,0.04613461358085109,2.5880229780067826e-05,0.00011860615237176594,0.0014020982099248068,1.7953407282470162e-05,1.5629888153967755e-06,1.0538238045782501e-05,3.7486934572894283e-06
22,3.3662313393387364e-06,5.289193366984648e-06,3.805035207094683e-05,0.0006226259408978436,5.541519537105105e-07,0.02661552453685212,4.201331548926739e-06,0.00026503659270678525,2.080199975849214e-05,0.8545323939430046,2.153563335655915e-07,6.841386287830411e-09,3.657064706715275e-08,5.115108595944988e-05,2.3462330763057042e-07,0.0197530803646012,8.527342166356497e-05,0.09607521089181366,2.9663433912210227e-05,0.00012165821030497613,0.0017242854970753337,2.97969497939536e-05,2.1290483581669127e-06,1.299961805568715e-05,6.413813287644495e-06
23,2.650291481208243e-06,6.375870211470807e-06,3.770453651916354e-05,0.0006434675191091132,4.946634961937798e-07,0.0222283308250693,5.2784455247036e-06,0.00028338171271672063,2.100546168823477e-05,0.8971150660649342,1.811152869559978e-07,9.349096060733843e-09,3.7813009187601256e-08,5.1585348248228155e-05,1.9359073976895407e-07,0.020513572121925505,5.280413107178279e-05,0.05707391069055803,3.34442492842196e-05,0.00012040084105793253,0.0017675861359562179,2.24787117807454e-05,2.09598454220301e-06,1.2877744660916706e-05,5.066782031918035e-06
24,2.1999267756773694e-06,6.949666200809497e-06,2.3946474914109006e-05,0.0006863440952745418,4.142500896796947e-07,0.017012411442644766,4.052588063691351e-06,0.00024006237451066836,1.5091967059432277e-05,0.913112948864098,1.469527584844568e-07,7.998702663809586e-09,3.064011932330475e-08,6.482582713809256e-05,1.198872026403407e-07,0.016778137970316798,4.876059518091935e-05,0.05051181058205433,2.591154966679136e-05,0.0001233902133012711,0.0013070365276916603,1.862759316204056e-05,2.081201119675276e-06,1.0603389924331952e-05,4.087422029354527e-06
25,1.987527442223676e-06,6.52451388236378e-06,3.239942582083789e-05,0.0009457309600498507,5.022786921321951e-07,0.01929969577457328,6.296801702842854e-06,0.0007146945111057387,1.628252498732906e-05,0.9013108956437841,3.5685850355775706e-07,1.111361905626988e-08,2.6223365363280665e-08,9.39956010303716e-05,1.688664602841736e-07,0.024725160228217906,5.02122084410247e-05,0.05106808778806694,3.652262599492909e-05,0.00013488228075868793,0.0015084536281393124,2.7943525819680488e-05,2.9266035949982188e-06,1.3093964011275994e-05,3.148521935857115e-06
26,5.235403979621937e-06,7.973164479941346e-06,5.709771104448023e-05,0.000796490662106833,6.830619916543078e-07,0.03317039711690127,4.706204532024752e-06,0.00018727016800537704,3.030868084831679e-05,0.8654059699730408,2.3915300107564587e-07,9.606650194486797e-09,7.034082295883339e-08,4.397141249539629e-05,1.492732862623006e-07,0.018783133216432244,7.780311795251768e-05,0.07925433563834787,4.309075675484004e-05,0.00014763947072902754,0.001920076583950688,2.1371676445361035e-05,3.274262380862167e-06,3.28255302078545e-05,5.877813612599435e-06
27,2.719331015150284e-06,6.306847551114337e-06,4.012183359648498e-05,0.0007147631135340314,4.949123225783666e-07,0.02374511056531695,5.567573360614266e-06,0.00037749296134915994,2.3549262602363124e-05,0.882691407190703,2.3060987994322363e-07,1.1000920310307302e-08,3.943899055257215e-08,5.774491782411145e-05,2.4287277660131426e-07,0.02484062185970647,6.050717081855892e-05,0.06525982310495905,3.941796539825798e-05,0.00012887717595971106,0.001953607341225467,3.0241129352540446e-05,2.102414887336333e-06,1.3935397826958665e-05,5.06400812254237e-06
28,2.650291481208243e-06,6.375870211470807e-06,3.770453651916354e-05,0.0006434675191091132,4.946634961937798e-07,0.0222283308250693,5.2784455247036e-06,0.00028338171271672063,2.100546168823477e-05,0.8971150660649342,1.811152869559978e-07,9.349096060733843e-09,3.7813009187601256e-08,5.1585348248228155e-05,1.9359073976895407e-07,0.020513572121925505,5.280413107178279e-05,0.05707391069055803,3.34442492842196e-05,0.00012040084105793253,0.0017675861359562179,2.24787117807454e-05,2.09598454220301e-06,1.2877744660916706e-05,5.066782031918035e-06
29,2.650291481208243e-06,6.375870211470807e-06,3.770453651916354e-05,0.0006434675191091132,4.946634961937798e-07,0.0222283308250693,5.2784455247036e-06,0.00028338171271672063,2.100546168823477e-05,0.8971150660649342,1.811152869559978e-07,9.349096060733843e-09,3.7813009187601256e-08,5.1585348248228155e-05,1.9359073976895407e-07,0.020513572121925505,5.280413107178279e-05,0.05707391069055803,3.34442492842196e-05,0.00012040084105793253,0.0017675861359562179,2.24787117807454e-05,2.09598454220301e-06,1.2877744660916706e-05,5.066782031918035e-06
30,2.650291481208243e-06,6.375870211470807e-06,3.770453651916354e-05,0.0006434675191091132,4.946634961937798e-07,0.0222283308250693,5.2784455247036e-06,0.00028338171271672063,2.100546168823477e-05,0.8971150660649342,1.811152869559978e-07,9.349096060733843e-09,3.7813009187601256e-08,5.1585348248228155e-05,1.9359073976895407e-07,0.020513572121925505,5.280413107178279e-05,0.05707391069055803,3.34442492842196e-05,0.00012040084105793253,0.0017675861359562179,2.24787117807454e-05,2.09598454220301e-06,1.2877744660916706e-05,5.066782031918035e-06
31,2.7786545351423143e-06,5.581106066605528e-06,4.091288949221462e-05,0.0005258645531941224,3.521463210171556e-07,0.015041385054122025,5.5489039229309925e-06,0.00032930511311613745,1.4270091640294408e-05,0.923260872992729,1.393598530768511e-07,7.831521405572534e-09,2.4660851076741993e-08,3.855240562204463e-05,1.3869491858821574e-07,0.01360947123300856,3.099898656064899e-05,0.045786258315113224,3.0558219081441954e-05,7.817701274848393e-05,0.0011660325892339759,1.66841502363279e-05,1.9596019790325192e-06,1.0285319248622249e-05,3.840114884146839e-06
32,2.7954151197779594e-06,6.652563288392339e-06,3.7960641296766574e-05,0.0006097157049207646,4.873475265028691e-07,0.022383599433865857,5.326068834650565e-06,0.00028977423526563404,2.1266896694958763e-05,0.8981263774415507,1.854888680853803e-07,9.599956301127097e-09,3.84296365949204e-08,5.02961839238933e-05,1.9809709697364413e-07,0.020240874592634815,5.2086310348722126e-05,0.05621674776711236,3.8306832119825467e-05,0.0001155655158011062,0.0017579864024695954,2.3245828611867826e-05,2.0590353726680626e-06,1.3520805112935245e-05,4.9233625702255425e-06
33,2.033044433146026e-06,5.451160190293269e-06,2.655291634879154e-05,0.000696445341792645,4.612775318757209e-07,0.021712518487895544,4.271946008616954e-06,0.00032916796532609304,1.5629951094875385e-05,0.8980343541304516,2.0426382543269342e-07,8.561410878348056e-09,4.0876809964149094e-08,6.688879158356562e-05,1.354971415588934e-07,0.022072892222010972,6.893780728968895e-05,0.05507880034232661,3.2908070944226667e-05,0.0001389504459809808,0.0016680908437136331,2.5390926739204805e-05,2.4906337548410014e-06,1.3593621785572183e-05,3.780873609498925e-06
34,1.5629292600739152e-05,2.240648965249949e-05,0.00013772268334559802,0.0006897411538092047,1.297944528301504e-06,0.05474156182788066,1.2772379531316115e-05,0.0005294157221644443,0.00013216323768598366,0.8060135317572261,5.163494219129968e-07,2.9115163155638362e-08,1.1969322093855564e-07,5.025280956181828e-05,6.978907875162771e-07,0.03477023994698676,7.03589542277778e-05,0.09940439528852761,0.00024656764731621284,0.00011052179262630141,0.0029407315072002473,4.767326138376884e-05,2.2488804562808617e-06,5.0773879648062544e-05,8.630495046965481e-06
35,1.1743230943280345e-06,7.5036127624961326e-06,3.319102030787044e-05,0.0006556075100834796,8.73504196320676e-07,0.03957184297658103,4.566821375900527e-06,0.0002117045147332872,1.5247846392477501e-05,0.9074227138184937,2.686028791919305e-07,7.832874450439619e-09,4.802140108944936e-08,8.911134075294898e-05,2.3899537935956324e-07,0.0291045124449035,7.326980279217527e-05,0.020469097354173998,3.1026697095786095e-05,0.00027971170794184635,0.0019889801542800184,1.5390795088361188e-05,4.698729070392802e-06,1.36163030239303e-05,5.595270321915024e-06
36,2.3388455998737982e-06,6.0356685480021315e-06,3.294002172342662e-05,0.0005673822405322529,5.171783604166834e-07,0.025232248679582136,3.870592685649632e-06,0.00012703365999305,1.600541905627445e-05,0.9055175312079138,1.440497287945282e-07,4.95209664839504e-09,2.7068911796828617e-08,4.672191232913318e-05,1.2095209022464528e-07,0.012193326268543926,5.01584272714028e-05,0.05435791013867076,2.0435937421551645e-05,0.00011214592331353368,0.0016799481161756521,1.2916504354925292e-05,2.4354665859436667e-06,1.2332081591823767e-05,5.468686918985711e-06
37,3.189410077685404e-06,5.689929475790866e-06,3.692047420573511e-05,0.000586605820655114,3.5779177006751884e-07,0.014429404240715886,4.704844639687527e-06,0.00017268919870671415,1.554393954289598e-05,0.9156614233103256,1.2130755359873202e-07,7.548665358511795e-09,3.111395746116142e-08,3.144829086515473e-05,9.550629549925034e-08,0.012114769427720396,3.5205132516028105e-05,0.05553035766224135,2.4822499226620564e-05,9.112783746436172e-05,0.0012194098783031972,1.4737585676641536e-05,2.0345707411878334e-06,1.525402619367612e-05,4.048652464393334e-06
38,4.062325312104618e-06,7.011862119371583e-06,5.312402859181995e-05,0.000382543043287491,6.662545581995847e-07,0.03296119071169752,6.860105552358737e-06,0.00021583402588106038,2.6739546305041826e-05,0.8954689712691903,1.8068420368106671e-07,7.549405163105565e-09,3.836086601213347e-08,3.541961103868751e-05,2.9565620724052474e-07,0.022752222108304198,3.205298885752081e-05,0.046650760849645034,4.87870110864474e-05,8.078143175105422e-05,0.0012348223097938622,1.4898873843658241e-05,1.598134329220324e-06,1.5255753699817927e-05,5.875504472966614e-06
39,2.585298034512958e-06,5.726980883049199e-06,4.068960440488569e-05,0.0006362654820686124,4.880705143362078e-07,0.024471143379029357,5.316746544120407e-06,0.00030401603604544804,2.142130044960443e-05,0.8914946708025798,1.8561791566329207e-07,9.436703874701877e-09,4.179071488928615e-08,4.852900609185007e-05,2.1152461628204232e-07,0.02233872655624557,5.744578216975396e-05,0.058419536911857334,3.557714766965524e-05,0.00012070942488111816,0.0019521134984592332,2.410897206186328e-05,2.0809639832198592e-06,1.3256639219550985e-05,5.1430268566238564e-06
40,3.964929907099598e-06,9.114947869497984e-06,6.753873032314503e-05,0.0005830587559061891,7.048897787292278e-07,0.029443675467746917,7.907706822645604e-06,0.0002983784549379684,3.494263801583436e-05,0.8923394616615414,2.161748366787792e-07,1.3340516179981319e-08,5.0471954906782726e-08,5.283498551834525e-05,3.6192965034688796e-07,0.021052988920057112,4.818687119581312e-05,0.0538713252134314,4.6991017439629925e-05,0.0001135315071820241,0.0019756567495469637,2.4532896778866093e-05,2.29587854435482e-06,1.4479458262548403e-05,7.786402235411074e-06
41,9.42479481627267e-06,1.435166503186163e-05,9.939679124241905e-05,0.0007705025372583285,2.9678584172644405e-06,0.04720136238791354,1.5208233992277358e-05,0.00045635639423126866,0.00011319758308168368,0.786665772168648,3.9208753022026006e-07,1.9995861408973088e-08,1.3641862937926176e-07,6.31860249890549e-05,1.0198923025176686e-06,0.06890650170711346,8.55157084900746e-05,0.09298917636917607,5.9743316509927615e-05,0.00022831685071772817,0.002246984808066533,3.0412530038263154e-05,2.227062045564338e-06,2.3483686447935073e-05,1.4343127449112058e-05
42,1.8370648944556926e-06,4.044067066324418e-06,4.283687787600168e-05,0.0006523743155287563,2.8982651191947204e-07,0.021114145782313246,5.260760990694199e-06,0.0005684266456556741,1.959884598570825e-05,0.8867256936570865,1.9934931371232812e-07,1.3833717014118311e-08,4.808361078996109e-08,3.693451829171107e-05,2.710070588904854e-07,0.03797237170771231,5.544290451223529e-05,0.050187583812667295,5.449110948547319e-05,0.00012735320211980955,0.0023734497138230984,3.8321702402142425e-05,1.612525545716421e-06,1.3937214296045915e-05,3.461471534490319e-06
43,0.018013400920634522,0.002951719639445658,0.021485699954458943,0.04807269160482974,0.0007334979404220128,0.10180624585632701,0.0027373647395137423,0.00672600216466351,0.1540425256540843,0.013508108412905145,0.0003755003333742423,4.7188447804186e-05,4.476731491467965e-06,0.0021497418620427897,0.00010703512963377302,0.145610217509324,9.093568777045696e-05,0.4776457116817715,0.0006568078706595663,0.0002453320498339726,0.000507599995281642,7.804904972566862e-05,1.8766335321122844e-05,0.0014263037916940934,0.0009590766369870058
44,2.650291481208243e-06,6.375870211470807e-06,3.770453651916354e-05,0.0006434675191091132,4.946634961937798e-07,0.0222283308250693,5.2784455247036e-06,0.00028338171271672063,2.100546168823477e-05,0.8971150660649342,1.811152869559978e-07,9.349096060733843e-09,3.7813009187601256e-08,5.1585348248228155e-05,1.9359073976895407e-07,0.020513572121925505,5.280413107178279e-05,0.05707391069055803,3.34442492842196e-05,0.00012040084105793253,0.0017675861359562179,2.24787117807454e-05,2.09598454220301e-06,1.2877744660916706e-05,5.066782031918035e-06
45,3.1226143704138232e-06,5.576060874406419e-06,5.671298911188798e-05,0.0006895624317130193,5.447371175963079e-07,0.02878431912498266,7.17973644505472e-06,0.0005577550930670471,2.8581613450678282e-05,0.8644743652213983,2.841142513680385e-07,1.2029266287563239e-08,4.519957222458957e-08,4.64253832819501e-05,3.891645258705849e-07,0.03876646041279783,5.003628773496311e-05,0.06456775041176605,5.049256223121992e-05,0.0001242578804209515,0.0017330835613306632,3.0530928601560115e-05,1.7304713497266854e-06,1.586346608462772e-05,4.918504253529787e-06
46,2.2727851461956483e-06,4.258976289725287e-06,3.731352231337694e-05,0.0011029377288871841,4.880248102387818e-07,0.03727865270656018,3.522243388383753e-06,0.00038454093760309987,1.8924788627550945e-05,0.8386955806448562,2.8977317881323874e-07,1.123924615305735e-08,8.824965551499745e-08,7.070423619561033e-05,2.1754695360732683e-07,0.02917874360856004,0.00023462239963797932,0.08928859996526115,4.0339049995494914e-05,0.0002208077854319072,0.0033515917748498476,5.5646976624781665e-05,3.854848065114628e-06,1.9748086469914712e-05,6.2421013918426135e-06
47,3.322331551771527e-06,6.502037785975359e-06,4.0064309027600914e-05,0.0005677482498048638,4.957408289657712e-07,0.018993624404871463,5.673628928143154e-06,0.00024965228720617795,2.7285223918127215e-05,0.8919135931124008,1.336657690687325e-07,1.3018026995040711e-08,6.092211680417154e-08,3.623853298939396e-05,2.3729025331270452e-07,0.02732824591929527,5.894840727903861e-05,0.05846843464056447,4.069450573781754e-05,0.00013319220164943838,0.002075785529146406,2.8056985794992457e-05,1.6888574554873863e-06,1.4455933523046167e-05,5.8522640744313e-06
48,2.3822665879551453e-06,7.3519652486222755e-06,2.7138817558976125e-05,0.0004720936491021731,3.602521391206677e-07,0.022422542258739294,4.086778742546217e-06,0.0002641920821250257,1.5116102206583109e-05,0.9199284058189074,1.7429691822105086e-07,7.029153488705982e-09,2.89218720191629e-08,4.750275797419556e-05,1.1473753958738625e-07,0.01562008552413757,4.4227542808496544e-05,0.03963782899390764,5.746438641041653e-05,8.650903321346782e-05,0.0013233357608891433,1.9464804734504066e-05,1.9233128367807342e-06,1.4795109356651999e-05,2.8677968903080797e-06
49,2.333889105699702e-06,5.587022726122752e-06,4.159958500186049e-05,0.0006918839576943251,3.769242164091676e-07,0.02086227280803453,4.882460857218135e-06,0.00025363706095449517,1.8234691163529254e-05,0.9060215480499965,1.634775708918969e-07,9.98965513159289e-09,3.7385706004178705e-08,4.758243509713967e-05,1.673451049616822e-07,0.01740968697711207,4.801813068653603e-05,0.05257094955419693,2.9201704264837935e-05,0.00011290854774774909,0.0018370120709380485,2.1744077022615652e-05,2.273715963110423e-06,1.2911978032595379e-05,4.9761611507821365e-06
50,2.1746792722719373e-06,5.623898167102127e-06,3.1342949197443815e-05,0.0005237787815159906,4.183370075207896e-07,0.0174235197231083,5.131694983376629e-06,0.0002619126811652012,1.5332288568226008e-05,0.9178474505208731,1.4305358043757708e-07,7.939513450560853e-09,2.9202678873463065e-08,4.659638516851771e-05,1.5850949938451706e-07,0.01647550446294076,4.084426650130019e-05,0.045723212053237004,2.8439598626544243e-05,0.00010163799973635038,0.0014321107841501677,1.840244658432898e-05,1.929473080583478e-06,9.867719157386176e-06,4.430551686454011e-06
51,2.6349678244918754e-06,6.154484020582809e-06,3.820744655017529e-05,0.0006307008132296172,5.12069986756231e-07,0.02284599966060338,5.3488539267004874e-06,0.0002803850128632618,2.1177366656106732e-05,0.8958364039889936,1.8218540676037084e-07,9.298104708025047e-09,3.958274357154171e-08,5.053124156332355e-05,1.9828880168108353e-07,0.02117541472668726,5.393520219428825e-05,0.05704793069735323,3.332937442643752e-05,0.00012251836447287715,0.0018056129395295896,2.239602947983411e-05,2.119307182854407e-06,1.3093414130798312e-05,5.164683268292456e-06
52,1.181991322481238e-06,1.873970239640733e-05,5.406471123394223e-05,0.0013105474222975715,3.3013197691379325e-07,0.0038166850882669153,1.6806061795045495e-05,0.00030346144103357667,1.6425352841684855e-05,0.9734340269825181,5.9080031538481804e-08,6.125739820341841e-08,6.227040647113338e-08,2.5779533558347215e-05,5.042987861106042e-08,0.012082752476860064,2.0981343433781296e-05,0.004128010392775079,3.974609536068183e-05,0.00018131302645882694,0.004515780173591611,1.1304779428314727e-05,5.370628732981059e-06,1.3927084537542628e-05,2.532541865131443e-06
53,1.7937782299215011e-06,5.10651006944038e-06,3.7158919803598676e-05,0.000560476192659847,6.082143141963619e-07,0.013578431961510715,1.0235506403456398e-05,0.00037479829820092513,1.7622363815772378e-05,0.9250213213893386,1.759714478389009e-07,1.2446261127274802e-08,3.366731699463107e-08,4.636211848456163e-05,2.2414501412301663e-07,0.02178965156711975,3.130365033752913e-05,0.0367806406075282,2.3837138815566527e-05,0.00012081374837305942,0.0015654405334237051,1.7599096371644913e-05,2.176753547228822e-06,9.164496209825759e-06,5.010925402350218e-06
54,2.8165746509205287e-06,8.579537328828835e-06,2.923719225059067e-05,0.00039806837802295117,4.3491916743124435e-07,0.015963404660234815,4.91960479265908e-06,0.0001699132591679093,1.69493447352408e-05,0.9304413035995361,9.505931740061874e-08,7.428689628439395e-09,2.1802795832651348e-08,4.7424780022898925e-05,2.1712517485948047e-07,0.013849929733111818,2.8946379674399857e-05,0.03790487298865191,2.6904453445512582e-05,8.559873722576475e-05,0.0009913076025169709,1.4635524038562515e-05,1.4405932839430678e-06,6.621532074876981e-06,6.3491900880518805e-06
55,1.3755307683587043e-06,4.422581642327169e-06,2.2038764227228678e-05,0.0004132497722173714,3.9427231596201193e-07,0.01924890950998085,3.2525344958206784e-06,0.000261637764164729,7.597411997603887e-06,0.9295759775854243,1.5997414016288502e-07,3.522355871095794e-09,1.4522088607480118e-08,5.569217661552568e-05,1.289195813762947e-07,0.013112501251628066,4.8076399560393376e-05,0.035970819341537744,2.2091285972331084e-05,0.00010282451436628712,0.0011204363949308706,1.5743015427729452e-05,2.3668274348390185e-06,6.834547214740804e-06,3.4515799108096414e-06
56,2.753121258195223e-06,6.527270590234753e-06,3.90152281825746e-05,0.0006594169405166148,5.132755587716098e-07,0.022271797186959805,5.563552030744591e-06,0.0002833456685759989,2.1864877175226355e-05,0.8970643288430243,1.871262938726244e-07,1.0429831017507124e-08,4.313452134399414e-08,5.228584613768521e-05,1.9823010439682049e-07,0.02048698401291538,5.4997467066941684e-05,0.05699622400668377,3.5055190963352765e-05,0.00012447460004972108,0.0018496728140165323,2.3410183887423932e-05,2.2207023839445968e-06,1.3812863514997817e-05,5.297427757041247e-06
57,2.3126332515105175e-06,5.9090346043054175e-06,3.599803067148426e-05,0.0006317177046065391,4.253179541769427e-07,0.01674709648934722,5.759859248394097e-06,0.00031256373138251984,2.1850342166179e-05,0.9079320624834849,1.447651626560882e-07,1.5205539446524293e-08,6.136808125350844e-08,4.3215864767858625e-05,1.9946066205851744e-07,0.02470433207455719,5.9159118445575045e-05,0.04709306397895481,3.9909693251742484e-05,0.00014826182453233557,0.0021664455837794305,2.9074193832927976e-05,2.087339611898047e-06,1.335932737597258e-05,4.974574727633841e-06
58,3.1865375816726646e-06,6.87490298574072e-06,4.3952780182351004e-05,0.0007028537402705185,5.273048861574158e-07,0.024405227450617475,5.80836372571331e-06,0.0002922599932670673,2.4489112151461646e-05,0.89097244870161,2.1288602646295873e-07,1.1438797626227757e-08,4.782090831359997e-08,5.076576801648487e-05,1.930265450812115e-07,0.021763962586474922,5.334847601935073e-05,0.05958143348696048,4.1070287930386874e-05,0.00012400254309340942,0.0018784727986258442,2.352269554579665e-05,2.3557629247338606e-06,1.791302628714023e-05,5.058508565894363e-06
59,2.9720954779825615e-06,6.571690876183445e-06,4.553729628917979e-05,0.000690634223712509,4.937403509526973e-07,0.023787744491247084,5.579030775805779e-06,0.00028500190218373343,2.3239792653995835e-05,0.8953277651735546,2.0366782382806445e-07,1.0708265106353274e-08,4.367163761907593e-08,4.704085268629308e-05,1.9071188508237975e-07,0.021405855973914697,5.063167719740597e-05,0.056214572449171614,3.8713767592497146e-05,0.0001240607796147015,0.0018961795354037769,2.260424488276315e-05,2.3206998485686174e-06,1.7152089276601683e-05,4.879733677464461e-06
60,2.650291481208243e-06,6.375870211470807e-06,3.770453651916354e-05,0.0006434675191091132,4.946634961937798e-07,0.0222283308250693,5.2784455247036e-06,0.00028338171271672063,2.100546168823477e-05,0.8971150660649342,1.811152869559978e-07,9.349096060733843e-09,3.7813009187601256e-08,5.1585348248228155e-05,1.9359073976895407e-07,0.020513572121925505,5.280413107178279e-05,0.05707391069055803,3.34442492842196e-05,0.00012040084105793253,0.0017675861359562179,2.24787117807454e-05,2.09598454220301e-06,1.2877744660916706e-05,5.066782031918035e-06
61,2.957051475485146e-06,6.568742001154354e-06,4.4713837167033955e-05,0.000674160837260103,4.938625445735247e-07,0.02270391475877332,5.7859403076604415e-06,0.0002861596450499277,2.26372450751232e-05,0.8976244527794276,1.9877652128653416e-07,1.0799413394581774e-08,4.284523956209451e-08,4.7350244965631193e-05,1.9174101409899866e-07,0.020372363842208453,4.959481906077246e-05,0.05609810132514248,3.7696320682471456e-05,0.00011969735493153088,0.0018568694008813114,2.2549377498659123e-05,2.295927270764399e-06,1.6208477055338353e-05,4.9840490320797745e-06
62,2.650291481208243e-06,6.375870211470807e-06,3.770453651916354e-05,0.0006434675191091132,4.946634961937798e-07,0.0222283308250693,5.2784455247036e-06,0.00028338171271672063,2.100546168823477e-05,0.8971150660649342,1.811152869559978e-07,9.349096060733843e-09,3.7813009187601256e-08,5.1585348248228155e-05,1.9359073976895407e-07,0.020513572121925505,5.280413107178279e-05,0.05707391069055803,3.34442492842196e-05,0.00012040084105793253,0.0017675861359562179,2.24787117807454e-05,2.09598454220301e-06,1.2877744660916706e-05,5.066782031918035e-06
63,2.7015230427035395e-06,7.1588966148083845e-06,3.6576602546233133e-05,0.0006244289047520158,4.848215770897016e-07,0.020840398037776597,5.179711005536427e-06,0.0002602537118901533,2.039696189043938e-05,0.9048326090548218,1.7122224851257836e-07,9.445463840559213e-09,3.6109580373556924e-08,5.19261293680178e-05,1.8651901599567625e-07,0.018575757583619373,5.086027453274404e-05,0.05276856786282566,3.4223603856308904e-05,0.00011781086151077388,0.0017287559060885625,2.18514993748148e-05,2.1116328657932137e-06,1.2458643499859674e-05,5.084480231945598e-06
64,2.2948640784198486e-06,5.903143202024387e-06,3.623937315543515e-05,0.0006340423502503436,4.615121634996962e-07,0.021002679655865508,5.136843700747053e-06,0.00025190859124286496,1.945258229799632e-05,0.9033540333750273,1.6224641175241917e-07,9.92541905173233e-09,4.15984276957284e-08,5.017844034225492e-05,1.7902310999409912e-07,0.01893168532880391,5.580999221864705e-05,0.05329681135076876,3.086708443512482e-05,0.00012449337885521292,0.002154858558098484,2.2891230379876117e-05,2.2164353634412865e-06,1.2446244916756695e-05,5.1968714647199145e-06
65,7.878716425882649e-07,3.0693523061594406e-06,1.7718553608999208e-05,0.00034230401153846835,1.995614298648153e-07,0.008661469314458454,3.470354156044437e-06,0.00019295838196787475,4.398888875814273e-06,0.9599655811760563,6.084242934846048e-08,3.569869769034314e-09,1.0009719125519567e-08,3.5480522087456674e-05,7.975790845466666e-08,0.007770000734958805,2.1322546072295103e-05,0.021924420316891353,1.0912343842295509e-05,7.021009208479056e-05,0.0009586597209543781,9.114001309701961e-06,1.5901014593815095e-06,3.272380582758505e-06,2.905593789711286e-06
66,2.7282518755336204e-06,5.142924057233435e-06,4.051815167556408e-05,0.0004347036476008607,6.538169887704032e-07,0.024441779521570804,4.7448857819158595e-06,0.00015351692910981653,1.8174947142059385e-05,0.9062841873712669,1.474768622222205e-07,6.292841840982039e-09,5.052130431632482e-08,3.170328527754849e-05,1.712210626722669e-07,0.0169201283344142,6.059443132664474e-05,0.04946589963757273,2.856567334736287e-05,0.00013887911449782307,0.001927793682464403,1.5970565523709582e-05,2.4615255155350876e-06,1.565684985292277e-05,5.820941066476903e-06
67,1.075853892451056e-06,2.6200334425845826e-06,2.2222984216725645e-05,0.0009238779559864389,3.073479847002405e-07,0.03415723299853069,1.846213841868845e-06,0.00013315936022994376,8.090452351724011e-06,0.8942758406172421,1.3956339453409553e-07,5.018457272760795e-09,5.6157605009898714e-08,7.478267965301566e-05,6.448369903753129e-08,0.014876739505455676,0.00010341115427054872,0.053108609345061605,1.3500001473699803e-05,0.0001939559427331922,0.0020642418950339264,1.484516120473785e-05,4.39999689163188e-06,1.4435208856839309e-05,4.540068490082295e-06
68,2.3813849434798974e-06,5.606078094187265e-06,4.2549162256744094e-05,0.0008210231934771264,2.802513115232636e-07,0.016785496438083403,4.260699314587839e-06,0.00021509563049717544,1.8461209392972733e-05,0.9084959745468862,1.1679319198064003e-07,9.872714891187769e-09,3.1647736136696554e-08,4.192433094113169e-05,1.0382539597533322e-07,0.014083448727736324,4.174330413092988e-05,0.05714565372689725,2.276749049503013e-05,9.543254276003417e-05,0.002139405842008338,1.9456458324096972e-05,2.1386630722324363e-06,1.2266463738557452e-05,4.37171659964027e-06
69,2.5928352280146667e-06,6.360210333178791e-06,3.85905940974719e-05,0.0006619755485842505,4.957587201489226e-07,0.02225673066884239,5.3765422268739285e-06,0.0002914879143428689,2.0638544663606417e-05,0.8987916327638327,1.887890375919515e-07,9.568160383926287e-09,3.799710136291338e-08,5.20022935072191e-05,1.9096722014518592e-07,0.02068690703500392,5.187522309238936e-05,0.05513169758474325,3.364206551963947e-05,0.00012302785640127796,0.0018018501065558122,2.2168893371222128e-05,2.196235241225633e-06,1.3385648254828918e-05,4.93835591800456e-06
70,2.655296296885188e-06,7.148873788531728e-06,3.6583317437997985e-05,0.0005708632634228521,5.174275765047476e-07,0.0275422608022043,5.0412427222417e-06,0.00023680789413964602,2.107641346274751e-05,0.898877235002171,2.1610720098218e-07,9.052744947893096e-09,4.092540772820892e-08,4.980668272993936e-05,1.719812057010826e-07,0.018103741911996367,5.89538554741263e-05,0.05200658723042655,4.9089207724954707e-05,0.00011474847909289945,0.00226915277568007,2.2542691823383847e-05,2.42361710454831e-06,1.7747276699310438e-05,4.578671465993292e-06
71,1.8337714414498414e-06,7.619786614887469e-06,1.890870496497963e-05,0.0005134355150491002,6.744248547501853e-07,0.010806685233058375,5.076522736336065e-06,0.00018926771870046038,1.42357926820556e-05,0.9373121258583179,9.967667570189106e-08,8.442253201615457e-09,3.844833426953448e-08,5.405737577461949e-05,1.2409115870901222e-07,0.01842083336913684,4.173546140195309e-05,0.031054496513450824,1.872226875039262e-05,0.00020051196456225736,0.0013116220693033822,1.249320411462422e-05,2.262840287361598e-06,8.400694281427658e-06,4.7302520943238846e-06
