,0,1,2,3,4,5,6,7,8,9,10,11,12,13,14,15,16,17,18,19,20,21,22,23,24
0,0.0005043178510521129,6.0212466891064935e-06,3.2332956223688308e-06,1.7243214107893423e-05,5.120043457520243e-05,2.061494754930618e-05,0.008120103509524204,2.9954187814749184e-05,0.23136058778953947,0.7284107849618782,3.4736937645783373e-07,5.304576506434983e-09,2.112325156453683e-07,0.0003076286395263421,2.2095727959188322e-05,0.00010094138895903805,4.993274969801604e-06,4.4134931390451385e-05,3.1779859404040284e-05,0.0005129433997705746,7.511852843016059e-06,0.0022691135892859457,1.7263790702635515e-05,6.138649532666782e-05,0.02809558170504129
1,0.0006947385843850544,8.129895402641156e-06,3.0759151907494453e-06,2.1150377117278095e-05,7.459115140842325e-05,9.624829920959419e-06,0.0067037906629365445,2.666383312233137e-05,0.3707795324023177,0.5934114364600656,4.0053689696811263e-07,4.535870861309099e-09,2.238349543674698e-07,0.00027166964146501326,1.5106903611220846e-05,8.870923830596193e-05,5.507646749243503e-06,4.364661341431775e-05,2.070205104570256e-05,0.00019385052078344756,3.944153263321892e-06,0.0015600596127593996,1.0839624588151675e-05,5.887887342776309e-05,0.02599372210099719
2,0.0005975231923535121,6.739815721927721e-06,3.0278018842193287e-06,1.8206490590537573e-05,8.077411601238932e-05,8.27236076473475e-06,0.00785891755738245,2.617528984975185e-05,0.34931863484346226,0.592475640799467,3.687787584380225e-07,3.9951146068762644e-09,1.678101751763876e-07,0.000383821916181269,2.1041241142934624e-05,5.753602902255553e-05,4.2377593357759845e-06,4.782868990777972e-05,2.0075969127724072e-05,0.00031801672326976045,4.754788824795101e-06,0.002517627601228875,1.5872559069733335e-05,6.492200455267925e-05,0.04614981186679905
3,0.0007768532179359104,1.0977284423738288e-05,3.943315400808444e-06,2.681814813946825e-05,9.116013126450243e-05,1.2244952785181049e-05,0.009211089345536407,2.972286756216598e-05,0.3429022783807307,0.6012725012780771,5.749761858522119e-07,7.465343189298885e-09,2.918536102106798e-07,0.0004652423205522143,2.1740377156037384e-05,8.192287495144637e-05,7.4496215378867455e-06,6.69535716223744e-05,2.2941575095335712e-05,0.0002523439993672504,6.522844194107227e-06,0.002408671670357648,1.627282397531454e-05,6.80534064577892e-05,0.04224342169773719
4,0.0008248598167604932,1.3918964341479086e-05,4.443149524847817e-06,3.1206669259641344e-05,0.00010668045588628365,1.3510573036984354e-05,0.009868271449777456,3.163193927319934e-05,0.3502699254908709,0.5910956930635451,7.446319823586572e-07,1.0743780109431447e-08,4.2286961015626396e-07,0.0005777786839883312,2.136184073348262e-05,8.881761912208562e-05,9.238314646203088e-06,8.165937279803573e-05,2.532362261131288e-05,0.00026109434648076424,7.3566856098026705e-06,0.002604614700825463,1.7737785255780325e-05,6.789317095607431e-05,0.043975804039323683
5,0.0008322148025558928,7.378545916374464e-06,3.6680660002345294e-06,2.969683671719757e-05,7.364573181833623e-05,9.433385378299432e-06,0.008332054001192178,2.836538963483994e-05,0.30373444888379825,0.6408977040987446,4.876169056972127e-07,6.808589350519903e-09,2.5353874773202386e-07,0.0004554410405649458,1.580079571176796e-05,7.91764582780053e-05,7.4248146963143166e-06,9.461404773649519e-05,1.6589575120474773e-05,0.00028881553977894766,5.762996082374554e-06,0.0020868703168019,1.5217127918216679e-05,7.877259590798674e-05,0.04290615698540361
6,0.0007768532179359104,1.0977284423738288e-05,3.943315400808444e-06,2.681814813946825e-05,9.116013126450243e-05,1.2244952785181049e-05,0.009211089345536407,2.972286756216598e-05,0.3429022783807307,0.6012725012780771,5.749761858522119e-07,7.465343189298885e-09,2.918536102106798e-07,0.0004652423205522143,2.1740377156037384e-05,8.192287495144637e-05,7.4496215378867455e-06,6.69535716223744e-05,2.2941575095335712e-05,0.0002523439993672504,6.522844194107227e-06,0.002408671670357648,1.627282397531454e-05,6.80534064577892e-05,0.04224342169773719
7,0.0014097014369284227,2.1412571712431853e-05,9.771622917887909e-06,3.3409792510946935e-05,0.00012517748840642153,1.4224416219559125e-05,0.011927357085124912,5.4978516648410077e-05,0.3279626315098608,0.6231342364891316,9.611925308555319e-07,1.2321810707513456e-08,7.965317893945216e-07,0.00041566423754911877,2.372523985174869e-05,8.378568180148135e-05,9.809756716975697e-06,8.274112873962141e-05,4.728264105506189e-05,0.00026587586303105,8.586306454595999e-06,0.0029790514188431636,1.1906667280807386e-05,7.324151058962261e-05,0.031303658572494335
8,0.0007940435093828273,1.149581206712167e-05,4.03779988891383e-06,2.732348401056995e-05,9.302555946309491e-05,1.29465633655466e-05,0.009535490241386887,3.1351606083458166e-05,0.34315126069528007,0.6010464692678295,5.895761818973249e-07,8.102886706285135e-09,3.1641648514838697e-07,0.0004693671595773559,2.1667198335873842e-05,8.628290993496091e-05,7.860648404685076e-06,6.924496218792111e-05,2.4448279475377255e-05,0.00025946673494205825,6.7900270302505305e-06,0.002448213294931383,1.663079664941703e-05,6.530176241309188e-05,0.04181636759180581
9,0.0006525546403815468,5.375070113285451e-06,4.549469515491372e-06,2.840543303079169e-05,6.45053003971476e-05,8.559035406402835e-06,0.004609403278567304,2.255709257863903e-05,0.27787649205673853,0.6869194646282739,5.015595883238033e-07,3.5422666450030695e-09,1.752171754428929e-07,0.00041071483493346445,1.8572602945106008e-05,5.986429015018681e-05,5.6692972842841245e-06,4.909947916847008e-05,1.459133333561152e-05,0.00025284291261083784,4.954945567255646e-06,0.00205457562345484,1.3133014845498059e-05,0.00011700928187347856,0.02680642605979757
10,0.0007768532179359104,1.0977284423738288e-05,3.943315400808444e-06,2.681814813946825e-05,9.116013126450243e-05,1.2244952785181049e-05,0.009211089345536407,2.972286756216598e-05,0.3429022783807307,0.6012725012780771,5.749761858522119e-07,7.465343189298885e-09,2.918536102106798e-07,0.0004652423205522143,2.1740377156037384e-05,8.192287495144637e-05,7.4496215378867455e-06,6.69535716223744e-05,2.2941575095335712e-05,0.0002523439993672504,6.522844194107227e-06,0.002408671670357648,1.627282397531454e-05,6.80534064577892e-05,0.04224342169773719
11,0.0008011174845307311,1.2118787029285669e-05,4.253681658406022e-06,2.8505077173220707e-05,9.407972658880817e-05,1.3138832896593856e-05,0.009703368292595226,3.341730849789295e-05,0.3467238390954328,0.5982998901210005,6.131320122041572e-07,8.652327050548493e-09,3.558143857830303e-07,0.00047861340688906884,2.1624549391658867e-05,8.822591017917528e-05,8.368268535536013e-06,7.051521864832595e-05,2.5321443444878047e-05,0.00026117788182749923,6.714015433407887e-06,0.0025063515914846976,1.644769492823352e-05,6.599991603547643e-05,0.04073593409707329
12,0.0007647349586927947,8.963780944543723e-06,3.835392795050051e-06,2.380208099513593e-05,5.88443594791344e-05,1.0352817635982833e-05,0.0084877843511673,3.9252042235691076e-05,0.31731082443568626,0.6428313389143154,4.988122070736986e-07,5.806133914172489e-09,2.848260366020302e-07,0.00030396786560715067,2.119969310025272e-05,8.273957032856393e-05,7.762627307396335e-06,4.675380867247907e-05,2.641706577504365e-05,0.00020461904882571863,5.907444316495479e-06,0.0027752422421637377,1.1898833249489325e-05,6.335661413903396e-05,0.02690961260818963
13,0.0007040966763889171,7.650349310568638e-06,3.205105592530327e-06,1.900123680796875e-05,6.270685417969809e-05,1.0870555363354386e-05,0.008429060024312342,3.015256934242717e-05,0.3106051414785262,0.6387689209660685,2.685625258368693e-07,4.872125361044795e-09,1.7824378901743016e-07,0.0003078240420181715,1.5695988779345024e-05,7.45440299490399e-05,5.7155251636320455e-06,5.7586824003754634e-05,2.0192248996679435e-05,0.0002664312672892056,4.795458340555619e-06,0.0021267641806083796,1.1364070869023164e-05,5.1896318457380996e-05,0.03841593255119217
14,0.0007820410919207901,1.1227457592049907e-05,3.965713234049503e-06,2.6687540482541322e-05,9.237185769994124e-05,1.2450724422467117e-05,0.009279762302854022,2.971319197797884e-05,0.34197845777724767,0.6020274209280749,5.8335286684238e-07,7.619417288780307e-09,2.97200086512142e-07,0.00046873468997278014,2.1870042122850708e-05,8.265169709944642e-05,7.460497979168186e-06,6.716612632769406e-05,2.3472775183444387e-05,0.0002533164857307771,6.5999063484923056e-06,0.0024164434894737175,1.6318448788136277e-05,6.76742881603838e-05,0.04232330479493606
15,0.0007768532179359104,1.0977284423738288e-05,3.943315400808444e-06,2.681814813946825e-05,9.116013126450243e-05,1.2244952785181049e-05,0.009211089345536407,2.972286756216598e-05,0.3429022783807307,0.6012725012780771,5.749761858522119e-07,7.465343189298885e-09,2.918536102106798e-07,0.0004652423205522143,2.1740377156037384e-05,8.192287495144637e-05,7.4496215378867455e-06,6.69535716223744e-05,2.2941575095335712e-05,0.0002523439993672504,6.522844194107227e-06,0.002408671670357648,1.627282397531454e-05,6.80534064577892e-05,0.04224342169773719
16,0.0006597519524139448,7.009394595001752e-06,2.6458388286701856e-06,2.5375488391829796e-05,5.891285576860305e-05,8.910657762950551e-06,0.008475179706459073,2.0175802960333693e-05,0.1818790528987168,0.7553814868885188,4.5616045066362884e-07,9.494873704731489e-09,1.9024763871719048e-07,0.000533443018703881,1.4539994020819299e-05,7.381150264034748e-05,6.787157882294844e-06,0.00011629594020613712,1.4140566932079663e-05,0.0002633759049852847,1.079829257662559e-05,0.0023228594742264468,1.3731427738059608e-05,5.6304106615070174e-05,0.05005475522609397
17,0.0011455245963744008,1.4264247903793042e-05,4.594415900731611e-06,3.2716921291363155e-05,9.963252959340888e-05,1.1080337349768069e-05,0.011610444648371528,4.194592222379189e-05,0.29359633062191753,0.6049221271455588,7.265435843695296e-07,2.2057010637561137e-08,5.416034441747114e-07,0.0009114121071455694,1.6254821578828922e-05,7.970789560219257e-05,1.4221205677400085e-05,0.00020454213795750772,2.826038206054714e-05,0.0004176121204885527,1.093244588611148e-05,0.004254921093366207,2.6269321177323048e-05,5.811545976833302e-05,0.08249779941876705
18,0.0008416990303396212,1.0867951871833494e-05,2.023136179590453e-06,1.750437970979158e-05,4.881360709505337e-05,9.458973751904879e-06,0.009192862495799864,2.336162393128394e-05,0.31933247407464976,0.5781967173198185,4.4153067303239156e-07,1.2430828369912778e-08,2.642873579441467e-07,0.000641180932393776,1.3034034779071752e-05,6.264205831350866e-05,1.2184879653093102e-05,0.0001337753739809592,1.6828701935480622e-05,0.00026916113867662397,6.067423280297637e-06,0.0034896015531951075,2.0269955095868427e-05,5.048086071977633e-05,0.08760827224596994
19,0.0007344445522316279,1.2402817415752965e-05,5.374180145112696e-06,3.338796506107018e-05,0.00011963356637553967,1.1554314004374284e-05,0.011355449257889103,4.0939056199507886e-05,0.35523636270929987,0.5871932382372972,6.013786406635886e-07,9.740075211246625e-09,4.174348353280582e-07,0.0005215977628690866,2.211193696495742e-05,8.070947837588199e-05,8.024815034124104e-06,7.521038630880266e-05,2.6343544568614295e-05,0.0002937145353843844,7.0818673500342805e-06,0.0030351333589936605,1.4649464292380885e-05,6.183368359416043e-05,0.04110977395679343
20,0.0006247040699398019,1.1299427119510206e-05,4.5189127376359515e-06,3.036285127471333e-05,9.821747736014195e-05,1.2993124314086173e-05,0.013843431824665183,4.6333491281983545e-05,0.329038037882813,0.6083384441660912,7.601809912382257e-07,6.563221981608119e-09,2.81727966151908e-07,0.0004475678710863523,5.397364216413691e-05,7.950309172004451e-05,6.610448553862168e-06,4.127631386560897e-05,3.209276079817182e-05,0.00027032820550869753,1.098759736859748e-05,0.0042273842347893935,2.2157274878903905e-05,7.517758839919206e-05,0.04268354927109017
21,0.0008501991413580862,1.0466864349654135e-05,3.53467690830718e-06,2.4824675436332412e-05,9.791313311649102e-05,9.062695001327494e-06,0.005943211460289827,1.9217554668798436e-05,0.25709062800957166,0.6943102128596356,6.3944912262222e-07,8.765617138519345e-09,2.446417920380287e-07,0.0005019210419248908,1.4833482738113652e-05,7.187657156093172e-05,5.886836476357728e-06,8.340178915468834e-05,1.946229059518277e-05,0.000226955286782907,8.121291023347374e-06,0.001898500604680542,1.2776206446680139e-05,7.071647905084148e-05,0.03872538419269765
22,0.0008761262537015313,7.753848791637424e-06,4.381002569879853e-06,3.2956514723468235e-05,6.421909069475646e-05,1.0125608856783867e-05,0.006505741451158534,2.7815144017712758e-05,0.2447891379616956,0.7144519313969034,6.474439972982891e-07,7.746062255958746e-09,2.7245702641220795e-07,0.00044410691138879895,1.66828616333747e-05,8.232981324350307e-05,9.515805527512922e-06,8.5171901408926e-05,1.811084080596817e-05,0.00023122605617385272,7.633065075737096e-06,0.0022669909778926067,1.3196131189373435e-05,8.33639835100948e-05,0.029970555731951114
23,0.0007768532179359104,1.0977284423738288e-05,3.943315400808444e-06,2.681814813946825e-05,9.116013126450243e-05,1.2244952785181049e-05,0.009211089345536407,2.972286756216598e-05,0.3429022783807307,0.6012725012780771,5.749761858522119e-07,7.465343189298885e-09,2.918536102106798e-07,0.0004652423205522143,2.1740377156037384e-05,8.192287495144637e-05,7.4496215378867455e-06,6.69535716223744e-05,2.2941575095335712e-05,0.0002523439993672504,6.522844194107227e-06,0.002408671670357648,1.627282397531454e-05,6.80534064577892e-05,0.04224342169773719
24,0.00071442477478178,1.162843021114474e-05,4.448720747656192e-06,3.9146797196688505e-05,0.00014422871904830878,1.2184634812328278e-05,0.009295766584649931,2.9572295794768586e-05,0.34565316064048446,0.5959207106549171,7.321376123244259e-07,1.0877432682914236e-08,4.2091445660835097e-07,0.0007230572814899638,1.9066614635929128e-05,0.00010433366934464855,8.070844524131204e-06,9.361879688368034e-05,2.13186424555054e-05,0.0002883766223302267,6.797844957730031e-06,0.0022436028716344113,1.8747312118395276e-05,7.008012273407818e-05,0.044576493194745416
25,0.0010653894819063865,9.037070414328312e-06,5.598760614469268e-06,4.503939424963226e-05,0.00010765283419517949,8.766407204871953e-06,0.013249658410333879,6.451245878585968e-05,0.29355369786789226,0.6562257477498792,8.700262738147559e-07,9.061305274279207e-09,5.212602453254555e-07,0.0004169288901802964,2.570050693711804e-05,0.00011422116994942873,8.319282050625763e-06,8.875612529918352e-05,3.340442980075604e-05,0.00030303744538461475,9.29935070125923e-06,0.002812073721827971,1.794338707950541e-05,7.260902713746629e-05,0.03176120588035117
26,0.0009050445172473845,8.413357745023094e-06,3.0188460398954346e-06,2.4105508994649103e-05,7.213727786208643e-05,9.543906550888311e-06,0.0055854755382206585,2.40634039791586e-05,0.5381532709432706,0.41583830266572885,4.758824101516685e-07,3.635950902806755e-09,1.8849323368132733e-07,0.0002916977727090799,1.7926130894613624e-05,5.9174898395174944e-05,6.787027437228323e-06,4.480943513773993e-05,1.3940665272727295e-05,0.0002037533380095318,3.3652620449633993e-06,0.0014210646073439075,1.9590974487654498e-05,0.00010965577935803325,0.03718419013167541
27,0.0005053729786020599,7.944438346999765e-06,2.3800179785923825e-06,1.787676078255019e-05,6.613906776659794e-05,9.235232543244933e-06,0.008525265854842598,2.359709023360866e-05,0.4050796075020646,0.5416333558066553,4.1168199536592694e-07,4.143594071062331e-09,1.7849072846353412e-07,0.00035754546247031483,2.3432958241945345e-05,6.237073603469326e-05,5.374712381850913e-06,3.7194751395732876e-05,1.705907205213571e-05,0.00021787109188795128,4.129457610857695e-06,0.0025550546550791157,1.4574929144898292e-05,6.50580409637384e-05,0.040768965066602714
28,0.0007768532179359104,1.0977284423738288e-05,3.943315400808444e-06,2.681814813946825e-05,9.116013126450243e-05,1.2244952785181049e-05,0.009211089345536407,2.972286756216598e-05,0.3429022783807307,0.6012725012780771,5.749761858522119e-07,7.465343189298885e-09,2.918536102106798e-07,0.0004652423205522143,2.1740377156037384e-05,8.192287495144637e-05,7.4496215378867455e-06,6.69535716223744e-05,2.2941575095335712e-05,0.0002523439993672504,6.522844194107227e-06,0.002408671670357648,1.627282397531454e-05,6.80534064577892e-05,0.04224342169773719
29,0.0007768532179359104,1.0977284423738288e-05,3.943315400808444e-06,2.681814813946825e-05,9.116013126450243e-05,1.2244952785181049e-05,0.009211089345536407,2.972286756216598e-05,0.3429022783807307,0.6012725012780771,5.749761858522119e-07,7.465343189298885e-09,2.918536102106798e-07,0.0004652423205522143,2.1740377156037384e-05,8.192287495144637e-05,7.4496215378867455e-06,6.69535716223744e-05,2.2941575095335712e-05,0.0002523439993672504,6.522844194107227e-06,0.002408671670357648,1.627282397531454e-05,6.80534064577892e-05,0.04224342169773719
30,0.0007768532179359104,1.0977284423738288e-05,3.943315400808444e-06,2.681814813946825e-05,9.116013126450243e-05,1.2244952785181049e-05,0.009211089345536407,2.972286756216598e-05,0.3429022783807307,0.6012725012780771,5.749761858522119e-07,7.465343189298885e-09,2.918536102106798e-07,0.0004652423205522143,2.1740377156037384e-05,8.192287495144637e-05,7.4496215378867455e-06,6.69535716223744e-05,2.2941575095335712e-05,0.0002523439993672504,6.522844194107227e-06,0.002408671670357648,1.627282397531454e-05,6.80534064577892e-05,0.04224342169773719
31,0.0016311574463658256,1.219412158072843e-05,7.234238327143272e-06,2.981089840879157e-05,0.000103045528032822,9.528787318774355e-06,0.010093916965154942,6.397384172946814e-05,0.31056700621967476,0.6234560440077282,4.937380032349832e-07,1.0762002899633877e-08,4.603462201807391e-07,0.00039674917081729516,1.5914098461991368e-05,7.921963073824228e-05,8.988721181556759e-06,0.0001278671578428658,4.0481324050879914e-05,0.00038213974030911504,8.003216908554809e-06,0.0029015778506277286,1.6202275122312063e-05,6.198170526860545e-05,0.049985998208123154
32,0.0008222660393112939,1.1960530411069039e-05,4.22707853362316e-06,2.520226809340692e-05,9.788089486838952e-05,1.303644387000382e-05,0.009740301432135036,3.302828360279213e-05,0.3345759313213546,0.6076001071802433,5.966270329199459e-07,8.376068886743988e-09,3.194857303432433e-07,0.0004676644936574409,2.33338849166832e-05,8.666178004633792e-05,7.423462788232272e-06,6.758653409967935e-05,2.9298359950282027e-05,0.0002781608494574328,7.0708119683759254e-06,0.0026727666068067724,1.6996030853814615e-05,6.407509094550967e-05,0.04335409613325369
33,0.000801782122516617,1.1585390795755645e-05,3.904116058572673e-06,2.7277840354212154e-05,7.626366978432124e-05,1.2645495228605808e-05,0.009695151738886196,3.51175622750672e-05,0.32349513420461246,0.6234000116104204,5.739131919415848e-07,1.0706285038842057e-08,4.2052356838121595e-07,0.0005230462025862256,1.6578261464517995e-05,9.357130835208066e-05,1.0831460632420455e-05,8.642813214696101e-05,2.484080415059436e-05,0.00026288513503163277,6.031722901344981e-06,0.0029155026304468587,1.457542905843903e-05,5.5644997056029175e-05,0.03843018502219526
34,0.0018319543635630779,2.0864873891484288e-05,5.351718480703093e-06,1.535091989105314e-05,0.0001315186258905743,7.242438489778676e-06,0.006026969292097473,2.8716030471883647e-05,0.4452578940132609,0.4930640025387114,9.195119418332096e-07,7.482064693700343e-09,3.42233347750495e-07,0.0003685188250688564,2.259093209186792e-05,4.3914511215553505e-05,5.2675322393426745e-06,5.253251093670334e-05,5.624642128875887e-05,0.00018577740633028095,5.849955348938598e-06,0.002815543841978214,1.5268112742993395e-05,8.83028361684597e-05,0.04994905307248763
35,0.00010628184333210595,2.505497692087261e-05,1.1625400061950908e-05,0.00010150202786557818,0.0008335329285725099,0.0002327164316751625,0.021864833494023718,1.378036561247878e-05,0.353063840194389,0.5389013011042364,5.247859483576944e-06,7.798339734831967e-09,4.156703220182885e-07,0.004659897580979289,0.0007601766319833452,0.0001612038359804171,5.026830925130901e-06,1.4317824098807668e-05,3.6666207403081476e-05,0.0007908138282893173,4.43865083929829e-05,0.004607050968744139,0.00022431583190650454,0.00023498293046732838,0.07330102092599457
36,0.0010571388873693035,1.4106030211478207e-05,7.218060284729129e-06,2.938325589079352e-05,0.0001964901561962681,1.1586765326887719e-05,0.007809178173832167,2.0074560540185233e-05,0.268459915372543,0.6697321349047854,8.91973686400105e-07,5.772544808816546e-09,2.1933332318577974e-07,0.0004966924716030937,3.216444779851413e-05,5.5796929214345896e-05,3.24511748090933e-06,6.397236144951081e-05,2.8554484267451614e-05,0.00027036837242052595,1.2052788351207856e-05,0.0017112074491922714,1.6498027615454987e-05,0.00010829526463919885,0.049862809039432805
37,0.0013187599776614152,7.834876266123559e-06,5.369919888782986e-06,3.3146857861500434e-05,7.950409211885835e-05,7.49355639653554e-06,0.006946921689581578,2.6114675800163888e-05,0.27163107505590306,0.6737749535477078,7.033807486924433e-07,6.490668300071899e-09,2.5609367935484345e-07,0.00047024631987463834,1.725012970912247e-05,6.347974827379883e-05,7.279483576153099e-06,0.00011111848422154748,1.8819476166149385e-05,0.0002563560911764644,6.239203463023027e-06,0.0020695972559890206,1.4073265093185797e-05,0.0001285238385073723,0.04300487648966743
38,0.000852355226657075,1.2173963730373801e-05,4.859951558036024e-06,3.390988203836016e-05,8.336862345890411e-05,3.1057603253131494e-05,0.01602929674162237,5.565759871060147e-05,0.27269616880700737,0.6743154791356456,7.625296491106231e-07,1.0161027707928733e-08,4.803005905624339e-07,0.0004129542813932436,3.934991281120743e-05,0.0002008507163073312,1.0649944906649242e-05,6.412322718979577e-05,4.9389633216280094e-05,0.0003662002256164637,1.1103117910639072e-05,0.0026282370793357743,2.6451734394806647e-05,6.309416997889156e-05,0.03201201543198976
39,0.0007693555320240599,9.310460256600243e-06,4.2145468787741645e-06,3.351084414172785e-05,8.026924896013525e-05,1.645624939150665e-05,0.01453586021976224,5.6228904224201216e-05,0.3019792118956795,0.6277938644585955,4.980734399141554e-07,8.550298563859877e-09,3.3160823402292716e-07,0.0004226282589201745,3.08771127485337e-05,0.00011846749934497119,9.57833731331738e-06,7.428036330014478e-05,3.134277484529043e-05,0.00037296856542419536,1.01205866210749e-05,0.0031910671510020057,2.5849407543965293e-05,5.7683402231591306e-05,0.050376015948818055
40,0.0009457925516968315,2.987737617832568e-05,1.1716349953246924e-05,2.461708515664845e-05,0.00024422305645080205,2.2242864641724665e-05,0.008934562515283729,2.4634069234066314e-05,0.2846664852446922,0.6361569122978427,1.016817966379132e-06,1.6730582280430594e-08,4.117177232278956e-07,0.0009608642244093513,4.0947319228032856e-05,6.108805502618083e-05,6.962425401632546e-06,8.019528020300315e-05,5.170435627038303e-05,0.00035011201742265904,1.221006082505808e-05,0.004453083425876021,1.596403614965794e-05,7.843753455701483e-05,0.06282592258722874
41,0.0006927099652306429,1.2329895917470034e-05,3.866910513928525e-06,2.7165846789342505e-05,0.00010353981118253587,1.2712970045945162e-05,0.007986906941010737,2.6539708778752806e-05,0.4009590417797804,0.5527535891461923,5.25622555170261e-07,6.423184790752269e-09,2.868969953712452e-07,0.0004181684210831336,1.9291310359848104e-05,8.187150792827957e-05,6.913927919183161e-06,5.2813855597954774e-05,1.920384727050912e-05,0.00020165091378513593,5.144773457183425e-06,0.0018430710509368478,1.3652668596663476e-05,6.288182441582285e-05,0.034696113980471906
42,0.0007817057659932302,1.2336294186984017e-05,6.739382560916831e-06,1.8587884926838516e-05,7.185660902088059e-05,1.1143806558069654e-05,0.009431463761636356,8.611202072031298e-05,0.24197822002162253,0.718654780076137,4.5713895785367867e-07,1.0760329107000018e-08,4.1631555211434735e-07,0.0002723991120360362,2.749399351640567e-05,8.542721622306268e-05,8.357244355153182e-06,3.847300244638734e-05,8.023864480750406e-05,0.0003012751231450755,1.0992502190269269e-05,0.006847931929832551,9.841974219076106e-06,3.711064133054307e-05,0.021226628777695468
43,0.010994931514595756,0.0010608867901808119,3.3344816368625754e-05,0.00016220741726087826,0.002045151009668912,3.61726943172292e-05,0.13106198653996406,0.00011452260306798207,0.2535108529974132,0.02400460291793805,2.783323571588415e-05,3.562918795253074e-06,4.194940677004992e-05,0.005782960063023674,9.710243269749936e-05,0.00016225122238886102,0.00013142140916249414,0.003164300313736209,0.00020132548893505396,9.154940689592874e-05,3.573970714633783e-05,0.0032148555082595703,0.00016313442454810864,3.162218175153783e-05,0.5638257329793981
44,0.0007768532179359104,1.0977284423738288e-05,3.943315400808444e-06,2.681814813946825e-05,9.116013126450243e-05,1.2244952785181049e-05,0.009211089345536407,2.972286756216598e-05,0.3429022783807307,0.6012725012780771,5.749761858522119e-07,7.465343189298885e-09,2.918536102106798e-07,0.0004652423205522143,2.1740377156037384e-05,8.192287495144637e-05,7.4496215378867455e-06,6.69535716223744e-05,2.2941575095335712e-05,0.0002523439993672504,6.522844194107227e-06,0.002408671670357648,1.627282397531454e-05,6.80534064577892e-05,0.04224342169773719
45,0.0006671143496450657,8.993915165382146e-06,4.288432963460961e-06,3.0056575468995222e-05,8.312843689751512e-05,1.4568681162496427e-05,0.012330664599546222,4.2956660002257626e-05,0.3341552583748173,0.6168298214101355,5.293886362610421e-07,5.658919675757627e-09,2.887351985299949e-07,0.00035473915758650783,3.225488384497171e-05,0.00010785781197942667,6.950220298720693e-06,4.8239839105402664e-05,2.7129139002606345e-05,0.0002703151121796397,6.4637437765644e-06,0.0024984231250332195,1.617814715816218e-05,6.820477907609738e-05,0.03239556882239975
46,0.0009580778386886733,9.056427001542739e-06,3.927774760694468e-06,5.2088493406371736e-05,3.081434765922164e-05,2.4076510408229697e-05,0.007847469463789931,6.0406456293972296e-05,0.34647170589538745,0.6194166623252183,6.374861876611936e-07,1.2871253419506753e-08,5.593380337200683e-07,0.00037219220454214703,1.6203238826685225e-05,0.00016656410475731473,3.73052354630835e-05,9.191306575080081e-05,1.8027066841270774e-05,0.00024874321397769304,7.044508357129357e-06,0.0026097929526977003,2.14247514059747e-05,8.98059223422637e-05,0.021445488506948558
47,0.0009836767307167178,1.2505236640895957e-05,3.610459650519587e-06,1.7190039043786545e-05,6.446584675591563e-05,1.038191484124773e-05,0.009090483654129929,3.530244256551846e-05,0.322846439614404,0.6194145662451883,4.4637525285721104e-07,9.216939565605562e-09,2.922360276063634e-07,0.0003531029078522418,1.8016111305734433e-05,6.971133033854418e-05,8.289653168128218e-06,7.114732924887998e-05,3.124448894416231e-05,0.00025043167549673766,6.200669279173583e-06,0.0032972098629326344,1.2043667285794638e-05,5.3081593400995024e-05,0.043350150698590044
48,0.001401104728906477,2.441983145523841e-05,6.438961736309059e-06,3.245810424397945e-05,4.605991845294411e-05,4.4586395229080396e-05,0.01788507662071142,0.00012877962825682485,0.40251462076555017,0.5500525195288096,6.639800625011681e-07,1.6659895814649436e-08,1.076325258744954e-06,0.00028086377410960233,3.098851695496705e-05,0.00019234820404953842,3.38050016671469e-05,6.114197554400237e-05,8.009321645118691e-05,0.00026954465960356977,7.980800827582331e-06,0.0037413705964201073,1.9495323053052888e-05,4.6387647056828347e-05,0.023098158835693317
49,0.0007537306749958473,1.475539585689022e-05,6.479201750698162e-06,2.6249089103610658e-05,9.924818514805274e-05,1.7648518464751265e-05,0.009090459705964758,3.253906610040446e-05,0.2810978750310372,0.6631711447900593,6.145079092427576e-07,1.2673731586363799e-08,3.8486401343109664e-07,0.0005947307521907855,2.328611886942568e-05,7.599451753079512e-05,9.529457304320378e-06,8.100366691525608e-05,3.1021035409994564e-05,0.0003431581920368094,8.8414238036067e-06,0.003726915592204383,1.3844345048798407e-05,6.430150681946001e-05,0.040716231687730496
50,0.002392171218299471,0.00024729224495236024,8.740254440719097e-05,0.001198308639883044,0.0012243377222915248,0.0013991960075328547,0.0031960997823630697,5.772933366559061e-05,0.760981610310401,0.208230016923882,4.052035371442317e-05,4.4764925046502706e-07,1.1583442406347498e-05,0.005072401518548314,9.964272449586862e-05,0.0008216320303285929,0.0003699858834856404,0.00022382610246415998,4.5619706217809185e-05,0.0004135743016681834,9.265083140977492e-05,0.0011204230008120713,0.0004095041763019731,0.0006341256786426878,0.011629897872575352
51,0.0006915257295043784,1.4265851115730609e-05,4.51707883052619e-06,3.330226779218706e-05,9.465684003332129e-05,9.425234440319185e-06,0.006823283024458213,2.5750103964534978e-05,0.38152368076207915,0.5832929722087034,6.078772736328709e-07,6.844320911254872e-09,3.1525290717794286e-07,0.00042126969478579465,1.6746424375957632e-05,6.052830438807518e-05,7.844260178723031e-06,4.889101401202789e-05,1.4549843315541239e-05,0.00012609793230515133,5.506124528867488e-06,0.0020574149116443785,8.171233387835869e-06,6.742488779225524e-05,0.024651246293861877
52,0.0007313903774101953,2.848229499589046e-06,3.1940582520741224e-06,3.4001079901746686e-05,4.753203029907196e-05,7.787470026722564e-06,0.0037647973536772752,1.4370723743488786e-05,0.173159181096864,0.8025177675147858,5.468326230686073e-07,4.4283876009457465e-09,1.994402630214652e-07,0.0003932597163291902,7.743792491049755e-06,0.00010020314461362514,5.874743519118198e-06,0.00011393991581757422,8.752128674035115e-06,0.00028115032608674954,3.8227076771735e-06,0.0009651675420059723,9.696475228570466e-06,0.00011173754406147845,0.017715031327762015
53,0.0004891152822877507,6.27550660933931e-06,1.97325372251519e-06,3.0021745183858056e-05,6.66618188432995e-05,1.282512036933425e-05,0.02630965096565298,4.576968931955637e-05,0.41334831650859283,0.50002300488361,4.619721169898771e-07,4.685400492499131e-09,2.6066603619344696e-07,0.0003868285059175633,4.013030660003695e-05,0.00012706087362814164,6.442289690833601e-06,5.647247903149219e-05,1.864589049214749e-05,0.00031785589275604517,5.220402782815669e-06,0.002412750876111463,2.866521072060856e-05,5.745281471743589e-05,0.056208132359806255
54,0.0006634122208938187,1.609125657427374e-05,1.5640435675703773e-06,1.1702467055015345e-05,6.303648563433922e-05,1.0005708204407541e-05,0.010110020713670455,1.8817337813904948e-05,0.3864000513138217,0.5420050617431772,3.0781873822551415e-07,9.070134506687814e-09,2.1139754823086187e-07,0.000386226181394538,1.3347202121657776e-05,7.687993025089489e-05,6.876972013776692e-06,6.247235074363957e-05,1.929753279419272e-05,0.00014307557480862086,3.97761988858707e-06,0.002201150156406605,9.937855990493539e-06,3.175783339387792e-05,0.057744709213359495
55,0.0008421556206197252,1.2519921420045854e-05,3.734555238274764e-06,2.5620731835702836e-05,9.777339462024599e-05,1.1285171341210928e-05,0.009493368099073045,2.843452102435336e-05,0.36639278414719806,0.5719724394467046,5.733297747939053e-07,8.764705345206509e-09,3.027952979614682e-07,0.00047557512012953696,1.9966583054858875e-05,7.914496814216053e-05,7.546732391561403e-06,7.66280166231933e-05,2.246248567695129e-05,0.00023908362868849413,6.363417948690613e-06,0.0023340125692456835,1.5611213223430032e-05,6.44249645147664e-05,0.04777817980150729
56,0.0008055676599433507,1.2346160728642344e-05,4.244541058916898e-06,2.838650136736509e-05,9.749622905727231e-05,1.2661150424890298e-05,0.00958406558358145,3.102795647119144e-05,0.3505937189118498,0.5929043401048145,6.418676108286604e-07,8.747426595829948e-09,3.538085333233755e-07,0.0004993660600100207,2.1446123398156992e-05,8.459928728216498e-05,8.167101405839851e-06,7.309925851941827e-05,2.4181526195067768e-05,0.0002548442887873832,6.573748617154207e-06,0.0024755129839332843,1.621186297329349e-05,6.82548859188613e-05,0.04239288365009121
57,0.0010008565463904058,1.7373472528378935e-05,7.305669479370418e-06,2.1824284923679705e-05,0.00013053508772762018,1.522163069574186e-05,0.010372480183352979,5.6445893832921285e-05,0.276675395209463,0.6597620023392796,6.73619365074371e-07,1.9055008316648084e-08,5.029872886222862e-07,0.0005229250098554819,2.692239516409388e-05,9.180285963946802e-05,9.33506109311691e-06,8.057275568527807e-05,7.851436257184141e-05,0.00043113684934580526,1.293317872029666e-05,0.005706911116037569,1.7170776713797625e-05,4.6311262154473915e-05,0.044914828393682944
58,0.0007922026861222984,1.0405239061927566e-05,4.034348546407906e-06,2.683241209018295e-05,8.591778270133689e-05,1.1616972299569688e-05,0.008402707520424067,2.7410925149755985e-05,0.34271033185312294,0.60527551955638,6.18116847821004e-07,6.729859627578374e-09,2.717896131533732e-07,0.00044180419874175766,2.2937153799547504e-05,7.787504112116718e-05,7.16710617356674e-06,6.222020243549443e-05,2.1587821259315065e-05,0.000237793144209863,6.1519483077962935e-06,0.0023449045654539,1.5463935888792524e-05,8.302644165351016e-05,0.039331192508736075
59,0.0007516188678367249,9.456266972086464e-06,4.291403603899122e-06,2.7321175477927563e-05,8.601478422225696e-05,1.0971921522109386e-05,0.007614130118689613,2.6019113847825738e-05,0.3348586514392221,0.6156898958055833,6.022830810108812e-07,5.845740563182904e-09,2.390881518131046e-07,0.00043526196653217476,2.358365722078092e-05,7.129662290982351e-05,6.589141044134365e-06,5.7901191726314085e-05,1.987128990304966e-05,0.00024206931468742822,6.10962350103258e-06,0.0022836527686090707,1.5082917565656628e-05,9.172401497375751e-05,0.037667639377375446
60,0.0007768532179359104,1.0977284423738288e-05,3.943315400808444e-06,2.681814813946825e-05,9.116013126450243e-05,1.2244952785181049e-05,0.009211089345536407,2.972286756216598e-05,0.3429022783807307,0.6012725012780771,5.749761858522119e-07,7.465343189298885e-09,2.918536102106798e-07,0.0004652423205522143,2.1740377156037384e-05,8.192287495144637e-05,7.4496215378867455e-06,6.69535716223744e-05,2.2941575095335712e-05,0.0002523439993672504,6.522844194107227e-06,0.002408671670357648,1.627282397531454e-05,6.80534064577892e-05,0.04224342169773719
61,0.00083323410802242,9.922783725448033e-06,4.8263381562434455e-06,2.8536374641061727e-05,8.778222307334791e-05,1.1600670421473845e-05,0.007783548072747423,2.8870506181694602e-05,0.318423609997963,0.6320194915681365,6.005556409430655e-07,6.47333128257523e-09,2.5922042352151386e-07,0.0004368841824432795,2.3015611647945192e-05,7.42457143789513e-05,7.078305141382358e-06,6.480632748619887e-05,2.1675720404852084e-05,0.0002531701640353797,6.596974545721269e-06,0.0023538146006273175,1.4754612782645244e-05,8.775753987376733e-05,0.03742391135416829
62,0.0007768532179359104,1.0977284423738288e-05,3.943315400808444e-06,2.681814813946825e-05,9.116013126450243e-05,1.2244952785181049e-05,0.009211089345536407,2.972286756216598e-05,0.3429022783807307,0.6012725012780771,5.749761858522119e-07,7.465343189298885e-09,2.918536102106798e-07,0.0004652423205522143,2.1740377156037384e-05,8.192287495144637e-05,7.4496215378867455e-06,6.69535716223744e-05,2.2941575095335712e-05,0.0002523439993672504,6.522844194107227e-06,0.002408671670357648,1.627282397531454e-05,6.80534064577892e-05,0.04224342169773719
63,0.0007964912578652076,1.1959398132189672e-05,3.9420020336692515e-06,2.587332662296229e-05,9.25452024980151e-05,1.219659052612078e-05,0.009181196290892339,2.9252196697157853e-05,0.351526449508609,0.5923137534630134,5.830508075568605e-07,7.682028235979943e-09,2.9590949327464177e-07,0.00046153020323956405,2.179751310815509e-05,7.900285462933686e-05,7.4854596130315915e-06,6.574012388512932e-05,2.3265799466320956e-05,0.00023898967648308496,6.466093103050959e-06,0.002429682233185119,1.565961282234753e-05,6.694796286274553e-05,0.04258888658838304
64,0.0008365264186947462,1.2378852831876453e-05,4.839420517328734e-06,3.0128245888895427e-05,0.00010694985215443291,1.3149512400096246e-05,0.009741346700284696,3.439393087986378e-05,0.31438719653817165,0.6298193057397137,6.604992257274e-07,8.164788790075703e-09,2.9606985579218855e-07,0.0004512259361861764,2.7360839671981124e-05,8.131600336409177e-05,6.944902277924884e-06,6.442372314783202e-05,2.7629492689160736e-05,0.00026845018603317497,9.730992025089967e-06,0.0025852792039305897,1.7684087085865068e-05,7.218330798667864e-05,0.041400591380193745
65,0.0007194742457406456,2.3805802771880932e-05,1.7075235363336847e-05,7.229229653471301e-05,0.00019932408412318722,5.578821799574497e-05,0.01908003240567865,6.772377405888062e-05,0.28621626269118206,0.6512463479306884,1.5798604979304408e-06,9.062742993322565e-09,5.076097902898266e-07,0.0006792849447248384,0.00016894025799218934,0.00012980523255767617,1.0594950580978958e-05,3.653050934092618e-05,5.509231240965886e-05,0.0003575201411311438,2.6703340202075913e-05,0.004149023113042651,3.7851556324943836e-05,0.00012481690458816122,0.03652361351993608
66,0.0006167308084974271,8.510677230484807e-06,4.8222201071044065e-06,3.3017044336368316e-05,0.00013269413346456935,7.389400477737736e-06,0.004579262246882573,1.4630267472081849e-05,0.20529096837674354,0.7597214254466295,7.360674185348538e-07,8.269452168364977e-09,2.614459496154355e-07,0.0006062011046481786,1.2446995466787607e-05,7.514621377038845e-05,5.17424112881575e-06,8.16954132812539e-05,1.3616323938957982e-05,0.0001892166047857328,7.369649207065836e-06,0.001715399264293014,8.408743048902897e-06,7.329133204466204e-05,0.02680157770972439
67,0.0011704888249903342,1.1921460873454053e-05,4.4361985435483804e-06,2.4528728916134984e-05,0.00011384314050234205,5.044311742832048e-06,0.007824508844759829,4.333538802190382e-05,0.42838600278351413,0.5334748372005726,4.603190728216151e-07,5.37644540501651e-09,2.872706082036816e-07,0.0002226263749375322,1.519087718322485e-05,6.883576961809762e-05,5.030159600162531e-06,4.9529638562442676e-05,2.7123057746216494e-05,0.00012321641871933985,4.301722607034016e-06,0.0018543621507357173,7.276076672939394e-06,4.940116163811246e-05,0.026513406743415565
68,0.0007148778597180325,1.1223072318928748e-05,3.5251415640071065e-06,2.1905143446823235e-05,9.088080556182282e-05,1.122128287991995e-05,0.008220234800521295,2.5879779129285693e-05,0.3548719599670066,0.5923820132314375,5.281841607354004e-07,5.876490966549675e-09,2.2268629792989488e-07,0.0004069454789311909,2.4308708883524175e-05,7.235769293356025e-05,6.159074490006095e-06,4.8038280198997864e-05,2.277133136067498e-05,0.00021006615104013167,5.803157274122864e-06,0.0024569393132347545,1.4307198136094192e-05,6.758896077929925e-05,0.04031023682220385
69,0.0008650743677085484,1.4955260227366995e-05,7.856623595287784e-06,2.0080397175655108e-05,5.80507198564895e-05,5.7073063026648435e-05,0.013031679703633538,5.541976265239212e-05,0.14414892798930426,0.7859228991032621,1.1274656232665356e-06,2.9284146623493064e-08,8.507903839706424e-07,0.0008714960928532309,3.9630633578939427e-05,0.00010740631444617565,1.6329038982253097e-05,0.00010627978176060623,0.00013181492520725473,0.001424883162898141,3.0503319828576013e-05,0.008381380399170385,4.768364793288721e-05,6.417478475644497e-05,0.044594393367989
70,0.0011247347533235035,1.5970564030438577e-05,4.442547663181824e-06,1.9548754474266723e-05,9.680440701435725e-05,1.0049575827900104e-05,0.010517549452901617,3.305271374960343e-05,0.3224591004808253,0.6081167620611426,6.740832994401856e-07,8.520617509421947e-09,2.8548689908792866e-07,0.0004105574533610077,2.8540895260711164e-05,6.109773060271002e-05,6.403982352797195e-06,6.431720366704342e-05,3.738716993732916e-05,0.0002171611188246572,8.54640318467335e-06,0.0033830726764632647,1.4540849019722341e-05,6.439261780161214e-05,0.053304998497755496
71,0.0008957198370385124,7.74591435347316e-06,1.6043333375817659e-06,2.2158130613277704e-05,8.3110353569527e-05,5.61764933972399e-06,0.007338569087571078,2.4533286344721914e-05,0.41174397436025767,0.5339607416502038,5.104132291441693e-07,6.858437305417715e-09,2.2479906377427757e-07,0.00035548744538495253,1.2877950545497042e-05,9.588687877879649e-05,5.795876477546493e-06,7.944572659882578e-05,1.4460526576022646e-05,0.0001981892952051211,4.483665445609815e-06,0.0015448972168621742,1.6810940283578135e-05,6.385443996467547e-05,0.043523293364517726
