,0,1,2,3,4,5,6,7,8,9,10,11,12,13,14,15,16,17,18,19,20,21,22,23,24
0,6.060471103391942e-07,0.0005126492524898386,2.297513821686594e-06,0.001596727596509595,0.001247982624720195,0.00027502269186187236,4.681600385612373e-05,0.000925827611156592,0.00033289551372200676,0.9681545017369021,1.9447580405465253e-07,9.422411469525493e-08,2.8641992347383174e-09,0.00012156793715965288,0.00011421819770724379,0.0013115586786719598,3.5086966227919166e-08,1.941996634890054e-06,0.0085664321008639,1.2160129387574412e-07,0.006170731494802925,0.00013689390499023498,2.687644623594712e-05,2.1439305754348354e-06,0.010451860467829751
1,2.4496394098621167e-07,0.0005651849227077841,5.371600117060828e-07,0.0013651947953126735,0.0003618709949156774,7.284626856630751e-05,2.138479600971912e-05,0.0006043855715712966,0.00010663481753421034,0.9707489791174749,5.2734542072638596e-08,2.8934358905665032e-08,8.779624453572113e-10,6.291606879920279e-05,5.7999465082340754e-05,0.0005691332026668422,2.7649296884101945e-08,1.4537841080079442e-06,0.005238587220497445,5.642875800669964e-08,0.006822545445878274,0.000131056553773124,2.080421468100861e-05,1.1223132642351307e-06,0.013246951698285943
2,4.826659049349182e-07,0.0008807029773526143,5.042424353591679e-07,0.0016794533967684848,0.0004325730860194036,9.7169540760612e-05,2.866804856095916e-05,0.0007165076453872994,7.135387833026372e-05,0.9558517726707948,7.879474398277926e-08,5.237412339150005e-08,1.0400752942048102e-09,9.412658756872572e-05,0.00012301034137299745,0.0008043753899882024,7.230101858269541e-08,2.879819870389114e-06,0.005348245637028991,6.685032144130452e-08,0.011047802650029174,0.0003123259847150091,6.846957027516062e-05,2.0036783834748107e-06,0.022437300828170643
3,3.546433463281451e-07,0.0007883236659173325,5.821557616311927e-07,0.0018989400914140662,0.0004427721661284839,7.742104456679511e-05,2.379128920655496e-05,0.0006693071167008007,7.292888951747239e-05,0.9637804184454444,7.244059519028366e-08,4.4021953385852284e-08,1.093608484070002e-09,8.133374384238955e-05,6.241265025106744e-05,0.0005158375458512914,4.812707413875617e-08,2.847091046031016e-06,0.004244993685585718,6.235735460608178e-08,0.009030283040797817,0.00018656638188765538,3.7819333338225e-05,1.818865091845092e-06,0.018081020113718052
4,3.444617620160269e-07,0.0008111369936522223,6.400254440979057e-07,0.0019069846849292373,0.00048244835402247075,8.545732827058776e-05,2.4677559397837267e-05,0.0006120608428960709,7.564607615629461e-05,0.9661265265088536,7.575441991554066e-08,4.4932934419945106e-08,1.2996162480250163e-09,9.199119681176619e-05,6.14845615053731e-05,0.0005128670508904776,4.5782688863270715e-08,2.9263038211879876e-06,0.003970216089792948,6.503373983917448e-08,0.008507065763182043,0.00018484313737032962,3.7803358169226696e-05,1.8439929344207997e-06,0.016502802906738584
5,3.1468882432588427e-07,0.0007829594790929755,5.227175043453561e-07,0.002221074644638604,0.00043978304534593937,7.012337289039122e-05,2.1688305711386263e-05,0.0006577930079345496,5.586868514952876e-05,0.9657187309648048,7.07301861416575e-08,4.169585011661538e-08,1.1276545887404656e-09,7.781085104149867e-05,4.731227265889198e-05,0.00042705733321735546,4.8500167538138436e-08,3.517748932796046e-06,0.003377305098949293,6.234087931820345e-08,0.009175960348408863,0.00016761391779526386,4.003968256517593e-05,1.9511048724011376e-06,0.01671234833492394
6,3.546433463281451e-07,0.0007883236659173325,5.821557616311927e-07,0.0018989400914140662,0.0004427721661284839,7.742104456679511e-05,2.379128920655496e-05,0.0006693071167008007,7.292888951747239e-05,0.9637804184454444,7.244059519028366e-08,4.4021953385852284e-08,1.093608484070002e-09,8.133374384238955e-05,6.241265025106744e-05,0.0005158375458512914,4.812707413875617e-08,2.847091046031016e-06,0.004244993685585718,6.235735460608178e-08,0.009030283040797817,0.00018656638188765538,3.7819333338225e-05,1.818865091845092e-06,0.018081020113718052
7,3.010707059459004e-07,0.0006085099493251628,4.207240785014264e-07,0.0017394848249382617,0.0004608360489799833,8.580773473108529e-05,1.7831322615257516e-05,0.0006087822154038433,5.600057998695921e-05,0.9624598796938879,5.6987984020392744e-08,4.2489621475711875e-08,6.982193424808684e-10,8.252935988718552e-05,6.442787761209603e-05,0.0006307028190328744,4.503147541962404e-08,2.5057299114718306e-06,0.00448018972022156,4.8839191294056656e-08,0.010779193118727506,0.0002009216928607684,4.512220290708423e-05,1.292177581805393e-06,0.017675067090113357
8,3.577259998186626e-07,0.0007734331828561485,5.68959072110629e-07,0.0019809666345538208,0.00039519262107593037,6.154523748669957e-05,2.3888204120674585e-05,0.0006600494059626436,6.27345057341836e-05,0.9636722916565804,5.6276748002780896e-08,3.7975459047898103e-08,1.0754897887835034e-09,7.588011419391288e-05,5.6251933422799456e-05,0.0005080319619803436,4.8349736239547225e-08,2.5756784055746497e-06,0.003633592349225108,5.906140318774757e-08,0.008260681864528906,0.00015857977241044181,3.8731624963733385e-05,2.062761797802805e-06,0.019632381066792538
9,3.922546499182448e-07,0.000757780791867891,4.712451012008006e-07,0.0017295217978883007,0.0005108358748916035,0.00012451226691287696,2.4007774240237266e-05,0.0006536103451402454,7.097171751903088e-05,0.961120761749103,1.017523847693423e-07,5.7913070869127934e-08,9.36616386195485e-10,9.797490348764696e-05,8.326351251066664e-05,0.0006897202430010775,5.2343978508460936e-08,3.4436241501117157e-06,0.00583793315623464,6.310193337492352e-08,0.011886852628348014,0.0002775314653288042,5.104557014390795e-05,1.348256328885753e-06,0.016077744775167876
10,3.546433463281451e-07,0.0007883236659173325,5.821557616311927e-07,0.0018989400914140662,0.0004427721661284839,7.742104456679511e-05,2.379128920655496e-05,0.0006693071167008007,7.292888951747239e-05,0.9637804184454444,7.244059519028366e-08,4.4021953385852284e-08,1.093608484070002e-09,8.133374384238955e-05,6.241265025106744e-05,0.0005158375458512914,4.812707413875617e-08,2.847091046031016e-06,0.004244993685585718,6.235735460608178e-08,0.009030283040797817,0.00018656638188765538,3.7819333338225e-05,1.818865091845092e-06,0.018081020113718052
11,3.6418327944827965e-07,0.0008201769206029472,6.104166142690498e-07,0.0019358647717608504,0.0004438921482949671,7.804335945407372e-05,2.4865211370489504e-05,0.000670714092626102,7.421028772129172e-05,0.9644828140509474,7.562024624047439e-08,4.510519994381973e-08,1.2254066186165217e-09,8.324556932876312e-05,6.169781005062342e-05,0.0005051237304336594,4.986456171867374e-08,3.0150134738050824e-06,0.004083466479451057,6.615115753227418e-08,0.008762860152062287,0.00018805184858260258,3.83849093004283e-05,1.9430699030954037e-06,0.01774041800817003
12,3.6154561512761836e-07,0.0009021381502792885,3.1225985259143854e-07,0.0021291020761508082,0.0008565488983904827,0.00015716147859001558,1.3132141933135665e-05,0.00031465705566331237,1.0550604288019011e-05,0.966080679397981,6.946567737463743e-08,9.558403312020111e-08,1.2067632464163505e-09,0.00021775497611416044,4.158017635938793e-05,0.0006848508280426159,8.996856619467798e-08,1.0259886724219497e-05,0.0018012379424544819,4.731089757398421e-08,0.013986258909895957,0.0004847668489629154,0.00018107285888949287,1.7168748976595178e-06,0.012125553552977744
13,8.271166117990187e-07,0.0012338774499373352,1.5016693983686047e-06,0.0031095101960046207,0.0009828110534095607,0.00013874191022026155,4.068521353148573e-05,0.0013585216317006737,0.0001679686430205222,0.928360830328606,2.6339183682736465e-07,1.815197158497225e-07,2.090506051217144e-09,0.00019308879460485615,0.0001703241878346274,0.000772705041589182,1.3028363967866516e-07,4.783577411129612e-06,0.01040367869543018,1.1715376933220914e-07,0.02126181348902793,0.00042790246255635175,6.361138143948369e-05,2.6436679553669936e-06,0.03130347905024262
14,8.269996010000831e-09,0.0008175442434939078,5.697929850993323e-08,0.0004112026709077617,0.00017459946241221534,2.1397293223538758e-05,2.2487596941420966e-06,7.736115968132214e-05,2.0367308251876413e-05,0.9956809861264306,1.0544881401025411e-08,9.7807622037556e-10,4.672980084361665e-10,9.430875122548054e-06,5.066855634372042e-06,3.0074006021192283e-05,2.5409512708523903e-09,5.539225894515329e-07,0.0005126969632607898,8.191325049949683e-09,0.001179980556126291,2.0160512472578655e-05,2.0241935013942206e-06,3.999015123210351e-07,0.0010338172178370065
15,3.546433463281451e-07,0.0007883236659173325,5.821557616311927e-07,0.0018989400914140662,0.0004427721661284839,7.742104456679511e-05,2.379128920655496e-05,0.0006693071167008007,7.292888951747239e-05,0.9637804184454444,7.244059519028366e-08,4.4021953385852284e-08,1.093608484070002e-09,8.133374384238955e-05,6.241265025106744e-05,0.0005158375458512914,4.812707413875617e-08,2.847091046031016e-06,0.004244993685585718,6.235735460608178e-08,0.009030283040797817,0.00018656638188765538,3.7819333338225e-05,1.818865091845092e-06,0.018081020113718052
16,2.2390055090731676e-07,0.0005391239621097817,2.7196744923605435e-07,0.0014609562443463006,0.0002459266126982824,5.7783735148225775e-05,1.6377630050473574e-05,0.0004935780302177526,3.4243207530127805e-05,0.9716790112894088,4.684853501279611e-08,2.9277264635939002e-08,5.639644187375855e-10,5.161884260364748e-05,3.258504612710217e-05,0.0004344300378187278,3.351113595012801e-08,3.0053200228824654e-06,0.002832079403778182,4.5954774879493676e-08,0.010363847161546322,0.00015249508052087257,2.920122505963053e-05,1.1378187740417713e-06,0.011571947328563755
17,4.375688037792864e-07,0.0008106672363234021,7.133911875053981e-07,0.0031191810232795753,0.0005173076019159477,8.55503415079292e-05,2.8598585321806722e-05,0.0006917905843306073,5.470055471430303e-05,0.9565941314972789,8.540235704211673e-08,6.611174368371366e-08,1.4651460095616605e-09,0.00013986365525837195,4.812198778810957e-05,0.0005581271763795989,5.522064177595463e-08,4.678925398653067e-06,0.0035865176602417437,8.187879102826938e-08,0.011185571946726933,0.00019617271376433563,6.13802011990489e-05,2.0325872505006633e-06,0.02231416468264918
18,8.153457767189163e-07,0.0011425908159019066,6.705091028237375e-07,0.0020669391136591032,0.00034961933233659576,5.356641355303189e-05,3.093258298473256e-05,0.0007814322928497648,5.02684183713669e-05,0.9495209990816552,6.83587376689419e-08,8.219916697916719e-08,1.4694274811498819e-09,9.436969792517636e-05,6.180408902032051e-05,0.0005029758471944236,1.1615957677743173e-07,5.836034064176378e-06,0.0038266196838052913,6.807668110204446e-08,0.010935160013382626,0.0003240382420278567,5.2318818938246355e-05,3.4282795658233395e-06,0.030195279124294844
19,2.428187712096534e-07,0.0007297988480386075,7.859190582705704e-07,0.0019632983265401916,0.0006115742180403102,7.62916351011022e-05,1.8540148083867148e-05,0.0006202419989384651,8.592182246912519e-05,0.9715341417231048,6.565127784551413e-08,4.65040623546617e-08,1.4817342691946049e-09,9.195186737904983e-05,4.556430748145213e-05,0.00040467170065745204,3.85008215106901e-08,2.2614642699161997e-06,0.0036886211592942197,6.610873911569434e-08,0.006952556123281766,0.00015175623244042987,2.362751440522179e-05,1.550124252486952e-06,0.012996383801756689
20,3.1190441387357737e-07,0.0008462363088239841,4.689346061561682e-07,0.0016036552162024343,0.0004563257564212553,6.364231724420856e-05,1.9347110950010182e-05,0.0008807892630862343,6.82095475128056e-05,0.965826494614222,6.394347458917389e-08,4.337024580733149e-08,9.58632201164974e-10,6.895020124911592e-05,7.563719572954018e-05,0.00046129100508861287,6.825231953716398e-08,2.644004291216566e-06,0.004818365367864502,5.9434350124164965e-08,0.009847329916318334,0.0002977071688737377,3.7085312040878056e-05,1.8607029704915173e-06,0.01462341219306822
21,4.598427432957617e-07,0.0006049215576936719,6.94906275736371e-07,0.002168100740453867,0.0004105060047767669,0.00010122132586166994,3.248494912149381e-05,0.0005265672502540997,5.4978664427887513e-05,0.9654785498450545,7.851049743621512e-08,6.569776951485543e-08,1.4537386883175646e-09,0.0001089319388633116,4.7845843984838316e-05,0.0008089983003131635,4.0504720860211874e-08,3.602916824103876e-06,0.00331333845932241,8.259861469329135e-08,0.009330081505549712,0.00014225375596119133,4.945493388376845e-05,1.7846663819788634e-06,0.016814953826911026
22,3.814100159627218e-07,0.0006809703216744673,5.446408972989568e-07,0.001826873714148064,0.000467645810100974,9.431339246097847e-05,2.1325927259942068e-05,0.0006507242498925303,5.746048037435057e-05,0.9621794167573398,8.183815718500128e-08,5.5269634136519067e-08,9.158425652871473e-10,8.749412451703468e-05,5.864291308265084e-05,0.0006198278180666866,5.594359248756708e-08,3.7918975589239527e-06,0.004170902546225855,6.249494907194637e-08,0.01261460363159372,0.00021628766941634967,4.3491283078912844e-05,1.6616816193376083e-06,0.01620338326850064
23,3.546433463281451e-07,0.0007883236659173325,5.821557616311927e-07,0.0018989400914140662,0.0004427721661284839,7.742104456679511e-05,2.379128920655496e-05,0.0006693071167008007,7.292888951747239e-05,0.9637804184454444,7.244059519028366e-08,4.4021953385852284e-08,1.093608484070002e-09,8.133374384238955e-05,6.241265025106744e-05,0.0005158375458512914,4.812707413875617e-08,2.847091046031016e-06,0.004244993685585718,6.235735460608178e-08,0.009030283040797817,0.00018656638188765538,3.7819333338225e-05,1.818865091845092e-06,0.018081020113718052
24,2.151358773213888e-07,0.0007876827060260055,4.867628470127238e-07,0.002207799535287485,0.0004431378827934749,7.101463178006448e-05,1.8458779987144404e-05,0.0005007402940506351,5.283002254427966e-05,0.9712775727198708,6.142893429957774e-08,3.4115154420315755e-08,1.1799277921770942e-09,9.041039703906823e-05,3.5396985196150895e-05,0.0003563647236718778,3.122561573091106e-08,2.935854896228997e-06,0.003043323327914988,6.002333302875002e-08,0.0075302615575326875,0.000141037539255447,3.0876505364982196e-05,1.329646581490644e-06,0.013407937018517498
25,4.966605596433483e-07,0.0008163530581027068,9.134291684715168e-07,0.003630296460820334,0.0005255781857443642,5.997578600946045e-05,3.980453280032251e-05,0.001488965565006912,7.65753608019732e-05,0.9549863736115038,1.3027511588728415e-07,8.201563729142444e-08,1.87047478107564e-09,0.00010109264777717165,5.47106623455583e-05,0.000546483737576481,8.328125032862792e-08,4.236946165387568e-06,0.005837566097988342,1.2411495748707862e-07,0.012749003339075892,0.00020070862332302066,4.9614973567463785e-05,2.8505313654782427e-06,0.018827978232861288
26,7.286478113867377e-07,0.0010902271239103562,9.23607406577103e-07,0.0021985416013833195,0.0004575934896840868,5.662521094821693e-05,3.090450038651285e-05,0.0009745444821538716,7.949245977316253e-05,0.9605946721143528,8.159679906854746e-08,6.164422925484499e-08,2.0570123217604257e-09,6.691769686662472e-05,5.978801104140256e-05,0.0004084387240488282,1.095176014447187e-07,5.063493990838059e-06,0.003351042851313187,7.539245051124619e-08,0.007975088583541977,0.00021585561539791393,4.16147467017997e-05,5.096406608752093e-06,0.022386510424585636
27,3.556940620270229e-07,0.0007669147597672563,5.017390169812288e-07,0.001379673869185164,0.00035202640458732894,8.229491313223219e-05,2.2264351166929993e-05,0.0006798927446770511,9.55921397074239e-05,0.9647168335670103,5.930764485833617e-08,3.3962677718502524e-08,8.37042123590267e-10,6.29320859085578e-05,8.152510012391959e-05,0.0005559128828641644,4.434417729592166e-08,2.229201925798928e-06,0.004623869102145633,6.194531325332236e-08,0.007711165442705101,0.0002285100744437648,3.148267428663949e-05,1.5874352597657518e-06,0.018604235421168604
28,3.546433463281451e-07,0.0007883236659173325,5.821557616311927e-07,0.0018989400914140662,0.0004427721661284839,7.742104456679511e-05,2.379128920655496e-05,0.0006693071167008007,7.292888951747239e-05,0.9637804184454444,7.244059519028366e-08,4.4021953385852284e-08,1.093608484070002e-09,8.133374384238955e-05,6.241265025106744e-05,0.0005158375458512914,4.812707413875617e-08,2.847091046031016e-06,0.004244993685585718,6.235735460608178e-08,0.009030283040797817,0.00018656638188765538,3.7819333338225e-05,1.818865091845092e-06,0.018081020113718052
29,3.546433463281451e-07,0.0007883236659173325,5.821557616311927e-07,0.0018989400914140662,0.0004427721661284839,7.742104456679511e-05,2.379128920655496e-05,0.0006693071167008007,7.292888951747239e-05,0.9637804184454444,7.244059519028366e-08,4.4021953385852284e-08,1.093608484070002e-09,8.133374384238955e-05,6.241265025106744e-05,0.0005158375458512914,4.812707413875617e-08,2.847091046031016e-06,0.004244993685585718,6.235735460608178e-08,0.009030283040797817,0.00018656638188765538,3.7819333338225e-05,1.818865091845092e-06,0.018081020113718052
30,3.546433463281451e-07,0.0007883236659173325,5.821557616311927e-07,0.0018989400914140662,0.0004427721661284839,7.742104456679511e-05,2.379128920655496e-05,0.0006693071167008007,7.292888951747239e-05,0.9637804184454444,7.244059519028366e-08,4.4021953385852284e-08,1.093608484070002e-09,8.133374384238955e-05,6.241265025106744e-05,0.0005158375458512914,4.812707413875617e-08,2.847091046031016e-06,0.004244993685585718,6.235735460608178e-08,0.009030283040797817,0.00018656638188765538,3.7819333338225e-05,1.818865091845092e-06,0.018081020113718052
31,3.709974876811189e-07,0.0008963964539162307,7.389391666844437e-07,0.002346094413121176,0.0004971904827432254,4.116396075509264e-05,2.024738567150585e-05,0.0009609051466005908,5.984587552745846e-05,0.9674492495738414,5.232576175547775e-08,4.676538072588236e-08,1.5962106443106398e-09,7.344132667379507e-05,3.516212853737737e-05,0.0003351642546602402,6.31419330886702e-08,3.2624115049853764e-06,0.003512722870501109,6.73872862653001e-08,0.0071891754101839995,0.00016099954725174546,2.756928546527617e-05,2.8471480230997627e-06,0.01638722117179508
32,3.5424314140700154e-07,0.000788872007228341,5.654297122590573e-07,0.001775986268772789,0.00044040041081510467,7.752105417876933e-05,2.3430238331675993e-05,0.0006877500454955398,7.865297346982307e-05,0.9636279215152554,7.111749226823712e-08,4.344841805038776e-08,1.0597323947718061e-09,8.047194117833612e-05,6.780933910834824e-05,0.0005342103950349809,4.8690761748550884e-08,2.6188416203230317e-06,0.004797681928922229,6.113379928491029e-08,0.009123486889469259,0.00019816563083571338,3.5847437277144226e-05,1.701296389691217e-06,0.017656326663558784
33,3.4216822977702597e-07,0.0011462075610480823,3.861134436165918e-07,0.0016614484220150967,0.0005393346561965788,7.245532447207351e-05,1.8007394799512515e-05,0.0006559451459552302,3.5358947239643706e-05,0.9713493811609326,6.549102517976894e-08,5.05676327316771e-08,1.4219220559847318e-09,9.934772491680399e-05,5.544268814307399e-05,0.00043968490973806946,7.8117457855395e-08,4.281995932149849e-06,0.0037425572883576634,6.076989626330247e-08,0.008452967812473865,0.00040909316025353274,5.431109503572195e-05,1.9808724593662144e-06,0.011261209190423581
34,5.706250064678622e-07,0.0008438769837519661,9.314940878808892e-07,0.0012469377513347538,0.00033468722958892883,9.509111251098389e-05,3.76321394484234e-05,0.0007704806897579037,0.0003134115987004363,0.954840519147678,7.925093158460626e-08,3.367293333167805e-08,1.1005370051755922e-09,6.933374616991711e-05,0.00011891594902939903,0.0006321407503054687,3.221389489270786e-08,1.6051249004336887e-06,0.008863801331158236,6.789305925853591e-08,0.006995327139382497,0.0001697847735476905,1.6469073051079462e-05,1.6036607059593644e-06,0.02464666554852733
35,3.753483175526101e-07,0.0006785713079486432,3.717896787094762e-07,0.0015693343033098028,0.00017979703576042513,2.9982775317554338e-05,1.7685385872286043e-05,0.0009461748044792177,7.7435504610369e-05,0.9697117359897411,3.5702104851503664e-08,2.8870723874106415e-08,9.34129597403293e-10,2.996200331200588e-05,2.435957300232246e-05,0.0002265452953959341,4.717581277826572e-08,3.289518839829206e-06,0.003631878509856904,5.98205228497658e-08,0.005616124191745542,0.00014706468559645385,1.2520437709654363e-05,1.8798871147105607e-06,0.01709473914909693
36,5.264068351438939e-07,0.0008701004437556181,8.357458187250929e-07,0.0019397595819857275,0.0005647200192025005,5.481516371680592e-05,2.3417538315678576e-05,0.0010121637786252619,9.521780637006083e-05,0.9551346548850994,6.159076325908367e-08,7.715375201878316e-08,1.5824573355370468e-09,9.18455001744833e-05,8.28156533876087e-05,0.000602986299218098,9.708243907777275e-08,2.2735527875752074e-06,0.006722951832599932,6.708437245700761e-08,0.009282718615088061,0.0002428617520104383,3.394026978931403e-05,2.359710623488855e-06,0.02323873095081205
37,1.3965160035493945e-06,0.0013464866138200868,1.2634830317888285e-06,0.0027704669834761183,0.0005726393346365865,9.551981595029688e-05,5.159949168538164e-05,0.0008504780918892251,7.741256884009304e-05,0.9409842946728793,1.2999461572883553e-07,1.1645030712220241e-07,2.2472252456133264e-09,0.00017219249769628305,7.766788915488159e-05,0.0007499961434882717,9.78779104184007e-08,7.243544872652228e-06,0.00551126822526706,9.286154344534967e-08,0.012565538182335339,0.00028809420855351823,6.267493673923279e-05,4.083759714477447e-06,0.03380924360836402
38,6.790121407370664e-07,0.0007400814264201485,4.85611041321628e-07,0.0013330543314398755,0.00036608017315056015,0.00021294956028699614,5.070436027831707e-05,0.0004601046361252021,7.151216116660689e-05,0.9594724283231585,1.2780294926351298e-07,5.266082306208809e-08,9.181445839042794e-10,0.00010758046337055186,0.00013672638214542784,0.0015252755439831129,4.0979447245409624e-08,3.5871726747999412e-06,0.005554307182178396,7.282901822174772e-08,0.012202106389017012,0.00024829987634799136,8.409689283663319e-05,1.6458107856360813e-06,0.017427999501069796
39,3.304554691728758e-07,0.0006152765723221876,5.578591670243385e-07,0.001891113340541068,0.0004522405500772877,8.07725423216765e-05,2.194269703908511e-05,0.0007277277596252778,6.890123278471137e-05,0.9638927921143805,7.097467415062675e-08,4.693309563671916e-08,9.251691970404401e-10,7.544606828374535e-05,5.9357233307041324e-05,0.00060666256000406,4.7277537354018594e-08,2.6769085586059425e-06,0.0044646142972682955,6.377695787838966e-08,0.010262100340015717,0.00017155711112711204,3.830523877132289e-05,1.6218251944513123e-06,0.016565773406307358
40,9.704998614198227e-07,0.0014578062564482074,9.93312183142659e-07,0.001588686066206955,0.0006177274757714556,0.00015390384289725036,3.8584213949765675e-05,0.0006876444726927252,0.0001183833694722959,0.9401640367542119,1.3976454715694065e-07,9.582588938308139e-08,1.2944216495222476e-09,0.00017451458744445784,0.0001620026294949187,0.0008170198899214145,8.617038810354246e-08,4.999469273123472e-06,0.007560951679200985,7.203363506932913e-08,0.01523383756405854,0.0005605540092652083,5.6680145242331474e-05,2.3319086638038824e-06,0.03059797676485868
41,1.4977181497191738e-07,0.0006193114564035032,8.253270555622186e-07,0.0010227171372261948,0.0006303800984493269,0.00010671971136124539,1.3821658804553578e-05,0.0003767512873009541,0.00021787798983869777,0.9756389228089958,3.9834348577142994e-08,1.4704232551913308e-08,8.077452251501916e-10,6.335112039612902e-05,8.49768989687945e-05,0.0004700717938831197,1.3904469631373388e-08,6.738081327204941e-07,0.0038279622476427603,3.6008356168964235e-08,0.004508830522242095,7.829301728372013e-05,1.1541334445208288e-05,1.0627760986951414e-06,0.0123256539745036
42,3.301355924203108e-07,0.0006544203360222321,3.6619122687479797e-07,0.0011222260105527803,0.0003398187592396642,5.553412141068074e-05,1.8823053329641836e-05,0.0011259228248437871,7.329609913992341e-05,0.9616237718483827,5.4124199146589265e-08,3.85959510623462e-08,5.436142376773447e-10,4.7237206000540473e-05,0.00010242295343358945,0.0007522952129977744,7.317320329458677e-08,1.6443778250614207e-06,0.008049184077764613,5.88681452692459e-08,0.011838497250378381,0.00034668141390196457,3.319583114257412e-05,1.4045682900015113e-06,0.013812702423411868
43,0.00015811852667366668,0.03198707893770753,0.00035038414972205666,0.035107366400911486,0.0015507095098410517,5.2508363462646115e-05,0.003906916400359949,0.0011971844780156449,0.0007511775828796575,0.11675764634543966,4.768358303978851e-06,7.284227881353431e-06,1.054408819490228e-06,0.00936859182750603,0.00024631650326433754,0.00027600901177558313,7.258847532046546e-07,5.2193276612414174e-05,0.007608176881416375,1.773135986922679e-06,0.0023206414609856086,0.00023019422041717092,0.00023436306912423427,0.00015248887962333827,0.7876763281585165
44,3.546433463281451e-07,0.0007883236659173325,5.821557616311927e-07,0.0018989400914140662,0.0004427721661284839,7.742104456679511e-05,2.379128920655496e-05,0.0006693071167008007,7.292888951747239e-05,0.9637804184454444,7.244059519028366e-08,4.4021953385852284e-08,1.093608484070002e-09,8.133374384238955e-05,6.241265025106744e-05,0.0005158375458512914,4.812707413875617e-08,2.847091046031016e-06,0.004244993685585718,6.235735460608178e-08,0.009030283040797817,0.00018656638188765538,3.7819333338225e-05,1.818865091845092e-06,0.018081020113718052
45,4.1135989227380073e-07,0.0007367852525142847,8.015565497961892e-07,0.00165799992386385,0.0005348284604998768,7.658559113201983e-05,3.2020166141006045e-05,0.0009776162232541332,0.0001158822247329877,0.965876096777021,7.907779114184357e-08,4.748934050072506e-08,1.429424686892618e-09,7.661878001552007e-05,9.303925608869143e-05,0.0006737414153159714,5.545815261525406e-08,1.8800294340249532e-06,0.00604858827353926,7.392601580436394e-08,0.007405515857742516,0.0002013774139985204,3.5249609748152754e-05,2.309105095403776e-06,0.015452395342695841
46,9.292506157740825e-07,0.001305789421928394,7.431385408512097e-07,0.0029175660299499253,0.0006212224346538676,4.1618144241251464e-05,2.214322236116902e-05,0.0017771214507648605,4.929823291760664e-05,0.9462584462442535,9.86918090503753e-08,1.3292651459615062e-07,2.300086387647896e-09,7.106772939633558e-05,8.494185770812489e-05,0.0004724014095158813,4.13985397596671e-07,6.306077297211785e-06,0.005117520319612625,9.046554429008377e-08,0.014753032319866464,0.00044868826663406166,7.413063080604707e-05,6.173410220271854e-06,0.025970122039363705
47,9.727441054204079e-07,0.00103688170786742,6.87293261385862e-07,0.0015492838086475084,0.0003507698272021919,8.220131237000576e-05,3.3552248823852195e-05,0.0008166734084536318,6.909969131325387e-05,0.9516681125901987,8.887358290257706e-08,9.442991576033948e-08,1.2899836683853008e-09,8.770336606360244e-05,8.709634680520312e-05,0.0007400950496810203,1.0223670861078752e-07,5.170347738232865e-06,0.005239557262760683,8.079673843375145e-08,0.011698602092375684,0.0004090645330429762,4.816353181886798e-05,2.7138602987952133e-06,0.02607323135024186
48,4.605899704760546e-07,0.000622767511503034,1.6418740226623987e-06,0.0036043383018227325,0.0008604767292371059,0.00032920484362766793,3.5050160821947026e-05,0.0004493034524622329,0.00015733114284108258,0.9470677654762542,2.1875685461160462e-07,8.877234373228162e-08,1.3582027865704614e-09,0.000188516394853379,6.990614669554638e-05,0.0007425650728713987,2.218706054553188e-08,5.364467873139094e-06,0.002970282796573048,1.026691810934898e-07,0.013303086631539222,0.0001081416975087448,4.998298802831877e-05,1.5952224334539459e-06,0.02943178475541799
49,3.893779368109198e-07,0.0007241578585202283,7.189623409641428e-07,0.0020001876090555287,0.0005778718448184694,0.00012054953069720497,2.332059939716384e-05,0.0007036413805150763,7.718224390745033e-05,0.9629503254043232,1.024647210991535e-07,7.415316322437361e-08,1.2506634915750118e-09,0.00010425923209813708,6.810784540918e-05,0.0006161223528313765,5.7299374717168035e-08,3.954642313598158e-06,0.004257780945790638,8.265761171244116e-08,0.01098370281562029,0.0002639822900852797,4.5496497689807836e-05,1.6766115304299002e-06,0.016476254129584554
50,4.9625415026904686e-06,0.005562342221895233,9.167378986333044e-06,0.025285356235544433,0.010319824364574771,0.0005812961272133099,2.3465954763369954e-05,0.0034724760241980914,0.00012178938947257414,0.5301495873274839,9.4300598917085e-06,6.4669505664721e-06,1.3133265066528396e-08,0.0003580619543357538,0.0009793619332884298,0.0004294166228409766,9.334898158178018e-06,0.00022134628498667147,0.0029754028484370292,4.0069236681693514e-07,0.22160952061783493,0.001180991555451486,0.001537149697306426,6.48277143528223e-05,0.19508800747128263
51,6.146014712214567e-07,0.0008380163899518126,8.036481370951235e-07,0.0014518497174180744,0.0007069675575486677,0.00011647967637271727,2.4164485520810325e-05,0.0006825553468551013,0.00011202220289862536,0.950160025495519,7.362662338009772e-08,6.360156155359582e-08,1.2606765722169533e-09,9.461879207785182e-05,0.0001620022334193709,0.0012312645587180416,7.849281318922835e-08,1.6630081366173816e-06,0.007405278907473963,5.938759968594555e-08,0.008562265222352974,0.00022144926463838716,5.816799620059009e-05,2.2271614186416677e-06,0.028167287364596085
52,4.223159652874871e-07,0.001156509390271756,9.567776725861885e-07,0.002645625170022898,0.0008187317288822786,2.6495089626666843e-05,2.2340781121809432e-05,0.0015760057509767078,9.569836540875758e-05,0.9389078991365647,5.47821564998437e-08,6.516843924786127e-08,1.3906270775510071e-09,9.849554262871372e-05,0.00010499133910424491,0.0005657220979072458,1.1765651910932717e-07,1.012909884107261e-06,0.012461350923056102,5.131652282395457e-08,0.01125914479425785,0.0001793403664224255,3.213897593231826e-05,2.637643781181522e-06,0.03004419058624773
53,6.527094247348637e-07,0.0009380183168339285,6.878773662328921e-07,0.0021378546692981384,0.0002467475136601063,0.00013327392639017813,8.145378949322963e-05,0.0006463897373228284,0.00010658732340176362,0.9571493275656731,1.4146130312694577e-07,4.0800738098391094e-08,1.4743041229814616e-09,9.14786984123718e-05,0.00011859166580686842,0.0010193290835874313,4.198622356309653e-08,3.7216353094428192e-06,0.0043439798647059765,1.3141391405241466e-07,0.008482781641514517,0.00019502662410648004,8.117958500555295e-05,2.58738669482593e-06,0.02421997324950967
54,4.602523575484589e-07,0.0009500999445487474,5.915844831689541e-07,0.0013596726934436288,0.00023935992261877985,8.046922238886805e-05,3.888546752385508e-05,0.0003386729505686769,8.031058155323327e-05,0.9587423176395092,4.625595795032708e-08,3.3085881426381445e-08,1.072968712524649e-09,0.00011072013915546533,7.596562094014252e-05,0.0007536858883297046,2.4999726135671716e-08,1.8552051729826948e-06,0.003883974581612315,5.934240231278544e-08,0.006072331491407264,0.0001616365772257761,3.442256030519641e-05,1.3639624697749095e-06,0.027073038957449353
55,2.2516039542926146e-07,0.0006572016962785993,3.458836901072254e-07,0.0015259110665357773,0.0004891838709807224,8.199238291294858e-05,1.7841554491069733e-05,0.0005522803793057026,4.400415529048037e-05,0.968132508264591,5.5374343533931517e-08,2.8675610619767224e-08,6.365290081865245e-10,8.038129012923672e-05,7.091139375281507e-05,0.0006663546221850965,4.0896944239574945e-08,1.9101553218073282e-06,0.004379459369137081,4.244903170958972e-08,0.010351945335737776,0.00019597376302095117,5.159645196823804e-05,1.2819482613308185e-06,0.012698523223554652
56,3.655384738149352e-07,0.0008365223001851588,6.265483842628679e-07,0.0019314403547515447,0.00045457973581716814,7.726244922422861e-05,2.470186467153581e-05,0.0006811093207713776,7.654728603344446e-05,0.9646734334257773,7.60873911599004e-08,4.5566188026869036e-08,1.2736005103687296e-09,8.295184689649415e-05,6.232262853177108e-05,0.000496914768307641,5.088958901176207e-08,2.9817592827057105e-06,0.004166451634386726,6.671933401202212e-08,0.008655760728323289,0.00018865265898301161,3.727387356082208e-05,1.977200841392968e-06,0.017547883540693494
57,3.083371058364579e-07,0.0006328527639185789,6.827250530848234e-07,0.0016085424474858417,0.0006348013241731418,6.097142601677691e-05,1.390908338007341e-05,0.0009233353824118881,8.403119976337154e-05,0.966060761840604,5.6660756740092565e-08,6.888980453741396e-08,1.1849088601617989e-09,7.421814062491617e-05,5.6865770941546325e-05,0.0005278257838801065,7.41791294168426e-08,2.0014647914409146e-06,0.006201124886947196,6.095367041743726e-08,0.009643665554015407,0.00021667557738680291,2.2047665153277727e-05,1.4584758200173797e-06,0.01323365828225683
58,3.8147541366547915e-07,0.0008501555204838224,6.036673969897503e-07,0.0018803501512839962,0.0004395727596480203,7.035062003592115e-05,2.4738257266166384e-05,0.0007147258234648252,6.982852267108558e-05,0.9644538506502665,7.33041437679632e-08,4.480582401673355e-08,1.2145769262743443e-09,7.568252325741942e-05,6.348309142074184e-05,0.000493200624583783,5.786759547456689e-08,3.0866131554671736e-06,0.003964931433414592,6.3417884148711e-08,0.008891040411781122,0.00019560295887638017,3.996961665034416e-05,2.26120395116071e-06,0.017765943464953537
59,4.105017616975482e-07,0.0008587581288515526,7.124613802399951e-07,0.0020110547252686906,0.00047164451962869946,6.816739650462595e-05,2.5677651599661955e-05,0.0007506182236951422,7.097562622023581e-05,0.9635683135795711,7.372901057715015e-08,4.9160174520962334e-08,1.3337643267440097e-09,8.007015363470424e-05,6.078975814598956e-05,0.000498916527893631,6.025953515277354e-08,3.2343854396204327e-06,0.0037801753051731088,6.733029383851255e-08,0.008889822693929897,0.00018710788226329513,3.9421516512124643e-05,2.5561034732670667e-06,0.018631321046274532
60,3.546433463281451e-07,0.0007883236659173325,5.821557616311927e-07,0.0018989400914140662,0.0004427721661284839,7.742104456679511e-05,2.379128920655496e-05,0.0006693071167008007,7.292888951747239e-05,0.9637804184454444,7.244059519028366e-08,4.4021953385852284e-08,1.093608484070002e-09,8.133374384238955e-05,6.241265025106744e-05,0.0005158375458512914,4.812707413875617e-08,2.847091046031016e-06,0.004244993685585718,6.235735460608178e-08,0.009030283040797817,0.00018656638188765538,3.7819333338225e-05,1.818865091845092e-06,0.018081020113718052
61,4.074747836990053e-07,0.0008862061688670354,7.582603789494802e-07,0.0020403490511901375,0.0005044410063265992,7.411880351090053e-05,2.5830447555854205e-05,0.0007431256421028016,7.870523980522033e-05,0.9622453026557639,8.07973765018498e-08,5.220412334870077e-08,1.357710685963082e-09,8.683418506721695e-05,6.521624159452343e-05,0.0005111392110697589,5.890825137546242e-08,3.136790186782138e-06,0.004149153744449938,6.928686042047934e-08,0.009233043753739621,0.0001922554095645098,3.837520755734305e-05,2.365908866879694e-06,0.019118972243295965
62,3.546433463281451e-07,0.0007883236659173325,5.821557616311927e-07,0.0018989400914140662,0.0004427721661284839,7.742104456679511e-05,2.379128920655496e-05,0.0006693071167008007,7.292888951747239e-05,0.9637804184454444,7.244059519028366e-08,4.4021953385852284e-08,1.093608484070002e-09,8.133374384238955e-05,6.241265025106744e-05,0.0005158375458512914,4.812707413875617e-08,2.847091046031016e-06,0.004244993685585718,6.235735460608178e-08,0.009030283040797817,0.00018656638188765538,3.7819333338225e-05,1.818865091845092e-06,0.018081020113718052
63,3.721634642908527e-07,0.0008993607803090372,5.892526261304915e-07,0.0018426433466882228,0.0004216734162107754,7.466012907312158e-05,2.467181961891966e-05,0.0006671437260321735,7.648214644792017e-05,0.9637465272484237,7.486510635113711e-08,4.21591836622421e-08,1.178069377483262e-09,7.833671702373402e-05,6.551763727641925e-05,0.0004805155223447817,5.087556253584755e-08,2.967653317127421e-06,0.004198496678575093,6.396343821835754e-08,0.008705547073310182,0.00019652753179191175,3.656134044659759e-05,1.988845376476835e-06,0.018479183930283236
64,3.615683894364433e-07,0.0007750871031130542,5.536237811440902e-07,0.0019077381253231884,0.0004567477176077126,8.012646655336429e-05,2.297991947350098e-05,0.0007030387483867279,6.774595321783521e-05,0.9600122610092107,8.315156722949023e-08,4.883986669312357e-08,9.268607525338826e-10,8.059635473273285e-05,6.804914585648459e-05,0.0005453493313926309,5.388817648054068e-08,3.12016685655146e-06,0.004597510644345149,5.886320002021882e-08,0.012264056516895846,0.00019694904801151447,4.0439551899164746e-05,1.793758482621764e-06,0.01817524957679947
65,5.650526943544867e-07,0.0015570300877382126,8.126023031896605e-07,0.0016353613955204782,0.0002818199172041354,3.648474002172746e-05,4.2804542291308605e-05,0.001149480022239588,0.00016910737309095607,0.9585327079975887,6.819708659637158e-08,2.694033457303251e-08,1.8446896058533668e-09,4.8102688942837595e-05,0.00010166283728625085,0.00036222595383957306,7.098605328080117e-08,1.963583915208521e-06,0.0056630455496380116,7.798850889906119e-08,0.005160290266902945,0.00020513370333789886,2.5232199711864364e-05,4.328498672016579e-06,0.02502159503038775
66,1.331955176725831e-07,0.00026644848101817795,4.493384043206678e-07,0.001121617387968928,0.00026213198392711895,5.8751602101132746e-05,1.6574265627366065e-05,0.0004809367536166474,9.776443545081874e-05,0.9827493926992444,2.797080159700642e-08,2.157831216397852e-08,9.22157484732199e-10,4.7969668488313554e-05,2.0048444761365935e-05,0.0005390295000321296,1.068355043712296e-08,7.794642649598012e-07,0.0045109203892026275,6.358707247971737e-08,0.003252802612440125,6.276329877206454e-05,8.295956437760094e-06,5.019029330708897e-07,0.006502563877896696
67,2.69405084997816e-07,0.0008207833413062472,4.1418479933611793e-07,0.0013749712400404894,0.0003764990011133796,3.7847432176152794e-05,1.5223248506045846e-05,0.0008506853693097025,8.46043743334328e-05,0.9720982689458701,4.50875357394226e-08,2.484098493296873e-08,8.868952936166489e-10,3.965493040560511e-05,4.458782185772236e-05,0.00026082287468493805,4.645421397890784e-08,1.8559088606916344e-06,0.004793128532302504,3.796578396034411e-08,0.006535132679302545,0.0001536768634030519,1.4687744831568042e-05,1.8399026355412613e-06,0.012494890963762028
68,6.281381920231117e-07,0.0009642095281658979,4.3334830056777516e-07,0.0026379122494270386,0.0003550700573102918,0.0001628421251390144,3.1786386501454306e-05,0.0005737515597092706,4.267749931457255e-05,0.9510394170491899,1.6320158603072563e-07,8.04304669783664e-08,1.159192125859235e-09,9.156302773603179e-05,7.377564599162082e-05,0.000669058112614854,8.154905674051779e-08,1.0305698266837404e-05,0.0028046870089746324,1.0350144854247477e-07,0.015842489818705223,0.0003046723019199703,0.00011380286361647219,2.3522164257196734e-06,0.02427813552274834
69,3.101239729290374e-07,0.000602139663096673,5.88322455065702e-07,0.0026169056785981777,0.00022928701247668535,3.190723912786559e-05,2.238244977383345e-05,0.000914316689596469,6.015919101705255e-05,0.961470278319009,4.093758661479096e-08,3.305243872461957e-08,1.1614633011089492e-09,4.0854444094107834e-05,3.2795060891210274e-05,0.0004209124573525942,5.012850871243e-08,2.3978593982956863e-06,0.0029343361632768548,9.544100065116857e-08,0.006751457021052009,8.516627764810896e-05,2.5789121571985274e-05,2.4054531147912114e-06,0.02375539073147837
70,7.320629584564999e-07,0.0009171420035182656,1.894805961679646e-06,0.0031193048785187,0.0008013398393144645,0.00022221497442261975,4.077065805215405e-05,0.0003446374810353349,9.025705443624804e-05,0.9391877920347765,1.1771844740435074e-07,1.4178121081254622e-07,2.1850897576226363e-09,0.00042093497646393833,7.181951064337331e-05,0.0010519450644735195,4.024636795715685e-08,5.169759966644939e-06,0.0035660533869286215,1.0423622812384449e-07,0.012108989234073988,0.0002212937176430809,6.832686647794158e-05,1.5987968385416373e-06,0.03775737672615185
71,3.5361476040812727e-07,0.0007883778462884787,5.816466506113765e-07,0.001896324328564897,0.0004432290072578854,7.742970018870046e-05,2.3723083447004253e-05,0.0006678802655879385,7.293580403586978e-05,0.9638336008922873,7.230704358381518e-08,4.392470273370182e-08,1.0927226193724882e-09,8.129560122340658e-05,6.235213347095882e-05,0.0005149187503443165,4.801492378011559e-08,2.84052901876003e-06,0.00424078603509583,6.221697701749882e-08,0.009014788694207678,0.00018634501838983667,3.772009110017665e-05,1.8151911119105215e-06,0.018052474210598263
