,0,1,2,3,4,5,6,7,8,9,10,11,12,13,14,15,16,17,18,19,20,21,22,23,24
0,6.975307331358026e-06,2.2023804196059464e-11,5.646308265745653e-05,0.0014272749192582024,1.605978166480342e-05,8.949855538560033e-05,1.586785279043782e-06,0.00011425093228228838,2.427022493881163e-06,0.979223946198062,9.356384289184174e-06,2.153752927698177e-07,0.001360249222904677,1.7441729261144354e-07,7.849037533024017e-08,0.0004166138164160632,1.8453134888418715e-06,4.8862047042091015e-05,2.1723288266680025e-06,0.01700476813270072,4.621212320483639e-06,1.119324434730581e-09,0.0001543891125988602,5.8168931947577916e-05,1.4887412996752232e-09
1,4.46422642276568e-06,9.748725697119905e-12,4.1067549252280225e-05,0.0012275144257855282,7.959448438444313e-06,5.397766731618728e-05,6.711148575126299e-07,0.00010014013369709101,1.9843464673698628e-06,0.984800088069441,6.148512474193182e-06,9.804391883896773e-08,0.0013178492840283385,4.9603888502121915e-08,3.4372262415274e-08,0.0003263689365197414,8.601253124985233e-07,2.4531050817959666e-05,1.393912177247059e-06,0.011973125295497683,1.8946839997915221e-06,5.245128845702101e-10,8.19091058878883e-05,2.7869066778780375e-05,4.904962989160731e-10
2,4.940582433524237e-06,1.1664775921183392e-11,3.9511794794018456e-05,0.001211260194112062,1.1487615284392609e-05,4.501150469479174e-05,7.817864934972663e-07,0.00010982434150943406,2.1255634011775344e-06,0.9770200578581888,1.0029087830399197e-05,1.282717841945183e-07,0.0013001319261992648,1.0271966839892192e-07,5.8774259230272095e-08,0.0002386319905777491,9.626441998068832e-07,3.294299397681687e-05,1.1156613781989429e-06,0.019823298920003212,2.2951539767265806e-06,4.865216408228325e-10,0.00011637918635376047,2.8920044291295052e-05,8.864030307074533e-10
3,5.0515534569206e-06,1.2717508107996092e-11,4.150103347582518e-05,0.0015173864019337815,9.684972539681553e-06,6.6253091460441e-05,1.0382477272839744e-06,0.00011281426064531837,1.991932122647548e-06,0.9798532016683873,7.7525662517636e-06,1.5157004276960463e-07,0.0014138361685045967,8.95793087150044e-08,4.933011298779583e-08,0.0003602950365412477,1.2270392261061619e-06,3.8726995115656443e-05,1.3639035612099565e-06,0.016405256278515665,2.877587594572141e-06,7.333536966351563e-10,0.0001200622068386126,3.938702382362161e-05,8.067419260986086e-10
4,5.5026655946104865e-06,1.2308376991984191e-11,4.40338089517884e-05,0.001462972357610633,1.0008989175501083e-05,6.28421075041777e-05,1.0651185701936313e-06,0.000117017360942432,1.8700068657802845e-06,0.9788480308897431,7.746737474460517e-06,1.592241962197528e-07,0.0016471117047123529,9.744985381994462e-08,4.7261426423827486e-08,0.0003769716070446595,1.3292605760891191e-06,4.0429707988776216e-05,1.4586360544510855e-06,0.01720883417155556,2.866642446983969e-06,7.15170656040087e-10,0.00011660796188434198,4.2994808861010027e-05,7.93487423349343e-10
5,5.286933496862026e-06,1.4425068404029994e-11,4.0177763250980916e-05,0.0019546881410328443,9.227260263478564e-06,7.483635391675471e-05,1.0576836581582131e-06,0.00012687570461448314,2.006256165188838e-06,0.9769711042757371,8.599360240143192e-06,1.7324303042404575e-07,0.0015792905846694562,9.149481016783054e-08,5.233768155763168e-08,0.00042768014351346744,1.3563281131941023e-06,5.176005388960372e-05,1.4072288828971102e-06,0.018568628928769506,3.1907917814843357e-06,8.906685375222683e-10,0.0001314449003337567,4.1062524200799834e-05,8.028539816719561e-10
6,5.0515534569206e-06,1.2717508107996092e-11,4.150103347582518e-05,0.0015173864019337815,9.684972539681553e-06,6.6253091460441e-05,1.0382477272839744e-06,0.00011281426064531837,1.991932122647548e-06,0.9798532016683873,7.7525662517636e-06,1.5157004276960463e-07,0.0014138361685045967,8.95793087150044e-08,4.933011298779583e-08,0.0003602950365412477,1.2270392261061619e-06,3.8726995115656443e-05,1.3639035612099565e-06,0.016405256278515665,2.877587594572141e-06,7.333536966351563e-10,0.0001200622068386126,3.938702382362161e-05,8.067419260986086e-10
7,5.042803729490531e-06,1.234657361814075e-11,4.137084457588006e-05,0.0014877494716505184,9.525614840703374e-06,6.370270233765331e-05,1.0215910880372055e-06,0.0001117600335437842,1.9439734635832664e-06,0.980137857303767,7.651057644038448e-06,1.4737716050335595e-07,0.0014167091966342353,8.761354842216853e-08,4.774295639074897e-08,0.0003507846748206873,1.2043648716465305e-06,3.71539953014612e-05,1.347036970328749e-06,0.016167913441911312,2.7513366969895733e-06,7.13863650951674e-10,0.00011544982621901897,3.8776481858469266e-05,7.881995176314648e-10
8,3.844680830656561e-06,4.908661322641512e-11,2.4206642437466274e-05,0.0040309839069379,2.414810091973709e-05,0.00040887562900192786,1.4387957025811592e-06,0.00023312345019860817,6.6235670325815705e-06,0.9503077952346815,3.025819668020676e-05,3.328180025584007e-07,0.0019584861270045954,1.1833764166938811e-07,2.1138134724616516e-07,0.0011065314066692523,1.4377813896361389e-06,0.0005071231833765259,3.074834536590989e-06,0.04106909115411045,5.113885079210665e-06,2.1831757486112483e-09,0.0002523867358326544,2.4790818724377033e-05,1.0995997127835204e-09
9,5.45601161978138e-06,4.3548529097528993e-11,5.974279472081577e-05,0.002963403359082948,3.110948940064942e-05,0.00038673266419315353,1.9737279653757086e-06,0.0002326833795530407,4.742415471065545e-06,0.9450686280388342,2.2428898072557824e-05,3.7203770029305366e-07,0.004197427898032197,1.3007596403713436e-07,1.2929470057770365e-07,0.001808110343765623,2.330826813770754e-06,0.0004252768699718774,5.5009787119338935e-06,0.044529983363429,6.952885159813588e-06,2.09146900201692e-09,0.00020064723288607588,4.623442925064896e-05,8.496827924563316e-10
10,5.0515534569206e-06,1.2717508107996092e-11,4.150103347582518e-05,0.0015173864019337815,9.684972539681553e-06,6.6253091460441e-05,1.0382477272839744e-06,0.00011281426064531837,1.991932122647548e-06,0.9798532016683873,7.7525662517636e-06,1.5157004276960463e-07,0.0014138361685045967,8.95793087150044e-08,4.933011298779583e-08,0.0003602950365412477,1.2270392261061619e-06,3.8726995115656443e-05,1.3639035612099565e-06,0.016405256278515665,2.877587594572141e-06,7.333536966351563e-10,0.0001200622068386126,3.938702382362161e-05,8.067419260986086e-10
11,5.1566602112268954e-06,1.1616106970974298e-11,4.0982742473593866e-05,0.0013845836693763623,8.790393613600549e-06,6.00847702427592e-05,9.788268889040742e-07,0.00011807095925960979,1.830324314580619e-06,0.9805510243645249,7.079541280631151e-06,1.4697550241599628e-07,0.0015964787891003408,8.171296797423718e-08,4.3839907134885e-08,0.00035536735732182603,1.2379969192542717e-06,3.661483788048636e-05,1.3990681371726186e-06,0.015681426765635012,2.5338064919264954e-06,6.990842075574573e-10,0.00010545656760710094,4.062860360924308e-05,7.160335590019093e-10
12,3.921054823410169e-06,1.1257429092338145e-11,3.9784596800125985e-05,0.0012349261656839437,4.0327732847381e-06,4.4564805320158706e-05,5.844925912904934e-07,0.0001411300678228003,1.5601464121003208e-06,0.988946462302883,5.226982806437393e-06,1.0570584775077793e-07,0.0011914741303169797,3.2684027837419284e-08,3.6617942896517564e-08,0.00027322579061728766,7.496386323598427e-07,1.598653286578723e-05,1.2460451866562458e-06,0.008017169337991176,1.4777159241534222e-06,7.800349965414188e-10,5.042968015799098e-05,2.587152975527139e-05,4.110131665208533e-10
13,5.0668160483981225e-06,1.2650985271783334e-11,4.161509994791639e-05,0.0015199269355625697,9.691248768010312e-06,6.567381809357122e-05,1.0364600096478898e-06,0.00011301139045039815,1.9859820790974927e-06,0.9797380805613923,7.83063930813328e-06,1.521202844753693e-07,0.001418105082084067,9.044472078549663e-08,4.954289081294526e-08,0.00036023124677128936,1.2234705882169235e-06,3.87570878159281e-05,1.3574757268936288e-06,0.016513907527288766,2.8770436030779766e-06,7.283775406984484e-10,0.0001201130848999752,3.921537507102377e-05,8.055661899532964e-10
14,7.200616714000786e-06,1.3265482104896692e-11,3.601520887072052e-05,0.0013660319450280493,3.522934648430433e-06,6.070789602364299e-05,2.0546248932083317e-06,0.00018775909167140502,2.7379091465892592e-06,0.991108995836305,3.3429616305274186e-06,2.7037913797576195e-07,0.0006381859919979939,1.2390442731992854e-07,7.841293973621211e-08,0.0002798345784683182,1.2326794008995796e-06,1.4072861136292008e-05,6.988967641221942e-07,0.005976006962441038,4.785073927216816e-06,1.0940047557678678e-09,0.0002112539901808638,9.508419206853207e-05,1.9449080618032766e-09
15,5.0515534569206e-06,1.2717508107996092e-11,4.150103347582518e-05,0.0015173864019337815,9.684972539681553e-06,6.6253091460441e-05,1.0382477272839744e-06,0.00011281426064531837,1.991932122647548e-06,0.9798532016683873,7.7525662517636e-06,1.5157004276960463e-07,0.0014138361685045967,8.95793087150044e-08,4.933011298779583e-08,0.0003602950365412477,1.2270392261061619e-06,3.8726995115656443e-05,1.3639035612099565e-06,0.016405256278515665,2.877587594572141e-06,7.333536966351563e-10,0.0001200622068386126,3.938702382362161e-05,8.067419260986086e-10
16,5.7508720622114685e-06,1.1098754626343325e-11,5.788953463011372e-05,0.00200900547204839,1.2651585661512342e-05,8.077679757199528e-05,1.4265463628646212e-06,0.00013936042013767348,1.4289692498756166e-06,0.9597029000154771,1.2523823039849281e-05,3.2655909546320926e-07,0.002619094413538712,2.0465593672510023e-07,6.904180895217017e-08,0.0007486993895070757,1.7453738989595452e-06,0.00010182121746568615,1.5468735839787838e-06,0.03427493722638791,5.969216926648404e-06,7.805371735890517e-10,0.00016600853697002935,5.586197867596432e-05,6.883264953757542e-10
17,7.497396705944861e-06,1.576924823620318e-11,5.6649349545963835e-05,0.0022599361393754766,1.3160320527348635e-05,5.6463225640263694e-05,1.6964329613551702e-06,0.0001404808515833664,1.974744160900127e-06,0.9703417653259526,1.1643760419337798e-05,2.5866223763527654e-07,0.0019694482772297135,1.9581120333616e-07,5.7631921683037854e-08,0.0004055205416957637,1.4939654473648956e-06,3.947828086380063e-05,1.1861602750359987e-06,0.02449860491628131,3.1881537955894282e-06,8.719018901059514e-10,0.00013942281447048825,4.9874983116625066e-05,1.3669178915030705e-09
18,7.790853341418276e-06,1.6822599029265725e-11,3.4262972239051404e-05,0.0011884027905276363,1.4182878654756903e-05,5.9620530145108573e-05,1.6321537104060043e-06,8.964836072856321e-05,2.187285285021181e-06,0.9778092190921844,7.963261008622372e-06,1.3943156557090196e-07,0.0013669290718853631,1.5570980827229923e-07,4.933607224550163e-08,0.00024100900214715462,2.5703342058010684e-06,4.6055772922308254e-05,1.736879208932199e-06,0.018900552893329713,2.5884980201737403e-06,9.404590431968059e-10,0.000160231523268906,6.306834130754614e-05,2.0711510050482735e-09
19,3.2920078412791867e-06,7.30884934588816e-12,3.223209588835025e-05,0.0010078300451471895,5.524166265924698e-06,4.740013304543978e-05,8.363972965910145e-07,9.034570176279427e-05,1.3945399336255646e-06,0.987808273690685,3.7932341020936626e-06,1.0334162276371461e-07,0.0011527465892255402,3.954113759407302e-08,2.308063963485467e-08,0.0002230549593539481,7.837198985404105e-07,1.4457549699209852e-05,8.862157207759924e-07,0.009515592554772514,1.3520026633207135e-06,5.677320269396827e-10,5.81460490771926e-05,3.1891291272593735e-05,5.17907249317251e-10
20,4.3069385558662254e-06,2.4498042820817358e-11,4.4333290757406525e-05,0.0020291838129011504,6.891472759655763e-06,9.027732250383014e-05,9.143801220620685e-07,0.00018907185108301642,2.0797796863678556e-06,0.9797085900873582,9.041720176832678e-06,2.5454999806490126e-07,0.0014257848696600719,8.040510604063729e-08,8.909941784405728e-08,0.00044661834577024894,1.309618359448671e-06,5.09604745742893e-05,1.5326623677186934e-06,0.0158285918264517,4.176080414982998e-06,1.5773633200053547e-09,0.0001152884886477032,4.062050187212123e-05,8.195940471991154e-10
21,6.546258522253008e-06,1.1707856693242005e-11,4.67737808946631e-05,0.002582267146254673,1.0655961679165162e-05,5.5602650212186956e-05,1.024028408046232e-06,0.00013114229737285242,1.8432984338455847e-06,0.9683719541181718,1.5828296925487376e-05,2.434734794456408e-07,0.0017641201680531128,1.7179581095836803e-07,6.585560447362016e-08,0.0005050684665328357,1.1190297287459972e-06,5.960818706730662e-05,1.1526603312886447e-06,0.026275772407876482,3.281655891420981e-06,6.960780268950678e-10,0.000135078086575828,3.06788889876638e-05,7.79399561980778e-10
22,4.396233341760758e-06,8.481899797455931e-12,4.1272737969874256e-05,0.0017733488866524714,7.956260655799492e-06,5.231947639207225e-05,8.500420211405436e-07,8.634895556225448e-05,1.2494421802813695e-06,0.9761510490040625,9.623577469889995e-06,1.3923527618120426e-07,0.0014553830980088577,8.463304956366987e-08,3.8431077060594226e-08,0.00038252405570620015,1.1667373719424073e-06,4.246425723949904e-05,1.1170716523213547e-06,0.019858199308776678,2.7271849122775547e-06,6.36651528955409e-10,9.823477364226135e-05,2.9505425729824938e-05,5.261158571242145e-10
23,5.0515534569206e-06,1.2717508107996092e-11,4.150103347582518e-05,0.0015173864019337815,9.684972539681553e-06,6.6253091460441e-05,1.0382477272839744e-06,0.00011281426064531837,1.991932122647548e-06,0.9798532016683873,7.7525662517636e-06,1.5157004276960463e-07,0.0014138361685045967,8.95793087150044e-08,4.933011298779583e-08,0.0003602950365412477,1.2270392261061619e-06,3.8726995115656443e-05,1.3639035612099565e-06,0.016405256278515665,2.877587594572141e-06,7.333536966351563e-10,0.0001200622068386126,3.938702382362161e-05,8.067419260986086e-10
24,5.462833273513043e-06,1.3993328079613782e-11,4.453931471899006e-05,0.0022841382594898816,1.1262048516174193e-05,6.489611648475578e-05,9.864019510707944e-07,0.00011336486913309223,1.7738699398894547e-06,0.9745081723571564,9.955027243067687e-06,1.8523485223857837e-07,0.001702035369117721,1.057516574955882e-07,4.4522688744830065e-08,0.00041986335248255495,1.1835988270161676e-06,4.288685874689157e-05,1.3098896436579292e-06,0.020647983208842906,2.6285050623084444e-06,8.14804799033865e-10,0.00010397956407204465,3.324141269090976e-05,8.04610514281618e-10
25,4.540715405117709e-06,3.346808767968908e-11,4.3414494726600826e-05,0.0014055214534771188,1.3152541698046235e-05,0.00019422792412626398,1.0879093910984522e-06,0.00010220932873712945,3.856082353205911e-06,0.985789148520104,4.796809020363562e-06,1.4851835316533947e-07,0.0009443078435132072,6.112632179112635e-08,7.077490748373063e-08,0.00045795206713329146,1.8777993013012423e-06,5.566860270821143e-05,2.9755585897195727e-06,0.01070432831035178,6.264780423426774e-06,1.637088239541253e-09,0.00020452867566553602,5.985724441573645e-05,1.2487199958611094e-09
26,5.405171216007152e-06,1.5169951258698305e-11,3.613434354764118e-05,0.0011463730729559549,9.19930187864995e-06,8.806700955250538e-05,9.642451976116965e-07,0.00010031643736207418,2.96274987097172e-06,0.9848296533571614,4.727177177091533e-06,9.853613072603919e-08,0.0012816396498457024,5.270843805184406e-08,4.1048789114939944e-08,0.00033489973780733605,1.5671007143611253e-06,4.144847453188016e-05,1.9037613474748312e-06,0.01189421853111769,3.093427797230013e-06,7.940398946216802e-10,0.00016495363901180456,5.2278838929438705e-05,8.704093834235821e-10
27,4.816254798523964e-06,1.7805988826426652e-11,3.1864669275898616e-05,0.001675776219803452,8.346750224812459e-06,6.862411284167428e-05,9.355361913734326e-07,0.0001343618828860945,2.5851992427737225e-06,0.9836688179628376,8.341695012025972e-06,1.474136351619116e-07,0.0011015101341975589,7.47709265039192e-08,6.16519097040915e-08,0.0002977108873608068,1.0332953962094636e-06,3.4043546077817994e-05,1.3259220118924456e-06,0.012821199019576023,2.1372880789105985e-06,9.668759198302122e-10,0.00010526677430386831,3.101705484608153e-05,9.738832532500645e-10
28,5.0515534569206e-06,1.2717508107996092e-11,4.150103347582518e-05,0.0015173864019337815,9.684972539681553e-06,6.6253091460441e-05,1.0382477272839744e-06,0.00011281426064531837,1.991932122647548e-06,0.9798532016683873,7.7525662517636e-06,1.5157004276960463e-07,0.0014138361685045967,8.95793087150044e-08,4.933011298779583e-08,0.0003602950365412477,1.2270392261061619e-06,3.8726995115656443e-05,1.3639035612099565e-06,0.016405256278515665,2.877587594572141e-06,7.333536966351563e-10,0.0001200622068386126,3.938702382362161e-05,8.067419260986086e-10
29,5.0515534569206e-06,1.2717508107996092e-11,4.150103347582518e-05,0.0015173864019337815,9.684972539681553e-06,6.6253091460441e-05,1.0382477272839744e-06,0.00011281426064531837,1.991932122647548e-06,0.9798532016683873,7.7525662517636e-06,1.5157004276960463e-07,0.0014138361685045967,8.95793087150044e-08,4.933011298779583e-08,0.0003602950365412477,1.2270392261061619e-06,3.8726995115656443e-05,1.3639035612099565e-06,0.016405256278515665,2.877587594572141e-06,7.333536966351563e-10,0.0001200622068386126,3.938702382362161e-05,8.067419260986086e-10
30,5.0515534569206e-06,1.2717508107996092e-11,4.150103347582518e-05,0.0015173864019337815,9.684972539681553e-06,6.6253091460441e-05,1.0382477272839744e-06,0.00011281426064531837,1.991932122647548e-06,0.9798532016683873,7.7525662517636e-06,1.5157004276960463e-07,0.0014138361685045967,8.95793087150044e-08,4.933011298779583e-08,0.0003602950365412477,1.2270392261061619e-06,3.8726995115656443e-05,1.3639035612099565e-06,0.016405256278515665,2.877587594572141e-06,7.333536966351563e-10,0.0001200622068386126,3.938702382362161e-05,8.067419260986086e-10
31,7.035156951519927e-06,1.481356303342126e-11,7.557302890691078e-05,0.001418348237348919,8.725031685619513e-06,5.967979916466115e-05,1.1199942717708783e-06,0.00020491414585474104,1.8144831180255894e-06,0.9760250053885378,7.33682157813105e-06,2.0406877932545506e-07,0.0028332231327057316,9.551088422675828e-08,5.61365862423735e-08,0.000544028083575275,1.536112441602687e-06,4.445878346037038e-05,2.0296000021342478e-06,0.01858493559160333,3.8069836906216583e-06,7.980971845150611e-10,0.00011287508751322217,6.31973692747015e-05,6.391546562024491e-10
32,5.465088950153213e-06,1.3757681816945081e-11,4.403249933355772e-05,0.001455310561703375,9.941255764785087e-06,6.822641043414252e-05,1.0046031984252415e-06,0.00011530573023270972,2.0102726003635903e-06,0.980430088440762,7.369876610250403e-06,1.4714349110392233e-07,0.0015494130104212378,8.507950348322096e-08,4.744639830155164e-08,0.00037695992098487203,1.3375612979958668e-06,4.035962486347957e-05,1.6189072288814975e-06,0.015731053451225895,2.8841382213955823e-06,7.789120801833134e-10,0.00011514441621309365,4.219298158768399e-05,7.863027717152584e-10
33,7.140753734035305e-06,1.8614731430331613e-11,4.910330894393777e-05,0.0015818712800817361,7.195113521849487e-06,0.00011334331896532487,1.4597594738820724e-06,0.0001915706858383864,1.0665201488258653e-06,0.9762647003075076,3.435450479380643e-06,2.760419862697091e-07,0.004803983941498893,7.511193761175183e-08,2.8986813354866816e-08,0.0009486426065697557,3.837482741897263e-06,0.00010357223149076817,4.1876550833453205e-06,0.015681505835976016,3.6312462331613487e-06,2.1632719201399958e-09,8.283742763731321e-05,0.00014653220825132127,5.431988036188257e-10
34,5.314433307099523e-06,1.2538685110665812e-11,4.251197590857808e-05,0.00148831164248199,9.950164198229059e-06,6.400440287916977e-05,1.0307959137021916e-06,0.00011254762632287868,1.993166024509308e-06,0.979720888843315,7.90487920695731e-06,1.485519648554657e-07,0.0014536328083911124,9.232572948595057e-08,4.908741917215602e-08,0.0003602655363667193,1.2358119320350426e-06,3.893035816361106e-05,1.4069436618114405e-06,0.016527596525288377,2.8434946959471187e-06,7.05708411575194e-10,0.0001197453242074257,3.9593782021910395e-05,8.023525101267019e-10
35,3.6281028622652294e-06,6.026113402499952e-12,6.665280205140546e-05,0.0015778979658523076,1.3255466887898578e-05,6.12314312280525e-05,1.3667094233795578e-06,6.151258281809874e-05,8.236980440270654e-07,0.9598674258231825,8.540820190111376e-06,2.482489143248863e-07,0.001532327991411336,2.0593970603562107e-07,4.140262287545999e-08,0.00044195893607302107,1.6370789428729429e-06,4.357962404057661e-05,8.05634210177827e-07,0.03607339853973995,7.857830642641536e-06,4.667251226939407e-10,0.0001823118101381658,5.329036246841658e-05,7.2579818120537e-10
36,5.733206575846018e-06,1.6480892306784114e-11,3.573973403919896e-05,0.0018991391448586823,8.73751867634597e-06,7.3091974523837e-05,1.852984982677917e-06,0.0002030007363976127,1.8302367346279613e-06,0.9707660542757134,1.1587674053615256e-05,3.815906744339182e-07,0.002239844892629603,1.8802754639937404e-07,8.253252383418986e-08,0.0005008023041023381,1.7616219699904964e-06,8.045367557455784e-05,1.3987360400698767e-06,0.023985093218367788,2.954753474403338e-06,1.3833847578235591e-09,0.00012334966357222603,5.691890711373582e-05,1.1899891442421296e-09
37,1.9359408107293504e-06,1.2356938746788047e-11,2.039506728613571e-05,0.0010122805099013912,5.838645532293009e-06,7.648311765566988e-05,5.052697567482795e-07,0.00011310177085756897,3.267914962714474e-06,0.9893313399621798,5.495074956320718e-06,7.951903989160596e-08,0.0006554262526955295,2.3406965396786097e-08,4.946137897489507e-08,0.0001924393303941649,4.6186512964442966e-07,1.9768215770106603e-05,9.130242072611277e-07,0.008472262455485163,1.2322142603126357e-06,6.087329292690365e-10,7.180077810193986e-05,1.4899057383157808e-05,5.241989203947272e-10
38,5.041777212999885e-06,1.2567994614715292e-11,4.091654846326063e-05,0.0015380194619359676,9.665762750068655e-06,5.8564442228084125e-05,9.77694800671146e-07,0.00010974864182402772,1.955091188230524e-06,0.9799628906787408,7.888466183846708e-06,1.4051035961197486e-07,0.0013268149143628553,8.883612471191374e-08,4.713805592489153e-08,0.00031467155566481254,1.1463327556880178e-06,3.366473663196632e-05,1.2368599851022843e-06,0.01643518004054676,2.554801071165026e-06,6.862463050866563e-10,0.00011258223563703483,3.6201925999773044e-05,8.486619242417298e-10
39,4.162159744525483e-06,2.4132337880565683e-11,8.978757263521094e-05,0.0018329163598878528,9.278047904102268e-06,0.0001609079887955979,1.0635877854017612e-06,0.00019845163486434882,2.295255018954402e-06,0.9736355609755502,5.559583690644284e-06,2.817735740976126e-07,0.0024041474275337846,6.134812265863178e-08,6.586984362051815e-08,0.0008920618240248312,1.9356781679036444e-06,6.344280276920822e-05,2.44051114676884e-06,0.02044132368656068,9.347807588895004e-06,1.4347156313681124e-09,0.00017104564995243133,7.386037141762814e-05,6.245728003082793e-10
40,1.0445256987341262e-05,2.0690169523941647e-11,0.0001150309262677421,0.001566327033544867,2.99425173345717e-05,5.897961070651444e-05,1.8960970867000513e-06,0.00011551174710150598,2.084101545671425e-06,0.9641612681648469,1.4927442521654248e-05,2.9828724588189393e-07,0.0023649762834485983,4.023006806030319e-07,8.065004469058043e-08,0.00048435019588215217,2.002271602387984e-06,4.674418658254967e-05,2.3006277688508323e-06,0.030784663516939557,5.567830872702279e-06,7.704711279950324e-10,0.0001670127243017484,6.518565829955513e-05,1.77722592337774e-09
41,4.7654955653894745e-06,9.953721360190734e-12,4.3831567485523756e-05,0.001145945540934311,7.292082079980893e-06,6.61502879716562e-05,1.6391308292269464e-06,9.376164125277455e-05,1.3845856700360812e-06,0.9801882192633751,5.063662142705563e-06,1.8378203034277803e-07,0.0013015342655610547,1.0386437780741846e-07,4.220598872796972e-08,0.0003168067443105886,2.0601873100764343e-06,3.3600336800656405e-05,1.1543115568918604e-06,0.016550304217113284,4.323318547860582e-06,8.924742419380326e-10,0.00015767794991765834,7.41535911571793e-05,1.0655931909778631e-09
42,3.698572684108029e-06,3.2346299484771246e-11,7.160889155918482e-05,0.002351289356754227,5.825861519179867e-06,0.00013357779972430022,7.134973007440175e-07,0.00024684070241143155,2.5507590883568986e-06,0.9822704019189068,5.920062638047337e-06,2.0012663289596934e-07,0.0018429563996597632,3.000817195009332e-08,5.908335869930221e-08,0.0007658583662038062,1.2043379322659298e-06,3.9352516532042465e-05,2.6204481360365656e-06,0.012133095692257245,3.830269908771723e-06,2.015869386923884e-09,7.891365951658778e-05,3.944917249441906e-05,4.4839365706381763e-10
43,0.0002577404160494266,2.979140078895569e-10,0.00022021316124899604,0.026377881211649523,0.0003461110779223293,3.6340631883974406e-05,2.1628813091396892e-05,0.00021653791933051446,1.3313998107938846e-05,0.826612810272223,0.0015286353022764584,2.0821805047987687e-06,0.0022623859602996167,7.52827850825658e-05,1.2292327795239784e-06,0.0007593331143590974,4.963583585118191e-06,0.0003120134699578799,3.5825298892802996e-06,0.139725157642265,4.26569568709032e-06,3.0857817609653777e-09,0.001164780055677624,5.353801261702258e-05,1.6954981603308365e-07
44,5.0515534569206e-06,1.2717508107996092e-11,4.150103347582518e-05,0.0015173864019337815,9.684972539681553e-06,6.6253091460441e-05,1.0382477272839744e-06,0.00011281426064531837,1.991932122647548e-06,0.9798532016683873,7.7525662517636e-06,1.5157004276960463e-07,0.0014138361685045967,8.95793087150044e-08,4.933011298779583e-08,0.0003602950365412477,1.2270392261061619e-06,3.8726995115656443e-05,1.3639035612099565e-06,0.016405256278515665,2.877587594572141e-06,7.333536966351563e-10,0.0001200622068386126,3.938702382362161e-05,8.067419260986086e-10
45,6.986327254120054e-06,1.5334435597076726e-11,5.268816698371738e-05,0.002109501034938547,1.862412371957688e-05,7.268038059183766e-05,1.0990643270154182e-06,6.738698954247184e-05,2.4822148756453264e-06,0.9719919257299102,1.137484081740146e-05,1.5455646863701812e-07,0.0011127688767420781,1.6347568280571128e-07,5.1183998413569994e-08,0.0003197079072506223,1.5722115817073762e-06,4.0908981628984046e-05,1.351239680281318e-06,0.023929557485883553,4.477045382110266e-06,6.661293898001746e-10,0.00021780161677033334,3.673432695474646e-05,1.5375515502894537e-09
46,4.374909040509842e-06,1.0215914513786517e-11,5.094855220278127e-05,0.001759517259591839,4.85587002780202e-06,7.560696950215038e-05,8.885033324199433e-07,8.8776415433653e-05,9.989017764635678e-07,0.9813794015276439,4.022633443502113e-06,1.5779003779556944e-07,0.0018580446739101908,3.876259928709107e-08,1.9242942558651283e-08,0.0004380512620698083,2.101435923723504e-06,2.560717330921416e-05,1.3823085236135403e-06,0.014166002725940293,3.338814291691086e-06,1.1727258251399036e-09,8.385344293024639e-05,5.20091400434985e-05,5.025413304826606e-10
47,4.350291771340425e-06,1.469741906456161e-11,3.784443908200465e-05,0.001594492970211787,1.1882016307347036e-05,7.416636918458057e-05,1.0468964185299775e-06,0.00010726419464339826,2.4248075024169786e-06,0.9783553533937518,9.603582959171353e-06,1.5223463781723567e-07,0.0011241668489808856,1.0325251615579007e-07,6.490507362515276e-08,0.0003231368585402256,1.080311045261749e-06,4.290665272729486e-05,1.225286428182554e-06,0.01813201388543292,3.1024928492861694e-06,7.222363592613906e-10,0.0001409616742857995,3.265490175832428e-05,9.969581014375887e-10
48,5.235955532100816e-06,1.5681578294677265e-11,5.1956698099390614e-05,0.002488134837872566,1.5222511958033781e-05,6.814592599349848e-05,1.1646338133862248e-06,0.00011688113280519378,2.6403969769680555e-06,0.9679380241417146,1.6858402747935452e-05,2.1821712724980546e-07,0.0012740333530249944,1.7676207198127269e-07,8.559078183585006e-08,0.00041184569888348037,9.88633288779374e-07,4.94776841136649e-05,1.0497487955356708e-06,0.02734448935409322,4.049548712310402e-06,6.806607161813792e-10,0.00018142260895322746,2.7896321789063523e-05,1.1445085516272772e-09
49,3.6347762446153217e-06,1.5117406031127214e-11,4.9937183234430714e-05,0.0015875540108623155,7.804036609308609e-06,8.494650768061553e-05,9.389034564363012e-07,0.0001241252647710591,1.8639529359333487e-06,0.9800800649285741,6.06389057420157e-06,1.8137787002550988e-07,0.0014664720069692595,5.720085450001255e-08,4.4881085882922435e-08,0.00039952964942308034,1.2137697428416798e-06,3.223036598515915e-05,1.3559593991483544e-06,0.016004605725709612,3.3635577142483242e-06,1.0134832046559148e-09,0.0001037421827117316,4.026816375193743e-05,6.752386171265091e-10
50,5.014480862894723e-06,1.6140331301710816e-11,4.6259792671139656e-05,0.0017628725668902634,1.0676669238884639e-05,8.235543907659041e-05,1.0388363198913442e-06,0.00012070871366007114,2.298357767212017e-06,0.9779515726523537,8.665045618772854e-06,1.744524122397879e-07,0.0014245030326049688,9.319092050010354e-08,5.970589910076863e-08,0.0004203205424816905,1.3083806852055175e-06,4.632262070647703e-05,1.5125228051554235e-06,0.017927693104581786,3.7580472994351805e-06,8.738748125511627e-10,0.0001428987032438385,3.9891381904543615e-05,8.699807046164383e-10
51,5.325072683706428e-06,5.9695010465473766e-12,4.194126596273297e-05,0.0007331840375433376,1.1940296650174554e-05,5.2410480860278775e-05,1.1649594573381968e-06,6.807798975237592e-05,1.5096231026458347e-06,0.9810058603914077,4.793171963136465e-06,1.0057887186129293e-07,0.001548573141523407,9.288430616086921e-08,2.799210975565057e-08,0.000297068568093369,1.4116100639299038e-06,3.125920448428122e-05,1.4228648446872128e-06,0.016013990497551898,2.640930079830999e-06,3.57462162119392e-10,0.00012263783579158743,5.456557706504013e-05,6.623991914181727e-10
52,3.300802485750409e-05,3.4542987354925924e-10,0.0009631438840887865,0.006242536859965562,0.0001242379130096481,0.00033550087977327785,1.9140310214475106e-05,0.00013763994772876794,1.0602286794556893e-05,0.9361472758014158,2.0575816695629356e-05,9.963018232506182e-07,0.0028749536863529007,1.4204389439895455e-06,2.0808742071691685e-07,0.0018196795785403444,1.880376281050362e-05,5.892349601775787e-05,7.00528084054194e-06,0.0480670433744786,9.118166870837747e-05,7.1080430040750965e-09,0.0024742335976620524,0.0005518482926999931,3.3255683915414915e-08
53,4.2934411171493025e-06,8.613884103876695e-12,4.027602162135681e-05,0.001999889641523343,1.1615468431213908e-05,6.582807356462404e-05,1.7857372648288403e-06,9.467196834034591e-05,1.8729014876030696e-06,0.9654351704067401,1.14052400303402e-05,2.0749710929415664e-07,0.0014018926382661655,1.5676633657998772e-07,5.5538294093121246e-08,0.0003989893471968384,1.2485611310358265e-06,5.070699051799363e-05,7.485223598883265e-07,0.030225796427182382,3.97735626849874e-06,5.827515042567719e-10,0.0002087788478531292,4.063099557477717e-05,1.020423309172363e-09
54,5.257891414393655e-06,1.4093113131986382e-11,4.048214778868106e-05,0.0015655995922814053,9.961976282212072e-06,6.731377585140128e-05,1.0930995834256947e-06,0.00011606431098181427,2.1084235437846714e-06,0.9803894936399623,8.0142841470659e-06,1.5566437421934407e-07,0.001352280560464844,9.520727320188847e-08,5.298198754015375e-08,0.00035194632857300307,1.2521672245048068e-06,3.8573850127691196e-05,1.3919824159522152e-06,0.01588464753091884,2.8335650290316836e-06,7.961910407192183e-10,0.00012156083782543671,3.98184646028856e-05,9.070624560533232e-10
55,5.523447657387099e-06,1.2119153784046641e-11,3.358016073869914e-05,0.0017782174983580626,9.992152313502438e-06,7.98997009905248e-05,1.5211654305269446e-06,0.00020432615034106317,2.459721567606984e-06,0.9685961557798299,9.165920457418016e-06,3.4401576870845754e-07,0.00261047105023646,1.4422459199270243e-07,6.29500701383032e-08,0.0005271228593756198,1.1982977720027202e-06,7.7957430746244e-05,1.1980558956633458e-06,0.025865744230850158,2.580537643834324e-06,8.240113959738708e-10,0.0001406732268948507,5.1659662835240526e-05,9.235038434059752e-10
56,5.149043609659733e-06,1.2005390234208412e-11,4.150691201965793e-05,0.0014673489701075178,9.07633193752954e-06,6.276087059676425e-05,1.00004970048511e-06,0.00011922413557796726,1.8784393151447472e-06,0.9798217384753157,7.357883442999915e-06,1.5346619027242624e-07,0.0015855328859416054,8.45924273157431e-08,4.55678450155771e-08,0.00036391133005780196,1.230422617639296e-06,3.802529164822264e-05,1.3739459077140508e-06,0.016319158988863026,2.671745994391796e-06,7.146416983549495e-10,0.00011042843292833795,4.034074918788594e-05,7.421201923595754e-10
57,3.7486332133019292e-06,9.535492528677799e-12,6.248604542966975e-05,0.0010302396409753434,9.243114471836974e-06,5.543953252839682e-05,7.862288388262438e-07,0.00010815556781523019,1.4430270973468644e-06,0.9771354577579325,5.452020451920157e-06,1.5273978811869671e-07,0.0019913349928318137,6.109378278768251e-08,3.2128758731784015e-08,0.00035491223053962854,1.1447142253726433e-06,2.5058756653949006e-05,1.3406304533949646e-06,0.01908693170410105,2.734757059782826e-06,5.566721335761597e-10,8.301955818547695e-05,4.082404328747595e-05,5.153703389709891e-10
58,4.92826869789854e-06,1.1334812298349276e-11,4.056046475097996e-05,0.0012473153483756202,8.380417796407155e-06,6.58258835118066e-05,1.0243325579699719e-06,0.00011300468163783827,1.738792392109803e-06,0.9813857133780636,5.730001183057113e-06,1.4862049452571196e-07,0.0015700789915206153,7.696455188778024e-08,4.1569815529124394e-08,0.0003588989966282585,1.3750791951679946e-06,3.7586468110653215e-05,1.438596117493011e-06,0.01498964491784965,2.933059734954085e-06,7.350425835501857e-10,0.00011411685974058857,4.943684998714111e-05,7.109089465956295e-10
59,4.9297814912366564e-06,1.154787607694877e-11,4.7811406850042195e-05,0.0013045787763517132,9.027534108536922e-06,6.520459091121722e-05,1.0396590882792947e-06,0.00011305858895625783,1.7385832984130179e-06,0.9795602513136912,6.086263032719665e-06,1.530626426771568e-07,0.0016536339931433719,7.963477576202914e-08,4.175885283780566e-08,0.0003752910439567498,1.3773569383050483e-06,3.617725795400573e-05,1.4236059883390632e-06,0.01664686605998705,3.2259851808882874e-06,7.092843637370202e-10,0.00011882396866597508,4.9178338991093994e-05,7.143113292932457e-10
60,5.0515534569206e-06,1.2717508107996092e-11,4.150103347582518e-05,0.0015173864019337815,9.684972539681553e-06,6.6253091460441e-05,1.0382477272839744e-06,0.00011281426064531837,1.991932122647548e-06,0.9798532016683873,7.7525662517636e-06,1.5157004276960463e-07,0.0014138361685045967,8.95793087150044e-08,4.933011298779583e-08,0.0003602950365412477,1.2270392261061619e-06,3.8726995115656443e-05,1.3639035612099565e-06,0.016405256278515665,2.877587594572141e-06,7.333536966351563e-10,0.0001200622068386126,3.938702382362161e-05,8.067419260986086e-10
61,5.181059433426825e-06,1.2300275449262384e-11,4.8084846553249785e-05,0.001332245123426284,9.62162710718378e-06,6.658761702876064e-05,1.062856527754076e-06,0.00011028669610805922,1.8552715619370623e-06,0.9802340333774041,6.478463944718357e-06,1.503160176896798e-07,0.0015660443870980933,8.410092469402839e-08,4.405780731506512e-08,0.00037489479091604166,1.3734713776691068e-06,3.597838760465246e-05,1.4918614883470577e-06,0.01603284269028051,3.2310350021871026e-06,7.272644355525208e-10,0.00012094012998296312,4.7486329702576126e-05,7.631372199546734e-10
62,5.0515534569206e-06,1.2717508107996092e-11,4.150103347582518e-05,0.0015173864019337815,9.684972539681553e-06,6.6253091460441e-05,1.0382477272839744e-06,0.00011281426064531837,1.991932122647548e-06,0.9798532016683873,7.7525662517636e-06,1.5157004276960463e-07,0.0014138361685045967,8.95793087150044e-08,4.933011298779583e-08,0.0003602950365412477,1.2270392261061619e-06,3.8726995115656443e-05,1.3639035612099565e-06,0.016405256278515665,2.877587594572141e-06,7.333536966351563e-10,0.0001200622068386126,3.938702382362161e-05,8.067419260986086e-10
63,5.429299451607298e-06,1.7032809825617346e-11,4.3244317334509e-05,0.0016319865330985952,1.0402763846987147e-05,7.673637119557595e-05,1.0668499651463704e-06,0.0001225354418155898,2.341099635587303e-06,0.9802907191296466,8.131578682292938e-06,1.6050877300175624e-07,0.0014159059619651886,8.935761821314612e-08,5.6758915796978324e-08,0.00037978732076479296,1.3509645871197049e-06,4.22527633800838e-05,1.6103483847932193e-06,0.01579404424074702,3.143975385610946e-06,9.214618179632561e-10,0.00012792051206030804,4.108202452995947e-05,9.39721230784825e-10
64,4.976966827070002e-06,1.398126904257262e-11,5.6765536511431706e-05,0.0015321147220972175,1.0508014681477949e-05,8.032753087747447e-05,1.0881186511040222e-06,0.00010932531885128969,1.9207442116992647e-06,0.9770878395205218,7.2209425412919e-06,1.815198693375063e-07,0.0016051868819905932,9.194561842014138e-08,5.0147107907346646e-08,0.0004422914709988058,1.5447495553637287e-06,4.0855018086789344e-05,1.5330994914274615e-06,0.018814202152278036,4.627700317431924e-06,8.21392524795476e-10,0.0001481265572367997,4.921970212072861e-05,8.041823525859448e-10
65,4.773115307128266e-06,9.28770795875003e-12,3.606669665957038e-05,0.0012429099016114252,7.941449897787396e-06,4.58077657780967e-05,7.612745113221066e-07,0.00010197519433331502,1.8178566060287393e-06,0.9856584615020063,7.637831010445356e-06,1.1050144581326818e-07,0.0012010417607398838,6.970324795345652e-08,4.0015638194676305e-08,0.00028959924511168624,7.67315243498659e-07,2.390852693164904e-05,1.239919023026364e-06,0.011277924706527151,1.5603222774267955e-06,5.292941876201615e-10,7.041986450488317e-05,2.516444586034333e-05,5.471448879721226e-10
66,5.4094878712832065e-06,2.6943755823220084e-11,3.584946972878663e-05,0.00231312574279701,8.772512239807244e-06,9.997395854172753e-05,1.1278648810264742e-06,0.0001680569960241164,2.969552485717156e-06,0.9801902556172998,1.0842564522984427e-05,2.348565975024566e-07,0.0010863906069609685,1.1372533211654499e-07,1.0793696698285034e-07,0.0004267488444572985,1.3914953954733297e-06,6.142377046534931e-05,1.5665065137856817e-06,0.015372784158704305,4.2489320506848135e-06,1.5216938645205925e-09,0.00016838590665838436,4.0216668270612624e-05,1.2765966323266144e-09
67,4.651226304231312e-06,8.723106768221805e-12,3.4624084874148744e-05,0.0009635244721438111,8.598199801306843e-06,3.961197579889707e-05,6.543454973421979e-07,9.920675585141332e-05,1.8280283709616843e-06,0.986677635771213,6.718324602896448e-06,9.319122910224899e-08,0.0012061494971634605,6.483233405538295e-08,3.8335460177034095e-08,0.00024264366207227966,6.671264377884354e-07,2.1204923322056852e-05,1.2332348120276704e-06,0.01060097614037277,1.3441926064809928e-06,4.205452404022631e-10,6.375206947670623e-05,2.4778673620305344e-05,5.07366496046966e-10
68,8.572435962720745e-06,1.0412138467762946e-11,3.8627493786480476e-05,0.001444499288363412,1.0058657270740448e-05,3.089830714274358e-05,7.135684807734275e-07,8.422781051766074e-05,2.0117488706816267e-06,0.985428703511093,9.300604786293995e-06,7.689619944034776e-08,0.001303704672789474,9.005920990961734e-08,3.246170581760096e-08,0.0002589919042269316,1.0414255127071233e-06,2.2306858766616442e-05,1.6175318253790865e-06,0.011249762805244744,1.2057454989691385e-06,4.752757178026347e-10,7.812011385191813e-05,2.5434865449492305e-05,7.477561685047235e-10
69,8.166299771937677e-06,1.4626138081374082e-11,5.870370872844044e-05,0.0010695425580866404,1.024608663350791e-05,6.753549685788072e-05,1.5344199181816446e-06,0.0001348065838441346,1.8055451582048916e-06,0.9875055141632152,3.5039603681382214e-06,1.7538183917405233e-07,0.0019525625376046246,9.633361514968103e-08,3.247734665125525e-08,0.0004969875270975587,1.5351375223095796e-06,2.3527941445732065e-05,2.5593765276628648e-06,0.008498995062032085,2.4063039640296086e-06,9.472436158696574e-10,7.335038252266581e-05,8.641096283545514e-05,7.91194917188137e-10
70,7.111807494754542e-06,1.5839269754114962e-11,3.616172424282172e-05,0.0008832703838354807,1.1357786990116617e-05,6.695379770495127e-05,1.286295596025664e-06,0.00010383989849886063,2.000483975274057e-06,0.9835140073272752,6.064802487808512e-06,1.5968646010740904e-07,0.0014333256656283463,1.4084588580666314e-07,6.179312622669273e-08,0.00030919743727254005,2.1979448100826195e-06,5.336912118375113e-05,2.1814373800143526e-06,0.0133383495484168,3.6527126485487184e-06,9.335729071627565e-10,0.00015058123209305634,7.472605442035969e-05,1.263160974783094e-09
71,3.0367250742015237e-06,3.6875302706260805e-12,1.7998927344979374e-05,0.0005929751146141976,6.3834629842740155e-06,2.935508448841181e-05,1.3569036192517678e-06,7.284728151290435e-05,1.1631690852252188e-06,0.98654909228728,3.371915051200551e-06,6.929742505217034e-08,0.0011592584437918033,4.811065889174648e-08,1.651063381834065e-08,0.00012693123126586854,7.073449789663544e-07,1.2683834355454136e-05,5.29172711574458e-07,0.011334574443299003,6.192400721859112e-07,2.938474618643811e-10,5.194321988239253e-05,3.503736916320549e-05,6.131718758265455e-10
