,0,1,2,3,4,5,6,7,8,9,10,11,12,13,14,15,16,17,18,19,20,21,22,23,24
0,0.9528575938883084,0.00012814340921770591,0.0001416054349037608,0.00015340695415863866,1.6831232261496556e-08,1.0640793653485307e-11,0.0005287950473600263,0.016988777386135117,4.235999635145255e-07,8.817014060646357e-06,2.4088789961292845e-08,0.0005518410788280407,1.6053845357226282e-06,7.459685183179048e-07,5.022252620092237e-09,3.1559278930324523e-08,0.001308718057980552,0.0008816574280213143,1.5226677672127826e-05,8.640113465008885e-07,2.676103079022275e-06,7.381068507801621e-05,4.270111470048338e-08,0.008621398637068917,0.017733773020454577
1,0.9656896376843389,8.332483891385284e-05,0.00016835523254890642,9.615569658779029e-05,1.4154031101808975e-08,1.347236134442776e-11,0.0006337052444727451,0.013553822878582375,6.93846756494894e-07,7.202520138641678e-06,2.414284596445989e-08,0.0004482246378497303,1.5448029201964303e-06,6.417886011333995e-07,5.2923271832179095e-09,4.2242995656749925e-08,0.0007478194016778976,0.0005035491871633077,1.80869515582773e-05,8.728189586810263e-07,1.7293566134169835e-06,5.0225822642236105e-05,2.6809258604462277e-08,0.006040980628684377,0.011953314006060041
2,0.9664841402872514,7.779441011783845e-05,0.00012565707803349085,9.041208385341798e-05,1.3159340796541728e-08,1.0721960078378575e-11,0.00050261521671959,0.012729669146232548,4.0283136614485163e-07,5.423711290132958e-06,2.124280480901813e-08,0.0005081051626427467,1.5076773822776187e-06,5.863241986414455e-07,5.225657648886552e-09,3.389101006863976e-08,0.0010163322563470209,0.0005600082006919468,1.311957205920093e-05,7.783914084963989e-07,1.5729198459821486e-06,5.844708305807619e-05,3.6079163857587385e-08,0.00656792323865657,0.011255394800145244
3,0.9671538738862506,8.012552036967382e-05,0.00014474131343512975,9.402839458565281e-05,1.295555395391004e-08,9.321805780250776e-12,0.0005034051339495891,0.012303893548867264,4.156254459057993e-07,5.111163362705218e-06,2.3406021547566558e-08,0.00048537196003978244,1.5374193641193355e-06,5.503586831854178e-07,4.032794929144001e-09,2.5858972575570777e-08,0.000926839026076551,0.0006074127324488833,1.1749463065229132e-05,7.138194944512036e-07,1.4884937648275284e-06,4.7094078964023756e-05,2.7856673759950483e-08,0.0070836273874065395,0.010547926555087433
4,0.9683047752457253,8.788652624255732e-05,0.0001645798485641394,9.989436508789335e-05,1.5512021036499745e-08,1.0752536626152258e-11,0.0005322785542240014,0.011314407060284236,4.3895650113868594e-07,5.2789702476776195e-06,2.5220362247608168e-08,0.0005102840209498759,1.9251115803634323e-06,6.829695798579285e-07,4.283235286714303e-09,2.7121570363076343e-08,0.0009121912113631572,0.0006082475579210088,1.1605685770635802e-05,7.333606230250774e-07,1.4426001965051605e-06,4.662601606771556e-05,3.031117645552437e-08,0.007339446456194961,0.01005717302375805
5,0.9623551352708211,9.166165971289708e-05,0.0001495221173441911,0.0001230306478154334,1.4579652123807264e-08,9.978579027963341e-12,0.0005312008157119868,0.014242507633903643,4.056928270857514e-07,6.108515225999613e-06,2.5913207930190918e-08,0.0005027833443887142,1.7552220590551103e-06,5.937719711926225e-07,3.861227339163967e-09,2.6170459782228653e-08,0.0010500134361736291,0.0007957783756689071,1.1459425879630796e-05,8.275319037503061e-07,1.7669341657769208e-06,4.913093537632287e-05,3.349373059870589e-08,0.008496208737849193,0.011590005902945295
6,0.9671538738862506,8.012552036967382e-05,0.00014474131343512975,9.402839458565281e-05,1.295555395391004e-08,9.321805780250776e-12,0.0005034051339495891,0.012303893548867264,4.156254459057993e-07,5.111163362705218e-06,2.3406021547566558e-08,0.00048537196003978244,1.5374193641193355e-06,5.503586831854178e-07,4.032794929144001e-09,2.5858972575570777e-08,0.000926839026076551,0.0006074127324488833,1.1749463065229132e-05,7.138194944512036e-07,1.4884937648275284e-06,4.7094078964023756e-05,2.7856673759950483e-08,0.0070836273874065395,0.010547926555087433
7,0.9707016124490537,0.00010618612562209975,0.0001881921800044294,8.562334551824236e-05,1.029141138314232e-08,7.075686640590166e-12,0.0006551237783407705,0.010161170469711779,4.859286651657211e-07,3.7178976918248663e-06,3.3329511706850034e-08,0.00041018278988699336,2.7823512760533327e-06,4.774282353056046e-07,3.0427602576330238e-09,1.3708706881579665e-08,0.0007399839764223691,0.000613507631810472,8.167678915631001e-06,8.424842064572172e-07,8.198974138017316e-07,3.260007316205271e-05,1.7158521617690106e-08,0.009017583688474532,0.007270862287601058
8,0.9903473669544823,3.837220600826101e-05,4.876713652690038e-05,9.309580893578297e-06,4.101155122884145e-09,2.111617048754325e-11,0.00023862260405393994,0.0038813116807751135,5.477654440511335e-07,9.973311606638472e-07,1.1696004073913292e-07,0.0008617703211830618,8.810128624817081e-07,1.467372259737134e-07,3.0601152303973768e-09,8.08770960886325e-09,0.0006098843995123743,0.001276091656437779,1.4464082737181402e-05,5.293961146307852e-07,6.986304782067677e-07,9.588076504349475e-05,5.428034832428924e-09,0.0013012856319689588,0.0012729344489196043
9,0.9926167720267587,1.545061622611911e-05,8.503362290598642e-06,7.887200967397874e-06,3.214226323093575e-09,9.7466493464343e-11,0.0001548688330164061,0.00255367371760782,2.2585724223401727e-07,1.9713776467517006e-06,6.719666244655644e-08,0.0008930453192511069,1.1767561161833353e-07,2.7191643548167286e-07,6.296101680307809e-09,6.175803720324094e-08,0.0005412654940333783,0.001051847626673196,3.279656323254776e-05,2.8906032585370967e-07,2.6373483749711195e-06,0.00029429469926631435,3.1372421805379536e-08,0.00017695000203275492,0.0016469613680903646
10,0.9671538738862506,8.012552036967382e-05,0.00014474131343512975,9.402839458565281e-05,1.295555395391004e-08,9.321805780250776e-12,0.0005034051339495891,0.012303893548867264,4.156254459057993e-07,5.111163362705218e-06,2.3406021547566558e-08,0.00048537196003978244,1.5374193641193355e-06,5.503586831854178e-07,4.032794929144001e-09,2.5858972575570777e-08,0.000926839026076551,0.0006074127324488833,1.1749463065229132e-05,7.138194944512036e-07,1.4884937648275284e-06,4.7094078964023756e-05,2.7856673759950483e-08,0.0070836273874065395,0.010547926555087433
11,0.967224628500727,8.335787404194969e-05,0.00015047732830983574,9.603313905018931e-05,1.3523812393550055e-08,9.54181764592095e-12,0.0005108476198974688,0.01220060427113311,4.244225552912507e-07,5.140623333710744e-06,2.4259955176131537e-08,0.0004974781732632261,1.7154461044564598e-06,5.738831709807939e-07,4.036261401473379e-09,2.5441605441440594e-08,0.0009422836158715899,0.000620520541011499,1.1519845777797766e-05,7.357952838274858e-07,1.4453698786261197e-06,4.6854264959191295e-05,2.8298910697865425e-08,0.007344972213390075,0.010260291502153344
12,0.968633750916146,8.734471951209596e-05,0.00012699632720001265,0.00010098232907607274,1.7915793243524546e-08,9.608988454424042e-12,0.0003640874899900636,0.01049964945868703,2.324775129880996e-07,4.807713447360303e-06,2.1014361741942947e-08,0.0006514061368922735,1.6543002905834793e-06,7.856399221121704e-07,3.844189357469793e-09,2.552080709704475e-08,0.0013591661899193432,0.0007886896684016097,9.681787641628676e-06,5.793536083333693e-07,1.7250283111919973e-06,6.36989276495374e-05,4.5204525346861114e-08,0.007321735589414747,0.009982912437091169
13,0.9774163247190041,4.7193741881156734e-05,0.0001567911595145767,6.000112780299415e-05,1.1192036505185516e-08,6.182011372613209e-12,0.00033124157942410095,0.00881678797369528,3.0501748953548016e-07,1.9546518393062524e-06,2.941268679952503e-08,0.0008439420933495042,1.1876371671664912e-06,5.648552624927656e-07,3.277631360864905e-09,1.497052111978397e-08,0.0009829642946686068,0.00043097194874508693,9.795514524087668e-06,4.90321381193362e-07,1.233583529407299e-06,4.17489042387769e-05,1.792432773244178e-08,0.00401682003272833,0.006839604060368835
14,0.8818122158343759,0.001877904169053251,0.00036078342193106424,0.0004732511396522435,8.7934284733534e-08,4.0556588380314344e-11,0.0015746150892471144,0.03711935823018347,2.646343375629384e-06,7.69581197673165e-05,9.259259313157568e-08,0.00028011378924992287,1.6509875206034457e-05,1.473635904108241e-06,1.1587063742360717e-08,3.444118047487164e-08,0.0018329390781131616,0.00253949624716833,3.324451205830796e-05,2.049407623882959e-06,4.047703952062985e-06,0.00011697909012498842,5.389995754317132e-08,0.05315444565067937,0.018720688166697627
15,0.9671538738862506,8.012552036967382e-05,0.00014474131343512975,9.402839458565281e-05,1.295555395391004e-08,9.321805780250776e-12,0.0005034051339495891,0.012303893548867264,4.156254459057993e-07,5.111163362705218e-06,2.3406021547566558e-08,0.00048537196003978244,1.5374193641193355e-06,5.503586831854178e-07,4.032794929144001e-09,2.5858972575570777e-08,0.000926839026076551,0.0006074127324488833,1.1749463065229132e-05,7.138194944512036e-07,1.4884937648275284e-06,4.7094078964023756e-05,2.7856673759950483e-08,0.0070836273874065395,0.010547926555087433
16,0.9699065806174616,6.930457379895786e-05,0.00017098697671075224,6.872397581817469e-05,1.3011427551138078e-08,7.375042795239394e-12,0.00043512560935938345,0.010960118834691392,4.650149620246998e-07,3.5286764328234683e-06,2.085478770465464e-08,0.00046942187633688037,1.6532974627124013e-06,4.6137146434551874e-07,4.125119386089912e-09,1.9886470442305975e-08,0.0009239659843325654,0.0004367105853007492,1.0612691032515772e-05,6.012487344280108e-07,9.44732827860583e-07,4.1647643663601297e-05,2.0640232084119837e-08,0.007385625371919647,0.009113442392277505
17,0.9673156139912894,8.24148576958945e-05,0.00013389581812860716,6.210754577948708e-05,1.024677444387165e-08,7.822123388484036e-12,0.0005018252387548161,0.012905404934731407,5.496916815474292e-07,5.072280280664125e-06,2.1402733448380574e-08,0.00036247468946558006,1.3718325051155256e-06,3.245835807037569e-07,4.702638364915679e-09,2.2566831798121733e-08,0.0009313195660095688,0.00047100084029295887,1.3107388515227419e-05,6.211818202757317e-07,1.1730541101883903e-06,4.7249642390452025e-05,1.7929344818744328e-08,0.007919087458663977,0.009245308548158816
18,0.969438236271813,7.197136020771284e-05,0.00012283086672308153,7.725542336395261e-05,1.0550237079916609e-08,7.048268215344666e-12,0.0004211061722421688,0.010632732414834473,3.061736563078537e-07,4.21427044130558e-06,1.926171913245062e-08,0.0005038064225805827,1.322137409121287e-06,4.672791666095708e-07,3.423745313601654e-09,2.06136472197143e-08,0.0009985134276116186,0.0006205476420649498,9.404500379676975e-06,5.691285217649353e-07,1.3485190094650068e-06,4.768088181706567e-05,2.524455330620792e-08,0.006931158302038508,0.010116449705168376
19,0.9671603164082665,8.009641197045624e-05,0.00014462938230301058,9.398511723122785e-05,1.294611779456544e-08,9.320552532247474e-12,0.0005033716098592533,0.012301319875545473,4.154244496395339e-07,5.110192282141174e-06,2.3399417592210673e-08,0.000485177898770732,1.5363662114825923e-06,5.499996672191225e-07,4.032357026085673e-09,2.586192253548891e-08,0.000926606804514048,0.0006074127723265132,1.1748044438756663e-05,7.136719004708231e-07,1.4884599485197047e-06,4.708852312656061e-05,2.7856443703643928e-08,0.007081891449660739,0.01054644748194806
20,0.956222972642168,0.00010651852297323038,0.00014759803066435488,0.00010912728303569404,1.7860222231831816e-08,9.746489663491398e-12,0.0004727485406040063,0.01909059553494601,4.796139468508982e-07,7.04848038190688e-06,2.3623509716190778e-08,0.00056285254485502,1.6959888627752757e-06,6.18675106566143e-07,5.752903097385501e-09,2.8286804988888146e-08,0.0015264743433340455,0.0006869492936800077,1.5159715749399692e-05,7.840258318586663e-07,1.9924217490654216e-06,8.537362407615018e-05,3.6480202308723595e-08,0.008978885915706697,0.011982012788939313
21,0.9751957024141928,6.0570782635574415e-05,0.00012898978201563108,8.619280893536446e-05,1.0532646897915833e-08,9.372038374750303e-12,0.000511597078828943,0.0081014287659854,2.7878499007248686e-07,3.9480716170733075e-06,2.1365192157406463e-08,0.0005178088069538208,1.4864750858119453e-06,6.237759884701404e-07,3.040348871257824e-09,2.782098011950038e-08,0.0006679918718921827,0.0005708546771557127,8.748986447427467e-06,6.540305318320569e-07,1.2895085242022472e-06,3.3430198651050386e-05,2.965907883262746e-08,0.00538438410360772,0.00872392664834189
22,0.9493252674979914,0.00016631324010591108,0.0002017147711813691,0.00012154937396056973,1.8264415458327474e-08,9.159962911870551e-12,0.0007253197656689256,0.015510848020562358,9.706541945512951e-07,1.0377830432603309e-05,1.5433695991470292e-08,0.000358250762516969,3.243737597784275e-06,6.439129777855454e-07,6.8703265370618186e-09,2.9214910184106345e-08,0.0008333003304636621,0.000382973905415388,1.7630874661862197e-05,7.948383529670354e-07,1.0836356876893665e-06,4.7202609051372656e-05,2.4833802253022842e-08,0.011952238800550866,0.02034018081231558
23,0.9671538738862506,8.012552036967382e-05,0.00014474131343512975,9.402839458565281e-05,1.295555395391004e-08,9.321805780250776e-12,0.0005034051339495891,0.012303893548867264,4.156254459057993e-07,5.111163362705218e-06,2.3406021547566558e-08,0.00048537196003978244,1.5374193641193355e-06,5.503586831854178e-07,4.032794929144001e-09,2.5858972575570777e-08,0.000926839026076551,0.0006074127324488833,1.1749463065229132e-05,7.138194944512036e-07,1.4884937648275284e-06,4.7094078964023756e-05,2.7856673759950483e-08,0.0070836273874065395,0.010547926555087433
24,0.9602580169133906,0.00012582274544260615,0.00018604306248285179,0.00017919905819947646,2.0348277682737616e-08,1.292929305607046e-11,0.0006178190821711629,0.014283541999608124,4.743005492012191e-07,7.733697747330595e-06,2.9763158768378137e-08,0.0005461367214989295,2.450852967108063e-06,1.0088093043855275e-06,4.113046056001833e-09,2.9924468648715814e-08,0.0009724225718607658,0.00084801656433843,1.3724393073100964e-05,9.858171014936462e-07,1.973807168607221e-06,5.043155982194445e-05,4.092261111068975e-08,0.008157248584083305,0.013746824374699021
25,0.9658319060212286,6.15892254466938e-05,0.0001442344591042881,0.00011223802138922807,1.1246273837574115e-08,6.810948157753806e-12,0.0005306170575241099,0.01595727117358946,3.1694984118196305e-07,3.7808762180396848e-06,3.106973426717041e-08,0.0005999829366536787,1.5603802526521242e-06,4.820693460972218e-07,2.8108384231657085e-09,2.0675926970008892e-08,0.001052838072990072,0.0006891522390045157,1.0801413680539828e-05,8.791519469254287e-07,1.5224756052312804e-06,4.006189999484448e-05,2.7747180095010496e-08,0.007026804610567731,0.007933867408851642
26,0.9693344916689254,6.161991821404719e-05,0.00013721517169471546,5.941462924975053e-05,9.320546887909098e-09,5.034930239955004e-12,0.0003685454583876093,0.010529434834705292,2.887745518211156e-07,3.049490289555856e-06,1.9418424035169402e-08,0.0004268930490783212,1.489132080646072e-06,2.664056706597964e-07,2.678935539213483e-09,1.2604529521963528e-08,0.0011272568780729309,0.0006384473996474219,5.9012106355495e-06,5.080292985808565e-07,8.903123724545781e-07,3.628415361407805e-05,1.7748334274714525e-08,0.010412777562777326,0.006855164144928668
27,0.9640459610788747,8.015231644359447e-05,0.00013815810611726828,8.676067131164763e-05,1.2283557049016199e-08,9.958956687006678e-12,0.0004843985011642171,0.014298915085783348,5.246981025866236e-07,5.755745877107006e-06,2.141694607562346e-08,0.0004396118793034321,1.3124770303385663e-06,4.772943619178903e-07,4.780666804970003e-09,2.7787449705470707e-08,0.0009439547760572303,0.0005744126292092267,1.3380265466914898e-05,7.479867877976356e-07,1.5346050445108837e-06,5.686330509387351e-05,2.5876252194131895e-08,0.006937653248791291,0.011889333174347984
28,0.9671538738862506,8.012552036967382e-05,0.00014474131343512975,9.402839458565281e-05,1.295555395391004e-08,9.321805780250776e-12,0.0005034051339495891,0.012303893548867264,4.156254459057993e-07,5.111163362705218e-06,2.3406021547566558e-08,0.00048537196003978244,1.5374193641193355e-06,5.503586831854178e-07,4.032794929144001e-09,2.5858972575570777e-08,0.000926839026076551,0.0006074127324488833,1.1749463065229132e-05,7.138194944512036e-07,1.4884937648275284e-06,4.7094078964023756e-05,2.7856673759950483e-08,0.0070836273874065395,0.010547926555087433
29,0.9671538738862506,8.012552036967382e-05,0.00014474131343512975,9.402839458565281e-05,1.295555395391004e-08,9.321805780250776e-12,0.0005034051339495891,0.012303893548867264,4.156254459057993e-07,5.111163362705218e-06,2.3406021547566558e-08,0.00048537196003978244,1.5374193641193355e-06,5.503586831854178e-07,4.032794929144001e-09,2.5858972575570777e-08,0.000926839026076551,0.0006074127324488833,1.1749463065229132e-05,7.138194944512036e-07,1.4884937648275284e-06,4.7094078964023756e-05,2.7856673759950483e-08,0.0070836273874065395,0.010547926555087433
30,0.9671538738862506,8.012552036967382e-05,0.00014474131343512975,9.402839458565281e-05,1.295555395391004e-08,9.321805780250776e-12,0.0005034051339495891,0.012303893548867264,4.156254459057993e-07,5.111163362705218e-06,2.3406021547566558e-08,0.00048537196003978244,1.5374193641193355e-06,5.503586831854178e-07,4.032794929144001e-09,2.5858972575570777e-08,0.000926839026076551,0.0006074127324488833,1.1749463065229132e-05,7.138194944512036e-07,1.4884937648275284e-06,4.7094078964023756e-05,2.7856673759950483e-08,0.0070836273874065395,0.010547926555087433
31,0.9589870514772285,9.624004609040856e-05,0.00019334872068222313,0.00011717095145348957,1.5560497356483872e-08,6.268063734507481e-12,0.0004510788078179491,0.016355781149638798,3.923946525299434e-07,5.6844210681341445e-06,1.8528438467694542e-08,0.0005015017691069274,2.100743755585662e-06,5.564686520797023e-07,2.8055324916433097e-09,1.9937499394446914e-08,0.001101024516038445,0.0006827565123467065,1.0199118281809872e-05,7.893303171752465e-07,1.3252762314003665e-06,4.3694905378134015e-05,2.3370794638838064e-08,0.010480901627878198,0.010968321554351077
32,0.9672794769192434,7.857255742693156e-05,0.0001407858057381481,8.965221542706758e-05,1.2760753492348536e-08,9.726706330453305e-12,0.0005006311103074385,0.012544687939039175,4.4005934838946496e-07,5.24693028190565e-06,2.3070405417824516e-08,0.000483740608864286,1.4551011115498876e-06,5.443972188495695e-07,4.3208167060893634e-09,2.7852679788242797e-08,0.0009274024355295634,0.0005839916960573445,1.2889409629078548e-05,7.197748992056054e-07,1.545535551023008e-06,5.02262185319989e-05,2.7561605204627737e-08,0.0066577633245480895,0.0106401323852593
33,0.9619652724442393,6.13830843464045e-05,0.00018647944015707485,0.00011292498361650009,1.1565526708336428e-08,1.2352706871186585e-11,0.000674246823487719,0.012770998875314254,7.02484976052449e-07,5.98092339705469e-06,2.8594063964351168e-08,0.0004669304021276121,1.1541742918054967e-06,5.002135451332225e-07,4.5320024504267065e-09,3.372995489167538e-08,0.0005993251830097721,0.0005460659730262348,1.3352282657662311e-05,8.16231590573456e-07,1.9546110886545632e-06,2.9777238491566945e-05,2.3591275579231756e-08,0.006385471002481614,0.016176561602978597
34,0.8954460994573487,0.00023646564265049626,0.0002307112569404579,0.0008913436801469411,6.27263613555869e-08,8.694752976084696e-12,0.0005862670922671938,0.03837966271811381,7.952858040196002e-08,1.0730898174601992e-05,6.573866963013873e-08,0.0019730887734366394,5.180644535238811e-06,2.113377817360759e-06,2.785324810261362e-09,2.5294927903324404e-08,0.00788202762608715,0.004680952089022427,7.368308372864364e-06,1.9315963399364337e-06,6.545514767320197e-06,0.00012699231598097333,3.1828549573279456e-07,0.033512548025082474,0.01601941661486091
35,0.9491402659064959,0.0007445384257579296,0.006303894497521811,0.0005167870686432722,3.350921797297543e-06,3.915492461832157e-10,0.004876322251254837,0.002657435332014234,6.02159464742949e-07,7.3465897514782135e-06,3.85572604093134e-07,0.0033104339841871456,8.53583181812497e-05,0.0002685048117095632,2.018216603046211e-07,1.1576985003306097e-06,0.0014356317899457615,0.00017225722780903567,3.466744029530576e-05,1.786322454240911e-06,4.254557525632413e-06,6.206774782933524e-05,2.7092713793026526e-06,0.02301632370371727,0.007353716187950657
36,0.9670137777552029,9.217704868155787e-05,0.00013184750695841835,0.0001138213624643299,1.1966857457408164e-08,1.3662180997998029e-11,0.000654479289219475,0.012065806721354388,4.34011877952472e-07,6.095042253827798e-06,3.219539324961144e-08,0.0003754325533336873,1.4785568644518209e-06,5.575821572468747e-07,4.006702892934817e-09,2.904057321535912e-08,0.0007301092995990476,0.0008680241639700393,1.073778801113159e-05,9.066494401242469e-07,1.7188920761853471e-06,4.4832030180996686e-05,3.5012827746404287e-08,0.007542023124554075,0.010345628385783486
37,0.6129759960597432,0.0006178638633157765,0.00038801902965636013,0.001074415075397641,1.5098313688617422e-07,9.936060193221647e-11,0.0015265128216647795,0.2502951660001297,1.1573690562073113e-05,0.0002359867951775947,7.930157348631554e-08,0.0006412218274209369,5.601329689485989e-06,1.3853418425147386e-06,7.628268770155207e-08,2.6915596268521236e-07,0.005327004903872105,0.0012866585513820843,0.00018344084665266594,5.820032996911619e-06,2.2060248997954985e-05,0.00039653124591428117,2.0504717797001753e-07,0.033793871612208926,0.09121008985347566
38,0.9637739260095625,8.819438198543896e-05,0.00015927420252601987,0.00010641815649753609,1.4582058901948154e-08,9.045619391529822e-12,0.0004929764450470392,0.013840609626220397,4.4640692069564903e-07,5.55031142102844e-06,2.3762124462689687e-08,0.0005146951770292495,1.695829481352969e-06,5.829008461639661e-07,4.0489253257052345e-09,2.4690420078874685e-08,0.0010326215885176286,0.0006392681430779862,1.2236904332001286e-05,7.505380938736693e-07,1.5685270616133644e-06,4.96859404360531e-05,2.8029273990063096e-08,0.007782816073901177,0.011496587715193716
39,0.9605009377265006,4.6676477986205126e-05,0.00015407998471925397,0.00012398348700614899,1.429871889192589e-08,1.1253768835111931e-11,0.0004794196247180581,0.018925519718484878,4.5440961732274723e-07,5.674329008352517e-06,2.411244448851829e-08,0.0006704785163571273,1.032363385459445e-06,5.80515305759497e-07,3.904368103345247e-09,4.5188356238372305e-08,0.0009351847256851068,0.0005663274285980823,1.7322302565799646e-05,9.470141137835664e-07,2.504685883476161e-06,4.292719547434769e-05,3.361350298187493e-08,0.0051210617751174005,0.012404766590828545
40,0.9839519393299475,5.134474583480754e-05,0.00011515501643897871,3.639402553275806e-05,7.459092710151899e-09,6.3362586210594815e-12,0.00030658925663361704,0.004629331681611804,2.4930087538440636e-07,1.6623810619301404e-06,1.6883942558391286e-08,0.0004567014317585946,8.729399256244679e-07,5.383705593773859e-07,2.973227443048537e-09,1.382075399980805e-08,0.000554813069701703,0.0003536372350052861,7.330820914970328e-06,3.453511323261158e-07,7.273686834399633e-07,4.073491373159699e-05,1.4704782542779624e-08,0.0030269713376131382,0.0064646055749014554
41,0.9589164423076478,0.00011361785240435262,0.00023771764768319812,0.00012243400182861055,2.268366387308374e-08,1.4168750313981495e-11,0.0005888998170966345,0.014403451642806191,8.104165387246841e-07,8.092880000725913e-06,2.410865415837394e-08,0.00044214954677375206,2.0719952364362773e-06,8.004783543366392e-07,6.2194701109973185e-09,3.6002817287213096e-08,0.0008530212714273489,0.0005192287138522887,1.5485506590295813e-05,8.248902314502574e-07,1.7011222584889857e-06,4.939052204296533e-05,2.903403749853335e-08,0.008963615138180192,0.01476012618623465
42,0.9564394614515261,6.8552348789344e-05,0.00011683895859176769,8.072271306195115e-05,1.1188767784431116e-08,8.396679617024502e-12,0.00048049446109272085,0.023567335005998037,4.889707804946125e-07,6.257176752115438e-06,2.0311155406060358e-08,0.000493651101663634,9.284613939626109e-07,3.961899338554614e-07,5.826373646945069e-09,4.114583506720265e-08,0.0013670677868865115,0.0004831269884796316,2.1494459019881158e-05,9.365913785222858e-07,2.105425275320074e-06,9.047646329150555e-05,2.9483345262185355e-08,0.006068859413883122,0.010710698068327619
43,0.9363051644494318,0.00012786336741945324,0.00014259332558736972,0.0001661661585391988,2.579597306543314e-08,2.2087687299597277e-11,0.0006076112952984578,0.031069518511307095,8.923120244981662e-07,1.8722303318186792e-05,2.96425168023821e-08,0.0004984701104345786,1.4068844616331047e-06,6.611167509482721e-07,9.673510355003399e-09,6.797325941879118e-08,0.0016368701806766441,0.0008773756782669732,2.93539822897963e-05,1.0710375109103075e-06,4.737428688537099e-06,0.00011035632667970019,5.4347162492937794e-08,0.009923800069742523,0.018477178007061935
44,0.9671538738862506,8.012552036967382e-05,0.00014474131343512975,9.402839458565281e-05,1.295555395391004e-08,9.321805780250776e-12,0.0005034051339495891,0.012303893548867264,4.156254459057993e-07,5.111163362705218e-06,2.3406021547566558e-08,0.00048537196003978244,1.5374193641193355e-06,5.503586831854178e-07,4.032794929144001e-09,2.5858972575570777e-08,0.000926839026076551,0.0006074127324488833,1.1749463065229132e-05,7.138194944512036e-07,1.4884937648275284e-06,4.7094078964023756e-05,2.7856673759950483e-08,0.0070836273874065395,0.010547926555087433
45,0.9669188881065672,7.608167846559815e-05,0.0001525328236817757,8.403363258655085e-05,1.3244677712184755e-08,8.633771430296388e-12,0.000533978797771466,0.013304986330102204,4.6116866367237816e-07,4.879875844161462e-06,2.2531182218671766e-08,0.0004574858358844187,1.6746547499255306e-06,5.015340185520821e-07,4.356343588279091e-09,2.611434882579086e-08,0.0009324290563694667,0.0005017454435942291,1.2340769889729634e-05,7.077187828402376e-07,1.263367855122469e-06,4.600411102038492e-05,2.5671108941420644e-08,0.0076949991044584455,0.009274914063398998
46,0.9609775565475898,6.133592244512463e-05,0.00011544019449332609,7.443911818432189e-05,1.2646270185548456e-08,4.204564713775174e-12,0.00025540020368890605,0.017003542105964053,2.233615297013012e-07,3.1934601800241463e-06,2.073821552583428e-08,0.0007371888097541941,1.438640770221804e-06,2.871579624584195e-07,3.3397385211364675e-09,1.4148999579206623e-08,0.002597018679070151,0.0006601104126685903,8.854316176819235e-06,5.590236755004552e-07,1.4596607602026845e-06,6.157435022953548e-05,2.4815123142946538e-08,0.009741768069774063,0.007698534272531575
47,0.9319359913590626,0.00017492630328681008,0.0003063928547569331,0.0003179646143329009,4.136985006986912e-08,2.131095980902855e-11,0.0009336839591614677,0.02884349930616145,1.1211229211372733e-06,1.5793741910526774e-05,4.439535770883777e-08,0.0005662412018590977,3.6478834412657835e-06,1.302664002431519e-06,7.4456286158201394e-09,4.836879773425589e-08,0.0012448645469067946,0.0009255761052584353,2.4376988954300733e-05,1.4833309121217332e-06,3.161071851554524e-06,5.926206900334733e-05,5.820966347491226e-08,0.013988787179379732,0.020651723886228584
48,0.9781913212910667,2.2622760501994947e-05,0.0004633861246653699,0.00010018096198817845,1.2630761292858808e-08,3.065938859619367e-11,0.0004814250945092746,0.002166800249271167,6.120129917493458e-07,1.5591676732560923e-06,4.803840579439178e-08,0.0006559979839326679,9.424071652581691e-07,1.1424834679544072e-06,2.265633791448407e-09,2.7045177385132532e-08,0.00011811699110897505,0.0005456020989196897,3.0032791401725294e-06,6.500653579432327e-07,1.004471870185371e-06,6.300873618548348e-06,1.912131084421995e-08,0.0025940668261707927,0.014645155724631546
49,0.9706671104991399,6.423991212145758e-05,0.00016252468136376466,8.612599258221006e-05,1.2892817267257355e-08,8.851534467033309e-12,0.00041940222716241137,0.011299620754037806,3.8702581215952277e-07,3.85771480584255e-06,2.3978779148423097e-08,0.0006193072280326462,1.4808021991006725e-06,5.894243880157718e-07,3.564227652088775e-09,2.2573590230974482e-08,0.00098290919284698,0.0005870958378053272,1.0428821448061398e-05,7.10470294195061e-07,1.3820570012891445e-06,4.8083513397996066e-05,2.5072062342525203e-08,0.00580720315408136,0.009237452601151504
50,0.9661449448252476,8.986193770847608e-05,0.00015092335400658074,9.81609793848025e-05,1.316832303267688e-08,1.1119061265196935e-11,0.0006627173948175331,0.01312652472709828,5.49903420936279e-07,7.018885355063271e-06,2.112768787878449e-08,0.0003947993991832088,1.6248127688177722e-06,6.413574553576952e-07,4.500478760446876e-09,3.564418104029063e-08,0.000728807521167987,0.0005214486911568438,1.5524470700416814e-05,7.928297038870045e-07,1.463417120766945e-06,4.973142021927556e-05,2.7952356928825055e-08,0.006688598972163073,0.011315762697174311
51,0.9720198642201489,6.0107782250787284e-05,0.00013041937816408062,5.04190863345326e-05,1.2732918410615557e-08,9.56762194732743e-12,0.000376940063019555,0.008517751720905171,3.9877557549803485e-07,3.800036880021909e-06,1.636062209154103e-08,0.0004514991261732333,1.1952803308171143e-06,4.154500497685043e-07,6.016486695960082e-09,3.661354419120469e-08,0.000898046454574968,0.0003191822132811786,1.200515184586034e-05,5.261828578508656e-07,1.0723562348994795e-06,4.2137315288789224e-05,2.634360094966818e-08,0.006242945757024431,0.010871175572319433
52,0.9733393727842634,7.146960821794082e-05,0.00011280271332694816,8.333712985288079e-05,9.900781310302467e-09,1.2246560299938533e-11,0.0005229651671081291,0.00934101828424441,3.701686043567995e-07,4.654375419727403e-06,2.6100684943941843e-08,0.0003985571879009749,1.4419612127632267e-06,4.893910129205766e-07,3.4730069004044037e-09,2.4272775055502952e-08,0.0007197514515346824,0.0008097252619959178,8.61372842149001e-06,7.38249908330381e-07,1.295793825524289e-06,4.3879039095875854e-05,2.9717187663301294e-08,0.006284559201413975,0.0082548650259575
53,0.9710767044131751,6.37729365245638e-05,0.00012327744363623417,7.670013526368832e-05,6.605981085019493e-09,1.3276200464354108e-11,0.0010234835372174686,0.010584213568635873,4.830699620342987e-07,5.227808300054347e-06,2.97612516462108e-08,0.0003286318813932926,1.349250399994961e-06,4.0716002565613114e-07,4.690570656924878e-09,4.233767709443204e-08,0.000539162325026329,0.0006106613439019018,1.0514733582799086e-05,1.1909139558351641e-06,1.2327104038445958e-06,4.162444764171317e-05,3.279950409388188e-08,0.00658496355818156,0.008926282554511415
54,0.9729290265971197,8.21987624127745e-05,0.00012987665992934057,7.176863358554902e-05,8.638317013634371e-09,1.1078166239134842e-11,0.0006407251913500676,0.00700427866888372,4.1949852021416254e-07,5.381104549271736e-06,1.6431144151245117e-08,0.00038764633814638883,1.269299935908407e-06,6.899963345582109e-07,4.378470171417966e-09,3.611560895709743e-08,0.0004693308208697818,0.0004318850983613364,1.0966673210945572e-05,6.627348000911324e-07,1.2094838377416455e-06,4.1915316207459604e-05,2.5684346738434067e-08,0.004630813894032638,0.013159843968947614
55,0.9762693205464907,5.533043034600148e-05,0.00012023321767951891,5.9616068606463785e-05,6.63639614552954e-09,5.864711406271056e-12,0.0003858803937748017,0.007393015184656858,3.298316021233766e-07,2.7091562377034513e-06,1.930292316691307e-08,0.0004457242920891147,1.306792967197609e-06,3.302304886665773e-07,2.283593677893325e-09,1.2430272564865912e-08,0.0006502452850685177,0.0005852920317278427,6.349543914147925e-06,5.217580457864268e-07,8.183190854627681e-07,2.863671746760845e-05,1.431609583474766e-08,0.005619447670677969,0.008374837553927584
56,0.9672046052558116,8.541718708597667e-05,0.00015305388985573364,9.600948792788079e-05,1.3839344188982771e-08,9.704141769346896e-12,0.0005142486486079709,0.012203844471198566,4.338433664455762e-07,5.168826370611491e-06,2.4681363126354662e-08,0.000497279626371405,1.7736540064187977e-06,5.796742527553124e-07,4.136090103252742e-09,2.5499963362058544e-08,0.0009542562710879674,0.0006195898043935741,1.1664758693790639e-05,7.464113179002613e-07,1.4357691921532705e-06,4.734584729335308e-05,2.8304651790643104e-08,0.007449753995216518,0.010152696106832717
57,0.9628143081916938,7.412092045889526e-05,0.0001894767221742807,8.812584953912614e-05,1.9162401351707587e-08,7.994796572579174e-12,0.0003397149367752312,0.01559851171073021,4.930335085972253e-07,5.4014883339531355e-06,1.9664068142515767e-08,0.0007924100795384322,1.58613786112142e-06,6.392081412965311e-07,4.580050961154803e-09,2.749468334486524e-08,0.0015172744719253739,0.00047596779719593865,1.64891388236374e-05,6.157049944547175e-07,1.8291435384282674e-06,6.353239353509824e-05,2.3565039561242372e-08,0.006466997675760136,0.01155241092123367
58,0.9650611778920827,8.545555350162867e-05,0.00015084646341347643,9.183706100524671e-05,1.3608689251442463e-08,8.541501581290948e-12,0.0005011138311207583,0.013190758434025424,4.0983545416920684e-07,5.162227072103361e-06,2.3806783382194954e-08,0.0004941861609381946,1.6859070968896062e-06,5.103520671508677e-07,4.153500037614729e-09,2.403092446837516e-08,0.0010721773614051616,0.0006336462604966034,1.1235508327397885e-05,7.044577364209145e-07,1.4808314463568611e-06,4.939262782842342e-05,2.8029740811455764e-08,0.008528472985397814,0.010119652611404628
59,0.9655052204510932,7.909570210563854e-05,0.00016005021270694644,8.75049435144261e-05,1.3249187495803974e-08,7.923472071361747e-12,0.00048616997076614813,0.012730302987613627,3.8604295995760184e-07,4.7866839749106205e-06,2.2844767028907705e-08,0.000490405724179417,1.6309251507624259e-06,4.800023522397352e-07,3.793674292551437e-09,2.2959662923764954e-08,0.0010419689188584894,0.00063299599108851,1.0006239917788893e-05,6.840678547812207e-07,1.4062666451672301e-06,4.512464764735579e-05,2.6039695731509223e-08,0.008993062905061624,0.009728628421598341
60,0.9671538738862506,8.012552036967382e-05,0.00014474131343512975,9.402839458565281e-05,1.295555395391004e-08,9.321805780250776e-12,0.0005034051339495891,0.012303893548867264,4.156254459057993e-07,5.111163362705218e-06,2.3406021547566558e-08,0.00048537196003978244,1.5374193641193355e-06,5.503586831854178e-07,4.032794929144001e-09,2.5858972575570777e-08,0.000926839026076551,0.0006074127324488833,1.1749463065229132e-05,7.138194944512036e-07,1.4884937648275284e-06,4.7094078964023756e-05,2.7856673759950483e-08,0.0070836273874065395,0.010547926555087433
61,0.9667916385351726,7.898963732090284e-05,0.00016591445285294747,8.653342684160791e-05,1.3195110814931774e-08,8.172450671094137e-12,0.00048148041216924394,0.012134333307916677,4.054027771950711e-07,4.5795995509525584e-06,2.3813232188653832e-08,0.0005079320845982478,1.6188369342884164e-06,5.043879056606482e-07,3.861860638473839e-09,2.2902313541749627e-08,0.0010045574889883157,0.0006047703364111148,1.032365066048413e-05,6.930025355704196e-07,1.3934580825768212e-06,4.483475365719951e-05,2.499949795309247e-08,0.008201660140746218,0.00987774830469075
62,0.9671538738862506,8.012552036967382e-05,0.00014474131343512975,9.402839458565281e-05,1.295555395391004e-08,9.321805780250776e-12,0.0005034051339495891,0.012303893548867264,4.156254459057993e-07,5.111163362705218e-06,2.3406021547566558e-08,0.00048537196003978244,1.5374193641193355e-06,5.503586831854178e-07,4.032794929144001e-09,2.5858972575570777e-08,0.000926839026076551,0.0006074127324488833,1.1749463065229132e-05,7.138194944512036e-07,1.4884937648275284e-06,4.7094078964023756e-05,2.7856673759950483e-08,0.0070836273874065395,0.010547926555087433
63,0.9669743909344138,8.93334790688555e-05,0.00014256116677560605,9.179983279531938e-05,1.274309505539088e-08,9.334702995423603e-12,0.0005096876336766494,0.012107707565188267,4.2683394788545266e-07,5.188788085173338e-06,2.4321262822295182e-08,0.0004622659669981657,1.6279302328104785e-06,5.330360379567797e-07,4.1876729710588355e-09,2.4310704814574982e-08,0.0009446811488114273,0.0006326390808622182,1.1543160299943937e-05,7.216931157236762e-07,1.4526421222158344e-06,4.8890869696473774e-05,2.729949741023518e-08,0.007509614057293496,0.010464841309010531
64,0.9655289634586268,7.783025888017284e-05,0.00013868740614328672,9.812189403015413e-05,1.348928836625155e-08,9.881812058618378e-12,0.0004887364541593624,0.013180278518498104,3.972444379023044e-07,5.3882415824236755e-06,2.5866268050888506e-08,0.0005375264233230005,1.3680814478936867e-06,5.427238338724762e-07,4.369913256702648e-09,2.8129549165807728e-08,0.001029720793684523,0.0006664966178602839,1.2504643578603012e-05,7.04944908755856e-07,1.960700408988298e-06,4.94272360575288e-05,3.056151590964631e-08,0.007121039920832826,0.011060202011288866
65,0.9683471212059582,5.777106060688246e-05,0.00014230029277033864,0.00016322494365980664,2.3321001018688695e-08,2.13630612077539e-11,0.0003789076745691011,0.01006867598530655,2.8609926897825814e-07,5.816577969366622e-06,3.2578339225818396e-08,0.0010416625306958523,1.2243239459182002e-06,1.2682596944875292e-06,3.750391751845626e-09,4.3791578224275766e-08,0.0009582177036403319,0.001051263280976822,1.3494040454731943e-05,7.40141947097124e-07,3.4980921029146185e-06,5.111291535975598e-05,5.703078701056456e-08,0.003943973440836847,0.01376928093677574
66,0.966877205090937,8.240121215728406e-05,0.00013085757193204506,8.165454706251345e-05,1.273243382015215e-08,7.478798132781789e-12,0.00040727504511501233,0.011296936198811048,3.087989182995873e-07,4.091342123339689e-06,2.344611956082423e-08,0.0004966876860110648,1.3801446290527514e-06,4.493254152096734e-07,4.040692964453683e-09,1.866375445996929e-08,0.0011733970327039965,0.0006909681560271023,8.787881175989737e-06,5.547843450436839e-07,1.485139328775899e-06,4.93857188254897e-05,2.856654833119426e-08,0.008737906164998333,0.009958180702455435
67,0.9715443515542516,5.988047043349146e-05,0.00016054951284400653,0.00010670753955569385,1.250946205624602e-08,1.3072162352360012e-11,0.0005893515465541428,0.008941413261857068,3.179672739209702e-07,4.044904374153872e-06,2.6058861462296303e-08,0.0006387786689026676,1.6451884678649582e-06,8.293536916748433e-07,4.0676253935422755e-09,4.022895385758591e-08,0.0007475847576496249,0.0006316868375568685,1.0046231128469276e-05,1.0034493626985783e-06,1.5094904394534244e-06,4.0374626098954105e-05,4.5323554824234373e-08,0.005330010285110068,0.011189786152918308
68,0.966710068453193,8.310565374314222e-05,0.00015367964210264389,9.568042845602473e-05,1.393392174212859e-08,9.373408428969552e-12,0.000520043174786592,0.012586709705963725,4.402822151325646e-07,5.324038049795534e-06,2.2908247808769354e-08,0.00048142204209324215,1.620900011321329e-06,5.892076221996625e-07,4.176504701065002e-09,2.6930771806298674e-08,0.0009154330873228203,0.0005680867326198438,1.2491698271421702e-05,7.109696606173375e-07,1.4643070639853208e-06,4.7285035403255426e-05,2.7606603735557462e-08,0.007191489923456727,0.010624259152541723
69,0.963842324352444,8.061022611066048e-05,0.00015404383253324254,0.0001047400542400467,1.2596315109348542e-08,9.159363779294039e-12,0.0005338597861593276,0.01358120866567581,4.2931196959405424e-07,5.6022678419970936e-06,2.3170854882982828e-08,0.0004890994605795175,1.5861152191142503e-06,5.257396309889158e-07,3.91499564065981e-09,2.791099251168454e-08,0.0009474280205349117,0.0006448330742902716,1.1784211672556191e-05,8.347751236976758e-07,1.575112697525508e-06,4.540466971373247e-05,2.843542653557529e-08,0.00774714260797973,0.011806871677839061
70,0.9442606889572069,0.00010465669998810404,9.543773673411497e-05,9.280406577511904e-05,1.2278649537271267e-08,7.453809179963022e-12,0.0005501116558445945,0.02856235829957981,5.226500273906687e-07,8.520581370195232e-06,2.6418955890549892e-08,0.0003458727758696744,1.4696975433501672e-06,2.3450208832786736e-07,5.3189988861717545e-09,2.3767946011626365e-08,0.0016955346715608439,0.0007810505161512397,1.715243479946259e-05,7.521107159345063e-07,1.946434264889023e-06,6.7463878197583e-05,2.812344812583179e-08,0.013982630867073033,0.009430695549757027
71,0.9433154042767739,0.0002576743722721111,0.0002946034546008113,0.00014253653006451254,5.163424136834047e-08,1.9151732732630916e-11,0.0004372593387509175,0.017202888472132447,1.417180926753603e-06,1.5466258368185506e-05,2.541386722723979e-08,0.0005183145193755816,2.742989829533791e-06,1.2214433571997373e-06,1.0410921064421499e-08,2.938441309734127e-08,0.0014164778786312834,0.0006063563495739983,2.4298128959418848e-05,5.528159855508021e-07,2.452295332131942e-06,9.819603505722944e-05,2.9095118073815654e-08,0.01181879941663004,0.023843192285665872
