,0,1,2,3,4,5,6,7,8,9,10,11,12,13,14,15,16,17,18,19,20,21,22,23,24
0,6.788001784221443e-05,1.2350497044031131e-08,0.005062468097307256,0.0393406888493787,0.0007171974975953737,9.529570712167037e-06,1.6275986750611348e-05,3.8903552967402396e-07,7.422854048523556e-05,0.9303483725102433,3.3243879651814057e-05,1.1028791046662736e-09,2.1728386917217378e-06,0.0023696628392963744,4.216739257361281e-07,0.0002917556165682693,2.821036838286049e-07,0.000389551774553863,9.208221212029287e-08,0.0005059658899307475,1.3315891582414343e-05,1.2292528728819055e-06,1.1367165207328056e-07,0.02075411796397387,1.030962183519645e-06
1,4.562319505948227e-05,7.153659137398436e-09,0.0028636830349507846,0.019169769763490916,0.0003678057882220084,9.223590464130569e-06,1.170007501739104e-05,3.501497383703456e-07,6.463134145312393e-05,0.9626388687461737,1.4437827320109266e-05,6.362175552606668e-10,1.3888519223002114e-06,0.0010164818692683748,2.526725054118214e-07,0.00033710590329816877,1.7377868848028562e-07,0.00020651509412543406,9.751101143233064e-08,0.0005316991474285983,8.197531616697625e-06,8.407822913866692e-07,6.945280244523469e-08,0.012710536936689802,5.391665850463085e-07
2,4.368248083658165e-05,6.113872369124817e-09,0.002888294501275642,0.01686879675712233,0.0004093933249840735,8.02881588096527e-06,1.3254571344339221e-05,3.6079956400646054e-07,6.455195484177066e-05,0.9625697415164546,1.3619813870558258e-05,6.030939298350582e-10,1.0740317074815591e-06,0.0014851055279087207,3.378093009964675e-07,0.00022555438950901265,1.4881831891795056e-07,0.0002471498989605711,1.0060121360843934e-07,0.000908028496143277,1.0207635972082294e-05,1.3796887497189398e-06,1.1232468425829416e-07,0.014240046042585604,1.0234818046225312e-06
3,5.177881030891725e-05,8.402705001193393e-09,0.003704175031450804,0.026049684273688083,0.0004480732159773047,1.0735495584209746e-05,1.4526753944631803e-05,3.6318291005595195e-07,6.106753788913112e-05,0.9496404228995026,2.1213761069815288e-05,8.867408574271026e-10,1.6630638178700559e-06,0.0016692824951106196,3.514240679920971e-07,0.0003046339844506162,2.219033781142631e-07,0.00030601566157317626,9.822300343488252e-08,0.0006608429906144043,1.206370379077772e-05,1.1215248492948162e-06,1.0433629600239842e-07,0.01704072252132916,8.279159472271563e-07
4,5.349799954855091e-05,1.077169830370209e-08,0.003907370389889124,0.030378439333992664,0.0005263292517681544,1.1897198412645224e-05,1.59020662522074e-05,3.9058053175248153e-07,6.608899771983127e-05,0.9450923252419892,2.698331375939512e-05,1.2990368083842592e-09,2.40877545756318e-06,0.00215322635851912,3.3875812343549354e-07,0.00033410402048738056,2.8632585884763324e-07,0.0003745430374416596,1.0769683341975279e-07,0.0006915064133082351,1.3778517348554085e-05,1.2581504442954295e-06,1.2148198886346402e-07,0.016348167172686015,9.168469039523569e-07
5,5.281422723258706e-05,5.395165669887588e-09,0.0032309593755178927,0.026645807934158786,0.0003211051986641313,7.885987798073731e-06,1.2593779086128205e-05,3.447688030737725e-07,4.992593724621329e-05,0.9479366238459904,1.8004248763423088e-05,7.77275591679068e-10,1.4099980309481487e-06,0.001513340089479662,2.5714760027780793e-07,0.0002736850666064357,2.1433209325623423e-07,0.00038863055470199343,7.068281910312318e-08,0.0007044437231108454,1.070973090880231e-05,1.0040752518136628e-06,9.379544498207853e-08,0.01882930694134133,7.623869087511336e-07
6,5.177881030891725e-05,8.402705001193393e-09,0.003704175031450804,0.026049684273688083,0.0004480732159773047,1.0735495584209746e-05,1.4526753944631803e-05,3.6318291005595195e-07,6.106753788913112e-05,0.9496404228995026,2.1213761069815288e-05,8.867408574271026e-10,1.6630638178700559e-06,0.0016692824951106196,3.514240679920971e-07,0.0003046339844506162,2.219033781142631e-07,0.00030601566157317626,9.822300343488252e-08,0.0006608429906144043,1.206370379077772e-05,1.1215248492948162e-06,1.0433629600239842e-07,0.01704072252132916,8.279159472271563e-07
7,4.9553747481110426e-05,8.103526877368055e-09,0.0035040595825300822,0.025433630515346403,0.00043935209738106453,1.0707021100146398e-05,1.4474187908072382e-05,3.505768970204265e-07,6.096199366333343e-05,0.9505553929710314,2.0688039589972985e-05,8.642107834249558e-10,1.5699256099977633e-06,0.0016861923160171174,3.568213124639376e-07,0.00030516174005923056,2.1618989557722293e-07,0.00030016895954334925,9.487527506758354e-08,0.0006631074970453409,1.192441839091721e-05,1.1253873111643656e-06,1.0605014046094303e-07,0.016939952707383774,8.434113490452778e-07
8,5.342319210049855e-05,2.6995881522109243e-08,0.005740952776984927,0.03457282943438536,0.0011471554161187104,4.841658295598263e-05,4.340073668710929e-05,1.0139989519004782e-06,5.87141766308578e-05,0.9487724982061474,3.1674041964114206e-05,7.216945636442845e-09,1.2112846247858916e-05,0.002396966090230603,2.894106149570617e-07,0.0012633139386127857,5.739065418209365e-07,0.0006192715721504031,5.629486934141235e-07,0.0015586524417480691,2.7875774419625913e-05,1.475873145648078e-06,1.5159223726454934e-07,0.0036479398051457224,7.010244581150719e-07
9,8.416254366433278e-05,4.854359508597387e-08,0.004002491287533071,0.03301262220334284,0.0018539600529300646,3.670283225806441e-05,9.101354777846863e-05,6.752460408443897e-07,0.0001226520309429017,0.946559456496199,4.245482814249896e-05,5.777056290090238e-09,6.354882025030353e-06,0.003645841746232475,7.371573396292919e-07,0.0009720362677237397,4.4510833675431925e-07,0.0008143297098117288,3.814580476282854e-07,0.001047333261106288,2.5471310429060354e-05,1.7658319233430417e-06,2.443044982975023e-07,0.0076756575063522065,3.1560666904807753e-06
10,5.177881030891725e-05,8.402705001193393e-09,0.003704175031450804,0.026049684273688083,0.0004480732159773047,1.0735495584209746e-05,1.4526753944631803e-05,3.6318291005595195e-07,6.106753788913112e-05,0.9496404228995026,2.1213761069815288e-05,8.867408574271026e-10,1.6630638178700559e-06,0.0016692824951106196,3.514240679920971e-07,0.0003046339844506162,2.219033781142631e-07,0.00030601566157317626,9.822300343488252e-08,0.0006608429906144043,1.206370379077772e-05,1.1215248492948162e-06,1.0433629600239842e-07,0.01704072252132916,8.279159472271563e-07
11,5.458297750681527e-05,9.195897766781216e-09,0.003899837526056243,0.027958183262849233,0.00046034694243101727,1.1290014017206792e-05,1.5107389036260622e-05,4.0937801000855123e-07,6.163552286290784e-05,0.9480393615999732,2.2632598086802227e-05,1.045553175217911e-09,2.003906128346154e-06,0.001729271397987994,3.4054359293035035e-07,0.00033034588389999,2.55327468559946e-07,0.0003310077782028002,1.0877340005948305e-07,0.0006784523229239804,1.2669370644594362e-05,1.165417811757903e-06,1.082958598368508e-07,0.01639005925274727,8.142770512433353e-07
12,4.6966825184620806e-05,5.109625079820884e-09,0.0035328761910136046,0.026678673599300845,0.00023542017502618774,8.068717358481016e-06,1.0499531949320907e-05,4.2198374746026035e-07,5.161867829880697e-05,0.9496729265965438,1.6085439772257933e-05,5.147492823809953e-10,1.3753646581290733e-06,0.0009075481415241689,2.710058855404078e-07,0.00029732435637385617,2.3512861423700142e-07,0.0001894517959959674,8.38220442624408e-08,0.00043174490627582513,8.723480018538308e-06,9.396940569446997e-07,6.414678115023409e-08,0.017908279475115207,3.953200864565509e-07
13,5.3299276511861394e-05,8.849494889512181e-09,0.0037994420523361637,0.027664337141637838,0.00047237858426713887,1.0918580930111764e-05,1.4784535633927906e-05,3.6553465949879656e-07,6.30023486926377e-05,0.9470053985449328,2.3465758978115443e-05,9.452990984882835e-10,1.7859168847176425e-06,0.0017782386284152588,3.633971893456698e-07,0.00031143865662902257,2.3479822386139357e-07,0.000318302997824198,9.957493358904713e-08,0.0006580363397738133,1.253387305636353e-05,1.1396860155751467e-06,1.1099761049162511e-07,0.017809460902497562,8.520775722205115e-07
14,2.894943978575811e-05,5.728461527679387e-10,0.002887206534475159,0.03425495691212762,7.427111469461727e-05,1.5014646224431464e-06,5.466471045222368e-06,5.447180659275401e-07,5.319277853322395e-05,0.9267865721751302,5.245704025423939e-06,6.738924498211833e-11,2.2477956682472286e-07,0.0005346454503423637,2.6713864343036304e-07,0.00010710068525194873,1.5950868346708522e-07,0.00015427399197577473,1.3346976432073461e-08,0.00046648416212563917,3.673135378165421e-06,1.0635979707493867e-06,6.321063692488806e-08,0.03463372719718242,3.9584252491823186e-07
15,5.177881030891725e-05,8.402705001193393e-09,0.003704175031450804,0.026049684273688083,0.0004480732159773047,1.0735495584209746e-05,1.4526753944631803e-05,3.6318291005595195e-07,6.106753788913112e-05,0.9496404228995026,2.1213761069815288e-05,8.867408574271026e-10,1.6630638178700559e-06,0.0016692824951106196,3.514240679920971e-07,0.0003046339844506162,2.219033781142631e-07,0.00030601566157317626,9.822300343488252e-08,0.0006608429906144043,1.206370379077772e-05,1.1215248492948162e-06,1.0433629600239842e-07,0.01704072252132916,8.279159472271563e-07
16,3.307995554185491e-05,4.252424816877268e-09,0.0021994702486883766,0.02038779332171325,0.000249415753993524,6.696047598795064e-06,1.0956170646116054e-05,2.0230545879726572e-07,2.7735273539256412e-05,0.9614543051611982,1.4802205312776856e-05,9.259798039711041e-10,1.0036342407231066e-06,0.001715610526246025,1.9700243543916514e-07,0.00023500264025888584,1.7127542654139965e-07,0.0004217191024333655,5.122725931306232e-08,0.0006185659341195996,1.383828844817514e-05,9.68712366497312e-07,7.173423929315706e-08,0.012607583308290118,7.549921404213653e-07
17,7.00340564359148e-05,8.994262202270983e-09,0.004101138295411207,0.03119888226580863,0.0004617431515380879,8.759394636248109e-06,1.6000289405231512e-05,4.6643890842577016e-07,4.921561225938765e-05,0.9428976214917162,2.703000255082386e-05,2.045999586891053e-09,2.713238345440896e-06,0.0030712800346883945,2.618797717986514e-07,0.000275341331626343,3.568296606813424e-07,0.0008115466567597051,1.103063793112325e-07,0.001073993593984367,1.8852315795297988e-05,1.7768878426500785e-06,1.6902563087141193e-07,0.01591124353983195,1.4523207513815238e-06
18,4.826150899160554e-05,8.322933987584117e-09,0.001996690007965964,0.016692007017018527,0.00030241516424571766,7.966890698214118e-06,1.5040662787507645e-05,2.604472299684031e-07,5.7362077422821664e-05,0.9627576370323793,1.8037831265136037e-05,1.3459202913181275e-09,1.4478757040776834e-06,0.002560795997860224,2.572199559800095e-07,0.00022523066282365836,2.662175650859886e-07,0.0005411849762386985,7.315880208876434e-08,0.0007823341697381827,1.1213358089570109e-05,1.6646669726481424e-06,1.257733670746565e-07,0.013978009273253385,1.7083407704384892e-06
19,5.413896210995939e-05,9.640684304283593e-09,0.004891720871832986,0.03555383451785415,0.0005737333031516068,1.0702949216220211e-05,1.7754393159418412e-05,5.196737954144505e-07,6.596918003382792e-05,0.9395923645398038,2.2902750182462678e-05,1.2348228061901465e-09,2.5301830813497944e-06,0.0019362230337921082,3.258185754363843e-07,0.00032583860528803005,2.8109464600287446e-07,0.00038589456157274947,1.1279706210640454e-07,0.0007698563827261205,1.361530961792168e-05,1.3367719131154484e-06,1.0620532481249588e-07,0.015779382290315072,8.449294382014919e-07
20,3.909023419246211e-05,8.265795416610477e-09,0.004406846060932837,0.032986740571927325,0.0005008269821368542,1.2948247604435595e-05,1.922527272337063e-05,4.6738094451427566e-07,6.486615786526734e-05,0.9382830979868175,2.5820433757704305e-05,7.596572633809567e-10,1.579713073429483e-06,0.0018230595526800958,7.00764393138871e-07,0.000308904730681831,2.3442757467750346e-07,0.00020559320126661926,1.1562426187635993e-07,0.0007213572646032751,1.653473608491813e-05,1.625900589353746e-06,1.4902912919094872e-07,0.020579319154961775,8.875463446974275e-07
21,5.098091174974492e-05,7.259877930260655e-09,0.0027617056912675117,0.01990809264235582,0.00039504076876101945,6.9361303710149795e-06,8.982019002250968e-06,2.1908535319255784e-07,4.8114193167818235e-05,0.9582330722122567,1.940665650022143e-05,9.370810648299823e-10,1.282285446989186e-06,0.0015815816867976267,2.0563577697897094e-07,0.00023228698305433372,1.6928941508950165e-07,0.00034743475960196155,7.181804903275314e-08,0.000551450851834607,1.1710995542828196e-05,8.630931909659063e-07,7.40044946851881e-08,0.015839563756628178,7.463324224445183e-07
22,5.012271862494613e-05,5.212594434765322e-09,0.003361853968032223,0.026214173804341042,0.00027820089264674443,6.798868553049279e-06,8.694175244855733e-06,2.8682586883473686e-07,3.902608536390706e-05,0.950183604625786,1.9984600419836232e-05,7.807367076218174e-10,1.3306743305953194e-06,0.0013802271647263501,2.1977212669699212e-07,0.00024490030485539726,2.2957957811512528e-07,0.00033156753456647844,6.526489659367326e-08,0.0005037983114309074,1.1498845588963747e-05,9.127683217890951e-07,7.075579142740456e-08,0.017361900496538664,5.25969035263192e-07
23,5.177881030891725e-05,8.402705001193393e-09,0.003704175031450804,0.026049684273688083,0.0004480732159773047,1.0735495584209746e-05,1.4526753944631803e-05,3.6318291005595195e-07,6.106753788913112e-05,0.9496404228995026,2.1213761069815288e-05,8.867408574271026e-10,1.6630638178700559e-06,0.0016692824951106196,3.514240679920971e-07,0.0003046339844506162,2.219033781142631e-07,0.00030601566157317626,9.822300343488252e-08,0.0006608429906144043,1.206370379077772e-05,1.1215248492948162e-06,1.0433629600239842e-07,0.01704072252132916,8.279159472271563e-07
24,4.744026305833214e-05,9.144369380231074e-09,0.0038457707774532503,0.04208656070349593,0.0006644820633776197,1.1763733189432387e-05,1.5952788470161055e-05,4.1829880930814884e-07,6.597430064051852e-05,0.932365721396761,2.9909432748799934e-05,1.4764980039417216e-09,2.8759079512087945e-06,0.0027453851113181916,3.147353748446724e-07,0.0004431483753452665,2.971026768537953e-07,0.0004474670881556178,9.439426862995647e-08,0.0007598849460572619,1.3764705749036344e-05,1.1348734853630542e-06,1.4501175160776742e-07,0.016450600080454916,8.832885396098495e-07
25,5.590329356516327e-05,7.766857992142119e-09,0.0039060021388915753,0.03058865572554617,0.00046041401510335945,9.85241494893884e-06,1.516708454087675e-05,4.255475802450575e-07,5.9982050701572677e-05,0.9446836409629774,2.2847411212267166e-05,9.075299323257308e-10,1.9054521877329998e-06,0.0016357457808184313,3.3360257604404126e-07,0.0003307578940396297,2.3956690729099083e-07,0.0003337301250571882,1.0178724110143741e-07,0.0006748002721611365,1.260231495435578e-05,1.0830125133135117e-06,1.1088416341653609e-07,0.017204913937297818,7.760506270180067e-07
26,8.239548177455307e-05,8.077314623889993e-09,0.003953839600852398,0.028801561761805757,0.0004240029243373297,9.937715809775394e-06,1.231205494236921e-05,4.23126063955774e-07,0.0001048072856041803,0.9258910307104969,2.6187218454378907e-05,5.666806405232969e-10,1.3645112922190958e-06,0.0012992353302975095,4.811969045245936e-07,0.000273674400638401,2.371296736838055e-07,0.000255309517267308,9.008236411237296e-08,0.0006956871914546415,9.827276060466605e-06,1.078099800126973e-06,1.5021016970321517e-07,0.03815547211767826,8.864122622553609e-07
27,3.79858873627397e-05,7.012779967347005e-09,0.0024785298939140315,0.01936514092994616,0.0003628055485771032,9.643880687642718e-06,1.492660592163254e-05,3.181559589616889e-07,7.953566596738134e-05,0.9572453396673869,1.674516729596501e-05,5.875146420701507e-10,1.1517202887596332e-06,0.0014821894568758003,4.1064534819055187e-07,0.0002664017558863501,1.8816145221016186e-07,0.0002010333739156062,8.181373485215772e-08,0.0006624519611360649,8.931335199094702e-06,1.308475960442528e-06,1.0987433835377181e-07,0.017763831484456087,9.309380951506608e-07
28,5.177881030891725e-05,8.402705001193393e-09,0.003704175031450804,0.026049684273688083,0.0004480732159773047,1.0735495584209746e-05,1.4526753944631803e-05,3.6318291005595195e-07,6.106753788913112e-05,0.9496404228995026,2.1213761069815288e-05,8.867408574271026e-10,1.6630638178700559e-06,0.0016692824951106196,3.514240679920971e-07,0.0003046339844506162,2.219033781142631e-07,0.00030601566157317626,9.822300343488252e-08,0.0006608429906144043,1.206370379077772e-05,1.1215248492948162e-06,1.0433629600239842e-07,0.01704072252132916,8.279159472271563e-07
29,5.177881030891725e-05,8.402705001193393e-09,0.003704175031450804,0.026049684273688083,0.0004480732159773047,1.0735495584209746e-05,1.4526753944631803e-05,3.6318291005595195e-07,6.106753788913112e-05,0.9496404228995026,2.1213761069815288e-05,8.867408574271026e-10,1.6630638178700559e-06,0.0016692824951106196,3.514240679920971e-07,0.0003046339844506162,2.219033781142631e-07,0.00030601566157317626,9.822300343488252e-08,0.0006608429906144043,1.206370379077772e-05,1.1215248492948162e-06,1.0433629600239842e-07,0.01704072252132916,8.279159472271563e-07
30,5.177881030891725e-05,8.402705001193393e-09,0.003704175031450804,0.026049684273688083,0.0004480732159773047,1.0735495584209746e-05,1.4526753944631803e-05,3.6318291005595195e-07,6.106753788913112e-05,0.9496404228995026,2.1213761069815288e-05,8.867408574271026e-10,1.6630638178700559e-06,0.0016692824951106196,3.514240679920971e-07,0.0003046339844506162,2.219033781142631e-07,0.00030601566157317626,9.822300343488252e-08,0.0006608429906144043,1.206370379077772e-05,1.1215248492948162e-06,1.0433629600239842e-07,0.01704072252132916,8.279159472271563e-07
31,9.310912758504548e-05,8.41202321503717e-09,0.006443324364490059,0.026381681336504446,0.0004724610739081455,7.801034756960841e-06,1.4124258424533985e-05,6.925723070815781e-07,4.834023353529533e-05,0.9493324729793703,1.5743989574856674e-05,1.063145580123986e-09,2.146047327306909e-06,0.0013026906954148694,2.462879037830959e-07,0.00025281934509287116,2.2491133077459207e-07,0.0004928040555559213,1.5659959617795604e-07,0.0009279952083041087,1.4746349504157841e-05,1.2469496441299734e-06,9.329378577026888e-08,0.01419416068995235,9.091209622796431e-07
32,5.4659886126154095e-05,9.145868792664532e-09,0.003852205364800767,0.024725278216813536,0.0004839412421560095,1.1406268193803016e-05,1.5419364437288164e-05,4.006937615734571e-07,6.111967001299899e-05,0.9517631012696939,2.146206582190976e-05,9.861705245716094e-10,1.7903775744333387e-06,0.00168087713879001,3.690924979866279e-07,0.00032290149036687444,2.21356334414303e-07,0.0003127572774430144,1.2098228233475315e-07,0.0007292237948525417,1.2971588747061824e-05,1.204227355974129e-06,1.119305162747282e-07,0.01594757320530545,8.733640762602823e-07
33,4.625815790454842e-05,7.0680479529707095e-09,0.003057572759334372,0.03383664215015143,0.0002631372826188561,1.0464202160544064e-05,1.430063252182848e-05,4.887081690841558e-07,4.4772830089176436e-05,0.9485874548077383,2.1190896847543142e-05,1.9510997094670316e-09,4.011542220293151e-06,0.0023279490901028095,1.4366858821965653e-07,0.0004458531674776567,5.539629206446045e-07,0.0005854121754557472,9.093853283612029e-08,0.0006606364918693567,9.24809705688154e-06,1.3371701518095934e-06,8.29668619325931e-08,0.010081855539522032,5.337425564056686e-07
34,0.00012479210180817805,1.764757066439496e-08,0.005908091987984051,0.02319063496272617,0.0007793716460909196,8.856992737101095e-06,1.1171941393213187e-05,4.2370189736281827e-07,0.00010287203636998734,0.9394363499266567,3.7977900939383744e-05,1.018443481385628e-09,2.199336748685187e-06,0.001729839112238241,4.305678581558098e-07,0.0002158251754244856,2.2181160598801615e-07,0.0002922326881464718,2.095035267008605e-07,0.0005915329044171527,1.3289430965901716e-05,1.3977323310082955e-06,1.3164559420236292e-07,0.02755100754364208,1.1206828836923842e-06
35,2.141494592001257e-05,1.3067307374566996e-08,0.005549385057745637,0.04560214773901615,0.0010681032159038772,4.018198850715372e-05,2.578662982984979e-05,2.770612652544402e-07,6.843353103089458e-05,0.911582168204254,5.737768632271632e-05,1.2073887113401126e-09,2.316475542025964e-06,0.005358901412348264,1.688941213561137e-06,0.0004528558628475413,2.501643573310201e-07,0.0001911087979149227,1.1820847042838221e-07,0.0011629458043747414,2.6253563713796715e-05,1.974840459853607e-06,3.4862683568699727e-07,0.028784673512615787,1.2734548144686377e-06
36,2.9600082258739823e-05,5.750907672885546e-09,0.0016960119900921644,0.027754959659857838,0.00020073223694038315,1.3959750032609164e-05,1.9444324699611882e-05,6.579925477179114e-07,8.760830711078298e-05,0.9577296143717003,1.277296217942909e-05,1.089250370319939e-09,2.451788246049024e-06,0.0016563407590265923,2.5570975358836434e-07,0.0006393520002129417,5.825523509882874e-07,0.00027899554267905337,8.395906379010097e-08,0.0006873772015065365,6.163968076637491e-06,1.5794940485313388e-06,1.221858380423735e-07,0.00918068854531686,6.377763028421299e-07
37,2.7001063863352863e-05,1.3088675057966497e-08,0.002921694358396759,0.022629364360932797,0.0007307355075103594,2.1295369456982296e-05,2.204229112140614e-05,4.069768472565896e-07,8.204046945717864e-05,0.9615015818666048,1.778483903301188e-05,1.0706332287782902e-09,1.873020596138033e-06,0.001998128665651865,5.333328331599918e-07,0.0004598906614397268,1.9997355758843066e-07,0.00018054795733741936,1.379278707943935e-07,0.0007936771099914912,1.4634601925266469e-05,1.3682480938098333e-06,1.4058571443632788e-07,0.008593952809603072,9.538428528311836e-07
38,5.588953384707736e-05,8.764437406800558e-09,0.00374984240868921,0.025773447320753973,0.0005033136557169396,7.000532427869705e-06,1.1299814711289558e-05,3.0108977589019455e-07,7.383821019967831e-05,0.9467702087874412,2.175255212205272e-05,8.23386502686354e-10,1.4746839660863905e-06,0.0019411438313442244,2.893531332444358e-07,0.00019675005200756542,2.0577061688663487e-07,0.0003325517440797511,7.313856635893088e-08,0.0005803557612108838,1.0509704088315161e-05,1.2325152973801109e-06,9.246549949611474e-08,0.019967416347294393,1.0011393860304417e-06
39,4.4137336383053615e-05,6.640385317770279e-09,0.003869802250381515,0.030952655194606105,0.0003809794052667072,1.400372473196025e-05,2.049626900805941e-05,6.798689218969241e-07,5.1814250094020636e-05,0.9488417496840433,1.5612394734975215e-05,9.527592846262314e-10,1.899086762226016e-06,0.0014217331094915464,4.2256503786055927e-07,0.0004299965372729085,2.7006498214181623e-07,0.00030948297497882026,1.2663414066182707e-07,0.0009852607116109862,1.6078443615324614e-05,1.345614481113845e-06,1.457046155084179e-07,0.012640444947900687,8.556337937051502e-07
40,5.661772359955002e-05,2.4701802779369082e-08,0.009557511711846848,0.02143140733509039,0.0010704107444198519,2.0760096139375796e-05,1.5024920965001617e-05,3.0262413733745387e-07,5.820698658237707e-05,0.9468238574730736,3.1025554977774404e-05,2.057942313964934e-09,2.3086600468614013e-06,0.003241915554747148,6.198466063754254e-07,0.00021576758369009247,2.2335893849428366e-07,0.0003504998444430193,1.986785080969463e-07,0.0009006193457511115,2.1094646869034024e-05,2.062928337396566e-06,1.0106220310191833e-07,0.01619810209676531,1.334462516935688e-06
41,4.710967377994333e-05,4.774820952838403e-09,0.003446526526059954,0.02372281468675287,0.0002836461586901403,9.504355586186825e-06,1.69213397519735e-05,3.4957732877998127e-07,3.6477003954182606e-05,0.9476955183918339,2.301392315509254e-05,9.706248590355813e-10,1.4251961267548822e-06,0.002118627616015059,4.1975000553993565e-07,0.00025082988043311746,2.3112277107035918e-07,0.00043255198701293404,1.0629270497268033e-07,0.0010730353708284738,1.6390132416606896e-05,1.7752778678146981e-06,1.4964029524168719e-07,0.020821443060486985,1.1272906965771584e-06
42,3.736417692817704e-05,6.290211649405033e-09,0.005142649800203787,0.02026366973079513,0.00031003133880178074,9.391752967316251e-06,1.0593597106485535e-05,7.365573208751288e-07,4.0657244304883764e-05,0.9636315907636374,1.1141028873785924e-05,7.479993744637988e-10,1.529577659973001e-06,0.0008347600540442142,3.03008369869482e-07,0.00027852174277650583,2.1834123730712893e-07,0.00014244747567270215,1.949066318823503e-07,0.0006695216798696764,1.4782259829489545e-05,1.7031109443628176e-06,6.31840049686757e-08,0.008597757222182893,3.644076254713626e-07
43,2.710964861410691e-05,3.843430872647061e-09,0.001937252184667344,0.012989613578271319,0.00021953611540935554,6.340738998347139e-06,7.418694411059682e-06,2.272437050421217e-07,4.356738321243123e-05,0.9723169475351581,8.81754629719532e-06,3.7258622049492467e-10,7.152085317614061e-07,0.0008720108980337641,1.8234784407401382e-07,0.0001964835513937181,1.1382465647200306e-07,0.0001473047403841201,5.792409678639427e-08,0.000530648758301421,7.153142145800473e-06,8.366201968628847e-07,5.012001703428105e-08,0.010687179499846553,4.2847979025070255e-07
44,5.177881030891725e-05,8.402705001193393e-09,0.003704175031450804,0.026049684273688083,0.0004480732159773047,1.0735495584209746e-05,1.4526753944631803e-05,3.6318291005595195e-07,6.106753788913112e-05,0.9496404228995026,2.1213761069815288e-05,8.867408574271026e-10,1.6630638178700559e-06,0.0016692824951106196,3.514240679920971e-07,0.0003046339844506162,2.219033781142631e-07,0.00030601566157317626,9.822300343488252e-08,0.0006608429906144043,1.206370379077772e-05,1.1215248492948162e-06,1.0433629600239842e-07,0.01704072252132916,8.279159472271563e-07
45,6.822826095651373e-05,1.2424253060338773e-08,0.0035267295168301825,0.020824160636035077,0.0006010704143084719,7.119021341076103e-06,9.014221211628507e-06,1.8641836245761462e-07,6.153859486057846e-05,0.9506977033796284,3.181406347230994e-05,1.552608493023871e-09,1.82466044642537e-06,0.0030690039139181684,2.1887469627035927e-07,0.00017342078217347633,2.1119180306551334e-07,0.0005580358270105467,7.899102370631928e-08,0.0006354060514629739,1.3504510061385975e-05,1.2642950207652475e-06,1.0396899327997119e-07,0.019718013697460297,1.3347320611238884e-06
46,5.279193590449978e-05,4.9310006957514794e-09,0.003219054838164206,0.053870374745123586,0.0001568024972612354,1.452706861246089e-05,1.1419725662284941e-05,6.470042410984562e-07,5.884135592504134e-05,0.9129774417296667,2.3478178181287065e-05,9.577377359477188e-10,2.458268938021901e-06,0.0011797408072593508,2.8479726411119646e-07,0.0005347074533837973,6.82511372088591e-07,0.00032715913376013734,5.955039811456714e-08,0.0005774274011936316,1.0863510286997545e-05,9.4094395165715e-07,1.270627624818967e-07,0.026979801037106,3.6255484281955887e-07
47,4.639384955327904e-05,8.19005506157966e-09,0.003976249146084736,0.033776546945294375,0.0005422654475647265,1.1894813288478946e-05,1.57078691614811e-05,3.484919196551472e-07,6.373039324520416e-05,0.9385554431217787,2.5675007816875152e-05,8.510529666239301e-10,1.779192439777222e-06,0.002026913884953462,4.122405567854763e-07,0.0003397638714262142,2.2099220914936183e-07,0.00030707494964725754,8.519723931970646e-08,0.0006675135643438758,1.2912203408432487e-05,1.0370207246650712e-06,1.253455453523433e-07,0.019627059398084696,8.38012605596826e-07
48,8.241409789854245e-05,1.5886246901452832e-08,0.005761012673148523,0.033138697575032926,0.0002889951844571265,3.2239827591579984e-05,2.6923714953467353e-05,1.3318969318558513e-06,8.186547439871691e-05,0.9452570076250105,1.9804333399890397e-05,1.3541871746855367e-09,4.162068831466051e-06,0.0009983689145355336,5.033414408204433e-07,0.0006481483184401989,6.969550659893547e-07,0.00024291606958247704,2.971036185597009e-07,0.0007142902207372898,1.2894597964059687e-05,1.4291936959243087e-06,1.2117471474730553e-07,0.01268533813215854,5.242659572400557e-07
49,4.358373264720089e-05,1.0677529646550253e-08,0.005404185712590533,0.023801337811582408,0.0004653858676302916,1.5236993388254368e-05,1.3744257318281147e-05,3.5107474454597233e-07,4.895221274607304e-05,0.951997794236401,2.0203439730320254e-05,1.3703846168953638e-09,1.9720259989283176e-06,0.001991349847142705,3.554614503873495e-07,0.00026399435084022144,2.5128483909130675e-07,0.0003351397193023314,1.157766270850983e-07,0.0008485511634051364,1.5487723669966538e-05,1.4793347271954989e-06,8.721083786037003e-08,0.014729645209213571,7.835052525810637e-07
50,0.00010103905656626409,5.998253423163075e-08,0.04194736197794323,0.3874734975054558,0.00218537742539051,0.0002902753449282775,6.89630903471983e-06,5.591201633077979e-07,8.648655184753911e-05,0.4067247694533155,0.0007154352305510241,1.2843520341836724e-08,2.259936790141054e-05,0.008615589297381055,2.019746899649671e-06,0.0014296351038845369,2.9109269893040208e-06,0.0005168763933888211,1.6407072609909557e-07,0.000842964013741831,6.954058293320284e-05,8.299273994078804e-07,8.868814770019533e-07,0.14896399598910595,2.168969210117783e-07
51,5.1284658824571726e-05,6.966485616707664e-09,0.0030539308188985525,0.015747357005419692,0.00042617357275172833,1.3236795911062258e-05,2.0716409725060357e-05,4.2216608110301625e-07,5.3522680503065045e-05,0.9627360034339759,1.6595637767339756e-05,1.0134401337041966e-09,1.420209313439891e-06,0.0017586293974539613,4.783266601605485e-07,0.0003601459644796493,1.7742304248561255e-07,0.0003811972149645775,1.6506334933193368e-07,0.0014637576700584467,1.4234936894645511e-05,1.5806725650304522e-06,1.83104976919058e-07,0.013897272533928891,1.5063225283755425e-06
52,8.162844764035378e-05,9.932869777054378e-08,0.011081258987148394,0.02880819838513895,0.002594126202295268,4.023705461166517e-05,8.316146153369531e-05,1.9014556858358688e-06,0.0002309385353717486,0.9410060135693954,3.345878961074962e-05,2.33704499325413e-09,4.399530490867946e-06,0.0032129432210264565,3.1193246586095514e-06,0.0003672655988694407,3.7570307886173617e-07,0.0001697734864232327,9.800875712972733e-07,0.001143330091806341,4.3495610725883924e-05,5.663098838345714e-06,4.202572917352714e-07,0.011082765650825476,4.443784218513843e-06
53,3.41923760830744e-05,5.2456924410959895e-09,0.002014276410417712,0.03504862655845343,0.00041575063808676154,1.3397568708480764e-05,4.216562557530698e-05,5.564798399118074e-07,8.568630405494372e-05,0.9421023760417313,1.9541465439804172e-05,7.337344128006103e-10,1.6836193403279793e-06,0.001985670562288668,6.314968112652433e-07,0.0005931609681170275,2.5651199611126747e-07,0.00033805213242455,8.734928049884088e-08,0.0010514096081533457,1.0811880658206893e-05,1.335556019083516e-06,2.4006291656277974e-07,0.01623866324299517,1.421561181403562e-06
54,7.109071517566883e-05,5.073541615939212e-09,0.010602633753463719,0.06024183994827596,0.0005678722811594828,1.0153474915083907e-05,1.1336686639817686e-05,6.173889904747468e-07,4.582626941072671e-05,0.887942381565903,3.92812644928303e-05,7.687567514094075e-10,2.3683148323007597e-06,0.0018320874986071478,4.802144655599447e-07,0.0002648480216524463,2.665480005864948e-07,0.0003611931947688677,1.1790310387978812e-07,0.0010635228374909424,1.9311006251403192e-05,1.2856824011209942e-06,1.570230409878486e-07,0.036920774931032165,5.476336272509355e-07
55,9.968818366190228e-05,2.519983889871073e-08,0.00423306191813604,0.02627754358157875,0.0009396302986726208,1.1234626963938597e-05,2.1594320880244203e-05,3.529939617063741e-07,0.00010611241590320425,0.9469469437739704,3.091942234062417e-05,2.9394416077596006e-09,2.6312902198389246e-06,0.0023914657441453098,3.497682497898778e-07,0.00033930425586455466,3.0459216052518177e-07,0.0007324834950804803,1.3265826309154697e-07,0.0006502645364010927,1.6012779620823914e-05,1.2549222518137915e-06,1.0594673926566392e-07,0.017196651387732288,1.92894792146978e-06
56,5.481961417979445e-05,9.73548800235751e-09,0.003903081687543182,0.027705157411661564,0.00048328260462245624,1.1257814232206262e-05,1.5245456291045497e-05,3.838350275364138e-07,6.42117959638975e-05,0.9477725058765905,2.359987996926928e-05,1.0712188562878732e-09,2.0193915208622933e-06,0.001820190593478382,3.4276137826883465e-07,0.00031869942963671323,2.5206406730686186e-07,0.00034124761006050323,1.0480651536045322e-07,0.0006696755973780021,1.254613520855703e-05,1.1666115676288653e-06,1.0790498169995293e-07,0.016799227654230062,8.626571883485865e-07
57,5.143976369575714e-05,1.094011209534353e-08,0.005581571644495983,0.019073197273742924,0.0005999844917096504,1.213481930129835e-05,1.5027412024809201e-05,5.296428268699155e-07,4.778556160354573e-05,0.9606244539960799,1.8876284254520594e-05,1.66017738758374e-09,2.2154443638320007e-06,0.0017068363646276414,3.6454526423308117e-07,0.00030547263682198506,2.1740638949471263e-07,0.00031758799563092344,2.466132058832964e-07,0.0010547590334459313,1.8401209441036805e-05,1.966287528183496e-06,9.877393298138419e-08,0.010565957955706704,8.6224361627143e-07
58,5.413834932236932e-05,7.942317886260583e-09,0.003735736942013496,0.025971575236565327,0.00040352565387236317,1.0121069165466767e-05,1.312552061795373e-05,3.3756264536525307e-07,6.005639602589691e-05,0.9463128025890108,2.2635881599088984e-05,8.163048188589024e-10,1.5212559782997158e-06,0.0015576434459664281,3.6722662100368603e-07,0.00028583405414169254,2.2126451106291304e-07,0.0002896671654116155,9.166015305658827e-08,0.0006101411280685753,1.179590831580998e-05,1.1022990154981339e-06,1.0025989607558144e-07,0.020656672385397087,7.779870628775644e-07
59,5.339243244162389e-05,7.554601701173757e-09,0.003978589800474187,0.026001215335911033,0.00040026716439412385,9.593529355527671e-06,1.2218113810951461e-05,3.2887684402655777e-07,5.816921929952975e-05,0.9444558771217968,2.2458882951806955e-05,7.567674269379543e-10,1.418307524212401e-06,0.00154054722182144,3.744080057150161e-07,0.0002623929216775178,2.0903542113037762e-07,0.0002809750021943537,8.68874146967203e-08,0.000620487265178443,1.1919461969639132e-05,1.0945157901831264e-06,9.830304291712921e-08,0.022287520591511706,7.572897995692357e-07
60,5.177881030891725e-05,8.402705001193393e-09,0.003704175031450804,0.026049684273688083,0.0004480732159773047,1.0735495584209746e-05,1.4526753944631803e-05,3.6318291005595195e-07,6.106753788913112e-05,0.9496404228995026,2.1213761069815288e-05,8.867408574271026e-10,1.6630638178700559e-06,0.0016692824951106196,3.514240679920971e-07,0.0003046339844506162,2.219033781142631e-07,0.00030601566157317626,9.822300343488252e-08,0.0006608429906144043,1.206370379077772e-05,1.1215248492948162e-06,1.0433629600239842e-07,0.01704072252132916,8.279159472271563e-07
61,5.650507940446828e-05,7.644268242008341e-09,0.004274315829993004,0.025945769921012687,0.00040746622673308835,9.540887210942102e-06,1.1994763696533585e-05,3.451596860386132e-07,5.520902671289201e-05,0.9456635235813049,2.1435619374903427e-05,7.893135798878209e-10,1.4512703768201563e-06,0.0015053515071926258,3.5184778714541945e-07,0.0002614710740487252,2.0971111391345675e-07,0.0002982480843626674,9.096142206406749e-08,0.0006282358058378705,1.2053544814071134e-05,1.0898540164216848e-06,9.210755039239789e-08,0.020844503651313687,7.360514523499931e-07
62,5.177881030891725e-05,8.402705001193393e-09,0.003704175031450804,0.026049684273688083,0.0004480732159773047,1.0735495584209746e-05,1.4526753944631803e-05,3.6318291005595195e-07,6.106753788913112e-05,0.9496404228995026,2.1213761069815288e-05,8.867408574271026e-10,1.6630638178700559e-06,0.0016692824951106196,3.514240679920971e-07,0.0003046339844506162,2.219033781142631e-07,0.00030601566157317626,9.822300343488252e-08,0.0006608429906144043,1.206370379077772e-05,1.1215248492948162e-06,1.0433629600239842e-07,0.01704072252132916,8.279159472271563e-07
63,5.400138460828903e-05,9.239810449297153e-09,0.0037680828164058503,0.025666376890838657,0.00046457418797559726,1.0899084160430729e-05,1.4597122741633076e-05,3.6160345408124083e-07,6.399527575327255e-05,0.9498699061934962,2.1743048034286254e-05,9.208934929723818e-10,1.6993677312166032e-06,0.0016833337214330246,3.558779852455357e-07,0.00029877696355509525,2.2633330249131638e-07,0.00030601536044082213,1.0101701239037953e-07,0.0006403349118652745,1.211731886444059e-05,1.1342874457552823e-06,1.0302558075972109e-07,0.01712040152349541,8.525231160008731e-07
64,5.282877299915388e-05,9.040754284041218e-09,0.004341273155475953,0.02663725970836741,0.0004900199899860717,1.0946996886030515e-05,1.4104424987138035e-05,3.879540700701063e-07,5.448015750886375e-05,0.9486768401481078,2.1848576893843305e-05,9.360103988650603e-10,1.6073081252556862e-06,0.001568240096677709,3.843409882026035e-07,0.00028083267578421674,2.0683188609161428e-07,0.0002864875751681979,1.1322802392787699e-07,0.0006794064352177888,1.5817806158251636e-05,1.1700584787824801e-06,1.0379070305731991e-07,0.01686483835126012,7.916394813432726e-07
65,5.20748650447191e-05,6.756579319281024e-09,0.002450017585071047,0.020561110233555745,0.00039552620421337326,7.306232335010541e-06,1.2145748082108915e-05,2.82919240499537e-07,6.562757448171639e-05,0.9580805741901327,1.8018672041147374e-05,8.488361907975067e-10,1.4845018897905453e-06,0.001629156557663473,2.1493848407867022e-07,0.0002777765029844252,1.859908634661574e-07,0.000364932148529964,7.84020331670161e-08,0.0006570814136880577,8.85288504788841e-06,9.714093436611167e-07,9.238427972455408e-08,0.015415600580427076,8.804551514883434e-07
66,0.00012837225099236299,1.650145047937814e-08,0.005818485327137415,0.028353537285840464,0.00041207321234193727,3.329306500912459e-05,5.255593346580994e-05,1.4981148138230667e-06,0.00016371238131785137,0.9318866204152397,2.2373762083113592e-05,8.438020997676714e-10,2.3156541288391464e-06,0.001351006686313463,1.473592733898051e-06,0.00045755323039784986,4.5789072797693336e-07,0.00028266666229325067,3.733220009101549e-07,0.001446959341564774,1.3889450849449171e-05,2.3729622525056883e-06,3.5117792166609684e-07,0.02956603040733018,2.010527990892102e-06
67,4.993873296449387e-05,8.27846677404486e-09,0.0036511798264394365,0.02582760288884754,0.00043651924396467714,1.1249650413136937e-05,1.4684655531515682e-05,3.5454702764507856e-07,5.9555175460647586e-05,0.9494925983587119,2.1536667829319946e-05,9.048476860015268e-10,1.657058299960936e-06,0.001746665203746018,3.6338452392405954e-07,0.0003044350821070365,2.2520536521837058e-07,0.0003094495665438401,9.737448431659027e-08,0.0006950153111063079,1.241118007934818e-05,1.158954119953472e-06,1.0998306236897082e-07,0.017362330865034806,8.519010219923779e-07
68,6.100460056669646e-05,6.249743243094158e-09,0.004560747744473731,0.02956970943744593,0.0003647764920065824,9.157347387018483e-06,1.6308277108215054e-05,4.62034677845028e-07,4.742265788778823e-05,0.9475540145780605,1.9179843253804003e-05,1.3300887472737667e-09,2.7289083237176957e-06,0.0018143190289100232,1.9327949270801814e-07,0.00032222866087312264,2.7182520744658165e-07,0.0006521185211089009,1.0450511904430618e-07,0.0010330517188013378,1.2601717354735504e-05,1.069845448165637e-06,1.0282886879629661e-07,0.013957568973193196,8.49594598519951e-07
69,5.1507470957999006e-05,8.38397172756063e-09,0.003812480447237931,0.025783625734123558,0.0004347807674235403,1.1439093258518732e-05,1.464356770112489e-05,3.703602699743208e-07,5.869207735727882e-05,0.949627156350963,2.1732614068385138e-05,9.331408964476561e-10,1.735356126170909e-06,0.001710691937866132,3.578962880834858e-07,0.00030496174900125557,2.2981278919656548e-07,0.0003107424620091932,1.0474824652090669e-07,0.0007146813783320678,1.2763131541822897e-05,1.176033437573246e-06,1.0964843436957066e-07,0.0171251823530157,8.256924378130536e-07
70,0.00014559464860258405,1.8758420409969065e-08,0.005917873232051448,0.017997269246355804,0.0006319915678532418,7.221381397727178e-06,1.631087280020665e-05,3.877573734230822e-07,5.981094475413525e-05,0.9510725655813186,3.313621235621195e-05,1.0375609628579647e-09,1.3171559583769152e-06,0.001404565164827792,6.165882699773827e-07,0.00015501641485426003,1.805444467748388e-07,0.0003289952971933394,2.4123493084165e-07,0.00044744017672529386,2.1165822584606833e-05,1.7422232108943196e-06,9.898842322275413e-08,0.021754832553460057,1.6065942700165808e-06
71,5.232809346497863e-05,5.381861811543546e-09,0.0013824800150895645,0.02205735311194146,0.0003875415558425238,5.742862550524097e-06,1.2759297223138231e-05,3.044910695778588e-07,8.967990634705247e-05,0.9561107840164652,1.6958708592623297e-05,6.712059877111463e-10,1.156265848565582e-06,0.0013592309586742336,2.2975623276451087e-07,0.000395869788620143,1.8748440022705227e-07,0.00033869781912875094,5.572758488293896e-08,0.000601216969501429,7.420941205403479e-06,7.571996211032151e-07,1.2450559377666655e-07,0.0171781461184498,9.683534843960139e-07
