,0,1,2,3,4,5,6,7,8,9,10,11,12,13,14,15,16,17,18,19,20,21,22,23,24
0,8.931017715679436e-06,1.9806021497068123e-05,0.00021155285652568344,0.002007249536423512,4.734407594547236e-05,0.0041208237015225736,0.00012936603993244825,0.00021573856192910423,2.0788151349563476e-06,0.9813226309124952,3.529913983048815e-07,6.513520803389815e-09,6.072965942881133e-08,0.00017674214280812548,3.4780613496039274e-08,0.006887314357819273,8.887155464583707e-07,0.0011432730871447812,4.128914266749098e-07,0.003589867712009143,4.687968781726098e-06,7.057282622941004e-09,7.598537202365438e-05,1.985570991098639e-05,1.4988430932333464e-05
1,8.13523215075886e-06,1.7357341047704448e-05,0.00022734452229981831,0.0015441690652412126,3.661639983794993e-05,0.003637087091677948,0.00013146314280299272,0.000204363549194195,2.2859238245485415e-06,0.9817714740368505,2.590142309824499e-07,6.206404666526759e-09,5.406005294929899e-08,0.00011435225934815376,3.870832666950065e-08,0.008536948373130706,5.117913823561453e-07,0.0009315745932672749,4.267786282024152e-07,0.002753915063747369,4.010521021642531e-06,6.0860715546299e-09,4.802376017476415e-05,1.765372576052365e-05,1.1922753524678496e-05
2,9.964988930264469e-06,2.2055646288650416e-05,0.00017578673909390813,0.00154878766323496,6.210628347556167e-05,0.0032324891068625473,0.0001381737550918375,0.0001970416252921456,1.9201365738597398e-06,0.982594552838214,2.9561597199413376e-07,6.379965598748494e-09,6.382299403382309e-08,0.00019633356796412707,4.051303377091755e-08,0.00626283458364917,8.715781242102895e-07,0.0011002626676339894,3.5262937771055685e-07,0.004348308077309319,3.7488911777110137e-06,6.042563773058095e-09,7.003952497293865e-05,1.4824013279233418e-05,1.9133308924873812e-05
3,8.589387398326866e-06,1.8751025465871284e-05,0.00020555321949702594,0.00196993482119989,4.3257577365484736e-05,0.003826847654381832,0.00012568758467185588,0.00020061204099325436,1.8251781604111355e-06,0.9828988696343023,3.2963550533182667e-07,6.038691363725182e-09,5.30539729940549e-08,0.00017509761390418322,3.053839915657555e-08,0.006044537883331529,7.973593847346431e-07,0.001107098567311762,3.618433451403374e-07,0.0032594072339085,4.29223208303315e-06,6.310046705595838e-09,7.519441202528977e-05,1.826962679948688e-05,1.4589527854152078e-05
4,9.934813255479148e-06,2.0310426366600392e-05,0.00021821540177941482,0.002117957297499002,4.8231022469973635e-05,0.003975933121161442,0.0001361434749009573,0.00020479143800158743,2.1027185232517053e-06,0.9816318252662641,3.4966457481201967e-07,7.632359224115811e-09,7.372238658390056e-08,0.0001979632931954844,3.271430665720253e-08,0.006409616726864126,9.557310599870387e-07,0.0012387020954584367,3.970036298404075e-07,0.0036659092347711758,4.904337751285909e-06,7.125467799465875e-09,7.843174211743579e-05,2.0331688055337233e-05,1.6872307779876547e-05
5,8.646955223102709e-06,1.781199881817086e-05,0.00018077501076655452,0.0023454003631782658,3.740906146090609e-05,0.003560913069826533,0.00010697642307573436,0.0001659047355225221,1.6341643725413755e-06,0.9834207806061552,3.090117922869912e-07,5.810376472371947e-09,5.223824439470563e-08,0.00018847486181939932,2.4252067884135405e-08,0.00523173491520053,8.481446260607984e-07,0.0013187621699221831,2.872497993678648e-07,0.0032972595950619354,4.016122820442999e-06,6.180930041627687e-09,7.819207747704583e-05,1.8942034974442243e-05,1.4832946487929303e-05
6,8.589387398326866e-06,1.8751025465871284e-05,0.00020555321949702594,0.00196993482119989,4.3257577365484736e-05,0.003826847654381832,0.00012568758467185588,0.00020061204099325436,1.8251781604111355e-06,0.9828988696343023,3.2963550533182667e-07,6.038691363725182e-09,5.30539729940549e-08,0.00017509761390418322,3.053839915657555e-08,0.006044537883331529,7.973593847346431e-07,0.001107098567311762,3.618433451403374e-07,0.0032594072339085,4.29223208303315e-06,6.310046705595838e-09,7.519441202528977e-05,1.826962679948688e-05,1.4589527854152078e-05
7,1.739215549393888e-05,1.7468351632994423e-05,0.0004283971130758718,0.0017421390559074852,4.914715041580054e-05,0.004188833371680799,0.0001915464468245198,0.0002683208081701492,1.9013306785615801e-06,0.9831875093099016,3.944722144429242e-07,7.40388407436996e-09,8.566518997045331e-08,0.00016151877761140616,2.5401782053083143e-08,0.005554214664477167,6.282449231337343e-07,0.0013145506689656227,4.661373404813831e-07,0.002765159793951156,3.791727429517609e-06,3.936877337174925e-09,6.595523467370595e-05,2.4912561718852155e-05,1.5630215179513196e-05
8,2.406354786087106e-05,2.8806741277003953e-05,0.00028000315167104586,0.0017886216922479222,0.00014894980033292285,0.010139352565004261,0.00020170876334866926,0.0004762359986818408,1.3839766419054983e-05,0.9405034534933441,9.881289781719714e-07,1.710679653420259e-08,2.8811703747743453e-07,0.00019528109466291165,3.157626348852862e-07,0.03300814015108037,5.9112091794168645e-06,0.005307662155859306,2.1872943615980192e-06,0.007717032680668346,1.6738599085219507e-05,7.141905221240925e-08,5.635584489835691e-05,4.629270957417674e-05,3.768220594312687e-05
9,6.868392192694238e-06,1.7375273058969867e-05,0.0001980373841406923,0.002076492177363002,3.319281041376936e-05,0.003297657589237767,0.00011327840619375114,0.00016760758410650303,1.463368501879738e-06,0.9851365858871238,2.6791239519031605e-07,5.148801238470697e-09,3.927361193101329e-08,0.0001568935477172811,2.341513107435519e-08,0.004966200477525445,5.758446625509238e-07,0.000891274831594059,2.708455854408588e-07,0.0028297129098857885,3.8366043183490805e-06,4.7619969980326615e-09,7.403787222346953e-05,1.580315396192649e-05,1.2494528256285665e-05
10,8.589387398326866e-06,1.8751025465871284e-05,0.00020555321949702594,0.00196993482119989,4.3257577365484736e-05,0.003826847654381832,0.00012568758467185588,0.00020061204099325436,1.8251781604111355e-06,0.9828988696343023,3.2963550533182667e-07,6.038691363725182e-09,5.30539729940549e-08,0.00017509761390418322,3.053839915657555e-08,0.006044537883331529,7.973593847346431e-07,0.001107098567311762,3.618433451403374e-07,0.0032594072339085,4.29223208303315e-06,6.310046705595838e-09,7.519441202528977e-05,1.826962679948688e-05,1.4589527854152078e-05
11,9.122052960342212e-06,1.900451784795251e-05,0.00021104001432446556,0.002032949978087626,4.5647389203683285e-05,0.0037900662331778303,0.0001313475838188787,0.00019979038130408473,1.9049392329645393e-06,0.9823769485798235,3.3296224814717117e-07,6.855589193530379e-09,6.617430687754345e-08,0.00018168148371508347,3.0644349135211434e-08,0.006182836148345919,8.745473596174256e-07,0.001153011899329315,3.7064773460715924e-07,0.0035459410178248704,4.559534351683555e-06,6.53750607379055e-09,7.739529339517576e-05,1.951654401857322e-05,1.554804014435785e-05
12,7.702477355132205e-06,1.6691352419400164e-05,0.00039438689485501175,0.0022750294701921175,3.4541329831511e-05,0.004080152309400133,0.00020788558751587083,0.0004407867368528962,2.5895391959210098e-06,0.9778908286504933,5.525412339157783e-07,9.829561827279408e-09,4.9754970696337774e-08,0.00010204156984363934,5.2490413863372396e-08,0.010964246718156847,3.8102807690765216e-07,0.0007615947514386626,6.755787584255911e-07,0.002704163057463839,4.723080957073953e-06,7.516850701759803e-09,7.140678440524182e-05,3.0628313585430855e-05,8.872636171584537e-06
13,8.603640861744335e-06,1.8888156367813567e-05,0.00020892434168851356,0.0020229806406133455,4.3831253390059905e-05,0.0038388998762176377,0.00012843475128580402,0.00020945863316671395,1.8341694884384973e-06,0.9827254499833469,3.467387840310184e-07,6.289236034917055e-09,5.3899371021700456e-08,0.00018217134232788039,3.082601901644412e-08,0.006055047675721043,8.143987272283143e-07,0.0011156118779976313,3.676598831542139e-07,0.003322168625890563,4.377460043802838e-06,6.498586361128467e-09,7.837030855791404e-05,1.864129824542393e-05,1.467965418161077e-05
14,1.0624343299172288e-05,1.7644599954967e-05,0.0004073589234186895,0.0028114739747959676,4.534215690002263e-05,0.006029564816425462,0.00014545606755270803,0.0002613014173722346,2.89205853061305e-06,0.9764545538232462,4.197444016631459e-07,8.277150246020137e-09,8.044946087396216e-08,0.000167757925192276,4.962082017490028e-08,0.00826716600655826,1.0626788988941766e-06,0.001462029885020872,4.173741905526434e-07,0.0037759055276584547,6.8399698044400115e-06,8.621700758145587e-09,8.742526463473276e-05,2.4414586416439317e-05,2.020188659533826e-05
15,8.589387398326866e-06,1.8751025465871284e-05,0.00020555321949702594,0.00196993482119989,4.3257577365484736e-05,0.003826847654381832,0.00012568758467185588,0.00020061204099325436,1.8251781604111355e-06,0.9828988696343023,3.2963550533182667e-07,6.038691363725182e-09,5.30539729940549e-08,0.00017509761390418322,3.053839915657555e-08,0.006044537883331529,7.973593847346431e-07,0.001107098567311762,3.618433451403374e-07,0.0032594072339085,4.29223208303315e-06,6.310046705595838e-09,7.519441202528977e-05,1.826962679948688e-05,1.4589527854152078e-05
16,4.886874111704403e-06,1.5482818326466992e-05,0.0001084863136637224,0.0013950969900119196,3.0552344552399736e-05,0.002111385485629327,0.00010404721167647053,0.00017214491204138946,1.2090006565264429e-06,0.9868037402939449,1.9522451750469913e-07,5.410069160422138e-09,3.708375046573326e-08,0.00013955762105780821,2.7217517720626334e-08,0.005320146325758897,5.944211779290657e-07,0.0007816071350646896,2.8427313953387083e-07,0.0029277280530005056,4.051765631650243e-06,6.448057822545342e-09,5.686655121828138e-05,1.0679444291475027e-05,1.1180781131703026e-05
17,7.994438705350192e-06,1.8372632889250538e-05,0.0001547960134511198,0.0024105054101790555,5.425795255298719e-05,0.00312312036026036,0.0001226255672489669,0.00023352820266240955,1.4501263626402631e-06,0.9813716280698987,3.880946416070065e-07,7.794372158265035e-09,7.799900017095491e-08,0.0002930705873496911,2.6176071262170966e-08,0.00556394392682377,1.4994875963298519e-06,0.001312773552117212,2.9648242184948586e-07,0.005172919653858085,4.957587696227958e-06,8.372651154570193e-09,0.00011660451092142275,1.7267767648789657e-05,1.787923261939558e-05
18,8.11952127010306e-06,1.4785539559398833e-05,0.00011618588735369101,0.0013753816327673489,4.527762997676545e-05,0.0026214262552218073,9.841672072797425e-05,0.0001166444372669493,1.1452648961066141e-06,0.9866010231465951,1.9071442511421345e-07,4.6735824125648895e-09,5.808641298277829e-08,0.0002092161157816947,2.313679306120366e-08,0.0036315613862464833,1.345482538565654e-06,0.0015349933197935618,1.9923991520236955e-07,0.003522834352997326,4.177292462553607e-06,6.131606755702087e-09,6.439226009358248e-05,9.501188400099162e-06,2.3090583315434567e-05
19,8.03835231810004e-06,1.967358154539696e-05,0.00025104098963884354,0.002308916662860531,4.212580647603013e-05,0.0030024716917118202,0.00017284314138114087,0.00022034107520317632,2.087453543789079e-06,0.9831207920490476,2.989588225810452e-07,8.11529018067687e-09,5.6548925132021875e-08,0.00015509146264357189,3.1894204293369835e-08,0.006497673565244862,6.565725891278167e-07,0.0009591990560406804,3.143110553330584e-07,0.0031332365520362455,5.008905562086191e-06,6.303960070705459e-09,6.907066031160855e-05,1.655065789621983e-05,1.4465631691619356e-05
20,7.099103507020642e-06,1.6685766826931425e-05,0.00022080037413237314,0.002059051883326861,3.447601867708093e-05,0.0033015931335730053,0.0001371030312240717,0.0003410778128251893,1.908351792502917e-06,0.9818012568705843,3.931559123032021e-07,7.802798013287218e-09,4.5675684483454474e-08,0.00016185295753848598,5.012011278487493e-08,0.007450693976929195,7.864290397859055e-07,0.0011161644752927882,4.456408958163207e-07,0.003241898106108295,4.959464106127386e-06,1.092264001037474e-08,7.193717891119449e-05,1.6391838377030955e-05,1.3309909184173283e-05
21,7.1984052904228565e-06,1.9065118691606393e-05,0.00014412509235656027,0.0019659747204902405,3.283868729679829e-05,0.002508807943439821,0.00010354065173966009,0.00018351876108411592,1.7374794574791583e-06,0.982522453324418,2.1979430055198534e-07,6.703022609382657e-09,5.5291958748215803e-08,0.0001730937514079993,2.342865771751198e-08,0.007631466913158756,5.537524010800749e-07,0.0009661092881886307,2.883552033693885e-07,0.00366055292561499,3.2149390862352384e-06,5.375108077225608e-09,4.9325218630034486e-05,1.501512170517084e-05,1.0808957291609017e-05
22,1.208616255473207e-05,1.7053095039374297e-05,0.00021377421472998216,0.0019149329642073802,4.619205740928859e-05,0.004686188096075249,9.565385407906318e-05,0.00019010623385799528,1.8892404496963601e-06,0.9813231064953084,3.8645299359313294e-07,4.611798796033397e-09,5.323974814583944e-08,0.00017617377516743562,3.687691868507993e-08,0.005862641567402374,1.393907889571104e-06,0.0019950459794246624,3.667140856339872e-07,0.0033459042621025417,4.479305998367134e-06,9.3221171114081e-09,7.434668951720375e-05,1.9603557367929227e-05,1.8571323756786184e-05
23,8.589387398326866e-06,1.8751025465871284e-05,0.00020555321949702594,0.00196993482119989,4.3257577365484736e-05,0.003826847654381832,0.00012568758467185588,0.00020061204099325436,1.8251781604111355e-06,0.9828988696343023,3.2963550533182667e-07,6.038691363725182e-09,5.30539729940549e-08,0.00017509761390418322,3.053839915657555e-08,0.006044537883331529,7.973593847346431e-07,0.001107098567311762,3.618433451403374e-07,0.0032594072339085,4.29223208303315e-06,6.310046705595838e-09,7.519441202528977e-05,1.826962679948688e-05,1.4589527854152078e-05
24,7.492332647457266e-06,2.0641161510419826e-05,0.00012621736422139965,0.0021713396095542994,3.712353574493463e-05,0.002909847104064282,9.067552661898724e-05,0.00016366450927175142,1.3359987810259047e-06,0.9843621646985077,2.5580695159254446e-07,5.190808466952712e-09,4.837765978290931e-08,0.0002282321212420586,1.8076633033695853e-08,0.005057559575396773,8.046758044578407e-07,0.0010387000715595038,2.705801397461325e-07,0.003679635431965819,3.170619516849887e-06,5.130418380926103e-09,7.33811129704781e-05,1.527234014085922e-05,1.2139047870349588e-05
25,1.5532788653809006e-05,2.093926542159101e-05,0.00027748433922771405,0.001206565837795538,5.680040512867478e-05,0.005730631840092687,0.00011946901624915812,8.335930449696402e-05,3.3022977534490015e-06,0.9816394500505842,1.8560866031355218e-07,4.754213822032275e-09,8.052506655200642e-08,0.00010168815242196152,5.944577693401397e-08,0.006226693582781862,9.383477702531572e-07,0.0016696536442170984,3.824813796478919e-07,0.002749964290106913,5.795070612362302e-06,5.7978408957262975e-09,4.2684022888304967e-05,1.6516037000589908e-05,3.181309385883888e-05
26,1.83313091116339e-05,2.188902234938247e-05,0.0003330693273613426,0.0028425826939888154,6.625818640711875e-05,0.007697634424580883,0.00011103668386936679,0.00016429037612262804,2.9341075382234765e-06,0.974337574860431,5.512580537079712e-07,6.211988709532812e-09,1.2364246293105464e-07,0.00018388923664965803,2.743770093980323e-08,0.007253744508914643,1.4125068381164571e-06,0.002074576617088323,5.084114321734706e-07,0.004704151855913992,5.57442386675134e-06,6.236413333976208e-09,0.00010861109415587222,5.336587059574252e-05,1.784969616460342e-05
27,8.082340760238987e-06,1.9013804377290964e-05,0.0002008972016135135,0.002071415641511555,3.979865302061407e-05,0.004078541258360169,0.00011936853676940605,0.00024482009318056334,2.072943074120807e-06,0.9814054765828362,3.858865545111456e-07,6.4427448278236616e-09,4.933748830821574e-08,0.00017590769922780735,3.9534364943408275e-08,0.007050681354017886,8.60241479853633e-07,0.0011815551789788733,4.4413908984251676e-07,0.0032878839274640605,4.596836490234803e-06,9.024693256446376e-09,7.499259853283356e-05,1.953622940290194e-05,1.3564513965998493e-05
28,8.589387398326866e-06,1.8751025465871284e-05,0.00020555321949702594,0.00196993482119989,4.3257577365484736e-05,0.003826847654381832,0.00012568758467185588,0.00020061204099325436,1.8251781604111355e-06,0.9828988696343023,3.2963550533182667e-07,6.038691363725182e-09,5.30539729940549e-08,0.00017509761390418322,3.053839915657555e-08,0.006044537883331529,7.973593847346431e-07,0.001107098567311762,3.618433451403374e-07,0.0032594072339085,4.29223208303315e-06,6.310046705595838e-09,7.519441202528977e-05,1.826962679948688e-05,1.4589527854152078e-05
29,8.589387398326866e-06,1.8751025465871284e-05,0.00020555321949702594,0.00196993482119989,4.3257577365484736e-05,0.003826847654381832,0.00012568758467185588,0.00020061204099325436,1.8251781604111355e-06,0.9828988696343023,3.2963550533182667e-07,6.038691363725182e-09,5.30539729940549e-08,0.00017509761390418322,3.053839915657555e-08,0.006044537883331529,7.973593847346431e-07,0.001107098567311762,3.618433451403374e-07,0.0032594072339085,4.29223208303315e-06,6.310046705595838e-09,7.519441202528977e-05,1.826962679948688e-05,1.4589527854152078e-05
30,8.589387398326866e-06,1.8751025465871284e-05,0.00020555321949702594,0.00196993482119989,4.3257577365484736e-05,0.003826847654381832,0.00012568758467185588,0.00020061204099325436,1.8251781604111355e-06,0.9828988696343023,3.2963550533182667e-07,6.038691363725182e-09,5.30539729940549e-08,0.00017509761390418322,3.053839915657555e-08,0.006044537883331529,7.973593847346431e-07,0.001107098567311762,3.618433451403374e-07,0.0032594072339085,4.29223208303315e-06,6.310046705595838e-09,7.519441202528977e-05,1.826962679948688e-05,1.4589527854152078e-05
31,1.1386206425544693e-05,1.5325655669513034e-05,0.00025485710814035435,0.0016709828430041761,3.4433944057809175e-05,0.002718132342289272,0.000148285072995683,0.00029897007726075814,1.1895851398287489e-06,0.9866468045798296,2.8073688642467515e-07,5.884623484732146e-09,4.8473274942151744e-08,0.00017027979028579247,2.080336280500278e-08,0.004435722064845559,5.927212238443086e-07,0.001119234904449214,3.367432044589571e-07,0.002383428723258388,3.096127251297876e-06,4.330322526511977e-09,6.0100232387679043e-05,1.3736169965814443e-05,1.2744879845148361e-05
32,8.822770338970836e-06,1.918683254345395e-05,0.00020161087116666416,0.0018496295155377858,4.2144933875954014e-05,0.0038474349051785075,0.0001262227885708508,0.00020680246230855932,1.847858237487611e-06,0.983218352230133,3.3528409136763944e-07,6.140774063243635e-09,5.302279847559067e-08,0.0001699143997568723,3.188704141043867e-08,0.0060355987918295755,7.777182668895929e-07,0.0010976980070468662,4.116225044698709e-07,0.003063832053294625,4.307312146602916e-06,6.638592417032513e-09,7.21933424266241e-05,1.8726041469696678e-05,1.405257006873211e-05
33,4.9544247840775345e-06,1.1567301771634816e-05,8.864654923445337e-05,0.0023356860498478273,3.166019791846301e-05,0.0033741122265343966,6.730953029628063e-05,0.00026607542176369564,8.19322812839367e-07,0.9812938381059501,4.148087599036874e-07,5.200298599767053e-09,7.617085713537201e-08,0.00028758865743720296,1.0408935570559696e-08,0.006287048567532681,1.6596336130516595e-06,0.001080545879710063,3.78845460389217e-07,0.004706336553519052,3.6786201923889234e-06,8.594868288913619e-09,0.00012575092008252343,2.485748932993401e-05,6.970518489398337e-06
34,1.0912553880107992e-05,2.15256576380358e-05,0.00024370009949760678,0.002044281008078995,4.975675501399358e-05,0.004356513480598309,0.00014312350253239438,0.00022526245674485588,2.335517745200274e-06,0.9812279618639983,3.7910441128605754e-07,7.1681063188858346e-09,6.513958679605262e-08,0.0001822514549148679,3.6647542003758806e-08,0.006769215833566333,8.649582084216097e-07,0.0012656350220010646,4.567892839946764e-07,0.0033396555735886596,4.754628347282486e-06,7.057090633396691e-09,7.367718179783748e-05,2.146112486165845e-05,1.615942096512615e-05
35,7.437311328980779e-06,1.8576600447198418e-05,0.00019658559879394885,0.0019893544683916077,4.3886806424118414e-05,0.00396255700882053,0.00011863794228866868,0.00018528966904465512,1.7290503612909591e-06,0.9825372812626308,3.3356902708913524e-07,5.814886253203683e-09,5.265185490578122e-08,0.00017744641973664593,3.0551131859078396e-08,0.006102232351274338,8.095995635325135e-07,0.0009682460029044619,3.4668993001452444e-07,0.003567379268134122,4.3699622054130765e-06,6.110921873001873e-09,8.451109734211049e-05,1.8481829604195028e-05,1.4412362951183804e-05
36,1.4695806479365571e-05,2.17000261822348e-05,0.000295063604632872,0.002228961423121441,5.031261486414368e-05,0.0032650997505720676,0.0002348047153031341,0.0007333635690856415,3.2832591566173647e-06,0.9714283724219774,4.6094558197984604e-07,1.9904629214297006e-08,1.4002069032108745e-07,0.0002431440732734546,6.976840646147317e-08,0.015585429820102314,1.1495812447201177e-06,0.0015262638994522025,8.359348967098242e-07,0.004276417495801002,5.352024956335377e-06,1.565489220386696e-08,4.9015093123586625e-05,1.894006799189489e-05,1.708852358254875e-05
37,6.753681137817369e-06,2.4829852779420056e-05,0.00021717612749102427,0.0019805221324593497,6.056076979444471e-05,0.005178361422854597,0.00015096467331398235,0.00032883844749264735,2.9610997134370843e-06,0.9759565702382609,4.792487326718918e-07,9.721384131281004e-09,6.442860729466241e-08,0.000250284961465891,8.533014622054611e-08,0.010184617062720553,1.3624560098771635e-06,0.0009671694256163731,6.051233252394736e-07,0.00455126481444385,7.060482595754442e-06,1.4902858703996564e-08,9.340171712377827e-05,1.5169400681290857e-05,2.0872478991004493e-05
38,6.4374212108705255e-06,1.832036339917536e-05,0.0001668353360573008,0.002823630509129368,3.7861901167546444e-05,0.0031483171181347705,0.00010662773922075758,0.000245308305251162,1.5290708272386482e-06,0.9824476371225603,3.621325197268992e-07,6.254622692419251e-09,4.6087766637440376e-08,0.00022952692052434197,2.327520923448544e-08,0.005418022804951053,1.0471413278030488e-06,0.0011972542652431608,2.8152920887399215e-07,0.004016812849774923,5.090501795143396e-06,7.805817280478369e-09,9.960647638998346e-05,1.6611841729969526e-05,1.2795226160850424e-05
39,8.220381233060441e-06,1.1256205666195234e-05,0.00035936713627880153,0.0018005899403015979,3.9008550264182896e-05,0.006286786091616465,0.00013746657582234208,0.00033417652244513,2.1924168456896754e-06,0.9763006093403672,3.952976630811352e-07,7.162283660749036e-09,9.5577783710256e-08,0.00010570051851155159,5.503003489935027e-08,0.010012398624882301,1.2655105595996488e-06,0.001174728929278233,6.531564311951409e-07,0.0032988265706945957,7.666322529064051e-06,1.0951267277571814e-08,7.85997306155963e-05,2.4986928856331407e-05,1.4936527768014918e-05
40,1.638376108840233e-05,2.536867793178051e-05,0.00044395598471669144,0.0017659176986967386,6.998689063241281e-05,0.005344508404310963,0.00022834728707959076,0.00025161235587494574,3.6067286827079935e-06,0.9798040373631887,4.3725772214927646e-07,1.0889874475414877e-08,9.439093405719063e-08,0.00020763871869991323,7.039562425232244e-08,0.007103480335982089,9.181050356515676e-07,0.0014246936963253876,5.438138640042916e-07,0.0031807326694878037,5.9888794682428105e-06,8.522334171415218e-09,7.283534312298877e-05,1.997924418415731e-05,2.884258513777177e-05
41,2.692551281661102e-06,1.0529934176467716e-05,8.693281773486702e-05,0.001596958887653904,1.2897561566447796e-05,0.002424478161880791,5.34941337082494e-05,0.00013736940171837247,4.869489930389522e-07,0.9909489862071045,2.2591638749272362e-07,2.3047811798097917e-09,1.2097602571851604e-08,0.00014048432763462735,1.015307415424686e-08,0.002236224612895633,4.3290495551542113e-07,0.0006090614539282827,2.1736314081104103e-07,0.001636304045882846,2.80167519678422e-06,4.4608022597289435e-09,8.288168885664e-05,1.0874054998436167e-05,5.636334044491722e-06
42,4.956950472572639e-06,1.2192843875979128e-05,0.00019888547015658263,0.0017384093681133948,2.2616245526188656e-05,0.003703533175201066,0.00010310166415897214,0.0003759196488898889,1.7475893961662716e-06,0.9789304070061469,3.3076324024994315e-07,6.655339583394381e-09,4.869443275515924e-08,9.481293253361284e-05,4.951492455660597e-08,0.011057210724281147,6.602643894009307e-07,0.0008120802678990498,6.470876156150488e-07,0.002854000976404583,4.992254307326062e-06,1.1582817498154803e-08,5.636611501795063e-05,1.9100840307076645e-05,7.911364551864998e-06
43,0.005007757379955429,0.001299008976611891,0.03288155608271543,0.09402061715381654,0.009241029682488612,0.05535762560569101,0.013004779277195165,0.006427415543542228,0.00047461518460317564,0.6179990741855681,6.329492740838576e-05,1.6477927288330808e-06,5.824245318117834e-06,0.009344381383306446,1.4476435542629533e-06,0.08241641093573769,1.0457807912822861e-05,0.026098796063723503,5.7317352003644295e-06,0.04382734677840989,1.3091006478690159e-05,2.1578480600467613e-08,0.0006596392986382561,0.0007649606923960388,0.0010734690385185177
44,8.589387398326866e-06,1.8751025465871284e-05,0.00020555321949702594,0.00196993482119989,4.3257577365484736e-05,0.003826847654381832,0.00012568758467185588,0.00020061204099325436,1.8251781604111355e-06,0.9828988696343023,3.2963550533182667e-07,6.038691363725182e-09,5.30539729940549e-08,0.00017509761390418322,3.053839915657555e-08,0.006044537883331529,7.973593847346431e-07,0.001107098567311762,3.618433451403374e-07,0.0032594072339085,4.29223208303315e-06,6.310046705595838e-09,7.519441202528977e-05,1.826962679948688e-05,1.4589527854152078e-05
45,7.752833347462583e-06,2.5166420590437006e-05,0.00011051670557457369,0.001863649363869908,5.027056952517486e-05,0.0031429984898035906,8.454717185703818e-05,9.432990096571537e-05,1.2962211626682625e-06,0.9865302534664292,2.2836334312678026e-07,3.9748011369865956e-09,4.3966571708719546e-08,0.0002716357328089544,1.4151503628273361e-08,0.0029253507388292683,1.0295405791276775e-06,0.0011271545139815201,2.181738314927679e-07,0.0036348060261146243,4.435259721063605e-06,4.084137853442126e-09,9.429740437912751e-05,1.3316629096507014e-05,1.6680297175163237e-05
46,8.468721562563134e-06,1.4539867052872755e-05,0.00022439638813174855,0.003850289844233253,4.6652134262467334e-05,0.007336243658443001,7.852221736855102e-05,0.00026306123186535616,1.796807416695263e-06,0.9700973164193545,5.826774403902671e-07,7.275128528210407e-09,1.4116126369090943e-07,0.0002537411457414805,3.539141770699923e-08,0.0086338083172423,4.043348058200281e-06,0.0018672013684538776,4.738993267496562e-07,0.007091427408957057,8.480035277043145e-06,1.6269178293724155e-08,0.00016483985744678928,3.479377223932632e-05,1.9120783137685597e-05
47,7.305882893595399e-06,1.7970950692078418e-05,0.0001954730993038945,0.0020498243455884537,3.795409883788393e-05,0.0037693412487257863,0.00011615811059622488,0.0001958826749991253,1.5406033376144807e-06,0.9845032868831184,3.430685341799312e-07,5.271583817836869e-09,4.0042118841978794e-08,0.00018457494434731498,2.5368729031820437e-08,0.0048693316418563694,7.151264700849571e-07,0.0010176812857322934,3.2512527804877917e-07,0.0029126513374084545,4.032602224370029e-06,5.783114077744338e-09,8.518365323004167e-05,1.73163021949389e-05,1.3030549084822946e-05
48,1.0707064884983299e-05,1.8211030906207998e-05,0.00032872712113582014,0.0025986515450411017,5.9077008760438335e-05,0.003660405853279494,0.00017875441515003963,0.00021919894658910531,2.6628813607996915e-06,0.9791546414026784,3.5121919716702403e-07,8.918560490268805e-09,6.710112642521625e-08,0.00018508018304463016,5.461758736735105e-08,0.00756799728664152,9.340651272576708e-07,0.0015420367181214574,2.3566303727669762e-07,0.004338967643101465,5.686548116677451e-06,7.813226171028816e-09,8.4003826897809e-05,1.632858903963612e-05,2.7202537388348523e-05
49,7.835692258724603e-06,1.6989363079332776e-05,0.00023407120865083815,0.002209719921130725,3.620333434131701e-05,0.0039997840691150845,0.00011451060831286193,0.00018611089981488782,1.731593976416855e-06,0.982956915088314,3.2229821208196637e-07,6.178164719779618e-09,5.45630039254123e-08,0.00017148603708366935,2.939298594953354e-08,0.005562283787720951,7.679428410537515e-07,0.0010913030493173313,3.1961072044577486e-07,0.0032892600155907704,4.60015619056869e-06,6.174740419064222e-09,8.19084639343719e-05,1.8891901702233475e-05,1.4888648797330285e-05
50,6.271077535125781e-05,9.045730860818865e-05,0.0013638916570961072,0.02534112468132114,0.00026105249547333896,0.08163540443148778,0.00010042144890752317,0.0003309144361931029,7.726110324899035e-05,0.7732328774620628,4.814696347660347e-06,2.6945718840975366e-08,8.968237886998409e-07,0.00041314783163510425,2.958631454670999e-07,0.07645068733666606,1.4722693824118874e-05,0.01169316967195266,2.566544272977634e-06,0.027904659185607295,4.1714692006542395e-05,6.734970037520811e-08,0.0002989704585852476,0.0006273972799714307,5.074682702728632e-05
51,8.671977404326197e-06,1.3873700939284863e-05,0.000258272456724639,0.0014860186160427454,6.720313074895134e-05,0.005064409379662392,0.00015468527371252655,0.00019212067091042457,2.1283492942660745e-06,0.9783811182388211,3.9567577215295104e-07,6.068603353912734e-09,8.906948410330984e-08,0.00012895985554908914,4.2909825468449334e-08,0.008801681185022323,1.032496449283011e-06,0.0010503886259125878,4.3641717291756167e-07,0.004245637881620717,5.763687473800946e-06,6.652371677769026e-09,9.415024363993597e-05,2.5584431429253445e-05,1.7323005412540977e-05
52,5.456508099604408e-06,8.543746040792011e-05,0.0004963192893910064,0.007308187881988446,6.461862846374387e-05,0.0016209159023843993,0.0006230584037077044,0.0006764422506469143,2.2801519628473093e-06,0.9776344795240793,5.352534595392554e-07,3.07331566724858e-08,5.1419396524802185e-08,0.00017704294629074832,2.2057490225369822e-08,0.005260434518746197,3.870728386135411e-07,0.00011583740494305384,8.022302918201207e-07,0.005556311431837188,1.3113937842197881e-05,3.766690867259614e-09,0.00032154758274807965,2.8982877337507654e-05,7.7007657988974e-06
53,5.863786883812355e-06,1.6136306557862902e-05,0.00021835392322830594,0.00178632823139126,5.3115489620083154e-05,0.002250308869806804,0.00025289346085795913,0.00026547604965848637,1.6512104164130224e-06,0.9846669325666113,3.4374904610459224e-07,8.686236223804658e-09,4.671168885368264e-08,0.00015265421076576368,3.334324569357829e-08,0.006095859370918327,4.5049455986928183e-07,0.0006753592735129173,2.790405482643856e-07,0.0034395103170620747,4.2497375724490745e-06,4.866906579954485e-09,8.566096682020877e-05,1.484813066005086e-05,1.3631205424639996e-05
54,9.616201872800103e-06,2.453137216324009e-05,0.00016910762647001166,0.0012398239912941112,3.9293728488702255e-05,0.0029440523559908323,0.00012011052214113251,0.00014336153124248018,1.5770128805204086e-06,0.9872022390279053,2.0044824124207481e-07,4.828580251522341e-09,3.134464706182255e-08,0.00017545030472515086,4.175568545629928e-08,0.004667640894596464,4.7873642080543e-07,0.0008411001007243326,3.0840125630417873e-07,0.0023444220295024847,2.4886440150106966e-06,4.672177994373176e-09,4.6321023043428066e-05,8.948007854540016e-06,1.8845438080351878e-05
55,3.503757617703224e-05,3.921062697181028e-05,0.0005750726049796117,0.004198349227111267,9.48983310717889e-05,0.006914947400303607,0.00032207572590882844,0.0003049380189784283,1.2310857918430384e-05,0.9606203894265395,5.285087398149358e-07,3.0861677955768434e-08,3.657153966018382e-07,0.00022146184530392655,8.287307612840353e-08,0.01794224428796841,1.2767888535446802e-06,0.003263616107421163,8.702435496598945e-07,0.005300662965578486,9.626280139362092e-06,1.1731141625499847e-08,5.371542099288555e-05,5.349835242192841e-05,3.477822177839441e-05
56,9.255146997858632e-06,1.9149359153887927e-05,0.00021387199344929817,0.0020031398416624963,4.549527063697505e-05,0.0038373806747724294,0.00013394343420506324,0.00020441789932449563,1.927079366328214e-06,0.9824635079447662,3.382652294774595e-07,6.9489454021046956e-09,6.463021378961634e-08,0.00018249931904929144,3.178128015649788e-08,0.006171369083920779,8.604516236065663e-07,0.0011532652433284478,3.837807563980545e-07,0.0034429699133648314,4.556105867633531e-06,6.643701056475176e-09,7.647959637473216e-05,1.9367581337177486e-05,1.5712010672100686e-05
57,8.172156154373399e-06,1.849799373094058e-05,0.00019835234000126177,0.0019052108366986573,4.5019753288834966e-05,0.003280220773449307,0.0001451996722787541,0.00025789870708312415,2.168671860713854e-06,0.9795718716045876,2.9020574859723323e-07,9.51499343185783e-09,9.453682013140662e-08,0.00017251659907323053,4.0219564469092615e-08,0.008993051324810696,9.16788830027158e-07,0.0010100202797811168,4.4657490391382245e-07,0.004288341313537138,5.127973512839213e-06,8.133467926419662e-09,6.382058552552108e-05,1.7456286649683225e-05,1.5247153647836289e-05
58,1.060610531195073e-05,2.007361270996379e-05,0.00024283671735885463,0.0022104924077470697,4.9106015969858005e-05,0.004573775088353373,0.0001407528292406193,0.00021695175357227164,2.181339618065818e-06,0.9807038413938443,4.1804503427161546e-07,7.395522927595954e-09,7.238156326174363e-08,0.00018485544751764977,3.094632428045389e-08,0.006784548731622939,8.510995014556751e-07,0.0012226758721836542,4.5950624727690207e-07,0.0035040357694836053,4.721158972033937e-06,6.53778590196253e-09,8.52309428510833e-05,2.66994827775145e-05,1.4769418885938946e-05
59,9.330139395157849e-06,1.898673463670229e-05,0.00024882863942182585,0.0021954092672942507,4.5048635747272466e-05,0.004480315098304624,0.00013253609888726526,0.00020762493526616492,2.0485658895468152e-06,0.9811792707182047,3.975099348110779e-07,6.598952463842811e-09,6.104619766085111e-08,0.00016640694493761732,3.110441929065263e-08,0.006647365214688898,7.612788355707109e-07,0.0011080362006325502,4.153299675165563e-07,0.0034285274221227307,4.655492736448006e-06,6.158507994968956e-09,8.492920777447364e-05,2.514990495682701e-05,1.3851752287904583e-05
60,8.589387398326866e-06,1.8751025465871284e-05,0.00020555321949702594,0.00196993482119989,4.3257577365484736e-05,0.003826847654381832,0.00012568758467185588,0.00020061204099325436,1.8251781604111355e-06,0.9828988696343023,3.2963550533182667e-07,6.038691363725182e-09,5.30539729940549e-08,0.00017509761390418322,3.053839915657555e-08,0.006044537883331529,7.973593847346431e-07,0.001107098567311762,3.618433451403374e-07,0.0032594072339085,4.29223208303315e-06,6.310046705595838e-09,7.519441202528977e-05,1.826962679948688e-05,1.4589527854152078e-05
61,9.141465136233784e-06,1.8662417930519522e-05,0.00023993590211110485,0.002107334673985427,4.319637162782115e-05,0.0042212358868755125,0.00013297788073671934,0.00020438297214957056,1.965725075405784e-06,0.9821002429355066,3.723562076054868e-07,6.609696828298762e-09,6.026221972335723e-08,0.00016389304269345085,3.085557729493023e-08,0.006249879360808916,7.512287323513314e-07,0.0011054281223328956,4.0427532777546163e-07,0.003276739487856695,4.6213468916143116e-06,6.201415638180243e-09,8.138771558520705e-05,2.3296128164332146e-05,1.4046775354880598e-05
62,8.589387398326866e-06,1.8751025465871284e-05,0.00020555321949702594,0.00196993482119989,4.3257577365484736e-05,0.003826847654381832,0.00012568758467185588,0.00020061204099325436,1.8251781604111355e-06,0.9828988696343023,3.2963550533182667e-07,6.038691363725182e-09,5.30539729940549e-08,0.00017509761390418322,3.053839915657555e-08,0.006044537883331529,7.973593847346431e-07,0.001107098567311762,3.618433451403374e-07,0.0032594072339085,4.29223208303315e-06,6.310046705595838e-09,7.519441202528977e-05,1.826962679948688e-05,1.4589527854152078e-05
63,8.507259912704117e-06,2.0497549786234483e-05,0.00019443286639309385,0.0019376462108394712,4.245805543273616e-05,0.0036442946796722757,0.00012112663602735073,0.00018293918629628343,1.7770745451079637e-06,0.9837348149685424,3.0995520951544034e-07,5.967421377487421e-09,5.0643226941341865e-08,0.00017812858883924174,2.999023768261559e-08,0.005584711531513898,7.677932145264218e-07,0.0010443427983894095,3.5503508669076484e-07,0.003192357968367102,4.242702567810521e-06,6.106499126642457e-09,7.421202332226042e-05,1.727733325795989e-05,1.4707075398757011e-05
64,7.403246307444434e-06,1.7986434724422103e-05,0.00019692594948173453,0.0018974791551081471,4.076146861955739e-05,0.0037468906709514508,0.00011930333585643678,0.0001779657745035937,1.7514066995425565e-06,0.9835395179221825,3.012403565798843e-07,6.125007977175789e-09,5.573540259081324e-08,0.00016483204034662888,3.043906389368594e-08,0.005661153876955697,8.220911478360789e-07,0.0010123291025400554,3.509366739410838e-07,0.0032969689208343063,5.119137509179339e-06,6.6006298941106926e-09,7.95250141100713e-05,1.7860513441853014e-05,1.4652861544803585e-05
65,2.337308396237958e-05,3.316361132332394e-05,0.000385791218136222,0.003297139099389601,8.791296235585758e-05,0.008445585128982106,0.0001854254278959996,0.0002839756364516932,6.637280176136917e-06,0.9659515527394364,7.645765132087585e-07,1.3222965776355257e-08,1.4771561166132345e-07,0.000248895687450569,6.670926752368197e-08,0.013675229454351581,1.5674726082661176e-06,0.0025874584125766564,8.641605004025471e-07,0.00461548493664115,7.25588353786032e-06,1.3270900288297876e-08,8.700021582049512e-05,5.0461728209006994e-05,2.4220364935826274e-05
66,9.14784866408562e-06,2.7140087422932582e-05,0.0001979543297094772,0.0034014606585480622,2.8389649961708263e-05,0.003225536257793526,0.00015272131863512808,0.0004767497905978316,2.3106453155603997e-06,0.9807916266056548,4.258616762622751e-07,1.1314024081235399e-08,3.512050989130077e-08,0.0003462880251391375,3.671729255659225e-08,0.007450995767453564,6.732473571682069e-07,0.0013409348501337655,4.795617990981279e-07,0.002455383514297869,3.7301195596410294e-06,1.1141326043656257e-08,6.162262799334629e-05,1.3601142178932197e-05,1.2733796955527264e-05
67,1.0537417192173734e-05,2.2104758071644138e-05,0.0002337315318367378,0.001752005177090835,4.7530414205451006e-05,0.0035761235165748828,0.00016350248980349176,0.0002424690732714402,2.292267856327409e-06,0.9832036952073177,3.4687095203309437e-07,6.932940698692506e-09,4.804800500188802e-08,0.00016157720578972891,4.0817758933390693e-08,0.006604918533432086,6.785150534043101e-07,0.0011564251394517427,4.4958567872268394e-07,0.002725445877818474,4.310681487427997e-06,7.059509317045778e-09,5.954382587983172e-05,1.6926003188488184e-05,1.52830498333198e-05
68,8.58962974764547e-06,1.3362637189687729e-05,0.00032959609166395787,0.0036673387471344906,2.1848816216095334e-05,0.0037767724979626597,9.770294557412304e-05,0.00018206836260440827,1.4356164423678025e-06,0.9838444636763173,2.881669353333769e-07,5.787902313602527e-09,4.5774707169044384e-08,0.00017894567804068034,1.0887112567998658e-08,0.003797647964920355,6.223982458632109e-07,0.0015419329407073013,1.9505533890218983e-07,0.0024143970000761314,5.750119038806339e-06,3.9656048662248825e-09,8.416150800102078e-05,2.1304948334098903e-05,1.1508784181883065e-05
69,1.4670900698128987e-05,2.457328019132351e-05,0.00020023204231890893,0.0013159091287867207,4.859816330372265e-05,0.003999599707981049,0.00013133465188840186,0.0001830487265326127,2.726698970614467e-06,0.9838465901599723,2.3584593857730194e-07,5.0572810016119265e-09,4.285229946488091e-08,0.000180849168170403,5.205720458002467e-08,0.006106112974950087,9.155843346215977e-07,0.0017708432795370563,4.051770920565303e-07,0.0021011860084347725,3.2647574021921455e-06,8.600353190464202e-09,3.5986756390933365e-05,9.905812219570261e-06,2.2902607747557427e-05
70,5.277511704290461e-06,2.134582048760913e-05,0.0001622286777393176,0.0014060844145108694,4.023550647928181e-05,0.007768493440774727,0.00010139217960304959,0.00011393958815570394,1.872197613797938e-06,0.983880771981462,6.38641513877015e-07,3.656021477775309e-09,2.7531549458876777e-08,0.00010498737215225845,2.720293769548367e-08,0.0038913616183381093,5.924967226726565e-07,0.0006707165275446025,9.580384579190664e-07,0.0016102596180503862,7.809534843889888e-06,7.4223737138186024e-09,0.00015452504430893787,4.8783550067649596e-05,7.66042658680169e-06
71,1.8460120466175212e-05,1.8342717332715798e-05,0.0008523395254261994,0.0029145712501736304,3.0340375131222605e-05,0.011431358903744806,0.00020424218450005067,0.0004679262257835119,4.229538621033269e-06,0.9728735509822314,1.072600340678371e-06,9.042896146743509e-09,3.7376560656754893e-08,0.00015779050136311885,8.379292764218234e-08,0.007151607671672186,9.187695258179581e-07,0.002618047430238645,1.0699308882267524e-06,0.0011142178223972972,7.359533617094231e-06,1.981440180205558e-08,7.735963032670976e-05,3.697182728831954e-05,1.8072432144904468e-05
