,0,1,2,3,4,5,6,7,8,9,10,11,12,13,14,15,16,17,18,19,20,21,22,23,24
0,0.00033653380858698076,7.480127869657753e-08,0.02277805095157382,0.11647880739520629,0.0005305415751489609,9.091721189402824e-05,2.7413503790097606e-06,6.048216648592992e-08,1.7655059911414415e-05,0.09536133606088212,0.005093399940022502,7.044556849486674e-09,3.184273813808881e-06,0.0062043881463522575,1.1780647352283465e-05,0.00011824192996374454,1.9492484485657116e-06,0.00031692780260602135,1.1093079438682242e-07,8.51859269113178e-05,0.00013173284230766493,9.441877821991888e-07,1.5396082004953903e-06,0.7524333789937497,5.097801103377518e-07
1,0.00037132504939372163,6.812647862374789e-08,0.019177047416573747,0.09109138488623068,0.0004777293451036839,0.00013403127752258123,3.2984964052824976e-06,8.776803120466301e-08,2.8914173143925946e-05,0.1731704617966914,0.0031315650208246677,5.925344472828026e-09,3.0324506133952896e-06,0.004288264774496886,1.0239920099345567e-05,0.00023167182365224065,1.8718114451623855e-06,0.0002771381361156789,1.9143884503423682e-07,0.00014715321311870998,0.00011602379217819768,1.0171148228176699e-06,1.5638616529891746e-06,0.7073354123298617,5.000513537783599e-07
2,0.00028732705200887494,4.8225032578219855e-08,0.017464186513293144,0.06808270338813256,0.00042604162044887023,0.00010786622135010989,3.1291313899047943e-06,7.533382197096787e-08,2.3169389188658404e-05,0.14870325217544714,0.0026903785737290506,4.9096313219050385e-09,2.0799158792720715e-06,0.005699545360396972,1.2617042482765533e-05,0.00012701728862094888,1.374728599071611e-06,0.000280857318762087,1.662765353883548e-07,0.00024231055382890876,0.00013037002920826104,1.5061716033206503e-06,2.2143157031607245e-06,0.7557109921485813,7.663163245160354e-07
3,0.00032760512277690525,6.380095579382001e-08,0.02005593156259483,0.09717665256652086,0.000437841736447464,0.00012565113450915266,3.3051617905548534e-06,7.338539802189966e-08,2.0221740493209087e-05,0.12732026314475886,0.0037726572509486564,6.720001200532642e-09,2.981472420604448e-06,0.005610814451239644,1.1826708738291e-05,0.0001561334187479661,1.920328256069462e-06,0.00032307219078110135,1.515327288336982e-07,0.00014633515766479085,0.00014296536690932472,1.1293867465804856e-06,1.9511300183204454e-06,0.7443598382612068,6.072673463541135e-07
4,0.00035134969158118803,8.794969481501222e-08,0.02192545775627097,0.1161564579316013,0.0005447519525283359,0.00014347487960932303,3.859542535954515e-06,8.27850735889283e-08,2.3032927446879297e-05,0.13139599500175167,0.0049697138825634014,1.0596756436365893e-08,4.66559479370354e-06,0.0076951458194939905,1.1638143964362232e-05,0.0001763488663018272,2.5926481753157594e-06,0.00041915978617262386,1.766995180851729e-07,0.0001594939243149899,0.00016892568846499988,1.3560943001980902e-06,2.3634548339967196e-06,0.7158431293100324,7.290722195265309e-07
5,0.00031067605688317213,3.7264200382661924e-08,0.015149402174442996,0.0928946758734442,0.0002969859663823298,8.188477191171681e-05,2.6745734810565293e-06,6.132416553158758e-08,1.6250759864174243e-05,0.11941270264382968,0.002755991897731505,5.2425204628800595e-09,2.2225783143802577e-06,0.004789373533889133,7.311980199043466e-06,0.00012948163790536083,1.6884376623930074e-06,0.0004005643074536277,9.30071940334941e-08,0.00014410980540578494,0.00011013523734490985,8.71968524259446e-07,1.6397618497743575e-06,0.7634905962089392,5.62986460861102e-07
6,0.00032760512277690525,6.380095579382001e-08,0.02005593156259483,0.09717665256652086,0.000437841736447464,0.00012565113450915266,3.3051617905548534e-06,7.338539802189966e-08,2.0221740493209087e-05,0.12732026314475886,0.0037726572509486564,6.720001200532642e-09,2.981472420604448e-06,0.005610814451239644,1.1826708738291e-05,0.0001561334187479661,1.920328256069462e-06,0.00032307219078110135,1.515327288336982e-07,0.00014633515766479085,0.00014296536690932472,1.1293867465804856e-06,1.9511300183204454e-06,0.7443598382612068,6.072673463541135e-07
7,0.0003141365442172197,6.114626972885025e-08,0.018844766944803176,0.09527203506260157,0.0004291111136160622,0.00012571132007567097,3.271671816450868e-06,6.994056438288385e-08,2.030788030480517e-05,0.12889550817853102,0.003649260604737635,6.5160553159704204e-09,2.7806807537229954e-06,0.005694463817557027,1.1830426509451116e-05,0.00015717415753462884,1.8799254821669704e-06,0.00031945949042188053,1.4538280812462252e-07,0.00014760478962820315,0.00014147031521215974,1.120585231226388e-06,1.996551330176643e-06,0.7459652015710905,6.25382847723685e-07
8,0.0012002796462650081,7.594603988681471e-07,0.090656659576437,0.36438763026625337,0.0031206506835477076,0.001614565131286672,2.9812047234209872e-05,1.053662174862149e-06,4.331833202596769e-05,0.2549027071635051,0.019189482253851555,2.3313999969219316e-07,0.00010094060954862672,0.015773583505566072,2.761262566323533e-05,0.002080665788805692,1.625001978459383e-05,0.001660712198149409,4.112870154868339e-06,0.0007548794503860685,0.0013657292846527191,4.371690668879899e-06,8.62856467537736e-06,0.24305438490563364,9.771233308405551e-07
9,0.001063681396854009,7.584709838933278e-07,0.03882910767860587,0.208533331173424,0.0023846549418320546,0.0008885494763974698,3.570757959954596e-05,2.873632765053647e-07,5.37898862276034e-05,0.1996127823250171,0.017103438145117833,1.1809820905049656e-07,3.0744988983425884e-05,0.018535780810423803,4.1772744488895296e-05,0.0009623327382584522,8.58680985627823e-06,0.0016212141012037305,1.3015155465378274e-06,0.00037114805258452416,0.0007315420050638997,3.0785172490385646e-06,7.195033686870472e-06,0.5091762566626461,2.8394844634661893e-06
10,0.00032760512277690525,6.380095579382001e-08,0.02005593156259483,0.09717665256652086,0.000437841736447464,0.00012565113450915266,3.3051617905548534e-06,7.338539802189966e-08,2.0221740493209087e-05,0.12732026314475886,0.0037726572509486564,6.720001200532642e-09,2.981472420604448e-06,0.005610814451239644,1.1826708738291e-05,0.0001561334187479661,1.920328256069462e-06,0.00032307219078110135,1.515327288336982e-07,0.00014633515766479085,0.00014296536690932472,1.1293867465804856e-06,1.9511300183204454e-06,0.7443598382612068,6.072673463541135e-07
11,0.00035722690609264746,7.35938061425317e-08,0.021671244030268624,0.10838498312520335,0.00047344798623338147,0.0001349996906777089,3.6630152363011237e-06,8.775181842883676e-08,2.168064017786788e-05,0.1306124527573225,0.004177843334464283,8.307088293695173e-09,3.836823839345966e-06,0.006012688336209817,1.182530266987906e-05,0.00017586138095278427,2.2884228853707377e-06,0.00036342885567707873,1.7446450903519397e-07,0.00015509669297213965,0.00015334449148256794,1.2334688097096615e-06,2.105769394991762e-06,0.7272797775750444,6.272771631743602e-07
12,0.00028086252069588116,3.794056631712867e-08,0.018357269340654455,0.09794469729708936,0.00022161212141850797,8.919576233364452e-05,2.5131622647753264e-06,9.468325263827253e-08,1.682502402817781e-05,0.12244229778697777,0.0030993916466404248,3.735539791014573e-09,2.5035610744354894e-06,0.002839205782724951,1.086581681970252e-05,0.0001527386519595636,1.8940254584316167e-06,0.00017534821871055344,1.3014135810182202e-07,8.92566249295894e-05,0.00010530112970892726,1.040973102530317e-06,1.182769262929081e-06,0.7541654716007864,2.596826422511972e-07
13,0.00032536367017047837,6.51851444164916e-08,0.020057559730351955,0.09953912955098204,0.0004483475978391027,0.00012312497741317127,3.2434577533203973e-06,7.210757791626872e-08,1.9961006242564924e-05,0.12182526215991425,0.004097208014334741,6.948277123250899e-09,3.1171854950515483e-06,0.005761198362695908,1.2040049927320465e-05,0.0001537213235612063,1.9515384311253334e-06,0.0003204840977296537,1.507723556448394e-07,0.00014004480806376253,0.0001449481842671127,1.12225935140262e-06,2.0052551999168737e-06,0.7470192757455991,5.960113216257251e-07
14,7.774011049767862e-05,1.2404880915078385e-09,0.007479984616120747,0.056361511184074425,2.4578796880631778e-05,5.339024263000497e-06,3.6031085127257705e-07,4.103184286142156e-08,6.96069689555024e-06,0.058915030570015264,0.00028911204536256305,1.6131079377624412e-10,1.1757863041816316e-07,0.000666007405573811,3.0400031950813613e-06,1.7009510567463222e-05,5.159430713806203e-07,6.710666517522068e-05,6.355289358329234e-09,4.315565944567805e-05,1.8057893376067307e-05,4.435999400582588e-07,3.8191201873094806e-07,0.8760233804481186,1.1723699531401157e-07
15,0.00032760512277690525,6.380095579382001e-08,0.02005593156259483,0.09717665256652086,0.000437841736447464,0.00012565113450915266,3.3051617905548534e-06,7.338539802189966e-08,2.0221740493209087e-05,0.12732026314475886,0.0037726572509486564,6.720001200532642e-09,2.981472420604448e-06,0.005610814451239644,1.1826708738291e-05,0.0001561334187479661,1.920328256069462e-06,0.00032307219078110135,1.515327288336982e-07,0.00014633515766479085,0.00014296536690932472,1.1293867465804856e-06,1.9511300183204454e-06,0.7443598382612068,6.072673463541135e-07
16,0.0003142788180653403,4.54305461852106e-08,0.0136059819456769,0.10737383640123783,0.0003449996957111326,9.97331562689472e-05,3.609717836073825e-06,5.585398507760707e-08,1.3451253204114631e-05,0.18321889957371085,0.003331582444830648,9.41999050163509e-09,2.2105234656464883e-06,0.007814451902227687,8.2364445985264e-06,0.000170469862580417,2.0226696325861566e-06,0.0006723668197465689,1.0317035350602024e-07,0.00017391515579012274,0.0002485362386695198,1.2148118960746286e-06,2.130938857965238e-06,0.6825969159140819,9.41837035834747e-07
17,0.0005027299856585061,7.735452322052504e-08,0.021987553257310315,0.1291153595652199,0.000496799887643516,0.000108228452400918,4.007911959935239e-06,9.88951709719202e-08,1.8198891892904594e-05,0.12900309507200242,0.004845013100148869,1.8365830413210987e-08,5.481741132991346e-06,0.01166077139240325,7.969585995795753e-06,0.00015151866020767814,3.539583759953038e-06,0.0010759094850593621,1.7043100917335139e-07,0.000253729404432386,0.00023782435325623422,1.730816686864779e-06,3.6326022558662597e-06,0.7005152387010887,1.3025029501771452e-06
18,0.00042759118881959934,8.478580659254809e-08,0.011883767969601439,0.0731396419678491,0.00034023144928429805,0.00011550863554466525,4.434446785226279e-06,6.325096176131412e-08,2.5070982296456305e-05,0.17578664872077326,0.003626154761334981,1.4279189533886624e-08,3.315243684694619e-06,0.011303783056008097,8.850660534285075e-06,0.00014880137024606848,3.2282419030471343e-06,0.0008754800982905785,1.4054521331592645e-07,0.0002173761072195029,0.00016547920479706663,2.031767992823517e-06,2.9453681630765184e-06,0.721917441268931,1.9146287694696056e-06
19,0.00034739480185088154,7.616033681710436e-08,0.029055214236672084,0.1362090018108302,0.0006010030088240686,0.0001255587042041135,4.151368817944599e-06,1.175020737763004e-07,2.211510354105893e-05,0.12462564567686811,0.004345240302203686,9.777473533632875e-09,5.010520411028324e-06,0.006434864348881302,1.186511017607283e-05,0.00016904813110617196,2.3425804348445103e-06,0.0003928574460069781,1.9250815479680963e-07,0.0001785469422077392,0.0001656270957350263,1.417391132546605e-06,1.9220109756917706e-06,0.6973002120612453,5.653998363679719e-07
20,0.0002078472471058098,5.739090847672143e-08,0.021923311918562168,0.10098674588294981,0.0004162559724288121,0.00013077115962777707,3.977585778796763e-06,9.543741380258598e-08,1.7241020852104236e-05,0.10518811730533693,0.004461701064544456,5.284031051775918e-09,2.648905978071563e-06,0.004971393900314503,2.6145337676717064e-05,0.00013444513464700675,1.5865921767901583e-06,0.0001627639430829671,1.7756595867888796e-07,0.0001386556751293033,0.0001963916245923253,1.6213199930799074e-06,2.291413513862276e-06,0.761025271174027,4.801433697361176e-07
21,0.00038174867974802523,6.332248820779641e-08,0.014920246819208798,0.09005882282288898,0.0004746179210388119,8.618648186268893e-05,2.246269809689804e-06,5.0074802349986225e-08,1.974085920159127e-05,0.14596454852727156,0.003814751066880381,7.75962831274376e-09,2.4730553944919778e-06,0.006004762743121942,7.074189595522093e-06,0.0001382049226730842,1.635905318010118e-06,0.0004257261163898921,1.19213507521319e-07,0.00012982078223091188,0.00016337903484228824,8.708886685095512e-07,1.7679474884459014e-06,0.7374004598352334,6.747607067559805e-07
22,0.00034278166237964984,3.930683512493585e-08,0.01853391145580081,0.10149979207581535,0.0002797731293507817,7.465432663353925e-05,2.0558026686123593e-06,6.321764201543748e-08,1.3407450325474388e-05,0.1321118705054738,0.003600538682281488,5.7370423694795e-09,2.3175362454812485e-06,0.004483318025135445,7.658718722758271e-06,0.00012918964620627958,2.0600346867302966e-06,0.0003570134331968079,1.0555149332973018e-07,0.00010654953897219115,0.00013877058653389668,9.917124049109484e-07,1.3800266934287277e-06,0.738311340928918,4.109085414047461e-07
23,0.00032760512277690525,6.380095579382001e-08,0.02005593156259483,0.09717665256652086,0.000437841736447464,0.00012565113450915266,3.3051617905548534e-06,7.338539802189966e-08,2.0221740493209087e-05,0.12732026314475886,0.0037726572509486564,6.720001200532642e-09,2.981472420604448e-06,0.005610814451239644,1.1826708738291e-05,0.0001561334187479661,1.920328256069462e-06,0.00032307219078110135,1.515327288336982e-07,0.00014633515766479085,0.00014296536690932472,1.1293867465804856e-06,1.9511300183204454e-06,0.7443598382612068,6.072673463541135e-07
24,0.00029517928378021755,7.000536655483218e-08,0.019847201262844238,0.16151831834419728,0.0007324964389714302,0.00012939772348641112,3.5492234566732423e-06,8.222791046825843e-08,2.3351105149850592e-05,0.11802327179223045,0.004982558602156506,1.0904411418784168e-08,5.229236600379991e-06,0.00919585944080175,9.243802056311262e-06,0.00022454525257935133,2.343423857113316e-06,0.0004743874672219326,1.4058549123436392e-07,0.00016756141779603046,0.00014969617242386956,9.786673878325802e-07,2.7139535096483334e-06,0.6842111620075858,6.516587271993725e-07
25,0.0003470410702278676,5.877418685200958e-08,0.0210927301056502,0.11330069411158555,0.00044601961332655813,0.00011349552139423769,3.4449089998005338e-06,8.881062681741976e-08,1.917766798531571e-05,0.12119129098099099,0.0041694670585205075,6.958745620501313e-09,3.4876522594661894e-06,0.005357159561259965,1.1737789649812818e-05,0.0001682963214693402,2.0070197252269213e-06,0.0003390379482592218,1.5779092508855452e-07,0.00014602232045521737,0.00015132331173546562,1.0891496298702703e-06,2.0273748544001683e-06,0.7331336075778928,5.305996437780469e-07
26,0.00027639110462810584,3.030733682828131e-08,0.01030992917068809,0.054832377448435894,0.00020694966647674773,5.784326348063599e-05,1.314760120961897e-06,4.0693324383639635e-08,1.7689471483485764e-05,0.05799550926512372,0.002169142108479961,2.070615807923757e-09,1.1681721897558707e-06,0.002100731475893152,7.294623794660668e-06,6.884493778672618e-05,9.984928162279855e-07,0.00013977643955504613,6.430323360316318e-08,7.56230568049848e-05,5.4863722927973865e-05,4.4206476495382416e-07,1.410071207120112e-06,0.8716812416906188,3.216182126659669e-07
27,0.00021044117935952098,4.8106816526545574e-08,0.01305576482215473,0.06455397277433197,0.000323820118685917,0.00010727222686912934,3.0976040711037084e-06,5.7745883272584585e-08,2.4544244338608602e-05,0.12784475384049546,0.0027837867844414414,4.021275560568174e-09,1.8747488884833004e-06,0.004796686390057363,1.371700869436889e-05,0.00012532303171953595,1.4602720217084745e-06,0.000187561987835673,1.1926238120254634e-07,0.00014645035745005624,9.64683176106646e-05,1.3100174132860584e-06,1.7818284859076923e-06,0.7857190712962151,6.120125035984357e-07
28,0.00032760512277690525,6.380095579382001e-08,0.02005593156259483,0.09717665256652086,0.000437841736447464,0.00012565113450915266,3.3051617905548534e-06,7.338539802189966e-08,2.0221740493209087e-05,0.12732026314475886,0.0037726572509486564,6.720001200532642e-09,2.981472420604448e-06,0.005610814451239644,1.1826708738291e-05,0.0001561334187479661,1.920328256069462e-06,0.00032307219078110135,1.515327288336982e-07,0.00014633515766479085,0.00014296536690932472,1.1293867465804856e-06,1.9511300183204454e-06,0.7443598382612068,6.072673463541135e-07
29,0.00032760512277690525,6.380095579382001e-08,0.02005593156259483,0.09717665256652086,0.000437841736447464,0.00012565113450915266,3.3051617905548534e-06,7.338539802189966e-08,2.0221740493209087e-05,0.12732026314475886,0.0037726572509486564,6.720001200532642e-09,2.981472420604448e-06,0.005610814451239644,1.1826708738291e-05,0.0001561334187479661,1.920328256069462e-06,0.00032307219078110135,1.515327288336982e-07,0.00014633515766479085,0.00014296536690932472,1.1293867465804856e-06,1.9511300183204454e-06,0.7443598382612068,6.072673463541135e-07
30,0.00032760512277690525,6.380095579382001e-08,0.02005593156259483,0.09717665256652086,0.000437841736447464,0.00012565113450915266,3.3051617905548534e-06,7.338539802189966e-08,2.0221740493209087e-05,0.12732026314475886,0.0037726572509486564,6.720001200532642e-09,2.981472420604448e-06,0.005610814451239644,1.1826708738291e-05,0.0001561334187479661,1.920328256069462e-06,0.00032307219078110135,1.515327288336982e-07,0.00014633515766479085,0.00014296536690932472,1.1293867465804856e-06,1.9511300183204454e-06,0.7443598382612068,6.072673463541135e-07
31,0.000646536391402388,6.866590395444036e-08,0.0395722287087356,0.11339549202261562,0.00047808887930389445,0.00010382955296211543,3.4831308989487224e-06,1.5901645007343018e-07,1.6332491993682606e-05,0.13063245167188564,0.0032860469839233178,9.418131689769519e-09,4.523515865506287e-06,0.004717088041379992,9.413549397285706e-06,0.0001440151740034929,2.2367766554549105e-06,0.0005859062151572942,2.516606484991963e-07,0.00022562190568099693,0.00019891394710813757,1.343481115770893e-06,1.899747754573265e-06,0.7059734069065172,6.521445087684323e-07
32,0.0003628593022310015,7.323811895561703e-08,0.022425077534833887,0.09777023859089469,0.0005031624041874029,0.00014191230857085748,3.7193053738147098e-06,8.732212620487746e-08,2.1275651542593446e-05,0.13466653031779754,0.00413954057360121,7.933471425788056e-09,3.4511401145611868e-06,0.0059767845527906125,1.3497119423463954e-05,0.00017610184404099922,2.038409664071242e-06,0.00034326666265890274,2.025071084701621e-07,0.00017156399146894634,0.00016329924886437195,1.3275171855832516e-06,2.2292686527561393e-06,0.7331110872164717,6.660388060146016e-07
33,0.0004782310666462569,9.503727236453369e-08,0.022881663142134967,0.18879613242545554,0.00042511513378983815,0.0001747320236303847,6.052717048547149e-06,1.6780691060724494e-07,2.701100688276059e-05,0.20800915729557606,0.005808010321696317,2.5930754859256672e-08,1.2763647019565019e-05,0.012894986569837267,6.852529427967294e-06,0.00038204402690947715,8.523736526412694e-06,0.0010812826716255267,2.3249415461042572e-07,0.0002083598044810594,0.00015383681919980472,2.570271223144945e-06,2.4734442767888765e-06,0.5586389146582387,7.654192810452173e-07
34,0.0005068145534723914,8.954277066111875e-08,0.02109581663663569,0.05677554381236295,0.0004977293460106348,7.140546620002608e-05,1.6083675574201267e-06,5.2180935874309835e-08,2.153466845174453e-05,0.07965866258042946,0.005043162266125937,5.315449796223673e-09,2.768544201156843e-06,0.004091293984180653,9.892819794324824e-06,7.239866547866566e-05,1.3054861018075444e-06,0.00020341025829097143,2.0912841714473207e-07,8.413798638255827e-05,0.00010041095436312041,9.350216045903331e-07,1.627567222244418e-06,0.8317586652135612,5.19633998955562e-07
35,7.189206829227394e-05,5.7021033355928365e-08,0.018232237861597417,0.10832445836913907,0.0007035961619285086,0.0002706583041140583,3.467059745862855e-06,3.364243481016101e-08,1.4768945735306206e-05,0.07812293974039296,0.006395775018440409,4.722971597054394e-09,2.4074056387472105e-06,0.011025685741191938,3.62653817154574e-05,0.0001348291507468817,1.1736603718917588e-06,0.00010291538407781128,1.1164786258577973e-07,0.00016034496888811867,0.00019500546179523247,1.2541645303653072e-06,4.333817364932699e-06,0.7761952133746172,5.709253731616913e-07
36,0.00031912918422171603,7.233797022077402e-08,0.014775361553980638,0.16916573516699782,0.00028920431250378944,0.0002677663078807869,7.539524825922726e-06,2.582310232664731e-07,4.736395269992624e-05,0.20105564243580973,0.003715863370429098,1.4549742999175037e-08,7.86601505784123e-06,0.008284193320015378,1.4493779338890382e-05,0.0005763609498881211,9.223487161442755e-06,0.0004742740060298819,2.2391307202483286e-07,0.00023525151643458657,0.0001185344648353606,2.782966802250004e-06,3.6154905877666175e-06,0.6006285452633529,6.838993377975636e-07
37,0.0002946871980930742,1.8656841587206142e-07,0.02896522327454669,0.13328001253357472,0.001146104500986685,0.00046312302057385216,8.325814358182084e-06,1.588594914537173e-07,4.2979192870962646e-05,0.2221357363727524,0.005646164013782025,1.580380393516845e-08,6.768761463158032e-06,0.011083826462244392,3.1706265516312236e-05,0.00040740464828102537,2.9893482209151944e-06,0.0003055340004369686,4.42507261126469e-07,0.0003159920881947907,0.0003303701835667318,2.510115701835808e-06,4.120411280505858e-06,0.5955246049303713,1.0131242110708957e-06
38,0.0003296983285118361,6.447515962878181e-08,0.020248784887865343,0.09874652471877554,0.00043999209605345994,0.0001318082762307881,3.4401338662108914e-06,7.599758089722378e-08,2.0203520954941525e-05,0.12880377541045349,0.0038244413288375054,6.846265222279434e-09,3.056399156100333e-06,0.005605733250263244,1.2246865153523645e-05,0.0001642615809439628,1.9581182614833712e-06,0.0003243941824149181,1.576356078370155e-07,0.00014965991711430015,0.0001471163955636739,1.141064381956843e-06,2.0127350279885865e-06,0.741038837904436,6.079311200086846e-07
39,0.0003634268599256341,6.440000056865674e-08,0.025961600205026178,0.14945546673465032,0.00044753204921376023,0.00021968602159424202,5.906711909561354e-06,1.781343299048495e-07,2.036701157984004e-05,0.15036943786446527,0.003396827046530682,1.0229608792723528e-08,4.503270719942661e-06,0.005899497241428179,1.6999458719762128e-05,0.00029249320338728494,3.176786923733877e-06,0.0004437998537169664,2.4525956055555356e-07,0.00027211725828809696,0.00025516996910016315,1.5751870834176158e-06,3.46019399455634e-06,0.6625656906030106,7.684452318273073e-07
40,0.0003643056824161877,2.058329461714202e-07,0.056245588475232935,0.08762745597276148,0.0013055000652020484,0.0002403401975211431,3.554760210780395e-06,6.53754545468038e-08,2.245349057890311e-05,0.12694984845945667,0.005888383828231022,1.516027658810986e-08,4.186922984667131e-06,0.011416254616999263,2.2732786463050874e-05,0.00011101943403460756,1.9358926697512864e-06,0.0003523965134947639,3.191696249435978e-07,0.00019716501994173496,0.0002464569715081107,2.262768705336405e-06,2.0786980214408138e-06,0.7089944236979079,1.0502073558916873e-06
41,0.0003554789635881413,1.5902745709988305e-07,0.026792927322579853,0.1315968985496112,0.0009817627117522825,0.00019329655984720798,2.5568686786349907e-06,7.486229216446954e-08,4.83692894245479e-05,0.13854239048256656,0.003923489057692679,6.633556579015813e-09,4.462993186945836e-06,0.004661868757757387,9.585794045641089e-06,0.00023981393165451036,2.0683211490283368e-06,0.00019716229635689898,1.3550541678922993e-07,8.235425413216691e-05,9.151694766929915e-05,5.610107701100125e-07,1.1362877753053836e-06,0.692271585672094,3.378989450034484e-07
42,0.00038139973179205256,9.556759981358176e-08,0.05241056120995427,0.12963629920063824,0.0005810589081464374,0.0001963858223833284,4.896994224803313e-06,3.4756047129383317e-07,2.3749588301981402e-05,0.21206089159216074,0.004351767831434831,1.1254723779307642e-08,5.962182570285616e-06,0.004887912333795607,2.62041338784386e-05,0.0002590691635741554,3.075309837476727e-06,0.0002163573022455131,6.448831960374939e-07,0.0002611392115950277,0.00034766561327368296,4.110131251572357e-06,2.0885071961135806e-06,0.5943379122478392,3.9371791531320453e-07
43,0.00024370786983635116,3.973822894506937e-08,0.014479471047590791,0.06678196002155704,0.0003218978052284458,9.999690917420407e-05,2.402100503522609e-06,6.37610407877236e-08,2.267785313556142e-05,0.2142383584070616,0.0020295673906317443,3.480775016036564e-09,1.5794922602575935e-06,0.004205235344375452,8.739165139886665e-06,0.00014331392622493665,1.261425970843407e-06,0.0002139374519726219,1.287492433147469e-07,0.00017871268089766478,0.00011680225924804435,1.2190657493171718e-06,1.3271296189333448e-06,0.6969071039875536,4.929369811200855e-07
44,0.00032760512277690525,6.380095579382001e-08,0.02005593156259483,0.09717665256652086,0.000437841736447464,0.00012565113450915266,3.3051617905548534e-06,7.338539802189966e-08,2.0221740493209087e-05,0.12732026314475886,0.0037726572509486564,6.720001200532642e-09,2.981472420604448e-06,0.005610814451239644,1.1826708738291e-05,0.0001561334187479661,1.920328256069462e-06,0.00032307219078110135,1.515327288336982e-07,0.00014633515766479085,0.00014296536690932472,1.1293867465804856e-06,1.9511300183204454e-06,0.7443598382612068,6.072673463541135e-07
45,0.00047427805023076845,1.0380815588196061e-07,0.016585784517687573,0.07722324750678938,0.0005646548020238299,8.032408743156234e-05,1.9782797678195444e-06,3.612980748166608e-08,2.1414477540985846e-05,0.12451490533964421,0.005321692258927853,1.3374924714340458e-08,3.5201198361091304e-06,0.010650783519639728,5.595283689644354e-06,8.712024410055974e-05,2.0814058373904026e-06,0.0006937269540233321,1.1491385095204177e-07,0.00013024210485633377,0.0001628591119610378,1.1518264869956793e-06,2.061467498386514e-06,0.7634711856391239,1.1247761636836179e-06
46,0.000349679780326412,3.0577212907569324e-08,0.01338717019184269,0.16548365363695258,0.00011543994773432773,0.00012318248440703217,2.1405469998612453e-06,1.374167879049583e-07,1.5922613880868547e-05,0.08856124697109206,0.0030002380565539227,5.805048996154133e-09,3.6231873200413916e-06,0.0026077945486819507,6.6465020683683985e-06,0.00023538596118186604,5.7384904185034035e-06,0.0003005898396976331,8.601018581950195e-08,8.540224752929804e-05,9.915425884970359e-05,7.537528884923957e-07,2.1509729503543784e-06,0.7256135948825927,2.3131679554150901e-07
47,0.0002479319697727563,5.1546692843505776e-08,0.01876676967618317,0.11136137981943542,0.00046057205010859573,0.00011968677675234688,2.908635897727611e-06,5.874833919676111e-08,1.7605712932962884e-05,0.10676552125214722,0.003967187107481598,5.354784418842249e-09,2.6888626412033253e-06,0.005820920330300266,1.1704806754531682e-05,0.00014881331169498785,1.606891558109559e-06,0.0002715039877587196,1.1120415773760873e-07,0.00012625603277749295,0.0001322756819490003,8.429692819660677e-07,2.0193359380713113e-06,0.7517710765013101,5.014333495204403e-07
48,0.000843929399355948,2.1567943998209525e-07,0.03962501920282115,0.18850285612439036,0.0004060212428708786,0.0005867121275816547,1.0777150885199385e-05,5.250080690218069e-07,4.25570564031787e-05,0.15153541334538362,0.005574260903976793,1.8761599093161773e-08,1.417200079628471e-05,0.004513606208748875,2.5774217011052832e-05,0.0005474632782686474,1.0704326347456523e-05,0.0003867192659393111,7.318315791307963e-07,0.00019719592817040834,0.00023963183422751806,2.2011302097260578e-06,3.955722172699177e-06,0.6069289727442997,5.655094524830731e-07
49,0.0003083122380181069,9.221660858905418e-08,0.034183085965651755,0.10253967624228942,0.0005689787053218394,0.000190576878968018,3.771314983927288e-06,8.564922195501322e-08,2.0231039787640332e-05,0.15258619624848693,0.0039763439552428165,1.0897562723908121e-08,3.895451735224912e-06,0.007749557974460473,1.4088985234447453e-05,0.00015052954121019487,2.423234389035715e-06,0.0003887513147059712,2.1286281000347553e-07,0.00021599987525007386,0.00020133511980266068,1.9320876298678297e-06,1.9633185415557317e-06,0.6968912079745165,7.409075701417689e-07
50,0.0003476200317802066,4.6951963460765906e-08,0.013672306642274012,0.05476847952016609,0.00032797304045233247,7.26730216454715e-05,6.601165414986034e-06,9.252300962483967e-08,2.685737337121826e-05,0.3009188046872194,0.0017568769246532224,4.205184718493627e-09,1.9164776858244185e-06,0.0053311841622886635,1.0960071752021015e-05,0.0001472224843432051,1.2803734586156387e-06,0.00039480785770972627,1.9449146500785227e-07,0.0002412184943401878,0.00012013662814453282,2.169717655295755e-06,1.2682296537409824e-06,0.6218479994210323,1.3055033361832412e-06
51,0.00042727103043623953,6.078926163890066e-08,0.02026677685735516,0.07329943688461034,0.00046487511272866035,0.0001991007281155735,5.458331288058279e-06,1.0526636486455019e-07,1.9494475527745964e-05,0.16015297549807764,0.0037409516656222563,9.830172521645952e-09,3.138046921522745e-06,0.006975253173817724,1.8601802452387687e-05,0.00023841506433842102,2.08299439702115e-06,0.000527987824714443,3.3637471724922287e-07,0.0004022117032135359,0.00023070459955799028,1.9003991040540233e-06,4.570245193707368e-06,0.7330169327112643,1.3485907469123902e-06
52,0.0007022312221386683,1.5451472389305085e-06,0.08229133834385756,0.14662458019792157,0.003372297316863345,0.0008432844470581481,2.544974983788442e-05,5.103537707463966e-07,8.011559070140202e-05,0.1405262004118027,0.011267730892442613,4.856578234115124e-08,1.6380503986591388e-05,0.015898670039218157,0.00015292030151816904,0.00024988208945161787,4.9146374860686725e-06,0.00027390772491756477,2.198561470509808e-06,0.0003275373475135007,0.001286651553655402,7.619844591832474e-06,1.0738028370364392e-05,0.596029539772705,3.707355699414892e-06
53,0.00019910137543629187,3.92551853375139e-08,0.00957332274076961,0.11519616534852463,0.00036781884634478295,0.00015211020461060762,1.0101240824093625e-05,1.052360033459814e-07,2.850826035389925e-05,0.1293487835345761,0.003141137192524675,5.566652234107929e-09,2.925220204069796e-06,0.006474808887146717,2.105140157789391e-05,0.0002968523807710386,1.9028096596930367e-06,0.000350228268267586,1.2453029078684727e-07,0.0002476571796387369,0.00012458957298391504,1.2324450118796015e-06,3.916024450856574e-06,0.7344565049176546,1.0075605367076883e-06
54,0.00021659630932245092,1.8385534044281725e-08,0.031069533184678054,0.11654738208259738,0.00030587133321997964,5.447884268376731e-05,1.2617483433841297e-06,6.800896978769625e-08,7.159644437403577e-06,0.055446587310015415,0.004021559140436319,2.837340318290667e-09,2.146219028627895e-06,0.002996307485990979,9.678801136864206e-06,6.570813959010521e-05,1.050054510552241e-06,0.00016858971058472067,9.867086440755616e-08,0.00011259324592264227,0.00012288061885749557,7.24788791633988e-07,1.5200040665649189e-06,0.7888480006873472,1.8274572978382503e-07
55,0.0007010327774925739,2.313469084148492e-07,0.019840216041433056,0.0978013605056837,0.0009585950731540064,0.00013106174492589871,5.580268218439191e-06,6.557420074475488e-08,4.085577137588583e-05,0.12720002193998792,0.005135382624490454,2.8208607322157896e-08,5.262671547650551e-06,0.008438864362038029,9.491677878635584e-06,0.00018628730442525802,2.846232440984341e-06,0.0010128388524514853,1.7975748133500072e-07,0.0001378651263407125,0.00018161610877379382,1.0673261349903364e-06,1.8456401302164926e-06,0.7382056864442794,1.716619599033121e-06
56,0.00035489115116031156,7.722036387897728e-08,0.021663106715277002,0.10453711367421754,0.0004920002675908487,0.00013273296388358616,3.6121067573336894e-06,8.068635260540798e-08,2.2099614591085492e-05,0.12930516025456146,0.004277026893820931,8.395466287491398e-09,3.7969526445235582e-06,0.00627626388974632,1.1737241415080673e-05,0.0001659134578437681,2.216873021313139e-06,0.0003688079579838665,1.6840950060527555e-07,0.00015121247551195627,0.00014915944931424973,1.2258436854111072e-06,2.041079103256061e-06,0.7320788897794789,6.566467079421854e-07
57,0.0005121704528099045,1.3429790527418224e-07,0.04973798501213129,0.11000694723004585,0.0009425122521276086,0.0002172837611029652,5.384705559698104e-06,1.941639637813223e-07,2.3303420762008708e-05,0.1899128926525336,0.00583414606057751,2.1167564580905252e-08,6.793938961177439e-06,0.00838727776549531,2.118047569235689e-05,0.00024687727208045387,3.008780921081432e-06,0.0004793816959317344,7.053999702858442e-07,0.00034881090159241153,0.00037941078129351334,3.623755195913365e-06,3.00857588342503e-06,0.6329260410970156,9.043828826493088e-07
58,0.0002897313807558445,5.096082222603641e-08,0.017162762504079176,0.08195072336486225,0.0003432721908984419,9.776019861794867e-05,2.6038226380411426e-06,5.810469320054295e-08,1.7515550055835306e-05,0.11042705299722425,0.0033982676642957017,4.995203248326285e-09,2.2425254087104277e-06,0.004482559995952376,1.0881047773174154e-05,0.00012272387934050355,1.575106953240843e-06,0.0002556589063372345,1.196178744404818e-07,0.00011539081392692303,0.00011586632540187488,9.76808164497947e-07,1.6137119043237878e-06,0.7812000778856666,5.096411500207701e-07
59,0.0002646504842494916,4.401906049825435e-08,0.016899257682261724,0.0754557074757377,0.00032053194659851467,8.322858882120838e-05,2.218215499952069e-06,5.142991195079798e-08,1.619177972708579e-05,0.105803073922143,0.003042963638306053,4.0887145003111475e-09,1.8486988647812038e-06,0.004084489157929525,1.013372334044752e-05,0.00010432028892927363,1.3524816559032584e-06,0.00022761090174901863,1.0400251616606956e-07,0.00010835396139201102,0.00010423503311260822,8.980366974693529e-07,1.429166631072946e-06,0.7934668343926865,4.668834636540487e-07
60,0.00032760512277690525,6.380095579382001e-08,0.02005593156259483,0.09717665256652086,0.000437841736447464,0.00012565113450915266,3.3051617905548534e-06,7.338539802189966e-08,2.0221740493209087e-05,0.12732026314475886,0.0037726572509486564,6.720001200532642e-09,2.981472420604448e-06,0.005610814451239644,1.1826708738291e-05,0.0001561334187479661,1.920328256069462e-06,0.00032307219078110135,1.515327288336982e-07,0.00014633515766479085,0.00014296536690932472,1.1293867465804856e-06,1.9511300183204454e-06,0.7443598382612068,6.072673463541135e-07
61,0.00030841126203599346,4.850695483362306e-08,0.019947166616429514,0.08311665431189305,0.00034463049495434044,9.127074283984679e-05,2.3289456432137063e-06,6.090594048048903e-08,1.603484493143626e-05,0.109699652773407,0.003205344816657847,4.80488405721648e-09,2.143910380175606e-06,0.0042408534882845605,1.0218431717491152e-05,0.00011266107528329488,1.5287798198140173e-06,0.00026316223588803263,1.1986781095281892e-07,0.00011707064933330834,0.00011809331611642994,9.629231173275305e-07,1.4789869619581567e-06,0.7783996264427538,4.708659611921902e-07
62,0.00032760512277690525,6.380095579382001e-08,0.02005593156259483,0.09717665256652086,0.000437841736447464,0.00012565113450915266,3.3051617905548534e-06,7.338539802189966e-08,2.0221740493209087e-05,0.12732026314475886,0.0037726572509486564,6.720001200532642e-09,2.981472420604448e-06,0.005610814451239644,1.1826708738291e-05,0.0001561334187479661,1.920328256069462e-06,0.00032307219078110135,1.515327288336982e-07,0.00014633515766479085,0.00014296536690932472,1.1293867465804856e-06,1.9511300183204454e-06,0.7443598382612068,6.072673463541135e-07
63,0.000338047736640702,7.021233173477557e-08,0.020187629990478212,0.0948312221291716,0.0004489973320057451,0.00012704255788496195,3.3243079218256758e-06,7.223956281416134e-08,2.120405136884263e-05,0.127000827074494,0.0038527376133976545,6.978048262188292e-09,3.040812803648593e-06,0.0056529789474915985,1.1940307913476777e-05,0.00015211426115663857,1.9573414222593945e-06,0.0003221166852804945,1.5332648302444281e-07,0.00014068314802478864,0.00014203030908636823,1.1438917722523489e-06,1.9027609238206591e-06,0.7467581314756263,6.245087090559823e-07
64,0.00033563845420137787,7.091191634305395e-08,0.022955952702021717,0.10186198227084063,0.0004961588430930409,0.00012806537985092753,3.3423466902662838e-06,8.055051055405596e-08,1.843611310789943e-05,0.12671389803052602,0.003991755598189517,7.241722227186592e-09,2.861663337737632e-06,0.005269028063025345,1.3755329422503178e-05,0.00014615875935836874,1.7465022422122654e-06,0.0003010593717517949,1.7289865266327818e-07,0.00014895960097000924,0.00020112353573144612,1.1770095888033296e-06,2.0241905841582103e-06,0.7374059511067516,5.935259130589947e-07
65,0.0003870236258917626,5.6493825592379126e-08,0.01324481657437219,0.08600385291894116,0.00040058446224313396,9.35067159878503e-05,2.9979265125259335e-06,6.076519037410897e-08,2.5522387664017316e-05,0.14726065402006708,0.0033421087272553353,7.455896430143318e-09,3.0227651777962956e-06,0.006087506638227043,6.6201094222906975e-06,0.0001661696734737095,1.9600505313086032e-06,0.00048433941110993876,1.2356385514273404e-07,0.00015742444506282045,0.00010842801823598926,9.760837179736917e-07,1.863925007908696e-06,0.7422196298779126,7.433644181727868e-07
66,0.0004692839227980593,7.577519797828667e-08,0.01632974380131058,0.05977676445304105,0.00020359968292571901,0.000258863044665033,7.710375216095069e-06,1.81054531535032e-07,3.229963604341218e-05,0.07015501418148072,0.002493666911184877,3.678261963406938e-09,2.5052548028402695e-06,0.0026391485032312063,3.455656335131493e-05,0.0001390197427461361,2.2575619029357667e-06,0.0001680238413992717,3.137677998271847e-07,0.00019711466794224575,9.85348283994741e-05,1.3281532048108317e-06,4.14372874251282e-06,0.8469850209718232,8.258979974998821e-07
67,0.00031415710776880426,6.207547584841669e-08,0.019373671787637586,0.09538522224467513,0.00042178112601041633,0.00012998051919291566,3.322126853327991e-06,7.059684806460986e-08,1.966141245664978e-05,0.12680022032333965,0.00375850536850199,6.734222799858183e-09,2.915233727485342e-06,0.005832995349660514,1.196753265551605e-05,0.00015440245741531316,1.9431205439523134e-06,0.0003262584789611488,1.4826343339315978e-07,0.00015235857374537744,0.0001451884598436918,1.1577226800341685e-06,2.0688963079033073e-06,0.747161299690516,6.347975261636808e-07
68,0.0004899311775577837,6.293204523624856e-08,0.02818705396927713,0.13876509357668596,0.00045615272528187496,0.00012798568245856994,4.761178182529989e-06,1.1544863785242395e-07,1.944215747301224e-05,0.14261331510077238,0.004233948540307794,1.3839942665274276e-08,6.5207155810046135e-06,0.007716487587926248,7.403277210393706e-06,0.00020201727183215035,2.962264421131193e-06,0.000931791703384651,1.8996153718733778e-07,0.0002644413804689947,0.00019085455191487216,1.2406862909035278e-06,2.539774500010757e-06,0.6757748342223184,8.402739911917011e-07
69,0.0003309127285722152,6.460536129677705e-08,0.020605275263985673,0.09706062099572106,0.00043320795579648684,0.0001336994766957767,3.412798218934556e-06,7.675329775859199e-08,1.9861056600894834e-05,0.12849398842630236,0.003899157874419031,7.073246358822628e-09,3.13360816234543e-06,0.005785660274965718,1.2241675889592277e-05,0.00015758334278991165,1.997668474335339e-06,0.0003299515311024206,1.6478415267326464e-07,0.00015905861852614912,0.00015327390612689487,1.2106534991037765e-06,2.117447491054632e-06,0.7424126958720073,6.256085946232443e-07
70,0.00026120167747113753,5.2703806320204465e-08,0.018043923763403757,0.11229303830699247,0.00042923414594453203,0.00013949901167306753,3.348263703780732e-06,7.397531442013139e-08,2.2201863475698474e-05,0.13475196818461185,0.0032804246642535763,6.306027192004538e-09,3.100622875335189e-06,0.006037718038930439,1.0193477046179644e-05,0.00019259497582145934,2.0550484869456985e-06,0.00033057530224618825,1.2084843769747035e-07,0.00016802545821977956,0.00012361993046221004,1.0136168298765947e-06,2.0880546094707372e-06,0.7239033592865651,5.624727915200809e-07
71,0.00041718505559922486,4.884002300142301e-08,0.007545572736720309,0.08815128521527754,0.00043393594685771554,7.388495292093702e-05,2.9371053242931908e-06,6.911651449386153e-08,3.110203423598688e-05,0.13258211045280457,0.0034050755110604978,6.501114716822882e-09,2.4617152568393486e-06,0.0045947770782940765,7.44420430257784e-06,0.00024193508351247456,1.6794158322382191e-06,0.00041355932346091726,1.067803393361179e-07,0.00014047170498677147,0.00010805709435285981,6.556735040094499e-07,2.48911275583075e-06,0.7618424606934718,6.886514770440337e-07
