,0,1,2,3,4,5,6,7,8,9,10,11,12,13,14,15,16,17,18,19,20,21,22,23,24
0,6.14916609748009e-06,1.532105232392195e-05,0.0008607814629427635,0.0007906494786683566,2.328541571219954e-05,0.015999554758752376,0.0005872754219201883,0.0006030231547659964,5.980200674856127e-06,0.9727572165886927,2.8712743249009724e-06,7.950251449649279e-09,6.046746399272293e-09,2.838072304258391e-05,1.5995469471672459e-07,0.00740983243685625,9.507767219032615e-08,0.0005599527497974459,7.4973111146842185e-06,0.00014091846510358815,1.4081257528450646e-05,2.322836196431137e-08,8.694126091850263e-05,9.611091069332961e-05,3.884652342338427e-06
1,4.4415719017789065e-06,1.0684284973414366e-05,0.0007777587826457205,0.0005490432903214924,1.1745387282025841e-05,0.010547182712885461,0.000489716645976431,0.000414966213641366,3.865805276304975e-06,0.9809813673878837,1.4939711711798803e-06,5.36508776975338e-09,3.161135738247971e-09,1.695035354029859e-05,1.0292996038878681e-07,0.0056046832469926235,3.6622373045731215e-08,0.00038606123935766025,4.724564244894872e-06,7.423178290077035e-05,8.87355485445927e-06,1.3206739533400647e-08,4.9563731839742554e-05,5.989100100029241e-05,2.593186013454156e-06
2,5.45960811803085e-06,1.4478655602350737e-05,0.0005868960339472854,0.0005632436747213119,2.4300048997447936e-05,0.009517557851554616,0.0005624337422217371,0.00040097660712696723,3.5578602816599035e-06,0.9832011281137003,1.833881328967047e-06,5.5912857828970155e-09,3.651936071310876e-09,2.9056241522517803e-05,1.3112329350350447e-07,0.004362963297395367,6.288410169527224e-08,0.00044904938252164004,3.7595090925323764e-06,0.00012682161840722663,7.903420578957102e-06,1.354651255380551e-08,8.285270796383159e-05,5.0835039689609106e-05,4.675908098492367e-06
3,4.448165558616715e-06,1.1566298853174083e-05,0.0006769609716593203,0.0007227056569124089,1.4163516489294816e-05,0.010772584358649535,0.00047870658921327026,0.0004012821447947195,3.092825498191465e-06,0.982309043903492,1.9501868938064293e-06,5.21915128002491e-09,2.8680490395442823e-09,2.556557574668772e-05,8.402657580422641e-08,0.0038842744280130053,5.202895481886136e-08,0.00044339858985792895,3.7830654680144024e-06,8.735233578543231e-05,8.942560659505774e-06,1.3434643330636328e-08,8.41060957571119e-05,6.274896257919745e-05,3.1661907444997322e-06
4,5.04706619345062e-06,1.252098845323826e-05,0.0007049528338103416,0.0007790179017131729,1.5436459606269607e-05,0.011316618230817367,0.0005037127071555571,0.00039955910237541285,3.5913112915246283e-06,0.9813915685648077,2.05039422709639e-06,6.437062193052515e-09,3.882081944666301e-09,2.8295585433749492e-05,8.925859419491663e-08,0.004070444794317676,6.114463262960323e-08,0.0004936820136997666,4.165557366300087e-06,9.55461273705581e-05,1.0221162847390084e-05,1.5386300871972075e-08,8.875643438678822e-05,7.107097703653471e-05,3.5656784182937526e-06
5,4.193024459611122e-06,1.0456937010742163e-05,0.0005646219363325468,0.0008563277670533146,1.1025367386551692e-05,0.00961457024292885,0.0003841417563565666,0.0003262258612520891,2.5750460310523747e-06,0.9841652374704752,1.7444337906900656e-06,4.9382938713921615e-09,2.752597252288456e-09,2.7031741776514086e-05,6.180283514323695e-08,0.0032615077213156533,5.493898030447911e-08,0.0005220272950399134,2.952678938933949e-06,8.633890508609101e-05,8.438215435785906e-06,1.3266549421229138e-08,8.395893683708818e-05,6.346588640127573e-05,3.021076835387198e-06
6,4.448165558616715e-06,1.1566298853174083e-05,0.0006769609716593203,0.0007227056569124089,1.4163516489294816e-05,0.010772584358649535,0.00047870658921327026,0.0004012821447947195,3.092825498191465e-06,0.982309043903492,1.9501868938064293e-06,5.21915128002491e-09,2.8680490395442823e-09,2.556557574668772e-05,8.402657580422641e-08,0.0038842744280130053,5.202895481886136e-08,0.00044339858985792895,3.7830654680144024e-06,8.735233578543231e-05,8.942560659505774e-06,1.3434643330636328e-08,8.41060957571119e-05,6.274896257919745e-05,3.1661907444997322e-06
7,7.834522253719395e-06,9.07992653984324e-06,0.0013347992870705763,0.0005749034881095524,1.4806270648857996e-05,0.011844111902856976,0.0006683182556384748,0.0004596568398687711,2.5725393055135083e-06,0.9811580401000103,2.0726923147707114e-06,5.563428984786109e-09,4.779585237805196e-09,2.1396162126771304e-05,5.4809867673962067e-08,0.0032120194209354046,3.9007405542631514e-08,0.0004460655747838848,4.34648335863237e-06,6.859135565422053e-05,7.049770715424521e-06,7.052879308658001e-09,7.615039440532849e-05,8.50289966190751e-05,3.0448036173635986e-06
8,1.4721049035335493e-05,1.8180757367098648e-05,0.0010736018989744244,0.000716623792765959,4.654942471712301e-05,0.02911390716517671,0.000821804542349301,0.0010305852360483908,2.7055748216835814e-05,0.9398609042443813,5.553050445658756e-06,1.9079690389251516e-08,2.0388438079026435e-08,3.070680705902443e-05,9.003178910731444e-07,0.024137223178086375,4.540053074582944e-07,0.002594882314128087,2.4281096217314183e-05,0.00022014426290098673,4.455194775595387e-05,1.661020202137163e-07,5.1030554317844465e-05,0.0001566594747982144,9.473561911052955e-06
9,3.301864048562279e-06,1.0141347583862298e-05,0.0006229314647445887,0.0007434383942850122,1.0076782439602247e-05,0.008966207703882425,0.00040982855418758996,0.0003087179487991081,2.2565399430993477e-06,0.9853036357257575,1.4459985460736498e-06,4.361043784844873e-09,2.180320589372141e-09,2.262234760092799e-05,5.654943931907749e-08,0.00303762715348136,3.6556230898032146e-08,0.00033698678897154473,2.6382729283266268e-06,7.53813981994093e-05,7.852666664574551e-06,9.311964911694831e-09,7.975455409622011e-05,5.244319182993014e-05,2.602343010674183e-06
10,4.448165558616715e-06,1.1566298853174083e-05,0.0006769609716593203,0.0007227056569124089,1.4163516489294816e-05,0.010772584358649535,0.00047870658921327026,0.0004012821447947195,3.092825498191465e-06,0.982309043903492,1.9501868938064293e-06,5.21915128002491e-09,2.8680490395442823e-09,2.556557574668772e-05,8.402657580422641e-08,0.0038842744280130053,5.202895481886136e-08,0.00044339858985792895,3.7830654680144024e-06,8.735233578543231e-05,8.942560659505774e-06,1.3434643330636328e-08,8.41060957571119e-05,6.274896257919745e-05,3.1661907444997322e-06
11,4.668256227540514e-06,1.1696905211814582e-05,0.0006870318600840232,0.0007425393200344256,1.4772430682635953e-05,0.010755162930232634,0.0004925019693696932,0.0003928244104239419,3.2499505344124705e-06,0.9822057323601735,1.962970823005723e-06,5.805036809409948e-09,3.492645072239321e-09,2.5955820028457455e-05,8.451959266707035e-08,0.003937748895376138,5.5848524642190635e-08,0.00045914179670716507,3.8912850859519315e-06,9.269524056061569e-05,9.455247698259773e-06,1.4052824580359154e-08,8.752481729473263e-05,6.796419533442603e-05,3.3156194929808142e-06
12,4.522831428873009e-06,1.098319131040773e-05,0.0009273766738074287,0.0007740265482112192,1.2963620794251142e-05,0.01120921791063644,0.0005981689378001683,0.0005788626807936353,3.5765444603236444e-06,0.9800978150069587,2.4688390291649715e-06,6.711383912015151e-09,3.0516658150237282e-09,2.1317629998258168e-05,1.0449336510232392e-07,0.005096202513116816,4.159636350747245e-08,0.0004028737169287831,5.065245306524458e-06,8.396992268277335e-05,9.68263413958343e-06,1.4747330284254939e-08,7.944271554022207e-05,7.862687579282657e-05,2.6653611553565815e-06
13,4.4491470201133815e-06,1.1637456761795288e-05,0.0006892538445650051,0.0007460187711502853,1.432986972828736e-05,0.010829533228098355,0.0004891789114313674,0.0004192277134471189,3.119310219885866e-06,0.982163711928026,2.058915358781225e-06,5.451595853206395e-09,2.910142897830115e-09,2.6570903465768945e-05,8.495319770201085e-08,0.0038954399971438273,5.29787086625344e-08,0.0004477313549778148,3.841068823205183e-06,8.889153189735292e-05,9.14491541779737e-06,1.3879833883153344e-08,8.813177992350313e-05,6.43855604612142e-05,3.183618603735676e-06
14,5.050568032381831e-06,9.7822770303338e-06,0.0012819219662349522,0.000966982165747213,1.3859606564507246e-05,0.017004120461716392,0.0005095921883939799,0.0004980832061885985,4.4447094201160976e-06,0.9737340990701346,2.3886762912904126e-06,6.616244429075638e-09,4.430307421921288e-09,2.3372790407391464e-05,1.250937185038686e-07,0.005080020844164831,7.155707459605465e-08,0.0005576268101072559,4.33390951485898e-06,0.00010121169457986197,1.4573002712878491e-05,1.8237337679442176e-08,9.971015217183384e-05,8.449608729004557e-05,4.103878613911591e-06
15,4.448165558616715e-06,1.1566298853174083e-05,0.0006769609716593203,0.0007227056569124089,1.4163516489294816e-05,0.010772584358649535,0.00047870658921327026,0.0004012821447947195,3.092825498191465e-06,0.982309043903492,1.9501868938064293e-06,5.21915128002491e-09,2.8680490395442823e-09,2.556557574668772e-05,8.402657580422641e-08,0.0038842744280130053,5.202895481886136e-08,0.00044339858985792895,3.7830654680144024e-06,8.735233578543231e-05,8.942560659505774e-06,1.3434643330636328e-08,8.41060957571119e-05,6.274896257919745e-05,3.1661907444997322e-06
16,2.5737418974158414e-06,8.87839116389343e-06,0.0003621470130945538,0.0005204851280049235,8.699097801681703e-06,0.005442678303152547,0.00038990748867269627,0.00033053253467570223,1.8826481984499737e-06,0.9892028750159936,9.987136272282335e-07,5.097685411507167e-09,2.191026581257025e-09,2.1522341340949895e-05,6.209335935438227e-08,0.003196639523526399,3.92536142301985e-08,0.0003297760540910767,2.6923285381953754e-06,7.653389433803193e-05,9.228743549533319e-06,1.2750709785855923e-08,5.6009780811350165e-05,3.3326413689441555e-05,2.4914574367029424e-06
17,3.9418333871117094e-06,1.1546015815254672e-05,0.0004867991100916935,0.0009248184713180668,1.828451948321756e-05,0.008548673890950891,0.00046600910046271836,0.0004393997870594201,2.377224253409629e-06,0.9848418977620416,2.2678943705553818e-06,6.6337071250734815e-09,4.045499187418901e-09,4.485680025836683e-05,6.473756471876075e-08,0.0033471844387190394,9.534575151815768e-08,0.0005050395725384598,2.801330367383196e-06,0.00013873542988202678,1.0200974240084154e-05,1.6728922527675442e-08,0.00014237539667683274,5.875591397616408e-05,3.8470426627720304e-06
18,4.0685877008472356e-06,8.540251140828305e-06,0.00035985575330368426,0.0004817762436877976,1.536923499951384e-05,0.0070551515696390486,0.0003755188695505271,0.0002104303663769219,1.792483171924974e-06,0.9885097311740033,1.0610955301176507e-06,3.8377764585864616e-09,3.0863845521350223e-09,3.067759834456999e-05,5.842206637209429e-08,0.002126326787891135,8.868464568356288e-08,0.000604415905053218,1.8346269800789348e-06,9.225376340035485e-05,8.592767809352781e-06,1.2286210307198117e-08,7.641733726447822e-05,3.075459070525867e-05,5.264676363508903e-06
19,3.8034659328531512e-06,1.1531239250541254e-05,0.0007967254666769847,0.0008253603698474085,1.2054473866453548e-05,0.007910656081678702,0.0006450442122581784,0.0004085324326587604,3.3267640964308686e-06,0.9847740884457636,1.5532450820716146e-06,7.138556628686263e-09,2.9666902995319435e-09,2.1070318047272092e-05,8.149688012277129e-08,0.004012312774806495,3.7131612641596845e-08,0.00035707028825062624,3.0670430636214927e-06,7.700725587529905e-05,1.0032978427796235e-05,1.250129420177582e-08,7.00243157242245e-05,5.36294507842046e-05,2.9681428745568643e-06
20,4.1877018367397664e-06,1.0596573212780296e-05,0.0008167360207432617,0.0007720826119680835,1.1240301311014265e-05,0.009187144683927506,0.0005697503779192419,0.0007735993802487878,3.3448305424982165e-06,0.9820635785705717,2.4126760870057873e-06,7.766454760480008e-09,2.7464816437684004e-09,2.5512156001223552e-05,1.4480258783351278e-07,0.005031985091352228,5.519323380091438e-08,0.0004924553290112086,4.993317687530863e-06,8.904555662287293e-05,1.0987122525809772e-05,2.430150599514079e-08,7.218926710601018e-05,5.480817672248165e-05,3.11544433794504e-06
21,3.3599272689443596e-06,1.0871546024951119e-05,0.00043097061963632774,0.0007196117173491807,8.59524414886298e-06,0.006915655686015552,0.000328985671795413,0.0003280094470169471,2.690498771966133e-06,0.9860643497613277,1.119346222548085e-06,5.2904998119338565e-09,2.8634444753335837e-09,2.397394541641152e-05,5.195934269188049e-08,0.004574927119235009,3.521575195740965e-08,0.00038411599681491894,2.895190913562358e-06,8.934082887637979e-05,6.9885137899182684e-06,1.138815127176668e-08,5.057802504710935e-05,5.083300266392798e-05,2.0211944739023793e-06
22,5.8395694980278725e-06,9.760650412498689e-06,0.0006691213161358276,0.0006889521863495825,1.4447297835783038e-05,0.013710237205956738,0.0003231607160590878,0.0003788843444732514,3.002726324639899e-06,0.9792406084906473,2.324027074435655e-06,3.6579371468676926e-09,3.012590953940416e-09,2.4754383489469317e-05,9.825396372556629e-08,0.0038623624882353903,1.0128258459444807e-07,0.0007959272773920147,3.988510947262211e-06,9.602914742457771e-05,9.458189913685096e-06,2.1006866876718713e-08,8.598981316987148e-05,7.118754842888951e-05,3.7368962885161834e-06
23,4.448165558616715e-06,1.1566298853174083e-05,0.0006769609716593203,0.0007227056569124089,1.4163516489294816e-05,0.010772584358649535,0.00047870658921327026,0.0004012821447947195,3.092825498191465e-06,0.982309043903492,1.9501868938064293e-06,5.21915128002491e-09,2.8680490395442823e-09,2.556557574668772e-05,8.402657580422641e-08,0.0038842744280130053,5.202895481886136e-08,0.00044339858985792895,3.7830654680144024e-06,8.735233578543231e-05,8.942560659505774e-06,1.3434643330636328e-08,8.41060957571119e-05,6.274896257919745e-05,3.1661907444997322e-06
24,3.618640934059764e-06,1.2635507910853709e-05,0.00038560148643964785,0.0008070001501899378,1.0811511627690784e-05,0.007963036744143694,0.00031451007918490754,0.0003054639711621246,2.1454542784120574e-06,0.986461430878952,1.3965671500002875e-06,4.240958511553305e-09,2.4341405466189193e-09,3.2827141985925624e-05,4.39556523890444e-08,0.003060135673303136,4.926749344253865e-08,0.0004042676072885952,2.7145448627256835e-06,9.27377766403449e-05,6.42999258012387e-06,1.0576070839011692e-08,7.925450875535552e-05,5.1470327303857574e-05,2.4009609906423336e-06
25,6.504017678450975e-06,1.1570577710229575e-05,0.0007603164277736048,0.00035419528454455894,1.813799358477568e-05,0.014947003961130008,0.000421378246543944,0.00012547569176503152,4.798596458936878e-06,0.9788803065270512,8.087836891976041e-07,3.6619840101418185e-09,4.575911647006596e-09,1.2818359384408753e-05,1.5437178480267175e-07,0.0037408504313945967,5.662916445913482e-08,0.0005304656893447602,3.4048896579845334e-06,7.389547952071895e-05,1.1076950326154935e-05,1.0242238335369541e-08,4.277876340953783e-05,4.689493887903969e-05,7.088909069559371e-06
26,8.161474476623053e-06,1.2634232510211296e-05,0.0009728766207284209,0.0010044992414014176,2.0235475505791838e-05,0.02154106426427201,0.00036780056937583266,0.00028882089498922055,4.249270835683562e-06,0.9703643587893649,3.067817993259653e-06,4.5455789459878485e-09,6.262264491820981e-09,2.5721812717103658e-05,6.092334185176489e-08,0.004198134923877582,9.090845095468832e-08,0.0007304613277391204,4.9384749827709816e-06,0.00012350078995618187,1.092115558522197e-05,1.2044889194412751e-08,0.00012995784651854516,0.00018506256276048708,3.3577698841077204e-06
27,4.711887494625151e-06,1.1817325181214493e-05,0.0007273861541831075,0.0007738057403495604,1.3166738787998802e-05,0.011845862686709493,0.00047188302115141545,0.0005345477777344534,3.562944623948465e-06,0.9800784310619252,2.4109989207356894e-06,6.0533000866203166e-09,3.032973591952927e-09,2.7651245011524527e-05,1.0859249027197877e-07,0.004725010594076207,6.371718071301584e-08,0.0005216069534514758,4.998246488106269e-06,9.187144189626258e-05,1.019940448601433e-05,2.0082626879495146e-08,7.906756265978737e-05,6.871437320431289e-05,3.0923630926063267e-06
28,4.448165558616715e-06,1.1566298853174083e-05,0.0006769609716593203,0.0007227056569124089,1.4163516489294816e-05,0.010772584358649535,0.00047870658921327026,0.0004012821447947195,3.092825498191465e-06,0.982309043903492,1.9501868938064293e-06,5.21915128002491e-09,2.8680490395442823e-09,2.556557574668772e-05,8.402657580422641e-08,0.0038842744280130053,5.202895481886136e-08,0.00044339858985792895,3.7830654680144024e-06,8.735233578543231e-05,8.942560659505774e-06,1.3434643330636328e-08,8.41060957571119e-05,6.274896257919745e-05,3.1661907444997322e-06
29,4.448165558616715e-06,1.1566298853174083e-05,0.0006769609716593203,0.0007227056569124089,1.4163516489294816e-05,0.010772584358649535,0.00047870658921327026,0.0004012821447947195,3.092825498191465e-06,0.982309043903492,1.9501868938064293e-06,5.21915128002491e-09,2.8680490395442823e-09,2.556557574668772e-05,8.402657580422641e-08,0.0038842744280130053,5.202895481886136e-08,0.00044339858985792895,3.7830654680144024e-06,8.735233578543231e-05,8.942560659505774e-06,1.3434643330636328e-08,8.41060957571119e-05,6.274896257919745e-05,3.1661907444997322e-06
30,4.448165558616715e-06,1.1566298853174083e-05,0.0006769609716593203,0.0007227056569124089,1.4163516489294816e-05,0.010772584358649535,0.00047870658921327026,0.0004012821447947195,3.092825498191465e-06,0.982309043903492,1.9501868938064293e-06,5.21915128002491e-09,2.8680490395442823e-09,2.556557574668772e-05,8.402657580422641e-08,0.0038842744280130053,5.202895481886136e-08,0.00044339858985792895,3.7830654680144024e-06,8.735233578543231e-05,8.942560659505774e-06,1.3434643330636328e-08,8.41060957571119e-05,6.274896257919745e-05,3.1661907444997322e-06
31,5.549972528319799e-06,9.155114804098034e-06,0.0007853804148916093,0.0006030263597186394,1.024720253674907e-05,0.00770107787697271,0.0005017060412227782,0.0005727768172376481,1.8556254486962694e-06,0.9864742326911536,1.571782405623792e-06,4.517198205131705e-09,2.473317365168502e-09,2.411009697084771e-05,4.99555881740373e-08,0.0026848694577398793,3.985230548057933e-08,0.000438275802107013,3.5207422529074408e-06,6.033216388648129e-05,6.420815991833622e-06,9.255704580395173e-09,6.645628127971544e-05,4.686090244300631e-05,2.4677842937449557e-06
32,4.672685493155476e-06,1.1904554004572615e-05,0.0006771445517275579,0.0006841195727641565,1.3769209201920747e-05,0.01092372517173036,0.0004829485331909419,0.000421593139750439,3.1651104109973168e-06,0.9821232536088008,1.996908023751241e-06,5.3981599895482176e-09,2.9352453391324754e-09,2.499320370183283e-05,8.851900342246567e-08,0.003935751941507535,5.1728145899986795e-08,0.00044738789273661254,4.38485263566377e-06,8.26449780928702e-05,9.080066841654618e-06,1.4291328427613581e-08,7.955470358978346e-05,6.467310842281946e-05,3.0733354896981467e-06
33,2.3420201002428565e-06,7.168709883016153e-06,0.0002550984969264172,0.0008760543838718026,9.173992992184107e-06,0.009365733398099534,0.00021432424922697394,0.00047433887400238325,1.2102987049760226e-06,0.9844646471874354,2.2708993411811187e-06,3.7774206613901875e-09,3.7060132439051077e-09,4.329936456970313e-05,2.068366100580344e-08,0.0035175785248846994,1.0529056209369254e-07,0.0004050589432034933,3.7068728221825313e-06,0.00011704143786857672,7.1443721106707285e-06,1.6621599911937055e-08,0.00014562303675150505,8.679165087388574e-05,1.2432070743139587e-06
34,5.525081767279102e-06,1.3363744207571921e-05,0.0007900415489497057,0.00075024555653183,1.6062858067622615e-05,0.012414558755603914,0.0005308926346526738,0.0004491524432589354,3.990549368398968e-06,0.9798459228872618,2.235554249468462e-06,6.064820114666811e-09,3.470189802352605e-09,2.610535211932922e-05,1.0168412422966547e-07,0.004387337798162063,5.637253658085739e-08,0.0005000385180415731,4.86933083074087e-06,8.921989840332644e-05,9.930677376573945e-06,1.5288425167230046e-08,8.249069791693017e-05,7.442005398038568e-05,3.4131791540532832e-06
35,4.545437682103528e-06,1.1535345670295261e-05,0.0006776297666723942,0.0007224114236475983,1.3939474885946025e-05,0.010650642639643722,0.00048012806756987593,0.0004078889341697449,3.1273542502965235e-06,0.9824183057904292,1.934139097906749e-06,5.241488912467271e-09,2.854761476689662e-09,2.5278381560348124e-05,8.395130972821428e-08,0.003880113702435285,5.159024507497471e-08,0.0004566975896409607,3.819933251804359e-06,8.544679635342486e-05,8.91524534368784e-06,1.3611009770464185e-08,8.170110816350286e-05,6.263873983747014e-05,3.142880879869793e-06
36,7.54208168732518e-06,1.3650493605501938e-05,0.0009507745357868292,0.0007873148199331395,1.6656316885796782e-05,0.008848992748711749,0.0009396340777000064,0.0015463926535997275,5.866552500849327e-06,0.9755203011905188,2.7488297718074316e-06,1.798536662661991e-08,7.2687560133633795e-09,3.3967244226983474e-05,2.1219360898340296e-07,0.010478820314359266,6.862760282733976e-08,0.0005952214666143494,9.213317927168346e-06,0.00011025347731553527,1.0904376099340235e-05,3.510654126078656e-08,5.332194972756183e-05,6.444278299803927e-05,3.639588154594585e-06
37,4.085143899760769e-06,1.6310655212044608e-05,0.0007932947528660633,0.0006801988589095954,2.289827837473933e-05,0.01454291334971319,0.0006716258286742767,0.0006981096411577025,5.4423534483941595e-06,0.9749460269225293,2.779352572092609e-06,9.721050635584863e-09,4.046039379224113e-09,4.052035577487911e-05,2.7088030981686117e-07,0.0068667232246760425,1.0101096530878195e-07,0.00041051635242283027,6.559736638719156e-06,0.00012905119276173093,1.6318979891757507e-05,3.233015583383163e-08,9.473406306170841e-05,4.5785536193890953e-05,5.687432700469666e-06
38,3.4375866910445747e-06,1.1294658586682123e-05,0.0005587015067270794,0.0010376029844198882,1.2844975036455776e-05,0.008608111711220702,0.0004284705732726348,0.0005040145052744976,2.562784399675604e-06,0.9845679099010075,2.224026576932174e-06,5.765668407739441e-09,2.5957041480276024e-09,3.5430154800294136e-05,6.318208636794902e-08,0.003436066862089873,6.95235590366806e-08,0.000493559201720607,2.911873880509199e-06,0.00011112217111939465,1.0811751876097388e-05,1.6458768724909362e-08,0.00011275367848612728,5.7122011989650334e-05,2.8895550375520415e-06
39,4.377929052177208e-06,6.2701498601849254e-06,0.0012376641283766104,0.0006495535405323507,1.2476801656972044e-05,0.018913189083952012,0.0004947807501615543,0.000637680248893854,3.6699181692142967e-06,0.9707650002076665,2.188137685983782e-06,6.146345201341755e-09,6.1851654618141255e-09,1.524391277537683e-05,1.380483690572151e-07,0.006467872335889083,9.40266438184271e-08,0.0004934978629401151,6.801104971406302e-06,9.129997610678484e-05,1.800598447419126e-05,2.3138410637968848e-08,8.767094352490312e-05,8.91474983735913e-05,3.3419400028456796e-06
40,8.235867313344636e-06,1.6524951055186132e-05,0.0014492621929993634,0.0006605646688772179,2.6051320456679593e-05,0.015810360054941054,0.0008922573648314834,0.00047162743201070246,6.645921960583601e-06,0.974794196123511,2.518010338037831e-06,9.879904282701323e-09,5.787852412895208e-09,3.0213313711979703e-05,2.1486254089712106e-07,0.005008409810159688,6.456015460731257e-08,0.00055020323951684,5.493454478423415e-06,9.55362563603302e-05,1.2775161204942262e-05,1.806063143145108e-08,8.339255929557123e-05,6.851476729437905e-05,6.904378599482688e-06
41,1.4814660730984409e-06,5.892074938862517e-06,0.0003001976354647269,0.0006203735656878322,3.531715105927299e-06,0.006361779575541458,0.00019878011788353406,0.0002714957127581024,7.26094690933737e-07,0.9904402829392946,1.1826134663595795e-06,2.276854309038983e-09,7.925431891371104e-10,2.3106439117708892e-05,2.015904656855483e-08,0.0013288252127292616,3.105924003678673e-08,0.00027341828411817543,2.100206744030789e-06,4.3637870432144035e-05,6.71298497665676e-06,8.643521259474376e-09,7.939407787157885e-05,3.5794889241670536e-05,1.2235926576232506e-06
42,3.242645550778038e-06,7.1639205878414116e-06,0.0008056709769966255,0.0006438170587419901,6.833237275392512e-06,0.01046535921832696,0.00042862520599587663,0.0009033681148119877,2.8280136765070525e-06,0.9788450942167468,2.102522265149888e-06,7.097575658441139e-09,3.456248338328748e-09,1.6102288662318118e-05,1.1833810581126073e-07,0.00725866948123741,4.9968647518434614e-08,0.0003892738310250951,7.744958807008379e-06,7.817046960334253e-05,1.1706734693072467e-05,2.4756302036339183e-08,5.3257602177565816e-05,6.898755975747652e-05,1.7783261812027644e-06
43,0.002722570253853555,0.001058100807114731,0.10847106356637294,0.03883346535042837,0.006255984693517416,0.17947091387442074,0.07991394524833323,0.01591591502898362,0.0009861073167012025,0.48599947524214,0.0007427461546554735,1.74403596641788e-06,3.568961972473039e-07,0.0020794836564894258,7.376854213434876e-06,0.06311879533009629,8.691814753652528e-07,0.009304789590815439,6.21499093924612e-05,0.0011085074142077511,2.6369387076251047e-05,5.991322983974206e-08,0.0010045823324702707,0.0025824560236169056,0.0003321719382316363
44,4.448165558616715e-06,1.1566298853174083e-05,0.0006769609716593203,0.0007227056569124089,1.4163516489294816e-05,0.010772584358649535,0.00047870658921327026,0.0004012821447947195,3.092825498191465e-06,0.982309043903492,1.9501868938064293e-06,5.21915128002491e-09,2.8680490395442823e-09,2.556557574668772e-05,8.402657580422641e-08,0.0038842744280130053,5.202895481886136e-08,0.00044339858985792895,3.7830654680144024e-06,8.735233578543231e-05,8.942560659505774e-06,1.3434643330636328e-08,8.41060957571119e-05,6.274896257919745e-05,3.1661907444997322e-06
45,2.8869097589863494e-06,1.3554224517574079e-05,0.00027914828525749385,0.0006202588713346994,1.373554320726605e-05,0.007780396329226493,0.00026443128321109333,0.00013395517400795635,1.6349416041504482e-06,0.9888068286742133,9.891580318840264e-07,2.811749026439056e-09,2.086339819207002e-09,3.7793518192733666e-05,2.5374679242537648e-08,0.0014488484898854694,5.79511234645519e-08,0.0003473449719606204,1.6921863412618613e-06,8.874237517611886e-05,8.652278036207506e-06,6.614901540672654e-09,0.00010741264082661215,3.848499636782435e-05,3.114310049397569e-06
46,4.718785661051072e-06,8.59546881443518e-06,0.0007843456576246199,0.0013611421326970741,1.4531627092580161e-05,0.02232537809711693,0.0002852150184243512,0.0005406517849252719,2.8934205666473953e-06,0.968095149151644,3.7444403003857487e-06,5.946480513777304e-09,7.735300199725994e-09,3.746656478665254e-05,8.958146740081321e-08,0.005225432589154147,2.8098785629929293e-07,0.0007858978398244522,5.493851998415211e-06,0.00017598807407431206,1.8048075683948523e-05,3.6221894495522563e-08,0.00018911765761276528,0.00013186804186040194,3.901247138624497e-06
47,4.470184844693025e-06,1.1568343264261877e-05,0.0006775227250109342,0.0007209014042294273,1.420627560014483e-05,0.010768265217080653,0.00047988967577620447,0.00040137951094931714,3.1125124635232405e-06,0.9822782210291006,1.944622019662445e-06,5.246894825474543e-09,2.897204659154848e-09,2.5454637909182658e-05,8.465275300143366e-08,0.003918263262263182,5.2138665749855217e-08,0.00044461404303550454,3.7994368704906876e-06,8.758834864976477e-05,8.965770439932871e-06,1.3491251194900538e-08,8.360926939492773e-05,6.288971091236202e-05,3.175593415832467e-06
48,5.010526356950202e-06,1.0427834221997435e-05,0.0009940119381828952,0.0008938755408953928,2.045455639774721e-05,0.010096064479840782,0.0006607462099218343,0.0004050950925057515,4.3019515341951515e-06,0.9811029097154664,1.9610718139422677e-06,7.33712464702007e-09,3.7884508283901575e-09,2.600495154565559e-05,1.5347065004503427e-07,0.004893991642440084,6.633920107463935e-08,0.0005852762487330453,2.29746083704737e-06,0.00012602131867118507,1.2406609164762481e-05,1.6888218384602247e-08,9.929919217730975e-05,5.342994716454438e-05,6.165888483313902e-06
49,3.6796867490932615e-06,9.534315312705142e-06,0.0007302308906886471,0.0007873045612135212,1.0660301918695307e-05,0.01080547734629833,0.00041251322428040467,0.0003468205557580726,2.602147768496362e-06,0.9828471788517043,1.7697220052093741e-06,5.179450032569402e-09,2.909037549901819e-09,2.4208469787736408e-05,7.089963316602728e-08,0.003351242969425518,4.847450091926654e-08,0.00041401401262571296,3.112885453053235e-06,8.401139250026431e-05,9.470321402758693e-06,1.2536188854106997e-08,9.003375633348867e-05,6.295656910242342e-05,3.0380208610906674e-06
50,4.814115036077148e-05,5.653761083317185e-05,0.005891385189262829,0.008641791177945498,9.231892127794191e-05,0.22867981420734387,0.00043786352429276603,0.0007648325810431694,0.00012617011839453177,0.6988003148942389,3.1292469866398066e-05,2.968379274885496e-08,7.275410285634123e-08,7.974380581367176e-05,6.903757768426202e-07,0.04741925859988728,1.3530871397937667e-06,0.005678212459278219,3.0263783587816925e-05,0.0008211153904186865,0.00010016187047018988,1.3169594712688703e-07,0.00025363823663434297,0.0020316354558283095,1.3230956462504562e-05
51,4.570339899234787e-06,1.586184437681113e-05,0.0005627305102758972,0.0009139051458160137,9.816722239532395e-06,0.008847601903479576,0.0003892811338132719,0.000443015120025543,2.9485176616809923e-06,0.9850848913268594,1.7589053309084965e-06,5.116789023897624e-09,1.8514662832049762e-09,3.3116720560286866e-05,6.774646431247385e-08,0.0029975964564161535,4.523402201332963e-08,0.0004902427226623813,3.6932892091659422e-06,7.241059310834304e-05,7.63420945436664e-06,1.4294185369978171e-08,6.70208463568369e-05,4.912547401466786e-05,2.643975512882637e-06
52,2.529885671622024e-06,5.781208762790113e-05,0.0014273186274520468,0.0027109674311777197,2.5665839984033917e-05,0.004498304619814719,0.0028942584623856296,0.0010764766701317026,3.716224640974499e-06,0.983805305703318,2.5794240954174594e-06,3.094078816115634e-08,3.6784004993116714e-09,3.1678614459991254e-05,5.233063289603061e-08,0.0028067617346755978,2.3023602906845587e-08,3.9024832562433516e-05,6.58390053653601e-06,0.00015166075578288262,2.6588268714546176e-05,5.549968498514097e-09,0.00034757197910086643,8.296393885170868e-05,2.115475622569964e-06
53,2.8561104995282175e-06,9.452062623701721e-06,0.0007018465247987487,0.0006292156045799501,2.0663484485772893e-05,0.00634635534018995,0.001063726743610023,0.0004718582771972227,2.681395686178193e-06,0.9862256496348568,1.9319587426202957e-06,7.612846220109312e-09,2.785109140042657e-09,2.1726800600636257e-05,9.225326021174818e-08,0.003992264765889451,3.054855101666417e-08,0.0002448633613517777,2.497004008293322e-06,9.659878908603482e-05,8.512200162254556e-06,9.398055065232204e-09,0.0001049836375460846,4.8829140269137386e-05,3.344565993971764e-06
54,4.315582010760778e-06,1.5244983320342976e-05,0.00046272800519659227,0.00038299865008778694,1.3475001891038083e-05,0.007967775357955072,0.00042750485387314373,0.0002264393564741493,2.400468519854495e-06,0.9872906442593922,9.626335870107229e-07,3.5681567604194375e-09,1.5574136716241926e-09,2.412030743558013e-05,1.1153546903049663e-07,0.0027549992238566773,3.025652691989687e-08,0.00027927997391841006,2.8437824328327596e-06,6.009081742204535e-05,4.701586462428902e-06,8.870565907431001e-09,4.9680906533395895e-05,2.540690593978678e-05,4.231555558527238e-06
55,1.5492811697763514e-05,2.2390970917992303e-05,0.0016280282719382433,0.0014289992490660395,2.8564465209847996e-05,0.018286034019642818,0.0011553428978907361,0.0005605528526175993,1.928977273796867e-05,0.9642667536608562,2.9399570643289303e-06,2.5299699372570438e-08,1.8541729873765576e-08,2.9775567058813665e-05,2.1237722352993432e-07,0.01093862830592917,7.882603303904144e-08,0.0012043091247174117,9.020317577809343e-06,0.0001339640514397463,2.0203792178465433e-05,2.5784583227947113e-08,6.0275089046225087e-05,0.00018230632061588968,6.7676725277710604e-06
56,4.709697974776109e-06,1.1799407797283004e-05,0.0006965256144400104,0.0007391980905546254,1.4465219515933506e-05,0.01088217186738687,0.0004978746163983644,0.0004028710365658036,3.2959137672426416e-06,0.9820561569334101,1.98153854788395e-06,5.908699777431875e-09,3.405104570879379e-09,2.6029313400159825e-05,8.726773885319342e-08,0.003943080406610966,5.461737461221791e-08,0.0004597873007072491,4.032693942236137e-06,8.989106980058618e-05,9.484065564703487e-06,1.430045713693734e-08,8.57012309747598e-05,6.745662450330082e-05,3.321858762297772e-06
57,4.041100024674512e-06,1.108813003618381e-05,0.000625329229807246,0.0006589837219748538,1.4208558196668006e-05,0.008813713417052994,0.0005600022963100381,0.0005053657257576628,3.585283547132854e-06,0.9825061715527487,1.6608947971905269e-06,8.257287194366073e-09,4.876398846509995e-09,2.4118046161717795e-05,1.1177272687079213e-07,0.005629253065338554,5.470098495666554e-08,0.000387210660668053,4.669496011763507e-06,0.00010843697924800005,1.0446588285256708e-05,1.7303292755423584e-08,6.98242409208064e-05,5.847574409143084e-05,3.2183583307143484e-06
58,5.3353783461063626e-06,1.2121265961965541e-05,0.0007942937082732043,0.0008204178412567352,1.5339046751866708e-05,0.012937902823009844,0.0005236834016346312,0.0004313647763629499,3.698574492169475e-06,0.9792403679899585,2.4551143913153896e-06,6.420704030540558e-09,3.895502829893986e-09,2.6136054606955878e-05,8.46040393448928e-08,0.004401120409675918,5.392064130722756e-08,0.00048650848135142093,4.84774686222072e-06,9.222493775501064e-05,9.920190079610434e-06,1.4081036821767874e-08,9.483149612383452e-05,9.416999711701531e-05,3.097844064236057e-06
59,4.84258659373117e-06,1.1505434749160108e-05,0.0008351018965672952,0.000815833459868243,1.4251222429102087e-05,0.01261220093973551,0.0005028550324384779,0.0004205235214072428,3.4335004577315736e-06,0.9797401104795537,2.368924323937792e-06,5.821088772996672e-09,3.351356580817749e-09,2.4295783809634273e-05,8.33060167831332e-08,0.0042738815707413095,4.949715056898873e-08,0.0004481975253509436,4.3817001618478655e-06,9.129758755794653e-05,9.879005383660783e-06,1.3109682598928815e-08,9.388085300636132e-05,8.804987934265695e-05,2.9540112261359258e-06
60,4.448165558616715e-06,1.1566298853174083e-05,0.0006769609716593203,0.0007227056569124089,1.4163516489294816e-05,0.010772584358649535,0.00047870658921327026,0.0004012821447947195,3.092825498191465e-06,0.982309043903492,1.9501868938064293e-06,5.21915128002491e-09,2.8680490395442823e-09,2.556557574668772e-05,8.402657580422641e-08,0.0038842744280130053,5.202895481886136e-08,0.00044339858985792895,3.7830654680144024e-06,8.735233578543231e-05,8.942560659505774e-06,1.3434643330636328e-08,8.41060957571119e-05,6.274896257919745e-05,3.1661907444997322e-06
61,4.744737922270398e-06,1.1312626529412762e-05,0.0007989223028518612,0.0007781181954258473,1.3994615831785356e-05,0.011961811256827708,0.0005049789370758463,0.00041040857781073336,3.2856297099017687e-06,0.9807507541240966,2.2294702058044024e-06,5.762501409682903e-09,3.32773419625728e-09,2.4007125947174364e-05,8.274353334436147e-08,0.004010300315998681,5.009099309340015e-08,0.00044692632693660485,4.248389683438036e-06,8.790234875797549e-05,9.831226265694035e-06,1.3270822549610263e-08,9.151170356398567e-05,8.153074184060172e-05,3.02615113353527e-06
62,4.448165558616715e-06,1.1566298853174083e-05,0.0006769609716593203,0.0007227056569124089,1.4163516489294816e-05,0.010772584358649535,0.00047870658921327026,0.0004012821447947195,3.092825498191465e-06,0.982309043903492,1.9501868938064293e-06,5.21915128002491e-09,2.8680490395442823e-09,2.556557574668772e-05,8.402657580422641e-08,0.0038842744280130053,5.202895481886136e-08,0.00044339858985792895,3.7830654680144024e-06,8.735233578543231e-05,8.942560659505774e-06,1.3434643330636328e-08,8.41060957571119e-05,6.274896257919745e-05,3.1661907444997322e-06
63,4.500314337649828e-06,1.2923070247019435e-05,0.0006452322375516275,0.0007077879696268015,1.3982712571317769e-05,0.01023720027687476,0.0004651614245699311,0.0003644515538327597,3.0200690123080743e-06,0.9833274276288126,1.831434859790264e-06,5.167590059607771e-09,2.718493858774674e-09,2.6429656045212266e-05,8.171192990767387e-08,0.0035293965733989535,4.975885607997266e-08,0.00041925715509835297,3.7243286769378746e-06,8.45179066894692e-05,8.79584245099119e-06,1.2836904083586214e-08,8.215811518077844e-05,5.8837896138561367e-05,3.2116402502876977e-06
64,3.893918939638584e-06,1.0740707461080245e-05,0.000659682467356187,0.0006932861629812914,1.2651063032223483e-05,0.010358295472619222,0.00045099486071442494,0.0003473909700650985,2.864742922993626e-06,0.9832662209883035,1.6976807877812277e-06,5.406795347444107e-09,3.1217701428375458e-09,2.4383235077671417e-05,7.773627153901302e-08,0.0035057559104189322,5.3759794659663595e-08,0.0004130075977116834,3.5663655883144707e-06,8.604820004087705e-05,1.0949541148928283e-05,1.3634010388258097e-08,8.522715301855155e-05,5.998724512837392e-05,3.202058040950306e-06
65,1.1782039521525118e-05,2.1288051942470727e-05,0.0012207019503369144,0.0011753900941356133,3.154952836864929e-05,0.024321193951367594,0.0007075162610233848,0.0005824039549574557,1.1485908392144015e-05,0.9610787364961528,4.752501883977713e-06,1.1390747610666967e-08,8.469446726066858e-09,3.7092000078334566e-05,1.9613422249682012e-07,0.009359305380128215,1.1222001424592731e-07,0.0009932028772507494,9.650809793204595e-06,0.00013733591151860028,1.5226565160675875e-05,2.9369112372030243e-08,0.00010003590410413468,0.00017571329375291322,5.278936587293575e-06
66,4.476061579924801e-06,1.2391915538639912e-05,0.0006697955849313148,0.0007812275516667215,1.3507703329707206e-05,0.010553704507582968,0.0004909500204393831,0.00045211102887767537,3.233354116990652e-06,0.9822460949761741,2.0177666213311733e-06,5.710523405896981e-09,2.7292597631295815e-09,2.8181953857380387e-05,8.733823596396794e-08,0.0040454302839492435,5.1415913943481225e-08,0.00045407643135796327,3.964304984235743e-06,8.540888207663608e-05,8.819173599299647e-06,1.4594849576962133e-08,8.12745323560244e-05,6.0052760181993485e-05,3.1194179957674435e-06
67,4.21924929004621e-06,1.0938528846723535e-05,0.0006567249868641644,0.0007500032412299109,1.361691019029473e-05,0.011000811690201054,0.0004422967362434555,0.0003781262745449139,2.8925824622074775e-06,0.9822469256899227,1.910345868972283e-06,5.0248333791667715e-09,2.960104232543203e-09,2.6131641193737893e-05,7.625475063423808e-08,0.003762817104387574,5.436849946624979e-08,0.0004418766783062439,3.536952610017704e-06,9.096652949405355e-05,8.993203803307035e-06,1.2980813377281507e-08,8.95955264689152e-05,6.434137696784695e-05,3.1231621028786632e-06
68,3.1315910771724325e-06,6.915755199023927e-06,0.0008522526953594558,0.0013310701728131424,4.662143000944757e-06,0.008772581045119932,0.0002853349602873089,0.0002995589471266371,1.8787293350384141e-06,0.9856817781331061,1.226432625239702e-06,4.343019069690979e-09,2.0603359923179765e-09,2.305471408285801e-05,1.9414374436806276e-08,0.0019997749223131986,3.2119636557969576e-08,0.0005170572595579713,1.6681569895660813e-06,5.59656099982101e-05,1.2219912152728008e-05,7.225498688379282e-09,8.375733012192325e-05,6.421467624270401e-05,1.8316506263442105e-06
69,7.4257791274262984e-06,1.459748867053781e-05,0.0006055988929886912,0.0004938670113971518,1.6426518446842353e-05,0.01096849621579199,0.00046977623732874377,0.00033801818995752794,4.751799706536107e-06,0.981868458551815,1.2065276587840558e-06,4.593601044175507e-09,2.929813951150986e-09,2.7057096097026477e-05,1.4143474536967082e-07,0.004277359312949976,7.01584344392062e-08,0.0007519456756019231,3.88878424625568e-06,6.803044579238933e-05,7.2271460571609315e-06,1.818694526567904e-08,3.784548563699293e-05,3.231265053598419e-05,5.472886652985993e-06
70,4.451584286100048e-06,1.1679868588555804e-05,0.0006813110458006651,0.0007179172761783445,1.428688465682215e-05,0.011075404882925723,0.00048127602244858747,0.00039677368750424207,3.1041870513776623e-06,0.982046647040711,2.0127636544130947e-06,5.227094534409071e-09,2.8776480166564956e-09,2.5516796024580037e-05,8.348717333082754e-08,0.0038453282290046528,5.2466211422233086e-08,0.0004403724978563453,3.935453059315412e-06,8.642882902505593e-05,9.229069803843328e-06,1.3458974216982346e-08,8.587673708406321e-05,6.514783682504455e-05,3.1417904097980617e-06
71,7.444355819931122e-06,1.0940553668511839e-05,0.001780946650604276,0.0009999903966198514,1.1017713207957742e-05,0.024162456659361592,0.0006128275715540324,0.0007335058488011856,5.64914128327739e-06,0.9656289444372858,4.27185090442397e-06,7.2217999953855846e-09,2.936261379491268e-09,2.4413152730579426e-05,1.6029672667451815e-07,0.004901622465085173,6.920174039829137e-08,0.0008441796478460653,8.350163986956392e-06,5.033696308965284e-05,1.4221678637899343e-05,3.0484164509582495e-08,8.411775009811689e-05,0.00011087847691229123,3.614381809422085e-06
