,0,1,2,3,4,5,6,7,8,9,10,11,12,13,14,15,16,17,18,19,20,21,22,23,24
0,1.5381294311424405e-06,1.991151469932791e-06,0.005889326989807699,0.0015614678326862992,3.7944064792612643e-07,0.00040982702380892616,1.7644174685516114e-08,0.0002904424986434117,0.00017097643615792663,0.9873860583473761,1.8003930755676616e-07,1.496475518776768e-08,1.1405421313750964e-06,0.00017769151220486904,3.917532571032265e-05,0.0028066429173989535,2.6826807423297156e-06,0.0002535421356891126,1.212922483499702e-06,0.0008596507052275012,1.2577626210977624e-07,6.148471138348245e-08,0.00013448069859679733,6.02732516543138e-06,5.345475409632071e-06
1,1.6566411575700098e-06,2.3435427381647385e-06,0.008460171491354234,0.0020414595306332845,4.1581750366723487e-07,0.00031523827150164914,2.0516355653962365e-08,0.0003491348329235663,0.00011791498349247008,0.9824486507141476,1.4248222218267057e-07,1.707954246285742e-08,1.6367822639815419e-06,0.00013707928318200364,2.556679807680244e-05,0.004563839007631633,3.850089552511326e-06,0.000288334537904222,1.0936718171497183e-06,0.0011146437105848158,1.3873098840498732e-07,4.963672445399253e-08,0.00011584349446922852,6.875550925070594e-06,3.882802307210584e-06
2,2.2156888461899334e-06,3.3498844059489996e-06,0.008406042332031115,0.0026738258923670543,7.481378716899544e-07,0.0003686023231617795,2.654727340978507e-08,0.0004647185026617728,0.00016597727255666855,0.9814112039212434,2.6342385907354965e-07,2.7342859480551576e-08,2.034809508612785e-06,0.00024002430513032276,4.9053515482444076e-05,0.004183977746358261,4.477058010397971e-06,0.0003178482703082381,1.1224038519303625e-06,0.0015582571897497775,1.4942385247175311e-07,8.554426773018087e-08,0.0001323565722973936,7.4685361389550205e-06,6.143355905860862e-06
3,2.9176194884073367e-06,3.438178464733416e-06,0.009178168892587373,0.0032641641127375684,6.212134153485985e-07,0.0004190980814590117,2.6752654241467587e-08,0.00048277417996879887,0.00013656112184516617,0.9801946791821854,2.6147836157877917e-07,2.6891038839608754e-08,2.1271928347874634e-06,0.00018073055320804433,4.123208441983016e-05,0.004362571881896531,5.7197275028900144e-06,0.0003775703296639134,1.3165001697525501e-06,0.0011770398372091741,1.562647037425311e-07,7.962979385202367e-08,0.00015639153495121527,7.438521263661573e-06,4.888238176121786e-06
4,3.1972759492148903e-06,3.7496647716695114e-06,0.010182984549562369,0.0033835360099643986,6.651231935891531e-07,0.00036516189047314126,2.8014096389287524e-08,0.0004965728366680772,0.00014229611365656857,0.9792612570198658,2.7891438273040484e-07,2.8307718471432073e-08,2.6657439651292317e-06,0.00021239303810535344,3.727229714868916e-05,0.003997371374906747,5.60671324974068e-06,0.0004170475740823445,1.313503855806005e-06,0.00132297285327352,1.798171776476096e-07,8.763886784797992e-08,0.00015037898297288075,8.19356611948829e-06,4.7611759726573525e-06
5,2.9485735280059078e-06,3.3342203390148578e-06,0.009742921849400692,0.004174477983353369,7.140222966327005e-07,0.00040968953645440583,2.843546917762761e-08,0.00043942612934906757,0.00013636306080180244,0.9783997335304855,2.4773966473721165e-07,2.492065401255373e-08,2.482767152461635e-06,0.00017750422824034415,3.4557567722990846e-05,0.004347705076982423,5.834146181045411e-06,0.0005033802791842495,1.375033326396827e-06,0.0014111408991135162,1.7355813454719817e-07,6.591675655700525e-08,0.0001928593593914387,9.05471019836798e-06,3.956455819230823e-06
6,2.9176194884073367e-06,3.438178464733416e-06,0.009178168892587373,0.0032641641127375684,6.212134153485985e-07,0.0004190980814590117,2.6752654241467587e-08,0.00048277417996879887,0.00013656112184516617,0.9801946791821854,2.6147836157877917e-07,2.6891038839608754e-08,2.1271928347874634e-06,0.00018073055320804433,4.123208441983016e-05,0.004362571881896531,5.7197275028900144e-06,0.0003775703296639134,1.3165001697525501e-06,0.0011770398372091741,1.562647037425311e-07,7.962979385202367e-08,0.00015639153495121527,7.438521263661573e-06,4.888238176121786e-06
7,8.483587136591804e-06,5.080109195757698e-06,0.017663019613196607,0.0042224960041445355,6.785928870352309e-07,0.0003649538708414277,3.4736642556528883e-08,0.000810086003847857,0.00011203408763646643,0.9695103882081842,5.702333342345035e-07,3.904872504028586e-08,6.511224885452804e-06,0.00019333764736783127,4.075056201386883e-05,0.0046369127743964515,8.638874110706285e-06,0.0006068319158148953,1.6509076838460313e-06,0.0016690741519631807,2.391926518814357e-07,1.4611758681324625e-07,0.0001255941526713416,8.397379350958306e-06,4.0510037304437974e-06
8,3.578570310585324e-06,6.1205157212198125e-06,0.0033605360110420574,0.005683151608258659,8.362013754717111e-07,0.001364235284307972,1.8198040405994246e-07,0.0031915773629123457,0.00019712798128649367,0.9735446812013779,1.2718577338908929e-06,8.603817485315565e-08,5.7724346141029e-06,0.0001933238779809754,0.00015163854958671202,0.009396118736164945,7.801839336913173e-06,0.0011313416158858145,1.33640967025359e-05,0.0016302083119750569,3.9745231124994425e-07,5.850179339111023e-07,0.00010849051509552049,2.7217002481092806e-06,4.851239258668492e-06
9,7.597869694507316e-05,1.7065417150971338e-05,0.014477702529552005,0.02274129872514872,6.032469440174813e-06,0.006351578691623223,8.423518038143907e-07,0.007374974750554842,0.0006091068242435645,0.9264662513508912,1.1106752063889668e-05,6.057321966462893e-07,2.0314738460327978e-05,0.0003345556956275614,0.0006439216481749362,0.014730086570172945,4.8736482347258545e-05,0.0033871920200297394,2.475740674210595e-05,0.002058598923017578,1.0786456185085957e-06,2.275482985381807e-06,0.0005861367105272372,1.19237731979957e-05,1.7877611484141752e-05
10,2.9176194884073367e-06,3.438178464733416e-06,0.009178168892587373,0.0032641641127375684,6.212134153485985e-07,0.0004190980814590117,2.6752654241467587e-08,0.00048277417996879887,0.00013656112184516617,0.9801946791821854,2.6147836157877917e-07,2.6891038839608754e-08,2.1271928347874634e-06,0.00018073055320804433,4.123208441983016e-05,0.004362571881896531,5.7197275028900144e-06,0.0003775703296639134,1.3165001697525501e-06,0.0011770398372091741,1.562647037425311e-07,7.962979385202367e-08,0.00015639153495121527,7.438521263661573e-06,4.888238176121786e-06
11,3.4043399029503446e-06,3.7585492528588012e-06,0.010280557418677738,0.0035416645978733645,7.008756252118156e-07,0.00041819133782066635,3.097006710111784e-08,0.0005038236152918157,0.00014716909487384175,0.9782277841753093,2.9543942040496806e-07,3.060506006517461e-08,2.761533991730513e-06,0.00019241511548949615,4.314362070269478e-05,0.004657839192089878,6.151111121842864e-06,0.00041268101239544836,1.4444339484455825e-06,0.0013808685303171525,1.787569031975375e-07,9.158399080670019e-08,0.00016091279534987603,8.951528696417395e-06,5.1497658279730884e-06
12,3.270954777678839e-06,4.065505120186474e-06,0.00660426707842063,0.004707027489003731,2.5991492417843186e-07,0.00038153761322928093,3.146117104085983e-08,0.0008407800406152221,9.93681640901357e-05,0.9812408943662031,2.510798008215368e-07,2.5113382933762623e-08,2.4955096127904454e-06,0.0001248994808660662,4.551579708661604e-05,0.004776738202757643,5.310623201920913e-06,0.0004473625036962073,3.0700069434671058e-06,0.0005894927188996434,1.630663001301541e-07,1.0103211261942392e-07,0.00011603256452934055,4.091307564281097e-06,2.948405690177866e-06
13,3.913197103191055e-06,4.327053987709653e-06,0.010583397925061432,0.0031999538660264885,7.303896234589318e-07,0.00037731273519002684,2.9752538191626467e-08,0.0006638885660868479,0.00014796172265064595,0.9784416088954645,4.09625662593194e-07,3.8647805630723004e-08,2.750130797586454e-06,0.00027006503892315024,5.1307116673797314e-05,0.004309139543792891,6.214455060528239e-06,0.0004326054782281042,1.3826708024832675e-06,0.0013541174176584542,1.9061441389970858e-07,1.200819019962295e-07,0.00013478775763027312,7.323638609567237e-06,6.423678306115966e-06
14,3.3935398538462145e-06,3.033500595289204e-06,0.01240533292461672,0.0027360113654005492,5.719157201956454e-07,0.0004975601244018235,3.326084732888571e-08,0.0005275577803798703,0.00016723531286168207,0.9750560295724395,2.5023346500230515e-07,3.426237218032781e-08,2.090429743483301e-06,0.00018671177991170805,5.042959471853025e-05,0.006473586731197833,6.616434016161227e-06,0.0003298507932832386,1.1672636570077067e-06,0.0013508318417058307,1.5620180301195885e-07,7.914321774240442e-08,0.00018481591847577532,9.228102209214152e-06,7.391973106418829e-06
15,2.9176194884073367e-06,3.438178464733416e-06,0.009178168892587373,0.0032641641127375684,6.212134153485985e-07,0.0004190980814590117,2.6752654241467587e-08,0.00048277417996879887,0.00013656112184516617,0.9801946791821854,2.6147836157877917e-07,2.6891038839608754e-08,2.1271928347874634e-06,0.00018073055320804433,4.123208441983016e-05,0.004362571881896531,5.7197275028900144e-06,0.0003775703296639134,1.3165001697525501e-06,0.0011770398372091741,1.562647037425311e-07,7.962979385202367e-08,0.00015639153495121527,7.438521263661573e-06,4.888238176121786e-06
16,3.897601916629413e-06,4.968426233508222e-06,0.007780775438830088,0.003842288751637485,6.859106265668911e-07,0.0004254207345502658,3.2220362769081845e-08,0.0008403146007182875,0.00015056608963130626,0.9801150015156205,4.7329723100407105e-07,4.737652534090038e-08,2.818089713738646e-06,0.0002699138390758788,6.804554592457317e-05,0.004674623739815667,6.516912155187897e-06,0.00045006713643925737,1.9103201336329634e-06,0.0012181309043859032,1.7994998944192552e-07,1.6515621130103514e-07,0.00013071043215528698,5.989702849061319e-06,6.456307267191286e-06
17,6.937490009579632e-06,5.209062810108972e-06,0.015952030328188548,0.005691356999861378,1.6228825511475388e-06,0.000520537727237566,5.751181710044246e-08,0.0007043757178004531,0.00025202777022385935,0.9687291859117351,5.665177545869082e-07,6.076410467858094e-08,5.123075697305028e-06,0.00038067444744130477,4.467983825642542e-05,0.004431513554130162,8.842184787903547e-06,0.0008397425841807611,1.5987367274503867e-06,0.002136056059248718,3.1979041801423266e-07,1.470956789716863e-07,0.0002650486755126642,1.5434152746963476e-05,6.851121079169489e-06
18,1.9999245532176046e-06,3.2492041464882588e-06,0.008563715451468994,0.0016104041066018647,4.936896269746471e-07,0.000367091620380806,2.771782027190266e-08,0.0003694391198998581,0.000158208229425263,0.9820608270471215,2.2605606162422194e-07,3.1695622807250735e-08,1.5931318665473258e-06,0.00026827897168034415,4.425419260082499e-05,0.004877750036226624,5.343251346861229e-06,0.00029522440273105886,1.2408068028567458e-06,0.0011990628200727466,1.8388193523819586e-07,8.249868308772485e-08,0.00015383033857579466,8.10828822683671e-06,9.333516521379926e-06
19,1.461999819703389e-06,3.2998613919258326e-06,0.00596498724776566,0.004076623958884475,6.72294248447457e-07,0.0004174136295828688,2.0868938817584874e-08,0.00029554389409992317,0.00014297962326881563,0.984088622613046,1.4077018857125456e-07,2.0148481187935148e-08,1.5907200587745335e-06,0.00013722556887013753,3.8964167526814295e-05,0.0034319535399211375,4.0822991941491575e-06,0.0002072940514513489,1.031252653882753e-06,0.0010464344600645535,8.8319993692559e-08,6.184000499924661e-08,0.00012883919623809734,6.919132576357656e-06,3.728541729618047e-06
20,2.696441858180057e-06,4.031414056701332e-06,0.006801281802159331,0.003423044191105447,6.04604591660407e-07,0.0003833126966421436,2.8299564531773057e-08,0.0006153890018937341,0.00015911263577621858,0.9831047013575204,3.248030750481128e-07,2.6986344519448842e-08,2.7789413476360853e-06,0.00022154961281566296,5.573842069976069e-05,0.003494637525926372,4.380196915993639e-06,0.00034296194018443906,1.7409143385846385e-06,0.0012635936646571296,1.5834271781646698e-07,1.3994426177519706e-07,0.00010725264493180864,5.835469605346269e-06,4.678147009637736e-06
21,5.104807029831356e-06,3.827132596595911e-06,0.02146161428375219,0.003346086897657446,6.808390025737474e-07,0.00024258256167940132,2.731336065052469e-08,0.0006035934665364286,0.00010984869905549627,0.9648968814133477,3.1184555009338605e-07,4.220750757867901e-08,4.003560120308018e-06,0.00028269510487191325,2.308236365437508e-05,0.006071958789022507,8.357762416652594e-06,0.0006750147669521441,8.795281676934442e-07,0.0020759869739643364,2.4589507509482764e-07,6.81533542951325e-08,0.00016975593137778583,1.226559458741613e-05,5.08410935932928e-06
22,3.885875352676769e-06,3.2575063456440963e-06,0.011939232409109104,0.0028409454237066567,4.517905629147111e-07,0.00032899543826949817,1.706079223220708e-08,0.0006339352156857491,6.462685453682676e-05,0.978423609085445,2.8932435858516787e-07,2.2071259240585974e-08,2.0435729346841016e-06,0.0001594567304439807,2.4522034570553665e-05,0.0039063030132913965,8.8143180777352e-06,0.0004777417443041918,1.0055203692578523e-06,0.0010329047694122562,1.770393667596098e-07,7.323088818453822e-08,0.00013991268612530082,4.651821784764759e-06,3.1254630066057533e-06
23,2.9176194884073367e-06,3.438178464733416e-06,0.009178168892587373,0.0032641641127375684,6.212134153485985e-07,0.0004190980814590117,2.6752654241467587e-08,0.00048277417996879887,0.00013656112184516617,0.9801946791821854,2.6147836157877917e-07,2.6891038839608754e-08,2.1271928347874634e-06,0.00018073055320804433,4.123208441983016e-05,0.004362571881896531,5.7197275028900144e-06,0.0003775703296639134,1.3165001697525501e-06,0.0011770398372091741,1.562647037425311e-07,7.962979385202367e-08,0.00015639153495121527,7.438521263661573e-06,4.888238176121786e-06
24,1.9659119693239433e-06,4.227163782158329e-06,0.005659860137083292,0.004908352781248608,5.288895375951788e-07,0.0003240876955717343,2.2195195976727195e-08,0.0004292102102793654,0.00011318482653133446,0.9835008872413596,1.872443166193118e-07,1.9951440213881327e-08,1.9792393550621745e-06,0.0001609229558681677,3.714651648313325e-05,0.0034229333553088544,4.748571016525854e-06,0.0003690813363108363,1.6503609788608682e-06,0.000913369833002153,1.2744547020111003e-07,7.321656361774162e-08,0.000136713253218287,5.643136789236597e-06,3.0765313190512543e-06
25,3.461416114865704e-06,3.739737115148684e-06,0.010312010059600177,0.0037868636817741364,7.513878631528347e-07,0.00042825769064270896,3.234807536643876e-08,0.0006792286786459642,0.00013764509416052737,0.9774609746528818,3.3996457757011994e-07,3.3485110675237064e-08,2.628871525698842e-06,0.00021557773501810075,4.047352361081862e-05,0.004766680086225889,6.47731885515276e-06,0.0005077360648505181,1.3744184275614964e-06,0.001470788087516222,1.8892433413310374e-07,9.349444951807519e-08,0.0001623761428355286,7.444073473870602e-06,4.823062314757935e-06
26,4.182488254551738e-06,2.4484335823092926e-06,0.01829495888484966,0.003862813151344117,9.919753172537138e-07,0.00044287231309698586,2.643466245789908e-08,0.0002539005328911805,0.0001943517328718083,0.9697329314036852,1.959041192289879e-07,2.1425066358666324e-08,2.5013294050175547e-06,0.00017377646051882275,2.2344952087525435e-05,0.004283598254478915,5.992655579347955e-06,0.0005638157375100868,7.952792917915441e-07,0.0017775857310617378,1.864606519972597e-07,3.638292082687729e-08,0.0003537637127523095,2.1383392228800344e-05,4.524971771613695e-06
27,2.6389576336984896e-06,3.4788889377479532e-06,0.00633113070238341,0.003585660292600016,7.703246159353741e-07,0.0005775754651783339,3.269964926260398e-08,0.0005273540730192661,0.0002429217021395774,0.982938000695013,2.931390756379438e-07,2.964076869674378e-08,2.222836404415075e-06,0.0001758827806462376,6.245428067406259e-05,0.003950813915538717,3.825405836839205e-06,0.0002965736340417432,1.7651161328022951e-06,0.0011440602722577425,1.292891556925642e-07,1.242364718240677e-07,0.00013839298839085396,8.10231458055089e-06,5.766348853692481e-06
28,2.9176194884073367e-06,3.438178464733416e-06,0.009178168892587373,0.0032641641127375684,6.212134153485985e-07,0.0004190980814590117,2.6752654241467587e-08,0.00048277417996879887,0.00013656112184516617,0.9801946791821854,2.6147836157877917e-07,2.6891038839608754e-08,2.1271928347874634e-06,0.00018073055320804433,4.123208441983016e-05,0.004362571881896531,5.7197275028900144e-06,0.0003775703296639134,1.3165001697525501e-06,0.0011770398372091741,1.562647037425311e-07,7.962979385202367e-08,0.00015639153495121527,7.438521263661573e-06,4.888238176121786e-06
29,2.9176194884073367e-06,3.438178464733416e-06,0.009178168892587373,0.0032641641127375684,6.212134153485985e-07,0.0004190980814590117,2.6752654241467587e-08,0.00048277417996879887,0.00013656112184516617,0.9801946791821854,2.6147836157877917e-07,2.6891038839608754e-08,2.1271928347874634e-06,0.00018073055320804433,4.123208441983016e-05,0.004362571881896531,5.7197275028900144e-06,0.0003775703296639134,1.3165001697525501e-06,0.0011770398372091741,1.562647037425311e-07,7.962979385202367e-08,0.00015639153495121527,7.438521263661573e-06,4.888238176121786e-06
30,2.9176194884073367e-06,3.438178464733416e-06,0.009178168892587373,0.0032641641127375684,6.212134153485985e-07,0.0004190980814590117,2.6752654241467587e-08,0.00048277417996879887,0.00013656112184516617,0.9801946791821854,2.6147836157877917e-07,2.6891038839608754e-08,2.1271928347874634e-06,0.00018073055320804433,4.123208441983016e-05,0.004362571881896531,5.7197275028900144e-06,0.0003775703296639134,1.3165001697525501e-06,0.0011770398372091741,1.562647037425311e-07,7.962979385202367e-08,0.00015639153495121527,7.438521263661573e-06,4.888238176121786e-06
31,6.081196986583213e-06,4.013284543111047e-06,0.017423243032827922,0.0028815076107520277,5.019136789015426e-07,0.0003655449416942906,3.174775454770541e-08,0.00091427089204256,0.00010300944052477111,0.9706610358539656,3.515692097565718e-07,3.582771194546609e-08,2.9509603649302992e-06,0.0001897454921703236,2.6834694055419312e-05,0.005574431108629318,9.157838198054297e-06,0.0005547335626667014,1.2007601688108373e-06,0.0011145855788574112,2.389581714608904e-07,9.064039317533831e-08,0.00015479391213165034,7.014814768150467e-06,4.594367732608382e-06
32,2.7158571296819898e-06,3.489104558250102e-06,0.008127509072179863,0.003416897509601228,6.07173608915299e-07,0.0004359449933913943,2.8727374706916985e-08,0.000476687853339811,0.00013768395996823388,0.9808737561417104,2.556156249622197e-07,2.5868523562155764e-08,2.185415817183792e-06,0.00016637213873771234,4.473614569582077e-05,0.004587925647488081,5.6687356190318715e-06,0.0003830175891416311,1.6301362117740463e-06,0.0011614475182134985,1.6355778214402976e-07,8.38612075588637e-08,0.0001589174213970441,7.507673946679179e-06,4.742281730913692e-06
33,1.360481731742171e-05,9.689284972992906e-06,0.014465109835518073,0.01340977521814632,1.140955756385663e-06,0.0005385019064565053,8.076140516990644e-08,0.0019819066707972796,0.00011533124446246416,0.9551223137373547,1.0389777673065919e-06,1.1143530200019531e-07,1.1091942125136815e-05,0.00024266225106059136,5.820564999912054e-05,0.010115605451603837,2.1813656732529465e-05,0.0015782247171377797,4.075795064006077e-06,0.0020617500057726547,3.958185510348569e-07,2.9953195562315e-07,0.0002303709929289644,1.2306992897582963e-05,4.592348914824719e-06
34,7.974952143547906e-06,4.076724018895458e-06,0.014510493503418672,0.004569146581985723,8.881654694283794e-07,0.0004944961751672002,3.9570521317509414e-08,0.0007033772002744271,0.00018321935880114126,0.9727415945107809,5.226700763284987e-07,3.6657487396381444e-08,4.054754195539445e-06,0.00020468346476384573,5.383185328157801e-05,0.004382668152588633,7.334664303272563e-06,0.000659501291259746,2.0368637843360983e-06,0.0012589750458855725,2.47620044198835e-07,1.2432967253558664e-07,0.00019539370863231597,1.0098815132653232e-05,5.183366310850331e-06
35,9.544583095147802e-07,4.335316722341416e-06,0.008467386596334439,0.0032772426448896856,8.616112287649894e-07,0.0002726626957248627,1.5724600863480866e-08,0.0001691573507600179,0.000115443392322544,0.98094806370309,1.3365365659754205e-07,2.1195844400449394e-08,1.5446083617141182e-06,0.0002789594408448993,6.55776159312281e-05,0.003787500097279352,4.675419833658111e-06,0.00013242667766601022,5.16831841629682e-07,0.00231624819638835,8.727394657008582e-08,4.5838752509072636e-08,0.0001400764784538224,8.213134595007553e-06,7.850042620839129e-06
36,1.799454309559046e-06,3.5928148364298525e-06,0.0057617008707726534,0.0023771018417480046,2.2635996872019605e-07,0.00027886288195405064,2.4236848543265603e-08,0.0007711989771018902,8.288058836979206e-05,0.9822857614278185,1.614478216974278e-07,2.6342791661086315e-08,2.09234059163996e-06,0.0001373486068572138,3.3747420768556926e-05,0.006909918039529173,5.985528591209624e-06,0.0002850956311560319,1.549902061838122e-06,0.0009830632496963085,1.0614596324191882e-07,1.0906753634798492e-07,7.128318225593963e-05,3.0310723125266178e-06,3.332568338405064e-06
37,8.688290084513612e-07,2.736987370321053e-06,0.0031710828803769367,0.0023351426885435235,2.519238655425573e-07,0.00044168356074022466,1.4408408201685748e-08,0.00042698438398097087,7.105705533145777e-05,0.9882037845492871,1.3543670463028744e-07,1.3127052101256283e-08,7.727566170897386e-07,9.136887172575223e-05,5.4938464355797454e-05,0.004278404735482171,3.952494259549663e-06,0.00016316801940060568,1.468468440471049e-06,0.0006536763285017599,7.338521093635113e-08,6.1922325734065e-08,9.247672437578651e-05,2.4011406306390105e-06,3.480858004229831e-06
38,2.940580074824069e-06,3.6252797105326627e-06,0.009283836216733775,0.003302831797311202,7.169198159815355e-07,0.00037862837537663553,2.43254841877624e-08,0.0004739881140226983,0.0001508216550899785,0.9808922126748513,2.7545933857468394e-07,2.759139044244837e-08,1.99709683019503e-06,0.00022307412060854477,3.95561953391702e-05,0.0035547582313666557,5.128592018418621e-06,0.00037839372386150007,1.1245045845723102e-06,0.0011419237411756191,1.5167543648001779e-07,7.975397996976417e-08,0.00015122959258813583,7.492669957764538e-06,5.161113052995755e-06
39,4.643491056894188e-06,3.7764820545784105e-06,0.012479607194263505,0.003120314199461656,5.432047071438551e-07,0.0007111567350362359,5.981284458095888e-08,0.0015856467091157852,0.00011414237889083916,0.9687479827987472,4.56796931261691e-07,5.868975687655125e-08,3.0632952675223587e-06,0.00016053456366172417,4.720898472901778e-05,0.010800635863000013,1.1606849858843701e-05,0.0005515798295967485,2.0930014469772372e-06,0.0014804959390841638,2.70840422169904e-07,1.515980742644215e-07,0.00016138617992092057,6.391261147330726e-06,6.193300923803791e-06
40,7.4977872315112475e-06,4.568992340309956e-06,0.02131325715492239,0.0029023088016474894,1.0624552944301255e-06,0.0006039114441205796,4.036877586703156e-08,0.000602977347925054,0.00019209382940938978,0.9672740594415634,5.448192200784534e-07,5.873963562673537e-08,3.2839780614470718e-06,0.00028753696162932166,6.182041692278324e-05,0.004713035978042207,9.870799944321157e-06,0.0003686522704774837,1.062004448269878e-06,0.0014439991660329858,2.404749753827398e-07,1.3729213981161547e-07,0.00018677041797693963,1.0905905735309277e-05,1.0303151527795448e-05
41,3.1731035908698646e-06,3.4970467472175845e-06,0.011809516916745685,0.0018859155269859381,3.6180241135083976e-07,0.00030119287258376293,3.35741312166507e-08,0.0005884319450760545,9.729218408232865e-05,0.97671064524776,2.880396984218225e-07,3.122418796073893e-08,2.9213149999344207e-06,0.00023951127095122088,2.7404705424264677e-05,0.006122700788604027,7.721839323950584e-06,0.0005809860747179541,1.6548978269476295e-06,0.0014411531493660075,3.1455486019904345e-07,8.826879205704937e-08,0.00016128447453325808,8.153067907787393e-06,5.72610869152564e-06
42,2.3166305429911734e-06,4.169938550561709e-06,0.005918832044781142,0.0032245050791448373,4.5801857959704976e-07,0.0005098451444166472,3.450111283852838e-08,0.0007120163099397793,0.00011026819671342106,0.980344789255849,2.516998541934608e-07,2.910126354281827e-08,2.7831456071128295e-06,0.00010330401558055933,5.685367676962686e-05,0.007467210267606133,6.9529802275531165e-06,0.0002624231060504784,2.496996379294123e-06,0.001170340286164154,1.4500730269940657e-07,1.5912863547331224e-07,9.00391874523625e-05,5.512819276837566e-06,4.26346219922411e-06
43,1.089416439975672e-06,1.9909277446890356e-06,0.004616005669875864,0.0018588227202620097,3.3629588240249037e-07,0.0003872176758516659,1.3731427173540965e-08,0.00033420538330715475,9.631289132894167e-05,0.9885333192498246,1.290827535696765e-07,1.0824263750450253e-08,9.683035965582197e-07,0.00010110523879130374,3.120363136232255e-05,0.002972039352710239,3.0237314152606423e-06,0.00018860960974076993,1.0597518356698257e-06,0.0007710586674634138,9.066041299938302e-08,5.284452444542525e-08,9.472511410191265e-05,3.6852964916771213e-06,2.9239285919103005e-06
44,2.9176194884073367e-06,3.438178464733416e-06,0.009178168892587373,0.0032641641127375684,6.212134153485985e-07,0.0004190980814590117,2.6752654241467587e-08,0.00048277417996879887,0.00013656112184516617,0.9801946791821854,2.6147836157877917e-07,2.6891038839608754e-08,2.1271928347874634e-06,0.00018073055320804433,4.123208441983016e-05,0.004362571881896531,5.7197275028900144e-06,0.0003775703296639134,1.3165001697525501e-06,0.0011770398372091741,1.562647037425311e-07,7.962979385202367e-08,0.00015639153495121527,7.438521263661573e-06,4.888238176121786e-06
45,3.623124770411249e-06,3.0816411644104973e-06,0.019087736812744338,0.0011403283778577446,3.051339696908749e-07,0.00017319279794640737,8.624412470489788e-09,0.0002495470526063732,6.712491956901404e-05,0.9748750508611047,2.0615108690119827e-07,2.0348511522077997e-08,1.3458095291318767e-06,0.0003344846901731226,1.1130564862078835e-05,0.0025302197090933437,7.121296222282492e-06,0.0004619081886460957,4.1539403081867976e-07,0.0008603988638342134,2.1419838897944582e-07,3.675714165683539e-08,0.0001792586539501154,7.765992867802168e-06,5.474035516251583e-06
46,1.4684054211832445e-05,1.0941424287855906e-05,0.015688613231057393,0.010078667749964498,1.1901095251737597e-06,0.0010697246699015123,7.433431868290757e-08,0.0012396464208216781,0.0001024938015083295,0.9559009223799472,8.250362776803762e-07,1.2042662229203235e-07,6.185535760218496e-06,0.00013437041876900076,0.00010773894212008975,0.013319989446894071,4.3403368493906054e-05,0.0005466825982037878,2.891864692528107e-06,0.001416280664702964,2.3551185938128218e-07,3.068156388178333e-07,0.000294151597357302,1.161209038647533e-05,8.247506677105993e-06
47,2.5811992526379062e-06,3.051660494717002e-06,0.008900348581472844,0.0032231111060397333,6.088336103005816e-07,0.0004011148704250762,2.418064192761596e-08,0.0004479599972235162,0.0001328674159270663,0.9811478311503014,2.3766534912288648e-07,2.2805018612595314e-08,1.8652313001093128e-06,0.00018362498163786164,3.796403658260565e-05,0.003820430990350518,5.075887093007714e-06,0.0003810493138346194,1.2102738144124307e-06,0.0011367989413181255,1.5322276768644429e-07,6.727093877013327e-08,0.00016063136283952175,6.931823193440739e-06,4.437198572435318e-06
48,2.72739024466399e-06,6.049668090306268e-06,0.004584239647501449,0.0041669632549886666,3.316531166661483e-07,0.00041128541331847,2.393653710023355e-08,0.0007469546176765484,6.322816701888073e-05,0.9853196505909756,2.2940174371996787e-07,2.0949641430348347e-08,1.645751336300449e-06,0.00010766757979830617,4.0912709788960406e-05,0.0036330924854552464,9.474059998298345e-06,0.0003032096138473289,2.2411557314201168e-06,0.00047724849764692133,1.31150784872628e-07,1.2346965003750194e-07,0.0001174492803316392,2.5009379944725487e-06,2.5986167827506195e-06
49,3.86078234967293e-06,3.5501411595081804e-06,0.014077855145640103,0.0033777927212213267,7.308932411952436e-07,0.0005439202118270422,3.450567647659069e-08,0.0005674592778064509,0.0001458976221097191,0.973328080079828,3.0800913198387815e-07,3.844277248787826e-08,2.790208583417404e-06,0.00019171233038834187,3.469899205704115e-05,0.005466982385478809,7.460825297692895e-06,0.00043909256763902344,1.0595951450124178e-06,0.0016042331057359975,1.8647681208706465e-07,8.284849239078181e-08,0.00018715589147885617,9.568390914857995e-06,5.4485492125431936e-06
50,2.3621318034485464e-06,3.2564422972134653e-06,0.007843706169277759,0.0028234600883236395,5.206413682180365e-07,0.0003714873542628137,2.3580315550255814e-08,0.00046819711378978755,0.00012682488119593078,0.9828421708147315,2.241038320052393e-07,2.2925748257260167e-08,1.880426397994075e-06,0.00017344476319909943,3.689982809161375e-05,0.003801399139196691,4.827078233362462e-06,0.00032357081504208506,1.253409117694605e-06,0.0010355397712658082,1.401675949011469e-07,7.74292285982753e-08,0.00012838672495165464,5.984108354017517e-06,4.340092380287368e-06
51,4.708572044076395e-06,1.7213225546807847e-06,0.01907752605920724,0.0019957964538926823,9.704941182755643e-07,0.0008538944036872714,4.7308956086212307e-08,0.00038726260464341924,0.0002229538207778674,0.9652692081373057,3.245022671461079e-07,3.733023623096321e-08,2.271346912962022e-06,0.00016760765477669812,4.7865250936823346e-05,0.008992704430766923,8.842623669900122e-06,0.0004783547774735634,1.1478458827745742e-06,0.0021144263446751578,2.4946361257095255e-07,6.552726725270899e-08,0.00034198645382722847,1.9705204203989728e-05,1.0322066303578912e-05
52,1.9974748730564885e-05,3.217977645769833e-05,0.07160844950634859,0.009699306200327095,6.46376225778474e-06,0.0013532923015048062,3.5674796897695335e-07,0.0012526172675436608,0.0005373996742125349,0.8912436340813515,1.1863017394283393e-06,8.395945254273655e-07,8.247591134901683e-06,0.0011026835713057632,0.00015671113873808314,0.0184009803937368,5.497274955659654e-05,0.0004241324374989421,1.1543245028430594e-06,0.0032338651552714704,6.743409358131039e-07,3.443526115358159e-07,0.0007074762140799794,5.795906884953571e-05,9.509869880982465e-05
53,4.36090479900085e-06,4.081925543334767e-06,0.012576088131444134,0.004203438668765665,1.013389522502766e-06,0.0009104235153259885,8.718111298243818e-08,0.000900961089988082,0.00026534336809948164,0.9690349221761122,4.5248764926861373e-07,7.02603440711799e-08,2.8146958004227384e-06,0.00028486879993166835,7.893856264346068e-05,0.008770199364128655,9.141148414740439e-06,0.0005950304720192568,1.839539299739017e-06,0.0019943499789172006,2.5744002480061707e-07,1.161881441848525e-07,0.0003383527856792597,1.1789851956884584e-05,1.1058074332790282e-05
54,2.1665994630052173e-06,3.5161378130476625e-06,0.008181411110497295,0.0024411742693935035,5.228536256738062e-07,0.0003497419814336617,2.301109786315478e-08,0.00041816997099113426,0.0001368531852258285,0.9821706690610845,2.1090152726950105e-07,2.7112741226399366e-08,1.7465825423853978e-06,0.0001917644542817657,4.308123883906205e-05,0.004541369790183061,4.904905169063813e-06,0.0002643400951155709,1.116430054522011e-06,0.0011112954918163474,1.2798488894586508e-07,7.660178798359026e-08,0.00012289126749330382,6.827477810893034e-06,5.971485122878511e-06
55,9.531621222635528e-06,6.6195473351143666e-06,0.018533917271901533,0.009508711961329139,2.5979794343992453e-06,0.0010443230969010271,1.450154654507742e-07,0.0008025340303749295,0.0005713216528627136,0.9539790633228401,7.381011810233853e-07,1.687305448334637e-07,7.524082931467156e-06,0.00033965475937335564,8.484799164469652e-05,0.010857879911336125,9.800341524202996e-06,0.0009636806720670001,2.6080728665841674e-06,0.0028144922348153903,2.999988619437536e-07,1.7560594680755315e-07,0.00040577234650664536,3.928182148863817e-05,1.4309829244002381e-05
56,3.2245791215385812e-06,3.6352470283561713e-06,0.009620951828365682,0.003403442738110149,6.555645429964999e-07,0.00042918455650534543,2.9450173962487295e-08,0.0005080019025691665,0.0001439328373849083,0.97942553050249,2.855087450368507e-07,2.908492335754376e-08,2.4277416582732136e-06,0.000188583524102935,4.211192379887683e-05,0.004402431990310774,5.941236267319918e-06,0.00040280126499233715,1.4102385750443203e-06,0.0012419579603942222,1.6984950951265155e-07,8.800953595301429e-08,0.00016019789016418352,7.973387368793629e-06,5.0011833611129245e-06
57,2.2583292411913576e-06,4.451118397031677e-06,0.007388904869951519,0.00298895953044651,4.6286296960587703e-07,0.00030727429845368317,3.1810739031005084e-08,0.00047861789749008033,0.00011459489323039803,0.980853769869624,2.3315318802707836e-07,2.815280257169309e-08,3.315458120108004e-06,0.00015314053047478312,4.310998557619737e-05,0.005929738209090248,5.351089307940464e-06,0.00034325174027118234,2.4080673737115475e-06,0.001270621432045173,1.8974383153866637e-07,1.0900331112020369e-07,9.716156970063863e-05,7.399298608242232e-06,4.617085755323572e-06
58,3.0502650809213196e-06,3.6932663822340167e-06,0.009722734492435778,0.003784207389948502,8.239768156233693e-07,0.00045222629327446007,3.370669620941071e-08,0.0004118956115908579,0.00017925286984623302,0.9780266055954683,2.7564167591179845e-07,3.090801169196198e-08,2.8105128928579163e-06,0.0001896103199137859,4.595015473866238e-05,0.004981627644390584,5.59842723153082e-06,0.00041468225986811394,1.5483431804896365e-06,0.0015673210669700406,1.790441684573058e-07,8.391319618483405e-08,0.0001878792560329094,1.2156709222970085e-05,5.7223309666894265e-06
59,2.5766693308102507e-06,3.170643094529706e-06,0.010309672628291572,0.003014826387944593,6.860416831090159e-07,0.00038528293339583125,2.6195422810120035e-08,0.0003644724643355844,0.00014762668370811027,0.9791591392602456,2.203856895092842e-07,2.4451261558951495e-08,2.2628521462294123e-06,0.00018153854120730203,3.459278562319678e-05,0.0044176483050755565,5.162441960678684e-06,0.0003630976929722529,1.149339347137013e-06,0.0014237657289703706,1.6602635713566117e-07,6.436859273561209e-08,0.00016751372065640938,1.030172620545663e-05,5.011726481954179e-06
60,2.9176194884073367e-06,3.438178464733416e-06,0.009178168892587373,0.0032641641127375684,6.212134153485985e-07,0.0004190980814590117,2.6752654241467587e-08,0.00048277417996879887,0.00013656112184516617,0.9801946791821854,2.6147836157877917e-07,2.6891038839608754e-08,2.1271928347874634e-06,0.00018073055320804433,4.123208441983016e-05,0.004362571881896531,5.7197275028900144e-06,0.0003775703296639134,1.3165001697525501e-06,0.0011770398372091741,1.562647037425311e-07,7.962979385202367e-08,0.00015639153495121527,7.438521263661573e-06,4.888238176121786e-06
61,2.927645363570296e-06,3.140694016053933e-06,0.011309638928827854,0.0029327774416690283,7.076947003401369e-07,0.0003929152413779743,2.6917396634856127e-08,0.0003888040561183604,0.00015691010462787056,0.9783529551835934,2.3535345807192633e-07,2.6273863481008312e-08,2.2695110225700633e-06,0.00018939309310840726,3.336026230892801e-05,0.004321668604328012,5.2240777249010006e-06,0.00037758858678257526,1.1219683224363902e-06,0.00134271416788839,1.7420273323914215e-07,6.628784347948888e-08,0.00016940466664516345,1.0692750169679448e-05,5.2562861094219896e-06
62,2.9176194884073367e-06,3.438178464733416e-06,0.009178168892587373,0.0032641641127375684,6.212134153485985e-07,0.0004190980814590117,2.6752654241467587e-08,0.00048277417996879887,0.00013656112184516617,0.9801946791821854,2.6147836157877917e-07,2.6891038839608754e-08,2.1271928347874634e-06,0.00018073055320804433,4.123208441983016e-05,0.004362571881896531,5.7197275028900144e-06,0.0003775703296639134,1.3165001697525501e-06,0.0011770398372091741,1.562647037425311e-07,7.962979385202367e-08,0.00015639153495121527,7.438521263661573e-06,4.888238176121786e-06
63,2.676156903740974e-06,3.7814360672028385e-06,0.008224900719466884,0.0031676835713117944,5.761968395690188e-07,0.0003939754628477266,2.529276131685319e-08,0.00046337626155346865,0.00012792011595305018,0.981443141825404,2.463538698468189e-07,2.639060596368348e-08,2.0199734539351433e-06,0.0001722791723025419,4.212298701938598e-05,0.004368969562350095,5.756148387691469e-06,0.0003427596044969239,1.3964291653700428e-06,0.0010784686561092214,1.4911473204473335e-07,8.180259797570494e-08,0.0001456458523388617,7.10989927588999e-06,4.911014185268946e-06
64,3.100394074269654e-06,3.3968960720265665e-06,0.010766673954001212,0.0029375513812087903,6.499112146619373e-07,0.000392174190599303,3.133774225471024e-08,0.000483718874710565,0.00013510885627046758,0.9786693397498542,2.731067191312147e-07,2.7000306010691596e-08,2.4323903037599646e-06,0.00020290163032650146,3.569083017817919e-05,0.004431139616917434,6.06129755517183e-06,0.0004543895110109037,1.437007860935884e-06,0.0012908260669316773,2.1950402181593858e-07,7.730680680174038e-08,0.00016949621282043152,8.295365050689638e-06,4.987607442773863e-06
65,1.781567028255162e-06,2.8308555521992963e-06,0.010911080748039897,0.0015379403877703365,4.7815945503304e-07,0.00019494163267219766,1.5915872500863622e-08,0.0003171364526958987,0.00014334588880401917,0.9817544430434701,1.543590894888487e-07,2.0602250119829835e-08,1.730688171887549e-06,0.0002642282796618276,2.2291562290627515e-05,0.0031767402618332434,3.1600736416157117e-06,0.000244492078521446,6.029636724019586e-07,0.0013159522357919522,1.2968566822427572e-07,5.333606881305798e-08,9.325539415449653e-05,7.788485354477665e-06,5.4053424690246075e-06
66,2.1256650212989813e-06,3.792608092439388e-06,0.004791918308361615,0.0043671534006304935,6.249936042010294e-07,0.0007400654344032577,2.8684803689760858e-08,0.0003163135745725908,0.00017896540258423855,0.9839466487871988,2.0946006329865756e-07,2.5475518532774232e-08,1.010681731929044e-06,0.00014848901822808115,7.788177732181425e-05,0.00418635328348517,6.283257928157061e-06,0.00029898470836198346,2.294617339484194e-06,0.0006034421501816034,1.3663179349224533e-07,7.291636041970842e-08,0.00031169409724080043,8.442343124208167e-06,7.04272204862664e-06
67,3.4568265407649963e-06,4.459997074775477e-06,0.007061599253679914,0.0033995431567962163,7.740937637258426e-07,0.0005486920703101809,3.56176000369729e-08,0.0006216054831563203,0.00020218450968201312,0.9820264757478679,3.512979922684486e-07,4.1149322701947384e-08,2.015564397960723e-06,0.0001858403668718902,6.639355618268759e-05,0.0045930009440726125,5.650094867760322e-06,0.0003135099647657211,1.9282966126271472e-06,0.0008210388496788531,1.4738109891202933e-07,1.4008913443987013e-07,0.0001270191412910452,7.184299526139229e-06,6.912247712537213e-06
68,6.470759164006665e-07,1.28651968890575e-06,0.02079584313700575,0.0016089869390584915,9.617314339791405e-07,0.00025213416071436304,1.2667546994046587e-08,4.874992366010333e-05,0.00035020286678052467,0.969833765661659,5.1840621209333594e-08,1.7820259170522744e-08,1.2027780297829428e-06,0.0005066575297448181,1.223426531517915e-05,0.0021922680272397316,1.530683374659175e-06,0.0001635157149804808,9.484658818176012e-08,0.003950775426554274,6.713904158921326e-08,1.0349708583945524e-08,0.0002436434713351435,2.681772331636931e-05,8.521700426151097e-06
69,7.796285091141291e-06,7.95391242065838e-06,0.0075364950364982366,0.008117181983150097,1.422217200390903e-06,0.000942582464698416,4.8507232051830105e-08,0.0006022900779281692,0.00021752520765189773,0.9752407585901349,5.819509160042495e-07,6.06869163433823e-08,2.8896295473420035e-06,0.00013703166535023858,0.00014988022552744158,0.005741757992317197,1.2679347138785182e-05,0.0003279616474094862,3.2025968589380613e-06,0.0007213377578841436,1.415906350043527e-07,2.282616132109837e-07,0.00020922201412340623,1.056585516989046e-05,8.404496586409982e-06
70,2.1928694687967022e-06,3.059643332929529e-06,0.005778511164883254,0.0009911456916338376,1.920842708000659e-07,0.0003207562378438445,1.9334316701403202e-08,0.0004940816782918005,6.377141171127462e-05,0.9820405401681193,2.2837176987935746e-07,2.4580264164477927e-08,1.4926813832355427e-06,9.245459895754984e-05,3.786091689077006e-05,0.009103461825685862,7.383603646129193e-06,0.0002824191780155561,2.471035912029917e-06,0.0006831223316189857,1.7921910202533291e-07,9.783394796257844e-08,8.333869672843204e-05,5.363783284241193e-06,5.831058920472845e-06
71,2.80746565972953e-07,1.756239007292189e-06,0.007071603653902229,0.0009917372229307027,7.482391890511622e-07,0.0001307154865083999,2.181356418191869e-08,0.00016686935407354646,0.0002639199834071921,0.9824753921763265,4.512773630625401e-08,1.1335342692926661e-08,1.1559476770207562e-06,0.0004454155357037682,1.2350713411620335e-05,0.004017982043897485,1.2296295693192269e-06,0.0002338760198232293,3.4869041971734206e-07,0.00407322804600325,1.4430917146772962e-07,2.09073904870943e-08,9.606373198475867e-05,1.0031218896690681e-05,5.051827497119004e-06
