,0,1,2,3,4,5,6,7,8,9,10,11,12,13,14,15,16,17,18,19,20,21,22,23,24
0,0.9671353662078183,0.00013955119526510445,0.00011484428860270354,5.231504765406261e-05,1.2266431577196856e-08,7.395494784154115e-12,0.0003173944076795645,0.009446121474415519,4.0008158118259567e-07,4.54766921824144e-06,2.5015260257123326e-08,0.0004499745205163011,1.2431672497600114e-06,3.8868053328323393e-07,5.426689692257203e-09,1.1994804020731983e-08,0.0015465049649033853,0.0008857143066777038,1.0168140929443837e-05,3.657615325464215e-07,1.692028350429457e-06,8.628143178022679e-05,1.939160302395977e-08,0.009378474782954251,0.010428577740153823
1,0.9762181028838078,9.00505236049785e-05,0.00014200447872606144,3.2722188153225845e-05,1.0532459430731363e-08,9.505124246626437e-12,0.00038361411962354426,0.007675140239335698,6.941201750481672e-07,3.707508132589828e-06,2.5653431182326522e-08,0.0003706536823874146,1.1898240572133936e-06,3.363500679647919e-07,5.935363524908482e-09,1.625269529557053e-08,0.0008771869618830597,0.0004917305708170907,1.2443589687448876e-05,3.7183545596977607e-07,1.1070581099907358e-06,5.858324572387234e-05,1.2014964705962396e-08,0.006539293571087989,0.007100996850744015
2,0.9764660248740148,8.354534394461204e-05,0.0001026338742784966,3.061180536992853e-05,9.595077527157576e-09,7.426578801591667e-12,0.0003013238297318768,0.007083322634909643,3.811527021471122e-07,2.772076009656718e-06,2.2049496723015045e-08,0.00041602064302272563,1.162764831866323e-06,3.0467792524532307e-07,5.657254005572722e-09,1.28885068776157e-08,0.0011974900932868915,0.0005558245391746507,8.738135916918174e-06,3.288927552969024e-07,9.894705395834403e-07,6.794115444897334e-05,1.630546500552537e-08,0.007118467645584627,0.006562049888325054
3,0.9766759982852427,8.63136899419835e-05,0.00011715416795133589,3.183574213805864e-05,9.398570892131892e-09,6.437215728081273e-12,0.00030088400677787705,0.006812396531479397,3.897171407874841e-07,2.613934061876384e-06,2.4180988438439592e-08,0.0003951480487501564,1.1850427460146375e-06,2.852927081972803e-07,4.3334927753481936e-09,9.791114827748199e-09,0.001090831487209853,0.0006056333477482162,7.787497579983105e-06,3.0078906054856285e-07,9.341156406313055e-07,5.470069043877021e-05,1.2589570418092148e-08,0.007671041994329139,0.006144505318879844
4,0.9771230383500786,9.52594711095162e-05,0.00013466112968321044,3.411973443694375e-05,1.1486820301216511e-08,7.585099718258319e-12,0.0003200993295652163,0.006313983178444998,4.150511447206294e-07,2.736279126171997e-06,2.6391554281694378e-08,0.00042368684125424036,1.5081480029154229e-06,3.5935551077029507e-07,4.612484196290726e-09,1.0374374209454748e-08,0.00107274065251217,0.0006149518266300228,7.767677645969629e-06,3.1423693506874073e-07,9.127916090614323e-07,5.502602260937204e-05,1.3744346394979646e-08,0.007950160625975082,0.005848192680561385
5,0.9730665120014409,9.895675807346749e-05,0.00012051054117182468,4.171474489520599e-05,1.0558320792840703e-08,6.884665506573902e-12,0.000317420325347501,0.007874529467899287,3.7805060381619157e-07,3.128422522040607e-06,2.6719248596555063e-08,0.0004088276398300684,1.3550796092525094e-06,3.0782862139985614e-07,4.1329338672083645e-09,9.901257602976292e-09,0.001237865350166999,0.0007971999782471022,7.573929529538468e-06,3.4875596937042556e-07,1.1082967244331993e-06,5.712833025351446e-05,1.5175699772248997e-08,0.009214779416153838,0.006750288588595107
6,0.9766759982852427,8.63136899419835e-05,0.00011715416795133589,3.183574213805864e-05,9.398570892131892e-09,6.437215728081273e-12,0.00030088400677787705,0.006812396531479397,3.897171407874841e-07,2.613934061876384e-06,2.4180988438439592e-08,0.0003951480487501564,1.1850427460146375e-06,2.852927081972803e-07,4.3334927753481936e-09,9.791114827748199e-09,0.001090831487209853,0.0006056333477482162,7.787497579983105e-06,3.0078906054856285e-07,9.341156406313055e-07,5.470069043877021e-05,1.2589570418092148e-08,0.007671041994329139,0.006144505318879844
7,0.9777985650495792,0.00011427781189514298,0.00015302507110495582,2.897592475255656e-05,7.3397920424522645e-09,4.831661060198028e-12,0.00039417378213107263,0.005613818434607828,4.5251549355602783e-07,1.881875003003454e-06,3.448040827439053e-08,0.0003318867790532597,2.157241208058742e-06,2.448344149332122e-07,3.214900818887737e-09,5.129037573057847e-09,0.0008697992327256564,0.0006174388277271491,5.302699399611344e-06,3.612824526810719e-07,5.07969056899295e-07,3.780583969481868e-05,7.709924561632508e-09,0.009841313898121647,0.004187953052683182
8,0.991082897123284,5.219781612354703e-05,5.503814518366665e-05,4.930160059508108e-06,4.565303468021577e-09,1.819297901306034e-11,0.00017623360879074831,0.0027971567020020254,6.394903949702461e-07,7.779298850247215e-07,1.2440285143850548e-07,0.000821511493322028,9.00814072960535e-07,1.1261900549074913e-07,3.7781621978691236e-09,4.137850775363122e-09,0.0007346929652958979,0.0013688051718370772,1.1443519712286223e-05,2.929946943604642e-07,5.699890461665885e-07,0.00012302748131174068,3.127110805388819e-09,0.0017465424463323502,0.0010220895001744011
9,0.993571499200489,1.8944927817555546e-05,8.184866351440335e-06,3.4761474549401676e-06,3.260232773134828e-09,8.933892485716474e-11,0.00010930634751568322,0.0017277123396451652,2.5013728234646133e-07,1.2896235176810077e-06,8.604481067070526e-08,0.0009798121919005118,1.201451848917852e-07,1.9002145341004948e-07,7.449648936586268e-09,2.929341619727177e-08,0.0006458142434135457,0.0012524959102589558,2.8522172234068515e-05,1.640903656319181e-07,2.0343954662439004e-06,0.0004148478206352644,1.6450817114876985e-08,0.00019662958182301246,0.0010385632489262025
10,0.9766759982852427,8.63136899419835e-05,0.00011715416795133589,3.183574213805864e-05,9.398570892131892e-09,6.437215728081273e-12,0.00030088400677787705,0.006812396531479397,3.897171407874841e-07,2.613934061876384e-06,2.4180988438439592e-08,0.0003951480487501564,1.1850427460146375e-06,2.852927081972803e-07,4.3334927753481936e-09,9.791114827748199e-09,0.001090831487209853,0.0006056333477482162,7.787497579983105e-06,3.0078906054856285e-07,9.341156406313055e-07,5.470069043877021e-05,1.2589570418092148e-08,0.007671041994329139,0.006144505318879844
11,0.9766013218586186,8.979139086204376e-05,0.0001210624437670031,3.249500654938462e-05,9.775233402433724e-09,6.5701060877233686e-12,0.0003047757628971824,0.006732861634685162,3.9439125830121215e-07,2.6272280251614694e-06,2.4963663458590116e-08,0.0004040012164154213,1.3225703975976952e-06,2.97038768866884e-07,4.310944743535106e-09,9.610663685955624e-09,0.0011094042205559338,0.00062063222026432,7.5960216352531794e-06,3.0957243620796473e-07,9.045539761961979e-07,5.439217587986672e-05,1.2804282619757198e-08,0.007954202335836972,0.0059615468858126176
12,0.9768690213506739,9.818526024648579e-05,0.00010471761722981434,3.6125404444806615e-05,1.4447761096254663e-08,7.375132788258142e-12,0.00022271055942476342,0.005889436506450788,2.1376632026295726e-07,2.616781916062036e-06,2.2968276214862728e-08,0.0005861781615003227,1.4021233006733822e-06,4.4498460289083056e-07,4.059691794056229e-09,1.0071157816678369e-08,0.0015993374499112542,0.000865510116530605,6.589480481072744e-06,2.626204756394953e-07,1.114622739120678e-06,8.051005943597016e-05,2.1451365978919205e-08,0.007925988795472667,0.005709561333215054
13,0.9836572340514864,5.222850788510089e-05,0.0001387269671049644,2.1017549911892155e-05,8.956524524246129e-09,4.765567163659669e-12,0.00020567104384571112,0.0051263987652297805,3.2190075906601694e-07,1.0476537130488595e-06,3.344752752044909e-08,0.0007495416605626166,9.681249864008928e-07,3.1106601832857234e-07,3.771892058496183e-09,5.938686487803318e-09,0.001144733606354636,0.0004422320740875817,6.981672138550937e-06,2.2275869057589815e-07,8.154066643122018e-07,5.145844915238312e-05,8.09918728109716e-09,0.004344810144839458,0.00405521837798579
14,0.8979136070997921,0.002338770837849395,0.0003265638213052965,0.0001815221431694268,7.973210564584503e-08,3.5361599201541716e-11,0.0010092813480564906,0.022589345858753048,2.8915688499674395e-06,4.718157908413763e-05,1.1123970222876224e-07,0.00027071236572150185,1.5141742803962566e-05,9.007035788392952e-07,1.3268359568883708e-08,1.4421194069888001e-08,0.0021571361009088364,0.002955325605989456,2.5751618676042544e-05,1.0266446090603579e-06,2.8707544879748272e-06,0.0001625067497139007,2.5201834278319786e-08,0.05850341382734278,0.011495805730750406
15,0.9766759982852427,8.63136899419835e-05,0.00011715416795133589,3.183574213805864e-05,9.398570892131892e-09,6.437215728081273e-12,0.00030088400677787705,0.006812396531479397,3.897171407874841e-07,2.613934061876384e-06,2.4180988438439592e-08,0.0003951480487501564,1.1850427460146375e-06,2.852927081972803e-07,4.3334927753481936e-09,9.791114827748199e-09,0.001090831487209853,0.0006056333477482162,7.787497579983105e-06,3.0078906054856285e-07,9.341156406313055e-07,5.470069043877021e-05,1.2589570418092148e-08,0.007671041994329139,0.006144505318879844
16,0.9778975912800371,7.511227757622292e-05,0.00014528665542782264,2.3420481734454647e-05,9.476157570667463e-09,5.136325464524161e-12,0.0002658625204506454,0.00619459505163258,4.634008721637706e-07,1.7945949984187869e-06,2.2250032632906387e-08,0.00038467336353641184,1.2830923983904007e-06,2.384729936519331e-07,4.53680522943389e-09,7.529288052485318e-09,0.0010820134572328728,0.00043228982152883447,7.1261579201594754e-06,2.625250103168216e-07,5.960554346062998e-07,4.856228386766671e-05,9.18085477247102e-09,0.008081806719607126,0.005356968809465919
17,0.9761181890838165,8.955933812000013e-05,0.00011440284324250189,2.1144359673743994e-05,7.671008167507703e-09,5.581262583236134e-12,0.00030477346036859296,0.007338916009312315,5.672843689224739e-07,2.61216817538815e-06,2.311234738794516e-08,0.00029983412940941115,1.0542323311162708e-06,1.7009513056832325e-07,5.380102218832579e-09,8.680787985191851e-09,0.0010865395795351873,0.00045691345985689517,9.134099402055495e-06,2.6543766995064047e-07,7.563645266259776e-07,5.510740778598811e-05,7.98228658027703e-09,0.00855279494964239,0.005547212865518311
18,0.9780426012725387,7.744683601648837e-05,9.87113860154799e-05,2.611180446005755e-05,7.616995825859977e-09,4.847118115857651e-12,0.00025096205897364734,0.005861717324839599,2.8414629041451564e-07,2.1514358707292803e-06,1.9797834823125578e-08,0.00040881458111798166,1.0181326325484806e-06,2.415938639132423e-07,3.6529155144435608e-09,7.778225058775293e-09,0.0011747460709500583,0.0006201540322204085,6.194363681825105e-06,2.3916844558653724e-07,8.431719483116567e-07,5.530808231012624e-05,1.1411144831994668e-08,0.007499337150422138,0.005873067125438781
19,0.9766807730194226,8.628434876401752e-05,0.00011706173306499026,3.182124287643472e-05,9.391672548247535e-09,6.436382500332198e-12,0.0003008621924954988,0.006810921321154668,3.8953335302220185e-07,2.613467146320998e-06,2.417415730715574e-08,0.0003949822335012866,1.18422444171777e-06,2.851054377550524e-07,4.333027792868302e-09,9.792147081478665e-09,0.0010905471422160069,0.0006056372211443753,7.78663830758162e-06,3.007252999060882e-07,9.34101057547355e-07,5.469431765165057e-05,1.2589381149741816e-08,0.007669111907210769,0.00614374923863129
20,0.9687223961621361,0.00011682124713940682,0.0001230724568725884,3.757792904321207e-05,1.3421588466820676e-08,6.979743066610868e-12,0.0002866887268187714,0.010794641302334648,4.6983568042582906e-07,3.691279836026098e-06,2.5141671909790312e-08,0.0004707128832932456,1.3331726875027328e-06,3.2822090226018983e-07,6.338556473710313e-09,1.091593190247753e-08,0.0017969070240388188,0.0006929874486390922,1.0381248027007762e-05,3.389790559455496e-07,1.2795717764880713e-06,0.00010155108497978172,1.6525467789577495e-08,0.009754948605765463,0.007083800470776727
21,0.9822923536743876,6.530359194143034e-05,0.00010469669949203704,2.9263451202254406e-05,7.709222113735373e-09,6.535442879077905e-12,0.00030613533458331453,0.004491699867289691,2.6140794131457264e-07,2.0297512702254646e-06,2.217011466014616e-08,0.0004254978351614502,1.1543096380938334e-06,3.254484374689546e-07,3.2581350002699592e-09,1.0571921055847584e-08,0.0007839480935593837,0.0005730562490791682,5.810400108834235e-06,2.776490479350838e-07,8.107950532730563e-07,3.9094358667244005e-05,1.3407306000955533e-08,0.0058174383539273625,0.005060785605977848
22,0.9631334323207749,0.0001836102943095139,0.00017126447875874472,4.2274274370488056e-05,1.4017811884166529e-08,6.469537190462393e-12,0.0004356754238917239,0.008962002118579428,9.967218826934715e-07,5.44669922287529e-06,1.6446733033599206e-08,0.00029861337739518003,2.548196476722666e-06,3.402618368909744e-07,7.804302007365122e-09,1.1310353726773023e-08,0.0009948769748743598,0.00036970280203613604,1.2549661164193704e-05,3.3789348619141257e-07,6.969442298900322e-07,5.5288705423726767e-05,1.121549954096623e-08,0.013022909750661438,0.012307372299455319
23,0.9766759982852427,8.63136899419835e-05,0.00011715416795133589,3.183574213805864e-05,9.398570892131892e-09,6.437215728081273e-12,0.00030088400677787705,0.006812396531479397,3.897171407874841e-07,2.613934061876384e-06,2.4180988438439592e-08,0.0003951480487501564,1.1850427460146375e-06,2.852927081972803e-07,4.3334927753481936e-09,9.791114827748199e-09,0.001090831487209853,0.0006056333477482162,7.787497579983105e-06,3.0078906054856285e-07,9.341156406313055e-07,5.470069043877021e-05,1.2589570418092148e-08,0.007671041994329139,0.006144505318879844
24,0.9713092671076897,0.00014540105067420854,0.00015950579360037302,6.523294579846638e-05,1.693908969844233e-08,1.0400751234818051e-11,0.0003850746724331445,0.00832275785760462,4.711459590269027e-07,4.413195894826431e-06,3.3583623947615926e-08,0.0005026643514919557,2.1196648150353164e-06,5.803662049613246e-07,4.470449707175105e-09,1.2108732489508658e-08,0.001139749743511811,0.0009497813823510704,9.798231541068398e-06,4.6679945983893263e-07,1.32344365758845e-06,6.595387959903689e-05,1.901589062139455e-08,0.008877598056662949,0.008057754182863142
25,0.9756060173130157,6.329604834904195e-05,0.00011722362543665516,3.948840799914752e-05,8.017273193412889e-09,4.473876974906737e-12,0.00032143488741656954,0.009321565895262254,2.829249761269462e-07,1.8377120515588033e-06,3.4079978556276624e-08,0.000513597973268509,1.2161949836083778e-06,2.4544735814443856e-07,2.8208255415015392e-09,7.54080889937146e-09,0.0012706160726778711,0.0007093862574527233,7.073879117269843e-06,3.886957189524326e-07,9.633660749070805e-07,4.548367468975102e-05,1.2564721042149065e-08,0.007606047415347918,0.0043737691807219795
26,0.9761093818610128,6.613018507862715e-05,0.00011125963920577498,2.007968664842293e-05,6.625205453278751e-09,3.419037234885168e-12,0.00022143496487561848,0.005791535917900716,2.6608695411143347e-07,1.5327791569481979e-06,2.0050979983490946e-08,0.0003451565678657996,1.1549551972615354e-06,1.3625031832301356e-07,2.8138498244572046e-09,4.692356358648696e-09,0.0013270012143153532,0.0006434327561242304,3.797274961096499e-06,2.1746271479715124e-07,5.483424192012249e-07,4.197948221988275e-05,7.99777351728099e-09,0.011385799971814709,0.003929112417632288
27,0.9749159304741386,8.671837183958592e-05,0.00011255277365791263,2.9453888220970055e-05,8.955326825593006e-09,6.9144867733075696e-12,0.00029033013174297996,0.00795285612310011,4.985864627805791e-07,2.954600361885356e-06,2.225510949994466e-08,0.00035856751771358263,1.012289699428943e-06,2.480702215947946e-07,5.181591640512718e-09,1.0553999924937555e-08,0.0011109575890862749,0.0005719798461640772,8.944703150149916e-06,3.1604264226851714e-07,9.682181382216798e-07,6.621451418689215e-05,1.1686437498345558e-08,0.0075185897517891665,0.006970847868303658
28,0.9766759982852427,8.63136899419835e-05,0.00011715416795133589,3.183574213805864e-05,9.398570892131892e-09,6.437215728081273e-12,0.00030088400677787705,0.006812396531479397,3.897171407874841e-07,2.613934061876384e-06,2.4180988438439592e-08,0.0003951480487501564,1.1850427460146375e-06,2.852927081972803e-07,4.3334927753481936e-09,9.791114827748199e-09,0.001090831487209853,0.0006056333477482162,7.787497579983105e-06,3.0078906054856285e-07,9.341156406313055e-07,5.470069043877021e-05,1.2589570418092148e-08,0.007671041994329139,0.006144505318879844
29,0.9766759982852427,8.63136899419835e-05,0.00011715416795133589,3.183574213805864e-05,9.398570892131892e-09,6.437215728081273e-12,0.00030088400677787705,0.006812396531479397,3.897171407874841e-07,2.613934061876384e-06,2.4180988438439592e-08,0.0003951480487501564,1.1850427460146375e-06,2.852927081972803e-07,4.3334927753481936e-09,9.791114827748199e-09,0.001090831487209853,0.0006056333477482162,7.787497579983105e-06,3.0078906054856285e-07,9.341156406313055e-07,5.470069043877021e-05,1.2589570418092148e-08,0.007671041994329139,0.006144505318879844
30,0.9766759982852427,8.63136899419835e-05,0.00011715416795133589,3.183574213805864e-05,9.398570892131892e-09,6.437215728081273e-12,0.00030088400677787705,0.006812396531479397,3.897171407874841e-07,2.613934061876384e-06,2.4180988438439592e-08,0.0003951480487501564,1.1850427460146375e-06,2.852927081972803e-07,4.3334927753481936e-09,9.791114827748199e-09,0.001090831487209853,0.0006056333477482162,7.787497579983105e-06,3.0078906054856285e-07,9.341156406313055e-07,5.470069043877021e-05,1.2589570418092148e-08,0.007671041994329139,0.006144505318879844
31,0.9701640015039678,0.00010389149883868378,0.00015591273987282533,3.973612966072548e-05,1.1271597956572794e-08,4.321792038290136e-12,0.0002695955005859286,0.009047272440167661,3.653014093195447e-07,2.911238601625609e-06,1.9095852265456447e-08,0.0004080691658867203,1.6232565627574516e-06,2.885752671734623e-07,3.000767998389594e-09,7.543576328792116e-09,0.001299118175221709,0.0006843062743370007,6.737130433924556e-06,3.3277829343959967e-07,8.30914319648492e-07,5.0818620495954694e-05,1.0592269286428115e-08,0.011378147680823495,0.006385989566867873
32,0.9769378225117137,8.466683181222818e-05,0.00011464968084929177,3.037329717735946e-05,9.291885977233911e-09,6.7378136506773305e-12,0.0002997756819990412,0.006969067600422126,4.16571439322347e-07,2.6856519180683596e-06,2.393277894235057e-08,0.00039476527495126894,1.1213702742258261e-06,2.8264520408313133e-07,4.672621629597453e-09,1.0571287296226693e-08,0.001091021310693983,0.0005804408854947948,8.590242170316707e-06,3.037819479646606e-07,9.727454505631784e-07,5.837764329867971e-05,1.2440673070347906e-08,0.007209057958320899,0.006215547398877825
33,0.9736540668786126,6.682811543898998e-05,0.00016192331373268045,3.856673189923533e-05,8.716041594395e-09,8.948250092735134e-12,0.0004133580112673784,0.007300897213183789,7.421169510623479e-07,3.0757336014910515e-06,3.15572173204353e-08,0.00038964891050284454,8.911757862836093e-07,2.631701106095117e-07,5.287271942171271e-09,1.3025758495093247e-08,0.0007002137548693773,0.000530923025416071,9.351375146034636e-06,3.5219889965015736e-07,1.2687236197876304e-06,3.4807712268048355e-05,1.0537226521173914e-08,0.006924641422505086,0.009768111283725086
34,0.912642675078778,0.0002786038607754974,0.00020218803461441781,0.0003367243827758193,5.431096633506888e-08,7.2537723714513595e-12,0.00037637722007762643,0.022519743037182332,7.631211625044205e-08,6.193459110249645e-06,7.697152491079853e-08,0.001921215029714972,4.7781917922065e-06,1.268613285287004e-06,2.950335783055278e-09,1.0364474420828922e-08,0.009393159108132963,0.005602271631648463,5.164978136170645e-06,9.72652735692292e-07,4.3850562919105084e-06,0.0001734226152279677,1.5451629587253003e-07,0.03734728955024969,0.009183192066503199
35,0.9529279566600394,0.0008733998743803535,0.005930778635721243,0.00018840774201859473,2.9882909234657627e-06,3.1477667541023407e-10,0.0032412176014652767,0.0015465722022057827,6.111214304181727e-07,3.7774694125618e-06,4.902095062155442e-07,0.00324891649461334,7.650754760778069e-05,0.00016854951161920868,2.548594249771242e-07,4.7280883206351197e-07,0.0017655625933972023,0.000179325479640844,2.5554547420616486e-05,8.567258636130693e-07,2.906263365217414e-06,8.216969488439092e-05,1.358002224602316e-06,0.02553397460672665,0.004197390742499458
36,0.9763484632309346,0.00010006718710708642,0.00010692918931203011,3.865971687383553e-05,8.651541416759958e-09,9.448156231691775e-12,0.0003923353293681494,0.0066837415012838824,4.1032885690871984e-07,3.1229831556207485e-06,3.340693375033052e-08,0.0003040695343541676,1.1411006398630131e-06,2.883822646646859e-07,4.305461103423928e-09,1.0958209395487803e-08,0.0008570353713391012,0.0008693034398001356,7.122048793452415e-06,3.8456171584696897e-07,1.079953109830972e-06,5.214871918309411e-05,1.577700061314147e-08,0.008181862379750299,0.006051761933563104
37,0.7094064410407224,0.0007828953750240854,0.0003968511089993572,0.00042705882124690714,1.344138743678407e-07,8.328229341775092e-11,0.0010690949011457622,0.1710628915176131,1.4978980550130327e-05,0.00014386407152351923,1.0108158723383249e-07,0.0006188587860940217,5.02500414466208e-06,8.340606903328748e-07,1.0467226079075521e-07,1.2103535110381305e-07,0.007233400696454466,0.0014082877570294674,0.00015467751347715027,2.921566633665529e-06,1.6702003728685113e-05,0.0005370961318119682,1.0315233681036244e-07,0.04227364729280741,0.06444390893161023
38,0.9742732370045006,9.535831666886578e-05,0.00012901633291767067,3.610286578541112e-05,1.059377537299139e-08,6.259551453473079e-12,0.0002949040246074707,0.007671982749629425,4.201960488443205e-07,2.8458000206740493e-06,2.4593175857522805e-08,0.00041891208854667213,1.3082911369995697e-06,3.0252208806936675e-07,4.360490596763071e-09,9.354209434188398e-09,0.001215742224989064,0.000638320870006987,8.135234570371447e-06,3.1658109989929415e-07,9.866736471572282e-07,5.779855741896168e-05,1.2672319323031905e-08,0.008434309693087947,0.006719938392998554
39,0.973562649775771,4.983319870547778e-05,0.00013076741257785887,4.214069007091849e-05,1.06636038673874e-08,7.916098535440078e-12,0.0002912391074136638,0.01076255921232167,4.496356446516955e-07,2.905353847674169e-06,2.5606988114938257e-08,0.0005608362075242567,7.981204679611545e-07,3.0499166075007956e-07,4.3660166481334714e-09,1.7479792021889924e-08,0.0011053765263804652,0.0005531686085841302,1.1834280928613457e-05,4.049342682994506e-07,1.598328529170651e-06,5.0087651874929026e-05,1.5161992869432903e-08,0.00557085590529923,0.007302116771819575
40,0.9885712873922963,5.617475552156775e-05,9.570682833480732e-05,1.2578148801631289e-05,5.707272619958016e-09,4.629850168265534e-12,0.00018566540887125912,0.002609775599545817,2.391572754553705e-07,8.796035239532266e-07,1.8027958800397647e-08,0.0003910183315151762,7.003958110417496e-07,2.89829051693085e-07,3.2076101145407655e-09,5.360595695524356e-09,0.0006485256575634044,0.0003650992023241967,4.986239355668168e-06,1.5183266471742804e-07,4.658763756647896e-07,4.9319932556566406e-05,6.673096817686334e-09,0.0032643894616711557,0.0037427073657760176
41,0.970615790568592,0.00012242201142288238,0.0002026627678376923,4.169993645523808e-05,1.6987668014304504e-08,1.0028024500959227e-11,0.00035784543653406587,0.008203842842215703,8.178085782122311e-07,4.1641609408896125e-06,2.575152303242745e-08,0.0003682205976071961,1.5990122476672164e-06,4.209539446909844e-07,7.027433693652286e-09,1.3917429209734947e-08,0.0010029937457408677,0.0005051676969430441,1.0699864401102991e-05,3.52600753747767e-07,1.0916813025683477e-06,5.767123699725117e-05,1.3023678151786552e-08,0.009727575140324945,0.008774885219400124
42,0.9701833225906578,7.667550231068673e-05,0.00010034828437150504,2.8277827376471525e-05,8.545283091739198e-09,6.1011193412390646e-12,0.00029530463330421054,0.013514304631160873,5.109788012301562e-07,3.3297476304517636e-06,2.2052059434969894e-08,0.0004087747219083337,7.238029471185622e-07,2.1316657800171664e-07,6.7020241774049425e-09,1.6076263320692867e-08,0.0015981481997687618,0.000476599415494253,1.5291578753308258e-05,4.0397982677134933e-07,1.3909371515193674e-06,0.00010657800542722897,1.333439151199458e-08,0.006603605209217278,0.006586130071191333
43,0.9567171316247858,0.00013992836105268674,0.00011644810460760275,5.715293580645264e-05,1.9023757849002796e-08,1.5531823935394325e-11,0.00036775334230301017,0.017421144045007612,8.422827606789581e-07,9.75496775059601e-06,3.1017927885644395e-08,0.000412410757859226,1.1040688704797502e-06,3.4825648409386615e-07,1.0473412322063441e-08,2.611382185976569e-08,0.0019515230709987981,0.0008938673047918757,1.9685727568736933e-05,4.590846274924084e-07,3.015355963098705e-06,0.0001306116716012202,2.494520385942348e-08,0.010883403607664445,0.010873303839840493
44,0.9766759982852427,8.63136899419835e-05,0.00011715416795133589,3.183574213805864e-05,9.398570892131892e-09,6.437215728081273e-12,0.00030088400677787705,0.006812396531479397,3.897171407874841e-07,2.613934061876384e-06,2.4180988438439592e-08,0.0003951480487501564,1.1850427460146375e-06,2.852927081972803e-07,4.3334927753481936e-09,9.791114827748199e-09,0.001090831487209853,0.0006056333477482162,7.787497579983105e-06,3.0078906054856285e-07,9.341156406313055e-07,5.470069043877021e-05,1.2589570418092148e-08,0.007671041994329139,0.006144505318879844
45,0.9761756589971758,8.126965778245947e-05,0.0001269109516155498,2.8430592840539603e-05,9.751611877426912e-09,6.013456812717939e-12,0.00032166880222175246,0.007471112399150083,4.4604505048485097e-07,2.489821865148022e-06,2.3620235495488616e-08,0.00037787836311380975,1.2905714698050978e-06,2.6146827042889275e-07,4.787932829662644e-09,9.992557880376479e-09,0.0010977041590432596,0.0004923506457956717,8.310617978062394e-06,3.0013679100146663e-07,7.984194961738241e-07,5.344638606295139e-05,1.1555516134081106e-08,0.008339305749115556,0.005420306501294084
46,0.9710649803316879,6.573625676614075e-05,9.132652846649834e-05,2.521193637957645e-05,9.135448448098482e-09,2.8649123469321417e-12,0.00015150115714456894,0.009220711786640677,1.994448807091039e-07,1.6046387648781212e-06,2.1208045505263244e-08,0.0005995179851616556,1.111546231257523e-06,1.4940028681395116e-07,3.5227449924826675e-09,5.3037071539028466e-09,0.0030721406447875056,0.0006610577550832375,5.733888318535395e-06,2.317565742336958e-07,9.014170669063408e-07,7.099731651908202e-05,1.1466754982599165e-08,0.010539506944399438,0.004427328625274333
47,0.9520359603761989,0.00019100982833836008,0.00025851916511571523,0.00010986680976867859,3.1310826669782216e-08,1.5129163573557297e-11,0.0005692296009376659,0.01624771473854239,1.1049443995896544e-06,8.092357009333745e-06,4.771809079763835e-08,0.00047392826230933336,2.8453495035361013e-06,6.967232470143099e-07,8.418145530763487e-09,1.869415579809541e-08,0.001477296090463502,0.0009102927200059142,1.679787947538729e-05,6.292119926768646e-07,2.027010630119992e-06,6.932357198438416e-05,2.6937386484141188e-08,0.01526512686042272,0.012359405405920246
48,0.984707728744107,2.7437235378601303e-05,0.00044270640518880624,3.763209251042498e-05,1.167195481315129e-08,2.725332292255509e-11,0.00031145595337419375,0.0013316382149372908,7.115030721444178e-07,9.235162036976635e-07,6.037380920059364e-08,0.0006515374937788755,8.82352553576015e-07,6.883259883302587e-07,2.6966081156023734e-09,1.1455889585836831e-08,0.00013757865176338557,0.0006165462947255295,2.350152032217184e-06,3.357635403692248e-07,6.971755401563729e-07,8.617978910897266e-06,8.81925791785653e-09,0.0028642810127163915,0.00885615608890514
49,0.978771172623541,7.222092434831428e-05,0.00014160419747734213,3.0836918069709875e-05,1.0627755395639884e-08,6.981368990350643e-12,0.0002610041548193712,0.006604648468830363,3.8922886375267634e-07,2.1469465683243332e-06,2.6964291718744503e-08,0.0005680141311347009,1.2554219037264678e-06,3.346386331106546e-07,3.93063398189822e-09,9.117357577087183e-09,0.001152200613265035,0.0006341870416323272,7.423200231163884e-06,3.317806316367144e-07,9.186920917211663e-07,6.158391177720416e-05,1.1538933478140313e-08,0.006305985127100513,0.005383679793126956
50,0.9764467260300991,9.742997214829168e-05,0.00012216435686228228,3.344950402895886e-05,9.642513712939963e-09,7.766880255335612e-12,0.00039734450100973944,0.007283846132740575,5.139644130221848e-07,3.625497168918443e-06,2.1922258917878567e-08,0.00032440849797455817,1.2665444545598409e-06,3.353579243194113e-07,4.81540033245071e-09,1.356352718058339e-08,0.0008582982402384799,0.0005271752387496728,1.0313172742412274e-05,3.3736230022920693e-07,9.217574880526944e-07,5.839173848540405e-05,1.2690060523815755e-08,0.007252150538252597,0.0065812389513913334
51,0.9795085868846093,6.651507391725037e-05,0.0001139498995110369,1.7890952279828255e-05,9.735909354840274e-09,6.872928494573722e-12,0.00023508406010661946,0.00483259993115574,4.054629920305982e-07,1.9744170682919004e-06,1.7910414569699136e-08,0.00037706429760598714,9.491160011781689e-07,2.2619045397471625e-07,6.793663691239193e-09,1.4205153112516634e-08,0.0010504855780654474,0.0003155089074551956,8.264892176203012e-06,2.3047680987132403e-07,6.945359528143461e-07,4.899014391871325e-05,1.217868155444256e-08,0.006870127064791358,0.006550391284434062
52,0.9805764975272202,7.847502675924923e-05,9.24995342989258e-05,2.8817926871219057e-05,7.475696881211867e-09,8.860581048152453e-12,0.00031617459452779555,0.005234554603708052,3.494184024277569e-07,2.459193737899e-06,2.763496115334287e-08,0.00033729560002879373,1.1550768015923746e-06,2.616791421344822e-07,3.7068240277517134e-09,9.355706895960605e-09,0.0008441933673709692,0.0008418238536673282,5.793631403818558e-06,3.2347961929175343e-07,8.259515403470709e-07,5.29422534192515e-05,1.3539456366592231e-08,0.006806895086386939,0.004778600473587844
53,0.9795556882645432,6.834165662455914e-05,0.00010028078322816297,2.5965132986243226e-05,4.823693360044659e-09,9.26023206096857e-12,0.0006144232003116912,0.005771341576062599,4.5250380614540146e-07,2.6081703709868393e-06,3.1518300622041734e-08,0.0002695677678570298,1.042799905195514e-06,2.125341526698004e-07,5.133233635390838e-09,1.5927882756154806e-08,0.0006330876842987797,0.0006052807492516223,6.8986683757573295e-06,4.985596092329554e-07,7.674295304887433e-07,4.78926763321373e-05,1.511492029349808e-08,0.0071133717397882,0.005182205575674278
54,0.9817062910802359,8.942665524452442e-05,0.00010393099891395449,2.3783650704428717e-05,6.053462744673681e-09,7.785405297100138e-12,0.0003902330813464049,0.0036920320304411913,3.973279976932513e-07,2.7744346616791852e-06,1.650018183528486e-08,0.0003077470193726006,9.602139512771177e-07,3.6428170715070593e-07,4.754422103641332e-09,1.4033959022754655e-08,0.0005190007336743933,0.0004181202407893905,7.270452048110611e-06,2.77075251470653e-07,7.482853814626474e-07,4.821159699599202e-05,1.148332928817492e-08,0.004822493107231953,0.007865884900910116
55,0.982712943706386,6.036337301640854e-05,9.914359474716734e-05,2.0388334958608927e-05,4.935310341050456e-09,4.164973856430119e-12,0.00023219827981117223,0.004138499882875357,3.1939996822064875e-07,1.408687837063783e-06,2.036385515343726e-08,0.0003692592317725938,1.0206386710483133e-06,1.7373501210704533e-07,2.4869671870185956e-09,4.750980856409177e-09,0.0007594189815573003,0.0005883938702128723,4.303699304703986e-06,2.2392941361172604e-07,5.209319374193534e-07,3.380118927531752e-05,6.437697946237931e-09,0.006062159411022411,0.004915420143244165
56,0.9765296553256843,9.200797666460916e-05,0.00012313182409134512,3.24852817585671e-05,1.0003105057542749e-08,6.681683690190646e-12,0.0003067915731077644,0.006734297657423859,4.0313678165794324e-07,2.6415231853052916e-06,2.5396577476691773e-08,0.00040381848481758377,1.3674400172049464e-06,3.000246701522626e-07,4.417487463050173e-09,9.632232678943427e-09,0.0011234612473512975,0.0006196673689787619,7.691306351835372e-06,3.140287757861509e-07,8.984897967073464e-07,5.496076253636419e-05,1.2806209617800177e-08,0.008067412347361231,0.005898631938351609
57,0.9733524662327602,8.491863260142909e-05,0.0001661050188332819,3.211905859743528e-05,1.6246707405628242e-08,6.512500163780211e-12,0.0002132431753783028,0.009202385181988949,4.97319038652559e-07,3.087516682708189e-06,2.2468929712977468e-08,0.0007458715559234145,1.3830828466200929e-06,3.714624892216508e-07,5.033858606170763e-09,1.1260687461976104e-08,0.0017827335596157152,0.0005312620149335836,1.1885831597159407e-05,2.9503830628234294e-07,1.2328850289714521e-06,8.373381972803546e-05,1.0953418618426426e-08,0.00704671461901469,0.006739628024520864
58,0.9746836366903563,9.207970016726596e-05,0.00012139344894763281,3.1081805665079724e-05,9.839394889065254e-09,5.8820350557419916e-12,0.00029904314608900876,0.007282095449511348,3.8092289823029384e-07,2.6390153423090303e-06,2.4503475660614036e-08,0.0004014351366402243,1.3001244296463226e-06,2.641846569354692e-07,4.4375703507562e-09,9.079553602583749e-09,0.0012629161052096318,0.0006339545975166564,7.4103227651345574e-06,2.9645153119181387e-07,9.270353034798065e-07,5.735907509793918e-05,1.2685832739305439e-08,0.009240381674633886,0.005881344561528809
59,0.9746936526761771,8.503448219720618e-05,0.0001296634680922014,2.9601274677814077e-05,9.612060826749426e-09,5.466788606832695e-12,0.00029057187868477907,0.007049954051624059,3.616313305317915e-07,2.444916357618376e-06,2.359404758610287e-08,0.00039961455451987285,1.2570269292518752e-06,2.4873103448259297e-07,4.075112417563111e-09,8.693838100362159e-09,0.0012267429060852872,0.0006305534358636151,6.624656663264921e-06,2.882185587482664e-07,8.817522816480126e-07,5.2382439751072214e-05,1.1766569446322308e-08,0.00974168217575194,0.005658381976324272
60,0.9766759982852427,8.63136899419835e-05,0.00011715416795133589,3.183574213805864e-05,9.398570892131892e-09,6.437215728081273e-12,0.00030088400677787705,0.006812396531479397,3.897171407874841e-07,2.613934061876384e-06,2.4180988438439592e-08,0.0003951480487501564,1.1850427460146375e-06,2.852927081972803e-07,4.3334927753481936e-09,9.791114827748199e-09,0.001090831487209853,0.0006056333477482162,7.787497579983105e-06,3.0078906054856285e-07,9.341156406313055e-07,5.470069043877021e-05,1.2589570418092148e-08,0.007671041994329139,0.006144505318879844
61,0.9758246052393074,8.476890324933809e-05,0.00013529818343528208,2.926803145802103e-05,9.606406539291942e-09,5.650955242093254e-12,0.0002882693956024018,0.006741460919395392,3.82750795910914e-07,2.3379090578229677e-06,2.468334880071351e-08,0.00041525689275929333,1.2474128023688246e-06,2.6172951133182407e-07,4.171334076863206e-09,8.69285297606975e-09,0.0011824411347249415,0.0006000711857681273,6.862524297879145e-06,2.9240786140214486e-07,8.753047967278286e-07,5.2045836804434096e-05,1.1282960109962229e-08,0.008883066668783813,0.005751129127034552
62,0.9766759982852427,8.63136899419835e-05,0.00011715416795133589,3.183574213805864e-05,9.398570892131892e-09,6.437215728081273e-12,0.00030088400677787705,0.006812396531479397,3.897171407874841e-07,2.613934061876384e-06,2.4180988438439592e-08,0.0003951480487501564,1.1850427460146375e-06,2.852927081972803e-07,4.3334927753481936e-09,9.791114827748199e-09,0.001090831487209853,0.0006056333477482162,7.787497579983105e-06,3.0078906054856285e-07,9.341156406313055e-07,5.470069043877021e-05,1.2589570418092148e-08,0.007671041994329139,0.006144505318879844
63,0.9763186018944016,9.662501382854e-05,0.00011534170973621182,3.11152837289764e-05,9.24851119639962e-09,6.457715522332088e-12,0.00030455253169221443,0.006703255520506923,4.022035812411641e-07,2.659356465268084e-06,2.5160876436667725e-08,0.0003754665584338319,1.254041632422021e-06,2.7631076035901303e-07,4.509921777317211e-09,9.19819947472869e-09,0.0011100748723062623,0.000630897787577404,7.676140738618897e-06,3.040385678398763e-07,9.134481445705586e-07,5.681849269175922e-05,1.2320446544488198e-08,0.008125521631335642,0.006118182719457006
64,0.9755445536971437,8.43712374481108e-05,0.00011328484311373957,3.3327959533940504e-05,9.853074340284711e-09,6.876251550853906e-12,0.000292955081622719,0.0073383052895854796,3.804564345671406e-07,2.7687042656434994e-06,2.6955273834289773e-08,0.00043816073478958036,1.0537616651772238e-06,2.821680849749136e-07,4.756987114423235e-09,1.06853832784546e-08,0.001209365591871879,0.0006620303193530959,8.398041684829508e-06,2.978172981861146e-07,1.2403159625990006e-06,5.753426391527525e-05,1.3770540674698549e-08,0.007706066407610068,0.006505557280480878
65,0.9776630605554915,6.750004129645478e-05,0.00012841693667290464,6.099883033033739e-05,2.065811345740373e-08,1.8317562022295748e-11,0.00024257590956197763,0.006058077991895587,2.950835095015518e-07,3.432999873874866e-06,3.856484827349107e-08,0.001025649769942946,1.1138754553768763e-06,7.62022074464423e-07,4.122735774524338e-09,1.831729547879358e-08,0.0011228479852220888,0.001223932261063749,9.908585411847693e-06,3.734274621907135e-07,2.402963916012808e-06,7.01600084591431e-05,2.6699015201971097e-08,0.004317198363250507,0.008001184008783975
66,0.9755222569972631,8.887570750026137e-05,0.00010520184920635032,2.7628447480718807e-05,9.206466841501287e-09,5.150130058330378e-12,0.0002427203801205941,0.006226460708396855,2.873502245357479e-07,2.0895029942507164e-06,2.414104119948859e-08,0.0004028044377482878,1.0626697088782635e-06,2.3250981668109215e-07,4.321158445308306e-09,7.0402447197101464e-09,0.0013798001848876874,0.000690261320010408,5.800260466098633e-06,2.3298826441969548e-07,9.297347001679813e-07,5.729039933041895e-05,1.2920156646902371e-08,0.009452128320331783,0.0057938785973304496
67,0.9801715791840805,6.357039080759869e-05,0.00013242360024767977,3.6214168999747847e-05,9.106221519859793e-09,8.951704522262114e-12,0.0003560130764706809,0.004919471557963218,2.9434121453783144e-07,2.0060824347399855e-06,2.7295735609201087e-08,0.0005272037242793067,1.2780938631571987e-06,4.327630406758552e-07,4.370164158104768e-09,1.5160816884841057e-08,0.0008825493230586397,0.0006244220438017006,6.537688952260244e-06,4.2604257702683856e-07,9.316600060004925e-07,4.6488585279862145e-05,2.0847421368564202e-08,0.005806046216473934,0.006422034667137559
68,0.9763564510865193,8.966832885853103e-05,0.00012494694664769954,3.242664287431228e-05,1.0139158598167386e-08,6.491433565514152e-12,0.00031125457648481514,0.00698645990656377,4.163629034310857e-07,2.7266257718010258e-06,2.3748746018392124e-08,0.0003923655819088153,1.2492157481261054e-06,3.058403408709068e-07,4.511925980904115e-09,1.0213233353142341e-08,0.0010766041517848914,0.000565172425237527,8.321786011638425e-06,2.9993235876886667e-07,9.214871549564808e-07,5.4958950145290243e-05,1.246103734598885e-08,0.00778632246553176,0.006209066606560953
69,0.9744304482323207,8.693899880929199e-05,0.00012409495829002906,3.549104100550863e-05,9.115591443162173e-09,6.314492587970126e-12,0.0003189337026846721,0.007505502408523978,3.994532095842353e-07,2.8671855970728563e-06,2.387202008246276e-08,0.00039769709842140083,1.2242927430361009e-06,2.724353787583752e-07,4.1866121940851335e-09,1.0558401762102528e-08,0.0011169012967615843,0.0006458120611315277,7.780563800440963e-06,3.5173005204266787e-07,9.871361369696135e-07,5.2774671236694963e-05,1.288265235210414e-08,0.00840113318623454,0.006870328926069931
70,0.9594142249494099,0.00011600380412455647,7.824878763947125e-05,3.192675214201236e-05,9.048807657768273e-09,5.25636256442798e-12,0.0003318477709898121,0.016009910492092674,5.116635557121396e-07,4.453021242086021e-06,2.7825791275099347e-08,0.0002812680316638925,1.1385424062208946e-06,1.228693033140298e-07,5.864787589438533e-09,9.071547529392194e-09,0.0019941332645546836,0.0007830547775043862,1.172800211972753e-05,3.19694688703293e-07,1.2495149965488922e-06,7.920697060299561e-05,1.2716960040543536e-08,0.015203845913446309,0.005656740644366918
71,0.9581325878630225,0.0003179776495310475,0.0002652140146176505,5.431147557041325e-05,4.651079566976653e-08,1.6646118423167523e-11,0.0002789535941399179,0.010411109273460138,1.5390976113501407e-06,9.418916717618835e-06,3.0373735331852635e-08,0.0004995428673863898,2.4957715487411454e-06,7.424825822882049e-07,1.1860650693056557e-08,1.2268401377638621e-08,0.001658777644741209,0.000703096586018984,1.870831873646925e-05,2.7550018478199376e-07,1.7315307027850376e-06,0.0001358694711733086,1.3555611354245414e-08,0.012930012150341497,0.014577521206072684
