,0,1,2,3,4,5,6,7,8,9,10,11,12,13,14,15,16,17,18,19,20,21,22,23,24
0,0.0001456304644336117,1.0266932893461973e-07,4.1941810987510976e-05,0.0015445066668354627,0.0002737546436859025,0.006875288011142123,1.749248166587961e-05,0.00015805416012447913,0.00032926647113167793,0.9867284491064076,2.6293243886445365e-05,1.293524600835189e-06,4.726961237823566e-05,3.92935018442725e-06,1.3448412781774508e-05,0.0007232004558660179,2.633077909155487e-05,0.00028790334894751883,0.0007492529446458156,0.0001975345543815601,1.843936141428462e-05,9.704650918369149e-07,0.0012451311830699782,0.000542716921189594,1.7993567271369357e-06
1,0.00012843447044601854,6.279207365489817e-08,4.1937125915890096e-05,0.0013057062366724004,0.00021515081101911281,0.005233033018752481,1.0535533888267715e-05,0.00014599368961948974,0.00032196674567401524,0.9896688763662312,1.8053439438046676e-05,7.100933813158009e-07,4.7720791000317286e-05,1.8095286136968834e-06,7.301484110037725e-06,0.0006982214971605061,1.7040420123746267e-05,0.00015900542731425195,0.0007522862280203617,0.00014943714639656968,1.059028265879669e-05,5.771018598057734e-07,0.0007157282509084175,0.00034896915643255975,8.523622889275969e-07
2,0.00011721348085773176,8.630566812344455e-08,3.811442385260234e-05,0.0011083593191472429,0.00029109687632627816,0.0041152016433025915,1.1347158702947947e-05,0.00015240610409649212,0.00034864801075051936,0.9908375764955646,3.4726030884665064e-05,1.0512852714695858e-06,3.954902977276764e-05,4.027167678912017e-06,1.684275497537457e-05,0.0004128296785483731,1.6599637778258043e-05,0.00021477079333162666,0.0004916862753995839,0.0002343538921710749,1.3542759552556754e-05,5.605900271368342e-07,0.0011570903334667485,0.0003405160352782623,1.8039175940655996e-06
3,0.00014255232190838645,9.656277498847178e-08,4.078551760091398e-05,0.001582859059488795,0.00026012363784474855,0.006742583171079147,1.6881441454535897e-05,0.00015969698670550715,0.00032491417704765257,0.9869298016065797,2.55659267841125e-05,1.245024059164764e-06,4.7829908962180405e-05,3.6624067541281853e-06,1.2721331726998854e-05,0.000728883891982969,2.5424171053731037e-05,0.00028257320535660064,0.0007221845479342417,0.00019747250592227464,1.774313154617814e-05,9.322033336829224e-07,0.0012089883701731806,0.0005228124986359886,1.6663932901279997e-06
4,0.00015181006864018143,9.083881967486964e-08,4.235043941609509e-05,0.0015280272400149675,0.00026770152039653795,0.006487650577932173,1.7480726896134147e-05,0.00016465358246444726,0.00030519963086898317,0.9871397425095195,2.5032082819813446e-05,1.2932700681964841e-06,5.526139415730516e-05,3.920118337795064e-06,1.2016022083399211e-05,0.000761412992515276,2.7266877828468626e-05,0.0002950468812167342,0.0007544027572756356,0.00020817151661888775,1.781794927812441e-05,9.000736094472079e-07,0.0011668759500078974,0.0005642679912377763,1.6069879760014914e-06
5,0.00015180188787676654,1.1201382877404308e-07,3.6697899585120694e-05,0.002210437780849546,0.0002538456624396171,0.008104331831983612,1.7965855788536656e-05,0.00018758339257212326,0.0003455862562357433,0.9843624799917712,2.9456444940671466e-05,1.4009773152765238e-06,5.336271035452655e-05,3.7963619145428434e-06,1.4118676880243527e-05,0.0008754870099797041,2.838307335834764e-05,0.00041883969991703937,0.0007395730907489718,0.00023376522014087367,2.016313110859472e-05,1.1647883243043142e-06,0.0013754533112840008,0.0005325113552088912,1.6815755929660628e-06
6,0.00014255232190838645,9.656277498847178e-08,4.078551760091398e-05,0.001582859059488795,0.00026012363784474855,0.006742583171079147,1.6881441454535897e-05,0.00015969698670550715,0.00032491417704765257,0.9869298016065797,2.55659267841125e-05,1.245024059164764e-06,4.7829908962180405e-05,3.6624067541281853e-06,1.2721331726998854e-05,0.000728883891982969,2.5424171053731037e-05,0.00028257320535660064,0.0007221845479342417,0.00019747250592227464,1.774313154617814e-05,9.322033336829224e-07,0.0012089883701731806,0.0005228124986359886,1.6663932901279997e-06
7,0.00014429402476786414,6.174434034798571e-08,3.934518459296889e-05,0.0012109763714940804,0.00019569405238920314,0.0035545448258541283,1.2602010968179548e-05,0.0001444200153776691,0.0002271212379266717,0.991963623214365,2.0612148962779393e-05,7.874995580287453e-07,5.0194160911254516e-05,2.4867965598704673e-06,7.37229406944823e-06,0.0004888515839256653,1.857388389466416e-05,0.0001402303448626698,0.0006112662738408103,0.00015309131125875627,8.216392970494165e-06,6.175563599564522e-07,0.0006097841189710019,0.00039411199120865736,1.1209605696345695e-06
8,0.0001783959334260258,7.788108440032201e-07,2.2076762293300416e-05,0.007487164410078331,0.0010244907445416992,0.08670079637755876,3.6258717244401056e-05,0.0004772989713294897,0.0019208642385169796,0.8820898191022398,9.070682661916097e-05,2.4099802559653985e-06,7.317710390674105e-05,5.372862747898215e-06,6.590445724487731e-05,0.004631134149454264,4.710458521807864e-05,0.00720672616698885,0.004478506291241859,0.000429338215944293,3.925106200417533e-05,5.715706251901659e-06,0.0025671188902971756,0.0004171271981391486,2.46243561284102e-06
9,0.00011780322296611574,5.0315653427532426e-08,3.409252412759425e-05,0.0009891622437035795,0.0001444589417622035,0.0026128107113895347,1.1637371172295055e-05,0.00010323826245764079,0.00019314011749968412,0.993342072333238,1.911682327415243e-05,8.819986884970814e-07,2.980318924408296e-05,3.181409400657021e-06,8.88809820328151e-06,0.00029559976014869194,1.705479874170722e-05,0.00010021921173376729,0.00029849390734431003,0.000136856848283864,1.1523428016352364e-05,4.919163842479466e-07,0.0010717237922807405,0.0004560164291718925,1.6823451136149805e-06
10,0.00014255232190838645,9.656277498847178e-08,4.078551760091398e-05,0.001582859059488795,0.00026012363784474855,0.006742583171079147,1.6881441454535897e-05,0.00015969698670550715,0.00032491417704765257,0.9869298016065797,2.55659267841125e-05,1.245024059164764e-06,4.7829908962180405e-05,3.6624067541281853e-06,1.2721331726998854e-05,0.000728883891982969,2.5424171053731037e-05,0.00028257320535660064,0.0007221845479342417,0.00019747250592227464,1.774313154617814e-05,9.322033336829224e-07,0.0012089883701731806,0.0005228124986359886,1.6663932901279997e-06
11,0.0001444219968392867,8.28567182304695e-08,3.92461903160514e-05,0.0014372850617549481,0.0002333172407526116,0.006059436147394421,1.6061023977139428e-05,0.00016910784580806537,0.00029782656698874746,0.9879924781925457,2.2681904331704358e-05,1.1705699383358685e-06,5.4776453463489244e-05,3.2706905510064692e-06,1.0943732303368361e-05,0.0007184574300489228,2.5275509043572412e-05,0.0002660848150169459,0.0007214540857311296,0.0001917411993708747,1.541307221114407e-05,8.501716582292468e-07,0.0010431873960280627,0.0005340210097688685,1.40883743931659e-06
12,0.00014701728231723924,9.745561094964238e-08,4.0791007157215836e-05,0.0016036557584991704,0.0003080892619132899,0.007250891374868413,1.9019797636854036e-05,0.00014889813866264106,0.0003385416784605128,0.9859785978847273,2.706867056397952e-05,1.3317820311120977e-06,4.8591221746519675e-05,4.427167002100202e-06,1.3328142344897098e-05,0.0007538407993205709,2.735594483040621e-05,0.00032736091843129836,0.0007172849059840037,0.0002221849124104455,2.001633706148583e-05,9.102622311548033e-07,0.0014291682302476276,0.0005696277447194932,1.9033212212141882e-06
13,0.00017007661342933228,3.5613030251223585e-08,5.382831597160665e-05,0.0015524853694589833,0.0002008427822247787,0.0011510436745148648,1.1071314766984087e-05,0.00016059554786341902,0.00017289883236766107,0.9932223694073411,0.0001453921659937228,2.1646969233190233e-06,5.58841788960027e-05,1.5709384413622345e-05,2.752850683163869e-05,0.0004530260117104412,1.168797296520484e-05,0.00024204039638480972,0.0001884906779358405,0.00044763192486328707,1.406047514896026e-05,2.5994709100455966e-07,0.0014738251091521689,0.00022553684573238013,1.5142349888891806e-06
14,0.00017942214308519868,3.071112341920957e-08,2.8635954992886897e-05,0.0007819517290483716,7.15159219522625e-05,0.0032787330242206023,2.7008153766823916e-05,0.00014195589362892602,0.0002397681631609335,0.9917026725172041,8.144512935898752e-06,1.441055415445118e-06,2.3444653908035966e-05,4.051111737849196e-06,8.039730060225117e-06,0.00039938973264883103,2.277951809700667e-05,6.632621209541786e-05,0.0002552118476107564,6.828898259504668e-05,1.532188860391789e-05,5.737565551045094e-07,0.0015453977075528418,0.0011273971269925125,2.4979510076240802e-06
15,0.00014255232190838645,9.656277498847178e-08,4.078551760091398e-05,0.001582859059488795,0.00026012363784474855,0.006742583171079147,1.6881441454535897e-05,0.00015969698670550715,0.00032491417704765257,0.9869298016065797,2.55659267841125e-05,1.245024059164764e-06,4.7829908962180405e-05,3.6624067541281853e-06,1.2721331726998854e-05,0.000728883891982969,2.5424171053731037e-05,0.00028257320535660064,0.0007221845479342417,0.00019747250592227464,1.774313154617814e-05,9.322033336829224e-07,0.0012089883701731806,0.0005228124986359886,1.6663932901279997e-06
16,0.0001577542803107626,5.6002807246655964e-08,5.09550448130295e-05,0.002001963061360681,0.0003067288338699211,0.007806704681888011,2.6603351819283588e-05,0.0001787494488955372,0.00022008937662274512,0.9828280687237368,3.995973558335394e-05,2.456101183596482e-06,8.613332239350795e-05,8.758365208301778e-06,1.599388685763784e-05,0.0016384576549545373,3.633163130766334e-05,0.0008040001761740376,0.0006890571911087767,0.0004305022827003756,3.927796674638232e-05,7.79611064597812e-07,0.0018734326618832502,0.0007559515513589255,1.235055351011819e-06
17,0.00023402339197910508,9.838630729529772e-08,5.416557827325637e-05,0.0023506183325185184,0.00032420605782303505,0.004744054098789041,2.9766857347966143e-05,0.00018401984879340755,0.00029824646101273385,0.98753350644823,4.02977525256423e-05,2.2253516559589234e-06,6.567551365629925e-05,9.55257367308701e-06,1.4022580957888464e-05,0.0007724965964190282,2.9861687462202742e-05,0.00026415294753200146,0.0005105280630387447,0.00029000340849650804,1.87650821096297e-05,9.5703305791433e-07,0.001531472128137742,0.0006943249281371025,2.958892065925936e-06
18,0.00023523421507735522,1.3745960980034105e-07,2.7508040873809303e-05,0.0011403506742211798,0.00033281410465307447,0.005993041742727279,2.8013367345265647e-05,0.00010556863955927223,0.0003426460613944958,0.98704326717815,2.6801082579273304e-05,1.1055189137547872e-06,3.690937365787678e-05,6.820688631974766e-06,1.3377089023583172e-05,0.0004090383166026564,6.14233861690678e-05,0.0003424760448649369,0.0009099432591268122,0.00017695518498996339,1.526975792022319e-05,1.3963049613598937e-06,0.0018332572961300775,0.0009110788547701178,5.5663580462499055e-06
19,7.845982940951121e-05,4.017641964289835e-08,3.043526701970329e-05,0.000910772548905452,0.0001325071854354399,0.004326401301446625,1.2783677567434093e-05,0.00011665681394996872,0.00020006299549888803,0.99223105002543,1.0350729790048035e-05,7.756271194675434e-07,3.8145810272196034e-05,1.357262627911834e-06,4.698756827000919e-06,0.0004086452189291823,1.4013259137678768e-05,8.362378842013569e-05,0.0003805650413912251,0.00011398925739451734,7.409019030543017e-06,5.734253443513578e-07,0.0005052562316292898,0.00039054920755745784,8.775434460753879e-07
20,0.0001120867933060584,2.063213478239912e-07,4.0782556218023886e-05,0.002276442224574441,0.00018288553237784657,0.009337602441548172,1.4748389588397323e-05,0.0002889452973783814,0.00037867068195509873,0.9831925119385347,3.558069949987447e-05,2.181169310293601e-06,4.459283908632898e-05,3.4198667777088134e-06,2.9189175028291714e-05,0.0008801047927790952,2.449053559319123e-05,0.00042251899243250893,0.0007310329947946133,0.000202383661559587,2.7461687462603564e-05,2.095486310618976e-06,0.0012862274404849472,0.00048208355111133697,1.754930940229804e-06
21,0.0002056488361040768,7.740068315059348e-08,4.684135226929487e-05,0.0029172467281438482,0.0002874115019235133,0.0053675451637009075,1.7993215191641476e-05,0.00018451766449268867,0.0003061901209404405,0.9860437037675552,5.7994191489560097e-05,2.0092568763699076e-06,6.250912895827816e-05,7.96396125182162e-06,1.690190835185598e-05,0.001117513808790254,2.3495836652314264e-05,0.0004718193500549705,0.0005736009504947046,0.0003421485796736755,2.1388373794012262e-05,7.891460150436073e-07,0.001515071445757859,0.0004080476949844592,1.5706158502095663e-06
22,0.00012060679470107199,4.928072072521199e-08,4.0226647687615764e-05,0.0018487426532402416,0.00018619688528275912,0.004577873722259003,1.3750236000135252e-05,0.00011369815580295,0.00017999991383918038,0.9894135684449872,3.4906747609397784e-05,1.0550661676311383e-06,4.911822339248689e-05,3.5598950804015787e-06,9.576605805702416e-06,0.0007811392404621164,2.4619013126070973e-05,0.0003256008694477095,0.0004891744012583157,0.0002592324960229711,1.836070097677052e-05,6.583984867737683e-07,0.0011258052349110276,0.0003814984340243328,9.819387075280528e-07
23,0.00014255232190838645,9.656277498847178e-08,4.078551760091398e-05,0.001582859059488795,0.00026012363784474855,0.006742583171079147,1.6881441454535897e-05,0.00015969698670550715,0.00032491417704765257,0.9869298016065797,2.55659267841125e-05,1.245024059164764e-06,4.7829908962180405e-05,3.6624067541281853e-06,1.2721331726998854e-05,0.000728883891982969,2.5424171053731037e-05,0.00028257320535660064,0.0007221845479342417,0.00019747250592227464,1.774313154617814e-05,9.322033336829224e-07,0.0012089883701731806,0.0005228124986359886,1.6663932901279997e-06
24,0.00016408526407082923,1.0217638666180657e-07,3.9792050688503296e-05,0.0026228909843161916,0.0003092668684063461,0.006558019483708153,1.687747301410468e-05,0.00016805534683262332,0.0002979926125342807,0.9861170982284609,3.3733400253282785e-05,1.4919460699838963e-06,5.938785087820794e-05,4.53408834784478e-06,1.133825398973477e-05,0.0008426431678283393,2.3384639373466492e-05,0.00033160512394098606,0.0006518118151703354,0.00025781326614579114,1.528709889032105e-05,1.0000405965752083e-06,0.0010408450342611546,0.00042931040326233126,1.6333825730110401e-06
25,0.00012820482734151063,2.9841797342975286e-07,4.616405126752318e-05,0.0014833636774272312,0.0003883398483143477,0.023892571448699888,1.8263674035426263e-05,0.00014360387086696167,0.0006476913678298965,0.9666564298611233,1.3807533190420504e-05,1.3052886355626736e-06,3.227255344745735e-05,2.418465944646462e-06,1.7538335553517298e-05,0.00103527786879039,4.4454889176652845e-05,0.00041615356937025537,0.0019625855066447455,0.00012521013258662395,4.225503020723444e-05,2.4841426468612525e-06,0.0020144693397090756,0.0008820778820369332,2.7584171803143053e-06
26,0.0001524030593269305,7.573876862409789e-08,2.9491757617614026e-05,0.000986909799395987,0.00023646091481020024,0.007852902911814171,1.6664599740990616e-05,0.0001320751135061103,0.000462837920805083,0.9857124268181066,1.3897730280933245e-05,6.515823286990993e-07,4.4396831546047236e-05,2.085779647963334e-06,8.89941206060473e-06,0.0005880194080424021,3.0302462198782877e-05,0.00030109286358791937,0.0008248038303326737,0.00015020987939876385,1.7042171811562702e-05,6.872918653191621e-07,0.0017338995251006506,0.0007001948371070895,1.56776079821104e-06
27,0.00013253926845880555,1.5423230052859957e-07,2.9954484860077772e-05,0.0017622060190521835,0.00022067804362565222,0.00738865627289404,1.4513758468138434e-05,0.00019641495452276894,0.00044178665640052085,0.9865964784149772,2.7511149729253225e-05,1.2485405188753207e-06,3.489918360204317e-05,2.916139047204473e-06,1.694947086498009e-05,0.0005719527895039784,2.103626962489269e-05,0.00024321810671454363,0.0007315022579546538,0.00014482053149601217,1.26134629288231e-05,1.381418394441236e-06,0.00101077262984783,0.0003936407777920091,2.155166420601441e-06
28,0.00014255232190838645,9.656277498847178e-08,4.078551760091398e-05,0.001582859059488795,0.00026012363784474855,0.006742583171079147,1.6881441454535897e-05,0.00015969698670550715,0.00032491417704765257,0.9869298016065797,2.55659267841125e-05,1.245024059164764e-06,4.7829908962180405e-05,3.6624067541281853e-06,1.2721331726998854e-05,0.000728883891982969,2.5424171053731037e-05,0.00028257320535660064,0.0007221845479342417,0.00019747250592227464,1.774313154617814e-05,9.322033336829224e-07,0.0012089883701731806,0.0005228124986359886,1.6663932901279997e-06
29,0.00014255232190838645,9.656277498847178e-08,4.078551760091398e-05,0.001582859059488795,0.00026012363784474855,0.006742583171079147,1.6881441454535897e-05,0.00015969698670550715,0.00032491417704765257,0.9869298016065797,2.55659267841125e-05,1.245024059164764e-06,4.7829908962180405e-05,3.6624067541281853e-06,1.2721331726998854e-05,0.000728883891982969,2.5424171053731037e-05,0.00028257320535660064,0.0007221845479342417,0.00019747250592227464,1.774313154617814e-05,9.322033336829224e-07,0.0012089883701731806,0.0005228124986359886,1.6663932901279997e-06
30,0.00014255232190838645,9.656277498847178e-08,4.078551760091398e-05,0.001582859059488795,0.00026012363784474855,0.006742583171079147,1.6881441454535897e-05,0.00015969698670550715,0.00032491417704765257,0.9869298016065797,2.55659267841125e-05,1.245024059164764e-06,4.7829908962180405e-05,3.6624067541281853e-06,1.2721331726998854e-05,0.000728883891982969,2.5424171053731037e-05,0.00028257320535660064,0.0007221845479342417,0.00019747250592227464,1.774313154617814e-05,9.322033336829224e-07,0.0012089883701731806,0.0005228124986359886,1.6663932901279997e-06
31,0.0002328987116689895,1.2400736111683156e-07,8.459675366273983e-05,0.0017239976546046564,0.00024041778342197685,0.0057009922764158704,1.746777924629823e-05,0.0003676992800159434,0.00033448013697109696,0.9862193040158709,2.5843451289954235e-05,1.6308197608892324e-06,0.00011268903847427495,3.830602723333405e-06,1.4811178287325474e-05,0.0012528224204103838,3.109112289692698e-05,0.0003227511614293255,0.0012124299458433486,0.00023864234574042716,2.2008339261006038e-05,1.0103368444284448e-06,0.0010357778632847216,0.0008014681242168243,1.2148502971260857e-06
32,0.00015906124542254354,1.075477296321745e-07,4.407678591275219e-05,0.0015382350957323617,0.0002746935846290604,0.00705870272412084,1.6483435529963458e-05,0.0001685335105165001,0.00033546191872435045,0.9863579679306254,2.4235480690804e-05,1.1988513162568897e-06,5.4047811056197395e-05,3.4969864519116398e-06,1.2284159623605591e-05,0.0007877252838513515,2.839801227619225e-05,0.0003018856572797659,0.0009062180754671702,0.00019136827204259649,1.785564476264212e-05,1.005087969751493e-06,0.0011467539844571115,0.0005685877378560725,1.615175955430873e-06
33,0.0003005866132531209,2.32231226953068e-07,5.121287382564732e-05,0.0026161677948401,0.0002531985280710431,0.018290059105407742,3.144819308991159e-05,0.0003783041713842962,0.000210764738459112,0.9648044522653486,8.637818760674001e-06,2.3032927307887657e-06,0.00021646800487133328,3.1247843946982826e-06,6.492534852425339e-06,0.003239597526147145,0.00012783084197454686,0.0010414148893447747,0.004826450908042277,0.00018572645157228547,2.348348431680638e-05,5.07113709805118e-06,0.0006765031502019815,0.0026993208301567184,1.1478306291576143e-06
34,0.0001542838531457734,9.575024779538066e-08,4.1976827604517584e-05,0.001575694499040662,0.00026785554991599317,0.006440405329220761,1.6739804359837715e-05,0.00016050236089530063,0.0003265298726937321,0.9871811073012711,2.6248461545319335e-05,1.2100855767261576e-06,4.97200717767287e-05,3.798323646073128e-06,1.2556510638593318e-05,0.0007333560671702995,2.5786484342564163e-05,0.00028364535701790294,0.000755829224907397,0.00019825396381031624,1.7292132371781664e-05,8.97611493682384e-07,0.0011986487373608801,0.0005259069465461812,1.6588734003880217e-06
35,0.00013438982353026926,8.815148459558813e-08,4.2047679626516407e-05,0.001530176653823002,0.00026582740820099156,0.006672196013508086,1.7488425549594297e-05,0.0001447081407864858,0.0002957981547164851,0.9870484013122467,2.5605041381920483e-05,1.2923021306570612e-06,4.695855814710989e-05,3.936203250383586e-06,1.2450646390640187e-05,0.0007273860233431632,2.5943600837492805e-05,0.00028349497573953,0.0006710164918816659,0.00020827309062712929,1.9496011288994073e-05,8.826862911145361e-07,0.0012794609107526504,0.000541014766323127,1.6669281416803595e-06
36,0.00021277313523234025,1.5054462190644297e-07,3.268345489080549e-05,0.0023434863522675425,0.00021956214677144103,0.007587521057921609,3.189787319892838e-05,0.0003194203084154043,0.0003192596687146596,0.9837225413782907,4.113642257490822e-05,3.321330938933045e-06,7.688237001869829e-05,8.644016568941652e-06,2.1943490405446364e-05,0.0011251564629140905,4.508583425067298e-05,0.000650102524859099,0.0009761498360371254,0.0002538554489210841,1.5781571469230187e-05,2.320862004567683e-06,0.001179999180297095,0.000807463766888702,2.8609615259381892e-06
37,0.00029635364717624734,7.608293681639003e-08,6.524994706514134e-05,0.00192527191108358,0.000357971700239565,0.0054768882974888826,3.44877545647882e-05,0.00013061285135766707,0.00020506897165769946,0.9853251888867907,3.191936957043783e-05,2.029658493702387e-06,7.769833054069813e-05,1.163175606856141e-05,1.166212431846083e-05,0.00112986972302863,5.261998441021623e-05,0.000446312751478533,0.0008060580337593813,0.0003027414748023107,3.416551058526186e-05,9.21628709988746e-07,0.002059582966857955,0.0012131972508539752,2.4193861612884627e-06
38,0.00013247450124326382,9.07914878997841e-08,4.0145548112548475e-05,0.0015045962992145873,0.0002529107070473259,0.007890628283668445,1.8061671785020565e-05,0.00016016686421477613,0.0003201207779450372,0.9855004033495648,2.4799558582985673e-05,1.3512499911843917e-06,5.0144956492714886e-05,3.6040157843877986e-06,1.343507225440275e-05,0.0008450176001836869,2.7145388764281287e-05,0.00033968603275621263,0.0007662743673405769,0.00020141846590273642,2.117360630240592e-05,9.715961725393618e-07,0.0013190917595611725,0.0005647818126802539,1.505722946781343e-06
39,0.00012112017604265005,1.9404678586330731e-07,9.090412348091252e-05,0.0022571078805679436,0.0002710694601572343,0.02179999461477792,1.9245717408269214e-05,0.0003232635581844458,0.0004326533259290048,0.9669367501314192,1.5180375300466796e-05,2.251772745233434e-06,8.592165345303075e-05,2.2584736565125212e-06,1.5864016978939402e-05,0.0023450089378131925,4.686385217872546e-05,0.0005179835952704696,0.0016666397264724457,0.0002630169825521404,6.729834544867171e-05,2.117921095522871e-06,0.0016690573266211618,0.001047054243770842,1.1797418894793545e-06
40,0.0003456946662856253,2.079418814042802e-07,0.00013055168190580043,0.0014905120402680157,0.0009825137295652595,0.005512105581679799,3.3154699498884524e-05,0.00016053135979678264,0.0003616793594288117,0.9849709817277369,5.8646065214184775e-05,2.9822431331551774e-06,8.462236335256153e-05,2.213222275709369e-05,2.465048255277359e-05,0.0009056439663036849,4.177345651357291e-05,0.00033704325616268913,0.0013569693026857558,0.0003574995249843095,3.144117715664163e-05,1.0813100032563997e-06,0.0017963473829627592,0.0009861983603932263,5.036097777184171e-06
41,0.0001398701037789026,9.315414631109121e-08,4.0459609255046736e-05,0.0015138529323555317,0.00025092903391268716,0.006703058499367035,1.7356990080978453e-05,0.0001537952345107978,0.0003128593143635438,0.9870695241976054,2.4562623720972538e-05,1.257002118191957e-06,4.669970064138446e-05,3.664424302671434e-06,1.2455256527758557e-05,0.0007092566175887534,2.6253608572177607e-05,0.0002757288012147026,0.0007024132522624771,0.00019396303132967314,1.812916499669573e-05,9.368891349456244e-07,0.0012350767529859914,0.0005460971360134993,1.706669213893925e-06
42,0.0001400082573301328,3.5279620163180216e-07,8.33520838613172e-05,0.003906781056969969,0.00017584176967339418,0.017272836142317363,1.1558203737958726e-05,0.0005446372251042647,0.0005129116816387117,0.9707798952048037,1.7659215716815302e-05,1.6374530034540904e-06,7.966836646077128e-05,1.1141304385675624e-06,1.4446151571314599e-05,0.002376945385816603,3.090603651913396e-05,0.00031910924146607363,0.0024054254850501013,0.00015787464722959423,2.350766905743292e-05,3.67591772911907e-06,0.0006038525366618413,0.0005351972409481215,8.061006926270548e-07
43,0.007386346302473257,2.7194146949980575e-06,0.00021555053428497247,0.017591537142327703,0.006845798745673243,0.0020428684149412014,0.00022429989880957588,0.00036584194507767166,0.00208579072230694,0.937998586364056,0.00550490560548019,1.594574187013465e-05,8.834351211669037e-05,0.002504260430674315,0.0003685311861109684,0.0009834867465162008,6.581818920246287e-05,0.001690092287294387,0.001610575377155834,0.0011604349084382883,1.3849204992104675e-05,3.163999778541698e-06,0.01016135975629999,0.0007536027406651026,0.0003162908287595082
44,0.00014255232190838645,9.656277498847178e-08,4.078551760091398e-05,0.001582859059488795,0.00026012363784474855,0.006742583171079147,1.6881441454535897e-05,0.00015969698670550715,0.00032491417704765257,0.9869298016065797,2.55659267841125e-05,1.245024059164764e-06,4.7829908962180405e-05,3.6624067541281853e-06,1.2721331726998854e-05,0.000728883891982969,2.5424171053731037e-05,0.00028257320535660064,0.0007221845479342417,0.00019747250592227464,1.774313154617814e-05,9.322033336829224e-07,0.0012089883701731806,0.0005228124986359886,1.6663932901279997e-06
45,0.0001125011398012329,7.913993577098831e-08,3.329911708944845e-05,0.0013740044303395395,0.00016615707587590045,0.0066747402592048045,1.737513997530556e-05,0.0002814175306064419,0.00029180559449586304,0.9875433074128788,1.8266599080474218e-05,1.1977368026353582e-06,6.430758929587308e-05,2.2462082654151e-06,1.209974308359194e-05,0.000912158702564457,2.0491875982718577e-05,0.0002932022624534528,0.0007680998309248869,0.00016870218832305928,1.2372861223428746e-05,9.849369383403643e-07,0.0006939026958218365,0.0005364139152085567,8.660138284503666e-07
46,0.0001467150723155964,5.482035622307091e-08,3.930965031471028e-05,0.002086800932761873,9.427563313283377e-05,0.007230357614752347,1.3800074185851098e-05,0.00011911960014880234,0.0001373406119454291,0.9867949142416379,9.66448456470481e-06,1.067713636875101e-06,6.29589596865817e-05,1.2215078965372695e-06,3.0137596386673067e-06,0.0008622980331503367,4.876491936511849e-05,0.000150882189697452,0.0007116879411834979,0.0001406478652510112,1.574766177183996e-05,1.4501613983162491e-06,0.0006562370608802521,0.0006708102131918059,8.592771354299366e-07
47,0.00011249165274179359,1.1158841191541005e-07,3.7546549119002435e-05,0.0015241961302817034,0.00032743614488532955,0.007257990322736586,1.6698866522138092e-05,0.00014468443789615517,0.0003926917917295286,0.9863775967543729,3.383801194961278e-05,1.2556658540866046e-06,3.678122505760982e-05,4.331795297959878e-06,1.8013351121658894e-05,0.0006064841288052868,2.1206928642942888e-05,0.00031462984577368386,0.0006009358396894878,0.00022486198322739322,1.941965410052657e-05,8.682586846490225e-07,0.0015008532752164817,0.00042295304289983126,2.122754981809943e-06
48,0.0001347966705012634,1.1199205164838572e-07,4.8782898532019136e-05,0.0024264953125843858,0.0003764391320838205,0.006234182452800673,1.7634310686874506e-05,0.00014998207344442798,0.00042074771498781035,0.9859855038781549,6.209964002206583e-05,1.8443449238071522e-06,3.841027370296241e-05,7.249492848340236e-06,2.3511336564177023e-05,0.0007258533879211008,1.728444593215075e-05,0.0003295531355274461,0.00045166085850754115,0.00030966304907522756,2.346378136803566e-05,7.988753344592441e-07,0.0018843118108441887,0.00032718836740435164,2.4307641964816977e-06
49,9.707239412130556e-05,1.2151769269708917e-07,4.687155039930272e-05,0.001670951800172368,0.00020555665220978528,0.009446124729171343,1.4714322735429378e-05,0.00018123247440393167,0.00031894737367459586,0.9845263367498079,1.7754882148648356e-05,1.4556521033344354e-06,4.727493605473803e-05,2.021513753696113e-06,1.096032957649277e-05,0.0007994501842372212,2.4002243476032834e-05,0.0002160802855100439,0.000758197195981101,0.00017803353051808554,1.9149315872624016e-05,1.4124616904053686e-06,0.0009097400670930628,0.0005051939026804479,1.3439349153567414e-06
50,0.00014414270457822136,1.3656397164556974e-07,4.621830829669292e-05,0.0019370180393020284,0.00030023782535792514,0.008929299292381489,1.721009076959674e-05,0.00017552050362177788,0.0003965890666835737,0.9835864318105941,2.925576718380163e-05,1.4556259215423452e-06,4.8128728235257894e-05,3.843989817511756e-06,1.6170804528938183e-05,0.0008868864455884216,2.781720647775451e-05,0.0003548949342229559,0.0008585470888336974,0.00021504612569423525,2.3891987598007628e-05,1.2074309075307668e-06,0.0014646829778016367,0.0005334936872562425,1.8729943752833784e-06
51,0.0001534661367720667,3.4350476482555166e-07,4.290441298653576e-05,0.004473804264689369,0.0002537731109768531,0.010443272680888129,1.555841932351669e-05,0.0003347425982162821,0.0005360291988549256,0.9793885717200794,5.028398907169463e-05,2.102914375588112e-06,4.617223670475065e-05,3.89861011011293e-06,2.990050992060471e-05,0.0010063604820691543,2.422384724710498e-05,0.000441816950528802,0.0008916742496310074,0.00022018528479459507,2.154327789722496e-05,2.7640547922740713e-06,0.0012415427351481073,0.0003726519658823331,2.4128442747972417e-06
52,0.0014269916156767586,7.556581722767082e-06,0.002342658349346052,0.006708962703864981,0.0044896933552778795,0.029836515715028503,0.0003138823124995871,0.00020028060377949122,0.0019645413821280148,0.8830944069364473,0.00011878929843192384,1.3345610625637922e-05,0.00010624324589457474,0.00011162906172517212,0.00010095669552209592,0.004607357249830131,0.0006564745128975094,0.0004483984646939597,0.006603681979560197,0.0005466737195664226,0.0009614494878321361,1.5268359845226147e-05,0.04344545270522637,0.011719078462706315,0.00015971158987131812
53,9.62117493871114e-05,3.974708079229661e-08,3.44607793157677e-05,0.0015719301167801197,0.0002648585925562323,0.005529119194479882,3.161011563980615e-05,9.595743352224839e-05,0.00025683848875143614,0.9871322514814288,3.79386915439029e-05,1.6423226818201286e-06,3.92633291595432e-05,6.925381436232193e-06,1.3645389194319466e-05,0.0006651265078302018,2.1705013783479484e-05,0.0003421126991082746,0.00023819273548335645,0.00035429016209386556,2.667544524219227e-05,5.028683249160874e-07,0.002698145827394289,0.0005385422690052501,2.0136587760958065e-06
54,0.00017992154671661852,2.0931052246607242e-07,3.7638217904270556e-05,0.00192240888683346,0.0003224891032210027,0.007899225390793017,2.303394999381179e-05,0.00018513164785796094,0.0004610824933275384,0.9849266053801388,3.204723710341025e-05,1.6013332687141974e-06,3.60897952190332e-05,5.445579680294823e-06,2.0788350822881953e-05,0.0006545969817674691,2.9545270472021623e-05,0.0002822518770545561,0.000880531212066874,0.00015722780591896976,1.697939608559818e-05,1.729592750808276e-06,0.0013370184351993192,0.000582713447871877,3.6877574092469695e-06
55,0.00016587427094863936,9.461386252577241e-08,3.4324491419647446e-05,0.0019157138018537122,0.0002946308933232905,0.009061830293020722,2.7381790928256263e-05,0.000315441124589206,0.00044164635150319766,0.98265559167388,2.6353737057651406e-05,3.1274415484570965e-06,9.60498185940635e-05,6.125241271521749e-06,1.5039608467840421e-05,0.0012456859231134328,2.5459023950328755e-05,0.0005658907123064236,0.0007366886867351583,0.00031063448308954933,1.5130144565158451e-05,1.1283887365869429e-06,0.0012898308275223285,0.0007484115418472613,1.915115864906868e-06
56,0.00014165740879969885,8.619161725760423e-08,3.957867239028063e-05,0.0015349880875326614,0.00024096891486268077,0.006494945822890728,1.6359859296204535e-05,0.00016996004314211627,0.00030726982247895456,0.9873743920354062,2.3359407234512118e-05,1.2202032335068088e-06,5.3689790530229935e-05,3.3230952363998598e-06,1.1375213938578648e-05,0.0007424176068253451,2.5118042564118807e-05,0.000277352829256081,0.0007125933370862292,0.00019872208368405865,1.6488338144364843e-05,8.833217405462054e-07,0.001087133744279089,0.0005246649461641724,1.4511816660178721e-06
57,9.840208847808364e-05,6.680790132661839e-08,6.613272120996435e-05,0.0010046096456405977,0.0002535634088153378,0.006015230086308763,1.357750371426483e-05,0.0001496039009593027,0.00024383327271764206,0.9888132370234309,1.4219976508312639e-05,1.245970592019022e-06,6.630262348952691e-05,2.2507401771366318e-06,7.0570284189689116e-06,0.0007943793225130148,2.271326236447514e-05,0.0001535806060033197,0.0007457150621132495,0.00021314920339394322,1.6408163759654135e-05,6.980823903750773e-07,0.000736969890939903,0.0005660762294737177,9.773786861141823e-07
58,0.00013677977957360084,7.770280176172303e-08,3.7254456635303686e-05,0.0012245474046435963,0.00022158123838334046,0.006548612507396498,1.7012663710491273e-05,0.0001575982379485939,0.00027293255265115285,0.9876157136981325,1.753093409388281e-05,1.1752687530388786e-06,5.406437839375774e-05,3.0515935636854705e-06,9.95857180283456e-06,0.0006958258903938255,2.753136831507085e-05,0.0002689583841436914,0.0007272488713571467,0.00017851519644553822,1.688293785876931e-05,8.707973879010853e-07,0.0010982308558362408,0.0006666502128790952,1.394496898580241e-06
59,0.00013700295602983,8.285601775248567e-08,4.627344574578885e-05,0.0012997683033861924,0.0002430108414176707,0.006535620646319293,1.7202053318721328e-05,0.00015832477621869785,0.0002831019153762397,0.9873978296916509,1.876473947761437e-05,1.2081613571845819e-06,5.623492719808508e-05,3.1437876412610067e-06,1.014695551316675e-05,0.0007487603188556153,2.767844493179551e-05,0.0002518258636043215,0.0007434463463963149,0.00019661551052322659,1.8944669976598038e-05,8.623704329694564e-07,0.0011446100004844282,0.000658125284485969,1.4151336403125158e-06
60,0.00014255232190838645,9.656277498847178e-08,4.078551760091398e-05,0.001582859059488795,0.00026012363784474855,0.006742583171079147,1.6881441454535897e-05,0.00015969698670550715,0.00032491417704765257,0.9869298016065797,2.55659267841125e-05,1.245024059164764e-06,4.7829908962180405e-05,3.6624067541281853e-06,1.2721331726998854e-05,0.000728883891982969,2.5424171053731037e-05,0.00028257320535660064,0.0007221845479342417,0.00019747250592227464,1.774313154617814e-05,9.322033336829224e-07,0.0012089883701731806,0.0005228124986359886,1.6663932901279997e-06
61,0.00014261546819436068,8.518950423123394e-08,4.682658600610327e-05,0.001282732134080741,0.0002538372657571343,0.006492939404655007,1.728739433453804e-05,0.00015197039522530216,0.00029051496977516075,0.9874323635824321,2.0115541074178744e-05,1.2083712023652343e-06,5.373936280440859e-05,3.3542062095216164e-06,1.0653829815445322e-05,0.0007319678688780882,2.765832303628848e-05,0.0002487132194670266,0.0007591461795381715,0.00019108467106510377,1.9031392660144994e-05,8.566272210043733e-07,0.0011786295768279648,0.0006411547670124022,1.5136732232033425e-06
62,0.00014255232190838645,9.656277498847178e-08,4.078551760091398e-05,0.001582859059488795,0.00026012363784474855,0.006742583171079147,1.6881441454535897e-05,0.00015969698670550715,0.00032491417704765257,0.9869298016065797,2.55659267841125e-05,1.245024059164764e-06,4.7829908962180405e-05,3.6624067541281853e-06,1.2721331726998854e-05,0.000728883891982969,2.5424171053731037e-05,0.00028257320535660064,0.0007221845479342417,0.00019747250592227464,1.774313154617814e-05,9.322033336829224e-07,0.0012089883701731806,0.0005228124986359886,1.6663932901279997e-06
63,0.00015309833177005108,1.390116594535338e-07,4.2286943989636176e-05,0.0017558805100566627,0.0002857365069458143,0.008047816675074539,1.7411699089990605e-05,0.00017907705008188992,0.0003966197769675284,0.9849567852832849,2.8072840026679714e-05,1.3313694665522495e-06,4.7591640688948345e-05,3.696900358964762e-06,1.568371254940957e-05,0.000772643320728362,2.8066149516297257e-05,0.00032467075153909923,0.0008679763928508748,0.00019322329700812384,1.992537140876758e-05,1.2238022935561989e-06,0.0013205534956679207,0.0005384933892921347,1.9957776838867576e-06
64,0.0001332409004000019,9.878838585320226e-08,5.6187918175669036e-05,0.00155759920342231,0.00027281205118994165,0.008064249623851797,1.748876834558033e-05,0.00014671724706884096,0.00030591840346649065,0.9849136904650212,2.3544145365606037e-05,1.4689412744093685e-06,5.2873777067849e-05,3.6778260308589972e-06,1.265268554832215e-05,0.0008958933065722727,3.175950436118977e-05,0.00029317496522738033,0.0007638869553382887,0.00022712265365251624,3.0057779449767635e-05,9.952432776311111e-07,0.0015479662451638205,0.0006453140603271185,1.6085420154427956e-06
65,0.0001404248827919131,6.684969019946381e-08,3.5024247737407976e-05,0.00128954662494821,0.00021014281113676043,0.004456696880750265,1.27023774881405e-05,0.00015149366889221556,0.00028172874901051347,0.9906498552496181,2.5127298491385104e-05,9.13875875578651e-07,4.4591755871193016e-05,2.9588481758337014e-06,1.0061067874386359e-05,0.0005686080172809764,1.738256574022756e-05,0.00018667549167939687,0.0006346147464449762,0.00015199208323333054,9.767809668775415e-06,6.410800183304306e-07,0.0007540844430486809,0.00036373566116492534,1.1629133683809244e-06
66,0.00012914630666888328,4.727811806060887e-09,6.992250381029444e-05,0.00040221437331412437,0.00036994844256761444,0.0015508815670632185,1.4054360208972582e-05,4.183245653450238e-05,8.151175567422267e-05,0.9952262208160604,5.448133877857877e-06,2.2314785318239484e-07,0.00013890022413639934,1.3525719415288964e-06,5.112484577902722e-07,0.0004755994258797802,1.4583971275907325e-05,4.1559240162108116e-05,0.0004283492609984209,0.00024487113391868595,3.883183148184428e-06,5.689054635534955e-08,0.0002768463497736676,0.0004818475306206448,2.3037769569106385e-07
67,0.00015612901928269704,6.393261519643381e-08,3.632673595218631e-05,0.0010592691882253156,0.00024252798140733377,0.003365419171187789,9.890077772665788e-06,0.00016253559287602044,0.00029684288859950893,0.9922017414810919,2.3281845435732736e-05,7.22971744460646e-07,4.894951734596091e-05,2.7918407324461204e-06,9.247986435013227e-06,0.0004986049982464202,1.321199763471362e-05,0.00014822495401917168,0.0006969180749717079,0.00013789733842230044,6.896204299808352e-06,4.656060410421646e-07,0.00056152026147089,0.00031957109146737544,9.492427224176638e-07
68,4.798825338964174e-05,1.0844518749679671e-07,3.534555997749378e-05,0.001461091916212058,0.00021659059518367235,0.021527208160959165,2.7921789611679497e-05,0.00021415849672997225,0.00031835463080883124,0.9706134489283778,1.8721050298108187e-05,3.341219013152873e-06,4.2072310648035405e-05,3.159376229281592e-06,2.45786509439869e-05,0.0009235100694730262,2.5991492951696917e-05,0.0005823278218216449,0.00040467054668651305,0.00033092584957542854,6.134849559964464e-05,1.608100449596793e-06,0.002298398991882389,0.0008153000087857197,1.829239204018407e-06
69,4.729523691622634e-05,6.437828701663928e-08,1.649440626006854e-05,0.0022930760826492553,0.00017356787313015345,0.005977674352327681,7.901518291474831e-06,0.00010045258998209303,0.0003874182673655747,0.9867231839974119,9.246305060497226e-05,8.817899900879664e-07,1.9280607035432993e-05,2.521133328290724e-06,2.6938916479581707e-05,0.00029371946100677134,1.1853304117508428e-05,0.0005000814399883114,0.00016149645331391626,0.00043644098332375073,1.9466256910611884e-05,5.554612406762349e-07,0.002597784228631316,0.00010775477874319501,1.6334326638863324e-06
70,0.00024400417369944418,1.36053371835923e-07,3.5772086696592047e-05,0.000828166276451271,0.0003318591644540011,0.0057277742563724915,2.146995033900277e-05,0.00014876661712834595,0.0002931465424283013,0.986858100047988,2.311318984284723e-05,1.379092146748531e-06,5.715386472081433e-05,7.407874807633517e-06,1.716070752575373e-05,0.0005451169257802411,5.446795392936195e-05,0.0004484319193672773,0.0012778801265086776,0.00016914698575397637,2.024939734165689e-05,1.1869825591377146e-06,0.0016725299430877878,0.0012123116267858853,3.2682409130953695e-06
