,0,1,2,3,4,5,6,7,8,9,10,11,12,13,14,15,16,17,18,19,20,21,22,23,24
0,8.24704139064724e-06,0.0003188157841710569,7.703561104974316e-06,0.0023094297307764775,9.31266462918503e-06,0.00035619827485991977,0.0038154205977614566,0.0018993246896072387,0.009817816940470249,0.966419077046902,8.442163480203971e-07,3.9503402824686665e-08,8.247568393694283e-08,1.1618803802632206e-05,1.3392058048214594e-05,0.002536264424729226,3.2960049372480395e-09,6.409057216031518e-06,0.0037224785490637675,2.337730757177547e-05,0.0001775967002601122,1.2324971974633721e-05,3.2234681980523985e-06,5.0987473090500634e-06,0.008525900088713881
1,4.763256600336876e-06,0.0002065360443379634,6.319973991081223e-06,0.001456005828685221,6.878752061264318e-06,0.0002899826884677806,0.002886139395764989,0.0016067494026776176,0.013906584333725137,0.9660520988750713,4.841804996063489e-07,2.1880058028362174e-08,5.43745384596769e-08,7.890057569657697e-06,1.191708523561795e-05,0.0026538333086942654,1.6935162197121005e-09,2.6875243533190848e-06,0.004482474647064439,1.8060900151861053e-05,0.00012777575511440306,8.107625030789578e-06,1.5331681175192906e-06,2.75824800045521e-06,0.006260341000672813
2,1.0024177124894783e-05,0.0003400561064175787,6.155949322625444e-06,0.001980961765365294,8.039357272850629e-06,0.0004506750055334543,0.004454519715915287,0.0018933604619520545,0.009381299628873782,0.9617741828429104,8.355023292319597e-07,4.0945219784747505e-08,6.628770627610362e-08,1.320788557513758e-05,2.6258674548922648e-05,0.004081448063125456,4.238251532985327e-09,5.989984778502494e-06,0.004393305603175633,2.5333453051546016e-05,0.0002215732696918343,2.028064889705517e-05,5.768739363959685e-06,4.928966318764159e-06,0.01090168272727817
3,8.011396756862097e-06,0.00032552516074041714,7.264346855441418e-06,0.0023227926800193136,8.99813177266364e-06,0.00033667774187816395,0.003667638002924555,0.001855549349856679,0.009219264210861151,0.9672120679002787,8.008998807449224e-07,3.7992091515483234e-08,7.904167129761768e-08,1.1502035701115645e-05,1.3019457499784203e-05,0.0024170428228295834,3.307403602326668e-09,6.437756618576862e-06,0.003615644085644767,2.227103553345364e-05,0.00018012991027011057,1.2351319092844674e-05,3.242690091984463e-06,5.033983433639631e-06,0.008748614740292959
4,7.65553932342386e-06,0.000341344902496867,7.866477432083279e-06,0.0022643203154106505,1.0254791182457325e-05,0.0003586371378409033,0.0036076350833898966,0.0016795081202348185,0.009452557489008596,0.9684574686937256,8.018071477562917e-07,3.869765087370293e-08,9.62940637872545e-08,1.2935842479326413e-05,1.3033565767232013e-05,0.0023152047657453993,3.2771439040857566e-09,6.352000668497138e-06,0.003405510705154857,2.1565508028384088e-05,0.0001669619407282867,1.2238932222178998e-05,3.188586647151186e-06,5.1988628788877826e-06,0.007849620663628203
5,6.48823268637647e-06,0.00031588695935869815,6.140971889480795e-06,0.0027020292888328126,8.73419615074552e-06,0.0002869717557432083,0.003124545220899641,0.0017520656337801151,0.006601859671500707,0.9725138917668512,7.193699552136651e-07,3.264849374499609e-08,7.890333705821245e-08,1.0394027766465916e-05,9.126053022188452e-06,0.001907030658431418,3.1668899281925395e-09,7.689890415870927e-06,0.0026892224535935783,2.118860568975087e-05,0.00017686254524208818,1.0207240744131523e-05,3.3259121627304593e-06,5.352469519881985e-06,0.007840152357042881
6,8.011396756862097e-06,0.00032552516074041714,7.264346855441418e-06,0.0023227926800193136,8.99813177266364e-06,0.00033667774187816395,0.003667638002924555,0.001855549349856679,0.009219264210861151,0.9672120679002787,8.008998807449224e-07,3.7992091515483234e-08,7.904167129761768e-08,1.1502035701115645e-05,1.3019457499784203e-05,0.0024170428228295834,3.307403602326668e-09,6.437756618576862e-06,0.003615644085644767,2.227103553345364e-05,0.00018012991027011057,1.2351319092844674e-05,3.242690091984463e-06,5.033983433639631e-06,0.008748614740292959
7,1.2296189690174989e-05,0.0006276940425150882,1.438262711390027e-05,0.0028552848868116563,9.07277356282005e-06,0.0002897464591879719,0.00712334916095886,0.0023833788782626924,0.01655843921200215,0.9559849598067836,1.5558433384445645e-06,4.388324149740963e-08,2.3492520609214252e-07,1.1292246147559693e-05,1.447472709889193e-05,0.0016330618704893719,4.631261583126379e-09,9.079231629500796e-06,0.003407783963280705,3.8415122898975784e-05,0.0001257393462534301,1.143727282373593e-05,2.609034590709669e-06,1.184078101118572e-05,0.008873823083839409
8,6.014324033186786e-06,0.00024911514756410964,5.95742655213597e-06,0.0023651192649769893,5.471639751343391e-06,0.00012320860835504072,0.002772344306905842,0.0017460094040258984,0.0052111312200811485,0.9723713804187607,2.545891752816087e-07,2.018593233007616e-08,5.356140690975875e-08,7.654767633348091e-06,7.85697505393436e-06,0.001832954038287847,2.97950969800906e-09,3.708788169283121e-06,0.0018891758990739914,1.4934729449240814e-05,0.00013442167237192243,7.227611919559029e-06,2.6855912034759518e-06,6.211919751081154e-06,0.011237084930055548
9,1.4955008731307598e-05,0.000339334435399592,4.098015817195929e-06,0.0016729601562813405,1.8333183088512178e-05,0.0023261413835407186,0.004549522948896927,0.0017210889030517156,0.009156113537719154,0.9533948300609848,3.528359994020245e-06,1.3315337009870903e-07,5.6538728086368376e-08,2.8642159409143442e-05,4.210418233053909e-05,0.007374942783859469,5.211025231101758e-09,1.6119447763433555e-05,0.013019729929888951,2.5026418626869603e-05,0.0005076253333750246,6.662751165305327e-05,1.0975710425884398e-05,1.9348075757660788e-06,0.005705170818463296
10,8.011396756862097e-06,0.00032552516074041714,7.264346855441418e-06,0.0023227926800193136,8.99813177266364e-06,0.00033667774187816395,0.003667638002924555,0.001855549349856679,0.009219264210861151,0.9672120679002787,8.008998807449224e-07,3.7992091515483234e-08,7.904167129761768e-08,1.1502035701115645e-05,1.3019457499784203e-05,0.0024170428228295834,3.307403602326668e-09,6.437756618576862e-06,0.003615644085644767,2.227103553345364e-05,0.00018012991027011057,1.2351319092844674e-05,3.242690091984463e-06,5.033983433639631e-06,0.008748614740292959
11,8.076049649979988e-06,0.0003389310339294349,7.478076865735484e-06,0.002350361049116094,9.048200028359635e-06,0.00033329444014563916,0.0037495404237679873,0.001841193686465263,0.00920609105363459,0.9676280634379264,8.113788461841962e-07,3.8664396576570306e-08,8.971384549458043e-08,1.1739549054220733e-05,1.2736349535985352e-05,0.00233859797956263,3.4356676236764734e-09,6.705020578317487e-06,0.0034524208011278523,2.3306649229234623e-05,0.00017179869067928945,1.2416907322263065e-05,3.276892985352151e-06,5.344766825530205e-06,0.008488635748814094
12,8.761365994149925e-06,0.00032957222462820404,3.835486269931379e-06,0.0026890989976174856,1.6504383460074976e-05,0.0006161398671452429,0.0019736540478124953,0.0010120317534234766,0.001498322183573528,0.9798706399243771,7.10624364811464e-07,8.558054083688798e-08,7.3837882159613e-08,2.8459166038399416e-05,8.277793791535835e-06,0.0031903547571097185,5.952119821817199e-09,1.997347803199979e-05,0.001864567740213288,1.5939460256424245e-05,0.0003089758172677192,2.923145660804617e-05,1.2994458123479525e-05,4.214586578926731e-06,0.006497575056771258
13,1.738682015804585e-05,0.00047949489210578834,1.6694238236672987e-05,0.003258955534049864,1.7529552243844974e-05,0.0005385162047007434,0.005826200204455119,0.0033089794755940564,0.018434165809286623,0.9425516219777288,2.3005441837098904e-06,1.2733442937847376e-07,1.3987501559744791e-07,2.33981167549238e-05,3.037789669956642e-05,0.0034205063973357197,7.941460680553948e-09,9.925865563393359e-06,0.007548650328369466,3.595590111789258e-05,0.00033796337210143337,2.6170975047688442e-05,5.0516965710812785e-06,7.292891610112822e-06,0.014102586155179696
14,7.877978823076978e-07,0.00030909226137210415,1.5356995802564197e-06,0.0008906422998904799,4.499663137081554e-06,0.00013462281552656597,0.0008517522752887254,0.0005304789234893343,0.003649572723827918,0.9906437757744989,2.2597194530627755e-07,3.4213716522613826e-09,4.155481584924369e-08,2.6387032106642198e-06,2.8038599238081833e-06,0.00044587369447080785,6.229131593934805e-10,2.3685174932919728e-06,0.000947457453014191,6.385907893181985e-06,5.318078251885613e-05,3.257860742599432e-06,5.962228729057631e-07,2.149551690411277e-06,0.0015162556406297318
15,8.011396756862097e-06,0.00032552516074041714,7.264346855441418e-06,0.0023227926800193136,8.99813177266364e-06,0.00033667774187816395,0.003667638002924555,0.001855549349856679,0.009219264210861151,0.9672120679002787,8.008998807449224e-07,3.7992091515483234e-08,7.904167129761768e-08,1.1502035701115645e-05,1.3019457499784203e-05,0.0024170428228295834,3.307403602326668e-09,6.437756618576862e-06,0.003615644085644767,2.227103553345364e-05,0.00018012991027011057,1.2351319092844674e-05,3.242690091984463e-06,5.033983433639631e-06,0.008748614740292959
16,4.662086399886145e-06,0.00022549575473295336,2.8151350407732907e-06,0.0015387586511114671,5.052230387314229e-06,0.00021161600081818957,0.002014325929983845,0.001230888777517185,0.003613489860992586,0.9811930584350811,4.0085261078605937e-07,2.183520440343614e-08,3.77115733880145e-08,6.65565927216811e-06,6.554635910639765e-06,0.0019378140475759542,2.3409553842619656e-09,5.776256328524707e-06,0.0023378798392785383,1.2105241775858565e-05,0.00018935637083318844,9.219395492434384e-06,2.386865101377522e-06,3.1154186525081573e-06,0.005448510667369392
17,9.727758764708904e-06,0.0003322018703666217,8.258398836454754e-06,0.003798606722716244,1.1100941190856421e-05,0.0003235591734234246,0.0037954624915923284,0.001925704860095186,0.00592605262914157,0.9670115640840612,7.815702442015774e-07,5.795669924186332e-08,1.0658131457262465e-07,1.9301937225703398e-05,9.274774892142641e-06,0.0025120765875808367,4.237080208327667e-09,1.0069840977681446e-05,0.0029635708692010896,2.593622925645032e-05,0.00021699736230036362,1.2849552475996165e-05,5.3819391325786245e-06,5.848344548096341e-06,0.01107550328688225
18,1.785853288154674e-05,0.000435467576113671,8.052566396061708e-06,0.0025476678214834776,6.4787486008309914e-06,0.0001850626581740109,0.004287096582813672,0.002168554863978837,0.005495201542601278,0.963459378097703,6.137463133546262e-07,7.067669646618786e-08,9.689560253688671e-08,1.2505929966354698e-05,1.0530809803850708e-05,0.002123985911328991,8.135823492519457e-09,1.2893747563080664e-05,0.003001291956152591,2.1773830919411127e-05,0.0002173390499330645,2.0538799970612616e-05,4.112180080951683e-06,9.430581897052183e-06,0.015953988757201915
19,5.167230826638275e-06,0.00028935851599471975,1.1026679315773146e-05,0.0022824028099925234,1.3652182642064615e-05,0.0002862530175816398,0.00250435140415511,0.0018661131088831828,0.012170977863801578,0.9688154213611562,6.849843330272505e-07,4.31070329712319e-08,1.1001518627126382e-07,1.2290461518772563e-05,9.691834116147655e-06,0.0016705201321407833,2.9519416029490413e-09,4.547940939520762e-06,0.003250486226673516,2.093747725337742e-05,0.00013366302918775989,1.028768179080719e-05,1.7798951465332096e-06,4.5003752222781735e-06,0.006635729713167284
20,5.462388874646255e-06,0.00030684025115104946,5.455034977176959e-06,0.001760424771753717,8.684978649766393e-06,0.00022414207452383205,0.002388618706597751,0.0023698620053947536,0.00851870072454743,0.9713901718373293,5.429342270041589e-07,3.150658440407282e-08,5.8020091390450946e-08,8.487355869902969e-06,1.4184760387358418e-05,0.0018774392513275513,4.135826317678752e-09,4.697092005097399e-06,0.003832140761604587,1.7788408824895534e-05,0.00018199794684912185,1.828896046407826e-05,2.5980501898821583e-06,4.538574672540974e-06,0.0070588394672766236
21,1.1493271634618573e-05,0.00023233304572699772,8.296097828895106e-06,0.0024618604769305772,8.387439726774503e-06,0.0004106188125854789,0.004668994319120358,0.0015785786565710367,0.0062295780314321975,0.968890934774938,7.923272308631243e-07,6.529793938687001e-08,1.0178457234443834e-07,1.4351127368897839e-05,1.0091251357676745e-05,0.004178190409475271,3.3446811263232334e-09,7.969714144159967e-06,0.002940211251957023,2.8513498337472016e-05,0.00019030196465084865,1.021729192919786e-05,4.4246473774696766e-06,5.151849767064901e-06,0.008108539312715974
22,1.1093545710572395e-05,0.0003106256249287098,8.048275003343195e-06,0.002375625505677826,1.0060135270420648e-05,0.0004521759264275246,0.003995466001378031,0.002139958426900734,0.007734901332569291,0.9670671179058342,1.213199297454569e-06,6.042981093105898e-08,7.989904905834944e-08,1.2804882632324126e-05,1.425423249986747e-05,0.003436970294744574,5.1945629981905424e-09,1.0877509200333894e-05,0.0039041560074674795,2.8522845117554496e-05,0.0002716526005595238,1.7310850156723196e-05,4.555579810411471e-06,5.834391483247616e-06,0.008186629403906527
23,8.011396756862097e-06,0.00032552516074041714,7.264346855441418e-06,0.0023227926800193136,8.99813177266364e-06,0.00033667774187816395,0.003667638002924555,0.001855549349856679,0.009219264210861151,0.9672120679002787,8.008998807449224e-07,3.7992091515483234e-08,7.904167129761768e-08,1.1502035701115645e-05,1.3019457499784203e-05,0.0024170428228295834,3.307403602326668e-09,6.437756618576862e-06,0.003615644085644767,2.227103553345364e-05,0.00018012991027011057,1.2351319092844674e-05,3.242690091984463e-06,5.033983433639631e-06,0.008748614740292959
24,4.188615239058084e-06,0.0003040892892923861,5.1252663361272215e-06,0.002497319254631919,9.083845885724595e-06,0.00025831328792231856,0.0022163150078236336,0.0013648190278383674,0.005874974849780468,0.9769212723429617,5.298671451759065e-07,2.6534190783912292e-08,7.652984014059205e-08,1.1134597319000436e-05,6.793719247950525e-06,0.0015217129487246836,2.187551531996334e-09,5.614819368842979e-06,0.0025636601396854504,1.750098138734738e-05,0.0001443449857848992,8.56785760194393e-06,2.401025037204634e-06,3.4499035662164523e-06,0.006258683115837111
25,6.509275522720335e-06,0.0003083336968437121,5.821133383850196e-06,0.0017927433514327376,8.344376900917984e-06,0.0003557656004555002,0.002831198175783699,0.0013471561502977876,0.008948231700720831,0.9703554436997222,5.980967622955135e-07,2.837993790762896e-08,6.093744267192878e-08,1.0297957292760722e-05,1.3169761328953369e-05,0.0022504347793303736,2.543693198393689e-09,5.182980689249684e-06,0.0031835348013467273,1.6072444923952635e-05,0.00015848827452062192,1.1439424025213653e-05,2.7541810576861492e-06,3.989439588183947e-06,0.008384398836996255
26,1.819016301509317e-05,0.0004464786254774007,1.3192424267567965e-05,0.0029517172645366816,8.533018427633955e-06,0.00023311883806403398,0.005457845484130265,0.0029814085304369145,0.010555703476818062,0.9614543779901968,1.0194517847591268e-06,5.396791430116422e-08,1.6034196351637746e-07,8.62290320515069e-06,1.1335946020114282e-05,0.001822082941352799,8.14265377350658e-09,1.3607171144315356e-05,0.0025941143055213064,3.1238591635217585e-05,0.0001592068940684636,1.3686458660917571e-05,3.5520764503901702e-06,1.7150778154600787e-05,0.011203594214100157
27,7.269103082578618e-06,0.00028823340650588575,6.174173360785759e-06,0.001592334288154075,6.6309680826625455e-06,0.0003273712448505589,0.0031171882022388527,0.0019325724350932145,0.01290993145869384,0.9634127883363214,5.828340357568216e-07,2.6729751015865134e-08,5.40571146025014e-08,7.972017713927153e-06,1.7013245745816086e-05,0.002597930186354294,2.8520826788372735e-09,4.450157953283145e-06,0.0039517420953568486,2.1726944314768957e-05,0.00014740714788132983,1.4615911730918081e-05,2.458249965370919e-06,4.119679397363046e-06,0.009629404274218241
28,8.011396756862097e-06,0.00032552516074041714,7.264346855441418e-06,0.0023227926800193136,8.99813177266364e-06,0.00033667774187816395,0.003667638002924555,0.001855549349856679,0.009219264210861151,0.9672120679002787,8.008998807449224e-07,3.7992091515483234e-08,7.904167129761768e-08,1.1502035701115645e-05,1.3019457499784203e-05,0.0024170428228295834,3.307403602326668e-09,6.437756618576862e-06,0.003615644085644767,2.227103553345364e-05,0.00018012991027011057,1.2351319092844674e-05,3.242690091984463e-06,5.033983433639631e-06,0.008748614740292959
29,8.011396756862097e-06,0.00032552516074041714,7.264346855441418e-06,0.0023227926800193136,8.99813177266364e-06,0.00033667774187816395,0.003667638002924555,0.001855549349856679,0.009219264210861151,0.9672120679002787,8.008998807449224e-07,3.7992091515483234e-08,7.904167129761768e-08,1.1502035701115645e-05,1.3019457499784203e-05,0.0024170428228295834,3.307403602326668e-09,6.437756618576862e-06,0.003615644085644767,2.227103553345364e-05,0.00018012991027011057,1.2351319092844674e-05,3.242690091984463e-06,5.033983433639631e-06,0.008748614740292959
30,8.011396756862097e-06,0.00032552516074041714,7.264346855441418e-06,0.0023227926800193136,8.99813177266364e-06,0.00033667774187816395,0.003667638002924555,0.001855549349856679,0.009219264210861151,0.9672120679002787,8.008998807449224e-07,3.7992091515483234e-08,7.904167129761768e-08,1.1502035701115645e-05,1.3019457499784203e-05,0.0024170428228295834,3.307403602326668e-09,6.437756618576862e-06,0.003615644085644767,2.227103553345364e-05,0.00018012991027011057,1.2351319092844674e-05,3.242690091984463e-06,5.033983433639631e-06,0.008748614740292959
31,5.941135982631545e-06,0.0003106929637651863,7.985711000599071e-06,0.002640132392069026,8.833517548488832e-06,0.00012095933459582281,0.002318957448534692,0.00252944212768349,0.006295459672319914,0.9746208566513228,3.7731762297704414e-07,3.036816084510466e-08,9.187728115626654e-08,8.177649617914677e-06,5.220171712320387e-06,0.0011759795148189554,3.707829976392381e-09,5.9213864462790795e-06,0.0024246616308225707,1.8659630428846424e-05,0.000128512758461465,8.723241943071434e-06,1.7485332657551514e-06,7.2408928578654705e-06,0.007355390363907201
32,7.758938895632848e-06,0.00031716374846137136,6.997521554774773e-06,0.0021116404490825373,8.862206253505337e-06,0.0003284723380701944,0.0034841850008303582,0.001889494363636828,0.010053559931787968,0.9663580502713881,7.514699424602325e-07,3.64103397533115e-08,7.299539293297334e-08,1.1134426905792947e-05,1.4031645617154076e-05,0.002458568613418196,3.2636018681292116e-09,5.695916464079466e-06,0.004109978228553492,2.087207871363383e-05,0.00018226361912987682,1.29682229455897e-05,2.944687585988114e-06,4.586451523683935e-06,0.008609907199904506
33,7.709789053464938e-06,0.0005180184372690552,3.5028284765458968e-06,0.0018738877994608813,1.1597573833513797e-05,0.00029289995020451685,0.0023218698572309284,0.0018190878088540398,0.0026726113882993017,0.9813390831396259,6.231155137659993e-07,4.870683803037317e-08,1.0709641087854403e-07,1.5369245415227482e-05,9.086691568477653e-06,0.0018947952937473829,6.699822354284513e-09,1.197841371534082e-05,0.003093671008217836,2.087794907305907e-05,0.00016841787704377674,4.155692409421844e-05,5.29586378856547e-06,5.065458534791501e-06,0.003872831083908157
34,1.2686077360804034e-05,0.000349469780653053,1.17598125302094e-05,0.0013741548858807284,7.590521686609638e-06,0.00036620609045518067,0.004968724774503559,0.002112485170662138,0.04436653743665946,0.9221305026687998,7.771523325247955e-07,2.842075824799171e-08,7.66392825481717e-08,9.368655198252106e-06,2.8482029040199213e-05,0.0025698743125281568,2.430867058465944e-09,3.100293308542851e-06,0.008320637923655503,1.7809913324674277e-05,0.00013794190287952314,1.1001503844621146e-05,1.2966813583011087e-06,4.626728427527245e-06,0.013194858194002812
35,7.0357323186481724e-06,0.0003801622906064893,1.0245750964246604e-05,0.002953728306066019,2.163706313199147e-05,0.0011931934083293716,0.005919195908121256,0.0012425112623182907,0.008472966234394261,0.9608597936674768,2.032848840425669e-06,5.532632114596665e-08,9.494121545316472e-08,3.3380612148816163e-05,3.783369317870868e-05,0.00701789475804051,2.985968151685849e-09,5.631782091840187e-06,0.004240490265000313,3.111220722100228e-05,0.000308000634925548,1.5755859581142465e-05,1.1833883805707916e-05,4.275701038698115e-06,0.007231134876895336
36,1.1338365117488937e-05,0.0002727302437391851,1.3770626196340092e-05,0.0020149778354566334,1.2656014719306058e-05,0.0001368909527986236,0.002452739763159374,0.003372972551084208,0.014619121822741886,0.9527737909715287,3.624321966960598e-07,9.536984273559256e-08,9.075152804773594e-08,1.4623745140299375e-05,1.5082792026109898e-05,0.002117351263415546,7.91078126545146e-09,3.1856892640519776e-06,0.007145254531681026,1.541980404960609e-05,0.00019407529299500121,2.0662456496171016e-05,1.6292291222554526e-06,5.093927150565906e-06,0.014786075657768802
37,4.3363063476526395e-05,0.0005895742396063464,1.72639230902446e-05,0.003683223619398235,1.2181975558516984e-05,0.0004294059138357694,0.009567933405029354,0.002810030889645547,0.009301065789677019,0.9469095393524405,1.741742609175341e-06,1.35623851660095e-07,1.8740221944582653e-07,2.6613878393937154e-05,1.672946385662518e-05,0.003980337740059887,9.06424079134169e-09,2.0758398322588987e-05,0.005425764367975304,3.877664865293091e-05,0.0002772344794695389,2.3580150670320104e-05,6.349920242760128e-06,1.323076649683278e-05,0.016804968181180442
38,5.807897927364792e-06,0.00032237351708372695,7.389577319576575e-06,0.0026487295281567755,9.425702452000654e-06,0.00022413511045636512,0.0026360462102842097,0.0020387417606279132,0.008926475205978522,0.9696000324947628,6.021078467525434e-07,3.3312467188291236e-08,8.183190653002964e-08,1.0238696111563765e-05,9.118432441172315e-06,0.001569735519405708,3.234453968087579e-09,5.5718122153090075e-06,0.0031500492214045317,2.039871323507898e-05,0.00015599899241695037,1.0411297667540321e-05,2.310669479150148e-06,4.887342877818256e-06,0.00864140181102136
39,5.50760378466756e-06,0.00012075966510263722,6.12247382226825e-06,0.0021399296276889326,9.362819798139652e-06,0.0003492024759802182,0.0022999595888051304,0.00230582515210879,0.00691587685269261,0.9701882869794765,5.572864135278304e-07,4.506680984667411e-08,3.702966807723692e-08,8.71676522238656e-06,9.455363875616768e-06,0.004250936730012191,2.6840596739935104e-09,4.488488819801464e-06,0.004069488193251086,2.1893925554019272e-05,0.0002686736397612129,8.893222449468225e-06,3.02422293374546e-06,2.9100833744850627e-06,0.007010044058535002
40,2.9957119266468732e-05,0.0006263394158203575,1.1896965413354325e-05,0.0019316208150700696,1.408774208936684e-05,0.0006558418018992072,0.006093841461947733,0.0021317416627757717,0.013549333462177056,0.9445874636491665,1.6074603982483166e-06,1.0920421965084732e-07,9.835677803039547e-08,2.7714383387909665e-05,3.8954239791276855e-05,0.0044806555066537745,8.314246828363873e-09,1.2073066099771525e-05,0.008573939829349033,2.3073633561940477e-05,0.0003453349105993683,4.559942878130934e-05,5.907296784746808e-06,6.860038237286207e-06,0.016805940235484842
41,2.9843316843673066e-06,0.0002107886298225986,7.64230707387627e-06,0.001287757333516899,1.0241516165254404e-05,0.00033145755782754653,0.0017688182481427072,0.0011500775871364163,0.01945657975840531,0.9637638323833085,3.542895938032227e-07,1.3113218369505252e-08,4.4286374762868164e-08,7.672349946780875e-06,1.4946854184388554e-05,0.001973559371017846,1.113842007019123e-09,1.5843052182072483e-06,0.0031327608377754823,1.1174962695433916e-05,0.00010519964859212983,5.554677298576561e-06,1.0974367359908937e-06,2.673580084509969e-06,0.006753183520337932
42,6.702403230170766e-06,0.00022400774449291905,4.745824006445401e-06,0.001204925097293052,5.945545950394328e-06,0.00023018298944982654,0.0028500008952857085,0.0031996971128539263,0.009434902486248904,0.964753603773827,5.113138459344457e-07,3.104956033454994e-08,3.097338012672074e-08,6.411401480293632e-06,1.967964288997092e-05,0.004127784673769129,4.238084800681349e-09,3.1570093753090834e-06,0.007147092714947511,2.3419037796790485e-05,0.00022640076079398006,2.5569424532286297e-05,2.524115944266622e-06,3.146752061483036e-06,0.006499523018899689
43,0.0026438405220141122,0.00804690886735797,0.0021816699050303647,0.03252555914417867,1.972936101144904e-05,0.0003411954983433269,0.5314575820663991,0.0035251273994065372,0.0682575639703579,0.12042134850765226,6.504976328720568e-05,4.657657312862133e-06,2.891782519162453e-05,0.0007304332748801511,4.574998616350304e-05,0.0014482803486953963,4.599490552043693e-08,0.00017051305670597993,0.005233294628559611,0.0006908319889612721,6.985578020781986e-05,2.2866221680909826e-05,2.280279503208039e-05,0.0002745808609876915,0.22177159457567666
44,8.011396756862097e-06,0.00032552516074041714,7.264346855441418e-06,0.0023227926800193136,8.99813177266364e-06,0.00033667774187816395,0.003667638002924555,0.001855549349856679,0.009219264210861151,0.9672120679002787,8.008998807449224e-07,3.7992091515483234e-08,7.904167129761768e-08,1.1502035701115645e-05,1.3019457499784203e-05,0.0024170428228295834,3.307403602326668e-09,6.437756618576862e-06,0.003615644085644767,2.227103553345364e-05,0.00018012991027011057,1.2351319092844674e-05,3.242690091984463e-06,5.033983433639631e-06,0.008748614740292959
45,7.4214296395033775e-06,0.0003755546547493863,4.247490765778775e-06,0.002851937026410957,7.190773019997242e-06,0.000340034736731774,0.0022821713714019924,0.0011174786826476796,0.0042170311512811556,0.9725371123871275,7.031037339304842e-07,3.7841260422459255e-08,5.600295933469158e-08,1.2646172459230526e-05,7.618289040716072e-06,0.0018231451553469673,3.241308567989965e-09,1.2732127124101621e-05,0.0023607632634800057,1.704677058826522e-05,0.00024635643786827136,1.180404877011702e-05,4.165006618218468e-06,3.8065730942278766e-06,0.011758936262571707
46,2.1473045216362964e-05,0.0004665664863838104,1.0461261612269386e-05,0.0038133631002937062,1.0676599680773745e-05,0.00015437696505537886,0.003374644566731236,0.005723556360336342,0.0060584550329586435,0.9605322789799977,1.0236952822708041e-06,1.315973874688941e-07,1.412335439785142e-07,9.827045089074748e-06,1.3788815471644625e-05,0.0019047390967609202,3.0097341594991313e-08,1.6756331276607136e-05,0.0038343193594663934,3.651475847667162e-05,0.0003240671030053306,3.705391653609661e-05,5.5165126194329064e-06,1.6374895176559804e-05,0.013633863144299551
47,6.2117054243047976e-06,0.00030896878492592044,6.9896275640406555e-06,0.0023968061438373834,9.50201641970889e-06,0.0003296573804354345,0.003337837188524853,0.0017354865580028974,0.009449908980240805,0.9686104816298046,7.542014448716089e-07,3.104522469471363e-08,7.551627511460867e-08,1.122662655994325e-05,1.2175911933631644e-05,0.002157966691186974,2.7437269408033926e-09,5.519830450147045e-06,0.0033783608413215436,2.0293768564808143e-05,0.0001686776733955477,1.019272715205507e-05,3.006475172608773e-06,4.607096597436291e-06,0.008035258835813696
48,9.538744433501665e-06,0.00026808083739432415,1.5064007840668792e-05,0.0035834582609441663,1.4981122751794431e-05,0.0009017139763045297,0.004557117130440751,0.0015065354463058985,0.01610725932174385,0.953007548179748,1.743761299774145e-06,6.217593551593704e-08,9.845779061964063e-08,1.8056158040765165e-05,1.5753168995937917e-05,0.0036713323734603484,2.1964830353607217e-09,9.468557005802162e-06,0.0030177589988643083,3.414844731538211e-05,0.00022768252511845563,7.79258285618938e-06,4.354769769388129e-06,5.165304612305861e-06,0.01301528349454488
49,8.912860052990503e-06,0.0002963799391802452,8.937356624457046e-06,0.002460421606873968,1.2899345009111386e-05,0.0005182312371493778,0.0033554532204524683,0.0019807257658592614,0.009269976179951641,0.9668025975106591,1.101452097796913e-06,7.154951175802472e-08,9.773638784650054e-08,1.555906977860232e-05,1.4018984664604345e-05,0.0030568919038114115,4.168704969414099e-09,8.701014512507861e-06,0.003906478078565702,2.9241832046776486e-05,0.00021642980147394306,1.775222250963406e-05,4.070563130221046e-06,4.513171585279994e-06,0.008010533429406422
50,3.0144036016281664e-05,0.0007882457180222969,2.6741915519576437e-05,0.008208159481828604,3.1672845235634804e-05,0.0010342110102075782,0.005645664668059915,0.004132703895294858,0.015275608120474762,0.9310426895695012,6.991865097658041e-06,3.2186615555371347e-07,2.5582451042622293e-07,2.8535665986366936e-05,3.8515130392131425e-05,0.0029578276903450234,2.3161576985783015e-08,4.545348778667542e-05,0.00413299615727874,6.796109064773294e-05,0.0006989025888045898,3.087816181002627e-05,1.5362416660120116e-05,1.9587333118041202e-05,0.02574054629966913
51,9.104933616836943e-06,0.00031095025309548017,8.528863936900823e-06,0.002147357589357561,9.588514030830654e-06,0.00040727748903995957,0.003901433091536873,0.0018626010568852948,0.011299737398027363,0.9623790807329136,8.259881271558439e-07,4.112445900738184e-08,7.514790920626494e-08,1.1780022865605516e-05,1.7447606358577455e-05,0.0033027556212645802,3.4861851003244236e-09,5.447744782889688e-06,0.004041002382096635,2.478694527528843e-05,0.0001831408372444872,1.3123147284048311e-05,3.555346063905726e-06,5.114043635609101e-06,0.010055240634007253
52,3.780070687821868e-06,0.00027384305784162636,1.676488715330733e-05,0.0035969784520859254,1.6115031498361574e-05,1.4950339877621357e-05,0.0015392999548704592,0.009094362747313069,0.013107881509623626,0.9284243010559213,1.4020149341444442e-07,4.56087173774465e-08,2.758299885116149e-08,1.1564463163416846e-05,1.2936057229316402e-05,0.0010982952782953549,7.550944606734325e-09,3.65468560232408e-07,0.01790166151258268,6.707708092043599e-06,0.0003348986813050425,9.07282918568062e-06,6.423871515258031e-07,3.938630595482517e-06,0.024531418932811844
53,1.7079299571312225e-05,0.0004276623057936005,9.659222601498983e-06,0.002618543083331056,4.618889143599367e-06,0.0005911330655747493,0.016210876627646295,0.001986614114984427,0.015346351473715521,0.9409558303136529,1.96800860967967e-06,3.319503186967875e-08,1.23983446159306e-07,1.1668020844690568e-05,3.0152126603845343e-05,0.005521290627395867,3.3459926919158174e-09,9.354122840446883e-06,0.0037805234281880155,5.713846954544822e-05,0.00015973001875522664,1.2965356851054347e-05,8.387512686314956e-06,9.636357916556807e-06,0.012228657029277144
54,8.844634436817357e-06,0.0003429010042904969,6.779716287909205e-06,0.0018812047273884505,6.330888777962494e-06,0.00031312660069757946,0.004368422081793635,0.001331218268939882,0.009047236501646358,0.9654909704715985,5.680536153418655e-07,3.1823458057607915e-08,7.368386029613968e-08,1.2581407550799966e-05,1.3802863684506574e-05,0.002926537001376374,2.4065008576182898e-09,4.820663444777158e-06,0.003473426918685948,2.0671044232178717e-05,0.00014451388274311014,1.1367149224350163e-05,2.980031433126896e-06,4.214107717628018e-06,0.010587374066615068
55,1.7753114126466714e-05,0.0004687893505162097,1.752446959620173e-05,0.003476347709451338,8.42569148381649e-06,0.0002839313183041539,0.0056141929764378685,0.002513680101126208,0.01967823308456933,0.9461936869206975,1.1839711843979463e-06,8.314480555281775e-08,2.2815036642333298e-07,1.2307703219126004e-05,1.0075256487544451e-05,0.0015947253147074593,4.6534079394372466e-09,1.2335358098158712e-05,0.0035352869756151246,4.122132447092328e-05,0.0001325937373967168,1.0775095728124484e-05,2.037107089358306e-06,9.613978460676656e-06,0.01636496349265305
56,8.130135959114725e-06,0.00034708966305827525,7.75719752921463e-06,0.002328123500843845,9.31863920423151e-06,0.00033052175424994306,0.003724711237649738,0.001878919799804966,0.009696847653202082,0.967217097980967,8.223164215567145e-07,3.8824813671526174e-08,9.30499713572713e-08,1.1615774609982375e-05,1.3006712014937707e-05,0.0022806514350098162,3.5235600300757963e-09,6.626052649397818e-06,0.0035410434250313276,2.330461666595178e-05,0.00017017131873253686,1.2464332326719393e-05,3.145149613490887e-06,5.496922645838949e-06,0.008382998983464939
57,4.824065297738214e-06,0.00019161240467049356,8.851642957218562e-06,0.0016148345676075893,1.2362907529868476e-05,0.0001931999491280518,0.0014444466170000665,0.002453649217609283,0.010887548960906941,0.9693689705446846,3.926964566654241e-07,5.5814096642240025e-08,6.15438408887632e-08,9.535858920094238e-06,9.07450911359313e-06,0.001992338654695022,4.036984384770136e-09,3.093114004628862e-06,0.005000566643474332,1.6278321028009655e-05,0.0001785473588099656,1.4069179492750246e-05,1.2088087431333876e-06,2.906817342322131e-06,0.00659156576560541
58,8.281606627179673e-06,0.0003476425039941618,7.512101725079578e-06,0.0023144618753263846,8.794310094919793e-06,0.00029763736759784855,0.003770613563956625,0.0019179679268292074,0.008677741666805829,0.9684374169244974,7.839371656738141e-07,3.7011056336466485e-08,8.667372104620043e-08,1.0712265591500925e-05,1.2545704794936767e-05,0.002204499493955507,3.777466132382928e-09,6.924923069568055e-06,0.003228058258782237,2.1933578257304963e-05,0.0001749914275552743,1.2422724556717603e-05,3.324504770059207e-06,6.193817018237997e-06,0.008529412054784778
59,8.948382997867922e-06,0.00034106397384247244,9.140182780417626e-06,0.002502652891497358,9.11258895132317e-06,0.0002871028396392324,0.004041421839298049,0.002116563442670977,0.009123180749725571,0.9668869088084684,8.202704893243108e-07,4.040097035591068e-08,9.473860743986712e-08,1.0707434556538592e-05,1.2185780720645531e-05,0.0023148843948015505,4.0230869050755425e-09,7.409318040180898e-06,0.003072429356015315,2.513284232142136e-05,0.0001768961326899694,1.1742827513327903e-05,3.2989457868499854e-06,7.298169864031813e-06,0.009030959664664419
60,8.011396756862097e-06,0.00032552516074041714,7.264346855441418e-06,0.0023227926800193136,8.99813177266364e-06,0.00033667774187816395,0.003667638002924555,0.001855549349856679,0.009219264210861151,0.9672120679002787,8.008998807449224e-07,3.7992091515483234e-08,7.904167129761768e-08,1.1502035701115645e-05,1.3019457499784203e-05,0.0024170428228295834,3.307403602326668e-09,6.437756618576862e-06,0.003615644085644767,2.227103553345364e-05,0.00018012991027011057,1.2351319092844674e-05,3.242690091984463e-06,5.033983433639631e-06,0.008748614740292959
61,9.023002502803188e-06,0.00035711864132186255,9.973926259800598e-06,0.0025400329308728343,1.0083231834246445e-05,0.0003155481421592812,0.004034934020383631,0.002105283156608484,0.01030928081745362,0.9648254663026297,9.060639757950512e-07,4.4570167954578436e-08,9.839419316340566e-08,1.1936950677601336e-05,1.3251991169956554e-05,0.002373911665421906,4.0001698825858445e-09,7.160003098072128e-06,0.003450932872755296,2.5778824920516698e-05,0.00018388341137631645,1.2360476015549987e-05,3.209338655652633e-06,6.737539963753645e-06,0.00939303972541234
62,8.011396756862097e-06,0.00032552516074041714,7.264346855441418e-06,0.0023227926800193136,8.99813177266364e-06,0.00033667774187816395,0.003667638002924555,0.001855549349856679,0.009219264210861151,0.9672120679002787,8.008998807449224e-07,3.7992091515483234e-08,7.904167129761768e-08,1.1502035701115645e-05,1.3019457499784203e-05,0.0024170428228295834,3.307403602326668e-09,6.437756618576862e-06,0.003615644085644767,2.227103553345364e-05,0.00018012991027011057,1.2351319092844674e-05,3.242690091984463e-06,5.033983433639631e-06,0.008748614740292959
63,8.327595390839272e-06,0.00037773750738391603,7.278030923681648e-06,0.002235822655206404,8.494602459138882e-06,0.00031932558440121446,0.003784807495728914,0.0018443049046178613,0.00968382174318467,0.9668543094996024,8.225214265320366e-07,3.5651954267774834e-08,8.616028682084923e-08,1.0892392960030736e-05,1.3704951998869962e-05,0.0022058470977118732,3.5239323085979777e-09,6.681001846978331e-06,0.0035512528161774264,2.2742112997781176e-05,0.00017131341746922326,1.3019151549833677e-05,3.1040426515343457e-06,5.573024442658124e-06,0.008870692513694928
64,7.689179884129341e-06,0.0003098055666777748,6.53843503891029e-06,0.0022522887559513543,9.325399631451337e-06,0.000326567775643221,0.003199146895828542,0.0018895561558021237,0.008112966080693201,0.9682768462475115,8.207129028028721e-07,4.009524188820408e-08,6.198601989328427e-08,1.1042986481652537e-05,1.3767542814124563e-05,0.00246988968446017,3.6531415095041647e-09,6.691284501911157e-06,0.003858471814305379,1.8797457650211086e-05,0.0002472469527432527,1.270217674353019e-05,3.3504224822384497e-06,4.821550290116304e-06,0.00896156118755915
65,3.974380900880346e-06,0.00010710560148057051,4.007351989883125e-06,0.0025651458052100094,2.0783040622284752e-05,0.0010935833394871545,0.00117587288967296,0.0007861528279772996,0.00210680803123629,0.9790643095620299,7.111285555134825e-07,9.314043813777049e-08,3.502571952288407e-08,2.564481723529136e-05,5.833098273674446e-06,0.005018412332743676,1.994390975630221e-09,1.0849029249425253e-05,0.002494259482595782,1.5097454106011696e-05,0.0004083715116388445,1.1560397044501558e-05,6.318682184694271e-06,1.2444544065151027e-06,0.005073824620810259
66,6.19491879683964e-05,0.002800957664262632,1.4776305582366767e-05,0.008494071633263095,2.6379938319424597e-05,0.0008748577110752213,0.0109181780862515,0.003215526325257793,0.007663357547891836,0.9002423679166418,8.985909953254087e-06,1.5948272944166672e-07,1.372248426521512e-07,4.323239403583625e-05,0.00012376491574839528,0.0020720691535123163,4.5726934266467184e-08,9.336062257973809e-05,0.0034005009072344285,2.4474205516687446e-05,0.001401194364366059,7.829982438519882e-05,5.962221974221396e-05,5.410544387472455e-05,0.05832762528803094
67,1.3179561514810769e-05,0.00030644105912799635,1.224394325581865e-05,0.004551316535989027,1.2272284629377695e-05,0.0015000818830365724,0.008908301272345636,0.0011665215525138424,0.006207528773252023,0.9463082324916188,1.9548220933620065e-06,1.020745163343524e-07,1.3083942961560737e-07,4.237793070575638e-05,2.5608167865674485e-05,0.012105813312260384,3.473573061573722e-09,1.3626747540701982e-05,0.0029876142711173707,7.714156390455527e-05,0.00030861352960884924,1.5628947036409065e-05,2.3516485204542444e-05,4.874165562805078e-06,0.015406874312296676
68,3.365044037475389e-06,0.00022469319489754758,8.26028830308499e-06,0.0014467862060752157,1.1431892456627669e-05,0.00013971558169981158,0.0022559344330479285,0.0019560145056058396,0.016046519658534555,0.9653175282993293,2.6180608331677795e-07,1.73561937500893e-08,6.192747346355209e-08,1.0565022098198622e-05,9.811279338511726e-06,0.0015112635914099521,1.4760413636596653e-09,1.1567464263412051e-06,0.005877645278882654,9.509718329639218e-06,9.233675582004389e-05,6.920356709950472e-06,7.595060515774429e-07,2.6438749693162596e-06,0.005066796200184791
69,1.1544168373264692e-05,0.00042970245170392097,6.537064463193753e-06,0.0018194292712028568,1.825539868807288e-05,0.0008840704794087878,0.0041982811102226425,0.001438191042859656,0.010461791009085388,0.963927888947073,1.5118256497267937e-06,6.263470700785558e-08,8.351802986659983e-08,2.53344135393277e-05,2.6363056533874402e-05,0.0033559239105920274,3.719929401872334e-09,7.723669354485413e-06,0.006379807366582188,1.4898948953939671e-05,0.0002527534816001402,2.7618781711743705e-05,5.423965786797371e-06,3.5845699283021897e-06,0.006703215194020237
70,3.4436228346128736e-06,0.0002675286445612985,2.401944549093195e-06,0.0014777409646820133,4.639761356580577e-06,0.0001318627670840846,0.002364689054541052,0.0031593670461332727,0.007972901956356103,0.9763401002578385,5.451867672816035e-07,1.0605850929372083e-08,3.753625764817908e-08,2.4437155824738162e-06,9.408909784286232e-06,0.0010040312089280815,2.880042371647842e-09,3.674415611258533e-06,0.0035855723740118146,1.3703035892522448e-05,0.0001288466805274257,9.523154866738201e-06,1.5105932322817945e-06,4.892250361222331e-06,0.003511121432346793
71,2.2255354604437003e-05,0.00038107939152542795,1.0997331875049475e-05,0.003658544143449657,7.210376910774149e-06,0.0004089120499409896,0.01029730255967488,0.0034395782656365635,0.009408683410788772,0.9490582811802887,1.7297448553389793e-06,7.857619134597195e-08,1.2775053952424908e-07,1.4613631095459053e-05,1.851864504923765e-05,0.0050085216009367675,6.891326129085161e-09,1.5063889849561513e-05,0.004851584049615825,5.9442554489935695e-05,0.0002731979139700174,1.8783014249261276e-05,8.021733851268934e-06,1.0475540079445949e-05,0.013026990399205655
